,0,1,2,3,4,5,6,7,8,9,10,11,12,13,14,15,16,17,18,19,20,21,22,23,24
0,0.0008541311676103082,6.6333254376392654e-06,6.142618908071076e-05,0.0011872251746673328,0.004770990415652375,0.5438709434376697,0.0018985522320582,0.00012255459522971746,0.10017422408260418,6.658442298391471e-05,0.03887565232825208,0.00021761084228689393,2.3565034246074293e-07,0.0011933577491624696,0.038662942979809115,2.1824955560408784e-05,0.0004332782503187195,0.0004189908592082553,0.0003198602370989165,6.015387534060796e-07,0.00013260280803204742,2.4341345420047833e-05,0.2533449746980483,7.91247329539544e-05,0.013261335981758826
1,0.00017857638724691637,1.8347235012534212e-06,2.487192620446559e-05,0.0003017494044741329,0.001014520339839751,0.59896257169716,0.0007495474553240357,5.3244225073468e-05,0.24184299985846525,0.00012498273003476546,0.009611251183844321,3.184588463917981e-05,1.0761848484867343e-07,0.0011559104832467074,0.025817733319782193,8.217910854689131e-06,3.332144737974265e-05,0.00023468276522190947,0.0002405898225293741,5.566723308947874e-07,5.166678440927988e-05,1.5994846722846385e-05,0.11189056766726635,3.361090422301112e-05,0.007619043941740608
2,0.0004907140213413655,2.290983050140345e-06,2.0931876600615172e-05,0.0004286143424273487,0.0008754757480439969,0.7237174093792237,0.0009801776669948192,6.171349476702392e-05,0.10231476125970261,5.91127163865676e-05,0.01766830730394904,4.4572845240610575e-05,1.5467585133538179e-07,0.0004742082979883773,0.01732271162710052,7.133182793331487e-06,8.417007920366533e-05,0.00032841094079217757,0.00032170879861422036,2.4981347359104126e-07,6.313207022269534e-05,2.1888559419430428e-05,0.13069126847295248,2.5817849167064417e-05,0.00399506399469329
3,0.0002780234210835057,2.6708392376898108e-06,2.4251609689049767e-05,0.00036049970468809625,0.0013953092722318746,0.614255730501393,0.0007866916253011607,6.734628683525489e-05,0.2002265483474628,9.742323853451749e-05,0.01755742105493181,5.01667879079375e-05,1.176478081146725e-07,0.0013792341868893387,0.03268569332040048,6.971591283622533e-06,5.66946708773682e-05,0.00023579677776366633,0.00022148332472572636,4.925666186042902e-07,5.610651695522026e-05,2.4397143482251315e-05,0.12113256514979792,3.0496460192918424e-05,0.009067867953908291
4,0.00030013226036265976,3.1318128531832917e-06,2.809020702491923e-05,0.00039122574407021444,0.0016153541047618724,0.5764146634988844,0.000888935043264738,7.417952768446448e-05,0.23041068499278097,0.00011010825089078097,0.01944172073763765,5.5162851802099204e-05,1.5235226280723194e-07,0.0017912854631319912,0.03220766730374366,7.061138600343007e-06,5.8605241027122725e-05,0.0002813428708589701,0.0002466919130877666,6.14994662628395e-07,7.014388494387813e-05,2.838305905687704e-05,0.12582518826950934,3.610894706302381e-05,0.009713365530033746
5,0.00027268942093822433,2.3242132321016358e-06,2.6080862109513766e-05,0.000458171758051749,0.001521430844167868,0.596932490865765,0.0007555513692541899,6.52644367893309e-05,0.19518293702141248,0.0001078469276078348,0.01566368198935133,3.923219139527619e-05,1.255531764640282e-07,0.0014314931910246352,0.023566817672068703,6.246658512556981e-06,5.2450318318810005e-05,0.00037089250799335176,0.00022437989414703536,5.826777647229261e-07,6.539913804951664e-05,1.8318785230485963e-05,0.1568400333907707,3.421626023468679e-05,0.006361342052633367
6,0.0002780234210835057,2.6708392376898108e-06,2.4251609689049767e-05,0.00036049970468809625,0.0013953092722318746,0.614255730501393,0.0007866916253011607,6.734628683525489e-05,0.2002265483474628,9.742323853451749e-05,0.01755742105493181,5.01667879079375e-05,1.176478081146725e-07,0.0013792341868893387,0.03268569332040048,6.971591283622533e-06,5.66946708773682e-05,0.00023579677776366633,0.00022148332472572636,4.925666186042902e-07,5.610651695522026e-05,2.4397143482251315e-05,0.12113256514979792,3.0496460192918424e-05,0.009067867953908291
7,0.0010902993084639368,3.2510549624145527e-06,3.6632860902621846e-05,0.00041282762006487043,0.0013383724942637601,0.6676272550601267,0.0013381769724748443,0.00013275530584408638,0.16834581401346363,8.342675614125747e-05,0.04552671056042183,6.551908384027696e-05,4.1769563215325105e-07,0.0009814982369432288,0.03565464302438131,6.184302635514673e-06,5.96665766891417e-05,0.0004236375161871793,0.00037697429909532915,5.303492800980954e-07,7.930904493447176e-05,5.913528690691353e-05,0.07064157019127074,2.4193787472134467e-05,0.005691198597601727
8,0.0003559611152751604,2.9543939589191658e-06,5.871871487913804e-05,0.0004275421193300831,0.0016354562490495923,0.49331541920557004,0.00036277950585200295,3.8678581770174005e-05,0.23404458178591855,0.0001524513986436999,0.011154866445266464,5.165453982073004e-05,1.0301321364520305e-07,0.0019086200479585121,0.028628814120066747,9.274728418072384e-06,7.797478333917587e-05,0.000175363267234409,9.097518237642339e-05,7.057632198623023e-07,3.874804150757473e-05,1.3614601197817431e-05,0.21132319336067873,8.65520315882643e-05,0.01604499700386627
9,0.00016919938758462735,3.8014011568489728e-06,5.818270322896892e-05,0.00043532502629829923,0.0013382810962392282,0.4389916722854411,0.00037713017982528784,4.635587366782451e-05,0.2953486465724583,0.0002904472372019603,0.007765680621304465,3.946876620749642e-05,1.05373834629135e-07,0.0031235789845453494,0.027734464854653345,1.2726551608696675e-05,6.24212967499091e-05,0.0002149362774309657,0.00014270600534197655,1.080465693478121e-06,5.34987697903266e-05,1.2912194444966014e-05,0.20609664328521812,9.005808066121551e-05,0.017590676709412476
10,0.0002780234210835057,2.6708392376898108e-06,2.4251609689049767e-05,0.00036049970468809625,0.0013953092722318746,0.614255730501393,0.0007866916253011607,6.734628683525489e-05,0.2002265483474628,9.742323853451749e-05,0.01755742105493181,5.01667879079375e-05,1.176478081146725e-07,0.0013792341868893387,0.03268569332040048,6.971591283622533e-06,5.66946708773682e-05,0.00023579677776366633,0.00022148332472572636,4.925666186042902e-07,5.610651695522026e-05,2.4397143482251315e-05,0.12113256514979792,3.0496460192918424e-05,0.009067867953908291
11,0.0003078115004092674,2.809719659439491e-06,2.5737856886930848e-05,0.00038595761760239656,0.001508688650579341,0.6027986344081684,0.0008716162268169312,6.97462978481607e-05,0.20885062284749406,9.73676414678706e-05,0.018796511726153646,5.436452030003023e-05,1.4401705391013618e-07,0.0014062885957228898,0.03342825434388045,7.3650309485446556e-06,5.830034290615694e-05,0.0002549134671862098,0.00024180400086551114,5.572493753079429e-07,6.108994530231002e-05,2.700745341462321e-05,0.12154199483879273,3.501841978630014e-05,0.009167393281378743
12,0.00022260464858586828,1.7014975318577257e-06,4.9302488357676486e-05,0.00016486802646644832,0.007166690481021005,0.42724014058966664,0.0005022926056820067,2.0776067122335748e-05,0.2848140435272802,6.531960138090569e-05,0.02231592546558662,4.387560062185424e-05,6.476098937257769e-08,0.003524614920716181,0.014640037782489058,2.146974627380942e-06,6.773654211785331e-05,0.00015575946055515505,3.937544214764221e-05,8.043629954795787e-07,8.743575123425685e-05,1.087454765329411e-05,0.2216684928279531,7.885671424219857e-05,0.017116259312975585
13,0.0005138107000302184,4.720951023985548e-06,3.1332477249309304e-05,0.0003478075551015256,0.0026601241739859028,0.5016934138119047,0.001228710233994936,0.00014945850792269665,0.2546424777766793,7.919497173117145e-05,0.05961769712412667,0.0001486511942593472,1.9308109008374794e-07,0.003313551163610068,0.06332414884140898,7.195040803472303e-06,8.622766309895702e-05,0.00026116098720725125,0.000257423190615916,6.432478812905018e-07,9.158563398231308e-05,6.47858134606085e-05,0.09106716319129467,3.153145898717732e-05,0.020376991208549577
14,0.0005336296140449755,1.62241022690821e-05,3.880587386984993e-05,0.0012028517110667207,0.00895824986058121,0.48604220892179456,0.0014467758367922713,0.00011035954978137881,0.19149896578511322,0.00017396754611537124,0.08046626757074773,6.745413548145354e-05,4.850987118357493e-07,0.0037558923173822236,0.023535384338504352,4.724710070489252e-06,0.00019089718201771566,0.0010153952784991264,0.0009521371477805235,8.351205515407045e-07,0.0004636035871029188,5.519674247975319e-05,0.19277075533279306,6.296367742232685e-05,0.0066359689590263
15,0.0002780234210835057,2.6708392376898108e-06,2.4251609689049767e-05,0.00036049970468809625,0.0013953092722318746,0.614255730501393,0.0007866916253011607,6.734628683525489e-05,0.2002265483474628,9.742323853451749e-05,0.01755742105493181,5.01667879079375e-05,1.176478081146725e-07,0.0013792341868893387,0.03268569332040048,6.971591283622533e-06,5.66946708773682e-05,0.00023579677776366633,0.00022148332472572636,4.925666186042902e-07,5.610651695522026e-05,2.4397143482251315e-05,0.12113256514979792,3.0496460192918424e-05,0.009067867953908291
16,0.0004495912984412375,4.351029293330826e-06,2.3699192777636195e-05,0.00040205629215995175,0.0015153777096560941,0.5908680370012431,0.0010579296033942118,0.00013250785836315293,0.20394661517383061,9.41421179088986e-05,0.0337930688208132,0.00011861389636348139,1.5646038062780665e-07,0.0021944215189533553,0.05985613150478987,8.863989744895838e-06,8.223963592268323e-05,0.00026999758381330126,0.0003022633886851991,4.6549012124829975e-07,6.32118121590814e-05,5.7015446324602774e-05,0.09027300111163271,2.277796294492389e-05,0.014463464100282514
17,0.00048301016163621903,3.4195541993310643e-06,3.8442218226759175e-05,0.0003500837561573621,0.0034066471987027384,0.49870628755056967,0.0014284907685509654,7.265186113253116e-05,0.2645050128777172,6.50604390664755e-05,0.033468190673935985,9.607809106350709e-05,2.0078997411105515e-07,0.0026446313261162574,0.019207907420095805,4.855579810174987e-06,8.830670058536861e-05,0.00037469850097835046,0.00017333840022360248,6.476849477340242e-07,0.00012829266631702403,3.14945162242077e-05,0.16355307573506842,5.4107898107367896e-05,0.011115067630592982
18,0.0001981432292517204,3.277652332069015e-06,3.431988554406996e-05,0.00020118808805461935,0.0013120800786473048,0.5186929332163285,0.0009153720609568485,5.881779062791906e-05,0.22526672798693967,0.00010994472922859585,0.0161473695590332,9.337954689453e-05,9.016969510324365e-08,0.002708797086611566,0.04241930187416648,1.3774196444079318e-05,9.613371397549327e-05,0.0001794898619048921,0.00020956068163878274,6.453711889585675e-07,8.394781441259693e-05,2.4360392937684622e-05,0.16112622334555532,5.0388905580985375e-05,0.030053732762049243
19,0.00012761223208571096,2.3537012468443962e-06,1.284669072604121e-05,0.00043718636169795023,0.001265764896542463,0.6479388047345566,0.000575367946461263,4.421287173259694e-05,0.2198270928494251,0.00010284185189935558,0.008210477739271057,3.712401677258925e-05,7.996518301946268e-08,0.0009544788135425632,0.03154901614827272,5.518935861608695e-06,3.1889227457185945e-05,0.00012276098605190787,0.00017044365149396172,3.976547704946999e-07,2.364930458210582e-05,2.0689012885969165e-05,0.08209993397922194,2.3180124489344202e-05,0.006416276303769717
20,0.0002476355909075403,3.6853906225398844e-06,1.7116388876403816e-05,0.0003738151241024779,0.0012778717011223556,0.6049131211485715,0.0007506410488218927,8.915330452457722e-05,0.2359128793480624,0.00011888037685073187,0.020953551597227765,4.5590190424911756e-05,1.549792377931548e-07,0.001779725473781492,0.049135015916512585,5.4419922616909616e-06,4.384343189994178e-05,0.00019397016554203295,0.0002875103653851016,5.586615489851607e-07,4.9973338692850625e-05,5.153229755327471e-05,0.07509810967373128,2.0663395648947116e-05,0.008629559098088808
21,0.0007666589909202576,4.183748141215534e-06,9.342124849110076e-05,0.0005154149465578699,0.0022900530492956754,0.44987343335808705,0.0012854915409759701,0.00012821330669265864,0.2419445254073776,0.0001328313440763118,0.03076852631275384,0.0001470736553234156,2.8569212094138974e-07,0.0036982883796830854,0.024455608922262992,1.6388501053027024e-05,0.00013409154218281058,0.0007609242493893078,0.00022754613964856988,1.1363792853263734e-06,0.0001558682319689977,2.5993148211846597e-05,0.22542238402626086,9.037889782155509e-05,0.017061278981417596
22,0.000494942063004274,2.9357214517893298e-06,4.423642533216613e-05,0.0003899610474220563,0.0012861976548817163,0.6634856137273621,0.0006435696107393036,0.00011125843411813721,0.10823443425079314,0.00013989708795891396,0.02402779797540815,3.927590086365209e-05,1.4431249554455994e-07,0.0015551809405599905,0.020096764960316513,7.21655571787769e-06,0.00012276657319146587,0.0005107945114708421,0.00023086498797922591,5.825217795251051e-07,0.0001074086411134947,2.5178922758395883e-05,0.1725203355529398,2.3261173288614252e-05,0.005899380447053156
23,0.0002780234210835057,2.6708392376898108e-06,2.4251609689049767e-05,0.00036049970468809625,0.0013953092722318746,0.614255730501393,0.0007866916253011607,6.734628683525489e-05,0.2002265483474628,9.742323853451749e-05,0.01755742105493181,5.01667879079375e-05,1.176478081146725e-07,0.0013792341868893387,0.03268569332040048,6.971591283622533e-06,5.66946708773682e-05,0.00023579677776366633,0.00022148332472572636,4.925666186042902e-07,5.610651695522026e-05,2.4397143482251315e-05,0.12113256514979792,3.0496460192918424e-05,0.009067867953908291
24,0.00020589056108891223,4.734810014995026e-06,1.9731115978630364e-05,0.0007474041010858807,0.001514561313744528,0.586303726476706,0.0008331291770466647,8.096182871616e-05,0.1968538226486554,0.00014960843433255993,0.014775008848616038,4.612200170497687e-05,1.334050944535444e-07,0.0017198267193280178,0.03783471030777892,8.28941292209407e-06,7.172504098652182e-05,0.00032058704202392313,0.00040668701644221123,5.297467472066497e-07,6.576453435053302e-05,2.6962906882465815e-05,0.15036082292369166,3.0428354194697722e-05,0.007618831271866484
25,0.000599194034090765,2.603741664598442e-06,3.8446580534750945e-05,0.0004618923403928122,0.003525769950496057,0.5627534044417963,0.0020655233341810666,0.00024000557336072514,0.18681553650020902,5.991885712257176e-05,0.06414179664585332,0.00012366563095340225,2.1752242655517246e-07,0.0026647052865758727,0.02150383330878061,5.985177212092934e-06,8.753763392236768e-05,0.0008229226417472519,0.0002335765056447643,8.016136298994104e-07,0.0001651707163274977,3.418130028616618e-05,0.145842621033735,2.779799653890582e-05,0.0077828916325177406
26,0.0002782893641129484,1.2209421357661026e-06,4.082488452305909e-05,0.00034264316528211244,0.001561710293789767,0.4767961982042533,0.00045348600749835704,2.4167786809587014e-05,0.23772879688431764,9.126731701707584e-05,0.0076581095497980775,2.091034237993957e-05,9.199249227376824e-08,0.0011263758504456035,0.008995060451853417,4.259659692287889e-06,3.651173773856502e-05,0.0003520534228284041,8.387023204024853e-05,5.959869330488661e-07,5.1108887813015635e-05,6.021305461821225e-06,0.2594328448705077,7.400475177060317e-05,0.004839576108505378
27,0.00017139237393600518,1.9373496569429702e-06,1.1506041462136267e-05,0.0002715174592026593,0.0009703811761089532,0.6186052141702345,0.0005956345080556588,4.6539764499142604e-05,0.2602749768099284,7.841609311209475e-05,0.01107533882746049,3.489168674753845e-05,8.986460719485462e-08,0.0008747319772923599,0.037112790752945775,4.595829915764827e-06,2.2327094499690592e-05,0.00011337960538916031,0.0001857755084976166,3.511237504562155e-07,2.4047008800340128e-05,2.8301393411812373e-05,0.06237814678493479,2.1591526823839233e-05,0.007096125268726578
28,0.0002780234210835057,2.6708392376898108e-06,2.4251609689049767e-05,0.00036049970468809625,0.0013953092722318746,0.614255730501393,0.0007866916253011607,6.734628683525489e-05,0.2002265483474628,9.742323853451749e-05,0.01755742105493181,5.01667879079375e-05,1.176478081146725e-07,0.0013792341868893387,0.03268569332040048,6.971591283622533e-06,5.66946708773682e-05,0.00023579677776366633,0.00022148332472572636,4.925666186042902e-07,5.610651695522026e-05,2.4397143482251315e-05,0.12113256514979792,3.0496460192918424e-05,0.009067867953908291
29,0.0002780234210835057,2.6708392376898108e-06,2.4251609689049767e-05,0.00036049970468809625,0.0013953092722318746,0.614255730501393,0.0007866916253011607,6.734628683525489e-05,0.2002265483474628,9.742323853451749e-05,0.01755742105493181,5.01667879079375e-05,1.176478081146725e-07,0.0013792341868893387,0.03268569332040048,6.971591283622533e-06,5.66946708773682e-05,0.00023579677776366633,0.00022148332472572636,4.925666186042902e-07,5.610651695522026e-05,2.4397143482251315e-05,0.12113256514979792,3.0496460192918424e-05,0.009067867953908291
30,0.0002780234210835057,2.6708392376898108e-06,2.4251609689049767e-05,0.00036049970468809625,0.0013953092722318746,0.614255730501393,0.0007866916253011607,6.734628683525489e-05,0.2002265483474628,9.742323853451749e-05,0.01755742105493181,5.01667879079375e-05,1.176478081146725e-07,0.0013792341868893387,0.03268569332040048,6.971591283622533e-06,5.66946708773682e-05,0.00023579677776366633,0.00022148332472572636,4.925666186042902e-07,5.610651695522026e-05,2.4397143482251315e-05,0.12113256514979792,3.0496460192918424e-05,0.009067867953908291
31,0.0004993717605281856,3.782624515992489e-06,5.07614493961894e-05,0.0004240721657191053,0.0011724449311237574,0.6105525105583357,0.0008599661275187194,0.0001351886542210222,0.17315630229477413,0.0001491751306148334,0.020368757478929748,6.327409918246747e-05,1.6164086205457617e-07,0.0018549483212046967,0.02665321047964634,1.1822798747742764e-05,9.510142390738998e-05,0.0004283342383996403,0.000238682081267639,6.347119690611208e-07,8.617999845224387e-05,2.6770755170232228e-05,0.15317920613270292,3.360344125097351e-05,0.009955736701559295
32,0.00024760137263506556,2.632597149465513e-06,2.138041827519905e-05,0.00038335797594883436,0.001288497690139329,0.6233021385083821,0.0008074228071953344,6.476725454240258e-05,0.19101422899259152,9.944360948088037e-05,0.016193064354002473,4.4928242353850605e-05,1.1931456419227144e-07,0.0012239516325961933,0.03591199000610006,7.318896178181432e-06,5.508421273748978e-05,0.00023133979182495045,0.00027534249244816854,4.817794481680692e-07,5.7060724808070705e-05,2.4557562749185737e-05,0.12030796452241992,2.9429049200636948e-05,0.008405896192228174
33,0.0005280534183896491,4.550361112820137e-06,2.9678762567016087e-05,0.0006183696562514254,0.0018698721070231448,0.6169267502209431,0.0014350027615677389,0.00012134062037551756,0.16089703580601306,8.525841689106222e-05,0.03295999833813967,0.00010820775868702659,2.4404731851850325e-07,0.0014828759922835633,0.036008193245748506,1.1137040327865354e-05,0.00012245169166298867,0.00040916259062108846,0.00038741392785851043,5.730839529450159e-07,9.599535961860485e-05,4.286161652560319e-05,0.13626528282044237,3.903759197495831e-05,0.009550652763703153
34,0.00027682290470869395,2.6755065760982594e-06,2.4233964469143903e-05,0.00036034157881908383,0.001394245803490221,0.6143047147493702,0.0007857527853675761,6.730762241801257e-05,0.20019163661647657,9.760377778229664e-05,0.017514996794406667,5.01925969860738e-05,1.1738246102419357e-07,0.001381699479248545,0.032673872405393295,6.980617191411966e-06,5.674964399949408e-05,0.00023521517777239467,0.00022118197595113057,4.928596337973662e-07,5.6050091644474196e-05,2.4383977259266064e-05,0.12115673856002906,3.0492695938398207e-05,0.009085500432606875
35,0.00029157509206054064,2.6245861482925093e-06,2.4203505336769156e-05,0.0003585062012578964,0.001329877041029431,0.6198871887899152,0.0007933467973732778,6.874376778859488e-05,0.19886214266898702,9.653983702894207e-05,0.017396467630528562,5.0485500741127316e-05,1.203420614464327e-07,0.001317075340030915,0.03155576019940003,7.1085035855038825e-06,5.595690471832069e-05,0.0002443826980087832,0.00022514951809941372,4.789903707091522e-07,5.536204126211689e-05,2.4760093564643047e-05,0.11859854226826659,3.020352326718112e-05,0.008723398159168528
36,0.00026373564675421536,4.0768364245396376e-06,1.9816440893564558e-05,0.0004564634075764697,0.0004992558991947251,0.6336982312834257,0.0007742360681924869,0.00014646576018387876,0.22691514336814916,0.00019191922359713807,0.009951046495590478,5.8088775715341086e-05,1.371385452407304e-07,0.001809913572415731,0.0373690793422981,1.2553701784139347e-05,5.7585031384682856e-05,0.00028599531344866827,0.0003342067739260995,4.437598409280252e-07,3.6988665741967216e-05,5.103166376154687e-05,0.07931066593454361,1.5034238676649519e-05,0.007737885657935061
37,0.0007044317280092307,2.5698045525332305e-06,6.712707465172188e-05,0.0003601932662746389,0.002718312091134646,0.46417487779807176,0.0012374918735763272,5.413586440654171e-05,0.2835545551819564,8.43198524403122e-05,0.024391014583723107,8.093279783572604e-05,2.601933702068059e-07,0.002076608164303527,0.0165194496743958,7.323284774768551e-06,7.376153749161357e-05,0.0005223820077874175,0.0001697193016090148,8.146730146200704e-07,0.00011831393771808422,1.9448033792066887e-05,0.19212589516557022,9.581230664477358e-05,0.010840249802895068
38,0.00017982364494473555,7.472410166293556e-07,1.2393278016394152e-05,0.0002348401700694249,0.00035073537525517196,0.7867578662452537,0.0008234207274605628,4.007806512617186e-05,0.08087852709588095,6.128813058411444e-05,0.006175958293421573,1.7043199722474354e-05,8.5540211800691e-08,0.00023457249125524338,0.023290372651137373,9.238023565240607e-06,3.189053149978371e-05,0.0002271172123159819,0.0003235874076056686,2.9958055510626017e-07,3.602873498370179e-05,1.0810550244378253e-05,0.09749096832130252,1.4693688829131858e-05,0.0027976137997422048
39,0.0002972474626102959,1.3365062020037937e-06,2.093841478532405e-05,0.00021373651809893768,0.0006294258511933095,0.7780033819538802,0.0010838650373860839,0.00012790743424529282,0.08540306589763703,5.532542357723964e-05,0.016236207446699135,6.610570886590347e-05,9.736639364396284e-08,0.000551343956174048,0.02093908542517287,1.2443464812940764e-05,7.079846384094698e-05,0.00023273939789198968,0.0002089473861441112,3.5715201949358284e-07,5.66412596243886e-05,2.370938906491433e-05,0.08932396299175316,1.659151327622364e-05,0.006424738578650431
40,0.0004854843358030194,3.149811453478337e-06,2.9660070804422486e-05,0.00022685847195407562,0.0016179147611492563,0.6428142851377844,0.0007606353366745767,8.087140510127841e-05,0.1965162378129963,6.82563166396089e-05,0.02977880549876689,9.456238870496374e-05,1.3048937582726596e-07,0.0015795352039422981,0.042950446108026785,5.523474980615258e-06,6.615484087127474e-05,0.00012890139795957708,0.00012007159760574456,4.215698426747635e-07,4.292720480667486e-05,4.820045104823892e-05,0.06836469687254645,2.2010943474567672e-05,0.014194258497686957
41,0.00029875246270950336,2.9818286696877684e-06,2.7233172680545252e-05,0.00035619464123023975,0.001390609731189675,0.6047469860524353,0.0008600399021422682,7.354538017472037e-05,0.20019066087837842,0.0001039008116014026,0.01888923368632639,5.4261576003017446e-05,1.3383436825195412e-07,0.0015743262542413086,0.031265007399886975,7.668902369303e-06,6.488659344784875e-05,0.0002684932171832146,0.00024068125661422506,5.4242365446465e-07,6.851969944750661e-05,2.6528613310145665e-05,0.12968752743876186,3.306827468466595e-05,0.009768215968489069
42,0.0002269237266741357,2.947901139261828e-06,1.0373109029229256e-05,0.00031617360503892954,0.0007263699422959654,0.7261300858877319,0.0008015505274760227,8.179323367916605e-05,0.1568721378368492,8.096856864655453e-05,0.01473654194312926,4.5277031110910994e-05,1.4655880357529205e-07,0.0005956978921883191,0.04709203172325746,7.851300942754688e-06,4.581308620391577e-05,0.00010921116107662838,0.000386195544200344,3.0996107012859614e-07,3.3002373158621624e-05,6.388935090836185e-05,0.045364580855731994,1.552290361325936e-05,0.006254603976043949
43,9.08858924708945e-05,1.0077859051126034e-06,1.0616409214372043e-05,0.00019738783078826534,0.0005667564260136035,0.7657122304841961,0.0003072933746278395,4.178638638359422e-05,0.12985007011479682,0.00012000998774180639,0.005994250116130245,1.0153048861001637e-05,4.852494507387213e-08,0.000543624711810317,0.0234001798025711,3.899278072252726e-06,1.9421844172005034e-05,0.00011649007918860028,0.00016630804194216474,3.367038384636627e-07,2.6965602375097892e-05,1.4678608530743229e-05,0.06948831638019806,1.094111849320362e-05,0.0033063414467331674
44,0.0002780234210835057,2.6708392376898108e-06,2.4251609689049767e-05,0.00036049970468809625,0.0013953092722318746,0.614255730501393,0.0007866916253011607,6.734628683525489e-05,0.2002265483474628,9.742323853451749e-05,0.01755742105493181,5.01667879079375e-05,1.176478081146725e-07,0.0013792341868893387,0.03268569332040048,6.971591283622533e-06,5.66946708773682e-05,0.00023579677776366633,0.00022148332472572636,4.925666186042902e-07,5.610651695522026e-05,2.4397143482251315e-05,0.12113256514979792,3.0496460192918424e-05,0.009067867953908291
45,8.944838816599528e-05,6.903931533735512e-07,4.387662367623893e-06,0.0003513033212605518,0.0008889454641095608,0.7266622511399804,0.0008770785634411051,3.3020305208821045e-05,0.1612881856303424,3.4461137784079584e-05,0.0069689066752290675,2.1613352323152638e-05,6.029071429868064e-08,0.00020181481811804253,0.05401774128646414,4.539458995769285e-06,1.1529532591354012e-05,7.613219120728779e-05,0.0002442471751788588,2.4865167601464857e-07,1.1390006324653604e-05,1.3770165320411088e-05,0.04515038707509199,1.1803921255489768e-05,0.003036043393695435
46,0.0008559435181277031,5.9936949372293414e-06,2.8776427117083492e-05,0.0006222072540307821,0.0013989914965839149,0.7145639251168434,0.001007439387828172,0.00011265976666474058,0.05980217998268733,5.9297672315694184e-05,0.033601798456039736,0.0001559565576522454,1.994054471236035e-07,0.0006564795682004164,0.05032999710207142,1.6218535854478648e-05,0.00040032009275999274,0.00017094664618310952,0.0003016160464717703,3.1119683572982814e-07,6.198238380099975e-05,6.231444826201093e-05,0.12468585528491892,2.8527446589046884e-05,0.01107006251177697
47,0.0008554808504683191,8.69594711455151e-06,3.2318354558482405e-05,0.00034987707181118077,0.0010247218495472396,0.6064219681709607,0.0012144198121994644,0.00012307271921994218,0.23381688125501,0.0001032740690533285,0.028451319154902212,0.00018949645801920084,3.4011276951642284e-07,0.0013702416926308922,0.049685685415224896,1.6420799117511714e-05,0.00010897105832635899,0.0001766596594945706,0.00030130979681251884,4.6751138518658524e-07,4.4580115245696114e-05,0.00010983977536245452,0.05750004570732695,4.1716141171281355e-05,0.018052196502267602
48,0.0003019390196061814,1.2615029362941502e-05,2.570407708437342e-05,0.0008620215685546089,0.0007916223256058718,0.6860716625919462,0.0006758967654419487,0.00012646913900651969,0.08919794207790206,0.00025020929629176997,0.012771248801377331,5.594876451429636e-05,1.4367179446361405e-07,0.0013895706634348187,0.046744420457095696,1.6943646669876878e-05,0.0002743828262357662,0.0002359589604716772,0.0005330651833270065,3.9310345862121575e-07,6.552278397823726e-05,4.95996239341298e-05,0.15087022235715225,1.9132375588372702e-05,0.00865736489016483
49,0.00028662112586920664,1.964481945296108e-06,2.5496831443988556e-05,0.0002612424398789068,0.0011615628360713548,0.6798964869111884,0.000689262954397241,6.547592124154143e-05,0.17395573215448853,7.533424732304752e-05,0.015665002027510998,5.347894193704884e-05,1.0249148126669388e-07,0.0010902558765457137,0.01988503352478977,5.694137943179828e-06,4.715633714577624e-05,0.00019778222212738305,0.0001162139655984875,4.535759025014109e-07,4.181407740265375e-05,2.109720673175096e-05,0.09918076838191066,2.530427447241759e-05,0.00725066305465269
50,0.0002050059075129339,3.341488584199553e-06,2.4402040272190684e-05,0.0003288490378680891,0.0010794002502370202,0.6080340538514123,0.0010198074691176956,9.230892842193379e-05,0.24712515362586177,0.00015981313278405203,0.013671419612722885,4.566003639141219e-05,1.4815795240901673e-07,0.0018225206557138096,0.03537794088042275,7.4476507964729185e-06,4.3369104597865455e-05,0.00021367052453674957,0.000328301272872436,5.247117741473689e-07,6.541514782864463e-05,3.5094396903898257e-05,0.08114823255309361,2.1350887548437747e-05,0.009146768674772368
51,0.00044546927726773854,8.233566021156482e-05,2.8027849944441465e-05,0.0029960044939973973,0.0019845553335294253,0.43791259375056374,0.000817262164805438,0.0005128703389262883,0.300610999402436,0.0005249284657224382,0.038201768693433655,0.00021216713808078393,4.289091428952767e-07,0.008563898777717873,0.1305602716382248,1.3616417099538725e-05,0.0001410029958828509,0.0003265553312646229,0.00085031686671947,6.877828563809037e-07,5.747111741211659e-05,0.00023845542768087663,0.05798686547548879,1.8804157652130687e-05,0.016912642533938697
52,0.0002627736517608142,2.2519596293898975e-06,2.2372022621202653e-05,0.00037491944762736186,0.0011008741269009977,0.6354169090495149,0.000649183849442103,6.652625210446059e-05,0.19082132148693987,0.00011640434984637028,0.014618062064139766,3.675374133175844e-05,1.1436069696053038e-07,0.0011970658520089928,0.0323153950878754,7.071200159933949e-06,4.631037467877154e-05,0.0002701023236204733,0.0002418191355602782,5.05855922265424e-07,4.8509754369981046e-05,2.2486712680596833e-05,0.1153109766155594,2.6702130078644466e-05,0.007024588594929418
53,0.0005014510957389897,7.285984053336901e-06,5.229157833954108e-05,0.0007613830611715098,0.002159809568326098,0.5820324630407157,0.0004050333054547199,8.827595726120692e-05,0.19658313291870066,0.0003180376052232998,0.02247837188884703,3.7666130777542714e-05,2.2175978671803932e-07,0.002303417216963317,0.03780185770485698,9.124755580453027e-06,0.00012041163817755093,0.0003760598830739114,0.0003824969201930791,7.33628385886141e-07,9.766177860535039e-05,4.227132671905963e-05,0.14427830178532366,5.058548358213642e-05,0.009111653984142277
54,0.00015115073178082993,5.9430511529575756e-06,2.7163462677120907e-05,0.00023630095769342155,0.0011516968636793574,0.4149322052045642,0.0007020828348529073,6.0920135246297695e-05,0.3794751375227299,0.00015348333244836684,0.011516833330797175,0.00012867002982746973,8.833166777226185e-08,0.0034369663379039137,0.06972771189943378,1.4600101615934467e-05,5.3219781840520676e-05,8.236276464892722e-05,0.0001550980241505999,5.953311623146623e-07,2.9807702313906234e-05,3.362054269446026e-05,0.07578511283168508,4.272881057772679e-05,0.04209650008285509
55,0.000262859847314749,1.2147349689095546e-06,1.6629272881874208e-05,0.00028511218538858937,0.00218211834394676,0.48360248590202354,0.0017966848165655491,3.647918993681387e-05,0.35681653380271966,2.526657167633683e-05,0.017121365341829668,0.00014061493045534171,1.0963497050853759e-07,0.0008946039212306663,0.019360379363143998,5.902779057030638e-06,2.459001133909727e-05,0.00021217070936248452,0.00013380006641578658,3.5135128208073645e-07,3.5779017402944385e-05,1.2594719626034943e-05,0.10608612508656581,6.582671954369534e-05,0.010880401680352097
56,0.0002936645602365784,2.7644095825633595e-06,2.4814626064132922e-05,0.0003662926010436421,0.0014216546832123834,0.6101602427606019,0.0008280570030997754,6.888151922162261e-05,0.20410260275602712,9.672576512321093e-05,0.018242280953956407,5.2701462084883434e-05,1.2931548648799575e-07,0.0014022692251430136,0.03272737864403259,7.027941295457709e-06,5.732011095948917e-05,0.0002433309846753476,0.00022972797174050378,5.13676762878848e-07,5.848344953534602e-05,2.6017501450095597e-05,0.12042968984778706,3.202052191861681e-05,0.009125407708958847
57,0.00030602508779585086,5.400871530968948e-06,2.850485777031484e-05,0.00046060411052155587,0.0015480482455078467,0.5770905055419578,0.0014251301353931979,9.671559015595741e-05,0.22126846820966706,0.00012896977271392832,0.022439907821512506,8.215566382627764e-05,2.3634484688181182e-07,0.0016767746577082355,0.046075691425899734,1.3837107672308813e-05,9.000585628779392e-05,0.0002826457670553635,0.0006236353312318579,6.094530214514896e-07,0.00011376960025370881,4.538028297547516e-05,0.11253347384646897,4.500590972356119e-05,0.013618498508501269
58,0.0002543253026336497,2.54005903632857e-06,2.5073742821751086e-05,0.00036696592994481914,0.0016566116674039636,0.5742120948454897,0.0008195944908910757,5.034791068422253e-05,0.22949515196150577,9.133046384910147e-05,0.016125105001544147,4.983370734247019e-05,1.3283861798901457e-07,0.0013293744704301325,0.031070846555014017,7.079311199076103e-06,5.123517698511969e-05,0.00022432275102488548,0.00021979800242060698,5.874911302396763e-07,5.895027419713796e-05,2.1128071273719533e-05,0.13414158423474723,4.678288423033397e-05,0.009679202855582504
59,0.00025834265970408314,2.6239623192802963e-06,3.0155967389315086e-05,0.0003425644750760737,0.0016412030289967932,0.5760419716811916,0.0007699096594469727,5.462535163353635e-05,0.22342577077336154,0.0001056504864832921,0.015855191023146833,4.8217818403309466e-05,1.276934643633844e-07,0.0015196017391291177,0.027907625978801743,7.573031620297431e-06,5.711924921344947e-05,0.0002403755246024069,0.00020029446425795104,6.298619169847947e-07,6.596580878489296e-05,2.025713528984788e-05,0.1411862518638686,4.6526395637791884e-05,0.010171424366259929
60,0.0002780234210835057,2.6708392376898108e-06,2.4251609689049767e-05,0.00036049970468809625,0.0013953092722318746,0.614255730501393,0.0007866916253011607,6.734628683525489e-05,0.2002265483474628,9.742323853451749e-05,0.01755742105493181,5.01667879079375e-05,1.176478081146725e-07,0.0013792341868893387,0.03268569332040048,6.971591283622533e-06,5.66946708773682e-05,0.00023579677776366633,0.00022148332472572636,4.925666186042902e-07,5.610651695522026e-05,2.4397143482251315e-05,0.12113256514979792,3.0496460192918424e-05,0.009067867953908291
61,0.00027996625119087944,2.381496238749853e-06,3.183650840549661e-05,0.0003273394806244656,0.0016548007831727121,0.5685105268921045,0.0007755320287453907,5.392888821790938e-05,0.23568836916849845,0.00010151371241904043,0.015966401770842936,4.669090499880136e-05,1.295290604785752e-07,0.0015046660164348235,0.024707897741868014,6.8531901348859955e-06,5.1485937763266494e-05,0.0002554755896172528,0.00018675438897871552,6.083726696595038e-07,6.673691204956707e-05,1.9140885883887216e-05,0.14019814869788536,4.7573212647720626e-05,0.009515241639547178
62,0.0002780234210835057,2.6708392376898108e-06,2.4251609689049767e-05,0.00036049970468809625,0.0013953092722318746,0.614255730501393,0.0007866916253011607,6.734628683525489e-05,0.2002265483474628,9.742323853451749e-05,0.01755742105493181,5.01667879079375e-05,1.176478081146725e-07,0.0013792341868893387,0.03268569332040048,6.971591283622533e-06,5.66946708773682e-05,0.00023579677776366633,0.00022148332472572636,4.925666186042902e-07,5.610651695522026e-05,2.4397143482251315e-05,0.12113256514979792,3.0496460192918424e-05,0.009067867953908291
63,0.000282084114611933,3.5789618712607534e-06,2.454148977678773e-05,0.0004032648420524127,0.0013975109554893513,0.6068650832094734,0.000775883147222221,7.403930760771695e-05,0.203957062394316,0.00011409677294384615,0.018037378013205138,5.4448942102323736e-05,1.2922965731774575e-07,0.0015345369488135696,0.0365496550903616,7.804656253545875e-06,6.484159708559657e-05,0.00023319105486332728,0.000254701321792778,5.132395704150581e-07,5.787562432040327e-05,2.9159937136019142e-05,0.11928016438890471,3.15982853657784e-05,0.009966856475202472
64,0.000315126086573649,3.097759456480034e-06,3.3342553622839934e-05,0.0003704038954339428,0.0016965312996985546,0.5846086934242667,0.0009754611208607038,7.642664068375006e-05,0.1978235012561262,0.00010887594909550342,0.020829052932370192,5.257725096544274e-05,1.5265827058266583e-07,0.001790452247268881,0.0295912114142097,7.860091963411552e-06,7.471616593212785e-05,0.00031818296538234326,0.00027543246213036483,6.192834762182181e-07,0.00010161067239441173,2.5432914342840838e-05,0.15090290560031855,3.8025503996809615e-05,0.009980307851159735
65,0.0002913980156752266,5.335293852126504e-06,4.6613652116252764e-05,0.0003092787976565514,0.0016542364983584273,0.44339893974116557,0.0006304243754859831,7.72044645577434e-05,0.37925067842212806,0.0001946145882299314,0.017212633237391313,6.585704393183727e-05,1.6844491263938057e-07,0.004134341892870306,0.029159450445741916,7.598063724724774e-06,5.392457986731449e-05,0.00022975846542577685,0.00015817574048572743,8.649615765814031e-07,6.719419364775741e-05,3.4990664364429446e-05,0.1058606347881292,5.0161005388329604e-05,0.017105522623316473
66,0.0007432811702787949,2.9445788318391332e-06,7.379727624536503e-05,0.0003853821157393594,0.002149699828144686,0.5566061631615695,0.0014188359960138617,0.00014601751307755055,0.2724850709976138,0.00013181910197439638,0.0325680700889114,7.55486917554738e-05,3.5459708696860253e-07,0.0023327886244684693,0.024616501391404953,8.607658901486867e-06,5.773430218212158e-05,0.0005507357466343292,0.00022301773810297208,1.0293010345123586e-06,0.00011429573079212728,3.519260052665003e-05,0.09635208418768156,4.1195369655746715e-05,0.008879832231372137
67,0.00024520985282571107,7.415126446012746e-07,8.918822877883587e-05,0.0002567815685552911,0.0009574197983645798,0.33092266312657953,0.000345217368515601,3.7337884239565675e-05,0.0483409071428622,0.00010720535205612651,0.008883388488494097,1.0060325950060191e-05,7.761583817588085e-08,0.0014095137614687635,0.005318797757652155,5.333125621852234e-06,0.00010461089494260283,0.00081547012543034,9.654340697047276e-05,9.235019439501377e-07,0.00022831917525343212,2.609750324621944e-06,0.598356036569807,4.471311628132944e-05,0.0034209305485990546
68,0.000511001641815071,4.946972671121072e-06,1.8757598122759254e-05,0.0005076562698192071,0.0011514696475618084,0.6903757401577738,0.0010655137101081953,0.00014186131217805553,0.1200086088626577,9.89010481797586e-05,0.03033877593063008,5.580885212304587e-05,1.9967229267032704e-07,0.0008892329866241498,0.052634523994705126,1.0783794208441754e-05,0.00011229055622649131,0.00032332919186210104,0.000662820879156701,3.747650323140003e-07,8.781772777698806e-05,6.153882097977363e-05,0.0940760761545945,1.944860577840403e-05,0.006842520847121625
69,0.00029499027658955217,3.1919165166406056e-06,1.6793578471453918e-05,0.00040948472872963577,0.0014713252417171857,0.6376026271378159,0.0007574849357082474,6.155459867507456e-05,0.19075661504945438,8.063304266746528e-05,0.01949081057963148,5.5298651091943054e-05,1.1753596783230486e-07,0.0010183240456891523,0.044454130449347075,6.58415674577813e-06,6.012119823752742e-05,0.0001659381550598191,0.0002471338642818369,3.743262581935402e-07,3.905584796418852e-05,3.2901695376077584e-05,0.09413446922207798,2.6404634405377267e-05,0.008813635131520453
70,0.00030370824410485436,3.0766602660133655e-06,2.6350979947887332e-05,0.0003513630805706601,0.001230254371891672,0.6228174110926813,0.0008032330332307037,7.535218537178089e-05,0.18930297521371892,0.00011265439119950168,0.01811277041949753,5.321727187181586e-05,1.3312251772005444e-07,0.001429294682028803,0.03346802897124278,8.76410077698474e-06,6.683187465994866e-05,0.00026375508357549793,0.0002632805963942487,5.236322930060886e-07,6.424990225348091e-05,2.805685204650806e-05,0.12143044838469898,3.1984973691775913e-05,0.00975228087946758
71,4.034770644238571e-05,1.9291730852780383e-06,3.439339221548359e-05,0.00013195871572295196,0.0036621097840344894,0.1707527589916709,0.0009145842062926128,2.985258882742061e-05,0.6337224167894241,0.00012472719356552351,0.005850989289630057,2.271215125433027e-05,6.630362728994928e-08,0.008777096358577503,0.005929386313469434,3.0115700954664934e-06,1.4670729546960617e-05,0.00032842252011524735,7.525586650499583e-05,1.4113233567510679e-06,0.0001653334454871139,4.966455307348324e-06,0.1583329113827799,6.704435555213044e-05,0.011011643393414436
72,0.00010031961591882285,1.177590738400553e-06,8.416896916949493e-06,0.00019431486692291934,0.0003686835289428086,0.8020741886782733,0.001360587850233265,6.266161103104792e-05,0.11187815720967295,6.412871699524142e-05,0.00579874032973045,2.6844958449951538e-05,9.370163054456038e-08,0.00029036700355851994,0.033495503536495226,1.0469259912669401e-05,2.458686021908039e-05,0.00011423650209111494,0.0003288562184520934,3.310965474036815e-07,2.5666655757720627e-05,2.0834823623342224e-05,0.04026291566487381,8.107722883058435e-06,0.0034798091001291866
