,0,1,2,3,4,5,6,7,8,9,10,11,12,13,14,15,16,17,18,19,20,21,22,23,24
0,0.000851406676069938,1.72833277425898e-07,0.13155323393192023,0.0004374624724577277,0.23859287284156563,0.0001333738730032604,0.00036663767463145525,2.673617528844747e-06,0.0021407081303917797,0.03775302816420094,0.05095587801562316,0.001592094265242193,8.882714526573353e-07,0.06451628677860378,0.0008738757384364027,0.00013517845880843066,5.277156408024481e-05,4.597289622733921e-06,4.977132632318737e-06,0.0017273872959696385,0.038195868777253957,1.948908824863549e-07,0.42565122201684236,3.622224991625461e-05,0.004420987039586158
1,0.0014177299540146576,1.0252558067044925e-07,0.21001888779415323,0.0009636467548947262,0.2624085931616257,0.00015126454752097042,0.00033604838481321285,5.382632456533186e-06,0.00435342843660037,0.07798869470729268,0.05128548425431886,0.0009399987666559576,2.0647294899373818e-06,0.024901396655698637,0.0004367293655511464,0.00028169076582647745,5.037290129827041e-05,3.7737615857041957e-06,7.187702118826225e-06,0.0024776572101495105,0.026829431844711517,1.4494606773228202e-07,0.3332752577054429,2.924844233537604e-05,0.0018357820497962897
2,0.000931000309351387,1.0445522517963907e-07,0.13715049554634376,0.0005395866431021383,0.25211713757195164,8.309541962873751e-05,0.0002577780465770714,5.019775689178231e-06,0.003573169907221787,0.0614825315069163,0.07689287610850745,0.0010858232450568954,1.319849159325033e-06,0.041790483237643006,0.0008843092793012566,0.00011001051011014008,3.5030391605138496e-05,3.78485050294389e-06,3.3094464952182603e-06,0.00301618708784237,0.024433011863558063,9.948058108585274e-08,0.3926120538104237,2.1523740633982116e-05,0.002970257916572348
3,0.0011960734140170708,1.2295775482082103e-07,0.1462614369601967,0.0009047981337422462,0.21940523689971014,0.0001523087314817552,0.00040581220609445435,4.645722318472421e-06,0.003046362419279154,0.05850405252709418,0.05308814448424368,0.0012665685193877737,1.6669126503560893e-06,0.040191955166613766,0.0005909918573175655,0.00022828120299131656,5.643609204330012e-05,5.4157359037062645e-06,5.374249330371585e-06,0.0025118383237205445,0.032744131451744374,1.74228948697239e-07,0.43668404158646096,3.674730085429523e-05,0.0027073829161002715
4,0.001333377493382044,1.1424922599740126e-07,0.14762467682365904,0.0008845374132206637,0.22482099545123232,0.00014840717594867377,0.00041874588835631894,4.6461645999382725e-06,0.0026843373130125557,0.059526116250982544,0.05038679382451602,0.0012054451201330531,2.1286776469647083e-06,0.0459016799579765,0.0005350165523089781,0.000248687957022498,5.978741437791347e-05,6.046425166921937e-06,6.091001154593043e-06,0.0027742310892712864,0.030727146947599416,1.530288565209015e-07,0.4281354904482526,4.346765141520187e-05,0.0025218796806812387
5,0.0012650474946035277,1.501585113349502e-07,0.11559701981798938,0.001364775189469105,0.19236662240966265,0.00019491355724455303,0.00038744489564055984,5.385923718469666e-06,0.0030438630490427394,0.056360334041065,0.05630242918657347,0.0011940759989035638,1.9878264676780196e-06,0.039693113546066965,0.0006219884380123987,0.00028801361638549396,5.824116959784734e-05,9.072675781304189e-06,6.074606002121326e-06,0.0029671322813684575,0.032982155700732554,2.0060721825063582e-07,0.4928102303923877,3.8886705916039294e-05,0.002440840711638864
6,0.0011960734140170708,1.2295775482082103e-07,0.1462614369601967,0.0009047981337422462,0.21940523689971014,0.0001523087314817552,0.00040581220609445435,4.645722318472421e-06,0.003046362419279154,0.05850405252709418,0.05308814448424368,0.0012665685193877737,1.6669126503560893e-06,0.040191955166613766,0.0005909918573175655,0.00022828120299131656,5.643609204330012e-05,5.4157359037062645e-06,5.374249330371585e-06,0.0025118383237205445,0.032744131451744374,1.74228948697239e-07,0.43668404158646096,3.674730085429523e-05,0.0027073829161002715
7,0.003838131525059799,6.824526618740817e-08,0.3227199638220331,0.0009823302182551995,0.2885628640039081,4.93549642560396e-05,0.0005369231804020327,8.693242009726903e-06,0.0029564508071105865,0.13992919334685977,0.06801344241199898,0.0007095554808152327,4.703036277621392e-06,0.028922842034392524,0.00023813806066684133,0.000170977754695234,6.63829954880282e-05,1.6573774558700524e-06,7.8976043777535e-06,0.002681553811191691,0.008231307010998768,1.2942863120357092e-07,0.1292709307365939,3.728899954999482e-05,0.002059219901705788
8,0.0012940118524117782,8.612058106662104e-08,0.20401348399843944,0.0006980106327238663,0.1780413043184465,9.278683979523891e-05,0.00038919866963872484,4.099641733323078e-06,0.0022977449860831305,0.07165256249709927,0.04295446978561023,0.00124165737171397,1.7224610732239135e-06,0.04185409270678481,0.0004522277575254538,0.00016429973839088218,5.4963772980204925e-05,2.6002090654740795e-06,3.975113615535455e-06,0.00232325518103313,0.030725506507545998,1.2917311908511723e-07,0.41879546488563174,4.6677091895894574e-05,0.002895668687062033
9,0.001112370040338826,1.688036587443405e-07,0.13145128172007384,0.0010880945760643273,0.3239913906708896,0.0002930078490759686,0.00046732950081445024,5.155497087650968e-06,0.004029357199947666,0.04271713475378249,0.053860678073334355,0.0013023142085057165,1.9888918934405014e-06,0.033612553296788104,0.0005835702318336373,0.0004269163895070542,6.660213303447051e-05,1.160490078997424e-05,9.665000974495351e-06,0.002739157367560816,0.03767217321278853,2.4938529304430645e-07,0.36250578296045893,3.001653616780853e-05,0.00202143679933608
10,0.0011960734140170708,1.2295775482082103e-07,0.1462614369601967,0.0009047981337422462,0.21940523689971014,0.0001523087314817552,0.00040581220609445435,4.645722318472421e-06,0.003046362419279154,0.05850405252709418,0.05308814448424368,0.0012665685193877737,1.6669126503560893e-06,0.040191955166613766,0.0005909918573175655,0.00022828120299131656,5.643609204330012e-05,5.4157359037062645e-06,5.374249330371585e-06,0.0025118383237205445,0.032744131451744374,1.74228948697239e-07,0.43668404158646096,3.674730085429523e-05,0.0027073829161002715
11,0.001382428248445072,1.1725535379987726e-07,0.15692560395704602,0.0009134522302836058,0.21827333371257246,0.0001530766226942119,0.0004303580400879959,5.5953894955834926e-06,0.0031353517499649415,0.06763885154309811,0.051845967814664634,0.0012748389867288156,2.2706538650533656e-06,0.0399326036605684,0.0005568093372434949,0.00025534836762147587,6.332190874182932e-05,5.82087928787451e-06,6.27085407727666e-06,0.0027864090825801954,0.030488169339242074,1.7295446392978257e-07,0.42136735240337025,4.3811870841672175e-05,0.002512663137661193
12,0.00015650737795443265,2.0704698101287805e-08,0.014568060962369128,0.00013019879136689486,0.22633274004110274,7.030326860150327e-05,0.0001968388611718197,1.5107221064919298e-07,0.0005669525252598144,0.006929663086535158,0.010257974566249025,0.0002969503929525568,2.502904432962427e-07,0.06803063360854794,0.00012183942526428192,4.4435795076181105e-05,1.4212128389989557e-05,5.2038427688473194e-06,6.908710301725264e-07,0.0015818770102099873,0.016645474536765025,1.178741834477515e-08,0.6519443455076924,1.8198422970254878e-05,0.0020864651229513635
13,0.001201776233235098,1.918684134900324e-07,0.12780225115332766,0.0010064903507089832,0.26230295391593533,0.0003530536351901897,0.0005283151659889702,4.403025264207119e-06,0.004038500534850204,0.06423920598971991,0.026021545478143376,0.0009293682963502353,1.7653950983001634e-06,0.024669748707361813,0.00041211960052215535,0.00030197754242763713,7.854412053551516e-05,6.392781347742048e-06,1.05390392111761e-05,0.001982583883299939,0.03313142795550023,2.7649526226839143e-07,0.4478959453307571,6.0269284013279544e-05,0.003020354217535217
14,0.0005971101723542557,3.257417087086638e-07,0.11369443336780227,0.0013452593562772973,0.4665355971267053,0.0002165763681232296,0.00012422932410252258,2.1354417008154627e-06,0.0021643052019291575,0.03354712585381584,0.09602408057708553,0.0004135616716338595,2.100661988016122e-06,0.027955563114345192,0.000550323729475686,0.00025942985204079863,2.5821221115084978e-05,1.4415550806804047e-05,1.2386481038813325e-05,0.004416738872247478,0.016409890708067722,1.236742723037521e-07,0.2345276790617195,1.1454311241209933e-05,0.0011493325584024795
15,0.0011960734140170708,1.2295775482082103e-07,0.1462614369601967,0.0009047981337422462,0.21940523689971014,0.0001523087314817552,0.00040581220609445435,4.645722318472421e-06,0.003046362419279154,0.05850405252709418,0.05308814448424368,0.0012665685193877737,1.6669126503560893e-06,0.040191955166613766,0.0005909918573175655,0.00022828120299131656,5.643609204330012e-05,5.4157359037062645e-06,5.374249330371585e-06,0.0025118383237205445,0.032744131451744374,1.74228948697239e-07,0.43668404158646096,3.674730085429523e-05,0.0027073829161002715
16,0.0007940068786246977,4.807783432598463e-08,0.12817606436091247,0.000760768642731787,0.15452679572785064,0.000131147844821677,0.00039279257277091944,3.5136875951117896e-06,0.001073951844154515,0.03387743616949672,0.05433175117890692,0.0019017677765220781,2.236362766888735e-06,0.07674928335424674,0.000573995177838865,0.0004304362444929432,5.0984148213225816e-05,1.3527417681923888e-05,3.6629163312745147e-06,0.004077672807776055,0.06318230377589545,8.972293100998664e-08,0.4778186439680157,3.9604269698446724e-05,0.0010875150718896523
17,0.0019118558937412423,7.57043896142686e-08,0.16731459901212975,0.0010231516949311054,0.23723461185030437,5.603105320733313e-05,0.0007460021324325765,4.595403924309603e-06,0.0023061871323973395,0.04066065009034751,0.07157733150867204,0.002206212055253512,1.6287997862861426e-06,0.08219227901148264,0.0004119666537912879,0.00015828745395837684,6.650683250384311e-05,2.884250059510179e-06,2.0677173691646085e-06,0.002551001089901353,0.02761529046663512,1.6293352942901444e-07,0.35757297813543376,3.167822722268267e-05,0.004351964896595852
18,0.001780100828753208,1.4085512462128482e-07,0.06434805584405438,0.0004218598878355605,0.2304541068514881,8.992455249622915e-05,0.0006190142138545548,2.12165737045385e-06,0.002755040358610612,0.04233302099302716,0.040032693962290505,0.0007869172471938311,8.318611663067282e-07,0.05798627905842051,0.000419277782234066,7.315704218738084e-05,0.00015194892395698333,4.584377878542727e-06,5.200230320598119e-06,0.0014503128204172175,0.019009479710620523,2.4163146152777896e-07,0.5268154704772182,5.2716110853847506e-05,0.010407502721165005
19,0.0012348656419183418,7.611614507544549e-08,0.2416895303676179,0.0009668924093881297,0.22958492304395012,0.00016563440517811126,0.0006960097241454782,7.167096452410351e-06,0.004110879992209219,0.1319735065003704,0.0417498882982134,0.0017900273143567574,2.452697674766293e-06,0.022210252011286662,0.00034615807386583825,0.00022056680376044468,6.677783217413723e-05,2.2203837741291083e-06,4.198238180274314e-06,0.002702274011330011,0.026428889446777536,2.408756932546295e-07,0.291235706319708,4.4898872284495966e-05,0.002765963523545084
20,0.0007157551367455329,3.483332490841823e-07,0.15101470964032357,0.0013453462758343027,0.11411110133438805,0.00023080551598127482,0.0002882338451020565,1.096921491847995e-05,0.0034954811224117473,0.05619040017230498,0.08467728588082483,0.003229238396073208,1.3578348370815521e-06,0.03526263380609913,0.0021266876077848554,0.00027457867758923384,5.118014296423285e-05,8.72834053055345e-06,4.814079471416951e-06,0.002516962549310862,0.06739280075283106,5.518804106150686e-07,0.4741732559580454,3.0529483449682975e-05,0.002846244018518597
21,0.0013893210782819957,8.304137703940023e-08,0.13253360705265452,0.0015735453097842909,0.17795574470990583,9.45748333211017e-05,0.0002955932325152254,4.1686222822415725e-06,0.0020281018469222403,0.040677320059326824,0.1076845093825433,0.0017051177908186845,1.7523096422431668e-06,0.07971020752042447,0.0006726307474707196,0.00031241056323481057,3.428740953946418e-05,7.815180624354355e-06,3.3804506376279844e-06,0.0035874869705565127,0.03137796493404207,1.0810871585160182e-07,0.4165350380395941,1.9702299256676218e-05,0.001795528506527968
22,0.0011002278854931873,5.880510011362996e-08,0.17589354979797564,0.0013000491757257648,0.16735721314485433,9.960028880983105e-05,0.00035577629135257746,4.061935854031088e-06,0.0019589718738356183,0.06702876934224244,0.09478626972419259,0.0012381172247946405,1.8811289910311248e-06,0.034087124924543924,0.0004429131814410051,0.0002768588271031992,7.265164268460293e-05,6.861177893263506e-06,3.4988343072825794e-06,0.0038545624825056077,0.04098806037905299,1.5577325009370676e-07,0.4075593759962098,2.3274197383803222e-05,0.0015601159644027477
23,0.0011960734140170708,1.2295775482082103e-07,0.1462614369601967,0.0009047981337422462,0.21940523689971014,0.0001523087314817552,0.00040581220609445435,4.645722318472421e-06,0.003046362419279154,0.05850405252709418,0.05308814448424368,0.0012665685193877737,1.6669126503560893e-06,0.040191955166613766,0.0005909918573175655,0.00022828120299131656,5.643609204330012e-05,5.4157359037062645e-06,5.374249330371585e-06,0.0025118383237205445,0.032744131451744374,1.74228948697239e-07,0.43668404158646096,3.674730085429523e-05,0.0027073829161002715
24,0.0014205013848172868,1.422715265081354e-07,0.14435769728010592,0.0018219004488706624,0.26437292511136484,0.00015009351361312798,0.00037362594359594215,4.9247680730456885e-06,0.0028329065957363874,0.058902861382614184,0.07801648195451899,0.0015398159077454781,2.1832884889635666e-06,0.05145377400023733,0.000518584996218058,0.0002730170711134042,4.764255853875458e-05,6.453873728372647e-06,4.850577458105783e-06,0.0035085914231027322,0.026007566752672667,1.8973560261533027e-07,0.36169550641564446,2.7109454856913993e-05,0.0026606532897552
25,0.0021413365442400083,3.791552981777769e-08,0.18987392840587192,0.0012333337500109113,0.19175240430271437,3.4757638587471543e-05,0.0006045149946146253,9.257970300341537e-06,0.0021420923275411573,0.07712007612118774,0.1649273201436921,0.0019961187228715784,3.1754234384696592e-06,0.07245399968000982,0.0005257299623756184,0.00017772850208441215,5.215817832393449e-05,3.820917712721017e-06,1.7613228775132171e-06,0.004921309012970465,0.017719209650457427,9.883120161579636e-08,0.2701143640308951,2.201510433965257e-05,0.0021694505461512196
26,0.001313282214786956,6.930648742083627e-08,0.07532018721178842,0.00045172705956541187,0.17944130414498904,0.00015686593009483173,0.00036777128152580194,2.836946260850706e-06,0.004206064750729731,0.053346649046098586,0.01915630108394507,0.00035588490846589897,1.518227005536211e-06,0.01657815657747896,0.00024297312043743385,0.00015440318930948864,6.843990270002032e-05,5.382809045647047e-06,6.253353587825991e-06,0.001619140454313036,0.021333022634924412,8.602244519462915e-08,0.6236732952769384,5.206701964306136e-05,0.002146317527432931
27,0.0013341333802531236,2.9035423055627237e-07,0.12170957321404631,0.0012996495703998217,0.21917367032380722,0.00020803695336779705,0.00040100488876903363,7.459294370108988e-06,0.0060541251736873775,0.07184913579973128,0.07466639010220123,0.0015352856690428848,1.2921609316596802e-06,0.0351353026002258,0.0010655825880211795,0.00019805305175951,5.551761401666019e-05,5.305917668236056e-06,6.696205017317852e-06,0.0020157879573131014,0.025621997560141326,3.7430471178471186e-07,0.4327054703158233,2.9324105087479214e-05,0.004920540895375902
28,0.0011960734140170708,1.2295775482082103e-07,0.1462614369601967,0.0009047981337422462,0.21940523689971014,0.0001523087314817552,0.00040581220609445435,4.645722318472421e-06,0.003046362419279154,0.05850405252709418,0.05308814448424368,0.0012665685193877737,1.6669126503560893e-06,0.040191955166613766,0.0005909918573175655,0.00022828120299131656,5.643609204330012e-05,5.4157359037062645e-06,5.374249330371585e-06,0.0025118383237205445,0.032744131451744374,1.74228948697239e-07,0.43668404158646096,3.674730085429523e-05,0.0027073829161002715
29,0.0011960734140170708,1.2295775482082103e-07,0.1462614369601967,0.0009047981337422462,0.21940523689971014,0.0001523087314817552,0.00040581220609445435,4.645722318472421e-06,0.003046362419279154,0.05850405252709418,0.05308814448424368,0.0012665685193877737,1.6669126503560893e-06,0.040191955166613766,0.0005909918573175655,0.00022828120299131656,5.643609204330012e-05,5.4157359037062645e-06,5.374249330371585e-06,0.0025118383237205445,0.032744131451744374,1.74228948697239e-07,0.43668404158646096,3.674730085429523e-05,0.0027073829161002715
30,0.0011960734140170708,1.2295775482082103e-07,0.1462614369601967,0.0009047981337422462,0.21940523689971014,0.0001523087314817552,0.00040581220609445435,4.645722318472421e-06,0.003046362419279154,0.05850405252709418,0.05308814448424368,0.0012665685193877737,1.6669126503560893e-06,0.040191955166613766,0.0005909918573175655,0.00022828120299131656,5.643609204330012e-05,5.4157359037062645e-06,5.374249330371585e-06,0.0025118383237205445,0.032744131451744374,1.74228948697239e-07,0.43668404158646096,3.674730085429523e-05,0.0027073829161002715
31,0.002318022612410917,1.1814933083335461e-07,0.33754678869763477,0.0008533192094604273,0.1814213248649173,8.829893209684406e-05,0.0004285123046054062,1.3282248800270961e-05,0.0026741981679077476,0.05251715343904982,0.05141433519475024,0.001674485436488276,4.538292388299686e-06,0.03706428441251433,0.0005897041034185908,0.0003867674946399997,7.735782043179284e-05,5.5341101572996985e-06,8.103882027983602e-06,0.002837053984527377,0.04010658923995537,1.7468390586066253e-07,0.28639130568724447,5.3878593714664734e-05,0.0015248684376210058
32,0.001342683354084474,1.4895488122224934e-07,0.15555842339028156,0.0008988374879613339,0.23126447267283065,0.000169965827918317,0.000379227684078235,4.824215910710722e-06,0.00311979196622297,0.05864893809865453,0.04913496313406867,0.0011525627677362326,1.9727146142221357e-06,0.03875487616404977,0.0005758740890599628,0.00025688868293535696,6.24673050916491e-05,6.197538821977315e-06,7.549156962724623e-06,0.002462792185121394,0.03192861906364474,1.8738367775128611e-07,0.42162744266437674,4.203480442814521e-05,0.0025982586925866564
33,0.005334304631716554,5.460236402237939e-07,0.20018453702976752,0.00270101805511208,0.2379029398111315,0.0007896326975080141,0.0009089623272478182,1.2458319208222404e-05,0.0015692999420782766,0.07894353956890539,0.014214518419458724,0.0017004041017101513,2.2189057091413503e-05,0.05602687469583227,0.00023848606746077825,0.0023507269026603766,0.0005967446146925392,5.369556870266432e-05,0.00014080687126098425,0.0036847602625991616,0.03993311317239601,1.1742993825644956e-06,0.35005161683595426,0.0006501722111032082,0.0019874785133793607
34,0.007072004057449927,6.565995620940734e-08,0.2073918603504426,0.0006136928837398593,0.3750230712854285,3.509810578930137e-05,0.0003091294325576979,3.987112708044639e-06,0.0026012882220312647,0.041241991343171754,0.06784138911683707,0.00042805618549665266,3.1311484381669317e-06,0.06350794296379482,0.000262157849140701,0.0001988182322369665,6.447886989980237e-05,4.113803007376629e-06,1.191130171949252e-05,0.00180869896178823,0.012308818973449428,5.531081751472998e-08,0.21756249773024386,3.00673150431444e-05,0.0016756737848115607
35,0.0013614270877840215,1.3890916514431422e-07,0.14871558227519027,0.0009817810339395792,0.2275666240197146,0.00015639979115196633,0.00041554973649166516,5.4540931084828875e-06,0.0035907882062540214,0.06106032062615032,0.05631754144751978,0.0012737042523269656,1.7607065968396038e-06,0.03821403137888007,0.0006223673756561484,0.00023628933723384224,5.930185247121506e-05,5.562915582143099e-06,5.9775261778942715e-06,0.0024593963515169444,0.030920443275654203,1.963003802488184e-07,0.4231462215064695,3.606405372855097e-05,0.002847075940855724
36,0.0011330877391735287,1.1358468151068497e-07,0.1462890217604821,0.0008741045686174529,0.2222836638111172,0.0001509287231528734,0.0003656401332563619,4.083509155596565e-06,0.0029683014747649674,0.05917907504894032,0.04938658589534059,0.0010518942856338799,1.6034962247225685e-06,0.03638840609657382,0.0005344857338770368,0.00021812527246014622,5.0478059976766114e-05,4.951605585558946e-06,5.251413934689039e-06,0.00248823551729823,0.031695492644493437,1.45288933231769e-07,0.44244381461332216,3.517502560891355e-05,0.0024473346973948843
37,0.0006770335304140673,2.860024367380864e-07,0.13883208545995923,0.0011928398436343458,0.2580520168422578,0.00029890673268008207,0.0002778032303734493,1.0576932193740461e-05,0.011608747570503503,0.09730077361932342,0.08250505891595591,0.0013443480250953193,1.1436320778472643e-06,0.01281996211571647,0.0012197138981972094,0.0001843673254624843,3.9898961465009296e-05,4.420041248740237e-06,5.9573000754324765e-06,0.0023422918440477603,0.025785976516015066,3.870348149511016e-07,0.3621851617349005,1.4954355049660834e-05,0.003295288536101147
38,0.0006567526288748831,9.807324477478609e-08,0.10149879446922108,0.0005888751859065514,0.14896038537907125,0.00027573897977450185,0.00039068283832266546,3.073723364989797e-06,0.0020196052179869786,0.04212229363819808,0.03384060745865701,0.001250103125844873,1.5297900544885683e-06,0.03607937341769733,0.000671099356655455,0.0003511388021764799,4.926841987617341e-05,1.0117084202761449e-05,6.513302570115352e-06,0.002093711876853312,0.05425493222004682,1.5050611885837987e-07,0.5733289564169589,4.7074734633809335e-05,0.0014991233536879667
39,0.0009721120582807933,1.4172194760253114e-07,0.178133064774847,0.0009034187157893863,0.19465760226055911,0.0002042915442089628,0.0003674436196487862,5.472612355888581e-06,0.0030199478495533945,0.052152972334188655,0.04119898632137165,0.001504681885117206,1.770131390329772e-06,0.03013200589999022,0.0006075217712663623,0.00030295645784688953,6.40342416624099e-05,5.962931660349089e-06,6.201092974352878e-06,0.0025037394579475636,0.05041014391643917,2.183503532281547e-07,0.44063297794402595,4.0419682179920504e-05,0.002171912424394562
40,0.00041657964961923073,6.976435939969417e-08,0.021520197758795358,0.003742738030338161,0.024525691746078503,0.001011141085884696,0.0002513798740674491,1.1682234572012201e-05,0.007055558772910143,0.19274246486192903,0.01978092531799251,0.00030770244602855586,1.4616011461516117e-06,0.0017516882229367111,0.00035888685131352336,0.0005109022906945316,4.88058472157655e-05,1.562647419193591e-05,4.789668145608515e-06,0.0021066836635731208,0.020658172627355937,3.1353563325364034e-07,0.7025601872827145,3.392273702685973e-05,0.0005824276554768644
41,0.0013558974690491227,2.7629489648249725e-07,0.1275597262381133,0.002493242391580603,0.43003048841217706,0.00013800702078926096,0.0001275086992295453,7.802003959089291e-06,0.006426655087549955,0.04552242347416439,0.12828212404631323,0.000562283959115994,2.235929027489375e-06,0.031552316093560566,0.0008109367566012118,0.00034583133245712536,1.486309303006265e-05,8.429395902911742e-06,8.870747614193399e-06,0.0033515724746642403,0.011775478330683382,9.995505387764615e-08,0.2085009953058431,8.173661568500206e-06,0.0011137618270552583
42,0.0011470657980389477,7.529633330785164e-07,0.4330413020094193,0.0030574759085269416,0.15860350526603845,0.000461360809663729,0.0002534352915499149,2.3061935266016673e-05,0.007228372401783164,0.05709032395024399,0.0483356846552227,0.002369428685505427,2.4058311495180925e-06,0.008568957241808055,0.0008841847055907896,0.0008724739028851423,9.356485564227872e-05,6.06754171162841e-06,2.001145106123248e-05,0.001954737858438325,0.0670380972022915,1.4565606849286245e-06,0.20742347993445512,2.751050545227364e-05,0.0014952827342374936
43,0.0005889324293639873,8.090548721021608e-08,0.18281941086546866,0.0007882054420570532,0.14740421907891413,0.0004552598428667309,0.00033572030064548406,7.171107448396685e-06,0.003616005749912394,0.12418131425145985,0.01780054425678271,0.0011169537445705304,2.526866380522378e-06,0.00816755505857924,0.0003913345176488081,0.0004065396170028591,8.342124987787628e-05,5.486584405017602e-06,7.809891149441298e-06,0.0027124325330590334,0.07735098767893131,2.4955431019328405e-07,0.4307553822436683,6.097226543522576e-05,0.000941483964575065
44,0.0011960734140170708,1.2295775482082103e-07,0.1462614369601967,0.0009047981337422462,0.21940523689971014,0.0001523087314817552,0.00040581220609445435,4.645722318472421e-06,0.003046362419279154,0.05850405252709418,0.05308814448424368,0.0012665685193877737,1.6669126503560893e-06,0.040191955166613766,0.0005909918573175655,0.00022828120299131656,5.643609204330012e-05,5.4157359037062645e-06,5.374249330371585e-06,0.0025118383237205445,0.032744131451744374,1.74228948697239e-07,0.43668404158646096,3.674730085429523e-05,0.0027073829161002715
45,0.001743340140938885,1.5061892258859283e-07,0.21063909021057536,0.0011871790343874913,0.20605354582921906,0.00024415568151604696,0.0008801402159553345,2.296834743708506e-05,0.0046005709160689785,0.11072077889642806,0.058262420985610325,0.0022253830042271825,5.083313707890589e-06,0.036445483111211985,0.0010452060350381648,0.0005851558419377501,8.285707718859138e-05,1.0367146919186582e-05,1.0900426868444804e-05,0.0034943118929959623,0.037194150115372984,3.4755744258976216e-07,0.32269567985440223,7.715125439527268e-05,0.0017735824912325684
46,0.003430729947962648,8.720055434485112e-08,0.3098066652506596,0.0022331767947082037,0.14104305675589374,0.00024157637586945285,0.0008442536925624143,8.526516321665277e-06,0.002454414062233033,0.11075544229812723,0.02857506754845524,0.00237876266398271,4.7302756116704715e-06,0.014423037003673393,0.00013554590075902725,0.00050320231557134,0.0004701895309682788,3.907264553917321e-06,9.17285138206995e-06,0.0026685725056625684,0.0637395212233355,8.216113786968765e-07,0.31377779534753314,9.180589531733399e-05,0.002399939166922834
47,0.005079410650694222,1.0160901324458831e-07,0.3148508855206017,0.0016861584284951388,0.1710008455324929,0.00015761607861102426,0.0007682654461047053,1.0874440684173179e-05,0.002650069513692084,0.08698672698642496,0.035143980377604536,0.0019874417872504098,6.327547405219831e-06,0.03396345027205092,0.0002531702114487465,0.0006685800108574519,0.00019180095666322382,5.559308794448628e-06,1.439556218488059e-05,0.00240376951583245,0.038437895123596244,3.691959000508812e-07,0.3017578151547038,0.00010506590341043295,0.0018694248654828635
48,0.002027117572451934,1.4339475980085503e-07,0.17557481930512114,0.0008440691353629428,0.20596195288199026,0.00024061688253092665,0.0005804828969133615,7.473331553005236e-06,0.003201158974589433,0.09367013599687785,0.029713191814984483,0.0011525594279505574,3.5155562174052703e-06,0.02945843354475706,0.0004264042886271199,0.0003511183110272327,0.0001388468405437807,7.260722506210238e-06,1.405226936908935e-05,0.00244636445050583,0.03423445014378252,2.862356014839508e-07,0.41723308584774793,0.00010279973600126223,0.002609660438227426
49,0.0008288736900831103,2.051414062744176e-07,0.23659495036447856,0.001175978691493048,0.20582532383000446,0.0002786493933291958,0.0004170074337181904,6.999175199328776e-06,0.003982480209442313,0.06978579934252736,0.044230273585512,0.00228693469832331,1.7721251650944936e-06,0.02108229500724866,0.0006353755374226173,0.0002989608541056082,6.69118072742119e-05,4.2272594920886905e-06,6.084680864099269e-06,0.002598580731185017,0.051532640777563046,4.3031762823885485e-07,0.3556770631000604,3.6327850916702124e-05,0.002645854395557131
50,0.0039377596779518196,2.7649242025684967e-08,0.16276088078756307,0.0005860519074782318,0.24600368678841658,5.0173132739925824e-05,0.0011473117055770356,6.879980609211426e-06,0.0022070290034953465,0.15306881054176374,0.0554266781128988,0.0009638674192815085,4.3969206938936585e-06,0.07387035752739647,0.00026532250408138326,0.00015499717673124957,9.600767439458959e-05,2.9563055745228727e-06,4.696751450546401e-06,0.003316401241357516,0.01045762024716575,7.83024847706734e-08,0.2823135530056659,8.634424462768936e-05,0.003268111391358436
51,0.0010857670800763183,3.987001904814291e-07,0.14436001112298633,0.0022972012277278713,0.18557568264461707,0.00022037220503737844,0.0003106223281427495,8.39634677986353e-06,0.0043932639581013636,0.053469174209990145,0.09639729887541235,0.001956654297443724,1.445493663121586e-06,0.038880296699776634,0.0012971327741568583,0.00028660176862440917,4.719135473027818e-05,7.682416235067628e-06,6.021923333707402e-06,0.0026495924720604906,0.037605280616846835,4.5100643548614217e-07,0.4256222595547894,2.3467163096532242e-05,0.003497733759745528
52,0.0010779134422996268,1.3070731907285524e-07,0.21188543912335134,0.00047762722573348626,0.19566049645180922,6.192145023739887e-05,0.00047891167653124666,1.9813696506330864e-06,0.0019637190342871582,0.018218545909795703,0.030824618326914157,0.001085531948639544,7.617318079112436e-07,0.03804893171760589,0.0003069737169793508,0.00013748570550148223,8.768468631204932e-05,1.8002266968551295e-06,3.105459518226413e-06,0.001130433138210487,0.0446660399817134,1.73194464686159e-07,0.44938480300579525,3.4026656505086394e-05,0.0044609441123206525
53,0.00040609069362115293,2.0928426255355536e-08,0.07019012071024786,0.0005019666870777909,0.1333392587376204,6.656689131063394e-05,0.0005617870323698267,1.555652525492322e-06,0.0014674356671030128,0.034287714630178795,0.04886889786083086,0.0011162779124368255,7.238540026521229e-07,0.04313267832699221,0.0003392143066260251,0.0001145883759286117,2.893375176274991e-05,3.615364093463176e-06,6.879669094277527e-07,0.0028530603780164317,0.0320368141895243,5.149952591957577e-08,0.6287223779321043,1.9976478470540088e-05,0.0019395841722943973
54,0.0015062167296726176,5.333304910171291e-07,0.08845399385776477,0.0010714901197456234,0.23318583742492222,0.0001667625797928777,0.0005458690255907144,4.507950180725865e-06,0.004339013859012396,0.044389615025268545,0.0671259996694466,0.001556860690722533,6.92678172497763e-07,0.08345371865101796,0.0014333550244551505,0.00013970903321873518,5.361303778158546e-05,4.310118001107225e-06,6.795974091297086e-06,0.0011848771517066457,0.02149750879830494,4.5939106643122155e-07,0.43835329608219453,3.804128114789148e-05,0.0114869225162307
55,0.0011194706683133665,9.726152013138567e-08,0.12480573555923638,0.0008248504202586465,0.24367712479232936,0.00018962049697041124,0.0007286462691231048,8.892860924690237e-06,0.004202430945929703,0.04869615104766487,0.047761175397747505,0.004529076301166527,2.793703416119025e-06,0.06508699729067595,0.0006817795950423413,0.0003665463290871771,5.248612672126977e-05,9.017964844897388e-06,3.956984728437788e-06,0.003450123431631471,0.03238513115174818,2.2160975106251893e-07,0.418268553602173,4.6066311025127056e-05,0.0031030538779702565
56,0.001302604258430369,1.186405077928469e-07,0.15221787585534566,0.00096268542017679,0.21984282785166429,0.0001616682923864237,0.0004252357058263725,5.381593622192279e-06,0.003121897001241482,0.06484154381371207,0.05161145626359195,0.001289935978215647,2.1380310293726643e-06,0.03932387611631241,0.0005578791844454513,0.00025712552297566785,6.0301637361560676e-05,5.916289980371076e-06,5.95055926154345e-06,0.002810268869816657,0.03185771196019455,1.7408843449371632e-07,0.42678670197567947,4.1278082533000427e-05,0.002507447007254249
57,0.000717466769163446,7.671776911547443e-08,0.35358871616578313,0.0004866337808611059,0.24704474608671104,0.0001339219243184804,0.00033921727507405127,4.9516914815443545e-06,0.002611597568978341,0.06280507699185876,0.029199480164012387,0.001867350953917979,2.2810211820186756e-06,0.020303641927638123,0.0003211811451829426,0.0002536690493894598,5.830449903713181e-05,2.2099249124078506e-06,4.830634594264657e-06,0.00280418004173524,0.04286518016539662,1.620036529940762e-07,0.23301532765828478,3.528012708601752e-05,0.0015345157119783662
58,0.0012386928033457565,1.1381780262141143e-07,0.1456945985444432,0.0007463613200586669,0.20008332501918435,0.0001824316279101553,0.00045047129397645064,4.996401171114095e-06,0.002709502859801782,0.06822884357726906,0.0358037901857902,0.001274252245587059,2.292969021158724e-06,0.03805993249590549,0.0005093216317885595,0.0002531597626309772,6.663568892463681e-05,6.095794873594829e-06,6.65338291629562e-06,0.0025854745807587847,0.03428010606407463,1.7261920485713735e-07,0.46529239109497333,6.215379035714358e-05,0.0024582304282301302
59,0.0011733758460440258,1.0864051974661676e-07,0.18033944026787477,0.0007352469147724831,0.2051807697612093,0.00015933647620507596,0.00042911161679078265,4.9750076160429474e-06,0.002634421059915051,0.06260264451431355,0.03664270415326565,0.0012747825752127816,2.235610294326894e-06,0.03507250750138696,0.0004792734325205327,0.00025524480611168387,6.448238081753047e-05,5.0662393139940055e-06,6.08930804467342e-06,0.002658318462520582,0.037354653096489616,1.6323800494819556e-07,0.4306276589264785,5.453926331220965e-05,0.00224285090096524
60,0.0011960734140170708,1.2295775482082103e-07,0.1462614369601967,0.0009047981337422462,0.21940523689971014,0.0001523087314817552,0.00040581220609445435,4.645722318472421e-06,0.003046362419279154,0.05850405252709418,0.05308814448424368,0.0012665685193877737,1.6669126503560893e-06,0.040191955166613766,0.0005909918573175655,0.00022828120299131656,5.643609204330012e-05,5.4157359037062645e-06,5.374249330371585e-06,0.0025118383237205445,0.032744131451744374,1.74228948697239e-07,0.43668404158646096,3.674730085429523e-05,0.0027073829161002715
61,0.0011594238254551109,1.0920356674383207e-07,0.17704237092061745,0.0006816260587791276,0.21362850610792766,0.00015092681794319498,0.0004162062205096802,4.360804524439874e-06,0.0026734101105723796,0.05851132916534225,0.038347573450609546,0.0012429573098609301,1.9142322119980092e-06,0.03610474301026945,0.0004871669804172126,0.00023128178861595494,6.136548611970865e-05,4.586937787935569e-06,5.8252856350740955e-06,0.0023887198222727725,0.036699921217503546,1.5868902269966224e-07,0.4276889058586216,4.853491780085244e-05,0.0024180757780128026
62,0.0011960734140170708,1.2295775482082103e-07,0.1462614369601967,0.0009047981337422462,0.21940523689971014,0.0001523087314817552,0.00040581220609445435,4.645722318472421e-06,0.003046362419279154,0.05850405252709418,0.05308814448424368,0.0012665685193877737,1.6669126503560893e-06,0.040191955166613766,0.0005909918573175655,0.00022828120299131656,5.643609204330012e-05,5.4157359037062645e-06,5.374249330371585e-06,0.0025118383237205445,0.032744131451744374,1.74228948697239e-07,0.43668404158646096,3.674730085429523e-05,0.0027073829161002715
63,0.0011632597931511407,1.8274313780796353e-07,0.1344229676076919,0.0009666483488016036,0.2179700813220485,0.00017742343294380262,0.0003654829762951799,4.695751432240879e-06,0.0034665230659103527,0.05304890450281005,0.054636698075314925,0.0011988242034867464,1.513262681337548e-06,0.03777183060791558,0.0007077959088364004,0.00022532095063277987,5.5582100835355295e-05,6.076162938424981e-06,6.323477630639429e-06,0.0022706034378140736,0.033217249867176946,2.157981805051782e-07,0.45521906939681817,3.484169006916732e-05,0.0030618855154465052
64,0.0007932843991924197,1.0260949499786745e-07,0.17753668410601015,0.0006596326384426597,0.18470035041461844,0.0001522250798097044,0.0003301850104179664,3.2642213792665763e-06,0.0022746100907096436,0.04395300296541901,0.036914053502729756,0.0013475735150952693,1.3540973459678648e-06,0.03045025376987449,0.0004829019909761641,0.00022426511274763227,5.8173728578455894e-05,4.192004659273175e-06,4.257977905278816e-06,0.0022311156039666034,0.0549299376582039,1.6070934583170474e-07,0.46083114566499117,3.5517880348336675e-05,0.002081755247737488
65,0.0003762685461018513,1.5324141801416466e-07,0.07921265169506024,0.0005942416061200513,0.1288572410692222,0.00020953202948157006,0.0002664341898759112,1.7596372123265398e-06,0.0016144823669468115,0.0228280092074473,0.020308958127353782,0.0010187170837402907,7.161523421151053e-07,0.02911210453067081,0.0004912270394613161,0.0001667301547313739,4.508726293066995e-05,6.310396129028796e-06,3.133820309898549e-06,0.0019307203554101075,0.05711861233259681,1.630579889353426e-07,0.6530580003356433,3.8476471741595876e-05,0.002740269290063704
66,0.0001723802224467873,1.9025940931815527e-06,0.011132526643527922,0.0011475854254036685,0.014792569596657664,0.00025882313627822746,5.783044666260514e-05,5.016997378383492e-06,0.0023660131979549733,0.01028784817087478,0.07741797742217947,0.002701860393987272,7.754824021475084e-08,0.037601076817713554,0.012629253107064132,8.025659906045958e-05,1.623324181129189e-05,1.7389902453141064e-05,2.248232481951628e-06,0.00041345700373268636,0.04760205369937196,1.2506143365732906e-06,0.7744804336743072,9.787827772098712e-06,0.006804147484209889
67,0.0017794195960566226,1.1419613236766373e-07,0.17694015116616724,0.0009079297261529685,0.2835244038267911,0.00011651456595984312,0.00040531357995321227,6.4189056264258386e-06,0.0039094379693456055,0.07402513862659567,0.06584994889047568,0.0011579113119793852,2.1503955335180834e-06,0.04071331125029563,0.0005865094996795894,0.00022828335492336592,5.2510347362715764e-05,4.483545001693293e-06,6.5593677627305185e-06,0.0024666880284312945,0.023219690782363488,1.5429554529800785e-07,0.3216424506973703,3.248607577206441e-05,0.0024220199987221402
68,0.00033613677961991096,1.0576647568766404e-07,0.11647801677581018,0.0005886433483729788,0.1440715201030839,0.00031017000486304895,0.00045004024220890573,4.990329465311316e-06,0.0022664523984988584,0.044976551593435145,0.032375051251245936,0.0028666677379083636,1.0918296712477995e-06,0.027048069905442142,0.000900830557738132,0.00021308542714792034,4.5347887224610035e-05,6.8431286858713245e-06,2.404960732899202e-06,0.002862897864482727,0.08759846547465404,2.382162528738679e-07,0.534316530521096,3.848809861511357e-05,0.002241359797268117
69,0.0011098541715487053,1.2035596318139626e-07,0.1395070812816648,0.0009050111576750311,0.21384131926749914,0.00014990637572643998,0.00038701199776417335,4.5282477214798915e-06,0.0030883070672954958,0.05758267967985805,0.05625022632106233,0.0012528116336525685,1.5496172493223235e-06,0.038514264189112024,0.0006138902784241554,0.00021327640608926167,5.4056522165359595e-05,5.450410555949431e-06,4.868953639590319e-06,0.002562441596924309,0.0331510025217933,1.7139196838806636e-07,0.4480576723081019,3.308750183814461e-05,0.002709410744707019
70,0.0011736050642141482,1.223109573109347e-07,0.14836951876722634,0.0009366248789851648,0.21931935398817654,0.00015426467791534857,0.0004045199799598315,4.675473341282038e-06,0.0030908044741140683,0.05890534080494755,0.05389447566913687,0.0012739574921555835,1.6583209624829402e-06,0.03930022173103889,0.0005883813101903227,0.00023196645455864196,5.4984978458526456e-05,5.335656975612149e-06,5.26026119122902e-06,0.002546829814689617,0.032831093556539986,1.742755000197037e-07,0.43420931510401506,3.553872223525767e-05,0.002661976232514444
71,0.002996821036706364,6.305935316176675e-09,0.07189186015353433,0.0003288695820378424,0.4045653994962288,5.731755907017094e-05,0.005362201688505489,5.078059573517192e-06,0.003763904335007943,0.21287622167323106,0.01913157457491276,0.0004809908645848136,4.194118559069802e-06,0.03298997778406757,6.337557607700016e-05,9.526158870043228e-05,0.00010515887164292986,1.4546132170175994e-06,1.8139320676887679e-06,0.0031676728791744796,0.004385741727911661,4.469582522635988e-08,0.23425181214018118,0.00011424652505673727,0.0033590002181905754
72,0.0011826593913850925,1.3239180187990434e-07,0.14048799939224754,0.0008761473086397323,0.2143640879559205,0.00014336581229971404,0.00036632088096989735,4.29583418566707e-06,0.003074142109408341,0.05784375246215571,0.05620867976366793,0.001217737016833452,1.4739156439403494e-06,0.04050518438991807,0.000628811983904422,0.00019876936498339085,5.4485206477053877e-05,5.060814454248111e-06,5.205680002836948e-06,0.0023589385960445033,0.0315778169144233,1.76272782524182e-07,0.445887154835146,3.3918900970190194e-05,0.0029736828057339557
