,0,1,2,3,4,5,6,7,8,9,10,11,12,13,14,15,16,17,18,19,20,21,22,23,24
0,0.3812320563810634,3.771266784256581e-05,0.6106501229488667,0.00039607914722579907,1.889847531567398e-05,0.0001237415037133595,4.241609412415402e-06,0.000721936501550443,4.621521305343438e-05,0.0003002528185052256,0.00025702593281383933,8.927248233545796e-05,3.617705923603008e-05,9.124813020693457e-05,6.8352375156396e-07,0.00023170635047173907,0.0042007884720707675,0.0007685989807798419,1.5412271082573935e-07,1.0752115218136114e-06,2.5356721618093157e-05,1.4685570822899163e-06,0.00059589924005273,0.00012190613869689569,4.7381810102093276e-05
1,0.3413344408061533,3.927346178861104e-05,0.650499456875329,0.0003687479741309157,2.0201654229665676e-05,0.0002341888946739661,5.013468084532852e-06,0.0008228163936040598,0.00011172591511991891,0.0006101520371584322,0.00030237574237707156,7.685361798179823e-05,3.9756013470045246e-05,0.00015955483344500733,1.116443513179828e-06,0.000257627307841753,0.0029547812992443204,0.0010446636993920871,2.482138557114984e-07,1.73030221384528e-06,3.184669903717703e-05,2.165013391859738e-06,0.0008467808558453165,0.00015915590663780426,7.532657148052464e-05
2,0.30435900068721,4.4102362155020144e-05,0.6874436037257092,0.0003506470440927198,2.5597608282121266e-05,0.00022645831567816185,5.1126058700214065e-06,0.0008938867405585969,0.0001475716328447446,0.0007046249563294132,0.0003339500968254255,8.63391200845358e-05,3.880827638264242e-05,0.00024233864271385955,1.4026747476843007e-06,0.00025146382527291777,0.002698529567630249,0.0009867044902389388,2.2836541486715942e-07,2.210221493715252e-06,3.338439630664091e-05,2.4616537021612133e-06,0.0008454717920349875,0.0001735156433686107,0.00010258555505271142
3,0.3507384482377585,4.021186217717046e-05,0.6410026374167256,0.00037316017032448107,2.0534360199715507e-05,0.0002347125031696798,5.001512519911222e-06,0.0008352939142412488,0.00011005093205758776,0.0005956839974603286,0.0003145927695158651,7.922073428059488e-05,3.96279689192438e-05,0.0001603603701099834,1.1376863319006442e-06,0.0002526608248115299,0.003044568489972061,0.0010357656257047982,2.4582302976050826e-07,1.6970845220541282e-06,3.158861943466164e-05,2.230486089394619e-06,0.0008479292185083796,0.00015666483343019364,7.597455870546452e-05
4,0.33899707180634664,4.092177751459818e-05,0.6531614375108247,0.00036104772744340415,2.000658417356888e-05,0.000195153159632442,4.762017944392683e-06,0.0008205049492897372,0.00010653336835983476,0.0005850374124404062,0.00030117525822508296,7.569981083502478e-05,4.3430488505329716e-05,0.00017731614860891045,9.891847934301799e-07,0.0002239971347153655,0.0028020966127199794,0.0010569619751833023,2.3076472928778382e-07,1.775563352066368e-06,3.3092050649948124e-05,2.2532882396106014e-06,0.0007642523702046069,0.00015434566869211612,6.990736657652575e-05
5,0.3352187463139234,3.58715568080843e-05,0.6562871516229621,0.0004441986348186981,2.101522398868221e-05,0.00022764005839059676,4.6607011150835505e-06,0.0007929239020890225,0.00010635961447671675,0.0006425230169752141,0.000276159951507989,6.344106444245013e-05,4.0431754399726526e-05,0.00015935929550127108,8.840327066702418e-07,0.0002288067987642837,0.002774337363033991,0.0014045795333406939,2.4472331197542994e-07,1.8731190886371734e-06,3.372922690214719e-05,1.7588905602149379e-06,0.0010096406491878263,0.0001668724654902615,5.679048621428701e-05
6,0.3507384482377585,4.021186217717046e-05,0.6410026374167256,0.00037316017032448107,2.0534360199715507e-05,0.0002347125031696798,5.001512519911222e-06,0.0008352939142412488,0.00011005093205758776,0.0005956839974603286,0.0003145927695158651,7.922073428059488e-05,3.96279689192438e-05,0.0001603603701099834,1.1376863319006442e-06,0.0002526608248115299,0.003044568489972061,0.0010357656257047982,2.4582302976050826e-07,1.6970845220541282e-06,3.158861943466164e-05,2.230486089394619e-06,0.0008479292185083796,0.00015666483343019364,7.597455870546452e-05
7,0.15448604905144653,7.916576424258333e-05,0.8266627442118428,0.0007342641510559873,6.500987380284941e-05,0.0006046213750865494,7.99357586574948e-06,0.0008402758100727504,0.0004348148545535281,0.0017195236533091081,0.00027309098163541074,0.00014782185131554672,2.141087411809447e-05,0.0006045121790126213,2.5610784170137853e-06,0.0006438348122792912,0.006134028641834068,0.0012799642341544235,3.673390927222244e-07,3.82374869300826e-06,5.48408744985537e-05,1.9963856691759724e-06,0.004276294192912511,0.0005711723443499583,0.00034981814073929484
8,0.41573880565944143,5.2828696303739164e-05,0.5732909859541389,0.0004892469437991601,2.5158266438401766e-05,0.00037760807607194874,9.891176904034218e-06,0.0014840476996148262,0.00014452687421878606,0.0006946688472253464,0.0005013160435283733,0.00010932918603027819,5.5624031849327315e-05,0.00017931756583231684,1.8203249805729148e-06,0.00034440329469661327,0.0037122698375488304,0.0015612554953996992,5.317121871375545e-07,2.006829207298733e-06,4.7764154407400784e-05,3.947768885284589e-06,0.0009482979437337085,0.00013930948987764076,8.503812767897588e-05
9,0.49875298915997013,4.0088736571793263e-05,0.49178581895817985,0.0004208706369966354,2.4380975778158626e-05,0.0003457107571166689,8.51971513685398e-06,0.0011761295596686412,0.00011437186553362157,0.0004433999572782941,0.0005166307165920544,0.00010610744001860371,4.657637879508424e-05,0.00012608612319913023,1.5930907800244304e-06,0.0002522173970889163,0.00348697555881966,0.0012634201417982289,3.83205313591961e-07,1.4081167217632437e-06,3.700430816859179e-05,3.4341333952698346e-06,0.0008549700926757342,0.00011988069978824738,7.103227461443328e-05
10,0.3507384482377585,4.021186217717046e-05,0.6410026374167256,0.00037316017032448107,2.0534360199715507e-05,0.0002347125031696798,5.001512519911222e-06,0.0008352939142412488,0.00011005093205758776,0.0005956839974603286,0.0003145927695158651,7.922073428059488e-05,3.96279689192438e-05,0.0001603603701099834,1.1376863319006442e-06,0.0002526608248115299,0.003044568489972061,0.0010357656257047982,2.4582302976050826e-07,1.6970845220541282e-06,3.158861943466164e-05,2.230486089394619e-06,0.0008479292185083796,0.00015666483343019364,7.597455870546452e-05
11,0.3559749933577282,3.900932502465148e-05,0.6361123721771552,0.00036412617033059613,2.008990674800941e-05,0.00021003667636502966,4.977948449318934e-06,0.0007993702774805514,0.00010406538826452528,0.0005485041379311014,0.0003071624559485737,7.931540725021824e-05,4.3354514730811073e-05,0.00015336004992481413,1.0621937147534968e-06,0.00024498188309230064,0.002927603831903486,0.0010155204490448612,2.3889283484608713e-07,1.7339792427629238e-06,3.1509442066016937e-05,2.2435141758005216e-06,0.0007811345637013307,0.00016188621836413401,7.134723852821975e-05
12,0.20545979403413353,2.0740031785271634e-05,0.7874889204067386,0.0001423300295374333,5.913022733929101e-05,0.0001934466826495507,2.7258954430277294e-06,0.00027274136554693664,0.00013153392376228146,0.00039243081561130824,0.0002785801977690051,5.973275411320895e-05,1.544532949627413e-05,0.00023883054957248001,5.309998466704415e-07,0.00010053413437536855,0.0028873027108183365,0.0005640965045480759,5.062107784122642e-08,2.087675279519907e-06,3.1801918799436005e-05,9.260001982913993e-07,0.0012764406829629535,0.00026771288458613815,0.00011213362400922592
13,0.30804561619088733,3.486528064053448e-05,0.6830580697056315,0.00046411981826431295,1.8418434549313575e-05,0.00032196816412466504,5.028967666503919e-06,0.0006647685524867732,0.00011757243028958851,0.0007999959620626388,0.00020298647582089774,5.3209441931721956e-05,3.743994816355045e-05,0.00012108503227094178,9.411433057975115e-07,0.00030105568519150867,0.0029729012700029085,0.0012655036211424138,2.804707629487654e-07,1.8277016515145514e-06,3.0810526246204624e-05,1.5629461884405782e-06,0.001233617455081923,0.00018813490417578544,5.821987146040624e-05
14,0.4243195719508286,0.00014863874987636777,0.5603333641705732,0.0009478298521214642,6.784491929261828e-05,0.00024253007407092964,6.80804336444444e-06,0.001053024656115029,0.00010631585583320536,0.0009029539937724482,0.0007986882877012647,9.018186792264712e-05,7.907010325482449e-05,0.00023877451184181416,1.1244584288029732e-06,0.00019198924868680286,0.006620093879116021,0.0022516569463442056,8.255154989466668e-07,1.906917417716653e-06,9.684729926662014e-05,4.037588034259505e-06,0.0012041693586144998,0.00023176989367848549,5.998185834463792e-05
15,0.3507384482377585,4.021186217717046e-05,0.6410026374167256,0.00037316017032448107,2.0534360199715507e-05,0.0002347125031696798,5.001512519911222e-06,0.0008352939142412488,0.00011005093205758776,0.0005956839974603286,0.0003145927695158651,7.922073428059488e-05,3.96279689192438e-05,0.0001603603701099834,1.1376863319006442e-06,0.0002526608248115299,0.003044568489972061,0.0010357656257047982,2.4582302976050826e-07,1.6970845220541282e-06,3.158861943466164e-05,2.230486089394619e-06,0.0008479292185083796,0.00015666483343019364,7.597455870546452e-05
16,0.46246390979936103,5.464262058076632e-05,0.5283268009048778,0.0003891739295356056,2.017721358777624e-05,0.00023124492178272756,5.957686403768446e-06,0.001343049174486623,0.00011222613529291133,0.0005491104930996919,0.0004787034691732991,0.00013856461062556122,4.42825417164614e-05,0.00020530888639351354,1.7808502588641097e-06,0.0002731215301044741,0.003424819212358569,0.0010529536663530074,3.103348192389087e-07,1.4332504589625195e-06,3.059976163323498e-05,4.19489696715149e-06,0.0006356998743580238,0.00011200155914144887,9.993267662955511e-05
17,0.37254276929509744,3.433469524687702e-05,0.6198798730953841,0.0002848327695557052,2.7934996079870614e-05,0.0001577579007083109,5.3323347664471376e-06,0.0006696876813305045,0.00010033712510899514,0.0003343506372293127,0.0003538191204306698,9.264462263128537e-05,3.847874240245538e-05,0.00018239665300729736,6.182944881431832e-07,0.00014578777167160358,0.0030453299729610037,0.0010183271071520508,1.495976545006159e-07,1.4618529877447738e-06,3.7424607146789604e-05,1.954491915924566e-06,0.0008094455172473962,0.00016882426800415309,6.612684979155156e-05
18,0.2615471105810595,4.524250803179188e-05,0.7288396302328548,0.00021995372204627897,2.0607289796469988e-05,0.00021562421067840347,5.773812068874168e-06,0.0007617142074006188,0.00012615493222709894,0.0006246248153288107,0.0003149372465501162,0.00011995142058047259,3.1464796924810114e-05,0.0002632430676063213,1.3309870042881629e-06,0.00037404169898399084,0.004180323452793712,0.0008454546771429593,2.4431609604118616e-07,1.997904307885956e-06,4.4368900559158264e-05,2.4079452333321283e-06,0.0010200643287625727,0.00021455724106582137,0.00017917570489581284
19,0.31482996542671476,6.0901518385871675e-05,0.6750283051579674,0.000726983289657372,3.102579760086007e-05,0.00038307310137313693,6.31552076757935e-06,0.0009674597729513019,0.00018475915325278153,0.0010135589097081629,0.00028234330550638045,0.00010300425639182227,4.892720395840372e-05,0.00020462967796405258,1.7500467703217093e-06,0.00034541848050526145,0.0033455138380881705,0.0010516849845978067,3.2007675708946815e-07,2.396567977682112e-06,2.757758665854539e-05,3.095852189037559e-06,0.0010459671115670246,0.0002107588213627185,9.426454132632726e-05
20,0.4018195292168692,6.070747499647686e-05,0.5888511041374989,0.0004910871884571933,2.4193913490481168e-05,0.0002839063206284066,6.139053479473944e-06,0.0013044888657834728,0.00015473084387083568,0.0008082245591655319,0.0004551555735468867,9.110252722794352e-05,5.8996312352297695e-05,0.00024265277481294093,1.849082393687417e-06,0.00023783306598519613,0.0029339726151945827,0.001169239744380343,3.6508472949518503e-07,2.2064412546851756e-06,3.573245174247771e-05,4.705233020173187e-06,0.0007379364543777585,0.0001384753662193627,8.566569852228477e-05
21,0.28937905618238,2.184477917500601e-05,0.7053052232049369,0.00018508346724724467,1.0114355923969019e-05,6.455049283212591e-05,2.4926599813647987e-06,0.0005282791628473004,4.470646208097039e-05,0.0002864928870381802,0.00017005608659057434,6.851935515129092e-05,3.113613864015669e-05,0.0001275591231149898,3.2789654387913827e-07,0.00017851584072901762,0.0021120826936904253,0.0008619391699223106,8.157125667488623e-08,1.2206088713184265e-06,2.236777072221197e-05,9.135320493644093e-07,0.0004338993114305825,0.00012015286657289764,4.338438027124011e-05
22,0.33708160549247673,2.8324943719226028e-05,0.6551979906397117,0.0002551732224731891,1.1572793740405102e-05,0.00015554341685930978,2.590529465384486e-06,0.0007384057330978176,4.3639271886945466e-05,0.0005102346818269632,0.0002366515929586588,4.183733471411917e-05,2.9141736466842742e-05,0.0001094568322934203,5.13544395756625e-07,0.00016952354393501816,0.003448249821411876,0.0010953779620038685,1.573732201945025e-07,1.2111324525015542e-06,3.063436121595644e-05,1.4149966633922439e-06,0.0006921460684494302,8.287509352390986e-05,3.572788103725156e-05
23,0.3507384482377585,4.021186217717046e-05,0.6410026374167256,0.00037316017032448107,2.0534360199715507e-05,0.0002347125031696798,5.001512519911222e-06,0.0008352939142412488,0.00011005093205758776,0.0005956839974603286,0.0003145927695158651,7.922073428059488e-05,3.96279689192438e-05,0.0001603603701099834,1.1376863319006442e-06,0.0002526608248115299,0.003044568489972061,0.0010357656257047982,2.4582302976050826e-07,1.6970845220541282e-06,3.158861943466164e-05,2.230486089394619e-06,0.0008479292185083796,0.00015666483343019364,7.597455870546452e-05
24,0.34272338101819233,7.589777011038118e-05,0.6457211339572623,0.0007810270085264597,2.559273162060004e-05,0.00026609601735022695,6.0742256042542635e-06,0.0011731140336267028,0.00013013211064344775,0.0009803329721230025,0.00033068689399069637,8.656399295927317e-05,5.32447485142412e-05,0.00022950248003091793,1.4711685583800587e-06,0.00031757718190236626,0.00412382042434273,0.0015441739166671417,4.539505452600901e-07,2.060262903736757e-06,4.191592314079527e-05,3.0079001381826e-06,0.001130937345160209,0.0001761787743004448,7.562319178609397e-05
25,0.4194928736427901,2.8031950126472118e-05,0.5717304575264026,0.0003313101488219376,2.4619535453464126e-05,0.00016263027979244513,6.979276287845716e-06,0.00160390702762988,7.397678632438253e-05,0.00029620649881449777,0.0005120198749099677,0.00010937479921356733,4.165045481289654e-05,0.00016406613491758222,6.452090894054203e-07,0.00017281592193843485,0.002783438814279166,0.0016273977135344703,1.8183278450284825e-07,1.603358870286013e-06,4.071399847646464e-05,2.111305488505015e-06,0.0006511578504065798,9.469212525138345e-05,4.713793358321448e-05
26,0.25040458542197264,1.6541696404424402e-05,0.743985885727156,0.0002491402325955708,1.6890098411056216e-05,0.0001382882559709097,2.2178406343587845e-06,0.00026192906405882383,9.140211882449673e-05,0.0004336292491163426,0.00012287402447265028,2.9141454282797968e-05,2.413503699521095e-05,0.00010679860712379921,3.0362028290367164e-07,0.00012386324093009487,0.0016144077930300498,0.0009892427747346382,8.131482757484813e-08,1.5028754712680092e-06,2.2339322214625198e-05,5.559298704397237e-07,0.0010934875763395173,0.00023491380409621345,3.5842920183598244e-05
27,0.41510635367294335,5.136654130406228e-05,0.57616651799557,0.0005124125950440614,2.6694566141444135e-05,0.0003971052985595832,6.860469508499708e-06,0.0011005817755528812,0.0002270300060047105,0.0008031950902609511,0.0003883650512297497,0.00010084381814839908,5.318082489280494e-05,0.0001948779476844715,1.9972889750917373e-06,0.0002754243042236486,0.002359257616772804,0.0010558035060701083,3.5436373014147884e-07,2.086010498642515e-06,2.8063258820793315e-05,4.277848956015174e-06,0.0008497245363533623,0.00018838085497020616,9.924475778437801e-05
28,0.3507384482377585,4.021186217717046e-05,0.6410026374167256,0.00037316017032448107,2.0534360199715507e-05,0.0002347125031696798,5.001512519911222e-06,0.0008352939142412488,0.00011005093205758776,0.0005956839974603286,0.0003145927695158651,7.922073428059488e-05,3.96279689192438e-05,0.0001603603701099834,1.1376863319006442e-06,0.0002526608248115299,0.003044568489972061,0.0010357656257047982,2.4582302976050826e-07,1.6970845220541282e-06,3.158861943466164e-05,2.230486089394619e-06,0.0008479292185083796,0.00015666483343019364,7.597455870546452e-05
29,0.3507384482377585,4.021186217717046e-05,0.6410026374167256,0.00037316017032448107,2.0534360199715507e-05,0.0002347125031696798,5.001512519911222e-06,0.0008352939142412488,0.00011005093205758776,0.0005956839974603286,0.0003145927695158651,7.922073428059488e-05,3.96279689192438e-05,0.0001603603701099834,1.1376863319006442e-06,0.0002526608248115299,0.003044568489972061,0.0010357656257047982,2.4582302976050826e-07,1.6970845220541282e-06,3.158861943466164e-05,2.230486089394619e-06,0.0008479292185083796,0.00015666483343019364,7.597455870546452e-05
30,0.3507384482377585,4.021186217717046e-05,0.6410026374167256,0.00037316017032448107,2.0534360199715507e-05,0.0002347125031696798,5.001512519911222e-06,0.0008352939142412488,0.00011005093205758776,0.0005956839974603286,0.0003145927695158651,7.922073428059488e-05,3.96279689192438e-05,0.0001603603701099834,1.1376863319006442e-06,0.0002526608248115299,0.003044568489972061,0.0010357656257047982,2.4582302976050826e-07,1.6970845220541282e-06,3.158861943466164e-05,2.230486089394619e-06,0.0008479292185083796,0.00015666483343019364,7.597455870546452e-05
31,0.24820636563150758,0.0005573468041637975,0.12499617596951065,0.03834209316423468,0.02355724429722084,0.18459519846948017,0.0007134435570077293,0.000364227112426001,0.2203779315572066,0.007308416386307543,0.014961287972421225,0.0027195438548032963,0.0003369203874347029,0.002106663469460205,0.005097459719158162,0.0014618157253151727,0.007807943045082784,0.0014091301851721374,8.612122130178637e-05,5.8213858003335304e-05,9.421649120493282e-05,0.00020470631271085244,0.0686041068253403,0.030420849879928755,0.015612578103596631
32,0.3521254830871448,4.305171600925282e-05,0.6388966790745566,0.000422464890741315,2.2136992163909786e-05,0.0002626362864200253,5.7494093884315965e-06,0.0008839879328868246,0.00011867428826726276,0.0006576685851835282,0.00033442385541975633,8.013063713260464e-05,4.3944735957178254e-05,0.0001627461815327452,1.3338988765825183e-06,0.00028429790602880627,0.003272191190366506,0.001145264290378154,3.241136925484249e-07,1.847228938815958e-06,3.666146016189505e-05,2.4502368906072503e-06,0.0009451232690146662,0.00017110897850449065,7.961975434261987e-05
33,0.5474296163218408,5.093390152238287e-05,0.441544409542286,0.0005340154178598826,1.4063105920036797e-05,0.00012177932542573046,6.393365279044947e-06,0.0013677681530058611,3.6423181985819426e-05,0.00024759080721784645,0.00042193059941769814,0.00015618426555748715,6.616180009953264e-05,8.813437805064823e-05,7.391128190477024e-07,0.0003064520595518306,0.005699319883413163,0.0012393234821188581,2.9584790667997986e-07,1.051134529038072e-06,3.128063211637577e-05,3.18149001985473e-06,0.0004895611941892253,0.00010305191017146162,4.033908769568657e-05
34,0.6678309393492543,8.423452585457915e-06,0.3290052170789328,0.0001753703391435151,8.549328247950748e-06,8.641199081804324e-05,2.2739707581150853e-06,0.0003992427614982879,4.1825056006968635e-05,0.00012448700678077522,0.00026191118489359087,2.3731647280212858e-05,3.197444841925305e-05,3.134367207650954e-05,5.268837381081846e-07,5.6239546763514924e-05,0.0007638205784728678,0.000795342694522059,1.3353766570060476e-07,4.580040403983811e-07,1.3990703028207306e-05,1.0837782621929726e-06,0.0002686298888243318,5.3946207202532294e-05,1.4126890784377723e-05
35,0.36161475788097386,3.917835856484583e-05,0.6302033178972306,0.00036948074354978483,1.9619932270942017e-05,0.00023517935267453256,5.012549484974453e-06,0.0008492928899106351,0.00010863615285449174,0.0005840824449262619,0.0003111408082037499,7.918493411047321e-05,3.988374567223162e-05,0.00015331422807012766,1.097757731488571e-06,0.0002535557363835405,0.0029824769361812935,0.0010621771823970884,2.4701186260888367e-07,1.6421316238567486e-06,3.090081082637824e-05,2.2451351715563915e-06,0.0008276867609860516,0.00015309542415511293,7.279319418349873e-05
36,0.3621949967358079,5.672697611323761e-05,0.627708726377871,0.00046311089201446514,9.451252228787144e-06,0.00022557109067746457,5.439320409319758e-06,0.0016292818079873992,0.00011253693283520221,0.0009673988134840747,0.000212242238761385,0.00010521765308918335,5.154190887394613e-05,0.00020602197867315502,1.1974132976923885e-06,0.00045399318507980345,0.0035112688037086345,0.001307503668013928,3.1228361349410414e-07,1.808109569311824e-06,2.31440128272886e-05,3.927962704856682e-06,0.0005881065427800622,9.292076877155858e-05,6.755327080693034e-05
37,0.35181229909184075,0.00020980048100143376,0.6174730690761354,0.0016820936653144784,3.902785887321339e-05,0.001809972075616252,1.4284014446158227e-05,0.005121361438530676,0.00029958683551949914,0.0035386302309792445,0.0009683485070125601,0.00017597777886605185,5.6904778502186994e-05,0.00040099250479504737,1.5506669858685827e-05,0.0012228983499371726,0.010817879290316251,0.0016412035746248082,2.2137487765442076e-06,4.012660597899058e-06,6.190940292856582e-05,1.394531809970656e-05,0.002198700903693512,0.00013731321358579813,0.0002820685301480018
38,0.3909118386355723,2.293403085507255e-05,0.6000026232356249,0.00038070670081423994,1.0762622723915983e-05,0.00041264013097917193,7.271182899469294e-06,0.000919718646101702,7.774310546649423e-05,0.0006299321369071421,0.0002267998989713857,5.5217492958129297e-05,4.7724018522963924e-05,6.671215637679352e-05,1.2519747368404137e-06,0.0004607679620919123,0.0031041355871594626,0.0014769947576318242,4.406822247190963e-07,1.7971188207576866e-06,3.361279521035486e-05,1.9863353323583714e-06,0.00097695479612457,0.0001229396810330291,4.649431486073551e-05
39,0.3836644536560583,2.8473776259714697e-05,0.607713942529639,0.0002938037323662587,1.4316666818560113e-05,0.00026270909925766797,6.3771235487754245e-06,0.0011986405270382583,7.315692387648553e-05,0.00043197195951826103,0.00031604182395132745,9.454244650819393e-05,3.823376810251972e-05,0.00010278277184740898,8.867903721183033e-07,0.0003316855109581184,0.003398028151284345,0.001088109879137657,2.418750561297838e-07,1.4502331600126707e-06,3.32173551656291e-05,2.2442291043296243e-06,0.0007266173953037432,0.00011558858002241977,6.24831956450134e-05
40,0.3338886187894547,4.378186253934292e-05,0.6562217568648057,0.0005205761394522913,2.302529145163573e-05,0.000277020533423525,6.154470590646251e-06,0.0009363533479721166,0.0001338389645557733,0.00078871213103743,0.00030859133445970097,7.080115718966745e-05,4.5399267719548e-05,0.00017493452534825553,1.1695424508376328e-06,0.0003047873363335986,0.003154206556412675,0.0015769097280246209,3.7442227970478646e-07,2.0680230323447336e-06,4.09575044807877e-05,2.0836947881563904e-06,0.0012084684195481621,0.00019857598495904075,7.083410768963756e-05
41,0.17767136994332283,4.4997717280982564e-05,0.8086218623949865,4.889887302546471e-05,3.0564109090864653e-06,3.460810214181917e-05,5.960799014586481e-06,0.0007408545817684519,1.969663247027839e-05,0.00031699174371439744,0.00019461373760697694,7.725646335656538e-05,5.845423243379829e-05,0.00027497335428636324,1.0777803797239515e-07,0.0004355071987956038,0.008265395770114092,0.002020490220945862,2.5223721288341686e-07,1.923461970972235e-06,0.0002060362466987763,1.471175509309765e-06,0.0007253566254407811,0.00015853268318108063,7.133161577458551e-05
42,0.2861395931152804,2.882232082029083e-05,0.7067076378442086,0.0002883417844285274,2.0914894217571673e-05,0.00016456214666952019,3.393824957379899e-06,0.0005683345019087267,9.545340704857692e-05,0.0005078323968320263,0.00025402930627370016,5.828781778571416e-05,2.5044823287708036e-05,0.00018736928790563575,7.003479887955012e-07,0.00016516765486284844,0.0023812059093795434,0.0011088772786483514,1.349845063181129e-07,1.5416982158175115e-06,3.023657066541195e-05,1.0548031198285475e-06,0.0010358667310842791,0.00015769236245704476,6.790418744746828e-05
43,0.2954234685097483,3.906920662364592e-05,0.6936302539607387,0.0005280500534676671,2.3227790874826413e-05,0.0006592622981682447,5.877762307732308e-06,0.001159592273334715,0.0001798104040368913,0.0014965067214559914,0.000294655925725658,5.188397963632911e-05,4.156878780432884e-05,0.00015907080285129595,1.9709897848506905e-06,0.0003783948557864286,0.0028654885528288728,0.0014178926680107299,4.778725783829747e-07,2.8227936704369394e-06,3.90138068095336e-05,2.9033951725520714e-06,0.0013516020083735771,0.0001691346788959695,7.799990131429856e-05
44,0.3507384482377585,4.021186217717046e-05,0.6410026374167256,0.00037316017032448107,2.0534360199715507e-05,0.0002347125031696798,5.001512519911222e-06,0.0008352939142412488,0.00011005093205758776,0.0005956839974603286,0.0003145927695158651,7.922073428059488e-05,3.96279689192438e-05,0.0001603603701099834,1.1376863319006442e-06,0.0002526608248115299,0.003044568489972061,0.0010357656257047982,2.4582302976050826e-07,1.6970845220541282e-06,3.158861943466164e-05,2.230486089394619e-06,0.0008479292185083796,0.00015666483343019364,7.597455870546452e-05
45,0.45394837290173634,3.9312851854361754e-05,0.5359071570771737,0.0008464080201000442,3.451389124786387e-05,0.0005539510118066771,1.2157068848709186e-05,0.001398267691726828,0.00020195669562502784,0.0006736643639665697,0.00042960773396307227,0.00010773733736278045,6.411148251808413e-05,0.00011782248734048123,3.190155847229198e-06,0.0004065985038030593,0.002697502870607047,0.0012766804490027261,5.503637057536446e-07,2.4568173987135034e-06,2.9036808832024162e-05,3.880209163404179e-06,0.0009889351250112353,0.0001772219072916979,7.890617406664148e-05
46,0.5508186446555411,4.713483754015018e-05,0.4363288976097618,0.00039507532278988466,1.3040426254679338e-05,0.0001715533892242393,4.11504957644283e-06,0.000829109147026215,2.6908607589427844e-05,0.00023460864050427898,0.00033966011775076935,0.00013773377675199269,3.767547745166904e-05,5.5182866211555325e-05,1.0243395094844691e-06,0.0003034246657616762,0.009026746785357372,0.000519422351443722,1.9106732867488332e-07,7.188952835273384e-07,1.9260764321910804e-05,2.9929636416387074e-06,0.0005439563414947489,8.868212544419532e-05,5.4239776438999324e-05
47,0.5134617590772154,6.042501596399274e-05,0.47904551940408,0.00023789440384456876,1.1174767312930922e-05,0.00016605809885497901,4.483992748402047e-06,0.0008980088642027178,7.771409197182185e-05,0.00041028946024142883,0.000313051661178853,0.0001430045787895893,5.2179837072504014e-05,0.00010193992916023213,1.0378433956911827e-06,0.0003298347035369164,0.003508103398729915,0.0006013726480132415,2.100336356301045e-07,1.098179303663194e-06,1.7305876792346675e-05,4.5026514373594605e-06,0.0003440289467105443,0.00012533744737444407,8.366508843262027e-05
48,0.3344366617509937,3.0139484822853122e-05,0.6584325446739199,0.00031322342354710955,2.2119960512309066e-05,0.00022446740041585374,4.940089586122575e-06,0.0007051982464656724,0.0001268011703191737,0.0005122372588712258,0.0003166390832882275,7.65853039750392e-05,3.775790583682415e-05,0.00015916837695592034,1.0797711435613536e-06,0.00022403627856398486,0.0022790367398223686,0.0009902238496708048,2.0465184282151058e-07,1.8096778384102361e-06,3.001573118572477e-05,1.8588952894955105e-06,0.0008154156115826694,0.00017855182297740104,7.928284057285331e-05
49,0.32997460247099997,2.9489800942293583e-05,0.6631335341239553,0.00027079598112812574,1.644888819483284e-05,0.0002245169509762248,3.9967751972282586e-06,0.0007381650530440046,8.604728562689898e-05,0.00046210609003039796,0.0002616437984480528,7.628371369095107e-05,3.301438197699353e-05,0.00012816763045167255,6.980824610921776e-07,0.00020621753485465793,0.002598228421585281,0.0008540996109072894,1.3349678843000649e-07,1.5297942885754244e-06,2.4247011528644108e-05,1.7462419642954068e-06,0.000686198312248654,0.00012844659942302293,5.9641949287029945e-05
50,0.316420231972183,5.210691347033177e-05,0.674122927797653,0.00042802071096637555,2.02744593482998e-05,0.0003013555804484619,6.899741432196921e-06,0.0013307968386653986,0.00015100229255703414,0.001040500028682859,0.00031418456797880826,7.94166083884396e-05,4.8174610473747864e-05,0.00022699734405878563,1.4718495267234207e-06,0.00029695820754735815,0.002849927766768574,0.0012365470219238555,4.138332748535891e-07,1.9744893893072907e-06,4.1377550485097746e-05,3.397875009717371e-06,0.0008100989707164974,0.00012924812492287678,8.569484412837483e-05
51,0.4202200923941674,0.0002766819868055373,0.5663371269399059,0.0013330433684238469,2.2062333027661657e-05,0.0001588929673502999,3.864865160650634e-06,0.0026570121744797243,0.00011397282436099532,0.0013748111687186995,0.0004520040299290402,0.00014525486681095072,6.747749134812463e-05,0.00046197274340601654,1.8918219401875719e-06,0.00023448467464831158,0.0041027061745231505,0.001347888767896597,4.300790927167258e-07,1.5758610897305776e-06,2.7862976194750288e-05,7.110202520093293e-06,0.000493239422124426,8.379461392152564e-05,7.474525215374632e-05
52,0.37676997037015847,3.574516282927678e-05,0.6143722998252081,0.0004659496623158055,1.5449133981307718e-05,0.00029614319270531477,4.253588918143182e-06,0.000976893627014753,0.00011810922385289381,0.0009381441813767871,0.0002731940456353238,5.4937169398826536e-05,4.50730285082082e-05,0.00014326892653767503,1.279700029528392e-06,0.0002991729195112053,0.002476105953733636,0.0015993587280419773,3.4208297582588767e-07,2.065601769735577e-06,2.7742218281436572e-05,2.369371899162977e-06,0.0008872340896743158,0.00014013304106028646,5.476515458182479e-05
53,0.39211925133897413,3.174528271241324e-05,0.5982332410694318,0.00035995564898179524,2.4335547428637126e-05,0.000376821821909007,1.2627806604569101e-05,0.0012009344865242866,0.00016762661998990353,0.00041773263031505496,0.0004363720454355906,0.000148512781155257,4.11023992566099e-05,0.00018059143187608523,1.5713880956304024e-06,0.00033647796916803647,0.003059899785586266,0.0013054693571043865,2.822006483366419e-07,1.998909232568274e-06,3.7843190470930054e-05,2.5243452612916274e-06,0.0012186955292520813,0.0001699718421845594,0.00011441457240086338
54,0.22748501683517383,7.23287286429273e-05,0.7642736716312942,0.00024876092691291214,1.965956446361503e-05,0.0001695614920602019,4.641548156824458e-06,0.0007830387813340667,0.0001689273501146769,0.0008570059941508238,0.00024781146141321397,0.0001504900395828402,3.38606781909304e-05,0.00035150012814593823,1.6804987202085927e-06,0.00041787221306921756,0.00307827702236286,0.0005572068447965509,1.870015920449014e-07,2.125090137191385e-06,2.5312121726332858e-05,2.7938649468843864e-06,0.0006187854602168784,0.00020277661490576845,0.00022670810788880601
55,0.3983209444004558,3.135161158003234e-05,0.5941877446820671,0.0003752213448089133,2.776457582602176e-05,0.00023375089114541144,7.814080214184787e-06,0.0007499124721051441,0.00015567952124458004,0.00035357963029004425,0.00035475301368582084,0.00014104690913224985,4.2691755718405675e-05,0.00014958387976718324,9.77636239922161e-07,0.0002478734873119598,0.0023231094507359298,0.0010884238606368622,2.082088158989876e-07,1.5578659652257587e-06,2.86075100640856e-05,1.974790370907448e-06,0.0008557411261963983,0.00023082238877903533,8.886490684284572e-05
56,0.35615939547163195,4.010230022412611e-05,0.6357253921529842,0.00036835900879054947,2.0080646697476966e-05,0.00022574320100023697,5.00824894318648e-06,0.0008319054677072999,0.00010760535583197411,0.000575921603821108,0.00031401975305412857,8.00016080732425e-05,4.136103825889143e-05,0.00015837542261777586,1.1030182928327146e-06,0.0002465920192835667,0.0029871276838723195,0.0010306927322935571,2.4311566052213425e-07,1.7014173762978986e-06,3.147712809152123e-05,2.2803389546668403e-06,0.0008153367520576649,0.00015637472855847609,7.379978592239632e-05
57,0.32127676755804374,5.868375739117566e-05,0.6693495491335454,0.000369457545765397,1.937804043505358e-05,0.00018415433161971673,6.5965174169536735e-06,0.0009158145182885888,9.693114430903399e-05,0.0006386336258919144,0.0003253462427713819,9.987281959836938e-05,5.8705804757656545e-05,0.0001636602508010434,1.2366704722641754e-06,0.00038525099125820964,0.004011814594321579,0.0010138201152393293,4.511043489077069e-07,1.8031183451733892e-06,4.931535213196449e-05,2.984396109263624e-06,0.0006891439589901513,0.00018867869539892086,9.19497127489883e-05
58,0.3272398519260794,3.829581634983171e-05,0.6647023136702092,0.00037054200801449945,2.4716204508489094e-05,0.00022576830272412541,5.220109238736152e-06,0.0006671352718976485,0.00012413515447355517,0.0005711119722218522,0.0003065061393424704,7.825354411019466e-05,4.315632784253922e-05,0.00016113594969932598,1.0910209325581915e-06,0.0002532486509987142,0.0028626856273320854,0.0010293182428410658,2.4969526659053723e-07,1.9770629946804545e-06,3.5207302098389934e-05,1.999044206956523e-06,0.0009504441632797681,0.00022386567541399184,8.177111792330884e-05
59,0.2985102997259292,3.593902915254375e-05,0.6939564509694243,0.00031981645375463543,2.141428027694181e-05,0.00020120105820870988,4.42982925010602e-06,0.0006317468948401635,0.00010947621909860828,0.0005751481669979602,0.0002643876544882112,6.91882022526124e-05,3.8352253683830034e-05,0.00015835086929566066,9.016418402080667e-07,0.00023973708307507122,0.002744873891555476,0.0009453172929507831,2.0464038929439175e-07,1.866265054038403e-06,3.2934785773946066e-05,1.7413696834467656e-06,0.0008616637048854214,0.00019890939772546445,7.564832041333331e-05
60,0.3507384482377585,4.021186217717046e-05,0.6410026374167256,0.00037316017032448107,2.0534360199715507e-05,0.0002347125031696798,5.001512519911222e-06,0.0008352939142412488,0.00011005093205758776,0.0005956839974603286,0.0003145927695158651,7.922073428059488e-05,3.96279689192438e-05,0.0001603603701099834,1.1376863319006442e-06,0.0002526608248115299,0.003044568489972061,0.0010357656257047982,2.4582302976050826e-07,1.6970845220541282e-06,3.158861943466164e-05,2.230486089394619e-06,0.0008479292185083796,0.00015666483343019364,7.597455870546452e-05
61,0.30024392200297667,3.20853550220789e-05,0.6927444513729738,0.00029678143040237095,2.0437677523895017e-05,0.0001915612082361511,4.170192340977689e-06,0.0005928766582468664,0.00010893044160649496,0.0005422434098532004,0.00025150983131464946,6.421995621330995e-05,3.646835473894413e-05,0.00015042030290859376,8.02991310823329e-07,0.0002152710301495898,0.002445010294813026,0.000931388104582386,1.8597513265196528e-07,1.7362179478343465e-06,3.1430648148479605e-05,1.5874130559127886e-06,0.0008273468161251162,0.00019517702751589052,6.998528686031517e-05
62,0.3507384482377585,4.021186217717046e-05,0.6410026374167256,0.00037316017032448107,2.0534360199715507e-05,0.0002347125031696798,5.001512519911222e-06,0.0008352939142412488,0.00011005093205758776,0.0005956839974603286,0.0003145927695158651,7.922073428059488e-05,3.96279689192438e-05,0.0001603603701099834,1.1376863319006442e-06,0.0002526608248115299,0.003044568489972061,0.0010357656257047982,2.4582302976050826e-07,1.6970845220541282e-06,3.158861943466164e-05,2.230486089394619e-06,0.0008479292185083796,0.00015666483343019364,7.597455870546452e-05
63,0.3501030319812408,4.946077460467324e-05,0.6410446487961565,0.0004011849130626272,2.1122777171304832e-05,0.00023433415789620219,5.002165037072094e-06,0.0008896303418017766,0.00011315296662884739,0.0006650701362237052,0.0003273025996804389,8.542456004106153e-05,4.17524909205021e-05,0.00017607027060432049,1.2414545805758624e-06,0.0002744408580532261,0.003382142918567135,0.0010412650388798284,2.7591955105858594e-07,1.758542984910721e-06,3.30129003463898e-05,2.5261304107202794e-06,0.0008582679677099198,0.00016454076252233837,8.333857532422798e-05
64,0.3191918275961812,3.7312028734036565e-05,0.6726045032678539,0.00031408260423681806,2.0559003611266933e-05,0.0001947559927416432,5.1871686508427136e-06,0.0007609284159568988,9.4579867161556e-05,0.0005385423289121777,0.00030389080743144475,7.034116571193542e-05,4.027393200354639e-05,0.0001608962699096457,9.065639905970448e-07,0.00024059133416632134,0.003182013369326135,0.0010918740176769747,2.537341443703506e-07,1.714514979090373e-06,4.2293928412350175e-05,1.922039227503968e-06,0.0008671745384532826,0.00016264009952286253,7.093541100356908e-05
65,0.32052215955202706,4.1703158649228334e-05,0.6718084257707012,0.00032842259924374987,1.9453018840003893e-05,0.00019778238546600146,4.384199042612609e-06,0.0007795706680356601,0.00011380703547150678,0.0006194097759404421,0.0002842645652422554,7.683048643261158e-05,3.85584603872682e-05,0.00018387582284106884,1.0011096028485842e-06,0.00023592570753457732,0.002761993620365328,0.0009494178199963809,2.0767458857886904e-07,1.7438854105145507e-06,3.011267911350093e-05,2.140718824748382e-06,0.0007599957682685127,0.00015973525819752834,7.907825977678822e-05
66,0.333170215037395,2.945076058729509e-05,0.6604130580101026,0.00027460661038565456,1.555049562059694e-05,0.00015811793485225495,4.033018900581186e-06,0.0007574492335837613,8.061935405378702e-05,0.00048017774589303753,0.0002537756639530292,6.224558061335474e-05,3.933468141111922e-05,0.00012966799040706778,7.426776002849631e-07,0.0002045046461131574,0.0022390260297810733,0.0009374300161790957,1.6947572606486071e-07,1.5468265331431288e-06,2.6415571657515104e-05,1.7207266770791124e-06,0.0005489066989963038,0.00011863364692259632,5.26015660546552e-05
67,0.23680666904975117,1.9381262868654537e-05,0.7564205743213873,0.0002435246166285823,1.1517481928854367e-05,0.00013150837482992468,2.516616364743486e-06,0.0004681197273525128,4.577946094266495e-05,0.0004654313623928611,0.00015958112181781547,3.155030460407478e-05,2.5960193851226326e-05,0.00010983693146787452,4.2920639113549086e-07,0.0001729998116122562,0.002652956494313863,0.0010545257076037132,1.244531949371846e-07,1.5597323099893555e-06,3.2655991141184525e-05,7.184474184122882e-07,0.0009804294405524234,0.00012433499238342625,3.7314896890623885e-05
68,0.5621249703074088,5.919598364695482e-05,0.4264708348395958,0.00047253672415431325,1.6340362652154962e-05,0.0002481953989900144,6.684695643736469e-06,0.001643188518996927,6.269730066015395e-05,0.0005134471720334868,0.0005053829606862813,8.199735267028349e-05,5.7463247137265746e-05,9.274674889183306e-05,1.6164698532801438e-06,0.00034392389293205874,0.00512630024848148,0.0013608778890486994,6.45760903410673e-07,1.185006491248756e-06,4.3514252370491926e-05,4.769656340199865e-06,0.000621652112035679,8.890550469527856e-05,5.0927593680038854e-05
69,0.2340666883919249,2.2852041733157746e-05,0.7592611551602012,0.0002245076951594501,1.3265409504347952e-05,0.00015764046206314446,3.6632621344353332e-06,0.0006883629171947938,8.074925296192854e-05,0.0005559241976444185,0.00019287092755452328,4.9257389481831924e-05,2.870838773921223e-05,0.00016945661680209617,5.402776639223649e-07,0.00020049036135902677,0.0020782196822438015,0.0011557778789099216,1.4861929036640282e-07,1.7661214825276358e-06,3.586047305722303e-05,1.091622734547308e-06,0.0008237142749806699,0.0001316629173206155,5.56256588580252e-05
70,0.33350197428492745,2.8199117009812435e-05,0.6598016170982365,0.0005063240873025095,3.857301614251404e-05,0.00022263088195458792,4.908983747175832e-06,0.0006694299460942677,0.00013810656102024302,0.00039613196961504595,0.0003211830960682281,6.62960594202067e-05,3.185170261317234e-05,0.00018159633966342509,9.979791514805113e-07,0.0001062972159615188,0.0019764215873482316,0.0008510706806229307,1.2629430596518422e-07,1.5503465981469774e-06,2.5355091723587452e-05,1.4830245061970806e-06,0.0009325473632409303,0.00013825104663488247,5.707622609106632e-05
71,0.06661064806661064,3.258324047682186e-05,0.9258714988141544,0.00018635491522092803,4.1669409205101475e-05,0.00010032077981623898,6.169964187422202e-06,0.0005124506199543244,0.00031470894074007056,0.0009265933846166426,0.00011533373904761201,4.692336639003744e-05,2.454970707967053e-05,0.0007711295965271515,3.63460134689632e-07,0.0001932422625710522,0.001158611071916041,0.0013530147659646314,1.159917418483797e-07,4.871491930909833e-06,7.265991600398509e-05,6.415714974530562e-07,0.0012232812051580402,0.00032208053547247943,0.00011018318358155957
