,0,1,2,3,4,5,6,7,8,9,10,11,12,13,14,15,16,17,18,19,20,21,22,23,24
0,0.00019612199746380838,2.8318564877585545e-08,2.2162443897780813e-05,0.005093879305360089,0.0018619093620336562,9.726495429048016e-05,0.00011111558031853461,5.483937618582247e-05,1.0408774963786881e-05,2.0339623006403836e-06,9.068351558924396e-05,1.9146296913946197e-08,3.837749257372393e-06,0.00015292387801665337,7.252863893261567e-05,0.0002640537613572177,3.934054258184695e-07,7.189870635527323e-05,1.9000553694906318e-05,0.0009089377092780862,0.0004122224058061764,7.609114307899407e-08,0.9904398580555047,1.1327725957633585e-05,0.00010247458200463135
1,0.0004038453216409672,4.694225490770551e-08,2.9853777191712137e-05,0.008444101689680959,0.0037466008215618274,7.719546392814565e-05,0.00011777115218762238,7.173089470465222e-05,1.9461975445951645e-05,2.3323487820758406e-06,0.00014217558759512308,2.302346479407351e-08,5.049828181964287e-06,0.0001674113992766539,7.535270636572885e-05,0.0003736584569851947,5.209580149208075e-07,9.963199580243084e-05,2.0914640405292733e-05,0.0005998704157388255,0.00036939684247853325,6.358779256028224e-08,0.9850998119095614,1.5447646520291296e-05,0.00011773061443736335
2,0.000341870454445478,4.476035633216507e-08,2.747254719853935e-05,0.010314808257532946,0.002809241328614853,9.263743566957869e-05,9.721938723231593e-05,5.3645281745545106e-05,1.1839270361663958e-05,1.5773684776894673e-06,0.00016759052855109348,2.8668464564556652e-08,5.230600835549729e-06,0.00017407165539082094,6.957521724554669e-05,0.00032009234543227394,6.491271976122954e-07,0.00010307288149552943,1.4344225982908354e-05,0.0004303981850802812,0.00044800057411631725,4.50050367701465e-08,0.9844122124492382,1.4602298723330899e-05,8.973014557416142e-05
3,0.00030598625961207783,3.610907518786915e-08,2.457428576040954e-05,0.007409786403899865,0.0028204405122541003,6.86670563000023e-05,9.55883614328968e-05,5.208882871688861e-05,1.2856405144131062e-05,1.6886475524472124e-06,0.00012734940062441558,2.053669875135547e-08,3.860225970710987e-06,0.0001646061830862804,6.999131262759173e-05,0.00024999402301678847,4.440575609046665e-07,8.959256078390342e-05,1.4871719712311455e-05,0.0005411937186718909,0.00038090003945834007,5.533350847685519e-08,0.9874407127308661,1.3822463497902044e-05,0.00011087282416768982
4,0.00029969108382906705,3.9727722440952926e-08,2.2759818055394245e-05,0.007412530460369052,0.0028630740498166592,6.797710645967002e-05,9.04557638741259e-05,4.895348699449933e-05,1.2817310141358107e-05,1.5767867821442618e-06,0.00013608126270999194,2.3921099299517787e-08,4.395198333576739e-06,0.0001727445275102924,6.273147964697586e-05,0.00024420885711132456,4.685470482289697e-07,9.219635502146429e-05,1.4554717392733402e-05,0.0005173789718321557,0.0003799513679668433,5.198410427856069e-08,0.9874337235230791,1.3162826325545597e-05,0.00010845086677387341
5,0.000344156669089609,2.8477440886171275e-08,2.2550658052767905e-05,0.008203634256943534,0.002412209231583045,5.587092106593385e-05,9.267812827026755e-05,5.2192624258126804e-05,1.2496461308076067e-05,1.8255433134315034e-06,0.00011665925127481157,2.0949823830443832e-08,3.6687183628236553e-06,0.00017000944740986422,5.456119801923138e-05,0.00024737621067986114,4.695197333994274e-07,0.0001267955163770074,1.1605283491138982e-05,0.0006138134938127283,0.00036456095725370403,5.188225605476596e-08,0.9869556632514975,1.595288278819651e-05,0.00012114846589396089
6,0.00030598625961207783,3.610907518786915e-08,2.457428576040954e-05,0.007409786403899865,0.0028204405122541003,6.86670563000023e-05,9.55883614328968e-05,5.208882871688861e-05,1.2856405144131062e-05,1.6886475524472124e-06,0.00012734940062441558,2.053669875135547e-08,3.860225970710987e-06,0.0001646061830862804,6.999131262759173e-05,0.00024999402301678847,4.440575609046665e-07,8.959256078390342e-05,1.4871719712311455e-05,0.0005411937186718909,0.00038090003945834007,5.533350847685519e-08,0.9874407127308661,1.3822463497902044e-05,0.00011087282416768982
7,0.0006846472460789705,8.165119834650216e-08,7.184522536153811e-05,0.012211167704128603,0.004788210462358017,0.00010106701835458603,0.00015448410051252927,0.00012872774481331153,1.7115289584627136e-05,2.224184187974405e-06,0.0002640941831645134,3.794659848474929e-08,1.1577403207104358e-05,0.00018423132540265649,0.0001129520974572634,0.0003324789780450212,7.251213420424762e-07,0.00012672076495273907,3.652165486421005e-05,0.0007341425534995272,0.0005994676892618179,8.808427413435761e-08,0.9793135760349249,2.1166400065971125e-05,0.00010264913636108642
8,0.00031460367184254416,2.783517793529733e-08,2.6640834607775478e-05,0.007764247466121618,0.0029273278830978184,4.542377210222547e-05,9.23632452542211e-05,3.7416951127796696e-05,1.5844069655555876e-05,2.2193585388604945e-06,0.0001334739241649795,1.078753507488982e-08,2.1001404272073577e-06,0.00019765262779167353,0.00010249582143705802,0.00017568893296461666,2.896352556136829e-07,8.736353426331833e-05,9.21255496380256e-06,0.0005333357510348219,0.0003305567713809973,6.28251805386066e-08,0.9870005112010772,3.07381350665528e-05,0.000170392269930072
9,0.00031496089164433566,2.6519366156633963e-08,3.5154363647849825e-05,0.009600371218471966,0.002673779222756577,5.9047421557974034e-05,6.992611255663131e-05,5.322545120574176e-05,1.3781516172003773e-05,2.1534473184100032e-06,0.00013744705627125728,1.4500347033672862e-08,3.2800096340921842e-06,0.00018486950209221274,7.620422352514353e-05,0.00021736872535130502,4.2667156037867385e-07,8.892124490499769e-05,1.145588029406386e-05,0.0006502521937930372,0.0003721482640432561,6.133377376804355e-08,0.9853124928600946,2.549973142588587e-05,9.713163819125448e-05
10,0.00030598625961207783,3.610907518786915e-08,2.457428576040954e-05,0.007409786403899865,0.0028204405122541003,6.86670563000023e-05,9.55883614328968e-05,5.208882871688861e-05,1.2856405144131062e-05,1.6886475524472124e-06,0.00012734940062441558,2.053669875135547e-08,3.860225970710987e-06,0.0001646061830862804,6.999131262759173e-05,0.00024999402301678847,4.440575609046665e-07,8.959256078390342e-05,1.4871719712311455e-05,0.0005411937186718909,0.00038090003945834007,5.533350847685519e-08,0.9874407127308661,1.3822463497902044e-05,0.00011087282416768982
11,0.0003111939461231649,3.8655117591308385e-08,2.4852083297925352e-05,0.00755312294898503,0.00282463487647785,7.10596554547296e-05,9.726588913344207e-05,5.547270065296742e-05,1.30692379203377e-05,1.6754069883176016e-06,0.00013076719907698691,2.28565995307891e-08,4.397343954057557e-06,0.00016504461875047839,6.739072382689254e-05,0.00026170723380345356,4.800108411540364e-07,9.175360660659842e-05,1.5844886415348836e-05,0.0005462584983585757,0.00038432270428227826,5.609567700037979e-08,0.9872582289624847,1.3338995540063474e-05,0.0001080008636315915
12,0.0003582295469318945,3.70274772360224e-08,3.0101067843702236e-05,0.009039521164487915,0.0026235983838699332,7.494480083183163e-05,0.000112099295196466,7.680961526126872e-05,1.4234135375951232e-05,1.9483550417117327e-06,0.00014709702848629755,2.068176059477095e-08,4.742289101632596e-06,0.00015243569230091118,8.591557151933223e-05,0.0003048910361195727,5.530636421767145e-07,8.75527266583138e-05,1.8290135299026576e-05,0.0005508214216003249,0.0004111807375599241,6.786901995261889e-08,0.9857940351251945,1.6295493493251982e-05,9.45777359260821e-05
13,0.0002590389482497012,3.41026227777803e-08,2.0706580373786842e-05,0.007561280584863831,0.002772523179110098,5.316748603608637e-05,6.643891372474129e-05,3.716909459143923e-05,9.884483676499735e-06,1.0594655398383058e-06,0.0001977298413843032,2.0055906933625272e-08,4.09778796027555e-06,0.0001528384014658339,7.171448257861655e-05,0.0001931997202843732,3.871443063419335e-07,6.570797658029862e-05,1.2028324935781565e-05,0.0003433375161064483,0.00035988713041754035,3.8696506255040946e-08,0.9877301934883803,1.4052880213047764e-05,7.346371418496846e-05
14,0.00031178207565630504,4.275923235009463e-08,2.4709421158375214e-05,0.007047217493169884,0.0031017748222736505,7.721406156928501e-05,9.917545958535907e-05,5.138927411408541e-05,1.2226358317125102e-05,1.6306618563551434e-06,0.0001394120678853953,2.41959654226607e-08,4.444302070062765e-06,0.00016928143733849685,7.08021668260918e-05,0.00026573377232534787,4.4055909770424916e-07,8.876946024215151e-05,1.7590832879720605e-05,0.0005366607046915436,0.0004128977718730813,5.430763092681411e-08,0.9874466853760395,1.2441024771266862e-05,0.00010759963343028523
15,0.00030598625961207783,3.610907518786915e-08,2.457428576040954e-05,0.007409786403899865,0.0028204405122541003,6.86670563000023e-05,9.55883614328968e-05,5.208882871688861e-05,1.2856405144131062e-05,1.6886475524472124e-06,0.00012734940062441558,2.053669875135547e-08,3.860225970710987e-06,0.0001646061830862804,6.999131262759173e-05,0.00024999402301678847,4.440575609046665e-07,8.959256078390342e-05,1.4871719712311455e-05,0.0005411937186718909,0.00038090003945834007,5.533350847685519e-08,0.9874407127308661,1.3822463497902044e-05,0.00011087282416768982
16,0.0002725755458205183,2.550699861158952e-08,1.6577428611411453e-05,0.008418388154636228,0.0021878983018612163,5.9785705016636465e-05,9.829874916944673e-05,4.0445158062273756e-05,8.403928437444208e-06,2.0770792106654343e-06,0.00010770364009964833,2.5503343277433883e-08,2.810602700114076e-06,0.0002005100850442211,5.210266545454412e-05,0.0002561525547579822,4.297423115325826e-07,0.00015190797109875887,9.395415538572699e-06,0.0006188221761133837,0.0005938925155077497,4.7704938025365364e-08,0.9867546495788919,1.2582693330971714e-05,0.00013449159304480934
17,0.0002649570312557938,2.4734033844788617e-08,1.4340986782098718e-05,0.005538919846448105,0.0018487736878070973,4.088762545999955e-05,7.061155930071549e-05,4.396218937098395e-05,8.321161686760374e-06,1.130300431753973e-06,8.475776900482152e-05,2.6330073356711986e-08,3.565738428995524e-06,0.0001658851976176118,3.206633878046024e-05,0.000167109954286338,4.3078551801160605e-07,0.0001335356898326662,1.0246006730207706e-05,0.000574590143832272,0.0003301369421179764,4.63616615383408e-08,0.9905380627808803,8.137930214739475e-06,0.00011947290844355919
18,0.00024949136691700596,2.6113822416093548e-08,9.22194763841724e-06,0.004082079005580551,0.001314071588402947,4.6373849100729104e-05,8.458273321538214e-05,3.771029883615251e-05,1.1101236037329233e-05,1.3115271980479283e-06,7.025917458365533e-05,2.070454441608879e-08,2.6575485119621213e-06,0.000152481748079321,3.743340413739938e-05,0.00017708193938456584,4.596905650291959e-07,0.00011620004878179546,8.652490588378462e-06,0.000513505459369925,0.0002487986791488795,5.024748492456924e-08,0.9926698036769545,8.705983904976746e-06,0.00015791953721141296
19,0.0003457472437652714,4.389141967073611e-08,3.328614080686094e-05,0.009203747520312576,0.003603992529309864,7.111458883668548e-05,0.00011478229823143904,7.129677001877092e-05,1.5677828282548295e-05,1.939524345269461e-06,0.0001433874246148818,2.6365311182208147e-08,5.399545789040147e-06,0.0001836494883700593,7.547676821211459e-05,0.0002704339544543887,5.139595158507847e-07,0.00010036374380527027,1.8929424384779842e-05,0.0006620848461448254,0.00044328991342042613,7.206696159582657e-08,0.984502514879188,1.5434478675060593e-05,0.00011679480582382539
20,0.0002149441407820627,3.185638720780052e-08,2.4710109821664558e-05,0.0064982509121965905,0.0025022324765676483,6.369060382446217e-05,0.00011092353101224348,5.904033649154591e-05,1.100201871662034e-05,1.523122102805946e-06,0.0001403908975423421,1.500684154680059e-08,3.1949698744827814e-06,0.00013440533567266895,0.00012779847483120638,0.0002063647203239326,3.307501182676605e-07,4.8305670979574276e-05,1.708261321834261e-05,0.0004892150135076003,0.0004632079869603354,7.770932706420745e-08,0.9887787347229384,1.3957340168059045e-05,9.05696797933382e-05
21,0.0003498856876980224,4.025447341279861e-08,2.3121782424927366e-05,0.008393790101008412,0.0036078362609929886,5.925526518081695e-05,8.194311963483878e-05,4.426556525912754e-05,1.1644520570773065e-05,1.8823656481471314e-06,0.00014776307276525197,2.8321487711771416e-08,3.974190789984992e-06,0.0002034606104189502,5.5152879695404564e-05,0.00024729111072094295,4.1583941975860367e-07,0.00012738055653961148,1.359018654598437e-05,0.0005609920309778886,0.0005127912737945513,4.719712282419675e-08,0.9854167006940417,1.3762292427829948e-05,0.0001229848203599638
22,0.0003752696364565118,3.057003374960649e-08,3.0363537681843155e-05,0.010686364897285115,0.002532331250065424,7.228594493817952e-05,8.386773927313338e-05,5.9730930991059377e-05,1.0811564765407521e-05,2.0777313478714698e-06,0.00015522532768699263,2.4482854652074204e-08,4.1171836944419704e-06,0.00018343902655473191,6.729629309324153e-05,0.0002899578254247976,6.208366029113084e-07,0.00012458480824884596,1.3674549561988392e-05,0.000610949019747254,0.0004948443253676506,5.645258457135909e-08,0.98409182265648,1.8013383632551347e-05,9.224002562717456e-05
23,0.00030598625961207783,3.610907518786915e-08,2.457428576040954e-05,0.007409786403899865,0.0028204405122541003,6.86670563000023e-05,9.55883614328968e-05,5.208882871688861e-05,1.2856405144131062e-05,1.6886475524472124e-06,0.00012734940062441558,2.053669875135547e-08,3.860225970710987e-06,0.0001646061830862804,6.999131262759173e-05,0.00024999402301678847,4.440575609046665e-07,8.959256078390342e-05,1.4871719712311455e-05,0.0005411937186718909,0.00038090003945834007,5.533350847685519e-08,0.9874407127308661,1.3822463497902044e-05,0.00011087282416768982
24,0.00028338398738144755,3.401846013824807e-08,2.0748867369630044e-05,0.008238786184461,0.003342186056834401,5.636408544253652e-05,7.864078130332158e-05,4.479855922313744e-05,1.2399464597634808e-05,1.5659900672548531e-06,0.00013361888757597678,2.46763677893266e-08,4.421529326078162e-06,0.00018180784807029845,5.02255550984314e-05,0.00027578952829184107,4.0399630744483366e-07,9.933306570397242e-05,1.3063791755411334e-05,0.0005096979806075217,0.0003686442795046792,4.279404878499199e-08,0.9861700802766246,1.2760605650493798e-05,0.0001011771899260679
25,0.00041367073712821647,2.9385036669105358e-08,2.9766991273880734e-05,0.010474283272090703,0.003016636163976339,4.736542754905198e-05,0.0001097334731604233,9.288970053451585e-05,1.0854361598862476e-05,1.6678349790311607e-06,0.00016906284154056834,2.3210298718591822e-08,5.729773670246592e-06,0.00012851917861121117,7.016919426595597e-05,0.00031609005787133293,4.546075492909037e-07,0.00010398244051244386,1.9775550388481145e-05,0.0005599813543427155,0.00048755464113521384,5.4603745466659315e-08,0.9838520892268959,1.3916443104193766e-05,7.56995287405403e-05
26,0.0002678334571654518,2.6400757633141416e-08,1.7703570016116475e-05,0.005778816909229382,0.0020034991060566597,4.369137427485439e-05,6.43474293324352e-05,4.109950987043564e-05,1.5468505013339532e-05,1.0742058773082066e-06,0.00010853044528524525,1.2024569938602887e-08,2.9070314270642128e-06,0.00011738068918017172,5.493507232521261e-05,0.00016221308899327675,3.9118544800252877e-07,6.312647867639562e-05,8.722166344840042e-06,0.00038635530506700514,0.00019528201148289018,4.317132410541195e-08,0.9905572564295315,1.561566534442455e-05,9.366876740620905e-05
27,0.00023533631068300333,3.231203944503919e-08,1.8715436230393974e-05,0.0055362516769081474,0.002462684347142107,5.988224448685181e-05,0.0001066875672236867,4.6607552416236306e-05,1.6380496447338112e-05,1.7812951980278256e-06,0.00010918079364168142,1.4554984970276557e-08,2.9256531175435964e-06,0.00015456551372694367,8.551092700084688e-05,0.0002165758114877777,3.689793830365286e-07,6.420425964152781e-05,1.3374199591279327e-05,0.0005495633013477081,0.00029425814118805245,7.079510405801202e-08,0.9898788919240447,1.4602430242007846e-05,0.00013153347672241185
28,0.00030598625961207783,3.610907518786915e-08,2.457428576040954e-05,0.007409786403899865,0.0028204405122541003,6.86670563000023e-05,9.55883614328968e-05,5.208882871688861e-05,1.2856405144131062e-05,1.6886475524472124e-06,0.00012734940062441558,2.053669875135547e-08,3.860225970710987e-06,0.0001646061830862804,6.999131262759173e-05,0.00024999402301678847,4.440575609046665e-07,8.959256078390342e-05,1.4871719712311455e-05,0.0005411937186718909,0.00038090003945834007,5.533350847685519e-08,0.9874407127308661,1.3822463497902044e-05,0.00011087282416768982
29,0.00030598625961207783,3.610907518786915e-08,2.457428576040954e-05,0.007409786403899865,0.0028204405122541003,6.86670563000023e-05,9.55883614328968e-05,5.208882871688861e-05,1.2856405144131062e-05,1.6886475524472124e-06,0.00012734940062441558,2.053669875135547e-08,3.860225970710987e-06,0.0001646061830862804,6.999131262759173e-05,0.00024999402301678847,4.440575609046665e-07,8.959256078390342e-05,1.4871719712311455e-05,0.0005411937186718909,0.00038090003945834007,5.533350847685519e-08,0.9874407127308661,1.3822463497902044e-05,0.00011087282416768982
30,0.00030598625961207783,3.610907518786915e-08,2.457428576040954e-05,0.007409786403899865,0.0028204405122541003,6.86670563000023e-05,9.55883614328968e-05,5.208882871688861e-05,1.2856405144131062e-05,1.6886475524472124e-06,0.00012734940062441558,2.053669875135547e-08,3.860225970710987e-06,0.0001646061830862804,6.999131262759173e-05,0.00024999402301678847,4.440575609046665e-07,8.959256078390342e-05,1.4871719712311455e-05,0.0005411937186718909,0.00038090003945834007,5.533350847685519e-08,0.9874407127308661,1.3822463497902044e-05,0.00011087282416768982
31,1.5241860143209347e-05,2.8732547048276386e-08,2.3351433766197496e-06,0.004604505563036253,0.0013754181920284643,0.00022716852834661212,6.021391412409563e-05,2.1211512306766027e-06,1.3005272770963079e-05,9.901861998456748e-07,0.0003499623980990611,5.010247137119467e-09,7.218878459647989e-07,0.00021065747376401565,0.0003338197746397913,0.00028648499921255015,2.3257537897432342e-07,3.899867772154042e-06,2.1103848031221843e-06,5.6370021689610906e-05,0.00021949861852542222,1.8894158766435404e-08,0.9921834312373279,1.7360605668964536e-05,3.439770706287763e-05
32,0.00030369246255622953,3.715509331622625e-08,2.4842543024904702e-05,0.006808937588137314,0.0028975933173268765,6.873129236738207e-05,9.620026489649864e-05,5.4593648801305396e-05,1.2416442173916652e-05,1.6486943938944946e-06,0.00012552260078279562,2.134993323347512e-08,3.990513510334103e-06,0.00016056871099504215,7.124771243894798e-05,0.00024944199589067807,4.237455462202787e-07,8.560153162759536e-05,1.7249394749587006e-05,0.0005643645356326753,0.00038656373541132285,5.856789263877703e-08,0.9879436133584969,1.2711034958128268e-05,0.00010992780336235283
33,0.0003859480051502619,4.4018587077730595e-08,2.441048804820069e-05,0.010821596665403265,0.0020213195313408773,9.723773154659169e-05,0.0001377105789742694,9.289278430542306e-05,1.5047843990689707e-05,2.249727891412482e-06,0.0001426692289109392,5.8402841565194165e-08,1.1434466403254332e-05,0.0002623454670444407,3.9389651744955034e-05,0.0005032829521116126,1.466707017578121e-06,0.00022508823204405443,1.780975117766771e-05,0.0007507856139608341,0.0003298497393635304,8.524584524263394e-08,0.983997300331092,1.1362043588911896e-05,0.00010861479161544077
34,0.00047873706446451524,5.3985262144703086e-08,2.840364602393082e-05,0.005311784012107187,0.0041874962602757825,4.388125388007396e-05,7.496815035101155e-05,5.528773761119888e-05,1.6639075829684262e-05,1.306871888550457e-06,0.0001752352478271083,1.8210718818369296e-08,4.269259478535876e-06,0.00014953038005326738,7.921173908477474e-05,0.00015693702343949818,3.160142133368455e-07,6.882234042508143e-05,2.54608969303672e-05,0.0004295134698628555,0.00029337088161616846,6.035102608706452e-08,0.9882806677073133,1.528109414412672e-05,0.00012274732617254225
35,0.0005767642884030441,4.5415987340677644e-08,3.0013015954584847e-05,0.009090383212406008,0.003049883455765923,6.436430726585734e-05,0.00012472925222104683,9.18763421217369e-05,1.7532746026101678e-05,2.217302730026157e-06,0.00012850242219355947,2.987859607249949e-08,5.500085483620936e-06,0.0001711126562114431,5.917281848165275e-05,0.0003260690745692192,6.802310916121909e-07,0.00016730868301780843,1.9765010554405014e-05,0.0006612042977975105,0.000390592432041192,6.900940170837601e-08,0.9848663845085152,1.4799715011391144e-05,0.0001409998381519207
36,0.00023527168955898235,2.8851716453471292e-08,1.2027259353349373e-05,0.006376154961992244,0.0011152837285747315,8.663111517389563e-05,0.000127302223593359,9.634282953380965e-05,1.9486969318178887e-05,1.5483404235517006e-06,6.813123540384557e-05,2.8404078233606928e-08,5.60665430677736e-06,0.00012650049719822022,4.5469538187377884e-05,0.00046649113780441635,1.1996669361534411e-06,9.18825495220957e-05,1.3620315763777694e-05,0.0005517086802495373,0.00018711980005453133,7.480103076387273e-08,0.9902755697915054,7.584869909918637e-06,8.893408881041311e-05
37,0.000519973242412843,3.05401474633545e-08,3.450254518428896e-05,0.010512461253408139,0.0027866425811926545,5.21391761084006e-05,9.087748047449666e-05,5.70169058989779e-05,1.216597648386215e-05,1.9314839493645818e-06,0.00016657851938057483,2.1330374903298193e-08,3.9634626202039475e-06,0.00018096458187362351,6.820186720752143e-05,0.0002353930275758501,5.017066313135231e-07,0.0001567295448606223,1.3228098645183225e-05,0.0006064274683770006,0.000401217691423831,5.200583756887715e-08,0.9839508277971507,2.5695576579808743e-05,0.0001224561362008119
38,0.0002090068233191274,2.9738144962312534e-08,2.0616077007453525e-05,0.006243453837705169,0.00186155464389867,0.0001064275636122131,0.00011302263068569097,5.6793584893550744e-05,8.247003813056312e-06,1.4446994147088032e-06,0.00011529959592437611,2.0256438531885932e-08,4.337941441407222e-06,0.00012159094458915175,7.976364576095777e-05,0.0003634472142672407,4.602815215138975e-07,6.203960624581648e-05,1.901319809610009e-05,0.0005167869004120145,0.00041096318142766285,5.0331557777230356e-08,0.9896069716783902,9.108174192162769e-06,6.95504472407539e-05
39,0.00022451909481559386,2.605057185584039e-08,1.9931905859887426e-05,0.006323540304192066,0.001953256596562248,6.952161698739043e-05,0.00011121640222729383,6.336612225090907e-05,9.209734971776086e-06,1.4076330606471668e-06,8.40885027655805e-05,1.919847290796459e-08,3.5664767662222397e-06,0.00012165329106524214,6.327847955275746e-05,0.0002657341330474312,4.3675699601418924e-07,7.917980847187757e-05,1.4968462921401842e-05,0.000564110592651718,0.00039607889585727894,5.678727987143173e-08,0.989522066504207,8.450764070745732e-06,0.00010031588437428197
40,0.0003960016948700648,8.976933098676678e-08,6.506037004277866e-05,0.007472682717877709,0.006925614686677169,0.00012666420033425073,0.00010544605611469116,5.1930299034177024e-05,1.5608077998819362e-05,2.212264736138075e-06,0.00019156774673355513,3.5761504500571643e-08,4.825111030651207e-06,0.00029076406134811793,0.00014175152003368356,0.0002166872550920276,4.2519323398165945e-07,9.71632365817379e-05,3.0819007291251794e-05,0.0008294033269256568,0.000630150087798498,9.910471461639975e-08,0.9822162924635207,1.9122700737457562e-05,0.00016958328643681224
41,0.0003912164728038523,8.52756445636332e-08,4.213085714869356e-05,0.010788027356239613,0.005902894895402434,0.00011474262147906083,0.00011856950473565538,6.938253613001532e-05,3.190980450013253e-05,2.6291801335069623e-06,0.00017505504516891784,2.500045495220045e-08,6.731994748758497e-06,0.00021573333838026916,9.015885568130446e-05,0.00039998713656815455,6.294623744472265e-07,8.195022137331818e-05,1.9272169923443644e-05,0.0005248714105315711,0.0003729083597470821,6.627403086048321e-08,0.9805109506470457,1.8526995339999605e-05,0.00012154458441366239
42,0.0004340368092119159,5.476365154459031e-08,6.48809434017405e-05,0.009569601589093585,0.003883868138262309,9.910043497639253e-05,0.0001610622026810953,0.00022054434088660408,1.4697509049749163e-05,2.7364838964454305e-06,0.00016167404484167854,3.548294408810081e-08,7.895281793554411e-06,0.00015435378279687862,0.00014956467044249344,0.00040186108801940605,6.726368227352645e-07,7.998407861937843e-05,6.0734433477943324e-05,0.0009919549063169516,0.0007942526818865491,1.8224179561546427e-07,0.982650069195605,1.3065247244793345e-05,8.31170122814362e-05
43,0.0002836433924041183,3.4921528849874017e-08,2.5999334487254402e-05,0.0072917541285261655,0.0030260745072500125,7.838230764577521e-05,0.00010740026436268622,5.9396766268799543e-05,1.8805210354371377e-05,3.489975326148038e-06,0.00011312633961600104,1.568087348790675e-08,3.152708896677047e-06,0.00019596401549543092,8.27863144088763e-05,0.0002858429580898352,4.1799940564905427e-07,8.347823423340629e-05,1.5852524176975933e-05,0.0008389641018780063,0.0004491080716185754,9.062319727581459e-08,0.986886522804739,1.762371820952217e-05,0.00013207309700672518
44,0.00030598625961207783,3.610907518786915e-08,2.457428576040954e-05,0.007409786403899865,0.0028204405122541003,6.86670563000023e-05,9.55883614328968e-05,5.208882871688861e-05,1.2856405144131062e-05,1.6886475524472124e-06,0.00012734940062441558,2.053669875135547e-08,3.860225970710987e-06,0.0001646061830862804,6.999131262759173e-05,0.00024999402301678847,4.440575609046665e-07,8.959256078390342e-05,1.4871719712311455e-05,0.0005411937186718909,0.00038090003945834007,5.533350847685519e-08,0.9874407127308661,1.3822463497902044e-05,0.00011087282416768982
45,0.00028951716346284324,3.693603720459479e-08,3.403168444295786e-05,0.008400642704304078,0.0028014239091060174,9.214810354711989e-05,0.00015018892531857553,8.357974681720009e-05,1.4186221451937225e-05,2.0889188161840947e-06,0.00014025783685300705,1.8689671716042976e-08,4.599582153467734e-06,0.00014337924715941976,0.00012712002337912816,0.00036023742693057223,4.851140179478507e-07,6.826437261441745e-05,2.2171853100482544e-05,0.0006187068284716682,0.00043956935790279183,8.242602960260465e-08,0.9860955802967754,1.5693141728527572e-05,9.59894899079693e-05
46,0.0003076666740798892,2.6689637659186536e-08,1.9658334629761418e-05,0.011093503603884896,0.0010611304093325067,9.718404211091627e-05,7.480503109825238e-05,6.982465908526328e-05,9.499086131339867e-06,1.205997579051226e-06,0.00013951381333068084,2.955035755486648e-08,5.941194242303725e-06,0.0001247410002118812,4.740787626591564e-05,0.0003813258304393118,1.4065635692975865e-06,0.00010808842371587121,9.05949006861607e-06,0.0003863719871086622,0.00031251871246740605,4.493904357489338e-08,0.9856843181483834,1.4520241178467397e-05,5.020770204759192e-05
47,0.000758919769960348,8.521487616642469e-08,3.504648740697072e-05,0.0059478070301967716,0.002955200585903708,9.217323575758137e-05,0.00020014514695000513,0.00013818017012333662,2.081613182101943e-05,2.884372290810892e-06,0.00013142761923857558,6.049888290754869e-08,7.691138372416388e-06,0.00019248272304673555,8.399993977212495e-05,0.00034507817047430976,9.788893331999235e-07,0.00020882807501338094,4.4539468157234796e-05,0.0010060491259373302,0.0005352301468530865,1.7090059719321165e-07,0.9870516272763353,1.2644519106630482e-05,0.00022793336359275306
48,0.0004022834081728102,7.431745123633484e-08,3.3413109509071767e-05,0.008092770480832824,0.001666685147134265,0.00019345555823174122,0.00017909413172173538,0.00017112940081096743,1.4479349310076903e-05,1.4031577881085608e-06,0.00013228592728082536,4.5794453234334353e-08,1.2715106223765374e-05,0.00011281130565372796,8.18298502437959e-05,0.000518609129075019,1.5936554814126408e-06,8.153486061488924e-05,3.962558329691097e-05,0.0004974215315447141,0.0004009655574301484,8.455045841511129e-08,0.9872947217260456,7.392544750944045e-06,6.35748164837938e-05
49,0.0003395757584417345,5.273479749948309e-08,4.172346105218602e-05,0.008402170466402578,0.0034283958919595825,0.00011477637455529508,0.0001080054333483349,6.29335170629548e-05,1.2931647248674205e-05,2.1569538226378665e-06,0.00014649060558780705,3.4422961120234653e-08,5.133926386586556e-06,0.00022390455698858395,8.906141638113762e-05,0.00027018457872885317,6.083992724189258e-07,0.00011473607550282537,2.1153314043106494e-05,0.0008322418654679235,0.0005589370331002794,8.522185257959263e-08,0.9850853346620133,1.5915443215909516e-05,0.000123456239806143
50,0.00048570804196873465,4.046323022571757e-08,2.3108323990873338e-05,0.005698442763111134,0.0036091666239493995,4.530186674482449e-05,0.00029724320940220325,9.836605776791869e-05,2.6034534943059337e-05,4.5275230752335204e-06,8.460271072780801e-05,1.6027126233017635e-08,3.318572982769228e-06,0.00020003638671529947,0.00010213296763533246,0.00029135496885094334,3.3786811564683834e-07,0.00014247449776598315,2.7619712729114806e-05,0.0010776938828625576,0.00039504321659582876,1.4386383531109517e-07,0.9869847792404524,1.5142466597485264e-05,0.00038736420882381665
51,0.0005679585438607709,9.518442822181148e-08,5.706897836676152e-05,0.022175648012318347,0.005982981329608377,0.00010308044999312089,0.0001328651556041645,9.020778695713971e-05,3.0184589200505993e-05,3.047178207976447e-06,0.0002929675591141378,3.462210664455448e-08,8.651666145672407e-06,0.000278243845027627,0.00010676089395153246,0.00037048443176156126,9.254154822575999e-07,0.00012220190571448527,1.6233929820971007e-05,0.0004571758521836427,0.0006166752752173833,7.51745650553766e-08,0.9684451416428903,3.1360406685181155e-05,0.00010993017078839356
52,0.00038893065611957746,2.801542580272005e-08,2.642366746577776e-05,0.00997465822682309,0.002574681696518882,6.543312641922555e-05,8.458075674774215e-05,5.013518838345062e-05,1.3050048055568868e-05,2.177487675903203e-06,0.00015413629673169643,2.1033114018831885e-08,4.002342619039366e-06,0.00018530941650916953,6.142683888856249e-05,0.0003070520157137586,5.202544971388098e-07,0.0001342622735700028,1.1608949454187444e-05,0.0006371368559412011,0.00036712241202878934,4.9256438537844575e-08,0.9848329255261549,2.1871729172523087e-05,0.00010245592953155716
53,0.0007422968765953994,8.704757013700912e-08,8.410464079291864e-05,0.012859479576002962,0.0060096532452013,0.00012114261107528559,6.863925750844419e-05,8.163610872728346e-05,1.3505059795244624e-05,2.38990988107918e-06,0.00026302282564029053,5.211143705217882e-08,8.045474134924024e-06,0.00025809406747402723,8.023014536383751e-05,0.0003050468317021566,7.976844053835869e-07,0.00016172566965883862,3.200523446847582e-05,0.0007177705703956196,0.0007905317015837232,7.442087710662255e-08,0.9772806505716436,2.1581949290128634e-05,9.743640877511103e-05
54,0.00034662687341693074,6.230771431677702e-08,1.5799678559365786e-05,0.005355963184158334,0.002921075281122254,8.189322247573004e-05,0.0001668751390935046,5.704127419761115e-05,2.122513399731844e-05,2.3725366412045665e-06,9.903295888270555e-05,2.8517094591747646e-08,4.186910046948127e-06,0.0002036031508697533,7.08591865113066e-05,0.00035427467254402136,5.530434617295584e-07,0.00011524195894515065,1.8352257323643865e-05,0.0005517133538677653,0.00032471663360171906,7.690889475118894e-08,0.9890636069072154,1.0441357719952894e-05,0.00021437755164385158
55,0.0005456457355784253,8.755006374019252e-08,2.1620648763254435e-05,0.007834150338022563,0.005070809005320694,5.974271155681385e-05,0.00015725134390600254,5.582950123430149e-05,2.4135084248325945e-05,1.7058017513385675e-06,0.00013757159149555527,6.172118448277815e-08,5.934291735983078e-06,0.00023862240571335768,5.396422195495972e-05,0.00028688534585370816,6.492792538280179e-07,0.00024367248280570604,1.5759531453463285e-05,0.0005527537520834058,0.00039661069236370005,5.7952770179968345e-08,0.9840012868884134,1.2189421466767878e-05,0.00028300270100577694
56,0.0003180764532066133,4.001191632264138e-08,2.520603540096611e-05,0.007511906962981674,0.002933120113415532,7.031716265189611e-05,9.688366026837651e-05,5.3580753539995794e-05,1.3543313644493609e-05,1.6979814713663554e-06,0.00013522403231910568,2.273572565159508e-08,4.350127973654954e-06,0.00017076074245256866,6.930575378967875e-05,0.0002539572321563013,4.724817473870322e-07,9.258239044765442e-05,1.566257327578441e-05,0.000547022958694427,0.00038025947124082764,5.670449224638124e-08,0.987179309586841,1.4031130036257703e-05,0.00011260963031025858
57,0.000334146807468289,4.801462811811361e-08,3.6205777238866634e-05,0.006224399318528827,0.0038343194676149412,8.051300922516866e-05,9.948590258445133e-05,8.228493061036018e-05,1.034261923658003e-05,1.565071055117361e-06,0.00012947472608108442,3.781741569272259e-08,5.267120027575308e-06,0.0001640858270771644,8.111471555182929e-05,0.00025683785798942825,4.5716365942707204e-07,9.206506989987616e-05,3.509780990177265e-05,0.00078704701861712,0.0005838530323661891,8.758590734149295e-08,0.9870473742318463,9.183313603672346e-06,0.000104705791864821
58,0.0003078872750206917,3.5599385651512465e-08,2.5880863603357533e-05,0.0076545230123727884,0.0027611963036771724,6.766463710173241e-05,9.381552336741035e-05,5.031187109509716e-05,1.316011439402922e-05,1.7374240401280547e-06,0.00013994784617878844,1.9606742781773574e-08,3.7489777181898653e-06,0.00016782186537112775,7.848757808357432e-05,0.00024293385525251784,4.458136769761534e-07,8.696010778789731e-05,1.4306929730273275e-05,0.0005350045752993087,0.0003756755998173817,5.814999772670812e-08,0.9872507415327513,1.669805018848901e-05,0.00011093688734574538
59,0.0003141542137062293,3.5002692673454516e-08,2.877090369325425e-05,0.008056566111585155,0.002909799706417242,6.740366259583237e-05,9.006602722774167e-05,4.964103078668338e-05,1.3382545421233336e-05,1.8787485085859017e-06,0.00014598460957790895,1.8850207317832494e-08,3.589520208744429e-06,0.00017572782642736587,8.251383114565165e-05,0.00023861742450040702,4.387434615852275e-07,8.796150321258614e-05,1.417078110904105e-05,0.000565129183650617,0.00039357445811004257,6.035938114189793e-08,0.9866298952436768,1.8991075267653734e-05,0.00011162863742845005
60,0.00030598625961207783,3.610907518786915e-08,2.457428576040954e-05,0.007409786403899865,0.0028204405122541003,6.86670563000023e-05,9.55883614328968e-05,5.208882871688861e-05,1.2856405144131062e-05,1.6886475524472124e-06,0.00012734940062441558,2.053669875135547e-08,3.860225970710987e-06,0.0001646061830862804,6.999131262759173e-05,0.00024999402301678847,4.440575609046665e-07,8.959256078390342e-05,1.4871719712311455e-05,0.0005411937186718909,0.00038090003945834007,5.533350847685519e-08,0.9874407127308661,1.3822463497902044e-05,0.00011087282416768982
61,0.00034336475841110803,3.710889417560644e-08,3.1868929415003184e-05,0.008546804673938839,0.0030383085590843907,7.165522981199077e-05,9.184192304214835e-05,5.5122134508023675e-05,1.3151562556107146e-05,1.8962999338043777e-06,0.00014669889783368954,2.0767400423604802e-08,3.916045198840565e-06,0.00017792033196563397,8.084643811558715e-05,0.00024864115169159583,4.713539894605632e-07,9.609740150955873e-05,1.533188496675788e-05,0.0005871969599793933,0.0004198214342516713,6.136867878315291e-08,0.9859004694606355,1.820266639330955e-05,0.000110252657794119
62,0.00030598625961207783,3.610907518786915e-08,2.457428576040954e-05,0.007409786403899865,0.0028204405122541003,6.86670563000023e-05,9.55883614328968e-05,5.208882871688861e-05,1.2856405144131062e-05,1.6886475524472124e-06,0.00012734940062441558,2.053669875135547e-08,3.860225970710987e-06,0.0001646061830862804,6.999131262759173e-05,0.00024999402301678847,4.440575609046665e-07,8.959256078390342e-05,1.4871719712311455e-05,0.0005411937186718909,0.00038090003945834007,5.533350847685519e-08,0.9874407127308661,1.3822463497902044e-05,0.00011087282416768982
63,0.0003158541999222186,3.9389232768080395e-08,2.517600589232322e-05,0.007414606449644512,0.002940775893976985,7.074468530991259e-05,9.885805142596275e-05,5.296232104526863e-05,1.3593232775624005e-05,1.724285290832891e-06,0.0001311702381907094,2.131192355453464e-08,4.002560399412356e-06,0.00016869157133757545,7.238526710862257e-05,0.0002510571027215468,4.5498381704284165e-07,9.022967722277147e-05,1.5374885431955978e-05,0.0005385873397119033,0.00038483034861403907,5.7284854140695554e-08,0.9872796258083142,1.4032655513970279e-05,0.00011514445032237243
64,0.00028946392031138743,3.809689474119499e-08,2.7041440802279753e-05,0.007690012952956546,0.0031331256688201642,6.946759112130718e-05,9.699124728345552e-05,5.3741905752730284e-05,1.1708853615885895e-05,1.7203072669431754e-06,0.0001344028728937496,2.149675577857055e-08,3.7706148939549213e-06,0.0001651028495352052,7.780615199700326e-05,0.00023610205121279924,4.044208555520716e-07,8.390575792372937e-05,1.6025926505729237e-05,0.0005496740548286804,0.0004870057966915807,5.912618643906424e-08,0.9867515465835427,1.343044210369135e-05,0.00010742986924788514
65,0.0002720692987461977,3.857255720797955e-08,3.040353633061912e-05,0.00786751857090036,0.0029387187513322138,8.277644014093293e-05,0.00010007049612443844,5.370597213560696e-05,1.1850705162718824e-05,1.6693517907886746e-06,0.0001408342903223065,1.946035223484082e-08,3.89034162800771e-06,0.0001636063545324719,9.401323739271215e-05,0.00024688688014844006,4.3413654842153354e-07,7.250259731595679e-05,1.6053578524659077e-05,0.0005297091715253897,0.00044362568701556397,6.044644822831893e-08,0.9868155094655521,1.4738109810676728e-05,9.929454766181099e-05
66,0.00031932706118490507,3.713209945431295e-08,2.6129801113159693e-05,0.008042133628280703,0.0030893926085228717,6.936664459805069e-05,9.359754439493924e-05,5.148593569427391e-05,1.2871764839945002e-05,1.8035147813314028e-06,0.00013628998873842918,2.17945421572187e-08,3.970312286100898e-06,0.00017581271630096336,6.991527337704852e-05,0.00026141859784240207,4.5031175499505664e-07,9.610877270464938e-05,1.4828565967961966e-05,0.0005558307090501815,0.0004098693369398231,5.490384176731154e-08,0.9864429760958727,1.473727404518065e-05,0.00011156971122586404
67,0.00028197706161777256,3.377437501372928e-08,2.2960705710542613e-05,0.0070141560622181895,0.0025874876627907874,6.900303300209111e-05,9.084369102680243e-05,4.7603218206371224e-05,1.1840516125867539e-05,1.605261103656964e-06,0.00012202290660375201,1.98833440515448e-08,3.6358475852483777e-06,0.0001629397297999553,6.74315640446004e-05,0.00023766779213640134,4.3217863088973056e-07,8.685228584814489e-05,1.3825367805970394e-05,0.0005375638146302024,0.0003728048390506689,5.3026675287807185e-08,0.9881454255219373,1.3410228633889314e-05,0.00010840402709633515
68,0.00030249690493880865,2.816878155052127e-08,2.4573206500925632e-05,0.008100668914998574,0.0020707766978374648,6.562107456296771e-05,9.287726246200376e-05,6.054634057368865e-05,1.0133552223649632e-05,1.3813719535682185e-06,0.00010547168556466422,2.4830314382845335e-08,5.1871152653484385e-06,0.00015342449796239564,4.3875132040832453e-05,0.000242052370263967,5.357743985037712e-07,0.00012577400589763648,1.2822568744030752e-05,0.0006496896674929429,0.0003677398618499044,4.336265243822021e-08,0.987458696537109,1.08502117745279e-05,9.4708883836227e-05
69,0.000249456504811057,3.0900921204952596e-08,2.2334616600399293e-05,0.006061093836624488,0.002107980689653549,7.456715110395359e-05,8.184580403368979e-05,4.6109848067035456e-05,8.848479410046433e-06,1.3418502606179364e-06,0.00011942396157142432,2.1313943615712696e-08,3.7779987082018374e-06,0.00015013170375521634,6.367024432468648e-05,0.00020797856939243275,4.249093643079024e-07,7.963632748360503e-05,1.5129883138611273e-05,0.0005753037408833878,0.0004010296517369304,5.193421916750723e-08,0.9896293126374993,1.1356899477907605e-05,8.914054301503356e-05
70,0.00014114922839608826,1.9971093075523324e-08,1.5802453486482756e-05,0.008981628564449437,0.0016255106949145833,8.792156117709156e-05,6.533530573013241e-05,4.1263791513213554e-05,1.5070302234976597e-05,1.7285649110668507e-06,8.257557104313067e-05,1.7994278921787736e-08,4.39083803557483e-06,0.0001631104407491963,3.604993479465529e-05,0.00039549722131859406,6.209752122681816e-07,7.746238345676014e-05,5.781385123405235e-06,0.0006202652641119553,0.00023894309033640432,3.580839238947831e-08,0.9873241982555437,1.3189540782905493e-05,6.243085891414121e-05
