,0,1,2,3,4,5,6,7,8,9,10,11,12,13,14,15,16,17,18,19,20,21,22,23,24
0,0.22129776370690224,2.3426263479718108e-05,0.0025093903608114573,0.00020263870123780046,0.13980833936792014,6.653043579733689e-05,0.004833367551586127,0.0011035012639135171,0.08967727690734471,0.344712345286723,0.09380896295888616,2.43491087390854e-05,1.108444473491358e-05,0.019693510356132628,0.010616156454441328,5.334930416940896e-05,0.00030535219975863623,5.5094284470565916e-05,0.0033780647716996326,6.77257821203412e-05,7.921406378219296e-06,6.574784380318281e-06,0.020320600495954272,0.0007070263130303197,0.04670964748938814
1,0.21906363510798765,1.475505139379144e-05,0.0032113409478642294,0.00017300512866184794,0.1407125968396128,5.624506080745644e-05,0.0033782978781209914,0.0010819202320418932,0.11508698219530109,0.3899476392832161,0.07083151905483663,1.441139473332699e-05,1.203769422034417e-05,0.009162429489957793,0.006058582288289859,6.0168302575445246e-05,0.00022326450464814517,3.042555874064479e-05,0.0039132489252143065,5.345238164249094e-05,5.5431748041974275e-06,4.238848932423918e-06,0.012919748568642805,0.00046723947382673993,0.02351727261392698
2,0.3277534212263756,2.4894302458526766e-05,0.0026648660649833955,0.000390800829418139,0.10742563982509587,0.00021883220806763684,0.015336086287453267,0.001086375989879265,0.05971608327197225,0.3623475194594725,0.030583744931605594,2.8644276022515386e-05,2.3028620543182442e-05,0.017308195762773336,0.00393680748255981,0.0002528220065050015,0.0010633721171057562,0.00010376520429351074,0.011824097405211134,4.04003641594373e-05,1.211913398678143e-05,1.8235138964903543e-05,0.021292679562666013,0.002987561078345337,0.03356000745008119
3,0.22264557799126486,2.2038321776877287e-05,0.002490990747564432,0.0002061492353280159,0.13690018537557747,6.554550029709521e-05,0.004806830335206079,0.0011290655772472563,0.09047380057096012,0.35173688938083564,0.09198959797306117,2.3443708515843772e-05,1.1490367392706713e-05,0.018754134597764628,0.010114212662351161,5.438652856888466e-05,0.00030325889807727047,5.436897626994196e-05,0.0033456526311707313,6.806686682679358e-05,7.7180054378409e-06,6.3095508683865915e-06,0.020041666486370388,0.0006992081909252743,0.044049411520341065
4,0.24438923335218618,2.0750426899247045e-05,0.0024935921168561326,0.0002080697116529671,0.1360252590190757,6.566221516668096e-05,0.004913469624801589,0.0011382516670027456,0.08103080506352656,0.3491021920244633,0.08677136106957338,2.2788344553524952e-05,1.4125561185740796e-05,0.020204191406656337,0.009132295143401654,5.981345880885241e-05,0.00030755644376766704,6.010584338179479e-05,0.003669474851493748,7.338236252918665e-05,7.2760753456097235e-06,5.741286444393179e-06,0.019322302109017066,0.0007913667903249442,0.040170934031884833
5,0.22892513793184155,2.6945086991639248e-05,0.002104656255367802,0.00026386678136860504,0.12899470042803007,7.377493982289949e-05,0.00429822211270436,0.0012044130665363197,0.08649140558684662,0.34529427944481805,0.10075825847163396,2.1089660075634658e-05,1.2999071813029587e-05,0.020260274677466484,0.011332178228947868,5.8547953773426625e-05,0.000309316771040922,7.803286079658111e-05,0.0037923889147714307,7.681404632152603e-05,7.826675458946855e-06,6.571897396588008e-06,0.022256989057847686,0.0007209707292091296,0.042630339349118904
6,0.22264557799126486,2.2038321776877287e-05,0.002490990747564432,0.0002061492353280159,0.13690018537557747,6.554550029709521e-05,0.004806830335206079,0.0011290655772472563,0.09047380057096012,0.35173688938083564,0.09198959797306117,2.3443708515843772e-05,1.1490367392706713e-05,0.018754134597764628,0.010114212662351161,5.438652856888466e-05,0.00030325889807727047,5.436897626994196e-05,0.0033456526311707313,6.806686682679358e-05,7.7180054378409e-06,6.3095508683865915e-06,0.020041666486370388,0.0006992081909252743,0.044049411520341065
7,0.35934909560422695,7.900798973636218e-06,0.002539815012171834,0.00018301054189536256,0.08110762574728815,1.893313369953688e-05,0.0033834755243173,0.0012741945611174277,0.05477401580052462,0.39283464337904106,0.07069615603374163,8.876662665576081e-06,1.7401375096784455e-05,0.006377804553674598,0.002504403393751738,3.192715417571625e-05,0.00021444377510690095,1.8233239508532232e-05,0.002610892537310973,5.029501730432042e-05,1.5347513921849869e-06,3.4512384498420733e-06,0.004667973009915078,0.0003866084379005485,0.01693728871674985
8,0.24799725129542305,9.253400515779389e-06,0.003573029955464523,0.0001416096101854627,0.08097816371707617,2.9456835928253298e-05,0.004344540869614637,0.0007200008207626663,0.051812281333910686,0.44935726437296314,0.0624502130246857,2.41347259340344e-05,1.086460557445278e-05,0.01946151012380806,0.005270147395095082,3.10961164919194e-05,0.0002876461518688837,1.9794448400143656e-05,0.0014845821861247984,7.009807452397405e-05,7.2835196239248765e-06,3.5427173191446574e-06,0.023160605589436743,0.0010346915508196493,0.047720937558449035
9,0.22101177200960528,1.3963180691852152e-05,0.002283291491104021,0.00016067540501667072,0.07801307854594788,3.235719380336494e-05,0.003525811652344513,0.0007416036574420453,0.06086818496339236,0.42456714636520726,0.0877526285111003,2.1995372326709654e-05,7.409448497058595e-06,0.02105212483221114,0.00924455755010328,2.400894155968732e-05,0.00023711230720325127,2.662366225751903e-05,0.0014277456523119967,6.177566755140678e-05,6.857686974465846e-06,4.107921732086981e-06,0.027817317944958286,0.0007719885420795785,0.060325861494577984
10,0.22264557799126486,2.2038321776877287e-05,0.002490990747564432,0.0002061492353280159,0.13690018537557747,6.554550029709521e-05,0.004806830335206079,0.0011290655772472563,0.09047380057096012,0.35173688938083564,0.09198959797306117,2.3443708515843772e-05,1.1490367392706713e-05,0.018754134597764628,0.010114212662351161,5.438652856888466e-05,0.00030325889807727047,5.436897626994196e-05,0.0033456526311707313,6.806686682679358e-05,7.7180054378409e-06,6.3095508683865915e-06,0.020041666486370388,0.0006992081909252743,0.044049411520341065
11,0.2391161281179922,1.9708268109068063e-05,0.002467221730775506,0.00019955208279741416,0.12510275672341178,6.299433729437255e-05,0.004848506193589742,0.0012620293293596778,0.08791038362172708,0.3690770180892986,0.08339341110564173,2.2526109587794217e-05,1.4034081990359455e-05,0.016860391950966502,0.00879656628014457,5.706750230412766e-05,0.0003100224264718949,5.3884954376397566e-05,0.0035206712891890923,6.846681873955721e-05,6.752821289133236e-06,6.0495410383269304e-06,0.017889612317072034,0.0007547578439336057,0.038179486462899405
12,0.028034779431334197,6.395271183173987e-06,0.00033621172983050413,3.2942728459421735e-05,0.5236354620152408,5.001961598891943e-05,0.004275678952697375,1.35857980129328e-05,0.021327421523567862,0.03730850631321533,0.02471946730798235,7.435677259165186e-06,1.2510969678985043e-06,0.12760985369227332,0.003160794661171639,1.0137098966728465e-05,0.00010012201223831098,7.86025068962121e-05,0.00039744368684955893,7.387117204474492e-05,1.1356248140338344e-05,3.6308771539949443e-07,0.10972942189479698,0.0005522780129338841,0.118526598464233
13,0.21203559857944185,1.2090115853313696e-05,0.002448524247100413,0.00020613512602466803,0.09200338430671441,2.0335567382905725e-05,0.0028021681268997705,0.001181476103462157,0.05932526815187475,0.2836768874647509,0.245354855572564,3.1996194081699764e-05,9.349183711314288e-06,0.03089339395130936,0.015038565819061002,3.289449555093211e-05,0.00017563698659211826,4.437952065394207e-05,0.0011671082507046216,9.217922074440745e-05,6.518716405258895e-06,3.443927137667361e-06,0.01757607843711957,0.0002884026341929708,0.03557332930066586
14,0.2231269229794649,2.1799855443285404e-05,0.002486736481304264,0.0002050635111991471,0.13603584342229036,6.523532998241454e-05,0.004834148746498729,0.0011319390304346244,0.09041656613990298,0.3525433568389001,0.09149118504737651,2.354846417209583e-05,1.1471684730209016e-05,0.018770775115504786,0.010085306039122175,5.424841706542981e-05,0.00030447374087993193,5.403666780442852e-05,0.003321241752195484,6.783916859998047e-05,7.726336079785334e-06,6.29884166220916e-06,0.02008239254988466,0.00070324562647989,0.04414859821302164
15,0.22264557799126486,2.2038321776877287e-05,0.002490990747564432,0.0002061492353280159,0.13690018537557747,6.554550029709521e-05,0.004806830335206079,0.0011290655772472563,0.09047380057096012,0.35173688938083564,0.09198959797306117,2.3443708515843772e-05,1.1490367392706713e-05,0.018754134597764628,0.010114212662351161,5.438652856888466e-05,0.00030325889807727047,5.436897626994196e-05,0.0033456526311707313,6.806686682679358e-05,7.7180054378409e-06,6.3095508683865915e-06,0.020041666486370388,0.0006992081909252743,0.044049411520341065
16,0.23026589903486325,1.5724369025313153e-05,0.003647194035337054,0.0002827810165416022,0.14120202481990682,7.477678263744729e-05,0.006312870999407697,0.0012773873157789243,0.04712266244740374,0.31335621223800114,0.1411287725544779,4.693947231399857e-05,1.9770157714773067e-05,0.04379253043348883,0.014077976653870982,0.0001274373621326948,0.0003749117270036923,0.00012866506867194606,0.003567481080937952,0.0001250358342920016,1.89853353447983e-05,5.83624029386825e-06,0.02432538894362017,0.0009133846962606493,0.02778935138067283
17,0.31482946528638195,1.1659143943667642e-05,0.0024911880850939064,0.00020628477551439534,0.13977806497221276,2.731046966581855e-05,0.008754799470700955,0.0010181523797459038,0.06626914955688913,0.23816973021579801,0.1074046504509437,3.966833636415195e-05,1.1142244363069792e-05,0.03381787745236644,0.006419058639277432,4.058439671937532e-05,0.0003640222673074259,3.313000287882118e-05,0.001326748736948425,6.793725572947992e-05,6.5962699628168785e-06,5.669035040713779e-06,0.016763882269841376,0.0006215908654366575,0.06152163742087346
18,0.3105670705944896,2.4364213936985202e-05,0.0011762802730951717,0.0001284849309923538,0.11842553745860399,3.803158185593623e-05,0.00643881152590757,0.000499874586956812,0.0764882067362582,0.22605592864872937,0.07344244232547013,1.5411797113317754e-05,5.086172748167531e-06,0.020795531146309876,0.006292634380743544,1.898968220062839e-05,0.0006138656719060914,4.1679525648337485e-05,0.0024548526355604562,3.9745471509424115e-05,4.4712676280890695e-06,9.264330161059335e-06,0.021469097518127502,0.0007559789270686495,0.13419835859697876
19,0.16365094502594632,8.37456904247093e-06,0.0025248249820154786,0.0001561380839285463,0.0964882316433131,5.453433348660948e-05,0.006097397559705797,0.0013136816802829345,0.07818793833834259,0.5498857464627158,0.04995256577291833,2.4034233155033638e-05,1.420382013205529e-05,0.007675766778240712,0.00409018246184817,4.438591035087877e-05,0.00027811595094653956,2.1966140493302738e-05,0.002031521789446635,5.900055901931741e-05,4.367817869174271e-06,5.861187008633642e-06,0.009726632452728605,0.0006711520884323454,0.027032430358630663
20,0.14997446385506807,7.049640667085916e-05,0.0025871904832040775,0.00030249116387437593,0.0879061212035466,0.00010428177142911205,0.003402621559070979,0.002465544377525015,0.10790570272276223,0.35906472948764656,0.15217269427204783,5.267840075455465e-05,9.815181730108316e-06,0.018440727227542333,0.036810160507332636,6.227674290248608e-05,0.00029422339323816683,8.906225999075573e-05,0.003801548278264018,6.829641354911132e-05,1.4746989193912579e-05,1.9618564216810328e-05,0.021635253621820706,0.0006015218803918703,0.05214373323622669
21,0.2512454080596568,1.7435250207303994e-05,0.0026021270272155,0.0003123777119097825,0.12518322475589902,3.984856585551302e-05,0.0033633760914924815,0.0009789074593674323,0.06197030221098022,0.2633870795142825,0.18469811865158733,2.9752138391657277e-05,1.1319782956068038e-05,0.03795519675698654,0.013048301119349726,6.505170155557348e-05,0.00019284191658500144,6.332369965250239e-05,0.002393628110166382,8.616282715817135e-05,8.149300034351238e-06,4.0675751422849364e-06,0.018830679785074456,0.00038317187016333914,0.03313014811833006
22,0.20463905588719516,1.102856630581296e-05,0.002544927281611886,0.0002648766352257208,0.10635026671195831,3.9449333189383515e-05,0.003767708471129834,0.0009149542816720352,0.05730712127243155,0.4006766235984384,0.1523921682527891,1.970243915403754e-05,1.2036762836927759e-05,0.016040636865271244,0.007243062458811018,5.318624000466256e-05,0.00037751389980388846,6.176140059412931e-05,0.002268318028430324,9.604239422424378e-05,7.6068127356335915e-06,5.320338061245303e-06,0.01681373438362198,0.0004255287803839839,0.02766736890411928
23,0.22264557799126486,2.2038321776877287e-05,0.002490990747564432,0.0002061492353280159,0.13690018537557747,6.554550029709521e-05,0.004806830335206079,0.0011290655772472563,0.09047380057096012,0.35173688938083564,0.09198959797306117,2.3443708515843772e-05,1.1490367392706713e-05,0.018754134597764628,0.010114212662351161,5.438652856888466e-05,0.00030325889807727047,5.436897626994196e-05,0.0033456526311707313,6.806686682679358e-05,7.7180054378409e-06,6.3095508683865915e-06,0.020041666486370388,0.0006992081909252743,0.044049411520341065
24,0.22514235688993842,2.614953853034866e-05,0.0022205700954562543,0.00029771171146005405,0.16220559499558815,5.788872248786435e-05,0.003701990768132288,0.0009467315631631642,0.07785783998664407,0.31379356334045316,0.11642007166714914,2.3065926576023248e-05,1.2047018022479786e-05,0.02254101552744807,0.008807391079801727,4.9365513437960536e-05,0.00025232941178272313,5.705269583991429e-05,0.00303231427886237,7.96146566838853e-05,5.931937316365184e-06,6.1294774494187004e-06,0.016448001960697144,0.0004963300590137014,0.04551894117806541
25,0.27474760419224586,6.024437142314129e-06,0.002136397991351099,0.00022211225416549437,0.08387095014923467,1.4417974722919283e-05,0.0049613257946016925,0.0015447361268335963,0.050507736922383334,0.32071253207464395,0.19301461224541208,2.644596797860223e-05,1.4440169172227658e-05,0.021807791650976013,0.0065926641684284585,3.133605211376199e-05,0.00022769435503574193,3.328315196092946e-05,0.0008930291715238075,9.239164311193888e-05,3.4508223969454484e-06,3.18129627306623e-06,0.01020882294300596,0.0003140751176968342,0.02801294332758873
26,0.26685041337727333,1.3703480783063248e-05,0.0014654789911723231,0.0001195229927862249,0.12233716447223726,6.635636336544496e-05,0.0044955986931944775,0.0007563501826657571,0.12045251649692243,0.36200847024028554,0.0381459670997842,7.2339946583895585e-06,1.1327097264527733e-05,0.008644372381987854,0.004404028525624639,3.771152532064866e-05,0.0004102664496477671,5.20321556401408e-05,0.004262908153300376,4.813708031707655e-05,5.119873629739128e-06,3.578825218458975e-06,0.026561591877172826,0.0010007653309561967,0.03783938433879143
27,0.196103084564526,3.844632801035351e-05,0.0017992232265372952,0.00022218828901308084,0.11364186323901272,7.005309674475374e-05,0.0039516979825217815,0.0013599743893700105,0.13222850941341127,0.34072351801871004,0.10022692877737414,2.2546653985711042e-05,7.549507614189813e-06,0.01378279725573521,0.01399222202947109,4.008472225072279e-05,0.00025649006706525857,4.4002442582336404e-05,0.003439998250228376,4.556219600931034e-05,5.376171263254688e-06,1.0120556243453872e-05,0.016736736101845257,0.00048589067390039555,0.06076513604657401
28,0.22264557799126486,2.2038321776877287e-05,0.002490990747564432,0.0002061492353280159,0.13690018537557747,6.554550029709521e-05,0.004806830335206079,0.0011290655772472563,0.09047380057096012,0.35173688938083564,0.09198959797306117,2.3443708515843772e-05,1.1490367392706713e-05,0.018754134597764628,0.010114212662351161,5.438652856888466e-05,0.00030325889807727047,5.436897626994196e-05,0.0033456526311707313,6.806686682679358e-05,7.7180054378409e-06,6.3095508683865915e-06,0.020041666486370388,0.0006992081909252743,0.044049411520341065
29,0.22264557799126486,2.2038321776877287e-05,0.002490990747564432,0.0002061492353280159,0.13690018537557747,6.554550029709521e-05,0.004806830335206079,0.0011290655772472563,0.09047380057096012,0.35173688938083564,0.09198959797306117,2.3443708515843772e-05,1.1490367392706713e-05,0.018754134597764628,0.010114212662351161,5.438652856888466e-05,0.00030325889807727047,5.436897626994196e-05,0.0033456526311707313,6.806686682679358e-05,7.7180054378409e-06,6.3095508683865915e-06,0.020041666486370388,0.0006992081909252743,0.044049411520341065
30,0.22264557799126486,2.2038321776877287e-05,0.002490990747564432,0.0002061492353280159,0.13690018537557747,6.554550029709521e-05,0.004806830335206079,0.0011290655772472563,0.09047380057096012,0.35173688938083564,0.09198959797306117,2.3443708515843772e-05,1.1490367392706713e-05,0.018754134597764628,0.010114212662351161,5.438652856888466e-05,0.00030325889807727047,5.436897626994196e-05,0.0033456526311707313,6.806686682679358e-05,7.7180054378409e-06,6.3095508683865915e-06,0.020041666486370388,0.0006992081909252743,0.044049411520341065
31,0.06754754379470261,2.0607362571713515e-05,0.0007670577651063204,0.00018908134497618606,0.1941453409040027,0.00013628968252832292,0.005212321088666726,0.00017320369959558248,0.09205042087905048,0.36872125381594856,0.08608996465821776,1.5488909725959774e-05,2.133010878973237e-06,0.02332140981666655,0.009420624536207154,2.405994717382897e-05,0.00020617019816353296,4.440295309407023e-05,0.0015638741976499032,4.991017080969066e-05,7.2173547755281594e-06,5.9985295653980985e-06,0.041253326113145666,0.00041792132891448823,0.10861437793786231
32,0.2426969746207745,2.638040995646884e-05,0.0025588990876167267,0.00020871229479060653,0.13945675763827958,7.208245189664455e-05,0.004369302997166574,0.0011412936300455637,0.0908401240665822,0.3403039896572451,0.08489168191555714,2.1046825242036227e-05,1.2929411467373628e-05,0.017506330580694528,0.009688168647797321,5.989016602850463e-05,0.00032152172631539304,6.146907694350307e-05,0.004444467855397293,6.5807910194254e-05,7.399397120577024e-06,6.754226619347471e-06,0.01905841071335302,0.0007592357490996992,0.04142036894381597
33,0.36090086679365163,3.8595749999016565e-05,0.002540961424965014,0.00026985251909038787,0.12060467008749276,0.0001317384166604627,0.006736474287636547,0.0015118597263330097,0.060228231558026625,0.32249007798209794,0.03738647036496164,2.438760541966263e-05,3.076175771812773e-05,0.017140520151551656,0.005468972639086431,0.00014460216843858556,0.0007501321065379875,0.0001221461024002029,0.013065818908503262,5.9203087291116124e-05,7.4657579342971585e-06,1.4113589043133669e-05,0.01504584604861931,0.0023663398949259075,0.032919891271615376
34,0.3388888553356792,1.5584600960347602e-05,0.0024267122327860675,0.00017646087912951078,0.13078735018481985,3.5896746200259186e-05,0.003564834490670783,0.001018136602836798,0.07465111697972161,0.282520683229961,0.09198594238192931,1.511935496646976e-05,1.2610438203125061e-05,0.01795823210675771,0.006977603722244093,4.66546834444002e-05,0.0002531438801323058,4.509178917345886e-05,0.003501473088798343,5.8231983495907414e-05,4.817587267697935e-06,3.811258501051995e-06,0.013686922070865906,0.0005378456808590161,0.0308268686905958
35,0.2966013618584185,2.604618047317643e-05,0.001890547018730833,0.0001990227366054487,0.10667777523262009,4.66714975773659e-05,0.0036373196503166057,0.0019005433043224678,0.13911926010208683,0.3041133582404756,0.07824988345114664,1.5461624905726134e-05,1.091727033774424e-05,0.008887013599857786,0.008374930961905874,4.335586134807553e-05,0.00026926755934638324,3.717181846797547e-05,0.004084567983610525,3.8151706531774744e-05,3.5882645062834297e-06,7.661512491779459e-06,0.010093270317776726,0.0004280181815996195,0.035244834064540244
36,0.27901202014615384,2.3120762747753354e-05,0.002083151597266758,0.00022304782404592374,0.09266532375605557,5.1218940098820435e-05,0.01242187122111049,0.0026409819886258376,0.08096671643689363,0.2706327190527005,0.12055026496953355,9.496052025027003e-05,1.3771100243310617e-05,0.033174934676841385,0.01428454340555518,7.257449673064213e-05,0.0006987048586536012,7.868978910942973e-05,0.002686726373987043,5.942489732007027e-05,8.13052312775593e-06,2.1908120051181565e-05,0.013657260645604036,0.0008813597209219887,0.0729965741763715
37,0.3927911187079318,1.1683072749545188e-05,0.0025503169010529505,0.00017087361260095522,0.1332799392148658,4.560815715292311e-05,0.007712787743047688,0.0005210177649664317,0.03173960098655915,0.2250819801278888,0.06359299004209655,2.609952833285619e-05,1.5868186369421622e-05,0.05857163590972046,0.0057562516979170865,7.369847221165485e-05,0.0004461983030087312,7.982843247521865e-05,0.0032354685651101614,7.709759554752206e-05,1.1167442350082775e-05,3.5745566952826348e-06,0.028734806619373797,0.0017486685904964283,0.043721719769478876
38,0.19070530431102922,2.693670261182647e-05,0.0029322303425912046,0.0002349421358227404,0.13109292805529424,0.00015024244989071586,0.00694575455760081,0.0012850778114906905,0.08555296614858236,0.38627793432947666,0.08503950813945736,3.2991390727922995e-05,1.5704174828512236e-05,0.02257771806181392,0.015619980332578666,0.0001243993174976403,0.000354447798055057,0.00010660542873056947,0.005768729857389469,7.342004998858238e-05,1.6447136068075258e-05,8.467618444705556e-06,0.0299892026696236,0.0011963573745121506,0.03387170380589344
39,0.1595329361286377,5.80383680291223e-05,0.007953049104880644,0.00024338176626215738,0.15302336404876865,0.0002766425632171771,0.00574197324424792,0.0030970824264540606,0.14050600048748427,0.37022070908029014,0.051892223311591455,6.326090104160324e-05,2.192868826680885e-05,0.011538829453002377,0.01855325609360195,0.0002151639070324556,0.0007438699504562197,9.870827499533506e-05,0.00997696264157894,8.485608099468526e-05,5.2421361901858496e-05,2.0279734954883817e-05,0.030371549583141994,0.0016874491118299563,0.034026063687337585
40,0.27668242325992287,2.6516507780277188e-05,0.004225963205221853,0.00014951714503301828,0.25483956022726006,3.086654842631684e-05,0.004599225599728801,0.0005289240090796079,0.05103131429195678,0.13293993134297424,0.12616803762972667,3.854217378581478e-05,8.215359027088619e-06,0.05127147654606908,0.009097784949912752,3.938930490336953e-05,0.0002846061967609684,4.350508893300789e-05,0.0024252953103791504,7.290405928916329e-05,1.0154068001415528e-05,5.344934778960146e-06,0.01684687096175439,0.0005090771366728517,0.06812455414262164
41,0.192402575943783,3.570381009922805e-05,0.0017662794593290595,0.00030835799339958816,0.22235962222024996,4.86163575591423e-05,0.0013035801859072763,0.001296796560020998,0.13883513186888946,0.22812828978788788,0.15434681873072237,8.921387409193101e-06,1.21826287491466e-05,0.014724977289100091,0.012148483520765588,5.745223991753563e-05,7.926327389478941e-05,6.869569090998465e-05,0.004704183869637791,7.029585581272908e-05,2.8380689771473397e-06,2.59576569819757e-06,0.009703595772149305,0.00016915519952191113,0.01741558651960861
42,0.2006730201167325,0.00012112526858775364,0.007261957043534746,0.00044178832794386253,0.10356738375581312,0.00017256818617110737,0.0030321376212032436,0.005144218994479634,0.1983155221903948,0.34425531106568724,0.06783098710964297,3.713871530918229e-05,1.747675019280024e-05,0.004294366761902712,0.014593863044991037,0.00018573568831642157,0.0005580838988544465,5.1523408528258275e-05,0.01556934821675143,4.241059039240617e-05,1.4065352856056579e-05,4.350324913509168e-05,0.008787789516703712,0.0006215050943891229,0.024367170031486356
43,0.10657600200416335,1.3642280484474787e-05,0.0029712449537985736,0.00016465980372082681,0.0878325776192661,0.00014644244988700232,0.0037035348632167737,0.0014859235864948166,0.09365214509733169,0.6213660396692723,0.032144137346133354,1.90277642829386e-05,1.449842017084513e-05,0.004185877065999654,0.006411405025333217,7.726565617530794e-05,0.00037400386017558086,4.3966912026122815e-05,0.003877278851746433,6.441101496458512e-05,1.5708116312914943e-05,7.5797191662841185e-06,0.017931958057373527,0.0009669385705013707,0.01595373129200194
44,0.22264557799126486,2.2038321776877287e-05,0.002490990747564432,0.0002061492353280159,0.13690018537557747,6.554550029709521e-05,0.004806830335206079,0.0011290655772472563,0.09047380057096012,0.35173688938083564,0.09198959797306117,2.3443708515843772e-05,1.1490367392706713e-05,0.018754134597764628,0.010114212662351161,5.438652856888466e-05,0.00030325889807727047,5.436897626994196e-05,0.0033456526311707313,6.806686682679358e-05,7.7180054378409e-06,6.3095508683865915e-06,0.020041666486370388,0.0006992081909252743,0.044049411520341065
45,0.22823418753954128,2.020979958205605e-05,0.002496733034125304,0.00019893829721828816,0.10963867374692964,7.434090988284013e-05,0.006197601442099796,0.002200097088665196,0.09534979108305743,0.40170800503845444,0.0792437485282869,2.7510172227027445e-05,1.733030493391583e-05,0.014837434864769418,0.011447705124612257,7.878561011210327e-05,0.00029912518678752736,6.409657634590993e-05,0.004155950028559807,6.438562367548166e-05,6.956079860935182e-06,7.646478212272152e-06,0.014084268227609437,0.0008527619320840176,0.02869371728236678
46,0.3664358141595842,8.72149928746179e-06,0.0026269099513516283,0.0002490295871953055,0.05707413001023199,5.504320670134614e-05,0.005844484918709633,0.0013101385148556032,0.0454028101468477,0.44010212615335903,0.033449997665653465,2.424485699856569e-05,2.051525915373731e-05,0.005041532284603109,0.0016329006046542115,5.9477820882905073e-05,0.0013822069596709893,2.6593934335405788e-05,0.0033476150539752214,4.9490612765743964e-05,6.896529195667537e-06,1.4052133744148698e-05,0.00882010300357022,0.0010748397104843866,0.025940325422188274
47,0.490233666595562,1.2285597062912747e-05,0.0031734170470595546,0.00021544070746282312,0.06461022110801239,4.560818542883051e-05,0.005866467488975269,0.0016720020008234376,0.05102410336781125,0.30360698074414383,0.033841889735548594,2.2043943244981656e-05,2.4102093287391555e-05,0.008690533540218575,0.0028281109435826565,9.923016346612013e-05,0.0005867856193862475,3.1854004528273397e-05,0.005719576829228056,3.4080121194638024e-05,5.400224711725558e-06,8.883999373791368e-06,0.00787387967874138,0.0011957201059649308,0.018577716155180408
48,0.3361772732008789,2.1388068642363443e-05,0.001984739567437599,0.0001335203510265149,0.075294587633464,9.959132573888922e-05,0.0054976668355313715,0.0015532046364989242,0.0680823762827689,0.4281657228599987,0.021600019358138735,1.2755242085066217e-05,2.2456000334575005e-05,0.006036950456674606,0.0035079426783506612,7.04142968483026e-05,0.0007763928514653565,5.8334800432125916e-05,0.010007263513840214,3.891261655841505e-05,4.808623072714654e-06,1.0773440509069565e-05,0.01135910682214582,0.002218417000672413,0.027265381536885635
49,0.1587006500622297,3.21081001242768e-05,0.0038357609920486183,0.00023851216540861264,0.13224285444427858,0.00010494132079845023,0.004988240590403379,0.0015993833785736939,0.10842492881277867,0.42507165744806347,0.07804563918189522,3.8414002513385464e-05,1.289184882242258e-05,0.011391163513480556,0.01074193497034235,6.858067402435678e-05,0.00037300189359946393,4.391345360760992e-05,0.003874307854743856,7.23986476696705e-05,1.1348638134335425e-05,1.2924968589031418e-05,0.01681029869939053,0.000732138134697213,0.04253200620378245
50,0.35822738820947747,3.586598346094865e-06,0.0014009276429361576,0.00012723725876378564,0.07089988729523858,2.0713058475199427e-05,0.008001216488860161,0.0010258077740300598,0.04234716839100631,0.4070147802916737,0.054748044652506836,1.2303570968564662e-05,1.571908025486858e-05,0.014409341480937294,0.0025436706809303902,3.0624404684465595e-05,0.00032423138900954953,2.7920786808203636e-05,0.0015644211066442285,5.445771331032069e-05,2.074169597333659e-06,2.5031952190930416e-06,0.00942131541028126,0.0008431641258882866,0.026931495224151773
51,0.09135442469556976,0.0005257256542066935,0.0018685130222539682,0.001211519111489255,0.06589695479596787,0.00010323131080888545,0.001023967214731551,0.0029874343022321436,0.1422543433415365,0.1692020537643033,0.3404463361354142,4.29439123412725e-05,4.226404379749293e-06,0.013405080794751433,0.08421211060616816,4.951168345663296e-05,0.00012989814639379662,8.314556342721828e-05,0.00399668393508159,4.4695790961728126e-05,9.681911840684933e-06,5.34654546795947e-05,0.01309236920428405,0.00012527567306548884,0.0678764075706544
52,0.0828928452821496,7.5041894635849005e-06,0.0006283353732234072,0.0001788383494796463,0.05548474932245873,8.515270186819132e-05,0.0012260403422030292,0.0013271442259162266,0.055889259033073624,0.694142330111977,0.07250744669188539,9.509682650528202e-06,1.2092792353500034e-05,0.006946125035325697,0.009857232817849329,3.71121008267012e-05,7.355737503198291e-05,8.606036848931777e-05,0.002853680880627836,7.032277669726736e-05,2.5275935184062456e-06,2.327133182623239e-06,0.007715946354439067,0.0002826087994016011,0.007681250665907964
53,0.3667627788605265,7.515373519403364e-05,0.0025705343258181973,0.00021507837735241513,0.10640233500084678,9.190317570918843e-05,0.0016589132689417026,0.0018569439191411345,0.10161197330933827,0.2994069905529968,0.049425958770098005,1.3791097476650082e-05,1.4375145563091422e-05,0.0076647416274177845,0.008620176535029708,6.39867925218005e-05,0.0003292845564275401,5.3770371571153534e-05,0.01564988700027889,3.20041753748896e-05,4.081388590697838e-06,1.3077053722498425e-05,0.0072714809736544855,0.0006974805865665331,0.02949329939984112
54,0.2281619714414627,9.415161730412438e-05,0.0014201053454013606,0.00022699610985199204,0.12770249497022707,8.164314794396141e-05,0.005333268130739829,0.0009673244336564557,0.1176806196851966,0.21027018559190003,0.09653000929215323,2.673909307749562e-05,4.4172153775580685e-06,0.029292098553070415,0.02245541139599766,3.7605061231466834e-05,0.00023311669316660965,4.757675829474039e-05,0.004312660541988436,2.874577148196221e-05,5.395051699382595e-06,1.5792106195730785e-05,0.018705357699108083,0.0006318131413016478,0.13573450115217156
55,0.20378475676752622,1.6810610152641177e-05,0.002382965090399286,0.00018978072825195827,0.15193472372990735,7.829114634181693e-05,0.00988635044478427,0.002573848272180014,0.1175289897364897,0.3322320961222789,0.07175229383776488,7.478902764938394e-05,2.185580175950298e-05,0.02781160705349585,0.01059941203202329,8.769592495867479e-05,0.00034933658390332196,6.896994754742987e-05,0.0028345270152647217,8.062398154190903e-05,7.71779508706241e-06,8.37318566935506e-06,0.016400705999692285,0.000978484249718652,0.048314994915611566
56,0.23023489523036006,2.030263561426577e-05,0.002488530617079203,0.0002072576200854808,0.1305389896205729,6.626189338161448e-05,0.00480630103948339,0.0012346694272069919,0.08846400893403153,0.36713125583637024,0.08558065723260512,2.2968065467587715e-05,1.374206498409329e-05,0.017446546847695775,0.009176302277247377,5.799757003857321e-05,0.00030734147263174785,5.605980962177005e-05,0.003496804412083026,7.142845803986512e-05,7.276295583963951e-06,6.042776236064675e-06,0.018761577114419156,0.000740906707661623,0.03906187604149841
57,0.1705278831475886,1.8081692005569446e-05,0.006078257056408535,0.00015490727285725534,0.17800330678022244,7.696681170624251e-05,0.005152510693569729,0.0013594878335008412,0.09723765890218665,0.4116320529886351,0.061865899934941036,4.081412261805124e-05,1.690611596956042e-05,0.011211132546280726,0.006478206138671531,7.454336809340456e-05,0.00036448990037364393,3.0116816436164112e-05,0.003560650794352661,8.402175961857006e-05,1.1363019429392873e-05,8.00753461090827e-06,0.013282789000036604,0.0007651617137976779,0.031964784056089136
58,0.23169005936346088,1.989223282358865e-05,0.0024425439551550568,0.00017808394534663826,0.12366615587763169,7.565441465029203e-05,0.0053437280381472795,0.0011724989044520698,0.08003307302108831,0.39847175493772247,0.06444709523736022,2.349039149364087e-05,1.5057501886251185e-05,0.017473841364489134,0.00838638882734209,5.914804810325761e-05,0.00035106236690867366,5.951517698256869e-05,0.003879371429513721,6.997262703114567e-05,7.81343208416912e-06,6.2951670385292266e-06,0.020903779574163797,0.0010959181447817597,0.04012780602034279
59,0.23014312892457753,1.982508768012702e-05,0.0030493170298951395,0.00018237524688640482,0.13215449580981525,7.024370816861886e-05,0.005248822428130903,0.0012088952369049926,0.0815017943091328,0.38616360889754187,0.06997002529743206,2.463823481014937e-05,1.5354704682766237e-05,0.017055034092387587,0.008389906296964074,6.160867834045694e-05,0.00035848880325727836,5.4518521703019187e-05,0.003720268376339506,7.680570206932533e-05,8.904328542329325e-06,6.223554242826532e-06,0.020774978136118914,0.00101285757434293,0.03872788102003308
60,0.22264557799126486,2.2038321776877287e-05,0.002490990747564432,0.0002061492353280159,0.13690018537557747,6.554550029709521e-05,0.004806830335206079,0.0011290655772472563,0.09047380057096012,0.35173688938083564,0.09198959797306117,2.3443708515843772e-05,1.1490367392706713e-05,0.018754134597764628,0.010114212662351161,5.438652856888466e-05,0.00030325889807727047,5.436897626994196e-05,0.0033456526311707313,6.806686682679358e-05,7.7180054378409e-06,6.3095508683865915e-06,0.020041666486370388,0.0006992081909252743,0.044049411520341065
61,0.23145969081269402,2.009301028818828e-05,0.0029621837986275367,0.0001769554655842875,0.13740101586923797,6.881260059128781e-05,0.005185926558823435,0.0011151881929490329,0.0843796497178971,0.37082251785968173,0.07314840570901576,2.4340765946032366e-05,1.3726723626072934e-05,0.017599121183816076,0.008553995005044716,5.836900881014043e-05,0.0003438661532307923,5.1389264474377544e-05,0.003645335576100328,7.116625724108221e-05,8.623274255992132e-06,6.15724845217532e-06,0.02062225493728433,0.0009251052468079005,0.04133610975951973
62,0.22264557799126486,2.2038321776877287e-05,0.002490990747564432,0.0002061492353280159,0.13690018537557747,6.554550029709521e-05,0.004806830335206079,0.0011290655772472563,0.09047380057096012,0.35173688938083564,0.09198959797306117,2.3443708515843772e-05,1.1490367392706713e-05,0.018754134597764628,0.010114212662351161,5.438652856888466e-05,0.00030325889807727047,5.436897626994196e-05,0.0033456526311707313,6.806686682679358e-05,7.7180054378409e-06,6.3095508683865915e-06,0.020041666486370388,0.0006992081909252743,0.044049411520341065
63,0.22028636733584972,3.361508905620343e-05,0.0023473367841080374,0.00022635214466010543,0.14012406108901365,7.714512701747524e-05,0.004314354969268503,0.0011571716463228687,0.10260595957665371,0.3259039875056127,0.09622774772066282,2.2010639540954216e-05,1.0725737106548579e-05,0.0179848623346658,0.012266038912026676,5.45741135327885e-05,0.00030535606096424316,6.261020309935026e-05,0.004096331200877083,6.357305631809627e-05,7.94379614304623e-06,7.85918798923669e-06,0.021119672381485394,0.0006773296163748966,0.050017013771649944
64,0.20234656039309779,2.438536113194907e-05,0.003738433817081875,0.00021804931597470238,0.1488962137462484,8.328804526276159e-05,0.005003267581217845,0.0010835590596298213,0.0894642051243018,0.3554270907823103,0.08866166366137088,3.1604710881153955e-05,1.2229187176817937e-05,0.018933933004521116,0.010867544587377508,6.928191991529151e-05,0.0003822776840474543,5.494898645136547e-05,0.003422971723526558,8.010181920610322e-05,1.5043832654496294e-05,7.554859535057156e-06,0.026132452686476272,0.0008298238686619781,0.04421351424194077
65,0.0827073419962581,0.00015820018387837612,0.00308675850241305,0.0002139800004405571,0.21156328464769078,0.00032175590552785833,0.0057238801847595095,0.0004608480157562804,0.09665412133455309,0.1778040743115259,0.04948320248808914,3.98022826592708e-05,5.7436438629767175e-06,0.03485632329862398,0.02723874468308063,6.899123482868183e-05,0.0005833135452503209,0.00014512960432028609,0.005184768112386136,8.587963154175672e-05,6.696079203508867e-05,1.8006394791313346e-05,0.11806734922164927,0.0020921876894289316,0.1833693522946488
66,0.2821580621780612,2.4342727851475235e-06,0.003870641557646949,0.0001163445795096009,0.22669883202033828,2.960944561668135e-05,0.006724345191677806,0.00053587186387644,0.05185165784292464,0.3616406698647877,0.03487697319438208,7.502584721920847e-06,2.7599689357737727e-05,0.007463739895495721,0.0008108409220706741,5.403787055472717e-05,0.0003089574669700543,1.9784230349437162e-05,0.0022835528569556253,9.20103436823076e-05,3.2435908016621275e-06,1.2347412496589108e-06,0.008083734680814737,0.0006446412560287177,0.011693677859340267
67,0.11706820785785259,6.148973667457149e-05,0.002847847718171168,0.0002539461591717011,0.13329556532629686,0.00023449462827074133,0.007507206852893689,0.0007132670877436926,0.0806397428756304,0.3096868409055493,0.0797609695483373,4.716539221767886e-05,8.907033565166063e-06,0.03398092501402288,0.021365825632648085,7.89578546350935e-05,0.0006583398328845636,0.00012969067360964938,0.004300946065831844,9.875511977407781e-05,3.663304309329099e-05,1.5287255459501854e-05,0.0805220810026314,0.001845567103114126,0.12484134027992053
68,0.08750814193944288,2.497053668091368e-05,0.0028449096397009568,0.00017596169398104345,0.1336824419959688,0.00017103333910601225,0.007141145266127735,0.002033310713496517,0.08748412471399812,0.46381112387347495,0.08498763152238413,7.307520065302957e-05,1.2399964150398687e-05,0.02010827921438356,0.024826191243856887,6.42863715274666e-05,0.00034978704868104493,9.074953447058134e-05,0.0022569916676116117,0.00012134731920370747,2.728809376127394e-05,1.0688088582678341e-05,0.030876994493715434,0.0010611231587105581,0.05025600336632955
69,0.10993332543642571,1.9029536396334373e-05,0.0019186402177429197,0.00020613254619191774,0.12093311453574754,5.102459515070895e-05,0.003034946213475408,0.0008562153177868168,0.10663628598610557,0.3423106561777568,0.19839357097646665,2.168264694323387e-05,5.308052186460504e-06,0.01457417547103399,0.017470230328856976,2.5214242510153414e-05,0.00022108080125166454,5.0345973245634874e-05,0.0012696785941170839,8.610696084286606e-05,1.0540489480716497e-05,5.447524210115218e-06,0.02857220198896692,0.00024376459063729763,0.05315128079647047
70,0.07706367803952077,1.4080747209083675e-05,0.0038901795550761813,0.00034956820079970805,0.15431820392018034,8.711199892285014e-05,0.0036012351905265402,0.0011246813853236864,0.1285147963535679,0.4467830908521206,0.1262048381225255,2.3186785321554265e-05,8.960000057755698e-06,0.009144065138189978,0.009308604817842306,7.077136901811339e-05,0.00011930288252642632,2.517673412247951e-05,0.0016858707458010387,9.37785314959002e-05,8.92584767589435e-06,4.074964334233627e-06,0.015489180061002047,0.0002120887905412556,0.021854548966297693
71,0.17474940168307046,0.00013965405624459905,0.00401002227773505,0.00038733088715254594,0.1371410716861842,0.00011352926804804625,0.0014411853144589393,0.0011768772403998374,0.09670590220208354,0.2251614461751656,0.1958327188808537,3.688067531620658e-05,8.19187807842498e-06,0.027382561228054082,0.03865786771455214,8.153378806825239e-05,0.0002764625979834135,0.00012107646524948044,0.0077118918484376546,7.21231410032176e-05,2.1204392922235942e-05,1.4536416659231493e-05,0.031839398651820124,0.00046921992740554434,0.05644791160305349
72,0.23296372237865345,1.196238961115548e-05,0.003230663556162575,0.00020929986356356997,0.1606309307073576,9.117419080348764e-05,0.010513317276384203,0.0018127383568593489,0.08270636223400776,0.38080027500903685,0.05630675190168096,3.018484214762181e-05,2.4943434977103895e-05,0.01779176420857804,0.0063199721039140155,0.0001251016149792962,0.00040894501241366306,6.932692550554954e-05,0.004135682162530033,8.541667562599345e-05,9.604863589787409e-06,5.694488363335351e-06,0.016215314429847364,0.0012306305101681607,0.024270220863239093
73,0.14561498581951585,9.611887269748455e-06,0.0030035089408575275,0.00016850877225935246,0.11600976308798003,2.7860781041990853e-05,0.003498228237580588,0.0008134727626901756,0.12365122333753832,0.39849533846002716,0.11486212828900468,2.009708947115768e-05,5.2878404755966525e-06,0.009257474683599557,0.006614235792944097,1.9528458125958803e-05,0.00022234055766538294,1.2338472915934762e-05,0.0007949300061665676,6.506456922762646e-05,6.883320041656405e-06,3.84009219995404e-06,0.019933803342794314,0.0002476098659310034,0.05664193553267556
