,0,1,2,3,4,5,6,7,8,9,10,11,12,13,14,15,16,17,18,19,20,21,22,23,24
0,0.0009147520103632387,1.0375299319033653e-07,0.0001364182208526354,0.00742333612935384,0.0028368239591229755,0.00020334847911704067,7.69945900517234e-05,0.00014995828098885805,1.688953184663704e-05,2.6415893839360192e-06,0.00017868297374504341,4.700331500935618e-08,9.319975786985029e-06,0.00021704399162041028,0.00010233277252806433,0.00021876788322353356,1.4475275470142075e-06,0.00013753998056616242,5.643490629443236e-05,0.0012399844549309416,0.0006184595484902182,1.9401478160317206e-07,0.985325247792994,2.6268742976909908e-05,0.0001069618871255458
1,0.0019327964738324616,1.6297105690493652e-07,0.00018876577354277546,0.011974796681929543,0.005033141237121796,0.00015864079041035984,7.544861546571133e-05,0.00020303103876083824,2.897841429349286e-05,3.0969993697915365e-06,0.0002723499725451991,6.028094521424343e-08,1.2174357655582904e-05,0.00022067963672241778,0.00010052927345088666,0.0002998976417505575,1.8985067334250846e-06,0.0001980651212295463,6.692510821846545e-05,0.0008354841430032946,0.0006180829901948203,1.6392131733143082e-07,0.9776239246688772,3.346797778761671e-05,0.00011743740378480279
2,0.0018544506094328923,1.718089936442462e-07,0.00018462020239253424,0.014125322751553222,0.0038971662827021933,0.0001883403448338766,6.335075141656604e-05,0.00014825954196688625,1.8727605838737822e-05,2.2564658247258755e-06,0.0003451167426908737,7.809233204289991e-08,1.2958069096025973e-05,0.0002358769198002403,9.515006860753236e-05,0.0002574984711380547,2.491515819613397e-06,0.00021348422371696737,4.941981015343226e-05,0.0005938824734530779,0.0007816619333469519,1.2707143964874644e-07,0.9767962703370614,3.522546955431047e-05,9.809243683446314e-05
3,0.0015590953385291766,1.2849619686213397e-07,0.00016099811882042415,0.010526084400903784,0.0038260545384829667,0.00014100542989086524,6.094445024230424e-05,0.0001468001716288835,1.9224149736106988e-05,2.295146513970557e-06,0.00025070349932032013,5.464726358604441e-08,9.366821037136446e-06,0.0002179740806347307,9.317751563252635e-05,0.0002014503382011052,1.649960420567804e-06,0.00018434967239800432,4.9165668980032206e-05,0.0007521632444894349,0.0006491575946094006,1.441143557707359e-07,0.9810038216172347,3.1150251988837394e-05,0.00011304073248840743
4,0.0014747544490011269,1.4107392746504963e-07,0.00014672747530896561,0.010461897198506397,0.0038769669783975556,0.00014001329525636995,5.726005041844697e-05,0.0001352912735279111,1.9280093318863042e-05,2.139939266030168e-06,0.0002650144876714736,6.330693665145078e-08,1.0663072816917704e-05,0.000229367811995644,8.266369605470689e-05,0.0001966670461941321,1.7343309385838772e-06,0.00018544352604346406,4.714456403514656e-05,0.0007160913838262813,0.0006446472915890629,1.3529602257609913e-07,0.9811660965549014,2.9355560507757517e-05,0.0001104402435368592
5,0.0017761285449208934,1.0564551737437727e-07,0.0001492229900155685,0.011630695404270483,0.003389608467549144,0.00011596737758857008,6.094301969882571e-05,0.00014812036751576954,1.910398032073435e-05,2.475748659560255e-06,0.0002379349935268022,5.547681556454233e-08,9.089246174541463e-06,0.00022841138923312412,7.617815487437366e-05,0.00020100860091443954,1.7440525610555253e-06,0.00025648104589287617,3.847620814515359e-05,0.0008463710160159386,0.0006166093786844294,1.378879024743818e-07,0.980033765372857,3.711582911222066e-05,0.00012424980123302879
6,0.0015590953385291766,1.2849619686213397e-07,0.00016099811882042415,0.010526084400903784,0.0038260545384829667,0.00014100542989086524,6.094445024230424e-05,0.0001468001716288835,1.9224149736106988e-05,2.295146513970557e-06,0.00025070349932032013,5.464726358604441e-08,9.366821037136446e-06,0.0002179740806347307,9.317751563252635e-05,0.0002014503382011052,1.649960420567804e-06,0.00018434967239800432,4.9165668980032206e-05,0.0007521632444894349,0.0006491575946094006,1.441143557707359e-07,0.9810038216172347,3.1150251988837394e-05,0.00011304073248840743
7,0.003522392402103417,2.6892103472767266e-07,0.0004759283533615923,0.017171749835918827,0.006215161236016849,0.00020586291301196322,8.547733313170864e-05,0.00031040492201108675,2.4205207242744094e-05,3.164682013808282e-06,0.0004933857963839395,9.69982213012752e-08,2.5420080628256313e-05,0.0002452279211109024,0.00012903584712773455,0.0002619545868655288,2.764869049182645e-06,0.0002711257341473067,0.00011694755181792517,0.0010020539110900798,0.001010713388499089,2.1330176794249032e-07,0.9682697934441953,4.9020480589634733e-05,0.00010763028265892362
8,0.0016549676689688673,8.919918264984752e-08,0.00017855442194625375,0.011769467889220642,0.0036345419101248963,9.254046072922988e-05,5.470533705655153e-05,0.00011386179867258784,2.126531698531559e-05,2.9786873095246573e-06,0.00024958940196902164,3.003474960815264e-08,4.994603462717803e-06,0.0002465515335446836,0.00012440458498679275,0.0001410371738543734,1.08596927432655e-06,0.0001957934631300431,3.143728083635564e-05,0.0007581019164997071,0.0006007179303398084,1.5161557026301945e-07,0.9799022935480896,6.291895071718901e-05,0.00015791930277923706
9,0.0017424955970758607,9.923631204299225e-08,0.00024032652213077526,0.013655703668476266,0.003739083830983325,0.0001222183783156367,4.605350886682653e-05,0.00015403931698100974,2.079357613323758e-05,2.9773286331627217e-06,0.00028690238411285715,3.89580872803674e-08,8.116590234836854e-06,0.0002469895574512134,0.00010729346498140512,0.00017730208713451554,1.6087096820308544e-06,0.00018771445757442723,3.959694202610967e-05,0.0009009916433783233,0.0006429509351645225,1.6471605631943438e-07,0.9775151537771234,6.0891339615241146e-05,0.00010049347346949629
10,0.0015590953385291766,1.2849619686213397e-07,0.00016099811882042415,0.010526084400903784,0.0038260545384829667,0.00014100542989086524,6.094445024230424e-05,0.0001468001716288835,1.9224149736106988e-05,2.295146513970557e-06,0.00025070349932032013,5.464726358604441e-08,9.366821037136446e-06,0.0002179740806347307,9.317751563252635e-05,0.0002014503382011052,1.649960420567804e-06,0.00018434967239800432,4.9165668980032206e-05,0.0007521632444894349,0.0006491575946094006,1.441143557707359e-07,0.9810038216172347,3.1150251988837394e-05,0.00011304073248840743
11,0.0015845403290323653,1.3835522912122996e-07,0.0001627372283685342,0.010733152933450679,0.0038907539566227483,0.00014628745259298662,6.24086428723534e-05,0.00015468515795249638,1.971689374621129e-05,2.2756481443799544e-06,0.0002584219319289991,6.009619187082851e-08,1.0623098579509794e-05,0.0002206921584595828,9.035723520348091e-05,0.00021125636255169987,1.7835538465368031e-06,0.00018794365541800173,5.190955151080391e-05,0.0007572559458647131,0.0006455671521359728,1.4592458901520048e-07,0.9806657450273774,3.047900580999006e-05,0.00011106270252047662
12,0.0018488680312898638,1.3066941744048675e-07,0.00019807898500871502,0.012567140236598879,0.003566090625358792,0.00015307929118792775,6.783936631774672e-05,0.00019591277800230883,2.1654323853485946e-05,2.7735827924701052e-06,0.0002825570396733587,5.3964779805711205e-08,1.0936156928152671e-05,0.00020755260473952292,0.00010639838954342599,0.00024331398174869215,2.1243877623095954e-06,0.00018351505110870313,5.989534276394631e-05,0.000760738229190461,0.000687188713961145,1.7650278680938262e-07,0.9786926698164533,3.818739167680425e-05,0.0001031245370560087
13,0.0012552937688703604,1.1281404075033453e-07,0.00012885113736482064,0.010518636285678179,0.003576988723773902,0.00010954798530160361,3.779868719588666e-05,9.362700696908083e-05,1.4735066762739758e-05,1.4647255556033812e-06,0.0003500542552540344,4.9328750315382485e-08,8.938168033727538e-06,0.00019478398551191111,8.474020215969295e-05,0.00015228718849242035,1.4260523889668842e-06,0.00012876515490433524,3.7337957799558915e-05,0.0004729847240246772,0.0005931504437821529,9.183378597467432e-08,0.98213154364977,3.1493973184045494e-05,7.529688064530264e-05
14,0.0017751158472242804,2.4132642392028086e-07,0.0001714670142319142,0.008758373280218718,0.005521965773150047,0.00022435834619245182,6.601845358881403e-05,0.00013133231565798357,1.5165912303161468e-05,2.0550391279669173e-06,0.00035633359737805606,1.0204373367890941e-07,1.552046143163283e-05,0.0002445805628691319,9.176820555877682e-05,0.0002548643964554876,1.6310285432908135e-06,0.00018724736251842747,9.609976191733366e-05,0.0007267813396711338,0.0008888907581087328,1.2804934601418036e-07,0.9803467377006561,2.1455496624557535e-05,0.00010176592706840521
15,0.0015590953385291766,1.2849619686213397e-07,0.00016099811882042415,0.010526084400903784,0.0038260545384829667,0.00014100542989086524,6.094445024230424e-05,0.0001468001716288835,1.9224149736106988e-05,2.295146513970557e-06,0.00025070349932032013,5.464726358604441e-08,9.366821037136446e-06,0.0002179740806347307,9.317751563252635e-05,0.0002014503382011052,1.649960420567804e-06,0.00018434967239800432,4.9165668980032206e-05,0.0007521632444894349,0.0006491575946094006,1.441143557707359e-07,0.9810038216172347,3.1150251988837394e-05,0.00011304073248840743
16,0.0015978416100372495,1.1062147152048001e-07,0.00011492779245185703,0.011034917576818586,0.0031150322593608997,0.00012146454134649999,6.675639103054301e-05,0.00011104956591136592,1.4517864270830862e-05,3.1508042124030467e-06,0.00023741770926253477,7.323871058259966e-08,7.34050317798895e-06,0.00027903577372287924,7.474865982929001e-05,0.0002071308013619058,1.7479845610213218e-06,0.0003148564800587573,3.4257227198470114e-05,0.0008384902463931068,0.0010754168430417948,1.5144855820453853e-07,0.9805567639646886,3.284767593546872e-05,0.00015995241658748338
17,0.0016073446563040778,1.0395610539472882e-07,9.743098154013236e-05,0.007266964999828188,0.0025307382587430407,8.305023122595434e-05,4.571937556291912e-05,0.00012197993613399121,1.431406257865367e-05,1.7105405771126388e-06,0.00017887335281597852,7.153747559502043e-08,8.734164072831186e-06,0.00021402086794998084,4.565090729660777e-05,0.00013339752060947713,1.6955437294740776e-06,0.0002660608780084732,3.73463403711506e-05,0.0007760978148185193,0.0006064026393874142,1.363428300439137e-07,0.9858036432681822,2.161596585873431e-05,0.0001368958579940307
18,0.0014158456550434925,1.0744622841774437e-07,6.4274789222882e-05,0.005518470966550337,0.0017921971104999412,9.438009200199312e-05,5.4315999672691344e-05,0.00010418321269384858,1.8369702182497447e-05,2.0045019571398047e-06,0.00014901456352287343,6.129364238292965e-08,6.877246485584001e-06,0.0002081477975333437,5.0331832272378215e-05,0.00014256301133424003,1.869311874412845e-06,0.00024563114530205544,3.143819021191407e-05,0.0007053093331446242,0.0004740406632642424,1.5456689954822772e-07,0.9887182606868266,2.1469062142334173e-05,0.00018068181949020803
19,0.0015949582832228586,1.4110459980916845e-07,0.0002072254229727408,0.01357842084475869,0.004899897866322333,0.00014721904989737768,7.09321508043158e-05,0.0001950353686083387,2.2438017588235516e-05,2.4678461764607407e-06,0.00026002911806483953,6.526779732880285e-08,1.2273315237540897e-05,0.0002426914159795981,9.518467427577907e-05,0.00021670442224623956,1.8352489495908136e-06,0.00020272863254538985,5.700589243885614e-05,0.0009218018141513472,0.0006921080231620537,1.6709879498975522e-07,0.9764327772832427,3.255701353787219e-05,0.00011333482462472665
20,0.0009652735943432581,9.652612080987994e-08,0.0001524603624962993,0.009480028094308248,0.003265259962492235,0.0001314134047812003,6.262418213316073e-05,0.0001466128318541266,1.5432128371398297e-05,2.01719677440016e-06,0.00023973394012455696,3.678823006116255e-08,6.8868864370429335e-06,0.0001783730714087898,0.0001425740001965446,0.00016401758919753383,1.2102833878918277e-06,9.954854234031678e-05,5.0652764307326015e-05,0.0006850901258776213,0.0007216563478902461,1.738504642224163e-07,0.9833693343730827,2.9007806928590924e-05,9.048534645133863e-05
21,0.0019969965332707193,1.6012265176578988e-07,0.00016199863365785972,0.011572962544673509,0.005034381936865665,0.0001225291822663084,5.339990613395053e-05,0.00012368443646883562,1.8264814457783656e-05,2.735537776832224e-06,0.0003208726087437776,7.820149357002798e-08,1.010905536918217e-05,0.0002754440320234151,7.799290662759337e-05,0.00020106224132016828,1.6196210638337466e-06,0.00026597888401006995,4.80962124128238e-05,0.0007673413883380969,0.00092223141734332,1.3565044293754992e-07,0.9778544965429422,3.4767620312640766e-05,0.00013265996933320762
22,0.002243899509028296,1.301585425512538e-07,0.0002136406953825471,0.014144131593662556,0.003582692769745498,0.0001466512498010309,5.632539082067369e-05,0.00016509543149952015,1.8099111110461537e-05,3.159026526383053e-06,0.00034414567539707634,7.009022320549906e-08,1.0660664331632875e-05,0.00025330914709165755,9.631944944924134e-05,0.00023464041623658474,2.4967045030263432e-06,0.00026293868906406817,5.0532646354761736e-05,0.0008323528488748101,0.0009094169574585906,1.7586319383960066e-07,0.9762740970498506,4.713291722588283e-05,0.00010788594462558283
23,0.0015590953385291766,1.2849619686213397e-07,0.00016099811882042415,0.010526084400903784,0.0038260545384829667,0.00014100542989086524,6.094445024230424e-05,0.0001468001716288835,1.9224149736106988e-05,2.295146513970557e-06,0.00025070349932032013,5.464726358604441e-08,9.366821037136446e-06,0.0002179740806347307,9.317751563252635e-05,0.0002014503382011052,1.649960420567804e-06,0.00018434967239800432,4.9165668980032206e-05,0.0007521632444894349,0.0006491575946094006,1.441143557707359e-07,0.9810038216172347,3.1150251988837394e-05,0.00011304073248840743
24,0.0012360874739299635,1.1412587673455915e-07,0.0001245215619580309,0.0120288313316616,0.0046781460381985895,0.0001180625329367159,5.203009170630493e-05,0.00012801884397337625,1.8527822497802445e-05,1.929487574473072e-06,0.00024618990063580634,6.042640850956875e-08,1.0493734201749012e-05,0.0002398535450099049,6.869105820317746e-05,0.00022313875802065192,1.4030943616948852e-06,0.00018634307866382242,3.844094552954459e-05,0.0007078523629575866,0.0005660774083000063,1.0209507536713728e-07,0.9792021433164707,2.660567112892275e-05,9.633529471878749e-05
25,0.002055379556309486,1.011992352662457e-07,0.0001918938716058006,0.014791355979216518,0.004253275574109332,9.803726586150699e-05,6.707101731556948e-05,0.00022987212591416833,1.6604254928447058e-05,2.2995554480476525e-06,0.0003164884906823172,5.728203952479193e-08,1.2765745145115225e-05,0.00017888466645712286,8.685275765691856e-05,0.0002527947364923404,1.7214850018023512e-06,0.0002146826967031896,6.140729880735946e-05,0.0007707082563458911,0.0007561344335767198,1.3508948374592078e-07,0.9755259591855847,3.2762500749515735e-05,8.27549753294047e-05
26,0.0014606327434909673,9.147408681558703e-08,0.00012285711620831113,0.008776100440648691,0.002701190948790364,9.131505676163066e-05,4.011467415131193e-05,0.00012300403996259957,2.165225630774325e-05,1.4562700108246046e-06,0.00021824158735945045,3.274522752233716e-08,7.075297477813927e-06,0.00015344309234164956,7.285417949987637e-05,0.00013228446929835195,1.465116207847136e-06,0.00013928215764743047,2.956114395424897e-05,0.0005443583187340978,0.00034733554726054373,1.0749628335925303e-07,0.984890383919399,3.522322247192984e-05,8.993668641746185e-05
27,0.0010862841094366699,9.959482380274063e-08,0.00011813754872136043,0.008226300733138152,0.0031324311341438403,0.00012357168249568396,6.255294285939308e-05,0.00013042939166276778,2.2129803703335032e-05,2.291717683324583e-06,0.00019468464928496765,3.754943516872439e-08,6.702275651929009e-06,0.0001963572718948533,0.00010272654935058335,0.00017275383174132045,1.315870296575441e-06,0.00013271378367027132,4.166864508546053e-05,0.0007757135926851604,0.000491749017372422,1.6192335495023322e-07,0.9848278896650897,2.9266259784515715e-05,0.00012203045663384645
28,0.0015590953385291766,1.2849619686213397e-07,0.00016099811882042415,0.010526084400903784,0.0038260545384829667,0.00014100542989086524,6.094445024230424e-05,0.0001468001716288835,1.9224149736106988e-05,2.295146513970557e-06,0.00025070349932032013,5.464726358604441e-08,9.366821037136446e-06,0.0002179740806347307,9.317751563252635e-05,0.0002014503382011052,1.649960420567804e-06,0.00018434967239800432,4.9165668980032206e-05,0.0007521632444894349,0.0006491575946094006,1.441143557707359e-07,0.9810038216172347,3.1150251988837394e-05,0.00011304073248840743
29,0.0015590953385291766,1.2849619686213397e-07,0.00016099811882042415,0.010526084400903784,0.0038260545384829667,0.00014100542989086524,6.094445024230424e-05,0.0001468001716288835,1.9224149736106988e-05,2.295146513970557e-06,0.00025070349932032013,5.464726358604441e-08,9.366821037136446e-06,0.0002179740806347307,9.317751563252635e-05,0.0002014503382011052,1.649960420567804e-06,0.00018434967239800432,4.9165668980032206e-05,0.0007521632444894349,0.0006491575946094006,1.441143557707359e-07,0.9810038216172347,3.1150251988837394e-05,0.00011304073248840743
30,0.0015590953385291766,1.2849619686213397e-07,0.00016099811882042415,0.010526084400903784,0.0038260545384829667,0.00014100542989086524,6.094445024230424e-05,0.0001468001716288835,1.9224149736106988e-05,2.295146513970557e-06,0.00025070349932032013,5.464726358604441e-08,9.366821037136446e-06,0.0002179740806347307,9.317751563252635e-05,0.0002014503382011052,1.649960420567804e-06,0.00018434967239800432,4.9165668980032206e-05,0.0007521632444894349,0.0006491575946094006,1.441143557707359e-07,0.9810038216172347,3.1150251988837394e-05,0.00011304073248840743
31,3.87295231972186e-05,6.322632986767633e-08,7.794194619130878e-06,0.006597721282431942,0.00133725947594974,0.0003757995645242542,2.876134815426428e-05,4.296963492047431e-06,1.64241952675632e-05,8.437227766071671e-07,0.0004497145961702701,8.554685709994522e-09,1.1455824066546807e-06,0.00023414658761860044,0.00033596354499933374,0.00015969588987248983,6.2002893012736e-07,5.3520217249135735e-06,2.9766756572609818e-06,6.128235599650986e-05,0.0002622864973673205,2.8152344889779355e-08,0.9900238802022213,2.847386314750523e-05,2.6731950114605534e-05
32,0.0015693843185117166,1.3257155244367503e-07,0.00016402265825388846,0.009708424151084407,0.0039601942804696165,0.00014129604266828892,6.141936875181228e-05,0.00015325087621171184,1.860340869127174e-05,2.2492316299420474e-06,0.0002485696681218811,5.652469095012408e-08,9.640577426668391e-06,0.00021373019385739281,9.511508178015868e-05,0.00020129271910433649,1.5812492387730777e-06,0.0001775786728736953,5.708716229901921e-05,0.0007839444237734352,0.0006555424653174912,1.522506755927054e-07,0.9816348305802755,2.9073033674649967e-05,0.00011282848906551513
33,0.0024033287289598345,1.6757744027734712e-07,0.0001456220318056283,0.013753152650355526,0.0025678999622796425,0.00019318991209407607,8.026073144839467e-05,0.0002583369564483586,2.6772697778076734e-05,3.1666077767780092e-06,0.0002521175903609821,1.2564609516646997e-07,2.23217482524739e-05,0.00027840048403670307,5.5416985946275414e-05,0.0003758591023412496,5.142347593017683e-06,0.0003792918154060306,5.9681492256104165e-05,0.0009896196418679457,0.0005523091899261975,1.9952428118938245e-07,0.9774514984952576,3.099755496706713e-05,0.00011512052502514074
34,0.0028884958019105194,1.9139082970208818e-07,0.0002065454418975741,0.007325549567221993,0.005079084571581287,8.837976309023182e-05,4.14417307056646e-05,0.00014464790883479288,2.3482548686596253e-05,2.039048464686892e-06,0.00035173081790590476,5.312126482981505e-08,1.0052041031078383e-05,0.0001923786192081057,9.200621566015618e-05,0.00012399425362881467,1.284576911878461e-06,0.00016102739543578901,9.517099524707064e-05,0.0005984274490333963,0.0005832690527416274,1.6478542902266816e-07,0.9818210792638121,3.668706323432716e-05,0.00013281657623260995
35,0.003322538212162447,1.769127086196867e-07,0.00020940347672915118,0.012352978880066178,0.004141078760321942,0.00013057120968743767,7.847839840811362e-05,0.00024819955973631844,2.7381091694788163e-05,3.2913854905163573e-06,0.00027070848006689844,8.363732175793154e-08,1.3569567767839794e-05,0.00023100929475862605,7.909882823560597e-05,0.00026063110587705153,2.685328355824195e-06,0.00035848862566313145,7.083202954930753e-05,0.0009054998544492536,0.0007126660162057176,1.983001612497146e-07,0.9763865041412094,3.6908742295916696e-05,0.0001570181610768398
36,0.0011868844653284603,1.075465158820912e-07,7.894189416114067e-05,0.009347640396676321,0.0016505237144805265,0.00017965119536268536,8.323677628940643e-05,0.00026270208097460253,3.218868059197302e-05,2.1562792304697592e-06,0.0001310817465655953,7.467318140994015e-08,1.320842167970766e-05,0.00018096033067127528,6.0174769868900736e-05,0.0003740111039854669,4.6633753726091295e-06,0.00019161419104357915,4.250700144122795e-05,0.0007678406034761353,0.0003019213191822027,2.009626201022243e-07,0.9849907945734672,1.7847831869859635e-05,9.906606596362507e-05
37,0.0030439436280262663,1.1986020000493722e-07,0.00024471534359960326,0.014485667429826717,0.003806004532201453,0.00010749487325992043,5.7709211670037346e-05,0.00015949561261822097,1.84521670421995e-05,2.814393120661371e-06,0.0003618887750565416,5.961419388606742e-08,9.997031068814347e-06,0.00024092952010058415,9.456483620979683e-05,0.0001903869536975739,1.948309145606071e-06,0.0003347125478653688,4.7753401666790637e-05,0.0008288504727136042,0.0007392363519128652,1.4709322011178e-07,0.9750287128867667,6.424321674990386e-05,0.00013015193806652917
38,0.0011348675783666427,1.1216184120487075e-07,0.00014043006154742946,0.00900153066784013,0.0028078776973639455,0.00022215236121302776,7.438631251948923e-05,0.00015122576335050127,1.3000184297044376e-05,1.998758831348048e-06,0.0002405081325695691,5.0956150617995475e-08,1.035950149067e-05,0.00017224907982851763,0.00011133438202639267,0.00029696653671070286,1.7469827757189989e-06,0.00012923868329541154,6.138801685058236e-05,0.0007092772149533463,0.0006531700578022489,1.3125832750071894e-07,0.9839670580447623,2.332309514540445e-05,7.561651014033796e-05
39,0.001096903489324151,9.931209561280013e-08,0.00012602245337260543,0.008757856247486952,0.0028438284443082456,0.00014348253355506106,7.51029896664204e-05,0.000170809913491046,1.518322452324499e-05,1.928829034462884e-06,0.00016783608831500959,5.001982732839978e-08,8.793890523708836e-06,0.0001702697029491187,8.768173821676748e-05,0.0002159810925792839,1.6435835776744918e-06,0.00015442565561988336,4.753401988412161e-05,0.0007739997872925037,0.0006379192402023473,1.5547793446892581e-07,0.9843729161028838,1.9876724856876725e-05,0.00010969943847915138
40,0.001907569751557167,2.9102263515109125e-07,0.0004094154035036703,0.010897303494303559,0.008608079017647477,0.00025620143166603994,6.304845342590693e-05,0.00014870879171263973,2.16916094290911e-05,2.9663259296919317e-06,0.00035761261611463754,9.604700179360418e-08,1.1597438163726321e-05,0.0003666664974268787,0.00017285014050920852,0.00017450976033862165,1.5682757614562148e-06,0.00020014925825012172,9.918202889504997e-05,0.001150636625958322,0.0011119003177024061,2.4341880541109283e-07,0.973839755328052,3.931062956403814e-05,0.00015864631564595306
41,0.001711385491866922,2.5324801052881e-07,0.0002559595151288399,0.017157978652036467,0.0076522424972305676,0.00023673482637917833,7.209519011597191e-05,0.00020987548618700457,4.253967162188533e-05,3.148887483542472e-06,0.00030252530833649153,6.37153364906589e-08,1.5466357589660598e-05,0.0002741987609726882,0.00011001527161491381,0.00031904958543253455,2.204680612541927e-06,0.00016904507016013727,5.574308552594103e-05,0.0007411678287853016,0.0005977861178503818,1.4407515881255536e-07,0.969930299273096,3.493788599477133e-05,0.00010513951747257678
42,0.0022879918935267626,2.064151783721753e-07,0.00042353083748102835,0.012608780124496684,0.005334585096650534,0.00020034373020889857,9.725159330281144e-05,0.0005170471750193499,2.4280191820897902e-05,4.190419648982051e-06,0.00031595260468070046,9.323577040144096e-08,1.812028687053398e-05,0.00021869075098126663,0.00018232342925527469,0.0003196329358849283,2.718950275640819e-06,0.00016553376855953203,0.00019984856641191973,0.0013449949595886216,0.001328742096793465,5.146247046680834e-07,0.9742713748527946,3.2814828428651987e-05,0.00010043663166543847
43,0.0013870560587042767,1.2384881472614716e-07,0.0001662308528772261,0.010283107483936573,0.004089592364931541,0.00016159090193317358,6.930773097253966e-05,0.000168561566515735,2.8417422922800072e-05,4.7095760189602285e-06,0.00022052179206400287,4.1403683006636867e-08,7.679568029716568e-06,0.00025956562775245,0.00011190052189846774,0.00023151105385590533,1.546779095997346e-06,0.00016635615609332866,5.167647879922506e-05,0.0011661280098826758,0.000755921965836588,2.3900529319462286e-07,0.9804957587843308,3.8923379045014004e-05,0.0001335316667120423
44,0.0015590953385291766,1.2849619686213397e-07,0.00016099811882042415,0.010526084400903784,0.0038260545384829667,0.00014100542989086524,6.094445024230424e-05,0.0001468001716288835,1.9224149736106988e-05,2.295146513970557e-06,0.00025070349932032013,5.464726358604441e-08,9.366821037136446e-06,0.0002179740806347307,9.317751563252635e-05,0.0002014503382011052,1.649960420567804e-06,0.00018434967239800432,4.9165668980032206e-05,0.0007521632444894349,0.0006491575946094006,1.441143557707359e-07,0.9810038216172347,3.1150251988837394e-05,0.00011304073248840743
45,0.0012248471849031258,1.0598751846048997e-07,0.000228453274820887,0.013571588883267528,0.0038798138588692303,0.00021190095185278529,0.00010328549999455742,0.00025502617463532437,1.966012764318725e-05,2.6666755663026846e-06,0.00024396073242658424,4.06523941654328e-08,1.0172475869188113e-05,0.00018224176741525036,0.00018354391168230814,0.0003243083021434447,1.7053092757143722e-06,0.0001268375554738496,6.978195350705925e-05,0.0009088004051942328,0.000644618698609325,1.8775338418587812e-07,0.9776884367419011,3.324754056790364e-05,8.476758108424489e-05
46,0.0016557540310215486,1.1456331764807857e-07,0.00013095993873478662,0.014748165219739717,0.0015561007251369797,0.0001984834244632082,5.1326101709992834e-05,0.00018890405286693925,1.685026869596713e-05,1.811497802990821e-06,0.00029725736468394736,8.33273017461632e-08,1.5311784012442383e-05,0.00017831281916346945,6.790143072813594e-05,0.00030769272328888515,5.599722118944901e-06,0.000215919011991938,3.1042679044829506e-05,0.0005269985921303634,0.0005527266758189466,1.4163412865858437e-07,0.9791559845000553,3.6741393775031204e-05,5.9816518267657155e-05
47,0.004752699955796852,3.266653457805924e-07,0.0002527239139085001,0.007871364637493768,0.0038230599531963263,0.00018392609649075243,0.00011481488928544811,0.0003371930750268303,3.270510017132226e-05,4.683035524747344e-06,0.0002698547302549721,1.696686199263557e-07,1.7575210048573082e-05,0.000262626800857368,0.00010091326041474488,0.00027067953873062675,4.152325853627677e-06,0.0004804125010326077,0.00016306728779075073,0.001364556689369479,0.0009937486762941947,5.015856246833058e-07,0.978387938259711,3.348013455449109e-05,0.0002768260086024524
48,0.0023364633320538362,2.829098659982908e-07,0.00023128740410302765,0.011230225256620268,0.0025024731043129063,0.00039330190168442453,0.0001158948510685922,0.0004290848456415608,2.3326587450660087e-05,2.051284858679356e-06,0.00027645891714151447,1.144395775044013e-07,2.900531516239802e-05,0.00016221415963133695,0.00011129570861377523,0.0004180489622966316,6.200360647559966e-06,0.00017657481331217437,0.00013227017514270308,0.0006815402408435365,0.0006385826815211733,2.2855161745356318e-07,0.9800078437482745,2.006237738005065e-05,7.516807117771363e-05
49,0.0016941688198791002,1.961499493266653e-07,0.00026620518071963624,0.011540319959765904,0.0046986172150504935,0.00023308756068772947,7.017366213524208e-05,0.00017259977578979724,2.0391857674474233e-05,2.981474668422493e-06,0.00029060282098628047,9.227616204117417e-08,1.2683571929536845e-05,0.00030068165563228535,0.00011945800291175618,0.00021737791516694517,2.2852991857108223e-06,0.00022783131661513863,6.930632490759817e-05,0.0011377864375248222,0.0009506055961945067,2.3291172961967997e-07,0.9778049223187879,3.630441845642595e-05,0.00013108747748917453
50,0.0022989530530661685,1.1879274176687598e-07,0.00014764779339190555,0.008180294182219569,0.004217881987782357,9.2662179465682e-05,0.0001570116965362353,0.0002550608726645242,3.359469358016925e-05,6.120966343511951e-06,0.000146920327521345,4.157454334538431e-08,7.19850161106652e-06,0.00024742053966934994,0.00011187412782449424,0.00022801226545804382,1.2438321825792006e-06,0.0003019846152921183,8.831796326072715e-05,0.001510399327534391,0.0006850111731270826,3.2775236911735506e-07,0.9808886015790071,3.0447032003703556e-05,0.00036285317080347846
51,0.0026372559353729924,2.756091728111749e-07,0.0003598838874582047,0.03332711423262816,0.007514792606488387,0.00020927442714931336,7.215333924583708e-05,0.00023442035956127235,4.014374211606787e-05,3.934942888002623e-06,0.00048369324723290797,8.644745103654207e-08,1.8050072435100444e-05,0.00035742592903876885,0.000114877290581368,0.00028627474621679505,3.3789565532723825e-06,0.00026561519890663115,4.824578744122315e-05,0.0006413268199255986,0.0009777003070296681,1.624461319255191e-07,0.9522359223450594,6.256779450577688e-05,0.00010542352940952767
52,0.0020269388462463545,1.0571780235738295e-07,0.00017636243340320393,0.014041533881514131,0.0036367706782121033,0.00013627653554583775,5.559216399641646e-05,0.00014128581656214936,2.005171422464552e-05,2.9889209741619277e-06,0.0003190408113245875,5.565870928046613e-08,9.960924443012387e-06,0.0002501445640349999,8.665151901725377e-05,0.0002497240539945164,1.942394656475473e-06,0.00026990105087460256,3.868905297552625e-05,0.0008752929207944335,0.0006255157434282617,1.3308107364132933e-07,0.9768775310119948,5.183035069377787e-05,0.00010568015350351852
53,0.0005543462240475925,4.655038400791405e-08,4.7697900412863784e-05,0.0069617602232465116,0.001857195436668577,8.58994076376543e-05,7.787472354883625e-05,0.00010120785818977336,1.623867367169677e-05,1.4363209422015475e-06,0.00010993152491330163,2.15336651935733e-08,4.468038691613038e-06,0.00013843322277340864,7.531384493620285e-05,0.00016697658380287849,8.742559629060084e-07,0.00010279360759116078,2.1258739841677155e-05,0.0005999532932612046,0.0003001186359375918,8.836385927361693e-08,0.9886522352877569,1.677098413624389e-05,0.00010705876412096765
54,0.0016997517776502504,2.050543174211862e-07,0.00010291250202679322,0.007841487698525704,0.003615810868227959,0.00016595794575997928,9.722923640093174e-05,0.000163870648658696,2.9841071048082823e-05,3.2022090742998705e-06,0.00018188078378212168,7.996648628809957e-08,9.991979362744966e-06,0.00025752314821037985,8.461156982195876e-05,0.00027777241493081347,2.0716745884338034e-06,0.00024529074232604564,5.9973500387534254e-05,0.0007740509143458301,0.0005904016326274317,1.924762499548804e-07,0.9835683101987152,2.1308302806101042e-05,0.00020627168366919263
55,0.0029365947105607342,3.063653354779543e-07,0.0001479920774487133,0.011019065540372058,0.006249630784197802,0.00012068623118887394,9.166986753443962e-05,0.00015779921905482698,3.4498027135754446e-05,2.450884086631606e-06,0.00026868812482191235,1.7639592129950242e-07,1.440630877602381e-05,0.0003027776553880417,6.638357265617688e-05,0.00022555724951704755,2.4993722368930707e-06,0.000526185257792022,5.547018862783731e-05,0.0007691604128938023,0.0007565505013953923,1.5572729273746066e-07,0.9759397396816369,2.6901216544604133e-05,0.00028465462758393395
56,0.0015892127468331988,1.4022471768780968e-07,0.00016342655703209896,0.010688579723729457,0.0039691226275226366,0.00014440706241499173,6.135494336308112e-05,0.00014957039035518274,2.016057213237231e-05,2.2923259751756246e-06,0.00026230277907952036,5.988109694210425e-08,1.0446504699473707e-05,0.00022601848458441256,9.119140246123905e-05,0.00020433090307404907,1.7460892085261901e-06,0.00018929008265136028,5.103843707090005e-05,0.0007601591888177017,0.0006410541235300093,1.4567593246631157e-07,0.9806283650261113,3.1262439503692534e-05,0.00011432180810287157
57,0.0018152779148292364,1.9136004445200483e-07,0.00024111214150691218,0.008273528758071918,0.005390098827403695,0.0001639282224072684,6.402020458249225e-05,0.0002081884820825012,1.7647004351103895e-05,2.4032550987119772e-06,0.0002652998959041319,1.0202960034182684e-07,1.27541825099712e-05,0.00023288372644846407,0.00010722447003316387,0.0002076301650935789,1.8577118673584215e-06,0.00018910208986822055,0.0001192406054639152,0.0010729139185727636,0.0010014323631338318,2.6163024866680064e-07,0.9804636861020745,2.3518834645222505e-05,0.00012569610415740106
58,0.0016107217354709824,1.2606354908654256e-07,0.00017302076496124533,0.010948410115108555,0.0037267410021682417,0.0001393846276647732,5.874942727226774e-05,0.00014139366739088075,1.9279970719155932e-05,2.37663373932571e-06,0.00027827569791550976,5.2277754746276487e-08,9.061367385377613e-06,0.00022116227104815376,0.00010362033810584126,0.0001958135321361475,1.6614086488102267e-06,0.00018212520881569027,4.784638540935902e-05,0.000743327897039139,0.0006485586210482998,1.497406910015876e-07,0.9805979955608658,3.8069560369182145e-05,0.00011207612472254707
59,0.0016324693511976086,1.2455513649236642e-07,0.0001908282949555392,0.011501697026888613,0.003919736311526104,0.0001385852473692114,5.7268125301569353e-05,0.00014230737041934214,1.968155987482747e-05,2.5482532660150127e-06,0.00029042648855117585,5.058785602279642e-08,8.77055974993718e-06,0.0002303956551910937,0.00011044927970362699,0.000192496083036587,1.6265385370058398e-06,0.0001829899852008541,4.751923192184867e-05,0.0007858418362924496,0.0006809260004146828,1.5658906717557498e-07,0.9797083022793162,4.273860876520715e-05,0.00011206418046079246
60,0.0015590953385291766,1.2849619686213397e-07,0.00016099811882042415,0.010526084400903784,0.0038260545384829667,0.00014100542989086524,6.094445024230424e-05,0.0001468001716288835,1.9224149736106988e-05,2.295146513970557e-06,0.00025070349932032013,5.464726358604441e-08,9.366821037136446e-06,0.0002179740806347307,9.317751563252635e-05,0.0002014503382011052,1.649960420567804e-06,0.00018434967239800432,4.9165668980032206e-05,0.0007521632444894349,0.0006491575946094006,1.441143557707359e-07,0.9810038216172347,3.1150251988837394e-05,0.00011304073248840743
61,0.0018180518000879137,1.347838497719975e-07,0.00021292082649082512,0.012112357116864467,0.0041443045491722135,0.00014714325510212833,5.8869106011798666e-05,0.00015645078878449885,1.96705908861538e-05,2.6037897558344123e-06,0.0002960168453424109,5.5720176795527986e-08,9.585858721262506e-06,0.0002356725068650706,0.00010928610487273144,0.00020076717188170315,1.7638630960836298e-06,0.00020037921744182403,5.176920951339361e-05,0.0008135247558071723,0.0007248236965959351,1.6195749545749543e-07,0.9785286051332185,4.202793587694474e-05,0.0001130534160888888
62,0.0015590953385291766,1.2849619686213397e-07,0.00016099811882042415,0.010526084400903784,0.0038260545384829667,0.00014100542989086524,6.094445024230424e-05,0.0001468001716288835,1.9224149736106988e-05,2.295146513970557e-06,0.00025070349932032013,5.464726358604441e-08,9.366821037136446e-06,0.0002179740806347307,9.317751563252635e-05,0.0002014503382011052,1.649960420567804e-06,0.00018434967239800432,4.9165668980032206e-05,0.0007521632444894349,0.0006491575946094006,1.441143557707359e-07,0.9810038216172347,3.1150251988837394e-05,0.00011304073248840743
63,0.0016194015634341018,1.3856989334260472e-07,0.00016578367660313,0.010556567194782263,0.003949583105212544,0.0001450521202830208,6.216192099302198e-05,0.0001487429951482145,2.007626008831644e-05,2.350194642705876e-06,0.0002571132024610827,5.676737426825262e-08,9.644993647202916e-06,0.00022222584432503078,9.509861541977658e-05,0.00020187017652650047,1.692234821005368e-06,0.00018735190654077245,5.102573719680607e-05,0.0007494264161339992,0.0006598272156061809,1.4798239266794056e-07,0.9807462432926007,3.1545804987796165e-05,0.00011687220888577515
64,0.0015377685703708915,1.391391887233377e-07,0.00018130008053608801,0.010822739986724105,0.004306727094548757,0.00014290513187610292,6.113960144019769e-05,0.0001461697686437636,1.778718035110653e-05,2.409204563873878e-06,0.00027056013334534663,5.718794857282706e-08,9.111136045437172e-06,0.00022238936802215483,0.0001028478866974412,0.0001905735609263815,1.5390292586118806e-06,0.000175379601202479,5.3638654157442296e-05,0.0007584524039209532,0.0008312958495310984,1.5662493873231014e-07,0.9800196944260863,3.182569726543816e-05,0.00011339268240993023
65,0.0013680393968618098,1.3197845396980772e-07,0.00019847508264522865,0.011365797297130015,0.004005277354401555,0.00017074560955434488,6.209791281752992e-05,0.00014713774835239032,1.7283370453621664e-05,2.2383325455348187e-06,0.000271593020569552,5.0145838765713006e-08,9.149819023215408e-06,0.00021736424930241885,0.00012131420877159334,0.00019890982156461315,1.59907926938525e-06,0.00015037129352246548,5.154277604362799e-05,0.0007361616760185206,0.000732054727540894,1.4945814144652472e-07,0.9800395185010472,3.3151441672883246e-05,9.984569845763666e-05
66,0.0022663787916163388,1.9524224964038796e-07,0.00030614072463245847,0.025151368034876935,0.010660509439091298,0.00015411584996651335,4.98209374597478e-05,0.00012916383935790247,2.152254691070091e-05,5.246039501038791e-06,0.0005549439975745417,1.2230230189229784e-07,1.4366208530291799e-05,0.0004780599551677442,9.336550514636945e-05,0.00033866680182380624,1.988553681486887e-06,0.00038207211398384516,4.7998220482357784e-05,0.001019675332756823,0.0016673580183920516,1.585820290632081e-07,0.956468521112439,6.0857208618336836e-05,0.00012738464140963957
67,0.0014400509268363264,1.2195182306658057e-07,0.00015045936997524126,0.009955357452860084,0.003539584770347733,0.00014182548625865,5.883901090844396e-05,0.00013582495087940372,1.7894764749787326e-05,2.1798135980081843e-06,0.0002426198575267115,5.314477035588414e-08,8.92830141809317e-06,0.0002162701331045211,9.140916308232719e-05,0.00019214742161088484,1.6051735996310647e-06,0.00017776506312266137,4.5880491613074876e-05,0.0007470061102765256,0.0006364724071324084,1.3982238224867355e-07,0.9820565216491649,3.033741181988272e-05,0.00011070535113912528
68,0.001605732590174944,1.114931667685223e-07,0.00015859353261389166,0.010992293975739508,0.003024330568257746,0.00013493765453121605,6.234684257769326e-05,0.00016232124920354218,1.7131824037902766e-05,1.9473710858510786e-06,0.00021465249503626352,6.352833011115792e-08,1.248502852035691e-05,0.00021024408768184917,6.229143891456668e-05,0.00019570526432245863,2.035808874444265e-06,0.00024459535987066724,4.216827138562034e-05,0.0008807745642891615,0.0006005630724875501,1.2018454129304152e-07,0.9812406944588927,2.7312539305601854e-05,0.00010654679615817329
69,0.0013206206733939942,1.1913181516316596e-07,0.0001482609858750772,0.00840089955887647,0.0030046555325511193,0.000153210941990643,5.410812864716965e-05,0.00012586274340634033,1.4264445347967049e-05,1.903227508294182e-06,0.000245246779816728,5.7100926000129046e-08,9.352687963132537e-06,0.00020707672939855007,8.767839572866668e-05,0.00016920105863257894,1.6331489587540738e-06,0.0001626937643356235,5.068408533457359e-05,0.0007901369621708071,0.0006796035798583468,1.44805276296772e-07,0.9842469590588514,2.7557792395798073e-05,9.806868094086237e-05
70,0.0005562023007649582,6.673150091377505e-08,8.9109805881188e-05,0.013741921974016278,0.0025948947232707167,0.00018094580157152664,4.820079828397626e-05,0.0001181590534453992,2.4110310998396904e-05,2.017775187485521e-06,0.0001523115711520431,3.988620584849006e-08,1.0083856810290428e-05,0.00022768808781711337,5.463762528642248e-05,0.0003258291458309695,2.010039851097003e-06,0.00013577057836345856,1.5072156280383304e-05,0.0008510308437425216,0.0003272856309719987,8.311402564878749e-08,0.9804547190150101,2.800780368487825e-05,5.980137004614226e-05
