,0,1,2,3,4,5,6,7,8,9,10,11,12,13,14,15,16,17,18,19,20,21,22,23,24
0,0.001094396930080461,1.6330902530732466e-07,0.0002296786140844854,0.012564954173058392,0.004965098882952274,0.00012419843516211723,4.0790544553164294e-05,0.00012080324786314462,3.263164554401741e-05,2.2956640220224705e-06,0.0005745699199348371,3.0602517623259754e-08,7.3041977976366205e-06,0.0002137797042541405,0.0002764796431224543,0.00011191246735832455,1.3377664892465842e-06,5.095014900515412e-05,5.547236378267237e-05,0.000421475001338489,0.0006974053798078245,2.431178005678229e-07,0.978259173743907,7.398686626490366e-05,8.086763027402482e-05
1,0.0023506324270140197,2.919590895359403e-07,0.00031671733131451624,0.019376279090345408,0.009972335674746246,9.774920486696309e-05,4.315149129415929e-05,0.00015007592621484576,6.580151199387085e-05,2.8319442168316934e-06,0.0009109346423124542,3.764968210329492e-08,9.49182136891385e-06,0.00023981890873820221,0.0002905324332245968,0.00015484925627724891,1.847024312478218e-06,7.03040528146184e-05,6.36540205888638e-05,0.0002775620444314918,0.0006362612660878355,2.2786919195733894e-07,0.9647576708083064,0.00010759493386231899,0.00010334670770415054
2,0.002178600315483539,2.9607931824864907e-07,0.00030599887679370137,0.023002147290398577,0.007437162773872105,0.00011579416037940062,3.540404011763764e-05,0.00011173741676202562,4.01982913394609e-05,1.979708689109306e-06,0.0011369072488050158,4.9218614056730027e-08,1.0180159035823752e-05,0.00024691591303481995,0.00027084173314293895,0.00013159874668428387,2.337489998215207e-06,7.509181462691844e-05,4.658637056559061e-05,0.00019694114615462793,0.0008207023914194664,1.685806909016764e-07,0.9636440907638143,0.00010704979425720845,8.121967600184178e-05
3,0.001879044376044008,2.3302600267255744e-07,0.0002680551611617154,0.01703280528352538,0.007567927738425509,8.678896101468494e-05,3.553652001283395e-05,0.0001113546590421454,4.361778196411478e-05,2.0660333568820176e-06,0.0008476785019049011,3.468890053810644e-08,7.494221854760093e-06,0.0002349999564195513,0.0002747825072692608,0.00010412488514917446,1.588891421534661e-06,6.477687305139453e-05,4.690051435448545e-05,0.0002496016937208828,0.0006778060615906352,2.016179282499142e-07,0.9702660070450652,9.859350349705391e-05,9.797949732260408e-05
4,0.0017815381446275745,2.532027901091697e-07,0.000245772128041392,0.016944729837570317,0.00764465860867108,8.629672578071033e-05,3.296895352199807e-05,0.00010174558371164787,4.292900226686009e-05,1.9075116353764917e-06,0.0008964983253353861,3.994947955000884e-08,8.480073661602617e-06,0.00024565914763990357,0.00024237452212368257,0.00010125724061444256,1.6528677415111762e-06,6.53873266655143e-05,4.490365630107015e-05,0.00023719575212778358,0.000671911126876023,1.8539385404502565e-07,0.9704139778814451,9.292039782683321e-05,9.475663969037902e-05
5,0.002074065170966303,1.7691142088160256e-07,0.0002468190655236764,0.019030967304290897,0.006546920853255328,7.140665559283028e-05,3.30358647795229e-05,0.00010503262996228184,4.0966733137927124e-05,2.191110385708279e-06,0.0007631662245936599,3.384098593812586e-08,6.843572662972156e-06,0.0002438272083275618,0.00020657621461049906,0.00010249222764791882,1.6523290103925287e-06,9.145763093210391e-05,3.535908517556888e-05,0.0002806709965432236,0.0006238591012637141,1.7666081885036676e-07,0.9692716335251699,0.00011482050427224525,0.0001058485786701927
6,0.001879044376044008,2.3302600267255744e-07,0.0002680551611617154,0.01703280528352538,0.007567927738425509,8.678896101468494e-05,3.553652001283395e-05,0.0001113546590421454,4.361778196411478e-05,2.0660333568820176e-06,0.0008476785019049011,3.468890053810644e-08,7.494221854760093e-06,0.0002349999564195513,0.0002747825072692608,0.00010412488514917446,1.588891421534661e-06,6.477687305139453e-05,4.690051435448545e-05,0.0002496016937208828,0.0006778060615906352,2.016179282499142e-07,0.9702660070450652,9.859350349705391e-05,9.797949732260408e-05
7,0.004508919930966396,5.499678583108362e-07,0.000806225908001858,0.027839520876154013,0.012765142726596118,0.00012690414261114623,5.5844078287057246e-05,0.00026580519679030696,5.786117503091094e-05,2.857586296101257e-06,0.0018406308460125764,6.667792704355476e-08,2.3232168092474714e-05,0.00026288372781609797,0.00042545689612903074,0.0001384877614216666,2.6427516845350724e-06,9.482859641057511e-05,0.00011906833374078255,0.00033327964937525644,0.0011269252987153098,3.236600408232273e-07,0.9489546141067289,0.00015658906716177988,9.133887015084344e-05
8,0.0020394022519889137,1.729767435343961e-07,0.0002981293859576669,0.01905088796801357,0.007829600494590744,5.57664426963099e-05,3.357358887777259e-05,8.191194774181785e-05,5.5590820620196024e-05,2.9044230839196072e-06,0.0008652708443015885,1.758497366113388e-08,3.928874127606821e-06,0.00029636212939600974,0.0003834175695450623,7.32367905317269e-05,1.145196788254562e-06,6.560683654365421e-05,2.9045636878234494e-05,0.00024680205534382746,0.0005694408154130494,2.3953228305799597e-07,0.9676319378041011,0.00023070807602480948,0.00015489995343408283
9,0.002017876424419403,1.6212526963990515e-07,0.0003978250856011073,0.02247418956344329,0.007057261594945362,7.412140817738063e-05,2.4906029069718334e-05,0.00011199878572352053,4.5204870792153624e-05,2.751072298534488e-06,0.0009191003051845088,2.277804680047791e-08,6.051460628747202e-06,0.0002669434768972878,0.00029778603703949563,9.064247430869229e-05,1.5660031165763964e-06,6.446710392141442e-05,3.677498922598134e-05,0.00030079803634563377,0.0006436043976908422,2.238526468935536e-07,0.9648874877249899,0.00019329800321224802,8.493639700503384e-05
10,0.001879044376044008,2.3302600267255744e-07,0.0002680551611617154,0.01703280528352538,0.007567927738425509,8.678896101468494e-05,3.553652001283395e-05,0.0001113546590421454,4.361778196411478e-05,2.0660333568820176e-06,0.0008476785019049011,3.468890053810644e-08,7.494221854760093e-06,0.0002349999564195513,0.0002747825072692608,0.00010412488514917446,1.588891421534661e-06,6.477687305139453e-05,4.690051435448545e-05,0.0002496016937208828,0.0006778060615906352,2.016179282499142e-07,0.9702660070450652,9.859350349705391e-05,9.797949732260408e-05
11,0.001891618359451901,2.4709832259864576e-07,0.0002705654539103709,0.017418708250696337,0.007613454524731953,9.000555020923636e-05,3.594615610049249e-05,0.00011741325835779555,4.372962477254839e-05,2.0147038054187817e-06,0.0008688116007889972,3.815845997823556e-08,8.493332563258598e-06,0.0002349351853398905,0.0002640175044770192,0.00010865809350635982,1.6933264290719031e-06,6.60171092976911e-05,4.927719667160535e-05,0.00025087934497683667,0.0006763464290741475,1.9942631832927253e-07,0.969797722524366,9.488829336167111e-05,9.431949401029707e-05
12,0.0019157710476646647,2.3400944558242e-07,0.00027457086161847185,0.01735242821814345,0.007488622774883235,8.762190468016685e-05,3.60947577334998e-05,0.00011600171571577276,4.4116771881032746e-05,2.107416867915247e-06,0.0008627214890326172,3.47456104544808e-08,7.667122201425528e-06,0.00023282321186458537,0.0002811512127980718,0.00010641834291250839,1.6293840642374638e-06,6.455570378369801e-05,4.8158889388889374e-05,0.0002501071637039555,0.0006857994434191247,2.070791450372245e-07,0.9699440919695449,0.00010063342802826145,9.643133586871394e-05
13,0.0015605018793713934,2.2004844933859809e-07,0.00023049854913427537,0.01703769750278194,0.007346973619032678,6.825123232236021e-05,2.408003498889797e-05,7.646338367529218e-05,3.275858447768003e-05,1.3365275255173159e-06,0.00134285238943727,3.406227377142604e-08,8.03782034690462e-06,0.00022063476131424,0.0002800362356730208,8.113524407129794e-05,1.3860790570278385e-06,4.709044847935351e-05,3.837566198400695e-05,0.0001591392489608479,0.0006558956176961787,1.4469952799968803e-07,0.9706203631985244,0.00010124464732053171,6.484852357381615e-05
14,0.0021521130920511477,4.5943983767732686e-07,0.00028731151057895867,0.014003367209278902,0.011108755263498634,0.00013898918909386457,4.01381873063832e-05,0.00010353713914627954,3.4106376773260074e-05,1.7887198109256732e-06,0.0012764637683549108,6.586257366876418e-08,1.3156393170381427e-05,0.0002596000179558232,0.0002915148983450232,0.0001322855855641383,1.5169990713096149e-06,6.375343704188644e-05,9.308262272332747e-05,0.0002383141448563722,0.000948753941827798,1.8123178090803495e-07,0.9686572618890295,6.840028231017065e-05,8.508279801885133e-05
15,0.001879044376044008,2.3302600267255744e-07,0.0002680551611617154,0.01703280528352538,0.007567927738425509,8.678896101468494e-05,3.553652001283395e-05,0.0001113546590421454,4.361778196411478e-05,2.0660333568820176e-06,0.0008476785019049011,3.468890053810644e-08,7.494221854760093e-06,0.0002349999564195513,0.0002747825072692608,0.00010412488514917446,1.588891421534661e-06,6.477687305139453e-05,4.690051435448545e-05,0.0002496016937208828,0.0006778060615906352,2.016179282499142e-07,0.9702660070450652,9.859350349705391e-05,9.797949732260408e-05
16,0.0018341566143353816,1.788988317416052e-07,0.00019044377676356118,0.018332591619663,0.005753214950201302,7.493874426104524e-05,3.51267806068297e-05,8.157557506357299e-05,3.005522363953833e-05,2.7795697118446155e-06,0.0007431931348759141,4.5809311877223954e-08,5.516023921357587e-06,0.00029002824862703363,0.00019823764905706862,0.00010498889634207742,1.6464127030696823e-06,0.00011358331030330135,3.1668098008528663e-05,0.00028152777202526463,0.0011297012973357319,1.9204622958543946e-07,0.9705373082134847,9.657491147589637e-05,0.00013072642322052631
17,0.001810942125604589,1.7230647519661875e-07,0.0001676259343779835,0.012416013741253826,0.0049590820361336534,5.132398932759596e-05,2.4975399423603083e-05,8.744535224501278e-05,2.927761159992074e-05,1.4922384373475123e-06,0.0005898908701311315,4.691349077246428e-08,6.987460247440286e-06,0.0002415742285385483,0.00012043285798063557,6.84321023424761e-05,1.6435405232646173e-06,0.00010140626959591605,3.414247273189911e-05,0.00025957091804409483,0.0006267047284215128,1.7882704430030231e-07,0.9782215284695421,6.373439391402957e-05,0.00011537521257300852
18,0.0017007219689701909,1.854757329281102e-07,0.00010849326247646667,0.00920775098739609,0.0035932052613247964,5.917837712229755e-05,2.972691584549332e-05,7.274529777376887e-05,4.2046820238091095e-05,1.8858288711615368e-06,0.00047659207122965533,3.7702879846605945e-08,5.165055652259359e-06,0.00023337747406554496,0.00013391204800969637,7.379273250360004e-05,1.858575594637859e-06,9.057294738521326e-05,2.9114149490575608e-05,0.00023922364740708852,0.0004750167769196774,2.052492007029009e-07,0.9831920507234225,6.904004357685595e-05,0.00016410060691082276
19,0.0019308906970021585,2.6943440713303065e-07,0.0003462353770116406,0.02177913764260641,0.009949253614610971,9.063410036401137e-05,4.278334748548634e-05,0.000150600950472926,5.2167441162964426e-05,2.1757256426660443e-06,0.0009051737367087662,4.218579094493782e-08,1.0166509506958904e-05,0.00026258033684111186,0.0002932346338608267,0.00011137942295022628,1.749928189618648e-06,7.010481226513619e-05,5.421569254214486e-05,0.0003021166495132993,0.0007243167264965998,2.3891726882978525e-07,0.9627175829038667,0.00010427961648916055,9.8669596943366e-05
20,0.0012441671779334126,1.9663882788621137e-07,0.00026471472096867353,0.01507732390291021,0.006617162410578366,8.074497937462721e-05,4.071605535692643e-05,0.00012699278258913,3.701605735675046e-05,1.8599699972433603e-06,0.0009122046065076529,2.413310279800589e-08,6.105928216845127e-06,0.0001926940227317504,0.0005063356595684315,8.610231205987344e-05,1.172212056028624e-06,3.33280894059841e-05,5.236236316198533e-05,0.00022770048519297375,0.0007972127943776161,2.827161407130254e-07,0.9735176426572344,9.835765710562487e-05,7.757966724421345e-05
21,0.00230790805042512,2.625513229639106e-07,0.00026924497770794436,0.018896117474143635,0.009523674459234412,7.603532580751874e-05,2.8401189789727904e-05,8.821313788250723e-05,3.794390274076165e-05,2.430060453879017e-06,0.0010350751324187284,4.718599627825687e-08,7.584664508713281e-06,0.0002892772851247241,0.0002133205989663785,0.0001029409195581746,1.5108745808843915e-06,9.345371217844526e-05,4.453242291645478e-05,0.000255631049529761,0.0009468947707485778,1.7257929071187332e-07,0.9655635469648907,0.00010674339209960005,0.00010903731768359556
22,0.0025760317778493417,2.105672277252051e-07,0.00035412690042049686,0.02323115142619238,0.006557714378137519,9.000215603140134e-05,3.0072331264264818e-05,0.0001239932370974109,3.7257681522400186e-05,2.7964020291422343e-06,0.0010997735233955587,4.305523972240063e-08,8.110051742923552e-06,0.00026085516716482473,0.00026586680471178675,0.00011938839454552379,2.3277391333147178e-06,9.206108346473878e-05,4.7537312250700925e-05,0.00027933831381979737,0.0009564308299313199,2.282900753066827e-07,0.9636381510955763,0.00014011207785293852,8.641940332350986e-05
23,0.001879044376044008,2.3302600267255744e-07,0.0002680551611617154,0.01703280528352538,0.007567927738425509,8.678896101468494e-05,3.553652001283395e-05,0.0001113546590421454,4.361778196411478e-05,2.0660333568820176e-06,0.0008476785019049011,3.468890053810644e-08,7.494221854760093e-06,0.0002349999564195513,0.0002747825072692608,0.00010412488514917446,1.588891421534661e-06,6.477687305139453e-05,4.690051435448545e-05,0.0002496016937208828,0.0006778060615906352,2.016179282499142e-07,0.9702660070450652,9.859350349705391e-05,9.797949732260408e-05
24,0.0015225304079851925,1.979040245675201e-07,0.0002139931096650138,0.02037830631824613,0.009352748765116152,7.151483062364683e-05,2.897102587665837e-05,9.23678944555469e-05,3.985195170284414e-05,1.706975014842846e-06,0.0008244151098165722,3.8629223560328974e-08,8.260555351577952e-06,0.0002667586793005777,0.00018504406491235193,0.00011383328822564797,1.3839317506668788e-06,7.074794574507507e-05,3.575912277230612e-05,0.00023169377171872616,0.0005780831808844812,1.341120421851976e-07,0.9658135717595686,8.420566140267902e-05,8.388100457433138e-05
25,0.0024435945681733286,1.8297064084346267e-07,0.0003210781942657916,0.02379502027476258,0.00793948957267606,5.994667660058725e-05,4.00394707437981e-05,0.00019609838355131014,3.5930628006755495e-05,2.0231267541075584e-06,0.0011096827946287854,3.73957204819584e-08,1.0855653297472934e-05,0.00018186477535017686,0.00027874806055613194,0.00013056225244305238,1.587807767910653e-06,7.213618883874233e-05,6.139200554550088e-05,0.0002580377733384811,0.0008453226075549664,1.9675540045963606e-07,0.9620523832000512,9.876057353527548e-05,6.502828979607275e-05
26,0.001776798238310417,1.6909212148459343e-07,0.0002026097063822911,0.014363756487588634,0.005738068877278393,5.58209267439405e-05,2.3256342560936813e-05,8.398842464069977e-05,5.1285667634338216e-05,1.2917036080330601e-06,0.0007271801340341891,2.0141552643462044e-08,5.486347799999689e-06,0.00017478559697643866,0.00020165126617751767,6.776076887247226e-05,1.4496125959584033e-06,5.0162238417171224e-05,2.6487339332137736e-05,0.00017551944409899243,0.00033530057297852185,1.4274952697339346e-07,0.9757351108446726,0.0001176483836083929,8.424909248655845e-05
27,0.0013616909391245549,2.0302835603847163e-07,0.0001999399240118723,0.013030567611598536,0.006672600640305056,7.647462330157198e-05,3.989947571234949e-05,0.00010110545499763232,5.6052619872685216e-05,2.1437412692700955e-06,0.000705849478924172,2.390609581453513e-08,5.625729974235078e-06,0.00022362060359176162,0.0003380800294299687,9.060512600619322e-05,1.3139479431858905e-06,4.508332570111265e-05,4.050789876872691e-05,0.00025574582159342745,0.0005055966168346732,2.552786481672807e-07,0.9760312934926606,0.00010169844403559642,0.00011402224124282651
28,0.001879044376044008,2.3302600267255744e-07,0.0002680551611617154,0.01703280528352538,0.007567927738425509,8.678896101468494e-05,3.553652001283395e-05,0.0001113546590421454,4.361778196411478e-05,2.0660333568820176e-06,0.0008476785019049011,3.468890053810644e-08,7.494221854760093e-06,0.0002349999564195513,0.0002747825072692608,0.00010412488514917446,1.588891421534661e-06,6.477687305139453e-05,4.690051435448545e-05,0.0002496016937208828,0.0006778060615906352,2.016179282499142e-07,0.9702660070450652,9.859350349705391e-05,9.797949732260408e-05
29,0.001879044376044008,2.3302600267255744e-07,0.0002680551611617154,0.01703280528352538,0.007567927738425509,8.678896101468494e-05,3.553652001283395e-05,0.0001113546590421454,4.361778196411478e-05,2.0660333568820176e-06,0.0008476785019049011,3.468890053810644e-08,7.494221854760093e-06,0.0002349999564195513,0.0002747825072692608,0.00010412488514917446,1.588891421534661e-06,6.477687305139453e-05,4.690051435448545e-05,0.0002496016937208828,0.0006778060615906352,2.016179282499142e-07,0.9702660070450652,9.859350349705391e-05,9.797949732260408e-05
30,0.001879044376044008,2.3302600267255744e-07,0.0002680551611617154,0.01703280528352538,0.007567927738425509,8.678896101468494e-05,3.553652001283395e-05,0.0001113546590421454,4.361778196411478e-05,2.0660333568820176e-06,0.0008476785019049011,3.468890053810644e-08,7.494221854760093e-06,0.0002349999564195513,0.0002747825072692608,0.00010412488514917446,1.588891421534661e-06,6.477687305139453e-05,4.690051435448545e-05,0.0002496016937208828,0.0006778060615906352,2.016179282499142e-07,0.9702660070450652,9.859350349705391e-05,9.797949732260408e-05
31,6.240600610093902e-05,1.553149836439658e-07,1.999523001984429e-05,0.013080218347592853,0.004017766707459873,0.00027713780666431754,2.383114430165519e-05,3.94060556900364e-06,4.1464028686564776e-05,8.793810156605321e-07,0.002117710344910748,6.531741126221927e-09,1.274122104950852e-06,0.00035944938621225583,0.0012597718522957353,0.00010056324991383587,7.435748566726718e-07,2.647875762770056e-06,3.639299283528908e-06,2.3174200629036647e-05,0.0002651757746171397,5.145854351163046e-08,0.9781966466042972,0.00011332153144730822,2.802962098983596e-05
32,0.0018922855516292152,2.397551213920398e-07,0.0002734525818752041,0.015673676218086765,0.007772337791977186,8.706111994345554e-05,3.5894825216308636e-05,0.00011768286228268215,4.196463186618933e-05,2.0306580233433433e-06,0.0008438199082510139,3.593794302511474e-08,7.744401533602533e-06,0.00022896554021291425,0.00028327669608882455,0.00010433503697129775,1.5171051054673318e-06,6.216663423008288e-05,5.500603888080038e-05,0.00026124699354186084,0.0006905505585307054,2.1442708364534196e-07,0.9713759339908009,9.16456772787276e-05,9.691505752515889e-05
33,0.002740588225044241,3.207877380089761e-07,0.000295456939162335,0.025566952477652637,0.0056778792794432605,0.00012342199077529356,5.399627139051281e-05,0.0002142358137743576,5.750522697224989e-05,3.2153159751237007e-06,0.0010383697706856483,1.049164030136863e-07,2.3802496643390306e-05,0.0004021263389270711,0.00016471016026852907,0.00021336744638986345,5.794394291039671e-06,0.0001726609363340631,6.26791305276272e-05,0.0003585743405629046,0.000630795573590259,3.735117501746202e-07,0.961997237676548,9.099969978557248e-05,0.00010483127936494785
34,0.0036820658477393713,3.980002402398631e-07,0.00035011723287522013,0.011579988538428166,0.010831397380971077,5.4818295207275565e-05,2.7287155071746644e-05,0.00011571173703924787,5.822229627760755e-05,1.8537847034605782e-06,0.0013195794742541609,3.4753397427564574e-08,8.820678393273205e-06,0.00021406556027290272,0.00031158156908044337,6.556256724775867e-05,1.2474239192326714e-06,5.501121807247133e-05,9.448716008264181e-05,0.00019663659511905886,0.0006149784486857866,2.5496238914427924e-07,0.9701697747550101,0.00012581712049913722,0.00012028744502304554
35,0.003998003146428776,3.2261544778609307e-07,0.00035136656082871207,0.020087040538804838,0.008138610420537509,8.080562427332098e-05,4.563024032906985e-05,0.00019201564450334818,6.20054020585465e-05,2.958451581943704e-06,0.0009148279782586996,5.401645465827319e-08,1.0986195837433458e-05,0.00024711430129145326,0.00023385969442327173,0.000134325901791481,2.571619303394234e-06,0.00012649575086329595,6.7870567230056e-05,0.000302238686956569,0.0007558103453614491,2.780893552910109e-07,0.9639953523688148,0.0001151134694405173,0.0001343423698235953
36,0.0013810709336103618,1.884230954999434e-07,0.00013261838998821822,0.015622732370795967,0.0030713194800668538,0.0001087542864685795,4.814261948167197e-05,0.00022074554742326059,7.274042599959785e-05,1.9921624321483505e-06,0.0004424498246947297,4.651431888423606e-08,1.0847281515252139e-05,0.00019357295787586541,0.00018644341201295707,0.00019182663981728236,4.6024159625915825e-06,6.341639612666797e-05,4.099833145969059e-05,0.00025798052232516673,0.00032302382944932723,3.0543088882063844e-07,0.9774880029129538,5.588184651249001e-05,8.029704472384508e-05
37,0.003547085902239627,1.9920917117133815e-07,0.00040233770015182563,0.02397372845557987,0.007349679138939876,6.535347420493215e-05,3.1279428345362127e-05,0.0001132670004634531,3.906038792887254e-05,2.4578004529675e-06,0.0011717005121209877,3.5893919644493335e-08,7.6087079940484195e-06,0.00025706550966998607,0.0002556968441770643,9.681216864378155e-05,1.8437623433068594e-06,0.00011799198600452465,4.3345094161689004e-05,0.0002709877809758932,0.0007420103170941959,1.8601976320247283e-07,0.9612019447767772,0.0001997595663015862,0.00010856256257495867
38,0.0013366033942303378,1.8863412524902085e-07,0.00023277558384018278,0.014925312736333202,0.0050974659778830166,0.00013637110664284195,4.1776729556620534e-05,0.00012366204894046393,2.6615060551164006e-05,1.7420417303322254e-06,0.0008011093522790776,3.3363695286026085e-08,8.457310763831652e-06,0.00017309398983006799,0.0003215990550459552,0.00015358835727506266,1.618783447048477e-06,4.574151045745787e-05,6.0089306169896334e-05,0.0002387521943510359,0.0007314146100480432,1.7466173702192876e-07,0.9754161970220928,6.722633326295275e-05,5.8390835711172534e-05
39,0.0013482610488557655,1.673227295238451e-07,0.00021405557050275864,0.014659916969614328,0.005255429333878451,8.780411340289312e-05,4.139207562357094e-05,0.00013517670478932088,3.154512856980003e-05,1.7146911257811797e-06,0.0005535745691323656,3.2575697648933784e-08,6.954758626848206e-06,0.00017484555073468425,0.0002450511431407122,0.000110859436511372,1.566393612762694e-06,5.701415880217591e-05,4.651267976009719e-05,0.0002604654371910871,0.0007018690917856527,2.0554143433960138e-07,0.9759175614093529,5.936656697337539e-05,8.865772815206534e-05
40,0.002339248320526317,5.513010549700743e-07,0.0006935489624380877,0.017541129552348055,0.018133355931221985,0.0001575948290028621,3.807967635265042e-05,0.00010755472188071434,4.992681419411098e-05,2.6704416745049736e-06,0.0012743035964726806,6.056811149470644e-08,9.512286013451925e-06,0.00041632121907403776,0.0005199937619790316,9.109329241145459e-05,1.528681835193051e-06,7.103259627694493e-05,9.383158418022015e-05,0.0003745265062502726,0.0011220807566548465,3.463958718307092e-07,0.9566875882369602,0.00013128432576118136,0.00014283564145301428
41,0.002110989781473363,4.99925747524876e-07,0.000423172869398592,0.027610467047585664,0.016816369550152553,0.0001447677794770962,4.371542265573516e-05,0.00014542238902195642,0.00010450089096343926,2.7920197742308407e-06,0.0010543281438343817,3.947241089848189e-08,1.2475151767557394e-05,0.0003154591410618374,0.00032282157908470574,0.0001640433742317023,2.17334285186586e-06,5.917961703306031e-05,5.016690084913735e-05,0.0002350191156561823,0.00057650540353287,1.9951451508701113e-07,0.9495854262681996,0.00012033792766753893,9.912737105347426e-05
42,0.0027738617941725652,3.727535221598389e-07,0.0007222304075274252,0.02069970457313453,0.00985036465215266,0.0001223993218691251,5.7194132207775504e-05,0.0004512089138773358,5.251204515122497e-05,3.7252623194736942e-06,0.0010986844403631454,6.225739151861899e-08,1.5408465569740385e-05,0.00022240003401770593,0.0005753901207141331,0.0001640841350553484,2.56175001604341e-06,5.706946784220654e-05,0.0002013614762024972,0.0004523665891803247,0.0015154602371896485,7.56545642710214e-07,0.960783723607343,9.836099048122543e-05,7.87360270567353e-05
43,0.0016390073516988723,2.0858906556927177e-07,0.0002830657035026349,0.016990113163572726,0.007917313521825382,0.00010095238287347921,3.8045091736550084e-05,0.00012055134702641233,6.216778132034997e-05,4.341180372531163e-06,0.0007246550698868754,2.4521795858415307e-08,5.777530974700019e-06,0.0002830979846369548,0.0003177237516948255,0.00011965315824276918,1.5062479368447268e-06,5.8222432101722796e-05,4.8017849995743764e-05,0.0003902961883661007,0.0007598743586159557,3.214553304582614e-07,0.969892536874417,0.00012783652723047818,0.00011468993577894053
44,0.001879044376044008,2.3302600267255744e-07,0.0002680551611617154,0.01703280528352538,0.007567927738425509,8.678896101468494e-05,3.553652001283395e-05,0.0001113546590421454,4.361778196411478e-05,2.0660333568820176e-06,0.0008476785019049011,3.468890053810644e-08,7.494221854760093e-06,0.0002349999564195513,0.0002747825072692608,0.00010412488514917446,1.588891421534661e-06,6.477687305139453e-05,4.690051435448545e-05,0.0002496016937208828,0.0006778060615906352,2.016179282499142e-07,0.9702660070450652,9.859350349705391e-05,9.797949732260408e-05
45,0.001507798032713374,2.0793254916875153e-07,0.0003832411485120984,0.021610930163849715,0.007687596146200536,0.00012929397029913983,6.62086172560505e-05,0.00021885742366939718,4.609592624111717e-05,2.400382119189769e-06,0.0008956363028909123,2.66368383184997e-08,8.95599004215384e-06,0.00019352822627521929,0.0006255384421049105,0.000169832483144576,1.6252633705604303e-06,4.210360484258707e-05,7.04380635529827e-05,0.0003011859571639543,0.0007073470422000382,2.935256940068186e-07,0.9651530090708097,0.00010694918977956277,7.090045788058644e-05
46,0.0018117290298390067,1.5780239092778995e-07,0.00021752528830320926,0.02578571313582159,0.0025092345250936786,0.00011991531418541463,2.405238570522822e-05,0.00014683177970750157,3.067327222780189e-05,1.5830312499088014e-06,0.0008628204193346215,5.103981529262652e-08,1.1026059562699088e-05,0.00017307218000967999,0.00016506659419895258,0.0001523435985206812,5.218588509341966e-06,7.811401103399768e-05,2.8671678088715966e-05,0.00018002242909005893,0.0006038571246517857,1.686166427595158e-07,0.9669514754805814,9.789756505402335e-05,4.277905038175492e-05
47,0.005873991355129607,6.439280149688555e-07,0.0004279801517762289,0.01269375497203834,0.007486376783500932,0.00011384093797002726,7.322338209349016e-05,0.00029218536861853927,7.822660461368971e-05,4.31982996102939e-06,0.0009772145976962993,1.129325425414192e-07,1.547038104588384e-05,0.0002818488318548966,0.0003396789784026484,0.00014172827590289223,4.060025656353003e-06,0.00016267800365265533,0.00016408319754739276,0.0004589687386875431,0.001096378748478663,7.999092211722458e-07,0.9689696002181551,0.00010767830736544934,0.0002351555400738616
48,0.00267871800013186,4.5886533870622935e-07,0.00038523015272228016,0.018600921441325958,0.004291283675316233,0.00024213918169642103,6.355802487764995e-05,0.00037047346061756694,4.5339315911527854e-05,1.7500399905390132e-06,0.0009085825279374829,7.603526525043454e-08,2.3880401134983847e-05,0.00015548588912411986,0.0003255933653162163,0.00021386008309630435,5.5608433568005125e-06,6.154119390512103e-05,0.00013188214424040865,0.00023226334639548754,0.0007425306479992622,3.0176560075524465e-07,0.9704096962747267,5.4612672040004495e-05,5.426065193206736e-05
49,0.002080413613104694,3.4626296083535996e-07,0.00045194492392092644,0.019001100276871474,0.009057493720626834,0.00014323555047268186,3.989893860709982e-05,0.00013299081128930593,4.499238498958107e-05,2.724790372960605e-06,0.0009731493307772263,5.967753889591979e-08,1.006266312998995e-05,0.00032223200654767797,0.0003422886655378356,0.00011227684905555012,2.23395065727001e-06,8.303083370047207e-05,6.728188994406765e-05,0.00038157301606291165,0.0010168915597565174,3.2505306072937043e-07,0.965508315484584,0.00011306525042983295,0.00011207249600073128
50,0.0030293577728001987,2.6525649013625696e-07,0.00026151701537349546,0.013181434048132532,0.00937678479049993,5.8922482503976046e-05,0.00011048455652811247,0.00021319741807379386,9.114276113931306e-05,6.0045560551888515e-06,0.0005811920204326614,2.709673072054511e-08,6.598142709631259e-06,0.000290775507122091,0.00041411887453087637,0.00012384935830477283,1.2744050901124335e-06,0.00010145422461004371,9.012290408246087e-05,0.0005075234541378434,0.0007238822681118703,5.686180470767802e-07,0.9703709683302668,0.00011427179045733569,0.00034426234776933364
51,0.003417083214144145,6.246081224932586e-07,0.0006148196712181403,0.05244652584289394,0.016458703341344923,0.00012754014029720746,5.0530897609809376e-05,0.00020141572540706963,0.00011042886222850895,3.7880503426757433e-06,0.001877699170387057,5.70996513686821e-08,1.6712114530063603e-05,0.00041177892095347474,0.0004197626465617284,0.0001506108739267429,3.413008738266638e-06,8.667548972854466e-05,4.88281351811296e-05,0.00021026771728407915,0.0010319909359093136,2.8852651978912324e-07,0.9219892581068173,0.0002230899498602188,9.810695034185438e-05
52,0.002361177364718634,1.7327331340642996e-07,0.0002932899093132695,0.022990275254936212,0.006929767018727346,8.452718937336291e-05,2.9618721706588612e-05,9.973546150021552e-05,4.230318398649891e-05,2.6901669832271046e-06,0.0010205269057438158,3.351080730645303e-08,7.418944173016131e-06,0.0002654947004744992,0.00023347270523582525,0.00012814115792227315,1.8323142182168291e-06,9.607168427219476e-05,3.585230594589683e-05,0.0002930850049819141,0.000635522092953347,1.6946970486312555e-07,0.9641999200792409,0.00016023092180655302,8.86706579607065e-05
53,0.000749357752599089,1.0070996155216517e-07,8.359065926134447e-05,0.010915715621116581,0.004076665704732174,5.336733151654336e-05,5.219803306205725e-05,8.120481658806238e-05,4.061052819624453e-05,1.3126080678395999e-06,0.000430533810235453,1.4077590523337371e-08,3.939964018481583e-06,0.00015550129070345258,0.00026662552072664143,8.832711685810682e-05,8.518542701181062e-07,3.5622478372806854e-05,2.1661494340045774e-05,0.00019612099774662077,0.00031757219277923763,1.3965358195151875e-07,0.9822688569835509,6.070695229119173e-05,9.94018478328656e-05
54,0.0022269779216822815,4.34521914825647e-07,0.0001744731350959888,0.012850267488765598,0.00829737972066722,0.00010326047373782097,6.315609804965627e-05,0.00011968203384616186,7.952437284086196e-05,3.0179813495829426e-06,0.0006546657004671726,5.231848697955608e-08,8.497732201898324e-06,0.00030810024457098565,0.0002560661173878955,0.00014710258578693052,2.1298504230245775e-06,9.002896475730333e-05,5.7054200142053016e-05,0.00025457485074551975,0.0005868679868021102,2.8609344992962354e-07,0.9734338330902483,7.547074380923454e-05,0.00020709577277050874
55,0.003705790636659877,6.297819864356904e-07,0.00024943143290183096,0.01790187369095152,0.014106145401977434,7.484617405892918e-05,5.733429304535032e-05,0.00011232845093887317,8.708063077507979e-05,2.1811275239979888e-06,0.0009533893180744379,1.1349720600217205e-07,1.2066144511916564e-05,0.0003516743004331913,0.0001981481111204514,0.00011648324898565692,2.450723738397394e-06,0.00018913934108188477,5.10368270851131e-05,0.00024847628415263596,0.0007422823269809602,2.1743600168172702e-07,0.9604708528015641,9.263151638423869e-05,0.0002733965018600291
56,0.0019146207705586444,2.5442539111810026e-07,0.000271953267171277,0.017255575090490922,0.00784486526065491,8.884511314569542e-05,3.5880644364451975e-05,0.00011379832918635043,4.54990788869314e-05,2.0524313338179497e-06,0.000891243155564913,3.798046274522673e-08,8.394957882164673e-06,0.00024267842745202812,0.000270657771161388,0.0001056293179888053,1.6706577276046454e-06,6.625765531548718e-05,4.879729389011271e-05,0.0002519688343043606,0.00067014842370265,2.0323916185021418e-07,0.9696716616787605,9.88406293251526e-05,9.846556611627366e-05
57,0.002146526566629461,3.3115454445134623e-07,0.00040549530562569995,0.013620050927937345,0.00994303388998466,0.00010104701231262414,3.6021610593191256e-05,0.00016995410312045992,3.732111739827146e-05,2.115150014081479e-06,0.0008826818749246393,6.724082159509045e-08,1.0363759063067254e-05,0.0002374494874583184,0.00031447334896303106,0.00010622261778700912,1.7384123580120485e-06,6.678981860379154e-05,0.00011641559305530787,0.0003617863254247749,0.001114905786586113,3.5937068330183157e-07,0.9701560085179504,6.896528271485768e-05,9.987572544588976e-05
58,0.0019557636257014144,2.3215859735349075e-07,0.00028784910732011635,0.01768076293637554,0.0074330865404925546,8.558970235835553e-05,3.478504569928968e-05,0.00010800274919951216,4.4212363070952835e-05,2.1389730456243274e-06,0.0009513324353349694,3.3345119130079465e-08,7.331569174769589e-06,0.0002392798609627311,0.00030958549945766086,0.00010143009637927058,1.6039865906127113e-06,6.38778622337978e-05,4.581976747356542e-05,0.00024596505523037806,0.0006778045885961469,2.1183577289251423e-07,0.9695042110585321,0.00012139260939683141,9.76972278844493e-05
59,0.001976439792975989,2.267913416532568e-07,0.0003178235152578588,0.018558379939900872,0.007817437908628407,8.529604460030388e-05,3.342279777763475e-05,0.00010646003928529795,4.538004376904164e-05,2.329337427667855e-06,0.000979804132785986,3.1833335879498796e-08,6.945066339879301e-06,0.0002514697822194878,0.0003247420238538323,9.972392931872756e-05,1.5856249526014294e-06,6.43579276766531e-05,4.5252708826752766e-05,0.00026095304914637357,0.000703369246827987,2.2161957460328475e-07,0.968081835888522,0.00013743897358754097,9.90719820671926e-05
60,0.001879044376044008,2.3302600267255744e-07,0.0002680551611617154,0.01703280528352538,0.007567927738425509,8.678896101468494e-05,3.553652001283395e-05,0.0001113546590421454,4.361778196411478e-05,2.0660333568820176e-06,0.0008476785019049011,3.468890053810644e-08,7.494221854760093e-06,0.0002349999564195513,0.0002747825072692608,0.00010412488514917446,1.588891421534661e-06,6.477687305139453e-05,4.690051435448545e-05,0.0002496016937208828,0.0006778060615906352,2.016179282499142e-07,0.9702660070450652,9.859350349705391e-05,9.797949732260408e-05
61,0.002198718764762748,2.412563153608566e-07,0.0003532834991158862,0.019602298251717283,0.008083952676174086,9.01272128812981e-05,3.428039129725635e-05,0.00011985518885594726,4.43118340045942e-05,2.3662158618154273e-06,0.0009976109887564857,3.5336853762972064e-08,7.649594429773913e-06,0.00025250484308182665,0.0003210151197851115,0.0001041783268205156,1.7045669148533768e-06,7.057133341727568e-05,4.991220092094553e-05,0.0002710850991971883,0.0007622713570826104,2.2772112755399162e-07,0.9664023918934727,0.00013212329450108516,9.728303265210725e-05
62,0.001879044376044008,2.3302600267255744e-07,0.0002680551611617154,0.01703280528352538,0.007567927738425509,8.678896101468494e-05,3.553652001283395e-05,0.0001113546590421454,4.361778196411478e-05,2.0660333568820176e-06,0.0008476785019049011,3.468890053810644e-08,7.494221854760093e-06,0.0002349999564195513,0.0002747825072692608,0.00010412488514917446,1.588891421534661e-06,6.477687305139453e-05,4.690051435448545e-05,0.0002496016937208828,0.0006778060615906352,2.016179282499142e-07,0.9702660070450652,9.859350349705391e-05,9.797949732260408e-05
63,0.0019641893248183917,2.5600807295368876e-07,0.0002764788345178351,0.017021711607878277,0.00789128979469983,8.93316205597356e-05,3.676657764022148e-05,0.00011344432212634359,4.6268357046476076e-05,2.124569009199045e-06,0.0008783742049826425,3.618431941320713e-08,7.786127867861722e-06,0.00024108636047633696,0.0002848907067090135,0.00010456153058796652,1.6370394991428093e-06,6.560161304824539e-05,4.885740299316005e-05,0.00024838758354919977,0.0006891325836784335,2.1059275099347627e-07,0.9697843740478099,0.00010089752798798708,0.00010230547737067751
64,0.0018400429401084868,2.4890047014659443e-07,0.00030181325710583327,0.017488642436738942,0.008339594158882926,8.790785651124116e-05,3.5515553159538155e-05,0.00011351865091069098,3.925474735334998e-05,2.1420579692772577e-06,0.0009178885818234708,3.6509645777491466e-08,7.357512610867105e-06,0.00023448897086198145,0.00030650144946609237,9.837303588454397e-05,1.453858713717551e-06,6.117707508488045e-05,5.17265368216298e-05,0.0002524443941426741,0.000884678323809579,2.1741860881988086e-07,0.9687413888314568,9.85311152585389e-05,9.505582659997971e-05
65,0.0016533554122314911,2.4133864447206466e-07,0.00033023142832517443,0.01831041487149551,0.007863745346589256,0.00010458710164710614,3.6970019610625305e-05,0.00011537211165218388,3.8925651539264595e-05,2.0009399302647257e-06,0.0009382591051264862,3.193125630049461e-08,7.501481330832364e-06,0.00023152107613411043,0.00037074448000838525,0.00010312810789200274,1.5224662823289178e-06,5.192453996187177e-05,4.9997329139151815e-05,0.0002440050132096248,0.0007753651585982091,2.1264558404421892e-07,0.9685806586302499,0.00010467107761324243,8.461273594810813e-05
66,0.003055154902109374,3.6479984472941364e-07,0.0006704351499547277,0.0444839584343974,0.02391442340402768,9.601808204626708e-05,3.0086383676141537e-05,9.412043904621189e-05,4.257150022304993e-05,5.266386795491992e-06,0.0023120777689682203,9.135647716502299e-08,1.32429271436577e-05,0.000662072210716098,0.00026846404232148616,0.000184972510832891,2.2076237551352315e-06,0.00018072554365443347,5.182061806440246e-05,0.0003494641716532143,0.0018015554994756592,2.674556509032285e-07,0.9214543773666688,0.00020636077803147626,0.00011990064446509059
67,0.0017297235809695304,2.175664289053603e-07,0.00025007875476330815,0.016179562060177042,0.0069492823906637385,8.723663230462286e-05,3.388773821012417e-05,0.00010229020663383305,4.0216561186624476e-05,1.9646339369331394e-06,0.0008115458783560478,3.360028697470965e-08,7.0707363170686895e-06,0.00023275158469502458,0.0002649070356941075,9.926601944084795e-05,1.547945450553463e-06,6.284544280093014e-05,4.363042736540041e-05,0.000248398724662358,0.0006634407850070065,1.93199988668681e-07,0.9719988405484734,9.539769081352786e-05,9.567025537343446e-05
68,0.0018009821093823237,1.769591049073017e-07,0.00026830492901174034,0.018637827455487112,0.00552745016115996,8.314066607409933e-05,3.3376759342401444e-05,0.00012404811118638223,3.2685328907938384e-05,1.6351404201162533e-06,0.0006997356748703223,4.1908257797639015e-08,1.0066807713018839e-05,0.0002172987015125842,0.00016621338177679918,9.980329406730267e-05,1.8561046415560057e-06,9.109882374212403e-05,3.968450309462547e-05,0.00029650387511654357,0.0006534726190511564,1.4917253174185629e-07,0.9710573866782121,7.548593685327475e-05,8.157489848229336e-05
69,0.001548538430679519,2.0027927570402e-07,0.00024626260149831103,0.013741043562929678,0.005596386069126579,9.444303566432519e-05,3.001750662171835e-05,9.700879348895609e-05,2.9817806950971612e-05,1.6750734109009317e-06,0.0008064574702198855,3.6112574660378355e-08,7.362410984898645e-06,0.00021328115298730553,0.00024985257728973056,8.698229859945749e-05,1.5199171224133554e-06,5.739982834309299e-05,4.8666399430055517e-05,0.00026552810189047767,0.0007288052181916037,1.9121940615079336e-07,0.9759871594155203,8.219937628778216e-05,7.91653415057286e-05
70,0.0006279094618162843,9.573319689051872e-08,0.00014534082303444064,0.02545212830597291,0.005001159556442033,0.00011139409924670291,2.4693006265787167e-05,8.576436891347376e-05,4.5293652767987573e-05,1.5663244628980446e-06,0.00044702394203357344,2.34734585413184e-08,7.2183691090113255e-06,0.0002349061892618796,0.00013096043983127232,0.00016391142770353612,1.798039417171215e-06,5.2745118805083546e-05,1.2635472028577973e-05,0.0002832267949117767,0.000308871799223484,8.3012102144853e-08,0.9667387261751094,7.750569942718849e-05,4.501871545797099e-05
71,0.0019585524577555393,1.5423517129618084e-07,9.995390948785072e-05,0.013763096975473926,0.007171302918067078,3.3259912045298376e-05,3.0024096188039758e-05,9.629919365752442e-05,5.399989775791674e-05,1.765953033207014e-06,0.0006820232860287534,3.018315244999713e-08,6.085120578649897e-06,0.00018612403719473576,0.00013973474078115167,0.00011874541541355409,1.2097299705476027e-06,7.966462144258877e-05,2.7554337338365908e-05,0.00018954118151705293,0.0003989484880704416,1.331309743496642e-07,0.9747780056930287,7.725861697186463e-05,0.00010653186889911318
