,0,1,2,3,4,5,6,7,8,9,10,11,12,13,14,15,16,17,18,19,20,21,22,23,24
0,0.32560687396330923,4.040958279199844e-05,0.0008856096960212415,9.9207001181838e-05,0.16312013692370533,0.00010093070199561249,0.0070871800485475265,0.00304287292164683,0.10101462401867764,0.2737228524180068,0.045315716322904834,2.4470657941475012e-05,1.6939266331191854e-05,0.015505186203126574,0.011413325499489133,5.7910061886384044e-05,0.00041990636548075173,0.00014638287527884056,0.011947813237412718,3.540323689747534e-05,2.4293610661343885e-06,1.6494809911648566e-05,0.004840696998069996,0.0011204721231962685,0.03441615570512257
1,0.31792409690676665,2.9382890881771824e-05,0.0010646689224799106,8.923025101131763e-05,0.16056427747774307,8.698664526579377e-05,0.004486615715145864,0.0029830542704849658,0.13529760709784447,0.2921058791405364,0.03498757477206334,1.337385859271772e-05,1.738163836958944e-05,0.006834361526184784,0.006730378520990357,6.07434900673013e-05,0.0003111564895609535,8.449719407464247e-05,0.014235775782221282,2.7300063654374672e-05,1.665118360948069e-06,1.1226380272146179e-05,0.0031534854905507655,0.0006942829093889887,0.01820499744748777
2,0.44943603449120106,3.466225604541151e-05,0.0008026212368273369,0.00014844579358135634,0.11565916839533072,0.00024349164617167384,0.01932587116308136,0.002653035054650282,0.057007933496594596,0.26085977718450026,0.01385110687149458,2.616211124420582e-05,3.151406260009816e-05,0.013015630245428768,0.003857176199179335,0.00020918178475141664,0.0009774420671838713,0.00020258593755314794,0.03296771863955243,1.8233411637773357e-05,2.508926569908462e-06,3.443118577964874e-05,0.003685559046100872,0.0037440058643501604,0.021205702928589774
3,0.3267572832739057,3.804037594137639e-05,0.0008781792126248817,0.00010001126032466437,0.15995586129234668,9.893926782421907e-05,0.006983789307586316,0.003106837149231804,0.10222762397034296,0.27898029885350933,0.04439746998496792,2.35260152738175e-05,1.7456495719111383e-05,0.014728904261121719,0.010910219174176753,5.849518577893855e-05,0.0004129810754278443,0.00014322732180338632,0.011788512669344955,3.547867932832497e-05,2.3552509406558924e-06,1.573212449328647e-05,0.004756706666635729,0.001099953660392435,0.032482117470957035
4,0.34913643795686106,3.686208063560287e-05,0.000874263805411882,0.00010283788025474791,0.15773749907416992,0.00010167556759019212,0.0070345784143703086,0.003090062772939492,0.09281731453921269,0.2722965578663239,0.04164453596862687,2.2636122682810083e-05,2.0880526750303823e-05,0.015479913619099742,0.009817750623912361,6.411776741336832e-05,0.00043378900906385147,0.00016108594293906049,0.012937195665705774,3.806582021000827e-05,2.3034771506402734e-06,1.4732582656489168e-05,0.004734286898725982,0.0012345439107995237,0.030166072106493465
5,0.331782199576769,4.013045647413962e-05,0.0007608643122656379,0.00011444422347438146,0.1541912171312641,0.00010708123685773126,0.006573823352787227,0.0032390298281568183,0.09401927629552911,0.2856198195434656,0.04604443099917093,2.264694169007239e-05,1.9894360089489696e-05,0.01617875011400515,0.011782008724923807,6.33581287087772e-05,0.00039887280442967477,0.00018667218135378147,0.012685236555106635,3.951093859366982e-05,2.3406764755900544e-06,1.531072460740655e-05,0.004945210931206798,0.0011552806842080844,0.030012589278386445
6,0.3267572832739057,3.804037594137639e-05,0.0008781792126248817,0.00010001126032466437,0.15995586129234668,9.893926782421907e-05,0.006983789307586316,0.003106837149231804,0.10222762397034296,0.27898029885350933,0.04439746998496792,2.35260152738175e-05,1.7456495719111383e-05,0.014728904261121719,0.010910219174176753,5.849518577893855e-05,0.0004129810754278443,0.00014322732180338632,0.011788512669344955,3.547867932832497e-05,2.3552509406558924e-06,1.573212449328647e-05,0.004756706666635729,0.001099953660392435,0.032482117470957035
7,0.48672236256780993,1.482272528560122e-05,0.0008599751237127287,9.829515792763578e-05,0.08912648501355692,3.1177393073183414e-05,0.004776076782843876,0.003221918388616405,0.0626504660293949,0.28644080554538554,0.03385235209075271,8.735713166539999e-06,2.3643113920301866e-05,0.004733629015547151,0.0025767290880987347,3.424850647072163e-05,0.00033781691236288913,5.0862298234321145e-05,0.009095542039504955,2.4947268072506945e-05,5.289009842390443e-07,9.765712873606056e-06,0.0012327305754300311,0.0005849776019622699,0.01349110643501235
8,0.369812883208002,2.053622266976145e-05,0.0013221489651677645,8.158708096177112e-05,0.09904475587911794,5.315582922712349e-05,0.00649882829113695,0.002000471102434374,0.06692602940203628,0.34292061066725665,0.03290872589107503,2.4130519134222017e-05,1.5857136349491865e-05,0.015725401225633855,0.006263035231694628,3.634622494670009e-05,0.00047675674927503015,6.25813623232222e-05,0.00594657784833077,3.729711558947878e-05,2.748614791261368e-06,1.0711614953829291e-05,0.006794542945808602,0.0016982037761882082,0.041316077095894924
9,0.3324787996220121,2.8304004778877345e-05,0.0008784777586800687,8.450154642555802e-05,0.09942460673256502,5.587602668018505e-05,0.005322761417400797,0.0020724280000764777,0.07886010796849395,0.3412295884332608,0.04526379092804015,2.3263797317009247e-05,1.1074139790924188e-05,0.017310945702383247,0.010921810778570388,2.7610635928496658e-05,0.00036470464172511015,7.652039413817523e-05,0.005508412713393861,3.323950912157043e-05,2.4867901930189714e-06,1.1558317952744272e-05,0.007702383984659487,0.0012639407362877455,0.05104280542012413
10,0.3267572832739057,3.804037594137639e-05,0.0008781792126248817,0.00010001126032466437,0.15995586129234668,9.893926782421907e-05,0.006983789307586316,0.003106837149231804,0.10222762397034296,0.27898029885350933,0.04439746998496792,2.35260152738175e-05,1.7456495719111383e-05,0.014728904261121719,0.010910219174176753,5.849518577893855e-05,0.0004129810754278443,0.00014322732180338632,0.011788512669344955,3.547867932832497e-05,2.3552509406558924e-06,1.573212449328647e-05,0.004756706666635729,0.001099953660392435,0.032482117470957035
11,0.3431448516588688,3.400542059657596e-05,0.0008754115709556588,9.814298373657394e-05,0.14544020467719943,9.75159746090371e-05,0.007128683402365475,0.0034416089016439644,0.09903544120031495,0.2910399430717071,0.039965068337165476,2.278411965978124e-05,2.1170933413529133e-05,0.01319113985715415,0.0094423579045461,6.269158459303618e-05,0.000440132086728906,0.0001459283349624724,0.012392569298205912,3.6041265768184e-05,2.168773494578226e-06,1.5363017159783467e-05,0.004400560059785123,0.0012074880342757652,0.028318727531089626
12,0.044344330330179704,1.2411463617999892e-05,0.00015829643803996028,2.1849350378789652e-05,0.6175365145916714,8.215538148019799e-05,0.006680399450883613,5.888394990796121e-05,0.03111382335337509,0.04169438221692627,0.014692115895434062,1.1336937367431259e-05,2.690196357130388e-06,0.11303217003616622,0.004193209160695717,1.378804095800609e-05,0.0001314735838828062,0.00020305782444687652,0.0014586375971219257,4.779307717313033e-05,3.4979127654452137e-06,1.1200894462064352e-06,0.027756811056646475,0.0009535175973281756,0.09579573446774936
13,0.33014838787620626,2.5947223630255272e-05,0.0009849143878521167,0.0001248541398887294,0.1176040916577625,3.9091431644267146e-05,0.0044863964071046435,0.0035932739787018875,0.0801638678882007,0.24594495800282798,0.13088046772298592,3.5101716048805774e-05,1.5320143103051408e-05,0.02526676024602035,0.017810248919522636,4.165570600036711e-05,0.0003234289094124748,0.00014544043549391062,0.0048486742376159095,5.4719042750239095e-05,2.6428111117642318e-06,1.0888414112745517e-05,0.00542986243437621,0.0005231308844431032,0.031495875383183124
14,0.3274818348106284,3.76891461804998e-05,0.0008762999734050907,9.960684168997996e-05,0.15894021965376273,9.850847112021134e-05,0.007020469021806153,0.0031156734159732092,0.10217554940653974,0.27948510219151235,0.044189849702067276,2.36157791508217e-05,1.7433039702203683e-05,0.014740387511695287,0.01088264884046411,5.834263344294561e-05,0.00041475027427856923,0.00014252666045795888,0.011709057116012138,3.5371640610375236e-05,2.357102979052749e-06,1.5716322353976086e-05,0.0047676512371199785,0.0011059680855890102,0.032563371121457726
15,0.3267572832739057,3.804037594137639e-05,0.0008781792126248817,0.00010001126032466437,0.15995586129234668,9.893926782421907e-05,0.006983789307586316,0.003106837149231804,0.10222762397034296,0.27898029885350933,0.04439746998496792,2.35260152738175e-05,1.7456495719111383e-05,0.014728904261121719,0.010910219174176753,5.849518577893855e-05,0.0004129810754278443,0.00014322732180338632,0.011788512669344955,3.547867932832497e-05,2.3552509406558924e-06,1.573212449328647e-05,0.004756706666635729,0.001099953660392435,0.032482117470957035
16,0.3321051080051347,3.0632032843623465e-05,0.0012962298661922103,0.00014954187070770347,0.16973280335314378,0.00012062115702549357,0.009307958915119393,0.0038615479678776464,0.05864236936399437,0.258539888117155,0.07248632997840937,4.9779402068574275e-05,3.153536944187314e-05,0.033774133701161654,0.015895404914744303,0.00013438952553271208,0.0005476443568169263,0.00036009149580245437,0.012467815999192382,6.966091210506577e-05,5.889285590461377e-06,1.599207220028372e-05,0.006202757822975157,0.0014578284520245374,0.022714046062740356
17,0.44151840451411173,2.2456174636082867e-05,0.0008413448676628795,0.00011083622288834569,0.15258468524052288,4.299063549880877e-05,0.012116145413102403,0.0026984876703057825,0.07357301262632533,0.17494980654701822,0.05244770707158819,3.638422388353353e-05,1.6191373037259172e-05,0.025449375534800873,0.006822780735673287,4.36660060925581e-05,0.0005235383419227625,9.480634009009454e-05,0.004791971524337206,3.463839991614989e-05,2.071912624787621e-06,1.4975571199031845e-05,0.00423146406435061,0.0009583293633880885,0.04607392962502323
18,0.44575095966551764,3.5158999245769785e-05,0.00039083964478701705,5.2309734957286453e-05,0.13361551287613613,4.894134609023222e-05,0.00864561422541129,0.0013645462090182941,0.07884290833175148,0.17853841857856897,0.03318741792712979,1.4935806054426053e-05,7.760868662433404e-06,0.015705475452635693,0.0065164572799265305,1.869059542529612e-05,0.0006495715894887129,9.279750134375179e-05,0.007897696585419792,1.945502149039996e-05,1.1014729112182948e-06,1.8977078727808962e-05,0.0041093093599555725,0.0010795849288022742,0.08339555892054233
19,0.2592164561068058,1.84703526455744e-05,0.0009416356287673264,9.564266761912976e-05,0.11797998718720308,9.533226373380497e-05,0.009441503603387698,0.0038503454947032972,0.09670232036156767,0.43657160283197766,0.027636356046980427,2.4604958718502376e-05,2.271222109150432e-05,0.0066006471108691345,0.0048812543715031674,5.320349667208934e-05,0.0004587217794591547,7.201427211392097e-05,0.008183613487798586,3.3532539314188553e-05,1.5611651880651139e-06,1.7588482762298045e-05,0.0027986300101361422,0.0011495231609606478,0.02315274039802139
20,0.23803337567838256,0.00010972812055652742,0.0010140210441803219,0.00013961647428359505,0.11243219205577443,0.00015721182650850233,0.0054887967084004,0.007091341483968793,0.1259770948997017,0.31824314661387787,0.07502093986562021,5.813957239348099e-05,1.6345112905610012e-05,0.015991371398851126,0.040825779357637156,7.238155876026287e-05,0.0004009783676564979,0.00022927140148075578,0.013626677274472414,3.833398851166997e-05,4.699064912392192e-06,4.599322231643085e-05,0.005260927590594967,0.0010395575621892175,0.03868207975606315
21,0.37018101194953673,3.613594578554003e-05,0.0009535829328337507,0.00017341654834684018,0.15056175873890784,6.868586029305336e-05,0.004957266837466467,0.0028228104813761987,0.07767026529425622,0.21058523651763633,0.0942718563192778,2.985798190603929e-05,1.744041485020186e-05,0.029544984102649042,0.014943408999983875,7.34154789654946e-05,0.00030936418698708463,0.0001923293372401455,0.009180003883606232,4.7707041166316364e-05,2.867535445346751e-06,1.1696924738805934e-05,0.005258302947347722,0.0006381874487345855,0.02746840629066237
22,0.3201522387310376,1.8613629631813737e-05,0.000919811356851873,0.00011555911004443546,0.13192788364549587,5.417438100966673e-05,0.005305128309531423,0.0027551492683813524,0.06762625014228206,0.338388267164221,0.07754668765433538,2.0597556253574272e-05,1.9694306892363594e-05,0.0135283563008672,0.008684163908745678,5.386247556269338e-05,0.00042805521529084634,0.00015141975998178645,0.007784715629107514,5.224882189530853e-05,2.0446945334876577e-06,1.1618676741784291e-05,0.0037271877779503355,0.0006586554729995851,0.020067616010355338
23,0.3267572832739057,3.804037594137639e-05,0.0008781792126248817,0.00010001126032466437,0.15995586129234668,9.893926782421907e-05,0.006983789307586316,0.003106837149231804,0.10222762397034296,0.27898029885350933,0.04439746998496792,2.35260152738175e-05,1.7456495719111383e-05,0.014728904261121719,0.010910219174176753,5.849518577893855e-05,0.0004129810754278443,0.00014322732180338632,0.011788512669344955,3.547867932832497e-05,2.3552509406558924e-06,1.573212449328647e-05,0.004756706666635729,0.001099953660392435,0.032482117470957035
24,0.33107904568621344,4.287172103722319e-05,0.0008040465411844173,0.0001408883413107929,0.18928241125688888,8.73014978733605e-05,0.005638421880414411,0.002546712764080074,0.08656217989557233,0.2520074564709977,0.054979096033423706,2.383446666315796e-05,1.812998115441234e-05,0.01805665687206332,0.009329365999383197,5.440325828993281e-05,0.00034530280055766245,0.0001449343558786861,0.010553076628446414,4.0786500059048625e-05,1.8527128393391121e-06,1.517559177199702e-05,0.003904074813068441,0.0008030384622451544,0.0335389354685829
25,0.4022550769537353,1.2140709752793788e-05,0.0008210511050104235,0.00012751976677989537,0.10271440428473963,2.7162763088433264e-05,0.007938644653647839,0.004453593362959277,0.06297328297224888,0.2647761089105775,0.09748026008302042,2.861961281102775e-05,2.3022345024779584e-05,0.017621803331403924,0.007530005839556116,3.9494423625537256e-05,0.00040807600480052066,0.00010916167965963958,0.003567292342096231,5.305951569070475e-05,1.3905988669726905e-06,9.691850096681755e-06,0.0030738987276220874,0.0005703193011939132,0.02338491886199156
26,0.3746946013181714,1.8502406209108488e-05,0.0005139360599895289,4.6961699759984515e-05,0.1358768754925955,8.427452817396667e-05,0.006248480271709609,0.0019918592539345478,0.12128026743699533,0.28635129054864167,0.017000469343925385,7.355309078675981e-06,1.6667337651932206e-05,0.0067831927978195,0.004566376561229989,3.8457658466772055e-05,0.00045380266468649557,0.00011331563407192267,0.013211459505320228,2.3682135986031763e-05,1.3975934800396372e-06,7.238784338892806e-06,0.005344230018606988,0.0014820126782909976,0.02384329296086541
27,0.2992953446107207,6.418889026419016e-05,0.0006381538950867503,0.00010377069120327283,0.13431680384233413,0.00010213932856401041,0.005668110375665224,0.0036914541587478177,0.14857084905031714,0.27312766523382837,0.04758170325903818,2.2187093937002595e-05,1.1371315795921482e-05,0.010845085481508598,0.014875576871032786,4.241274772564488e-05,0.0003316618817370761,0.00010881608494985097,0.012265661559195213,2.302538141466025e-05,1.56022257686677e-06,2.4301373666583386e-05,0.0037523776116670424,0.0007510888216810034,0.04378469021734193
28,0.3267572832739057,3.804037594137639e-05,0.0008781792126248817,0.00010001126032466437,0.15995586129234668,9.893926782421907e-05,0.006983789307586316,0.003106837149231804,0.10222762397034296,0.27898029885350933,0.04439746998496792,2.35260152738175e-05,1.7456495719111383e-05,0.014728904261121719,0.010910219174176753,5.849518577893855e-05,0.0004129810754278443,0.00014322732180338632,0.011788512669344955,3.547867932832497e-05,2.3552509406558924e-06,1.573212449328647e-05,0.004756706666635729,0.001099953660392435,0.032482117470957035
29,0.3267572832739057,3.804037594137639e-05,0.0008781792126248817,0.00010001126032466437,0.15995586129234668,9.893926782421907e-05,0.006983789307586316,0.003106837149231804,0.10222762397034296,0.27898029885350933,0.04439746998496792,2.35260152738175e-05,1.7456495719111383e-05,0.014728904261121719,0.010910219174176753,5.849518577893855e-05,0.0004129810754278443,0.00014322732180338632,0.011788512669344955,3.547867932832497e-05,2.3552509406558924e-06,1.573212449328647e-05,0.004756706666635729,0.001099953660392435,0.032482117470957035
30,0.3267572832739057,3.804037594137639e-05,0.0008781792126248817,0.00010001126032466437,0.15995586129234668,9.893926782421907e-05,0.006983789307586316,0.003106837149231804,0.10222762397034296,0.27898029885350933,0.04439746998496792,2.35260152738175e-05,1.7456495719111383e-05,0.014728904261121719,0.010910219174176753,5.849518577893855e-05,0.0004129810754278443,0.00014322732180338632,0.011788512669344955,3.547867932832497e-05,2.3552509406558924e-06,1.573212449328647e-05,0.004756706666635729,0.001099953660392435,0.032482117470957035
31,0.12086719308670156,3.5885094513404684e-05,0.0002966840944494107,9.121780177812953e-05,0.25482304971685665,0.00018979271016270389,0.008394318280712295,0.0005526056649916434,0.10764825682050039,0.3290502076797027,0.04721378318037388,1.7779762202691313e-05,3.869662311855504e-06,0.021668390089108886,0.011200878802923708,2.634191782138069e-05,0.0002448077581279112,0.00010991890548425318,0.005734477558142603,2.773127053594269e-05,1.8681154406941861e-06,1.4466926482950175e-05,0.008671520118397915,0.0006852104545865557,0.08242974452768989
32,0.3480473474061801,4.28958356153001e-05,0.0008932164037029577,9.604474107484285e-05,0.16010955369886873,0.00010430772927840702,0.00624280281706162,0.00304296306903256,0.10004512529058084,0.26680838786070626,0.03981862863511249,2.096673643358738e-05,1.9037696412811876e-05,0.013592611606013567,0.010215103303195852,6.262667011862866e-05,0.00041700115246484426,0.00015242798039874126,0.014979424469755967,3.335168291361051e-05,2.1997278194279334e-06,1.6012490363322107e-05,0.004372491979551214,0.0011633382098909964,0.02970213280745328
33,0.467233960947543,5.0315480948121764e-05,0.0007692837433373616,0.00010010707481760069,0.12900545328923527,0.00015519838630471323,0.008762633299867323,0.003670275051834993,0.05730159832141747,0.23596197924362244,0.015985833192725937,2.2874266648538192e-05,4.199289116490968e-05,0.012338699044684272,0.0052065000234211055,0.00012576756827109545,0.000744225729183169,0.00024630932621414516,0.036224100622719003,2.7074160471138678e-05,1.7048601683734548e-06,2.7032869079927295e-05,0.002722908969832834,0.0030896920398560614,0.020184479596631277
34,0.45667065917964195,2.893526376070367e-05,0.0007940916334490799,8.743808720988405e-05,0.14388000418088165,5.590138639881262e-05,0.004714112410143269,0.002587774895333151,0.08457101269581223,0.2050699314193959,0.04184226811550473,1.3807312012984331e-05,1.694756895689294e-05,0.012576877823452539,0.007146960533693139,4.69676606125552e-05,0.0003550883040919723,0.00011709641230222267,0.012234739616389415,2.7952206815424618e-05,1.482602890824035e-06,1.0028706414169257e-05,0.0032749327790455507,0.000781706400961188,0.023093282804829793
35,0.4073562113399912,4.0564238958835934e-05,0.0006327629634820096,8.6607967492935e-05,0.11736749112324059,6.535760360773113e-05,0.004879054438773817,0.004745815936516946,0.14634385626094112,0.22817711630044263,0.03447997133747616,1.4464379733114823e-05,1.5095956271346346e-05,0.006538829887048884,0.0084153551917665,4.3389325494470706e-05,0.0003347009080735002,8.753741890633872e-05,0.013447201793401895,1.8293953733623136e-05,1.0344678559116514e-06,1.7333852251790293e-05,0.0022165744799925928,0.000627904258535824,0.024047474616010225
36,0.4156290502135864,3.518433999238827e-05,0.0006893936986308258,0.0001086873651795303,0.09806315042589457,6.899297863323659e-05,0.016585532863046454,0.007575360819097694,0.08513764914530882,0.2164854208479827,0.059506895872889355,8.786772926846467e-05,2.221415866115727e-05,0.024206982007401838,0.014317780077711308,7.446927639764541e-05,0.0009043798251016288,0.00020441232154865812,0.008965417851052912,3.144253451438333e-05,2.1664749443112957e-06,4.940997210416248e-05,0.0029507430176285297,0.0012873323016095652,0.04701006388181335
37,0.5149035331117963,2.2634440617359226e-05,0.0008209696080561619,8.811408110594897e-05,0.14366456028928692,6.904192796872239e-05,0.010192884147127929,0.001394849769736359,0.03602561892802506,0.16130709586349182,0.030420078879877747,2.398974124922835e-05,2.2007747206578117e-05,0.041043065894662105,0.006021925924484031,7.19727149577396e-05,0.000598486983644404,0.00020954860121853703,0.010733678198942167,3.78681717127865e-05,3.222005086860083e-06,9.375947355171384e-06,0.00678478399154754,0.002474815229152074,0.03305587780169036
38,0.2791286410249124,4.72098123536831e-05,0.0010277377505891385,0.00011525527422877344,0.1581888922917322,0.0002234315222226056,0.010192686885917854,0.003721917679596811,0.09882043582683638,0.31496275487805364,0.043033668189923054,3.487771215063948e-05,2.506699090654509e-05,0.018050998800536126,0.01716845365180051,0.00012888737972321847,0.0004780128745636106,0.00028414690933845733,0.019473070989126016,4.0438370255403175e-05,4.801198652226083e-06,2.120581543938386e-05,0.007079130968291825,0.0018644388143969183,0.02588383838845256
39,0.24133265272811838,8.678207537428622e-05,0.0025577221610799204,0.00010051200096769347,0.17715368841955734,0.0003395745662672676,0.007739015655539062,0.008458957437955729,0.14843924454621996,0.2957625001182684,0.02515308027747357,6.018464530671081e-05,3.352966465381054e-05,0.009197079867794167,0.019781851538056096,0.0001981393556567695,0.0007772349442026694,0.0002225816905194211,0.03147719214197715,4.25750532377479e-05,1.2000787851184167e-05,4.104676576615992e-05,0.005912925067458645,0.0023756540854499176,0.022744274405247997
40,0.3878713940393635,5.17523002695706e-05,0.0014298303462822056,8.277169121865478e-05,0.2716052471438389,5.0306493497627985e-05,0.006317875996172242,0.0014111970588162256,0.05910947814573375,0.09850677801276818,0.06041664952497595,3.4376993495341704e-05,1.1596101097622975e-05,0.03689077059657583,0.009596511113411334,4.3125381596843986e-05,0.00043525129757396563,0.00012516328989349102,0.008938460874980583,3.654665965550954e-05,3.368894544423151e-06,1.4638784990539477e-05,0.004446363800654441,0.0007900078321872785,0.05178053762640603
41,0.26195075429391473,6.533625904072023e-05,0.0006331430372838707,0.00014895390113775243,0.2601722525224583,8.110806335804307e-05,0.001897370590062384,0.0033634184312691553,0.1656094525132974,0.17688434351584592,0.07115697287983222,9.22544194100184e-06,1.6929521852228253e-05,0.010974136739901483,0.013048253837084673,6.100898247080837e-05,0.00012357911682620048,0.00018468027964506882,0.016496472382825113,3.594010394609572e-05,1.0201672172232366e-06,7.14766188226671e-06,0.0026110574974154608,0.0002729003778993824,0.014194541881592474
42,0.29105114554448613,0.00016649236622688347,0.002209368335994122,0.00017028496134226782,0.11235146146311528,0.0001977385549918979,0.0037731327305797384,0.01337154012896351,0.1996234033156108,0.2629441951690343,0.03132738263770062,3.3183659197621e-05,2.5382837571729792e-05,0.0032404345122562296,0.014802870685571613,0.0001593929054119529,0.0005527705077214795,0.00010983897173062103,0.045982127973475555,2.040372609678046e-05,3.084521878823258e-06,8.067117092178259e-05,0.0016459934149546992,0.0008226959109742181,0.015335003994191312
43,0.1746185514070027,2.3196003609938875e-05,0.0010629097571038162,7.46346866524463e-05,0.11359355888743121,0.00020244877281473697,0.005541707559441861,0.004431688755264271,0.1092702073600482,0.5311874686230666,0.017014347917468878,2.0670059075063455e-05,2.4070529907038352e-05,0.0037082617072365025,0.007570128743327637,7.906071299569885e-05,0.00043805626833598763,0.00010947240698250602,0.013563171919530168,3.5171551069643394e-05,4.071798383845337e-06,1.7482445223442935e-05,0.0038591478107690043,0.0014975707959745898,0.012052943521284307
44,0.3267572832739057,3.804037594137639e-05,0.0008781792126248817,0.00010001126032466437,0.15995586129234668,9.893926782421907e-05,0.006983789307586316,0.003106837149231804,0.10222762397034296,0.27898029885350933,0.04439746998496792,2.35260152738175e-05,1.7456495719111383e-05,0.014728904261121719,0.010910219174176753,5.849518577893855e-05,0.0004129810754278443,0.00014322732180338632,0.011788512669344955,3.547867932832497e-05,2.3552509406558924e-06,1.573212449328647e-05,0.004756706666635729,0.001099953660392435,0.032482117470957035
45,0.32016905193218353,3.7255104634038204e-05,0.0009020120704663703,0.0001054022189072923,0.12958078338285584,0.00012455944615129944,0.009314105637953627,0.006009069833506499,0.11066084091529953,0.31651315608420094,0.03885465714349959,2.843719466123987e-05,2.642370640419955e-05,0.011653163869603392,0.012400884038857286,8.994199575203578e-05,0.0004759346899043707,0.00019069726342728008,0.014973668419761416,3.562647847761949e-05,2.484306482197862e-06,2.092415159319814e-05,0.003847556088114005,0.0014197324999761255,0.02256363152732698
46,0.5017621921890805,1.0582231364684287e-05,0.0008162547846009635,9.328652876498383e-05,0.05789653295824367,6.241853307739756e-05,0.00768384144491173,0.0034473691722442857,0.04287692823070629,0.3367535228653863,0.014409029863513416,2.276312110783262e-05,2.9735499159664176e-05,0.003651091280389418,0.0015489940784622425,5.486963838321065e-05,0.001370364451580053,5.345691672410388e-05,0.00954625361556971,2.2651540141234715e-05,1.5296472669789514e-06,2.6167841116287662e-05,0.0015311441840711222,0.0014419647493781724,0.014887054634755668
47,0.6087463668805052,1.789703686200016e-05,0.0009347492369933868,8.595747861373346e-05,0.06727806937565767,5.6458978989057654e-05,0.007393017104757477,0.0038425566612456294,0.04872682447505551,0.20726561236234928,0.014591335586551443,1.9578417659975193e-05,3.101554252005118e-05,0.006215887196848126,0.0026922377968672173,8.585814304112971e-05,0.0006133292045495767,6.855735725783176e-05,0.016190244500476438,1.528796779217617e-05,1.2926255093030328e-06,1.8033023725540072e-05,0.001533804146189033,0.0015450426027588233,0.012030986297224518
48,0.4499566008751625,2.9327913776496793e-05,0.0006290234844264443,5.113441608977248e-05,0.0828135476357054,0.00011802581467246188,0.007069611065659849,0.003925869213325033,0.0674530674661987,0.3181993755293275,0.009783399367119106,1.2185152490238508e-05,3.161258392452773e-05,0.004589989389983585,0.0035830664003732096,6.326765546325273e-05,0.0007674299262393846,0.0001226844592518342,0.02857759515400299,1.864452386523586e-05,1.1442737105783477e-06,2.0488613141634054e-05,0.002161067898270401,0.0029351431831057145,0.017086698004714282
49,0.24660309814370748,5.1264135385541e-05,0.001359848242565975,0.00011142859691373471,0.1587388708532035,0.0001546900432524668,0.007673295373836364,0.004477884271040114,0.11974665390764531,0.3527455630860181,0.03741150424122314,3.9524224369401235e-05,2.0474402937155637e-05,0.009353146345415135,0.011504415680859047,7.584428375674344e-05,0.0004951009552124185,0.00011355952176478553,0.01387288359207058,3.785082670768864e-05,3.319391441538059e-06,3.110905311667693e-05,0.00379421575422714,0.0011947623467116499,0.030389692726618386
50,0.4786963434376892,7.1760253926905015e-06,0.0005030173117974351,6.97112851882269e-05,0.08251777193303356,3.603062283782878e-05,0.011693727060018793,0.0026294250397341287,0.04969309163928692,0.3012343064778505,0.026665975942654095,1.2618935376025294e-05,2.201431738984973e-05,0.01109638254909692,0.0027495468655976143,3.453290040107316e-05,0.0005181806364137188,8.146573548494265e-05,0.005623662570773296,2.8351776588713007e-05,7.684194719492556e-07,7.27480440159092e-06,0.0026283554152806816,0.0013399561671972868,0.0221103121310432
51,0.16527119755057462,0.0009003615717710841,0.0007996647560013485,0.0005634741949375609,0.09805804034573476,0.00016961560901520623,0.0018559134490161967,0.00867192032001154,0.18987244922531493,0.1629256305189952,0.1783887229875241,5.237726115479286e-05,7.154720414958872e-06,0.012996808975091688,0.10031168392314276,5.881748276164646e-05,0.00018211633611717775,0.00020663867415931877,0.015702153420611854,2.4877287385062405e-05,3.1734056353345477e-06,0.00013671349479275283,0.003338851609324974,0.00023034467319662304,0.059271298207314534
52,0.13818959833652902,1.625254150945694e-05,0.00026859614785560354,0.00010871130748575628,0.07406084590866575,0.00016217276434486066,0.002026245913939928,0.004202680608483601,0.08087746427424891,0.6178407223790682,0.04155704778965795,1.1396029036919029e-05,2.002972096407102e-05,0.005864343422480699,0.012079883749310828,4.6998265528097034e-05,0.00014679166140667873,0.00027832811420883217,0.011881659766604474,4.238910718583848e-05,1.0840356003546488e-06,7.826818872530369e-06,0.0024666592377858795,0.000507947503051836,0.007334324596173831
53,0.4622131872920285,9.942935315652193e-05,0.0008044411546033229,7.918981478880121e-05,0.11504186041196633,0.00011322353495223871,0.0021379762772193232,0.004126238820200756,0.10103890697966643,0.21528262904063716,0.02010863409866794,1.287123477762127e-05,1.775969768028567e-05,0.005388045835184311,0.007942440456046432,5.559748492074994e-05,0.00034330233599086493,0.00010175175366153378,0.04348074640777154,1.3867494881683377e-05,1.0208817232669339e-06,2.591854303318963e-05,0.0013957392985905882,0.0009017954577243593,0.01927342634012616
54,0.3272495954594125,0.00017263412978901966,0.0004913202162491214,0.00011590951405170554,0.1485365236688168,0.0001245594077859634,0.00739159703840312,0.0025877364716313488,0.135004129062223,0.16101816728820925,0.04755535392087329,2.5832821294023773e-05,6.5503319600848e-06,0.022202492485012743,0.02363532928991948,3.877861981885269e-05,0.0003216394555787029,0.00012652400492088963,0.015006920084362857,1.4952835950777677e-05,1.6299717664484636e-06,4.030737092313622e-05,0.004529968069572905,0.000944701965568009,0.10285684651590597
55,0.29301458261155255,3.4118975058351e-05,0.0008275370541439098,0.00010744106030816801,0.16955659690885777,0.00013018298349981307,0.014003719479046514,0.007390983374859529,0.13706991586641076,0.25465729862100195,0.03597416444415707,6.929105877853264e-05,3.347214645779415e-05,0.020661694574821046,0.011719960223037958,9.822860521569117e-05,0.0005538656003067297,0.00021502706828645406,0.010733300592846984,4.38154577850492e-05,2.613799710145689e-06,2.3481887423655242e-05,0.00441303773023913,0.0015968488702652992,0.03706882100592908
56,0.3345047638845893,3.529753106264388e-05,0.0008768996621645166,0.00010208845628932664,0.15220108690801565,0.0001016977684141185,0.007063291862038741,0.00337277952491232,0.09962265233302536,0.2894913289913175,0.04124260592888907,2.315194071203371e-05,2.0765525747892065e-05,0.013694900568115708,0.00984496356020814,6.3047310121534e-05,0.0004297477778476995,0.00015024883089204773,0.012340199548397147,3.730792481297001e-05,2.272386000251526e-06,1.5364998888614016e-05,0.004531364444125847,0.0011757891426800416,0.029056383190731595
57,0.2547126150073451,3.733876147588899e-05,0.002074008251975892,8.935792378484261e-05,0.204566774108878,0.0001260043632623655,0.007465095904265129,0.004029678991704148,0.1146923284353977,0.318099350687658,0.03310455922195333,3.927762994312978e-05,2.708372615438599e-05,0.009022095644789278,0.0075526044497847816,8.336676085527622e-05,0.0005629122762604626,9.885610747501568e-05,0.013424930531524758,4.757795528407235e-05,3.7230629853716597e-06,2.212020932221655e-05,0.0036343048230624265,0.0012526709220446173,0.025231364242813793
58,0.33361123889156236,3.350090389939301e-05,0.0008704951685660954,8.598409823145851e-05,0.1439302035168043,0.00011606493507094748,0.007829102683537354,0.0032010432810829904,0.09031696234381474,0.31629682260717906,0.03061276843597349,2.3724348262960705e-05,2.260622931562571e-05,0.01355103558486968,0.008966996694710759,6.515264510740009e-05,0.0004941406850934442,0.00015818705103374834,0.013666199594815796,3.6545250921520124e-05,2.5020555845850854e-06,1.5793520688596087e-05,0.0050575374353754735,0.0017395260022488427,0.02929586603624917
59,0.32906929584289124,3.335111501849778e-05,0.0010851000447120846,8.905072488727081e-05,0.1550751057456898,0.00010905166681137091,0.007924436653153889,0.003262426301032314,0.09112423070316385,0.30713057670342153,0.03339289858844525,2.557469435312056e-05,2.3158122300759442e-05,0.013508356676038783,0.00890214243180633,6.822039355854977e-05,0.0005089788099610225,0.00014557015952865375,0.01293241716000209,4.028567869803384e-05,2.858857355451895e-06,1.5844543612977908e-05,0.005065758012655765,0.001627315426229658,0.02883799494467151
60,0.3267572832739057,3.804037594137639e-05,0.0008781792126248817,0.00010001126032466437,0.15995586129234668,9.893926782421907e-05,0.006983789307586316,0.003106837149231804,0.10222762397034296,0.27898029885350933,0.04439746998496792,2.35260152738175e-05,1.7456495719111383e-05,0.014728904261121719,0.010910219174176753,5.849518577893855e-05,0.0004129810754278443,0.00014322732180338632,0.011788512669344955,3.547867932832497e-05,2.3552509406558924e-06,1.573212449328647e-05,0.004756706666635729,0.001099953660392435,0.032482117470957035
61,0.33318251633100876,3.469103173549487e-05,0.001048829325980017,8.72259726045865e-05,0.15881360194427885,0.00010558988372306687,0.007562431549833524,0.0030513571168126236,0.09529892606641344,0.29183201733082603,0.03529163141018652,2.443632747164836e-05,2.0666593698602323e-05,0.013778285571482172,0.009227054711612424,6.395228470849728e-05,0.00048383319641118276,0.00013889365756669244,0.012803699044991304,3.7391106595755384e-05,2.7498279053413283e-06,1.5515384126043493e-05,0.005063882037717832,0.0014675012873259683,0.03056332100498356
62,0.3267572832739057,3.804037594137639e-05,0.0008781792126248817,0.00010001126032466437,0.15995586129234668,9.893926782421907e-05,0.006983789307586316,0.003106837149231804,0.10222762397034296,0.27898029885350933,0.04439746998496792,2.35260152738175e-05,1.7456495719111383e-05,0.014728904261121719,0.010910219174176753,5.849518577893855e-05,0.0004129810754278443,0.00014322732180338632,0.011788512669344955,3.547867932832497e-05,2.3552509406558924e-06,1.573212449328647e-05,0.004756706666635729,0.001099953660392435,0.032482117470957035
63,0.3228547095444609,5.4141096081280026e-05,0.0008323213346827007,0.00010266644905070559,0.1636301767476364,0.0001102079718682915,0.0061864653394520285,0.0031101487353923634,0.11396313050074962,0.2601235422498087,0.04550949639532356,2.2191284115013066e-05,1.5987763546373387e-05,0.014200990396812017,0.013043594261902132,5.6917373111510896e-05,0.0003868508843760168,0.0001518972788701535,0.013846237129168952,3.2334314210402494e-05,2.3192828546602205e-06,1.8322819861956064e-05,0.0047766921499332975,0.0010389205293985517,0.035929738167332276
64,0.30338942210391545,4.082987287695507e-05,0.001317586055067753,0.00010114312406705759,0.17392186072386984,0.00011832797102126941,0.007064128768136929,0.003085760865599605,0.10147191487345049,0.2867758044167771,0.04376653132473221,3.135238045241255e-05,1.905218431349886e-05,0.015171987017813332,0.012151100613085294,7.261875152456745e-05,0.0004823052886323623,0.0001417056660241197,0.011841590826896613,4.2433511098086046e-05,4.331616876338868e-06,1.7449445484897484e-05,0.006030311560794692,0.001285765483126954,0.031654685554362245
65,0.14427155254205834,0.0002690079865040101,0.0011942399130323476,9.866561747151014e-05,0.27674229036979775,0.0004447759192725294,0.008622087151743089,0.0015509194775434076,0.12268515776267895,0.16590197263173118,0.02756419683723752,4.3880910193489846e-05,1.0256895252750398e-05,0.030813066619467987,0.03425178665491404,7.363354447107439e-05,0.0006808330115979766,0.0003606373100102012,0.01873790250317555,4.900003097718432e-05,1.7710103252406403e-05,4.0783099554851246e-05,0.025922105417938688,0.0033403652127596537,0.1363131724773635
66,0.38920889046327034,4.429645316479663e-06,0.0012727403571274444,6.282410089251607e-05,0.23117373089577983,4.711299463927985e-05,0.009290230293267109,0.0014728652305929576,0.0566761774177668,0.26742386573093435,0.016657251968927183,7.115762579493265e-06,3.95329675656939e-05,0.0053809412451839836,0.0008544420818585302,5.99342883387751e-05,0.0004892069002295524,5.873005769124576e-05,0.0082043726927442,4.6424560478878676e-05,1.089458214977111e-06,3.452528377455665e-06,0.00205817296678032,0.0010020117508885275,0.008504453640553937
67,0.16748393027817263,0.00014681506561293022,0.0010844112854075654,0.00012534261426020907,0.17180338614495302,0.0004746578792241299,0.01231944269059187,0.0020438268087081862,0.09819051505168194,0.26877400741277424,0.04048627415071612,6.0091488394382965e-05,1.4182640554672088e-05,0.033365533296924106,0.03194451730917684,9.052675772366357e-05,0.0009568257688396596,0.0004065634267561559,0.01719085459020893,5.96153800087799e-05,1.4465447430664673e-05,4.642297695879186e-05,0.024981431163275062,0.0037527022695609735,0.12418365810208447
68,0.14447751782556423,4.506837231583882e-05,0.0011337078580765374,9.511881113238961e-05,0.16953648694572968,0.00028314292638186126,0.01181657298889553,0.006171310056295266,0.1066889817956556,0.40904841421664584,0.04467668839715942,7.975905487926332e-05,2.1422715521887955e-05,0.01758383661847002,0.028646411992919042,8.129436578519788e-05,0.0005555914416469203,0.0002733619860627507,0.008965689579049332,7.086284527826402e-05,9.581982018189141e-06,2.8925220717154197e-05,0.008330029196830097,0.0019353554988592754,0.03944486730811035
69,0.19300023666850127,3.049133366038423e-05,0.0007850321176847217,9.725758395036944e-05,0.15598613253205168,7.68309147983036e-05,0.004888483299737604,0.002731086813394499,0.13072448422705332,0.3240894154398992,0.10226458067325428,2.4788703296956318e-05,9.453843546643805e-06,0.012928122542290813,0.02054859449180699,3.0467444417186786e-05,0.00030237651002343763,0.0001302564084739805,0.004916870849519545,4.9014314308447855e-05,3.2893004765747246e-06,1.3200625965757209e-05,0.006723148031038668,0.00043134015832803346,0.03921504517252137
70,0.1303889442916642,3.1672037934777164e-05,0.0014628663100238754,0.00019124793889707914,0.20402257529848997,0.0001479844648761197,0.005952122112814253,0.003363227193895352,0.16553221452973216,0.36210532419399344,0.0733747289820768,2.5798511817680878e-05,1.4899419448476976e-05,0.008851870296332826,0.012207333375233527,8.04770906326247e-05,0.0001844876375520629,8.248799029593217e-05,0.006743944848436756,5.326274503754453e-05,3.049612450844789e-06,1.1862643466312108e-05,0.004508144098801216,0.0003819879329023959,0.020277486443193778
71,0.2753852461198447,0.0002069125499637851,0.0014981949426328403,0.00016468824019099626,0.17113346463487264,0.0001588239554191495,0.0022139548476082026,0.0034086224025943273,0.1124012947977838,0.19911856476665948,0.0938704396171819,3.933113173484814e-05,1.3272146776085746e-05,0.022713932062722614,0.042623005017548045,8.714014517227266e-05,0.00033856401102942105,0.0002840746338153553,0.026281535529737603,3.8706837882694276e-05,6.0456769392535685e-06,3.191147229065395e-05,0.00705703963986166,0.0007619113020672036,0.04016332351767043
72,0.3256031057408629,2.2108070958144006e-05,0.001093652600187338,0.00010562013587028008,0.18247502968364201,0.00013932101727969265,0.014710389752141973,0.004989667614090037,0.09296631714834795,0.28920027797052955,0.028202218823760113,2.9657747331615565e-05,3.763761051535171e-05,0.013830467439763162,0.007011674031567406,0.0001306490898669111,0.0005761052771222034,0.00019942205249126244,0.014251293252188654,4.5872631472620014e-05,3.00792166540505e-06,1.4542285183579733e-05,0.004105861852116264,0.001911292329957631,0.01834480792108799
73,0.2396412173242278,1.825523316890245e-05,0.0011254891393646708,8.840072393744513e-05,0.1393896250267145,4.215862620467852e-05,0.005052832642462906,0.002445323548041314,0.1497853743459105,0.33198385343785863,0.062037084964354075,2.0536331235538744e-05,8.626002241132598e-06,0.007910957269744525,0.007860383923318318,2.1833611418991418e-05,0.0003035309487179985,3.4322439024077456e-05,0.003029453336286957,3.5705741274490505e-05,2.0954298998357763e-06,9.761523411907215e-06,0.004927411164632399,0.00039856789998325834,0.04382719936656517
