,0,1,2,3,4,5,6,7,8,9,10,11,12,13,14,15,16,17,18,19,20,21,22,23,24
0,9.636136675558824e-07,2.4224328747874766e-10,6.526838328993016e-07,0.0027876068361200744,8.660265318720035e-08,0.00026260941928326503,1.3836830586169866e-06,5.066857325981419e-06,0.00022719148673086022,2.0656156706396997e-06,9.922882244388362e-06,1.720115412947586e-10,6.31906513659856e-07,0.0002585292618247273,1.1465962386633031e-05,8.91329137389081e-06,3.872896659746292e-05,1.754149887697873e-06,3.026581123662651e-09,0.0013914107566611344,7.364021526442288e-07,8.022902279596602e-07,0.9896959271077438,0.005289491242616085,4.055540590925446e-06
1,1.1555008645383643e-06,3.0411468072558144e-10,7.761172232303214e-07,0.0032900756219918182,1.076388124961269e-07,0.00027968339625871386,1.4937428406436486e-06,6.0536755721737485e-06,0.00030302856095158537,2.473665676877898e-06,1.1859319379486743e-05,2.073001668463428e-10,7.94016257971733e-07,0.0002790501517653794,1.211953572461036e-05,1.1345137368586028e-05,4.791737985917644e-05,1.940515169467854e-06,3.495181507144044e-09,0.0014386552832964573,7.355735104656684e-07,9.066103056670387e-07,0.9880129158576217,0.006292823933249447,4.0847597027779184e-06
2,9.169618267987344e-07,2.1597123392216254e-10,6.756709136222717e-07,0.002398086118813546,9.528546569070034e-08,0.00021729147485503213,1.3266453799727158e-06,5.160083225033631e-06,0.00023118063146149384,2.225013192255137e-06,8.349388274929443e-06,1.4573520865089163e-10,5.213572713232927e-07,0.00026921198009402416,1.1499497218582233e-05,7.110854424227575e-06,2.9732902935885155e-05,1.6543921066295972e-06,3.2381782965724828e-09,0.001714161700834468,7.451789613437236e-07,9.86039749586118e-07,0.989983772821869,0.005110625104026683,4.667297215267853e-06
3,9.807146775631996e-07,2.434785934617902e-10,6.430898499343731e-07,0.002809073522594559,8.721534233759136e-08,0.000252442122957205,1.3728473406554548e-06,5.018358606562363e-06,0.00022938772061861,2.028044990424706e-06,1.0016117959029428e-05,1.6801845099313406e-10,6.231597854731634e-07,0.0002570853635826482,1.1411210287243442e-05,8.749683181050711e-06,3.8653775090991204e-05,1.7360974203662509e-06,2.958320836880987e-09,0.0013272625195249758,7.211437465898558e-07,7.86796933894618e-07,0.9897238482640948,0.005314003936289247,4.064925308168759e-06
4,1.0046341388229489e-06,2.7947642946335274e-10,6.446950012380961e-07,0.0028856283167248346,9.612185464003313e-08,0.00026106043493952144,1.3625243728696377e-06,5.0794493703558734e-06,0.00023696525997281157,2.0396390002318235e-06,1.0655565566595649e-05,1.9934767127607587e-10,7.188305081185615e-07,0.00027171042279648596,1.0855473784930314e-05,9.200976439830738e-06,4.059764575559194e-05,1.8445287450859381e-06,3.145879418765032e-09,0.0013262925299454686,7.563171083558075e-07,7.675257563352113e-07,0.9899487065385438,0.004979857569852854,4.151375117606321e-06
5,1.0928797540142958e-06,2.0782071320233934e-10,6.60506552861892e-07,0.0031366870429480878,8.30514834120118e-08,0.0002242523407178264,1.3899974948177271e-06,5.241560881389049e-06,0.00022936895937724434,2.230538334386867e-06,9.761653894512739e-06,1.6427841092828506e-10,6.03533711051274e-07,0.0002645544913609019,1.0310602745917611e-05,8.757415020593271e-06,3.863485812023991e-05,2.1240261139262734e-06,2.690914552368879e-09,0.001488009217080764,7.27469647782716e-07,7.923510878014167e-07,0.988318078007319,0.006252416452169125,4.219981170494273e-06
6,9.807146775631996e-07,2.434785934617902e-10,6.430898499343731e-07,0.002809073522594559,8.721534233759136e-08,0.000252442122957205,1.3728473406554548e-06,5.018358606562363e-06,0.00022938772061861,2.028044990424706e-06,1.0016117959029428e-05,1.6801845099313406e-10,6.231597854731634e-07,0.0002570853635826482,1.1411210287243442e-05,8.749683181050711e-06,3.8653775090991204e-05,1.7360974203662509e-06,2.958320836880987e-09,0.0013272625195249758,7.211437465898558e-07,7.86796933894618e-07,0.9897238482640948,0.005314003936289247,4.064925308168759e-06
7,1.1720713626512487e-06,2.8281761456022124e-10,8.163919531671853e-07,0.0031349207478150055,9.888876967151578e-08,0.00026849541898885435,1.4748961078814534e-06,5.952979744664108e-06,0.0002479019077255502,2.1996948467586925e-06,1.2046794267824391e-05,1.8445450253831378e-10,7.976260626499574e-07,0.00025759174623191106,1.2431540736413096e-05,9.597984799591745e-06,4.4187887653875156e-05,1.8332682436157455e-06,3.6439895063308436e-09,0.001415450382613228,7.566943715830258e-07,8.408685836092876e-07,0.988587437604816,0.005990023159914387,3.967333129458577e-06
8,6.289083463199137e-07,5.59662817810724e-10,2.518203550326439e-07,0.00120960944003397,8.467684475499254e-08,0.0005293168426969967,1.473857518015008e-06,6.634635524433168e-06,0.00014611295907233655,5.202816649272689e-07,8.475205063232477e-06,9.247042933418253e-10,2.5363122125874563e-06,0.0001084521244364988,4.740064466361844e-06,2.1167192356985875e-05,8.689406916479711e-05,1.5678003998648934e-06,6.825423885548579e-09,0.0008709041348142482,6.032047500760226e-07,3.2608827293158717e-07,0.996610341350787,0.0003871314245310336,2.2192968964950114e-06
9,5.896996776874847e-07,5.159968774156942e-10,1.5057893825755847e-07,0.0010056057029726422,8.911994879631196e-08,0.0002768227581375114,3.0976154604356248e-06,3.7692701112071798e-06,0.00016693104938020995,6.39159798281863e-07,5.851061289941267e-06,4.6384216986767186e-10,8.063749726859204e-07,0.00013295808364163135,7.530980654077601e-06,1.2051191900764946e-05,3.856476127656233e-05,1.639588394201015e-06,3.964766538681953e-09,0.000588331298067211,6.174978975461589e-07,4.0480832180776263e-07,0.9972115564882179,0.0005348667884374251,7.121177897603312e-06
10,9.807146775631996e-07,2.434785934617902e-10,6.430898499343731e-07,0.002809073522594559,8.721534233759136e-08,0.000252442122957205,1.3728473406554548e-06,5.018358606562363e-06,0.00022938772061861,2.028044990424706e-06,1.0016117959029428e-05,1.6801845099313406e-10,6.231597854731634e-07,0.0002570853635826482,1.1411210287243442e-05,8.749683181050711e-06,3.8653775090991204e-05,1.7360974203662509e-06,2.958320836880987e-09,0.0013272625195249758,7.211437465898558e-07,7.86796933894618e-07,0.9897238482640948,0.005314003936289247,4.064925308168759e-06
11,1.0184814080489333e-06,2.6380571962483373e-10,6.753712503635008e-07,0.0029218022932181757,9.130329879300012e-08,0.00026402251810607165,1.403191371779255e-06,5.364132871182179e-06,0.00023497995643293745,2.0796250639287436e-06,1.0469690512460994e-05,1.86571819488982e-10,6.947065713014396e-07,0.0002609062416130321,1.14784922245127e-05,9.358282535607105e-06,4.15235542828618e-05,1.80871019959593e-06,3.1872328410628533e-09,0.0013469982274325236,7.483667324524319e-07,8.025973697569831e-07,0.9896539736874205,0.005225727121724127,4.069810749587686e-06
12,1.5032353371479595e-06,2.5556237547479736e-10,1.195149034270667e-06,0.005611530296976262,7.942027803217514e-08,0.00033004392063020756,1.878439516944914e-06,1.1169239302097236e-05,0.00037068627896076536,3.5570508870389458e-06,1.4483497413786135e-05,1.6226924462617206e-10,9.612386943495402e-07,0.0002640593171617552,1.760502229506529e-05,1.4994779674270346e-05,8.768366317494251e-05,1.8750319472777105e-06,3.974987875848753e-09,0.0014459015381159907,7.346925523379885e-07,1.3815817170204837e-06,0.980755875050884,0.011059496854370491,3.3003082567180496e-06
13,9.754058630967322e-07,2.4394693479179405e-10,6.351104408495664e-07,0.002804775712222165,8.79444002146692e-08,0.0002482892824901094,1.3456461834128777e-06,4.922562717088782e-06,0.00022767682404764268,1.979942888659172e-06,1.0192908264312427e-05,1.6684867959580376e-10,6.266539291747679e-07,0.00025488621530567716,1.1292735787812112e-05,8.63361960883732e-06,3.80362454796743e-05,1.7016176944932785e-06,2.9436440077315054e-09,0.0012931326793906483,7.161499605055331e-07,7.627599191735594e-07,0.9898138168741436,0.0052715254758659005,3.984278957289707e-06
14,1.0300486739515902e-06,3.535490023481278e-10,6.409338034953781e-07,0.002360343264393295,1.0668806048687168e-07,0.0003246771476913325,1.4675669990151257e-06,4.272242597161667e-06,0.00021532630434194382,1.9528810598651975e-06,1.2668331841877905e-05,2.3234644844085164e-10,7.951291886109147e-07,0.0002852131955790947,1.2458098464330802e-05,9.73702452873831e-06,3.830537742408674e-05,1.7842683872761713e-06,3.9520147376225195e-09,0.001349247403419168,7.855680249961306e-07,7.532468127461177e-07,0.9906436044302147,0.004730444224886462,4.38208569721587e-06
15,9.807146775631996e-07,2.434785934617902e-10,6.430898499343731e-07,0.002809073522594559,8.721534233759136e-08,0.000252442122957205,1.3728473406554548e-06,5.018358606562363e-06,0.00022938772061861,2.028044990424706e-06,1.0016117959029428e-05,1.6801845099313406e-10,6.231597854731634e-07,0.0002570853635826482,1.1411210287243442e-05,8.749683181050711e-06,3.8653775090991204e-05,1.7360974203662509e-06,2.958320836880987e-09,0.0013272625195249758,7.211437465898558e-07,7.86796933894618e-07,0.9897238482640948,0.005314003936289247,4.064925308168759e-06
16,9.741505493098087e-07,2.2460267566795647e-10,5.913149420775093e-07,0.0028297844193613574,8.252093786258811e-08,0.0002393167461040029,1.4597544331950367e-06,4.806867456400438e-06,0.00021026981197683724,2.200638229074807e-06,9.270782479016337e-06,1.7259770191905762e-10,5.649570331724349e-07,0.00027306869326546647,1.0836965662920794e-05,8.573996289693654e-06,3.685772638211337e-05,2.0121909978709195e-06,2.7177644623251294e-09,0.0014245306942770187,8.032108584076295e-07,7.97298837291411e-07,0.9896587729252029,0.005279844877343056,4.576342416163901e-06
17,1.2420017895030202e-06,5.39817572783937e-10,1.918299153302613e-06,0.006361821048715594,2.046792228230883e-07,0.0007786914362841421,2.5870835264006795e-06,6.959368653227616e-06,0.0007382859873300533,5.566820044114914e-06,2.803661762776306e-05,1.1309503089956326e-10,1.0031408391165812e-06,0.0003395155567609279,4.509213761802303e-05,2.364421130314981e-05,5.702829683740324e-05,8.467004902660411e-07,5.634306603676525e-09,0.0011987501516709934,7.993134306228177e-07,1.3557665597812195e-06,0.9698347677205497,0.020568748521902776,3.1288524709516034e-06
18,9.281604417025072e-07,2.3572526692555277e-10,8.65912378850626e-07,0.0037115103203082048,1.0914384088313457e-07,0.0002643953400084033,1.2617915243150205e-06,4.839459421665355e-06,0.00024220823787301818,2.0160143802915055e-06,1.360296096450863e-05,1.3732241990037434e-10,6.94804223328638e-07,0.0002476403276798971,1.3741177038048519e-05,9.523827918020702e-06,3.5558202563207026e-05,1.292652228848988e-06,3.0231813020240323e-09,0.0011857954229140602,7.347383857503397e-07,6.765631908760842e-07,0.987091961901775,0.007167759150619514,2.8804940926472377e-06
19,1.0731397201886972e-06,2.665638750670042e-10,7.903451171931317e-07,0.0033135946905381727,1.0517576403462516e-07,0.00026245419827163947,1.5885709427866628e-06,6.2768444314010215e-06,0.000256471929905658,2.397050089539874e-06,1.0513296206532327e-05,2.0724080969728745e-10,7.891890577845807e-07,0.0002763533596865647,1.1472983714980394e-05,1.0218687195268676e-05,4.240217954258676e-05,2.071414798073005e-06,3.5315924306940944e-09,0.0016398869645680224,8.289755783376734e-07,9.098727447167902e-07,0.9885686145896659,0.0055867863823902434,4.396154673080399e-06
20,8.301312263558582e-07,2.370645540570096e-10,6.864116472449456e-07,0.0028278879838312555,8.679397096047902e-08,0.0002497573942289611,1.564959663558779e-06,5.436841984677513e-06,0.00022302929139772224,2.1204318148211697e-06,9.778304268186166e-06,1.3982309384006574e-10,5.557508758880842e-07,0.00024446817086520395,1.4912901249178157e-05,8.012994036270792e-06,3.4574410324851826e-05,1.3480207484287375e-06,3.182369383973981e-09,0.0012820335034513931,8.225797550623031e-07,9.453139802949413e-07,0.9897749369893162,0.005312057228014512,4.150034091815854e-06
21,1.1326605311754119e-06,2.7030156448978536e-10,6.996628037019911e-07,0.0031633580723046148,1.1083204099041047e-07,0.0002427886763019855,1.3272075294186681e-06,4.801682949766876e-06,0.000235394879756754,2.5409348816280896e-06,1.1610609262417629e-05,2.0190556665608202e-10,6.574645886715254e-07,0.0003126320362453199,1.0787325172261144e-05,9.296370336163439e-06,3.6873150848720035e-05,2.1787822315168733e-06,3.083399836070699e-09,0.0015299201824254803,8.947750424826358e-07,8.159984499755139e-07,0.988235026181136,0.006192718885932577,4.430073621805563e-06
22,1.182686716002985e-06,2.2835592380900276e-10,7.836859134255529e-07,0.0035865473502338877,8.26272816511148e-08,0.00026831733750672755,1.3559135884262712e-06,6.0165823021643164e-06,0.00022510779171859007,2.537891485703925e-06,1.1453797732550516e-05,1.7352364154595398e-10,6.585852913048596e-07,0.00026907976348334407,1.216149129388751e-05,1.029040283462083e-05,4.812332557124708e-05,2.0244879869384732e-06,3.05133532161164e-09,0.0014343795582038173,8.331723350396135e-07,8.635758048630262e-07,0.9872874356167268,0.006827157000254423,3.60390251992335e-06
23,9.807146775631996e-07,2.434785934617902e-10,6.430898499343731e-07,0.002809073522594559,8.721534233759136e-08,0.000252442122957205,1.3728473406554548e-06,5.018358606562363e-06,0.00022938772061861,2.028044990424706e-06,1.0016117959029428e-05,1.6801845099313406e-10,6.231597854731634e-07,0.0002570853635826482,1.1411210287243442e-05,8.749683181050711e-06,3.8653775090991204e-05,1.7360974203662509e-06,2.958320836880987e-09,0.0013272625195249758,7.211437465898558e-07,7.86796933894618e-07,0.9897238482640948,0.005314003936289247,4.064925308168759e-06
24,9.340578165410817e-07,2.325834095212023e-10,5.913502802957589e-07,0.003096881328770667,1.0015927273832308e-07,0.00022132468333293322,1.267010517279257e-06,4.925661541220948e-06,0.00022342955119042745,2.0100667688306316e-06,9.991582085269375e-06,1.921766285248438e-10,6.963484632417244e-07,0.0002732523141323816,9.395924011934094e-06,9.632777925513527e-06,3.5159837719181025e-05,1.8855854405728923e-06,2.914709320848124e-09,0.0013250187835685664,7.362331637820672e-07,6.908863983629222e-07,0.9899586132376131,0.004819511386949292,3.947893568403464e-06
25,1.2067003837717324e-06,1.8682477113223276e-10,7.186649346385674e-07,0.003620769185745657,8.871578598597185e-08,0.00017629579475562547,1.4606506134729166e-06,6.809403289573626e-06,0.0002040470235198999,2.108045668866526e-06,1.1061745024964664e-05,1.606327388345489e-10,7.446857588004558e-07,0.00021852472478021802,9.993311031967233e-06,9.769750344827403e-06,3.944568538112801e-05,2.034971633128465e-06,3.2939613461478555e-09,0.001392938257283802,7.670743855665305e-07,7.313686401063527e-07,0.9887324220575282,0.005564606636635934,3.4519054549051153e-06
26,3.1784080909583454e-07,7.64272805672832e-10,1.397591143314568e-06,0.004408854371446159,3.1091103666926034e-07,0.001609724898868737,1.7499105976051847e-05,8.368267261412957e-06,4.389890504881494e-05,2.0959950162175892e-05,1.661538851051443e-05,2.2316474921430455e-09,1.9267812069726426e-06,0.0027965765779930834,6.163615650218619e-05,6.162317389725226e-05,5.8107802995036036e-05,5.7321734999005735e-06,3.5816502065443356e-08,0.006283154970687787,1.750287474916832e-05,7.552556765548675e-06,0.9836258324787066,0.0009317797842127071,2.0588626098606062e-05
27,9.30316275689838e-07,2.7285149676548067e-10,6.677680097105853e-07,0.0027402503741018732,9.712332748254523e-08,0.00026765996136586615,1.5527476164812345e-06,5.097595471425667e-06,0.00028894695182345875,2.3742262756829146e-06,9.953708590924785e-06,1.6242563096438387e-10,6.014557034970086e-07,0.0002845402517944692,1.3214112526793602e-05,8.499927014047476e-06,3.80934886630129e-05,1.6127917870376093e-06,3.0771294459303267e-09,0.0014648544786267795,7.247978214580134e-07,1.0087353388840674e-06,0.988899951812204,0.0059645983200374555,4.765543217647044e-06
28,9.807146775631996e-07,2.434785934617902e-10,6.430898499343731e-07,0.002809073522594559,8.721534233759136e-08,0.000252442122957205,1.3728473406554548e-06,5.018358606562363e-06,0.00022938772061861,2.028044990424706e-06,1.0016117959029428e-05,1.6801845099313406e-10,6.231597854731634e-07,0.0002570853635826482,1.1411210287243442e-05,8.749683181050711e-06,3.8653775090991204e-05,1.7360974203662509e-06,2.958320836880987e-09,0.0013272625195249758,7.211437465898558e-07,7.86796933894618e-07,0.9897238482640948,0.005314003936289247,4.064925308168759e-06
29,9.807146775631996e-07,2.434785934617902e-10,6.430898499343731e-07,0.002809073522594559,8.721534233759136e-08,0.000252442122957205,1.3728473406554548e-06,5.018358606562363e-06,0.00022938772061861,2.028044990424706e-06,1.0016117959029428e-05,1.6801845099313406e-10,6.231597854731634e-07,0.0002570853635826482,1.1411210287243442e-05,8.749683181050711e-06,3.8653775090991204e-05,1.7360974203662509e-06,2.958320836880987e-09,0.0013272625195249758,7.211437465898558e-07,7.86796933894618e-07,0.9897238482640948,0.005314003936289247,4.064925308168759e-06
30,9.807146775631996e-07,2.434785934617902e-10,6.430898499343731e-07,0.002809073522594559,8.721534233759136e-08,0.000252442122957205,1.3728473406554548e-06,5.018358606562363e-06,0.00022938772061861,2.028044990424706e-06,1.0016117959029428e-05,1.6801845099313406e-10,6.231597854731634e-07,0.0002570853635826482,1.1411210287243442e-05,8.749683181050711e-06,3.8653775090991204e-05,1.7360974203662509e-06,2.958320836880987e-09,0.0013272625195249758,7.211437465898558e-07,7.86796933894618e-07,0.9897238482640948,0.005314003936289247,4.064925308168759e-06
31,1.299712018937788e-06,2.2829569585650288e-10,7.973550331335474e-07,0.0027126898292869936,9.01520025232895e-08,0.00020812939392795526,1.4493539863729973e-06,6.933357771526244e-06,0.00021240888393696714,2.091924082516045e-06,8.530407754011355e-06,1.8699147965021023e-10,6.967615996149617e-07,0.00023874938227171001,9.817019738682278e-06,8.3790742424981e-06,3.9553248937263576e-05,2.4030515115588417e-06,3.708514723087498e-09,0.0017466502666910564,7.465909824775554e-07,8.762022634765791e-07,0.990043727192737,0.0047492079280669905,4.7687873548648965e-06
32,9.924990599316165e-07,2.560951920261002e-10,6.577303437060056e-07,0.0026836972929487938,9.076142434991176e-08,0.0002585954769368322,1.3869721833576425e-06,5.1099288433490586e-06,0.00022265644588710987,2.0244092810567272e-06,1.0157478733644067e-05,1.7922075202423254e-10,6.434313722973354e-07,0.00025796933493283975,1.1700656959906838e-05,8.871621442799823e-06,3.791525106911499e-05,1.7480663107318375e-06,3.2711622940606778e-09,0.0013710415531354425,7.500563924546726e-07,8.095372795410384e-07,0.9900531078143537,0.005065930514445597,4.139460185457333e-06
33,9.614100636980854e-07,2.403797253807661e-10,6.415964691590802e-07,0.0027818684443807547,8.787100223192833e-08,0.00024855720162344846,1.359608388738441e-06,4.8971817172775735e-06,0.00022796043847081627,2.0041666065287455e-06,9.962674091851507e-06,1.6212324631926308e-10,6.037198176355151e-07,0.0002550640379324039,1.150881240680027e-05,8.514873692584362e-06,3.717116507526247e-05,1.6848261524261818e-06,2.9121879279056996e-09,0.0013118477077298438,7.216349595142963e-07,7.772828463300427e-07,0.9897539744144543,0.005335775326957727,4.052290469776822e-06
34,7.10280290507056e-07,1.9617321505124558e-10,5.69305614926223e-07,0.003198103806692942,6.604572910817143e-08,0.0003194834638318459,1.7009258507761709e-06,5.204382826161033e-06,0.0002045620289236572,2.2221352044350146e-06,7.885732340795347e-06,1.7056950064437474e-10,5.842960441172226e-07,0.00025586590865256224,1.1559643035131902e-05,1.102690111864263e-05,4.4705105883156036e-05,1.803610851326107e-06,2.2889110649892597e-09,0.0014363653265444597,8.109609998997663e-07,7.918983678802288e-07,0.9898125848254342,0.004679455990495741,3.934769614203428e-06
35,4.19591401782323e-06,3.693330891505179e-10,1.0252498889695904e-06,0.004155077214905189,9.974616019037584e-08,0.00019821879582297493,2.209407217016438e-06,1.511015943616464e-05,0.00041966070995876905,3.824041044179126e-06,1.233192975869591e-05,3.6536319198440646e-10,1.1988392747302212e-06,0.0002763733434030892,9.328855377813039e-06,1.6113757658137638e-05,0.00010728155820243407,6.330864993834924e-06,5.776330940589216e-09,0.0019342391567132382,7.122564174374779e-07,1.4369164035471406e-06,0.9849919412083036,0.007836462183570321,6.821380444662106e-06
36,9.767943387108158e-07,2.416808174248725e-10,6.428040436105881e-07,0.0027930894994138027,8.784170608117322e-08,0.00024925152072949124,1.3571788795826355e-06,4.905686994665652e-06,0.00022653199966732822,2.01779463508273e-06,1.0094974905359378e-05,1.6470843415292303e-10,6.131304431628357e-07,0.0002569724580360043,1.1439950157675729e-05,8.590715222488957e-06,3.752473856053375e-05,1.7159725555193282e-06,2.9367628174501933e-09,0.0013196357546187835,7.240026119627804e-07,7.758674786294397e-07,0.9896996147877448,0.005369383380661148,4.049803443461382e-06
37,1.5089897475587985e-06,2.0225687876917178e-10,8.843933363114334e-07,0.003918394672987943,8.712188879462205e-08,0.00021490312201351367,1.39524102154848e-06,5.751051058363293e-06,0.0002317039939286944,2.685681228697645e-06,1.2562898033513833e-05,1.5638857132642788e-10,6.307354410876711e-07,0.0002878224582616812,1.1822831856253063e-05,9.223167337141164e-06,4.2465462897095737e-05,2.4983396598144597e-06,2.957551208646023e-09,0.0015784664925233868,7.727271326073149e-07,8.374869245970129e-07,0.9839516990796826,0.009719862025763339,4.018711078573264e-06
38,1.0632877100004338e-06,2.541181249096899e-10,6.783602795142444e-07,0.0029951377715444253,1.0212457960301975e-07,0.00021862968000444443,1.2880848236020305e-06,4.8606299587375185e-06,0.00027421339295291927,2.244381398035689e-06,1.0288159561363073e-05,1.5867253887555456e-10,5.911063430121366e-07,0.00029098275684819047,1.1001266379042112e-05,7.600456359623932e-06,3.58140959510522e-05,1.807862142221659e-06,2.7629764502163474e-09,0.0013835490300972218,7.094820542350899e-07,8.538607960444483e-07,0.9884491381947187,0.006304890922891149,4.551916839707556e-06
39,7.976024990626363e-07,2.0906294535719053e-10,5.889864954364711e-07,0.0027034943936709317,6.953478333300845e-08,0.00027741018757274403,1.6533890887699963e-06,5.921673724886787e-06,0.00019084023102056768,1.975121714300635e-06,7.231519722822261e-06,1.738965521634026e-10,6.060907213588011e-07,0.000227242849747685,1.0923251831063854e-05,9.362541369992075e-06,4.165065859980033e-05,1.8161619376099825e-06,2.827063739587807e-09,0.0014604447041180444,7.982047953513383e-07,8.298307119773115e-07,0.9913627837018111,0.003689166968721884,4.389185317977492e-06
40,9.807544932203412e-07,2.439295000125319e-10,6.440354913956772e-07,0.0028065841395083797,8.736913348419896e-08,0.0002527545800557167,1.3728737553781945e-06,5.0164625034648205e-06,0.00022943084080933625,2.0292169759064386e-06,1.0018897256067606e-05,1.6821000814291842e-10,6.232020141753373e-07,0.0002573935120833134,1.142537285248188e-05,8.744254441648677e-06,3.8624119549329774e-05,1.7359732693854554e-06,2.9634752500414326e-09,0.0013290076806822954,7.21953008020254e-07,7.877611991966046e-07,0.9897245076541814,0.0053134366029356315,4.0693681861865175e-06
41,9.459557063822868e-07,4.0215847437866475e-10,7.951595408070288e-07,0.0035213492168983214,1.2458172266268443e-07,0.00034789748837591285,1.3402779732310549e-06,5.1712865728209205e-06,0.0003600866137546819,2.173759269569921e-06,1.2869242388669937e-05,1.9879595621538958e-10,8.364599799749205e-07,0.00028783216142069573,1.3102467336692864e-05,1.086438756601969e-05,5.222054653842335e-05,1.3981680629481814e-06,2.950141722021279e-09,0.0010796228971422734,6.977139200323899e-07,7.893535135961472e-07,0.9885890434690076,0.0057072324595919205,3.6027826205954363e-06
42,1.2684161447586886e-06,3.3088326232929055e-10,1.2201900174954604e-06,0.0035294209521801135,1.1019404825478189e-07,0.00035550910731815865,1.8434999007479319e-06,1.078879279424839e-05,0.0002815817436604062,3.28332364353672e-06,1.1373162967483774e-05,2.5665792275186545e-10,9.500964296988852e-07,0.0002848714148493319,1.6865132360082413e-05,1.2796603800073871e-05,5.989481305832164e-05,2.0539803750536407e-06,6.262545005552808e-09,0.0021424605991053934,1.0805113873036941e-06,1.6082857314170086e-06,0.9874482457147666,0.005828458001687576,4.308613687911518e-06
43,9.894957809404492e-07,1.6769305666252643e-10,3.2122713769728167e-07,0.0018460094440121454,5.8223686379359625e-08,0.00013435821674272246,1.2561081660023131e-06,3.2145295528536067e-06,9.409456726101511e-05,3.9141508829161583e-07,8.687692752026828e-06,1.597918209399293e-10,6.982966993151348e-07,0.00011414466661451138,6.578408770818939e-06,7.31591441766739e-06,2.6762663375919723e-05,1.5272723762769996e-06,2.6494983426113075e-09,0.0004562166110706357,3.202505186315241e-07,1.7331760535864125e-07,0.9953286397783541,0.001965335817042723,2.903105990817624e-06
44,9.807146775631996e-07,2.434785934617902e-10,6.430898499343731e-07,0.002809073522594559,8.721534233759136e-08,0.000252442122957205,1.3728473406554548e-06,5.018358606562363e-06,0.00022938772061861,2.028044990424706e-06,1.0016117959029428e-05,1.6801845099313406e-10,6.231597854731634e-07,0.0002570853635826482,1.1411210287243442e-05,8.749683181050711e-06,3.8653775090991204e-05,1.7360974203662509e-06,2.958320836880987e-09,0.0013272625195249758,7.211437465898558e-07,7.86796933894618e-07,0.9897238482640948,0.005314003936289247,4.064925308168759e-06
45,9.335299555960021e-07,2.471066831196332e-10,8.824386347040196e-07,0.0036176052272275734,8.621526760601065e-08,0.0003326825191002821,1.9989274611095434e-06,6.910337665216793e-06,0.00025025743210477285,2.5754723112259873e-06,1.087240976727815e-05,1.6290033196018212e-10,7.156544286544602e-07,0.00025138564281761947,1.7254681616978556e-05,1.2038124500707641e-05,4.928370539880748e-05,1.5654176052552338e-06,3.642943731739458e-09,0.0014585928097654462,8.330072113896623e-07,1.0411333283967717e-06,0.9876189843046296,0.006359610029214291,3.886927036883453e-06
46,7.946817226485467e-07,2.5764390153577424e-10,5.099075847477127e-07,0.0014017161596990802,1.4326720419798115e-07,0.00014710888080844657,1.2886897988717484e-06,2.774749226493773e-06,0.00020545112492322936,1.6779074685872166e-06,8.40187670156941e-06,1.1529693276565534e-10,3.5003824526992115e-07,0.0002860414788753483,1.2251674695168995e-05,4.269336322556765e-06,1.3138600559660853e-05,1.2193899577471718e-06,3.56155823740554e-09,0.0014168363624023192,7.067424733022335e-07,7.873682279364445e-07,0.992445297804328,0.00404269439142599,6.535632849633043e-06
47,2.0818668128553553e-06,4.596091174331205e-10,1.0660269788812714e-06,0.0028271756397558767,1.0836543909819884e-07,0.0003485683191709631,2.205285815135806e-06,1.0260649606395797e-05,0.0003299641396497312,3.5660756624851975e-06,1.1885336239731317e-05,3.6379191766412566e-10,9.92335842701685e-07,0.0003328968821246315,1.5520419115905796e-05,1.209142045723186e-05,7.585030914416845e-05,3.492710410468376e-06,6.804673903303498e-09,0.002341056137391395,9.602176738303114e-07,1.905648315578506e-06,0.9872808112158867,0.00639041953862146,7.113831809868233e-06
48,1.100518995711282e-06,2.926790278194285e-10,7.520812337577235e-07,0.0030926729800436537,7.619081403090795e-08,0.00035037194147013887,1.6074639883712747e-06,6.832538876525696e-06,0.00023912271956255516,2.0985147872803733e-06,1.0810311556180179e-05,2.1619542256779665e-10,8.545175319497543e-07,0.000241265895116449,1.2795092309773846e-05,1.161198996444149e-05,6.121182067474799e-05,1.8801839092434915e-06,3.679792590219018e-09,0.0013377694428287285,7.426052804682805e-07,8.802598003494749e-07,0.9896456114893967,0.0049761712675312555,3.755985660502374e-06
49,1.0363090663590482e-06,3.0943711430518094e-10,8.748495442588767e-07,0.002842993532736782,9.838167555613286e-08,0.0003619469717979567,1.5725355738506963e-06,6.101301143634527e-06,0.0002480073180030383,2.5782005134014295e-06,1.027434691315161e-05,2.3555182738496177e-10,7.569280229757823e-07,0.00030713085772264966,1.357120474600996e-05,9.95157876061859e-06,4.6096629037732215e-05,2.0599340577264923e-06,4.07520311980078e-09,0.0019350019524213755,9.094210064547618e-07,1.0980966165693554e-06,0.988738876815069,0.005464465981426864,4.592233951844738e-06
50,1.2395287898064104e-06,2.508874001134683e-10,7.191175061934199e-07,0.002854477423888794,1.073553269323321e-07,0.00019961316795242192,2.5359454932182142e-06,7.210273145130064e-06,0.0002799918269899136,3.778199902724963e-06,8.466520507582072e-06,1.7637984103212872e-10,5.829168549546277e-07,0.0003353861669335536,1.4153693441746009e-05,9.447618646979732e-06,3.646059360491363e-05,2.5579411167251866e-06,4.278937065902577e-09,0.002139294321957773,9.390937045389799e-07,1.5558524548672543e-06,0.9879915656332935,0.0061015066263392535,8.405475944091911e-06
51,1.1633202578292961e-06,3.138065650875289e-10,8.893027333140584e-07,0.004941619244715036,1.1487380152223757e-07,0.0002776289570797938,1.3786530107067815e-06,5.697949627307057e-06,0.0003294551609399047,2.7693974141800087e-06,1.5514965836839726e-05,1.6687427607615276e-10,7.753197015230146e-07,0.000314824971227402,1.4090761383636295e-05,1.0499175649250747e-05,5.2474040893339136e-05,1.6391177836982945e-06,2.6939220787321185e-09,0.0010947727275924617,8.272890152982242e-07,8.668482592562764e-07,0.9839133063885481,0.009016187085286934,3.5012746398825514e-06
52,9.164273061586627e-07,2.6118160011333777e-10,6.362815698714258e-07,0.0026093521627135637,8.822092548224555e-08,0.0002619034981683401,1.4455850633145714e-06,5.086223388085117e-06,0.00022921423708378814,1.930098162893417e-06,9.467894103937656e-06,1.6906307383985637e-10,6.165192320793754e-07,0.000250685601271154,1.2045084343188435e-05,8.409846103615461e-06,3.807500080051293e-05,1.606484554169309e-06,3.0994927638247983e-09,0.0012934672296420601,7.351402454917572e-07,8.152654937479968e-07,0.9905629923713509,0.004706219024234061,4.288274506123683e-06
53,3.191447259014077e-06,6.059130335207867e-10,2.3269757580575375e-06,0.0037991963115608313,1.5880127137750117e-07,0.00044914886108983796,7.221820561035762e-07,7.1863000961886805e-06,0.00030333518016490677,4.293594141467678e-06,2.5362058545559695e-05,3.578324779411813e-10,1.2969392821227023e-06,0.0004248664877233829,1.3156569894638336e-05,1.0956993951333184e-05,7.693812638656857e-05,2.9116421968834574e-06,8.061571916188152e-09,0.0020788252700132985,1.2640763872651352e-06,1.3458470727300513e-06,0.9801995914186,0.01259041934205649,3.4965491747489916e-06
54,1.1235690149381989e-06,4.1741649023626974e-10,5.829232071171139e-07,0.0026365090451333797,1.0324346607258968e-07,0.00031478325823841656,2.0758956088578534e-06,5.792621698162799e-06,0.0003035419540872363,2.57987064325328e-06,9.805449235922989e-06,2.8338469326546635e-10,7.353393587375773e-07,0.0003278704554292541,1.321240953348724e-05,1.196697169253728e-05,5.3982551278802494e-05,2.3452417467198916e-06,3.675485882329728e-09,0.0013470822474720404,8.083690125455561e-07,1.0941799334194492e-06,0.9904317215078624,0.004525665315993531,6.61320406597306e-06
55,1.295055991220789e-06,4.3176079948809293e-10,6.029872867446423e-07,0.002582493087348344,1.3260653365578357e-07,0.0002418305466798094,1.9263364077185733e-06,4.797474151160713e-06,0.00030974740562868426,1.9565890769808407e-06,1.0831151718614014e-05,3.2247047603729904e-10,7.646875168483076e-07,0.00030220985594050565,1.074860960005271e-05,9.549664855645872e-06,4.196899413546027e-05,2.7900869435496964e-06,3.43378092030182e-09,0.0013592377087701954,7.746100010062806e-07,8.013303309737267e-07,0.9904291904840833,0.004679586314223956,6.760224763456257e-06
56,1.0276693540654965e-06,2.6718543376524487e-10,6.727820245889745e-07,0.002878362335105998,9.302410191795099e-08,0.00026226637577132794,1.397235728243385e-06,5.241375839430303e-06,0.00023745222633643644,2.0865982042975444e-06,1.0544481754437054e-05,1.8815001897803278e-10,6.93146068269165e-07,0.00026507742875913286,1.1365383756646437e-05,9.221652452560505e-06,4.07198218560733e-05,1.833124996050458e-06,3.1952082515483907e-09,0.001366490644255469,7.447984563975332e-07,8.007482472526578e-07,0.9896257097968741,0.005274056226868178,4.139472645551864e-06
57,1.07330953146907e-06,3.297679398624452e-10,8.479305591020493e-07,0.002431711059058191,1.1285876209675333e-07,0.0003223201872859518,1.5102077681588976e-06,6.587677746001287e-06,0.00023216356628727038,2.3194482867975203e-06,9.877569648744366e-06,2.6717892957742506e-10,7.874918363542203e-07,0.00028275506832558254,1.2934117039939125e-05,9.851747060492003e-06,4.112570539885745e-05,2.0223287539153763e-06,5.225285708792704e-09,0.0019475931924634376,9.409152499276042e-07,1.1104304325321038e-06,0.9904124961505403,0.0042751019539311735,4.751261801299056e-06
58,1.0694447808182233e-06,2.505079653231122e-10,7.138550701194949e-07,0.003060966837533339,9.077977569695098e-08,0.00026104890633425477,1.3812673707287156e-06,5.166581428320228e-06,0.0002411918069715144,2.2123088815845026e-06,1.114063818297779e-05,1.7013903326330433e-10,6.432606253468579e-07,0.0002691925584971494,1.2296011648045102e-05,9.166356103966261e-06,4.0352840472232585e-05,1.800993259954782e-06,3.081781823548561e-09,0.0013610252969869562,7.432985500355304e-07,8.289283402996302e-07,0.9883485917485029,0.006366367766456509,4.00501179855261e-06
59,1.0783003181169894e-06,2.518028912907565e-10,7.845179296869074e-07,0.0031742491132412845,9.461121097883974e-08,0.000264376734713587,1.387887261984449e-06,5.2518598460518535e-06,0.00024350502689783984,2.350860303541205e-06,1.1531249363868283e-05,1.6434447531540095e-10,6.357708074888608e-07,0.00027453393207702633,1.306186716638963e-05,9.071051547449445e-06,3.9343830946261654e-05,1.774362870552615e-06,3.1467000991357794e-09,0.0014239366453892663,7.88865915565626e-07,8.613535239018912e-07,0.9876207340641405,0.006906681509980789,3.963021700150714e-06
60,9.807146775631996e-07,2.434785934617902e-10,6.430898499343731e-07,0.002809073522594559,8.721534233759136e-08,0.000252442122957205,1.3728473406554548e-06,5.018358606562363e-06,0.00022938772061861,2.028044990424706e-06,1.0016117959029428e-05,1.6801845099313406e-10,6.231597854731634e-07,0.0002570853635826482,1.1411210287243442e-05,8.749683181050711e-06,3.8653775090991204e-05,1.7360974203662509e-06,2.958320836880987e-09,0.0013272625195249758,7.211437465898558e-07,7.86796933894618e-07,0.9897238482640948,0.005314003936289247,4.064925308168759e-06
61,1.0884327882034844e-06,2.434152851755665e-10,7.727329410974692e-07,0.0030906913445848936,9.083697372893104e-08,0.00026143570862809264,1.3580604202468664e-06,5.33799129067708e-06,0.00023324219291247269,2.2778523332853027e-06,1.1059549020047056e-05,1.6365168316860817e-10,6.251500685064503e-07,0.0002683154565250573,1.2654679858275097e-05,8.884707496244138e-06,3.963627026665834e-05,1.7976554330230247e-06,3.1620729669422737e-09,0.0014309759049467782,7.760053883658096e-07,8.563299588931637e-07,0.9880975287600678,0.006526657013351265,3.933795606410155e-06
62,9.807146775631996e-07,2.434785934617902e-10,6.430898499343731e-07,0.002809073522594559,8.721534233759136e-08,0.000252442122957205,1.3728473406554548e-06,5.018358606562363e-06,0.00022938772061861,2.028044990424706e-06,1.0016117959029428e-05,1.6801845099313406e-10,6.231597854731634e-07,0.0002570853635826482,1.1411210287243442e-05,8.749683181050711e-06,3.8653775090991204e-05,1.7360974203662509e-06,2.958320836880987e-09,0.0013272625195249758,7.211437465898558e-07,7.86796933894618e-07,0.9897238482640948,0.005314003936289247,4.064925308168759e-06
63,9.996974893511903e-07,2.581927897598414e-10,6.51292339393758e-07,0.0028009024650125967,8.98800599762465e-08,0.00025717603862334646,1.3924169913257876e-06,5.021053613986565e-06,0.0002360478572847164,2.042930213245008e-06,1.0277531071381e-05,1.7313688533797304e-10,6.34477154989091e-07,0.0002610898094871418,1.1685835970827226e-05,8.77182036305514e-06,3.939303821364667e-05,1.7397371222471731e-06,3.0228197616152772e-09,0.0013134536354888606,7.271274179220285e-07,8.011066028613167e-07,0.9896935368433507,0.005349407444244179,4.154507734907074e-06
64,9.519137215409651e-07,2.539074366654844e-10,6.605369985839842e-07,0.0027814807266234574,9.282065790599929e-08,0.00024792020347658676,1.3922030297629713e-06,4.8576444921493225e-06,0.00021831837723065395,2.0203473141009026e-06,1.0183529473404901e-05,1.6822212568396134e-10,5.93066599120947e-07,0.00025549928743068924,1.2038711821510819e-05,8.24422548336243e-06,3.542856148132481e-05,1.6857541324733672e-06,2.9895751423991863e-09,0.0013076018467311683,8.1053186144526e-07,7.832919371479047e-07,0.9899058804602627,0.005199374176466915,4.178371068971017e-06
65,9.271492469564002e-07,2.448875386470267e-10,6.759418197856716e-07,0.0028317099602028746,8.537115637315653e-08,0.00027045927649394256,1.3977113911302734e-06,5.008816137666105e-06,0.00021925849660585345,2.0083183163798895e-06,1.0086461164557052e-05,1.6096045955422248e-10,6.117461319748698e-07,0.0002534753046810709,1.247995512317824e-05,8.657798748594007e-06,3.857641995360604e-05,1.5997575502765235e-06,2.9963330598441035e-09,0.001299477489414464,7.523296542180226e-07,7.926469559643613e-07,0.9897619786662861,0.0052760502325200345,3.926748263827192e-06
66,1.11587667746026e-06,2.656572388500947e-10,7.407140725183944e-07,0.0037894882516339413,1.2924628756630262e-07,0.00022700317089400262,1.254052961696494e-06,4.946796239593515e-06,0.0002478142091364707,2.9211762728835426e-06,1.259050373875122e-05,2.014691212998741e-10,7.016494959180131e-07,0.00034190800366136015,1.0607023794075224e-05,1.0492364194514025e-05,3.6068400177218654e-05,2.1558716590124943e-06,3.00488000307203e-09,0.0015213093908168415,9.505886753605498e-07,8.108888863678998e-07,0.9869767620468082,0.006806083969333401,4.142332576439397e-06
67,1.4223401635930154e-06,3.031007205825478e-10,7.815285095197654e-07,0.003606546331184449,1.2045164757963858e-07,0.00019761918120583504,1.505044163550421e-06,6.839538421086098e-06,0.00033765686828751815,2.2681405158462097e-06,1.2306167164578944e-05,1.805458859342116e-10,7.632613128573997e-07,0.0002514811751671671,1.1663359824415886e-05,1.0073861424811142e-05,4.627633553946477e-05,1.9203768703020583e-06,3.5038216399875814e-09,0.0011642163760210988,6.675434050171848e-07,8.665229019157662e-07,0.9879421959355318,0.0063985544303624825,4.251242906751772e-06
68,1.113339767580648e-06,3.001009954263689e-10,6.758169048757643e-07,0.0027960718112074903,1.0204866415375983e-07,0.00024725172399034433,1.449111209701788e-06,4.923211506966466e-06,0.0002587571625717728,2.3036800117424715e-06,1.1619068081435898e-05,1.6181539173969928e-10,5.693321436248997e-07,0.000284756784586914,1.435255533420813e-05,8.311698219383009e-06,3.8372736581633304e-05,1.618901220688787e-06,3.2309545205584315e-09,0.001194994559016065,7.63116704190851e-07,9.659421658130304e-07,0.9888505830978583,0.0062757417946905595,4.698814691709166e-06
69,9.667811345737117e-07,2.3962762898742843e-10,6.539265673635302e-07,0.0027452237505257624,8.474891833093205e-08,0.0002627662374834245,1.3576998986338487e-06,5.035294618223663e-06,0.00022034403694088547,2.022775559501443e-06,9.971520233279823e-06,1.6946861379172644e-10,6.310196720507043e-07,0.00025555387460923345,1.1454343477155217e-05,8.726293019243364e-06,3.855196291688147e-05,1.7320270385733671e-06,3.05073809877857e-09,0.0013836805324671333,7.332272521130787e-07,7.907732739244307e-07,0.9898051033176632,0.005240635531029043,3.976865866927087e-06
70,1.1526925709488304e-06,2.626088478052889e-10,6.488256427909098e-07,0.002573864130027502,9.092873320803335e-08,0.00022389507586321517,1.4341615928102728e-06,5.0170688323173665e-06,0.000219756407563914,2.0140818318521793e-06,1.0767609689804448e-05,1.6231502575398666e-10,5.773313441968293e-07,0.00025297238934551906,1.258447155224221e-05,7.779740159790125e-06,3.606295796992652e-05,1.7659269087259857e-06,3.372043688930632e-09,0.0012479852228152305,7.42818792307289e-07,8.437722467748462e-07,0.9898957886183257,0.005499660414168532,4.5915570551827406e-06
