,0,1,2,3,4,5,6,7,8,9,10,11,12,13,14,15,16,17,18,19,20,21,22,23,24
0,0.0008670039442421675,1.4621409353755308e-05,2.6389244883568306e-05,0.005601947982312305,1.6766160754871557e-05,5.310026658603806e-05,0.0022480156600313476,4.819482932910133e-06,8.38369645584829e-09,3.899446453300459e-05,1.0883208307414462e-05,9.917947824698661e-06,4.864340052760767e-06,0.00011583867100790809,3.128825597151337e-06,0.0015355054702119503,6.429230030289378e-06,0.00100670804963578,2.902288886802351e-08,1.5450126863960363e-05,1.8619653907442556e-05,4.424458584422966e-07,0.9835499328381571,0.004167750800033523,0.000682832370296195
1,0.0009025937423094382,1.680527338013306e-05,3.098592634761383e-05,0.006787903386847069,1.9349226003666103e-05,6.842775370293519e-05,0.002947212087827711,6.792974975187839e-06,1.3504553615409401e-08,5.9727002215474656e-05,1.1772116043577274e-05,9.332094234714392e-06,4.986821190717737e-06,0.00013533303946935822,4.2406178230107654e-06,0.0022963922930226846,6.198626890100652e-06,0.0009293222644156332,4.722865196874881e-08,1.9919289288934045e-05,2.5357203306745538e-05,5.318607076183113e-07,0.9807382836606194,0.004138073322304374,0.0008403986838682057
2,0.0006465385647047055,1.046813231042368e-05,1.3653504708316374e-05,0.003597470819791565,1.0912095333786465e-05,3.94709133437608e-05,0.0015231862122937162,3.3205952726397134e-06,4.670381934979389e-09,2.6296063327732852e-05,6.933925622485799e-06,7.782191732278975e-06,3.1822204221295765e-06,8.774350144805927e-05,2.880866981225301e-06,0.00137932850638843,5.5174617657933245e-06,0.0006663314485878728,2.3282791971450302e-08,1.1395386473542081e-05,1.350702516647302e-05,4.4445363666732696e-07,0.9889329343346817,0.002504066483726888,0.0005066073391057383
3,0.0007899488897621777,1.4103534284554963e-05,2.280086661483263e-05,0.005592374183810193,1.605284341794377e-05,4.819959115196119e-05,0.0020116177076509806,4.507843932661968e-06,7.1516529405462995e-09,3.765166952761778e-05,9.742266937756634e-06,9.302833867507848e-06,4.346021481643666e-06,0.00011395628707194402,2.8729175733533052e-06,0.001393547413392141,6.23165589089894e-06,0.0009825578279931476,2.75530585852864e-08,1.3627520730401939e-05,1.884370919073252e-05,4.330329432841493e-07,0.9844248286946056,0.0038039141518624404,0.0006785038315948547
4,0.0008174435119833597,1.587031008840865e-05,2.652436856097092e-05,0.005968653915475892,1.8654457000653426e-05,5.051588167306377e-05,0.002123804555294317,4.320312816652458e-06,7.646513270128317e-09,3.8854983215302826e-05,1.0267600958261785e-05,1.0208597799550687e-05,5.42405344571673e-06,0.00013984878593550814,2.91262663213343e-06,0.0013781820898242842,6.3784518456274275e-06,0.000994816915961212,2.856224127494592e-08,1.3800331828685243e-05,1.862466778951186e-05,4.3485056617953816e-07,0.9837073373129441,0.003968982090336034,0.0006781031192698991
5,0.0007066608246551614,1.342697980946723e-05,2.013948777835353e-05,0.005883164027524792,1.4582515666760354e-05,4.0595267658330585e-05,0.0018374204656304628,4.208567843493453e-06,5.472001780143596e-09,3.554878099502523e-05,8.96441080087712e-06,8.878873317979524e-06,4.124414720910949e-06,0.00010667436256775033,2.2244803844068096e-06,0.001188697049863394,6.064834231900653e-06,0.0010676873926007719,2.308245261553315e-08,1.2890075137071297e-05,1.8498414811768005e-05,3.846668738702706e-07,0.9846566839671044,0.0037359200716638005,0.0006265315139049935
6,0.0007899488897621777,1.4103534284554963e-05,2.280086661483263e-05,0.005592374183810193,1.605284341794377e-05,4.819959115196119e-05,0.0020116177076509806,4.507843932661968e-06,7.1516529405462995e-09,3.765166952761778e-05,9.742266937756634e-06,9.302833867507848e-06,4.346021481643666e-06,0.00011395628707194402,2.8729175733533052e-06,0.001393547413392141,6.23165589089894e-06,0.0009825578279931476,2.75530585852864e-08,1.3627520730401939e-05,1.884370919073252e-05,4.330329432841493e-07,0.9844248286946056,0.0038039141518624404,0.0006785038315948547
7,0.0010937391594631983,2.2483363145133526e-05,4.004117072084605e-05,0.007721993009489432,2.1220177735014244e-05,5.754247773539522e-05,0.002935621564253693,6.272841412966239e-06,1.267238418730535e-08,4.904346875959376e-05,1.4730150309845967e-05,1.3022771040708821e-05,8.448565567117683e-06,0.00014945875624511735,3.4030934650080345e-06,0.0014544269644822987,8.24854679959797e-06,0.0013483236472490413,3.506372504034324e-08,2.1573483298021207e-05,1.994269228136766e-05,5.201597752497964e-07,0.9782193945397601,0.005911982690452259,0.0008785189704495387
8,0.0009138541489424473,1.1640108119071891e-05,9.024531236798656e-06,0.0019325438595098237,8.743437297456678e-06,0.0003806506603300762,0.0016148397389940668,2.10455478643668e-06,1.5864599077823016e-08,2.0927314335726266e-05,8.266570803710683e-05,1.3746405924860047e-05,2.2468987129700438e-06,6.344151211201522e-05,6.951887873765551e-06,0.0009626234521343856,5.8216282076114695e-06,0.0044719103857120985,2.6578577555926755e-08,1.591778691380199e-05,3.0589766066637556e-05,1.3165829044653335e-06,0.9877497447474843,0.0013933705545451417,0.0003052818866422225
9,0.00023210221826824482,9.690565005095845e-07,3.4324797745379994e-07,0.0002533837361120307,1.2697893407230625e-06,8.517547151498573e-05,0.00019971659734673448,3.0214785017839453e-07,4.6470430757443107e-10,3.6939750487097008e-06,6.289506439129023e-06,2.5984214933955008e-06,8.705171286278504e-08,1.3953875242336111e-05,1.9024337168416167e-06,0.000645035553163518,1.7101017394832226e-06,0.0006840990673124579,6.329169772281991e-09,1.1681254550459755e-06,1.2679050094385524e-05,5.333161159592045e-07,0.9976756989836224,0.00012026925959150223,5.7012220466933333e-05
10,0.0007899488897621777,1.4103534284554963e-05,2.280086661483263e-05,0.005592374183810193,1.605284341794377e-05,4.819959115196119e-05,0.0020116177076509806,4.507843932661968e-06,7.1516529405462995e-09,3.765166952761778e-05,9.742266937756634e-06,9.302833867507848e-06,4.346021481643666e-06,0.00011395628707194402,2.8729175733533052e-06,0.001393547413392141,6.23165589089894e-06,0.0009825578279931476,2.75530585852864e-08,1.3627520730401939e-05,1.884370919073252e-05,4.330329432841493e-07,0.9844248286946056,0.0038039141518624404,0.0006785038315948547
11,0.0008126674153081081,1.4950938115375325e-05,2.44424476586103e-05,0.005742941956151378,1.670401795425761e-05,4.846191036267848e-05,0.002078606773142124,4.600737516298084e-06,7.475687748731817e-09,3.8369715041147154e-05,1.0152924500183221e-05,9.945764398591877e-06,4.910994650257627e-06,0.00012024293182310138,2.8684256368199933e-06,0.0013822923372367017,6.5320017315637215e-06,0.0010146438262457224,2.8043147088667563e-08,1.4357296137812235e-05,1.8602975903311584e-05,4.4402640686113533e-07,0.9839799885477065,0.003975607487648197,0.0006776290298896257
12,0.00017935501629562565,3.5571571387383435e-06,2.214847807270937e-06,0.0010548699428833345,5.21628331534879e-06,1.2820696030563122e-05,0.00022556779960375772,3.3911113744125617e-07,1.8810589053316806e-10,5.671508824682232e-06,1.6107342436742614e-06,3.5120904624636e-06,8.874284163433228e-07,6.110573260946191e-05,4.842841461208748e-07,0.0003337914105986629,2.597817653082642e-06,0.00046396194236298304,2.7174222361101715e-09,1.3520028519203504e-06,4.949290560320652e-06,1.8150243940658165e-07,0.9968228879803323,0.0007094701279334296,0.00010359238682469221
13,0.0008154614246362559,1.3997250437423171e-05,2.4059741845289328e-05,0.005710377451384373,1.673282922807256e-05,4.904727617649076e-05,0.002017600534029381,4.608186839808145e-06,7.483877745051188e-09,3.6237769171876066e-05,1.0460354627626938e-05,1.0178444236739547e-05,4.505535176074793e-06,0.00012005512787097244,2.9730673095830897e-06,0.0013852107047753518,6.480605538137516e-06,0.0009871508629504474,2.861359922087423e-08,1.3939687937141706e-05,1.93124812224752e-05,4.423213718839582e-07,0.984314516304583,0.003747307034244111,0.0006893089069302756
14,0.0007082788935776299,3.244318938979488e-05,2.6234390631447738e-05,0.008215668802773069,2.2348638272743893e-05,6.86962130098203e-05,0.0026178067330666385,5.584424544046515e-06,1.2234132905803678e-08,8.789295402453378e-05,1.2052853422481515e-05,6.3255010153704285e-06,7.473275850791419e-06,0.00012714081397905368,3.1943341557871824e-06,0.0014759447075298633,6.216364202467886e-06,0.001460354467067299,3.389720609577091e-08,1.7348981099052183e-05,2.2606144473209885e-05,4.686247912305097e-07,0.9779782463357382,0.006279995265090474,0.0008176319609562633
15,0.0007899488897621777,1.4103534284554963e-05,2.280086661483263e-05,0.005592374183810193,1.605284341794377e-05,4.819959115196119e-05,0.0020116177076509806,4.507843932661968e-06,7.1516529405462995e-09,3.765166952761778e-05,9.742266937756634e-06,9.302833867507848e-06,4.346021481643666e-06,0.00011395628707194402,2.8729175733533052e-06,0.001393547413392141,6.23165589089894e-06,0.0009825578279931476,2.75530585852864e-08,1.3627520730401939e-05,1.884370919073252e-05,4.330329432841493e-07,0.9844248286946056,0.0038039141518624404,0.0006785038315948547
16,0.0007119075818751918,1.3244543212919444e-05,1.8088253471312594e-05,0.005706221690372116,1.4033797643184227e-05,4.83055733463857e-05,0.0019070675942073783,4.288255496981169e-06,5.930519735936208e-09,4.0510676204980434e-05,9.077046953280353e-06,8.158942804088713e-06,3.495691583678849e-06,0.00010863716210848153,2.5082725555637447e-06,0.0014179907404997748,5.489911702390334e-06,0.0010478839582380756,2.6726920506788077e-08,1.2818817498085393e-05,2.187998383728013e-05,4.1429186602528783e-07,0.9850089043121208,0.0032442995942357005,0.0006447406507258856
17,0.0014025838424273414,2.9050469548855508e-05,4.3521289732147134e-05,0.005388262964815343,2.7926149679985708e-05,0.0001382178570038768,0.0037042868179661442,1.2949044118117617e-05,4.588607650729901e-08,0.00012333547980236678,1.9250773665010644e-05,8.74163226146249e-06,6.00145472766554e-06,6.896562437579578e-05,1.385674099493525e-05,0.0034684592756962225,1.3529703362794149e-05,0.0012843709690986242,7.159084066252868e-08,2.612500770795217e-05,3.130103301375754e-05,1.077029258658646e-06,0.9713845705862473,0.011468150057985014,0.0013353487195936421
18,0.0007363707030231733,1.4041281447267102e-05,2.418476225645445e-05,0.005892645359127365,1.7053072929317002e-05,5.6521398697963624e-05,0.0021190914981910457,4.475407905850358e-06,8.359057662666241e-09,3.9205855400839633e-05,1.0821648230134575e-05,8.666297628212814e-06,4.29127352943759e-06,0.00011993477397997285,3.101229109576333e-06,0.0015313578683443707,5.340325132899336e-06,0.0009059426278676697,2.932544237986452e-08,1.4675184621805754e-05,1.9412181060623644e-05,3.9162458986513916e-07,0.9842779728123587,0.0035176807220741266,0.0006767844079931155
19,0.0009227617862459497,2.312147985740228e-05,5.087563473155264e-05,0.009302040572832442,3.146118435037481e-05,5.9555602236821374e-05,0.0026284761001058076,6.97658129954219e-06,1.48775344470393e-08,5.7018452703619656e-05,1.3782144258177663e-05,1.3963997579790612e-05,9.166945263503026e-06,0.00019738014152244658,3.761020808640621e-06,0.0014625320380724249,8.83409146332398e-06,0.0011599403163333542,3.9548270544316016e-08,1.973619227945039e-05,2.336129668072847e-05,5.418743842080064e-07,0.9772018834726756,0.005871931734606635,0.0009308429139030624
20,0.0007744416835555015,1.6687273426143944e-05,2.2805853923673023e-05,0.00610001153813199,1.8789473282611086e-05,4.0657312009971794e-05,0.0018460993651159276,6.410615854298726e-06,8.38101433269953e-09,4.378310408068473e-05,8.918810352599681e-06,1.0102136743590756e-05,4.882919941960778e-06,0.00011518326600581563,3.345216053015929e-06,0.0012499583785582095,8.925377661272736e-06,0.001014064801201541,3.430141553685768e-08,1.4037910667344586e-05,2.0382257880340772e-05,6.412333833717437e-07,0.9834993539135712,0.00443851558255091,0.0007419592936181583
21,0.000735124689486536,1.0722137875279417e-05,1.9273792539057737e-05,0.005109619697180879,1.1929055816508266e-05,4.004644007902707e-05,0.0019551488484962215,2.950974369457343e-06,3.983137564698448e-09,2.845193581488262e-05,7.961419608510888e-06,9.422253197594927e-06,4.277745134918102e-06,0.00012182716222544732,1.869358977523757e-06,0.0014389910736646284,4.393695607872286e-06,0.0008474343281610663,1.9252828389079745e-08,1.2870241865957096e-05,1.5490207907146396e-05,2.816333708613433e-07,0.9863008742375761,0.0028121577994157,0.0005088580356627678
22,0.0008367280382189374,1.1286097613789132e-05,2.3039711389280363e-05,0.005307301736258511,1.4400998250739011e-05,5.1688296821729234e-05,0.0020621826276495717,4.500106047719764e-06,6.315039442510814e-09,3.1926230291831346e-05,1.1899842343351857e-05,1.044219462688176e-05,3.4371712538920634e-06,0.00011465841113230466,2.558625662898699e-06,0.001524499080470257,6.211375369099701e-06,0.0011797139061986855,2.7567731490128835e-08,1.4889013190044718e-05,2.3174943414975005e-05,4.495020607413362e-07,0.9848804926139747,0.0033004935124916774,0.000583992082497511
23,0.0007899488897621777,1.4103534284554963e-05,2.280086661483263e-05,0.005592374183810193,1.605284341794377e-05,4.819959115196119e-05,0.0020116177076509806,4.507843932661968e-06,7.1516529405462995e-09,3.765166952761778e-05,9.742266937756634e-06,9.302833867507848e-06,4.346021481643666e-06,0.00011395628707194402,2.8729175733533052e-06,0.001393547413392141,6.23165589089894e-06,0.0009825578279931476,2.75530585852864e-08,1.3627520730401939e-05,1.884370919073252e-05,4.330329432841493e-07,0.9844248286946056,0.0038039141518624404,0.0006785038315948547
24,0.0006124303601385982,1.6941311538380497e-05,2.2706279951270904e-05,0.007448000061665043,1.8354605719720486e-05,4.5931512492461064e-05,0.0018567009475882576,3.87682115441104e-06,6.1304371846091215e-09,4.133716161889717e-05,9.127541732210075e-06,8.259542206344164e-06,5.026468150201927e-06,0.00015527675290707496,2.1592782721411976e-06,0.0011653470940210207,5.098703402257497e-06,0.0009959892317806759,2.5887024813579632e-08,1.338367670026431e-05,1.8971321638711492e-05,3.6125332090412446e-07,0.9836690496341264,0.0032231283997549683,0.0006625100226576328
25,0.0008866842452901833,1.3561218760664563e-05,3.729073489027647e-05,0.009429904223572554,1.8977022903469057e-05,3.645439970418234e-05,0.002591643419005614,8.9069371178721e-06,8.677711588296469e-09,3.909624580024215e-05,1.422541418785412e-05,1.677511390207331e-05,6.739495666616579e-06,0.00013184982185193537,2.252389706313996e-06,0.0014261843493994636,9.245492112230666e-06,0.0012365903125908365,3.6382596236566534e-08,2.5327488430499767e-05,2.4139585922406537e-05,4.24628653951947e-07,0.9784124750747286,0.004912127606914382,0.0007190797185799693
26,1.1544782738008473e-05,3.188418133582457e-06,7.263624435346495e-07,0.003871199879030378,1.3523402620661693e-05,0.0006680256275103854,0.0004297775632337451,5.083256847706161e-07,3.882974977526727e-09,7.571574400303753e-05,4.56767321527702e-06,7.817965258915358e-07,1.4951624087833335e-07,0.000524469125677397,3.582961628794928e-06,0.007877696735136447,3.874839594615891e-08,4.2197530702380095e-05,1.0407241101019655e-07,5.814241365721272e-06,4.745826692936439e-05,1.7749386884973904e-07,0.9862641100675016,6.277769520597668e-06,0.00014836001250656287
27,0.0009367393653480144,1.6783929883156137e-05,2.4758915232274593e-05,0.00535890166267148,1.5943148917771665e-05,6.289776067231666e-05,0.0023374103089828383,6.310682287157046e-06,1.2165932803400001e-08,4.8316645307469884e-05,1.1019734856316002e-05,9.078715080303778e-06,4.04301861390906e-06,0.00010201627334983685,4.524071712047011e-06,0.001720394359227558,7.144897165453023e-06,0.0010410524295478914,3.717314582998011e-08,1.7445577432576763e-05,2.1693702962665e-05,6.609356534140391e-07,0.9830925658847044,0.004282236805398666,0.0008780118359140932
28,0.0007899488897621777,1.4103534284554963e-05,2.280086661483263e-05,0.005592374183810193,1.605284341794377e-05,4.819959115196119e-05,0.0020116177076509806,4.507843932661968e-06,7.1516529405462995e-09,3.765166952761778e-05,9.742266937756634e-06,9.302833867507848e-06,4.346021481643666e-06,0.00011395628707194402,2.8729175733533052e-06,0.001393547413392141,6.23165589089894e-06,0.0009825578279931476,2.75530585852864e-08,1.3627520730401939e-05,1.884370919073252e-05,4.330329432841493e-07,0.9844248286946056,0.0038039141518624404,0.0006785038315948547
29,0.0007899488897621777,1.4103534284554963e-05,2.280086661483263e-05,0.005592374183810193,1.605284341794377e-05,4.819959115196119e-05,0.0020116177076509806,4.507843932661968e-06,7.1516529405462995e-09,3.765166952761778e-05,9.742266937756634e-06,9.302833867507848e-06,4.346021481643666e-06,0.00011395628707194402,2.8729175733533052e-06,0.001393547413392141,6.23165589089894e-06,0.0009825578279931476,2.75530585852864e-08,1.3627520730401939e-05,1.884370919073252e-05,4.330329432841493e-07,0.9844248286946056,0.0038039141518624404,0.0006785038315948547
30,0.0007899488897621777,1.4103534284554963e-05,2.280086661483263e-05,0.005592374183810193,1.605284341794377e-05,4.819959115196119e-05,0.0020116177076509806,4.507843932661968e-06,7.1516529405462995e-09,3.765166952761778e-05,9.742266937756634e-06,9.302833867507848e-06,4.346021481643666e-06,0.00011395628707194402,2.8729175733533052e-06,0.001393547413392141,6.23165589089894e-06,0.0009825578279931476,2.75530585852864e-08,1.3627520730401939e-05,1.884370919073252e-05,4.330329432841493e-07,0.9844248286946056,0.0038039141518624404,0.0006785038315948547
31,0.0011708963829512558,2.1884939330975774e-05,4.4485016117014094e-05,0.009111201519674749,2.34903419771252e-05,3.6837602577039386e-05,0.0027514245139955264,8.072156932881334e-06,8.754575181101351e-09,5.181643503913948e-05,1.0010798751801447e-05,1.401084996926839e-05,8.885066066559023e-06,0.00015747403628642515,2.2741380424360565e-06,0.001367099114878585,9.809875300178823e-06,0.0014384291579603852,3.3057357947472e-08,2.0799213184115064e-05,2.0058972889338295e-05,5.034463097346183e-07,0.9752357800993654,0.007616479930030366,0.0008782345804366074
32,0.0008179567710776876,1.4438106791959419e-05,2.3151324354675597e-05,0.005588243536199974,1.6494618010948635e-05,5.084560572096577e-05,0.002083266599614843,4.821336905087196e-06,7.889115484483391e-09,3.972566127374954e-05,9.969892686513382e-06,9.472489590344452e-06,4.339829126385203e-06,0.00011696928469644185,3.1806038318375687e-06,0.0015020343489946842,6.483290056080907e-06,0.0009687571286594596,3.1150007844123505e-08,1.415086563668123e-05,2.0010548305457115e-05,4.7564909549577913e-07,0.9842424050378737,0.0037571445889359994,0.0007056238434376584
33,0.0007655442212469207,1.3910364139608575e-05,2.0701967375080625e-05,0.005157583116193098,1.5265483845685306e-05,4.380047888102327e-05,0.0018505346831680285,4.110833550245387e-06,5.996969404502259e-09,3.4526246378729634e-05,8.924074748958484e-06,9.139486919477517e-06,4.319672049496202e-06,0.00011297383765379545,2.6254361693209854e-06,0.0012905434600279258,6.352797266268863e-06,0.0009768576045577609,2.524999735525416e-08,1.2665148990713892e-05,1.715902656951544e-05,4.462907395934902e-07,0.9853887806267061,0.0036512456031241626,0.00061195829273162
34,0.00024011012339818978,5.596701077074929e-06,6.350698925743579e-06,0.0034519185224073682,7.219582629446077e-06,1.586893699852103e-05,0.0006395794312828632,1.5869934210894778e-06,8.019427932830381e-10,1.4814205323654433e-05,3.716061399771955e-06,4.968793270503222e-06,1.6943301112203252e-06,5.9628509705464195e-05,6.648241340571639e-07,0.0006048427464956184,3.7188369249929437e-06,0.0006571193383668167,6.724427752818086e-09,6.0141351236455325e-06,9.62745629200054e-06,1.9007371558487102e-07,0.9923969960190433,0.001637538654719056,0.0002302274988634794
35,0.0020471475064267634,3.247693110307951e-05,4.203740924720526e-05,0.011767966019864427,2.227235760690676e-05,6.307012528664262e-05,0.0039726091508492985,1.943057600771185e-05,2.4924615083261538e-08,0.00010798200969457972,1.6984346745438696e-05,1.7011377121413027e-05,7.177766748270645e-06,0.00011693125774082575,4.774313836857975e-06,0.0016067100675605224,1.707287112699546e-05,0.0030368343556328825,7.502745303083552e-08,2.8080138852269217e-05,4.950322735607181e-05,1.1463468119957093e-06,0.9643273577353224,0.010755789385224864,0.0019395347717646476
36,0.0007862029432574016,1.4052835370909667e-05,2.2638049060912402e-05,0.0055715976409408206,1.5916724415267483e-05,4.8433212797677945e-05,0.002010517920828782,4.468709186896239e-06,7.116725173464184e-09,3.751572047864703e-05,9.763779764137762e-06,9.2187894578828e-06,4.302043976140729e-06,0.00011346509445988838,2.86007186462157e-06,0.001391394439987771,6.15694907428896e-06,0.0009850508765364234,2.7328923284438853e-08,1.3612447390522157e-05,1.8816288608529322e-05,4.3059644888984176e-07,0.984480108447059,0.0037780217527390025,0.0006754202206472928
37,0.0015161780071247613,1.4434151444834288e-05,3.122237437806605e-05,0.005628774679140253,1.6625184899908465e-05,3.998941703098345e-05,0.002362306093291471,4.086981754139348e-06,4.78450084761878e-09,2.6880857640695194e-05,1.0259179735612039e-05,1.4620908066163193e-05,5.552028979250584e-06,0.00015853393033633185,2.0276213692129676e-06,0.0013521476904326114,7.55767659172644e-06,0.001386001280680258,2.452635328588054e-08,1.3594951494245748e-05,1.7014887108782303e-05,4.3880398363560895e-07,0.9819925994642242,0.004735218374574776,0.000663906144863803
38,0.0008259035516526294,1.7504150076438487e-05,2.9634105388782256e-05,0.007430734875024074,2.0603607323336416e-05,4.4192192420924016e-05,0.0020666386388349363,5.935026782236696e-06,8.647369902058121e-09,4.4703000173850885e-05,1.0302152318831075e-05,1.1112759612830112e-05,5.677055291208585e-06,0.00013217022136543459,2.887412025506661e-06,0.0012723164707620317,7.943588963503727e-06,0.0011054369762104374,3.139911871528346e-08,1.564190620716162e-05,2.10488449811661e-05,4.782501934543029e-07,0.9812942904722592,0.0048009313525392405,0.000833873343104035
39,0.0007780655623660475,8.721718729418932e-06,2.3513426031824514e-05,0.006437734917419324,1.5571605995601966e-05,4.5385947669300394e-05,0.0019512762062289409,7.185576156527812e-06,6.861385772260407e-09,3.762661109511201e-05,1.0085250562031053e-05,1.1600691490424412e-05,2.9499750406752536e-06,9.938868476303315e-05,2.5955055119062822e-06,0.0019887151058769477,6.756135959534888e-06,0.000896825610238727,3.603443454848434e-08,1.7711274510805807e-05,2.9212071267723633e-05,4.0413337100734606e-07,0.9838321959910812,0.0031538818827584253,0.0006425532200549574
40,0.0008000643376640475,1.4128976007530344e-05,2.286398531779725e-05,0.005546040394350153,1.6143751168222318e-05,4.8701995219909535e-05,0.002004887036272765,4.440476130472466e-06,7.137001793356725e-09,3.71155169708165e-05,9.780920733411608e-06,9.376946958525303e-06,4.3198266031975185e-06,0.00011645243968133901,2.8941209778626905e-06,0.0013912258852454415,6.211414846728515e-06,0.0009824229731624614,2.766391139895936e-08,1.3474980719116023e-05,1.8847484237985526e-05,4.3852757219715267e-07,0.984522950523034,0.0037470678352970886,0.0006801148509155747
41,0.0009951493700253882,2.5873003182260476e-05,6.693288729183517e-05,0.00981104446897926,4.539555722814836e-05,0.00010983813902431222,0.0032673196169481153,7.939030934388494e-06,3.190773757176859e-08,8.097748310477554e-05,1.529887077514638e-05,9.829101288451244e-06,7.2641379942171225e-06,0.00022624500511731315,7.5288055370229875e-06,0.0025153907783863113,6.104172260493011e-06,0.0008043195642126476,6.041256206982884e-08,1.986225539429702e-05,2.910172078335514e-05,5.128675737942769e-07,0.9746487792602797,0.005955052677102869,0.0013441489062761677
42,0.0007850915417974975,1.1812106207610259e-05,1.873002091950626e-05,0.005178394124886042,1.3524404652780786e-05,4.3141934210755384e-05,0.0020332704172432306,8.850128057680535e-06,8.78030028022703e-09,4.703737824571699e-05,8.279289480711088e-06,8.390046191026616e-06,2.7346218511279212e-06,8.016214581525155e-05,3.985236263169783e-06,0.002268789364064453,8.514570802000027e-06,0.0008004980797870798,4.847517566906105e-08,1.9797869308418595e-05,2.5288289579530862e-05,7.856411027818525e-07,0.9844237023023341,0.0034849635823457994,0.0007241996493778364
43,0.004707421429609267,2.8233731750189473e-05,0.0002583671705275996,0.01231525640722171,2.6924729827002067e-05,2.7405030473186074e-05,0.006289024815378046,4.055723916203622e-06,1.0262199660982146e-08,1.0656342084427907e-05,2.9456825854637122e-05,7.821927659987779e-05,4.807432140250633e-05,0.0004961100538439607,1.7330732578792948e-06,0.000636690324783393,1.2776597527242403e-05,0.0023653222864360407,1.8330317992521495e-08,3.612611023766883e-05,7.278092710480764e-06,2.8665049846922306e-07,0.9578901222291616,0.013267589684494586,0.001462840499886458
44,0.0007899488897621777,1.4103534284554963e-05,2.280086661483263e-05,0.005592374183810193,1.605284341794377e-05,4.819959115196119e-05,0.0020116177076509806,4.507843932661968e-06,7.1516529405462995e-09,3.765166952761778e-05,9.742266937756634e-06,9.302833867507848e-06,4.346021481643666e-06,0.00011395628707194402,2.8729175733533052e-06,0.001393547413392141,6.23165589089894e-06,0.0009825578279931476,2.75530585852864e-08,1.3627520730401939e-05,1.884370919073252e-05,4.330329432841493e-07,0.9844248286946056,0.0038039141518624404,0.0006785038315948547
45,0.0011780703450966492,1.7506618996155068e-05,4.243817731474825e-05,0.006200931359313256,2.405932621791412e-05,5.1748172934893476e-05,0.0031783355867205216,8.302946966091523e-06,1.530344784554302e-08,4.707474009895505e-05,1.2755041903798827e-05,1.340979217261764e-05,8.614851465424674e-06,0.00012503446833764603,4.551134427351401e-06,0.0018122788370023815,9.90415786209566e-06,0.0009422520543919886,4.3943157181845936e-08,1.9612396860092845e-05,1.7501715954910816e-05,5.672054329919626e-07,0.9784922901826709,0.0070500108370564075,0.0007426908041971645
46,0.0005977479887292857,1.879921788181252e-05,2.5441333536961965e-05,0.006397903315729372,1.4008858800576693e-05,0.00013992891263660257,0.003980460772734508,2.7862526277152826e-06,1.4975209618040764e-08,6.0443690461806366e-05,1.3647194712691478e-05,3.6065427734953234e-06,3.082690460705611e-06,0.0001810114967252839,3.6731535095725816e-06,0.0020463950153390364,1.3818464974645002e-06,0.0009504440076633794,2.6740381148558514e-08,1.5733839680437764e-05,2.103285525840927e-05,2.848908181899178e-07,0.9822729818494808,0.002471943843874622,0.0007772187144765453
47,0.0014422784239687117,1.2452202778070092e-05,1.7485157941105997e-05,0.0032724955702324618,8.688863305282356e-06,4.2358001935536824e-05,0.002069585106223698,4.022564415831735e-06,4.684618831762365e-09,2.780856257741758e-05,8.285994648965679e-06,1.2059647544099983e-05,3.5628022696567674e-06,8.159394408132485e-05,3.007438272430455e-06,0.0017373663466686612,8.698650009043413e-06,0.0012047685138488334,2.3671288582236654e-08,1.5961494935854706e-05,1.5927547574009144e-05,7.274446589929216e-07,0.9855703996474754,0.003799838901697023,0.0006405988170303376
48,0.0007595787238105458,1.5569838038275503e-05,1.872292736311625e-05,0.005497630030076135,1.7025459853584916e-05,3.7346144019945036e-05,0.0018087905330627563,5.572188116598383e-06,6.4888739848160566e-09,4.390325562273332e-05,7.623399837459084e-06,9.005464653008636e-06,4.739242534990263e-06,0.0001038174864232739,2.891283101287959e-06,0.0013520928820024256,8.415153627219058e-06,0.0009287195727738259,3.429497869140169e-08,1.2240482018309762e-05,1.8828578002534588e-05,5.333356487729185e-07,0.9844507908819826,0.004229681103401393,0.0006664412501766466
49,0.0008052251081363686,1.1930391779892703e-05,2.4579753443964214e-05,0.00495818352332802,1.459080556370717e-05,5.0419815795600425e-05,0.0018459334239539424,3.908757116634489e-06,6.28518134933545e-09,2.921675910526619e-05,1.090921226730039e-05,1.1468250776417233e-05,4.049761376319781e-06,0.00011938507827181455,2.677545092408735e-06,0.0013137331871160966,6.4663729283369324e-06,0.0010574636048607201,2.2657264055692956e-08,1.4656337961075425e-05,1.8166857497834656e-05,4.671317980333109e-07,0.9858665936468888,0.003240733513816932,0.000589212218679357
50,0.0008673435780072738,2.128536519418478e-05,2.5824531341083103e-05,0.00722278451884934,1.8340512221432245e-05,5.832284730095561e-05,0.0036832381190956484,6.945990380158425e-06,1.1582620725862154e-08,8.46874205207891e-05,8.061373157900208e-06,6.22866877805026e-06,5.532826760486271e-06,0.00015247268096552096,3.3765846577431292e-06,0.0024310330393101307,4.968800130466527e-06,0.0008488253644729499,5.0989426717356065e-08,1.7645670259757182e-05,2.123551657083577e-05,5.410577495008379e-07,0.9792900652472254,0.004444933734440946,0.0007762439805621678
51,0.0007843094137320218,1.7540161564553086e-05,2.871194914906531e-05,0.009658654405620493,1.966841772833118e-05,4.971903606899343e-05,0.002460352180336332,6.188671562255226e-06,9.020580558655866e-09,5.037158189862075e-05,1.2274930547127673e-05,1.067223385299884e-05,5.25927744421623e-06,0.00016392359949504566,2.3634748838885083e-06,0.0011549964433526015,6.1856713962149845e-06,0.0013974647131142185,3.328235160398833e-08,1.6102380198227786e-05,2.6560002855340123e-05,4.426856590180185e-07,0.9792839505713792,0.004016553599793367,0.0008276922954358023
52,0.0008000805475104245,1.4456303541846162e-05,2.4631886191889502e-05,0.0062418606556740855,1.885285124713214e-05,4.2751793704618615e-05,0.0019818376794659464,5.307048050462878e-06,7.4337567799541456e-09,4.020456093143119e-05,9.046687240673287e-06,9.973879442810346e-06,4.72491946037921e-06,0.00012085435309674393,2.9769729360543123e-06,0.0014411791172723551,7.108878081292902e-06,0.0008837006134323186,3.2230815828252344e-08,1.3381830031101091e-05,1.9682259011103474e-05,4.363079651629899e-07,0.9834455471177358,0.0041294280983081725,0.0007419359750955108
53,0.0012824997844005682,3.321888192498496e-05,5.668012754096586e-05,0.01729009359748811,0.00010340873199669095,3.541390515390908e-05,0.001023877991649374,1.265021888393522e-05,9.803342823529474e-09,7.472603885912192e-05,9.691593398088482e-06,2.820323057028021e-05,1.0649636844600278e-05,0.00031346806045809476,3.0094119622523683e-06,0.0008578441315648511,2.873738897223306e-05,0.0017389483909965148,6.041356507998114e-08,8.69929247368306e-06,5.091762607753256e-05,7.26129015700713e-07,0.9661208072229177,0.009324542149594795,0.0015911162403480046
54,0.0008352537293659616,1.7441053880012666e-05,2.012682185644733e-05,0.004822141102775743,1.0955738826969896e-05,5.838423833523077e-05,0.0027737803662361855,3.3558083464770584e-06,7.544369439114176e-09,4.664909120087592e-05,7.1055535270816166e-06,6.4576195829512145e-06,3.789213131490182e-06,0.0001355002558585869,3.4532610061346234e-06,0.001946001429449507,3.7331978064790005e-06,0.0007880051249475989,2.697804561190239e-08,1.5376146048998094e-05,1.665591724256612e-05,4.980708410607149e-07,0.9846575177186814,0.0029755943251609626,0.0008521896934764046
55,0.0019156597932592707,2.7730376250860587e-05,5.710305396452558e-05,0.009191239379331482,1.9374918940897238e-05,5.902243675389116e-05,0.0039009015735916685,7.869571886970152e-06,1.6905036333852576e-08,4.9714575002891315e-05,2.0227356615620082e-05,2.2032962269055736e-05,1.23160466305988e-05,0.00014596510389876125,3.694519124048386e-06,0.001257569262048369,1.2178540635088886e-05,0.0023032372472764407,3.368142721163614e-08,2.923949872597576e-05,2.2412447238355703e-05,6.221846626917999e-07,0.9704990219152368,0.009153495689472081,0.001289320960719971
56,0.0008440386189966467,1.5677616227977445e-05,2.576194056027001e-05,0.005958681367182683,1.758962896439503e-05,4.904568653661911e-05,0.002119166595214332,4.792231795924182e-06,7.88298945925162e-09,3.933706756285282e-05,1.0473502302892659e-05,1.0405919489353814e-05,5.252176550814417e-06,0.0001244397825740732,2.970994177640651e-06,0.0013876938332873239,6.875528391969351e-06,0.0010401373499475805,2.9265478246056306e-08,1.4794960307455605e-05,1.8978667317264127e-05,4.558737025389037e-07,0.9834382566368863,0.004163691901194159,0.0007014449723613617
57,0.0011487706896353973,2.0436403433964464e-05,4.716886426488201e-05,0.008199452509121236,3.042507897202071e-05,4.866076254785287e-05,0.002426847270363621,1.0751273578112442e-05,1.4615850726708046e-08,6.336400490622262e-05,1.169428152450565e-05,1.829170077421803e-05,8.569910358255087e-06,0.00015681247724217337,4.483608664182357e-06,0.0019759857971253696,1.5475052730679052e-05,0.0010967031528710239,5.764907432693684e-08,2.2222202945018868e-05,2.8752165233769004e-05,8.177341991495071e-07,0.9772024820253544,0.006479037319279708,0.0009827234499492675
58,0.0008137958656667426,1.4417276479284451e-05,2.368018590654752e-05,0.005531327304564919,1.6891396355928396e-05,4.372071497265279e-05,0.0019670615790099806,4.813279096781023e-06,6.920196929582991e-09,3.798294307693209e-05,9.526209182290979e-06,9.886722348584924e-06,4.680401009033255e-06,0.00010856018161979734,2.7969847589220738e-06,0.0013123918917481501,7.2612864374278915e-06,0.0010447315370755803,2.6879053524119684e-08,1.316735342805216e-05,1.866252744599488e-05,4.549922079647697e-07,0.9839022921095935,0.0044403858480526045,0.0006714776107118422
59,0.0008862870730088218,1.454826222102806e-05,2.796833646785318e-05,0.005792731757504726,1.7514457490097104e-05,4.316040139788539e-05,0.0021254966584646705,5.246858710544074e-06,7.197364529202317e-09,3.8530023750535845e-05,9.94992567853694e-06,1.076354941642627e-05,4.9880791994186394e-06,0.00011009958514761496,2.7680678965548348e-06,0.0013896992521371407,7.682653677513067e-06,0.0011136790745152586,2.6302886856549287e-08,1.4739855199076798e-05,1.9093093391831254e-05,4.563265246903628e-07,0.9825655828989577,0.0051007752135657615,0.0006982050954246394
60,0.0007899488897621777,1.4103534284554963e-05,2.280086661483263e-05,0.005592374183810193,1.605284341794377e-05,4.819959115196119e-05,0.0020116177076509806,4.507843932661968e-06,7.1516529405462995e-09,3.765166952761778e-05,9.742266937756634e-06,9.302833867507848e-06,4.346021481643666e-06,0.00011395628707194402,2.8729175733533052e-06,0.001393547413392141,6.23165589089894e-06,0.0009825578279931476,2.75530585852864e-08,1.3627520730401939e-05,1.884370919073252e-05,4.330329432841493e-07,0.9844248286946056,0.0038039141518624404,0.0006785038315948547
61,0.0008999460771860923,1.5204629591629206e-05,2.9966263268205258e-05,0.005932431737128983,1.811175962135722e-05,4.737434808518084e-05,0.0022099958666935886,5.200338915430669e-06,8.06849730012389e-09,3.904025736503592e-05,1.0776888937801722e-05,1.1087778216992755e-05,5.238328975180439e-06,0.00011841346656473707,2.9709886010874677e-06,0.00144811062734018,7.555357924949955e-06,0.0010984290275897468,2.7859870314910913e-08,1.578604422722875e-05,1.9379602752995467e-05,4.6929130656449755e-07,0.9824535701060751,0.004889533585098077,0.0007213717001662896
62,0.0007899488897621777,1.4103534284554963e-05,2.280086661483263e-05,0.005592374183810193,1.605284341794377e-05,4.819959115196119e-05,0.0020116177076509806,4.507843932661968e-06,7.1516529405462995e-09,3.765166952761778e-05,9.742266937756634e-06,9.302833867507848e-06,4.346021481643666e-06,0.00011395628707194402,2.8729175733533052e-06,0.001393547413392141,6.23165589089894e-06,0.0009825578279931476,2.75530585852864e-08,1.3627520730401939e-05,1.884370919073252e-05,4.330329432841493e-07,0.9844248286946056,0.0038039141518624404,0.0006785038315948547
63,0.0008407958299275441,1.5961284226433088e-05,2.3576854569870488e-05,0.005709306940306659,1.6523200537331957e-05,5.049493994663094e-05,0.0020812846308205894,4.705576441988805e-06,7.881979860600551e-09,4.001448333674959e-05,1.0320897629761005e-05,9.482953595346018e-06,4.704089956660274e-06,0.00011590193221099756,3.064998848997171e-06,0.0013841584453790667,6.68365638703818e-06,0.0010697191103416646,2.919912284690321e-08,1.4388468641738326e-05,1.9278475426514225e-05,4.784436910985277e-07,0.9837620230353182,0.004093671103081981,0.0007234235682741785
64,0.0007464154942810085,1.2423408988096493e-05,2.000012544556085e-05,0.005555200085092552,1.6092750097062904e-05,4.799332405034213e-05,0.0017931560822278538,4.507498821704901e-06,6.430612296242058e-09,3.696375753136562e-05,9.77295571224383e-06,9.465159853858173e-06,3.6310570943599795e-06,0.00010802537587051834,2.8041192863651303e-06,0.001401325664578735,6.333495637723168e-06,0.0010044834051178128,2.8253901273131065e-08,1.2150636346655246e-05,2.274140803638432e-05,4.172402444957281e-07,0.9850473926056459,0.0034777454411680556,0.0006609242243579458
65,0.0007829924009194865,1.3961394369608337e-05,2.2536039769022537e-05,0.0055598080483525835,1.594183716440765e-05,4.812478238111606e-05,0.001992051681939757,4.4533627566619906e-06,7.034640386761636e-09,3.737416628775003e-05,9.684562624284763e-06,9.254634675608706e-06,4.29077304530038e-06,0.00011363372884093742,2.847240094577629e-06,0.0013895537413556066,6.1789713151397035e-06,0.0009795408741942156,2.7277152902211382e-08,1.3515247493736251e-05,1.8829273409097197e-05,4.3000450656890883e-07,0.984548394973154,0.003754131585892023,0.0006724363636651236
66,0.001098144456980904,2.908500973787164e-05,5.691287683542512e-05,0.0122904659978075,2.2947094525207376e-05,7.899905339842133e-05,0.005500574113345506,1.25277656413808e-05,2.4967382274422913e-08,0.00011866190958808695,1.4620581856394748e-05,1.1777399881691612e-05,1.1623331511291593e-05,0.00020325772404897646,4.087665790080755e-06,0.0036396831678917204,7.027317374948552e-06,0.0010604510647407894,7.919561021853928e-08,5.235372895374484e-05,2.8290237216339127e-05,6.391845332469939e-07,0.9693474038969572,0.005393436722958269,0.0010169255354324724
67,0.0013016263373749847,2.8214694674270352e-05,3.956377927820437e-05,0.009597042922924409,3.21417614055806e-05,6.324556940096153e-05,0.0029623548655445683,1.0950999486916547e-05,1.9239811511144257e-08,8.592944143941281e-05,1.4039824989811267e-05,1.2060211102955342e-05,7.811027386690867e-06,0.00013969662933160189,4.83804396630616e-06,0.0016179819510378456,1.1886847207696017e-05,0.0015469498129932705,5.7884384424699475e-08,1.700385073645486e-05,3.187438767944758e-05,7.149676016682198e-07,0.9725374718418878,0.008718672947740095,0.0012178501606131594
68,0.001031390818975193,2.317252742394682e-05,5.3177516380660836e-05,0.010063014993751786,4.251566336098978e-05,5.710176418833785e-05,0.0030509541681785187,9.183374772732758e-06,1.7316777590799317e-08,7.195800543363671e-05,1.0800616556167705e-05,1.2030424152744404e-05,8.940021441591704e-06,0.0002332952884671857,4.5653713785409894e-06,0.0020247467643450152,8.36604253563536e-06,0.0008164616741006948,6.369769784886847e-08,1.6274414875459386e-05,2.5326098924442986e-05,5.183685147777163e-07,0.9750345980293544,0.006356462823683926,0.0010450642147278712
69,0.0007861117653484535,1.403324505439226e-05,2.25377430529392e-05,0.00553603773161415,1.6112477887578333e-05,4.835188312270629e-05,0.0019887590276790783,4.4396765167944085e-06,7.092577342920867e-09,3.729853865411782e-05,9.704731913178379e-06,9.252338027019069e-06,4.307035043641669e-06,0.00011444224361455216,2.8768328089393842e-06,0.0013819087943594789,6.188768088852211e-06,0.0009764726984230706,2.7422118521039887e-08,1.3330167186045006e-05,1.8771236416200958e-05,4.323410735766844e-07,0.9845756694245612,0.0037601063429848506,0.0006728204418733656
70,0.000765873181809604,1.4354514149131453e-05,1.813338933957595e-05,0.005329418053039614,1.6058674466458867e-05,4.6395176853953485e-05,0.0019281297479259605,6.028316164136389e-06,7.926550061759038e-09,4.731481424779521e-05,9.589901890453307e-06,8.04726908837932e-06,3.976673192074085e-06,7.715964856817846e-05,3.2169366970215224e-06,0.0013841499021276778,7.744203944336558e-06,0.001097732711746544,3.137169873183034e-08,1.2497158562731807e-05,2.1132846132171517e-05,4.775589421870016e-07,0.9835976619962561,0.004937368725574878,0.0006674993010320066
71,0.0007930224801971277,1.4844959745874114e-05,2.3299149326543235e-05,0.0056936337688079834,1.719033209842085e-05,5.041085280544652e-05,0.0019983621825710378,4.537634446918719e-06,7.614692740706129e-09,3.9617036322163576e-05,9.822725261632106e-06,9.184427465285107e-06,4.414200872992969e-06,0.00011803844771186656,3.0280286001621984e-06,0.0013846989853846632,6.277142165814386e-06,0.0009846911009679926,2.8479568115250154e-08,1.3093026945255566e-05,1.932031956504519e-05,4.4301461309604803e-07,0.9842075352612786,0.003896125852003866,0.0007083729765814459
