,0,1,2,3,4,5,6,7,8,9,10,11,12,13,14,15,16,17,18,19,20,21,22,23,24
0,0.4646716426465123,5.343525086785325e-05,0.5253674102170333,0.0005542377612638362,2.4149280230326193e-05,0.00016257430370293673,5.06641990555098e-06,0.0008093152087018962,5.4541591250963545e-05,0.00031225804719105927,0.00033647675764993877,0.00012402354439493702,4.146936771586581e-05,8.86419369385457e-05,1.1115305876796624e-06,0.0002774438728682704,0.005558636933643132,0.000704319608281479,2.0486210071228792e-07,1.045680688721142e-06,2.2336557701258467e-05,2.2492876803236504e-06,0.0006350064293739637,0.0001334034979681188,5.899940574711464e-05
1,0.4228213611899344,5.6663887662961096e-05,0.5673594323865482,0.0005247630156148477,2.6154193704742005e-05,0.00031121163157623975,6.066858986553553e-06,0.0009356370078329154,0.00013330592621633327,0.000641854907722938,0.0004016238372251388,0.00010885423552454865,4.630296735641007e-05,0.00015680254603350462,1.8485002044717523e-06,0.00031332340889787916,0.003975251613306002,0.0009640598662800853,3.338629264436774e-07,1.7018940502911443e-06,2.8274391434862626e-05,3.373758232920251e-06,0.0009101043240467996,0.00017641233792172666,9.528145075878e-05
2,0.38262342787295,6.40991412158079e-05,0.607403728168288,0.0005094969555628356,3.338727074066305e-05,0.0003073824162039531,6.301649351309869e-06,0.0010350921535279007,0.00017725969570692862,0.0007515179829554245,0.0004481109147173101,0.00012367067811532066,4.5824840735610186e-05,0.00023923374430431546,2.3320328236451147e-06,0.0003115993534463588,0.0036925835083840607,0.0009371917489053688,3.1267097891289273e-07,2.2028573488126684e-06,3.0073196738805682e-05,3.858518761761997e-06,0.0009276430944677431,0.00019387325346694004,0.00012979628030210453
3,0.4328864553668469,5.7808316198354215e-05,0.5571980688176802,0.0005291639243972005,2.6489845513302865e-05,0.00031082471475400855,6.031541799786873e-06,0.0009464416770244482,0.00013086792871374255,0.0006245749095855036,0.00041629181662500547,0.00011179654168560929,4.599547997085849e-05,0.0001570438651162832,1.8769513534144977e-06,0.0003062632389023292,0.004081019601882573,0.0009525804216368132,3.295258797263534e-07,1.6636704662631575e-06,2.7949320469834924e-05,3.463103459269044e-06,0.0009081657838943863,0.00017306936000856146,9.576427613568206e-05
4,0.420046531635432,5.886247865928824e-05,0.5705294435894087,0.0005135095342482676,2.595782986799663e-05,0.0002596129166919877,5.773007537570912e-06,0.0009334767132512836,0.0001269686248638143,0.0006151567045575074,0.00040004494804569214,0.00010694721368649737,5.050415286076721e-05,0.00017415954453237493,1.6297427907207774e-06,0.00027250341557869895,0.0037768829155108243,0.0009816514124938748,3.1069586349769043e-07,1.7479000444314688e-06,2.9555127302253253e-05,3.4951684238062427e-06,0.0008258110974552511,0.00017128274946239715,8.818088143042019e-05
5,0.41624090449124124,5.190634618829149e-05,0.5736693935023278,0.0006327542048108929,2.7261611540131938e-05,0.00030325611412642805,5.6556240281811075e-06,0.0009039250451708943,0.0001272355444137761,0.0006772014125351652,0.0003678684145743873,9.018201954415964e-05,4.71915718734003e-05,0.00015696737568498796,1.469433025059746e-06,0.0002791351589770039,0.0037425883902356956,0.0012964499549345215,3.2994762154786315e-07,1.8455266693754654e-06,3.0001166136523554e-05,2.7511311386147036e-06,0.0010862614447445188,0.0001853240913120929,7.2140477145095e-05
6,0.4328864553668469,5.7808316198354215e-05,0.5571980688176802,0.0005291639243972005,2.6489845513302865e-05,0.00031082471475400855,6.031541799786873e-06,0.0009464416770244482,0.00013086792871374255,0.0006245749095855036,0.00041629181662500547,0.00011179654168560929,4.599547997085849e-05,0.0001570438651162832,1.8769513534144977e-06,0.0003062632389023292,0.004081019601882573,0.0009525804216368132,3.295258797263534e-07,1.6636704662631575e-06,2.7949320469834924e-05,3.463103459269044e-06,0.0009081657838943863,0.00017306936000856146,9.576427613568206e-05
7,0.2057748861854774,0.00012187512616915551,0.7703166036769956,0.0011157771627749022,8.906801080351205e-05,0.0008550354002535859,1.0302794636217559e-05,0.0010225136961617887,0.0005486760656305152,0.0019278973493662224,0.000387619370113397,0.0002227478837538242,2.683773847459184e-05,0.0006284373579149287,4.51613324348675e-06,0.0008350316442376763,0.008794722585773322,0.001262936411561531,5.274741107692263e-07,4.010449241907268e-06,5.168348521021588e-05,3.3294627430230165e-06,0.004857445679763853,0.0006700052091773922,0.00046751364641117873
8,0.5003373534829861,7.400261727558312e-05,0.4868859639425411,0.0006760366778453373,3.1639588717018826e-05,0.0004865749831556069,1.1589929025780656e-05,0.0016350530404492445,0.00016746740244974866,0.0007103090799619927,0.000645533415738765,0.00015028581389972827,6.288064231595919e-05,0.00017130676547905986,2.9223022315544946e-06,0.00040668106635885677,0.004851196215669927,0.001397783998321632,6.921159265263472e-07,1.9183734429031583e-06,4.113951602265257e-05,5.960169781524401e-06,0.0009907810349533612,0.00015036582832136307,0.00010456199712854141
9,0.5825572255680809,5.482069078903379e-05,0.4066069957791139,0.0005676021562900504,2.9733419456995198e-05,0.00043390152636964534,9.703669334116759e-06,0.0012623402265829393,0.00012878150272425305,0.00044366383885141786,0.0006454200850800392,0.00014168098952379725,5.133570911830548e-05,0.00011715140292900536,2.4917682594230165e-06,0.00029108728351176066,0.00443731747175034,0.0011021995272545316,4.863257916758165e-07,1.3147669387021814e-06,3.091557165154092e-05,5.044268703825644e-06,0.0008682451545912917,0.0001256795528916731,8.486174441088151e-05
10,0.4328864553668469,5.7808316198354215e-05,0.5571980688176802,0.0005291639243972005,2.6489845513302865e-05,0.00031082471475400855,6.031541799786873e-06,0.0009464416770244482,0.00013086792871374255,0.0006245749095855036,0.00041629181662500547,0.00011179654168560929,4.599547997085849e-05,0.0001570438651162832,1.8769513534144977e-06,0.0003062632389023292,0.004081019601882573,0.0009525804216368132,3.295258797263534e-07,1.6636704662631575e-06,2.7949320469834924e-05,3.463103459269044e-06,0.0009081657838943863,0.00017306936000856146,9.576427613568206e-05
11,0.43833790917214555,5.61150049601796e-05,0.5521665996595531,0.0005169966214996423,2.5803866175514204e-05,0.00027822016905107335,5.985570919149485e-06,0.0009047936308321397,0.0001233250098236367,0.0005763634821003921,0.00040506524814936875,0.00011161509031301932,5.028208071783752e-05,0.00014966705725253946,1.7522876155833251e-06,0.00029742113370983923,0.003923037993089035,0.000933196314954492,3.1991852166632324e-07,1.700322448116003e-06,2.7719496935716125e-05,3.476262413381611e-06,0.0008348534514789332,0.00017813239265995344,8.964876268005666e-05
12,0.26940108873334906,3.153078615216314e-05,0.7215979741325778,0.00021595927577798302,7.979285768420747e-05,0.00027307348339004455,3.5085370400710987e-06,0.0003308663384183475,0.00016502212804785706,0.00043588203096671754,0.00038995619283621553,8.953889137949843e-05,1.907506980712012e-05,0.00024567392308388506,9.285334597695448e-07,0.00013005966380669396,0.004095718273553383,0.0005552981502659821,7.27603640612232e-08,2.1576658496204387e-06,2.973711900266859e-05,1.5267116872214452e-06,0.0014468947850128382,0.0003104481051609813,0.0001482158513259
13,0.38649899469077104,5.09578276191866e-05,0.6027902729093333,0.0006674473586185056,2.4150722170069815e-05,0.0004321040902674854,6.159422958560351e-06,0.0007662409369076469,0.00014193714838322134,0.0008501910569798064,0.000273646674200238,7.647701471967923e-05,4.415408041454636e-05,0.0001206739541578434,1.5791003833548855e-06,0.00037019050578134574,0.004048052106721248,0.0011804545834240073,3.815110113208867e-07,1.8188460691134423e-06,2.769273057527375e-05,2.4707839715274014e-06,0.001338457347890625,0.0002108220143050825,7.467258236598854e-05
14,0.5066096295174413,0.0002044120467396747,0.4754890716478687,0.0012999857494482407,8.467283100162578e-05,0.000310177696198659,7.933250191464599e-06,0.0011403394857875716,0.0001230209235555817,0.0009181999813011379,0.0010087878960528185,0.0001206179560370844,8.896774693196618e-05,0.00022524131600794862,1.7638134475556993e-06,0.0002232598713450557,0.008442073017379913,0.002030843709476954,1.0609139850406323e-06,1.8240248209306572e-06,8.301320025025498e-05,5.9235363786599765e-06,0.001257780577437276,0.0002494850606300129,7.191423028473462e-05
15,0.4328864553668469,5.7808316198354215e-05,0.5571980688176802,0.0005291639243972005,2.6489845513302865e-05,0.00031082471475400855,6.031541799786873e-06,0.0009464416770244482,0.00013086792871374255,0.0006245749095855036,0.00041629181662500547,0.00011179654168560929,4.599547997085849e-05,0.0001570438651162832,1.8769513534144977e-06,0.0003062632389023292,0.004081019601882573,0.0009525804216368132,3.295258797263534e-07,1.6636704662631575e-06,2.7949320469834924e-05,3.463103459269044e-06,0.0009081657838943863,0.00017306936000856146,9.576427613568206e-05
16,0.5472244748989424,7.549613786784092e-05,0.4420704440165885,0.0005317188529920175,2.4947839974758352e-05,0.00029469404895597384,6.887716575833479e-06,0.0014582057787797798,0.00012796521539186568,0.0005554932746673345,0.0006058505967402279,0.00018699005645406248,4.943623075076536e-05,0.00019249611665267722,2.818152532757463e-06,0.00031898488349501675,0.004413366683125333,0.0009312760844720854,3.9936473555354563e-07,1.35483130342906e-06,2.5919308692708474e-05,6.230235630678565e-06,0.0006550055390301099,0.00011894636788013717,0.00012059776776802515
17,0.4559077471067096,4.914619294781409e-05,0.5350248119849965,0.0004027458587585076,3.558754747199024e-05,0.00020816388023155586,6.3710369046727395e-06,0.0007545030481670908,0.00011823823724068423,0.00035049326040947996,0.0004633971857433702,0.00012946797402565473,4.4403595000192916e-05,0.00017674561220772293,1.0178587000935903e-06,0.0001766002532155246,0.004055847095207984,0.0009302885208145069,1.9981491630607796e-07,1.4268139319055484e-06,3.268998806426803e-05,3.0135871542951914e-06,0.0008598267318218257,0.00018462177286980883,8.264504248862908e-05
18,0.3339501506907717,6.727175679655598e-05,0.6539912248859759,0.0003242766397960533,2.738115153772813e-05,0.00029548175778131177,7.175922127657049e-06,0.0008923895326090345,0.00015447976410481976,0.0006785344895581742,0.0004296455051984689,0.00017415261108262792,3.784360682153425e-05,0.00026481541891615074,2.2683654263935437e-06,0.00046849752604019893,0.0057817991490665185,0.0008049059270161643,3.384826519124296e-07,2.02515125896856e-06,4.028883602457479e-05,3.8585928421448425e-06,0.0011259393981637906,0.00024379783393694982,0.0002314570044943937
19,0.3934333412064684,8.806061361188039e-05,0.5942242129902531,0.0010372057230421726,4.0454199441688915e-05,0.0005112882520055397,7.702609408820394e-06,0.0011082249445006952,0.0002211180460357182,0.001070192120195771,0.00037820936503655324,0.0001463760355662598,5.730508429059099e-05,0.0002023975367468604,2.894933524199826e-06,0.000422315763329427,0.004539920242890274,0.0009846208003500229,4.334134869113095e-07,2.3732019045380706e-06,2.485914678791465e-05,4.829948241846471e-06,0.0011368012675906996,0.00023525259549056737,0.00011960995979970332
20,0.486471099351383,8.494679794740449e-05,0.5025658102571744,0.0006868980576298305,3.046053481640532e-05,0.0003712466771471466,7.291893767213433e-06,0.0014537003947601458,0.0001792753126386514,0.0008309572379091875,0.0005880418199061025,0.00012586555970056396,6.702180288074875e-05,0.00023113231191268955,2.9605951858401172e-06,0.00028447304331931746,0.0038715611281365005,0.0010703155911390202,4.807435957664904e-07,2.1219134338152547e-06,3.1043677080970515e-05,7.084314526556743e-06,0.0007819718927033391,0.0001495245758618185,0.00010471451544371313
21,0.3661711796312957,3.2290316321359294e-05,0.6273123795158687,0.00027003863544018095,1.3425200551026396e-05,8.831270109831999e-05,3.092707346370784e-06,0.0006148191071367763,5.477419600688002e-05,0.00030912831084433826,0.00023139010063675893,9.910298255747658e-05,3.7063984287287805e-05,0.00012810681853060848,5.586889529217991e-07,0.0002220897281203211,0.0029060555442026142,0.0008126756905695794,1.1281875490947507e-07,1.2279518139691382e-06,2.031194130543657e-05,1.4612726987906573e-06,0.000478039246895764,0.00013615381991166314,5.620908885246212e-05
22,0.4181416769099188,4.1094666967685084e-05,0.5724940256649689,0.0003654352215257074,1.5035025600971945e-05,0.00020782417349199183,3.151634235173896e-06,0.0008419269325146913,5.241604054319111e-05,0.0005396480369597442,0.00031495281130284106,5.956123348898347e-05,3.411119181371315e-05,0.00010786679749318079,8.57081651310077e-07,0.0002075937363731944,0.004645860466423106,0.0010127770517083122,2.1278846240231158e-07,1.1981207090646355e-06,2.716897582877798e-05,2.214835910059777e-06,0.0007456527640980357,9.229629509395758e-05,4.544154291639203e-05
23,0.4328864553668469,5.7808316198354215e-05,0.5571980688176802,0.0005291639243972005,2.6489845513302865e-05,0.00031082471475400855,6.031541799786873e-06,0.0009464416770244482,0.00013086792871374255,0.0006245749095855036,0.00041629181662500547,0.00011179654168560929,4.599547997085849e-05,0.0001570438651162832,1.8769513534144977e-06,0.0003062632389023292,0.004081019601882573,0.0009525804216368132,3.295258797263534e-07,1.6636704662631575e-06,2.7949320469834924e-05,3.463103459269044e-06,0.0009081657838943863,0.00017306936000856146,9.576427613568206e-05
24,0.42366142589871064,0.0001090718082766452,0.5624843506081123,0.001107090816249423,3.293464280713245e-05,0.0003531800535985175,7.320026039482048e-06,0.0013291018678124257,0.00015453181787573812,0.001029733554882641,0.00043743715961232877,0.0001221818897032152,6.188929785227812e-05,0.00022415465677941371,2.4302952641476997e-06,0.0003862696684685974,0.005532912153996878,0.0014200107882389491,6.074096726388317e-07,2.0252210023732432e-06,3.693317673171273e-05,4.668030842107828e-06,0.001209968897062909,0.00019444431444781024,9.532594595968935e-05
25,0.5043822918746709,3.9510758470025914e-05,0.4855062031046474,0.00046016359324963494,3.086766103716445e-05,0.0002109680431965648,8.184329689306915e-06,0.0017661317205075223,8.590235830652591e-05,0.0003055841318107547,0.0006577118192789616,0.00015012427431401653,4.723573500260656e-05,0.00015644563858615028,1.0441353148875456e-06,0.0002056047840602116,0.003647483503455104,0.001457139307526015,2.384947691117249e-07,1.537829591236637e-06,3.494939976850278e-05,3.1993426192091694e-06,0.0006811764522354231,0.00010223534030607986,5.806636758665084e-05
26,0.32230262253075626,2.4824815381770083e-05,0.6708983643275299,0.000371375269431797,2.2547877331583375e-05,0.00019266662410699127,2.807911716438154e-06,0.00031270036510418393,0.00011282148841710297,0.00047494342689689145,0.00016979687436123568,4.3127814824664293e-05,2.926968915482256e-05,0.00010842169552496694,5.248030059621315e-07,0.00015785124502104745,0.002263945206524236,0.0009547120046433634,1.1462839703490834e-07,1.5344056427397217e-06,2.050997932899444e-05,9.043698042715701e-07,0.0012191272691955957,0.0002676099545735834,4.687542332431709e-05
27,0.49963835067345314,7.190330514008783e-05,0.4902030948356061,0.0007099183504632038,3.352827522671791e-05,0.0005125783607782119,8.067734192059453e-06,0.0012171152159366672,0.00026133456929101976,0.0008226929765816535,0.0005001259879232051,0.00013825494289523103,6.0189114752655955e-05,0.00018566583691514974,3.1892632601571753e-06,0.00032671835100757856,0.0031019629373651905,0.0009558790961261494,4.6331226148398455e-07,2.000060116006722e-06,2.4317048520639747e-05,6.425254520234328e-06,0.0008923563058959425,0.00020265394858670364,0.00012121424318467019
28,0.4328864553668469,5.7808316198354215e-05,0.5571980688176802,0.0005291639243972005,2.6489845513302865e-05,0.00031082471475400855,6.031541799786873e-06,0.0009464416770244482,0.00013086792871374255,0.0006245749095855036,0.00041629181662500547,0.00011179654168560929,4.599547997085849e-05,0.0001570438651162832,1.8769513534144977e-06,0.0003062632389023292,0.004081019601882573,0.0009525804216368132,3.295258797263534e-07,1.6636704662631575e-06,2.7949320469834924e-05,3.463103459269044e-06,0.0009081657838943863,0.00017306936000856146,9.576427613568206e-05
29,0.4328864553668469,5.7808316198354215e-05,0.5571980688176802,0.0005291639243972005,2.6489845513302865e-05,0.00031082471475400855,6.031541799786873e-06,0.0009464416770244482,0.00013086792871374255,0.0006245749095855036,0.00041629181662500547,0.00011179654168560929,4.599547997085849e-05,0.0001570438651162832,1.8769513534144977e-06,0.0003062632389023292,0.004081019601882573,0.0009525804216368132,3.295258797263534e-07,1.6636704662631575e-06,2.7949320469834924e-05,3.463103459269044e-06,0.0009081657838943863,0.00017306936000856146,9.576427613568206e-05
30,0.4328864553668469,5.7808316198354215e-05,0.5571980688176802,0.0005291639243972005,2.6489845513302865e-05,0.00031082471475400855,6.031541799786873e-06,0.0009464416770244482,0.00013086792871374255,0.0006245749095855036,0.00041629181662500547,0.00011179654168560929,4.599547997085849e-05,0.0001570438651162832,1.8769513534144977e-06,0.0003062632389023292,0.004081019601882573,0.0009525804216368132,3.295258797263534e-07,1.6636704662631575e-06,2.7949320469834924e-05,3.463103459269044e-06,0.0009081657838943863,0.00017306936000856146,9.576427613568206e-05
31,0.26719550120614377,0.0006646162643487421,0.0947617394239125,0.04500781494387271,0.025039628705009195,0.20221064520849963,0.0007314317267177098,0.00035806086236872336,0.2101178298465529,0.006345043132011623,0.016639226231728328,0.0032455154971499623,0.0003344937184774237,0.0016957531051988274,0.006840242602181733,0.0015508489663676414,0.009198146791691555,0.001118512670033669,9.55878144823386e-05,4.8645310424005416e-05,7.195516973164555e-05,0.0002638663074052801,0.0621055731238071,0.028112174869012234,0.016247146502870773
32,0.4338715352089127,6.174767887807206e-05,0.5553610304474127,0.0005987449772799127,2.8482900758895962e-05,0.00034732332643600775,6.917610852626167e-06,0.0010004686079170644,0.00014044092063716877,0.0006895903272838375,0.0004410289869573474,0.00011257261076284758,5.092470127426256e-05,0.00015888541695532763,2.1872518063310803e-06,0.00034452479304197445,0.004386933821204387,0.0010570581997695696,4.333664972790031e-07,1.8118771063860835e-06,3.240767474847824e-05,3.782591261782774e-06,0.0010129273793737334,0.00018847082962409703,9.976849324731235e-05
33,0.6281286569581731,6.835250765688573e-05,0.3591262581091179,0.0007067708155392324,1.692330824296815e-05,0.00015133918932097766,7.1722599911888445e-06,0.0014415388018249394,4.063650195755884e-05,0.000244512537849328,0.0005188756211662544,0.0002044485318523923,7.150716606472267e-05,8.069664905568602e-05,1.1424722558607042e-06,0.00034719302913661704,0.00710492211831372,0.0010629277130976445,3.6973802125484357e-07,9.667182129849244e-07,2.5719140860606557e-05,4.5961147682112425e-06,0.0004906036167173553,0.00010631063175565842,4.755974904690555e-05
34,0.7378291465417963,1.099115732664791e-05,0.25883267550294137,0.0002297691842353476,1.0008334554834402e-05,0.00010504676438676124,2.508313121725291e-06,0.000409231815354267,4.548646228914761e-05,0.00012059911597188691,0.00030898794805176366,2.9756474147044623e-05,3.400485591777385e-05,2.7636099932543256e-05,7.842395549265269e-07,6.236059215510721e-05,0.0009181739408441614,0.0006764573353950304,1.652909320155233e-07,4.137547912143768e-07,1.1271957375361718e-05,1.51075826449093e-06,0.00026294434611316605,5.425948023115378e-05,1.580973431589607e-05
35,0.4444808847946665,5.6113783787364706e-05,0.545745714789709,0.0005219455869764668,2.5219813826423664e-05,0.00031022804604228306,6.021262305186606e-06,0.0009584520314643149,0.00012869495035307808,0.0006101135939772314,0.00041015497434038884,0.0001113119983950097,4.6110347883100965e-05,0.00014960656025982664,1.8044856254818748e-06,0.00030614577703905475,0.003982821139565545,0.0009729031961389493,3.2982133914414284e-07,1.603909123575556e-06,2.723864607738476e-05,3.4721399356086888e-06,0.0008831878051243614,0.0001684957804839171,9.142476556068086e-05
36,0.4445303603785921,8.067608371103634e-05,0.5434920023673161,0.0006515900714359837,1.2215380057266151e-05,0.00029706680059146207,6.528472083063297e-06,0.0018281180927617365,0.00013286105242260113,0.0010044913801874494,0.0002800500448848073,0.00014696920717169145,5.9324374546653176e-05,0.0002003165430953717,1.9523883046743696e-06,0.0005446314833049589,0.004682637836868017,0.0012015887329451446,4.157756586042902e-07,1.763631040762331e-06,2.0534544595986783e-05,6.014476215830281e-06,0.00063088263818934,0.00010254675189585712,8.446149212358393e-05
37,0.4309549917216114,0.00029343283186533816,0.5321481931250158,0.002350287999618253,4.96211911699793e-05,0.002357847941095287,1.706339995407786e-05,0.005709640856162474,0.00034984774778009796,0.0036261298043226086,0.0012598188032829406,0.00024479723796782003,6.522886344754185e-05,0.00038537524577548924,2.4687934585315617e-05,0.001456624183109724,0.014276190995364845,0.0015131906938742245,2.9070651682618407e-06,3.8743440819131325e-06,5.435807621021989e-05,2.106031196567635e-05,0.0023385653970181357,0.0001501200108817891,0.0003461442186706173
38,0.47345526352899125,3.262599361345576e-05,0.5159482800131603,0.0005329617672772505,1.3732093537943126e-05,0.0005358945261234339,8.611801809635357e-06,0.0010159730933494244,9.157997883954941e-05,0.000655699516170992,0.00029435825480620136,7.560341121931552e-05,5.48818017053358e-05,6.456889564604192e-05,2.0338751559334315e-06,0.0005473738366651922,0.004066717900074911,0.0013425702458616411,5.843958532341438e-07,1.75001492480007e-06,2.9460353704908776e-05,3.0147993161483747e-06,0.0010341004260605012,0.0001348602887666657,5.749918736602935e-05
39,0.46738979242445294,4.0633355381221964e-05,0.5223253624462428,0.00041354279025496155,1.8244240557812165e-05,0.0003439258823033868,7.576922421409671e-06,0.0013391685773531522,8.602437212269044e-05,0.0004500648470786907,0.0004124519053665504,0.00013152956884449158,4.393183243108032e-05,9.956345479051267e-05,1.4499051568315339e-06,0.0003977679723931081,0.0045025536903117135,0.000989278577846758,3.2059653605357264e-07,1.4094226255981165e-06,2.8913348064057898e-05,3.4420348829925485e-06,0.0007690787075912643,0.00012618934601492943,7.778377897478627e-05
40,0.41462343802420715,6.326833645091062e-05,0.5736440201737807,0.0007407756070870536,2.9851800865520208e-05,0.00036855617613722517,7.4542531206145784e-06,0.001066258032161814,0.00015986154041075466,0.0008301419266007414,0.0004107749562746925,0.00010057316714535893,5.294982238658978e-05,0.0001722065531729755,1.9403317505380413e-06,0.00037110802674239425,0.004251470261133635,0.0014544222635381905,5.03350866901466e-07,2.036268888873113e-06,3.638334304554978e-05,3.2555065431265324e-06,0.0012986249125656866,0.00022027863537558742,8.98467297472982e-05
41,0.23281762561893213,6.721237753138398e-05,0.7491569692086261,7.550838036903173e-05,4.107384436452298e-06,4.97062307699859e-05,7.340983872516545e-06,0.0009036504528892651,2.4337714376748953e-05,0.00036059296080586983,0.00026729160153621636,0.00011276445054266853,6.988135665233515e-05,0.0002810246792937969,1.917839221815404e-07,0.0005716172284471113,0.01193260484963676,0.0019751038008041714,3.5617021005231515e-07,1.999434209946787e-06,0.00019029132146607222,2.3907077675273087e-06,0.0008479050665960151,0.00018497592536138649,9.455031094417746e-05
42,0.3617228844649573,4.2637431088387045e-05,0.6296313637043035,0.00042101839905810156,2.7549502537500206e-05,0.00022399605596260078,4.197473573968923e-06,0.0006596905766882067,0.00011623569309663572,0.0005491296931301799,0.00034348038392530893,8.389661948692492e-05,2.9978653069000747e-05,0.0001871894436503931,1.1889350377005277e-06,0.00020624854388490407,0.003271083550370659,0.0010466325109937278,1.8666215051838059e-07,1.5563929240527253e-06,2.7346299201446847e-05,1.6814785407832763e-06,0.0011350617363243614,0.0001783888780984761,8.737691794509928e-05
43,0.37290830353387044,5.7072749560089024e-05,0.6139647999296785,0.0007662532572189879,3.0448478641538653e-05,0.0008905429592210067,7.26255903654992e-06,0.0013440558189575273,0.00021724828845116653,0.0015893642702717922,0.00039791713953762475,7.513446637429568e-05,4.9207088518746876e-05,0.0001583683283977766,3.2961577288653283e-06,0.0004681152008695888,0.003923201883963991,0.0013384862654521087,6.526449630146187e-07,2.809769019648897e-06,3.515830678711486e-05,4.583341692932918e-06,0.0014780654614498553,0.00018989808391860655,9.97540164181789e-05
44,0.4328864553668469,5.7808316198354215e-05,0.5571980688176802,0.0005291639243972005,2.6489845513302865e-05,0.00031082471475400855,6.031541799786873e-06,0.0009464416770244482,0.00013086792871374255,0.0006245749095855036,0.00041629181662500547,0.00011179654168560929,4.599547997085849e-05,0.0001570438651162832,1.8769513534144977e-06,0.0003062632389023292,0.004081019601882573,0.0009525804216368132,3.295258797263534e-07,1.6636704662631575e-06,2.7949320469834924e-05,3.463103459269044e-06,0.0009081657838943863,0.00017306936000856146,9.576427613568206e-05
45,0.5385472768466412,5.4276969869617594e-05,0.4497428860708588,0.0011483808812117228,4.279289048872431e-05,0.0007019714240423174,1.404703306837384e-05,0.0015206381035826493,0.00022987230791614917,0.0006790956330932345,0.0005460657910762807,0.0001456648303500106,7.13429407158047e-05,0.00011132998916217955,5.002238186362757e-06,0.0004727138841291337,0.00348958132990049,0.0011361733396270761,7.066733785324923e-07,2.315521367226257e-06,2.4896854791096504e-05,5.752665720585313e-06,0.001023331936588906,0.00018848276890019467,9.540107533326587e-05
46,0.6304326626405806,6.27760195567835e-05,0.3542292808246071,0.0005204588315239752,1.5728032870736355e-05,0.00021170633386951126,4.628302575422856e-06,0.00087417236228496,3.0009045230300757e-05,0.00023009135028278065,0.00041779714927944484,0.0001795982448559448,4.0645739844736474e-05,5.064342472112573e-05,1.5637764974272918e-06,0.000341395957288261,0.011185189589093097,0.00044932305050042075,2.3873558602654893e-07,6.600414830574105e-07,1.600338199576948e-05,4.2942772190276406e-06,0.0005460462790188357,9.156370802970763e-05,6.352290120508921e-05
47,0.59676273031496,8.153982994605144e-05,0.3944723892347473,0.0003192081966064997,1.369426753016326e-05,0.00020803880493129522,5.115683652320269e-06,0.0009604534520771157,8.731907435111589e-05,0.00040682724981732174,0.0003910521810944728,0.00018921239262573918,5.7006820279701507e-05,9.454989817601599e-05,1.60795706231457e-06,0.0003764464531095225,0.0044410961930489695,0.0005274614509642215,2.661859773837899e-07,1.0203535953635473e-06,1.4605165933169042e-05,6.538452763807236e-06,0.00035163769166878705,0.00013103121101948928,9.915148406198096e-05
48,0.4155509583482667,4.369369452437678e-05,0.5759119705852365,0.0004475628321534978,2.8703444597305778e-05,0.00029925639258610004,5.996187137767765e-06,0.0008051061114463839,0.00015160410100978892,0.0005410926198635492,0.00042166750054447124,0.00010879606218815513,4.412079038120124e-05,0.00015688423327049676,1.7934779294298442e-06,0.00027353600184226945,0.0030806682650001116,0.0009168227678587898,2.7644723634880356e-07,1.7846257617611474e-06,2.673744092950585e-05,2.9083541605636425e-06,0.0008791818049816442,0.00019833258753139562,0.00010054532356207329
49,0.41039544344651707,4.2666243501865326e-05,0.581235120815483,0.00038728787409515974,2.144679549808414e-05,0.00029944400900929955,4.86843046892916e-06,0.0008434012343223803,0.0001030699314737838,0.0004884220662578459,0.00034911135984120467,0.00010814897158759285,3.8601376369824357e-05,0.00012661837272210128,1.1570178835785168e-06,0.00025190914392189136,0.0035163732332787593,0.0007972401035597197,1.8106265374183555e-07,1.5128730505842872e-06,2.1779389194037694e-05,2.7231072881940527e-06,0.0007446599738188714,0.00014323053259351337,7.558263560886609e-05
50,0.39534545396500126,7.541410194760928e-05,0.5933406915323772,0.0006128267193862625,2.650986135602871e-05,0.00040282890755558286,8.408663085499506e-06,0.0015208151143454077,0.0001809437990522863,0.0010982677854965298,0.0004204840659243765,0.00011304312804615656,5.642095152408012e-05,0.00022432450155583173,2.4372933948371814e-06,0.0003633927030547825,0.0038711148787059116,0.0011562122273082794,5.592815050450424e-07,1.9575705714570727e-06,3.7187931658258565e-05,5.296892442010526e-06,0.000881878926782224,0.00014473790258759297,0.00010879129533546521
51,0.5041201547106039,0.0003808004751362381,0.48013987813082615,0.0018217460118516336,2.7736773310244802e-05,0.00020524879757906141,4.549674394505585e-06,0.0029071780133777345,0.00013164751511316876,0.0013933791952330894,0.0005805105678233037,0.00019808045584024446,7.585165030075152e-05,0.0004370467516448463,3.0086253793461592e-06,0.00027650960316829784,0.0053477834271533275,0.0012117754461583323,5.590345391439272e-07,1.5054389486056373e-06,2.415797587940867e-05,1.0608826286406461e-05,0.0005183566108620437,9.054916653799581e-05,9.137712205233975e-05
52,0.46048414580974123,5.095338157414786e-05,0.5292654654342404,0.0006536229380433667,1.978452955690093e-05,0.00038792071008958705,5.087866085928836e-06,0.001095450838986618,0.00013908295220617695,0.0009714724871129693,0.0003585176002249567,7.700612329506382e-05,5.1785151566139555e-05,0.00013911702701378822,2.0900054038418763e-06,0.0003588665097672473,0.003293065061964294,0.0014529074398111107,4.5327782557088273e-07,2.003461316251359e-06,2.4340971931061553e-05,3.6431810220542487e-06,0.0009411761398151239,0.00015349350177160968,6.85475996346601e-05
53,0.4760898571711665,4.5122929867685956e-05,0.5125885200964461,0.0005043218651104067,3.0798655277470223e-05,0.0004905071255724445,1.488475272305543e-05,0.0013374229447972964,0.00019535025717351293,0.0004339384174319347,0.0005663961387486228,0.00020530778126738502,4.705327244594218e-05,0.00017369349590147501,2.550840105297675e-06,0.00040218471014427117,0.004044497816026798,0.0011816026531413528,3.7245087881413306e-07,1.932130048249544e-06,3.2804714640058786e-05,3.856120086416018e-06,0.0012811718224805175,0.0001844714508919016,0.0001413803876266768
54,0.29511850390959976,0.00010760567383213578,0.6944249132305839,0.00037190434166918166,2.6518148362166146e-05,0.00023709812402908088,5.900365608076159e-06,0.000933865252257445,0.00020911856118854233,0.0009364412940670746,0.0003436527615252338,0.00022127631185121034,4.113016692499469e-05,0.00035700710027586477,2.868939825074477e-06,0.000529479982315624,0.004326926945967554,0.0005465325227492531,2.6377959868763545e-07,2.1760493615781997e-06,2.3612559726081324e-05,4.5050863720332795e-06,0.0007010652309915127,0.00023343864864616774,0.0002941950126718421
55,0.48291434484916274,4.445524250941275e-05,0.5082928692482527,0.0005240852861220125,3.509474683100714e-05,0.00030464326733762703,9.232115841819993e-06,0.0008364328020734735,0.00018140685647726908,0.0003666050792602728,0.00046078539190203487,0.0001948462004468358,4.874933027989059e-05,0.00014396591391559695,1.5889265809308594e-06,0.00029603927175226983,0.003070146840084364,0.0009845213992713349,2.7488231314739025e-07,1.5046344181600425e-06,2.485276889106476e-05,3.0174293400299242e-06,0.0009008042755309574,0.00024981182615740454,0.00010992141524765968
56,0.4386897225097288,5.754166330404101e-05,0.5515857835371654,0.000521403694046863,2.5859026742948253e-05,0.0002984560739301924,6.028060164978382e-06,0.000940826512496066,0.00012773502990005945,0.0006028407705747968,0.0004147442407857294,0.00011267494463402493,4.790096434115235e-05,0.00015481679811223453,1.8166673204140335e-06,0.0002983858040743204,0.0039968973538251585,0.0009461346596154287,3.2529852604965104e-07,1.6646991243870542e-06,2.779810176800311e-05,3.5331929099006776e-06,0.0008718257264588594,0.00017242077239882844,9.286389805148154e-05
57,0.4013768379756849,8.474453730502786e-05,0.5870873908357471,0.0005329920874589909,2.516345218167477e-05,0.00024872287997516164,8.062783999609929e-06,0.0010533369740463496,0.00011638777603866,0.0006767838941324365,0.00043453381007115335,0.00014252459561694972,6.871380382374004e-05,0.00016121360108809765,2.0558392649920352e-06,0.00047264057417890015,0.005430779086633601,0.0009506814593599122,6.106340071007324e-07,1.7850537978366941e-06,4.387888364451339e-05,4.664415164595254e-06,0.0007497639359629301,0.00020949329600551808,0.00011623781481019087
58,0.4073350131679314,5.5430197225468104e-05,0.5829183141335686,0.0005316916853193813,3.2034009738958844e-05,0.0003023896791242061,6.353529914251301e-06,0.0007648497461092487,0.00014813478047854864,0.0006052618183953841,0.0004081018860563543,0.00011104064177443089,5.04993052067821e-05,0.00015857428253283836,1.8066097855027835e-06,0.00031049078515123414,0.0038797074638973173,0.0009626253578715781,3.379880062752317e-07,1.956749768851087e-06,3.141174004686364e-05,3.116942033781812e-06,0.0010295558766315884,0.0002481163008406716,0.000103185322590591
59,0.3755999671113435,5.263494656517935e-05,0.6151917264825388,0.00046341456409624643,2.8110111984620538e-05,0.00027196447607888023,5.447082224266887e-06,0.0007311559877551231,0.0001321339062959272,0.0006160081189804507,0.00035611498256541096,9.917267652670773e-05,4.53818454307686e-05,0.00015766891848508123,1.510650186980289e-06,0.0002968249989803694,0.0037603517325321702,0.0008925650922383929,2.8005592156482154e-07,1.8682749196975532e-06,2.9736892591065203e-05,2.7459585564752067e-06,0.000943376889583359,0.0002232142217426486,9.662402187632874e-05
60,0.4328864553668469,5.7808316198354215e-05,0.5571980688176802,0.0005291639243972005,2.6489845513302865e-05,0.00031082471475400855,6.031541799786873e-06,0.0009464416770244482,0.00013086792871374255,0.0006245749095855036,0.00041629181662500547,0.00011179654168560929,4.599547997085849e-05,0.0001570438651162832,1.8769513534144977e-06,0.0003062632389023292,0.004081019601882573,0.0009525804216368132,3.295258797263534e-07,1.6636704662631575e-06,2.7949320469834924e-05,3.463103459269044e-06,0.0009081657838943863,0.00017306936000856146,9.576427613568206e-05
61,0.377638891012711,4.6987577860615806e-05,0.6138275584022825,0.00042983355664874323,2.684019660998834e-05,0.00025884777423001965,5.129029203904196e-06,0.0006861240738562103,0.00013147831018021789,0.000580365329779521,0.000338867788968908,9.207922587865704e-05,4.3135470720420216e-05,0.00014982309855528738,1.3455513783623422e-06,0.00026645306887132796,0.0033500304983186905,0.000878988776368511,2.545440666054656e-07,1.7374587503467731e-06,2.8398710150712396e-05,2.5038476690820636e-06,0.000905845367833401,0.00021904752439614637,8.943380471072663e-05
62,0.4328864553668469,5.7808316198354215e-05,0.5571980688176802,0.0005291639243972005,2.6489845513302865e-05,0.00031082471475400855,6.031541799786873e-06,0.0009464416770244482,0.00013086792871374255,0.0006245749095855036,0.00041629181662500547,0.00011179654168560929,4.599547997085849e-05,0.0001570438651162832,1.8769513534144977e-06,0.0003062632389023292,0.004081019601882573,0.0009525804216368132,3.295258797263534e-07,1.6636704662631575e-06,2.7949320469834924e-05,3.463103459269044e-06,0.0009081657838943863,0.00017306936000856146,9.576427613568206e-05
63,0.43192182147582103,7.116001573947564e-05,0.5574091538142477,0.0005702589653997748,2.7168488101395644e-05,0.0003107246366396786,6.025104570001763e-06,0.001008002067883392,0.00013425177525573415,0.000699179842110643,0.00043219290579055115,0.00012036237435003025,4.8523696805743364e-05,0.0001719670493534083,2.0494559367089868e-06,0.00033352576408394676,0.004535688203478188,0.0009583964473942428,3.6979213662718935e-07,1.7273462740095409e-06,2.908310818634268e-05,3.917884701789763e-06,0.0009183118176708068,0.00018135101260450122,0.00010478695546428528
64,0.3986071657552345,5.441017616089328e-05,0.5914327318637044,0.0004523926317115203,2.6754887158809724e-05,0.00026157397718738285,6.318764477765004e-06,0.0008731170658652333,0.00011365778267330327,0.0005735661463007727,0.00040613908467086355,0.00010039432995544589,4.735974066685959e-05,0.00015906779685646857,1.5172619017069689e-06,0.0002960486274057025,0.004318593745394407,0.0010162908554149903,3.4420102810985525e-07,1.7039199328298898e-06,3.762633088707728e-05,3.0212622180257025e-06,0.0009385286070993936,0.0001813485575363756,9.032662855730221e-05
65,0.4000122136062696,6.0386571975987414e-05,0.5906938566101155,0.0004705951497630277,2.541626181587075e-05,0.0002648758699605278,5.354211251729772e-06,0.0008932578080645775,0.00013649756331375173,0.0006554691439297338,0.00038030430067960506,0.00010927177068687832,4.5181005938789e-05,0.00018178515097116613,1.660472041152629e-06,0.0002888634240798538,0.0037485310673186626,0.0008884313372833901,2.817164993458894e-07,1.728610810791967e-06,2.7094926263553226e-05,3.3443386841101973e-06,0.0008268304352859923,0.00017842709405959967,0.00010034155293665005
66,0.41395536244854464,4.257037903230695e-05,0.5783268547089534,0.0003923330595985493,2.0264418846523953e-05,0.00021120340542970053,4.907684991178256e-06,0.0008644718040268377,9.652178420472277e-05,0.0005069138920546422,0.0003383686777940057,8.828922695807069e-05,4.5892391506280446e-05,0.00012797066868161332,1.2292524700690664e-06,0.0002495980249741985,0.003030543773765233,0.0008736404913039616,2.292658250228591e-07,1.52817137586943e-06,2.3690990988448564e-05,2.681088260947884e-06,0.0005960401544092499,0.0001322377110862307,6.665652491835582e-05
67,0.3065052879726787,2.9128120255505924e-05,0.6850718441474625,0.00036374463095717344,1.5532908690399652e-05,0.00018392363983295654,3.202399469416563e-06,0.0005590201520510517,5.716930197538149e-05,0.0005102072741224355,0.0002215797607088756,4.6938670354722954e-05,3.156523902434785e-05,0.00011224416732887166,7.426983339807571e-07,0.00022031082109361778,0.0037206935081699885,0.0010212709092273374,1.75652035107708e-07,1.5960707230853886e-06,3.01667671243533e-05,1.1724862033219653e-06,0.0011001447624827635,0.00014322857055439276,4.9109369139664616e-05
68,0.6425338116999321,7.842968002514822e-05,0.3445264702606265,0.00062419048344926,1.95312682198765e-05,0.0003070361650486115,7.506191926239291e-06,0.001728206247724942,6.940985501023512e-05,0.0004997123492813759,0.0006184685329794125,0.000107664477488032,6.173358216390568e-05,8.43052608577859e-05,2.4622885754461757e-06,0.00038726408069365663,0.006358260379237056,0.0011688601417068937,8.005274360106497e-07,1.0794000272386625e-06,3.5641857018693615e-05,6.825161435236536e-06,0.0006217083408316293,9.120270164483952e-05,5.941906665989514e-05
69,0.22805251978574154,2.3289329018514714e-05,0.7649334376177129,0.00023447568770531527,1.3218279293704823e-05,0.00016550426349451448,3.711480082958309e-06,0.0007090895400772702,8.077017159313457e-05,0.0005759316543247708,0.00019035486629353504,5.2336121227434986e-05,2.7790001546257856e-05,0.0001781915041164641,5.603406758784017e-07,0.00021542077139360174,0.002232568072885896,0.0011837212439886583,1.4720769565082264e-07,1.840101264025283e-06,3.5743165817197104e-05,1.0871687022063359e-06,0.0008954197839789459,0.00013397990858832968,5.889193278118321e-05
70,0.4142718192391444,4.076433041482978e-05,0.5776656249678703,0.0007201573180084449,4.9938164555113786e-05,0.0002966022597792519,5.964129522021161e-06,0.0007645011584910237,0.0001646938324309091,0.00041865452019472634,0.00042744880162567017,9.397214914319916e-05,3.720811125655095e-05,0.0001787599471554385,1.6480582035488154e-06,0.00013029827509563656,0.0026768276579419246,0.0007935130071920824,1.7116162917582052e-07,1.5312814720740582e-06,2.2741273823688565e-05,2.3125927479983483e-06,0.0010086719315008995,0.00015390628475078796,7.22695460501549e-05
71,0.09326517719609777,5.177948170179695e-05,0.8973686699408844,0.000302983986486599,6.041699104449029e-05,0.0001509417205089166,8.309981056719276e-06,0.0006561198988463436,0.0004177739399385677,0.0010864792152338707,0.00016988826113785408,7.327163694711438e-05,3.182674466103497e-05,0.0008288964530750981,6.554610762657702e-07,0.0002598646078928337,0.001726914846730255,0.001434148845369603,1.7374997195045446e-07,5.299998155698325e-06,7.161095087317965e-05,1.101936699970682e-06,0.001482170564546313,0.000395903751009434,0.00014961984005413165
