,0,1,2,3,4,5,6,7,8,9,10,11,12,13,14,15,16,17,18,19,20,21,22,23,24
0,3.0313720924652776e-08,2.814068980184747e-09,5.841067983130873e-05,1.691256489233228e-05,9.39704062341258e-05,0.00010299506863859307,6.452665598030965e-08,8.896002284465353e-11,0.000562457858863092,1.702877636991484e-05,1.8690480497719757e-09,2.354530908248807e-10,3.7447593751397096e-10,4.490305244334505e-06,3.4369053229451113e-09,9.953721776673745e-08,3.4437068626562543e-06,3.700225854656059e-06,6.675356736699652e-10,1.1860772167533269e-06,4.348817305579054e-07,2.388835527552234e-12,0.9920853301793019,0.007048283736966782,1.151665562673404e-06
1,2.237344643137503e-08,2.124172468684591e-09,4.9898660532095744e-05,1.602355663336247e-05,5.845381779346273e-05,0.00012958395380203153,5.815900445736401e-08,9.311314473814634e-11,0.0007202996689240035,2.3253655562426646e-05,1.2071459205060852e-09,1.5636099768003908e-10,3.2704060865572456e-10,3.838043869384388e-06,3.599372342177372e-09,1.212714340098322e-07,1.966359743662352e-06,3.865387750518503e-06,7.720635560843275e-10,1.291203406303184e-06,3.453866703468504e-07,2.0717357560812685e-12,0.9923248562393647,0.0066650864898245114,1.0274908973746596e-06
2,2.1107693215440836e-08,2.2544643539476374e-09,4.6598062999008954e-05,1.666534160981572e-05,7.627942481844207e-05,0.00011899002159196342,6.048551265546597e-08,9.08594538294629e-11,0.0007491099711149004,1.941700278072029e-05,1.4518172695723231e-09,1.9104752691352295e-10,3.1470833712981825e-10,4.841014324532157e-06,4.406218376106046e-09,1.0210043863581358e-07,2.0260207168825244e-06,3.338296654124928e-06,6.856371456034966e-10,1.357109991237694e-06,3.5025741843579614e-07,2.3082534751656324e-12,0.9922575537813971,0.00670200828013565,1.2723237418449085e-06
3,2.3281029902058088e-08,2.0492370730799617e-09,4.33365140642748e-05,1.5241045716405486e-05,6.437092945626886e-05,0.00012129616698853571,5.573483150811073e-08,8.217034684733936e-11,0.0006358732845893382,1.7896975601285474e-05,1.3903085041498568e-09,1.6522622077393944e-10,2.970074182797878e-10,3.762124513073464e-06,3.6340247317911794e-09,9.344030547410533e-08,2.118962415149835e-06,3.465970422594567e-06,6.940674766687217e-10,1.0845815394627267e-06,3.395012723742729e-07,2.132433898482938e-12,0.9930994835986566,0.005990532116682254,1.0174577409823429e-06
4,2.495080717663998e-08,2.4328748319956372e-09,4.6699534656412616e-05,1.622549637952536e-05,6.977838985232746e-05,0.00011570650699119397,5.877795342971143e-08,9.099827956623826e-11,0.0006572291048946174,1.9262418385370094e-05,1.5179218261687564e-09,1.826943769699385e-10,3.435424896469412e-10,4.385296981464327e-06,3.762043727219795e-09,9.698437194601284e-08,2.2837181350094974e-06,3.749034613097601e-06,7.501159369302546e-10,1.1959418046562897e-06,3.876406890646875e-07,2.430030806285603e-12,0.9927560982768983,0.006305726935416009,1.0819085490359067e-06
5,2.145082714082505e-08,1.9077221700677718e-09,4.0670348201822046e-05,1.5017137112918742e-05,6.234014977791178e-05,0.00010438616330258226,5.1579543986951043e-08,7.708603234105391e-11,0.0005744049124560553,1.7594671026771303e-05,1.2669778501947423e-09,1.3564887298785015e-10,2.8742995168924053e-10,3.603660071211554e-06,2.9441771878236367e-09,8.424826097315959e-08,1.918665999256751e-06,4.029038015339567e-06,6.650052149138506e-10,1.1086871522290782e-06,3.4192590174687003e-07,1.7575914892089865e-12,0.9934253379027179,0.005748273010158583,8.091636687896317e-07
6,2.3281029902058088e-08,2.0492370730799617e-09,4.33365140642748e-05,1.5241045716405486e-05,6.437092945626886e-05,0.00012129616698853571,5.573483150811073e-08,8.217034684733936e-11,0.0006358732845893382,1.7896975601285474e-05,1.3903085041498568e-09,1.6522622077393944e-10,2.970074182797878e-10,3.762124513073464e-06,3.6340247317911794e-09,9.344030547410533e-08,2.118962415149835e-06,3.465970422594567e-06,6.940674766687217e-10,1.0845815394627267e-06,3.395012723742729e-07,2.132433898482938e-12,0.9930994835986566,0.005990532116682254,1.0174577409823429e-06
7,3.2880246596951015e-08,2.221524874770036e-09,4.966147033562871e-05,1.6326646203547428e-05,6.421582968841898e-05,0.00014571876048358214,6.256596772361373e-08,1.0163187032153579e-10,0.0006322050461043087,1.9794326730804752e-05,1.6833813481182258e-09,1.7214660742981107e-10,3.9180692767233535e-10,3.4802568352846617e-06,4.147481078930744e-09,1.0236765079369156e-07,2.3107880424958908e-06,4.045142117501485e-06,8.188633504435553e-10,1.1951163363233952e-06,3.80707679098819e-07,2.723575039167111e-12,0.9933272859063543,0.005732222664913356,9.499847504185322e-07
8,2.3594398868064038e-08,2.069980837036936e-09,4.1989307660921385e-05,1.5522719694819295e-05,6.543397381446825e-05,0.0001245468877640824,5.88027775570885e-08,8.689333918650068e-11,0.0006305693034800138,1.760743476293495e-05,1.4512790544126184e-09,1.6818804449814375e-10,3.042106624295266e-10,3.703565687116289e-06,3.714273840145845e-09,9.50635518965541e-08,2.1436394603023693e-06,3.624691972255633e-06,7.365083603318017e-10,1.0930957050773307e-06,3.5343669990867753e-07,2.2166216113462087e-12,0.9932582680004998,0.0058339623966140956,9.955519051784956e-07
9,1.1780095207620187e-07,1.1892439458614997e-09,1.2113146041556012e-05,1.4780285473416494e-05,0.0001472068314550275,0.00034862053028269027,3.1437074718017496e-07,1.591259282148818e-10,0.0003980025880704994,2.157955636734958e-06,8.954567948833755e-09,3.019675275158838e-10,4.1582080003078783e-10,7.765249639100935e-07,7.612995450143845e-09,4.101401386542304e-08,2.787233896124289e-06,6.276194265769692e-06,1.8487448642016938e-09,3.463005885709311e-07,6.81293821388626e-07,6.015798339435621e-12,0.9971927881729042,0.0018725652279461325,4.0404045845010487e-07
10,2.3281029902058088e-08,2.0492370730799617e-09,4.33365140642748e-05,1.5241045716405486e-05,6.437092945626886e-05,0.00012129616698853571,5.573483150811073e-08,8.217034684733936e-11,0.0006358732845893382,1.7896975601285474e-05,1.3903085041498568e-09,1.6522622077393944e-10,2.970074182797878e-10,3.762124513073464e-06,3.6340247317911794e-09,9.344030547410533e-08,2.118962415149835e-06,3.465970422594567e-06,6.940674766687217e-10,1.0845815394627267e-06,3.395012723742729e-07,2.132433898482938e-12,0.9930994835986566,0.005990532116682254,1.0174577409823429e-06
11,2.557840739764934e-08,2.2102044159967597e-09,4.512848254937435e-05,1.5518594632553195e-05,6.93167810967397e-05,0.00012295778503515581,6.058583550036846e-08,8.700661021301901e-11,0.0006663973888085706,1.8107448531049827e-05,1.526404442716466e-09,1.8154632385140453e-10,3.373751441846782e-10,3.913107691264443e-06,3.86970525328058e-09,9.825549922313305e-08,2.2093261991108563e-06,3.617516024778429e-06,7.473528439211757e-10,1.1705259559514387e-06,3.671720199974734e-07,2.388239669749168e-12,0.9926151668442428,0.006434861250939961,1.0743945472894672e-06
12,3.783596202476216e-08,3.3517634276415995e-09,4.922375482211671e-05,2.9371076592199387e-05,4.045612517306962e-05,0.00019944512934251925,7.56427723081232e-08,2.1727753344562917e-10,0.0007745079291386208,3.631508702813243e-05,1.5546459341112879e-09,2.513580417247303e-10,5.26168957567794e-10,3.6991117556261486e-06,6.144947241819317e-09,2.2513746645103476e-07,2.25498651582567e-06,6.748523845119402e-06,1.8126346511381364e-09,1.2639436338953111e-06,3.6584608461253293e-07,3.864345464205e-12,0.9940338759199853,0.004821174444183685,9.456430384108518e-07
13,2.365879553767434e-08,2.1112164909156248e-09,4.379506693863358e-05,1.544809500871511e-05,6.681484986771045e-05,0.00012034226226528362,5.6883308458733046e-08,8.440426020265978e-11,0.0006443803776901753,1.7745943984738197e-05,1.4560408271039714e-09,1.7362117785758913e-10,3.029640002773525e-10,3.939517072173295e-06,3.7916889440519455e-09,9.353425916168155e-08,2.157555789775683e-06,3.4552864760187934e-06,7.072534098532776e-10,1.0951775027902263e-06,3.5139601638324634e-07,2.220203834720936e-12,0.9930331882209791,0.006046038759930408,1.064784705685538e-06
14,2.3307127232826625e-08,2.437280487292148e-09,4.064121012452185e-05,1.6147747940655204e-05,8.0254200586902e-05,8.346745107696852e-05,4.752535817192078e-08,8.286945626531186e-11,0.0004917552405313704,1.7549788930953265e-05,1.579364122881279e-09,1.2844326720888834e-10,3.134802279610036e-10,4.291663696502887e-06,2.261153977492259e-09,6.578265791220341e-08,2.46448537512009e-06,4.778845708157043e-06,7.733711484226166e-10,9.57104080105315e-07,5.414162645650453e-07,1.9970989740066747e-12,0.9932756563886046,0.005980672363453805,6.77900522772513e-07
15,2.3281029902058088e-08,2.0492370730799617e-09,4.33365140642748e-05,1.5241045716405486e-05,6.437092945626886e-05,0.00012129616698853571,5.573483150811073e-08,8.217034684733936e-11,0.0006358732845893382,1.7896975601285474e-05,1.3903085041498568e-09,1.6522622077393944e-10,2.970074182797878e-10,3.762124513073464e-06,3.6340247317911794e-09,9.344030547410533e-08,2.118962415149835e-06,3.465970422594567e-06,6.940674766687217e-10,1.0845815394627267e-06,3.395012723742729e-07,2.132433898482938e-12,0.9930994835986566,0.005990532116682254,1.0174577409823429e-06
16,2.701609364417193e-08,2.4185461026696957e-09,4.4080405319079845e-05,1.7466183259907238e-05,6.901132627526452e-05,0.00012950102075334549,6.232791835052528e-08,9.836699188877604e-11,0.000659312147230864,1.8454261900975028e-05,1.6464324932672271e-09,2.100715646784962e-10,3.3328925353698404e-10,4.220388320705356e-06,4.431656807513597e-09,1.0276488623987725e-07,2.3839871024595704e-06,3.7324715394211236e-06,8.269702842567694e-10,1.072365213025287e-06,3.72714091818282e-07,2.710289944098695e-12,0.9931772374148827,0.005871791937660092,1.1612995085426033e-06
17,1.7513362195565643e-08,1.4754160720505184e-09,4.396334612312192e-05,2.676687071372988e-05,2.597062200318056e-05,0.00034760456031046995,5.0437431734523154e-08,1.6633178096463536e-10,0.0007396921200966086,5.20661594501728e-05,8.019624112007937e-10,1.2025015730831434e-10,2.7259141797601193e-10,2.350021976930136e-06,8.421736271112262e-09,2.941484552219707e-07,1.6689562740018396e-06,4.1085977628272895e-06,1.2185040729033423e-09,1.6496919048463963e-06,1.564438410633832e-07,2.3849998360083853e-12,0.99519930069437,0.0035534376557651965,8.896809813602072e-07
18,2.4989932951712726e-08,1.7086319019285953e-09,3.781039878155601e-05,1.9162225485546627e-05,6.664197003873013e-05,0.00014018898575972653,5.212704263375147e-08,9.035220755001536e-11,0.0006131802166626804,1.77399484482909e-05,1.2789129674451128e-09,1.2098122618552353e-10,2.932859176951661e-10,2.700119036497486e-06,3.3465349788322504e-09,8.134301649781616e-08,1.73720192311441e-06,3.8495243152692205e-06,6.305085383456569e-10,1.0823157014236629e-06,2.7163592291313814e-07,1.838357650422043e-12,0.9941513789615355,0.004943485187261459,6.053780889885955e-07
19,2.2488704973215044e-08,2.5832944723152574e-09,4.334795342975168e-05,2.2538767750557492e-05,7.681712739899205e-05,0.00015484089211440785,5.976657137823403e-08,1.0278425721713429e-10,0.0008459146211912094,2.3863970375526774e-05,1.3213379984475132e-09,2.0822230078976076e-10,3.1849527066942963e-10,4.437443395026425e-06,5.0651245806230594e-09,1.138130866599398e-07,2.172460804682926e-06,3.158433323810885e-06,7.30129351606004e-10,1.2600171049842053e-06,2.7418680500698966e-07,2.8069442043559127e-12,0.9923771160565913,0.006442864726178398,1.186942978245779e-06
20,2.6790082559988592e-08,2.7199489863300517e-09,4.3332003679389304e-05,2.073666624275868e-05,7.612677136766868e-05,0.00014607374205468653,6.305377733537134e-08,1.2223400777670866e-10,0.0007430313226354135,2.2151074273052232e-05,1.7712153010016406e-09,2.0660390188510545e-10,3.906181513682145e-10,4.706811966253933e-06,5.3490000573405336e-09,1.1028998397100225e-07,2.2897012599273527e-06,3.9709280241027675e-06,9.310236103336026e-10,1.37503959455593e-06,3.833462901988039e-07,3.4282315093655205e-12,0.9930346756293618,0.00589977245630824,1.1628790259093483e-06
21,3.4872233910517644e-08,3.4889095376193292e-09,7.772932634163351e-05,1.709852557277901e-05,7.512612448822214e-05,8.721525011255486e-05,5.966530825015198e-08,1.000582693642261e-10,0.000613372282292142,2.235993976009522e-05,1.7621958377276973e-09,2.5632390787892e-10,4.771925683171713e-10,5.928306727459187e-06,3.1395158433780232e-09,1.2695580109364456e-07,3.0306126774669332e-06,5.108882400612635e-06,7.457884939595513e-10,1.4375132880270957e-06,5.071458469354065e-07,2.3753841338162972e-12,0.9906306586822159,0.008458866060534039,1.3298820388560414e-06
22,2.6985783344512067e-08,2.3337729780421242e-09,5.5228028669504e-05,1.4590377443317799e-05,5.1287875554952045e-05,0.00011552639688737686,4.578874882411956e-08,9.816972765255853e-11,0.0004094776731917478,2.3794102168993317e-05,1.458855092512157e-09,1.1780488071537968e-10,3.258683625980977e-10,3.70492814564709e-06,2.7315108050778935e-09,8.986627920872213e-08,3.070050054669912e-06,4.664268770403913e-06,7.769299310203937e-10,1.1081893504685972e-06,4.4113959803883473e-07,2.184724199221597e-12,0.9949716725383853,0.004344532831559533,7.311143120951955e-07
23,2.3281029902058088e-08,2.0492370730799617e-09,4.33365140642748e-05,1.5241045716405486e-05,6.437092945626886e-05,0.00012129616698853571,5.573483150811073e-08,8.217034684733936e-11,0.0006358732845893382,1.7896975601285474e-05,1.3903085041498568e-09,1.6522622077393944e-10,2.970074182797878e-10,3.762124513073464e-06,3.6340247317911794e-09,9.344030547410533e-08,2.118962415149835e-06,3.465970422594567e-06,6.940674766687217e-10,1.0845815394627267e-06,3.395012723742729e-07,2.132433898482938e-12,0.9930994835986566,0.005990532116682254,1.0174577409823429e-06
24,2.023885723829802e-08,2.6983863390876058e-09,4.096048202964409e-05,2.0337167823833598e-05,6.7558699006241e-05,0.00010002523204217557,4.964301412679671e-08,1.0220448511139489e-10,0.0005924121778414862,2.2471631411015726e-05,1.3326396989869976e-09,1.5924065672931178e-10,3.0514150490377225e-10,4.923829344424848e-06,3.3498382391083408e-09,9.323389638342288e-08,2.3255493033956633e-06,4.3599738162437105e-06,8.280897765140493e-10,1.1196931739580103e-06,3.9031897955614597e-07,2.2607115592962516e-12,0.9937944892165292,0.005347568798325578,8.85336804021798e-07
25,2.4215582147771603e-08,2.3865618934968196e-09,4.4616619395721576e-05,1.6493777101983223e-05,9.352865915803477e-05,9.432905590821995e-05,7.180891526845478e-08,1.2083257944759687e-10,0.0005398737200558428,1.531547184249233e-05,2.0053511291899455e-09,1.7622058670642807e-10,3.422540957608052e-10,4.688854979881885e-06,3.021809066791806e-09,7.807595435252142e-08,2.2821737600568114e-06,4.9340657637065385e-06,7.690224508344329e-10,1.2592016763176967e-06,5.372135962042518e-07,2.148764643763765e-12,0.9938007853447028,0.0053802954578703556,8.774595356688906e-07
26,1.7221327706225092e-07,8.0033150590149e-07,0.0002649708720547448,0.0008316813937460736,0.0010166398989398444,0.010545884338611587,4.422598498814282e-06,1.3224022520120415e-07,0.006528499688675554,0.0019334544547756208,5.053797828231976e-07,1.0535568065890014e-07,2.199919138986721e-08,0.0004593517476314424,1.7414382935014864e-05,2.079088276378815e-05,0.00017543633981914342,1.7250870938456966e-05,8.246598329095968e-07,3.7247910993877236e-05,1.432491888795898e-05,1.1659100628881429e-08,0.974495410335048,0.00327580972550712,0.00035883580157667624
27,2.632120669751357e-08,2.29178659332929e-09,3.9284988101910133e-05,1.9585324111502773e-05,7.391474573173259e-05,0.00017336802453122603,6.46193960670858e-08,1.0331181435457102e-10,0.0009605726169056154,1.9883349616450312e-05,1.496029162083901e-09,2.1705933434088903e-10,3.352945109593629e-10,3.780224427257557e-06,5.391045671755856e-09,1.1226538540972589e-07,1.7971283634993539e-06,3.1724187642012425e-06,8.023521625586055e-10,1.185504658907081e-06,2.8023350633907716e-07,3.149748646188328e-12,0.9916479556385791,0.007053742805514519,1.263151170438718e-06
28,2.3281029902058088e-08,2.0492370730799617e-09,4.33365140642748e-05,1.5241045716405486e-05,6.437092945626886e-05,0.00012129616698853571,5.573483150811073e-08,8.217034684733936e-11,0.0006358732845893382,1.7896975601285474e-05,1.3903085041498568e-09,1.6522622077393944e-10,2.970074182797878e-10,3.762124513073464e-06,3.6340247317911794e-09,9.344030547410533e-08,2.118962415149835e-06,3.465970422594567e-06,6.940674766687217e-10,1.0845815394627267e-06,3.395012723742729e-07,2.132433898482938e-12,0.9930994835986566,0.005990532116682254,1.0174577409823429e-06
29,2.3281029902058088e-08,2.0492370730799617e-09,4.33365140642748e-05,1.5241045716405486e-05,6.437092945626886e-05,0.00012129616698853571,5.573483150811073e-08,8.217034684733936e-11,0.0006358732845893382,1.7896975601285474e-05,1.3903085041498568e-09,1.6522622077393944e-10,2.970074182797878e-10,3.762124513073464e-06,3.6340247317911794e-09,9.344030547410533e-08,2.118962415149835e-06,3.465970422594567e-06,6.940674766687217e-10,1.0845815394627267e-06,3.395012723742729e-07,2.132433898482938e-12,0.9930994835986566,0.005990532116682254,1.0174577409823429e-06
30,2.3281029902058088e-08,2.0492370730799617e-09,4.33365140642748e-05,1.5241045716405486e-05,6.437092945626886e-05,0.00012129616698853571,5.573483150811073e-08,8.217034684733936e-11,0.0006358732845893382,1.7896975601285474e-05,1.3903085041498568e-09,1.6522622077393944e-10,2.970074182797878e-10,3.762124513073464e-06,3.6340247317911794e-09,9.344030547410533e-08,2.118962415149835e-06,3.465970422594567e-06,6.940674766687217e-10,1.0845815394627267e-06,3.395012723742729e-07,2.132433898482938e-12,0.9930994835986566,0.005990532116682254,1.0174577409823429e-06
31,2.8732436899594378e-08,2.5204871817223738e-09,6.43154348567736e-05,1.4770240721619522e-05,5.061700248364535e-05,0.00010877375866130211,5.4610153084183484e-08,1.0241460304935301e-10,0.0005671224543512523,2.392305631400169e-05,1.304808699980207e-09,1.512678256412694e-10,3.5137617887221464e-10,4.282597584687273e-06,2.8171452090979243e-09,1.0610998888644575e-07,2.357988874039744e-06,4.677376768974806e-06,7.309557094902937e-10,1.1611769004855801e-06,4.124129000134225e-07,1.9979907895468618e-12,0.99369557755556,0.005460871699899822,9.398110910142072e-07
32,2.4003993169010908e-08,2.085081306288761e-09,4.2310652006145376e-05,1.5709294690043467e-05,6.642940076426628e-05,0.00012476427844044954,5.8879218615824026e-08,8.80812153728899e-11,0.0006338289957894633,1.8017126322319057e-05,1.4922148200535096e-09,1.720065735589972e-10,3.1424573661739225e-10,3.69378852740449e-06,3.862826657205071e-09,9.872812153011119e-08,2.2032360852081095e-06,3.666462751695442e-06,7.742320395372047e-10,1.124912912754381e-06,3.5676029421850404e-07,2.2875776814598287e-12,0.9930850436627522,0.006001648165955472,1.0128603991720359e-06
33,2.5165739442675828e-08,2.251511584590741e-09,4.353138459307129e-05,1.5742033680652725e-05,6.723730135620255e-05,0.00011848658714686244,5.88503876861512e-08,8.78218155457728e-11,0.0006095043986577807,1.767924076235663e-05,1.5429341749976736e-09,1.810028484183666e-10,3.2310483749128787e-10,3.916811778087642e-06,3.705079413075767e-09,9.573744755288016e-08,2.357085891249292e-06,3.6986664820951523e-06,7.698560385759105e-10,1.0733614084487133e-06,3.818173862466149e-07,2.3620431266898226e-12,0.9931479756482919,0.005967197965609334,1.0290797084209103e-06
34,5.553834528353887e-08,1.2453397689120352e-09,4.247611196156916e-05,1.3571486846984452e-05,7.652098351259361e-05,0.00011610129333586259,6.399504413301706e-08,7.542993948302337e-11,0.0005759494618461019,1.0308020956802515e-05,2.043238691988177e-09,1.2705461287618092e-10,3.8761236487012433e-10,1.9944394131343437e-06,3.551618199960695e-09,6.643077317470861e-08,1.6318040102544213e-06,5.212145296353065e-06,8.086217791423035e-10,8.305871924765457e-07,4.015817088941756e-07,1.9268224139496827e-12,0.993416503728296,0.005737711003495159,5.931471228173948e-07
35,4.790183431861553e-08,2.502003031429064e-09,4.66913220563539e-05,1.8005148872695958e-05,4.3863591289970386e-05,0.0001679500032198821,6.552022014876827e-08,1.1458022001823587e-10,0.0007507806864820526,2.183818577880131e-05,1.4172740717737744e-09,2.078556589584066e-10,4.125412293416993e-10,2.6350459239793827e-06,3.432020428734742e-09,1.4555105890215878e-07,2.013004256233665e-06,6.260022207227644e-06,1.2001177573638181e-09,8.307309438593386e-07,3.358453225709691e-07,3.0012944567438648e-12,0.9923106762569198,0.006626953701170468,8.981930492080799e-07
36,2.3218869341305883e-08,2.016085954692321e-09,4.310579421774097e-05,1.5065041807928114e-05,6.475662725370334e-05,0.0001207039442122191,5.554393376469489e-08,8.10207295995963e-11,0.0006337480405711023,1.761885163966013e-05,1.393782001680343e-09,1.6372565812180995e-10,2.943407866656828e-10,3.7277149152135623e-06,3.6037718369791713e-09,9.195250044343717e-08,2.1022206738758108e-06,3.4425386057194522e-06,6.865084954203045e-10,1.077015749383854e-06,3.3926975731787406e-07,2.10513707768936e-12,0.9930827244555359,0.006010397444348983,1.0120840670928127e-06
37,3.306177651316199e-08,2.160911978256033e-09,5.729615631087351e-05,1.1675744785295061e-05,8.105793556375394e-05,8.504047535992086e-05,5.8622105977416925e-08,5.998306606067563e-11,0.000671254153828287,1.4516441161911818e-05,1.5249285510255476e-09,1.7266980231361073e-10,3.714336761307999e-10,4.021086469185255e-06,2.4325635187691094e-09,7.642335822549834e-08,2.0719992416059525e-06,3.9735868486696694e-06,5.730034173065272e-10,1.0685114293084789e-06,4.492404557403229e-07,1.831744626860864e-12,0.9897431764328354,0.009323174589150647,1.048241992992919e-06
38,2.0517310858794493e-08,2.1243259409813306e-09,4.25864559266704e-05,1.5154556355004283e-05,7.175864674111261e-05,0.00010004166190981685,4.94603154580633e-08,7.249036724293223e-11,0.0006762653993480811,1.6534707693667358e-05,1.31432627893273e-09,1.6805198196966286e-10,2.5899166537615095e-10,4.453228786251677e-06,3.288853808485401e-09,7.71309268431977e-08,1.9737336369434667e-06,3.012976447061414e-06,5.812316884320438e-10,9.809441423694479e-07,3.321727193833525e-07,1.905958301835693e-12,0.9925984940738645,0.006467155235939513,1.101287758846605e-06
39,2.998961556506152e-08,2.4002594699492434e-09,5.0382151873054605e-05,1.4234812548008617e-05,6.152633747585433e-05,0.00018461593103210122,9.352983573661424e-08,1.3700201713298674e-10,0.0006077298316837044,1.979859740351831e-05,2.0472149957002126e-09,2.4279844766032745e-10,4.027915797429915e-10,3.3929968376330434e-06,4.703266743210062e-09,1.5162126300060664e-07,3.0012848597763406e-06,4.103632048540777e-06,1.0995334480903265e-09,1.2958067827815128e-06,4.6103843013692984e-07,3.382975778162558e-12,0.9933604358699627,0.005687427276443012,1.3082556550791993e-06
40,2.28576283234116e-08,2.0347915729494443e-09,4.284871812707921e-05,1.5259592068891324e-05,6.37353603027974e-05,0.00011989009676682608,5.518689830223063e-08,8.203278338451335e-11,0.0006310376557099029,1.801571434991683e-05,1.3679810296604443e-09,1.6151717794214406e-10,2.9488994500955835e-10,3.7360139940680257e-06,3.5555673794961993e-09,9.344757959347171e-08,2.0972878270223716e-06,3.5185603149799615e-06,6.985453464803945e-10,1.0845217731722622e-06,3.398009161976505e-07,2.0931612324090307e-12,0.9931261709702996,0.005971091349514662,9.946685102598728e-07
41,2.3355441402356586e-08,1.3624427658524707e-09,3.3372575339368525e-05,2.1786023665972127e-05,9.17902546691387e-05,0.00018861929079553867,5.292813883432598e-08,7.591727482553271e-11,0.0009687722288588405,1.540813750240213e-05,1.3142935631151495e-09,1.5618931309342006e-10,2.1375497567307567e-10,2.7364641427869026e-06,6.222849996278487e-09,7.258275759274114e-08,1.3823831818153352e-06,2.245748806201756e-06,5.099392464092255e-10,9.447693448331247e-07,1.6644379609407482e-07,2.0029480026019343e-12,0.9930136176504201,0.005658062482130658,9.368236180136323e-07
42,3.3397204411168424e-08,3.3913140256315933e-09,4.9563488720609446e-05,2.1586521045476055e-05,7.979051891185831e-05,0.0002161054823437407,8.940669639932559e-08,1.5213834097619914e-10,0.0008225865681692811,2.5305040343382575e-05,2.084421770195406e-09,2.9618462841818944e-10,5.205735657909072e-10,4.097093998912521e-06,7.125573277194404e-09,1.8410292502448172e-07,3.5295327712317412e-06,3.5667430525435935e-06,1.2884655353135292e-09,1.5358037346706961e-06,4.355460028929271e-07,5.494503066792015e-12,0.9919719992189512,0.006798071452001644,1.5052189610173964e-06
43,4.750864879772713e-08,4.240151244032947e-09,6.956218326631798e-05,1.2460112244138252e-05,0.00017744918428916077,2.5916191504626254e-05,6.76361046419055e-08,3.3213154328803356e-11,0.0005501509970589698,4.5329142741594465e-06,2.5213856746017593e-09,7.077980909266167e-10,4.846240411012025e-10,7.57175981607402e-06,1.8655571494305555e-09,6.397972426277024e-08,3.8006346719850457e-06,2.9408389534844144e-06,2.876143266303986e-10,8.396174261228183e-07,5.37753433954887e-07,1.4577831514447795e-12,0.9825191905326853,0.016622769627064,2.088387032327295e-06
44,2.3281029902058088e-08,2.0492370730799617e-09,4.33365140642748e-05,1.5241045716405486e-05,6.437092945626886e-05,0.00012129616698853571,5.573483150811073e-08,8.217034684733936e-11,0.0006358732845893382,1.7896975601285474e-05,1.3903085041498568e-09,1.6522622077393944e-10,2.970074182797878e-10,3.762124513073464e-06,3.6340247317911794e-09,9.344030547410533e-08,2.118962415149835e-06,3.465970422594567e-06,6.940674766687217e-10,1.0845815394627267e-06,3.395012723742729e-07,2.132433898482938e-12,0.9930994835986566,0.005990532116682254,1.0174577409823429e-06
45,2.837376924735556e-08,1.6528496902742038e-09,3.2487158748327224e-05,2.481422159721048e-05,9.376756234341504e-05,0.00025382531485956177,9.892418477704914e-08,1.3359602944935032e-10,0.0010307172306929335,1.772464436131836e-05,1.7824786972045055e-09,2.2969568251532584e-10,3.659289509087687e-10,2.5972911710626986e-06,9.18174598491693e-09,1.3958892476662864e-07,1.6747842961974163e-06,3.3697042639941897e-06,1.0025579873147081e-09,1.4671753097116403e-06,2.3414775517032805e-07,3.3685895920902026e-12,0.9926355546657832,0.005900412460655238,1.0723990621354832e-06
46,1.0213497924196127e-08,1.3779056993845019e-09,3.986920917815815e-05,1.5540940046467616e-05,6.595971588756404e-05,7.711057285149181e-05,3.432707877011797e-08,6.044484483583141e-11,0.0011650488949203985,2.7084386443628284e-05,7.039412992887372e-10,6.087056531195076e-11,2.10360786519696e-10,5.2487708922485266e-06,2.2035981558561583e-09,6.441985963952525e-08,4.970436672685499e-07,4.984031901128699e-06,5.07647155784775e-10,1.6256107148512796e-06,2.802315217333267e-07,7.436886243490798e-13,0.9902988943541976,0.008297050915316365,6.912365128352369e-07
47,5.238892228183709e-08,4.599552676767006e-09,6.918599257600597e-05,2.050789946500816e-05,7.667086062373922e-05,0.00019795780430088248,9.347095388777713e-08,1.3087465578177702e-10,0.0009735576329734952,2.5536784002088955e-05,2.175503462574034e-09,4.854826067081909e-10,7.086628080626172e-10,4.62904147446864e-06,6.760810020639907e-09,2.3254690582754184e-07,3.9185675485060874e-06,3.853392980000456e-06,1.1510822514926805e-09,1.6154403618856178e-06,3.937105305823508e-07,6.241446049167948e-12,0.9882568055105131,0.010362779234640787,2.1937030176994846e-06
48,2.8095203790500628e-08,3.987592860476438e-09,4.947223818074317e-05,2.164352563299896e-05,5.493979608722747e-05,0.00013709122353322347,5.507456061015233e-08,1.32932457549116e-10,0.0004887810883156445,2.8129451558460028e-05,1.5489527985933163e-09,2.0743730645508923e-10,3.6678079253390186e-10,4.743003414273405e-06,3.6832973001531234e-09,1.1527431336386022e-07,4.121109482254177e-06,4.381909343585409e-06,9.818468614339835e-10,1.0294858208492414e-06,3.979171571119743e-07,3.5674280837868516e-12,0.9950372575059366,0.004166838916392758,9.63472658573387e-07
49,2.7881806220803992e-08,2.1448280435671513e-09,5.184658481063672e-05,1.4378877964147733e-05,6.457861426918888e-05,0.00013929411074305344,5.978717490878841e-08,8.219014399782465e-11,0.0006746079180469346,1.7708296783825746e-05,1.4895258134504636e-09,1.8991862030298207e-10,3.2974307334897277e-10,3.5849230611240127e-06,3.6492058483370816e-09,9.78359288889546e-08,2.1750340613395634e-06,3.229144439746144e-06,5.846477385097642e-10,1.1822604359512087e-06,3.10080216762725e-07,2.207522050720247e-12,0.9924325575519017,0.006593235248902422,1.1173771864084663e-06
50,2.6318561883697408e-08,3.7144091022925455e-09,5.9343586010542755e-05,2.391732700975821e-05,7.270839071147098e-05,0.00015568277660428064,7.095788246217352e-08,1.6616613386121205e-10,0.0007708970649751775,3.4928637934005766e-05,1.6526174026282136e-09,2.3829584802849935e-10,4.5054469078425576e-10,5.9422969345820945e-06,5.158587226823787e-09,1.531275764079109e-07,2.9385287634884476e-06,4.394143306970585e-06,1.0897268461088005e-09,1.5793138078380784e-06,4.407578959104981e-07,3.856459061646615e-12,0.9927014944794186,0.006164103363759665,1.3664546430262062e-06
51,2.6438053317868273e-08,5.660788409136723e-09,5.550613600877812e-05,3.591162950807713e-05,7.596128851442303e-05,0.00011500163850425972,5.7599191078547704e-08,1.9512595636864552e-10,0.0008172020576840057,3.572494055003423e-05,1.6172028030837041e-09,2.9758630751738366e-10,4.2047838796948955e-10,9.212852338776628e-06,5.257839440561323e-09,1.241304753641421e-07,2.7978767738934574e-06,4.987169813521008e-06,1.0313459156795418e-09,1.3330328068066312e-06,4.147646507654092e-07,3.946311639558587e-12,0.9936447394901029,0.005199687808775448,1.2966619348867878e-06
52,2.2860050860542064e-08,2.0917019687597184e-09,4.3652862926864e-05,1.3779655767819003e-05,7.21516665455636e-05,0.00011229096147856873,5.983619790752541e-08,7.507269617459755e-11,0.0006419700940209589,1.5220162946646012e-05,1.4794284671834003e-09,1.8368125204784155e-10,2.868391886585273e-10,3.9506310555986655e-06,3.475765793815452e-09,8.50734317445516e-08,2.2442046219462444e-06,3.0190140200690538e-06,6.269318106732006e-10,1.0181660546481807e-06,3.612972803174446e-07,2.0955312552393656e-12,0.9927095762578673,0.006379453306917981,1.1357272988835465e-06
53,3.722656622190488e-08,3.635294149823061e-09,9.484112397076563e-05,2.3591832019056904e-05,7.502984167597562e-05,8.377944594399378e-05,2.4156073083974448e-08,9.545082137476381e-11,0.0005061825567455263,4.7867905027540805e-05,1.4541338082882554e-09,1.0906025747029551e-10,4.6455321703837994e-10,6.175209279381578e-06,2.6437436240333416e-09,9.907479848149483e-08,3.853235247294736e-06,5.773244532333503e-06,8.50245434041896e-10,1.3829069849368863e-06,5.524725421155175e-07,2.6809812911951787e-12,0.9909767483783388,0.0081732636852117,7.884498805458609e-07
54,2.1679712145298123e-08,3.752391951497549e-09,6.461120417133692e-05,1.9469963194038698e-05,7.114884971423951e-05,0.0001416457167151418,7.504907326703423e-08,1.0887630004468633e-10,0.0011442018420425948,2.8627092377878945e-05,1.3428398101085857e-09,3.847703120787814e-10,3.841697428837409e-10,7.55442871195398e-06,6.529879628968601e-09,1.894259349778749e-07,2.523336775093489e-06,2.7026320876742643e-06,8.007487964867373e-10,1.5676803402487995e-06,3.3401813338363417e-07,3.427347529792812e-12,0.9890065008758345,0.009506051691988357,2.7612060893687663e-06
55,2.468437862615631e-08,1.7922865763395e-09,3.280748498847531e-05,1.322841785040502e-05,0.00010303465186737658,0.00010278497479024945,8.322020181708029e-08,5.544342884756361e-11,0.0010311595478034686,8.683459239257302e-06,1.5975862471553386e-09,3.021837275761808e-10,2.9966567146322724e-10,3.378745835490432e-06,3.6385628920312187e-09,8.671837519121936e-08,1.39813704648147e-06,2.844460249104182e-06,5.600711898968717e-10,9.717501699301041e-07,2.943169735050888e-07,1.8064581297160888e-12,0.9869651173057437,0.011732670217298196,1.4236595826817994e-06
56,2.466382988878987e-08,2.1556037095656405e-09,4.404995356023841e-05,1.5432637714713597e-05,6.639480365640969e-05,0.00012301312995693654,5.817258996452289e-08,8.53244845906358e-11,0.0006488151499951218,1.79621439420835e-05,1.4728111848893375e-09,1.755132671599092e-10,3.1732443825631446e-10,3.843420599178965e-06,3.757964530418941e-09,9.522580810499602e-08,2.175134885854356e-06,3.553625691715614e-06,7.220446466672716e-10,1.1175158794729273e-06,3.5219166178725976e-07,2.2862733232829007e-12,0.9929219578029742,0.0061500997815086495,1.0459568731966533e-06
57,2.8595784202448915e-08,3.215101997514248e-09,5.5133362290135814e-05,1.633514084508732e-05,7.750278726562258e-05,0.00011400546127908904,7.32394499656138e-08,1.1178210502119418e-10,0.00071144570651756,2.240459899487177e-05,1.8897477783968008e-09,2.4869453470389636e-10,4.6328743878607836e-10,5.203530692882317e-06,4.215706948435171e-09,1.349552795064237e-07,3.007058146733921e-06,4.301318469598114e-06,1.1052621118151627e-09,1.377308890316592e-06,5.620473123223246e-07,3.291734274235595e-12,0.9909487283558334,0.008038333070942337,1.4122091313388276e-06
58,2.2941855039936642e-08,1.9545541387496e-09,4.192183217683989e-05,1.373348498023831e-05,7.252599244987451e-05,0.0001122746697666255,5.847781966045248e-08,7.072975225468538e-11,0.0006932552672881812,1.5836629249937213e-05,1.4483132533278025e-09,1.7542915886172657e-10,3.122089074445129e-10,3.706619106589873e-06,3.5264658284954283e-09,9.060861612053538e-08,1.976464366875083e-06,3.2900767211201785e-06,6.661004639899364e-10,1.1559374198070832e-06,3.477617906281653e-07,2.0515654177149106e-12,0.9915986714070664,0.00744003512320126,1.0885502716490131e-06
59,2.2142868052060213e-08,2.0057590959467464e-09,4.647644644854544e-05,1.344586344168452e-05,6.880351659490932e-05,0.00010868877264648659,5.6087602557586944e-08,7.144015880981654e-11,0.0006630411996418859,1.7384112624766756e-05,1.359288146176698e-09,1.6352864936260886e-10,3.0838115021542826e-10,3.925878792354203e-06,3.287745492535013e-09,9.357020568501299e-08,2.0723095606195906e-06,3.3299664697910383e-06,6.460243723127529e-10,1.1838508729685857e-06,3.658008455005849e-07,1.9518586066599107e-12,0.9917990014163065,0.0072710131573128275,1.0880636455674025e-06
60,2.3281029902058088e-08,2.0492370730799617e-09,4.33365140642748e-05,1.5241045716405486e-05,6.437092945626886e-05,0.00012129616698853571,5.573483150811073e-08,8.217034684733936e-11,0.0006358732845893382,1.7896975601285474e-05,1.3903085041498568e-09,1.6522622077393944e-10,2.970074182797878e-10,3.762124513073464e-06,3.6340247317911794e-09,9.344030547410533e-08,2.118962415149835e-06,3.465970422594567e-06,6.940674766687217e-10,1.0845815394627267e-06,3.395012723742729e-07,2.132433898482938e-12,0.9930994835986566,0.005990532116682254,1.0174577409823429e-06
61,2.262761019998976e-08,1.9514160778669686e-09,4.687584654538751e-05,1.314192774492035e-05,6.859741188906578e-05,0.00010686615013080619,5.4964620953634433e-08,6.949599924621437e-11,0.000671509781066839,1.703448206174862e-05,1.3376419829075968e-09,1.5797438961680464e-10,3.0271881942069045e-10,3.84334034481367e-06,3.1014962601291493e-09,8.859007547698611e-08,1.968156468944925e-06,3.3341630141126296e-06,6.193127505729333e-10,1.1403936211194555e-06,3.6167103056857437e-07,1.864054398074005e-12,0.9916753678706772,0.007388730098638953,1.054982538490215e-06
62,2.3281029902058088e-08,2.0492370730799617e-09,4.33365140642748e-05,1.5241045716405486e-05,6.437092945626886e-05,0.00012129616698853571,5.573483150811073e-08,8.217034684733936e-11,0.0006358732845893382,1.7896975601285474e-05,1.3903085041498568e-09,1.6522622077393944e-10,2.970074182797878e-10,3.762124513073464e-06,3.6340247317911794e-09,9.344030547410533e-08,2.118962415149835e-06,3.465970422594567e-06,6.940674766687217e-10,1.0845815394627267e-06,3.395012723742729e-07,2.132433898482938e-12,0.9930994835986566,0.005990532116682254,1.0174577409823429e-06
63,2.3759176322523936e-08,2.311160124281873e-09,4.4694452478581915e-05,1.595315990324346e-05,6.494998770552211e-05,0.00012079894894776454,5.6970324931382815e-08,8.820109283442736e-11,0.0006552877050641341,1.911618231573284e-05,1.4328035960574251e-09,1.802620260911823e-10,3.158163207044563e-10,4.087217415181563e-06,3.752559689559592e-09,9.960847376917283e-08,2.2547195607588805e-06,3.5807419170871434e-06,7.456544240155381e-10,1.121626014013267e-06,3.5617257794963195e-07,2.338850726588678e-12,0.9929047848288063,0.006161743224481089,1.0818660412426698e-06
64,2.4249258045115566e-08,2.1435334162607675e-09,4.72714214666203e-05,1.3731653961531557e-05,6.873480070872102e-05,0.00010388367417008074,5.968589702471734e-08,8.394624867279768e-11,0.00058113203708407,1.7268198800308702e-05,1.5382850374105685e-09,1.6144280732764959e-10,3.267902959935539e-10,4.035946183444417e-06,3.1555795688411555e-09,9.158330480228734e-08,2.3147137768313455e-06,3.950061934577514e-06,7.510730600607599e-10,1.1300983928611226e-06,4.4698823531276836e-07,2.0832335887985373e-12,0.9928537739880101,0.006301142426032526,1.0003100495024465e-06
65,2.3443937876424432e-08,1.9128759585114086e-09,4.080950148119942e-05,1.5087380918699281e-05,6.369293908501092e-05,0.00012518661761030023,5.606245324570854e-08,8.149501415348984e-11,0.0006054059305294235,1.6964083253159983e-05,1.4202844217282297e-09,1.594073447697501e-10,2.885170899773556e-10,3.4477916347856766e-06,3.6550109575240287e-09,9.092222231622207e-08,2.115253563105296e-06,3.49655772021087e-06,7.049932527988225e-10,1.0439459757746422e-06,3.323404784931023e-07,2.1020347988630467e-12,0.9934529388239006,0.005668345032619788,9.5514792993777e-07
66,4.881610531862908e-08,3.745675870135908e-09,0.00013028921872212186,2.2708417044223865e-05,0.00010276787571825914,0.0001371534708856696,8.58102993060212e-08,1.757581620803522e-10,0.000755094054820207,3.6251120478870027e-05,2.0681073875191786e-09,2.2866212293926965e-10,8.464939855859432e-10,5.788105425740075e-06,4.094710553910439e-09,1.9161108322159045e-07,3.0992023750350677e-06,6.584038411897915e-06,7.783217628148745e-10,3.1026974929393737e-06,5.833800150680388e-07,3.0671917073543903e-12,0.9894401854232421,0.009354850684428437,1.2041326544418165e-06
67,2.9501727249026126e-08,3.0038687894214675e-09,4.124861535756283e-05,2.3059782931468667e-05,9.336874048596561e-05,0.00018491943699215204,7.86419290120042e-08,1.0439769078547699e-10,0.0012731783897832554,2.0773022633623165e-05,1.664657373378798e-09,3.2298138032102544e-10,3.6934534015901265e-10,4.608397656318121e-06,7.0569855966511315e-09,1.2912527095616611e-07,2.0230483047782067e-06,2.9323344798985238e-06,9.39906391012893e-10,1.0982068489122854e-06,2.938413549771232e-07,3.958384964645413e-12,0.9897960725535409,0.008554423609245083,1.7492853569846296e-06
68,3.4928707376220606e-08,2.5559019669819775e-09,4.213130253109635e-05,1.8433354832216663e-05,6.483009686704611e-05,0.00014439769260636136,6.967591660520906e-08,1.313503980232487e-10,0.000530927132949479,1.964583425047732e-05,1.9842152980627783e-09,1.8319956150170944e-10,4.0598315673704736e-10,3.34292739563649e-06,4.32326100849934e-09,1.1792644467407389e-07,3.112172192698815e-06,5.287622953412339e-06,1.3186340876250938e-09,1.0197900322146346e-06,5.090080440035839e-07,3.4915139204878737e-12,0.9943872470697283,0.00477801636454846,8.661939628592917e-07
69,2.028788663719654e-08,2.2998388696809175e-09,5.349693777279506e-05,1.4366005631251766e-05,5.7440241401762145e-05,0.00010391988247198122,5.326388559781608e-08,9.354420163898661e-11,0.000579599141318673,2.2516013633007933e-05,1.323026288307648e-09,1.503758874313062e-10,3.1107435367603617e-10,4.830896107483819e-06,3.0368810802799707e-09,9.936856218285013e-08,2.126013846131807e-06,4.170167922667345e-06,6.864266285379109e-10,1.333116270028872e-06,4.073608990466491e-07,1.8777114066616575e-12,0.993302777787338,0.00585179845969551,1.0371523120226433e-06
70,2.6190599681429487e-08,2.4710068641649282e-09,4.87925477505556e-05,1.5138033178892694e-05,5.5154946619213884e-05,0.00012776662377911188,5.941877885517605e-08,9.361764216780709e-11,0.0005911502863777079,2.1949229143899106e-05,1.4654946924767964e-09,1.8254131351483706e-10,3.6400569336080774e-10,3.92830883547514e-06,3.626451804949668e-09,1.2518854584295908e-07,2.621097520697056e-06,4.318362458592585e-06,9.241902977851771e-10,1.1803160055486288e-06,4.177531006573901e-07,2.576063297078988e-12,0.9928272138562979,0.006299061880270151,1.086830852951939e-06
