,0,1,2,3,4,5,6,7,8,9,10,11,12,13,14,15,16,17,18,19,20,21,22,23,24
0,2.711396024829553e-07,4.956272904352109e-07,2.0215825357152095e-05,0.00020105029341036822,0.0004951342983220737,0.016344508640873445,5.334005374657924e-07,1.7003751681047548e-08,2.174252179839339e-07,4.717133203277794e-05,0.00013460901377453438,1.1076788836521038e-09,1.4987911375914552e-07,9.644166176583448e-05,9.32219056275119e-10,3.922258573412468e-07,0.000520868778456138,7.7923473750217e-06,3.1635661263107386e-08,0.00025340561914862024,1.586501324701057e-05,1.1582550707278457e-08,0.9808417084916811,0.0009788198100906633,4.028691498414774e-05
1,4.1579119175587073e-07,7.132007695632388e-07,3.513784268927003e-05,0.00023870566680602066,0.0005529091030592721,0.023978250560114045,7.480177039044178e-07,2.2746863351922047e-08,3.5859480553453634e-07,8.13418752302156e-05,0.0001303932356313106,1.4642583095227126e-09,2.0637046272728753e-07,9.452891810925115e-05,1.297196359472149e-09,6.819480027424373e-07,0.00047743934955734587,1.0036612761028687e-05,5.262130209589516e-08,0.0003256071576561117,2.1232436522600492e-05,1.3265821849182985e-08,0.9725941590257273,0.0014093315740631278,4.771132369444507e-05
2,2.9732833347661635e-07,5.32061550410628e-07,1.9258054594370522e-05,0.00016689054301310076,0.0006957339314099043,0.013179371667128566,6.421303603226485e-07,1.680571067505537e-08,2.0744687393938474e-07,4.699308290625063e-05,0.00012405083853079111,1.1284887698386545e-09,1.6036147464344653e-07,0.00010634627764967784,1.1655784666766414e-09,3.6861919955775307e-07,0.0004983116481366544,7.409239464748293e-06,2.5568564035298492e-08,0.00031194574049986314,1.3462402338614913e-05,9.833561750424262e-09,0.9840179327662363,0.0007570955797221033,5.293577867313773e-05
3,2.5041177479862285e-07,4.5927716690527124e-07,1.9268939446516916e-05,0.00019233420289525589,0.00044415043184324956,0.014628276665330332,5.103688431709727e-07,1.5264397799610267e-08,1.8620314558826903e-07,4.61113448096401e-05,0.00012274187038961688,1.0265847650728027e-09,1.324619668799132e-07,9.198645574042424e-05,7.930995396348744e-10,3.314051003324082e-07,0.00046572706737611655,7.206246245253872e-06,2.7458431755563022e-08,0.00022832307167329027,1.468443048131219e-05,1.0289696816336077e-08,0.9828019018231593,0.0008970176498194687,3.8344840581804884e-05
4,2.75481987487191e-07,4.776028395855096e-07,1.987540585815526e-05,0.00020018317000518825,0.0004605737957122807,0.014045077944452413,5.495396850786859e-07,1.5625146042311456e-08,2.0366260845009054e-07,4.45002569160201e-05,0.0001258029622223657,1.2716191719160268e-09,1.6572316226244846e-07,9.808092782602719e-05,8.354247219820576e-10,3.3864573134942984e-07,0.0005080988966252,7.550772340675531e-06,2.897907701982904e-08,0.0002363205888432135,1.5516758677482124e-05,1.1421979411648463e-08,0.9832570683369084,0.0009371869338253945,4.209446052665466e-05
5,2.432080795707942e-07,4.207152486758574e-07,1.6941102090997022e-05,0.00021359355908675125,0.0003699941134209367,0.013465658125952053,4.226537659489791e-07,1.3097057314666714e-08,1.6678840619155993e-07,4.6195690214030563e-05,0.00011108954936578055,9.83359800553784e-10,1.3451986382902576e-07,9.182094660062769e-05,6.198334712729722e-10,2.92987264706171e-07,0.0004917871464769113,8.315079438698547e-06,2.3724894862141456e-08,0.0002333819951417178,1.4638343504208955e-05,1.0110165877444319e-08,0.983962280229938,0.0009364722836550275,3.6102427173855914e-05
6,2.5041177479862285e-07,4.5927716690527124e-07,1.9268939446516916e-05,0.00019233420289525589,0.00044415043184324956,0.014628276665330332,5.103688431709727e-07,1.5264397799610267e-08,1.8620314558826903e-07,4.61113448096401e-05,0.00012274187038961688,1.0265847650728027e-09,1.324619668799132e-07,9.198645574042424e-05,7.930995396348744e-10,3.314051003324082e-07,0.00046572706737611655,7.206246245253872e-06,2.7458431755563022e-08,0.00022832307167329027,1.468443048131219e-05,1.0289696816336077e-08,0.9828019018231593,0.0008970176498194687,3.8344840581804884e-05
7,3.987377140861905e-07,5.118150441107005e-07,3.0246430403529584e-05,0.0001827145081707225,0.0004463660663709171,0.014593498671033572,6.45642828771678e-07,1.6645178005843153e-08,1.9503215376987017e-07,5.34693552762768e-05,0.00011863079321433294,1.205775396811394e-09,1.579694954860177e-07,8.10163311179532e-05,6.938606953825207e-10,3.046270140523294e-07,0.0003884340929962989,7.584420273785336e-06,3.3431062419160914e-08,0.00022063696813764386,1.2745386283977497e-05,8.198815008500442e-09,0.9827031204261126,0.0011183126559393124,4.094989572741316e-05
8,1.7720355012304934e-07,3.810701780008888e-07,1.627752963097529e-05,0.0001663276886248523,0.00025192874961302243,0.007561857432804046,3.8716438066291127e-07,1.0188987211667002e-08,8.800909481503064e-08,3.771682849570888e-05,7.450794789871049e-05,6.58500140238149e-10,6.060336846392099e-08,6.479154895328338e-05,2.9761131512423595e-10,1.458923295702628e-07,0.00019021039770325334,3.402636199523188e-06,1.4638118563269903e-08,0.00015070967827244053,7.44698965967881e-06,3.96883608044476e-09,0.9908139509868605,0.0006377642894395167,2.1837600889441823e-05
9,1.9834678314915544e-07,4.420648522695418e-07,1.8902643835964048e-05,0.00020014141608929592,0.00031891949880832307,0.011865951580034147,4.4868985784083567e-07,1.1708534864931203e-08,1.4809700503928613e-07,4.829919690247162e-05,8.842552620763459e-05,8.644557283163523e-10,9.560540407293925e-08,7.261216317071815e-05,5.397439474364932e-10,2.564976397021705e-07,0.0003042992586457851,5.268740551431361e-06,2.070548227963324e-08,0.00020145648817435308,1.3021582961111819e-05,7.118555226952393e-09,0.9860113366297067,0.0008191675010073592,3.056753559065666e-05
10,2.5041177479862285e-07,4.5927716690527124e-07,1.9268939446516916e-05,0.00019233420289525589,0.00044415043184324956,0.014628276665330332,5.103688431709727e-07,1.5264397799610267e-08,1.8620314558826903e-07,4.61113448096401e-05,0.00012274187038961688,1.0265847650728027e-09,1.324619668799132e-07,9.198645574042424e-05,7.930995396348744e-10,3.314051003324082e-07,0.00046572706737611655,7.206246245253872e-06,2.7458431755563022e-08,0.00022832307167329027,1.468443048131219e-05,1.0289696816336077e-08,0.9828019018231593,0.0008970176498194687,3.8344840581804884e-05
11,2.7218371844926377e-07,4.7072503035844815e-07,2.0200429299396172e-05,0.0001965697552367982,0.0004555215938648854,0.014272824380537414,5.418737349792772e-07,1.5896911154271125e-08,1.948506425732838e-07,4.66285375993385e-05,0.00012376744488466575,1.1606056682255087e-09,1.5279640518201618e-07,9.372530770385154e-05,8.098306394532023e-10,3.4267960830855986e-07,0.0004780404350655369,7.44423534194887e-06,2.8693962881426296e-08,0.00023835178269691716,1.4840272877099789e-05,1.0624660810461162e-08,0.9830680441468236,0.0009420512655839117,3.9958117373765275e-05
12,2.50229075333183e-07,4.687717606799749e-07,2.3669605060040556e-05,0.0002011229166817764,0.00039828020192231355,0.014861534939760833,5.668688014030659e-07,1.8782795071088452e-08,2.1093572203108712e-07,4.583258034788953e-05,0.0001451229564928699,1.2006264620129543e-09,1.2982723059197624e-07,7.553306804237788e-05,9.283077706825849e-10,3.873933026581384e-07,0.0003660695230241601,6.355362408703244e-06,3.5563518242844146e-08,0.00021604253087734396,1.475009455233772e-05,1.1126116881506904e-08,0.9824828498897491,0.0011289888281420344,3.176587568107641e-05
13,1.1707545870878846e-07,2.6363620871090057e-07,1.0738300862344482e-05,0.00014750021918675269,0.00032379729564135484,0.0073470399303112955,4.029432598842504e-07,1.4065595467472165e-08,9.301125059274825e-08,2.1219935956952347e-05,0.00016150262305925024,9.405056181416023e-10,8.10765705539462e-08,9.157681388726743e-05,5.7190334090066e-10,1.7546626997888044e-07,0.0003309034591396656,3.833696993566533e-06,1.583136539409354e-08,0.00013784055083474684,9.132066627750617e-06,8.883817127628808e-09,0.9908238083944191,0.000565925416941908,2.4007793932905762e-05
14,1.7623280230232695e-07,7.181073441696868e-07,6.473404705641198e-06,0.00015018399326170237,0.0005394520730324405,0.00913990702365415,4.716171350411481e-07,1.3058367123877743e-08,9.05018193317703e-08,5.430770603828374e-05,0.00014694183393545115,5.386699063038871e-10,4.8836442650681184e-08,0.00013358187260036812,4.478584325436545e-10,2.2588196630641898e-07,0.0003078434955526564,4.876134652598506e-06,2.4915871663513464e-08,0.00019347076632024432,6.57494765015752e-06,6.801752028995047e-09,0.9886201713676215,0.0006731965543081742,2.1241886637726673e-05
15,2.5041177479862285e-07,4.5927716690527124e-07,1.9268939446516916e-05,0.00019233420289525589,0.00044415043184324956,0.014628276665330332,5.103688431709727e-07,1.5264397799610267e-08,1.8620314558826903e-07,4.61113448096401e-05,0.00012274187038961688,1.0265847650728027e-09,1.324619668799132e-07,9.198645574042424e-05,7.930995396348744e-10,3.314051003324082e-07,0.00046572706737611655,7.206246245253872e-06,2.7458431755563022e-08,0.00022832307167329027,1.468443048131219e-05,1.0289696816336077e-08,0.9828019018231593,0.0008970176498194687,3.8344840581804884e-05
16,2.0608117375145253e-07,4.517146734553722e-07,1.5865673708509063e-05,0.00019623132000610313,0.00039644533055169457,0.01206769007216962,5.132666012601004e-07,1.52836969554126e-08,1.6000827593293358e-07,5.241011504079698e-05,0.00010276061687629165,1.079550750885685e-09,1.2527674171686651e-07,9.58275207841579e-05,7.473935520442587e-10,3.233875462308998e-07,0.00047129588828356296,7.033151683615554e-06,2.4722126273032102e-08,0.00023786858807433204,1.6918368922809267e-05,1.1434327275760458e-08,0.9855465022538036,0.0007531675703952879,3.81505275924574e-05
17,2.1106079671743922e-07,4.002795797261458e-07,1.5808975956148777e-05,0.00018208191452518543,0.00041704446558891165,0.012051777724620261,4.663907111570742e-07,1.4083076603135277e-08,1.5385261547501253e-07,4.057119038693038e-05,0.00011489350769210572,9.930070547102732e-10,1.2849012004211834e-07,9.292335330375148e-05,6.873497503380911e-10,2.886840500837817e-07,0.0004788898103057769,6.523369294638511e-06,2.265470194168501e-08,0.0002223359657208595,1.3570682210434134e-05,9.972867412111092e-09,0.9855525239980277,0.0007730914508028911,3.6266442688507964e-05
18,2.993571796959578e-07,6.521915704694532e-07,3.567330660454614e-05,0.00025999728676826445,0.0003889618447812444,0.02478365895720494,5.525824747843427e-07,2.6008304133078817e-08,3.4204848050419156e-07,4.3868431656628926e-05,0.00022010442914068676,1.1870391386748568e-09,1.1131866624790251e-07,6.44798142459679e-05,1.1111641969760004e-09,6.190793068133923e-07,0.00023060639680417947,4.888117559331699e-06,6.47845544633775e-08,0.00020234393853183735,1.2223376753594166e-05,9.735330002445429e-09,0.9716250903046953,0.0021057165320984197,1.9707859084580166e-05
19,2.2787796980712297e-07,4.569355924246695e-07,2.239301403912104e-05,0.00020933094068902651,0.00040977837121622293,0.010871111503997277,6.836026776721699e-07,1.681505726055151e-08,1.8211886713746425e-07,4.970121154649861e-05,0.0001052006221801028,1.388809860002362e-09,1.51594414396043e-07,8.103779228607694e-05,7.723693359741271e-10,3.3898898616848806e-07,0.00040757384118623595,6.102955342783216e-06,2.5171457471057135e-08,0.00022938850171628862,1.677052193742725e-05,1.0745975079138501e-08,0.9867259752689125,0.000825564650891525,3.7974791882448164e-05
20,1.96463818951089e-07,4.3037798071269516e-07,1.8991057855603194e-05,0.00021184796194277417,0.00039838931838494636,0.013640436929399395,5.644961512900308e-07,2.550886068276964e-08,1.9184901302146745e-07,4.476229915589954e-05,0.0001679756181822303,1.3265705317580514e-09,1.3361770451110266e-07,0.0001024035692456683,1.396188946913461e-09,4.1794890241401593e-07,0.0005432625303880642,7.678758964376774e-06,3.4370894727070255e-08,0.0002402321616692329,1.8444784085373192e-05,1.9102068627634516e-08,0.9837525212602901,0.0008136282207395996,3.7409071542138005e-05
21,2.606692161714896e-07,6.261729016812196e-07,2.1882416075001165e-05,0.00029281772425870283,0.000464363938528704,0.016250596077132848,5.980090514033383e-07,2.1258966113632895e-08,2.66135120217366e-07,6.781462769638005e-05,0.00011673000866405732,1.4775956638307543e-09,1.881612657020459e-07,0.00011786085521028112,8.542716646186605e-10,6.403502669998382e-07,0.0003994789574024797,7.927754133959792e-06,3.2287999375560414e-08,0.00037036218089416705,1.8690106553172754e-05,1.0946905269551702e-08,0.9806669658974451,0.0011674359764661366,3.442715597884936e-05
22,3.870181257359547e-07,4.5627878889650137e-07,2.2439935429833816e-05,0.00019720107730418818,0.0005303097689827069,0.01859809319011665,4.5003357328034065e-07,1.636341454261034e-08,2.118068269251364e-07,4.938975038980497e-05,0.00014990243002116607,8.599594519645576e-10,1.4764499504638326e-07,9.667429633984344e-05,9.984775836553837e-10,3.435385366664306e-07,0.0008469177816508243,1.3754468815522801e-05,3.0400476793673214e-08,0.0002578599875330848,1.6990750578375777e-05,1.4793321220726188e-08,0.9781682098249345,0.0009990522886786323,5.1144712728419445e-05
23,2.5041177479862285e-07,4.5927716690527124e-07,1.9268939446516916e-05,0.00019233420289525589,0.00044415043184324956,0.014628276665330332,5.103688431709727e-07,1.5264397799610267e-08,1.8620314558826903e-07,4.61113448096401e-05,0.00012274187038961688,1.0265847650728027e-09,1.324619668799132e-07,9.198645574042424e-05,7.930995396348744e-10,3.314051003324082e-07,0.00046572706737611655,7.206246245253872e-06,2.7458431755563022e-08,0.00022832307167329027,1.468443048131219e-05,1.0289696816336077e-08,0.9828019018231593,0.0008970176498194687,3.8344840581804884e-05
24,1.9769265979581594e-07,4.702862798315955e-07,1.2499807897590522e-05,0.0002112190353739082,0.0003573515112165723,0.011650420410961515,3.6891469104151267e-07,1.2970943507538417e-08,1.343135645970857e-07,4.700447125779323e-05,9.74080339457792e-05,8.345746121415568e-10,1.1102971738077509e-07,0.00010554173984347094,4.849614519679549e-10,2.861547401301587e-07,0.00042905851972360216,6.256851495020278e-06,2.127999029722435e-08,0.000247295671700557,1.1239147266194599e-05,8.387777285219947e-09,0.9860006409009803,0.0007938152523519871,2.8636296085970423e-05
25,9.014493720691125e-08,2.6712745019928827e-07,8.401754415883318e-06,0.00018732515829415346,0.00029553876326059966,0.007979100128751483,3.2979175424772093e-07,2.025274525021943e-08,8.136538432520737e-08,2.3778198991318037e-05,0.00018178088638137234,7.111954464416476e-10,6.306112497161795e-08,0.00010345691175760307,4.4644404636701526e-10,2.4193607680840286e-07,0.0003075578042273966,3.5837305258623665e-06,1.695829656088449e-08,0.0001711137765476166,7.827185642119956e-06,8.197963421199092e-09,0.990078574417457,0.0006368811830430832,1.396010733218352e-05
26,2.5583016072071236e-09,8.790565256418923e-07,3.7599678163224004e-06,0.00020291498860397446,0.0014426480205285913,0.011288794704159453,2.0912059107965656e-05,1.4852351946380102e-06,1.3370913502618635e-07,0.00023305452285378434,0.0005277722104666045,7.724843037494445e-09,2.3931805835796727e-08,0.003699996044325459,6.978245509272062e-07,5.449378065420578e-06,0.0005211147397387323,2.1651395219657102e-06,4.755517824415068e-08,0.000209869076540202,0.00026686492221653335,7.349127455083097e-07,0.9812639051796039,5.030276292698874e-06,0.00030173626187786226
27,2.4988911791233876e-07,4.819315148568823e-07,1.8890453673671073e-05,0.00020750425225985305,0.0004382199275688847,0.016011764033585143,4.949862772197709e-07,1.90080541923811e-08,2.1293526988423825e-07,4.4638952155158844e-05,0.00015653182378888727,1.1086329909202405e-09,1.335799426493037e-07,0.00010174553902649784,1.0256062225279205e-09,3.8699846412652554e-07,0.0005469541800991001,8.296505306655332e-06,3.443438325038331e-08,0.0002322683517683808,1.6324893408350997e-05,1.4983448043745903e-08,0.9811921011715993,0.0009861181602488977,3.6610874799831346e-05
28,2.5041177479862285e-07,4.5927716690527124e-07,1.9268939446516916e-05,0.00019233420289525589,0.00044415043184324956,0.014628276665330332,5.103688431709727e-07,1.5264397799610267e-08,1.8620314558826903e-07,4.61113448096401e-05,0.00012274187038961688,1.0265847650728027e-09,1.324619668799132e-07,9.198645574042424e-05,7.930995396348744e-10,3.314051003324082e-07,0.00046572706737611655,7.206246245253872e-06,2.7458431755563022e-08,0.00022832307167329027,1.468443048131219e-05,1.0289696816336077e-08,0.9828019018231593,0.0008970176498194687,3.8344840581804884e-05
29,2.5041177479862285e-07,4.5927716690527124e-07,1.9268939446516916e-05,0.00019233420289525589,0.00044415043184324956,0.014628276665330332,5.103688431709727e-07,1.5264397799610267e-08,1.8620314558826903e-07,4.61113448096401e-05,0.00012274187038961688,1.0265847650728027e-09,1.324619668799132e-07,9.198645574042424e-05,7.930995396348744e-10,3.314051003324082e-07,0.00046572706737611655,7.206246245253872e-06,2.7458431755563022e-08,0.00022832307167329027,1.468443048131219e-05,1.0289696816336077e-08,0.9828019018231593,0.0008970176498194687,3.8344840581804884e-05
30,2.5041177479862285e-07,4.5927716690527124e-07,1.9268939446516916e-05,0.00019233420289525589,0.00044415043184324956,0.014628276665330332,5.103688431709727e-07,1.5264397799610267e-08,1.8620314558826903e-07,4.61113448096401e-05,0.00012274187038961688,1.0265847650728027e-09,1.324619668799132e-07,9.198645574042424e-05,7.930995396348744e-10,3.314051003324082e-07,0.00046572706737611655,7.206246245253872e-06,2.7458431755563022e-08,0.00022832307167329027,1.468443048131219e-05,1.0289696816336077e-08,0.9828019018231593,0.0008970176498194687,3.8344840581804884e-05
31,4.1045609865400024e-07,4.908469345746126e-07,2.961612312138614e-05,0.00019611996225642485,0.0003973644298757245,0.012876590984534657,6.538746052330028e-07,2.1952109969307525e-08,1.5580483714508142e-07,6.20033689504278e-05,0.0001077444388441583,1.1454008027407888e-09,1.4204912497756814e-07,9.457072467705024e-05,6.069250189051892e-10,2.759394654533986e-07,0.0004083953083880207,8.73365301414014e-06,3.081457533800629e-08,0.00021649341999901967,1.3205099552417967e-05,8.457406155120055e-09,0.9846417660934914,0.0009052161753260273,3.9988270485858914e-05
32,2.7109602140911755e-07,4.987710391647524e-07,1.995709984405166e-05,0.00019498879985156554,0.0004379930194084038,0.015271053294234381,5.267832300426494e-07,1.639954636357877e-08,1.983720736255649e-07,4.888286043924218e-05,0.00012724778674712818,1.1071975913455477e-09,1.379605924551682e-07,9.317879678927277e-05,8.531376017143508e-10,3.486080846252577e-07,0.0004751749621700324,7.495333997827435e-06,3.232399033445826e-08,0.00022875984075260023,1.5157651003276677e-05,1.1377079827507197e-08,0.9820746540124008,0.000964792010308285,3.8620880059849546e-05
33,8.627342294916536e-08,2.20122180360545e-07,5.679239090646195e-06,0.0001823155498542522,0.00021301963614671492,0.008789929078006182,2.1789603271038733e-07,1.578810884915994e-08,6.577053542777849e-08,2.9826191281404485e-05,0.00011848358265305525,6.723038329091599e-10,1.0105264652548619e-07,0.00011085478429321381,2.6826186398975594e-10,2.783119477970448e-07,0.0005526284134940544,4.487124379082668e-06,1.9102900748474265e-08,0.00018870809387011163,8.49003149588178e-06,1.1668038085723165e-08,0.9890616059475342,0.0007198849722508757,1.3070429271348696e-05
34,2.7745859152666228e-08,1.0749265107202399e-07,4.0708286550503836e-06,0.00012310681513691727,0.00016419521285727782,0.004920895829312017,1.8233026100416104e-07,6.180704258549187e-09,2.5078441327895112e-08,3.058397141773361e-05,5.126123850702661e-05,2.5015780233977664e-10,3.0368037611207056e-08,6.621948148560911e-05,2.1366355200691644e-10,1.2943657252871366e-07,0.0002683607205149592,2.424871262051751e-06,3.7337243471880925e-09,0.0001523855651189791,7.747174266752401e-06,4.428047990476878e-09,0.9939803588101717,0.00021184414880665644,1.6028074366878554e-05
35,1.476324997685737e-06,7.73416771279515e-07,6.525252082674822e-05,0.00033727449367851293,0.0007230252328649543,0.02383281914395359,1.0694499225696527e-06,3.325890598253203e-08,6.138466107758009e-07,8.731579025069202e-05,0.00015434636598258937,2.4053333074482504e-09,4.2087090465349707e-07,0.00010760293293803495,1.0239681133005747e-09,4.926014855399227e-07,0.0011360467683215062,4.2030337802999036e-05,6.615480197560755e-08,0.00032710791063202317,4.3569813256821636e-05,2.1635742041799474e-08,0.9708618945677596,0.0021976461129275845,7.909701936036678e-05
36,3.0099518985773444e-07,4.734593463197261e-07,2.2108128342747724e-05,0.0002060590075746788,0.0005010584343375827,0.014583223241897607,6.491763952456824e-07,2.5136961456865514e-08,2.2214552683554896e-07,4.656417873921096e-05,0.00015586268182482484,1.6383050693545432e-09,2.1761630287253178e-07,0.00010875885980794791,1.1421267292788465e-09,4.713964576490003e-07,0.0006484858283640583,8.368777855284892e-06,4.0179202596720587e-08,0.00027532019492060696,1.7371696986017516e-05,1.6323054690068273e-08,0.9823927532683205,0.0009882522185255197,4.3394273633941486e-05
37,3.421372464136489e-07,4.4179853760741795e-07,1.993386654258205e-05,0.0001871616033848873,0.0003239927165637236,0.009552412045096225,4.1253496044580487e-07,9.147438416607416e-09,1.3980393735671192e-07,5.024004431956559e-05,7.760162863624808e-05,8.439516994431547e-10,1.220496001982437e-07,5.863182459176185e-05,3.217671966317904e-10,1.965084414812562e-07,0.00034530382995125804,7.559369067396067e-06,2.069592163418933e-08,0.00021687718023231023,1.0551907190848433e-05,6.117325905391234e-09,0.9879319750963921,0.0011862170528015783,2.9849876101407148e-05
38,1.3274507291313697e-07,3.136616840602753e-07,1.0017686001486128e-05,0.00018303096200796825,0.000300391678999199,0.007958519845729825,3.2140724949288555e-07,1.2395888408894797e-08,1.0340386959113008e-07,3.174977595588038e-05,0.00010316569142319369,7.915031609848555e-10,9.154598917100287e-08,8.584123404077788e-05,4.364927500069429e-10,2.0016485416947572e-07,0.0004986577067131647,5.585845849773904e-06,1.5789816683033216e-08,0.0002026288284200305,1.2636408034107986e-05,1.0034156396190899e-08,0.9899738054081033,0.0006072237689275408,2.5542783216934305e-05
39,3.625224907400928e-07,4.0147388646016316e-07,4.122800149910685e-05,0.0002606466621048176,0.00046556840165008686,0.03619700431518517,7.052418864264198e-07,3.303269541632374e-08,3.162549582940955e-07,7.716323150135551e-05,0.00015028211604634393,1.4791925688468455e-09,2.642301202116135e-07,9.324544998617744e-05,1.718350107878687e-09,7.8415007972401e-07,0.000899914933401557,1.436762880731242e-05,5.621169118394667e-08,0.00028228370040104113,3.4913625352057954e-05,2.0925567360581498e-08,0.9601553236113911,0.001266285450844655,5.882563091070244e-05
40,2.3394216553163958e-07,4.385337278683266e-07,1.7749393743382343e-05,0.00019581824166956517,0.00041849148174738905,0.0142571381332467,4.6977921837821984e-07,1.4855814374313595e-08,1.7505722418380832e-07,4.578529304802945e-05,0.00011955926915381471,9.66197528935533e-10,1.2701538464444558e-07,9.023386984191553e-05,7.265940012433199e-10,3.2722482375346594e-07,0.00047128940560250824,7.193012652116671e-06,2.6337552254708306e-08,0.00023102764616237615,1.4532586746861546e-05,1.0168803570391983e-08,0.9831954650846266,0.0008981710481360787,3.572092611667102e-05
41,7.538304244589738e-07,8.468237998300194e-07,5.313674278384794e-05,0.00025242047487160417,0.0016653351448996847,0.028809777918187698,1.1907019624241183e-06,2.4244912894484356e-08,7.421440775724311e-07,4.573784691726851e-05,0.0002099927205229768,2.0300389590829e-09,4.129286871098713e-07,0.00011656259658752673,2.4331972762336615e-09,8.771375154434024e-07,0.000650735298542229,1.2138516220528668e-05,4.074746828609544e-08,0.00043289992323134596,2.073069644951594e-05,1.0952835285018392e-08,0.9660909014041694,0.0015499660793521794,8.476066234446749e-05
42,2.1104550541521603e-07,4.5168732804643915e-07,2.240463635262926e-05,0.00026350702712059994,0.00029379189372409625,0.020402852708448098,5.223989920018427e-07,3.8210717332042186e-08,2.302696404042292e-07,6.9636781923416e-05,0.00016340605789198895,1.5672211675563945e-09,1.7902679151656218e-07,8.901940852015693e-05,1.4564289926273415e-09,8.03549448541472e-07,0.0006331023825377194,8.825074642103904e-06,6.855491600212445e-08,0.0002872340655208472,2.4395591776451775e-05,2.741145767518376e-08,0.9764271070092545,0.0012828352075489008,2.934697629151215e-05
43,9.596317769252945e-07,5.399847012748365e-07,3.763113191983384e-05,0.000132138376672849,0.0018313719720637132,0.007143929181626211,8.887888335932929e-07,1.0268951368074741e-08,4.129571760020841e-07,2.6162970189533905e-06,0.0007166467856259142,2.7608203861660678e-09,2.510824380821258e-07,8.763695580267526e-05,1.0193593294777364e-09,1.049155637819608e-07,0.00027518298906229285,3.1216714050026068e-06,2.0721496303930784e-08,9.339846216096065e-05,3.04733850502383e-06,3.3093709147889963e-09,0.9881223538002554,0.0015001206009761338,4.7608996416877314e-05
44,2.5041177479862285e-07,4.5927716690527124e-07,1.9268939446516916e-05,0.00019233420289525589,0.00044415043184324956,0.014628276665330332,5.103688431709727e-07,1.5264397799610267e-08,1.8620314558826903e-07,4.61113448096401e-05,0.00012274187038961688,1.0265847650728027e-09,1.324619668799132e-07,9.198645574042424e-05,7.930995396348744e-10,3.314051003324082e-07,0.00046572706737611655,7.206246245253872e-06,2.7458431755563022e-08,0.00022832307167329027,1.468443048131219e-05,1.0289696816336077e-08,0.9828019018231593,0.0008970176498194687,3.8344840581804884e-05
45,3.2998421742658696e-07,5.210083725049502e-07,3.6321698718096e-05,0.00024742334442753416,0.0006189842601941576,0.028157824082036532,7.962361112490416e-07,4.1764639745282285e-08,3.6007676438671347e-07,5.124389010921518e-05,0.0002873620523394096,1.5466101587448647e-09,2.0482185779749382e-07,0.00010079194414171334,2.516693600667692e-09,9.024915767931683e-07,0.0005415329427716941,9.428734965720396e-06,6.494931198411933e-08,0.0002923762253210333,1.82518203914573e-05,1.9543531911999453e-08,0.9680917035381496,0.0015036207179469556,3.988980879950122e-05
46,2.4211095158796845e-07,4.381855606140858e-07,1.8441054435777634e-05,0.00019408546354918974,0.0004254588977152199,0.014545757783152013,4.807217789157687e-07,1.5298602111294884e-08,1.7830398471607758e-07,4.452646848754264e-05,0.00012360846210522451,1.0157649384919324e-09,1.3501627569150816e-07,9.221407245903885e-05,7.752668343388459e-10,3.289940555461426e-07,0.0005017474256822575,7.249524982266137e-06,2.7334789576587426e-08,0.00022819673671773714,1.4656498841615925e-05,1.0806352511241726e-08,0.9828738451181609,0.0008907513240368956,3.760260629133663e-05
47,5.727273879853648e-07,6.494964954960405e-07,2.941416803013865e-05,0.00022411054500415202,0.0006953542822698722,0.017055699105832618,7.515367493986697e-07,1.7397161130925626e-08,3.693738061606003e-07,6.514974209192535e-05,0.00010633115271089614,2.2309651040381314e-09,4.478464126193405e-07,9.284263699567852e-05,1.2574162017337292e-09,6.641323534338074e-07,0.0009811755539730189,1.258461277628953e-05,4.707452431786952e-08,0.0004384388748290572,2.5756063702273737e-05,1.8170581410723603e-08,0.978759580956742,0.0014367603150921917,7.326074609694838e-05
48,2.495169851160016e-07,5.141361225766266e-07,1.646430797978321e-05,0.00019002342681578158,0.00036528108866707055,0.015743319794010315,4.4568330705435716e-07,1.599278411497474e-08,1.6838865598383026e-07,5.0010736362643655e-05,0.0001282764505162694,9.810607020304254e-10,1.2325787921045382e-07,9.239887332953383e-05,6.546271601523807e-10,3.349011053830636e-07,0.0004668938488900308,6.562226112235897e-06,3.9278068665827643e-08,0.00020866586978747072,1.2595512052051999e-05,1.1155331206973653e-08,0.981611351840384,0.001076435409834782,2.981666933097896e-05
49,2.2165860298896488e-07,4.0820359595306906e-07,2.017571583527056e-05,0.00019427133424080722,0.0003270368371889443,0.012896815585266438,4.597806318633224e-07,1.301872970897338e-08,1.5365733477637886e-07,4.643448795568181e-05,0.00010179064790699555,1.0143959244272048e-09,1.2111608353424826e-07,8.193975247071162e-05,6.40279323996594e-10,2.6617450831629703e-07,0.00038128719954709826,6.349289414885439e-06,2.326646302122505e-08,0.0002037794893252047,1.3594172254845454e-05,8.986668881241418e-09,0.9848405612933125,0.0008485379828897289,3.5748695096495686e-05
50,1.6631093411509583e-07,3.7397646317093024e-07,1.4420500766381711e-05,0.00011149216170637219,0.000362086424226987,0.006472510345745558,7.897646745039614e-07,1.8147156601270067e-08,7.193354410043102e-08,6.104537360509967e-05,7.658027145882957e-05,9.331189857532754e-10,7.622899852483148e-08,9.555818158628058e-05,6.162818386636578e-10,1.8578223156393406e-07,0.00027936296489163866,4.155967811532433e-06,1.9648295524587952e-08,0.00016452310773278073,1.0572029239024013e-05,7.51293128136234e-09,0.9919478562662833,0.00035950468079775803,3.862086951829462e-05
51,2.4947810991610505e-07,7.744383677242661e-07,1.5761798404120178e-05,0.00025763406907824255,0.0003179384816100338,0.012057086358401721,4.078797461603462e-07,1.8185489276495325e-08,1.7478882399004799e-07,4.908353228274104e-05,0.00013194316775970986,1.0112393149054411e-09,8.325784397069766e-08,0.00012153473090108596,7.012062674435983e-10,2.479909804011189e-07,0.0004282374668317145,7.136342681123997e-06,3.416930857650064e-08,0.00020984374442958823,1.2944252130023482e-05,1.308683641518036e-08,0.9855150110847347,0.0008448441666833507,2.8995816119754977e-05
52,1.9712050672523598e-07,4.3761852914347016e-07,1.6284223356536637e-05,0.00017584625565931217,0.0003640195730814809,0.009779152404391932,4.990455985265461e-07,1.245595913949284e-08,1.4247503606590767e-07,3.8981494805680395e-05,9.68099518243538e-05,1.044054168886959e-09,1.0794557138300956e-07,7.260290610765029e-05,5.610712201656208e-10,2.4377690906387056e-07,0.0003526671571457769,4.512101392645038e-06,2.2608709758841178e-08,0.00018632838872786027,1.279555355620442e-05,8.203544644114104e-09,0.9880977601614362,0.0007697530002357442,3.0813972788699316e-05
53,1.9527170990960678e-06,1.4338998223201854e-06,4.915399538720214e-05,0.0004909907775197224,0.00043211822167683856,0.11356556993307361,2.1616972619809506e-07,2.4860974972833442e-08,8.023326159566389e-07,0.00012214506960261305,0.0001660634079914609,9.347521731304674e-10,3.1407160375054504e-07,0.00017359782098421553,1.1621301723955716e-09,9.76315132173939e-07,0.002762941824970045,6.0750827355118395e-05,1.678191342065757e-07,0.00044724564195347684,3.565582633088871e-05,3.5533767748910825e-08,0.8779335339340211,0.0036889324741424864,6.537442823248253e-05
54,3.833325761534659e-07,8.087683325210591e-07,2.628992968073294e-05,0.0001733765629319439,0.0005859208576687948,0.016621346960082644,7.396904466899092e-07,1.4425091635361114e-08,2.473120893122309e-07,6.359456711851173e-05,0.00010604045752795561,1.2868061479394634e-09,1.3105076206579798e-07,0.00011888253358408881,1.4813763590980024e-09,3.4889743946568795e-07,0.0004045837921493666,7.296217674313941e-06,3.410857653819569e-08,0.00023121175957940645,1.5952794525364743e-05,1.1050721887906575e-08,0.9808557027836222,0.0007167754297965261,7.030394983928318e-05
55,1.0974924211314475e-06,1.0072999625318894e-06,6.046335906495801e-05,0.0003907806118619143,0.0009041376130552399,0.026902268998024243,1.1562317721731737e-06,2.0606166121052876e-08,1.1177692534609508e-06,6.053397351178533e-05,0.0001581920420784028,4.455675225313621e-09,7.801436404592338e-07,0.00011041534473227473,1.4785638354757756e-09,7.853606056025818e-07,0.0007459761514101719,2.1790038528014465e-05,6.643233425913585e-08,0.0004231240835858562,3.983575822294614e-05,1.6936963247681764e-08,0.9671680899849543,0.002922403473109346,8.593436050231899e-05
56,2.637123333158602e-07,4.676227910095408e-07,2.002001344199717e-05,0.00019584013241297584,0.00044406606770847236,0.014174130628667663,5.400419726821655e-07,1.5776796877937875e-08,1.933634324139027e-07,4.5754980364184143e-05,0.00012350825377989777,1.1738770778971535e-09,1.5029101143556352e-07,9.381306258980986e-05,8.190648350458403e-10,3.3465293057288563e-07,0.00047497512880396986,7.229212009702024e-06,2.8724636844694723e-08,0.00023149980716527074,1.4943888614619114e-05,1.080696837214562e-08,0.98321198655036,0.0009202212891297566,4.0003999136113616e-05
57,2.843418573897362e-07,4.6723712205254985e-07,1.9598737126027424e-05,0.0001964429567109336,0.0004133440795691211,0.011809651526680254,5.931409536220871e-07,1.8566180875052913e-08,1.9514510347136454e-07,5.48369559824458e-05,0.00010323702247953213,1.7269635332066236e-09,2.4011853951439014e-07,9.26489984389917e-05,8.332823016440724e-10,4.1066992023394614e-07,0.0006365357608711746,7.837195932660272e-06,3.5711773439773484e-08,0.00029885098030391104,1.8340530300219204e-05,1.5128893637634956e-08,0.9853386933626163,0.0009635454161627076,4.417385623562501e-05
58,2.8354243179420534e-07,4.56704218806863e-07,2.0781211083939732e-05,0.0001947873420535491,0.00042350903713562246,0.014179072040611555,5.195055915181964e-07,1.4739952555732993e-08,2.0014444884124573e-07,4.125871604755403e-05,0.00013011018129959127,1.1862670433594773e-09,1.500623986365818e-07,8.279555922939745e-05,6.890654478976256e-10,3.2138137085817824e-07,0.00040989380248139035,6.7946259305175346e-06,3.060886631019387e-08,0.0002118909764565431,1.3610506593900205e-05,9.464491869280485e-09,0.983111311294979,0.0011380697851830737,3.412689181088348e-05
59,2.5746364853030613e-07,4.3124091438723913e-07,2.1782870346650174e-05,0.00019686154156223733,0.0003926446752343565,0.014145503022200377,4.922420333316917e-07,1.4300488076497885e-08,1.8968281006725629e-07,4.270713959353282e-05,0.00012287389878192466,1.0557365585251408e-09,1.3164883559900915e-07,7.488681199092726e-05,6.87737993425147e-10,3.187156961352843e-07,0.00037810178548586243,6.457479490238819e-06,2.76987106430342e-08,0.0002157654224073974,1.3638891610983755e-05,8.964250352231265e-09,0.9832527316244423,0.0011016847987129774,3.248633727865756e-05
60,2.5041177479862285e-07,4.5927716690527124e-07,1.9268939446516916e-05,0.00019233420289525589,0.00044415043184324956,0.014628276665330332,5.103688431709727e-07,1.5264397799610267e-08,1.8620314558826903e-07,4.61113448096401e-05,0.00012274187038961688,1.0265847650728027e-09,1.324619668799132e-07,9.198645574042424e-05,7.930995396348744e-10,3.314051003324082e-07,0.00046572706737611655,7.206246245253872e-06,2.7458431755563022e-08,0.00022832307167329027,1.468443048131219e-05,1.0289696816336077e-08,0.9828019018231593,0.0008970176498194687,3.8344840581804884e-05
61,2.675362399752114e-07,4.4728620875449495e-07,2.1818169913836287e-05,0.0001955256280518764,0.00040019693656929197,0.01377492979193306,5.147246113818913e-07,1.4468336675831084e-08,1.886284009036763e-07,4.379639814515123e-05,0.00012153008222608591,1.0993535187883852e-09,1.35916840533314e-07,7.779596052871644e-05,6.996729465095161e-10,3.0764545284210247e-07,0.00038626461085168823,6.67163065911049e-06,2.79368301613388e-08,0.0002149439304187889,1.372397327938662e-05,9.147697248549649e-09,0.9836378749228477,0.001068720209649778,3.429266528080461e-05
62,2.5041177479862285e-07,4.5927716690527124e-07,1.9268939446516916e-05,0.00019233420289525589,0.00044415043184324956,0.014628276665330332,5.103688431709727e-07,1.5264397799610267e-08,1.8620314558826903e-07,4.61113448096401e-05,0.00012274187038961688,1.0265847650728027e-09,1.324619668799132e-07,9.198645574042424e-05,7.930995396348744e-10,3.314051003324082e-07,0.00046572706737611655,7.206246245253872e-06,2.7458431755563022e-08,0.00022832307167329027,1.468443048131219e-05,1.0289696816336077e-08,0.9828019018231593,0.0008970176498194687,3.8344840581804884e-05
63,2.5977538332264564e-07,5.183064579462671e-07,1.8979838381935533e-05,0.00019263008770294902,0.0004277334071532814,0.013848914134262355,5.099725832817427e-07,1.4457686131242496e-08,1.8324456901387215e-07,4.7849854291779504e-05,0.00011656413970194102,1.0448644811533288e-09,1.2304619088097176e-07,9.234857848036164e-05,7.833255973188064e-10,3.0743683618640454e-07,0.0004373147546015007,6.851626880636628e-06,2.8211228583207963e-08,0.00022056619040935005,1.4201134621566206e-05,1.0233172604254438e-08,0.9836558066044175,0.0008797403447159377,3.854279208090009e-05
64,2.3486731286052642e-07,4.621887139778279e-07,1.9826845590930734e-05,0.00020148018806677431,0.000409560950544528,0.01416622581216259,5.478109249816714e-07,1.5405491178076652e-08,1.8983041499818602e-07,5.13639348150043e-05,0.00010990340324862509,1.1599624725357239e-09,1.3650293483746048e-07,9.165883912322748e-05,8.191262615999285e-10,3.395191137407943e-07,0.00045323432411139127,7.280990183892092e-06,2.7095925073983725e-08,0.00022844595241580453,1.79707417347574e-05,1.1269328320390866e-08,0.9833365681950436,0.0008641457876161692,4.0367566093946704e-05
65,2.2428557304714203e-07,4.40535614666704e-07,1.826868159508326e-05,0.00018700091251810274,0.0004145571016640731,0.013670465298503834,5.051004569503813e-07,1.5080652944375786e-08,1.6110639333870543e-07,4.859058071426524e-05,0.00011175399960846763,9.534948319463977e-10,1.1827192076373222e-07,9.220521356989474e-05,7.467275739467397e-10,3.086439172050205e-07,0.00043493958244670823,6.701673302080849e-06,2.486161378799515e-08,0.00022399046639515462,1.4239474515521088e-05,9.60200597144543e-09,0.9839475653178211,0.0007903401902781777,3.757231869626032e-05
66,4.238525007647708e-07,4.786616343335035e-07,2.978590472622252e-05,0.00017602411144908902,0.0005640971533612215,0.01747382851207722,5.439626308491383e-07,1.1503736439886962e-08,2.414454494101597e-07,5.9795095516485555e-05,9.709745999259323e-05,9.3404559032237e-10,1.721057681716524e-07,6.097182929487416e-05,7.827399290395727e-10,3.5697919118311247e-07,0.0005133594468875248,9.69552587138352e-06,2.7417798046340772e-08,0.0003156831353994733,1.696389382906914e-05,7.97208581503973e-09,0.9793669817468074,0.0012620256263539973,5.142494085276703e-05
67,5.244245066053091e-07,9.350815404599076e-07,3.272145518058297e-05,0.00018100412018309854,0.0007924975713032309,0.01459656043505336,1.0818400268099195e-06,2.3117354858681154e-08,3.6951001424945695e-07,5.584013812738059e-05,0.0001808442759184761,1.737988121098369e-09,1.5577414404766418e-07,8.9930628489857e-05,1.6442001199664106e-09,4.114638339983934e-07,0.000501277327081649,9.167346791056897e-06,5.6987118907562845e-08,0.00023005194424098154,1.9795614992788417e-05,1.6759069596606178e-08,0.9820810182430938,0.0011712346324178173,5.4477927327980986e-05
68,2.595891887406883e-07,5.191675623559754e-07,1.6915830152627474e-05,0.00016581107217543558,0.0007145863670161661,0.018796596591130386,6.200931137674893e-07,1.975172588651721e-08,2.2327538490693875e-07,4.5295979144679045e-05,0.00018389590020705265,1.0900199808838857e-09,1.6322485800511872e-07,0.00011190910925632082,1.6940180436516433e-09,4.99479454917694e-07,0.0006309527216934105,7.521812243789087e-06,3.8738833605201166e-08,0.0002813350917749554,1.3462884171244091e-05,1.4601691751721087e-08,0.9780832746059165,0.0008971025255319892,4.8978803733431356e-05
69,2.531335048345644e-07,4.6192345625346036e-07,1.9384821336820522e-05,0.0001926455119391427,0.0004475656654506008,0.014736682100303789,5.130056915970345e-07,1.531790482966232e-08,1.879465006841329e-07,4.640755403760851e-05,0.00012288743568423106,1.031073833328687e-09,1.3377636743780706e-07,9.253638789275089e-05,7.998245928602115e-10,3.334550585131467e-07,0.00047152971752078925,7.297806067735702e-06,2.764060715688173e-08,0.00022943866862413397,1.4799889768173941e-05,1.038381031347479e-08,0.9826799313929246,0.0008981760704130168,3.877856423657548e-05
70,1.9493256594489175e-07,4.5486910230053493e-07,1.4867351976791905e-05,0.00016071810035005738,0.00034645136491081614,0.014387904206257043,4.466747137898961e-07,1.1956350541994033e-08,1.6266812688013718e-07,4.058927518584107e-05,0.0001308038151301231,8.654594093842323e-10,8.007671450851204e-08,7.280270863695754e-05,6.563093337509555e-10,2.617404528937959e-07,0.0003197330760509938,5.196809029263192e-06,3.260767815386721e-08,0.00014151172611444015,1.334602491620444e-05,9.656157735984022e-09,0.9833376847077021,0.0009997228881724605,2.7011241935644447e-05
