,0,1,2,3,4,5,6,7,8,9,10,11,12,13,14,15,16,17,18,19,20,21,22,23,24
0,4.79478538193266e-08,9.259746072215293e-09,0.0001546762227895397,7.273258004802293e-05,3.4744873743276764e-05,0.0008703295420191031,6.530005585841216e-08,5.83546680091594e-10,0.0013299407182462816,0.000392276675445413,2.227381406474987e-09,5.468393545781222e-10,1.0555674914446377e-09,9.330191784455084e-06,6.036518705249054e-08,1.7821766097346707e-06,9.49982230704681e-06,5.653119424975352e-06,7.939012753354941e-09,3.4470207907157623e-06,3.985190885736136e-07,2.4782560431653464e-11,0.9912321085832952,0.005877594832654229,5.289871780393603e-06
1,4.2366776118657e-08,9.944705782623934e-09,0.00015808995101913176,8.527100483047974e-05,2.9895631926493176e-05,0.0013862870946360789,6.785985594201941e-08,7.376852555704599e-10,0.0022343153998270614,0.0007484713926618961,1.9836649354503013e-09,4.5576689108866297e-10,1.2477105616322245e-09,9.461469916841463e-06,8.340164066378364e-08,2.676820655734771e-06,5.959573531771486e-06,7.177162260645881e-06,1.2146451030594928e-08,5.060475387405843e-06,3.325399684955619e-07,2.8866647533572556e-11,0.9887300398827954,0.0065908114114302495,5.930016028426163e-06
2,3.96922653698192e-08,1.0892850716211262e-08,0.00014634880867115218,8.985886398031689e-05,4.07165126994474e-05,0.0013098223154113947,7.220098734110702e-08,7.286040689844454e-10,0.0024119545086106575,0.0006367187937159971,2.469614555677536e-09,5.724632717857063e-10,1.2196228955164824e-09,1.2202145269038212e-05,1.0679778778989933e-07,2.2611784146630475e-06,6.166459302701315e-06,6.146363803741154e-06,1.1068758410402975e-08,5.469766393456534e-06,3.3631864072251246e-07,3.3526493449583104e-11,0.9886188344896873,0.006705313081634099,7.604717284353456e-06
3,4.328602017842105e-08,9.022199165903409e-09,0.00013321283234097076,7.903790797182812e-05,3.141149529114323e-05,0.0012559033191276228,6.307546500790322e-08,6.365568679512989e-10,0.001842691975793323,0.0005335088746845709,2.203575341527235e-09,4.758629819869368e-10,1.0926205968347984e-09,8.837346954575476e-06,8.062152115992247e-08,2.027213546161278e-06,6.495436533689069e-06,6.163588908039521e-06,1.0191272946824548e-08,4.134405137975949e-06,3.18300412447102e-07,2.8639230587713805e-11,0.990275348500123,0.0058150467758346855,5.651393606688341e-06
4,4.6655883484268426e-08,1.0764574249615336e-08,0.00014418532931620025,8.431766960342826e-05,3.39987082988178e-05,0.001181539481073055,6.649021173946091e-08,7.089188283134946e-10,0.0018903039477187495,0.0005705871081570379,2.406254821872506e-09,5.2989920922817e-10,1.2722708966923046e-09,1.0391829895667138e-05,8.295672766095398e-08,2.104592692433179e-06,7.037526759187239e-06,6.69467571567545e-06,1.096571545303609e-08,4.565398302377981e-06,3.671028399493924e-07,3.270937876139638e-11,0.9899234486200749,0.00613422922605159,6.00600033547253e-06
5,3.9349312540058186e-08,7.850702096497672e-09,0.00012268228154866837,7.64089910887814e-05,2.8798272499323393e-05,0.0010193590257818203,5.6147879650157535e-08,5.881457205445389e-10,0.0015554490582262057,0.0004931330987806487,1.9028480278828358e-09,3.753273815126665e-10,1.0128083791892583e-09,8.123820244818702e-06,6.035191120558088e-08,1.7790505517669624e-06,5.780888323927491e-06,7.1875891838764934e-06,9.182638115760518e-09,4.058527441766391e-06,3.168974605730785e-07,2.1958495366413338e-11,0.9911988298560345,0.005473708388765847,4.2074705356020154e-06
6,4.328602017842105e-08,9.022199165903409e-09,0.00013321283234097076,7.903790797182812e-05,3.141149529114323e-05,0.0012559033191276228,6.307546500790322e-08,6.365568679512989e-10,0.001842691975793323,0.0005335088746845709,2.203575341527235e-09,4.758629819869368e-10,1.0926205968347984e-09,8.837346954575476e-06,8.062152115992247e-08,2.027213546161278e-06,6.495436533689069e-06,6.163588908039521e-06,1.0191272946824548e-08,4.134405137975949e-06,3.18300412447102e-07,2.8639230587713805e-11,0.990275348500123,0.0058150467758346855,5.651393606688341e-06
7,6.354268364582552e-08,9.736465162379685e-09,0.0001540965786088681,8.497509005955007e-05,3.090342144287465e-05,0.0015095363362403102,7.108398717924598e-08,8.005114750820998e-10,0.0018198422799393303,0.0005871350623845416,2.6818298231672366e-09,4.944457580042495e-10,1.454404655382895e-09,8.099917310848923e-06,9.156817992958421e-08,2.2031228856500343e-06,7.046344215745048e-06,7.350081790404139e-06,1.2120364414253307e-08,4.459054829529528e-06,3.612092962050432e-07,3.677685639423898e-11,0.990283529112564,0.0054950219415722925,5.18692721114351e-06
8,4.410775096036708e-08,9.314444470182377e-09,0.0001293484484816484,8.118522736245165e-05,3.253911415084104e-05,0.001311018320237114,6.759005435267716e-08,6.792589675918324e-10,0.0018634498346017819,0.0005347277686711446,2.3449930451920622e-09,4.889791256585017e-10,1.1359734831694533e-09,8.803115470380792e-06,8.416178662570549e-08,2.0751188756626875e-06,6.588512732009269e-06,6.510169999264816e-06,1.109310648024882e-08,4.217454227348267e-06,3.341827001525171e-07,3.040709281093014e-11,0.990336194747378,0.0056771858902121145,5.601148145401222e-06
9,2.8786256095441487e-07,6.556370571188191e-09,2.9831484313757297e-05,9.191956244352471e-05,9.711501176534871e-05,0.006639808241811809,4.982258034141806e-07,1.652570333639169e-09,0.0014251121205568916,6.923980382850085e-05,2.561729633369535e-08,1.1643536775354793e-09,1.9363271942718235e-09,1.5849239045072744e-06,3.2907746491117975e-07,1.0207627939086875e-06,1.05606139605346e-05,1.1464019859438432e-05,5.043235514583872e-08,1.3516639598410765e-06,6.903984426466374e-07,1.6222246981243382e-10,0.990049977001177,0.0015664358135799993,2.6858902771338157e-06
10,4.328602017842105e-08,9.022199165903409e-09,0.00013321283234097076,7.903790797182812e-05,3.141149529114323e-05,0.0012559033191276228,6.307546500790322e-08,6.365568679512989e-10,0.001842691975793323,0.0005335088746845709,2.203575341527235e-09,4.758629819869368e-10,1.0926205968347984e-09,8.837346954575476e-06,8.062152115992247e-08,2.027213546161278e-06,6.495436533689069e-06,6.163588908039521e-06,1.0191272946824548e-08,4.134405137975949e-06,3.18300412447102e-07,2.8639230587713805e-11,0.990275348500123,0.0058150467758346855,5.651393606688341e-06
11,4.7956016412703854e-08,9.48502325133886e-09,0.00013832077401084355,7.986603137936114e-05,3.3118720869296456e-05,0.001240169941938118,6.792586992501199e-08,6.730188067916888e-10,0.0018800045569301468,0.0005214797221305857,2.381441372725978e-09,5.223714784646539e-10,1.2281710321160684e-09,9.0623400966892e-06,8.362140571445404e-08,2.1172193842511743e-06,6.756477954302266e-06,6.429384099690731e-06,1.0700864585183452e-08,4.3748846447978915e-06,3.447002008036585e-07,3.1433006326337155e-11,0.9898386294177988,0.006233238920116047,5.862382830834093e-06
12,6.948605439176608e-08,1.3948250730286211e-08,0.00014427245983241455,0.0001523229083292185,1.8514846243419573e-05,0.0020565768818754373,8.548299477347425e-08,1.7680277651538238e-09,0.0019488560223083215,0.0010119897798349323,2.5989228164200083e-09,7.257799697326607e-10,1.951048891826586e-09,8.422238855987582e-06,1.4167370867553384e-07,5.074872870397182e-06,7.307673803208203e-06,1.2215154829923792e-05,2.7789600729968363e-08,4.7980517321460154e-06,3.6966685149543133e-07,5.2812287279721747e-11,0.9903690885336968,0.0042548223091399846,5.0231225951065035e-06
13,4.4007746412751444e-08,9.325501637338298e-09,0.00013474116503062961,8.021147580622953e-05,3.273324145029814e-05,0.0012470329697647135,6.45141225401958e-08,6.557791542450279e-10,0.0018705120827547084,0.0005294487105321455,2.3185434883627587e-09,5.020574670564857e-10,1.1172750089652465e-09,9.290087827719707e-06,8.450463268799456e-08,2.031116634889342e-06,6.628962904300505e-06,6.13997888677568e-06,1.0411690320099079e-08,4.186021783564416e-06,3.3043096206640656e-07,2.9957738017128563e-11,0.9901952431870974,0.005875313849313183,5.939331944740582e-06
14,4.500343468651799e-08,1.3209789108132872e-08,0.0001293682510644574,9.004724860297329e-05,4.67860026364265e-05,0.0009541133081710984,5.8006534030029086e-08,6.634713166568177e-10,0.0016864643511917527,0.0006291705426154938,2.9225522858861228e-09,3.904576569211223e-10,1.2998890984208939e-09,1.159435804745109e-05,5.8309633845990597e-08,1.447967231098718e-06,7.743009088207516e-06,9.204758903829922e-06,1.3856982739620251e-08,4.00558478286997e-06,5.492084209367385e-07,3.1617309797435567e-11,0.9903564097377016,0.006068690165269696,4.211811910159286e-06
15,4.328602017842105e-08,9.022199165903409e-09,0.00013321283234097076,7.903790797182812e-05,3.141149529114323e-05,0.0012559033191276228,6.307546500790322e-08,6.365568679512989e-10,0.001842691975793323,0.0005335088746845709,2.203575341527235e-09,4.758629819869368e-10,1.0926205968347984e-09,8.837346954575476e-06,8.062152115992247e-08,2.027213546161278e-06,6.495436533689069e-06,6.163588908039521e-06,1.0191272946824548e-08,4.134405137975949e-06,3.18300412447102e-07,2.8639230587713805e-11,0.990275348500123,0.0058150467758346855,5.651393606688341e-06
16,5.012330374735684e-08,1.0982472435352696e-08,0.00013477247322137698,9.190020278871201e-05,3.456265716834302e-05,0.0013925354869396415,7.221965764590351e-08,7.802428339763224e-10,0.001956365324811107,0.0005684377566041547,2.6961163878564845e-09,6.165405081065916e-10,1.257510335979973e-09,9.997438345637397e-06,1.0227294449333183e-07,2.280274796381297e-06,7.422711119059804e-06,6.6718463193864726e-06,1.2692903095675772e-08,4.214146606893752e-06,3.518701363092365e-07,3.811031972354676e-11,0.9900538961217388,0.005729751865544339,6.586144057882782e-06
17,4.4648189885077466e-08,9.113843678623181e-09,0.00013177520674068432,7.219800109383244e-05,3.461423198479849e-05,0.0010600201188633905,6.28147113373736e-08,5.731549834409201e-10,0.001742282333399255,0.00044461865156047065,2.3179550648661154e-09,4.905531768846773e-10,1.0825639272015576e-09,9.219605611554053e-06,6.943416730236946e-08,1.7160617651494713e-06,6.703876874093154e-06,5.95259602021861e-06,9.106226251918645e-09,3.833300235913729e-06,3.5161615376496307e-07,2.7379223577020697e-11,0.9902767365232179,0.006204164387688209,5.613880045962112e-06
18,4.5285165507110567e-08,7.390647971174157e-09,0.0001106022171098896,9.829203730976299e-05,3.1863572452537944e-05,0.0014715935353960719,5.9359359014989017e-08,6.786367124333503e-10,0.0018649075301847187,0.0005387743405183143,1.943155357188033e-09,3.2094392781079657e-10,1.0267213160043002e-09,6.3331056134588686e-06,7.459964947676745e-08,1.6290065500801806e-06,4.905038031032588e-06,6.855247744302555e-06,9.595007414512239e-09,3.830730691528771e-06,2.535888871023156e-07,2.4115242707510306e-11,0.991338615854183,0.0045181292668156825,3.2147051104572877e-06
19,4.3398569519826974e-08,1.352529271494345e-08,0.0001384553211355739,0.00012768640135923243,4.3144799362054304e-05,0.0018045602443457402,7.341284754408838e-08,8.387307849505234e-10,0.002922575414586906,0.0008436119540153078,2.3282594011491993e-09,6.48231234834578e-10,1.2867325089879468e-09,1.1672818730017863e-05,1.3218680144011518e-07,2.57669048184781e-06,6.701535656056633e-06,5.872050295566202e-06,1.2484126082694245e-08,5.1997853812921594e-06,2.615544117876793e-07,4.3707029451199786e-11,0.987575422328022,0.006504559583152232,7.4193657662368924e-06
20,5.191146348716291e-08,1.3991165570271517e-08,0.0001373721951745078,0.00011458847025555503,4.267859168872421e-05,0.001655280171216669,7.732052990853579e-08,9.924203987094083e-10,0.00247924201531523,0.0007485670636971856,3.1953346081681933e-09,6.434841893217299e-10,1.5980880267729618e-09,1.241734427727985e-05,1.393859748482306e-07,2.474372186173264e-06,7.128973648832137e-06,7.366745917337095e-06,1.5807252655466945e-08,5.743999100619041e-06,3.787811515690301e-07,5.367183748984468e-11,0.9888471335343841,0.005932053272803174,7.2695697975355165e-06
21,5.089381469292014e-08,1.0071055056033199e-08,0.00019719865784943632,6.809145728394806e-05,2.3806506016563163e-05,0.0006817898719181462,5.604435018216635e-08,6.339471656926192e-10,0.0013057904672772573,0.0004804761828468689,1.8346289460048853e-09,5.328888216925839e-10,1.2267801827767805e-09,1.1491397800504694e-05,4.845604513790921e-08,2.1938727484877213e-06,7.984729309918184e-06,7.5025940023811166e-06,8.094629037006365e-09,3.9278115453544e-06,4.5713885825677895e-07,2.1936346861543335e-11,0.9904553310093376,0.006748257607086033,5.522886043775795e-06
22,5.004878356511098e-08,8.698682871473545e-09,0.00016690518909211159,7.13498069523351e-05,2.1084849285655904e-05,0.0010359431331458714,4.6435632640750654e-08,7.441757881524751e-10,0.0009592487796781695,0.0006032069365123696,2.0348444831856476e-09,3.1097689011537174e-10,1.0773643026171035e-09,7.842366752988094e-06,4.987707564266638e-08,1.844391687112215e-06,9.496935875410534e-06,8.211191132604762e-06,9.673091900040009e-09,3.7376101415663883e-06,4.08763909822847e-07,2.5052244602173265e-11,0.9931901188809334,0.003916949173760892,3.483065459373018e-06
23,4.328602017842105e-08,9.022199165903409e-09,0.00013321283234097076,7.903790797182812e-05,3.141149529114323e-05,0.0012559033191276228,6.307546500790322e-08,6.365568679512989e-10,0.001842691975793323,0.0005335088746845709,2.203575341527235e-09,4.758629819869368e-10,1.0926205968347984e-09,8.837346954575476e-06,8.062152115992247e-08,2.027213546161278e-06,6.495436533689069e-06,6.163588908039521e-06,1.0191272946824548e-08,4.134405137975949e-06,3.18300412447102e-07,2.8639230587713805e-11,0.990275348500123,0.0058150467758346855,5.651393606688341e-06
24,3.779842626291735e-08,1.2813017854127206e-08,0.00012690736426669807,0.00010992216322198371,3.4637363595633074e-05,0.0010419781535649041,5.713210054702639e-08,8.097198034821616e-10,0.0017925889939847707,0.0007083831410240473,2.188955272198086e-09,4.701822381980625e-10,1.1607852054078484e-09,1.2329173680339043e-05,7.746848299612523e-08,2.0363023777932365e-06,7.1977659230279784e-06,8.021740616035825e-06,1.2903116406528838e-08,4.3701234423735636e-06,3.7640306210214693e-07,3.180394047392968e-11,0.9909342479154323,0.005211728814991577,5.0718042261177115e-06
25,4.0263858132290244e-08,8.017731365269998e-09,0.00012284115111640267,7.656204720133121e-05,3.6358284111315366e-05,0.0008212216159613937,7.192823287182454e-08,8.992979180621899e-10,0.00123897514309975,0.00036453336169469893,2.588432799068361e-09,4.2726815235090597e-10,1.0237998201024762e-09,9.51560242656342e-06,5.239945900061696e-08,1.4971431074989287e-06,6.521475533586976e-06,8.230210566372523e-06,9.27311249887136e-09,4.007120117156459e-06,4.909730166466745e-07,2.2997846951465788e-11,0.9926638446872289,0.004641277581916394,3.936758711336197e-06
26,5.058483926020815e-07,8.238603910985887e-06,0.0005781042899057031,0.003200352592710141,0.0004884283935841807,0.11869118322370668,4.843037538198253e-06,1.6266184545881878e-06,0.026123999222419644,0.07775452202861505,1.526433730342631e-06,3.8663798736773234e-07,7.544193077659139e-08,0.0012968307157930977,0.0008311746941408388,0.0005704400865143358,0.0007338087217643766,2.4810732622245755e-05,1.561024546450533e-05,0.00012177557821273293,1.0170108502719304e-05,3.618829692973655e-07,0.7630781757961967,0.0030909169263649582,0.003372132138567794
27,5.0936343910832396e-08,1.175631738022141e-08,0.00012307495391048097,0.00010737464862636814,4.324460447296798e-05,0.0019962147759757876,8.031406329537564e-08,8.229112072776358e-10,0.003345880863223812,0.0006692436674480523,2.7603119440323495e-09,6.777551747811712e-10,1.3583034262929898e-09,9.987418018085205e-06,1.4220325627894721e-07,2.463809894728186e-06,5.426998161243072e-06,5.855377332954666e-06,1.3803002954616506e-08,4.896625920665437e-06,2.766500900217685e-07,4.9425550089253616e-11,0.9864083471605971,0.007269334080290276,8.073684346368923e-06
28,4.328602017842105e-08,9.022199165903409e-09,0.00013321283234097076,7.903790797182812e-05,3.141149529114323e-05,0.0012559033191276228,6.307546500790322e-08,6.365568679512989e-10,0.001842691975793323,0.0005335088746845709,2.203575341527235e-09,4.758629819869368e-10,1.0926205968347984e-09,8.837346954575476e-06,8.062152115992247e-08,2.027213546161278e-06,6.495436533689069e-06,6.163588908039521e-06,1.0191272946824548e-08,4.134405137975949e-06,3.18300412447102e-07,2.8639230587713805e-11,0.990275348500123,0.0058150467758346855,5.651393606688341e-06
29,4.328602017842105e-08,9.022199165903409e-09,0.00013321283234097076,7.903790797182812e-05,3.141149529114323e-05,0.0012559033191276228,6.307546500790322e-08,6.365568679512989e-10,0.001842691975793323,0.0005335088746845709,2.203575341527235e-09,4.758629819869368e-10,1.0926205968347984e-09,8.837346954575476e-06,8.062152115992247e-08,2.027213546161278e-06,6.495436533689069e-06,6.163588908039521e-06,1.0191272946824548e-08,4.134405137975949e-06,3.18300412447102e-07,2.8639230587713805e-11,0.990275348500123,0.0058150467758346855,5.651393606688341e-06
30,4.328602017842105e-08,9.022199165903409e-09,0.00013321283234097076,7.903790797182812e-05,3.141149529114323e-05,0.0012559033191276228,6.307546500790322e-08,6.365568679512989e-10,0.001842691975793323,0.0005335088746845709,2.203575341527235e-09,4.758629819869368e-10,1.0926205968347984e-09,8.837346954575476e-06,8.062152115992247e-08,2.027213546161278e-06,6.495436533689069e-06,6.163588908039521e-06,1.0191272946824548e-08,4.134405137975949e-06,3.18300412447102e-07,2.8639230587713805e-11,0.990275348500123,0.0058150467758346855,5.651393606688341e-06
31,4.8711537188587704e-08,8.339873863949694e-09,0.00018676297098810414,6.651762503679104e-05,1.9867011414571773e-05,0.0009123588895581214,5.3896402199493766e-08,7.328546470317208e-10,0.0012244365578017939,0.0005478749356352095,1.7073832118281612e-09,3.727988348249695e-10,1.091550631425449e-09,8.614093944135265e-06,4.743698122670842e-08,2.0982323252223025e-06,7.129438804850942e-06,7.660412696237704e-06,8.231673131405337e-09,3.908809129248415e-06,3.826593642963659e-07,2.080559584465795e-11,0.9921148384234104,0.004893122769484066,4.256628546366126e-06
32,4.507688279799394e-08,9.263044999654306e-09,0.00012977285580364172,8.190418863426715e-05,3.2764306933863525e-05,0.0012937387363176093,6.736739345958431e-08,6.847140006341021e-10,0.0018535795898759438,0.0005367071851228486,2.3977294108810146e-09,5.015605437582805e-10,1.1661242148334533e-09,8.73708949187184e-06,8.691360086299638e-08,2.148145894864268e-06,6.746222835920357e-06,6.589843372369043e-06,1.1564794048566543e-08,4.287172212943551e-06,3.370656676780414e-07,3.105980203231899e-11,0.9901984163235608,0.005838369979144042,5.676328227207364e-06
33,4.654685274198148e-08,9.361734414612737e-09,0.00013182309478101137,8.022714647343019e-05,3.1167245668119956e-05,0.0011723003351682207,6.468751868993416e-08,6.780049406839952e-10,0.001651132640587163,0.0004954639588648606,2.3515492469477325e-09,5.118723955357645e-10,1.1491895834841615e-09,8.846378162400338e-06,7.733055462375979e-08,2.0498120437590936e-06,7.253421099220472e-06,6.514908666155828e-06,1.073482804676777e-08,3.934945409425929e-06,3.565105319679319e-07,3.026923298949367e-11,0.9907052001623673,0.005698069217799601,5.446840003269064e-06
34,9.85119369160927e-08,4.358787554495732e-09,0.00011867585074415976,6.220106619534186e-05,3.263142162708988e-05,0.001106737091708397,6.747203708703196e-08,5.29983274339493e-10,0.0014620862012928578,0.00025370745494643685,2.897143548228811e-09,3.179697414217232e-10,1.2808635552491884e-09,4.025922154478563e-06,7.150111566581985e-08,1.3153420748845377e-06,4.712404926235374e-06,8.381089083282175e-06,1.0541549548578919e-08,2.8650260718725357e-06,3.6768531345175647e-07,2.2950053618062456e-11,0.9916871355873871,0.00525201903696783,2.881385169642186e-06
35,8.095429150362544e-08,8.727948781428697e-09,0.0001285659287863453,8.224832449550779e-05,1.7248115136646316e-05,0.0015654715234942052,6.774405221484504e-08,8.111918598958234e-10,0.0017933551640895821,0.0005374749747528524,1.879346808757637e-09,5.201065977487347e-10,1.3259947371129865e-09,5.265775847507044e-06,6.410691234427884e-08,3.001961922602882e-06,5.905093395834108e-06,1.0226318975606712e-05,1.517587930320289e-08,2.8325843321391473e-06,3.029894571120946e-07,3.4442168193631657e-11,0.9898839897036196,0.005959619684970586,4.250576557695637e-06
36,4.314511857663765e-08,8.866819387657072e-09,0.00013243434479279416,7.802845340015525e-05,3.163380011423838e-05,0.0012494622122889974,6.286450909901762e-08,6.264489281941158e-10,0.001836449625343764,0.0005243967822953874,2.2104927248591455e-09,4.714384212404079e-10,1.0826421726624362e-09,8.753670734089134e-06,7.997908806606074e-08,1.993059579231013e-06,6.4419839269882925e-06,6.113439718787691e-06,1.0069579287083838e-08,4.107619383180859e-06,3.1806260768632095e-07,2.825752263812811e-11,0.990276149555489,0.005837883773681265,5.6242722503127775e-06
37,5.704798283354172e-08,7.814397893326392e-09,0.00016686197946823747,5.401584965917384e-05,3.350359192660054e-05,0.0007737819100735294,5.970781356821264e-08,4.2310839447207367e-10,0.0016535765850258166,0.0003668095339272113,2.0525562445272054e-09,4.4124217195548404e-10,1.2095602676245371e-09,8.449359738553324e-06,4.5217095433358217e-08,1.5466812637333904e-06,6.155027622140924e-06,6.441404421383746e-06,7.025188357374385e-09,3.7061715887036e-06,4.0752058526711257e-07,2.095842743184095e-11,0.9881507433546936,0.008768683868778542,5.1362013239586845e-06
38,3.7428090649089995e-08,9.879792953181294e-09,0.00013181733807286582,7.94718944148275e-05,3.7024184332676506e-05,0.0010675024066497257,5.695236559797703e-08,5.591047696564202e-10,0.0020677357917497615,0.0005180555969405766,2.1556879479458084e-09,4.922791620907136e-10,9.786080421238858e-10,1.091556305412749e-05,7.652952174351922e-08,1.6843516808760758e-06,6.10103675866845e-06,5.2799505560817066e-06,8.815850080532334e-09,3.91484764710919e-06,3.130519004833095e-07,2.670658747044083e-11,0.9896424113836338,0.0064211688354848745,6.409949115852854e-06
39,5.4909917912565064e-08,7.76301381399797e-09,0.00014590686974457962,6.571330957910695e-05,2.325558912119215e-05,0.0015682208624014406,9.489157506145798e-08,1.040497061280799e-09,0.001303028453807192,0.00042590323377888833,2.700259552843511e-09,6.543220453967043e-10,1.2448363500042138e-09,6.53860214067621e-06,7.94951778506544e-08,3.1318338763643735e-06,9.061680285568271e-06,6.856015449595833e-06,1.239150115639743e-08,4.085869274029723e-06,4.1977028814071175e-07,3.5918134302030376e-11,0.9912786351618512,0.005152966391438683,6.021229944400931e-06
40,4.24452771290124e-08,8.971497873703306e-09,0.00013163891314537805,7.918422218436176e-05,3.1130027640370104e-05,0.0012413692962327085,6.247245136717564e-08,6.353055455525771e-10,0.001830958504042369,0.0005381301777208584,2.168422552932897e-09,4.64791272684112e-10,1.0857111775426363e-09,8.784767926623174e-06,7.890768108538849e-08,2.0285495658854872e-06,6.424604768205295e-06,6.26677403685689e-06,1.027970168676002e-08,4.139822082940545e-06,3.187633001670448e-07,2.81151994502598e-11,0.9903159582654641,0.005797935548561618,5.524304372656248e-06
41,4.529542046149571e-08,7.804799422927834e-09,0.00010644244288582771,0.00012767670297193266,5.9302566974568907e-05,0.0025193943269111426,6.949359693456384e-08,6.175365102629332e-10,0.003968688162622049,0.0006203137591768964,2.5691708153975423e-09,4.844051737023805e-10,9.01735758159357e-10,7.560590196284223e-06,1.9017345001037055e-07,1.6057612050395773e-06,4.098221425720001e-06,4.190452471986711e-06,9.941656244163972e-09,4.122186872436771e-06,1.576360134444734e-07,3.440122490719659e-11,0.9867954539572074,0.005774348526177076,6.317390715647092e-06
42,6.56327156877446e-08,1.7015908385489322e-08,0.00015601238533407362,0.00011810256599179391,4.223747134835513e-05,0.002467119567388034,1.104164536359492e-07,1.2541821373335212e-09,0.0027008713842361413,0.0008458331723747222,3.6072825068560567e-09,9.13110352086362e-10,2.0719466964062115e-09,1.038337344352358e-05,1.804819406867651e-07,4.171256873211086e-06,1.1042196516036878e-05,6.605168140792175e-06,2.2080699898129198e-08,6.014945835624301e-06,4.3029776140372106e-07,8.533863123253468e-11,0.9869380572714515,0.006683549053609991,9.166330115998605e-06
43,6.919993696080209e-08,1.0506627142949058e-08,0.00017797982083389468,3.73328475491084e-05,5.156415844317377e-05,0.00015746011868820694,5.2903289685777306e-08,1.568187599555517e-10,0.0010903644730001557,7.049869763678999e-05,2.542327042131418e-09,1.4873669079619656e-09,9.989918715823284e-10,1.5349255294892538e-05,2.5049939580703193e-08,8.339723659555157e-07,9.529168782281777e-06,3.463494766218091e-06,2.3515922553135246e-09,1.7969740625632342e-06,4.81224777102722e-07,1.132364764652994e-11,0.9841644964700813,0.014208847199325022,9.836916179512768e-06
44,4.328602017842105e-08,9.022199165903409e-09,0.00013321283234097076,7.903790797182812e-05,3.141149529114323e-05,0.0012559033191276228,6.307546500790322e-08,6.365568679512989e-10,0.001842691975793323,0.0005335088746845709,2.203575341527235e-09,4.758629819869368e-10,1.0926205968347984e-09,8.837346954575476e-06,8.062152115992247e-08,2.027213546161278e-06,6.495436533689069e-06,6.163588908039521e-06,1.0191272946824548e-08,4.134405137975949e-06,3.18300412447102e-07,2.8639230587713805e-11,0.990275348500123,0.0058150467758346855,5.651393606688341e-06
45,5.450621211721665e-08,8.297106523223378e-09,9.98710413229506e-05,0.00013937925763795865,5.5758771374708625e-05,0.003113399939134012,1.2844726267805602e-07,1.0763718276625573e-09,0.003664438127949176,0.0006015329019285929,3.2927729550660715e-09,7.167267759851526e-10,1.5206601991333474e-09,6.5840210085108404e-06,2.6235369237284184e-07,3.1868200503710964e-06,5.043394684590643e-06,6.0944176183808275e-06,1.7405602769922495e-08,6.445912979751923e-06,2.2001812418576352e-07,5.3998009902937305e-11,0.9863399003887451,0.005950887421546807,6.779895488804151e-06
46,1.77804399129976e-08,7.482078292665665e-09,0.00012666453041490394,8.539574714580309e-05,4.081285698007259e-05,0.0009552880378685423,4.322412218813494e-08,4.708991038840553e-10,0.004705155134640426,0.0010912747410222765,1.2949314450777861e-09,1.7322243320763283e-10,8.864667031476338e-10,1.4650455431878993e-05,6.066845167707352e-08,1.44326052575347e-06,1.3331937781621612e-06,9.630486083624953e-06,9.400085519069458e-09,7.832757290901117e-06,2.6935000481045936e-07,1.1380216376588132e-11,0.9840174108733819,0.00893818976235487,4.507420998517356e-06
47,8.629311281065095e-08,1.873808069118569e-08,0.00019013758597243995,9.237217668889869e-05,3.4147582766171796e-05,0.0020440107270292955,1.0949548060513849e-07,9.055631363195603e-10,0.0028840584105054687,0.0007389245758633172,3.1217019213573235e-09,1.2216047613673034e-09,2.3572809386114342e-09,1.0715424602495284e-05,1.4832235966894708e-07,4.521793653680204e-06,1.1103741884516775e-05,6.268571243255929e-06,1.7689607576872003e-08,5.503050097704619e-06,3.857468541271707e-07,8.185085882586791e-11,0.9846697849073305,0.009295754608109857,1.1922870755428137e-05
48,5.1391062412198115e-08,1.7290048344898545e-08,0.00014879457908255065,0.00011125080009301916,2.605317398466577e-05,0.0013437330552305907,6.034102964632352e-08,1.031608713786927e-09,0.001260447830479091,0.000793394569487217,2.477316838555283e-09,5.898265639895616e-10,1.3139764213821043e-09,1.1198816818585204e-05,7.824761692699368e-08,2.4200002042183774e-06,1.3460792073930242e-05,7.815726279736646e-06,1.4042308498007714e-08,3.784991725536258e-06,3.8934135549656275e-07,4.725912069883661e-11,0.99248691134869,0.0037849816024574314,5.136599984520306e-06
49,4.812368006025175e-08,8.126432318157916e-09,0.00014959400622669257,6.78284298363232e-05,2.7466320226716272e-05,0.0013411453305630816,6.372367997506147e-08,5.950577470947175e-10,0.0017827801779310554,0.00047518420197902755,2.0682516564339836e-09,4.832743484362532e-10,1.0631623287503184e-09,7.810073807114371e-06,7.148539574046786e-08,1.9206584592798456e-06,6.23875543802641e-06,5.3848341877827365e-06,7.723638872358791e-09,3.9798041164892535e-06,2.847278234795637e-07,2.6023026229274264e-11,0.9901752873355171,0.005949299930293002,5.59199499871764e-06
50,5.0727778752255114e-08,2.033397524935964e-08,0.0001940479865753933,0.00013637024063456568,4.167170768162608e-05,0.0018356271610912263,8.818777428454538e-08,1.3999148697173484e-09,0.00267061639477965,0.0013000923254861303,3.0433735226417257e-09,7.492422869406032e-10,1.8907759560988865e-09,1.6408404411102445e-05,1.39669174279758e-07,3.5568601491617388e-06,9.336457874779506e-06,8.36980339979857e-06,1.9669008604640545e-08,6.818535300618287e-06,4.4113337548288347e-07,6.301014623554133e-11,0.9875692065037046,0.006198247161446107,8.863590062030524e-06
51,4.9566211598525716e-08,3.2684436115958615e-08,0.00017683555778281388,0.00020978589794763236,4.395961346009519e-05,0.001382350641927573,7.238227586089355e-08,1.6942749918334447e-09,0.002820012379695152,0.0013570824559372768,3.0723063984054776e-09,9.51531404519092e-10,1.7786690275467418e-09,2.617460895766058e-05,1.4658465200143114e-07,2.8598430572229526e-06,9.168329962616552e-06,9.432832787004003e-06,1.930728141069697e-08,5.792629974046832e-06,4.237747739521464e-07,6.709689529042955e-11,0.9889166751320274,0.005030754949829091,8.363263144558423e-06
52,4.26984231657311e-08,9.004739248237441e-09,0.000133814845484457,7.043535357920079e-05,3.481462427749243e-05,0.001125440998680653,6.727209233654116e-08,5.740617755509345e-10,0.0018202449495710023,0.00043375880506112266,2.3148749695045324e-09,5.3154934992393e-10,1.032213239545383e-09,9.221618726099337e-06,7.478067025536641e-08,1.807071195969237e-06,6.860397894827353e-06,5.31117696251839e-06,8.901874132511512e-09,3.749096511830711e-06,3.398084870506706e-07,2.7379953042500674e-11,0.9901646892524447,0.0061830414037455485,6.263459499133125e-06
53,4.905026960305858e-08,1.1100465227879675e-08,0.00017137207397881525,8.965672847383033e-05,3.2661017009176536e-05,0.0011074893808373583,4.694703258575403e-08,6.453176742990533e-10,0.0017577846689927625,0.0007785426322755322,2.1778953267273883e-09,3.904155810082925e-10,1.2489152616919562e-09,1.0804389343896995e-05,7.33803304199154e-08,1.9893107236285003e-06,7.777805172604414e-06,7.2142725194211385e-06,1.1311679305054577e-08,4.390320332535623e-06,3.8352271710909784e-07,3.1172496067351935e-11,0.9897037316786956,0.0063208168066673995,5.189108766746359e-06
54,4.038338786391768e-08,2.11639377125859e-08,0.0002143285329497414,0.00010887350056228541,4.372443334010168e-05,0.0016933406539219994,9.57676188007977e-08,8.934429311498099e-10,0.0042055877092387235,0.001102897473777123,2.565030074110266e-09,1.2186903541829088e-09,1.6089161735009735e-09,2.1822482651297362e-05,1.806450570288453e-07,4.335824791910892e-06,7.92501817674313e-06,5.1111441604336e-06,1.479985207327326e-08,6.9508600694724594e-06,3.4185442113146407e-07,5.5971308573956885e-11,0.9826181384206388,0.009947297231828443,1.8965757567471146e-05
55,4.0584736947806566e-08,7.150364366457473e-09,9.050952574162786e-05,6.267648830166535e-05,4.7913233181067486e-05,0.0010441460485186894,9.219860064120445e-08,3.8603848253518537e-10,0.003097348989844192,0.00024729002440497007,2.3255832488474483e-09,7.806459412353807e-10,9.72952999106314e-10,7.786632067647163e-06,7.929187014491155e-08,1.6821677583036396e-06,3.826843134382785e-06,4.650172271323239e-06,8.15870061019708e-09,3.357617076438066e-06,2.710030612730351e-07,2.264050000662916e-11,0.9843465378245005,0.011034018775967708,7.752782036453624e-06
56,4.6084145114005494e-08,9.41432196615937e-09,0.0001352299181350393,7.978076835690435e-05,3.215007956811998e-05,0.0012603988594414824,6.567936945004888e-08,6.602373407979297e-10,0.001860313408099024,0.0005271731471126008,2.3249309399898255e-09,5.071642007077678e-10,1.1651494102445077e-09,8.992451262165068e-06,8.27158478188048e-08,2.06125660169251e-06,6.669767405336427e-06,6.312380157938773e-06,1.049466366555486e-08,4.231577353544285e-06,3.305318893435251e-07,3.054307657764195e-11,0.990104159373915,0.005966194501984751,5.782902344133206e-06
57,5.493650996828219e-08,1.4586597212853236e-08,0.00017337239259034744,8.516209343608875e-05,3.8160490006496e-05,0.0011451061337657343,8.439537707590744e-08,8.8511302691186e-10,0.002061751966723143,0.0006656790309077966,3.0599522877621117e-09,7.450980928535218e-10,1.7520588780915535e-09,1.263525447857104e-05,9.335383879858144e-08,2.977245989172022e-06,9.415051206861109e-06,7.87625420013456e-06,1.671186647209163e-08,5.209327969368607e-06,5.543531208376066e-07,4.5149923887122606e-11,0.9878136764637361,0.007970117783719541,8.035686588024561e-06
58,4.2621920129660274e-08,8.260791276446029e-09,0.00012676106564597293,6.975032548561661e-05,3.509946756625783e-05,0.001115584677282941,6.548433190137357e-08,5.340849717334002e-10,0.00196442925039755,0.00044658422799268564,2.2660306148591177e-09,5.022374691950565e-10,1.1230645079140193e-09,8.567614022937421e-06,7.542287171427727e-08,1.915675574203444e-06,5.9301368331622156e-06,5.85002665124021e-06,9.484223052430283e-09,4.278993492213368e-06,3.270190506501911e-07,2.6487742760372578e-11,0.988915002615709,0.007293767354465228,5.945823786851286e-06
59,4.151938681328731e-08,8.51101164946743e-09,0.00014319441867205845,6.849796064290388e-05,3.2721764180057037e-05,0.0010708978176503451,6.229845051252972e-08,5.430183856896056e-10,0.0018679533954031782,0.0004941071897210171,2.092752498727022e-09,4.676028312134481e-10,1.105909773984713e-09,9.126631106435094e-06,6.940769826383329e-08,1.987923607292944e-06,6.250785212910795e-06,5.93781251111647e-06,9.103325795346108e-09,4.336997077676459e-06,3.4440141936100544e-07,2.499993111467627e-11,0.9891854895421789,0.007103030252006663,5.928034453773516e-06
60,4.328602017842105e-08,9.022199165903409e-09,0.00013321283234097076,7.903790797182812e-05,3.141149529114323e-05,0.0012559033191276228,6.307546500790322e-08,6.365568679512989e-10,0.001842691975793323,0.0005335088746845709,2.203575341527235e-09,4.758629819869368e-10,1.0926205968347984e-09,8.837346954575476e-06,8.062152115992247e-08,2.027213546161278e-06,6.495436533689069e-06,6.163588908039521e-06,1.0191272946824548e-08,4.134405137975949e-06,3.18300412447102e-07,2.8639230587713805e-11,0.990275348500123,0.0058150467758346855,5.651393606688341e-06
61,4.225325304557495e-08,8.243195571696938e-09,0.0001442902001198053,6.666438610881713e-05,3.258812654303172e-05,0.0010544962720880943,6.090741493279125e-08,5.264816271919606e-10,0.0018891555450020407,0.0004837260758041043,2.054236847922103e-09,4.492338634000873e-10,1.0849428945708398e-09,8.888160750200347e-06,6.518490384543775e-08,1.8793147854056031e-06,5.927659691796667e-06,5.913846414929908e-06,8.67734013644632e-09,4.194000644388886e-06,3.394912747263644e-07,2.3802850410663653e-11,0.9890636514926873,0.007232369523974284,5.726499305611642e-06
62,4.328602017842105e-08,9.022199165903409e-09,0.00013321283234097076,7.903790797182812e-05,3.141149529114323e-05,0.0012559033191276228,6.307546500790322e-08,6.365568679512989e-10,0.001842691975793323,0.0005335088746845709,2.203575341527235e-09,4.758629819869368e-10,1.0926205968347984e-09,8.837346954575476e-06,8.062152115992247e-08,2.027213546161278e-06,6.495436533689069e-06,6.163588908039521e-06,1.0191272946824548e-08,4.134405137975949e-06,3.18300412447102e-07,2.8639230587713805e-11,0.990275348500123,0.0058150467758346855,5.651393606688341e-06
63,4.441968271361912e-08,1.0432405424256763e-08,0.00013779376787428509,8.344663272259979e-05,3.216270574363635e-05,0.0012619750744084753,6.521927351433825e-08,6.885420249802774e-10,0.0019354789592359034,0.0005795678881027898,2.3058887444769893e-09,5.270888786412359e-10,1.1781530810038161e-09,9.761352753690675e-06,8.471720801344509e-08,2.1778391515421057e-06,6.934377588305562e-06,6.426303265162149e-06,1.1204208319599466e-08,4.3128463326771134e-06,3.365217340754561e-07,3.206940395131592e-11,0.9899133302031549,0.006019961427334376,6.1133760774472666e-06
64,4.4492119154809605e-08,8.794789219284154e-09,0.00014283695464657896,6.862968020893677e-05,3.198080525659702e-05,0.001009394588771479,6.585700756504405e-08,6.390355657200608e-10,0.0015618226141099157,0.00047400570868446143,2.3469447582130275e-09,4.540664181773545e-10,1.161899981674351e-09,9.109949657406897e-06,6.502725301083993e-08,1.9519700878283492e-06,7.08815451863159e-06,6.947918465287738e-06,1.0389640073400244e-08,4.167256086583971e-06,4.2314580343393625e-07,2.6334050547410784e-11,0.9906070698240416,0.006069069856318656,5.30238425284187e-06
65,4.362185390824328e-08,8.257499856957233e-09,0.00012442331596668852,7.785985750425628e-05,3.06986772806755e-05,0.001284557685119723,6.304638408212222e-08,6.286871722036986e-10,0.001724088418230774,0.0004954546062882243,2.2331286285267057e-09,4.56120761630383e-10,1.0491581411562032e-09,7.979857431172574e-06,8.010222281863221e-08,1.958556929679826e-06,6.466929824232048e-06,6.2092188886751425e-06,1.0225543776562094e-08,3.922425981894673e-06,3.102648279386199e-07,2.7840249410423474e-11,0.990774716892839,0.005455914761583225,5.228882864765255e-06
66,8.026399613710947e-08,1.4536388676269459e-08,0.000404542362252182,0.00010477717335375204,4.087393255557852e-05,0.0013701003859093205,9.381896807331933e-08,1.3263200271907318e-09,0.0021272511025752163,0.0011609068581522838,2.616332845117235e-09,5.089907061283619e-10,2.848566203410004e-09,1.3627746492335565e-05,8.406156739643199e-08,3.8970738562312895e-06,8.540935107123317e-06,1.098680234040692e-05,1.099327097105183e-08,1.136520690366866e-05,5.751105696702245e-07,3.739692403282445e-11,0.9866422844336906,0.008093989382225678,5.9904822179055306e-06
67,5.6909143531898554e-08,1.80117254532544e-08,0.00013188572557050652,0.00013184781242827213,6.317811242326347e-05,0.002420857567772279,1.0726889677223255e-07,8.543628525982772e-10,0.005120391762898552,0.0008046072182390115,3.493437326251466e-09,1.093155892159196e-09,1.662573421232556e-09,1.327085012137609e-05,2.205518400770618e-07,3.0209996854641634e-06,6.433717586672153e-06,5.3638437718713935e-06,1.879791240152531e-08,5.103725769997774e-06,3.013186062495203e-07,7.30752772615965e-11,0.9819815533629613,0.00929901068591515,1.274458012680814e-05
68,4.805098791939207e-08,9.387272617324103e-09,0.00012998891788865957,8.260879031028941e-05,3.104250047689181e-05,0.0013108118453754073,6.694464889943297e-08,7.238861230811636e-10,0.0017138521522573292,0.0005349186085630496,2.416456672861287e-09,4.867386497382306e-10,1.1846959669351429e-09,8.370095588157232e-06,8.373053440103909e-08,2.1708096916881763e-06,7.250025682819011e-06,6.896033830858574e-06,1.2100963046722298e-08,4.056197561990084e-06,3.555008497844502e-07,3.263676189778044e-11,0.9907336369861652,0.005428493199177511,5.323277759244919e-06
69,3.6587286502718594e-08,8.784465061252983e-09,0.00016219907188862135,7.099423410190247e-05,2.433771374554383e-05,0.0009548102185595328,5.5351788226508724e-08,7.216632025109296e-10,0.0014400723442028205,0.0005958250738858735,1.8622152401718196e-09,4.0314645119048274e-10,1.0376066245802987e-09,1.0516925562309825e-05,5.677480487904217e-08,2.074487947011921e-06,6.386206526287735e-06,7.371887430764997e-06,8.76838672313705e-09,4.657560263148793e-06,3.762399886730018e-07,2.1751039542888916e-11,0.9912694014733283,0.005445688073187671,5.118176267639311e-06
70,4.840624592388467e-08,1.0469858729385782e-08,0.00014829472937386652,7.680302320516862e-05,2.5502016837538837e-05,0.0012848165191269433,6.61716602035892e-08,7.214151935588387e-10,0.0016196259216920764,0.0006287158719952336,2.253424747552041e-09,5.221187702843697e-10,1.3234938481369367e-09,8.939428025513562e-06,7.718649230598071e-08,2.764494433734184e-06,8.135139576403731e-06,7.686422943468441e-06,1.3271571392548147e-08,4.433079862853136e-06,3.9346938473093795e-07,3.375764779791064e-11,0.9900961826618002,0.006081606604113767,5.880257589806615e-06
71,4.57490611902027e-08,8.870792812842324e-09,0.00013297945151653955,7.941579133795562e-05,3.0549974978199183e-05,0.001321948526172083,6.28186459100954e-08,6.440789906275066e-10,0.0018064847498924894,0.0005300719119461469,2.259145341954607e-09,4.839131796630659e-10,1.1033369190462349e-09,8.41403829777775e-06,8.398011256351609e-08,2.0576821605695825e-06,6.684986405429221e-06,6.085672586720977e-06,1.0366563663781742e-08,4.027855192725533e-06,3.1086747423339254e-07,2.986216716721505e-11,0.990383029641897,0.005682088856797229,5.6336878323973074e-06
