,0,1,2,3,4,5,6,7,8,9,10,11,12,13,14,15,16,17,18,19,20,21,22,23,24
0,1.0104129934910164e-06,5.224665555210808e-10,5.933330379601891e-06,0.003626240816734738,1.099281626813723e-06,0.0010865882765393811,4.447879356005445e-05,6.044276930714224e-07,0.0001463682992045341,0.0007868575427345036,6.107701051037546e-05,4.8045905552217285e-11,4.262281957714294e-08,0.029817095456364275,0.001723969115710887,9.893593741261457e-06,3.931364505076837e-06,3.333387904877418e-06,3.916642080893933e-08,0.010934000706210785,4.2502311144482657e-05,6.74864952821753e-05,0.8650638648623198,0.0861710525540577,0.0004025296010293463
1,1.5088682249600303e-06,7.345164357980734e-10,7.985628256926679e-06,0.004406120083435977,1.4542717205589434e-06,0.001321652876209192,5.100097870960774e-05,8.774688603271146e-07,0.0002531133354821256,0.0012623688720789855,6.929780661543907e-05,5.306886160514566e-11,5.63320556477499e-08,0.029847675253694764,0.0018850935088692115,1.5533483402355127e-05,4.759368313790548e-06,3.6671999626685177e-06,5.6922697615144184e-08,0.012613771917783786,4.301617517203875e-05,7.774092491684794e-05,0.8297461927441429,0.11798150483680511,0.0004055503550039484
2,1.0221106216362852e-06,4.736371206636041e-10,5.37225288126592e-06,0.003219552818417215,1.1645921641621115e-06,0.0009346791131467636,4.6055694579329455e-05,6.191310271090564e-07,0.0001610136298119532,0.0007955982751166006,5.380047582003573e-05,4.4349973963484466e-11,3.8308794210851544e-08,0.030485406591512002,0.0015581410046012047,8.487815865716034e-06,3.6021904174301727e-06,3.4135934219694635e-06,3.936014132302894e-08,0.013031381368260948,3.858918254634381e-05,7.930284304005458e-05,0.8686186353853839,0.08050448733194702,0.00044959641249479236
3,1.006059655405178e-06,5.279340051391302e-10,5.844360715877927e-06,0.0036564826620598587,1.1158466883151887e-06,0.0010223758386991896,4.339615481303175e-05,5.781470113306255e-07,0.00014554388357739507,0.0007509908000329978,6.3256283226032e-05,4.690602328427364e-11,4.142205450356438e-08,0.03029509810233689,0.0017494331790329594,9.444431421275847e-06,3.87686562216883e-06,3.2992261753291226e-06,3.669430346232941e-08,0.010051910577929283,4.128587179320556e-05,6.59361754894314e-05,0.8643875008494992,0.0872954699727797,0.00040607602024282435
4,1.011281300862277e-06,6.093146939458845e-10,5.993643977101313e-06,0.0035897025086113576,1.193610016414017e-06,0.0009738940001898774,4.158663785227843e-05,5.615705674316408e-07,0.0001379063898765712,0.000681932085578331,7.126364749096815e-05,5.827096956986231e-11,5.0563973103072875e-08,0.033066359279298886,0.001615355314762627,9.186651117658207e-06,4.121799351455773e-06,3.619488770762426e-06,3.822662674041618e-08,0.009680590535645578,4.1159739623455347e-05,6.502642423862631e-05,0.8694887507238237,0.080115067452821,0.0004056277568994513
5,1.1392965825865861e-06,4.01060595160292e-10,5.594137804897216e-06,0.004039220155264033,9.624499458393268e-07,0.0008403036002569036,3.924449797279138e-05,6.037383724738985e-07,0.00013695912659902586,0.0007931977195604479,5.853389309339479e-05,4.852467696842876e-11,3.9628115037568435e-08,0.030077485373662696,0.0013430718403197428,9.575432636580504e-06,3.986585531202231e-06,4.616522744397777e-06,2.9394182931655215e-08,0.011561319334819608,3.965941777014794e-05,6.405861420169687e-05,0.8483965364066036,0.10218278744404449,0.0004010749403300327
6,1.006059655405178e-06,5.279340051391302e-10,5.844360715877927e-06,0.0036564826620598587,1.1158466883151887e-06,0.0010223758386991896,4.339615481303175e-05,5.781470113306255e-07,0.00014554388357739507,0.0007509908000329978,6.3256283226032e-05,4.690602328427364e-11,4.142205450356438e-08,0.03029509810233689,0.0017494331790329594,9.444431421275847e-06,3.87686562216883e-06,3.2992261753291226e-06,3.669430346232941e-08,0.010051910577929283,4.128587179320556e-05,6.59361754894314e-05,0.8643875008494992,0.0872954699727797,0.00040607602024282435
7,1.3113348641779725e-06,7.504927121432923e-10,9.046730659215702e-06,0.0038639398059202813,1.4031098987567423e-06,0.0011344980595737624,4.33802714465924e-05,6.613429904006126e-07,0.00015971985389514137,0.0008123378235802625,9.752941234632936e-05,5.414139211703414e-11,6.040692219103661e-08,0.02956768314695557,0.0021270860763865367,9.998880663338615e-06,4.311106465746051e-06,3.4131627538542603e-06,4.762859277652761e-08,0.011046084427386684,4.26362392766579e-05,7.285190241036644e-05,0.8337978846788057,0.11685639342546611,0.0003477203681054524
8,3.8825746892535833e-07,8.944465423172575e-10,2.6969612022743318e-06,0.0018190448694472045,1.0816336764961103e-06,0.00491974629979336,4.922651353787702e-05,1.1422462423360934e-06,8.310143356338063e-05,0.0002211478531619797,2.9761900518705074e-05,2.1545549374882846e-10,2.0843607324157785e-07,0.00989417740138995,0.000533753122252401,3.437850762115083e-05,6.486373733492913e-06,1.8864135811935005e-06,1.4070834373024427e-07,0.01343257963912293,4.053543679213987e-05,1.8454043073978954e-05,0.9654024683548759,0.00340840997597981,9.9182508645571e-05
9,8.96337695597051e-07,2.2188680492806854e-09,1.8948030684809933e-06,0.0014253498667389885,2.77935075176878e-06,0.0015270072451266364,0.0001984190044395087,6.142523212762819e-07,0.00018477362280509282,0.00030208360363408724,3.496052018808519e-05,1.3142512267098383e-10,5.7121495779415076e-08,0.019954958160897453,0.0021586183669568093,1.3417677126063933e-05,2.8990736522024185e-06,3.2022284786579966e-06,9.487880779414335e-08,0.005723816404166612,3.84161547658861e-05,4.1909909064331876e-05,0.9589457016254327,0.00795536962110059,0.0014827578209921889
10,1.006059655405178e-06,5.279340051391302e-10,5.844360715877927e-06,0.0036564826620598587,1.1158466883151887e-06,0.0010223758386991896,4.339615481303175e-05,5.781470113306255e-07,0.00014554388357739507,0.0007509908000329978,6.3256283226032e-05,4.690602328427364e-11,4.142205450356438e-08,0.03029509810233689,0.0017494331790329594,9.444431421275847e-06,3.87686562216883e-06,3.2992261753291226e-06,3.669430346232941e-08,0.010051910577929283,4.128587179320556e-05,6.59361754894314e-05,0.8643875008494992,0.0872954699727797,0.00040607602024282435
11,1.0102735860196234e-06,5.648545590951995e-10,6.0884149805391286e-06,0.003740246520010639,1.1304720140629912e-06,0.0010617675241365897,4.339750450723783e-05,6.208469407487935e-07,0.0001450132247877794,0.0007280955267566568,6.51396092285103e-05,5.254898123625487e-11,4.740236576419995e-08,0.03036938871524388,0.0017051004024919532,9.977701985699282e-06,4.1899417576853395e-06,3.401595902703327e-06,3.868746368369948e-08,0.010217363289095248,4.096266014623905e-05,6.589253147074985e-05,0.8676446648336732,0.08375985487496086,0.00038660682909025284
12,1.401399885751737e-06,4.6291063243605556e-10,9.246565825025384e-06,0.005822978085609584,8.086186184634052e-07,0.0011678269533468215,4.5364341706818184e-05,1.1672503130518597e-06,0.0002290179740647877,0.0016234273401750277,7.915441760063693e-05,3.135504549674445e-11,4.4071305259164725e-08,0.023362812950744417,0.002763324836823613,1.6626290891256923e-05,6.414917204087218e-06,2.328739136106726e-06,5.240621072349283e-08,0.009200417765131629,4.500530230128692e-05,0.00012116013896373348,0.7578496551913906,0.1973947560405012,0.00025700790798435807
13,9.870155981123287e-07,5.251838976956979e-10,5.812788962072545e-06,0.003619502984191118,1.1156999076597505e-06,0.0009794170223306525,4.166624665005857e-05,5.51161112603542e-07,0.00013975665738532645,0.0007120714077717515,6.60814056226355e-05,4.6522201628986343e-11,4.1317165767630446e-08,0.030333548492941145,0.0017532667801180334,9.024736881538849e-06,3.7858170386097807e-06,3.2212638302728677e-06,3.5821193005575434e-08,0.009571992440282154,4.0808213542733165e-05,6.391227714306005e-05,0.864861673676289,0.08739648053156247,0.0003952456707741218
14,9.551298606394024e-07,1.954968815280947e-09,7.370598778538913e-06,0.0026018915662696304,3.4168218959326645e-06,0.0026026746197365157,7.027526277735893e-05,3.891284275782804e-07,0.00012267730571930333,0.0007280642222961856,0.0001382782180930944,1.2666390204151534e-10,1.2835508156130802e-07,0.04630216376222183,0.0024127489807761098,1.5647212209358953e-05,3.076789347331066e-06,2.9274533506899065e-06,1.2298412184051103e-07,0.011925539238721913,6.34205254598513e-05,5.1474449104643254e-05,0.88412364244175,0.0483223805452178,0.0005007323071494341
15,1.006059655405178e-06,5.279340051391302e-10,5.844360715877927e-06,0.0036564826620598587,1.1158466883151887e-06,0.0010223758386991896,4.339615481303175e-05,5.781470113306255e-07,0.00014554388357739507,0.0007509908000329978,6.3256283226032e-05,4.690602328427364e-11,4.142205450356438e-08,0.03029509810233689,0.0017494331790329594,9.444431421275847e-06,3.87686562216883e-06,3.2992261753291226e-06,3.669430346232941e-08,0.010051910577929283,4.128587179320556e-05,6.59361754894314e-05,0.8643875008494992,0.0872954699727797,0.00040607602024282435
16,1.0571546086820054e-06,4.940721699642508e-10,5.796131500274732e-06,0.003933493502115266,1.1068884353499184e-06,0.0009621631791613454,4.630723582090666e-05,5.595922482393638e-07,0.00012852032853058636,0.0009174503876634488,6.217077383977136e-05,5.606453512700766e-11,3.895574172878662e-08,0.03508572362025129,0.0016299646225012869,9.738817828888943e-06,4.00651242005502e-06,4.461008571134434e-06,3.4964570212312015e-08,0.011342464459352141,5.461960371367215e-05,7.390776338608599e-05,0.8569928047282279,0.08825009636471916,0.0004935128546559874
17,8.279710340408159e-07,3.9037137698587877e-10,3.7298596301109367e-06,0.0028595165759425427,8.134964870225094e-07,0.0005811208192988937,3.1438087037179296e-05,4.4848322735254486e-07,8.463109996258936e-05,0.0004498508168545542,5.022429426476568e-05,7.176860396321266e-11,4.1647919522775964e-08,0.03439387114098039,0.0008520440323201337,5.794100721134137e-06,3.944387247529249e-06,5.262099815518635e-06,2.447479070014558e-08,0.009708638806718916,3.978942611944624e-05,6.095641403955243e-05,0.9008182236322495,0.04958374535281336,0.00046506251838546934
18,8.850713221520729e-07,5.009804860038547e-10,9.113247326330671e-06,0.004927745102601027,1.6117919849696415e-06,0.0013780036727788643,4.4800454147429086e-05,6.622611122793272e-07,0.00015645281547786708,0.0008190780362623462,8.267447610550382e-05,3.0761634476612976e-11,4.289900981951188e-08,0.02529631647158502,0.00285561348014403,1.311989091894004e-05,2.9648522247226577e-06,1.9534034065932073e-06,4.4822881707719396e-08,0.010308189028198866,4.19056152138835e-05,5.195549413662462e-05,0.8377550975758773,0.11601893093753261,0.00023283806800894713
19,9.508883938161652e-07,5.552439095826366e-10,6.551689670200005e-06,0.004073030184833354,1.3087170316055323e-06,0.0010393820562466093,5.195668319213639e-05,7.335120099743448e-07,0.00014903902118839846,0.0007304638913197414,6.539945594487176e-05,6.050316800910398e-11,5.400551339367594e-08,0.03255779265352959,0.001717769906012303,1.0561513357401221e-05,4.33619053747321e-06,3.8271514816628414e-06,4.1261261926289345e-08,0.012243590470235504,4.177654879028862e-05,7.761516386798021e-05,0.869213237437834,0.07761459959284299,0.00039598138915769804
20,7.969591474303589e-07,4.974078285540642e-10,6.100586381196533e-06,0.0037357401400729077,1.2184230566560125e-06,0.0009676297687905568,4.835558924500889e-05,6.279092684192757e-07,0.00011621730191626353,0.000681358218014755,7.177279368188506e-05,4.032850148064242e-11,3.57723666991298e-08,0.02766189577290349,0.0027273247118704443,8.733621289149514e-06,3.6115899636464653e-06,2.0863357734072885e-06,4.5330445108476356e-08,0.008579584741007258,5.0219877198557696e-05,8.409802838309456e-05,0.878233551427695,0.0766641143214084,0.00035488024238422214
21,1.3677990455985722e-06,5.999722697274705e-10,6.383901292517797e-06,0.004131038482571846,1.4228591786601846e-06,0.0008626841856453509,3.92807341023432e-05,5.427270142740459e-07,0.00013894859271426969,0.0010443859162461353,7.762045900679169e-05,6.733138461069311e-11,4.589181896481986e-08,0.0374038133967681,0.0014339643547472295,1.0523490501377573e-05,3.857254721608784e-06,5.270830994623127e-06,3.950834640009321e-08,0.011673875847504005,5.993066883842222e-05,6.56849101862846e-05,0.8425723421540501,0.0999818401269546,0.00048513524044699064
22,1.1817164297458411e-06,4.677869709019365e-10,7.71800518931166e-06,0.004589270825181597,9.771731378373224e-07,0.0010068955330371082,3.522723408864992e-05,5.940987643727877e-07,0.0001299016146484919,0.001050858506910916,7.712102961366429e-05,5.090268343641962e-11,4.074853997017335e-08,0.03516706880939002,0.0017775215380981234,1.0078612893362153e-05,4.800696261527539e-06,4.247544175392009e-06,3.344279118742982e-08,0.011219832028087089,5.2752528812954965e-05,7.832684787749808e-05,0.8149889058676371,0.12943524659921105,0.0003613984805333335
23,1.006059655405178e-06,5.279340051391302e-10,5.844360715877927e-06,0.0036564826620598587,1.1158466883151887e-06,0.0010223758386991896,4.339615481303175e-05,5.781470113306255e-07,0.00014554388357739507,0.0007509908000329978,6.3256283226032e-05,4.690602328427364e-11,4.142205450356438e-08,0.03029509810233689,0.0017494331790329594,9.444431421275847e-06,3.87686562216883e-06,3.2992261753291226e-06,3.669430346232941e-08,0.010051910577929283,4.128587179320556e-05,6.59361754894314e-05,0.8643875008494992,0.0872954699727797,0.00040607602024282435
24,8.859516575874881e-07,4.5206888301493576e-10,5.284282685869489e-06,0.004149052826506966,1.290130253192022e-06,0.0007940416206691756,3.8274954930509145e-05,5.684535373441994e-07,0.00011493288992947366,0.000601426178900909,6.525619839774467e-05,5.934825175248107e-11,5.156019103360591e-08,0.03500126742401853,0.0012655023674710518,1.0366391096341839e-05,3.5028951384293965e-06,4.165621468625282e-06,3.255992514617853e-08,0.009977664293499928,3.728833347279136e-05,5.179019232464393e-05,0.877015576455683,0.0705116826905462,0.0003500952162785957
25,8.889671529533043e-07,3.2820487252278196e-10,5.838198358905317e-06,0.004611175323881609,1.1683218369709258e-06,0.0006393466696711727,3.712022222418508e-05,6.350610878589516e-07,0.00010240285850508676,0.0006284378253721307,7.362384818505043e-05,4.061599459421671e-11,4.166052115758971e-08,0.02578542183394123,0.0015865180304934312,9.87807781279535e-06,3.0465321825767647e-06,3.2466979848293885e-06,3.1580231572356434e-08,0.00947387821048354,4.25472815373355e-05,5.3682832731628714e-05,0.8687695396750617,0.08790435972257314,0.00026717019934848434
26,1.0270299192715125e-06,4.66979617701085e-10,5.202712760915354e-06,0.003361701425426094,9.593405445809127e-07,0.0008794350711968175,3.5796226366799614e-05,5.571802946661848e-07,0.0001543762350782191,0.0006097183992754616,5.756750693981465e-05,3.8249916690606276e-11,3.7776912722851736e-08,0.02448664462039205,0.0015106867667216677,8.256676304283301e-06,3.639792920947284e-06,2.9048985921125706e-06,3.05431330351146e-08,0.009035406791976374,3.209128773039791e-05,5.3855521050930015e-05,0.8674097010144218,0.09200248204997429,0.00034792062683722296
27,1.0419273510094255e-06,6.129125135118238e-10,5.6624262934522976e-06,0.003461274422843074,1.1279580204393206e-06,0.0011173423112289837,5.516484585047117e-05,6.382821084978214e-07,0.00020380134934501319,0.0008657277846364837,6.211010556798941e-05,4.375945797181059e-11,4.174977444516031e-08,0.030780740004336733,0.002064737295384988,9.506661300572115e-06,4.383842766179509e-06,2.9175067730775233e-06,4.0818237493651385e-08,0.010615738005100565,3.675156532581991e-05,8.780684747338554e-05,0.8511809213084832,0.09896812710449535,0.0004743952206308681
28,1.006059655405178e-06,5.279340051391302e-10,5.844360715877927e-06,0.0036564826620598587,1.1158466883151887e-06,0.0010223758386991896,4.339615481303175e-05,5.781470113306255e-07,0.00014554388357739507,0.0007509908000329978,6.3256283226032e-05,4.690602328427364e-11,4.142205450356438e-08,0.03029509810233689,0.0017494331790329594,9.444431421275847e-06,3.87686562216883e-06,3.2992261753291226e-06,3.669430346232941e-08,0.010051910577929283,4.128587179320556e-05,6.59361754894314e-05,0.8643875008494992,0.0872954699727797,0.00040607602024282435
29,1.006059655405178e-06,5.279340051391302e-10,5.844360715877927e-06,0.0036564826620598587,1.1158466883151887e-06,0.0010223758386991896,4.339615481303175e-05,5.781470113306255e-07,0.00014554388357739507,0.0007509908000329978,6.3256283226032e-05,4.690602328427364e-11,4.142205450356438e-08,0.03029509810233689,0.0017494331790329594,9.444431421275847e-06,3.87686562216883e-06,3.2992261753291226e-06,3.669430346232941e-08,0.010051910577929283,4.128587179320556e-05,6.59361754894314e-05,0.8643875008494992,0.0872954699727797,0.00040607602024282435
30,1.006059655405178e-06,5.279340051391302e-10,5.844360715877927e-06,0.0036564826620598587,1.1158466883151887e-06,0.0010223758386991896,4.339615481303175e-05,5.781470113306255e-07,0.00014554388357739507,0.0007509908000329978,6.3256283226032e-05,4.690602328427364e-11,4.142205450356438e-08,0.03029509810233689,0.0017494331790329594,9.444431421275847e-06,3.87686562216883e-06,3.2992261753291226e-06,3.669430346232941e-08,0.010051910577929283,4.128587179320556e-05,6.59361754894314e-05,0.8643875008494992,0.0872954699727797,0.00040607602024282435
31,1.2478963452491826e-06,4.867379291633268e-10,5.896796171485131e-06,0.003328712856003525,1.1255632075278037e-06,0.0008130713524638263,3.668782854253234e-05,6.957178427090047e-07,0.0001294680111993506,0.0006581968881980149,5.4451166625270965e-05,6.044157651135692e-11,4.54727310481994e-08,0.026919440367296456,0.0011764171075342056,8.599249652138362e-06,3.9331621006181105e-06,4.777559276638671e-06,3.7832502245828276e-08,0.01262587568728042,4.226201951176074e-05,6.581369473207219e-05,0.8821483083950333,0.07155454804089992,0.00042038678767013227
32,1.002766236428433e-06,5.537522040210384e-10,6.06282063320221e-06,0.0035595014136738296,1.1881922221675032e-06,0.0010627035676377013,4.468482746412494e-05,6.077116762808431e-07,0.00014073853746209838,0.0007465554820829819,6.496628468546856e-05,5.1687554751820634e-11,4.508701925697383e-08,0.03056985193800221,0.0017750803242331094,9.818377770602204e-06,3.897496903346476e-06,3.2822795442753562e-06,4.274297508559752e-08,0.010613181993643934,4.339084700090289e-05,6.95184962019115e-05,0.8698567659964559,0.08102302090739207,0.000404091303643492
33,1.0077706000984947e-06,5.243621857656007e-10,5.801026010854664e-06,0.0036007670093199415,1.1309447442668365e-06,0.001003962635401093,4.2933279708275236e-05,5.648590065660231e-07,0.0001448040699718701,0.0007386401460397431,6.310778654498153e-05,4.48549636769066e-11,3.944695370253073e-08,0.029318180698250106,0.0017864313678955107,9.188919800445178e-06,3.695199866156436e-06,3.17399691501053e-06,3.6538900377774486e-08,0.009824887633368494,4.182633679607783e-05,6.386952295927233e-05,0.8653262914782875,0.08761333447218209,0.00040632429126040973
34,6.540130023724071e-07,3.7194680894824435e-10,5.501062838868882e-06,0.004964028641814234,8.834381831949255e-07,0.0015363765082457162,5.8957435805714275e-05,7.146447433803473e-07,0.000127681174992566,0.0009370593396157346,4.220289892736123e-05,4.445954676346814e-11,3.974508716091681e-08,0.033086932795506806,0.00178297983764121,1.3834807428718558e-05,4.615855463922356e-06,3.6002624417792577e-06,2.6955878394719518e-08,0.01351421471751088,4.651846201614107e-05,6.653469924473018e-05,0.8703298584759648,0.07309783750643811,0.0003789463048017274
35,6.628095892002351e-06,1.242253144638656e-09,9.007993139856818e-06,0.005173127258571856,1.6028421046787537e-06,0.0008085873149828899,5.841386471166015e-05,1.6524832465508413e-06,0.0006596678204040948,0.002862788524376657,6.330560899145208e-05,1.4000458284744768e-10,7.427326901078133e-08,0.0374996304597037,0.0009631552947034777,1.944147829381146e-05,1.0159634583948191e-05,1.962963341867092e-05,6.29820918257006e-08,0.018642401161086022,4.58923008922613e-05,0.00015339386648220384,0.7332182332038729,0.1986494606750946,0.001133681847828266
36,7.876295418252143e-07,6.046730514481673e-10,5.0804488339848555e-06,0.004619253749266091,7.175419203661343e-07,0.0017935240875149984,7.310479934246506e-05,1.3264365738726605e-06,0.00027954822868774313,0.0010271415854312242,3.58738612812245e-05,8.470869900785503e-11,7.988802649844617e-08,0.043146796594186396,0.0013483709445177093,1.7489646210618014e-05,1.2253016190037786e-05,4.565772191993414e-06,3.867642980789506e-08,0.014552260299807602,2.6096401778058884e-05,0.00014964357476137164,0.8718419551980966,0.06059560403749426,0.00046848689253337945
37,1.350669713984613e-06,3.941731675925926e-10,6.101586235655719e-06,0.004085964398768849,9.19308705364243e-07,0.0006302658633043031,3.0215574897799177e-05,4.605376135754424e-07,0.0001170549041854691,0.0007694515225680827,8.387184369480961e-05,5.011635178043979e-11,3.803426152966508e-08,0.034944227589876364,0.0013400465131307377,7.62172679918521e-06,4.008426736228443e-06,5.321581315862792e-06,2.5349742925997414e-08,0.009561652005521783,3.896362531958208e-05,6.681548157593676e-05,0.8015171982036042,0.14640205052949332,0.0003863742786448617
38,1.3262583630724029e-06,6.20874276695378e-10,5.929142903867304e-06,0.003496339127967106,1.2326953420697717e-06,0.0007721011523464008,3.934760141579721e-05,5.271316551234585e-07,0.0001833274387573532,0.0007857605066326577,7.11563250426642e-05,5.2120625562789515e-11,3.934273925707342e-08,0.034705465447448576,0.0015760824345758422,7.48731498049931e-06,4.121830777937987e-06,4.235781711382641e-06,3.2843265211652285e-08,0.009518200402054302,3.839399904434642e-05,7.623938008937493e-05,0.8415496768074839,0.10664074384494003,0.0005222325174683405
39,7.185068404665952e-07,3.7983102139966566e-10,3.9500826746378126e-06,0.003200863489707101,7.747181563858474e-07,0.001001134782445427,4.6672355936052757e-05,7.123810255014679e-07,0.00010528782324322325,0.0005944413939076221,3.63259070430896e-05,4.5655852239031497e-11,3.492589978292479e-08,0.02150298961191392,0.0014330013128974312,9.467399280860632e-06,3.9313791788037155e-06,2.7900273377627014e-06,3.441344076531199e-08,0.01021994822883122,4.644287147840295e-05,6.2529096100863e-05,0.915048266292478,0.046291166301935346,0.0003885162727606147
40,1.0073758906383283e-06,5.333991825060807e-10,5.88578241312977e-06,0.003649100720734643,1.1252625716312146e-06,0.0010287358112304622,4.355342474667625e-05,5.769889388985271e-07,0.00014538053324673127,0.0007520893702756584,6.366084635469318e-05,4.7412907751916733e-11,4.1628762177321357e-08,0.03054968926918198,0.0017597158025938352,9.431298254056684e-06,3.888220561455771e-06,3.3129061755973163e-06,3.6994248286558386e-08,0.010093957317974484,4.1505540409823326e-05,6.646184832823397e-05,0.8642187018906952,0.0871534970569206,0.00040864352867898057
41,1.218407440957408e-06,1.4201658878362001e-09,8.921950977845253e-06,0.0062170734232941125,2.546430925221564e-06,0.0022863256644936303,5.338477345084199e-05,8.503410722828991e-07,0.00042596716274826904,0.001049740687091631,8.153601952808408e-05,5.14245993640012e-11,7.409472560867652e-08,0.03241670201764615,0.0022607236221183534,1.980345680244954e-05,5.68930894044071e-06,2.5802886679857187e-06,3.8753230741022833e-08,0.00879943879948321,3.386231589264779e-05,4.6667569827010805e-05,0.8451883021254791,0.10078406540705348,0.00031448590751942943
42,1.1358394052854676e-06,6.570740206381148e-10,1.0519634234320821e-05,0.004575767591264493,1.3238741274775557e-06,0.0015569701037080367,5.967421253895804e-05,1.3579191148514073e-06,0.00016413547452989743,0.00138428426370005,7.288603670922979e-05,7.124191338842722e-11,6.01532072212565e-08,0.0302292025885051,0.0028573264327409636,1.5786237289960987e-05,6.5504670039813335e-06,2.72999518117978e-06,1.0605673834666975e-07,0.016124781630457993,7.71924301521699e-05,0.00017349881989424805,0.8528022456630876,0.08954364023198517,0.00033882361610760794
43,3.164158989183286e-07,3.973771543610975e-10,1.6084451967548497e-06,0.0017033587389635768,1.106132458813566e-06,0.00025020701667996016,1.636938575770079e-05,1.1513476196387263e-07,3.2732605237886424e-05,2.6980412612767347e-05,6.958304819250729e-05,7.599465341751846e-11,3.6789850960676544e-08,0.028873462230662818,0.0009291768152669644,2.152255227418178e-06,1.9183530469835834e-06,2.5747070119513012e-06,8.074268361892194e-09,0.0014772149255888917,8.150186588214726e-06,1.4581235010658703e-05,0.9487769059341093,0.017439052197569728,0.00037238848666510933
44,1.006059655405178e-06,5.279340051391302e-10,5.844360715877927e-06,0.0036564826620598587,1.1158466883151887e-06,0.0010223758386991896,4.339615481303175e-05,5.781470113306255e-07,0.00014554388357739507,0.0007509908000329978,6.3256283226032e-05,4.690602328427364e-11,4.142205450356438e-08,0.03029509810233689,0.0017494331790329594,9.444431421275847e-06,3.87686562216883e-06,3.2992261753291226e-06,3.669430346232941e-08,0.010051910577929283,4.128587179320556e-05,6.59361754894314e-05,0.8643875008494992,0.0872954699727797,0.00040607602024282435
45,7.374858331383859e-07,4.499085484531803e-10,7.633408630419135e-06,0.005318122562714302,1.1541839729164606e-06,0.0018802671758765069,7.151575856225821e-05,1.0066042826170268e-06,0.00016408645831704632,0.0009408381334119517,5.80484654947612e-05,3.362362757044166e-11,4.267711810801272e-08,0.024173771946014482,0.0034935212137624403,1.7055164434555258e-05,4.3588134995485526e-06,1.9035964437204206e-06,4.994340574477765e-08,0.011949909798536404,4.3521198568641157e-05,8.004541060104199e-05,0.8528379482983318,0.09867996356948855,0.00027449764916679005
46,9.381301684007617e-07,3.8029361948436206e-10,5.590809178641811e-06,0.004978275005747766,5.58579966109441e-07,0.001232252993884268,2.9753130477294294e-05,7.7544467914852e-07,0.00013433760476462285,0.0006971236803194215,5.543437656768714e-05,4.552647962167438e-11,4.7776425445719533e-08,0.02254814748722636,0.0013647615802801895,1.2022908776707749e-05,6.853746899214113e-06,3.053477472494601e-06,2.485488378255806e-08,0.008858112491581908,3.5488212503498674e-05,5.662634457729643e-05,0.8531909977979453,0.10657251508981157,0.0002163080500428552
47,2.7274527271075337e-06,1.402568582512777e-09,8.4228668105908e-06,0.003266316899877833,1.4061346372092664e-06,0.0015096548756558287,8.064475987689293e-05,1.2380539377382082e-06,0.0003300236315158868,0.0018803254383327273,6.900166854638936e-05,1.4585721792517467e-10,7.57396067198903e-08,0.03973174654989342,0.0019281145954175853,1.4250225853581433e-05,9.78775314980588e-06,7.7087677789916e-06,1.0856289024631207e-07,0.019413349241875176,6.503932163585848e-05,0.00023281123405707884,0.8221101815265992,0.10830359705475753,0.0010334660961408898
48,7.504681119831967e-07,7.910846506144553e-10,6.062460369263657e-06,0.00392348797220627,7.569261667130265e-07,0.0024306843119130317,5.349222515752669e-05,1.030855053004118e-06,0.00019409358679787068,0.0006609024185753747,4.959867211053345e-05,5.841773146331953e-11,7.220026607019278e-08,0.023832214893275354,0.002068715844784567,1.4528845982454237e-05,8.205121666162408e-06,1.9943166510297424e-06,4.9522128798649624e-08,0.009400878471156707,3.388805815262774e-05,7.38277627351611e-05,0.8971623060692543,0.05981444218414947,0.00026801596383355027
49,1.066888556069057e-06,7.060774754315079e-10,8.81742956100052e-06,0.0038919340198397263,1.3046528242058148e-06,0.0015364916253588425,5.3196196694338724e-05,7.06230515984819e-07,0.00014532749411651515,0.0009995855617408122,7.425432400672833e-05,7.972204382588724e-11,5.850290341313763e-08,0.0409542024401774,0.002070697922859661,1.0939677457143748e-05,5.472467205033149e-06,4.364745214832052e-06,5.50971671784417e-08,0.015698641475568247,5.6994993057940916e-05,0.00010799951392202914,0.8445791118594707,0.08933862513099507,0.0004601509649876619
50,1.8557070785670728e-06,8.800541715801503e-10,6.360821211870129e-06,0.004175023588453739,1.90853216783234e-06,0.0011206926028528577,0.00012756882278158347,9.433163137285132e-07,0.0003294357629801484,0.0025201548979736166,6.439949794410756e-05,7.3774250269116e-11,4.6562185191288514e-08,0.05184560989937294,0.002300170383827006,1.4713869799849353e-05,5.217631659122735e-06,7.034531168457336e-06,7.084032382581546e-08,0.01814213604503575,6.605998755571614e-05,0.00021923570348377966,0.8068881555033875,0.11085640736521216,0.0013067971734020772
51,1.3521192303484728e-06,9.504583555864661e-10,8.803220004421794e-06,0.007523400538969979,1.6144710015674427e-06,0.0013158247758766498,4.844864874726489e-05,7.22003343107044e-07,0.0003173450066604437,0.001308403557965739,0.00011512463707165184,4.629019929308724e-11,5.6380644801384435e-08,0.03972012470776079,0.0025540621148814604,1.4275788783796361e-05,6.553308567389713e-06,3.144450299463535e-06,2.961594666474655e-08,0.006899181071650027,4.0783764540729695e-05,7.69962513494384e-05,0.7594776559289921,0.1802375492026342,0.00032854743832945004
52,9.1299308757277e-07,5.91368684100947e-10,5.259257122523634e-06,0.0032454601608141427,1.1526055030773933e-06,0.001034462069268439,4.619065768740135e-05,5.81021944154008e-07,0.0001469923197974267,0.0006538820346327545,5.773396990235423e-05,4.736182374816354e-11,4.0116934743862415e-08,0.028743348764038754,0.0018376995070959942,8.607614694849669e-06,3.792359157309714e-06,2.7800370804177066e-06,3.968239486674341e-08,0.009164820092572882,4.137182647815373e-05,6.709619085182062e-05,0.8856483119095905,0.06885561821050021,0.000433845960119218
53,4.022236304441961e-06,1.8299897898651128e-09,2.7033233895310804e-05,0.004124016882597552,2.087273877935365e-06,0.0015681840363248668,1.4035685946889046e-05,6.053378602586495e-07,0.00016957718177360438,0.0020784980160914604,0.00020590756563733763,1.430494479870181e-10,8.465868520631173e-08,0.054814626689294516,0.0017181022348819056,1.097158988970006e-05,8.511537929089e-06,6.825116648971046e-06,9.939672345134688e-08,0.013379375949121513,0.00010213484284552307,0.00012410069956155794,0.694436691038423,0.22685152025743188,0.00035298656521479875
54,1.6868835123730812e-06,1.4387956924221485e-09,6.172984953291502e-06,0.003957003650961797,1.8569586556255798e-06,0.001538089697737601,9.438059842407321e-05,8.395273673258649e-07,0.0003333484667811744,0.0015232520588655942,6.157360704722179e-05,1.0141675767048072e-10,6.276706970324416e-08,0.04973802928419376,0.00208056998179374,1.577498076579446e-05,6.5653305477152715e-06,5.919802130021337e-06,6.313208660942584e-08,0.011865830346813573,5.260709611843476e-05,0.00012441999688751106,0.843469423503238,0.0840376127576251,0.0010849150462115683
55,2.021554629082594e-06,1.449881562751751e-09,4.221459559895526e-06,0.0029471958436408222,2.1258732823576323e-06,0.000723041490140837,7.167726552402437e-05,6.14974452256909e-07,0.00032641540920484295,0.0006755063974545592,6.108137598610523e-05,1.3951483152505113e-10,6.147420127240746e-08,0.03570251243287174,0.001216717895650902,9.475734801570628e-06,4.714801548362208e-06,8.42171333487797e-06,4.4696495710802284e-08,0.009370526308361514,3.941219942393996e-05,6.847032587818883e-05,0.8809959919428721,0.06644735025879847,0.00132239698249008
56,1.065323196282116e-06,5.98511385769773e-10,6.249869409788659e-06,0.003706749051704551,1.1956193852006644e-06,0.0010455267151757773,4.422458373204077e-05,6.028857356059322e-07,0.00015074969589986363,0.0007436946638708593,6.866320604373388e-05,5.451183891191943e-11,4.786241927613591e-08,0.03168364267223652,0.00174063185633993,9.751189346331717e-06,4.171915989005292e-06,3.582137284891969e-06,3.934705030650007e-08,0.010250433636304086,4.1269922428192397e-05,6.79155062948898e-05,0.8627813943554433,0.08723527463343736,0.00041312269824897213
57,1.021393489782687e-06,6.603076290464512e-10,7.373044440442836e-06,0.0030387727511155074,1.4450965164851195e-06,0.0011970531530591851,4.707036734977411e-05,8.109858897533507e-07,0.00012097719883937754,0.0007616825564268898,6.608934451009742e-05,9.096255488809283e-11,5.91202820128033e-08,0.031089189051718327,0.0017928573396493275,1.0572352374269505e-05,4.577471950111919e-06,3.448664460026085e-06,8.657301982025876e-08,0.014828806231996111,6.311924419294491e-05,0.00010662989806521303,0.8903283263976575,0.05611021299753706,0.0004198180141900117
58,1.1030749446398343e-06,5.408199067816183e-10,6.557830600582762e-06,0.003882765701459137,1.11739586291281e-06,0.0010261634829528859,4.190565974146677e-05,5.809861142778756e-07,0.00014870472189078198,0.0007877596403077104,7.272247137775624e-05,4.7668379110691923e-11,4.271980351147089e-08,0.030374508023426807,0.0019048329284322343,9.678608961610031e-06,4.088595884781508e-06,3.3641338825218252e-06,3.7568549715127996e-08,0.009940128374047423,4.151512054756786e-05,6.897103101267103e-05,0.8434312007729738,0.10786674807312562,0.0003855024956112638
59,1.106230362171193e-06,5.256683047465004e-10,7.099830972016283e-06,0.004047196725635803,1.1155225497169527e-06,0.0010391313965434094,4.033817878606545e-05,5.903922453011054e-07,0.00014664536879581538,0.0008292942120392958,7.580993864655628e-05,4.7371203253502795e-11,4.281257153392478e-08,0.031115378540013165,0.0019403996298795975,9.749757795846989e-06,4.195620603005203e-06,3.4012956994350667e-06,3.736199804640776e-08,0.010398548766720726,4.314309543095274e-05,7.155500315921862e-05,0.832992628190023,0.11686816580251519,0.0003644257539746501
60,1.006059655405178e-06,5.279340051391302e-10,5.844360715877927e-06,0.0036564826620598587,1.1158466883151887e-06,0.0010223758386991896,4.339615481303175e-05,5.781470113306255e-07,0.00014554388357739507,0.0007509908000329978,6.3256283226032e-05,4.690602328427364e-11,4.142205450356438e-08,0.03029509810233689,0.0017494331790329594,9.444431421275847e-06,3.87686562216883e-06,3.2992261753291226e-06,3.669430346232941e-08,0.010051910577929283,4.128587179320556e-05,6.59361754894314e-05,0.8643875008494992,0.0872954699727797,0.00040607602024282435
61,1.1117685802203076e-06,5.088349902318512e-10,6.869772602425532e-06,0.0039948774982410135,1.0840955264452803e-06,0.0010330729868542315,4.021154791604668e-05,6.037918303315684e-07,0.00014351963341559232,0.0008194779097211019,7.063600385885194e-05,4.6145362949344625e-11,4.1091671150624804e-08,0.030124232622603345,0.0018703438251562988,9.599239117752533e-06,4.121788247731962e-06,3.4458094456526867e-06,3.663548883783694e-08,0.010502180380392743,4.341894644097755e-05,6.99984251580413e-05,0.8409055680948081,0.10998618035076736,0.0003693672271754851
62,1.006059655405178e-06,5.279340051391302e-10,5.844360715877927e-06,0.0036564826620598587,1.1158466883151887e-06,0.0010223758386991896,4.339615481303175e-05,5.781470113306255e-07,0.00014554388357739507,0.0007509908000329978,6.3256283226032e-05,4.690602328427364e-11,4.142205450356438e-08,0.03029509810233689,0.0017494331790329594,9.444431421275847e-06,3.87686562216883e-06,3.2992261753291226e-06,3.669430346232941e-08,0.010051910577929283,4.128587179320556e-05,6.59361754894314e-05,0.8643875008494992,0.0872954699727797,0.00040607602024282435
63,1.0471672344481125e-06,5.808805372064823e-10,5.987965957195477e-06,0.003639867300426498,1.163422082956175e-06,0.0010484404081907124,4.4924460435701555e-05,5.841770524390291e-07,0.00015387558542959175,0.0007666649357869642,6.522992165222699e-05,4.881487014653443e-11,4.276369026070174e-08,0.030924908350632573,0.0018127023357229642,9.478085937916485e-06,4.00387244181868e-06,3.339327968041976e-06,3.7919871272884455e-08,0.009914309678911503,4.1650350038796074e-05,6.789571017526548e-05,0.862890149886256,0.08817736770660274,0.000426328037806659
64,1.0195481199763373e-06,5.589266979672144e-10,6.293631425118956e-06,0.003651321056818236,1.2394553548309209e-06,0.0010018058407180433,4.277662971629659e-05,6.008623612663084e-07,0.00012998544339251213,0.0007580600467116507,6.538285130080984e-05,5.032510037769931e-11,4.041673645256087e-08,0.028448345691417243,0.0018750276366425532,9.383913585871098e-06,3.6708053987669663e-06,3.1525197597953242e-06,4.1742077102854654e-08,0.010177437801947919,5.1946085861338276e-05,6.586125636839124e-05,0.8735964117005306,0.07971003188705386,0.0004001625674496009
65,8.881895709711052e-07,5.136661274457757e-10,5.975975357763579e-06,0.0036468607707458114,1.0834391410755342e-06,0.0011072401024607682,4.3360150476029245e-05,5.782203164277319e-07,0.00013052742543922814,0.0007057942494919947,6.311476519730277e-05,4.3370892539918104e-11,4.014642740562925e-08,0.028991683227099753,0.0019642051324414577,9.337090654589374e-06,3.815216079998815e-06,2.77897441862453e-06,3.726881628798007e-08,0.009643267586768851,4.264899611118641e-05,6.532030359164877e-05,0.8718778063003918,0.08132641965300888,0.00036721625895517253
66,1.7332787625858214e-06,6.693542992172954e-10,1.0299557842036764e-05,0.005710343587124126,2.1660070320683778e-06,0.0009399722339308213,4.0452795381285836e-05,6.252886575374868e-07,0.0001524177705597408,0.001749070318869331,0.0001102968481176551,7.715974523962586e-11,5.6561128118075454e-08,0.05066074143200519,0.0016928292527791128,1.5898753129235756e-05,4.175470322649502e-06,6.941391777254694e-06,4.7775858649264014e-08,0.014168942334165335,7.279486388490539e-05,8.281787660282474e-05,0.7808346066863707,0.14327878615983067,0.00046398300935414014
67,1.9248400709547976e-06,8.773088034065526e-10,8.250153519330746e-06,0.004960237517757536,2.1650915967912997e-06,0.0008944686568034501,5.544374108051249e-05,9.525483070647269e-07,0.000314137484815422,0.0011664533327401146,7.904436913953853e-05,5.104539788281703e-11,4.880638268071967e-08,0.02891336761130978,0.002190021723213232,1.4208142745713416e-05,4.103477044309641e-06,4.00688541862068e-06,5.364760325733723e-08,0.009364307254882659,4.3035460759182304e-05,7.59009550863974e-05,0.8333659693864576,0.11803376902906852,0.0005081289558430199
68,1.2829638819529512e-06,7.521929623453922e-10,6.9421008746039645e-06,0.003783694771511419,1.4491680969322952e-06,0.0011767790298317417,5.343924221847481e-05,6.748749990153206e-07,0.00019270446257724057,0.0009839248628834554,7.504351776584504e-05,4.425353404298435e-11,4.005564171630012e-08,0.03119319643977738,0.0026669553342356512,1.0840417416325666e-05,4.194055216009118e-06,2.7534309788548486e-06,5.1252993046175336e-08,0.009186107920212695,4.532506347565412e-05,8.798429915187526e-05,0.8424094562617772,0.10764543499812866,0.00047172467990793266
69,9.578695482035889e-07,5.04652541621803e-10,5.817301168563473e-06,0.0034838527157794604,1.0556232881768915e-06,0.0010341635202033683,4.158983735762834e-05,5.61118715375125e-07,0.0001326387622468053,0.0007208439559576915,6.304068826957495e-05,4.752368128881663e-11,4.154857131235245e-08,0.02997249739086862,0.0017125124785251347,8.990350174947189e-06,3.841002002720258e-06,3.1981757458425273e-06,3.778765280478569e-08,0.010406757913991182,4.240701288091153e-05,6.661063920492083e-05,0.8680528247516731,0.08385768063702644,0.00038807836697094244
70,1.3813712737557663e-06,7.167117674746252e-10,6.1951262268944205e-06,0.003207775871378767,1.4085443951976995e-06,0.0008858488883408429,4.697928617267529e-05,5.399790259174909e-07,0.00015967287951107635,0.0008324496462330329,7.978708209264604e-05,5.11601241943057e-11,3.756589042250438e-08,0.03146332225699728,0.0022139581301797427,8.024913874830838e-06,3.6515139446742923e-06,3.399025012529853e-06,4.891366038984227e-08,0.008840070220038805,4.890035053081874e-05,8.414320505742674e-05,0.8562798773930971,0.0952667429310741,0.0005657841381191725
71,9.474463446980836e-07,5.249806409833716e-10,6.204115581849785e-06,0.003635795494005713,1.0611524137020154e-06,0.0011236610729324842,4.320337548923814e-05,5.70306404990916e-07,0.0001387959301758158,0.0007466817799132317,6.46600693873721e-05,4.5679643159926187e-11,4.1341517040619805e-08,0.030787646613035582,0.0018850494278294442,9.185390145652338e-06,4.002267137160848e-06,3.0774572551742116e-06,3.7508851561834e-08,0.01014945381632492,4.194307507773189e-05,6.943027816901021e-05,0.8627436121728028,0.08815745498531873,0.00038748435322572987
