,0,1,2,3,4,5,6,7,8,9,10,11,12,13,14,15,16,17,18,19,20,21,22,23,24
0,0.03185759804346223,2.285512278659768e-09,6.175822330170248e-06,1.3053253922418235e-06,7.444486124526675e-05,3.667727499987173e-07,0.000699468031824751,4.620981970727982e-08,0.00024187739965865173,0.0005436080172912109,9.61432431697505e-07,1.526791748899641e-07,5.0728130357865125e-08,9.193222269571815e-05,5.480466981285665e-08,8.839927822631974e-08,0.01324463328425768,1.765364449787104e-07,4.4804452580268514e-07,2.1331398959328087e-07,5.8925448339851385e-05,5.108607785994439e-08,0.9330848086135619,0.0044826933348704094,0.015609917302264511
1,0.03941219096581872,2.794636978246717e-09,8.316341106307128e-06,1.3764866709645857e-06,9.718185310379253e-05,4.1775849128304896e-07,0.0006807857466778815,4.859530779894431e-08,0.00033748069424661655,0.0006682513069296855,1.0443832458577663e-06,1.5367258873979605e-07,5.378513212073242e-08,8.705739641537293e-05,5.6129290798740766e-08,9.478760818493986e-08,0.014290788316845986,1.461765517012925e-07,6.145284566479868e-07,2.0920381772947816e-07,6.0681935510384346e-05,5.763743081630284e-08,0.922109810556628,0.0043727798204250025,0.01787039912706266
2,0.025887627259631,2.4135795066567485e-09,5.821049923773894e-06,8.083158585359769e-07,9.035395652877256e-05,2.582445024281774e-07,0.0005311234232142859,4.1077204997400105e-08,0.0002497470054154195,0.0004879177816006803,1.2004600224989916e-06,1.5622589622301433e-07,3.828679235631103e-08,0.0001212367488089342,8.150266844238552e-08,5.0669089010969335e-08,0.009898117277435328,1.4631576294602315e-07,3.43223924377134e-07,2.2771167038750107e-07,5.486417188215791e-05,3.6828440299698096e-08,0.9386354403931908,0.003374023596736103,0.020660336060220743
3,0.029307442768052843,2.5460958437482637e-09,5.8796479204144394e-06,1.1090193793539194e-06,7.861855979577625e-05,3.5979351107222676e-07,0.0007108470874835255,3.8663939761510444e-08,0.00021425771189499676,0.00047160392929736597,9.322109399618989e-07,1.6110255139493694e-07,4.34788962311486e-08,0.00010921750044735845,5.895357989051126e-08,7.883230571281988e-08,0.013279890246063655,1.7431997516729494e-07,4.4775409491515615e-07,1.9559345130952595e-07,6.062441256832287e-05,5.2788862392675864e-08,0.9329234797957087,0.004620392282243597,0.018214091000940378
4,0.03121989361794126,2.5528001569328883e-09,6.132497699872192e-06,1.094776212334133e-06,8.160466958999016e-05,3.660824865288797e-07,0.0007281732064143111,3.9656301742474354e-08,0.00020128976905560943,0.00047715257515625953,9.233528948572734e-07,1.6175795655064496e-07,5.108970955323857e-08,0.00012134476134183582,5.865713423577671e-08,8.641801107930746e-08,0.013729406535603702,1.9256033789591647e-07,5.03198340186594e-07,2.101653676545339e-07,6.0728545834563785e-05,5.01082778133315e-08,0.9307031589807085,0.005187789083873515,0.01747958538095003
5,0.02796043958001355,2.7672177282583066e-09,5.045613949724598e-06,1.3629592950127226e-06,6.861200625352699e-05,4.1820297367667303e-07,0.0006707890863929353,4.1166803448494305e-08,0.0001991157125758987,0.0004314723856447153,9.012276538219392e-07,1.6168975519513765e-07,4.671926339386558e-08,0.00010370612205855728,5.943120470639014e-08,9.29482691467587e-08,0.01263398358365807,2.3080157443431137e-07,4.6592148841887985e-07,2.0269389485432438e-07,6.198489412654755e-05,5.6980104624212445e-08,0.9376580849327196,0.004612594625408989,0.01559012794769942
6,0.029307442768052843,2.5460958437482637e-09,5.8796479204144394e-06,1.1090193793539194e-06,7.861855979577625e-05,3.5979351107222676e-07,0.0007108470874835255,3.8663939761510444e-08,0.00021425771189499676,0.00047160392929736597,9.322109399618989e-07,1.6110255139493694e-07,4.34788962311486e-08,0.00010921750044735845,5.895357989051126e-08,7.883230571281988e-08,0.013279890246063655,1.7431997516729494e-07,4.4775409491515615e-07,1.9559345130952595e-07,6.062441256832287e-05,5.2788862392675864e-08,0.9329234797957087,0.004620392282243597,0.018214091000940378
7,0.09089339377707803,3.388757702161347e-09,1.959285148892836e-05,1.9976872861996255e-06,0.0001677660422878185,3.865523627135596e-07,0.0014935992120431905,1.1084120089757299e-07,0.0003857758611486398,0.0013712236274610763,2.076238167067224e-06,2.1669542618871116e-07,1.4043009123018934e-07,0.00015386071120849354,7.630766101203741e-08,1.4820380444660842e-07,0.025909302730907136,1.8288715640705793e-07,1.0976419392668968e-06,3.840071640703322e-07,6.400390723143339e-05,8.492490450914229e-08,0.8478107667735352,0.008267120430916744,0.023456688268771515
8,0.05282760481523512,1.6515590733501395e-08,9.87629502883225e-07,7.748033012293533e-06,0.00022230965074733724,3.832828176622044e-06,0.0011169337345022106,1.102354280948315e-07,0.0009968528090731502,0.0003537482223124001,3.6465125735618724e-06,2.5071830509942537e-07,6.780482673600613e-08,0.00010586875296586695,1.6930982279590796e-07,2.7565752129830656e-07,0.022406154750535416,5.265762171922297e-06,2.222037370738856e-06,3.524527574023019e-07,4.178414541766059e-05,3.8336652038770053e-07,0.895275100494293,0.0017158917969230087,0.024912421964414257
9,0.11227089886926744,1.125307671335386e-08,7.9052686278052e-06,8.409942284837955e-06,0.0005270216088844692,5.958042237694826e-06,0.004592114767168734,1.8352759400343534e-07,0.000903664537025763,0.0006448706007484752,2.6021188471915556e-06,8.454203728702364e-07,3.6755341303508106e-07,0.00018990729629732035,7.4421358568901e-08,1.3016573351706844e-06,0.08319339278922776,3.851525977525818e-06,5.355032548395184e-06,8.074039192419192e-07,0.00011826388964134548,6.127866883263748e-07,0.7669098049773218,0.007545756755270543,0.023066017954865112
10,0.029307442768052843,2.5460958437482637e-09,5.8796479204144394e-06,1.1090193793539194e-06,7.861855979577625e-05,3.5979351107222676e-07,0.0007108470874835255,3.8663939761510444e-08,0.00021425771189499676,0.00047160392929736597,9.322109399618989e-07,1.6110255139493694e-07,4.34788962311486e-08,0.00010921750044735845,5.895357989051126e-08,7.883230571281988e-08,0.013279890246063655,1.7431997516729494e-07,4.4775409491515615e-07,1.9559345130952595e-07,6.062441256832287e-05,5.2788862392675864e-08,0.9329234797957087,0.004620392282243597,0.018214091000940378
11,0.031238578917221788,2.4929753204264377e-09,6.230251879502227e-06,1.100919517827651e-06,7.8348902583017e-05,3.768163881805568e-07,0.0007582917338120699,4.447572252946716e-08,0.00022013212795642112,0.0005100700437954799,9.181799829362071e-07,1.6878129549433123e-07,5.27774687357588e-08,0.00010975601582772736,5.9269804497325606e-08,8.886401702561093e-08,0.014336899447623305,1.906447986028907e-07,4.98401461721239e-07,2.0952435329630597e-07,6.136022745163756e-05,5.381651446533434e-08,0.930288700868779,0.005259781949054977,0.017128084549714262
12,0.005205343279870731,6.97453378559652e-10,1.1310118332472543e-06,2.2612427786204406e-07,7.103862835091102e-05,1.5787571193003282e-07,0.0003233314014961411,2.607648750948298e-09,5.351960947028331e-05,8.811501016323263e-05,2.3488744588012375e-07,5.452050185912754e-08,8.971807096414755e-09,0.0001394564902341035,1.6223303857364327e-08,1.8811856972669927e-08,0.003722791409550622,1.1028438243183773e-07,8.577503670719024e-08,1.0830644884766933e-07,2.9926896257229092e-05,7.025824963926051e-09,0.9739820337165213,0.00226364680490429,0.014118633629647168
13,0.02932994801284827,2.5297416273035984e-09,5.890344162472751e-06,1.108774983975409e-06,7.839515015233377e-05,3.5539628615288663e-07,0.0007080195853891675,3.871708584570143e-08,0.00021337215799419783,0.00047090348185137683,9.42709264836726e-07,1.6182297457424505e-07,4.348467358332102e-08,0.00011010655415802881,5.9279102564391086e-08,7.862361834813023e-08,0.013222389208746764,1.742075881031752e-07,4.437428136589747e-07,1.9646588558348377e-07,6.0616040998434e-05,5.242431966283841e-08,0.933031123513812,0.004587962778687386,0.01817761499286128
14,0.026758394756154037,4.2184106896048216e-09,5.514403041047568e-06,1.6061283504824294e-06,0.00011068584822659363,5.269261883675604e-07,0.0005634991799684378,3.133619276309653e-08,0.00021151019584864222,0.00044652301558895395,1.3025881317304286e-06,1.4884518443529726e-07,5.0663228849041476e-08,0.00012133053214679052,6.829649587590113e-08,8.818041033752302e-08,0.01131015883407852,2.871736102346709e-07,6.28610223414609e-07,2.653213251755088e-07,5.87388477417705e-05,5.795396456661557e-08,0.9386360762428033,0.0035650763592200885,0.018207425543464873
15,0.029307442768052843,2.5460958437482637e-09,5.8796479204144394e-06,1.1090193793539194e-06,7.861855979577625e-05,3.5979351107222676e-07,0.0007108470874835255,3.8663939761510444e-08,0.00021425771189499676,0.00047160392929736597,9.322109399618989e-07,1.6110255139493694e-07,4.34788962311486e-08,0.00010921750044735845,5.895357989051126e-08,7.883230571281988e-08,0.013279890246063655,1.7431997516729494e-07,4.4775409491515615e-07,1.9559345130952595e-07,6.062441256832287e-05,5.2788862392675864e-08,0.9329234797957087,0.004620392282243597,0.018214091000940378
16,0.029691439039633838,1.7029122057789058e-09,6.271745973109116e-06,1.249082327331307e-06,6.861957432979892e-05,3.4320684958313244e-07,0.0007896879874598506,3.949438923520521e-08,0.00011852745967888098,0.00039229800440496225,1.1399181028090172e-06,2.537376973584753e-07,6.83223309887648e-08,0.0001893390741659465,6.22762842663151e-08,1.3530863262800248e-07,0.013698098457589592,3.372500465838329e-07,4.3518073850777226e-07,2.8955361336703227e-07,8.507812427036913e-05,4.340847564887457e-08,0.9381099580213397,0.0053922684304777944,0.011454015638275682
17,0.013569230011556492,3.979573035723739e-09,2.521754843396511e-06,7.862840335366153e-07,4.114070734593207e-05,1.2816095823093286e-06,0.00016870733355016715,2.609685164390387e-08,0.00026313914929993067,0.0008078034921400634,3.3577664085785167e-07,4.460150251078736e-08,3.2054866472139614e-08,2.2149553118050308e-05,5.703786711682182e-08,6.471515901867982e-08,0.007923642480065,2.34171386400306e-07,1.3762633077213632e-06,1.166968432651342e-07,4.1517399683090365e-05,4.437109966260275e-08,0.9636844600140284,0.004572933328187576,0.00889835111746834
18,0.028622043025856064,2.217954784428988e-09,8.288642306586222e-06,2.110883708810956e-06,7.032163114992783e-05,4.88330078517604e-07,0.0006357497888592435,6.102696879658563e-08,0.00023449335674940197,0.0006866757964933573,1.161771377898008e-06,2.4288150994521273e-07,6.692416071035282e-08,0.00010079249861035928,6.756063654596552e-08,1.3302109466382963e-07,0.00848728159384493,1.8236319489042895e-07,4.0010476601365647e-07,2.823430309997395e-07,7.676794673425324e-05,4.8242297436110664e-08,0.945832423208092,0.004153611894127455,0.0110863029463963
19,0.03449394087371037,2.69712710516973e-09,1.123814146817688e-05,1.5808400650105809e-06,0.00010471305845659533,5.641808302011929e-07,0.0013178540339994758,7.559344137127421e-08,0.0003399135343528453,0.0009770162126102153,1.052435383184716e-06,2.617287607733793e-07,7.542743165786552e-08,8.995528041893334e-05,6.113334325796891e-08,1.2587387026342636e-07,0.01875008509520391,1.5374568728801165e-07,5.496445684466812e-07,2.845760802006127e-07,7.681518073974366e-05,9.198858489628327e-08,0.9167823090086304,0.006895214322201073,0.020156065393034623
20,0.023632630176377796,5.152170111196395e-09,5.7976416206797575e-06,1.6353488132272062e-06,5.445250774736745e-05,5.034562333138346e-07,0.0005955773811608453,7.152637625826465e-08,0.00024893257531547294,0.00048101851623452436,1.2449693254976706e-06,2.9121693211736835e-07,4.3211081480432295e-08,0.00010139504740682372,1.2642731169942273e-07,9.624151742192858e-08,0.01215639896110952,2.5108674105673203e-07,4.671973111692782e-07,1.9999555122669542e-07,8.569592808144359e-05,1.1111775450307055e-07,0.9397660959898921,0.004179645313402035,0.018687313014532143
21,0.034642364217938974,2.2454214722245815e-09,6.380354043549868e-06,1.7015926745869208e-06,7.443108196424376e-05,2.95394764859134e-07,0.0005875082952060899,3.845860906770538e-08,0.000173765816505629,0.0004064148555804822,1.6129670907621688e-06,2.2527353472478355e-07,4.883595330231476e-08,0.0001824667653599815,7.200032877299099e-08,1.0633335695815696e-07,0.010033551785331265,2.330388538281226e-07,3.7810738957311916e-07,2.582278398644933e-07,6.720226464269778e-05,4.392526840018721e-08,0.9359162323435557,0.003237526169765286,0.01466713964901995
22,0.03126779733855574,1.9293700079199247e-09,7.340813845663506e-06,1.654167620841078e-06,7.310600687423519e-05,2.9226880631093803e-07,0.0006723926647737664,4.2768708474358154e-08,0.00018228107661967392,0.0005883007959872026,1.5904777820721741e-06,1.8647525660413223e-07,5.375694143619803e-08,0.00010923490734146047,5.702285144545096e-08,9.391130262241699e-08,0.01649222584084671,2.1600523745631319e-07,3.723096135419981e-07,2.946435210424391e-07,7.135802950437436e-05,5.680691488027519e-08,0.9323612171697047,0.0036280542401853047,0.014541778571834387
23,0.029307442768052843,2.5460958437482637e-09,5.8796479204144394e-06,1.1090193793539194e-06,7.861855979577625e-05,3.5979351107222676e-07,0.0007108470874835255,3.8663939761510444e-08,0.00021425771189499676,0.00047160392929736597,9.322109399618989e-07,1.6110255139493694e-07,4.34788962311486e-08,0.00010921750044735845,5.895357989051126e-08,7.883230571281988e-08,0.013279890246063655,1.7431997516729494e-07,4.4775409491515615e-07,1.9559345130952595e-07,6.062441256832287e-05,5.2788862392675864e-08,0.9329234797957087,0.004620392282243597,0.018214091000940378
24,0.03069828655979359,3.6782434882569732e-09,6.077864129900408e-06,1.843416766508224e-06,9.692543236494078e-05,4.2602989778885407e-07,0.0006999535000500744,3.8573222589333114e-08,0.00021812473355029246,0.000430879689818099,1.2448744203483538e-06,1.9548542127752926e-07,4.654784316573036e-08,0.0001400459011388636,6.490836021446563e-08,9.92039270075331e-08,0.012367783573118237,2.3195522796365416e-07,4.782708251199106e-07,2.374733654056118e-07,6.319511450810759e-05,6.683621896801986e-08,0.931202060736866,0.003934055217681364,0.020137634423240586
25,0.04555516051734271,1.7759095978211771e-09,9.343632143424115e-06,1.634841765917724e-06,9.391525289297415e-05,2.1605742492694038e-07,0.001208744342367787,7.589053714742562e-08,0.0002201249402462996,0.0006273506653980402,2.4718654109364535e-06,2.915535751993536e-07,7.60311709134179e-08,0.00019937945273464992,8.299631082569478e-08,1.0696973272747514e-07,0.016284833573164223,2.229826620208428e-07,3.188566394931989e-07,3.6971104409374735e-07,6.545911178944055e-05,5.4843202236355275e-08,0.9131704971819459,0.00428095062571761,0.018278316328870798
26,0.05364591355651921,3.385263844190256e-08,5.0231445952503645e-05,2.7019295892919924e-05,0.0003222901708005432,6.031719403200487e-07,0.0018688501729036187,3.3546611535632957e-07,0.00017131265362383031,0.001356029499703952,0.00010278834638556024,1.6773668354231392e-05,1.0273877496725835e-07,0.006813389148507679,3.1547811766638394e-06,3.282971721402948e-07,0.009865379439620054,6.552574271838694e-07,3.926968622687166e-07,2.192881650552987e-06,0.0003014322951202765,7.834876007481791e-07,0.7987305417605461,0.002158295696521482,0.12456117021818945
27,0.030930586798573436,4.675627104277188e-09,5.4111371757739954e-06,1.3784038974471128e-06,8.066742154674229e-05,4.618703510122855e-07,0.0006890195523520504,5.38831264271813e-08,0.00033735991620909727,0.0005226662542925264,1.1392771304161205e-06,1.829160802696436e-07,3.75237543708408e-08,9.931621026263984e-05,8.895659051696364e-08,7.582890182117566e-08,0.013295505457706495,1.817180275966916e-07,5.543935761036825e-07,1.7023151377423316e-07,5.46231535421794e-05,8.820502863964988e-08,0.923968259005286,0.004052665709881053,0.02595950149956646
28,0.029307442768052843,2.5460958437482637e-09,5.8796479204144394e-06,1.1090193793539194e-06,7.861855979577625e-05,3.5979351107222676e-07,0.0007108470874835255,3.8663939761510444e-08,0.00021425771189499676,0.00047160392929736597,9.322109399618989e-07,1.6110255139493694e-07,4.34788962311486e-08,0.00010921750044735845,5.895357989051126e-08,7.883230571281988e-08,0.013279890246063655,1.7431997516729494e-07,4.4775409491515615e-07,1.9559345130952595e-07,6.062441256832287e-05,5.2788862392675864e-08,0.9329234797957087,0.004620392282243597,0.018214091000940378
29,0.029307442768052843,2.5460958437482637e-09,5.8796479204144394e-06,1.1090193793539194e-06,7.861855979577625e-05,3.5979351107222676e-07,0.0007108470874835255,3.8663939761510444e-08,0.00021425771189499676,0.00047160392929736597,9.322109399618989e-07,1.6110255139493694e-07,4.34788962311486e-08,0.00010921750044735845,5.895357989051126e-08,7.883230571281988e-08,0.013279890246063655,1.7431997516729494e-07,4.4775409491515615e-07,1.9559345130952595e-07,6.062441256832287e-05,5.2788862392675864e-08,0.9329234797957087,0.004620392282243597,0.018214091000940378
30,0.029307442768052843,2.5460958437482637e-09,5.8796479204144394e-06,1.1090193793539194e-06,7.861855979577625e-05,3.5979351107222676e-07,0.0007108470874835255,3.8663939761510444e-08,0.00021425771189499676,0.00047160392929736597,9.322109399618989e-07,1.6110255139493694e-07,4.34788962311486e-08,0.00010921750044735845,5.895357989051126e-08,7.883230571281988e-08,0.013279890246063655,1.7431997516729494e-07,4.4775409491515615e-07,1.9559345130952595e-07,6.062441256832287e-05,5.2788862392675864e-08,0.9329234797957087,0.004620392282243597,0.018214091000940378
31,0.05821939911697871,3.0477245324060083e-09,1.2384880107868657e-05,1.3505114270169128e-06,8.394606805777243e-05,3.153756247734577e-07,0.0008944108393781438,1.0008129126353566e-07,0.0002644267600622748,0.0005772111296593135,1.15245665113817e-06,2.3400802920691507e-07,1.0107147860189036e-07,0.00012335138784321537,7.507684187447301e-08,1.366169244546991e-07,0.020877760326600586,2.167149544415177e-07,7.407469702132952e-07,2.612762432548238e-07,8.587414392818496e-05,6.681856303973976e-08,0.8956866139236068,0.007217547479622243,0.015952320141430963
32,0.030998076258236733,2.8972484096109305e-09,5.951300878291275e-06,1.1115758683593239e-06,7.959747389686994e-05,3.9582039178873886e-07,0.0006815194687208045,3.939311291790561e-08,0.0002168886093864782,0.0004696614988170549,8.792917665004278e-07,1.555356634354899e-07,4.7193701616819464e-08,0.00010746961851180817,5.9105395687268963e-08,8.450477836887588e-08,0.014174654864592828,1.9278611359399438e-07,5.478438558341193e-07,1.916444306874759e-07,6.107651183449892e-05,5.6283611026022455e-08,0.9300682488686242,0.0050481862436961965,0.01808490540686593
33,0.033576936057494455,2.997191585008514e-09,6.042709628482266e-06,1.2252887656821867e-06,7.904757117384053e-05,4.413821339203534e-07,0.0007947330516548743,4.275439197900903e-08,0.0001961605312171278,0.00047791681820371956,8.017020530237537e-07,1.7008182190684344e-07,5.7267165644899144e-08,0.00011388773362094443,5.42236672684196e-08,1.0316258171236364e-07,0.017171571680296326,2.2997284061522845e-07,6.320338316939853e-07,2.0332795952560977e-07,6.389376546791007e-05,6.575424710432394e-08,0.923585293041655,0.006440308660776605,0.017490178430159035
34,0.004849731880009512,2.6120432236965038e-09,2.31883793818465e-06,8.647577383934634e-07,3.469495038196573e-05,6.504205487518065e-07,0.0005945872475135268,2.350714529279214e-08,0.00014798291729860665,0.00032676021113414873,4.4191999566517244e-07,1.898389840353271e-07,1.613510546640182e-08,5.0173700202951436e-05,5.96160987587639e-08,5.0458303042835464e-08,0.007421242195335719,1.4928792881082092e-07,1.569048747580775e-07,1.4236240232162142e-07,6.416536987962101e-05,7.388128570483996e-08,0.9659613361650488,0.0034256908941265587,0.01711849392867601
35,0.1305893696790529,9.32241450636896e-09,1.1996407844133001e-05,2.8626267816797553e-06,0.00013163131510037548,6.294274395193687e-07,0.0011547137372632564,2.965753424048804e-07,0.001381738504597336,0.000996083807575658,1.8601611181915391e-06,2.6372425034132574e-07,1.0893785175420018e-07,6.694512375012137e-05,1.1858219846354004e-07,1.708397738975656e-07,0.03167869125147496,2.387888212843896e-07,1.6668508498964103e-06,2.0270523584520377e-07,5.8115671745730514e-05,2.3795748235222673e-07,0.7979399594496547,0.005325846051660609,0.03065624250071986
36,0.02793231788789602,2.4476121225893933e-09,5.7079820274584764e-06,1.0824260836879715e-06,7.788293083408258e-05,3.569490381426485e-07,0.0006513843731562528,3.450227424331294e-08,0.00020719716550201232,0.00046637357489952985,8.745475472491991e-07,1.4339800506324003e-07,4.090672569405562e-08,0.0001027307131756621,5.5186820305031307e-08,7.402565192886411e-08,0.012063119572004928,1.6153856527396602e-07,4.3275538306138014e-07,1.8883846198437843e-07,5.8835896100837794e-05,4.7022844405278954e-08,0.9366409746067327,0.00442207227807011,0.01736790847458745
37,0.033989004017599016,1.3995461040662346e-09,5.697747670727676e-06,7.62612179465492e-07,7.281190476096758e-05,2.1856891495883935e-07,0.0007902333842916484,1.8980278291666618e-08,7.746702404966276e-05,0.0002645468515256095,6.292201270306451e-07,1.277518301546019e-07,4.994663759077878e-08,0.00021943110887382713,3.55326653401837e-08,9.269951129766326e-08,0.01301258888960678,2.090515538090826e-07,4.195300463972596e-07,1.8715630298911594e-07,6.655674397354379e-05,2.4869913566305915e-08,0.9319048204982806,0.007233997482606294,0.012360067027254385
38,0.033035806106451,2.7883894426106355e-09,6.948319424487539e-06,1.1891676527745667e-06,9.043885475062089e-05,3.386489505644379e-07,0.0007397728974247434,4.2590397745416645e-08,0.0002469554582362338,0.0005153865976812278,1.0207850534625718e-06,1.6478526574253572e-07,4.4266382357279037e-08,0.00011077324527999669,5.958385430983395e-08,7.63378689555303e-08,0.01430640997929437,1.5282185575499392e-07,4.550835546955707e-07,2.0420397332454147e-07,6.0663275764160495e-05,5.665631933285874e-08,0.9253740190405487,0.00457788493260342,0.020931133573022245
39,0.022750997271873002,3.828459755550605e-09,7.829307027523365e-06,1.3179160460345904e-06,5.7739434013493985e-05,7.189927458581788e-07,0.0006461014232963211,6.29584498070322e-08,0.00023503094459645575,0.0003996307115949951,5.372888505506376e-07,2.6995586836486655e-07,5.5115778509078876e-08,5.946374080613304e-05,5.962741237551228e-08,1.3249362945130852e-07,0.018485820018755733,2.1286373202484618e-07,6.101923815444707e-07,1.9115681542747687e-07,0.00012709866877611445,1.015355737631443e-07,0.937002872205178,0.006010917350940081,0.014212224997398748
40,0.02955477031818153,2.5566574610154846e-09,5.974871709162299e-06,1.094113651742586e-06,8.03974642188415e-05,3.537786584499656e-07,0.0007149192969434015,3.814204064494104e-08,0.00021234279477342754,0.00046385549049950353,9.393363243832179e-07,1.6281692615044736e-07,4.337848639473004e-08,0.00011292762634315903,5.9214249077312807e-08,7.837629174040406e-08,0.01328513552357771,1.7317383526723953e-07,4.478097550427544e-07,1.9600292589639898e-07,6.111012440725974e-05,5.226801659671519e-08,0.9323937294519855,0.004623284976012173,0.01848791109352929
41,0.041095492695619344,5.144651003633937e-09,5.643181380767755e-06,3.0050569209524697e-06,0.00013241745507629307,4.887377340668081e-07,0.0004932502406921157,6.26593214184366e-08,0.0004312555522401965,0.0005558405695876157,2.0719510810310625e-06,1.7401279642516293e-07,5.655518419227466e-08,0.00014071072879266483,9.791917928985129e-08,1.0761061582827564e-07,0.00797657822591543,2.794910588244768e-07,5.759874653060049e-07,2.9391528090047263e-07,4.9030885187045364e-05,5.592684095275972e-08,0.9279768863105751,0.002425919535106135,0.01870969965169721
42,0.05615671973656198,1.2039095477317374e-08,1.620133755281061e-05,4.737229168842783e-06,8.809404667117249e-05,1.1279478864522551e-06,0.000900587664756192,2.0852675834416872e-07,0.0006509239722462493,0.0008694390197507945,1.4763087930015556e-06,4.4070774431973276e-07,9.557635347120915e-08,6.177426838885832e-05,1.1195368806280801e-07,2.525626591122461e-07,0.032051830971261346,2.7505120570275385e-07,1.4531179325162807e-06,2.669820786449347e-07,0.00012838196518424278,3.7512121368447107e-07,0.879558518769996,0.00595440288651731,0.023552292236535426
43,0.021122757432989456,2.1888206075641623e-09,6.2011375240119465e-06,1.1091328116431278e-06,6.072330972637598e-05,7.230650938911384e-07,0.0006505657009472093,5.601928349152905e-08,0.0002546777127299226,0.000808903532963,4.99574049641901e-07,1.6557335206342496e-07,6.168652462377015e-08,4.376152351939982e-05,4.809393079032742e-08,1.0219284222974026e-07,0.01653048047382834,1.8333802813053415e-07,5.58616575462495e-07,2.1623475584786284e-07,8.969975573505488e-05,7.022521519068065e-08,0.9427400952858203,0.006648297302500795,0.011040040890432305
44,0.029307442768052843,2.5460958437482637e-09,5.8796479204144394e-06,1.1090193793539194e-06,7.861855979577625e-05,3.5979351107222676e-07,0.0007108470874835255,3.8663939761510444e-08,0.00021425771189499676,0.00047160392929736597,9.322109399618989e-07,1.6110255139493694e-07,4.34788962311486e-08,0.00010921750044735845,5.895357989051126e-08,7.883230571281988e-08,0.013279890246063655,1.7431997516729494e-07,4.4775409491515615e-07,1.9559345130952595e-07,6.062441256832287e-05,5.2788862392675864e-08,0.9329234797957087,0.004620392282243597,0.018214091000940378
45,0.04897493467826331,3.2529945385453672e-09,8.931995478074968e-06,1.6623783381145152e-06,8.299912304487085e-05,5.913501226331632e-07,0.0015231689285196517,1.4597258744477024e-07,0.0003310519408337794,0.0008966577475595825,1.1835524985295636e-06,2.9678335354152974e-07,1.1925298558742186e-07,0.00012122821746120822,1.0095309454402879e-07,1.868704633069138e-07,0.021368449572308625,3.2549661821720255e-07,8.413479103001762e-07,2.9302930321147367e-07,8.028505343985316e-05,1.0410876600870613e-07,0.9012185093951726,0.009594625171053651,0.015793303827828703
46,0.00659588058816029,2.272605267575386e-09,1.3958804803896019e-06,2.583166419342923e-07,6.39381586103693e-05,1.1933441146578573e-07,0.00019629445150980092,8.030497758683944e-09,0.00014194153196983141,0.00016634930553789806,9.07386125429887e-07,5.8354451361936215e-08,6.615657708174111e-09,0.00021178024487916622,1.3353134035895453e-07,1.1059518647667436e-08,0.0010182024017461096,8.340415411448827e-08,1.0636759783355267e-07,9.271838012238817e-08,1.8064471390246402e-05,7.231175193139454e-09,0.9666582575606614,0.001212428927356339,0.023713671855141085
47,0.08632591116047547,3.2648886095952726e-09,1.1872600582605596e-05,2.0424498129322415e-06,8.960700332682873e-05,4.869751469693035e-07,0.0012377529248109433,9.146025695179307e-08,0.0002570960189050331,0.0006706686119457777,9.874772360966696e-07,2.3951911897098123e-07,1.2810054409628576e-07,0.0001188260546218038,5.0317976777046665e-08,2.276528005873928e-07,0.032220569053919665,2.868422673193374e-07,1.252084475239426e-06,2.400884169966544e-07,8.10279116820115e-05,1.0638325645916146e-07,0.8537673613318131,0.010170271946040218,0.015042892765678332
48,0.03635230847779087,2.9775297935222995e-09,6.305204674027065e-06,1.0269835610224778e-06,7.742078297164371e-05,4.7170957089202777e-07,0.0008466495087332943,4.963295805815133e-08,0.0002295800821985758,0.0005833399793102861,6.942828320753004e-07,1.4751371349797064e-07,6.001260959402527e-08,8.981711282365558e-05,5.338375801343425e-08,9.687980804011212e-08,0.020618288340642107,2.0963629071392895e-07,7.566322936905274e-07,1.8643409909360958e-07,6.203815040078294e-05,7.047921816999487e-08,0.9153764038822115,0.0076644672503639695,0.01808955466963653
49,0.027559249632982404,3.90113974055451e-09,8.730784175001692e-06,1.6257513490037165e-06,8.772912766386662e-05,6.239920413597876e-07,0.0008671352068203259,6.021569180017784e-08,0.0002983998680933074,0.0006106149269709181,9.449381437552327e-07,2.590713188611967e-07,5.564738428530747e-08,8.254125598186759e-05,6.68671404302162e-08,1.1449315894883274e-07,0.01709791405027009,1.8553849456026978e-07,5.710544079441577e-07,2.419969227183154e-07,8.685390958270836e-05,1.050488656039807e-07,0.9281497438050695,0.0053139159409330405,0.019832312975397923
50,0.05454532568362289,1.3476705506143205e-09,8.872191370008321e-06,8.367398653260473e-07,0.00010721356989683534,2.5312588596623695e-07,0.0016093790021388045,5.972422092085223e-08,0.000201386113944831,0.0008434798785730363,1.1642180048341452e-06,1.7566065818696993e-07,8.437490984729925e-08,0.00019295775631394182,5.71415072091287e-08,9.769026993577423e-08,0.020326912328831832,1.777672228134831e-07,5.343693088133231e-07,2.7713451062849865e-07,5.159403516517913e-05,4.009909265969978e-08,0.8932954369146661,0.009387136761915032,0.01942654637043384
51,0.025580045098806112,1.437954903711455e-08,6.085472383100573e-06,4.663633369653825e-06,6.583621289923365e-05,7.814055890058037e-07,0.0005167625494946982,9.401346211444452e-08,0.00040615200083018256,0.0004473236541742079,2.1743780701693377e-06,3.492818049839142e-07,3.697076572764528e-08,0.000101002675589583,1.8976607627830712e-07,1.2185652751846888e-07,0.009819353206136843,2.9892236906402425e-07,5.658668935816872e-07,2.1027336544993339e-07,8.396658359644651e-05,2.24707713654586e-07,0.9335615994986983,0.002425344045066901,0.02697680354676837
52,0.030533159863736406,2.5730289268321796e-09,5.688136060645598e-06,1.2398860432176628e-06,7.880360425141031e-05,4.149951596576062e-07,0.00068909114068133,4.424423974744179e-08,0.00023188263469013602,0.0005727024248315866,1.0135535363791723e-06,1.678412219927755e-07,4.893702006215247e-08,0.000109341869424446,6.538242482624189e-08,8.560093204309684e-08,0.012622893436837139,1.998672044034828e-07,4.940880844758381e-07,2.1653685272189028e-07,5.887284572583337e-05,5.4529722128379076e-08,0.9332698663871264,0.004714638756607338,0.017109010864556875
53,0.025506101585984615,2.102615903124731e-09,5.387431780501932e-06,1.0193971241389997e-06,7.349210353843991e-05,3.212688545120173e-07,0.0007168885998111242,3.3877136200367116e-08,0.00019275127561589224,0.000433363255877314,9.156719973153421e-07,1.564399968498662e-07,3.927406317769824e-08,0.00010868517228070378,5.519749887186796e-08,7.252617130412356e-08,0.011971302988271136,1.6542214266254409e-07,3.5635598457431215e-07,1.9514901655107503e-07,5.897135185289509e-05,4.567623071739373e-08,0.9396577170747139,0.004230552785909251,0.017041408015531327
54,0.03015744408993703,7.61128976919866e-09,4.281761441189623e-06,1.1670345501713645e-06,9.010860408411263e-05,4.3128188943836036e-07,0.0007530996186924933,3.691647600780562e-08,0.0002733088999168858,0.00034730562884325244,1.1156861967825692e-06,1.6166134168890357e-07,2.388049396162303e-08,0.00016955703196233185,1.2089325768906512e-07,6.257739086003909e-08,0.010823970948599384,1.8294372035944893e-07,6.063701745110792e-07,1.2062181432190113e-07,4.91896529128663e-05,9.21349613753703e-08,0.9129489567878942,0.004260012634732943,0.040118634727426696
55,0.026617579687471988,2.220557939924758e-09,5.927784744606578e-06,1.0348150733977103e-06,8.582263298312163e-05,4.214756711669275e-07,0.0010612144117764268,6.627191119676531e-08,0.00027906913205747423,0.00042576864904924147,9.470785849531539e-07,3.819711278377399e-07,6.458589773588453e-08,0.00014307409324793423,7.136123886980444e-08,1.1980578694758743e-07,0.012788150865733136,2.582927408484963e-07,3.605822053584458e-07,2.7248168754602083e-07,6.629245564031948e-05,6.360572464738242e-08,0.9348315718019726,0.005352703707108513,0.018338760230006072
56,0.030504976153944135,2.577966615533571e-09,6.18151853045207e-06,1.1505191458163406e-06,7.944591925038077e-05,3.8362141020993613e-07,0.000740713359743925,4.31631181867221e-08,0.000219896031936308,0.0005009376307130413,9.356006079213678e-07,1.6903530873170407e-07,5.0656363927221424e-08,0.00010957418837491758,5.973850715481871e-08,8.762325992863178e-08,0.013880079477602088,1.8985248399033541e-07,4.860942024301135e-07,2.1082849685054868e-07,6.209516968772459e-05,5.457574492695547e-08,0.9314470032582443,0.005012115246220516,0.017433158159135858
57,0.02847753807003977,2.6705084597045942e-09,1.1980261188989137e-05,1.057479965283426e-06,0.00011287043406940982,4.55039616501363e-07,0.0008814530969239773,5.122547697718396e-08,0.00026806241996708434,0.0006177618973594612,8.771686230336844e-07,2.6274099721586693e-07,6.765112363423364e-08,0.0001003061833500933,5.461910558963473e-08,1.0579199956130186e-07,0.017979072162291845,1.4774395408969218e-07,5.260051628007539e-07,2.9127181102727705e-07,9.254576541371183e-05,6.706187340881762e-08,0.9264324601945156,0.005998088585169342,0.019023894459493065
58,0.027297668121751013,2.328181783376455e-09,5.661623196990258e-06,9.105007461605993e-07,7.039351789414199e-05,3.924558383458971e-07,0.0007296817288673878,3.817298196710325e-08,0.00018917345177626467,0.0004811072097806772,6.591002445050017e-07,1.517880389690773e-07,4.9461027321287545e-08,9.756744379755244e-05,5.08745061082448e-08,8.315209038783092e-08,0.014367825110848624,1.794729102615929e-07,4.9627486070906e-07,1.857612951649149e-07,6.239220389397846e-05,5.073951217477827e-08,0.9345406684292684,0.00627159372094527,0.01588301735574561
59,0.02809226456923634,2.268729293418602e-09,6.6635035416837486e-06,9.5490534878248e-07,7.50008611791421e-05,3.7909507724028714e-07,0.0007722295831407495,3.9868036662885286e-08,0.0001941324917326029,0.0004897452304972614,7.060748660553328e-07,1.618161822780019e-07,5.197789818336812e-08,9.840176184813972e-05,5.016689522059603e-08,8.71732626467668e-08,0.014848881296585018,1.6895937495063085e-07,4.822334974029559e-07,2.0116466237125203e-07,6.748479397082593e-05,5.108584848086063e-08,0.9333115713827632,0.006119140885222166,0.015921146850602967
60,0.029307442768052843,2.5460958437482637e-09,5.8796479204144394e-06,1.1090193793539194e-06,7.861855979577625e-05,3.5979351107222676e-07,0.0007108470874835255,3.8663939761510444e-08,0.00021425771189499676,0.00047160392929736597,9.322109399618989e-07,1.6110255139493694e-07,4.34788962311486e-08,0.00010921750044735845,5.895357989051126e-08,7.883230571281988e-08,0.013279890246063655,1.7431997516729494e-07,4.4775409491515615e-07,1.9559345130952595e-07,6.062441256832287e-05,5.2788862392675864e-08,0.9329234797957087,0.004620392282243597,0.018214091000940378
61,0.028883006438801817,2.3403649467630747e-09,6.53962323694409e-06,9.431712679781364e-07,7.74911679960589e-05,3.6409043519983753e-07,0.0007402392337903538,3.7765310944597875e-08,0.0001983699411930024,0.0004764515030483287,7.48385825580738e-07,1.578683859807424e-07,4.8335872395785504e-08,0.00010279465123710991,5.1750060963419075e-08,8.17933303541123e-08,0.014417214526122876,1.63505015150005e-07,4.805431128529973e-07,1.9312662074118427e-07,6.534502295438894e-05,5.003473497210823e-08,0.9324595675197129,0.005671872016686212,0.016897785644881813
62,0.029307442768052843,2.5460958437482637e-09,5.8796479204144394e-06,1.1090193793539194e-06,7.861855979577625e-05,3.5979351107222676e-07,0.0007108470874835255,3.8663939761510444e-08,0.00021425771189499676,0.00047160392929736597,9.322109399618989e-07,1.6110255139493694e-07,4.34788962311486e-08,0.00010921750044735845,5.895357989051126e-08,7.883230571281988e-08,0.013279890246063655,1.7431997516729494e-07,4.4775409491515615e-07,1.9559345130952595e-07,6.062441256832287e-05,5.2788862392675864e-08,0.9329234797957087,0.004620392282243597,0.018214091000940378
63,0.028042374524996434,3.3437782686944556e-09,5.34885986359936e-06,1.15269417275561e-06,7.629587624652997e-05,3.949960798300721e-07,0.0006350288710446507,3.7970628257363216e-08,0.00022744408390808348,0.0004276407225315686,9.158126481803614e-07,1.5195102692671595e-07,3.9537245497026096e-08,0.00010264762429361325,6.531926695900251e-08,7.605439327994767e-08,0.012795989993792426,1.8556863227710521e-07,4.952431573601602e-07,1.7716293843693305e-07,5.986771290850947e-05,6.033310532063938e-08,0.9337839281620786,0.004344236757739975,0.01949544082352272
64,0.023436211009049253,2.2022616978103474e-09,5.9599643828996975e-06,9.558673509446236e-07,6.94905448915948e-05,3.4797073746909414e-07,0.0005957959184277062,3.1392074335791585e-08,0.0001792530709560327,0.00040065526628619137,7.680591920393976e-07,1.5939025561317628e-07,3.91021381580941e-08,9.479460685862874e-05,5.1481454636679404e-08,7.443753777700618e-08,0.012527698776342293,1.564564282271232e-07,3.803367447770169e-07,1.888985485543353e-07,7.302872420502548e-05,4.606682135561907e-08,0.9429554948936146,0.004294865086163663,0.01536355047727631
65,0.02715987802504149,2.556429050158328e-09,5.638610567207084e-06,1.0618940683105994e-06,7.596697042978456e-05,3.5956752148771203e-07,0.0006823520394730284,3.6056556716598715e-08,0.0002050872648702621,0.000443040196842224,8.772036958797904e-07,1.5733688112073506e-07,4.0821532118081226e-08,0.00010596974131739205,5.785245153238143e-08,7.556405615692284e-08,0.012807339679582225,1.7126297012406914e-07,4.2878930450016076e-07,1.8906029063634715e-07,6.129353520164574e-05,5.1769966671880313e-08,0.9358281557631895,0.004533540694923212,0.018088227742837738
66,0.0595830475416431,9.683410229944608e-10,1.9047115273134678e-05,1.0758663639381487e-06,0.0002454452868866882,3.6428330766373926e-07,0.0018941455864717098,4.475049704781945e-08,0.0002669891633252124,0.0010258876191742326,9.434596177426146e-07,1.6278970230967693e-07,1.4555084400419013e-07,0.00012552419205072,2.3449826092514946e-08,1.4520620149275316e-07,0.025269114930611326,1.34641690465911e-07,6.390277911353793e-07,4.6938929888667593e-07,7.357029265118471e-05,3.15628420400871e-08,0.8884997082860181,0.008808254850499884,0.01418508418907065
67,0.01025058792672309,2.5842506673574354e-09,3.1943284062880335e-06,7.128408952286145e-07,3.751613297596907e-05,3.4677513299899633e-07,0.0003829037422428715,1.3908019071124328e-08,0.0001045080611290727,0.00020048218438283133,4.5728914201965566e-07,1.0367397079201889e-07,1.727054879209145e-08,6.504401481353165e-05,4.2392897396986056e-08,4.5973930034970704e-08,0.008721607775314416,1.3297485773436523e-07,2.508873678777849e-07,1.181071996501492e-07,6.344874687061766e-05,4.327998068739877e-08,0.9612599916945163,0.0032245117827709715,0.015683915651661412
68,0.050716129218050625,2.7842255766336505e-09,6.198200305391899e-06,1.2183363796948865e-06,9.553362697940175e-05,2.3700412046185497e-07,0.0006196979273833612,3.150860068357318e-08,0.00023937585248811718,0.00048175221427627945,1.2217700848872943e-06,9.841153550094079e-08,4.42984694819441e-08,0.000138568577996193,5.035270796607853e-08,7.243884346743764e-08,0.014539605715842433,1.539201154958215e-07,6.289884387036609e-07,1.6766439428290576e-07,3.9048584753695046e-05,4.277136769671149e-08,0.9078358632851496,0.004197015237095101,0.021087241310395806
69,0.025347999718536914,2.360979947807566e-09,5.303743135806108e-06,1.088123137533146e-06,7.289923548204492e-05,3.365665556840573e-07,0.0006309408396381607,3.5550691331372996e-08,0.00021633816230504156,0.0004467830715618364,1.0012460491693671e-06,1.5294436552046807e-07,3.709180643943326e-08,9.661284830636984e-05,5.962347947450252e-08,6.783917024168959e-08,0.011946500725196573,1.6586363848609513e-07,3.66771639030896e-07,1.9409826197916595e-07,5.914543847491226e-05,4.9638560481438874e-08,0.9397718341631498,0.003660796718591817,0.01774128761728532
70,0.03233309250599253,2.3815866209383864e-09,5.209871730094673e-06,8.149801173546352e-07,7.686920213470565e-05,3.2058943267315195e-07,0.0007091711377374758,3.678906850789008e-08,0.0001854527373767675,0.0004478372332973806,7.818369272968737e-07,1.445674582857245e-07,4.5985202256298104e-08,0.00012032489643955913,5.669282649675325e-08,7.143228700420546e-08,0.015822693328658235,1.9104539899564937e-07,5.223916435592039e-07,1.772243709412368e-07,5.732642851440878e-05,4.844896581670083e-08,0.9257949565144181,0.00588180193036815,0.0185620498480469
71,0.028137935102000067,2.7710846657838594e-09,5.705043446289786e-06,1.1540243413334686e-06,7.414540354656757e-05,3.6374452268775845e-07,0.0006293746059405503,3.729193670934177e-08,0.00020815838061593166,0.0004415792120481228,9.445454765515382e-07,1.6338262967547948e-07,4.086052562466365e-08,0.00010808710567333817,6.152438889571552e-08,7.784203114371727e-08,0.012629100119481883,1.7757195420364688e-07,4.5005074080150474e-07,1.881507218292383e-07,6.18667895611645e-05,5.421748410619947e-08,0.9352796273508888,0.00429607516790456,0.01812462974105461
