,0,1,2,3,4,5,6,7,8,9,10,11,12,13,14,15,16,17,18,19,20,21,22,23,24
0,1.7134459825795905e-06,3.749424914532822e-09,6.349320895784602e-05,0.0049028400975661395,1.2348138188362019e-06,0.009489711154069227,9.589504722573892e-05,1.6376814258564512e-06,0.0003468697295357668,0.007159020341851044,0.00020829956236665564,1.0018133439831157e-10,7.008560233070774e-08,0.07156634505742741,0.023416064507957704,1.6212252631347987e-05,3.0127102948521386e-05,1.366923729680187e-06,4.0002816850429355e-07,0.01432451677558759,0.00021342251643094155,0.0018624060054860437,0.542836451060569,0.3229193204149819,0.0005425783360730382
1,2.2752851840929658e-06,5.005415354300624e-09,7.546445516349757e-05,0.005373946355199284,1.5640418929625288e-06,0.008454010954209334,9.429248631049275e-05,1.844850949679927e-06,0.0005342494039418768,0.00868312296682672,0.00023810169321791648,8.903058274441325e-11,7.342874629104038e-08,0.06433776418765798,0.025138953525077917,1.9182025079284156e-05,3.0143530059495024e-05,1.2720252902758785e-06,4.2773611008044633e-07,0.01086262315071381,0.0001832793874943791,0.001767791742832438,0.4628229940019503,0.41086153504941986,0.0005150826222260327
2,1.7624602426726723e-06,3.612388191543426e-09,5.543708767528996e-05,0.004383210764491687,1.4062948692638674e-06,0.00674975092144807,9.543818841720595e-05,1.4804476708911659e-06,0.0003778337699101758,0.006168837093887709,0.0002084174490747379,8.443602850440426e-11,5.697752429928637e-08,0.0742130663444704,0.02296054771105054,1.1838627370730742e-05,2.566194975811548e-05,1.3371789914550712e-06,3.438529308498395e-07,0.012942820847717192,0.00018585975512755326,0.002030014238332737,0.5593299459739942,0.30961107214334116,0.0006438562248785711
3,1.752123648652638e-06,4.070221369188109e-09,6.167173107577727e-05,0.005066882682161639,1.4000390688126786e-06,0.007318379617269124,8.664018216801578e-05,1.4286428397210578e-06,0.00035242394159219813,0.006156343820885507,0.00024106853942302894,9.611987139981078e-11,6.507248693088221e-08,0.07877046793581605,0.02451381434273301,1.3935693625554784e-05,2.9349858241575318e-05,1.3634602515890842e-06,3.242747847455833e-07,0.01043466266280118,0.0001883205585847984,0.0018012989608142285,0.53584675676946,0.32853564915850114,0.000575995765425362
4,1.7475567834242179e-06,4.717869169718649e-09,6.1209976466239e-05,0.005034750408458994,1.4884538542541954e-06,0.00691680704180714,8.599019152488031e-05,1.3924990863759914e-06,0.00033701186324140123,0.005628177275907366,0.0002748229685965136,1.2165468141837965e-10,8.098991444613334e-08,0.08930740508028953,0.022477997244641938,1.351956908075571e-05,3.174154012749096e-05,1.5306904645081274e-06,3.3747486587846765e-07,0.010130152705031883,0.00019044100993130552,0.001813119812278624,0.5565262977220706,0.30056755188611933,0.0005964211999332798
5,1.8509256428810856e-06,2.8759906003167352e-09,5.377585097755703e-05,0.005351520856723237,1.1067105429399106e-06,0.005663729444268973,7.594257384488311e-05,1.3931674442087863e-06,0.0003123579084907134,0.006136573089030053,0.00021094344146295522,9.315478960623435e-11,5.843663777457302e-08,0.07496872177514072,0.017755640416590498,1.3235979402951902e-05,2.8695988353583853e-05,1.823975575784476e-06,2.3794213942325972e-07,0.011306291572877976,0.00017141727192283057,0.001646252667278888,0.5068392641883327,0.368910387144486,0.0005487757036871571
6,1.752123648652638e-06,4.070221369188109e-09,6.167173107577727e-05,0.005066882682161639,1.4000390688126786e-06,0.007318379617269124,8.664018216801578e-05,1.4286428397210578e-06,0.00035242394159219813,0.006156343820885507,0.00024106853942302894,9.611987139981078e-11,6.507248693088221e-08,0.07877046793581605,0.02451381434273301,1.3935693625554784e-05,2.9349858241575318e-05,1.3634602515890842e-06,3.242747847455833e-07,0.01043466266280118,0.0001883205585847984,0.0018012989608142285,0.53584675676946,0.32853564915850114,0.000575995765425362
7,2.1475116310937087e-06,5.6590880358404815e-09,9.602063885103709e-05,0.004778609118203565,1.653996031571552e-06,0.007850124123486452,7.766227908371305e-05,1.5071194339036796e-06,0.000367027974423362,0.0062418370483326505,0.00035084150811370634,1.0677375625047337e-10,9.182529519644579e-08,0.07120394785491713,0.02768206052502867,1.3683250830423161e-05,3.1080690098844694e-05,1.3021859844451905e-06,4.1012842216832887e-07,0.010657847027596876,0.0001792251805697295,0.0019202592038008528,0.4600130545961298,0.4080775317166333,0.0004520687312397532
8,7.238349784764943e-07,8.15679177522645e-09,4.485146034652402e-05,0.0029194030341990833,1.6212724052004357e-06,0.04068651333394833,0.0001331509639109889,3.820503580962933e-06,0.00023339809221896863,0.002431874846724551,0.0001400645032502754,5.008695063488175e-10,4.5524983057714186e-07,0.04198137867098056,0.011195079589565591,4.7090132479822595e-05,5.6038625202166454e-05,9.038081276602158e-07,1.964185209360617e-06,0.02117548741925731,0.0002533342892174643,0.0010023222792986959,0.8598857374977874,0.017564978991174315,0.0002397987586444949
9,1.6543485989982255e-06,1.9858767047294992e-08,2.4901914552743372e-05,0.0026055361788805834,4.553462395085965e-06,0.01321357640459648,0.0004838120782871519,1.92229576826397e-06,0.0005676258814112274,0.003598167360019276,0.000152333962591818,3.086320305787629e-10,1.3158218879588186e-07,0.08474638324771841,0.03398323653872417,2.197711786400156e-05,2.455174801630954e-05,1.6077810139276209e-06,1.0712291504814373e-06,0.008845158310404102,0.00022097809528812026,0.0017186862688052772,0.8077128677060212,0.038844773425966636,0.003224472894337925
10,1.752123648652638e-06,4.070221369188109e-09,6.167173107577727e-05,0.005066882682161639,1.4000390688126786e-06,0.007318379617269124,8.664018216801578e-05,1.4286428397210578e-06,0.00035242394159219813,0.006156343820885507,0.00024106853942302894,9.611987139981078e-11,6.507248693088221e-08,0.07877046793581605,0.02451381434273301,1.3935693625554784e-05,2.9349858241575318e-05,1.3634602515890842e-06,3.242747847455833e-07,0.01043466266280118,0.0001883205585847984,0.0018012989608142285,0.53584675676946,0.32853564915850114,0.000575995765425362
11,1.7470557425282647e-06,4.36317592006933e-09,6.293149347604284e-05,0.005204396877273347,1.4018069122481209e-06,0.007600197632157161,8.856349653169618e-05,1.535899103787305e-06,0.0003535835490838435,0.005966287379794881,0.0002492282541493773,1.0843658526486846e-10,7.517449923647358e-08,0.08022787833842283,0.023855272659320394,1.4682512005435961e-05,3.212755388351437e-05,1.4172151673842792e-06,3.406875862467051e-07,0.010613258179960353,0.00018789131723965515,0.0018193030403384131,0.5481969196247986,0.3149613192901272,0.0005596364908132622
12,1.7257424331614844e-06,4.410892248986112e-09,5.8702854000513415e-05,0.0048096765582219285,1.6067292824082982e-06,0.007292927973817024,9.016608517096303e-05,1.2981445503191528e-06,0.00033649365523016775,0.005524431913708332,0.00024189479657868654,1.08454238346143e-10,6.718186671381342e-08,0.08674475428311894,0.02328834926457893,1.3035443778087433e-05,2.7210887202290074e-05,1.5315883930209382e-06,3.1690677818585667e-07,0.010989197526432926,0.000192553865613586,0.001659879230551225,0.5705590303533272,0.28750250984992676,0.0006626346460922201
13,1.729550531557525e-06,4.062858545406111e-09,6.14280707783496e-05,0.005021096190010172,1.407670374476462e-06,0.007010742349132917,8.314646302238505e-05,1.3741627964928714e-06,0.000340049045421689,0.005887331051355204,0.00025196768961735906,9.638053707284088e-11,6.553411729764466e-08,0.07952459708860472,0.02445477022059518,1.3413313085017998e-05,2.889774615241282e-05,1.3414733610364582e-06,3.2017775285966374e-07,0.010029754363349528,0.00018605754570574627,0.001766850743367705,0.5373387168220044,0.32743242315351034,0.0005625154161140789
14,1.5543377412091757e-06,1.3955019153640877e-08,7.31171652596131e-05,0.0031264878293382845,3.2803884929763784e-06,0.01769181644261183,0.0001567656815992331,9.191346495881124e-07,0.0002541227744283979,0.00598822182004602,0.000498134221888647,2.502644144356458e-10,2.0411359494525114e-07,0.1363619578255079,0.0343268275079196,1.9913704536358684e-05,2.2797617716035087e-05,1.3226157447987588e-06,1.119703639499074e-06,0.013654276551078065,0.0002881892008043258,0.0015683037955366212,0.6005923560522181,0.18450602420956255,0.0008622731008018484
15,1.752123648652638e-06,4.070221369188109e-09,6.167173107577727e-05,0.005066882682161639,1.4000390688126786e-06,0.007318379617269124,8.664018216801578e-05,1.4286428397210578e-06,0.00035242394159219813,0.006156343820885507,0.00024106853942302894,9.611987139981078e-11,6.507248693088221e-08,0.07877046793581605,0.02451381434273301,1.3935693625554784e-05,2.9349858241575318e-05,1.3634602515890842e-06,3.242747847455833e-07,0.01043466266280118,0.0001883205585847984,0.0018012989608142285,0.53584675676946,0.32853564915850114,0.000575995765425362
16,1.8015204184194897e-06,3.624198546380626e-09,5.6945801999860726e-05,0.005348411922150364,1.3106076076409517e-06,0.006648327407141658,9.126132651573286e-05,1.3647308652284072e-06,0.0003015022138139636,0.00751476736878788,0.00022895888451289609,1.1328697175053272e-10,6.017463062380301e-08,0.09129380263685458,0.021728225995601074,1.4082878994018392e-05,3.0163360303890794e-05,1.8424455981550673e-06,3.0335525427421265e-07,0.011798548590359288,0.00024369539402496892,0.002014976407012184,0.5299836067040499,0.3220009786850112,0.0006950578510067543
17,1.575206738159018e-06,3.368932298443629e-09,4.1440088861358406e-05,0.004396240373564682,1.1013825260443817e-06,0.004573260521150214,7.353266590708829e-05,1.248022946918845e-06,0.00023251634836295778,0.004091035072460219,0.00021391535899056434,1.6861417274026097e-10,7.507051185488769e-08,0.10363183122981101,0.013054301347092035,9.37967253457962e-06,3.450756113065845e-05,2.469045864115817e-06,2.4352491900358915e-07,0.01124502060645341,0.00020618207252356822,0.0019407835502468348,0.6532929728591934,0.20218037668857347,0.0007759881920913664
18,1.4038000260103983e-06,3.466100229706404e-09,9.833008783898449e-05,0.006234112706897454,1.8652497423617766e-06,0.00920479135907251,7.675632117801048e-05,1.4589635929233957e-06,0.0003333980880036575,0.006000332216129349,0.00028596432430530065,5.3623033832346553e-11,5.771453560687439e-08,0.05579793720331349,0.038957423173878056,1.7436841496290218e-05,1.9206816216568284e-05,6.966476457353022e-07,3.514705078145719e-07,0.009605513907778414,0.00017328237898627942,0.0012077659349918103,0.44491838413789,0.4267855464225258,0.0002779807137244132
19,1.615430533152533e-06,4.373468254912487e-09,6.838413279079906e-05,0.005856874956029276,1.6856066664864329e-06,0.007322694164133505,0.00011023558618847431,1.7944579231690602e-06,0.00036925596676111916,0.005992875749102149,0.00025755037557601647,1.2655103122925859e-10,8.602886951558006e-08,0.08953790899658223,0.02447198475687417,1.5449695447432586e-05,3.3129028226886785e-05,1.6331536145588518e-06,3.522579956712009e-07,0.012521602336171483,0.00019679583134664234,0.0021543495789729384,0.55393820736743,0.2965539062156785,0.0005916238270663251
20,1.3901839267630303e-06,3.756420647102711e-09,6.441654964757728e-05,0.005337066766891952,1.4608382154200217e-06,0.007145192098028861,9.660606657440798e-05,1.5976801891073953e-06,0.000285256723770321,0.005804194238491605,0.00027435367507755627,8.436898320790196e-11,5.7352486723092975e-08,0.07402805466604855,0.03839801750675006,1.3199154957687171e-05,2.900655715277111e-05,8.735969562447203e-07,4.056312814972862e-07,0.009267384001227124,0.00023162798722435593,0.002402429635134959,0.5562051330679072,0.2999114164543667,0.0005008557269029472
21,2.133773263534877e-06,4.12069586118284e-09,6.064580570028969e-05,0.005290399196000303,1.562624734513544e-06,0.005490378156908104,7.61078124954245e-05,1.2217680774233297e-06,0.0003009708174691888,0.007840942703813195,0.00027213245759285945,1.22144724101799e-10,6.413914801967968e-08,0.09110129708927729,0.019036699990864023,1.3593286871985939e-05,2.601281061599093e-05,2.016620840011317e-06,3.1515073531261316e-07,0.011194442009188945,0.00026296969845908294,0.0016498443500581096,0.49993044079450544,0.35678390161729195,0.0006619030832484974
22,1.769542994999018e-06,3.0253125953173138e-09,7.050520929685853e-05,0.005599076536806134,1.0273274921888236e-06,0.006153493562875088,6.083334861715809e-05,1.279072378181638e-06,0.000269987006258211,0.007616792789245946,0.00025452380978164386,8.944092785589759e-11,5.424917296842486e-08,0.07912601002489292,0.021619590398501465,1.2727106557433582e-05,3.165335629669048e-05,1.5207626326853848e-06,2.549027094936231e-07,0.01009609092438144,0.0002156274865259194,0.0018853930322445273,0.43690179031289855,0.42964005453259946,0.0004399415900864872
23,1.752123648652638e-06,4.070221369188109e-09,6.167173107577727e-05,0.005066882682161639,1.4000390688126786e-06,0.007318379617269124,8.664018216801578e-05,1.4286428397210578e-06,0.00035242394159219813,0.006156343820885507,0.00024106853942302894,9.611987139981078e-11,6.507248693088221e-08,0.07877046793581605,0.02451381434273301,1.3935693625554784e-05,2.9349858241575318e-05,1.3634602515890842e-06,3.242747847455833e-07,0.01043466266280118,0.0001883205585847984,0.0018012989608142285,0.53584675676946,0.32853564915850114,0.000575995765425362
24,1.5110033775466821e-06,3.6001518754282484e-09,5.5337846617245245e-05,0.006028645813830039,1.6824650669320815e-06,0.005680138700005418,8.337943098683796e-05,1.3634936827294083e-06,0.0002799150104390994,0.004788737130096426,0.000265783926819091,1.2032386428671816e-10,8.073981028368808e-08,0.09467323337317692,0.018801034672127535,1.4860375304210681e-05,2.5687680428116354e-05,1.7478670966174014e-06,2.7664442701942505e-07,0.010055555482075111,0.00018304329617177545,0.0013658707340396335,0.5792518621307644,0.2779115073403072,0.0005287411228740346
25,1.5527079488367589e-06,2.538886720927791e-09,6.233110734002384e-05,0.0065663889094227275,1.5005960436596953e-06,0.004442225071306581,7.641858160066938e-05,1.6133568232773186e-06,0.0002520617547985193,0.005318978722831078,0.00028779229120592535,8.552766191261413e-11,6.622422222530038e-08,0.06952870850760713,0.02233622326839945,1.4524963796921586e-05,2.3300951204552167e-05,1.3773650134802465e-06,2.88000938656678e-07,0.009939963842355784,0.00020651982459059113,0.0015414049759801423,0.5490612685778824,0.3299462110072932,0.00038927676697985114
26,1.803384654962225e-06,3.6046092264776773e-09,5.5048206274823915e-05,0.0046438242984469125,1.1920579472224726e-06,0.006420611508822102,7.070885488175192e-05,1.3829362981601744e-06,0.0003754631091691925,0.005001445859840652,0.00021812004949781856,7.84900287918747e-11,5.983929274697944e-08,0.06331892323830313,0.02115371905826847,1.2337685084349009e-05,2.793149486949906e-05,1.1981146542987665e-06,2.7043077335037244e-07,0.009479943318708762,0.0001434756493974856,0.0014677416934516254,0.537908520106934,0.3492067465187471,0.0004895289025823769
27,1.7055959620938432e-06,4.327187285062861e-09,5.351773365903073e-05,0.004498702171825531,1.2510759568023903e-06,0.007622386831042702,0.0001050601878137216,1.4930743854879614e-06,0.00046209739791925296,0.006733019033976242,0.00021972515572884308,8.360092584858063e-11,6.171706090371388e-08,0.07539456361673777,0.026959111048553325,1.3182559642269916e-05,3.1977618969452864e-05,1.135003053765102e-06,3.395202593559034e-07,0.010555310833207406,0.00015695566477754767,0.0022808048814900294,0.5106980354947482,0.353569627462807,0.0006399319096351433
28,1.752123648652638e-06,4.070221369188109e-09,6.167173107577727e-05,0.005066882682161639,1.4000390688126786e-06,0.007318379617269124,8.664018216801578e-05,1.4286428397210578e-06,0.00035242394159219813,0.006156343820885507,0.00024106853942302894,9.611987139981078e-11,6.507248693088221e-08,0.07877046793581605,0.02451381434273301,1.3935693625554784e-05,2.9349858241575318e-05,1.3634602515890842e-06,3.242747847455833e-07,0.01043466266280118,0.0001883205585847984,0.0018012989608142285,0.53584675676946,0.32853564915850114,0.000575995765425362
29,1.752123648652638e-06,4.070221369188109e-09,6.167173107577727e-05,0.005066882682161639,1.4000390688126786e-06,0.007318379617269124,8.664018216801578e-05,1.4286428397210578e-06,0.00035242394159219813,0.006156343820885507,0.00024106853942302894,9.611987139981078e-11,6.507248693088221e-08,0.07877046793581605,0.02451381434273301,1.3935693625554784e-05,2.9349858241575318e-05,1.3634602515890842e-06,3.242747847455833e-07,0.01043466266280118,0.0001883205585847984,0.0018012989608142285,0.53584675676946,0.32853564915850114,0.000575995765425362
30,1.752123648652638e-06,4.070221369188109e-09,6.167173107577727e-05,0.005066882682161639,1.4000390688126786e-06,0.007318379617269124,8.664018216801578e-05,1.4286428397210578e-06,0.00035242394159219813,0.006156343820885507,0.00024106853942302894,9.611987139981078e-11,6.507248693088221e-08,0.07877046793581605,0.02451381434273301,1.3935693625554784e-05,2.9349858241575318e-05,1.3634602515890842e-06,3.242747847455833e-07,0.01043466266280118,0.0001883205585847984,0.0018012989608142285,0.53584675676946,0.32853564915850114,0.000575995765425362
31,2.2786616935281815e-06,4.0193044894405644e-09,7.216278782364424e-05,0.004978645281303454,1.4750322153605135e-06,0.006520118353372713,7.708384464179843e-05,1.7844960931505382e-06,0.0003348350559908351,0.005533728660596537,0.00022516116426588768,1.2503201038679306e-10,7.24285687044369e-08,0.06939906918794254,0.01900343937785267,1.322671218392777e-05,3.120911345618272e-05,1.9812788337146093e-06,3.4165476153925395e-07,0.013268022324657494,0.0002118989832026688,0.001824999305702804,0.5682015624796104,0.30968892982292096,0.0006079698479728903
32,1.753368305422675e-06,4.320138057038151e-09,6.3975784524805e-05,0.004995437795624299,1.5023362928287734e-06,0.007666432502952356,9.177009003955957e-05,1.5050274599157673e-06,0.0003433681684401964,0.006123856866542532,0.00025214122093244557,1.0614478612666328e-10,7.114796491932936e-08,0.08032512556188778,0.02536159262882659,1.447646286737779e-05,2.9539218938868828e-05,1.3672936489907046e-06,3.786749301191643e-07,0.011024216178851574,0.00020268333668910736,0.0019020855228551285,0.5517601876574352,0.3092501760098791,0.000586352717828147
33,1.781906318693462e-06,4.0668893981507e-09,6.191618251627078e-05,0.004999456319247959,1.4381134249545155e-06,0.007232258910182295,8.524975730778397e-05,1.410636750924495e-06,0.0003516309856121787,0.006117706707097082,0.00024109570995329467,9.264315631419834e-11,6.24371740376152e-08,0.07636309652326044,0.0250668245183232,1.3724577989036538e-05,2.805335836410893e-05,1.320573232160958e-06,3.281139401351452e-07,0.010337738545543687,0.0001907521741442074,0.0017532017667476307,0.5364588281764268,0.3301166535565998,0.0005754662903106483
34,1.1528345742578098e-06,2.9257892409902014e-09,6.0490627414773346e-05,0.007306676481496348,1.1504167986946343e-06,0.011356609293095725,0.0001218534947779254,1.7710247575849438e-06,0.00031616183161845755,0.007911840070549516,0.00016669131781416727,9.219470077658734e-11,6.283461955910009e-08,0.0893690591668643,0.026195844183665225,2.106434985806898e-05,3.550230420050727e-05,1.5461433273546104e-06,2.304821784658984e-07,0.014244183718086766,0.00021752738522568335,0.001814407437776474,0.546034220411498,0.29427173015934854,0.0005502210124697708
35,8.268575297068613e-06,7.2451259112676865e-09,6.96617623798948e-05,0.0049958632713722065,1.3951342026685754e-06,0.004193842327456571,8.966295183723851e-05,2.9154216016671638e-06,0.0011895208307405745,0.016948267851868298,0.00018129532576807174,2.1246958606481187e-10,8.617529565352094e-08,0.0712980733090745,0.009905769720384167,1.9542618355474328e-05,5.6973125461442794e-05,5.907295721698979e-06,4.2055960392541154e-07,0.01346452447919345,0.00016477459790564456,0.003244967965526114,0.3360934378850284,0.5368138941275314,0.0012509272307985495
36,1.2762884650633226e-06,4.430175303061302e-09,4.9330784671557714e-05,0.0064033910894183465,7.483065711404976e-07,0.01336598040551251,0.00015919834034282555,3.181288116557501e-06,0.0006761043133231164,0.00802911482300717,0.00013613708928195828,1.608795979399829e-10,1.1887624694688645e-07,0.10735562936871683,0.019876032493853033,2.3864398492444728e-05,9.564292013273813e-05,1.769001010688375e-06,3.2253896166818053e-07,0.014292936744184874,0.00012796766995730433,0.004054084019003166,0.5829358041051722,0.24172356954772709,0.0006877909967759192
37,2.0177430839959497e-06,2.454862572280285e-09,5.77923223010799e-05,0.0047414201898269915,9.266459886234385e-07,0.003961151118707246,4.681558707362204e-05,9.394982899840396e-07,0.000231792031925643,0.005322935281256831,0.0002627526005386927,8.130375079740473e-11,4.7381879775653016e-08,0.07013921162149224,0.01622462735422979,9.509431744782632e-06,2.5016892718966203e-05,1.7668702284860067e-06,1.8315539252517138e-07,0.00832078740466553,0.00014533622943499371,0.0014528941670511606,0.3917852556860088,0.4968459043890556,0.00042091386093825637
38,2.1563818744236303e-06,4.573622141157995e-09,5.848413779638821e-05,0.004618324825274712,1.5249236066210089e-06,0.00496999284003,7.613315960593143e-05,1.1993222681618288e-06,0.0004204206189504275,0.006092398833400223,0.0002600740357769846,1.0087795840324648e-10,5.760680220067707e-08,0.0876565610900111,0.020697370142725473,1.0176309780126158e-05,2.839320713973662e-05,1.690749002825371e-06,2.6663124380230665e-07,0.009125042277239403,0.00016830988557868106,0.0019519573880864025,0.4878451717584443,0.3752936542455236,0.0007206349553385216
39,1.496632210842834e-06,3.496708278734486e-09,5.0248947913326606e-05,0.005220401839694866,1.1417789269620937e-06,0.008760218121159274,0.00010919941636605618,2.1033517940260923e-06,0.0003050087013987915,0.005767429134504618,0.0001622401922026228,1.1105948967207596e-10,6.544293193290652e-08,0.06507675053924644,0.023994748655985665,1.6859660865845753e-05,3.594628604714469e-05,1.355890347228859e-06,3.615621862277784e-07,0.01264650737138896,0.0002457547217203682,0.0020247305861092997,0.6670353106987802,0.2078957314411606,0.0006463854192909724
40,1.754638950785966e-06,4.113688873331317e-09,6.222428741858311e-05,0.005056546280783857,1.4133339520374185e-06,0.00736652140057601,8.68901141723067e-05,1.4247663586239559e-06,0.0003518076217513581,0.006160096052480246,0.0002427392164886154,9.704825951066376e-11,6.532341541497737e-08,0.07931333665426955,0.024690167405135688,1.3909343741252395e-05,2.938812086855127e-05,1.367576555876853e-06,3.268350140309797e-07,0.0104691807854985,0.0001894408373932201,0.0018125992784789786,0.5352985927279575,0.32827122729265007,0.0005789758953518067
41,1.9098411651741013e-06,1.019021537247663e-08,0.00010701607830155498,0.007075104674468235,2.7463376954084934e-06,0.014335794483161001,0.00010937181093272145,1.966377326845769e-06,0.0009290787678193531,0.007840507951545854,0.0002505417807110627,7.821018336572792e-11,9.398433169415001e-08,0.07269581082401362,0.03578053549811516,2.402256974773084e-05,3.311430755039622e-05,9.413847319041916e-07,3.080098904571031e-07,0.00874502324999444,0.00013215452358814956,0.0011323966434009457,0.46050978133152004,0.3898366984421057,0.0004550708594568779
42,1.8023023146435485e-06,4.8578908345106025e-09,0.00011308138211478392,0.006088303507551644,1.5260464112025806e-06,0.01076987609270512,0.00011603937562159598,3.154861241926602e-06,0.00037667644442086534,0.01057687424293668,0.0002760452216476871,1.3707059914314527e-10,8.778918203734161e-08,0.07325145320502255,0.04060098709159965,2.0975976532880124e-05,4.7442981454106805e-05,1.028548070399953e-06,8.982707806079903e-07,0.015085022823435748,0.0003739843529343138,0.004637165787621775,0.5049246352147625,0.3322770029199068,0.0004559305667690239
43,7.910550713148105e-07,4.192281094081304e-09,2.893633137817812e-05,0.003261368314329374,1.829968436578432e-06,0.0031679402108646115,4.186080723134856e-05,3.930072699903436e-07,0.00010705507707082573,0.0003566654651585323,0.00037436823537917576,2.3254805054736024e-10,8.438395846597362e-08,0.10208042754388312,0.01863576105813656,5.0880160517989665e-06,2.076239870683595e-05,1.5095756000609092e-06,1.1916310641808286e-07,0.002405604828454553,5.864190946042663e-05,0.0005604674109685694,0.7667154708887411,0.10148782225938124,0.0006870276665317445
44,1.752123648652638e-06,4.070221369188109e-09,6.167173107577727e-05,0.005066882682161639,1.4000390688126786e-06,0.007318379617269124,8.664018216801578e-05,1.4286428397210578e-06,0.00035242394159219813,0.006156343820885507,0.00024106853942302894,9.611987139981078e-11,6.507248693088221e-08,0.07877046793581605,0.02451381434273301,1.3935693625554784e-05,2.9349858241575318e-05,1.3634602515890842e-06,3.242747847455833e-07,0.01043466266280118,0.0001883205585847984,0.0018012989608142285,0.53584675676946,0.32853564915850114,0.000575995765425362
45,1.2459269373656802e-06,3.2855030815289147e-09,8.289876543323278e-05,0.007069898687554442,1.3759408665829304e-06,0.01341454002188457,0.00013020077454204825,2.3904402770027998e-06,0.0003789533625937979,0.007420486298404031,0.0002090596063798066,6.396825121200998e-11,6.224976181273884e-08,0.05666663828048546,0.04853076209022163,2.4561809306206236e-05,3.149187436848551e-05,7.264248957182648e-07,4.201141513974644e-07,0.011812204721375303,0.00018724169834906677,0.0020480120599426256,0.4813227708167836,0.3703140195019335,0.00035003518408102007
46,1.504771215049378e-06,2.5228405189524214e-09,5.6025465522017364e-05,0.005934454951562498,5.325141833710158e-07,0.008277053148731374,5.583185529486041e-05,1.8664213115026068e-06,0.00028251905799308284,0.0055194423888511885,0.0001805033164378797,8.462168785609107e-11,7.022751786877198e-08,0.05614242851265944,0.018138422387349973,1.595047164585796e-05,5.0652166836102444e-05,1.2141560410334824e-06,2.14646007502603e-07,0.009501428901521305,0.00014418728014211883,0.001597028325429094,0.507264434179616,0.38653257168096383,0.0003016605657049829
47,4.0118863813174715e-06,9.223638398036931e-09,7.149120632589434e-05,0.00370710764471488,1.2768687542888808e-06,0.00987141193287113,0.00015093425290122357,2.613063383109145e-06,0.0006963125065591249,0.012877276674957373,0.0002280822218360587,2.467024114240057e-10,1.0125561519500837e-07,0.08449352582862706,0.0242255264932908,1.683967836622778e-05,6.65795912346579e-05,2.599016688638607e-06,8.583138122557595e-07,0.016892595960928364,0.0002767484589430784,0.005669873829479205,0.4783532677618271,0.36104835885691133,0.001342597225250695
48,1.4398677835586228e-06,6.264544539052163e-09,7.56414983639629e-05,0.005343313284465014,8.413383764302024e-07,0.020318526894813737,0.00011046667303070577,2.934957635653781e-06,0.0004784513780282535,0.0060333970372296805,0.00019185890410728333,1.277355690157118e-10,1.2464822507247207e-07,0.06421645096764413,0.03266282241821944,2.28133211888245e-05,7.245773021345902e-05,8.738661720260241e-07,5.314808910541762e-07,0.011484863867803464,0.0001658301702003291,0.002435800048966257,0.6048571982599131,0.25111551165569995,0.00040784333874845097
49,1.736444847274901e-06,5.21830511962505e-09,9.231507581293446e-05,0.005175503230153297,1.5416974484707837e-06,0.010776447575229487,0.00010221138479061952,1.609935809766257e-06,0.00033323430294713853,0.007521401169590465,0.0002745600051809341,1.4867878228414668e-10,8.407811429729386e-08,0.09687356744282709,0.029314155637833815,1.4968523622153357e-05,3.842051387451127e-05,1.6485558086007962e-06,4.4550268785834107e-07,0.014833629390833547,0.0002546089569838799,0.00268244903388653,0.49470955751639895,0.33638385518422914,0.0006120434741051938
50,2.779006589341864e-06,6.049118160295403e-09,5.392192904456103e-05,0.004851143790268451,2.0635967852219787e-06,0.006558078547648371,0.0002509399093367837,1.9520948658498123e-06,0.000708430916017505,0.017643954911468845,0.00021667739209296286,1.2596116705348747e-10,6.090584286785966e-08,0.11585315924918721,0.028467078952978463,1.736683394390816e-05,3.2159184500356706e-05,2.529830528016565e-06,5.429192375273532e-07,0.015388142312163573,0.0002831770225717911,0.005216847554384302,0.45253353357447074,0.35010948234078576,0.0018059710502082076
51,1.7175769760412217e-06,5.190735178702574e-09,7.927511908348316e-05,0.007314367365001706,1.4975686017859811e-06,0.005746368135198646,7.872694930216933e-05,1.3833829267027011e-06,0.0005486946423725075,0.008856802389887553,0.0002918982016186705,6.59459441194309e-11,6.092708532148519e-08,0.08605421976746964,0.028339233373163138,1.4247157260326715e-05,3.2352075109701205e-05,1.0832117815664587e-06,1.9591930417770152e-07,0.0059834097043089006,0.00013412961388423487,0.001761149732525204,0.32972157368932786,0.5246352915022049,0.0004023167389247793
52,1.703779538147781e-06,1.6818689881969228e-09,6.018278178774061e-05,0.005399810073593924,7.852906903047933e-07,0.004562755048660519,4.57564023333483e-05,9.030582216159662e-07,0.0002253747649366783,0.007251567067040561,0.00022763965318469028,5.953048563092454e-11,4.743433482437211e-08,0.06434506507019912,0.013252241457925563,1.3046575006426076e-05,2.0861774364838405e-05,1.8034785194314096e-06,1.5218809551743304e-07,0.009954824372444689,0.0001241574782294826,0.0011043163238616872,0.3185625961189658,0.5745459466418023,0.00029846142486332863
53,2.9496729293890463e-06,6.528042345050578e-09,0.00013731913931897097,0.004010816627337033,1.4983411932762735e-06,0.007537903160014124,3.578660680636534e-05,1.1045646109980428e-06,0.00027142411496449645,0.008208970333239482,0.0003942689618039843,1.3691570901757495e-10,7.516915048511351e-08,0.08456820969416269,0.021655830346686316,1.0826409594843595e-05,3.363886513233396e-05,1.5675576651424712e-06,4.773575669379336e-07,0.009748419192845106,0.0002765505322990259,0.002033850015857187,0.3792058760774674,0.481438253384184,0.00042437721021218244
54,2.608478044105065e-06,1.0279116042071423e-08,5.25736031309158e-05,0.004857219582611049,1.9316380119870252e-06,0.010317004183336061,0.00019141823013683155,1.8191507733686301e-06,0.000757296557555707,0.011044463672735764,0.00021476559996468452,1.8453782092204163e-10,9.077312326687925e-08,0.1197080615283851,0.02666121476827817,2.020375419123453e-05,4.591282433581087e-05,2.2146375879317803e-06,4.967656573641584e-07,0.011042094859491449,0.00022041132682533101,0.0030704464850214368,0.518566798824115,0.2916775259053665,0.0015434163876670878
55,3.734582651871563e-06,1.2406561627261265e-08,5.052048328645469e-05,0.004586415989198975,2.9525615611587714e-06,0.0055482542486030165,0.00015584767027471315,1.627511524286996e-06,0.0009142747786552604,0.0063182439212897765,0.00025353708559306396,3.237582882528024e-10,1.0629378156359014e-07,0.10689072741049324,0.018254139835119126,1.5273978728331518e-05,4.036448782667326e-05,3.929094267989454e-06,4.087050309458034e-07,0.01051813962737493,0.00019249763604406434,0.002134939916823677,0.5600412371886595,0.28201556317385384,0.00205725108903746
56,1.8222072006115954e-06,4.576250772612952e-09,6.424388113450206e-05,0.00510100604027369,1.4778956021730473e-06,0.007378946787222165,8.876394757121437e-05,1.4696206907529284e-06,0.00036239597379845767,0.006018584035635693,0.0002602518943251314,1.110434759297763e-10,7.486893924269422e-08,0.0826716036292719,0.024079475282517075,1.416466109362638e-05,3.1385627994019436e-05,1.473743351567909e-06,3.422886652188451e-07,0.010516679420615986,0.0001871599331228009,0.0018431217611077238,0.5361979564484562,0.3245892287469215,0.0005883666171944895
57,1.8389632810432959e-06,5.512930612324504e-09,8.445773315907246e-05,0.004533442059662192,1.8940591919766297e-06,0.009205211699835321,0.00010722298958640423,2.07188927236241e-06,0.00030835370322206075,0.006386844630511862,0.0002834429511556012,1.9288042238878286e-10,9.607330731362381e-08,0.08477711001261588,0.028782724253960168,1.5665977692546107e-05,3.601445358237386e-05,1.4824941364274286e-06,8.040906121338182e-07,0.015457689760021657,0.00034090306326883054,0.0030690881970396825,0.6129250721794612,0.23301652207984389,0.0006620409797688185
58,1.7935291332618672e-06,3.841195308126717e-09,6.415207465978979e-05,0.005022140272914659,1.274555445525795e-06,0.006963862138055629,7.695112793076117e-05,1.3411569883008147e-06,0.00033498015973637,0.00605427222353421,0.00025615901853522674,9.09893531246786e-11,6.281433358362193e-08,0.07352560450429702,0.024751302045550233,1.3449722361419207e-05,2.9352286222222836e-05,1.294163365857623e-06,3.0803063437360057e-07,0.009745822603753096,0.00017325732354281527,0.0017566288315706835,0.4870975980861125,0.3836252370008117,0.0005031523983259652
59,1.7742370194427818e-06,3.625816948121982e-09,6.858251590998607e-05,0.005125995383103632,1.2642377482288518e-06,0.006809542168476702,7.174357288251098e-05,1.323249594869283e-06,0.00031811836623366047,0.006241550111342725,0.00026137491217760893,8.706602487981363e-11,6.031320199059544e-08,0.07261550533426299,0.024763707735641512,1.3192948879779978e-05,2.86319768004027e-05,1.2784402972035082e-06,2.9805630425735767e-07,0.009922878731034817,0.00017720485549259452,0.001746818443806819,0.46385474325263415,0.40751403062780867,0.00046037681646241447
60,1.752123648652638e-06,4.070221369188109e-09,6.167173107577727e-05,0.005066882682161639,1.4000390688126786e-06,0.007318379617269124,8.664018216801578e-05,1.4286428397210578e-06,0.00035242394159219813,0.006156343820885507,0.00024106853942302894,9.611987139981078e-11,6.507248693088221e-08,0.07877046793581605,0.02451381434273301,1.3935693625554784e-05,2.9349858241575318e-05,1.3634602515890842e-06,3.242747847455833e-07,0.01043466266280118,0.0001883205585847984,0.0018012989608142285,0.53584675676946,0.32853564915850114,0.000575995765425362
61,1.8334688132168541e-06,3.6678674962664588e-09,7.06896684336567e-05,0.005211065078887528,1.2970142854134064e-06,0.006996801265009793,7.273484317946215e-05,1.3952830570317534e-06,0.000322303190591715,0.006307990520429814,0.00025272756232361216,8.774431289486423e-11,5.979454827057834e-08,0.07197396199909077,0.024813781785125732,1.3376522715976411e-05,2.880530038740783e-05,1.3196974156690979e-06,3.034765003032529e-07,0.01024789064988338,0.00018467816256024456,0.0017563353388127863,0.4762783820931523,0.394988379347333,0.00047388418185103216
62,1.752123648652638e-06,4.070221369188109e-09,6.167173107577727e-05,0.005066882682161639,1.4000390688126786e-06,0.007318379617269124,8.664018216801578e-05,1.4286428397210578e-06,0.00035242394159219813,0.006156343820885507,0.00024106853942302894,9.611987139981078e-11,6.507248693088221e-08,0.07877046793581605,0.02451381434273301,1.3935693625554784e-05,2.9349858241575318e-05,1.3634602515890842e-06,3.242747847455833e-07,0.01043466266280118,0.0001883205585847984,0.0018012989608142285,0.53584675676946,0.32853564915850114,0.000575995765425362
63,1.8126466882455722e-06,4.454685784769183e-09,6.248326287306147e-05,0.0050145115011909725,1.4479704532565417e-06,0.00746433265217103,8.923328423561797e-05,1.439009261599414e-06,0.0003715168903870722,0.0062687462151854,0.0002466934045914286,1.0007568873700669e-10,6.72234311610284e-08,0.08050589215049214,0.025113565297984936,1.395080332812962e-05,3.036100285385019e-05,1.3780757527104179e-06,3.3366657771588193e-07,0.010278875575235547,0.0001879446894432414,0.0018558884734125036,0.5329268195851634,0.3289597179143947,0.0006029841501305687
64,1.8136872066225318e-06,4.383258961468116e-09,6.699954288354452e-05,0.0052085887528512875,1.5839662028720778e-06,0.007297706706376107,8.742597491952981e-05,1.5298444091470877e-06,0.0003223675013059686,0.006440010225974696,0.0002543307766318883,1.0708487943133063e-10,6.575196221634164e-08,0.07730161342265042,0.026485388725778762,1.426350541032036e-05,2.8831887176158084e-05,1.3516451494887898e-06,3.786501575748817e-07,0.010969706523988744,0.00024159291763124757,0.0018693648130774572,0.5574090993803061,0.305412385300323,0.0005835960072830185
65,1.6037889343767135e-06,4.082524320653511e-09,6.725929759967522e-05,0.005220564612353472,1.4218503651701407e-06,0.008212836171045608,8.697437056443765e-05,1.4759897599155202e-06,0.0003248526296894783,0.005991532107229537,0.0002475311564383497,9.135369968918739e-11,6.454848365420958e-08,0.07663895239409756,0.028555613233440604,1.4308976574481166e-05,2.959994813815775e-05,1.174160087477032e-06,3.4037876502970767e-07,0.010322173562743843,0.00019970450359117656,0.0018291945384489457,0.5438072965664178,0.31792245704075284,0.0005230640006003949
66,2.188574293679313e-06,4.031008804399409e-09,8.688517634761616e-05,0.006424806043995587,2.17470210812162e-06,0.004861082204551455,6.877597671389473e-05,1.1137180645961995e-06,0.00027875786564574386,0.010783722935924908,0.00034776533572171723,1.1721401357450256e-10,6.491994035726143e-08,0.10760466307465427,0.01993215143683598,1.660249323249175e-05,2.2410518046672882e-05,2.2630164759249036e-06,2.982558114165129e-07,0.01077740393074627,0.0002862131491256636,0.0016810095429678365,0.3857209711401992,0.45054996972529715,0.0005487021150765495
67,2.9351098977119607e-06,6.144757539680245e-09,8.209310764246913e-05,0.006343601652829509,2.4908306358899303e-06,0.005593395939015726,0.00010322900907224976,2.073591343430764e-06,0.0006958504864931007,0.008540219936093201,0.0002802508108762146,9.140514159622858e-11,6.590990333094789e-08,0.06670062278081211,0.029013208205745253,1.8000454376748565e-05,2.6971588189880685e-05,1.4594695551087014e-06,4.1483000077664887e-07,0.008247411341272028,0.00019122067475020214,0.0018587972908397149,0.4580840832083276,0.41355663222989014,0.0006549653062748574
68,1.971523824191565e-06,5.104359372374958e-09,6.292438469016976e-05,0.0048343511159538695,1.598105043635107e-06,0.00764784116681287,9.685703187371386e-05,1.4474633362142749e-06,0.00040892890448159344,0.007169294811649491,0.00025959130724684596,7.978313423042721e-11,5.610965911097083e-08,0.074836372386383,0.03360703405022753,1.4318812375739306e-05,2.8170983102086585e-05,1.0310289722046392e-06,3.8431678755484706e-07,0.008629988683183156,0.00018228941348387374,0.0020575924219863313,0.4802335720512734,0.37932212280467653,0.0006022559388342958
69,1.683469113819548e-06,3.898004039919932e-09,6.185635677259993e-05,0.0048715803830563075,1.3156634123857666e-06,0.007527713428222144,8.3431491781394e-05,1.40435343795097e-06,0.0003236994890812477,0.005980705072284121,0.00024166255099203012,9.813829105388032e-11,6.587615710041738e-08,0.0783803993610378,0.02421257885187725,1.3406682750302227e-05,2.9592246340580662e-05,1.3289103247120354e-06,3.380726155678399e-07,0.010964321627307512,0.0001951810627530396,0.001843409235342801,0.544416217926032,0.3202958063224451,0.0005522975707198292
70,2.32887128157449e-06,5.185292337185171e-09,6.166433312117245e-05,0.004191202250302627,1.588577447331323e-06,0.006226846151013584,8.837353728078432e-05,1.2990771311700403e-06,0.0003632517411949118,0.006663458852762798,0.00029045118749545867,1.0237251454906172e-10,5.7829991628979267e-08,0.07902291535188852,0.029243979788043065,1.1389480417464398e-05,2.7644776769825397e-05,1.356214550748031e-06,4.3107646252390623e-07,0.009064400480180283,0.00021533827930285838,0.00229282730980659,0.5182306403839504,0.34323067882802805,0.0007678703339117075
71,2.4207042356404867e-06,4.165899313398492e-09,3.818852199239462e-05,0.005218976487577673,1.770971385813863e-06,0.003961140996114288,9.588843800730245e-05,1.5071503792953532e-06,0.0004794978867810282,0.006218054391107501,0.0002095680557068662,1.1204526439366231e-10,6.540035975789716e-08,0.07313660346428137,0.015016218533392191,1.5632941743252264e-05,2.4184393245517263e-05,2.1080903528620614e-06,2.710218365353696e-07,0.009560946880956277,0.00017737579948938153,0.001296854944652597,0.5760541403480113,0.307664040124815,0.000824540175631358
72,1.7340821135911168e-06,3.3207195882037394e-09,7.17154289300577e-05,0.009071363260567466,1.6392662437506755e-06,0.011712278326441776,9.931691748689665e-05,1.8747053850320384e-06,0.0004999790549709599,0.008405511831008391,0.0001878771333888319,6.467945557732202e-11,7.580032554960988e-08,0.04660455404485226,0.021577460517810003,3.534241923086195e-05,2.3238990763905976e-05,1.3571926741401003e-06,1.9954517561952673e-07,0.012760907776997347,0.00013934278817106399,0.0006381048106290324,0.3893837314975976,0.4985005844941601,0.00028180672967657633
