,0,1,2,3,4,5,6,7,8,9,10,11,12,13,14,15,16,17,18,19,20,21,22,23,24
0,0.052675852454615354,0.015519139483530047,0.07532375914186837,0.016105607063142537,0.3442880253563937,0.0006781992305860569,0.0006253841895447945,0.00010300113683537314,0.22844521021336542,0.0036996297768419895,0.13163974068765474,2.7322073223947004e-06,9.74801782539253e-05,0.011169680521308538,0.08767586922427512,9.02668297353716e-05,0.00030708199366059885,2.498754318093981e-05,0.0010994952517759979,7.84547405413614e-06,0.0010113237571168468,0.003185772578578917,0.0009519506157258123,0.0240527788245194,0.0012191862661136504
1,0.04899489721156532,0.016369429808788184,0.09059084054039415,0.017274184919165953,0.3184527490976434,0.001141656367428474,0.0007616590508960151,0.00011011302546301166,0.1611087452829625,0.004000369046471274,0.16136385638070844,4.044368441653031e-06,0.0001133197100393316,0.015834968895566955,0.12580222109023248,9.474714107223136e-05,0.00035327240591946944,3.168558721475941e-05,0.0014286113580980967,1.3095256724829521e-05,0.0018614874707478311,0.0044675679130859024,0.0014482736504794619,0.026874610551154803,0.0015035938697354363
2,0.0440395332812038,0.010628621717261595,0.06585396205546179,0.010471553130306685,0.3345840832374506,0.0007592163582980944,0.0006994225643353609,0.00012076970646053121,0.2902102604409251,0.005615435299397318,0.08008862008575078,1.5987938962667763e-06,6.308208263091542e-05,0.00986493507866442,0.11018223755686365,9.56959565812719e-05,0.0001740473238133986,1.8509143915600877e-05,0.00161280453983912,1.8299835350732314e-05,0.000950531057559936,0.0042676817167871224,0.0012005851154611846,0.026910078106802533,0.001568435814982112
3,0.0511031335009407,0.015022671985947273,0.07918156625000193,0.015184254876526039,0.32785398345051836,0.001061473415390152,0.0007302499008812869,0.00012134863846470654,0.23557294731171113,0.004873844748380425,0.12199941939068464,2.8869064120927016e-06,0.00010553221395074193,0.01078729185474607,0.101221492355195,0.0001282913436462839,0.0002965669349456583,2.436935598631859e-05,0.0015869561637279353,1.2631025842499573e-05,0.001230853341424585,0.003470342083320501,0.0011163762278771493,0.0261231475630022,0.0011883691604762674
4,0.04537578988919389,0.016916607592874812,0.07455212992497093,0.015816996593887096,0.34990946036117543,0.0010346415975930408,0.0007243532553278482,0.00011354142587304626,0.2225002116266605,0.004293135792091071,0.1394573810492718,3.7891824470796453e-06,0.0001417182835139512,0.012599489400177325,0.08532095398968062,0.00012552811559201856,0.00032886909190887485,2.6913341287752787e-05,0.0015166745625875616,1.1995054783269498e-05,0.0012185441526366525,0.003400722467055855,0.0011272668705009361,0.02231966317699259,0.0011636232019158496
5,0.0649796375097983,0.011283921809175151,0.08287428159706076,0.02096972036216531,0.30052303084865856,0.0009374493056988768,0.0007530334844922412,0.00012804733455704952,0.24691156591399635,0.006260857083642091,0.12174371823620136,3.036356698155775e-06,0.00010256892765081945,0.013092161768554466,0.08174230747166816,0.00014337520298456915,0.000359625481099934,4.365718166964926e-05,0.0012058744255073425,1.6883163434976023e-05,0.0012749301619052564,0.003413373023504399,0.001278856012780267,0.03845667034899174,0.0015014169881040944
6,0.0511031335009407,0.015022671985947273,0.07918156625000193,0.015184254876526039,0.32785398345051836,0.001061473415390152,0.0007302499008812869,0.00012134863846470654,0.23557294731171113,0.004873844748380425,0.12199941939068464,2.8869064120927016e-06,0.00010553221395074193,0.01078729185474607,0.101221492355195,0.0001282913436462839,0.0002965669349456583,2.436935598631859e-05,0.0015869561637279353,1.2631025842499573e-05,0.001230853341424585,0.003470342083320501,0.0011163762278771493,0.0261231475630022,0.0011883691604762674
7,0.07054060255289592,0.02060528911119064,0.15228572474107105,0.014699257320456646,0.3114563969990041,0.0008252424095583953,0.000621202013004976,0.0001805736175188815,0.15231467728362913,0.0032222832219593054,0.1599693986749237,3.219700322788243e-06,0.00023073489848791118,0.006110806954410678,0.07900491565966417,9.349852108060369e-05,0.0002839312735702032,1.966198974963055e-05,0.002369030768366662,8.216078769106032e-06,0.0010685085916876634,0.0027697763931298783,0.0005403592038891205,0.020290133213501784,0.00048655880815703245
8,0.051891744573097746,0.0163965936044981,0.08066538377996439,0.015190433928124754,0.3374298294151489,0.0011660424319715804,0.0007648298456507894,0.00013210687981459913,0.22664271916227124,0.004669797470634834,0.125656043269086,3.4243906954617854e-06,0.00012403437522229347,0.01063363462540582,0.09685508851764094,0.0001406772384811251,0.00032222109371799135,2.536053052849802e-05,0.0018030037929491803,1.2872887841726489e-05,0.0013041737231290222,0.0034631138150805325,0.0011233508721742677,0.02247142308532457,0.0011120966915455436
9,0.04915087245943131,0.022066823175570422,0.061786475635097995,0.012221172655568276,0.37736679487242647,0.0011928206988383355,0.0010048283223421139,0.00011838847285599429,0.21801002588198373,0.0037583709293888506,0.12238484548419346,4.589915905748123e-06,0.00013377017249227729,0.010461530783394193,0.09615807710407007,0.0001417324258504936,0.0003057878616133037,2.661441388952395e-05,0.001969130166292167,1.057342821990319e-05,0.0013338851000110371,0.003300146248349469,0.0010889063512309592,0.014630535681344533,0.0013733017596393841
10,0.0511031335009407,0.015022671985947273,0.07918156625000193,0.015184254876526039,0.32785398345051836,0.001061473415390152,0.0007302499008812869,0.00012134863846470654,0.23557294731171113,0.004873844748380425,0.12199941939068464,2.8869064120927016e-06,0.00010553221395074193,0.01078729185474607,0.101221492355195,0.0001282913436462839,0.0002965669349456583,2.436935598631859e-05,0.0015869561637279353,1.2631025842499573e-05,0.001230853341424585,0.003470342083320501,0.0011163762278771493,0.0261231475630022,0.0011883691604762674
11,0.05078207203513799,0.016047896808542125,0.08079836001065083,0.015828832963032877,0.3301514008316157,0.0010967787845685187,0.0007540701638549166,0.00013300462037182302,0.2334535817721354,0.004651262555547636,0.12659225417572498,3.281924720202777e-06,0.00012796952713090684,0.010830025346942313,0.09541555891649915,0.00013559927840406998,0.0003253806192462492,2.512480787641495e-05,0.0016869069858283653,1.2661357471794173e-05,0.0012156191801396179,0.0034546434133247298,0.0011096891063984268,0.02425374264814191,0.0011142821666931734
12,0.02447205633249292,0.01553004697470645,0.037593945865495464,0.008515966332393534,0.6146374620042422,0.0008253914151070646,0.0004363573074998565,2.2734410016859948e-05,0.13300682309684753,0.0019957345371606045,0.080606385216011,3.5138091336509322e-06,5.276096073351204e-05,0.018876364962415897,0.04566210758638864,5.84917702254001e-05,0.00012188442631755953,3.473980798935953e-05,0.000565401205575613,1.0516444353386173e-05,0.0008543783795287294,0.0011604732093161109,0.0012092080724715095,0.011367286104867345,0.0023799697687099486
13,0.06244579655951014,0.01454218240707777,0.08398066629443832,0.013596569475537277,0.2998097767431676,0.001289330081619226,0.0009255515563664794,0.00015723607917151943,0.30770407438797565,0.007486349050880998,0.06729601542254247,2.4567331075937663e-06,7.886194364492743e-05,0.009609221366096302,0.09388134358021541,0.00015403717521927327,0.0002990476605605065,2.9045000867028533e-05,0.0018132770229075657,1.850550287656138e-05,0.0011796869676467309,0.004141240257648098,0.001007560311396895,0.026915736057066802,0.0016364323624586611
14,0.04479003221714992,0.04474912264018474,0.058539150473870954,0.0054664947612491094,0.47827119761973136,0.0018126901680311366,0.0005649285883496798,5.795951876750792e-05,0.08069732302115855,0.0021488461603177433,0.19180933565319755,8.315423855481757e-06,0.0002285349974479045,0.008510971064944962,0.06636239112340399,0.0001335849618042748,0.00016946249990365395,1.5931071082610068e-05,0.004645545076645668,6.5791188922349065e-06,0.0015343296449401198,0.0017055058100536877,0.0006218640308127239,0.006616252764704287,0.0005336515895001797
15,0.0511031335009407,0.015022671985947273,0.07918156625000193,0.015184254876526039,0.32785398345051836,0.001061473415390152,0.0007302499008812869,0.00012134863846470654,0.23557294731171113,0.004873844748380425,0.12199941939068464,2.8869064120927016e-06,0.00010553221395074193,0.01078729185474607,0.101221492355195,0.0001282913436462839,0.0002965669349456583,2.436935598631859e-05,0.0015869561637279353,1.2631025842499573e-05,0.001230853341424585,0.003470342083320501,0.0011163762278771493,0.0261231475630022,0.0011883691604762674
16,0.06310812887540262,0.014532546981892722,0.07012515054757866,0.02153139169049318,0.33254181113013115,0.001151819380620675,0.0010584376601150346,0.00010649303361375529,0.17890971445451992,0.009753322166404378,0.14795782882816333,6.453552783241111e-06,0.00010142641162133007,0.021739955390115993,0.09168685688439428,0.00017977711780342212,0.0004149240682054948,7.658515986601925e-05,0.0013758784037882716,2.0683608033053453e-05,0.0033892432545671288,0.005119560396678792,0.0015088579736424264,0.03107078629255981,0.0025323667370054453
17,0.07913756251310121,0.01950736877482009,0.07712645538634477,0.01724715800702532,0.3569915547531084,0.0008038640967183855,0.0008610124329144959,0.0001636356171672201,0.18795992524460928,0.004409764340720075,0.1448800827990047,9.426422564055603e-06,0.00020283175582906987,0.020476138711664177,0.05764150858858646,0.00012001104204040002,0.0005490724364874875,8.348806208375458e-05,0.0018921437913650837,1.91749868201937e-05,0.002042383504556637,0.00539523882515854,0.0018257137143087875,0.018244923095008754,0.002409561097992722
18,0.07041488036978993,0.021036338694523163,0.046117503661747584,0.012291206251435895,0.23754273379989088,0.001102133178478479,0.001076785870736758,0.00010834707027036082,0.34111679100028913,0.007583393307243315,0.11501411587440563,6.819459490934083e-06,0.00011514415576169892,0.025075733710894617,0.07605547913793327,0.00012837576641257716,0.0006889599574244978,7.730782824300703e-05,0.0014214081486962314,2.0077156284773484e-05,0.0015233515905870576,0.007925316055699393,0.002024098034303811,0.02666724255682959,0.0048664573626273425
19,0.04269469891860052,0.015475891907603592,0.09095804389333134,0.016970935465838374,0.39366219457469004,0.0008137767174636705,0.0007470054977473912,0.00014750664952423837,0.20139334126132175,0.003680350086518217,0.11577608180387729,3.490912394604127e-06,0.00014507284281401375,0.009983466162705946,0.08102632385081461,0.00011303367207938294,0.0002750394634887713,2.3482368389635796e-05,0.0015842264454682142,1.0978557446328781e-05,0.0010964469959238172,0.0033239601479286046,0.0008130594867041702,0.018412528007474314,0.0008690643098510738
20,0.03016612539638854,0.011773969632362916,0.07832947483027965,0.0144949442326957,0.26640260805368565,0.0009374318666258488,0.0008622600501910017,0.00015320755129935815,0.17926575316620855,0.004075507851349333,0.13327734142575506,1.8231435369786694e-06,7.664099258996188e-05,0.008462359196128828,0.23486448384261566,9.502177375596297e-05,0.0002130857400423727,1.0747774065446903e-05,0.0016884439755055695,1.0746688747624182e-05,0.0016749839446683712,0.005306337794936567,0.001214090078768093,0.025727365105462627,0.0009152458923342569
21,0.06029534835949643,0.016046520890196796,0.0679412506039286,0.013747203945859625,0.4037097529186042,0.0007899715081088352,0.0004943402579686916,7.397335043104822e-05,0.17827243502968076,0.005875993835676617,0.1415636495119829,4.046818224468281e-06,9.30597199442252e-05,0.012731886492575666,0.06420011101302257,0.00012067817801083732,0.00023257605950563633,3.531947844139156e-05,0.001444252935312607,1.1847822020278122e-05,0.0016896852311576204,0.002705085722655771,0.0009148073329308903,0.025765826892532703,0.001240376091730755
22,0.06737348953262934,0.011610416367834962,0.10894816910382746,0.02348841537650243,0.25720862638010195,0.0010644178631141318,0.0006085325091899828,0.00013732608818945008,0.194493925343978,0.007341379962766629,0.1676460291152571,3.537777774274694e-06,0.00011477425471698291,0.01288232107796476,0.09575865364893081,0.0001520123013758295,0.0004839430424785188,3.8629087671265e-05,0.0014279727897697427,1.4809149101742066e-05,0.0018027836162786747,0.004253041365665783,0.0011096286753467148,0.04102048165219156,0.001016683917342029
23,0.0511031335009407,0.015022671985947273,0.07918156625000193,0.015184254876526039,0.32785398345051836,0.001061473415390152,0.0007302499008812869,0.00012134863846470654,0.23557294731171113,0.004873844748380425,0.12199941939068464,2.8869064120927016e-06,0.00010553221395074193,0.01078729185474607,0.101221492355195,0.0001282913436462839,0.0002965669349456583,2.436935598631859e-05,0.0015869561637279353,1.2631025842499573e-05,0.001230853341424585,0.003470342083320501,0.0011163762278771493,0.0261231475630022,0.0011883691604762674
24,0.0356136109388189,0.012717237131990737,0.06045703251749362,0.018689433388379105,0.45369571560934274,0.0007822617358596494,0.0005855367341503796,9.369965988763383e-05,0.19048082402644678,0.0034231276761037357,0.12552729033410226,3.6724124877756288e-06,0.00013601451540423318,0.013756777689427228,0.05891474362811515,0.0001385929646626439,0.0002514281460005667,2.8509045232273084e-05,0.001101269830089506,1.0690838862100142e-05,0.0009696972041049324,0.0021721787143764173,0.00107441813633202,0.01841257042415223,0.0009636666981774376
25,0.06446577785205362,0.009925377058667554,0.09795641843224927,0.024935693298144854,0.32375333542333,0.0006032910530380571,0.0008384645524889622,0.00025925538368443813,0.16304804957571004,0.004253948018933215,0.17103398561012795,3.0418364379603894e-06,0.00017419115940372923,0.007939332521376333,0.09844916074513968,0.00015474692189182168,0.0003044521533495668,2.8237020886191347e-05,0.001997648678044636,1.2229339264924513e-05,0.0015844859813675604,0.0033176388518188333,0.0011218928129965527,0.023167720746014604,0.0006716249735796065
26,0.0630522478071662,0.010430664025746852,0.05910076902520913,0.013909991076383518,0.23317046097545016,0.0007473608808596823,0.00040009544636045716,9.607386439427167e-05,0.38301894834727956,0.003112158031830282,0.09599659648316633,1.173405468326442e-06,6.306899083733343e-05,0.0059371432834831265,0.07739875396118986,8.722019294276487e-05,0.0002644753265604106,1.5400750300051216e-05,0.0008415520734564304,9.119250988365528e-06,0.0005288423058762173,0.0017620646930736055,0.0012809871635924006,0.047824292811206044,0.0009505398271784623
27,0.0344931131091036,0.012141122023028555,0.054333316436558664,0.010985566236457139,0.26069309251104966,0.00093136294672534,0.0007779276410958165,0.00010196826164724461,0.3389320571921457,0.005534143546316681,0.09377717523847028,1.634811414347128e-06,6.444646463161126e-05,0.010084919686075396,0.13625417298219403,0.00010399552236799219,0.00023777188441535024,1.4472771571549458e-05,0.0012562140542548585,1.3041957491713826e-05,0.0008553575959507811,0.00473411595264561,0.0011305422599493318,0.03109453990156277,0.0014539290128759727
28,0.0511031335009407,0.015022671985947273,0.07918156625000193,0.015184254876526039,0.32785398345051836,0.001061473415390152,0.0007302499008812869,0.00012134863846470654,0.23557294731171113,0.004873844748380425,0.12199941939068464,2.8869064120927016e-06,0.00010553221395074193,0.01078729185474607,0.101221492355195,0.0001282913436462839,0.0002965669349456583,2.436935598631859e-05,0.0015869561637279353,1.2631025842499573e-05,0.001230853341424585,0.003470342083320501,0.0011163762278771493,0.0261231475630022,0.0011883691604762674
29,0.0511031335009407,0.015022671985947273,0.07918156625000193,0.015184254876526039,0.32785398345051836,0.001061473415390152,0.0007302499008812869,0.00012134863846470654,0.23557294731171113,0.004873844748380425,0.12199941939068464,2.8869064120927016e-06,0.00010553221395074193,0.01078729185474607,0.101221492355195,0.0001282913436462839,0.0002965669349456583,2.436935598631859e-05,0.0015869561637279353,1.2631025842499573e-05,0.001230853341424585,0.003470342083320501,0.0011163762278771493,0.0261231475630022,0.0011883691604762674
30,0.0511031335009407,0.015022671985947273,0.07918156625000193,0.015184254876526039,0.32785398345051836,0.001061473415390152,0.0007302499008812869,0.00012134863846470654,0.23557294731171113,0.004873844748380425,0.12199941939068464,2.8869064120927016e-06,0.00010553221395074193,0.01078729185474607,0.101221492355195,0.0001282913436462839,0.0002965669349456583,2.436935598631859e-05,0.0015869561637279353,1.2631025842499573e-05,0.001230853341424585,0.003470342083320501,0.0011163762278771493,0.0261231475630022,0.0011883691604762674
31,0.08055008632696271,0.015949626428012176,0.11115105284685736,0.015319265226070976,0.3394763553660913,0.0008511330293452237,0.0007158705757440866,0.00019187374399388555,0.20831371463582224,0.004583756940099508,0.1048268520537275,3.4940929677554676e-06,0.00013620711477269282,0.00877197024717251,0.07704925043725595,0.00012028632037831353,0.00031469777308220856,3.4144671712861925e-05,0.0021984439028507707,1.4636925206308158e-05,0.0013204067302446333,0.003504003325756906,0.0010140085597764139,0.022408140712519606,0.001180722013575979
32,0.05157099224184125,0.015646206310232145,0.08149231874857765,0.013507305974738518,0.3386521448941785,0.0010834306946652724,0.0007450144019259599,0.0001310542791161624,0.22187521301031315,0.004748220644069887,0.12052895672970797,3.0679467572299372e-06,0.000109851099746919,0.01041341010766724,0.1061703163948447,0.00012920513176572625,0.00027994640647311867,2.3257157949969264e-05,0.0019773749202177367,1.3624166688318552e-05,0.0012805127900902562,0.003777866261010634,0.0011287691066280078,0.023532412166451053,0.0011795284143426754
33,0.07568260228887537,0.023206792869595518,0.0871920961872816,0.021845735507019626,0.2324202990119236,0.0014694172928485236,0.0013455709179779226,0.00030311380742424523,0.29669491675865695,0.007274275823051131,0.15317636633090428,1.3570655167693268e-05,0.0005851074889265263,0.02128535708467181,0.04453012168290559,0.00030311363499282675,0.0015027500933666115,8.633126258487557e-05,0.0025846259999648957,1.9814000664163315e-05,0.0010162227747845972,0.008348696515727831,0.000992729247078473,0.016933323722385357,0.0011870490412199655
34,0.07748682382037679,0.018097344147668355,0.07222770879874718,0.0072390596838389385,0.3381253974363486,0.00048816468643605505,0.0004237366875853525,0.00010296835011804941,0.23774214254372297,0.0031322931485322776,0.12804217358931036,2.0125752153451685e-06,9.544971949808192e-05,0.006329993974912231,0.07880055027015191,6.19009445263983e-05,0.00016031576206899356,1.4567083839596335e-05,0.002548274610439551,7.902945665161682e-06,0.0007957755742274661,0.0029766199393945134,0.0008272965451340909,0.023261827298974684,0.0010096998632669822
35,0.07222631209275246,0.015949409584383394,0.08131925782922539,0.015121594822653236,0.302581646694067,0.0009103284768838956,0.0007598479461476146,0.00015545313396369902,0.2682061346706529,0.005429098121573137,0.11123439166839692,3.237844849474106e-06,0.00011804582953319299,0.009489131957508732,0.0814608169254768,0.00013588237952805304,0.0003473185084369322,3.147363899131843e-05,0.0017799376313172536,1.286134625272734e-05,0.0011697939798376493,0.0036256002308246793,0.0010031714693899932,0.025679358285087828,0.001249894932265782
36,0.04368650110285108,0.016190516742654662,0.04112969993807592,0.016848343363999915,0.14659318706481933,0.0016408547363559057,0.0014537344268023803,0.0004061507561990579,0.538824130738123,0.005486033869164109,0.07451687475955542,6.571129407638293e-06,0.0002697096059258856,0.011989658478362489,0.07256345417141855,0.00034975175514052095,0.0015290514033692538,3.342109212033814e-05,0.0019111763646702253,1.6221116443825003e-05,0.0006416571527083519,0.008573557543827057,0.0014573032259086766,0.012683396170060644,0.0011990432920357408
37,0.0787185608266984,0.011569414455584388,0.10098097352242104,0.01893876674848044,0.2873040085536096,0.0007463817412532891,0.0005892761196848159,0.00011409603131863672,0.20309300916317444,0.005269674930559747,0.14437986553486157,2.5452624789964217e-06,9.744567512522203e-05,0.01049838603531565,0.08519557877090168,0.00011005317263484365,0.00030568502810883225,3.5724612256111124e-05,0.0013172657519010971,1.228153814764653e-05,0.0011691494535269764,0.0029565617752573825,0.0010024666349139166,0.044438206582399685,0.0011546220793856182
38,0.04888590590848311,0.016149563034681187,0.08918890649181874,0.01638581908451872,0.288848948383615,0.0027280075985964,0.001309750156251016,0.00020512030933583157,0.16661343832808082,0.005087008189592052,0.14766168718108763,3.965391744172053e-06,0.00016951724698937963,0.008853203069364893,0.17515424748384187,0.00031721696584860064,0.00037756858014726524,2.1576266567458294e-05,0.0034596725712981668,1.808574158115812e-05,0.001986668000343437,0.003567074234484992,0.001630806113292897,0.02053130159049096,0.0008449420779442006
39,0.051943218834309746,0.014743699780489389,0.08121817811536658,0.017170105979660635,0.3228069125630328,0.001230670032683901,0.0009124446777543628,0.00016734530037222837,0.2326062918882461,0.005013846057450649,0.11392129447462827,3.244657089309746e-06,0.00011790489915088592,0.010474181267262656,0.1139069871454052,0.00015615453329015862,0.00034230599209845346,2.639116843750625e-05,0.0018649605075421495,1.5087042985138304e-05,0.0015311956880413018,0.003899014960931793,0.0013957097901781427,0.02321787127765545,0.0013149833659372536
40,0.03123547342374151,0.020752491750890677,0.11474937230169847,0.00728256151644305,0.4569462135736113,0.0010436065145430573,0.00044678565841642294,5.951594187255481e-05,0.11970973086178355,0.0030088881435087894,0.1031742708475829,3.258978313928873e-06,7.875068609840467e-05,0.011493238404496866,0.10602746160258567,5.708985887642797e-05,0.0001473819823491717,1.5341221426980858e-05,0.0018840911696092256,1.049723701028081e-05,0.0011460792246007188,0.00365654242356159,0.0005896707440233432,0.015491035746825295,0.0009906501861298579
41,0.12403723118441175,0.003844476234146372,0.08414562704460511,0.010568534079219049,0.08077355379034308,0.000577957118786192,0.0016320520188988173,0.00020115628823001223,0.023569890444815434,0.00822815083526399,0.3103206055214887,1.3638488676037499e-05,9.821398662279153e-05,0.02613713560512224,0.22458878380960193,0.00011371288854884237,0.0005071725861170989,0.00021981024078135514,0.007300185364816298,6.600156950726342e-05,0.012145873527438435,0.033466985085198415,0.0041120557522048625,0.03849476055723542,0.0048364359779203125
42,0.0432911783425376,0.011359401240944427,0.030315643957954375,0.01981253469408138,0.3547504127210617,0.0009912633273050767,0.000511709422313752,1.7232076370523736e-05,0.26292723065218765,0.0030219931327722114,0.14744767832484101,1.6823874880426353e-06,5.234772967580796e-05,0.019341054724174436,0.050735525517224905,9.752511540779398e-05,0.00021997634112018576,4.818372912487165e-05,0.00021332144265259797,6.544043004740552e-06,0.0004927837332806464,0.0005887123566063335,0.001559278437826725,0.049774822914952305,0.0024219636350910558
43,0.038840554011485354,0.008697537088776476,0.0672586879817557,0.012823498096045523,0.25038664421408924,0.0011616348685216233,0.0006324530214470521,0.00012195007928434203,0.36826396919830867,0.013683284824703485,0.07132984601683962,1.1711645577040391e-06,5.0777891910581224e-05,0.009796016449481462,0.10677649317134273,0.00014499904204341097,0.0002170491430904562,1.5720307490824166e-05,0.0014561790316500645,2.352254241984346e-05,0.0012028543151320816,0.005178178098000178,0.0009930662472487806,0.03975681286968344,0.001187100324691241
44,0.0511031335009407,0.015022671985947273,0.07918156625000193,0.015184254876526039,0.32785398345051836,0.001061473415390152,0.0007302499008812869,0.00012134863846470654,0.23557294731171113,0.004873844748380425,0.12199941939068464,2.8869064120927016e-06,0.00010553221395074193,0.01078729185474607,0.101221492355195,0.0001282913436462839,0.0002965669349456583,2.436935598631859e-05,0.0015869561637279353,1.2631025842499573e-05,0.001230853341424585,0.003470342083320501,0.0011163762278771493,0.0261231475630022,0.0011883691604762674
45,0.03581471281677636,0.009511498177452483,0.09485592634184316,0.018446406682042737,0.2520639838031053,0.0014158055502138179,0.001219501954772404,0.00027551926964712755,0.2168885946081384,0.004601288025395506,0.09667596660044317,1.3908936291337094e-06,0.00010035936435806487,0.00519608470579573,0.2293993554509183,0.0002097040503003566,0.00023394273884968966,1.0248979934547785e-05,0.0021594615757709215,1.2998114132619954e-05,0.0010684168034388603,0.0033680052437925507,0.0009771443085956988,0.02494015791617394,0.0005535260244790226
46,0.08252723553073851,0.01326633911591294,0.1023601109859109,0.0476918018269151,0.11684000018371277,0.002728742717145234,0.0007095533109802199,0.00034920877244615613,0.2778699594194105,0.005864224077343805,0.18692422502766287,6.348043259076928e-06,0.00027514064656387297,0.010438065130340075,0.09054256566340227,0.0003494683818889737,0.00235789040125309,4.49381758492009e-05,0.0013519544008956782,1.488508771696675e-05,0.0017254596037137309,0.0043637842404309875,0.0020117654640102664,0.04876336049205805,0.0006229733004387885
47,0.15595818158294178,0.03484063212705878,0.08070824432526912,0.005955975518259088,0.19496850428339585,0.0008791811769109186,0.0010644869451770702,0.00030196149389290114,0.3168020243558343,0.007903705029168902,0.08187696047985943,8.25973225421378e-06,0.00016790011033694573,0.007042369908818282,0.07314557926960573,0.0001260598007837167,0.0005851413379414814,4.547673440429913e-05,0.0059131835137701295,1.7087609396910122e-05,0.0014828179859080661,0.01176932694895681,0.0006721060820880641,0.01575698858745559,0.0020078450605117296
48,0.09481040494976234,0.03596876555162049,0.1147553451653486,0.017127287202426813,0.16780404758320355,0.003725929023175487,0.0014743428522802826,0.0006617484446664765,0.286501991674336,0.0035502740644984526,0.11989215008527539,6.657202054664979e-06,0.0004589026210186549,0.00485923560497349,0.12063325622911773,0.0003233466961144576,0.0012722045012628972,1.9489593664677214e-05,0.00629075129897387,1.2058416637132598e-05,0.0013423307317850602,0.0042570221290629635,0.001222207457223127,0.012518138532032598,0.0005121123894847605
49,0.0416474612535862,0.019240605567572646,0.13041525901766227,0.013674376579187313,0.3311580094766887,0.0016124350465784236,0.0007002390559317091,0.00011442312513796745,0.17628715437258177,0.005517157572948454,0.12036249098266175,4.916071282057371e-06,0.00012612766977385402,0.01465577504878029,0.10861659295823595,0.00010919378330448885,0.00037309306577008855,2.869081400432885e-05,0.00196913613419322,1.7889400376893868e-05,0.0016605834209534815,0.00583797826201893,0.0008743176077060116,0.023816584122521047,0.0011795095905421415
50,0.06545341405676577,0.011470505197476886,0.048526909851979626,0.007121052676640453,0.28397538010599915,0.00038866136057017484,0.0019142030210298681,0.00018620087752594638,0.3679520189855933,0.012639589191300222,0.051197220070603504,1.425941777370179e-06,5.9938683606370805e-05,0.008841162156969595,0.10486338070164823,0.00010980363282028201,0.00014165943122916095,2.851011602655421e-05,0.0025774612465613448,1.887116162155625e-05,0.0009099346256666937,0.008195482089629646,0.000696054372065196,0.01920351817906904,0.0035276422658239194
51,0.041504208543368754,0.016968186141175047,0.08148070903316243,0.020820246147566578,0.30912873017230535,0.0007139599486138549,0.0005200240349977505,0.00011016011509708363,0.292842486920016,0.004258951743732193,0.11918869652211776,2.097100552273352e-06,0.00011376038593243577,0.008822722417447193,0.07048443221613662,8.706890998076822e-05,0.0003005172563262081,1.5502342846470874e-05,0.0007810379045145875,5.663434427051127e-06,0.0008248059280602534,0.0025497962404777146,0.0005266766084792173,0.0273615741394883,0.0005879857931780095
52,0.03892644434782152,0.02540168051349914,0.06511651813830593,0.009798233122446015,0.3664859973573454,0.0010457087446760517,0.0008414337716038366,0.00013816631858229363,0.24211673713073412,0.0029827624103299557,0.09077475571898809,3.177165112257589e-06,9.908014002739278e-05,0.008800853553486785,0.12444299479987396,8.381022499079483e-05,0.0002512307107611773,1.3479620669760363e-05,0.0021489407813642977,8.74769127600705e-06,0.001413398366886162,0.004151629253393739,0.0011562744440283337,0.012388277429622773,0.0014096682441742184
53,0.026293433758487233,0.008064014259608301,0.02894149502266928,0.016622314520121657,0.252080949612363,0.0009880887990491281,0.0022774541886382412,0.00014774064108801163,0.3487378153902302,0.004414157070494826,0.0875552659899903,1.4965263053617968e-06,7.652554949780548e-05,0.010138655883372334,0.18079119445574104,0.00019921803237938173,0.00022355104796940013,1.988685851250758e-05,0.0009558654973293129,1.5340890336723335e-05,0.0008268628926155887,0.003165465609470141,0.002111582835795466,0.023313980135666067,0.0020376445322686978
54,0.04856902704339248,0.028879689165617967,0.031661679177267726,0.006864450741812586,0.2902847916675325,0.0010444545927442953,0.0011525615260006086,8.924593794507906e-05,0.40984775011093116,0.006194672855056638,0.06503632850662605,4.071627476812322e-06,8.463565942613047e-05,0.012062981601149618,0.0734970320634042,0.00014373237336142244,0.0003089082759370167,2.8212867385075407e-05,0.0015785287912006452,1.0101397856103804e-05,0.0008321595799017703,0.004393460324784903,0.0008555305423383067,0.013859030974932376,0.002716962595918507
55,0.06539371995748475,0.030331872838397656,0.04053872092408737,0.00824903612025915,0.4230758015006602,0.0005270292784645012,0.0007385599355602977,6.471702912366261e-05,0.2743248648869492,0.002776196296885712,0.08645027623527599,7.467068137581767e-06,0.00011121237110549389,0.00957387154522795,0.038788458646144955,8.902343326995659e-05,0.0002546707273147079,4.9374995474786016e-05,0.0011152956793317654,6.7114240223885145e-06,0.0008260893535176819,0.0020012006623966586,0.0006018872313306891,0.011986667416318387,0.002117274443258518
56,0.04929915018334028,0.0160296562161873,0.0786113709770678,0.015067539230438711,0.33500530397710937,0.0010286652419756884,0.0007357771696521034,0.00012152538350782858,0.23502179091718522,0.004538478220808582,0.12680183650760668,3.1738973696090204e-06,0.00012312953147079132,0.010964079517065049,0.09352489263170796,0.00012555881152199048,0.0003041004539788722,2.4938029980599235e-05,0.001582536549518141,1.2238506873751414e-05,0.0011470749208624049,0.003382958669529681,0.0010596487867373227,0.02433942531740174,0.0011451503511025537
57,0.050988311752772776,0.021161293796422224,0.11401419620523795,0.008541267121680917,0.4197732249467497,0.0010330242901273727,0.0006758669530614139,0.00018851697910419668,0.13853847971753214,0.003980614921009443,0.11058083991204062,7.10589434029407e-06,0.00015924407087372817,0.009290567555635057,0.09406341126695072,0.00011975537781880383,0.00027473908194784854,2.3210600719946307e-05,0.005250865047908186,1.723033713926044e-05,0.0020636886653471183,0.006688615330700256,0.0008745808752894291,0.010720077756198829,0.0009712715433916158
58,0.05118333363295357,0.013593862819355047,0.081609422159633,0.015119934614818111,0.29811503362579256,0.0009967367377815067,0.0006724472693470497,0.00011201374525220901,0.24026654593666974,0.004972972349523336,0.12972108841059762,2.413577280270363e-06,9.574441222702968e-05,0.01006504620945005,0.11069729904937377,0.00011972832905816256,0.00027847783843364094,2.1885752248945418e-05,0.0014457419006139963,1.2218630674977791e-05,0.0011183426456683424,0.003423138889530643,0.0010569548579140824,0.034195363025593804,0.0011042535802084934
59,0.048700739701629,0.012283573915559813,0.0882067687335416,0.01555760921376833,0.29611157955522954,0.0009530245276523222,0.0006035115705858807,0.00010351045018314775,0.23310575843082001,0.00521294201930275,0.126945254749517,2.1134633920571895e-06,8.174802275653989e-05,0.01018815451109472,0.11465416338562387,0.00010907252651540974,0.0002617589185534662,2.0943468533376877e-05,0.0013063898004913516,1.2536492585818882e-05,0.001128219525236222,0.0034075531769756956,0.0010259803400726416,0.03893284742038759,0.001084246079992008
60,0.0511031335009407,0.015022671985947273,0.07918156625000193,0.015184254876526039,0.32785398345051836,0.001061473415390152,0.0007302499008812869,0.00012134863846470654,0.23557294731171113,0.004873844748380425,0.12199941939068464,2.8869064120927016e-06,0.00010553221395074193,0.01078729185474607,0.101221492355195,0.0001282913436462839,0.0002965669349456583,2.436935598631859e-05,0.0015869561637279353,1.2631025842499573e-05,0.001230853341424585,0.003470342083320501,0.0011163762278771493,0.0261231475630022,0.0011883691604762674
61,0.05357086779664684,0.012747220777841255,0.09919580668703948,0.016319046608202638,0.30146672834771043,0.001000851559173781,0.0006045188058058547,0.00011618995645178655,0.216596348364466,0.005139712142015746,0.1268039594165036,2.3166363299128325e-06,8.925771584685894e-05,0.009989797951928335,0.11142493158206201,0.00011248022365072306,0.0002769186817157736,2.277857125389787e-05,0.0014289739184824143,1.2854267240264278e-05,0.0012119439591851695,0.0034093259660960863,0.0010037346307954387,0.03642629446985873,0.001027140963697039
62,0.0511031335009407,0.015022671985947273,0.07918156625000193,0.015184254876526039,0.32785398345051836,0.001061473415390152,0.0007302499008812869,0.00012134863846470654,0.23557294731171113,0.004873844748380425,0.12199941939068464,2.8869064120927016e-06,0.00010553221395074193,0.01078729185474607,0.101221492355195,0.0001282913436462839,0.0002965669349456583,2.436935598631859e-05,0.0015869561637279353,1.2631025842499573e-05,0.001230853341424585,0.003470342083320501,0.0011163762278771493,0.0261231475630022,0.0011883691604762674
63,0.05144558963241864,0.01621967064762759,0.07744574791612875,0.014234251752841782,0.3281874575311862,0.0010373917832831826,0.0007222860785367921,0.00011770071671826247,0.2408763271622996,0.004739232540019827,0.12036159233349202,2.9011814797870335e-06,0.00010508456911443261,0.010480457710448829,0.09990022331367522,0.00012124453089033025,0.0002905588772544877,2.3373035272567613e-05,0.0015871404053556027,1.1813451963566037e-05,0.0011899252118154468,0.0034557869658645777,0.001052145384990123,0.02520216244332535,0.0011899348239970695
64,0.04919785501792992,0.015415637874508656,0.08588153845687609,0.015217206788363483,0.350805409696048,0.0010303152757670765,0.0007092714904475961,0.00012547620107843368,0.19593155063877188,0.004689648809736875,0.12374751686856499,2.8978424565165206e-06,9.515323611979664e-05,0.00960019816360076,0.11351264291618056,0.00011389201700154729,0.0002473145417296501,2.1602871607077875e-05,0.0017224251423457121,1.2470638371912177e-05,0.001718385442748261,0.0034165143916296734,0.0011174215957256066,0.0245609197155202,0.0011067343668697428
65,0.00984246468966765,0.00818810133115462,0.15492245358180565,0.014912722964473199,0.17729574379266197,0.001976020253602281,0.00043921188044623025,0.00010302209183224716,0.04880493770798256,0.0014525487964607842,0.10472805440240059,6.540222586680937e-07,4.8017850388000826e-05,0.004015920733788378,0.4496957855402047,5.141773531339985e-05,0.00011938146971563495,2.152319817930338e-06,0.0010640416030917848,5.340710212633651e-06,0.0016706574560312916,0.0020243530174960354,0.0007554156822788459,0.01768283531238324,0.00019874505453153988
66,0.041723079718713474,0.012671516709163628,0.08474201231916775,0.01759140954683761,0.41397897661248617,0.0007841237315558575,0.0004716125099330236,7.333210354631898e-05,0.1642635935241857,0.005550389576140005,0.14378012125388448,3.3106630028407503e-06,9.999569154579686e-05,0.0134854435939659,0.06759848009011107,0.00012354848653001014,0.0002451299387225782,2.898997460490795e-05,0.0010942907955677642,1.0421707134142109e-05,0.001359035063520768,0.002788248250289425,0.0007572863767756661,0.025856519743095552,0.0009191320195196212
67,0.0677956078889692,0.014269365087337543,0.07025864556773315,0.010904894871452716,0.3978799054357537,0.0002945665333309635,0.0005486591079337588,0.00017940935424187789,0.2875743595414967,0.0032933955780302514,0.07054088903447164,1.5572446841745464e-06,8.871512868720395e-05,0.0033455028381370344,0.05477779972604302,9.109937780102685e-05,0.0001369228706919346,1.2890471119729226e-05,0.001706213380938965,4.593370438880726e-06,0.0005805727233082485,0.00195687789934115,0.0003538661795377004,0.012858476999009313,0.0005452137895102512
68,0.040024253853815514,0.015018302322562085,0.05795625350393822,0.01005547649279058,0.32369063219296806,0.000873650637318731,0.0005581064718486563,8.54225189413326e-05,0.26103418190383343,0.004686248251768296,0.10340885843311196,1.5524475403369192e-06,5.3370246995759985e-05,0.008245745611140977,0.13824655682660103,9.489883955377986e-05,0.00019042633271865544,1.0822017081606822e-05,0.001432376605909764,8.222238444298684e-06,0.0009317767586155386,0.00364810792245242,0.0008817121331417366,0.027789788926246433,0.0010732565106608583
69,0.04387008447237944,0.012204830256362865,0.05468834763370819,0.014587168602373763,0.3546800343871885,0.0005540977641517844,0.0006195816987803008,9.252497153508895e-05,0.3213481227776485,0.0042105606640018825,0.07947598424474107,1.490662860214155e-06,6.246913592977974e-05,0.007678160076994271,0.0762393025738773,0.00010478951278386054,0.00019316812257203674,1.7989340668340912e-05,0.0007827429151835054,6.6299397485329595e-06,0.0006211914491163803,0.0021057128151670945,0.0006975993129563493,0.024023339077783024,0.0011340775914878835
70,0.021161901191309077,0.006787767150831932,0.06238384867104238,0.03675140561273969,0.32083767422785736,0.0021163904490851338,0.0006196749010838467,9.710485105953824e-05,0.35044519651749634,0.005772462410970879,0.08145020742611242,2.255019177341356e-06,0.00012038676993825833,0.017321258334569448,0.054152682082914155,0.0003140179717306606,0.0004911583576099347,3.0664630624009253e-05,0.0004853052396923018,2.173633623892668e-05,0.0006407270498215688,0.0016079380335398761,0.001617528131373596,0.03394891384798787,0.0008217947851933336
71,0.0590049377327702,0.014477928902054772,0.05151174260662019,0.013728348067664644,0.3496348742382264,0.00073850559332422,0.0006825259412709116,0.00011639723625979844,0.2716449415046524,0.004642458831495954,0.11679058639303452,3.0393101104419105e-06,0.00010075047788417263,0.009516259469582929,0.07624204875623207,0.0001475554325851359,0.00026589104301570036,2.7457352288025027e-05,0.0014178636255641496,1.0955727925214837e-05,0.0010538577046831164,0.0027364686553062074,0.001136446570994838,0.023120312060729068,0.0012478467657249242
72,0.04592998108790219,0.00975821161025115,0.05682648855972823,0.0376512303704849,0.34232674654830664,0.0018608688936938495,0.0009631112659064441,0.00010391790331802515,0.28019483584814875,0.005001086316048222,0.11234084804587359,1.657362306282645e-06,0.00012203512688837282,0.00547096826681759,0.06151114498336895,0.00039438871724801285,0.00026098496328374066,2.5809494795662e-05,0.0006178526797093554,9.594921246464647e-06,0.0007630372051273895,0.0005109792656445054,0.0008064738202448146,0.036095686179735215,0.0004520605639217591
73,0.08002347401415065,0.012475363637703595,0.06354080866145527,0.01845067143669278,0.21146253597254872,0.0018283864814569101,0.0007552753060993622,0.00015364068039481124,0.3642981412511402,0.006346591458188872,0.11857373762135921,3.7415816084756493e-06,0.0001632207195033966,0.012831092353737953,0.05932897585182933,0.00022009067511533672,0.0006353497972388927,4.95697831722016e-05,0.0016257641611428762,2.8154184736775114e-05,0.0011458423097533193,0.0030407361880257647,0.002503776783480049,0.038940830907257376,0.0015742281822079553
