,0,1,2,3,4,5,6,7,8,9,10,11,12,13,14,15,16,17,18,19,20,21,22,23,24
0,0.15404018122329421,0.0002965335081027862,0.717731657723027,3.631796650500748e-05,3.638467134246032e-06,8.521540398336477e-06,7.522152613580809e-06,0.000614175148018005,3.877814737525248e-06,0.00018359870363575016,0.00026521950791752593,0.00016461646588332475,5.911969157908525e-05,0.0003514245042383111,4.181487026284664e-08,0.0008106447316301101,0.12171324664137419,0.0017346359483255453,5.058003894231938e-07,7.510272454312147e-07,0.0009429672617711863,1.9887904878188643e-06,0.0007573041176852492,0.0001660863330816274,0.0001054231160542896
1,0.14401791548494033,0.0002518562258358113,0.7597837392399693,3.225509472946337e-05,3.2399663996807893e-06,1.4622149212743493e-05,7.823781505625451e-06,0.0007551682615442764,7.705386976106095e-06,0.00031339194217282706,0.0002792495575843552,0.0001339151795761893,5.8341985383993466e-05,0.0005683111954786964,5.548616535805454e-08,0.0008608718098464423,0.08791760482061839,0.0023246077032480854,6.471555788221797e-07,1.0976105907202727e-06,0.0011842665238149467,2.665637813638287e-06,0.0011314704359242493,0.00020439524264979713,0.00014478212244001953
2,0.1237171839999495,0.0002642735750752388,0.7857603303970243,3.185687143993189e-05,3.81958270483856e-06,1.459235524691839e-05,7.45695690522082e-06,0.0008581145757123387,9.738475572809605e-06,0.0003661779265657305,0.0002926267900143733,0.00015047113555733608,5.200470156924605e-05,0.0008330852217021172,7.262112443595276e-08,0.0009061355854249268,0.08180870707015861,0.0021743085239222765,5.76987502166458e-07,1.401430687316544e-06,0.0011450663822900513,2.903153311384068e-06,0.0011813711401092578,0.00021882910181000878,0.00019889543861958828
3,0.14878439292161588,0.00025924539680175786,0.751893196584645,3.267636378891166e-05,3.3086942339662057e-06,1.4622700289373324e-05,7.85864522349749e-06,0.000765095725484378,7.590693076114953e-06,0.0003053816989529015,0.00029155834835213693,0.00013833687639454257,5.8565173418161225e-05,0.0005728905065504285,5.637148530970689e-08,0.0008428961221359299,0.09103393816918647,0.002315211062292409,6.422945694216931e-07,1.0774693880668334e-06,0.0011851120408055069,2.7485678238273874e-06,0.0011356330842355337,0.00020200223308751116,0.00014596225616294914
4,0.14433115383261658,0.0002693497601633282,0.765385135569256,3.1671121794038304e-05,3.2862678305796697e-06,1.2144522098101435e-05,7.816562889310281e-06,0.0007482790419063298,7.572380755384768e-06,0.0002993076447556605,0.0002838225240009172,0.00013486196480850903,6.690528243865199e-05,0.000637817060551648,4.9202877167977894e-08,0.0007424401269663564,0.08208042486089699,0.0023695065839617136,6.18249959093402e-07,1.1376400974503863e-06,0.0012509390878264433,2.8334482830132075e-06,0.0009979638092084966,0.00020038899801997658,0.00013457445603826562
5,0.13879443670294742,0.00024078685000977323,0.7710774049571852,3.89604055632839e-05,3.551288948089208e-06,1.4523677192520113e-05,7.204062350281067e-06,0.0006949511458976198,7.673092045866638e-06,0.00034904443523025756,0.0002591846879196875,0.00010841568169101623,5.9596597738825955e-05,0.0005843181263878723,4.542388809031615e-08,0.0007440728393802756,0.08097054842702099,0.0031312109665233906,6.541019106645567e-07,1.2187209476710518e-06,0.0012382450265253872,2.171165168771377e-06,0.001344104052208813,0.00021581437108143085,0.00011186319423681708
6,0.14878439292161588,0.00025924539680175786,0.751893196584645,3.267636378891166e-05,3.3086942339662057e-06,1.4622700289373324e-05,7.85864522349749e-06,0.000765095725484378,7.590693076114953e-06,0.0003053816989529015,0.00029155834835213693,0.00013833687639454257,5.8565173418161225e-05,0.0005728905065504285,5.637148530970689e-08,0.0008428961221359299,0.09103393816918647,0.002315211062292409,6.422945694216931e-07,1.0774693880668334e-06,0.0011851120408055069,2.7485678238273874e-06,0.0011356330842355337,0.00020200223308751116,0.00014596225616294914
7,0.13333490295888206,0.0002749346429383195,0.7593543105524911,3.487208984856573e-05,3.697916853048052e-06,1.622787347187774e-05,8.002671555388134e-06,0.0007672631540900001,8.663239770446981e-06,0.0003451130092300794,0.0002850071040421259,0.0001454951997378135,5.286399497934512e-05,0.0006560548294320427,6.215695423859319e-08,0.000940485340768181,0.09841070957240285,0.0023599305579453476,6.716536410082062e-07,1.1687043884492813e-06,0.0012398633319903947,2.6932852424363983e-06,0.0013554693936268143,0.00022885702658824903,0.00017267973912982616
8,0.19313824716668673,0.00031623162902931723,0.6799138279320206,4.1461554545250284e-05,3.956329944292976e-06,2.161791925241069e-05,1.717573305180813e-05,0.0014471592300412278,9.2174073793603e-06,0.0003007907501432586,0.0004797614542346426,0.00019905104912082763,8.824006919305784e-05,0.0006261509538361836,7.707276814663602e-08,0.0011110148693884785,0.11483443916936956,0.0037746136414251517,1.3385811047212903e-06,1.2174162187905597e-06,0.002067574419931918,4.869323411290165e-06,0.0012724827255538034,0.00018109350253945277,0.00014839009980961837
9,0.24849320234918676,0.000268493389419211,0.627861500377602,3.866829742152842e-05,4.133093145657953e-06,2.1615049947460033e-05,1.576926008656722e-05,0.0011997762392132213,8.016490386109201e-06,0.0002138968413714848,0.0005275989403431118,0.0002052029991901231,8.143547215658641e-05,0.00047091677881964684,7.430252818934595e-08,0.0008628770851690563,0.11339768302531918,0.00318379392725821,1.0380577579676232e-06,9.266347598501254e-07,0.0016475448405570165,4.6401992321176146e-06,0.0011929262791665373,0.0001651708391165368,0.0001330992308457407
10,0.14878439292161588,0.00025924539680175786,0.751893196584645,3.267636378891166e-05,3.3086942339662057e-06,1.4622700289373324e-05,7.85864522349749e-06,0.000765095725484378,7.590693076114953e-06,0.0003053816989529015,0.00029155834835213693,0.00013833687639454257,5.8565173418161225e-05,0.0005728905065504285,5.637148530970689e-08,0.0008428961221359299,0.09103393816918647,0.002315211062292409,6.422945694216931e-07,1.0774693880668334e-06,0.0011851120408055069,2.7485678238273874e-06,0.0011356330842355337,0.00020200223308751116,0.00014596225616294914
11,0.1517789549105792,0.0002638900867307373,0.7531944330647461,3.2416187156317295e-05,3.3173662706503507e-06,1.3357018092132992e-05,8.049575172499327e-06,0.0007289640486908112,7.455338240324142e-06,0.0002917115082815504,0.0002895495963199206,0.0001403617536754032,6.681153573348367e-05,0.0005560309519912636,5.425583738680985e-08,0.0008217982858579856,0.08697239325621794,0.0022691948448882227,6.462887912771497e-07,1.1264329528921474e-06,0.0011769861887422884,2.851461351266819e-06,0.001030298851616106,0.00021003807561420583,0.00013930911644998632
12,0.08125454279998151,0.00011221466589128544,0.8330240179554812,1.1327626947298368e-05,9.054167671910678e-06,1.1117185205463466e-05,3.683225365673497e-06,0.0002386191080028314,7.947016992601696e-06,0.00017835309269187725,0.00024831596061670666,9.278676562122401e-05,1.9338626303586823e-05,0.0007936923117349935,2.2859276599186433e-08,0.00029251795149963863,0.07919700396844208,0.0012846998403148926,1.146147498048556e-07,1.218540631459754e-06,0.0011042413528783302,1.0137173309996724e-06,0.001620907865370458,0.0003037496209312001,0.00018949916006641876
13,0.12421768858739737,0.00022768766791796718,0.7819104987176047,3.9494706130964476e-05,2.9619585054087996e-06,1.999521051723499e-05,7.5987580984110425e-06,0.000567350543696451,8.22815195709259e-06,0.0004217060058196878,0.00018121284268647064,8.779007944805995e-05,5.363985747424222e-05,0.00042778254610692534,4.6846489767793784e-08,0.0009626267017634475,0.08509939208752959,0.0026876697568765117,7.31487931563532e-07,1.1359541014714774e-06,0.001115101170946897,1.8828784643850665e-06,0.0016084410987865486,0.0002379340489548543,0.00011140233479396804
14,0.1724030402907617,0.0007763432663039009,0.647373495220925,6.86293490431869e-05,1.0155448147460685e-05,1.0612293251486568e-05,1.0591539084513588e-05,0.0007240422648996193,6.009141547088779e-06,0.0003308444709697433,0.0006223681711787732,0.00012229178098573283,0.0001229262614544,0.0007433565165254289,3.587852131068271e-08,0.0004808561090579951,0.16491943920941393,0.0050793507420368355,1.7781809751775435e-06,1.0825255992565536e-06,0.004338305888632741,3.6776558155841053e-06,0.0014607231863648896,0.0003073634405970152,8.268116790728503e-05
15,0.14878439292161588,0.00025924539680175786,0.751893196584645,3.267636378891166e-05,3.3086942339662057e-06,1.4622700289373324e-05,7.85864522349749e-06,0.000765095725484378,7.590693076114953e-06,0.0003053816989529015,0.00029155834835213693,0.00013833687639454257,5.8565173418161225e-05,0.0005728905065504285,5.637148530970689e-08,0.0008428961221359299,0.09103393816918647,0.002315211062292409,6.422945694216931e-07,1.0774693880668334e-06,0.0011851120408055069,2.7485678238273874e-06,0.0011356330842355337,0.00020200223308751116,0.00014596225616294914
16,0.21719829563182955,0.00036218097633616093,0.6588032027449958,3.651366770108268e-05,3.3968269316817554e-06,1.4934556252121375e-05,1.0490076200765868e-05,0.0013881113156928183,7.875850654643284e-06,0.0002803521199998907,0.00048406764342929766,0.00026959317015175357,7.088084230892728e-05,0.0007724060766191096,9.095132348114155e-08,0.0010080591313575266,0.11404593395700427,0.002655493601750241,8.76467581622678e-07,9.56058895744625e-07,0.001300007996649705,5.5199799174626794e-06,0.0009250183278359457,0.0001549980422873346,0.00020074398629279193
17,0.17042076201884102,0.00024820670244624717,0.733715852012299,2.405165574367605e-05,5.081484760117509e-06,9.59726407296574e-06,1.0170028090574994e-05,0.000613763179905486,7.625532365320126e-06,0.00016653789478304686,0.0003765073653837731,0.0001727563406718337,7.020447436449443e-05,0.000688440747481166,2.9222395793087995e-08,0.0004524554480528026,0.08763370187785806,0.0024505133418527177,4.3940150703084877e-07,9.5573631490682e-07,0.0016148258651283364,2.7578669608074243e-06,0.0009694272616578363,0.00022091535445025666,0.00012442192261292358
18,0.09531311643756223,0.00027968702988755216,0.779871053123629,1.801477204536458e-05,3.210276684453673e-06,1.2850036011994152e-05,8.82716812901767e-06,0.0006108514854498802,8.546656684704508e-06,0.00031403752435838893,0.00027093193117657934,0.00019879571673553224,4.2297115214678555e-05,0.0008808897020631991,6.763645689285786e-08,0.0012465315057434408,0.1157355426854783,0.0017572207573179014,6.540823325881275e-07,1.2215816252021593e-06,0.0015185850515690514,2.6640072188078885e-06,0.0012873076232211788,0.0002685735583899186,0.00034852253501411654
19,0.1269936668997838,0.00036242826142397907,0.7696639532147831,6.246740118983493e-05,4.528060711128403e-06,2.2531675566732023e-05,8.937859418372042e-06,0.00082909730762757,1.1892780266979844e-05,0.0004876545642629277,0.00022997787068920227,0.00017000199646602382,6.688760874570468e-05,0.0006847109623655074,8.136478231620033e-08,0.0010907166883577328,0.09450529207500286,0.0020907154905159164,7.180240392198549e-07,1.431690327781691e-06,0.0009186711075674445,3.4968818277981276e-06,0.0013579218233975565,0.00026231791913380496,0.00016990047174666434
20,0.1883399928137108,0.00037658176436389164,0.7065223066602425,4.5072325684266026e-05,3.6322958692001036e-06,1.792968219180592e-05,9.960804713175372e-06,0.0014193080283757212,1.0086737389078165e-05,0.00039606360599897625,0.00043367856498882857,0.00016811364158353113,9.140989019197895e-05,0.0008668248194189145,8.793366457342946e-08,0.0008498086324370832,0.09482493677310287,0.0028046278880073535,9.485875674168621e-07,1.396058326421466e-06,0.001449551623298214,6.297355509703867e-06,0.001027171390598379,0.0001767810397799002,0.00015743108298526921
21,0.11343616253685154,0.00018067758604967292,0.8234044128976605,1.57991425549959e-05,2.033685874504568e-06,4.325486633298853e-06,4.350270733015265e-06,0.000413836972126429,3.934527089485822e-06,0.00018204829079992348,0.00017847316503591642,0.0001199076638732604,5.193472814857115e-05,0.0005133153951307977,1.9679074531505158e-08,0.0005721391573530282,0.057375336187507675,0.001916079326128817,2.722352921029461e-07,8.539298853209539e-07,0.0008478437919747388,1.2558243251753298e-06,0.0005170924764933322,0.00016088679459160581,9.700824881181721e-05
22,0.14350573834724425,0.0002064066693464199,0.7493317852203477,2.229358550340826e-05,2.017354474197611e-06,1.0647947498663923e-05,4.123501218277136e-06,0.0007218033064129908,3.3429677100403014e-06,0.000303784539267706,0.00024891997110707497,7.372050534550713e-05,4.638929067119823e-05,0.00041455312870009595,2.863347217939435e-08,0.0005714566542178262,0.09983359495175985,0.0025379851815916176,4.768902648332414e-07,8.228255823794943e-07,0.0011407273008752087,2.077630828765196e-06,0.0008440108136124317,0.00010085214302007292,7.244063992712651e-05
23,0.14878439292161588,0.00025924539680175786,0.751893196584645,3.267636378891166e-05,3.3086942339662057e-06,1.4622700289373324e-05,7.85864522349749e-06,0.000765095725484378,7.590693076114953e-06,0.0003053816989529015,0.00029155834835213693,0.00013833687639454257,5.8565173418161225e-05,0.0005728905065504285,5.637148530970689e-08,0.0008428961221359299,0.09103393816918647,0.002315211062292409,6.422945694216931e-07,1.0774693880668334e-06,0.0011851120408055069,2.7485678238273874e-06,0.0011356330842355337,0.00020200223308751116,0.00014596225616294914
24,0.13564675519925914,0.00046034921103046196,0.7323410079850986,6.932880563892672e-05,3.895029619641715e-06,1.6149872834394385e-05,9.037690641368048e-06,0.0010272714417017366,8.526896114178981e-06,0.0004933362848375661,0.0002823792813917019,0.00014542465005680202,7.324567714778592e-05,0.0007766965625449366,7.262211335644446e-08,0.0010868834663644435,0.12082989290116727,0.0033708991275974085,1.1451847020706843e-06,1.2911080603841375e-06,0.00145915598319726,3.374802946362256e-06,0.0015265839888699692,0.00022589452555443225,0.00014140170150987234
25,0.1989981167855678,0.00022244623042697137,0.7019884245674147,3.055679719224703e-05,5.104717374065665e-06,1.1624818834961103e-05,1.3590961049064469e-05,0.0016927932863560567,6.24057146244206e-06,0.0001760275299545938,0.000639216551909569,0.00022091193985200052,7.592628019991907e-05,0.0006889730564227755,3.692076235533819e-08,0.000601248815970136,0.08728073935363397,0.004446404935128644,6.255355203108354e-07,1.179569701535706e-06,0.001812454964752794,3.3522816350194543e-06,0.0008547600390561605,0.0001267416790980768,0.00010250181072370838
26,0.0968420924115693,0.0001188039625431365,0.8524239552475247,2.2418433498904075e-05,3.009984369445658e-06,9.834170536518193e-06,3.276840471635182e-06,0.00022234472118424763,7.3323148056805955e-06,0.0002767403070671106,0.00011816179736195577,4.8600487245592454e-05,3.496380019140286e-05,0.0003987097441105262,1.7852225786001347e-08,0.0004148096702365357,0.04435931107591656,0.0021855475279508297,2.3601000635568444e-07,1.0485237478103622e-06,0.0007295895651501383,7.147459980062223e-07,0.0014052704565301537,0.00029771608096640194,7.549426879110493e-05
27,0.19100361048960074,0.00032103534966765193,0.71986755981529,5.087436017245412e-05,4.22412464282651e-06,2.7800872007694315e-05,1.050533341320344e-05,0.0012069334747361916,1.572274497476598e-05,0.0004410423250980755,0.00037222884555248735,0.00019142683696741068,7.66824761472227e-05,0.0007213552923264271,1.0930572610249173e-07,0.0010813837845756013,0.07920065639052239,0.0025797593104973657,9.30692770488043e-07,1.43409921556041e-06,0.001048097357194743,5.5752977963809444e-06,0.0013096762605242205,0.00025715586316200266,0.00020421929741802332
28,0.14878439292161588,0.00025924539680175786,0.751893196584645,3.267636378891166e-05,3.3086942339662057e-06,1.4622700289373324e-05,7.85864522349749e-06,0.000765095725484378,7.590693076114953e-06,0.0003053816989529015,0.00029155834835213693,0.00013833687639454257,5.8565173418161225e-05,0.0005728905065504285,5.637148530970689e-08,0.0008428961221359299,0.09103393816918647,0.002315211062292409,6.422945694216931e-07,1.0774693880668334e-06,0.0011851120408055069,2.7485678238273874e-06,0.0011356330842355337,0.00020200223308751116,0.00014596225616294914
29,0.14878439292161588,0.00025924539680175786,0.751893196584645,3.267636378891166e-05,3.3086942339662057e-06,1.4622700289373324e-05,7.85864522349749e-06,0.000765095725484378,7.590693076114953e-06,0.0003053816989529015,0.00029155834835213693,0.00013833687639454257,5.8565173418161225e-05,0.0005728905065504285,5.637148530970689e-08,0.0008428961221359299,0.09103393816918647,0.002315211062292409,6.422945694216931e-07,1.0774693880668334e-06,0.0011851120408055069,2.7485678238273874e-06,0.0011356330842355337,0.00020200223308751116,0.00014596225616294914
30,0.14878439292161588,0.00025924539680175786,0.751893196584645,3.267636378891166e-05,3.3086942339662057e-06,1.4622700289373324e-05,7.85864522349749e-06,0.000765095725484378,7.590693076114953e-06,0.0003053816989529015,0.00029155834835213693,0.00013833687639454257,5.8565173418161225e-05,0.0005728905065504285,5.637148530970689e-08,0.0008428961221359299,0.09103393816918647,0.002315211062292409,6.422945694216931e-07,1.0774693880668334e-06,0.0011851120408055069,2.7485678238273874e-06,0.0011356330842355337,0.00020200223308751116,0.00014596225616294914
31,0.229747193894025,0.005855899227304332,0.24830713783858915,0.004009119112423979,0.006312030552949389,0.010802448661677249,0.001454586955183212,0.0004056487379286258,0.019633493358930134,0.0034696731542896327,0.0248655485549394,0.006429167025081265,0.0011674171497684798,0.013762379589384125,0.0002461049850252743,0.003070347939654709,0.2509213655288442,0.003425521354857922,0.00020556966559404286,4.1597733777488324e-05,0.007272662794120789,0.0005361726271846924,0.07736486477546124,0.04785672443354522,0.03283732434946065
32,0.14866096391287825,0.0002759671265955322,0.743402452720004,3.730611284789864e-05,3.5028313002935306e-06,1.6520300361156355e-05,8.885186054216696e-06,0.0008261424102143587,8.073477301851353e-06,0.00034113127974601937,0.0003085618791836044,0.00013911468212718947,6.420774924291015e-05,0.0005762799113875204,6.692046270157996e-08,0.0009686912961659807,0.09878541739139166,0.0025689254129885727,8.53609301704698e-07,1.1759178804207076e-06,0.0013614819914532872,3.039270738657195e-06,0.0012704721424573186,0.00021812854672071384,0.00015263792119445693
33,0.27626328268237454,0.0004966667185071812,0.5386958500165885,4.973209225053391e-05,3.3473773806223312e-06,9.058674016201474e-06,1.5620359483396683e-05,0.0014674765605485428,3.609109404329267e-06,0.00015554391787511035,0.0006185699101062201,0.0003500709685174806,0.00015272047711072735,0.0003942934574193163,4.5333632903561805e-08,0.0010499314658288835,0.17438954037059268,0.0035143477287456217,1.2786610449397454e-06,7.989687423131778e-07,0.0015577634495369415,6.203231615308219e-06,0.0005717546191649676,0.00014035954532593873,9.213430418667273e-05
34,0.42015198386112645,7.118732741774834e-05,0.5454136693008076,2.1836009590155512e-05,2.0523527044647644e-06,7.064678201584443e-06,6.125384558879165e-06,0.00047219678204273827,4.19182817733527e-06,7.957509597408294e-05,0.0003473391133164297,5.55496571852437e-05,7.99545692616601e-05,0.0001443550709517163,3.269828867236927e-08,0.00025077287259047895,0.028503357804157445,0.00293344934416333,5.42585675937226e-07,4.2399481477241773e-07,0.0008332606828335299,1.735286651350193e-06,0.0004818061302603314,0.00010513696439752002,3.240060485045037e-05
35,0.155305746059147,0.00025691305393181707,0.7461762366372674,3.27439684325778e-05,3.2181843180000653e-06,1.4938619890127918e-05,7.969751426544964e-06,0.0007916301047507767,7.63444830353496e-06,0.00030569453463024715,0.00029453812726533705,0.00014019450691296642,5.971025765794761e-05,0.000556268176686349,5.551351980652752e-08,0.000857701044577301,0.09013794971690596,0.0024141650396144227,6.595772861284132e-07,1.0591350203801305e-06,0.0011721568139415606,2.8276597883157822e-06,0.0011185539689847772,0.00019918466187131734,0.00014225043786959482
36,0.1557090894156055,0.00042179118054348926,0.7251014175726255,4.155364504304171e-05,1.6660846054915575e-06,1.6782856372882956e-05,8.173829305874059e-06,0.0017822464338876742,9.093524129015662e-06,0.0006359663474977546,0.00023086175021615158,0.0001895935617437181,7.641661355652452e-05,0.000841158139620671,7.594714715080039e-08,0.0016644264079297634,0.10834372701328418,0.0029853563215710434,1.0007725884117271e-06,1.2426761009504822e-06,0.0008880900951717468,6.357456755462465e-06,0.000774204942150112,0.00011531465270565537,0.00015439275984238803
37,0.12661304964681483,0.0011158304053480322,0.5652246019092837,0.00014913040066153512,4.438770528345898e-06,0.0001240821807543078,1.4736161183227907e-05,0.005915637239012923,1.785783492769738e-05,0.0019278246109597655,0.0007671163193596835,0.00027100205712868314,5.859478759109527e-05,0.0012376744047715611,9.052833227994367e-07,0.004270279323280625,0.2846393539695941,0.002852577631484359,4.99989124156399e-06,2.1769815612808494e-06,0.001523533342700331,1.8778013322995653e-05,0.002602922103780622,0.0001265763023230111,0.0005163204290627382
38,0.16448173849410624,0.0001784321051632528,0.7345709321177769,3.5586617321672975e-05,2.106359479522803e-06,2.8956039735079537e-05,1.4144187863832318e-05,0.000786011485791726,6.758516159441107e-06,0.0003802792647420973,0.00023574573678687293,0.00010148802930892027,8.272967235217646e-05,0.0002584884086072152,7.529768631426462e-08,0.001634868074128348,0.09063318093158644,0.0035687541985481926,1.5191953578647723e-06,1.2953866179300443e-06,0.001373968122473157,2.6277721332603924e-06,0.001340607588599456,0.0001776158948282908,0.00010209050284566897
39,0.16533437935197984,0.0002353133863187973,0.7230950762161847,2.7273028240768554e-05,2.7032720864893726e-06,1.9681868704329642e-05,1.1052312257146598e-05,0.001188193889979819,6.285367400609375e-06,0.0002878602275895102,0.00034872218978212224,0.0001770689998919031,6.42934774235763e-05,0.0004154017382997275,5.644150191711793e-08,0.001195934862305092,0.10256756634224766,0.0025213542449440576,8.26632005395657e-07,1.035112771417164e-06,0.0012772093720118671,3.5401371874674738e-06,0.0009283599154433261,0.00014894141739173384,0.00014187019605038984
40,0.13783093864830373,0.0002797866286407558,0.7543207552641987,4.638547859825944e-05,3.7832011357432892e-06,1.7982651622996862e-05,9.572735492276333e-06,0.0008889764508098805,9.377079699420334e-06,0.00042182558133453685,0.0002938077572986456,0.00012439150048371283,6.392477783557879e-05,0.0006328498114452385,6.183694745583391e-08,0.001077198305858279,0.09666723317944642,0.003661639946886653,1.0469543160829967e-06,1.33637167320752e-06,0.0015520746860533175,2.5817157000916604e-06,0.0016907000417932274,0.00025899086024414855,0.0001427785341816948
41,0.20492465278810076,0.00023110474002945052,0.727326347291742,0.00010843529598172643,8.305143257185514e-06,4.3768454280553006e-05,6.47686401216775e-06,0.0008499199724127017,1.847489519135008e-05,0.0004701869052274748,0.0003323815349186751,0.00014679926380611283,4.149928900444027e-05,0.0004382217108698026,2.2080440700522534e-07,0.0007771675625670735,0.06035109730802428,0.0016015806766794696,5.885461453156599e-07,1.0930429337134065e-06,0.00039497293695875114,3.0230036045365734e-06,0.001527754554380078,0.0002248717684064085,0.0001710556470590401
42,0.11251523043502662,0.00017922712469270198,0.8141504841930635,2.4551290885682643e-05,3.3998183195226487e-06,9.439536435534113e-06,5.749033205077346e-06,0.0004393278946335865,6.589087470310531e-06,0.00023899253662997393,0.00021828048986890743,9.965110260003121e-05,3.735975901809941e-05,0.0006323195986452214,3.260510966468454e-08,0.0005251282868196464,0.06571190915121483,0.0024113421176697,3.4586752511599855e-07,9.563009660850228e-07,0.0011031467961858507,1.110417971021948e-06,0.0013484162623529296,0.00021179547376967177,0.0001252148199206448
43,0.12658269354325177,0.00023000578357181808,0.7779310129768359,4.3508762838254855e-05,3.2905206639180856e-06,4.00932373122619e-05,8.239415110761363e-06,0.0011507850214100015,1.1297907928175058e-05,0.0007302819408094519,0.00025836347245059374,8.35535240718981e-05,5.738695395707028e-05,0.0005456813851342611,8.93249424588247e-08,0.0012061706069694319,0.08452970526212217,0.003005108415904838,1.1462654451183968e-06,1.6419880980601228e-06,0.0014854397554979627,3.7320345584767205e-06,0.001755130928695318,0.00019870840193041546,0.00013693257048982493
44,0.14878439292161588,0.00025924539680175786,0.751893196584645,3.267636378891166e-05,3.3086942339662057e-06,1.4622700289373324e-05,7.85864522349749e-06,0.000765095725484378,7.590693076114953e-06,0.0003053816989529015,0.00029155834835213693,0.00013833687639454257,5.8565173418161225e-05,0.0005728905065504285,5.637148530970689e-08,0.0008428961221359299,0.09103393816918647,0.002315211062292409,6.422945694216931e-07,1.0774693880668334e-06,0.0011851120408055069,2.7485678238273874e-06,0.0011356330842355337,0.00020200223308751116,0.00014596225616294914
45,0.21334598553086642,0.0002632303882109385,0.6857442448490638,8.980846332046082e-05,6.114934090702719e-06,4.084676470832819e-05,2.2964395131854898e-05,0.001538126717362909,1.5945317681515097e-05,0.00037248238528856645,0.0004425246871469015,0.0002300918115282846,0.00010475608567486427,0.00044513535658135514,1.903529834952145e-07,0.00168537338050768,0.08930745688179825,0.0032321824364347092,1.652313996990961e-06,1.7869966003822123e-06,0.001131317147672378,5.233534723984826e-06,0.0015365177141974313,0.0002625953831017515,0.00017343617132612043
46,0.2310614114262817,0.00042388111053710137,0.5046120718671707,3.553754116434738e-05,2.6933829589009954e-06,1.3376710007682874e-05,6.656417222634981e-06,0.0007715496671325866,2.4806671333363927e-06,0.00017202445152631634,0.0004001114694843251,0.0002483559887433204,6.38218566416488e-05,0.00023081630952682112,7.13301933309644e-08,0.0010230577768637493,0.258213258303347,0.00114361048939665,6.776780557774238e-07,5.281619376313755e-07,0.0006944820352285622,5.152351917863461e-06,0.0006344804392337921,0.00011057803025825061,0.00012931453803597908
47,0.25825236706085947,0.00044388330212080163,0.6218654686083295,2.234522248189051e-05,2.0070601443833066e-06,1.0837436344388195e-05,8.862692170014246e-06,0.0009145910067789838,6.210665536724325e-06,0.0002080705242012119,0.0003332566533037725,0.0003075718967162517,9.518875866820073e-05,0.0004048381616231732,5.5140062924624424e-08,0.0011745438282984044,0.11294711208566267,0.0014022058563361748,6.078211838164613e-07,7.304044634262266e-07,0.0007536426857590229,6.650560110592443e-06,0.00047289583546591366,0.00018571301498887915,0.00018034371838950047
48,0.1438069707027821,0.0001909515836081824,0.7809611688408978,2.7046148691193325e-05,3.538655010803556e-06,1.3742048953823017e-05,7.623259758055516e-06,0.0006398525153499355,8.629122153220297e-06,0.00025739256773005487,0.0002909182810507134,0.00013193251292287035,5.59053156170079e-05,0.0005685169154667082,5.168582221057979e-08,0.0007266189667505549,0.06750803894377108,0.00220261313924307,5.12322382875195e-07,1.1442050454468857e-06,0.0011286314475857568,2.2677953760785855e-06,0.0010867589790205022,0.00022996698821596234,0.0001492070567938724
49,0.14080870750392585,0.00020562690621935378,0.7780659903271747,2.3869084373791107e-05,2.8227505695009387e-06,1.5106997682814453e-05,6.250898643862244e-06,0.0006927716670016217,6.578043846991375e-06,0.000260489621869184,0.0002597619263671486,0.00013741412392850692,5.055540520723452e-05,0.0004823936876059918,3.794681574545488e-08,0.0006774303377514544,0.07442412305907427,0.0018569012782752605,3.6297430349853344e-07,1.0152620841787531e-06,0.0008631044857767596,2.3995086023311756e-06,0.0008714239423553447,0.00016259222753160654,0.00012227003301300808
50,0.14008084741576954,0.00029952808694685924,0.7695866277197937,3.591419372027791e-05,3.0589439843703647e-06,1.701532879092657e-05,1.2077885060342242e-05,0.001271280990039834,9.949524223086046e-06,0.0004390266897477734,0.0002865140243053582,0.00014676525163270345,7.634556496149808e-05,0.000763724032316236,6.332229783956056e-08,0.0009566707164365009,0.08028538164999831,0.002765433975097102,1.0164066821645042e-06,1.1797206298889806e-06,0.0016325677123175998,4.157030700869052e-06,0.001009261625622294,0.0001665344226971697,0.0001490577662278286
51,0.19171011557674067,0.0019142549348063992,0.6714828788575767,0.00012804288757564601,3.294079430254852e-06,1.0492241691829121e-05,5.370139996093348e-06,0.002869070147849011,8.15981073779297e-06,0.0007593051069955897,0.0004266593869932411,0.000278993069111513,0.00010043372341297277,0.0017581424280790183,1.088951467656376e-07,0.0008148545360354057,0.12330138559698474,0.002637708766997334,1.037180775555631e-06,1.0019581029788234e-06,0.0008959950889607134,1.06961376509207e-05,0.0006220795894549636,0.00010385527262339525,0.0001560645862702949
52,0.16490667180870663,0.00023109795885370725,0.7466937911652208,4.393309955827177e-05,2.5975681433314322e-06,2.0591813947822425e-05,6.663951025370627e-06,0.0010000853630745617,8.79364638750579e-06,0.0005280606411257221,0.0002674945161830812,0.00010198955238417176,6.472175355795965e-05,0.0005441433253442506,7.211363175485734e-08,0.0011100823350032455,0.07802010834380227,0.003766810018061134,9.539564666733458e-07,1.3971352837493086e-06,0.0010538766132310179,3.1032322487373027e-06,0.0013143747802876222,0.00019168444249258399,0.00011690086597807387
53,0.1690642861570706,0.00023003233244002334,0.7341157395238482,3.341557461128398e-05,4.436345457712627e-06,2.4979752873584374e-05,2.4488886881967676e-05,0.001036094327080278,1.3824940363544869e-05,0.00022434774812941902,0.0004276658568394707,0.0002875638298838076,7.184510813201947e-05,0.0006740197100256249,8.480350032813103e-08,0.0011411404292390695,0.08617975489665534,0.002959409521982008,8.195157868971324e-07,1.3839909963150418e-06,0.0014228116136037398,3.241835558762227e-06,0.001584254338190352,0.00023916315617968713,0.00023519580467000446
54,0.08580501010686259,0.00039327582233445526,0.8180755615506328,2.205671867400216e-05,2.659024968499384e-06,1.0496499378031019e-05,6.2214904140117905e-06,0.0007290848757160364,1.075611026232922e-05,0.0004115988606775845,0.00019997017831329108,0.00027295060771205526,4.027404918460142e-05,0.001138854860649643,9.091497792197503e-08,0.001537326052605874,0.0880103166429507,0.0010623160908721351,4.245103494246644e-07,1.263657660798113e-06,0.0007306965653673858,3.111591477873607e-06,0.0008254097543079404,0.00025124441521200786,0.0004590290484379275
55,0.17571513675045053,0.00022080621271810687,0.7448461037848895,3.563054040264418e-05,5.154318583432909e-06,1.5508097741925005e-05,1.4761751721798273e-05,0.0006691522640722075,1.2338493218667588e-05,0.0001881898101606259,0.0003546359125907343,0.00027787472895524106,7.088774920531792e-05,0.0005661217728507627,5.234254139681967e-08,0.0008725423274161532,0.07064482492533496,0.0026215965411402658,6.053045629289727e-07,1.0769817961097544e-06,0.0011278565524664532,2.451525069441042e-06,0.0012135733815744356,0.0003363961832057927,0.00018672174733070667
56,0.1526234507728128,0.00026428440962866296,0.7498130925901506,3.2423992698226495e-05,3.3040706686875885e-06,1.4203930227532145e-05,8.07925692812795e-06,0.0007668661642783415,7.596658932400326e-06,0.0002983677777656677,0.00029728656777134075,0.00014186693127570213,6.271615380084467e-05,0.0005733957842470951,5.531794124007684e-08,0.0008239491883235477,0.08930608324942106,0.0023261992097240794,6.508334598910893e-07,1.0917556740334724e-06,0.0011984365826480528,2.8743449542146627e-06,0.0010870959276912662,0.0002032307171021873,0.00014339781187428172
57,0.1325402892618675,0.00036469394109049495,0.7446380723848862,3.167975868463786e-05,2.939010044465847e-06,1.1109812903259988e-05,1.075982549427387e-05,0.0008426035947188,6.51858726751535e-06,0.0003082817319628188,0.0002930700972745173,0.0001755667257160243,8.906301043709597e-05,0.0005489198223009318,5.870638031542157e-08,0.001285578088862401,0.11357347611815076,0.0022161269214883506,1.1925929496008148e-06,1.1045709523667257e-06,0.0018017680798685931,3.6834200227584453e-06,0.0008536163338953198,0.00023332122312326486,0.0001665063796578132
58,0.13611304312727382,0.00024880844483024273,0.7718647405165394,3.273508124118686e-05,3.9877477127482615e-06,1.4232267213027637e-05,8.283068200150043e-06,0.0005967838504901372,8.689931319959497e-06,0.00029628127896373863,0.0002808576274479803,0.00013634025585858658,6.430117434250404e-05,0.0005677443913137251,5.4497183393072326e-08,0.0008434927825826076,0.08365089392136632,0.002282786449531091,6.590214542575266e-07,1.2634126232704703e-06,0.0012812107960616498,2.4375935134322225e-06,0.0012566463791543476,0.0002875310604748641,0.00015619532330766108
59,0.12007373074219752,0.00023165354833134836,0.7929825110295202,2.745837499866411e-05,3.3801948009289826e-06,1.2392196144628322e-05,6.619981082103976e-06,0.0005440616308468428,7.4558518154153226e-06,0.00029994358207506707,0.0002351774374524403,0.00011552945794794217,5.4647015093579205e-05,0.000552439589807398,4.490437253537622e-08,0.0007824555696487276,0.07936883250170647,0.002020825984721611,5.255507912781434e-07,1.1702878764529309e-06,0.0011632881908876353,2.0701795015084482e-06,0.0011196896258262431,0.00025003468340958814,0.00014406188914378143
60,0.14878439292161588,0.00025924539680175786,0.751893196584645,3.267636378891166e-05,3.3086942339662057e-06,1.4622700289373324e-05,7.85864522349749e-06,0.000765095725484378,7.590693076114953e-06,0.0003053816989529015,0.00029155834835213693,0.00013833687639454257,5.8565173418161225e-05,0.0005728905065504285,5.637148530970689e-08,0.0008428961221359299,0.09103393816918647,0.002315211062292409,6.422945694216931e-07,1.0774693880668334e-06,0.0011851120408055069,2.7485678238273874e-06,0.0011356330842355337,0.00020200223308751116,0.00014596225616294914
61,0.12240445468508847,0.00020759095449184888,0.7998912837301952,2.5455326139839144e-05,3.2890209888669904e-06,1.1846184753202972e-05,6.28386085478872e-06,0.0005141153718918683,7.51784485664724e-06,0.00028386494519026,0.000227621032219999,0.00010774451839454295,5.275171684086118e-05,0.0005308525758873014,3.97595771900343e-08,0.0006970338244116093,0.07042416023962544,0.0020226948262641593,4.77715932590115e-07,1.1034257004317396e-06,0.0011228354628653806,1.9056213901516607e-06,0.0010746948969595194,0.00024703996844850103,0.00013334249103130513
62,0.14878439292161588,0.00025924539680175786,0.751893196584645,3.267636378891166e-05,3.3086942339662057e-06,1.4622700289373324e-05,7.85864522349749e-06,0.000765095725484378,7.590693076114953e-06,0.0003053816989529015,0.00029155834835213693,0.00013833687639454257,5.8565173418161225e-05,0.0005728905065504285,5.637148530970689e-08,0.0008428961221359299,0.09103393816918647,0.002315211062292409,6.422945694216931e-07,1.0774693880668334e-06,0.0011851120408055069,2.7485678238273874e-06,0.0011356330842355337,0.00020200223308751116,0.00014596225616294914
63,0.1468849493807767,0.00031202117702391343,0.7442665183322957,3.4691698787232665e-05,3.25744510109442e-06,1.4143378443753489e-05,7.607783990226407e-06,0.0008007278240347401,7.473120129651052e-06,0.0003320444379019181,0.00029120296031746965,0.00014522152641478607,6.070569206492282e-05,0.0006118761677991003,5.915914236861889e-08,0.0009004794854400358,0.10034729498129502,0.002270885868850043,6.898976972698682e-07,1.0908550728743814e-06,0.0012102043294106618,3.0255055952520975e-06,0.0011318784003830223,0.000207732479509694,0.00015421811252244917
64,0.13034716905236957,0.0002448665659494104,0.7697940393128051,2.6602887065463728e-05,3.279356816375944e-06,1.1850352704724236e-05,7.996989295508651e-06,0.000660271633997184,6.4948335870371975e-06,0.00027894837087075956,0.00027577526072817497,0.00011747218840655588,5.9754835707710395e-05,0.0005658856470670724,4.448944719650896e-08,0.0007758016509088083,0.09147010248601621,0.0023614921439161617,6.668332772056548e-07,1.0766205842871744e-06,0.0015525349977322648,2.3535168711064253e-06,0.0010983763625251036,0.00020372439481074312,0.00013341921654034958
65,0.13474096452475595,0.0002633864071141745,0.776734993888268,2.8026503110275987e-05,3.013909106427203e-06,1.1877481660326754e-05,6.6954659502878456e-06,0.0007030634457603301,7.602147058927321e-06,0.0003074660575028721,0.00025543667721532977,0.00013129180034945898,5.6417746769886175e-05,0.0006438155347013871,4.7628131162693834e-08,0.000764225921741434,0.08084484162621564,0.002053088750102109,5.188519066964275e-07,1.0767523621481033e-06,0.0011066713268667175,2.6038438451949684e-06,0.0009850291376508394,0.00020087549556661665,0.00014696907628772535
66,0.14733036375951158,0.00019498498685481674,0.7805136310010254,2.3598390037278716e-05,2.6412490359592156e-06,9.808539498503717e-06,6.920765389720594e-06,0.0007100248320899206,5.893454636192036e-06,0.0002393431739131237,0.0002511479712763456,0.00011439252829527673,6.270884261496804e-05,0.00047824304098916036,3.637296225469539e-08,0.0006601266286343834,0.0652449050915204,0.0021286598301151543,4.605691976512834e-07,9.806681944860949e-07,0.0010545560418386917,2.2625059900176533e-06,0.0007071573303772266,0.00015505073171635545,0.00010210169428495288
67,0.08927562568158508,0.00014969996742220828,0.8348222893438797,1.9932661688959465e-05,2.2024762190134796e-06,8.846834012710896e-06,4.058594716960095e-06,0.0003684359281833841,3.892235598435936e-06,0.0002870504665960945,0.00016248859960556522,5.2229484248129345e-05,3.968863960030278e-05,0.0004268032760827677,2.4999662641662755e-08,0.0005223973381505424,0.06905866264823625,0.00222407087801174,3.9308532363921316e-07,1.0294743984941907e-06,0.0011819754652152479,9.739626076116608e-07,0.0011520668637365057,0.00015495139833957477,8.020969687840853e-05
68,0.27796336934964244,0.00041303692760740287,0.5308160114734858,4.533733734873611e-05,2.8367719695046635e-06,1.744643382352036e-05,1.1556565879258807e-05,0.0019131770378596061,4.496118262167162e-06,0.0002875132926276046,0.0005638873693912658,0.00015921939548693,9.459882800134975e-05,0.000361428662652317,8.789851081767714e-08,0.0013249198442710438,0.1792244829022304,0.003708640537489951,2.013368603633407e-06,8.221923889709089e-07,0.0019493623805704229,7.198358821509177e-06,0.0009055849983688649,0.00011883682608923109,0.00010413512861732209
69,0.06725792775899428,0.00011796798756331204,0.8854102833094915,1.2528933358220845e-05,1.9096390787877593e-06,7.982097585392142e-06,5.132086924810682e-06,0.0005202238257764189,5.71190934283681e-06,0.0003072747811824971,0.00015306686260008106,6.434073326312653e-05,3.641150813900774e-05,0.0006833932564890986,1.8814226492242598e-08,0.0005183010549326548,0.039697568421573085,0.0026964163950823346,3.4322893173690016e-07,1.1988547370981685e-06,0.0013949155243902537,9.780107654888098e-07,0.0008707041274179393,0.00013847792909807603,9.6922949055698e-05
70,0.14166534296628944,0.00018370150056355375,0.7955046222361221,4.953434475942963e-05,6.27144870578003e-06,1.4541151714538083e-05,8.42508290822888e-06,0.000605308750841631,1.0590663131573477e-05,0.00020235155030595608,0.0002890592515191116,0.0001309285264809012,5.0037433336561054e-05,0.0006421411183139768,5.644226225656471e-08,0.00038221739646339376,0.056133949376119846,0.0017426279663044551,3.2465289255092547e-07,1.0310738977566143e-06,0.0008285078774112895,1.830461484556509e-06,0.0012340288464168002,0.00019397570114334934,0.00011859418061095464
71,0.02691022748006543,0.00016079502594761627,0.932488452099335,1.3006395580847007e-05,6.446097726996151e-06,4.722704439731881e-06,1.0393504028470721e-05,0.0004446115916047751,1.852422707942312e-05,0.0003223549107046249,0.00010328398850043291,7.438082505920911e-05,3.592207431536618e-05,0.0024401564177348846,1.0963921998496938e-08,0.00048821325201149347,0.02809867783941125,0.0033957367675146576,2.5593747969942254e-07,2.638171826774871e-06,0.0031004348158420888,6.689114509006352e-07,0.0013636246773622745,0.0003665392019686351,0.0001499221190874454
