,0,1,2,3,4,5,6,7,8,9,10,11,12,13,14,15,16,17,18,19,20,21,22,23,24
0,6.81947693904725e-08,4.7314407393418955e-08,7.581761310743632e-05,0.0002501811510024321,9.43090715914807e-05,0.017312127260109306,3.6893537018008043e-07,3.2348890419159257e-09,0.011417008261168487,0.0023100495622570055,1.511287149595302e-08,2.1049068104051386e-09,2.506696115954849e-09,1.4587960576945056e-05,1.3971666884108373e-06,8.501492322414377e-06,9.607314024185994e-06,1.2417568507312015e-05,2.943235431390495e-07,4.336998435109313e-06,7.525629979918399e-07,4.4459054872279584e-10,0.9639310358368762,0.004529479983731896,2.7588024559150836e-05
1,6.217204341212361e-08,5.213058947454885e-08,8.357661006823217e-05,0.00029437855452755374,7.886499431750852e-05,0.02718129318685455,3.54757066218266e-07,4.058954828989613e-09,0.020253876710269486,0.004876156098088486,1.2737045464189227e-08,1.6139050578638391e-09,3.0884086048903183e-09,1.5508697177615102e-05,1.8836224389980716e-06,1.2614223970492175e-05,5.566433189038978e-06,1.615467044033043e-05,4.369432789138679e-07,6.680152739017876e-06,6.247228609480709e-07,5.185688559865164e-10,0.9418842875509403,0.00525711090735124,3.0494844905171258e-05
2,5.866113093254913e-08,5.744648337575389e-08,7.932924610811694e-05,0.0003005694784392675,0.00010779673630194575,0.02208751754572513,3.396154131027171e-07,3.7570532390935944e-09,0.02056582788885336,0.003916944433853939,1.640783990043736e-08,2.0711616437953267e-09,2.826789113888187e-09,2.2649681660696408e-05,2.4806974447006185e-06,9.628468353028154e-06,5.877389053462594e-06,1.317683403357858e-05,3.511358336368725e-07,6.9751440300470715e-06,6.197614674394546e-07,5.652704819945929e-10,0.947579664323547,0.0052581866845764665,4.1923199576487855e-05
3,6.600909540024287e-08,4.797598615117635e-08,7.107535729422885e-05,0.0002713148111956779,8.437045150526469e-05,0.02372576312264443,3.1945978082758367e-07,3.4339218799565844e-09,0.015963924951912505,0.0033236016357156796,1.519839379175902e-08,1.7229033549840177e-09,2.679218094813641e-09,1.533075507150808e-05,1.8739266211203228e-06,8.836368843048899e-06,6.269385489480579e-06,1.3767684093814518e-05,3.6033153344807254e-07,5.213954879255245e-06,6.238894075592789e-07,5.205989448844986e-10,0.9520382348568772,0.004439138344746567,2.9843172270994892e-05
4,6.955348569707265e-08,5.636909593171656e-08,7.612825763375591e-05,0.0002872355531742973,9.226719817872015e-05,0.02179489579684903,3.332235672211926e-07,3.751636425496253e-09,0.0164622079076388,0.003542812986805268,1.6225109180149846e-08,1.87737100697669e-09,3.118696321527353e-09,1.794120395103689e-05,1.8592400136767695e-06,9.095550878208591e-06,6.625772423547155e-06,1.50954702486418e-05,3.805063957145614e-07,5.897799396408841e-06,7.131582219771195e-07,5.801191301251501e-10,0.9528197784530116,0.00483542074779745,3.1159698301087335e-05
5,5.8261239409189806e-08,4.017847326574594e-08,6.467780148353724e-05,0.0002624879069545997,7.576255386294933e-05,0.01848206783751018,2.692706986311283e-07,3.0589172912294077e-09,0.013107556773244327,0.0030707579270590484,1.2501215179718656e-08,1.2892514849370445e-09,2.4273001935916045e-09,1.3920421667846943e-05,1.3205236820111711e-06,7.550147616073536e-06,5.416672699405127e-06,1.633309735815128e-05,3.0967471729810997e-07,5.17032931024205e-06,6.020474287565514e-07,3.749862306518185e-10,0.96062900697877,0.004235580622559915,2.1091321993871435e-05
6,6.600909540024287e-08,4.797598615117635e-08,7.107535729422885e-05,0.0002713148111956779,8.437045150526469e-05,0.02372576312264443,3.1945978082758367e-07,3.4339218799565844e-09,0.015963924951912505,0.0033236016357156796,1.519839379175902e-08,1.7229033549840177e-09,2.679218094813641e-09,1.533075507150808e-05,1.8739266211203228e-06,8.836368843048899e-06,6.269385489480579e-06,1.3767684093814518e-05,3.6033153344807254e-07,5.213954879255245e-06,6.238894075592789e-07,5.205989448844986e-10,0.9520382348568772,0.004439138344746567,2.9843172270994892e-05
7,1.4259180324766943e-07,5.8051003236111194e-08,9.206214930455975e-05,0.00030090893096524875,8.635540001315103e-05,0.03482624543587276,4.1531913999803387e-07,5.4341128537923746e-09,0.015775978850504555,0.003949709118214622,2.520562092955226e-08,1.8649223192151878e-09,4.859974925552742e-09,1.3328578699581257e-05,2.501809771844971e-06,9.788109923281059e-06,7.324199066220455e-06,1.963668971234084e-05,5.477625053530128e-07,5.989880763637428e-06,8.743132863212938e-07,9.165908349390715e-10,0.9410145738561565,0.0038674241570132856,2.6096515058699862e-05
8,6.823344523690594e-08,5.0392426184686166e-08,6.891183463138642e-05,0.0002804269843413506,8.838958899353976e-05,0.025337910415292073,3.5090125173057787e-07,3.759515487126932e-09,0.016247144521804386,0.0033409834756894566,1.6647927274081407e-08,1.7955537605679923e-09,2.8270224120507758e-09,1.5313726780418637e-05,2.0025389228735792e-06,9.108861237972267e-06,6.432348108758182e-06,1.4681543242763135e-05,4.0514168073628396e-07,5.314666506535148e-06,6.70452398478246e-07,5.706625840726655e-10,0.9502787914166353,0.004273212415801566,2.9804940127635684e-05
9,1.3487726944775897e-07,4.791013603306116e-08,4.482588718963717e-05,0.0002735336674398515,0.00013005298198636825,0.043594273431894044,7.204861163364869e-07,4.957663871893073e-09,0.01522636566115589,0.0016541164416940851,3.923311328881172e-08,2.5272956187857238e-09,3.608533409397026e-09,9.111929184491717e-06,3.222257487647466e-06,7.068970882294732e-06,7.731550328280101e-06,1.6883118652193313e-05,6.643933006890091e-07,3.6621968824351947e-06,9.147919752930746e-07,1.0628673535857124e-09,0.9361950041942471,0.0028061997672884664,2.541409541599321e-05
10,6.600909540024287e-08,4.797598615117635e-08,7.107535729422885e-05,0.0002713148111956779,8.437045150526469e-05,0.02372576312264443,3.1945978082758367e-07,3.4339218799565844e-09,0.015963924951912505,0.0033236016357156796,1.519839379175902e-08,1.7229033549840177e-09,2.679218094813641e-09,1.533075507150808e-05,1.8739266211203228e-06,8.836368843048899e-06,6.269385489480579e-06,1.3767684093814518e-05,3.6033153344807254e-07,5.213954879255245e-06,6.238894075592789e-07,5.205989448844986e-10,0.9520382348568772,0.004439138344746567,2.9843172270994892e-05
11,7.206784599253344e-08,4.976142884648028e-08,7.284716884862489e-05,0.00027313855754012943,8.908045032139589e-05,0.023199313540667853,3.4125879428006355e-07,3.579893431497807e-09,0.016240544651722696,0.003232905185360827,1.615912856338666e-08,1.8705873895760985e-09,3.0182293232691134e-09,1.5500744519725948e-05,1.8993287218759463e-06,9.21062459903443e-06,6.448071976736495e-06,1.434504091274433e-05,3.7301422054407985e-07,5.602417414138532e-06,6.66065206222463e-07,5.645499170638132e-10,0.9519537854488466,0.004853389191072451,3.0462217590676685e-05
12,1.325246680402119e-07,9.788924270833418e-08,6.667559001466727e-05,0.000578742707889947,4.2925784590919035e-05,0.053673504099660194,5.59799593335978e-07,1.5474630641935916e-08,0.02013581378900825,0.007550706849955522,2.2694464186059774e-08,3.528033504433351e-09,5.343653513082149e-09,1.3409884556718388e-05,5.1809873114930895e-06,3.4250067186978785e-05,7.985365807956523e-06,3.052743306247074e-05,1.5800081054422499e-06,5.8808114306646564e-06,6.840226207968197e-07,1.5193205240196986e-09,0.9148978080625298,0.0029214739869683863,3.201177569343116e-05
13,6.819805846038839e-08,5.0810915878917074e-08,7.170713340925887e-05,0.0002738192504445955,8.870553026049218e-05,0.023396003516103436,3.298682099950792e-07,3.6130538437222923e-09,0.016266511163501893,0.0032856846695664067,1.6499111144916432e-08,1.86147452188981e-09,2.739284099589875e-09,1.6469029546022893e-05,2.0192819237537967e-06,8.89803863920365e-06,6.515258192775804e-06,1.3690542595612378e-05,3.70766289443068e-07,5.265260758254547e-06,6.535599325694771e-07,5.576125106675331e-10,0.9520494440316536,0.0044814999100384134,3.226890942381525e-05
14,7.096055097256971e-08,7.796918353537631e-08,7.292466559724554e-05,0.00030043299012832856,0.00013898615247517795,0.01757025639671264,3.022061136261081e-07,3.684326439899272e-09,0.01437059354764055,0.003950942959103464,2.3355394168656842e-08,1.4504231987178343e-09,3.3759607910871093e-09,2.2700253000130912e-05,1.329618009139335e-06,5.731102183781002e-06,7.966892855876959e-06,2.1131649009133804e-05,5.027186505792963e-07,5.132730756080428e-06,1.2703030463062644e-06,6.114060797978177e-10,0.958885455241153,0.0046209528581756835,2.3206308144095656e-05
15,6.600909540024287e-08,4.797598615117635e-08,7.107535729422885e-05,0.0002713148111956779,8.437045150526469e-05,0.02372576312264443,3.1945978082758367e-07,3.4339218799565844e-09,0.015963924951912505,0.0033236016357156796,1.519839379175902e-08,1.7229033549840177e-09,2.679218094813641e-09,1.533075507150808e-05,1.8739266211203228e-06,8.836368843048899e-06,6.269385489480579e-06,1.3767684093814518e-05,3.6033153344807254e-07,5.213954879255245e-06,6.238894075592789e-07,5.205989448844986e-10,0.9520382348568772,0.004439138344746567,2.9843172270994892e-05
16,8.074272808967869e-08,6.270424596535984e-08,7.232532684395599e-05,0.00031186530681452613,9.387448444912943e-05,0.024767890324861215,3.6303705775435205e-07,4.3794399779732775e-09,0.0168462747395747,0.003486858952424921,1.9817455319606244e-08,2.3824048779561965e-09,3.0513857560263003e-09,1.8796997425279188e-05,2.538211116992239e-06,9.969779305456018e-06,7.5733703004395386e-06,1.4775691560717202e-05,4.392455268249163e-07,5.234419081970361e-06,6.951055078124605e-07,7.256225869010483e-10,0.9499410879395072,0.004381724053009928,3.7539212348875796e-05
17,6.884728772036181e-08,4.893516016996536e-08,7.102088196217694e-05,0.00024551557635772253,9.632596615295545e-05,0.019580365642183118,3.2261602457591336e-07,3.0660466189689785e-09,0.015215305599121947,0.0027034318709328983,1.6157630765700893e-08,1.782506080425472e-09,2.6822911298009813e-09,1.630500611798458e-05,1.5772401093152272e-06,7.295835414006684e-06,6.4885593345990514e-06,1.3331135090745712e-05,3.157970451004564e-07,4.8641872568687774e-06,7.098210263041208e-07,4.981179978837504e-10,0.9571627525591284,0.004844157474751515,2.9772262948934903e-05
18,7.446870895410298e-08,4.176727752339734e-08,5.691929052945846e-05,0.00035213475580456676,8.869217897874877e-05,0.03073984628290657,3.0103056631130926e-07,3.938877886991782e-09,0.016736257283648567,0.003602974073364251,1.4847227624577103e-08,1.0974332655317131e-09,2.7221872047020743e-09,1.0788608834521853e-05,1.810287812041447e-06,6.761346149478623e-06,4.598384654796657e-06,1.631521816627612e-05,3.840294438203674e-07,4.814349441397214e-06,5.26342952004817e-07,4.994168226867082e-10,0.9450944861398033,0.003266240346999663,1.601070881504964e-05
19,6.241481568366618e-08,7.290888371546952e-08,7.050593527214046e-05,0.0004523691548956281,0.0001175123368823517,0.03491734770177799,3.691206974196409e-07,4.48804062426931e-09,0.026371983574053043,0.005502044067529702,1.4845802759036235e-08,2.2846582684315773e-09,3.194528032605351e-09,1.9463182362265584e-05,2.9541187560747215e-06,1.1515006126390118e-05,6.231860396675212e-06,1.2710447750070175e-05,4.314274115872094e-07,6.852522660866613e-06,4.744157875737952e-07,8.072755783679927e-10,0.9272974527555523,0.005172132978591077,3.748844949215996e-05
20,8.550714154759537e-08,8.843676224618429e-08,7.474648442485803e-05,0.0004015864387588597,0.00012016160952148159,0.03208182882869171,3.9978453623494633e-07,6.06996802888481e-09,0.022477065199547033,0.005121496318560517,2.4443265628064635e-08,2.4616578539339652e-09,4.270983855142403e-09,2.3680839323869433e-05,3.6078923532931495e-06,1.1382966166280858e-05,7.565769212722368e-06,1.6351006942727897e-05,5.858252806085182e-07,7.811415118760025e-06,7.747507339714068e-07,1.1766536577463527e-09,0.9349993655712501,0.004609964457026642,4.141247611739792e-05
21,7.334745430900279e-08,4.909823227510215e-08,0.00010678567303870099,0.0002171622033425927,6.221112443637828e-05,0.01030124878141881,2.5653449920684655e-07,2.9501315393352308e-09,0.010680825323720599,0.0027134507909495663,1.1304962311536487e-08,1.846230638986063e-09,2.79583556617306e-09,2.0761197708617574e-05,9.5481136218868e-07,8.834819467248938e-06,7.218134877006946e-06,1.6697264513155174e-05,2.3713510293982187e-07,4.935777683264775e-06,8.554595812675497e-07,3.2408507871596657e-10,0.970165243070682,0.005663607738943023,2.8572491741970138e-05
22,7.390461063484423e-08,4.452093887258914e-08,8.883390755300552e-05,0.00023228844348802924,5.65296204157146e-05,0.017865031066815442,2.1358752777183122e-07,3.756841156549457e-09,0.007567244776027448,0.0036473344286596064,1.4164720685834985e-08,1.021817642368434e-09,2.58203067433431e-09,1.3890144944714264e-05,1.0491111186503012e-06,7.148220814999291e-06,9.1793526150032e-06,1.855068980361473e-05,3.1689889468407434e-07,4.779977725749533e-06,8.225233847564936e-07,4.2524965893018585e-10,0.9675323230076714,0.0029370175662552195,1.7306300074695723e-05
23,6.600909540024287e-08,4.797598615117635e-08,7.107535729422885e-05,0.0002713148111956779,8.437045150526469e-05,0.02372576312264443,3.1945978082758367e-07,3.4339218799565844e-09,0.015963924951912505,0.0033236016357156796,1.519839379175902e-08,1.7229033549840177e-09,2.679218094813641e-09,1.533075507150808e-05,1.8739266211203228e-06,8.836368843048899e-06,6.269385489480579e-06,1.3767684093814518e-05,3.6033153344807254e-07,5.213954879255245e-06,6.238894075592789e-07,5.205989448844986e-10,0.9520382348568772,0.004439138344746567,2.9843172270994892e-05
24,5.445248772678632e-08,6.800192369050473e-08,6.484247191484954e-05,0.00039380429173606666,9.043203473468135e-05,0.020079900333143396,2.8834425602883303e-07,4.525591106586212e-09,0.015412161423063814,0.004606084114861764,1.452647738332079e-08,1.703449680530375e-09,2.775680670777919e-09,2.0776901561394962e-05,1.8050047250049566e-06,9.45493621657601e-06,7.030707957307031e-06,1.835201498457908e-05,4.751539686591437e-07,5.585254519388967e-06,7.062015360382296e-07,5.719373802417358e-10,0.9553035911610509,0.003958549941103713,2.601315111837549e-05
25,6.281986104572436e-08,4.5208622598503174e-08,6.637389676201001e-05,0.00025690591870734873,0.00011163769997257216,0.014039289636474113,4.109881899989049e-07,5.094607306393733e-09,0.010353109238937343,0.0019464647203346,2.090656671123738e-08,1.756800036838197e-09,2.4654553680725725e-09,1.904923202885966e-05,1.244893020597662e-06,5.8234189870486345e-06,6.667401507674772e-06,1.8673888153148115e-05,3.247670741269645e-07,4.786382010838608e-06,1.1233789464025943e-06,4.1986768265424327e-10,0.9698287425504812,0.0033163968565360644,2.28364600952627e-05
26,4.2621429669419567e-07,1.252955677493864e-05,0.0001318241731096317,0.0019153758413993508,0.00041264404990911936,0.4706852979162704,8.525890715657109e-06,2.28759746555033e-06,0.07597806521979117,0.09713578177659274,3.434322848408113e-06,3.2101465790797754e-07,4.5343778397332754e-08,0.0006577267874630919,0.0031451602731484146,0.0006001500200618012,0.00025136971225408615,2.095789878567082e-05,9.48685562616914e-05,3.70223715378833e-05,8.128595554864872e-06,1.1661369997530839e-06,0.34250412455851437,0.00114821796777785,0.005244548204030414
27,7.871772607709594e-08,6.581797651834515e-08,6.465373156954227e-05,0.00037546308603817,0.00011208789321251929,0.040297865192910245,4.05171314376979e-07,4.717168771616232e-09,0.03094326245589043,0.00451842908933951,1.8670925561073097e-08,2.4900315655427117e-09,3.3871101707322704e-09,1.695370582278599e-05,3.5656027979856436e-06,1.1609607793733476e-05,5.17206271749821e-06,1.2665643776704005e-05,5.009461403851098e-07,6.377365311559062e-06,4.98732049672007e-07,9.7640122880306e-10,0.9179867161332362,0.005599853557520513,4.374524521851042e-05
28,6.600909540024287e-08,4.797598615117635e-08,7.107535729422885e-05,0.0002713148111956779,8.437045150526469e-05,0.02372576312264443,3.1945978082758367e-07,3.4339218799565844e-09,0.015963924951912505,0.0033236016357156796,1.519839379175902e-08,1.7229033549840177e-09,2.679218094813641e-09,1.533075507150808e-05,1.8739266211203228e-06,8.836368843048899e-06,6.269385489480579e-06,1.3767684093814518e-05,3.6033153344807254e-07,5.213954879255245e-06,6.238894075592789e-07,5.205989448844986e-10,0.9520382348568772,0.004439138344746567,2.9843172270994892e-05
29,6.600909540024287e-08,4.797598615117635e-08,7.107535729422885e-05,0.0002713148111956779,8.437045150526469e-05,0.02372576312264443,3.1945978082758367e-07,3.4339218799565844e-09,0.015963924951912505,0.0033236016357156796,1.519839379175902e-08,1.7229033549840177e-09,2.679218094813641e-09,1.533075507150808e-05,1.8739266211203228e-06,8.836368843048899e-06,6.269385489480579e-06,1.3767684093814518e-05,3.6033153344807254e-07,5.213954879255245e-06,6.238894075592789e-07,5.205989448844986e-10,0.9520382348568772,0.004439138344746567,2.9843172270994892e-05
30,6.600909540024287e-08,4.797598615117635e-08,7.107535729422885e-05,0.0002713148111956779,8.437045150526469e-05,0.02372576312264443,3.1945978082758367e-07,3.4339218799565844e-09,0.015963924951912505,0.0033236016357156796,1.519839379175902e-08,1.7229033549840177e-09,2.679218094813641e-09,1.533075507150808e-05,1.8739266211203228e-06,8.836368843048899e-06,6.269385489480579e-06,1.3767684093814518e-05,3.6033153344807254e-07,5.213954879255245e-06,6.238894075592789e-07,5.205989448844986e-10,0.9520382348568772,0.004439138344746567,2.9843172270994892e-05
31,7.688560869977735e-08,4.509437773718697e-08,0.00010224153582239673,0.00022864918272358026,4.9958053699358476e-05,0.017711900994790853,2.9499389267453475e-07,4.199550649626535e-09,0.010918546139831887,0.003441192126662837,1.1357884604814743e-08,1.4559224262978185e-09,2.7060415123197993e-09,1.4506952101768453e-05,1.0931671838375316e-06,1.0195405239042484e-05,6.924554944344085e-06,1.7756923633787123e-05,2.999785250234847e-07,4.878321657316285e-06,7.346510037173126e-07,3.7584181551726125e-10,0.9636505407948954,0.003816981112927844,2.3163035236814404e-05
32,6.900180668813611e-08,4.9857472634121494e-08,6.962085318960995e-05,0.00028514806086436887,8.763829256840474e-05,0.0251988730192143,3.443402727592363e-07,3.792825945530673e-09,0.0161213418487801,0.0034465700256778925,1.6582108104948173e-08,1.8180938507798682e-09,2.9130441510603874e-09,1.4974392066353939e-05,2.0471448480998083e-06,9.662223775537478e-06,6.62895643193049e-06,1.482421870079222e-05,4.201384316316162e-07,5.509777033471217e-06,6.632076889304254e-07,5.797844102886826e-10,0.9502430037239352,0.00446281361009228,2.9771621292426692e-05
33,7.232989061216008e-08,5.106277507173495e-08,6.975107592709262e-05,0.00027693115471873425,8.45493704043655e-05,0.022292897452129982,3.3706595302614174e-07,3.77525498740011e-09,0.014300972199904137,0.00306391978324419,1.6664973420073747e-08,1.9138043116821923e-09,2.851214838601029e-09,1.5425100755307572e-05,1.8254883226463356e-06,9.115214179274691e-06,7.204862844289121e-06,1.4694354666389851e-05,3.8807503415152043e-07,4.950626543812945e-06,7.122599972018655e-07,5.686099871301797e-10,0.9554682342870094,0.004358783250748941,2.9159211093908907e-05
34,1.7691931758674153e-07,2.2051398944312644e-08,6.418826772921102e-05,0.00020964828585231553,9.070774714956907e-05,0.02217520505525402,3.7829215685466166e-07,3.0521035776212218e-09,0.013434251798523932,0.0015135427344626635,2.3759607513016678e-08,1.1747655773860634e-09,3.30218876821684e-09,6.7981669625201805e-06,1.9568344680806195e-06,5.818029748252957e-06,4.257478418292893e-06,2.156867285462795e-05,4.6036274193630023e-07,3.428686717397867e-06,8.134954070323078e-07,4.4031148097340224e-10,0.9586245294580797,0.003826281481889117,1.5934451891125563e-05
35,1.4843126584850546e-07,5.382381808082816e-08,7.035484880986914e-05,0.0003188373214465108,4.1071437459347826e-05,0.03445110023618989,3.606635601933938e-07,5.26687775494889e-09,0.017001390431750956,0.0039845868712450406,1.2609528500201222e-08,2.068112535268621e-09,3.6121957979588312e-09,8.577175938520317e-06,1.6442511256456129e-06,1.6637459070254457e-05,6.080128375603996e-06,2.5429687528637758e-05,6.479228144046195e-07,3.4590512800517693e-06,5.67667331244166e-07,7.664572372671016e-10,0.9394200107332311,0.004626455070625025,2.256246396201649e-05
36,6.569561901194961e-08,4.6998800843228133e-08,7.07010613853257e-05,0.00026721199240828906,8.511667597454854e-05,0.023566532839967413,3.1811448047267597e-07,3.366497219392512e-09,0.015892999133411915,0.0032575125956985688,1.5254341704166145e-08,1.7036906448090003e-09,2.6518588275636362e-09,1.5183694793567332e-05,1.8550097657586541e-06,8.653269549715873e-06,6.208951772214135e-06,1.3640031993635714e-05,3.55088256978047e-07,5.180371546189636e-06,6.242727269895057e-07,5.118908585066884e-10,0.9523181743096502,0.004459914551722798,2.9681852196261237e-05
37,8.631660006755196e-08,3.8742424792560126e-08,9.336398101501687e-05,0.0001746728320298746,8.916900398479962e-05,0.01207163862447082,2.7118402932805096e-07,1.9377567969938593e-09,0.013688075159278487,0.002106867825868205,1.2783980031223056e-08,1.5122310867110666e-09,2.8552566741968532e-09,1.5216718923499374e-05,8.960620000779428e-07,6.044323251682068e-06,5.613924876218041e-06,1.406365065487432e-05,2.0459727743983815e-07,4.59743586758204e-06,7.717250997313268e-07,3.2053676661268303e-10,0.9643858782335927,0.007316214881117085,2.6295367876491525e-05
38,5.978798548508725e-08,5.718930061731462e-08,7.237164847146857e-05,0.00026662844811551256,0.00010440116111545177,0.018837980097452234,2.8287726294646e-07,3.0512087542073523e-09,0.018149737108190487,0.003200230586818562,1.600362669660471e-08,1.850331497291822e-09,2.4135395522191533e-09,2.1203574849383176e-05,1.8206061804893887e-06,6.9375242679202015e-06,6.0765167551655425e-06,1.1587115417253174e-05,2.990967942970622e-07,4.898298474449296e-06,6.425174128577316e-07,5.058681082911414e-10,0.9542822282205218,0.004996027339329746,3.650646070912966e-05
39,8.574187636990247e-08,4.5861368885140286e-08,8.1439579638165e-05,0.00023841463197731466,6.167020891230382e-05,0.032846175743857835,5.546068489810862e-07,6.5007733597485315e-09,0.011377687998066882,0.002851163327629464,1.881710051790275e-08,2.708849398618491e-09,3.299410577831932e-09,1.1287933364011838e-05,1.948372730495673e-06,1.6371278757974304e-05,1.0012430040808873e-05,1.5310716142187053e-05,4.797195949438467e-07,5.392739739523244e-06,8.509707861188062e-07,7.391604849316328e-10,0.9485533497257927,0.0038940521844717142,3.3674163108930655e-05
40,8.482751552878786e-08,5.3734841200631284e-08,8.058563958533915e-05,0.0002678236249734364,9.496738512136804e-05,0.02747233131964816,3.6037111118063194e-07,3.668684211423451e-09,0.017659531097752628,0.003145779923182538,1.8936236107811665e-08,2.2180604887607796e-09,2.99445161083742e-09,1.668807305106624e-05,2.42251336818523e-06,8.905907405876516e-06,7.063042076371376e-06,1.1976063008529584e-05,3.49937882012995e-07,5.214783099262919e-06,6.428575950771394e-07,6.812918603579696e-10,0.9465544045805568,0.004632215110324349,3.8570709176700605e-05
41,6.34057706007627e-08,3.592896346776183e-08,4.952194506532719e-05,0.00044609965823838663,0.0001504710716390824,0.0490688603572069,3.3057093708153093e-07,3.1130429377083736e-09,0.03503404484851661,0.0036805821787614383,1.6014339072280537e-08,1.6638114121550538e-09,1.92813068589151e-09,1.1375604907857054e-05,4.5736992067478765e-06,6.774480122119037e-06,3.4034349914649854e-06,8.712116312774544e-06,3.374237239871006e-07,4.735293380069835e-06,2.4718339291154905e-07,5.660404240354193e-10,0.9073594507381506,0.004139213133353427,3.1143641994720714e-05
42,1.1597676630446473e-07,1.1681275708121552e-07,7.82479659057876e-05,0.00043919082046572883,0.00011764061497083647,0.06108902756868639,6.660063909384175e-07,9.401539085329031e-09,0.026634334980733258,0.0064086513457723765,2.9828073654355214e-08,3.6714794774460418e-09,6.020930005304427e-09,1.7224795081700286e-05,5.236596772789783e-06,2.2783500177718293e-05,1.221476484570668e-05,1.5500306242416528e-05,1.072591349282301e-06,8.023098237714014e-06,9.034507538169887e-07,2.3776816948379973e-09,0.9001546422699666,0.004942785049810688,5.15701846090907e-05
43,9.425216694754521e-08,6.689660226865588e-08,6.051688828668807e-05,7.735000383052755e-05,0.00011222147333593297,0.002236030675947038,3.7190226026713146e-07,7.859335038894814e-10,0.009736149092696593,0.00029586464681686966,2.038149673148213e-08,6.309538173631857e-09,1.690203133765717e-09,3.308300479803282e-05,7.593718814609147e-07,3.0698045194476626e-06,9.955654011962756e-06,6.175152904452495e-06,9.310017919528374e-08,1.4343071094213881e-06,1.0544143167734729e-06,2.1667603205668372e-10,0.9792204386151278,0.008130979527247686,7.426183211320278e-05
44,6.600909540024287e-08,4.797598615117635e-08,7.107535729422885e-05,0.0002713148111956779,8.437045150526469e-05,0.02372576312264443,3.1945978082758367e-07,3.4339218799565844e-09,0.015963924951912505,0.0033236016357156796,1.519839379175902e-08,1.7229033549840177e-09,2.679218094813641e-09,1.533075507150808e-05,1.8739266211203228e-06,8.836368843048899e-06,6.269385489480579e-06,1.3767684093814518e-05,3.6033153344807254e-07,5.213954879255245e-06,6.238894075592789e-07,5.205989448844986e-10,0.9520382348568772,0.004439138344746567,2.9843172270994892e-05
45,7.822202188263018e-08,4.2843749146967653e-08,4.65488631511997e-05,0.0005084994255598571,0.0001505823852722064,0.07175184430755593,7.897350821381865e-07,6.6577598354788794e-09,0.035771201177377795,0.0038405255731295816,2.2131631809214032e-08,2.8078631812310027e-09,3.76727573840364e-09,9.512364435847097e-06,7.368441211120748e-06,1.7308747480309966e-05,4.642306723035104e-06,1.3160204251239693e-05,7.484832936579683e-07,8.401680407846798e-06,3.8052556238436357e-07,1.1024429944120532e-09,0.8835102649417836,0.004321986667499737,3.607663747788657e-05
46,8.771922372484903e-08,5.50093209741092e-08,7.173978845279025e-05,0.000272029856553766,7.805683780987837e-05,0.02636531023835487,3.6275102043391315e-07,4.010670296979692e-09,0.012471537647611159,0.0028612589361192344,1.8066407429979582e-08,2.391495129471255e-09,2.930553530384745e-09,1.3529364558891996e-05,2.1231094537433967e-06,1.040186012092335e-05,1.0457361670559985e-05,1.207946216938398e-05,3.7845940883317987e-07,4.449560601462904e-06,6.485625295414865e-07,7.351754141023389e-10,0.9538093143293048,0.003983415192001036,3.2735819412385625e-05
47,1.813338698659118e-07,1.593563784837771e-07,0.00010647591941735779,0.00032726140638258413,8.773720549090675e-05,0.04166866137202523,6.553402495577184e-07,7.220800327862398e-09,0.028999423412636283,0.00549005986420059,2.6690622967484966e-08,6.432067727389226e-09,6.578875759291477e-09,2.200774583681785e-05,4.847595954680757e-06,2.783288514153063e-05,1.467742356744395e-05,1.3633854553838668e-05,7.257124215701003e-07,6.937574952353684e-06,7.407241871865038e-07,2.36361465680542e-09,0.9155842652631949,0.007555524235509151,8.814248804847864e-05
48,8.319412330792545e-08,1.1166957568720608e-07,7.872605738013095e-05,0.000417113722208366,6.238461306119849e-05,0.02789709427353842,3.184313716442652e-07,6.803688666476284e-09,0.011046184830166486,0.005777935959599601,1.678886121702593e-08,2.4803491967614016e-09,3.3337574726513794e-09,1.927370645956346e-05,2.063480616781613e-06,1.3621870941017631e-05,1.5919647718142672e-05,1.7063494722953863e-05,5.361815956877379e-07,4.90321591341633e-06,6.799915420631031e-07,1.0315199110253402e-09,0.9517634132807582,0.0028534991457597994,2.904279477114395e-05
49,7.478489510901411e-08,4.4240306843010106e-08,7.903955031381642e-05,0.00023364669314943163,7.28475468043411e-05,0.026506957508267003,3.3738046052069497e-07,3.275460342155156e-09,0.015808120010224372,0.0029553011338038834,1.4024327074101932e-08,1.8176393920833254e-09,2.681395021483003e-09,1.3084273702155885e-05,1.6185255065967936e-06,8.643235119307433e-06,6.0141063308639165e-06,1.1897067572687364e-05,2.7114376137399656e-07,5.022087163598928e-06,5.46411161639966e-07,4.897080386448156e-10,0.9496134490297954,0.004653635873477966,2.9427109653352467e-05
50,7.979042246571245e-08,1.228556803015264e-07,0.00011091356154965175,0.00048574009256517327,0.0001136194876722593,0.0365249224912041,4.681042233739816e-07,8.565302075313587e-09,0.024758476577231122,0.00929780190946356,2.1165640288055994e-08,2.7990590893361478e-09,5.029798257389699e-09,3.004269832585508e-05,3.4560670012736076e-06,1.7201003181014964e-05,9.53343619375915e-06,1.858330001997976e-05,7.370318624107815e-07,9.347303954993701e-06,8.808789592825379e-07,1.2975443539336684e-09,0.9237713999559986,0.004797310957485475,4.9323639661549635e-05
51,1.0112946306264095e-07,2.857843692818443e-07,0.00010149079141047647,0.0008144305118383896,0.0001186434796953752,0.027281680419604968,3.7959900088255937e-07,1.3509653924343173e-08,0.028089325169884265,0.011309023437997957,2.6742631832671234e-08,4.343984177756818e-09,5.146606247270941e-09,5.95874831377666e-05,4.634955767580907e-06,1.5588319151397276e-05,1.1284679644881599e-05,2.2547411257513158e-05,8.209643246909442e-07,7.663942686093726e-06,8.789189096314351e-07,1.918645139659098e-09,0.9281861229201238,0.003919393290373659,5.6065129836958404e-05
52,6.568609138639268e-08,4.935634276181346e-08,7.159998480040964e-05,0.00023850999731727084,9.704594109720818e-05,0.02179874046771526,3.6126166468216613e-07,3.1728754753336124e-09,0.01600869594214946,0.0026541260140122364,1.674408416967097e-08,2.007898068792858e-09,2.581788224250868e-09,1.617310131324141e-05,1.75636711751787e-06,7.89124223063819e-06,6.804215536323103e-06,1.1707810391820935e-05,3.2155906328592637e-07,4.730696024366731e-06,6.954463790141369e-07,5.174436560628558e-10,0.9543026186624266,0.0047438642579652026,3.421696627206665e-05
53,7.806870078172015e-08,6.210922932339481e-08,9.519431206328904e-05,0.00031851133007572505,8.688792604883071e-05,0.02129754551053245,2.2139499409986586e-07,3.5162542882152313e-09,0.01540907487874617,0.005441552392718157,1.5045928938750847e-08,1.335071515619443e-09,3.252276164899815e-09,1.9136363907234392e-05,1.67445534058459e-06,8.70658996777652e-06,7.565281155526845e-06,1.6892962042903054e-05,4.186899199936936e-07,5.696698494565998e-06,7.713703172029204e-07,5.959006924013515e-10,0.9522904927048278,0.004972966616318395,2.6526599167679823e-05
54,7.351742174493551e-08,1.6579221575166277e-07,0.00012439945097654273,0.0003604467561681415,0.00011250191310374629,0.02762512860295387,4.904559752506859e-07,6.10658987481546e-09,0.04161263610884603,0.007926765407630341,1.9942832411647475e-08,5.990893323139871e-09,3.977782102904966e-09,5.132529642419646e-05,5.846155814936382e-06,2.4773783834154838e-05,9.646371294579115e-06,1.0156363068867784e-05,4.96562105900451e-07,9.301232105070697e-06,6.029098990393214e-07,1.3131393189930629e-09,0.9134369974318379,0.008537120532889974,0.00015108802419683718
55,6.024120416761836e-08,3.83286233587033e-08,4.4723780190403464e-05,0.00021368025570208028,0.00013039951267683912,0.020140976867949155,5.559029487062338e-07,2.085126297546931e-09,0.028686573349665095,0.0013410369073500257,1.5771404045051997e-08,3.5181960407427704e-09,2.288955450038826e-09,1.288886389788628e-05,1.8627408635857615e-06,7.8742874643214e-06,3.6360905526559942e-06,9.684967218939319e-06,2.849484010977035e-07,3.873475072161211e-06,4.947574224183728e-07,4.0357128291889296e-10,0.9405318359033893,0.008824474708997295,4.502004315715484e-05
56,6.991121345533304e-08,4.987001443231468e-08,7.203913725603373e-05,0.00027383348605212787,8.62672935011736e-05,0.023761615574358026,3.310967268956474e-07,3.5470303257950686e-09,0.016098988626444957,0.0032922614569804325,1.5887174381245256e-08,1.8262181652549343e-09,2.866934081002983e-09,1.5505856836548888e-05,1.901665174219038e-06,8.99790212278488e-06,6.419365342954564e-06,1.4089874883953884e-05,3.6830131262931713e-07,5.389220334999735e-06,6.434929374104872e-07,5.532155028040402e-10,0.9517332057563505,0.004597713361096421,3.0284070487851673e-05
57,8.738989654696612e-08,8.546494340764479e-08,9.244716890669904e-05,0.0003104575050094449,0.0001041614040039228,0.025445495740515377,5.042004179990874e-07,5.689786692554845e-09,0.01936699769585391,0.004583354903731993,2.2737925260781358e-08,3.0314838902321947e-09,4.761144203293585e-09,2.1159529670748087e-05,2.442505072610595e-06,1.5940723334794493e-05,9.83652173626114e-06,1.8755462880921742e-05,7.433787991804751e-07,6.922091820876564e-06,1.1691793973763565e-06,9.80477899197087e-10,0.9437560975237511,0.006218117417186629,4.518699225232566e-05
58,6.375906892721448e-08,4.351684283670957e-08,6.815449322117896e-05,0.00024050850570699357,9.303995545356669e-05,0.021155610650145436,3.269266283321952e-07,2.838768564986979e-09,0.0171485692752938,0.0028442148023042507,1.490561128615323e-08,1.8035134550417388e-09,2.7761577301220675e-09,1.4533508473255186e-05,1.7072963200456063e-06,8.619636886566455e-06,5.73423597231246e-06,1.2854083442214305e-05,3.2572354877559497e-07,5.584902038996727e-06,6.192537397685379e-07,4.744229349383288e-10,0.9525454018968557,0.0058231605534509595,3.090422613211287e-05
59,6.113214427043057e-08,4.430259446946855e-08,7.675926816678393e-05,0.00023162470293399467,8.813669366251336e-05,0.020077600775115806,3.1199176957206873e-07,2.8603002189485106e-09,0.016248288295196193,0.0031185049101099074,1.3887581425917862e-08,1.6445624072601116e-09,2.712639176415855e-09,1.5540739149782464e-05,1.5438900828816694e-06,8.792682554821441e-06,5.991793550055312e-06,1.3155367760215662e-05,3.124312176256263e-07,5.700457313695396e-06,6.659462692293844e-07,4.408467600215245e-10,0.9543809900053447,0.005695228234810658,3.0724834322972423e-05
60,6.600909540024287e-08,4.797598615117635e-08,7.107535729422885e-05,0.0002713148111956779,8.437045150526469e-05,0.02372576312264443,3.1945978082758367e-07,3.4339218799565844e-09,0.015963924951912505,0.0033236016357156796,1.519839379175902e-08,1.7229033549840177e-09,2.679218094813641e-09,1.533075507150808e-05,1.8739266211203228e-06,8.836368843048899e-06,6.269385489480579e-06,1.3767684093814518e-05,3.6033153344807254e-07,5.213954879255245e-06,6.238894075592789e-07,5.205989448844986e-10,0.9520382348568772,0.004439138344746567,2.9843172270994892e-05
61,6.252434764843239e-08,4.2948397400318815e-08,7.720237115138222e-05,0.00022602577619381872,8.768659959194674e-05,0.019680598017270054,3.038375890423229e-07,2.761921879187343e-09,0.01646697810415557,0.0030454890673534234,1.3531482119884445e-08,1.5758924145554336e-09,2.6636495291767172e-09,1.5104854940744994e-05,1.4336958881048909e-06,8.25501332800915e-06,5.641762891919551e-06,1.3103831434226812e-05,2.9543751825439925e-07,5.477378020755508e-06,6.530389304558106e-07,4.186624404473876e-10,0.9545203931643149,0.005815747523023166,2.948410205093754e-05
62,6.600909540024287e-08,4.797598615117635e-08,7.107535729422885e-05,0.0002713148111956779,8.437045150526469e-05,0.02372576312264443,3.1945978082758367e-07,3.4339218799565844e-09,0.015963924951912505,0.0033236016357156796,1.519839379175902e-08,1.7229033549840177e-09,2.679218094813641e-09,1.533075507150808e-05,1.8739266211203228e-06,8.836368843048899e-06,6.269385489480579e-06,1.3767684093814518e-05,3.6033153344807254e-07,5.213954879255245e-06,6.238894075592789e-07,5.205989448844986e-10,0.9520382348568772,0.004439138344746567,2.9843172270994892e-05
63,7.024736019422578e-08,5.968229717125897e-08,7.467804513969818e-05,0.0002912406689635325,8.604684628958273e-05,0.024034357617835973,3.3020114567268106e-07,3.92336897905809e-09,0.01694963925618796,0.0037891422551365,1.6312355075682978e-08,1.9671910093785866e-09,2.9654732005409896e-09,1.754539893797669e-05,2.046104701416953e-06,9.890849852691567e-06,7.054870714237707e-06,1.4358257198737216e-05,4.029088842624202e-07,5.533292523176642e-06,6.630229429080797e-07,6.234200645753334e-10,0.9500527826065294,0.0046308295990226764,3.330247652802941e-05
64,6.989894778104047e-08,4.8791222653757526e-08,8.057697557703492e-05,0.00023495562373394073,8.7838345819374e-05,0.018743966713015543,3.389941564485285e-07,3.4954347745785995e-09,0.013482904904255555,0.003008672598935061,1.646644023993907e-08,1.6603335274368766e-09,2.985006844783518e-09,1.6449116802295498e-05,1.484918790238971e-06,8.576999949477127e-06,7.160680410561791e-06,1.566233775837181e-05,3.6658606477007616e-07,5.408189888441456e-06,8.838875618025032e-07,4.890204430676676e-10,0.9595301663892339,0.004746099889058199,2.8343062582764247e-05
65,6.590297127409478e-08,4.318998547312009e-08,6.516640325964649e-05,0.00026723144661875347,8.19187530199991e-05,0.024694508901712833,3.243183460285026e-07,3.416960902437891e-09,0.014821563348910471,0.003047150450254631,1.5450801570215152e-08,1.662787725932497e-09,2.5414369964513945e-09,1.3505546288449229e-05,1.8800641328003774e-06,8.636739174514073e-06,6.265569223720824e-06,1.3850916383515443e-05,3.662985562244279e-07,4.90352578326315e-06,6.025043666900743e-07,5.04695893622952e-10,0.952836623534224,0.004107903310320037,2.7465699784575744e-05
66,1.2042350599275546e-07,7.580737103336109e-08,0.00021302335151207418,0.0003147303128672366,0.0001059998695576539,0.02483122673286599,5.050316287148306e-07,6.892895954131989e-09,0.02038234742805824,0.007465196903964492,1.7410120622707405e-08,1.5153286174471414e-09,6.7507269130805695e-09,2.5974929193645488e-05,1.9117368056785037e-06,1.4082869516029523e-05,6.900468204558425e-06,2.536524855809158e-05,4.3238401276487436e-07,1.2792038870837934e-05,1.3533152364974409e-06,6.73277407084255e-10,0.9409455532820951,0.005621450956392781,3.0923667433376635e-05
67,9.366734463427913e-08,1.0153985893003352e-07,6.879352279240698e-05,0.0003993834349466832,0.00014401485115575762,0.04203951222405351,5.368429548416197e-07,5.457109433310918e-09,0.038018465261483406,0.004879826842464915,2.5465971725204673e-08,3.831134821872306e-09,3.825496887827522e-09,2.2457013023973703e-05,5.1514181166802306e-06,1.414517044407838e-05,7.10626382636548e-06,1.2261300899623843e-05,6.551978659889168e-07,6.08926174576527e-06,6.033834335432176e-07,1.38450892533073e-09,0.9081227461711161,0.006191906230201193,6.611043804993007e-05
68,7.829120355276579e-08,5.3950516602343964e-08,6.973437265215996e-05,0.00029063102649071605,8.353900362339255e-05,0.02611332167325561,3.5606468703259143e-07,4.311772119430466e-09,0.01511090584897628,0.0034734123025048605,1.7817769570533772e-08,1.8590380513794893e-09,3.0181500625720025e-09,1.4719855260744566e-05,2.107388834321407e-06,1.0135193311228709e-05,7.496874889923549e-06,1.5793907654862558e-05,4.643265378383375e-07,5.117466224290447e-06,7.222743821040001e-07,6.607772931453548e-10,0.950700349371372,0.00407184300040761,2.9190139707884967e-05
69,5.429058283232213e-08,4.5583296447303786e-08,8.902825498879636e-05,0.000240486129591715,6.40968680962097e-05,0.0170607550822954,2.709759514926326e-07,3.809916735220196e-09,0.012336588517606535,0.0037690063383592513,1.2189936486290105e-08,1.4020803030642865e-09,2.513482718248069e-09,1.8583488734466354e-05,1.229339017316688e-06,9.020210468849314e-06,5.9875665456855395e-06,1.7016138174009246e-05,2.969146804461513e-07,6.043517080331775e-06,7.383240960311881e-07,3.6837883160190017e-10,0.9620354643353279,0.004318814343509499,2.6453497801767437e-05
70,5.217925679712578e-08,3.523965734136477e-08,5.8312139124871576e-05,0.00026800832889346804,0.00011534824513262296,0.021243903663105575,2.936284852969725e-07,2.638776119978463e-09,0.01890144876959622,0.002382617345016815,1.412368699737595e-08,1.4655616318946835e-09,1.8752455734447937e-09,1.4746166725099597e-05,1.8974846463659195e-06,5.3215753069695e-06,4.249900443033649e-06,9.712505823563671e-06,2.2663317862994478e-07,4.638013811895854e-06,4.38225577818841e-07,3.638605972043365e-10,0.9527404382634765,0.0042204133354006215,2.787789020978328e-05
71,7.083492129881901e-08,4.771323813907158e-08,7.059679582798369e-05,0.0002727706852088006,8.14519246449757e-05,0.025183630212541497,3.1809032733118774e-07,3.5284209059338397e-09,0.015618125692495285,0.0033190637104884217,1.5854759967525136e-08,1.7724445136094774e-09,2.7061897273199613e-09,1.4596345360404158e-05,1.9965535978104002e-06,9.060955924168801e-06,6.539694941011812e-06,1.3591805627673987e-05,3.7123924359637847e-07,5.043698271346372e-06,6.072108890404743e-07,5.538398168793943e-10,0.9510668620931051,0.004305162211453996,3.0068116237482307e-05
