,0,1,2,3,4,5,6,7,8,9,10,11,12,13,14,15,16,17,18,19,20,21,22,23,24
0,1.5437072834150912e-06,3.4683103046486385e-09,4.889692281771246e-05,0.004588787346231017,8.462387049330129e-07,0.01642281349802671,0.00018411822774067494,2.1183287972740082e-06,0.00038199648741963103,0.012045240048084528,0.00012171875038528309,1.0704502800464242e-10,5.4129765171844486e-08,0.08315174288647618,0.029782791089058742,2.0531748944470203e-05,4.358773359366797e-05,1.511565791467874e-06,4.788059101319252e-07,0.021380949395251692,0.0002774287786622137,0.003731662668327943,0.538628918051902,0.2882458054668469,0.000936454548622988
1,2.0521734508552742e-06,4.678882844421152e-09,5.912461768421918e-05,0.0051119051047641955,1.0910988335907588e-06,0.014764551248384451,0.00018292191524642678,2.4065161389060246e-06,0.0005920070801977306,0.014751353007822729,0.00014130220235938898,9.71419566399483e-11,5.7585124673772585e-08,0.07657891909561064,0.03229034183172778,2.44899172014404e-05,4.4169475968368726e-05,1.4294609935728616e-06,5.162417042178514e-07,0.016453507113993616,0.0002427185374122443,0.0036022011008920393,0.4643840888841911,0.36986980137938635,0.0008990396348866843
2,1.574326684791291e-06,3.373738041704614e-09,4.354730039906463e-05,0.004169381858784569,9.830598348613736e-07,0.011674122021240714,0.00018333966414097128,1.91916140687569e-06,0.00041818999527847744,0.0104549510920349,0.0001233926963382705,9.187415852354033e-11,4.458535526559449e-08,0.08808555070004556,0.02926497418616126,1.5088499753679576e-05,3.7367375224283864e-05,1.4918139537878884e-06,4.116427259668351e-07,0.019348285454652198,0.0002447278896674165,0.004102429396133298,0.5530016630903093,0.2777178522328138,0.001108708491448514
3,1.5813100981180012e-06,3.77497677257057e-09,4.775735608671779e-05,0.00475750149103171,9.6139425986108e-07,0.012759749784198688,0.00016701652904085128,1.8572043256276824e-06,0.00038900992709595,0.010417937831974006,0.00014122334655387736,1.0333090242683923e-10,5.05712634587459e-08,0.09190673449203439,0.03124604260807284,1.774349988645364e-05,4.2663733473918586e-05,1.5140604163243825e-06,3.9088479668206825e-07,0.01570593995746882,0.0002463757920156188,0.00362851728448929,0.5334056782866343,0.2941175231957292,0.0009962255807454783
4,1.5752941376357397e-06,4.342458071019754e-09,4.709026367986981e-05,0.004701186437336852,1.013322936001003e-06,0.012052121134792608,0.00016524894873951937,1.8061082671116694e-06,0.0003705350270344378,0.009496329748373573,0.00015973301208576504,1.294489936694017e-10,6.239302870015574e-08,0.10316163183760124,0.028606510645817422,1.7171368650466997e-05,4.591106897126737e-05,1.6879935641360436e-06,4.055075772199415e-07,0.015209938893852843,0.00024784092356538886,0.0036322135519398046,0.5525980896231631,0.2684545067848829,0.001027385638094939
5,1.6763413936450663e-06,2.7090144087407097e-09,4.226667496828336e-05,0.005080855094575156,7.74057899061109e-07,0.009962158993658434,0.00014779323266622454,1.8250611936408972e-06,0.00034874444413065137,0.010475346028770533,0.00012522108168699006,1.0137655040786993e-10,4.594140839458936e-08,0.08877274577312315,0.022924862375930513,1.6993641903747e-05,4.206104238797273e-05,2.0356349119894507e-06,2.8995904566058163e-07,0.017113062473407395,0.000226939031571182,0.003354229259008393,0.5079518828249231,0.3324514946468974,0.0009566935741477179
6,1.5813100981180012e-06,3.77497677257057e-09,4.775735608671779e-05,0.00475750149103171,9.6139425986108e-07,0.012759749784198688,0.00016701652904085128,1.8572043256276824e-06,0.00038900992709595,0.010417937831974006,0.00014122334655387736,1.0333090242683923e-10,5.05712634587459e-08,0.09190673449203439,0.03124604260807284,1.774349988645364e-05,4.2663733473918586e-05,1.5140604163243825e-06,3.9088479668206825e-07,0.01570593995746882,0.0002463757920156188,0.00362851728448929,0.5334056782866343,0.2941175231957292,0.0009962255807454783
7,1.9348774522478654e-06,5.025528744883751e-09,7.385332642426723e-05,0.004518930326307913,1.1006336070453952e-06,0.013877577368579,0.00014694642629971342,1.995651265361862e-06,0.00038910306264302994,0.010266791439867187,0.0002029179183337279,1.1207592446281165e-10,6.956322211932915e-08,0.0798735555566366,0.0360865537602321,1.762791870977176e-05,4.530586120958534e-05,1.4067611472390308e-06,4.955796206609086e-07,0.01599879504253332,0.00023576396867990696,0.003801920938366097,0.4685238232473008,0.36517493687103586,0.0007585887629218216
8,7.451687114458175e-07,6.189981959314147e-09,3.461008348694165e-05,0.0019108613796824248,7.385498993405282e-07,0.05125203694140049,0.00025544089125858105,5.768152770951519e-06,0.0001906994913517605,0.003884450031023518,5.991029557432951e-05,4.783289570014856e-10,2.826905653153297e-07,0.03964046174731335,0.01361749207519183,5.152801065134456e-05,7.573424335728536e-05,1.1551470983074502e-06,2.5979803488599496e-06,0.035192603199842944,0.00030631355041504086,0.002185614514538328,0.8375705814440084,0.013311165746093038,0.0004492019971050565
9,1.4833609940429865e-06,1.76143836158171e-08,1.8422166430777655e-05,0.0022391567792563985,2.8631432813477383e-06,0.02150663794725502,0.0008736283367857622,2.4597242290551444e-06,0.0005597785971898141,0.005431409060145928,8.771338289416538e-05,3.403737609004459e-10,9.649360992820003e-08,0.0881627858268203,0.041354047353917255,2.7869938281330483e-05,3.631401633144815e-05,1.7474535296171235e-06,1.2871143820363447e-06,0.012332304174388832,0.0002880927276830266,0.0032361304942645813,0.7875430023520883,0.03129886445103424,0.0049938871504492666
10,1.5813100981180012e-06,3.77497677257057e-09,4.775735608671779e-05,0.00475750149103171,9.6139425986108e-07,0.012759749784198688,0.00016701652904085128,1.8572043256276824e-06,0.00038900992709595,0.010417937831974006,0.00014122334655387736,1.0333090242683923e-10,5.05712634587459e-08,0.09190673449203439,0.03124604260807284,1.774349988645364e-05,4.2663733473918586e-05,1.5140604163243825e-06,3.9088479668206825e-07,0.01570593995746882,0.0002463757920156188,0.00362851728448929,0.5334056782866343,0.2941175231957292,0.0009962255807454783
11,1.5747194425167722e-06,4.035139648212561e-09,4.862222734236324e-05,0.00487526621103453,9.605742901574273e-07,0.013225221219054737,0.00017039925923050163,1.9912447726994157e-06,0.00038960252800676327,0.01008475507322993,0.00014565878905248511,1.1612840815287902e-10,5.8186210292914955e-08,0.09338827544460608,0.030372006425549138,1.8649619219226696e-05,4.6559634532685556e-05,1.570068995441407e-06,4.097527736068499e-07,0.015946276251170156,0.0002453870175402027,0.003657809135476048,0.5447166538653386,0.28169539542316696,0.0009668931786967065
12,1.5489354955814835e-06,4.069624630037825e-09,4.535630252764436e-05,0.004505034355558452,1.098255550591577e-06,0.012644412099748875,0.00017287631578655435,1.682047474934849e-06,0.00037018688157851396,0.009324142003582838,0.00014119673179444704,1.1597704323872623e-10,5.1977016682738004e-08,0.10079156882347222,0.029570036823038905,1.653660166721235e-05,3.9421098548393425e-05,1.6907866535598548e-06,3.8014383478281705e-07,0.016445403490126544,0.0002508707092709805,0.0033349045539846824,0.5644073972887181,0.256796226974038,0.0011379726149298346
13,1.3539985319699624e-06,3.681108300601608e-09,4.5739521809526446e-05,0.004212192904242767,1.0059837070067291e-06,0.007705902267845656,0.00010061738776769589,1.1586277447844604e-06,0.00024836356768038066,0.006068278603785657,0.00024164059312208318,1.0751711204633555e-10,5.552130421810541e-08,0.1030915436355822,0.03028940000174025,1.1158318412992642e-05,3.573946856203256e-05,1.2464092548455485e-06,3.398987010268927e-07,0.009787595806361656,0.00021399592365643744,0.0029034597411100775,0.5527017490390642,0.281590212717436,0.0007472462739509692
14,1.3535019756460925e-06,1.2678724766553164e-08,5.752261874897317e-05,0.0029045416698845208,2.2949183405334633e-06,0.029775382743456005,0.0002846741222137098,1.1266461750189143e-06,0.0002638623033562765,0.009523263863504291,0.00029194430921933783,2.6444168624622264e-10,1.5108981554331944e-07,0.1541963760057253,0.04402249210666775,2.4559825446243797e-05,3.1432693653187474e-05,1.4083906048101327e-06,1.2899968977162144e-06,0.019387976891740367,0.00037151503260682663,0.0029642178471441147,0.5713379445898813,0.1631493053493377,0.001405350540438446
15,1.5813100981180012e-06,3.77497677257057e-09,4.775735608671779e-05,0.00475750149103171,9.6139425986108e-07,0.012759749784198688,0.00016701652904085128,1.8572043256276824e-06,0.00038900992709595,0.010417937831974006,0.00014122334655387736,1.0333090242683923e-10,5.05712634587459e-08,0.09190673449203439,0.03124604260807284,1.774349988645364e-05,4.2663733473918586e-05,1.5140604163243825e-06,3.9088479668206825e-07,0.01570593995746882,0.0002463757920156188,0.00362851728448929,0.5334056782866343,0.2941175231957292,0.0009962255807454783
16,1.6115259291428738e-06,3.3682869647550054e-09,4.4352640586262507e-05,0.005034598296729125,9.077154392494711e-07,0.0115176323230384,0.00017512406899440898,1.768496169576919e-06,0.00033347606976269093,0.012653845890993665,0.000134512085520477,1.218345083086734e-10,4.6825537585702405e-08,0.10696282271949398,0.027658670594773296,1.7864261187321473e-05,4.370096432075083e-05,2.0357530970624336e-06,3.6386577338357215e-07,0.017643191190567252,0.000317790854547724,0.004052750015745883,0.5244462721348883,0.2877630492179728,0.0011936089988103652
17,1.414286413141842e-06,3.094822462258993e-09,3.180155870043069e-05,0.0040768703313239455,7.461315351262335e-07,0.007976023178217745,0.00014070933783547106,1.6099461847140747e-06,0.0002552526825959621,0.006890211223470181,0.0001238378567087182,1.770642811952611e-10,5.748626284678369e-08,0.11838503694672714,0.016635893450160154,1.1897700447234062e-05,4.9506353755270374e-05,2.682544110877375e-06,2.924047689991226e-07,0.016746623882791994,0.00026586507977237897,0.003855849498367432,0.642823377952228,0.18040163011022323,0.0013228067855122093
18,1.2929065027276195e-06,3.238979786759703e-09,7.562493141420276e-05,0.005840715816882917,1.2695230896658247e-06,0.016242049046353266,0.0001495760416988789,1.9126311626810203e-06,0.00037021190327971417,0.010231368696331384,0.00016766363077552981,5.827695611789644e-11,4.512445708947109e-08,0.06525164027049281,0.049808727818969195,2.232858518594246e-05,2.8352593750425544e-05,7.86295885787483e-07,4.283991273840438e-07,0.014631432862033725,0.00022799567997464375,0.0024586690552667835,0.44981938286586387,0.38417720701890523,0.0004913150053393999
19,1.464157120940978e-06,3.998727332610612e-09,5.1765407179996104e-05,0.0053829716174918244,1.1236835314855957e-06,0.012793018526848639,0.0002104620090720893,2.3116093545106722e-06,0.0004024904075999044,0.01005030314813839,0.00014825401368137093,1.3298335671418949e-10,6.571255197526924e-08,0.10169611004408828,0.030986461955359576,1.9519066940725814e-05,4.771125188272301e-05,1.7860365690918272e-06,4.233972945466951e-07,0.018712833845110174,0.00025360996387369236,0.004270450838331322,0.550375426276669,0.2635737730674863,0.0010176598321125967
20,1.256645405468419e-06,3.4608895842935647e-09,4.9313190801656566e-05,0.004956901034910739,9.89702692810972e-07,0.012432015783181755,0.00018492565201684005,2.062575803431125e-06,0.00031358987089715265,0.009766675378808765,0.00015893143325177009,9.000069864679464e-11,4.431456176599041e-08,0.085414747051486,0.04832207994938742,1.6729891670329277e-05,4.1926949873225944e-05,9.69574214790084e-07,4.853830737706814e-07,0.013909796603403569,0.0002995131128862773,0.00477899761230536,0.5513116082383374,0.2671725685553602,0.0008638679447792907
21,1.9355700944636043e-06,3.813901439135364e-09,4.665418019521277e-05,0.004936245325685344,1.060089889384809e-06,0.009690636633347223,0.00014742203379846373,1.596962344234746e-06,0.0003327024371715886,0.013223273475842028,0.0001584796393914949,1.3013248383733383e-10,4.9774404452811164e-08,0.10507097734094187,0.024416712267762562,1.735847437654039e-05,3.795251967157921e-05,2.222246670223135e-06,3.821215342702471e-07,0.016893353771976177,0.0003412963741912097,0.00332169492470027,0.5009694213711919,0.3192426376511753,0.0011459308696101986
22,1.6148593064631586e-06,2.8206930737467215e-09,5.5433080286299164e-05,0.005296884202405584,7.098900922709099e-07,0.010913971493968267,0.0001184828542093,1.68638501398127e-06,0.0002989627175753527,0.012934553666088285,0.00015086953937115961,9.704926831447705e-11,4.256554147761952e-08,0.09258481260772043,0.028096768593632106,1.6399118083040765e-05,4.655246006109663e-05,1.6957151180384326e-06,3.137294593919046e-07,0.015360416331973947,0.00028548225658881865,0.0038560235700945385,0.4412994691192713,0.3879123771505583,0.0007664751758382838
23,1.5813100981180012e-06,3.77497677257057e-09,4.775735608671779e-05,0.00475750149103171,9.6139425986108e-07,0.012759749784198688,0.00016701652904085128,1.8572043256276824e-06,0.00038900992709595,0.010417937831974006,0.00014122334655387736,1.0333090242683923e-10,5.05712634587459e-08,0.09190673449203439,0.03124604260807284,1.774349988645364e-05,4.2663733473918586e-05,1.5140604163243825e-06,3.9088479668206825e-07,0.01570593995746882,0.0002463757920156188,0.00362851728448929,0.5334056782866343,0.2941175231957292,0.0009962255807454783
24,1.3751603399965645e-06,3.312022786886819e-09,4.216014882218158e-05,0.0055551890704911185,1.1250470956907768e-06,0.009994265357690189,0.00016038949907736723,1.7695696531922298e-06,0.00030740003740447144,0.008084407930358518,0.00015338331176356754,1.2692818761901127e-10,6.192369673017695e-08,0.10776079353961265,0.023979559064091115,1.8843570284801433e-05,3.725885964295959e-05,1.9152420751690057e-06,3.348211894201961e-07,0.015126361299942511,0.00023688185731939314,0.0027356415362530255,0.5768705869676868,0.24801637899801002,0.0009139137485480316
25,1.4204893881211982e-06,2.337574963594125e-09,4.830742343734701e-05,0.006098077075613444,1.005034024016639e-06,0.007932180611421272,0.0001470177705049752,2.109790236105891e-06,0.0002751667110056447,0.008982158687586337,0.00016790168911074305,9.132804846666187e-11,5.114694289530945e-08,0.07962132596998421,0.02888536938843881,1.8570138071450903e-05,3.4221175191038376e-05,1.517809702862289e-06,3.5329095838610365e-07,0.015050325751944794,0.0002704868835040546,0.0031259798192375186,0.551895503679822,0.29676745087957324,0.0006734963553977772
26,1.635234157931907e-06,3.3843551679853084e-09,4.325831101029437e-05,0.004419991540667986,8.327949844704405e-07,0.011279309101936938,0.00013784227370616117,1.812900847454446e-06,0.0004181387818916091,0.008569659660351652,0.00012944997807266375,8.56732211532254e-11,4.704439918607136e-08,0.07518731480061684,0.02725042136580933,1.586690138539644e-05,4.0979503957552645e-05,1.3467060730400035e-06,3.2909420741642565e-07,0.014397857504684279,0.0001905549474637641,0.0029971374827992368,0.5389368274559865,0.3151239197214688,0.0008554634234930647
27,1.5286452953181646e-06,4.039538923393137e-09,4.215873132620883e-05,0.0042873623876598654,8.780671505148366e-07,0.0131947089034682,0.00020204273306302675,1.940362209550133e-06,0.0005110744000225841,0.01142409355570729,0.00013028613428758655,9.11921028994809e-11,4.835106192911718e-08,0.0896603117905331,0.03436252743936286,1.6816369123380732e-05,4.6520249879238064e-05,1.272722193378605e-06,4.076458790887503e-07,0.015872910863560262,0.00020773131969989894,0.004611941224166737,0.5070355348190831,0.3172829284142391,0.0011049707402966148
28,1.5813100981180012e-06,3.77497677257057e-09,4.775735608671779e-05,0.00475750149103171,9.6139425986108e-07,0.012759749784198688,0.00016701652904085128,1.8572043256276824e-06,0.00038900992709595,0.010417937831974006,0.00014122334655387736,1.0333090242683923e-10,5.05712634587459e-08,0.09190673449203439,0.03124604260807284,1.774349988645364e-05,4.2663733473918586e-05,1.5140604163243825e-06,3.9088479668206825e-07,0.01570593995746882,0.0002463757920156188,0.00362851728448929,0.5334056782866343,0.2941175231957292,0.0009962255807454783
29,1.5813100981180012e-06,3.77497677257057e-09,4.775735608671779e-05,0.00475750149103171,9.6139425986108e-07,0.012759749784198688,0.00016701652904085128,1.8572043256276824e-06,0.00038900992709595,0.010417937831974006,0.00014122334655387736,1.0333090242683923e-10,5.05712634587459e-08,0.09190673449203439,0.03124604260807284,1.774349988645364e-05,4.2663733473918586e-05,1.5140604163243825e-06,3.9088479668206825e-07,0.01570593995746882,0.0002463757920156188,0.00362851728448929,0.5334056782866343,0.2941175231957292,0.0009962255807454783
30,1.5813100981180012e-06,3.77497677257057e-09,4.775735608671779e-05,0.00475750149103171,9.6139425986108e-07,0.012759749784198688,0.00016701652904085128,1.8572043256276824e-06,0.00038900992709595,0.010417937831974006,0.00014122334655387736,1.0333090242683923e-10,5.05712634587459e-08,0.09190673449203439,0.03124604260807284,1.774349988645364e-05,4.2663733473918586e-05,1.5140604163243825e-06,3.9088479668206825e-07,0.01570593995746882,0.0002463757920156188,0.00362851728448929,0.5334056782866343,0.2941175231957292,0.0009962255807454783
31,2.0596538135844163e-06,3.7159744073426603e-09,5.530456790154396e-05,0.0046446533511298,1.000945019869028e-06,0.011448440179081072,0.0001489900190449917,2.3138111704163445e-06,0.00036892308749682804,0.009368295023594899,0.0001313546573837054,1.3300329851432223e-10,5.601298131287932e-08,0.08032924959305786,0.02432836916167077,1.686503054194473e-05,4.53169768699775e-05,2.1805508420725133e-06,4.128028956518222e-07,0.019927137309158766,0.0002755750472865482,0.003662943766603924,0.5669467482293339,0.277241926432346,0.00105187994179691
32,1.5771618680403898e-06,3.991806037960447e-09,4.938786585984219e-05,0.004679360213173435,1.0280760777615511e-06,0.013312720144633703,0.00017620748201822343,1.9489311962898426e-06,0.00037810065269596707,0.010333726406657513,0.00014720969480939183,1.1362973451441641e-10,5.5059654528972036e-08,0.09346737904849554,0.0322121716510216,1.8365223020238214e-05,4.2806834262698e-05,1.5139870906772882e-06,4.5388438948017453e-07,0.016527664963202585,0.0002641285795014873,0.0038175623280276684,0.5472457523802444,0.27631012061284993,0.001010754713813159
33,1.6062898510360928e-06,3.778632327901303e-09,4.8092515603151774e-05,0.0047081925440575715,9.911075432191292e-07,0.012602444705247275,0.00016446887110109262,1.8350730517714725e-06,0.00038875430605694205,0.010365603913930028,0.00014156927981976697,9.991630960449669e-11,4.863893699913144e-08,0.08947558439755475,0.031961689440083575,1.7489497641850625e-05,4.0841736752581236e-05,1.4696116288813745e-06,3.9537479662437785e-07,0.015566863602795326,0.00025000092810020027,0.003539489069429031,0.5339024425986618,0.2958243745191505,0.0009957480996573868
34,1.0365426609442773e-06,2.694636344867101e-09,4.6243534465372646e-05,0.0067326617280811015,7.81592630757716e-07,0.019455073751566097,0.00023095857904429878,2.268352303343248e-06,0.0003453731463090439,0.013177687955580154,9.699378361050135e-05,9.790860314704543e-11,4.826476552383298e-08,0.10265529581223072,0.032971540493745066,2.6338905653938946e-05,5.085524535617568e-05,1.6926925664835339e-06,2.7630101046875536e-07,0.021094204416466325,0.0002804245135852954,0.003609847723366715,0.5374665238375869,0.26081229033184966,0.0009415797030200863
35,7.521135823953426e-06,6.357949732547721e-09,5.508629464981682e-05,0.00473926912551654,8.844693662115809e-07,0.0075688326260642275,0.00016745435475038923,4.109603523489585e-06,0.0012329472271777602,0.027505135424217245,0.00010551538044199721,2.2416941705472715e-10,6.630920942985021e-08,0.07807305525707564,0.013254763040220907,2.5062134825502787e-05,8.843473905849003e-05,6.234092776817337e-06,5.268636506397109e-07,0.020478898231302247,0.000224852194834344,0.006841075717051664,0.35578326416707734,0.4817811569190889,0.002055848110177237
36,1.15416953960701e-06,4.048162393988444e-09,3.882989835451906e-05,0.0058707824694628295,5.149146246770361e-07,0.022439440883767967,0.0002958952953446575,4.132812896083857e-06,0.0007245988090968312,0.013329537402165434,7.959192694165218e-05,1.7072241711626375e-10,9.071567500606897e-08,0.12161819493510448,0.025133757564841763,2.965747241642386e-05,0.0001365371733504151,1.9226381898359516e-06,3.9287780783339195e-07,0.0210427921542094,0.0001674308412309808,0.00826455134356768,0.5676668481357573,0.21199397771567466,0.001159363631095092
37,1.8392913418311277e-06,2.3568178107806597e-09,4.6688156489793974e-05,0.0046415413528287635,6.691111726588804e-07,0.00709494891136869,9.28785056535522e-05,1.2622305869673177e-06,0.0002635587094274659,0.00923112096323058,0.00015928023565086412,9.084913504218258e-11,3.814321168409707e-08,0.08540806382675445,0.021398338177920424,1.2501458715422361e-05,3.744375767719956e-05,2.0071061361586637e-06,2.2708249873574378e-07,0.01284112097374142,0.00019770724410723907,0.00302178285209382,0.40088789462828983,0.4539153120441485,0.0007437727892872158
38,1.955253609673504e-06,4.207431617996911e-09,4.5172392006074886e-05,0.004342520547576715,1.0333222504629018e-06,0.008831240110315152,0.00014690893754733923,1.5780249876305128e-06,0.0004589780057375214,0.010264096268365082,0.00015195729767063422,1.0787751020977783e-10,4.482870354067249e-08,0.10092049686592061,0.026674784524387343,1.3119253789419003e-05,4.154995729052713e-05,1.8628364942398615e-06,3.24922187104232e-07,0.013836207247531013,0.00022102091676001103,0.003912648420545015,0.49268395803702514,0.33621008228218646,0.0012384554318043174
39,1.333372605209697e-06,3.2157113535222135e-09,3.9077865646171496e-05,0.004880946929579137,7.844266181321757e-07,0.015024324776584155,0.00020695058480733807,2.6899675023856445e-06,0.00033331296642803574,0.009670545209113028,9.529552247063184e-05,1.1857168123300152e-10,5.042862155650072e-08,0.07592439050124884,0.030373435060004568,2.1175579767322722e-05,5.162563068658971e-05,1.4923095425016281e-06,4.305800484278742e-07,0.018754310184428254,0.0003187825261719351,0.0040541414063764835,0.6531543509788125,0.18599066976435977,0.0010998800942941655
40,1.5832976434817735e-06,3.81351235081701e-09,4.816073936770694e-05,0.004746298397676321,9.699743411852927e-07,0.012840237076617711,0.00016745174157567795,1.85182119135911e-06,0.0003882298231731266,0.010421433475581677,0.00014214003222924726,1.0427720342600561e-10,5.074824894711744e-08,0.09249304343085199,0.03145967508019722,1.7706327502493718e-05,4.270796126130018e-05,1.5181179491795262e-06,3.9384456339909484e-07,0.015753621408771,0.0002477417651556884,0.0036498303654275838,0.5327658006078096,0.2938084787163537,0.0010010713287208332
41,1.7201859637161503e-06,9.093773295298677e-09,8.086077630740468e-05,0.006540082701530186,1.8088395535419177e-06,0.024975349302783226,0.00020658192016022485,2.5531160386029427e-06,0.0009809634563313202,0.012915779901008088,0.00014474047769442205,8.272295926965183e-11,7.167183523295089e-08,0.08225720054379368,0.045485353200758326,3.0352404581133484e-05,4.795461157126046e-05,1.0293294860955227e-06,3.7157137900167936e-07,0.013145042113160298,0.0001724589384064066,0.0022515639038879092,0.46438435904164105,0.3455997116608998,0.0007740811547327901
42,1.6045602709040456e-06,4.307368588066628e-09,8.446106541252882e-05,0.005555255096772331,9.932851367162154e-07,0.018402678341627874,0.0002188809404237348,4.0053563922842355e-06,0.00040173537409449173,0.01715440484269538,0.00015733779699829927,1.4012358593268062e-10,6.530344618918549e-08,0.08100584921117368,0.05126268712026467,2.5895031461380896e-05,6.717419118454388e-05,1.101979841526356e-06,1.0497627341604835e-06,0.021977482959852565,0.0004755436858008042,0.00902677817128357,0.49927601463461163,0.29412956868005585,0.0007694281609726787
43,7.163306791961033e-07,3.837131597945557e-09,2.3500737132839494e-05,0.0030817517739021526,1.222609573231429e-06,0.005464007359887629,7.752211384210704e-05,4.921470184001469e-07,0.00011126337911499437,0.0006019878937385665,0.00022264789602755825,2.598992164134778e-10,6.285456609442929e-08,0.12003103712627688,0.02435734372015696,6.2633225249394135e-06,3.11761799925231e-05,1.7156039203066219e-06,1.3939412522573628e-07,0.003541810518613544,8.076030285050573e-05,0.0011772384494398336,0.7473065706843199,0.09269350199322614,0.0011872635120395753
44,1.5813100981180012e-06,3.77497677257057e-09,4.775735608671779e-05,0.00475750149103171,9.6139425986108e-07,0.012759749784198688,0.00016701652904085128,1.8572043256276824e-06,0.00038900992709595,0.010417937831974006,0.00014122334655387736,1.0333090242683923e-10,5.05712634587459e-08,0.09190673449203439,0.03124604260807284,1.774349988645364e-05,4.2663733473918586e-05,1.5140604163243825e-06,3.9088479668206825e-07,0.01570593995746882,0.0002463757920156188,0.00362851728448929,0.5334056782866343,0.2941175231957292,0.0009962255807454783
45,1.118574630601541e-06,3.027627871888108e-09,6.459619003077076e-05,0.0066163644504292785,9.450345834961455e-07,0.022995643917169697,0.00024663605882056826,3.06943769885896e-06,0.000412735665757797,0.012439404499399714,0.00012318952220965676,6.926364000971553e-11,4.8198882353475983e-08,0.06647919442057275,0.061270713288846576,3.082474950873077e-05,4.562048288777385e-05,8.104313903226575e-07,5.030968849305008e-07,0.017622654848188268,0.00024584354611447193,0.004135213811917604,0.47623587048760513,0.33042662222819913,0.0006023739613799891
46,1.377505675123194e-06,2.3816905196649378e-09,4.5572661691497096e-05,0.005729615770535537,3.871749229392446e-07,0.014459547902921071,0.0001095263586393703,2.4613350111184983e-06,0.00031576379511337634,0.009471653643590991,0.00010923157866904119,9.270990129094511e-11,5.48046070536508e-08,0.06681001696733506,0.02403086788630818,2.061583701478713e-05,7.350779386624997e-05,1.3681156916176102e-06,2.646305959438101e-07,0.014415542842411448,0.00019494674413819089,0.003299934514643325,0.5079450418029794,0.3524340865467503,0.0005286113124879394
47,3.5374943242744444e-06,8.406548950960083e-09,5.668696739702221e-05,0.0035413112238217616,9.015111939095796e-07,0.01664208510120101,0.00028287515517481894,3.4386465765168374e-06,0.0007535810819854511,0.021185482784174887,0.00013355539523508678,2.612833164138777e-10,7.74446423310788e-08,0.09739777668703016,0.0310067752230419,2.1297595744297863e-05,9.53719480260604e-05,2.814996265411996e-06,1.013526267352605e-06,0.024793633863134615,0.00036363357812189875,0.011317911114497033,0.47190702412436963,0.3182558188612268,0.002233387008715211
48,1.2726575124746742e-06,5.702000913863313e-09,5.860098418730254e-05,0.0050332030181921795,5.89455083765278e-07,0.03382333959113078,0.00020927022374714696,3.729949332060601e-06,0.0005227293877926879,0.010098103079273758,0.00011205605450650068,1.3558846866510247e-10,9.429878226948327e-08,0.07505616345131264,0.04105285911017761,2.8411641737722803e-05,0.00010202111113542701,9.651717816834714e-07,6.211667525437696e-07,0.016926180560004993,0.00021612321175843918,0.004846837117687913,0.5875827812015655,0.2236288050891317,0.0006952366298235438
49,1.5542956690355948e-06,4.76717236213224e-09,7.014461231725812e-05,0.004799160589732875,1.0429085748876494e-06,0.018514044481849595,0.00019458009793787263,2.0684580922077096e-06,0.0003641600804596702,0.012554561951268675,0.00015863950787375593,1.5682206534852953e-10,6.435678803435142e-08,0.11118381016574563,0.036885984187136525,1.8848492287309716e-05,5.504712239931652e-05,1.8051005308518309e-06,5.294207788970916e-07,0.02198928450459449,0.00032775320776179336,0.005309601953901291,0.48860769477330923,0.29791233854330246,0.001047276263693905
50,2.379186128014554e-06,5.349176966914049e-09,4.168498609241854e-05,0.0045639562315226865,1.3871964054008147e-06,0.011170911180969495,0.00045336385953716944,2.495038420323358e-06,0.0007336686430419264,0.02798453953308877,0.00012559002273368388,1.325620109882359e-10,4.634445342020546e-08,0.13165519856363675,0.035798030574701295,2.167767422068929e-05,4.5912681408386507e-05,2.6803411724199283e-06,6.294197776679041e-07,0.022323079916207026,0.00036527621297749696,0.01001031185460257,0.4459044921481811,0.30589431314480114,0.0028983697641813285
51,1.5756735636526143e-06,4.693270300225294e-09,6.14336025872577e-05,0.0069430709197547185,1.0020048774593755e-06,0.010457899861257662,0.00015035100734415302,1.8657916064111363e-06,0.0005816231142776514,0.01458272336906299,0.00017161408481639864,7.098949077471748e-11,4.7575567552935134e-08,0.09768464209639958,0.037298476690651255,1.8647746047926513e-05,4.818684534591227e-05,1.1899028552394915e-06,2.433119796182488e-07,0.00922237433695645,0.00017950505945667466,0.003515825869608373,0.3464194985524407,0.47197214130149584,0.0006860565177865586
52,1.5487609954642854e-06,1.5928750591631264e-09,4.872622396035677e-05,0.005311619648430183,5.573343654787498e-07,0.008260744247338,9.004972134419892e-05,1.2217098839404074e-06,0.0002496712078009988,0.012244063834543057,0.0001388876025336747,6.604428534158852e-11,3.782308014018758e-08,0.0769647297560465,0.017884688132116522,1.7093338488462354e-05,3.1424764818338045e-05,2.012816573737717e-06,1.8910690789459883e-07,0.015228730851552569,0.00017138391215055072,0.002279783605541014,0.3328415861523757,0.5277101413230633,0.0005211064671705903
53,2.6533080786316807e-06,5.77011792889339e-09,0.0001081369050363094,0.0038100421694912835,9.947371913522665e-07,0.013370651250639716,6.838034569526487e-05,1.436888291020447e-06,0.00028682802673587007,0.013456124679495703,0.00023258551147981062,1.4342588216781065e-10,5.629350169586628e-08,0.0947081822259165,0.02901852854432401,1.3794055316930682e-05,4.8839977322283463e-05,1.691001644088654e-06,5.753308956761265e-07,0.014497985991163316,0.00036678143307947587,0.004075299273891529,0.3829946636635207,0.4422231761908315,0.0007125862829134231
54,2.243325391374688e-06,9.010717250772078e-09,4.090286198551234e-05,0.004573758405828465,1.3092053206516135e-06,0.01747007932912249,0.0003461610195558146,2.3358455484223016e-06,0.0007775478930228192,0.017520210455397495,0.0001246891078983684,1.9251494008655282e-10,6.841653974480113e-08,0.1348233532322855,0.0338056262304806,2.5250329519020943e-05,6.489631935374814e-05,2.343805057012959e-06,5.777984551330204e-07,0.016047965724843957,0.0002861799806798547,0.0059012547868785075,0.5108357339027124,0.2548744943074242,0.0024730085134667098
55,3.281835144594165e-06,1.076431519257808e-08,3.827939368897719e-05,0.004239225024010476,1.9003622657929826e-06,0.009756156338798125,0.00028538479176093434,2.101847199579483e-06,0.0009361199229394759,0.010177676245725098,0.0001449172352674961,3.297637160186433e-10,7.948334620806072e-08,0.11757044830878664,0.023393589643071783,1.9268619882181727e-05,5.780533943038042e-05,4.1098337275170425e-06,4.846467441636615e-07,0.015533556642427488,0.00024774731408661136,0.004117574379646088,0.5609707948965006,0.24917556490227408,0.0033239218991967896
56,1.643990105608883e-06,4.22313020095405e-09,4.952577295388368e-05,0.004773410143058355,1.0085438385963673e-06,0.01287173176564065,0.0001707542988005685,1.908364058193599e-06,0.00039858161125553687,0.01016308140658173,0.00015180703093340474,1.186697064018488e-10,5.7907115109946065e-08,0.09589193549262351,0.03067378564550504,1.8013848751440246e-05,4.5519626119890434e-05,1.6298376933528232e-06,4.1211541116719995e-07,0.015813296929099743,0.0002442739161242472,0.003700724314581178,0.533866197755348,0.2901452203972082,0.0010154749453925905
57,1.6284981694430626e-06,4.881118908800858e-09,6.455846039259041e-05,0.0041968745159111955,1.2503936377340263e-06,0.015755901323182466,0.00020146866623279073,2.6348480816843852e-06,0.00032871180931703757,0.010491722241701565,0.00016288958681517717,1.9786865620661375e-10,7.137537839138106e-08,0.09465997947519232,0.03671845937621256,1.9498096449911573e-05,5.101613970268204e-05,1.5888647162655644e-06,9.405927125290902e-07,0.022538133778362956,0.0004373661567548901,0.006023842740899451,0.5991008032163366,0.20813577915168577,0.0011048756131663837
58,1.6260726633898063e-06,3.597356192713655e-09,5.0180771243412854e-05,0.004764580521451036,8.871628117640242e-07,0.012214088217968135,0.00014966924319256635,1.7574113173963318e-06,0.0003732084758111244,0.01032931222668478,0.00015136394141276343,9.889007280722833e-11,4.9271452801582016e-08,0.08688462378381778,0.031773074614326546,1.72566933896726e-05,4.298447594656883e-05,1.4507555026297045e-06,3.738503938715436e-07,0.014783240941445678,0.00022904458148828547,0.0035712965495534074,0.48852513739787934,0.34525666809693545,0.0008781212470654626
59,1.606764758737191e-06,3.4165700089399802e-09,5.404325739497721e-05,0.004898711132382803,8.895733989380198e-07,0.011936641817184165,0.0001400107278140645,1.7379779946295739e-06,0.0003563856070635549,0.010683361557958161,0.00015541585857016795,9.539049618007631e-11,4.758182760304846e-08,0.08668678375272261,0.031871380460838136,1.69726967848256e-05,4.2067350173930104e-05,1.440481576894641e-06,3.621246483471795e-07,0.015071737363160882,0.0002355232887196522,0.003570387286737251,0.46578509697637843,0.3676832156305283,0.0008061772194221745
60,1.5813100981180012e-06,3.77497677257057e-09,4.775735608671779e-05,0.00475750149103171,9.6139425986108e-07,0.012759749784198688,0.00016701652904085128,1.8572043256276824e-06,0.00038900992709595,0.010417937831974006,0.00014122334655387736,1.0333090242683923e-10,5.05712634587459e-08,0.09190673449203439,0.03124604260807284,1.774349988645364e-05,4.2663733473918586e-05,1.5140604163243825e-06,3.9088479668206825e-07,0.01570593995746882,0.0002463757920156188,0.00362851728448929,0.5334056782866343,0.2941175231957292,0.0009962255807454783
61,1.6700637281861772e-06,3.431084340987881e-09,5.4916703810246215e-05,0.004919025470666577,8.956109791379558e-07,0.012327793947225028,0.00014177556585846955,1.8297527920943109e-06,0.00035882668361077874,0.010751818506213843,0.0001488712638417256,9.502471979626108e-11,4.685763810793321e-08,0.08449244946518683,0.03188034843921631,1.7183611742909507e-05,4.2220953895741325e-05,1.476590713488999e-06,3.695500598924757e-07,0.015562387843647708,0.00024330244556652772,0.0035638279195952987,0.479363521620948,0.3552962931563295,0.0008291444506244115
62,1.5813100981180012e-06,3.77497677257057e-09,4.775735608671779e-05,0.00475750149103171,9.6139425986108e-07,0.012759749784198688,0.00016701652904085128,1.8572043256276824e-06,0.00038900992709595,0.010417937831974006,0.00014122334655387736,1.0333090242683923e-10,5.05712634587459e-08,0.09190673449203439,0.03124604260807284,1.774349988645364e-05,4.2663733473918586e-05,1.5140604163243825e-06,3.9088479668206825e-07,0.01570593995746882,0.0002463757920156188,0.00362851728448929,0.5334056782866343,0.2941175231957292,0.0009962255807454783
63,1.6344954168934058e-06,4.1222787147443356e-09,4.832571165589096e-05,0.004704524420864822,9.925850411181311e-07,0.013005395256726738,0.00017183279140027828,1.8693801015949148e-06,0.0004094253966933987,0.010597703306333302,0.0001443351945968588,1.0741149729012953e-10,5.21742924666864e-08,0.09379153145332775,0.03197845877126919,1.7751799607242435e-05,4.408163377239846e-05,1.5288344492361244e-06,4.0183463880749973e-07,0.015466762592239974,0.0002456857730911254,0.0037336882846126613,0.5303011941798303,0.2942912719003818,0.0010415479999659198
64,1.633684480957048e-06,4.042566686907277e-09,5.150853854319089e-05,0.004861393734588421,1.0780048575498347e-06,0.01270430593152745,0.00016799515495745937,1.9806761813642668e-06,0.0003548544514190484,0.010849561572841438,0.00014811411269676514,1.142997603952539e-10,5.086840330800613e-08,0.0896237522031823,0.03360935489513735,1.8097882134711387e-05,4.178300855565837e-05,1.4947300785156422e-06,4.5427775645251753e-07,0.016452768112811836,0.0003133497438821437,0.0037467169221905706,0.553296841399266,0.2727466731573829,0.00100623278025807
65,1.448971803193483e-06,3.771997502566266e-09,5.1729759086853466e-05,0.0048749526620265726,9.696836954410552e-07,0.014284951493463796,0.00016728098271270828,1.9136613042402476e-06,0.0003577943386960074,0.010113260229204989,0.00014430122084142406,9.780997101941952e-11,4.9985671557665495e-08,0.08890232895190076,0.03622231481174852,1.8169694736472976e-05,4.2912298299872086e-05,1.3022726511635043e-06,4.0944225670577625e-07,0.01551018329803419,0.0002599755608658411,0.0036699081183939326,0.540516527475453,0.2839530940615553,0.0009042171557901133
66,1.9949950320545275e-06,3.778533203265802e-09,6.696816651406077e-05,0.00591706525939097,1.4686806548289983e-06,0.008687145623701025,0.00013266447641033049,1.4390643306436249e-06,0.00030631393501823846,0.017927970671775425,0.00020505244405010116,1.2580906027296914e-10,5.065734686482052e-08,0.12297511118047562,0.025744601132283693,2.0982692968941713e-05,3.268388364723942e-05,2.4774902682260886e-06,3.6577908438428984e-07,0.01630221819275984,0.0003764630877027427,0.0033472741800579303,0.39211211981590055,0.4048834452973131,0.0009541193889708906
67,2.6685987583594017e-06,5.632785921278867e-09,6.291750064661128e-05,0.005925049399339227,1.6671494516958969e-06,0.009990688793846033,0.00019905675768692693,2.7152815551572904e-06,0.0007549303993134729,0.01434963592370597,0.00016348037277335233,9.779071748464459e-11,5.123735238301459e-08,0.07684515383719899,0.03732040869442719,2.3081391467037624e-05,3.963065561539099e-05,1.614138475000887e-06,5.048369221869407e-07,0.012583960267862713,0.0002506863009185069,0.003732861626328481,0.4656958482062827,0.3709209050578662,0.0011324778416299344
68,1.7812597251459829e-06,4.7306516783143586e-09,4.886961604460474e-05,0.0045572001659500965,1.09866119572463e-06,0.013362427500615484,0.00018690831454550553,1.8868127466658547e-06,0.00045158706310688055,0.012139979172799338,0.00015237078393670058,8.627862306853875e-11,4.3834010225066756e-08,0.08765703992004076,0.04275067384149843,1.827724971656164e-05,4.1089598622380506e-05,1.1535378101189628e-06,4.633536583132762e-07,0.013068502448484344,0.00023937725292378102,0.004147803041194996,0.4802548535477747,0.33987279433270234,0.0010438138739665103
69,1.517947808149504e-06,3.6157937926847207e-09,4.789621254901118e-05,0.004576242985147368,9.046405747440028e-07,0.01309909586676261,0.00016076622380288257,1.824252173747855e-06,0.0003575670759621253,0.010117556294212146,0.00014151922896273424,1.0544349008769797e-10,5.115699380433879e-08,0.09147737450998557,0.030838806050065986,1.7063666755288977e-05,4.2971389818820404e-05,1.4754320010571057e-06,4.0672554183384905e-07,0.016471856297100133,0.0002550869315132543,0.0037099805088633797,0.5411005453348676,0.28662461422492314,0.0009548733223771908
70,2.085491199229599e-06,4.817063492003336e-09,4.815883494088936e-05,0.004006119912265287,1.1138313435306985e-06,0.010776954037650688,0.00017139188529141208,1.6964580107551546e-06,0.00040605421640880785,0.011315796086666182,0.00017028863698221407,1.1022535118392331e-10,4.4931042702479754e-08,0.09302794217267897,0.0373251809537674,1.459298907529975e-05,4.0048102753302354e-05,1.5109976990712357e-06,5.13116182263036e-07,0.013648595288981729,0.00028224250370379177,0.004600538298154433,0.5142603132936913,0.30857571472798984,0.0013230983062321418
71,2.216563104883577e-06,3.893853079159181e-09,2.9919120046354333e-05,0.004889422252747644,1.2259532884401735e-06,0.007028323527793171,0.00018630174792489388,1.9750271422517858e-06,0.0005277607421461761,0.01049049879335431,0.00012352627742866042,1.1961452021442407e-10,5.080005533757825e-08,0.0842585184881651,0.01957963851737911,2.0078300968607854e-05,3.51123658774703e-05,2.3282362431697347e-06,3.3134423111576653e-07,0.014421019502106681,0.0002324284602896514,0.0026116326523023415,0.5781942653235078,0.27593254996973265,0.0014308720206966026
72,1.5936464278086762e-06,3.0277270364258645e-09,5.9667856056149466e-05,0.008133500514488462,1.0970136892857748e-06,0.019546116313584844,0.00019811352353870873,2.555207577779924e-06,0.0005290273590338501,0.01441091326281233,0.00010546762803266689,6.735062613363064e-11,5.728650095800138e-08,0.0552503137394344,0.029440616881976762,4.337261100329024e-05,3.2514453959246144e-05,1.545207231985852e-06,2.544327204572959e-07,0.020473898201321037,0.00018279116888848275,0.0013629354843955619,0.39678527574171335,0.45291614163564,0.0005222277348948764
