,0,1,2,3,4,5,6,7,8,9,10,11,12,13,14,15,16,17,18,19,20,21,22,23,24
0,1.1904901930030476e-07,4.4482143780056103e-08,7.79038803982929e-05,0.0002693880470847533,7.290871879789577e-05,0.028962828327705213,3.3527635276753845e-07,4.170864804081978e-09,0.012006935943629943,0.00287441680321694,2.1982574782176146e-08,2.1814338455913192e-09,2.981167728553152e-09,1.113503800772038e-05,2.4862168169068682e-06,1.0121638383377433e-05,9.39725780824208e-06,1.390679523983345e-05,4.359312081897634e-07,3.925213062031916e-06,6.574718558946536e-07,6.833337257391313e-10,0.9518478153474899,0.0038062360398382544,2.897052256570783e-05
1,1.0044434085777764e-07,4.4418603707176e-08,8.450305911786407e-05,0.00031607291277551536,6.019119454391391e-05,0.0446017220325457,3.187180069568607e-07,4.763958837421212e-09,0.020557077343824403,0.0057186611183367795,1.7253795437214777e-08,1.6256296666778175e-09,3.54247637295767e-09,1.1246748303774289e-05,3.142170226657196e-06,1.4370786613209067e-05,5.147701504771121e-06,1.7768275060230377e-05,6.28949418621639e-07,5.87175093547223e-06,5.331835661994224e-07,7.166723147045107e-10,0.9242606229920259,0.004311599853443132,3.0348444273454422e-05
2,1.033317167402816e-07,5.530946026432018e-08,8.138386349594202e-05,0.000323409834064928,8.280035729241083e-05,0.036704848658951635,3.0922768115805474e-07,4.933934282427938e-09,0.021607370635111325,0.004926294025129335,2.4037282916045826e-08,2.1739003616063443e-09,3.3532370360927544e-09,1.7467306567168553e-05,4.5139440044283785e-06,1.1713412097538093e-05,5.883053805109486e-06,1.4728205188218582e-05,5.228413417725033e-07,6.318769749432686e-06,5.375689869943573e-07,8.833757224292967e-10,0.931767506697376,0.0043994936107188826,4.4703965530514084e-05
3,1.1267183643144135e-07,4.433202596691682e-08,7.130394053407353e-05,0.00028739073120040887,6.398144920818234e-05,0.03867866220926362,2.8900149959534917e-07,4.38879201523563e-09,0.016485492185445958,0.004027504284733459,2.1843405847921034e-08,1.8138470075204728e-09,3.0578755358755325e-09,1.1574832865786042e-05,3.341732503476493e-06,1.0616737223344352e-05,6.165875525155272e-06,1.5153776576053365e-05,5.21908554701611e-07,4.626485605696448e-06,5.257358157722557e-07,7.748725277212559e-10,0.9365898970709491,0.0037111192936385073,3.164386620161424e-05
4,1.1563509985237732e-07,4.9737594019468226e-08,7.567463657726395e-05,0.0003043039076676964,6.932134703075245e-05,0.035572716683782944,2.9630673858780085e-07,4.6078544280603285e-09,0.016791069125761837,0.004225688132024336,2.2532190038946453e-08,1.9124386551237776e-09,3.52340053098328e-09,1.3119125075532089e-05,3.1884555508232342e-06,1.06422239822828e-05,6.306285180507483e-06,1.657911806441887e-05,5.420764299609476e-07,5.197465234172408e-06,5.924711972883426e-07,8.281821688506295e-10,0.9388496248027951,0.004023182290963639,3.175676918303273e-05
5,9.268334572843279e-08,3.348606205915057e-08,6.412025526116643e-05,0.00028216152688232446,5.724237057120423e-05,0.03029501063359882,2.367521712710695e-07,3.4972818570740373e-09,0.01313977175097917,0.0035677152155813396,1.6557597308679207e-08,1.2723754743175426e-09,2.7442496578762304e-09,9.854308060221288e-06,2.1257580666692862e-06,8.397066565219387e-06,4.93818699945195e-06,1.788973322246909e-05,4.348168437229238e-07,4.499480533833961e-06,5.000592827956972e-07,5.049577179165385e-10,0.9490430125102853,0.0034815918530434957,2.034697618170046e-05
6,1.1267183643144135e-07,4.433202596691682e-08,7.130394053407353e-05,0.00028739073120040887,6.398144920818234e-05,0.03867866220926362,2.8900149959534917e-07,4.38879201523563e-09,0.016485492185445958,0.004027504284733459,2.1843405847921034e-08,1.8138470075204728e-09,3.0578755358755325e-09,1.1574832865786042e-05,3.341732503476493e-06,1.0616737223344352e-05,6.165875525155272e-06,1.5153776576053365e-05,5.21908554701611e-07,4.626485605696448e-06,5.257358157722557e-07,7.748725277212559e-10,0.9365898970709491,0.0037111192936385073,3.164386620161424e-05
7,2.4075843611558425e-07,5.3021306619855495e-08,9.209268587019838e-05,0.0003147794601876675,6.501459689074955e-05,0.05643224610423078,3.758270309885057e-07,6.922731960132729e-09,0.016225991529240563,0.004738354726510636,3.6063107558874815e-08,1.9581252847780212e-09,5.4889651265939055e-09,1.0021767478486602e-05,4.453444352515956e-06,1.1743883945893022e-05,7.132261781337998e-06,2.143414901629775e-05,7.896032386661224e-07,5.284880049850368e-06,7.355928322178905e-07,1.3500593232317403e-09,0.9188287077842682,0.0032127510464508183,2.7745093892393663e-05
8,1.1645193883238886e-07,4.664888560908486e-08,6.923191236804543e-05,0.00029692788381347537,6.70947262683029e-05,0.04127176952382521,3.179654787197733e-07,4.804939666137529e-09,0.01677665013033141,0.004045933946575344,2.3954379493510736e-08,1.895201343169516e-09,3.228533983408176e-09,1.158885646360805e-05,3.5748089270075627e-06,1.0942719998613354e-05,6.33224277643654e-06,1.614078027350548e-05,5.8719738564305e-07,4.711664924221705e-06,5.661496486531522e-07,8.501276521660635e-10,0.9338175410631647,0.003568209683346825,3.168091042364561e-05
9,2.2498596015447643e-07,4.4167571017247623e-08,4.512246847887675e-05,0.0002906208380030216,9.758711618565975e-05,0.07052600681487095,6.460882421457723e-07,6.2125836982870665e-09,0.015584029169998032,0.0020188002678812214,5.4993491132008354e-08,2.6319740298034374e-09,4.118106757425763e-09,6.886379046199968e-06,5.697820482742638e-06,8.461938364667144e-06,7.5386013082431105e-06,1.8431832322244282e-05,9.609486398107333e-07,3.2451626099790105e-06,7.660750596199882e-07,1.5600795150831596e-09,0.9090582589848523,0.0022999312257242165,2.6669598163912223e-05
10,1.1267183643144135e-07,4.433202596691682e-08,7.130394053407353e-05,0.00028739073120040887,6.398144920818234e-05,0.03867866220926362,2.8900149959534917e-07,4.38879201523563e-09,0.016485492185445958,0.004027504284733459,2.1843405847921034e-08,1.8138470075204728e-09,3.0578755358755325e-09,1.1574832865786042e-05,3.341732503476493e-06,1.0616737223344352e-05,6.165875525155272e-06,1.5153776576053365e-05,5.21908554701611e-07,4.626485605696448e-06,5.257358157722557e-07,7.748725277212559e-10,0.9365898970709491,0.0037111192936385073,3.164386620161424e-05
11,1.2056209889411348e-07,4.4423233325283063e-08,7.289353017446926e-05,0.0002898956020762085,6.721789093036231e-05,0.03788088922700481,3.05503410314969e-07,4.442763222206477e-09,0.016657372536646342,0.003880232558202233,2.2623899944231555e-08,1.9218841970373774e-09,3.4288675231926956e-09,1.145483150486278e-05,3.3003115007338335e-06,1.0881905450792378e-05,6.184222582187985e-06,1.578906765660742e-05,5.360567127974174e-07,4.9594375945476645e-06,5.578029336248523e-07,8.149122155541907e-10,0.9370235025729952,0.0040424113594601215,3.1417365504532315e-05
12,2.1206771432931917e-07,8.174670173868664e-08,6.2297890168759e-05,0.0006014292278420656,2.993188980847603e-05,0.08673931724329711,4.929990603617383e-07,1.8991342181200383e-08,0.019343480153771474,0.008545909614314255,3.010572151542435e-08,3.495475059895202e-09,5.663842957058321e-09,9.140968453136035e-06,8.558258505356717e-06,3.986961927885491e-05,7.402639351289197e-06,3.338456519703982e-05,2.21285575272767e-06,4.859475467601783e-06,5.436281227822041e-07,2.055058605772117e-09,0.8822822902369039,0.0022578903674561083,3.063424139252461e-05
13,1.1685114037893599e-07,4.7207179727779114e-08,7.228235154088822e-05,0.0002900767680343044,6.745299269460758e-05,0.038218227020480715,3.0037751710258367e-07,4.648156965903137e-09,0.0168536114024407,0.003990321960592247,2.3860737138401948e-08,1.9727253239894548e-09,3.1363789012413226e-09,1.2505434980658914e-05,3.6282544713901004e-06,1.075190067300622e-05,6.4338928613501115e-06,1.5090679465107704e-05,5.399363894693276e-07,4.682346208016083e-06,5.54182733860946e-07,8.346926369969266e-10,0.9366702937608631,0.0037485519331889312,3.449629385346537e-05
14,1.1237293524472668e-07,6.342569837261868e-08,7.19878748757846e-05,0.00031801533141869565,0.00010387454679878361,0.02890825254376033,2.6725569140070006e-07,4.212909570320541e-09,0.01431481547194683,0.004505349669440158,3.0963965735955466e-08,1.43201430822765e-09,3.763602410918873e-09,1.5851513284957033e-05,2.1270912029922512e-06,6.341455445346417e-06,7.159989728240514e-06,2.3025582138174082e-05,6.971126830664981e-07,4.431583193084582e-06,1.049008738172821e-06,8.095080571516867e-10,0.9479101117774097,0.0037840227230579223,2.2402488552633516e-05
15,1.1267183643144135e-07,4.433202596691682e-08,7.130394053407353e-05,0.00028739073120040887,6.398144920818234e-05,0.03867866220926362,2.8900149959534917e-07,4.38879201523563e-09,0.016485492185445958,0.004027504284733459,2.1843405847921034e-08,1.8138470075204728e-09,3.0578755358755325e-09,1.1574832865786042e-05,3.341732503476493e-06,1.0616737223344352e-05,6.165875525155272e-06,1.5153776576053365e-05,5.21908554701611e-07,4.626485605696448e-06,5.257358157722557e-07,7.748725277212559e-10,0.9365898970709491,0.0037111192936385073,3.164386620161424e-05
16,1.376027085771071e-07,5.755347132178638e-08,7.287134549735409e-05,0.0003290057080240745,7.09098978905492e-05,0.04050516297947961,3.29573969316048e-07,5.613653076213389e-09,0.017430491209180762,0.004231035113758125,2.844162614269481e-08,2.499930218390306e-09,3.480614492750196e-09,1.415582136075535e-05,4.545138066126004e-06,1.2056581512112656e-05,7.414206346344593e-06,1.6283318958559796e-05,6.381027680316554e-07,4.663530519685649e-06,5.869225332583442e-07,1.0762079929445164e-09,0.9336003135109309,0.0036594115490026203,3.988922199009273e-05
17,1.13843320421066e-07,4.323328798479261e-08,7.073548621184609e-05,0.00026182180264293077,7.225397094347102e-05,0.032171540358288196,2.8759899021713986e-07,3.751450308467618e-09,0.015488698678751493,0.0032426397451487394,2.233540188727085e-08,1.8158734601184599e-09,3.0418609781832917e-09,1.1925293385786194e-05,2.6976793038727938e-06,8.53165233993981e-06,6.176952520240165e-06,1.4681379140006954e-05,4.509902759212902e-07,4.29718831269326e-06,5.891065931486556e-07,7.092434403785936e-10,0.9446078048933928,0.004004466146918741,3.0212346401397202e-05
18,1.1752790982375241e-07,3.42770408492197e-08,5.578053607506125e-05,0.00037072486760357705,6.580274589373623e-05,0.04982802452076614,2.619933572245413e-07,4.494663152790204e-09,0.016587215125080646,0.0041329679520142855,1.954226853713921e-08,1.0723631214160871e-09,3.025117631136887e-09,7.540156903750798e-06,2.888310172053626e-06,7.490835191396427e-06,4.147647003088546e-06,1.770103545037287e-05,5.310871285016909e-07,4.154647967714864e-06,4.313927948843257e-07,6.640484917778198e-10,0.9262271616008084,0.002671612024838931,1.538291753850757e-05
19,9.712330295264456e-08,5.919343732622387e-08,6.752930740598329e-05,0.0004779890205696847,8.650505625191425e-05,0.057783517742765,3.253520039984978e-07,5.2070245459619055e-09,0.02621816633210991,0.0063247763046013475,1.9148037862379066e-08,2.212849992089532e-09,3.5247731612626184e-09,1.3130621332183584e-05,4.667625530374798e-06,1.308596482026713e-05,5.602606904276307e-06,1.3830991602038846e-05,5.996745050539178e-07,5.959490637113397e-06,3.812275879276181e-07,1.077161635911865e-09,0.9046986728038511,0.004249862156953908,3.521023398034482e-05
20,1.4300111162599396e-07,7.957244300339378e-08,7.397071904006807e-05,0.00042227868419651715,8.879827266264622e-05,0.05211561968615363,3.53818777238971e-07,7.590858522779551e-09,0.022857953465225046,0.006195437910295416,3.402671124422337e-08,2.5101610443459722e-09,4.79958697664448e-09,1.7402617828661963e-05,6.296182812023664e-06,1.355813307614002e-05,7.298593193439228e-06,1.789340615941471e-05,8.341259145367521e-07,6.897219950363659e-06,6.346439755254703e-07,1.702744021135631e-09,0.9143322333894367,0.003799666585928118,4.259934175821165e-05
21,1.3032190662636135e-07,4.732167309871392e-08,0.00011006972880095866,0.00023491230845675088,4.848420886153844e-05,0.01734872676257802,2.355707263286803e-07,3.903542496558499e-09,0.011359612381643791,0.003421061728884794,1.678643700450265e-08,1.946681183418301e-09,3.3413985395760147e-09,1.607161961668172e-05,1.7463995579765194e-06,1.0735091050425491e-05,7.22135014663404e-06,1.8768585186790474e-05,3.552663963600637e-07,4.503427824598346e-06,7.497595671898551e-07,5.112449916986114e-10,0.9625890175412615,0.004796862236762899,3.0661899792867334e-05
22,1.2273539218192644e-07,3.9598814541134836e-08,8.843684923973892e-05,0.00024907227957617176,4.295930128285436e-05,0.0292222171272281,1.90501496156012e-07,4.58258195534162e-09,0.0077727589868322525,0.004366415263599419,1.9639381739855116e-08,1.0475356548797969e-09,2.9411272634374987e-09,1.0224542523935452e-05,1.8008967056191127e-06,8.346274369576588e-06,8.752764871713905e-06,2.03943461180885e-05,4.5348681386636954e-07,4.223768307771232e-06,6.849667439342379e-07,6.096585483961021e-10,0.9557302879310667,0.0024549356462315163,1.7653912500475912e-05
23,1.1267183643144135e-07,4.433202596691682e-08,7.130394053407353e-05,0.00028739073120040887,6.398144920818234e-05,0.03867866220926362,2.8900149959534917e-07,4.38879201523563e-09,0.016485492185445958,0.004027504284733459,2.1843405847921034e-08,1.8138470075204728e-09,3.0578755358755325e-09,1.1574832865786042e-05,3.341732503476493e-06,1.0616737223344352e-05,6.165875525155272e-06,1.5153776576053365e-05,5.21908554701611e-07,4.626485605696448e-06,5.257358157722557e-07,7.748725277212559e-10,0.9365898970709491,0.0037111192936385073,3.164386620161424e-05
24,9.406388123564772e-08,6.351517382623628e-08,6.479110551957253e-05,0.000420007547656554,6.852709309014484e-05,0.03346095601490877,2.5755199159179783e-07,5.789418668379132e-09,0.01591404608542743,0.0056828256296211025,2.0820400504784453e-08,1.7434660950475307e-09,3.2332508850240353e-09,1.549145177445678e-05,3.1417266656917324e-06,1.1132322778787918e-05,6.877618380182104e-06,2.031825538738176e-05,6.850738245887848e-07,4.9922045191848796e-06,5.953317649619674e-07,8.696419743231989e-10,0.9409975984073448,0.0033008408662701934,2.6725677841278705e-05
25,1.07426539787732e-07,4.2259220150116796e-08,6.586609118094857e-05,0.0002795973228712696,8.351184591905223e-05,0.02330270831055496,3.7688616914484836e-07,6.601029052831101e-09,0.010609710134772972,0.0023722751087432463,2.981614295791754e-08,1.874809403840861e-09,2.810518820203564e-09,1.4262879565276754e-05,2.2341695138806305e-06,7.139146637899796e-06,6.668738692740797e-06,2.0920415627046373e-05,4.809509768329818e-07,4.185319090009332e-06,9.428682423512864e-07,6.28304053046784e-10,0.9604943970091195,0.00271063144153169,2.389994422679132e-05
26,5.30028798957138e-07,7.940401026031202e-06,9.503633651115064e-05,0.0015343536237268887,0.00022493672144801587,0.5888893953709777,5.843879250440796e-06,2.157210497560439e-06,0.05654570659746829,0.08420926304975553,3.5531575999829417e-06,2.423908506821089e-07,3.7224873006445696e-08,0.00034223497849878294,0.003938890640298282,0.0005350416406079172,0.00017808651272965766,1.810476001566699e-05,0.00010370199628068129,2.3606160615454497e-05,5.089546889893108e-06,1.1968757846798432e-06,0.25882284563933783,0.0006960276081299205,0.0038161776480270574
27,1.3168893365059728e-07,5.942856959066954e-08,6.410962419795167e-05,0.00039332385012750014,8.273108684088202e-05,0.06515345656073132,3.590089206440349e-07,5.924230888709001e-09,0.031379597957268975,0.005464541686196012,2.607345456433349e-08,2.5409463889989533e-09,3.811676242886738e-09,1.2508874786195997e-05,6.251257848142088e-06,1.3855093899319977e-05,4.998637265301696e-06,1.3842746853285529e-05,7.156000573299749e-07,5.631535304010081e-06,4.108004661678721e-07,1.4183644539284745e-09,0.8927686316708097,0.004589660551100532,4.5142571151280495e-05
28,1.1267183643144135e-07,4.433202596691682e-08,7.130394053407353e-05,0.00028739073120040887,6.398144920818234e-05,0.03867866220926362,2.8900149959534917e-07,4.38879201523563e-09,0.016485492185445958,0.004027504284733459,2.1843405847921034e-08,1.8138470075204728e-09,3.0578755358755325e-09,1.1574832865786042e-05,3.341732503476493e-06,1.0616737223344352e-05,6.165875525155272e-06,1.5153776576053365e-05,5.21908554701611e-07,4.626485605696448e-06,5.257358157722557e-07,7.748725277212559e-10,0.9365898970709491,0.0037111192936385073,3.164386620161424e-05
29,1.1267183643144135e-07,4.433202596691682e-08,7.130394053407353e-05,0.00028739073120040887,6.398144920818234e-05,0.03867866220926362,2.8900149959534917e-07,4.38879201523563e-09,0.016485492185445958,0.004027504284733459,2.1843405847921034e-08,1.8138470075204728e-09,3.0578755358755325e-09,1.1574832865786042e-05,3.341732503476493e-06,1.0616737223344352e-05,6.165875525155272e-06,1.5153776576053365e-05,5.21908554701611e-07,4.626485605696448e-06,5.257358157722557e-07,7.748725277212559e-10,0.9365898970709491,0.0037111192936385073,3.164386620161424e-05
30,1.1267183643144135e-07,4.433202596691682e-08,7.130394053407353e-05,0.00028739073120040887,6.398144920818234e-05,0.03867866220926362,2.8900149959534917e-07,4.38879201523563e-09,0.016485492185445958,0.004027504284733459,2.1843405847921034e-08,1.8138470075204728e-09,3.0578755358755325e-09,1.1574832865786042e-05,3.341732503476493e-06,1.0616737223344352e-05,6.165875525155272e-06,1.5153776576053365e-05,5.21908554701611e-07,4.626485605696448e-06,5.257358157722557e-07,7.748725277212559e-10,0.9365898970709491,0.0037111192936385073,3.164386620161424e-05
31,1.3836241704735714e-07,4.589855757953907e-08,0.0001062816794150981,0.0002512208432764461,3.93678460277552e-05,0.029713261372130883,2.7337642115332595e-07,5.649264570605312e-09,0.011673709655700405,0.00444368424891931,1.7137158798852172e-08,1.5775138368156696e-09,3.293773053027791e-09,1.1632856394475051e-05,2.056233365388416e-06,1.2579844711832216e-05,7.171137745459414e-06,1.9960890038730104e-05,4.57031057887885e-07,4.474037679896121e-06,6.499905186290902e-07,6.153454794465139e-10,0.9504837193730982,0.0032038283601579435,2.545868931022457e-05
32,1.1521551607383483e-07,4.445105550238535e-08,6.968231821385528e-05,0.00030264768645615886,6.61538449601749e-05,0.041075581069841695,3.0806354474628834e-07,4.69010056057826e-09,0.016518768621782837,0.004129896860468328,2.3161502844298334e-08,1.8664295703814974e-09,3.310841543445298e-09,1.1062438018811389e-05,3.54881431473237e-06,1.1388393576120281e-05,6.34671195637308e-06,1.6296248629272164e-05,6.032216712236284e-07,4.872591001347343e-06,5.556350029672853e-07,8.352957564834775e-10,0.934038729689123,0.003712709738756347,3.0654521940118446e-05
33,1.2242091590582857e-07,4.643761187596815e-08,6.936533107887812e-05,0.00029168275980009115,6.365370229297121e-05,0.036339460630838746,3.025615244053147e-07,4.7729951442151025e-09,0.014665637824895428,0.003680223573958005,2.3745484868462034e-08,1.993634495983436e-09,3.223092741180244e-09,1.1492066405880302e-05,3.202084207964587e-06,1.081656233788938e-05,7.0061864429001645e-06,1.6117097868394885e-05,5.548519947104206e-07,4.36667913621663e-06,5.936950013423752e-07,8.335979201826344e-10,0.9411664878966407,0.003638312033257972,3.052103498441665e-05
34,2.9446247637451904e-07,2.0148803825644658e-08,6.589874463360128e-05,0.00022889426029026115,6.965580170937964e-05,0.03693785003238291,3.425181037535757e-07,3.760520826220809e-09,0.013920990837031239,0.001870722656461326,3.305450219489947e-08,1.2075793681679674e-09,3.8869927080036835e-09,5.130015577934687e-06,3.4006147882989755e-06,6.872394750791164e-06,4.105693849812948e-06,2.3973395600592072e-05,6.776567210584105e-07,3.092207010525249e-06,7.004579593351593e-07,6.466131637041606e-10,0.9436835259193596,0.0031574325708237953,1.6377055457472076e-05
35,2.454077502568631e-07,4.911906262409192e-08,6.896861663192801e-05,0.0003507399025608977,3.0000187942815994e-05,0.05799302055936012,3.291291043341724e-07,6.65715053206833e-09,0.017213013604627105,0.004884022822743972,1.67027327725664e-08,2.1289882764229864e-09,4.147205082560642e-09,6.048821442757161e-06,2.765682587970303e-06,2.054065444202685e-05,5.979941839577321e-06,2.798796929244954e-05,9.426182588584018e-07,3.0182782692148247e-06,4.6319282332908657e-07,1.1196676517123063e-09,0.9155993907729334,0.003770387306717806,2.2054655864349453e-05
36,1.120397880208582e-07,4.342642069123516e-08,7.098420702572717e-05,0.0002831868306566627,6.462705303527316e-05,0.038441771703295435,2.883065706069918e-07,4.297682044150568e-09,0.01640549117943804,0.003942482924341837,2.193574008961454e-08,1.7966749251711349e-09,3.028774610601612e-09,1.1472295336895637e-05,3.304229424401811e-06,1.0380817938897825e-05,6.105716904087723e-06,1.5011588949833537e-05,5.145324610747698e-07,4.592784487598813e-06,5.270798884080719e-07,7.614290870289688e-10,0.9369825165294963,0.0037250719901116293,3.148294412781979e-05
37,1.399079014053705e-07,3.3557644058109723e-08,9.47816797173479e-05,0.00019195452265248372,6.881486226626948e-05,0.020089589954327806,2.441429911110871e-07,2.278719332799364e-09,0.014007502850320592,0.00251879264986607,1.7326679907969332e-08,1.5293715633363104e-09,3.3188410593673254e-09,1.1129391715089931e-05,1.4983564666618025e-06,6.90871156928092e-06,5.250594709289039e-06,1.5631428249841035e-05,2.9753217901286596e-07,4.080922765753049e-06,6.597969477142962e-07,4.48034299105626e-10,0.9569270307824365,0.0060295425641429335,2.6090889484666412e-05
38,1.0202331417820427e-07,5.237263396205747e-08,7.258901465042091e-05,0.0002816765863080555,7.891135443874068e-05,0.03088310529242576,2.566955484435707e-07,3.903355243199087e-09,0.018714518866670745,0.003865332337367243,2.301097270275042e-08,1.945128265462569e-09,2.7497816822504057e-09,1.590286542806885e-05,3.2350146804646393e-06,8.336847799656661e-06,5.953429875434942e-06,1.2787534082375413e-05,4.3272087754603744e-07,4.348339769042267e-06,5.413256830389148e-07,7.490117994820132e-10,0.9418330725864892,0.004180201747403799,3.8610686304323754e-05
39,1.3953354061259375e-07,4.1531329541318705e-08,7.96630029197661e-05,0.00026314777852710116,4.583474472772083e-05,0.05668274518677469,5.208667448783684e-07,8.330842745126787e-09,0.011761034936815986,0.003514190549971092,2.5100380157294596e-08,2.8134550956988312e-09,3.792408095416356e-09,7.954978728481302e-06,3.3527620820951665e-06,2.0658659962614754e-05,9.753179713692549e-06,1.7046693024130032e-05,7.146369469219911e-07,4.822649052040909e-06,6.978898844368611e-07,1.0882119208070007e-09,0.9243588387254972,0.0031953612092052025,3.3439359253674724e-05
40,1.443427316108324e-07,4.9231722150731086e-08,8.102841531480303e-05,0.00028245000653407884,7.17143137591202e-05,0.04476662596543542,3.263550954030764e-07,4.696452943824303e-09,0.01825294140552028,0.003810779296989967,2.712842562582531e-08,2.3226764790207436e-09,3.4116993128014185e-09,1.2554777391536549e-05,4.330953665420548e-06,1.0757539374074625e-05,6.900298117938005e-06,1.319791728552855e-05,5.08493541788911e-07,4.639488950054995e-06,5.427389115857208e-07,1.0089642438479709e-09,0.9287712464656768,0.0038683302946143044,4.0893131149566965e-05
41,1.0485843546255325e-07,3.106010091396536e-08,4.868304407412258e-05,0.00048401824449893256,0.00011762438994689831,0.08382686498345823,2.9281126817530917e-07,3.735990223475552e-09,0.03721404010474459,0.004403951436076874,2.216568892277853e-08,1.6435819082025105e-09,2.192194780135767e-09,8.134316986381898e-06,8.059595324416142e-06,7.520432757278706e-06,3.039069923307039e-06,9.238300029645482e-06,4.816039143361738e-07,4.12336986017419e-06,2.003881052747786e-07,8.203649973213228e-10,0.8704863876614302,0.003346217871784905,3.095589945918564e-05
42,1.8790301499209172e-07,1.0135542179682553e-07,7.543169497389568e-05,0.0004539541602961681,8.63818761468823e-05,0.09826636729169494,5.893174383607391e-07,1.1632320180073638e-08,0.026846678129503927,0.007518773184138097,4.0548049809130995e-08,3.6870028930441455e-09,6.610575468715087e-09,1.2257665163407423e-05,8.946923315294381e-06,2.6967199755881837e-05,1.1437677964010052e-05,1.6720080375962426e-05,1.5122033165604322e-06,7.002735885375113e-06,7.303943456067263e-07,3.366348522846137e-09,0.8625658304040411,0.004048123061267109,5.1940897643817276e-05
43,1.618461452997415e-07,5.917772092634987e-08,5.939493893485323e-05,8.447096272877219e-05,8.150063187410637e-05,0.003946051286673019,3.4918997527808963e-07,1.0367971511856066e-09,0.009829918330288059,0.00035717025173363044,2.8791600882274874e-08,6.509395319147939e-09,1.940879923801554e-09,2.3228282260743372e-05,1.3409622503596932e-06,3.781756046116288e-06,9.671315398932258e-06,7.097475820491107e-06,1.395235980553876e-07,1.2608310240383119e-06,8.849196582188816e-07,3.205987540484753e-10,0.979062348925761,0.00645748693745376,7.364385538237829e-05
44,1.1267183643144135e-07,4.433202596691682e-08,7.130394053407353e-05,0.00028739073120040887,6.398144920818234e-05,0.03867866220926362,2.8900149959534917e-07,4.38879201523563e-09,0.016485492185445958,0.004027504284733459,2.1843405847921034e-08,1.8138470075204728e-09,3.0578755358755325e-09,1.1574832865786042e-05,3.341732503476493e-06,1.0616737223344352e-05,6.165875525155272e-06,1.5153776576053365e-05,5.21908554701611e-07,4.626485605696448e-06,5.257358157722557e-07,7.748725277212559e-10,0.9365898970709491,0.0037111192936385073,3.164386620161424e-05
45,1.2420304197478043e-07,3.728731672186831e-08,4.533223675832107e-05,0.0005435292651882293,0.00011326795162192956,0.11887360494988412,7.053324384012517e-07,7.984196157081814e-09,0.036120516975108916,0.00456743202120898,2.9025636074191617e-08,2.747223549563998e-09,4.336446456020547e-09,6.6449976235666806e-06,1.1933591851331918e-05,1.9986054812549862e-05,4.281650701998226e-06,1.4281757469382052e-05,1.0799208743483986e-06,7.3867493858292095e-06,3.1837639272772514e-07,1.582405981321652e-09,0.8361326359423074,0.003502474359591341,3.4380700513727035e-05
46,2.0409962839226348e-07,5.766553395468469e-08,7.094103110827298e-05,0.00028537670210863935,5.300717492369222e-05,0.04812446855846624,3.707221462047962e-07,5.9625022528103e-09,0.009450089940780055,0.0028505377858343184,3.093415834597519e-08,3.5852224259331368e-09,3.6305282014116488e-09,8.550185899977962e-06,4.207791975147081e-06,1.4656236898317223e-05,1.8222978257336004e-05,1.1273763447569185e-05,5.628759358942521e-07,3.222763435439526e-06,5.553923635710365e-07,1.583138865356103e-09,0.9361585969635403,0.002907765056967557,3.728661519899799e-05
47,3.0145883271195957e-07,1.419850183638153e-07,0.00010541947622561507,0.0003438404550777666,6.515934230374151e-05,0.06843093882662901,5.911578516791029e-07,9.040062469341287e-09,0.0295491432562073,0.006565090627863318,3.6701567209463814e-08,6.5806869385494014e-09,7.434483909535418e-09,1.5834590836969036e-05,8.260796278868504e-06,3.3180618287466694e-05,1.4056361264022189e-05,1.4764686999246602e-05,1.0307016098096792e-06,6.077167034491608e-06,6.114719623435764e-07,3.4103373158333764e-09,0.8884983031880539,0.0062578357569145785,8.935490761086771e-05
48,1.4330192882720078e-07,1.033427023507926e-07,7.857372126452122e-05,0.00044299275402543466,4.7276688046585147e-05,0.04577029072564613,2.8022678677510604e-07,8.576842377200043e-09,0.011389555722375412,0.007082685140400362,2.3838428521799065e-08,2.508568809239869e-09,3.874156049081e-09,1.4340101467073635e-05,3.5515962646751505e-06,1.5838549645808742e-05,1.5375215759486802e-05,1.8776666222274906e-05,7.658868009947258e-07,4.358127986319185e-06,5.723251225953588e-07,1.5522058211208311e-09,0.9326939958915991,0.0023908906302183863,2.959303553537435e-05
49,1.2163268405966943e-07,3.867612285779018e-08,7.979575903836256e-05,0.00025222897025927403,5.602718625966858e-05,0.04354871121636667,3.0645761895464345e-07,3.914894352831134e-09,0.016134666529201487,0.0034945652790545176,1.927014346181507e-08,1.8681271477867622e-09,3.085032564008604e-09,9.629900108815211e-06,2.740334331355312e-06,9.97661087837632e-06,5.667453456648626e-06,1.3111400201221741e-05,3.9386286696220595e-07,4.423033887125358e-06,4.6791693726918784e-07,6.902229360321881e-10,0.9325298633655564,0.0038274509020054244,2.978468474397291e-05
50,1.3451820799694541e-07,1.1211110473891271e-07,0.00010947096067957565,0.0005119063314772933,8.52652908495947e-05,0.05854278771141946,4.135399106042212e-07,1.0681602428766953e-08,0.025239744385186252,0.011151623966286994,2.9755281523696686e-08,2.883850704474641e-09,5.674231305783706e-09,2.2330922895158388e-05,6.051696866487183e-06,2.031843576339554e-05,9.27336188563385e-06,2.0228597306903164e-05,1.050397241735378e-06,8.193650177340106e-06,7.278995459188958e-07,1.9015317504862133e-09,0.9002425350480043,0.0039766977419502456,5.1082536742563945e-05
51,1.709991624400026e-07,2.575401435241739e-07,0.00010109445223639412,0.0008473584585078331,8.905906188567356e-05,0.04430882860944781,3.423193429167609e-07,1.7035852721927654e-08,0.028721469343279758,0.013458724941285949,3.8140851482984817e-08,4.519142684008794e-09,5.8004250796475756e-09,4.417675172723828e-05,8.161627155147771e-06,1.8558219903859436e-05,1.0947188312126503e-05,2.460118216051941e-05,1.1746797594956152e-06,6.743128465133092e-06,7.359586252024143e-07,2.8024464201630288e-09,0.9090370462032927,0.0032615346319595506,5.894640462844752e-05
52,1.1263563660962712e-07,4.5919203929855866e-08,7.247634808196293e-05,0.0002533888231036091,7.367981354930389e-05,0.035799575265185006,3.3012036312752964e-07,4.100543457750734e-09,0.016625163029448397,0.003244397763583371,2.4229110464856158e-08,2.1293366962674726e-09,2.9655272630330054e-09,1.2303208410223577e-05,3.175714386891037e-06,9.60146179623242e-06,6.725119939994629e-06,1.2957830011588346e-05,4.7092676511094063e-07,4.228931466890684e-06,5.906193308927672e-07,7.760964113279111e-10,0.9398828913892642,0.003961183446356087,3.6667433502334466e-05
53,1.2904401174481485e-07,5.432720303498467e-08,9.441291142798898e-05,0.00033717688859279766,6.519191218041897e-05,0.03476655769037484,1.969524348982171e-07,4.290270090447123e-09,0.015684041829636407,0.006451297474398537,2.0783556758649202e-08,1.3570407336523881e-09,3.66770827422001e-09,1.3920539403930324e-05,2.853210765814889e-06,1.014202534587932e-05,7.151583737516335e-06,1.8528005556523187e-05,5.942791347825806e-07,5.014257445430512e-06,6.394179687722312e-07,8.44000745584195e-10,0.9383830710319541,0.004132095705406691,2.689997044341743e-05
54,1.295586556190673e-07,1.5781560539174147e-07,0.00012684105379096692,0.0003816340417637377,8.642526161588431e-05,0.04566784937824795,4.4723539406250986e-07,8.013310520150734e-09,0.04328090452817327,0.009759963434459248,2.950447951780362e-08,6.264877266944129e-09,4.688273700528245e-09,3.929209770285286e-05,1.0490141789644617e-05,2.9537808187219972e-05,9.562793902063345e-06,1.1286403934080195e-05,7.328424369207588e-07,8.31461583180002e-06,5.277463592388711e-07,2.041858237390698e-09,0.8933324427068456,0.007093227144395502,0.00016018287810971456
55,9.964507973505915e-08,3.444347085247327e-08,4.580093054086442e-05,0.00023717833479491854,0.00010172988307612969,0.03450520939344716,5.110697544067739e-07,2.539640681158684e-09,0.029648807711326837,0.001643837549139084,2.1581513264271637e-08,3.562854533645701e-09,2.7530455035734644e-09,9.413726023866489e-06,3.0892479323736057e-06,9.127447057812608e-06,3.4622923143992593e-06,1.0850778042813219e-05,4.22581265062174e-07,3.484613225420817e-06,4.3405074714038905e-07,5.930982498649278e-10,0.9264398821657969,0.007292353699692011,4.4239407119824636e-05
56,1.1804750858352394e-07,4.524325499227184e-08,7.207446520053702e-05,0.0002901503768317875,6.51927623883522e-05,0.03874116429611388,2.9752159014789606e-07,4.462593834315655e-09,0.01655251627707478,0.0039674674671834895,2.2511904209637653e-08,1.896706886315563e-09,3.260560250705105e-09,1.1566271418336192e-05,3.341985154549084e-06,1.0707374344326824e-05,6.229545876522281e-06,1.5498722428562796e-05,5.305106639759798e-07,4.772507645034283e-06,5.396585708484515e-07,8.099021783917816e-10,0.9363903380754475,0.0038357951197611263,3.1620829875231914e-05
57,1.43783417391677e-07,7.436225112522366e-08,9.32963838399709e-05,0.0003288911503853739,7.875671714678811e-05,0.04204621115740617,4.591384331439627e-07,6.947999950942366e-09,0.019807764199673884,0.005417201994573043,3.147287957816504e-08,3.1126367824646424e-09,5.421178036794165e-09,1.543629363050844e-05,4.170658700390141e-06,1.8660186786102035e-05,9.260603508453169e-06,2.057638169502787e-05,1.0688439304315012e-06,6.1026121976129985e-06,9.912078214503596e-07,1.385358171341151e-09,0.9269689129108861,0.005135795014579118,4.6178059085148514e-05
58,1.0310340567784618e-07,3.7423085931619564e-08,6.835145546515737e-05,0.0002599658085933639,7.063028645822766e-05,0.03474375706642648,2.909266436535927e-07,3.338185211411384e-09,0.01737106138643213,0.0033696487327623107,2.0094305240833495e-08,1.8107789892278667e-09,3.17291714096644e-09,1.0524893210844448e-05,2.8382053413524233e-06,9.83452814707799e-06,5.343382728900247e-06,1.4169798517398774e-05,4.6602489167364636e-07,4.912345359057556e-06,5.201829584411527e-07,6.571163293227744e-10,0.939253940452734,0.00478301826344044,3.055666009499178e-05
59,9.949175552073076e-08,3.8353840149867554e-08,7.644387097637949e-05,0.0002495964006696327,6.689953955246836e-05,0.03282757366767223,2.7637639518441087e-07,3.3815117250036172e-09,0.01645092409694488,0.003686700262676225,1.884028155326453e-08,1.6562236178830238e-09,3.0880238084552614e-09,1.1264905167856958e-05,2.568792664401564e-06,1.0014188889675756e-05,5.612149686096505e-06,1.4465576012580555e-05,4.4450287746761904e-07,4.995669480523935e-06,5.562489258481658e-07,6.145120609840786e-10,0.9418615850361428,0.004699455779445425,3.045750967204049e-05
60,1.1267183643144135e-07,4.433202596691682e-08,7.130394053407353e-05,0.00028739073120040887,6.398144920818234e-05,0.03867866220926362,2.8900149959534917e-07,4.38879201523563e-09,0.016485492185445958,0.004027504284733459,2.1843405847921034e-08,1.8138470075204728e-09,3.0578755358755325e-09,1.1574832865786042e-05,3.341732503476493e-06,1.0616737223344352e-05,6.165875525155272e-06,1.5153776576053365e-05,5.21908554701611e-07,4.626485605696448e-06,5.257358157722557e-07,7.748725277212559e-10,0.9365898970709491,0.0037111192936385073,3.164386620161424e-05
61,1.0158416294234353e-07,3.716536009529367e-08,7.776890839668978e-05,0.00024519409583000643,6.712081492630907e-05,0.03231873623359266,2.71841665159516e-07,3.2569761453663564e-09,0.016758689758367147,0.0036090034692192697,1.8362799478402497e-08,1.5947245438906724e-09,3.0613495604967907e-09,1.1017582020843895e-05,2.398703335552628e-06,9.440246177366052e-06,5.281032030075148e-06,1.4465800201622012e-05,4.253444913020795e-07,4.825377078125457e-06,5.532136540322548e-07,5.83915054657619e-10,0.9420503766617506,0.00479490251390718,2.9362794068309117e-05
62,1.1267183643144135e-07,4.433202596691682e-08,7.130394053407353e-05,0.00028739073120040887,6.398144920818234e-05,0.03867866220926362,2.8900149959534917e-07,4.38879201523563e-09,0.016485492185445958,0.004027504284733459,2.1843405847921034e-08,1.8138470075204728e-09,3.0578755358755325e-09,1.1574832865786042e-05,3.341732503476493e-06,1.0616737223344352e-05,6.165875525155272e-06,1.5153776576053365e-05,5.21908554701611e-07,4.626485605696448e-06,5.257358157722557e-07,7.748725277212559e-10,0.9365898970709491,0.0037111192936385073,3.164386620161424e-05
63,1.1891522576090993e-07,5.418255093949429e-08,7.431944283137203e-05,0.00030645998981065225,6.47386531163338e-05,0.03913594666840957,2.9650688999686253e-07,4.9627380088332e-09,0.01737557358093877,0.004548062377031006,2.323175567049486e-08,2.0470820684772716e-09,3.3528288549082506e-09,1.3061755197350999e-05,3.5949026534815144e-06,1.1757066203082185e-05,6.855668791896699e-06,1.575023925352243e-05,5.769005772935526e-07,4.882001475660417e-06,5.533815487309994e-07,9.136909886058904e-10,0.9345404748442925,0.003862032272291869,3.485614281467978e-05
64,1.139147142937999e-07,4.220988971928437e-08,8.1646919681056e-05,0.00025203798750335685,6.664313560838911e-05,0.031137717520893057,3.080946280317294e-07,4.199500107111991e-09,0.013763024738656213,0.0035722284930377215,2.2622936595840826e-08,1.6976993250754962e-09,3.419269125936676e-09,1.2024619206988642e-05,2.5225382233840137e-06,9.95300816676448e-06,6.706110990572958e-06,1.7301991308527757e-05,5.299182333645058e-07,4.784554792541015e-06,7.5093086335837e-07,6.840842100466249e-10,0.9471476389474021,0.0038952678248056374,2.8723917905701872e-05
65,1.1190063519677638e-07,3.97614364708816e-08,6.553053128854535e-05,0.0002840475016916535,6.236112856155381e-05,0.04029272045181087,2.9351838449683947e-07,4.323123013923962e-09,0.015280997981196073,0.0036827596048883394,2.2100804443387848e-08,1.7464751878226344e-09,2.911924104558973e-09,1.018983328760904e-05,3.3224937236977596e-06,1.028476167246403e-05,6.131927509567208e-06,1.523981464397027e-05,5.305514086530225e-07,4.343372765771031e-06,5.101829445615755e-07,7.474482282761775e-10,0.9368271134100873,0.0034245005383419657,2.8938903946344382e-05
66,1.9159548591188566e-07,6.263801397491712e-08,0.00021343296992770263,0.00033420537458517946,8.007025539910777e-05,0.04082760017001791,4.519621099361375e-07,8.000434838823548e-09,0.020560295969749457,0.008632065798472139,2.3385792965776238e-08,1.5080961751777826e-09,7.628960742405828e-09,1.8482253889559076e-05,3.1498579517966596e-06,1.59440708606581e-05,6.262410378916171e-06,2.7847084208634595e-05,6.190739181172605e-07,1.1178710826322513e-05,1.1475041142826252e-06,9.088158710171278e-10,0.9246296817520232,0.004606789564321905,3.047955164485138e-05
67,1.568985798591211e-07,9.20364408092947e-08,6.841004490827963e-05,0.00041635444542472257,0.00010644125636496788,0.06818045198615298,4.818232547063774e-07,6.929676655592037e-09,0.038578168849852046,0.005878347497506538,3.59308981985849e-08,3.958226976078538e-09,4.3033347727457866e-09,1.6653542825639806e-05,9.09755481943945e-06,1.6975763077913926e-05,6.891983975180416e-06,1.3388696085526535e-05,9.398777473720621e-07,5.373360861221647e-06,5.00920874064343e-07,2.021554374096196e-09,0.8815730218882906,0.005059154061397591,6.904436786967951e-05
68,1.3344654764453065e-07,4.9806537299653183e-08,7.000215212293623e-05,0.0003072435287560068,6.331443146728404e-05,0.04250703675389123,3.2209753238511994e-07,5.50674876162014e-09,0.015610167708313194,0.004205660444723424,2.5588877127841633e-08,1.956807195936925e-09,3.440903698935718e-09,1.1120984493085523e-05,3.7612865372800647e-06,1.2178356701530032e-05,7.360238830162705e-06,1.7352185023415306e-05,6.71864082369283e-07,4.540316106808917e-06,6.084984043354571e-07,9.822452950612044e-10,0.933745351201216,0.0034020876747408294,3.099954839040374e-05
69,8.96966161631565e-08,4.038674345515457e-08,9.105271124319013e-05,0.0002635475865367978,4.9927956128449606e-05,0.028287567932015253,2.4548648903442435e-07,4.5446733835643104e-09,0.012732672779780126,0.004528634622551013,1.6809279796546122e-08,1.4342001468386864e-09,2.954034701364102e-09,1.379226196222998e-05,2.0893765426317486e-06,1.038480367523788e-05,5.671297960579444e-06,1.8897381540489946e-05,4.353324003541565e-07,5.375357543093453e-06,6.395210936518365e-07,5.276289818840442e-10,0.9503832110201291,0.0035790097566945366,2.6688462537391024e-05
70,8.645586770601914e-08,3.085685111314497e-08,6.0018226613366385e-05,0.00029027248813845755,8.922228987340675e-05,0.03558421986956125,2.658896400934816e-07,3.150825677553137e-09,0.01937657739391959,0.00285410483031478,1.952449197598189e-08,1.4727183972049443e-09,2.225860660680024e-09,1.083623843159483e-05,3.1499210276399756e-06,6.021375050412777e-06,3.957907232206394e-06,1.0831974819280783e-05,3.3157059134853793e-07,4.123522898524692e-06,3.864640009373367e-07,5.210066043040059e-10,0.9382019245051039,0.0034759279224158674,2.768340274539485e-05
71,5.6857789406268243e-08,4.816072649208556e-08,7.65216913540946e-05,0.0002736130874893806,9.114737405090792e-05,0.021335722488507767,3.019706154686665e-07,3.4337524295923947e-09,0.0207302740282636,0.004158428579476611,1.4547852890341225e-08,1.3819745813128314e-09,2.784001238880797e-09,1.918045119565656e-05,1.8231760336582235e-06,8.44895932818376e-06,4.133948761387765e-06,1.7309325424983513e-05,3.9132822763301067e-07,6.5058370808853555e-06,6.885723771466533e-07,4.2953981864517475e-10,0.9481613269289566,0.005084145205118189,2.9909452101024194e-05
