,0,1,2,3,4,5,6,7,8,9,10,11,12,13,14,15,16,17,18,19,20,21,22,23,24
0,0.13932621549698984,4.735502367386165e-05,7.039844843169954e-06,0.0009485816709131499,5.54277208427301e-06,2.6349405997380243e-07,0.00037357170863564436,2.604171260285405e-06,3.0789597216415346e-11,3.8351235939386397e-07,2.109948818138299e-05,0.0007493423742628183,6.812072422177437e-06,2.396485393732861e-05,3.465931285755805e-07,2.175590595706321e-06,0.002221811490399624,0.07553805640777853,1.7073659536618333e-09,1.4594519116844336e-07,7.296053625313009e-06,3.4811279030918486e-06,0.6313916445529577,0.14865984635590873,0.0006624176607326263
1,0.1357672040322262,5.4951315909735684e-05,8.34063751256061e-06,0.0012293817936217429,6.984955031842806e-06,3.6266325895380103e-07,0.0004644347193179188,3.508912201365069e-06,5.216746334163127e-11,6.33104213351232e-07,2.1739610445971417e-05,0.0007031905249881254,7.793356443060838e-06,2.9705088328030824e-05,4.682264039910741e-07,3.368123601023264e-06,0.0020575581742769667,0.06804813992384735,2.7483856832168765e-09,1.8734447019660315e-07,9.974084083397049e-06,3.831125573130723e-06,0.6449333124132708,0.14580391540835802,0.0008410116620630345
2,0.10056159442382388,3.4723326875826095e-05,3.384311224011665e-06,0.0006126531932432554,3.758295049820423e-06,2.3572491164677268e-07,0.0002508421641948353,1.7601409652612372e-06,1.8112347753810685e-11,3.0662883682143815e-07,1.2429833819159313e-05,0.0005782435118656231,4.2824817010726116e-06,1.876542950007942e-05,3.835201547713148e-07,2.340714989259722e-06,0.001916894470433651,0.05158700098862067,1.3991966076049088e-09,1.0807842356760776e-07,6.024224523077895e-06,3.903577987316631e-06,0.7534920682458592,0.09033530627550539,0.0005729890201826419
3,0.12581209474677996,4.729038538676598e-05,5.944089923157926e-06,0.0009558430898634672,5.230718071105435e-06,2.407178554603891e-07,0.0003347160462637401,2.508262897140239e-06,2.5960376301718384e-11,3.9116328171905157e-07,1.86921882022636e-05,0.0007029335556082253,6.005635045418787e-06,2.317474657925528e-05,3.2811950257370033e-07,2.057215278924962e-06,0.002219875157346692,0.07526352040693811,1.6274529014796651e-09,1.328734502808241e-07,7.766670315963494e-06,3.5609365472680306e-06,0.6553204853980059,0.13858760018658547,0.0006796060368577034
4,0.12471931077258001,5.118927806309684e-05,7.113868282360039e-06,0.001011439694175757,6.272522520226634e-06,2.7443763938947763e-07,0.00035713561695880866,2.3918588124016956e-06,3.034084818401957e-11,4.1963005682786835e-07,1.9415711651386752e-05,0.0007346256457532877,7.540534909251449e-06,2.870871474948653e-05,3.4803549971370617e-07,2.1962033625127357e-06,0.002139222726700451,0.07304306989697498,1.7157597850558043e-09,1.3946404522180083e-07,7.522623073576227e-06,3.5220903264644955e-06,0.6551606701966455,0.14202294643622904,0.0006745222948895368
5,0.1038980769898998,4.5563253904781684e-05,5.094517178787171e-06,0.0010665142952754635,5.008969388091284e-06,2.1535474890151045e-07,0.0002964905100946816,2.439398856255411e-06,2.0925671964900324e-11,4.1029827045143467e-07,1.6814858724946344e-05,0.0006182318671668588,5.59778834156772e-06,2.1437035496562454e-05,2.5526170890833677e-07,1.8301856900930422e-06,0.0020989302062708135,0.08338951777713742,1.3994952519914565e-09,1.273097545267905e-07,8.042570877692693e-06,3.100394799192928e-06,0.670620316631025,0.1372554662644781,0.0006405168404902196
6,0.12581209474677996,4.729038538676598e-05,5.944089923157926e-06,0.0009558430898634672,5.230718071105435e-06,2.407178554603891e-07,0.0003347160462637401,2.508262897140239e-06,2.5960376301718384e-11,3.9116328171905157e-07,1.86921882022636e-05,0.0007029335556082253,6.005635045418787e-06,2.317474657925528e-05,3.2811950257370033e-07,2.057215278924962e-06,0.002219875157346692,0.07526352040693811,1.6274529014796651e-09,1.328734502808241e-07,7.766670315963494e-06,3.5609365472680306e-06,0.6553204853980059,0.13858760018658547,0.0006796060368577034
7,0.16212695420354142,6.649321860840486e-05,9.833145916343011e-06,0.0010720850308330488,5.494715117269649e-06,2.5172956422017975e-07,0.0004981174346964897,2.9379608160762014e-06,4.1728228608002694e-11,4.1588014168113204e-07,2.7705713154320293e-05,0.000867855772175073,1.0438179285804971e-05,2.5815691275112055e-05,3.5413551675526673e-07,1.9093986130472524e-06,0.0024468765056084945,0.09010537416560582,1.7855214277111729e-09,1.96205673588665e-07,6.912401579284706e-06,3.650198692078727e-06,0.5459095916022405,0.19607402131013815,0.0007367135739574458
8,0.15525274263782224,4.9401272867531064e-05,5.396940974815283e-06,0.0006622014060427456,4.143316577871802e-06,4.1411463684660835e-07,0.00037230458790386074,2.119340669530899e-06,3.617439668533567e-11,2.526039120003177e-07,5.114022331153695e-05,0.0008520848034566636,4.8961386662013676e-06,2.076200283629894e-05,4.5587046916756305e-07,1.6180151042690627e-06,0.0023809460687584595,0.12316672580944632,1.8809815552687397e-09,1.4775290006785787e-07,9.299194326222333e-06,5.191490236209736e-06,0.6135367332398088,0.10315142752110726,0.00046959373100891516
9,0.04813608659124994,3.7467892371938537e-06,9.576524929737438e-08,6.300203171162546e-05,3.7098460598985655e-07,5.434172192056266e-07,5.3964807148248196e-05,2.0058545581399536e-07,1.884603181055112e-12,3.178618152344643e-08,2.4358255120182978e-05,0.00020645885455276817,1.0856347629124936e-07,4.647391266744106e-06,2.1464089169280249e-07,1.155021461369486e-06,0.0005285291905267994,0.05527108749977753,6.563230054107809e-10,1.641032011081813e-08,6.13018611712507e-06,4.44180198255747e-06,0.8930583997763536,0.0025859288462667085,5.048014561993327e-05
10,0.12581209474677996,4.729038538676598e-05,5.944089923157926e-06,0.0009558430898634672,5.230718071105435e-06,2.407178554603891e-07,0.0003347160462637401,2.508262897140239e-06,2.5960376301718384e-11,3.9116328171905157e-07,1.86921882022636e-05,0.0007029335556082253,6.005635045418787e-06,2.317474657925528e-05,3.2811950257370033e-07,2.057215278924962e-06,0.002219875157346692,0.07526352040693811,1.6274529014796651e-09,1.328734502808241e-07,7.766670315963494e-06,3.5609365472680306e-06,0.6553204853980059,0.13858760018658547,0.0006796060368577034
11,0.12737118917303952,4.9663670761895905e-05,6.4297543749386266e-06,0.0009740857582597478,5.434143761466698e-06,2.4746016243133985e-07,0.00034687188454688155,2.5305387009769233e-06,2.7912189570424772e-11,4.0302437344303386e-07,1.9188312373144343e-05,0.0007341651307929429,6.838682456040654e-06,2.4472293250326148e-05,3.293393368733734e-07,2.0785799043501103e-06,0.002257117940373884,0.07655042055705462,1.6463427046294594e-09,1.4206168869559883e-07,7.522641517401475e-06,3.6088822968199216e-06,0.6473201908079729,0.14364064809567553,0.0006764195930702035
12,0.02820824976808775,1.2018855861950691e-05,6.864814131377068e-07,0.00027151671015175426,2.768011271793932e-06,9.266205920634946e-08,3.393093461528694e-05,3.246883606725695e-07,9.788978797770805e-13,8.952523825617776e-08,3.077617144030962e-06,0.0003046314839414642,1.0748346433914036e-06,1.6325230616813037e-05,7.349651464619335e-08,7.490334782892254e-07,0.0012160179837436924,0.03930975752826617,2.503388502411674e-10,1.70507718139686e-08,3.291294059073765e-06,2.1592778589258987e-06,0.9047386715355844,0.025727313870729792,0.00014716187427000238
13,0.1955227312924104,4.6201162717045655e-05,1.0194288232174235e-05,0.0009147942373014641,6.412523824497018e-06,2.5782296212689455e-07,0.0003519476425018831,2.735328594644227e-06,3.6166685837688865e-11,2.0888248532527356e-07,4.5175628934048864e-05,0.001866815659864729,7.411887127516548e-06,3.4124717163566604e-05,4.854286161925026e-07,1.566325017611242e-06,0.003561676200693242,0.08240905295643786,2.0937328644568813e-09,1.505453572929982e-07,9.632989502529517e-06,5.052304710911359e-06,0.5967623679994523,0.11773170541817542,0.0007092966280177205
14,0.09211195331222355,0.00011122074876557246,6.945992222097107e-06,0.0013417611662498669,8.442195736555155e-06,3.2856993173998873e-07,0.000385262618751368,3.073318514040202e-06,4.569367164955965e-11,9.137849169381045e-07,2.3602535461440828e-05,0.00041763055356518105,9.469867737678958e-06,2.4659330031312692e-05,3.6922442330552354e-07,1.945653416481856e-06,0.0021117887932547118,0.09632876045566607,2.081597588089422e-09,1.4216837511235957e-07,1.0148719430683218e-05,3.420498218926796e-06,0.5813634714795648,0.22502759566078306,0.0007070912254685487
15,0.12581209474677996,4.729038538676598e-05,5.944089923157926e-06,0.0009558430898634672,5.230718071105435e-06,2.407178554603891e-07,0.0003347160462637401,2.508262897140239e-06,2.5960376301718384e-11,3.9116328171905157e-07,1.86921882022636e-05,0.0007029335556082253,6.005635045418787e-06,2.317474657925528e-05,3.2811950257370033e-07,2.057215278924962e-06,0.002219875157346692,0.07526352040693811,1.6274529014796651e-09,1.328734502808241e-07,7.766670315963494e-06,3.5609365472680306e-06,0.6553204853980059,0.13858760018658547,0.0006796060368577034
16,0.11213045225883501,4.417591136458428e-05,4.480383216022896e-06,0.0010095103388057336,4.455473634340254e-06,2.47282431002747e-07,0.0003189181395789719,2.4528053004989018e-06,2.1123416028888373e-11,4.4826585691512453e-07,1.7263644046632842e-05,0.0006139102640533184,4.75248426244123e-06,2.1782269155392648e-05,2.8315182425261237e-07,2.1924092408898585e-06,0.001980876926396225,0.08418344769873871,1.5761465687160982e-09,1.296756028564662e-07,9.483894090635808e-06,3.4925955654371877e-06,0.6813087099353653,0.11768124072788136,0.000657291867483416
17,0.17745856624216882,0.00010176980530917711,8.714783728228121e-06,0.0005563970125878285,6.952779084629354e-06,3.3659802624261016e-07,0.0004893688279198206,5.173472562320504e-06,1.2167203871989204e-10,7.310333210393642e-07,3.4577976484850056e-05,0.0005119220524805745,7.087701072289643e-06,9.565621493906902e-06,1.3568815787508864e-06,2.256960663216832e-06,0.004259564420846677,0.06394509268290498,3.726912589430574e-09,1.2710024686890094e-07,9.39378824553932e-06,6.341986582579924e-06,0.375258949471684,0.3764609022920468,0.0008648466603763062
18,0.11551318360227356,4.865111261418977e-05,6.481015938083784e-06,0.0010457796041717716,6.097788138839555e-06,3.000549001592239e-07,0.0003507936758749601,2.5838010102175128e-06,3.249623542006133e-11,4.3228021866844584e-07,2.1437335998530256e-05,0.0006561923766161749,6.20317198857469e-06,2.5167689834146225e-05,3.7059779084817e-07,2.340615380858721e-06,0.001956053627012888,0.06955754710862165,1.8412044262261166e-09,1.4388080327631813e-07,8.270811371033208e-06,3.266676838275102e-06,0.678652878198621,0.13145308027229255,0.0006827428279891589
19,0.13962695139968798,6.503085251018946e-05,1.3527869335943824e-05,0.0014739078687166223,9.686520573241225e-06,2.729776693450587e-07,0.0003980122006999702,3.858786708627634e-06,5.225039899657676e-11,5.251296771406438e-07,2.4603560201214442e-05,0.0010515042377046222,1.154719918509486e-05,3.735029473095722e-05,3.8570215399151093e-07,2.054247248988121e-06,0.00304207535026497,0.07970584308726532,2.162279372182933e-09,1.9207462889425708e-07,8.566845607896468e-06,4.309967512756108e-06,0.5797377567219921,0.19393580415029296,0.0008462307411013801
20,0.11313124761176421,5.371155446242824e-05,5.69872148503479e-06,0.0009660332819832093,6.041519782158925e-06,1.9928367563762786e-07,0.00027150399264548646,3.713651891512371e-06,2.891556755992442e-11,4.535902167310455e-07,1.5949962289899578e-05,0.0007467750822419625,5.6759637388070326e-06,2.1904593545499336e-05,4.0238941134472444e-07,1.896717702021948e-06,0.0033397217608700748,0.07208710239642667,1.9996600089532728e-09,1.3589815363794097e-07,9.024245625949825e-06,5.909634665943765e-06,0.6577757863925122,0.1508335375337194,0.0007175721926144692
21,0.1282516213990475,3.377846777166915e-05,5.410124292433773e-06,0.001002771024782777,3.882613976982377e-06,2.4724003641437917e-07,0.0003924920499099677,1.6592608168824386e-06,1.7575006220589018e-11,3.2311942411086674e-07,1.621953747450437e-05,0.0007356488946596907,6.488825447196554e-06,2.876517603652214e-05,2.1983045656644676e-07,2.4382786564007293e-06,0.0013487248796270424,0.07111661696827927,1.2012171318587019e-09,1.4304684347849639e-07,6.368958729345778e-06,2.2140643228165614e-06,0.6978654219453987,0.09859779266458701,0.0005807504106306056
22,0.136996634296188,3.99969540713458e-05,5.5216325434656985e-06,0.0008105875698508881,4.41587294776785e-06,2.4870681211215096e-07,0.0003096528684569533,2.512234205105332e-06,2.180721487323251e-11,3.2547978579742153e-07,2.330681314260803e-05,0.000817792961474535,4.773704906856349e-06,2.0637951786525576e-05,2.8907317899958487e-07,1.9811799081467965e-06,0.0025984845427813597,0.10133764577700591,1.5167574425612725e-09,1.380541232630244e-07,9.388770396871594e-06,4.267793349662197e-06,0.6313764036010601,0.12510854500229934,0.0005264476211595889
23,0.12581209474677996,4.729038538676598e-05,5.944089923157926e-06,0.0009558430898634672,5.230718071105435e-06,2.407178554603891e-07,0.0003347160462637401,2.508262897140239e-06,2.5960376301718384e-11,3.9116328171905157e-07,1.86921882022636e-05,0.0007029335556082253,6.005635045418787e-06,2.317474657925528e-05,3.2811950257370033e-07,2.057215278924962e-06,0.002219875157346692,0.07526352040693811,1.6274529014796651e-09,1.328734502808241e-07,7.766670315963494e-06,3.5609365472680306e-06,0.6553204853980059,0.13858760018658547,0.0006796060368577034
24,0.09641000753707504,5.368253882128331e-05,5.699231001566315e-06,0.0013635453189127834,6.146499057285602e-06,2.5040149917192154e-07,0.00030408043892055423,2.259301697454767e-06,2.250342506599745e-11,4.776321855923993e-07,1.6604919161841263e-05,0.0006173014097893715,6.9525781131848055e-06,3.170584591905653e-05,2.395467675508256e-07,1.9509064528413938e-06,0.0017706829773554275,0.08030844766134516,1.5462335336879636e-09,1.3806958528304336e-07,8.18491477706483e-06,2.893047825161672e-06,0.7009765123736569,0.11742110063245018,0.0006911346488933646
25,0.14777512033297396,4.147601939915294e-05,8.836129614360126e-06,0.0013971452174504123,4.837591871347082e-06,1.5576494138849454e-07,0.0004442816844561798,4.539104771328236e-06,2.6179716156145754e-11,3.316361035119436e-07,2.864619698207362e-05,0.0012610552872947044,8.259941124171245e-06,2.338989591489802e-05,2.1990928531212623e-07,1.8239569855975186e-06,0.003165103257459122,0.093647515002027,1.9374682039663676e-09,2.3700339622889268e-07,8.844843987268123e-06,3.393397238736777e-06,0.589842223616609,0.16172804773217642,0.00060451451428982
26,0.0019389127776153817,6.259907724916722e-06,1.2976826712888696e-07,0.0007795641535808214,1.776478182036607e-06,1.548653293438212e-06,6.56348545708803e-05,1.3973470833040354e-07,8.218353477034257e-12,4.312527458954192e-07,4.109524013881601e-06,3.086076131580291e-05,8.814988536879751e-08,9.935672136785327e-05,3.460998668197341e-07,1.0681753502319728e-05,9.205657149410648e-06,0.0016947884427840224,3.682331560065908e-09,2.8512140104115926e-08,1.6400790344139356e-05,4.627605009102685e-07,0.9947257806404174,0.00017479272993776708,0.0004386961855354555
27,0.14176038141939418,5.094615555336564e-05,6.096968039227463e-06,0.0008405247523910649,4.854218131766281e-06,3.096473708738871e-07,0.0003508881032279456,3.2146765374945273e-06,4.142300598170449e-11,4.784363184822917e-07,1.804615989916636e-05,0.0006637440939275535,5.153762661718984e-06,2.00531521411601e-05,5.013246189794392e-07,2.5578116522187495e-06,0.0024256376693191314,0.07298461560598227,1.9945240829842446e-09,1.6513762755416554e-07,8.251341800487439e-06,5.490132225424836e-06,0.6389512046387702,0.14102514791371845,0.0008717348427441204
28,0.12581209474677996,4.729038538676598e-05,5.944089923157926e-06,0.0009558430898634672,5.230718071105435e-06,2.407178554603891e-07,0.0003347160462637401,2.508262897140239e-06,2.5960376301718384e-11,3.9116328171905157e-07,1.86921882022636e-05,0.0007029335556082253,6.005635045418787e-06,2.317474657925528e-05,3.2811950257370033e-07,2.057215278924962e-06,0.002219875157346692,0.07526352040693811,1.6274529014796651e-09,1.328734502808241e-07,7.766670315963494e-06,3.5609365472680306e-06,0.6553204853980059,0.13858760018658547,0.0006796060368577034
29,0.12581209474677996,4.729038538676598e-05,5.944089923157926e-06,0.0009558430898634672,5.230718071105435e-06,2.407178554603891e-07,0.0003347160462637401,2.508262897140239e-06,2.5960376301718384e-11,3.9116328171905157e-07,1.86921882022636e-05,0.0007029335556082253,6.005635045418787e-06,2.317474657925528e-05,3.2811950257370033e-07,2.057215278924962e-06,0.002219875157346692,0.07526352040693811,1.6274529014796651e-09,1.328734502808241e-07,7.766670315963494e-06,3.5609365472680306e-06,0.6553204853980059,0.13858760018658547,0.0006796060368577034
30,0.12581209474677996,4.729038538676598e-05,5.944089923157926e-06,0.0009558430898634672,5.230718071105435e-06,2.407178554603891e-07,0.0003347160462637401,2.508262897140239e-06,2.5960376301718384e-11,3.9116328171905157e-07,1.86921882022636e-05,0.0007029335556082253,6.005635045418787e-06,2.317474657925528e-05,3.2811950257370033e-07,2.057215278924962e-06,0.002219875157346692,0.07526352040693811,1.6274529014796651e-09,1.328734502808241e-07,7.766670315963494e-06,3.5609365472680306e-06,0.6553204853980059,0.13858760018658547,0.0006796060368577034
31,0.14341175034657808,6.607964434890679e-05,9.567721992700426e-06,0.0014267102585019704,7.232330313412326e-06,1.450748578055246e-07,0.0003364536995709183,4.254819445801391e-06,2.8006670641475546e-11,5.15907834015049e-07,1.3911242591018806e-05,0.0008153842685475909,1.0344980805429083e-05,2.6842293195557312e-05,2.1087395098405423e-07,1.6262915144258716e-06,0.0030048269275643642,0.09086595678422128,1.762758693170504e-09,1.6414519180736583e-07,7.1652794768804004e-06,3.4978924792996535e-06,0.5162164270380584,0.24296581145972282,0.0008051189284713469
32,0.12904122273330323,4.7960856351268354e-05,5.923732901182908e-06,0.0009546859839625465,5.425404811978783e-06,2.538577749727307e-07,0.00033840885360868466,2.6968512033607116e-06,2.8508157287670653e-11,4.141085660105308e-07,1.8850176405249682e-05,0.0007150089636110946,5.967287639766445e-06,2.368861570894097e-05,3.628163318591233e-07,2.223792336758293e-06,0.002310564246241827,0.07367997705036972,1.8659242235191228e-09,1.3618467688045233e-07,8.302590489425644e-06,3.886690792659947e-06,0.6569601916074183,0.13516875466043785,0.0007050910406240118
33,0.11202100097083588,4.9765838181808786e-05,4.152488341232613e-06,0.0007240468679500008,5.080418343018207e-06,1.6740181556364288e-07,0.0002267827904147186,2.190542290722002e-06,1.420320416495507e-11,3.219390081327544e-07,1.3100415485760634e-05,0.0006717427429139958,5.887407861348629e-06,2.2706932274828756e-05,2.5594235060744645e-07,1.6078347026187529e-06,0.002872929957127132,0.07468045444813466,1.3861134725138116e-09,1.0125133809888343e-07,6.105542424946957e-06,4.8591962765565e-06,0.6797429733554714,0.12848420292051962,0.00045956139562064766
34,0.17590209338489807,5.753515177150146e-05,8.842453933802322e-06,0.0010331939458355708,6.229955163573366e-06,3.3190021076615403e-07,0.0004613996796123711,3.191660284125758e-06,5.2639290807955994e-11,4.783546614048676e-07,2.379932368870617e-05,0.0007965581623621499,7.729398841688073e-06,2.7179284934385926e-05,4.932237533079484e-07,2.595750342361643e-06,0.0022674159041574018,0.07682756161169726,2.415546860671935e-09,1.681039296065412e-07,8.640349305689798e-06,4.0935221159121144e-06,0.5780626155041272,0.16358527057151928,0.0009125803346679407
35,0.2250384915884606,5.880936523544121e-05,5.9405829473523865e-06,0.0012834532135612728,3.3664024348091547e-06,1.619547201131028e-07,0.00038767714545153033,6.915235152879993e-06,4.422486411737969e-11,6.397642520189857e-07,1.7516030349098495e-05,0.0008605010767777459,6.050854227313707e-06,1.2979858734413518e-05,2.4515964418161973e-07,1.399316620727849e-06,0.003949550913989315,0.16418536917561607,2.2951262606306433e-09,1.9901010573359476e-07,1.059785353178182e-05,5.8789804656744285e-06,0.37750604916792024,0.22546164637156804,0.0011965586388824057
36,0.15831594671346463,5.2367761879426926e-05,8.348209559553245e-06,0.0010588736884898668,7.661191963322469e-06,1.662008184261868e-07,0.00029988213968599634,3.828853304655091e-06,3.101675239157214e-11,4.2227509039602647e-07,1.4944439743910562e-05,0.0011185238359510982,8.999093916669226e-06,2.691932947446793e-05,3.928870788607439e-07,1.9986413708418603e-06,0.004157723784049366,0.06249021202197757,2.303074302276217e-09,1.2830331727747348e-07,7.918581227972806e-06,4.777879158181185e-06,0.584792427474819,0.1867681031108146,0.0008594312487529755
37,0.25186108930466916,4.139182190353694e-05,6.8783167412961205e-06,0.0006963302495335038,3.7447222001656216e-06,1.536774231147677e-07,0.00039369967002152623,1.7634251852291498e-06,1.4807280646192608e-11,1.9408103081647065e-07,1.8580318499695627e-05,0.0009808699615866045,7.07444574841225e-06,2.5486913959663552e-05,1.949549600495117e-07,1.4379399615753948e-06,0.002188762918353854,0.0963699507436816,1.1639498038127739e-09,1.0599405554586925e-07,4.882011551346335e-06,2.993504749090818e-06,0.49176543760371827,0.15510004413435036,0.0005289321073585977
38,0.127891867137254,3.4127190517228574e-05,3.8967328657752854e-06,0.0005835670991025553,3.2449186532671435e-06,3.1381040891948034e-07,0.0003843843719359145,1.5424548580056544e-06,2.036034335446729e-11,2.954024216223717e-07,1.9373895024885385e-05,0.0005371807119633388,3.984479727668767e-06,1.8983067089100095e-05,3.654148515704518e-07,2.6222487835832683e-06,0.001412995549279896,0.06522840902014793,1.377408813895362e-09,1.1252745941232128e-07,6.626607633265764e-06,3.126134259081357e-06,0.7086030059955561,0.0947689630749068,0.0004910107575306295
39,0.10066543055924178,2.8778801436914745e-05,5.1130922648438135e-06,0.0012300781578903196,5.405512269133912e-06,2.648539960300706e-07,0.0002752289367283837,3.914668583180314e-06,2.5944860434804843e-11,4.866544962877941e-07,1.6445067928846802e-05,0.0007408945218928544,3.850996646789629e-06,2.0310413656864354e-05,2.9067495945546866e-07,3.1711295473564405e-06,0.0021286544119609144,0.06785098321483046,2.159865585284775e-09,1.6670871517563923e-07,1.266756021931097e-05,3.1679441369687408e-06,0.7259370625618773,0.10036934266246428,0.0006982887084460619
40,0.139675934053884,4.8062781191535174e-05,6.0231998320184065e-06,0.0008720044795268613,5.154473225658616e-06,2.4647387640808474e-07,0.000332152132693615,2.3093361644727714e-06,2.520055233581267e-11,3.5212962932623463e-07,1.9233152119561133e-05,0.0007505002549526072,5.833326116020412e-06,2.4920795556055744e-05,3.444790583455727e-07,1.9978831951926937e-06,0.0022576970740424834,0.07657943983441279,1.6206383102362029e-09,1.2503316836570952e-07,7.622001953966421e-06,3.910414829190158e-06,0.6466043402364353,0.13212179253402884,0.000680002274268441
41,0.12835633144816835,8.690192549955582e-05,1.66905416328729e-05,0.0014839492851417627,1.7457392990867485e-05,5.686198309316413e-07,0.00041147273655735674,3.722759954529647e-06,1.249286895693333e-10,9.373744597643258e-07,2.0882832457684885e-05,0.000590752671049514,1.0777494239503094e-05,4.296558454642062e-05,8.878577671414598e-07,3.6262043325972774e-06,0.0019637914804596854,0.05158549121495957,3.156510741248353e-09,1.5588271543563306e-07,1.0346119729644445e-05,3.672148393251988e-06,0.5854935886016032,0.22854017368521976,0.0013548528568512739
42,0.12591516985078238,4.0570126308674816e-05,4.194942187648774e-06,0.0007583306418073005,4.188414843519057e-06,2.0397363224105585e-07,0.00029433453981842747,5.264613063255127e-06,2.8810499552775457e-11,4.7165104680230156e-07,1.6227953369665062e-05,0.0006820057163740918,3.217723263623798e-06,1.412876023000811e-05,5.096231495793938e-07,3.1442768053491823e-06,0.0037245556372548345,0.062169934660851814,2.977270579897977e-09,1.7219128678569563e-07,1.1936877985317718e-05,8.031341848891211e-06,0.6827994553557368,0.1228842496084982,0.0006596985137736395
43,0.06308787739000682,4.1106111421390705e-05,2.646726849844482e-06,0.000933445104344881,5.954425117267917e-06,3.323016143422603e-07,0.00020011454656303104,3.0973160641516937e-06,2.4324334368125837e-11,7.807162019902648e-07,1.2439700688717996e-05,0.0003473793779234593,2.630566008007573e-06,1.596332542053563e-05,4.145763795952878e-07,3.0298569629627283e-06,0.0020158227354358112,0.05927958414118854,2.143812363509506e-09,9.606582170555709e-08,1.4039408603341397e-05,4.489972465865347e-06,0.7778671531343841,0.09555766448354161,0.0006039358488551663
44,0.12581209474677996,4.729038538676598e-05,5.944089923157926e-06,0.0009558430898634672,5.230718071105435e-06,2.407178554603891e-07,0.0003347160462637401,2.508262897140239e-06,2.5960376301718384e-11,3.9116328171905157e-07,1.86921882022636e-05,0.0007029335556082253,6.005635045418787e-06,2.317474657925528e-05,3.2811950257370033e-07,2.057215278924962e-06,0.002219875157346692,0.07526352040693811,1.6274529014796651e-09,1.328734502808241e-07,7.766670315963494e-06,3.5609365472680306e-06,0.6553204853980059,0.13858760018658547,0.0006796060368577034
45,0.1626026767332781,5.1045942529703695e-05,1.0335208696265156e-05,0.0008350395922404852,6.747084989001431e-06,2.1892117997787677e-07,0.0004878423022859935,3.952746659883644e-06,4.805835487094006e-11,4.162729383305466e-07,2.0009010906383413e-05,0.0008394968283497971,9.909017958794753e-06,2.2182823998564384e-05,4.82547360890821e-07,2.5820237665564964e-06,0.0029433554936786517,0.053500004017597164,2.364857845036217e-09,1.7212013473053415e-07,5.9536364570883545e-06,4.182395145294536e-06,0.5552670339976747,0.22275057464492481,0.0006357842243324481
46,0.0885554814932851,5.2523725511017825e-05,6.331164904377156e-06,0.0012634027512270012,4.2828257733410325e-06,9.30663369963996e-07,0.0008029436831044422,1.0711788834160916e-06,5.286699772932764e-11,6.063310071075796e-07,2.601045056321172e-05,0.00023024694742019298,4.341502825378856e-06,4.719735227271006e-05,3.697446834359093e-07,3.718378788667481e-06,0.0002769561848144332,0.06970344435358816,1.4257147929360777e-09,1.5609043492727537e-07,7.67686919696954e-06,1.4916981292151772e-06,0.7674305480809968,0.07072021211946851,0.0008600549311699416
47,0.27715812663226597,3.683219918667371e-05,4.199078097714895e-06,0.00046068135945577407,2.09882441158571e-06,1.5660817053731077e-07,0.00034712928516886617,2.065005733975452e-06,1.5016810294134318e-11,1.936245546522838e-07,1.672803130619477e-05,0.0010393316811536254,4.457036743373407e-06,1.4916387635302403e-05,2.9951093801278287e-07,1.7114519915635173e-06,0.0030516381079268903,0.09185161932241075,1.2701379714867756e-09,1.2760591591827037e-07,5.468092974524666e-06,5.83888229902554e-06,0.5038703409548548,0.12155385115807404,0.000572187873575473
48,0.12498283658454072,5.313471709243344e-05,4.7995345221194495e-06,0.0008550933405620101,5.103216999054403e-06,1.7025366251230226e-07,0.0003026031023320508,3.155045050409966e-06,2.1334167942289868e-11,4.34641933968905e-07,1.4279153408420461e-05,0.0006938298450225199,6.341316161234757e-06,1.976393660153367e-05,3.29937241666527e-07,2.0259007224343825e-06,0.003217182856135669,0.0689856997094894,2.0000256951127974e-09,1.2347015790996648e-07,7.568180407034664e-06,4.7267555027025214e-06,0.6439665407561934,0.15625186801892582,0.0006223877059749731
49,0.126342678659583,3.841877378419294e-05,6.252335084562877e-06,0.0008607241671717552,4.993730085276723e-06,2.649113193754691e-07,0.0002853412672290831,2.230856068937292e-06,2.3588270997308235e-11,3.1245557191011356e-07,2.0518304639386084e-05,0.0008892451647592213,5.475705563017941e-06,2.4359273664237327e-05,3.0898674767145373e-07,1.9287612551336764e-06,0.0023855069457197034,0.08276948310548328,1.3528514244316241e-09,1.3929046807884958e-07,7.68254049258458e-06,4.032209138866192e-06,0.6710787722396073,0.11467120167532292,0.0006001272648008906
50,0.13410138201056337,6.11238031301187e-05,7.096838175319507e-06,0.0013145951716714522,6.138747507389164e-06,3.21104801982262e-07,0.0006474148215178723,3.4230475240699625e-06,4.4468630853759554e-11,8.8506857900116e-07,1.3569625953796984e-05,0.0004458114875085666,7.957992887198835e-06,3.580581970695343e-05,3.6129926154462784e-07,4.051513041617771e-06,0.001402307004528477,0.05802633695257047,2.9601919429003e-09,1.730090211914783e-07,7.705461135930119e-06,3.738504248390017e-06,0.6585416121136225,0.1445223625131754,0.0008458230852066395
51,0.12894852188963316,5.1707698922674013e-05,6.854348987040121e-06,0.001441049565933856,4.9233374079210685e-06,2.254255421249398e-07,0.0004064548451955023,3.0179272408216042e-06,2.6836686214252413e-11,4.495120415872888e-07,2.264233666239168e-05,0.0008060185368605751,6.954167111817246e-06,2.8712511462271497e-05,2.2615218481007082e-07,1.6239305605072219e-06,0.0020898839325056177,0.11364453315292664,1.5554818483350584e-09,1.64352829747009e-07,9.352429952449565e-06,3.4127989546034703e-06,0.6118499810801293,0.13995201457357034,0.0007212739110657431
52,0.1277312154040582,5.0848022352531886e-05,6.462853744993624e-06,0.001045764098792521,6.159938736948603e-06,1.9856722264704457e-07,0.0003242989352919159,2.971902910120547e-06,2.5830803782308392e-11,4.1021464478147967e-07,1.7251294946044633e-05,0.0007622557440063724,6.470044349157403e-06,2.419102981146815e-05,3.436614761449077e-07,2.0527208916118834e-06,0.00264230063180473,0.06538042576782291,1.919230629487319e-09,1.2641629399976862e-07,8.176723618566142e-06,3.646348348180404e-06,0.6469985552412184,0.15423813409203557,0.0007477384005607008
53,0.13650377171984202,6.475716120581613e-05,8.213648298926404e-06,0.0015153875697384621,1.32010648826963e-05,1.7607423088585885e-07,0.00018123362650307491,4.355548432568677e-06,2.72915642332289e-11,5.179865131854671e-07,1.5193560926541738e-05,0.0010591830848762226,7.599425145090173e-06,3.269055013234669e-05,3.0297211826354385e-07,1.4605048411337684e-06,0.00472511861126086,0.08555413440393783,2.342881913770127e-09,9.247471484621716e-08,1.1990791684026806e-05,4.529749578767131e-06,0.5745706141756243,0.19478888689547677,0.0009365860298618804
54,0.15452823809716223,5.351019368795743e-05,5.638290818457029e-06,0.0008850541193833058,3.1346810530344594e-06,3.1747057311949105e-07,0.0005844872179926979,1.5899219221972605e-06,2.8858058670043908e-11,4.5045362063193233e-07,1.3488151482394857e-05,0.0005329336108160388,5.964283513878095e-06,3.322798257052995e-05,3.9172718519322027e-07,3.1979522039177196e-06,0.0010429076812872049,0.0591753552166191,1.5033288368430303e-09,1.6413467441546017e-07,6.100676811588345e-06,3.478930575504667e-06,0.6820932482424543,0.10001220053898273,0.0010149188924227673
55,0.24046042993678776,5.716612648338414e-05,1.2074229118485935e-05,0.0012148497306976322,3.985281090481396e-06,2.0921399015909333e-07,0.0005101030019825221,2.9647038558276463e-06,4.813856905106494e-11,3.171685473004977e-07,2.8617359722337022e-05,0.001261074510057237,1.2298117839359017e-05,2.268865917845746e-05,2.6191468590614547e-07,1.227597102751945e-06,0.0025307686791994164,0.1322686037309235,1.3081532532851607e-09,2.215968135468738e-07,5.924160899844423e-06,3.014882657642849e-06,0.402369091588186,0.21820801832682277,0.0010260881270658692
56,0.12898445736776087,5.103745538651238e-05,6.737090190235587e-06,0.0009882747459298042,5.722351614368157e-06,2.4965393917119156e-07,0.0003499398603702033,2.604401679276999e-06,2.935230238906564e-11,4.072211742879527e-07,1.971771096176865e-05,0.0007545418306526146,7.235685435817157e-06,2.4890246167024763e-05,3.4200365296690794e-07,2.09074716719905e-06,0.0023398290881929858,0.07607391863872884,1.7158020688427124e-09,1.4478831109323652e-07,7.580406819285142e-06,3.6298415656379e-06,0.6410928623103236,0.14860470431861886,0.0006790804902030768
57,0.15967947482255912,5.865491677959953e-05,1.2033986348021786e-05,0.0014703693677259467,1.1395607554279149e-05,2.1383395991371603e-07,0.0002939851837430167,6.19239935815203e-06,5.118405329873481e-11,5.947566761458222e-07,1.967593436025666e-05,0.0014125355913801757,1.0179277432041226e-05,3.239010747818689e-05,4.48499248220672e-07,2.3583680152021472e-06,0.005502513257942821,0.0740341802404877,3.439438783551181e-09,1.7615772983810938e-07,1.2160920602282535e-05,6.113850767159296e-06,0.5583892430079782,0.19806630254610771,0.0009788038751430965
58,0.12406484906404829,4.981338181564609e-05,6.247902235838477e-06,0.0008988341530707538,5.43180474242084e-06,2.1054852483140949e-07,0.00032198527095349364,2.6127356881106516e-06,2.5038584425117302e-11,3.8959474578554353e-07,1.791781636915354e-05,0.0007169513449446887,6.487667977258815e-06,2.1320554628519627e-05,3.2481634322499523e-07,1.8956817198922145e-06,0.0025620835569776543,0.076248202977707,1.5468219842864588e-09,1.275480181874343e-07,7.481230082978128e-06,3.708925989365881e-06,0.6301240276889903,0.16428993975446876,0.0006491544080971809
59,0.13031821167315255,5.094005622564952e-05,7.363466417685515e-06,0.0009307018307028572,5.6200048575204074e-06,2.0478074048568032e-07,0.00034687003365890345,2.7997335605996077e-06,2.7148531688788255e-11,3.962379041665866e-07,1.8361174848867392e-05,0.0007429916662789091,7.075662782191377e-06,2.1441669278102415e-05,3.190146859034129e-07,1.9074749768524567e-06,0.002605095916890125,0.07922203571763343,1.5073964240973126e-09,1.3882978116300986e-07,7.3699720502050826e-06,3.608188871082812e-06,0.5971404040311467,0.18790383219906046,0.000662309129950648
60,0.12581209474677996,4.729038538676598e-05,5.944089923157926e-06,0.0009558430898634672,5.230718071105435e-06,2.407178554603891e-07,0.0003347160462637401,2.508262897140239e-06,2.5960376301718384e-11,3.9116328171905157e-07,1.86921882022636e-05,0.0007029335556082253,6.005635045418787e-06,2.317474657925528e-05,3.2811950257370033e-07,2.057215278924962e-06,0.002219875157346692,0.07526352040693811,1.6274529014796651e-09,1.328734502808241e-07,7.766670315963494e-06,3.5609365472680306e-06,0.6553204853980059,0.13858760018658547,0.0006796060368577034
61,0.1355322922589044,5.244831116925371e-05,7.911550170930556e-06,0.0009654603790555364,5.896312112045618e-06,2.2046508168751627e-07,0.00035796178703664913,2.8384694473586594e-06,3.0002641004743835e-11,3.9054420586799025e-07,2.0424471624275315e-05,0.0007973684658263033,7.3425878600423815e-06,2.319596140592353e-05,3.4085654965097047e-07,1.9484177631770252e-06,0.002635264922133903,0.0788880717864361,1.6263232920173066e-09,1.4597882526271843e-07,7.637774534731234e-06,3.7143025454768677e-06,0.6000103088629433,0.17999110298450713,0.0006877108935351642
62,0.12581209474677996,4.729038538676598e-05,5.944089923157926e-06,0.0009558430898634672,5.230718071105435e-06,2.407178554603891e-07,0.0003347160462637401,2.508262897140239e-06,2.5960376301718384e-11,3.9116328171905157e-07,1.86921882022636e-05,0.0007029335556082253,6.005635045418787e-06,2.317474657925528e-05,3.2811950257370033e-07,2.057215278924962e-06,0.002219875157346692,0.07526352040693811,1.6274529014796651e-09,1.328734502808241e-07,7.766670315963494e-06,3.5609365472680306e-06,0.6553204853980059,0.13858760018658547,0.0006796060368577034
63,0.13136560944724449,5.428917764273805e-05,6.146268600135522e-06,0.0009348169279415771,5.1678407224670675e-06,2.470879880953383e-07,0.00035177084351685646,2.542406969290949e-06,2.859725369450752e-11,4.070247036602076e-07,1.9838610849036178e-05,0.0006959922676768682,6.482913227242096e-06,2.2935168726954124e-05,3.548565741283733e-07,2.019886562012911e-06,0.0023155907214813033,0.07926246320475624,1.691087565289243e-09,1.4093147750902613e-07,7.752185901580377e-06,3.880143346625247e-06,0.6355692155713435,0.14866648504030575,0.0007058497527570809
64,0.11560864001117818,4.490237527885579e-05,5.3020873293939e-06,0.0009802151049926493,5.380579109148021e-06,2.448899560669837e-07,0.0003077690149188846,2.6846955349639586e-06,2.459300838707714e-11,4.1086710043477856e-07,1.976135497037708e-05,0.0007041284486360201,4.856780753837115e-06,2.214189383476198e-05,3.4779828154085313e-07,2.1481810468042642e-06,0.002307944330410996,0.0771580986348598,1.8023630487243784e-09,1.2285330320922257e-07,1.0463820998180858e-05,3.6204079558733387e-06,0.6730410667118251,0.1290815080921618,0.000688239238607145
65,0.12480294300028981,4.686885833073203e-05,5.884992768702225e-06,0.0009567827250110391,5.225502154304846e-06,2.415662867162086e-07,0.0003317838793986514,2.488512791758341e-06,2.564808197197506e-11,3.90392296766274e-07,1.8610226163198917e-05,0.0007006282134555452,5.944972137144476e-06,2.3230585619666576e-05,3.256343957497372e-07,2.0586648196570446e-06,0.002204976695812127,0.07527857505495747,1.6189447441208062e-09,1.321132875076547e-07,7.791574961401047e-06,3.543724270683577e-06,0.6580833299883148,0.13684187033661332,0.0006763711412704591
66,0.15737336718434608,6.485151943551881e-05,1.3973783585248203e-05,0.0027472169705766124,8.168340726973812e-06,4.934271673199179e-07,0.0009114406827019583,7.315138605718169e-06,1.1283604563162339e-10,1.5072141061504528e-06,2.0984429224314085e-05,0.0007767277704249257,1.6988544386974312e-05,4.9037303441214184e-05,3.4886736318019074e-07,6.784393350918835e-06,0.0017184520552844336,0.07248915750346804,5.397479201470759e-09,5.531025610933631e-07,9.937387576706346e-06,3.942891324662793e-06,0.6175968947785666,0.14508394555206935,0.0010979056493908095
67,0.049834000782166384,1.3668851311186357e-05,2.5152901652401513e-06,0.0004555997868163484,1.7394519209212158e-06,2.5356419563355484e-07,0.0002112874243839292,4.33850443196161e-07,6.332089443600633e-12,1.1465637936941726e-07,1.0188150942380348e-05,0.0004326582748595078,2.7096335934477324e-06,2.2794774806858367e-05,1.5896602659568154e-07,2.2100346211618258e-06,0.0005213083619649203,0.03800085526108854,4.449029968540807e-10,1.101413202559664e-07,3.1198210373201515e-06,1.3263590041276939e-06,0.8800191872186923,0.03014251239345461,0.0003212464995706134
68,0.1375595719571082,5.88250360799341e-05,8.720279752453478e-06,0.0011658254157756141,8.036686932172653e-06,2.44044475796208e-07,0.0003950528021344243,3.3629298142284198e-06,3.7758363687486667e-11,5.260909669801518e-07,1.7901749159931136e-05,0.000740292727975356,8.445027534075054e-06,3.06353101556186e-05,3.9350714459657594e-07,2.4364536514600113e-06,0.002485107432209836,0.06400484120570266,2.3149990990868626e-09,1.3901779719127916e-07,8.175140868008316e-06,3.75357353085126e-06,0.6134981649976479,0.17920968204943796,0.0007898642113873369
69,0.12575652534847961,4.7173735635846676e-05,5.887221278664304e-06,0.0009447231322285155,5.2389655335189885e-06,2.4166448173636027e-07,0.0003321433131907488,2.47148167896609e-06,2.5684618395387666e-11,3.8695364422752665e-07,1.871212732337713e-05,0.0007014079544098004,5.950590137160381e-06,2.3283940458351536e-05,3.2901493656412687e-07,2.0454884973788357e-06,0.0022128970793408465,0.07497537018918542,1.6194747057376302e-09,1.3049513298086705e-07,7.743465826771493e-06,3.573612018508132e-06,0.6571128947528305,0.13716811883218577,0.0006727489964052868
70,0.11637405880363057,4.9547732470605265e-05,4.578089308744117e-06,0.0008473247361008578,4.865382546538861e-06,1.964761174739671e-07,0.00030523572165497287,3.2706820289047607e-06,2.4208332962324085e-11,4.443573171090585e-07,1.8312753640354062e-05,0.0006010468913607416,5.13110278269722e-06,1.4595661572530038e-05,3.4260691998027665e-07,1.8946386614112116e-06,0.0028787102772154993,0.0774431687166168,1.7702320555892787e-09,1.195342485882072e-07,8.579361073263301e-06,3.9019769233974485e-06,0.6263701536759789,0.17446963795505738,0.0005948810723323891
71,0.13120210733171364,3.966744583143221e-05,5.360208878374963e-06,0.0008853737126177031,3.931082013907451e-06,2.0715381257696518e-07,0.0003587479431222465,2.375115909839608e-06,2.0773540932087213e-11,3.201272000230377e-07,1.878868491464444e-05,0.0007456771495546659,5.736429591485491e-06,2.0290312948325407e-05,2.7289755877985916e-07,2.0109895164463385e-06,0.0021363528284254526,0.07990673185251211,1.4266503435613375e-09,1.469936305349624e-07,7.0857776995059214e-06,3.2501506909989215e-06,0.6537798630495152,0.1302800729259659,0.0005956283889524137
