,0,1,2,3,4,5,6,7,8,9,10,11,12,13,14,15,16,17,18,19,20,21,22,23,24
0,0.1774498365450873,6.217909575392684e-09,1.430387633438355e-05,9.904594714831964e-07,0.00010844008215996762,1.1289529995958366e-06,0.008217654682979839,2.2296014327479164e-06,0.000589294201208712,0.01795657370835017,7.172875265802695e-06,3.956898727588351e-06,2.9112060795259274e-07,0.0005753781824715552,1.1914952921535345e-06,2.4597561282384087e-07,0.2311711545417293,9.965915825818448e-07,5.007540253913957e-06,5.35414834680932e-07,6.211854783457912e-05,2.27589083813584e-06,0.4164578949165691,0.06344199097856767,0.08392933070187833
1,0.18900904291961002,8.046964254729576e-09,1.7915252426136533e-05,8.865510939801426e-07,0.00014002693109410778,1.225936619375471e-06,0.008025298231292135,1.8503982546352511e-06,0.0006743385008895213,0.017684713067102866,7.948851688905903e-06,4.919840711422884e-06,2.444130704550928e-07,0.0006706515859426978,1.3081986863374274e-06,2.3383087892915293e-07,0.22274895163469022,8.133102421673037e-07,5.855816751594088e-06,4.870941810123616e-07,6.372041354701069e-05,2.7108843898982774e-06,0.3918894308215176,0.058349144756675436,0.11069827271167942
2,0.1364896679861614,8.653934052225282e-09,1.4298050693628089e-05,7.247493599383916e-07,0.00013949180188469558,9.595491124259845e-07,0.007210195777226969,1.946883275450325e-06,0.000599386183231003,0.014852374263626652,1.1139969217967565e-05,6.866020860352911e-06,1.9434913178147656e-07,0.0010585249441886298,2.338548469178331e-06,1.5484377512909908e-07,0.1639676724510512,9.753446014996509e-07,3.3568730620161045e-06,6.316992942846551e-07,7.0351009998713e-05,2.28910011519684e-06,0.47700549404886616,0.049019281756074964,0.14954167514278674
3,0.13825387539687076,8.492118522868542e-09,1.3050170079912145e-05,7.76607962729273e-07,0.00011340971153936982,1.179355210642683e-06,0.008663579788249156,1.6237602914259048e-06,0.0004524499623872294,0.01315915167212739,7.478248699355002e-06,6.070092646827385e-06,2.0299038957507256e-07,0.0009124308651051257,1.5888356694722425e-06,2.0409921214428273e-07,0.2168331730184578,1.05700335709171e-06,4.436652286053121e-06,4.7481119596221e-07,7.01576995670252e-05,2.9173780323618365e-06,0.42950155966612624,0.06605732395649778,0.1259418197659199
4,0.14518410878587715,8.37606311982946e-09,1.3278982863527427e-05,7.855411100917492e-07,0.00011479031539985271,1.2089924559695768e-06,0.008731862508384314,1.6428661067641873e-06,0.0004245258621938186,0.013077420410730073,7.2244924623713935e-06,6.004522173954263e-06,2.3831530443824253e-07,0.0009751986437710023,1.5104346645242392e-06,2.259948524510588e-07,0.21750457897409897,1.1632427286831936e-06,4.872011386716718e-06,5.074533308447341e-07,6.81190593034899e-05,2.7451517300885827e-06,0.42382052162770323,0.07264101594268767,0.11741644149261697
5,0.13771511981041917,9.428990973510974e-09,1.1673218121274772e-05,8.997945674475879e-07,0.00010578196771997983,1.3010774389430374e-06,0.008188378295722559,1.728750880980286e-06,0.0004245491996378345,0.01242240233756126,7.2914378684952965e-06,5.62684152141036e-06,2.276165323502962e-07,0.0009191752136322941,1.6349494817874027e-06,2.3144226988030788e-07,0.21901210367111387,1.361075808988096e-06,5.035305243396911e-06,4.923068461348693e-07,7.12246982521723e-05,2.98561704084852e-06,0.4391044455726404,0.06921279754636422,0.11278352282432329
6,0.13825387539687076,8.492118522868542e-09,1.3050170079912145e-05,7.76607962729273e-07,0.00011340971153936982,1.179355210642683e-06,0.008663579788249156,1.6237602914259048e-06,0.0004524499623872294,0.01315915167212739,7.478248699355002e-06,6.070092646827385e-06,2.0299038957507256e-07,0.0009124308651051257,1.5888356694722425e-06,2.0409921214428273e-07,0.2168331730184578,1.05700335709171e-06,4.436652286053121e-06,4.7481119596221e-07,7.01576995670252e-05,2.9173780323618365e-06,0.42950155966612624,0.06605732395649778,0.1259418197659199
7,0.29038878858929096,6.426788509865004e-09,2.6394646459187127e-05,9.687996281907294e-07,0.00015944119721401407,8.651065215773301e-07,0.012457241133471526,2.6266394703141033e-06,0.0005371111677169321,0.022095066044669834,1.0021105807541417e-05,4.862876333850572e-06,4.1394763483884586e-07,0.0007227382853479166,1.059742448426952e-06,2.688885938000753e-07,0.2537489207210914,7.510012002250004e-07,6.411530151450552e-06,6.174123665475831e-07,4.561861226256015e-05,2.7993277392103106e-06,0.2546731307655002,0.07137535935304329,0.09373851667924765
8,0.18647962425313555,4.796027240390862e-08,2.005708999094126e-06,3.6400287003248543e-06,0.00025464355485558686,7.002163339864343e-06,0.010361624056445284,4.950425050212361e-06,0.001473413334184208,0.010966909397712646,2.6881937564304106e-05,6.845472383083391e-06,2.9818790716424877e-07,0.0008186682752951274,4.867672124892387e-06,4.060711576424958e-07,0.3582621618191646,1.8864670724537743e-05,2.307750681659361e-05,5.723107245226048e-07,3.30469602945838e-05,1.7708747444499168e-05,0.2551550672202996,0.019719343750111678,0.15635832851529202
9,0.19788365376356373,2.0439493997154228e-08,7.0277858203283715e-06,2.708385083992675e-06,0.00039736106572825665,6.183958644474742e-06,0.018085788524812175,4.6413686958522555e-06,0.0008964632532077288,0.011516169898673455,1.241835355259257e-05,7.769741637255124e-06,9.32156837072277e-07,0.0006622584897093852,1.11645501086042e-06,1.0211710642640584e-06,0.5629060031284615,1.0256055312748342e-05,3.525521379262636e-05,8.778399692447449e-07,3.2699728443273386e-05,1.3207042552163135e-05,0.10657254401252432,0.0350789630770481,0.06586465909036066
10,0.13825387539687076,8.492118522868542e-09,1.3050170079912145e-05,7.76607962729273e-07,0.00011340971153936982,1.179355210642683e-06,0.008663579788249156,1.6237602914259048e-06,0.0004524499623872294,0.01315915167212739,7.478248699355002e-06,6.070092646827385e-06,2.0299038957507256e-07,0.0009124308651051257,1.5888356694722425e-06,2.0409921214428273e-07,0.2168331730184578,1.05700335709171e-06,4.436652286053121e-06,4.7481119596221e-07,7.01576995670252e-05,2.9173780323618365e-06,0.42950155966612624,0.06605732395649778,0.1259418197659199
11,0.14501828239133852,7.945703674580482e-09,1.3493973138152716e-05,7.573993572427541e-07,0.00011086120809950167,1.2154822533145145e-06,0.009091677941215761,1.797648699785735e-06,0.00045270858058740917,0.013879998802728626,7.041561639686638e-06,6.067568427603645e-06,2.439577320990451e-07,0.0008719572154263979,1.490984623443061e-06,2.283819458928475e-07,0.22939264190928146,1.122581328750109e-06,4.8452531913631604e-06,4.969071557927588e-07,6.849570624461356e-05,2.8682013066277643e-06,0.414425734944264,0.07373423619957625,0.11291172725473413
12,0.030942861244544477,3.6648739759189873e-09,3.6956454172226444e-06,2.5606645301975904e-07,0.00013383177798858978,6.659900068493671e-07,0.0045694661305211775,1.5437664866566993e-07,0.00016582712196139263,0.0033444332341799874,2.8177648532896554e-06,3.0106721048874075e-06,6.003152721048346e-08,0.0017328298504017694,6.348131591020728e-07,6.264855348751013e-08,0.073296949741369,8.544434616544483e-07,1.0520123542817056e-06,3.8722615743218616e-07,4.6137399294962555e-05,5.245770946647931e-07,0.6941963294691792,0.0406719479514753,0.15088520614641848
13,0.1662378632796023,5.287403544480831e-09,1.702316836376163e-05,8.733102353982212e-07,0.00010443955981653323,4.937750270255552e-07,0.007230330079662498,1.9635835297366413e-06,0.00034818950128270095,0.012732530637961953,2.265583813106157e-05,1.0792151334576522e-05,2.193737014703183e-07,0.002120819797503321,2.932671549862671e-06,1.8967304373925386e-07,0.15695650789512897,1.175929602950787e-06,2.1298620288560043e-06,8.139622153500375e-07,8.442685850125729e-05,1.7546070715731135e-06,0.49888610782488985,0.039841561240203036,0.11539420013220872
14,0.14434722652677356,2.8315376201417996e-08,1.610338581551795e-05,2.2128657479294903e-06,0.00026161585560224496,2.6240908274282546e-06,0.0063513587759145285,1.404396346567459e-06,0.0005646342055975257,0.01497345900418568,1.832906047722124e-05,5.8863553995253796e-06,3.5035365093514954e-07,0.00118154533960502,2.3171386325110194e-06,3.0754847166270056e-07,0.18021104949548392,2.759584039776553e-06,1.0317896653589339e-05,1.0148933866458456e-06,6.87355386518589e-05,4.376833702606233e-06,0.4644665130290895,0.0424258963948436,0.14507993311572434
15,0.13825387539687076,8.492118522868542e-09,1.3050170079912145e-05,7.76607962729273e-07,0.00011340971153936982,1.179355210642683e-06,0.008663579788249156,1.6237602914259048e-06,0.0004524499623872294,0.01315915167212739,7.478248699355002e-06,6.070092646827385e-06,2.0299038957507256e-07,0.0009124308651051257,1.5888356694722425e-06,2.0409921214428273e-07,0.2168331730184578,1.05700335709171e-06,4.436652286053121e-06,4.7481119596221e-07,7.01576995670252e-05,2.9173780323618365e-06,0.42950155966612624,0.06605732395649778,0.1259418197659199
16,0.14021873020878373,5.9723325884134775e-09,1.5476878010041864e-05,8.936696271821864e-07,0.00010129908786378498,1.0941493477735202e-06,0.009446837147280226,1.7937757905305096e-06,0.0002493682547339794,0.01175213229541767,9.869871717804548e-06,1.0290382329870264e-05,3.3868103680222433e-07,0.0017456132633474964,1.8777151740751964e-06,3.423417646966536e-07,0.2225258449449531,2.0084950637357484e-06,4.334072031134531e-06,7.546323068785586e-07,0.00010479415977645242,2.390498545217168e-06,0.45020065372013723,0.07994981515502693,0.0836534406276012
17,0.0808291259781508,1.6182925921846146e-08,6.765883081008499e-06,9.323253459444861e-07,7.058269757059556e-05,5.69355366990486e-06,0.003160072348415362,1.850973113176752e-06,0.0007574121701745083,0.03587731809154151,4.103490464006289e-06,2.6894852294185846e-06,2.2729943629342753e-07,0.00026171654056070763,2.1850281535859242e-06,2.3410469562208415e-07,0.16129195766043644,2.138919761593542e-06,1.6692098381598128e-05,4.068807064353117e-07,5.293386364552148e-05,3.6121094454238603e-06,0.5514146637825823,0.08218392778396484,0.0840527407485475
18,0.1578969734514485,8.016153347929076e-09,2.2382371446762156e-05,1.3013392500904924e-06,0.00012236636378264168,1.5527651819849845e-06,0.00858499740354567,2.8683473998540542e-06,0.0005223593914748214,0.022447484084098343,1.0892869981774722e-05,9.596598772998678e-06,3.5694802885156677e-07,0.0010715643266107334,2.281896203987498e-06,3.40946172780511e-07,0.16825328025935388,1.1828323495253204e-06,4.904517185043908e-06,7.668890959056349e-07,0.00010226235610310507,2.6558820015069383e-06,0.4794712311099024,0.0714596376854456,0.09000675134900991
19,0.1399939464713881,6.273086254278784e-09,2.1479184399861604e-05,7.91382678659548e-07,0.00013135834753944106,1.4351727599373493e-06,0.014022716624916654,2.2910017184877176e-06,0.0005284745222166706,0.021745739150238745,6.5188264538462785e-06,7.5747258137827855e-06,2.9932946488481854e-07,0.0006289266834251721,1.1964877523148002e-06,2.682824068723954e-07,0.27837586702229683,7.495010842397852e-07,4.549007181486479e-06,5.767730531454878e-07,7.835892547555251e-05,3.6961892748127706e-06,0.34976732281216627,0.08709569723703424,0.10758016006617376
20,0.10948557769735293,1.7770038297061597e-08,1.3339267142602846e-05,1.0399647213687338e-06,8.083364863643982e-05,1.6650963008434475e-06,0.007560020483685422,2.9423456381390307e-06,0.0004856183257870751,0.013143874312102921,9.877494015444621e-06,1.1733242037512714e-05,1.9146876711300357e-07,0.000930264930779369,3.79358853482012e-06,2.4167685121782176e-07,0.2189282512834425,1.5171889500532475e-06,4.693594179016218e-06,4.7186343214628767e-07,0.00011946362620776398,6.369528611120854e-06,0.448897320388623,0.064388691186393,0.13592219002776973
21,0.1835807247671732,7.582912813402433e-09,1.529842170162455e-05,1.09481975244418e-06,0.00012381527527506397,8.943987500706579e-07,0.0074268148222950804,1.6081635676326644e-06,0.00037134632784187663,0.011954025362719445,1.428875319821322e-05,7.781088595799905e-06,2.349677010046597e-07,0.0018027015850570337,2.1625471985836493e-06,2.618785379094793e-07,0.17670703565467635,1.4183114492495943e-06,4.139428853419424e-06,6.54819300355935e-07,8.240646471863682e-05,2.1628724522494123e-06,0.4588129231885631,0.04929245068532165,0.10979374781238713
22,0.14681785878472123,5.6886142455183396e-09,1.5355983690006215e-05,1.0059011843935633e-06,0.00010601464887816056,8.758163286060516e-07,0.007948477445494267,1.6617477674120094e-06,0.00036846941096611586,0.016034445805314008,1.2279992754383063e-05,5.909101083526294e-06,2.500624128419584e-07,0.000892024885456966,1.4328499760270209e-06,2.25975213441413e-07,0.2675577853481272,1.3194961157015862e-06,3.7849326273578878e-06,7.032745230175573e-07,7.510645747299454e-05,2.6665551227891074e-06,0.4148047245887987,0.05097038652488936,0.09437722872246737
23,0.13825387539687076,8.492118522868542e-09,1.3050170079912145e-05,7.76607962729273e-07,0.00011340971153936982,1.179355210642683e-06,0.008663579788249156,1.6237602914259048e-06,0.0004524499623872294,0.01315915167212739,7.478248699355002e-06,6.070092646827385e-06,2.0299038957507256e-07,0.0009124308651051257,1.5888356694722425e-06,2.0409921214428273e-07,0.2168331730184578,1.05700335709171e-06,4.436652286053121e-06,4.7481119596221e-07,7.01576995670252e-05,2.9173780323618365e-06,0.42950155966612624,0.06605732395649778,0.1259418197659199
24,0.15289721268338075,1.1674043281436601e-08,1.459775144294062e-05,1.0785676735951625e-06,0.00014796562814037666,1.2269613073086624e-06,0.00832736181036229,1.4812129637788762e-06,0.000436774455046702,0.011889421085930876,9.436530850055148e-06,6.422597149535846e-06,2.1671640285888103e-07,0.0011679550691841407,1.634827288654096e-06,2.3224812779277404e-07,0.21347274208306274,1.2022743734004533e-06,5.005988912568422e-06,5.4684770975119e-07,7.203639148301319e-05,3.27247837119849e-06,0.4130259544778313,0.05871659884678198,0.139799610792179
25,0.20210886727822888,4.538699518293882e-09,1.9531633216212554e-05,8.951946146901028e-07,0.0001290306797502081,5.645284190870446e-07,0.013231263110853094,2.5962756207354157e-06,0.00039378000295105557,0.015303290085847963,1.725517219143043e-05,8.801806579271225e-06,3.162060717124763e-07,0.0014769353452865007,1.8147133986657576e-06,2.2986468589557913e-07,0.2342675239227605,1.0790668107350197e-06,2.648474199181207e-06,8.174422645295291e-07,6.797400275949222e-05,2.219936713692595e-06,0.3714166426800201,0.054643234994351794,0.1069026830437051
26,0.13156414575434405,1.088638933274788e-07,9.77622339725064e-05,9.030776522810849e-06,0.00028042776473070777,1.4713945433574363e-06,0.01008081256316767,7.830040351140785e-06,0.0002317100335207063,0.01718490205897086,0.00033096460083744897,0.0005382154303250384,2.1340104809221728e-07,0.02036533563713223,4.850244606454937e-05,4.39394990025268e-07,0.0762226450648545,1.2882410326684218e-06,2.333950080351465e-06,1.925102545162122e-06,0.0002809818540435002,3.675820361349293e-05,0.16633767660289736,0.015487492278567784,0.5608870263079507
27,0.14283991487175365,1.4686114310605595e-08,1.1151307492030856e-05,8.693059662636496e-07,0.00011235931871941673,1.3511372435011858e-06,0.008041552438026378,1.937188504486161e-06,0.0006485649353241529,0.012846513646454758,8.389105087243849e-06,5.814672805266279e-06,1.5228782244833293e-07,0.0007636690801351026,2.1604577264637184e-06,1.7825744128462913e-07,0.21505721295308425,9.814377159677793e-07,5.2496083539367115e-06,3.6158130790957703e-07,6.0748131417925216e-05,4.503279564094924e-06,0.3961215426679883,0.05355834426245162,0.16990646338149926
28,0.13825387539687076,8.492118522868542e-09,1.3050170079912145e-05,7.76607962729273e-07,0.00011340971153936982,1.179355210642683e-06,0.008663579788249156,1.6237602914259048e-06,0.0004524499623872294,0.01315915167212739,7.478248699355002e-06,6.070092646827385e-06,2.0299038957507256e-07,0.0009124308651051257,1.5888356694722425e-06,2.0409921214428273e-07,0.2168331730184578,1.05700335709171e-06,4.436652286053121e-06,4.7481119596221e-07,7.01576995670252e-05,2.9173780323618365e-06,0.42950155966612624,0.06605732395649778,0.1259418197659199
29,0.13825387539687076,8.492118522868542e-09,1.3050170079912145e-05,7.76607962729273e-07,0.00011340971153936982,1.179355210642683e-06,0.008663579788249156,1.6237602914259048e-06,0.0004524499623872294,0.01315915167212739,7.478248699355002e-06,6.070092646827385e-06,2.0299038957507256e-07,0.0009124308651051257,1.5888356694722425e-06,2.0409921214428273e-07,0.2168331730184578,1.05700335709171e-06,4.436652286053121e-06,4.7481119596221e-07,7.01576995670252e-05,2.9173780323618365e-06,0.42950155966612624,0.06605732395649778,0.1259418197659199
30,0.13825387539687076,8.492118522868542e-09,1.3050170079912145e-05,7.76607962729273e-07,0.00011340971153936982,1.179355210642683e-06,0.008663579788249156,1.6237602914259048e-06,0.0004524499623872294,0.01315915167212739,7.478248699355002e-06,6.070092646827385e-06,2.0299038957507256e-07,0.0009124308651051257,1.5888356694722425e-06,2.0409921214428273e-07,0.2168331730184578,1.05700335709171e-06,4.436652286053121e-06,4.7481119596221e-07,7.01576995670252e-05,2.9173780323618365e-06,0.42950155966612624,0.06605732395649778,0.1259418197659199
31,0.21318701409046478,7.466051766628907e-09,2.0948474282663744e-05,7.897468927037017e-07,9.815085986410548e-05,8.893215945464379e-07,0.008934045144521483,3.2547046598543763e-06,0.00042768612443383903,0.012728257392447378,7.095391797439679e-06,7.017747928466611e-06,3.7994881292301894e-07,0.0007892241956755448,1.505358973899475e-06,2.974613001253997e-07,0.26999940113010357,1.122184684730422e-06,5.571477468821988e-06,5.311620765766826e-07,8.34331995462378e-05,2.8334470450180864e-06,0.3305700559198046,0.08212369306718412,0.08100679498238512
32,0.14393333287182153,9.33110150340772e-09,1.3060097135052838e-05,7.988205336550156e-07,0.00011198283790942452,1.2735697408842553e-06,0.00813135883268093,1.6450026994034959e-06,0.0004534289422861359,0.012972789578117785,6.945828990300903e-06,5.761709737978106e-06,2.2237383701130415e-07,0.0008656276920485931,1.5137370729388672e-06,2.200147665035493e-07,0.22447662657546857,1.140568080293839e-06,5.245087616073796e-06,4.6414588508630756e-07,6.824370649376157e-05,3.03595662148493e-06,0.41890919282553424,0.06989428225012954,0.12014179764369137
33,0.1415275562949645,9.311659653957335e-09,1.2092887015427967e-05,7.855778273429694e-07,0.00010224315394373314,1.3433966643690246e-06,0.008732695136908454,1.637205222469035e-06,0.00037773992982000505,0.012164656974053393,5.6792209210982446e-06,5.814737449226496e-06,2.4649470182152406e-07,0.000843071968590742,1.3026907285481433e-06,2.449290481416683e-07,0.2585558278736363,1.2734586858678826e-06,5.857059238016729e-06,4.433512980491917e-07,6.593227389202917e-05,3.4215109657845173e-06,0.38266288958285033,0.08487621114364234,0.11005102383627242
34,0.026969014614102213,1.1083146778584576e-08,7.343008946302186e-06,5.575720277236083e-07,6.313004018302485e-05,2.3761397647998954e-06,0.008899551537838482,1.1087058905017834e-06,0.0003373895563242024,0.011393746120876812,3.955666987075273e-06,8.883622319148392e-06,8.816956447507976e-08,0.0005363838510346202,2.068146217196545e-06,1.388573386610752e-07,0.179872493659233,8.981006439934916e-07,2.0666226413066523e-06,3.8424615561645945e-07,0.00010733091934705321,5.19365847903849e-06,0.5419231301002312,0.06975275858255288,0.16010999741815404
35,0.34776490672293986,1.7912615703118998e-08,1.1920398906337176e-05,1.0605841889553118e-06,0.00011462285622456766,9.948415846103955e-07,0.007331776501061817,6.073453860256888e-06,0.0016038039577749752,0.013931429706060311,8.276214534947441e-06,3.585041923188002e-06,2.440919534661752e-07,0.0003093097858020219,1.7455229455455978e-06,2.116698890942798e-07,0.2852425563346138,8.211958632721808e-07,1.0329678276334813e-05,2.3636399703011835e-07,3.0953134300415305e-05,6.213883774668673e-06,0.1899649632255108,0.03672379605844822,0.11693015086294993
36,0.1375184488411532,8.391049334250528e-09,1.3285345066105883e-05,7.901950624502173e-07,0.00011642408239722172,1.197871324294895e-06,0.00819300166979521,1.509997420625257e-06,0.00045821159030536186,0.013534678683678504,7.282911607674689e-06,5.574116512799789e-06,2.0061719108941447e-07,0.0008838695885717943,1.521112595173213e-06,1.9879322583205605e-07,0.20269117097123665,1.0009193294762e-06,4.42058977262011e-06,4.777610897711913e-07,6.967467027094936e-05,2.6614371132218226e-06,0.4472205925392745,0.06518368911625468,0.12409010818870146
37,0.1467073291568836,4.713020572076604e-09,1.3879444746358272e-05,6.230011656619849e-07,9.368057243032373e-05,7.342161672529829e-07,0.009037079053115887,8.975129915078521e-07,0.00017513871702498887,0.007821917818708158,5.1065987008740045e-06,6.078043924280963e-06,2.522277256698934e-07,0.0017397492079209173,9.523083467671497e-07,2.5028545373094e-07,0.19359699084706317,1.156109185596106e-06,3.5140100371200284e-06,4.90244651125205e-07,7.92926271790774e-05,1.4992611873710232e-06,0.4547389296395648,0.10004582167187931,0.08592863271092595
38,0.11824237737523607,7.995886147477953e-09,1.1145077629401543e-05,7.840074235601314e-07,9.075276883387756e-05,1.4357823373575835e-06,0.008666479054800438,1.5124581723503104e-06,0.00036200388747843667,0.012558090540618662,6.971362334815245e-06,6.596660822930294e-06,2.2288909848571955e-07,0.0009647154251000707,1.7304322037332976e-06,2.4373035482770047e-07,0.20459005321949394,1.4002197637506774e-06,4.697909517964135e-06,4.778154287123695e-07,7.986889071244826e-05,2.883613786165884e-06,0.47684779777835246,0.0745540911878341,0.10300365991677939
39,0.09577438510842294,1.2405923374122653e-08,1.728577939525689e-05,7.448125788527279e-07,7.768186796775403e-05,2.066727268473269e-06,0.006804786553745864,2.4408448295510287e-06,0.00041844755211738015,0.010926218184948811,3.981784545827631e-06,9.318613818934652e-06,2.373663294516611e-07,0.00048669592705616186,1.6448329960188668e-06,2.884877386003849e-07,0.30830264092679743,1.116128542603795e-06,6.051376846228602e-06,4.2388820682701806e-07,0.00014967220734505492,5.182959974691661e-06,0.3963950679719922,0.08576136293133049,0.09485224475928127
40,0.13890450145013172,8.524137293966852e-09,1.3254120061950523e-05,7.719122299180821e-07,0.0001153197978595888,1.1658210146321277e-06,0.008708888197247586,1.604582394200415e-06,0.0004485643748724546,0.01293297668914702,7.528676277270396e-06,6.191555233092564e-06,2.024235828286584e-07,0.0009379437065583033,1.5909900909525626e-06,2.0393768774501202e-07,0.2159173439540429,1.0507661410063717e-06,4.408094304838377e-06,4.7633638625331696e-07,7.073951199755842e-05,2.908126451081746e-06,0.42863818630076245,0.0658941129541471,0.12739005719724025
41,0.22813979884823227,1.7581761623843235e-08,1.2966379597741646e-05,1.8800662113548805e-06,0.0002244905658878455,1.3271595518768382e-06,0.005542581907989176,2.5689015369684947e-06,0.000991320187616676,0.01638970421808937,1.9586378650298726e-05,4.893126106952843e-06,2.7575980956465193e-07,0.0013344735447360636,2.895707791951405e-06,2.453961310635868e-07,0.13134911012429457,1.7199997160690468e-06,6.7907860890385105e-06,7.540467615624099e-07,4.944801978214429e-05,2.4209166650011653e-06,0.4443797988809845,0.033495591124528594,0.13804534037147773
42,0.17116787238326545,2.9156154039206213e-08,2.565217087873383e-05,1.8816462427478938e-06,8.985411448177597e-05,2.2218264422027243e-06,0.0067847172489002615,5.444202678412468e-06,0.0008572513261874631,0.01637341029287516,7.440969257397331e-06,9.434371831241595e-06,2.816235847744026e-07,0.0003278913959264894,2.0152971740449666e-06,3.817322860926045e-07,0.3899181431690437,9.272546168951247e-07,1.107296960324822e-05,3.828089962536714e-07,9.906527033647894e-05,1.3810701609690952e-05,0.24557211053051461,0.05719619813967348,0.11153250939743929
43,0.09720098556689204,7.697662882023639e-09,1.4155855688489406e-05,7.320467356835689e-07,8.17591401519603e-05,2.3252079766989368e-06,0.007560020896801767,2.312119111477713e-06,0.0005312296181047614,0.022719810831542498,3.726115864752919e-06,5.884964821546859e-06,2.754900057146759e-07,0.00032801104090132596,1.2712471314796326e-06,2.502442635121643e-07,0.27906072580721464,9.994904170256094e-07,5.784289514373038e-06,4.801902137878176e-07,0.00010299899877472217,4.134399557227353e-06,0.4188222040748317,0.09672971099767579,0.07682020366814425
44,0.13825387539687076,8.492118522868542e-09,1.3050170079912145e-05,7.76607962729273e-07,0.00011340971153936982,1.179355210642683e-06,0.008663579788249156,1.6237602914259048e-06,0.0004524499623872294,0.01315915167212739,7.478248699355002e-06,6.070092646827385e-06,2.0299038957507256e-07,0.0009124308651051257,1.5888356694722425e-06,2.0409921214428273e-07,0.2168331730184578,1.05700335709171e-06,4.436652286053121e-06,4.7481119596221e-07,7.01576995670252e-05,2.9173780323618365e-06,0.42950155966612624,0.06605732395649778,0.1259418197659199
45,0.17443030440251753,8.294808626137193e-09,1.4803228939473835e-05,8.892314238669555e-07,9.539777461369668e-05,1.5729716968139208e-06,0.01496055496828213,4.7906426850724426e-06,0.000533276715637364,0.019649356297420394,7.46335464915027e-06,8.820358288661608e-06,4.3092935463194867e-07,0.0007995838114572785,2.1969185096233335e-06,3.811147188704231e-07,0.2764797256298091,1.6772753439607489e-06,6.5756689340004055e-06,5.671091426349783e-07,7.440922679410057e-05,4.518882041166814e-06,0.32204774053942803,0.10754337248105345,0.08333158217245042
46,0.03991497977862579,1.0296228104378378e-08,3.4051209332316134e-06,4.484535888204189e-07,0.0001190051645662022,5.693945227519673e-07,0.0032776121775925354,5.00703932074756e-07,0.00044556123544557875,0.0060535836373723055,1.4769640362534223e-05,3.3389105673104865e-06,3.939433721208306e-08,0.002871006785144783,5.954153858870369e-06,4.6967915366526784e-08,0.01610028764228717,1.013916558446591e-06,1.0785892928935713e-06,3.7316433255749245e-07,2.7483317106136276e-05,5.316590460143033e-07,0.7060691300247806,0.01648956140630221,0.20859970846530054
47,0.24370931439627116,6.26232350858172e-09,1.732010117278889e-05,7.489897175780221e-07,7.821373001730442e-05,9.271620939364886e-07,0.00892854904416227,2.07727890444412e-06,0.0002991839640640638,0.011233077242370378,4.026318769822377e-06,5.000799542607575e-06,3.5877293851076277e-07,0.0005249737098508156,6.920523796679558e-07,3.3615150374983894e-07,0.35671158649895385,8.559756650947616e-07,7.80302609395379e-06,3.2213066419624733e-07,5.951345653812593e-05,3.5244351345360993e-06,0.2232084990734037,0.09495674959583948,0.06024633983162435
48,0.14130312263230832,8.128252783132968e-09,1.206696079116141e-05,6.642320242426528e-07,8.926908782088842e-05,1.3578689356984863e-06,0.008762459186442589,1.8224600798935366e-06,0.00041009338726267645,0.013730727055846789,4.502922314596813e-06,5.079966996715834e-06,2.5093577806255103e-07,0.000598166889446456,1.1212239860717385e-06,2.2694969717325941e-07,0.282697029442532,1.0572219004905488e-06,5.9570467245197356e-06,3.919075969159186e-07,6.168374025457358e-05,3.435592739628985e-06,0.35796216719664314,0.09298766527322072,0.10135967269040393
49,0.11657654744472058,1.1572960317546279e-08,1.8729560617921928e-05,9.078561664328661e-07,0.00011664834052917478,1.7618505835490082e-06,0.009739012784608182,2.1372584953603826e-06,0.0005151966425877045,0.01521368924448399,6.538129087074813e-06,8.78650799523118e-06,2.2651497633133026e-07,0.0006301848117681664,1.6199482736741572e-06,2.557005523747938e-07,0.28210073537265695,9.278309944347149e-07,5.26159441615573e-06,5.043285326978327e-07,0.00010130717155928502,5.324088978772099e-06,0.3771797542859426,0.07276420566529138,0.12500972549322167
50,0.2140320186217749,3.1802071908446567e-09,1.5674471742150795e-05,5.854941496817633e-07,0.00011693727103264622,6.69279108676133e-07,0.01580924086056428,2.015861262141788e-06,0.00035860732583228427,0.01870025706980124,7.497111874114922e-06,5.1304449046178905e-06,3.4315074150568766e-07,0.0011207861222827977,9.925575314517271e-07,2.2868774477319405e-07,0.2341311839411214,8.598792602719066e-07,3.755077296543252e-06,5.807349321904225e-07,4.1699101423182266e-05,1.6813575687603933e-06,0.3240791648842308,0.09745924040789468,0.09411084710571796
51,0.11544072121544335,7.417842726868846e-08,1.4331350953477565e-05,3.228313960760162e-06,9.817484681008124e-05,2.418320137854752e-06,0.005606129016254401,4.212044993837025e-06,0.0008661767322135337,0.01197268471013253,2.0370948854436828e-05,1.346204128801192e-05,1.4493596925233902e-07,0.0009677034103440491,7.584326759837332e-06,2.702644813745906e-07,0.1734489475348637,1.6607525201597739e-06,6.583242228170015e-06,4.369869819440122e-07,0.00011321913444686079,1.569995966252116e-05,0.4261134049950695,0.032114498516488295,0.2331678622207149
52,0.14523284248283386,8.408418039994124e-09,1.2589642901632048e-05,8.51880795171349e-07,0.00011613972955575428,1.344919822064824e-06,0.008532601292422745,1.863240549363842e-06,0.0004827157576674276,0.015954613407725218,8.216203306600703e-06,6.290482759634654e-06,2.3121363609607217e-07,0.0009512431287886054,1.7927461953498523e-06,2.2144748387277705e-07,0.20927011432595483,1.2424883833555273e-06,4.933933102404161e-06,5.322955970795333e-07,6.940423155941134e-05,2.926267286776593e-06,0.4329000261042545,0.06815138078070737,0.11829587358829285
53,0.12681924000546735,7.329621104749416e-09,1.2721057880697968e-05,7.35933843995314e-07,0.000112858878247568,1.0906042115012414e-06,0.009154283601262393,1.4939459758273024e-06,0.0004272499694319004,0.012916915855027083,7.756105652629047e-06,6.1081856691068556e-06,1.9493362764692577e-07,0.000964246670067072,1.5682739306710406e-06,1.9487506110896122e-07,0.20664838389993667,1.0415100369418325e-06,3.760346393310811e-06,5.004247105151948e-07,7.112769481014152e-05,2.60537387167948e-06,0.4543132922164225,0.06413981081196055,0.12439281149687993
54,0.12246881287390454,2.5110916187041483e-08,8.79467894142144e-06,8.545568447702147e-07,0.0001073841886931665,1.3047352797300689e-06,0.008060962130179337,1.3994680099062312e-06,0.0005335872750868326,0.00833202788429481,8.06878548911449e-06,6.2396867109463315e-06,9.289824025677965e-08,0.0011974968407638055,2.9380565231064613e-06,1.4918426676680877e-07,0.15400364722024165,9.003097773399868e-07,4.7740607470959245e-06,2.516409227581259e-07,5.5265857568801806e-05,5.330238675600422e-06,0.39321419017649767,0.05126279511025522,0.2607227070311692
55,0.11801209760086204,6.742156227530154e-09,1.3510271807109127e-05,5.975362208909459e-07,0.00013554581105374705,1.217461610827263e-06,0.012840809076451297,2.595516549271824e-06,0.00048589276887370925,0.012134248206607728,7.2676224619629195e-06,1.2859893855327547e-05,3.027720241023831e-07,0.0013695172337634923,1.985645085689793e-06,2.741305272577325e-07,0.23419157277896563,1.4458475256387451e-06,3.7369790494188126e-06,6.484907277433157e-07,8.500559345869738e-05,2.994819728925098e-06,0.4136056243796048,0.08217563444679596,0.12491460837423246
56,0.14264263935635668,8.332232766957016e-09,1.349032805209604e-05,7.898940190357834e-07,0.00011393103080577752,1.2394444442943099e-06,0.008924742545093413,1.7511524627705778e-06,0.0004540288055326184,0.013712906969100422,7.225892248131524e-06,6.075586309236243e-06,2.3517217835130386e-07,0.000887653398161968,1.5276739922368532e-06,2.2462065012511856e-07,0.22515884870668448,1.1231987376486683e-06,4.792829706551049e-06,5.020423634873177e-07,7.022854291847364e-05,2.915005915879919e-06,0.419969364024124,0.07112439825854519,0.1168993571893643
57,0.12228341277618676,7.678634277920706e-09,2.6641982808457787e-05,6.761075819823281e-07,0.00014779341426522,1.4095460412408213e-06,0.010226518370195158,1.946087583713875e-06,0.0004860758912053093,0.016198664746650646,6.312891797221897e-06,9.991050922009107e-06,2.926296462802636e-07,0.0007209349189040507,1.27137166382379e-06,2.65397874980963e-07,0.2815382498828647,7.744840653472731e-07,4.5706945103531135e-06,6.612025744848588e-07,0.00010831512019812199,3.5830577861558266e-06,0.3746926831496316,0.08056012215385136,0.11297882539255667
58,0.12585654183870928,7.460025597429022e-09,1.2465291817601957e-05,6.599440504484769e-07,9.880030766385636e-05,1.2963863274044293e-06,0.00878649156385932,1.6213775390427288e-06,0.00039670972630357054,0.013497109284846497,5.195136610136202e-06,5.822126721553756e-06,2.388385649759845e-07,0.0007962434030820386,1.3137381360552726e-06,2.2060961814992844e-07,0.22777217203201847,1.0905987455854581e-06,4.745872694800216e-06,4.6074603585469966e-07,7.074632884960642e-05,2.755740732604839e-06,0.4282706722653904,0.08886966289413493,0.10554695648752217
59,0.12837474172725752,7.1634429273473255e-09,1.4738004752646397e-05,6.770889003723536e-07,0.00010375220058269387,1.2297331419139692e-06,0.009221747301102945,1.6610309672593779e-06,0.0003965883039683285,0.013554437608910647,5.517731418345691e-06,6.209754143369282e-06,2.4497810778465657e-07,0.0007928283685769889,1.2858861228984058e-06,2.276271471794143e-07,0.23486992394814626,9.985562190606475e-07,4.511344078383814e-06,4.918266274882957e-07,7.75017749246985e-05,2.763226494485456e-06,0.4220197852252793,0.08595709511459028,0.10459103447509643
60,0.13825387539687076,8.492118522868542e-09,1.3050170079912145e-05,7.76607962729273e-07,0.00011340971153936982,1.179355210642683e-06,0.008663579788249156,1.6237602914259048e-06,0.0004524499623872294,0.01315915167212739,7.478248699355002e-06,6.070092646827385e-06,2.0299038957507256e-07,0.0009124308651051257,1.5888356694722425e-06,2.0409921214428273e-07,0.2168331730184578,1.05700335709171e-06,4.436652286053121e-06,4.7481119596221e-07,7.01576995670252e-05,2.9173780323618365e-06,0.42950155966612624,0.06605732395649778,0.1259418197659199
61,0.13383998288588714,7.471122794119931e-09,1.4700634817650542e-05,6.830572851534695e-07,0.0001082563158666103,1.2002460567359934e-06,0.008938450882992971,1.595994678037222e-06,0.00041412677870902696,0.013371994323861549,5.901674390977301e-06,6.145208485132313e-06,2.3061122678182726e-07,0.0008229821874105299,1.324433092729545e-06,2.174309247355575e-07,0.22829779814138038,9.659814047277076e-07,4.529551672762882e-06,4.7608801595960894e-07,7.501565197473471e-05,2.7526482950102526e-06,0.4226139363668731,0.07991227790583576,0.11156444752773907
62,0.13825387539687076,8.492118522868542e-09,1.3050170079912145e-05,7.76607962729273e-07,0.00011340971153936982,1.179355210642683e-06,0.008663579788249156,1.6237602914259048e-06,0.0004524499623872294,0.01315915167212739,7.478248699355002e-06,6.070092646827385e-06,2.0299038957507256e-07,0.0009124308651051257,1.5888356694722425e-06,2.0409921214428273e-07,0.2168331730184578,1.05700335709171e-06,4.436652286053121e-06,4.7481119596221e-07,7.01576995670252e-05,2.9173780323618365e-06,0.42950155966612624,0.06605732395649778,0.1259418197659199
63,0.13479737945023293,1.1314685223728612e-08,1.2135822169315384e-05,8.420901835617878e-07,0.00011190571765827259,1.299257834240675e-06,0.0077950701400268385,1.632453410486051e-06,0.0004924171763373492,0.01219060900382148,7.5211684101206264e-06,5.747636952561408e-06,1.8990016157479974e-07,0.0008649884709640463,1.7649076732412121e-06,2.0083785625052479e-07,0.21001708098492022,1.1239019372570244e-06,4.948751289255788e-06,4.3860846678518856e-07,6.926144965189291e-05,3.353875172482335e-06,0.43546615289883295,0.06212538032566949,0.13602854385568208
64,0.11535521911663585,7.969402679978397e-09,1.5037947353721237e-05,7.123510166928717e-07,0.00010382715783674101,1.2276362462481467e-06,0.0076751435266083955,1.4285606135520778e-06,0.0003998797931782765,0.012161849469424151,6.449014860008375e-06,6.940582333597251e-06,1.9622362232057908e-07,0.0008197740214607264,1.47542203452227e-06,2.067918853600033e-07,0.22193781907132856,9.464514368037566e-07,3.937412835166202e-06,4.857149175740555e-07,9.452244537812536e-05,2.885843056890485e-06,0.46060242617368585,0.06679887791833669,0.11400872338451153
65,0.0311901805210371,1.4017896352906983e-08,7.092311543097068e-06,4.3091801645103075e-07,6.79961438732589e-05,1.5179545640200997e-06,0.004202549985284027,5.229644805672474e-07,0.0002461560625555537,0.0048456037381516895,2.661831030828671e-06,5.108013304279294e-06,7.255703904075944e-08,0.0006478228214088349,1.5217521409418884e-06,1.0216313677417115e-07,0.12420439411706899,8.809989608192335e-07,2.334583537576768e-06,2.9836980322848604e-07,0.00011010121625994419,2.683346727276546e-06,0.621723507016626,0.0569943968719729,0.15574204972358033
66,0.2270590830590342,1.6604648105775216e-09,3.696962016296408e-05,5.60660809593502e-07,0.00029094421430856537,8.459641139280387e-07,0.018415841809726774,1.2879268809027439e-06,0.000450947490825198,0.023209880209244624,4.781510692179225e-06,3.880946991966833e-06,6.956949521794388e-07,0.0006185643941558133,2.762030691364088e-07,3.1382317076703074e-07,0.29011108004492914,5.268398093864059e-07,4.580369080570492e-06,1.0063070587428945e-06,4.88200053430339e-05,9.861624123047387e-07,0.2842057718062009,0.09668627633141283,0.05884607694514951
67,0.05132532957604508,1.0762071019004761e-08,8.475647085286805e-06,6.070452438164095e-07,6.239501999932876e-05,1.443630888105718e-06,0.005502457668288125,7.12565801058197e-07,0.00024254978979725133,0.006790951064176559,4.2035215130681015e-06,5.256659164769056e-06,9.90859717118005e-08,0.0007073844313605219,1.462345616096153e-06,1.4311795515248204e-07,0.18137131080273025,9.896744044370651e-07,2.9397265898169724e-06,3.477353195792694e-07,0.00010044367222138035,3.0526780512200046e-06,0.5593944208356196,0.059348415785156296,0.13512459715893052
68,0.2038566504608776,8.109337236459632e-09,1.2332282797799758e-05,8.401429576032634e-07,0.00012338880064572866,8.034026891832155e-07,0.00724466813055512,1.2263129532781244e-06,0.0004952934879199674,0.011928009621379456,8.27628457312878e-06,3.5391707004927436e-06,1.877695220539129e-07,0.0008933111943959071,1.1326539501246921e-06,1.8244326205389677e-07,0.2047538658320375,8.588949128646299e-07,5.074141399331385e-06,3.905325942654554e-07,4.327568406625649e-05,2.222392914528227e-06,0.3925707906824778,0.052845107763831,0.1252085638072498
69,0.12487041529124727,8.288378499550554e-09,1.2319287063731088e-05,7.842030392554924e-07,0.00011269448158178177,1.1601482483151069e-06,0.008162449454664376,1.5622880362977489e-06,0.0004728067253415437,0.013132285316191287,8.49872946637778e-06,6.053569044680906e-06,1.809542875175763e-07,0.0008763647098227751,1.736004826271388e-06,1.8293262672663744e-07,0.20899549860980246,1.0729463798051687e-06,3.872273541773198e-06,4.949659278270263e-07,7.378353042121205e-05,2.8631614188676294e-06,0.4573881400372207,0.05560088840409324,0.13027388368732742
70,0.13062306449351116,1.0516332136357954e-08,2.3188297958479936e-05,1.4821534580142318e-06,0.0001579580066331936,1.4677714500997825e-06,0.009783989413223034,1.962057840445361e-06,0.0006865991171779996,0.018298775721954832,1.326985161478215e-05,7.508357026449041e-06,2.118256203325608e-07,0.000901754241577116,1.993263676920779e-06,2.56717181653772e-07,0.17673128769366497,7.947710202814292e-07,3.874016578710872e-06,6.81249789217803e-07,9.171523130894945e-05,3.32086268266618e-06,0.4784899043474099,0.04409833043146253,0.14007659958984606
71,0.13484133215444957,9.472399557118908e-09,1.2915376811325207e-05,8.075324175787795e-07,0.00010899497997934089,1.210256952643822e-06,0.007815828762544018,1.5837811974878857e-06,0.0004413373023371809,0.012457981224922149,7.708719930757929e-06,6.301459507925368e-06,1.9172066195425616e-07,0.0009306075980834431,1.7157666871469174e-06,2.0333626874989561e-07,0.21259912467757125,1.0965429618561543e-06,4.558425675980624e-06,4.61345417920214e-07,7.445510197291147e-05,3.0667176274205674e-06,0.43909308324850066,0.06298138976098193,0.1286140347341392
72,0.14141457156303494,3.987864992503746e-09,1.6804468627384206e-05,6.872013184812904e-07,0.00012746212239128724,1.4040893088331986e-06,0.019294454230055085,2.7453391312130063e-06,0.00037761356567234073,0.014428494570794998,4.605694722761192e-06,7.626710597674033e-06,4.978281104114503e-07,0.0008889558612034059,9.512343747170902e-07,4.284628039620823e-07,0.29631866981716587,1.4232165355210127e-06,4.92532804769215e-06,6.83921722732322e-07,7.987406910498209e-05,2.3397879403966256e-06,0.3368922854300599,0.12455909735265717,0.06557339414675331
