,0,1,2,3,4,5,6,7,8,9,10,11,12,13,14,15,16,17,18,19,20,21,22,23,24
0,7.565864042458764e-07,4.263637340548012e-08,3.059846397333506e-05,0.0003118746283165542,0.0001428139565580404,0.18555909649062763,1.5896690295421648e-06,1.1830808346823196e-08,0.011664704334105422,0.0012120745962869294,2.0373283937454229e-07,3.531415790821531e-09,8.126156309349134e-09,2.5878676821501503e-06,1.402847584406637e-05,9.350692560179014e-06,1.3798534176291334e-05,2.511338112959128e-05,2.9483871258637536e-06,2.321571713350816e-06,1.4007521537003736e-06,4.8822179792084905e-09,0.7997406276605508,0.001247049831111469,1.698938083963765e-05
1,6.388806504516288e-07,4.2936752048824206e-08,3.334237347976468e-05,0.00033938734001381064,0.00011920296497561271,0.2609351000967674,1.367249755919805e-06,1.3202053099388047e-08,0.0195854462637202,0.002443815795767705,1.6162647244283577e-07,2.3554242037011227e-09,9.880673285859339e-09,2.663594492601481e-06,1.7158656159853035e-05,1.2253172032591747e-05,7.180772923149794e-06,3.062754981428735e-05,4.179068253436383e-06,3.487515194075758e-06,1.1890943688407565e-06,5.3159137668422584e-09,0.7150417285265913,0.0014037303668301688,1.7265400919787456e-05
2,6.666416000944395e-07,5.528461615752205e-08,3.278571192001715e-05,0.00035846561250533175,0.000165488979093717,0.22538979092706307,1.409203226325357e-06,1.4028562774775588e-08,0.02107934397051614,0.0021466390150194276,2.2960081071305948e-07,3.3853549574091796e-09,9.44981854817282e-09,4.231696731393722e-06,2.5712037814042205e-05,1.0519720281077097e-05,8.609164882517795e-06,2.584692676162942e-05,3.53003141418373e-06,3.8317000203217935e-06,1.1886965353995018e-06,6.631664457196359e-09,0.7492647488004278,0.0014501414578268349,2.6731325532973318e-05
3,7.326912869061808e-07,4.457853811551979e-08,2.83727996515067e-05,0.00031734894101453654,0.00012733873762207817,0.23718394290802433,1.3088009909709596e-06,1.251612993693887e-08,0.01593065848544951,0.0017306306828122286,2.088605467211428e-07,2.7989021105566036e-09,8.641642272350605e-09,2.779046577309278e-06,1.865528770543856e-05,9.294359027829637e-06,8.93625109973312e-06,2.6411315596764388e-05,3.5035588631610694e-06,2.743478061212628e-06,1.1707264787292289e-06,5.9002131788648356e-09,0.7433860539062476,0.0012013011475967197,1.8533579920937687e-05
4,7.739582573161409e-07,5.198360627594971e-08,3.114594718627468e-05,0.0003432946871204075,0.00014294194741501363,0.2208328735476229,1.3624458199535585e-06,1.353106905665048e-08,0.01671259613651661,0.0018879830697368875,2.231763604541379e-07,3.0069390537328176e-09,1.0292380410354489e-08,3.2865969545384794e-06,1.843823370042467e-05,9.555921893949452e-06,9.411652786638053e-06,2.9601236425860087e-05,3.761140895721723e-06,3.189499550787339e-06,1.3708452354470313e-06,6.55025707078327e-09,0.7586052746464425,0.0013435662218638236,1.9263723962535305e-05
5,6.163529972855457e-07,3.37878137449759e-08,2.6164242241013024e-05,0.00033062886943467233,0.00011539652802002934,0.19441421636461112,1.0823861447523649e-06,1.0398270629185829e-08,0.012990976890987545,0.001605014170614133,1.5984201144862973e-07,1.964018800252054e-09,7.870005717427738e-09,2.3982899623530927e-06,1.2011108932594723e-05,7.584780658301115e-06,7.266600270213163e-06,3.316222312931996e-05,3.048987607268924e-06,2.723788588978464e-06,1.1446072567573026e-06,3.876208593898545e-09,0.7892837570782565,0.0011507459571973519,1.1843034760814612e-05
6,7.326912869061808e-07,4.457853811551979e-08,2.83727996515067e-05,0.00031734894101453654,0.00012733873762207817,0.23718394290802433,1.3088009909709596e-06,1.251612993693887e-08,0.01593065848544951,0.0017306306828122286,2.088605467211428e-07,2.7989021105566036e-09,8.641642272350605e-09,2.779046577309278e-06,1.865528770543856e-05,9.294359027829637e-06,8.93625109973312e-06,2.6411315596764388e-05,3.5035588631610694e-06,2.743478061212628e-06,1.1707264787292289e-06,5.9002131788648356e-09,0.7433860539062476,0.0012013011475967197,1.8533579920937687e-05
7,1.4749105024815256e-06,5.0498367515304743e-08,3.491986144292214e-05,0.0003183305431215137,0.00012572511978000295,0.3091332279200066,1.5629146840079026e-06,1.8783571647538484e-08,0.014754968574115188,0.0019148934436940455,3.366350307748856e-07,2.794489726809186e-09,1.4637043982313614e-08,2.352100988573635e-06,2.3435699689897203e-05,9.48764908059845e-06,9.658736093799586e-06,3.511019493242105e-05,5.07153110314357e-06,2.955384652050052e-06,1.6329766940779446e-06,9.795915774200007e-09,0.6726089404368467,0.0010001993759407779,1.561948221176352e-05
8,7.436303974298538e-07,4.5848185365745204e-08,2.7082746020390834e-05,0.00032365926030709485,0.00013070028262411072,0.24938923054199824,1.412534289285072e-06,1.3592289906049638e-08,0.015870461077353203,0.0017154298152434414,2.2548662315193555e-07,2.8573050092878697e-09,8.935766522571232e-09,2.7317558168484408e-06,1.9557510236615775e-05,9.436928699330484e-06,9.002543307107712e-06,2.7965726779221797e-05,3.904995275235324e-06,2.740076573995755e-06,1.2481147963846106e-06,6.33454033335894e-09,0.7313150224218473,0.001131241171686025,1.8125812038251047e-05
9,5.066779564967526e-07,4.819966949916e-08,4.052124563673889e-05,0.0003326871144570634,0.00010598438226972227,0.17145457750884185,8.516697409537804e-07,1.037792508204417e-08,0.0178707266950768,0.0027954194044418246,1.2346265492056056e-07,2.4251367611493793e-09,7.730640557200682e-09,4.126057595883984e-06,1.4218353293480598e-05,1.1411073353703338e-05,8.466539348004678e-06,2.414005551404839e-05,2.4781164760159396e-06,3.6860942504865656e-06,9.70087068776666e-07,4.066787068067917e-09,0.8055291011368872,0.001777442559389004,2.2488965587941956e-05
10,7.326912869061808e-07,4.457853811551979e-08,2.83727996515067e-05,0.00031734894101453654,0.00012733873762207817,0.23718394290802433,1.3088009909709596e-06,1.251612993693887e-08,0.01593065848544951,0.0017306306828122286,2.088605467211428e-07,2.7989021105566036e-09,8.641642272350605e-09,2.779046577309278e-06,1.865528770543856e-05,9.294359027829637e-06,8.93625109973312e-06,2.6411315596764388e-05,3.5035588631610694e-06,2.743478061212628e-06,1.1707264787292289e-06,5.9002131788648356e-09,0.7433860539062476,0.0012013011475967197,1.8533579920937687e-05
11,7.899071087314009e-07,4.5795838529550927e-08,2.9432365697626876e-05,0.00032481864713228075,0.00013453917446322526,0.2334736565619578,1.3737984192519463e-06,1.2853763503169104e-08,0.016276322847093506,0.001723996123178712,2.1760936541627704e-07,2.962876913637561e-09,9.790366908833663e-09,2.8148558668336042e-06,1.8756187321391523e-05,9.636771012333387e-06,9.079290639177835e-06,2.775433940539228e-05,3.640290838906384e-06,2.986434853655109e-06,1.247213930844104e-06,6.318040423123507e-09,0.7466275136259682,0.0013127241826201381,1.8622052240136278e-05
12,1.0663503013963704e-06,6.132386417952083e-08,1.9426412629013504e-05,0.0005422823994864351,4.5952718978286605e-05,0.4195909541610193,1.7577348632568516e-06,4.216032937780155e-08,0.014394936703608889,0.0029380016951305802,2.1851379023841315e-07,3.9308866021063766e-09,1.2978191555629964e-08,1.6419489291559852e-06,3.667456390140155e-05,2.8383088985833133e-05,8.31915662284817e-06,4.9312112457481036e-05,1.247227399730036e-05,2.3481294937132447e-06,9.851768686186386e-07,1.1811158964290074e-08,0.5617318602281568,0.000580290967884921,1.298345846381097e-05
13,7.633761377636669e-07,4.766936506976568e-08,2.895470671052799e-05,0.000319992072180713,0.00013527372971746635,0.23489820729439814,1.3702234204151152e-06,1.3281607568038658e-08,0.01637369452542176,0.0017223281643833723,2.2983836472386532e-07,3.0529100727381672e-09,8.951331066089231e-09,3.016383427087177e-06,2.0390802440993203e-05,9.475560105601607e-06,9.369074848752853e-06,2.6400923098986503e-05,3.6492706362324336e-06,2.8075848194390114e-06,1.2453868776753878e-06,6.3928565115226966e-09,0.7451991235074064,0.0012232889221941714,2.0339305339666728e-05
14,7.686280885350018e-07,6.993073292739534e-08,3.217414869843065e-05,0.0003597262862361407,0.00021634658146600855,0.17579211313353854,1.2711925834651038e-06,1.2987893869763292e-08,0.014198423915477355,0.0021290055148123358,3.1614557659112336e-07,2.2673531126449386e-09,1.1929641655037446e-08,4.247974862019741e-06,1.188936059685224e-05,6.15212426441987e-06,1.1464688616594653e-05,4.486582969681582e-05,5.118365844565593e-06,2.9840015018176316e-06,2.7849877028758122e-06,6.482347103761057e-09,0.8058067647613493,0.0013596214816288402,1.3857279489983296e-05
15,7.326912869061808e-07,4.457853811551979e-08,2.83727996515067e-05,0.00031734894101453654,0.00012733873762207817,0.23718394290802433,1.3088009909709596e-06,1.251612993693887e-08,0.01593065848544951,0.0017306306828122286,2.088605467211428e-07,2.7989021105566036e-09,8.641642272350605e-09,2.779046577309278e-06,1.865528770543856e-05,9.294359027829637e-06,8.93625109973312e-06,2.6411315596764388e-05,3.5035588631610694e-06,2.743478061212628e-06,1.1707264787292289e-06,5.9002131788648356e-09,0.7433860539062476,0.0012013011475967197,1.8533579920937687e-05
16,8.837654676769423e-07,5.751915522690342e-08,2.8903230638654613e-05,0.0003585315604306133,0.00013921735290850365,0.24613901609002795,1.4917439022708024e-06,1.5763931252812302e-08,0.016641256781273303,0.0018140804107215267,2.677828522137032e-07,3.806507576405698e-09,9.876728943855577e-09,3.3594566757334245e-06,2.5206653490607848e-05,1.0613742455356838e-05,1.0724043456217653e-05,2.8232612512859263e-05,4.264786747941238e-06,2.7890532857595704e-06,1.2991911302282474e-06,8.101476510618713e-09,0.7335934253180839,0.0011732597169229492,2.3081639216151966e-05
17,8.187900779240509e-07,4.5817296492247607e-08,3.131805178287857e-05,0.0002603443791376643,0.0001954492977081245,0.1479813740529703,1.409119708219403e-06,8.497778511244743e-09,0.014306969709595519,0.0010274394819338186,2.3830381508044942e-07,3.004331520851964e-09,9.549513537929899e-09,3.372635133687919e-06,1.074235384458992e-05,5.463743877481554e-06,9.980257044350824e-06,2.6642837845697684e-05,2.4689199046743873e-06,2.524870529736125e-06,1.8132775527087107e-06,4.8841568793881676e-09,0.8344681353743012,0.001645832184940648,1.7590605218868137e-05
18,7.319637986980467e-07,4.692291311691664e-08,2.9805705064088825e-05,0.0003050483307069805,0.0001273103632605751,0.22954295531692298,1.3509602673333577e-06,1.2540180546919433e-08,0.016012931778253685,0.0017296886232726527,2.1447129661775318e-07,3.1056437656684924e-09,8.72911741576562e-09,3.00635083672389e-06,1.9297072973980972e-05,9.987276211192947e-06,9.665276439733473e-06,2.5863422395644042e-05,3.516138024457437e-06,2.819281556366412e-06,1.2180969653701849e-06,6.099084218496714e-09,0.7508738960813418,0.0012794047645915366,2.121132888061134e-05
19,5.653281454707848e-07,5.275648004163832e-08,2.362667961145081e-05,0.00048151265177825904,0.00015368247885572182,0.31964968833117346,1.3052192174752134e-06,1.2791504399731448e-08,0.022708686510446868,0.0023819555895470456,1.5828480595469952e-07,3.0722006143683526e-09,8.826155958330055e-09,2.7520584272876993e-06,2.264771204249509e-05,1.0045124814644036e-05,7.264049538252447e-06,2.1280023072195985e-05,3.4704496980451624e-06,3.108285446445682e-06,7.259555103626366e-07,7.216231721303403e-09,0.6532660763162658,0.0012433448121983582,1.8019476831706554e-05
20,8.7807783536918e-07,7.572202130293593e-08,2.812929070956353e-05,0.00043056866712066566,0.000169216138768441,0.2969908485447315,1.5252226395714524e-06,2.0264702063197404e-08,0.0208636153807457,0.00253432353657486,3.1139292626181837e-07,3.6044918663794194e-09,1.3163267651966857e-08,3.963618294670964e-06,3.360205760306244e-05,1.1375697574231535e-05,1.0044914073320432e-05,2.9573006026726684e-05,5.395754788459212e-06,3.992609686356908e-06,1.3738818523989878e-06,1.2330129778660605e-08,0.6776796971354014,0.001177733335333842,2.3706652700828078e-05
21,9.145067085811079e-07,4.9178484663621675e-08,4.720475152424898e-05,0.00028727987109557066,0.00010624289845422285,0.11919929820219971,1.2337680303987437e-06,1.2181255653479581e-08,0.011927616516172924,0.0015472404145071448,1.7650315404792288e-07,3.360141804604179e-09,1.0247965336925027e-08,4.05315908850187e-06,1.0697205020175542e-05,1.0701798998603965e-05,1.14969559771303e-05,3.731893794473301e-05,2.7093399754586454e-06,2.9392703368083675e-06,1.8623101008761806e-06,4.073109502603879e-09,0.8650566565069365,0.0017248654099453848,1.9412632872075753e-05
22,8.159014742820047e-07,3.9443248305894684e-08,3.569486638423713e-05,0.0002860611695881128,8.680879412315401e-05,0.19149436978357315,9.293186329086219e-07,1.3534526707815192e-08,0.007657387773198946,0.0018981546709447908,1.9237069450065462e-07,1.6656249695618169e-09,8.622677242465974e-09,2.415159681831304e-06,1.0297626768068952e-05,7.771215978428907e-06,1.3007330750708654e-05,3.8013519902910874e-05,3.237920670336101e-06,2.6032032184994775e-06,1.588429950571407e-06,4.6631794953976286e-09,0.7976380040732871,0.0008122534698485718,1.032547207209662e-05
23,7.326912869061808e-07,4.457853811551979e-08,2.83727996515067e-05,0.00031734894101453654,0.00012733873762207817,0.23718394290802433,1.3088009909709596e-06,1.251612993693887e-08,0.01593065848544951,0.0017306306828122286,2.088605467211428e-07,2.7989021105566036e-09,8.641642272350605e-09,2.779046577309278e-06,1.865528770543856e-05,9.294359027829637e-06,8.93625109973312e-06,2.6411315596764388e-05,3.5035588631610694e-06,2.743478061212628e-06,1.1707264787292289e-06,5.9002131788648356e-09,0.7433860539062476,0.0012013011475967197,1.8533579920937687e-05
24,5.888448402935896e-07,5.979219073863515e-08,2.4886053879481977e-05,0.00047016488063424236,0.00013082927946511495,0.21042284575699768,1.1941409755155777e-06,1.5739748552548327e-08,0.014988754667676669,0.002335404099772677,1.8717051488625297e-07,2.717261345676157e-09,8.813920789448977e-09,3.466127957390669e-06,1.6944197229181347e-05,9.929054385286298e-06,9.90325277953117e-06,3.56196668506012e-05,4.46029449535566e-06,2.918483515849842e-06,1.2393832867184411e-06,6.112523315158165e-09,0.7704678043342692,0.001057774679406145,1.499245542355203e-05
25,7.344006700390357e-07,4.267264183821122e-08,2.8624085295322325e-05,0.00032563039284126525,0.00017071995454077086,0.15443377163039876,1.8770668646145612e-06,2.067539707050298e-08,0.010552291115289091,0.0011033800723470254,3.039498130953333e-07,2.9370124713226238e-09,8.662938538606147e-09,3.538616641209116e-06,1.3033678985824027e-05,7.077370814262794e-06,1.023750263530958e-05,4.233809625963007e-05,3.6679091344403546e-06,2.7721899086451733e-06,2.417025335064604e-06,4.846510524884653e-09,0.8323510868053201,0.0009321473862272809,1.4270956177943893e-05
26,1.010532577551399e-06,2.1127693052871914e-06,1.0484993213867194e-05,0.0004399450897682057,0.00011819424192922925,0.9145717924240959,7.3564389469407775e-06,1.7093611653986147e-06,0.013730822469357598,0.008929263549799376,9.242461798467583e-06,1.00010157037224e-07,2.8172295175563004e-08,2.1308435840573592e-05,0.005474436845902451,0.00012613167766120295,7.367366583006785e-05,8.934075052537535e-06,0.00018640594098469744,3.506172431384908e-06,3.3475753647938367e-06,2.3904404682386035e-06,0.05564865019113252,5.9800453541276716e-05,0.0005693520113803783
27,7.501546665193885e-07,5.239488870029656e-08,2.339551836149837e-05,0.0003806314394709949,0.0001440262436990444,0.3425734905725858,1.4036021271114486e-06,1.4360642035948173e-08,0.026808416556190626,0.0021370248455720316,2.1038231509484166e-07,3.317833878295166e-09,9.819993301310804e-09,2.6671699776718834e-06,3.045041295815328e-05,1.0995234301854767e-05,6.416908800062425e-06,2.1450919499051186e-05,4.183830945213696e-06,3.125604473863172e-06,8.10258059188913e-07,9.300791719286067e-09,0.626476207499026,0.001351251871933838,2.3001780886606648e-05
28,7.326912869061808e-07,4.457853811551979e-08,2.83727996515067e-05,0.00031734894101453654,0.00012733873762207817,0.23718394290802433,1.3088009909709596e-06,1.251612993693887e-08,0.01593065848544951,0.0017306306828122286,2.088605467211428e-07,2.7989021105566036e-09,8.641642272350605e-09,2.779046577309278e-06,1.865528770543856e-05,9.294359027829637e-06,8.93625109973312e-06,2.6411315596764388e-05,3.5035588631610694e-06,2.743478061212628e-06,1.1707264787292289e-06,5.9002131788648356e-09,0.7433860539062476,0.0012013011475967197,1.8533579920937687e-05
29,7.326912869061808e-07,4.457853811551979e-08,2.83727996515067e-05,0.00031734894101453654,0.00012733873762207817,0.23718394290802433,1.3088009909709596e-06,1.251612993693887e-08,0.01593065848544951,0.0017306306828122286,2.088605467211428e-07,2.7989021105566036e-09,8.641642272350605e-09,2.779046577309278e-06,1.865528770543856e-05,9.294359027829637e-06,8.93625109973312e-06,2.6411315596764388e-05,3.5035588631610694e-06,2.743478061212628e-06,1.1707264787292289e-06,5.9002131788648356e-09,0.7433860539062476,0.0012013011475967197,1.8533579920937687e-05
30,7.326912869061808e-07,4.457853811551979e-08,2.83727996515067e-05,0.00031734894101453654,0.00012733873762207817,0.23718394290802433,1.3088009909709596e-06,1.251612993693887e-08,0.01593065848544951,0.0017306306828122286,2.088605467211428e-07,2.7989021105566036e-09,8.641642272350605e-09,2.779046577309278e-06,1.865528770543856e-05,9.294359027829637e-06,8.93625109973312e-06,2.6411315596764388e-05,3.5035588631610694e-06,2.743478061212628e-06,1.1707264787292289e-06,5.9002131788648356e-09,0.7433860539062476,0.0012013011475967197,1.8533579920937687e-05
31,9.161312460910705e-07,4.886103752007706e-08,4.515677336662851e-05,0.00029639440402121303,8.095023140891542e-05,0.18740293260681865,1.229022897474801e-06,1.7582798197875305e-08,0.011856283055170627,0.0021477287253736394,1.7220766954522054e-07,2.4930599230109946e-09,9.385572753031556e-09,3.0883730524177164e-06,1.2346331488603877e-05,1.177724372521139e-05,1.090314164174786e-05,3.7324768334509795e-05,3.279272922586555e-06,2.812932806159533e-06,1.513278007340527e-06,4.837749307804908e-09,0.7969829379762906,0.001086106360816292,1.6064002724023017e-05
32,7.409475028906604e-07,4.482112889461691e-08,2.7639613900530736e-05,0.0003331954235124594,0.00012973194127721707,0.24865154882321472,1.3587494637488133e-06,1.3396630337125848e-08,0.01580726308549232,0.0018038080531920457,2.1918155733169174e-07,2.814983148955873e-09,9.264182626439114e-09,2.6685786063973235e-06,1.975720152265812e-05,9.906043570917888e-06,9.129692736783667e-06,2.830356835337975e-05,4.037918858919886e-06,2.8777567655456023e-06,1.226547542390135e-06,6.341233703431851e-09,0.731966692480201,0.00118203002693439,1.7787727635617206e-05
33,7.970894361646209e-07,4.686021546104827e-08,2.7517913353911543e-05,0.0003274928574920187,0.00012589654117309285,0.22740312731630646,1.391966669238597e-06,1.365470528067486e-08,0.014180630544390064,0.0015898244634833074,2.2537578502547995e-07,3.1036325126036058e-09,9.153347793054127e-09,2.734198292635145e-06,1.7954163579331214e-05,9.620294511028801e-06,1.0257260496449588e-05,2.8416307222515782e-05,3.7567514952329634e-06,2.5983585471203363e-06,1.3111580074266186e-06,6.346938646159389e-09,0.7550791868192442,0.001169436818226255,1.77446834488548e-05
34,1.8815857053445644e-06,2.017674669278285e-08,2.7405701034830168e-05,0.000266584265766715,0.00013870958750068915,0.22285574243792017,1.4088477865779874e-06,1.107556830018118e-08,0.013773799069784449,0.0009168345092507642,3.070133940612507e-07,1.6788175242553007e-09,1.105804792602226e-08,1.2894863003656327e-06,1.938042928727037e-05,6.241824975495743e-06,5.855015084355964e-06,4.4661720337093446e-05,4.798752453695929e-06,1.9645667508119993e-06,1.5926167192963152e-06,4.888550156632478e-09,0.7608658313502387,0.0010562979306759318,9.364411302939341e-06
35,1.382661351213458e-06,4.270912746209201e-08,2.5672624799436236e-05,0.0003524829564753949,5.117682285763435e-05,0.31688685443380427,1.3274578266648572e-06,1.708897286962063e-08,0.014530047890736936,0.0019973195158542265,1.3330932283379977e-07,2.7015709251165536e-09,1.1064298224904415e-08,1.2626067100205435e-06,1.2994340503868006e-05,1.750201476766099e-05,7.799070061960043e-06,4.734923625474466e-05,5.975440514429402e-06,1.741200536180678e-06,9.874991803501357e-07,7.26457291096114e-09,0.6649237050745613,0.0011235343648402347,1.0670650498267828e-05
36,7.765455963179757e-07,5.630589018351416e-08,2.9421160140155668e-05,0.00037169171165215924,0.00011366596637182965,0.2495477641246237,1.3364597161613515e-06,1.5588235781365966e-08,0.01669187324480219,0.002153651637507812,1.9743071583733983e-07,3.1285848928242515e-09,9.554120282038652e-09,3.0527654016526283e-06,2.0980566359334294e-05,1.1798091623317756e-05,9.95658884164473e-06,2.8808955993635077e-05,4.056837419902673e-06,2.9242854986414252e-06,1.1254631383454107e-06,7.1737526201983245e-09,0.7298436734301706,0.0011436254833234454,1.952750051953128e-05
37,9.360445295013179e-07,3.305056707401708e-08,4.0842527172853676e-05,0.0002356886272998749,0.0001418814999307882,0.13723872142532312,1.1891827788105849e-06,6.576014145867405e-09,0.014367743448337791,0.001164125788895871,1.6216942342954264e-07,2.388545689800053e-09,1.0159260850403237e-08,2.671910718533149e-06,8.52229019833886e-06,6.646691920476437e-06,7.8592466192284e-06,3.0492672713580264e-05,2.1430408736864325e-06,2.6930716365423663e-06,1.5416572911000039e-06,3.350412675209112e-09,0.8446297111912049,0.002101290633813813,1.5081354517242618e-05
38,7.018739341910274e-07,5.6358062441204766e-08,3.0634297167143464e-05,0.0003251729726065791,0.00016702481638040525,0.1972815172513505,1.2200487057925104e-06,1.168725756883645e-08,0.019145041721567738,0.0017634502958373448,2.333887236907321e-07,3.1652388067820796e-09,8.279100482236078e-09,4.074850010366599e-06,1.9232570503054013e-05,7.694834023183469e-06,9.1477375193586e-06,2.3255697944898172e-05,3.0627386749502713e-06,2.744605836771537e-06,1.2756432031650613e-06,6.0973858714392365e-09,0.7797562431438929,0.0014340637158272616,2.4122209245514437e-05
39,7.96498728262737e-07,3.551033641627353e-08,2.7919808113489735e-05,0.00026327489545919993,7.885425057036116e-05,0.31905997155996885,2.1369998322487404e-06,2.1871607867882166e-08,0.009847781481840647,0.0013580123286982219,2.1385629519793902e-07,3.73031936098666e-09,9.487541163935636e-09,1.64140530828408e-06,1.6441814672697203e-05,1.6564800373970533e-05,1.243035989517832e-05,2.8365165528418616e-05,4.507397798664536e-06,2.5587952998050108e-06,1.4312333686932483e-06,7.119131725618179e-09,0.6683641093253249,0.0008963343006864194,1.6576003299985328e-05
40,9.166133305620739e-07,5.013876573023319e-08,3.169014078732075e-05,0.00030698027124329854,0.000139279615827131,0.26551481986346415,1.4117034311115829e-06,1.3135257951891064e-08,0.017347136560118614,0.0016470651903921878,2.521931413680903e-07,3.5012165475681136e-09,9.42448120569161e-09,3.0259307448962424e-06,2.3846246123982694e-05,9.176707736551891e-06,9.877950254042971e-06,2.218236700294291e-05,3.310361004640524e-06,2.6931632611576764e-06,1.1642107566284682e-06,7.656319893935031e-09,0.713694078077884,0.0012172987386285022,2.3710238825518757e-05
41,4.5885059362053e-07,1.9157285133694353e-08,1.3290887527807388e-05,0.0004408099815610788,0.00018855683010819658,0.4242418002728605,1.0068021570680232e-06,7.003593151996964e-09,0.030603017346159746,0.0013402727462168494,1.434852376766286e-07,1.951881231212649e-09,3.985109033487374e-09,1.2981940454564421e-06,3.86589380667132e-05,4.978093193751263e-06,2.894201627624855e-06,1.1037384854432041e-05,2.258671005807532e-06,1.8128642941470709e-06,2.5329758351816483e-07,3.943122436022443e-09,0.5422411233244506,0.0008525496991366687,1.3742088327656006e-05
42,9.437747262450938e-07,7.827362218199102e-08,2.3391618483967596e-05,0.0003936983768322507,0.0001351131005026056,0.4480741654492496,1.934724160979195e-06,2.492641174544464e-08,0.02035707437415814,0.0025428769119203616,2.906537091288238e-07,4.209305381090799e-09,1.4343634081847914e-08,2.308652325391637e-06,3.7999559962897055e-05,1.776432490208022e-05,1.2552539765811745e-05,2.239434889818249e-05,7.700127440376815e-06,3.2136658619817366e-06,1.242558481728973e-06,1.9623558516168715e-08,0.5272994019030293,0.0010426810712130265,2.3110887844010758e-05
43,9.387136050454715e-07,6.422505163471266e-08,2.5590069642092905e-05,0.00012167247162549586,0.000160036118735142,0.026839121833252984,1.6776197270165446e-06,3.61573392626836e-09,0.01038194146453639,0.00019625829231685642,2.616879742269192e-07,1.1813766888608577e-08,4.6833948568957934e-09,6.680938494499423e-06,8.375442593466664e-06,4.316822167847248e-06,1.6210163091100743e-05,1.520133665085477e-05,1.0583588677902172e-06,7.903283590614064e-07,1.841078892688352e-06,2.1620446083278082e-09,0.9599613645354578,0.0022063048823465856,5.027134167088733e-05
44,7.326912869061808e-07,4.457853811551979e-08,2.83727996515067e-05,0.00031734894101453654,0.00012733873762207817,0.23718394290802433,1.3088009909709596e-06,1.251612993693887e-08,0.01593065848544951,0.0017306306828122286,2.088605467211428e-07,2.7989021105566036e-09,8.641642272350605e-09,2.779046577309278e-06,1.865528770543856e-05,9.294359027829637e-06,8.93625109973312e-06,2.6411315596764388e-05,3.5035588631610694e-06,2.743478061212628e-06,1.1707264787292289e-06,5.9002131788648356e-09,0.7433860539062476,0.0012013011475967197,1.8533579920937687e-05
45,5.165759377426948e-07,2.3536615546754673e-08,1.2270298387057824e-05,0.00043093036656687646,0.000146221415376156,0.49554735382844767,2.071766461299343e-06,1.536254936466362e-08,0.02356785880412386,0.0013756466332087984,1.7553433322646795e-07,2.830680597740832e-09,7.606634700103155e-09,1.0746895930632978e-06,4.50193765672731e-05,1.2421802099899629e-05,4.155929366558722e-06,1.7706079440298882e-05,4.870426480079345e-06,2.961029807595716e-06,4.488403332205296e-07,7.28185662783961e-09,0.47803314377394873,0.0007815576159654785,1.3538595218314498e-05
46,1.2529744851191587e-06,5.697770337064875e-08,2.906045723391372e-05,0.0003028435870546248,9.738291781555335e-05,0.2648575131583633,1.4794087821009442e-06,1.6195952072437344e-08,0.00864147898208895,0.0012559262128053678,2.682940543779432e-07,5.025069123985936e-09,9.793676457143957e-09,2.120038563391074e-06,2.113599023450736e-05,1.2191782070657047e-05,2.5337173762950966e-05,1.9152317549433992e-05,3.4091896812600955e-06,1.8946907686916158e-06,1.2028946946395395e-06,1.1013158021029073e-08,0.7237779234703452,0.0009274957383175198,2.083171576955134e-05
47,1.7431667145252977e-06,1.4411071875917694e-07,4.071348034319309e-05,0.00034432797202347344,0.00011237339037556761,0.3433582603156936,2.1487299264622007e-06,2.4409111429056734e-08,0.025354407750948823,0.002836112289326072,3.080950825072423e-07,8.821823095356292e-09,1.874240971537406e-08,3.941470858098988e-06,3.988811312056968e-05,2.601568681436466e-05,1.9077273000308256e-05,2.3193641143007076e-05,6.0430074134821524e-06,3.274999080670215e-06,1.2797149369462497e-06,2.3889624695659e-08,0.6259552814734886,0.0018226032155488484,4.8786240473352673e-05
48,8.324518294839574e-07,9.720579987948343e-08,3.1176946399763246e-05,0.0004702215519703416,8.570092543479879e-05,0.25340848566774254,1.1589248556471426e-06,2.150041501764329e-08,0.010500834521249816,0.0030373282591450333,1.9290260813073048e-07,3.6097443486821724e-09,1.0415954326809331e-08,3.3301885137387182e-06,1.8197780790505525e-05,1.4247862456513849e-05,2.1683699683166998e-05,3.1306307470706056e-05,4.645918733841336e-06,2.679196617656061e-06,1.1458470334389398e-06,1.0206509822982164e-08,0.7315578386944631,0.0007923208459103619,1.6528568668010083e-05
49,7.544013377018318e-07,3.6618309143674006e-08,3.0084085810393464e-05,0.0002755658616598986,0.00010438309975176153,0.2596705389977048,1.3016431229316917e-06,1.1019297636319284e-08,0.014768470536424298,0.001446434907219978,1.7459808981207107e-07,2.7357138726295637e-09,8.041539050480833e-09,2.203761991128696e-06,1.4350395719223762e-05,8.273258060936246e-06,7.773519756366476e-06,2.246917852057985e-05,2.538104263640682e-06,2.417607035852954e-06,9.903511479555542e-07,4.934632556567362e-09,0.7224636751450243,0.0011612268830569204,1.6310314809305033e-05
50,7.862500658627061e-07,9.587414358361907e-08,4.053672370721062e-05,0.000498305917888613,0.0001523971488516009,0.3153439711386681,1.69726663734078e-06,2.6960935528032387e-08,0.021716841385077595,0.004236248981437735,2.526163085275581e-07,3.861362509250502e-09,1.4714844218402906e-08,4.755608109701528e-06,2.9343176473722297e-05,1.6335905252764234e-05,1.1924313457639165e-05,3.301548408922157e-05,6.388645704533026e-06,4.541957270857057e-06,1.5449595238010607e-06,1.2368057149934409e-08,0.6566665238822535,0.0012081467056307177,2.6288154247891098e-05
51,1.0951396106926853e-06,2.6553758407854966e-07,3.940665269934419e-05,0.0008989752813157081,0.0001762478565756228,0.2615522812801799,1.5468219338200473e-06,4.6055709403422055e-08,0.02747143980156887,0.005519229451665275,3.5534745936800877e-07,7.140986967512398e-09,1.6398313606444835e-08,1.050957176227858e-05,4.395664307565713e-05,1.592175400443986e-05,1.6089113826655036e-05,4.026582297147713e-05,7.5170277680967575e-06,3.920756117034294e-06,1.5974183620840598e-06,2.146835855056827e-08,0.7031009237428301,0.0010635421271102618,3.482178821092872e-05
52,7.419185944347732e-07,4.781586858666059e-08,2.9518746326750666e-05,0.00028868700257529673,0.00014654545732710464,0.22323840953239876,1.4806981821664407e-06,1.201067620802696e-08,0.016325312490648718,0.0014649384796015723,2.320999904406e-07,3.303979355245636e-09,8.446449988856753e-09,3.054020234090195e-06,1.809217596067263e-05,8.554719287454215e-06,9.934528384579251e-06,2.2964246611208125e-05,3.1904991800570364e-06,2.5469568208860295e-06,1.311474111695421e-06,6.030610038969754e-09,0.757128008500406,0.0012845811127651062,2.1817733008886202e-05
53,8.769453199495255e-07,5.7331226475349634e-08,3.920295744598555e-05,0.00037985976154250806,0.000139197208926127,0.2146153747497571,9.247956378450474e-07,1.2494948634424857e-08,0.015938166786378608,0.002842787172624968,2.0905634959527423e-07,2.1758717367390768e-09,1.1009498115607647e-08,3.5136660818609595e-06,1.6557309980526688e-05,9.18116719656094e-06,1.0800317212898823e-05,3.310869251349025e-05,4.166904176355542e-06,3.1372018115308636e-06,1.5198264069913535e-06,6.793728060481295e-09,0.7645076446664818,0.001437094827877638,1.6586181004717437e-05
54,7.640772887996133e-07,1.444482083189984e-07,4.678932706293351e-05,0.0003971595094758363,0.0001639530947356084,0.2607589758976882,1.98853169263409e-06,2.0281383500162885e-08,0.03987868898034366,0.003716958040748126,2.571917219223227e-07,9.845322349884148e-09,1.2002229072092785e-08,8.727360613864936e-06,5.532441773193693e-05,2.5242556261147987e-05,1.3396465052301227e-05,1.8018657351110088e-05,4.464162742243695e-06,4.6452039465822595e-06,1.0426728620266434e-06,1.3714401923251113e-08,0.6925328772484936,0.002278237326929665,9.2288985712765e-05
55,5.565407519493843e-07,2.8614732138497767e-08,1.813404651626654e-05,0.0002688789937612043,0.00017506172003642356,0.2061255852128639,2.132704128931115e-06,6.686872487947068e-09,0.026059630793447253,0.000690156408604246,1.7162216871160257e-07,5.0268744041782495e-09,6.736169324862386e-09,2.095754113979454e-06,1.5173071511513828e-05,7.928911011578783e-06,4.589583799985167e-06,1.954254480152103e-05,2.6175578183626388e-06,1.9637883551908598e-06,8.761075929743981e-07,3.4870050983685505e-09,0.764379295515763,0.0022023690316226685,2.318953967688956e-05
56,7.699339597864513e-07,4.592772020347131e-08,2.8805749273936732e-05,0.00032196214651101607,0.00013016152371418528,0.23704226219565339,1.3391647768721337e-06,1.2810708291865518e-08,0.016046306196180415,0.0017211509165987956,2.16064003582952e-07,2.927582887991633e-09,9.212939657816767e-09,2.8080426835147605e-06,1.8736778723177523e-05,9.367589069688738e-06,9.059998947756516e-06,2.7049489987935363e-05,3.5694874199803043e-06,2.8294161283725925e-06,1.2053337033483352e-06,6.2076554051979776e-09,0.7433711401514653,0.0012425635735295677,1.861916106308791e-05
57,9.330992193130666e-07,7.593558117761352e-08,3.749816702981487e-05,0.0003591981197530573,0.00015765078536688647,0.2519031627101428,2.0302888917546207e-06,1.9976475649828314e-08,0.019102144384032616,0.0023861210286864076,3.0478978637405005e-07,4.694880128975392e-09,1.539853772202356e-08,3.800188842713329e-06,2.3569198517722884e-05,1.6268450093113697e-05,1.341826707481633e-05,3.58395807290368e-05,7.242400384550783e-06,3.6650737131741713e-06,2.2455129736842593e-06,1.067921110566253e-08,0.7242598537759872,0.0016576649112628832,2.72625828261746e-05
58,6.853272034291438e-07,3.903335823272813e-08,2.8231722430422977e-05,0.0002961729653021341,0.0001427050158725753,0.21779702213302135,1.3063252261620475e-06,9.893168250617131e-09,0.017287572788396013,0.0015438786103852537,1.959490301432209e-07,2.7973019009647606e-09,9.129097639908032e-09,2.644673690197639e-06,1.6373101402391543e-05,8.804668999256018e-06,7.89521365117396e-06,2.534932560293528e-05,3.199065586994621e-06,3.009638863600623e-06,1.1766547636641842e-06,5.159744730941345e-09,0.7612378111013297,0.001577484138826367,1.8415567745481107e-05
59,6.679017847630561e-07,4.0227188722448046e-08,3.1681211322913436e-05,0.0002854131444202969,0.00013663544720066153,0.2086763182513875,1.2716694329736295e-06,1.0027448933626009e-08,0.016523714354694078,0.0016747590150066722,1.8553251094801224e-07,2.6191028680159684e-09,8.976364974666334e-09,2.829852540482035e-06,1.4937719978461928e-05,9.041962589331932e-06,8.380767740814036e-06,2.5906213271663465e-05,3.0587125241869056e-06,3.0780176838955407e-06,1.2625490335165987e-06,4.860531414630772e-09,0.7710162151851363,0.0015659955132363576,1.8580267867411945e-05
60,7.326912869061808e-07,4.457853811551979e-08,2.83727996515067e-05,0.00031734894101453654,0.00012733873762207817,0.23718394290802433,1.3088009909709596e-06,1.251612993693887e-08,0.01593065848544951,0.0017306306828122286,2.088605467211428e-07,2.7989021105566036e-09,8.641642272350605e-09,2.779046577309278e-06,1.865528770543856e-05,9.294359027829637e-06,8.93625109973312e-06,2.6411315596764388e-05,3.5035588631610694e-06,2.743478061212628e-06,1.1707264787292289e-06,5.9002131788648356e-09,0.7433860539062476,0.0012013011475967197,1.8533579920937687e-05
61,6.814196192399324e-07,3.8702149897134485e-08,3.2274461157947735e-05,0.00028240320028246257,0.00013708171518870817,0.20547844165497678,1.2430361882316948e-06,9.688018578505222e-09,0.016826345996200705,0.0016529461706727509,1.8020193170850473e-07,2.4881730867918698e-09,8.921520940413257e-09,2.7593815032746726e-06,1.3927913448893945e-05,8.56682972812219e-06,7.86294992686579e-06,2.6246604852915494e-05,2.9590508406710218e-06,2.9907532547624993e-06,1.2644850927898947e-06,4.602771222807735e-09,0.7739015470912761,0.001602489969856752,1.772271136661947e-05
62,7.326912869061808e-07,4.457853811551979e-08,2.83727996515067e-05,0.00031734894101453654,0.00012733873762207817,0.23718394290802433,1.3088009909709596e-06,1.251612993693887e-08,0.01593065848544951,0.0017306306828122286,2.088605467211428e-07,2.7989021105566036e-09,8.641642272350605e-09,2.779046577309278e-06,1.865528770543856e-05,9.294359027829637e-06,8.93625109973312e-06,2.6411315596764388e-05,3.5035588631610694e-06,2.743478061212628e-06,1.1707264787292289e-06,5.9002131788648356e-09,0.7433860539062476,0.0012013011475967197,1.8533579920937687e-05
63,7.728976189500973e-07,5.5403198757572855e-08,2.962991116676582e-05,0.00034100201318970776,0.00012833067004727012,0.2400681152801092,1.3308623242430827e-06,1.4170484612852432e-08,0.01682164357445092,0.0019873596880216142,2.2082386937302817e-07,3.156233195927918e-09,9.481353531711895e-09,3.1664106200842784e-06,2.0224476834487546e-05,1.0315782127969366e-05,1.0003762451123956e-05,2.733065019686904e-05,3.862889943591101e-06,2.900768732474465e-06,1.2175514518959393e-06,7.016333115704511e-09,0.7392814954512866,0.0012405130589077478,2.047424904590267e-05
64,7.745136607267286e-07,4.518387295009212e-08,3.429131962689974e-05,0.00029295226477013883,0.000138144621625483,0.19949776578915746,1.4323734845845379e-06,1.2710876230942018e-08,0.013966200262443728,0.001658946154346112,2.2684702716529645e-07,2.7077407894180615e-09,1.0110388789346621e-08,3.080195098048729e-06,1.493170169319682e-05,9.152622829009351e-06,1.0191591461511346e-05,3.164806926740872e-05,3.7452556960491455e-06,2.9942163689500285e-06,1.7462341704440235e-06,5.5137275790713526e-09,0.7830033616921411,0.0013106162649970845,1.7721783528448677e-05
65,7.167312736039731e-07,3.910263949739007e-08,2.571390438855964e-05,0.0003097732299807421,0.00012218079958437015,0.24487646668701907,1.3166012814082787e-06,1.2170479076515115e-08,0.014565072405775632,0.0015554969001639748,2.0815923433011728e-07,2.6607812867923625e-09,8.09301039513435e-09,2.4011997876908292e-06,1.824448773427732e-05,8.903208348056228e-06,8.742321941839007e-06,2.6319479782317648e-05,3.5144562662905263e-06,2.5399730918458735e-06,1.1205895740871618e-06,5.573532751960033e-09,0.7373587527816144,0.001095762070876845,1.6686411837434892e-05
66,1.2609076903146797e-06,6.358635834555282e-08,8.901881423328909e-05,0.00037567869008192385,0.00016856304809896195,0.2388219225320227,1.9216215569044523e-06,2.3819489937177208e-08,0.020220136624056233,0.003957478522593473,2.3555567681920017e-07,2.1928308365171947e-09,2.1982507660139496e-08,4.785063911968274e-06,1.7790681322898907e-05,1.3755038512685941e-05,8.9758450775128e-06,5.124979218968437e-05,4.457361202024688e-06,6.8112143624552644e-06,2.8525520500600995e-06,7.090339886397323e-09,0.7346791668141376,0.0015557581809448767,1.8062468750965158e-05
67,8.629611924258363e-07,7.845285559215552e-08,2.3376732836879313e-05,0.0003963113415294357,0.00017545123352807838,0.35956882566609616,1.8767893395422167e-06,1.684525938177962e-08,0.03120099419005095,0.0021724471494981475,2.8532319308002365e-07,5.169209736916859e-09,1.0414337115424782e-08,3.369132148891203e-06,4.257732184476501e-05,1.2971499047201033e-05,8.624041025023194e-06,2.0346323078207658e-05,5.383716146825206e-06,2.7460937776061813e-06,9.491367203383915e-07,1.2827979924559149e-08,0.6049521118118906,0.0013766851764470533,3.368065096718018e-05
68,8.553233132291429e-07,4.9306255966686036e-08,2.7604862982590298e-05,0.0003302546049333077,0.00012535931422556637,0.25473617412194066,1.4436733423932167e-06,1.5427002475674298e-08,0.01489301945343613,0.0017796299381476683,2.434777419739424e-07,2.964061748798614e-09,9.6830943377193e-09,2.642212098105303e-06,2.0786451680168088e-05,1.0533600619231246e-05,1.0504879018332127e-05,2.9802005270532332e-05,4.473684237769219e-06,2.6883895456344375e-06,1.3561166499832345e-06,7.389508961442148e-09,0.7269091675324884,0.0010953703274458274,1.8005260958984458e-05
69,6.026630292281913e-07,4.002442265026709e-08,3.7169926182636386e-05,0.0003017753333943808,0.00010353098168727275,0.1835460449434781,1.1950626752485735e-06,1.3223439416813875e-08,0.01276466166490497,0.001942889595491091,1.6577469079909425e-07,2.3108943693229373e-09,8.662633805386284e-09,3.2885355655556304e-06,1.198066926325549e-05,9.588126532560919e-06,8.444526489036932e-06,3.47926671592758e-05,3.062814961544451e-06,3.325563654168681e-06,1.4844765563574242e-06,4.032860273648555e-09,0.7999841416191295,0.0012258493585297903,1.593744237464219e-05
70,4.6574845785600526e-07,2.3716163404730495e-08,2.1166272556902568e-05,0.00032568627591907193,0.00020452889269338744,0.21190102690426255,1.172290308654212e-06,7.13195069048326e-09,0.020076053916195564,0.0009664124399580483,1.6489472117910413e-07,2.0890053773438264e-09,5.0315582779781755e-09,2.3680410859087277e-06,1.654799513819937e-05,3.9452892762872625e-06,4.451379990794654e-06,1.562417354652579e-05,1.6814879781351925e-06,2.235522163434901e-06,6.786638382628487e-07,2.9367636582738654e-09,0.7653562639800339,0.0010846631275708265,1.4821798863126979e-05
71,3.463211657324379e-07,5.4460243543547336e-08,3.5246526668683025e-05,0.00033429748501700464,0.00022625153619720208,0.12572250630505202,1.5373607282032006e-06,1.0072383551300938e-08,0.02390182942338865,0.0020055073316963467,1.4036309897799314e-07,2.2140097846274772e-09,8.661541670805348e-09,5.889208523062998e-06,9.647952686834258e-06,7.63373639500615e-06,5.964557558820395e-06,3.47303901650585e-05,2.724288862136942e-06,4.713306688298952e-06,1.8666587165594096e-06,3.121484603560937e-09,0.8456621591154188,0.0020175930416257474,1.9336560683791366e-05
