,0,1,2,3,4,5,6,7,8,9,10,11,12,13,14,15,16,17,18,19,20,21,22,23,24
0,0.13496551559767186,7.226941508822204e-09,8.034565852931224e-06,9.190101955660694e-07,6.972891630253387e-05,2.4103469491492053e-06,0.004380393224833242,2.151368532506075e-06,0.0007461737932232703,0.03206203264718443,4.5166434739658544e-06,2.125685473734282e-06,2.7011692441262066e-07,0.00025866771612725176,1.2721150725368312e-06,2.1996102043174152e-07,0.200940590094539,1.3467443513939927e-06,9.585069591968178e-06,4.206082464269446e-07,4.618933116960903e-05,2.2590080860761536e-06,0.486972223870614,0.07327617739003783,0.06624676894758429
1,0.14488053171629708,1.0348888406667221e-08,1.0739589778412135e-05,8.825452975730143e-07,9.402210737172806e-05,2.7906303504012994e-06,0.004422244788147162,1.8731848221950953e-06,0.0009088272820657761,0.03244005334612012,5.052426555436192e-06,2.819696094377934e-06,2.318191679813328e-07,0.0003046904712514496,1.4469572916254282e-06,2.1752614429910235e-07,0.19221990866842587,1.0816020273815117e-06,1.1693241238547611e-05,3.829913659431421e-07,4.848028052142513e-05,2.927975345374815e-06,0.463799361610478,0.06865837434714735,0.09218135484780617
2,0.10529518672388521,1.0961152240454054e-08,8.667486577544573e-06,7.367158520367146e-07,9.015652052576665e-05,2.0778856328546253e-06,0.003796173695719686,1.9487034457175794e-06,0.000772481685836859,0.02636539081652511,7.057320862956972e-06,3.829477789507749e-06,1.8050387426292168e-07,0.00046756729104634653,2.5235107695577403e-06,1.419269192806948e-07,0.1394489429661676,1.242528198712627e-06,6.483365962598327e-06,4.88157794693986e-07,5.423202231485425e-05,2.427401775671551e-06,0.5487695737676672,0.05539746681917292,0.11950501174453075
3,0.10581425942577885,1.068167037647293e-08,7.71866222945012e-06,7.714873836253892e-07,7.348091196677767e-05,2.6116879028629155e-06,0.004566805452027508,1.6156928538727942e-06,0.0005870039995398194,0.023475901886399045,4.677545577680762e-06,3.411937559034314e-06,1.913303250612387e-07,0.0004081211334618671,1.7159481813221592e-06,1.8828577500687595e-07,0.18610270743264307,1.3949195126444782e-06,8.740883119766886e-06,3.691381687766523e-07,5.355282762374869e-05,3.0771704893628993e-06,0.5015485118212658,0.07627159611971697,0.1010615636188278
4,0.11176103457989114,1.0560541104839492e-08,7.952865066706788e-06,7.893922004938606e-07,7.440495215862511e-05,2.655207817835006e-06,0.004636896348205833,1.638884749331079e-06,0.0005481527346489332,0.023299207962129677,4.5530379188085285e-06,3.3756204852188077e-06,2.2423603331527134e-07,0.000436679565507964,1.63134848729452e-06,2.0889994924244984e-07,0.18708217124289267,1.5207406995958998e-06,9.528554766273558e-06,3.9500943887265417e-07,5.240105027598816e-05,2.909354546339381e-06,0.4940483727061863,0.08367287771708155,0.09435040742832079
5,0.10277441242395051,1.1765491572836114e-08,6.7293082746514635e-06,8.763893318717371e-07,6.860967364973767e-05,2.8879823370954495e-06,0.004356220185342671,1.7029202610620659e-06,0.0005511789397613128,0.02215898584662915,4.543384796489883e-06,3.1535340223351522e-06,2.123356048528082e-07,0.00041248657310291164,1.7718128915362493e-06,2.1067062463215123e-07,0.18564090414453022,1.8108688572154148e-06,9.797164872607999e-06,3.8213460194139534e-07,5.316132099882446e-05,3.1267430727722984e-06,0.5129144436047546,0.0798356011507232,0.09119677912151622
6,0.10581425942577885,1.068167037647293e-08,7.71866222945012e-06,7.714873836253892e-07,7.348091196677767e-05,2.6116879028629155e-06,0.004566805452027508,1.6156928538727942e-06,0.0005870039995398194,0.023475901886399045,4.677545577680762e-06,3.411937559034314e-06,1.913303250612387e-07,0.0004081211334618671,1.7159481813221592e-06,1.8828577500687595e-07,0.18610270743264307,1.3949195126444782e-06,8.740883119766886e-06,3.691381687766523e-07,5.355282762374869e-05,3.0771704893628993e-06,0.5015485118212658,0.07627159611971697,0.1010615636188278
7,0.24938186388204608,8.529166839862853e-09,1.7293982301229393e-05,1.0648008359665268e-06,0.0001069933201725583,1.9218983294586984e-06,0.006996414357323157,2.9594233271143723e-06,0.0007387305791427005,0.043240849699272575,7.04843330419797e-06,2.8820208157010637e-06,4.2408459685656696e-07,0.00034186453400590004,1.22941663228543e-06,2.67382967921609e-07,0.23263304015824426,1.0134436178270286e-06,1.3326223279774406e-05,5.119167696655e-07,3.61042059998239e-05,3.175695659290495e-06,0.3019090467415953,0.08612533222345925,0.07843663304713429
8,0.13696461802955195,1.0216848088921058e-07,1.8269338283692904e-06,3.927736083011501e-06,0.00023830408937745395,2.1577213052634495e-05,0.005290552742795176,5.963948186165155e-06,0.0025366370177483362,0.020880331782232725,2.2674589527824452e-05,3.7859089070624135e-06,3.0009901880222324e-07,0.0003809299324114817,8.421504511746163e-06,5.553696411446817e-07,0.3359024075274851,3.505543354054016e-05,7.344658714658038e-05,5.340895176709833e-07,3.836405409715358e-05,2.4138951609373815e-05,0.35275330114720005,0.023938608043617676,0.12087363510043111
9,0.16449817713735781,3.4920717504981526e-08,5.564648092793137e-06,3.003892696124103e-06,0.0003361763137122076,1.6953029419451967e-05,0.01118370095156435,5.67513673790877e-06,0.0014689259985353853,0.023898388477355877,9.963243363911637e-06,4.93347543419477e-06,1.0005028388028825e-06,0.00033483637239332357,1.6284409569001238e-06,1.2017220715668e-06,0.5516753283489318,1.6745815523483484e-05,9.245956277575928e-05,8.119122940723971e-07,3.081665658421718e-05,1.7637598312439788e-05,0.14112353807331796,0.04560677006963772,0.05966572769937454
10,0.10581425942577885,1.068167037647293e-08,7.71866222945012e-06,7.714873836253892e-07,7.348091196677767e-05,2.6116879028629155e-06,0.004566805452027508,1.6156928538727942e-06,0.0005870039995398194,0.023475901886399045,4.677545577680762e-06,3.411937559034314e-06,1.913303250612387e-07,0.0004081211334618671,1.7159481813221592e-06,1.8828577500687595e-07,0.18610270743264307,1.3949195126444782e-06,8.740883119766886e-06,3.691381687766523e-07,5.355282762374869e-05,3.0771704893628993e-06,0.5015485118212658,0.07627159611971697,0.1010615636188278
11,0.11207203600777874,1.0050800573453757e-08,8.137899459435727e-06,7.659651907200284e-07,7.203169289069679e-05,2.6728266763052366e-06,0.004853340838797255,1.8017096641010281e-06,0.0005860836178944658,0.024816443386289855,4.453897725254525e-06,3.4182571508414317e-06,2.2986800725573053e-07,0.000390125691811032,1.6131845694078867e-06,2.118497415196248e-07,0.19795018731293204,1.4643898378249948e-06,9.486849962390564e-06,3.872755017165162e-07,5.293222035430217e-05,3.0571128983033415e-06,0.4832577640278412,0.0850368515013291,0.0908744925648956
12,0.020695020208670124,4.3061310117000556e-09,1.957631316947662e-06,2.2557198886130417e-07,8.169163691287173e-05,1.3494855229255173e-06,0.002155551355272248,1.2975822465322607e-07,0.00019534955660976708,0.005307184155780885,1.5784272754528799e-06,1.5119085199197757e-06,4.9347098757899746e-08,0.0007299507957675217,6.22845318103931e-07,5.048514796096993e-08,0.05474550341587668,1.0222228655290366e-06,1.8653986569152576e-06,2.739120116734112e-07,3.139686226765e-05,4.880924403098042e-07,0.7584170262088855,0.04261137911286832,0.11501881729856954
13,0.1308349344737836,6.077353672582727e-09,1.0118605724859412e-05,8.117755437954827e-07,6.652556649255671e-05,9.606048221300559e-07,0.004010335128369487,1.8458491344526518e-06,0.00041459626881435406,0.02140928217203851,1.481546740597357e-05,5.761482935539793e-06,1.913553643224622e-07,0.0009756742356144414,3.148211304799478e-06,1.6592590084138962e-07,0.13697453113133673,1.47848044329827e-06,3.8121264607620033e-06,6.207029023235376e-07,6.599114098436e-05,1.743461980660652e-06,0.5689459801091392,0.044571182524280495,0.09168548712186896
14,0.10229684293926644,4.300658747406212e-08,1.1197047110395757e-05,2.235458486507748e-06,0.0001933981863557113,6.432082915356682e-06,0.0030981250428419524,1.4135624150369142e-06,0.000782390407969579,0.02645790907827587,1.2574388211207657e-05,3.0406526699354616e-06,3.2329555565561887e-07,0.000509725322626864,2.8992068080997752e-06,3.22462134932221e-07,0.15153953136947274,3.9978920607152125e-06,2.387877640494346e-05,8.271302963655467e-07,6.108183114735756e-05,4.845325993051768e-06,0.5603544357478955,0.04714842293792332,0.10748410684857504
15,0.10581425942577885,1.068167037647293e-08,7.71866222945012e-06,7.714873836253892e-07,7.348091196677767e-05,2.6116879028629155e-06,0.004566805452027508,1.6156928538727942e-06,0.0005870039995398194,0.023475901886399045,4.677545577680762e-06,3.411937559034314e-06,1.913303250612387e-07,0.0004081211334618671,1.7159481813221592e-06,1.8828577500687595e-07,0.18610270743264307,1.3949195126444782e-06,8.740883119766886e-06,3.691381687766523e-07,5.355282762374869e-05,3.0771704893628993e-06,0.5015485118212658,0.07627159611971697,0.1010615636188278
16,0.10975475672175074,7.274614313820774e-09,9.574591049785348e-06,9.112533814737899e-07,6.462207456383969e-05,2.2819217720774344e-06,0.005178306429521442,1.8227337199485358e-06,0.0003128161366131493,0.021013728516286936,6.506553696188905e-06,5.890763266563041e-06,3.19162149556274e-07,0.0007989324607430162,2.046692499469721e-06,3.200686464949848e-07,0.19135035750281842,2.571859099133604e-06,8.174796022293225e-06,5.914900567490363e-07,8.097799368180979e-05,2.5306260214749697e-06,0.5141749522757488,0.09088377885324728,0.06634322124902907
17,0.08050741905794288,1.4174398660900305e-08,5.852404847567811e-06,8.195725244389683e-07,6.104546769189667e-05,5.086238162137104e-06,0.003064315254267231,1.6788979812049342e-06,0.0007317052801362232,0.035762785493631134,3.6433437717608393e-06,2.381182172268897e-06,1.925427004631269e-07,0.00023742133418640303,1.9920590925430894e-06,1.963698898694272e-07,0.15955579075239903,1.8396908867471234e-06,1.4957764950906301e-05,3.406819740289616e-07,4.694583659122333e-05,3.3946298687064e-06,0.5516469202740142,0.08229768003028239,0.08604558166563613
18,0.11655230477604649,9.337620662977191e-09,1.1651898251954191e-05,1.0858303038337243e-06,8.183537400494835e-05,3.4771653942032997e-06,0.004601522575840375,2.4644759495943988e-06,0.0006345301563431831,0.03768514612998654,6.267419936838493e-06,4.709556720985489e-06,3.0554294286347523e-07,0.00047069523973226483,2.35412503765636e-06,2.942626119890786e-07,0.14295997132712743,1.627480535037188e-06,9.87564307356162e-06,5.62249689994356e-07,7.453624613454096e-05,2.5244788135293645e-06,0.5434588859950411,0.08372650533007861,0.06970685738278182
19,0.10850069743006922,7.99723791203427e-09,1.2391474509564877e-05,7.563281423559425e-07,8.749621491855712e-05,3.2905200538242417e-06,0.007514282777262684,2.288795583105961e-06,0.0007029538184100042,0.039626386930175714,4.021503289623929e-06,4.1264876363533125e-06,2.8133404108633387e-07,0.0002792934236420685,1.3062422394490385e-06,2.4586914037575945e-07,0.2441749253847376,1.0128041244687377e-06,9.329541551132512e-06,4.476602174879452e-07,5.9075022256453936e-05,3.90046919734703e-06,0.40749442359372484,0.1038191733451278,0.08769788503271102
20,0.08271241285765488,2.1538079712156936e-08,7.459239947274847e-06,9.58385340902222e-07,5.092369229839175e-05,3.5643338123461215e-06,0.0039012935685662723,2.8025464951178893e-06,0.0006041737714753985,0.022408629325411735,6.0560034410165555e-06,6.363845007423074e-06,1.737999111192427e-07,0.00041717122523106365,4.084657684949424e-06,2.1488174955173574e-07,0.18825427785044851,2.0360127760866115e-06,9.071733699398532e-06,3.5841019205854284e-07,9.049567843617888e-05,6.443752210763194e-06,0.5203972628375321,0.07388246535373472,0.10723128469886313
21,0.14206257926713386,9.474484606406381e-09,9.13047325365019e-06,1.0922878388546398e-06,8.008855384258945e-05,1.9287751418666765e-06,0.003955368103155092,1.5931022462265412e-06,0.00047453148925743224,0.021092373820447926,9.152386298236952e-06,4.382461103450536e-06,2.1933546262043597e-07,0.0008232680094132329,2.3582258028399534e-06,2.412319275171744e-07,0.15156378076753368,1.8620271382434484e-06,8.010140758551949e-06,5.100737865615009e-07,6.340811139068567e-05,2.269445267306874e-06,0.5350706960805076,0.0563836281225018,0.08838751823430567
22,0.11039380603145571,6.8992798951391825e-09,8.814470874605065e-06,9.753725481673472e-07,6.739959654214021e-05,1.8586756852710345e-06,0.004215775655522285,1.6443129306948455e-06,0.00047101464087124454,0.02862016566902214,7.961669006975525e-06,3.338206882598529e-06,2.340415689994681e-07,0.0004108093009756047,1.573768217298485e-06,2.034840342310756e-07,0.23006383229542113,1.7724792222339812e-06,7.110370649882221e-06,5.578236175050942e-07,5.613425633860603e-05,2.7551337885144733e-06,0.490617473319261,0.05827861101648245,0.07676617150980071
23,0.10581425942577885,1.068167037647293e-08,7.71866222945012e-06,7.714873836253892e-07,7.348091196677767e-05,2.6116879028629155e-06,0.004566805452027508,1.6156928538727942e-06,0.0005870039995398194,0.023475901886399045,4.677545577680762e-06,3.411937559034314e-06,1.913303250612387e-07,0.0004081211334618671,1.7159481813221592e-06,1.8828577500687595e-07,0.18610270743264307,1.3949195126444782e-06,8.740883119766886e-06,3.691381687766523e-07,5.355282762374869e-05,3.0771704893628993e-06,0.5015485118212658,0.07627159611971697,0.1010615636188278
24,0.11511024708694136,1.4599866432801135e-08,8.321936036169072e-06,1.0490877027557375e-06,9.661713516051569e-05,2.7614404519028577e-06,0.004369246977457598,1.4682292902665515e-06,0.0005738899359667953,0.021490629672636413,5.9446420106101885e-06,3.6352564351778136e-06,2.068371934164883e-07,0.0005343576913659952,1.7908100973975002e-06,2.1313162259975109e-07,0.18344250395355263,1.6566033524211342e-06,9.92366998592549e-06,4.34180130739321e-07,5.379459691668568e-05,3.4104555945484173e-06,0.49189043605431454,0.06856566151486444,0.1138317845010527
25,0.1668002569098376,5.366803378743865e-09,1.1799915616786815e-05,8.640724387430989e-07,8.229955041035651e-05,1.1449131117526428e-06,0.007183912539278526,2.604488762267816e-06,0.0004886875840553459,0.02687266412320496,1.1547705725584516e-05,4.934021887174206e-06,3.0126214754267425e-07,0.0007025349995946771,2.0004175795656773e-06,2.1321682509929317e-07,0.21214273003673137,1.4525545056650129e-06,5.092388162933669e-06,6.506828390454717e-07,5.3621556881027606e-05,2.2617067276198492e-06,0.4366920912210307,0.06376501909159378,0.08517130967424844
26,0.12023037721757414,1.428498896948678e-07,6.561421540674694e-05,9.799708091242808e-06,0.00018571417755873057,3.212946697713128e-06,0.006594204181083544,9.012227020600255e-06,0.00028914873150074136,0.036582236518443625,0.0002823397587488119,0.00037965308058689125,2.2662981145773196e-07,0.012118729276783657,6.620396918587645e-05,4.693254348980646e-07,0.08238897381167007,2.0359254798356828e-06,4.975808481877586e-06,1.8820251274869477e-06,0.00023878628405843685,4.7628946122484305e-05,0.21030466687946647,0.021488208481322917,0.5087057570244521
27,0.11206589889818871,1.9771860401356833e-08,6.756436001351214e-06,8.920625395983443e-07,7.565659638431865e-05,3.1699429287989293e-06,0.004356940750083887,2.0233594560557185e-06,0.0008929238339613432,0.023884648910992207,5.326537944242372e-06,3.337717441091041e-06,1.4657195365227316e-07,0.0003432354533809869,2.423358169122813e-06,1.6903917412906204e-07,0.18723238190692815,1.3155682971120117e-06,1.0940784903284583e-05,2.8303373428548754e-07,4.655012823277847e-05,5.012808886948407e-06,0.4658295101856587,0.06357487196940527,0.14165556437349353
28,0.10581425942577885,1.068167037647293e-08,7.71866222945012e-06,7.714873836253892e-07,7.348091196677767e-05,2.6116879028629155e-06,0.004566805452027508,1.6156928538727942e-06,0.0005870039995398194,0.023475901886399045,4.677545577680762e-06,3.411937559034314e-06,1.913303250612387e-07,0.0004081211334618671,1.7159481813221592e-06,1.8828577500687595e-07,0.18610270743264307,1.3949195126444782e-06,8.740883119766886e-06,3.691381687766523e-07,5.355282762374869e-05,3.0771704893628993e-06,0.5015485118212658,0.07627159611971697,0.1010615636188278
29,0.10581425942577885,1.068167037647293e-08,7.71866222945012e-06,7.714873836253892e-07,7.348091196677767e-05,2.6116879028629155e-06,0.004566805452027508,1.6156928538727942e-06,0.0005870039995398194,0.023475901886399045,4.677545577680762e-06,3.411937559034314e-06,1.913303250612387e-07,0.0004081211334618671,1.7159481813221592e-06,1.8828577500687595e-07,0.18610270743264307,1.3949195126444782e-06,8.740883119766886e-06,3.691381687766523e-07,5.355282762374869e-05,3.0771704893628993e-06,0.5015485118212658,0.07627159611971697,0.1010615636188278
30,0.10581425942577885,1.068167037647293e-08,7.71866222945012e-06,7.714873836253892e-07,7.348091196677767e-05,2.6116879028629155e-06,0.004566805452027508,1.6156928538727942e-06,0.0005870039995398194,0.023475901886399045,4.677545577680762e-06,3.411937559034314e-06,1.913303250612387e-07,0.0004081211334618671,1.7159481813221592e-06,1.8828577500687595e-07,0.18610270743264307,1.3949195126444782e-06,8.740883119766886e-06,3.691381687766523e-07,5.355282762374869e-05,3.0771704893628993e-06,0.5015485118212658,0.07627159611971697,0.1010615636188278
31,0.1735510620242847,9.3959508688217e-09,1.2813563281060668e-05,7.955073042273167e-07,6.302689110030963e-05,1.908631882532757e-06,0.004828967396222959,3.4248467051387886e-06,0.0005571980770543674,0.023094050120603622,4.733054765922126e-06,4.1364216349749885e-06,3.7692185024225106e-07,0.00037715262556519726,1.7047106453587379e-06,2.8564356514813534e-07,0.24071790795683543,1.5418372918386232e-06,1.117152775060329e-05,4.260834050526364e-07,6.481475353588029e-05,3.033264631722476e-06,0.39296998249522264,0.09774598189094627,0.06598349435796391
32,0.1108585322042194,1.1872689720022888e-08,7.793140515805351e-06,8.026252754916856e-07,7.314229905706444e-05,2.852664282569072e-06,0.004312339861085241,1.6460670924394465e-06,0.0005918673091494638,0.023302464137416597,4.35440133317288e-06,3.247137779203834e-06,2.1086322871289367e-07,0.0003873016680568825,1.6388522509965852e-06,2.049760083081708e-07,0.1932797577117061,1.5101022030289927e-06,1.0467111107337205e-05,3.615361726093448e-07,5.229253345659563e-05,3.234156158843373e-06,0.4893378436547098,0.08113836037864885,0.09662776273639574
33,0.10836143750160415,1.182682145738753e-08,7.208692034082828e-06,7.833839090685159e-07,6.709525900467283e-05,2.9939726352986973e-06,0.004734171301187795,1.6398500286073103e-06,0.0004937455912964519,0.021864344622446984,3.5879373333576844e-06,3.310261159466413e-06,2.328535921657224e-07,0.00038217828911981495,1.4231096990552663e-06,2.269774581178178e-07,0.223896181394103,1.6903855453127027e-06,1.1526349475553066e-05,3.4721219094185495e-07,5.0572669380145656e-05,3.665725605873267e-06,0.4507384585217239,0.09926695690742086,0.09010620940522386
34,0.019366102693305846,1.3414433848270994e-08,3.913430443324447e-06,4.945552544241677e-07,3.987790153404329e-05,5.25085586259705e-06,0.004531751664550432,1.00904237392945e-06,0.0004161778401026184,0.019275451698739895,2.2728640479243997e-06,4.5166805549673284e-06,7.609153433911173e-08,0.00022580203366658733,2.1412676077877157e-06,1.194849889081223e-07,0.1496433793842497,1.1685329748239764e-06,4.017679789710765e-06,2.7927126448591026e-07,7.78053959430346e-05,5.171900175782572e-06,0.6035539585238295,0.07910673339761261,0.12373251439515878
35,0.3125493558141147,2.5253472045057262e-08,7.680765032056633e-06,1.0983885959761108e-06,8.48935344905104e-05,2.4338549731985595e-06,0.004401379733475428,6.443572906353195e-06,0.002269475698895175,0.02645022629700014,5.5031968571210495e-06,2.0017904314378523e-06,2.3942553926904417e-07,0.00014606951626120574,2.033529854164097e-06,2.1321086540515683e-07,0.27641546691741836,1.1728753672632449e-06,2.4074872205039906e-05,1.881781852213805e-07,2.5805183380633162e-05,7.194519910343276e-06,0.22935843916962056,0.04703687352298282,0.10120171117816547
36,0.10401092296799122,1.0463150617226293e-08,7.734266748053415e-06,7.724367598009007e-07,7.506919271266746e-05,2.6537892025990652e-06,0.0042767542371285215,1.4878018811605211e-06,0.0005929149119212775,0.024033278273064486,4.499813322963469e-06,3.1108034225989864e-06,1.882710017199061e-07,0.00039314403392779704,1.6319469864618277e-06,1.8190481228539702e-07,0.17229589787687397,1.3221023611337296e-06,8.696158782463427e-06,3.6916018659474915e-07,5.2465718687757364e-05,2.77378288826152e-06,0.52024215771075,0.07502843107131067,0.09896353130412479
37,0.10989698160251436,5.684787378041024e-09,7.923028056842897e-06,5.825334103863814e-07,5.8683205444881146e-05,1.5152509614902978e-06,0.0048821907651988685,8.718306211576876e-07,0.00021763039340569134,0.013446216813516347,3.2470557422236256e-06,3.4626758867780238e-06,2.3196573386394704e-07,0.0008221913748366132,1.0432473498620953e-06,2.2508018437869785e-07,0.16173792310540885,1.521820702378171e-06,6.5572911389282165e-06,3.733963650844842e-07,5.7662859778363465e-05,1.534574053744315e-06,0.5239693933571203,0.11513594689665348,0.06974608419112761
38,0.09020461708216548,1.002874582128357e-08,6.646017182389153e-06,7.904140619264947e-07,5.852179160757403e-05,3.195160028342526e-06,0.004567040571763451,1.5006752942346303e-06,0.00046418350809174154,0.022454689688813593,4.322658949528373e-06,3.6658594835208084e-06,2.091594728397463e-07,0.00042228955755804195,1.8412316451107072e-06,2.2710566376906403e-07,0.17290363541752357,1.8158015745594583e-06,9.316664341143907e-06,3.660955036009277e-07,6.051482547087978e-05,3.049888423886877e-06,0.5430852740215082,0.0851738834973305,0.08056839327779627
39,0.0688748084169914,1.5673133972232963e-08,9.89847064510524e-06,6.921201283057976e-07,5.1237409461905006e-05,4.735884554977308e-06,0.0036610953535282267,2.402686068863356e-06,0.0005549858484446345,0.019445140835767673,2.4365940927075455e-06,5.309610205627545e-06,2.2032210927274514e-07,0.00021842202003813992,1.8217101480675784e-06,2.630329845161924e-07,0.2606395536821355,1.5158605065621652e-06,1.1959423817748076e-05,3.284458208598207e-07,0.00011214505184126954,5.468139687691488e-06,0.46812117185874413,0.1005977945171238,0.077676577032019
40,0.10651523940578392,1.0736935853679714e-08,7.862735519649888e-06,7.688935022519019e-07,7.479435521384803e-05,2.580567158533462e-06,0.00459717147330791,1.598229624958983e-06,0.000581995220524918,0.023080435137003016,4.7180481698406236e-06,3.4837272234633456e-06,1.9086348194044226e-07,0.0004199440970690505,1.7194998044216004e-06,1.8835011141968087e-07,0.1855139994716556,1.3854881484917743e-06,8.683995790637802e-06,3.706177971235027e-07,5.4118794388094936e-05,3.072307367054089e-06,0.5007172061219151,0.07609289033886056,0.1023155715236424
41,0.16684641117494753,2.2615758309316168e-08,7.2691257960601795e-06,1.6976183747057582e-06,0.0001607763595107984,3.064511656624033e-06,0.003299599539293949,2.4841495906582045e-06,0.0013665788287169712,0.02974525872747842,1.2426561402178623e-05,2.689215191145556e-06,2.449170745198975e-07,0.0006243956481692301,3.314230044367145e-06,2.159892011263997e-07,0.11017682810243137,2.337986072772987e-06,1.332636432120174e-05,5.837201159000557e-07,3.558625519415952e-05,2.542367656762751e-06,0.5259305370767722,0.03983125753891162,0.1219305513763174
42,0.1403357203098324,3.759483657000018e-08,1.5103914627786591e-05,1.6864842480606727e-06,6.433552446049939e-05,5.317599143580521e-06,0.003998141385876577,5.345887463282108e-06,0.0011457157114759314,0.029790077030720508,4.6955743408738425e-06,5.1927097214757634e-06,2.6599646903526254e-07,0.00015471163915579852,2.2959768057258722e-06,3.664437382023794e-07,0.36612432608139167,1.3583642243297673e-06,2.489514769076702e-05,2.9903660458676696e-07,7.798217590164033e-05,1.4863600834731167e-05,0.2916398910672359,0.07302345558937769,0.09356391915382233
43,0.07112375165073669,9.548646469981496e-09,8.449398059967048e-06,7.199104994857711e-07,5.2777542710730996e-05,4.9825151339245414e-06,0.004202170393142951,2.262467734700854e-06,0.0006777081950098233,0.040130119025747445,2.3293295229675353e-06,3.2837735446564666e-06,2.455883440494506e-07,0.0001431355836764213,1.3658267025380775e-06,2.2270892909932935e-07,0.23367190895345488,1.2355819904727983e-06,1.0593981758672888e-05,3.6439950854114216e-07,7.798051008961724e-05,4.422649798175838e-06,0.47809070072743615,0.10912251952510776,0.06266674021271376
44,0.10581425942577885,1.068167037647293e-08,7.71866222945012e-06,7.714873836253892e-07,7.348091196677767e-05,2.6116879028629155e-06,0.004566805452027508,1.6156928538727942e-06,0.0005870039995398194,0.023475901886399045,4.677545577680762e-06,3.411937559034314e-06,1.913303250612387e-07,0.0004081211334618671,1.7159481813221592e-06,1.8828577500687595e-07,0.18610270743264307,1.3949195126444782e-06,8.740883119766886e-06,3.691381687766523e-07,5.355282762374869e-05,3.0771704893628993e-06,0.5015485118212658,0.07627159611971697,0.1010615636188278
45,0.1412310541842613,1.0765670990260679e-08,9.13716781665178e-06,9.140767977779129e-07,6.257686197608775e-05,3.5491939382961207e-06,0.008227546068522596,5.1620644021101265e-06,0.0007161380961023783,0.03675357761992322,4.8846713614329395e-06,5.168802049254204e-06,4.2859368577678017e-07,0.00036908278165979203,2.4855513402690313e-06,3.718555193480412e-07,0.2432436386860126,2.2737273221229597e-06,1.3660564031136598e-05,4.485822279183374e-07,5.696135175605178e-05,4.989890555507028e-06,0.3729512702306502,0.12880419039940835,0.06753047821300887
46,0.026451448453887833,1.546665287151023e-08,2.2533362344898625e-06,4.0648934360057726e-07,8.297827564110168e-05,1.3136184360024746e-06,0.001522459367607706,4.913706304632551e-07,0.0006018969414961551,0.009956974357083639,9.350337681279633e-06,1.6612276399250962e-06,3.324713605023008e-08,0.0011724463657564294,7.366895620871255e-06,4.5670156060838745e-08,0.012158681612960015,1.3210535791551845e-06,2.3829436143535436e-06,2.7264496789831095e-07,2.2285757678008876e-05,5.626775000782444e-07,0.7801475315908329,0.01741317592282473,0.15044264437503835
47,0.20268615953961983,8.44759599438491e-09,1.1452761351104096e-05,8.103328124802704e-07,5.399488007440142e-05,2.0526432605858125e-06,0.005480253672705283,2.2419099134593675e-06,0.00040497331462619233,0.021182326380675222,2.8446408512884066e-06,3.0766344685670784e-06,3.51304977370216e-07,0.00026008863337577425,8.179681460688788e-07,3.3152675580641453e-07,0.32773846189304956,1.148945715547462e-06,1.555779562193628e-05,2.632261625522416e-07,4.839661326066097e-05,4.130141433510864e-06,0.2721138967316372,0.11648336322703784,0.05350299683487169
48,0.10988657997102348,1.0454192032982522e-08,7.2824913610380416e-06,6.738816422941548e-07,5.88558352676267e-05,3.084871372089913e-06,0.004721955257350146,1.8468951150324304e-06,0.0005407144906337783,0.024989479191474862,2.832024112812861e-06,2.8878910117299675e-06,2.4070902727842794e-07,0.0002685265927143674,1.2207455752351798e-06,2.1404245743662568e-07,0.24671071287484883,1.4101685516339963e-06,1.2052916495849389e-05,3.072865443055187e-07,4.766021499062496e-05,3.718055686667794e-06,0.42081667505596543,0.10967083372253483,0.08225022436005057
49,0.0899365029118146,1.4873723237101678e-08,1.0885173005394073e-05,8.62480395111711e-07,7.802183084401891e-05,4.082109843727965e-06,0.0052323489839824055,2.1151518420058645e-06,0.0006839124785559334,0.027273295337982596,3.98379300710444e-06,4.864045531748126e-06,2.124782088251493e-07,0.00028099957868319477,1.7670393254566994e-06,2.3608866863116451e-07,0.24695397175855013,1.2577814893790836e-06,1.089984063131604e-05,3.880441159324055e-07,7.733531449518854e-05,5.658394496062609e-06,0.44059804319209167,0.0869060765715847,0.10193226474713162
50,0.17598319016702993,4.085575866420567e-09,1.0090081649307854e-05,6.17912356917712e-07,7.632443996310026e-05,1.4268904608677033e-06,0.008696639651553277,2.156053322129595e-06,0.00047398191057741767,0.0343822883419784,4.968284667831408e-06,2.9392251978600963e-06,3.313338790580217e-07,0.0005081455851604492,1.0998922358360818e-06,2.1540239348601052e-07,0.20942621338894973,1.0883922333582555e-06,7.296353535010247e-06,4.6226852692196616e-07,3.3315199920567746e-05,1.8430504060890438e-06,0.3788867900857768,0.11396771698572633,0.07753085501692333
51,0.09059857475816281,9.490891488533453e-08,8.01287973458014e-06,2.954236671174774e-06,6.531598324104271e-05,5.333653354499046e-06,0.0030289629014074904,3.993331149019472e-06,0.0011059873277055648,0.020515770235862242,1.2727636307596517e-05,6.9916266555208346e-06,1.2699205582020621e-07,0.0004375131373678675,8.449080047878602e-06,2.379971962758605e-07,0.15498995861897213,2.265520618230069e-06,1.3206983294139766e-05,3.304941815431491e-07,8.796893993971486e-05,1.6310147533455675e-05,0.49830268837365177,0.03767771461076465,0.19310850962521006
52,0.11040174593229694,1.0604120487037271e-08,7.458711852544597e-06,8.509372136393423e-07,7.587130355802422e-05,2.9946129063701463e-06,0.004569772754829207,1.8560826684488285e-06,0.0006284464677473639,0.02872100576992378,5.167878961527237e-06,3.5381098402170227e-06,2.167405501149714e-07,0.0004252466146319592,1.943885947142501e-06,2.043089420665921e-07,0.17826797910607256,1.6323919451958998e-06,9.686787311854707e-06,4.13651150896166e-07,5.2607284388373764e-05,3.1071704659226683e-06,0.5028969375205453,0.07855492892636146,0.09536637644576884
53,0.09641119869229309,9.115009001952982e-09,7.495941600899392e-06,7.27635383940141e-07,7.236329088511515e-05,2.376812026045847e-06,0.0047931394263772435,1.4735142935199372e-06,0.0005475166402049307,0.02280484966350019,4.8326531072817915e-06,3.4041835095919834e-06,1.8179508815631916e-07,0.0004281569898168081,1.6791578513917083e-06,1.7804053370367365e-07,0.17607010586812774,1.3561743736834761e-06,7.287576119266737e-06,3.8638432531461013e-07,5.410998316610784e-05,2.722516447297014e-06,0.5265876190710856,0.07322713063586288,0.09896969823901114
54,0.09754762313417376,3.455400000249819e-08,5.333395561449956e-06,8.730271272537354e-07,7.201774654310733e-05,3.038309060177388e-06,0.004401808660490277,1.4837361023457654e-06,0.0007388150351749103,0.015413907798895779,5.204267520449314e-06,3.646547236309079e-06,8.957300534631809e-08,0.0005551336291804385,3.3885726120465205e-06,1.4217215296791694e-07,0.13420405330635254,1.2164392497350762e-06,1.0034211913124366e-05,1.9574852960532058e-07,4.211580900637776e-05,6.012909253724252e-06,0.46328979749374943,0.061504614926509084,0.2221894189965998
55,0.09521353671713137,8.465139101491482e-09,8.054564407317862e-06,5.746944554088817e-07,9.079913066542955e-05,2.675584538247602e-06,0.007107252466691023,2.4759065793103403e-06,0.0006050150023635157,0.020918041671990777,4.534357732032415e-06,6.890432366548657e-06,2.7586560813950987e-07,0.0006244981070803685,2.1349798652629224e-06,2.563176430986019e-07,0.20740532503627143,1.9288571734872903e-06,7.649758815306624e-06,4.898999676703334e-07,6.689429183460324e-05,3.1338250595452545e-06,0.4717808373654829,0.09701398922775178,0.09913272747338632
56,0.10953699150233889,1.0480291137893424e-08,8.031694673349573e-06,7.888192179721823e-07,7.377630996236e-05,2.730427423998007e-06,0.004723834873721439,1.74720072917333e-06,0.000587798229037976,0.02445476015768923,4.540028317802664e-06,3.417516604358296e-06,2.2174767438990845e-07,0.0003972730152762901,1.6505672751179878e-06,2.0743107578202881e-07,0.19376450017108313,1.4760819187493082e-06,9.39730736270456e-06,3.9105068129550923e-07,5.387626995172159e-05,3.0817155662646173e-06,0.49042647252835203,0.08206683047914695,0.09387619439462794
57,0.09321171398118647,9.826808603159206e-09,1.6277464302436742e-05,6.794062180921119e-07,9.885918435650488e-05,3.170366532723957e-06,0.00567001239824071,1.9592311439847836e-06,0.0006419291974660074,0.029457815685416888,4.014308810451045e-06,5.762357689568367e-06,2.758481930380929e-07,0.00032587296607592005,1.3936695537545057e-06,2.4730939135655484e-07,0.24330401468436605,1.0112941388675914e-06,8.966127304987888e-06,5.203894265611313e-07,8.383035097386407e-05,3.892958890068563e-06,0.43957374000756555,0.09424036442863076,0.09334366655731689
58,0.09595806488021062,9.346731414697654e-09,7.389881028951165e-06,6.561132491592519e-07,6.342602314979355e-05,2.845903964479563e-06,0.004612668965914294,1.6076067602272204e-06,0.0005092285686606619,0.023920494476040177,3.216352980099705e-06,3.2416755723541078e-06,2.2356938010015499e-07,0.0003513564541421988,1.4031103308236423e-06,2.027377178782681e-07,0.19432001327036158,1.4155182279935355e-06,9.277228160073687e-06,3.546158212872428e-07,5.3891950976286646e-05,2.9009117752731136e-06,0.4943033866772261,0.10208356239304037,0.08378916176857774
59,0.09731436588550224,8.978099214144858e-09,8.687747364941086e-06,6.658453135492829e-07,6.700970501133416e-05,2.719650671539316e-06,0.004870777340582216,1.6491984648141828e-06,0.0005134183181060319,0.024121612454868192,3.4124680762303796e-06,3.478197011829583e-06,2.298422026404579e-07,0.0003517087760552442,1.3809379078153585e-06,2.0886557590274488e-07,0.20032967331417217,1.3059142841729677e-06,8.842805191383618e-06,3.79746803829175e-07,5.8716922576620505e-05,2.908232388893582e-06,0.48930003475430595,0.0993295850424476,0.08370721905701553
60,0.10581425942577885,1.068167037647293e-08,7.71866222945012e-06,7.714873836253892e-07,7.348091196677767e-05,2.6116879028629155e-06,0.004566805452027508,1.6156928538727942e-06,0.0005870039995398194,0.023475901886399045,4.677545577680762e-06,3.411937559034314e-06,1.913303250612387e-07,0.0004081211334618671,1.7159481813221592e-06,1.8828577500687595e-07,0.18610270743264307,1.3949195126444782e-06,8.740883119766886e-06,3.691381687766523e-07,5.355282762374869e-05,3.0771704893628993e-06,0.5015485118212658,0.07627159611971697,0.1010615636188278
61,0.10172307571618808,9.308585615683958e-09,8.635354968458401e-06,6.703056777760835e-07,6.968828710551962e-05,2.646053948998566e-06,0.00468517405969993,1.579042256935954e-06,0.0005342732389007682,0.023740388992242237,3.655245417068436e-06,3.4418153759433493e-06,2.1705842108014073e-07,0.0003664515951237198,1.4203644026149961e-06,1.9952797426483266e-07,0.1953026961554519,1.2715400969280023e-06,8.881159808345253e-06,3.6886922744960344e-07,5.696526943344318e-05,2.8787741076227925e-06,0.492209305015159,0.0922763387755044,0.08899976847492197
62,0.10581425942577885,1.068167037647293e-08,7.71866222945012e-06,7.714873836253892e-07,7.348091196677767e-05,2.6116879028629155e-06,0.004566805452027508,1.6156928538727942e-06,0.0005870039995398194,0.023475901886399045,4.677545577680762e-06,3.411937559034314e-06,1.913303250612387e-07,0.0004081211334618671,1.7159481813221592e-06,1.8828577500687595e-07,0.18610270743264307,1.3949195126444782e-06,8.740883119766886e-06,3.691381687766523e-07,5.355282762374869e-05,3.0771704893628993e-06,0.5015485118212658,0.07627159611971697,0.1010615636188278
63,0.10323237544778416,1.4360527714151353e-08,7.1859666521113315e-06,8.406120448348719e-07,7.274183040175642e-05,2.896344255139587e-06,0.004112354718126237,1.6268483960391044e-06,0.000641445010418727,0.02177873825226079,4.705990761439115e-06,3.230480268373039e-06,1.790076442341184e-07,0.00038643863271970857,1.9112047756174024e-06,1.8580243630567178e-07,0.18013797648598787,1.4859102140193427e-06,9.812463042599169e-06,3.405403955378684e-07,5.2872339093298306e-05,3.558416311285711e-06,0.508387191624202,0.07176646065302643,0.10939343105825382
64,0.08767522220206281,9.854090614457138e-09,8.944185497913506e-06,7.069489955719052e-07,6.585439641548687e-05,2.6284475385984897e-06,0.003998262443353472,1.4044259315434195e-06,0.0005059595790412787,0.02126914263863779,4.022481574562837e-06,3.857087881851038e-06,1.8141282181900462e-07,0.00036135971732324557,1.5704775126274354e-06,1.8786723979185255e-07,0.18916274072546335,1.2105879580777486e-06,7.501481498798019e-06,3.7349858785013797e-07,7.262900253944489e-05,3.012186999079893e-06,0.5311568487921057,0.07552566289057495,0.09017070666835374
65,0.021294966290543473,1.6057421392795116e-08,3.7231440792491737e-06,3.7639873676659566e-07,3.984560216558239e-05,3.079810166041859e-06,0.0019965558264914097,4.6962088602612957e-07,0.0002922646562943416,0.007793446875599099,1.5112093081027797e-06,2.6689220484655673e-06,6.249394723137783e-08,0.0002716589285427764,1.5326051154074436e-06,8.461084981368786e-08,0.09849545127321756,1.1000057884725591e-06,4.141815790678196e-06,2.1556462251902218e-07,7.790096283720132e-05,2.5513988959258347e-06,0.6913476473570851,0.06119508126895588,0.1171736473006114
66,0.1903881957352288,2.0864676080341193e-09,2.412845791333008e-05,6.019502131984117e-07,0.00020004226326020784,1.8786474322025978e-06,0.010189305531709564,1.401334617897155e-06,0.0006197605157821563,0.045605833679481435,3.2222452397757756e-06,2.181261493201865e-06,7.17452664408583e-07,0.0002810883892081881,3.004921289851129e-07,3.055547971440717e-07,0.2572896814501431,6.9075059227303e-07,9.392727878265516e-06,8.436230765935973e-07,3.747634315008655e-05,1.0420540347416416e-06,0.3328542371729468,0.11501527001399739,0.047472400266542675
67,0.03566729520500132,1.2612629361811228e-08,4.500133515132141e-06,5.414756089638611e-07,3.753478908773285e-05,3.0764399950594433e-06,0.002683650183529888,6.516855759185644e-07,0.0002950513038127031,0.011250061478573204,2.4019771243663126e-06,2.8026166521584705e-06,8.792373701054545e-08,0.00030167330257811455,1.4911344308806087e-06,1.225643870500316e-07,0.1472430346329111,1.2781606702118963e-06,5.451668715427143e-06,2.5567340817737356e-07,7.194733574093055e-05,2.9798044853228897e-06,0.6332552009111323,0.06589450306541204,0.10327439392128555
68,0.1648526982227939,1.0722642782738563e-08,7.615791128689484e-06,8.782653826640654e-07,8.222803030327069e-05,1.7867804137268216e-06,0.004044343648341455,1.27594754124479e-06,0.0006603857565345093,0.022039674592029077,5.555515380653087e-06,2.0599452442417464e-06,1.815812192337651e-07,0.00042400878591943356,1.2884539506088516e-06,1.7601431115711058e-07,0.17897247952301987,1.1568302404202102e-06,1.0368437042937337e-05,3.0796985828691064e-07,3.297351682370749e-05,2.4666450235462153e-06,0.46146448806878315,0.06258649408897998,0.10480509686709157
69,0.09533685776531972,1.0318677994134942e-08,7.304512913482679e-06,7.807834392073473e-07,7.20253121286587e-05,2.507379666696367e-06,0.0042681316207908776,1.544613169553579e-06,0.0006044570238677659,0.02313108791363296,5.334877616066906e-06,3.372958446091261e-06,1.6820203481834225e-07,0.00038875656700444576,1.8626900145199577e-06,1.6675650495193392e-07,0.17867687480501054,1.3891948831885385e-06,7.449851515806057e-06,3.8258108421413484e-07,5.655882327893778e-05,3.0000220997050244e-06,0.5305331687501711,0.06311475322274875,0.10378205345398007
70,0.09916724927128401,1.2439121772836388e-08,1.2266712965753702e-05,1.2472439569223989e-06,0.00010658549955372218,3.330123536697179e-06,0.00519033500156148,1.6945926253735823e-06,0.000844269590888716,0.030645168685817667,7.639732034190215e-06,3.693264369429143e-06,1.8409557499575295e-07,0.00039758094165083703,2.056226652164528e-06,2.2512400118267176e-07,0.15378879924589448,1.1072984688975995e-06,8.041585705958773e-06,5.024049237737001e-07,6.845839709955993e-05,3.178708638924425e-06,0.5488806833489002,0.05212761157579764,0.1087380788889758
71,0.10247851706608127,1.189491360016682e-08,7.572767313516381e-06,7.953820277643925e-07,7.050610506934838e-05,2.685593262684956e-06,0.0041048883211433,1.5691932159548255e-06,0.0005724982979594879,0.022172120096096523,4.799800636934113e-06,3.5400169498717286e-06,1.802049331154523e-07,0.00041610688817443197,1.853333842545227e-06,1.868605215586346e-07,0.1817046792250377,1.451740375650103e-06,8.98088783410565e-06,3.5771908074367005e-07,5.6491395442423054e-05,3.2235282656476453e-06,0.5125322306898052,0.07266042782744647,0.10319432516457029
72,0.11162851689554354,4.979610638099992e-09,1.0322089828286208e-05,6.932767093366058e-07,8.382361745117176e-05,3.1563875841935354e-06,0.01045977597932155,2.857389323080406e-06,0.0004997763380318172,0.026844761824838723,2.9390811197650463e-06,4.371425319754387e-06,4.912323279731841e-07,0.00039985276928705064,1.036164987136027e-06,4.1034996681462616e-07,0.25912793885808433,1.9072058459264555e-06,1.0049115435291983e-05,5.455773805704634e-07,6.116048841511246e-05,2.498819485146918e-06,0.3912476170725319,0.14754453409056276,0.052060958971008285
