,0,1,2,3,4,5,6,7,8,9,10,11,12,13,14,15,16,17,18,19,20,21,22,23,24
0,4.1385263228547904e-05,1.8533418326500712e-05,7.737787414743296e-05,0.00013835604126329645,0.0019120929240714615,0.1601780507885774,4.2140499604157917e-07,9.816474458860848e-09,7.056850398587462e-06,1.8657091665769892e-05,0.0026099197944901083,4.284717192464307e-09,4.299128334459535e-07,6.685873735179139e-05,1.2064931257882404e-08,7.128935423965185e-07,0.0034197806305057694,4.0043255313443214e-05,1.0281586146457133e-05,0.00010840432266566479,8.859525998524416e-06,1.283793331112084e-07,0.7889343828748395,0.0422826859611393,0.0001255543030424254
1,2.4163570765999438e-05,9.990544006367801e-06,7.893741336104638e-05,0.00011112953946320803,0.0004508379986595926,0.04840476006368219,3.2602144245406476e-07,2.7757838201569862e-09,1.3191675437561975e-06,2.521099509050543e-05,0.0006417320231838324,2.389873248708643e-09,1.2938604696202836e-07,4.0025961481086585e-05,1.558131169396183e-09,1.1111945102511209e-07,0.0007596877130519274,1.9603837530243684e-05,2.177899847179472e-06,4.044719508888743e-05,4.4849813873121695e-06,2.7036967836148844e-08,0.9301184844516064,0.019175440736043207,9.096562051070106e-05
2,1.683743899953423e-05,8.5811510072899e-06,4.048060031005528e-05,7.274462092810492e-05,0.0005956254576086893,0.026394341163783117,2.989184125853688e-07,2.108564146941969e-09,7.468379299504265e-07,1.538193213355818e-05,0.0006232980035224103,1.7465270408711362e-09,8.491090053526204e-08,4.6777399593114826e-05,1.5074729010814012e-09,5.7518779568044706e-08,0.0007426815402490612,1.3145035435072354e-05,1.1558115806479568e-06,3.459197266144092e-05,2.729574908602249e-06,2.0565025242450956e-08,0.9619786141414328,0.009310313155911024,0.00010148688632361656
3,1.3413323320803077e-05,6.305497253904936e-06,4.0903139980418056e-05,8.770262769342211e-05,0.000352415592609852,0.02807230770755295,2.2384919944284774e-07,1.7626668528893002e-09,6.445723287437325e-07,1.4276368164768149e-05,0.0005857224235228789,1.6912382799922068e-09,7.997944930764118e-08,4.031680560939793e-05,9.437683059161724e-10,5.1116804373019325e-08,0.0007266231006848525,1.3459490714090936e-05,1.0668987312555963e-06,2.7752709967206655e-05,3.1283582346395305e-06,2.1021278630120577e-08,0.9585968727439977,0.01134164347543837,7.50647997894741e-05
4,1.4092927065095763e-05,6.450780127547442e-06,4.166114443993637e-05,9.217795814289877e-05,0.0003511042607727478,0.02701273002158954,2.4046925649619093e-07,1.8509116588847102e-09,6.920160020327514e-07,1.383619933230136e-05,0.0006051824501234588,2.1024815116995636e-09,9.734401878561279e-08,4.289213552609948e-05,9.831321623593437e-10,5.231490134789638e-08,0.0007797998505281448,1.3786019283523666e-05,1.1425503746688027e-06,2.7825423565449206e-05,3.375562028022174e-06,2.377993491548758e-08,0.9591421637195402,0.011771029943619296,7.963819330217865e-05
5,1.2771818397795132e-05,5.7770233429340445e-06,3.621945234745249e-05,0.00010094823031094147,0.00027233544762641463,0.025470037519496124,1.8571838860495893e-07,1.5233287078459547e-09,5.674449790013428e-07,1.4530643966005574e-05,0.0005240008419021262,1.7082148192209586e-09,8.162315086502351e-08,4.095481304956251e-05,7.058293004159111e-10,4.441158529849627e-08,0.0007557360413534352,1.5584274218580018e-05,9.379080296692565e-07,2.7481284149705105e-05,3.2746966817943635e-06,2.105444854506015e-08,0.960752053245015,0.011896585322528115,6.986724765907737e-05
6,1.3413323320803077e-05,6.305497253904936e-06,4.0903139980418056e-05,8.770262769342211e-05,0.000352415592609852,0.02807230770755295,2.2384919944284774e-07,1.7626668528893002e-09,6.445723287437325e-07,1.4276368164768149e-05,0.0005857224235228789,1.6912382799922068e-09,7.997944930764118e-08,4.031680560939793e-05,9.437683059161724e-10,5.1116804373019325e-08,0.0007266231006848525,1.3459490714090936e-05,1.0668987312555963e-06,2.7752709967206655e-05,3.1283582346395305e-06,2.1021278630120577e-08,0.9585968727439977,0.01134164347543837,7.50647997894741e-05
7,2.106608037133879e-05,6.361849372079147e-06,6.97778375963547e-05,8.144702247686501e-05,0.00034975362513314947,0.028988572625384776,2.994955117608629e-07,2.050859562207794e-09,6.875630418512924e-07,1.7147869923551096e-05,0.0005779838535072148,2.0737528300915083e-09,9.652250449852533e-08,3.480054955409409e-05,8.934487318540548e-10,5.038344139655651e-08,0.0005930233914432495,1.4941354287342234e-05,1.3147736219277584e-06,2.762260266154582e-05,2.9616258038017635e-06,1.7600512836515068e-08,0.9545474103976691,0.014583439875576188,8.12180825438797e-05
8,7.458542139943324e-06,4.2022406930501125e-06,3.657748969313317e-05,7.014509808236951e-05,0.0001684898975992434,0.01199151239293975,1.904128279195528e-07,9.735504241830962e-10,2.3647911572404898e-07,1.2810501796615742e-05,0.00025724359065432264,1.2388593706388966e-09,3.831540967929705e-08,2.7047918766989525e-05,2.838548678987999e-10,2.0519005524361693e-08,0.000213179869634992,4.986635922719185e-06,4.0815909308230324e-07,1.865034076683202e-05,1.545506146786426e-06,5.987835687989341e-09,0.9801504599139063,0.006991140475659966,4.364721604471171e-05
9,9.49372655998293e-06,5.596251935697534e-06,3.8822227616902426e-05,9.565979943556602e-05,0.00023392896040829535,0.022394973026963416,1.9001987863471007e-07,1.3037782159437215e-09,4.838250530822516e-07,1.4904103136104681e-05,0.0004002181608306681,1.511538392614862e-09,6.310218902082989e-08,3.248582502759509e-05,6.003061021982136e-10,4.0673723684637744e-08,0.0004723576115760661,9.481503373124414e-06,7.372949567019776e-07,2.5159231360437374e-05,2.8414355213587553e-06,1.432304171857381e-08,0.9659642861371058,0.010239246908424083,5.901243625922311e-05
10,1.3413323320803077e-05,6.305497253904936e-06,4.0903139980418056e-05,8.770262769342211e-05,0.000352415592609852,0.02807230770755295,2.2384919944284774e-07,1.7626668528893002e-09,6.445723287437325e-07,1.4276368164768149e-05,0.0005857224235228789,1.6912382799922068e-09,7.997944930764118e-08,4.031680560939793e-05,9.437683059161724e-10,5.1116804373019325e-08,0.0007266231006848525,1.3459490714090936e-05,1.0668987312555963e-06,2.7752709967206655e-05,3.1283582346395305e-06,2.1021278630120577e-08,0.9585968727439977,0.01134164347543837,7.50647997894741e-05
11,1.3760009081564157e-05,6.286951914017712e-06,4.206509729775847e-05,8.969971343963714e-05,0.00035536976506280165,0.027147133137587563,2.3702760368165152e-07,1.8530434438363337e-09,6.647485814257447e-07,1.4399249656357716e-05,0.0005871033268493194,1.90043926276042e-09,9.081810078163117e-08,4.0460833689777114e-05,9.68659323160485e-10,5.3568509309334064e-08,0.0007368518384368509,1.3478720147457359e-05,1.0974656404167757e-06,2.8912531901339112e-05,3.1972065655365425e-06,2.1924916085535226e-08,0.9591263637135492,0.011716438346985622,7.630928234133341e-05
12,1.3043816999392183e-05,6.767906401133426e-06,2.3238988864513853e-05,7.85730063871998e-05,0.0004408920520460955,0.026068420068733805,1.7024505047389595e-07,1.0231199719406629e-09,4.607179780000689e-07,1.4709299493391456e-05,0.0003745599304343644,1.1175850827222972e-09,7.378174764611825e-08,6.665135006505805e-05,6.093424397554448e-10,3.224707437567162e-08,0.0012170334421111588,1.6628149401334024e-05,5.871966891859188e-07,2.909124653640627e-05,2.9613929061492227e-06,1.6799132666997126e-08,0.9654593590055092,0.006072235743946378,0.0001144908624445714
13,5.436148840235723e-06,3.2656989041514514e-06,2.2929987134262234e-05,7.241291840266107e-05,0.00023160217561510286,0.01429256653424552,1.7879234179481275e-07,1.795204615102103e-09,3.1830210935828203e-07,6.482286585684399e-06,0.0008184698110135732,1.7119496102502105e-09,4.949665919659088e-08,4.367532534044599e-05,6.580609222563269e-10,2.8310165122375925e-08,0.0004965821730164313,7.126540141060281e-06,6.005667103501298e-07,1.634684272028445e-05,2.1912800470079403e-06,1.9373555269382887e-08,0.9767566762685101,0.0071793881834058835,4.364881932145276e-05
14,9.298589558628596e-06,1.3795040614606778e-05,1.2462095284894194e-05,5.464186388179252e-05,0.0006129058253982546,0.016295989751448785,3.148928496602398e-07,1.3578780009722487e-09,4.306370075999591e-07,2.3288084968071033e-05,0.0006186329239368551,1.194946431361451e-09,2.97566118536416e-08,6.588396117638349e-05,9.964944120337517e-10,4.193762969668545e-08,0.0004097917641037348,9.657436714152255e-06,1.134682858589313e-06,2.993239551907987e-05,1.8402761924991836e-06,1.8043357980762985e-08,0.9740959605612297,0.007682603907756089,6.134202258233857e-05
15,1.3413323320803077e-05,6.305497253904936e-06,4.0903139980418056e-05,8.770262769342211e-05,0.000352415592609852,0.02807230770755295,2.2384919944284774e-07,1.7626668528893002e-09,6.445723287437325e-07,1.4276368164768149e-05,0.0005857224235228789,1.6912382799922068e-09,7.997944930764118e-08,4.031680560939793e-05,9.437683059161724e-10,5.1116804373019325e-08,0.0007266231006848525,1.3459490714090936e-05,1.0668987312555963e-06,2.7752709967206655e-05,3.1283582346395305e-06,2.1021278630120577e-08,0.9585968727439977,0.01134164347543837,7.50647997894741e-05
16,9.730573465949247e-06,6.92630001689943e-06,2.6481620535368142e-05,9.069709805806587e-05,0.00026475188167924125,0.02005085189148695,2.2452446000183706e-07,1.7973720104737166e-09,4.763189691370893e-07,2.007423277860113e-05,0.00043248500117021386,1.8779909204562637e-09,6.711756998577868e-08,4.461641949099461e-05,8.136284998177016e-10,4.675695818849707e-08,0.00073263489097828,1.330660372441122e-05,1.0457383971605695e-06,2.6405164181460926e-05,4.212112843634327e-06,2.8104248506462606e-08,0.9696461573468396,0.008556670279602153,7.210553355361366e-05
17,5.464066123232525e-06,3.3269303969943947e-06,1.550486448351611e-05,6.762608732293501e-05,0.00023334801041758902,0.01083131030954332,1.4987938580026803e-07,1.2429484509174135e-09,2.4528461837518573e-07,7.938098409709395e-06,0.00043099008436993445,1.4615074973763385e-09,6.081093862566342e-08,4.3030003349388576e-05,4.354176455146431e-10,2.4286491243174587e-08,0.0007547988207507561,7.777454868556975e-06,4.4577242336767964e-07,2.0520441885210365e-05,2.2374455841887987e-06,1.8609433536646125e-08,0.9821756081833755,0.005346742868757278,5.282854719717178e-05
18,1.377063084649818e-05,7.608444858627283e-06,8.013112295342134e-05,0.00011489900336545844,0.0003156523322480302,0.044195021763454606,2.600494620588271e-07,2.942832320029519e-09,1.2695301466007865e-06,1.315308831876126e-05,0.0010149293114080802,2.241249271568545e-09,7.377057212970613e-08,2.778141506324983e-05,1.6309233287341938e-09,1.0672389515281565e-07,0.00033647028607383715,9.226264964755421e-06,2.1218560017670056e-06,2.9236991916013864e-05,2.9269998328586393e-06,2.1347985149918878e-08,0.928215655184439,0.0255781076669207,4.1569400268445384e-05
19,1.03789445508195e-05,6.569767581397888e-06,4.123914782499731e-05,0.00010008499246532109,0.00028402819464384767,0.019407768095716822,2.8019364561589297e-07,1.8649760139711503e-09,5.960664856773902e-07,1.4853545369585241e-05,0.0004896578951290594,2.3385523623678195e-09,8.488548847953826e-08,3.610881649855458e-05,8.429755850540497e-10,4.822671965456958e-08,0.0006058032321300544,1.0099897385142217e-05,9.784900086160797e-07,2.4704524595631718e-05,3.572380638167253e-06,2.3063034316190957e-08,0.9691035538360407,0.009791851933897571,6.770882364607968e-05
20,1.0637743430426842e-05,6.114009808229225e-06,4.051658974323662e-05,9.95341731685381e-05,0.0003032237148088983,0.026105364541525348,2.3732960576846817e-07,3.004435965757683e-09,6.483992537059989e-07,1.3508910456888414e-05,0.000828585660768551,2.093238991185846e-09,7.657080861063094e-08,4.330081437193141e-05,1.591197572708168e-09,6.189263935159014e-08,0.0008127015365076035,1.3850253927698978e-05,1.3545653258514932e-06,2.694936845744792e-05,3.6757098497556413e-06,3.822366941965929e-08,0.9611399085914399,0.010481233209309996,6.847150225039813e-05
21,1.3945447733176199e-05,9.238690996014353e-06,4.511768199294459e-05,0.0001368665975891687,0.00032289807062355736,0.03213467543662755,2.536622406874318e-07,2.5661545881549797e-09,9.159035588748959e-07,2.1642056237960503e-05,0.0005896005515391762,2.594824285868033e-09,1.0318179140792835e-07,5.812417900928201e-05,9.560107927098117e-10,9.32655954265236e-08,0.0005967577218162854,1.5388449285110115e-05,1.4152616527118264e-06,3.855374462713072e-05,4.27061410463953e-06,2.461977279160788e-08,0.9511580776994178,0.01478796868154558,6.406236525292255e-05
22,2.290473424683291e-05,5.740016299154448e-06,5.546473829531384e-05,9.531485809282229e-05,0.00041923359695395315,0.04104360041631829,2.0737540442746375e-07,2.3150019415157447e-09,7.808350132149797e-07,1.6297985600377876e-05,0.0008135590646824433,1.5394541744334154e-09,1.0265244926517068e-07,4.388511735446221e-05,1.2593212781017695e-09,6.360056110828243e-08,0.0014485813812351582,3.056631919132186e-05,1.350384415382221e-06,3.3532284403313945e-05,4.1076843032419185e-06,3.332182120859396e-08,0.9412474668830195,0.014617303014368997,9.989862219290145e-05
23,1.3413323320803077e-05,6.305497253904936e-06,4.0903139980418056e-05,8.770262769342211e-05,0.000352415592609852,0.02807230770755295,2.2384919944284774e-07,1.7626668528893002e-09,6.445723287437325e-07,1.4276368164768149e-05,0.0005857224235228789,1.6912382799922068e-09,7.997944930764118e-08,4.031680560939793e-05,9.437683059161724e-10,5.1116804373019325e-08,0.0007266231006848525,1.3459490714090936e-05,1.0668987312555963e-06,2.7752709967206655e-05,3.1283582346395305e-06,2.1021278630120577e-08,0.9585968727439977,0.01134164347543837,7.50647997894741e-05
24,1.046847626495618e-05,6.8563340882563425e-06,2.7454810479014232e-05,9.717913812785555e-05,0.00027832390318671994,0.02210605719532113,1.7769109824695003e-07,1.5467031730502458e-09,5.018129036456034e-07,1.5627725195821083e-05,0.00046182149909835185,1.6265450991694445e-09,6.901968586418777e-08,5.113020424797622e-05,6.379219181574291e-10,4.573423928664137e-08,0.0006619853404559321,1.2315678568441483e-05,8.837127374130818e-07,3.0972945293295694e-05,2.8121492612182135e-06,1.9376103752997474e-08,0.966339913316235,0.009834385665212945,6.099446102471569e-05
25,3.992717786657168e-06,2.9315181624485105e-06,1.8292147914016417e-05,8.338276304870243e-05,0.00020844626546548763,0.01473650045880978,1.5401523398825758e-07,2.3290053409402627e-09,2.72502380422757e-07,7.21903836373933e-06,0.0009006153624726191,1.3592287513076395e-09,3.7842411447329876e-08,5.064792291684094e-05,5.38412849600492e-10,3.6435164764601826e-08,0.00043199925740792334,6.967646108706574e-06,5.703436174625596e-07,1.987735841271895e-05,1.985588637688752e-06,1.8282490446237827e-08,0.9758167649562501,0.0076816941769241795,2.7589173372717783e-05
26,6.966277066325716e-08,3.27770277312226e-05,3.941030356551374e-06,0.00042845571943414144,0.0005566539968843328,0.007335083702856108,1.2279591287126453e-05,1.776393299919748e-07,5.19055191618793e-07,7.895765277419801e-05,0.0016167596262471676,6.195047647635512e-08,9.388046073654292e-09,0.008129459765257457,1.2266777908342645e-06,7.954841388472652e-07,0.0006158102111017379,3.56338158929281e-06,5.723725672202643e-07,2.841540345703936e-05,5.1651188800937975e-05,3.4228052232257475e-06,0.979581697377135,1.7320142490642177e-05,0.0015003191470619414
27,1.2891327516916546e-05,6.443477366970269e-06,3.911873074339516e-05,9.467599195001712e-05,0.00033878431069081695,0.030198973496432264,2.136291138692173e-07,2.148933833983783e-09,7.293282875589097e-07,1.3747038561953468e-05,0.0007366891210916792,1.8177332963708175e-09,8.160249292214264e-08,4.3002016603909375e-05,1.2023116813744807e-09,5.955380005810902e-08,0.0008490431851545289,1.527037562939034e-05,1.312703563061395e-06,2.7777085944279425e-05,3.507167582294584e-06,3.111736470311938e-08,0.9549923955862171,0.012555099320306252,7.014866460720635e-05
28,1.3413323320803077e-05,6.305497253904936e-06,4.0903139980418056e-05,8.770262769342211e-05,0.000352415592609852,0.02807230770755295,2.2384919944284774e-07,1.7626668528893002e-09,6.445723287437325e-07,1.4276368164768149e-05,0.0005857224235228789,1.6912382799922068e-09,7.997944930764118e-08,4.031680560939793e-05,9.437683059161724e-10,5.1116804373019325e-08,0.0007266231006848525,1.3459490714090936e-05,1.0668987312555963e-06,2.7752709967206655e-05,3.1283582346395305e-06,2.1021278630120577e-08,0.9585968727439977,0.01134164347543837,7.50647997894741e-05
29,1.3413323320803077e-05,6.305497253904936e-06,4.0903139980418056e-05,8.770262769342211e-05,0.000352415592609852,0.02807230770755295,2.2384919944284774e-07,1.7626668528893002e-09,6.445723287437325e-07,1.4276368164768149e-05,0.0005857224235228789,1.6912382799922068e-09,7.997944930764118e-08,4.031680560939793e-05,9.437683059161724e-10,5.1116804373019325e-08,0.0007266231006848525,1.3459490714090936e-05,1.0668987312555963e-06,2.7752709967206655e-05,3.1283582346395305e-06,2.1021278630120577e-08,0.9585968727439977,0.01134164347543837,7.50647997894741e-05
30,1.3413323320803077e-05,6.305497253904936e-06,4.0903139980418056e-05,8.770262769342211e-05,0.000352415592609852,0.02807230770755295,2.2384919944284774e-07,1.7626668528893002e-09,6.445723287437325e-07,1.4276368164768149e-05,0.0005857224235228789,1.6912382799922068e-09,7.997944930764118e-08,4.031680560939793e-05,9.437683059161724e-10,5.1116804373019325e-08,0.0007266231006848525,1.3459490714090936e-05,1.0668987312555963e-06,2.7752709967206655e-05,3.1283582346395305e-06,2.1021278630120577e-08,0.9585968727439977,0.01134164347543837,7.50647997894741e-05
31,2.4578843100209947e-05,6.504775992593068e-06,7.593410345897806e-05,8.559702952707977e-05,0.0003287579824083219,0.02474743727332844,3.2299209253238506e-07,2.541565190676259e-09,5.79899921530568e-07,2.0573651956254717e-05,0.0005052588042419216,2.0883719225792006e-09,9.022363918245126e-08,4.100218699223026e-05,8.166962074861723e-10,4.3973020685143576e-08,0.0006247729953306979,1.8371956692608618e-05,1.1914107924786642e-06,2.9392990027045265e-05,3.1058655649594594e-06,1.767760386295392e-08,0.9614685526745186,0.0119288138913393,8.909335181749061e-05
32,1.5282130515055588e-05,6.9489474180198895e-06,4.419260971654258e-05,8.825611848875836e-05,0.0003615479513594872,0.03005558276521007,2.409450623981121e-07,1.9530729597069263e-09,7.191922891689224e-07,1.5493647736596065e-05,0.0006199092394385803,1.8849085113946555e-09,8.622350926080131e-08,4.1322046013338534e-05,1.0696986153879205e-09,5.5845741812386126e-08,0.0007508396222103,1.4640048585652032e-05,1.307884965501041e-06,2.8646654606549135e-05,3.3224409374217346e-06,2.3797288207878462e-08,0.9553253702395915,0.012547960833931102,7.824590770462516e-05
33,3.183469806744854e-06,2.149082937093978e-06,1.1367966990490749e-05,7.745615383720186e-05,0.00015217268791896797,0.015590477743757044,1.0200372075475643e-07,1.8565443910596198e-09,2.0851792623036e-07,9.432553986500247e-06,0.000553269240127146,1.2122682629118512e-09,6.200341470817612e-08,4.716546599448626e-05,3.5356366773640653e-10,4.805996683502899e-08,0.0008026978495077528,7.963104654353954e-06,6.216303017964613e-07,2.5031744619670588e-05,2.183053753780172e-06,2.7611649042966342e-08,0.9741144969460651,0.008575591747343776,2.428793934432058e-05
34,3.3857432274834205e-05,1.10822326840172e-05,8.057845820275148e-05,0.00010036851641097938,0.0005479571365179421,0.04475996143123184,3.619163574040528e-07,2.770803031995103e-09,1.5417812553231196e-06,1.7220605314453117e-05,0.0008883401472470453,3.1083529169901153e-09,1.4391669406204284e-07,4.727965922361333e-05,1.7965685264705783e-09,7.952942947296774e-08,0.0009171271724686335,2.2737054029557757e-05,2.5676317537491173e-06,3.3498976170576166e-05,4.36185812018093e-06,3.203360131019169e-08,0.9318685147536633,0.020552583169748055,0.00010979691187637178
35,0.00011676412338595873,1.25342148661883e-05,0.00016522721380868877,0.00015951485106666823,0.0005842447777415495,0.05056039755642934,4.944328260081663e-07,4.199153126492376e-09,2.558154789011216e-06,3.0300025656561028e-05,0.0007874747372186434,4.681658541291508e-09,3.073487891440072e-07,4.8935627257349704e-05,1.2487575250638807e-09,8.095730633166291e-08,0.0019908814362888756,0.0001061368451764536,3.529951453279574e-06,4.241315221223169e-05,1.016001917225872e-05,4.950107885000613e-08,0.9096118928791137,0.03559593880062328,0.0001701532641703842
36,1.6720199559856354e-05,6.9789001499216386e-06,4.6048994711454674e-05,9.65938494672369e-05,0.0003804300857567288,0.027352691707171556,2.726306379122749e-07,2.7331332470717797e-09,7.802811193748237e-07,1.4019584621304006e-05,0.0007402528918221637,2.848310168621719e-09,1.3135765676267712e-07,5.0720269898896285e-05,1.2962653207724948e-09,6.678122939521327e-08,0.00100888057192767,1.597649574240356e-05,1.56640469213936e-06,3.237016330893701e-05,3.6933404250290633e-06,3.3608619363322065e-08,0.9576360278846873,0.012508946321939756,8.679079714618898e-05
37,1.9946211771705856e-05,5.6977380787150465e-06,4.995213692062568e-05,8.21769512618411e-05,0.0002483564933980113,0.019291943889142144,2.0893682409884002e-07,1.1744106823821979e-09,5.043691674147905e-07,1.7659630699535114e-05,0.000385194920818345,1.5815141197540209e-09,7.707920575807511e-08,2.6111649462140217e-05,4.136955919110795e-10,3.266832775210667e-08,0.0005360640475878776,1.625173525279311e-05,9.155281643248692e-07,2.678845434706039e-05,2.6611040566726425e-06,1.392877779384536e-08,0.962981048304921,0.01624612563143941,6.226542075476527e-05
38,1.737951263105099e-05,7.2603074089445395e-06,5.20722803547473e-05,8.63724639757675e-05,0.0004130124994997043,0.03530488389573214,2.651444126060724e-07,1.8912618817584107e-09,7.98859527590953e-07,1.6427608181679782e-05,0.0006276817612150841,1.7964574715593582e-09,8.854996976018772e-08,4.037019735730159e-05,1.1892625244158575e-09,6.072790945041471e-08,0.0006965867494896949,1.4896294097593637e-05,1.3273500937190786e-06,2.855536258967781e-05,3.217441904907796e-06,2.0992224174366353e-08,0.9494020273297663,0.01320000865301777,8.668114165820912e-05
39,1.8717761447865258e-05,4.191922675361887e-06,9.239737057597536e-05,0.00012097802519516845,0.0003261546045817303,0.07007327151801292,2.695450273872045e-07,3.7420493425584596e-09,9.344279048833053e-07,2.1632441886398812e-05,0.0007194144187816059,2.057035771061513e-09,1.597217066315764e-07,3.4266462577381375e-05,1.6269554996313785e-09,1.1446907860677857e-07,0.0013597222302119789,2.6447865063332324e-05,1.8657887156145406e-06,3.304973364518856e-05,6.456403777465241e-06,3.579404257939191e-08,0.9095468803855135,0.01751624761851601,9.678406502196755e-05
40,1.2684427500320618e-05,6.0329114051584875e-06,3.827409464424629e-05,8.913381566484201e-05,0.00033728688771198596,0.02745303451104852,2.0937475820815533e-07,1.728234473520339e-09,6.14036707536071e-07,1.428904357061121e-05,0.0005716479934355389,1.6079592350275436e-09,7.780837855080881e-08,3.9560538711801426e-05,8.756978260906998e-10,5.120884003425787e-08,0.0007379433512253171,1.356368724293971e-05,1.0266686794878904e-06,2.8475522264920714e-05,3.1236436366130553e-06,2.0824788818755604e-08,0.9591618679891908,0.011420375098639931,7.070235006206525e-05
41,6.689622047932877e-05,1.6778929159019593e-05,0.00016413769512657652,0.00011477581700458841,0.0025336505307785523,0.07399817278685876,7.249641189069389e-07,3.390956405636774e-09,4.461812026210767e-06,1.3589527705483653e-05,0.001262696404513319,3.51970743657151e-09,3.1991612085170256e-07,4.833645697187606e-05,5.030656318432237e-09,1.9560875305120372e-07,0.0010822706029083883,2.4465669721492155e-05,2.0248602631222457e-06,6.254018589838705e-05,4.087668875237258e-06,2.0684145905389013e-08,0.8972427597567268,0.02314228904530353,0.00021479291522027855
42,1.1249708831243274e-05,5.663407121922952e-06,5.0175402991906996e-05,0.00013122073489120096,0.00019893805384868694,0.03848767350357203,2.125868483717577e-07,4.384947830324326e-09,7.889128336431401e-07,2.142826742065477e-05,0.0007660791865753431,2.7987104916208687e-09,1.206093798789453e-07,3.562932984973379e-05,1.5886891961876647e-09,1.25433502768213e-07,0.001006950491469854,1.7598723611671613e-05,2.6708490725562644e-06,3.582314781577319e-05,5.583359260121018e-06,5.863677666641315e-08,0.9407229228849412,0.018444899650057474,5.4178346979746105e-05
43,2.25541535305404e-05,7.889805039606026e-06,5.52301275243876e-05,7.942856147843764e-05,0.0006071646173524387,0.021527612237465125,3.1068525960877485e-07,1.6267856292379635e-09,9.611551502117044e-07,5.707280484043818e-06,0.0010338636250449128,2.9236126073431797e-09,1.071127757024061e-07,4.491003139965862e-05,1.2394326365798531e-09,3.686194038121201e-08,0.0006563217796650536,1.0553564380239812e-05,1.0818100445972154e-06,2.241393787708873e-05,2.166217456183793e-06,1.6279166176551487e-08,0.9633774036703415,0.012447226628686409,9.703406810696707e-05
44,1.3413323320803077e-05,6.305497253904936e-06,4.0903139980418056e-05,8.770262769342211e-05,0.000352415592609852,0.02807230770755295,2.2384919944284774e-07,1.7626668528893002e-09,6.445723287437325e-07,1.4276368164768149e-05,0.0005857224235228789,1.6912382799922068e-09,7.997944930764118e-08,4.031680560939793e-05,9.437683059161724e-10,5.1116804373019325e-08,0.0007266231006848525,1.3459490714090936e-05,1.0668987312555963e-06,2.7752709967206655e-05,3.1283582346395305e-06,2.1021278630120577e-08,0.9585968727439977,0.01134164347543837,7.50647997894741e-05
45,1.8350466681347452e-05,6.241364716258145e-06,8.63526048706711e-05,0.0001098143860057774,0.0005215697952007495,0.05779379295865959,3.470880168163795e-07,5.18525404739262e-09,1.2317604653000539e-06,1.5260414964228736e-05,0.001477646308704071,2.3410815587859717e-09,1.2838319573719563e-07,3.983069170333985e-05,3.355975673788518e-09,1.5452994616191594e-07,0.0008572494944220723,1.824476291000124e-05,2.4231275055162288e-06,3.842309421885274e-05,3.621376710399061e-06,3.801976285466253e-08,0.9188669496419833,0.02006472347428356,7.759537276216004e-05
46,7.713696619117634e-06,3.1104564736822902e-06,2.6790858362106178e-05,9.687406142761275e-05,0.00019515393347370057,0.02476307802901467,1.2016985035653838e-07,1.6833339223383938e-09,3.751695904235289e-07,9.969030009949404e-06,0.0005787131146823435,1.55129202461157e-09,9.706984569122579e-08,3.6773336942867706e-05,7.141663907324092e-10,4.730388994257888e-08,0.001444433022351039,1.3477486994437643e-05,8.521720899574126e-07,2.760903772593038e-05,3.4306247990191053e-06,3.4548830368325977e-08,0.9624506857666689,0.010281648194426786,5.900896713873683e-05
47,3.393540035639312e-05,9.924919210422584e-06,6.252758392023255e-05,0.00010184295765671146,0.00044814168920755305,0.03252343127909028,2.993187829172565e-07,1.8843814043826627e-09,1.1893367719887402e-06,2.07767624103068e-05,0.0005016334830550755,3.5024239994815427e-09,2.2505768259072744e-07,3.814135649429199e-05,1.2510514060034715e-09,8.514158447911813e-08,0.0014153264748168245,2.3665413707727748e-05,2.136869865071688e-06,4.109230013842836e-05,5.31698767388651e-06,3.751159103895577e-08,0.9453934025819652,0.01924650351075048,0.00013035742541108692
48,1.2526520746823374e-05,6.783406097774468e-06,3.524307132774334e-05,8.068800427139676e-05,0.0002989169121343941,0.029315989452621496,2.138723869462664e-07,1.8006350480899787e-09,6.144425664799505e-07,1.6254196355328407e-05,0.0005927853689139932,1.7589731172537389e-09,7.518766483784883e-08,4.052198918012967e-05,9.147724924137704e-10,5.401712370636341e-08,0.0007050265597557425,1.2532847046167751e-05,1.5013843132814497e-06,2.7004409836190515e-05,3.008257482235924e-06,2.5104733587770528e-08,0.9556342521728017,0.0131523795431843,6.359880507522958e-05
49,1.0608981029672654e-05,5.2315573559731295e-06,4.183614976788721e-05,9.245693325663444e-05,0.0002347527541303343,0.024497133890590654,1.9483327245752799e-07,1.5711008780733163e-09,5.069010459929657e-07,1.4128042555860653e-05,0.0004888947602366586,1.6941272304570604e-09,7.120052858164007e-08,3.631114441659898e-05,7.217665433259071e-10,4.139675479399637e-08,0.0005788738783512147,1.1398151408538601e-05,8.750350165587038e-07,2.3344699407709464e-05,3.0291781124636433e-06,1.8967636831692603e-08,0.9634342546525443,0.010461149369548905,6.488353603659324e-05
50,8.603293631845684e-06,4.801085274232796e-06,2.7583109328799445e-05,4.76452227433084e-05,0.00027929308708661966,0.012175727829154707,3.341060191603997e-07,1.7093847026205346e-09,2.1870151589980382e-07,1.9391601448535278e-05,0.0003204671816031279,1.4753991626263157e-09,4.940006634754327e-08,4.0094076110294546e-05,6.104224713776419e-10,2.543433011332027e-08,0.0004111324400181028,7.285937004463575e-06,6.877795553680907e-07,1.896494698458282e-05,1.9664149941908178e-06,1.3240499118324724e-08,0.981926977314272,0.004632549663187555,7.618433996528296e-05
51,1.362034501330147e-05,2.0466194463190397e-05,3.40061222784658e-05,0.00016244004122861001,0.0001828186465578169,0.018789965999315945,2.0538373532307205e-07,2.5964063753287466e-09,7.910879071075738e-07,1.9628433678555157e-05,0.0006141115946571322,3.081022631975298e-09,4.60070005026786e-08,8.197268243020426e-05,1.0568442217018187e-09,3.584671514530661e-08,0.0006630899650553446,1.536312047535068e-05,2.0412462175285823e-06,2.7487720613875157e-05,4.339204550577313e-06,4.862701390457632e-08,0.9693313635827318,0.009972827708593935,6.332370549340419e-05
52,1.5685194727074502e-05,6.435642094078351e-06,4.54408920563282e-05,9.110581031398162e-05,0.00039271540866925867,0.03624656792408262,2.242673792061271e-07,2.040404954880792e-09,7.417057595117058e-07,1.5747122229194424e-05,0.0006889732735729557,1.601571467137602e-09,8.609919558079727e-08,4.524424192923621e-05,1.1337200345839384e-09,6.103429225929353e-08,0.0008329868137703344,1.759294643460241e-05,1.2311549488864818e-06,3.0144461641627524e-05,3.279539155800051e-06,2.3508416651150558e-08,0.9488320284499444,0.012652097379857206,8.158235383275409e-05
53,9.57052927578968e-06,5.3364721657065045e-06,3.387006148140919e-05,7.574604369825891e-05,0.00034422664439116813,0.020727005596252,2.423537821675565e-07,1.6230902298251243e-09,5.012079715274289e-07,1.2111097081006027e-05,0.00055449147066871,1.5725609038063318e-09,6.51313886478178e-08,3.509469562798598e-05,8.482750064652484e-10,4.201123243707744e-08,0.0005453801164315692,9.304071101102229e-06,8.164899384962328e-07,2.3389292416353778e-05,2.595643878063888e-06,1.7077312199845306e-08,0.9685135035260494,0.009041998301910555,6.468812201922979e-05
54,2.442884267814986e-05,1.5434573406997826e-05,5.251334532227286e-05,8.125159273303237e-05,0.0005144700851296032,0.03187903256970515,3.330131372122597e-07,1.4723659230561331e-09,9.052285045277243e-07,2.0555541736675598e-05,0.00045539788439488997,2.289689285722202e-09,8.515332259674914e-08,5.976382337877979e-05,1.647735277958577e-09,4.9490504412537236e-08,0.0006423482421772737,1.2998768866548636e-05,1.4509287025605608e-06,2.7672750615426117e-05,3.062244559502006e-06,2.0130255891975097e-08,0.957411990746855,0.008638616669914483,0.00015761296430858197
55,5.998238803807759e-05,1.6265735120342712e-05,0.00011971209484263657,0.00018796900906213745,0.0006084227371731201,0.05178918848185298,4.671537395575832e-07,2.5151273493402554e-09,3.874731335993778e-06,1.8736015882923515e-05,0.0007643790872668845,7.3655538782494525e-09,4.215072186726422e-07,4.649797319538447e-05,1.5588628630507625e-09,1.128190680646493e-07,0.001147747487406432,3.8481180412502205e-05,3.270414815897866e-06,4.214979475843927e-05,8.438511261793307e-06,3.718010252857979e-08,0.9067629520610755,0.03823596339126193,0.000144918805564076
56,1.3886087973550686e-05,6.3358249008168545e-06,4.261259165230182e-05,8.974930852281791e-05,0.0003488082041431592,0.027443403814982153,2.3943509933049594e-07,1.8725060830256833e-09,6.68302797040309e-07,1.426952375228504e-05,0.0005961867416603342,1.951595333684061e-09,9.051843670400272e-08,4.1156381170190596e-05,9.804344769782792e-10,5.241470174077988e-08,0.0007372338658707243,1.3461231423608227e-05,1.1331473876192989e-06,2.794873485518377e-05,3.240902974274419e-06,2.2373001271344594e-08,0.9588592778415566,0.011682925951456032,7.72919971464276e-05
57,1.4894862552629992e-05,7.241029710001622e-06,3.894756779355741e-05,9.379981687790102e-05,0.00031233264322304125,0.021394681066652946,2.484324329498298e-07,2.028495376315985e-09,6.75527140013656e-07,1.6701183953825745e-05,0.0004692054663133177,2.907154383698318e-09,1.4168874378809133e-07,4.0694897678697916e-05,9.197636539773884e-10,5.9420329581485916e-08,0.0009869310254035748,1.3547666863894288e-05,1.4193518400734953e-06,3.505670022359626e-05,3.784337386775712e-06,3.0679413738495756e-08,0.9646339739977277,0.01185186592677915,8.376085554572348e-05
58,1.4725784492726789e-05,5.916741488753843e-06,4.53344562955292e-05,8.76418500830559e-05,0.00033169787994706133,0.027860867563455467,2.3670985505612214e-07,1.7845837459405142e-09,7.080768188159318e-07,1.3137734115262469e-05,0.0006343236320078112,2.0284697029892637e-09,9.161885494289133e-08,3.551733338350972e-05,8.828690446298755e-10,5.2758273263377814e-08,0.0006336914661984827,1.3072999398871773e-05,1.2288844533260224e-06,2.602199078334137e-05,3.1396208852073882e-06,2.0665529726575462e-08,0.9554606826086907,0.014764870789545104,6.701413952159146e-05
59,1.350868165953564e-05,5.663537424650606e-06,4.7589811354947184e-05,8.805167456939207e-05,0.00030993359586795174,0.02748235897533249,2.218759349446172e-07,1.7046536157242996e-09,6.638591320771498e-07,1.3492578371215183e-05,0.0005932064111717767,1.7437189050380371e-09,7.869399365409284e-08,3.150289727237146e-05,8.570623258549055e-10,5.1254861921136224e-08,0.0005768210475924691,1.2148666968053692e-05,1.092655314643465e-06,2.6152731560736142e-05,3.017649977124978e-06,1.892899303451997e-08,0.9565422019775174,0.014189434493389202,6.27836963056683e-05
60,1.3413323320803077e-05,6.305497253904936e-06,4.0903139980418056e-05,8.770262769342211e-05,0.000352415592609852,0.02807230770755295,2.2384919944284774e-07,1.7626668528893002e-09,6.445723287437325e-07,1.4276368164768149e-05,0.0005857224235228789,1.6912382799922068e-09,7.997944930764118e-08,4.031680560939793e-05,9.437683059161724e-10,5.1116804373019325e-08,0.0007266231006848525,1.3459490714090936e-05,1.0668987312555963e-06,2.7752709967206655e-05,3.1283582346395305e-06,2.1021278630120577e-08,0.9585968727439977,0.01134164347543837,7.50647997894741e-05
61,1.3863428177263933e-05,5.791437121790721e-06,4.747746240108029e-05,8.796355488046042e-05,0.00032305068738812067,0.02724588359302173,2.34074684746444e-07,1.78109387140196e-09,6.683374673756512e-07,1.3841081387169597e-05,0.0005958257620749702,1.8215536952978762e-09,8.30634423691824e-08,3.3039547167009286e-05,8.947626538605847e-10,5.159130111051609e-08,0.0006028539277347833,1.2617903148661594e-05,1.1090108576525785e-06,2.6615647804400015e-05,3.0838530672272453e-06,1.9645441393102323e-08,0.9571507985230118,0.013768823079711693,6.630029129687879e-05
62,1.3413323320803077e-05,6.305497253904936e-06,4.0903139980418056e-05,8.770262769342211e-05,0.000352415592609852,0.02807230770755295,2.2384919944284774e-07,1.7626668528893002e-09,6.445723287437325e-07,1.4276368164768149e-05,0.0005857224235228789,1.6912382799922068e-09,7.997944930764118e-08,4.031680560939793e-05,9.437683059161724e-10,5.1116804373019325e-08,0.0007266231006848525,1.3459490714090936e-05,1.0668987312555963e-06,2.7752709967206655e-05,3.1283582346395305e-06,2.1021278630120577e-08,0.9585968727439977,0.01134164347543837,7.50647997894741e-05
63,1.395421284880839e-05,7.325885674061422e-06,4.104997650163391e-05,8.760764079526702e-05,0.00035563029894816853,0.02685518028918394,2.3537836545957343e-07,1.7415302582695224e-09,6.664857788512252e-07,1.5263379464665666e-05,0.0005594774214250848,1.7922142113923684e-09,7.646702792807151e-08,4.1032268051186603e-05,1.0107409750922582e-09,5.057204988679233e-08,0.000694111715834327,1.290695402195445e-05,1.134009222965378e-06,2.796649501403864e-05,3.171798209080093e-06,2.1912380452895573e-08,0.9601626515262343,0.011042449994484206,7.803077399818808e-05
64,1.202198515994628e-05,6.327629602910896e-06,3.957651779271712e-05,9.267328001334457e-05,0.0003068252242161739,0.026401596476097307,2.2586361245666128e-07,1.6952325881350925e-09,6.164346190292411e-07,1.546567008491719e-05,0.0005120738985438932,1.810036221641497e-09,7.823128044063118e-08,3.95051942489693e-05,8.803726420205466e-10,4.873024556205556e-08,0.0006876864970336304,1.2845008802167245e-05,1.0123194398138607e-06,2.5962132992766373e-05,3.618156380928036e-06,2.200532990502398e-08,0.9610789992701745,0.010688341127384418,7.447396130290031e-05
65,1.1735178335820727e-05,5.934204687911504e-06,3.8203041949306564e-05,8.492485816031931e-05,0.0003208534396886433,0.02591925889217269,2.17530544449388e-07,1.7080580069605553e-09,5.409358022993042e-07,1.4947498726339634e-05,0.0005276105219435957,1.5373919124529067e-09,6.958482307755561e-08,3.989641052110766e-05,8.66099011899732e-10,4.6336810675823745e-08,0.0006680142095878609,1.2309255584241237e-05,9.4295789149211e-07,2.6661207676315043e-05,2.9927360355606716e-06,1.934735264526372e-08,0.9623626955795124,0.009889715860772665,7.240629987158358e-05
66,1.9662114093785576e-05,4.419875757175048e-06,6.90207895002339e-05,7.094218151348256e-05,0.0004296265655329082,0.03898890111765208,2.2240670298892025e-07,1.221879690642013e-09,7.031086734697743e-07,2.1043773126347483e-05,0.0004015331715247369,1.0874147068778446e-09,1.000219982390524e-07,1.634622990774344e-05,7.972304337947394e-10,6.39803789177197e-08,0.0006962868469511807,1.6095513618049724e-05,9.150475285855386e-07,3.861622323261381e-05,3.3850804821684246e-06,1.2427086804183832e-08,0.9402866754881983,0.018852728352079497,8.269657793586722e-05
67,3.7714104735533816e-05,1.7097000208994594e-05,7.323494322693888e-05,8.695394831305407e-05,0.0007744975742558435,0.029980758089636725,5.124314120094691e-07,2.8281293508105076e-09,1.6659245480320014e-06,1.775947526914408e-05,0.0009207064268258716,3.3771863653128317e-09,1.150092692759393e-07,4.373927859845046e-05,2.347307480328977e-09,7.003208214682576e-08,0.0009189627864718689,2.029283810890782e-05,2.796512726052016e-06,3.2472023263069636e-05,4.408886625065298e-06,3.828436103949461e-08,0.9502952270984476,0.016644537181790802,0.00012643159720057888
68,1.098676122670877e-05,3.9033322668665125e-06,5.35301277543306e-05,0.00012352611271166208,0.00010375968061190296,0.01665846176192139,1.2829736466964183e-07,1.027120560336002e-09,3.8850131789121893e-07,1.4243999751533906e-05,0.0002618062527202881,1.473755586956667e-09,4.967976908273016e-08,2.5577741903494296e-05,1.8040850666879399e-10,2.1578529086480317e-08,0.0003794775246897157,1.291501495667951e-05,4.889799626449342e-07,1.7370838079814167e-05,3.890510025837565e-06,1.0924437682720997e-08,0.9701323895887051,0.012156916661653965,4.015344835517579e-05
69,1.0178687620915599e-05,5.309746123891943e-06,3.6844577850040815e-05,8.440967010225837e-05,0.0002975474764859071,0.024362813267100172,2.0392176148367418e-07,1.6728816940070713e-09,5.3242383557562e-07,1.2632186785485096e-05,0.0005728267202686272,1.543267706611136e-09,6.445529080125685e-08,3.5050574473228155e-05,8.296928402932357e-10,4.6587945303134304e-08,0.0005615121235228427,1.0381173886823835e-05,9.070188153690958e-07,2.512794463190583e-05,2.790286358512736e-06,1.811943071315189e-08,0.9630743839411209,0.010846902346925527,5.9512703821534184e-05
70,1.6007545374105164e-05,6.421199090802152e-06,5.036059754000822e-05,0.00010067772885731982,0.0003976810667498074,0.02892662455917994,2.338226133183466e-07,2.1933186335089493e-09,6.753658293628134e-07,1.5399551673283674e-05,0.0005782423396088641,1.7733221043142234e-09,1.0132036086893438e-07,4.745306149656143e-05,1.0227333736726595e-09,5.8574323349258206e-08,0.0009100424684754546,1.641381698305246e-05,9.557529164682916e-07,3.581964111104833e-05,3.170234172192566e-06,2.136165086886555e-08,0.9585097597616037,0.010294915282775477,8.895995823986152e-05
71,7.842372649652927e-06,6.700396481146218e-06,1.996604000005951e-05,6.84112320924982e-05,0.00041846264784228435,0.012590571549074262,2.016883859943473e-07,1.1353964509213565e-09,4.0189978512735864e-07,1.4577812815082459e-05,0.0002789378542953769,1.258561667260921e-09,6.253968778492965e-08,3.213245010995429e-05,5.551013320544992e-10,4.442322939614863e-08,0.0004527982450174049,6.0804274181058685e-06,5.17097180162856e-07,4.111571648181026e-05,2.007438402756272e-06,1.0078102363577422e-08,0.9790871713352001,0.006914181371647462,5.780243504179459e-05
