,0,1,2,3,4,5,6,7,8,9,10,11,12,13,14,15,16,17,18,19,20,21,22,23,24
0,0.18793046507740366,2.0104278133153538e-08,5.146617089084985e-06,1.2281178580185531e-06,4.916265492245493e-05,6.420879908087329e-06,0.0038025003243824652,5.70135115564699e-06,0.0013798254665790528,0.06170261398864925,2.649313800250389e-06,1.5780641874526527e-06,4.4674245338637264e-07,9.757301506024938e-05,1.6305907446455037e-06,3.391459013158896e-07,0.25969000493858374,2.127383387523939e-06,3.939170670342504e-05,2.4268534413081816e-07,2.5843602659765306e-05,6.86428011319989e-06,0.3046582770506206,0.12706155376401984,0.05352839313419458
1,0.16369883471786728,4.737286599400345e-08,6.930312078812368e-06,1.1428844842704688e-06,7.306297380774732e-05,8.75868631913318e-06,0.004168745677672882,3.97366848103365e-06,0.0013472395315021386,0.04986681664265844,3.3229686794598607e-06,3.475133723254745e-06,2.8500444597580594e-07,0.00018667470213023786,2.6531640438957195e-06,3.115429626668195e-07,0.23571590514096,1.8690481888201254e-06,4.743854490691558e-05,2.0456138667427936e-07,3.1933040007744826e-05,1.3402991237773348e-05,0.2997073651366342,0.12839708054709523,0.11671252600585937
2,0.12613445626493683,5.1078546104099295e-08,5.8250108396113335e-06,1.0106818701304829e-06,7.325481635619721e-05,6.831434720936689e-06,0.003735768180620093,4.238928796776977e-06,0.0012066395645667894,0.04260276926182571,4.793642608631721e-06,4.767782014225884e-06,2.3250971841228364e-07,0.000294377219254232,4.66798316548408e-06,2.130548329558172e-07,0.18291119414048487,2.245995774570588e-06,2.7431560392782256e-05,2.7262036952739895e-07,3.789787154158715e-05,1.144343557925909e-05,0.37825364661172933,0.10836656094499175,0.15630940940446308
3,0.12295518339584009,4.8701719218354044e-08,5.0668542396190475e-06,1.0202536082623188e-06,5.820711470606296e-05,8.268566886064684e-06,0.004296681353391907,3.4559957810573694e-06,0.0008978420183903714,0.03695239721350042,3.1194167855138224e-06,4.154298569543352e-06,2.3933091050573085e-07,0.00024903809193341236,3.1312468317549473e-06,2.722147717642453e-07,0.23218795630149316,2.4218786415651814e-06,3.590412496925941e-05,2.007870021410419e-07,3.588462415058326e-05,1.3995373076056272e-05,0.33135783314889306,0.1426945643634067,0.12823311333050197
4,0.12754449298312193,4.732822916168479e-08,5.217240813314031e-06,1.0359628495523425e-06,5.842942166757116e-05,8.23522262787615e-06,0.004337556528417097,3.4615460773580196e-06,0.0008271087468540392,0.03613710061704902,3.0383585902245797e-06,4.107883026361514e-06,2.744586055878152e-07,0.0002656353234058383,2.958554993139633e-06,2.970770304811783e-07,0.23198812003937608,2.5949111806238845e-06,3.788365884140512e-05,2.1441588700139233e-07,3.534505563485596e-05,1.3082636039928102e-05,0.32557458108977816,0.15377239133538256,0.11937678960452064
5,0.11917335940558137,5.271657086547289e-08,4.429529608663761e-06,1.1447923337444707e-06,5.452633773336972e-05,9.006462824249198e-06,0.004120398705024208,3.5991186755622267e-06,0.0008451166667882911,0.03470479072145821,3.0343782241042942e-06,3.8382044659288304e-06,2.619655703525791e-07,0.00025271901956274887,3.219150149346236e-06,2.9938975022261416e-07,0.23233905706381364,3.099604912270793e-06,3.9210844187399725e-05,2.0807017963576604e-07,3.6029690051459235e-05,1.4055212825235036e-05,0.34299065377265436,0.14848393046456007,0.11691395871249471
6,0.12295518339584009,4.8701719218354044e-08,5.0668542396190475e-06,1.0202536082623188e-06,5.820711470606296e-05,8.268566886064684e-06,0.004296681353391907,3.4559957810573694e-06,0.0008978420183903714,0.03695239721350042,3.1194167855138224e-06,4.154298569543352e-06,2.3933091050573085e-07,0.00024903809193341236,3.1312468317549473e-06,2.722147717642453e-07,0.23218795630149316,2.4218786415651814e-06,3.590412496925941e-05,2.007870021410419e-07,3.588462415058326e-05,1.3995373076056272e-05,0.33135783314889306,0.1426945643634067,0.12823311333050197
7,0.2541033048827878,3.3738990457279146e-08,1.0391641123020139e-05,1.2320573654413442e-06,7.356699665765229e-05,5.374244654027755e-06,0.005659037835334968,5.615648538553029e-06,0.0009693319046067206,0.058136362199581695,4.161444516487242e-06,3.3293397487235027e-06,4.747231013548367e-07,0.00019211121114934995,2.0171499206970877e-06,3.512391303346976e-07,0.26581642187288024,1.5990531199387577e-06,4.785843617397432e-05,2.546079476166622e-07,2.3428712372456858e-05,1.262994503864634e-05,0.18329875522070543,0.14435455944779296,0.0872777964467614
8,0.14382796553054733,4.49314773135591e-07,1.6337133828148876e-06,4.386359949448725e-06,0.0001887222763143023,5.976009276520492e-05,0.004381895721283306,1.2531911260117341e-05,0.0033617492975224405,0.029659319283382723,1.3951329283079167e-05,4.510449801238205e-06,3.739080126240451e-07,0.0002298245399865891,1.5265405683031477e-05,8.63026554976826e-07,0.41813931877932153,5.050610160341211e-05,0.00030679042447136207,2.886661849221317e-07,3.203420429363164e-05,9.567450872494956e-05,0.22345268488272443,0.04659524299665055,0.12956425727552298
9,0.14999685682423183,1.4000799679170137e-07,4.065261002682682e-06,3.1557292597310187e-06,0.00023492330593571348,4.343079020050701e-05,0.008692926821666275,1.0711971749309192e-05,0.0017929317589403951,0.030501775255183338,5.713761898400626e-06,5.304393792438248e-06,1.0372065760928671e-06,0.00018068590150904397,2.7908281821081483e-06,1.624921760974777e-06,0.588279221160067,2.2405814133413703e-05,0.00032082173713493685,3.861904618255919e-07,2.2548283825944885e-05,6.466796607540642e-05,0.08295806946610759,0.07684393885459133,0.060009865787716915
10,0.12295518339584009,4.8701719218354044e-08,5.0668542396190475e-06,1.0202536082623188e-06,5.820711470606296e-05,8.268566886064684e-06,0.004296681353391907,3.4559957810573694e-06,0.0008978420183903714,0.03695239721350042,3.1194167855138224e-06,4.154298569543352e-06,2.3933091050573085e-07,0.00024903809193341236,3.1312468317549473e-06,2.722147717642453e-07,0.23218795630149316,2.4218786415651814e-06,3.590412496925941e-05,2.007870021410419e-07,3.588462415058326e-05,1.3995373076056272e-05,0.33135783314889306,0.1426945643634067,0.12823311333050197
11,0.1270352034544434,4.486572439972564e-08,5.291131224215249e-06,9.99337029498486e-07,5.6265103235307866e-05,8.236400416304735e-06,0.0044995710354847574,3.762698009611641e-06,0.0008761010004322205,0.03813016724579669,2.953039197288712e-06,4.1258898655794634e-06,2.791176329558466e-07,0.00023678559404781435,2.907167410971357e-06,2.989747729623344e-07,0.24303452372650292,2.486479269611579e-06,3.750908589169968e-05,2.0878122715084918e-07,3.539397885513618e-05,1.362613855502861e-05,0.3164811999439632,0.15513230454112034,0.11439975526989085
12,0.03182600292458854,2.336728252731932e-08,1.7371536847492576e-06,4.103678374464407e-07,7.745456647370922e-05,5.296088112753284e-06,0.002467434549642739,3.7591267241330643e-07,0.0003560206851379236,0.010445987603690065,1.3371304676715084e-06,2.384641762701138e-06,8.270377598271116e-08,0.0005356690849958501,1.3645546031856726e-06,1.0046549014961454e-07,0.0913762986621567,2.2103861258947285e-06,9.67172758902583e-06,1.9222691291515437e-07,2.9123053702093037e-05,2.8161477121902287e-06,0.6016366050523666,0.09811739636467329,0.16310400457854304
13,0.16074299590296962,2.9129845112833282e-08,6.972901809895189e-06,1.1354544802407554e-06,5.57720625122253e-05,3.3102088170880264e-06,0.0040339376593648375,4.174356870242069e-06,0.0006808607710594096,0.03617967804414525,1.0072783213311258e-05,7.231521601822775e-06,2.5508101170507816e-07,0.0006083630639427899,5.88814438622962e-06,2.549101970876552e-07,0.18542115619182775,2.714882591541933e-06,1.68801050657615e-05,3.5436120028141914e-07,4.6801605681586924e-05,8.471840210187358e-06,0.3992982193919494,0.09011782977894439,0.12274663984630217
14,0.12080331863273419,2.1357185905049247e-07,8.66879716739487e-06,2.779167653619049e-06,0.00016354835896785947,2.1203863107480266e-05,0.0028341870928855132,3.228540173986522e-06,0.0012856321530385151,0.040853094576054384,8.624174908465062e-06,3.7424837332391732e-06,4.1128703916620224e-07,0.00031737982232008194,5.985708394164991e-06,5.210467762384699e-07,0.20331008523708355,7.378650124669475e-06,0.00011002182351709243,4.6344169233540707e-07,5.023111537451498e-05,2.2623564163348938e-05,0.40404279901112183,0.09375694975953938,0.1323869081205699
15,0.12295518339584009,4.8701719218354044e-08,5.0668542396190475e-06,1.0202536082623188e-06,5.820711470606296e-05,8.268566886064684e-06,0.004296681353391907,3.4559957810573694e-06,0.0008978420183903714,0.03695239721350042,3.1194167855138224e-06,4.154298569543352e-06,2.3933091050573085e-07,0.00024903809193341236,3.1312468317549473e-06,2.722147717642453e-07,0.23218795630149316,2.4218786415651814e-06,3.590412496925941e-05,2.007870021410419e-07,3.588462415058326e-05,1.3995373076056272e-05,0.33135783314889306,0.1426945643634067,0.12823311333050197
16,0.12647258257862276,3.3149777905599546e-08,6.253837553587543e-06,1.1960083459079352e-06,5.1409971627280066e-05,7.170836866427146e-06,0.004850095386204254,3.857344723021107e-06,0.0004882734730772037,0.033081821331320316,4.304498659015234e-06,7.013858863319123e-06,3.8811141743288233e-07,0.0004757180699418288,3.6918398682506393e-06,4.489817635682918e-07,0.23922620119754187,4.328782910654448e-06,3.288221728709079e-05,3.1845962752460756e-07,5.399791482400622e-05,1.1474627702922726e-05,0.3419462087537097,0.1675796145827767,0.08569071418498767
17,0.09133654319829437,7.333927227586551e-08,4.767744401374141e-06,1.0731344888372604e-06,5.419484169868871e-05,1.6427378384191567e-05,0.002916305673967731,3.800690296682414e-06,0.0011539969528152672,0.05409618609125361,2.710222962771022e-06,3.0907737659636848e-06,2.4379525718100956e-07,0.00015515813458119018,4.187822540690318e-06,3.220929185520678e-07,0.20718614393681667,3.355761837136015e-06,6.658990549769459e-05,1.9996425316121548e-07,3.78909715074382e-05,1.6359440149166396e-05,0.37873175604051207,0.15601340922067716,0.10819521287185006
18,0.13065756388099964,4.647108627069165e-08,8.003168184986536e-06,1.3069233328388886e-06,6.935202974947046e-05,1.1531112827805303e-05,0.00430625791895388,5.254522206411913e-06,0.0010171353483945055,0.05699534115431382,4.2077249647112365e-06,5.683014305827028e-06,3.768054277554287e-07,0.0002919529225223657,4.6613935978318e-06,4.44125298795144e-07,0.1836192544784353,3.0309122487010536e-06,4.462533969086459e-05,3.0576792254037255e-07,5.302033227063723e-05,1.1822184517626342e-05,0.3717108459957174,0.16147041104532314,0.08970756542770705
19,0.11987213430807858,3.400528632982169e-08,7.440328471308018e-06,9.225417450419633e-07,6.285330170404552e-05,9.555908822038353e-06,0.006184143032617585,4.4662379389018215e-06,0.0009780522835601672,0.05551626395837364,2.461906733914615e-06,4.641077581398122e-06,3.2872965613308526e-07,0.00016093046680629573,2.20944293327459e-06,3.3149456293658777e-07,0.2834846761751002,1.6816413333335339e-06,3.64861834255275e-05,2.2381610150008496e-07,3.737645323582648e-05,1.605102849340799e-05,0.2533951279626431,0.1790464693165777,0.10117513839821773
20,0.09763129317017659,9.954649258954129e-08,5.134565523686669e-06,1.2572302242929935e-06,4.23484966060182e-05,1.1426947475018861e-05,0.0037404727663214584,5.988568260864694e-06,0.000944508156979814,0.03566377956347231,4.081928777238558e-06,7.661698274006484e-06,2.2147479551552624e-07,0.0002575438442671014,7.4591149964934095e-06,3.204678753857016e-07,0.23746090940364667,3.54709211512918e-06,3.890799179234596e-05,1.979580662381776e-07,6.105470589827896e-05,2.9158102149401216e-05,0.3465294854261962,0.14085591677505566,0.1366972250045616
21,0.16779978231914192,4.4660376528674e-08,6.132998479727986e-06,1.4688960469039714e-06,6.544621863271608e-05,6.3787364432045404e-06,0.0038905002569228865,3.5094362493064175e-06,0.0007585128522355179,0.034470816849796984,6.133286031885617e-06,5.438972222189158e-06,2.80397505815048e-07,0.0005040785714190873,4.383034421570966e-06,3.5425064235652065e-07,0.197641753447553,3.2970987222156393e-06,3.375914885017857e-05,2.834446939235485e-07,4.3777264008601437e-05,1.0781160023396922e-05,0.3671169961664911,0.11039284054092079,0.1172332499921682
22,0.12704188568107894,3.1473948405797806e-08,5.692412470259124e-06,1.2405417157098785e-06,5.342413026157898e-05,5.892616462588218e-06,0.0039865075692654215,3.465512665469522e-06,0.000727450593678726,0.04381937886598586,5.123817978500985e-06,4.0677110597982765e-06,2.8686256744529227e-07,0.0002523617418750431,2.8718182743945985e-06,2.8770508124788824e-07,0.28484502834443776,3.037913333057423e-06,2.880495812910422e-05,2.9676123994413544e-07,3.789164874213621e-05,1.236324647106849e-05,0.3294397145617119,0.11031920922073273,0.09940368429083297
23,0.12295518339584009,4.8701719218354044e-08,5.0668542396190475e-06,1.0202536082623188e-06,5.820711470606296e-05,8.268566886064684e-06,0.004296681353391907,3.4559957810573694e-06,0.0008978420183903714,0.03695239721350042,3.1194167855138224e-06,4.154298569543352e-06,2.3933091050573085e-07,0.00024903809193341236,3.1312468317549473e-06,2.722147717642453e-07,0.23218795630149316,2.4218786415651814e-06,3.590412496925941e-05,2.007870021410419e-07,3.588462415058326e-05,1.3995373076056272e-05,0.33135783314889306,0.1426945643634067,0.12823311333050197
24,0.1315987834071154,6.408641305816906e-08,5.36053693904856e-06,1.3263652418620027e-06,7.50154983296704e-05,8.573877359621392e-06,0.004106045479819018,3.1004196204585807e-06,0.000874940855503461,0.03329265447614111,3.866960731677504e-06,4.392414035001741e-06,2.5422085048895487e-07,0.000322835044611823,3.2366999020542217e-06,2.9975854260092163e-07,0.22851912020077458,2.8417569713006034e-06,3.9482153939493896e-05,2.3301089217350896e-07,3.6163737969462495e-05,1.5099550664965787e-05,0.3287392411317647,0.12830385773108188,0.14404321062478495
25,0.18605709928836342,2.424316652901103e-08,7.309384943452935e-06,1.1145920792153847e-06,6.251980259576767e-05,3.706847548086982e-06,0.006131188640076284,5.254828998456201e-06,0.000733094981087439,0.04080144244872739,7.026077018644422e-06,5.613844537397266e-06,3.639757713155887e-07,0.00039787002381221737,3.4405893156140506e-06,2.9805565436456777e-07,0.25908995958126696,2.485464714146762e-06,2.1108926885842975e-05,3.3897701906924724e-07,3.5732682846138204e-05,9.904584535122195e-06,0.2869886727883927,0.11656861816673225,0.10306581120391216
26,0.12873261757467616,4.37293092480177e-07,3.249093829244861e-05,8.18510658413878e-06,0.0001262729172036021,9.132901305497748e-06,0.006057796274580739,1.3854145924649696e-05,0.0003643853846695811,0.04538309641183657,0.0001262361968381801,0.0003278552247071761,2.414958535592355e-07,0.0060356614864342855,8.703053357525033e-05,5.902986144451127e-07,0.11529645853989633,3.4892076151362573e-06,1.91978697343231e-05,8.500892719140414e-07,0.00015741394731466851,0.00016046677785898098,0.13948806595935634,0.04373701208848089,0.5138311613362827
27,0.12793927300531963,8.618031513725988e-08,4.537069874679176e-06,1.1631398099904304e-06,5.909378799522517e-05,9.710908862853882e-06,0.004060860198434042,4.255751215415987e-06,0.0013019864918435112,0.03671872070255001,3.5252383748735563e-06,4.1228179793869186e-06,1.8412740985986162e-07,0.00021168744317377926,4.3096933395304155e-06,2.4531769746728593e-07,0.23236340319164356,2.2488950756892347e-06,4.3467534334268024e-05,1.5631018540891742e-07,3.176307736862192e-05,2.2023608479891455e-05,0.304473067335528,0.11840230539623012,0.17433780277695915
28,0.12295518339584009,4.8701719218354044e-08,5.0668542396190475e-06,1.0202536082623188e-06,5.820711470606296e-05,8.268566886064684e-06,0.004296681353391907,3.4559957810573694e-06,0.0008978420183903714,0.03695239721350042,3.1194167855138224e-06,4.154298569543352e-06,2.3933091050573085e-07,0.00024903809193341236,3.1312468317549473e-06,2.722147717642453e-07,0.23218795630149316,2.4218786415651814e-06,3.590412496925941e-05,2.007870021410419e-07,3.588462415058326e-05,1.3995373076056272e-05,0.33135783314889306,0.1426945643634067,0.12823311333050197
29,0.12295518339584009,4.8701719218354044e-08,5.0668542396190475e-06,1.0202536082623188e-06,5.820711470606296e-05,8.268566886064684e-06,0.004296681353391907,3.4559957810573694e-06,0.0008978420183903714,0.03695239721350042,3.1194167855138224e-06,4.154298569543352e-06,2.3933091050573085e-07,0.00024903809193341236,3.1312468317549473e-06,2.722147717642453e-07,0.23218795630149316,2.4218786415651814e-06,3.590412496925941e-05,2.007870021410419e-07,3.588462415058326e-05,1.3995373076056272e-05,0.33135783314889306,0.1426945643634067,0.12823311333050197
30,0.12295518339584009,4.8701719218354044e-08,5.0668542396190475e-06,1.0202536082623188e-06,5.820711470606296e-05,8.268566886064684e-06,0.004296681353391907,3.4559957810573694e-06,0.0008978420183903714,0.03695239721350042,3.1194167855138224e-06,4.154298569543352e-06,2.3933091050573085e-07,0.00024903809193341236,3.1312468317549473e-06,2.722147717642453e-07,0.23218795630149316,2.4218786415651814e-06,3.590412496925941e-05,2.007870021410419e-07,3.588462415058326e-05,1.3995373076056272e-05,0.33135783314889306,0.1426945643634067,0.12823311333050197
31,0.18208191868040566,4.06903065589795e-08,7.749976404786274e-06,9.785582507133642e-07,4.784703534923673e-05,5.8720693457772986e-06,0.004273323098809488,6.648349676521272e-06,0.0008092210504147957,0.03433796679946198,2.9228518622270464e-06,4.7266033546597615e-06,4.294645990805203e-07,0.00021444764347914363,2.914449269999633e-06,3.7941202506453244e-07,0.27927592278816515,2.495572076267291e-06,4.275035850394018e-05,2.178581355043625e-07,4.06420090476832e-05,1.3027877821894498e-05,0.24722568575915607,0.17083537812329663,0.08076649292078113
32,0.12704934993542083,5.3246941119959636e-08,5.133346718754949e-06,1.0536603624796116e-06,5.7437402949668816e-05,8.859477586177243e-06,0.004034938356223059,3.49408349866838e-06,0.0008901178358292764,0.03620470249894947,2.9058122253303653e-06,3.971018479442449e-06,2.6033299721243896e-07,0.00023643717170208377,2.9740615813032834e-06,2.93675227293897e-07,0.2392673546829821,2.5801980532112313e-06,4.193005586161718e-05,1.9663655809387486e-07,3.515868128904019e-05,1.4540095489546684e-05,0.32066857271793253,0.14976930384196743,0.1216983811731742
33,0.1202458575799647,5.1543956997238326e-08,4.646757849670611e-06,9.981523657365959e-07,5.144794423378847e-05,8.987752557368268e-06,0.004308319386091063,3.3831511972195496e-06,0.0007258465328659166,0.03304378607748175,2.3522158060231393e-06,3.948949765813124e-06,2.771410079100598e-07,0.00022733711809398414,2.530532761470565e-06,3.1420150119817176e-07,0.2669064692619319,2.779265958622758e-06,4.444120454529111e-05,1.8382759095244198e-07,3.3065232549541794e-05,1.5948677652938115e-05,0.28724279843498796,0.17619591315848324,0.11092831589879897
34,0.026998032941379327,6.526259804172384e-08,2.8667760594824144e-06,7.104308548377943e-07,3.389286255906024e-05,1.7366204792353397e-05,0.0042888368437786735,2.3935506091410925e-06,0.0006844427290831499,0.032215944137341496,1.6202622952567633e-06,5.804335039659799e-06,1.1024884005433048e-07,0.00014840701279664252,4.055134629501489e-06,1.9432843217434182e-07,0.20358450644361967,2.2067090449271976e-06,1.947073150101233e-05,1.6209129968853457e-07,5.516712964758819e-05,2.438579852312821e-05,0.41384423550804633,0.1593232861723214,0.15874183635490727
35,0.3085437979885121,9.773667315517206e-08,4.832398963139527e-06,1.3156828229960545e-06,5.998168962745078e-05,6.754750985591761e-06,0.003707743614437031,1.1718101430282508e-05,0.0028173191841616768,0.03645419181267199,3.3823101625848216e-06,2.3669557836782165e-06,2.690181705579302e-07,8.724843697701501e-05,3.3197865164711004e-06,2.8220941452139857e-07,0.3109926426779488,1.8336501527015327e-06,8.19585737104974e-05,9.94971615584844e-08,1.718172834513951e-05,2.8068039328427098e-05,0.14235659803577272,0.0804055625282026,0.11441143359206739
36,0.1220668405236492,4.8263762386706306e-08,5.131453853404747e-06,1.0315301594739467e-06,6.0118398785262634e-05,8.48099864050015e-06,0.004094098235235469,3.2279458447717016e-06,0.0009166949449390134,0.03820092959905545,3.0420762419731318e-06,3.848561751104326e-06,2.378139546274284e-07,0.000243189358951377,3.0207053343286867e-06,2.65918102389834e-07,0.21795730852977438,2.3238893511034133e-06,3.602385823050521e-05,2.0296959784891417e-07,3.5551832635194745e-05,1.282365018158728e-05,0.34697605059052405,0.14199604700844165,0.1273734613430029
37,0.12107275650205074,2.5536706332659413e-08,4.902380108730047e-06,7.378717496363186e-07,4.670452316351068e-05,4.9396468450244815e-06,0.004452211030519091,1.8452368369130235e-06,0.00034938856895929337,0.021409689198056945,2.1095689612640706e-06,4.1016764940716e-06,2.8157915979323135e-07,0.00047431130463916876,1.897655840497587e-06,3.077950848843367e-07,0.20079661826489076,2.6544390300611963e-06,2.633576427747721e-05,2.0346827340752297e-07,3.799168272646644e-05,6.8683560976461765e-06,0.3525857126368388,0.20909518506921704,0.08962222024347243
38,0.10804012827258073,4.722343655155506e-08,4.6253951528401195e-06,1.075058575015079e-06,4.78583679599028e-05,1.0213703142749077e-05,0.004383034216458377,3.337525824855653e-06,0.0007241962906687913,0.036026091071417216,2.9810221380642436e-06,4.670674057209954e-06,2.690548048524953e-07,0.00026539695921904067,3.439090064123125e-06,3.389275512665494e-07,0.222193262035105,3.1654284785647643e-06,3.9278666245329955e-05,2.05620601071205e-07,4.175346763222702e-05,1.4318237283098785e-05,0.36075588290987004,0.16244782956245823,0.10498660121927489
39,0.07511982947053815,7.501025303144918e-08,6.884974311087938e-06,8.631614952185553e-07,4.2973979726771326e-05,1.4705892379602747e-05,0.003236056967776382,4.931170121627032e-06,0.0008592962423248754,0.02925214491389803,1.7056830077847162e-06,5.88981108068625e-06,2.5957337419980464e-07,0.0001315885136204979,3.553693026256262e-06,3.8807157655755987e-07,0.30934592472764694,2.677518180262746e-06,5.082081274369465e-05,1.782716582468599e-07,7.835224934350343e-05,2.3889096040377326e-05,0.3111234832319659,0.17773698756314613,0.09295653940076418
40,0.13918628629188168,5.346667160398681e-08,7.068159200131724e-06,9.57454536513322e-07,7.931486739489222e-05,6.6464302663802686e-06,0.004723801024014873,2.8345276156400554e-06,0.000760937798812963,0.026945000348416317,3.598858666832046e-06,6.023492365641688e-06,2.3032518540612318e-07,0.0004130874228997356,3.2141734097033356e-06,2.7529148412447394e-07,0.21804688666405034,2.135705808943204e-06,3.2386367853859804e-05,2.1390992452710906e-07,4.3101336278678216e-05,1.3520087941520242e-05,0.3165560627309274,0.13611579226193157,0.1570505710024607
41,0.1832485867755908,1.1297837760750988e-07,5.486038103786577e-06,2.0723741170983243e-06,0.00013869062614817196,1.0591856567699368e-05,0.003143716984455162,5.4717632641110575e-06,0.0021820539146799123,0.0465459251344798,8.613897276799792e-06,3.4429570271370906e-06,3.1484112901474986e-07,0.0003984113185872762,6.8858089654555864e-06,3.5103433452844807e-07,0.14793150395055582,4.5431582160275565e-06,6.140921160903831e-05,3.390349669016957e-07,2.8551945270205567e-05,1.218251978788293e-05,0.3812292059773712,0.08089183159749125,0.15413970430162735
42,0.1385815835304493,1.5637586202965235e-07,8.953602602177495e-06,1.6013353530547751e-06,5.127007429905954e-05,1.561680255875572e-05,0.003325550551277898,9.09368920766544e-06,0.0015385920443145803,0.03899337808673162,2.795307367928979e-06,5.006751779187318e-06,2.7822212810263874e-07,8.865983308829939e-05,4.0974596406625715e-06,4.869893414529133e-07,0.4076601912557712,2.377821944358226e-06,0.00010283689476545689,1.455775078458761e-07,5.042263943058504e-05,5.466445504585133e-05,0.18022199147720785,0.12775510652085798,0.10152514270146701
43,0.07951885720681359,4.166556124871191e-08,5.4708508220679025e-06,9.205866646193921e-07,4.1051864051738033e-05,1.4467980011683945e-05,0.0037949044506018596,4.553856377547226e-06,0.000976939148344822,0.05831141269545533,1.5716528740741432e-06,3.880252077112137e-06,2.8878335335097483e-07,8.926828088681546e-05,2.4408287482674834e-06,3.080881345044039e-07,0.27939312939704863,2.070835499324045e-06,4.0282723840467035e-05,1.952076662526414e-07,5.162124047456292e-05,1.8792543131021602e-05,0.3091991518060281,0.1907969293204908,0.07773144873504217
44,0.12295518339584009,4.8701719218354044e-08,5.0668542396190475e-06,1.0202536082623188e-06,5.820711470606296e-05,8.268566886064684e-06,0.004296681353391907,3.4559957810573694e-06,0.0008978420183903714,0.03695239721350042,3.1194167855138224e-06,4.154298569543352e-06,2.3933091050573085e-07,0.00024903809193341236,3.1312468317549473e-06,2.722147717642453e-07,0.23218795630149316,2.4218786415651814e-06,3.590412496925941e-05,2.007870021410419e-07,3.588462415058326e-05,1.3995373076056272e-05,0.33135783314889306,0.1426945643634067,0.12823311333050197
45,0.14909566784544276,4.549654979539954e-08,5.730185077952741e-06,1.1133432817987599e-06,4.518680628949064e-05,1.0222865693963468e-05,0.0065948697272337365,9.814478691184374e-06,0.0009654234749528406,0.05124487173922088,2.947166278167089e-06,5.872231463346799e-06,4.887447757517344e-07,0.00020572446231410829,4.0395338542049695e-06,4.9701208814679e-07,0.27709474367472936,3.5137317332632067e-06,5.227183467077814e-05,2.2504891625096025e-07,3.579622575376552e-05,2.0455916640400336e-05,0.2217213235623364,0.21600403843564106,0.07687511645637063
46,0.04052430647369204,9.997380524382088e-08,2.4962489857883014e-06,7.102432716445151e-07,8.957003239440766e-05,5.717347907268471e-06,0.001723519726620956,1.4914141876151102e-06,0.0011653932882338637,0.019869730686613848,8.339955329970104e-06,2.7248450410531585e-06,5.991816744306064e-08,0.0008788788193871259,1.7977483543692704e-05,1.061797694755429e-07,0.022718477763600798,3.1712377882816347e-06,1.5355297669555025e-05,2.0803787458700817e-07,2.4421318128387164e-05,3.6258847226435953e-06,0.6549159771068461,0.04421349715441901,0.21381414356199915
47,0.196431500576263,3.4027410022942856e-08,6.815333316138288e-06,9.470733258148799e-07,3.8675005222034195e-05,5.747557545187151e-06,0.004533982910246451,4.183744549839979e-06,0.0005447916414336824,0.02916468705817242,1.731032718778835e-06,3.4632276958473636e-06,3.7628989522330513e-07,0.0001450849019416372,1.3635717472019183e-06,4.145949520057125e-07,0.3553417715162059,1.7497925963959187e-06,5.316764578124782e-05,1.3287194301742376e-07,3.0081880272810565e-05,1.6318322982426586e-05,0.1638657594721442,0.1878679116820916,0.06193930826954706
48,0.11854248694622364,4.431904866250313e-08,4.653853137057031e-06,8.500704816241426e-07,4.432555152446382e-05,8.923918387763108e-06,0.0041906402966238356,3.6961036352801043e-06,0.0007644326789148397,0.03637382430808106,1.8521016354689678e-06,3.424180866145887e-06,2.7893450106540793e-07,0.0001603588294931233,2.1339336949484415e-06,2.906122581276666e-07,0.2877657151607425,2.277196281734447e-06,4.4453989813250104e-05,1.6217223392565352e-07,3.1191563020427894e-05,1.5684228049298122e-05,0.264510725838829,0.18832093933048086,0.09920663388204191
49,0.10192312712473453,6.500179261818042e-08,6.804825737325696e-06,1.0929455138316038e-06,5.9246454033507976e-05,1.2278124989148587e-05,0.004689424590114595,4.339296526927794e-06,0.0009999436956628232,0.04114545009193407,2.5668904459860653e-06,5.640604500962385e-06,2.5690105808620736e-07,0.0001673452090404161,3.1055116832622993e-06,3.2867707422609324e-07,0.29223196916252153,2.1133102234366634e-06,4.353395992508512e-05,2.0170813135966104e-07,4.865928920524012e-05,2.429306095326804e-05,0.27851982003039766,0.15632735185959112,0.12378104167420895
50,0.18763508094960657,1.7495700180494655e-08,6.271456619316507e-06,7.849695592202832e-07,5.4092189654483175e-05,4.201436512543177e-06,0.006798646358917418,4.201220112206302e-06,0.0006435918203904119,0.04778325184041058,3.055841753624522e-06,3.377492776730063e-06,3.8492239563289745e-07,0.0002849446624469822,1.8400614652932587e-06,2.953283321640833e-07,0.24545550193109056,1.786623990947013e-06,2.8074670855126366e-05,2.3764738422354465e-07,2.235563374432429e-05,7.673217592190255e-06,0.2341211965542197,0.19059055342812123,0.08654858224634816
51,0.10683887891691046,3.746972757637678e-07,5.044588899017579e-06,3.0293365259388693e-06,5.571631786146569e-05,1.633157504348464e-05,0.002957113001341323,7.131696703393502e-06,0.0015663930626469604,0.029401056519499542,7.715228859427096e-06,7.2745816645162845e-06,1.485953358157078e-07,0.00027209585891459004,1.4363362104461883e-05,3.306159668156632e-07,0.20691394797749613,4.16095784966889e-06,5.6049614869281024e-05,1.7573486516128264e-07,6.280050234287457e-05,6.245262189674625e-05,0.34305011630386495,0.07581803175308952,0.23287926657817257
52,0.12701099341185915,4.8017000570255925e-08,4.9756211923193315e-06,1.1175755833512812e-06,5.997350405135327e-05,9.299397664061343e-06,0.004319714736787644,3.939558919800388e-06,0.0009475526084786954,0.04432194696348507,3.4508072544709663e-06,4.359988641458141e-06,2.6807244801164446e-07,0.00026136182890576184,3.5290459976180286e-06,2.9399076993588166e-07,0.22317093368400878,2.7881720198405083e-06,3.888920954596754e-05,2.2537718900850973e-07,3.575376392072648e-05,1.4084837612844872e-05,0.3320427307561722,0.1461711841271663,0.12157058494332501
53,0.11465595717909614,4.2283655641635136e-08,4.987526625215175e-06,9.825160928551586e-07,5.795842971138983e-05,7.661476945701461e-06,0.004509051488299294,3.204788742450164e-06,0.0008507584865179322,0.03640973073791431,3.2567823798656008e-06,4.180106130128252e-06,2.3201381469066968e-07,0.0002637606507325106,3.0952181657794297e-06,2.6196745757821174e-07,0.2241318085672303,2.4014230687721445e-06,3.067062542462602e-05,2.1326184531744914e-07,3.697670075427542e-05,1.2547894055136633e-05,0.35349628863931626,0.13896390438112327,0.1265500668549005
54,0.11725391515460395,1.5082488832120428e-07,3.7772826831080486e-06,1.1858116301421556e-06,5.634437139005989e-05,9.658940689106198e-06,0.00393400550223566,3.282754371199154e-06,0.0010820613084564833,0.024592918574280608,3.4675177705830603e-06,4.627151305045604e-06,1.2275206794491993e-07,0.0003368886702924073,5.945696447198697e-06,2.2180091869817194e-07,0.17444232045406313,2.1667866318827223e-06,4.336481164490705e-05,1.1312734942083426e-07,2.9809965848861795e-05,2.6663991679608435e-05,0.30171294453849057,0.11761448670282773,0.2588395555074334
55,0.11071894462880867,3.8888032579103457e-08,5.19646542995013e-06,7.58608529574418e-07,6.903785315774918e-05,8.490130729551663e-06,0.006158593108415821,5.162206581658182e-06,0.0009038491595524919,0.03254763339073754,2.8962204529076026e-06,7.944501881312304e-06,3.419519255630408e-07,0.00035724531324082424,3.7328954872433264e-06,3.6675829773546563e-07,0.25277331922609003,3.2577098523614517e-06,3.271097769597962e-05,2.558134547342047e-07,4.317027583417623e-05,1.402775369954427e-05,0.2996712539200712,0.17718296773920789,0.1194888045028329
56,0.12509415560009343,4.7025721384524855e-08,5.236815005850459e-06,1.0322446199238277e-06,5.789137272810569e-05,8.471453421957696e-06,0.004410491248370289,3.674365713549415e-06,0.0008855042803740562,0.03786797816011688,3.018423384878351e-06,4.1372986739359205e-06,2.7126772521584917e-07,0.00024175244558392436,2.9879271807370603e-06,2.944897281454606e-07,0.23920050653153316,2.5213573310389153e-06,3.7500896290712774e-05,2.1132297063902886e-07,3.605178894699273e-05,1.3820007896661496e-05,0.32250329247506637,0.15092891638630054,0.1186902348152218
57,0.10435523767468492,4.378379894666796e-08,9.963147216160877e-06,8.630985359752652e-07,7.433375604091937e-05,9.608605567349377e-06,0.005123948285400333,4.021992558519147e-06,0.0009398041241809677,0.04416705158831742,2.584706958526759e-06,6.64565539352839e-06,3.262494661583289e-07,0.00019270473108492839,2.482708059852182e-06,3.4127204404614793e-07,0.2859138197664212,1.7012205508153456e-06,3.580943470359889e-05,2.651409481974944e-07,5.202661204907819e-05,1.7063115832935677e-05,0.27602796695681076,0.16848708269808169,0.11457430367529314
58,0.10971836221820386,4.2330876656459544e-08,4.81912574723256e-06,8.583817621480231e-07,4.983391334523173e-05,8.812498624055571e-06,0.00429590939210605,3.3949569552206677e-06,0.0007686894006006883,0.0369459870791942,2.153003941210292e-06,3.92990090684902e-06,2.727628717161813e-07,0.00021304002504479106,2.5516941045904568e-06,2.881441348671024e-07,0.23744653527374662,2.402666942944127e-06,3.734413244532286e-05,1.9004992094890643e-07,3.5454055534475764e-05,1.3088283493960917e-05,0.31923822957682835,0.18542127192016644,0.1057865392125016
59,0.11096729806661289,4.054042651145995e-08,5.577516043077224e-06,8.679752430445736e-07,5.239042690383326e-05,8.420086995705584e-06,0.0045112003857306895,3.4596516393678453e-06,0.0007747228792770501,0.037182175237623544,2.270073278675897e-06,4.168766135399116e-06,2.7888543538966394e-07,0.00021245371093592334,2.5038743435318224e-06,2.946118661611139e-07,0.24388578975223793,2.223740517794809e-06,3.550548543340948e-05,2.0224082213041118e-07,3.835676609970871e-05,1.3049544764045768e-05,0.31669539142100156,0.1800787164216326,0.1055226419389999
60,0.12295518339584009,4.8701719218354044e-08,5.0668542396190475e-06,1.0202536082623188e-06,5.820711470606296e-05,8.268566886064684e-06,0.004296681353391907,3.4559957810573694e-06,0.0008978420183903714,0.03695239721350042,3.1194167855138224e-06,4.154298569543352e-06,2.3933091050573085e-07,0.00024903809193341236,3.1312468317549473e-06,2.722147717642453e-07,0.23218795630149316,2.4218786415651814e-06,3.590412496925941e-05,2.007870021410419e-07,3.588462415058326e-05,1.3995373076056272e-05,0.33135783314889306,0.1426945643634067,0.12823311333050197
61,0.11679235044516874,4.224896624170722e-08,5.595666389182694e-06,8.809993215837662e-07,5.4614266429661674e-05,8.259100786458948e-06,0.004348601172236863,3.3462915650609748e-06,0.0008080293141042843,0.036824337191394906,2.4367302248141976e-06,4.157478690231431e-06,2.667367876649754e-07,0.00022212619571779658,2.5842348677359773e-06,2.848842763501174e-07,0.2398781059574749,2.1839575079263308e-06,3.6035745048434565e-05,1.9816703413571963e-07,3.758889105755223e-05,1.2997959612153773e-05,0.31995782360748676,0.1689496395147548,0.1120475132430957
62,0.12295518339584009,4.8701719218354044e-08,5.0668542396190475e-06,1.0202536082623188e-06,5.820711470606296e-05,8.268566886064684e-06,0.004296681353391907,3.4559957810573694e-06,0.0008978420183903714,0.03695239721350042,3.1194167855138224e-06,4.154298569543352e-06,2.3933091050573085e-07,0.00024903809193341236,3.1312468317549473e-06,2.722147717642453e-07,0.23218795630149316,2.4218786415651814e-06,3.590412496925941e-05,2.007870021410419e-07,3.588462415058326e-05,1.3995373076056272e-05,0.33135783314889306,0.1426945643634067,0.12823311333050197
63,0.12045795866262674,6.515408514660926e-08,4.8316542782144605e-06,1.1165915799543242e-06,5.8235799042942375e-05,9.156452895233731e-06,0.003949305586561718,3.518815792848831e-06,0.0009792620276348975,0.034574030914342024,3.1826253510094914e-06,4.028663479883715e-06,2.2612337606815863e-07,0.0002399969650404325,3.5122982274822453e-06,2.7189756182920474e-07,0.22694888688007858,2.5782799780779723e-06,4.0151798018295314e-05,1.8832036818186387e-07,3.592727933752905e-05,1.6272504283621584e-05,0.337059284619914,0.13572079668355666,0.13988721340258864
64,0.10363415112373489,4.51403705141275e-08,5.871105089742686e-06,9.50634534249641e-07,5.3126295349075294e-05,8.3595683929814e-06,0.0038394443532943144,3.0347911589592746e-06,0.0007887291556046595,0.03396202098422597,2.7447996117094425e-06,4.695605037209634e-06,2.285302954799801e-07,0.00022529209105390905,2.906067687315008e-06,2.722276146764503e-07,0.23926650270335686,2.1433881519202234e-06,3.082967017051559e-05,2.066633872664431e-07,4.897696826615121e-05,1.3748503241911108e-05,0.35876636537693113,0.14241894679232703,0.1169204074611115
65,0.030922289308327838,8.03802013163489e-08,2.837536027407927e-06,5.9032847041172e-07,3.611423371203426e-05,1.1017531112883277e-05,0.002086304004774248,1.2040729583170332e-06,0.0005200421957309042,0.014582690293204113,1.1860591141040899e-06,3.6495009216035997e-06,9.563930240678471e-08,0.00018900176580457319,3.119823494890663e-06,1.4552569008251667e-07,0.14532688332826466,2.238865592994697e-06,2.047100210144043e-05,1.3731074426904252e-07,5.908668951027199e-05,1.2936922911489103e-05,0.514404570642679,0.1307094864335535,0.1611038206057953
66,0.19920353668061305,8.225889953579598e-09,1.3925252949878401e-05,7.220560485058802e-07,0.00013013083711688734,5.105284315710751e-06,0.007905172832704921,2.697829106449485e-06,0.0007934120866586043,0.05993338208003661,1.942386298840298e-06,2.4682451326042447e-06,7.88657616147562e-07,0.0001577769495573576,5.020449661667223e-07,4.011223131012825e-07,0.2937496647937923,1.1100311459846065e-06,3.324115372073369e-05,4.076441471884797e-07,2.4602129530127603e-05,4.142369371758613e-06,0.20072059707549753,0.18620616357662476,0.051108098654845016
67,0.03911311312910136,6.133168399810082e-08,2.8625331422257752e-06,7.128663568267389e-07,2.9490045187976445e-05,1.0776305535298942e-05,0.0024845941736110584,1.3406126152508177e-06,0.00045412770463258055,0.017545850289346344,1.5746430885783858e-06,3.573872742498699e-06,1.1016719519472099e-07,0.0001935918157445108,2.8736712626685303e-06,1.7968463490362007e-07,0.19359628434174872,2.46873319674942e-06,2.300054734274748e-05,1.4559061252275077e-07,5.303961585610571e-05,1.4024640137418027e-05,0.4740431020530824,0.1318028467995389,0.14062025483260318
68,0.1807142020778713,4.754253876511259e-08,5.10264286372775e-06,1.1329634549666475e-06,6.478505473693426e-05,5.6590004522731155e-06,0.0037967441542827484,2.7157135707495987e-06,0.000981781694973855,0.03386611107130099,3.6260621476284086e-06,2.6137878986510446e-06,2.2380631644650698e-07,0.0002571582458198508,2.3423804695799207e-06,2.509630602307856e-07,0.2240914922165009,1.9783425374254166e-06,4.0306486273365084e-05,1.7204952524584986e-07,2.340261909577123e-05,1.1092847746284175e-05,0.3073234396466338,0.11659720657251973,0.13220641205740882
69,0.09376964551373955,4.5749307169720955e-08,4.491371272385635e-06,1.1187432817401712e-06,5.7416703279272425e-05,7.650206591053414e-06,0.003585116903516384,3.142420280021029e-06,0.0010338702774694052,0.03695237624505598,4.941521882195158e-06,4.157030952381418e-06,1.6886303259119713e-07,0.00022441452476334864,4.236827708169372e-06,1.965267675146608e-07,0.2164166713361571,2.5397857452674376e-06,2.2977376213388554e-05,2.3777345796508863e-07,4.557123356762817e-05,1.3424239989489592e-05,0.420418613025108,0.08281860376893217,0.14460837203192983
70,0.11824857873286447,5.985552944989096e-08,8.487151882085635e-06,1.6705927737667635e-06,9.308118585254832e-05,1.2008030500846837e-05,0.00493197013627748,3.7780197326617586e-06,0.001447722139386628,0.05202630722782232,5.453050915850347e-06,4.803762832849923e-06,2.4907073280520794e-07,0.000255330376151555,4.0508971875856256e-06,3.533073188787072e-07,0.19535849964099508,2.0923954554029664e-06,3.710906019214602e-05,2.9910843894401725e-07,4.780343154981675e-05,1.4559356520200546e-05,0.3848444553354152,0.09980718601228934,0.14284409212138224
71,0.11990720915745094,5.4431286703614425e-08,5.018143471013979e-06,1.0571429951583912e-06,5.6543538188261166e-05,8.555241045852836e-06,0.003938665038973449,3.387826995034248e-06,0.0008847359008885828,0.03529656581401846,3.229088357387442e-06,4.346794386200318e-06,2.2727667854459756e-07,0.0002562482085677722,3.4051627963908733e-06,2.7197990472504014e-07,0.22856217792530203,2.5318459948768233e-06,3.701282172596581e-05,1.9641033659932242e-07,3.8013069866454056e-05,1.4777756567738033e-05,0.34108395529029456,0.13741347934217918,0.1324783347917281
72,0.12206541600325328,2.15690077276543e-08,6.152924017014945e-06,8.708963707076132e-07,5.9462086474307974e-05,9.36370584994355e-06,0.008274959846269778,5.526207735946956e-06,0.0006871931299340424,0.038154953636943316,1.7672340651938708e-06,4.817912494437478e-06,5.647354813451175e-07,0.00021806285349521318,1.7060810534381452e-06,5.565157789145172e-07,0.2941905314522719,3.0341743587050343e-06,4.0079665482807675e-05,2.6383565114508463e-07,3.7615829987865056e-05,1.0489231260572218e-05,0.23110370147154619,0.24693476476101092,0.05818812424020517
