,0,1,2,3,4,5,6,7,8,9,10,11,12,13,14,15,16,17,18,19,20,21,22,23,24
0,6.8142940841811e-06,9.260909928508542e-07,0.00010228067023532268,0.00018247346811971674,1.7284684822353511e-06,0.11797233478127547,0.0009991598726064289,9.341466394622076e-06,0.004821749910534007,0.011907425823951722,0.0002067703435494451,2.878957010930767e-10,1.4629672080831872e-07,0.005566451035666551,0.6869727472590154,2.642670622554831e-05,0.00016943357083981956,3.107807236215977e-08,6.603246114345648e-05,0.00177509076113638,0.00024673916427216656,0.03568401429296631,0.09730401122161424,0.03505873787266435,0.0009191328015410389
1,9.671691232756466e-06,1.333420613653184e-06,0.00011025972811836174,0.0002340836224119966,2.4152376013784553e-06,0.11566423523097016,0.0010432238913386232,1.0342303197741711e-05,0.008571511650246635,0.015581810118312316,0.0002605560146212427,3.0256559993966195e-10,1.6774730898130657e-07,0.005804193239444737,0.6770975400908802,3.6056305301849795e-05,0.00020716231601738768,3.405501883817713e-08,6.732529744186115e-05,0.001392777518871241,0.00021838434156249076,0.033737549270023974,0.09269429917877499,0.04630180013733781,0.0009532672907852391
2,7.235516242960162e-06,9.304719887125216e-07,9.934294631632443e-05,0.00017344796106519316,2.2264647743043407e-06,0.07684187782435178,0.0010692394061515768,9.175954063007494e-06,0.006187338680964141,0.012023045226384532,0.00019082202462662525,2.2190673356721458e-10,1.1906557807199e-07,0.0066921866890630455,0.7036900714714104,1.765796671917244e-05,0.00013277275589557066,3.209258123691188e-08,5.686387021862398e-05,0.0018681277892924279,0.00021629423824705822,0.04452300845367371,0.1064139984557588,0.03839261921733537,0.0013915652353905133
3,7.4892017449136e-06,1.1224413241823787e-06,9.765201412248971e-05,0.00020529644437468946,2.0768214070453773e-06,0.09711248844560946,0.0009427253531141843,8.184475048555458e-06,0.005355400390390654,0.01087848500583696,0.00026518363457766055,3.3121059359487827e-10,1.4924643607208362e-07,0.006822455532851103,0.6986800502324042,2.4224722705118752e-05,0.00019313081751010252,3.5458115974746774e-08,5.352824015169997e-05,0.0013229469820478972,0.00024150715704438988,0.03669123077904975,0.10322636603384976,0.03680524089491025,0.0010630293441623018
4,7.881790734655974e-06,1.3666179274987496e-06,0.00010241333895463467,0.00022354439953765532,2.36950929766893e-06,0.10007727328658812,0.0009914637526181813,8.566833107847072e-06,0.005543900392873269,0.010585815011816943,0.00032330060738007814,4.3709704927161594e-10,1.964860368807189e-07,0.008018645698419733,0.6850040296384355,2.5623998577611142e-05,0.0002217389891000678,4.129751155049043e-08,5.801835305048517e-05,0.0013280697864022388,0.0002592061515262063,0.03862371015282109,0.11171842849553619,0.03575091182265353,0.0011234831519951125
5,1.0711865174526401e-05,1.0299252404880601e-06,0.00011750039624713158,0.0002966199093769884,2.305919442155886e-06,0.10007837323044076,0.0010489495041957808,9.811258348645194e-06,0.006394038047488678,0.014868054292588296,0.0002933890320160657,4.0844318920075993e-10,1.6582371305851548e-07,0.00885830147816874,0.6347838192556304,3.0707723231918685e-05,0.00024653508061682277,6.694625233828562e-08,4.958940670616067e-05,0.0019702240508393063,0.0002846941513730521,0.04016790302088289,0.13206307123672462,0.05698653191710004,0.0014376061197579671
6,7.4892017449136e-06,1.1224413241823787e-06,9.765201412248971e-05,0.00020529644437468946,2.0768214070453773e-06,0.09711248844560946,0.0009427253531141843,8.184475048555458e-06,0.005355400390390654,0.01087848500583696,0.00026518363457766055,3.3121059359487827e-10,1.4924643607208362e-07,0.006822455532851103,0.6986800502324042,2.4224722705118752e-05,0.00019313081751010252,3.5458115974746774e-08,5.352824015169997e-05,0.0013229469820478972,0.00024150715704438988,0.03669123077904975,0.10322636603384976,0.03680524089491025,0.0010630293441623018
7,6.853093365358856e-06,1.295896741782362e-06,0.00012466261091365833,0.0001542627747450215,1.9818558839773987e-06,0.08222989471812107,0.0007233716902202614,7.91257643496234e-06,0.004488801053146218,0.00854926130365147,0.000340339952456243,2.892964894654248e-10,1.9298145041216913e-07,0.004902718369675937,0.7538737844258909,1.8103752582642607e-05,0.0001469380962899805,2.3029428388937847e-08,5.886130377376643e-05,0.0010778500163215062,0.00019090156633712237,0.036001867990247585,0.06949567009697323,0.03700126976539093,0.0006031807906611332
8,7.394861826994999e-06,1.3571624740050554e-06,9.073784305628714e-05,0.00019069137576712444,2.0356706042977756e-06,0.1342900807858888,0.001108042122760628,1.0454834778701109e-05,0.005016763979847876,0.009507576118835433,0.00028074683615930994,5.009934807021658e-10,2.198930072530997e-07,0.006085996187912865,0.6660020993832003,3.3292475259652426e-05,0.0002472030306997471,3.678796971139756e-08,7.666395328255724e-05,0.0014417973416981588,0.00027581541820531386,0.035626045955069796,0.11552649281314595,0.02328618978716995,0.0008922648803857532
9,6.115466488954764e-06,5.604774302152401e-06,1.6988637001971723e-05,4.779349857855865e-05,2.8994547039179042e-06,0.1202764973653342,0.004855971401269074,9.103939348515798e-06,0.004508497820472968,0.002549535809064011,0.000177533465725185,1.7671207635240225e-09,2.6567177139751303e-07,0.0030664778618042653,0.7435615263594371,3.679730400953876e-05,0.00018778188287999544,3.4265662042492806e-08,0.0001469443498566239,0.0004304803050390685,0.0002430199069116402,0.024380422915182432,0.09161314372864351,0.0014777862845768506,0.0023987757648154485
10,7.4892017449136e-06,1.1224413241823787e-06,9.765201412248971e-05,0.00020529644437468946,2.0768214070453773e-06,0.09711248844560946,0.0009427253531141843,8.184475048555458e-06,0.005355400390390654,0.01087848500583696,0.00026518363457766055,3.3121059359487827e-10,1.4924643607208362e-07,0.006822455532851103,0.6986800502324042,2.4224722705118752e-05,0.00019313081751010252,3.5458115974746774e-08,5.352824015169997e-05,0.0013229469820478972,0.00024150715704438988,0.03669123077904975,0.10322636603384976,0.03680524089491025,0.0010630293441623018
11,7.414342157304986e-06,1.1995579367499043e-06,0.00010011610477096678,0.00021287849384181296,2.104150198748655e-06,0.10196572873698127,0.0009712679284789137,8.902361524435738e-06,0.005402214348357501,0.01054100811110167,0.0002760373782280034,3.6783850140268163e-10,1.7247019978891303e-07,0.006867424725697795,0.6938792077311486,2.5824135880680347e-05,0.00020868946444043055,3.603005059890825e-08,5.6511172747240545e-05,0.0013308392135270193,0.00024100052089462187,0.03704921705583119,0.10463057604571964,0.03520890247049887,0.0010127270819476513
12,9.132423305755501e-06,1.987148444537681e-06,9.652555185065772e-05,0.00025624702076318265,6.338842417547711e-06,0.1373317228674385,0.001438722744649068,4.960771016248555e-06,0.006049872906028373,0.009290049182803285,0.0002912405591021502,8.049058091317394e-10,1.8966649695408322e-07,0.019838474663651132,0.5401166027412803,2.337595475884623e-05,0.00019047301001025776,1.2003198338616747e-07,4.82066847467991e-05,0.0027318846211829345,0.000334956522613061,0.02466763701487415,0.2253650160571971,0.027650238335569278,0.00425602387291066
13,6.076011488798131e-06,1.1940545508089074e-06,9.230654243713692e-05,0.00020641008445861813,2.4413360629924753e-06,0.0679170952192157,0.0005708671139631116,5.196955383019282e-06,0.0034415836957732713,0.005978636503225659,0.0005743421230479323,4.026806300337052e-10,1.9413209702533837e-07,0.007683509868040099,0.7425095879351299,1.7112233354511378e-05,0.00017016828819645357,2.6693219078301896e-08,4.762532233523613e-05,0.0007407545038811707,0.00023729790251204042,0.02934682337780136,0.10537015915487191,0.03442366796035543,0.0006569225859182538
14,5.383758896630526e-06,4.027675636269197e-06,7.771968808693904e-05,8.217582298295737e-05,4.478682494852109e-06,0.2036865337308134,0.0011271700642250739,3.307638263613367e-06,0.0027471664904858317,0.006964790584064142,0.000562411739023286,1.041121421311262e-09,4.182517503227304e-07,0.008115833066810248,0.6731018779041699,3.308484014768141e-05,0.00013564040756949565,2.3909195558481842e-08,0.00017578314598145129,0.0009173919988484862,0.00029038902830473426,0.022961678633625384,0.06702355813864809,0.011133167174622257,0.0008459865842320124
15,7.4892017449136e-06,1.1224413241823787e-06,9.765201412248971e-05,0.00020529644437468946,2.0768214070453773e-06,0.09711248844560946,0.0009427253531141843,8.184475048555458e-06,0.005355400390390654,0.01087848500583696,0.00026518363457766055,3.3121059359487827e-10,1.4924643607208362e-07,0.006822455532851103,0.6986800502324042,2.4224722705118752e-05,0.00019313081751010252,3.5458115974746774e-08,5.352824015169997e-05,0.0013229469820478972,0.00024150715704438988,0.03669123077904975,0.10322636603384976,0.03680524089491025,0.0010630293441623018
16,9.007600890641476e-06,1.1314408321657893e-06,0.00010350381903766687,0.0002489500753925925,2.264705886867452e-06,0.0983973796887193,0.0011160752259575597,8.351390502990311e-06,0.00490354027445225,0.01552756483143931,0.0002839344653744196,4.833756912323865e-10,1.503162401592527e-07,0.009289463330751093,0.6664739135171271,2.8470114017300924e-05,0.00022948156792519718,6.23238172972479e-08,5.454680842532258e-05,0.0017223330865351798,0.00038375296932573335,0.0447830756693171,0.11509297245506916,0.039786063385624314,0.0015540104539634308
17,1.1893042185053007e-05,1.5278049200985386e-06,0.00011068421431051442,0.0002652987696458914,2.5932241451900596e-06,0.0915595816248705,0.0012836429865733094,1.1656980817523e-05,0.005594009521457039,0.012315451350593826,0.0003465031770336241,9.734006730963042e-10,2.658512269955843e-07,0.01488891680511595,0.5558747804281612,2.531502032787837e-05,0.0003786799924615313,1.1938361002367584e-07,6.771701003081514e-05,0.0025051876340198686,0.00043657812991317827,0.06742002391706224,0.20883392382426672,0.035354311600882406,0.0027113367329681076
18,9.928873649185035e-06,1.4138884398203912e-06,9.349701964405822e-05,0.00020624078039369997,2.0619745448788927e-06,0.10130386197317844,0.0011911924044567324,9.647287347749908e-06,0.006474272425147072,0.012954630586399611,0.00027149943607185546,4.910684433298034e-10,1.7987695742870026e-07,0.008911325550724514,0.6465941725998045,2.6063385821025977e-05,0.00027724326408035593,5.7444383389905274e-08,6.177138237043256e-05,0.0016249776179904905,0.00028216339411127046,0.05080345504619322,0.1303579714120893,0.03677545551311377,0.001766916372018818
19,6.137683357034011e-06,1.1481384719184677e-06,0.00011088675864013264,0.0002212254877119964,2.4634057806447282e-06,0.08914580004457288,0.0010556675311456112,9.57436511943158e-06,0.005381567331246173,0.009753163569065549,0.00026913958133324874,3.846857931440628e-10,1.8373913240145188e-07,0.007083644883181204,0.7145628983177503,2.311558222378561e-05,0.00018249977193010195,3.476728609965185e-08,5.4457910295470225e-05,0.0014607580032882411,0.000238952142872732,0.04191097426583671,0.09459478940945416,0.03296377067746044,0.0009671462481577959
20,3.4344509869191758e-06,6.113856271264698e-07,6.752030914697163e-05,0.00011819775997423078,1.2505558216439886e-06,0.048152577816739386,0.0006737361791313583,7.2370142638843686e-06,0.0025610065159829254,0.005821475803822256,0.00017241348361696543,1.4952516665248866e-10,8.288385913850787e-08,0.003265078768833765,0.8242375579614727,1.1990782503998706e-05,8.814867872474314e-05,1.1130859217293846e-08,4.327360706325036e-05,0.0007224632889521511,0.00018095096072709137,0.034134034168371324,0.05965293204715285,0.019585376459174374,0.0004986378376663797
21,1.1753071103293342e-05,1.525794462299797e-06,0.00012434731292496873,0.00029902896129056496,3.448597786921051e-06,0.1011954858089443,0.0009951516466590402,7.970021267511134e-06,0.006106736247465693,0.01844052454842554,0.00040585963706927153,5.734010475856489e-10,1.893742489684829e-07,0.011001277357226055,0.6421668543797321,3.1851324031752904e-05,0.00022988787298606345,7.002349393378525e-08,6.446165179524204e-05,0.001767304279114938,0.00044238529737470066,0.040642515511391995,0.1226730528060081,0.05178785622464034,0.0016004616771555073
22,8.846776908671051e-06,9.43095819339429e-07,0.00012547794419752575,0.00027811523209606015,1.7831503122116463e-06,0.10145181865459905,0.0007203692491674266,7.769849572988443e-06,0.004353784137085396,0.014745109795659992,0.0003564066220100349,4.037962006820384e-10,1.454978743184719e-07,0.007977992774188099,0.6706341506717708,2.777021805353173e-05,0.0002701675474538997,4.931078566212827e-08,4.768553137288318e-05,0.0014057876945695702,0.00034106032281424985,0.04126843540629796,0.10149822284507991,0.053586664751419814,0.0008914425170942681
23,7.4892017449136e-06,1.1224413241823787e-06,9.765201412248971e-05,0.00020529644437468946,2.0768214070453773e-06,0.09711248844560946,0.0009427253531141843,8.184475048555458e-06,0.005355400390390654,0.01087848500583696,0.00026518363457766055,3.3121059359487827e-10,1.4924643607208362e-07,0.006822455532851103,0.6986800502324042,2.4224722705118752e-05,0.00019313081751010252,3.5458115974746774e-08,5.352824015169997e-05,0.0013229469820478972,0.00024150715704438988,0.03669123077904975,0.10322636603384976,0.03680524089491025,0.0010630293441623018
24,8.183066972093628e-06,1.3590328484695336e-06,0.00011757367332544837,0.00034870379579699017,3.822312766552807e-06,0.10564298098745029,0.0010651759100033663,9.192842093377152e-06,0.0061628652096795905,0.011702237152025232,0.00038497607266454906,5.58004125756442e-10,2.438972700955232e-07,0.011696358774383303,0.6415286656410254,3.485561636016281e-05,0.00023089742426723333,5.8146263116425523e-08,5.703810053176401e-05,0.0016543158534467052,0.00029497790075527774,0.03469628647081898,0.14105627168637064,0.04202751364681081,0.001275446228066432
25,6.839669705918035e-06,7.572370325944857e-07,9.935184522037307e-05,0.0002544739472193299,2.1465706949503177e-06,0.059775437417962374,0.000894321477662478,1.1026698198444726e-05,0.0036194813909716196,0.008936946504357536,0.00036603035894808235,3.369608148922816e-10,1.7785236312100473e-07,0.005486789639207239,0.7412034429937895,2.6021091107073814e-05,0.0001525995585893348,3.390678482359691e-08,5.471808477987934e-05,0.0012578511614546937,0.00030962819158679216,0.03564294021137495,0.10733443180938948,0.033927596669247974,0.0006369553753907383
26,1.1125857139013391e-05,1.1407121289744368e-06,0.00010617590023083826,0.00026035078348475376,2.2014317321275396e-06,0.09953920277107656,0.0007605317175514443,9.983015888572167e-06,0.010107050494838102,0.009922779501977194,0.0002696587911506091,2.5478310313687147e-10,1.5628023063089286e-07,0.006018258521794442,0.6269937534479885,2.476956070942285e-05,0.0002461494245668963,3.5875672248502246e-08,4.354843207737191e-05,0.0014660149925260601,0.00016238714598968505,0.030772672776812317,0.14599026202682885,0.06619933947340334,0.0010924508094189182
27,6.3852375039149104e-06,1.0461338663891929e-06,8.233228723861962e-05,0.00015540334193284454,1.7414632057302087e-06,0.07969259632676925,0.0010236932168158424,8.257592649044971e-06,0.006552843108875076,0.010812093050240192,0.00019243803435418873,2.1779268724180388e-10,1.1786976193156011e-07,0.005532852002125666,0.7309498760460877,1.8232363766912576e-05,0.00015648065299467783,2.3849378176069078e-08,5.004858209813912e-05,0.0012266942924333152,0.00017215860463085632,0.043415439798601414,0.0827918542090794,0.03606614899047718,0.0010912427273204696
28,7.4892017449136e-06,1.1224413241823787e-06,9.765201412248971e-05,0.00020529644437468946,2.0768214070453773e-06,0.09711248844560946,0.0009427253531141843,8.184475048555458e-06,0.005355400390390654,0.01087848500583696,0.00026518363457766055,3.3121059359487827e-10,1.4924643607208362e-07,0.006822455532851103,0.6986800502324042,2.4224722705118752e-05,0.00019313081751010252,3.5458115974746774e-08,5.352824015169997e-05,0.0013229469820478972,0.00024150715704438988,0.03669123077904975,0.10322636603384976,0.03680524089491025,0.0010630293441623018
29,7.4892017449136e-06,1.1224413241823787e-06,9.765201412248971e-05,0.00020529644437468946,2.0768214070453773e-06,0.09711248844560946,0.0009427253531141843,8.184475048555458e-06,0.005355400390390654,0.01087848500583696,0.00026518363457766055,3.3121059359487827e-10,1.4924643607208362e-07,0.006822455532851103,0.6986800502324042,2.4224722705118752e-05,0.00019313081751010252,3.5458115974746774e-08,5.352824015169997e-05,0.0013229469820478972,0.00024150715704438988,0.03669123077904975,0.10322636603384976,0.03680524089491025,0.0010630293441623018
30,7.4892017449136e-06,1.1224413241823787e-06,9.765201412248971e-05,0.00020529644437468946,2.0768214070453773e-06,0.09711248844560946,0.0009427253531141843,8.184475048555458e-06,0.005355400390390654,0.01087848500583696,0.00026518363457766055,3.3121059359487827e-10,1.4924643607208362e-07,0.006822455532851103,0.6986800502324042,2.4224722705118752e-05,0.00019313081751010252,3.5458115974746774e-08,5.352824015169997e-05,0.0013229469820478972,0.00024150715704438988,0.03669123077904975,0.10322636603384976,0.03680524089491025,0.0010630293441623018
31,1.152511246783272e-05,1.1803244643699147e-06,0.00014158832145920572,0.00021719544485489822,2.2956417189643356e-06,0.08944828578135047,0.0010133220253078566,1.3092316586208459e-05,0.005565979723976259,0.012249370742463225,0.0002475196626817161,4.511754480194716e-10,1.8342013312567924e-07,0.007421539104072634,0.6529149252725361,2.41419569985875e-05,0.00022286023308058252,6.341299383675189e-08,6.95840477461969e-05,0.0022975977723719955,0.00030843042929862714,0.04947764375488114,0.13511311880370455,0.04169433920606598,0.0015442170376102433
32,7.1452093383427625e-06,1.1161576516536913e-06,9.714062375483462e-05,0.00018471353126821026,2.0209666916096966e-06,0.09583997890675919,0.0009625716881793813,8.47559375819055e-06,0.004798215727625517,0.010189313331502936,0.0002590998081083728,3.409134735800525e-10,1.5445078098563237e-07,0.006421895590095249,0.7078346831494863,2.3755322385807437e-05,0.00018213414663213357,3.323017224314605e-08,6.14834004652041e-05,0.0013377206021983506,0.00024573507749128066,0.0377472250081506,0.10038919000227445,0.032391290680267894,0.0010149074540476435
33,7.4277535731609315e-06,1.0899649303164244e-06,9.69911611229212e-05,0.00020079855456942293,2.112369266350682e-06,0.09356739447821726,0.0009103712332070521,7.934372862595036e-06,0.005243220096339484,0.01066570057371339,0.0002587327604026823,3.086788394463709e-10,1.3957644318435823e-07,0.006544921292718689,0.7061672262373715,2.326628573674609e-05,0.00017840671846041634,3.361278147310423e-08,5.2813748862307706e-05,0.0012970206485744733,0.00023974477418872706,0.03503424091413622,0.10172902114213886,0.036720905366915635,0.0010504860547880747
34,4.996358059423963e-06,7.97927052936578e-07,8.433331976694572e-05,0.00029654572763563556,1.6211401421620566e-06,0.14891904768603437,0.0012373999745562048,8.81554236281019e-06,0.00454171101905014,0.012604527642745523,0.0001859612913964123,3.608382399413695e-10,1.3468868303085327e-07,0.007336925696774358,0.6552357235138485,3.862204336436696e-05,0.000260074330946834,4.429204982782576e-08,3.341508430561323e-05,0.0016235013198466154,0.0002763138320170108,0.030599922568775365,0.10519144375463277,0.03055921411147895,0.000958906773635768
35,8.707499919811973e-05,3.949876258973007e-06,0.00017543517402961504,0.0002997996525581722,2.8484993590423748e-06,0.09911816642480857,0.0019093252519962714,3.989734020349372e-05,0.03139993249381281,0.055713124169975974,0.0003380150317383083,1.9085691488019007e-09,4.1376205337272674e-07,0.010451515952308458,0.42851930751482686,7.567055517688992e-05,0.0010405360778007965,4.003655361601443e-07,0.0001537108123750144,0.003651100324613377,0.00038304636956296536,0.14461261035312079,0.1329515250730974,0.08464062803635862,0.004431963980660826
36,7.1772233667785435e-06,1.5982703946391837e-06,7.898324450906396e-05,0.000238394035586727,1.20741909837335e-06,0.18139000484741238,0.0017836444021460817,2.2274850542677393e-05,0.010658223550311135,0.014216709594654198,0.00018034179097736145,9.397787496982193e-10,3.6426757727611095e-07,0.009714311717992283,0.5316126870819828,5.3999714626121106e-05,0.0009278402132081677,6.060354730826804e-08,7.071133063717795e-05,0.0019049768237036785,0.000176426241891765,0.10397936720583437,0.11981991990149607,0.02189395686568845,0.0012668178630362889
37,1.2322855530777669e-05,9.216736305906996e-07,0.00014679442322639642,0.0003082569994452176,2.3294140048161582e-06,0.07534051672222843,0.0006789522025867537,6.805894221786448e-06,0.005178971254712449,0.014680413701331732,0.00041286820722649014,3.6877015553563556e-10,1.4258975212263482e-07,0.009822790727895771,0.6456794016782532,2.3102408890243828e-05,0.00021947659233992618,6.887449277173674e-08,4.155296551148013e-05,0.0016464865859836507,0.00026816736347426217,0.03911603774929785,0.11295582049228414,0.09222677980529072,0.0012310184496182395
38,5.719515531778598e-06,9.157918190023342e-07,8.598816325998365e-05,0.0001821188138633549,1.6450401661269236e-06,0.11412142646293376,0.0009367205132391581,8.147851950961316e-06,0.0037726475576916624,0.009096324391539316,0.00023497163324023924,3.012623180611995e-10,1.473770113161481e-07,0.005305428459013911,0.709415254686666,2.806075323064387e-05,0.00017830070243231763,2.693399729371007e-08,5.7717408725704604e-05,0.0012305912679076245,0.0002362370889383891,0.03010212371031399,0.09714365102391678,0.027107964880689846,0.000747869670658507
39,6.020923288861959e-06,8.097306821338192e-07,8.071674497221202e-05,0.00018972170070579486,1.5114091841282716e-06,0.10127765907066871,0.0010676902346852138,1.1433082265742643e-05,0.003733806035469968,0.009223569160317508,0.00016563407763631538,3.341620848574189e-10,1.3135549609501293e-07,0.0050281902770664974,0.6894998736633536,2.636214806288343e-05,0.00020185099240637688,3.285256466773542e-08,5.880049271295834e-05,0.0015944405000378984,0.00030474874503235127,0.03806093251251617,0.12596272782986834,0.022393747204705872,0.0011095889221377072
40,7.434147559838376e-06,1.1240172490862182e-06,9.797993244936114e-05,0.0002034611341813092,2.0817687362720884e-06,0.09690610314646472,0.0009390587688120574,8.106773992765987e-06,0.005304076851148453,0.010820816254169079,0.0002646398251946879,3.3087673248155726e-10,1.4853974051344722e-07,0.0068319916469988225,0.7000294176582283,2.3956470511209654e-05,0.00019144101226510022,3.5250348104526195e-08,5.3589236440626434e-05,0.0013197690505625016,0.0002410116345238633,0.036733754179564405,0.10237668712815923,0.03658079452998128,0.0010625207118417097
41,5.8361132959059225e-06,2.5066569771709242e-06,0.00011464696663579218,0.0003215726927697076,4.4639419871340265e-06,0.17716271828103158,0.0008410873454935342,7.201836504479763e-06,0.017480258980293116,0.011688776591479953,0.0002451828412963668,2.1403105148548476e-10,1.8643136375791484e-07,0.0062794082055040975,0.651623369332442,3.4101100697162425e-05,0.00020065694805745775,1.7462210917751482e-08,3.0286241796962648e-05,0.0007797378977417765,0.00011759406394577012,0.016502453620177993,0.07235896866744017,0.04351651227624479,0.0006824552905812578
42,4.446092056596364e-06,7.978998749235742e-07,0.00010151590187985978,0.00010301251084730528,1.0719440478374294e-06,0.0647912622296048,0.0007656180866785169,1.4103628943930777e-05,0.002844943198415987,0.009904225463444676,0.00016070483333585793,2.801089522880213e-10,1.3138383436571949e-07,0.003208630885971827,0.7721688036980432,1.787132884739507e-05,0.0001538388264051011,1.3267108895514672e-08,0.00010738297094508727,0.0011443057750507783,0.0002669825917274634,0.07691601457328565,0.04982029375521347,0.017064059669530642,0.0004399692047967493
43,4.07862805754372e-06,2.0031608489777695e-06,4.968882822218703e-05,0.0001529539552689103,3.3981922797234055e-06,0.05503364583465429,0.0006235399415569284,2.1988614417959073e-06,0.0015438123764680912,0.0005426269761933483,0.0008027499141793809,2.263864278292671e-09,3.06364217369371e-07,0.012542545776413871,0.7090330418661345,1.3080843751617153e-05,0.0002467181152303562,6.545858456300908e-08,2.3370875516130987e-05,0.00028592313416380956,0.00012085132313496927,0.013664111609820067,0.1930174008237203,0.010842636437558903,0.0014492484387182358
44,7.4892017449136e-06,1.1224413241823787e-06,9.765201412248971e-05,0.00020529644437468946,2.0768214070453773e-06,0.09711248844560946,0.0009427253531141843,8.184475048555458e-06,0.005355400390390654,0.01087848500583696,0.00026518363457766055,3.3121059359487827e-10,1.4924643607208362e-07,0.006822455532851103,0.6986800502324042,2.4224722705118752e-05,0.00019313081751010252,3.5458115974746774e-08,5.352824015169997e-05,0.0013229469820478972,0.00024150715704438988,0.03669123077904975,0.10322636603384976,0.03680524089491025,0.0010630293441623018
45,2.5362351579843293e-06,4.204073001001656e-07,6.469657500232594e-05,0.00012494854589536217,9.038874512764054e-07,0.07435446649137756,0.0007522640021853841,7.984852411091069e-06,0.002579740026567501,0.005831441190284305,0.00011233576116935755,9.614198363426362e-11,7.161195256681784e-08,0.0020930405301425752,0.8268317091140193,1.9028074602945672e-05,8.121076394917122e-05,8.020944564894544e-09,3.6529089336520165e-05,0.0007507500850401505,0.00011507191227447593,0.021475278076689128,0.04465362045163504,0.01982860110446004,0.0002833430940094579
46,9.081210613884597e-06,9.798945324203445e-07,0.00010131589484676059,0.00031769040436920986,1.0033128046487411e-06,0.161235715262137,0.0007468780044898261,1.2666445721011624e-05,0.005081673992929932,0.01110231428971048,0.0003066918958562701,5.167312291284779e-10,2.1687999767985756e-07,0.0058470677505007285,0.5973823080356088,4.2949253263465645e-05,0.0005809343155313272,4.64153621912887e-08,4.543465348117066e-05,0.0012921393131453177,0.0002701048784546344,0.03886236760600016,0.12851711467303445,0.04761147630944066,0.0006318287914367592
47,1.7879041596256587e-05,2.501962883387296e-06,0.00010410605438368798,9.959853315645348e-05,1.5567363596644579e-06,0.08839605407205524,0.0016176747718494853,1.7923057786365056e-05,0.008857371951067422,0.020737877886588253,0.00019105307017061986,8.758313257668458e-10,2.207338104244613e-07,0.006230706721366852,0.6257672862703691,2.549433934592749e-05,0.00038504643661424915,6.897985354388962e-08,0.00015824361759336417,0.0020834795122811507,0.00029499080120520805,0.14083111047233893,0.0744298485687475,0.027343528993209257,0.002406376539536383
48,4.507865466996273e-06,1.519715832313569e-06,6.52109688096951e-05,0.0001362770444794903,7.237298223875056e-07,0.23559210910473485,0.0009532381448488355,1.350824301033864e-05,0.004605166783860614,0.0061185186563453885,0.00018760807383956483,4.889395661703558e-10,2.8145803991247436e-07,0.003377259730100367,0.6123802112233208,3.696274621034201e-05,0.0005057001710120053,1.67450001667103e-08,7.325547172120309e-05,0.0008581388214370609,0.0001651611850757835,0.035036102298486894,0.08585722957950997,0.01363018699966673,0.0004011047504287782
49,6.215232699969334e-06,1.1501223467747888e-06,0.00012158928060523754,0.00017084425116161464,1.7740095844289463e-06,0.11250845585657615,0.0009293883125145742,8.14097503296736e-06,0.0040315555403210215,0.011262862857582498,0.00023855752187031297,4.344246810632518e-10,1.5953395722354762e-07,0.007225494131343575,0.6990163469495609,2.114667164149397e-05,0.00021657922042616056,3.708308955345095e-08,6.22279731043549e-05,0.0016155517109445064,0.0002710736930414595,0.05054300334801023,0.08011010142007818,0.03065606448136904,0.0009816793887129059
50,9.198767758573819e-06,1.2521467016336939e-06,7.158645746945923e-05,0.00012277941266955984,2.17941708134703e-06,0.05537387059144554,0.002214841987434754,1.1073210413960412e-05,0.008483937631778767,0.025017824305832735,0.00015250311526418065,2.5995355820189754e-10,1.1033320857236976e-07,0.006974716209459548,0.7065369854391972,1.9434401700607765e-05,0.0001206149708746039,4.273867408398989e-08,8.204209436842505e-05,0.0018357418659297347,0.0002562341475891973,0.09331811803158832,0.06664708328057325,0.03008394720580335,0.0026638819772291586
51,6.594300624062552e-06,1.8715742894488557e-06,0.000113595326298658,0.00035409454161376626,2.851530272577978e-06,0.08608334148769542,0.0007026969122544758,7.275760515259638e-06,0.012026024350546513,0.014175875616619486,0.00037890855070220325,2.6517626745600617e-10,1.6819656861909117e-07,0.007430365345214121,0.7248770221961041,2.300901006137046e-05,0.00023294360343677092,2.1466956190954524e-08,2.5993946031233352e-05,0.0005990602311184019,0.0001751946523627574,0.03413483990140895,0.05606835602140268,0.06198916245590186,0.0005907327568248337
52,1.4944625742552842e-05,7.069879932537703e-07,0.00017941457379600436,0.0005135520067240376,2.29778041844281e-06,0.12329375354399087,0.0007438174959239297,8.352823456266471e-06,0.006606498269787583,0.026922435710984276,0.0004849677602368592,3.770478113726529e-10,1.9085211875752785e-07,0.010895924825911759,0.5438069078994179,5.478296581106961e-05,0.0003018365619439096,1.056636724972908e-07,3.96585332786006e-05,0.0023799720616571284,0.00024440283812479944,0.03333041599690819,0.10722022163637564,0.14210375793058466,0.0008510802780931159
53,1.6043572168708143e-05,2.227551293675221e-06,0.00025469462960542034,0.0002545687521070555,3.18848680139832e-06,0.14075742134890276,0.0004024813584706207,6.847118907142528e-06,0.005538553776768757,0.020550718629549748,0.0005800975659399834,7.597948950604936e-10,2.2745091758824432e-07,0.01213916356257181,0.59491760032597,2.6312075314676823e-05,0.0003854114628863857,5.967178669220964e-08,9.297951138111964e-05,0.001532696997861165,0.0004451514417697556,0.05879354425329646,0.09256705454878487,0.06971240226482969,0.0010205528823195606
54,1.2437500563040189e-05,3.262704341316437e-06,8.106213478679912e-05,0.00014902867336151086,2.912587515481357e-06,0.11805186924112426,0.002010661961495787,1.0222945237414238e-05,0.011603346046933544,0.01881652215143869,0.00021053941436823155,6.951238568970284e-10,2.034463388943354e-07,0.009484041190314305,0.6580368704632487,3.4338757973055654e-05,0.00029646534089422045,6.122137953489998e-08,9.152974383155544e-05,0.001370147638317015,0.00024929903855224747,0.061662044751653745,0.0883827430896659,0.026500159773855735,0.002940229487684997
55,2.127700834391209e-05,4.910093966856198e-06,9.453169777367812e-05,0.00024924252411692504,5.889565351781601e-06,0.09872923384543868,0.0022447490136892237,1.0005489377995279e-05,0.017149214025759526,0.013812216392723184,0.00039396330494911636,1.8323258838480714e-09,3.126022120502598e-07,0.013171910115400958,0.6224205698793711,3.7913121261785784e-05,0.00038338998872163265,1.64033436012849e-07,7.513625087530217e-05,0.001582596513220427,0.0003357032543317678,0.04678262860125671,0.1388649214120204,0.038602703800878296,0.0050268156331965885
56,7.699557322653724e-06,1.2483010836800558e-06,0.00010223348846919,0.00020748091579355648,2.2063824661525713e-06,0.0981915266449747,0.0009721418788872695,8.571832214248113e-06,0.005572910193296815,0.01067997255765494,0.0002850350547026635,3.689164080028313e-10,1.7183807637706923e-07,0.007042398077101106,0.6978512573164808,2.467354056372217e-05,0.000200844453013667,3.70977168664384e-08,5.6788964196714995e-05,0.0013304119355510991,0.00023739354899976058,0.03753103017799714,0.10222053890383043,0.0364084993861183,0.001064927584571681
57,6.764771845760042e-06,1.2244969453682672e-06,0.00011473743719329881,0.00012795328629357217,2.008995949822168e-06,0.0901412335967971,0.0009482797002876556,1.1277131071453582e-05,0.003370047165661749,0.009440463975921918,0.000238583929168465,5.99447483863116e-10,1.8756315387109948e-07,0.006000624320755697,0.71149841807641,2.1918557236447004e-05,0.0001986941389989125,3.2510880842169046e-08,0.0001284367018207173,0.0017066426867789071,0.0003487378390533325,0.06574210296220012,0.08994753521646297,0.019021245538701565,0.0009828488009631592
58,7.50915518872345e-06,1.039682049803763e-06,0.00010382027865231053,0.00020341550986721816,1.946774633103874e-06,0.08961118097258274,0.0008292485204745653,7.71573984069947e-06,0.005246426394656126,0.01079259769730259,0.0002691388540799791,2.8792990245337197e-10,1.3867806135599927e-07,0.006300901237174981,0.7132287869474735,2.2458499167972186e-05,0.00018044750837008616,3.1939867420425446e-08,4.992203515873375e-05,0.0012316238367855042,0.0002135428461205617,0.035785315458417385,0.09120168862072665,0.0437764044821572,0.0009346980432610811
59,7.418133945821125e-06,9.597383454691908e-07,0.00011108972509872212,0.00021152343924346484,1.920580795751132e-06,0.08716936391222797,0.000774959946519254,7.652893401980791e-06,0.004985737794595026,0.011282297457982104,0.0002684695166151446,2.71748037999308e-10,1.3043409201405803e-07,0.006302549282419181,0.7144762664045102,2.1943694760336826e-05,0.00017648311543855638,3.188179815960639e-08,4.784950882172694e-05,0.0012800109684942362,0.000219828241193582,0.035798046691776025,0.08871787531294849,0.04725717838920209,0.0008804126640266616
60,7.4892017449136e-06,1.1224413241823787e-06,9.765201412248971e-05,0.00020529644437468946,2.0768214070453773e-06,0.09711248844560946,0.0009427253531141843,8.184475048555458e-06,0.005355400390390654,0.01087848500583696,0.00026518363457766055,3.3121059359487827e-10,1.4924643607208362e-07,0.006822455532851103,0.6986800502324042,2.4224722705118752e-05,0.00019313081751010252,3.5458115974746774e-08,5.352824015169997e-05,0.0013229469820478972,0.00024150715704438988,0.03669123077904975,0.10322636603384976,0.03680524089491025,0.0010630293441623018
61,7.5085064639591475e-06,9.477828947189074e-07,0.00011270072570055747,0.00021525886733135172,1.9211371687944147e-06,0.09047613721628389,0.000771468114337081,7.919235590483511e-06,0.004837486261332012,0.01109912276309507,0.00026622674746931707,2.7723344183340463e-10,1.3191283387521117e-07,0.006278798867156001,0.710379008731883,2.2413204110871105e-05,0.00017917046783979586,3.2874030369369036e-08,4.850820733177938e-05,0.0013150158209099567,0.00022756756935947444,0.03521705187999875,0.09215726764686005,0.04550160217157438,0.000876733011210941
62,7.4892017449136e-06,1.1224413241823787e-06,9.765201412248971e-05,0.00020529644437468946,2.0768214070453773e-06,0.09711248844560946,0.0009427253531141843,8.184475048555458e-06,0.005355400390390654,0.01087848500583696,0.00026518363457766055,3.3121059359487827e-10,1.4924643607208362e-07,0.006822455532851103,0.6986800502324042,2.4224722705118752e-05,0.00019313081751010252,3.5458115974746774e-08,5.352824015169997e-05,0.0013229469820478972,0.00024150715704438988,0.03669123077904975,0.10322636603384976,0.03680524089491025,0.0010630293441623018
63,7.579927548260823e-06,1.2105069542630193e-06,9.688797624486369e-05,0.00019775292831001527,2.1081601653334415e-06,0.09639216675829772,0.0009507317802272085,8.12286425968349e-06,0.005591291188256286,0.010825950867166987,0.0002647444932968785,3.3496595554924023e-10,1.5080583552954405e-07,0.006756832347830214,0.7034755692335055,2.355740524539483e-05,0.00019369221161522423,3.455573639454827e-08,5.386880705384606e-05,0.0012660737776386563,0.00023497419794747866,0.03721836220284571,0.09930219167344267,0.03605528498377053,0.001080860011839301
64,7.0055982663340086e-06,1.078424298366146e-06,9.983594939823502e-05,0.00020047958764855177,2.2283895139267897e-06,0.08654297137856135,0.0008715246262402695,8.26506931045889e-06,0.004498075325256116,0.010439034756183897,0.00025543252705030866,3.224752327932156e-10,1.3537902138342795e-07,0.006026801469385735,0.7244650385513131,2.2378480963034917e-05,0.00016248583821352694,3.1146901362648566e-08,5.57803529317264e-05,0.0012690764741661508,0.0002882208921960997,0.03486073709681127,0.09693361049766423,0.032022669599439745,0.0009671022667896048
65,5.8388950567156225e-06,9.668832238714428e-07,9.291286931032421e-05,0.00018465419714274226,1.838389459287346e-06,0.09356841799727492,0.0008196800283614055,7.385348852480404e-06,0.004213120544741773,0.009058205696316157,0.00024103725141547193,2.7021103453300205e-10,1.305583214551927e-07,0.005788435932338025,0.7287163634779273,2.1278878502317853e-05,0.00016267375505786118,2.5823074230493285e-08,4.884944470485912e-05,0.0011421110489025351,0.00022272491567743502,0.03228602284980852,0.09117588246072228,0.031421680518868664,0.0008197619647284389
66,1.0888574539232172e-05,1.2158796674099844e-06,0.00016748315467197313,0.0003962232670229275,4.199892316545745e-06,0.09120625528413964,0.0008043055332886188,7.198246863802719e-06,0.005144501043431606,0.024490398711786224,0.0004967619328881053,5.298714923500312e-10,1.76937777437542e-07,0.012538945088157318,0.6611446957690889,3.9338544077623566e-05,0.0002081546550486839,7.2204042039594e-08,5.677873524299727e-05,0.001653170367676917,0.000466386194948209,0.04184102943243659,0.09241162450856782,0.06577347762181153,0.0011367178906362839
67,1.0458723984312971e-05,1.5263414753689518e-06,0.00010366410606483868,0.00021569056342914686,3.2110083757323873e-06,0.06127300747987301,0.0009967299295537693,1.1553602324244828e-05,0.009584504056104289,0.012600380895098745,0.00027781218321110276,2.842476159935806e-10,1.4454539530758075e-07,0.004772036448923508,0.7596228827017255,2.6732553958690216e-05,0.00014787557584357048,2.8368992478754515e-08,6.412885045824035e-05,0.0008838699186895049,0.0002115209395945088,0.03676266189003091,0.07399357592436527,0.03750048445842009,0.0009355186498603298
68,9.252781323415145e-06,1.075050565521213e-06,0.00011135561790938575,0.0003475831412103363,2.188173544406043e-06,0.13363977738239904,0.0013177635735037896,1.1684959067388004e-05,0.006263261858217712,0.012651484630120962,0.00033737893055251655,7.017474934018997e-10,2.9257941061961124e-07,0.012012827098822223,0.5444914022656137,3.7995311649539743e-05,0.0003363412367173759,1.0299635568700191e-07,5.1542354377538553e-05,0.002774352929144264,0.0003468888158240743,0.0390383597859829,0.2031941294896531,0.04141373174935244,0.0016092265869344263
69,7.259159103047572e-06,1.0829726457952371e-06,9.859842433518799e-05,0.00019596467135294315,1.954961564947424e-06,0.09979112240712004,0.0009200169739986279,8.10989980366636e-06,0.004855111063288765,0.010598813846517629,0.00026756651930151006,3.422085097633149e-10,1.5254491901245535e-07,0.006834871475760273,0.6949710624203936,2.348376316289362e-05,0.0001948292189854149,3.518159151282876e-08,5.6599278766821263e-05,0.0013957610460735273,0.00025218978232441775,0.03785788069477061,0.10513075067087992,0.03550712187554068,0.0010296608055905552
70,8.041900879222247e-06,1.2084140503547002e-06,8.525616440890088e-05,0.00012130873394829953,1.8333927560966461e-06,0.0625225960640507,0.0008141451884850849,6.683181656526263e-06,0.004099755525065386,0.009155875474832176,0.00026107273355716255,2.8973984468722637e-10,1.1237825728217798e-07,0.005216890455413421,0.7657396931096903,1.498305588346429e-05,0.00013344705722211637,2.6845246336083826e-08,6.472629616569752e-05,0.0009488153559800726,0.00023690241975856505,0.0423774351663293,0.07776966134720796,0.0293068663244324,0.0011126631249835965
71,1.742056276398969e-05,2.0745344477467043e-06,0.00010012527777282795,0.00032109594780937225,4.780536667359308e-06,0.08390079232043775,0.00147068931457448,1.3551866519199753e-05,0.01247489150733056,0.017919138906674643,0.0003736854148892899,7.040101471955163e-10,2.5725235709457317e-07,0.010335411167020934,0.6104442704719363,4.436593968000303e-05,0.00027385504357059205,8.803984173722238e-08,7.578553503901825e-05,0.001898375139463472,0.0003478871275182257,0.04506867216747612,0.16243659463304536,0.05013121252145683,0.0023449780676969107
72,7.753983778994032e-06,1.1814815433054948e-06,0.00010936692012679927,0.0005975981603403958,3.9854692467894625e-06,0.24287347134542,0.0012804946509589717,8.693187707135357e-06,0.00980538639337364,0.016648291640613697,0.0003556282044816855,3.5363457132474256e-10,2.6091267791566606e-07,0.006365576215231415,0.5495122387145162,0.00010165387229269803,0.00023414604643577625,5.1766859521118195e-08,3.1120772997105114e-05,0.0016380850518543713,0.00019274196887661933,0.010813890826290598,0.09568714460250348,0.06318077657694265,0.0005504608812956362
