,0,1,2,3,4,5,6,7,8,9,10,11,12,13,14,15,16,17,18,19,20,21,22,23,24
0,3.191596625213559e-06,2.6818253848159177e-06,3.6772637194149054e-05,0.0013461156151332533,5.950342748118762e-05,0.914014469581021,1.3820759582636658e-08,1.1564642002529682e-09,3.1771901025860262e-06,2.230378184290785e-05,5.190150728609538e-05,1.6379772164438033e-10,8.525711082929994e-08,0.00010911640966931929,3.510674238926183e-11,3.6946173967739717e-07,0.0018325498805029752,9.723269604184118e-05,2.05269608696657e-07,4.169886160668088e-05,4.6021994422825435e-05,2.2507412816192027e-09,0.0767035060055614,0.0056121665010006915,1.6913073794399118e-05
1,4.940040839889578e-06,3.494155367611245e-06,7.997526405946598e-05,0.0017203445418772626,3.9430276534516186e-05,0.8962143004235725,1.954938451609417e-08,1.0178356732773694e-09,2.828889930653728e-06,5.0952758840417684e-05,3.0877797123427e-05,1.878802853460849e-10,7.799063274442919e-08,9.621507755053382e-05,2.035687123937234e-11,3.057548048184092e-07,0.0009336224367011978,0.00010912876033194134,1.9476709468113502e-07,3.914290090090492e-05,4.868321656528429e-05,1.3402256092110117e-09,0.09370002668025725,0.0069061215572254085,1.931459410664571e-05
2,6.189237870761846e-06,5.60645514385055e-06,6.356751803117135e-05,0.001921775854021925,0.00012924364268850064,0.7771274213905643,3.5673217306381046e-08,1.2916743668698908e-09,2.6370442444302545e-06,5.152729674337684e-05,6.068469740822244e-05,2.5351046838296593e-10,9.368202285658903e-08,0.000259151159446151,4.220125698769808e-11,2.419912813681619e-07,0.001988669742476014,0.0001356683682736204,1.47881540714953e-07,7.05938604424346e-05,5.0882878390045784e-05,1.9112095113631475e-09,0.21297704130934442,0.005096643262337033,5.217355591586847e-05
3,4.2100586265309645e-06,3.616721575631766e-06,6.0479051675077576e-05,0.0024285498672925346,5.389284107564204e-05,0.7946841901068381,2.2144721243537515e-08,1.0458335890384792e-09,1.8923263962708457e-06,4.463526200704265e-05,5.336899322645086e-05,2.0947410711829968e-10,7.142767913055558e-08,0.00018859243553323847,1.8221585632658913e-11,1.8703352392204052e-07,0.0016687599424426833,0.0001227110062138718,1.3519459542119632e-07,4.28696263555796e-05,5.368268592486779e-05,1.7498430795616105e-09,0.19419704718806158,0.006363613992919878,2.7469069943189235e-05
4,4.81853782036954e-06,3.891120744916051e-06,6.502149248607148e-05,0.0027070700019762133,5.701394664124757e-05,0.7834033770731254,2.5419753528015543e-08,1.1218873397685006e-09,2.206683955000617e-06,4.399037895805592e-05,5.8207719467213616e-05,3.014453554224235e-10,1.0152380304202806e-07,0.00021756818263016442,2.019605740377648e-11,1.986377322707825e-07,0.001952211182693081,0.00013500560253990713,1.5133848767628696e-07,4.5915059973705855e-05,6.1904475836849e-05,2.154360992552343e-09,0.20414871058876738,0.007060346120315566,3.2261314402665986e-05
5,4.371093152824125e-06,3.5530489109040445e-06,5.5786262548376056e-05,0.0033658957471049107,4.173011871378008e-05,0.7644885917071107,1.856291973441385e-08,9.213885197537908e-10,1.7147451178221657e-06,5.113356412948569e-05,5.116069762961323e-05,2.3166011472393765e-10,8.016039424326136e-08,0.00022202285437283734,1.3130900223035164e-11,1.647193420574545e-07,0.0019622174687067033,0.00017289626459310873,1.1912247935084089e-07,4.79247856630666e-05,6.247407122794138e-05,1.9240923657767542e-09,0.22183193779558624,0.007608379551415897,2.782456860854924e-05
6,4.2100586265309645e-06,3.616721575631766e-06,6.0479051675077576e-05,0.0024285498672925346,5.389284107564204e-05,0.7946841901068381,2.2144721243537515e-08,1.0458335890384792e-09,1.8923263962708457e-06,4.463526200704265e-05,5.336899322645086e-05,2.0947410711829968e-10,7.142767913055558e-08,0.00018859243553323847,1.8221585632658913e-11,1.8703352392204052e-07,0.0016687599424426833,0.0001227110062138718,1.3519459542119632e-07,4.28696263555796e-05,5.368268592486779e-05,1.7498430795616105e-09,0.19419704718806158,0.006363613992919878,2.7469069943189235e-05
7,1.7937132182131293e-05,3.5111681319139977e-06,0.00029435340357774936,0.001692648048712418,4.996140191102222e-05,0.8058754796941676,4.938414088331361e-08,1.3731639174059448e-09,2.0328680977468262e-06,7.009340324647715e-05,4.6628118548676255e-05,3.438192714449813e-10,1.1905371738944964e-07,0.00011459925037707756,1.2502550904771727e-11,1.3813873735268807e-07,0.0008578092972352071,0.0001635830794035056,2.2765239681681244e-07,3.570543486726468e-05,3.811741953246672e-05,8.457884230337164e-10,0.1782251497956707,0.01247694768686481,3.490599320662455e-05
8,4.242591541366735e-06,4.62409023067704e-06,0.00010354592037338002,0.0037463912154067605,4.139903427307124e-05,0.5230406632382629,3.234647109116302e-08,8.529628729929331e-10,9.200806258008129e-07,8.009877206783835e-05,3.571942398094497e-05,2.607128735305639e-10,5.2028577679424486e-08,0.00025108146380288667,6.46539708974189e-12,9.670536699310703e-08,0.0006791494467828396,6.555720704282842e-05,7.03343154432273e-08,5.362380993981249e-05,3.640605074667425e-05,5.922199613735467e-10,0.4650562696651245,0.006771282438170215,2.8772424535300528e-05
9,2.6210407456690958e-06,4.5614823242548385e-06,9.002355376521583e-05,0.005367294807519479,2.5518080260453515e-05,0.6500235679173988,2.3079670372442947e-08,6.842520036304123e-10,1.3157692371850685e-06,9.061959217945591e-05,2.7089032117564113e-05,2.560040409156367e-10,5.7242342290479256e-08,0.00017192586364162798,7.248748028380924e-12,1.4754250253494988e-07,0.0007219113007769888,7.242579348127149e-05,7.321988148104214e-08,5.3510701141191426e-05,6.63336756818822e-05,8.736122751428207e-10,0.33551203978890815,0.007746184827067933,2.2753868239263895e-05
10,4.2100586265309645e-06,3.616721575631766e-06,6.0479051675077576e-05,0.0024285498672925346,5.389284107564204e-05,0.7946841901068381,2.2144721243537515e-08,1.0458335890384792e-09,1.8923263962708457e-06,4.463526200704265e-05,5.336899322645086e-05,2.0947410711829968e-10,7.142767913055558e-08,0.00018859243553323847,1.8221585632658913e-11,1.8703352392204052e-07,0.0016687599424426833,0.0001227110062138718,1.3519459542119632e-07,4.28696263555796e-05,5.368268592486779e-05,1.7498430795616105e-09,0.19419704718806158,0.006363613992919878,2.7469069943189235e-05
11,4.654081908107239e-06,3.78476770589139e-06,6.56151670555243e-05,0.0026063255760188473,5.702294181893011e-05,0.7848285586068422,2.486678224063963e-08,1.1358616741873448e-09,2.0510534862131916e-06,4.6627548370803884e-05,5.5506265112378245e-05,2.571016307970173e-10,8.987445793459742e-08,0.0001980392921431152,1.9221172603867926e-11,2.0235024032916694e-07,0.0017794172483218001,0.00012845546671972401,1.449649993839635e-07,4.6941870442451885e-05,5.662372663554441e-05,1.8976027826685257e-09,0.20311923421351064,0.006971042194919491,2.9634612721513695e-05
12,4.12969452931029e-06,3.443404671684906e-06,9.011065074109997e-05,0.0026054898156863413,4.302534019288231e-05,0.8052419890251273,2.698070672504149e-08,1.5994723979901997e-09,2.3840513999800728e-06,4.247194607295154e-05,7.203350493243939e-05,2.857584923024812e-10,7.345408795073323e-08,0.0001242460680667835,2.3850021831304624e-11,2.642616400587836e-07,0.0010531901854931537,9.721776998050252e-05,2.156211822955979e-07,3.894114180438268e-05,5.446246631981094e-05,1.9714352624291556e-09,0.18065074183794055,0.009857123405284924,1.84154936225574e-05
13,1.6270104038982255e-06,2.2990734046080894e-06,4.1161969031675676e-05,0.004014644437589008,5.27012481573516e-05,0.4652349230064311,2.982804511363402e-08,2.3195106362315954e-09,1.0400431260745664e-06,1.873705319519535e-05,0.0002806825687724297,5.331684009982958e-10,6.42811858172782e-08,0.0005622375214686133,1.9687099608243796e-11,1.1507905670699276e-07,0.0019268569934071523,8.05227841098372e-05,9.82346079657285e-08,3.2662057287284346e-05,5.767071900093321e-05,3.692125716908771e-09,0.5213194028093134,0.006350562791316625,2.1953926597441968e-05
14,4.5694189244718984e-06,1.2796780234511271e-05,2.8239967571065897e-05,0.002626670260053097,0.00012904452254575103,0.6716023306521794,4.491226708918481e-08,1.1559322301154551e-09,1.737079002347371e-06,0.00010783411653173985,8.389736345189036e-05,2.282767601704254e-10,3.918288319828667e-08,0.0005328687518035984,2.3067792135166055e-11,1.9712352766432955e-07,0.0014346839895180681,0.00013176366048917452,1.9803946596082678e-07,6.634892440977665e-05,4.596686369285761e-05,2.080315189309249e-09,0.31669748171363715,0.006459734042304415,3.354914791467572e-05
15,4.2100586265309645e-06,3.616721575631766e-06,6.0479051675077576e-05,0.0024285498672925346,5.389284107564204e-05,0.7946841901068381,2.2144721243537515e-08,1.0458335890384792e-09,1.8923263962708457e-06,4.463526200704265e-05,5.336899322645086e-05,2.0947410711829968e-10,7.142767913055558e-08,0.00018859243553323847,1.8221585632658913e-11,1.8703352392204052e-07,0.0016687599424426833,0.0001227110062138718,1.3519459542119632e-07,4.28696263555796e-05,5.368268592486779e-05,1.7498430795616105e-09,0.19419704718806158,0.006363613992919878,2.7469069943189235e-05
16,3.4565825914904267e-06,5.411456411354507e-06,4.6765243412916055e-05,0.003577340733289942,5.4702014108350385e-05,0.7074361547107249,3.383405962208719e-08,1.5441604528847826e-09,2.0443380855034527e-06,0.00010443987051874748,4.981631493244033e-05,4.363904433800951e-10,9.592171778309573e-08,0.00033157423772471503,2.807520440938056e-11,2.9364083540832016e-07,0.002601345537224326,0.00018775921886610259,1.844099492045571e-07,7.150244174223758e-05,0.00014835680386824973,4.642771731662657e-09,0.27918799586189197,0.006147848703115608,4.2871473531218465e-05
17,2.6055396400287747e-06,3.1482969471667643e-06,3.224871388614596e-05,0.003804712674294347,7.398095124548148e-05,0.4933555153344524,2.5446385925482864e-08,1.3402520498570254e-09,1.133915830036885e-06,4.2139466216034803e-05,8.218482516131043e-05,3.85590358984374e-10,1.1885359298815805e-07,0.0005114091258828007,1.5698011854488708e-11,1.555671825565881e-07,0.004639895048434348,0.00013925016369568005,8.23264829892668e-08,7.462200715067813e-05,7.6488328126756e-05,3.6788959657795767e-09,0.4920827176387519,0.005035271919445016,4.228843675919061e-05
18,5.778233825620886e-06,3.7746481739937712e-06,4.282266099947218e-05,0.0024884310791988824,9.716594335894734e-05,0.6914129945315323,2.8171700453806193e-08,7.378048985010531e-10,1.5246365238753338e-06,6.964539278651065e-05,4.024968115381536e-05,2.797654012152125e-10,1.4325994268123943e-07,0.0004615774094776551,1.9102367885662476e-11,1.3396598224224333e-07,0.00628738729382813,0.00032711186957726164,7.85827151294332e-08,7.650775517620669e-05,0.00010552419929807711,2.949926583999812e-09,0.2947455835813149,0.003731903588276524,0.0001016295285581402
19,4.307503181658297e-06,5.540574429518876e-06,9.970408423764642e-05,0.004368817193306203,6.40881248733397e-05,0.6975741468701306,5.223596656556051e-08,1.7723275112452492e-09,2.7980640394591647e-06,7.360295526640601e-05,6.158356244809741e-05,5.797775452263302e-10,1.3220776317762816e-07,0.00025071331720945695,2.691615869752617e-11,2.9736274715336635e-07,0.0019079122785449472,0.000127748956000652,1.7464395427316477e-07,6.267430504753166e-05,0.0001108875049202862,3.1344672717876083e-09,0.2874873048024951,0.007758643706016865,3.886423393247752e-05
20,2.8235531059785716e-06,3.3323441347635456e-06,6.312163441310451e-05,0.0030684295384771983,4.587626640099016e-05,0.7763829998120708,2.6564266382170953e-08,2.5487541404647177e-09,2.124537566551599e-06,4.6198715844340944e-05,9.265225491372323e-05,3.2736831214987715e-10,7.406188525332924e-08,0.00022611561670299275,5.0121445633531696e-11,2.9750530304141253e-07,0.002201238434845536,0.0001439824413291487,2.0163489535258327e-07,4.8862463806632275e-05,8.667861237188841e-05,5.255100830030379e-09,0.21170817865869393,0.005849358088166117,2.7419079461516854e-05
21,4.182611877582967e-06,5.893409994340326e-06,6.363779684264448e-05,0.0038818336877170993,4.439060537284959e-05,0.8283578315780572,2.4478270314502744e-08,1.622354002959336e-09,2.91495991815485e-06,7.358294345742925e-05,4.637676895310221e-05,3.6155891148593355e-10,9.340606203744535e-08,0.000304656588557448,1.6784627269480947e-11,4.1289975266878444e-07,0.0010656931620517576,0.0001341044684779053,1.8033671516321015e-07,6.501606816659761e-05,7.320206105274054e-05,1.8571965245623072e-09,0.15802953513148488,0.007826489076743593,1.9944102580519282e-05
22,5.903655385342993e-06,1.9403573343468872e-06,5.450247077439382e-05,0.0016363583476674104,4.370360098339308e-05,0.8657718044113115,1.0878774481303604e-08,8.382955863061339e-10,1.4934057813167425e-06,3.2044055212654666e-05,5.277519170051632e-05,1.0455602016310888e-10,6.266494471175438e-08,0.00013783965296317618,1.6633175445079986e-11,1.4190596020309408e-07,0.0030503543145398407,0.0002619811585022851,1.0949801441083867e-07,3.5229165258388006e-05,4.56654537461974e-05,2.0943444556135787e-09,0.12324446271684444,0.0055959312676365745,2.768277283513785e-05
23,4.2100586265309645e-06,3.616721575631766e-06,6.0479051675077576e-05,0.0024285498672925346,5.389284107564204e-05,0.7946841901068381,2.2144721243537515e-08,1.0458335890384792e-09,1.8923263962708457e-06,4.463526200704265e-05,5.336899322645086e-05,2.0947410711829968e-10,7.142767913055558e-08,0.00018859243553323847,1.8221585632658913e-11,1.8703352392204052e-07,0.0016687599424426833,0.0001227110062138718,1.3519459542119632e-07,4.28696263555796e-05,5.368268592486779e-05,1.7498430795616105e-09,0.19419704718806158,0.006363613992919878,2.7469069943189235e-05
24,4.083396640158127e-06,5.757404110748214e-06,4.331658572907155e-05,0.003723083148266288,5.035447816740479e-05,0.7305600743898115,1.9722670732070398e-08,1.1052107392062436e-09,1.67768532388493e-06,6.578228942453245e-05,4.997895232276791e-05,2.4584283032993204e-10,7.185708770489082e-08,0.0003641112668125507,1.2365697947977105e-11,1.9606455317904656e-07,0.0018776377225231883,0.00014024012139711103,1.3425554030932085e-07,6.388942461678518e-05,5.452809400935595e-05,1.896838953754142e-09,0.25623246997261356,0.0067367551908712716,2.5834717249389744e-05
25,1.4436942852668429e-06,2.554352988433906e-06,3.585520829191186e-05,0.004523933563012766,4.7725698024173166e-05,0.5969443677199955,2.5909068745094358e-08,3.392899446073728e-09,9.780003676784344e-07,3.5500613296432345e-05,0.00019283831007078234,2.7942401268781435e-10,4.047219365151851e-08,0.0005727468634232065,1.42052133882971e-11,2.1184756951651469e-07,0.001483565356482586,9.278627897150295e-05,1.0986165663436625e-07,4.7875954901321025e-05,5.346377181468182e-05,2.7379911904358838e-09,0.389472213757599,0.006479862700890878,1.1893640575425046e-05
26,4.740798370970426e-07,2.56421578194894e-05,3.506960686183215e-05,0.020072662484434997,0.0001469987201022654,0.6196296894222698,1.0419738143928624e-06,5.91594038127537e-08,3.5704826513588373e-06,0.00039970319253955033,0.00021717658077424193,6.310276530076079e-09,3.194507492411405e-08,0.01827962145150659,3.2616047429549567e-09,2.4464318120118498e-06,0.002554808058399382,0.00018110272860165063,1.5666702023727466e-07,7.901907970136577e-05,0.0006061097795439439,9.748554270882522e-08,0.33707025631815335,0.00019648367528756573,0.0004977689469661321
27,3.352708983173865e-06,3.1758885815801286e-06,4.9363308734893724e-05,0.002401740992500913,4.593948711576501e-05,0.8145702994857895,1.7863866953462118e-08,1.2714199068032347e-09,2.0625145676452796e-06,3.749161377717815e-05,6.746903113528229e-05,2.0621088376290315e-10,6.63149814320052e-08,0.00018457987840955363,2.5278728479788557e-11,2.2345073872044595e-07,0.0019356181422466856,0.0001333330893336578,1.626291336873348e-07,4.059200768651147e-05,5.8489025978454246e-05,2.9337188647015105e-09,0.17388577542622594,0.006557822533694558,2.242016988959233e-05
28,4.2100586265309645e-06,3.616721575631766e-06,6.0479051675077576e-05,0.0024285498672925346,5.389284107564204e-05,0.7946841901068381,2.2144721243537515e-08,1.0458335890384792e-09,1.8923263962708457e-06,4.463526200704265e-05,5.336899322645086e-05,2.0947410711829968e-10,7.142767913055558e-08,0.00018859243553323847,1.8221585632658913e-11,1.8703352392204052e-07,0.0016687599424426833,0.0001227110062138718,1.3519459542119632e-07,4.28696263555796e-05,5.368268592486779e-05,1.7498430795616105e-09,0.19419704718806158,0.006363613992919878,2.7469069943189235e-05
29,4.2100586265309645e-06,3.616721575631766e-06,6.0479051675077576e-05,0.0024285498672925346,5.389284107564204e-05,0.7946841901068381,2.2144721243537515e-08,1.0458335890384792e-09,1.8923263962708457e-06,4.463526200704265e-05,5.336899322645086e-05,2.0947410711829968e-10,7.142767913055558e-08,0.00018859243553323847,1.8221585632658913e-11,1.8703352392204052e-07,0.0016687599424426833,0.0001227110062138718,1.3519459542119632e-07,4.28696263555796e-05,5.368268592486779e-05,1.7498430795616105e-09,0.19419704718806158,0.006363613992919878,2.7469069943189235e-05
30,4.2100586265309645e-06,3.616721575631766e-06,6.0479051675077576e-05,0.0024285498672925346,5.389284107564204e-05,0.7946841901068381,2.2144721243537515e-08,1.0458335890384792e-09,1.8923263962708457e-06,4.463526200704265e-05,5.336899322645086e-05,2.0947410711829968e-10,7.142767913055558e-08,0.00018859243553323847,1.8221585632658913e-11,1.8703352392204052e-07,0.0016687599424426833,0.0001227110062138718,1.3519459542119632e-07,4.28696263555796e-05,5.368268592486779e-05,1.7498430795616105e-09,0.19419704718806158,0.006363613992919878,2.7469069943189235e-05
31,1.0981996227530734e-05,4.4654102583856535e-06,0.00015718548083815527,0.002783398008260522,5.1393849609163636e-05,0.7525820714095095,4.248720154753938e-08,2.1161875479756297e-09,1.6543068053236329e-06,9.068720462882233e-05,5.03037723572581e-05,3.0371772252444593e-10,8.370766329671968e-08,0.0002447650431443159,1.533629603879795e-11,1.5069196577651265e-07,0.0015723440827641977,0.00022385491307106033,1.8243471643764978e-07,4.6507343418365916e-05,6.200021125505329e-05,1.6381695060113564e-09,0.23486958691764545,0.007209115330489223,3.9221324759526626e-05
32,4.728119899797352e-06,3.892501773987947e-06,6.127061700403708e-05,0.00226865548062394,5.084693419301598e-05,0.8098479465379665,2.2073108624751874e-08,1.1102642357660956e-09,1.996137376327924e-06,4.576599941260793e-05,5.35973193389024e-05,2.1754770014311993e-10,7.1255893230572e-08,0.00017864265891456743,1.9255017876359782e-11,1.8965510324292097e-07,0.0016098755725755135,0.00012555415208568728,1.6841742587573823e-07,3.98706703329774e-05,5.188518941774754e-05,1.886176668112902e-09,0.1788355718387902,0.006793286966208168,2.6158669311482373e-05
33,3.5618100367658316e-06,3.286670100210452e-06,5.101502564367989e-05,0.0025797411859326365,4.952392058051662e-05,0.7766835667883171,2.0125148373599668e-08,1.1267108258176304e-09,1.6269599417215093e-06,4.420118092573346e-05,5.734397903410485e-05,2.0310151172693535e-10,7.075024486743646e-08,0.00020772606702982023,1.5748057187300035e-11,1.9199881682104038e-07,0.0018275771346502388,0.00011836429495299827,1.3314604541364237e-07,4.357627931425427e-05,5.187130802835526e-05,1.925533953858428e-09,0.21171799388697699,0.006535017416872169,2.3586800312961905e-05
34,4.826347762720772e-05,7.061331440764342e-06,0.00019025576543009551,0.0005535761172088289,5.3284431853718645e-05,0.9621031487615197,2.621746701850019e-08,1.0620717420957979e-09,1.57828335111832e-05,1.2879623188800948e-05,5.18838829960017e-05,4.95870184950725e-10,1.4890526159093565e-07,5.0616118209957656e-05,4.9728983075568403e-11,1.6917493949960557e-07,0.0007077214897957966,0.00019685314978842348,1.2865274301167356e-06,1.1196531922025565e-05,3.369641698281972e-05,1.8659691152481453e-09,0.021877311125135624,0.014062287590023351,2.2547054627671025e-05
35,6.447616565622166e-05,6.379350652725157e-06,0.00027597947063066485,0.004137592953690592,5.747612727174153e-05,0.8895675387873015,5.690014495478301e-08,2.9007088669526465e-09,7.646843901919273e-06,9.522036214529784e-05,4.6890214706768464e-05,6.241768452790966e-10,1.921883176684862e-07,0.0001952926353612842,1.636243704483007e-11,2.1281982734856518e-07,0.0030970622760524607,0.001764422935514709,3.547438788261131e-07,3.517216531305426e-05,0.0001345334170214541,3.761802126299149e-09,0.08624553282305868,0.014208234789330542,5.972472717121914e-05
36,7.637273315684431e-06,4.916961782187343e-06,9.533235341523077e-05,0.0033654714420677393,7.359304818785862e-05,0.7991270400317527,4.733351853811429e-08,4.748700719948127e-09,3.796079376516673e-06,4.647641486695882e-05,0.00011038726813156182,1.063546445005458e-09,3.167110966950928e-07,0.000366825394007668,5.5071973346374183e-11,5.555617842068144e-07,0.004135234518082893,0.00019622016303524694,4.63389355459559e-07,7.35235668965842e-05,0.00010011834217169315,7.258534667418182e-09,0.18366895377963402,0.008582100600757842,4.097664090910227e-05
37,1.1763106087861363e-05,4.7927809115658595e-06,0.00011778551837168584,0.00334134991658408,4.793704440843663e-05,0.6725095175282179,2.8995931601314342e-08,8.159628580575454e-10,1.7818246572612025e-06,9.17010442862033e-05,4.379420887233545e-05,2.548628683414608e-10,9.101161889922966e-08,0.00015833166597885377,7.214276382827691e-12,1.223616769945933e-07,0.001583991086095103,0.0002500781943874782,1.4866477815396918e-07,5.658515889742444e-05,5.737940755440915e-05,1.329760825434162e-09,0.3060351618932167,0.015656336246085627,3.131993358057929e-05
38,2.6355919586171296e-06,3.871622966259804e-06,4.094978210047061e-05,0.005050282342099031,5.1008592379588135e-05,0.5893556643854129,1.952465645364357e-08,1.4146603208610604e-09,1.5283953355344077e-06,4.7726041876196795e-05,7.596915434231396e-05,3.212318151389506e-10,9.015837733439189e-08,0.0003583486410323739,1.4272955481164323e-11,1.7686927926903418e-07,0.0038171920100371617,0.0001583242218356579,1.0402713752409142e-07,7.67777744760285e-05,9.391167127410725e-05,3.61208075581627e-09,0.3941580400771962,0.006677868049976007,2.950570400527262e-05
39,1.8748592039769462e-06,5.42869608782815e-07,5.745494696137354e-05,0.0011141188280940468,1.4949466499289856e-05,0.9398707428885358,8.807910090630495e-09,9.728352271447148e-10,1.011461183661933e-06,2.3955551332589503e-05,2.182049759405471e-05,8.842611822864726e-11,6.310134482836246e-08,4.6753343877590565e-05,1.3862004052335475e-11,2.0188414817580006e-07,0.0013688366035460697,9.959048304042534e-05,9.178487627168908e-08,1.77121806826235e-05,5.1832755259133304e-05,1.2698572221109674e-09,0.053904651844229844,0.0033909862010374618,1.2797296053628965e-05
40,6.5915282553686025e-06,4.667262337552218e-06,0.0001172108709765121,0.0014274626536710125,7.619193344404559e-05,0.8463507480406137,4.092008493020225e-08,1.0160494548982667e-09,3.212417470541467e-06,3.47224889166148e-05,5.54674251901759e-05,3.6073312525905846e-10,9.355133175919052e-08,0.000178549166355087,4.846832291903835e-11,1.6488098559639045e-07,0.0011208302006315211,9.405321756185178e-05,1.7838746983433595e-07,2.8674484984010475e-05,4.87873423815018e-05,1.7893397464503282e-09,0.14571219484771347,0.004687274606888548,5.288055814587682e-05
41,9.615566098593897e-06,4.075590791854526e-06,0.00011554365772856572,0.0013075137473178894,0.00018610528899587434,0.9153224132602322,3.52690700931089e-08,8.323726858653301e-10,6.312048711804414e-06,1.8136607671777135e-05,4.851292684328791e-05,2.1641900298790154e-10,1.4384576931466214e-07,0.0001002412160694464,4.664172555185369e-11,3.3192785429239475e-07,0.0011003258064566394,9.84371595080454e-05,1.0868491664027931e-07,4.47135004768026e-05,3.350627917388964e-05,7.404584153745106e-10,0.07602648829222751,0.005538156649267066,3.928083892645798e-05
42,1.9065190723128699e-06,1.8212304406834263e-06,5.0377010411678365e-05,0.0026494279443329753,1.5576929352149678e-05,0.869117913013223,1.2485479503513687e-08,2.6881527125442454e-09,1.736599716602375e-06,4.947453468369764e-05,5.240118187133754e-05,2.75792861112455e-10,8.624392687854775e-08,9.778866442972877e-05,2.9762915512892135e-11,5.167425925272209e-07,0.0018286013939483822,0.00011490679025790607,3.4452415657204217e-07,4.272615561165697e-05,8.345654724265211e-05,5.4913981229033595e-09,0.11776999059236302,0.008109986307501227,1.0940104279006202e-05
43,1.2384775005691066e-06,1.7198734974385957e-06,2.8558711171361435e-05,0.00201126537490628,1.6857663805845772e-05,0.8497923840999898,1.0525690054270711e-08,9.245366161789747e-10,8.419590715210315e-07,0.00012593028158916562,1.7002104554807474e-05,8.265094151530767e-11,3.665835390764426e-08,0.00011900162127830183,1.1673209353860351e-11,2.4837052574485234e-07,0.0014951403651123553,0.00013443161840158308,1.0177299394361963e-07,4.651054394529794e-05,8.66760096492535e-05,2.4062922350556177e-09,0.1422105935560475,0.0038962471758183874,1.519981094404933e-05
44,4.2100586265309645e-06,3.616721575631766e-06,6.0479051675077576e-05,0.0024285498672925346,5.389284107564204e-05,0.7946841901068381,2.2144721243537515e-08,1.0458335890384792e-09,1.8923263962708457e-06,4.463526200704265e-05,5.336899322645086e-05,2.0947410711829968e-10,7.142767913055558e-08,0.00018859243553323847,1.8221585632658913e-11,1.8703352392204052e-07,0.0016687599424426833,0.0001227110062138718,1.3519459542119632e-07,4.28696263555796e-05,5.368268592486779e-05,1.7498430795616105e-09,0.19419704718806158,0.006363613992919878,2.7469069943189235e-05
45,2.68928640801945e-06,1.5941320272313323e-06,7.636371435213315e-05,0.0015442141333026531,3.7061740827734915e-05,0.912373997198606,1.971436672181723e-08,2.3081193269247383e-09,1.9796784354001274e-06,2.273954613831235e-05,8.371382499363168e-05,1.5526507696171138e-10,5.727473077639202e-08,8.224411561971196e-05,4.5337820714063196e-11,3.8692646476681794e-07,0.0008636565034713955,7.89608239850661e-05,1.9751932981715694e-07,2.6949545411616237e-05,3.16689276986334e-05,1.8421558738841591e-09,0.0787954341278349,0.005964155651657753,1.1911263459694763e-05
46,3.2182612802632438e-06,2.5599706391613525e-06,4.7869860114110786e-05,0.00260358112919569,4.077701727266485e-05,0.7851265252096343,1.546740258464332e-08,1.0409885828174682e-09,1.4336737779277863e-06,3.725993513425742e-05,5.540859382363938e-05,1.9049804268292081e-10,7.727734589938799e-08,0.00018304387436165817,1.6034651280457795e-11,1.8107423553104945e-07,0.0024921354383578287,0.000124959601881073,1.2348089879194321e-07,4.296093646250269e-05,5.4929675055346077e-05,2.310144416701351e-09,0.2029744376725583,0.006184239826788432,2.4258466114518413e-05
47,1.220439555774887e-05,5.1227940335508596e-06,9.843449600756762e-05,0.0023696825291630638,6.911087077626047e-05,0.830528045415378,3.072108678923777e-08,9.810957059797196e-10,4.43657203025287e-06,6.40068310409661e-05,3.484987066854845e-05,5.962626084171726e-10,3.177369504123637e-07,0.00014505495715977804,3.033758275336518e-11,4.109518612521108e-07,0.003754250032434468,0.00024243029341002617,2.967307327605098e-07,7.825173866275159e-05,0.00011648597062559545,3.817056919194856e-09,0.1511806243129734,0.01123831479993594,5.763255475808515e-05
48,3.6662927558366145e-06,3.978368310382561e-06,4.5857698179224305e-05,0.00211969472857238,3.8462938302287456e-05,0.8001604574860838,1.9622842500151173e-08,1.0579557686138297e-09,1.5861016086366262e-06,5.2693414809174726e-05,5.222533339223004e-05,2.0311234685516766e-10,5.7722341435255283e-08,0.00018513299430778318,1.5240910596271864e-11,1.7872778131975127e-07,0.001498820599885124,0.00010531314942395276,2.1555728630559292e-07,3.621565915211906e-05,4.7337139947254236e-05,2.1298508203938736e-09,0.1881970382507284,0.0074312568450473045,1.9787963082931173e-05
49,3.4572270713192698e-06,3.064009792783615e-06,7.120399580935319e-05,0.0029197656426630317,3.539801784302029e-05,0.7622076335318563,1.9905923372621763e-08,9.542882405637484e-10,1.595891716866901e-06,4.9111158881236283e-05,4.717980754702304e-05,2.438974807193976e-10,7.325974649396994e-08,0.0001848461192720282,1.5313279148695282e-11,1.6098008447733612e-07,0.0014409728672426204,0.00011533397496935407,1.1309950690476267e-07,4.105979297702455e-05,5.9103844795791115e-05,1.7887699414820394e-09,0.22618823651524378,0.006604507438161828,2.7159916626291138e-05
50,5.657507964088082e-06,6.12027737951883e-06,8.93984712735422e-05,0.0023376506666655267,9.553510244108914e-05,0.5522358487049323,1.1057494133918518e-07,2.8323636243845597e-09,9.149569689234617e-07,0.00017926025674349448,5.388514929455872e-05,4.064021879391966e-10,7.873125416365264e-08,0.0004865502821893114,2.136592977498611e-11,1.6482445355396396e-07,0.0015606631723750347,0.00012116515601010444,1.7593175195707421e-07,5.559608238450207e-05,6.397787352685637e-05,1.9066271107352066e-09,0.43880276086673137,0.003841307724810249,6.317251914971134e-05
51,8.359122068817938e-06,3.708630331791266e-05,7.281691701931614e-05,0.012348662938009512,3.183249596939847e-05,0.6497148471044634,3.633601154865896e-08,3.425966416077465e-09,3.8500627594132325e-06,0.00013994332258206635,9.718936281376263e-05,8.612350331077538e-10,3.692554351414629e-08,0.0011936985355560027,3.5490008967881433e-11,1.6633930004566873e-07,0.0021562534216494596,0.0003296697776992414,4.4121409579656905e-07,6.156188724928072e-05,0.00011128307374650875,1.083205900577475e-08,0.3263184048750518,0.007331265222502538,4.257960784017857e-05
52,3.0649543394520906e-06,1.2233004763093134e-06,3.322017405666883e-05,0.0009037793029323097,3.144192405658873e-05,0.9283795025788134,7.1163967615981e-09,6.072868985539423e-10,1.2764961257002665e-06,2.3496281413301472e-05,3.751167874099792e-05,5.5205035115895454e-11,3.74116684883049e-08,0.0001122074971463531,1.6376441720480482e-11,1.3795317304072752e-07,0.0012430208291428527,0.000166793227776008,8.343858736907294e-08,2.2947903134768908e-05,2.4249915712954497e-05,1.108145815956851e-09,0.06547379327984534,0.003525546472384382,1.665647706280049e-05
53,4.372004978336146e-06,3.481682867387224e-06,5.712854533564531e-05,0.0023098238419028,4.698575044110869e-05,0.818311484449224,1.79804210951238e-08,9.476653145997288e-10,1.8622679286883291e-06,4.212953410212938e-05,4.831778892504415e-05,1.8572599237191007e-10,6.814532668874181e-08,0.00017603727051856527,1.6545402845608722e-11,1.7795371599435533e-07,0.0017062051404084194,0.00012875162620809571,1.371232825850114e-07,4.022535345614569e-05,5.0616596299181275e-05,1.7077139261914589e-09,0.17074914967167668,0.006297527699117603,2.549671621325722e-05
54,9.370712187885565e-06,1.2117704949481162e-05,7.907326103521171e-05,0.0020041294134107383,8.551336622214971e-05,0.8196009791722844,3.7202473210213725e-08,7.060746089116727e-10,2.9702053073275665e-06,7.25875891487783e-05,3.2244141135582135e-05,3.362779309981595e-10,7.262431808967566e-08,0.00034855410080286453,4.116440707252271e-11,1.6697319784323702e-07,0.0012726653521870634,0.00012153028489121427,1.721537151998679e-07,4.335523407827145e-05,4.960394133729965e-05,1.6283102357689498e-09,0.17253687547853283,0.0036424957872303013,8.548258972691673e-05
55,2.0873582911492555e-05,7.002799415889634e-06,0.00017853074922961307,0.003925115192454606,6.639279727169067e-05,0.895163724842471,4.617204235385069e-08,9.407859975262318e-10,1.6331127168486767e-05,3.6565052193541155e-05,3.9003723545601545e-05,1.3727030083518643e-09,4.801451289839482e-07,0.00013200973291030137,2.6496999139045195e-11,3.8276926246091584e-07,0.001472890460625517,0.00034533220646482945,3.026936566570288e-07,4.710387980866505e-05,0.00012975122204212627,2.309983247512814e-09,0.080131439916431,0.01823754103712484,4.91752478708081e-05
56,4.6251399153820695e-06,3.763389229317059e-06,6.577706718964125e-05,0.002576897908024586,5.487984854378012e-05,0.7877318110927549,2.474181107373549e-08,1.1317135474936472e-09,2.056578294130733e-06,4.5244066542977e-05,5.604019131835311e-05,2.655040291976462e-10,8.907522025745377e-08,0.00020024644334181105,1.9564053538881446e-11,1.955826520329507e-07,0.0017617432628749402,0.0001268285618997848,1.492868002398487e-07,4.47610833259669e-05,5.7218242328112675e-05,1.941378119553408e-09,0.2003571342753272,0.006880603062555644,2.9907741890123604e-05
57,6.053505315702864e-06,5.368484399568924e-06,7.462461734035431e-05,0.0033962303935792027,6.265090302322773e-05,0.7307190451198602,3.364764844863293e-08,1.6183110244078078e-09,3.0637164815038766e-06,7.049145686016973e-05,5.019338921179585e-05,6.917091301865889e-10,2.5533297636564013e-07,0.0002460843671525948,2.870344988632169e-11,3.6436028584848597e-07,0.003676888572241968,0.00016649590540182853,2.6928788363606467e-07,9.285935569904478e-05,0.00010603268907506032,4.4814316759914095e-09,0.2521699850061594,0.009106002979204768,4.700009004409287e-05
58,5.069804868015737e-06,3.438705984326959e-06,6.96186591726796e-05,0.0024358930871219756,4.925164606322957e-05,0.7918023287649704,2.2991041085889452e-08,1.0300752510432406e-09,2.135520580883711e-06,3.873062106438151e-05,6.0494716524212766e-05,2.6049200646411903e-10,8.543399852617163e-08,0.00015502309802414981,1.5526069357980924e-11,1.8544267135610885e-07,0.0013690638809282652,0.00011615938905486872,1.6798857943585268e-07,3.752876141575968e-05,4.9926113834247315e-05,1.6253571102245965e-09,0.19426317661564807,0.009518868468698654,2.2827358305018603e-05
59,4.431975806362079e-06,3.2477782770484117e-06,7.59404133561545e-05,0.00252383636905964,4.532383159398324e-05,0.7893425009524032,2.176923449421723e-08,9.992269118430582e-10,2.015895634380274e-06,4.1189503453147086e-05,5.5812891055300766e-05,2.2355463093022391e-10,7.176140515170535e-08,0.00013578693018977874,1.5614464080557375e-11,1.880277812811109e-07,0.001224442445525195,0.00010684715305862249,1.447714639034764e-07,3.9396030121324746e-05,5.0521867493163823e-05,1.5042819729137104e-09,0.19724258044090945,0.009084254387662378,2.1442061838143837e-05
60,4.2100586265309645e-06,3.616721575631766e-06,6.0479051675077576e-05,0.0024285498672925346,5.389284107564204e-05,0.7946841901068381,2.2144721243537515e-08,1.0458335890384792e-09,1.8923263962708457e-06,4.463526200704265e-05,5.336899322645086e-05,2.0947410711829968e-10,7.142767913055558e-08,0.00018859243553323847,1.8221585632658913e-11,1.8703352392204052e-07,0.0016687599424426833,0.0001227110062138718,1.3519459542119632e-07,4.28696263555796e-05,5.368268592486779e-05,1.7498430795616105e-09,0.19419704718806158,0.006363613992919878,2.7469069943189235e-05
61,4.7852209256076715e-06,3.444334939465772e-06,7.719652633523482e-05,0.0025557824458116883,4.8619563603199047e-05,0.7838518378669899,2.3753848396630698e-08,1.0438923688055684e-09,2.0494318861245148e-06,4.349350936181342e-05,5.65414740572556e-05,2.410123963902686e-10,7.868613624627079e-08,0.0001477327439204831,1.649131829588538e-11,1.845479249762966e-07,0.0013270523629019904,0.00011609760873853864,1.4823587539628918e-07,4.062748203648417e-05,5.23039636578686e-05,1.5947441262013335e-09,0.20276351461050726,0.008884496956927434,2.3985777474464357e-05
62,4.2100586265309645e-06,3.616721575631766e-06,6.0479051675077576e-05,0.0024285498672925346,5.389284107564204e-05,0.7946841901068381,2.2144721243537515e-08,1.0458335890384792e-09,1.8923263962708457e-06,4.463526200704265e-05,5.336899322645086e-05,2.0947410711829968e-10,7.142767913055558e-08,0.00018859243553323847,1.8221585632658913e-11,1.8703352392204052e-07,0.0016687599424426833,0.0001227110062138718,1.3519459542119632e-07,4.28696263555796e-05,5.368268592486779e-05,1.7498430795616105e-09,0.19419704718806158,0.006363613992919878,2.7469069943189235e-05
63,4.801247163912277e-06,4.838086450478278e-06,6.273864037443383e-05,0.002575424200130369,5.6559637281841554e-05,0.7812817318643527,2.40110069346024e-08,1.0334652960948203e-09,2.0565041558182707e-06,5.069136965063667e-05,5.25082401950127e-05,2.3427805695581025e-10,6.970866441370185e-08,0.0002027993735508863,2.012351094097928e-11,1.838943994282194e-07,0.0016509203202267327,0.00012081985498089951,1.5451766302941965e-07,4.4418658639981944e-05,5.511325325501375e-05,1.907116317794404e-09,0.20726675854306612,0.0065370501944587425,3.0334685349335092e-05
64,3.6083091296115737e-06,3.6207183026403315e-06,6.141392298550831e-05,0.0027379209335891912,4.78534911786914e-05,0.7813473713957717,2.4135134627721827e-08,1.0545799447269828e-09,1.971553237568282e-06,5.3614757227821854e-05,4.643465068909344e-05,2.5890377914815275e-10,7.755411024348428e-08,0.0001960617317188596,1.987999601779848e-11,2.009683744053573e-07,0.0016942993806448794,0.00012658862091408118,1.3008402935957858e-07,4.529791554339384e-05,7.685038783658577e-05,2.1576176140114725e-09,0.20738517762793474,0.006140883636183792,3.059473448165089e-05
65,3.2166831080128234e-06,3.5725554654186422e-06,5.994245054392179e-05,0.002680625657941815,4.86554233023288e-05,0.7475592435116688,2.5720802443802908e-08,1.2190441964927938e-09,1.2634803659533526e-06,6.657835501492314e-05,4.62287715467041e-05,1.8520284845100579e-10,5.3527226437824494e-08,0.00022722347389541434,1.710154951744361e-11,1.6917683558868114e-07,0.0015222586527877083,0.00011185014736058769,1.0878451098223341e-07,4.6618781252357864e-05,5.809577556794431e-05,1.6324074988062357e-09,0.24272469506217187,0.004809779112861809,2.9791842012874592e-05
66,4.931046228715569e-06,2.4901347408222067e-06,7.26793179922322e-05,0.00179150420808809,5.552880143660713e-05,0.8190299752403148,1.9571491982107397e-08,6.487760183576414e-10,1.7118187724765039e-06,4.743768437951994e-05,3.6066364863860747e-05,1.4302851919106934e-10,7.53089719498012e-08,0.0001016736592030965,1.3807599300148439e-11,1.6834082682130402e-07,0.001481868617839718,0.0001251616895652247,9.737663253877275e-08,4.57692415855994e-05,4.8376621221937436e-05,1.0642487082092222e-09,0.16985113523562287,0.007274872109919816,2.845574044025042e-05
67,1.867945416369538e-05,1.4749740395983845e-05,0.00014588779682569628,0.0022492917547319766,0.00015882498037474515,0.8141086847336668,7.898514709184813e-08,2.1843232624799592e-09,7.198765235377463e-06,6.135182318284135e-05,9.641165102488199e-05,5.685841015458865e-10,1.1384394949046539e-07,0.00019896575065220942,6.437192195416903e-11,2.898299487779768e-07,0.002053255263965627,0.00021105269710195798,5.412633909020688e-07,4.849336330772603e-05,8.426879611883843e-05,3.8251686475588266e-09,0.17023144304727023,0.010255573787537574,5.483602955958838e-05
68,3.7106804343245647e-06,3.748673015207222e-06,4.2020310067011286e-05,0.0017144030181213158,8.030936849251781e-05,0.8292284309399259,2.3717130015832963e-08,1.0888254303986663e-09,1.952488565475082e-06,3.659521582715208e-05,6.491292607296086e-05,1.851397863662333e-10,7.335798855242886e-08,0.00020061679390744245,3.3589089287845064e-11,2.2943038525031942e-07,0.0019012768138539269,0.0001035135744906803,1.5669357915524435e-07,4.477139569971738e-05,3.999098003615474e-05,2.0067456929522894e-09,0.16151952411386586,0.004982587056293662,3.114913794777315e-05
69,3.955661905501301e-06,3.56853653807626e-06,6.07578179401711e-05,0.002525002604556603,5.240141237085156e-05,0.7839824098874726,2.2379487199740637e-08,1.076820486803617e-09,1.8200049608454487e-06,4.4615468838934275e-05,5.557044618085918e-05,2.106878264737589e-10,6.785033750282526e-08,0.00018685937888422602,1.7802422847315034e-11,1.8678546664767303e-07,0.0015628716512752702,0.00011490410776761743,1.331423771478362e-07,4.260823112221169e-05,5.3313086939530535e-05,1.7118137740548356e-09,0.2047155152040972,0.006567485134907651,2.5928189448772042e-05
70,3.631414718053923e-06,3.6004609044277814e-06,5.022632728776248e-05,0.0022170221664466754,4.817356148514001e-05,0.7917711299299043,2.031787419689816e-08,8.98573589931273e-10,1.7968734764221496e-06,4.1980158638023393e-05,5.50378702974902e-05,1.9259588635409415e-10,5.7310189271218725e-08,0.0001648217478309059,1.706174386163786e-11,1.6769847029588227e-07,0.0014172546140797642,0.00010501483417565839,1.4980164724805502e-07,3.4869539825959366e-05,5.1394602596034056e-05,1.7510735831066177e-09,0.19707800328911348,0.006932381373266706,2.326324846732644e-05
71,4.338096661086989e-06,4.470637693759135e-06,5.8608035040120774e-05,0.0027329252528200646,6.926523853200938e-05,0.748211556501219,2.5845197240257882e-08,1.0664329383584635e-09,2.0063621233561434e-06,5.427434145316879e-05,5.101361370369053e-05,2.3728135032895696e-10,8.238119694013825e-08,0.00021486647069451453,1.8965223685979394e-11,2.157508239306751e-07,0.0017712490470881597,0.00011770590207601051,1.2878632485032794e-07,6.0156273061385926e-05,5.747433423880325e-05,1.706237474771342e-09,0.23988415666295104,0.006673776798761859,3.170063942191937e-05
