,0,1,2,3,4,5,6,7,8,9,10,11,12,13,14,15,16,17,18,19,20,21,22,23,24
0,4.627517603166763e-06,1.571299138586541e-06,4.179126848658593e-05,0.0008943860023789341,6.998410612856996e-05,0.8848618738559522,1.4186427406114308e-08,1.1762246476647332e-09,2.725557905571785e-06,2.1465248013331106e-05,6.642464948833163e-05,2.528251924056502e-10,1.9980620756231806e-07,7.409665852567357e-05,1.005771929766389e-10,4.2709897920561254e-07,0.006178466488826115,0.00016618367991764929,3.0168934959408754e-07,6.060604951318002e-05,6.940465235024786e-05,7.1903368674315195e-09,0.10062018652947942,0.006822835501053548,4.241943431135825e-05
1,7.154254546854612e-06,2.0426265461450905e-06,9.098060737336952e-05,0.0011403107231448106,4.607229280545135e-05,0.8641083268370789,2.0031772911252484e-08,1.0303186253393775e-09,2.4154386342200163e-06,4.9101323558187204e-05,3.9232921602862974e-05,2.891082204203704e-10,1.8195464650021454e-07,6.502683582519531e-05,5.789008966608027e-11,3.5163996216940464e-07,0.0031219305175563122,0.00018591823077744856,2.85032350707479e-07,5.664458571782592e-05,7.315528938142239e-05,4.2506864064456226e-09,0.12258862063570389,0.008373929778667572,4.829281434383287e-05
2,8.608509658518957e-06,3.1432156268623676e-06,6.963776618848681e-05,0.0012101985752554633,0.00014707840677083685,0.7171136888891686,3.532264399035077e-08,1.2614904257186707e-09,2.156450930008629e-06,4.781985838541061e-05,7.394962191846605e-05,3.671577617649819e-10,2.0711307171373842e-07,0.00016448638554287086,1.1642423865596532e-10,2.680634038864958e-07,0.006365280996413994,0.00021965811036678604,2.0756645853213803e-07,9.823580934764892e-05,7.259241162059529e-05,5.798538995560889e-09,0.26835536244141084,0.005922763439332194,0.0001246135028726493
3,5.882834366817091e-06,2.0361314491903134e-06,6.671954043223685e-05,0.0015417968447997833,6.144356320601098e-05,0.7385864054133818,2.201948543706262e-08,1.0274634385158332e-09,1.5550923253208637e-06,4.16870447361244e-05,6.543079115360497e-05,3.0488894238394993e-10,1.5866915197027968e-07,0.00012016582750835052,5.037172761070225e-11,2.0836605582141397e-07,0.005371667951200088,0.00019987050821008092,1.9101188249599696e-07,5.9886237043248144e-05,7.712180558538935e-05,5.342524569142242e-09,0.24627346630918837,0.007458501575778642,6.577573781049712e-05
4,6.720877660964982e-06,2.1774269528196298e-06,7.208310985883136e-05,0.0016931642126427116,6.5507903152001e-05,0.7250209490186946,2.5352058151430098e-08,1.1060469592134615e-09,1.8082316221505275e-06,4.118663578877082e-05,7.082569068928794e-05,4.2714401465459283e-10,2.2166700965107045e-07,0.00013364154293443492,5.620819524742726e-11,2.2243464861260465e-07,0.006219881444284491,0.00021652176869350775,2.1390039276327364e-07,6.390975853694705e-05,8.760686694490695e-05,6.528492042654334e-09,0.25795537017032216,0.008271836444102006,7.611742511892203e-05
5,6.052040873400482e-06,1.983974634446767e-06,6.144577150507034e-05,0.0021107220523274824,4.724141057227876e-05,0.700803774740784,1.8451576845322817e-08,8.96375444166239e-10,1.3964421368847541e-06,4.7948018550383305e-05,6.155434335972223e-05,3.304229062908244e-10,1.7466237328032996e-07,0.00013635106855446584,3.6227705631232984e-11,1.819394286169156e-07,0.006251876985938911,0.0002775471886323018,1.673389909278598e-07,6.632207791752673e-05,8.936046931318778e-05,5.865595874457303e-09,0.28109205785309027,0.008877899234622925,6.591680619494562e-05
6,5.882834366817091e-06,2.0361314491903134e-06,6.671954043223685e-05,0.0015417968447997833,6.144356320601098e-05,0.7385864054133818,2.201948543706262e-08,1.0274634385158332e-09,1.5550923253208637e-06,4.16870447361244e-05,6.543079115360497e-05,3.0488894238394993e-10,1.5866915197027968e-07,0.00012016582750835052,5.037172761070225e-11,2.0836605582141397e-07,0.005371667951200088,0.00019987050821008092,1.9101188249599696e-07,5.9886237043248144e-05,7.712180558538935e-05,5.342524569142242e-09,0.24627346630918837,0.007458501575778642,6.577573781049712e-05
7,2.759226972035088e-05,2.1100730896300714e-06,0.00030484385737414814,0.001046917724740998,5.540475411704437e-05,0.7632652379552508,4.3198846228630987e-08,1.345672167594248e-09,1.4596166956701855e-06,5.9708873269997315e-05,5.945302212889113e-05,3.9101654534874997e-10,2.2396267557046514e-07,6.955460026227576e-05,2.6371871975932246e-11,1.3044204876724958e-07,0.0026236462449595733,0.0002386377374516691,3.3313553481952775e-07,3.9844683391916813e-05,4.0691872500194456e-05,2.0745837522686488e-09,0.21767248855868793,0.014422058178025688,6.961540158357719e-05
8,5.8550081054645086e-06,2.564041546148079e-06,0.00010091169700371506,0.0021694808430981214,4.1944630597357986e-05,0.45472465863799677,2.6507292046023566e-08,7.798059281800799e-10,6.204706578574826e-07,6.422367796202197e-05,4.16799284060941e-05,2.731833542745269e-10,8.969646571332041e-08,0.0001290568180394699,1.3065911978715039e-11,8.712948119856847e-08,0.0018716129847702794,8.540984946319737e-05,9.709628199092791e-08,5.591752714467233e-05,3.6486887504211645e-05,1.3727346104778884e-09,0.53310373796634,0.007514013466803272,5.1522696250512653e-05
9,3.4371141111088557e-06,2.3823664477204106e-06,9.620650868147894e-05,0.0032273271665798314,2.7925930352804183e-05,0.5771784153502583,2.2104909626225155e-08,6.375806432748815e-10,1.034741584529692e-06,8.049070969670555e-05,3.14360069690384e-05,3.491440818419226e-10,1.215364348954562e-07,9.818632415874908e-05,1.9461902877217446e-11,1.593336088004641e-07,0.0021937727400795594,0.00010998259184634668,9.789606380470586e-08,7.152013509956529e-05,9.084019334712721e-05,2.5305090353713145e-09,0.4079210857389099,0.008814184760867639,5.1367213297121066e-05
10,5.882834366817091e-06,2.0361314491903134e-06,6.671954043223685e-05,0.0015417968447997833,6.144356320601098e-05,0.7385864054133818,2.201948543706262e-08,1.0274634385158332e-09,1.5550923253208637e-06,4.16870447361244e-05,6.543079115360497e-05,3.0488894238394993e-10,1.5866915197027968e-07,0.00012016582750835052,5.037172761070225e-11,2.0836605582141397e-07,0.005371667951200088,0.00019987050821008092,1.9101188249599696e-07,5.9886237043248144e-05,7.712180558538935e-05,5.342524569142242e-09,0.24627346630918837,0.007458501575778642,6.577573781049712e-05
11,6.485535299303014e-06,2.1240197138903254e-06,7.218980221007044e-05,0.0016494061692687253,6.482985942088418e-05,0.7268935809571903,2.466351245694466e-08,1.1128679788649835e-09,1.6806829149597984e-06,4.341785824703449e-05,6.783170782663713e-05,3.732395177945358e-10,1.991986160179067e-07,0.00012571170221555868,5.298354114834932e-11,2.248173555352825e-07,0.005709945978157583,0.00020852777842788012,2.042272372389456e-07,6.539022651450604e-05,8.107923549204947e-05,5.776430608945126e-09,0.2567884613634646,0.00814793892590486,7.073797548832697e-05
12,5.7933256474345944e-06,1.9519337241591167e-06,9.948765316598506e-05,0.0016792421140418253,4.878044243635611e-05,0.7524159001766156,2.6865774056114283e-08,1.574666639470486e-09,1.971941627713541e-06,3.9645678814070144e-05,8.923746759656605e-05,4.275690450645984e-10,1.6612764701003356e-07,8.156584836803698e-05,6.583997225178397e-11,2.944606015106876e-07,0.0034179203717486072,0.00016050186340723163,3.062113791471729e-07,5.464751741158393e-05,7.942257605359701e-05,6.078540724500249e-09,0.23016138849868034,0.011617101274353336,4.463950428949404e-05
13,2.0423184509403787e-06,1.1603520876010608e-06,4.1222918288181246e-05,0.0022694966333779774,5.458388069778465e-05,0.38743607265715946,2.7021925770489503e-08,2.084268160526986e-09,7.703704603797659e-07,1.5714624623305985e-05,0.0003138099023658291,6.923015655142829e-10,1.266195266932423e-07,0.0003144126284761098,4.97375237700684e-11,1.1618977568168852e-07,0.005537913553363084,0.00011655308605871328,1.2628004904351553e-07,4.076219224060149e-05,7.417438428241702e-05,1.0231150988317931e-08,0.5969888308417949,0.006745426321663106,4.664416587424161e-05
14,6.555677315196028e-06,7.501136970678374e-06,2.7842174864808718e-05,0.0016116910296935423,0.00013420279535326154,0.6093516942585471,3.779054131754572e-08,1.0878591032456575e-09,1.2163226504731542e-06,8.865923142545839e-05,0.00010360514976599154,2.571283981483569e-10,7.142777561887578e-08,0.00030377512198932787,4.7531420681828366e-11,1.812880466521783e-07,0.004181077812599081,0.00018212891172190418,2.8502887463209156e-07,7.116185845006481e-05,4.842519426440957e-05,5.06502250612301e-09,0.37641736730416864,0.007399143098289297,6.337092915130296e-05
15,5.882834366817091e-06,2.0361314491903134e-06,6.671954043223685e-05,0.0015417968447997833,6.144356320601098e-05,0.7385864054133818,2.201948543706262e-08,1.0274634385158332e-09,1.5550923253208637e-06,4.16870447361244e-05,6.543079115360497e-05,3.0488894238394993e-10,1.5866915197027968e-07,0.00012016582750835052,5.037172761070225e-11,2.0836605582141397e-07,0.005371667951200088,0.00019987050821008092,1.9101188249599696e-07,5.9886237043248144e-05,7.712180558538935e-05,5.342524569142242e-09,0.24627346630918837,0.007458501575778642,6.577573781049712e-05
16,4.672867011392092e-06,2.9740297949531853e-06,5.056763483520046e-05,0.002215539414597509,5.99879968174229e-05,0.6312786979004931,3.3426072436990194e-08,1.4652975307026511e-09,1.6450704220511686e-06,9.66198774747788e-05,5.870081401282413e-05,6.322827211933034e-10,2.0759461951142539e-07,0.00020091398084420476,7.673836030946956e-11,3.165498509824291e-07,0.008191041313465014,0.00029781027935565436,2.567670303052199e-07,9.659329470309812e-05,0.0002157769226622065,1.4324317160785485e-08,0.3500523859332243,0.00707398442272911,0.00010125741134818227
17,3.1884801202213745e-06,1.5528638726905453e-06,3.2027091065070046e-05,0.0021754169916413353,7.478536808084878e-05,0.4050175371901511,2.3065301102986357e-08,1.153705998009915e-09,8.355316827554788e-07,3.543235522008946e-05,8.872877086400255e-05,5.119749440002945e-10,2.4032412498162977e-07,0.00027962700021796596,3.955092953257099e-11,1.542767716968301e-07,0.01354899974849392,0.00020141492605407982,1.0334636648753887e-07,9.338815056767132e-05,0.00010237962964094689,1.0393406682010719e-08,0.5728942565316497,0.005357646940360302,9.224931911433851e-05
18,7.717981573368848e-06,2.0480060284278016e-06,4.543150924741441e-05,0.0015200308335051747,0.00010541509983706854,0.607365289708519,2.7276043181628368e-08,6.841708565764368e-10,1.1990562413927544e-06,6.376930059254274e-05,4.6288070517182135e-05,3.9454784496031225e-10,3.049059657797782e-07,0.00027736913625685445,5.0928041990444e-11,1.4094124949430891e-07,0.01965424716525099,0.0005129906775388978,1.0639415820189881e-07,0.00010238177075550562,0.00015009622566118397,8.8785619129291e-09,0.36571706598904863,0.0041896760518129105,0.0002383938919880477
19,5.820769131386317e-06,3.043037894366828e-06,0.000107703206603419,0.0026988616127479,7.059992800967166e-05,0.6222899713477594,5.126809073658081e-08,1.6815460710482028e-09,2.2355854185545665e-06,6.797925821538594e-05,7.216429808565204e-05,8.235393473457322e-10,2.837576979801785e-07,0.000151367567043107,7.285933465054557e-11,3.200435569887773e-07,0.005970215767639195,0.00020095044118562146,2.405192346407211e-07,8.485847355345529e-05,0.00015793060005826092,9.474003381851266e-09,0.35916848127422546,0.008855847520135348,9.1061671765228e-05
20,3.906086815201875e-06,1.8638784233073474e-06,6.894160635358487e-05,0.001946247928603258,5.165616252061176e-05,0.7165068993847074,2.6198013538408057e-08,2.4938103688015347e-09,1.7349786341946354e-06,4.2746855283755935e-05,0.00011338323262551062,4.792270815728596e-10,1.644136693202239e-07,0.00014513906666274625,1.3793392699930631e-10,3.2897723719968464e-07,0.007069067349043419,0.0002342342548500794,2.8321953643500476e-07,6.78417543545423e-05,0.0001246202273414846,1.6075340335340628e-08,0.26675869754835596,0.006796695049252406,6.550264140448754e-05
21,5.8406312106791366e-06,3.293357268471134e-06,7.214296880194333e-05,0.0024945292531135792,5.127870879488659e-05,0.778669945215812,2.5077021923832005e-08,1.6035163736851227e-09,2.4545394556546455e-06,6.979738259715125e-05,5.714578988772627e-05,5.361487528089667e-10,2.1282492315885742e-07,0.0001869449076735802,4.8166407950611296e-11,4.727780216860568e-07,0.0034717737922849313,0.0002187284745010807,2.586522087951714e-07,9.221362571374097e-05,0.00010897792044140102,5.84712770032813e-09,0.20496048861086,0.009485042485414846,4.842496903338577e-05
22,8.308727375099421e-06,1.0761623855299612e-06,6.199148704156948e-05,0.0010426541941751008,5.124059521866235e-05,0.8222953502732356,1.1071740222107366e-08,8.350818022110797e-10,1.2549659353135583e-06,3.018941528044019e-05,6.566843105028548e-05,1.5138684109822673e-10,1.421398933445118e-07,8.393181049781123e-05,4.79338206203371e-11,1.6358212308917228e-07,0.009988207923852948,0.0004282539504195809,1.5671317807119698e-07,5.014052910510435e-05,6.661221339973245e-05,6.513324274649473e-09,0.15897326813054533,0.006784561298038579,6.680883778169549e-05
23,5.882834366817091e-06,2.0361314491903134e-06,6.671954043223685e-05,0.0015417968447997833,6.144356320601098e-05,0.7385864054133818,2.201948543706262e-08,1.0274634385158332e-09,1.5550923253208637e-06,4.16870447361244e-05,6.543079115360497e-05,3.0488894238394993e-10,1.5866915197027968e-07,0.00012016582750835052,5.037172761070225e-11,2.0836605582141397e-07,0.005371667951200088,0.00019987050821008092,1.9101188249599696e-07,5.9886237043248144e-05,7.712180558538935e-05,5.342524569142242e-09,0.24627346630918837,0.007458501575778642,6.577573781049712e-05
24,5.687891812289848e-06,3.203119873433636e-06,4.6058713698043296e-05,0.002285492892591814,5.5573758235669474e-05,0.6683955107808827,1.8356299334866967e-08,1.063442709375299e-09,1.2893709092115976e-06,5.808153941725558e-05,6.0506162726666844e-05,3.1247817993535315e-10,1.4574746978451744e-07,0.00020748253515924555,3.078528121629391e-11,2.0472345653567087e-07,0.005725020577724597,0.0002086225319906632,1.895751218871085e-07,8.021948374787318e-05,6.824592740691397e-05,5.236030366985399e-09,0.31486718967802946,0.007876176899244343,5.5073091465824775e-05
25,2.033053141425409e-06,1.4457297567170379e-06,3.5581139900631224e-05,0.002676594419810446,4.930168741264634e-05,0.5304872908971935,2.1720439968364335e-08,3.2127233147670027e-09,6.773000832989015e-07,2.8852072853004758e-05,0.00023392128449860582,3.022356427678887e-10,7.127780216664949e-08,0.0003027014170019503,2.953290853848865e-11,1.9614172771156525e-07,0.004189009062508617,0.0001240726192607789,1.571073285871224e-07,5.068083183188799e-05,5.5118530238523854e-05,6.5909954640216216e-09,0.4543518114112441,0.007388867349394544,2.158481108359991e-05
26,4.948328938143293e-07,1.2099155247631252e-05,3.0871994108478976e-05,0.008852277935288911,0.00015626624803343029,0.5417475182579726,7.359199651337473e-07,4.121659932195284e-08,2.269418514753896e-06,0.00030211643874358465,0.00022882576380282087,6.3706301180346136e-09,7.186403147886266e-08,0.008913180557912249,6.675283754851719e-09,2.0094401654115107e-06,0.008401414820628858,0.0002131583250313987,2.2499276147733183e-07,0.0001065019048227113,0.0009101658343282728,2.301170758332221e-07,0.42901281050492956,0.00022326827646009897,0.0008834331347683786
27,4.701123715244006e-06,1.8124139987714898e-06,5.441491009343051e-05,0.001563890312694058,5.175583970779231e-05,0.7594161574026488,1.787224516817756e-08,1.2427634247913776e-09,1.7103931614731994e-06,3.5310036009140445e-05,8.325134598768557e-05,3.1398843193655777e-10,1.5118975229706017e-07,0.00012260753544291513,6.992476725719423e-11,2.471539310492756e-07,0.0063643136504847025,0.00022245341838725475,2.313350138117288e-07,5.7076915945452094e-05,8.725117466066174e-05,9.22703183649835e-09,0.22414130499552976,0.007736070757875023,5.525936900705727e-05
28,5.882834366817091e-06,2.0361314491903134e-06,6.671954043223685e-05,0.0015417968447997833,6.144356320601098e-05,0.7385864054133818,2.201948543706262e-08,1.0274634385158332e-09,1.5550923253208637e-06,4.16870447361244e-05,6.543079115360497e-05,3.0488894238394993e-10,1.5866915197027968e-07,0.00012016582750835052,5.037172761070225e-11,2.0836605582141397e-07,0.005371667951200088,0.00019987050821008092,1.9101188249599696e-07,5.9886237043248144e-05,7.712180558538935e-05,5.342524569142242e-09,0.24627346630918837,0.007458501575778642,6.577573781049712e-05
29,5.882834366817091e-06,2.0361314491903134e-06,6.671954043223685e-05,0.0015417968447997833,6.144356320601098e-05,0.7385864054133818,2.201948543706262e-08,1.0274634385158332e-09,1.5550923253208637e-06,4.16870447361244e-05,6.543079115360497e-05,3.0488894238394993e-10,1.5866915197027968e-07,0.00012016582750835052,5.037172761070225e-11,2.0836605582141397e-07,0.005371667951200088,0.00019987050821008092,1.9101188249599696e-07,5.9886237043248144e-05,7.712180558538935e-05,5.342524569142242e-09,0.24627346630918837,0.007458501575778642,6.577573781049712e-05
30,5.882834366817091e-06,2.0361314491903134e-06,6.671954043223685e-05,0.0015417968447997833,6.144356320601098e-05,0.7385864054133818,2.201948543706262e-08,1.0274634385158332e-09,1.5550923253208637e-06,4.16870447361244e-05,6.543079115360497e-05,3.0488894238394993e-10,1.5866915197027968e-07,0.00012016582750835052,5.037172761070225e-11,2.0836605582141397e-07,0.005371667951200088,0.00019987050821008092,1.9101188249599696e-07,5.9886237043248144e-05,7.712180558538935e-05,5.342524569142242e-09,0.24627346630918837,0.007458501575778642,6.577573781049712e-05
31,1.6158932657932716e-05,2.655758839325237e-06,0.000160958989518821,0.0017492448917279559,5.459344544128926e-05,0.6983365030326568,3.691182391518152e-08,2.048173170924044e-09,1.1949222125407948e-06,7.683435687451902e-05,6.319728167107611e-05,3.566719554090181e-10,1.584973917568015e-07,0.00014370729981822528,3.280520390092761e-11,1.429593584473722e-07,0.004714586940503114,0.00032115324024704895,2.6764933146353746e-07,5.1769284267550815e-05,6.828961455025657e-05,4.132768912880796e-09,0.2857312171113932,0.008430254583999045,7.706772529642287e-05
32,6.642485377616017e-06,2.2059202986301295e-06,6.772725765405709e-05,0.0014536512450623784,5.799357816083496e-05,0.7567184258788344,2.2009374063560908e-08,1.093844158198467e-09,1.6493727672913457e-06,4.2862456374623345e-05,6.61585624142902e-05,3.2147162876215073e-10,1.6006312106718235e-07,0.0001158724096290367,5.331450762670088e-11,2.1168210467946342e-07,0.005222484914973079,0.00020655511919311456,2.3918101663683583e-07,5.5960845690492054e-05,7.525685558341007e-05,5.8022014490119494e-09,0.22784508129766445,0.007997599973556493,6.323162031770686e-05
33,4.940305705528943e-06,1.8376695791840305e-06,5.585355929826302e-05,0.001628543903183838,5.6062380231950376e-05,0.7172136806035116,1.9870544236636938e-08,1.1002974544251671e-09,1.3273269027595698e-06,4.1013148244893386e-05,6.990047477817083e-05,2.9386784148069004e-10,1.562223710564222e-07,0.00013170798259638772,4.3209838658760464e-11,2.1254430355851517e-07,0.005850252435639987,0.00019158766179245022,1.8690020180393813e-07,6.049680399395061e-05,7.40551405230625e-05,5.8461587558213076e-09,0.2669500932380047,0.007611979281027164,5.608526403129751e-05
34,7.792940677482296e-05,4.620477243342069e-06,0.0002072017895986613,0.0003665850002829609,6.013640869279374e-05,0.951212973510422,2.4097140732622294e-08,1.1057508880157402e-09,1.2268643867709912e-05,1.1548626724028089e-05,7.009832101965501e-05,6.190688777399327e-10,2.9494688817370207e-07,3.203139466315628e-05,1.1209398743121908e-10,1.6901685809567838e-07,0.002236726477499231,0.0003015730936885188,2.077345119259171e-06,1.2937437143479716e-05,3.880158683452228e-05,5.0031545344238175e-09,0.027803611672154446,0.017501878187320127,4.6505719995847505e-05
35,7.578550275250416e-05,3.338908103421378e-06,0.00027415448321613603,0.002092375148514112,6.472123674316989e-05,0.8465955109783274,4.4132990420747773e-08,2.2267294411206447e-09,5.465740077223093e-06,7.637301845070747e-05,5.4707370485012436e-05,7.32536236185634e-10,4.84264761751034e-07,0.00010706253494924943,3.553825765293607e-11,1.8779464455013819e-07,0.011001921099697765,0.0023064883094918017,5.565244596472402e-07,5.0551863187575316e-05,0.0002218789783897384,9.653163856271092e-09,0.11902005477109052,0.017931732955215388,0.00011659173648387127
36,1.0535526329928236e-05,2.7479050242649307e-06,0.00010548108931713442,0.0020836483905834107,8.389961093297221e-05,0.7379343489832272,4.695454179745185e-08,4.618497339615075e-09,3.108698762234747e-06,4.319150491226191e-05,0.00013442002841577112,1.5317586345409999e-09,7.093732866387125e-07,0.00022426594502844238,1.5253878865291294e-10,6.12942807953791e-07,0.013403968486068556,0.00031209902811061804,6.702227938660558e-07,0.0001025426573862068,0.00014716776892561938,2.2354946077683053e-08,0.23512106715446857,0.010188992271899127,9.644679943674885e-05
37,1.6922135609361615e-05,2.7905095303837083e-06,0.00011990108138372134,0.002056796451057879,5.046551500342095e-05,0.6072125701703988,2.53175969495215e-08,7.758769536113369e-10,1.2946389436488202e-06,7.855232471494452e-05,5.320428707189561e-05,3.072827613297447e-10,1.7334998082315705e-07,9.35952593934526e-05,1.5828515817008554e-11,1.17293496247956e-07,0.00470029173608354,0.0003639409191980896,2.1235991411168112e-07,6.520344063665892e-05,6.5486890145838e-05,3.417947450134258e-09,0.36715987023199165,0.017895717699717654,6.286387119533606e-05
38,3.398125709662083e-06,2.010867464050652e-06,4.231509840765211e-05,0.0029766516580517137,5.432453219282414e-05,0.5070792082028811,1.8230382379992696e-08,1.2922507031806565e-09,1.1693681030476685e-06,4.174925796311925e-05,8.609616228459124e-05,4.309115471170651e-10,1.8556188544386584e-07,0.00020509589545210255,3.715442210402901e-11,1.8419635295702634e-07,0.011462736352916428,0.0002376511719365098,1.366704844736907e-07,0.00010009301618285866,0.00012651207500928346,1.0370397220255885e-08,0.4701753160068172,0.007339580606894685,6.55548119139233e-05
39,2.718699291035017e-06,3.174382190310992e-07,6.596743660867947e-05,0.0007452750801736387,1.765664041127846e-05,0.918729798143663,9.137494855178762e-09,9.964658499661622e-10,8.703716610534584e-07,2.3251942260086967e-05,2.8104084994565074e-05,1.373458758086937e-10,1.4885101888958468e-07,3.196450877789821e-05,4.010147370315069e-11,2.3479521176754365e-07,0.004661159747579149,0.0001717324399329708,1.3506921943717343e-07,2.580858153252873e-05,7.925577197723627e-05,4.099648470278306e-09,0.07125476285671997,0.004128365139221626,3.245799046977609e-05
40,9.335728606093849e-06,2.6685276639008153e-06,0.000133994480164032,0.0009278397203457375,8.812643742713637e-05,0.7964315626488871,4.249399644636248e-08,1.0027299463318108e-09,2.719327922873075e-06,3.354410392437376e-05,6.829954410980073e-05,5.461681810623651e-10,2.143467562946893e-07,0.00011217468743669031,1.3989063098714218e-10,1.864204004729011e-07,0.0037062315513421863,0.00015566893594973864,2.5819952373942184e-07,4.0767278569893205e-05,7.41696078624703e-05,5.746235615343269e-09,0.19240956009220042,0.005670582968996159,0.00013204546289013701
41,1.4122838082558543e-05,2.3548286950122425e-06,0.00013171404911260957,0.0008526975856683965,0.00022397856495573565,0.8887683218668226,3.625929657622888e-08,8.393323594537553e-10,5.374790344006911e-06,1.7203492770844072e-05,6.202683269419586e-05,3.2592321889916325e-10,3.361183465715938e-07,6.79945884401612e-05,1.3255517808070184e-10,3.802747251381955e-07,0.0037175837390038373,0.00016779387511221103,1.5638483237429394e-07,6.455961828272603e-05,4.9370499065952535e-05,2.2986651789875635e-09,0.09911479624702611,0.0066400926709421475,9.910127930437626e-05
42,2.7043163941543257e-06,1.0642444447140619e-06,5.6698528675984316e-05,0.0017809101553230774,1.770542213023641e-05,0.8248287215877307,1.2877121800800012e-08,2.6723028620229106e-09,1.475075530163249e-06,4.809945314157794e-05,6.574912581104314e-05,4.394753553924457e-10,2.0278608257628332e-07,6.690389512714178e-05,8.476956559898317e-11,5.822152933629944e-07,0.0062128893962594325,0.0001972210303527728,5.028751225178488e-07,6.134805382984679e-05,0.00013112562634168487,1.8138492217192084e-08,0.15673056946600553,0.00976751210934336,2.798042489843682e-05
43,1.7474395653064521e-06,9.8375124004561e-07,3.172401548290945e-05,0.0013116155185017237,1.9255757665795756e-05,0.8050458096020094,1.0559090093156653e-08,9.192865328437809e-10,7.011721386185034e-07,0.00011996400375415296,2.1152345301381482e-05,1.2435379518650314e-10,8.365818823875551e-08,7.915660591756139e-05,3.251224468348181e-11,2.8038164139879147e-07,0.004928692159935728,0.0002254020579017576,1.4578677425820291e-07,6.622637347151477e-05,0.0001284859123560811,7.529096409017207e-09,0.1833546763579094,0.004626581084401966,3.729685150364882e-05
44,5.882834366817091e-06,2.0361314491903134e-06,6.671954043223685e-05,0.0015417968447997833,6.144356320601098e-05,0.7385864054133818,2.201948543706262e-08,1.0274634385158332e-09,1.5550923253208637e-06,4.16870447361244e-05,6.543079115360497e-05,3.0488894238394993e-10,1.5866915197027968e-07,0.00012016582750835052,5.037172761070225e-11,2.0836605582141397e-07,0.005371667951200088,0.00019987050821008092,1.9101188249599696e-07,5.9886237043248144e-05,7.712180558538935e-05,5.342524569142242e-09,0.24627346630918837,0.007458501575778642,6.577573781049712e-05
45,3.88211023893412e-06,9.301720554090285e-07,8.703824741987196e-05,0.00102140651468967,4.35108707930223e-05,0.8845927752599704,2.0171971256339018e-08,2.347367324333795e-09,1.688473973278835e-06,2.1827396991574477e-05,0.00010743511177886868,2.3820638030143594e-10,1.34277487088934e-07,5.5575374841341725e-05,1.2947492872451322e-10,4.4555224381230677e-07,0.0029054165986783427,0.0001340955922617332,2.9119973034961723e-07,3.9134733955211455e-05,4.7781186314227334e-05,5.852547933325596e-09,0.1036371516353686,0.00726978952576442,2.9661425875937603e-05
46,4.468206934846214e-06,1.4310165908602875e-06,5.250160012913426e-05,0.0016448274185803704,4.6212784909707e-05,0.7261663481330658,1.5276430382920367e-08,1.0181569910519417e-09,1.1705072612744457e-06,3.460461872784008e-05,6.761014618728688e-05,2.7543976798761933e-10,1.7080053674817148e-07,0.00011586057386375837,4.410120926693026e-11,2.0081179250901452e-07,0.008001364791351351,0.00020246602441453885,1.7356234881023203e-07,5.972861010749699e-05,7.85024971709264e-05,7.030337667440641e-09,0.25625112430379426,0.0072134781597329705,5.773178803359595e-05
47,1.7345105257928845e-05,2.9496790686572774e-06,0.00011113853681981601,0.0015333690490442723,7.918969967046091e-05,0.7735578532977415,3.1508677036084385e-08,9.649111784413411e-10,3.7203358901943654e-06,6.201395057032457e-05,4.241455485014289e-05,8.959517849380603e-10,7.203681600952513e-07,9.178765854935823e-05,8.586750236671697e-11,4.6095436739311135e-07,0.012392482337426042,0.0004021126465690875,4.2900170559378543e-07,0.0001109152307590246,0.00017568538399882012,1.218963891488892e-08,0.19781874200768337,0.013453884313718542,0.00014274024310295924
48,5.4347172598713986e-06,2.4051505442992763e-06,4.799164664261754e-05,0.0013552058569766504,4.1826334575124606e-05,0.7509695373576044,1.7667833041030553e-08,1.0432386934144992e-09,1.1923100245108762e-06,4.65884362017783e-05,6.595083640957102e-05,2.54349562422361e-10,1.1399217709262753e-07,0.00011461549660071778,3.463645830369928e-11,1.774559700477406e-07,0.004621396633233523,0.00015843191559999667,3.1975302868126115e-07,4.311939926076063e-05,5.593237028306616e-05,5.684384522016735e-09,0.2336662453729929,0.008762349807967045,4.11404722049558e-05
49,4.780323777048197e-06,1.7059035040504764e-06,7.852410023685203e-05,0.0018235067367528277,4.013915411067318e-05,0.6995497544115361,1.9755188572250828e-08,9.307713073289093e-10,1.298101127364516e-06,4.591039263573409e-05,5.682789493439454e-05,3.458693631599049e-10,1.5914170657166476e-07,0.00011308629355868979,4.228523337813165e-11,1.7823761153705553e-07,0.0045700126375702475,0.00018422255917041678,1.5871229310679415e-07,5.675813827273122e-05,8.391977062268239e-05,5.421340689837045e-09,0.28563118087469863,0.007693820845317793,6.402927510747506e-05
50,7.110916116960687e-06,3.1187374996869845e-06,9.021710360635228e-05,0.0013952279766096276,9.711291233057029e-05,0.465254097566701,1.0256580568956292e-07,2.4781205102428413e-09,6.901279156204111e-07,0.00015399638736558258,5.9927580708947966e-05,5.795089611583898e-10,1.675659714263204e-07,0.0002895727605186925,5.430776310289587e-11,1.6501474058009656e-07,0.004702011186991354,0.0001834543571103524,2.259104497027663e-07,7.120140021126823e-05,8.965484376195173e-05,5.548182178842078e-09,0.523294856841314,0.0041623526706593165,0.0001447269134917295
51,9.884305046641515e-06,1.9820991476620385e-05,6.381880414317961e-05,0.005768863117911897,3.1827153464314165e-05,0.5735801471033167,2.3436200303813354e-08,2.528381675453259e-09,2.2656771266106595e-06,9.91664342698106e-05,0.00010783252721798369,7.228135675277804e-10,6.896510678025733e-08,0.0005365734047492143,5.725215705395849e-11,1.204661714529048e-07,0.006454973890600933,0.00034758537958969374,6.81733197610004e-07,6.598377663296433e-05,0.00012443674465971555,2.1419368354239726e-08,0.40411341537588225,0.00861036406068314,6.212192473645242e-05
52,4.4555140015117945e-06,7.11159740831246e-07,3.820951185292368e-05,0.0005966437854873392,3.734260592343906e-05,0.9040026134487198,7.351510995502951e-09,6.202615499505364e-10,1.0957936900529266e-06,2.2779707030650427e-05,4.8012262604496525e-05,8.354755107062804e-11,8.700327560894001e-08,7.41812837226298e-05,4.744380196574553e-11,1.6069263317669956e-07,0.004180823553907288,0.0002843956821905752,1.2269141251438012e-07,3.340959321643107e-05,3.6357371887017686e-05,3.532392359104241e-09,0.08627867296019802,0.004318293175490538,4.1620567858969365e-05
53,5.148693859738798e-06,2.1516960416213097e-06,7.339504406670264e-05,0.00168731248484198,8.216555077776381e-05,0.6605434733713956,3.51806038332129e-08,1.2528573829869428e-09,1.55430268373912e-06,4.599643566697199e-05,8.047661694395448e-05,3.9963451615229123e-10,1.727255514607484e-07,0.0001394902834805005,6.100164025433828e-11,2.2513606683074256e-07,0.004909075396280645,0.0001718924197648535,1.769074074401773e-07,6.729977952961417e-05,8.623813274355185e-05,5.466459590744375e-09,0.32468592328614826,0.0073413512061099116,7.643817008185321e-05
54,1.2564528161209709e-05,6.586362731275521e-06,8.66975469094128e-05,0.0011951590492267972,9.908700938275871e-05,0.7676146777369673,3.5651724195795575e-08,6.613464409197044e-10,2.3912442478458727e-06,6.559037126388284e-05,3.890710149413484e-05,4.5722099859579097e-10,1.6443851086418772e-07,0.00020311477459001814,1.1200953314101889e-10,1.8177732913686676e-07,0.004122459344594442,0.0001852280439315872,2.472849113279911e-07,6.113743725565285e-05,7.216335659512462e-05,4.7667737298270886e-09,0.22166932239014975,0.00436939265388996,0.00019488589878275054
55,2.7580035898791284e-05,3.954874373383743e-06,0.00019427152912573767,0.0022406975564802896,7.770190908497824e-05,0.8586340717469061,4.199467208853947e-08,8.35888526248085e-10,1.2977194047203381e-05,3.2933458559546906e-05,4.731772901625633e-05,1.8309789843069367e-09,1.1614654905215402e-06,7.749080386535845e-05,6.724964013021075e-11,3.893120011996938e-07,0.005092093670950245,0.0005105256295082444,4.745499029310373e-07,6.878996827607921e-05,0.00020914160928082846,6.703146796094145e-09,0.10962634016922096,0.023033837927807145,0.00010819742826820716
56,6.455973252100665e-06,2.1116283561065036e-06,7.274362122695566e-05,0.0016232243232368244,6.279104240070236e-05,0.7303234260880255,2.4638104124766278e-08,1.113767161360502e-09,1.6871593408639385e-06,4.2301098982661e-05,6.842458529809482e-05,3.812469788992487e-10,1.9614574943571764e-07,0.00012520133439830876,5.425755409403989e-11,2.1840961878119996e-07,0.005638963401951415,0.00020488512410795652,2.1095298812470906e-07,6.239868302869653e-05,8.154931154544487e-05,5.903028421004649e-09,0.25355047553994586,0.008061641792413393,7.106169372841482e-05
57,8.280175197580005e-06,2.9514019820360065e-06,8.090059351197274e-05,0.0020916866419786067,7.030822156193894e-05,0.6622456664531682,3.2870155142411863e-08,1.5631514394105465e-09,2.46446111353092e-06,6.471529567267175e-05,5.985343369357462e-05,9.73008054732365e-10,5.520683693273398e-07,0.00014978346338484494,7.818472306294372e-11,4.001426999276455e-07,0.01154937805915409,0.0002629474253431404,3.738016901644769e-07,0.00012719264200622215,0.000148067376420473,1.338659707848578e-08,0.31256647470262067,0.010458649887071474,0.00010930488226320573
58,7.094144316325007e-06,1.9366628130472366e-06,7.676175857223299e-05,0.0015482431498463347,5.602585271292477e-05,0.7358649970733794,2.2830534192916437e-08,1.0110451383615938e-09,1.7547696673628635e-06,3.609401597751114e-05,7.426602873527726e-05,3.801389885212127e-10,1.900965815577664e-07,9.89597155884851e-05,4.2757860521151834e-11,2.0617414849800546e-07,0.004402617959072101,0.0001892226347248795,2.3764167673576148e-07,5.2306224231991045e-05,7.165642110312003e-05,4.956414604830871e-09,0.24628199153978692,0.011180815137069875,5.4593779104649594e-05
59,6.183620188404703e-06,1.8295421668476005e-06,8.325960044725676e-05,0.0016167308397469944,5.110132088366869e-05,0.7331324875467267,2.1519756650937265e-08,9.750304195646105e-10,1.655861618839323e-06,3.821519692416608e-05,6.862519593030902e-05,3.3201198332261935e-10,1.6132177786630605e-07,8.866847935067104e-05,4.273654671436126e-11,2.0783385182487943e-07,0.0039541191945314125,0.0001754682250091076,2.0387029697111033e-07,5.4965062785524026e-05,7.320811974587228e-05,4.602991483471066e-09,0.24996335688779356,0.01063780428243268,5.172052526423605e-05
60,5.882834366817091e-06,2.0361314491903134e-06,6.671954043223685e-05,0.0015417968447997833,6.144356320601098e-05,0.7385864054133818,2.201948543706262e-08,1.0274634385158332e-09,1.5550923253208637e-06,4.16870447361244e-05,6.543079115360497e-05,3.0488894238394993e-10,1.5866915197027968e-07,0.00012016582750835052,5.037172761070225e-11,2.0836605582141397e-07,0.005371667951200088,0.00019987050821008092,1.9101188249599696e-07,5.9886237043248144e-05,7.712180558538935e-05,5.342524569142242e-09,0.24627346630918837,0.007458501575778642,6.577573781049712e-05
61,6.665927177915936e-06,1.9369798412208146e-06,8.447066477322523e-05,0.0016339420035725444,5.4728278926644926e-05,0.7264959684211258,2.3446092166838637e-08,1.016791625594708e-09,1.6801054105452348e-06,4.0283362631972424e-05,6.938306973130237e-05,3.5737032906221965e-10,1.7662656549041892e-07,9.632128342895606e-05,4.5058840462594444e-11,2.035416976215823e-07,0.0042788103732689054,0.00019036603304667,2.0834884062291675e-07,5.6577093237720323e-05,7.565047163660681e-05,4.871521294631361e-09,0.2564739032295715,0.010380916638540467,5.777781014013156e-05
62,5.882834366817091e-06,2.0361314491903134e-06,6.671954043223685e-05,0.0015417968447997833,6.144356320601098e-05,0.7385864054133818,2.201948543706262e-08,1.0274634385158332e-09,1.5550923253208637e-06,4.16870447361244e-05,6.543079115360497e-05,3.0488894238394993e-10,1.5866915197027968e-07,0.00012016582750835052,5.037172761070225e-11,2.0836605582141397e-07,0.005371667951200088,0.00019987050821008092,1.9101188249599696e-07,5.9886237043248144e-05,7.712180558538935e-05,5.342524569142242e-09,0.24627346630918837,0.007458501575778642,6.577573781049712e-05
63,6.678900000255723e-06,2.7207660802257873e-06,6.85573068429827e-05,0.0016401163198771287,6.3761238475534e-05,0.7228635002195345,2.3689962662474504e-08,1.0062603853595046e-09,1.683163085506191e-06,4.6976741993099435e-05,6.424422474938354e-05,3.450522594535706e-10,1.5562361632721245e-07,0.0001314102297387852,5.506812156557548e-11,2.0282085153458015e-07,0.005314007154958763,0.00019736399494564802,2.1702493203044998e-07,6.17874180238563e-05,7.94222693072408e-05,5.817143588725604e-09,0.26176949484844264,0.007614778368652934,7.289045240451552e-05
64,5.018052703572018e-06,2.0302095697434137e-06,6.781028976206508e-05,0.0017253179102075275,5.450055053209547e-05,0.7220413004951224,2.4036251655752968e-08,1.033529983318651e-09,1.6147344656808721e-06,5.0232248256836464e-05,5.6408776893883256e-05,3.7235019014029757e-10,1.7046540559645982e-07,0.00012231126828761776,5.507191091191268e-11,2.2361304502527142e-07,0.005420839218363309,0.0002043440842297969,1.8344682176826772e-07,6.302853561399816e-05,0.00011012264214244702,6.5816093135445144e-09,0.26282033152940215,0.0071813722138838595,7.280763647758706e-05
65,4.417008453920581e-06,1.981364217926591e-06,6.517270263674319e-05,0.001676927910915388,5.45562240405875e-05,0.6830748218608894,2.5250943013406497e-08,1.1793396374320712e-09,1.0198906260227482e-06,6.152398888158903e-05,5.5648062508439254e-05,2.652573362560004e-10,1.1676442990911572e-07,0.0001422760133589623,4.658098099500481e-11,1.8531351858468557e-07,0.004823736612691567,0.0001791990444670573,1.5121875848901898e-07,6.414062692924469e-05,8.242663814199377e-05,4.917113738504125e-09,0.3040975313221386,0.005543782634568554,7.035313859183745e-05
66,6.948450920629338e-06,1.4116090751594937e-06,8.035576589397861e-05,0.00115417856124866,6.330379975889745e-05,0.7678160697647817,1.950233932457635e-08,6.367480517856656e-10,1.4162736591989786e-06,4.441336436735803e-05,4.461701123965408e-05,2.13399857214638e-10,1.7080421832925965e-07,6.686133380712369e-05,3.8078728484821396e-11,1.8751946297815381e-07,0.0048355221132803106,0.00020756062099610287,1.3787535607352328e-07,6.446439393880414e-05,7.062430859034487e-05,3.274522497771931e-09,0.21689582690208012,0.008576526971477845,6.93788907581312e-05
67,2.606500964385912e-05,8.379043442554645e-06,0.00015995677107884433,0.0014176753039082661,0.00018143030638912265,0.7608933165191248,7.749770062328936e-08,2.1150453612254847e-09,5.917334359531745e-06,5.665357368940471e-05,0.00011901471921540091,8.354628540716899e-10,2.5937563895614894e-07,0.00012914927474949505,1.753500228565434e-10,3.174811745594374e-07,0.006715551333327257,0.0003430762029933325,7.777990239274855e-07,6.824411504188809e-05,0.0001237699611947173,1.1633508580974957e-08,0.2174994069089972,0.012119750277094988,0.0001311964328444044
68,5.241862525883755e-06,2.1306018080774436e-06,4.700333231059773e-05,0.0010898754996072108,9.34644145871787e-05,0.7792492514140873,2.39432169413086e-08,1.0864773249008896e-09,1.6225422921965428e-06,3.4650846576378303e-05,8.034521833080167e-05,2.679295103976861e-10,1.63167084390837e-07,0.00012657396220484032,9.483442759093288e-11,2.6015708387261713e-07,0.0061638679264204325,0.00016897122010263828,2.2453153806550668e-07,6.32420101384513e-05,5.7537263412961184e-05,6.1804690606920576e-09,0.20683521203795552,0.005905426049668536,7.490436933751069e-05
69,5.505727814272876e-06,2.0026665966485882e-06,6.673730195036558e-05,0.001600219945577917,5.9451881585137326e-05,0.7261398190863456,2.2163586961844617e-08,1.0536689792065224e-09,1.4902333135271122e-06,4.1496225926039674e-05,6.795095860111801e-05,3.0654024752605813e-10,1.5044037281538805e-07,0.0001191233514884899,4.898200980570764e-11,2.0717453051544037e-07,0.005016096820627837,0.0001867123173243567,1.8738094169629234e-07,5.931888559772991e-05,7.643713806489909e-05,5.21106052447341e-09,0.258824680505781,0.0076704426758721295,6.194049784926364e-05
70,5.06496317992819e-06,2.029615468365174e-06,5.5268861987968715e-05,0.0014114790102082312,5.46534598469898e-05,0.7346786811162463,2.0198845054023038e-08,8.789427460689497e-10,1.476131702939772e-06,3.9229039177423e-05,6.739016244810868e-05,2.8226677733720125e-10,1.2754722602591717e-07,0.00010551618115810699,4.706484052658526e-11,1.8599265631028089e-07,0.004568504654317243,0.0001713606105400463,2.1169122265328742e-07,4.862254592243938e-05,7.430473279416663e-05,5.369974460346412e-09,0.25053318798981006,0.008126770430800326,5.590848619231225e-05
71,5.966055744649412e-06,2.4824336028652123e-06,6.349436286224459e-05,0.0017142668809752956,7.763213622311583e-05,0.6842833770385939,2.5282315853394504e-08,1.02958404382336e-09,1.6235600227538484e-06,4.9874873452781494e-05,6.161208872514482e-05,3.424249156972386e-10,1.8101853455776682e-07,0.00013604006018841676,5.148746934654669e-11,2.3628459777199964e-07,0.005624983880557994,0.00018925356269875867,1.7888968045769797e-07,8.289955199571843e-05,8.156160141492459e-05,5.133415425933922e-09,0.29985305622323144,0.007696232121767331,7.501553590220724e-05
