,0,1,2,3,4,5,6,7,8,9,10,11,12,13,14,15,16,17,18,19,20,21,22,23,24
0,1.9261251876789345e-07,1.1947269421567247e-06,1.2110212231333758e-09,9.877895219745841e-07,8.978855683537103e-05,0.006149378000964443,4.067076889187568e-06,2.2559257786154493e-10,0.00013149741863416266,2.7492474165159806e-06,2.721791525923234e-07,3.500102236773991e-08,4.2898592902704855e-11,1.1832162489346296e-05,5.403050893305363e-06,2.221851897833554e-07,9.566895938639392e-06,0.0006579756046580258,1.7755929283634703e-06,6.855009887390581e-08,3.3197400809281626e-05,1.7090119751128706e-07,0.9900292333962408,1.48921786950813e-05,0.0028554979914510504
1,2.3429640324799786e-07,2.133965582408225e-06,2.258810094549434e-09,9.333774506424696e-07,0.00015708629981572668,0.007916584700294365,4.088934142716505e-06,2.361626410918456e-10,0.00020671532724746223,3.6173057828975717e-06,3.5619544561302683e-07,4.193824451732521e-08,4.2813681293931125e-11,1.3730911782315155e-05,7.550238023440911e-06,2.510846771017635e-07,1.0676149396242006e-05,0.0005229604468675368,3.2327088632283326e-06,6.642812264632268e-08,3.9569226161874195e-05,2.421634632872831e-07,0.9869626533448262,1.5327464507969755e-05,0.004131944955111726
2,1.4036417023362638e-07,1.9016152579769965e-06,1.4619397102758994e-09,5.330286742721877e-07,0.00012960420982334957,0.0032310918642210447,2.383836100676128e-06,1.988259402470046e-10,0.00013122686682491894,2.5793672161825753e-06,5.451407315259147e-07,4.4646478783617796e-08,2.559626469651824e-11,2.2086888537138995e-05,1.3720973057956789e-05,8.012737175391633e-08,6.08244383225858e-06,0.00043423304300966046,1.1585740647902309e-06,8.101476506208031e-08,3.2505083199776415e-05,1.375514511967508e-07,0.99027411661211,8.95003504788041e-06,0.00570679502769156
3,1.5976073473017285e-07,1.8823349023208613e-06,1.329148991533422e-09,7.661827567445332e-07,0.00010294790997866916,0.005909550007747082,4.03328072686548e-06,1.7750023597780358e-10,0.00010496367922517883,2.2952821661086898e-06,3.0780075398609333e-07,4.975965631416507e-08,3.157093060705117e-11,1.8932950724994564e-05,7.854702537538152e-06,1.686112015540203e-07,9.675994738030671e-06,0.0006056966466759816,1.7985249101028302e-06,6.092803096816887e-08,3.7862016194210426e-05,2.2956853231325436e-07,0.9885415673587402,1.5844502277802605e-05,0.0046333506585683965
4,1.803844543335373e-07,1.86979182127481e-06,1.4059765794777283e-09,7.917789920632389e-07,0.00010677240022263211,0.005998583477239154,4.210968667858646e-06,1.8890938705165617e-10,9.841129396235034e-05,2.4161625577921853e-06,3.028148671353978e-07,4.995377433671531e-08,4.0543968879846685e-11,2.14541058440159e-05,7.520935552945662e-06,1.8774720282474233e-07,1.0225255304968304e-05,0.0006693241408298559,2.064046564532134e-06,6.77860283852098e-08,3.6822749740607814e-05,2.1533060424055257e-07,0.9885440428452749,1.8683988186580453e-05,0.0044758004068772205
5,1.5173225296616349e-07,1.9814772492645063e-06,1.018494338055943e-09,9.611293132329954e-07,8.579454753388448e-05,0.0064746028127950364,3.3656642152829727e-06,1.7761054242628097e-10,9.210003808227574e-05,2.0005425730292717e-06,2.999500910178434e-07,4.2685742021700646e-08,3.3965301169233374e-11,1.7282165859903944e-05,7.458047659110592e-06,1.8388531895952638e-07,8.820707791090657e-06,0.0008621510513435392,1.80764360732426e-06,6.56436823864616e-08,3.557925304680063e-05,2.2306220187084366e-07,0.9886781595939977,1.4732084876746082e-05,0.003712235050696349
6,1.5976073473017285e-07,1.8823349023208613e-06,1.329148991533422e-09,7.661827567445332e-07,0.00010294790997866916,0.005909550007747082,4.03328072686548e-06,1.7750023597780358e-10,0.00010496367922517883,2.2952821661086898e-06,3.0780075398609333e-07,4.975965631416507e-08,3.157093060705117e-11,1.8932950724994564e-05,7.854702537538152e-06,1.686112015540203e-07,9.675994738030671e-06,0.0006056966466759816,1.7985249101028302e-06,6.092803096816887e-08,3.7862016194210426e-05,2.2956853231325436e-07,0.9885415673587402,1.5844502277802605e-05,0.0046333506585683965
7,1.4652491202789454e-06,3.377150425993625e-06,7.038965537749433e-09,2.4012617735367414e-06,0.00035816085985625255,0.006392152519153624,1.519823458957262e-05,9.735317750582869e-10,0.00030226075402860127,1.5463513797725293e-05,1.2560000614107568e-06,8.62847818064715e-08,2.280430384334186e-10,4.2694845396954875e-05,1.164546636416288e-05,3.555225540037214e-07,3.275654325187443e-05,0.0006791454023984164,7.548906709696242e-06,1.9001583520690215e-07,3.0310852407373784e-05,5.34127578136325e-07,0.9807742487004402,4.7613722190275246e-05,0.01128112582674494
8,1.515321259370011e-07,8.045955999243463e-07,1.7796787087019922e-09,3.330589328196324e-07,6.070935241191785e-05,0.001781306756020881,3.050051840433264e-06,9.25325541542341e-11,5.012636154662705e-05,2.73830922626484e-06,1.941074751588662e-07,3.822448861114672e-08,2.3809391520795657e-11,2.218504367049944e-05,4.481611849480059e-06,5.861270426857629e-08,8.33863756106445e-06,0.00014127581924370478,7.544631013917669e-07,4.730905424745403e-08,2.910081789147352e-05,9.705294802235439e-08,0.9920230908335835,2.1853637442917948e-05,0.00584926191526039
9,1.2052159688468016e-07,1.0422182525579854e-06,9.800086202533614e-10,3.3797777896551057e-07,4.923490239753594e-05,0.0017173431199661345,1.9305861130218718e-06,8.619152776723464e-11,5.311861230092153e-05,2.155322587121688e-06,2.2919702985457563e-07,2.800933392133664e-08,1.4396193045459394e-11,1.8118751536621023e-05,6.457487979062384e-06,4.05866526952005e-08,5.640862174882112e-06,0.00017223409998123263,6.401813737475289e-07,3.6665927510237975e-08,2.3297203505734665e-05,9.367318844142507e-08,0.9923111341249945,1.3192834961131406e-05,0.005623571979771275
10,1.5976073473017285e-07,1.8823349023208613e-06,1.329148991533422e-09,7.661827567445332e-07,0.00010294790997866916,0.005909550007747082,4.03328072686548e-06,1.7750023597780358e-10,0.00010496367922517883,2.2952821661086898e-06,3.0780075398609333e-07,4.975965631416507e-08,3.157093060705117e-11,1.8932950724994564e-05,7.854702537538152e-06,1.686112015540203e-07,9.675994738030671e-06,0.0006056966466759816,1.7985249101028302e-06,6.092803096816887e-08,3.7862016194210426e-05,2.2956853231325436e-07,0.9885415673587402,1.5844502277802605e-05,0.0046333506585683965
11,1.8989199494529218e-07,1.839907481150268e-06,1.4681857896848543e-09,7.977368033925424e-07,0.00010536634859610394,0.0062346658094808655,4.589151477650667e-06,2.1917865397793744e-10,0.00011150530816279293,2.6969415455036142e-06,3.0795320092378294e-07,5.268698012940718e-08,4.298820058339551e-11,1.9251845062285715e-05,7.647190204018568e-06,1.9514246331275752e-07,1.1213642719582543e-05,0.0006650520831838674,2.110424498506164e-06,6.820967462199622e-08,3.738658571128367e-05,2.400244704834029e-07,0.9882982448484436,1.9502536822622603e-05,0.004477074000669621
12,2.5770254800713135e-07,2.7548040801917406e-06,1.956633919927446e-09,1.0973678290605912e-06,0.000108506445388092,0.007557555059112798,5.132488550423998e-06,3.502663947289393e-10,0.00014977709343684238,3.584338139043748e-06,4.3499990425461433e-07,6.530282351256916e-08,4.689774731255159e-11,1.8492170337539875e-05,1.133404483268415e-05,2.4068621717069435e-07,1.4145649288162636e-05,0.0007199975225064744,2.96172402996404e-06,6.99996216728328e-08,4.469802218328452e-05,4.006827636026797e-07,0.9860999125089622,2.0400086688588028e-05,0.005238178946958453
13,1.8944237132510713e-07,9.156239811240198e-07,1.6567843110353434e-09,6.436808338888877e-07,8.897650708058517e-05,0.001666371326137217,2.7827124944198173e-06,1.8714543147569541e-10,6.680052718790283e-05,2.135568139158165e-06,9.766632310737963e-07,6.922853103444283e-08,3.01598408327575e-11,4.255856035932702e-05,1.3666793492548793e-05,1.0940637905608278e-07,6.647494560550757e-06,0.0005330807302929756,7.187057695114412e-07,9.929925485087174e-08,3.9912954749135755e-05,1.0309670143009513e-07,0.9935987487590326,8.041844971165656e-06,0.0039264492003595495
14,1.7145914826227992e-07,6.0208329619774214e-06,2.243562252226573e-09,1.5748930818631212e-06,0.000255684841285857,0.010429692472182414,3.043215354990053e-06,1.9736422847330059e-10,0.00016023594024276185,2.4360185813635576e-06,7.08966729637427e-07,4.563078213874779e-08,4.62082109314913e-11,2.0181649764921798e-05,1.3055864396824812e-05,2.692339280011335e-07,8.888186557896346e-06,0.0012484566984241375,4.1134356264452206e-06,1.0655490700097446e-07,4.7778162459288795e-05,3.6065345776986077e-07,0.9832348254663272,1.0216063736721388e-05,0.004552131272927815
15,1.5976073473017285e-07,1.8823349023208613e-06,1.329148991533422e-09,7.661827567445332e-07,0.00010294790997866916,0.005909550007747082,4.03328072686548e-06,1.7750023597780358e-10,0.00010496367922517883,2.2952821661086898e-06,3.0780075398609333e-07,4.975965631416507e-08,3.157093060705117e-11,1.8932950724994564e-05,7.854702537538152e-06,1.686112015540203e-07,9.675994738030671e-06,0.0006056966466759816,1.7985249101028302e-06,6.092803096816887e-08,3.7862016194210426e-05,2.2956853231325436e-07,0.9885415673587402,1.5844502277802605e-05,0.0046333506585683965
16,1.1440033340238341e-07,7.811259835653237e-07,1.4705746037278677e-09,8.538543782296634e-07,6.855202135728488e-05,0.005070922237127258,4.048584840967933e-06,1.577641262899629e-10,3.819359516898836e-05,1.526381188691391e-06,3.6761380199730794e-07,9.130336471262804e-08,4.565573579633503e-11,3.376544272674643e-05,7.920971714767665e-06,3.5725189836557736e-07,8.042404038453899e-06,0.0012694858437453881,1.1546697609701114e-06,9.984069961347774e-08,7.63943354068109e-05,1.435254821852446e-07,0.9915950285775138,1.559588914184539e-05,0.0018065584563313453
17,2.8831190382711416e-07,1.1607738378106546e-06,1.713490911205839e-09,8.500035558572517e-07,0.00013638781882538176,0.002767685060495012,9.757216584918779e-06,1.8381349411798816e-10,8.844448230302762e-05,1.8662823154644417e-06,4.3947178999715575e-07,9.993670012089434e-08,3.666116344989101e-11,4.582315182278417e-05,6.010237832414194e-06,1.476005059271156e-07,1.4476844191936846e-05,0.0004131267806340973,8.599430919295317e-07,7.218652707416912e-08,3.988940502981634e-05,2.327845255842947e-07,0.9882118208795935,1.8049502938920507e-05,0.008242509391029041
18,2.137666137968796e-07,2.256154165675225e-06,8.146154167268094e-10,5.285255925481561e-07,9.082870907559672e-05,0.003007127634076402,4.769256523507363e-06,1.1088298446774194e-10,0.00010090391397587984,1.9847881791596962e-06,2.6122065466350764e-07,3.7917535092603806e-08,1.8875192962774314e-11,2.1738065488950513e-05,5.3381182729463145e-06,5.831460697665991e-08,1.991624403642131e-05,0.00035831874913048816,1.4527835848366026e-06,3.7494110945623334e-08,2.002869619640168e-05,3.5748535839583523e-07,0.9817906575532218,1.7543327809274217e-05,0.014555640337416638
19,2.6631991991111675e-07,1.6167922357228755e-06,2.6144002377964167e-09,1.12188793040124e-06,0.00016106588279927948,0.010961693744419122,1.223552760683891e-05,4.0448219072342804e-10,0.00018743339656415497,7.345950985016415e-06,3.3836082373113643e-07,1.0003623285689005e-07,7.464955635032784e-11,1.704962508982191e-05,6.8238762398637516e-06,2.714860108878262e-07,1.9455103365173167e-05,0.0005172161515665379,2.4382506932314697e-06,1.013059097495677e-07,4.375532490431657e-05,4.6668828167226407e-07,0.9813038813848005,3.477392473418251e-05,0.006720545885355171
20,1.023175547231572e-07,4.69464268173915e-06,1.3393210136210764e-09,9.188444880487459e-07,6.153988677098804e-05,0.0085004839136741,2.7358722804501203e-06,3.389025039008798e-10,0.00010816069743272913,1.990733609235925e-06,4.409879431847133e-07,9.758424394473892e-08,2.472088305217776e-11,1.631699423800154e-05,2.455427857013646e-05,1.9342897150977614e-07,8.577658513400753e-06,0.0009686706040820699,1.806265369844321e-06,5.882492013936186e-08,7.500767026843454e-05,5.633492310335359e-07,0.9859056974991212,1.3024441726254217e-05,0.004304361801364412
21,1.9456625931636372e-07,1.3439236683156983e-06,1.3667417400090238e-09,1.2002388649972685e-06,9.540668845018137e-05,0.003872349787987202,3.0016408717871815e-06,1.4053563083262034e-10,6.85788529298726e-05,1.548062264296946e-06,6.356661173819612e-07,6.365327742505635e-08,3.115171537706946e-11,3.853872470879092e-05,9.533667066194171e-06,2.3230696458358743e-07,6.155144797309939e-06,0.0008737800712450386,1.2569703376079866e-06,8.462829840995443e-08,4.4475328610889324e-05,1.4003500031827922e-07,0.9918423474522182,8.69956424621804e-06,0.0031304314873866505
22,1.5226556493262542e-07,9.399107850014167e-07,1.4823950052130016e-09,1.0377027992133815e-06,8.292543530186031e-05,0.0037333732046782313,3.243373091073909e-06,1.5301967566375387e-10,7.127551035076908e-05,2.7879649243061953e-06,5.733725806057817e-07,4.5862092760179506e-08,3.5629519018751006e-11,1.7815042944951924e-05,6.353235588853261e-06,1.8294736354675325e-07,1.2592646442616519e-05,0.0008026016567645412,1.2147746637600438e-06,1.0094816765258319e-07,4.4047056759118334e-05,1.893491612862019e-07,0.9922309603122973,1.0300285260963017e-05,0.0029772854713721025
23,1.5976073473017285e-07,1.8823349023208613e-06,1.329148991533422e-09,7.661827567445332e-07,0.00010294790997866916,0.005909550007747082,4.03328072686548e-06,1.7750023597780358e-10,0.00010496367922517883,2.2952821661086898e-06,3.0780075398609333e-07,4.975965631416507e-08,3.157093060705117e-11,1.8932950724994564e-05,7.854702537538152e-06,1.686112015540203e-07,9.675994738030671e-06,0.0006056966466759816,1.7985249101028302e-06,6.092803096816887e-08,3.7862016194210426e-05,2.2956853231325436e-07,0.9885415673587402,1.5844502277802605e-05,0.0046333506585683965
24,2.0305268008580331e-07,2.6116301395120385e-06,1.3979117300236191e-09,1.3171063144608877e-06,0.0001529324162196657,0.0062515549831378865,3.914438615616243e-06,1.61716974235465e-10,0.00010340008765695715,2.2731583028295157e-06,4.819711771433158e-07,5.684551469043244e-08,3.8155564046130324e-11,2.8264611806219133e-05,7.901139944256012e-06,1.855673191575326e-07,9.757858624662045e-06,0.0008091697868509592,1.922262398056605e-06,8.741348776436296e-08,3.5708767015679904e-05,2.5858822986714677e-07,0.9868473301329455,1.3302694784104631e-05,0.005727363889050877
25,4.2406820395076045e-07,7.988375746947546e-07,2.222307082260966e-09,1.2037854273486707e-06,0.00013858280706658787,0.0022135673194333704,9.461606729547684e-06,4.18947244808559e-10,9.959410638890132e-05,4.185346819026459e-06,1.2977346439177317e-06,1.066043492958877e-07,7.651134678865848e-11,5.27926464308554e-05,1.0586374051851655e-05,1.789582444983719e-07,1.4274909792701102e-05,0.0007185148695545506,9.014040545421994e-07,1.6720914531134697e-07,3.463666411910537e-05,1.7826286141858323e-07,0.9909968448296634,1.5675497280917306e-05,0.0056860234403985355
26,3.1273510029237676e-07,1.7734336951083033e-05,1.82799454633836e-08,5.474809179264196e-06,0.0004104020010571719,0.010142920997751067,1.7295242966438265e-05,1.0135627908163627e-09,6.429920035070601e-05,3.4654407149043466e-06,9.615835746257427e-06,2.877215033382724e-06,5.874517372965912e-11,0.0005623919494540412,0.00023597937159508604,1.0322507025380365e-06,1.459534614381599e-05,0.0014087336555223529,2.414546980243251e-06,3.6367134056272667e-07,0.00045275758112320406,2.5855350655844905e-06,0.9682758997702726,1.783758312280215e-05,0.0183509915715731
27,1.9811738872238583e-07,4.43990438375147e-06,1.239862953549894e-09,1.0204129909306661e-06,0.00011654610662800247,0.008305521252450512,4.283056480797617e-06,2.705034741114324e-10,0.00020440328386886448,2.76430119552554e-06,4.1118547251229596e-07,5.5168321196834854e-08,2.551830721970427e-11,1.659810617298493e-05,1.3380597683151452e-05,1.5670707182858737e-07,1.0758697387963568e-05,0.0006077591439089509,2.6117675517280704e-06,4.893225754641183e-08,3.303601083087132e-05,4.792042554274758e-07,0.9824977518897311,1.4005222312557251e-05,0.00816376939577044
28,1.5976073473017285e-07,1.8823349023208613e-06,1.329148991533422e-09,7.661827567445332e-07,0.00010294790997866916,0.005909550007747082,4.03328072686548e-06,1.7750023597780358e-10,0.00010496367922517883,2.2952821661086898e-06,3.0780075398609333e-07,4.975965631416507e-08,3.157093060705117e-11,1.8932950724994564e-05,7.854702537538152e-06,1.686112015540203e-07,9.675994738030671e-06,0.0006056966466759816,1.7985249101028302e-06,6.092803096816887e-08,3.7862016194210426e-05,2.2956853231325436e-07,0.9885415673587402,1.5844502277802605e-05,0.0046333506585683965
29,1.5976073473017285e-07,1.8823349023208613e-06,1.329148991533422e-09,7.661827567445332e-07,0.00010294790997866916,0.005909550007747082,4.03328072686548e-06,1.7750023597780358e-10,0.00010496367922517883,2.2952821661086898e-06,3.0780075398609333e-07,4.975965631416507e-08,3.157093060705117e-11,1.8932950724994564e-05,7.854702537538152e-06,1.686112015540203e-07,9.675994738030671e-06,0.0006056966466759816,1.7985249101028302e-06,6.092803096816887e-08,3.7862016194210426e-05,2.2956853231325436e-07,0.9885415673587402,1.5844502277802605e-05,0.0046333506585683965
30,1.5976073473017285e-07,1.8823349023208613e-06,1.329148991533422e-09,7.661827567445332e-07,0.00010294790997866916,0.005909550007747082,4.03328072686548e-06,1.7750023597780358e-10,0.00010496367922517883,2.2952821661086898e-06,3.0780075398609333e-07,4.975965631416507e-08,3.157093060705117e-11,1.8932950724994564e-05,7.854702537538152e-06,1.686112015540203e-07,9.675994738030671e-06,0.0006056966466759816,1.7985249101028302e-06,6.092803096816887e-08,3.7862016194210426e-05,2.2956853231325436e-07,0.9885415673587402,1.5844502277802605e-05,0.0046333506585683965
31,4.3529231775446354e-07,2.970401907132692e-06,3.344616040812823e-09,9.936777546905088e-07,0.00011375376839355827,0.005214802381801671,5.283617646706591e-06,7.25645062440947e-10,0.00014227995047751889,3.0520942934444034e-06,4.5025403208800494e-07,8.340614828381985e-08,1.0722493375844744e-10,2.5053947163626236e-05,1.3321797566461756e-05,3.3556060499198023e-07,1.8072551470623753e-05,0.000997127527295298,3.9746473172656715e-06,9.798149812778301e-08,5.765364902486839e-05,3.28062567477947e-07,0.9890718880718331,3.188116675327896e-05,0.004296156014645964
32,1.7984622093727622e-07,2.4131085187491134e-06,1.4529485724927235e-09,8.129393321187588e-07,0.00010911728846593047,0.006664419047481866,3.73775063969355e-06,1.920320216324652e-10,0.00011287079576495956,2.3754424792146307e-06,2.9986285914280487e-07,4.70866563399822e-08,3.716040642259047e-11,1.8606859577632025e-05,8.080478001209393e-06,1.900634975634046e-07,1.0551463456472412e-05,0.0006865654998238588,2.482788117645401e-06,6.125166341344867e-08,3.756056864514886e-05,2.5690066258155635e-07,0.9876651562815577,1.7862171941873956e-05,0.004656350822494849
33,6.374686998801123e-07,7.272102756497442e-06,2.7530689941789455e-09,2.17523861178516e-06,0.00015362871001939004,0.02841077291401663,1.4451649476907244e-05,5.985695256273071e-10,0.00010805074322039905,3.567712448340499e-06,1.2795629261760786e-07,1.1835073695306177e-07,2.7396689453581644e-10,2.4666713061947336e-05,4.514170528603783e-06,1.4886557235991865e-06,9.420215078793222e-05,0.003413624336148074,2.507518131029887e-05,8.064298254784892e-08,6.999268197436452e-05,1.9782008884442034e-06,0.9623229534844233,0.00018237868801743718,0.0051582386222686185
34,2.6857273242362498e-06,2.8819366489800513e-06,4.271375918726819e-09,1.6954355955683868e-06,0.0003322069528522835,0.0022216993706862193,4.0322072567088854e-06,4.812650442621253e-10,0.0002215573527856183,4.458376695452585e-06,1.3751561864048956e-06,3.566633483969031e-08,1.5586554362465288e-10,7.251008201375672e-05,1.027852952213585e-05,2.6812198251541265e-07,1.8864737439137046e-05,0.0009913545575208711,9.145104652617564e-06,1.1656761221493012e-07,2.1899621831087373e-05,1.5383300880772485e-07,0.9894330701262295,2.104463583021674e-05,0.006628660991484301
35,2.136521444955563e-06,1.8510344406702177e-05,2.9223723398166937e-09,3.756259701767759e-06,0.00030974997440021525,0.016367326162583372,1.117164894482175e-05,3.249206778303324e-09,0.0018750223317154366,7.286102357706325e-06,1.0796973425206467e-06,7.854196495673738e-08,1.2238383691332983e-10,1.3829272839191114e-05,2.6987675489627908e-05,5.064819973637798e-07,4.006264036069706e-05,0.0015701568606464322,1.8240522471823555e-05,6.992795734061792e-08,2.9651933811395835e-05,2.2421529561815292e-06,0.9644231781038786,2.4125285477840322e-05,0.015254825263287888
36,1.4568157940607077e-07,1.8214279051670514e-06,1.2865730500975965e-09,7.278456436407654e-07,0.00010219378739187477,0.005790597896078898,3.4156743325049843e-06,1.5318050630737523e-10,0.00010118094771253496,2.2395647927613423e-06,2.8573956716966883e-07,4.0774377752030304e-08,2.9379113803315345e-11,1.7072246830032943e-05,7.283685392712435e-06,1.5415259669485544e-07,8.31628544334498e-06,0.0005539511227824186,1.752397759845529e-06,5.881553744744135e-08,3.5668274371608805e-05,1.9158223667535965e-07,0.9891301779301753,1.460342358128728e-05,0.004228119274778493
37,1.8615210759507498e-07,6.06523647333591e-07,1.2391622362452818e-09,4.884370618389717e-07,7.011371022668103e-05,0.0022905374231361763,4.6261498426259385e-06,7.310634455095457e-11,2.7739167826620226e-05,1.2349521089994984e-06,1.7864104706813782e-07,5.401655343812614e-08,3.7329339345772626e-11,4.6561670228442675e-05,3.3320413415575967e-06,1.641349729823287e-07,1.0056527368325231e-05,0.0005136548652276815,1.0060791202111414e-06,5.375366047094068e-08,4.018043028893168e-05,9.431551140206565e-08,0.9936759711526291,2.5863198031682655e-05,0.003287295308462874
38,9.721667274010286e-08,1.3999772199647512e-06,1.0248569051399344e-09,6.477281813872456e-07,6.55243692436093e-05,0.0079379964278587,3.894402264447197e-06,1.437906692781714e-10,7.4154195279328e-05,1.7312609691080435e-06,2.1246947481864442e-07,5.2482729886852996e-08,2.7717853479914462e-11,1.4665824075119834e-05,7.574071649653968e-06,2.3618994240133766e-07,7.4617102101311584e-06,0.0007555385541623582,1.630510048115395e-06,4.790530078340008e-08,4.950171066174356e-05,2.1438408414599816e-07,0.9884857832818409,1.584727073646662e-05,0.002575786861028917
39,6.093749983355509e-08,2.9238353183646687e-06,1.9517840764324362e-09,5.875025502159982e-07,5.7657444570785025e-05,0.017156006156174797,2.753160030622054e-06,2.4769562372143503e-10,9.498142408637985e-05,1.164701203287074e-06,1.0010176961102343e-07,8.225964170604689e-08,2.89026411877804e-11,6.1027539698263065e-06,8.232835900957764e-06,4.08197552106401e-07,1.2725635779691151e-05,0.0008150462279713217,2.6485952911555927e-06,4.485789431015448e-08,0.00015706212613768642,4.73477656766332e-07,0.9796151310949495,2.0026338133217004e-05,0.0020457781075355562
40,2.8370568356368285e-07,3.511327933931307e-06,3.575451611249994e-09,5.731874805532413e-07,0.00031665677116543843,0.002631558393278608,5.0111763066819875e-06,1.2518429451080565e-10,7.940723218086298e-05,1.521694161168152e-06,6.782243174827604e-07,1.1375711901352676e-07,3.408225176761224e-11,0.0001049569792871655,1.3080994137966035e-05,1.1617508603974058e-07,1.0714435554199696e-05,0.0004224788885660114,1.909397408183912e-06,8.193890325151333e-08,5.187517107177085e-05,2.21006612507604e-07,0.9833826896682376,1.6508203998346815e-05,0.012956047936791499
41,2.7371023686133403e-07,5.733921065058691e-06,1.5877534851000239e-09,1.876059149742261e-06,0.000313048454625775,0.008488335845702907,2.5146809434926253e-06,3.344616725012547e-10,0.00030846581746910175,2.451330690690173e-06,9.600660160458794e-07,3.657759180083995e-08,4.75243813273301e-11,2.680545306435867e-05,1.7993377330576966e-05,2.8966132131149e-07,5.8192741131837e-06,0.0014922476632990456,4.190979903104098e-06,1.0657403143919286e-07,3.0655205339898605e-05,2.1112039380771174e-07,0.9850090497860101,7.365256406325485e-06,0.004281567215555862
42,3.3607159129902605e-07,2.2524628522611527e-05,5.972040892910071e-09,3.1115638653132837e-06,0.0001582149198636502,0.039655391405824456,5.6268705071905995e-06,1.315929838899069e-09,0.00047730100967013716,3.6267553974288854e-06,4.3076679217690267e-07,1.3184887982227774e-07,7.180736158381735e-11,7.7269813313419e-06,2.273851291500211e-05,1.1790289812558978e-06,3.8914818299358775e-05,0.001574739715017517,1.791076569879602e-05,7.112047789609668e-08,0.00015618117062348854,3.4589927006170343e-06,0.9525001349837963,2.8686623531255927e-05,0.005321554085935175
43,8.263464648306527e-08,1.308989119615296e-06,1.7155489254019467e-09,6.973997914523493e-07,7.248628657015085e-05,0.015154194090436354,3.3812758884566244e-06,2.5056917405189167e-10,0.0001189094566484216,4.27792041450929e-06,1.1889470998996903e-07,4.3882645957018825e-08,4.309378028581798e-11,4.447265913834732e-06,5.332722599655612e-06,2.680028559570334e-07,1.3717334890474783e-05,0.0005709141006593837,2.334163289828312e-06,6.44519378715968e-08,8.701811410935216e-05,3.1765964617474876e-07,0.9821017459079417,2.3313062697676436e-05,0.0018350243733748826
44,1.5976073473017285e-07,1.8823349023208613e-06,1.329148991533422e-09,7.661827567445332e-07,0.00010294790997866916,0.005909550007747082,4.03328072686548e-06,1.7750023597780358e-10,0.00010496367922517883,2.2952821661086898e-06,3.0780075398609333e-07,4.975965631416507e-08,3.157093060705117e-11,1.8932950724994564e-05,7.854702537538152e-06,1.686112015540203e-07,9.675994738030671e-06,0.0006056966466759816,1.7985249101028302e-06,6.092803096816887e-08,3.7862016194210426e-05,2.2956853231325436e-07,0.9885415673587402,1.5844502277802605e-05,0.0046333506585683965
45,3.0286671057008683e-07,2.812999029632539e-06,2.3188471485582164e-09,1.2925473948789666e-06,0.00011849871981852654,0.015322750636432559,1.387802815240117e-05,1.268469881306905e-09,0.00021564374162576542,5.5982910006049295e-06,4.1033276861164623e-07,1.358581644220206e-07,1.3026011762915449e-10,2.2387432760579313e-05,1.9472953904898162e-05,6.916372494628464e-07,1.7800572671664713e-05,0.0017327004625427626,4.83389457714402e-06,1.045687463995566e-07,6.158155964236876e-05,6.378549747870505e-07,0.978719050171381,4.831668239033431e-05,0.00369109447048354
46,2.469988422954191e-07,1.7057169099829418e-06,1.7230053533705248e-09,1.0396344869212128e-06,0.00010043146195722372,0.007275350556664309,5.608253894175879e-06,2.4127824854582354e-10,0.00010744715753533732,3.213369505692655e-06,2.8876267887787805e-07,6.49946658137801e-08,5.018747351374543e-11,1.619024709370352e-05,5.660919914794545e-06,2.3252486035094967e-07,2.0022275318857802e-05,0.0006562273833973838,2.3267315611336276e-06,7.267201734588625e-08,4.77622812209303e-05,3.6899354821039137e-07,0.9869475170587015,2.3789172126247282e-05,0.004784430818627723
47,7.796420087034514e-07,2.4034754371067453e-06,3.065219496872312e-09,1.8666102938801735e-06,0.00010036315800450752,0.010373722372992058,1.189342072552661e-05,5.154549788428536e-10,0.00012745004351758662,4.102907044650279e-06,2.569557063003592e-07,1.1032352682439871e-07,1.298849772025759e-10,2.095073262850713e-05,5.156494283508882e-06,6.932454610739156e-07,4.120901453790221e-05,0.0009633630853850674,6.355857115320804e-06,6.702457864299723e-08,6.094029018371917e-05,7.839080952904665e-07,0.9834820211897435,6.264213017835911e-05,0.004732864407992846
48,2.3635206256408168e-07,2.507978230963264e-06,1.5924844880827428e-09,8.172492657665004e-07,9.839960783054434e-05,0.008871444044193611,5.251155014354208e-06,2.8933554906555307e-10,0.0001245544989203455,3.523136563317504e-06,2.0625907701508646e-07,5.0538263935379106e-08,5.713884395410059e-11,1.470983265182842e-05,6.652744052202742e-06,2.3336071165149807e-07,1.882503280200422e-05,0.000733338094345455,3.795838906044798e-06,6.019797258651891e-08,3.802103475015443e-05,3.859880340814814e-07,0.985017580294379,3.4818851263309874e-05,0.005024585971750303
49,1.446394717616008e-07,3.357465133260784e-06,2.2344282506219906e-09,1.0454705436350286e-06,0.00012125084381473073,0.012834947452059103,5.480920025746808e-06,2.860743552724124e-10,0.00015148330817094078,3.1284684055835738e-06,2.9227723568086684e-07,9.335972096427852e-08,3.9293676523339386e-11,1.2851090910778633e-05,9.600483967006283e-06,2.6351280712862193e-07,1.4894373125435917e-05,0.0006480435954350013,2.5982832471814464e-06,7.467650044514791e-08,6.86174773930933e-05,6.033024055694516e-07,0.9807552974997568,2.075162188753514e-05,0.005345177318186524
50,6.320564297973761e-07,6.423623189463138e-07,2.0679632938351298e-09,8.736770328267232e-07,0.00014216049316468867,0.003410930116588104,1.7817307192958543e-05,4.276502784127281e-10,0.000115482779566563,8.337233662151702e-06,4.715104212812671e-07,7.503884761331226e-08,1.1454363423269302e-10,4.776251714944291e-05,5.706055725578914e-06,1.9150949841060253e-07,2.059471375117554e-05,0.0004981069500194886,1.8496024680131291e-06,1.1343274120769722e-07,2.018545250054378e-05,1.8123432966988283e-07,0.9877659928153643,5.049813114365389e-05,0.007891392399926232
51,1.8559306425183293e-07,0.00013055583032809147,1.6902910676773107e-09,8.207532364591973e-06,0.00012015161897665306,0.021578014419124998,1.6518127219372325e-06,7.637982583239164e-10,0.00035207282857687295,1.3041794215122306e-06,2.271373512884081e-06,1.1752064036228801e-07,1.4434986064887934e-11,1.8941576369123426e-05,0.00013122957696577644,2.931132863033035e-07,8.024329304552781e-06,0.002294957163211373,5.355602488970466e-06,6.070207911564045e-08,0.00010478793821148055,4.543182844736223e-06,0.962729792062572,4.1533120072917365e-06,0.012503326263402493
52,1.8872212448659776e-07,1.7367199181844733e-06,1.2193191742714892e-09,1.1084067105769197e-06,0.00011639558846329169,0.009774814151511603,3.901104129603736e-06,3.1887952127040675e-10,0.00014676119490987264,4.8276849575958105e-06,4.779005333540302e-07,5.918065391211677e-08,5.0006717878124736e-11,1.952879424605088e-05,1.2382570789922032e-05,2.263180468076392e-07,8.12214181609491e-06,0.0011113365058330645,2.4270488363822125e-06,9.899416462373872e-08,3.651666540685822e-05,2.410046170710329e-07,0.9852020578089713,1.593441497802055e-05,0.0035408554901757297
53,1.8000755912807336e-07,2.3206035816705405e-06,1.4332548172976915e-09,8.255454498836893e-07,0.00010985121895947732,0.006531466184876971,3.961867780312558e-06,2.0001554675837692e-10,0.00011567892534396146,2.46048983406196e-06,3.193763978144485e-07,5.090331586673356e-08,3.433566721847489e-11,1.9243653797042606e-05,8.578797076470046e-06,1.7991669790473002e-07,1.0576663649464696e-05,0.0006467783259934851,2.231582382231169e-06,6.129977611495935e-08,3.854143549150501e-05,2.652260853788007e-07,0.9874940196643125,1.7094754063454313e-05,0.004995311889969559
54,2.304857601014082e-07,1.0237692518910722e-05,1.252566848602747e-09,1.0696599580456251e-06,0.0001359259338208946,0.008168619911961035,5.715421344315008e-06,2.423252674638145e-10,0.0001975507236177357,2.0149617589607083e-06,4.1108553095953374e-07,7.584986961383994e-08,1.7767675294471347e-11,3.5343803424392306e-05,2.1389728160127235e-05,1.4812633542281898e-07,9.638910012464714e-06,0.0004993253789171064,3.1617006881823354e-06,3.099471775079404e-08,3.1913852995820574e-05,7.542300197420028e-07,0.9731155115114807,1.7698779577379934e-05,0.01774322974487063
55,1.8675460690952493e-07,1.203419437602387e-06,1.327250995451416e-09,7.552059639055616e-07,0.00013600128367721953,0.008994670249772149,1.2214893278324149e-05,3.727836996560561e-10,0.00013915068257992977,2.0482557683350418e-06,2.766213301561579e-07,2.0730769898545347e-07,6.345109908110901e-11,3.420745175552184e-05,8.386553603591353e-06,3.860644304260176e-07,1.1620815260891203e-05,0.0011702208507168635,1.4451819191298661e-06,9.53117265233662e-08,4.896500751324346e-05,3.072006818766698e-07,0.9843884783679078,2.5912513148029455e-05,0.00502325824373677
56,1.762389714715034e-07,1.8485088573473373e-06,1.4066223703811361e-09,8.172100102233156e-07,0.00010495611051183482,0.006404498801141296,4.3864799444973154e-06,2.057162981909691e-10,0.00010898762268076972,2.5494863303211026e-06,3.040298026579763e-07,5.2085868935597916e-08,3.9946420104885154e-11,1.888374834445701e-05,7.591209717071343e-06,1.9141257007714043e-07,1.054209254170873e-05,0.0006657371876813599,1.996639288755852e-06,6.792391500658501e-08,3.815913059974141e-05,2.3585808310738324e-07,0.988179975698283,1.810069016448862e-05,0.004429940182406868
57,1.5935068807721511e-07,2.050118680993388e-06,4.3806442259745825e-09,6.839688967795495e-07,0.00018990280004854327,0.00908054433728424,6.3976667754975286e-06,2.646274126364739e-10,0.00014002513930681877,3.5973502271993086e-06,2.9112703406461255e-07,1.1670068240973422e-07,6.043332606665672e-11,1.7941039709005093e-05,7.460512095862149e-06,2.9711362130571743e-07,1.732681753316852e-05,0.0004767810832133309,2.564758573036947e-06,1.0512010049909714e-07,8.38506352475916e-05,3.7088193524470054e-07,0.9848996667721998,2.59817626933422e-05,0.005043880237748161
58,1.5774969643655226e-07,1.656257461750545e-06,1.318799993887243e-09,6.428973931280573e-07,8.99648123918798e-05,0.006461914796980354,4.276096710740163e-06,1.881434747410207e-10,9.158141371957267e-05,2.6091482850672094e-06,2.0825093727086413e-07,4.9145720036986096e-08,4.156291662674201e-11,1.692722364564259e-05,6.35176226963823e-06,1.7679516278508558e-07,1.0944761879837146e-05,0.0006121470127339819,2.0258765129233607e-06,6.124371979630374e-08,3.6968235463925866e-05,2.2266047367600903e-07,0.9885366590045062,2.419604288750235e-05,0.004100257262941703
59,1.5546920700248955e-07,1.6468858484294791e-06,1.5900749253604311e-09,6.489418224243445e-07,9.5677817018912e-05,0.006027125605923982,4.337603798857102e-06,1.878438803726182e-10,9.015075788071211e-05,2.5073802427396665e-06,2.2634436666061937e-07,5.1902013908337716e-08,4.1667037524538477e-11,1.7162411666331387e-05,6.412729318058767e-06,1.8163971468811302e-07,1.1221431529874212e-05,0.0005704217425900177,1.9242451217864216e-06,6.638520163394895e-08,4.184677101405405e-05,2.2127145671085354e-07,0.9890468855222067,2.282415408318021e-05,0.004058301168387299
60,1.5976073473017285e-07,1.8823349023208613e-06,1.329148991533422e-09,7.661827567445332e-07,0.00010294790997866916,0.005909550007747082,4.03328072686548e-06,1.7750023597780358e-10,0.00010496367922517883,2.2952821661086898e-06,3.0780075398609333e-07,4.975965631416507e-08,3.157093060705117e-11,1.8932950724994564e-05,7.854702537538152e-06,1.686112015540203e-07,9.675994738030671e-06,0.0006056966466759816,1.7985249101028302e-06,6.092803096816887e-08,3.7862016194210426e-05,2.2956853231325436e-07,0.9885415673587402,1.5844502277802605e-05,0.0046333506585683965
61,1.5670007538867219e-07,1.6635314314693683e-06,1.5713038361130372e-09,6.230303157753935e-07,9.96988678267517e-05,0.005808325270536459,4.15943623389472e-06,1.7490376123509174e-10,9.425552297720393e-05,2.4342699553471934e-06,2.3813158794978828e-07,5.077675706348999e-08,3.763771395504539e-11,1.7733462415535948e-05,6.62704782144675e-06,1.7139163274743812e-07,1.065735707919688e-05,0.000533401378634482,1.8987827833461195e-06,6.191277076212034e-08,4.079468501582471e-05,2.1346110164999871e-07,0.989076295730125,2.0724025697221288e-05,0.004279813443380287
62,1.5976073473017285e-07,1.8823349023208613e-06,1.329148991533422e-09,7.661827567445332e-07,0.00010294790997866916,0.005909550007747082,4.03328072686548e-06,1.7750023597780358e-10,0.00010496367922517883,2.2952821661086898e-06,3.0780075398609333e-07,4.975965631416507e-08,3.157093060705117e-11,1.8932950724994564e-05,7.854702537538152e-06,1.686112015540203e-07,9.675994738030671e-06,0.0006056966466759816,1.7985249101028302e-06,6.092803096816887e-08,3.7862016194210426e-05,2.2956853231325436e-07,0.9885415673587402,1.5844502277802605e-05,0.0046333506585683965
63,1.5497747769457163e-07,2.8395068406898727e-06,1.2605935018577715e-09,8.288896221555621e-07,0.00010235805586252142,0.00666167202698482,3.402743351387254e-06,1.8296525354311305e-10,0.00011947337756278346,2.0882626158588846e-06,3.126649711038158e-07,4.525782691626614e-08,2.9052375948086507e-11,1.7165769257270018e-05,9.224549044042388e-06,1.6438272269520737e-07,9.185918866035444e-06,0.0006481526693474322,2.1521620314790847e-06,5.491643816989045e-08,3.708874921616765e-05,2.766588516939498e-07,0.9873211774177652,1.4556413286779263e-05,0.005047623157445907
64,9.90856734571535e-08,1.4999566786692914e-06,1.3886377713194536e-09,5.785708736631907e-07,7.731096420784458e-05,0.005371109210287685,2.884840850559215e-06,1.2072739339847513e-10,7.407213611653122e-05,1.657773565816343e-06,2.1868473846671474e-07,4.9126163093765464e-08,2.36993170417522e-11,1.4130276430060625e-05,6.417747241933406e-06,1.5158125080119776e-07,8.584499174435517e-06,0.000460058794297272,1.2693874822234968e-06,5.2855859004246347e-08,5.4677046473849134e-05,1.9336480897750646e-07,0.9905276047128723,1.3394194499403726e-05,0.003383983657389439
65,1.1137857863624143e-07,1.9041490502436738e-06,1.1416437336992138e-09,6.395103161778454e-07,8.602337399295949e-05,0.005777864825635881,3.230150783287067e-06,1.3122346651983443e-10,8.615238532911275e-05,1.693345484124504e-06,2.285945463299068e-07,4.4139202025410215e-08,2.4044911830822207e-11,1.5995364597193926e-05,6.998035532081195e-06,1.4449910167430612e-07,8.22293158680579e-06,0.0005452771398473885,1.4926544011502605e-06,5.171985258154816e-08,4.021705102025961e-05,2.093887110112431e-07,0.9891273496133997,1.4285872744736826e-05,0.004281862579374595
66,3.065002919841339e-07,9.157279356239574e-07,2.901125541856594e-09,8.848129991053078e-07,0.0002350985270638754,0.005884839151824951,8.582105639062812e-06,2.1147398103380226e-10,0.00013186943069422725,4.514682894775526e-06,3.2657732866125474e-07,5.010009824918968e-08,8.990540458695984e-11,2.2228929116237314e-05,3.684892507716476e-06,2.6003961545484094e-07,1.558856945391071e-05,0.0005134739383500313,2.3403519870840342e-06,1.2263853506572631e-07,3.5981524885420006e-05,1.5391104299435334e-07,0.9889012546533004,2.637629535955025e-05,0.004211143436570576
67,2.137145844950734e-07,1.9780340311533666e-06,1.5696953612580357e-09,8.795731729633257e-07,0.0001278965532406509,0.005953926711811939,4.763902904142432e-06,2.248945180044304e-10,0.00012616901046759164,2.8358809440153285e-06,3.8305468271156175e-07,5.423296491527015e-08,3.94671666726681e-11,2.1957213653950794e-05,8.656764947655926e-06,1.9123107452331144e-07,1.0836653604231787e-05,0.0006532353874659999,2.135516854123984e-06,6.960773894097457e-08,3.699855818112467e-05,2.4552652410939e-07,0.9880346007510137,1.7223524420830462e-05,0.004994746761659373
68,3.207775204516221e-07,2.4155024045908244e-06,1.4643994800862214e-09,9.570354403333423e-07,0.00013145163788384732,0.004095504215828259,3.902058091557363e-06,1.5223703933449851e-10,0.00013330828491017488,2.5275216596475942e-06,4.0263565386502596e-07,3.0914642332209724e-08,3.409382094374959e-11,2.441365044258693e-05,6.566798754932828e-06,1.6395476648226794e-07,1.1500955083895084e-05,0.0005107407867170223,2.8725759374265146e-06,5.0202038889721284e-08,2.2729667427478145e-05,2.1629727138911304e-07,0.9888110485462496,1.586408351463773e-05,0.006223010247030431
69,1.360561786610643e-07,1.7136982477429702e-06,1.190541992481081e-09,7.252955464344276e-07,9.455706621967977e-05,0.005363856275255865,3.491085057653e-06,1.6041722761675283e-10,0.00010259421645696359,2.135553299012589e-06,3.297720470929704e-07,4.600446359440813e-08,2.620119759058797e-11,1.6819318972844376e-05,8.051866596843166e-06,1.4128208531896452e-07,8.544005673065128e-06,0.0005739217098248455,1.434246995602007e-06,6.026588796845317e-08,3.754676408195331e-05,2.0889550617136678e-07,0.989364426566317,1.2436859693518303e-05,0.004406821818431925
70,1.6663555500898137e-07,1.9142288104164496e-06,1.3336336808591567e-09,7.498731172978319e-07,0.00010306695552797591,0.005747281167961803,4.042394115245532e-06,1.8063606605795974e-10,0.00010346419220643677,2.3104645058346024e-06,3.046138395883394e-07,4.969808102537862e-08,3.254726337360109e-11,1.950404308726559e-05,7.874589406951952e-06,1.6643972011377618e-07,1.0132604785371325e-05,0.000612546039408709,1.8697763097149657e-06,6.044578849311402e-08,3.748131465232872e-05,2.3256495738941302e-07,0.9885842483267899,1.6641366095809008e-05,0.004745890718460394
