,0,1,2,3,4,5,6,7,8,9,10,11,12,13,14,15,16,17,18,19,20,21,22,23,24
0,1.241496011332774e-06,5.4599667299165576e-06,7.200920498796763e-09,5.043827776638027e-06,0.0005793732861912007,0.008918265808919464,1.8368774039054255e-05,1.434760254910781e-09,0.00023846557222355824,9.732603232591268e-06,5.311081360233253e-06,4.0618126397977956e-07,1.5759841589473777e-10,0.00019772528798011374,5.891770014036876e-05,9.970433124903395e-07,2.0919343023948124e-05,0.0022418639701901988,6.451931625392052e-06,2.676964572191703e-07,8.370880350874202e-05,9.065509805608263e-07,0.978024023124435,2.4066007661179257e-05,0.00955847514965745
1,1.5086964712316094e-06,9.80234060631969e-06,1.3509375893472112e-08,4.742302002301933e-06,0.0010184837077318728,0.011480294166540323,1.8393784292893317e-05,1.4969501774927267e-09,0.00037603015843968267,1.2809035601841877e-05,6.951770127247931e-06,4.860947693657864e-07,1.5664047820986104e-10,0.0002290596991243038,8.243242199300852e-05,1.1243137129677129e-06,2.3290210200548044e-05,0.0017681249522259802,1.1810428902345237e-05,2.5822378338475826e-07,9.964604390321776e-05,1.2864184020093639e-06,0.9709729504161406,2.467975319995935e-05,0.013855819898861888
2,8.953145120950457e-07,8.707282934719348e-06,8.671621154671038e-09,2.6806233264339082e-06,0.0008366079946996329,0.004613223286747009,1.0617761626657987e-05,1.2551498077024235e-09,0.000236676331413647,9.072498443801235e-06,1.0696900474240107e-05,5.172975093883305e-07,9.276131818658347e-11,0.0003707395217335544,0.00015102457874228254,3.5187939822188185e-07,1.313329985188811e-05,0.0014618340709623649,4.158796587259926e-06,3.1549105897665954e-07,8.149125155740117e-05,7.231944165703779e-07,0.9729632294299058,1.426926970076733e-05,0.019209023904865036
3,1.0223594458856224e-06,8.62798772446824e-06,7.881547670027202e-09,3.880067012980153e-06,0.0006629144349920374,0.008528845833171393,1.8136745866033162e-05,1.11985784683179e-09,0.00018886696860844886,8.06805787943927e-06,5.9924633702193745e-06,5.782292727878996e-07,1.1493314225275244e-10,0.0003174054186320648,8.579732298889612e-05,7.501459490766096e-07,2.1072268881158428e-05,0.0020523200266687404,6.508962575748191e-06,2.3648332425672192e-07,9.52657592293552e-05,1.2182950285885344e-06,0.9724038669493333,2.5521834774429227e-05,0.015563094268932126
4,1.1567089969315163e-06,8.57067709863783e-06,8.345612476978597e-09,4.012291107187704e-06,0.0006880269493851275,0.008660497476886646,1.8951130878248447e-05,1.1931685959534057e-09,0.00017691851771493134,8.500957256637101e-06,5.894618900780147e-06,5.805947726784841e-07,1.4820476962218494e-10,0.0003604314497105899,8.210547611475096e-05,8.368130646356603e-07,2.229078538022107e-05,0.0022717974842986688,7.4871825877056756e-06,2.63580590767319e-07,9.2621739753499e-05,1.1417216387036018e-06,0.972530163556692,3.017820592481357e-05,0.015027562394259987
5,9.716146771603822e-07,9.103174857847302e-06,6.022832506734598e-09,4.8920118433526704e-06,0.0005516734343318188,0.009371638808160481,1.5113435068680512e-05,1.1222113516383594e-09,0.0001656204960564411,7.027031458575134e-06,5.8458067189767374e-06,4.955496792421667e-07,1.2397510454951235e-10,0.00028973676431649244,8.151733279999535e-05,8.20429516491702e-07,1.9209649668384202e-05,0.002941997722890187,6.552101717257219e-06,2.554626332382722e-07,8.95652081819516e-05,1.1849656851739243e-06,0.9739693926254116,2.3737438838895025e-05,0.012443641666468898
6,1.0223594458856224e-06,8.62798772446824e-06,7.881547670027202e-09,3.880067012980153e-06,0.0006629144349920374,0.008528845833171393,1.8136745866033162e-05,1.11985784683179e-09,0.00018886696860844886,8.06805787943927e-06,5.9924633702193745e-06,5.782292727878996e-07,1.1493314225275244e-10,0.0003174054186320648,8.579732298889612e-05,7.501459490766096e-07,2.1072268881158428e-05,0.0020523200266687404,6.508962575748191e-06,2.3648332425672192e-07,9.52657592293552e-05,1.2182950285885344e-06,0.9724038669493333,2.5521834774429227e-05,0.015563094268932126
7,9.532519194605265e-06,1.5335196621412716e-05,4.206561609920101e-08,1.2153858695791629e-05,0.002308899740391256,0.009066182858841624,6.850636263896352e-05,6.193497323143657e-09,0.0005428546498200945,5.498944842561506e-05,2.454203943686659e-05,9.927698755560375e-07,8.408001326969886e-10,0.0007116598921661606,0.00012563591065194103,1.5709590143055058e-06,7.138594465633278e-05,0.0022627771411816966,2.7432088348163567e-05,7.370673085404007e-07,7.459336667194631e-05,2.8196902415869167e-06,0.9468198258038439,7.66026500387299e-05,0.03772092094202134
8,9.788195888499596e-07,3.675721884202157e-06,1.0676937857140323e-08,1.6708808165885062e-06,0.00038993467928309753,0.002560142984543848,1.3807790583754463e-05,5.896548546177867e-10,9.031292425472375e-05,9.735142223440074e-06,3.732253828279245e-06,4.4471627789923355e-07,8.763317772667026e-11,0.0003721103003110388,4.8730293620171365e-05,2.5981176241460784e-07,1.826539779261096e-05,0.0004708591580755926,2.743621029512894e-06,1.829488640527881e-07,7.307379990495554e-05,5.13005532985459e-07,0.9761466319243293,3.59408031044737e-05,0.019756241668162144
9,7.743311432821053e-07,4.7725670230470105e-06,5.8183296634585855e-09,1.6956040245748661e-06,0.0003149671616406284,0.0024597074657870983,8.659600395814996e-06,5.463329470447528e-10,9.555948368196457e-05,7.623201920748337e-06,4.427232261694762e-06,3.240778931087865e-07,5.240752869045038e-11,0.0003032968046829619,7.059909644221255e-05,1.7842536686524322e-07,1.2264293568484558e-05,0.0005753433471739975,2.3132258921615153e-06,1.4130870897684491e-07,5.83059828439734e-05,4.940602869252679e-07,0.9770698143880489,2.1458051657092097e-05,0.018987273872485357
10,1.0223594458856224e-06,8.62798772446824e-06,7.881547670027202e-09,3.880067012980153e-06,0.0006629144349920374,0.008528845833171393,1.8136745866033162e-05,1.11985784683179e-09,0.00018886696860844886,8.06805787943927e-06,5.9924633702193745e-06,5.782292727878996e-07,1.1493314225275244e-10,0.0003174054186320648,8.579732298889612e-05,7.501459490766096e-07,2.1072268881158428e-05,0.0020523200266687404,6.508962575748191e-06,2.3648332425672192e-07,9.52657592293552e-05,1.2182950285885344e-06,0.9724038669493333,2.5521834774429227e-05,0.015563094268932126
11,1.2185741078446757e-06,8.430890486709572e-06,8.72018809897596e-09,4.0426510768631455e-06,0.0006787715411882215,0.00900616077888649,2.0679704846378495e-05,1.3875114743689666e-09,0.00020084022860948164,9.504666334490037e-06,5.995779913521988e-06,6.128321262654998e-07,1.57273254085953e-10,0.00032285332358027787,8.349939744798745e-05,8.702406436023493e-07,2.4479351782650363e-05,0.0022568943542571464,7.657523275173683e-06,2.6523367691167834e-07,9.40553965944146e-05,1.2747476138500601e-06,0.9722096148422525,3.1519315102846364e-05,0.015030748361223601
12,1.6572790474482688e-06,1.2670001115784483e-05,1.1642896627532732e-08,5.574215341880572e-06,0.0006974422152713884,0.010920983910072825,2.310677262941767e-05,2.227891944091135e-09,0.00027030958305882284,1.26549972151396e-05,8.492930244863378e-06,7.601114909174387e-07,1.7135066749053006e-10,0.00030908098823425435,0.0001241952226335129,1.0740194804171533e-06,3.091038937228414e-05,0.0024398437962939654,1.0775207922843835e-05,2.715723388096253e-07,0.0001124644014595559,2.1395728956655403e-06,0.9674003342032378,3.290457656008375e-05,0.01758233999194305
13,1.219831666567574e-06,4.163728563677647e-06,9.893202573430153e-09,3.262070136443736e-06,0.0005736229453306805,0.0023654032788843595,1.2483284403751753e-05,1.185832256479034e-09,0.0001197568495110639,7.524286463042077e-06,1.943337718070624e-05,8.115168600906572e-07,1.101000969800096e-10,0.0007252316403430978,0.00015112648026170474,4.851085660564867e-07,1.4441223188033973e-05,0.0018089188076379165,2.5724390035940427e-06,3.8977037981392775e-07,0.00010086161796282884,5.421100446941882e-07,0.980874805002667,1.2859802307728297e-05,0.01320007363950265
14,9.531317338419975e-07,2.85073322705509e-05,1.1387377092809249e-08,7.665814302731915e-06,0.001428159394043001,0.015429965354389993,1.1399674934787796e-05,1.0483340931704223e-09,0.00024258140566705582,7.741392795171976e-06,1.2063898413496238e-05,4.379213699777883e-07,1.6180202360614752e-10,0.00033260749260059796,0.00013487001128910915,1.1456345799556502e-06,1.6026473527480074e-05,0.004297670958372548,1.5222047780956023e-05,3.998513960201659e-07,0.00010338764741415206,1.5985239299278027e-06,0.9640861542824898,1.6642434811557888e-05,0.013824786724374118
15,1.0223594458856224e-06,8.62798772446824e-06,7.881547670027202e-09,3.880067012980153e-06,0.0006629144349920374,0.008528845833171393,1.8136745866033162e-05,1.11985784683179e-09,0.00018886696860844886,8.06805787943927e-06,5.9924633702193745e-06,5.782292727878996e-07,1.1493314225275244e-10,0.0003174054186320648,8.579732298889612e-05,7.501459490766096e-07,2.1072268881158428e-05,0.0020523200266687404,6.508962575748191e-06,2.3648332425672192e-07,9.52657592293552e-05,1.2182950285885344e-06,0.9724038669493333,2.5521834774429227e-05,0.015563094268932126
16,7.447557849866024e-07,3.610686785307182e-06,8.883682266175187e-09,4.3810075785178575e-06,0.00044516639070727067,0.007527120932872752,1.8650836249363853e-05,1.0340649136291228e-09,6.95073173538093e-05,5.436187626758202e-06,7.147257782183426e-06,1.086444326518201e-06,1.7254413373669515e-10,0.0005719987752876499,8.760266795137554e-05,1.653250320282775e-06,1.7796849209132505e-05,0.00442323690364717,4.306087047877795e-06,3.9265104956282063e-07,0.0001960276250620759,7.724933499690364e-07,0.9805616121272053,2.5931846104032092e-05,0.006025806816406737
17,1.8485316701360166e-06,5.240781349161254e-06,1.012590595808873e-08,4.279643819236544e-06,0.0008756240432016923,0.003917360646347966,4.416475890692524e-05,1.1517204851066401e-09,0.00015753369929728033,6.490085062855478e-06,8.540519325791155e-06,1.165507625643572e-06,1.3278793884268795e-10,0.0007732735404172032,6.48869665042108e-05,6.504227243502554e-07,3.149410838366193e-05,0.0013810304798098677,3.053153485084336e-06,2.788510569684654e-07,9.970453960562191e-05,1.226464763929572e-06,0.9648605199342437,2.8917510420822027e-05,0.027732704401563866
18,1.3660634314210086e-06,1.0308209138912694e-05,4.739774171190693e-09,2.6172840003368518e-06,0.0005760749688359105,0.00430076245644432,2.1407916815234354e-05,7.017851995628373e-10,0.0001812018841678167,6.900174089558055e-06,4.916581255462402e-06,4.326566370825609e-07,6.833442329229202e-11,0.0003558321954195762,5.7053955751918835e-05,2.5478869081865965e-07,4.346416127510028e-05,0.0011897510918420183,5.280876962902071e-06,1.4123959654786584e-07,4.893891817150862e-05,1.897443181882046e-06,0.9443492491503799,2.8389744867498463e-05,0.04881375272915058
19,1.7050442977565743e-06,7.33666593799472e-06,1.5550628683075796e-08,5.672333378609929e-06,0.0010365854712398028,0.015854318705008606,5.55706489111203e-05,2.5657522697976742e-09,0.0003377817007495113,2.6101859431066525e-05,6.547068028683913e-06,1.1664561564367003e-06,2.7339516173961894e-10,0.00028318384194559376,7.380494190893225e-05,1.207719950190374e-06,4.2514641989106976e-05,0.0017348167805055679,8.799309257380424e-06,3.9336789663259864e-07,0.00010950638724524115,2.48560470894578e-06,0.957819819914948,5.628329037202302e-05,0.022534379856356666
20,6.493159003816799e-07,2.18046981288875e-05,7.932609270511205e-09,4.660593246496463e-06,0.0003925492672444913,0.012323221210854435,1.221138188074029e-05,2.157415158085473e-09,0.00019446171316287353,6.972792775562622e-06,8.623423179263111e-06,1.1446738317949816e-06,8.953204197903934e-11,0.0002725543946408289,0.0002727479923134411,8.6132600347081e-07,1.8620686907184495e-05,0.0033024839705370064,6.529012259924015e-06,2.2789974742491877e-07,0.00019054075852031034,3.028594237970635e-06,0.9685226152509132,2.0887365856354637e-05,0.014422593498301384
21,1.273921247399484e-06,6.24904116571836e-06,8.227061747955526e-09,6.178568408517822e-06,0.0006213866580172944,0.005705657501439231,1.3724187469894237e-05,9.161326201940909e-10,0.00012559717585699853,5.500646306679056e-06,1.245055683012246e-05,7.514149996172938e-07,1.166479270369536e-10,0.0006532014818596979,0.00010552100927463917,1.064580567493068e-06,1.3529005803426227e-05,0.0030193734109973448,4.677698417615582e-06,3.313595465475303e-07,0.00011292769343482487,7.514231834975563e-07,0.9790627972933018,1.4286089042241333e-05,0.01051276002298709
22,9.98210894033161e-07,4.368045936558466e-06,8.968955992892027e-09,5.342750494876839e-06,0.0005406877428153125,0.005536807105630328,1.493015405829227e-05,1.0082726599469212e-09,0.0001314446767667179,1.0043800373840392e-05,1.1197851757124397e-05,5.402734222385646e-07,1.34684012271515e-10,0.000298289499968624,7.005658226370948e-05,8.405365356395457e-07,2.8114975198317646e-05,0.0027797555371986415,4.5574924236224076e-06,3.967699877048914e-07,0.00011202234693948668,1.0259550513485548e-06,0.9804245059872283,1.70867994856632e-05,0.010006976793657007
23,1.0223594458856224e-06,8.62798772446824e-06,7.881547670027202e-09,3.880067012980153e-06,0.0006629144349920374,0.008528845833171393,1.8136745866033162e-05,1.11985784683179e-09,0.00018886696860844886,8.06805787943927e-06,5.9924633702193745e-06,5.782292727878996e-07,1.1493314225275244e-10,0.0003174054186320648,8.579732298889612e-05,7.501459490766096e-07,2.1072268881158428e-05,0.0020523200266687404,6.508962575748191e-06,2.3648332425672192e-07,9.52657592293552e-05,1.2182950285885344e-06,0.9724038669493333,2.5521834774429227e-05,0.015563094268932126
24,1.2994934079700816e-06,1.198836264710259e-05,8.265048142067432e-09,6.702536132370382e-06,0.0009872917601363221,0.008996877053450475,1.752850424617059e-05,1.0149827712933722e-09,0.0001853168613630101,7.959326617639027e-06,9.415110998264307e-06,6.595021023531657e-07,1.388036201068098e-10,0.00047509346351093655,8.59913503809105e-05,8.237608904715174e-07,2.1174279577201007e-05,0.0027441295319842263,6.938197063567895e-06,3.3996019781142025e-07,8.94303933723199e-05,1.3697744503064858e-06,0.967097641201456,2.12887004799566e-05,0.0192307314567004
25,2.7507376125068957e-06,3.605166296186588e-06,1.325985178039791e-08,6.128078598484038e-06,0.0008948562275499741,0.0031392286034531832,4.304223416041135e-05,2.674203068070587e-09,0.00017870877732264456,1.4823760855649603e-05,2.579811908559052e-05,1.2514159934852602e-06,2.8192710812627645e-10,0.0008978184709055259,0.00011595875251330613,7.953863335075009e-07,3.121935435113153e-05,0.0024364578119922577,3.220435294711979e-06,6.581924045777566e-07,8.685861503939227e-05,9.404072019339517e-07,0.9729667753918672,2.519635274966027e-05,0.019123891492437012
26,1.5106037730912964e-06,2.8947545867486025e-05,3.441170228682157e-08,1.0449366744695533e-05,0.0012732353013627869,0.009802885862840666,3.9094987706038765e-05,3.193090591802872e-09,0.00013734126121867264,9.45803294033809e-06,3.7810464076215165e-05,4.990331534694418e-06,1.66250065822805e-10,0.0018728024981801777,0.0005554607082167208,1.8527627479321673e-06,2.561263105886942e-05,0.002897847475950288,7.014722382187081e-06,6.380767007246597e-07,0.0003559153014245156,4.16674604333765e-06,0.9514626860370674,2.819056896131091e-05,0.031442050942158906
27,1.2596782243015285e-06,2.042760547775208e-05,7.272005243841434e-09,5.140172928802315e-06,0.0007445839342386395,0.011933510322930298,1.9089303051920323e-05,1.7012175116975882e-09,0.00036805801452213473,9.6498443006292e-06,7.963232064984794e-06,6.358352891939302e-07,9.167808353630493e-11,0.00027496012616315906,0.00014595184599571889,6.895492051941066e-07,2.3239531772226062e-05,0.00203923077810063,9.415005311816073e-06,1.874089013371759e-07,8.213026712495314e-05,2.5477128412006063e-06,0.9568913394628829,2.229436340331386e-05,0.027397686940367823
28,1.0223594458856224e-06,8.62798772446824e-06,7.881547670027202e-09,3.880067012980153e-06,0.0006629144349920374,0.008528845833171393,1.8136745866033162e-05,1.11985784683179e-09,0.00018886696860844886,8.06805787943927e-06,5.9924633702193745e-06,5.782292727878996e-07,1.1493314225275244e-10,0.0003174054186320648,8.579732298889612e-05,7.501459490766096e-07,2.1072268881158428e-05,0.0020523200266687404,6.508962575748191e-06,2.3648332425672192e-07,9.52657592293552e-05,1.2182950285885344e-06,0.9724038669493333,2.5521834774429227e-05,0.015563094268932126
29,1.0223594458856224e-06,8.62798772446824e-06,7.881547670027202e-09,3.880067012980153e-06,0.0006629144349920374,0.008528845833171393,1.8136745866033162e-05,1.11985784683179e-09,0.00018886696860844886,8.06805787943927e-06,5.9924633702193745e-06,5.782292727878996e-07,1.1493314225275244e-10,0.0003174054186320648,8.579732298889612e-05,7.501459490766096e-07,2.1072268881158428e-05,0.0020523200266687404,6.508962575748191e-06,2.3648332425672192e-07,9.52657592293552e-05,1.2182950285885344e-06,0.9724038669493333,2.5521834774429227e-05,0.015563094268932126
30,1.0223594458856224e-06,8.62798772446824e-06,7.881547670027202e-09,3.880067012980153e-06,0.0006629144349920374,0.008528845833171393,1.8136745866033162e-05,1.11985784683179e-09,0.00018886696860844886,8.06805787943927e-06,5.9924633702193745e-06,5.782292727878996e-07,1.1493314225275244e-10,0.0003174054186320648,8.579732298889612e-05,7.501459490766096e-07,2.1072268881158428e-05,0.0020523200266687404,6.508962575748191e-06,2.3648332425672192e-07,9.52657592293552e-05,1.2182950285885344e-06,0.9724038669493333,2.5521834774429227e-05,0.015563094268932126
31,2.8297911752541644e-06,1.3712176973808656e-05,2.012223618755118e-08,5.05219218522286e-06,0.0007335505733207091,0.007510162384157655,2.3857716588732043e-05,4.680824114695518e-09,0.00025721271788862814,1.0775324148362433e-05,8.817585945805845e-06,9.770456139291184e-07,3.9793396844405336e-10,0.00042183081215382113,0.00014671751596318232,1.5090609168673856e-06,3.9744273586045106e-05,0.0034049489496275173,1.4564374751573123e-05,3.831212069152151e-07,0.0001460134132567679,1.7506217705012663e-06,0.9727925380833601,5.1918198248153265e-05,0.014411108866166403
32,1.1523073658379615e-06,1.1097318745322854e-05,8.622223657732797e-09,4.118042498075376e-06,0.0007028331070845867,0.009630391017732939,1.6776643558630754e-05,1.2122646190098406e-09,0.00020319668821858032,8.348947735015253e-06,5.831715721684993e-06,5.46333956832201e-07,1.3554354370546392e-10,0.00031165016221124765,8.824581144783912e-05,8.466437998017917e-07,2.299549565403251e-05,0.002329447076489312,9.025541479725176e-06,2.3760503651207802e-07,9.443393723546066e-05,1.3648908074492674e-06,0.9708972216536014,2.8807854513846523e-05,0.015631421235074456
33,3.290795574930913e-06,3.448826335105939e-05,1.262298600710483e-08,1.0308870967308609e-05,0.0007779341226715088,0.04306512260945058,4.975999597455253e-05,2.878903984686031e-09,0.00014542761080542154,1.0687121086550618e-05,1.9437966210709194e-06,1.036393844534691e-06,9.463155672820696e-10,0.0004032627455582128,4.386882868170817e-05,6.296029616299895e-06,0.00015700235854406873,0.011931702456056063,9.527190710337035e-05,2.9046920054022003e-07,0.00013888068291131322,8.103396247007416e-06,0.9280758536945649,0.0003083050205104854,0.01473114638245292
34,1.785847871430921e-05,1.321431916932206e-05,2.5636548169676556e-08,8.63917863106743e-06,0.0021653647861802133,0.0031368818793005787,1.8015912126537728e-05,3.0650092058288883e-09,0.00040083195030343884,1.573607184583001e-05,2.7240222530793654e-05,4.0963988446236697e-07,5.78254244589254e-10,0.0012338331957349581,0.00011203183939530463,1.19398946170754e-06,4.125519924319339e-05,0.0033637701039764207,3.374410669382346e-05,4.541962934859014e-07,5.4276730236861946e-05,8.060221334397257e-07,0.9670717476209225,3.383324502247372e-05,0.02224883203238748
35,1.3762601374871943e-05,8.492091818544875e-05,1.6944825626208723e-08,1.8900134920733638e-05,0.001959883540020101,0.023282986502178606,4.939969971582694e-05,2.079810609042337e-08,0.003422891001980114,2.527293530240732e-05,2.0676461939960943e-05,8.861236486211091e-07,4.410667377476804e-10,0.0002205509621670441,0.00028922985213413366,2.217430240275025e-06,8.630239182951618e-05,0.005222267778245714,6.617523142554551e-05,2.629581143847849e-07,7.175306280876852e-05,1.1959929297493477e-05,0.9148917187466836,3.776650413437167e-05,0.05022017704965419
36,9.320283246926389e-07,8.354574287779466e-06,7.634389552144062e-09,3.6873882433182085e-06,0.0006587794450144083,0.00836460544961429,1.5337656013794335e-05,9.653368862341723e-10,0.0001821751655342061,7.878681677915709e-06,5.563142008994896e-06,4.7289505967807537e-07,1.0696145526135904e-10,0.0002860885761013787,7.956125565513077e-05,6.856760984750215e-07,1.808957738057467e-05,0.0018766037931712313,6.3470995848071275e-06,2.2843290872008076e-07,8.976982583464e-05,1.0150229959284003e-06,0.9741717463285863,2.3520821203732502e-05,0.014198548458012132
37,1.0871717773586642e-06,2.8336669952132582e-06,6.540451625079138e-09,2.4013448690464477e-06,0.00040381221735253633,0.003423579384923579,1.851034152402943e-05,4.0856842063999523e-10,4.342870170841079e-05,4.049684699883373e-06,3.07295923421816e-06,5.505578640425178e-07,1.3525969650098562e-10,0.0007894557482686582,3.4671445367108265e-05,7.226823831441265e-07,1.920541589444158e-05,0.0017835168415854005,3.7793545017315707e-06,2.0294571918055956e-07,9.054126433933357e-05,4.3587794683997777e-07,0.9830700904497323,4.385667177932811e-05,0.010260188187254413
38,5.926703212878404e-07,6.455465735826941e-06,5.773177262217447e-09,3.2422469257814717e-06,0.0004014263570250396,0.011661125616593679,1.6632425862755016e-05,8.586018980095026e-10,0.0001260062286268465,5.901310331564654e-06,3.950660640240895e-06,5.789170050665137e-07,9.971767594869856e-11,0.0002453733516666529,8.152139564724121e-05,1.0465013259792219e-06,1.532696917658472e-05,0.0025917866028702195,5.947846827068657e-06,1.8371503852656492e-07,0.00011984576545187337,1.0786795872179595e-06,0.9763315287661958,2.5783713429279436e-05,0.008354658062218925
39,3.842479568251751e-07,1.3502972330647713e-05,1.1650553833836903e-08,2.9642779732171646e-06,0.0003680731002316025,0.025195491966242524,1.23121479205738e-05,1.5718394868984632e-09,0.00017072552484696278,4.052346350050489e-06,1.915458868165444e-06,9.640562130210514e-07,1.0512798280517952e-10,0.00010054395846931454,9.004265397055259e-05,1.842679245864439e-06,2.7849215490682228e-05,0.0027761800527791327,9.649561077367266e-06,1.733582874829946e-07,0.000404420676157033,2.5430563586466353e-06,0.9639972331077148,3.239507011850142e-05,0.006786727183875531
40,1.848743445635886e-06,1.6399402897911414e-05,2.152357739738221e-08,2.859254220755562e-06,0.0020667975197346286,0.0038376710897047067,2.2883048118542314e-05,8.174484118504739e-10,0.00014478607209380992,5.335308162675329e-06,1.2874352155325863e-05,1.331743396421757e-06,1.273763676306855e-10,0.0017575913895099703,0.00014277378918923863,5.230750304841347e-07,2.3436974036879776e-05,0.001420486661362132,7.160736769100627e-06,3.128582475266705e-07,0.00012915542644141795,1.1808993368474972e-06,0.946867774586642,2.730422455807589e-05,0.04350949037654369
41,1.6983103467208184e-06,3.104141170571323e-05,8.551061121835604e-09,1.0407313872227571e-05,0.002107890944370833,0.013096454765957704,9.297412571430837e-06,2.021677847206592e-09,0.000565802514245861,8.080767640539383e-06,1.9729588836561257e-05,3.560282970410837e-07,1.7673832290801568e-10,0.00046757501855112496,0.00021079564737238728,1.3420199513323383e-06,1.028823428308514e-05,0.005772962489019184,1.720879980492893e-05,4.3307123255158655e-07,6.702007915240892e-05,9.699354062872557e-07,0.9643542704707281,1.0758996921702954e-05,0.013235605430254713
42,2.129704620107772e-06,0.00010509850993466005,3.5492860746150834e-08,1.576775204281562e-05,0.0010038747247273505,0.057727243043060095,2.489393955423343e-05,8.3873704000199e-09,0.0008609387078260728,1.2567081995638952e-05,8.251356452637061e-06,1.5227992410047268e-06,2.5919030423896243e-10,0.00012498755156550251,0.00024720600065012126,5.294320655872493e-06,8.4790630375979e-05,0.005301654821180772,6.579167393870071e-05,2.70817040407549e-07,0.00039332673775892795,1.8754392797578196e-05,0.91641817636805,4.5649229447569955e-05,0.017531765697662446
43,5.252315718848993e-07,5.983488353481651e-06,1.024853378009717e-08,3.5477448089632495e-06,0.00046570041431424675,0.022352937981310116,1.5237763405960019e-05,1.5991279116923036e-09,0.00021574254186897446,1.5278466631183768e-05,2.2850205668267753e-06,5.098653026711054e-07,1.586196009750468e-10,7.251711783882377e-05,5.791468294796333e-05,1.2065663134809738e-06,3.017694008194711e-05,0.001941086952796673,8.515388899147276e-06,2.5144754103954815e-07,0.00022256439554999718,1.7055822312815502e-06,0.968474201216865,3.790078934520986e-05,0.006074198395173782
44,1.0223594458856224e-06,8.62798772446824e-06,7.881547670027202e-09,3.880067012980153e-06,0.0006629144349920374,0.008528845833171393,1.8136745866033162e-05,1.11985784683179e-09,0.00018886696860844886,8.06805787943927e-06,5.9924633702193745e-06,5.782292727878996e-07,1.1493314225275244e-10,0.0003174054186320648,8.579732298889612e-05,7.501459490766096e-07,2.1072268881158428e-05,0.0020523200266687404,6.508962575748191e-06,2.3648332425672192e-07,9.52657592293552e-05,1.2182950285885344e-06,0.9724038669493333,2.5521834774429227e-05,0.015563094268932126
45,1.9471362935519294e-06,1.2904917937122476e-05,1.3795867905903882e-08,6.5638874337159686e-06,0.0007605517824503454,0.022327517928023746,6.329147324369132e-05,8.210960484776691e-09,0.0003903181531734357,1.9848835613554083e-05,7.981018685628672e-06,1.5952616436985676e-06,4.823211602346774e-10,0.00037424920379856483,0.0002146025045866705,3.1294248002288766e-06,3.892728070118661e-05,0.005936878392242335,1.767289519364968e-05,4.071097844595931e-07,0.00015528873921850223,3.421417523331182e-06,0.957298495287363,7.877985743714869e-05,0.01228560500370294
46,1.589840198557882e-06,7.797680329660236e-06,1.0247930742041413e-08,5.284620202737461e-06,0.0006457489068542061,0.01052315754952778,2.532347220529876e-05,1.5279903441818596e-09,0.00019319564174843793,1.1343187877369842e-05,5.609981799583275e-06,7.57642381535541e-07,1.8385262173942978e-10,0.0002704557070991201,6.144687421866876e-05,1.0386435753413207e-06,4.406172807512205e-05,0.002223926705424707,8.445771126416783e-06,2.8254580333845263e-07,0.00012048757211956712,1.970840939420299e-06,0.9697483969460957,3.852439615552429e-05,0.016061141786468208
47,5.098785659572713e-06,1.102190867848294e-05,1.8355880293436374e-08,9.554638066654419e-06,0.0006438141178860917,0.015054524769177223,5.422211256517673e-05,3.2962328417559325e-09,0.0002292530356839719,1.4505946147339237e-05,4.971322404583454e-06,1.2938845293999557e-06,4.819243799252746e-10,0.00035060170175660543,5.575984462743169e-05,3.1434326639841937e-06,9.151836246400286e-05,0.0032771557138217937,2.3387549234665474e-05,2.596543403511411e-07,0.00015397020750940784,4.227505525233422e-06,0.9640602586422489,0.00010277507788601138,0.01584865965308536
48,1.5179594019324354e-06,1.1518148306378175e-05,9.445564226484327e-09,4.132147124268725e-06,0.0006315273282561945,0.012852809420077925,2.3650644416996286e-05,1.8348508325536324e-09,0.0002241428734521054,1.24360762860317e-05,3.979805962660123e-06,5.858952448407889e-07,2.0943291044195514e-10,0.0002449828350932255,7.228880780612578e-05,1.0408670037775183e-06,4.132423835028484e-05,0.0024858855246356285,1.3864911673724924e-05,2.3299803183332802e-07,9.54236266947733e-05,2.0599770326594735e-06,0.966364919338798,5.664217968473326e-05,0.016855022906817927
49,9.192952417781835e-07,1.5450008189448187e-05,1.3289264714008706e-08,5.292714447772293e-06,0.0007787015563489413,0.01865480562079284,2.4636890634641103e-05,1.8090442779662896e-09,0.0002727266786452461,1.0993015376325426e-05,5.655795565127465e-06,1.0900217745402911e-06,1.4279301499579562e-10,0.00021300361310414636,0.00010464987045976942,1.1745065687467358e-06,3.2488361071186884e-05,0.002186648253490543,9.408810767984556e-06,2.892597409648827e-07,0.00017337325338487574,3.234064465958302e-06,0.9595714942094501,3.3393565431950736e-05,0.017900555393945205
50,4.1041664179950054e-06,2.873775107648938e-06,1.2259957304925712e-08,4.401757394618008e-06,0.0009134938335170852,0.004844935285478946,8.144005557944452e-05,2.7162682286790045e-09,0.00020661226295454316,2.9696285745762736e-05,9.175469539312964e-06,8.713690243154433e-07,4.225402908161026e-10,0.0008067147286413617,6.15663303017842e-05,8.475997203992104e-07,4.506483351580252e-05,0.0016704361336642777,6.648608136346418e-06,4.4143443921563994e-07,4.99233905109589e-05,9.512981274301646e-07,0.9646384602254147,8.225367445632849e-05,0.02653907208354626
51,1.0630399910481699e-06,0.0006000684004420581,9.48625526999293e-09,3.893115697781879e-05,0.0005527552659641734,0.02480103333491815,5.850376772515548e-06,5.563513823466419e-09,0.0005932705853169022,4.126490745583963e-06,3.694367978498494e-05,1.1298469230815873e-06,5.6203320229005225e-11,0.0002456699310376041,0.0013389219163556661,1.0973091242421726e-06,1.4129111720221475e-05,0.006210881283748399,1.6389536676042475e-05,2.3019654741591563e-07,0.0002059522484574709,1.9617695761818038e-05,0.9292523037367179,6.6743921331556314e-06,0.03605294535791165
52,1.150810941319674e-06,8.007152058522412e-06,6.811333524689612e-09,5.561505052751802e-06,0.0007120673857500658,0.014360301120369852,1.646890755473839e-05,1.905825392181362e-09,0.00024915934270049037,1.6586104492981227e-05,8.90971508614542e-06,6.463188117260767e-07,1.8046742539695413e-10,0.00032668924068686005,0.00013340844635099537,9.959027797796952e-07,1.6505607929671632e-05,0.0038211836319889856,8.876543927751977e-06,3.8172707774959917e-07,8.705951971486065e-05,1.2006414826495073e-06,0.9687515056608121,2.5833662212287493e-05,0.011447492154591347
53,1.1525719415046798e-06,1.065803337585529e-05,8.497723009968993e-09,4.180071894064927e-06,0.0007071536620224669,0.009428826236874101,1.7786883516115526e-05,1.262618508125738e-09,0.00020819132398376672,8.646794859263705e-06,6.21319187726609e-06,5.909452722381208e-07,1.2499812911659993e-10,0.0003222683548537943,9.371296293944326e-05,8.002022217412602e-07,2.3035587898328607e-05,0.002190883611312858,8.093120666146448e-06,2.3763267322059636e-07,9.687360516198086e-05,1.40887565051295e-06,0.97006516536068,2.7532217228375113e-05,0.016776578867757023
54,1.3604329708508642e-06,4.7111766395367894e-05,6.749277923184408e-09,5.194013805679107e-06,0.0008041396176944608,0.011615654029406383,2.339526237814865e-05,1.3896406643941739e-09,0.00032473379578370137,6.598208026041212e-06,7.377720089334933e-06,8.013253758302686e-07,6.107236579614918e-11,0.0005786300648039182,0.00022495715237268104,6.268984926550379e-07,1.8922432085595184e-05,0.0016447425120248262,1.1267068809714981e-05,1.1362659238832493e-07,7.323980014129558e-05,3.686910370962111e-06,0.9277028150220219,2.7889895794674966e-05,0.056876734244572597
55,1.1956728634764585e-06,5.458333594233726e-06,7.84926063015797e-09,3.835299968596413e-06,0.0008771412347500625,0.013132193801053033,5.594489778747803e-05,2.3870967811373844e-09,0.0002524381821292314,7.209273596574017e-06,5.348222678438914e-06,2.4495882986776072e-06,2.3431262731109864e-10,0.0005672900273648656,9.086953107522451e-05,1.7399889689808981e-06,2.5379913652820195e-05,0.0040046579447729075,5.203944620912944e-06,3.722836086208835e-07,0.00012332808394666353,1.6446551518026884e-06,0.9640647664721229,4.1932087846744464e-05,0.0167295900894779
56,1.12967373424144e-06,8.471313700430152e-06,8.349241057814412e-09,4.143105998547152e-06,0.0006761175415446152,0.00925585191096739,1.9753164246348085e-05,1.301038439844437e-09,0.0001962432424917211,8.97739753503663e-06,5.918456513475673e-06,6.057574351800003e-07,1.4598146596613218e-10,0.00031659773470224143,8.288224102256044e-05,8.533845468883473e-07,2.2991874274661243e-05,0.002259358386733681,7.2386249323723055e-06,2.641168637013643e-07,9.60344130418469e-05,1.2523291985205105e-06,0.9721354008537535,2.9220438639295304e-05,0.014870684241862902
57,1.0168737334133867e-06,9.38375955089932e-06,2.6398946228224226e-08,3.4479322259515847e-06,0.0012313605109671895,0.01315840546445139,2.8899942833508622e-05,1.6755070090372354e-09,0.00025240910429810714,1.2700106858286578e-05,5.647183764348206e-06,1.370767028749868e-06,2.2166810941151567e-10,0.0002996886268358747,8.119985718644127e-05,1.3300887242717656e-06,3.797903954640035e-05,0.0016049370266768813,9.308573302007282e-06,4.1041429334402173e-07,0.0002130650722643357,1.977773133273769e-06,0.9660854324964925,4.206347285156562e-05,0.016917937616859894
58,1.0104352578881505e-06,7.584953584211546e-06,7.828103879216314e-09,3.25037873712176e-06,0.0005787325216529208,0.009349881092929668,1.9268356532372208e-05,1.1894543914767866e-09,0.00016461851657782696,9.20042697428641e-06,4.03390427181817e-06,5.716320112572359e-07,1.5214273244461292e-10,0.00028359868614508403,6.922600233193928e-05,7.880427269497567e-07,2.3909151612881742e-05,0.002076883976287217,7.353967251214819e-06,2.379984696400166e-07,9.308740678484401e-05,1.1824055582264635e-06,0.9735048538381492,3.9281394529936965e-05,0.013761435741922625
59,9.95961483937711e-07,7.544109510216769e-06,9.469824885175352e-09,3.2826229259606914e-06,0.0006163096323633223,0.00871432768428008,1.9557073737732977e-05,1.1879637655817123e-09,0.00016206557534149434,8.839219373505941e-06,4.39177983702114e-06,6.044346169719751e-07,1.525855948130486e-10,0.0002877069205264005,6.992656548560472e-05,8.102795066118749e-07,2.4532201432769836e-05,0.0019338593099637873,6.981892347093789e-06,2.584029865879289e-07,0.00010561760145554341,1.175341626452917e-06,0.9743707987350738,3.703341383765633e-05,0.013623370431913459
60,1.0223594458856224e-06,8.62798772446824e-06,7.881547670027202e-09,3.880067012980153e-06,0.0006629144349920374,0.008528845833171393,1.8136745866033162e-05,1.11985784683179e-09,0.00018886696860844886,8.06805787943927e-06,5.9924633702193745e-06,5.782292727878996e-07,1.1493314225275244e-10,0.0003174054186320648,8.579732298889612e-05,7.501459490766096e-07,2.1072268881158428e-05,0.0020523200266687404,6.508962575748191e-06,2.3648332425672192e-07,9.52657592293552e-05,1.2182950285885344e-06,0.9724038669493333,2.5521834774429227e-05,0.015563094268932126
61,1.0035969801711272e-06,7.618727249721393e-06,9.352773530791079e-09,3.148338816930695e-06,0.0006423904986885809,0.008389915499288487,1.8734292067859603e-05,1.1044636291040908e-09,0.00016950109680886853,8.57425377241865e-06,4.622481293279219e-06,5.909038251445217e-07,1.375565928485669e-10,0.00029732307786732923,7.227422842658961e-05,7.635744533897148e-07,2.327127948005957e-05,0.0018057536264401485,6.885476084575468e-06,2.40637787608483e-07,0.00010288220112735263,1.1327854454373557e-06,0.9740360935720415,3.356186621406838e-05,0.014373707391046684
62,1.0223594458856224e-06,8.62798772446824e-06,7.881547670027202e-09,3.880067012980153e-06,0.0006629144349920374,0.008528845833171393,1.8136745866033162e-05,1.11985784683179e-09,0.00018886696860844886,8.06805787943927e-06,5.9924633702193745e-06,5.782292727878996e-07,1.1493314225275244e-10,0.0003174054186320648,8.579732298889612e-05,7.501459490766096e-07,2.1072268881158428e-05,0.0020523200266687404,6.508962575748191e-06,2.3648332425672192e-07,9.52657592293552e-05,1.2182950285885344e-06,0.9724038669493333,2.5521834774429227e-05,0.015563094268932126
63,9.89836259692155e-07,1.3081494343853354e-05,7.457937741415667e-09,4.196776651079438e-06,0.0006581015963521243,0.009618662480835146,1.5238068429523338e-05,1.1532194727404367e-09,0.00021510492040858906,7.318761968965871e-06,6.079858401485305e-06,5.24365223167039e-07,1.0547209115816167e-10,0.0002869161786436172,0.00010087110377072897,7.299803166999396e-07,1.9959556107044515e-05,0.0021953528441906473,7.799684664390992e-06,2.1249116851351978e-07,9.315447509053086e-05,1.4704158909328395e-06,0.9697777881932641,2.3381602885380286e-05,0.016953056598504344
64,6.317319292998717e-07,6.877105206552917e-06,8.271923321556883e-09,2.9282446440764087e-06,0.0004974929172086844,0.007769982830431621,1.295367814873211e-05,7.599648861629111e-10,0.0001330605863114061,5.819631263901019e-06,4.250874591682178e-06,5.729615278517692e-07,8.621777707695569e-11,0.00023670633720698704,7.014768098143353e-05,6.758490770301261e-07,1.8732015807356017e-05,0.0015580714553590723,4.5863596690561e-06,2.0548299482056986e-07,0.00013891436291498186,1.0273390076207807e-06,0.9781609017682998,2.160086091647422e-05,0.01135385080839547
65,7.095523807598727e-07,8.740302979573355e-06,6.7616819908783295e-09,3.233280758269851e-06,0.0005530356090943584,0.008346061976963196,1.4491991471745838e-05,8.249521430970782e-10,0.0001547240162089467,5.93085713096108e-06,4.434925357152257e-06,5.125725333947803e-07,8.726484069289661e-11,0.0002677704241053812,7.639385162254143e-05,6.420890804752664e-07,1.7883614611433563e-05,0.0018467881566546697,5.392676747353666e-06,2.0046835275094794e-07,0.00010141272592136222,1.1109469079973962e-06,0.974185372199966,2.300173029449865e-05,0.01438214835695798
66,1.9826516742234027e-06,4.1515644747300914e-06,1.7425082655599377e-08,4.493085537922994e-06,0.0015345172137046896,0.00849643115803599,3.907418373086543e-05,1.3385109683834334e-09,0.00023824708309928754,1.6047739962537906e-05,6.366848058755854e-06,5.825097349449348e-07,3.3292452867916445e-10,0.0003737789039176545,3.9787932894789376e-05,1.1654064655020774e-06,3.4221663582352746e-05,0.0017360639341167231,8.509126325012512e-06,4.815295083980787e-07,9.050170914726011e-05,8.119912209183845e-07,0.9732000577579003,4.2850099273547355e-05,0.014129856811115494
67,2.5582248412217035e-07,6.836057501532962e-06,3.5759113935799414e-09,2.015386392264782e-06,0.00023614694628155007,0.008262520966684308,8.223089421956252e-06,3.631741358575498e-10,7.87584066044349e-05,2.95055335205043e-06,2.117141670475122e-06,3.8487091572628863e-07,3.9741356786837163e-11,0.00015704738380971603,5.4147410708176495e-05,4.128744519315431e-07,1.2317290359869426e-05,0.0014364457044754545,2.8779959142819633e-06,1.2570240878677197e-07,0.0001067862357253274,8.874072218667658e-07,0.9786951955196497,1.720214949431251e-05,0.01091634110564543
68,2.069319993157571e-06,1.1082231553440005e-05,8.670704394623877e-09,4.849045148162045e-06,0.0008471860201141237,0.005858785446015754,1.74846306688187e-05,9.552489030802668e-10,0.00024005457593803762,8.871175711460754e-06,7.848509418086148e-06,3.5546644064070715e-07,1.238946706033202e-10,0.0004097030884345734,7.131058210314239e-05,7.26909142765701e-07,2.5039698465857826e-05,0.001720702327965941,1.044193805697218e-05,1.9366930741058084e-07,5.6558986618390484e-05,1.1433275415411016e-06,0.9697427276346714,2.547688854038523e-05,0.020937378778302023
69,8.692919263963907e-07,7.850918723693033e-06,7.054138942127262e-09,3.673364921238947e-06,0.0006086509615112576,0.007736876089446688,1.5677868345240025e-05,1.0114349638559197e-09,0.0001847151388526614,7.50527287663216e-06,6.433455122479603e-06,5.344439770015217e-07,9.519519320192388e-11,0.00028171443784888504,8.807064777090513e-05,6.274057555222295e-07,1.8588325000563675e-05,0.0019448734887186796,5.177027807494169e-06,2.340990102775742e-07,9.455139044931343e-05,1.1079986134315647e-06,0.9741675390940555,1.997543442077603e-05,0.014804745684076087
70,1.0668292193557658e-06,8.774567016153049e-06,7.906806417834496e-09,3.79533372526843e-06,0.000663545734122834,0.008289151218824559,1.8174339058658753e-05,1.1397052420264404e-09,0.0001860850384373181,8.12046950911187e-06,5.928122595881526e-06,5.773741120628433e-07,1.185183604079597e-10,0.00032706106997631794,8.599888887648218e-05,7.40168445754304e-07,2.2077904152938668e-05,0.002075437231624261,6.769491502799312e-06,2.3452989730376525e-07,9.427180610763115e-05,1.2341763245663852e-06,0.9722304928457144,2.6820304581259425e-05,0.015943633391144747
71,4.437277894627116e-06,5.717333247544527e-07,8.730695597027276e-09,3.532845118836754e-06,0.0017691450174759666,0.007566900713488224,0.0006630642555825892,3.6555636209977164e-09,0.0004617527772390467,7.03697955989788e-05,3.8031060089742415e-06,8.128413942417648e-07,8.435005688359612e-10,0.00046771616703661324,1.575189250486511e-05,9.232396058311129e-07,7.024585536047188e-05,0.0010025782982005852,3.291031856612338e-06,6.035259645793402e-07,2.6973515611687912e-05,7.169095372792598e-07,0.9583476077214484,0.00017385859201919312,0.029345329657967847
