,0,1,2,3,4,5,6,7,8,9,10,11,12,13,14,15,16,17,18,19,20,21,22,23,24
0,8.497054709998849e-05,0.00010578035912080481,2.5782171965401664e-05,0.0006436145728549205,0.0007991899300093154,0.6623424343958254,4.1317956711278123e-07,7.347457755389112e-09,7.399310807190308e-05,6.864664560433163e-05,0.0007308796418602722,5.204578645050614e-08,2.821827403294291e-06,0.00186201600879711,2.7099691462238226e-08,1.3771613737710989e-06,0.12286512430102024,0.002260866056879444,5.3745919612402275e-05,8.296984299734117e-05,0.001360860123616844,5.245918469748258e-06,0.1928621461960099,0.01165037279080872,0.0021166628080959743
1,0.00019175609424583297,0.00019805793201732862,8.682793596950696e-05,0.0026379965888439594,0.0003128606441016124,0.34494164084020124,1.4541635048990562e-06,6.571268284425163e-09,3.103740635717373e-05,0.00046586094800006274,0.0003517240909649758,1.2591310592243503e-07,1.208404542172385e-06,0.0048567516176772265,7.68235438249456e-09,4.943269658703103e-07,0.03844532472808771,0.004783263512822492,1.612786402277794e-05,5.58163081105137e-05,0.0012341251854602875,3.0310289904411904e-06,0.5850644789003483,0.009537895872624044,0.006782125439412922
2,0.00015223764331757456,0.00018230936199981813,4.8694811780999556e-05,0.001968034367726991,0.0005254983899797458,0.20035086707392674,1.541770590131042e-06,5.0089650398623854e-09,1.9740155460967237e-05,0.00029046929076858945,0.0003904136257942143,1.1163759170789852e-07,9.679674359627635e-07,0.007214332869593635,9.209910266267225e-09,2.7152075706147694e-07,0.046484034867857876,0.0037768334092999688,7.767627596798985e-06,5.919495668488862e-05,0.0008251406881126,2.609975085558962e-06,0.7224251351665879,0.004811483633353579,0.010462294969821255
3,0.00011431445102479743,0.0001377448619985361,4.730400625184211e-05,0.002512107865621848,0.00026247902977375673,0.2097964275335138,1.0863981003941223e-06,4.448420885475351e-09,1.5410601971606344e-05,0.0002755444023535972,0.000374687805063299,1.0148961030859916e-07,7.886733599651009e-07,0.006044363395100442,4.677524198344488e-09,2.208485685586065e-07,0.04262330637177149,0.0036711717656429054,7.830530340804714e-06,4.0695168893427675e-05,0.0009336891579369237,2.6295490099183715e-06,0.7207049327008629,0.006071976036727753,0.006361178230556246
4,0.00011878725973852127,0.00014046039870152662,4.617427204180325e-05,0.0025815826694284413,0.00026131709033429875,0.19530904594987783,1.1130457475104811e-06,4.3378258985651606e-09,1.613086415017449e-05,0.00025635220564254314,0.00037720082034509254,1.2622405867556895e-07,1.0060235727429205e-06,0.006533171601847579,4.611495475844378e-09,2.100519223226728e-07,0.04713052759579153,0.0036964887323764533,8.115708658068881e-06,4.172012237588978e-05,0.0009996221080838957,2.885131420914731e-06,0.7294453652672768,0.006241724507842838,0.006790863399443077
5,0.00011825802286853543,0.00012778431984063375,4.3074581555475605e-05,0.0034434639622985498,0.00019103394683533741,0.18604240362233898,9.61173817554185e-07,3.915383914904091e-09,1.3980675443027542e-05,0.0002964321996657668,0.0003416642140484046,1.183135940634094e-07,8.039458895703803e-07,0.006928711990063224,3.578397765973586e-09,1.910619697539954e-07,0.04531643896817715,0.00510318919550987,6.221463537744124e-06,3.994613812982972e-05,0.0009864935865569317,2.9364644090988167e-06,0.7377567982276043,0.0064802965681857675,0.006758789863878944
6,0.00011431445102479743,0.0001377448619985361,4.730400625184211e-05,0.002512107865621848,0.00026247902977375673,0.2097964275335138,1.0863981003941223e-06,4.448420885475351e-09,1.5410601971606344e-05,0.0002755444023535972,0.000374687805063299,1.0148961030859916e-07,7.886733599651009e-07,0.006044363395100442,4.677524198344488e-09,2.208485685586065e-07,0.04262330637177149,0.0036711717656429054,7.830530340804714e-06,4.0695168893427675e-05,0.0009336891579369237,2.6295490099183715e-06,0.7207049327008629,0.006071976036727753,0.006361178230556246
7,0.00038655315974156246,0.0001474605851283409,0.00015826597630107833,0.001566248175546849,0.00026384873159348784,0.22879465819998968,1.571710366896387e-06,5.099708924794703e-09,1.2983970852347262e-05,0.00035915593395579665,0.0003429371313213754,9.207817541121865e-08,1.0667382656151084e-06,0.003408335936847214,2.2138271370052593e-09,1.3211265677019677e-07,0.025018183722812636,0.0035283927897982576,1.3764773838527097e-05,3.229880117593382e-05,0.0005268428878827427,9.512818911449737e-07,0.7187485503060185,0.011305531142664308,0.005382166539639605
8,7.391631826069796e-05,0.00010958497971525295,4.086616212202071e-05,0.0021034210140038158,0.00012216757164760036,0.08901435472091063,7.522245459661805e-07,2.1836275229437716e-09,4.220818975605406e-06,0.0002476435148829225,0.00016055316099957917,5.3422958329996394e-08,2.9834028615217883e-07,0.0043340697334631716,8.60931706885288e-10,6.152667425883784e-08,0.01133360157598233,0.0011282652644078147,2.7149576545769706e-06,2.4315024688242587e-05,0.00029077215056014,4.82217594009871e-07,0.8840772235805353,0.003709927761322955,0.0032207309132493635
9,5.877158271185839e-05,0.00012508465109083413,4.9359489688947845e-05,0.0037935042594509426,0.00010082083005954463,0.12991774344625387,8.266347403659487e-07,2.2754236993173203e-09,8.332348688372275e-06,0.0003661335787553633,0.0001537783166602128,9.002584487712335e-08,4.751008090937091e-07,0.004329564175545065,1.542926011321084e-09,1.2866134487011766e-07,0.015521544611999569,0.0017974998682214799,3.2579894048564618e-06,3.555955306512936e-05,0.0007903889395729067,1.0613899638537948e-06,0.8336382803677166,0.005153735944714528,0.0041540544153470665
10,0.00011431445102479743,0.0001377448619985361,4.730400625184211e-05,0.002512107865621848,0.00026247902977375673,0.2097964275335138,1.0863981003941223e-06,4.448420885475351e-09,1.5410601971606344e-05,0.0002755444023535972,0.000374687805063299,1.0148961030859916e-07,7.886733599651009e-07,0.006044363395100442,4.677524198344488e-09,2.208485685586065e-07,0.04262330637177149,0.0036711717656429054,7.830530340804714e-06,4.0695168893427675e-05,0.0009336891579369237,2.6295490099183715e-06,0.7207049327008629,0.006071976036727753,0.006361178230556246
11,0.00011593410038886538,0.000136294099932612,4.7496321535185684e-05,0.002499865258510308,0.00026543990684311895,0.1996238565661602,1.1019452596969918e-06,4.429885016760065e-09,1.548156058590708e-05,0.0002672603327842245,0.00037052911164700596,1.1165377504046378e-07,9.329654250637293e-07,0.005962298470273289,4.5150413357268846e-09,2.1874923551609342e-07,0.04396755654320739,0.003545355671333566,7.99276593781426e-06,4.301107380497336e-05,0.0009423937589834114,2.6122508098452314e-06,0.72952642116981,0.0063556167204882955,0.0063022100583424315
12,0.00011908969222506266,0.000136638199848314,7.116565932373017e-05,0.0027408039510054224,0.0002358892353898869,0.22551826536645236,1.4262153494071333e-06,7.006155833213917e-09,2.0114070117073037e-05,0.00028001931557131317,0.0005305933959071092,1.4071123751452382e-07,8.511671928499652e-07,0.004282801268589021,6.632339599460239e-09,3.243055983408145e-07,0.03017208779067331,0.003178818176890619,1.2791190652883658e-05,3.873368802993718e-05,0.0010126228302571865,3.1969874802716493e-06,0.7173484475797515,0.009514978474760565,0.004780187089200844
13,2.7836973521744703e-05,5.0274855483571244e-05,1.9421585154683693e-05,0.0021890999289563254,0.0001338082294178823,0.07361129164544476,7.35493822688832e-07,4.618578100562971e-09,5.3180977684913514e-06,6.796385698549505e-05,0.0008323498218693258,1.3113415249483991e-07,4.1993901906677074e-07,0.008358448696142178,2.6613449250647006e-09,8.148341530508456e-08,0.026221525574373728,0.001397307300260228,3.208218439437678e-06,1.7978685769141675e-05,0.0005542229732915299,2.6826116340725065e-06,0.8802324504584419,0.003439872931851953,0.00283356222486091
14,9.517297597591596e-05,0.0003589970666305288,1.6405482546595407e-05,0.001977326502625088,0.00040864285993995016,0.13652282926567016,1.2719430273309243e-06,3.944240068722357e-09,9.052156079700021e-06,0.00046417931743195654,0.0004132878456009015,5.628563698513715e-08,2.6753415695488264e-07,0.009808056400228408,3.160302814489158e-09,1.6303720019225008e-07,0.024564864386341652,0.002404544315078413,9.020667444676173e-06,3.8440901409701105e-05,0.00042422618109497944,1.7449405445386428e-06,0.8137963997810066,0.004558093828248768,0.004126949221537293
15,0.00011431445102479743,0.0001377448619985361,4.730400625184211e-05,0.002512107865621848,0.00026247902977375673,0.2097964275335138,1.0863981003941223e-06,4.448420885475351e-09,1.5410601971606344e-05,0.0002755444023535972,0.000374687805063299,1.0148961030859916e-07,7.886733599651009e-07,0.006044363395100442,4.677524198344488e-09,2.208485685586065e-07,0.04262330637177149,0.0036711717656429054,7.830530340804714e-06,4.0695168893427675e-05,0.0009336891579369237,2.6295490099183715e-06,0.7207049327008629,0.006071976036727753,0.006361178230556246
16,8.347265713461437e-05,0.0001581648406633006,3.4073448454792104e-05,0.0029975767730824375,0.00020543200008592716,0.15529430326272875,1.397806023846805e-06,5.284193395300007e-09,1.4806987579926163e-05,0.0004762441778503788,0.00029098351480732495,1.8286524551853764e-07,8.594029138145024e-07,0.00799460402990276,6.084553821817768e-09,2.9172225441830954e-07,0.04873117624797626,0.004581085703650159,8.658811377521908e-06,4.86964875270627e-05,0.0019528061226279602,5.543727587269932e-06,0.7640687488357873,0.0049632349927430045,0.008087644213248443
17,3.9543449165696753e-05,6.52069926835442e-05,1.4559473991751235e-05,0.002009400564049493,0.0001729015659432351,0.07254851665503206,6.298480807148033e-07,2.744283585158226e-09,5.211032960708859e-06,0.0001404837683240625,0.0002697546443378278,9.220573160484209e-08,6.529580305659111e-07,0.0075937524511308415,2.0795032568737554e-09,9.610709924601895e-08,0.05441085855325182,0.0021644159314214936,2.6142191582845443e-06,3.4839390680084654e-05,0.0006885356219582807,2.6124969976764413e-06,0.8522704389420136,0.0025890455847870767,0.004975832719383621
18,0.0001143290275491668,0.00010234231835058667,2.763373041656958e-05,0.002077328019001491,0.00029632898339377386,0.1354583953311787,1.0277415527143097e-06,2.387475067279203e-09,9.980420830665392e-06,0.00029811181338352063,0.000206609149364815,1.0801411285284157e-07,1.085113471329139e-06,0.009649403642310208,3.723257887378213e-09,1.2691744434668213e-07,0.09530538954775263,0.006634197235495162,3.3684313142600964e-06,4.760087607597449e-05,0.0012462093881214836,3.195358569014727e-06,0.7300597975823647,0.00281426597363789,0.015643159273575083
19,0.00010159342865821781,0.0001616143675739082,6.23247494711328e-05,0.0037905215638916363,0.00023419861799492267,0.14717062983134366,2.107566060666865e-06,6.102889216373269e-09,1.9078183232692758e-05,0.00035491234501022924,0.0003522546041512503,2.414442035025941e-07,1.070080452667107e-06,0.006649952370079789,6.013993358810923e-09,2.862665119149722e-07,0.03747276059871767,0.003488513538786271,7.637488995632602e-06,4.27327293472199e-05,0.0014408521365759316,4.106377508715678e-06,0.7849361532536727,0.005785093471830691,0.007921352869046383
20,8.56522973975502e-05,0.0001239611298858679,5.271459821135034e-05,0.0033379329983635616,0.0002197950874337441,0.20004188425580693,1.4743388060990202e-06,1.047485793161494e-08,1.8722094681134208e-05,0.0002945503958033852,0.0006112156581521174,1.7634200698059186e-07,7.951864778349824e-07,0.006992044037873459,1.304334109827694e-08,3.784600336946645e-07,0.04979214664678943,0.004606086560987576,1.0659651705213301e-05,4.237290020392765e-05,0.0013960361367439025,7.693049818029204e-06,0.719772143595303,0.005607606775168501,0.006983934284147909
21,0.0001567191051035679,0.00026758764294188665,6.271023515636803e-05,0.00518390751560384,0.00025688854953520156,0.24654488752242054,1.7428417410731646e-06,9.153897450429889e-09,2.9398288670721586e-05,0.0005530815072869766,0.00042179014900352714,2.450835667511703e-07,1.0783112986037994e-06,0.012577228430807828,6.19423435630333e-09,5.705123471834356e-07,0.03265268013847714,0.00572651746100358,1.1708603829395036e-05,6.238608508494462e-05,0.0014120883652022258,4.060573230982136e-06,0.6789999672292423,0.008189024681734604,0.006883715818579129
22,0.00019294393186540233,0.00010437474229702669,5.4893249611442163e-05,0.002325210389652125,0.0002734937784498282,0.2809160260540062,7.607048838861801e-07,4.8297637904675334e-09,1.6216561292364965e-05,0.0002718108064513888,0.0004620997186276354,7.21840840637446e-08,8.603398501753455e-07,0.005921276056429752,5.549902958052312e-09,2.3416773556010933e-07,0.08606419251489077,0.00891774756744747,8.1599518038426e-06,4.4002766176171955e-05,0.000996483553665835,3.891223930621501e-06,0.5986625077134996,0.006735123960778369,0.008027607682903656
23,0.00011431445102479743,0.0001377448619985361,4.730400625184211e-05,0.002512107865621848,0.00026247902977375673,0.2097964275335138,1.0863981003941223e-06,4.448420885475351e-09,1.5410601971606344e-05,0.0002755444023535972,0.000374687805063299,1.0148961030859916e-07,7.886733599651009e-07,0.006044363395100442,4.677524198344488e-09,2.208485685586065e-07,0.04262330637177149,0.0036711717656429054,7.830530340804714e-06,4.0695168893427675e-05,0.0009336891579369237,2.6295490099183715e-06,0.7207049327008629,0.006071976036727753,0.006361178230556246
24,0.00010374753324869788,0.0001832920248151299,3.118933940390355e-05,0.0032947236680779166,0.00020566386133634833,0.1695620051862264,8.344201253116394e-07,4.0855925784303525e-09,1.1826297481676062e-05,0.00032581375032583623,0.0003055016747705744,9.71903175010377e-08,6.434197750410601e-07,0.00921305295702229,2.703183209389544e-09,1.914808464704585e-07,0.039506635967422474,0.0035773139844135706,6.58853094076821e-06,4.49786008601132e-05,0.0007261439420642831,2.315848688592895e-06,0.7623373522187673,0.005431089110079289,0.005128992204214716
25,3.838407838979487e-05,8.020072509704415e-05,2.1709250963524615e-05,0.003163336603316323,0.00015844149694243173,0.11697672737007872,8.749556644298746e-07,9.702822019062394e-09,6.049299384609859e-06,0.00015386954015633286,0.000863851686522489,8.434479199700152e-08,2.828312623225183e-07,0.010756136736062408,2.3850557483900004e-09,1.6793964086109674e-07,0.024211308724559254,0.0020041025051093396,5.026064802087857e-06,2.4239766291156332e-05,0.0004979323122548556,2.527530596909302e-06,0.8347211703016437,0.0043683838139744685,0.0019451800346171539
26,1.2239086335107673e-05,0.0004543857701142762,2.252482915803483e-05,0.01085290342237528,0.0003518374323326812,0.09682988742612728,2.4822578551038217e-05,1.147757025560265e-07,1.9880562101164855e-05,0.0012333152593096103,0.0008043340186480298,1.5812261961686287e-06,2.1788188125793907e-07,0.1765718294821758,3.3053930369827793e-07,1.6607068160078077e-06,0.029843546460613074,0.0034832872660636215,5.65339032383906e-06,3.626674583149438e-05,0.004548305856189718,6.415636837033898e-05,0.6230472195665008,0.00018840971149636376,0.05160128963748279
27,0.00010213153401418608,0.0001320576038707159,4.310822732331241e-05,0.002806997881264094,0.00023885728558454647,0.22373739090967038,1.0260474382281482e-06,5.750238161800232e-09,1.8172552302397574e-05,0.0002630610149867355,0.00048374972909945985,1.1521088171330417e-07,7.798019600883679e-07,0.006455825561244825,6.943247501848842e-09,2.831533173084972e-07,0.0508315180269264,0.004407802408170878,9.513140562768053e-06,4.075918397914334e-05,0.001084337509729841,4.649454773471308e-06,0.6967087871484717,0.006556347138102714,0.006072716782839464
28,0.00011431445102479743,0.0001377448619985361,4.730400625184211e-05,0.002512107865621848,0.00026247902977375673,0.2097964275335138,1.0863981003941223e-06,4.448420885475351e-09,1.5410601971606344e-05,0.0002755444023535972,0.000374687805063299,1.0148961030859916e-07,7.886733599651009e-07,0.006044363395100442,4.677524198344488e-09,2.208485685586065e-07,0.04262330637177149,0.0036711717656429054,7.830530340804714e-06,4.0695168893427675e-05,0.0009336891579369237,2.6295490099183715e-06,0.7207049327008629,0.006071976036727753,0.006361178230556246
29,0.00011431445102479743,0.0001377448619985361,4.730400625184211e-05,0.002512107865621848,0.00026247902977375673,0.2097964275335138,1.0863981003941223e-06,4.448420885475351e-09,1.5410601971606344e-05,0.0002755444023535972,0.000374687805063299,1.0148961030859916e-07,7.886733599651009e-07,0.006044363395100442,4.677524198344488e-09,2.208485685586065e-07,0.04262330637177149,0.0036711717656429054,7.830530340804714e-06,4.0695168893427675e-05,0.0009336891579369237,2.6295490099183715e-06,0.7207049327008629,0.006071976036727753,0.006361178230556246
30,0.00011431445102479743,0.0001377448619985361,4.730400625184211e-05,0.002512107865621848,0.00026247902977375673,0.2097964275335138,1.0863981003941223e-06,4.448420885475351e-09,1.5410601971606344e-05,0.0002755444023535972,0.000374687805063299,1.0148961030859916e-07,7.886733599651009e-07,0.006044363395100442,4.677524198344488e-09,2.208485685586065e-07,0.04262330637177149,0.0036711717656429054,7.830530340804714e-06,4.0695168893427675e-05,0.0009336891579369237,2.6295490099183715e-06,0.7207049327008629,0.006071976036727753,0.006361178230556246
31,0.00023248810141446812,0.0001663352501326955,8.385678376418768e-05,0.002429393518948168,0.00022578120945983458,0.17645663854586696,1.3842281863628664e-06,7.3443031622142185e-09,1.0142451065539651e-05,0.0004621374813768481,0.00030106546730786536,8.184402928456476e-08,6.23968448659501e-07,0.005878984002678459,2.6298476718532396e-09,1.460205491765248e-07,0.032991944439804036,0.004487820556714151,9.190420198045628e-06,3.658120552046802e-05,0.0006575380918181425,1.6276824886649601e-06,0.7639598488229987,0.005850076799601859,0.005756303133476537
32,0.00012786366474061754,0.00014986200878746472,4.955246339577132e-05,0.0023699354087158447,0.0002627183258614055,0.22468812869778507,1.097339751713981e-06,4.7714928314833834e-09,1.6658676810999062e-05,0.00028593779525428663,0.00039412625434487515,1.0587802573804478e-07,8.398102610204094e-07,0.0057816254089637035,5.033260621575441e-09,2.3121700399906764e-07,0.04337068245870707,0.0037514934883971446,1.0114676809863318e-05,4.024886651039676e-05,0.0009640245541044258,2.8555065991497346e-06,0.7047783856697771,0.00684850828308107,0.006104993741557805
33,9.207917998852786e-05,0.00012091096420688222,3.776308312484547e-05,0.0024317092499614146,0.00023240419356105422,0.19395493549963427,9.167114532964296e-07,4.420475476113943e-09,1.2484620013216188e-05,0.0002571286684330826,0.00037394119259509,8.930021910708969e-08,7.301293904215511e-07,0.006182918781703238,3.773013649761443e-09,2.0839090562182338e-07,0.043611232599513015,0.003277567841851379,7.360609819645522e-06,3.93916390685515e-05,0.0008479986238593502,2.6099810437018375e-06,0.7375788630764895,0.005824054389272247,0.005112693080403213
34,0.0018578517764567982,0.0006284986710814579,0.00023060747624104069,0.0012531461037785588,0.0006283433221035408,0.6079262063834324,1.802849517886481e-06,8.932378836708663e-09,0.00016146172912766493,0.0001846562265676932,0.0008733990005166262,2.6356921758445473e-07,3.071384630119588e-06,0.003640790750284715,1.4393350954093881e-08,3.3852983352234884e-07,0.04864598739755994,0.0082823642809084,0.0001574339893588949,2.9731528436389746e-05,0.0011401930751628836,3.9061494178445645e-06,0.2860432926474987,0.03130676195670038,0.006999867876437128
35,0.0017650771997671849,0.0003454559672661406,0.0002653910055656248,0.006699441921087337,0.0003706778769095776,0.3072488834668002,4.088521022225555e-06,1.7815826126042327e-08,8.011123660869483e-05,0.0009388514609425236,0.0004418480109073325,4.217909228632017e-07,2.3072071131909504e-06,0.008613894330552782,6.9702400805559874e-09,4.4988370084129454e-07,0.0886040084525386,0.05504319625806732,2.4533282149385057e-05,5.062332800716018e-05,0.0027619321532396245,8.199057902105405e-06,0.4911561641844411,0.01680424701790631,0.018770171600515594
36,0.00020788782023474183,0.00020606847452177607,7.127171629114919e-05,0.004131111642813181,0.0003306570841770947,0.19518418703563173,2.5885611350775207e-06,1.9776715396884763e-08,3.104936234038761e-05,0.00035048521534729353,0.0007126557056574262,5.240909276848463e-07,2.4796289232320416e-06,0.01290958222898817,1.422800787130391e-08,6.613212577748345e-07,0.08562092240887438,0.006635970448230008,2.1563047039986825e-05,6.465378885106786e-05,0.0015670598844152843,1.1088429573241668e-05,0.6739669499239798,0.007313250874634222,0.010657297301432094
37,0.00022396974337183766,0.00013556044548863826,6.571100241461925e-05,0.002567834115245209,0.00017692393360911306,0.1439833415404604,1.0417190690271662e-06,2.8503656008270224e-09,1.1214846572421753e-05,0.000365780879836051,0.00026090244095404414,8.897533830058593e-08,7.190098179836796e-07,0.003638037258267723,1.5426508355232564e-09,1.1557546610564005e-07,0.030192064576995605,0.004925594949017033,7.064937152838385e-06,3.392095169166627e-05,0.0006903228011955544,1.552581068635485e-06,0.7969039112121384,0.010809395112920655,0.005004926998891504
38,5.0360619941900196e-05,9.18997654207005e-05,2.2552728680290048e-05,0.003142278682387331,0.00015302941842439317,0.10363824443153548,6.302982375109695e-07,3.6047364310782884e-09,8.412878853284964e-06,0.0001865727300646823,0.0003106756392405269,9.797580834946235e-08,6.238338939526043e-07,0.006712761813942531,2.437769837903386e-09,1.3644583391293394e-07,0.054382504180225194,0.00300333511481661,3.8073554175357705e-06,4.190946756765454e-05,0.0009576691629546396,3.145243439210392e-06,0.8187777775149809,0.003990414753990654,0.004521153901836382
39,7.696213764184014e-05,4.4041575882436946e-05,6.821684982144039e-05,0.0018040405474469866,0.00016493278416181126,0.42864757618111454,6.792236562919107e-07,6.0061502141080964e-09,1.3493636608181798e-05,0.0002598895510071653,0.00028767101214850717,6.100338975902597e-08,1.3226965132133862e-06,0.0024926933044248454,5.33828947686905e-09,3.605620872941876e-07,0.06762514352979099,0.004007441884667076,1.0515917576281441e-05,3.932511865050796e-05,0.0016910025330294696,2.8146257722086712e-06,0.48157418424060344,0.0067564552133623215,0.0044311645262036905
40,0.00018901015494603843,0.00021047201016061138,9.208640992337726e-05,0.0019742169196989936,0.00038289486408970983,0.24656906856783087,2.015225668033677e-06,4.6871472993545574e-09,2.7488209081413402e-05,0.0002608701741111889,0.0004269076332455314,1.9711092744836913e-07,1.1641186805319638e-06,0.007302303061598238,1.1350515770678118e-08,2.0921607679093866e-07,0.03669381012128349,0.0034405876868312192,1.1108389309296685e-05,3.486883346001035e-05,0.0010531565279313759,3.1406151972430303e-06,0.6827570809687741,0.005338204520025727,0.0132291226234857
41,0.0004932109277298628,0.00029772257892979185,0.00015657475652339242,0.0022958929623409356,0.002019809256252348,0.42374486253540705,3.4122714738003996e-06,7.34005513138312e-09,9.174090083368584e-05,0.00022297147098953527,0.0006056169897555197,1.5014916581043138e-07,2.346741226589207e-06,0.005405284499125357,2.3912632951942086e-08,7.95228292185941e-07,0.046236315493855804,0.0051449404088240325,1.0495856453402754e-05,8.089683612791673e-05,0.0008127430530084942,1.777918437948941e-06,0.48789529524457415,0.008431579169424242,0.016045533498559927
42,6.927684626920333e-05,9.287472717225652e-05,5.037424086008156e-05,0.0031713989886003203,0.00011891592633011419,0.2832397572570171,8.920260557158293e-07,1.2643577259630282e-08,1.802522360208661e-05,0.00038315106311643556,0.0004866810920263692,1.643366492411137e-07,1.2029713336520297e-06,0.00391006477120679,9.698976242779403e-09,6.680780327640486e-07,0.05902499020333738,0.004208282515048352,2.417485849613455e-05,5.036779222255549e-05,0.001913397741618417,9.563780892224205e-06,0.6295760862056009,0.010051517887675967,0.0035981491242823493
43,4.112891414753371e-05,7.767376152664387e-05,2.793589845070562e-05,0.0019514588907732092,0.0001191779489421861,0.27143409580593203,5.607376888924042e-07,4.046010546814996e-09,8.09059573536626e-06,0.0007089646704210402,0.00015644252164427434,4.023927980347406e-08,5.478184042195992e-07,0.0037738983115743227,3.265684734609419e-09,3.0353038689979467e-07,0.04584952705446481,0.0036801119814585904,7.83671257667292e-06,5.252360434362395e-05,0.0016785196189295967,3.299488669016854e-06,0.6619322716863898,0.004904120177879761,0.0035914627186855548
44,0.00011431445102479743,0.0001377448619985361,4.730400625184211e-05,0.002512107865621848,0.00026247902977375673,0.2097964275335138,1.0863981003941223e-06,4.448420885475351e-09,1.5410601971606344e-05,0.0002755444023535972,0.000374687805063299,1.0148961030859916e-07,7.886733599651009e-07,0.006044363395100442,4.677524198344488e-09,2.208485685586065e-07,0.04262330637177149,0.0036711717656429054,7.830530340804714e-06,4.0695168893427675e-05,0.0009336891579369237,2.6295490099183715e-06,0.7207049327008629,0.006071976036727753,0.006361178230556246
45,0.00013552807007788744,0.00011415067789054044,9.89726299759356e-05,0.0031524964034048393,0.00034775385676687773,0.39129659796396093,1.99947074882177e-06,1.8088941991902963e-08,2.8952904982962348e-05,0.00028967037237513866,0.0009983973018320503,1.4124987799940412e-07,9.940829648201307e-07,0.004983667516806609,2.134062647960306e-08,8.635585466392301e-07,0.03754096910445052,0.004627934965489049,1.735086483006646e-05,4.657966127525007e-05,0.0008927431191500578,5.131212074704545e-06,0.5403571567034707,0.009429001865159338,0.005632907014319844
46,7.888767779323238e-05,9.370601854895907e-05,3.4368162644900694e-05,0.00239239093858774,0.0001920039488899879,0.192772831632004,6.876369620451891e-07,3.804972394765044e-09,1.0776529431812987e-05,0.00021286318795537347,0.0003490499748260241,8.13358674484218e-08,8.090888063435011e-07,0.0052975959369628515,3.611048412259124e-09,1.8645412951253133e-07,0.05787223686270668,0.003255699853521376,6.684722168669476e-06,3.9590512768590865e-05,0.0009098133375605173,2.921982379983329e-06,0.7258199509847338,0.005581149589770565,0.005075706214958802
47,0.0003050650974018409,0.00019879151422878705,7.800150590627785e-05,0.0027184144537524503,0.0003473734606065977,0.22861852274860822,1.7226532253458311e-06,4.776921236695896e-09,3.5654876963484525e-05,0.0004216734738882542,0.000290640982504336,2.98720177721806e-07,3.0256125127012806e-06,0.005188339128632593,8.655556308672458e-09,4.875847782551532e-07,0.09059496204823986,0.00739743122794995,1.70765182999147e-05,7.06113213078278e-05,0.0020906881939473277,6.269941879818882e-06,0.6371033875350953,0.010791830591462166,0.01371971737615348
48,9.587746547172326e-05,0.00015506501414896818,3.349695112608929e-05,0.0019373900402658705,0.0001952610565108274,0.21653032776635756,7.625016243661578e-07,3.995568795901716e-09,1.1154862633526685e-05,0.00028551234936151435,0.0003591730112693259,6.976510341576604e-08,6.072355022261691e-07,0.005148318939574495,2.9265042175916115e-09,1.7370010561629793e-07,0.038798626945724654,0.0025531876910610644,1.2693117752811403e-05,3.2842658499408066e-05,0.0007180178646427281,2.35723559552065e-06,0.7223739808476088,0.007138618242409466,0.0036164778155772033
49,8.754334043571148e-05,0.0001062770576119946,4.976463996243823e-05,0.0027362511147320523,0.00016313805463422795,0.1835433899778651,9.031947332993887e-07,3.6103835401882487e-09,1.2230907995776093e-05,0.0002633547779129125,0.0003066466094034864,1.101356389909204e-07,7.628030022489943e-07,0.005400027798808804,3.668345013941089e-09,1.7088762305007383e-07,0.035153336447849036,0.0032118448351130626,6.005502910864259e-06,3.5331269216048926e-05,0.000956759892689865,2.498214111409834e-06,0.756241220973603,0.005804941013274753,0.005917483272143369
50,9.691107126689933e-05,0.00013339125338312992,4.468435480432309e-05,0.0016247783778903413,0.00025791079472963846,0.09432180391485284,3.009982208677199e-06,6.94595586506947e-09,5.550451507277387e-06,0.000610651285693041,0.00022733865474042317,1.2251392852676882e-07,5.150579787269381e-07,0.008187527572011079,3.766493848409287e-09,1.403546322522572e-07,0.02337240799258882,0.00241401781284005,5.915659283399062e-06,3.0268899523096213e-05,0.0006701705317182491,1.9338145941993456e-06,0.8568250965752188,0.002409786169592149,0.00875605619256435
51,0.0002015796085040673,0.0008699219127464873,4.8476818332441417e-05,0.009733282346094657,0.00011024461421742034,0.14082212223914295,1.2997989403689078e-06,1.0373253298262619e-08,2.2916979327849747e-05,0.000545466796066044,0.0004928356630670917,2.739549673012328e-07,3.082121760573588e-07,0.02223823001991508,5.439164213240744e-09,1.5396991972572954e-07,0.03646159377114095,0.006784529661377451,1.6743619252210354e-05,3.2077647681554295e-05,0.001022042910238168,8.987362805616168e-06,0.7682748148437766,0.005495477441394864,0.006816603996497488
52,0.00017164402663056807,9.94102769906877e-05,5.3867762627388775e-05,0.002040136550888387,0.00031037511734945675,0.4340875978454718,8.303306177774045e-07,5.825569829379616e-09,2.0901145041958697e-05,0.00030385895868671975,0.0005197408253580129,6.020557686272752e-08,7.512154995030929e-07,0.007164391733130792,8.682817563709503e-09,3.52884960225158e-07,0.05517432578237865,0.009252455471312142,9.082147955092795e-06,4.127495466755035e-05,0.0007562429021041512,3.318716562390159e-06,0.47583931403380764,0.0063279431663646616,0.00782210943763016
53,9.132644516970829e-05,0.00012332915126160452,4.662487581487713e-05,0.0024258034229610054,0.000291747972864125,0.1659040498824616,1.512574826114063e-06,4.792515842383127e-09,1.4005556109229752e-05,0.0002667211967226033,0.00039298162020301843,1.1777826666816342e-07,7.337533419918739e-07,0.005815230425897308,5.200869056550671e-09,2.1979877788709684e-07,0.03342618183361581,0.0029096960654904037,6.369117199358264e-06,3.803444821501912e-05,0.0008956156137882608,2.4764872670994794e-06,0.775545094667262,0.005253275158034218,0.006548842161065132
54,0.0002610434845958214,0.00045295621825206965,6.532576640681842e-05,0.0028062412583970747,0.0004148083452500275,0.22248712445061528,2.107112146456592e-06,3.9205064504443695e-09,2.5777387768420483e-05,0.0005368558684526308,0.0002536654687977781,1.8436141929275812e-07,7.771599070775646e-07,0.01253061924559244,1.1237764068505817e-08,2.484060708328339e-07,0.03456823046358122,0.00453109122093239,9.200787760694375e-06,4.600374875330275e-05,0.0008656447686735783,2.948438484678575e-06,0.6953634606042557,0.003731441134687304,0.021044229140928447
55,0.0007063383827364786,0.0003569738333082234,0.0001938893858088832,0.007084322599113976,0.0004566825975428344,0.3419823500538362,3.792523215752961e-06,6.731999425662835e-09,0.00016844081080423767,0.0003713797758379523,0.00045837354874104076,1.0414858796917056e-06,6.4130021743754074e-06,0.0071109454724741054,1.2076587043748431e-08,7.022252681617652e-07,0.058418242190889744,0.01583690708493674,2.202226975097016e-05,6.61761259318679e-05,0.0032738525838578317,6.438449099325525e-06,0.520357549792632,0.023619642562326824,0.019497504435246404
56,0.00011712464839114237,0.00013677423034675894,4.840636590429486e-05,0.0025066457239779497,0.00025952337704868297,0.20217247840609548,1.125162521560823e-06,4.49834345440174e-09,1.575906040102748e-05,0.00026533623186241194,0.0003777084841318046,1.1703953969087647e-07,9.332066563788233e-07,0.006063037465789341,4.700740736276492e-09,2.1699240601592724e-07,0.04382359579145925,0.003566855028750881,8.296620244622831e-06,4.14108559358351e-05,0.0009635351468448057,2.724202685361833e-06,0.7268096593791075,0.006342624888640023,0.006476102492174867
57,0.00011975799358158871,0.0001486699859499328,4.4744522428687574e-05,0.002570874984278601,0.0002446162060692375,0.15824105702771746,1.2351814194095276e-06,5.058603089012619e-09,1.8502863134686574e-05,0.00031362221905911113,0.0002942101068849715,2.2293730038497947e-07,1.953804068604749e-06,0.0057632705814972835,5.596790344186803e-09,3.0724130468212025e-07,0.06885641649747876,0.003689036674962713,1.1695790784526983e-05,6.342733043080884e-05,0.0014019287914762797,4.73809433561002e-06,0.7434440900573047,0.006903806530196262,0.007861803922941902
58,0.0001254879829816508,0.0001311628640119712,4.989413153945361e-05,0.0024149610591257865,0.0002404815626633241,0.20394989527096177,1.0440967371413522e-06,4.153518841326316e-09,1.6128285211733475e-05,0.00023790803869999536,0.00040525796565837874,1.1388738467281122e-07,9.035123628923966e-07,0.005019508424037313,3.7790016453377156e-09,2.0466348709370437e-07,0.036253883437407125,0.0033031544285971937,9.309365561246803e-06,3.7048329456542825e-05,0.0008714581336340857,2.3347700663981653e-06,0.7333820572211474,0.00842203969766201,0.005125754939084256
59,0.00011339196940556006,0.00012244846892502006,5.491191383622803e-05,0.0024299137621995766,0.00022710824172308958,0.20596947093358625,1.0101902756503333e-06,4.081782935038126e-09,1.55150608956298e-05,0.000246169197407109,0.00038535621982714005,9.949307569052696e-08,7.855290661914156e-07,0.0043413385312365904,3.895037171640385e-09,2.090255323480625e-07,0.03290014579231478,0.003063875423859773,8.365759029915052e-06,3.780480999419305e-05,0.0008822346304583565,2.1978219990015876e-06,0.7361410785663992,0.008223558638548793,0.004833002043583832
60,0.00011431445102479743,0.0001377448619985361,4.730400625184211e-05,0.002512107865621848,0.00026247902977375673,0.2097964275335138,1.0863981003941223e-06,4.448420885475351e-09,1.5410601971606344e-05,0.0002755444023535972,0.000374687805063299,1.0148961030859916e-07,7.886733599651009e-07,0.006044363395100442,4.677524198344488e-09,2.208485685586065e-07,0.04262330637177149,0.0036711717656429054,7.830530340804714e-06,4.0695168893427675e-05,0.0009336891579369237,2.6295490099183715e-06,0.7207049327008629,0.006071976036727753,0.006361178230556246
61,0.00011889954982878072,0.0001255116247862039,5.5596569511693075e-05,0.002419799512274187,0.00023756742418263273,0.20376480245099618,1.0697371434988764e-06,4.178966670397371e-09,1.5697691390745087e-05,0.00025286897790343494,0.00038397788050097663,1.0485373473374595e-07,8.499923271301969e-07,0.004530898108020402,4.049429644431873e-09,2.078243053174246e-07,0.0344979349192439,0.003219188217056552,8.432803154227732e-06,3.855432436234274e-05,0.0008973726803338447,2.263209133636944e-06,0.7361911815469792,0.008041332911273905,0.005195878963160386
62,0.00011431445102479743,0.0001377448619985361,4.730400625184211e-05,0.002512107865621848,0.00026247902977375673,0.2097964275335138,1.0863981003941223e-06,4.448420885475351e-09,1.5410601971606344e-05,0.0002755444023535972,0.000374687805063299,1.0148961030859916e-07,7.886733599651009e-07,0.006044363395100442,4.677524198344488e-09,2.208485685586065e-07,0.04262330637177149,0.0036711717656429054,7.830530340804714e-06,4.0695168893427675e-05,0.0009336891579369237,2.6295490099183715e-06,0.7207049327008629,0.006071976036727753,0.006361178230556246
63,0.0001186684992570613,0.00016928911232656627,4.545539373357049e-05,0.0024444389649442523,0.00026276033921098554,0.1983657032296131,1.0503246041942838e-06,4.071618245272879e-09,1.529503756413005e-05,0.00029083762516552184,0.00034529680217173906,9.956414828847974e-08,7.362391750066363e-07,0.006063872466455928,4.5930490819611935e-09,2.021943505248662e-07,0.04060769683775849,0.0033157734733461784,8.379221525066063e-06,4.119430044838793e-05,0.0009002572107799508,2.5468989681771084e-06,0.7347864015622045,0.005901704930251715,0.006312331107329219
64,8.82876375464034e-05,0.0001276623729386108,4.266941040663594e-05,0.0025155821718095303,0.0002175952435182887,0.19123520318448378,1.009186509921999e-06,3.836302947196586e-09,1.4204836446480335e-05,0.0002895241474223003,0.00030176176136328644,1.0844928553798576e-07,8.143698349249319e-07,0.005751131396109999,4.31695179346828e-09,1.9975304183489583e-07,0.04201493299317889,0.0033428756088507428,7.0557000375138204e-06,4.0872773399602794e-05,0.0012316785273508801,2.8077522976126743e-06,0.7409479903948945,0.0055511593366201414,0.006274864839397841
65,7.987617935232128e-05,0.00011842637786382306,4.19155871923282e-05,0.0023900494432731382,0.00020811892016489545,0.17643749601290912,1.066166336129228e-06,4.318657019497388e-09,9.589003434936266e-06,0.0003383732078084181,0.00028409008404342513,7.982682322011883e-08,5.539904763256341e-07,0.006126792171239802,3.825316716154754e-09,1.7656996900567313e-07,0.0347896653606481,0.0029528686531622456,5.684410267897364e-06,3.83138396156629e-05,0.000890953609479999,2.1461011249391113e-06,0.7650670194939657,0.004218195989295232,0.005998540857579597
66,0.00012448850503819233,5.8739940029407574e-05,6.528269515811921e-05,0.000796436759067155,0.0003680274430836365,0.27335672372200753,5.993537702269033e-07,1.4024895954885791e-09,1.0631316339013195e-05,0.0002520288975608804,0.00018704626030513426,2.5257044208476755e-08,1.0554463828540966e-06,0.00109919945544269,2.1742084518077846e-09,1.52845126314979e-07,0.03987051349776588,0.00235829337820301,5.958905763777379e-06,5.4796298403804117e-05,0.0008655073896268636,6.77086979476847e-07,0.6660909739120856,0.010307475838342593,0.00412536221977557
67,0.0004874205398625138,0.0005600076015689738,0.00011547033559122282,0.003089648197629707,0.0007238496078417797,0.2226899435407017,4.465946361646848e-06,1.1553890680344238e-08,5.937838075938089e-05,0.000492215919955842,0.0007013593714543848,3.2041849584452557e-07,1.1299837280935552e-06,0.007816732157426119,1.86020916973877e-08,4.469123910843315e-07,0.0501965275364406,0.0075182452912414795,2.758092392792709e-05,4.9870109525509574e-05,0.001446122489705816,6.900245193814798e-06,0.6800774705963664,0.00946332766662578,0.014471536071222008
68,0.00010937754902860559,0.00015551787236870162,3.735496634480599e-05,0.0020031783568849205,0.0004093675871320766,0.23846806284682026,1.244353375797892e-06,5.034621716085117e-09,1.7099332403000084e-05,0.00025772263905955283,0.00048242769835989396,9.659209894487008e-08,8.791844491346393e-07,0.00683685537440037,8.554986513835858e-09,2.9069077497669666e-07,0.05199018909955653,0.0033847554125750745,9.828581857973293e-06,4.730951911707602e-05,0.0007957726051003415,3.1780173864181468e-06,0.6820398273741878,0.0054106893991674515,0.007538961357942125
69,4.351503342199408e-05,8.031362316440315e-05,3.435996874688893e-05,0.002115307997637066,0.00015391418843340314,0.1397342304061426,7.597910072673117e-07,3.7611453306891565e-09,7.516297382230081e-06,0.0001732985099023305,0.00039309781597684536,6.634028890103823e-08,3.921718986723228e-07,0.0034273949610419004,2.5743685370417608e-09,1.4811712296131415e-07,0.017802082336453546,0.0012847537150561146,5.399764634898362e-06,2.7904480368873486e-05,0.0006595491928723621,1.4033393486641784e-06,0.8255051544889312,0.006185630187838308,0.0023638009368145254
70,0.0003985870707557521,0.00018384189105242557,0.00016382712331936615,0.007026106648558417,0.0005427310642674387,0.23160564839731765,2.9629092837849335e-06,1.7781459209756727e-08,2.8318763478751813e-05,0.0005688519759261289,0.00038824298862161585,2.395608914302372e-07,1.9999233003167098e-06,0.018666468711967484,1.1015540139014235e-08,6.684934475048983e-07,0.08890624712414068,0.014227090108476698,3.994603805467234e-06,0.00011967532357115995,0.0008741820954076797,3.7406149759748176e-06,0.6083098932673867,0.0035749413044094216,0.02440171123863879
71,0.00010414642079070128,0.00014402431276510063,4.106682108037612e-05,0.002388692155717297,0.00028876955811230336,0.1786019966231912,1.0726919415252962e-06,3.942875635269201e-09,1.42250470278864e-05,0.0002813204637985184,0.0003187383875279917,9.688970043505986e-08,7.952585095606405e-07,0.005860624494540041,4.214034114926782e-09,2.1804447660503433e-07,0.03972177322040314,0.003079886200473474,6.704954180841848e-06,4.756791073476029e-05,0.0008691070570739779,2.2134792175703483e-06,0.7563778649482401,0.005620957763215838,0.006228129140370832
72,0.00020645423930576294,0.00012956982408646728,0.00011496953705347118,0.003935024496355409,0.00029391809201639917,0.41428769015282374,1.9247920673799573e-06,1.084870634782031e-08,3.687455756233537e-05,0.00035459587816703093,0.000605228442431396,1.919619631904362e-07,1.6161252397354438e-06,0.006876729701448181,7.838798048606582e-09,5.357972975897924e-07,0.048791178180654676,0.008790539354937142,1.4111078582238258e-05,4.3156566886075616e-05,0.001863045392586648,4.14766784350403e-06,0.49572987223793197,0.011032504407754095,0.006886102827501344
