,0,1,2,3,4,5,6,7,8,9,10,11,12,13,14,15,16,17,18,19,20,21,22,23,24
0,0.0029287070678700026,0.016359138248449357,0.0019393956165096673,0.002438005691818299,0.04266676055679552,0.002367600303326889,0.003752384199266356,1.3832721033307976e-05,0.07898324726860097,0.0004975325025339221,0.012555886846382392,0.0008685642261436836,4.4799551685476974e-05,0.018805160270493285,0.0015657776909151072,0.0011688653802680114,0.19217260916829362,0.0007671004277976756,0.003559005850511947,4.9888888481265586e-06,0.02646094097337763,0.00011667841040162724,0.38862301597658383,0.09113900302909443,0.11020099913299884
1,0.0020640845918963977,0.012121847700778284,0.0020722008444521256,0.0020415323647053163,0.031278658357307816,0.003529686724926571,0.0036879581138507343,1.3889599424936408e-05,0.16302358898407038,0.0010040456397242845,0.008475886632865111,0.0005226728405268823,4.504339012229076e-05,0.022807798745287475,0.001747631978294808,0.0013521338901455026,0.08928763492672168,0.0009261358418382174,0.004931943170037103,7.09477066024096e-06,0.02547662520701485,0.00011555753334760339,0.4031554967239796,0.10146776804126902,0.11884308338675284
2,0.0020375611055856633,0.015400264545475438,0.0018297223403544232,0.0018476495590799332,0.04270077567643588,0.0027426753843302833,0.002890578318068985,1.5031267207006117e-05,0.1528731519679112,0.0008264083965662479,0.012330463938828999,0.0007050904208180552,3.639967075229236e-05,0.03653266721259276,0.0023743381734754624,0.0009504390216025032,0.10203506430339543,0.0006696978499819012,0.0031553826597997964,7.15452330205048e-06,0.021712344041772434,0.00014922489743968018,0.34579206023116976,0.08301044831914854,0.16737540617490532
3,0.0027841881025096496,0.015905786338739663,0.0018944252161796102,0.002180943279352691,0.03760054455009837,0.003143385299939666,0.0035180806099465514,1.500898055850047e-05,0.12350217647711755,0.0007182581094719991,0.012950938801589255,0.0007164502541773499,4.561403745057393e-05,0.024943560532253,0.0019072614467894897,0.0010365503697101987,0.13196615044349594,0.0008298306686636617,0.00401392209930501,5.817659334480564e-06,0.02540301045369247,0.00014995710031075638,0.3930269399554655,0.0861260331502937,0.12561516606355427
4,0.0028001315708070782,0.017278983899981743,0.0019945415671612657,0.002193049482062738,0.039864478115160695,0.0027326968676065363,0.0037743468014104823,1.5288892808950312e-05,0.13117887670658826,0.0007301214308124277,0.013254226926121122,0.0007401332914319186,5.501556028196155e-05,0.02937269965162686,0.0017292485723212413,0.0009664971634821771,0.12599142630710397,0.0009050009016450644,0.0041563594327546196,6.540484378086533e-06,0.02928636417026811,0.0001625757287854941,0.37420710747491104,0.09347942285281478,0.1231248661476734
5,0.0024771158773825262,0.01287868083830792,0.0019172390956310973,0.0025257478583453033,0.037622233368981725,0.0028265407082164896,0.0029428666307884615,1.294200429102073e-05,0.11115062790548533,0.0007574212735218913,0.010449070468623657,0.0005059309443859804,4.328714452743402e-05,0.02414981973797744,0.0013056717377185555,0.0008528361375083175,0.11219061519087345,0.0011564352954223597,0.0036253590918173067,6.3778791910465495e-06,0.02630379237351656,0.0001015218878279187,0.4706236240011872,0.08948426992025528,0.08408997262821569
6,0.0027841881025096496,0.015905786338739663,0.0018944252161796102,0.002180943279352691,0.03760054455009837,0.003143385299939666,0.0035180806099465514,1.500898055850047e-05,0.12350217647711755,0.0007182581094719991,0.012950938801589255,0.0007164502541773499,4.561403745057393e-05,0.024943560532253,0.0019072614467894897,0.0010365503697101987,0.13196615044349594,0.0008298306686636617,0.00401392209930501,5.817659334480564e-06,0.02540301045369247,0.00014995710031075638,0.3930269399554655,0.0861260331502937,0.12561516606355427
7,0.010373440023180152,0.024437934584778623,0.0031052714107116758,0.0031768405006367905,0.044423791456631695,0.004180686019466303,0.0078076827324547035,3.0099832943420794e-05,0.12954879968631658,0.0007224293266732742,0.034005169892813936,0.0011113582172706748,0.00018510342708579356,0.02157434738970099,0.0025590181548583836,0.0011382691793383388,0.1705235564792983,0.001579152248952741,0.00826445525157499,7.771651549216854e-06,0.04297407304710336,0.0004030060643406286,0.301560179105692,0.0883407084648718,0.09796685585175559
8,0.0018766847152763848,0.01137546476092683,0.0024595041230482204,0.001715753125842883,0.02653469799118913,0.0017559566780935305,0.000888386067622071,4.877895849766325e-06,0.09144377049545437,0.0007545874667492389,0.004681015177247157,0.00041927488926463325,2.1405441044290237e-05,0.020838156645285204,0.0011868444143217731,0.0008057860126858594,0.10537851685558104,0.0003412193300016003,0.001050198299975149,4.956013102362799e-06,0.009349519761744241,5.1955902187162054e-05,0.4368868168374347,0.14035534313288744,0.13981930796718495
9,0.0010067108916819451,0.01380347870527809,0.002419135111442982,0.0016950893458485402,0.02224937732043313,0.0015804398966344617,0.0009414836091810457,6.3484843780678695e-06,0.11145693072053922,0.0013299942289483767,0.0036151748986776237,0.0003392343336067555,2.1965530432390245e-05,0.03233952982763146,0.0011354581741513583,0.0010948743339098746,0.08746901125246825,0.0004371133028573224,0.0016068109063381976,7.2859841497675594e-06,0.01270338237874885,5.1881408044844536e-05,0.4140712877469432,0.13923423449228886,0.14938376711538537
10,0.0027841881025096496,0.015905786338739663,0.0018944252161796102,0.002180943279352691,0.03760054455009837,0.003143385299939666,0.0035180806099465514,1.500898055850047e-05,0.12350217647711755,0.0007182581094719991,0.012950938801589255,0.0007164502541773499,4.561403745057393e-05,0.024943560532253,0.0019072614467894897,0.0010365503697101987,0.13196615044349594,0.0008298306686636617,0.00401392209930501,5.817659334480564e-06,0.02540301045369247,0.00014995710031075638,0.3930269399554655,0.0861260331502937,0.12561516606355427
11,0.0030231463499035506,0.016355830998460285,0.0019536845668137767,0.002271989263305781,0.039084590299558415,0.0029764188153055073,0.0038348894206432123,1.5096264159035662e-05,0.12506691741681075,0.0006872398389487541,0.013407544773782792,0.000764682510751582,5.452530074180272e-05,0.02468027895607225,0.0018746582774635163,0.0010557547718034557,0.13188195922887488,0.0008672744028573559,0.00421241278915974,6.292388017697129e-06,0.02673042140962536,0.00016113294305335112,0.3810072510453176,0.09545772638400483,0.1225682815845646
12,0.0010528747290869203,0.004162738060461337,0.001964532285915956,0.0003773922377032737,0.1261120576477497,0.001232830261542371,0.0007859684365166518,2.385898074124269e-06,0.08756730749044105,0.00025829751742857785,0.009131743767170526,0.00029204777560511635,8.241643307351905e-06,0.03665251528048988,0.00039424555606429936,0.00013913182014268488,0.08268577351486574,0.00026811660084624216,0.00023635547246842956,5.115757134446553e-06,0.01879823632185626,3.052663663912569e-05,0.39759567287708575,0.09949125117972936,0.13075464123167466
13,0.004135766595026176,0.02491144113839177,0.0014376265562480476,0.001355223976970068,0.06287013387122516,0.0015817373021843775,0.004312180604263995,3.278097876600853e-05,0.11622353652001713,0.00031692652602916113,0.05465643882570542,0.0025024433840057057,5.722468282377615e-05,0.05771045679728749,0.0036962218083440297,0.0006465435430314223,0.14803710074431378,0.0005537454356197182,0.003411191445850005,5.011817597082589e-06,0.030137754433864093,0.0004813277244360931,0.15128548587789878,0.05182724105448397,0.2778144583556167
14,0.0024995227410077843,0.04829484810032312,0.001524211642361241,0.0033438252715995214,0.11777516224703394,0.0009305842697710818,0.002722283820552198,9.33659459366094e-06,0.04965493547533457,0.0005951177647328298,0.026504416375696647,0.00035612952749245857,9.61644770585949e-05,0.031413856850368675,0.0005123121803418183,0.0002607279238923162,0.1918145089379023,0.0017633104023433144,0.007907100856247854,4.438655595767909e-06,0.11265195998285679,0.00013179365810659998,0.27800218753652955,0.08630343501231855,0.03492782969593877
15,0.0027841881025096496,0.015905786338739663,0.0018944252161796102,0.002180943279352691,0.03760054455009837,0.003143385299939666,0.0035180806099465514,1.500898055850047e-05,0.12350217647711755,0.0007182581094719991,0.012950938801589255,0.0007164502541773499,4.561403745057393e-05,0.024943560532253,0.0019072614467894897,0.0010365503697101987,0.13196615044349594,0.0008298306686636617,0.00401392209930501,5.817659334480564e-06,0.02540301045369247,0.00014995710031075638,0.3930269399554655,0.0861260331502937,0.12561516606355427
16,0.00395205923180304,0.024076909278718014,0.0017314623539357876,0.002273827233975147,0.03815226253852983,0.0028641374897929407,0.0044224693980602844,2.7370270068690393e-05,0.1202908521997249,0.0006726150229412968,0.022668307055864506,0.0015017973051352704,5.747302410414971e-05,0.037568898226946326,0.0031949166309379437,0.0012510930952338581,0.1743114015502389,0.0008953520827370402,0.005286417325132578,5.387644299469887e-06,0.02805241569628251,0.00032356153607382594,0.2787747037319073,0.06207680082945071,0.1855675092481057
17,0.0034195582033303548,0.013768262721264465,0.0021224772699136476,0.0014301466173099753,0.06054426319620409,0.0017194183687634225,0.004559335776652715,1.1766962680337648e-05,0.11019903153667922,0.00033160873723480776,0.017107758950062373,0.0009395273340780646,5.584196547723017e-05,0.03236814748774825,0.0007656182401591108,0.0005256062141735719,0.14201542493550287,0.000936184313415563,0.0022497815850811135,5.311822235884693e-06,0.041701878552914635,0.00013414138893756038,0.35507446270712584,0.10385271125340256,0.10416173385965237
18,0.0014175795696831318,0.01211366295924367,0.0017232976993863801,0.0007947879199526167,0.02313386696855156,0.0016943342783597203,0.0027146278102458798,8.679716526968134e-06,0.08752889958964165,0.0004923883046894633,0.008027292964737713,0.0008474723028740234,2.332670639855362e-05,0.029260014892107312,0.0015183304163239378,0.0012435650654996546,0.14144239269125386,0.0004242060955365195,0.00243808252539461,4.606947012966216e-06,0.02430994893358577,9.63256805529674e-05,0.32663797491160407,0.08832624364338423,0.24377809140745269
19,0.0019234555173389008,0.019246000479566035,0.0015073971708689262,0.0035273390728183195,0.04547929606351386,0.004328836776676075,0.003315854287780953,1.317013665334148e-05,0.18158184417280343,0.0010381425560915677,0.008432809102239286,0.0007210365747251897,4.249342858099622e-05,0.024190853648999214,0.002424963903843818,0.0010693165526724803,0.10173365117203574,0.0006050624497258894,0.00392169389361861,6.262681850504186e-06,0.014557349660435889,0.00016522648863130543,0.3674187177176032,0.0907277952951704,0.122021431195756
20,0.003200375921893638,0.026618877076651448,0.0015921538002251067,0.0027720323614113173,0.042173576129552665,0.0038757266413789173,0.004309728821758907,2.588591542486847e-05,0.17945241891925473,0.0010243248245365055,0.01996944964953444,0.0008444462082111377,7.456246786222198e-05,0.038333283401408964,0.003445267348552572,0.000993279062810886,0.1251618366686914,0.0008616875980674323,0.006605175548890034,7.663303823887713e-06,0.028240897188836586,0.0004063083503461262,0.2949236515032519,0.07035147653460776,0.1447359147530166
21,0.00375517652907783,0.013198746791383855,0.003262353556385268,0.0017015530688600485,0.031939368016754704,0.0012800163259526953,0.003191867948466412,1.344155747446413e-05,0.07881104917997496,0.00046813964326615905,0.011076381000285712,0.0010914822563412798,5.515037648020691e-05,0.031059102940967823,0.0007837527284627674,0.0011770705574653047,0.15798521250330505,0.001223831319881955,0.002173281335931673,6.2506500631014965e-06,0.032715298170771866,8.407115437499865e-05,0.3792271982579037,0.12607221577378888,0.11764798835637943
22,0.0035874180313009594,0.014747350045847622,0.0025033277596177936,0.002008940023672918,0.02884626150851966,0.0030089856512600086,0.002355098519108231,2.0319582417671582e-05,0.05929034025098965,0.000873492063023685,0.014369524170491447,0.0004661720954917261,4.4020190295912534e-05,0.023305143740192658,0.001081518297395772,0.0009025977222060082,0.21975864207727389,0.0013757068262828076,0.0037164501542925614,5.730419492834348e-06,0.03768910754235344,0.0001368921509595753,0.4546417859583358,0.05383863906901582,0.07142653615016134
23,0.0027841881025096496,0.015905786338739663,0.0018944252161796102,0.002180943279352691,0.03760054455009837,0.003143385299939666,0.0035180806099465514,1.500898055850047e-05,0.12350217647711755,0.0007182581094719991,0.012950938801589255,0.0007164502541773499,4.561403745057393e-05,0.024943560532253,0.0019072614467894897,0.0010365503697101987,0.13196615044349594,0.0008298306686636617,0.00401392209930501,5.817659334480564e-06,0.02540301045369247,0.00014995710031075638,0.3930269399554655,0.0861260331502937,0.12561516606355427
24,0.0019245398656745447,0.024162272957238464,0.0014613359336210887,0.003809070651474517,0.035734718908163876,0.0026299453634641493,0.0031098440961758855,1.581248970535305e-05,0.10774258529867596,0.000987583233673685,0.009795935051356739,0.0005772625099151331,4.51455764073718e-05,0.027924832218753318,0.0019226981010051134,0.0010669603416960237,0.14457627154344777,0.000997200501914249,0.006062286708594358,5.570745108630797e-06,0.025810524332518108,0.0001426765665857643,0.4273590956040833,0.07674466923503667,0.09539116216570996
25,0.004592756122093296,0.011884624621009005,0.0022730393590061826,0.0021337755404882476,0.0702027453815429,0.002320972624944137,0.007014493546887864,4.517295132659901e-05,0.08985395550418131,0.00036230819806919444,0.037169083826427675,0.001386126328956295,6.509599404014936e-05,0.037174842353850546,0.00103412534324971,0.0007729920432508244,0.16277144841781774,0.0022768272140395074,0.0034874518455682802,7.65566572324351e-06,0.05693304185018357,0.00017652401804969946,0.35936938711129046,0.059779560883630685,0.08691199325437284
26,0.00309791568540011,0.03864857884653183,0.0011521846740427074,0.002217335624846099,0.03319118252709099,0.003815386370625977,0.008095877261580915,5.3896510196339454e-05,0.09910061919217514,0.0007106705056463526,0.03573808429999129,0.00215616502442288,7.183193783704261e-05,0.032204085119610204,0.007586764088969488,0.0020052380048555347,0.2363756958902935,0.0005830925412425138,0.012865509329565997,4.900382139710963e-06,0.034187550369103904,0.0007671526428051392,0.1596236976975565,0.03278347420389855,0.2529631112695714
27,0.002682198007371824,0.017558203296487,0.0014078490767873656,0.0025298291523137475,0.03794533833290484,0.004906046993707284,0.003514770973850614,1.7612141320335053e-05,0.2362152382190609,0.000954724474200121,0.013033470804759707,0.0007749524395095892,4.987582836362534e-05,0.025451142116439365,0.0033906131293210107,0.0010726367666866353,0.08058740232546888,0.0006433468446907718,0.0049093209084631285,6.519586743653664e-06,0.015395872088242503,0.0002733248981074073,0.30551408249458534,0.08723083775285212,0.1539347913477623
28,0.0027841881025096496,0.015905786338739663,0.0018944252161796102,0.002180943279352691,0.03760054455009837,0.003143385299939666,0.0035180806099465514,1.500898055850047e-05,0.12350217647711755,0.0007182581094719991,0.012950938801589255,0.0007164502541773499,4.561403745057393e-05,0.024943560532253,0.0019072614467894897,0.0010365503697101987,0.13196615044349594,0.0008298306686636617,0.00401392209930501,5.817659334480564e-06,0.02540301045369247,0.00014995710031075638,0.3930269399554655,0.0861260331502937,0.12561516606355427
29,0.0027841881025096496,0.015905786338739663,0.0018944252161796102,0.002180943279352691,0.03760054455009837,0.003143385299939666,0.0035180806099465514,1.500898055850047e-05,0.12350217647711755,0.0007182581094719991,0.012950938801589255,0.0007164502541773499,4.561403745057393e-05,0.024943560532253,0.0019072614467894897,0.0010365503697101987,0.13196615044349594,0.0008298306686636617,0.00401392209930501,5.817659334480564e-06,0.02540301045369247,0.00014995710031075638,0.3930269399554655,0.0861260331502937,0.12561516606355427
30,0.0027841881025096496,0.015905786338739663,0.0018944252161796102,0.002180943279352691,0.03760054455009837,0.003143385299939666,0.0035180806099465514,1.500898055850047e-05,0.12350217647711755,0.0007182581094719991,0.012950938801589255,0.0007164502541773499,4.561403745057393e-05,0.024943560532253,0.0019072614467894897,0.0010365503697101987,0.13196615044349594,0.0008298306686636617,0.00401392209930501,5.817659334480564e-06,0.02540301045369247,0.00014995710031075638,0.3930269399554655,0.0861260331502937,0.12561516606355427
31,0.004037241454599572,0.018151684513934598,0.0030144273737198407,0.00209479639309311,0.024879662118222717,0.0026421895848477827,0.0033348245796412652,2.779306455552357e-05,0.08205749580635538,0.0008720251339531725,0.012540541714110044,0.0007668632475043659,5.0346035514097606e-05,0.025777701775642075,0.001264124081091377,0.001572201270534471,0.19345621554354894,0.001279705623471651,0.003798096857822488,6.024276321715371e-06,0.03248679533561569,0.00014290198431530894,0.4037787728845347,0.0721559470956656,0.10981162225138459
32,0.0026355685599718957,0.015989237934651564,0.001772926706596338,0.0023475109338814337,0.03602932266311377,0.003261328985800653,0.0036783165079063125,1.5282998420661197e-05,0.12123703429209944,0.0007611576031844863,0.012642419799373921,0.0006637798611751349,4.781347144882097e-05,0.02315375091406436,0.0021308988396067027,0.0011249526682020753,0.1327085573597931,0.0008596855522901871,0.005075470356648871,5.909437565056752e-06,0.0270275741950677,0.00015596238779245653,0.40023320435921855,0.08566574509779289,0.12077658851433358
33,0.005117609618597941,0.02282633169227993,0.001762159634447841,0.0031486381932313125,0.038533151562752894,0.0022293035657122277,0.006272683533474601,2.7924955703255408e-05,0.0659326100400395,0.00040423413209106465,0.023440108950048184,0.001611094135249039,9.400699415087006e-05,0.019839000319756685,0.001511253184093734,0.0014785591988755245,0.27262580151761545,0.0013385244441817565,0.0062827418330624,5.131811308098695e-06,0.03891692745323173,0.0002553631405069948,0.30971267025038623,0.08190747972223772,0.094726690116965
34,0.017260132865515386,0.008103349801733103,0.002372003080810499,0.003057745340527709,0.059223879043234874,0.0034914657555786444,0.006736416031803129,1.6884513918214804e-05,0.15509972587672455,0.0003287420559019442,0.03743743589077257,0.0005297949365330483,0.0001357041582353623,0.011258103481916632,0.0026240834618890866,0.0005560064945111859,0.08008251594979444,0.0023775540554154396,0.00922362474698632,4.597528392445506e-06,0.044236706203243874,0.0002038477475894063,0.39950255851663197,0.10194503695595962,0.054192085506380654
35,0.010438252930289146,0.0160059019112147,0.002411531814552194,0.0030653961003227585,0.01810598853195241,0.006458722623769088,0.006153696885929615,4.7039166550495104e-05,0.1559273816603093,0.000970529010780567,0.016605338491154534,0.0014036756781863776,0.0001081455848630972,0.014447304181522255,0.0015192773430721036,0.003087977617645827,0.1634362355183074,0.002980767519254335,0.009256020106925344,5.7763095352996706e-06,0.02563248451316555,0.00037909906141763057,0.36236422968501375,0.09348140529341378,0.08570782246085223
36,0.0035997451384585624,0.026180495669226332,0.0017708994569870721,0.0033119233878676365,0.019689400421304275,0.004283583876218152,0.0043058099266951875,4.216023996733955e-05,0.16168675364658147,0.001416855729156017,0.011427903451598697,0.0011489220430977523,6.038405189888734e-05,0.03549367684373873,0.0028088747154279407,0.0021753837194193036,0.1741723106178774,0.0012383190902305944,0.006960165729333398,6.227922455190598e-06,0.01973813259985794,0.0003872748344554378,0.3287381329658545,0.053279248283294285,0.13607741563899775
37,0.003833241273862397,0.009966547258511049,0.003108405502677404,0.001394822684611097,0.04343219421963362,0.0014519070395749751,0.0036094409198350217,7.080375502575568e-06,0.10706596883222515,0.00038438152475698726,0.010069428567886774,0.0007054113097946429,6.321919226877819e-05,0.02350342323636648,0.0006102912586939559,0.0006958349825116767,0.10786399701024808,0.0010525199029533146,0.0019201559420623027,6.168722158676063e-06,0.03308732166157478,7.240989454596172e-05,0.3877448368999845,0.166099973557452,0.09225101823030779
38,0.002534300161336124,0.019365452934986913,0.0019110823398643692,0.001999965691975896,0.04787289070916759,0.002324477641343224,0.002683322891714774,1.4131857566596466e-05,0.13385032851445788,0.0006883341281942232,0.014615554390568365,0.0007986676475785176,3.9868521561640514e-05,0.036351713797821185,0.0017203696856785398,0.0007531481369049391,0.12675028098319396,0.0006715250535854453,0.0028271417856263244,5.55735566607098e-06,0.023590290730534366,0.0001553258148900233,0.34025179832643215,0.0882172823082951,0.15000718859105583
39,0.0038448792031573484,0.010914193102216266,0.0020266457719604384,0.0017729506369810074,0.023940891188622047,0.005350234505229242,0.00695586288552231,3.835502773397582e-05,0.0735131267199075,0.0005321140554595558,0.016473722977304577,0.001279253263885125,5.1871943903042125e-05,0.013489598214271138,0.0016956912914119302,0.002473815856917606,0.22176538553604253,0.0010920833929339967,0.005487054062950892,5.645181423527987e-06,0.03570415157370546,0.0002072301994106852,0.38849938665585265,0.0633050628183307,0.11958079393486641
40,0.00472027047143239,0.02134205166496985,0.002377816965248585,0.0016117731610872977,0.04734786999148189,0.0035755826289518293,0.003910200319553947,1.672060384728392e-05,0.13533230946867342,0.0005389764695883835,0.020903914602561278,0.0013943831741306944,5.514387035449659e-05,0.030109324747418224,0.0026848414119885976,0.000859805264686482,0.1628426939471382,0.0004643780811105294,0.002434602079426267,5.286655993871898e-06,0.020998020091012787,0.00029367329897498826,0.2584912850831206,0.07210691645486021,0.20558215949238784
41,0.0019686692335195797,0.010441876285442181,0.0010680849771815561,0.004403870419200307,0.06704945677350643,0.006800305881510686,0.0021830197737166455,9.846383643255222e-06,0.22139415282865402,0.0008141188768041271,0.010014035234902116,0.0005145222939173859,2.074750285687295e-05,0.01345341987948121,0.005539009585597637,0.0007271482406159017,0.06193813135277405,0.0003889375247843324,0.0031918006891186236,4.447073969295029e-06,0.006317578278816673,0.00011127453518090092,0.39169904059550625,0.0724151861345916,0.1175313196447083
42,0.0041464701276442036,0.027598397082856385,0.0014191944461878609,0.003171561448791262,0.03432313556619266,0.006493464833708155,0.005692154350978369,3.54461769855638e-05,0.16099152732301988,0.0010441031625312723,0.020574711975068646,0.0011352447241849294,8.95349409965807e-05,0.018834109164407004,0.004738958230040815,0.0020763727777380744,0.18841514606585585,0.000734242316808633,0.011577435445537815,6.426570001361902e-06,0.024907076271653436,0.0006707719881123081,0.25763689120979316,0.07156900706020752,0.15211861674069835
43,0.002066645940015618,0.012691277736991602,0.001780390364879735,0.002422827833484347,0.03140044835717443,0.007601308541979455,0.0027739537364946665,1.9697948176434294e-05,0.16406562016615467,0.001760101571576835,0.009692530847161615,0.0003149188189804442,3.9542601943336595e-05,0.02080407607122726,0.0027373089630181413,0.001155299628355172,0.09334389692744752,0.0008606716648376228,0.006089932037653635,7.715262124112612e-06,0.025547377396722172,0.0001889294959914058,0.4518547326756437,0.06436997561798086,0.09641081979398514
44,0.0027841881025096496,0.015905786338739663,0.0018944252161796102,0.002180943279352691,0.03760054455009837,0.003143385299939666,0.0035180806099465514,1.500898055850047e-05,0.12350217647711755,0.0007182581094719991,0.012950938801589255,0.0007164502541773499,4.561403745057393e-05,0.024943560532253,0.0019072614467894897,0.0010365503697101987,0.13196615044349594,0.0008298306686636617,0.00401392209930501,5.817659334480564e-06,0.02540301045369247,0.00014995710031075638,0.3930269399554655,0.0861260331502937,0.12561516606355427
45,0.0026166648436032223,0.009455781299221845,0.0008729473714947896,0.005173210613021061,0.058088935297296924,0.009275890208406405,0.010641411180634372,2.280922043003479e-05,0.24391619234059894,0.0005880786732479611,0.014634785253374598,0.0008845090463730279,6.124943844596928e-05,0.009081871753087915,0.00769430799655233,0.0017943660188205477,0.06984800867230884,0.0007599282354680931,0.011091716943807244,7.279443651917979e-06,0.013100887850166816,0.00023373990457588732,0.3490409026923419,0.07799404439911933,0.10312048130395018
46,0.0032393442312862336,0.017504288684192335,0.0018879855354389308,0.0023142105700091373,0.036072132385920525,0.003125958588282409,0.003518204150670255,1.6129263522202287e-05,0.09854813762179473,0.0006463174592329685,0.01396234790292841,0.0008436874186321383,4.7959779184820404e-05,0.021634687464622077,0.0019883204080611283,0.0011628469956928107,0.17532315761890885,0.000770602394130509,0.004045416186769587,5.295352960130361e-06,0.024576693959064744,0.00017031107219096377,0.38085607308051966,0.08177650334651035,0.125963388529474
47,0.007114235787433131,0.04452172821197982,0.0022014338962319784,0.0019452813354005616,0.024156612943391245,0.0027193938098931556,0.0051070466444101716,2.529557129012794e-05,0.127615829087909,0.0006589547235172784,0.018133061985097922,0.002435580025626357,0.00011864265002097798,0.02290195875051505,0.0024927592319785893,0.0021971965916419956,0.2251212160480935,0.0005764286289815364,0.0048100973423468914,5.1800842759028435e-06,0.018492658508561965,0.0005836124224671549,0.17023384798420924,0.10264838206891017,0.21318356566581634
48,0.00209208683834889,0.043721611839546606,0.001330954542590142,0.003276977111715444,0.015113916366881372,0.0023587637276692294,0.002377906595881873,2.1071378831572986e-05,0.04042668566410239,0.0010894475084467952,0.0070608555376755425,0.0006082810155550124,4.062904257045071e-05,0.0175058046974868,0.0017858423550534052,0.0017521875478251107,0.3957590351315594,0.0006080875033670115,0.006364862736786671,3.450162537789827e-06,0.021071674241517506,0.00021605969274300245,0.3156609731975294,0.037722962167923015,0.0820298733958555
49,0.003646564831778631,0.014350100896481931,0.002382607373031011,0.001967320307047621,0.038192882551479714,0.0043102725625688435,0.003550670233621162,1.8031459456901155e-05,0.13164869266310467,0.0006912835824685543,0.014517794839347455,0.0009277347992431394,4.6551750883297796e-05,0.023792695317192893,0.0014855181346333905,0.00100464990423573,0.13209648031705204,0.0008522031249594752,0.002603576593401645,6.219247456453391e-06,0.021819319855977858,0.000161023531761764,0.3912711276329002,0.08483962874869505,0.12381704974122058
50,0.002295239275198836,0.02303753285201298,0.0021589361890138243,0.002309839446961162,0.034286074049093375,0.0035942959067809233,0.005530598384913064,2.413543094227248e-05,0.1762234254401579,0.0013240121369753478,0.01190311585321857,0.0007651819979285998,6.869250947728055e-05,0.038499637359893396,0.0023756502163180195,0.001334214651363437,0.1196069705082663,0.0008867364091769994,0.007165450572127456,7.488347385160559e-06,0.03670293995300032,0.00025432082999219714,0.31013082785919927,0.0721982363129545,0.14731644750764883
51,0.002733187179107343,0.2657820473490185,0.0012949891329796387,0.010037123575163908,0.028811125398117005,0.0014647369123039341,0.0014864970548660458,6.47463068127865e-05,0.11639528825259396,0.002519449414013963,0.016729497753324243,0.0015678117082768312,8.161338335866636e-05,0.0961491824942735,0.004426070167580362,0.0009266976671079202,0.1581593434745615,0.0006453203066815687,0.007074628380635213,4.555573894057789e-06,0.012044050361037506,0.0008606786826876052,0.10836418188013332,0.02848591121650394,0.13389126637496665
52,0.003035272720514422,0.013775837959362991,0.001744284529252709,0.0037656191282493647,0.02460941067219872,0.0055678288844205745,0.002612006248041921,2.2029251996327382e-05,0.15413725466689637,0.0017788914377998984,0.01049463515450598,0.0004220535325818648,5.3889888940610024e-05,0.02225473572536744,0.002972374021190725,0.0015653367225991488,0.09875748777454618,0.001673060212644406,0.007666788330306313,8.682502670105085e-06,0.019087532566703088,0.00018833850022187577,0.4670713398009036,0.07310840224735678,0.08362690752072847
53,0.00281448837687688,0.016674517870692337,0.0019296923915903166,0.002254493255042214,0.038007830034264674,0.003114803000948713,0.003276950514452066,1.5015873016575336e-05,0.1216527438539437,0.0007658208823922958,0.012935925608923886,0.0006879958255676951,4.610403725898989e-05,0.025296284997352723,0.0019127356438969117,0.0010318756110597944,0.13535332297086655,0.0008347750919226203,0.004096094162555388,5.847393380833593e-06,0.025585356050775294,0.00015363428478260138,0.3909497104850051,0.08680963045819509,0.12379435132523668
54,0.0011043847607920176,0.023096442687885126,0.0014618551409268786,0.001022142189597476,0.021846282085599415,0.001599803801874742,0.001954341510259308,1.0139431670515809e-05,0.1581364674247187,0.0008326109254183707,0.006367030113703581,0.0011803101360275783,2.2592806988969623e-05,0.04174900865131188,0.0028794369312669754,0.0014583461593263595,0.08510317382312314,0.0002208761959025815,0.0020081415001528117,4.902571800027088e-06,0.009201644460820694,0.00014619971681216978,0.1760253214312148,0.07914218604547822,0.38342635949732773
55,0.0022615287178777187,0.007104105076174844,0.0012263990475648709,0.001624061829291545,0.05180214757640309,0.002212824295809354,0.007537096240767684,7.361990953939261e-06,0.19327426610063608,0.0001802314373509255,0.01080151226413281,0.0017498418223155163,4.1076680519957156e-05,0.01551207840562715,0.0010361101979803776,0.0008405016649471349,0.05665313738685908,0.000672738108532013,0.002262410911208913,4.096111338661432e-06,0.015842176881416738,7.132172302347688e-05,0.32292266440921846,0.16909170942374538,0.13526860169630428
56,0.002926260429332466,0.016362280150094537,0.001923175704827196,0.0021988965939817376,0.03779199774841742,0.0030852952463581488,0.003703077601790767,1.5366954040783093e-05,0.12483576588811163,0.0007038356457038624,0.013367081765501856,0.0007529609873987012,5.0042472462355595e-05,0.025223218085756786,0.0018856015071282678,0.0010398941955633897,0.13252692215013134,0.0008517490154865083,0.00412844358181533,6.00964397815391e-06,0.02633546249470668,0.00015941682628583612,0.3856688008431802,0.08936585959182518,0.12509258487612096
57,0.0027169550886020854,0.025147313445339978,0.0017843049164399417,0.002244054440092099,0.03491963395437648,0.002449440182463916,0.005535464014043284,1.815507852855428e-05,0.11204847809405133,0.0007193098250673764,0.014286217333078008,0.0009872959915888865,7.544971740801134e-05,0.023690453741146575,0.0021328902296403516,0.0016112342280038203,0.17043054634362798,0.0008318745865325597,0.009127168383516375,5.524761043017787e-06,0.042341045300339525,0.00023160986244600185,0.2969559158582858,0.10125591838800369,0.14845374623633448
58,0.002357944526341348,0.013777387893892126,0.0018096501620659545,0.002000821471491697,0.040276410999370744,0.002650776706703944,0.003303848897364543,1.022009116086493e-05,0.12759328662112895,0.0006144844286470817,0.010846300349573366,0.0006393692881420533,4.662752174062313e-05,0.021923174225513892,0.0016315644192294895,0.0009414185553625284,0.10832687629805686,0.0007198222655629438,0.0035898129033535646,6.189294685350869e-06,0.02441410567965598,0.00011712547256534788,0.39339994332588857,0.11803182561527492,0.12097101298722737
59,0.0022586195093425633,0.0137205151783323,0.0020034715278615736,0.0018343915108872352,0.03853472279616418,0.0026259144065581513,0.0029329201729368427,1.0322603750892021e-05,0.12037460091016242,0.0006794961047560323,0.0101216723644896,0.0005916828561575908,4.1775241637062395e-05,0.023457362547423432,0.0014564024486718812,0.0009471500699713451,0.11426695534202337,0.0007179278013829716,0.003153519790600505,6.215227130904975e-06,0.0249469670104809,0.00010789512281773044,0.4009768889850963,0.11190127940361046,0.12233133106775383
60,0.0027841881025096496,0.015905786338739663,0.0018944252161796102,0.002180943279352691,0.03760054455009837,0.003143385299939666,0.0035180806099465514,1.500898055850047e-05,0.12350217647711755,0.0007182581094719991,0.012950938801589255,0.0007164502541773499,4.561403745057393e-05,0.024943560532253,0.0019072614467894897,0.0010365503697101987,0.13196615044349594,0.0008298306686636617,0.00401392209930501,5.817659334480564e-06,0.02540301045369247,0.00014995710031075638,0.3930269399554655,0.0861260331502937,0.12561516606355427
61,0.002364854688523132,0.01270073794880156,0.0021277406561284145,0.0017768394719048577,0.03903419558239711,0.002624509334087354,0.002911259711526244,1.0189444135967978e-05,0.12809466082930165,0.0006787368272852923,0.010097690208087725,0.0005673900283520531,4.229367102955332e-05,0.02387953406409654,0.0013233488766676359,0.0008786235271388184,0.10396767318259516,0.0007618000648203172,0.0029821922002998273,6.2384045923984096e-06,0.02546948359716378,0.00010244424885054583,0.4045377163404879,0.1159326656718446,0.11712718141988164
62,0.0027841881025096496,0.015905786338739663,0.0018944252161796102,0.002180943279352691,0.03760054455009837,0.003143385299939666,0.0035180806099465514,1.500898055850047e-05,0.12350217647711755,0.0007182581094719991,0.012950938801589255,0.0007164502541773499,4.561403745057393e-05,0.024943560532253,0.0019072614467894897,0.0010365503697101987,0.13196615044349594,0.0008298306686636617,0.00401392209930501,5.817659334480564e-06,0.02540301045369247,0.00014995710031075638,0.3930269399554655,0.0861260331502937,0.12561516606355427
63,0.002766775089106722,0.02038958625715832,0.0018757005409918918,0.0023487033206737538,0.03598870008531021,0.0029720009029706672,0.0033274368274840136,1.579246007520948e-05,0.12149259934987995,0.0008045456108765121,0.012765070394666544,0.000752598847962363,4.8432070192486426e-05,0.02681257912736062,0.0020282649665541693,0.0011015426746544194,0.14381870558380355,0.0007920496986405741,0.004340861943700741,5.805920329432073e-06,0.02497229822222495,0.0001705510561250153,0.37213365573591856,0.08607005278877315,0.13220569052456618
64,0.0026873664202169147,0.01503033820160432,0.002141769493822303,0.0018436393891509133,0.03809204305091352,0.0024589559161601344,0.003718725800080044,1.3788498919673795e-05,0.10059446519365378,0.0006376629239176665,0.012687889494546262,0.0006269926383915623,4.9069628631984616e-05,0.025806876273414863,0.0014118544298167706,0.0009523657153054103,0.14395801370111264,0.0009147497100049214,0.004071926145091756,5.84170657181865e-06,0.037478019321154674,0.00012716895058416717,0.4032507682345049,0.08892514503335658,0.1125145641290724
65,0.0023055182211521217,0.001954870934475537,0.000281417326399401,0.0037738430206591582,0.024137880391659948,0.009911094808366825,0.006202082826640037,1.0758754361919088e-05,0.018413505890710346,0.00011004777849410632,0.014753967216696154,0.00028853740351069134,1.464313117015351e-05,0.0009674988576426125,0.003200298434469171,0.0009082344693796652,0.16284183951970607,0.0010053047990785848,0.012632479050907516,1.2548530198218722e-06,0.01579333687771528,5.093021704844829e-05,0.6801994516236213,0.019998484840313906,0.020242718752801186
66,0.008085049826356334,0.015902786580380683,0.005727709614102238,0.0022271710823173366,0.06511272214610735,0.002729739424306898,0.009410492564259323,3.845017618267156e-05,0.17106010673317523,0.0008072125674335158,0.02680094780438411,0.001203271233588681,0.0001916304979124872,0.038785602516909684,0.0012254467704649107,0.0012701740223139124,0.12079248875507768,0.0021602618233131266,0.004412068931915343,1.3467937179905705e-05,0.061967281979108606,0.00025293732516609436,0.24843194037774055,0.10925518700089809,0.10213585230940528
67,0.0006016028624110679,0.0009881153059421947,0.002276991952676182,0.00043472145983275635,0.006964948439800847,0.00044872307314780573,0.0003712382366158504,1.7082625494927676e-06,0.00643458193092427,0.00021909779777086263,0.0014413751246150285,2.7577053752782143e-05,7.2100388206130335e-06,0.006646366957503623,6.341994166176729e-05,0.00019359376027087416,0.07528910067179738,0.0009089658820734942,0.0004191140088155074,3.209065408571968e-06,0.03569641890385311,2.6756177252050803e-06,0.8104232256200912,0.039317800852344036,0.010818217179595508
68,0.00035778088640489825,0.0020828079200151195,0.0019525438599165986,0.0005285914686198736,0.0316489512659123,0.0012521102946201088,0.0008111366893588963,1.0932220140189788e-06,0.2427992408070513,0.0003796628519363681,0.0017199106165588928,0.0002749980509073435,6.630628274878036e-06,0.03856875440297921,0.00031621414132828007,0.00015675701156422984,0.011842942765828863,0.00018566539191003186,0.00014093210501070168,5.196610202830683e-06,0.004240270593576712,7.917874092781194e-06,0.3877442132827391,0.14205674586990624,0.1309189313892703
69,0.002605851175301362,0.014409851109569225,0.0020014855059322166,0.0020182830958989577,0.03569413875016102,0.003017238548525238,0.003473500044825042,1.4948297106081069e-05,0.12055286117468056,0.0007257584509415897,0.012109932220263651,0.000672188406369196,4.3758105320981655e-05,0.026101129528085017,0.0016776096369831176,0.0010207035648364304,0.12501349911679907,0.0008889905650459593,0.0037856557781289317,6.0712905778495815e-06,0.02738772497510743,0.00013283944113947485,0.4088669471383188,0.08607422136548566,0.12170481271459714
70,0.002860071273356513,0.016723771995860594,0.0019343961800816936,0.002125934791620783,0.0348404163177618,0.0031261563992835634,0.0034882278093254855,1.5708976684301166e-05,0.1184220283454493,0.0007584152454538828,0.012982515946890035,0.0007286767292142958,4.747987287205579e-05,0.024997387605861034,0.001906760966337106,0.001140702709573346,0.14059307165932464,0.0008632045725243635,0.0042841614402154195,5.907476132924383e-06,0.026493446103434595,0.00015853112346165117,0.38698058349243736,0.08634712998172682,0.12817531298511667
71,0.002133900883740346,0.014621813028839208,0.001895309035811861,0.0018432859093319284,0.041501988117513836,0.0025900782432402326,0.003560380574842149,1.3405017430413019e-05,0.13838185688687477,0.0007041732852755865,0.011108140090314508,0.0006370668328155834,4.1235908147665535e-05,0.03029667135817832,0.0014779186088901962,0.0009072231436726098,0.10822795881243527,0.0008483398730023625,0.003428099035390894,6.389999174537858e-06,0.02856715607096145,0.00012030413367883096,0.39153540554892174,0.09143189608767735,0.12412000351383841
72,0.0028783945385300134,0.017898179942553365,0.0016858898974078558,0.0028904306708862878,0.029148052843016928,0.007707967481842397,0.011366811935840914,2.7435162554420148e-05,0.1629988152249301,0.0009587245667634608,0.011700721432559152,0.0009803218551876591,7.857200689251463e-05,0.015040069890213413,0.003851238112258764,0.0026288179805326888,0.14628564482668938,0.0009486212835433374,0.010526888657659638,7.833550961629445e-06,0.02737688092317654,0.0002701841667050851,0.35521046837528436,0.0656837179390357,0.12184931673497446
73,0.00416176771468603,0.01436341149903178,0.003839747098568275,0.0011821930419577394,0.03222898982993818,0.0018832297547468177,0.00226851679832855,2.765125228128294e-05,0.0710102292982234,0.0008349239150911929,0.023230762191765474,0.0004967350914838098,4.647991390659354e-05,0.06428333950576905,0.000645339318216142,0.0004587210093568393,0.1469964156189769,0.00224139091450752,0.002592542606019209,6.284994537494207e-06,0.08171965669881727,0.00012940972319443127,0.41716840835236346,0.045883337930377924,0.08230051592785469
74,0.0009400194070610145,0.002977848424690931,0.0008909759368719486,0.001891226153286788,0.03704957286758899,0.0020464896494884373,0.0016003038689804982,3.8728421781645776e-06,0.05388415525820673,0.000258429311784325,0.003795965857180096,0.00010872798333168502,1.20612005691102e-05,0.008449071036964689,0.00031668578393413807,0.0002068008364901647,0.057055730833070764,0.0008331731226129979,0.0011737415180620863,2.9870483310297326e-06,0.018103204739759557,1.636607339067488e-05,0.7358727336948323,0.05381705379451349,0.01869280275681951
