,0,1,2,3,4,5,6,7,8,9,10,11,12,13,14,15,16,17,18,19,20,21,22,23,24
0,0.0022031148742048955,0.01945334804455084,0.003120155783901167,0.0020292319581168613,0.049525944531013034,0.0008837858875811507,0.0009122589341153999,9.5011786140273e-06,0.08839404566425199,0.0011202814522374355,0.01051308068107301,0.0002939024218927765,4.1974842590776477e-05,0.055810109279315144,0.0005559249725044704,0.0004612808565564226,0.10633430450043695,0.0013482328796681783,0.002438428948940342,6.7676586815346836e-06,0.04551474834267952,7.400422762947348e-05,0.39019412888901056,0.13804596985902504,0.08071547333140884
1,0.001477502914723064,0.013697996148601684,0.003137034390652645,0.001609453847786545,0.03451203763680182,0.0012287408073368652,0.0008455721330498913,8.992141509681798e-06,0.1686640774062503,0.0020912525546246644,0.006760999176422685,0.0001690118342408094,3.977723099045461e-05,0.06347692836096892,0.0005831813990253545,0.0005010375285517959,0.0475424278284552,0.0015266428710319663,0.0031574670684597988,8.986897603388976e-06,0.041350731830892905,6.91080400561679e-05,0.3811951094355003,0.14445901639335143,0.08188691412311172
2,0.0014421340603655278,0.017077034712077346,0.0027960342248601455,0.0014695397007720656,0.04586620136265848,0.0009459250677347551,0.000699364443138228,9.66242620034792e-06,0.15610870236861343,0.0017024818400103016,0.009516027343631814,0.00023355616969736214,3.28322171540403e-05,0.09781497667773462,0.0007928652238986978,0.0003810387322346279,0.05518280963074303,0.0011198362013284612,0.00212330334791502,9.09641305013152e-06,0.03567790820662679,8.640310271282569e-05,0.3303448308162617,0.12168404501716525,0.11688339069341498
3,0.0020157241008144228,0.01818714367230025,0.002950916982071574,0.0017618168349351222,0.04198219627116143,0.0011173011958209055,0.0008421008897696695,9.911704370238587e-06,0.13109876631419293,0.0015364639700672267,0.010368960086177324,0.00023814535417309468,4.1481509567267245e-05,0.07022630884344488,0.0006524819858095098,0.0004067474232582805,0.0717299558248612,0.0014080129917146303,0.0026846395793817587,7.598726381152639e-06,0.0423578551969944,9.032376777765822e-05,0.3817371804172062,0.1272755401591595,0.08927242619858929
4,0.0019868872958672783,0.019322179023925024,0.003046285369022289,0.0017392230030887973,0.04353352539397817,0.0009553171141517112,0.0008888099200977003,9.898249772088148e-06,0.13623338730510914,0.0015296364569817222,0.010384496209145149,0.0002419363140845122,4.891996438219291e-05,0.08059676804428362,0.0005825449412176552,0.0003753026650922692,0.06740719307201855,0.0015041278020799806,0.002735074245013508,8.359863914999204e-06,0.047773079649524125,9.56560169091776e-05,0.3573416838751397,0.13556398218055007,0.08609572602465054
5,0.00174821392788702,0.014384544525361613,0.0029308035360438725,0.0019952410116637004,0.040658115793020304,0.0009765763166681431,0.0007115310701377156,8.370461694285912e-06,0.11476986086103816,0.0015680741381743912,0.00812343572517739,0.00016916775676013745,3.890955071009614e-05,0.06558195519187208,0.0004437329083518232,0.000342507971265435,0.060583006509436765,0.0019086285222083227,0.0024309834395488403,8.14792414144798e-06,0.04306560492551228,5.95727103494782e-05,0.4466021692784001,0.13101779800042523,0.059873047944151325
6,0.0020157241008144228,0.01818714367230025,0.002950916982071574,0.0017618168349351222,0.04198219627116143,0.0011173011958209055,0.0008421008897696695,9.911704370238587e-06,0.13109876631419293,0.0015364639700672267,0.010368960086177324,0.00023814535417309468,4.1481509567267245e-05,0.07022630884344488,0.0006524819858095098,0.0004067474232582805,0.0717299558248612,0.0014080129917146303,0.0026846395793817587,7.598726381152639e-06,0.0423578551969944,9.032376777765822e-05,0.3817371804172062,0.1272755401591595,0.08927242619858929
7,0.007899921016680828,0.027892410494497137,0.005016383966891558,0.002540297089461093,0.05046873741092691,0.0014837091579482879,0.0018115151504466851,2.0317422254283705e-05,0.13938648109313884,0.0015664478013751948,0.0280006819319572,0.00037084819015948474,0.0001653098038178315,0.06243490349114924,0.0008617293217104979,0.00043520470060424055,0.09304378174499396,0.0027394779607041427,0.005321918186597909,1.0012874813281655e-05,0.07167251128482682,0.00024202073287011867,0.2957130215851529,0.1307863281411383,0.07011602944588329
8,0.0013227511730891208,0.012630869242518725,0.00374074620252257,0.0013719017899637143,0.028578724299876433,0.0006075539099791951,0.00022764615199531477,3.223160555136287e-06,0.09391587411082544,0.001544579735029758,0.0036617512453176915,0.0001433196577002013,1.9750124521328262e-05,0.05584339559164354,0.0004057451361445509,0.00033694490206698794,0.057537119422233406,0.0005827654840436918,0.0007430434755087116,6.377221421142569e-06,0.015783708609681806,3.052215490577165e-05,0.41613684466565004,0.20549847256897388,0.09932636996383197
9,0.0006988524564424509,0.014764553721496243,0.0035810970804076125,0.0013190731169420871,0.023279393592422325,0.0005305282689321022,0.00023678712797809022,4.040990511317174e-06,0.11019203594373343,0.0025938468801128605,0.0027502643053104563,0.00011420752596467891,1.975013784678743e-05,0.08265164510181972,0.0003783725847751397,0.0004488484019409258,0.046850961614960274,0.0007213799171503415,0.0011022311159050806,9.022139641493577e-06,0.02070274816543537,2.9417950552990337e-05,0.3842715875126808,0.19925961749453625,0.10348973685250104
10,0.0020157241008144228,0.01818714367230025,0.002950916982071574,0.0017618168349351222,0.04198219627116143,0.0011173011958209055,0.0008421008897696695,9.911704370238587e-06,0.13109876631419293,0.0015364639700672267,0.010368960086177324,0.00023814535417309468,4.1481509567267245e-05,0.07022630884344488,0.0006524819858095098,0.0004067474232582805,0.0717299558248612,0.0014080129917146303,0.0026846395793817587,7.598726381152639e-06,0.0423578551969944,9.032376777765822e-05,0.3817371804172062,0.1272755401591595,0.08927242619858929
11,0.0021734404201528314,0.01859935131759249,0.0030225496102239944,0.001822385472055821,0.043405361135170524,0.0010547591233786022,0.0009078063995220392,9.91564942790376e-06,0.13210832325993702,0.001465272133896422,0.010681412959191845,0.00025177257764930945,4.902205815331791e-05,0.06923983702793704,0.0006376692788692447,0.0004098505860524104,0.07119414429456461,0.001461067597346224,0.0027909361817461016,8.153642206534279e-06,0.04423847446071112,9.649464037547007e-05,0.3681569783409975,0.13966794894368642,0.08654707288915522
12,0.0006912089362390837,0.004286360007809098,0.002932757940084802,0.0002887847506551951,0.12539776696544527,0.00038584527135862795,0.00020729215776238614,1.439682073516527e-06,0.08323537427873398,0.0004841783458625991,0.006376305754715228,0.00010084000456237564,7.441127377550195e-06,0.089307730996558,0.00012771285468788005,6.272546076298684e-05,0.044656359905611565,0.0004321961361481866,0.00016537043867836316,6.30692386023055e-06,0.030563407271301014,1.584074345242369e-05,0.3679344462323178,0.14937337093976494,0.09295893687417697
13,0.0029471241918375703,0.027976735051340372,0.0022891662694402752,0.0011233077971352658,0.0682569074936806,0.0005603846274979362,0.0011115792291406764,2.1371262668320016e-05,0.12184766315259371,0.0006771950360855416,0.04158555196629612,0.0008600646724559696,5.3462910626349145e-05,0.15535161865153507,0.0012768339876755707,0.0002856118616036006,0.0832826284121999,0.0009620231797681547,0.002438986389663995,6.656446790979952e-06,0.05111594146220048,0.0002758345178259907,0.15205613345997607,0.08069742273605202,0.2029397952339095
14,0.0016944689780937783,0.05004013704347863,0.0022294864313254716,0.002492903418496465,0.11906514465747688,0.00031911434396872244,0.0006123842412666291,5.830414224720982e-06,0.050434146956168,0.0011946412626566898,0.019435535378947287,0.00011259147126974261,8.001500711522936e-05,0.08207061583382856,0.00016950570280888208,9.908986423654317e-05,0.09635093347306443,0.002737028912796271,0.0048469851890560155,5.451923577510805e-06,0.16846836004728213,7.438007435785663e-05,0.2544339734731953,0.11904446262025212,0.023982813281056163
15,0.0020157241008144228,0.01818714367230025,0.002950916982071574,0.0017618168349351222,0.04198219627116143,0.0011173011958209055,0.0008421008897696695,9.911704370238587e-06,0.13109876631419293,0.0015364639700672267,0.010368960086177324,0.00023814535417309468,4.1481509567267245e-05,0.07022630884344488,0.0006524819858095098,0.0004067474232582805,0.0717299558248612,0.0014080129917146303,0.0026846395793817587,7.598726381152639e-06,0.0423578551969944,9.032376777765822e-05,0.3817371804172062,0.1272755401591595,0.08927242619858929
16,0.002921471508015267,0.028069191675992842,0.0027690727190012522,0.0018791289947806915,0.04399707607058055,0.0010536206298897895,0.0010617764600035762,1.8287613385742202e-05,0.13185415741553005,0.001488073735177862,0.018501626495766584,0.0004965333971574164,5.302056652361102e-05,0.1083827288301135,0.0011028752345576733,0.0004890830163770456,0.09586466799236945,0.0015530384623967956,0.003553920345520839,7.227725770428327e-06,0.04774632268069702,0.00019773907353579141,0.27988206043444414,0.09418698567947663,0.13287031324293522
17,0.0023623299206343602,0.015159216614558721,0.003184621371764103,0.0011290516243827738,0.06386265471897425,0.0005949521474665674,0.0010642519332711377,7.524654163642491e-06,0.11244322977645314,0.0006936763133747753,0.01298609323621237,0.0003026431750865812,4.898120735976344e-05,0.08633619514771644,0.00025965623780795983,0.00020807223553968027,0.07482189252326818,0.0015295286757188566,0.0014952900746174093,6.71440892476347e-06,0.06634647005017065,7.733507773693706e-05,0.33414779844722076,0.14857578193291976,0.0723560384946565
18,0.0010852913253417695,0.014493700739787197,0.0027759379267678565,0.000680462612166856,0.027246012259566913,0.0006369516828991631,0.0006644511448099223,6.025321097157588e-06,0.09749857870479657,0.0011068634552081897,0.006789502274626284,0.000286400108656535,2.2200021973672337e-05,0.08564537207371427,0.0005384819077969338,0.0004889954187124967,0.07875933671248879,0.0007560852074615749,0.0016842592243992752,6.250829924631439e-06,0.04182931657450527,6.129246533387885e-05,0.32885796706807197,0.1336394583326818,0.174440806607211
19,0.0013948299448727772,0.02171808595881819,0.0023295270744726803,0.002773430204580744,0.050212670427828725,0.001515020299925447,0.0007734241552968974,8.63689652515379e-06,0.18937536032515803,0.0021838603395395134,0.006798327176232676,0.00023428311997464402,3.805965428163756e-05,0.06791523481271448,0.0008119613850053506,0.00040498417465113773,0.05467351344206518,0.0010210823935019307,0.002561318317712388,8.055164114010852e-06,0.02427978930995926,9.88819905123537e-05,0.3524995863908769,0.1312567573956717,0.08511331964570824
20,0.0022282900391945005,0.028946227331005665,0.0024613074651223493,0.0021981531572806304,0.04491198010184633,0.00131469456229885,0.001069388463707346,1.6403460746253733e-05,0.18129527821354216,0.002082629422246734,0.015031451554502435,0.0002856048686873033,6.691791089730292e-05,0.10106887073339607,0.0011502586299220428,0.0004185792403694481,0.06846066280804523,0.0014419427840227038,0.004487984759331432,9.787821391012933e-06,0.04650408614470236,0.00022588625182307087,0.28521134152170025,0.10567860399001852,0.10343366876419999
21,0.002651249987095616,0.014915524300048043,0.004890211594153369,0.0013511648520050182,0.035303411401449256,0.00045899070916564444,0.0007363931761408983,8.730080573619475e-06,0.08334206387509038,0.0009975995587824383,0.008792432843344763,0.000346826410463971,4.855105499713842e-05,0.08592617235087506,0.00026786442905388095,0.0004388188839551462,0.08303303118555089,0.002006964516272483,0.0014256874670392791,7.963222637531501e-06,0.05286669891590761,5.082839339656166e-05,0.3599989848433632,0.17885914734529315,0.08127468860334512
22,0.0026570627379458095,0.017395026885681144,0.004033226800177516,0.0016950922385288803,0.033261811317088344,0.0010997076058710702,0.0006102036969634773,1.3769970718709079e-05,0.06598224140311942,0.001908775507452417,0.011729225700525503,0.00016619566053200155,4.201814935139595e-05,0.06706780534469983,0.0003922560939828515,0.00038625740750747767,0.12385210416809456,0.002398956762928326,0.0026507347502105517,7.792445615725596e-06,0.06488426493551445,8.436652551947608e-05,0.4584237239479885,0.08495756133863763,0.05429981860534485
23,0.0020157241008144228,0.01818714367230025,0.002950916982071574,0.0017618168349351222,0.04198219627116143,0.0011173011958209055,0.0008421008897696695,9.911704370238587e-06,0.13109876631419293,0.0015364639700672267,0.010368960086177324,0.00023814535417309468,4.1481509567267245e-05,0.07022630884344488,0.0006524819858095098,0.0004067474232582805,0.0717299558248612,0.0014080129917146303,0.0026846395793817587,7.598726381152639e-06,0.0423578551969944,9.032376777765822e-05,0.3817371804172062,0.1272755401591595,0.08927242619858929
24,0.0014005873880159855,0.027187621072806343,0.0022844368204740194,0.0030209306425535566,0.0397436034835998,0.0009345293312673895,0.000746635782960197,1.0383488423925017e-05,0.11421911709751212,0.0020839184008224513,0.007857899202997176,0.00019272070615364731,4.0956074257950455e-05,0.0779248605512838,0.0006555228315943506,0.0004189280892647432,0.07820189483062928,0.0016778573794098972,0.004005872072945236,7.2587380051591035e-06,0.04287873252866283,8.555616719953557e-05,0.4127417346805035,0.11352913999411497,0.06814930264454216
25,0.0032116877138892194,0.013408021533400816,0.003451289660603154,0.0016894539550500744,0.07544133892684261,0.0008141419822336045,0.0016165674798929608,2.8357661281898373e-05,0.0941692925552504,0.0007727302695695541,0.028308289514273124,0.00044374968145006403,5.745276536636125e-05,0.1013216064734166,0.00035232923630328366,0.00030008835072927646,0.08621309054658133,0.003682743598183668,0.0022958223800534808,9.72214961464358e-06,0.09099876724662992,0.00010358930436005006,0.34273261104036556,0.08743864133067172,0.06113861464398668
26,0.002509477180279093,0.04843180658771037,0.002027333058429559,0.0019954724645336913,0.04183203681343436,0.001516388419335396,0.0020792104211695543,3.848999272314127e-05,0.11888358962359305,0.001709293358512353,0.03137618852836534,0.0007678347942538913,7.166796460494878e-05,0.10159437640053852,0.002784279343863768,0.0008411415424016248,0.14027311277341284,0.001113432000414259,0.009183359547916548,7.1726969308833e-06,0.0629839792922604,0.0004988285679244614,0.17703340174668322,0.05504657187695229,0.1954015550037563
27,0.0018989159867612386,0.01955048272209924,0.0021839789835629724,0.002011197539799388,0.04119764604338409,0.0016784770557063654,0.0008533591084305398,1.1361513912830116e-05,0.2402293780234617,0.0019741257065243123,0.010118828194715369,0.0002582248986943312,4.497384888241503e-05,0.06932213262526526,0.001130492408375314,0.0004325738249860272,0.04422378939473545,0.001085572492014553,0.003292623949682109,8.376285004149113e-06,0.025739632268156416,0.00015686190774583315,0.29519197120794394,0.12876729142235988,0.10863773258779631
28,0.0020157241008144228,0.01818714367230025,0.002950916982071574,0.0017618168349351222,0.04198219627116143,0.0011173011958209055,0.0008421008897696695,9.911704370238587e-06,0.13109876631419293,0.0015364639700672267,0.010368960086177324,0.00023814535417309468,4.1481509567267245e-05,0.07022630884344488,0.0006524819858095098,0.0004067474232582805,0.0717299558248612,0.0014080129917146303,0.0026846395793817587,7.598726381152639e-06,0.0423578551969944,9.032376777765822e-05,0.3817371804172062,0.1272755401591595,0.08927242619858929
29,0.0020157241008144228,0.01818714367230025,0.002950916982071574,0.0017618168349351222,0.04198219627116143,0.0011173011958209055,0.0008421008897696695,9.911704370238587e-06,0.13109876631419293,0.0015364639700672267,0.010368960086177324,0.00023814535417309468,4.1481509567267245e-05,0.07022630884344488,0.0006524819858095098,0.0004067474232582805,0.0717299558248612,0.0014080129917146303,0.0026846395793817587,7.598726381152639e-06,0.0423578551969944,9.032376777765822e-05,0.3817371804172062,0.1272755401591595,0.08927242619858929
30,0.0020157241008144228,0.01818714367230025,0.002950916982071574,0.0017618168349351222,0.04198219627116143,0.0011173011958209055,0.0008421008897696695,9.911704370238587e-06,0.13109876631419293,0.0015364639700672267,0.010368960086177324,0.00023814535417309468,4.1481509567267245e-05,0.07022630884344488,0.0006524819858095098,0.0004067474232582805,0.0717299558248612,0.0014080129917146303,0.0026846395793817587,7.598726381152639e-06,0.0423578551969944,9.032376777765822e-05,0.3817371804172062,0.1272755401591595,0.08927242619858929
31,0.002976895410182137,0.021276672112108014,0.004762519818389273,0.001739817379344067,0.028913699378515664,0.000971030832670635,0.0008178697171737517,1.8559023259310723e-05,0.09062214561618374,0.0019097464255917844,0.010348289194726412,0.0002606825878474767,4.685649939377293e-05,0.07469069440051566,0.0004489691945133327,0.0006229012283912676,0.10675889507643574,0.0022042630943782493,0.0026051575738332976,8.075187044692992e-06,0.05525625033196154,8.877253190246556e-05,0.4024795561210574,0.10985437896984362,0.08031730229473666
32,0.0019235783124835766,0.01840468119507233,0.002772218911745734,0.0018964083321805088,0.04061200552982105,0.0011670714692785802,0.0008718748582992803,1.0136989101371395e-05,0.12971529144389224,0.0016383711015970353,0.010225280314288245,0.0002200539982379199,4.340928769731874e-05,0.06599428732439198,0.0007277482008765985,0.00043422147541267883,0.07202472729014049,0.0014604133655020718,0.0033525325275743983,7.735182826285964e-06,0.04505992242671739,9.479935011646249e-05,0.3893211248222567,0.12629053973136198,0.08573156655912789
33,0.003919299587360469,0.027802201151986807,0.0029374909120028344,0.0026898776826155438,0.04635215267516829,0.0008614156546018073,0.0015543975116301069,1.9451616257384994e-05,0.0766302377050182,0.0009459469490130691,0.019945714379730643,0.0005541210663822659,8.92312271358652e-05,0.06076197451679216,0.0005550588827733028,0.0005992319529892118,0.15444159489283665,0.0023951664538700264,0.004381184564869987,7.189138721212761e-06,0.06846672430435895,0.0001638980078516274,0.3233439862638925,0.12858564606800127,0.07199680683413968
34,0.013001236795601,0.008851003230357049,0.003891566633598504,0.0023512727233533605,0.06188915103385646,0.0011429309891859338,0.0016423675079950998,1.1276952184135782e-05,0.15419883340164658,0.0006730954574358701,0.029110706147529242,0.0001868608900499409,0.00012228187905429704,0.030254231586658586,0.0008472951881239941,0.0002355235372582112,0.04461905588381456,0.00406797562777446,0.006012873744995833,5.709214646610438e-06,0.07213839460657892,0.00011392634635095423,0.3744450255632365,0.15084050419107023,0.03934690086764373
35,0.008382363710971898,0.01870302380642526,0.004083121407844064,0.0024871188823132008,0.0214213518793373,0.0022856994019060254,0.0014707592777022762,3.2371489740453485e-05,0.16928318724979025,0.0021148196894643537,0.014393329267092247,0.00048031545181333727,0.00010071605267815504,0.042886477230882486,0.0005242655398256264,0.0011771397251533879,0.09145427898607346,0.00526206665837232,0.006033193643951619,7.574707883465256e-06,0.04431269937331855,0.00023145099611976598,0.35891131814934923,0.14116867175851203,0.0627926856634793
36,0.0026594533054237523,0.03035707292549223,0.0028244719425729015,0.0027037946518986074,0.023032909985019327,0.0015535900941991837,0.001034742612677726,2.7768230573916577e-05,0.17524830942110586,0.0030620863378105242,0.009465289536929116,0.0003823699842836928,5.5544610264587584e-05,0.10215149058111707,0.0009710930572327681,0.0008390790580165186,0.09565973352030825,0.002124741452217293,0.00464320215751807,8.303989161652252e-06,0.03384678241955347,0.0002346209923963865,0.3278948294142277,0.0810825189206794,0.09813620079931983
37,0.0026133553537582206,0.010954512346959737,0.004506093169771714,0.0010748572971799532,0.04596437458222171,0.0005008292626332756,0.0008012075717573532,4.518020297919525e-06,0.10840023161589699,0.0007949138783931697,0.007739208325726921,0.0002189858526756064,5.353880485562683e-05,0.06324551658752722,0.00020267859820878172,0.00025396899045885684,0.055296442737285637,0.0016736255550711477,0.0012198474609769361,7.5879641724362085e-06,0.051604166347249784,4.243343953642182e-05,0.3550974598162866,0.22580491489103824,0.061924731530059854
38,0.0017896254329760602,0.02142058810753652,0.0029217895354910275,0.0015899114547036903,0.05148650250471434,0.0008085558860250724,0.0006486767081509521,9.125417890027583e-06,0.13771331962820169,0.0014308627918222531,0.011282351166329361,0.00026335334493381726,3.5895738129036416e-05,0.09784692131178849,0.000580263496309846,0.0003022501223860714,0.06816576024026383,0.0011247277685576874,0.0019046031394067055,7.127353066039702e-06,0.0387331260893371,9.029767210211075e-05,0.32572774090078843,0.12906876583068486,0.10504785835840502
39,0.0030047218080944977,0.013730782931494644,0.003408114864853083,0.0015576012519827914,0.02953764493823624,0.002044683711207152,0.0017405674543716106,2.6823553120475922e-05,0.08626452729155074,0.0012516011275713896,0.014329854623320171,0.00044830572297072227,5.066124957503781e-05,0.04227244106089613,0.0006286981949429241,0.0010012642334037928,0.12792128784835408,0.0019896738341564934,0.0038886866033921094,7.98746794421362e-06,0.06375372928101405,0.00013544033358543794,0.4082131271204263,0.1013343583459439,0.09145741514759198
40,0.0034686636780632348,0.024917336645634176,0.003816811650382112,0.001361054154356636,0.053941324199654334,0.0013015859900187472,0.0009837233562931893,1.1365186831075388e-05,0.14734657659333833,0.001194002912426954,0.016933036018047687,0.00047696822295075755,5.19243634247129e-05,0.086333079780803,0.0009446841032020597,0.0003605735822973256,0.09173387407689536,0.0008296483544213404,0.001733021132253644,7.1718401542046206e-06,0.0365171960530507,0.00017786058908531808,0.26327513314832696,0.11180177358164574,0.15048161078644245
41,0.0013452572808169152,0.010052390622474877,0.001426626532708505,0.004242456332280486,0.08608195223838223,0.002885868639554097,0.0004538325059808284,5.695767755847627e-06,0.2695849448164846,0.0017168432761638316,0.0073778480774828814,0.0001561952927865748,1.4887345432386286e-05,0.030008757962512473,0.0024951307390669083,0.0002552226048572421,0.02639065745399863,0.0005274585519664478,0.001941405105470959,5.087761321828101e-06,0.006811655757436762,5.866020539540622e-05,0.3661869883463883,0.10009208108026312,0.07988209570301792
42,0.0031635546766765454,0.03312877440156201,0.002357214104631094,0.002683458235997258,0.04102711091421477,0.0024150416038016876,0.0014009313041585508,2.4302031392296245e-05,0.18095414424817666,0.002359316117996939,0.017403794359327734,0.00039044540803915846,8.42976486275101e-05,0.0572217643364441,0.0016719654378921527,0.000826020263608132,0.1067890561009317,0.0013227017802650341,0.007867000018712713,8.864480510337413e-06,0.043931399784878235,0.0004155303322503576,0.2677698234564396,0.11170360898607322,0.11307987996739222
43,0.001475594595726211,0.014270846500505148,0.002771642193277967,0.0019475614760090145,0.034205416295693764,0.0025685062978448906,0.0006979820444095798,1.2727666270063352e-05,0.16849438822909643,0.003577565646376602,0.007555820079977704,0.00010992248355734401,3.6396455345048886e-05,0.05666967419711799,0.0009282980113566044,0.00048384860343497613,0.05184813624963983,0.0014548992718306562,0.004163172727749898,9.955458299534423e-06,0.042590268583936546,0.00010895644740969132,0.4363193214962388,0.09756618968789565,0.07013290930100001
44,0.0020157241008144228,0.01818714367230025,0.002950916982071574,0.0017618168349351222,0.04198219627116143,0.0011173011958209055,0.0008421008897696695,9.911704370238587e-06,0.13109876631419293,0.0015364639700672267,0.010368960086177324,0.00023814535417309468,4.1481509567267245e-05,0.07022630884344488,0.0006524819858095098,0.0004067474232582805,0.0717299558248612,0.0014080129917146303,0.0026846395793817587,7.598726381152639e-06,0.0423578551969944,9.032376777765822e-05,0.3817371804172062,0.1272755401591595,0.08927242619858929
45,0.0019383310431028353,0.011203111372981777,0.0014087291818119607,0.004142560717935555,0.06564980011775257,0.0032767300890394154,0.002469634508721483,1.5175350895505394e-05,0.259989280908873,0.0012941651391994377,0.011980666647646795,0.00029369272993044526,5.5868282649942915e-05,0.026984732573191113,0.0025695366296276953,0.0006872361125372941,0.03899095566774764,0.001311587534583623,0.00723602908771026,9.596660247438944e-06,0.022545715140784458,0.00014285084051751017,0.3450531165631178,0.11646704829428801,0.07428384880510638
46,0.003897715341650096,0.027843486458772392,0.0029573740037414174,0.0022979064023988163,0.03618656052812558,0.001119021029537594,0.0008429317444225398,1.3692616736376252e-05,0.05203750036772658,0.001011040930756411,0.014618322290106118,0.00047643158784039895,5.187643916033963e-05,0.03974212351734054,0.000789224955565983,0.0006544187702798898,0.23938243594080152,0.00104886003071574,0.0027865383521064545,5.2070285221762e-06,0.03744749828808413,0.0001586406709047093,0.34001596846033244,0.1033734857926623,0.09124173845170946
47,0.005366478973978549,0.05290372224434772,0.0036602270412627066,0.0016893609370109645,0.029131915173631968,0.0010361055894197743,0.0013060291470503426,1.762053387739736e-05,0.14454606078353843,0.0015085582280663953,0.015344004207998637,0.0008432210892486949,0.00011287355437611796,0.06888969020087059,0.0009078225780042005,0.0009151867320855513,0.12955352057807096,0.0010584394424136441,0.0034494554366777427,7.271307556801156e-06,0.033341203553084384,0.00036129808782494,0.181239963580034,0.1622876481293003,0.16052232287026919
48,0.0018062110618009357,0.05758910583141511,0.00246019202447285,0.003077596256481592,0.020518393632696856,0.0010015293766269886,0.0006656297008568558,1.627578292852615e-05,0.05239366520964484,0.0027318124182445264,0.006829088845126281,0.00023635483623777982,4.34100858205199e-05,0.05920404807033088,0.0007186037307304936,0.0007779435810818647,0.24426909129347074,0.0012231788970343959,0.004882867273005534,5.3762599169328776e-06,0.04147666686437232,0.0001532983125644256,0.36249306488514793,0.06654713196711434,0.06887946380287632
49,0.0025862606297862123,0.016221087530994414,0.003713105451667377,0.0016045217291443072,0.04173686645744455,0.0014914615418032454,0.0008961397672433201,1.1780637621607929e-05,0.13716814916755607,0.0014531534777332414,0.011288966034153011,0.0003175182033949691,4.304945640957029e-05,0.06511517980909293,0.0005167430073519676,0.00042662623839610417,0.0733594546056191,0.001453844040458955,0.0018383963206382184,8.143618439085563e-06,0.03685802755609147,9.40414763079951e-05,0.382678591066643,0.12882539454162598,0.0902934976343833
50,0.0016346961467089366,0.025531118808990227,0.0032575918039586646,0.001810963968063727,0.03765443202043895,0.0012478849460732136,0.0012515565173272312,1.5361045650955497e-05,0.1815409440031133,0.0027312485942611125,0.009387871587190242,0.00024436937545545474,5.9845338383985526e-05,0.10541933395878578,0.0007845080946792371,0.0004934926571172428,0.06304912896377464,0.001460204947285117,0.004531564460162451,9.450942149572552e-06,0.058860601117706114,0.00014857427639279,0.294668305405785,0.10350665142970163,0.10070029959084435
51,0.0017814182065302245,0.2528629527048475,0.001937864388285261,0.007402901290327866,0.02853659465629109,0.0004715869644340228,0.00039386809920985275,3.776901479334219e-05,0.110259478850526,0.004622019905956806,0.011553591432169517,0.0005264848621558191,7.155662557831977e-05,0.22456465829391495,0.0014204864634613727,0.00042262207563488203,0.08476038733822784,0.0010468069502469154,0.004894236432481181,5.658656508978983e-06,0.019605865758576563,0.0004262437225625927,0.10366433553614679,0.04359553284244322,0.09513507892868911
52,0.002163396558040063,0.015598873504006341,0.0027045862301784515,0.002977361599460375,0.027355603294620032,0.0019199140798743682,0.0006355319731635691,1.4242771409560619e-05,0.1603071254333261,0.00365829767461009,0.00830357494888501,0.00014269899336354558,4.862519264022945e-05,0.06168959288696684,0.0009990411258715322,0.0006175510399684342,0.053992750170792275,0.0027663331847281765,0.005063955081026844,1.1134398511980245e-05,0.031878428286627805,0.00011069253439072814,0.4485108660380602,0.1084861820432554,0.06004364095622203
53,0.0018095021266237323,0.011356299313238304,0.0024384322347243913,0.001256687904444323,0.03780431792206382,0.001226340026386567,0.0016739103930478536,9.843238609446043e-06,0.15263433394927148,0.0008113638742205494,0.010536966299389926,0.0003511531651845273,3.6907544028102865e-05,0.06138237812669038,0.0006292461069883801,0.00041272903087120563,0.05505067552344781,0.0013184871334183438,0.0021522837009945984,7.180171779316374e-06,0.03915113364123569,7.129755030842186e-05,0.39984573874546175,0.11605996887497115,0.10197282340259992
54,0.0008518129441116714,0.02717790729181819,0.0023669224227513275,0.0008698260845298454,0.025787492983973485,0.0006027714139397584,0.00048294818067378217,7.014225130265621e-06,0.17349031762068357,0.001846707999210491,0.005422767114898523,0.00039562225266246895,2.1535324932175404e-05,0.1211239169913401,0.0010044819841583414,0.0005714036685590018,0.048074199867554124,0.00040093693943471883,0.0013954986416880423,6.645527155002988e-06,0.016263782664812612,9.205427966998636e-05,0.18032182587167256,0.12018315118864392,0.27123845651599604
55,0.0015810459158787063,0.007973519888216206,0.0018435593698851488,0.0012612665461657739,0.05520575644972076,0.000763723279890045,0.0016596860675541169,4.746737044603781e-06,0.194879535354787,0.00038491203544264616,0.008380813989270708,0.0005362608609517496,3.560286398348686e-05,0.04270863758582499,0.0003433026680965771,0.00030885415187123,0.029897748611471625,0.0010950978324486805,0.001448128406088691,5.15549948798307e-06,0.025498599168950305,4.230578192542805e-05,0.3007288918911623,0.23247726056158688,0.0909355884822943
56,0.0021114313488375717,0.01865726247443926,0.002986513468394511,0.0017711907853001153,0.04211429044733259,0.0010951373738868075,0.0008815203197602281,1.0118594581337951e-05,0.13222054524920993,0.00150360297875638,0.010675483194417423,0.0002490514845037371,4.525947532823675e-05,0.07088352097600427,0.0006434856377441077,0.0004060298454574603,0.0718014054651268,0.0014403662356167683,0.0027487108337720377,7.822321461391047e-06,0.04375018077982962,9.571483361430862e-05,0.37378084489416813,0.13149821705024453,0.08862229393221237
57,0.001999708321375363,0.02886340856195369,0.002809304979332812,0.0018278688906162629,0.03979239725982238,0.0008919787403392301,0.0013003735413829678,1.2087510120758323e-05,0.12129809620635021,0.0015658870167492088,0.011639581590569832,0.0003250854499083709,6.806569144292137e-05,0.06822708513593446,0.0007333123265578635,0.0006155386072295457,0.092380080601353,0.0014245228092246555,0.005953320225585138,7.2979693739504625e-06,0.0702201421600683,0.00014081787010327017,0.2932471020947005,0.14933305617659506,0.10532388026331017
58,0.0016734114156354324,0.015430903983041491,0.002762395476134346,0.0015856901929172,0.043753941875487264,0.0009230168270214061,0.0007806892368162658,6.662254918592772e-06,0.13198881767501683,0.0012871814913549147,0.008498889587960318,0.00020956040445679306,4.1543419281718555e-05,0.06029821951047708,0.0005488775183633795,0.0003663581181304313,0.058064534872793026,0.0011999110860267152,0.0023696080335869974,7.896535536468822e-06,0.03990021364458342,6.914596087296814e-05,0.37398447040977373,0.16978296436699922,0.08446509610281404
59,0.0016047309343888356,0.015366533671818042,0.00305820650998381,0.0014611912600077518,0.041865848267625766,0.0009139312216344583,0.0007016421639460959,6.73406271901427e-06,0.12465179298641439,0.001418467012350681,0.007931646377685718,0.00019565844391714976,3.748705492335383e-05,0.0642546824606115,0.0004930129339162966,0.0003731865018424427,0.06145274219405349,0.001200015678792178,0.0021049616743510206,7.947761902726551e-06,0.04087108554356701,6.369863180005516e-05,0.38203898274156134,0.16208262987988578,0.08584318403030106
60,0.0020157241008144228,0.01818714367230025,0.002950916982071574,0.0017618168349351222,0.04198219627116143,0.0011173011958209055,0.0008421008897696695,9.911704370238587e-06,0.13109876631419293,0.0015364639700672267,0.010368960086177324,0.00023814535417309468,4.1481509567267245e-05,0.07022630884344488,0.0006524819858095098,0.0004067474232582805,0.0717299558248612,0.0014080129917146303,0.0026846395793817587,7.598726381152639e-06,0.0423578551969944,9.032376777765822e-05,0.3817371804172062,0.1272755401591595,0.08927242619858929
61,0.0016601788228189196,0.014100427712864388,0.003213283402285389,0.0014037539872934304,0.04191324666599425,0.0009033039315592673,0.0006929716434427714,6.582500135334184e-06,0.13096878831295902,0.0014011626417463746,0.00782036749679169,0.0001865939860891244,3.762950462576545e-05,0.0645927648429391,0.0004451843003299738,0.00034579580468334955,0.05561722304866369,0.0012597547210144722,0.001981458995374194,7.90283939705989e-06,0.0413340356226036,5.983921652145861e-05,0.38185666950187214,0.1665213122648538,0.08166976823314138
62,0.0020157241008144228,0.01818714367230025,0.002950916982071574,0.0017618168349351222,0.04198219627116143,0.0011173011958209055,0.0008421008897696695,9.911704370238587e-06,0.13109876631419293,0.0015364639700672267,0.010368960086177324,0.00023814535417309468,4.1481509567267245e-05,0.07022630884344488,0.0006524819858095098,0.0004067474232582805,0.0717299558248612,0.0014080129917146303,0.0026846395793817587,7.598726381152639e-06,0.0423578551969944,9.032376777765822e-05,0.3817371804172062,0.1272755401591595,0.08927242619858929
63,0.002004975716003778,0.02317349696679623,0.0029327108443543016,0.0019001928627231989,0.04021807940936087,0.001058056178079631,0.0008055315741994964,1.0433442756167024e-05,0.12905774061982506,0.0017158967075163033,0.010214086917086574,0.0002517096772333261,4.419048387338408e-05,0.07523221460444567,0.0006954558154668935,0.0004372812835767564,0.07842182241978009,0.0013501898736206137,0.002921544942280608,7.60779657567751e-06,0.04181679483892975,0.0001022332740343158,0.36324535689217435,0.12798783983992473,0.09439455701938221
64,0.001927588969007833,0.017034641385353218,0.0032992377379374516,0.0014844267036187649,0.04204234285026526,0.000870299514981365,0.0008868639279420185,9.041583940239545e-06,0.1062303358847753,0.0013536075409548674,0.01004453560780533,0.00020827152785377436,4.424590435165187e-05,0.07170719736011441,0.0004833168959465203,0.0003748819666000038,0.07759554447224831,0.0015358544759482304,0.002712942384245166,7.567557846282891e-06,0.061375607866640036,7.600809052416991e-05,0.38834879312864895,0.13059221425547032,0.07975463240698041
65,0.001880947606782216,0.002652326030412313,0.0005138859987545344,0.003345237480026221,0.030658404814690742,0.0038360284982789147,0.0016029805469868295,8.017144711502055e-06,0.02309353541895285,0.00027807851391627744,0.013254328926851015,0.00010837555317600585,1.5235852141130253e-05,0.003351258543687433,0.0012010884377739544,0.00038886432905339396,0.09752913487222,0.0018901745346251518,0.009014036930759356,1.9037322536872547e-06,0.02968262488420894,3.55941827319207e-05,0.7249349329143044,0.03400089089890334,0.016722113353797766
66,0.006119371433972538,0.016561432760566104,0.009343737801017741,0.0015851285129435985,0.06586991168365695,0.0008437931037489822,0.001923236298616695,2.4780422461949988e-05,0.1642196482585474,0.0016455638719154622,0.020910625048730952,0.0003660657058661621,0.0001627328481294117,0.10663412285412802,0.0003647619084260647,0.000450861936240341,0.06157669679980592,0.003634601080410782,0.0025199226790501117,1.6339223431587302e-05,0.09808964456377438,0.0001373913591650391,0.22047899867058615,0.14962463318341068,0.0668959979913969
67,0.0004516481826713095,0.001223555098311902,0.00361165250763688,0.000369826686271497,0.008129327867642479,0.00016569486317609083,9.581685694671948e-05,1.1517088609122937e-06,0.0073746830094591105,0.00048270590367435447,0.0011883918039023679,1.0021939705796573e-05,6.946954439374673e-06,0.019312848375757967,2.3672611148072568e-05,8.053342477693057e-05,0.041939941520003736,0.0015252235011795603,0.00029579220221883344,4.279356516032727e-06,0.05908056907448421,1.7295569679931997e-06,0.7853002802993021,0.06104097063032173,0.008282736064624069
68,0.00024232083920551668,0.0022975155795100176,0.0028474475075119556,0.00039951638691372994,0.03213442218141028,0.0003961476139284408,0.00017546046681169282,6.156579058967714e-07,0.22666551380964658,0.000740530192966678,0.0012142295903627572,7.98813544918082e-05,5.6317573577661864e-06,0.09696163642050022,9.810511496078371e-05,5.417173868180991e-05,0.006088832813329431,0.0002801294888865721,8.50118154601383e-05,6.06036502073238e-06,0.006514357766098035,4.227834835342873e-06,0.3480247494493979,0.19290455720598013,0.08177892704882568
69,0.0018736521912453541,0.016376549837296972,0.0030914790243117244,0.001622506419770066,0.03953861160941928,0.0010639152126776952,0.0008292484431888209,9.793777651089918e-06,0.12690669631289378,0.0015379909695279461,0.009618728029196087,0.0002228269200610004,3.959799574627613e-05,0.072660574511289,0.0005720682860318541,0.00040036025033913164,0.06766389566478424,0.0014950917652138845,0.0025261339315173622,7.864379070481469e-06,0.04526749392947516,7.947501974111248e-05,0.393954254311209,0.12653639899031477,0.08610479221802794
70,0.002082218745128091,0.01921928288669718,0.003023094046387481,0.0017251525880093153,0.039263324092310634,0.0011190406514067796,0.0008336053041292335,1.0417011839519791e-05,0.12669745516231656,0.0016312425526788224,0.010475494756255465,0.00024215660416384454,4.324162129052239e-05,0.07095866657194662,0.0006545653392006374,0.00044428678924025194,0.07644406174165617,0.0014688155606496624,0.002858802519249773,7.744805448400327e-06,0.04428400611187168,9.61302412227682e-05,0.3774623733128907,0.12777083462050445,0.09118398636350557
71,0.0015141455331033342,0.016305865712362217,0.002873228717019177,0.0014557644166513111,0.044969134330670436,0.0009005017173306207,0.0008294286391442296,8.640955202964962e-06,0.14250014203007658,0.001466523761656974,0.00868922176524093,0.00020678690905266426,3.6598270837298055e-05,0.08255923144520004,0.000495467709493513,0.0003478953652211153,0.05756491436318472,0.0014000508601148154,0.0022415269304423935,8.102248087804451e-06,0.04621334237915884,7.092398569756018e-05,0.3701470270352748,0.13130751671516105,0.08588801820461463
72,0.0022519900296363513,0.02322130495173565,0.0026673077249898076,0.002910146990315513,0.02815885612731408,0.005242959348250879,0.0062733247720474505,2.9588997099776296e-05,0.2188134888392158,0.002714654623107502,0.009157229583960551,0.0004146425894920561,0.0001112879865237294,0.03243542036323439,0.0021937536489649184,0.002071308748699458,0.08907948257587543,0.0018975972918190706,0.014019934608326456,1.3780204716927192e-05,0.05169935682173215,0.00025555698697374984,0.3323480246591837,0.08397696905485592,0.08804203247192861
73,0.002744728472033086,0.01493029219045481,0.005465946958370865,0.0008957196428836428,0.03262961624718134,0.0006125154678842463,0.0005281147083896663,1.651069411466918e-05,0.0692597947211092,0.0016075643679718276,0.016559482995500172,0.0001585504583885925,3.950704536409178e-05,0.15812612217274707,0.0002100029990607122,0.00018048141035354798,0.07466173615725191,0.0034403576880047255,0.0016670657794815255,7.532126356530407e-06,0.12240349547813856,7.017947408863153e-05,0.3734147678002839,0.06484052334114569,0.05552939160344094
74,0.00069214601027361,0.0035159260402809105,0.0014196273621626422,0.0015374031899346757,0.040644300752206285,0.0007241569856497318,0.0004058276224958322,2.634530869228614e-06,0.057620799981630784,0.0005591409970576805,0.0030736640445152923,3.8946092756470036e-05,1.1484310422023593e-05,0.023902960361596434,0.00011424435633471258,8.952518728617964e-05,0.03214333538668398,0.0014163198043137919,0.0008350996773389243,3.974578295335662e-06,0.030584250865441403,1.0216958378412747e-05,0.7045113687428874,0.08193211838173829,0.014210527779450026
