,0,1,2,3,4,5,6,7,8,9,10,11,12,13,14,15,16,17,18,19,20,21,22,23,24
0,0.00028690917599234343,0.0005492323892211843,1.906028907864216e-05,0.0012590900441491217,0.0013152734352658904,0.698766270018273,9.610324702377808e-07,2.05721866184984e-08,0.0016072240759874446,3.294373986424789e-05,0.0012281747146154916,8.348333109059094e-07,7.585944369887923e-06,0.011142038182818836,9.499907787408405e-07,1.110281100141022e-05,0.2289994844321917,0.012216001382980015,0.00015779965784041633,5.8939145316574155e-05,0.0022522650348018192,8.85388931652732e-05,0.02244240261513429,0.0036827459536413545,0.013874151635544533
1,0.000962123163494545,0.001662655093338184,9.271314684979424e-05,0.007791602987921676,0.0008761393179756715,0.5923437692593476,5.00164278248028e-06,3.021666846869392e-08,0.001136715819568396,0.00032987534844001266,0.0009953337171386637,3.133709951588944e-06,5.303230374729461e-06,0.04555950698839171,4.785041345736897e-07,6.722202017611975e-06,0.1243671813332682,0.0394414308275231,8.181134925842824e-05,6.789099078709324e-05,0.0033037054249766403,8.80037913867881e-05,0.10790675922155052,0.004791204430338758,0.06818090828251464
2,0.0009165877153012695,0.0018096105224857742,5.815703339954438e-05,0.0066144338134131895,0.0017115506119070429,0.40608292454258604,6.053930188389298e-06,2.6829450603005802e-08,0.000812979754491889,0.00024594042745732897,0.0013004308131658788,3.086106318670987e-06,4.778856279265909e-06,0.08102931616453482,6.418965584036336e-07,4.1109452474717205e-06,0.17923273649231253,0.03793074803473637,4.726925967111396e-05,8.14960053274355e-05,0.0025252775358869557,8.861571071337227e-05,0.15519939172573538,0.002821444387121408,0.12147239088570992
3,0.000727001996702615,0.0014532664852224548,6.0454319088578044e-05,0.008931491893602712,0.0009231581995728743,0.45180652960084744,4.5239571924956e-06,2.497243670856947e-08,0.0006879513065411488,0.00024811202623203785,0.0012978407413040164,2.9982657503072644e-06,4.247728204716542e-06,0.07123476910736902,3.5481179721256063e-07,3.662655597846505e-06,0.17404790543484622,0.03863764746970852,4.996111339093234e-05,6.178656268964368e-05,0.0030383507424492067,9.374484772897128e-05,0.1634241285101126,0.003765760687158839,0.07949432656445282
4,0.000751674220299699,0.001467129956890956,5.9661748499394176e-05,0.00917909115932274,0.0009137456548291527,0.4239116417095885,4.610278107181362e-06,2.4205109767456074e-08,0.0007236314412109654,0.00023063154685275676,0.0012967851579328894,3.70338709567425e-06,5.421557308663488e-06,0.07576833900090929,3.501770049029003e-07,3.53063453814327e-06,0.19088087664661413,0.0386855189561758,5.154797193650613e-05,6.349597162201046e-05,0.003257396824700486,0.000101969312930233,0.16440994073429632,0.0038904103591854257,0.08433887138703852
5,0.0007521431891170068,0.0013460363107166634,5.604136350771218e-05,0.01212082696602759,0.000680805145987303,0.4062765628981313,4.026669178431724e-06,2.205300051090111e-08,0.0006335301732021423,0.00026584312956528063,0.0011859848891359445,3.4945928798744273e-06,4.39141054469593e-06,0.08050105865502703,2.761297477050129e-07,3.234496289449513e-06,0.18464618977658886,0.052860868365734975,4.018609453540668e-05,6.107287130560842e-05,0.0032278494531725733,0.00010416058231989897,0.16685660007460684,0.004046828839884248,0.08432196586979288
6,0.000727001996702615,0.0014532664852224548,6.0454319088578044e-05,0.008931491893602712,0.0009231581995728743,0.45180652960084744,4.5239571924956e-06,2.497243670856947e-08,0.0006879513065411488,0.00024811202623203785,0.0012978407413040164,2.9982657503072644e-06,4.247728204716542e-06,0.07123476910736902,3.5481179721256063e-07,3.662655597846505e-06,0.17404790543484622,0.03863764746970852,4.996111339093234e-05,6.178656268964368e-05,0.0030383507424492067,9.374484772897128e-05,0.1634241285101126,0.003765760687158839,0.07949432656445282
7,0.0025004660021917444,0.0016574319689348657,0.00020884551753549488,0.00615261941307168,0.0009949114003152623,0.5324873869920542,6.914347993858152e-06,3.046910933483578e-08,0.0006355980878072221,0.0003433112016580106,0.0012773747278454204,2.9601151123162304e-06,6.197519708731472e-06,0.04390810371449673,1.8771705864325687e-07,2.45191262485367e-06,0.11257285195500112,0.039926588119679175,9.209310379268721e-05,5.3717485601418974e-05,0.0019096907281003959,3.817630910801192e-05,0.17490272877752247,0.007407616778593345,0.0729117456350831
8,0.0009055403502908145,0.0020651906641604286,0.00010692513784936956,0.013851898284952978,0.0007920217444748286,0.3608832026156833,6.350802828444035e-06,2.437182441745862e-08,0.00037705072310563947,0.00039288736699938105,0.0010774444725776843,3.145847548438416e-06,3.068306993599981e-06,0.0896786026631314,1.3222540793863538e-07,2.0125105377084895e-06,0.08262310410698634,0.022273022475136336,3.3603788995747524e-05,6.256555690388155e-05,0.0018398776844890893,3.350052672800562e-05,0.3443415945941086,0.004346060925011537,0.07430117225327397
9,0.0005862776187744467,0.0018887577126384604,0.00010292190736183772,0.019326306691205736,0.0005446035657174852,0.4282043703553218,5.49703061098726e-06,2.050247280209889e-08,0.000600391697862423,0.0004511359425035759,0.0008560721583973254,4.214735234341163e-06,3.972665604197038e-06,0.07169714184095537,1.9719841410220637e-07,3.356191220501418e-06,0.09359610381375755,0.028068777485777848,3.3381499875636236e-05,7.434716141421261e-05,0.00392007182521104,5.974106663340556e-05,0.26731524214926833,0.004879285179716064,0.07777781200405057
10,0.000727001996702615,0.0014532664852224548,6.0454319088578044e-05,0.008931491893602712,0.0009231581995728743,0.45180652960084744,4.5239571924956e-06,2.497243670856947e-08,0.0006879513065411488,0.00024811202623203785,0.0012978407413040164,2.9982657503072644e-06,4.247728204716542e-06,0.07123476910736902,3.5481179721256063e-07,3.662655597846505e-06,0.17404790543484622,0.03863764746970852,4.996111339093234e-05,6.178656268964368e-05,0.0030383507424492067,9.374484772897128e-05,0.1634241285101126,0.003765760687158839,0.07949432656445282
11,0.0007480996233788558,0.0014552317553570852,6.21314096634243e-05,0.009052112699831681,0.0009457045418159511,0.4396379239201293,4.65299257912911e-06,2.5190639339617987e-08,0.000706107870775572,0.0002445326070351161,0.001300483629190383,3.3478586106143917e-06,5.1109403271194544e-06,0.0709702471620101,3.4910077648159157e-07,3.718637495779944e-06,0.18198507527283708,0.037895276798042485,5.1740313990241084e-05,6.64192830930264e-05,0.003127613005053093,9.451238276419834e-05,0.1676231921044364,0.004017720275781368,0.07999867062438618
12,0.0008032182798073505,0.0015416332034517226,9.944560099132931e-05,0.010566715606402278,0.0008833307953867736,0.5165476042528426,6.442663246740684e-06,4.229626099254274e-08,0.0009790190961302507,0.00026704010246729134,0.0019447889430486854,4.5471963602209085e-06,4.933107246500568e-06,0.053601522359374085,5.454206433231347e-07,5.83598024472756e-06,0.1302740979802044,0.035230907674880914,8.625704565087587e-05,6.274498258712437e-05,0.003572378330291981,0.00012199188374251458,0.17287368259228947,0.006237023149253505,0.06428425145719435
13,0.00029991262760978353,0.0009099019739439827,4.184391097115343e-05,0.01269890606622148,0.0007689481960407825,0.25510053271932526,5.256898872782406e-06,4.379629674643368e-08,0.00039746369751014385,0.00010406104838493349,0.004522279957302234,6.3029235085270616e-06,3.5244413191650534e-06,0.15617621005376542,3.3537349427617487e-07,2.2253861657580017e-06,0.1661975260273945,0.02399828681988387,3.426932597837193e-05,4.3392273215858406e-05,0.0029245060733868525,0.00015388473093304203,0.314333616114821,0.0034000289542304002,0.05787674060942355
14,0.0007660647981785501,0.00511972652877281,2.4803212203626415e-05,0.008794159652361262,0.0018841624413284725,0.3621572550492779,6.826109398958386e-06,2.8329120861723864e-08,0.0004929589380920096,0.0005479940704318557,0.0018506129242202045,2.0384656167876177e-06,1.6963955263536698e-06,0.15379900374965733,2.982461917222012e-07,3.307190558929098e-06,0.12484531796236137,0.0317984073936174,7.391826700627923e-05,7.331586627182291e-05,0.001671839367467713,7.80713029940471e-05,0.23801199634019982,0.0034938243904902543,0.06450237300865372
15,0.000727001996702615,0.0014532664852224548,6.0454319088578044e-05,0.008931491893602712,0.0009231581995728743,0.45180652960084744,4.5239571924956e-06,2.497243670856947e-08,0.0006879513065411488,0.00024811202623203785,0.0012978407413040164,2.9982657503072644e-06,4.247728204716542e-06,0.07123476910736902,3.5481179721256063e-07,3.662655597846505e-06,0.17404790543484622,0.03863764746970852,4.996111339093234e-05,6.178656268964368e-05,0.0030383507424492067,9.374484772897128e-05,0.1634241285101126,0.003765760687158839,0.07949432656445282
16,0.0005702632175139756,0.0017563246565054297,4.758131474093001e-05,0.011090045925053459,0.0007641554907703507,0.3459139980024337,6.3791389109174675e-06,3.2587359456110835e-08,0.000697243809656023,0.0004307989839426283,0.0011009334119139113,5.679475377614368e-06,4.6438265078682325e-06,0.09721478681988585,4.903033276098383e-07,4.931891478908745e-06,0.19844144334879024,0.049219306618973904,5.857735522198679e-05,7.248962673176602e-05,0.006394952552917766,0.00020261969491167084,0.17893540984840178,0.003197451795284768,0.10386946030338749
17,0.00035260919376046924,0.0009635444222198884,2.5724495808311697e-05,0.00964645142336812,0.0008171918109274861,0.2105386399227132,3.681675317909804e-06,2.1372570233570557e-08,0.00031340881001106435,0.00017613289839514226,0.0012592886548044265,3.604825783653019e-06,4.466863253884663e-06,0.1208020864484761,2.0959928632059133e-07,2.110586782647318e-06,0.2827550553802479,0.031076557994237117,2.2908791103309985e-05,6.822430193585513e-05,0.0029469283273546414,0.00012146964558352366,0.2532768006849794,0.0021523241765715336,0.08267055769450786
18,0.000608822922426666,0.0009046839039537261,2.9596150367375092e-05,0.006051009391234842,0.0008572092569872961,0.24140318409070263,3.609888623220624e-06,1.1545607649383824e-08,0.0003662995763382882,0.000218893449336685,0.000615370673448518,2.599163052979736e-06,4.590585176064903e-06,0.09287550647436417,2.3307806428955883e-07,1.7160386487438616e-06,0.3052365555045253,0.056374082677039264,1.842957105727753e-05,5.662111193480141e-05,0.0032361840058174125,9.270693906150301e-05,0.13526970189958468,0.0014635001115369383,0.1543088819911097
19,0.0007348886803543899,0.0019659282266881795,9.519252635381498e-05,0.015567305773264801,0.000937250513279842,0.3610765162870321,1.034083326423308e-05,4.127191464682885e-08,0.0010079309152074148,0.00035627936763686505,0.0014318683305826814,8.369924025543593e-06,6.418889620242268e-06,0.08719464658107338,5.451582819664979e-07,5.559727000555804e-06,0.16694224982898764,0.04050699179708021,5.7146365123553216e-05,7.235654530539792e-05,0.005364516511965848,0.00016828351526459645,0.20162539942547733,0.004107050029021435,0.11075692297619345
20,0.0005386984725508027,0.0013257293491914486,6.730108890578197e-05,0.011697574105737553,0.0007651901187506516,0.4117229358153638,6.2702783840450845e-06,5.920325644752314e-08,0.0008279303162221402,0.0002579044280620264,0.0020927605498151395,5.2056158487749145e-06,4.048788263568591e-06,0.08057521079482413,9.64815180238588e-07,6.028453714005344e-06,0.1905374874153504,0.04598387043868458,6.725816772742822e-05,6.121935403381474e-05,0.004394673651393527,0.00026301370112363586,0.16069321255508867,0.003368097180653701,0.08473735534187381
21,0.0008786154897448373,0.002297222841112724,7.272044050657449e-05,0.015292640558146898,0.0007880012346389103,0.4736118486156237,6.250111835873099e-06,4.306961100970026e-08,0.001143950950591124,0.0004064395892469427,0.001281286982365479,6.158326612197086e-06,5.215808330339301e-06,0.11991697227468288,4.1581248052260113e-07,8.095824807617538e-06,0.11749974916138688,0.05149107998864702,6.498994725120846e-05,7.877966267536266e-05,0.00399092296160538,0.00012390814853256935,0.13153549721336188,0.004501070793821562,0.0749981241923804
22,0.0008993424563093075,0.0008488922047073107,5.100108366139445e-05,0.006197685262096298,0.0007184848803430786,0.43521530128249686,2.4508358448815545e-06,2.0538699591663104e-08,0.0005247395715429652,0.000185080357088983,0.0011921986334448064,1.603122184622877e-06,3.3044242946741877e-06,0.053590452187764356,3.0565035323047353e-07,2.792262982185118e-06,0.2508479631114702,0.06771534481587092,3.8559354248093785e-05,4.853975476262386e-05,0.0023698669184662223,0.00010120191490538623,0.10248947766734273,0.0030315180467223564,0.07392387366239704
23,0.000727001996702615,0.0014532664852224548,6.0454319088578044e-05,0.008931491893602712,0.0009231581995728743,0.45180652960084744,4.5239571924956e-06,2.497243670856947e-08,0.0006879513065411488,0.00024811202623203785,0.0012978407413040164,2.9982657503072644e-06,4.247728204716542e-06,0.07123476910736902,3.5481179721256063e-07,3.662655597846505e-06,0.17404790543484622,0.03863764746970852,4.996111339093234e-05,6.178656268964368e-05,0.0030383507424492067,9.374484772897128e-05,0.1634241285101126,0.003765760687158839,0.07949432656445282
24,0.0007238424657595265,0.002013853112238642,4.392739313162278e-05,0.01211304810878574,0.0007884160816043605,0.39686554488342174,3.8035112808640383e-06,2.477974875383026e-08,0.0005715011499161469,0.0003046549897020122,0.001164932383548702,3.0727525347622505e-06,3.739813345066998e-06,0.11303598461291055,2.2809446768051067e-07,3.3736919139444356e-06,0.17337193064642797,0.04058551282932125,4.591508401896199e-05,7.0200932978419e-05,0.00254366615841161,8.931549833391964e-05,0.18249180741193927,0.0036286429688895815,0.06953306064536885
25,0.00035266097840925176,0.001197342268767494,4.0684449460804314e-05,0.015336244886531654,0.0007806335794751414,0.3495153445639377,5.264383792303949e-06,7.544601027378683e-08,0.0003945090471685983,0.00019158888138209315,0.004047758972286777,3.5705296470503146e-06,2.1509820134423597e-06,0.1671549801362782,2.657582436606006e-07,3.893498947766151e-06,0.13466039366147647,0.029147248503401342,4.577947137629144e-05,4.99195544709569e-05,0.002298375699652669,0.0001260964020049133,0.25591146702486633,0.003747817836163802,0.03498593348423494
26,0.0003401164780749823,0.0020014417459145897,4.568308637436803e-05,0.013191983527619959,0.0009426707119664266,0.3247873586423224,1.154729223633248e-05,6.625287998378034e-08,0.0007066626822953188,0.0003636464393566352,0.0015675662651004672,6.756484908291436e-06,2.6003977881904123e-06,0.18780338706128688,1.2674037821369162e-06,6.3375690738087784e-06,0.14091088378709407,0.03483016079381331,4.3011476549805414e-05,5.397367807722082e-05,0.004634717085193852,0.00023872638497924345,0.14564084374950884,0.001191590558963006,0.14067700044483988
27,0.0006149557886800443,0.0013254773382363589,5.3066221437444624e-05,0.009455188381393507,0.0007950257443481992,0.45098247020531174,4.1181630933247716e-06,3.073077647326421e-08,0.0007696273528004626,0.00022341011835708688,0.0015755317723804118,3.2556977043609806e-06,3.950828623445897e-06,0.07125516635058508,4.963133332340517e-07,4.425631465560341e-06,0.19161274351081084,0.042999222933348395,5.722549194529102e-05,5.804818519962568e-05,0.0033280495322138993,0.00015369771457267474,0.14928888901935178,0.003823614143562465,0.07161231283046816
28,0.000727001996702615,0.0014532664852224548,6.0454319088578044e-05,0.008931491893602712,0.0009231581995728743,0.45180652960084744,4.5239571924956e-06,2.497243670856947e-08,0.0006879513065411488,0.00024811202623203785,0.0012978407413040164,2.9982657503072644e-06,4.247728204716542e-06,0.07123476910736902,3.5481179721256063e-07,3.662655597846505e-06,0.17404790543484622,0.03863764746970852,4.996111339093234e-05,6.178656268964368e-05,0.0030383507424492067,9.374484772897128e-05,0.1634241285101126,0.003765760687158839,0.07949432656445282
29,0.000727001996702615,0.0014532664852224548,6.0454319088578044e-05,0.008931491893602712,0.0009231581995728743,0.45180652960084744,4.5239571924956e-06,2.497243670856947e-08,0.0006879513065411488,0.00024811202623203785,0.0012978407413040164,2.9982657503072644e-06,4.247728204716542e-06,0.07123476910736902,3.5481179721256063e-07,3.662655597846505e-06,0.17404790543484622,0.03863764746970852,4.996111339093234e-05,6.178656268964368e-05,0.0030383507424492067,9.374484772897128e-05,0.1634241285101126,0.003765760687158839,0.07949432656445282
30,0.000727001996702615,0.0014532664852224548,6.0454319088578044e-05,0.008931491893602712,0.0009231581995728743,0.45180652960084744,4.5239571924956e-06,2.497243670856947e-08,0.0006879513065411488,0.00024811202623203785,0.0012978407413040164,2.9982657503072644e-06,4.247728204716542e-06,0.07123476910736902,3.5481179721256063e-07,3.662655597846505e-06,0.17404790543484622,0.03863764746970852,4.996111339093234e-05,6.178656268964368e-05,0.0030383507424492067,9.374484772897128e-05,0.1634241285101126,0.003765760687158839,0.07949432656445282
31,0.0015960722388348163,0.0019635280880700963,0.00012089259482810537,0.009856442172827959,0.000891406696544877,0.42603702097031176,6.5900392578007545e-06,4.6690972346297114e-08,0.0005307244981383121,0.0004524026361409969,0.001193973703136863,2.8358839868046893e-06,3.8000524781772705e-06,0.07670859425676696,2.3650832371480856e-07,2.828846608683681e-06,0.14879118905805333,0.05144401616961163,6.608446991158942e-05,6.19747445936422e-05,0.002468836275261296,6.737774573937162e-05,0.19309175096329334,0.004083000575452005,0.08055837412085538
32,0.0007898066257457635,0.001540742709867446,6.141718786469752e-05,0.008235303461882556,0.0009029023243285188,0.4696576726078082,4.4605660005884275e-06,2.610190979234813e-08,0.0007209008819809201,0.0002510166878601444,0.0013314967545253536,3.041124711199869e-06,4.380509647456634e-06,0.06686981458066206,3.710206967852549e-07,3.7174263235833e-06,0.1727808945253836,0.038535548107217016,6.225906233259018e-05,5.9550564283622315e-05,0.0030500317728751397,9.904919226227165e-05,0.1563023317800282,0.00411032447645944,0.07462293994734305
33,0.0006180494336863514,0.0013386021482631133,5.116531265312082e-05,0.009060964900795707,0.0008582030891099739,0.43912217129746567,4.019114459271731e-06,2.5907607262848515e-08,0.0005899418969172949,0.0002426451337884854,0.0013519863075243633,2.7786106441563513e-06,4.143243822298249e-06,0.07584780011817255,3.0238785395737306e-07,3.637398661321186e-06,0.18587808013658574,0.03621189280156831,4.922125812649516e-05,6.272432481965639e-05,0.00290343418504031,9.723154531523793e-05,0.17446695184549826,0.0037929418864971047,0.06744108571512387
34,0.006076508263134707,0.0036888497559365305,0.00017536087015553378,0.002852255721314163,0.0012018794991866294,0.7018688627593859,4.750246671759812e-06,3.0787619965037017e-08,0.003904070861782152,0.00010003063244467844,0.001710011942529795,4.713611490214861e-06,8.82552090672386e-06,0.02520500215287186,6.131997879653975e-07,3.3254779528613434e-06,0.10443760569639748,0.047181616907665376,0.0005111329525597025,2.5515550595500666e-05,0.002186408105002755,7.924876090725724e-05,0.03868344919517243,0.010469051406212881,0.04962088012231525
35,0.004952861126881477,0.0017770244853635188,0.000154570871633518,0.011369201624892078,0.0006456569098760667,0.31979486018349745,8.132371292889932e-06,4.79718164421739e-08,0.0016412826607159967,0.00040035213053245966,0.0007705682580373087,5.844382162458621e-06,5.742492272139096e-06,0.05079208104286522,2.6089657031631753e-07,3.540287203929766e-06,0.17386296353777023,0.255768002707773,7.471706358872551e-05,3.748157494506355e-05,0.004236136327610669,0.0001400251936754648,0.05702223659569046,0.004891315358059283,0.11164509394527378
36,0.001003049883863044,0.0016850310591069156,7.198197675308918e-05,0.011408177003908941,0.0008975184868557847,0.3274780758862853,8.353381564000883e-06,8.384906521417127e-08,0.0010743586361998195,0.00024305005467747414,0.001898975786589667,1.160973958696138e-05,9.875287816425642e-06,0.11389967131516548,8.252321065126285e-07,8.31501468407305e-06,0.2588303015660495,0.05231763583663487,0.00010410925750747518,7.451995068382166e-05,0.003941364182212547,0.0002935606284304116,0.11983822830299945,0.003523260558576131,0.10137806712267702
37,0.0017242644872881622,0.001795640980131027,0.00010217383816927108,0.011344627567346185,0.0007929154106744461,0.39138703493701676,5.430821115224752e-06,2.0457066331248685e-08,0.0006289700298603338,0.0004062171368260171,0.0011509564828700743,3.2845276215926742e-06,4.796120449553461e-06,0.055212140779595874,1.532784779411149e-07,2.436553442686596e-06,0.15642856598272473,0.06396448621185233,5.652828718195517e-05,6.448062365611505e-05,0.00282585625919553,7.086744452080582e-05,0.22498757865751545,0.008087808332314315,0.07895276479308742
38,0.00041587769723763795,0.0012132387614386668,3.749168527290162e-05,0.013409602290157127,0.0006827426628971474,0.2806281161364248,3.4385269816995515e-06,2.6125956014649853e-08,0.00047889533757896523,0.00020465654011400493,0.001380715545887147,3.638345785624207e-06,4.089627236985557e-06,0.09601156517263525,2.425562113929236e-07,2.808706902066828e-06,0.2643906792819301,0.03893514420964638,3.160744253260734e-05,7.41368460249098e-05,0.0038113121396157732,0.00013922963281794805,0.22453706605458643,0.0030776663894077345,0.07052601228472075
39,0.0003558402781184347,0.00035047772306230613,6.423038151431827e-05,0.004782431682493326,0.00041602606897256144,0.6316067584592737,2.1503497833868097e-06,2.4437505675160368e-08,0.00044148546460917576,0.00016818298216149822,0.0007180497152213751,1.3664422697427268e-06,4.966919853239039e-06,0.021506069488852027,2.8876096067075844e-07,4.278107151399301e-06,0.18491034400522172,0.029452076788127408,4.716867719979885e-05,4.20565135010467e-05,0.003871873960695698,7.093216859323039e-05,0.07845070256860238,0.002992559335766631,0.03973965872048912
40,0.0010937128263599181,0.0020968051821736223,0.00011444497801579647,0.007007108700731274,0.0011866661176604607,0.45904780773121695,8.57883300521499e-06,2.694609084957829e-08,0.001116783351214114,0.0002230743644611431,0.0013773802732609671,5.645602043382118e-06,5.3268227666620445e-06,0.07941013577480954,7.605386427698143e-07,3.23320461333291e-06,0.1241129401948598,0.03244472647264793,6.415095079852403e-05,4.592127229369653e-05,0.0031625116476372943,0.00010136627890190524,0.1406462680205477,0.0030028626867912617,0.14372176122845584
41,0.002003493810990255,0.0019272025064437333,0.0001354495487259518,0.005185638221572764,0.004514876234185089,0.5945055951985059,9.009442139363815e-06,2.5411093556961318e-08,0.0027541852670522064,0.0001239833115787672,0.0012894231089822358,2.8632966931520064e-06,8.576017863921617e-06,0.03785991806004769,1.1770063379462954e-06,8.964351563746172e-06,0.11682378969823126,0.033522307214653345,4.182824822083953e-05,7.958052415642945e-05,0.0016989228022481408,3.8791052082546096e-05,0.06745826652944717,0.0034146136164798467,0.12659151952070402
42,0.0004081619994129541,0.0009131767850055665,6.38222365892e-05,0.010696102273120634,0.00037960766447823655,0.5298564055213795,3.7154748361165285e-06,6.545263093401044e-08,0.0007492266320534825,0.0003105366946296238,0.0015043806478059428,4.632364935410238e-06,5.680973646267212e-06,0.041475565170741635,6.493682531079278e-07,9.936175026572799e-06,0.19596902590483803,0.03838042054238894,0.0001320656989801823,6.598292328218601e-05,0.00557123518181144,0.0002870635215799022,0.12690863477522643,0.0055330116927976205,0.0407708943245501
43,0.0002668813729833021,0.0007951127115139264,3.4805266157168614e-05,0.00652595682896588,0.00041480556416738194,0.5423071624321087,2.3465900259079573e-06,2.2042012638342184e-08,0.0003464931877551541,0.0005713171793053763,0.0005471494459380192,1.1697948744276805e-06,2.7673884004756766e-06,0.043419082067707886,2.3833739795351739e-07,4.539275939425352e-06,0.17475564454044212,0.037088984550039915,4.7749132815412795e-05,7.07116605004609e-05,0.004955626657683843,0.00011022082077506815,0.14112720873725906,0.002875535285215177,0.04372846913001514
44,0.000727001996702615,0.0014532664852224548,6.0454319088578044e-05,0.008931491893602712,0.0009231581995728743,0.45180652960084744,4.5239571924956e-06,2.497243670856947e-08,0.0006879513065411488,0.00024811202623203785,0.0012978407413040164,2.9982657503072644e-06,4.247728204716542e-06,0.07123476910736902,3.5481179721256063e-07,3.662655597846505e-06,0.17404790543484622,0.03863764746970852,4.996111339093234e-05,6.178656268964368e-05,0.0030383507424492067,9.374484772897128e-05,0.1634241285101126,0.003765760687158839,0.07949432656445282
45,0.000653594642470879,0.0009301694202917055,0.0001006966293820568,0.008789442233407496,0.0009167581700444871,0.6343384112464779,6.4535122629184005e-06,7.563058379106091e-08,0.0010186131922342936,0.000198053433142501,0.0025555671971888285,3.347333454990795e-06,4.197831402511029e-06,0.04392346388532157,1.2136990952931235e-06,1.0967192940033711e-05,0.11467932703310037,0.03601936821957118,8.34462296006971e-05,5.421790046137251e-05,0.00231275938194378,0.00013831012762466268,0.09467751239395258,0.0045110235180749626,0.05407300994596915
46,0.0002999237766415357,0.0005749946791870614,2.871447439884689e-05,0.007808991383314474,0.00043147169178979554,0.3623176257781048,1.5367630417647089e-06,1.6816582773477993e-08,0.0002957249729518359,0.00013282849423410634,0.0010574773332194959,1.762401549094376e-06,4.434412952828576e-06,0.050242543507276846,1.888058609515345e-07,2.446439931817321e-06,0.3372266515689085,0.028244072021087058,3.3455763605199245e-05,5.6357768281852826e-05,0.002796822666728243,0.00011473268611837777,0.1596741657302773,0.0030367341957614935,0.0456163258681938
47,0.0014141309333294784,0.0015732301570337767,7.714756852757362e-05,0.007498010745734658,0.000909307587093789,0.37272337585472387,5.507991307020793e-06,2.0785238762843653e-08,0.0011900437822087292,0.0002844620880383683,0.0007753017560804229,6.5887431383432225e-06,1.1750770261546626e-05,0.04631157748818795,4.903362337395475e-07,6.083174530746993e-06,0.26488370959711943,0.05673500436086599,8.02038684116798e-05,7.914462448776323e-05,0.005060936092605321,0.00016329157959208337,0.10988587629620092,0.00500739179191201,0.12531741202713612
48,0.000611199894517307,0.0018940851811165694,3.9177425765832734e-05,0.006610666322541601,0.0006519382790065206,0.512244016883274,2.9280378703682523e-06,2.3300930065792175e-08,0.0004615960451760129,0.00028501597726315154,0.0013327807496917763,1.8704421672619395e-06,3.108934469279683e-06,0.06174123827118177,1.93128801648036e-07,2.767644662715009e-06,0.16512191624352157,0.024695451338124532,0.00011081793345381872,4.8802096035361315e-05,0.0022333662579589737,8.701433027212275e-05,0.17896264239532603,0.0051648669627338715,0.03769251592413778
49,0.0006260565183479912,0.0012643815496677629,7.259247102594499e-05,0.010945296981030826,0.0006468756088837546,0.4402387916139294,4.318415125633527e-06,2.3189202475501776e-08,0.0006231409639447396,0.0002642224647269795,0.0011934972304427467,3.6912711176318216e-06,4.582531369434596e-06,0.07040135356529621,3.1592194604489397e-07,3.243065021597054e-06,0.1573768590869862,0.037374361343369265,4.323959077571359e-05,5.961100820643684e-05,0.003490001404695649,9.932162843615447e-05,0.1891965012583237,0.004027288164422504,0.08204043315370521
50,0.0008347013354955302,0.001914872233655765,7.498506238241111e-05,0.00784320012385036,0.0012264773506145455,0.2788473205697479,1.6103420207359256e-05,5.172959946666367e-08,0.0003419342432550734,0.0007131308500804121,0.0010913720354908032,4.760437811397874e-06,3.6900457233792223e-06,0.13015634371060134,3.850192451922959e-07,3.1033167018290525e-06,0.13189696061784353,0.034943392861924445,5.134067582723691e-05,6.170559458184404e-05,0.002929493333687011,9.416158295636452e-05,0.2600308385396131,0.002056275057828474,0.14486340025127525
51,0.0011954221495571891,0.007736359948174538,6.000629566714455e-05,0.02975831855987572,0.0003776433123494619,0.2869574700071583,5.1797391054809195e-06,5.3865319894075885e-08,0.0009531306055467828,0.00041554122684425894,0.0016614240133917026,7.408079531043381e-06,1.5907997239195462e-06,0.22457527122651416,4.01876864250159e-07,2.3600784266654337e-06,0.13646652930278935,0.06377061589292743,9.878537597721557e-05,4.226352651710858e-05,0.0030671771953347964,0.00028931469826001496,0.16030013883149502,0.003211362585053604,0.07904623080759485
52,0.0007249039741321947,0.0007259168389188771,4.607046732948687e-05,0.00499414519770589,0.0007163305046327089,0.5863888640415826,2.447139584911931e-06,2.2187788449097274e-08,0.0005980945467006866,0.00018660992747246899,0.0011821300892933004,1.2223555933736052e-06,2.5925984917937513e-06,0.05743452130538522,4.1095271378333597e-07,3.7188001448640036e-06,0.14296388543177402,0.06265055835209148,3.77714901087438e-05,4.0390026946191715e-05,0.0016348721366904859,7.643366019350912e-05,0.07294569792937759,0.0025630552673854153,0.06407933477796193
53,0.0005032104557650194,0.0015308153317137962,8.758684982149038e-05,0.012044572044880134,0.001992901563326566,0.29546670630255345,2.2070865172398466e-05,5.111497510077253e-08,0.000752752090588123,0.0003314914551380743,0.002353585186622692,7.750349877591368e-06,4.80318517982119e-06,0.09418391918799422,7.91085306241563e-07,5.395498503483922e-06,0.10998491381789743,0.025659117272256927,3.761235346526364e-05,7.164270562659916e-05,0.003956552769878551,0.0001171158227145197,0.31640349516071803,0.0033818628921561565,0.13109928463786819
54,0.0012873736892649494,0.0036574468417278788,6.57217016441639e-05,0.007972933359270856,0.0011525794755624793,0.3830406132499495,6.859501766893517e-06,1.787331734584148e-08,0.0008995314665367968,0.0003778232953339438,0.0007222447320956114,4.251474422919424e-06,3.342641325452322e-06,0.11568286641401669,6.580056518833761e-07,3.271306673373664e-06,0.11481615137003683,0.038088789363705855,4.692235582334687e-05,5.570784635641207e-05,0.0022659421306229954,8.427856407699722e-05,0.12738476307489371,0.001895015834470433,0.20048489443145268
55,0.0025739374240692035,0.0022820536315573867,0.00015986149798616535,0.015784247529706957,0.0009751324449033679,0.45223957583229507,1.0049238899070961e-05,2.495924293427996e-08,0.00455225068269298,0.00020454480717271013,0.0010134031592651561,1.8988230354096856e-05,2.018702448458874e-05,0.050191434381412305,5.94120238013073e-07,7.451209869091833e-06,0.14053496888999453,0.09406105625466873,8.694203587721465e-05,6.140121522979578e-05,0.006608578331567188,0.00014301246743035585,0.07508453571796832,0.008867250243617793,0.14451851866949691
56,0.0007498435571750949,0.0014504925898602646,6.26869949588358e-05,0.009002857441947693,0.0009190888896495837,0.44123423306190074,4.712020415170094e-06,2.538661395619668e-08,0.0007118770727517658,0.0002410884249465281,0.0013154304162168728,3.472857944783705e-06,5.064043456828557e-06,0.07167105033532385,3.5992552572539186e-07,3.655708770432085e-06,0.18008390672254063,0.03784345889665868,5.3216208416818024e-05,6.352726497372538e-05,0.003167556965040712,9.76612677458582e-05,0.165843670744894,0.003975095976804488,0.08149596722546677
57,0.0007829009542136931,0.0016255713912221759,6.259620420159566e-05,0.009807158339326431,0.0008579632338314833,0.34167316834228273,5.675849744504365e-06,3.050965816366945e-08,0.0008437896125563163,0.00029319549261595215,0.0010483891254034158,6.825636617795459e-06,1.0017829776320882e-05,0.06939797840282254,4.2218917240442304e-07,5.194632978488399e-06,0.25935929280801473,0.03888087754168973,7.386336047595302e-05,9.247799760752719e-05,0.004605177256583924,0.00016423131143419154,0.16867666788171973,0.0043186335492654115,0.09740790054678486
58,0.0008456722762060582,0.0014654509149695794,6.878164962977268e-05,0.009204943346943587,0.0009006803624186018,0.4724792910426005,4.629925944699745e-06,2.4773077651320834e-08,0.0007741985970811213,0.00022925958278201597,0.0014813500035817668,3.5894034017393677e-06,5.241409424411301e-06,0.06278350276259011,3.0943994212513244e-07,3.6887209253980355e-06,0.15865484133570631,0.03708276379856565,6.27391397285672e-05,6.06201091834566e-05,0.0030562383605519374,8.894004205691093e-05,0.1763524591957322,0.005539398949330621,0.0688513848576251
59,0.0007860570125021926,0.0014039960331280789,7.731225040071748e-05,0.009486670259043572,0.0008728488895007544,0.488880207344327,4.592862570741387e-06,2.493235425418189e-08,0.0007650351721118157,0.00024247198298899285,0.0014447582416848117,3.2335875423147627e-06,4.7060755924717145e-06,0.05589512111037327,3.2627662045005465e-07,3.861559010658054e-06,0.14806813385306813,0.03532922047390467,5.8013587914396794e-05,6.33384470678385e-05,0.0031696772642856616,8.594658498465954e-05,0.1811532205169269,0.005551698200231778,0.0666495274818638
60,0.000727001996702615,0.0014532664852224548,6.0454319088578044e-05,0.008931491893602712,0.0009231581995728743,0.45180652960084744,4.5239571924956e-06,2.497243670856947e-08,0.0006879513065411488,0.00024811202623203785,0.0012978407413040164,2.9982657503072644e-06,4.247728204716542e-06,0.07123476910736902,3.5481179721256063e-07,3.662655597846505e-06,0.17404790543484622,0.03863764746970852,4.996111339093234e-05,6.178656268964368e-05,0.0030383507424492067,9.374484772897128e-05,0.1634241285101126,0.003765760687158839,0.07949432656445282
61,0.0008163954872028494,0.0014368556610664385,7.646540999453825e-05,0.009329206927578479,0.0009074212553839135,0.4759416974027413,4.820679957733765e-06,2.542894521585777e-08,0.000758730877821462,0.0002472075764046688,0.0014359085457307092,3.349332964221062e-06,4.948148474283897e-06,0.05842696947137852,3.346678982404682e-07,3.7481778296728426e-06,0.15384340970392815,0.03685360524344683,5.800099171350253e-05,6.354963498304878e-05,0.003168737936250246,8.785436569155323e-05,0.18030914233831,0.00533420905041742,0.07088740568388693
62,0.000727001996702615,0.0014532664852224548,6.0454319088578044e-05,0.008931491893602712,0.0009231581995728743,0.45180652960084744,4.5239571924956e-06,2.497243670856947e-08,0.0006879513065411488,0.00024811202623203785,0.0012978407413040164,2.9982657503072644e-06,4.247728204716542e-06,0.07123476910736902,3.5481179721256063e-07,3.662655597846505e-06,0.17404790543484622,0.03863764746970852,4.996111339093234e-05,6.178656268964368e-05,0.0030383507424492067,9.374484772897128e-05,0.1634241285101126,0.003765760687158839,0.07949432656445282
63,0.0007795492066823443,0.0018358867435426794,5.983620554995439e-05,0.008983940633151577,0.0009574680061914578,0.4414856640438686,4.534734719977777e-06,2.379251043784478e-08,0.0007032348196380672,0.0002704244202085561,0.0012445913155370494,3.0367418816943246e-06,4.086036045226768e-06,0.07426742193597824,3.6015905149129146e-07,3.4595747105493964e-06,0.17198381741334257,0.03631447691250842,5.513554806068319e-05,6.446577308644465e-05,0.0030249089421948054,9.414099053982797e-05,0.17243538829571348,0.0037746978446536457,0.08164944991063218
64,0.0005929393551683079,0.0014023183548692632,5.792198267732469e-05,0.00937503167154284,0.000803351471216509,0.4349377583256116,4.396176898375825e-06,2.253986016683058e-08,0.000670973141660549,0.0002711896218825518,0.0010973973816212341,3.354330208409746e-06,4.638736731076553e-06,0.070249408821766,3.442301920046882e-07,3.5226647956057506e-06,0.17909681229174565,0.036798225649592634,4.7222120546921074e-05,6.51831489611766e-05,0.0041615242799412635,0.00010402582828357291,0.1747241601443692,0.0036415821035969656,0.08188669562626111
65,0.00013608773853099812,0.001020155972424034,5.175971690950997e-05,0.011628031374879744,0.0003779212407075891,0.25615132124049755,7.497274134186783e-06,3.932091580051497e-08,6.679889412811189e-05,0.0014741335041189429,0.00042304713576185143,1.2706259575304448e-06,7.954250106666254e-07,0.1310783987947217,1.8919600355430665e-07,1.6220141091828815e-06,0.07996772713456954,0.016606773297761553,1.2384395015621057e-05,7.009076287896546e-05,0.003949859941136049,4.793454266124872e-05,0.4027975784580156,0.0006765867041503362,0.09345199529500017
66,0.0008119002203728487,0.0005977299233388989,8.582283786596998e-05,0.002802117501011121,0.0012586062245390284,0.5907101974567684,2.56840269339391e-06,8.138935111800916e-09,0.0004861349089379491,0.00021010608472248594,0.0006780293597137791,7.891805241526789e-07,5.726414654790981e-06,0.013055120958757646,1.747848153905337e-07,2.5430150275411266e-06,0.15987557143760972,0.025001697921849593,3.890581378306538e-05,7.4920859674815e-05,0.0027898488941765494,2.535845368645015e-05,0.1432519161227408,0.006303859350330602,0.05193034573347002
67,0.0024297165291904785,0.004850994027576343,0.00012696580223264863,0.009534777946411405,0.002046561351512347,0.3908781549135529,1.6058791008939215e-05,5.795240102933971e-08,0.002206714259234378,0.0003606917811848528,0.002080886263565419,8.232180900748803e-06,4.8842176041460425e-06,0.07619172816677887,1.2035793576659242e-06,6.243565906608324e-06,0.1613425564760019,0.06208489463271261,0.0001455819286023612,6.118051847754906e-05,0.0039758197654968675,0.0002072458443620546,0.13092477244934525,0.0048043347268842485,0.14570974232969858
68,0.0006310119093245012,0.001478948581831927,4.3571469646757234e-05,0.006508870249654186,0.0012778216362423675,0.46144640789743946,4.6627939835010195e-06,2.5462517589248878e-08,0.0006863009593115983,0.0002107760806984925,0.0014965477617799364,2.585808836505772e-06,4.252186480571318e-06,0.0726719803772856,5.709766650530273e-07,4.2968506024040555e-06,0.1904599010244617,0.032384340354607494,5.617670714543989e-05,6.448749005850987e-05,0.002357809119288947,0.00010170456154974842,0.1404315901349213,0.003047991393712002,0.08462736821195431
69,0.00022549122040074624,0.001017937915794994,6.464172570531335e-05,0.012653887050450072,0.0006539881255158281,0.408979753241124,4.4902448505210494e-06,3.5615164906661854e-08,0.00034328857006639326,0.00020101666083442054,0.0027965868584646364,2.617865857614547e-06,2.2009540243023817e-06,0.04728438162802773,2.2286463145409578e-07,3.3628085119766106e-06,0.06445960092547479,0.010200603550842385,4.827926093950166e-05,5.911945986597888e-05,0.0030777348871801136,5.547730101610788e-05,0.4166339439451065,0.007685254209698328,0.023546083110451338
70,0.0014959894155862424,0.001102615686583513,0.00012432574344622366,0.01380045939173465,0.0011171854850909554,0.30599574028212567,7.204367252714741e-06,5.637282748609948e-08,0.0007516333505036378,0.0002834871692890608,0.0008300596560368152,4.116947128541208e-06,6.367874567750854e-06,0.12095550778928306,4.988387274014054e-07,6.325312685175184e-06,0.21069378308398443,0.08508058396842941,1.618334683507263e-05,9.78416539591773e-05,0.001718539251281281,7.931506208469669e-05,0.08117737051240097,0.0013931780176602636,0.17326163142049597
71,0.0007226546918196265,0.0016521036673387652,5.702966366338094e-05,0.009227685893371121,0.0011000171424892283,0.419394674847722,4.857962999332777e-06,2.4226551747087885e-08,0.0006890470953822029,0.0002750628487720271,0.0012106810947129904,3.106810807700526e-06,4.618092268407484e-06,0.07547861284694203,3.4833110876558966e-07,3.903920576432399e-06,0.1768157088034435,0.03553619010161001,4.680005538727169e-05,7.764715593805478e-05,0.0030712412405539493,8.645958745869705e-05,0.18612061057698673,0.003783415599905487,0.08463749774219066
72,0.0008738511517621522,0.0008885681951257414,0.00010849243566315395,0.00968891257899434,0.0006713121262319026,0.6088062686021012,5.579108212440711e-06,4.2529870080757725e-08,0.001191680156427418,0.0002091380005534575,0.0014027436393975895,4.078401254458525e-06,6.138835056414892e-06,0.05096545194605364,4.1888758830854276e-07,6.495948765204779e-06,0.12684571282957172,0.06048903490334176,6.145903969350418e-05,4.3620260966815634e-05,0.004254961430715923,0.00010006905775276308,0.07228244119558222,0.004747709383799907,0.05634581935551781
73,0.0007607246554738184,0.0016765815153766555,6.1008840122075365e-05,0.01024938527715083,0.0008547076690023261,0.49875534755490925,4.164231217667663e-06,2.494641248486901e-08,0.0007559759031368099,0.0002531351650085381,0.0012325652995201963,2.7088898832020972e-06,3.584830410225461e-06,0.08047022690442424,2.8495875157758033e-07,3.673690613199576e-06,0.1444578950896313,0.039349846266716136,4.811986074049295e-05,5.6549651891784745e-05,0.0027444468890604045,7.683607614677238e-05,0.1464531383241354,0.0037668340357256184,0.06796223347453902
