,0,1,2,3,4,5,6,7,8,9,10,11,12,13,14,15,16,17,18,19,20,21,22,23,24
0,1.4808154057453087e-07,2.4462269666577876e-09,1.554776946273384e-08,0.002885273234642655,3.592270696146093e-05,0.0017442525262394305,1.0018020163159152e-05,1.6374645389951915e-07,1.480226776823243e-11,1.4443695393997282e-06,4.294342862827045e-05,1.1020227981829876e-05,1.9446946889689343e-08,7.965167506720416e-05,9.420376569337914e-09,0.006782052967013756,1.2719700005701027e-09,3.0898400055691355e-05,9.255501120112936e-08,7.648123789123507e-06,1.3649054109404057e-05,2.3003743318636913e-09,0.9883546419473788,1.1279270829187711e-08,1.1720768670652255e-07
1,2.455771099150727e-07,3.6491890046655877e-09,4.20418737656708e-08,0.0033823170086142553,6.61831229372159e-05,0.004510434396827749,2.183508309271949e-05,3.452235227145858e-07,6.350703501991181e-11,3.4995248087805086e-06,7.702974420431242e-05,1.858364924190252e-05,3.41651249255846e-08,0.00012072201771150698,2.2838161348297805e-08,0.022826509940507854,1.526903077814655e-09,3.1536499355731445e-05,2.808036491072449e-07,1.845453257821192e-05,2.1845705915592218e-05,3.920138360606114e-09,0.9688998799248845,1.595646575841331e-08,1.7308367463643276e-07
2,1.5708332406984977e-07,2.12173376859083e-09,1.2925072028173025e-08,0.0017767048826988008,2.721101874265702e-05,0.0016807956987960242,1.0286822270647187e-05,1.6040094604213645e-07,1.4989091927224185e-11,1.1984256982826922e-06,3.427552607850817e-05,9.96172512956896e-06,1.9753935044962794e-08,6.276124144828607e-05,1.2784559059849824e-08,0.008910386605391899,1.3175961352751653e-09,2.1393855104657438e-05,9.616233704230455e-08,8.784253461064878e-06,9.189677439533175e-06,3.012285455238551e-09,0.9874464881532389,1.0194501116213406e-08,8.63432220572005e-08
3,1.8415630327616028e-07,2.8155981243123957e-09,2.3923413190464564e-08,0.003046328639132753,4.73583930666963e-05,0.0025394781427555595,1.3519861766431254e-05,2.0543604088959474e-07,2.3494215764202714e-11,1.7657818706032507e-06,6.10478553623105e-05,1.4231037218453176e-05,2.867664148244473e-08,8.936478052401316e-05,1.1838616197428348e-08,0.009336270456380132,1.3867438372212396e-09,3.521975455206929e-05,1.1673128128522617e-07,1.1326859480098648e-05,1.3677295587549925e-05,2.6444098381075643e-09,0.9847897032558324,1.4433834052177225e-08,1.158200943020377e-07
4,1.9191447419042326e-07,3.4457976730475335e-09,2.8575888200786498e-08,0.0032744109390576066,5.721602102744553e-05,0.002736626139981762,1.5033332977529115e-05,1.9688803740086823e-07,2.6100223059431607e-11,1.9149080133767965e-06,6.4458985214527e-05,1.5045669805186107e-05,4.09076784645197e-08,0.00011092273571949536,1.2329575806576386e-08,0.009091083334172499,1.4292423861890133e-09,3.661946178107068e-05,1.1856900641415754e-07,1.1855660112075067e-05,1.2857528005067026e-05,2.7093431619094804e-09,0.9845712291525003,1.6522204326295673e-08,1.1281428392908138e-07
5,1.4477188741377383e-07,2.6373547735598815e-09,1.9443600547827148e-08,0.003427798169386434,4.254564406367981e-05,0.0020574410936803995,1.160090870309492e-05,1.8635909626743955e-07,1.6217157332909924e-11,1.625620138740791e-06,5.5702166369876923e-05,1.178058574858532e-05,2.59617965811029e-08,7.956669757085818e-05,8.291182646576401e-09,0.006769299070667301,1.2509802777657082e-09,4.025731050877538e-05,8.346943121840383e-08,1.0251572175879312e-05,1.3269612813535061e-05,2.175147610376129e-09,0.9874782718375283,1.4291082349883226e-08,1.010428675249968e-07
6,1.8415630327616028e-07,2.8155981243123957e-09,2.3923413190464564e-08,0.003046328639132753,4.73583930666963e-05,0.0025394781427555595,1.3519861766431254e-05,2.0543604088959474e-07,2.3494215764202714e-11,1.7657818706032507e-06,6.10478553623105e-05,1.4231037218453176e-05,2.867664148244473e-08,8.936478052401316e-05,1.1838616197428348e-08,0.009336270456380132,1.3867438372212396e-09,3.521975455206929e-05,1.1673128128522617e-07,1.1326859480098648e-05,1.3677295587549925e-05,2.6444098381075643e-09,0.9847897032558324,1.4433834052177225e-08,1.158200943020377e-07
7,3.8005876487144443e-07,9.056352040022733e-09,8.440651507134965e-08,0.006658291835669009,6.661866196651705e-05,0.0038197506088663495,4.3153074702174844e-05,3.63996663054562e-07,7.694853305271006e-11,2.913652002092497e-06,0.00018362168641278723,2.3517806846284966e-05,1.6775124661752143e-07,0.00015398105281004863,1.5479243266081915e-08,0.008650113276938645,2.0690553524512712e-09,8.331563538680061e-05,1.3543940702459015e-07,4.122275598983306e-05,1.1514492555317037e-05,3.3390805728163443e-09,0.980260597291794,4.539311248880361e-08,1.8110167106604356e-07
8,1.469797777957819e-07,2.8231479149006035e-09,2.6617048329101005e-08,0.003915534418314154,3.855377994695309e-05,0.0009230074864381796,1.2750737850275002e-05,2.1919126002378877e-07,1.4777960781434023e-11,1.689065169997918e-06,2.608801767900763e-05,8.040507804986053e-06,2.9310253646662592e-08,7.904274549633276e-05,8.867026192871231e-09,0.007715412698554071,1.4396388808894909e-09,1.7993951334200658e-05,7.442893860999726e-08,9.228017302214066e-06,9.924707168575812e-06,1.3961870489469153e-09,0.9872420541621473,2.1455907073430312e-08,1.4718083029159204e-07
9,2.2826460689606055e-07,6.640446770765129e-09,9.28971210782467e-08,0.008630669176083912,8.426972482867187e-05,0.0014812849188880833,2.5869568586872357e-05,4.3880923020533223e-07,4.6882400654748435e-11,3.027358955102062e-06,6.303394789798075e-05,1.4944357317271054e-05,1.0318827240927545e-07,0.0001420730889601201,1.2381092689690046e-08,0.008498551997111943,2.21977429971989e-09,3.479500883591168e-05,1.1225511174672749e-07,2.414525197465162e-05,1.271324404959963e-05,1.794574647803362e-09,0.9809833252530852,5.383137294168067e-08,2.447749385929327e-07
10,1.8415630327616028e-07,2.8155981243123957e-09,2.3923413190464564e-08,0.003046328639132753,4.73583930666963e-05,0.0025394781427555595,1.3519861766431254e-05,2.0543604088959474e-07,2.3494215764202714e-11,1.7657818706032507e-06,6.10478553623105e-05,1.4231037218453176e-05,2.867664148244473e-08,8.936478052401316e-05,1.1838616197428348e-08,0.009336270456380132,1.3867438372212396e-09,3.521975455206929e-05,1.1673128128522617e-07,1.1326859480098648e-05,1.3677295587549925e-05,2.6444098381075643e-09,0.9847897032558324,1.4433834052177225e-08,1.158200943020377e-07
11,1.9304517343849494e-07,3.165603352767889e-09,2.603944375901728e-08,0.0032047532841278123,4.895850208990541e-05,0.0025045066451991446,1.4399792979245468e-05,2.1226771711268925e-07,2.4759839174014995e-11,1.8187788507444958e-06,6.431489788687658e-05,1.4919042492392755e-05,3.4896869583707245e-08,9.426095119368032e-05,1.184153749310669e-08,0.0089477685843927,1.4916682311347324e-09,3.762464738096776e-05,1.1611372115338856e-07,1.2362457970467655e-05,1.3174092888219585e-05,2.7362794817161063e-09,0.9850404038231289,1.606236056392548e-08,1.1681428499694703e-07
12,3.0624409861627503e-07,4.5257956794788225e-09,6.668881038169763e-08,0.0056309844986840865,6.957919850963629e-05,0.004162394519912025,3.084161528855796e-05,5.171450754355609e-07,1.0204980021087445e-10,3.3460411461990436e-06,0.00012894863283480253,2.0660228302736964e-05,4.633428452743492e-08,0.00011766974582352394,2.6259879203170308e-08,0.017429263260641138,1.867721420795729e-09,4.0439232338556994e-05,2.78866572007242e-07,2.7692814029704665e-05,2.297207839071808e-05,3.2666992343229542e-09,0.9723136661462519,2.5486573435764882e-08,2.6520028664964314e-07
13,6.787896239369434e-08,2.778935093325052e-09,7.3565895639413624e-09,0.001994962986488725,1.799517797908023e-05,0.001739158422339192,1.0953617519234247e-05,8.523802132938363e-08,5.8957664950172e-12,2.7953753461821634e-06,1.496564254846113e-05,1.786528516639865e-06,1.3908554514779353e-08,3.151057202142307e-05,4.390608859369833e-09,0.00911717123181793,4.436121910095231e-10,2.5940607304961103e-05,3.2340547191288365e-08,7.610358047528346e-06,5.995096132140947e-06,1.0428883618778007e-09,0.9870288655333861,1.4962990184299685e-08,5.8502947161478584e-08
14,1.5571952660899913e-07,4.548890709026575e-09,2.6941815217450038e-08,0.0039478977668619365,6.888103841909686e-05,0.0036194713668848202,1.480184582763316e-05,2.3472666186300968e-07,3.289460271750366e-11,3.087193301386978e-06,7.294239778262389e-05,1.2464880429727805e-05,4.4941703387900413e-08,0.00010182956721120725,1.2486873877727825e-08,0.00988608787261439,1.3732740205498835e-09,4.518669106882459e-05,1.327584870431995e-07,1.4090333536077552e-05,1.526345648566806e-05,2.937934490679401e-09,0.9821972467044857,1.8412982873989045e-08,1.140040460986313e-07
15,1.8415630327616028e-07,2.8155981243123957e-09,2.3923413190464564e-08,0.003046328639132753,4.73583930666963e-05,0.0025394781427555595,1.3519861766431254e-05,2.0543604088959474e-07,2.3494215764202714e-11,1.7657818706032507e-06,6.10478553623105e-05,1.4231037218453176e-05,2.867664148244473e-08,8.936478052401316e-05,1.1838616197428348e-08,0.009336270456380132,1.3867438372212396e-09,3.521975455206929e-05,1.1673128128522617e-07,1.1326859480098648e-05,1.3677295587549925e-05,2.6444098381075643e-09,0.9847897032558324,1.4433834052177225e-08,1.158200943020377e-07
16,1.616779893982471e-07,2.7633263214761484e-09,1.4989257266674687e-08,0.0033045359642053123,3.695736884692683e-05,0.0027527718357013018,1.1718370512247445e-05,2.214704519934303e-07,1.6863890097327726e-11,2.69076983604978e-06,5.0260254504441064e-05,1.3297133749375385e-05,1.811876148199416e-08,8.529358207383498e-05,8.935460722283185e-09,0.011190454113035682,1.299880655402218e-09,4.7810327353677034e-05,1.26355997471575e-07,1.1210078992041865e-05,2.3761582756107986e-05,3.3470185068377324e-09,0.9824685543993424,1.0293961662452626e-08,1.1495012107329042e-07
17,1.5250794864041165e-07,2.6814505608669114e-09,1.8371726995162006e-08,0.003627889473802539,3.458318396759774e-05,0.0014116151247244605,1.1147204235166256e-05,1.4789579780120282e-07,1.1150548682179593e-11,1.1825458629335828e-06,4.5696892889106284e-05,1.2644006347850019e-05,2.8120278612149433e-08,0.00010109744513978609,5.9554802330940656e-09,0.004977418359431162,1.1344806896605168e-09,3.803997500712079e-05,6.695496219879002e-08,9.2206061644635e-06,1.0963730130376863e-05,1.920215961314385e-09,0.9897179576694689,1.2077049035484814e-08,1.0615228729452109e-07
18,2.6510297431346196e-07,2.756627664242209e-09,1.7852514453155114e-08,0.0021692028436988606,2.2062567884244027e-05,0.0010881793003459613,1.2685736865068435e-05,1.5792373180897473e-07,1.0882374917215591e-11,1.1716466453869988e-06,3.922805690049912e-05,1.5896809997451123e-05,2.3447867245642605e-08,6.570137245153279e-05,8.816293590419407e-09,0.006438812066058393,2.2815924202868276e-09,4.497582081956127e-05,7.331441017098241e-08,8.321445593401987e-06,1.1821961889453577e-05,3.1343858844369127e-09,0.9900812240713494,1.851500153023801e-08,1.4314321903527434e-07
19,2.2424812098239535e-07,5.769678923052164e-09,6.501290021836672e-08,0.006017247176870012,0.00012454821906600537,0.003821378214740304,1.9610139197093878e-05,3.8883427680251805e-07,5.873034286368229e-11,3.738702718482486e-06,9.177590981227433e-05,2.5593113011062416e-05,7.784566964719165e-08,0.0001829189707105808,1.6874474853332058e-08,0.011829111952702762,2.093016104023936e-09,4.5741531172177675e-05,1.9345719461284017e-07,2.027536015262765e-05,1.936782663502316e-05,3.953928395434505e-09,0.9777975053131523,2.617902227114553e-08,1.8324304594029215e-07
20,1.569933584913278e-07,3.429605594628791e-09,2.2200898954863493e-08,0.0034478509533077063,5.50130178778273e-05,0.001991276713912147,1.0961716850594103e-05,3.419301749073156e-07,2.7769877091003462e-11,2.196878420187477e-06,5.403829107221665e-05,1.4954518438019805e-05,3.200591713957817e-08,8.115095724945751e-05,1.512832618735356e-08,0.008398403970195933,2.3227815001367443e-09,3.427539171994972e-05,1.448580797031522e-07,1.3183104558515306e-05,1.5815746335506323e-05,4.434212138689219e-09,0.9858800127350633,1.7021919962605963e-08,1.256519542120563e-07
21,2.0110150007989766e-07,2.3822970649189905e-09,2.2668915989514002e-08,0.0026486078178536163,3.404059088874544e-05,0.0024660032723216804,1.6757270182037725e-05,1.3946935491770366e-07,1.4556014119037215e-11,1.6565958914233868e-06,5.163348666713294e-05,1.6618578338245677e-05,3.7530816462284286e-08,9.420774855747627e-05,7.664547969396577e-09,0.012348405529208063,9.878468084991245e-10,3.391587320885359e-05,8.706813992844758e-08,1.3675482174797817e-05,1.0569658315513445e-05,1.8641107065758914e-09,0.9822633118607819,1.2305449966546536e-08,8.317807475004411e-08
22,2.10543781998971e-07,2.2249452937318185e-09,2.2869703922402826e-08,0.0027551302173403984,3.952435580577795e-05,0.0028171963273057954,1.3786459619044467e-05,2.1276418613278443e-07,2.1112998699216693e-11,1.5749855516506837e-06,7.121395737081856e-05,1.5576597892088792e-05,2.0328326795313797e-08,8.243325305432873e-05,1.076247496701899e-08,0.010220287595033479,1.4500081771442944e-09,4.553307690326637e-05,1.1402697965146894e-07,1.2003451628835006e-05,1.8160654715992588e-05,3.027613454986564e-09,0.9839068651476003,1.2880072054504385e-08,1.03020973057068e-07
23,1.8415630327616028e-07,2.8155981243123957e-09,2.3923413190464564e-08,0.003046328639132753,4.73583930666963e-05,0.0025394781427555595,1.3519861766431254e-05,2.0543604088959474e-07,2.3494215764202714e-11,1.7657818706032507e-06,6.10478553623105e-05,1.4231037218453176e-05,2.867664148244473e-08,8.936478052401316e-05,1.1838616197428348e-08,0.009336270456380132,1.3867438372212396e-09,3.521975455206929e-05,1.1673128128522617e-07,1.1326859480098648e-05,1.3677295587549925e-05,2.6444098381075643e-09,0.9847897032558324,1.4433834052177225e-08,1.158200943020377e-07
24,1.4083398961067625e-07,3.851433146704058e-09,2.3577947187823707e-08,0.004791081706291422,6.132044557922415e-05,0.0025527253794634178,1.3077226941861486e-05,1.984348145504856e-07,2.036876030001366e-11,2.2537773218010138e-06,5.805413392449263e-05,1.286343388565694e-05,4.0212311129080025e-08,0.0001313539184327518,8.174898721316394e-09,0.007394926367428404,1.0879827012540803e-09,3.9988162864922e-05,1.1196409769417318e-07,1.2360955334912608e-05,1.3845502160144986e-05,2.3204982747651137e-09,0.9849154920111939,1.304706578336801e-08,1.134537694154014e-07
25,2.585413889599185e-07,3.2405487878575577e-09,3.7488400865584424e-08,0.005543939979201784,4.000018246887148e-05,0.001781450430719214,2.2969463934319123e-05,4.4484593597822944e-07,2.777723579518886e-11,1.7257251794701162e-06,0.00010248917477647716,2.194814759601262e-05,4.438472971030979e-08,9.685793239542317e-05,9.401874170068883e-09,0.007893686597468355,1.9246907701792697e-09,5.6439187527290815e-05,1.2043496045873808e-07,2.5540308124432107e-05,1.5305844033335865e-05,2.909637828574808e-09,0.9843965544297352,2.2462702502142213e-08,1.4693419241336234e-07
26,2.849230227676074e-07,3.4492981375885026e-09,3.602533725928368e-08,0.002961226916990403,3.586135346748061e-05,0.0015505356830289143,1.6733908216593542e-05,2.3611938653521624e-07,2.2061742384528443e-11,1.3703553303060362e-06,7.192425060814719e-05,1.4161476711516808e-05,4.298207993461914e-08,5.573019135043389e-05,1.0975208938141402e-08,0.006217164491599768,2.6810482283147015e-09,5.431390663233183e-05,6.486108985078261e-08,1.3591457156597914e-05,1.0024158859938412e-05,2.4241245040551718e-09,0.9889965097592317,3.9540218357913135e-08,1.280879395551717e-07
27,2.1435986875891205e-07,3.151976221692354e-09,2.4237685076520818e-08,0.0026057258351661764,3.949148883969125e-05,0.0031350891205547396,1.5051194435039277e-05,2.898005041579595e-07,3.963046294778506e-11,2.2351834943143503e-06,6.039305215575547e-05,1.3059160884615937e-05,2.2459486053236288e-08,7.237800809758363e-05,1.997190789079808e-08,0.012573361723738763,1.6033856701186718e-09,3.3432034333602145e-05,1.5391107602037563e-07,1.492886849066608e-05,1.617583280078901e-05,4.314132329875381e-09,0.9814177738606101,1.5060475856566756e-08,1.5572626983816647e-07
28,1.8415630327616028e-07,2.8155981243123957e-09,2.3923413190464564e-08,0.003046328639132753,4.73583930666963e-05,0.0025394781427555595,1.3519861766431254e-05,2.0543604088959474e-07,2.3494215764202714e-11,1.7657818706032507e-06,6.10478553623105e-05,1.4231037218453176e-05,2.867664148244473e-08,8.936478052401316e-05,1.1838616197428348e-08,0.009336270456380132,1.3867438372212396e-09,3.521975455206929e-05,1.1673128128522617e-07,1.1326859480098648e-05,1.3677295587549925e-05,2.6444098381075643e-09,0.9847897032558324,1.4433834052177225e-08,1.158200943020377e-07
29,1.8415630327616028e-07,2.8155981243123957e-09,2.3923413190464564e-08,0.003046328639132753,4.73583930666963e-05,0.0025394781427555595,1.3519861766431254e-05,2.0543604088959474e-07,2.3494215764202714e-11,1.7657818706032507e-06,6.10478553623105e-05,1.4231037218453176e-05,2.867664148244473e-08,8.936478052401316e-05,1.1838616197428348e-08,0.009336270456380132,1.3867438372212396e-09,3.521975455206929e-05,1.1673128128522617e-07,1.1326859480098648e-05,1.3677295587549925e-05,2.6444098381075643e-09,0.9847897032558324,1.4433834052177225e-08,1.158200943020377e-07
30,1.8415630327616028e-07,2.8155981243123957e-09,2.3923413190464564e-08,0.003046328639132753,4.73583930666963e-05,0.0025394781427555595,1.3519861766431254e-05,2.0543604088959474e-07,2.3494215764202714e-11,1.7657818706032507e-06,6.10478553623105e-05,1.4231037218453176e-05,2.867664148244473e-08,8.936478052401316e-05,1.1838616197428348e-08,0.009336270456380132,1.3867438372212396e-09,3.521975455206929e-05,1.1673128128522617e-07,1.1326859480098648e-05,1.3677295587549925e-05,2.6444098381075643e-09,0.9847897032558324,1.4433834052177225e-08,1.158200943020377e-07
31,2.2321927207378469e-07,4.9562210312782566e-09,4.7475931409753666e-08,0.00550754973459009,7.089213833174119e-05,0.0018678036079137214,1.688433231761186e-05,3.759504337456022e-07,2.7059938839980972e-11,2.6370919322000693e-06,6.0404891979497256e-05,1.8548676973402984e-05,5.95686644928738e-08,0.0001248702685675621,9.14241546354991e-09,0.008925164397179169,2.079124201816816e-09,4.924732833314302e-05,1.2416895552292103e-07,1.9740127475657174e-05,1.4216248044525035e-05,2.923246431309903e-09,0.9833210015721757,2.9424084112536105e-08,1.6064877786798561e-07
32,1.9487239981872213e-07,2.907344118450475e-09,2.4368570973945723e-08,0.0029463960627659795,4.9465797526706705e-05,0.0026921907058249494,1.3623037587092865e-05,2.2113389091690758e-07,2.64298169814351e-11,1.88020950801327e-06,6.139259517315113e-05,1.512226697533118e-05,2.8210508855102467e-08,9.34560430642809e-05,1.3540643758738597e-08,0.010345353643427138,1.5007210504101146e-09,3.4549700476358426e-05,1.3845495658701364e-07,1.1465676729610014e-05,1.4887834778819632e-05,3.060633285572622e-09,0.983719451671047,1.403762399926931e-08,1.2264139250404687e-07
33,1.5341147866210534e-07,2.750202284247267e-09,1.4445145618289726e-08,0.0022768436741051486,4.23596983329619e-05,0.0018206759004265965,9.125338624989587e-06,1.5323871864140736e-07,1.11080224554227e-11,1.3536942735501127e-06,4.1229988715445305e-05,1.3256487957926677e-05,3.1695618412003845e-08,8.571716476404218e-05,8.068921788587986e-09,0.0068940443304037514,1.5324447964924027e-09,3.432301904317232e-05,8.818928753038405e-08,9.112913713620661e-06,9.048037990432383e-06,3.327575040432146e-09,0.9887623734009967,1.1665312191099767e-08,6.801483868885321e-08
34,4.716403719089567e-07,5.495536360383943e-09,6.559646106485138e-08,0.0035539666579755434,7.601157967860542e-05,0.005807085545475073,2.9352879267373537e-05,3.588428682035581e-07,1.2056106668522058e-10,2.969210727480215e-06,0.00012858245375434608,2.4513809435717882e-05,4.794465276017692e-08,0.00015197760320212396,3.981256313998927e-08,0.019038415231335613,2.049265574404153e-09,4.336825662255077e-05,3.378531613552652e-07,1.867453005302773e-05,2.2537858455461655e-05,4.648972350215763e-09,0.9711008939019057,2.361245650356194e-08,2.928652411124844e-07
35,2.960116655439279e-07,4.6005759444620885e-09,3.5333795590734967e-08,0.004628770058151096,4.779690093146705e-05,0.002677104496512881,1.8150098254314716e-05,4.417993349441866e-07,4.2309959438217356e-11,2.9171367252881637e-06,8.764604887434756e-05,2.0002610552357796e-05,3.0501221464101856e-08,9.121532642265624e-05,1.4847057739442274e-08,0.010350195444400242,2.536870014558791e-09,6.788749430074661e-05,1.9222765880593726e-07,1.8765461875418646e-05,2.5380278175673066e-05,4.412142221185723e-09,0.9819628739985189,2.32760216063847e-08,2.4905765083073633e-07
36,1.8296734473714877e-07,2.8010344115212106e-09,2.3635990497686868e-08,0.003034924970426259,4.6809535496749e-05,0.002551497336655813,1.3518965223240104e-05,2.0350986576551917e-07,2.3295547247401835e-11,1.7574276034571786e-06,6.120907770997549e-05,1.4037001988042851e-05,2.8396875731317506e-08,8.858717827476303e-05,1.1733308864343171e-08,0.009281117183416898,1.3663158062760598e-09,3.541033896134937e-05,1.1519683226670705e-07,1.1317623641822002e-05,1.3619204993355445e-05,2.624306830508301e-09,0.9848454929201463,1.4344513163919234e-08,1.1463577834206806e-07
37,4.225283828073597e-07,2.4191586249236906e-09,2.735912117960416e-08,0.0023788248657609324,3.126947709178052e-05,0.0017087202477821383,1.7054184911507506e-05,1.1804458361458026e-07,1.0387180505019044e-11,7.66175702557375e-07,6.1011020442900725e-05,2.075362371077378e-05,3.1214675065288774e-08,0.00012067579598024041,6.931480883600741e-09,0.008018768851019811,1.3693414837527492e-09,4.6903073049065204e-05,8.208176241265916e-08,9.47965032311557e-06,9.251106447975527e-06,2.010508566884405e-09,0.9875757074967519,1.4795326662019449e-08,1.0566629668982493e-07
38,1.8258669479328095e-07,3.9216927567402365e-09,3.244105158312747e-08,0.0046205058875929215,6.593316599355356e-05,0.002222606391735197,1.3332251171890004e-05,2.998795438625933e-07,2.9372780116839914e-11,2.3093145297226433e-06,6.356060087951775e-05,1.6485360055306857e-05,3.8788576138001865e-08,0.00010862403487887418,1.1934065515549289e-08,0.008165077477226446,1.8462500372562416e-09,4.011489699203858e-05,1.332346683116409e-07,1.3523182605270496e-05,1.621162383060153e-05,2.9812139001203923e-09,0.9846508297256958,1.9446555560833398e-08,1.5899712742947232e-07
39,1.7903022415833304e-07,3.7831153070102666e-09,2.1707461634561805e-08,0.002836606676259554,4.439841177285954e-05,0.002111930190949618,1.3392866945233118e-05,1.460601844893913e-07,2.0197708672998638e-11,1.5689561729574723e-06,5.449761795486049e-05,1.1098161209408933e-05,3.9514835658650177e-08,9.132673569062965e-05,1.1275142595500813e-08,0.00643340664410438,1.3711568314138551e-09,3.5109956141275264e-05,8.625251767021764e-08,9.135260322643268e-06,9.074126420540147e-06,2.455853207871853e-09,0.988347835331433,1.728923431465206e-08,1.1030469948199941e-07
40,3.9788372622356347e-07,2.637546305314949e-09,2.4151847800945075e-08,0.0018573668782004722,4.6102473691285585e-05,0.0033429857856403923,1.3505331686802588e-05,1.222568557682858e-07,2.193263547818981e-11,9.653159719337741e-07,6.533537281869476e-05,2.5200470179808982e-05,2.2240529733907534e-08,0.00017949901694905174,1.601335707074037e-08,0.010349922530247265,1.4342916580389334e-09,3.5491937871802365e-05,1.7058116334256367e-07,7.2889979404935514e-06,1.4814989843543437e-05,4.682830057409367e-09,0.9840606177096708,7.961134851200104e-09,1.333240721258492e-07
41,1.8629652912060193e-07,3.2010047015784793e-09,3.0446975719431176e-08,0.003400456401362987,6.207936770699774e-05,0.0030172074973287668,1.4485313381605118e-05,2.3693890946540145e-07,3.362982160418141e-11,2.1704494712620644e-06,6.390895658918525e-05,1.396601034560223e-05,3.174343193643562e-08,0.00010190314084617818,1.5180823065561778e-08,0.011027423643293392,1.4057925120819548e-09,3.1409940357589875e-05,1.4297826824092557e-07,1.1882628767305807e-05,1.527190117232356e-05,2.681769141585494e-09,0.9822370329845025,1.6153912885700754e-08,1.347038275767051e-07
42,1.8534890068815144e-07,1.756970480122244e-09,1.634136362806119e-08,0.0021076234392764077,3.272962861077963e-05,0.002240833764243215,1.1289188130154772e-05,4.2082948504761053e-07,2.7501428627187617e-11,1.95945009366236e-06,4.544345561687211e-05,1.548657181960063e-05,1.2254075964296117e-08,5.706140145188408e-05,1.895101957907966e-08,0.019373720655503118,2.0880799297928587e-09,2.3628150142608844e-05,2.3551360889798373e-07,1.5927532492207766e-05,2.0890183532987244e-05,6.33689257345524e-09,0.9760523859910375,9.261038238112237e-09,1.118791124562817e-07
43,7.698313227092797e-08,2.208953629571611e-09,8.242287491600852e-09,0.0021306303039118233,5.240719237097008e-05,0.004189138312375422,6.592573393104411e-06,2.5367585559518213e-07,2.2122755226987586e-11,4.463253939574881e-06,3.492626866262224e-05,7.310102768396457e-06,1.0063681000805938e-08,4.925357853274197e-05,1.5529938511612222e-08,0.016580452275903573,1.17601235199182e-09,2.5407662029735973e-05,1.6541497979434883e-07,7.5797514940007685e-06,2.6557663178434155e-05,4.4318756620892145e-09,0.9768846552353551,7.88551397691343e-09,8.019173137703784e-08
44,1.8415630327616028e-07,2.8155981243123957e-09,2.3923413190464564e-08,0.003046328639132753,4.73583930666963e-05,0.0025394781427555595,1.3519861766431254e-05,2.0543604088959474e-07,2.3494215764202714e-11,1.7657818706032507e-06,6.10478553623105e-05,1.4231037218453176e-05,2.867664148244473e-08,8.936478052401316e-05,1.1838616197428348e-08,0.009336270456380132,1.3867438372212396e-09,3.521975455206929e-05,1.1673128128522617e-07,1.1326859480098648e-05,1.3677295587549925e-05,2.6444098381075643e-09,0.9847897032558324,1.4433834052177225e-08,1.158200943020377e-07
45,2.3548381033689194e-07,3.391842789234171e-09,5.1449966493410506e-08,0.003281104920556024,8.064461223847759e-05,0.0029572505484728043,2.2264120696188713e-05,4.127223996951615e-07,5.3062628663549134e-11,2.338761673310477e-06,8.324272793951303e-05,1.9682328711362063e-05,6.389918584505403e-08,9.826292158530133e-05,2.2516486006104607e-08,0.015625504345199968,2.1697816666270008e-09,2.6147218418510345e-05,1.892486190513445e-07,2.0605730008776885e-05,1.0945673694905786e-05,3.402904463404378e-09,0.9777708809910862,2.7549255662388267e-08,1.1321240381541132e-07
46,1.7594839584274546e-07,3.0221758542684806e-09,2.710688514082623e-08,0.003175299877272287,5.2215369824037754e-05,0.005048961634905659,1.9794348759272046e-05,1.6136790187912068e-07,3.5385293722908167e-11,2.3321314525697057e-06,7.660001696947356e-05,1.2052195705482872e-05,2.694869597920335e-08,0.0001246269242874431,1.3417462498129072e-08,0.01357760132117526,6.526225375380096e-10,3.525193117638313e-05,1.4020108586371475e-07,1.2432982078048606e-05,1.5224636725856942e-05,2.1722538984832206e-09,0.9778469234730267,1.0844263102211375e-08,1.214395136903463e-07
47,4.52194467736839e-07,2.1023900122680627e-09,1.5920239826084628e-08,0.001245689390213395,1.716423899353987e-05,0.0022194859259632607,1.6713502794778543e-05,1.4060748773539658e-07,1.2412183001991444e-11,1.0098909346408137e-06,4.927859166322769e-05,2.426427506108248e-05,1.9982263000867052e-08,7.009508710092903e-05,1.1704372626657488e-08,0.01455127324890452,1.7785519413193278e-09,4.498420190167089e-05,1.12406986886213e-07,1.3326600204493381e-05,1.0894973459949664e-05,5.561659609092759e-09,0.9817349462865128,1.050464620734658e-08,1.0101081396935636e-07
48,1.5778416069321373e-07,3.0849535500801857e-09,1.3884781080692458e-08,0.002374919785228038,3.772985186748974e-05,0.0013227592019071396,1.0047048554565822e-05,2.2536963318061295e-07,1.4549135017867076e-11,1.758896693154715e-06,3.4591322547463905e-05,1.113592636530071e-05,2.881366454295888e-08,7.006695222918856e-05,1.1660993010114659e-08,0.008158281327372627,2.2241530977230615e-09,2.646355287405847e-05,1.3116393275961103e-07,8.555507513993974e-06,1.0962293858138805e-05,3.51376894007265e-09,0.9879320381829354,1.4662821890882446e-08,9.797264129123373e-08
49,2.0741317877320724e-07,2.532499788833181e-09,2.706696289773553e-08,0.0028117110290225913,4.9605859082204216e-05,0.0033717082267514086,1.3835257971100282e-05,2.1478592675233638e-07,2.4124680517864187e-11,1.707521301629357e-06,7.419023960933757e-05,2.1828369802164963e-05,3.035597193623064e-08,0.00010151375205512894,1.1212869074960019e-08,0.010191732554706345,1.4522139126848e-09,4.64951886290076e-05,1.1504691310366587e-07,1.4675743519705528e-05,1.4922534649209911e-05,3.829735054941952e-09,0.9832853485328185,1.2499132745795109e-08,9.89705529211845e-08
50,1.859163249551075e-07,2.904967320806528e-09,2.398330828714311e-08,0.003039257027728185,4.729479575916969e-05,0.002578973916338751,1.4111680150353921e-05,2.078233141477625e-07,2.3920333528489068e-11,1.8599242191253116e-06,5.9823461801174144e-05,1.392052318510181e-05,2.8990126899320057e-08,9.153546216789526e-05,1.202678749930665e-08,0.009889124132675542,1.3592329911718099e-09,3.450493040507578e-05,1.221043969880893e-07,1.1549350728688167e-05,1.3654204256875694e-05,2.6996995698759813e-09,0.9842036710591612,1.4417361794950766e-08,1.1728198183064952e-07
51,1.4891756434283051e-07,3.434187212826844e-09,2.0513460197439913e-08,0.006260203156839312,4.3514944945032836e-05,0.0023241657582086187,1.5631633116235904e-05,2.2683712723226124e-07,1.7390084496256133e-11,1.9010426738997423e-06,8.608465194507166e-05,1.3506044545485048e-05,3.1589755878229195e-08,0.00012861803112309452,6.369802644334067e-09,0.0046213076144823685,1.0338773644900286e-09,7.068170845218867e-05,8.585141847847012e-08,1.2701668489200302e-05,1.8776447926277698e-05,2.1485825948909053e-09,0.9864022466986346,1.2965041297013908e-08,1.2092041141460633e-07
52,1.7123377976847318e-07,2.4590796053804253e-09,1.3706324165819017e-08,0.001889931182106965,2.2413225934831184e-05,0.003995742467303986,1.4837782498072955e-05,1.0003505122081065e-07,1.5288731590742267e-11,1.3701244588582362e-06,7.210407914345848e-05,9.54722655031147e-06,2.358195504295616e-08,5.8842067609796684e-05,8.158696061714416e-09,0.007340074227427728,7.311412168027303e-10,6.039206570593773e-05,4.998421198874336e-08,1.2502062136240933e-05,9.720365221190952e-06,2.432701821623398e-09,0.9865120761956768,1.1211796067401816e-08,6.33782002039988e-08
53,2.2035583809151366e-07,5.387571715767128e-09,4.335139729310576e-08,0.0058689974380687245,0.0002523679961088329,0.0035125975872815902,7.107823858111633e-06,4.197076460142482e-07,3.4898981801452294e-11,4.28294343916207e-06,5.601909177625782e-05,3.6092187248014565e-05,4.2613025212964925e-08,0.00023301777813205157,1.5858465640434747e-08,0.011596608401942954,3.2586431529185443e-09,4.555135134643119e-05,2.976864742392752e-07,8.227120170965006e-06,3.608154416920715e-05,5.3096577186409925e-09,0.9783417467644837,1.8665823344230656e-08,2.2974253269416986e-07
54,3.0043100125025454e-07,3.4701087736602587e-09,2.3238409695332394e-08,0.0019809938888415745,2.0572035517693803e-05,0.0029827676420561534,2.7730874978742963e-05,1.1423893267189949e-07,2.6503108684215058e-11,2.1263283486855616e-06,3.6457652974919964e-05,1.1979911983586754e-05,2.3353966387978827e-08,0.00012473040782879098,1.562973979356202e-08,0.020304215055479885,7.199544632172101e-10,2.4107083834254766e-05,1.388290100092438e-07,1.2832597460434892e-05,1.2122656589288929e-05,3.022488208560381e-09,0.9744585428476386,9.655129011409078e-09,1.8840122426438647e-07
55,9.72471919140407e-08,1.7288281983498987e-09,1.0590019511587327e-08,0.0019619581709613364,4.233451584026366e-05,0.0021385132396933757,7.5166730192826244e-06,1.3880233292745554e-07,1.2321876128695582e-11,1.5343780873886976e-06,3.1025890553461116e-05,6.8498606302666925e-06,1.2922177260471795e-08,6.730253211023871e-05,1.023849697690378e-08,0.00921432424540078,9.214272665548344e-10,1.8482507211635804e-05,9.510758516203088e-08,5.374741781343997e-06,1.2031526287979041e-05,2.236084637594595e-09,0.9864923073295094,8.09564293660927e-09,6.648680441866957e-08
56,1.9853681472156925e-07,3.2443751644123827e-09,2.7023069695441286e-08,0.0032372229047824322,5.038151125173935e-05,0.0025500729293001013,1.4794821317676837e-05,2.1653419270349753e-07,2.583904906032232e-11,1.8307948613583695e-06,6.609128921125525e-05,1.5244905817225394e-05,3.653975005415366e-08,9.668574849000407e-05,1.2284563913819214e-08,0.009064988763688912,1.5224260988956323e-09,3.792428328513873e-05,1.1989879185868605e-07,1.2633323359516629e-05,1.3218399117674705e-05,2.76904706920444e-09,0.9848381575678959,1.651659654085757e-08,1.1786215413553323e-07
57,3.317777307258967e-07,5.657623952984026e-09,7.456742314725185e-08,0.004907615763711229,0.00014655038672548409,0.003909968262940698,1.7176562573759346e-05,6.520843461661802e-07,7.790229918949196e-11,5.145880421918779e-06,7.826232504945315e-05,5.1207599942162884e-05,7.227185942676594e-08,0.00018842573905047982,2.6527578383931384e-08,0.024108556530802575,4.405643082931698e-09,4.160136768072152e-05,4.346759704235396e-07,2.4148434374429143e-05,3.132138500740012e-05,8.164016820987819e-09,0.9664881377600648,2.4726557292090744e-08,2.4706500335103235e-07
58,1.837892823260376e-07,2.8440413131580166e-09,2.42201787882904e-08,0.0029035074030508536,4.5482062358373215e-05,0.0021584064877655587,1.3143474474323542e-05,2.0588741214356865e-07,2.1536642489971664e-11,1.6545776384186168e-06,5.918301195501003e-05,1.3605481253795976e-05,3.0800168928659956e-08,7.962192547263462e-05,1.1429520491878972e-08,0.008208561824554008,1.6151985044516692e-09,3.655804994771864e-05,1.0070551402162672e-07,1.0766857347983868e-05,1.2586924508164778e-05,2.594086189738624e-09,0.9864562317373307,1.7435963812907498e-08,1.088394391308951e-07
59,2.0490602184915343e-07,2.8575810541035015e-09,3.048744426363764e-08,0.0030306279888558667,4.687788986496357e-05,0.0021504888803109343,1.4765357995264314e-05,2.3029841664534454e-07,2.39353433228119e-11,1.684750046857289e-06,6.255872409585141e-05,1.5035706533153505e-05,3.326398210409886e-08,7.977837176446564e-05,1.1842055667920092e-08,0.008861188738208802,1.7329684665874745e-09,3.879206136476135e-05,9.802151161105174e-08,1.2465111741938707e-05,1.2986639164781476e-05,2.6028591485924446e-09,0.9856719957140533,2.1020439722652254e-08,1.1700878321274533e-07
60,1.8415630327616028e-07,2.8155981243123957e-09,2.3923413190464564e-08,0.003046328639132753,4.73583930666963e-05,0.0025394781427555595,1.3519861766431254e-05,2.0543604088959474e-07,2.3494215764202714e-11,1.7657818706032507e-06,6.10478553623105e-05,1.4231037218453176e-05,2.867664148244473e-08,8.936478052401316e-05,1.1838616197428348e-08,0.009336270456380132,1.3867438372212396e-09,3.521975455206929e-05,1.1673128128522617e-07,1.1326859480098648e-05,1.3677295587549925e-05,2.6444098381075643e-09,0.9847897032558324,1.4433834052177225e-08,1.158200943020377e-07
61,2.1987363157900704e-07,3.1809394095732232e-09,3.4364732778533165e-08,0.003281779841623522,5.303423813423471e-05,0.002493053443643869,1.5898595638895634e-05,2.418411664719271e-07,2.8753314217424596e-11,1.83487433007101e-06,7.058399980534775e-05,1.6854312399088245e-05,3.7100826398146566e-08,9.260612419869538e-05,1.2910294564112725e-08,0.009480521265811314,1.7450431894060752e-09,4.082813962600192e-05,1.133519445391048e-07,1.363568943404867e-05,1.3921761522572365e-05,2.8661812776694687e-09,0.9844246321198155,2.069419088228112e-08,1.2763631251619915e-07
62,1.8415630327616028e-07,2.8155981243123957e-09,2.3923413190464564e-08,0.003046328639132753,4.73583930666963e-05,0.0025394781427555595,1.3519861766431254e-05,2.0543604088959474e-07,2.3494215764202714e-11,1.7657818706032507e-06,6.10478553623105e-05,1.4231037218453176e-05,2.867664148244473e-08,8.936478052401316e-05,1.1838616197428348e-08,0.009336270456380132,1.3867438372212396e-09,3.521975455206929e-05,1.1673128128522617e-07,1.1326859480098648e-05,1.3677295587549925e-05,2.6444098381075643e-09,0.9847897032558324,1.4433834052177225e-08,1.158200943020377e-07
63,1.9388973808626864e-07,3.1859090151432343e-09,2.3873405924479024e-08,0.00302116536731976,4.5914368366181235e-05,0.0025669225835880187,1.3913204683080618e-05,2.0779389617736365e-07,2.5180941213746528e-11,1.79710803698105e-06,6.400077105409112e-05,1.368940056920034e-05,3.126489335420641e-08,8.674293995626601e-05,1.2578201041153593e-08,0.00877407483369153,1.493742060629809e-09,3.833875927960862e-05,1.1554860929569772e-07,1.1842097199946267e-05,1.3387869588879104e-05,2.8725728381246264e-09,0.9853474832909459,1.5851638427015536e-08,1.1902793367621654e-07
64,1.7288327652461904e-07,2.467680258033472e-09,2.001108126860336e-08,0.0029453729889692354,4.787745910540555e-05,0.0026081687554330006,1.1497816172995652e-05,2.0402114248043718e-07,2.1743072375352723e-11,1.7501659220725774e-06,6.156132538209645e-05,1.4354961230053671e-05,2.2069598940624975e-08,8.45484176368343e-05,1.2134250861386137e-08,0.009086259172665577,1.4254846803011453e-09,3.733351799230742e-05,1.2109662100943734e-07,9.224706684739102e-06,1.791177184775063e-05,2.677329641990692e-09,0.9850734523919237,1.2911847666682015e-08,1.1482897793802346e-07
65,3.097235193950379e-07,4.562976979507307e-09,4.646515001537306e-08,0.0036556519686234464,3.8153366487455406e-05,0.0016224023763894073,2.7031107909365965e-05,3.675703289975193e-07,5.948913555888546e-11,1.6930923960017636e-06,8.213979683425392e-05,1.1612547500364962e-05,5.188672444095192e-08,7.183033211316674e-05,2.4364201177106146e-08,0.009300576151879587,2.391422460661967e-09,2.640063612453753e-05,1.4770893017195041e-07,1.809274443639638e-05,9.728210051087784e-06,2.4839147672752455e-09,0.9851334815541493,3.673485268937566e-08,2.1216359511953563e-07
66,1.867455121055923e-07,2.9093588947023466e-09,2.5038018019066766e-08,0.003139767704248124,4.8653038499879706e-05,0.002640209704847543,1.4151564028370977e-05,2.1422748695540556e-07,2.4837291859359682e-11,1.8725661779527673e-06,6.246505943010144e-05,1.4643669708097138e-05,3.011118518343503e-08,9.240088089456211e-05,1.2004556456734002e-08,0.009897088289098147,1.3881010486996373e-09,3.550887915722482e-05,1.2337295844750197e-07,1.2136326497300133e-05,1.394314558550331e-05,2.7168923673219615e-09,0.9840264284258969,1.4557371099544654e-08,1.1764965265288136e-07
67,2.490835750298332e-07,6.374186388658012e-09,4.6856492530833124e-08,0.006749940582994404,0.00014588623269675888,0.003802259525226553,1.536448478969591e-05,7.735688137829867e-07,8.906066487265024e-11,5.73278097196451e-06,0.00011223669674369747,1.95314352136079e-05,4.008465742109924e-08,0.00011631402578581458,2.7606529591118584e-08,0.013835371386357332,3.6642030949334484e-09,4.901733998450752e-05,4.1103937506005216e-07,1.4421950776398446e-05,3.784851289772722e-05,4.87873839049896e-09,0.9750941896912936,3.182577442014176e-08,2.902828616863708e-07
68,1.3030470550856278e-07,1.2071276160390677e-09,4.120389582166046e-09,0.0011958287230825532,5.367082462076944e-06,0.0015693840671318644,8.450992923996196e-06,4.854284770429434e-08,3.82422729962978e-12,4.4065264608595736e-07,5.5368509398496016e-05,6.794640820662197e-06,9.245386441676192e-09,1.9210884741026424e-05,3.582891154870462e-09,0.002391583118005756,6.882597839521152e-10,8.310860766562862e-05,1.3973963816124247e-08,7.869282855934003e-06,6.369159934734779e-06,1.7443256522817688e-09,0.9946499576500919,7.756693272401686e-09,4.545782453726852e-08
69,1.5069267492080713e-07,1.9402578813255265e-09,1.2997511910427136e-08,0.0019079965811928052,5.1608083615644164e-05,0.0030024781082172284,8.323564837818058e-06,1.1770133753079438e-07,1.5800535950508946e-11,1.2286308770997882e-06,5.114254704814409e-05,1.2384195390174533e-05,1.6663203326879147e-08,9.590705981678392e-05,1.2289317783310637e-08,0.008121951611541407,1.0258607636677754e-09,2.5085066735025337e-05,1.1518932024230775e-07,4.852560578842928e-06,1.2692486874394376e-05,2.5168333793537437e-09,0.9867038306619782,7.507343058815725e-09,8.030183521143847e-08
70,1.803619099490556e-07,2.794477433911408e-09,2.3217653622740342e-08,0.0030319646738026754,4.767554501814133e-05,0.0025187484840003636,1.3176819075247438e-05,2.1458407182712455e-07,2.3721169257650456e-11,1.8078243411129662e-06,6.114872783662188e-05,1.391752772823033e-05,2.791274196519216e-08,8.459843278261963e-05,1.211929614517682e-08,0.009341189515885424,1.4369874915791488e-09,3.519107341601425e-05,1.1838184714778615e-07,1.1197982139786433e-05,1.3930178240895253e-05,2.6696798805741176e-09,0.9848247396543379,1.4787362884516494e-08,1.1527164533953964e-07
