,0,1,2,3,4,5,6,7,8,9,10,11,12,13,14,15,16,17,18,19,20,21,22,23,24
0,0.0003243118743564434,4.2987000569471005e-05,0.00484369646218142,0.037502827941555655,0.012962792995429736,0.11628674459225248,0.0019180244010627875,0.00013093482128058876,0.0009142573562238842,3.7757841479981104e-05,0.7021379384996729,0.043105004781740314,2.041310729128774e-06,0.018835275622701885,0.0023169692504777743,0.0018771502448321176,2.173248562021124e-06,0.0003890228217735821,0.0009458038996641427,0.00021328624380604944,0.005330007332858961,2.378470060297652e-05,0.03594613560798392,2.907095360286339e-06,0.013908164052841477
1,0.00034734085692036466,0.00018455348423496618,0.002373609914796455,0.17408236036080127,0.012180988317742997,0.08653731969981009,0.002441862384925641,0.0003212881386751816,0.0009883876465735825,0.00021078900528150518,0.3221792861236474,0.029138018179192194,1.2408622237384807e-06,0.04372459842972883,0.004869979661759088,0.0034232149653478042,5.015358954035126e-06,0.0006778037386449959,0.003136574908003472,0.0002224514669684943,0.03630737218916879,6.898055447144428e-05,0.1334653802510756,3.5600009626947874e-06,0.1431080235000892
2,0.0004277309757742872,0.0001686999690962873,0.0011174778677715722,0.13493670018540882,0.008288104316665091,0.053514564046695294,0.001978362092600542,0.00024589505814319066,0.0003089690544741667,0.00010728220484368709,0.2533662140161681,0.03022564524003187,9.407657649194721e-07,0.03736881442613695,0.0057793885048195645,0.002343753756369039,9.09549657970126e-06,0.0008095400914378452,0.0016746606299747984,0.0001430203565123368,0.03199654103553986,0.00010493821241671661,0.30728956642322347,4.3372900611976215e-06,0.12778975798349065
3,0.0003635757813578446,0.00018603762526387023,0.001694015011752285,0.18572332939273345,0.01076740575985783,0.05348872331584781,0.0018276432781182865,0.00023331717178701273,0.0003555099538824054,0.00011964168771985054,0.33033731761855195,0.0328161694098322,1.2654951035696239e-06,0.03959976961220786,0.0030532924263075266,0.0015398240934566827,6.949509021797645e-06,0.0010743140717171446,0.001375077703626817,0.00015343762517493022,0.029824648429155477,6.409388224862332e-05,0.18588930696557468,4.687689791641302e-06,0.11950064648990845
4,0.0003491461969601405,0.0002061046222154089,0.0018857023012764029,0.1917102488211245,0.012839592153311602,0.056750894290718855,0.0018676115930559669,0.00020554531828720493,0.0003604967325971613,0.00012033395910637462,0.33395588188260567,0.03364757719693192,1.7525865502159285e-06,0.04855679776015011,0.002883411947115182,0.0014029681557931198,6.638498583271597e-06,0.001092490068154503,0.0012758284392752923,0.00015014664667583358,0.026674739776193706,6.128253814909885e-05,0.18047329042907898,4.9313073419497365e-06,0.10351658677874752
5,0.00027683518598037066,0.00018487413762051025,0.00147540885545279,0.2391363488134884,0.011013577202533664,0.045912980331008074,0.0015597449724602636,0.00022956008845560421,0.0002576786275280248,0.00012785685662309765,0.29731590473696845,0.028497228068841,1.3190292568134782e-06,0.03815038733301556,0.0020003425076373592,0.001175236429473066,6.495907104666304e-06,0.0013435748340578021,0.0010187402137425195,0.00015358061428952198,0.030202452058439768,5.39153058579416e-05,0.1919919502509079,4.934492709231741e-06,0.10790907314654771
6,0.0003635757813578446,0.00018603762526387023,0.001694015011752285,0.18572332939273345,0.01076740575985783,0.05348872331584781,0.0018276432781182865,0.00023331717178701273,0.0003555099538824054,0.00011964168771985054,0.33033731761855195,0.0328161694098322,1.2654951035696239e-06,0.03959976961220786,0.0030532924263075266,0.0015398240934566827,6.949509021797645e-06,0.0010743140717171446,0.001375077703626817,0.00015343762517493022,0.029824648429155477,6.409388224862332e-05,0.18588930696557468,4.687689791641302e-06,0.11950064648990845
7,0.00038468774521175356,0.00028012420497271304,0.003087466749727564,0.16657951344000915,0.006274444778548554,0.031125392658066874,0.002933350060049,0.00017195932035009233,0.0005187647932992888,6.679326892326566e-05,0.5677772827318228,0.025104379683557925,3.419971678954411e-06,0.02927907400716835,0.0018418682657015597,0.0005053369230610058,4.9090755848167935e-06,0.0011699656761310858,0.0006630269453365954,0.00023366345911821572,0.010556007140524414,3.267900619635627e-05,0.07439563367667631,7.540676325866306e-06,0.07700271574195759
8,0.0003288189576320486,0.00020117219146528607,0.0021022472474901146,0.30757964923514775,0.009407672184797905,0.019560274125499575,0.0018128996338200346,0.0003184640025948329,0.0002446068535861269,0.00016569734880237608,0.11665930777147612,0.020757693196168478,1.286125180649338e-06,0.038515884446152934,0.0022449049176402345,0.001548038064989862,8.707627274789059e-06,0.0006729217278334534,0.0009238322512580161,0.0001390627888223581,0.02706770404284035,4.000584041501084e-05,0.21222320624186483,8.719906579298278e-06,0.23746722327066747
9,0.00032069499942634236,0.00030005982365009006,0.005002736288395695,0.3689397193710428,0.012324056108587347,0.016820155922327062,0.002082143478781003,0.00036644577052348325,0.0005148852503173486,0.00016176787278883719,0.1710681557023944,0.02136289350415208,2.878923756716097e-06,0.03563735194069428,0.0019001166635530676,0.0008597743252428094,8.538418176766676e-06,0.0007736743802961423,0.0007563714462903897,0.00020198714934843788,0.018660016098715114,2.7452627805964917e-05,0.1043559284375599,1.589139595457237e-05,0.23753630410021936
10,0.0003635757813578446,0.00018603762526387023,0.001694015011752285,0.18572332939273345,0.01076740575985783,0.05348872331584781,0.0018276432781182865,0.00023331717178701273,0.0003555099538824054,0.00011964168771985054,0.33033731761855195,0.0328161694098322,1.2654951035696239e-06,0.03959976961220786,0.0030532924263075266,0.0015398240934566827,6.949509021797645e-06,0.0010743140717171446,0.001375077703626817,0.00015343762517493022,0.029824648429155477,6.409388224862332e-05,0.18588930696557468,4.687689791641302e-06,0.11950064648990845
11,0.0003669959572567123,0.0001959302868933477,0.001765729318625279,0.18899111281755138,0.01080265224725,0.052412959014043546,0.0018764925168254416,0.00022968285336489458,0.000357525768651759,0.00011882608713836425,0.3351114311069985,0.03358562842720049,1.490910811469152e-06,0.04092852132174427,0.0029063926627797146,0.0014429747042504358,7.1254577232026804e-06,0.0011292788692517884,0.0012935838685376702,0.00016168842594555446,0.027782459039133775,6.392080498652343e-05,0.18380272000512168,4.987015217416831e-06,0.11465989051269683
12,0.0003281934661221385,0.00018911144737855225,0.0027319478075610287,0.1801043087955188,0.007747519422677165,0.04726256614508405,0.0026602407740180405,0.00033520715354708164,0.0011394084656224366,0.00012630467405967983,0.4285442316875627,0.02187023223312957,1.1528343337893362e-06,0.02609296196774744,0.00450412215132834,0.0015468057667579864,4.738528285253702e-06,0.0005883979504817698,0.0021122293967653517,0.00022406855815989022,0.025747046331980793,4.226349543807963e-05,0.08686349275176805,4.587265031617285e-06,0.1592288609296403
13,0.00013625734031965173,0.00039131251466757076,0.0007280195657059203,0.2919826608290692,0.009625148646393075,0.09090423256286186,0.002076871616035364,0.000174912555351454,0.00024579586354800203,0.0009932133285681778,0.05984572347910982,0.0034611656127557624,1.2013181744804148e-06,0.02545516714270048,0.0017544705219149077,0.004132595409347743,2.5976918056456567e-06,0.001206336243517714,0.0007959408664759949,0.0001787817409264274,0.021601458590109524,3.997707977384799e-05,0.3138697186750143,8.646399361205237e-06,0.17038779440649182
14,0.0002503138032481864,0.0003063603694024188,0.0015987494798307997,0.21386454607465516,0.014109104175019352,0.06639810726879115,0.0017427201613684034,0.00023442231254299417,0.0004355650723221892,0.0002059412041624056,0.33969760509808267,0.02184365683878811,1.7154734858681605e-06,0.038508625304426995,0.0028395753896322215,0.0013761326441069893,5.859539372549587e-06,0.0012360978974334462,0.0013784437512768459,0.0001604586422517361,0.030446598332250573,6.301898803380219e-05,0.15999988541160623,5.605773326998552e-06,0.10329089099458186
15,0.0003635757813578446,0.00018603762526387023,0.001694015011752285,0.18572332939273345,0.01076740575985783,0.05348872331584781,0.0018276432781182865,0.00023331717178701273,0.0003555099538824054,0.00011964168771985054,0.33033731761855195,0.0328161694098322,1.2654951035696239e-06,0.03959976961220786,0.0030532924263075266,0.0015398240934566827,6.949509021797645e-06,0.0010743140717171446,0.001375077703626817,0.00015343762517493022,0.029824648429155477,6.409388224862332e-05,0.18588930696557468,4.687689791641302e-06,0.11950064648990845
16,0.0002859597288560364,0.00015609606561724421,0.0008437301848361494,0.21457849291861167,0.007254793415858976,0.06291088501385905,0.001632338723091303,0.00024448411688053026,0.00021895427131336616,0.0002124522686188609,0.2500558991720842,0.026882032371953826,6.421562870245258e-07,0.035984568958753536,0.0020415576022927576,0.00215353457972192,5.587684748586339e-06,0.0016201584036167277,0.0013833127214657672,0.00014936465729946152,0.06278569785736346,7.505649270784139e-05,0.21075174436896035,3.039028334771181e-06,0.11776961723686656
17,0.0002989406949589187,0.00013764682153597732,0.001311438372568019,0.2732655309219433,0.009173860345201424,0.035590430291412706,0.0014157744755072827,0.00016326515233648861,0.0001423584954554268,8.58852157418432e-05,0.22666185309191647,0.03741396349408116,1.4190273617068942e-06,0.05828178492888153,0.0011223890509953266,0.0009535060478372701,5.336491275530953e-06,0.0014429408822303326,0.0006983417969041282,0.00013772209049399092,0.025153235834804423,4.4809076165048116e-05,0.22289498457977422,3.480762373228566e-06,0.10359910205824434
18,0.0007549155118681075,0.00022795431404758294,0.0016823178104103356,0.1724037339709534,0.006414288055651536,0.022155290491927285,0.0018132133060572734,0.0002204341978943397,0.00015264130444835923,9.763518807999863e-05,0.20334169911560449,0.05814248744148261,1.2999349830333417e-06,0.039079784300551,0.002264467485645268,0.0011753089685617962,1.7421684906941584e-05,0.0019213620899048872,0.0008798902760952922,0.00012134099463937687,0.032069464004199445,9.912932936250667e-05,0.23044386432164032,8.531263719195895e-06,0.22451152463736562
19,0.00027121861228869424,0.00020307322771930444,0.003300398061561617,0.2355663863450095,0.019714285997574795,0.05339608925620142,0.0015241620057089636,0.0002687746789377233,0.0005575999620049145,0.00014164402638585497,0.343198903243923,0.04617467710297708,2.399307564965337e-06,0.05391618237969696,0.002333822890830302,0.0011136539232138773,6.7669211790344245e-06,0.0009661810610570201,0.0013200985726843442,0.0001832376102788902,0.025070812932473343,5.9420765528762394e-05,0.10848076726028073,4.987648537758281e-06,0.1022244562063811
20,0.0003008768290840669,0.0002386784946492995,0.0014609568814116687,0.1879999051160341,0.012776190967670185,0.04264326851698433,0.0014861148326379332,0.00040647365702301604,0.0003820396786748293,0.00015413388365462314,0.2968464770440225,0.03459647951103482,1.16337181819405e-06,0.03543781567658853,0.004574348549925373,0.0014432489469801929,1.263919141906593e-05,0.0010610814129534986,0.0017785981934947007,0.0001612724365115921,0.041651218979025705,0.00013263524724133679,0.20891333504984647,5.72975961314119e-06,0.12553531777170077
21,0.0004690973278799644,0.00011298273239892204,0.0016991887564285699,0.19112215377073735,0.008255873117661086,0.06444879102916223,0.0023357736041681,0.00014639002441320075,0.00019233760588369385,0.00010948331570190599,0.2775885854400939,0.05416804098430625,1.7412521976744325e-06,0.054169805144412,0.0015941397802588528,0.0024855553331823176,4.67425240931686e-06,0.0012928475368567387,0.0008922183533419901,0.00019756880086953225,0.025273680309248182,4.2419127720852376e-05,0.2233994337012752,3.5553157185548e-06,0.0899936633836734
22,0.00039861099026846785,0.00011823129278124216,0.0016123147202195243,0.1506519794178631,0.008660136484433858,0.05807937567354068,0.0017563907975672545,0.00021378945555859593,0.00025008209204778074,8.915244913661179e-05,0.4068872986753957,0.04185713594597917,9.242335936362561e-07,0.03633266162046592,0.0021409926617580303,0.001605214288099647,7.062625709073886e-06,0.0014547719615468058,0.001111053621926196,0.00016391743049448186,0.03611262599552424,7.00377432081979e-05,0.17610290794201022,3.702222536001907e-06,0.07431962965833552
23,0.0003635757813578446,0.00018603762526387023,0.001694015011752285,0.18572332939273345,0.01076740575985783,0.05348872331584781,0.0018276432781182865,0.00023331717178701273,0.0003555099538824054,0.00011964168771985054,0.33033731761855195,0.0328161694098322,1.2654951035696239e-06,0.03959976961220786,0.0030532924263075266,0.0015398240934566827,6.949509021797645e-06,0.0010743140717171446,0.001375077703626817,0.00015343762517493022,0.029824648429155477,6.409388224862332e-05,0.18588930696557468,4.687689791641302e-06,0.11950064648990845
24,0.00020665395913840016,0.00021453663643600818,0.0014599975024518679,0.3019940817108044,0.013855175472613961,0.05154165129615232,0.001420437761870443,0.00019401964116394065,0.00026688721544988384,0.00015554721308620972,0.24730616614319664,0.02634531265912236,1.7301279967022404e-06,0.058708239001476765,0.001512990096399784,0.0010890003713107939,4.257504866500573e-06,0.0011648694361641504,0.0011325781500866757,0.000157574327032915,0.027151166700423356,4.7715890203576286e-05,0.16420933244892782,3.3529955061960004e-06,0.09985672573811835
25,0.00028400575617366675,8.439250004482667e-05,0.0016844321735929207,0.22864886374348198,0.006004640866758822,0.01994621879374149,0.0018186521013737451,0.00033111814346754187,0.00017689997564589556,4.702631882912841e-05,0.4588751279794009,0.04389969833595135,1.242592127139633e-06,0.027475207949970985,0.001099860258322841,0.0007445319603811914,6.7674028523366e-06,0.0010619092095521434,0.0008636500830223522,0.00023896268209312442,0.021422063907057188,3.575742656885609e-05,0.12871047678529257,3.6687592599159103e-06,0.056534824295037124
26,0.000650057091790021,0.00024222088028569465,0.00319878318205156,0.17826073917685714,0.009273773686483331,0.02791994746114377,0.002061277076615866,0.00027226831896144817,0.0003052450524900383,8.521709467381506e-05,0.38504177595692857,0.04111699169490588,2.334084038782792e-06,0.025070702889560353,0.002480733146564879,0.0008890019545099844,1.7055602443714708e-05,0.0017742836560570006,0.0006610829701103942,0.00017872869979482765,0.01962492180751334,5.827855387057754e-05,0.17047336272392694,1.5916635856888157e-05,0.1303253006025653
27,0.0004195362373892896,0.00021454151202080879,0.0016295145458214337,0.15439582320110742,0.008761475465785777,0.07074053237503199,0.0020699939300078186,0.0003253940421775052,0.0006921313048868845,0.00016549737936225666,0.2972949141490275,0.026021163008238164,9.39314091968629e-07,0.03129805841353817,0.005798104888400029,0.0022289830407257617,7.359721858979635e-06,0.0009201931455550175,0.0019383370199309061,0.00019633638943965893,0.03328849249252064,0.00010505399120112125,0.18112408620402876,4.764779711553027e-06,0.18035877344814072
28,0.0003635757813578446,0.00018603762526387023,0.001694015011752285,0.18572332939273345,0.01076740575985783,0.05348872331584781,0.0018276432781182865,0.00023331717178701273,0.0003555099538824054,0.00011964168771985054,0.33033731761855195,0.0328161694098322,1.2654951035696239e-06,0.03959976961220786,0.0030532924263075266,0.0015398240934566827,6.949509021797645e-06,0.0010743140717171446,0.001375077703626817,0.00015343762517493022,0.029824648429155477,6.409388224862332e-05,0.18588930696557468,4.687689791641302e-06,0.11950064648990845
29,0.0003635757813578446,0.00018603762526387023,0.001694015011752285,0.18572332939273345,0.01076740575985783,0.05348872331584781,0.0018276432781182865,0.00023331717178701273,0.0003555099538824054,0.00011964168771985054,0.33033731761855195,0.0328161694098322,1.2654951035696239e-06,0.03959976961220786,0.0030532924263075266,0.0015398240934566827,6.949509021797645e-06,0.0010743140717171446,0.001375077703626817,0.00015343762517493022,0.029824648429155477,6.409388224862332e-05,0.18588930696557468,4.687689791641302e-06,0.11950064648990845
30,0.0003635757813578446,0.00018603762526387023,0.001694015011752285,0.18572332939273345,0.01076740575985783,0.05348872331584781,0.0018276432781182865,0.00023331717178701273,0.0003555099538824054,0.00011964168771985054,0.33033731761855195,0.0328161694098322,1.2654951035696239e-06,0.03959976961220786,0.0030532924263075266,0.0015398240934566827,6.949509021797645e-06,0.0010743140717171446,0.001375077703626817,0.00015343762517493022,0.029824648429155477,6.409388224862332e-05,0.18588930696557468,4.687689791641302e-06,0.11950064648990845
31,0.0003330248344054176,0.0002644582204702339,0.002912354991283325,0.32417227464099085,0.015386499293167606,0.026667425087748622,0.0015345982884573477,0.0003857615968683039,0.00030219404770856365,0.0001618373136128794,0.21752534433429563,0.03598713401572679,2.268688901170855e-06,0.04545835076518087,0.0015571025480559848,0.0011169246161084174,9.686802669482242e-06,0.001286321827321635,0.0011516016401378576,0.00020779558809040668,0.026781325184642824,5.299846778276571e-05,0.14549778983635972,8.862317647509921e-06,0.15123606505236573
32,0.00037016372999599265,0.0001935155879095067,0.001708511363826128,0.1774188844836572,0.011355184563676284,0.057329614374072115,0.0018350399392417656,0.00025036049462381937,0.0004167400879509928,0.00012924279268237615,0.3282331014925561,0.03328098625979284,1.2339963209849368e-06,0.04147635910913647,0.003593227745831191,0.0017355316055679738,7.222944452481388e-06,0.0009936490407853795,0.001714646606952515,0.00015425128201364106,0.0323606764126639,7.310030957345104e-05,0.18081614361423753,4.384046829132415e-06,0.12454822811565017
33,0.00038848543750120285,0.0002495699631260658,0.0012284139502631438,0.16965862561202108,0.013124124200551078,0.049670358424652304,0.0015335100969880514,0.00022006573131559746,0.00018194317586197922,0.00011505653161855688,0.29732211779057094,0.040409804441786386,1.7729595031271068e-06,0.04999383654228442,0.002630768349160789,0.001399389990997718,1.0647585303527274e-05,0.0014897779932805048,0.0012746396557425047,0.00015080051671815313,0.026327831196943895,0.0001186274291006001,0.2627249895005604,5.110777427983074e-06,0.07976973214671998
34,0.0005105106612271964,0.00022765753731114277,0.002813231580749573,0.11887620304854249,0.009701560601520914,0.07662035181395661,0.002401794328069113,0.00023447946421086392,0.0015437432258250986,0.00012519647686556656,0.40428005329826106,0.02712599577456717,1.2177518493057274e-06,0.037918639409060595,0.007072226600322539,0.001876027494572537,5.017863925249625e-06,0.0006323752708232671,0.0028602414244004665,0.00015009800499221225,0.026648972117922196,6.303903238375848e-05,0.08621581117309775,3.969440705981673e-06,0.1920915866048373
35,0.00042490036197930306,0.0002285178477044584,0.0018912854369349849,0.22742046184055917,0.007404395353965126,0.039549696267579065,0.001674775746067329,0.00037965330045884057,0.0005402797057980698,0.00016950556298092113,0.29135966045702105,0.03462571874317576,1.13330205475189e-06,0.029348478138700118,0.002273748758086038,0.0012006037552054765,8.492763513291234e-06,0.0015191141052379403,0.001654910969880443,0.00021556656235637828,0.03384821409396978,7.690576219541773e-05,0.10506627098572442,5.0126974442493275e-06,0.21911269748140763
36,0.00042035832465626104,0.00019785328935971805,0.0021787848114053596,0.19300624057487167,0.013738191822427198,0.0431105762997747,0.0016727433888583756,0.0002869920741412658,0.00040809253017517826,0.00012468863099912981,0.28673289315562805,0.04586417476622645,1.539834262564182e-06,0.04573347095800928,0.0036367839170384857,0.00167373843303063,1.0285418661947059e-05,0.0008844605398247781,0.001813045548385863,0.00014654511865459723,0.03127312554269266,7.413448748715448e-05,0.17591166267003364,5.3227094422285295e-06,0.15109429515395284
37,0.0011938724249437795,0.00016106122545907737,0.0026558172340468197,0.13311102499741592,0.0066864972269313075,0.03145235911393194,0.002565757891883386,0.00013107127489863418,0.00015169265175205015,3.96409378798313e-05,0.39484995803247863,0.07196819056416716,1.5848841890989292e-06,0.06030234971560765,0.0016101560529484396,0.0011406457910362053,8.23120295817389e-06,0.0016985580871809976,0.0008710571820170063,0.00013756529892219638,0.01825206368238139,5.5625276094047734e-05,0.16038415681286253,5.313286222393028e-06,0.11056574915179133
38,0.00029417285426355,0.00022226179220127582,0.0020834326806594243,0.25870828457306,0.013874216269090902,0.037309467373880204,0.0014081190972323049,0.00030697911211455075,0.000386055553660699,0.0001362253199309665,0.28138167695294675,0.033721537235548896,1.580842341047368e-06,0.04069215024317113,0.0024356642733529324,0.0010769163401329635,8.494832036979767e-06,0.0010565999338201047,0.0013517950096983808,0.00016077166789521362,0.029489071648136262,5.993052205053706e-05,0.15040941152076182,5.610821831524437e-06,0.14341957353018156
39,0.00042351620929466317,0.00035238396912132204,0.0018057326428054556,0.16963012600413596,0.01039737437372665,0.04536411752709455,0.002234878239599943,0.00016627670807198245,0.0003634535432937298,0.00010544662591049797,0.36330566484005306,0.025877530269898717,2.0826666681670787e-06,0.04535083919912377,0.0036278348959038493,0.0009590827571831622,7.4463171649731275e-06,0.0011618773455129901,0.0010894975618976122,0.0001277739749279163,0.01898636868592462,6.981432010872251e-05,0.18365428506146964,6.816115506437583e-06,0.12492978014560163
40,0.0009478518400686973,0.00019383032625664264,0.001763901238910044,0.0762048769003039,0.007832044924959211,0.06403180366763123,0.001944428118760182,0.00011653176553222985,0.000317210209580039,4.8106274022268685e-05,0.4058018710272465,0.06054273477260997,8.447151346893482e-07,0.06909743639449697,0.004428656608512229,0.0013314975450074893,7.1440791508459774e-06,0.0011702625950461528,0.0017104307878096753,9.138349501422514e-05,0.027632900921690136,0.00014411858250080144,0.15245547673626214,2.598820956711525e-06,0.12218205765253679
41,0.00023087894741294888,0.00027090475067500423,0.00531110429698921,0.19479266869417572,0.03464591299927284,0.11403658413775791,0.0017370399499373106,0.0002855826940817482,0.002928222429728556,0.00028127040674268854,0.24881291936719244,0.016455064328457534,1.697697503639364e-06,0.05544417041674181,0.009061675137921948,0.0025279466542611024,3.478554806900373e-06,0.0003084673327711505,0.002813193748381773,0.0001311199035283787,0.028772373854667438,4.189679110830228e-05,0.08293553564290786,5.4643941835365e-06,0.19816482686879228
42,0.0004137004644392991,0.00016232490935368408,0.0013132328286453426,0.1283292449614815,0.008523848707200847,0.052981334132901195,0.0020316535634280685,0.0006762107968828095,0.0005199319366555353,0.00017207948983245116,0.311462064134371,0.03786990928246775,5.504209186012262e-07,0.02673171801938412,0.007910284741859546,0.0045411957962321545,1.4356370863475417e-05,0.0006808240744686736,0.004504982237168873,0.00026581598400983843,0.06183870302643128,0.00022855609534367752,0.22530141000377096,3.598208922394802e-06,0.12352246981296688
43,0.00014207565964625445,0.0001523279010268937,0.0005710951900738491,0.17133272640178432,0.016515847057879167,0.122966808667495,0.0009292443683995575,0.0004051861396513949,0.00040959776122887067,0.0004855101964242213,0.1935604558647452,0.016837207885222454,4.3273535550989693e-07,0.02404158644118296,0.0049827755284893365,0.0043181276237223105,6.738208741578357e-06,0.000834947920150618,0.0028234512685405256,0.00011963859046785218,0.08809913972651388,0.00012158214215848235,0.2508258195833793,2.7812940036214527e-06,0.09951489584371678
44,0.0003635757813578446,0.00018603762526387023,0.001694015011752285,0.18572332939273345,0.01076740575985783,0.05348872331584781,0.0018276432781182865,0.00023331717178701273,0.0003555099538824054,0.00011964168771985054,0.33033731761855195,0.0328161694098322,1.2654951035696239e-06,0.03959976961220786,0.0030532924263075266,0.0015398240934566827,6.949509021797645e-06,0.0010743140717171446,0.001375077703626817,0.00015343762517493022,0.029824648429155477,6.409388224862332e-05,0.18588930696557468,4.687689791641302e-06,0.11950064648990845
45,0.0003685393691829438,0.00019289007387885264,0.003071669235271456,0.14860928845961663,0.01684613538438214,0.05025473959711397,0.0025664600046628227,0.0003838873070264234,0.0007081735744549963,0.00011314239306162365,0.4255933865050961,0.036320629733183486,2.2412177630328683e-06,0.03728895284538714,0.006203595199325296,0.0020272523913927747,9.289680063561507e-06,0.000526545520068927,0.002125839101924859,0.0001996237624135518,0.020067577466126595,6.855520669689255e-05,0.15802195768569297,7.312371308704829e-06,0.08842231591490422
46,0.0002526157233799268,0.00018054644615629714,0.0015094329453884212,0.1661851693635581,0.009842961417662749,0.11039925497118487,0.0025254461991215584,0.00013569870923880624,0.0005503846460293183,0.00014677678755451357,0.34395136012207655,0.018660487296630893,1.0191323603702849e-06,0.05473294900940539,0.00306528505215923,0.0019752180098736387,1.8747031100374483e-06,0.0008386174368233568,0.001502384709637946,0.0001454247498500335,0.025577378990203892,4.292400675346539e-05,0.15231365367318775,2.4178676887194235e-06,0.10546071803096428
47,0.0017633597850628098,0.00017375934980243986,0.0015766024413789502,0.07198345633516207,0.0040689204902706,0.050134128941862394,0.0024735486468552077,0.0001938276192718122,0.00018381336742950122,7.175422169902709e-05,0.3308247073533477,0.11398814389340577,1.0489737149261013e-06,0.03361517923920135,0.0034753994366885565,0.0028464793459381486,1.6957609120272698e-05,0.0021873634750018325,0.0013351719655038845,0.0002227514009774607,0.028846837172066674,0.00023110424251494895,0.20903679645149031,4.905851112711793e-06,0.14074398239112054
48,0.00041987932697900573,0.00034697291136757177,0.0011728489793284744,0.1837182531114712,0.011626478101419386,0.03130744735370216,0.0018752343284553115,0.00040388269738623334,0.0002660065554407541,0.00017430193299302176,0.24224133679778817,0.03064787875505401,1.6199088204876923e-06,0.03801958592519134,0.004971344442480967,0.0019117708871877117,1.9316860975028972e-05,0.0009561212554445199,0.0025744241397580516,0.00014775709859438668,0.03490989245396001,0.00013557647935900306,0.2759715482046725,7.327859074361799e-06,0.1361731936330964
49,0.00036085733608039655,0.0001273689689510715,0.0017730657984437199,0.15889274544677431,0.011963843601455299,0.06696796917408175,0.0014488160968398002,0.00021189002853996006,0.00028805849802355295,9.311456352162596e-05,0.3640816015924818,0.05572946410388268,1.2422624015221402e-06,0.04468780605204685,0.0023533932247556946,0.0014905167148103822,6.901703209464178e-06,0.0012919448297242502,0.0011657812522942363,0.00017160474671357086,0.029764773227016993,8.214776258260344e-05,0.17592009913902748,3.3035335023919526e-06,0.08112169034283852
50,0.000344746315591179,0.0002874287458163018,0.0014153949996287747,0.21463949708321578,0.009573737111158687,0.08599185479865705,0.0040413195190339,0.00026292812475211305,0.0005468079694770344,0.00036280694149910337,0.2018322397874292,0.01586745059078091,1.4048672717999534e-06,0.06350802482854763,0.0037121238434853526,0.004865746640256555,3.3528319508607028e-06,0.0007666770834006756,0.003090599457311517,0.00022915343289117894,0.029721789001419772,7.730759108913754e-05,0.19945541232062308,3.7106753698095503e-06,0.15939848543934257
51,0.00018089628455837762,0.00016573875109181382,0.001086460800030338,0.2880619146865496,0.006612515838352431,0.03673153842460153,0.0016178233743417698,0.00019275016114629604,0.0001907832066919395,0.00010571482701774556,0.3672598842450904,0.023869324779368716,1.0114967542942534e-06,0.04306909433119995,0.0009709101762617425,0.0005301052552357117,3.3449458330852277e-06,0.00184179711555539,0.0007295350121905039,0.0001504413553920752,0.03230662649314807,4.4206515056770546e-05,0.11868093615303756,2.6187902565641142e-06,0.07559402698123738
52,0.0002764775750430129,9.08446108014532e-05,0.0006267998733892513,0.08165884040898577,0.0029013353720100583,0.18041769969371751,0.002165792960104419,5.93694713603776e-05,0.00022441247591546755,7.604649007495757e-05,0.4750368665862212,0.015351620047933529,8.28728831092526e-07,0.021062757893162493,0.0012987151222137914,0.0011355864857180947,1.4888267379530835e-06,0.0028865974081511464,0.0003099234650897283,0.00020095601839024768,0.014285656721540996,4.941647709953747e-05,0.1656873070704608,2.0150807105835164e-06,0.03419264513633669
53,0.00023931465168677837,0.00023786018499499792,0.002311575735312981,0.26779471086793477,0.057883054606946614,0.039214326008480585,0.00039375610141163174,0.00032873751858740263,0.00028977446635933046,0.00016952084349320935,0.18585198023526758,0.07812215130576747,1.5921842630343097e-06,0.07691021713757346,0.0019663549280055227,0.0008735207468771084,1.3833275247996544e-05,0.0009356768273758948,0.0023213530812569994,6.809179237960413e-05,0.04769975407098668,8.87435896973952e-05,0.10125056888323873,3.7504695251108963e-06,0.13502978048732914
54,0.0006920743403141958,0.0002814982733280235,0.0017238057127698203,0.1375897585587153,0.00479082458869095,0.07208070159375281,0.004271369529037212,0.00012244032670991438,0.0004830650853221286,0.0001783810002475358,0.16385907291536583,0.027298421933628015,1.2544190596840153e-06,0.07231153244201144,0.004387033168404705,0.003729013618459597,3.235801310213671e-06,0.0007879519080107183,0.0016630120920898015,0.0001819621679116562,0.023165080172459798,8.09480437707394e-05,0.19879230055714797,3.288006169247408e-06,0.28152197374531274
55,0.0002494194612250055,0.0001586348517934308,0.0009432901711864768,0.1564683644936972,0.01384136261620898,0.06178138682948101,0.0015231234557004307,0.000240141842105658,0.0002225368473427029,0.0001397813460260788,0.2587574560590107,0.02054734323975413,7.047456514142086e-07,0.04089716149069674,0.004139411774458452,0.0023293254098618564,7.07029140666415e-06,0.0007491371053802736,0.0017460040441876832,9.799875395233645e-05,0.041755766892918475,8.22095196798609e-05,0.3147281510802462,3.7421580375175347e-06,0.07859047551999067
56,0.0003691909457923564,0.00020336860789878206,0.00180958150854888,0.18979999044319543,0.011133969180208403,0.051867983053521284,0.0018723359883921736,0.00023389137165472657,0.0003697989107118248,0.00011950493037417673,0.3406508507844354,0.03315064490387149,1.5597803932071582e-06,0.04032069366168681,0.0029943000577266296,0.0014267078644204338,7.345866873987735e-06,0.0011199570731561803,0.0013256892526062431,0.0001624830511325892,0.027743068315833938,6.266372506070826e-05,0.17931994783256613,5.215415147424552e-06,0.11392925747479077
57,0.00038328208606354717,0.0001745679725818278,0.0032133758104440783,0.1985813945402267,0.02571134112369933,0.045785264433664895,0.0010471203778941078,0.0005253996212933936,0.0006040069225750468,0.00019647396218183913,0.2487994901720404,0.09348773551979503,1.780532612611278e-06,0.047982919086093964,0.0038239389935068122,0.002416711018571791,1.8834180872104765e-05,0.0008096302601413707,0.0033461639933687402,0.00018188237325207892,0.049614707225165186,0.0001205861353905878,0.12168949248848153,4.968557617058349e-06,0.15147893261246603
58,0.00038675479216711105,0.00020813854330807793,0.0018175909957997476,0.1829978487141508,0.011118128468632279,0.045386764529654657,0.0018399444536396205,0.00024862509620354517,0.00032635189036835154,0.00011915796528450124,0.3306814575100704,0.03290696480875926,1.4492308998750462e-06,0.035799636422587794,0.0031596535904416085,0.0014028811206118462,9.12759117650377e-06,0.0011773504882841273,0.0012106567816096156,0.00014733137020323547,0.02940425266769266,6.567374242903818e-05,0.20024131475906673,6.570417994844046e-06,0.11933637404896379
59,0.0004128665771727426,0.00020057658034996936,0.0022841274359454034,0.18806635955143447,0.011448293627700269,0.04312505785660827,0.001972248862562329,0.0002676432778832303,0.0003458874849473137,0.0001177525659594316,0.33276975616390125,0.03591327592820535,1.6016915882857472e-06,0.035524601758228885,0.0030035481160911844,0.0014434521779337801,9.538643798172751e-06,0.0012229438825293283,0.0011035681086025333,0.00016623257706147837,0.02831114023952282,6.289236765053487e-05,0.19122587129743793,7.801225068462587e-06,0.12099296200181645
60,0.0003635757813578446,0.00018603762526387023,0.001694015011752285,0.18572332939273345,0.01076740575985783,0.05348872331584781,0.0018276432781182865,0.00023331717178701273,0.0003555099538824054,0.00011964168771985054,0.33033731761855195,0.0328161694098322,1.2654951035696239e-06,0.03959976961220786,0.0030532924263075266,0.0015398240934566827,6.949509021797645e-06,0.0010743140717171446,0.001375077703626817,0.00015343762517493022,0.029824648429155477,6.409388224862332e-05,0.18588930696557468,4.687689791641302e-06,0.11950064648990845
61,0.00040548356630579446,0.0001953221752727717,0.0023654987825996055,0.18373081155881466,0.011841203661052215,0.04534149535906417,0.0019072038281041893,0.00025127065856353243,0.00037468254354232014,0.00010990932452275805,0.3514251005318112,0.03768440168640705,1.5780770330156009e-06,0.0377042464563004,0.0030126015333659037,0.00138648565264924,8.713072564682767e-06,0.0011417713726156655,0.0011755607868785167,0.000161907234568311,0.028051217881221627,6.122655450562692e-05,0.17326304533043554,6.738871968782722e-06,0.11839252349983234
62,0.0003635757813578446,0.00018603762526387023,0.001694015011752285,0.18572332939273345,0.01076740575985783,0.05348872331584781,0.0018276432781182865,0.00023331717178701273,0.0003555099538824054,0.00011964168771985054,0.33033731761855195,0.0328161694098322,1.2654951035696239e-06,0.03959976961220786,0.0030532924263075266,0.0015398240934566827,6.949509021797645e-06,0.0010743140717171446,0.001375077703626817,0.00015343762517493022,0.029824648429155477,6.409388224862332e-05,0.18588930696557468,4.687689791641302e-06,0.11950064648990845
63,0.0003860875557641173,0.00022485763147772416,0.0017336150442307313,0.17924952717933929,0.010124461485565532,0.05172652367033283,0.0019243883589624938,0.0002338091812653015,0.0003894219581883694,0.00012162779648280727,0.34707666962614,0.030787204173139054,1.3994565451300891e-06,0.0378097113854177,0.0033008162502671315,0.0013945502376956423,7.470520005912488e-06,0.0011474510733428705,0.0013591996256605726,0.00015951198992547036,0.028669191300603594,6.975719422055831e-05,0.1775241986622036,5.305954997884784e-06,0.1245732426882257
64,0.000323887029823531,0.0001697312492422063,0.00139984768497839,0.17804707630786035,0.010936318495949086,0.0501806008972442,0.0015079304295632433,0.0002396903991839155,0.00030753366191755215,0.00012119491039185917,0.33455982896643666,0.033472281292649855,9.250871129211131e-07,0.035806678528964284,0.0031593681662023133,0.001479639213675944,7.5625106032627315e-06,0.001089348369590342,0.0014681631936552626,0.00011986667591688525,0.04376916439527083,6.41055286600089e-05,0.18501258393965925,4.283524753370175e-06,0.11675238954069445
65,0.0002576622279753768,9.130811840804957e-05,0.001016856504545618,0.18660295643402255,0.014305149888669662,0.08711055466200404,0.001028525396174196,0.00015087769140157073,0.00015533385717664524,0.00012082029457325114,0.2550467974301971,0.047297778819827836,7.666571639802834e-07,0.05356373108821444,0.001593530959794246,0.0019031042499388807,4.581677935135998e-06,0.0014136534267078329,0.0011126540027638129,0.00010597136971875002,0.044799928652150774,5.8574615901525e-05,0.2260292574884404,2.0880775233384933e-06,0.07622753640877096
66,0.00036093790514150865,0.00018430633542954587,0.00173502767866266,0.18913808148585554,0.010860449280660003,0.05524167696465306,0.0018694971492739139,0.00023868833837922495,0.0003715538019180361,0.00012512425747144857,0.3280778622671017,0.0330629974094018,1.2951746209870707e-06,0.04032285064657096,0.0030058514389886305,0.0016240643643164682,6.722541492716141e-06,0.001060720261744907,0.0014304184011873747,0.00016185419161755617,0.02979070846791018,6.387752603610474e-05,0.1816876941914345,4.568555253728408e-06,0.11957317136487738
67,0.0003245591163543478,0.00043056941472823987,0.002322133685557179,0.20549101800974193,0.01846577435519172,0.03286298225317877,0.0012639082370021646,0.0006496310967326902,0.0011606623570484967,0.00023930566233615772,0.3904561271221521,0.024599553918754402,1.2651094154409267e-06,0.024488686303367403,0.004804158911131915,0.0008420212099193086,1.3447049651313153e-05,0.0008103182543091007,0.0035260762479919702,0.00011303746824587395,0.04011879386546748,9.33128002155287e-05,0.0636679486439088,7.724043411951013e-06,0.18324698486418567
68,0.000348647066381126,7.357238516078828e-05,0.0003024354731675736,0.09516517467372308,0.0016959517907149464,0.057405575546980794,0.0011287576278832827,7.09397703153673e-05,5.150707642742118e-05,4.281775517333934e-05,0.37711536635474724,0.028481092021830474,4.3121200225775574e-07,0.010567511931114389,0.0009767762594124895,0.00069633247083612,5.136439620396248e-06,0.004120281619623095,0.00018344561205177047,0.00013817171171477178,0.024415819611132764,5.740948810827702e-05,0.3431753429762271,2.7654486278339053e-06,0.053778737677023375
69,0.0002838497185043845,0.00015650113264452058,0.0029966097145913543,0.39751511064640543,0.0048649746202953596,0.018100892601684834,0.0024409405920678227,0.0004764648865649797,0.000428427920537823,0.0001910967024074316,0.1606846540565963,0.019510125277725908,1.7484989044266426e-06,0.016422872599300087,0.0012977601694202127,0.0015452169104549708,7.0380132166287465e-06,0.001083449989236706,0.0007684700057451881,0.0004586255353019821,0.023774689025452815,2.3418896350307632e-05,0.11577886733711215,1.1296542066035969e-05,0.23117689860741247
70,0.00035236431513279587,0.0001916259354726009,0.001645749371495569,0.18493716143084002,0.010913456575838476,0.0525980208576006,0.0017982685807822246,0.00024728626804428885,0.00036249137480051186,0.00012375179579304866,0.33592544548618186,0.03166936350744895,1.245888792486357e-06,0.03742736880603403,0.0031832725757287347,0.0015278747848890021,7.271876252292915e-06,0.001063673302773447,0.0014246751514064985,0.000152802881175666,0.030410872943281892,6.573145580327457e-05,0.18575382122214631,4.849094856110843e-06,0.11821155451742951
71,0.0004394156398869833,0.00012551860467919972,0.0015385579648760474,0.17147513126399003,0.0054971708982571935,0.03823003190253673,0.002627695626908853,0.00023738564755147306,0.0002391686383890499,7.34954662891692e-05,0.37670242469966764,0.03547086714683036,1.1135938026592101e-06,0.03176521071151137,0.0023162557512704123,0.0016456126353804734,6.6416983217859056e-06,0.001156622050643239,0.0011039109834946694,0.0002263019410784011,0.025503081976921693,5.529025701566834e-05,0.2092533413417899,4.373474723015935e-06,0.09430538008418399
72,0.00026634831801401325,0.00018084993038170087,0.0008818590787151805,0.18898445129132696,0.00739633929267947,0.03206286085647101,0.0017503516325852741,0.00035284934582158065,0.00016696489383865402,0.00011911852461055519,0.4090245419450107,0.02521660208258663,1.0649830045863464e-06,0.020630262639759128,0.002110909708351587,0.0011043139246534924,1.1497580542201682e-05,0.0016845728234776691,0.0011843264326525148,0.00017560930043802165,0.036272921674216016,7.447281286579479e-05,0.206453766868833,6.156757659062768e-06,0.06388698730150513
73,0.00046726739489687843,0.0006836919095177046,0.0011936269864280431,0.09439746846159427,0.03000801486611133,0.030872485166710314,0.0007572238990894202,0.00022586172323924044,0.0002037192252310581,8.394290218200406e-05,0.3585360113978096,0.03466063462847969,1.1171090979470512e-06,0.041613271447243916,0.009971647498356287,0.0004770646673169263,3.164508327854114e-05,0.0011943413080401678,0.001609898630899459,2.959344746719305e-05,0.036425947934200426,0.00022533429339382111,0.234115025153706,1.1733518470666298e-05,0.12220343134723904
