,0,1,2,3,4,5,6,7,8,9,10,11,12,13,14,15,16,17,18,19,20,21,22,23,24
0,0.0003587815381264023,6.776099505060466e-05,0.003043066062650582,0.000599570634523024,0.006826064586754027,0.0637642012056172,0.00034067771221479214,3.6565733320348343e-06,0.000797781716010317,1.3385398781745146e-06,0.8780392792801727,0.021082496631186252,4.961907931990126e-07,0.008562404490170598,0.008058413115712457,4.4244165584631996e-05,1.1109324376093621e-06,0.00018431812785647356,0.0001587640459605692,3.1816147474985098e-06,0.0009280091963347471,4.061567613156825e-05,0.003480622343400458,1.601564316857296e-06,0.003611543061037364
1,0.0006303295505967761,0.0004993781251513061,0.002890475275327646,0.004579459043027806,0.0113112680905475,0.08107899204652075,0.0007642118284642143,1.7259833935028158e-05,0.0016009517728325189,1.3468953606264312e-05,0.7273876543790729,0.02433043483607442,5.544131489821282e-07,0.031808020769081194,0.02679952741687549,0.00013287184193247728,4.415234693404179e-06,0.0005969319899644752,0.0008293294516980989,6.457997451034821e-06,0.009890294295454656,0.00022236946738750732,0.019582393965929427,3.7811424566367333e-06,0.05501916827876934
2,0.0009139349761744151,0.0005675574841360299,0.0016598816929329463,0.004345380635145173,0.009957693847060191,0.06313075637539768,0.0007245072937746104,1.5428434867709085e-05,0.0006375434112106217,8.574889583175494e-06,0.6870488662958572,0.030866066754378228,5.231054306288154e-07,0.034726344874714384,0.03933875946227046,0.00011138252205169811,9.367877177973776e-06,0.0008121792176127292,0.0005749875981124677,4.796919620574747e-06,0.010715591032250803,0.0003938037544701313,0.05292123467927392,5.23651699819918e-06,0.060509600349498205
3,0.0006862432162095407,0.0005254981107799644,0.002140865788862861,0.005055061864447622,0.010241606218183631,0.053754840689316956,0.0006157446698151895,1.3272627051366608e-05,0.000617731761358613,8.303683742193624e-06,0.7637114379618509,0.028416083440811476,5.971286563979694e-07,0.03024660993642742,0.017766895502211135,6.720964526871734e-05,6.210017843806782e-06,0.000960856440972582,0.0003941055603614994,4.922066040405826e-06,0.008404983484180954,0.00022057849076292466,0.02846642341157505,5.057269062454741e-06,0.04766886101420639
4,0.0006516175209687784,0.0005781838028687355,0.0023713444904344214,0.005223885630994371,0.012155407403010514,0.0572030693971107,0.000627637043290084,1.188324019991068e-05,0.0006248184482296243,8.513594013398987e-06,0.7604108252388618,0.029089975425608622,8.261759579912066e-07,0.036846820497705414,0.016566193753122287,6.245191741995031e-05,5.91734741585711e-06,0.000979695720518959,0.00036511844560538126,4.949734535661813e-06,0.007460568848381453,0.0002155753171927441,0.027640486185671515,5.290809970572421e-06,0.04088894401091127
5,0.0005843056313383246,0.0005774392621807038,0.002068073190919124,0.007146455259314483,0.011629243556147386,0.05155015238550517,0.0005834754257208982,1.4453925951990139e-05,0.0005032282529784102,9.846120448572945e-06,0.7601520563858354,0.02751574963076435,6.86250914138754e-07,0.03238592023265594,0.013173288088061142,5.810656166326767e-05,6.434300184710263e-06,0.0013036276242248217,0.00033165460425311816,5.445004350145253e-06,0.009469821786948574,0.0002059831348783487,0.032571977518576635,5.825783522842873e-06,0.0481467500826614
6,0.0006862432162095407,0.0005254981107799644,0.002140865788862861,0.005055061864447622,0.010241606218183631,0.053754840689316956,0.0006157446698151895,1.3272627051366608e-05,0.000617731761358613,8.303683742193624e-06,0.7637114379618509,0.028416083440811476,5.971286563979694e-07,0.03024660993642742,0.017766895502211135,6.720964526871734e-05,6.210017843806782e-06,0.000960856440972582,0.0003941055603614994,4.922066040405826e-06,0.008404983484180954,0.00022057849076292466,0.02846642341157505,5.057269062454741e-06,0.04766886101420639
7,0.0005193991620934589,0.0005629397702996545,0.002664412228039019,0.0033477490267562592,0.004327483980309309,0.023301181580173958,0.0007183660767620714,7.2568007672853904e-06,0.0006287269944953566,3.5914552133843072e-06,0.8890934493300002,0.015599784344155355,1.129079546796993e-06,0.01647776366412883,0.007908394491414455,1.8274696082066138e-05,3.1451670856530818e-06,0.0007271458937231991,0.0001465256972408696,5.633833237759856e-06,0.0022401773240739256,8.412818803880828e-05,0.00886644736043622,5.625532630273621e-06,0.022741268323295826
8,0.0011509244800232072,0.0011778579820319593,0.005094451998361842,0.01688144839276437,0.02015820635381297,0.041421012656368515,0.0011180572611968695,3.3738849458116106e-05,0.0008510983887382004,2.3812992105535225e-05,0.5185112368554412,0.03561505883427318,1.2456401282475954e-06,0.06428333633961855,0.02664688055074007,0.000135209653679722,1.48165389950614e-05,0.0011053577019656598,0.0005693545139363994,8.082130555962745e-06,0.01541679842118861,0.0002703770569639657,0.06472344563114324,1.692650005486725e-05,0.18477126427645377
9,0.0009503851086519118,0.0013979219513418173,0.009449546451905317,0.01619841057682551,0.020432343742085596,0.028823477975221383,0.001072359713408026,3.0460986243503914e-05,0.0013867671214936959,1.7980461783124045e-05,0.6337922439930839,0.03019692240700421,2.1894197683479686e-06,0.04807287241164808,0.018607071194860082,6.107604104738155e-05,1.188632028287342e-05,0.0010439270270325024,0.00037630916792423004,9.266745899252098e-06,0.008714029218358023,0.00014850335560850176,0.02697533277318336,2.4714576728689068e-05,0.1522040012586108
10,0.0006862432162095407,0.0005254981107799644,0.002140865788862861,0.005055061864447622,0.010241606218183631,0.053754840689316956,0.0006157446698151895,1.3272627051366608e-05,0.000617731761358613,8.303683742193624e-06,0.7637114379618509,0.028416083440811476,5.971286563979694e-07,0.03024660993642742,0.017766895502211135,6.720964526871734e-05,6.210017843806782e-06,0.000960856440972582,0.0003941055603614994,4.922066040405826e-06,0.008404983484180954,0.00022057849076292466,0.02846642341157505,5.057269062454741e-06,0.04766886101420639
11,0.0006862620090629919,0.0005484286423590495,0.002211745853813575,0.0050903148860418175,0.01025554854771456,0.052649239223675266,0.00062292922608274,1.2901935743080873e-05,0.0006177179305974791,8.19399157463826e-06,0.7675533476891211,0.02894948945142398,6.938090405370495e-07,0.031163194079054206,0.016826487504914736,6.255921307140839e-05,6.307801965852622e-06,0.001001809653318856,0.0003694357866066188,5.112469062819253e-06,0.0078002093484838865,0.00021945993460882924,0.027885774969415644,5.2916854566532e-06,0.04544754435778958
12,0.0005275395276981371,0.0004311255745543142,0.002734778315418338,0.0040296465485919145,0.005993067357917441,0.03920598190778765,0.0007270530305090871,1.5082279185737409e-05,0.0015474994815688793,6.966125297766377e-06,0.817632346321982,0.01572569237149611,4.249478911666316e-07,0.016381919468351762,0.021888010633736164,5.587060128127744e-05,3.546468794205493e-06,0.0004386112821223158,0.0005018617691196016,5.58508577619627e-06,0.006258409077385558,0.00011634822646072889,0.011473412203262355,4.018363632880034e-06,0.0542952030301784
13,0.0006418062341116924,0.0025495573649936443,0.002251689838315829,0.01949167002843504,0.022500513792413135,0.21780483329663847,0.0016525545895630512,2.4700791291137778e-05,0.0010638998392181979,0.0001583130208191815,0.3454747571389064,0.007808972639076215,1.346457204525058e-06,0.04726918539896417,0.025789084011771296,0.00045260930215570793,5.7902213696877314e-06,0.002456953712666619,0.0006042694914168013,1.3918857441987878e-05,0.01548369145164841,0.00032325209356430566,0.11595371089340048,2.132852412819531e-05,0.17020159101048568
14,0.000467989371026654,0.0008519475752277128,0.0019907001663428386,0.005771018374509972,0.01337200347888651,0.06481557277447618,0.0005775797044342328,1.2952202705190097e-05,0.0007320574362743052,1.3786125548107289e-05,0.7712258403927358,0.0188499967101541,8.054239276240863e-07,0.029694236082060104,0.0163217608742388,5.8458559349667565e-05,5.173568014485825e-06,0.0010710801451627478,0.00038823282877965435,4.949839870398683e-06,0.008382548364661015,0.00021089951308592185,0.024461830239743194,5.926322249200895e-06,0.04071265392653593
15,0.0006862432162095407,0.0005254981107799644,0.002140865788862861,0.005055061864447622,0.010241606218183631,0.053754840689316956,0.0006157446698151895,1.3272627051366608e-05,0.000617731761358613,8.303683742193624e-06,0.7637114379618509,0.028416083440811476,5.971286563979694e-07,0.03024660993642742,0.017766895502211135,6.720964526871734e-05,6.210017843806782e-06,0.000960856440972582,0.0003941055603614994,4.922066040405826e-06,0.008404983484180954,0.00022057849076292466,0.02846642341157505,5.057269062454741e-06,0.04766886101420639
16,0.0006675154316091522,0.0005564278764565426,0.0013186417592534342,0.007313982227612359,0.008546486954326651,0.07642951992650572,0.000701075555502738,1.719936385485636e-05,0.00046498211494758174,1.8167242199447293e-05,0.7037159963187517,0.02821638651325207,3.9119921464811215e-07,0.034389043937268896,0.01489580498426943,0.00011952326385243414,6.106335747228374e-06,0.00170117423901387,0.0004953128134052828,6.0578456999134426e-06,0.020989751873192533,0.00031094055182425453,0.04099122536710251,4.113643606357663e-06,0.05812417266153009
17,0.0007634798711542087,0.0005362426913831668,0.002219700367797262,0.01011980308453135,0.011703902534647405,0.04928233071310336,0.0006726854409964666,1.3053914621236338e-05,0.00034053856077994476,8.535283716599053e-06,0.6972885045156354,0.04286989195011746,9.201986597285436e-07,0.05966345237176328,0.009135548085804456,6.170618599335979e-05,6.42824471687639e-06,0.001693660403653091,0.0002830563600207246,6.382576447925076e-06,0.00957276063823782,0.0002143875029226222,0.04746285533290913,5.127228411957469e-06,0.05607504594197517
18,0.0018228993868696028,0.0008405376503595137,0.0030161294141261823,0.006373283922620015,0.008708128012132745,0.031829010400991904,0.0008018371034986809,1.8170709773658224e-05,0.00038952037790327234,9.661897835650213e-06,0.6459727492832764,0.06906712706908665,8.499475097454964e-07,0.03958903100443132,0.017370919942681536,7.065680180219403e-05,2.0874561363153848e-05,0.002364365538424301,0.0003441508444301496,5.686388827450822e-06,0.012007156434577825,0.00048543960075853764,0.04523771549910353,1.2326415692374994e-05,0.1136417717919237
19,0.000489200482492814,0.0005746940355019887,0.004105313604613858,0.0064697689643182415,0.01893183346602599,0.05356163717323225,0.000510255193566372,1.5710616057884604e-05,0.0009409651080752228,1.033717289245885e-05,0.757367861227078,0.039091462882648274,1.1714168418355494e-06,0.041423877104632995,0.01293081031057247,4.987750230638758e-05,5.969346765781715e-06,0.0008721983431125799,0.0003674848096861174,6.191805844798354e-06,0.006752569162488331,0.0002150935618491181,0.016748120084907694,5.3984039774918095e-06,0.038552198220511064
20,0.0005975834662692364,0.0007494871499361909,0.0020504148806483485,0.005721933807668303,0.014387451422063168,0.04920541918167936,0.0005242254724399475,2.4449212558492376e-05,0.0007313164610211382,1.2199344436871856e-05,0.7299558957661524,0.033092873326649716,6.312329446223867e-07,0.031695586943692525,0.028173987847778456,6.856779104100677e-05,1.2027364466737556e-05,0.001044914660941345,0.0005546265448855119,5.5614615002304875e-06,0.012591948180254879,0.0005077520058005445,0.034750845515782114,6.537651046885874e-06,0.05353376330834194
21,0.0009611131813697582,0.00036355112267239795,0.002359615061758711,0.005726461226061578,0.008857491715413467,0.06958841842583284,0.0008509279304502559,9.11517379813385e-06,0.000373345482100112,8.198847598194844e-06,0.7176847730707335,0.050255620946810235,8.990634897235063e-07,0.04552371711165465,0.010529165643481548,0.00011235780271415095,4.658077927629333e-06,0.0012457521588774448,0.00028382990305375437,6.5862920914142255e-06,0.007851509833794562,0.00015818252904074593,0.03724878745517294,4.285988610615161e-06,0.039991635955491774
22,0.0006372750284404857,0.00029281685241565845,0.0017917780054639404,0.0036648594207102777,0.007396911571102055,0.04960827680055713,0.0005010344417569335,1.1130809766228921e-05,0.00039393199793247535,5.534518672567065e-06,0.8100575522667065,0.030954407451885994,3.825395653094314e-07,0.023439169918802315,0.011044357034799982,6.023072362197467e-05,5.627793684534821e-06,0.0010972880887622394,0.00028350837981731776,4.539773918816921e-06,0.008925594185636163,0.0002037253402861625,0.023192948005295325,3.5784045016374122e-06,0.026423540645898132
23,0.0006862432162095407,0.0005254981107799644,0.002140865788862861,0.005055061864447622,0.010241606218183631,0.053754840689316956,0.0006157446698151895,1.3272627051366608e-05,0.000617731761358613,8.303683742193624e-06,0.7637114379618509,0.028416083440811476,5.971286563979694e-07,0.03024660993642742,0.017766895502211135,6.720964526871734e-05,6.210017843806782e-06,0.000960856440972582,0.0003941055603614994,4.922066040405826e-06,0.008404983484180954,0.00022057849076292466,0.02846642341157505,5.057269062454741e-06,0.04766886101420639
24,0.0004904009047062258,0.0007773918414554222,0.002338957063322285,0.010485534840117963,0.016849527520111332,0.06538154536683019,0.000618118549282733,1.4342132918171367e-05,0.0005828399456071297,1.4098790148266306e-05,0.7119055886698623,0.02876788495396622,1.0734267746551178e-06,0.05717227244882602,0.011168959361423031,6.252687973895298e-05,4.863234213538299e-06,0.0013030264489335274,0.0004107328758720301,6.650440073240603e-06,0.009440278708477632,0.00021361687291147116,0.03255696856923761,4.681904562767871e-06,0.04942811825062721
25,0.0004562874654579527,0.00019870118517259546,0.0017042088854146698,0.005016242876435707,0.004876667045668526,0.017213350232872543,0.00048063324874029036,1.4179965411906858e-05,0.0002615420813824983,2.6296903091137573e-06,0.8718132579272819,0.031083106650857655,4.4812419807563697e-07,0.017611255758382273,0.0058061755087221835,2.6871952814822237e-05,4.96726076103745e-06,0.0007379327668552392,0.00022075025575572348,5.433274995073789e-06,0.0053600631628035285,9.479588843604823e-05,0.016426825259585665,3.09278853728786e-06,0.0205805807431477
26,0.0010870527986915639,0.0005953246413854989,0.003695802768024446,0.004405149435747804,0.00812935935543873,0.026605134530553222,0.0006138022140509784,1.4465846219885156e-05,0.0004994382034210596,5.492278597462739e-06,0.8145800753018901,0.03282675194537049,9.65499072240692e-07,0.017250400436533756,0.012910243935918374,3.554366204227867e-05,1.3714911052192373e-05,0.0014922502272575338,0.00017371185432043767,5.330085093262261e-06,0.00513632144767018,0.00019052769866236514,0.023170398268611267,1.5095027070721028e-05,0.04654764762730445
27,0.0007913124469676285,0.0006040483904703294,0.0021428236757270757,0.004293903545306008,0.008940073939466522,0.07224172054414457,0.00066384304009685,1.829940513019436e-05,0.00122215848034845,1.1273729578827608e-05,0.7165567392901039,0.02353395056970539,4.4832995067035857e-07,0.02449592092384193,0.03332958847006876,9.042105204693388e-05,6.8388311436527e-06,0.0008672579986353089,0.0005483607308820256,5.939745113643467e-06,0.009671270245534432,0.00035880819973773493,0.027340716657414204,5.219684528183324e-06,0.07225906207405679
28,0.0006862432162095407,0.0005254981107799644,0.002140865788862861,0.005055061864447622,0.010241606218183631,0.053754840689316956,0.0006157446698151895,1.3272627051366608e-05,0.000617731761358613,8.303683742193624e-06,0.7637114379618509,0.028416083440811476,5.971286563979694e-07,0.03024660993642742,0.017766895502211135,6.720964526871734e-05,6.210017843806782e-06,0.000960856440972582,0.0003941055603614994,4.922066040405826e-06,0.008404983484180954,0.00022057849076292466,0.02846642341157505,5.057269062454741e-06,0.04766886101420639
29,0.0006862432162095407,0.0005254981107799644,0.002140865788862861,0.005055061864447622,0.010241606218183631,0.053754840689316956,0.0006157446698151895,1.3272627051366608e-05,0.000617731761358613,8.303683742193624e-06,0.7637114379618509,0.028416083440811476,5.971286563979694e-07,0.03024660993642742,0.017766895502211135,6.720964526871734e-05,6.210017843806782e-06,0.000960856440972582,0.0003941055603614994,4.922066040405826e-06,0.008404983484180954,0.00022057849076292466,0.02846642341157505,5.057269062454741e-06,0.04766886101420639
30,0.0006862432162095407,0.0005254981107799644,0.002140865788862861,0.005055061864447622,0.010241606218183631,0.053754840689316956,0.0006157446698151895,1.3272627051366608e-05,0.000617731761358613,8.303683742193624e-06,0.7637114379618509,0.028416083440811476,5.971286563979694e-07,0.03024660993642742,0.017766895502211135,6.720964526871734e-05,6.210017843806782e-06,0.000960856440972582,0.0003941055603614994,4.922066040405826e-06,0.008404983484180954,0.00022057849076292466,0.02846642341157505,5.057269062454741e-06,0.04766886101420639
31,0.0008512012543845137,0.0010063299385905304,0.005188974874727479,0.011675124215334393,0.02104276216568281,0.03934805544433923,0.0006831412194739075,2.9585770736971633e-05,0.0007572921629037831,1.5687473316516122e-05,0.6902733840484612,0.04395140733160919,1.4262052159100043e-06,0.04904722907850114,0.012618189149379795,6.773001011090024e-05,1.16885899954704e-05,0.0015968913098950077,0.00046275327117009755,8.982610694456157e-06,0.010525195503321608,0.00026883183537320266,0.02942993777523948,1.2479998839526704e-05,0.08112571876270305
32,0.0007004468079990934,0.0005346672987371106,0.0021343140802450884,0.004817056124697483,0.010444793714506772,0.05653478069917447,0.0006226433439245693,1.432524964194307e-05,0.0007129158042545072,8.858795942239596e-06,0.7554472799417415,0.028372944793436338,5.685239958025471e-07,0.030661488537683388,0.020666110494289146,7.619807690212396e-05,6.421989597458153e-06,0.0008858808841495148,0.00048516881842692276,4.9978229485457396e-06,0.009102042448384685,0.00024601642056505766,0.02773278237253629,4.754564501841459e-06,0.04978254239171801
33,0.0007706114747917665,0.0007768466104670151,0.0017400241426773905,0.00517015405264279,0.014380136311152241,0.056148706532877,0.0005507662462901638,1.3932327639802421e-05,0.00036055934366877745,9.212062303699618e-06,0.7338826628480346,0.038040754650137294,9.324828246588648e-07,0.04289236132360684,0.01664684970865051,6.760473493755486e-05,1.0243258611427507e-05,0.0014436028324937716,0.00040349456334583673,5.34169737534466e-06,0.008145165494687022,0.0004539404911419367,0.04329743241554095,5.964609001316718e-06,0.03478269978510048
34,0.0008106117498934085,0.0005180108660965271,0.002912544207242741,0.002783659179840838,0.007246537322626558,0.06281860669070186,0.0007115317606360487,1.2097173708756358e-05,0.0021242927538863312,7.57070894663189e-06,0.7615843629403725,0.019436043533584236,4.6920102968830805e-07,0.02292317155669726,0.03310270832167504,7.57811427216204e-05,3.8047602418323336e-06,0.00048402743453156453,0.0006800311717608579,4.544268191380523e-06,0.006377097538017808,0.00018586737517062936,0.011645833831001682,3.707081469405521e-06,0.06354708742995491
35,0.0008759223992005058,0.0006671892630128567,0.0026201211714377993,0.006611291734527436,0.007717602609653995,0.045321488259702836,0.0006022355457703998,2.345330568566035e-05,0.0010323975668274355,1.2753762089655887e-05,0.738176988283655,0.033340271104869604,5.617027846674173e-07,0.024046346695622577,0.014453785289265091,5.89303648419398e-05,8.327418401216849e-06,0.0015220921531839393,0.0005153991901792941,7.636522279788063e-06,0.01059449233034066,0.0002981757301926189,0.01766025470341647,5.780121014137968e-06,0.09382650277204464
36,0.0008505057203333621,0.0006016274655492521,0.0029761415940447217,0.005680698885361445,0.014056257362302432,0.04775370884571878,0.0006122095438547417,1.780773276049834e-05,0.0007698707231361578,9.499835949535156e-06,0.7194117572036468,0.042749791410667294,7.870429765061868e-07,0.03755858488839655,0.022553996344157563,7.971042174516613e-05,9.834092324663891e-06,0.0008746211097705923,0.0005548630329464929,5.232588984340449e-06,0.009479249568891573,0.00028146038452267534,0.029103168943954733,6.203169619347491e-06,0.06400241208838475
37,0.0018417766492180173,0.0004151193905262718,0.0031158054172945363,0.0033407516370270373,0.006231314063255378,0.028620198029548054,0.0007472417242484796,7.180101741670003e-06,0.0002526048490278549,2.720744813447365e-06,0.7849729342199241,0.05450558408982927,6.910958759530713e-07,0.0416307059977389,0.008387371359763165,4.583439686296319e-05,6.509118586695481e-06,0.001292200093535953,0.00023260599210865368,4.065230328050161e-06,0.00461464283471081,0.00017688099838149317,0.02113857640159132,5.154928444257981e-06,0.038411530635617565
38,0.0006277840549282226,0.0007124022384638651,0.002998188268561313,0.007929765357754213,0.015260656671161991,0.04386843340922542,0.0005359572426879613,1.9614614375677993e-05,0.0007649268039605603,1.0847163499702402e-05,0.7406363926863616,0.03353690618787097,8.574977969847723e-07,0.035953375234293955,0.016065744313833563,5.370614639353752e-05,8.580353751546449e-06,0.0010888478645135482,0.0004378981890090245,5.86255177319888e-06,0.009373130600750231,0.00024068411789152818,0.026209849278661535,6.8011222046494046e-06,0.06365278803027516
39,0.0007391655371362561,0.0009320650954036178,0.0021981935286203864,0.004505201941820227,0.00957457440363853,0.04380422094941197,0.0007198808444066728,9.530733780586045e-06,0.0006012334229286282,7.335408184254455e-06,0.7835778324966103,0.021560000137179233,9.620750197708605e-07,0.03303733489609321,0.019363130734732035,4.166189460112088e-05,6.341280969641997e-06,0.0010024306947340525,0.00029574061469897245,4.198652305320003e-06,0.005044947150784607,0.00023742104570191448,0.026907421998979192,7.054720782238731e-06,0.04582211974147733
40,0.001385067862800321,0.0004933412830394031,0.0020914450702825874,0.0019898285488441345,0.007097880375144623,0.05360975609523614,0.0005869413079088147,6.819202468955476e-06,0.0004920115312766911,3.4540966699279786e-06,0.7544424395037035,0.043722623039209,3.957666528544292e-07,0.0462623615678607,0.020521134998430206,5.521503031024868e-05,5.48933252010593e-06,0.0008774962941782406,0.00042454253713908227,3.018986890341741e-06,0.006369284648115326,0.0004468340323100823,0.01994087654549825,2.6738559625770455e-06,0.0391690684875481
41,0.00044162794459505305,0.0008940775979090792,0.007425412683018741,0.0061558137714324175,0.040710265491415334,0.12207415116434919,0.0006033615158425472,1.8632704384968326e-05,0.005342763791405046,2.3324983389347498e-05,0.5873284912268747,0.015383262195012244,9.168894998747291e-07,0.050248905719627174,0.055160709554158985,0.00011975624883852036,3.445553923827358e-06,0.00029807808687475567,0.0008973430881125335,4.496586640125584e-06,0.009057057588618054,0.00016634242466815352,0.01406159534787525,6.518844795138477e-06,0.08357364899673876
42,0.0007794758502921763,0.0004775029398738051,0.0017603441922752737,0.0036296284324412132,0.009071405803216599,0.05445677521490708,0.0006492148083113141,3.6777441492552766e-05,0.0009466876082803478,1.2059278706509637e-05,0.7176972501542878,0.032412918095205724,2.538820220478618e-07,0.021886922816910962,0.04743328602399882,0.00018921022793057812,1.2572305862526295e-05,0.0005968290262688391,0.001338597410134514,7.501526600466321e-06,0.018716448724108836,0.000733046045317947,0.03379082232286344,3.896951334258299e-06,0.05336057291735639
43,0.0003499510379638811,0.0005678155364791942,0.0010231334154978012,0.006214209026238947,0.021946703457382567,0.15964131378897586,0.00039259703740279333,2.970010374412215e-05,0.0009600656169745782,4.2751131319124016e-05,0.5928110431180974,0.01977796263913725,2.7874430850153946e-07,0.025137863335042983,0.03662285113474569,0.0002252640478356851,8.00005613580755e-06,0.001008686996092308,0.0010256607783109238,4.8488283388295774e-06,0.03176382550078486,0.0005470688581449293,0.04789792919082357,3.99572715639484e-06,0.05199648089306587
44,0.0006862432162095407,0.0005254981107799644,0.002140865788862861,0.005055061864447622,0.010241606218183631,0.053754840689316956,0.0006157446698151895,1.3272627051366608e-05,0.000617731761358613,8.303683742193624e-06,0.7637114379618509,0.028416083440811476,5.971286563979694e-07,0.03024660993642742,0.017766895502211135,6.720964526871734e-05,6.210017843806782e-06,0.000960856440972582,0.0003941055603614994,4.922066040405826e-06,0.008404983484180954,0.00022057849076292466,0.02846642341157505,5.057269062454741e-06,0.04766886101420639
45,0.0005825165384826971,0.0004452992172126522,0.003082860611728068,0.0033206717951096655,0.013122254850730302,0.043792389875713496,0.0006874003588526555,1.696752306138834e-05,0.000999093981253606,6.508251376371146e-06,0.7968414731290179,0.026362405285716622,8.239488756314202e-07,0.02416101518133604,0.02975873554098276,7.445337699054131e-05,6.717630848066898e-06,0.0003987201150587811,0.0005144624035372643,5.086976238816239e-06,0.004918255188821011,0.00019763287460032125,0.020252521059712068,6.050341269896235e-06,0.03044568394347328
46,0.00045601552867312523,0.00048568005605482295,0.0018559641409336197,0.0042725808588219925,0.009110031084244578,0.10233655468106895,0.0007888603945099751,7.459700345253716e-06,0.0009031201927625509,9.692906095017008e-06,0.7368818115072063,0.015605426958886864,4.508592379794215e-07,0.03986032578664142,0.016971269311752562,8.229001509018998e-05,1.6426278413628336e-06,0.0006999390568482825,0.00041674948440067946,4.365578031790724e-06,0.00696256531832347,0.00014325162707724026,0.021780897899323547,2.5008697965239472e-06,0.04036055355603181
47,0.0028952192209423895,0.00044787047696128764,0.0018405398512456185,0.001859304433966285,0.0037558404787231673,0.04584326714179538,0.0007306633958735507,9.78078496879845e-06,0.0003011428137708973,4.426222886678597e-06,0.7217705869217704,0.08639151999422882,4.4352960004611145e-07,0.02367072651794709,0.018691030650936354,0.00010340754409286985,1.3567829514563742e-05,0.0017516312871653286,0.00034828699643848197,5.902374884049417e-06,0.007630641675234532,0.0006599567015934128,0.028825498383802488,4.840042017483159e-06,0.052443904729639966
48,0.0009862631557069053,0.0011732261386962067,0.0018663971570238144,0.006224575643981826,0.013460348107234874,0.040824786729415696,0.0007975543529957768,2.88242950767014e-05,0.0005879867926837601,1.5333403428350138e-05,0.6949158996869772,0.033340119724169316,9.355346110251285e-07,0.03577081337271446,0.035299036572411416,0.00010983464506707513,2.0620968209237443e-05,0.0010755898591125494,0.0009145510896434388,6.284228089421108e-06,0.012262147708831182,0.0005842808181073572,0.052283951291098404,9.574498288353953e-06,0.06744106422642547
49,0.0006118051506784126,0.0003350890719292052,0.0020953804219833666,0.003986140206922645,0.01061819755680995,0.060875737433477184,0.0004441453743675233,1.124393308073533e-05,0.00046658531498302257,6.0117478915733885e-06,0.7708643115430508,0.04365509303087896,5.516357181300592e-07,0.031159229880718186,0.012355864406270746,5.759525238894857e-05,5.698195256382201e-06,0.0010735189869380253,0.0002992485144344141,5.054951803149947e-06,0.0075065537967791245,0.0002618580153485784,0.024137864564582077,3.3679145027271255e-06,0.029163853099206282
50,0.0008200931392482444,0.0010799636053295477,0.0026280440593258463,0.007455081650434715,0.014342948107696771,0.11412526315449593,0.001544704431295444,1.8477615867631225e-05,0.0013216876009569769,3.186054871209886e-05,0.6062468731158174,0.019233253027350537,8.477589686097249e-07,0.0698362004490947,0.02840756377277849,0.0002467059344057781,3.936593063946023e-06,0.0008629247549859016,0.0011922463001846804,8.083200993494658e-06,0.01141515598921938,0.00035189208827871645,0.03555362264507685,5.014965397319758e-06,0.08326755549102102
51,0.0003428467518174508,0.00046696754948599386,0.0014844835453187702,0.007907584452284904,0.006753045161735887,0.03946415326431785,0.0005485123577262454,1.2326737048194041e-05,0.00036293964002772467,8.271365521513492e-06,0.8226562543295406,0.021977781023862143,5.09103781301434e-07,0.03313800199230829,0.005748553595678211,2.67500138932215e-05,3.158780234693851e-06,0.0016693809596626877,0.00022252370034119367,5.586867865952725e-06,0.009044959178007895,0.00017415930589678963,0.018178845218733655,2.9287672556610967e-06,0.02979947633765329
52,0.0003651610463518734,0.0001968437481411727,0.0006374875305257017,0.0017382404728299176,0.00246499799455433,0.1340280594350487,0.000475445809596407,2.7234562976542855e-06,0.0003166922469847267,4.1947865895424945e-06,0.7973097173480173,0.010533206398161311,3.052003601845059e-07,0.012565274358489668,0.005734263952182791,3.4566847159823283e-05,1.0995892786127895e-06,0.0018988377033849013,7.006799101050755e-05,4.508692316258854e-06,0.0031315733477115678,0.00013418589403895676,0.017969364304149808,1.6536183770690325e-06,0.010381528228441348
53,0.0005971467005639922,0.0009121115299893861,0.0040104651413870014,0.010202473344600194,0.0695275766037179,0.053350409002118,0.00019961068443715584,2.9219068851199514e-05,0.0007067854499520761,1.7677743910637444e-05,0.5733986211887739,0.08592732237946069,1.066644581671121e-06,0.07430493282194774,0.015271092018032744,5.804615777228291e-05,1.668396547639502e-05,0.001161921265629997,0.0008774512867564825,3.637218512039354e-06,0.017519741146261234,0.0004407945410144017,0.02191291736923661,5.985396344110114e-06,0.0695463113306721
54,0.0017379216500256404,0.0010833413645240336,0.0029831087302788547,0.005213818822866753,0.006627986265523105,0.0970820239687553,0.0018734142777580892,9.630618475715704e-06,0.0011446499978327869,1.6496649727671885e-05,0.5357521797410373,0.032772189205071016,8.14209427291508e-07,0.07492693243726027,0.03517847985802033,0.00021159191296068252,4.088730895447949e-06,0.0009396947717837455,0.0006659331595403062,7.560745167032418e-06,0.009123482680944471,0.0003634100211057304,0.041300540069378756,4.867457511636488e-06,0.15097584265412803
55,0.0005631709429468259,0.0005718763976443321,0.0014826993504344066,0.005458480992478156,0.016778084660946234,0.07419745444718186,0.0006339176484458633,1.7108393073989596e-05,0.00048069028578610304,1.260604802189463e-05,0.6942999729015547,0.021420648675208608,4.266176497384888e-07,0.03977048047574333,0.02959417988747903,0.0001321770346195533,7.508755747623666e-06,0.000753122393249411,0.0006511118911485854,3.927320390499707e-06,0.014365051571511307,0.0003324139702080035,0.058849438939198646,4.899016762668623e-06,0.03961855138256863
56,0.0006824301103507331,0.0005633508863331424,0.0022527471534590743,0.005084669879175349,0.010429259704073152,0.05147084018539257,0.0006206412312793463,1.3199791695943617e-05,0.0006326892874357694,8.230761559813047e-06,0.7717947435748933,0.028291467179546143,7.235880126474349e-07,0.030290207792158953,0.01705579361382357,6.17384719899563e-05,6.4502457790118295e-06,0.0009887031453922103,0.0003732550822565354,5.186527708059839e-06,0.007674539019788521,0.00021475538983466966,0.027007625498108062,5.528398508644462e-06,0.04447122348144503
57,0.0007675411118986047,0.0005817429859277303,0.004805614162321545,0.006237442873311532,0.030497626951581862,0.05351013842969825,0.00038138139583088876,3.372079999792293e-05,0.001223250065408194,1.6115257607247556e-05,0.6409113150374344,0.0889227530766999,9.849211697075587e-07,0.04391247215666565,0.02438761296296539,0.00011203216516723002,1.8448585256198336e-05,0.0008364461242010027,0.0010458584973062394,6.382855992985873e-06,0.015472168063807159,0.0004863360105563528,0.020370182714637308,6.135921027153425e-06,0.06545629687352959
58,0.000737546226454155,0.0005863626610745403,0.0023108158660802604,0.005028296206672932,0.01056974270429427,0.04667987683087843,0.0006285697231612438,1.439331601567234e-05,0.0005765787929803036,8.43051377296412e-06,0.7687396022391549,0.028827640648583785,6.825549402858773e-07,0.027521039415684564,0.018520481760197823,6.335293330492439e-05,8.153524262361393e-06,0.0010648432243667773,0.0003539894117134075,4.880615288610585e-06,0.00840461926961192,0.00023078860271503397,0.030955737241536812,7.043869893661495e-06,0.0481565318473601
59,0.0007800684764631472,0.000547964710893929,0.002841684020242438,0.005053344771589834,0.010728667717271257,0.043459324553147764,0.0006472215957726445,1.489448191645385e-05,0.0006021747311092278,7.939823786708758e-06,0.7727103095530566,0.030858313600930096,7.139786722893616e-07,0.026577879735931273,0.01748830152958537,6.181312398735861e-05,8.427435980947281e-06,0.0010907281679473262,0.0003181594501359065,5.124716340340775e-06,0.008140948468385908,0.00021141104645066168,0.02880602570183957,8.148520672966894e-06,0.04903041008788975
60,0.0006862432162095407,0.0005254981107799644,0.002140865788862861,0.005055061864447622,0.010241606218183631,0.053754840689316956,0.0006157446698151895,1.3272627051366608e-05,0.000617731761358613,8.303683742193624e-06,0.7637114379618509,0.028416083440811476,5.971286563979694e-07,0.03024660993642742,0.017766895502211135,6.720964526871734e-05,6.210017843806782e-06,0.000960856440972582,0.0003941055603614994,4.922066040405826e-06,0.008404983484180954,0.00022057849076292466,0.02846642341157505,5.057269062454741e-06,0.04766886101420639
61,0.0007378710987173224,0.0005156447647176389,0.0028225851968110512,0.004769737226238035,0.010581660382676907,0.04372739424571226,0.0006108262870687724,1.3637013206460983e-05,0.0006239829349945085,7.215132575784332e-06,0.7799774343254329,0.030960011119191836,6.813231754784267e-07,0.027014827252076785,0.016865437830640786,5.817163891358277e-05,7.416378155256352e-06,0.000978125407596159,0.0003261149496002841,4.900587405101215e-06,0.007733680008060395,0.0001988747412534295,0.025368166263436746,6.8477296154857845e-06,0.04608875616272702
62,0.0006862432162095407,0.0005254981107799644,0.002140865788862861,0.005055061864447622,0.010241606218183631,0.053754840689316956,0.0006157446698151895,1.3272627051366608e-05,0.000617731761358613,8.303683742193624e-06,0.7637114379618509,0.028416083440811476,5.971286563979694e-07,0.03024660993642742,0.017766895502211135,6.720964526871734e-05,6.210017843806782e-06,0.000960856440972582,0.0003941055603614994,4.922066040405826e-06,0.008404983484180954,0.00022057849076292466,0.02846642341157505,5.057269062454741e-06,0.04766886101420639
63,0.0007062510277340211,0.0006125682202124023,0.002120190685664184,0.004759748906288768,0.009266387668652058,0.05020523227407869,0.0006371624487634938,1.3085179234207872e-05,0.0006521268986747912,8.250463304451562e-06,0.774641979370326,0.02578764776824779,6.412080923618924e-07,0.027893868896832475,0.018554369679168188,6.026857255701467e-05,6.4522538281576335e-06,0.0009898201180227467,0.0003785525178826782,5.064064525480149e-06,0.00782120061023321,0.0002324023508759496,0.026604456851197833,5.573845245744933e-06,0.048036698120357046
64,0.0006201179597299638,0.0004666456139913021,0.0017720985636925262,0.004874000856195248,0.009899372283782478,0.049440980904912286,0.0005259279644414625,1.4246306159630834e-05,0.0005362639849169058,8.455342657978217e-06,0.769722364316985,0.028483604659453696,4.301369888577776e-07,0.02602353826953177,0.018233501160123372,6.748631031280091e-05,6.769892080056091e-06,0.0009706035752685837,0.0004211263920389662,4.092971402934442e-06,0.012210212449553283,0.00021795567202358403,0.028522883747065145,4.7308532507022855e-06,0.046952589813441456
65,0.0005633223704760416,0.0002971715450177458,0.0015127181112995396,0.005825534769663728,0.015060596102818185,0.09480451505436847,0.000406943158798207,1.022349890721453e-05,0.00031761505911725573,9.380873449858907e-06,0.6905255905762699,0.045485657657335664,4.1606110492132643e-07,0.04431022725519269,0.010692530616999487,9.133914506626553e-05,4.816018833133406e-06,0.001445169257516996,0.00035735449461147173,3.950064822267335e-06,0.0141004078351918,0.000225005059618148,0.03877399004146497,2.7534123361287618e-06,0.035172771959719816
66,0.000654432389623413,0.000508690330994825,0.002584362078476608,0.005857086490291287,0.011608021478694823,0.07000120254565359,0.0007111620613637916,1.5105566333902428e-05,0.0008628909052947123,1.1497597159785476e-05,0.7400955042486104,0.030797264732865124,7.260342844120985e-07,0.036642700900769314,0.016243806530323753,9.592700972151726e-05,4.929451775447058e-06,0.0008826477057520232,0.0005343686395705522,6.857621024710218e-06,0.008494146214797839,0.00021594085218365925,0.02433767534815105,4.153024608457202e-06,0.04882890024167506
67,0.00048761992611558896,0.0010784054512288246,0.0028534284677892894,0.0050666532153323144,0.0167703707301707,0.03289897615912173,0.00036787687803984146,3.170379265606962e-05,0.0017138793955059582,1.5791536102714584e-05,0.7917384260137929,0.019384187967000484,5.262743929403875e-07,0.01872471826384906,0.024389674133622547,3.868829030095485e-05,9.905246209665808e-06,0.0006437450805153835,0.0008554667755988119,3.7930194777978108e-06,0.010025437285341532,0.00030969390133118264,0.008986154707977069,6.87413701707104e-06,0.06359800335150953
68,0.0006230043196643535,0.00019937353549945758,0.00038267307309535864,0.0025029053602130574,0.001636248054336975,0.052354723051321814,0.0003565037863498614,3.9176468193351465e-06,9.118166787523292e-05,2.794976258543756e-06,0.8260370242808072,0.023137328962950475,1.9268125745645924e-07,0.007810244907258627,0.005709107770365935,2.855370288288975e-05,4.397603319904962e-06,0.0031446370430267836,5.478630691531924e-05,3.9020727129674865e-06,0.006672853663223068,0.00017252466500720923,0.047579242811384564,2.8476905662598898e-06,0.02148903036688728
69,0.0009212646259800618,0.000738921660598799,0.005614047521278662,0.017962741604372903,0.008252939251368621,0.033694680636135545,0.0012834712633408556,4.2473100736930575e-05,0.0012870239613310675,2.221752207331975e-05,0.6420862180565862,0.027652062130293916,1.1991356692907817e-06,0.021014033820336318,0.01553319436652581,0.0001207424172291562,1.1068110123824983e-05,0.0014778770689213257,0.00043606403025189295,2.027535559454687e-05,0.013424128319135599,0.00012669446822564457,0.03306849080364983,1.8698673238416312e-05,0.1751894720970014
70,0.0006616820256439126,0.0005333030518414091,0.002057555404708145,0.00498353788087902,0.010221432266255829,0.05240432709711733,0.0006011738962872421,1.3903601159736637e-05,0.0006232050152191597,8.482563972185912e-06,0.7687712592313399,0.027172676224557265,5.785259326866953e-07,0.028253611379656433,0.018353397620118988,6.638717659593964e-05,6.425441725563745e-06,0.0009423235544756025,0.0004049704038981218,4.859455441838923e-06,0.00851744141940603,0.00022329303430304188,0.02822803348467256,5.16646336703271e-06,0.04694097378142498
71,0.0007588609026146021,0.0003257929485404685,0.0018122609682238173,0.004273795338149746,0.005072363153602787,0.03573040679208252,0.0007657260572881946,1.1993989935483452e-05,0.000393190972720885,4.5841097062606694e-06,0.8147962327574969,0.028503663736413287,4.7089529544007347e-07,0.022437034472559247,0.012633294586382059,6.16504755435174e-05,5.542357001097892e-06,0.0009523719692465222,0.0002928078384999785,6.052279308856598e-06,0.0067963292319893264,0.00016971821581479316,0.02858836147394952,4.302353111660924e-06,0.03560319212452301
72,0.00026226441578048974,0.00035620030377293165,0.00036916293617891393,0.003940274571203808,0.003343934715297707,0.012825190323042582,0.0004074296087769366,2.4859889964690993e-05,8.976385041917765e-05,6.108976546621191e-06,0.9058909505750398,0.011983634016416753,2.852561254427334e-07,0.005183398343717552,0.006266720784763353,2.5855513078476216e-05,1.4233688196363807e-05,0.0017409711434317988,0.0002395895649345724,4.717939169315302e-06,0.010391176647841107,0.00020958602817245723,0.026761380628932584,6.510352111233041e-06,0.00965579992708514
73,0.0008078783351780039,0.0017181595860192498,0.0015058504373220041,0.0026795636895058745,0.023797575581468586,0.02936047833698168,0.00028810136121768204,1.5140441267254865e-05,0.0003502031874536018,6.545340513313403e-06,0.7476975316085203,0.027673610559999527,5.614160715951434e-07,0.027852178312331263,0.047700823916376034,2.5230373377305918e-05,2.5084170697414807e-05,0.0010481923496725735,0.00042845865093616526,1.3761228354060316e-06,0.008866571941493534,0.0007757332395825662,0.03436129773795474,1.2742864290688846e-05,0.043001110438933614
