,0,1,2,3,4,5,6,7,8,9,10,11,12,13,14,15,16,17,18,19,20,21,22,23,24
0,0.00013334074110387322,4.799125920690821e-05,0.0030786590707838814,0.0002881045770789652,0.001199303046374545,0.017894679861910793,0.0004952427450172113,7.5664476420649275e-06,0.008594906168684411,1.051038250002655e-06,0.9463175886558836,0.002503639133875968,1.7443019552467177e-07,0.0008562249244537297,0.013749345461254125,2.0172123483436176e-05,2.8137543179178733e-07,1.9823900230204356e-05,0.0003581500594103254,3.880526441647722e-06,0.0003509807519022349,8.035108674051513e-06,0.00026337022820932163,9.78246302017569e-07,0.003806510118199344
1,0.00022098450353428948,0.00036639805806013747,0.002817833996128542,0.00234037063376468,0.0020025586893819003,0.024564658125481788,0.0011225272733441194,3.06131939151233e-05,0.015945195822332166,1.0308811529591742e-05,0.8248392941195976,0.0028380472601511474,1.9332728282299281e-07,0.0035445358384866214,0.04847659959807293,6.715126196164816e-05,1.0125196435002234e-06,5.9218893083894884e-05,0.0019079420512829464,8.01414437016467e-06,0.003885305781913421,3.826731324846075e-05,0.0016358539196014163,2.0498912710819587e-06,0.06327506497255997
2,0.0003115161975225456,0.00039712063038483,0.0016461109819086678,0.0021247983282659632,0.001675728799374975,0.01980147319141298,0.0010434309242601935,2.6554135310885343e-05,0.006225080870908524,6.364235831404026e-06,0.8054255524837652,0.003467255673939396,1.5572354959836578e-07,0.0037506704243607434,0.07251607390143912,5.73329555007055e-05,2.0727852046469455e-06,8.298524518874286e-05,0.0012506584053160132,5.937138361353899e-06,0.004488719551574903,6.784891327480367e-05,0.004376707273544732,2.7666423010953657e-06,0.07124708458749791
3,0.00022777509597526592,0.00036386427741442036,0.0020740164478699964,0.002459838419757467,0.0017310308139561119,0.01644502010971655,0.0008599932635446159,2.25347716309067e-05,0.005962596961057207,6.112172610566584e-06,0.8689204246775016,0.003176795434401071,1.8091459802642523e-07,0.0032355052076509226,0.03241335478040119,3.463630742534332e-05,1.3607124918747704e-06,9.260166843814784e-05,0.0008712020598550578,6.01870489342405e-06,0.0034103161492376097,3.670668650230097e-05,0.002315567110582746,2.584008132419015e-06,0.055329963244355004
4,0.0002253335220811114,0.00038013762616924136,0.0022970495067367383,0.0024383048667940077,0.0019284570276326943,0.017129401051346183,0.0008721017034979844,2.0827627463201544e-05,0.0060874297833034795,6.02464427788268e-06,0.8762884827812855,0.003239056774433773,2.2883813989634962e-07,0.0036238192269429413,0.030732336981923413,3.230355510843613e-05,1.343854219781718e-06,9.625183765484418e-05,0.0008036722759800006,6.064609656356693e-06,0.003104742662303658,3.617144084672372e-05,0.002212810965105294,2.755788393668682e-06,0.04843489104870355
5,0.00019917232841737436,0.0003990098132957326,0.002019704357220748,0.003420340894780037,0.0019413356420700525,0.015893616962616937,0.0008219689683012555,2.4832121827910216e-05,0.004910107942411044,7.2088202657490605e-06,0.8749908092792393,0.0030909503596411887,2.0137487274562828e-07,0.003426573597944544,0.02460621646561381,3.0211123393293788e-05,1.4344818208007059e-06,0.00012768552616863088,0.0007377724496828455,6.639152371964723e-06,0.003930725921193767,3.50966130148885e-05,0.002661555794183628,3.0146023621655655e-06,0.05671381540728961
6,0.00022777509597526592,0.00036386427741442036,0.0020740164478699964,0.002459838419757467,0.0017310308139561119,0.01644502010971655,0.0008599932635446159,2.25347716309067e-05,0.005962596961057207,6.112172610566584e-06,0.8689204246775016,0.003176795434401071,1.8091459802642523e-07,0.0032355052076509226,0.03241335478040119,3.463630742534332e-05,1.3607124918747704e-06,9.260166843814784e-05,0.0008712020598550578,6.01870489342405e-06,0.0034103161492376097,3.670668650230097e-05,0.002315567110582746,2.584008132419015e-06,0.055329963244355004
7,0.00017526447366181738,0.000329942953754809,0.0024526280262828623,0.0014770071026426752,0.0006398647666111443,0.006488908405204462,0.0009688495857016822,1.2899735920060391e-05,0.006142604467350678,2.4881625655293403e-06,0.9378325303610474,0.0016277568290188145,2.8334400020328e-07,0.0014562320223807101,0.013267333117774812,8.659993426253504e-06,6.704203605366604e-07,7.036878939581194e-05,0.0003119878452668491,6.267949434854888e-06,0.0009244559512004834,1.3446494655028807e-05,0.0006402672371768761,2.868568974622016e-06,0.025146413396191003
8,0.0004671492842475374,0.0007749572948654691,0.005179828851272556,0.007763956572768344,0.002943950601984153,0.012425710433320586,0.001732369779087189,6.548423356614694e-05,0.008869350993323616,1.6307710586131807e-05,0.658027334024824,0.004197917544210836,3.4610930475198715e-07,0.005840616444450098,0.051370750832319345,6.894207728539838e-05,3.7534302573427734e-06,0.0001267143500136235,0.0012461771330407431,1.0741068141129889e-05,0.006609195911243507,4.9787656679764754e-05,0.005307779843792252,1.0119216268357134e-05,0.22689075860314709
9,0.00037843271620050363,0.0009230338326387048,0.009343206229585968,0.007308179747837427,0.00311851056706829,0.008258590226321886,0.0016172101950928364,6.057211883116577e-05,0.014634980543024721,1.28349113611245e-05,0.7302229201150342,0.003506638358042704,6.357179697408399e-07,0.004410762085979332,0.034410858464512056,3.000502670505105e-05,2.9654479630755774e-06,0.00011239042504224326,0.0008544088508764439,1.1422744756908423e-05,0.0035887990140695747,2.778724801306227e-05,0.002103576155581033,1.459795806729592e-05,0.17504668129942455
10,0.00022777509597526592,0.00036386427741442036,0.0020740164478699964,0.002459838419757467,0.0017310308139561119,0.01644502010971655,0.0008599932635446159,2.25347716309067e-05,0.005962596961057207,6.112172610566584e-06,0.8689204246775016,0.003176795434401071,1.8091459802642523e-07,0.0032355052076509226,0.03241335478040119,3.463630742534332e-05,1.3607124918747704e-06,9.260166843814784e-05,0.0008712020598550578,6.01870489342405e-06,0.0034103161492376097,3.670668650230097e-05,0.002315567110582746,2.584008132419015e-06,0.055329963244355004
11,0.00022941395582066546,0.0003735917038667509,0.0021396306419353282,0.0024487282502459393,0.0017055581234546944,0.01603102372555582,0.0008675290112318916,2.2063123738850223e-05,0.005971735716841688,5.982430191026191e-06,0.8734268065625331,0.0032206140663694352,2.0382898040026285e-07,0.0032622244994788413,0.030809262827139697,3.231714190703703e-05,1.3886207500116217e-06,9.678849660043857e-05,0.0008160938522985672,6.226557098224454e-06,0.0031996332496161063,3.6520603736990044e-05,0.0022567315123848534,2.7085460188664968e-06,0.053037222952204574
12,0.0004391722508662138,0.0005198128703617428,0.001418970448008678,0.0037096931717651186,0.004519634638172206,0.030784651364081185,0.0006752307481805705,2.048530904537483e-05,0.0011849889881476426,8.543705551528237e-06,0.841639711524756,0.010223999287514423,3.059524940406939e-07,0.00938438749661928,0.025014953201466055,5.385092911102788e-05,4.515913670837858e-06,0.00044423629658398944,0.0006025420261413114,5.095542199837192e-06,0.006779983829434767,0.00013490264505575906,0.013311178460872505,4.461434672474261e-06,0.049114691965227546
13,0.0003340770304718313,0.0024874222961703313,0.002894194325774055,0.01433500450637688,0.005475360558655521,0.09101555149958783,0.003519265286834713,6.126677780201742e-05,0.013941103707538332,0.00016947242140460971,0.5167016391611895,0.0012404564901125831,7.049311203687882e-07,0.007168719154354454,0.0594147229726701,0.000306836758071819,1.8386490763358994e-06,0.00037582329900722486,0.0017704567414398007,2.325807467616163e-05,0.007984806411945667,7.496531588736952e-05,0.014145618285149406,1.7624522850315777e-05,0.2565398108218326
14,0.000164207064437142,0.0005466366804441992,0.001905324421014427,0.0026397698481785354,0.002062304021238373,0.018896235415030525,0.0007993927925545468,2.2899589709671854e-05,0.0071180502532187115,9.552339396027102e-06,0.8769171021218951,0.0020865205369958984,2.193692913290661e-07,0.0028140489556239706,0.029906279256963132,2.968683038438684e-05,1.1837776527602034e-06,0.00010497175316765289,0.0008495750023639451,5.989310843362742e-06,0.003444382498225353,3.522459363594106e-05,0.0019241577804133827,3.1042737231196757e-06,0.0477131815135986
15,0.00022777509597526592,0.00036386427741442036,0.0020740164478699964,0.002459838419757467,0.0017310308139561119,0.01644502010971655,0.0008599932635446159,2.25347716309067e-05,0.005962596961057207,6.112172610566584e-06,0.8689204246775016,0.003176795434401071,1.8091459802642523e-07,0.0032355052076509226,0.03241335478040119,3.463630742534332e-05,1.3607124918747704e-06,9.260166843814784e-05,0.0008712020598550578,6.01870489342405e-06,0.0034103161492376097,3.670668650230097e-05,0.002315567110582746,2.584008132419015e-06,0.055329963244355004
16,0.00023719687141095328,0.0003728501892086217,0.0013244032764930882,0.003506494382273766,0.0013906025213447034,0.022999626778903142,0.0009755628875033634,3.071039905483952e-05,0.004643318110354721,1.2661794633109554e-05,0.8487497622766108,0.003319254917403802,1.1896498516942666e-07,0.0033919230367136363,0.027365423554491546,5.986571476589153e-05,1.4691871784464026e-06,0.00017651786359210059,0.0010746338731169403,7.825893460791983e-06,0.008358455110168155,5.356296939738711e-05,0.003291102664201204,2.2347436723562595e-06,0.06865442201906158
17,0.0002902916243082283,0.0003433644771350159,0.002291257595375575,0.004681912045338303,0.0018154364723740226,0.015387088424370733,0.0009755703252216124,2.5247361879982412e-05,0.003603013219924186,6.1390144468469145e-06,0.8605775947311332,0.004974970845853298,2.3134464874713783e-07,0.005552606006895772,0.018307267467225247,3.3966904287347056e-05,1.5866331684861503e-06,0.00018042236376205814,0.000655904404023867,8.160583084316141e-06,0.004463193129812406,3.851215388565006e-05,0.0038653038342557427,2.863976550980474e-06,0.0719180950610385
18,0.000700549267472787,0.0006475170410359534,0.003147887177935395,0.0034938271068784867,0.0016317502916036032,0.010462118579609408,0.001309780348753736,3.533700717236716e-05,0.004275206440716766,8.153719145201916e-06,0.7742007617821512,0.008390815055360447,2.981173426147367e-07,0.004700116076126438,0.033800681509827825,3.87134946807226e-05,4.983016390913985e-06,0.00025538271552043643,0.0008701240762744465,7.284556633023915e-06,0.005389069947138236,8.944737124973901e-05,0.004041898412195323,7.239003393195591e-06,0.14249105788539154
19,0.00017824680287925683,0.00035232353004383514,0.003936686574806253,0.002830898921660165,0.0027381320278150457,0.015494753042985324,0.0007071674704288433,2.8556676728182297e-05,0.009291351025932907,6.920192720760352e-06,0.8810070300976068,0.004317834979094589,2.9138712992603325e-07,0.0036341084015293194,0.02425333575992779,2.5528368183041103e-05,1.4044104079958742e-06,8.756926398454867e-05,0.0008007200228506113,7.546390307238814e-06,0.0028666726571935693,3.635230507856979e-05,0.00129694331896088,2.8703867320896167e-06,0.04609675598501243
20,0.00021273285104211672,0.0004759003577268806,0.002005720279166398,0.002695604314501769,0.0022438146696192604,0.014702929072448585,0.0007557556828074562,4.503425564083112e-05,0.007480730397944864,8.852973263080437e-06,0.8382170515675961,0.0036883504944502984,1.7152151525056233e-07,0.0030186201827320505,0.0511762890567286,3.526854499633049e-05,2.7099071448253868e-06,0.00010571539906458457,0.0012497466893043685,6.7754037960740165e-06,0.00544374797900812,8.460897516988686e-05,0.0027159897164698945,3.4943804890474205e-06,0.06362438532737327
21,0.0003627303718455819,0.0002544048646463305,0.002426334421118328,0.0027314142153930182,0.001472952269785131,0.021960529139253927,0.0012426743321968985,1.7196675786073334e-05,0.003879044813452642,6.071774459466479e-06,0.8755305692770625,0.005946280286708923,2.545643140256867e-07,0.004650975360700341,0.021422679782702406,6.183745972996327e-05,1.1604705425423942e-06,0.0001297378117436169,0.0006691266793444644,8.425636850159291e-06,0.003497113601541502,2.9290848953051276e-05,0.0031571814066093766,2.3971301901397544e-06,0.050539616805069645
22,0.00020715238013597757,0.0002099007386770481,0.0016797198575328744,0.0017923698159678578,0.0012496471671035912,0.015203410888530031,0.0007033565434478467,1.7426403100944363e-05,0.0036035078569455906,3.978053686958561e-06,0.9136210776936206,0.003374324911187626,1.2091683699623066e-07,0.002640437388780005,0.01960627800881498,2.9443013969353258e-05,1.1780122463895042e-06,0.00010683650654983717,0.0005939426043581632,5.360761460223276e-06,0.003465226393978032,3.3362870700332536e-05,0.0019231607441255846,1.7943283211362692e-06,0.029926986139922312
23,0.00022777509597526592,0.00036386427741442036,0.0020740164478699964,0.002459838419757467,0.0017310308139561119,0.01644502010971655,0.0008599932635446159,2.25347716309067e-05,0.005962596961057207,6.112172610566584e-06,0.8689204246775016,0.003176795434401071,1.8091459802642523e-07,0.0032355052076509226,0.03241335478040119,3.463630742534332e-05,1.3607124918747704e-06,9.260166843814784e-05,0.0008712020598550578,6.01870489342405e-06,0.0034103161492376097,3.670668650230097e-05,0.002315567110582746,2.584008132419015e-06,0.055329963244355004
24,0.0001837924956911423,0.0004987998655411205,0.002351943051040961,0.004771332609402885,0.002563472787074267,0.019825127643893905,0.000886018759116348,2.6890947306973585e-05,0.0059748205901018255,9.846536185412727e-06,0.862818967229582,0.00330396362516893,2.768530555989866e-07,0.005288245454320002,0.021933423362411185,3.3557457030678945e-05,1.1825560528984025e-06,0.00013491205360976973,0.0009302671275922808,8.436697608061819e-06,0.004180481527182416,3.758159893734123e-05,0.0026232732661113445,2.5698157998665276e-06,0.061610816090182936
25,0.00016440552089756646,0.0001428874368560976,0.0016554172225099557,0.0024851673030753846,0.0008327450945319628,0.0050538329134457455,0.0007380147213622456,2.6345852275561824e-05,0.002637106772533876,2.058199174264602e-06,0.9445525855780084,0.0034543928740986165,1.509407480144441e-07,0.0018940328654220321,0.009935097366104578,1.271394436256082e-05,1.116543079186565e-06,7.813670087544828e-05,0.00048403271611660917,6.44744089694372e-06,0.0021079900635874805,1.721509339072084e-05,0.0013238864831543792,1.790072191732019e-06,0.022392430281300498
26,0.0004319563882657565,0.00045371604805503944,0.0037048974007266866,0.002406713659442007,0.001528792025983392,0.007966795553091646,0.0010131415399445849,2.9886466571536843e-05,0.005640137989956721,4.73027329870609e-06,0.8886289043393117,0.003995454535244853,3.768680850057481e-07,0.00196587905319443,0.023255162693888044,1.8046860858008443e-05,3.327727423561642e-06,0.00015598228542324877,0.0004563884644609824,6.484646630239257e-06,0.002125607093813809,3.507148559462809e-05,0.0019496216018607,9.181893584985126e-06,0.0542137431052896
27,0.00024670808436162624,0.0004384053429504361,0.002078910480820309,0.0022173156178326094,0.0016245417954981727,0.02278769196218544,0.0009367280289516828,2.9786832264930837e-05,0.01168480634939275,8.740165980951276e-06,0.8045222763498181,0.002625959235569701,1.4937859044100434e-07,0.002896356074085354,0.05859911547513902,4.621987217391678e-05,1.403677704122308e-06,8.221467964162763e-05,0.0012101706506914489,7.233315467075472e-06,0.00385521985322685,5.799682480432043e-05,0.0022503214800803106,2.5864769027590033e-06,0.08178914199586608
28,0.00022777509597526592,0.00036386427741442036,0.0020740164478699964,0.002459838419757467,0.0017310308139561119,0.01644502010971655,0.0008599932635446159,2.25347716309067e-05,0.005962596961057207,6.112172610566584e-06,0.8689204246775016,0.003176795434401071,1.8091459802642523e-07,0.0032355052076509226,0.03241335478040119,3.463630742534332e-05,1.3607124918747704e-06,9.260166843814784e-05,0.0008712020598550578,6.01870489342405e-06,0.0034103161492376097,3.670668650230097e-05,0.002315567110582746,2.584008132419015e-06,0.055329963244355004
29,0.00022777509597526592,0.00036386427741442036,0.0020740164478699964,0.002459838419757467,0.0017310308139561119,0.01644502010971655,0.0008599932635446159,2.25347716309067e-05,0.005962596961057207,6.112172610566584e-06,0.8689204246775016,0.003176795434401071,1.8091459802642523e-07,0.0032355052076509226,0.03241335478040119,3.463630742534332e-05,1.3607124918747704e-06,9.260166843814784e-05,0.0008712020598550578,6.01870489342405e-06,0.0034103161492376097,3.670668650230097e-05,0.002315567110582746,2.584008132419015e-06,0.055329963244355004
30,0.00022777509597526592,0.00036386427741442036,0.0020740164478699964,0.002459838419757467,0.0017310308139561119,0.01644502010971655,0.0008599932635446159,2.25347716309067e-05,0.005962596961057207,6.112172610566584e-06,0.8689204246775016,0.003176795434401071,1.8091459802642523e-07,0.0032355052076509226,0.03241335478040119,3.463630742534332e-05,1.3607124918747704e-06,9.260166843814784e-05,0.0008712020598550578,6.01870489342405e-06,0.0034103161492376097,3.670668650230097e-05,0.002315567110582746,2.584008132419015e-06,0.055329963244355004
31,0.0003389994892774417,0.0007581806455821727,0.0054445927627069235,0.0064008869475073145,0.0038713668052631316,0.012457615840573586,0.0011373577035249864,6.213844413922952e-05,0.008580106592825184,1.343567333114847e-05,0.8163231763405024,0.005412574569924901,5.0892847096648e-07,0.005503533854175144,0.024252385259550417,3.721930746508339e-05,2.917617861428617e-06,0.000173831559311919,0.0011978993031653937,1.1798024975042162e-05,0.004683276656791413,5.037541422881893e-05,0.002586778898119883,7.683035504710775e-06,0.10069136032522137
32,0.00023340546433210508,0.00037747934212633335,0.002081903353980913,0.0023569179302489803,0.001803178527507127,0.017388017630296904,0.0008718170269706213,2.438392828733528e-05,0.006932914060069781,6.589637362639153e-06,0.8591134899226641,0.003211676479316056,1.7798718237124357e-07,0.0033479640420068357,0.03772034915439669,3.898401180880123e-05,1.4177420921086576e-06,8.582407857367305e-05,0.0010778868922152489,6.10944664560544e-06,0.0036581598662792604,4.164332295974181e-05,0.0022593709230840668,2.4461628502995482e-06,0.05735789306674252
33,0.0002714983623994014,0.0005134605717696255,0.0017541949699757548,0.002506881211561955,0.0023378216727545976,0.017666101320998103,0.0007958397917067049,2.538082954584566e-05,0.003694254014548563,6.8282505536364496e-06,0.878747859103697,0.004330617183334261,2.5578320919524715e-07,0.004320250226721544,0.03168554508274459,3.644788630503453e-05,2.337892268255508e-06,0.00014777255973950928,0.000918156195679518,6.742303506335602e-06,0.003636334210623359,7.723960727101879e-05,0.0035389938973098703,3.17671981825961e-06,0.04297601035195807
34,0.0002889072811636195,0.00037134871632328825,0.002843037348849526,0.00146941124506482,0.001329789686575452,0.01889580567133514,0.0010904419713240305,2.3032607107386762e-05,0.022622319927582367,6.3127361906816615e-06,0.8124067197786472,0.002238581477515162,1.6520382261298876e-07,0.002572202413324137,0.056904462259883146,3.748882916971803e-05,8.450162905740796e-07,4.877474836714464e-05,0.0016558760160566635,5.304385670824612e-06,0.002640175336497599,3.210953510465509e-05,0.0009387665830223251,2.0674803322570003e-06,0.07157605374477961
35,0.0003635059483509693,0.0005367601879264239,0.002748021611836957,0.003988708719093055,0.0015642059646840654,0.013868124490830119,0.0010928081385408817,5.3128269642291124e-05,0.012508203116183319,1.2197823880998713e-05,0.812079988961547,0.004211602927569472,2.5048184597476e-07,0.0029195154993340577,0.02571027176692539,3.0722309530874925e-05,2.0660318894079926e-06,0.00016734978577833648,0.0014427427544637102,9.736398740748707e-06,0.004514211179444089,5.6366898735196516e-05,0.0015439894684362793,3.826347650873485e-06,0.11057169491713957
36,0.00031105590475406444,0.0004168739215796509,0.0029564367880136775,0.002788171191786154,0.0023596084369817954,0.014572045769979123,0.000902405545781742,3.313902959159261e-05,0.007906455583687258,7.180469797478544e-06,0.8312829535656749,0.004931543764868364,2.3768500967636571e-07,0.0038836856663961956,0.042583408442830505,4.1992775978816814e-05,2.317144856846954e-06,8.876573602366119e-05,0.0013006580236681819,6.477841949941434e-06,0.004043369461070916,4.940426337751019e-05,0.0024071117237722613,3.4211144151417646e-06,0.07712128014815464
37,0.0006627119517756124,0.000291888907764507,0.0029968090460083816,0.0016615030413303785,0.0010294666433110717,0.00867117190325991,0.0011172018363219596,1.2666109743479222e-05,0.002505735802152233,2.0135917019112786e-06,0.9055018481567517,0.0061696730415233235,2.185620919915618e-07,0.004394142975824284,0.015320539679741688,2.3070704722987246e-05,1.477416908981251e-06,0.00013251782843448954,0.0005229507758732508,4.975538339520602e-06,0.0018888788036854657,3.0093927635837293e-05,0.0017673272401293773,2.8132882557426523e-06,0.04528830322671179
38,0.0002266368516935522,0.00048984239694183,0.0029464716302367642,0.0038387378702990013,0.002532803228729375,0.01323336712485189,0.0007818983462066994,3.589976786351122e-05,0.007765812589502893,8.07629412305326e-06,0.8480382270859113,0.0038421588400641402,2.5924135069541994e-07,0.0036892294371463435,0.029937918645147207,2.7869493480517423e-05,1.9943448604466106e-06,0.00010903993576775226,0.0010119923329661813,7.204499649578523e-06,0.003912658840270978,4.1767486725885855e-05,0.0021363865414732613,3.6991293062416184e-06,0.07538004804543116
39,0.00026209814043867165,0.0005773235926185049,0.002084667038811716,0.0020541701080957985,0.0014436621679701275,0.012499151795036356,0.0010020205068233155,1.7279780851668554e-05,0.005931185045834762,5.087401964766456e-06,0.8759329193011773,0.0023592131690123434,2.5643763406278005e-07,0.003005750044103581,0.03456148262199095,2.0808265126420755e-05,1.4447682601676757e-06,9.895993456617244e-05,0.0006499108360561387,5.007665405328768e-06,0.00208954796283384,3.9052560330668364e-05,0.0020673669612674794,3.7345135748751387e-06,0.05328789938021485
40,0.00047583885201185155,0.000319524828065724,0.0019955934665727443,0.0009023890442858413,0.0010762192255373418,0.01607858831043285,0.00082601335505521,1.1585869999251768e-05,0.004747162319819363,2.3827167459377334e-06,0.8754875629221255,0.004767380032562926,1.0559368593322438e-07,0.00447886486142484,0.03770664683260312,2.788023542385627e-05,1.19799370941657e-06,8.701374826793859e-05,0.0009043728603495488,3.6477600964346047e-06,0.002655068617468044,7.375856918419521e-05,0.0015689622127832287,1.371124915654214e-06,0.04580086864687348
41,0.00015672615759949543,0.0005694410594843229,0.007065733424835532,0.0027277961400698795,0.006030773240773298,0.03524173494648572,0.0008294550402915058,3.259708936977384e-05,0.051266492829782906,1.5499279473305543e-05,0.6843310508527327,0.0017241451400872893,2.472985963281982e-07,0.004609113049370614,0.10155233526126795,5.9958727199132255e-05,8.020938533701645e-07,2.9566046579629146e-05,0.001915642477252674,5.55696394354661e-06,0.003637381997635739,2.8007733122113006e-05,0.001095916884210003,3.408679391987552e-06,0.09707061758659102
42,0.0002370674493702132,0.00035306981361327,0.0017789926854818736,0.0019837126517397927,0.001780115139879159,0.01774990812980738,0.0009302200626400333,6.205849401540872e-05,0.009526577166857494,1.0051851771212787e-05,0.8063541302175892,0.003695236190232799,9.120813373513095e-08,0.002730947302479177,0.08009461321548075,9.441519862823114e-05,2.54349691134667e-06,5.903249847221029e-05,0.0029709071106568063,9.19741713937776e-06,0.007550463021229021,0.00012058830581747729,0.0027416002123239174,1.9815585795538143e-06,0.059162479601150536
43,0.00013436107272798707,0.00044450446624454815,0.0010962360690200952,0.0032460849712680553,0.003998653621993839,0.05275226228788457,0.0006098023179369858,5.5809915632806616e-05,0.010192077283075586,3.3300622542217094e-05,0.7597470842687551,0.002515120551658021,9.726339817857451e-08,0.002918404849562928,0.07534391605904424,0.0001258461914217306,2.0349750304286472e-06,0.00010829099079670588,0.0024847471066232786,6.692720489874207e-06,0.013562108714889087,0.00010367836003584342,0.004319625790316363,2.3126801152905364e-06,0.06619694684953618
44,0.00022777509597526592,0.00036386427741442036,0.0020740164478699964,0.002459838419757467,0.0017310308139561119,0.01644502010971655,0.0008599932635446159,2.25347716309067e-05,0.005962596961057207,6.112172610566584e-06,0.8689204246775016,0.003176795434401071,1.8091459802642523e-07,0.0032355052076509226,0.03241335478040119,3.463630742534332e-05,1.3607124918747704e-06,9.260166843814784e-05,0.0008712020598550578,6.01870489342405e-06,0.0034103161492376097,3.670668650230097e-05,0.002315567110582746,2.584008132419015e-06,0.055329963244355004
45,0.0002261820460503872,0.00029664278790621516,0.00307191271146843,0.0016956298576633693,0.002136301870299577,0.012512022879620485,0.001117576919186538,3.699539716199042e-05,0.010969321927013938,5.353342163914906e-06,0.8690044023696166,0.0029653213323103137,2.537757407154328e-07,0.0023218037490156437,0.05268028684269852,3.919448126544167e-05,1.6020395875457143e-06,4.193822714210377e-05,0.0012629083409299337,6.390417855793291e-06,0.0021604278845520435,3.502210904962778e-05,0.0016339372309510185,3.7140242542333386e-06,0.035774857436495895
46,0.00016067321235564545,0.0003173733997139953,0.0017914020022288385,0.0020313935596170244,0.0014289784899936282,0.030063027575749572,0.0010932521251538155,1.3178739828039153e-05,0.00869818684022539,6.694873796672422e-06,0.8640775102891812,0.001767231579117971,1.2977105991771693e-07,0.0038236687599166926,0.031080608668210524,4.1853724220098246e-05,3.8820783385493823e-07,7.045074934339544e-05,0.0009032059015216801,5.498582959712625e-06,0.0028145735691762776,2.3826120704781384e-05,0.0017691756218490046,1.3355452081789402e-06,0.04801638209103378
47,0.00097364634919705,0.00034966463621987286,0.0019417016835994083,0.0010563929205983339,0.0007591563343419419,0.015660537744891533,0.0011284787955793526,1.7736675584038715e-05,0.003236178555275812,3.865158960464718e-06,0.8556618470211063,0.010335590614121797,1.6072136345191174e-07,0.003054244286567463,0.03496513650583047,5.6336110041862304e-05,2.960556541651387e-06,0.00017962468126966633,0.0008547136802962903,7.518593867975544e-06,0.003372108387166414,0.00011508508817244225,0.0025164423099157326,2.619053886424644e-06,0.06374825353560432
48,0.0004081648732661774,0.0008449580001872826,0.0019423336977576681,0.003403471168502331,0.0024256792555609166,0.012538919059241562,0.0013356953525911002,6.24586813688576e-05,0.006848063392402071,1.3075919195758525e-05,0.7998544586975674,0.004082618315150454,3.251405697987664e-07,0.003824478947951952,0.06574289593224185,5.8335423087703885e-05,5.1820576845097564e-06,0.00011920231165500581,0.0024087246844348028,7.91143085080986e-06,0.005547766166052506,0.00010780639027098875,0.004456820969807743,6.017454052051775e-06,0.08395463667854874
49,0.00020428875374029254,0.0002337097893778684,0.0020839887490556905,0.0020179680270466984,0.0018416146811533023,0.019210817147549814,0.0006360559609684517,1.95654446903183e-05,0.004638045608050687,4.591471388362387e-06,0.8970778452791434,0.004939585232918993,1.6819722950412417e-07,0.003410148282544181,0.02275926933576094,3.0493644531984483e-05,1.2511083106666461e-06,0.0001063298051773724,0.0006763294685779347,6.3161664650766925e-06,0.0031805521636624136,4.366462241261211e-05,0.002000898855424976,1.7500515210334586e-06,0.034874752153297404
50,0.0004202893021471419,0.0008082457010903842,0.0028808934586145346,0.0041419900605659315,0.002464850338301336,0.0339957759790817,0.0029560392278032716,4.85783999893871e-05,0.016749261337039068,2.7721590165944873e-05,0.7451689665240037,0.0025365111994174604,3.088119057588092e-07,0.006883990656844379,0.05763609881694529,0.0001380172594060738,1.2000824056386355e-06,0.00010782081357646615,0.0033919014872088676,1.1250342503428443e-05,0.005400263672438789,7.399525577043748e-05,0.003260653385779869,3.841296405105454e-06,0.11089153500059
51,0.00014369042705636193,0.00031149404152579457,0.0013373810768995034,0.0036587563390353597,0.0009661081979820055,0.010876347661025325,0.0008675524968179581,2.229973314357831e-05,0.003500774691457208,5.574121931262603e-06,0.9211025501493596,0.0023972156834445695,1.4849883535858798e-07,0.0030692392533533063,0.01043040663029337,1.2546188560655867e-05,7.617680038350386e-07,0.00018162397532884623,0.0004892978640263895,6.341535929259463e-06,0.003661040971662829,3.0090613261898327e-05,0.0015288632821127315,1.7383022843596576e-06,0.03539815649666879
52,0.00012512717193206342,0.00014086046568493848,0.0006046513481985176,0.0008705496722632492,0.00041193644692386685,0.0425538625028638,0.0007045381082594803,4.379744237917911e-06,0.0029268634441377084,3.0872380640493857e-06,0.9227182027878641,0.0011499800711330256,9.204551838644494e-08,0.0014253941515799007,0.010627128202409013,1.8001712986070516e-05,2.326999146376736e-07,0.00019242441936794956,0.00015044129541075718,5.387062429855277e-06,0.0013146640943326666,2.2017345662615243e-05,0.0015733820637328325,8.59623988922204e-07,0.012455936281103577
53,0.00029847200339937235,0.000695374517289396,0.0046854574057981335,0.005799899020822361,0.012627484896881886,0.01789165525935101,0.00036797941450895564,7.322160940832218e-05,0.00916993427977816,1.5416606361944335e-05,0.7795162781331052,0.01193052554055948,3.68090384615597e-07,0.007823251618792734,0.03387164061739553,3.5197693221240924e-05,5.167132957947428e-06,0.0001493970657202889,0.0025376121277090294,5.321583445617291e-06,0.009012306344741526,9.413638175777491e-05,0.0021024859846444583,4.361130215871927e-06,0.10128705554174922
54,0.0006455539131288734,0.0007320912847058475,0.0030437143446499226,0.0026129738633034207,0.0010866945154224302,0.030042743241103016,0.0026980693400240115,1.764565483936399e-05,0.011508061388870257,1.1665992259662928e-05,0.6734511882472453,0.003908652610831041,2.4552539523682726e-07,0.00745775942454396,0.0661224535076181,0.00010852293423920413,1.0227705050155687e-06,0.00010409979516266064,0.0014607263415903576,9.975824761882696e-06,0.0038398514247288016,6.360497967551883e-05,0.003506147960560799,2.763949629605801e-06,0.18756377116520584
55,0.0002007277522794731,0.00038458798499758174,0.001468822138091654,0.0025654293087854756,0.002669354632131856,0.022548824597486125,0.000880649458470068,2.9088468021686158e-05,0.004682925731335144,8.513879075837256e-06,0.8466382738941325,0.0025003854382735606,1.2845196023924142e-07,0.003962353011716409,0.053442368649340745,6.286163372528192e-05,1.7737710941206203e-06,8.158091419420455e-05,0.001340242380460359,4.9402866941500885e-06,0.005649146989584855,5.791910941132467e-05,0.004713325601129555,2.6442714215558245e-06,0.04610313164618603
56,0.00022547248488134094,0.00038469694005097626,0.0021769587578268816,0.0024606257370665486,0.0017474914081092965,0.015726075933896574,0.0008637619752966229,2.241739001692128e-05,0.006106468629370787,6.0472315391471885e-06,0.8749518269076404,0.003138527712655894,2.141607864799305e-07,0.00320563170019237,0.031007917485490852,3.1829901258240106e-05,1.4020858604657235e-06,9.511670235732999e-05,0.0008231157242564648,6.300309277111031e-06,0.003142547790790516,3.55072644520945e-05,0.002182067524772547,2.8091176315890843e-06,0.05165516912452255
57,0.0003073525350676661,0.0004165509016373432,0.005135788426623797,0.003293611561428277,0.005367897446164066,0.01749186016278099,0.0006188479912880784,6.994477429123274e-05,0.013956309618319538,1.3288088000431687e-05,0.7915912141522918,0.01091225985782767,3.06321788382542e-07,0.004703908835902208,0.048731459738122915,6.319726695000141e-05,4.618109622256295e-06,9.319954609552728e-05,0.002671400683317821,8.385319654729253e-06,0.007376886680226453,9.077597760397108e-05,0.0017757479492440734,3.6913778986242294e-06,0.08530149667785238
58,0.000246552788848057,0.0004107653116915122,0.0022490678478933926,0.002504261383883226,0.0018241784974617338,0.014333387734734157,0.0008944144019643753,2.4826527800876778e-05,0.005662132115684434,6.366330128620108e-06,0.8693998647371614,0.003245737095560594,2.1421120987120788e-07,0.0030002048998359096,0.033468275902271215,3.258929522497764e-05,1.7823314378777418e-06,0.00010336771386064617,0.000796582941562761,5.96534549581911e-06,0.0034218722603598976,3.8498687879602186e-05,0.002526365545808922,3.6425233232164003e-06,0.055799083568916975
59,0.00025080538265721185,0.0003933708570833853,0.0027372782407685354,0.0025206772767860553,0.0018873212921118358,0.013502471492639547,0.0009055686021404481,2.4591719630469237e-05,0.005762220978618421,5.9837519171447835e-06,0.8718136800010634,0.0034604173598048646,2.30926405506267e-07,0.0030133594787671194,0.031467199662330525,3.1594237702104456e-05,1.7938671242301575e-06,0.00010360413939382024,0.0007026435338931973,6.252352722694203e-06,0.003224660857773301,3.496667441695309e-05,0.0023634391984420637,4.082964537183436e-06,0.05578178515126982
60,0.00022777509597526592,0.00036386427741442036,0.0020740164478699964,0.002459838419757467,0.0017310308139561119,0.01644502010971655,0.0008599932635446159,2.25347716309067e-05,0.005962596961057207,6.112172610566584e-06,0.8689204246775016,0.003176795434401071,1.8091459802642523e-07,0.0032355052076509226,0.03241335478040119,3.463630742534332e-05,1.3607124918747704e-06,9.260166843814784e-05,0.0008712020598550578,6.01870489342405e-06,0.0034103161492376097,3.670668650230097e-05,0.002315567110582746,2.584008132419015e-06,0.055329963244355004
61,0.00023513172174127582,0.0003675269597171174,0.0027128298273457786,0.002379647762713346,0.0018603924811329115,0.013548492589471358,0.0008482527681404223,2.240653621880022e-05,0.005951457808981954,5.420218134015662e-06,0.8774536299135787,0.0034624277033109213,2.2040587813997265e-07,0.003051219516948168,0.030012538548046593,2.945099419552812e-05,1.5705470279792663e-06,9.300077265117736e-05,0.0007139250206157702,5.961841004251268e-06,0.003044841980340634,3.268503470628022e-05,0.0020675677116768604,3.4168097483628374e-06,0.052095984526673716
62,0.00022777509597526592,0.00036386427741442036,0.0020740164478699964,0.002459838419757467,0.0017310308139561119,0.01644502010971655,0.0008599932635446159,2.25347716309067e-05,0.005962596961057207,6.112172610566584e-06,0.8689204246775016,0.003176795434401071,1.8091459802642523e-07,0.0032355052076509226,0.03241335478040119,3.463630742534332e-05,1.3607124918747704e-06,9.260166843814784e-05,0.0008712020598550578,6.01870489342405e-06,0.0034103161492376097,3.670668650230097e-05,0.002315567110582746,2.584008132419015e-06,0.055329963244355004
63,0.00022784470406075316,0.0004184057965976915,0.0020368377725533938,0.0023295452322462883,0.0015691746316287352,0.015314993996641137,0.0008801014322111514,2.1862203040009612e-05,0.006234671006973251,6.079526004262521e-06,0.8708038374768784,0.002844835590940674,1.9385437243291553e-07,0.002991162486470406,0.03301362838894391,3.067643414685264e-05,1.374465760143196e-06,9.44865882338407e-05,0.0008255950931660839,6.129067237080536e-06,0.003151265540928819,3.7742349788817525e-05,0.0021377599485472684,2.7955307627202136e-06,0.05501900088186589
64,0.00020481468894507947,0.000330620891077939,0.0017148125201590608,0.002352512689169711,0.0017005209603747897,0.01515991376231973,0.0007282411317753022,2.3722333537282436e-05,0.005136215261925782,6.197153459212845e-06,0.8716583263056759,0.003204179612188318,1.3454989553976435e-07,0.002851772023976422,0.03318759491903711,3.4078878953299854e-05,1.4832079576902234e-06,9.345060573132607e-05,0.0009203816080926293,4.956976228375407e-06,0.0048222695454797305,3.691648227834812e-05,0.0023148770361870684,2.406755349194799e-06,0.05350960010022533
65,0.0002098210185551613,0.00023686428401596153,0.0016068743974441497,0.0031090445653705646,0.0028266307707116916,0.03135559013970136,0.0006267228387828417,1.8913450944184012e-05,0.003335184816759232,7.453977517085558e-06,0.8691203284750642,0.005715439105392857,1.5029722907480375e-07,0.005299946759485937,0.021689505406935528,5.085186561542279e-05,1.2020102327068157e-06,0.0001522516677464681,0.0008659749053170243,5.4085615824009625e-06,0.005925616090774656,4.211993536634213e-05,0.0035147937807233623,1.5748671326581293e-06,0.044281736011599446
66,0.00023735739123472376,0.0003540334161823696,0.0025566313278790114,0.002840532419243214,0.0019299458696454882,0.021148950913408876,0.0010379900419519934,2.769015629967594e-05,0.008727461444213866,8.517214276948529e-06,0.8580692035600707,0.003557499781768125,2.2168620729292882e-07,0.0037723373858276964,0.03061030266595643,5.002857381001405e-05,1.1633073834781604e-06,8.88275843954126e-05,0.0012304397548953065,8.562751357325126e-06,0.0035277233715939314,3.782675696247358e-05,0.0020041815710968146,2.2772731783761255e-06,0.05817029378116061
67,0.0002921739322476384,0.0007708760484752797,0.002927861830357138,0.0029387457021948994,0.0029120211761693516,0.00837279954444303,0.000771561416562625,9.882406192523096e-05,0.02487112789146195,1.4903770029370684e-05,0.8252641410559408,0.0026072656987635003,2.3512433874087178e-07,0.0016764120515651473,0.04169846253216265,1.8087524186129e-05,3.1505147864573497e-06,8.358951699734943e-05,0.00276418790287807,4.554729710020601e-06,0.004452153626917799,6.430975129683996e-05,0.0007314501940680587,6.0092320625775185e-06,0.07665509517045918
68,0.00018865429203940214,0.00014926992487757443,0.00035414705497403056,0.0013133577815218466,0.0002927223313079469,0.016948695417822585,0.0005117412122381694,5.457000256004585e-06,0.0007962294275837118,2.054710508163545e-06,0.9355002583494852,0.0024314536815552576,6.483619965679805e-08,0.0010056660843850082,0.009504237426050156,1.3055687018451163e-05,8.20111272843607e-07,0.000320071232298994,0.00010723370444966732,4.366128447979675e-06,0.0025870950212220404,2.6863591558896378e-05,0.004064200331755331,1.3736112286396496e-06,0.023870911049942253
69,0.00026246761857160014,0.0005486513447881561,0.005935163697357682,0.009903897137438866,0.0016791042543639531,0.01102819307253777,0.0017899998274953938,7.356358363618276e-05,0.012937467573285417,1.881308687692525e-05,0.7344223252230956,0.003194265546408199,4.555267038968575e-07,0.002642527970426763,0.024947584655210363,5.851651244149869e-05,2.2488237235254647e-06,0.00015122819861685267,0.0009046370442247321,2.6653750746596902e-05,0.005112751441424295,2.1767271821616638e-05,0.0025991234072854077,9.696056127855566e-06,0.1817288973753907
70,0.00039533214792034603,0.0002960500176927911,0.0034574240188281077,0.002775236941388677,0.0016712424545422655,0.022255111009639134,0.0011749187244668934,1.4506945134932101e-05,0.005706753750366222,4.67130870476413e-06,0.8471721212142911,0.005535374674335092,2.2984557531884266e-07,0.00653989602354527,0.02435658499663574,4.263781560669221e-05,1.0223779885836653e-06,0.000123647052025167,0.000667050325793282,7.19949822927078e-06,0.0032181889965476472,3.446090399560073e-05,0.00260122430294532,2.1774006063556894e-06,0.07194693725319551
71,0.00024091080397619288,0.00022903176760147076,0.0017386200292441418,0.00208958293360541,0.0008809622123134639,0.011195554043765314,0.0010698875980206214,1.967000057256853e-05,0.0037643192110888286,3.488281047336753e-06,0.9035285103571183,0.0030994990950212182,1.4093339384383154e-07,0.0025294402682570216,0.02285868592707489,3.187814173564281e-05,1.1387754284675095e-06,8.948026913162412e-05,0.0006475617719832985,7.121791337275432e-06,0.002814220854656943,2.7872226004893098e-05,0.0023167483221064778,2.1184403905768727e-06,0.04081355594512384
72,0.00013164778898864065,0.00030362433522795846,0.00037456660152106365,0.0022971933420686424,0.0006475127718943939,0.00351629588542023,0.0007984732552902789,6.414244143986423e-05,0.0011123931550991169,6.008340844560819e-06,0.960292302709962,0.0015048972773748016,1.3635921364544902e-07,0.0005631338834082526,0.01020111667799902,1.098479393651345e-05,4.046390308473604e-06,0.00024026463864151306,0.0006412909941035204,5.3835176773891946e-06,0.004440131192511385,4.531881720138194e-05,0.00220756332014099,5.483600327910766e-06,0.010586087909398615
