,0,1,2,3,4,5,6,7,8,9,10,11,12,13,14,15,16,17,18,19,20,21,22,23,24
0,2.3806205507285208e-07,5.671840423648408e-07,1.6733118412022793e-06,0.0021567762007508513,2.3213016454024503e-05,0.27226695065488865,7.57840448594993e-05,4.710657306633809e-08,4.2934993130537874e-06,1.697879874667638e-06,0.00551004850847944,3.405121926733634e-08,1.8781304187790362e-06,0.005167239749596481,0.019535698551232526,0.0004351399932892841,4.097172571721226e-05,1.617235666039862e-07,7.153000860293876e-07,5.16965781650628e-06,0.00036728502949953825,3.631876011262931e-07,0.694353050774043,3.8838630905420134e-05,1.2164025876341703e-05
1,2.692327972493284e-07,5.311079550362061e-07,1.671818368477015e-06,0.0022440003892622872,2.319372068220832e-05,0.3331192936702725,9.695599986153574e-05,7.056785457882223e-08,7.45066305837965e-06,2.8065188073640593e-06,0.004212060806493155,2.2651584997743726e-08,1.8473504591269961e-06,0.0035966263965406618,0.020377746532483004,0.0007311361738166141,3.801635638005437e-05,1.23845941153162e-07,1.0045856371484048e-06,6.542836489196892e-06,0.0003080701125948451,3.4268430194246183e-07,0.6351724316331726,4.724740286485258e-05,1.0536942320921226e-05
2,2.0661737742580195e-07,3.479873659894073e-07,1.4062101537541527e-06,0.0015639246993970882,2.2226155595520575e-05,0.19709100391920323,9.547761895457499e-05,5.62335988068874e-08,5.788143384207621e-06,2.3344574174301376e-06,0.0031437379090981806,1.6636938250621977e-08,1.179054529533139e-06,0.004635810473541745,0.021629484854871713,0.00033647134785279157,2.3568524355416172e-05,1.294315191737958e-07,8.133547920248638e-07,9.846627320567114e-06,0.00029248945437782676,4.83182154948978e-07,0.771081887834522,4.24201127811193e-05,1.8889158896632026e-05
3,2.2274299304254572e-07,4.999141024250197e-07,1.6609369182452505e-06,0.0019886910893618585,2.0274171792789083e-05,0.29794037384266514,7.955921831970143e-05,5.158947297787706e-08,3.97359208695861e-06,1.7955191598233964e-06,0.004658671978205617,3.130063217382103e-08,1.835446360338426e-06,0.004601700278028562,0.019182249831807364,0.00045094680078936193,3.794191984188596e-05,1.511530067230356e-07,7.977751680913204e-07,6.154180579263224e-06,0.00037245725559805653,3.628405665082041e-07,0.6706020161794931,3.6320179973581344e-05,1.1260263076278419e-05
4,2.2090378035939423e-07,5.926215528682992e-07,1.771428886668928e-06,0.002130664172313406,2.2228598368697877e-05,0.30058533597681636,7.838934715619104e-05,5.1981249226799945e-08,3.807137776090467e-06,1.6479072176832534e-06,0.00550270276848445,4.018158739689334e-08,2.4166781782509656e-06,0.005154723157270192,0.017655243301254238,0.00044948990209729413,4.1688304917896675e-05,1.6626954736370167e-07,8.221810135875438e-07,5.847242687931489e-06,0.00039062684695276154,3.629566174109049e-07,0.6679263285921441,3.41662261172457e-05,1.0665316012363437e-05
5,2.650131462823037e-07,3.65774012354918e-07,1.6306195836813523e-06,0.0024675938775227525,1.8532696233473314e-05,0.24882351993730334,7.120717994186451e-05,4.849770325921603e-08,3.8279228704637475e-06,2.0530821921446263e-06,0.004401843453744125,3.381146627030238e-08,1.690277493980103e-06,0.005286274650335812,0.013844208884677578,0.000479665242415093,4.1356445805530846e-05,2.6535554533651584e-07,5.598492364176094e-07,7.847721082100905e-06,0.000363905488035674,3.193387087708725e-07,0.7241212720830338,4.866270049530284e-05,1.305009741456054e-05
6,2.2274299304254572e-07,4.999141024250197e-07,1.6609369182452505e-06,0.0019886910893618585,2.0274171792789083e-05,0.29794037384266514,7.955921831970143e-05,5.158947297787706e-08,3.97359208695861e-06,1.7955191598233964e-06,0.004658671978205617,3.130063217382103e-08,1.835446360338426e-06,0.004601700278028562,0.019182249831807364,0.00045094680078936193,3.794191984188596e-05,1.511530067230356e-07,7.977751680913204e-07,6.154180579263224e-06,0.00037245725559805653,3.628405665082041e-07,0.6706020161794931,3.6320179973581344e-05,1.1260263076278419e-05
7,3.195075275692299e-07,1.1262470984582902e-06,3.953631241426426e-06,0.002274883772792277,2.9176152858533018e-05,0.4176206357143005,8.899898930583444e-05,7.865672076670167e-08,3.5943156210408455e-06,1.7097373520225727e-06,0.010418404474075299,5.5870114154943925e-08,4.91687011823457e-06,0.00459450014392033,0.02814697717410238,0.00047345228503374337,4.433536361106283e-05,1.4776310840415438e-07,1.5257662177567778e-06,5.915505945246505e-06,0.0005314350249275657,5.14816472503112e-07,0.5357003277031814,4.614048220938407e-05,6.874032144052342e-06
8,3.0753163655501956e-07,3.567994232505389e-07,1.9913869889156794e-06,0.0028960075303510573,2.7689593703886674e-05,0.16959433729430357,7.556786782255547e-05,3.977092131744187e-08,8.237170124331537e-06,4.191437023375587e-06,0.005162736025166023,1.3789258947980062e-08,8.952613366943983e-07,0.008327612323800474,0.02935076035559697,0.0003565342471827762,2.952921153224074e-05,1.870502726211223e-07,4.6876707846428546e-07,8.193801581828352e-06,0.0002873302668747328,5.658169599926851e-07,0.7836948430490139,0.00014463554620190128,2.696810584348661e-05
9,2.1182173577618528e-07,2.5005137375318916e-07,2.3882400402826204e-06,0.0030215769768014,1.75443071432198e-05,0.24987723733814107,4.745148895484691e-05,4.7274314957167895e-08,4.736956184795798e-06,3.115077650793956e-06,0.004900473289227985,1.4846425167370983e-08,1.282253744132024e-06,0.0057230407493404885,0.01966508654436968,0.0004182698688851416,3.547409430434421e-05,1.3691657175628685e-07,5.254839534714005e-07,8.984991802111407e-06,0.0003200797817183731,4.0695705361654553e-07,0.7158395119398422,0.00010283812339979243,9.31462702084122e-06
10,2.2274299304254572e-07,4.999141024250197e-07,1.6609369182452505e-06,0.0019886910893618585,2.0274171792789083e-05,0.29794037384266514,7.955921831970143e-05,5.158947297787706e-08,3.97359208695861e-06,1.7955191598233964e-06,0.004658671978205617,3.130063217382103e-08,1.835446360338426e-06,0.004601700278028562,0.019182249831807364,0.00045094680078936193,3.794191984188596e-05,1.511530067230356e-07,7.977751680913204e-07,6.154180579263224e-06,0.00037245725559805653,3.628405665082041e-07,0.6706020161794931,3.6320179973581344e-05,1.1260263076278419e-05
11,2.1808841288670524e-07,5.381936983623186e-07,1.6991693501825724e-06,0.002026023489328154,2.0298721283577195e-05,0.31072404139941334,8.036041167587615e-05,5.54528072324392e-08,3.858555651436489e-06,1.6687638753608872e-06,0.0047913657795359875,3.5373985311992895e-08,2.1554068650986187e-06,0.004512093615366336,0.01835456446505112,0.0004725966875381563,4.0496280759423556e-05,1.5248771623706622e-07,8.389413009883366e-07,6.006784097211349e-06,0.0003679310813214016,3.5491989819897546e-07,0.6585488671567142,3.345270558557038e-05,1.0326068768224922e-05
12,2.595297204918956e-07,4.918671523477682e-07,2.108579043687545e-06,0.0023009987547562313,1.6391138034673646e-05,0.3313465142507234,8.26048431911602e-05,7.899897216611639e-08,4.674686586148253e-06,2.346794924771484e-06,0.005601146923758133,2.719305226510615e-08,2.1060427490375674e-06,0.003711097983182681,0.026156117636368107,0.0005774871931653067,4.749986435731606e-05,1.1725985918329549e-07,1.036648682000086e-06,5.907656975669947e-06,0.0004047154270419402,5.076687727503523e-07,0.6296769140645474,5.0878778298886334e-05,7.97021608430707e-06
13,2.1263824794667578e-07,5.231557652216286e-07,1.7108721429639614e-06,0.002086010924464747,2.1921028852111126e-05,0.2799102037309145,7.089650758847865e-05,4.61937703294026e-08,3.5580450548178876e-06,1.574444922641625e-06,0.006114775988857495,3.417797044418837e-08,2.0671953940415647e-06,0.004945227650786718,0.020303914536743656,0.0004257858726545373,3.7515592172178544e-05,1.430449564969172e-07,7.801841437686486e-07,5.35409286940353e-06,0.0003878861020259802,3.4895514925521606e-07,0.6856323106350053,3.734230320399732e-05,9.856126342737264e-06
14,2.229498155929899e-07,4.289868927381294e-07,1.6218107061465316e-06,0.002108538340660752,1.882168774100875e-05,0.2703701881566328,7.704524844185982e-05,5.525054191041009e-08,4.364064617515141e-06,1.897020126808943e-06,0.004265733018496806,2.694945831557211e-08,1.6206991128264822e-06,0.004480568314640442,0.019194930780045978,0.00044137787451686014,3.861810229774005e-05,1.5097047550805164e-07,7.062636768498423e-07,6.417881682310452e-06,0.0003481454436879444,3.796504147560252e-07,0.698586439885511,4.014469896644792e-05,1.1555950839112251e-05
15,2.2274299304254572e-07,4.999141024250197e-07,1.6609369182452505e-06,0.0019886910893618585,2.0274171792789083e-05,0.29794037384266514,7.955921831970143e-05,5.158947297787706e-08,3.97359208695861e-06,1.7955191598233964e-06,0.004658671978205617,3.130063217382103e-08,1.835446360338426e-06,0.004601700278028562,0.019182249831807364,0.00045094680078936193,3.794191984188596e-05,1.511530067230356e-07,7.977751680913204e-07,6.154180579263224e-06,0.00037245725559805653,3.628405665082041e-07,0.6706020161794931,3.6320179973581344e-05,1.1260263076278419e-05
16,3.071610927876701e-07,4.73690936505854e-07,1.8228652748150305e-06,0.002829901092429638,2.1442992595213724e-05,0.26940415021533876,9.48647408898691e-05,4.5588303234177794e-08,2.5077895278561506e-06,3.4961752096061404e-06,0.005210377743505111,7.504996917509154e-08,1.8144385812615253e-06,0.008487541714959877,0.013818943427613632,0.0005531818915770816,5.032104054171038e-05,5.350100302756631e-07,6.888671005671488e-07,9.560396200626127e-06,0.0010631984546662372,4.786940823599051e-07,0.6983849154393887,3.842737300956591e-05,2.0928147175468793e-05
17,2.352063979109752e-07,4.721002869205178e-07,1.1649330985676157e-06,0.001610982004214341,1.5714626404968493e-05,0.16839210566960108,6.471162494945338e-05,4.1331655719171486e-08,2.305287860050477e-06,1.1694408982799616e-06,0.003915097866848126,7.687874955147272e-08,2.307431534185044e-06,0.00681205407514641,0.007512309771981843,0.00027969937263535796,4.945046597786725e-05,4.11768606071489e-07,5.85895385456976e-07,6.886550240110153e-06,0.00047348568137699557,3.861438480565699e-07,0.8108192061368148,2.0213808946974403e-05,1.8925926540856963e-05
18,3.057796570712721e-07,5.452726511845744e-07,8.707081951656803e-07,0.0011754194807180158,1.1126260369250301e-05,0.19757840646568336,8.482412606775616e-05,4.404217068633975e-08,4.1659214765518875e-06,1.9336871103802118e-06,0.0028993978971508082,5.609010835134188e-08,1.7157853331785135e-06,0.006241122746420817,0.008839350625554054,0.00032413817585286587,6.450824276344941e-05,3.9645973473398404e-07,6.332502132776719e-07,7.232722618843872e-06,0.0003368516430534726,5.324819743080463e-07,0.7823699238485653,2.4942583773556706e-05,3.1555702783654946e-05
19,2.0938725266592966e-07,6.474400942589188e-07,2.471566900687063e-06,0.0025302691240894322,2.9616657047092165e-05,0.32132520856507435,9.940352820531165e-05,7.043317129367418e-08,4.306164445158379e-06,1.6937019549032527e-06,0.005521422154159827,4.705946410156304e-08,2.8417939894427714e-06,0.005454853728630395,0.021567854003643465,0.00046196281657775323,4.0777109551116225e-05,1.7308767605678703e-07,9.598756996114404e-07,7.517926492125203e-06,0.0004439609823372953,4.707049464049089e-07,0.6424564650719412,3.5984391995231345e-05,1.0812724660742424e-05
20,1.757025438104081e-07,4.5505553625445474e-07,2.18729897616916e-06,0.0020666066637307664,2.2026745031791e-05,0.2557645009898872,0.00010134216590320257,8.667410620944437e-08,3.580830998106292e-06,1.8391130014052254e-06,0.0054661494334732694,2.172242445289363e-08,1.6957306293112958e-06,0.0037388978954666996,0.04710327927538689,0.000386350797770755,2.880827677768043e-05,7.328196967699843e-08,1.1902508412046026e-06,6.3559627243433055e-06,0.0004983667801112548,6.578398684008701e-07,0.6847580747949593,3.8198922031136705e-05,9.077795850664395e-06
21,3.3907980933380153e-07,6.79444938829131e-07,2.0801208006811435e-06,0.002734857449711142,3.276926498520413e-05,0.28208785111118534,7.281664877348149e-05,4.165193155325974e-08,3.6530581333418255e-06,2.840352016653403e-06,0.006943908773110267,5.812934034640885e-08,2.199131837465887e-06,0.007309297845853466,0.014939919574974906,0.0005205366125333191,4.006078934498947e-05,3.201705474746969e-07,8.449136038898647e-07,7.420595201887218e-06,0.0007363319331046881,3.404498069722173e-07,0.6844979838250379,4.705588806083207e-05,1.5793185355964646e-05
22,2.6421645011557463e-07,4.199534277688008e-07,2.3509794053336727e-06,0.002974207135251221,1.7422982439284514e-05,0.3209635909273921,5.9301889041163374e-05,4.928432254947423e-08,2.947241729556733e-06,2.621616777590188e-06,0.006807595164024469,4.178894281457743e-08,1.8760015234280596e-06,0.005744653464342551,0.01852291887326505,0.000538050721420534,5.645633599434643e-05,2.299863737459778e-07,6.807595163833694e-07,6.666545943261135e-06,0.000609855288412905,4.2422844444481496e-07,0.6436227569298479,5.5695663107426487e-05,8.922022604085116e-06
23,2.2274299304254572e-07,4.999141024250197e-07,1.6609369182452505e-06,0.0019886910893618585,2.0274171792789083e-05,0.29794037384266514,7.955921831970143e-05,5.158947297787706e-08,3.97359208695861e-06,1.7955191598233964e-06,0.004658671978205617,3.130063217382103e-08,1.835446360338426e-06,0.004601700278028562,0.019182249831807364,0.00045094680078936193,3.794191984188596e-05,1.511530067230356e-07,7.977751680913204e-07,6.154180579263224e-06,0.00037245725559805653,3.628405665082041e-07,0.6706020161794931,3.6320179973581344e-05,1.1260263076278419e-05
24,1.7737004007072044e-07,4.804339362247975e-07,1.5721940143338037e-06,0.0028140725267811013,3.046951013626926e-05,0.25604161155460925,7.263857248252856e-05,4.2749631061234355e-08,3.401305573399872e-06,1.3948262491618292e-06,0.005621740615268614,4.38047878678533e-08,2.5166305653279597e-06,0.006353343128315308,0.01327539070916158,0.000512590106006704,3.4180594398461476e-05,2.0018892278959366e-07,6.135941409201646e-07,5.704986508708529e-06,0.00037497605587924026,2.419343665422737e-07,0.7148104354659399,3.210262436417399e-05,1.0058517920512839e-05
25,2.3032965564122108e-07,3.745461688635028e-07,1.7904946692963007e-06,0.002899871406166239,2.3870421538284964e-05,0.2007748718610429,8.483850504853043e-05,7.349737136001682e-08,2.714704753488688e-06,1.548856992364063e-06,0.00805639365543261,3.8928623556999965e-08,2.6395488618388743e-06,0.00400889799046993,0.022028405882813736,0.0006060947811003656,3.242495571817432e-05,1.7119425469884423e-07,8.810440333460931e-07,5.884532307765114e-06,0.0005533158424942893,3.395601801236314e-07,0.7608702437099893,3.7213041138607424e-05,6.870709174476418e-06
26,2.4639410798873705e-07,3.1073702637133723e-07,1.122322885626442e-06,0.0018381113762951397,1.4801789491883697e-05,0.18956007346101636,4.54518941390308e-05,5.099535946841312e-08,7.468433779955686e-06,1.2546480283450052e-06,0.002989077221895071,1.2790094588385773e-08,1.157464167697993e-06,0.0026865881308389826,0.012863963732029611,0.00032682636476007225,3.4880485342570575e-05,9.64195666489798e-08,4.269887834723171e-07,5.276097122267231e-06,0.00014448821821578218,2.3135459386574576e-07,0.7894132811376036,5.5514954072351075e-05,9.286588783146157e-06
27,2.063851485610554e-07,4.7468245408418705e-07,1.4704322728652477e-06,0.00168521698258663,2.0358910934947056e-05,0.2588666161352595,0.00010650094830122593,6.20570749031184e-08,7.1875637650622105e-06,2.3513770932580366e-06,0.003895733407059872,1.9316692915261677e-08,1.478160768616505e-06,0.0043872157567220495,0.027868075948459133,0.000417133372889187,3.433304386196098e-05,1.0515393161973282e-07,8.482132062739097e-07,7.507926483066138e-06,0.000267830039976234,5.60736291486727e-07,0.7023658557515979,4.7184100869935954e-05,1.5673596298480222e-05
28,2.2274299304254572e-07,4.999141024250197e-07,1.6609369182452505e-06,0.0019886910893618585,2.0274171792789083e-05,0.29794037384266514,7.955921831970143e-05,5.158947297787706e-08,3.97359208695861e-06,1.7955191598233964e-06,0.004658671978205617,3.130063217382103e-08,1.835446360338426e-06,0.004601700278028562,0.019182249831807364,0.00045094680078936193,3.794191984188596e-05,1.511530067230356e-07,7.977751680913204e-07,6.154180579263224e-06,0.00037245725559805653,3.628405665082041e-07,0.6706020161794931,3.6320179973581344e-05,1.1260263076278419e-05
29,2.2274299304254572e-07,4.999141024250197e-07,1.6609369182452505e-06,0.0019886910893618585,2.0274171792789083e-05,0.29794037384266514,7.955921831970143e-05,5.158947297787706e-08,3.97359208695861e-06,1.7955191598233964e-06,0.004658671978205617,3.130063217382103e-08,1.835446360338426e-06,0.004601700278028562,0.019182249831807364,0.00045094680078936193,3.794191984188596e-05,1.511530067230356e-07,7.977751680913204e-07,6.154180579263224e-06,0.00037245725559805653,3.628405665082041e-07,0.6706020161794931,3.6320179973581344e-05,1.1260263076278419e-05
30,2.2274299304254572e-07,4.999141024250197e-07,1.6609369182452505e-06,0.0019886910893618585,2.0274171792789083e-05,0.29794037384266514,7.955921831970143e-05,5.158947297787706e-08,3.97359208695861e-06,1.7955191598233964e-06,0.004658671978205617,3.130063217382103e-08,1.835446360338426e-06,0.004601700278028562,0.019182249831807364,0.00045094680078936193,3.794191984188596e-05,1.511530067230356e-07,7.977751680913204e-07,6.154180579263224e-06,0.00037245725559805653,3.628405665082041e-07,0.6706020161794931,3.6320179973581344e-05,1.1260263076278419e-05
31,3.62481076861184e-07,5.298585525763865e-07,2.2368884996702098e-06,0.0018995317280126203,2.046237788627014e-05,0.24128899986909047,8.215234138740654e-05,8.118324788499961e-08,3.795851499432838e-06,1.8558656968056988e-06,0.0036986585091856572,4.308302391855061e-08,2.167479371455306e-06,0.004199982694603384,0.014097245993597289,0.00040979293555151015,3.929924759520197e-05,2.744647431620549e-07,1.0309211840216848e-06,9.157226862709444e-06,0.00046996022445113385,4.3732393698361694e-07,0.7337209716274743,3.57605480571123e-05,1.5209275412247878e-05
32,2.1673615950500322e-07,5.096313685898029e-07,1.705210234111745e-06,0.001811829796664829,2.0454935772789624e-05,0.30232701356079034,8.458928886085264e-05,5.576007444868705e-08,3.7856521044541125e-06,1.755079743879937e-06,0.004574078502885876,3.1725793017924977e-08,1.9230752362331105e-06,0.004384012112048128,0.020320463761572215,0.0004520870338692986,3.595484294957993e-05,1.3932336533166942e-07,9.714863171691192e-07,6.4663021823690225e-06,0.00038045055369487197,3.9118945584596503e-07,0.6655468911336964,3.310160828222853e-05,1.1121696877588019e-05
33,2.01155952031713e-07,5.204586776753687e-07,1.5864407257493667e-06,0.002065214063094543,1.5838143268655426e-05,0.34350541059620554,8.481392991112303e-05,5.49505035012864e-08,3.852009708385796e-06,1.7650519330738366e-06,0.0047119741389789905,4.1593424482202844e-08,2.4849097432133435e-06,0.0051086779815208115,0.015538149666030676,0.000518481846334247,5.435521390040753e-05,1.7976920321964387e-07,7.417845292684704e-07,6.047630241246572e-06,0.0003420006729232236,4.0840743625973107e-07,0.6279941833251359,3.307176399769631e-05,9.944496620053696e-06
34,5.283679831115367e-07,1.001872603938751e-06,2.5431023044893895e-06,0.0012877179344743855,3.8026701596219664e-05,0.1709435923887392,6.231497068029633e-05,5.912700174939692e-08,7.606236222234524e-06,1.9028736005614289e-06,0.008712659631711103,2.472050030930864e-08,2.252612606447333e-06,0.0045262400668095075,0.02742056185898925,0.00025103876605427067,2.485215286386757e-05,1.0409366140218715e-07,2.2101182587377807e-06,5.449260402754963e-06,0.000325621694998847,6.067683626003496e-07,0.7863000640536881,6.600951013036896e-05,1.7011115755993438e-05
35,2.4473741630927646e-06,1.5400238775899375e-06,2.2761072599838396e-06,0.002450352090192155,1.7277015031714708e-05,0.24588313645797455,0.00016080910143860595,2.304381617200215e-07,1.724256482012631e-05,6.232090797849701e-06,0.004372038621138424,1.3755216502304192e-07,3.822228733091578e-06,0.004137171299838895,0.009086998377748678,0.0010430429892931917,0.00016478719833202374,1.4446259100720303e-06,1.7317187978686757e-06,1.0437695350328993e-05,0.0006214925212927161,9.295561235865833e-07,0.7319056310671676,6.983228964088111e-05,3.895899475038734e-05
36,1.4380680842962576e-07,4.180299180151325e-07,1.025253115515396e-06,0.0016805970779690015,1.0030977903675963e-05,0.3448143935196073,0.00010008233190738016,6.77836190147259e-08,5.118542678119411e-06,1.5152660826360507e-06,0.0028837944792442305,3.433943441844711e-08,2.15016383102123e-06,0.003856732139835691,0.01465775644049087,0.0005695087961781522,6.935747387615906e-05,1.3318376651375646e-07,6.143347257007388e-07,5.599678798010542e-06,0.0002244389895910295,4.5911754307485175e-07,0.6310824552831242,2.3940604912632468e-05,9.632385039017655e-06
37,3.8579138562817854e-07,4.053671788076011e-07,2.5533051232540826e-06,0.0032289220128766576,2.3249955750901148e-05,0.23076838827231633,5.685234707961855e-05,4.092820582225394e-08,3.654671759715483e-06,2.4724640127076955e-06,0.007595041210505817,3.762123218248572e-08,1.7821394239587558e-06,0.0071141414392948505,0.017033916974354517,0.00044959979773781994,4.374426158072588e-05,3.412542633846589e-07,5.744723027786649e-07,7.745793227767743e-06,0.0004256777669823227,3.6599699025783276e-07,0.7331281908957883,9.856861452685798e-05,1.33466460992454e-05
38,1.6462997483145757e-07,4.0408878584925604e-07,1.4139059547281592e-06,0.0017491726576854742,1.5236412071109603e-05,0.3628177548867979,8.007910942814984e-05,5.137598238125765e-08,2.6798779960892004e-06,1.4624368919012474e-06,0.004059035964728348,2.852526941224326e-08,1.8713761421994265e-06,0.0034245257780448433,0.018751123271514635,0.0005406390061214301,3.494981120660444e-05,1.1122183797782053e-07,8.575640813028882e-07,5.499012584345887e-06,0.0003614276082847839,2.8350529762759314e-07,0.6081185818194718,2.5384591928544144e-05,7.261561917792981e-06
39,1.6831618903239465e-07,3.556849464807344e-07,1.240358797338391e-06,0.0017379482168277827,1.4333813799530222e-05,0.28769797721498086,8.235212869936703e-05,5.966052164621307e-08,2.9925867822730187e-06,1.4813808664475432e-06,0.002966737851523096,2.8016067593044767e-08,1.5553868902783717e-06,0.0032387894884678956,0.016685423283701668,0.00046668151643501144,3.607237782682866e-05,1.266053927830361e-07,7.514243272124155e-07,6.235339596321611e-06,0.00038235698709855853,3.266363931185409e-07,0.6866427618273397,2.3051106101623743e-05,1.0192790427612872e-05
40,2.1947531971655257e-07,1.2555762278565142e-06,4.504630431336078e-06,0.001682006253082991,4.577743386546379e-05,0.4796674474862884,9.849295987264722e-05,3.688107376273748e-08,2.9200736364672592e-06,1.9220787757263388e-06,0.00707044586342321,6.378880649131997e-08,2.4114689767025154e-06,0.009699277780951329,0.0349511886883454,0.00027422829807953377,3.281007360110931e-05,1.762549589839384e-07,1.546506020227956e-06,7.637480820933985e-06,0.000607617050127139,6.969985346883045e-07,0.4657927550540674,3.6952881144949155e-05,1.76089635676109e-05
41,2.1147891637945842e-07,5.85453710243475e-07,1.6663882904385733e-06,0.0021693431378525733,2.3493871257051487e-05,0.3310794566954841,7.927621606052985e-05,5.15056875252431e-08,5.06897537037014e-06,1.804196484858008e-06,0.004571637981553614,2.8630126366709153e-08,1.9206535126648256e-06,0.004484207222475051,0.019062970516715357,0.0004871785068992,3.856339321427536e-05,1.289075267081543e-07,7.249538883955761e-07,5.445860218121242e-06,0.0003248038468389364,3.1461728883602136e-07,0.6376140538655029,3.667840395091031e-05,1.0384721174705243e-05
42,2.2814294803574778e-07,7.051913689246943e-07,3.837768080945805e-06,0.001939144589241131,1.9037535221742547e-05,0.3847227586191085,0.0001332022360975013,1.8908314736062065e-07,4.091821784084455e-06,3.038886731373474e-06,0.005417161181623369,4.430249722625275e-08,2.927847306228272e-06,0.0034587189487880706,0.04825715229114466,0.0005602550696017217,5.370370907266365e-05,8.092521088179524e-08,3.390017288001991e-06,8.955829335508942e-06,0.0009234755665635271,1.6261269252617085e-06,0.5544440165502822,3.450143602481913e-05,7.756324606323527e-06
43,2.626718088660102e-07,3.2003514823997124e-07,2.0068877082345613e-06,0.0022274386296626657,1.720078169041146e-05,0.3463793251508542,9.231564346480141e-05,8.698108917329637e-08,8.07033826613949e-06,6.471079440722131e-06,0.0030205437402236286,1.1249344728862146e-08,1.138569497596519e-06,0.003570992442807874,0.02351352085053125,0.0006203176215326238,3.259785988266162e-05,1.0318788499012532e-07,1.0813200416496064e-06,1.3063765576854393e-05,0.0004169146686934884,5.617605342572065e-07,0.6199940990262289,7.02997490311403e-05,1.1255989054944852e-05
44,2.2274299304254572e-07,4.999141024250197e-07,1.6609369182452505e-06,0.0019886910893618585,2.0274171792789083e-05,0.29794037384266514,7.955921831970143e-05,5.158947297787706e-08,3.97359208695861e-06,1.7955191598233964e-06,0.004658671978205617,3.130063217382103e-08,1.835446360338426e-06,0.004601700278028562,0.019182249831807364,0.00045094680078936193,3.794191984188596e-05,1.511530067230356e-07,7.977751680913204e-07,6.154180579263224e-06,0.00037245725559805653,3.628405665082041e-07,0.6706020161794931,3.6320179973581344e-05,1.1260263076278419e-05
45,1.1293303301699309e-07,2.6805128104879895e-07,1.7307383408142085e-06,0.0020969042199963867,1.4276224543394104e-05,0.40938717452185885,0.00012830644477049803,1.007709830728214e-07,3.3975399831191047e-06,1.7026927730292082e-06,0.0032894201498761067,1.2748848122619742e-08,1.465464727896907e-06,0.002152789047950837,0.048304867323060746,0.0007348132352358946,2.5859638216698763e-05,4.845163722761203e-08,9.915060182470877e-07,6.437571390495356e-06,0.0002786771289259016,3.7503768969197376e-07,0.5335326724917028,3.289843662085944e-05,4.697630535207863e-06
46,2.246555930126454e-07,6.234728411855396e-07,1.8388111026228514e-06,0.00177639445680318,4.0206815733176144e-05,0.24460654329774673,0.00011166251771960016,4.4001006803129595e-08,5.323727001972932e-06,2.242065306309193e-06,0.0051181334753258945,2.511675194957991e-08,1.6008350077217922e-06,0.0063060198284593675,0.027056527600298516,0.00037510235047709547,2.0989627071634647e-05,1.418513849373407e-07,1.0299062544115567e-06,7.492953005075721e-06,0.00039130152865747195,4.230758012213334e-07,0.7141167030840144,3.9273568624341496e-05,2.013137801128649e-05
47,7.76761453848307e-07,1.9282319431471148e-06,2.729793886196103e-06,0.0011992654476956628,1.8783032317034438e-05,0.3944397045313921,0.00021269689179856022,1.52121312660804e-07,8.101852978130223e-06,4.117455526533292e-06,0.00433358818983954,1.302904487476418e-07,3.657981269772557e-06,0.005025531738510615,0.02408862021896589,0.0005270698714531265,0.00010039503002010999,4.186058939808113e-07,3.3390789468882436e-06,1.1411773318200747e-05,0.0007757633247429422,1.885558190883069e-06,0.5691661648738436,3.64429367930256e-05,3.732440745874548e-05
48,1.0425240229873416e-07,5.396391027209301e-07,9.260495786712424e-07,0.0009879012626160255,5.198545133747873e-06,0.603781752925326,6.37329131547241e-05,7.339497364687985e-08,2.3189712036286517e-06,6.720865266270487e-07,0.0021746469350226384,3.393035530328977e-08,2.8200298302376945e-06,0.001464578242373687,0.011502024576789983,0.0004936546166373583,7.107630217836001e-05,4.895824549921031e-08,9.446310603044857e-07,2.826942250251312e-06,0.00019253927481726002,2.498243448341381e-07,0.3792397355931429,8.905630047591112e-06,2.6944728858942525e-06
49,2.0820331721074605e-07,6.900852299014298e-07,2.8120874164429925e-06,0.0019250004183886751,1.942723022770848e-05,0.456816534271436,8.861627644292795e-05,5.530512656989679e-08,2.881094722926962e-06,1.9497616163537435e-06,0.00490219159470085,5.850224021638474e-08,2.490739421129325e-06,0.005880594974114046,0.020631310110079352,0.00039534100055038147,5.184163864595195e-05,1.9555415077035714e-07,1.0769512631010785e-06,8.128067628424102e-06,0.0005446843315060306,5.794789552022656e-07,0.5086797291116973,3.2741832513322335e-05,1.0861378609300058e-05
50,3.877018801622859e-07,5.522647756497713e-07,1.4704771101188706e-06,0.0013160274795293281,2.6893437736688166e-05,0.17864670277837535,0.00034127095818217457,1.113944899134555e-07,1.137584960468853e-05,8.083295286104996e-06,0.003029086521261129,1.927813145491645e-08,1.3409847334842603e-06,0.006178504347846962,0.03831914392578034,0.0005564777619904864,2.4743595392028296e-05,2.332198208335178e-07,1.935451552232866e-06,1.714876887348051e-05,0.00043485889908108686,1.5361200164700717e-06,0.770967369357369,5.2142110520227806e-05,6.258402066056802e-05
51,3.5971623902537394e-07,2.3010501536453334e-06,5.9539557847297525e-06,0.008581852314139337,5.9552218638197934e-05,0.5158298880542381,7.800361846536664e-05,8.177951464745095e-08,1.4255963519725279e-05,3.833387362905612e-06,0.01593015276281504,6.013433232405812e-08,5.024961128045256e-06,0.009491806831849015,0.032553386861952326,0.0006077886606977946,9.375065213837267e-05,1.5167616703060397e-07,5.689934157536083e-07,3.3508482815698354e-06,0.0006280068034901621,5.876290940165902e-07,0.4159763889471258,0.00012664233327884763,6.249846178119895e-06
52,2.5678937451578395e-07,2.854031424473582e-07,1.9694682775733024e-06,0.0029767700168199683,1.70800578862965e-05,0.2992949075022549,6.468145103665675e-05,4.548429968372675e-08,3.6353923959748545e-06,2.6804357949378495e-06,0.005855928757376713,2.4259698051181175e-08,1.6611448409679184e-06,0.005137968231495214,0.017138226944776243,0.0006226779705542796,3.986384708842636e-05,2.2139754387939299e-07,5.571225969966152e-07,7.920066477140613e-06,0.0003457207945368842,2.998325387691357e-07,0.6684044638731091,7.341447589152198e-05,8.739280192959397e-06
53,2.672793817570692e-07,6.315672817083052e-07,2.225460939758214e-06,0.0021291023876138476,2.2472480719340007e-05,0.33825422252968007,6.60877957700539e-05,4.878405615293421e-08,3.6869015960835938e-06,1.932539499233709e-06,0.005646768076425925,4.0629453150312344e-08,2.0818668935477055e-06,0.005244064205021845,0.018227954732131183,0.00042537593146633654,4.4207332251649837e-05,1.7446767056296302e-07,9.071461103889359e-07,6.025900820618318e-06,0.0004683019761274061,3.9242224221138623e-07,0.6294011536094752,4.10150856681646e-05,1.0858891703634568e-05
54,4.0231068342040204e-07,1.7465846633339731e-06,1.2290754483362065e-06,0.001332555138749964,2.7445389740325522e-05,0.37416684580355625,0.0001996632052663202,6.268259824742864e-08,8.779852922703924e-06,2.9703798832601576e-06,0.0036291310823418376,7.540857406171944e-08,2.5784530299905857e-06,0.006393228622604148,0.01793538896256793,0.0006644433960308886,6.084448633161333e-05,2.9270514657628003e-07,1.3953160955328285e-06,5.736892454354988e-06,0.0004120017394382196,5.693984492522848e-07,0.5950911691980705,2.4148808257676893e-05,3.7295107095228845e-05
55,4.6883155226164966e-07,1.7202573592283043e-06,1.6117939803344297e-06,0.002083819809632737,4.3497543162256675e-05,0.2753920883624295,0.00013422036841782945,5.130803955532629e-08,7.905710883718155e-06,1.7291701067869778e-06,0.005771808846076468,1.3423234487730078e-07,3.1971557726877155e-06,0.0074470915927597825,0.014650315050793556,0.0005104027650968406,6.071282841562042e-05,5.012565944415176e-07,9.089303772065865e-07,5.814047387353448e-06,0.0004696629832044697,3.8516312832314276e-07,0.693345762044873,3.1745234445158506e-05,3.4444713166114906e-05
56,2.275193271789742e-07,5.697573537587584e-07,1.788763589471513e-06,0.002045380134711048,2.1719690535166933e-05,0.30627625347532306,8.244493157146904e-05,5.4823902768807744e-08,4.0618462897159e-06,1.7424599970612562e-06,0.005118699329680842,3.599338936694385e-08,2.2013106158534235e-06,0.004827147067159884,0.01928732084818161,0.000460013603815785,4.0209803522539854e-05,1.586671872923558e-07,8.543364815304318e-07,6.147404319224009e-06,0.000372408976095792,3.764706933993901e-07,0.6614032790438716,3.58268503515882e-05,1.1076892033188801e-05
57,2.3041405749407832e-07,7.549017225812863e-07,2.787085207202068e-06,0.0014652544209676481,2.3859104255965053e-05,0.35809295848365774,0.00010055677960735528,8.308219776299184e-08,2.678499892846358e-06,1.6736789593587644e-06,0.004929029551547983,7.269100779804416e-08,2.748575507027502e-06,0.004419882818256747,0.0243656589508717,0.0004135549087228686,4.2633603031787404e-05,1.5226317718770433e-07,2.4654771089940943e-06,8.515799041709381e-06,0.000788512089024163,7.62876908117353e-07,0.6053013360002066,2.2107620937668684e-05,1.1730324123703776e-05
58,2.4666916155369797e-07,4.947077850275904e-07,1.999887260361669e-06,0.0022177281868219273,2.0914603656079618e-05,0.2965837038410117,7.805841465492452e-05,5.5882498109789205e-08,4.333425380689463e-06,2.050557593681622e-06,0.005314896115315935,2.9376431107312592e-08,1.8638363400674528e-06,0.00476336598239918,0.022806678950424968,0.00046335791294954703,3.931379565380765e-05,1.501351926889569e-07,8.282226983955617e-07,6.601497518398124e-06,0.0003711930570643595,4.1562530972482663e-07,0.6672607331074298,4.99431246858372e-05,1.1043084761980642e-05
59,2.5347124125696937e-07,4.801802668965364e-07,2.166627200003294e-06,0.0023897009702986884,2.2116020191403423e-05,0.291116115573574,7.481156846809914e-05,5.5181752264050905e-08,4.4684959830196e-06,2.268809026942391e-06,0.005570000902223722,2.8811798113740906e-08,1.7617140317608156e-06,0.005121896552521716,0.02378963935175556,0.00046521611508478487,3.989506719320999e-05,1.5653222869954307e-07,8.126380844681e-07,6.98604607187868e-06,0.00038726254941827626,4.345510410608347e-07,0.670934894171514,5.722906719136415e-05,1.134903183866089e-05
60,2.2274299304254572e-07,4.999141024250197e-07,1.6609369182452505e-06,0.0019886910893618585,2.0274171792789083e-05,0.29794037384266514,7.955921831970143e-05,5.158947297787706e-08,3.97359208695861e-06,1.7955191598233964e-06,0.004658671978205617,3.130063217382103e-08,1.835446360338426e-06,0.004601700278028562,0.019182249831807364,0.00045094680078936193,3.794191984188596e-05,1.511530067230356e-07,7.977751680913204e-07,6.154180579263224e-06,0.00037245725559805653,3.628405665082041e-07,0.6706020161794931,3.6320179973581344e-05,1.1260263076278419e-05
61,2.5149591443700097e-07,4.685230891718696e-07,2.192359358367455e-06,0.0023786373686154093,2.1040228879432193e-05,0.30069989922434637,7.225477528981061e-05,5.604574410386757e-08,4.03134853826022e-06,2.141993634626574e-06,0.0053773531522592405,2.953032047047275e-08,1.7826835638393623e-06,0.004930828214146464,0.02235608324287043,0.0004542951319671146,3.9998881004060814e-05,1.5974569776998248e-07,8.073447889977403e-07,6.9147590508085215e-06,0.00040370616731679317,4.1651044423047987e-07,0.6631838924640832,5.2163626508270076e-05,1.0595182568359366e-05
62,2.2274299304254572e-07,4.999141024250197e-07,1.6609369182452505e-06,0.0019886910893618585,2.0274171792789083e-05,0.29794037384266514,7.955921831970143e-05,5.158947297787706e-08,3.97359208695861e-06,1.7955191598233964e-06,0.004658671978205617,3.130063217382103e-08,1.835446360338426e-06,0.004601700278028562,0.019182249831807364,0.00045094680078936193,3.794191984188596e-05,1.511530067230356e-07,7.977751680913204e-07,6.154180579263224e-06,0.00037245725559805653,3.628405665082041e-07,0.6706020161794931,3.6320179973581344e-05,1.1260263076278419e-05
63,2.356887662816642e-07,5.745542789866981e-07,1.7370206816801166e-06,0.0019810291894193873,2.153665950133151e-05,0.30849979970320623,8.298451037660654e-05,5.3099282220425913e-08,4.292596985562296e-06,1.840563041763162e-06,0.004824624118273217,3.335170729542305e-08,1.940710201130443e-06,0.004727274951839745,0.019983766508475755,0.0004492625148875528,3.9509751326425625e-05,1.528947030789159e-07,8.378779964312271e-07,6.039444258509175e-06,0.0003782547910371306,3.820366019536565e-07,0.6589452886396407,3.670300418014623e-05,1.1845819330741348e-05
64,2.35422489105883e-07,5.380626947421202e-07,2.0478560690551627e-06,0.0022440840749851036,2.427887991276323e-05,0.29704646528978285,7.819460248034181e-05,6.002577812802653e-08,3.644095998354939e-06,1.970747153624512e-06,0.004958920589581517,3.3083300044431724e-08,1.8437396166946047e-06,0.0043974604351915275,0.02196219743498392,0.0004428087534142377,3.509175906154713e-05,1.4203716906478862e-07,9.428891453425806e-07,6.578836058072045e-06,0.0005212459119302773,3.893575863771905e-07,0.6682238821541453,3.634833960993063e-05,1.0595621862287768e-05
65,3.443664108387162e-07,5.509650549380333e-07,1.2694497487564569e-06,0.0019748715335196594,2.1029962697117968e-05,0.2275017060749858,8.843948884042574e-05,5.003559643520577e-08,6.150477292334238e-06,2.2845686762952066e-06,0.004522634325346486,4.26998003344633e-08,1.975884694887756e-06,0.005654214367179101,0.011925874944359118,0.0005149983200906434,4.7181293975103484e-05,3.0349968022608753e-07,7.208351693023894e-07,6.915410435461546e-06,0.0003333982746004785,3.7697154903011205e-07,0.7473328318992126,4.265082986075366e-05,1.918352122386203e-05
66,3.609912142090129e-07,6.58444563800979e-07,5.449246902812523e-06,0.007868755632023865,6.82307867521309e-05,0.32692750557455746,7.595545249293651e-05,4.154029727920857e-08,3.16598665001673e-06,6.783139839439119e-06,0.018172314060443336,7.619871778336282e-08,2.8548797654667623e-06,0.014834742596977405,0.02337473938671048,0.0009570059824795204,4.5685819643608296e-05,4.971769322850054e-07,7.788407053383138e-07,8.229331765030426e-06,0.001811480894004648,4.944709998663557e-07,0.6057038160077589,0.0001183466229059183,1.203093489639896e-05
67,1.9489042742486999e-07,4.3588877589786617e-07,1.5254495695795463e-06,0.0018413500139174835,1.7328480213045395e-05,0.30378881835478405,7.338683180279477e-05,4.496653223935808e-08,3.3116681867599245e-06,1.6681511367859347e-06,0.004301038001605292,3.058283089997225e-08,1.7274437291601804e-06,0.004703251570499045,0.017436634572779643,0.000415345887671758,3.769055451011239e-05,1.5092471716322896e-07,7.177572194249944e-07,6.3645982369308485e-06,0.0003588863584702673,3.4454521607901643e-07,0.6669651101551832,3.375065061272248e-05,1.0891701372329128e-05
68,1.124238203188931e-07,2.1997069622550083e-07,8.875683269971967e-07,0.0020636826086991135,9.32472036093922e-06,0.24760018319997537,5.8187586363408576e-05,3.680446170763498e-08,1.8077468853225472e-06,8.880016644118721e-07,0.0031361383851477463,4.257594590092507e-08,2.3489372011568517e-06,0.004799731921054419,0.006394057828162985,0.000404461179798622,4.08214542448285e-05,2.6683608118236026e-07,3.1498730653659057e-07,6.544841137786443e-06,0.00028312566904833633,1.7117163760083038e-07,0.7351717828130147,1.750319455326767e-05,7.357574411201124e-06
69,1.7348736493700473e-07,3.9076448287882717e-07,1.6310807736118972e-06,0.0014787970926315377,1.3445385167040873e-05,0.3350520081738749,6.372816785539368e-05,4.440375247592652e-08,2.1639483806677363e-06,1.4155556109825033e-06,0.00429850665124631,3.340010184719516e-08,1.9161674602576434e-06,0.0041585534888071264,0.01609492203189285,0.00035120210968347747,3.605404936313573e-05,1.3195647971934936e-07,9.363049615625937e-07,7.198703720951133e-06,0.00041529611757796484,3.6071175365524845e-07,0.6379853501241209,2.756091875047053e-05,8.179204185244261e-06
70,1.9396660180260232e-07,4.2711067576742247e-07,1.5090348765712206e-06,0.002074977608881608,1.8614324160442946e-05,0.3020580428863754,7.516739162115079e-05,4.926841519453855e-08,3.901965191298775e-06,1.7122936472883212e-06,0.004196024801756215,2.8596707142733857e-08,1.7645479018097747e-06,0.004469507913681076,0.017013708368137693,0.00047347532567823227,3.8126573189212606e-05,1.4624301274059056e-07,6.737258895617931e-07,6.165885123474838e-06,0.00033117324593021606,3.143260011105073e-07,0.6691891374258775,3.504944359346412e-05,1.0107727073866562e-05
71,3.183783614345041e-07,4.5198927758330816e-07,5.780549145531627e-07,0.001917571832008425,2.940551858159716e-05,0.10691092204071365,8.88929398935776e-05,4.7704052261002156e-08,8.519728893388688e-06,1.9939891636407076e-06,0.004049537170281523,3.224434200812624e-08,1.5932986023458396e-06,0.004041467873181201,0.00992708772344429,0.0006470194556544254,2.9729307634140248e-05,2.4807439289645236e-07,4.969974734775181e-07,5.235004617424013e-06,0.00027446772727818134,2.1519389366133513e-07,0.872006758590744,3.558031649321809e-05,2.1828846107026627e-05
