,0,1,2,3,4,5,6,7,8,9,10,11,12,13,14,15,16,17,18,19,20,21,22,23,24
0,0.0007725629724823219,0.00022900991215157068,4.028882027036087e-05,0.004538528125880072,0.0014883045677869457,0.11167456640350766,0.003674491107130331,0.00417755166609552,0.0030134997979892686,6.322798537755707e-05,0.13834350914939447,0.004339680204070122,7.583582252810197e-07,0.0016609624047719002,0.12931093459316093,0.0021334191683360696,0.08596533039893381,0.00045328501195410616,0.006975892321547226,9.305978624326518e-07,0.0017704904839972026,0.00032408664634567865,0.4133109557839175,0.0001582181032753958,0.08557951541553635
1,0.00033109817616610253,0.00010907415302210695,3.094587519426814e-05,0.0018638023377711514,0.0007632073351503511,0.21340843301128096,0.0030259212427951356,0.0028708901752689934,0.010189750878921875,0.00014933837893853186,0.08186673485542836,0.001654487637195489,6.529689379590157e-07,0.0021683435751020256,0.18098809114204917,0.0019408620215816542,0.018262676659853972,0.00038438575674506055,0.009811192008420731,1.6334704939061655e-06,0.0014139693947554772,0.0003643862526856625,0.354227640075255,0.00016785959976837734,0.11400462301721778
2,0.00034734892398513134,0.0001341769617288121,2.8295678188398055e-05,0.001712124062321118,0.0009949858949355463,0.15460211567771864,0.0025508924576860205,0.0030480416554276605,0.009170133068090171,0.00011438914750290426,0.11560364163433542,0.0023200597250211,5.664099279288519e-07,0.0033355790947302427,0.2264809845408532,0.0013795855690168274,0.020868848755054605,0.000290617774302344,0.00632985316575901,1.5646860432984892e-06,0.0012240672872189402,0.00045245858611954654,0.29556794158228683,0.00013710806392677622,0.1533046195978194
3,0.00043905919510453664,0.00013579912179154788,2.6954206199826497e-05,0.002009542393979723,0.0008577405206160718,0.18177187372956355,0.0027393136133527607,0.0030460380398395683,0.007411277333580637,0.00010338349968950551,0.119315475372108,0.002192306512306411,6.327836336278438e-07,0.002273413937895845,0.19350761283208415,0.0014325603342605407,0.025543772300685004,0.00033944647141963415,0.007850600835962783,1.2445939166614079e-06,0.0013104123114939452,0.0004557476028808976,0.33230802522977704,0.00013432633870625547,0.11479344088915142
4,0.0004780158141834279,0.0001530351505313882,3.0035830157615925e-05,0.0021785376902048897,0.0009426611712894556,0.16894805345056077,0.002965174479188698,0.0033052783396674873,0.008286115714982502,0.00011184574598802917,0.12853614358543883,0.00235102438445726,7.899840155867184e-07,0.0027994419237168,0.18622700065507533,0.0013828995645157082,0.025247912035617222,0.00039499352821844116,0.008355230647497562,1.4640109368484017e-06,0.0015278761111931936,0.000516099267581929,0.3383566829196689,0.0001519349132708731,0.11675175308204126
5,0.00042612702635676935,0.00011891346756103506,2.954831157570592e-05,0.0025558667213198163,0.0009415528093921147,0.1733683741587008,0.0027860842769855455,0.002785507069028078,0.007294790777046388,0.00011108026118506843,0.10422385163380889,0.0017807155758780059,6.987116951848869e-07,0.002312682045064395,0.14469041102019983,0.0013546197512137705,0.02390296859849408,0.0005156755499552227,0.00810269264547344,1.5061748994710977e-06,0.001533019363646983,0.00033104520629919536,0.4358954646247187,0.00016140635665771454,0.08477539786284388
6,0.00043905919510453664,0.00013579912179154788,2.6954206199826497e-05,0.002009542393979723,0.0008577405206160718,0.18177187372956355,0.0027393136133527607,0.0030460380398395683,0.007411277333580637,0.00010338349968950551,0.119315475372108,0.002192306512306411,6.327836336278438e-07,0.002273413937895845,0.19350761283208415,0.0014325603342605407,0.025543772300685004,0.00033944647141963415,0.007850600835962783,1.2445939166614079e-06,0.0013104123114939452,0.0004557476028808976,0.33230802522977704,0.00013432633870625547,0.11479344088915142
7,0.0013397385518991913,0.00015847535880800272,3.288290262115877e-05,0.002346730088343871,0.000753548479765008,0.19107360190875267,0.0036532944654577675,0.0048377780875400855,0.006507503665057299,8.81039208869677e-05,0.25479356612346304,0.0024742087702327577,1.7681746344049357e-06,0.0015738919261150553,0.22929171124966902,0.0010831291305225552,0.021743383709563763,0.0004809436095041483,0.011827766055006883,1.205898019133801e-06,0.0014014785949857274,0.000977040041492882,0.19129004916638476,0.00010480878197624475,0.07216339133929774
8,0.0003847590363189612,0.0001297413602768056,4.578069172684619e-05,0.0020983110181853042,0.0008183567365585765,0.1212262642524788,0.0012237014860696782,0.0015154526119328647,0.00728723510648018,0.00013612776302180825,0.05861448713125175,0.0018359766618722675,4.3867497549462827e-07,0.0026758463110141107,0.14786743760054027,0.0015633365714548242,0.02763449216751275,0.00021231637916323978,0.003178323106998219,1.3829278754080665e-06,0.0007672897350362572,0.00021469590856151166,0.4587885957677939,0.00026917706625788145,0.1615104739266422
9,0.00022042981995361899,0.0001627386400261456,5.0957666015797986e-05,0.002054793311246163,0.0006876331103116866,0.1128875557340804,0.001241201014335559,0.002025901745261228,0.008529496836020254,0.0002526686365684239,0.046241872192217204,0.001523982794296407,4.5446371949333126e-07,0.0042442243802024975,0.14144746062488645,0.002282207666026005,0.025645839498711628,0.00027041035178206497,0.004697080956804176,2.108316713307159e-06,0.001107571782488494,0.00021504434269928178,0.4604015276933292,0.0002803415631275832,0.18352649685917694
10,0.00043905919510453664,0.00013579912179154788,2.6954206199826497e-05,0.002009542393979723,0.0008577405206160718,0.18177187372956355,0.0027393136133527607,0.0030460380398395683,0.007411277333580637,0.00010338349968950551,0.119315475372108,0.002192306512306411,6.327836336278438e-07,0.002273413937895845,0.19350761283208415,0.0014325603342605407,0.025543772300685004,0.00033944647141963415,0.007850600835962783,1.2445939166614079e-06,0.0013104123114939452,0.0004557476028808976,0.33230802522977704,0.00013432633870625547,0.11479344088915142
11,0.00047700964508542033,0.0001409113051592437,2.7782022083227726e-05,0.002137083909598303,0.0009065461929417517,0.1772686011792086,0.0029459259429374216,0.003046767025082761,0.007670359232077172,0.0001014590906199624,0.12444627327484865,0.002338073926304609,7.540689538481574e-07,0.0022649516568057186,0.19573431266590985,0.0014636189528869986,0.02555074876628092,0.0003565420902309692,0.008335943507862886,1.3677846205853103e-06,0.0013647370216196058,0.0004938725610479467,0.32930888930446783,0.00015143517133627332,0.11346603370202947
12,0.00020244476802143814,5.7576090273301643e-05,4.278445199976206e-05,0.00045567200989456966,0.004064344452455363,0.09228018642633534,0.0010584786217094915,0.0006254802174506296,0.007734547628455499,5.2026157846937025e-05,0.1007892426077462,0.0015269844480493178,1.710172074727494e-07,0.00470253914867699,0.055720028550277266,0.0003883821281500268,0.02593137320536804,0.00013337444991919843,0.0006846406405977361,1.6811607609010877e-06,0.0014886560990468678,0.0001212105722716992,0.4838551630695964,0.0002851981713633032,0.21779781390652625
13,5.83384743115103e-05,2.2883307171260013e-05,1.3634167349113349e-05,0.001921907081859707,0.0001318347108961948,0.25587154747921004,0.0008845112198897309,0.00021943925009944954,0.0033212321180816056,0.00016274397110087197,0.0026610671662435346,7.80613989027307e-05,1.660950591917224e-07,0.00015479624169143107,0.023142766206202852,0.001363924400833932,0.006629368783645742,0.00023608722064428212,0.004689401218442369,6.64878420163293e-07,0.0003411653072741715,1.8709647527742793e-05,0.6881561896253524,0.00013642687111865509,0.009783133158671216
14,0.00048583210589383185,0.0005735840323554376,3.5006016121600525e-05,0.0043178955174940125,0.0036149013301742332,0.07595925635013183,0.002284330404956534,0.0030140252110013982,0.0042112800627917835,0.0001711380384055209,0.32620335498007197,0.001224255999352495,1.6282756196992963e-06,0.005108956287749132,0.07730420004753673,0.0005370739005626453,0.05514312002472909,0.0010557607138307514,0.02200007149409043,1.500940486213151e-06,0.00902104517222836,0.0005512712864685536,0.3586854191540959,0.00018171243817595033,0.04831338021567599
15,0.00043905919510453664,0.00013579912179154788,2.6954206199826497e-05,0.002009542393979723,0.0008577405206160718,0.18177187372956355,0.0027393136133527607,0.0030460380398395683,0.007411277333580637,0.00010338349968950551,0.119315475372108,0.002192306512306411,6.327836336278438e-07,0.002273413937895845,0.19350761283208415,0.0014325603342605407,0.025543772300685004,0.00033944647141963415,0.007850600835962783,1.2445939166614079e-06,0.0013104123114939452,0.0004557476028808976,0.33230802522977704,0.00013432633870625547,0.11479344088915142
16,0.000565997942106184,0.00016733183577164067,2.086041426395264e-05,0.0018382829136662662,0.0007554847908223234,0.13671054186141268,0.002796579984445761,0.004923843548278718,0.006471207933789066,8.133226060079789e-05,0.18758290802355462,0.003802216582967379,6.635998389903768e-07,0.0030775953241047012,0.2770257366921139,0.0012806832128683856,0.025800710331648977,0.00032330305588188895,0.008454504262812353,9.269816467552313e-07,0.0011853835050658847,0.000841012080109253,0.19673053144302965,7.923465225287169e-05,0.13948312676694702
17,0.0005954194729454802,0.00013615394992220393,3.259489141453138e-05,0.0017911808321198351,0.0016030164397878625,0.13145078933791937,0.0036364271182764618,0.003048143313786749,0.00812273457600818,6.461384269067915e-05,0.1890472281816643,0.0031308408934003547,8.053335827537166e-07,0.0036836647356100426,0.11397830868267887,0.0008328341024276597,0.030621723009505317,0.00045874456523468113,0.005745179556701436,1.3295220748891933e-06,0.002336763329113851,0.0005051463077952961,0.38296436616731433,0.0001765418479507274,0.11603544999007417
18,0.0002576123246776052,0.00011905219348111737,2.8244434609771836e-05,0.0008427679908161972,0.0006044734199752307,0.11616609260190161,0.002185136713429682,0.0020617380249483247,0.006081050604585928,8.65067970865198e-05,0.08579898021255286,0.0027739020659755453,3.487447031956974e-07,0.0032094859487917277,0.1738571004991656,0.0017814254552851413,0.03031445534332461,0.00020211707078133368,0.005205925245527764,1.1047210987165501e-06,0.0014110332373633296,0.0003367995488383622,0.32070439110606974,0.00014805933385401022,0.2458221963611561
19,0.0003183790557507079,0.00015517897034192913,2.2091159724306764e-05,0.003061983912687281,0.0010098207139728477,0.23938093671032898,0.0025792904723706076,0.002650863169149179,0.010118244446063528,0.00013868974577600646,0.07723864077274098,0.0021638676471242503,5.959039299382606e-07,0.0021007988012380747,0.22153679667778686,0.001428295338947766,0.02009743529147902,0.0002497595666359646,0.007025662081255168,1.3193793886703256e-06,0.000758557701609503,0.00048225379382017906,0.30376249043332937,0.00013669474745731886,0.10358135350709166
20,0.0004972261549306006,0.00018356781147315897,2.0940989941152932e-05,0.0023007383642510994,0.0007843000988069123,0.18597925613963937,0.0029389439933902315,0.0046491772198885215,0.009026858989157456,0.00012032305696566766,0.159137557569156,0.002272345936656224,9.503786662800758e-07,0.0029087939943274917,0.2741341370354961,0.0011467045955568522,0.020101719877753527,0.00033732851130940656,0.010539350010352519,1.3744681438682487e-06,0.0012086018677980497,0.0010078987565894735,0.21573466660869944,9.335480867129882e-05,0.10487388276237937
21,0.0007313046883900039,0.00015961698371781807,5.957849155665728e-05,0.00217925489720802,0.0009869745911722896,0.10345681864847366,0.003015842735127306,0.004035366472981997,0.006502160101855426,0.00010365836072622502,0.1368768842651909,0.004191628750748753,9.230705986729158e-07,0.00419713349044684,0.11398708320710856,0.0020962535347501757,0.04013027293446064,0.0006687481944849905,0.0058898909510338915,1.7537063667800274e-06,0.0022379864813711317,0.00036493233072147163,0.4216782713803333,0.0002349520639724798,0.146212709667202
22,0.0006222862111085415,0.00013959860522873028,3.975059501380636e-05,0.001926678872293737,0.0007191689308998148,0.17571192405758074,0.0020956080854772183,0.004651324306528375,0.004008379377966345,0.00013563606166299628,0.14733848600209196,0.0016992180096901757,6.754424577207758e-07,0.002395874682926255,0.11908766669957829,0.0014820256730256052,0.046822069360360055,0.0006146777648027114,0.008060654201448471,1.3387086466820244e-06,0.0021345821084656257,0.0004551463190800867,0.40190891335598494,9.834300325860549e-05,0.07784997356442254
23,0.00043905919510453664,0.00013579912179154788,2.6954206199826497e-05,0.002009542393979723,0.0008577405206160718,0.18177187372956355,0.0027393136133527607,0.0030460380398395683,0.007411277333580637,0.00010338349968950551,0.119315475372108,0.002192306512306411,6.327836336278438e-07,0.002273413937895845,0.19350761283208415,0.0014325603342605407,0.025543772300685004,0.00033944647141963415,0.007850600835962783,1.2445939166614079e-06,0.0013104123114939452,0.0004557476028808976,0.33230802522977704,0.00013432633870625547,0.11479344088915142
24,0.0003656328358508936,0.00022110277050274777,2.374939523664578e-05,0.0038991291044844943,0.0008602860130631011,0.15820116767977008,0.00262187286590082,0.003637156448808489,0.007033215785565083,0.00015011425761965976,0.09992226818395333,0.0019143288208152628,7.075050440511555e-07,0.002843875208329888,0.19270751161056873,0.0014768591223254263,0.029408685200476025,0.000474850162318548,0.012117975888517919,1.240969509653265e-06,0.0014584417651171294,0.00046567132191474006,0.3919637414276974,0.0001278651477313099,0.08810255050887845
25,0.0006798931458371428,0.00011515553622367129,3.249301444299234e-05,0.0021185920211836302,0.0014390612891407235,0.13374694226448408,0.004502912040758195,0.010327075038383433,0.005675282233395891,6.500645797270886e-05,0.31036608964837986,0.0039352878357959515,8.133234686991604e-07,0.003947927755108046,0.10638452650509433,0.001064007810836743,0.030243147868790753,0.0008998110909034572,0.006759412136722303,1.5178193043141578e-06,0.0027536629637539595,0.0005813360257829061,0.2920279519474874,8.54877796533427e-05,0.08224660644709543
26,0.0003366335955348516,5.730618232866958e-05,3.492795535583254e-05,0.0017625006251521004,0.0009301504180191719,0.1379707707647525,0.0017911699065069847,0.0009396935537450105,0.007772697272134361,8.082668072895982e-05,0.04776523872149635,0.0009264868760886955,4.512837166811075e-07,0.0014842828072756584,0.061743562613810754,0.000952688766086972,0.01624955816412762,0.0004092212670721307,0.003419517693076847,1.4116530151515154e-06,0.0011146879834386264,0.00010577309544852993,0.6511949291589298,0.00029977420878369643,0.06265573875337394
27,0.0004238509323392813,0.00012852028356156474,1.8836074001674516e-05,0.0020995757299345765,0.0007331091891501819,0.23521037785879031,0.0027794526861772296,0.0034826629031922155,0.011818610017782857,0.00011074434457329477,0.10810601614110948,0.0021615428241944616,6.793114382751954e-07,0.002023325390006048,0.26964357259438565,0.001281194174831613,0.01417121153870285,0.0002564232289579655,0.008492478764604362,1.1665720715752118e-06,0.0007798359284711175,0.0007351165535522981,0.2240220457034747,0.00011281290479276764,0.1114068383499037
28,0.00043905919510453664,0.00013579912179154788,2.6954206199826497e-05,0.002009542393979723,0.0008577405206160718,0.18177187372956355,0.0027393136133527607,0.0030460380398395683,0.007411277333580637,0.00010338349968950551,0.119315475372108,0.002192306512306411,6.327836336278438e-07,0.002273413937895845,0.19350761283208415,0.0014325603342605407,0.025543772300685004,0.00033944647141963415,0.007850600835962783,1.2445939166614079e-06,0.0013104123114939452,0.0004557476028808976,0.33230802522977704,0.00013432633870625547,0.11479344088915142
29,0.00043905919510453664,0.00013579912179154788,2.6954206199826497e-05,0.002009542393979723,0.0008577405206160718,0.18177187372956355,0.0027393136133527607,0.0030460380398395683,0.007411277333580637,0.00010338349968950551,0.119315475372108,0.002192306512306411,6.327836336278438e-07,0.002273413937895845,0.19350761283208415,0.0014325603342605407,0.025543772300685004,0.00033944647141963415,0.007850600835962783,1.2445939166614079e-06,0.0013104123114939452,0.0004557476028808976,0.33230802522977704,0.00013432633870625547,0.11479344088915142
30,0.00043905919510453664,0.00013579912179154788,2.6954206199826497e-05,0.002009542393979723,0.0008577405206160718,0.18177187372956355,0.0027393136133527607,0.0030460380398395683,0.007411277333580637,0.00010338349968950551,0.119315475372108,0.002192306512306411,6.327836336278438e-07,0.002273413937895845,0.19350761283208415,0.0014325603342605407,0.025543772300685004,0.00033944647141963415,0.007850600835962783,1.2445939166614079e-06,0.0013104123114939452,0.0004557476028808976,0.33230802522977704,0.00013432633870625547,0.11479344088915142
31,0.0006983006888551388,0.00018543358857211033,4.504436511042302e-05,0.0022682437301864275,0.0006602382439681316,0.1703770225645884,0.0030314507049012517,0.00598705145248649,0.006096093361741401,0.00013790884928636008,0.12949706925680637,0.0027375607228054314,8.145364855182635e-07,0.0026294994898080465,0.1498244449594291,0.002294866960843686,0.037100133360149605,0.0005618329325215596,0.008659197964095191,1.3927702060605624e-06,0.0017552142948460592,0.0005001097537594384,0.36026654574429434,0.0001307073621842827,0.11455382234206932
32,0.00041495000954089594,0.00013312635396818824,2.4911279518801675e-05,0.002088604501664147,0.0008179336043436017,0.183059805231726,0.0028529815162707723,0.0029109422546720718,0.007187683469414721,0.00010372075683988383,0.11504915695239123,0.002006544662733419,6.710625675314424e-07,0.002039403259526198,0.2055906587329881,0.0014848650221888754,0.02488811535212407,0.0003438692152396162,0.009520155247662306,1.2488077864947787e-06,0.001370224240522772,0.0004596472083468217,0.3306924891340096,0.00013515913149385154,0.10682313299245993
33,0.0007201536731326392,0.0001909528159572184,2.644872094407833e-05,0.002996500105306667,0.0008708720057531581,0.15858756294572193,0.0035167295844512002,0.005131455971187377,0.005214887151855553,8.26362950341691e-05,0.1854298862042666,0.0036812554498236766,1.012058232493703e-06,0.0021749595947925305,0.177174814517516,0.001715771349348885,0.04138223674506702,0.0005054207254205636,0.010747238470828226,1.1349840033595382e-06,0.0016634857684821895,0.0007202263082724116,0.3027135263026529,0.000126954705448555,0.09462387754650065
34,0.0014386635279443366,7.297311190760969e-05,2.53477195908905e-05,0.0024680410169580507,0.0009586288608647457,0.1637085881078851,0.0038346543128098057,0.003083864860100489,0.007866937005865106,5.4611279966549255e-05,0.21550361783076186,0.0015256818229273006,1.2125466129327956e-06,0.0011114125442200913,0.2289911409571598,0.0008396784742518752,0.014857952416742912,0.0006864075715736023,0.014654436085512115,8.453690680469993e-07,0.0015858979302756733,0.0005175641634440318,0.2828832574919329,0.00012527006095248573,0.053203314930671736
35,0.0009003984644541162,0.00013656093677773685,2.9278617840744576e-05,0.002434928455100107,0.0005414161413744014,0.2507572634461824,0.003464576698698645,0.006155800047732781,0.008184329691553863,0.00012116064013872057,0.1359868308918672,0.0029040279246382063,9.422427632058401e-07,0.001757009937419449,0.16768139547445865,0.0021954934428337195,0.025514288136598735,0.0006597683164506768,0.012036039086402668,1.0686034288259856e-06,0.0012949794602159577,0.0007606451580234772,0.29062497519968955,0.00011849329726195343,0.08573832968809428
36,0.0004420429476788224,0.00013981986142265018,2.6701308256961027e-05,0.002044785995022503,0.0008208492279911142,0.18448864799907688,0.002769016519616576,0.0032309217823517813,0.007504381709160148,0.00010733228334178621,0.11785695092202687,0.002247916899940359,6.41604334361971e-07,0.0023173026087544486,0.19694014450477404,0.0014918200046679015,0.025850155623331546,0.00034578659068991874,0.008081229181620728,1.2481147333895493e-06,0.001287748365464851,0.0004814530271727133,0.32652618816275963,0.00012962064497340535,0.11486729411083653
37,0.0008589820299827278,0.0001184466998834678,5.9016012547708185e-05,0.0019751383179995793,0.00131960220537576,0.12701679550354927,0.0032017957214251426,0.0024022833211240656,0.008893380847505409,9.07611382859413e-05,0.1341538235450529,0.002661007018672598,1.0427313485612358e-06,0.003220224283742869,0.09962556526855051,0.0012232787618651343,0.02783153617126641,0.0006191056784346633,0.005407179243961691,1.6861869413163092e-06,0.002227220452143003,0.000332682408743121,0.46261733153023676,0.0002968423121300527,0.11384527260923133
38,0.0003636147500760324,7.646058577401413e-05,1.934441977413992e-05,0.0018437088836834228,0.00041453494245536444,0.2705889253983836,0.0031782441711568875,0.0025179334109045395,0.005383699181506624,9.80158214941837e-05,0.06877768730778398,0.0013293342062564695,5.790769626278048e-07,0.0008686210595169486,0.19828854004944169,0.0021260810710253897,0.020160128205864995,0.00036353141474246775,0.011906464058768728,1.0860455350753535e-06,0.0010400709132749996,0.00033442640845019454,0.34168033455254865,0.0001046882669398693,0.06853394579767905
39,0.0003451755817554061,0.00017349402718545327,2.5747393956759375e-05,0.002356187358785373,0.0011843914461341111,0.1278142537555882,0.001903463649405565,0.0015889145558636846,0.0106959047378358,0.00012518998481483387,0.10313321543501464,0.0015698712371966799,6.078460154445563e-07,0.003433307764398667,0.23110270049374257,0.0008944599483486608,0.019166146338365463,0.00028204424516229814,0.007179927531125476,1.3320192155037174e-06,0.0011254164701894418,0.0003694863898576517,0.35604693397697645,0.00018282624254897274,0.12929900157051694
40,0.0006039302285854303,0.0001498999108766682,2.717332539084929e-05,0.0012429729189126074,0.0009098862618325588,0.1743697720494725,0.00236856872484413,0.0025630393517667867,0.007500524595527406,6.727219836212369e-05,0.16023169206558516,0.003631718619256426,6.158195214262811e-07,0.00230133239807084,0.2516931048122572,0.0010122330714695592,0.024531716440604482,0.00015306938335468294,0.004101817677067076,9.586398181708745e-07,0.0008155085485555773,0.0007296464675401753,0.18760228749925226,0.00010651827865011046,0.17328474071342564
41,0.0004270635062426004,0.00011166880966235955,2.3255063366120023e-05,0.002260412848749125,0.0009610598387606686,0.2009400154072149,0.0025378126156295924,0.0026540358479640695,0.008048486445421464,9.230545721264671e-05,0.11167535093355925,0.0020100204443548922,5.347678415442114e-07,0.0017950567295486697,0.22534406910562058,0.0012106241933313162,0.020051293349248413,0.00028156098332203066,0.006877784876188281,1.0844539600191438e-06,0.000911277363561567,0.0003964020070185951,0.3091368560505187,0.000123020187833693,0.1021289487138688
42,0.00048352756884200647,0.00018004637177216845,1.5506503176664154e-05,0.0019300448538985726,0.0005700714515120351,0.2621981640625171,0.0034616005535307625,0.005100039998414723,0.006890881921425978,0.00010457832731026662,0.1336356419444683,0.0025044773811093695,9.647309859462128e-07,0.0012346934931643776,0.29099596169869757,0.0020036537697579807,0.0267167650302317,0.00021957490933561396,0.014942911430033373,1.0194294489107756e-06,0.0009923172411925984,0.0014394440740263827,0.15071513901851816,7.997718162609167e-05,0.09358299705500339
43,0.0002494133154256673,8.835056118944248e-05,2.1572145180898373e-05,0.0016054348086688315,0.0005828356884337717,0.3131438631491564,0.0019061953726439466,0.003222623360551568,0.007870485005067639,0.0001970848819931043,0.07144826926910659,0.0008723012720504564,4.6221037674315727e-07,0.0015877383162503308,0.20405507154141506,0.0014938912469253302,0.015321268882997468,0.0002853053224279483,0.009358281812814796,1.4369469661275471e-06,0.0010933585645953635,0.0004484261727845424,0.2859672723221574,8.864751266993105e-05,0.07909041031815055
44,0.00043905919510453664,0.00013579912179154788,2.6954206199826497e-05,0.002009542393979723,0.0008577405206160718,0.18177187372956355,0.0027393136133527607,0.0030460380398395683,0.007411277333580637,0.00010338349968950551,0.119315475372108,0.002192306512306411,6.327836336278438e-07,0.002273413937895845,0.19350761283208415,0.0014325603342605407,0.025543772300685004,0.00033944647141963415,0.007850600835962783,1.2445939166614079e-06,0.0013104123114939452,0.0004557476028808976,0.33230802522977704,0.00013432633870625547,0.11479344088915142
45,0.00025285937832314346,5.4954161090222436e-05,7.4912900126456224e-06,0.002984281662831267,0.0006479197814269295,0.3117421485128717,0.0037725013206633645,0.0027205760956765935,0.008405382881554057,5.834889052720559e-05,0.06564400810040467,0.0013439745927876356,4.831646100975984e-07,0.0004957672751416878,0.3723586547271409,0.0012760086010259804,0.007347680727855369,0.0001850041617272545,0.010525392869357456,8.465237953973882e-07,0.00032614995804014973,0.0004175951130401193,0.16359631399063881,6.142674102926463e-05,0.04577422947842823
46,0.0007193051860345609,0.00023605505395542055,2.1919459810882588e-05,0.002569565519712483,0.0006481564643246834,0.16215505161692004,0.0025892414691714833,0.003884707185527043,0.002614467738112234,6.288252141686704e-05,0.14507077814174651,0.004426073957526092,7.447862029600645e-07,0.0011641232839970537,0.21859256993013595,0.002242546107991038,0.0852032308545976,0.00020688695828195467,0.007925145663642105,7.272333781935929e-07,0.0009860477074254714,0.000837498426029249,0.2477329484285968,9.670057682797873e-05,0.11001262572863546
47,0.0009110177812686457,0.0003369231038979009,2.715783482096922e-05,0.0015644604454393583,0.0005031154025993346,0.16037497127385422,0.0032081197857532855,0.004844349440521164,0.006408683212445661,9.525676989274772e-05,0.15065797890986166,0.006507286642147966,1.269491981370116e-06,0.0017586785190246625,0.275263846360051,0.0032218600433126954,0.0435719839731675,0.00019952009933071012,0.008845224649577325,1.0831761300836984e-06,0.0007997341420795279,0.001601080493289791,0.1350347338218644,0.00013574729676836645,0.19412591733091966
48,0.0004704429596753505,0.00034278590391370264,2.4760903022607903e-05,0.0034735046607408918,0.0005191639562264884,0.17372405877830233,0.00226878704917841,0.004843286290063555,0.004107744653012679,0.00016738871207321282,0.09661813942815065,0.002243361252671967,7.024572892274594e-07,0.002212727282442063,0.2164301929517091,0.0020614425052389385,0.058885848490858844,0.00033815346263298227,0.012420781218253171,9.368595148097084e-07,0.0012652500715654965,0.0007362190387537289,0.3236659273880605,8.15754618055113e-05,0.09309681826484377
49,0.0004941138432550747,0.00011784405233516736,3.015814143313134e-05,0.0017677818834027886,0.000836479400864984,0.23539714080835683,0.003032641958796209,0.0032883268791476937,0.007698282704696466,9.120209281624593e-05,0.12097038893630292,0.002895050701331081,6.417289764808796e-07,0.0019655143386986557,0.15517587838550548,0.001510114303742344,0.024927208333375302,0.0003164069970233691,0.005590539653305525,1.287970114014871e-06,0.0011082722328784708,0.0004636835877553908,0.3168804070767627,0.0001364747146939808,0.1153041592744297
50,0.00043618787130224264,0.00014017873284627206,2.748521177487624e-05,0.0020160661246238164,0.0008429397431258999,0.18421211763209208,0.0027767676686024606,0.003236713774731335,0.007623351506560307,0.00011051415217330361,0.11870844233709515,0.0021889308425780767,6.464447505825911e-07,0.0023805655079883457,0.1970054404944901,0.0014569915314698967,0.025250704995478646,0.000342304365132704,0.008104458419992794,1.269682149288005e-06,0.001334656443938997,0.00047862223771114216,0.32486203655231866,0.00013055578080805978,0.11633205194626492
51,0.0006831727812088997,0.002209523293060853,2.3498344155736215e-05,0.012258688009221273,0.0006441164063634234,0.07888626622139563,0.0019193545338946883,0.01985764845420779,0.006584499305540641,0.0003178413116079725,0.18581823203746103,0.006161633961102295,1.7168405761991637e-06,0.009337520320256075,0.4099077733810989,0.0014805109108292978,0.037219077220360386,0.00041814853515232916,0.017553739076270215,9.555608233390348e-07,0.0008721797597157025,0.0029555668880863707,0.09974319927565141,4.2205167874754144e-05,0.1051029324040848
52,0.0004503674906547019,0.00010362034054922662,2.3369614787206955e-05,0.0027069706164283757,0.0005082920214261597,0.23745078087073698,0.001981733029683122,0.0038437847294920113,0.008040657010383825,0.0001931010668983094,0.09032502853190842,0.0012655228920486633,6.999480083002497e-07,0.0018719314075925737,0.229294957600578,0.001786190703784141,0.016797360611039674,0.0005866489333188888,0.012192849341495664,1.518117097892164e-06,0.0009509068645909278,0.0004871346763113735,0.3190961254208284,0.00010596145314632162,0.06993448670721082
53,0.0005475749018896261,0.000193347843894404,3.447573292937429e-05,0.002593300135875213,0.001011412469137714,0.16327530035075014,0.002043882305278925,0.0030674378373038358,0.006961424412485027,0.00015276778130307494,0.13182378215861545,0.0019013059840367376,8.315222996882992e-07,0.002561425987910188,0.194181492426472,0.0015113968047001938,0.03314815723854615,0.0003974992693502821,0.010066457513866658,1.3732651901853617e-06,0.0016140193065128327,0.0005509695285257456,0.333068365893644,0.00016740757178436004,0.10912459175769812
54,0.00018565199460519467,0.00020506630207893023,2.3094460580155408e-05,0.0008982855929696096,0.0005255868661518679,0.09312603570286122,0.0017435368907528827,0.002294177399460926,0.009036238856505119,0.00012079092952000892,0.06304978136009348,0.003809625120109636,3.3988926667521956e-07,0.0040205240439703,0.28267498691654136,0.00220622561630568,0.01965435748363464,9.643721832807236e-05,0.0040931178600565775,1.1195190850811738e-06,0.0005822825585579399,0.0004728592990161684,0.15349046902418792,0.00012234131886882673,0.3575670677764917
55,0.0004758575974650073,8.782064488003582e-05,2.3221337305770422e-05,0.0020473067816021815,0.001190270812414868,0.1842311678816997,0.004584165175381489,0.0023678730054281353,0.011058504583888547,5.082000928303073e-05,0.12300975093501312,0.00418682340849534,6.154875687806774e-07,0.0018447188656221319,0.15632035026479807,0.0013345637803902077,0.01679570098187926,0.00035233169339867555,0.006040865883658942,1.0541786178101036e-06,0.0010454192857980063,0.0003229433168220848,0.3547587434409241,0.00021277869213838472,0.1276563319555263
56,0.0004656571146441786,0.00013940766652466462,2.7340191749969997e-05,0.002052086095410199,0.0008636488064407907,0.1807064543400651,0.002851702086745123,0.003114684306597429,0.007527547997362093,0.00010195381240165539,0.12361341344645962,0.002293973767337819,6.930987707779464e-07,0.00229243518488008,0.19356393333866206,0.0014277414376826863,0.025547124001773534,0.000349916331563421,0.008085724010064143,1.28608772954541e-06,0.0013445987787773675,0.000485744780835109,0.3290151077377319,0.00013946044934485985,0.11398836513044583
57,0.00043004212372438057,0.00021131125567250812,2.5970165048137518e-05,0.002030869068428341,0.0008219418142872976,0.15197193091615321,0.0038385749378304535,0.0035483593006057834,0.0067604262685524805,0.00011051336111245022,0.13613457278418453,0.0028817850575910985,9.902437105494487e-07,0.0021723110614789392,0.22679980332836835,0.002178873066043006,0.03359909178460224,0.00033964671263288584,0.017303221493555558,1.2425886657781258e-06,0.0021261615339186455,0.0006955122155734188,0.26657675364388733,0.00016199783076153664,0.13927809744361108
58,0.0004037815367816991,0.00012485017743957144,2.7926927408386865e-05,0.0020160540572876163,0.0009994759766417723,0.16888836118069117,0.002833938341697946,0.002171958889390561,0.008163164346435877,9.490581065717481e-05,0.10704166757231885,0.0021075085545680422,7.105868265863094e-07,0.00208800645023412,0.18033635826182662,0.0014375025392400873,0.023299224055741,0.0003212096452261329,0.007804809126288467,1.4435463535039265e-06,0.001383348661098399,0.0003793876073043812,0.3696007599817599,0.00020254249067659378,0.11827110367610544
59,0.000390608597310059,0.00012909382766518985,3.167417206908914e-05,0.0018765627115584936,0.00099406064523553,0.16929019481590774,0.002718862227090413,0.0023035398974407505,0.007929157542147614,0.0001064263967260718,0.10317375969799625,0.0020504426243837487,6.625053194260871e-07,0.0023185124476179492,0.1639351987822794,0.0015191469850126637,0.02548109435074841,0.00033045840923296956,0.0071543137919734025,1.5030882788306269e-06,0.0014960473228787575,0.0003603863825786201,0.38219557822551736,0.00019715585549708527,0.1240155586975342
60,0.00043905919510453664,0.00013579912179154788,2.6954206199826497e-05,0.002009542393979723,0.0008577405206160718,0.18177187372956355,0.0027393136133527607,0.0030460380398395683,0.007411277333580637,0.00010338349968950551,0.119315475372108,0.002192306512306411,6.327836336278438e-07,0.002273413937895845,0.19350761283208415,0.0014325603342605407,0.025543772300685004,0.00033944647141963415,0.007850600835962783,1.2445939166614079e-06,0.0013104123114939452,0.0004557476028808976,0.33230802522977704,0.00013432633870625547,0.11479344088915142
61,0.000427881939812934,0.00012050796367949955,3.495211364286755e-05,0.0018332309935610667,0.0010173243073154038,0.17101329024411185,0.0027690911886344574,0.002351450834642111,0.008454974252008144,0.00010776672648411998,0.10551863955432088,0.0020183657022939646,6.866124898765533e-07,0.002381362855691585,0.151363598735365,0.0014680150876546188,0.024219729133907904,0.0003602625385193972,0.006922716897806,1.5268605690958936e-06,0.0015820307621974194,0.00034802877889697904,0.3941201037936162,0.00020853316707717946,0.12135592895570135
62,0.00043905919510453664,0.00013579912179154788,2.6954206199826497e-05,0.002009542393979723,0.0008577405206160718,0.18177187372956355,0.0027393136133527607,0.0030460380398395683,0.007411277333580637,0.00010338349968950551,0.119315475372108,0.002192306512306411,6.327836336278438e-07,0.002273413937895845,0.19350761283208415,0.0014325603342605407,0.025543772300685004,0.00033944647141963415,0.007850600835962783,1.2445939166614079e-06,0.0013104123114939452,0.0004557476028808976,0.33230802522977704,0.00013432633870625547,0.11479344088915142
63,0.00044422409859342526,0.00017115176840783956,2.7344644606100466e-05,0.0021335928724269555,0.0008291571946080007,0.1718752975964202,0.0026652793686382007,0.0031617645593195573,0.0071540555958095695,0.00011346589424593525,0.1190645144751616,0.0023425438980003107,6.882509267403102e-07,0.0024003457084568664,0.20427296498592076,0.001568388577746527,0.028848961060045416,0.0003290253877003713,0.008526593289166473,1.2745662441044908e-06,0.0013226956881679625,0.0005111575701316717,0.32053450457159827,0.00013776146210883449,0.12156324691554846
64,0.000447238309458751,0.00014252628917115067,3.3073655819875985e-05,0.0018518769124875997,0.0009697617243875019,0.15725338942582764,0.003129227007179009,0.0028554651103109537,0.006835182773140461,0.00010191619815277967,0.12584536261566695,0.002109585049069906,7.448416137059714e-07,0.0025678891068161343,0.15907775107815988,0.0014495747490700548,0.029939604497601333,0.0003991821743998059,0.008807780226499926,1.3936777602881577e-06,0.0020750916861966306,0.00041537482927594884,0.37713237097800417,0.0001607034724121652,0.11639793361151742
65,0.00041026142997238146,5.342475042397004e-05,1.1909623588913e-05,0.002227456673329905,0.0006200378638067781,0.24470257938859785,0.0031523086581790897,0.0022855590841641873,0.0032804669587518692,4.274742784793286e-05,0.11004083426969238,0.0013302928917985383,3.920861627776068e-07,0.000565053828781528,0.17515332954765794,0.0011038111255697951,0.023617763368299044,0.00036647770732646794,0.010260759820942784,5.865478576695304e-07,0.000969784653137188,0.00025480137165063483,0.37507130923793014,7.075880465739481e-05,0.04440729287987275
66,0.0009254660525401328,0.00015187750429343378,6.345487671113459e-05,0.002129889667447449,0.001278146247341213,0.18866994365080458,0.004286678671446911,0.007038518294663905,0.010069341082815769,0.00015357577060232054,0.20879409422067702,0.0030464555128172444,1.5452036208631662e-06,0.0034879239778845402,0.17390050752448227,0.0018705686571125787,0.024253505878298835,0.0006626091137919125,0.008272802164934466,2.544184871654612e-06,0.0021491549107702885,0.0007250959836205372,0.2421106814438662,0.00015512646532161883,0.11580049293926302
67,0.0003666258423151733,9.630978522917003e-05,3.549689519088499e-05,0.0018037503317437289,0.0007656351868064592,0.14718678696021553,0.002121356760740821,0.002272122461572889,0.005117739757711323,0.00010558770175309384,0.0884075455127746,0.0013368359331925519,5.271945917692608e-07,0.0022428498496102765,0.11367910903709814,0.001284149080967048,0.028181763677823348,0.00043908119829826514,0.006160218211658103,1.425066547464455e-06,0.0018120936118897236,0.0002272096717146031,0.5084769714740345,0.00015324993967712232,0.08772555885684336
68,0.00014820961443980714,4.914168546990915e-05,4.2377927382662e-05,0.0010533857557964174,0.001170313978358174,0.1438322999983221,0.0014879391530061173,0.0007179526425013191,0.01513830673423368,9.907824683618359e-05,0.041966200649627694,0.0016454721314789996,2.3784475596559565e-07,0.0042548620894570476,0.08218519222873416,0.0006627081154604596,0.008907753655962363,0.0001732297169444511,0.0010898484701971974,1.9095461454274193e-06,0.0005831317371731493,8.231335608009475e-05,0.51982128815484,0.0002771490176851801,0.1746096975491116
69,0.0002578219935698572,8.025123354810329e-05,5.809242858235246e-05,0.0011874330361465381,0.000574113080021721,0.14399711254859182,0.002305046872946608,0.0040271536471000345,0.007421699833469227,0.00018854510005572047,0.07300644697508459,0.0013911856521182837,4.866948213577265e-07,0.0050679460635255115,0.07433746129820976,0.0016874190077383277,0.018786569248382744,0.0007420231722188278,0.005554259956053046,2.3659386251712844e-06,0.003004502103429302,0.00019313704318736614,0.5384017363272134,0.00015811701185897606,0.11756907373350117
70,0.00030212568785019134,6.930980791365729e-05,1.9403836851468836e-05,0.0032460838710966326,0.0020449965030866373,0.18620070868166097,0.0029673313384156377,0.0018655558378120416,0.012608556455552077,5.235112363786462e-05,0.10310159932944134,0.0016488421707635565,3.601159002459321e-07,0.0022478475515610575,0.18675228569040986,0.00039672397008620465,0.010156187395294752,0.0002206674606454263,0.003290320196449274,9.621709557537652e-07,0.0006598358945503103,0.00021129967804148477,0.4036344832453329,0.00011170490767429292,0.07819045707901642
71,0.000128535921399947,0.0001274924307495546,4.792036587589674e-05,0.0010644305484214188,0.0021916050524536127,0.0925281655652648,0.003490434622967275,0.0025102934564745446,0.020674270307212177,0.00017668000093039047,0.0646291597071593,0.0014234372953396538,4.5322338955989337e-07,0.012025804778003142,0.06184133304771438,0.001087987094826096,0.013218194861185773,0.0005878826942704751,0.004093244781335572,3.667098687560712e-06,0.004078170372833123,0.0001739106735644701,0.5438877529650322,0.0002784595064703347,0.1697307136284388
72,0.00015697256508701054,6.661614658326179e-05,8.341582536096455e-06,0.0012171434617399438,0.00015872882573816875,0.4635960606679079,0.005854428933591353,0.0035611017053747704,0.004357136158344986,9.263509216321891e-05,0.029108389824512904,0.001296959939113889,4.928228376895204e-07,0.00028362130455326684,0.30925153595554594,0.004078363746098241,0.01245577531956405,0.00013516801995632115,0.014428341015325046,9.11340763788191e-07,0.00036065962388490277,0.0005023648080574461,0.10385805171447572,2.8316356735396046e-05,0.045141883069508844
73,0.00047340810392673357,0.0001391730187464491,3.0444450611991834e-05,0.0019039310412545156,0.0008680580564306489,0.17363172399062646,0.0026676036878321998,0.0033713703499559287,0.007246565944104063,0.00010951870615121089,0.13211312396545666,0.0021936998237732323,6.524046979795752e-07,0.002667019780212212,0.17539293241323678,0.0013601949652322567,0.026681993571747133,0.00039321935640016344,0.007707519246877889,1.2964293891344972e-06,0.0015541747469632369,0.0004618312430124694,0.34341054000696314,0.00013139832457892915,0.11548860637181868
