,0,1,2,3,4,5,6,7,8,9,10,11,12,13,14,15,16,17,18,19,20,21,22,23,24
0,0.0011167698902424135,0.0035761342840704953,0.007819413066468762,0.008299335573711722,0.005276542986599336,0.1517794086003526,0.017706151013016928,9.697308699496936e-05,0.08739426716999611,0.00030978566977237713,0.5161427154968371,0.0005020141589860867,3.940362017114039e-06,0.0035859069691442764,0.061295227148220575,0.0005063706148305806,9.302596387842826e-07,0.00027821729084672294,0.002266749670286863,4.270473801154103e-05,0.0010419493562047325,4.16520999869069e-05,0.0058278535261495875,7.686071195286785e-05,0.1250121262556606
1,0.0005686442860105801,0.009191587520517444,0.002011544364118087,0.018565111804835135,0.002501752475272939,0.06706397628548329,0.012413391178278464,0.00011855241812823408,0.04533808594896454,0.001053131349258075,0.13872493337163594,0.00017139557196510944,1.3511531514468335e-06,0.0039723531359786455,0.06793917865543042,0.0005840401546550685,1.1072488688535928e-06,0.0002882187048682147,0.0035042820744215254,2.9632001599405413e-05,0.0036605608649907745,6.876775982812493e-05,0.01139671639750531,5.506308505171904e-05,0.6107766221891826
2,0.0006921209294412881,0.008738472774167963,0.0009629204589306965,0.014066964559934003,0.0017220937642176293,0.05473594083957336,0.010049107893912874,8.144808985899104e-05,0.014304758348240444,0.0005756583174778766,0.12961256992398915,0.0001866494253498769,9.317835908441616e-07,0.003514419159925752,0.0983795283248921,0.0004984466610453884,2.080075419081498e-06,0.00038794160516561737,0.0018148654867710464,2.0984290888974666e-05,0.0037482977096455535,0.00011001240333810977,0.031152409474689877,6.608907154332108e-05,0.6245752886279903
3,0.0007032952769643512,0.010849512421743972,0.0016566644359516252,0.022424266250129696,0.0024523632311974097,0.05310624505400072,0.011287707012610483,0.00010172950616948522,0.01924836573426546,0.00074667101900337,0.1718496876262429,0.00022230254935544388,1.5006574031338581e-06,0.004044594703718902,0.05376055269777221,0.0003590212238813693,1.8012586619172906e-06,0.0005547465994497503,0.0018217314376271743,2.6136089306344277e-05,0.0037728016836162796,7.793417223869754e-05,0.01953618044428413,8.557513402058497e-05,0.6213086137803847
4,0.0007335483592591917,0.01190310712074246,0.0019450527982530952,0.0231914450655956,0.0028714127730486033,0.06070410399551519,0.01216971653294303,9.747976562786995e-05,0.020866763254819235,0.000781394712878248,0.18513158432585272,0.00024132266000299565,1.9569307780158115e-06,0.004825111533475215,0.05627681988118598,0.00037492937759741436,1.8729723731771285e-06,0.0005991629290374485,0.0017962167964774983,2.8366808514430108e-05,0.00367893202265755,8.20126764540971e-05,0.020416349834531358,9.461810230512843e-05,0.5911867187700744
5,0.0006234490666131226,0.011850826212102103,0.0015195348174948222,0.030978728567164403,0.002624571266197569,0.05084082717275217,0.010795195906607975,0.00010977747924892099,0.014846345069531638,0.0008671073003041357,0.17388197177804968,0.00021123759331587866,1.6724727693495788e-06,0.004082236799162162,0.04015631612791587,0.00030979704404953166,1.9283912216532914e-06,0.0008010967661007471,0.0014552435896597739,2.869459704711404e-05,0.0042951861185510035,7.232440880197484e-05,0.023193090542268677,0.00010327702609053627,0.6263495638869792
6,0.0007032952769643512,0.010849512421743972,0.0016566644359516252,0.022424266250129696,0.0024523632311974097,0.05310624505400072,0.011287707012610483,0.00010172950616948522,0.01924836573426546,0.00074667101900337,0.1718496876262429,0.00022230254935544388,1.5006574031338581e-06,0.004044594703718902,0.05376055269777221,0.0003590212238813693,1.8012586619172906e-06,0.0005547465994497503,0.0018217314376271743,2.6136089306344277e-05,0.0037728016836162796,7.793417223869754e-05,0.01953618044428413,8.557513402058497e-05,0.6213086137803847
7,0.0009204224808658224,0.018819346883742396,0.0032623510290247324,0.022358907206255843,0.0015575238026373454,0.03566427776998075,0.0217422246117091,0.00010190258500106666,0.033800466252353986,0.0005542281255386452,0.3325816984200923,0.0002010168120696291,4.3320944590962855e-06,0.0029927499181521353,0.03860143362526648,0.00014774926708443866,1.6749884230236895e-06,0.0007776909512520316,0.0011159508992964456,4.7462123966681844e-05,0.0017847632003186425,5.4084171769574475e-05,0.009217385767898635,0.0001753936189286875,0.47351496339391247
8,0.000523689585237878,0.007286466195132254,0.0013003659688089672,0.022265565600688066,0.0013216371550885445,0.013794920934950133,0.007848944457038678,9.905385038421712e-05,0.009228548096809602,0.0006807511861264206,0.041140992182707614,9.579222295886987e-05,9.235786871163724e-07,0.0022293196332762175,0.029129546721838144,0.00026226898665498944,1.6985122358394566e-06,0.0002653535167350461,0.0008470682882646875,1.5201812638052606e-05,0.0024326288514800658,3.571644524639731e-05,0.015989512633890958,0.00012095532778792322,0.8430830782553332
9,0.0005325840820797935,0.0118743729587182,0.0030144758810731432,0.026357437972769834,0.001795869441545732,0.011247446545982014,0.009181602974139964,0.00011899934849260475,0.01951376487701989,0.0006840351713041535,0.06027141481240662,0.00010396559714390954,2.2323797486503598e-06,0.0021324714990453284,0.024933146164519585,0.00013673377969522166,1.7963291563115872e-06,0.00030355355838656997,0.0007506684676205534,2.0787936406540324e-05,0.0016866403017943231,2.678735293401224e-05,0.00773329283706949,0.0002253953098806572,0.8173505244210668
10,0.0007032952769643512,0.010849512421743972,0.0016566644359516252,0.022424266250129696,0.0024523632311974097,0.05310624505400072,0.011287707012610483,0.00010172950616948522,0.01924836573426546,0.00074667101900337,0.1718496876262429,0.00022230254935544388,1.5006574031338581e-06,0.004044594703718902,0.05376055269777221,0.0003590212238813693,1.8012586619172906e-06,0.0005547465994497503,0.0018217314376271743,2.6136089306344277e-05,0.0037728016836162796,7.793417223869754e-05,0.01953618044428413,8.557513402058497e-05,0.6213086137803847
11,0.0007289699882900339,0.011506835283701283,0.001745257495821322,0.022981028838599024,0.0024615713121017516,0.05321813619059576,0.011789276691962034,0.00010260150884168784,0.019630277254348353,0.0007534759227737153,0.17855813950097785,0.00023086006061083625,1.7406071616654021e-06,0.004161299815200556,0.05272434628197934,0.00034748839528327884,1.8982738952807937e-06,0.0005994498254767988,0.001743680185997347,2.8108189479436026e-05,0.0036417752402204454,7.960821195112816e-05,0.01979052723468198,9.305632230795701e-05,0.6130805913677412
12,0.0009404340115727074,0.012770086367840746,0.0009448472467072672,0.02683885581170672,0.005123436093630931,0.09723044013406033,0.006524749672854611,5.782367941625305e-05,0.002799669205571239,0.0007576273765795372,0.15869964935956168,0.0005732446282136169,1.6921342866388324e-06,0.010768369797159302,0.04066671324423987,0.0005457355017529365,4.356937347052899e-06,0.0019354565491992194,0.000964767062440266,1.964644658825329e-05,0.006540334177524285,0.00021088536987394122,0.10252898378906129,9.503080688518636e-05,0.5224571645959261
13,0.0008749052316233733,0.006660217214838339,0.002235231780419541,0.014001746860917968,0.00221784346882279,0.03862002073141349,0.008643019030021843,9.339657842037494e-05,0.020821845448839183,0.00023765219953458198,0.3463829540094926,0.0005611249003652594,1.182272730723775e-06,0.004333208925131195,0.06664010724551757,0.00020435311900104217,2.424686758963025e-06,0.0004223540554161012,0.002061389662501014,2.1336480195503597e-05,0.003893265878102228,9.198167673119849e-05,0.012722716362672217,4.986040983971178e-05,0.4682058617706932
14,0.0005476098713205813,0.018518586994434108,0.001674113060792058,0.02639118921427842,0.003242120215693912,0.06417361904750038,0.011278784757617089,0.00011365471036928772,0.0249699143401232,0.0012731656449667694,0.19061670582617268,0.00015977551950518789,2.0289288382114456e-06,0.0038630969590491542,0.05283282739037434,0.00031659549499651304,1.7310785767994422e-06,0.0006923656304609753,0.0019446668959290057,2.7836339259637255e-05,0.004175956040576092,8.211627335658936e-05,0.016943598971617554,0.00011336329427984912,0.5760445774999116
15,0.0007032952769643512,0.010849512421743972,0.0016566644359516252,0.022424266250129696,0.0024523632311974097,0.05310624505400072,0.011287707012610483,0.00010172950616948522,0.01924836573426546,0.00074667101900337,0.1718496876262429,0.00022230254935544388,1.5006574031338581e-06,0.004044594703718902,0.05376055269777221,0.0003590212238813693,1.8012586619172906e-06,0.0005547465994497503,0.0018217314376271743,2.6136089306344277e-05,0.0037728016836162796,7.793417223869754e-05,0.01953618044428413,8.557513402058497e-05,0.6213086137803847
16,0.000643994372442679,0.010440962296638495,0.0008674862344401423,0.026163387949633243,0.0016658677358351909,0.06192580487097248,0.010746379618982201,0.00011642002581688213,0.012096629052193743,0.0013474351529751624,0.14718421148027197,0.00019736119245910034,8.734752812003319e-07,0.0034065450043342703,0.03922799564918754,0.000505658501766125,1.8054631802980903e-06,0.0009848872444272762,0.001840802396744906,2.808455595707034e-05,0.00800328451757564,0.00010097439202465102,0.023585705736234384,6.984833198704838e-05,0.6488475947486383
17,0.0007140674310778253,0.008105451083508195,0.0014977060098698752,0.034263949240794386,0.0020920880969774753,0.04390397139121267,0.01026819359356001,8.7892330770815e-05,0.00940431671550195,0.00060144802293851,0.14343077272700083,0.0002866648293455132,1.49870528548936e-06,0.0057660118506558675,0.026222752460641298,0.0003088720542656948,1.6852209066257352e-06,0.0008734631823444796,0.0010935237524677018,2.9810316032234217e-05,0.00404962382590583,6.656980050788961e-05,0.02812439715071891,7.382888720605862e-05,0.6787314413205039
18,0.0010889176109572488,0.010155862344797104,0.0011337742436077413,0.016469786677477383,0.0010616831458167262,0.01593210410801894,0.008883828405693142,7.761511895202436e-05,0.006270491785653304,0.0004785718338010253,0.07982946290487183,0.000277383677892701,1.2494962132672753e-06,0.0028099531010041976,0.027801407632201562,0.0001933966785857274,3.297363080689513e-06,0.0007698257279824274,0.0008911089845107484,1.584072549384822e-05,0.0030111136929892785,8.593870793274738e-05,0.017761011372664306,0.00012137823415786724,0.8048749964256442
19,0.0005746903281744394,0.01136067825676764,0.0035146171889428282,0.027280253497191258,0.0042426667116653655,0.05585807526134555,0.009992006511929465,0.00013359779244280642,0.033925210803819016,0.0009016485810053451,0.18966395711701678,0.00032957440052662864,2.459890009474224e-06,0.005200739691495497,0.04685471607604986,0.00030547549467524503,1.916812415014218e-06,0.0005068866991659949,0.0019613218714068527,3.54872456660215e-05,0.0035223443112170683,8.379990981439012e-05,0.011820609558786157,9.271668926410568e-05,0.5918345492992072
20,0.00056588177238959,0.012259413959309757,0.001446889848888363,0.021344699368043306,0.00273897615935347,0.041137121779817425,0.008992930444850182,0.00018064114235212414,0.021881295028130025,0.0009499819062349954,0.14303179088152818,0.00022345815632049694,1.2177292079379873e-06,0.003344201019444831,0.07623400894079069,0.0003405689901366265,3.0135313208522157e-06,0.000507303420011759,0.002402343929620428,2.677144547284104e-05,0.005226417126939874,0.00015579421318685167,0.019939379891533646,9.767332046097226e-05,0.6369682259946547
21,0.0011538505716587888,0.007568196527995718,0.0019825429608942248,0.02532057816645626,0.0021155070259551633,0.0745253540763695,0.016290924189482338,7.702013193303892e-05,0.012569725950590567,0.000724862817310963,0.18086770702238744,0.0004254791903732037,2.059173781020978e-06,0.005969908164719526,0.037589179426039086,0.0006713080748252029,1.5762781119920689e-06,0.0007933038748530889,0.0014054549935235926,3.759730487766783e-05,0.0039632316838842324,6.271238285812062e-05,0.028118955171226416,7.91720725198412e-05,0.597683792767373
22,0.0008645646248199376,0.009065379349213061,0.0018669838632684008,0.02238820218270612,0.0025303288314781885,0.07708542436010164,0.012282191275202555,9.833165696230195e-05,0.015333003536404113,0.0006784133104286958,0.27041248428148806,0.0003346340308216042,1.3325637531415941e-06,0.004790060237632165,0.04953056057175956,0.0004623342554772872,2.1971279031650586e-06,0.0009347997744000578,0.0016463408579335914,3.303064001563196e-05,0.005628187749946462,9.984424129010912e-05,0.02456130263766482,8.082909053241159e-05,0.4992892389487969
23,0.0007032952769643512,0.010849512421743972,0.0016566644359516252,0.022424266250129696,0.0024523632311974097,0.05310624505400072,0.011287707012610483,0.00010172950616948522,0.01924836573426546,0.00074667101900337,0.1718496876262429,0.00022230254935544388,1.5006574031338581e-06,0.004044594703718902,0.05376055269777221,0.0003590212238813693,1.8012586619172906e-06,0.0005547465994497503,0.0018217314376271743,2.6136089306344277e-05,0.0037728016836162796,7.793417223869754e-05,0.01953618044428413,8.557513402058497e-05,0.6213086137803847
24,0.0004940452072638356,0.014005459365049544,0.0016191578861980357,0.03681514300466259,0.003208332955409456,0.059767124701503756,0.009964938868210328,9.93797091720575e-05,0.01626908459064627,0.0010738441898409325,0.1587646141216639,0.00020608963375162682,1.9869891474737713e-06,0.0058126604352675285,0.034380434212985214,0.00031742705129796756,1.4326921567717762e-06,0.0007415799671434332,0.0016739485232327655,3.2093158959916186e-05,0.0042560635178591705,7.256515975089008e-05,0.02029657257048182,7.571809924651804e-05,0.6300503033890983
25,0.0009439015823148484,0.00874855046265983,0.0024325220034744385,0.04042403576231786,0.0022086972913046223,0.030337047079548488,0.01809407751796209,0.00022504270348942828,0.01603841696343844,0.0005008362938110338,0.3550754739193943,0.00045537801693424187,2.471957990284982e-06,0.004229887771048847,0.0315306418120495,0.00024070670648462683,2.9578075526347035e-06,0.000918823795901586,0.0018869348062983226,5.257601650722667e-05,0.004382412104928562,7.448443103052773e-05,0.020469650407530758,0.000119100504517994,0.46060537228150955
26,0.0014554019113112455,0.014341438580497575,0.002867055647513779,0.023970435349197284,0.0021332133410861217,0.025721840444782894,0.014586383172927209,0.00014184943823790185,0.017572111035782427,0.0005958801892739065,0.18333372051688845,0.00027738724556525805,3.241135921276038e-06,0.0024946072290953436,0.03970574552193128,0.00019795275270958627,4.565000415521403e-06,0.0009929416093720153,0.0009897414224586956,2.9251526936164626e-05,0.0025152751242204794,7.135074903519076e-05,0.01810940030616141,0.0003295356069646941,0.6475596751417143
27,0.0005465550329539809,0.009130283436760016,0.001214887536231086,0.014381738853436507,0.0016401941349823116,0.05364651373481296,0.009035130211905077,9.669713040451236e-05,0.02774719423226917,0.0007668103861003108,0.11303262828962489,0.0001325903428612524,8.676137749679543e-07,0.002634724602657723,0.07211157645666408,0.00036726849668993584,1.303800662308701e-06,0.00033396489692627356,0.0018852093398223028,2.306679419887104e-05,0.00306706691098362,8.837008212900002e-05,0.013910395963749263,5.9589329642188805e-05,0.6741453723897574
28,0.0007032952769643512,0.010849512421743972,0.0016566644359516252,0.022424266250129696,0.0024523632311974097,0.05310624505400072,0.011287707012610483,0.00010172950616948522,0.01924836573426546,0.00074667101900337,0.1718496876262429,0.00022230254935544388,1.5006574031338581e-06,0.004044594703718902,0.05376055269777221,0.0003590212238813693,1.8012586619172906e-06,0.0005547465994497503,0.0018217314376271743,2.6136089306344277e-05,0.0037728016836162796,7.793417223869754e-05,0.01953618044428413,8.557513402058497e-05,0.6213086137803847
29,0.0007032952769643512,0.010849512421743972,0.0016566644359516252,0.022424266250129696,0.0024523632311974097,0.05310624505400072,0.011287707012610483,0.00010172950616948522,0.01924836573426546,0.00074667101900337,0.1718496876262429,0.00022230254935544388,1.5006574031338581e-06,0.004044594703718902,0.05376055269777221,0.0003590212238813693,1.8012586619172906e-06,0.0005547465994497503,0.0018217314376271743,2.6136089306344277e-05,0.0037728016836162796,7.793417223869754e-05,0.01953618044428413,8.557513402058497e-05,0.6213086137803847
30,0.0007032952769643512,0.010849512421743972,0.0016566644359516252,0.022424266250129696,0.0024523632311974097,0.05310624505400072,0.011287707012610483,0.00010172950616948522,0.01924836573426546,0.00074667101900337,0.1718496876262429,0.00022230254935544388,1.5006574031338581e-06,0.004044594703718902,0.05376055269777221,0.0003590212238813693,1.8012586619172906e-06,0.0005547465994497503,0.0018217314376271743,2.6136089306344277e-05,0.0037728016836162796,7.793417223869754e-05,0.01953618044428413,8.557513402058497e-05,0.6213086137803847
31,0.0006881988079633755,0.014966691443857871,0.0027337213509369637,0.038594790455397765,0.003385518051045982,0.0243774298418002,0.010171989657184717,0.00018715168742197997,0.017261965633178236,0.0010597742229596602,0.10338375012766857,0.0002329809090153501,2.7159876580155844e-06,0.004332593231213707,0.025717647088723213,0.0002529153522580896,2.4543210728767635e-06,0.0006531453066764472,0.0016445081300220485,3.359799104112474e-05,0.0033716666022273025,6.548504850228167e-05,0.014173593461294454,0.00016960531567373233,0.7325361099752061
32,0.000690852575717314,0.010808432511746293,0.0016297249352818567,0.02076814537997934,0.0024963939294562845,0.05429815760162143,0.010981123482831869,0.00010640956642589606,0.021990853550121727,0.0007746134915685513,0.1638544800153783,0.0002187635454280493,1.4255399608206058e-06,0.004095041785010193,0.06028476746902665,0.00038688768928685674,1.7995586406135606e-06,0.0004901483276896583,0.002198709533093929,2.5541715922907767e-05,0.0038965757756754893,8.579609986090166e-05,0.018163165085636493,7.695491288629197e-05,0.6216752359217522
33,0.0009312554006602952,0.01805404776822889,0.0016064681205957172,0.026255205219728617,0.003736119503522891,0.06257108638974146,0.011966299914019986,0.00013050924243706273,0.013386321503386547,0.0009483107090009208,0.19926962559538064,0.0003357956066089564,2.394451402387212e-06,0.006158160333326359,0.059598824229764334,0.00042707227466023186,3.4536554998521318e-06,0.000974880348829765,0.0022029190026942886,3.361423155737321e-05,0.004619641154541665,0.00018097526419414784,0.033102819592882186,0.00011941846672936432,0.553384782020606
34,0.0007032579947896506,0.008330137069097064,0.001867050435519848,0.011091557309490338,0.0015391525838674449,0.048294235662667016,0.011292878070352166,8.316537121752053e-05,0.05870803048234356,0.0005931149946000764,0.12514798971119065,0.0001248187504311417,1.0586123405450545e-06,0.002692430492425426,0.07302925507212582,0.000309109038024366,8.472051354514398e-07,0.00022221832169939243,0.0027992673698296906,1.8170995852738702e-05,0.002316222310420968,5.191438018524221e-05,0.006255588529274547,5.151634485245858e-05,0.6444770128922669
35,0.0007264627751424839,0.009945310951748755,0.0012641250077379507,0.022593618421003187,0.0012862751714012284,0.026784437824476936,0.009304148419053535,0.0001495317347898547,0.02321619212608605,0.0009210084154326328,0.09827625056797629,0.0001747211629636983,1.2914027209951942e-06,0.0021238293669259955,0.026239848594567163,0.00020207346861040345,1.720640801642227e-06,0.0006383545702970568,0.0018093842565988544,2.6163621532428734e-05,0.003090148405273236,7.065473746461495e-05,0.008537996627495836,8.389888329073045e-05,0.7625325528466085
36,0.0007518672206152655,0.009789241225464602,0.0018516605471183417,0.02001399098401764,0.002601675311771935,0.036930603356786634,0.009411812904759738,0.00011741444189889512,0.020153896351723433,0.0006872107249620462,0.12979129212476073,0.00026991783790479074,1.5420376510894474e-06,0.0038283445395555634,0.0559898057680794,0.00034522151136605567,2.3850723325496853e-06,0.00040994481371173767,0.002166263474528764,2.2297148694113947e-05,0.0035206848416979575,8.188483592715981e-05,0.01602731795168458,8.781514298316768e-05,0.6851459098300038
37,0.0026941571750707695,0.011000724252224103,0.0026167547392682024,0.018006177800256637,0.0017027698317941802,0.03407597255650126,0.01820431312128862,6.819140404475207e-05,0.00896081935328684,0.00031382866818301965,0.21076543725197466,0.0004971197800837359,2.1687203356067033e-06,0.006115028758628676,0.03152470904104929,0.0003030714538391833,2.5021711869067596e-06,0.0010594923756669914,0.0012827016075606518,2.4481052986869346e-05,0.0026783594747295286,7.576085757666454e-05,0.019474560058371566,0.00012796611205444564,0.628422932382037
38,0.0005650822250225923,0.01212557820224198,0.0018873053486439147,0.027933468182551928,0.002856168116758403,0.03430998342847127,0.00844113631468994,0.00013105216071565201,0.020279407859477162,0.0008054551213413249,0.13689086858095575,0.0002165761014253719,1.744344566754758e-06,0.0036968455264942295,0.04100353818713441,0.00023697454752227785,2.1469768154228827e-06,0.0005199458454003016,0.0017429912758273184,2.5569070161424564e-05,0.0035239908855025956,7.243978235208495e-05,0.014617795257026266,9.935981181104973e-05,0.6880145768470906
39,0.0008049809385565433,0.018125322057294682,0.001647241425751029,0.01958746039610696,0.0020545713525146375,0.040121441111505354,0.013187436782737599,7.698187111598409e-05,0.018921038771211693,0.0006093411770985425,0.18371980678859587,0.00016790861793573826,2.174603312194467e-06,0.0039020516328428217,0.05799453311877021,0.0002078344135916955,1.936285301945426e-06,0.0005963861984245913,0.0013941487782628383,2.191479639563365e-05,0.002391393927551319,8.079110996506671e-05,0.017626065816684074,0.00012040545571371093,0.6166368325727593
40,0.0014651460267597661,0.010448038363927553,0.0016631947221902867,0.008146721076582923,0.0016700000633934052,0.0617734332915798,0.010502302417883969,4.65055793742613e-05,0.015728105441260173,0.00030353196831862543,0.190644450034328,0.0003562697677666223,8.313665474358992e-07,0.006266069942296746,0.07496451582568399,0.00033103521552349725,1.6317098613641205e-06,0.0005248460028989843,0.002039597871693035,1.565558125454494e-05,0.0033641048788227846,0.00016504467972251323,0.014575017589320713,4.2802279118166494e-05,0.5949611483038908
41,0.00026779481580268345,0.008843312019994875,0.0029782162876936273,0.012334691915850677,0.004486804019506913,0.0673868770035979,0.005625305625874706,7.156648456352061e-05,0.08474676748504938,0.0009814225100784365,0.07428091298497327,6.67437051089454e-05,9.929382621436277e-07,0.0030784327351957032,0.10051213971095543,0.0003761903363423348,5.848505302615551e-07,9.592381192837404e-05,0.0021161507561905306,1.2808201142440608e-05,0.0022374177406542656,3.3184854418065914e-05,0.005415338445050284,5.827785846696045e-05,0.6239921429027683
42,0.0006490695012455472,0.009325892578979578,0.0012923045488085264,0.015552598407065367,0.0022749352233267088,0.05095481537319367,0.010838351615828166,0.00024836464881821643,0.028149610470207014,0.0011073047411215935,0.1385876780561748,0.00023058431077693306,6.772438419272137e-07,0.003011013582873309,0.11870478898398784,0.0008691144615313078,2.98202191940167e-06,0.0003084963221998826,0.005534636610819707,3.4706324283035364e-05,0.007284634856803231,0.00023218101828356737,0.020122040010391178,5.917871226086081e-05,0.5846240403752586
43,0.00032322003409195147,0.009977780294184785,0.0006433986444512843,0.022427157065582768,0.00400196766286075,0.11795982878110292,0.006212889502934353,0.00019040808805825016,0.02335011837238543,0.0029071324658364347,0.11122209664953149,0.00012671735792071386,5.960828302191865e-07,0.002651994675385417,0.09174432904824198,0.0009700281724624395,1.9993832184612545e-06,0.00047447623682563017,0.0038548485437731633,2.1782595847729503e-05,0.011068666281274191,0.0001535915136312843,0.02731654963796791,5.9076043208945775e-05,0.5623393468663915
44,0.0007032952769643512,0.010849512421743972,0.0016566644359516252,0.022424266250129696,0.0024523632311974097,0.05310624505400072,0.011287707012610483,0.00010172950616948522,0.01924836573426546,0.00074667101900337,0.1718496876262429,0.00022230254935544388,1.5006574031338581e-06,0.004044594703718902,0.05376055269777221,0.0003590212238813693,1.8012586619172906e-06,0.0005547465994497503,0.0018217314376271743,2.6136089306344277e-05,0.0037728016836162796,7.793417223869754e-05,0.01953618044428413,8.557513402058497e-05,0.6213086137803847
45,0.0008738001231474322,0.010308483172347038,0.0031141901321604633,0.019089532935082143,0.003742004460218141,0.0512441136162587,0.018496119227452746,0.00021057519540261679,0.04533912760625805,0.0008159912271217412,0.2052411917026626,0.0002577498817112219,2.5261996166719393e-06,0.0036293424329881152,0.10901106303993,0.0005367558216055294,2.5467446244611766e-06,0.0003003918847666458,0.0033336170337074783,3.5034187121181624e-05,0.0029341614111968424,9.268692897001405e-05,0.017375228666760903,0.00014885740293989563,0.5038649089659494
46,0.0004851511403160843,0.009398054764327307,0.0015331201217453215,0.01905512901188096,0.0021026883172637714,0.10274718376540039,0.014429819613720389,5.972263579741898e-05,0.028536205393414577,0.0008236985434942861,0.17702725795953528,0.0001268579722577137,1.053465097228119e-06,0.00507434976477059,0.05396841671192838,0.0004734464919362716,5.090599045282147e-07,0.00041417032851369444,0.0019008667268223841,2.569338780568995e-05,0.003183235768977907,5.128289735286326e-05,0.015556643616669252,4.322515293621737e-05,0.5629822173881315
47,0.002790830328856641,0.01010276160015101,0.0015088108584171542,0.010245874327677072,0.001065854184276164,0.04331721765770252,0.014038471165602825,7.94735516372867e-05,0.00988577049293705,0.00042433584804424417,0.16367662244380038,0.0006644770909664862,1.3360357052182247e-06,0.003820408594816475,0.04994919547762997,0.0004714683454504869,3.5903709334359122e-06,0.0010083249071864504,0.0016898405441734727,2.9764519887036895e-05,0.003483148549207514,0.00020644889461182616,0.01887575640265595,8.240328086065363e-05,0.6625778145268127
48,0.0008857412084052697,0.019643914921575557,0.0011420937401699584,0.022488580282518655,0.0025057825691425176,0.02795535176287972,0.012717346297151384,0.00021016982336067184,0.016188553363683383,0.001181837007672586,0.11784462528587754,0.0002074258161810455,2.061773513602439e-06,0.0034229498769967484,0.07689157880682378,0.00040858430753895153,5.074601302497294e-06,0.0005238140407930971,0.003645598419185074,2.5382824110153456e-05,0.004411988516146355,0.00017043578110937057,0.02564069030167228,0.00014896071762513007,0.6617314579545647
49,0.0007403041787013103,0.008770215070124378,0.002084089372609931,0.022104650133486052,0.0032416896595392746,0.08579987095745738,0.01003132512131485,9.790339510579441e-05,0.01818607078546805,0.0006843932829046758,0.2341493304935742,0.0004335401742281347,1.6013417221604354e-06,0.00556683564711012,0.05252259340217147,0.0004394513973988845,2.0010431021562825e-06,0.0007553914561803551,0.0017524550353444498,3.522672713477519e-05,0.0045507243432634775,0.00011521182445956082,0.022519842513835868,6.567624282825812e-05,0.5253496064009344
50,0.0006529179476021035,0.012402847831695733,0.001388272597573496,0.020615992577609932,0.001937033909312692,0.05874220391863589,0.021048722306862815,0.0001223859223429319,0.03253007271288101,0.0017571419834609542,0.08017776384456043,9.894375060257413e-05,1.3382029716950022e-06,0.005020272448800896,0.05326039597900476,0.0008000052018593252,8.006460970747828e-07,0.00029510078880784485,0.004182749590502154,2.8402292396464385e-05,0.0031411295142331503,8.55464251768861e-05,0.014109559196145463,6.029832309692915e-05,0.6875401020877667
51,0.0006282765842244375,0.013699872381069459,0.0014028112928260053,0.04210841816086729,0.0017413259080218593,0.04537580369502822,0.01608094843608627,0.00013826442997908953,0.01502292591881902,0.0009410039929652047,0.2483452926926956,0.0002230465204727729,1.6516073138985626e-06,0.004815724784450518,0.025595714290657132,0.00018798092735286792,1.462289594465663e-06,0.00141876085404406,0.0014559932124841599,3.795389814224241e-05,0.0055890129821178575,9.015963542612092e-05,0.017793901936531697,8.336108749589264e-05,0.5572203324813338
52,0.0006512658435237395,0.007160548180202475,0.0007499566847013385,0.015024984810912497,0.0008884625213272705,0.2493659591096296,0.01650592245179778,2.971206678578199e-05,0.01287144398630912,0.0005829901189633678,0.35047317174292314,0.00012807282751793063,1.1679499799833845e-06,0.0031465280371139916,0.03306568973279056,0.0003833166830032007,5.01079208646289e-07,0.001954240306128174,0.000487763689018088,4.4930841218516075e-05,0.0026538861651078756,6.436793096475216e-05,0.028837824438114026,4.63414495738433e-05,0.27488095135318413
53,0.000574952634858757,0.014435410814099214,0.0021993535765131803,0.030323582118889827,0.011097293919726338,0.03604069819391255,0.002816870048814624,0.00018373181774251465,0.017448217477514055,0.0011605784180582287,0.09918808196122655,0.0005152331756095567,1.851673132988012e-06,0.005941181398814436,0.03673041205806355,0.0002123865341342908,4.454675843525483e-06,0.0005792479266452663,0.003282884951812948,1.2846463553898856e-05,0.006528519682539098,0.00012776047058550403,0.010668864765422054,9.030935895362467e-05,0.7198352758835334
54,0.0007123111263076842,0.00845530050869744,0.0009553637245196842,0.009381519154382826,0.0006010976870207913,0.037110202754641525,0.013006522116870358,2.9721408596241496e-05,0.013598464055881852,0.0005253267279916578,0.05357359492140307,0.00010353337973930475,7.617013946922946e-07,0.0036815796200929548,0.041438963726900875,0.00042343019804233733,5.06485884331209e-07,0.000236357394743007,0.001119739858231969,1.7202722388162058e-05,0.001629709795659877,4.970552589743528e-05,0.011217528799599879,3.378956726318861e-05,0.8020977670378487
55,0.0005675314340413129,0.011370321365071212,0.0012123914771029216,0.022061457435516872,0.0038144159429229236,0.079334425029828,0.010834452591987566,0.00011818998833723362,0.014732657091549318,0.0010240017924610348,0.1727416859646738,0.0001754517449995006,9.842620211434186e-07,0.005094181638595957,0.09420918347572349,0.0007067770095418863,2.247843865787106e-06,0.0004699660216350221,0.0026678283222623667,2.219922860300779e-05,0.006269039658688865,0.00012457746548108354,0.040274927386940704,8.078908010430103e-05,0.5320903167480447
56,0.0007231293383233542,0.01191101234555258,0.0018053088872240722,0.023152790854925828,0.002565857477208354,0.05328167381302078,0.011808421597959265,0.00010458632974590458,0.020677623609443665,0.0007679761249919088,0.18047475147713202,0.00022970059412157794,1.836792031043121e-06,0.004176611069583481,0.054310162889454096,0.0003469003046559661,1.929563483807851e-06,0.0005854673033251499,0.0018117269491805194,2.8485791645973478e-05,0.003625818603313531,7.896080550714981e-05,0.019260252601284028,9.546795778032415e-05,0.6081735469191056
57,0.0005950365750910309,0.008595956450752902,0.003041531312982591,0.02154768752225813,0.00528244669575481,0.03746306403964466,0.005633723196429928,0.00021313215220345824,0.03293272790865508,0.001046921232753157,0.11090223990780707,0.0005177875974634558,1.6645465091697212e-06,0.004515071902137536,0.05694588248859816,0.00045012317333108356,3.7476693323636993e-06,0.00031676835061543863,0.004243158171474834,2.6137802880063523e-05,0.005601351117053107,0.00012414018234608548,0.009712030156193048,7.087313464067995e-05,0.6902167967130921
58,0.0007593382959757768,0.012426900945240753,0.0018112341414545997,0.022977019054082996,0.0025913304390566155,0.04562684236869212,0.011842881659422835,0.00011423504486274783,0.018494240142601426,0.0007840501824408662,0.17250872450614524,0.00022752407401687772,1.8038546227640584e-06,0.003755268244303853,0.05516762314944109,0.0003340502540060407,2.3672797971964236e-06,0.0006170113776773575,0.0016853998067493975,2.6172720256228557e-05,0.003779143684292331,8.241187569661447e-05,0.021012916619165368,0.00012139439915618571,0.6232501158808428
59,0.0007918836902963892,0.012102060667357955,0.002257899270397081,0.024138072993740264,0.0027397139427150366,0.042546163225140585,0.01233084890114226,0.00011830067456211521,0.018947473557255862,0.0007512610837237313,0.17391223339875514,0.00024274449162140388,1.9898250989023812e-06,0.0038405433643643027,0.05120313030514326,0.0003256316851874316,2.4035962860108086e-06,0.000633448061738286,0.0015036526215559253,2.796839570280518e-05,0.003616676660888581,7.449040421768256e-05,0.01977597300586468,0.00014153009598882917,0.6279739060812555
60,0.0007032952769643512,0.010849512421743972,0.0016566644359516252,0.022424266250129696,0.0024523632311974097,0.05310624505400072,0.011287707012610483,0.00010172950616948522,0.01924836573426546,0.00074667101900337,0.1718496876262429,0.00022230254935544388,1.5006574031338581e-06,0.004044594703718902,0.05376055269777221,0.0003590212238813693,1.8012586619172906e-06,0.0005547465994497503,0.0018217314376271743,2.6136089306344277e-05,0.0037728016836162796,7.793417223869754e-05,0.01953618044428413,8.557513402058497e-05,0.6213086137803847
61,0.0007405975684042931,0.011864634559038195,0.0023866689619037366,0.02338154587193343,0.002860236801616001,0.04537312177854574,0.011699764873098692,0.00010915736782845633,0.020681475077024333,0.000702976191787367,0.18561177881187269,0.00025602917129703955,1.948672641266817e-06,0.004157010272663665,0.05184565984538548,0.00031647332494246926,2.1618373810810553e-06,0.0005749412300132033,0.001599243228073148,2.8038808313755236e-05,0.0035561650426898252,7.372631374902675e-05,0.01771704485883209,0.00011769175526216124,0.6143419077757029
62,0.0007032952769643512,0.010849512421743972,0.0016566644359516252,0.022424266250129696,0.0024523632311974097,0.05310624505400072,0.011287707012610483,0.00010172950616948522,0.01924836573426546,0.00074667101900337,0.1718496876262429,0.00022230254935544388,1.5006574031338581e-06,0.004044594703718902,0.05376055269777221,0.0003590212238813693,1.8012586619172906e-06,0.0005547465994497503,0.0018217314376271743,2.6136089306344277e-05,0.0037728016836162796,7.793417223869754e-05,0.01953618044428413,8.557513402058497e-05,0.6213086137803847
63,0.0007075699458414229,0.012653376434943167,0.0016288340129274673,0.021371264266969506,0.00225185987460619,0.049893248362115984,0.011498408091109576,9.829830432637107e-05,0.020103951013116,0.0007454838656109451,0.1742940644574109,0.000201058627700485,1.6207398193742877e-06,0.00377454431755424,0.054960031351015334,0.0003153929828231463,1.8407594889664005e-06,0.0005764429459027569,0.0017292491776656057,2.6431587976938576e-05,0.0035288923826509782,8.060863859586277e-05,0.01809765987007085,9.310279765973536e-05,0.6213667651920982
64,0.0006374075998635645,0.009969313138385115,0.0014020695967339675,0.021862877142722142,0.002482467484007227,0.05104893435538447,0.009534488764032876,0.0001052972358128259,0.016635754938339957,0.0007593477052705804,0.17665013575864,0.00022786892947382594,1.1105893195056157e-06,0.0037084977434479163,0.056441978983817157,0.00036306294502938953,1.964968856438212e-06,0.0005693171539471863,0.001933250502154085,2.1685685269638197e-05,0.005468321190588595,7.845237694019527e-05,0.0200342268331125,7.921430823371349e-05,0.6199829540706171
65,0.00033020949246921876,0.003105259271603608,0.0008442066511878081,0.0319067623012497,0.007339633166154366,0.3011206934299645,0.0033543644821993628,3.503871879457713e-05,0.0035648810978621574,0.0008321332475053502,0.1839198434748395,0.0007905969210814254,6.00247897721851e-07,0.014961340167246344,0.02131246896557626,0.0009138280075135042,8.878499085172392e-07,0.0012890721253491152,0.0012956056726590658,1.8914688896131714e-05,0.01268391478080636,8.186457723209985e-05,0.049555847816327776,1.3328417462070778e-05,0.36072870442821336
66,0.000691535886729563,0.00989073974403647,0.001975077640727844,0.024540638768446144,0.0025877468822693467,0.0642639568512477,0.013131427122562135,0.00012156822852335256,0.027410422348650806,0.0009911832990451785,0.15967940671138514,0.0002367207280203534,1.7463414918157393e-06,0.004478315916041395,0.04840329839370943,0.0004998355898004661,1.4513791292696375e-06,0.0004904611680175413,0.0024816324956952475,3.60822912137253e-05,0.003659259892668907,7.711730704773801e-05,0.015975982215934974,7.12094134967531e-05,0.6183031833841087
67,0.0007438382988448882,0.019473468270337062,0.0015927458872902593,0.021416497851521558,0.002833795564790148,0.018559876427571727,0.008558768859985449,0.0003441415436429722,0.0523566568910337,0.0014046600271823675,0.1250198277111748,0.0001268314422004328,1.503687195373571e-06,0.0014932778403872768,0.05247739536982154,0.0001481335040129606,3.2497275980002634e-06,0.0003955016348173295,0.004355702016556167,1.5107837862784032e-05,0.0039737526191657765,9.272022093634556e-05,0.005092602588221715,0.00017207803966739802,0.679347866138182
68,0.0006741102971684227,0.006685514048645678,0.00043556078950224286,0.019564512290871593,0.0006298186980639839,0.09288026251460567,0.008551984302074775,2.8195930900392764e-05,0.0031832411981100183,0.0003064278752110508,0.3479464015177011,0.0002494784496970016,7.174407230907453e-07,0.002238281365677754,0.024638075127558234,0.0002002109019603675,1.4275058254512144e-06,0.0027371179105859017,0.00027402555147094845,3.183771508543167e-05,0.004253341425697975,6.995614370403521e-05,0.05573015347803899,5.2716430908209e-05,0.42863663109021155
69,0.0002908403375766996,0.00664174899747978,0.0021022518657135714,0.03786848599449344,0.0010332289516851454,0.014310763959661809,0.008945702059449803,0.00012881263111780113,0.017459880170997966,0.0008546922385695341,0.0627782804540435,9.20429960391487e-05,1.5034124632844602e-06,0.0015103504397517191,0.016572389812857462,0.00022577228370808077,1.113271615404866e-06,0.0003296089326108247,0.0007710651326203573,4.731082639990766e-05,0.0022258086325452012,1.7975130050108723e-05,0.008243318327331035,0.00011278430770784444,0.8174342688335106
70,0.0007864856806707325,0.0049388303077885515,0.002689672401909477,0.015385115059962219,0.0015497502692343843,0.07216908602894434,0.009526184894295683,2.1247848632134944e-05,0.010462994162838217,0.00026871837003763946,0.12343483171230882,0.00035330796407515854,1.0506887365427893e-06,0.009979740066959593,0.027094345401694905,0.0004004874060513797,5.908099786695254e-07,0.00044568869426785834,0.0006998242605208993,2.428288940074153e-05,0.0023174642961275196,4.314898315928317e-05,0.015724548435600363,2.7142938049609345e-05,0.7016554604287553
71,0.001317774713702644,0.006374327854475801,0.0014821657324512075,0.024812336459758975,0.0008765245361879437,0.03938259717563377,0.027329988163303818,0.00011395634589604876,0.010111237223349005,0.0003764274966196743,0.28042727911954546,0.000304327501404002,1.4031507153886414e-06,0.003305402551178214,0.04116572584234063,0.0004903407960193218,2.0572339540236903e-06,0.0009226125117385285,0.0013430991782593497,5.4825163029836854e-05,0.0038900216346996934,6.402535308583429e-05,0.035539517541017245,0.0001003577688266306,0.520211668952807
72,0.0010728938991359043,0.02367833182628634,0.000605046022387928,0.04948484256260986,0.001979817479541878,0.026630134838684108,0.025929020709976405,0.0006759524070377217,0.007457434434357454,0.0017985967931912748,0.47272393895456555,0.0002463538116323059,2.9769505105275278e-06,0.001464516502769393,0.0397372804791502,0.0002562333956632493,1.4552658382551926e-05,0.004236375605132062,0.002827937471501466,5.463877014132327e-05,0.011743093272438018,0.0002280338504649012,0.04913458373476395,0.0005224356893170827,0.2774949778803586
73,0.0009608466502385612,0.036740657184454024,0.0011265964147784333,0.013983196184498644,0.005855418339282249,0.02529427422011914,0.005680790869122264,0.00012984913639632056,0.01138166869179524,0.0006016636405563675,0.16756831733590888,0.00022191874942903964,1.6426466023785784e-06,0.0036051076467031816,0.1244838327614138,0.00011082749753345366,7.79835331653737e-06,0.0006895743661612412,0.0021758587269508226,6.572713691780337e-06,0.004259960814553726,0.00024395370867035825,0.02214922963409593,0.0002462650442233194,0.5724741786695043
