,0,1,2,3,4,5,6,7,8,9,10,11,12,13,14,15,16,17,18,19,20,21,22,23,24
0,1.38887746886656e-05,3.219577891480012e-10,1.0754725369293402e-06,3.2861287498676344e-05,0.0001225293123776969,9.994938576317387e-05,0.003628345364263725,2.491799722648375e-05,0.014787269827876929,0.003467014019632908,0.005475816712397185,0.0010253387371674748,1.865138645396626e-08,6.943366393178106e-05,0.0004805327130771295,7.165205150810699e-06,6.162663222586078e-05,9.70327538597308e-05,1.7231838921464018e-09,5.895689842607482e-05,0.0014808727032044732,4.494292666864736e-07,0.9683447985747838,1.6406013847526063e-06,0.0007184632367308816
1,1.8304924972546354e-05,3.1995519040196545e-10,1.714850865139839e-06,4.164899913408006e-05,0.0001575902182975197,0.00012699788330365714,0.0035320616677332575,3.4020769748181404e-05,0.02956178006470032,0.005221256808918346,0.005977906521646375,0.000824794439527662,2.3650088250014415e-08,4.1868874561089834e-05,0.00043338297395156524,1.0145989681509498e-05,6.076477753891698e-05,7.142555577515271e-05,2.5661123460910963e-09,5.954425279431374e-05,0.0015058800447341001,4.460562923059744e-07,0.9517301048149394,1.3652236941745308e-06,0.0005869677510346197
2,1.3701576890725543e-05,3.412011136488505e-10,1.3057764457759231e-06,2.7518756690273018e-05,0.00015737300331270177,6.18320310200247e-05,0.002177308496277561,3.203881941217314e-05,0.020979534706820145,0.004318795702884515,0.008917873350987381,0.0008787665174147157,1.8436939843920993e-08,6.916546446284117e-05,0.0007291400519966979,4.3426066137862786e-06,4.266576784428275e-05,7.518455641337978e-05,1.3587138579656971e-09,8.095132913022934e-05,0.001262612607108513,2.967047917702572e-07,0.9593990045415701,1.0302758100655314e-06,0.0007695372192476553
3,1.4098986670078432e-05,2.864316379422291e-10,1.0397165372195225e-06,3.524953621510517e-05,0.00011524326340894375,0.00010065432256519732,0.003567710719113395,2.629522489246328e-05,0.015701929651677854,0.003595918885644238,0.00524454978819775,0.0009373756239892035,1.9762559298516524e-08,6.021726386347132e-05,0.00043455650820468873,7.554901100396804e-06,5.978500013941285e-05,9.598653297208273e-05,1.6722722750673608e-09,5.9577735321206535e-05,0.0014156801032603951,4.170638366501692e-07,0.9678879088929424,1.5725683995801911e-06,0.0006366559897850259
4,1.600735730205414e-05,2.9441399431269835e-10,1.0998782342648495e-06,3.698651441946533e-05,0.0001193437114474263,0.00010357784606061653,0.003795140491671231,2.835102746954655e-05,0.015058370301255156,0.003774973276728344,0.0052680681760026455,0.0009341775645340846,2.479276085711483e-08,6.580464377486248e-05,0.0004250889072753526,8.330708335563e-06,6.424080235541362e-05,0.00010561486360304485,1.9238788921680143e-09,6.531163573221977e-05,0.0013949738596386058,4.0981543154304536e-07,0.9681062942933985,1.8169653014902482e-06,0.0006259903489747866
5,1.3614703096373932e-05,3.2983487951691165e-10,8.234548293015501e-07,4.3688889929387377e-05,9.733781483046084e-05,0.0001085767416429829,0.0029929484684751814,2.5865505861606686e-05,0.013665448626272458,0.003019135414731128,0.005269232504734663,0.0008189043651713131,2.0360033273212365e-08,5.832108218970502e-05,0.0004375071122558278,8.21031781504194e-06,5.628383249809721e-05,0.00013413991666190456,1.7660832260655897e-09,6.165374878425434e-05,0.001360693017001069,4.2818206575722267e-07,0.9712776561308921,1.469556473927758e-06,0.0005480381578360375
6,1.4098986670078432e-05,2.864316379422291e-10,1.0397165372195225e-06,3.524953621510517e-05,0.00011524326340894375,0.00010065432256519732,0.003567710719113395,2.629522489246328e-05,0.015701929651677854,0.003595918885644238,0.00524454978819775,0.0009373756239892035,1.9762559298516524e-08,6.021726386347132e-05,0.00043455650820468873,7.554901100396804e-06,5.978500013941285e-05,9.598653297208273e-05,1.6722722750673608e-09,5.9577735321206535e-05,0.0014156801032603951,4.170638366501692e-07,0.9678879088929424,1.5725683995801911e-06,0.0006366559897850259
7,8.024992048369401e-05,4.4914867269668864e-10,4.053991652633428e-06,8.556916285517725e-05,0.0003050871954524453,9.636342572503709e-05,0.010419774607469573,9.656410023228633e-05,0.03523607544726404,0.015809980187935703,0.01625703119609539,0.0014164856937439166,9.124348014584449e-08,0.0001177419474136454,0.0005835887454153936,1.1885822778860084e-05,0.00014007037914930405,8.318034479800182e-05,4.798924830664964e-09,0.00013662635635131574,0.0010665477691901826,7.667457198429247e-07,0.9166339295444662,3.4421962439804625e-06,0.001414888728009789
8,1.5235907203049393e-05,1.8118968397764652e-10,1.7562524795508076e-06,2.0296610757650645e-05,8.039977356010897e-05,3.762726878105527e-05,0.002904807324154268,1.8034581449559697e-05,0.009747806370283245,0.004698414101599941,0.0036617020732903037,0.0008001869202767193,1.799455401961308e-08,6.432809678421141e-05,0.0002788255524024589,3.4264138557033367e-06,5.854840533711989e-05,2.528598429012011e-05,9.493897336932556e-10,4.947730458756765e-05,0.0012043227287170946,2.5104019288512456e-07,0.9754969796450408,2.2964672171717985e-06,0.0008299720526061023
9,1.2333534086615181e-05,1.9291125583173098e-10,9.545242006031506e-07,2.0477350725090403e-05,6.397219715138542e-05,3.514236698336366e-05,0.0018539709625464943,1.7254414501791178e-05,0.0099281402471354,0.00405524688781824,0.004274075723587141,0.0006154408712561541,1.235271330329701e-08,5.544226461811469e-05,0.0003668322744781328,2.467240241643238e-06,3.963875123822169e-05,3.2426422549104245e-05,7.63135390634759e-10,4.2606122070204e-05,0.0009170549772719087,2.1559918316789924e-07,0.9769273273375695,1.4724413654568723e-06,0.0007374941806623416
10,1.4098986670078432e-05,2.864316379422291e-10,1.0397165372195225e-06,3.524953621510517e-05,0.00011524326340894375,0.00010065432256519732,0.003567710719113395,2.629522489246328e-05,0.015701929651677854,0.003595918885644238,0.00524454978819775,0.0009373756239892035,1.9762559298516524e-08,6.021726386347132e-05,0.00043455650820468873,7.554901100396804e-06,5.978500013941285e-05,9.598653297208273e-05,1.6722722750673608e-09,5.9577735321206535e-05,0.0014156801032603951,4.170638366501692e-07,0.9678879088929424,1.5725683995801911e-06,0.0006366559897850259
11,1.6067821374256944e-05,2.84352910865876e-10,1.1230165720285718e-06,3.6302932688359155e-05,0.00011469461477042108,0.00010395593222505537,0.003977135697624043,3.118746622823928e-05,0.01638448809738128,0.003998205382443916,0.005260953178529719,0.0009762438215465631,2.5170234706787298e-08,6.0608936135143524e-05,0.00042930606258506117,8.368706850253783e-06,6.669361773174895e-05,0.00010094940366390125,1.8838819857224405e-09,6.393189116262795e-05,0.001392765956267652,4.3391676378548316e-07,0.9663471988652227,1.8282739524884861e-06,0.0006275290698112131
12,8.891006176959188e-07,3.4362530627131536e-11,7.839391672896977e-08,2.762166403300222e-06,0.0001214435248878942,2.582581392131275e-05,0.0009635501427606401,2.48301447375468e-07,0.0014644542389761585,0.0001991947343085636,0.0005194638867826112,0.00012582702522934806,1.3333661345408537e-09,7.701060452143735e-05,4.098561336716619e-05,8.173685366256937e-07,9.277604309289617e-06,5.069414529691138e-05,1.1402208380627458e-10,2.3507703744560257e-05,0.00060359035494244,1.5767881521200483e-08,0.9954306340626614,4.7059149836602487e-07,0.00033925737223816047
13,7.339520730863214e-06,1.135410105344575e-09,2.886459617434198e-07,2.677162220774739e-05,0.00017201538624553601,0.004759526556422623,0.014255570025094732,1.0464850672272971e-05,0.042287667680191585,0.003046429305774824,8.82078065265288e-05,0.00017247354266851882,1.2551199683129458e-08,4.123062855974124e-06,5.238578668775121e-05,1.7974619551325503e-05,0.00017498043681909544,0.00011956107490749177,1.956372766809804e-08,9.5251825682734e-06,0.0012463834999237422,2.2800829128995056e-06,0.9326326077653107,1.2178389148009231e-05,0.0009012119064803147
14,1.3676841671598165e-05,5.149112041813984e-10,1.2141671848810622e-06,5.071799085398071e-05,0.00017163221996515326,0.00013547079455025228,0.0027486492298519874,2.5521915212293275e-05,0.017268531558478687,0.0037080120538718667,0.008400268622207859,0.000841427416984824,2.393122434725275e-08,6.755912320898613e-05,0.000587300171904903,9.321121561060428e-06,5.209745861531071e-05,0.00015278879281052237,2.568669720917288e-09,8.374107184408828e-05,0.001459604262190718,4.7069925076384026e-07,0.9636137965331725,1.2284146343223667e-06,0.0006069425251682865
15,1.4098986670078432e-05,2.864316379422291e-10,1.0397165372195225e-06,3.524953621510517e-05,0.00011524326340894375,0.00010065432256519732,0.003567710719113395,2.629522489246328e-05,0.015701929651677854,0.003595918885644238,0.00524454978819775,0.0009373756239892035,1.9762559298516524e-08,6.021726386347132e-05,0.00043455650820468873,7.554901100396804e-06,5.978500013941285e-05,9.598653297208273e-05,1.6722722750673608e-09,5.9577735321206535e-05,0.0014156801032603951,4.170638366501692e-07,0.9678879088929424,1.5725683995801911e-06,0.0006366559897850259
16,1.0466758446651498e-05,1.600934489016034e-10,1.173874931147988e-06,4.051325168366554e-05,8.510534381654814e-05,9.823846333324736e-05,0.00370622032781003,2.3891351547368576e-05,0.006420409066837749,0.0023885106981972166,0.006055530676160978,0.001669703243995149,2.715957731065669e-08,0.00010098435216583925,0.0004698434961019284,1.6144282019796754e-05,5.45849528592051e-05,0.0002075810220486378,1.2813304358326569e-09,9.108488374689909e-05,0.0029317516970743295,3.2584651551132873e-07,0.9753456202730243,1.6541959246659327e-06,0.00028063334075830885
17,2.6151980147993188e-05,2.2738621580609934e-10,1.500599877643656e-06,4.491742833329905e-05,0.00016101493179290568,5.352534118890786e-05,0.008099508708078705,3.2540979688340005e-05,0.015036023877731623,0.003388409608653835,0.007702164861380728,0.002090438248944623,2.6061478441181482e-08,0.00014561128414715247,0.0003675609589374139,7.643754305169871e-06,9.499026213033137e-05,7.221373548848324e-05,9.88646996330868e-10,7.466843398514438e-05,0.0014967873134817799,5.233034531613028e-07,0.959937908444736,1.985959696139541e-06,0.0011638827063087751
18,2.1232349279230985e-05,3.189608981207732e-10,5.924976762550682e-07,2.0508683444237457e-05,0.00012031034209294458,5.398299417762946e-05,0.004416430124029696,1.3248403191275684e-05,0.012956320605290044,0.0026572904963693173,0.004048720696391363,0.0005624671826594877,1.1788985411666265e-08,7.619990232781484e-05,0.00027167996568042173,2.9114492235328207e-06,0.00013066086529772616,7.373646671400621e-05,1.6390065583512546e-09,3.768184832291818e-05,0.0008138740926043178,5.176219574368323e-07,0.9720275119547956,1.9882164155948846e-06,0.001692119495105926
19,2.045519768245695e-05,2.515477435434764e-10,2.0761980158816616e-06,5.2681350581802405e-05,0.0001624453271862411,0.00016530496199256584,0.009258499951153519,5.9070468370769213e-05,0.02722537572164093,0.010083421443638541,0.005773378984227361,0.0019554767596381955,4.330545059822879e-08,5.50678430924934e-05,0.00039147288535066303,1.1595860436120589e-05,9.97220431368561e-05,7.039009266609117e-05,1.9862748657673673e-09,9.245166620398456e-05,0.0015763166359661503,7.860551194612644e-07,0.9420412683886698,2.91982925477922e-06,0.0008997767927020527
20,9.601819116294568e-06,6.853686975502293e-10,1.1298758725029723e-06,4.705826917227132e-05,7.13845560835743e-05,0.00013371629441216062,0.0022581482578140277,5.260404166693761e-05,0.01614294140477817,0.0032363687253405163,0.0077282758247978756,0.0019084944994314506,1.886734050959098e-08,5.9748219629251436e-05,0.001236426723977323,9.729393384850456e-06,5.085289006432631e-05,0.00015971307646088812,1.7853945788819094e-09,6.382334672502533e-05,0.002452537548396394,9.141442323630534e-07,0.9638120717747996,1.3439113985682643e-06,0.0005630940643418268
21,1.7638532975919908e-05,2.575071156381266e-10,1.2495678849801031e-06,6.525857887216643e-05,0.00010971049869330553,7.727930547697011e-05,0.0027591315264890843,2.7161098865623885e-05,0.012527826322358649,0.0030770054481388453,0.010964197980960648,0.0014553267448345578,2.277845810311072e-08,0.00010996868664359733,0.0005655062879794094,1.1705265467308779e-05,4.371193985464498e-05,0.00013931961022685068,1.3610450192960423e-09,8.659691894517767e-05,0.0017136937873624188,3.5991742453637184e-07,0.9657793048038665,9.849222882249311e-07,0.0004670378573804121
22,1.2894607337387937e-05,1.6426648753741352e-10,1.1286532079240529e-06,4.452081680928591e-05,9.29507404731161e-05,6.331746021742574e-05,0.0028162468796948895,2.1224110735720536e-05,0.010381436335217722,0.003896022758893616,0.009358404339033843,0.0008700253781778573,1.969572611216261e-08,6.16374543004304e-05,0.0003821333261717464,7.782443732865433e-06,7.498096804975093e-05,0.00012032230818692973,1.162705716193478e-09,8.831663030020699e-05,0.0016608565189767084,3.5540794989184904e-07,0.9695892251922682,1.0233098577478256e-06,0.00045517333770818885
23,1.4098986670078432e-05,2.864316379422291e-10,1.0397165372195225e-06,3.524953621510517e-05,0.00011524326340894375,0.00010065432256519732,0.003567710719113395,2.629522489246328e-05,0.015701929651677854,0.003595918885644238,0.00524454978819775,0.0009373756239892035,1.9762559298516524e-08,6.021726386347132e-05,0.00043455650820468873,7.554901100396804e-06,5.978500013941285e-05,9.598653297208273e-05,1.6722722750673608e-09,5.9577735321206535e-05,0.0014156801032603951,4.170638366501692e-07,0.9678879088929424,1.5725683995801911e-06,0.0006366559897850259
24,1.7668175653062063e-05,4.0683401268528687e-10,1.1548594263574565e-06,6.485033299330474e-05,0.00015932409429532586,0.00010546228232756286,0.0034810694821603744,2.734169936061686e-05,0.01626087878918046,0.0037269575631486505,0.008627371834977105,0.0011828707589205453,2.5070483356180912e-08,8.67927918209915e-05,0.0004641052570529249,8.634565121146147e-06,6.043447354898691e-05,0.0001235186591215485,1.7430402968666863e-09,8.600913555773184e-05,0.0013510484716203982,5.113044357588977e-07,0.9633785290258287,1.2892695187384294e-06,0.0007841499535722146
25,3.13354580026928e-05,1.7812725414861436e-10,1.872303444984279e-06,6.256677950376648e-05,0.0001470378757794212,4.347633061471922e-05,0.006958949485237359,6.393691899550503e-05,0.015847859510436473,0.006243812617325299,0.01941959238428275,0.002287971328915999,4.669889183711214e-08,0.00015713471573930953,0.0006156558033806815,8.824098645540694e-06,8.390535324499402e-05,0.00010983656710283706,9.926970859968697e-10,0.0001444575661668322,0.0012897863231817765,4.329889974601078e-07,0.945657431418831,1.5839057909337418e-06,0.0008224923966635575
26,1.212008756847423e-05,1.6907796551449296e-10,4.802861651611627e-07,1.547720873262127e-05,7.360423114953099e-05,7.315081701229698e-05,0.0024279603011498883,1.3755143925389488e-05,0.015518797725016471,0.0023711153584705276,0.0018567091584153368,0.00024182908002905935,1.2697226798952838e-08,2.3333026272166315e-05,0.00018332232024649241,3.799705499149766e-06,5.631735136269075e-05,6.583027632025495e-05,1.5455043814230976e-09,2.9506465836037545e-05,0.0007680835843286965,1.9687077024669382e-07,0.9757920646117275,1.523154958953411e-06,0.00047100882323362854
27,1.7005709968299388e-05,5.948223671553338e-10,9.851704002777257e-07,4.907568949320888e-05,0.00012661409112236558,0.00013221035190136453,0.0035392987400452835,4.110934239445342e-05,0.029146292767124583,0.004360503358203074,0.006914752610663748,0.0010682235221700326,1.824433984482565e-08,5.503950671332825e-05,0.0006763586395319347,7.467589723104976e-06,6.110375314846336e-05,9.878306157944198e-05,2.2962564987032312e-09,5.224785468250778e-05,0.0011497061373845986,7.560231010785595e-07,0.9515100776279812,1.3792651127034439e-06,0.000990988052136352
28,1.4098986670078432e-05,2.864316379422291e-10,1.0397165372195225e-06,3.524953621510517e-05,0.00011524326340894375,0.00010065432256519732,0.003567710719113395,2.629522489246328e-05,0.015701929651677854,0.003595918885644238,0.00524454978819775,0.0009373756239892035,1.9762559298516524e-08,6.021726386347132e-05,0.00043455650820468873,7.554901100396804e-06,5.978500013941285e-05,9.598653297208273e-05,1.6722722750673608e-09,5.9577735321206535e-05,0.0014156801032603951,4.170638366501692e-07,0.9678879088929424,1.5725683995801911e-06,0.0006366559897850259
29,1.4098986670078432e-05,2.864316379422291e-10,1.0397165372195225e-06,3.524953621510517e-05,0.00011524326340894375,0.00010065432256519732,0.003567710719113395,2.629522489246328e-05,0.015701929651677854,0.003595918885644238,0.00524454978819775,0.0009373756239892035,1.9762559298516524e-08,6.021726386347132e-05,0.00043455650820468873,7.554901100396804e-06,5.978500013941285e-05,9.598653297208273e-05,1.6722722750673608e-09,5.9577735321206535e-05,0.0014156801032603951,4.170638366501692e-07,0.9678879088929424,1.5725683995801911e-06,0.0006366559897850259
30,1.4098986670078432e-05,2.864316379422291e-10,1.0397165372195225e-06,3.524953621510517e-05,0.00011524326340894375,0.00010065432256519732,0.003567710719113395,2.629522489246328e-05,0.015701929651677854,0.003595918885644238,0.00524454978819775,0.0009373756239892035,1.9762559298516524e-08,6.021726386347132e-05,0.00043455650820468873,7.554901100396804e-06,5.978500013941285e-05,9.598653297208273e-05,1.6722722750673608e-09,5.9577735321206535e-05,0.0014156801032603951,4.170638366501692e-07,0.9678879088929424,1.5725683995801911e-06,0.0006366559897850259
31,3.0024612583369216e-05,4.050326326874076e-10,2.2465609529474475e-06,4.2979450696894725e-05,0.00010990696916109982,8.462862922883477e-05,0.004426960858281151,8.986878994145158e-05,0.020189165278229178,0.004192509220465526,0.007255391204714884,0.0014630893817002481,5.135146921012848e-08,6.848369226679581e-05,0.000710750576705528,1.206283378014913e-05,9.074546983533765e-05,0.00012370005597588403,2.7541251488827797e-09,8.227835771641943e-05,0.0020542203006085175,5.492410650235312e-07,0.9583661554350897,2.461850385243231e-06,0.0006017667199888544
32,1.504996114467329e-05,3.4742657599729905e-10,1.0551665640676791e-06,3.508040700238977e-05,0.00011644459224694758,0.00010978968598438597,0.00333346388450107,2.6374159947611462e-05,0.016019525470168713,0.0034912881112620434,0.005070035989880948,0.0008589838042665037,2.0911806451667514e-08,5.8587226975084154e-05,0.00045074814497831446,7.823003351960942e-06,6.31475903916219e-05,0.00010419610695886359,2.1062991898752847e-09,5.683397587575522e-05,0.001410602000302916,4.483012953425067e-07,0.9681173072666677,1.6706336435848088e-06,0.000651521151057565
33,3.240392040776376e-05,4.997492198930305e-10,1.0166989912292315e-06,6.293233058063107e-05,0.00010301987428848742,0.00033703542692802946,0.00942197318364387,4.6966951346538985e-05,0.01026737313404706,0.004010661365322365,0.0020469819018867448,0.0012646165026972875,9.17166907792446e-08,6.594742206469923e-05,0.000225655034751915,3.1600596992219286e-05,0.00027145309547211037,0.00038675194109393115,9.24289670088265e-09,6.844552635422847e-05,0.0018172826854600424,1.3449008821423425e-06,0.9689673189132613,9.889457007082019e-06,0.0005592276771836509
34,4.9513746565332705e-05,3.311062352356442e-10,1.6150185245234266e-06,4.450502342763014e-05,0.00019101989243019624,6.236350508833915e-05,0.0036859096092113856,3.6021122458156916e-05,0.021454036072012593,0.004334292477477779,0.009948867219679747,0.0006976796467589268,3.3280858156577475e-08,9.809745133326241e-05,0.0004875751201695959,7.784313892693742e-06,7.784397822520462e-05,0.00010487461990078034,3.1607300886716243e-09,6.931846210275346e-05,0.001138606015136661,3.3198106825695607e-07,0.956732641554645,1.5852725507803137e-06,0.0007754811246457148
35,4.7934477118245884e-05,8.711123034025776e-10,1.4357053734084395e-06,7.892279257099572e-05,0.0001768330875420782,0.0001506883035432933,0.005467660191581427,0.00011705739809807659,0.07123549232690164,0.005660969190610431,0.009803300116388997,0.0011283489056593816,3.542702927148465e-08,4.5934564807070774e-05,0.0008038318355417266,1.1577513923742846e-05,0.00010051634263138031,0.00012667002946467116,4.5587902303437276e-09,5.608853335154876e-05,0.0010964571660626269,1.2119234257455683e-06,0.9027291536819609,1.5318829200986368e-06,0.0011583431735907176
36,1.7859446672007957e-05,3.2801990950006117e-10,1.0589042508954592e-06,4.2586511359084e-05,0.0001120127865528302,0.00010718783749970093,0.006234040210512488,4.2474836701429875e-05,0.017317761015552904,0.003627812607503212,0.0066538685653623406,0.0019219045964331387,2.4413723323246428e-08,8.782930300093962e-05,0.0005616850233372856,9.867600604035641e-06,9.505672135165085e-05,0.00013317889011570227,1.7116221359460874e-09,6.52797189545989e-05,0.0016230435714412804,7.918200010339909e-07,0.9604380240102867,1.9903367428465085e-06,0.0009046592323987449
37,1.7528961400780294e-05,1.1288478349484232e-10,8.632991063032436e-07,2.0926479082486338e-05,8.26372941079053e-05,4.6488619249499714e-05,0.004151643979447968,9.177460826049705e-06,0.00400125580629393,0.0017717840005283397,0.002852111185746373,0.0007172343026920528,2.093173531279757e-08,0.00012753483555803701,0.00018628175409193736,7.196956234918939e-06,6.626565627516322e-05,9.313845593799977e-05,1.2082870686541029e-09,4.8797719653366264e-05,0.0014969347588054092,1.73920884393076e-07,0.9838533343722013,2.7384960970965447e-06,0.0004459294328714262
38,1.0159195435427922e-05,2.6470736851337227e-10,8.559917193771794e-07,3.255253273109431e-05,8.664378621127404e-05,0.00013338804840073735,0.003426323494554015,2.291354449935161e-05,0.012337711171811632,0.003001616094046723,0.003971757541859114,0.0009554157273266092,1.8800168983310176e-08,5.166966694916709e-05,0.0004342600398228708,1.0154155391656536e-05,5.126279612746185e-05,0.00012435031370059237,1.7623226049956152e-09,5.143883554728443e-05,0.0016788927448558092,4.2245884438553364e-07,0.9731918255609345,1.7084821432390259e-06,0.0004246569898887209
39,2.1353806543516155e-05,2.388425115446891e-10,8.591059793045852e-07,3.9576648674786894e-05,0.0001490140442374727,6.483270704993431e-05,0.004189653504972311,2.246191733550733e-05,0.016345345738798832,0.004887305443675872,0.008337077988026657,0.0007433973331453217,2.069118489432584e-08,9.619739156935695e-05,0.0004149332127856138,5.158440141151716e-06,5.3712789605671324e-05,8.701057126715107e-05,1.4448813229863505e-09,6.795886104993813e-05,0.0007485462078730517,3.107802690728943e-07,0.9628282372730014,1.449359822238756e-06,0.0008955844992670948
40,2.9673745509013774e-05,4.559848671966825e-10,2.904813194183475e-06,3.095154124194738e-05,0.00036148867532270046,5.0413464134108046e-05,0.005016874300033635,2.4752194369168993e-05,0.014306251081881025,0.0034043350699517762,0.012383283191592556,0.0021528993989330474,2.7238357586209278e-08,0.00027832949546669703,0.0006841782398727035,5.9876948614892625e-06,7.567515596595461e-05,7.488747408155813e-05,1.8577558267879709e-09,9.665587569431458e-05,0.001894223220867698,4.2458878101373437e-07,0.9575494065677641,1.8289731634741628e-06,0.0015745456852197244
41,1.6742154090562175e-05,5.903390153511927e-10,1.109146283720762e-06,6.442572325786359e-05,0.0001915077823992439,0.00013184669926809568,0.0024887848261055568,4.0147429671622596e-05,0.03135542350082773,0.003919700945120815,0.010439502624011056,0.0007990458493454553,2.3143556028018235e-08,6.177745320583888e-05,0.0007554515004640019,9.513398622430178e-06,3.932939106801303e-05,0.00014179737597250181,2.4903671768185693e-09,7.750399100276748e-05,0.0011989470315490666,4.3986960332018806e-07,0.947647493548505,8.706444279797161e-07,0.0006186128909352184
42,1.777537388949476e-05,1.8615287033660356e-09,3.2317560393042547e-06,0.00012054620353508436,0.00011948344522639587,0.0004681041614709514,0.003999727054301225,0.0001505037152756438,0.05717675317362187,0.004638850659368306,0.006689842749493565,0.0023823420043451995,3.408494574968547e-08,2.288033245134471e-05,0.001068321470002957,3.281131608168652e-05,0.00012867956059431265,0.00015793793726332788,7.143728207422512e-09,6.270881727459056e-05,0.004300797598850749,3.4989230202637052e-06,0.9178000769608806,1.7459383259117184e-06,0.0006533377584845117
43,7.4627529293921066e-06,1.7709738498007877e-10,1.2859921447487978e-06,2.7628149989514638e-05,8.349912259666376e-05,0.00020683256714900845,0.0028270881406425984,2.8176723686902856e-05,0.015163506965055343,0.005019232928589211,0.0020374771612985242,0.0006760721181301306,2.340811307173475e-08,1.6889889933813735e-05,0.00027451480160215554,1.0698439314949034e-05,7.235191073853401e-05,8.11505273974906e-05,2.0081799480779656e-09,5.76720226835354e-05,0.0030028947066909123,4.0929039628566116e-07,0.9701492071496561,2.0270309328294716e-06,0.0002538960150509735
44,1.4098986670078432e-05,2.864316379422291e-10,1.0397165372195225e-06,3.524953621510517e-05,0.00011524326340894375,0.00010065432256519732,0.003567710719113395,2.629522489246328e-05,0.015701929651677854,0.003595918885644238,0.00524454978819775,0.0009373756239892035,1.9762559298516524e-08,6.021726386347132e-05,0.00043455650820468873,7.554901100396804e-06,5.978500013941285e-05,9.598653297208273e-05,1.6722722750673608e-09,5.9577735321206535e-05,0.0014156801032603951,4.170638366501692e-07,0.9678879088929424,1.5725683995801911e-06,0.0006366559897850259
45,2.184159568428168e-05,4.0589943696129464e-10,1.5751707843756213e-06,5.4078950415736556e-05,0.00011902386483368931,0.00022848237643757286,0.010307281126420919,0.00013946274530648764,0.028251860979851804,0.006750808744727808,0.006374960816356469,0.002118473956121825,6.347283259560649e-08,6.503766244950472e-05,0.000956664166110308,2.4682739869628486e-05,8.846619494892724e-05,0.0002246525043079328,3.6750271205053824e-09,8.676476023148243e-05,0.0020697661356626766,9.62242387306893e-07,0.9416078248632263,3.745493967694082e-06,0.0005035153561381153
46,1.4876094839816731e-05,2.8078661369945353e-10,1.0685952577223273e-06,3.673486223867744e-05,0.0001135350352726663,0.00010318583709532215,0.0037323657809505834,2.6955240572447656e-05,0.015522638629614541,0.003681200929709765,0.0051406992754304106,0.0009638891414335694,2.0886458484271384e-08,5.849088454719071e-05,0.0004087128717537662,7.839020198426223e-06,6.608106336358248e-05,9.602251444550594e-05,1.715385369961762e-09,6.0379227476467295e-05,0.0014622144484697105,4.4292833357978796e-07,0.9678616695928741,1.647710091323133e-06,0.0006393274334003384
47,5.2204800632402976e-05,2.867541005711998e-10,2.0003330731653338e-06,7.593314721642002e-05,9.795891400367442e-05,0.00014412538306119493,0.00930725622174782,6.311945056487481e-05,0.017243636154594455,0.004934587746326133,0.004370336862323543,0.001755441983958699,6.431539208362772e-08,6.145277120902381e-05,0.00027734324346533106,2.385477826554812e-05,0.0001745020462709157,0.0001208336181766641,3.8824324436399945e-09,6.066710847306376e-05,0.0020533543036574784,9.738335093291102e-07,0.9585831333516235,4.2714570703778944e-06,0.0005929440061977659
48,1.0243736996168409e-05,2.827574915709442e-10,1.1158398344369767e-06,4.364822323195351e-05,0.0001497011570578531,7.046634509306792e-05,0.0025201243479392194,2.0047516362507182e-05,0.01624057777398726,0.002839495531641232,0.009604212389730249,0.001183078005989711,1.3145985169148338e-08,9.109454251954116e-05,0.0005860884202541438,6.8875827900897e-06,3.0254096656672214e-05,8.966409183971225e-05,9.179164527213623e-10,7.377781045202699e-05,0.001427809594368038,3.009426407714625e-07,0.9644093349099276,7.357211198367267e-07,0.0006013270729087891
49,1.2248345798302387e-05,4.685125801095125e-10,1.7085900771970835e-06,5.007545083753409e-05,0.00012864053624084298,0.00019105142368007827,0.004407989727105791,4.275157175228227e-05,0.022094991502357622,0.004704874097065115,0.00518176709317644,0.001750656037581325,2.569238465397004e-08,4.435425681212783e-05,0.0005190824687075829,1.1490277314227127e-05,7.859193403909098e-05,9.728539078728281e-05,2.1562026202915404e-09,7.516551085829447e-05,0.002261019288283892,9.231820238411525e-07,0.9576371152896875,1.8699436370495155e-06,0.0007063197650766326
50,3.178582808089361e-05,1.8556810999996523e-10,1.3965590409900635e-06,3.862120384364704e-05,0.0001438642242934371,7.7319192591085e-05,0.008671080595785727,4.192708815008188e-05,0.01691684045568387,0.006909505249053039,0.006548928108439961,0.0011077437270134035,3.907517174547069e-08,9.48756612454808e-05,0.0003673363264923951,8.201687115904452e-06,9.734107870203503e-05,8.403547930382366e-05,1.9052629981638884e-09,7.764694396063032e-05,0.0010293469569267455,4.1577285543378506e-07,0.9568427274583006,3.0546429808845912e-06,0.0009059645941370758
51,1.304160612833495e-05,1.0571620643828903e-08,1.3368935832144575e-06,0.0004891190167136015,9.724426701892598e-05,0.0003051276953211276,0.0010398183549429631,0.00016650081055720933,0.05168475580952013,0.003595787448068533,0.035380073210859876,0.0034639466098343066,1.8109177832613886e-08,6.912055322173101e-05,0.0051025870582381,1.5799739379518225e-05,3.5071838410159193e-05,0.00035349621146327323,3.586624602603457e-09,9.150362379889583e-05,0.0022721757921849634,5.636891333363916e-06,0.8946102354803026,4.715654030352807e-07,0.0012071172562931954
52,1.4864694296559764e-05,3.4348709257706743e-10,9.260888581254115e-07,5.076913514084515e-05,0.0001243754767840077,0.00016846541356387802,0.0031379542341685874,4.0382156013882776e-05,0.02059871774833941,0.006046161391479629,0.007426495259371264,0.0009874304370793877,2.683728735109515e-08,5.926376125865751e-05,0.0006913269870419851,9.59047146852443e-06,4.6276394462011214e-05,0.00016188012033944052,2.4023857072255172e-09,8.236754791252356e-05,0.00132008839445756,4.665113389742255e-07,0.9585100649845391,1.4908934133030918e-06,0.0005206123155122608
53,4.4224514768249154e-05,1.8579855377407006e-09,2.0192191564205414e-06,6.972558672948859e-05,0.0001975142043858857,0.00026293306793478646,0.0029655851529939875,8.648744796926968e-05,0.042907996111937845,0.006938814071357798,0.007407723704325718,0.0010116889084571309,4.220247399102223e-08,5.546351760125415e-05,0.0009869318699445076,1.1985865739989219e-05,0.0001246684479610426,0.00015016986431416312,1.162769253158829e-08,5.921086873715536e-05,0.0016261135935369568,1.4670540829350687e-06,0.9338370046115502,2.707259839393277e-06,0.001249509368523709
54,2.1050880596868357e-05,1.047734005560943e-09,8.548529750328771e-07,4.895295355841992e-05,0.00014633281742949147,0.00014348313518992514,0.00483318534506655,3.624575862938619e-05,0.026347020358045675,0.003774850671867877,0.0064147461757849,0.0012982842698621726,1.5009788824477713e-08,0.00010661870266331625,0.0009134685575816224,7.441170529574449e-06,5.9503579017003746e-05,0.00010447254520699468,2.8825439971611867e-09,3.91382276755748e-05,0.0010450613359712542,1.0216877592927173e-06,0.9529149556919231,2.0346363504551666e-06,0.0017412577062486999
55,1.384317443197982e-05,3.461115490809373e-10,1.0070116078741398e-06,3.454765621347392e-05,0.00010474930300072452,8.18751669881138e-05,0.0019563932663071324,1.7060667526819278e-05,0.013240159685582321,0.004041597892578379,0.005444827442244165,0.0003826085823655574,1.4024569062657844e-08,4.20881015198926e-05,0.0003975606173150835,4.868149168832397e-06,5.725243068043207e-05,7.374824615395178e-05,1.998883644671788e-09,4.909554971567476e-05,0.0012373016602285367,3.3354648146438556e-07,0.9722572996667832,1.2803696241168018e-06,0.0005604854439176666
56,1.5275044830897633e-05,2.900619952627502e-10,1.0957580123205504e-06,3.762278019527223e-05,0.00011629015990843019,0.00010804074213903145,0.0038427781707722672,3.0124357524413647e-05,0.016278102579583013,0.0038917244966379474,0.005228067436402939,0.0009811850654017,2.4094971081376132e-08,6.009650088961046e-05,0.00042922576066207774,8.40837658150889e-06,6.424716231564128e-05,0.00010320226231401149,1.834687844109879e-09,6.480801670227263e-05,0.0014279006426783786,4.3547467970717627e-07,0.966687237980859,1.7486057826244817e-06,0.0006223564054060045
57,1.2797896406868182e-05,2.5546760195936713e-10,3.0957377775905963e-06,2.890692673707894e-05,0.00018851398381008322,0.00013005827916471368,0.005220959446114215,3.46040308511641e-05,0.019164053084722063,0.004911792759430786,0.004880881183536212,0.0019702847127853387,3.2733618899142816e-08,5.741232874278219e-05,0.0003957765849919399,1.1389201097162586e-05,8.721733335268552e-05,6.289447935933896e-05,1.890346884256906e-09,9.396316153656363e-05,0.0028894716026826323,5.197097962685669e-07,0.9591882423334452,2.1440216334165896e-06,0.0006649863225922638
58,1.3469084776972195e-05,2.6044495509291304e-10,9.77384356209937e-07,2.8092399146920944e-05,9.87525435257066e-05,0.0001062975951233678,0.0038181560708595726,2.5204056428688082e-05,0.01313303198108778,0.0035811004554130704,0.003642924159080614,0.0008626430296811339,2.235728036514199e-08,5.365253061207537e-05,0.00036865116583927905,7.280868803315007e-06,6.566719290043362e-05,9.240988817033458e-05,1.7929056258903826e-09,5.4885146020415906e-05,0.0014215731791529021,3.988755165330043e-07,0.9720302311590832,2.172443711846277e-06,0.0005924043800785223
59,1.3344963918401786e-05,2.476203604651292e-10,1.1942864154599716e-06,2.8477519557434932e-05,0.00010521673788279266,9.952706810806068e-05,0.0038546313965021534,2.5917484992536904e-05,0.01315025587471299,0.003633251490259502,0.0039025598258786913,0.0009345436885731269,2.3324576187413924e-08,5.4426889979567e-05,0.0003644275088496387,7.6020471991328605e-06,6.700632602101134e-05,8.548409423897505e-05,1.690434908962976e-09,6.0974931760907426e-05,0.0015922557327076336,3.8894888714226425e-07,0.9714415854051779,2.101494521920017e-06,0.0005748010212236558
60,1.4098986670078432e-05,2.864316379422291e-10,1.0397165372195225e-06,3.524953621510517e-05,0.00011524326340894375,0.00010065432256519732,0.003567710719113395,2.629522489246328e-05,0.015701929651677854,0.003595918885644238,0.00524454978819775,0.0009373756239892035,1.9762559298516524e-08,6.021726386347132e-05,0.00043455650820468873,7.554901100396804e-06,5.978500013941285e-05,9.598653297208273e-05,1.6722722750673608e-09,5.9577735321206535e-05,0.0014156801032603951,4.170638366501692e-07,0.9678879088929424,1.5725683995801911e-06,0.0006366559897850259
61,1.365345504425141e-05,2.6150838720380194e-10,1.1927126334927229e-06,2.7768305104323546e-05,0.0001114058817706817,9.746573676776633e-05,0.003710084181235323,2.455366944819174e-05,0.013854427526885288,0.003562028212809158,0.004118120495952374,0.0009227092350135929,2.142556672298408e-08,5.7040685139675506e-05,0.0003817207778485407,7.324698287772709e-06,6.510349239356485e-05,8.222856494739351e-05,1.7332544396708923e-09,5.73787318877592e-05,0.001556464767618213,3.8817440874069465e-07,0.9707333114729116,1.9616732145242615e-06,0.0006136441283482444
62,1.4098986670078432e-05,2.864316379422291e-10,1.0397165372195225e-06,3.524953621510517e-05,0.00011524326340894375,0.00010065432256519732,0.003567710719113395,2.629522489246328e-05,0.015701929651677854,0.003595918885644238,0.00524454978819775,0.0009373756239892035,1.9762559298516524e-08,6.021726386347132e-05,0.00043455650820468873,7.554901100396804e-06,5.978500013941285e-05,9.598653297208273e-05,1.6722722750673608e-09,5.9577735321206535e-05,0.0014156801032603951,4.170638366501692e-07,0.9678879088929424,1.5725683995801911e-06,0.0006366559897850259
63,1.3924195426782657e-05,4.1818499754490875e-10,9.824015214172465e-07,3.73032702739276e-05,0.00011510683931852454,0.00011132780972778415,0.0030417733917200446,2.682866615652646e-05,0.01728031271918538,0.003274681769690273,0.005351342008914957,0.0008668060047311206,1.8342878696668464e-08,5.765840383110842e-05,0.0005105797806427736,7.4697367673750474e-06,5.8060380611601694e-05,0.0001055361389932574,2.012776505352298e-09,5.445124684826409e-05,0.0013967039144197134,4.916732355796318e-07,0.9669967490601381,1.4878769163120136e-06,0.000690401937088894
64,9.706056993691066e-06,2.419990755991644e-10,1.1575596843810139e-06,2.7278550091072007e-05,9.567366403358864e-05,9.297694179656777e-05,0.002632848925152689,1.8760082562876844e-05,0.011661070404320979,0.0027586721924918985,0.003831420050747772,0.0009248820087909823,1.595169453960494e-08,4.8801215011763625e-05,0.00036143869354567185,7.237647928652129e-06,5.587522343723237e-05,7.674133999917197e-05,1.3266493323073768e-09,5.41119095258475e-05,0.0020236453291401025,3.5477289562099454e-07,0.9748341629877428,1.4472094705741824e-06,0.00048171971429302563
65,1.4452972316398059e-06,2.7000539283502876e-10,3.293141254714341e-07,7.969415951477842e-06,3.9074991768311606e-05,9.243282860583328e-05,0.0008358805848625002,2.964138182163305e-06,0.0034200548595325012,0.0005202027139243546,0.0006074460171335838,0.0004045787011415367,3.2675826289749044e-09,2.4588972639361273e-05,0.0001875437356809512,2.903390627020675e-06,2.73507433806431e-05,6.954072139684523e-05,5.922133446445819e-10,2.2193202568032554e-05,0.0023758115669403083,2.0932132882405514e-07,0.9909965838351458,1.182852778997511e-06,0.00035970866525225734
66,6.80072398268858e-05,4.86869541451341e-11,8.1239357293162e-06,3.835768411434167e-05,0.0010668399326163567,0.0001011827374275,0.03176678047903378,3.23327895010674e-05,0.02807929474047217,0.01783792595257601,0.005552366483336717,0.0008718105552790625,1.8815697029280876e-07,7.615942902756239e-05,6.525990178271327e-05,1.696620514925079e-05,0.000222945238367402,4.068195726056867e-05,2.902596183886317e-09,0.00027013824198736554,0.0015226657608864219,1.7660003085271657e-07,0.9117046533531318,5.229205408140573e-06,0.0006519104688012116
67,1.6679588489598355e-05,2.942256919127355e-10,1.1583914389436348e-06,3.8371269776227584e-05,0.0001306753909550668,0.00010001232450716028,0.003962634982309752,3.040216683658844e-05,0.017748512573604863,0.004057660496626579,0.006037015887146585,0.0009849151772234304,2.22269331688378e-08,6.477209359805994e-05,0.00046348678352523936,7.994588233219817e-06,6.279922817839134e-05,9.640227658264329e-05,1.812956298434814e-09,6.350931073728576e-05,0.0013935721701978483,4.3363607979549515e-07,0.9640650915700044,1.604366636452195e-06,0.0006722713931968494
68,6.470415909932784e-05,3.349518376498354e-10,9.881597036238774e-07,5.433773292486749e-05,0.00016097445114920733,3.6251140516714945e-05,0.0034702536499937506,1.6159359746532408e-05,0.028435921592052407,0.004670039553960998,0.009766230406551127,0.0002552000171120645,1.843706360117185e-08,7.87028408052982e-05,0.00024432888580354383,4.844757320122578e-06,7.462943232690043e-05,4.474382017039006e-05,3.094119577907476e-09,3.1896938045270645e-05,0.00035687485000202804,3.00039185974249e-07,0.9509825084671943,1.1384909405459461e-06,0.0012489493892602352
69,1.0698476321257098e-05,2.7143601555407595e-10,8.799257137535949e-07,3.344253811339246e-05,0.00010470500302024594,8.537885232744444e-05,0.002535850610133251,2.2417381750432974e-05,0.015212167218855311,0.0032253577199614068,0.006038013245257436,0.0008506696446587114,1.50278064491263e-08,5.384615035734557e-05,0.0004671589203442882,5.9209363031409205e-06,4.854451738527537e-05,9.710116343021343e-05,1.2373280478513701e-09,6.173287087408007e-05,0.0013590046814323348,3.650383198082975e-07,0.9692013438999287,1.0785706997457833e-06,0.000584306098241958
70,1.3885296141974619e-05,2.8835852603416345e-10,1.0520553711652767e-06,3.611229579238447e-05,0.00011558224251010582,0.00010254273703981734,0.003560629512330387,2.6506009599799637e-05,0.015972170964376548,0.003627411148345545,0.005302102102422187,0.0009510043720126473,1.9724153382332604e-08,5.952540957999258e-05,0.0004366405905209177,7.695000900317344e-06,5.881375315230445e-05,9.573406980002775e-05,1.6598182512831304e-09,6.0171533711327205e-05,0.0014244283132547005,4.2136882042574854e-07,0.9675144551334455,1.545962905743091e-06,0.0006315484556360131
71,2.0376708343804413e-06,3.6988706375253457e-09,6.385848536490298e-07,4.9158187485188466e-05,2.3569516690066736e-05,0.00010782083448436242,4.9988845929367736e-05,9.586702042111185e-06,0.005817970395605059,0.00042772162337800286,0.01072259308873936,0.0008266796507212593,2.379361910676224e-09,3.031638698170198e-05,0.003022316542504046,4.79740681361121e-06,1.1187630336925364e-05,0.00022611182808027143,1.887756052133349e-09,2.601790246758905e-05,0.004573167439033834,6.667461452265877e-07,0.9738138894831091,1.2777681422534216e-07,0.00025362779096193156
