,0,1,2,3,4,5,6,7,8,9,10,11,12,13,14,15,16,17,18,19,20,21,22,23,24
0,0.001166775633022684,0.0003163688544831054,1.66278228378319e-05,0.009353981134975205,0.0026363953979377333,0.0734828013774476,0.005215123681690076,0.0025194545351547794,0.0011806408450027593,2.5828349340294618e-05,0.19437559832048817,0.0014548018275062308,1.5284277485283994e-06,0.0005468363951359937,0.059746389923207334,0.0007030070421865451,0.16086935264018906,0.00085109072976849,0.023530939591974012,4.0488628942960845e-07,0.005126532296679602,0.00039900288017997103,0.4438029882313631,0.00010516765563587124,0.012572361519755658
1,0.0006099349754979996,0.000198280339965515,1.5896591529092312e-05,0.004946950426030782,0.0015733418343794109,0.1725141278961735,0.005182303774148806,0.0023367588988527604,0.005426970584854088,8.858015509431114e-05,0.13401513880649882,0.0006281572575576774,1.6134675892858424e-06,0.0010140304345139953,0.09543616523168408,0.0007442777662777727,0.038977829838861854,0.0010267976108601418,0.04213217970435075,8.704556913803906e-07,0.005067127409619518,0.000569192439597929,0.4680493534063048,0.000126615433477907,0.01931750526058793
2,0.000666308289390111,0.0002521137172948741,1.535241782863594e-05,0.0045364148107919205,0.0021841614813882157,0.13083256769482687,0.004495278329211005,0.0025757733927443934,0.005028533159058845,7.01136312890712e-05,0.20258372850462758,0.0009178055511831874,1.4412069776568695e-06,0.0016296485935484502,0.12460611582451814,0.0005526573990677064,0.04747429466196193,0.0007994054947546651,0.027440929604479775,8.986450943601328e-07,0.004631572908008845,0.0007330408107655955,0.4103023700349491,0.00010916041172705285,0.027560313424512137
3,0.0007630464865542015,0.00024208437615937418,1.3525198765777551e-05,0.0049734084595447585,0.0017546210234754649,0.14463466711345782,0.004483162828649266,0.002404748990560405,0.003798889751614619,6.036075301614301e-05,0.1917238929898659,0.0008070743345414038,1.4834247983836935e-06,0.0010418319393101065,0.10002621036666798,0.0005472416024075567,0.054850095359558565,0.0008597999615169688,0.032029548180965796,6.709397373000015e-07,0.004616787475079342,0.0006931704606359162,0.43008333974188107,9.958013525531238e-05,0.019490758105980575
4,0.0008144701113636853,0.0002731707492212187,1.4952724083883335e-05,0.005325876117124634,0.0019040799709082684,0.13310633524424087,0.0047962565790037204,0.0026053141367989533,0.004192621426020248,6.538942990357988e-05,0.20261939857884728,0.0008587671574861162,1.824729437329698e-06,0.0012759180353961706,0.09512626071085027,0.0005317945201894227,0.054275553130434695,0.000985568649554747,0.03371632355874953,7.842655547961492e-07,0.0053279373389091625,0.0007812793416152182,0.43151876457918426,0.00011103816870961772,0.019770320746412457
5,0.0006875103178386776,0.00019979485116513286,1.3860459737355711e-05,0.005919138549170385,0.0017971156207280741,0.129069531995337,0.0042413031926144765,0.002068915351773669,0.003496062150263162,6.134549085601438e-05,0.15539045882876015,0.0006120015492182822,1.5213960694893716e-06,0.0009946345567282432,0.06983455325414956,0.00048785621497523244,0.04819872020129904,0.0012187151154491233,0.030927099203357657,7.58164962206279e-07,0.005036955895084128,0.0004720340514839303,0.5256628885040825,0.00011132190877317532,0.0134959031761235
6,0.0007630464865542015,0.00024208437615937418,1.3525198765777551e-05,0.0049734084595447585,0.0017546210234754649,0.14463466711345782,0.004483162828649266,0.002404748990560405,0.003798889751614619,6.036075301614301e-05,0.1917238929898659,0.0008070743345414038,1.4834247983836935e-06,0.0010418319393101065,0.10002621036666798,0.0005472416024075567,0.054850095359558565,0.0008597999615169688,0.032029548180965796,6.709397373000015e-07,0.004616787475079342,0.0006931704606359162,0.43008333974188107,9.958013525531238e-05,0.019490758105980575
7,0.0021025605529188234,0.00027885389560156965,1.5726852260730164e-05,0.005522186492299386,0.0014449317650990377,0.1444647023330175,0.005963206325214883,0.003643090170828287,0.0030816326582019855,4.901020721977422e-05,0.369280904951273,0.0009018048886510126,3.975912581961098e-06,0.0006775680876677703,0.11275360776273824,0.00043996985001222273,0.04773936548961172,0.0011238891793425552,0.04657664335072381,6.385153092721709e-07,0.004741325400607182,0.0014274146106557435,0.23550056407188147,7.511046626557001e-05,0.012191316210016567
8,0.0006650819420012419,0.00022530719580195812,2.2550461016924166e-05,0.005302222965271287,0.0017152659834089698,0.09794320787737086,0.0020631471051537962,0.0011453944011651695,0.0036191747339936976,7.464409352115428e-05,0.09582419960366866,0.0006915124559441864,1.0528917271319962e-06,0.0011677657666174682,0.08010371427234858,0.0006018710782225591,0.060839403079280034,0.0005141663529964857,0.013275803320673789,7.471836591796419e-07,0.002749087337242516,0.000327409046697204,0.6032229095285159,0.00020492072096109614,0.02769944060274023
9,0.0003937142093361839,0.0003015869750868782,2.6056696906077994e-05,0.005447863101971119,0.001454316871979216,0.09360150488884071,0.0021028644972351405,0.0016330173834797096,0.00460497242723547,0.0001544729243346238,0.07617421522531025,0.0005727027592989342,1.1131758877745575e-06,0.00203342843222719,0.07639923658911033,0.0008790969721790742,0.05585744872045685,0.000714189696197676,0.02039372696464483,1.1583126978232406e-06,0.004045354651439772,0.0003414065629305923,0.6208949953188044,0.0002144532191100827,0.031757103423299265
10,0.0007630464865542015,0.00024208437615937418,1.3525198765777551e-05,0.0049734084595447585,0.0017546210234754649,0.14463466711345782,0.004483162828649266,0.002404748990560405,0.003798889751614619,6.036075301614301e-05,0.1917238929898659,0.0008070743345414038,1.4834247983836935e-06,0.0010418319393101065,0.10002621036666798,0.0005472416024075567,0.054850095359558565,0.0008597999615169688,0.032029548180965796,6.709397373000015e-07,0.004616787475079342,0.0006931704606359162,0.43008333974188107,9.958013525531238e-05,0.019490758105980575
11,0.0008339528916292182,0.0002502684217679694,1.405536897785818e-05,0.005223256647043402,0.0018454725456358966,0.1399296179586424,0.004826190821409733,0.002424269459426983,0.0038782312542203438,5.875384053400163e-05,0.2000524135108859,0.0008640110499930285,1.7670109723678823e-06,0.0010322292576218875,0.10011330562709368,0.0005640530797742993,0.05534866947305749,0.0009022385673254946,0.033553365109708876,7.393383397182517e-07,0.004810217212506623,0.000748561922504932,0.4233529771686254,0.00011168341935364965,0.019259699042948705
12,0.0003760008818430999,9.984167285382155e-05,2.1608534497235938e-05,0.0011586504009135816,0.008227615990704018,0.07191109027948164,0.0017460597964541946,0.000498774033706488,0.0039487561197405,2.8986087602310026e-05,0.1650857679071699,0.0005594151075340953,4.127632625875607e-07,0.002139686632867235,0.02785923574983924,0.0001377161525860009,0.053277657737817376,0.0003489414230322523,0.002719917425485956,8.709991467966026e-07,0.00519072314968179,0.0001837468985752484,0.6193109344271873,0.0002058293807104682,0.03496176044730689
13,8.801026578880684e-05,3.4638425636085746e-05,5.8856839572252154e-06,0.004192704519327618,0.0002286799853676356,0.1741176221102566,0.0012617594701133286,0.00014522720920699133,0.0014767996956399345,8.163814018217191e-05,0.0036055791757513165,2.4622342508718354e-05,3.4055097112279224e-07,6.0050197761611086e-05,0.010236098332427371,0.0004478804064980301,0.012044808373715566,0.0005225941302556696,0.016978932017197697,3.0123492107734736e-07,0.0010325779195775146,2.404903563438384e-05,0.7718912730408859,8.835635625690999e-05,0.0014095713801606715
14,0.0006641899606406115,0.0007551838456880919,1.2515567518391456e-05,0.007966401742096799,0.00548938994694158,0.04379746192194233,0.0027522037174527603,0.0017789397471734453,0.0015694506577405606,6.801344307844637e-05,0.38397066526686496,0.00034607506561286057,2.6571263672674926e-06,0.001662509320560074,0.02865580274496419,0.00014363854226548804,0.08776482055628874,0.001921010084901631,0.06326257348859843,5.256328554080779e-07,0.022414431126091955,0.0006248252613450059,0.33830032530988463,9.574331304550985e-05,0.0059806466100806996
15,0.0007630464865542015,0.00024208437615937418,1.3525198765777551e-05,0.0049734084595447585,0.0017546210234754649,0.14463466711345782,0.004483162828649266,0.002404748990560405,0.003798889751614619,6.036075301614301e-05,0.1917238929898659,0.0008070743345414038,1.4834247983836935e-06,0.0010418319393101065,0.10002621036666798,0.0005472416024075567,0.054850095359558565,0.0008597999615169688,0.032029548180965796,6.709397373000015e-07,0.004616787475079342,0.0006931704606359162,0.43008333974188107,9.958013525531238e-05,0.019490758105980575
16,0.0009444538303447158,0.0003325403855357762,1.0773987467092785e-05,0.004852358301317355,0.0016252520603867813,0.11772701785516769,0.004872828777809729,0.00420684310058072,0.003504418801414209,5.309842555190047e-05,0.30191367825337656,0.0014884080082964632,1.5909765348020132e-06,0.0015190123033523722,0.156034874061772,0.0005649379851365214,0.06117950862412048,0.0008329943596436359,0.037491305189063615,5.462104057948123e-07,0.004403495527982175,0.0013826042500582152,0.26881709285613614,6.135626517068306e-05,0.026179009603374617
17,0.0009464314024673346,0.00023376928539847543,1.5737835990238693e-05,0.003947821184169498,0.0029745253525421396,0.09477419524053533,0.005495756934913305,0.0023364221562033063,0.003695873844109908,3.5864257613880776e-05,0.2720264484678367,0.001093102279733823,1.7258885814843038e-06,0.0015759802522335787,0.0524079508764032,0.0003217766251510487,0.06544180852688115,0.0010568185712666353,0.02094011784836195,6.740335908833751e-07,0.007662589019833116,0.0007222204527912706,0.4433370750881892,0.00011855680821563367,0.018836757766986924
18,0.000516937734986665,0.000240076567402928,1.651457283744724e-05,0.002343234452661305,0.001383999792779242,0.10276678820389233,0.004161602009521219,0.001855994583113321,0.003474335137447369,5.658820042148619e-05,0.15526922815215483,0.0011910171198692941,9.447136188158394e-07,0.0016527604359719236,0.10047552524218614,0.0008067324038976425,0.07580492446821159,0.0005857615850843503,0.02417013939058037,6.767398176374168e-07,0.005704373828290733,0.0005757981821723843,0.4687008346210245,0.00012627750914721424,0.04811893435290939
19,0.0005946498370240377,0.0002964940561590005,1.182106459564211e-05,0.00821589914860707,0.0021949336150985325,0.20266593196897587,0.0044983859346915695,0.0022161434047248503,0.005599898741307178,8.714723499658928e-05,0.1313765197175727,0.0008507888299676285,1.5004640205027318e-06,0.0010294035845640824,0.12205490505003908,0.0005784396371977194,0.04557089675669887,0.0006785561223888739,0.031012386725944967,7.455770904001993e-07,0.0028350520925100376,0.0007845609704271806,0.4180428037778258,0.00010849878394489829,0.018693636903626805
20,0.0008968594993287545,0.0003501616809224525,1.1011202975217092e-05,0.005918790546856524,0.0016733802224787517,0.15546111814582259,0.004993228790258667,0.003942430871602412,0.00480531163570729,7.49206107185526e-05,0.2644221528115744,0.0008840445059384865,2.2803598561433814e-06,0.0013981570279508022,0.14864026517866089,0.00047320962851739,0.046307444895124415,0.000882995408952316,0.04466844830022645,7.717901738592447e-07,0.004406948736270683,0.0016240452822318618,0.28913300810764664,7.12738127812563e-05,0.018957740947423155
21,0.001197295958369321,0.00025582116147652095,2.7933227957446734e-05,0.005012797405744901,0.001853137496139697,0.0745122761981613,0.0047501812487326925,0.0028478402369550323,0.003048877383609852,5.3426473978855127e-05,0.20356343614487352,0.0014552502789284272,2.085528603858413e-06,0.0017417090678869475,0.05384326292567179,0.0007448408933146888,0.07952614501117461,0.0015895734693922704,0.0225023556529156,8.787192024813935e-07,0.007416127081633998,0.0005015547189033048,0.5105588523167246,0.0001666430752879513,0.022827698324360067
22,0.0009165015812899027,0.00021936203628079075,1.6849879899573834e-05,0.0043805083382198115,0.0012897798140563885,0.12467429351102846,0.003067244047575392,0.0031470875943607085,0.001833836586452437,6.904869809897337e-05,0.2039760166649805,0.0005409077800850486,1.4131125058300256e-06,0.0009674866665344835,0.05487432754819547,0.0004839610687044701,0.08592260689203683,0.0013628873651220913,0.02969699162752557,6.357992641345933e-07,0.006599423042518408,0.0006128103208525786,0.46393040113355805,6.39884732591843e-05,0.011351630417594924
23,0.0007630464865542015,0.00024208437615937418,1.3525198765777551e-05,0.0049734084595447585,0.0017546210234754649,0.14463466711345782,0.004483162828649266,0.002404748990560405,0.003798889751614619,6.036075301614301e-05,0.1917238929898659,0.0008070743345414038,1.4834247983836935e-06,0.0010418319393101065,0.10002621036666798,0.0005472416024075567,0.054850095359558565,0.0008597999615169688,0.032029548180965796,6.709397373000015e-07,0.004616787475079342,0.0006931704606359162,0.43008333974188107,9.958013525531238e-05,0.019490758105980575
24,0.0005984830982624659,0.0003847528711226243,1.1368017349068674e-05,0.009252257465328392,0.0016710580982259176,0.12034034381389383,0.00404510620458584,0.002784253855609204,0.0034482029760723163,8.608764243459585e-05,0.15084201110353523,0.000671570864809666,1.5612932913545336e-06,0.001257154368586469,0.09503827070111492,0.0005480281111810728,0.06088499239520241,0.0011418924379401028,0.04739314952634599,6.341643445057981e-07,0.00487159126556059,0.0006831523195152221,0.4795665654812703,8.935180409380724e-05,0.014388160120323963
25,0.0010107169874745449,0.0001677693422659513,1.3465560816775571e-05,0.004398508976907108,0.0024737980929276544,0.08849253922034156,0.006228182824343682,0.006651364247112862,0.0024179784124472334,3.0281798599927612e-05,0.4216623939346563,0.0012228294305523585,1.6009025639418774e-06,0.0014781208912030496,0.04577865338099218,0.000329544951158112,0.05372180328474815,0.00190590060984005,0.022842086427632625,6.704000793629543e-07,0.008044267167633054,0.0007304234067949002,0.318826789456305,5.3432710961743856e-05,0.011516877581641985
26,0.0005397526255275501,9.139120080551288e-05,1.5746432439369105e-05,0.004041009255046451,0.0016513949541336033,0.09632062110724106,0.002667833345578337,0.0006802973181037453,0.003480545507685453,4.1406461379302e-05,0.06735038788829421,0.00030287205935158483,9.752739406808545e-07,0.0006061962794983835,0.027447240991290776,0.0003178603060327565,0.030980311648884554,0.0009489120268628014,0.012402909243865709,6.58312958931467e-07,0.0035162712354464857,0.00014607491817396985,0.7372148223641273,0.00018972166912340448,0.009044787574207971
27,0.0008218724202214918,0.00025755043120099185,1.0496833276867851e-05,0.005838634596922824,0.0016623215123035746,0.20838649102871634,0.00501547528763818,0.0030628640963860786,0.006817294693181564,7.307741219596377e-05,0.1918994974566343,0.0008829372326720163,1.7699279762267082e-06,0.0010387708297369823,0.15497918666078847,0.00054137814080566,0.03360249127988964,0.0007230916493021741,0.0388321682796522,6.893166959869046e-07,0.0030338683459243954,0.0012557632562504434,0.3201594752958944,9.262019551426808e-05,0.02101021382021911
28,0.0007630464865542015,0.00024208437615937418,1.3525198765777551e-05,0.0049734084595447585,0.0017546210234754649,0.14463466711345782,0.004483162828649266,0.002404748990560405,0.003798889751614619,6.036075301614301e-05,0.1917238929898659,0.0008070743345414038,1.4834247983836935e-06,0.0010418319393101065,0.10002621036666798,0.0005472416024075567,0.054850095359558565,0.0008597999615169688,0.032029548180965796,6.709397373000015e-07,0.004616787475079342,0.0006931704606359162,0.43008333974188107,9.958013525531238e-05,0.019490758105980575
29,0.0007630464865542015,0.00024208437615937418,1.3525198765777551e-05,0.0049734084595447585,0.0017546210234754649,0.14463466711345782,0.004483162828649266,0.002404748990560405,0.003798889751614619,6.036075301614301e-05,0.1917238929898659,0.0008070743345414038,1.4834247983836935e-06,0.0010418319393101065,0.10002621036666798,0.0005472416024075567,0.054850095359558565,0.0008597999615169688,0.032029548180965796,6.709397373000015e-07,0.004616787475079342,0.0006931704606359162,0.43008333974188107,9.958013525531238e-05,0.019490758105980575
30,0.0007630464865542015,0.00024208437615937418,1.3525198765777551e-05,0.0049734084595447585,0.0017546210234754649,0.14463466711345782,0.004483162828649266,0.002404748990560405,0.003798889751614619,6.036075301614301e-05,0.1917238929898659,0.0008070743345414038,1.4834247983836935e-06,0.0010418319393101065,0.10002621036666798,0.0005472416024075567,0.054850095359558565,0.0008597999615169688,0.032029548180965796,6.709397373000015e-07,0.004616787475079342,0.0006931704606359162,0.43008333974188107,9.958013525531238e-05,0.019490758105980575
31,0.0011230243314668629,0.00031152215550389834,2.1304331419155237e-05,0.005322154402111834,0.0012740330671931162,0.1276726487822934,0.004841387488274769,0.004333167291468139,0.002922309584407695,7.411570742050373e-05,0.19402705333699424,0.0009596644639026182,1.8612279715273538e-06,0.0011314007050516285,0.07264631792388859,0.0008416699928934382,0.07632388244510883,0.0013352059694261762,0.033532867834289694,7.307613961084308e-07,0.005956170638588219,0.0007165238371647546,0.4461287099343466,9.387179154073333e-05,0.018408401995877354
32,0.0007289870638486186,0.00023753412665978893,1.2571829789581677e-05,0.005180010611721619,0.0016658223587431348,0.14521761767110478,0.004680586208939423,0.0023307068826013137,0.003669395816708177,6.055825976671538e-05,0.1851170134008096,0.00074169938601318,1.5747456080265397e-06,0.0009334268242787282,0.10591084746476978,0.0005698156246771695,0.053550623926619155,0.0008762779079970456,0.03876692498357607,6.697298567971943e-07,0.004819442366324253,0.0007001430981375997,0.42603684787972745,9.941495798945506e-05,0.01809148687373236
33,0.0011582282910236816,0.0003099668895011001,1.2448085032074328e-05,0.006638813546192687,0.0016233298484019068,0.11412312603816513,0.005401004525673888,0.0038007859698376053,0.0023512591664282237,4.3143142614192425e-05,0.2737263725993082,0.0012908564754130014,2.175449403069574e-06,0.0008861792410742376,0.08407905483984582,0.0006446547100691899,0.08541436261044864,0.001157735548501488,0.03984605628515433,5.670816927608131e-07,0.0054028433416330925,0.0009933230151575275,0.3558543882738307,8.680942807852224e-05,0.015152515597518854
34,0.0021956883899333776,0.00011324442784203968,1.1684440837147643e-05,0.005296872289015257,0.0018243721129938923,0.12115997059818687,0.005922279739215128,0.0022213240734194157,0.003417031739137648,2.6951076047933762e-05,0.31224610054614194,0.0005379257376200759,2.497699933340462e-06,0.0004288701720746238,0.1119994493360995,0.00032669434237390536,0.031458190189379044,0.0014400385867499963,0.05228734815301509,4.272097371618721e-07,0.005119946041201676,0.0007040067873880874,0.33239578135095615,8.607295997965676e-05,0.008777232000721055
35,0.0014621735436639164,0.00023971599277868846,1.3965433984535208e-05,0.006003399431746736,0.0010675516048862905,0.19436859623177877,0.005608086674437111,0.004530320234444381,0.004116458252367051,6.86592414030284e-05,0.20509667548794436,0.001034269206121448,2.19885494130658e-06,0.0007845698442190842,0.08399282629693648,0.000817920008022438,0.05304331256342031,0.0016023078737951106,0.04890463414281229,5.639468271478776e-07,0.004458511516560872,0.0011342520577850815,0.3674706055983587,8.693778580762814e-05,0.014091488174957258
36,0.0007755581169127556,0.00025065855150964683,1.3468541788497823e-05,0.00510385972343833,0.0016858238118209693,0.14740310827949638,0.0045468403903480776,0.002561867380237632,0.003876500855941842,6.30605727099699e-05,0.1903515192048246,0.0008310771743371897,1.5143255404999686e-06,0.0010684960730701124,0.10217274716519181,0.0005697263667544879,0.05557827744899992,0.000882338201899452,0.03318648406836891,6.726193258620245e-07,0.00455320665723723,0.0007370061666043991,0.4241444011208789,9.648915553909777e-05,0.01954529802722325
37,0.001295671434026709,0.00019435044229996616,2.7088241818054864e-05,0.004439431352704644,0.002421757918166288,0.09098013810313339,0.005012942448155549,0.0017002813646488208,0.004034112484612869,4.763953099812952e-05,0.1879732826646472,0.0009136820108252273,2.2818377457470186e-06,0.0013291663315587409,0.04646034504675058,0.0004615495498762024,0.057119363963764026,0.0014049768710125176,0.020425851480299916,8.600849713713866e-07,0.007321135262951543,0.0004580800811387564,0.5477222908592485,0.00020497727526929056,0.018048743359376025
38,0.0006935190893557419,0.00013293699723324756,1.0160993630354966e-05,0.004693429162309387,0.000841606051661762,0.21098150192336432,0.005534940439616726,0.0019947330667160115,0.0027413996269297757,5.423313330995683e-05,0.11391728226150631,0.0005088926294588306,1.4700470221384998e-06,0.00039170476020292046,0.10017043964349645,0.0008089250467824446,0.04335970369157242,0.0009731801331414647,0.04910783171174074,5.819615018184175e-07,0.003766408074789597,0.0005068021463997028,0.44733251554507214,7.986439055956241e-05,0.011395937472626256
39,0.000623777975947534,0.00033780577925473485,1.3505453429462014e-05,0.006275196462989654,0.0025007550483347745,0.10741649325547599,0.0032375670334401,0.001409039859411172,0.005730342629022899,7.97565019193924e-05,0.16985591938420208,0.000605484604132775,1.4627509705910594e-06,0.001682829609151442,0.12507846656931465,0.0003665809269622507,0.04358517037877999,0.0007498705390749347,0.03051722480444048,7.422531948834597e-07,0.004076494132110445,0.0006070004517421902,0.4722117806475814,0.00013449273451682795,0.022902240214599252
40,0.0011573675886398453,0.0003107026737606742,1.545576674945283e-05,0.003490401520053006,0.0020807898822409895,0.1575774347694302,0.004534109718433635,0.0024126630505023417,0.004116032325846951,4.332593518736916e-05,0.2844017821650226,0.001567349395575372,1.6369988855250461e-06,0.0011683597033564446,0.14739699192827962,0.00047300692622267537,0.0633438588632832,0.00042022288577678606,0.01835657519489792,6.005302630165735e-07,0.0032380743817182734,0.0012887582924492394,0.2686502461517392,8.640639266385252e-05,0.033867846959021765
41,0.0007277158481650509,0.00020922929742766416,1.1697927983816675e-05,0.005871098103006117,0.0020245414727217094,0.16703667747524098,0.004267371958606073,0.002130505892280517,0.004302867269473098,5.6775402610630684e-05,0.17957669278548893,0.0007551331936765483,1.2766332628238183e-06,0.0008537556082684524,0.12202892717026345,0.00048194471500705665,0.04427298982678099,0.0007191697530519527,0.029507954887537505,6.045839790968832e-07,0.003283079406775081,0.0006270151639279951,0.4131578990031104,9.383722074198016e-05,0.01800123940061192
42,0.0009421267750606731,0.00033651018486502123,8.298078590175531e-06,0.005255242982669688,0.001246302188396802,0.22164678443233876,0.006136847863660351,0.004245461942192045,0.0037398610602141593,6.236391124719088e-05,0.23344554797610803,0.0010146834823810164,2.475423211577278e-06,0.0005793749027576513,0.16393920769373765,0.000809151749290474,0.060661903407135946,0.0005865359396399682,0.06631183617763893,5.608568498990733e-07,0.0036822682991089614,0.0023462724434595624,0.20606288291958877,6.403897037852684e-05,0.01687346033947824
43,0.00048273627183475885,0.0001631071986386535,1.1371171545562876e-05,0.004440855398807703,0.001247343213396308,0.2655382864294431,0.0033280010841441063,0.0027428000409248704,0.004382798073850489,0.00012023348564292282,0.12201091327440161,0.00033463228831225647,1.1656375374543421e-06,0.000772064857614077,0.11067816414141214,0.0005621518765997236,0.03277943851030027,0.0007933808711172096,0.04065471299509085,7.778042360028284e-07,0.004015906162103525,0.0007282586601009647,0.3906674088000018,6.732963918474968e-05,0.013476162113758978
44,0.0007630464865542015,0.00024208437615937418,1.3525198765777551e-05,0.0049734084595447585,0.0017546210234754649,0.14463466711345782,0.004483162828649266,0.002404748990560405,0.003798889751614619,6.036075301614301e-05,0.1917238929898659,0.0008070743345414038,1.4834247983836935e-06,0.0010418319393101065,0.10002621036666798,0.0005472416024075567,0.054850095359558565,0.0008597999615169688,0.032029548180965796,6.709397373000015e-07,0.004616787475079342,0.0006931704606359162,0.43008333974188107,9.958013525531238e-05,0.019490758105980575
45,0.0005452179492739879,9.43139938396757e-05,4.332147977415525e-06,0.008271708539838753,0.0015741249671584272,0.2885906742917987,0.007393851790869509,0.0023125202090963173,0.004759877269294282,3.289173600205727e-05,0.1276085167136756,0.0005928856072580167,1.2755192947796055e-06,0.00022676219305590414,0.23331516451448311,0.0005451430449562368,0.01743631294181957,0.0005084123495836633,0.0479739525897448,4.902431866861646e-07,0.0013014280802049261,0.0006729948384825097,0.24719372581846777,5.4805937608393806e-05,0.008988616713028884
46,0.0013095476746062427,0.0003668983088656672,1.0716566968771184e-05,0.005855953349658014,0.0012579823726683325,0.11626755972953318,0.004137335300748288,0.002713392114785637,0.0011638011805184822,2.9483621736486082e-05,0.231689564815399,0.0016565463241791764,1.7430977921322095e-06,0.00044688635989659323,0.10641398503172095,0.0008113587858786456,0.17768258499498585,0.0004699384725821564,0.029502813911112622,3.5305811360589807e-07,0.0032654452734481704,0.0011608068365836957,0.29603386022847805,7.139168502452481e-05,0.017680050904715753
47,0.0018536452555199072,0.0006940418474550672,1.5434905025430864e-05,0.004732238709704885,0.0011603899291982198,0.14586025348903936,0.006272038759540183,0.004338987451719664,0.003783160677757437,6.220974062179894e-05,0.27401578279808664,0.0027493964575401567,3.6320259127034834e-06,0.0009276767876718254,0.16112891139997912,0.0013610460674708413,0.10528492994573155,0.0005927507484609682,0.04261419633067353,6.567877751758239e-07,0.003271807119810234,0.002875662318957185,0.20013044781353892,0.00011401562706274882,0.036156687005746355
48,0.0007156974744380008,0.0006046247153498416,1.1498742523483286e-05,0.008307588280325245,0.0009986420119529138,0.13348892200080556,0.0035730304196117993,0.0036653652820336667,0.0019998192841318724,9.694004068629003e-05,0.13998855706371702,0.0007886648932379427,1.5308152130294283e-06,0.0009709734406189294,0.10917638057767325,0.0008068983372833249,0.12407566463676545,0.0007900353767293859,0.04995587885815248,4.900786735207645e-07,0.004222852578899521,0.0010759045005458929,0.3990957478697056,5.724236686670025e-05,0.015531050354059349
49,0.000908491519434354,0.00021164262909025805,1.5739158321947006e-05,0.004414067264112641,0.0017148727255433074,0.18713540339887746,0.005102843877769723,0.002717786384096118,0.003909609689668656,5.272528382249616e-05,0.19927823160402827,0.0010964508025704859,1.5530099266698032e-06,0.0009068111037345069,0.07913121586128115,0.0005864422412123806,0.05483619728262197,0.0008265201950983487,0.022481649632814363,7.013947784518735e-07,0.0039678839357576365,0.0007170789112027975,0.41033540224240894,0.00010074579399316982,0.019549934057833944
50,0.0007571188517929755,0.00025222891136102854,1.3780788301105684e-05,0.005058705497514039,0.001733753296410599,0.14776981819762536,0.004566727769339854,0.0025519556304948467,0.003956021155504249,6.518986931702734e-05,0.19078548848625607,0.0008077257111877402,1.5260136898232534e-06,0.0011002869711227775,0.10271045231396093,0.0005570448470993149,0.05422547381615579,0.0008704939661107678,0.03350572859286166,6.86217155145148e-07,0.004722112572187405,0.0007340618399202313,0.4233228507836798,9.74894508209881e-05,0.019833278450130287
51,0.0011996341991657067,0.004480709673664731,1.2516900893507416e-05,0.031760064279795754,0.0013863285103708034,0.06737117823543864,0.0032688980030402743,0.017890997352164484,0.0035003826392948478,0.0002095932617486225,0.30476170470235797,0.002461515657478567,4.028267734860902e-06,0.004613490774527188,0.22758097215275044,0.0006623702321028643,0.0910662638199544,0.0010831313133282687,0.07503405664241315,5.509202695271309e-07,0.0031911097596026296,0.004922266044734605,0.13359737732597635,3.182667549421608e-05,0.019909032655697583
52,0.000741720689292897,0.00017781499324711887,1.0848117474542116e-05,0.007541171659451307,0.0009339267688351063,0.20404854284318436,0.0030424398621769736,0.0030930334580763492,0.00435337809827595,0.0001311402763498269,0.13077809833716744,0.00040423650389088945,1.6683795050593724e-06,0.0008344720678341975,0.12514715338654633,0.0006961164400222768,0.03175011365093892,0.0016379955416192626,0.05618472421929807,8.462578864961041e-07,0.003073567469187185,0.0007572556723380185,0.41404637331526645,7.447236462770824e-05,0.010538889627507172
53,0.0008831708443409764,0.00035106772370888583,1.6404168565777853e-05,0.006495366236681934,0.001992259550004719,0.1291051878511144,0.0032563942063864987,0.0024627773962290606,0.003494753967450924,9.064820082364626e-05,0.1986746590110458,0.0006762472265278927,1.8623320651955923e-06,0.0011663939728055073,0.09918514732417708,0.0005775626935633813,0.06977996988956522,0.0009682451990425075,0.04058824074024923,7.215786913888821e-07,0.00545463404784124,0.0008416791436137598,0.41579276536756105,0.00011598129590895943,0.01802786003203496
54,0.0005150205296747379,0.0005586629322618676,1.7648380409072333e-05,0.0036035296914602006,0.0016086705047349433,0.11219252752713778,0.00446741599554939,0.0028305196476474644,0.007181166121938876,0.0001066386508708279,0.15429972113409418,0.002163683264843928,1.2562059971479559e-06,0.002819350578011852,0.222765325458747,0.001249546017169642,0.06216122544588556,0.00038599792842774713,0.0261670897532367,8.815628349240594e-07,0.0030953850657710223,0.0011117491485432237,0.3009106495848521,0.00013541215893738637,0.08965092671096243
55,0.0007888172309757802,0.00015697520354264016,1.1751939047741572e-05,0.00501923819283262,0.0024148720733431672,0.14627700182243816,0.007958774575599023,0.0018656181253074312,0.005504588477694339,2.9178675001264482e-05,0.1909310228921172,0.0015903628012689868,1.4688189176529766e-06,0.0008342249656400153,0.08077311898598134,0.0005602136842015142,0.03810670343550767,0.0008795778941176956,0.024970714979348826,5.967367204557354e-07,0.003788551919189517,0.00048690072986530433,0.464457776518936,0.0001614147892557733,0.02243053453314969
56,0.0008009899060183543,0.00024865926917617856,1.3682521024841019e-05,0.005039879096400107,0.0017606689137153267,0.1435491823926548,0.0046531069101000645,0.0024684181392237077,0.003830503745350501,5.9564831086457806e-05,0.1974777262989522,0.0008431695592210181,1.6112724563442443e-06,0.0010477398171466429,0.09987269555962043,0.0005500378390607483,0.05510918108426873,0.0008801659624558283,0.03280224242778444,6.952409983596121e-07,0.0047234588946541995,0.0007372336875310348,0.4240306022759906,0.00010275354788465585,0.019396030807224365
57,0.0007679003489447506,0.0003906329157518804,1.3264212750912779e-05,0.005274320798835451,0.0016544148850247593,0.12136213425296477,0.006496755854948777,0.0030059236194451494,0.003470760074860301,6.610176719672471e-05,0.21639751404237634,0.001092021706659268,2.370629781333593e-06,0.0010096021891415363,0.1174761211943767,0.0008690665124718946,0.07351626136778254,0.0008858459434469826,0.07226461854904552,6.615658321532497e-07,0.007498140243056677,0.0010909327219335396,0.3416289378730052,0.00011676569608732348,0.02364893103427962
58,0.0007048068087371832,0.00022205081282307702,1.4095344243051277e-05,0.004927230458900946,0.0020291324576255125,0.13360766922142592,0.004631046317727311,0.0017631564632473273,0.004104777710945948,5.508834777073601e-05,0.17204700322929534,0.0007774739019292818,1.6474575036749696e-06,0.0009509854093421278,0.0923541422755469,0.0005558444052636414,0.0504772256931339,0.0008126741924757477,0.031186821352730168,7.796348522205869e-07,0.004846928855864129,0.0005756874816089054,0.4731944091173301,0.00014697148650707516,0.0200123515631698
59,0.00069109778523756,0.00022635274913308988,1.5964492978013383e-05,0.004592357154722204,0.002008224283639598,0.13249050172218585,0.00443747068894354,0.00183271742161057,0.003986118291455165,6.068366988073569e-05,0.16612434042075994,0.0007524916673283688,1.5528616586636489e-06,0.0010483409802292583,0.08296275111764252,0.0005722644671478119,0.05427671465815989,0.0008395402366189688,0.02850295712305349,8.007328190503371e-07,0.005231184100401771,0.0005425260902121996,0.48800122160338205,0.00014363174616044663,0.020658193934639236
60,0.0007630464865542015,0.00024208437615937418,1.3525198765777551e-05,0.0049734084595447585,0.0017546210234754649,0.14463466711345782,0.004483162828649266,0.002404748990560405,0.003798889751614619,6.036075301614301e-05,0.1917238929898659,0.0008070743345414038,1.4834247983836935e-06,0.0010418319393101065,0.10002621036666798,0.0005472416024075567,0.054850095359558565,0.0008597999615169688,0.032029548180965796,6.709397373000015e-07,0.004616787475079342,0.0006931704606359162,0.43008333974188107,9.958013525531238e-05,0.019490758105980575
61,0.0007275196618776228,0.00020987406244018462,1.708472871860759e-05,0.0044828261346679475,0.0020282306318110013,0.13335630449804586,0.004482205566012817,0.0018426744705034085,0.0042136642783958,6.0938160504891596e-05,0.16566510124676467,0.0007267910269562223,1.581744542934459e-06,0.0010654963366419938,0.07639902401377231,0.0005473122916440561,0.05071138848328294,0.0008959574251384284,0.02747265867613513,8.085840557829517e-07,0.005446910881708434,0.0005191156518942208,0.4990425669199165,0.00014931443723488854,0.019934650087333528
62,0.0007630464865542015,0.00024208437615937418,1.3525198765777551e-05,0.0049734084595447585,0.0017546210234754649,0.14463466711345782,0.004483162828649266,0.002404748990560405,0.003798889751614619,6.036075301614301e-05,0.1917238929898659,0.0008070743345414038,1.4834247983836935e-06,0.0010418319393101065,0.10002621036666798,0.0005472416024075567,0.054850095359558565,0.0008597999615169688,0.032029548180965796,6.709397373000015e-07,0.004616787475079342,0.0006931704606359162,0.43008333974188107,9.958013525531238e-05,0.019490758105980575
63,0.0007910162885399472,0.0003116996969912386,1.39015956045577e-05,0.0054183758730885385,0.001704609780546597,0.13828164199692686,0.00439840133078748,0.0025787902058792113,0.0037173552630101656,6.758877127168719e-05,0.19316705246077231,0.0008721872745060429,1.6327516735034774e-06,0.0011192954088848285,0.10635159501513385,0.0006021993998041531,0.06234798123995768,0.0008498081664814787,0.035152835741015125,6.851061140389701e-07,0.004679776294685896,0.0007948418996475108,0.41600093931059323,0.00010144076435545358,0.020674348363728445
64,0.0007703009413996736,0.00024215674154217702,1.6099978896516305e-05,0.004419155686219984,0.0018872667066210443,0.11906502350496623,0.00495383982326939,0.0022312752749908855,0.0033142682637408542,5.609216893950584e-05,0.196226817661756,0.0007484828192025734,1.6902907525831606e-06,0.0011240751196524425,0.07771671390912172,0.000525474463711286,0.061460538310399264,0.0009862225568872888,0.03385227073044462,7.14533921817329e-07,0.006999600436736346,0.000607695077834234,0.46409764806588594,0.00011165444214642804,0.018584922490961112
65,0.0006663567165219053,8.207725724809994e-05,5.444897305932104e-06,0.005002290680213243,0.0012016370909762502,0.18149016076997934,0.00488532539126026,0.0016069347745268693,0.0014530391255542226,2.054307061365877e-05,0.16784756269317255,0.00047985475837062557,8.340612120145202e-07,0.00021300112180440878,0.08919986274829979,0.0004098980967213414,0.0485203765731169,0.0007820449361709777,0.038287349746191045,2.849563893188016e-07,0.003100378034638225,0.00034644849695715605,0.44709690981827105,5.012060424834919e-05,0.007251263580236431
66,0.0016039166571630715,0.00025411254498286593,3.051824411425424e-05,0.005120915183757371,0.002546961837549591,0.14140209684143407,0.007245118467268901,0.005015539369279434,0.004956776603858905,7.822161232282678e-05,0.32059068014820075,0.0011430585967855925,3.620322805079052e-06,0.0014858989628525137,0.08498340624509655,0.0006872796445091248,0.05101452552739228,0.0016000251575164067,0.032737888181659576,1.276153252566872e-06,0.007443050369702677,0.0010501567542909006,0.3096707842188595,0.00011773655187756242,0.019216435803467657
67,0.0005999279846750156,0.00015174779811215287,1.6348007685109436e-05,0.004062402261093643,0.0014196834110847133,0.10469588167495075,0.003208180828168828,0.0015925041062435307,0.002347272430969667,5.3311630937737926e-05,0.13096780275861142,0.0004504035766309111,1.1595638749087329e-06,0.0009145850926257973,0.052452501747499596,0.00043408978486917917,0.05449141643719786,0.0010181951520981903,0.02254206473345552,6.93391508234673e-07,0.005844327745883653,0.00031021417246092803,0.5990660639601115,0.00010461247477914606,0.01325460927447183
68,0.00014481715841539635,3.904875453774993e-05,2.4631048814652646e-05,0.0017467010960934418,0.0024861878522791474,0.09302035075521678,0.0017366498029181996,0.0002502106986877557,0.010405094517302751,4.630379109077456e-05,0.03561612284970988,0.0004638699328437623,3.0317920259438315e-07,0.0023553407325224074,0.023901249616235486,0.00014041150460084985,0.008929463528792368,0.00030474201456501856,0.0014275047420329388,1.0713227162409398e-06,0.0012364496415560762,4.3987406916799393e-05,0.784656012616513,0.0002580519340600697,0.030765423502375943
69,0.00040154544391249563,0.00011431083360458036,2.4558501669425156e-05,0.0026436012816452186,0.0010630369343449183,0.10589914505196905,0.0035095514512276643,0.0026187138431464888,0.0034398338215382612,8.72458047697446e-05,0.1012871896699569,0.0004600216668723138,9.507990460867479e-07,0.0019175551571383542,0.03483479134175516,0.0005431730852698964,0.03441055109860702,0.0016275861996108917,0.019660444620779812,1.052050547111944e-06,0.009070127105461238,0.0002456171285481582,0.6584001229734294,0.00010652368383791766,0.017632750451311727
70,0.0005220760049322482,0.00011095977208783197,9.480130969675222e-06,0.007678737899436165,0.004232956149485054,0.1487035132579334,0.004745282513362681,0.0014140471429500293,0.006109676072134023,2.746113416580391e-05,0.1652905404036289,0.0006125741721235999,7.814523815343268e-07,0.0009234773394504669,0.09959117473071229,0.00015034191089278648,0.02144029856021393,0.0005034720156751977,0.012678420187626866,4.847938264694544e-07,0.0022187785053399025,0.0003039869529386252,0.5092242734287168,8.18597918180821e-05,0.0134253456771977
71,0.00022697192949499987,0.0002167612859179539,2.308339166429524e-05,0.0025867265640522365,0.0043390415098847205,0.07040971077161935,0.00552885890810848,0.0018834935955907765,0.010281180660295677,9.563781561706792e-05,0.10085885802279518,0.0005129790143408294,1.0252294161047622e-06,0.005221593970468457,0.030429040717191273,0.0003835535379217031,0.026930988644297032,0.001448545739983542,0.015874257052777452,1.8106348075405555e-06,0.013564269131976251,0.0002538825623871001,0.6814295584603443,0.0001992049958454305,0.027298965853202385
72,0.00035698659803953326,0.00013803858253203863,5.202125737599019e-06,0.0036911001832476533,0.0004021229507831494,0.4404659527358718,0.01292743255262795,0.0034419378186213837,0.002795977074069096,6.0516694822082575e-05,0.05890483167446814,0.0006049442550103946,1.4902378663178003e-06,0.00015726089222181013,0.19029708357332034,0.0018297977672813261,0.031612208954182146,0.00043280152797854274,0.0735438528702387,5.766319595948834e-07,0.001659648236625696,0.0009239114201380699,0.16653834298622044,2.6438965208523038e-05,0.009181542690927682
73,0.0008004545108238133,0.00024254892061182558,1.4819478516475059e-05,0.004653110091412165,0.001733199913784855,0.1355152653948553,0.004294386398239759,0.0026132229886575175,0.003631398359330247,6.223317384839793e-05,0.2071231510920467,0.0007876613571769436,1.4990221786248102e-06,0.0011951419005006873,0.08885600136142859,0.0005052238924303451,0.05569030999429718,0.0009749148126270976,0.03079031950328824,6.84330514220824e-07,0.005347551221832327,0.0006883941271974239,0.4353563889656417,9.458080821234052e-05,0.019027538380547018
