,0,1,2,3,4,5,6,7,8,9,10,11,12,13,14,15,16,17,18,19,20,21,22,23,24
0,2.2697556092633985e-07,1.2141899838824524e-05,1.3900096754150746e-05,0.0007282659821836872,0.00014369827104657325,0.5645678042314458,0.0006040396819516688,1.3439236820360832e-08,9.818028633630965e-06,2.5030488410174283e-05,0.016238426761335068,1.4731928556937385e-07,1.7650122144185479e-06,0.07831963349292359,0.25102683273123527,0.00012644064097219732,3.2174763144385976e-05,2.358986091223876e-07,4.184620328254365e-06,7.76590527170709e-06,0.0015633423751706807,2.0001858881904014e-05,0.08624929781634545,9.385417164117053e-05,0.0002109575375789249
1,2.3115897956135657e-07,1.025592904349443e-05,1.2242697624597248e-05,0.0006534139398027456,0.00012976040411855652,0.6384815771988972,0.0006636992261573103,1.6979627386898072e-08,1.4815381690945038e-05,3.445170159204369e-05,0.011081772710903956,8.873327382439028e-08,1.547511504251764e-06,0.047640358478488784,0.22806064536666906,0.00018923513904625192,2.6302218485289807e-05,1.63058372741323e-07,5.2475354988737305e-06,8.754310788738386e-06,0.0011109773806050926,1.5309883876407136e-05,0.07159697894289532,9.916176343686475e-05,0.00016299234862079587
2,2.2331707817742805e-07,8.058394368656971e-06,1.2880435456128149e-05,0.000598484012236276,0.00015122036075288948,0.48101865055865073,0.0008569621795631889,1.8329943504372758e-08,1.527342572933307e-05,3.828226904348535e-05,0.010298200212209124,7.57023742938817e-08,1.2494703497347468e-06,0.07556197411038823,0.3156715874271573,0.00011730668899966756,2.0993040395623255e-05,2.0593248144495564e-07,5.322859479537515e-06,1.7005373169374125e-05,0.0013176299137425528,2.817355536581634e-05,0.1137800550552926,0.00011906035988369401,0.0003611070158886325
3,2.0777971079723933e-07,1.0307300080619068e-05,1.3277269787355223e-05,0.0006432326578064688,0.00012184876549443896,0.5984181800190788,0.000603952440084544,1.4012607436479247e-08,8.632377304139275e-06,2.502079031972748e-05,0.013297721083833935,1.322291435600412e-07,1.6600668432569901e-06,0.0668367073354292,0.23649129155145945,0.00012742471266293494,2.869330640242686e-05,2.1606059771478004e-07,4.526198916532955e-06,8.930876043646358e-06,0.0015226438340274111,1.87381125952569e-05,0.08154212423293981,8.448331526791498e-05,0.00019003367156264795
4,2.0734526363821279e-07,1.2409213278481025e-05,1.4045094082214943e-05,0.0006914912129520446,0.00013420064447056216,0.6058420922350319,0.0005975413666501921,1.4015093485223201e-08,8.459957291959554e-06,2.3142571055882573e-05,0.01602092727801203,1.721423431573321e-07,2.2162710279203787e-06,0.07595428216645585,0.21722686200165595,0.00012772144130477023,3.20228967153694e-05,2.3947524165484416e-07,4.673085334579296e-06,8.438019671976102e-06,0.0015879773823296623,1.8847249738186563e-05,0.08143071779317167,8.012116664845697e-05,0.00018117797517854374
5,2.892397099244339e-07,8.872634841869536e-06,1.5005756016119836e-05,0.0009219915304920337,0.0001310750630795828,0.5837173803831386,0.0006615787704220007,1.591289519458799e-08,9.500704516136135e-06,3.3383366247403386e-05,0.014539540760642407,1.7000970934993427e-07,1.7982608593412937e-06,0.0889908708879638,0.20433268630055354,0.00016177653125493637,3.6227215385484707e-05,4.446831728062402e-07,3.870957143506821e-06,1.3388152884601932e-05,0.0017960473352220054,1.9664743986541086e-05,0.10421411420751076,0.00012665093373456055,0.0002636556586175036
6,2.0777971079723933e-07,1.0307300080619068e-05,1.3277269787355223e-05,0.0006432326578064688,0.00012184876549443896,0.5984181800190788,0.000603952440084544,1.4012607436479247e-08,8.632377304139275e-06,2.502079031972748e-05,0.013297721083833935,1.322291435600412e-07,1.6600668432569901e-06,0.0668367073354292,0.23649129155145945,0.00012742471266293494,2.869330640242686e-05,2.1606059771478004e-07,4.526198916532955e-06,8.930876043646358e-06,0.0015226438340274111,1.87381125952569e-05,0.08154212423293981,8.448331526791498e-05,0.00019003367156264795
7,2.095274267674151e-07,1.7904322423300325e-05,2.353028820180751e-05,0.0005285714937527133,0.0001338841611602648,0.6333584215209521,0.00048223590897165735,1.4535200814552258e-08,6.048102426622988e-06,1.726761055211253e-05,0.021645193035880975,1.6304312556199722e-07,3.272093009622857e-06,0.04840130890689091,0.24958981303688357,9.397146479905249e-05,2.312531409414586e-05,1.4384626876427338e-07,6.033165485190335e-06,6.074344605205515e-06,0.0014580944767490533,1.8266385668862956e-05,0.04402479062342025,8.023930003488778e-05,8.142349201575688e-05
8,2.8744570195090896e-07,7.574143690136486e-06,1.687340832929954e-05,0.0009508639631023069,0.00017181885275262105,0.35565903212562716,0.0006007613327029018,1.2155620228465124e-08,1.6356020655596625e-05,5.38728263009477e-05,0.014959153419971354,6.135980252554534e-08,8.646952269625109e-07,0.1233151720607984,0.3955252492309619,0.00010194631864161201,2.3410061725808815e-05,2.6767388470355967e-07,2.8905295772891154e-06,1.2419691559740154e-05,0.0012494869302156766,3.129458015864351e-05,0.10651993713080903,0.000312934205651388,0.00046745983653173
9,1.9619895305709255e-07,5.3220757933853195e-06,1.9498819893410067e-05,0.0010153883895277637,0.00011170177076070997,0.531630248126775,0.00039445249382951206,1.425920279897714e-08,1.0064911501451847e-05,4.2746534161054615e-05,0.014482852072007828,6.530369308749687e-08,1.2403326861273031e-06,0.08538653621429908,0.26911160934329553,0.00012823925052065992,2.765684504803874e-05,1.9293571863599952e-07,3.291417967439352e-06,1.351045398294587e-05,0.0013982363654383011,2.2132036771882567e-05,0.09580339436062771,0.0002288281388827197,0.00016258134866193208
10,2.0777971079723933e-07,1.0307300080619068e-05,1.3277269787355223e-05,0.0006432326578064688,0.00012184876549443896,0.5984181800190788,0.000603952440084544,1.4012607436479247e-08,8.632377304139275e-06,2.502079031972748e-05,0.013297721083833935,1.322291435600412e-07,1.6600668432569901e-06,0.0668367073354292,0.23649129155145945,0.00012742471266293494,2.869330640242686e-05,2.1606059771478004e-07,4.526198916532955e-06,8.930876043646358e-06,0.0015226438340274111,1.87381125952569e-05,0.08154212423293981,8.448331526791498e-05,0.00019003367156264795
11,1.9809097027990076e-07,1.0865062365900803e-05,1.3416901125342551e-05,0.0006495017860320861,0.00011927514969484272,0.6162558566637957,0.000598524361397726,1.4881267554534491e-08,8.307166845429996e-06,2.305753589694563e-05,0.013453070669629029,1.453025578398309e-07,1.917188691014154e-06,0.0646736911029848,0.22377280775453945,0.00013109382917690735,3.027218568313719e-05,2.1151280998094816e-07,4.656749462255766e-06,8.582743494920547e-06,0.001474387349073318,1.8184493050429258e-05,0.07850515143464856,7.724953413191579e-05,0.0001695605506747563
12,2.0817060375685952e-07,9.072663866619757e-06,1.4869851534221023e-05,0.0006451089489741623,8.732010920921499e-05,0.5730163069256158,0.0005726455614114719,1.9490414604637166e-08,8.557212880480773e-06,2.8842246822070767e-05,0.013972487718646474,1.041444659538587e-07,1.6733910038028674e-06,0.048375910398126575,0.29469643982199506,0.0001395537302585623,3.128962326799023e-05,1.4596222041450933e-07,5.39855319250157e-06,7.521151735909489e-06,0.0015420083785792813,2.4754472229218803e-05,0.06660019856004504,9.843064247281704e-05,0.00012113227042795923
13,2.026761704530017e-07,1.0943623586078657e-05,1.377840854224461e-05,0.0006850313672332046,0.00013290292893945653,0.5677921676739585,0.0005405752917037067,1.2601650159638404e-08,7.87341429448992e-06,2.2208783068166555e-05,0.017950562840275533,1.4806384655862749e-07,1.9021299083146076e-06,0.07346854142292572,0.2521958315981668,0.00012184729573065488,2.919583185798192e-05,2.0982877954929916e-07,4.470209463435964e-06,7.845265672930677e-06,0.0016014121862766868,1.827494895328692e-05,0.08513611638050468,8.873959212927154e-05,0.00016920563636226937
14,2.1770328107136402e-07,9.31086156783699e-06,1.3652181108020065e-05,0.0007187612911915582,0.0001196467594663915,0.571614555545239,0.0006224070387036658,1.597992469799614e-08,9.925232398547972e-06,2.790735076249465e-05,0.012805448993009791,1.1945580635680375e-07,1.5409201302123161e-06,0.06863278913776631,0.25351217613756405,0.00013189549082789676,3.064730982016549e-05,2.2490082018161497e-07,4.266299464581684e-06,9.816966358202161e-06,0.0015132341894148718,2.0898995034037244e-05,0.0898961632661542,9.783959362279442e-05,0.00020653840056312215
15,2.0777971079723933e-07,1.0307300080619068e-05,1.3277269787355223e-05,0.0006432326578064688,0.00012184876549443896,0.5984181800190788,0.000603952440084544,1.4012607436479247e-08,8.632377304139275e-06,2.502079031972748e-05,0.013297721083833935,1.322291435600412e-07,1.6600668432569901e-06,0.0668367073354292,0.23649129155145945,0.00012742471266293494,2.869330640242686e-05,2.1606059771478004e-07,4.526198916532955e-06,8.930876043646358e-06,0.0015226438340274111,1.87381125952569e-05,0.08154212423293981,8.448331526791498e-05,0.00019003367156264795
16,3.237582890601451e-07,1.0081684300758267e-05,1.5614564141068285e-05,0.0009786080382591707,0.0001287912671037406,0.5745394424312856,0.0007706030987791142,1.3610925449447189e-08,5.7312925439843355e-06,5.39177447675752e-05,0.015643077111737066,3.473976417500115e-07,1.7244761898065493e-06,0.13138033122394252,0.1778043146048051,0.0001665188654287006,4.2855106448623274e-05,8.846948178864908e-07,4.19398028750974e-06,1.5563549347909142e-05,0.0048001059779826955,2.745060773330112e-05,0.09312401128473366,9.716216459765037e-05,0.00038833146391024887
17,3.407510507999977e-07,1.5651396420362123e-05,1.4574626066461714e-05,0.0008085096014073396,0.00014933936850014136,0.510261473669277,0.0007801404841630403,1.771510398526839e-08,7.567465400812284e-06,2.542442448842472e-05,0.01777895484374125,5.336766239788585e-07,3.2645838255905257e-06,0.16248862917372786,0.14955140682786558,0.00011821043117777085,5.949629966809534e-05,9.341000471098933e-07,5.325262745115188e-06,1.5408831482776395e-05,0.003175441227587816,3.370626871413619e-05,0.15410972644785154,7.13158870072767e-05,0.0005246066360557906
18,4.207328034145671e-07,1.6734518394935766e-05,9.06415945474602e-06,0.0005320132792313178,9.456537330679312e-05,0.5558157146098137,0.0010388942304739644,1.8192641560930878e-08,1.3592126307310442e-05,3.966375410920838e-05,0.012095286528941897,3.585375122932451e-07,2.357719576210952e-06,0.12982951415844887,0.1563930458069759,0.00014072110944518578,7.256908281691885e-05,8.392271426251741e-07,5.47328509165489e-06,1.4706834432401317e-05,0.0020200715155567024,4.191480059468351e-05,0.1409368680643697,7.736353459842141e-05,0.0008082288179594506
19,1.811845698135908e-07,1.240156760772758e-05,1.8343893566763118e-05,0.0007604160844297743,0.0001643053788193626,0.5883783547159475,0.0007191688842490142,1.8312708941102573e-08,8.573471303164018e-06,2.2138393956148445e-05,0.01451904630897851,1.887111036588263e-07,2.400952670413597e-06,0.07376167342490832,0.24741673765276195,0.00012068072693925483,2.8718662288326904e-05,2.3277634124397748e-07,5.140518977054761e-06,1.0165425695582304e-05,0.0017460188763296321,2.346412869659635e-05,0.07203539067867425,7.56910483910027e-05,0.0001705482200860325
20,1.3002592108581837e-07,7.225334725203657e-06,1.3714386611514385e-05,0.0005455148703791076,0.0001018540376185834,0.40201510939483776,0.0006282289813993592,2.0019960940357817e-08,6.1325600611846305e-06,2.044519633929461e-05,0.01248983232947419,7.315139235895088e-08,1.2439898990836366e-06,0.0430166112285002,0.4701002148722005,8.95807302109623e-05,1.8046444530097146e-05,8.323433782812421e-08,5.440710638985815e-06,7.3527707121024366e-06,0.001664122957653496,2.833242069628541e-05,0.06905059970775614,6.985343174113614e-05,0.00012023721240283488
21,3.3338246896100286e-07,1.5013123796914919e-05,1.701346196553974e-05,0.0009162502181314549,0.00020615153496946994,0.5786587005859465,0.0006024222826521674,1.2392424466976185e-08,7.8240062411964e-06,3.906293369235252e-05,0.021125562165544558,2.8462407746421904e-07,2.205543953882531e-06,0.11411194012000694,0.18913038782629854,0.0001526197917180771,3.301097660211296e-05,5.118983841387335e-07,5.196964333304376e-06,1.1229299658893955e-05,0.0033159390788588938,1.9182116086572352e-05,0.09124054199255616,0.00010275310598237562,0.00028585057364916374
22,2.2523337817467282e-07,8.243625561336803e-06,1.7329977650908346e-05,0.0008887153068413458,9.888564787425126e-05,0.6010824510290481,0.00043087329294407765,1.2723780913722184e-08,5.7103539576620005e-06,3.320072579591137e-05,0.01849901567072587,1.7327628548042636e-07,1.6101769463339098e-06,0.08010848311701403,0.22126923332940954,0.0001409082470527302,4.045515978302672e-05,3.061706639840404e-07,3.774598243929251e-06,8.955296077904127e-06,0.0024236134497016195,2.1299005834928874e-05,0.07465929456433054,0.00011369698209580933,0.0001435330390014546
23,2.0777971079723933e-07,1.0307300080619068e-05,1.3277269787355223e-05,0.0006432326578064688,0.00012184876549443896,0.5984181800190788,0.000603952440084544,1.4012607436479247e-08,8.632377304139275e-06,2.502079031972748e-05,0.013297721083833935,1.322291435600412e-07,1.6600668432569901e-06,0.0668367073354292,0.23649129155145945,0.00012742471266293494,2.869330640242686e-05,2.1606059771478004e-07,4.526198916532955e-06,8.930876043646358e-06,0.0015226438340274111,1.87381125952569e-05,0.08154212423293981,8.448331526791498e-05,0.00019003367156264795
24,1.8698962542392037e-07,1.1267980121044228e-05,1.4485094780868156e-05,0.0010351263962662981,0.0002102371028918631,0.5815393793253676,0.0006094452625887321,1.2876192287193744e-08,8.253651808344693e-06,2.1926389293308117e-05,0.018452913898032344,2.0980746223131006e-07,2.5474165979695397e-06,0.10752466743441062,0.18899870122092527,0.00016025856297831564,2.9391382736091315e-05,3.238728415204254e-07,3.92322970532114e-06,9.40300267335424e-06,0.0017370873769058867,1.4282690287982131e-05,0.09933359220774302,8.657727394531055e-05,0.00019579955381890052
25,2.4727077350160896e-07,9.119037555435079e-06,1.689672539904893e-05,0.0011062358489699025,0.00016807716218735028,0.46805926940621856,0.000769485877700883,2.3773572985693992e-08,6.947312764481622e-06,2.6046137693730452e-05,0.02700819430057253,1.9346454970283215e-07,2.7956274278902804e-06,0.069370745001531,0.32445958220919113,0.0001974773170319871,2.8674362636616733e-05,2.826174179815298e-07,5.924499860056612e-06,1.0009846282353567e-05,0.0027272017077777577,2.15631560254483e-05,0.10576851956659318,0.00010095534931947708,0.00013553242094704328
26,3.2256460252299617e-07,8.939921044341685e-06,1.2274996067170042e-05,0.0008078568456082626,0.0001266213237780007,0.569338639756355,0.0004729091021378743,1.879086219937505e-08,2.221638313999844e-05,2.2259955565830234e-05,0.011821797169327195,7.343699737358805e-08,1.4807585780857614e-06,0.051825363020542456,0.22167415837332888,0.00013484873795887957,3.617630969863006e-05,1.881536314868508e-07,3.4122684110190474e-06,1.0774075494922787e-05,0.0007601840445871762,1.4655535604037934e-05,0.14251237128438995,0.00017563701443184615,0.00021682017785688544
27,1.8606035672513975e-07,9.190702338804524e-06,1.1176268556765501e-05,0.0005249062450869188,0.00011349082911212792,0.5022960851895751,0.0007990696978289782,1.6939876487468978e-08,1.4921921695680924e-05,3.189545369034705e-05,0.010575517617767559,7.747192934337529e-08,1.2851965937551665e-06,0.06097142736868228,0.33791910324999513,0.00011500479025599827,2.5668006653917637e-05,1.4462817524244398e-07,4.711299860526123e-06,1.0734350595773453e-05,0.0010629612868869338,2.894701072408511e-05,0.08512123722482273,0.00010488979284208177,0.0002573513960967467
28,2.0777971079723933e-07,1.0307300080619068e-05,1.3277269787355223e-05,0.0006432326578064688,0.00012184876549443896,0.5984181800190788,0.000603952440084544,1.4012607436479247e-08,8.632377304139275e-06,2.502079031972748e-05,0.013297721083833935,1.322291435600412e-07,1.6600668432569901e-06,0.0668367073354292,0.23649129155145945,0.00012742471266293494,2.869330640242686e-05,2.1606059771478004e-07,4.526198916532955e-06,8.930876043646358e-06,0.0015226438340274111,1.87381125952569e-05,0.08154212423293981,8.448331526791498e-05,0.00019003367156264795
29,2.0777971079723933e-07,1.0307300080619068e-05,1.3277269787355223e-05,0.0006432326578064688,0.00012184876549443896,0.5984181800190788,0.000603952440084544,1.4012607436479247e-08,8.632377304139275e-06,2.502079031972748e-05,0.013297721083833935,1.322291435600412e-07,1.6600668432569901e-06,0.0668367073354292,0.23649129155145945,0.00012742471266293494,2.869330640242686e-05,2.1606059771478004e-07,4.526198916532955e-06,8.930876043646358e-06,0.0015226438340274111,1.87381125952569e-05,0.08154212423293981,8.448331526791498e-05,0.00019003367156264795
30,2.0777971079723933e-07,1.0307300080619068e-05,1.3277269787355223e-05,0.0006432326578064688,0.00012184876549443896,0.5984181800190788,0.000603952440084544,1.4012607436479247e-08,8.632377304139275e-06,2.502079031972748e-05,0.013297721083833935,1.322291435600412e-07,1.6600668432569901e-06,0.0668367073354292,0.23649129155145945,0.00012742471266293494,2.869330640242686e-05,2.1606059771478004e-07,4.526198916532955e-06,8.930876043646358e-06,0.0015226438340274111,1.87381125952569e-05,0.08154212423293981,8.448331526791498e-05,0.00019003367156264795
31,3.8461306399629793e-07,1.2840874304040266e-05,2.1912847986783727e-05,0.0007340829141470216,0.00014818306055876569,0.5935754150471877,0.0007091699788853781,2.5619533463935947e-08,9.653477140343885e-06,2.9757930802042484e-05,0.0123450636296553,2.0282642897275877e-07,2.2762460958173672e-06,0.07157452341807495,0.21314664228217275,0.0001348088402830412,3.432811847413636e-05,4.3261010318519037e-07,6.786629637710939e-06,1.5679188229665223e-05,0.0021801672220652115,2.5721673004758242e-05,0.1048963258041981,0.00010119420177124193,0.00029442094619555267
32,2.0066363399561165e-07,1.0259606857856799e-05,1.3271023072475339e-05,0.0005759952282585183,0.0001199982516048347,0.5970225563446454,0.0006290003495174122,1.4901551890261213e-08,8.077523487416242e-06,2.3799873021920913e-05,0.012888308569099881,1.3252034523605546e-07,1.7194043481100091e-06,0.06215294523927663,0.24389939994856044,0.0001271946365898188,2.69919485871553e-05,1.97925643822094e-07,5.41701195758782e-06,9.21425798008756e-06,0.0015182629244364792,1.9593826739502894e-05,0.080687684821117,7.557360414072741e-05,0.000184189595525599
33,1.8142382042242182e-07,1.058592791828341e-05,1.2021357401230815e-05,0.0006426199133117262,9.114286395317936e-05,0.6542075029100116,0.0006318508063659623,1.4352738639823774e-08,8.281292566158746e-06,2.4327885528635495e-05,0.013228672935770746,1.7499237441602962e-07,2.198462950470804e-06,0.07366446809841147,0.18320116838250802,0.00013944692288068904,4.059807840581252e-05,2.522822136695964e-07,4.073913422527055e-06,8.3619113651846e-06,0.0013647960345052929,2.126896483305762e-05,0.0724579317045833,7.375590432586963e-05,0.00016430267783334968
34,5.998175916103091e-07,2.5624673593819263e-05,2.3249451387970252e-05,0.0004759027401639649,0.0002763939779893525,0.3950200836161263,0.0005666117904222308,1.851871419790826e-08,1.9840423166981914e-05,3.0115259783958304e-05,0.029794394767315206,1.283331665630621e-07,2.4855163744119207e-06,0.07702187516254584,0.3828662977419495,8.283397088897398e-05,2.199414230766518e-05,1.8155206904515897e-07,1.4807424388487101e-05,8.981972127669988e-06,0.0015273105485362674,3.603225801082158e-05,0.11166307742538559,0.00017395068673060372,0.00034720822926307673
35,3.2327477385483837e-06,4.8421789977714276e-05,2.3839720028264547e-05,0.0009903196647459448,0.00015372438721554158,0.6471267310073848,0.0016568869518291173,8.339154373662466e-08,5.3519861736171204e-05,0.00012168344544111632,0.016619941510504305,9.07369232684784e-07,5.078719659760578e-06,0.08495227057706836,0.1355693782312067,0.0004003378459998564,0.00016759140497817315,3.0139806945749163e-06,1.434228069084955e-05,2.0576348962728767e-05,0.003252409298841002,6.769791597113637e-05,0.10764244125588456,0.00019121297084081192,0.0009143573218234783
36,1.3276176946390178e-07,8.716262879518307e-06,7.960168339424518e-06,0.0005282116790431388,5.972559232225563e-05,0.6705178794132439,0.0007772636233860409,1.8410452311467143e-08,1.0810925579786746e-05,2.1298656184207643e-05,0.008248993094856808,1.5030277209634612e-07,1.912179169733425e-06,0.05726928814466407,0.18522445263753126,0.00015708894312662744,5.264433185338556e-05,1.9077943685268688e-07,3.6084107737939e-06,7.998351737241521e-06,0.0009534255689945056,2.5168401343365944e-05,0.07590032690931067,5.345420411585869e-05,0.00016928024711391647
37,4.0130090525974697e-07,9.562587712226983e-06,2.2097628276663115e-05,0.0011070679664721649,0.00015728180896674637,0.5119883237427878,0.0004924087782394995,1.2113482128709324e-08,8.493719879865052e-06,3.75579428702741e-05,0.024181764988507607,1.7985247801941019e-07,1.7697952387106309e-06,0.11673923621500873,0.24220969961779482,0.00013782660416248048,3.620056741638107e-05,5.423388054194769e-07,3.768541305194437e-06,1.2431597685097193e-05,0.0019442343331074802,2.1464503223373456e-05,0.1003768888392805,0.0002441938357456578,0.000266590780647981
38,1.4139797784767609e-07,7.4198452159555e-06,1.0408446151858794e-05,0.0005089759776810667,8.178998647243838e-05,0.6666810196361972,0.0005351224697009877,1.2423776792241222e-08,5.157326329700287e-06,1.835014116522684e-05,0.010369889458961038,1.0840187832296548e-07,1.4978481521289596e-06,0.04468239316729849,0.20804367984441477,0.00013662520394311085,2.392325258534127e-05,1.4656218931515204e-07,4.3744698073505374e-06,7.377624213289268e-06,0.0013309235560917388,1.297929892667616e-05,0.06737166292338215,5.446234956423551e-05,0.00011155838792305944
39,1.6839227590479444e-07,7.453279966582062e-06,1.1009609084738975e-05,0.0006134965969132065,8.893159838723835e-05,0.6208950271967163,0.0006464221674753311,1.774306204907894e-08,6.670971868862745e-06,2.220122240852936e-05,0.008884823916261513,1.2338648827544788e-07,1.456172408002141e-06,0.050312599982491824,0.2244173611773181,0.00013900104251637153,2.9779688437294186e-05,1.944007031085302e-07,4.5170872060330714e-06,1.005952213289683e-05,0.0017044446760923503,1.840854883682e-05,0.09194345288777786,5.93641753485308e-05,0.00018301455782239256
40,1.269112053370046e-07,1.557088578621471e-05,2.1534462380275633e-05,0.0003317607405746755,0.0001704684229459054,0.60177621022266,0.0004582587300845838,6.17972862033401e-09,3.8065124077232786e-06,1.5445393299120606e-05,0.012394872055014198,1.6224004711270227e-07,1.3641324204072135e-06,0.08266694897838203,0.2635409751748663,5.0613969821379506e-05,1.5087026911448259e-05,1.5306198740844133e-07,5.410333729856283e-06,6.72617751632373e-06,0.0014638037176814504,2.041113609538364e-05,0.03680818990701882,5.186671405894955e-05,0.0001802269133767277
41,1.8289791204047062e-07,1.136333274235559e-05,1.2713366215974987e-05,0.0006559253223500547,0.0001339128857622426,0.6336797034325047,0.000551337616041156,1.2755788399356343e-08,1.0412142834298804e-05,2.3505564739659116e-05,0.012104773275131406,1.1028429316332495e-07,1.6071676844352306e-06,0.06067599291285477,0.21939341593595585,0.00012701586190092567,2.6718064657028216e-05,1.6905336866505312e-07,3.7795836936749894e-06,7.419463397686496e-06,0.001212465578008575,1.4767658930044859e-05,0.07110929449217346,8.14934648927669e-05,0.00016190788616674963
42,1.3998644342436315e-07,9.254267682329852e-06,2.0540350276407993e-05,0.00042654193753071664,7.253689972992645e-05,0.5038199221115216,0.0006795726587939435,3.655207299939508e-08,5.752635660322223e-06,2.8604830155009597e-05,0.010178217116013447,1.243978876324272e-07,1.7599455502758777e-06,0.033266004998234955,0.40276410426022574,0.00010595900340617783,2.8014666154998435e-05,7.651722480885017e-08,1.2985117017110405e-05,8.76255429989777e-06,0.00262398724036771,5.968188981709211e-05,0.045749385909653724,5.291448251594991e-05,8.511967176383981e-05
43,2.1089535054695155e-07,5.721923557336373e-06,1.3216483039619893e-05,0.0006212197993916608,8.775551915978666e-05,0.6107522159703983,0.000681924740483584,2.3203882606132654e-08,1.4593504788758772e-05,7.5750049697025e-05,0.007437157088457749,4.312361837596111e-08,9.541799882811946e-07,0.04440162662461418,0.26245960889429204,0.00016256125844575167,2.2332239360297817e-05,1.2878025003893432e-07,5.805432656872631e-06,1.6737797210389004e-05,0.001557890617214063,2.6875245429212526e-05,0.07136220960264066,0.000125212058725645,0.00016822496734724467
44,2.0777971079723933e-07,1.0307300080619068e-05,1.3277269787355223e-05,0.0006432326578064688,0.00012184876549443896,0.5984181800190788,0.000603952440084544,1.4012607436479247e-08,8.632377304139275e-06,2.502079031972748e-05,0.013297721083833935,1.322291435600412e-07,1.6600668432569901e-06,0.0668367073354292,0.23649129155145945,0.00012742471266293494,2.869330640242686e-05,2.1606059771478004e-07,4.526198916532955e-06,8.930876043646358e-06,0.0015226438340274111,1.87381125952569e-05,0.08154212423293981,8.448331526791498e-05,0.00019003367156264795
45,6.645861542359225e-08,3.3457303091968764e-06,9.145987015626478e-06,0.000447009097226245,5.254250715253489e-05,0.5428164773914459,0.0005993696659954469,1.77486206239896e-08,4.741151989276867e-06,1.5386809433209242e-05,0.0059062308962579664,3.21780609787191e-08,8.270576300513219e-07,0.019723443097962104,0.38723819134925774,0.00013304725447508569,1.2768947258806693e-05,4.285797144921999e-08,3.4821596033753406e-06,6.177374313105411e-06,0.0007068217382716609,1.2289461929020392e-05,0.04220793099308057,5.210274841504074e-05,4.850933770952951e-05
46,1.7446301757533525e-07,6.0929651322778735e-06,1.0081825948429726e-05,0.0007134829199264174,3.3421745075397664e-05,0.7557573613929616,0.0003017080541057703,1.696698485403787e-08,4.571521406965526e-06,1.5589609071134337e-05,0.010195105482647439,1.644585252662914e-07,1.821146938083354e-06,0.03566777439879724,0.12816341286076685,0.0001565413574013891,7.137362056461731e-05,1.9996424520400788e-07,2.6854959842538886e-06,5.754492865179315e-06,0.0012810070913243903,1.3639364952313776e-05,0.06746778266748785,6.763019555871072e-05,6.260593831086068e-05
47,6.243968956210805e-07,3.204380403497601e-05,1.6198461393302525e-05,0.0002975723073598201,8.409369701437723e-05,0.6305236893884557,0.001405149182982133,3.4512540024200266e-08,1.4638279655541572e-05,4.8612917222855225e-05,0.009885156132357242,4.5273191388669e-07,2.6731232798882167e-06,0.05786357341057322,0.23841376148969914,0.00012417491069033893,6.47215761322979e-05,5.106000042103531e-07,1.604216549488206e-05,1.3625107119224609e-05,0.002558943081502567,8.366371113199535e-05,0.05793526011211225,6.683714613139543e-05,0.0005479477543030293
48,6.260609038956696e-08,7.079731783954108e-06,4.7966839016020745e-06,0.00021184519469738278,1.952196724280945e-05,0.8561129182406181,0.00031015737546758707,1.2965961753852366e-08,3.4781439904473303e-06,6.22544874760533e-06,0.0040392038167328895,8.691287618031115e-08,1.6596257190076207e-06,0.013489859417514412,0.09443735731354223,9.535429309972236e-05,3.6285064342429255e-05,4.294993115623654e-08,3.4580766306996472e-06,2.726426945628079e-06,0.00047783410947367644,8.056395062492677e-06,0.030689332095957624,1.4345620743261913e-05,2.8299522927107182e-05
49,1.4388426015187109e-07,1.0554163831334644e-05,1.637876780069968e-05,0.0004606605032148256,8.75005811586329e-05,0.6860422061548783,0.0005230035119123366,1.1647974699008182e-08,4.561036093304133e-06,1.9798003060118984e-05,0.010287280207511663,1.8479579719724122e-07,1.710870631219347e-06,0.06161534253456657,0.1918830797546917,8.713398680112853e-05,2.8822215677646254e-05,2.0565601416704273e-07,4.701560538415145e-06,8.730437347157492e-06,0.0016817340467872375,2.2064357392057085e-05,0.047024014466279386,5.405636795053092e-05,0.00013612048782971333
50,3.710274828836877e-07,1.1368406322098098e-05,1.145701674605264e-05,0.0004118738798855264,0.00015165039941658905,0.3444951015081795,0.002704210510756801,3.096861901461907e-08,2.4995930344257074e-05,0.00011818690895659795,0.008406862966480274,8.297680131474849e-08,1.2039579856104308e-06,0.0910895179047557,0.457195451891133,0.00014949363824066624,1.9223369798695147e-05,3.5300106095749883e-07,1.097578465349015e-05,2.555304628029655e-05,0.0018093257119919583,8.671936427285932e-05,0.0920557348250712,0.00011780286372669163,0.0011024521410381181
51,1.9348812201746834e-07,3.2105430276491464e-05,2.887900170037423e-05,0.0016709846586892144,0.0002262314264762826,0.6106209629975721,0.00038250273684732367,1.3959554277679973e-08,1.8642282419119417e-05,3.0172416330002904e-05,0.02822586103514999,1.693433594112215e-07,3.0574504916126738e-06,0.0890083728779476,0.23817994530415504,9.552251923531139e-05,4.4124849222944766e-05,1.3265611104845534e-07,1.9353951237760625e-06,2.781071774720586e-06,0.0015728833284760749,2.000193141585857e-05,0.029615648512868124,0.00015522671150457946,6.364861517660734e-05
52,2.3445188884947696e-07,6.0053252155218e-06,1.4902846948546615e-05,0.0009348082516121918,0.00010354499895714755,0.6126353574878154,0.0005062630906605033,1.2122895554349355e-08,8.039274017444669e-06,3.651391132496007e-05,0.016821458828014554,1.0143807595591041e-07,1.5287765423066635e-06,0.0732694683878454,0.21254820683277476,0.00018124568274885077,2.9624261448082774e-05,3.046021256050284e-07,3.2172398792144135e-06,1.1163880727014616e-05,0.0013552469549574075,1.492340863716273e-05,0.08120717477027033,0.0001637048598483981,0.00014694831476868403
53,2.325522208838697e-07,1.2199973427771818e-05,1.628501248837069e-05,0.0006371806044918727,0.00012617557099072437,0.6297345012049765,0.00047215242817736253,1.2359380187609784e-08,7.4615996255067075e-06,2.4890591728107042e-05,0.01510473726971332,1.6092857143335847e-07,1.7694887746465003e-06,0.07070006079309953,0.2091863717943594,0.00011327441697451115,3.1150015622327316e-05,2.3194370900952248e-07,4.832506446686462e-06,8.047922936587726e-06,0.0017794996039332434,1.882431908043796e-05,0.07176088429754014,8.760367092838065e-05,0.00017145913080323567
54,3.5207717863931976e-07,3.404434153234678e-05,8.597494918381408e-06,0.000359663458413533,0.0001468811537775665,0.6568244138816602,0.0013592743062661498,1.4388923856103048e-08,1.678651721386337e-05,3.5720398824877444e-05,0.009128503234248757,3.0668046712447053e-07,2.1076324250467225e-06,0.08406453592770134,0.1824989297458738,0.00015643819974003303,4.098981778397573e-05,4.1238270461733985e-07,6.989248333179376e-06,7.454717327094452e-06,0.0014766707013074368,2.5905249224742108e-05,0.06316057814568156,4.702447349585911e-05,0.0005974058249759368
55,5.104999235584821e-07,4.1000588021066776e-05,1.3342571686599617e-05,0.0007130275742325737,0.00027991588081865244,0.5847724692335062,0.0011850402429880431,1.5870123511835532e-08,1.9420841358895237e-05,2.6160184793464846e-05,0.018255487882005376,6.886713435341576e-07,3.3795611847837685e-06,0.11583572007181617,0.18410203285972282,0.00016120869601577733,5.260550741419966e-05,8.552011473443181e-07,5.839151148829317e-06,9.001037472319172e-06,0.002151033962150788,2.2447041335873415e-05,0.0916225558141056,7.491621704991671e-05,0.0006513248386340526
56,2.1001410222380584e-07,1.169733766147727e-05,1.3973088405787732e-05,0.0006450925197537403,0.0001291513549828113,0.6048904657069004,0.0006142023255023539,1.4402521626278074e-08,8.761040137623242e-06,2.377780253774864e-05,0.014413614288669118,1.50931701673483e-07,1.9671656490389248e-06,0.0688359928949288,0.23021244761279766,0.0001274595137495165,2.975837788278536e-05,2.2509076370922537e-07,4.7472739806579865e-06,8.714724242990573e-06,0.0014810219367780418,1.8825610294002096e-05,0.07826187110722133,8.163415192592099e-05,0.0001842237269090277
57,1.8702748179495995e-07,1.3060446386543579e-05,1.854266624716559e-05,0.00041484679469350335,0.00011839506643985303,0.6044383253892,0.0006765859779811479,2.0634557221225673e-08,4.99406181884655e-06,2.0115121485244566e-05,0.012306931727305032,2.730350564808428e-07,2.2077242578661313e-06,0.05523587025484738,0.2572611520622078,0.00010446795112050717,2.939402737044056e-05,1.9199785046804035e-07,1.2287111428922509e-05,1.0593377269737676e-05,0.0028559405715250317,3.560761670316948e-05,0.06622729487280443,4.32048894097156e-05,0.00016950959455168613
58,2.1874017855927645e-07,9.728534927884227e-06,1.5012756070908436e-05,0.0006739383282610348,0.00011969127732642978,0.5721166407546346,0.0005587718963355545,1.4175720368135407e-08,8.927101681963003e-06,2.6589032117116325e-05,0.01449457521778325,1.1767298174168581e-07,1.6062378928685323e-06,0.06542070831523503,0.26673460249644,0.00012489406770323103,2.8225568860293484e-05,2.030462419792972e-07,4.464167402683265e-06,9.057548991923117e-06,0.0014081352193545595,1.9868511610407552e-05,0.07793692764027044,0.00010978058992613006,0.00017730110205087997
59,2.2146704972860064e-07,9.051528176932553e-06,1.5984728883503787e-05,0.0007231694254046716,0.00012225135968758625,0.5616057730079143,0.000537490761563686,1.4307413036681986e-08,9.103214103709595e-06,2.9197521139949545e-05,0.014624627000540524,1.1012601066436025e-07,1.4974772566545798e-06,0.06700758030491932,0.27510748903629706,0.0001280463039275609,2.8191732443849236e-05,2.0564407519059302e-07,4.328787930358814e-06,9.587292741864029e-06,0.0014417604626585886,2.023790287173911e-05,0.0782741706742949,0.00012410218703409027,0.00017580774566061788
60,2.0777971079723933e-07,1.0307300080619068e-05,1.3277269787355223e-05,0.0006432326578064688,0.00012184876549443896,0.5984181800190788,0.000603952440084544,1.4012607436479247e-08,8.632377304139275e-06,2.502079031972748e-05,0.013297721083833935,1.322291435600412e-07,1.6600668432569901e-06,0.0668367073354292,0.23649129155145945,0.00012742471266293494,2.869330640242686e-05,2.1606059771478004e-07,4.526198916532955e-06,8.930876043646358e-06,0.0015226438340274111,1.87381125952569e-05,0.08154212423293981,8.448331526791498e-05,0.00019003367156264795
61,2.1617043888517025e-07,8.848922547164449e-06,1.6390680546644135e-05,0.0007268880323718426,0.00011851608005272748,0.5802277629335205,0.0005123771861063282,1.4454208292258311e-08,8.171201602027693e-06,2.7299197483266e-05,0.014189856335919078,1.1215320174680227e-07,1.5165260117993764e-06,0.06481135274910034,0.2604559085076311,0.00012463143180174588,2.7941002548889206e-05,2.0586226098089593e-07,4.271987564960906e-06,9.400919995060868e-06,0.00150265279323576,1.923639719703314e-05,0.07693083595031756,0.00011369203404147397,0.00016190049029473385
62,2.0777971079723933e-07,1.0307300080619068e-05,1.3277269787355223e-05,0.0006432326578064688,0.00012184876549443896,0.5984181800190788,0.000603952440084544,1.4012607436479247e-08,8.632377304139275e-06,2.502079031972748e-05,0.013297721083833935,1.322291435600412e-07,1.6600668432569901e-06,0.0668367073354292,0.23649129155145945,0.00012742471266293494,2.869330640242686e-05,2.1606059771478004e-07,4.526198916532955e-06,8.930876043646358e-06,0.0015226438340274111,1.87381125952569e-05,0.08154212423293981,8.448331526791498e-05,0.00019003367156264795
63,2.146128034154543e-07,1.1563415083582397e-05,1.3418776553798014e-05,0.000621129912457841,0.00012584262345989111,0.6001498022181474,0.0006140061604281457,1.3996698197872251e-08,9.090256448010767e-06,2.4898357583294786e-05,0.013428354184951979,1.3790091919122167e-07,1.7127616181447427e-06,0.06679530337558276,0.23831495404120345,0.0001235325924220134,2.9117846885352908e-05,2.137610318626072e-07,4.623931917546964e-06,8.488151182630504e-06,0.0015020037382396103,1.9179280004007323e-05,0.07792469583699291,8.266101052659794e-05,0.00019504125685837308
64,2.1752036268874652e-07,1.073027110168294e-05,1.6042348592346225e-05,0.0007123270173211856,0.00014156056150242777,0.5804524362167152,0.0005854949690672003,1.631602584412693e-08,7.632175922706293e-06,2.666884350224036e-05,0.013668389761388212,1.3840082824135988e-07,1.6411978696717779e-06,0.061326229502392686,0.26053296042826,0.0001238495965900172,2.5983735508859067e-05,2.029650101901177e-07,5.2542028403040295e-06,9.412958448180873e-06,0.0021182037027956983,1.9540093435791428e-05,0.07996009411505822,8.124028441576208e-05,0.0001737328150446509
65,4.216333079663872e-07,1.574819369470305e-05,1.2612069760324306e-05,0.0007572982084270508,0.0001687951347145915,0.5717075818358112,0.0009008561538546848,1.6882310139818373e-08,1.609880787080673e-05,3.866536149605487e-05,0.01653330776612489,2.5968697074906833e-07,2.3304376017323236e-06,0.10769381193275807,0.1847796868611097,0.00017698925848281153,4.446645968458865e-05,5.990369718222906e-07,5.564432629197055e-06,1.2725941142351109e-05,0.001820503157229211,2.5242489127339776e-05,0.11472248737483455,0.00011186862141877459,0.0004520622626668151
66,2.5730210878621723e-07,1.0692579673470991e-05,3.4486222898539166e-05,0.0019907344426919964,0.00033210359626190204,0.5123887064573612,0.0004262355916899828,8.430614314051874e-09,5.626881593817371e-06,7.510064217679459e-05,0.04045259730137046,2.4312983788854717e-07,2.0228427629919995e-06,0.16866408982346576,0.21565426075133864,0.00021166843382855889,2.6472043104676353e-05,5.34714686421457e-07,3.352756777196887e-06,9.093267252965624e-06,0.0053626636023538,1.9212064579449856e-05,0.053962925507808374,0.00021671080419865887,0.0001502008095632008
67,1.8201941705970528e-07,8.881133258128321e-06,1.2144629194035978e-05,0.0005983293231370809,0.00010312123274045511,0.6176895440794251,0.0005559127455439194,1.2261476383787144e-08,7.235938576985024e-06,2.3242735345688108e-05,0.01228346730827448,1.2683000850648254e-07,1.5625835054638107e-06,0.06791364194367945,0.21633806747367415,0.00011912244385532618,2.8753678339992376e-05,2.1391008245673792e-07,4.058559013313331e-06,9.296476708189725e-06,0.0014452466524669462,1.7638245511391862e-05,0.0825774898542339,7.961718874595054e-05,0.00018309075378557008
68,1.4696713448468504e-07,6.714324390477492e-06,9.681266443863137e-06,0.0008609240120537796,7.72159590052716e-05,0.6635287339472403,0.0006457122375125438,1.4313570198452635e-08,5.065388006563183e-06,1.6391107220519307e-05,0.012125653351487891,2.8169954049540566e-07,3.0464849262301534e-06,0.09623520218836623,0.10561856705638557,0.0001483044173184504,4.255577104428914e-05,5.604802116446738e-07,2.644256680906649e-06,1.2997732680621021e-05,0.0017297374524327968,1.3111130425410638e-05,0.11869035000614905,4.843634031819342e-05,0.00017795210945415477
69,1.6117217524755762e-07,7.885094080042049e-06,1.2553342561654544e-05,0.0004664689515434699,7.801430804023454e-05,0.651257344976538,0.0004819648334020651,1.1998592390657607e-08,4.563361528835286e-06,1.9442936813903644e-05,0.012182655044335453,1.4195768181628585e-07,1.7105479788224e-06,0.0598976249958383,0.19569096712641712,9.79546684530866e-05,2.7399705163449585e-05,1.8937807124643167e-07,5.315080153685078e-06,1.0272016359641182e-05,0.00169991299578941,1.8852204949245073e-05,0.07783775949355329,6.217557943737214e-05,0.00013865823054221517
70,1.8372618325274316e-07,9.00241387808966e-06,1.235674778992392e-05,0.0006840683275764769,0.00011469418368127686,0.6219253241905549,0.0005813609865408016,1.358853922245939e-08,8.664991389462283e-06,2.4347230734874877e-05,0.01216500870816363,1.223496550348476e-07,1.624310932541399e-06,0.06608534782839726,0.21409123910735067,0.00013618646405077142,2.9168668213974017e-05,2.1177831689768717e-07,3.88734595772877e-06,9.136704177514624e-06,0.0013744358249804494,1.6447823751960328e-05,0.08247036184549013,8.331307824220486e-05,0.00017349177545091698
71,6.112966170946687e-07,1.9227427269225342e-05,9.00641984424502e-06,0.001189279592097742,0.00035943644735128994,0.41323108122230606,0.0013448169294445773,2.472226545032974e-08,3.6593716463500446e-05,5.486642566565023e-05,0.023058024964820407,2.8813072390533693e-07,2.848782432780224e-06,0.11775868569129129,0.23411415416317757,0.00035352712221145435,4.38904513778586e-05,7.498524758491029e-07,5.655005585547165e-06,1.4934819903710402e-05,0.002265584115158973,2.1834097527386962e-05,0.20518673875974688,0.0001593791862455866,0.0007687606579957805
