,0,1,2,3,4,5,6,7,8,9,10,11,12,13,14,15,16,17,18,19,20,21,22,23,24
0,1.1588395845526022e-05,1.020403883487156e-09,5.598415967439801e-07,4.237940257929099e-05,0.0003532419887137216,2.0618444284257894e-05,0.0008087251059406835,7.208696339928748e-06,0.03610788310465805,0.0013829283020418196,0.049752030543208925,0.0004615908840619333,2.267361528262564e-09,0.0002841139600076139,0.002183725092531457,2.484943795563921e-06,6.99193586986863e-06,6.987817901910978e-05,9.009236316263311e-10,3.0579278053820453e-05,0.00040803297332646734,1.8029092300418391e-07,0.9066440615625765,1.0812957562388542e-07,0.0014210847563610003
1,1.4936244206472637e-05,9.888691555725678e-10,8.833235399228349e-07,5.071927586382896e-05,0.0004458893247998299,2.5252966194788373e-05,0.0007683427042203407,9.568648329412961e-06,0.07031294596080412,0.001998068700888608,0.05232315407508478,0.0003630937365032194,2.79706999399427e-09,0.00016826630376663644,0.001927411715152457,3.4215035617300355e-06,6.782686821621429e-06,4.982666653213106e-05,1.3174136818777775e-09,2.9847351148648764e-05,0.00041086695610436465,1.7342238035871602e-07,0.8699561370587037,8.859389446345895e-08,0.0011343176781457849
2,1.0986916673079031e-05,1.0405723979168862e-09,6.499096422594556e-07,3.464456355327928e-05,0.0004353825244777511,1.2335004788881702e-05,0.0004666646630249525,8.932588914023848e-06,0.04933538696903889,0.001670161881624793,0.07841505900392062,0.0003801353521320668,2.158999567415817e-09,0.0002714177977742322,0.0031838453478866833,1.450745262520077e-06,4.638424097664747e-06,5.224372062955345e-05,6.813857953322075e-10,4.057143062911619e-05,0.0003324287857438291,1.1481942076731069e-07,0.8638795461792721,6.503759791748434e-08,0.0014633344529370162
3,1.1789954717533166e-05,9.081872702099023e-10,5.465012615931723e-07,4.454824686413933e-05,0.0003337300939227716,2.0617949728334004e-05,0.0007960121352110485,7.595386389664719e-06,0.03832414090996374,0.0014198946149091454,0.047299133885243046,0.00042295900830861545,2.3998594706479363e-09,0.00024767959669363097,0.0019802389938490005,2.6162940140403627e-06,6.824865046620793e-06,6.88694927914928e-05,8.784973798394316e-10,3.0738122603387806e-05,0.00039410732890148107,1.6672031962406179e-07,0.9073262535105419,1.043430430264151e-07,0.00126142785913198
4,1.3395188762520295e-05,9.345658093309165e-10,5.772679291159635e-07,4.707631907392129e-05,0.00034560223373178493,2.12869575910936e-05,0.0008476104164880869,8.20361262190105e-06,0.03680421390156513,0.0014968642020081965,0.04767219373187149,0.00042176731240273625,3.015840540164351e-09,0.00027061040063530587,0.001937970789605773,2.8899923329690984e-06,7.330155259016716e-06,7.59579439827285e-05,1.010643606961248e-09,3.379202368427882e-05,0.0003876857862995053,1.641920753510344e-07,0.9083634554110002,1.2048932840858883e-07,0.0012412267107003942
5,1.1431223274358523e-05,1.047797134465297e-09,4.387833407335772e-07,5.3852554479092813e-05,0.0002838486260012145,2.2065802334242142e-05,0.0006693963132900549,7.464962681874852e-06,0.0333705363254038,0.0011778800428997142,0.047126042387208925,0.0003710438083685145,2.4718845919403357e-09,0.00024180459572767802,0.0020033718493342157,2.84136749268015e-06,6.484354530734338e-06,9.591736986203513e-05,9.34718454396546e-10,3.163014728439327e-05,0.0003843538247874074,1.7060357788734148e-07,0.9130497538423131,9.84768147055459e-08,0.0010895682845926578
6,1.1789954717533166e-05,9.081872702099023e-10,5.465012615931723e-07,4.454824686413933e-05,0.0003337300939227716,2.0617949728334004e-05,0.0007960121352110485,7.595386389664719e-06,0.03832414090996374,0.0014198946149091454,0.047299133885243046,0.00042295900830861545,2.3998594706479363e-09,0.00024767959669363097,0.0019802389938490005,2.6162940140403627e-06,6.824865046620793e-06,6.88694927914928e-05,8.784973798394316e-10,3.0738122603387806e-05,0.00039410732890148107,1.6672031962406179e-07,0.9073262535105419,1.043430430264151e-07,0.00126142785913198
7,6.100283415418471e-05,1.286969583980437e-09,1.980667532878852e-06,9.18536882811969e-05,0.0008083583357574337,1.7435142402843157e-05,0.002105019590833936,2.5063351079208884e-05,0.07751112707049526,0.0054678068708249195,0.12945971244036858,0.0005808052995850823,9.971391109494195e-09,0.0004440002073084584,0.002419892494666481,3.6979475850511844e-06,1.4701832932493628e-05,5.324637544519811e-05,2.3086756076787976e-09,6.26207133621113e-05,0.0002762413392490823,2.737481470246075e-07,0.7780512187012265,2.103408952643888e-07,0.0025437174408305964
8,1.3015576660045356e-05,5.874531191655509e-10,9.3821552718696e-07,2.6621475604195687e-05,0.0002374025797608661,7.921827838652815e-06,0.0006625591445593461,5.334859304645686e-06,0.02434481806097079,0.0019123295866824278,0.03396144018076955,0.00036876752895236925,2.2374258498074205e-09,0.00026970700964630535,0.0012970814992861596,1.2148300112401892e-06,6.808196271635563e-06,1.859845206986433e-05,5.083851132246325e-10,2.6214944217165006e-05,0.0003404722171844344,1.0290462765832166e-07,0.9348178599525243,1.551847324751841e-07,0.0016806324395347134
9,1.0498041193136672e-05,6.206000685519275e-10,5.175466586326565e-07,2.5305571838257687e-05,0.00018929372862998986,7.20415496591635e-06,0.0004200351003688959,5.0383067985940115e-06,0.024543242389989527,0.0015947625498703348,0.03857197751910521,0.0002826811459366213,1.5176251883751356e-09,0.00023337717335902207,0.0017032789669116676,8.635536201456647e-07,4.637699058073266e-06,2.3422740145777404e-05,4.0979940245424486e-10,2.2076252631510384e-05,0.0002635833752371914,8.682074834158374e-08,0.930611600514459,1.0024986928186057e-07,0.0014864140505804042
10,1.1789954717533166e-05,9.081872702099023e-10,5.465012615931723e-07,4.454824686413933e-05,0.0003337300939227716,2.0617949728334004e-05,0.0007960121352110485,7.595386389664719e-06,0.03832414090996374,0.0014198946149091454,0.047299133885243046,0.00042295900830861545,2.3998594706479363e-09,0.00024767959669363097,0.0019802389938490005,2.6162940140403627e-06,6.824865046620793e-06,6.88694927914928e-05,8.784973798394316e-10,3.0738122603387806e-05,0.00039410732890148107,1.6672031962406179e-07,0.9073262535105419,1.043430430264151e-07,0.00126142785913198
11,1.3424051138555688e-05,9.011113558753643e-10,5.885762654340321e-07,4.6104771460173505e-05,0.00033161376232098235,2.132512424881453e-05,0.0008868153167459825,9.009354927811984e-06,0.039979664740159106,0.001582369329271967,0.047519185551569226,0.0004400580753784804,3.056569994489503e-09,0.0002488486062341903,0.0019540687851837234,2.898211953778353e-06,7.5986291215910186e-06,7.247245676456933e-05,9.880842844735468e-10,3.30179570301322e-05,0.00038652460227122477,1.7354725398881912e-07,0.9052218608653785,1.2105724555127846e-07,0.001242251682310861
12,7.658646992930673e-07,1.1040227180482594e-10,4.174046742083799e-08,3.6763489922046687e-06,0.00037118487179134115,5.650909566387917e-06,0.00022276062417430964,7.020202861299108e-08,0.0036070485023276034,7.954012411793727e-05,0.004694570476514839,5.688668241004869e-05,1.7003302153285472e-10,0.0003322514477709075,0.00018418417698920134,2.9970598901286795e-07,1.0722374103226681e-06,3.8820873568498305e-05,6.280897612253301e-11,1.2680164307465886e-05,0.00017311860968502286,6.214267663503257e-09,0.9895357133370154,3.2822876079534087e-08,0.000679623719786145
13,5.7729753188948845e-06,3.5358133596568202e-09,1.4635612589127636e-07,2.9608462618161574e-05,0.0004742194070307733,0.0009498925430314982,0.0032192115002411116,2.7144118847508334e-06,0.0982894620759151,0.0010373240114061747,0.0007297610004046275,7.190200738990453e-05,1.3549386081735346e-09,1.6034451347870495e-05,0.00023577515562645497,5.763824960518079e-06,1.9898925713044538e-05,8.003443864526304e-05,9.857411310269412e-09,4.373225350156829e-06,0.0003688873746729524,8.77369392621418e-07,0.8926524383268454,7.796022465014123e-07,0.0018051078056691607
14,1.1092624548102723e-05,1.5983823962443512e-09,6.265371372693193e-07,6.0372131188956356e-05,0.0004870636347453996,2.6782884820171944e-05,0.0005954197907496282,7.10454678319104e-06,0.040903215979217644,0.0013950221540517194,0.07246371451339029,0.00036874683396942215,2.8030087143724114e-09,0.0002715540686388317,0.002610119815980408,3.121899692457321e-06,5.811959425957147e-06,0.00010596571975604179,1.3220002845503931e-09,4.149580614368766e-05,0.000400455663737498,1.8217006918341051e-07,0.8790685885992979,7.991615680466618e-08,0.0011734570271077045
15,1.1789954717533166e-05,9.081872702099023e-10,5.465012615931723e-07,4.454824686413933e-05,0.0003337300939227716,2.0617949728334004e-05,0.0007960121352110485,7.595386389664719e-06,0.03832414090996374,0.0014198946149091454,0.047299133885243046,0.00042295900830861545,2.3998594706479363e-09,0.00024767959669363097,0.0019802389938490005,2.6162940140403627e-06,6.824865046620793e-06,6.88694927914928e-05,8.784973798394316e-10,3.0738122603387806e-05,0.00039410732890148107,1.6672031962406179e-07,0.9073262535105419,1.043430430264151e-07,0.00126142785913198
16,8.817830052949606e-06,5.118202076975099e-10,6.190962422018816e-07,5.2262706892209456e-05,0.0002479638100557174,2.038389116115684e-05,0.0008338012404771008,6.968304983319555e-06,0.015806550643819996,0.0009568493649379515,0.05533635268794616,0.0007593167762127159,3.3301212714605604e-09,0.00041791209274105924,0.002156701132008843,5.6476394456049575e-06,6.264195136991468e-06,0.0001506425235901829,6.771500840402435e-10,4.756646852126465e-05,0.0008188939183012639,1.3165872098896657e-07,0.9218060828234274,1.1031277776746381e-07,0.0005601563634554702
17,2.1483769956928467e-05,7.097567297957433e-10,7.662484807114703e-07,5.763270381262565e-05,0.00045644502513639046,1.0911580331141318e-05,0.0017786178846895045,9.28349212044703e-06,0.03618275165978409,0.0013380328890563072,0.0692023008090499,0.0009265452786142592,3.1236763823990237e-09,0.0005858234587625718,0.0016433039967678616,2.6137573576830144e-06,1.0590012459041848e-05,5.131959480058725e-05,5.079673716996282e-10,3.82581202397331e-05,0.0004043675922757692,2.0718877339588865e-07,0.8850117450129177,1.2856690202732833e-07,0.0022668670163109705
18,1.7918647993031158e-05,1.0254943082819224e-09,3.075427072593074e-07,2.7862077688396167e-05,0.00034926076935175055,1.1449816225351317e-05,0.0009977192279885423,3.9013501521535e-06,0.03214790883758796,0.0010961877545568807,0.037851192310476164,0.00025591474592713624,1.457685481676407e-09,0.00031357076676918444,0.0012467365051498276,1.0274665454346852e-06,1.4888679291968726e-05,5.427264244578563e-05,8.624232869274698e-10,2.0032509761348402e-05,0.00022335937751222392,2.121896025434072e-07,0.9219773533484995,1.3143537946238458e-07,0.0033887886527849656
19,1.6948252341349704e-05,7.865759261153252e-10,1.1022936776209203e-06,6.230124631124196e-05,0.0004688360833778356,3.2771025128027434e-05,0.0020411866686924933,1.6747951057601936e-05,0.06539693208238719,0.003824357970334338,0.05033965811857995,0.000874697182572537,5.167884914624351e-09,0.00022610438357564767,0.0017697658984143641,3.941786991606725e-06,1.139441571756788e-05,4.927685528450632e-05,1.0405852120970112e-09,4.636869702950552e-05,0.00044379237629656507,3.069139769370024e-07,0.8726089048053995,1.9420129609473838e-07,0.0017644037965114155
20,7.857706495877313e-06,2.124151407404333e-09,5.860300997953313e-07,5.6837165321613724e-05,0.0002027919248659755,2.6549950390027737e-05,0.000492410503313493,1.481844122179917e-05,0.03845602965934078,0.0012343638283375134,0.06754072822059398,0.0008433508257240579,2.23463898357141e-09,0.00024133017207831524,0.005521655213479456,3.285445784264434e-06,5.7059344425892665e-06,0.00011149074874958984,9.206459019995641e-10,3.1974594169400864e-05,0.0006743259119913757,3.556712783530103e-07,0.883441984741827,8.769897562774039e-08,0.0010914743320826726
21,1.416712261415208e-05,7.833092100676019e-10,6.335394107786212e-07,7.822500108621982e-05,0.00030551175492282446,1.5120555721754032e-05,0.0005907303776311249,7.518570481499048e-06,0.02931699458715666,0.0011585859546604843,0.09448587546634002,0.000630843455835645,2.6516902956128434e-09,0.00043528294613566845,0.0024760533446669957,3.885724742967492e-06,4.8022896182394376e-06,9.569732376595822e-05,6.876045265751138e-10,4.2733691131760856e-05,0.000460332912726145,1.3771846154081338e-07,0.8689884772330808,6.290772960856246e-08,0.0008883233994752163
22,1.0559229979841903e-05,5.079456290250567e-10,5.907888158378521e-07,5.241426331014399e-05,0.0002649305198272388,1.2438866066303592e-05,0.0006136328594144497,5.9526395070636975e-06,0.02466007150682532,0.0014657154334468802,0.0809315415259998,0.0003845396742753666,2.3249975630267147e-09,0.0002499642549517531,0.0017074695085706414,2.617751939382775e-06,8.457757520706252e-06,8.344906033393695e-05,6.015064418782339e-10,4.3891435082667373e-05,0.0004610876975637049,1.3737045041121711e-07,0.8881582989844464,6.715062498149324e-08,0.0008821682865975044
23,1.1789954717533166e-05,9.081872702099023e-10,5.465012615931723e-07,4.454824686413933e-05,0.0003337300939227716,2.0617949728334004e-05,0.0007960121352110485,7.595386389664719e-06,0.03832414090996374,0.0014198946149091454,0.047299133885243046,0.00042295900830861545,2.3998594706479363e-09,0.00024767959669363097,0.0019802389938490005,2.6162940140403627e-06,6.824865046620793e-06,6.88694927914928e-05,8.784973798394316e-10,3.0738122603387806e-05,0.00039410732890148107,1.6672031962406179e-07,0.9073262535105419,1.043430430264151e-07,0.00126142785913198
24,1.4405801320538461e-05,1.2558215517671039e-09,6.009757489977751e-07,7.641792797167143e-05,0.00045248900437674044,2.0699495093957354e-05,0.0007557240467445434,7.63997293098439e-06,0.03851187723203938,0.0013994150222779408,0.07441734173421842,0.0005206478527429165,2.948206058070295e-09,0.0003504199671435393,0.0020659271828188702,2.8948801865488853e-06,6.782055791910132e-06,8.54572072712686e-05,8.982946123823114e-10,4.2625455424036265e-05,0.0003729815783643299,1.9721949696319453e-07,0.8793801699887167,8.421604847513045e-08,0.0015151960809489686
25,2.3614345220213806e-05,5.081331652484765e-10,8.905458129567996e-07,7.035122247108172e-05,0.0003841131422500248,7.976765436462202e-06,0.0013981882110488994,1.660862048326286e-05,0.03479050354132749,0.002206102231610311,0.1570249671324412,0.000930472356641522,5.101121900449617e-09,0.0005834968943278935,0.002528514126898615,2.7471870334905282e-06,8.64906293368848e-06,7.075813536703867e-05,4.703164613420155e-10,6.68850050580827e-05,0.0003249080052208948,1.554198810484315e-07,0.7980921852207772,9.49117512583712e-08,0.0014678118364359809
26,1.038680798414421e-05,5.506339984888136e-10,2.543605363728552e-07,2.1008201488171877e-05,0.00021720114175193564,1.5654779977581172e-05,0.000556430903410156,4.100632610266897e-06,0.039014891761490166,0.0009844948642832886,0.017490257272357628,0.000111577454576271,1.5911062196139379e-09,9.76272274532489e-05,0.0008537230445039739,1.3587061221087806e-06,6.5342518680116685e-06,4.901338422705944e-05,8.274582665627581e-10,1.5841313009606298e-05,0.00021524896860305616,8.15146972892743e-08,0.9393778498954858,1.0260614401751841e-07,0.0009563579382214244
27,1.3768550771206785e-05,1.8233242987849323e-09,5.051850495489221e-07,5.868078636552031e-05,0.000355826588174062,2.597327761417926e-05,0.0007635477933788705,1.1453859631098628e-05,0.06870200113787481,0.0016460080082933925,0.059789402347756544,0.00046672244451082136,2.137441357288193e-09,0.0002198388880443143,0.002986367701438064,2.4940835675544375e-06,6.780597531668033e-06,6.82012356546362e-05,1.1711389558138696e-09,2.5894048424832605e-05,0.0003124170283427493,2.909675947591429e-07,0.862643271829164,8.900483169359813e-08,0.0019004595040809122
28,1.1789954717533166e-05,9.081872702099023e-10,5.465012615931723e-07,4.454824686413933e-05,0.0003337300939227716,2.0617949728334004e-05,0.0007960121352110485,7.595386389664719e-06,0.03832414090996374,0.0014198946149091454,0.047299133885243046,0.00042295900830861545,2.3998594706479363e-09,0.00024767959669363097,0.0019802389938490005,2.6162940140403627e-06,6.824865046620793e-06,6.88694927914928e-05,8.784973798394316e-10,3.0738122603387806e-05,0.00039410732890148107,1.6672031962406179e-07,0.9073262535105419,1.043430430264151e-07,0.00126142785913198
29,1.1789954717533166e-05,9.081872702099023e-10,5.465012615931723e-07,4.454824686413933e-05,0.0003337300939227716,2.0617949728334004e-05,0.0007960121352110485,7.595386389664719e-06,0.03832414090996374,0.0014198946149091454,0.047299133885243046,0.00042295900830861545,2.3998594706479363e-09,0.00024767959669363097,0.0019802389938490005,2.6162940140403627e-06,6.824865046620793e-06,6.88694927914928e-05,8.784973798394316e-10,3.0738122603387806e-05,0.00039410732890148107,1.6672031962406179e-07,0.9073262535105419,1.043430430264151e-07,0.00126142785913198
30,1.1789954717533166e-05,9.081872702099023e-10,5.465012615931723e-07,4.454824686413933e-05,0.0003337300939227716,2.0617949728334004e-05,0.0007960121352110485,7.595386389664719e-06,0.03832414090996374,0.0014198946149091454,0.047299133885243046,0.00042295900830861545,2.3998594706479363e-09,0.00024767959669363097,0.0019802389938490005,2.6162940140403627e-06,6.824865046620793e-06,6.88694927914928e-05,8.784973798394316e-10,3.0738122603387806e-05,0.00039410732890148107,1.6672031962406179e-07,0.9073262535105419,1.043430430264151e-07,0.00126142785913198
31,2.445026556972727e-05,1.2568143633315203e-09,1.1245644381280356e-06,5.654254988343915e-05,0.00030769504323002674,1.7345165830645305e-05,0.0009650238743891353,2.557231782263552e-05,0.04835979752169908,0.0016720138950276052,0.0655533074587207,0.0006425436123661606,6.133612471831641e-09,0.0002717476343301789,0.0031480310585064123,4.112407651079354e-06,9.968124215732242e-06,8.794023985194573e-05,1.3979655374625183e-09,4.226423035889351e-05,0.0005435092208440348,2.174063196526482e-07,0.877104521924774,1.5692335693110793e-07,0.0011621057724216836
32,1.2586399551663078e-05,1.1024808843539236e-09,5.531055119800209e-07,4.471211840924082e-05,0.00033694081428596904,2.2569849175543502e-05,0.0007440995796834461,7.629474168631532e-06,0.039141581827977605,0.0013850362630765077,0.04589180648162347,0.0003875746675451058,2.542809571359036e-09,0.00024071250029571867,0.0020537315711053406,2.71310449068e-06,7.1987094379799795e-06,7.493320916154804e-05,1.10564023386031e-09,2.940617604483275e-05,0.000391526768839762,1.7960745112844143e-07,0.907933204048806,1.1067302159128968e-07,0.0012911882994058902
33,2.1407513559670532e-05,1.440110893625001e-09,4.574703602420051e-07,6.887158461571746e-05,0.00025558486592144934,6.449669941062615e-05,0.0021209728479268247,1.0322751079638136e-05,0.022561933329309787,0.0011686478110966847,0.017633795701777758,0.00046282547207053554,7.797544122966686e-09,0.0002216425015600387,0.001021627352691366,8.074359891685019e-06,2.5255419112819782e-05,0.00021303385644608582,3.5511195973455997e-09,2.849697829056116e-05,0.0005292280857939123,4.6401744626836057e-07,0.9524176381174483,4.816523731656226e-07,0.0011647288230424036
34,3.946561639993449e-05,1.0025407819174376e-09,8.001928804861172e-07,5.532559673957581e-05,0.000525323760072282,1.2326435646787696e-05,0.0007846877834292733,9.965978719820005e-06,0.050077420578779626,0.001659299710211971,0.08667171763106928,0.00029975659597962213,3.868893118152995e-09,0.00038277050377141054,0.0021146887598803045,2.5813286058148292e-06,8.418149523335473e-06,7.228277404932221e-05,1.5763263862126544e-09,3.4434833246331724e-05,0.00029842396680523653,1.274200013722451e-07,0.855485468165177,9.95502816298159e-08,0.0014646082209694548
35,3.57435295957493e-05,2.467167034201463e-09,6.674521317093621e-07,9.09942341095356e-05,0.0004553628284067211,2.7774655023278492e-05,0.0010886853648674722,3.0272231709818336e-05,0.1554915742836068,0.0020178055701964947,0.0795923354090191,0.0004536849357293796,3.847950109833675e-09,0.00016781604620219273,0.0032632806323869756,3.5871896691779026e-06,1.0186821789409118e-05,8.14932172299302e-05,2.1296421562386325e-09,2.5985663727376858e-05,0.0002697203777255005,4.3448984976256645e-07,0.7548457261311654,9.015785242565205e-08,0.002046770333246528
36,1.469878177221407e-05,1.0281345296264946e-09,5.373044464866339e-07,5.611494715161064e-05,0.00031732864725973753,2.212730192144353e-05,0.001373397874681864,1.2194588707330948e-05,0.04188587642682246,0.0014550875532252593,0.06053344173484842,0.0008534512989281412,2.9427730669788407e-09,0.00035281713530494195,0.002515330755523468,3.3952976217679485e-06,1.0573546389501212e-05,9.548604155089596e-05,8.790261135402542e-10,3.379036106193312e-05,0.00043552962038380806,3.161768096674703e-07,0.8882621383445954,1.2848171912329188e-07,0.0017662329293406723
37,1.5232517198058521e-05,3.715097545906992e-10,4.725858327865121e-07,2.727421018353914e-05,0.00024879392299063913,9.861105860341642e-06,0.0009621858394564496,2.7495455130078722e-06,0.010131177493340525,0.0007237805014451988,0.026636050659466646,0.0003362333233533917,2.6383857953555107e-09,0.0005458052866383463,0.0008817930334788,2.5865459100487696e-06,7.87058277720902e-06,6.93034018151288e-05,6.599766049581461e-10,2.6093839781944822e-05,0.00043414710374884417,7.207414135743386e-08,0.9580205844036281,1.8913257744237291e-07,0.0009177392209898406
38,8.618656529145374e-06,8.526538282501402e-10,4.5405142687023064e-07,4.2418953434402405e-05,0.0002541371031349705,2.7912972287873094e-05,0.0007763420847045146,6.7335059375559465e-06,0.030610229425723914,0.0012131890777554977,0.03659102951257962,0.00043739652032631,2.321967170719833e-09,0.00021515884278272194,0.002007099981938691,3.578079500264842e-06,5.92069206404224e-06,9.092651201192208e-05,9.376945281100871e-10,2.7071676188126564e-05,0.00047155058935404836,1.7205681998371711e-07,0.9263561132547564,1.1466076401995585e-07,0.0008538276776637425
39,1.746951491283003e-05,7.381379343906297e-10,4.481501283099852e-07,4.6821376345977864e-05,0.00042403861975175703,1.2753393340390708e-05,0.0009122523571623109,6.298760115259697e-06,0.03881699162236832,0.0018428416278318746,0.0721955929461181,0.0003281268371529863,2.4417807230252552e-09,0.00038940535291483435,0.0018515175061495526,1.7343563498938182e-06,6.043592238432818e-06,6.0358603544402587e-05,7.461196942558014e-10,3.379724937227886e-05,0.00020700452373163336,1.2015168313238182e-07,0.8811118602018332,9.489108294035596e-08,0.001734424439833336
40,2.3351273747469863e-05,1.3673953158487917e-09,1.4053332154335329e-06,3.9341845298876585e-05,0.0009785962443865852,9.982083182536965e-06,0.0010568897322546344,6.8015479594431855e-06,0.03310900191639654,0.0013118500089736667,0.10815075428494747,0.0009138622283953251,3.1429009613944517e-09,0.0010680730785512236,0.002928309082407846,1.971865354809139e-06,8.032191952645534e-06,5.143327816373815e-05,9.110537972782241e-10,4.7983079008729285e-05,0.00048429151500652975,1.6238734952971064e-07,0.8468678874847978,1.1264151332813706e-07,0.002939901475785545
41,1.3137358954226763e-05,1.754104510625243e-09,5.508714335919018e-07,7.483360042954391e-05,0.0005216156755756011,2.512597745417429e-05,0.000520332158255969,1.0844965936207608e-05,0.07165310118193405,0.0014356384153787864,0.08758516437528699,0.000338299978727942,2.6290392472560016e-09,0.0002390933338443603,0.003232814971969833,3.0809433211793685e-06,4.227233311574615e-06,9.495450812525238e-05,1.2307494357723106e-09,3.726214036544626e-05,0.00031551998077393185,1.6411586308903856e-07,0.8327446382582353,5.441488960947087e-08,0.0011495399260403978
42,1.3452713860391092e-05,5.406902242097335e-09,1.5266479150776695e-06,0.00014336035052916153,0.00031346985727004345,8.914350327648442e-05,0.0008315605214962619,3.9319773709717145e-05,0.12841492544995411,0.0016618765577360584,0.056609709477428764,0.0009730945781916264,3.7026247994669864e-09,8.501299672334555e-05,0.004513269788697594,1.0228927591537626e-05,1.3226490301528168e-05,0.00010290273119524663,3.3367110732411358e-09,2.956079591186664e-05,0.0011027779770038384,1.282324009027303e-06,0.8038429483358464,1.0259606055257538e-07,0.0012072351590532821
43,6.4356362867586726e-06,5.754048518098993e-10,6.985861854316571e-07,3.5419814428096876e-05,0.0002490898156813804,4.3401167002307924e-05,0.0006497344491187289,8.35007963540989e-06,0.037994632565030245,0.0020252698469696143,0.018758254661038358,0.0003129026470329225,2.926485219947056e-09,7.15913599637959e-05,0.0012842463403024687,3.813137829549252e-06,8.545504852247938e-06,5.98473444640947e-05,1.089775496186849e-09,3.0495527630292724e-05,0.0008656845815157068,1.6735952400833169e-07,0.9370747034464795,1.3925400211220144e-07,0.000516572283361247
44,1.1789954717533166e-05,9.081872702099023e-10,5.465012615931723e-07,4.454824686413933e-05,0.0003337300939227716,2.0617949728334004e-05,0.0007960121352110485,7.595386389664719e-06,0.03832414090996374,0.0014198946149091454,0.047299133885243046,0.00042295900830861545,2.3998594706479363e-09,0.00024767959669363097,0.0019802389938490005,2.6162940140403627e-06,6.824865046620793e-06,6.88694927914928e-05,8.784973798394316e-10,3.0738122603387806e-05,0.00039410732890148107,1.6672031962406179e-07,0.9073262535105419,1.043430430264151e-07,0.00126142785913198
45,1.7840020350051707e-05,1.259675788459514e-09,8.013169946673423e-07,6.861718961174656e-05,0.0003356469665509927,4.6244769928808113e-05,0.0022503082404485403,3.955635491077588e-05,0.06758002917952849,0.0026435943164536428,0.056812938201487584,0.0009337194136815616,7.562239764055539e-09,0.00026027023535816124,0.004255825803458438,8.390214872214532e-06,9.816451243836881e-06,0.00015861599421608668,1.8801400960292846e-09,4.412629343649832e-05,0.0005572370756689221,3.7841647113787624e-07,0.8630011767626417,2.4146457177161674e-07,0.0009746146160586138
46,2.2413684283056112e-05,7.304409715454168e-10,7.801805443682393e-07,6.925795557511774e-05,0.0002873268243527736,2.7379972740316583e-05,0.001366083444697319,1.0222005916885583e-05,0.03391344761195885,0.0018406080102071416,0.03724836894151501,0.0005960359357463373,4.612208913028951e-09,0.00018119997959592616,0.0009896081903054907,4.055576153639898e-06,2.2505716820853196e-05,6.939123827465641e-05,1.2109044150869013e-09,3.587672755618906e-05,0.0005968656270231203,3.3700881526137596e-07,0.9213708359005554,1.8500953650672724e-07,0.0013472079042716931
47,4.240190090046374e-05,8.949921629855141e-10,1.014737914790041e-06,9.693081013277099e-05,0.0002760642718784971,2.953422739910925e-05,0.0020955611489625148,1.7634885407084677e-05,0.04167665884074971,0.0018853945871626734,0.03993664657449683,0.0007689612569412818,7.453405204224966e-09,0.00024532783011043606,0.0012662375177068367,7.943538956296162e-06,1.924670790663127e-05,8.425715293927338e-05,1.935075303630251e-09,3.065042073205049e-05,0.0005701842897372429,3.829185717412038e-07,0.9097619212591317,2.680435468268033e-07,0.0011867667952425434
48,1.649747773005549e-05,9.375595174583167e-10,5.235912248320014e-07,3.6124397546377926e-05,0.00026363340348868326,2.9692153500999448e-05,0.0011441063260352413,1.0101976922387931e-05,0.03775210256135893,0.0018108742884630237,0.026351072564209484,0.00034312305001076953,3.653426773449451e-09,0.0001684379979668835,0.0015051846674001947,2.916782585070813e-06,1.3694842868321014e-05,7.481509289755757e-05,1.624942482913684e-09,2.5244029644692982e-05,0.00040168116554982296,2.337451962582826e-07,0.9286879209861306,2.2635529233335664e-07,0.0013617863280488177
49,1.0170059905496407e-05,1.4752235487815134e-09,8.928228992858825e-07,6.269006155335394e-05,0.0003700453692871288,3.8832765533618976e-05,0.0009765945321956798,1.2260317565340936e-05,0.053544078624745806,0.001842406586880169,0.04635412124147127,0.0007846804939170359,3.0973835001616904e-09,0.00018119308669117495,0.0023492773467663672,3.950518011837239e-06,8.914545833443993e-06,6.926641652633627e-05,1.1253002010828488e-09,3.848046659073338e-05,0.0006257905782260137,3.663750269196606e-07,0.8913361757260505,1.2328399427071563e-07,0.0013896830824208794
50,4.164510989351124e-05,4.5291717559524967e-10,8.53151896460631e-07,5.1161396501581365e-05,0.0004654263686503714,1.3479585654924367e-05,0.0031655870861686352,1.5597765724839997e-05,0.042500830584285665,0.00392299383302433,0.06633391988772658,0.0005417086130691754,6.908116510447531e-09,0.0004977166255344386,0.0014982158733217274,2.937611615349801e-06,1.4435267515714987e-05,5.521143036251439e-05,1.0612326914101439e-09,4.6062419387704774e-05,0.00023459486170507077,1.638809914426886e-07,0.8784337128514238,2.911151893095418e-07,0.002163446258090396
51,9.050397987793747e-06,2.6904032047945795e-08,5.987559392024833e-07,0.0004405879436097608,0.0002309343060644333,4.957138177650696e-05,0.00019669102896595087,3.8007239894239575e-05,0.09633853575711979,0.0010760982369134471,0.23207850792992094,0.001272872393053687,1.7980901517304618e-09,0.00022658821472776878,0.017944383224788415,4.4578301052543176e-06,3.499020339462255e-06,0.00019459749974809086,1.624047051845684e-09,3.528657292612845e-05,0.0005378196324747489,1.8635138105221532e-06,0.6474137841256611,2.7314398009073046e-08,0.0019062073536056548
52,1.2184072460467677e-05,1.0626114232110794e-09,4.868527068076707e-07,5.91935923152655e-05,0.00035525023651400894,3.299683268753155e-05,0.0006839795525441744,1.1319349332569517e-05,0.04892864810726356,0.0022638682072508593,0.0639813572607829,0.00043686796761081316,3.166348159696319e-09,0.00024088847401808244,0.0030935827306374925,3.2234567806223355e-06,5.2329020856685895e-06,0.00011207377334538199,1.2459289277594879e-09,4.0823747193944004e-05,0.00036816718271920015,1.800125432748086e-07,0.878359832634783,9.814862747859946e-08,0.001009739430908377
53,3.1810186318831534e-05,5.211788723008751e-09,9.307169053920942e-07,7.5445189377623e-05,0.000500582401563006,4.788904771615389e-05,0.0006236206446451071,2.090277195741975e-05,0.0935911318212067,0.0022060495345808135,0.06129355873024092,0.00039252506122757733,4.150162349640529e-09,0.00019887257981846383,0.004207191542270596,3.420260603003335e-06,1.2303862455173656e-05,9.039749225802294e-05,5.015047449975252e-09,2.5935049110175038e-05,0.00043298947758473494,5.076520389303709e-07,0.8338916754339313,1.4746545126093093e-07,0.002352098701740163
54,1.693360409995428e-05,3.295822521580418e-09,4.3335344436372383e-07,6.002241863807563e-05,0.00041488015330111417,2.8905524543234015e-05,0.0010452198952666807,1.0047832779770559e-05,0.06259118684573146,0.0014342222094560634,0.05561666340047075,0.0005653464904041528,1.7489272476592931e-09,0.00042527970218258007,0.004052509812897994,2.494094707579389e-06,6.564624632987705e-06,7.303995295483283e-05,1.4800858320294771e-09,1.946470588161132e-05,0.0002828227792675716,3.996656223126647e-07,0.8699744212025341,1.313611652972732e-07,0.0033790038451816523
55,1.1619874682578228e-05,1.0981467792152938e-09,5.38775657872485e-07,4.203007909998193e-05,0.00030578465667195246,1.6545262871106754e-05,0.0004370434835564881,4.910821531830046e-06,0.03227319143012584,0.0015656218993341307,0.04842053959775816,0.0001732513318925437,1.6986943864972443e-09,0.00017472044988536681,0.0018204580641999909,1.6802765859817426e-06,6.608890628980104e-06,5.2526670428238165e-05,1.059247296280905e-09,2.507065732199136e-05,0.00035098576308236097,1.3241593492504355e-07,0.9132029123026992,8.598748797110016e-08,0.0011137374524739126
56,1.2768127719482097e-05,9.194551880541994e-10,5.752491280371145e-07,4.764220356909301e-05,0.00033652663888826854,2.2143700196502e-05,0.000857136833670876,8.701628112596147e-06,0.039724523176534215,0.0015380965690440895,0.04717736576257243,0.00044252941508407295,2.925981994549871e-09,0.00024698943596844936,0.0019549167402346515,2.9118469010712727e-06,7.328080812383008e-06,7.406266504364854e-05,9.631608179687333e-10,3.34497659846462e-05,0.0003969848154668766,1.741106762093894e-07,0.9058824767846223,1.1592105914742749e-07,0.001232575720113092
57,1.0668590029737012e-05,8.115166414021903e-10,1.5884939828893868e-06,3.8853557149808496e-05,0.0005407853081736731,2.7281506937853097e-05,0.00116555425075576,1.0075478112894212e-05,0.046999029695488824,0.0020039201670744534,0.04511218333639282,0.0008863345823417665,4.001963216936376e-09,0.00023336368727018715,0.0017948245424553248,3.974951571795228e-06,9.81548760947983e-06,4.574916360285669e-05,9.827381919835045e-10,4.939911512003855e-05,0.0007837259300756721,2.1056087909808786e-07,0.8989673003680548,1.4001555908949773e-07,0.001315215415143063
58,1.1454324843450029e-05,8.404302040743981e-10,5.207059123587619e-07,3.646600605993145e-05,0.0002905117012227663,2.223629608852513e-05,0.0008668605346375183,7.416257205838345e-06,0.032634895614550075,0.0014460171616266992,0.03354953465481311,0.0003958128445374689,2.7653582289811433e-09,0.0002241104765796068,0.0017078550680825907,2.568416658821224e-06,7.610684128672956e-06,6.760644476335503e-05,9.568070303548526e-10,2.8893625042169067e-05,0.0004010210625587483,1.6256703941718603e-07,0.9271044110976041,1.4632597955169377e-07,0.0011938835674698651
59,1.1319102786133108e-05,7.976147513116046e-10,6.323497132702794e-07,3.727707044509267e-05,0.0003083839446052229,2.085912890568597e-05,0.0008733730064964581,7.620478193597618e-06,0.032635365880551874,0.0014721177323468889,0.03601662334593069,0.000427676999171948,2.882210115376093e-09,0.00022641758671687517,0.0016833830175064161,2.6796100039832148e-06,7.730753643140947e-06,6.255398018134484e-05,8.986045521551655e-10,3.2135278950526506e-05,0.00044625504192216995,1.58545358098567e-07,0.9245716778183852,1.4086432440332204e-07,0.00115561388543149
60,1.1789954717533166e-05,9.081872702099023e-10,5.465012615931723e-07,4.454824686413933e-05,0.0003337300939227716,2.0617949728334004e-05,0.0007960121352110485,7.595386389664719e-06,0.03832414090996374,0.0014198946149091454,0.047299133885243046,0.00042295900830861545,2.3998594706479363e-09,0.00024767959669363097,0.0019802389938490005,2.6162940140403627e-06,6.824865046620793e-06,6.88694927914928e-05,8.784973798394316e-10,3.0738122603387806e-05,0.00039410732890148107,1.6672031962406179e-07,0.9073262535105419,1.043430430264151e-07,0.00126142785913198
61,1.1543832010721073e-05,8.397230974827445e-10,6.293476481597894e-07,3.625719489393607e-05,0.0003254653964057739,2.0367353956508394e-05,0.0008379446934858293,7.197003335066427e-06,0.0342766937262429,0.001439176608214386,0.0378967594699379,0.00042090487815033066,2.6392261183586457e-09,0.00023651509106920095,0.0017576317644948638,2.5738272324905984e-06,7.486134806617875e-06,5.998883920785914e-05,9.183557089475085e-10,3.0149238450037424e-05,0.00043471271979676117,1.577508404667373e-07,0.9209678925799548,1.310478298630989e-07,0.0012298171047303338
62,1.1789954717533166e-05,9.081872702099023e-10,5.465012615931723e-07,4.454824686413933e-05,0.0003337300939227716,2.0617949728334004e-05,0.0007960121352110485,7.595386389664719e-06,0.03832414090996374,0.0014198946149091454,0.047299133885243046,0.00042295900830861545,2.3998594706479363e-09,0.00024767959669363097,0.0019802389938490005,2.6162940140403627e-06,6.824865046620793e-06,6.88694927914928e-05,8.784973798394316e-10,3.0738122603387806e-05,0.00039410732890148107,1.6672031962406179e-07,0.9073262535105419,1.043430430264151e-07,0.00126142785913198
63,1.159162012027358e-05,1.3208004489526789e-09,5.13163845939727e-07,4.717761218966928e-05,0.0003316678790228829,2.2751935594484626e-05,0.0006757588190118715,7.721603313725314e-06,0.04201603578367609,0.0012908623221063614,0.04815298213400842,0.00038933944777227574,2.2190996589010542e-09,0.00023592352944538724,0.0023161463389008027,2.5773997788005392e-06,6.59223289926216e-06,7.548877552412931e-05,1.0521243232862747e-09,2.8014498077639496e-05,0.00038636159882130856,1.959393388542077e-07,0.9026402007278401,9.817704112216318e-08,0.0013619938696463611
64,8.25421605560914e-06,7.807932007829729e-10,6.176282271863252e-07,3.528385360677635e-05,0.0002816074372572981,1.9422064103951678e-05,0.0005976223330722749,5.516787414754774e-06,0.028967605581817015,0.001111697028843584,0.0352368320939404,0.00042447168130018917,1.971968717179602e-09,0.00020397494025741644,0.0016748907784119719,2.5520628011857943e-06,6.48066044979981e-06,5.6093109834301816e-05,7.082988969628182e-10,2.8456098559870667e-05,0.0005718415830787241,1.4447337980000822e-07,0.9297957196594349,9.754653682824556e-08,0.000970814920555491
65,1.452385659811337e-06,8.858670181809082e-10,1.844431072411317e-07,1.0974590148906106e-05,0.00012547121649825917,2.0231660352041708e-05,0.00021610563353827248,9.331875803093146e-07,0.008707196452491557,0.0002207032746532311,0.005706756796270081,0.00018908457317497575,4.5745807781782513e-10,0.00011243928022799937,0.0008663696664915621,1.1149312400997141e-06,3.5060747768921465e-06,5.4446886506170617e-05,3.5262915590194415e-10,1.2210628615921666e-05,0.0006912105786685224,8.694295653627689e-08,0.9822994445524547,9.042010617695249e-08,0.0007599841285266678
66,5.6467108012596046e-05,1.4128141802546533e-10,4.253895628068271e-06,4.280469630334312e-05,0.0030567983294119295,1.9865743325647186e-05,0.007049944188382005,8.54798839388044e-06,0.06464795269822586,0.006390194943303269,0.04553563301842339,0.00036413660744501897,2.2586787883003122e-08,0.0003124657141780461,0.0002767226039737815,5.820840905391981e-06,2.5649495301682465e-05,2.884562947261193e-05,1.530148040805299e-09,0.0001332932283600108,0.0004377280712117952,6.289085841607885e-08,0.8703774481980883,3.564465009497575e-07,0.001224983406076854
67,1.3826197878830235e-05,9.244499464260335e-10,6.042187874879523e-07,4.790783559430483e-05,0.0003752368084103718,2.027782024073336e-05,0.0008762245267918157,8.70003902466235e-06,0.04292301272841172,0.0015852844042321505,0.053893364277988805,0.00044051120552724744,2.6741727954552287e-09,0.0002641945408120049,0.002093707567139049,2.742728632085248e-06,7.1101152021777446e-06,6.849799608994332e-05,9.444093155992582e-10,3.244256119565465e-05,0.0003849920211474534,1.7167522937975268e-07,0.895640878341622,1.055862208007171e-07,0.0013202022607893057
68,2.033308432219477e-05,9.46987144707186e-10,5.343877555577502e-07,5.006248002054538e-05,0.00037330998566279525,1.3830910889871466e-05,0.0007763819177726745,6.240315991984588e-06,0.04685019745333319,0.0015179390726663966,0.05790557483070839,0.000259153911956784,2.298952703825725e-09,0.0002706385154037606,0.0015835823293167623,2.1835941790030132e-06,7.3416013737296595e-06,5.09960279974296e-05,1.0896932237796393e-09,2.3896681513763605e-05,0.00023715477953335792,1.4476690298762922e-07,0.8884579471566528,9.199767642547213e-08,0.001592459862736518
69,8.886095752863925e-06,8.548384500104116e-10,4.5967334182671833e-07,4.191634732701841e-05,0.00030124993960570955,1.7360478118072318e-05,0.0005619083204856074,6.430288155039559e-06,0.03687631240571082,0.0012639735152536436,0.0540628001954395,0.0003812907223579536,1.8121691707047004e-09,0.00022005081584525578,0.002114955225689132,2.036122798211561e-06,5.506144567743311e-06,6.918098023701355e-05,6.457417395813903e-10,3.162353653482845e-05,0.0003760504632158713,1.448915855031132e-07,0.9025078009316058,7.110272741447133e-08,0.0011499884908958045
70,1.1602200859488693e-05,9.135140907923561e-10,5.527733074880218e-07,4.5552037472783354e-05,0.000334492865942045,2.0978915721180342e-05,0.0007937699216561192,7.648926804256215e-06,0.03894867396717678,0.0014303352199091003,0.04775833072770886,0.0004287832832784163,2.392941618771968e-09,0.00024468099926653556,0.001988264872715972,2.662282277651132e-06,6.710092159843213e-06,6.861469825703836e-05,8.713922469172631e-10,3.100888157300555e-05,0.00039640057992630694,1.6826364385946348e-07,0.9062303529907119,1.0252101543464992e-07,0.0012503088007679343
71,1.7766518826554263e-06,1.1590699635509077e-08,3.356414625124229e-07,5.6547341333900556e-05,6.8514809039852e-05,2.18063829030662e-05,1.1552225908040618e-05,2.5984255507873524e-06,0.013067130379456303,0.0001523069880255984,0.08472675732815926,0.00036299818060821996,2.890103274699292e-10,0.00012608076473045603,0.012789996297249024,1.6861770928077446e-06,1.3393845278324222e-06,0.00015844011602672505,1.0617532860349907e-09,1.2181814731130443e-05,0.0013099619217686027,2.6275240427678716e-07,0.8866381057071879,9.178564045315028e-09,0.0004895985899235804
