,0,1,2,3,4,5,6,7,8,9,10,11,12,13,14,15,16,17,18,19,20,21,22,23,24
0,0.931177390070855,9.620689444279669e-10,0.007588148186689308,2.203615409780532e-05,8.576649592695509e-05,5.3103896477706356e-08,0.00028261428865031533,0.00016979138018982808,3.6468661101622416e-08,6.93206901094922e-06,1.4033635891566034e-05,3.240321776542209e-05,0.009808677943819644,0.0032767532936055148,8.21482668238944e-08,0.03842899397333985,0.0033899932706336557,0.0005774281003971165,0.0014130846861880443,1.082603533974981e-05,0.0001765533683760236,4.155793976212417e-08,1.150413954443111e-05,0.003526842368205532,1.3080640097200947e-08
1,0.9370329459294714,6.220069692574622e-10,0.0084507505586075,1.8543431350711675e-05,8.37914525325166e-05,3.771117761992775e-08,0.0002015221662893392,0.00015708703292547523,4.04978582312473e-08,6.508058726211794e-06,1.0481460743265543e-05,1.8223002978884827e-05,0.010150302374989354,0.001690352213528997,4.435170562972421e-08,0.0356694041499434,0.002421747533735309,0.0003155890334782289,0.0013518555185837182,8.751775014136644e-06,0.00010995209143450657,2.5089352007923967e-08,7.1122495480946754e-06,0.002294924292455644,7.40156305930898e-09
2,0.9459616433344226,8.622589340713182e-10,0.00808319628002613,2.005256390956951e-05,9.284377872961533e-05,3.586892289577373e-08,0.00021260279075684422,0.0002050065328372905,4.610608271280378e-08,8.635392318622189e-06,2.0745606133492633e-05,2.8798035373324117e-05,0.00952381850200431,0.003212853721581243,1.0457788520301337e-07,0.025660101685526435,0.002793738880805105,0.00045835757322883376,0.0010720228967108997,1.3813531076052729e-05,0.00014728087192709458,3.0814777759264816e-08,1.1486382714100416e-05,0.0024727690476877766,1.4362303046386655e-08
3,0.9336532097566183,7.7664202602329e-10,0.007068116681916387,2.2297813754151425e-05,7.575643112649189e-05,4.630966631828838e-08,0.00026611256242638356,0.00017282919185958878,3.553280762499103e-08,6.672338825059536e-06,1.2606242817815574e-05,2.7550333636691817e-05,0.010091944817473532,0.0026609173904931114,6.565490661281352e-08,0.03772807210996494,0.0031374126943257323,0.0005043684249817393,0.0012561376579496295,1.0308580829405975e-05,0.000149287605140228,3.5518711427135494e-08,1.0127395363534457e-05,0.003146077370164192,1.0807599239434136e-08
4,0.932764575493618,7.130959788546315e-10,0.006720591347674597,2.081006050911755e-05,7.33161553155253e-05,4.593828611064379e-08,0.0002664028599926002,0.00016663221762267381,3.2930948254662847e-08,6.720540492891128e-06,1.1384351325955964e-05,2.5791997995926467e-05,0.010964650453638886,0.002655221166735309,5.9267383633966055e-08,0.03779165224824939,0.003170545498235799,0.0005084893859582904,0.001310178345287883,1.0305974576749406e-05,0.0001371625323425061,3.2545598092647726e-08,9.723146726637518e-06,0.0033856645706157023,1.0257773335683517e-08
5,0.9291709968104023,8.978198263677123e-10,0.006255676191649562,2.8772638959476524e-05,7.647638113020492e-05,5.781005372053546e-08,0.00027687876555908215,0.0001789610749990543,3.736733325197442e-08,6.889884958850418e-06,1.4002768274043419e-05,2.863533759224903e-05,0.01051122075641992,0.0028050123742867834,7.21033450989168e-08,0.041935079703993086,0.0033061850281616346,0.0006894144096290859,0.0012892797777381817,1.202564745260069e-05,0.00016231463239934837,4.0455565194057576e-08,1.1916275445242565e-05,0.0032400412873806825,1.1619451415766036e-08
6,0.9336532097566183,7.7664202602329e-10,0.007068116681916387,2.2297813754151425e-05,7.575643112649189e-05,4.630966631828838e-08,0.00026611256242638356,0.00017282919185958878,3.553280762499103e-08,6.672338825059536e-06,1.2606242817815574e-05,2.7550333636691817e-05,0.010091944817473532,0.0026609173904931114,6.565490661281352e-08,0.03772807210996494,0.0031374126943257323,0.0005043684249817393,0.0012561376579496295,1.0308580829405975e-05,0.000149287605140228,3.5518711427135494e-08,1.0127395363534457e-05,0.003146077370164192,1.0807599239434136e-08
7,0.9469715773570203,5.059997965745411e-10,0.006601999511119595,1.6963596930615662e-05,6.24580919748526e-05,2.8844575058182245e-08,0.00022634010661233035,0.00016291041575355848,2.9638984759427218e-08,6.675730601944557e-06,9.99386150280643e-06,1.858466357132368e-05,0.010017255104524952,0.0018268409438840453,4.2072448544596245e-08,0.027469960117995268,0.0025703237255690647,0.000304585568435158,0.0010843912205074622,8.068928923948882e-06,8.705968973822084e-05,2.5642398930952803e-08,6.212749670717877e-06,0.002547664095846025,7.815410589530838e-09
8,0.9514181930698834,4.975484555955272e-10,0.009034184946132137,1.5158433429485685e-05,5.6932827343862836e-05,2.475533871591152e-08,0.0002146553917268554,0.00013085996359736305,2.774916847875464e-08,8.516834896736931e-06,1.0017087458700954e-05,2.3671152534707088e-05,0.00811516078144765,0.0026256547454857867,5.006636516544841e-08,0.02093729730289304,0.0028484844142414715,0.00018971293849782286,0.0008055489852873679,8.617309840547088e-06,0.00012772050659979242,2.2832944914617103e-08,1.0018663203380246e-05,0.0034194554071867458,1.3336947604077005e-08
9,0.903231986725268,8.619870897991342e-10,0.0068515323458145485,2.822980697823421e-05,9.651389422813214e-05,7.393667391731232e-08,0.0003338029870303256,0.00020716720322184,4.2186463569852106e-08,6.012627996429667e-06,1.3337623408261653e-05,3.153721899592044e-05,0.013092503849718917,0.0025834136952236127,6.482822726069216e-08,0.06430450509821513,0.00338311155831109,0.0008821587181609865,0.0017265007234997728,1.2434883884514215e-05,0.00016313982274477657,4.373569548973256e-08,9.245287187126324e-06,0.003042631983900642,8.397164401563277e-09
10,0.9336532097566183,7.7664202602329e-10,0.007068116681916387,2.2297813754151425e-05,7.575643112649189e-05,4.630966631828838e-08,0.00026611256242638356,0.00017282919185958878,3.553280762499103e-08,6.672338825059536e-06,1.2606242817815574e-05,2.7550333636691817e-05,0.010091944817473532,0.0026609173904931114,6.565490661281352e-08,0.03772807210996494,0.0031374126943257323,0.0005043684249817393,0.0012561376579496295,1.0308580829405975e-05,0.000149287605140228,3.5518711427135494e-08,1.0127395363534457e-05,0.003146077370164192,1.0807599239434136e-08
11,0.93300093113109,6.876942148496862e-10,0.006775220735797568,2.072328937586348e-05,7.074521851336769e-05,4.478609092526369e-08,0.0002661985381192805,0.00017956744386500893,3.406212312109154e-08,6.905797934489473e-06,1.1396087893106551e-05,2.6281032140360754e-05,0.011292648312139584,0.0024183163375777615,5.7794478931483344e-08,0.03756050483711558,0.00318259884271602,0.0004868585499802955,0.0012683550004011625,1.0195021919360527e-05,0.00013266461663506883,3.361820608360394e-08,9.200041066363026e-06,0.00328050846343019,9.753696252909602e-09
12,0.9381170893931915,6.635910792647686e-10,0.007477220108296773,2.055182480341509e-05,5.509414501776099e-05,3.4452877775393926e-08,0.00023054603930024832,0.00023481206554099753,3.2934396568248665e-08,6.734532364343824e-06,1.1146911575809098e-05,2.4743295803199413e-05,0.010748244864550166,0.001720575425247012,5.647042013624689e-08,0.034284803885871636,0.0027502342112941907,0.00035525628459803224,0.001190802249752427,8.054911006894575e-06,0.00011217004624758267,3.66655724112274e-08,6.339609558855251e-06,0.0026454115548442477,7.454276795152024e-09
13,0.9465468002277035,5.104234630671765e-10,0.00795485025332513,2.25418509798971e-05,6.760947959566143e-05,2.211653042653436e-08,0.00022592734216815113,0.00020441956009894626,3.611545396323533e-08,8.462183649695082e-06,3.541919317791433e-05,4.2793326963374014e-05,0.008334875218910845,0.004862714801299499,1.2625993423204784e-07,0.025974192563332877,0.002614447051089215,0.00047649003436563023,0.0006090342075323877,1.5688378068432436e-05,0.00015657001880860807,2.6137474128379116e-08,1.2788894381095873e-05,0.0018341505142818492,1.3760451178862556e-08
14,0.9059600849149864,2.0904688068880663e-09,0.009239953178199657,3.2818194300428804e-05,0.00015353996212723092,9.326811811060097e-08,0.0002263631584382204,0.0001674998668335324,5.54757140620606e-08,7.274834016576944e-06,2.0205341155843962e-05,2.280683506911544e-05,0.01302332025228909,0.003012858102014002,1.081657394365031e-07,0.05740149541345656,0.003266023557563163,0.0011653139119054269,0.003111869688638724,1.5291120437291653e-05,0.0001937085774784011,4.9758039346748485e-08,1.3448378024719411e-05,0.0029658040624748676,1.1892511156828736e-08
15,0.9336532097566183,7.7664202602329e-10,0.007068116681916387,2.2297813754151425e-05,7.575643112649189e-05,4.630966631828838e-08,0.00026611256242638356,0.00017282919185958878,3.553280762499103e-08,6.672338825059536e-06,1.2606242817815574e-05,2.7550333636691817e-05,0.010091944817473532,0.0026609173904931114,6.565490661281352e-08,0.03772807210996494,0.0031374126943257323,0.0005043684249817393,0.0012561376579496295,1.0308580829405975e-05,0.000149287605140228,3.5518711427135494e-08,1.0127395363534457e-05,0.003146077370164192,1.0807599239434136e-08
16,0.9498444471259505,8.483822445082858e-10,0.006718355317605435,1.9014973573927783e-05,7.052719264532665e-05,3.599058295287925e-08,0.000208634179715063,0.00016740352644809323,3.951702792327383e-08,6.486343818401297e-06,9.553113759519677e-06,1.8394513272993207e-05,0.008609499687245366,0.00173756959474626,5.080504324760387e-08,0.02571393470241745,0.0025501132596042406,0.00028797878745741924,0.0012193503488015607,7.214050768705798e-06,9.820924432042127e-05,3.2636550309928745e-08,7.568206906194009e-06,0.0027055755972728644,1.0436083487890825e-08
17,0.9486092113147493,5.002369619568924e-10,0.005404070842388766,2.3678384213464544e-05,6.0140055365625255e-05,2.990380025413021e-08,0.0003298932256596833,0.00015543964410979884,3.32269746786931e-08,5.791595840279114e-06,1.3767525321220142e-05,3.2032716869062797e-05,0.007302907624151295,0.0029556398365349432,5.417514079209214e-08,0.0288237470883229,0.0028433826558780296,0.000361274191218386,0.0006684015803867121,8.538436940945402e-06,0.00011476576212749809,3.4032893342974705e-08,8.97051268249312e-06,0.002278182762124711,1.2406069072559101e-08
18,0.9617710406430108,7.400712702772453e-10,0.0037369006437855488,1.4439565380345275e-05,6.94734051808462e-05,3.070679945198948e-08,0.00024837714045660645,9.801728943108428e-05,3.144304439380766e-08,5.045146871440745e-06,1.1357841023745991e-05,1.828908861599651e-05,0.006087760798394895,0.0028808084165264803,5.5503984421477e-08,0.016753422789773396,0.003861588455846853,0.0004739309857857489,0.0009596395398150818,7.423507145317098e-06,0.00010683903301827247,3.3528212571635506e-08,1.133753662910599e-05,0.0028841385310219877,1.772017422858819e-08
19,0.9332497878560753,5.0240352839265e-10,0.008041706930670047,2.0857947450846396e-05,6.560453097766112e-05,4.147277949504106e-08,0.0003378087269533451,0.0002254651862591838,3.614171881506692e-08,9.064919098360626e-06,8.910226077685575e-06,2.850378927309072e-05,0.013092160066767116,0.0015951789572663903,3.842258294706846e-08,0.03540087895897607,0.0031520880602859173,0.0002793951809452777,0.0010494648152986302,9.455629072090558e-06,0.00010146665082525445,3.767929574696754e-08,6.190875919344857e-06,0.0033258477825698985,8.690457640196244e-09
20,0.906870681444604,2.219509255374782e-09,0.009866332226385662,4.144004290110223e-05,8.010224406406529e-05,9.085629632163673e-08,0.00031080498554515224,0.0003789639638920557,5.700670228969472e-08,9.164989890774951e-06,2.4177309672684213e-05,6.629898593126607e-05,0.011612889545454858,0.003502905737633579,2.0492653744249116e-07,0.05625512139357013,0.004152092833834974,0.0009846114713807203,0.001657077315888982,1.4891964279917032e-05,0.0003354954169081741,1.0563401905183128e-07,1.572656309978285e-05,0.0038207440727620777,1.68492357446604e-08
21,0.935118930552297,6.761210601575164e-10,0.006290060244380869,2.6283238722849738e-05,7.033611735280651e-05,4.0304843911910876e-08,0.00024570672995296704,0.0001511099599693084,3.380931423044516e-08,5.948551532043658e-06,1.7079728266171157e-05,3.102885516438017e-05,0.008433405696215366,0.0036092779805462637,7.637143115100877e-08,0.03933306107652576,0.0025475883425673017,0.000575087270550045,0.0010055366687969486,1.115769599218719e-05,0.00014869515945767044,3.0415632562682175e-08,1.1147762831941266e-05,0.0023683659311614456,1.0860373371425023e-08
22,0.9256430173003929,1.3819322249303922e-09,0.006810181771741502,1.4118442937360768e-05,8.689475263834908e-05,7.732914406537309e-08,0.0003193045658611898,0.0001694067093114185,3.5799939842135006e-08,5.242065277556339e-06,5.0362110465673865e-06,3.124115715391038e-05,0.010999108260609864,0.0031625157639675653,6.30316191720559e-08,0.04070064282373909,0.0026373839261047563,0.0003752293120979265,0.00211495511654709,6.469084480913453e-06,0.00013347826574843273,3.8114951820509515e-08,9.331866197574602e-06,0.006776212833865284,1.4112693603130528e-08
23,0.9336532097566183,7.7664202602329e-10,0.007068116681916387,2.2297813754151425e-05,7.575643112649189e-05,4.630966631828838e-08,0.00026611256242638356,0.00017282919185958878,3.553280762499103e-08,6.672338825059536e-06,1.2606242817815574e-05,2.7550333636691817e-05,0.010091944817473532,0.0026609173904931114,6.565490661281352e-08,0.03772807210996494,0.0031374126943257323,0.0005043684249817393,0.0012561376579496295,1.0308580829405975e-05,0.000149287605140228,3.5518711427135494e-08,1.0127395363534457e-05,0.003146077370164192,1.0807599239434136e-08
24,0.9322761012692169,9.303155917530072e-10,0.006294311411728345,3.2950771049658964e-05,8.226758295809527e-05,5.408022954642079e-08,0.00026549040647183043,0.0001649432534214929,3.8572448034497005e-08,7.250749485595508e-06,1.5817672580675983e-05,2.9821304623206303e-05,0.009685830691220481,0.0030902454815369402,7.166815496435844e-08,0.04030938629285739,0.0029049059734572624,0.0006512155921099084,0.001252617378323641,1.1857747980804038e-05,0.00014038505705636764,4.2333674582212843e-08,1.100257774639831e-05,0.0027733787162480695,1.2485104049696615e-08
25,0.9002873120606628,2.4132512988033237e-09,0.00869810738919274,2.5105761524882424e-05,0.00011748420449945204,1.340857894090492e-07,0.0002441192533804467,0.00013802378712988837,4.4277301660496447e-08,5.749536842752386e-06,7.751472270355738e-06,2.6604106171826794e-05,0.010594833925431575,0.002784665685685997,8.237942599108969e-08,0.06273250752502388,0.0038603786619453074,0.0008147394460854822,0.0035176389470542584,9.091855724530969e-06,0.0002786293158974767,5.973118205877852e-08,1.4979200174982472e-05,0.005841941222650114,1.3755700819157308e-08
26,0.939235584646815,6.923482647370804e-10,0.006259014620334205,1.988530752958595e-05,7.234743056980648e-05,4.293596440520202e-08,0.0002457098954431098,0.00015319475823423928,3.38453578803253e-08,6.191088764225375e-06,1.0748083696758525e-05,2.2033891035347255e-05,0.009838549473792492,0.002299491668281766,5.363327354524339e-08,0.033813342904561096,0.003093242021560918,0.0004702617509080545,0.00122977221523319,9.504073686867054e-06,0.00013028312602591632,3.049095218120185e-08,9.622864829483438e-06,0.0030810486237590425,9.957042729102067e-09
27,0.9401325674128488,1.1989716230455366e-09,0.006493415903458695,2.60696968199341e-05,7.684427607835851e-05,5.047498261366248e-08,0.00025595569398392353,0.00021008405610649798,4.6825298063776876e-08,6.601309442214305e-06,1.4312030902751384e-05,2.9162538649877733e-05,0.008950055502793893,0.002500872699996514,8.411311897386634e-08,0.03374838213809814,0.00282536402170991,0.0004934794617228351,0.0013193373757254474,9.066465649108027e-06,0.00013231619241832585,4.906868851815131e-08,9.685741152024789e-06,0.0027661824481133475,1.33532695584736e-08
28,0.9336532097566183,7.7664202602329e-10,0.007068116681916387,2.2297813754151425e-05,7.575643112649189e-05,4.630966631828838e-08,0.00026611256242638356,0.00017282919185958878,3.553280762499103e-08,6.672338825059536e-06,1.2606242817815574e-05,2.7550333636691817e-05,0.010091944817473532,0.0026609173904931114,6.565490661281352e-08,0.03772807210996494,0.0031374126943257323,0.0005043684249817393,0.0012561376579496295,1.0308580829405975e-05,0.000149287605140228,3.5518711427135494e-08,1.0127395363534457e-05,0.003146077370164192,1.0807599239434136e-08
29,0.9336532097566183,7.7664202602329e-10,0.007068116681916387,2.2297813754151425e-05,7.575643112649189e-05,4.630966631828838e-08,0.00026611256242638356,0.00017282919185958878,3.553280762499103e-08,6.672338825059536e-06,1.2606242817815574e-05,2.7550333636691817e-05,0.010091944817473532,0.0026609173904931114,6.565490661281352e-08,0.03772807210996494,0.0031374126943257323,0.0005043684249817393,0.0012561376579496295,1.0308580829405975e-05,0.000149287605140228,3.5518711427135494e-08,1.0127395363534457e-05,0.003146077370164192,1.0807599239434136e-08
30,0.9336532097566183,7.7664202602329e-10,0.007068116681916387,2.2297813754151425e-05,7.575643112649189e-05,4.630966631828838e-08,0.00026611256242638356,0.00017282919185958878,3.553280762499103e-08,6.672338825059536e-06,1.2606242817815574e-05,2.7550333636691817e-05,0.010091944817473532,0.0026609173904931114,6.565490661281352e-08,0.03772807210996494,0.0031374126943257323,0.0005043684249817393,0.0012561376579496295,1.0308580829405975e-05,0.000149287605140228,3.5518711427135494e-08,1.0127395363534457e-05,0.003146077370164192,1.0807599239434136e-08
31,0.7555214801353087,7.616945260022035e-09,0.004799372783294548,0.00027476487933545963,0.0011551854671816286,2.325663376955939e-06,0.003031374122232884,2.0632783791154858e-05,1.9606390045841143e-07,4.114325104134833e-05,0.00016354282406916564,0.0002284291144268601,0.0027967685222812276,0.09400326674557836,6.848417844994122e-07,0.10948461074020967,0.008962842176125047,0.005682194998828791,0.0016968435540633837,6.421678177346248e-05,0.0016110259067574244,3.3806244854914563e-07,0.0005404747105114123,0.009917619800645825,6.584540879209328e-07
32,0.933382234446812,8.434530718920771e-10,0.006929652112327167,2.127913313412815e-05,7.62831032490833e-05,4.812848113765041e-08,0.00024052452514288945,0.00016356040021099183,3.4958509429333043e-08,6.40689564671367e-06,1.1435905643067975e-05,2.4275345975699052e-05,0.01036156864264758,0.002470977840332478,6.181907205978107e-08,0.03784489346159111,0.003104440403764611,0.000519415679332546,0.0014653922658752286,9.654547969682338e-06,0.0001408316133165379,3.5109004061609644e-08,9.637333718966574e-06,0.0032173453459026385,1.013888737042721e-08
33,0.9169255469482924,8.31128221806596e-10,0.006300931854447073,2.3038221011425227e-05,6.802618058795328e-05,6.277223814633766e-08,0.0002776529556016902,0.00017111800305786662,2.923598100382997e-08,6.335729308436699e-06,7.904078313287378e-06,2.6591023112412385e-05,0.013033399953170184,0.002393229577627794,4.721006620214588e-08,0.04982147302038989,0.0037148768622503477,0.0006358315175562134,0.00181367664684019,9.398313739261362e-06,0.00013679688184595955,4.1599339886192385e-08,8.873440287094924e-06,0.004625108328877716,8.81492909846158e-09
34,0.8385949784356992,2.7723393138556203e-09,0.012246529431807276,5.88660180280946e-05,0.00012084237626705693,2.2753965370961053e-07,0.0007022352603805968,0.0004032969594200406,6.658075733507612e-08,1.2527417218167724e-05,2.1916216375143075e-05,0.00011782187993831023,0.017465091739875274,0.005163491543042093,2.1442192115982637e-07,0.10574388957244056,0.006782694428244398,0.0015506957765728717,0.002044493457092856,2.4768860628725e-05,0.0005889461903774016,1.604777960902776e-07,2.791711736895734e-05,0.008328297882846362,2.7643908975175284e-08
35,0.9707928355073071,5.340540305215557e-10,0.0032420511682361023,1.4807414786676344e-05,3.9521950119838115e-05,1.8352423801257447e-08,0.0001077287233753055,0.00023285043969761195,5.214681798992286e-08,4.000313492979311e-06,6.6449768830450876e-06,8.48604024442736e-06,0.0059702360521518665,0.0005116277443580685,2.555086683712637e-08,0.015465774332058268,0.001559949857382729,0.00016604685616222715,0.000958810974269397,3.3322800131183484e-06,2.7855858395867862e-05,2.599056615202611e-08,2.3473404318260657e-06,0.0008849648470357467,4.748869076259454e-09
36,0.9210073397204899,6.087498859241644e-10,0.005913909248448872,2.6419625498830366e-05,5.287515213189438e-05,4.4651282411860934e-08,0.00044845394455326505,0.00032957432806669194,3.4809083439027044e-08,7.174020832106578e-06,1.810719044785083e-05,8.163029993263289e-05,0.012021622058586914,0.0040001141438690485,9.294485580090924e-08,0.046472088476479816,0.004416597086274617,0.0007659870650311632,0.0008477803603621963,1.2431886539171154e-05,0.00016779856909684637,6.8634705946535e-08,9.23228639105096e-06,0.0034006103089259444,1.2579363649095838e-08
37,0.8568965695539831,1.9169537225416445e-08,0.024049950327884307,0.0001161482261762638,0.00020133598231203073,3.671937486376615e-07,0.00015019582950755696,0.009325804869719258,1.9675012724889885e-06,6.065445634803547e-05,0.00010115488870114151,7.224368900648643e-05,0.02351035370704546,0.00024103015063358887,8.191202531120954e-07,0.07182430478145842,0.004482522514191904,0.0006600800681993707,0.007343833866467428,2.5157110807634346e-05,0.00012000387687711333,7.706874358972962e-07,5.745199646885314e-06,0.0008089444967064629,2.2732080305762152e-08
38,0.8890871808724258,1.0037540188047469e-09,0.00754774563402021,2.439759118574367e-05,8.767152693306154e-05,9.321493381182802e-08,0.0003522344935748631,0.00018579755154742042,3.4366469792954624e-08,6.351857822398551e-06,1.3259002788460419e-05,4.114670843535683e-05,0.014105576395233774,0.0036837901956098705,9.213142783427591e-08,0.07279073166926847,0.0040002130824279706,0.0010720258951948034,0.0019876227000651834,1.3279500020553014e-05,0.00026308173482864045,4.5517627129362605e-08,1.4233879988956974e-05,0.004723383249743234,1.0224672986947213e-08
39,0.8511124387732248,1.6204228728911677e-09,0.015281875982303112,3.570640370880342e-05,9.257916469488603e-05,1.2658502191392572e-07,0.00034664945298073477,0.00034856306646962286,5.3080183141325924e-08,7.568171280697433e-06,1.2467416445394944e-05,6.0561037878177156e-05,0.016036169842598876,0.002359507312459034,1.0972153315154716e-07,0.10027942443569951,0.005188816441945639,0.000878086615731255,0.0022819842261372564,1.480172488221268e-05,0.0004976563386388708,8.321525453370372e-08,1.5224132528862884e-05,0.005149534576067205,1.0661909504325915e-08
40,0.939860721289037,7.732789112444511e-10,0.008085368819501082,1.7782966671264916e-05,8.882571366156312e-05,3.760127874579754e-08,0.00026297280602830735,0.00013747528899650543,3.279051572919867e-08,6.356002158053045e-06,1.3634402777573875e-05,2.9328929236355527e-05,0.008458190547836125,0.0035702644968339738,7.148804910631957e-08,0.03152446797224098,0.003042044759853974,0.0004314900886256382,0.0012663327161974035,9.651532268847417e-06,0.00015094725128665974,3.292705357920182e-08,9.998157218571606e-06,0.0030339576942920066,1.2985102098172369e-08
41,0.9326385945388188,4.836663440585161e-10,0.007604763903722006,1.3918017598068007e-05,5.7038832079527626e-05,4.68706470976707e-08,0.0004584658177812932,0.00013532738061365832,2.2047636034822242e-08,7.387729358520304e-06,8.564462076599578e-06,4.2659114719628544e-05,0.009835445214770784,0.003097374551646039,5.269261950039868e-08,0.03176113687085649,0.00629311108098458,0.00042137106949810007,0.0009828518199790357,9.850112687828828e-06,0.00024690373482078194,4.4634100835995036e-08,1.338863502209339e-05,0.0063716650341335175,1.5350162813111925e-08
42,0.8617089341911053,2.340385357338188e-09,0.01783753216112984,4.971648158424023e-05,7.796977191755219e-05,9.920794965608019e-08,0.0002348370011564569,0.0005354962151957484,7.528101256878383e-08,7.419381748028629e-06,1.285669532172746e-05,4.4179770509246025e-05,0.014040336512539442,0.0011492009491873346,9.463598817836554e-08,0.09415492171446431,0.003672984899005099,0.0005503319465215922,0.0026964019600673223,1.0221396242200697e-05,0.0002750129600309274,1.1862758065221068e-07,7.5900384345390505e-06,0.0029336586485229125,7.212399707722343e-09
43,0.8933607244124342,1.0819154646797679e-09,0.01177893661040036,2.7959944905440823e-05,8.99115037969569e-05,9.655092207089016e-08,0.000297509678721621,0.00028982996527038323,4.737433696343285e-08,1.1047954209871023e-05,1.0644636014594362e-05,3.663554660867303e-05,0.01725688788228256,0.001730262501611575,7.519440675222754e-08,0.06197166044330653,0.005132479854094786,0.0006164109877534227,0.0019738258660370223,1.500003962713564e-05,0.0003097763091566062,5.98588811536629e-08,1.2292231317933016e-05,0.005077914083692247,9.488295897660578e-09
44,0.9336532097566183,7.7664202602329e-10,0.007068116681916387,2.2297813754151425e-05,7.575643112649189e-05,4.630966631828838e-08,0.00026611256242638356,0.00017282919185958878,3.553280762499103e-08,6.672338825059536e-06,1.2606242817815574e-05,2.7550333636691817e-05,0.010091944817473532,0.0026609173904931114,6.565490661281352e-08,0.03772807210996494,0.0031374126943257323,0.0005043684249817393,0.0012561376579496295,1.0308580829405975e-05,0.000149287605140228,3.5518711427135494e-08,1.0127395363534457e-05,0.003146077370164192,1.0807599239434136e-08
45,0.951886239939192,9.188896366601643e-10,0.0067417101800374335,2.2361359061260323e-05,9.459689066530392e-05,3.889814502969555e-08,0.00019200768232459218,8.339776047743531e-05,3.6869470594252185e-08,5.819080831077967e-06,1.621955400120522e-05,2.2536818858636255e-05,0.0057724383386291035,0.00396004017992605,7.186849913503828e-08,0.024133199783764454,0.0028674703686044963,0.00046579500487980735,0.0010519279214416038,1.0236495869185992e-05,0.00016878289610825224,2.765357890749434e-08,1.6786194758960544e-05,0.00248823832190381,1.9020082133155628e-08
46,0.9403697592823224,2.464598919527494e-10,0.005207034330906391,1.882877402965684e-05,3.712255455503258e-05,3.1096197042591704e-08,0.0003216253573080733,0.00015989180893644626,2.056178471631233e-08,6.3963846943325045e-06,5.949050961343892e-06,2.425367803960655e-05,0.010942654346112928,0.0011378865120214427,1.9693067333623158e-08,0.032135161532543526,0.005119298041322873,0.0003259918766901058,0.000769430664110448,7.299720589201615e-06,0.00011446983343924713,3.722967193148067e-08,5.843798089323934e-06,0.003290987700099276,5.926047389754245e-09
47,0.38280551461245527,1.7037039559229582e-07,0.041453392317378254,0.00016525206833939112,0.007947805612086502,1.590330793277114e-06,0.00040356412393169,0.0005124160486509959,2.19112351144649e-06,6.791387152969008e-05,0.00576336466488669,0.00031935052753091173,0.005049889985855992,0.44810512030571775,0.00017549779282300635,0.05288512025485373,0.0022238247192183465,0.03252401140157809,0.003066236928542395,0.00092171438506435,0.010394476665775355,1.1309493824219672e-07,0.002377107063175499,0.0028325866097350305,1.7751212323699794e-06
48,0.9359293807651455,6.982779020331952e-10,0.006037683557352313,1.71103001281131e-05,6.237857310657113e-05,4.4528343697199126e-08,0.00023909303715771493,0.00016806554601246846,2.8497944577183924e-08,6.1882590228529295e-06,7.4988207517175e-06,1.9635274283183982e-05,0.0117323618430736,0.0018003725905631931,4.310069643301148e-08,0.03445419730367329,0.0034770703681514087,0.0004555717941063037,0.001550264480231774,8.028840502374307e-06,0.00011444991194006517,3.3636071227191e-08,7.563272638730634e-06,0.003912926910686172,8.090138615919368e-09
49,0.9050641394266368,1.1990915516216412e-09,0.011331177558505207,3.1056250147547684e-05,8.863051957782019e-05,7.663005987188315e-08,0.00035639472414195804,0.0002792137947030488,4.924801122090806e-08,8.888838464362944e-06,1.3729146719158904e-05,4.8059641029601215e-05,0.013263132825127357,0.0024018119261931203,8.509525959988405e-08,0.05669709845329753,0.003995875182889071,0.0005614966468265511,0.001631146665383566,1.2911295247853976e-05,0.00022835888154788947,6.993471528269894e-08,1.0676909990633832e-05,0.0039759069080116454,1.2298421724961582e-08
50,0.9596790569166789,2.065356524976567e-10,0.00396667729178685,1.0895346747263714e-05,4.454314786612213e-05,1.7293692403376833e-08,0.00024946158037239487,0.0001241703051446439,1.869250393593872e-08,5.914269296940958e-06,7.139173475709114e-06,1.4501315478323126e-05,0.009332943482172234,0.0018467640273418717,2.422894262099374e-08,0.01894436010362944,0.002315321795693971,0.00021712836494693796,0.000654024679986255,6.501174942718652e-06,5.027714405930268e-05,1.4002625103993477e-08,4.684998576695549e-06,0.002525554013893935,6.443610032546934e-09
51,0.9154709677677717,2.892023320542409e-09,0.009106367543111843,5.65365326456665e-05,8.496872991551698e-05,8.307638835148594e-08,0.00028518029277163056,0.00034245080954666706,6.49097452883879e-08,7.992382203009173e-06,2.5911985182574988e-05,5.217641780657403e-05,0.009498611826375701,0.0035005157082118694,1.9391040635063208e-07,0.052650178924131825,0.003184014423330542,0.0008837252145734322,0.0016532911348050069,1.3056200020676347e-05,0.00024592491399820396,1.069969317760168e-07,1.4470481977958572e-05,0.0029231879730850056,1.895303950043316e-08
52,0.9332015876916555,6.453515012575971e-10,0.005581736570857301,2.3690321454626937e-05,7.507543222750857e-05,5.3151250053345385e-08,0.00021652333028734856,0.00021582860486330654,3.5172351074617946e-08,8.981817083476565e-06,1.497057282469979e-05,2.7976435520559667e-05,0.013252220578253662,0.0027191957598477995,7.371958195949138e-08,0.0373751071446181,0.002414178167287275,0.0006610856221700366,0.0012728888584970976,1.3901940283244563e-05,0.00011411823077121069,2.8758940285246273e-08,8.444836387683386e-06,0.0028022881966818817,8.44095287460371e-09
53,0.9234319643227477,5.519669211009074e-10,0.006816001498146508,3.1101416399697504e-05,9.078605615806002e-05,5.328697243558696e-08,0.0005249129968155119,0.00015750194866635494,4.119679049564432e-08,7.66882624695378e-06,2.2871844004795708e-05,4.557171575097651e-05,0.00977520879034093,0.004548769451521338,8.446201122402975e-08,0.045606778464804994,0.0040804004138098645,0.0007164289673000546,0.0006841183616492642,1.8679927482045316e-05,0.00023532382905209034,3.5762520629352686e-08,2.0260158037469178e-05,0.00318541843315666,1.731764702268808e-08
54,0.9435042131494964,2.1206256596450535e-09,0.00523231104982328,2.7299186469647964e-05,8.05661594306135e-05,6.131976372341815e-08,0.00030225621837417897,0.00016026701018962043,4.4122744258792185e-08,5.237721175695521e-06,1.3029897594322277e-05,3.0621266875412906e-05,0.0062344395744869385,0.003881810622001219,1.1211094672232441e-07,0.03199682140338132,0.002772348583602088,0.0005476802109975342,0.0015488969485985657,6.654283703789936e-06,0.0001420988361257403,6.635890308143225e-08,1.1627698724304314e-05,0.003501512395241989,2.1750723989774147e-08
55,0.8999375316315039,6.020771266521051e-10,0.006445083466157143,2.6233014042189352e-05,7.425915909068158e-05,6.779438533705376e-08,0.00042510852313200283,0.000279434333542428,4.09249028829745e-08,7.333721812754877e-06,1.1879563193208586e-05,6.850810029370187e-05,0.016898864940015385,0.0032265822990390465,6.433756915645225e-08,0.06311910348838204,0.003375525210752787,0.000772517940801514,0.0010787790303837875,1.4971354866064012e-05,0.00015453363605832972,4.6874036499290875e-08,1.0061694020302722e-05,0.004073457957173342,1.0402768529746536e-08
56,0.9316918754092295,7.2689556772901e-10,0.006943862533559667,2.2141609230681894e-05,7.368619731653057e-05,4.7385380026844015e-08,0.0002713355003170422,0.00018021530573716538,3.513388965164043e-08,7.008641016503758e-06,1.1929328498271718e-05,2.7088398861118e-05,0.011159134549027968,0.0025131478918396875,6.083831095842652e-08,0.038710018071343215,0.00317535354260494,0.0005056044185514367,0.001279552783305703,1.0617747497114553e-05,0.0001401548639857768,3.471951097699602e-08,9.649085337908025e-06,0.0032674350984125047,1.0220340365507104e-08
57,0.9006041416428371,8.539042053901395e-10,0.014736867360295454,2.2338061842213986e-05,0.00010156540923442607,6.365754356936924e-08,0.00034464967841434433,0.0002618920072720789,4.768712452264706e-08,1.0231215028621203e-05,1.2069864329930516e-05,4.712304852685367e-05,0.01595581068759464,0.0022401764280550246,6.660545502732284e-08,0.05497173205215249,0.004137621046537958,0.00042964863300913814,0.0016616682812672548,1.4172590965607788e-05,0.00021446482800809385,5.320615197632971e-08,9.410013802277194e-06,0.00422417446653653,1.067411080160251e-08
58,0.9298981654320528,7.375011999377093e-10,0.006887799347916633,2.009860467336869e-05,7.132631114921329e-05,5.0945320675845484e-08,0.0002679208441055189,0.00017143979879806365,3.2231093519491645e-08,7.1556430134682955e-06,9.924312884896352e-06,2.6709560046077694e-05,0.01180716483011157,0.0024476029717191783,5.6620460229080075e-08,0.03893718436544524,0.003406027133677542,0.0005050758410900219,0.0013957300912558666,1.0289558595614796e-05,0.00014533575106531556,3.481330081961148e-08,9.922884237585414e-06,0.003974941256568049,1.0113917598924385e-08
59,0.9270364368124799,7.302266332752453e-10,0.00802617306187456,2.077135462316712e-05,7.460133871275138e-05,4.961093681556543e-08,0.0002828702575567955,0.00018076559757899973,3.368998476945782e-08,7.4525409683066824e-06,1.0723677405589412e-05,2.87629295166706e-05,0.011926282874292432,0.0024584968601884605,5.8638729811490534e-08,0.04052259166771979,0.0035200297028011814,0.00048057703340171156,0.0013575826418262729,1.0996564973179706e-05,0.00015852502219900153,3.615903521925458e-08,1.0081104409015466e-05,0.0038860898241927498,1.030436591586193e-08
60,0.9336532097566183,7.7664202602329e-10,0.007068116681916387,2.2297813754151425e-05,7.575643112649189e-05,4.630966631828838e-08,0.00026611256242638356,0.00017282919185958878,3.553280762499103e-08,6.672338825059536e-06,1.2606242817815574e-05,2.7550333636691817e-05,0.010091944817473532,0.0026609173904931114,6.565490661281352e-08,0.03772807210996494,0.0031374126943257323,0.0005043684249817393,0.0012561376579496295,1.0308580829405975e-05,0.000149287605140228,3.5518711427135494e-08,1.0127395363534457e-05,0.003146077370164192,1.0807599239434136e-08
61,0.9302902915787813,7.385105219203799e-10,0.007876928937897511,2.0204985506082687e-05,7.602139207799791e-05,4.849637457669436e-08,0.0002698014383162378,0.00016984097453938486,3.4192886421953305e-08,7.138474132448679e-06,1.0930932497912595e-05,2.7560504841125627e-05,0.01104797888543501,0.0024716191492672136,5.926265424943994e-08,0.038712405290202145,0.0033928459531485503,0.00046538365524202886,0.0013521287212132967,1.0428776898562752e-05,0.00015753740913529676,3.509056011365067e-08,1.0071802238530024e-05,0.00363069292338788,1.0434255550277286e-08
62,0.9336532097566183,7.7664202602329e-10,0.007068116681916387,2.2297813754151425e-05,7.575643112649189e-05,4.630966631828838e-08,0.00026611256242638356,0.00017282919185958878,3.553280762499103e-08,6.672338825059536e-06,1.2606242817815574e-05,2.7550333636691817e-05,0.010091944817473532,0.0026609173904931114,6.565490661281352e-08,0.03772807210996494,0.0031374126943257323,0.0005043684249817393,0.0012561376579496295,1.0308580829405975e-05,0.000149287605140228,3.5518711427135494e-08,1.0127395363534457e-05,0.003146077370164192,1.0807599239434136e-08
63,0.9329246237398284,1.0400955492917617e-09,0.007004992053548576,2.4409506830951146e-05,8.04291084481399e-05,5.363673089717826e-08,0.0002588051743375232,0.00017606804464645692,3.981453257485695e-08,6.640148373464633e-06,1.3221182352603755e-05,2.6910579946680897e-05,0.009868869362776532,0.002660586090137134,7.520866051218125e-08,0.038345069393946773,0.003200966714832293,0.0005667080079683302,0.0014499042197155742,1.0240925143260541e-05,0.00015666875025313137,4.18524743876675e-08,1.0950404827801107e-05,0.0032137129361273407,1.2103464958942163e-08
64,0.9208222908753908,9.225923573161196e-10,0.009261421010611276,2.4068620780768357e-05,8.72360637539507e-05,5.8533116721065836e-08,0.00028676393992847733,0.00017737410515667403,3.956399979311165e-08,7.294274712655472e-06,1.4032336273147491e-05,3.437831595558769e-05,0.010603838284722118,0.002995165536237616,8.096705049592856e-08,0.0459002849683318,0.003895771943231372,0.0005814910007754431,0.001419449825276617,1.2300415162820137e-05,0.00023859183698825403,4.232195562555334e-08,1.3406456129210335e-05,0.003624605536248981,1.2345617481370482e-08
65,0.9230064661019973,1.1872856517720142e-09,0.00809321761383439,2.756420440413354e-05,8.960921267798522e-05,6.694421447842986e-08,0.00029735876223803745,0.0001765923069331501,4.216577668986426e-08,7.044298724092796e-06,1.4182571358658755e-05,3.407175907127673e-05,0.010236252919993267,0.0032151545121664768,8.865796163905162e-08,0.04488072000334373,0.003697028541460683,0.0006632173984836236,0.0014832477028568155,1.2248402053485655e-05,0.00022188286520194282,4.749519828547809e-08,1.4668323747060513e-05,0.0038292112632694383,1.4785747514691747e-08
66,0.9378092022246588,3.7091621002207266e-10,0.007304695705879872,1.5496278382080953e-05,7.62549901524509e-05,3.289143602982683e-08,0.0002626797699917798,0.00013656370995371043,2.933256520597369e-08,6.744059687767425e-06,8.47790344809409e-06,1.7982961546037987e-05,0.01155381472418529,0.001789255277268437,3.1081510244734595e-08,0.03370507408577149,0.002943123510732147,0.00031223685707101396,0.0011206730052724214,9.367535360115413e-06,9.969178028545568e-05,2.072627090094514e-08,6.7015185534974455e-06,0.002821842797766417,6.90133471626322e-09
67,0.8909202606078127,1.9994987477727517e-09,0.010032422255608789,3.68512214864283e-05,9.723874554695485e-05,1.2692268010091374e-07,0.00042788248919519757,0.00018813471788083733,4.437058667221023e-08,7.655104729064597e-06,1.6696951320047342e-05,5.460683236686829e-05,0.011515691915380294,0.00498575296345755,1.43794818519453e-07,0.0652912998243735,0.006060036636821259,0.0012393928099543117,0.0019219782603719215,1.7972252043777966e-05,0.00048767637787683354,7.936928201786157e-08,2.9044587830549487e-05,0.006668983928858434,2.5060218426807922e-08
68,0.9579173073886039,5.26360008226887e-10,0.004776471501198397,1.439856768936684e-05,6.41096235200204e-05,2.1582811352868524e-08,0.00015970113995949952,9.228868017964207e-05,2.7345508162056568e-08,4.349702854243165e-06,8.787970411017624e-06,1.090990436970433e-05,0.006902998323671507,0.0019450166368988322,3.342064801419522e-08,0.02262861263695244,0.0020204814446775025,0.0002857799396868973,0.0011496051791758531,5.531708018915787e-06,6.152778399296902e-05,1.7985086011019663e-08,6.100813074477408e-06,0.0019459126845421408,7.510109070054873e-09
69,0.9319875318840819,7.447241715757004e-10,0.006699584689352782,2.06241723626262e-05,7.043316781663096e-05,4.5711283065690494e-08,0.00025886973379320573,0.00016599895310451365,3.185481567292037e-08,6.211444277594768e-06,9.835170220262375e-06,2.513382075673823e-05,0.010480817843984535,0.0024529749248614,5.4701653624696845e-08,0.03945423282865967,0.0029541454943229567,0.0004607091642002962,0.0013747592320654935,8.852321452194892e-06,0.00012893184848328658,3.3602572907975964e-08,8.648225309206421e-06,0.003431529080889536,9.384955826342061e-09
70,0.893939735105352,9.828323281804833e-10,0.012853773143807248,4.9879424562781044e-05,0.00011007029069712522,8.216949150825233e-08,0.00038707053787954873,0.0002520435955556377,6.164540661756658e-08,9.297141814131362e-06,2.168671101332779e-05,4.334417595457051e-05,0.011909665137901744,0.0026688304034099206,8.579788064839931e-08,0.07061914422964938,0.0026791370473706064,0.0005449263758583098,0.0012175621359510134,1.748918779924294e-05,0.0002210930609565127,4.884663346961375e-08,1.2068448311721754e-05,0.002442892810736898,1.159317369731213e-08
71,0.9651649055013977,6.435777009081652e-11,0.0023173313706681114,7.879169344961563e-06,3.754378209709199e-05,1.278565448386574e-08,0.0005149809228072837,0.00012488749833298727,1.769949991643478e-08,6.387258136908475e-06,3.80962860493863e-06,1.063018291928296e-05,0.011018409645192141,0.0009781714542116493,8.22691167574475e-09,0.014992367491979595,0.0020384896477996296,0.00010030236024557267,0.00032052453933777104,5.318550723011789e-06,1.995632911983807e-05,9.155081080165123e-09,2.3671297101866024e-06,0.0023356851799986424,4.42586770133622e-09
