,0,1,2,3,4,5,6,7,8,9,10,11,12,13,14,15,16,17,18,19,20,21,22,23,24
0,0.6215496740965478,9.832592303900659e-06,3.583409888348548e-05,2.562836377277621e-07,9.9800247415314e-08,2.8750462729499716e-11,5.697097328416705e-06,2.4405635066232628e-05,6.552319162597472e-10,4.508618400542283e-09,2.0100029345068147e-07,0.00013037041988041328,8.668781492603608e-07,1.0017237754697438e-08,1.3592186108700726e-08,7.391664683612e-10,0.013611147371572516,0.001923254801994576,2.247777405356699e-09,3.3441033475740524e-09,2.2974535228204063e-08,9.68775649049846e-06,5.444660464578353e-07,0.36268874232151643,9.327272434105075e-06
1,0.6215321230315543,2.3744964955009924e-05,2.5272323504764838e-05,4.3067673274104995e-07,1.2258466837457586e-07,3.045699162792895e-11,5.423179392262849e-06,2.948304500706535e-05,5.679851115644971e-10,1.1300040382525965e-08,1.4314260679911407e-07,0.0001649097953383454,7.786368053411458e-07,1.8576455489094843e-08,1.947912054036302e-08,1.0300375589312425e-09,0.02077431446661912,0.0028444226453914175,4.015883765534727e-09,3.2376762318365824e-09,6.072908614422046e-08,2.5265810689502538e-05,9.72127797589123e-07,0.35454597700704876,2.6497595146537877e-05
2,0.6052421548601761,1.9932162462341514e-05,1.6289758523137858e-05,4.4167181466675345e-07,1.1307040692440377e-07,2.9904518320643425e-11,4.957696854523987e-06,2.813532159927059e-05,2.854147136824698e-10,9.09137734289062e-09,1.3684795910263802e-07,0.00018512795142009827,6.333762763421259e-07,1.8099951935571568e-08,2.3328950093096565e-08,1.1463146781251558e-09,0.027551135106249146,0.0031899796518885704,2.9784346941903783e-09,3.151130600007431e-09,6.619359464807257e-08,3.0961923493574496e-05,1.898912087120669e-06,0.36370180511752626,2.617226618957107e-05
3,0.572433015501264,2.094277796373428e-05,1.977482628675115e-05,4.5197085547308603e-07,1.0876644066443405e-07,2.2413157930759988e-11,4.334643533897332e-06,2.7709439130728025e-05,3.1176287605802434e-10,8.151862031159983e-09,1.410362318703106e-07,0.0001666453325128608,6.610161960694434e-07,1.511160285422832e-08,1.535123369508468e-08,6.88157444891104e-10,0.025090573469469028,0.003437652084874699,2.4976854093726864e-09,2.772575460780245e-09,5.793058752842616e-08,2.2797352311095718e-05,1.1694504456858234e-06,0.3987504069710018,2.3512523601255772e-05
4,0.5602900356465335,2.1733815181696627e-05,2.3908452356155537e-05,5.049722234721097e-07,1.3168744260573414e-07,2.5431791359737972e-11,4.724901410540937e-06,2.8282415075235818e-05,3.6547314957177087e-10,8.86015213602084e-09,1.504943045559569e-07,0.00017391222771012763,8.007807258932469e-07,1.8358277563033206e-08,1.641620294774112e-08,7.604365413934169e-10,0.02434959644339409,0.0033023285800479244,2.6920580214146383e-09,3.0129154813169866e-09,5.9517898832761406e-08,2.166837225682397e-05,1.182835018777773e-06,0.41175740806479527,2.3520302676725157e-05
5,0.5300640102493483,2.2578595988621898e-05,1.840248633837588e-05,5.43556883075466e-07,1.0773476642829901e-07,2.1460680292673133e-11,4.27768946229568e-06,2.7969216897316316e-05,2.7027265320848766e-10,8.55928502301803e-09,1.3935011914009398e-07,0.00015385322233691254,7.255173976993849e-07,1.4968300877281965e-08,1.293124845945529e-08,6.106997017909238e-10,0.025301129693834874,0.0041379263469894555,2.1413299583414374e-09,2.9827668603086497e-09,5.7712049541860714e-08,2.1267235022747467e-05,1.3176077948500765e-06,0.44022187651289835,2.377478650758823e-05
6,0.572433015501264,2.094277796373428e-05,1.977482628675115e-05,4.5197085547308603e-07,1.0876644066443405e-07,2.2413157930759988e-11,4.334643533897332e-06,2.7709439130728025e-05,3.1176287605802434e-10,8.151862031159983e-09,1.410362318703106e-07,0.0001666453325128608,6.610161960694434e-07,1.511160285422832e-08,1.535123369508468e-08,6.88157444891104e-10,0.025090573469469028,0.003437652084874699,2.4976854093726864e-09,2.772575460780245e-09,5.793058752842616e-08,2.2797352311095718e-05,1.1694504456858234e-06,0.3987504069710018,2.3512523601255772e-05
7,0.45396627240358445,2.4849010708839633e-05,3.0407454455099e-05,5.129691822018148e-07,8.598141535762065e-08,1.58090840178771e-11,6.164702394326511e-06,3.1472287764485966e-05,5.029979411592223e-10,7.644838589425374e-09,1.9166774290107422e-07,0.0001205283728659033,1.210335144803412e-06,1.1370771153363449e-08,1.0762030400666466e-08,4.023358399743801e-10,0.017472027922116655,0.00301198091097773,1.9456491972790336e-09,4.249702083909718e-09,3.496969097658787e-08,1.2479988309701352e-05,5.697968850106122e-07,0.5253041721787394,1.700215388783953e-05
8,0.6006912400402773,2.0661156965293174e-05,1.9885922463910718e-05,4.3144168722006777e-07,1.0672874338237675e-07,2.5262228828839616e-11,4.317975273351811e-06,2.9014596913879745e-05,3.5283971675083475e-10,7.773932925280142e-09,1.7205892835085393e-07,0.00017901909459456597,6.14295635692877e-07,1.4239863016499968e-08,1.6627372859168455e-08,6.959844300468021e-10,0.026407999526210656,0.00363786819905152,2.7792724205888985e-09,2.970805494930383e-09,6.393508926753088e-08,2.4517154928970297e-05,1.1133335555304184e-06,0.3689607199854549,2.220908889316804e-05
9,0.9288068151788911,1.344865187252751e-05,3.511251808710913e-06,2.5210784308047714e-07,1.0230685521937285e-07,4.2166795514529623e-10,5.05826462844448e-06,1.8028605016452964e-05,3.06206442685459e-10,9.4854823486603e-09,7.198195021191264e-07,0.0004951854266494454,1.1471241255926152e-07,3.344475906408546e-08,6.899634023216769e-08,3.983659748449854e-09,0.0238125187451109,0.010495942320726592,1.4893185047036429e-08,2.9630883285928303e-09,3.6986030134321525e-07,0.00021400524682615706,5.666845627424919e-06,0.03611076236922374,1.7363792314969733e-05
10,0.572433015501264,2.094277796373428e-05,1.977482628675115e-05,4.5197085547308603e-07,1.0876644066443405e-07,2.2413157930759988e-11,4.334643533897332e-06,2.7709439130728025e-05,3.1176287605802434e-10,8.151862031159983e-09,1.410362318703106e-07,0.0001666453325128608,6.610161960694434e-07,1.511160285422832e-08,1.535123369508468e-08,6.88157444891104e-10,0.025090573469469028,0.003437652084874699,2.4976854093726864e-09,2.772575460780245e-09,5.793058752842616e-08,2.2797352311095718e-05,1.1694504456858234e-06,0.3987504069710018,2.3512523601255772e-05
11,0.5597829634235711,2.1247913959211913e-05,2.1056109485524186e-05,4.725289446227945e-07,1.1236831544089589e-07,2.28323361258693e-11,4.530517405629497e-06,2.861589475320178e-05,3.3232508160752097e-10,8.429643149550652e-09,1.4559407700880627e-07,0.00016795037025878358,7.298061019377541e-07,1.5600080124498272e-08,1.5345509771478796e-08,6.950710232713744e-10,0.02490162929915116,0.003438917526086307,2.508633364160599e-09,2.9607876709092694e-09,5.732286262669715e-08,2.2053716163728147e-05,1.1548530965766846e-06,0.411585231360818,2.3085500066256484e-05
12,0.5683294887864238,2.128257949413616e-05,2.051901387506372e-05,4.3921170352566744e-07,1.0218254028002648e-07,2.1644530184809455e-11,4.5820653013779266e-06,2.8278582822444433e-05,3.5867938355832216e-10,8.213205725101007e-09,1.4499820776204309e-07,0.0001562346835852489,6.832282257549126e-07,1.3977532240248098e-08,1.5256365175595365e-08,6.496406105510513e-10,0.023143886352998952,0.003271594070038347,2.5602310759622363e-09,2.8395718930862095e-09,5.431494145136254e-08,2.142726839179139e-05,1.0140132998806297e-06,0.4049768264457527,2.3398325526849714e-05
13,0.702960176751464,1.5052891947664163e-05,2.9868273675411397e-05,4.203067514084827e-07,1.2513642213444002e-07,2.1143490081990542e-11,4.091177465244234e-06,2.9464222151496845e-05,3.6781854130167725e-10,4.404152946887314e-09,2.7308435184956046e-07,0.0003815632830455503,6.015923589670465e-07,2.01395508340014e-08,1.8780293905258433e-08,6.161150212453943e-10,0.031597460180477044,0.002723748739420591,3.312654501712488e-09,2.808555550273428e-09,7.519115001353089e-08,2.3945153828375522e-05,9.399340562383484e-07,0.262210739905452,2.1403725697233122e-05
14,0.17379102777429833,0.00013495477060617935,2.120877820587891e-05,6.675005937263313e-07,1.7317120618597221e-07,2.7741918065085167e-11,3.979451555068374e-06,3.127066791265203e-05,1.1272205297332004e-09,3.4452467676164726e-08,1.5506025925595737e-07,2.6918817117040262e-05,1.668534381878796e-06,8.794486816981365e-09,1.3368639724877766e-08,2.587940569822197e-10,0.013475412665315512,0.0038459732565213787,2.6786068223550225e-09,3.2491428808249855e-09,4.7743475573239846e-08,1.433923733919567e-05,3.8647400058564196e-07,0.8086327582216646,1.8993918446765363e-05
15,0.572433015501264,2.094277796373428e-05,1.977482628675115e-05,4.5197085547308603e-07,1.0876644066443405e-07,2.2413157930759988e-11,4.334643533897332e-06,2.7709439130728025e-05,3.1176287605802434e-10,8.151862031159983e-09,1.410362318703106e-07,0.0001666453325128608,6.610161960694434e-07,1.511160285422832e-08,1.535123369508468e-08,6.88157444891104e-10,0.025090573469469028,0.003437652084874699,2.4976854093726864e-09,2.772575460780245e-09,5.793058752842616e-08,2.2797352311095718e-05,1.1694504456858234e-06,0.3987504069710018,2.3512523601255772e-05
16,0.6418186260336604,2.3537847189919243e-05,1.471590332926628e-05,4.828921343212971e-07,8.210029039013003e-08,2.5979327380648213e-11,4.276316302017288e-06,2.488091123717765e-05,2.386627751259783e-10,1.0315035148130997e-08,1.2784959633837242e-07,0.00018404317447841154,5.370938012807342e-07,1.6387384982929153e-08,1.3135355248519575e-08,8.206147700127661e-10,0.025019834661750055,0.005030757180576507,2.4177039642252294e-09,3.0500233055850565e-09,8.272143233082002e-08,2.8963061547595976e-05,1.3748961726583215e-06,0.32781852306882875,2.910789691328366e-05
17,0.5993082865467902,1.9877808006889485e-05,2.147953561219967e-05,6.974102617694888e-07,1.2475487080506827e-07,2.5209138127156523e-11,4.700320730286964e-06,2.675405250182323e-05,2.2830468674628236e-10,7.996056018680239e-09,1.506510506756587e-07,0.0002221130147298393,7.973470281168332e-07,2.4432102691529996e-08,1.2159626720953649e-08,7.790262364492801e-10,0.024488592215698317,0.0045052541176749256,2.1171819152695218e-09,3.49419742112633e-09,6.609098170090036e-08,2.1979651163314212e-05,1.8264698848778298e-06,0.37135066166671565,2.6587114593586354e-05
18,0.5574761120248342,1.5829429251576074e-05,1.3947259429242917e-05,3.1985373845343823e-07,6.664230177753415e-08,1.076948603751713e-11,3.1244335289312854e-06,2.5239974805179123e-05,1.5929968210747536e-10,6.310832308577234e-09,8.289672617462212e-08,0.00018406878025754763,4.5661938570096065e-07,1.0057439016875291e-08,1.0441943397840291e-08,4.580960684579772e-10,0.03268428708702409,0.00366941653299738,1.6534479556430343e-09,1.8446112942307934e-09,5.460931604386182e-08,2.4969293170535904e-05,8.99986092298803e-07,0.4058792725823959,2.182105830584397e-05
19,0.5097447043873594,2.3794658339961996e-05,3.372779051174717e-05,5.931731532673271e-07,1.6604075054502482e-07,2.2050524016674768e-11,4.372002161193224e-06,3.677989590344552e-05,4.987418947049757e-10,9.984862198252696e-09,1.5253616035254936e-07,0.00019380698188990807,1.0011805963396816e-06,2.006241081088302e-08,1.5134326610590115e-08,6.243443743148681e-10,0.028349950612756768,0.003160417875253643,2.8961500804795804e-09,3.3166356519248366e-09,5.734476802476754e-08,2.349817941877734e-05,9.30093289960278e-07,0.4584021434067999,2.3851301364634903e-05
20,0.516019719657332,2.4538833127668804e-05,1.9070078645996323e-05,4.6689732274863737e-07,1.2425682890460624e-07,1.9352131112713797e-11,3.8122144606645766e-06,3.839310137917258e-05,3.410793598822257e-10,9.80641103234737e-09,1.2359491866484435e-07,0.00017488025862652984,6.457758938188382e-07,1.5047008456957862e-08,1.885784991397137e-08,6.63172957696092e-10,0.035401615392917675,0.0033858097651092043,2.9770024911166435e-09,2.8194670248319197e-09,6.766485780687309e-08,3.611764847554495e-05,1.2406654443730041e-06,0.44486752373330285,2.579993001303824e-05
21,0.6720021443543334,1.557565281907419e-05,1.9736894583731313e-05,4.606271680141696e-07,8.628673723282466e-08,2.532984829663935e-11,5.212217802997362e-06,1.9545034388016276e-05,2.2692595912638184e-10,6.883111931860385e-09,1.3566693883776514e-07,0.00021194379072279348,7.275813227599511e-07,1.9544829963523445e-08,1.1828033421796207e-08,9.132060546604295e-10,0.018229782517872144,0.0036104088704202236,2.0176066456636473e-09,3.1326208735427354e-09,5.352346139624967e-08,1.6635690654623376e-05,1.3555561967705475e-06,0.3058442354516027,2.191571131059314e-05
22,0.6324144029989966,1.6156998094445274e-05,1.9342722763359716e-05,3.753221750564881e-07,8.487714113037491e-08,2.119462955279614e-11,4.112762099217896e-06,2.56052371027763e-05,2.341118611119706e-10,5.971699191284608e-09,1.6180845877213507e-07,0.0001955198990862464,5.108334443996299e-07,1.375359107328839e-08,1.2224391296034731e-08,6.681060346486746e-10,0.027028544718626202,0.004117996391208103,2.1330340137336537e-09,2.9675559830792496e-09,6.366236600778743e-08,2.4430166028146216e-05,1.0848597709078384e-06,0.3361338131601268,1.7755608827744403e-05
23,0.572433015501264,2.094277796373428e-05,1.977482628675115e-05,4.5197085547308603e-07,1.0876644066443405e-07,2.2413157930759988e-11,4.334643533897332e-06,2.7709439130728025e-05,3.1176287605802434e-10,8.151862031159983e-09,1.410362318703106e-07,0.0001666453325128608,6.610161960694434e-07,1.511160285422832e-08,1.535123369508468e-08,6.88157444891104e-10,0.025090573469469028,0.003437652084874699,2.4976854093726864e-09,2.772575460780245e-09,5.793058752842616e-08,2.2797352311095718e-05,1.1694504456858234e-06,0.3987504069710018,2.3512523601255772e-05
24,0.544878126734185,2.9299254391073926e-05,2.3917824581843627e-05,7.784894878611728e-07,1.5098841151968633e-07,2.7333017273426155e-11,4.820782427406805e-06,3.0335089401211623e-05,3.3651775517270236e-10,1.1036922103016354e-08,1.589256583154691e-07,0.000175718160802594,9.880112446928448e-07,2.4039356747414622e-08,1.3705483848499182e-08,7.208734567322567e-10,0.02434688702471112,0.004335538925283611,2.683723078684228e-09,3.6705762009292046e-09,6.662930028236057e-08,2.2185916230540583e-05,1.4782903987343644e-06,0.4261209287102802,2.8564022417894604e-05
25,0.5592690286529644,1.7860327055372485e-05,2.1987918064288783e-05,6.127815055836685e-07,8.7803631459774e-08,1.2488746214300598e-11,4.736285227815001e-06,3.9436418181691274e-05,2.4865153061259224e-10,5.504192069993191e-09,1.8542521190742121e-07,0.00022570340572305775,9.405720884322386e-07,1.4286810119371628e-08,8.450739739487295e-09,3.9882640443118126e-10,0.029740915364838846,0.004103889116717107,2.2126090402278764e-09,3.9727803117353665e-09,4.7575747723108954e-08,1.9004313288119188e-05,1.0118874078240753e-06,0.406537208467391,1.7308597857255453e-05
26,0.9646091693170495,0.0005433769928564678,3.22043172305611e-05,2.1687552920696117e-05,7.218858211247782e-06,7.555198290755623e-08,6.0471166340133295e-05,5.762067226492225e-05,1.054486231270673e-08,1.1599137327879703e-06,4.047873768896706e-06,0.002470072955647854,1.4452260815711348e-06,2.8794465969077484e-05,1.7194025156369496e-06,6.389671390611538e-07,0.005075806762738951,0.013745776498578601,1.4181031523291475e-06,8.24502871734163e-08,1.1594590417163357e-05,0.0017033586694911332,0.0002049928020001502,0.009969382774757507,0.0014478735700033118
27,0.5495324644745135,1.8887564331454336e-05,2.5670284696782557e-05,7.385314178425365e-07,1.4553210329367658e-07,1.3293213198101752e-11,4.060975760564784e-06,1.6764466011547894e-05,1.0993006802016637e-10,4.0857221700339125e-09,1.819016426218549e-07,0.0002607731973457772,1.2236046693716549e-06,2.545622013523503e-08,6.333675665299422e-09,4.0655775812452703e-10,0.026980484770289463,0.0041661458120877655,1.510202850084042e-09,2.2426871166405435e-09,5.127983553036909e-08,8.639127655145796e-06,1.4960181501698745e-06,0.41896696125296734,1.5271048232905022e-05
28,0.572433015501264,2.094277796373428e-05,1.977482628675115e-05,4.5197085547308603e-07,1.0876644066443405e-07,2.2413157930759988e-11,4.334643533897332e-06,2.7709439130728025e-05,3.1176287605802434e-10,8.151862031159983e-09,1.410362318703106e-07,0.0001666453325128608,6.610161960694434e-07,1.511160285422832e-08,1.535123369508468e-08,6.88157444891104e-10,0.025090573469469028,0.003437652084874699,2.4976854093726864e-09,2.772575460780245e-09,5.793058752842616e-08,2.2797352311095718e-05,1.1694504456858234e-06,0.3987504069710018,2.3512523601255772e-05
29,0.572433015501264,2.094277796373428e-05,1.977482628675115e-05,4.5197085547308603e-07,1.0876644066443405e-07,2.2413157930759988e-11,4.334643533897332e-06,2.7709439130728025e-05,3.1176287605802434e-10,8.151862031159983e-09,1.410362318703106e-07,0.0001666453325128608,6.610161960694434e-07,1.511160285422832e-08,1.535123369508468e-08,6.88157444891104e-10,0.025090573469469028,0.003437652084874699,2.4976854093726864e-09,2.772575460780245e-09,5.793058752842616e-08,2.2797352311095718e-05,1.1694504456858234e-06,0.3987504069710018,2.3512523601255772e-05
30,0.572433015501264,2.094277796373428e-05,1.977482628675115e-05,4.5197085547308603e-07,1.0876644066443405e-07,2.2413157930759988e-11,4.334643533897332e-06,2.7709439130728025e-05,3.1176287605802434e-10,8.151862031159983e-09,1.410362318703106e-07,0.0001666453325128608,6.610161960694434e-07,1.511160285422832e-08,1.535123369508468e-08,6.88157444891104e-10,0.025090573469469028,0.003437652084874699,2.4976854093726864e-09,2.772575460780245e-09,5.793058752842616e-08,2.2797352311095718e-05,1.1694504456858234e-06,0.3987504069710018,2.3512523601255772e-05
31,0.462838809430387,2.3040667805899968e-05,2.4018384355646522e-05,5.01018941501418e-07,1.0881961773861116e-07,1.1674692875352021e-11,3.7277237788788924e-06,3.186304349185056e-05,2.7645642240231853e-10,7.947096215238064e-09,9.21310576500706e-08,0.00013191029102511883,8.755737581352383e-07,1.4270878066430786e-08,8.190284866639034e-09,3.981270214975234e-10,0.02219329103252601,0.003329728810857378,1.9357286503081685e-09,2.5912752924468446e-09,3.930303206797714e-08,1.6816351422514528e-05,7.396857735064714e-07,0.5113840165540074,2.0385556640429268e-05
32,0.5922257672485722,2.1013574858227914e-05,1.982153512588155e-05,4.2916143050243545e-07,1.1042761025325565e-07,2.3650192879538517e-11,4.411312252577918e-06,2.850028480763113e-05,3.423888313051594e-10,8.520358179142268e-09,1.4021777834290608e-07,0.0001709105381675297,6.439313930216583e-07,1.5508154772003757e-08,1.686729312326009e-08,7.634234069339331e-10,0.02535001182689494,0.0032787037802703475,2.885224223778608e-09,2.7800234639887007e-09,6.052331057309806e-08,2.482906805772774e-05,1.1477124950206248e-06,0.3788492595160745,2.4191650384210124e-05
33,0.6088016472855515,1.5133122173079225e-05,3.9593187837399354e-05,4.448409382079354e-07,8.124061837040048e-08,4.6780582313208015e-11,7.545779335956719e-06,1.5422062998709743e-05,1.2937203966016572e-09,8.611217914924616e-09,2.8489789134349917e-07,0.00015670958005527076,6.521795855468762e-07,1.141095795106532e-08,1.91881139195437e-08,6.703087724889716e-10,0.0069618215969018665,0.0027664705570355688,1.8736051050109044e-09,2.6941181486505165e-09,5.0858311371128393e-08,6.553169068055159e-06,6.073944011983352e-07,0.38117697483754653,4.996162092709092e-05
34,0.44056777153077636,2.2668825571142567e-05,1.5052894256584997e-05,8.261265241587649e-07,1.2066429353330225e-07,1.7379759341965744e-11,3.6069952028539656e-06,2.951103191190002e-05,9.231817488100456e-11,6.5442377228135456e-09,1.6675043635787028e-07,0.0002206071782098433,7.179663741059311e-07,1.8373867101657662e-08,1.0435438805136257e-08,5.248662575726408e-10,0.046776131421888696,0.006317810891809965,1.2610016887430926e-09,3.6205637252666203e-09,7.149410944171102e-08,2.7270338865184104e-05,3.337278425296255e-06,0.5059936062194501,2.068152222106673e-05
35,0.5516329501728583,2.427129683578517e-05,3.022362614895901e-05,6.167902606430703e-07,2.3807874051078504e-07,4.6370920138015685e-11,5.981113923610052e-06,2.0691859405116806e-05,2.7876331168970245e-10,7.944539480083057e-09,2.2835969314313053e-07,0.00021491548503923497,9.464010901658624e-07,3.6393870130981754e-08,3.0194677384154945e-08,1.510441652448001e-09,0.025930943297369308,0.0028441783260405784,2.8063856630241413e-09,3.356939364924182e-09,7.500148345085456e-08,2.188657194160942e-05,3.127611580458958e-06,0.41924515137794416,2.3492097657255653e-05
36,0.5624046069841465,1.6126179242318976e-05,2.2397975149513597e-05,2.9287001994905485e-07,1.447911353640731e-07,9.33094746718653e-12,2.716213711976565e-06,3.809415989671005e-05,3.420538158057866e-10,7.189394104122398e-09,7.319422786761238e-08,0.00026720815876680424,7.327128592548676e-07,1.4768243578118348e-08,1.7750509183103655e-08,5.59426150747728e-10,0.048287130821908227,0.0017331285424811577,4.417799612251997e-09,1.4014705358157102e-09,5.1542393072459515e-08,3.0441043528672602e-05,6.460826972489704e-07,0.38717356293266286,2.2599356944531876e-05
37,0.055578105363043286,0.0002558260043950967,1.6221973954191913e-05,3.3152510259626114e-06,8.785633886642744e-07,3.9698785855622725e-10,5.522343666690495e-06,0.00017356338229976647,1.214754318311835e-08,3.916680639962288e-07,4.58888257227327e-07,4.922977636560828e-05,1.7508578080343077e-06,2.0141065339014732e-08,4.7296985026181573e-07,2.3786729283503587e-09,0.05494150448455664,0.003880704455298185,1.547111036432121e-08,1.3734559930309721e-08,4.143522845049427e-07,0.00018094467059361885,1.0186590628284364e-05,0.8847256882430004,0.00017475589158000873
38,0.5121116537267666,2.3546592016815566e-05,2.2059722892766484e-05,5.419687541059803e-07,1.2661309663515478e-07,1.7989735303431817e-11,3.831107938897776e-06,3.245292369373786e-05,3.3058809725746924e-10,8.59277368125582e-09,1.3385095350017993e-07,0.00016729006261956758,7.789111508226071e-07,1.5429859935664325e-08,1.3373104136816393e-08,5.22100025360984e-10,0.028229142833099578,0.0035281096713289995,2.453690870080686e-09,2.7369285777744886e-09,5.56806336190857e-08,2.230613393388566e-05,1.0383814204398282e-06,0.45583191604867185,2.4972313993271065e-05
39,0.6682637696193409,1.704465607284802e-05,2.0250096909989674e-05,4.785705004120915e-07,1.1291312548225755e-07,3.000463727089459e-11,4.434956911224713e-06,3.0808538204010764e-05,3.307554252457778e-10,8.227256185798545e-09,1.5951468432125538e-07,0.0002405535476226564,5.922285930925573e-07,1.9461605159448125e-08,1.536547927699462e-08,9.800053870350302e-10,0.02533794180320699,0.0040494793770102094,3.2890302537560632e-09,3.3407576311789784e-09,7.658358148218864e-08,2.771876925937519e-05,1.5165354571323794e-06,0.3019792575252029,2.5753739423052927e-05
40,0.5800184724956475,2.076736620796101e-05,1.993624066452904e-05,4.442867842034855e-07,1.089234188166088e-07,2.2532598395832715e-11,4.3214697245197275e-06,2.7462965783805728e-05,3.1216685654795035e-10,8.036937396488469e-09,1.4147826085201978e-07,0.00016887987783057416,6.474086402301789e-07,1.530338142186288e-08,1.551751732980565e-08,6.952368184524485e-10,0.024997356482378965,0.0033952798995588737,2.5257063220428227e-09,2.741055109593284e-09,5.8376867978319866e-08,2.302561736051356e-05,1.1563750520137842e-06,0.3912983893122176,2.350626906723348e-05
41,0.4674903523914833,3.3944091635235884e-05,4.531861344329747e-05,4.757058065868567e-07,2.8185833847877983e-07,4.197727122247579e-11,4.421985379830266e-06,2.9004535561218514e-05,1.3219205863243533e-09,1.5717627578826604e-08,1.308361523734666e-07,0.0001027616847144555,9.307649435065567e-07,2.321927254652684e-08,3.24728412590269e-08,9.192472964316571e-10,0.015739785259421775,0.0018805957400156652,4.0511594126860676e-09,2.311366577310563e-09,5.491371095612853e-08,2.048998471807319e-05,7.116280693878165e-07,0.5146152450504782,3.541490071505248e-05
42,0.6404378297204967,2.1381275879786264e-05,1.5725531379099213e-05,2.925904764364863e-07,8.521698696358205e-08,2.1150514542349155e-11,4.225894025958313e-06,4.01671341736705e-05,3.648102757879244e-10,8.818887329334567e-09,1.311720887293386e-07,0.00018379642845297981,4.041176718024673e-07,1.2438274677782738e-08,2.3973477483891876e-08,9.87599476598463e-10,0.03621371995695983,0.003030115295005163,4.48090418450605e-09,3.122854152788421e-09,7.52850244483011e-08,5.7952899255170846e-05,1.1898472157353052e-06,0.31996940780711264,2.3445619836873468e-05
43,0.5753918552725273,1.8380297024051283e-05,2.175664806636304e-05,4.4563031199214305e-07,9.796242274844385e-08,1.8177629862173293e-11,4.6006394525452216e-06,2.5417729344083172e-05,2.768663852348721e-10,6.454410894927082e-09,1.4275633304631645e-07,0.00016980198597023313,7.160729197191854e-07,1.4827212091028274e-08,1.2388397102143791e-08,5.828740053600543e-10,0.022058498824767524,0.0031955744357673255,2.1199906241466706e-09,2.7606420143661733e-09,4.7028122326856675e-08,1.75763394288479e-05,1.009027241652741e-06,0.3990733225905995,2.0717331129801383e-05
44,0.572433015501264,2.094277796373428e-05,1.977482628675115e-05,4.5197085547308603e-07,1.0876644066443405e-07,2.2413157930759988e-11,4.334643533897332e-06,2.7709439130728025e-05,3.1176287605802434e-10,8.151862031159983e-09,1.410362318703106e-07,0.0001666453325128608,6.610161960694434e-07,1.511160285422832e-08,1.535123369508468e-08,6.88157444891104e-10,0.025090573469469028,0.003437652084874699,2.4976854093726864e-09,2.772575460780245e-09,5.793058752842616e-08,2.2797352311095718e-05,1.1694504456858234e-06,0.3987504069710018,2.3512523601255772e-05
45,0.5600796095295069,2.0347650557202005e-05,2.0186659683842352e-05,4.3289199511062795e-07,1.0886100221189672e-07,2.135981268931203e-11,4.4373292863683115e-06,2.8816084031262363e-05,3.274388353566431e-10,7.967546269687548e-09,1.386190313860754e-07,0.00015983413841978958,6.853951601708284e-07,1.444263706361846e-08,1.5662330225002617e-08,6.753943351999826e-10,0.024971324616887135,0.0031846096186147373,2.5411652632051832e-09,2.761841154535464e-09,5.3950763144600275e-08,2.234062421957122e-05,1.11089241111477e-06,0.4114838802059599,2.2038532757331013e-05
46,0.6259770243212929,2.489195050654385e-05,2.364805062353832e-05,5.136221864443243e-07,1.1429718426221533e-07,3.9212792921899373e-11,6.079253762790104e-06,2.278575510316611e-05,4.5232879062120904e-10,1.0807730345780311e-08,1.5727506725879862e-07,0.00013765962276409799,6.75876009666866e-07,2.0671142263605818e-08,1.7308909743809595e-08,1.0314403199401238e-09,0.014357602291550238,0.003458723069540663,2.7562589446814175e-09,3.3833555645481797e-09,5.99218766399776e-08,1.992183341906894e-05,1.2986385650536491e-06,0.3559390101412579,2.977762891107959e-05
47,0.2952704205206307,4.038714785348115e-05,3.483313325911055e-05,1.3915972734784166e-06,3.3674108073379516e-07,3.361399939805724e-11,4.887397525614971e-06,3.773150662400295e-05,6.124636860404707e-10,1.4784714223797645e-08,2.0694616662071318e-07,0.0001102518286197021,1.7120685440488381e-06,2.8179272428688977e-08,1.6655875843592386e-08,5.208039984619622e-10,0.021078179300673693,0.003565203707138276,2.6280031468274383e-09,3.7225292415622157e-09,6.023589146112328e-08,1.403325030473095e-05,1.8283552821755899e-06,0.6798071245374014,3.134458845441655e-05
48,0.49067764196397934,2.618851203952879e-05,1.3018945339420017e-05,3.546158184302974e-07,9.93168603642071e-08,1.1905535311799483e-11,3.5734148897446416e-06,4.1321818286652935e-05,2.5548784519044053e-10,9.671947387237538e-09,8.951886015550163e-08,0.00014245587166207207,6.958076096405975e-07,1.0767883026567772e-08,1.685304642687459e-08,5.767670469626535e-10,0.04414599394041018,0.0027498843559297134,3.6670474329461464e-09,2.2560266711534094e-09,5.4018859699770036e-08,3.6342809269943144e-05,1.0167409905349112e-06,0.4621415522860515,1.9672003031893527e-05
49,0.6175970080700618,1.7912198029820807e-05,2.424021895313212e-05,4.937578226897546e-07,1.2022374313737053e-07,2.8886076390313104e-11,4.505936135116449e-06,2.862811281790472e-05,3.257873806044616e-10,7.776330603652991e-09,1.7618712041284608e-07,0.00022804895479330823,6.421616138763965e-07,1.873587897757891e-08,1.6070132113022117e-08,8.417762186672197e-10,0.027215993241765248,0.0038892949232159275,2.520502695956627e-09,3.4262857168917958e-09,6.850193521270788e-08,2.6055048026775825e-05,1.3686264235291224e-06,0.3509420557996058,2.333831235634341e-05
50,0.5756175018326286,2.12262831860869e-05,1.996679952400763e-05,4.5016207490172344e-07,1.0900538050302053e-07,2.2681208344551168e-11,4.4367980416506064e-06,2.789578510939804e-05,3.2322876589819165e-10,8.46123012335481e-09,1.371767497650581e-07,0.00016315966430330674,6.690644934275918e-07,1.5372641973477327e-08,1.543573569534737e-08,7.104059373326137e-10,0.02447115133390971,0.0033601058045758542,2.581532273028719e-09,2.789464685195871e-09,5.7184783835076296e-08,2.304724254092876e-05,1.151891323156665e-06,0.3962651545411374,2.373373331688821e-05
51,0.5851578136149012,2.2418664509595754e-05,2.2363176880936336e-05,7.20019799733142e-07,8.447572671452589e-08,1.6239033201205888e-11,5.0559423319399885e-06,3.2708987111764424e-05,2.9190833854443657e-10,7.97031213358623e-09,1.5969846718906467e-07,0.00018238752395230052,8.42287006305197e-07,1.6892595703547953e-08,7.517764703600733e-09,3.8418873766391277e-10,0.021182468396350625,0.0051916825556924924,1.9329537789112544e-09,3.6059333437977175e-09,5.366661134219506e-08,1.8955587918543246e-05,8.947031012476546e-07,0.38815849578682327,2.2856300918947674e-05
52,0.5275611052710355,2.596439006840498e-05,2.1643877471218518e-05,4.4387466819425685e-07,1.501986515483885e-07,1.3222732709264773e-11,3.5536020875211097e-06,3.319166684112629e-05,3.069344050116097e-10,7.878523059703265e-09,1.1400553508814324e-07,0.00018975239378547532,7.455825424936298e-07,1.7468001264249003e-08,1.739546288258937e-08,5.477189707227551e-10,0.03455200896977232,0.0023410259732345984,3.654216210857855e-09,1.8992554313777384e-09,5.747793727253223e-08,2.5805652887426198e-05,1.017801948837713e-06,0.4352164168581167,2.6953240081292683e-05
53,0.5906697728758517,1.8285908641967703e-05,1.8174481635633237e-05,4.410584676808437e-07,5.770433591662074e-08,3.96107275522963e-11,9.9933312675715e-06,2.1766325098459913e-05,3.286394814379058e-10,8.415749112175864e-09,2.235052001049932e-07,0.0001306633578204679,6.744498512517349e-07,1.3078306610847891e-08,1.9371996935436726e-08,1.2907643992762893e-09,0.01482595696827929,0.0038888910566340614,1.8340427986213193e-09,5.883119147076885e-09,5.0461952041822335e-08,2.0316689674877158e-05,1.9070669237050204e-06,0.3903716934432086,2.108107292741069e-05
54,0.6861848256625718,2.431992437157756e-05,2.0183582301090392e-05,3.793204608479852e-07,7.692506136937466e-08,3.404828512819437e-11,7.050376975945885e-06,1.9506735002896087e-05,4.1287367786069974e-10,1.2557779677215371e-08,1.0942582913841038e-07,0.000154129329203847,5.625145983439449e-07,2.1207933666869796e-08,2.1302294491575265e-08,1.4588337834886914e-09,0.013585454246570088,0.0027630623654630302,2.9541067079093993e-09,3.206705100561517e-09,6.28298488720069e-08,2.6634055781600075e-05,1.1882088169448173e-06,0.2971745759046256,3.7815457941666734e-05
55,0.5700985257465624,1.567928832269121e-05,2.1739264367082238e-05,4.18109932345914e-07,6.501221632889862e-08,1.4306556606799634e-11,4.244023879602512e-06,2.627589555019932e-05,3.8363300490123194e-10,6.128809640369619e-09,1.4224912530305062e-07,0.00016409670049601327,7.526513672791613e-07,9.097111869280659e-09,8.615859221216697e-09,3.4959138881825454e-10,0.017996807589602964,0.003669461625799936,1.6412166382403786e-09,2.7953829547787316e-09,3.8469555150840534e-08,1.2306743629063216e-05,5.183103316616276e-07,0.40796829763444725,2.0601658903330804e-05
56,0.5550138263675304,2.169199527348461e-05,2.1626689573188883e-05,4.79131096533766e-07,1.1687414559407838e-07,2.2907488040241787e-11,4.545616590643025e-06,2.8958406341686325e-05,3.4484125717200757e-10,8.514096107743293e-09,1.475334173253395e-07,0.00016821078828539976,7.632325008386661e-07,1.5866675989009633e-08,1.5625186177928637e-08,6.953196036864843e-10,0.02509219482973134,0.0033807976514719953,2.6002872662022297e-09,2.9893582948452056e-09,5.717832120674265e-08,2.1804993220134826e-05,1.1356608864252692e-06,0.4162206663218214,2.293007112017672e-05
57,0.5894083524286631,2.0176877959879352e-05,2.9221293059993116e-05,4.1226792361369687e-07,1.642553874726772e-07,1.7593014678870446e-11,3.316339981221739e-06,4.047878569778403e-05,4.83120399445958e-10,9.314278364583e-09,1.2128977276577656e-07,0.0002702285577793392,7.686785755494296e-07,1.8822822233306476e-08,1.7189166479810177e-08,6.934060512870979e-10,0.04068120824298482,0.0026968582090331514,4.584274113709498e-09,2.365016423538181e-09,7.082919596979812e-08,3.310126359382347e-05,7.698959162784849e-07,0.3667900740295113,2.462328528683107e-05
58,0.5230810117209094,2.0804418913076085e-05,1.9796189243829942e-05,4.2708058473120853e-07,1.0741108487032803e-07,1.9124653155664624e-11,4.089879551650084e-06,2.8116142610540222e-05,2.913170460077842e-10,7.81802591108415e-09,1.3304593388198537e-07,0.00015768231830376572,6.692672217925057e-07,1.3411748952228003e-08,1.4783367231474003e-08,6.041456939898251e-10,0.027027311736391734,0.003373435031670107,2.265835452938425e-09,2.5960850972376977e-09,5.569704721146909e-08,2.192043463305542e-05,1.0958516147400895e-06,0.44624148770884764,2.181427578788028e-05
59,0.5069249471356149,1.9946580355369283e-05,2.093841136318223e-05,4.111936065495386e-07,1.0158200781860427e-07,1.7569937798802527e-11,4.156690415289758e-06,2.6972611468851825e-05,2.828300494236459e-10,7.424875131317087e-09,1.2532481153275031e-07,0.0001473016564346465,6.786368968972917e-07,1.2898955866483242e-08,1.3271651702557516e-08,5.703520668045088e-10,0.024786901864107515,0.0033216709488353507,2.030061289430956e-09,2.6032833537230936e-09,5.0384437697608117e-08,1.9876656014050676e-05,9.982054350271423e-07,0.46470437390386615,2.0509114749916186e-05
60,0.572433015501264,2.094277796373428e-05,1.977482628675115e-05,4.5197085547308603e-07,1.0876644066443405e-07,2.2413157930759988e-11,4.334643533897332e-06,2.7709439130728025e-05,3.1176287605802434e-10,8.151862031159983e-09,1.410362318703106e-07,0.0001666453325128608,6.610161960694434e-07,1.511160285422832e-08,1.535123369508468e-08,6.88157444891104e-10,0.025090573469469028,0.003437652084874699,2.4976854093726864e-09,2.772575460780245e-09,5.793058752842616e-08,2.2797352311095718e-05,1.1694504456858234e-06,0.3987504069710018,2.3512523601255772e-05
61,0.5231780916315425,2.0389339006992004e-05,2.280314130168136e-05,4.255785665749544e-07,1.0913509702318848e-07,1.8932021833124668e-11,4.248114953683472e-06,2.794982588379006e-05,3.16408227491281e-10,7.457334445736508e-09,1.4013293466537779e-07,0.00016037128301196453,6.95499636195096e-07,1.3914068983916003e-08,1.424190450355065e-08,5.918758898779567e-10,0.02537208894525577,0.0032858152410683147,2.229554765027107e-09,2.722610075480563e-09,5.349684478304033e-08,2.0643185985504424e-05,9.904235315515656e-07,0.4478840354068973,2.1108125792775144e-05
62,0.572433015501264,2.094277796373428e-05,1.977482628675115e-05,4.5197085547308603e-07,1.0876644066443405e-07,2.2413157930759988e-11,4.334643533897332e-06,2.7709439130728025e-05,3.1176287605802434e-10,8.151862031159983e-09,1.410362318703106e-07,0.0001666453325128608,6.610161960694434e-07,1.511160285422832e-08,1.535123369508468e-08,6.88157444891104e-10,0.025090573469469028,0.003437652084874699,2.4976854093726864e-09,2.772575460780245e-09,5.793058752842616e-08,2.2797352311095718e-05,1.1694504456858234e-06,0.3987504069710018,2.3512523601255772e-05
63,0.5542775884333182,2.287245521505284e-05,1.981652329915348e-05,4.4924978283519495e-07,1.0634087194106883e-07,2.243715840664096e-11,4.485839501542158e-06,2.8158115458597815e-05,3.359507533229394e-10,8.62623502444098e-09,1.4431490482547273e-07,0.00015420970088138094,6.812683528787098e-07,1.4420844522631687e-08,1.607170590453907e-08,6.760074405955929e-10,0.024614496974096088,0.0034224078356447844,2.533736234617214e-09,2.8775561851954454e-09,5.807956796129234e-08,2.293058470038674e-05,1.107434377930562e-06,0.41740670884129416,2.3732444258967774e-05
64,0.5845864095312142,2.1757802092475295e-05,1.878263012462768e-05,4.372769410845442e-07,1.1071645907441652e-07,2.3669146716289153e-11,4.072276789549888e-06,2.7479120367525262e-05,3.1076801334015364e-10,8.238900593563365e-09,1.5222775499366572e-07,0.00018418813294654324,5.885961226167348e-07,1.524677489772533e-08,1.7164861447988814e-08,7.070939695821176e-10,0.027377670808893858,0.0037018305823327963,2.73143343666704e-09,2.5904378004010905e-09,7.332825619849305e-08,2.518947202823826e-05,1.2277852207895407e-06,0.3840242638268362,2.5718871679902135e-05
65,0.6020339212526811,2.0378215965172883e-05,1.983341399599888e-05,4.937455028803516e-07,1.1949509348832367e-07,2.6950654849380383e-11,4.239885384670999e-06,2.6499334266328384e-05,2.9212856836440496e-10,8.50998227896764e-09,1.4766812784897404e-07,0.00019107205077244859,6.436389467881435e-07,1.7804102437656247e-08,1.567258872332767e-08,8.006458146619563e-10,0.026005984440128495,0.0038234716868740196,2.563546551948685e-09,2.8616558420657586e-09,6.674970649928422e-08,2.4114175479787663e-05,1.4123603620327037e-06,0.36782230335431343,2.5250000798376895e-05
66,0.6268436582644275,2.285950161012513e-05,2.552565698143921e-05,5.333007464594868e-07,1.1664409438117723e-07,2.9947000088422186e-11,5.907120536583097e-06,3.501532744934851e-05,5.58106337032839e-10,1.2295466862710743e-08,1.4166158056713795e-07,0.00017288047023383775,9.535234012628803e-07,1.9892407139605718e-08,1.5229052743733448e-08,1.0329798973194737e-09,0.020916271126049706,0.0032679011969839323,3.9720293407894905e-09,4.266250383369807e-09,5.437829481666917e-08,2.542481302702201e-05,1.031823116802345e-06,0.34865640195977604,2.526595545064847e-05
67,0.6047609473938556,1.9003092711672728e-05,2.19967005219862e-05,5.627648161955344e-07,1.1596385122928604e-07,3.459507752939642e-11,5.798545524592232e-06,2.4108103377591935e-05,2.6815253334609793e-10,8.2072619272654e-09,1.8102907821885033e-07,0.00020820205780374359,7.339027341903045e-07,2.2194459985733207e-08,1.7551476344224832e-08,1.1356409567896479e-09,0.022554888419013246,0.004053196998524383,2.3392273047806676e-09,4.038330185436156e-09,6.73298952422365e-08,2.272180221552442e-05,2.056612014910431e-06,0.36829972890858953,2.5634606327855774e-05
68,0.5867930983916527,1.9154097961310823e-05,1.6454791267277712e-05,4.6627095136658454e-07,8.811022486529902e-08,2.4805543111113396e-11,4.31670262497215e-06,2.5850812664947755e-05,2.4925535976830437e-10,7.3355331083612115e-09,1.678792722534404e-07,0.0001797819248277213,5.643305062457186e-07,1.3225840525460501e-08,1.4707758267227765e-08,6.797025805981579e-10,0.026095307934283406,0.004449009506516377,2.0054287673710884e-09,3.1300595571817025e-09,6.524436654168354e-08,2.331599424228532e-05,1.442728676403545e-06,0.38236742442625143,2.3449495325956434e-05
69,0.567653955090804,2.097461367382688e-05,1.988904106589965e-05,4.5538112775808914e-07,1.072264302046415e-07,2.2170689290217135e-11,4.386889151880594e-06,2.7797862274340276e-05,3.1279696138342607e-10,8.210405136164514e-09,1.4045310486472503e-07,0.00016517168493272914,6.706067011918728e-07,1.4979280248797907e-08,1.5116119854082878e-08,6.847917014902602e-10,0.024829742991087755,0.0034663160636291576,2.469597233604537e-09,2.8233810747781243e-09,5.730315796844243e-08,2.251743570147358e-05,1.1615414250392676e-06,0.40376301240390683,2.3598793282001974e-05
70,0.7269488570253989,1.6444920198596728e-05,4.467620539161285e-05,6.670082557256893e-07,1.6815333645140682e-07,4.178233570986529e-11,6.177788372281094e-06,1.9188117141344872e-05,3.840305729984499e-10,7.917996783947477e-09,1.7371558878720204e-07,0.0003068364774593691,8.366615896113579e-07,5.0071362999322855e-08,1.5046853919450507e-08,1.4194627101910304e-09,0.01500929166282944,0.0031285251746495375,2.7135179181326036e-09,3.92008272977446e-09,6.703179255676312e-08,1.90970859091497e-05,1.4545788578481062e-06,0.25446510177925896,3.235509887976645e-05
71,0.539606616607934,2.7660897875817834e-05,2.2810130185028458e-05,4.712125229444635e-07,1.6227845719704362e-07,2.699321568656658e-11,3.7629416812577563e-06,3.023037863819209e-05,4.714560720969971e-10,1.1294635679088235e-08,1.3232012774582397e-07,0.00015059194955251588,6.666652625350467e-07,1.7069717523626536e-08,2.108407982301179e-08,7.099291629819491e-10,0.026736053199984105,0.002925435617969722,3.2716592245155985e-09,2.2352549717551814e-09,6.651374948493688e-08,2.625202660777282e-05,1.0625142492613996e-06,0.4304377466686013,3.022191287540012e-05
