,0,1,2,3,4,5,6,7,8,9,10,11,12,13,14,15,16,17,18,19,20,21,22,23,24
0,0.005699042536339439,1.9254817798717673e-05,0.000835016917943421,7.568721116570632e-05,1.8912557172372929e-06,0.0014051229048050588,4.082603333816877e-08,1.5028738965032163e-10,3.9373269444922995e-05,1.7921327206059668e-05,4.626601746260386e-07,2.7567629172191078e-08,7.638680629842745e-06,5.848162208698308e-08,3.373115770703742e-12,1.0199080984926018e-07,8.026436563438563e-06,0.00010383652031078388,1.311183332765643e-05,1.9153411643545047e-05,2.126862126943298e-06,1.1881581280636584e-09,0.0007034877102450134,0.9910474619598383,1.1534768062307722e-06
1,0.006659156925580513,2.1317425766584077e-05,0.001373142394144977,8.718279473811175e-05,1.5321908459600441e-06,0.0015029408486821154,5.60164717701767e-08,1.581144807395166e-10,3.206870134058102e-05,3.3553974572219735e-05,3.9108130153215495e-07,2.712981501889803e-08,5.648856302427597e-06,5.984275350403621e-08,2.7733577092955598e-12,9.370676574347608e-08,5.621117312353792e-06,0.00011822422211430183,1.2255422600803112e-05,1.638620780833965e-05,2.426742369257163e-06,1.0077042260151498e-09,0.0009036759398133428,0.989222885342986,1.3519473223774576e-06
2,0.009832373083553624,3.115347607546442e-05,0.001454548157566508,0.00010895754247702479,3.1499309396394656e-06,0.0016184978165024455,8.201010302175453e-08,2.1108589954796718e-10,3.570081474210997e-05,3.995091460094865e-05,5.756450199733413e-07,3.486461186457719e-08,7.340424492908294e-06,1.1713555878611185e-07,3.761341687019974e-12,9.161938641303057e-08,9.770148445643676e-06,0.00016748292580097537,1.1920905039645613e-05,2.746886093432578e-05,2.738544395092734e-06,1.193189759703476e-09,0.001484399322147399,0.985161153184896,2.4912646728747126e-06
3,0.006821621899868785,2.1466804455738064e-05,0.0012588898680614248,0.00010645872171702032,1.7365964559503275e-06,0.0014642201055260812,5.5312816239784375e-08,1.5123865932040344e-10,2.773808355203773e-05,3.23461750036591e-05,4.5879083210307247e-07,2.8510282850348994e-08,5.7626932163301885e-06,8.31333155608986e-08,2.323162913069741e-12,7.04981618261093e-08,7.793983332770885e-06,0.00013958558425567285,9.883781262375333e-06,1.9034400331652212e-05,2.6282507113625995e-06,1.0391844570974012e-09,0.001264173362325732,0.9888143067503828,1.6555013853310386e-06
4,0.006901763712446069,2.076703677444695e-05,0.0012223277227458923,0.00010421280170360523,1.7301027484970988e-06,0.0014080621408034282,5.43078989260915e-08,1.5213670082554542e-10,2.9083871846062893e-05,2.9278504636949056e-05,4.5599916161074435e-07,3.183788213020572e-08,6.861006377667601e-06,8.29988242077368e-08,2.341688837076406e-12,7.153703750344421e-08,8.520673405666507e-06,0.0001383389946193992,1.028529508738995e-05,1.9051016794533626e-05,2.7410493889563325e-06,1.1147236573949115e-09,0.001193714194371172,0.9889009116967943,1.6522294492052473e-06
5,0.006614346297677619,1.936906672887239e-05,0.0011392374032528465,0.00012391760398700638,1.4231498111558027e-06,0.0013725303556191822,4.797548834311656e-08,1.3747610618672585e-10,2.667833906270459e-05,3.101061223584219e-05,4.244489034474697e-07,2.8848663922276417e-08,5.724980852881803e-06,8.198588068932099e-08,2.042018487432888e-12,6.749738208489134e-08,8.033193629356868e-06,0.00016409481024272783,8.393393562264429e-06,1.8195435514841256e-05,2.5819013386453754e-06,1.0836714191349421e-09,0.0011641280888553662,0.9892980654975503,1.6178905704855943e-06
6,0.006821621899868785,2.1466804455738064e-05,0.0012588898680614248,0.00010645872171702032,1.7365964559503275e-06,0.0014642201055260812,5.5312816239784375e-08,1.5123865932040344e-10,2.773808355203773e-05,3.23461750036591e-05,4.5879083210307247e-07,2.8510282850348994e-08,5.7626932163301885e-06,8.31333155608986e-08,2.323162913069741e-12,7.04981618261093e-08,7.793983332770885e-06,0.00013958558425567285,9.883781262375333e-06,1.9034400331652212e-05,2.6282507113625995e-06,1.0391844570974012e-09,0.001264173362325732,0.9888143067503828,1.6555013853310386e-06
7,0.010466483427309494,1.6088388904529565e-05,0.002236256883714464,6.743572151662959e-05,1.5428932798587743e-06,0.0012215644236198626,7.242047405995906e-08,1.458299400461153e-10,2.438466369313001e-05,2.607839539855367e-05,3.940535064516305e-07,3.055689221869785e-08,6.457234157360999e-06,5.4072347450613545e-08,1.99360597175177e-12,5.144470740990202e-08,4.686489097469598e-06,0.00011621227521868479,1.0067030298512389e-05,1.235705150226755e-05,1.8057991150073599e-06,6.207662888762374e-10,0.0009170789156618951,0.9848692615811079,1.6355098871981814e-06
8,0.007493340443563257,1.3356261428763863e-05,0.00034536860018379706,3.564870165325736e-05,2.6586877895880837e-06,0.002068578329109058,2.594990821402518e-08,1.90316972083913e-10,8.389346232860153e-05,1.133017219867546e-05,9.551882586744808e-07,2.0962458768253837e-08,1.0223656397330761e-05,4.321430946897342e-08,1.177304594681366e-11,1.7295442468665277e-07,3.582617266139509e-05,0.00043458760014628413,3.627456707468243e-05,1.1585254891727916e-05,4.297274243461828e-06,7.889210432371794e-09,0.0002992654168508024,0.9891111986495456,1.340389273477133e-06
9,0.07332065310392408,2.3867812137335694e-05,0.0010872647070244302,2.3185334592540973e-05,2.756510587316231e-05,0.0038346151887441297,1.6893923178845344e-07,8.997088375140923e-10,0.00012318783792646568,1.6161321119823918e-05,3.6477737836662904e-06,5.004028119191665e-08,3.042101493524212e-05,3.0519057679743654e-07,2.829142889376343e-11,1.8796973365965345e-07,0.00012189556059467959,0.001499977245563443,8.216023320877139e-05,1.932181182192101e-05,3.7588757104063805e-06,8.387460925753101e-09,0.0006423533174568946,0.9191309517640841,8.290536214136036e-06
10,0.006821621899868785,2.1466804455738064e-05,0.0012588898680614248,0.00010645872171702032,1.7365964559503275e-06,0.0014642201055260812,5.5312816239784375e-08,1.5123865932040344e-10,2.773808355203773e-05,3.23461750036591e-05,4.5879083210307247e-07,2.8510282850348994e-08,5.7626932163301885e-06,8.31333155608986e-08,2.323162913069741e-12,7.04981618261093e-08,7.793983332770885e-06,0.00013958558425567285,9.883781262375333e-06,1.9034400331652212e-05,2.6282507113625995e-06,1.0391844570974012e-09,0.001264173362325732,0.9888143067503828,1.6555013853310386e-06
11,0.006593378791708491,2.0324171374190274e-05,0.0012317484763521393,0.00010420485678644363,1.7146451833930033e-06,0.0014061586093861798,5.4604452290849755e-08,1.5030149283451292e-10,2.7626758706468327e-05,3.0175153095491754e-05,4.533854180369477e-07,2.9979223371780523e-08,6.419760319611687e-06,8.052199918410762e-08,2.294925107483461e-12,7.06662252392491e-08,7.967706364589748e-06,0.00013342569452944237,9.820787070886653e-06,1.911728465010766e-05,2.6397264101308613e-06,1.0456357605666986e-09,0.001227654052351682,0.9891753253357324,1.607834428204008e-06
12,0.006082758876828136,1.9092858779933423e-05,0.0012468460685822736,9.71770503749385e-05,1.4893632463878386e-06,0.0013289066033818433,5.229332399988519e-08,1.461822511844745e-10,2.6378318504786856e-05,2.9060308859435636e-05,4.3420678034715803e-07,2.7574261840999445e-08,5.302230881334643e-06,6.650180615431133e-08,2.2474413387878644e-12,6.856803316612932e-08,6.369383730502929e-06,0.00011831256888701978,9.87480733341813e-06,1.6812469488101178e-05,2.435615149346438e-06,9.65630696725828e-10,0.0011306728188415034,0.989876476821618,1.383577247203305e-06
13,0.004806017144923006,1.625530479133534e-05,0.0012331983448102286,0.00013951697960978458,1.982478043889904e-06,0.0014204791630489154,6.686946719094723e-08,2.898597789968629e-10,2.312488033936063e-05,2.2604999349352805e-05,1.1201277557126747e-06,4.8792261075759446e-08,6.50509739621461e-06,1.6814612026426985e-07,2.4827523483178933e-12,6.328546168259908e-08,1.1457761656414289e-05,0.00013719470984896906,9.55790438163195e-06,2.0816647959689832e-05,3.5458839588604464e-06,1.5470351914989097e-09,0.0021537821995754286,0.9899908553395675,1.6361002957426516e-06
14,0.006838560938338009,2.1917890755236922e-05,0.001242154050946405,0.00010630115945631054,1.7678675715914264e-06,0.0014698137328178246,5.598837315523055e-08,1.522308667380121e-10,2.7847960076784566e-05,3.2904140112992344e-05,4.6432296521074156e-07,2.8509539182587174e-08,5.7009703263314045e-06,8.472063908778278e-08,2.3550344098928164e-12,7.11259404703656e-08,7.806258544426819e-06,0.0001406716324918178,1.0010176558702787e-05,1.916746170962123e-05,2.6323573246608816e-06,1.0504214850871303e-09,0.0012704185612761687,0.9887999547962133,1.6641730151634972e-06
15,0.006821621899868785,2.1466804455738064e-05,0.0012588898680614248,0.00010645872171702032,1.7365964559503275e-06,0.0014642201055260812,5.5312816239784375e-08,1.5123865932040344e-10,2.773808355203773e-05,3.23461750036591e-05,4.5879083210307247e-07,2.8510282850348994e-08,5.7626932163301885e-06,8.31333155608986e-08,2.323162913069741e-12,7.04981618261093e-08,7.793983332770885e-06,0.00013958558425567285,9.883781262375333e-06,1.9034400331652212e-05,2.6282507113625995e-06,1.0391844570974012e-09,0.001264173362325732,0.9888143067503828,1.6555013853310386e-06
16,0.0068538314048433085,2.9566138891591754e-05,0.001103948341341536,0.00013462467744935553,1.7731065377604383e-06,0.0013473982037025295,7.018136282495743e-08,2.1524478104400532e-10,2.889477756912076e-05,5.411070495660852e-05,4.5162549585485693e-07,3.877396817413414e-08,6.034344190234311e-06,1.06054198838655e-07,2.8253284796264312e-12,9.186758240352817e-08,9.448188366161158e-06,0.00017900478967006019,1.2833909360222806e-05,2.4228229862610634e-05,3.890420716699988e-06,1.695832265645578e-09,0.0014836547714962257,0.9887240940786612,1.9034958741566699e-06
17,0.007161139681645276,2.3173151685436462e-05,0.0011464305020140167,0.00015005535514772488,2.415240845624403e-06,0.001389535619932026,6.952511801790559e-08,2.1086894150294408e-10,2.709141640159375e-05,3.6568872608667215e-05,6.012129874765304e-07,4.381951132404316e-08,8.988401070623111e-06,1.5359068969001072e-07,2.223714948663812e-12,7.401046414609738e-08,1.5086959778524829e-05,0.0001875002756577213,9.170237168926527e-06,2.8999244185548007e-05,3.590685747752162e-06,1.5086226153293317e-09,0.002038285943388864,0.987768698217359,2.3263148765821194e-06
18,0.011914225929906415,3.074966970863479e-05,0.0014346868279964777,0.00015309200315604817,3.01912376368034e-06,0.0018139829476767782,8.716594441012409e-08,2.1947679811910015e-10,3.215071001607807e-05,5.728230975141784e-05,5.747814371484946e-07,4.1390887870763935e-08,9.17498380881218e-06,1.7947565566810426e-07,2.956127321292298e-12,8.142580754264006e-08,1.8870022059802048e-05,0.00032366669906560094,1.0886214988229737e-05,3.051806647924366e-05,4.133316171173165e-06,1.7500055190368157e-09,0.001986024229622326,0.9821727322670878,3.838466570316457e-06
19,0.0064259729883330875,2.294757277371899e-05,0.0015336681180389083,0.00013360508368816883,1.5993704925215673e-06,0.001254587703463513,7.351673276284583e-08,1.8444848727689176e-10,3.0864200087445115e-05,3.6595614533617025e-05,4.1853899316736226e-07,4.061091977010268e-08,6.774417245776163e-06,7.46650253803441e-08,2.474392639597182e-12,8.189894715077408e-08,7.1075145332713405e-06,0.00012478926999414408,9.967990614672206e-06,1.972824528095298e-05,3.1362512906761018e-06,1.1641519679123285e-09,0.0013004284663040045,0.9890858641385978,1.6724730348342236e-06
20,0.0066764468374915925,2.1721132428390195e-05,0.0014655337929489502,0.0001316798634016483,1.552151745320761e-06,0.001480575240549763,6.499028894091938e-08,2.5818848828812393e-10,3.104076541549437e-05,3.696754520377293e-05,5.72282091972082e-07,3.779743829553464e-08,5.931404398527549e-06,8.859930952298668e-08,3.6322781018491898e-12,9.290591631138458e-08,8.66800084826866e-06,0.00016874593091885287,1.2329283961252763e-05,2.019777447404487e-05,3.3037101858368036e-06,1.7190149308634234e-09,0.0012602730954978868,0.9886724661147352,1.7087999143457237e-06
21,0.007026133512188487,2.9096475705558336e-05,0.0011988111510601704,0.0001391738427403844,1.5928001754807834e-06,0.001497235872702912,5.72584277049473e-08,1.9594373085473963e-10,3.592209248926215e-05,4.1646561264295166e-05,4.1739153822365124e-07,3.69555722554412e-08,6.355509993566079e-06,1.0748361901012414e-07,2.7178709202943587e-12,1.1827552712869396e-07,6.555247369780791e-06,0.00015491703949173347,1.1332151591072812e-05,2.2805736577585745e-05,2.718626120962155e-06,1.2273963389488736e-09,0.0010209810621035385,0.988802455401245,1.5281264379738862e-06
22,0.009849212552336858,2.0034491191064278e-05,0.0014517090150666621,0.00010937665754216649,1.9144302967718266e-06,0.001658265909779845,5.542511622449252e-08,1.8875778172409887e-10,3.133676644310503e-05,3.346419954848255e-05,5.547470805605196e-07,2.647076045127804e-08,5.891686030928934e-06,8.920229652648444e-08,2.9609209623179952e-12,7.826479614466537e-08,1.1503644962189165e-05,0.0002508574245719367,1.0500631503416489e-05,1.8899721403911617e-05,2.8790863612062352e-06,1.4636245642146033e-09,0.0010883019934039763,0.9854529965889596,2.049435204934683e-06
23,0.006821621899868785,2.1466804455738064e-05,0.0012588898680614248,0.00010645872171702032,1.7365964559503275e-06,0.0014642201055260812,5.5312816239784375e-08,1.5123865932040344e-10,2.773808355203773e-05,3.23461750036591e-05,4.5879083210307247e-07,2.8510282850348994e-08,5.7626932163301885e-06,8.31333155608986e-08,2.323162913069741e-12,7.04981618261093e-08,7.793983332770885e-06,0.00013958558425567285,9.883781262375333e-06,1.9034400331652212e-05,2.6282507113625995e-06,1.0391844570974012e-09,0.001264173362325732,0.9888143067503828,1.6555013853310386e-06
24,0.006829218909008349,2.786742440422348e-05,0.001064237669452188,0.00014337736433430118,1.7132533993674757e-06,0.0014739383112712656,5.311932144683504e-08,1.6636233306819802e-10,2.9588293815572792e-05,3.909638550423718e-05,4.5717545590054875e-07,3.311054173582016e-08,5.967719299505282e-06,1.2605584739004475e-07,2.1631967178360973e-12,8.090639243521427e-08,8.697203106053153e-06,0.00016643420337409315,9.795504183274493e-06,2.3897508230529505e-05,2.772365317391671e-06,1.2072958665053161e-09,0.0013600313859510225,0.9888109081286055,1.7066273628015062e-06
25,0.004763111110326651,1.964320792188329e-05,0.0010437487446537217,0.00014935426638721148,1.953534646796165e-06,0.0014852637523212152,6.133198396192865e-08,2.8104138213446863e-10,2.3526176254318274e-05,3.157042647588222e-05,8.375203145869547e-07,3.36108415355334e-08,4.981500985915976e-06,1.5696888297623986e-07,2.4016368740418527e-12,8.547175213020328e-08,8.893420973125899e-06,0.00014450362203135414,9.292916957235846e-06,2.460552170228987e-05,2.8235893508334246e-06,1.3179337274520263e-09,0.0017760646220684414,0.9905081496255937,1.337456197138739e-06
26,0.03717778527786632,0.018223238393284092,0.03054572390194477,0.07757348902929193,0.00017510583587227016,0.05440357122381427,0.00019018218047839834,1.7129986066368137e-06,0.0014727518320878374,0.03371606220417119,0.00013724562642712123,3.6138992352637555e-05,2.8450235746033165e-05,0.0008876211381001605,1.7437130891402688e-08,4.712861765010886e-05,0.00045116613617842473,0.008450738669858154,0.0007936597067227391,0.0007295373676717548,0.0008095791413914217,3.819820188149294e-06,0.13522807797855468,0.597779471840364,0.0011377244142461757
27,0.009558436004987328,2.9007730204689315e-05,0.002065583741909273,0.00012849537772536616,3.2003422104171427e-06,0.0013770289582196828,1.0789963483935536e-07,1.1937001859005106e-10,2.4434434769153432e-05,4.554219949196854e-05,3.7746675613964e-07,3.520501567895401e-08,7.474087862028808e-06,1.0908695570383502e-07,1.456635802463393e-12,5.619926973378966e-08,5.824989545318386e-06,0.0001087330230324722,6.017529569357165e-06,2.6146073883584407e-05,2.376466003641419e-06,3.851321701181169e-10,0.0022708844108797234,0.9843372655046193,2.8627614960415766e-06
28,0.006821621899868785,2.1466804455738064e-05,0.0012588898680614248,0.00010645872171702032,1.7365964559503275e-06,0.0014642201055260812,5.5312816239784375e-08,1.5123865932040344e-10,2.773808355203773e-05,3.23461750036591e-05,4.5879083210307247e-07,2.8510282850348994e-08,5.7626932163301885e-06,8.31333155608986e-08,2.323162913069741e-12,7.04981618261093e-08,7.793983332770885e-06,0.00013958558425567285,9.883781262375333e-06,1.9034400331652212e-05,2.6282507113625995e-06,1.0391844570974012e-09,0.001264173362325732,0.9888143067503828,1.6555013853310386e-06
29,0.006821621899868785,2.1466804455738064e-05,0.0012588898680614248,0.00010645872171702032,1.7365964559503275e-06,0.0014642201055260812,5.5312816239784375e-08,1.5123865932040344e-10,2.773808355203773e-05,3.23461750036591e-05,4.5879083210307247e-07,2.8510282850348994e-08,5.7626932163301885e-06,8.31333155608986e-08,2.323162913069741e-12,7.04981618261093e-08,7.793983332770885e-06,0.00013958558425567285,9.883781262375333e-06,1.9034400331652212e-05,2.6282507113625995e-06,1.0391844570974012e-09,0.001264173362325732,0.9888143067503828,1.6555013853310386e-06
30,0.006821621899868785,2.1466804455738064e-05,0.0012588898680614248,0.00010645872171702032,1.7365964559503275e-06,0.0014642201055260812,5.5312816239784375e-08,1.5123865932040344e-10,2.773808355203773e-05,3.23461750036591e-05,4.5879083210307247e-07,2.8510282850348994e-08,5.7626932163301885e-06,8.31333155608986e-08,2.323162913069741e-12,7.04981618261093e-08,7.793983332770885e-06,0.00013958558425567285,9.883781262375333e-06,1.9034400331652212e-05,2.6282507113625995e-06,1.0391844570974012e-09,0.001264173362325732,0.9888143067503828,1.6555013853310386e-06
31,0.01229127851260316,2.426507858842288e-05,0.0021667179908774615,0.00011099214562446298,1.9162195429771486e-06,0.001525615559026664,8.250541143720588e-08,2.2773813094721755e-10,2.9940406953744044e-05,4.1308501901391865e-05,4.912137748513836e-07,3.7466560266941334e-08,7.105455662346639e-06,1.018291290859843e-07,2.771751865946335e-12,7.011137402175846e-08,8.468212512524973e-06,0.00020941459324679213,1.188922016284378e-05,1.8827074420821266e-05,2.858031535582153e-06,1.1477548345441755e-09,0.0012300686037240098,0.9823162161422152,2.333746887595159e-06
32,0.006719865313417463,2.1032245305319055e-05,0.0012068874180207456,9.667036140267114e-05,1.6365451471531047e-06,0.0014230609694041948,5.331898683968882e-08,1.5030239463461474e-10,2.7821641652465258e-05,3.0530739830590475e-05,4.536147133259605e-07,2.840874560476579e-08,5.661499236328336e-06,7.713852035612797e-08,2.3767242197218934e-12,6.923391946557077e-08,7.4025419222672026e-06,0.00013341522913970166,1.0856183013947581e-05,1.7552925926106306e-05,2.5838080382643504e-06,1.068909385582254e-09,0.0011606933779885768,0.9891321148574835,1.531406596324409e-06
33,0.024994943036149873,5.780046733437675e-05,0.0050523806260018185,0.00011818720739321031,3.1669536367557417e-06,0.001607449870398803,1.514066032261961e-07,1.400505832822686e-10,7.001661368855534e-05,4.237517176356604e-05,4.3559855907093056e-07,4.127508055521314e-08,4.1846725991364775e-06,4.892048286991636e-08,6.881632233762568e-12,6.336450081197759e-08,4.21554678554166e-06,0.00017085290903194348,1.1646105686667166e-05,1.4250329812888454e-05,2.698251698159763e-06,7.445039589485524e-10,0.0010697311541398,0.9667704978343749,4.8617928411119764e-06
34,0.0037931945398872345,2.1569845131107904e-05,0.0011999722578330458,0.00031653529167903905,1.8983689643895858e-06,0.00195831556353672,7.125252234260054e-08,2.3170880401092706e-10,1.5594137027264837e-05,0.00010368510721203178,5.579151455876383e-07,2.7772301601346963e-08,4.6956790921016285e-06,1.981179018318529e-07,1.9364120953816647e-12,1.0890629296028813e-07,1.3376116952962213e-05,0.00020221194881417105,5.0533325646162185e-06,4.701779984446921e-05,4.096115804866296e-06,1.3948131987888079e-09,0.004298710597057157,0.9880105048199694,2.6028860066456233e-06
35,0.013866084224461644,2.242556169893605e-05,0.0016002515492572742,0.00010672131382676884,1.5849242840557245e-06,0.0012307904283008508,6.964289050778881e-08,1.976988291813063e-10,3.661358047975036e-05,3.4559420896899716e-05,4.135633352660372e-07,3.7660963958564396e-08,6.57945332136128e-06,7.710013259771117e-08,2.5878842790661934e-12,6.887597646435654e-08,8.961735662075443e-06,0.00029392622486959123,1.1930589893272985e-05,1.4444470339545525e-05,2.834535415490829e-06,1.493720183362328e-09,0.0008151426425962642,0.9819443826161993,2.0981911912045724e-06
36,0.011723546972319093,2.344284168810539e-05,0.001618177445304561,0.00011824983060927067,2.0672664868278276e-06,0.0013266295127295138,8.665140888126343e-08,3.7751974559807687e-10,4.424133906149476e-05,3.078148043288288e-05,6.048301813688216e-07,7.725877676043608e-08,1.4235606378116435e-05,1.1728357033899394e-07,4.732132759065516e-12,1.3630573657324138e-07,1.287803269976468e-05,0.00021329292690496794,1.786909970125436e-05,2.3539128032227164e-05,3.2106436112027294e-06,2.345148286792295e-09,0.0009455962205533963,0.9838788654464631,2.3511499500748963e-06
37,0.005469355927090944,0.00012101848615918986,0.0028852441595587953,0.0005330928897713726,1.576135366612132e-05,0.016026738325484367,3.421640875735327e-07,3.2752546347098138e-09,0.00011613130305058975,0.00015307773548252747,6.218082956192437e-06,1.4903446621107545e-07,1.3789565017777516e-05,2.4487335078192147e-06,7.40130107034859e-11,9.533750754543684e-07,5.0580734337474855e-05,0.00023560645007439712,5.3831674300638567e-05,0.00011209640612305652,1.8247953357708434e-05,1.1721393579561428e-08,0.009284727045883722,0.9648904869257708,1.008660411604905e-05
38,0.005563793751548769,2.1899600599588548e-05,0.001068795381671153,0.00015445362799440684,1.6050568163972436e-06,0.0012806043175844026,5.0218379326108894e-08,1.7942503061409473e-10,2.354926437274875e-05,3.686044606989101e-05,4.987658020692094e-07,3.267302358548265e-08,6.024466560943029e-06,1.0929073176434007e-07,1.888512719353576e-12,6.578309148407388e-08,1.1925091828537045e-05,0.0001642691981866203,8.531475859592936e-06,2.6688026835219867e-05,3.4364087545780267e-06,1.390290380182074e-09,0.0018048977654228698,0.9898202047260168,1.7030912451981635e-06
39,0.0051385756697875625,1.0100473843736135e-05,0.0016492028159462338,9.75278155848526e-05,1.1559875333304415e-06,0.0017859057375792158,5.227902909590499e-08,1.9761042075188793e-10,2.5124000285595693e-05,2.625125235916626e-05,4.5332656329480984e-07,2.6416562917130387e-08,7.008397502644352e-06,4.849550691290676e-08,2.6430123107114717e-12,8.60429398657428e-08,7.6090246107871e-06,0.00013613807884284746,1.0060583335106033e-05,1.3040267927991608e-05,3.133279070787668e-06,1.1540290796851978e-09,0.0009260766084175007,0.9901611266433706,1.2954491175517919e-06
40,0.0064998926483344375,2.081387742700399e-05,0.0011857094634281466,0.00010813502648313961,1.6623563746687508e-06,0.0014376794231816706,5.261116660782749e-08,1.4794859531919748e-10,2.6575754640809283e-05,3.258289247515416e-05,4.4897390802278637e-07,2.741201496124361e-08,5.566173594209334e-06,8.191850138282255e-08,2.2093079156874016e-12,7.003477547192999e-08,7.846499444969803e-06,0.00014052792752402047,9.602218384914697e-06,1.921652676879959e-05,2.6139881407711185e-06,1.0391721110572526e-09,0.0012671847144197872,0.9892321150826454,1.5932870358307821e-06
41,0.007485555981273444,2.194907480470637e-05,0.0013522785749625764,0.0001028865821581399,1.932507368595708e-06,0.0014843764845478174,5.893662749200458e-08,1.5292743732074305e-10,3.082981566582811e-05,3.021401955796834e-05,4.682973343734202e-07,2.9431843572968053e-08,6.20666429711568e-06,8.112666408073572e-08,2.5574890592808583e-12,7.479646400552684e-08,7.518270814923019e-06,0.0001388500400986811,9.857669601831821e-06,1.8925650679461804e-05,2.5050645008304048e-06,9.899382992382478e-10,0.0011790215960477256,0.9881246472772628,1.730992000643699e-06
42,0.003895242333859121,1.3354400212461129e-05,0.0010514756472921644,9.860901044478155e-05,8.018082293054636e-07,0.0013250961281904043,4.009882214362755e-08,2.206129834080342e-10,2.513392199302337e-05,2.9367258035491877e-05,3.9482414065877047e-07,3.051567194824848e-08,5.7110871874355245e-06,4.551055515434381e-08,2.787102153194842e-12,1.0883446156087212e-07,6.483994311928124e-06,0.00011130630648393687,1.4639132647848077e-05,1.4992768882798631e-05,3.0172157486619046e-06,1.622490269629494e-09,0.00079616785853268,0.9926071059668796,8.735315264321537e-07
43,0.008321813667849173,2.1482635862618437e-05,0.001375153963043295,0.00010029086365577838,1.9195026869057796e-06,0.0013263388530460232,5.694105952448037e-08,1.3813491900945467e-10,3.0588922399471303e-05,2.3658276345635326e-05,4.943650155852586e-07,3.2174336657426986e-08,6.216986256562447e-06,8.12174957553886e-08,2.315670091750283e-12,6.130487073779265e-08,7.472851259825703e-06,0.00013351573182046576,9.27003630416127e-06,1.7429436080738802e-05,2.205505670577689e-06,8.914661905712655e-10,0.0011585745776105597,0.9874615692779113,1.771877501802928e-06
44,0.006821621899868785,2.1466804455738064e-05,0.0012588898680614248,0.00010645872171702032,1.7365964559503275e-06,0.0014642201055260812,5.5312816239784375e-08,1.5123865932040344e-10,2.773808355203773e-05,3.23461750036591e-05,4.5879083210307247e-07,2.8510282850348994e-08,5.7626932163301885e-06,8.31333155608986e-08,2.323162913069741e-12,7.04981618261093e-08,7.793983332770885e-06,0.00013958558425567285,9.883781262375333e-06,1.9034400331652212e-05,2.6282507113625995e-06,1.0391844570974012e-09,0.001264173362325732,0.9888143067503828,1.6555013853310386e-06
45,0.005956290587913241,1.3899669262381134e-05,0.001447766274827478,9.102029522766341e-05,1.433765962042363e-06,0.0015604261452114479,5.35953059992227e-08,2.0492258136631103e-10,2.865429734382476e-05,2.496080979964565e-05,5.301381136416392e-07,2.6384904234867238e-08,5.690706624135891e-06,5.5652013357775323e-08,3.4556322969990586e-12,1.0151973983617562e-07,5.976953375980014e-06,0.00012580566599894238,1.0802316606145802e-05,1.5505452984665923e-05,2.119989966158449e-06,1.0877551919114337e-09,0.0008341891215673558,0.9898734382287394,1.2511323787435758e-06
46,0.008934214685022463,3.187738536188129e-05,0.00153347269706799,0.00010053101855295864,2.282236220464181e-06,0.0015474929391375055,8.02819163828017e-08,1.6921741270741757e-10,3.430289062885745e-05,4.273501894349695e-05,4.864863380419338e-07,2.9838181984491314e-08,4.541844022394864e-06,9.39067640871197e-08,2.9374301759374635e-12,7.71393031988203e-08,5.3436445753519045e-06,0.00014301721762569712,1.15299735274544e-05,1.8152007905228763e-05,2.4031392660276898e-06,9.098858577248078e-10,0.0012753178066007191,0.9863100978952569,1.9188657401442186e-06
47,0.004052933023875023,2.4909896824708265e-05,0.0015106843142250717,0.0001956258115391491,2.2012053526197373e-06,0.0028265030243872138,7.233805316318142e-08,2.735240004294751e-10,2.104478167805301e-05,5.435720194884967e-05,1.0599958182107531e-06,2.109962123278695e-08,2.719734177781129e-06,2.3308900573431824e-07,2.5429317515362712e-12,6.411468807720056e-08,7.917342203626235e-06,0.00015881603845883737,8.127593399128497e-06,2.4299752510333203e-05,3.3409484739863652e-06,1.0543896038474803e-09,0.003153555671154721,0.9879497439817598,1.7677103879853015e-06
48,0.005279708813819867,2.0448156941626258e-05,0.0008334202180686908,8.200463043766462e-05,1.2323990059180022e-06,0.0013458741131114648,4.201455764908081e-08,1.2366551553655916e-10,2.3724676358928806e-05,2.956639837128707e-05,3.8708551705398607e-07,2.5756575371337885e-08,4.81686011642305e-06,7.444766819551698e-08,1.8051868763928976e-12,6.287858544101484e-08,6.4762747966317695e-06,0.00010775724041622014,1.2702567676289425e-05,1.532749286786362e-05,2.2082058299004097e-06,1.0382180036803238e-09,0.0010216460827897453,0.9912113526103787,1.1399124202900574e-06
49,0.005930821710036309,1.9300588327693205e-05,0.0013824997237741454,0.00012069326299293219,1.3752164729348847e-06,0.0014354743890692793,5.1236467341655824e-08,1.408923499783745e-10,2.483769812084564e-05,3.3308413946895696e-05,4.091321677402431e-07,2.9287926804036496e-08,5.780553444606577e-06,7.739937516169863e-08,1.9960749731824686e-12,6.4591478873721e-08,7.264516742621578e-06,0.0001282456013815552,8.527165404678835e-06,1.8363630709921356e-05,2.7869300995902024e-06,9.900334108071594e-10,0.0013523766368730553,0.9895261262057907,1.5849764744395399e-06
50,0.009244998937551874,2.9342063410832982e-05,0.0016833316278435913,0.00012412320249475427,2.5132228561770365e-06,0.0016312593266558074,1.0488678647511303e-07,2.50255503620452e-10,2.8882457734598535e-05,5.782905307534046e-05,5.472444465294643e-07,4.131839017507457e-08,6.961015218240576e-06,1.3214535337814098e-07,3.0762843548582797e-12,8.687420649673603e-08,9.197731015905381e-06,0.00017962150919310276,1.264791032450523e-05,2.445018546361864e-05,3.279484617027026e-06,1.299771296413597e-09,0.0017811199814901496,0.9851769371147302,2.5911540380710404e-06
51,0.012646907993268404,7.732268610169846e-05,0.001548150814102483,0.00027375919196725534,1.3507531728363013e-06,0.0014845077484244087,6.526004590399965e-08,2.700232298690125e-10,5.0627531152964685e-05,6.084350566486666e-05,4.821150241195723e-07,6.199205748385273e-08,4.842977937975135e-06,2.21590577946325e-07,3.2671268722898658e-12,7.676135145438697e-08,1.1100754998476576e-05,0.000301919018812428,1.7259493522237456e-05,2.700427334125213e-05,4.336450528636028e-06,2.58844232280142e-09,0.0013018049159109026,0.9821848662660668,2.4850442366062747e-06
52,0.004814629835886439,2.3284361610257274e-05,0.0012097679133066725,0.00011695468598071083,1.3051825713904991e-06,0.000812154244436092,5.850970281614934e-08,1.1013164464485273e-10,2.3116687623602284e-05,2.566062535186271e-05,3.340612581276061e-07,4.113038082159301e-08,5.412031147309551e-06,5.5111849216080704e-08,1.5009572571404354e-12,4.713969237585536e-08,5.7174361349679805e-06,6.510896381608326e-05,8.220094132689036e-06,1.793802618149237e-05,2.757220881369769e-06,8.358243585666509e-10,0.0015734380712582317,0.9912926935277308,1.3041916097221692e-06
53,0.005799115873125449,2.1381857340159953e-05,0.0014901440748224162,0.00011960628949619707,2.9071431564778904e-06,0.0013329290528313268,1.1508706373268079e-07,2.1592868731670564e-10,2.6033841350415196e-05,4.191800114064673e-05,5.997443618847611e-07,3.779559004500799e-08,6.39099059125784e-06,9.203854645400386e-08,2.8208524392131624e-12,8.429630277299269e-08,7.021641956572298e-06,0.00011059755111400834,8.584515243718458e-06,2.3432791361645124e-05,2.9623490160212634e-06,9.440440604846981e-10,0.0020439551096419835,0.9889600414034435,2.047389709699277e-06
54,0.015819797559555343,5.583971691929137e-05,0.0021315627298511305,0.0001336577894225881,2.7543890963509673e-06,0.001973813859015954,1.0435284607728832e-07,1.9385002937177588e-10,5.05065508885819e-05,5.843871788145649e-05,4.961396936783956e-07,5.019980315666079e-08,6.469780241183157e-06,1.5062894587941378e-07,4.874829147682551e-12,9.823488547013642e-08,7.754564560006743e-06,0.00020257850087357924,1.5662271219644884e-05,2.1923263777986548e-05,2.9544556225149478e-06,1.3955472466860108e-09,0.0013839740894395231,0.9781276597514598,3.7508597287769075e-06
55,0.007436116030322905,1.8366924172644513e-05,0.0011682314655562726,9.405138198818614e-05,1.4124568360068637e-06,0.001188918117736813,4.764512208613025e-08,1.160134111253139e-10,3.4415080185569246e-05,2.140792993345856e-05,3.506018235491438e-07,3.260284454147018e-08,7.190794254033115e-06,5.5661456200591614e-08,2.0903023169628577e-12,6.706125067314688e-08,6.436497623065026e-06,0.0001326812540402761,9.30594268517898e-06,1.419684674518458e-05,2.2870834073121606e-06,9.23974199042619e-10,0.0007863909499380279,0.9890766021323327,1.4344976675905108e-06
56,0.0067613334224915465,2.0767434949207388e-05,0.0012544091130860578,0.00010320165440259502,1.71999029141813e-06,0.001423499833379597,5.579822026407297e-08,1.538958903315935e-10,2.8221903299688622e-05,3.051668135836004e-05,4.5563490695914365e-07,3.058063574861944e-08,6.402652252926338e-06,8.033023132935131e-08,2.3859945242222307e-12,7.118326546101567e-08,7.973937133165939e-06,0.00013397879302055649,1.0297944300323052e-05,1.8859528321862858e-05,2.6721722405206196e-06,1.071941736649715e-09,0.0012209126380634105,0.9889729008284226,1.6367175027281403e-06
57,0.006903546155209091,2.108020658908535e-05,0.0011444201817234492,0.00010427105969685197,1.5549974711226306e-06,0.0011283804093548185,5.557945438279e-08,1.6073401937884469e-10,2.9552639158338422e-05,3.1262375580474205e-05,3.6512599577707323e-07,4.1694364858725595e-08,9.441161931566866e-06,7.14588170525652e-08,2.2458707413914017e-12,8.105494837697257e-08,9.71576195955331e-06,0.00013094149053973828,1.1632913913148706e-05,2.1798203961863427e-05,2.946449432174146e-06,1.3254243638500002e-09,0.0011283428077847773,0.9893188445327145,1.6522509948025997e-06
58,0.005867939672138992,1.6254802391111468e-05,0.0010805618002311698,8.340465315423965e-05,1.3474181173407213e-06,0.0012119091619890395,4.475115686409676e-08,1.1885003112553733e-10,2.4331315130153642e-05,2.3199938378649743e-05,3.962866687341107e-07,2.606073261595904e-08,5.4253122421462425e-06,5.889745756157587e-08,1.836656941562354e-12,5.831098007352248e-08,5.9780038018644445e-06,0.00010818358319016061,9.219093537413268e-06,1.4436549855430465e-05,2.1516466727628995e-06,8.452238640965685e-10,0.001005153821896737,0.9905386893596431,1.2285947232241361e-06
59,0.005494552745393307,1.6412138848520322e-05,0.001151974503659754,8.953000064989465e-05,1.3065226236733117e-06,0.00121091196201434,4.4369089796708474e-08,1.1890631630517166e-10,2.351214758725227e-05,2.446653804490478e-05,3.9130362282853457e-07,2.438836731225205e-08,4.905559863995497e-06,5.6845767924210414e-08,1.7962775099864924e-12,5.811239561174336e-08,5.615941997874202e-06,0.00010280255549008361,8.459495929714866e-06,1.5067698920428938e-05,2.1752171285718207e-06,8.041146630921706e-10,0.0010683748248935978,0.9907781665397142,1.1896631790573767e-06
60,0.006821621899868785,2.1466804455738064e-05,0.0012588898680614248,0.00010645872171702032,1.7365964559503275e-06,0.0014642201055260812,5.5312816239784375e-08,1.5123865932040344e-10,2.773808355203773e-05,3.23461750036591e-05,4.5879083210307247e-07,2.8510282850348994e-08,5.7626932163301885e-06,8.31333155608986e-08,2.323162913069741e-12,7.04981618261093e-08,7.793983332770885e-06,0.00013958558425567285,9.883781262375333e-06,1.9034400331652212e-05,2.6282507113625995e-06,1.0391844570974012e-09,0.001264173362325732,0.9888143067503828,1.6555013853310386e-06
61,0.0057667159740868385,1.716105795693278e-05,0.0011865728864756371,9.192586704116984e-05,1.384002522840586e-06,0.0012606622592115987,4.762082002149342e-08,1.2635316031975548e-10,2.4281001533286715e-05,2.6172508582228465e-05,4.0194545440753756e-07,2.5693326185775023e-08,5.252527412011442e-06,6.070786995679693e-08,1.9295050464420966e-12,6.025214513667819e-08,6.140306950794521e-06,0.0001107547288553348,8.877216244984892e-06,1.5638214006631855e-05,2.323555661391679e-06,8.719091448971873e-10,0.0011005246440601803,0.9903737212930145,1.294736576332025e-06
62,0.006821621899868785,2.1466804455738064e-05,0.0012588898680614248,0.00010645872171702032,1.7365964559503275e-06,0.0014642201055260812,5.5312816239784375e-08,1.5123865932040344e-10,2.773808355203773e-05,3.23461750036591e-05,4.5879083210307247e-07,2.8510282850348994e-08,5.7626932163301885e-06,8.31333155608986e-08,2.323162913069741e-12,7.04981618261093e-08,7.793983332770885e-06,0.00013958558425567285,9.883781262375333e-06,1.9034400331652212e-05,2.6282507113625995e-06,1.0391844570974012e-09,0.001264173362325732,0.9888143067503828,1.6555013853310386e-06
63,0.007054381272896215,2.4874603335954594e-05,0.001267388612512606,0.0001085783512630016,1.7416533516589815e-06,0.001439277655517492,5.661848687910147e-08,1.5013968574122174e-10,2.904257358709469e-05,3.399348893780351e-05,4.533920900480572e-07,3.0250185562836624e-08,5.587657560414339e-06,8.661424546215642e-08,2.442367732687415e-12,6.949572147946364e-08,7.6132066970897155e-06,0.00013625658820193168,1.0648169224285249e-05,1.9297524399293864e-05,2.744539293231357e-06,1.090048048917379e-09,0.0012840175581707814,0.9885721644822612,1.6944494305915345e-06
64,0.006186889656604715,2.1810177276428837e-05,0.001256586908585427,0.00011172999305439821,1.5920949591293767e-06,0.0014548863879673254,5.54609294971051e-08,1.5040095451104365e-10,2.7829715785519978e-05,3.3710103563814135e-05,4.356318764102795e-07,3.019225583482817e-08,5.832921206663658e-06,8.062432752433293e-08,2.318118525733249e-12,6.963833436944769e-08,7.567514874584515e-06,0.00013232006380918337,1.0019143347201366e-05,1.8473314920133903e-05,3.0003225399976337e-06,1.1011070380397335e-09,0.0012911743722461872,0.9894342930523009,1.611455408542418e-06
65,0.006902712067892354,2.5399001178949176e-05,0.0014920250032023697,0.0001337435831831523,1.979486840278571e-06,0.0016936410095165309,7.078724716717306e-08,1.998673793087701e-10,2.6508063224096725e-05,4.720147119075415e-05,5.166232310530869e-07,3.090541886251209e-08,5.650916936890015e-06,1.1053720502911649e-07,2.7056587107904734e-12,7.920592423605823e-08,8.57897584768751e-06,0.00015650263379873714,1.024860223105073e-05,2.374548366871858e-05,3.1583860583953066e-06,1.1543119494960176e-09,0.001692894550464114,0.9877731728573276,2.0284915270807286e-06
66,0.005932549962428095,1.7174732407327927e-05,0.0012212691236251406,8.900360499783308e-05,1.7321616514827643e-06,0.0013125043481500842,5.322653413813878e-08,1.2224388454158728e-10,2.348698050943595e-05,3.0350954219415078e-05,3.968359244958845e-07,2.2884899234607533e-08,5.326995962672405e-06,5.811373176532979e-08,2.0466151132397786e-12,6.445463179681815e-08,6.485970401185336e-06,0.00011139970667653768,8.041214940052337e-06,1.8053826917977145e-05,2.3573991036161706e-06,8.000184926216342e-10,0.0012439306841643073,0.9899742415012166,1.4943925978587739e-06
67,0.0025252917310338344,9.017937117469069e-06,0.0008751125566086944,0.0001908617853115926,1.0755880383561049e-06,0.0019354756445243012,2.776748781467504e-08,1.19436962487164e-10,1.2446220810265133e-05,3.192549962884262e-05,4.2114108599301827e-07,1.8188819696811605e-08,6.3354427257242846e-06,1.1999551960720966e-07,1.0322528398739328e-12,7.008473377673783e-08,9.334824492484105e-06,0.00011411853085790431,3.6322546122247166e-06,2.8568770292235198e-05,2.324153795524703e-06,6.643644025216484e-10,0.00229912519898563,0.9919534360588691,1.2598398152080532e-06
68,0.006613306268413231,2.0472933954641038e-05,0.001337586228094879,0.00011676890728601401,1.4431821387046802e-06,0.0013582507138706972,5.19124337560211e-08,1.4089312177749614e-10,2.5408752837991912e-05,3.2726082100549725e-05,4.140933694278526e-07,2.849958439044121e-08,5.236276133908658e-06,8.010124730900805e-08,1.8741948236626994e-12,6.085468554336046e-08,7.079995863730106e-06,0.0001384988568430632,8.64375757185569e-06,1.7711926964055523e-05,2.7034361477053834e-06,9.593919767358749e-10,0.0013268484659663478,0.988985103744257,1.573908076008843e-06
69,0.0064783911740053,2.0829965577313757e-05,0.0012370334595553632,0.00010563492301096551,1.6897173870748972e-06,0.0014414249184519204,5.3936495034199885e-08,1.4840635198814016e-10,2.6867651564436077e-05,3.155398865053775e-05,4.5599479392472357e-07,2.789479377439667e-08,5.611009375021208e-06,8.061114494486225e-08,2.259356255928184e-12,6.917923536835125e-08,7.516402513967985e-06,0.00013269782441017642,9.656905665524799e-06,1.8811719856641042e-05,2.6058383826538266e-06,1.006788672126875e-09,0.0012720133098706966,0.989205387090548,1.5853272571450419e-06
70,0.010548537725710586,2.7214417097421526e-05,0.0018436810002168767,0.00016000043222095777,2.370180776534466e-06,0.0017191611603161413,7.691100583672434e-08,2.323996253121503e-10,3.5697254840279176e-05,4.3475249161594466e-05,5.224114127376954e-07,3.981945902346396e-08,8.445195284952007e-06,1.29307824809134e-07,3.210472495154893e-12,9.957107446934894e-08,1.1468813705983916e-05,0.00022079629736331685,9.602116383716762e-06,2.8414406569963913e-05,2.994693925333968e-06,1.3204790902353706e-09,0.0014560543305149653,0.9838784923956787,2.7247533666958767e-06
