,0,1,2,3,4,5,6,7,8,9,10,11,12,13,14,15,16,17,18,19,20,21,22,23,24
0,0.011116067748218708,9.45461969711152e-12,5.812351867119239e-07,3.388301492325724e-08,3.7386685735446635e-06,6.997250659461151e-06,0.0013235348155508256,2.736232131179869e-07,2.3441741167381368e-06,0.00030422923245869015,1.1373695373753781e-11,9.469445620195276e-09,0.00010733044952424559,1.6491191899915168e-07,4.165684576701797e-12,4.586732952051301e-05,0.016470408728477284,1.729895620255469e-06,0.00028185424131563366,2.4907739629956525e-08,2.045187803806756e-07,1.0120790444538284e-08,0.00023633126092662522,0.9700979126550453,3.5085490809447325e-07
1,0.013638149430682915,1.0642097397840969e-11,8.022835816711182e-07,3.433715172868028e-08,4.85243093313369e-06,8.040395652150224e-06,0.0013567324420280013,3.0578795320149466e-07,3.3736682253642257e-06,0.0003847269852605313,1.1460049134733129e-11,9.097167199620728e-09,0.00012015730680027957,1.399552139296399e-07,3.947755237824542e-12,5.232785583764414e-05,0.017659779439907722,1.3905042873490183e-06,0.00040108580266837613,2.387935561543187e-08,1.9816002423954587e-07,1.1052195410362341e-08,0.00021811154245500482,0.9661493837719762,3.6384459262277953e-07
2,0.013344394651115562,1.2622620031618098e-11,7.962029500721387e-07,3.455166621413037e-08,5.277576528217908e-06,6.414679776457188e-06,0.0012441654650011842,4.0373894025015996e-07,3.5119159834659353e-06,0.0004222915136062197,1.9498478823009872e-11,1.1686145299473292e-08,0.00013363455276037037,2.241633978806307e-07,7.386550778276798e-12,3.8742927459124375e-05,0.017235336867105443,1.9326284167271033e-06,0.00029173181939120375,3.9832029962762385e-08,2.417939614614621e-07,9.94843885037205e-09,0.000313296510122715,0.9669569934526023,5.134830932352845e-07
3,0.010366156638187893,9.733932471528587e-12,5.646853518467526e-07,3.109853205259362e-08,3.6314625355280196e-06,6.843976827570306e-06,0.0012786298922861515,2.5310271646651236e-07,2.1729230414578357e-06,0.00028232067390278435,1.0725942921185593e-11,9.566697537604109e-09,0.00010127775399306824,1.6808036838300296e-07,4.1308554978606345e-12,4.3386670894057615e-05,0.016063943153465175,1.6713289476909776e-06,0.0002792653155134672,2.3371948200170802e-08,2.0033210901784452e-07,1.0185545572280662e-08,0.00022825262141520897,0.9713408291545683,3.5798656191927915e-07
4,0.009993093507718147,8.68507608441657e-12,5.445129147319807e-07,2.835179056482994e-08,3.4069475075955455e-06,6.221375704245142e-06,0.0011909030664947013,2.4200859714390987e-07,1.8491597137063741e-06,0.0002628050937654007,9.820135382025564e-12,8.8828052512784e-09,0.00010914830555892021,1.6593593446284314e-07,3.7047197823007105e-12,4.253140949493392e-05,0.015155101237591334,1.6408838623880024e-06,0.0002749325062753092,2.3206468622710538e-08,1.8370646785352193e-07,8.841971475641306e-09,0.00020487066632060558,0.9727519808163507,3.0955448198813706e-07
5,0.010370595871953856,1.1406883345425263e-11,4.964091119620075e-07,4.0824057677793955e-08,3.6877605530312543e-06,8.047772298327936e-06,0.001269256277978087,2.6738604885101154e-07,2.14780769679298e-06,0.0002832462387003981,1.249943858968643e-11,1.005316154042453e-08,0.00010759065951659111,1.9257171583742755e-07,4.772524641567313e-12,4.840356793957368e-05,0.01560810961248819,2.345294070833696e-06,0.0002841142376516018,2.7837392903161336e-08,2.1083474501968525e-07,1.1032993312216294e-08,0.0002556436266673012,0.9717551882347598,3.660598196277603e-07
6,0.010366156638187893,9.733932471528587e-12,5.646853518467526e-07,3.109853205259362e-08,3.6314625355280196e-06,6.843976827570306e-06,0.0012786298922861515,2.5310271646651236e-07,2.1729230414578357e-06,0.00028232067390278435,1.0725942921185593e-11,9.566697537604109e-09,0.00010127775399306824,1.6808036838300296e-07,4.1308554978606345e-12,4.3386670894057615e-05,0.016063943153465175,1.6713289476909776e-06,0.0002792653155134672,2.3371948200170802e-08,2.0033210901784452e-07,1.0185545572280662e-08,0.00022825262141520897,0.9713408291545683,3.5798656191927915e-07
7,0.02046898890536767,8.06385800154417e-12,1.1219706486909763e-06,3.0907932374109994e-08,4.464785224051474e-06,3.890382027064809e-06,0.0013342758651516246,4.37749271560922e-07,2.129502099057982e-06,0.0004334887083983409,1.4486710716137314e-11,7.348869935403396e-09,0.0001963763790297691,1.4173386306808223e-07,3.319790609753821e-12,4.539103228717334e-05,0.017975913526306477,1.0285669910384432e-06,0.00042096401959233173,2.6584248972174036e-08,1.2652973526713587e-07,8.837461644732243e-09,0.00011421139150583256,0.9589967245570803,2.506910373098001e-07
8,0.023022496703653018,2.2503156026451702e-10,4.4320689685362824e-07,4.961488728932218e-07,2.997776388539646e-05,0.000269446220373058,0.005211847450286088,2.0076347812499454e-06,3.0356528713987673e-05,0.000468799896779084,1.0280664164921213e-10,5.063245088218665e-08,0.00026760905775901695,4.235589755892586e-07,5.057475396949988e-11,0.0006436976517378278,0.057721600787334695,0.00013123538596827706,0.004116882843932411,1.0335998088992438e-07,6.969201925278844e-07,2.4300095396000386e-07,0.0006474777201408118,0.9074329273152151,1.1798327035356321e-06
9,0.00964350207219821,8.206420871638129e-12,5.760901117992948e-07,2.3328364112912462e-08,2.826688650196324e-06,4.1070842990467765e-06,0.0009182347273832449,2.050581067570854e-07,1.7948747830785876e-06,0.00028755487971528687,9.606878634637971e-12,6.6568314808505584e-09,7.904609994267531e-05,1.5407945990076672e-07,3.993893759212086e-12,2.6392947059184504e-05,0.012925250068467838,1.011990265690134e-06,0.0001932207844569238,2.053327342732701e-08,1.8357794090132048e-07,6.635687259482207e-09,0.00025648659124145824,0.9756590381877138,3.570222407643918e-07
10,0.010366156638187893,9.733932471528587e-12,5.646853518467526e-07,3.109853205259362e-08,3.6314625355280196e-06,6.843976827570306e-06,0.0012786298922861515,2.5310271646651236e-07,2.1729230414578357e-06,0.00028232067390278435,1.0725942921185593e-11,9.566697537604109e-09,0.00010127775399306824,1.6808036838300296e-07,4.1308554978606345e-12,4.3386670894057615e-05,0.016063943153465175,1.6713289476909776e-06,0.0002792653155134672,2.3371948200170802e-08,2.0033210901784452e-07,1.0185545572280662e-08,0.00022825262141520897,0.9713408291545683,3.5798656191927915e-07
11,0.009803781616618195,8.416074906886544e-12,5.478743497454702e-07,2.7022212214422953e-08,3.324265081995029e-06,6.2111169870571896e-06,0.001220749447779352,2.5567850029896127e-07,1.9537480979578176e-06,0.0002740271294498308,9.694653612924641e-12,9.074587328981486e-09,0.00010756724371210265,1.5506744980626452e-07,3.7522414997717004e-12,4.186560714043384e-05,0.015397587017232895,1.566737520954407e-06,0.0002679854617303248,2.2681146874385623e-08,1.830173739509527e-07,9.095984220963707e-09,0.00020213740661259875,0.9726697252136276,3.084549413289226e-07
12,0.008862785051669054,9.192445368184689e-12,4.87282766320548e-07,2.9735274927089683e-08,3.804438038174545e-06,7.101453824005236e-06,0.0012519357114556208,1.9761663977085269e-07,2.018397128383099e-06,0.00025242784746527146,1.010344467069998e-11,9.528727538110972e-09,9.13459906098952e-05,1.9090021260524694e-07,3.930324756089515e-12,4.048490474479202e-05,0.015175852258930716,1.8495669512389604e-06,0.00024058258369948594,2.4808717743901015e-08,2.1012839046324626e-07,8.958947594739976e-09,0.00026988198338131765,0.9737983862530462,3.845761524717607e-07
13,0.02694656743800042,9.920519803942983e-12,1.64218894337229e-06,4.8882299868040833e-08,6.510848133988807e-06,2.7856537786846234e-06,0.001767937090732934,5.57829621018453e-07,2.909574141095465e-06,0.0004912078639587001,8.838404458922014e-11,2.4394360046702765e-08,0.00020998128651072862,8.582474776104767e-07,1.6419677410513515e-11,5.037323211999462e-05,0.022610603668514896,3.0353534916461054e-06,0.00020391307618932404,8.845500885164714e-08,4.151679416884136e-07,8.019560227940643e-09,0.0005293206917109469,0.9471705356184354,6.753043441648052e-07
14,0.010743231470917287,1.1474692602783144e-11,5.986597326593569e-07,3.5723533149743245e-08,4.104756597449252e-06,7.758044263322514e-06,0.0012569104507051388,2.598506028369488e-07,2.269560863531727e-06,0.00029579519336516005,1.2125408751276757e-11,9.916289159830767e-09,0.00011411281293008517,1.8040206864418463e-07,4.446220394517035e-12,4.729004040041894e-05,0.01625858170872466,1.9548700979261327e-06,0.0003215084542380719,2.6658990875867012e-08,2.0624389642636012e-07,1.0856815347640491e-08,0.00023674170386946583,0.9707080421668909,3.7042616120575443e-07
15,0.010366156638187893,9.733932471528587e-12,5.646853518467526e-07,3.109853205259362e-08,3.6314625355280196e-06,6.843976827570306e-06,0.0012786298922861515,2.5310271646651236e-07,2.1729230414578357e-06,0.00028232067390278435,1.0725942921185593e-11,9.566697537604109e-09,0.00010127775399306824,1.6808036838300296e-07,4.1308554978606345e-12,4.3386670894057615e-05,0.016063943153465175,1.6713289476909776e-06,0.0002792653155134672,2.3371948200170802e-08,2.0033210901784452e-07,1.0185545572280662e-08,0.00022825262141520897,0.9713408291545683,3.5798656191927915e-07
16,0.008723354014277852,5.707187835338123e-12,5.157636325051122e-07,3.467730261446675e-08,3.0735808270154966e-06,6.062971169651246e-06,0.0013609572694861492,2.2374933604474057e-07,1.1522203519834082e-06,0.0002226986065533621,1.303086811739164e-11,1.4602671342141512e-08,0.00013521911028578268,2.883703101135388e-07,4.054778038479294e-12,6.549165246440728e-05,0.014938083572679603,3.072809556750384e-06,0.00021311719035278226,3.5398816671058477e-08,2.565787548250269e-07,7.71204788948689e-09,0.00022971406736895905,0.9740963966556709,2.2940328993659506e-07
17,0.0112433290254072,7.1275801191747505e-12,6.506552400190193e-07,2.8304926530367308e-08,3.803396556608202e-06,4.427307502425163e-06,0.001747124473174558,2.2644380096083257e-07,1.7310350000311013e-06,0.00020661896097292707,1.1165697942746322e-11,1.1400691389653792e-08,9.625153314736358e-05,2.2232007743378295e-07,3.420276779769359e-12,4.238274316599305e-05,0.01829745115191645,1.3453434933100128e-06,0.00017613771685090062,2.3749969143981057e-08,2.393767573680317e-07,9.186969482344368e-09,0.00022407065889121287,0.9679535502303891,3.649633860649535e-07
18,0.009931538528161686,1.203207823387069e-11,4.4829923984833426e-07,2.3379358893833194e-08,3.794433474890111e-06,5.140894721448328e-06,0.0011970513591105577,1.8713206702284082e-07,2.2078141424895314e-06,0.00024348154091968698,1.1132228457276223e-11,8.248584494424809e-09,6.886603726350988e-05,1.9258668329438428e-07,4.3245070381984236e-12,2.5329311773351227e-05,0.024759950526437924,1.566979429418026e-06,0.00025121834771159,2.0530736224329273e-08,1.9170274255573048e-07,1.259217906264111e-08,0.00028095460047847053,0.9632271484059274,6.667213675344878e-07
19,0.008420295976867435,6.536918566841296e-12,6.797626177458309e-07,2.392532438523482e-08,3.285769926719828e-06,6.544221782071279e-06,0.0014838165720332532,2.7973088957997603e-07,2.0136478382155104e-06,0.00033304813302649126,7.39626646654227e-12,9.214987538150574e-09,0.00010584472282677081,9.976718668471852e-08,2.818716737665963e-12,4.271479707010962e-05,0.015072745974508311,9.49103144420718e-07,0.0002378852667381519,1.99652592034934e-08,1.7738927665486282e-07,9.988773710377229e-09,0.0001461262168672448,0.9741431737385908,2.5609771261949886e-07
20,0.009424542282742903,1.9879193877867707e-11,5.93118319975525e-07,4.446897932363119e-08,3.103449644638241e-06,9.529084913091337e-06,0.0012834995514222854,4.366198845155813e-07,2.6513179610981145e-06,0.00030201213547162897,1.6106625586352974e-11,1.614537213470035e-08,9.852185511328225e-05,1.910364036955651e-07,9.443979762189885e-12,5.151314221071326e-05,0.016648819047211914,2.5468762723905216e-06,0.00030297849094352116,2.6316122526840803e-08,3.0728814575520736e-07,2.029136998087174e-08,0.00026345784334338876,0.9716047434910178,4.4610170353544583e-07
21,0.016092927028064998,1.161788437141216e-11,7.85780180013975e-07,5.9158173554436465e-08,5.265511305704855e-06,7.698431148970834e-06,0.0016133507617650297,3.0186336328899954e-07,2.5278311026729585e-06,0.0003409622366490031,2.5060452965403444e-11,1.5732427076558747e-08,0.0001358481245563214,3.86794125637166e-07,6.938095801573097e-12,6.922195909393439e-05,0.016879113013876245,3.0195109744419054e-06,0.00030242837380337176,4.310015172845791e-08,3.001729246541009e-07,1.098494718074675e-08,0.0003444567991282949,0.9642008251415559,4.516470656269114e-07
22,0.012921835885586676,8.748218026893171e-12,8.794434567742379e-07,4.9406101681114276e-08,4.611417945370846e-06,6.363209917505876e-06,0.0015404283041305852,2.8909206776551305e-07,2.1826466194435085e-06,0.00040713553642988883,2.1877439156117155e-11,1.3135020655873524e-08,0.0001365790207981726,2.395222423110803e-07,4.933592270564754e-12,5.7659989755167274e-05,0.025113386015073177,2.4448452923399396e-06,0.00027035006695991107,4.34850670299472e-08,3.096220812729157e-07,1.2220680787586188e-08,0.0003013982795713924,0.9592333888854481,3.9993419487967265e-07
23,0.010366156638187893,9.733932471528587e-12,5.646853518467526e-07,3.109853205259362e-08,3.6314625355280196e-06,6.843976827570306e-06,0.0012786298922861515,2.5310271646651236e-07,2.1729230414578357e-06,0.00028232067390278435,1.0725942921185593e-11,9.566697537604109e-09,0.00010127775399306824,1.6808036838300296e-07,4.1308554978606345e-12,4.3386670894057615e-05,0.016063943153465175,1.6713289476909776e-06,0.0002792653155134672,2.3371948200170802e-08,2.0033210901784452e-07,1.0185545572280662e-08,0.00022825262141520897,0.9713408291545683,3.5798656191927915e-07
24,0.012605411140773095,1.4665149269150248e-11,6.725973222280178e-07,5.2763737299065345e-08,5.112713876957848e-06,8.590275506986054e-06,0.0013855877273395564,2.667965745631845e-07,2.335186268200698e-06,0.0003142537644655279,1.5973095525772584e-11,1.1491713172902853e-08,0.00012224308722703648,2.2606937964734973e-07,4.893940779683007e-12,5.405963761432559e-05,0.017614502910559268,2.319830239596945e-06,0.00032819037899578567,3.284675160047649e-08,2.3747301942128509e-07,1.3392142757707313e-08,0.000257494290452123,0.967297950555766,4.35034742569475e-07
25,0.017625613869659135,7.035723316546527e-12,9.260601556411709e-07,3.959207279433424e-08,4.865615554710655e-06,3.795815760349274e-06,0.0019520337119938525,4.435227331000101e-07,2.1415626878901857e-06,0.00036902919222196496,2.6451730461466625e-11,1.3459683606494792e-08,0.00017780154184889364,3.0016224913992366e-07,5.559313881526781e-12,4.985159352354551e-05,0.02055488149960381,2.0124207531711407e-06,0.00021117692240685298,4.61750763625056e-08,2.2417140843989415e-07,8.762330723216666e-09,0.0002331794431972764,0.9588112516103575,3.6325567460459885e-07
26,0.034134711207466216,4.2138581427870647e-10,1.1419822084802735e-05,1.8063247477091382e-06,1.4812120427296954e-05,4.890509897770589e-05,0.00783155153131508,3.96094490229413e-06,1.2901713888640733e-06,0.0007110771675799274,1.05910324865863e-09,2.5839940586852433e-06,0.0003886324274795735,6.801627129920819e-06,3.1546667046074e-10,0.001367937075794427,0.041970936183767175,1.4643624228463152e-05,0.0013412147361104004,1.9461857740829215e-07,4.9378153659048846e-06,1.3552120542445923e-06,0.00011567100417956015,0.9120242355665682,1.3199298403853044e-06
27,0.009212927630685014,6.345991057733947e-12,5.423604225248031e-07,2.625442598909234e-08,3.3108841743082183e-06,5.647982313605871e-06,0.0011998666492064073,2.0003922881704905e-07,1.5712025692926814e-06,0.0002573241276815994,9.106068215422765e-12,8.690014106352678e-09,0.00010647127387940684,1.6942984966383643e-07,3.1117892297519987e-12,4.1879532035303885e-05,0.014774476165452697,1.5817835976115575e-06,0.00023013123173490856,2.4174308997611428e-08,1.9654665209413885e-07,7.156963409310128e-09,0.00021614482945176737,0.9739472209706186,2.710661700613194e-07
28,0.010366156638187893,9.733932471528587e-12,5.646853518467526e-07,3.109853205259362e-08,3.6314625355280196e-06,6.843976827570306e-06,0.0012786298922861515,2.5310271646651236e-07,2.1729230414578357e-06,0.00028232067390278435,1.0725942921185593e-11,9.566697537604109e-09,0.00010127775399306824,1.6808036838300296e-07,4.1308554978606345e-12,4.3386670894057615e-05,0.016063943153465175,1.6713289476909776e-06,0.0002792653155134672,2.3371948200170802e-08,2.0033210901784452e-07,1.0185545572280662e-08,0.00022825262141520897,0.9713408291545683,3.5798656191927915e-07
29,0.010366156638187893,9.733932471528587e-12,5.646853518467526e-07,3.109853205259362e-08,3.6314625355280196e-06,6.843976827570306e-06,0.0012786298922861515,2.5310271646651236e-07,2.1729230414578357e-06,0.00028232067390278435,1.0725942921185593e-11,9.566697537604109e-09,0.00010127775399306824,1.6808036838300296e-07,4.1308554978606345e-12,4.3386670894057615e-05,0.016063943153465175,1.6713289476909776e-06,0.0002792653155134672,2.3371948200170802e-08,2.0033210901784452e-07,1.0185545572280662e-08,0.00022825262141520897,0.9713408291545683,3.5798656191927915e-07
30,0.010366156638187893,9.733932471528587e-12,5.646853518467526e-07,3.109853205259362e-08,3.6314625355280196e-06,6.843976827570306e-06,0.0012786298922861515,2.5310271646651236e-07,2.1729230414578357e-06,0.00028232067390278435,1.0725942921185593e-11,9.566697537604109e-09,0.00010127775399306824,1.6808036838300296e-07,4.1308554978606345e-12,4.3386670894057615e-05,0.016063943153465175,1.6713289476909776e-06,0.0002792653155134672,2.3371948200170802e-08,2.0033210901784452e-07,1.0185545572280662e-08,0.00022825262141520897,0.9713408291545683,3.5798656191927915e-07
31,0.015104043476864861,7.818758187471762e-12,7.828466803784853e-07,2.5134101866838372e-08,3.220282370366064e-06,4.038296406783475e-06,0.0010825080351312061,4.5521130860356925e-07,1.9198963518168197e-06,0.0002787012760265573,1.1206732638338574e-11,9.129612902670935e-09,0.00016770378758035489,1.4790863620974284e-07,4.06354916314382e-12,4.435711673864234e-05,0.01630792568832354,1.4728761073457137e-06,0.00032271582329709917,2.422081792659224e-08,1.72478295240543e-07,7.827555707049967e-09,0.00014713984990597526,0.966532396496699,2.323180986482771e-07
32,0.010184573200499692,1.0399894395716109e-11,5.628406055812997e-07,2.9253847092247658e-08,3.5594062740055073e-06,6.836999028038333e-06,0.001138067782754601,2.433555557885004e-07,2.064726033939583e-06,0.0002718865911478395,9.967101085524153e-12,9.042088113464925e-09,0.00010338222144965922,1.6211280414258468e-07,3.991462983742613e-12,4.227598774639073e-05,0.01560241772496479,1.6419316121808407e-06,0.0003106249455602889,2.2031327428210415e-08,1.8781216606549085e-07,1.003256357717536e-08,0.00021170684687408926,0.9721193903822105,3.4474852760600397e-07
33,0.08304845147084323,7.540345730239e-11,7.1890010066398484e-06,2.6979359890178003e-07,5.339003447087492e-05,1.894115607709352e-05,0.005797478737940699,2.004551098820813e-06,0.00011599958713722531,0.0035755141684927385,8.894280771989468e-10,7.598920650662502e-08,0.00014988032291396086,1.931359638288935e-06,2.0945970644087258e-10,7.246383125529681e-05,0.034733111925236634,3.6014770723142395e-06,0.0003277573811076395,2.8241596766922394e-07,2.5185742113655973e-06,3.0458935329118295e-08,0.006012245354646564,0.86606680939895,1.0051835901268175e-05
34,0.0053817734825095595,9.985613867830305e-12,4.10513242084865e-07,2.86015313941977e-08,2.7056444686642512e-06,9.583041244781842e-06,0.0013247671417729178,2.034990507798875e-07,1.8891619096902156e-06,0.0002421680548867412,7.399957874329742e-12,1.0596648723367706e-08,7.000412146216682e-05,1.252668949617816e-07,3.9914476186519455e-12,4.150135623554873e-05,0.014570159047357837,1.6251485288599519e-06,0.0002017358863136455,2.02048323215705e-08,2.3511665698881625e-07,1.2572466419401665e-08,0.00024473039186595496,0.9779059571337055,3.5399503758440293e-07
35,0.0030934105132489147,3.3930543991207867e-12,3.73363703534943e-07,1.7080753747552445e-08,2.0089643235939954e-06,4.866053790285042e-06,0.0008744185134347538,5.5696433918993194e-08,4.8585158836801e-07,0.00016334792371261222,5.18883941267852e-12,7.870611298611154e-09,6.191248084738776e-05,1.9337977187784008e-07,1.892376637505585e-12,3.03259120111178e-05,0.009563584357376883,1.2651449838122927e-06,0.00010173031985799865,2.294552384153482e-08,2.3652480005131802e-07,3.981154652341912e-09,0.00025531203384141697,0.9858462237629465,1.9731480906892727e-07
36,0.009864882090610585,7.952360067946145e-12,4.6508640441243794e-07,2.546474708295076e-08,2.8585079904863348e-06,5.861138004527817e-06,0.0021181767528556657,3.7107011082708593e-07,1.9423131254509206e-06,0.0002231799183252686,1.288065151322745e-11,1.8536825230317555e-08,9.395852572326212e-05,2.091976161196591e-07,5.2476195404984125e-12,5.094067046452571e-05,0.026387172938772973,2.2784344068050097e-06,0.0002311412130709211,2.1310566287139625e-08,2.295262341232049e-07,1.847416362049073e-08,0.00017984333196479596,0.960836004845312,4.006266243955123e-07
37,0.0377019699486239,1.3791435552591163e-09,4.331893019130112e-06,3.706419163589492e-07,4.580392023976607e-05,0.0004039421184724629,0.003153859855918603,2.988377507379506e-05,0.0008721604051939796,0.009911662741850482,2.368341817878874e-10,4.813017849318612e-08,0.0002247039608969297,3.4533509974508946e-08,3.153184260992508e-10,0.00015601330226964672,0.09921949106402557,7.508354832380993e-06,0.0073761174318857205,1.0041197953801554e-07,1.046511315564686e-06,1.080373602255834e-06,0.0007769886355634018,0.8401070519318315,5.828126504502795e-06
38,0.00670618138502288,7.30811119182864e-12,4.278189572868034e-07,2.3860747753089562e-08,2.5643748364351566e-06,8.226884159746132e-06,0.001195076744446287,1.9020504426421367e-07,1.4920183198432405e-06,0.00020372874368460554,7.279132014658811e-12,9.89901646913431e-09,9.515768946317499e-05,1.4753260570325747e-07,3.639288550720601e-12,5.3869702307052224e-05,0.012293448626863577,1.9733011409481582e-06,0.000266222681505551,1.8535309495687618e-08,2.171971230008174e-07,8.559287362277009e-09,0.000213738045646125,0.9789570555409605,2.2063532532080172e-07
39,0.006082926343061028,1.0383974170528816e-11,5.829660139331167e-07,2.5428817287795098e-08,2.6781761202749048e-06,1.1194945755694178e-05,0.0010746813092536453,2.8554747839006277e-07,1.968644194619189e-06,0.0001960874846719845,5.4298341342701175e-12,1.1449490991547231e-08,9.105659831921285e-05,8.841781071058813e-08,3.658149748106483e-12,6.466619230683534e-05,0.01711340162859235,1.7224884506863862e-06,0.0003303061778673261,1.7323725767523852e-08,3.3312840888280004e-07,1.3796339910456874e-08,0.0001822390645154736,0.9748454938668851,2.1900244791053707e-07
40,0.013314183679079442,1.0201665293276654e-11,8.817261230406824e-07,2.386366663956453e-08,5.617970864005708e-06,4.221664304099461e-06,0.0012581095221890265,1.9839938445736017e-07,1.5966310431381614e-06,0.0002154195378295445,1.368005548920493e-11,1.2772597344796418e-08,0.00012084894558117089,3.3213482097186513e-07,4.185283187552159e-12,3.809536940466295e-05,0.016792581532166586,1.4290526456961601e-06,0.00028819182333350785,2.710631986184114e-08,2.2098988910327154e-07,8.360463890794887e-09,0.00020154914034631856,0.9677560186220975,4.311277828531611e-07
41,0.012361259256197242,1.2341730383921368e-11,6.26462681380911e-07,4.0548379592382886e-08,4.402595521753927e-06,8.090602388853128e-06,0.0013531262294371113,3.1599330176918175e-07,2.748580584990919e-06,0.0003207487616079986,1.3409160509914943e-11,1.0336423859983373e-08,0.00011856715995193107,1.832834811926033e-07,4.968312063785658e-12,5.071622779483025e-05,0.016392409416422477,2.0310220566912556e-06,0.0003320248489155036,2.7467614786297337e-08,2.1235018287442387e-07,1.1511553601434233e-08,0.00024584994961848256,0.9688062085679373,3.8879722630670675e-07
42,0.013313665342194293,3.138479619027838e-11,1.043070018381645e-06,5.804290809050927e-08,4.173478219093118e-06,1.6484458648650634e-05,0.0013941142355338584,7.093053099667371e-07,4.692786551487437e-06,0.00035274812616035425,1.1768109569709695e-11,1.3140697151174984e-08,0.00011902053753210389,7.958277843861062e-08,6.6006325316928e-12,9.762377488870826e-05,0.027094400035893012,1.994704861082792e-06,0.0008409680079330857,1.880847955872994e-08,3.145134636736936e-07,4.099821444916039e-08,0.00015238898151829854,0.9566051108818718,3.371365710633361e-07
43,0.013345922755960516,1.1958130145070939e-11,6.280634955352478e-07,3.646852015194834e-08,4.4618029658225374e-06,6.425661027605922e-06,0.0014750570863355753,2.564519304853685e-07,2.405953242650201e-06,0.00027180609522933,1.5099213108541544e-11,1.0520123948983415e-08,0.00010394756334210742,2.4299358470259717e-07,4.999714544369892e-12,4.5254875679680085e-05,0.016732010008549424,1.9104268348260232e-06,0.00030065069404905376,2.5812753060651098e-08,1.9833062018126804e-07,1.0706054222446703e-08,0.00026270842946336706,0.9674455559283637,4.7333981721631956e-07
44,0.010366156638187893,9.733932471528587e-12,5.646853518467526e-07,3.109853205259362e-08,3.6314625355280196e-06,6.843976827570306e-06,0.0012786298922861515,2.5310271646651236e-07,2.1729230414578357e-06,0.00028232067390278435,1.0725942921185593e-11,9.566697537604109e-09,0.00010127775399306824,1.6808036838300296e-07,4.1308554978606345e-12,4.3386670894057615e-05,0.016063943153465175,1.6713289476909776e-06,0.0002792653155134672,2.3371948200170802e-08,2.0033210901784452e-07,1.0185545572280662e-08,0.00022825262141520897,0.9713408291545683,3.5798656191927915e-07
45,0.011296579619309462,1.1958865095522805e-11,6.209353920426343e-07,3.642674166681945e-08,4.666776605518871e-06,7.400709422655784e-06,0.001223390868945695,1.8722825042146458e-07,2.463145159958789e-06,0.00029130463437195816,1.3150579407399704e-11,9.637679148866067e-09,8.802591019955799e-05,2.1462790226546364e-07,4.345989974574423e-12,3.965914932147013e-05,0.018383220774834987,1.7587472345899326e-06,0.0002799005155787694,2.696250162598415e-08,2.426812563795136e-07,1.046315499487341e-08,0.0003331031395413038,0.9680466487013341,5.283158060532053e-07
46,0.00997639355349859,1.8600869895568897e-11,5.283671303833792e-07,3.753093827937151e-08,4.974947644211283e-06,9.562866037097073e-06,0.0012104678268267566,3.17885934534857e-07,3.684716703357777e-06,0.0003155787029509786,1.821650268093742e-11,1.1115290561927415e-08,9.880483026927468e-05,3.1103205892957536e-07,1.1117897727461801e-11,4.899258147412689e-05,0.009328387849764355,3.0947998681532058e-06,0.00034078388560801096,3.096321868993074e-08,2.2133982914469142e-07,9.15282551996354e-09,0.0003962978614751059,0.9782609981736786,5.099690399610606e-07
47,0.008081185785036044,2.2226900063576902e-11,5.042628312728572e-07,4.6669108428250065e-08,5.788878893947809e-06,1.3350504975194166e-05,0.0012938942054468202,3.1750176222180565e-07,4.693042863978593e-06,0.0004413178188756294,2.305373092141017e-11,1.2607730899444751e-08,8.882424384705304e-05,2.806057876952281e-07,1.2451127664387767e-11,3.794246113354711e-05,0.015331897541358318,3.5972211344402355e-06,0.0002800088932396358,4.639688294104311e-08,3.1026900928165e-07,1.3500018052815271e-08,0.0005799146180049237,0.9738352261272779,8.267870497721949e-07
48,0.009604898460200267,8.874125057853127e-12,5.226793970578547e-07,2.6910808862982846e-08,3.215206174270939e-06,6.3648062574794534e-06,0.001172179689823904,2.405279144642477e-07,1.9349636101401603e-06,0.0002659545923885489,8.81789800770907e-12,8.477545754164275e-09,9.777859861137761e-05,1.4286705999906674e-07,3.5412234220167756e-12,3.993507388137163e-05,0.015864493263503986,1.4909744332338869e-06,0.0002780365339896732,2.0516019140198262e-08,1.7843621372571724e-07,9.662377547379357e-09,0.00019806760650911237,0.972464181504184,3.186278627489528e-07
49,0.008840268739267014,1.2622811091349576e-11,6.857443978984921e-07,3.393724187658752e-08,3.849653840708943e-06,9.56339935980192e-06,0.0014048441571589002,2.9538372981307944e-07,2.469621880000364e-06,0.00030562957434510985,9.624398315829779e-12,1.2088974151316131e-08,0.00010110802507704096,1.2462492148073474e-07,4.218484757048056e-12,4.9352542219531343e-05,0.017931955159995187,1.4757904364287962e-06,0.000316702749524134,2.291709173776274e-08,2.4208843018001773e-07,1.591191279155919e-08,0.00019496954455996277,0.9708360132930377,3.650261330610729e-07
50,0.010398938295408871,7.996872000493087e-12,5.526861153431006e-07,2.7461498783090195e-08,3.4025171930036046e-06,5.833149724030025e-06,0.0012832563532846396,2.518004670819168e-07,1.945336400759175e-06,0.00027861244390431193,1.0028787884126326e-11,8.894289118831349e-09,0.0001042140595127146,1.6342332608059522e-07,3.705426319421432e-12,4.113428126159394e-05,0.015408176515453812,1.5076713511968713e-06,0.00025925516949674456,2.2451330488027945e-08,1.7833918854078568e-07,8.821017612864514e-09,0.00020314426441593448,0.9720090480972561,3.1794637203095755e-07
51,0.02656681055323279,3.460315971128025e-10,1.0299489710697866e-06,5.028569380384345e-07,9.15533623649974e-06,4.606305341215378e-05,0.0022856818811538646,1.6992826224918585e-06,1.3121835376695632e-05,0.000611952847908314,1.17891542600734e-10,3.871783605454473e-08,0.00013438037704880602,4.564155175419904e-07,7.035038815102857e-11,0.00013250128173264314,0.030506722435979333,1.1429898041502175e-05,0.0010523938963198527,6.494473982030127e-08,7.194656187461969e-07,1.7723758500284568e-07,0.0006320913238110233,0.9379908371323679,2.1687432761582295e-06
52,0.009613884975716993,9.112201200190782e-12,7.129394222336586e-07,2.38926629961575e-08,3.3586135578866003e-06,4.547459482702815e-06,0.0014033741029023906,1.5908473671129718e-07,1.7238051873431743e-06,0.00018187560231708465,8.452372445684886e-12,9.287124219416234e-09,6.787482200635256e-05,1.5754629430947133e-07,3.032257912223366e-12,3.502989819383307e-05,0.02197509560111421,9.165702151608719e-07,0.0001975354476835793,1.5675006650616325e-08,2.844158168403298e-07,1.0320828353186038e-08,0.00026857234670263857,0.9662443688521892,4.687202415140913e-07
53,0.007499569407440406,5.1499224998329e-12,5.507025246541031e-07,3.219363371983044e-08,3.946547893126644e-06,5.983787655414422e-06,0.002235326158598938,1.7007605541130221e-07,1.914949464489508e-06,0.0002645091037298153,1.5686053953654973e-11,1.4068066305445352e-08,8.482671384037837e-05,2.963539789905769e-07,4.658081262490676e-12,4.682658222589336e-05,0.015374785426427954,2.068389120112298e-06,0.00011519566798346395,3.7274811401387305e-08,3.33901146372446e-07,7.257255535289953e-09,0.00045551346819746956,0.9739076703880717,4.2155638412231117e-07
54,0.011203185379679927,3.1232783207290016e-11,4.992412940283967e-07,4.381563802027612e-08,3.5392481797689584e-06,1.0490158895896797e-05,0.0013707382810239468,3.201523443001711e-07,3.261547333669701e-06,0.0002600284177946078,1.2620266970794425e-11,1.1826932912192352e-08,6.34428888982192e-05,1.8794779225737173e-07,8.604015040364778e-12,4.260951418609935e-05,0.015656682757975358,1.6898422784851563e-06,0.0003945150314333044,1.4816626239665255e-08,2.1889842901498428e-07,2.4818306468311076e-08,0.000249404974004635,0.9707383581567609,7.32231734547098e-07
55,0.015056291627825447,2.3998228318286924e-11,1.070941162218806e-06,5.408853053211294e-08,4.508894347528982e-06,6.116743581772894e-06,0.0008357650638709317,2.0580443935806035e-07,2.4084826042076314e-06,0.00040855649408361985,1.61019122450703e-11,4.171899526174522e-09,8.941043549269736e-05,1.3073802178401268e-07,4.3515981693679606e-12,3.132765826352513e-05,0.023434559512611128,1.1108325580172322e-06,0.0004883793155149621,2.298533438201964e-08,2.2684916917311217e-07,1.383277857409818e-08,0.00028491359046889814,0.9593544072602228,5.146327669281835e-07
56,0.010069916513377514,9.151812531948822e-12,5.6100311658119e-07,2.9609173872876597e-08,3.5383683782460793e-06,6.646993304855647e-06,0.0012486617467528948,2.5935723810689725e-07,2.046541158533392e-06,0.00028016669832629847,1.0301552106874832e-11,9.446594890536286e-09,0.00010818313624754946,1.6305125176619914e-07,3.9588416200741825e-12,4.340444269973626e-05,0.015604385380903389,1.6551940602103607e-06,0.00027627368107873676,2.3801512080251267e-08,1.9243761392650485e-07,9.649018534756655e-09,0.0002116299290347715,0.9721419145756929,3.2842005250645683e-07
57,0.00786606066032002,6.2058554500814165e-12,8.273025862704295e-07,2.029467969097392e-08,3.8756506354340855e-06,6.053844953374308e-06,0.001289901094776918,2.4222519537964917e-07,1.8555110774804048e-06,0.0003135499433236728,7.912659921934942e-12,1.168256055976185e-08,0.00011671926586844626,1.2811658619705053e-07,2.9608824143573973e-12,4.416013604826183e-05,0.016427995050687268,1.026813794175112e-06,0.0002454091929527776,2.4485730937349412e-08,2.2384915766001863e-07,8.806372798015426e-09,0.00016359935583840562,0.9735180384621778,2.68237597091535e-07
58,0.007448605552261904,7.221344694683297e-12,4.2992652483222684e-07,2.0222627430783234e-08,2.6441668128016603e-06,5.5957387976125646e-06,0.0009998078938722567,1.9717492863738855e-07,1.4960736011530466e-06,0.00022743520758683063,6.463344348418543e-12,7.432886766223256e-09,8.920736323421833e-05,1.2748015315111925e-07,2.9801966147249174e-12,3.379812262561831e-05,0.012894295892379589,1.3133203436397826e-06,0.00023306517670899658,1.787226329865536e-08,1.5548130706266891e-07,7.582176666791163e-09,0.00017694287448580002,0.977884570250804,2.5917695255312154e-07
59,0.008004902756285152,6.920085074095349e-12,5.057380934494457e-07,2.1838176482537375e-08,2.8859328548250534e-06,5.45005510562834e-06,0.0010889100219183107,2.08011062760785e-07,1.560040992519147e-06,0.00024645091252216276,7.372484759264729e-12,7.924971946891138e-09,9.651924537005139e-05,1.3427799822268565e-07,3.007939118952326e-12,3.614975328326072e-05,0.013853273323078908,1.291758118333475e-06,0.00023061369607985718,2.0324777672398523e-08,1.6852229146244473e-07,7.658718253614018e-09,0.00018255685157649013,0.9762480970523972,2.6428702647455185e-07
60,0.010366156638187893,9.733932471528587e-12,5.646853518467526e-07,3.109853205259362e-08,3.6314625355280196e-06,6.843976827570306e-06,0.0012786298922861515,2.5310271646651236e-07,2.1729230414578357e-06,0.00028232067390278435,1.0725942921185593e-11,9.566697537604109e-09,0.00010127775399306824,1.6808036838300296e-07,4.1308554978606345e-12,4.3386670894057615e-05,0.016063943153465175,1.6713289476909776e-06,0.0002792653155134672,2.3371948200170802e-08,2.0033210901784452e-07,1.0185545572280662e-08,0.00022825262141520897,0.9713408291545683,3.5798656191927915e-07
61,0.008691547983556166,7.605104550049634e-12,5.412483260061487e-07,2.2808020414491058e-08,3.0911131891914682e-06,5.625285133641717e-06,0.0011123012911430851,2.0890668397471072e-07,1.6927711063176625e-06,0.00024978018059327396,7.93372412383912e-12,8.34294115722299e-09,9.532286544074318e-05,1.438825597512602e-07,3.204290636523056e-12,3.722610351153816e-05,0.014437326258974549,1.2884551569391488e-06,0.00024655767641761924,2.005186511436998e-08,1.7792954090896194e-07,8.163990290749737e-09,0.00019217629772747338,0.974924640754973,2.916104059485511e-07
62,0.010366156638187893,9.733932471528587e-12,5.646853518467526e-07,3.109853205259362e-08,3.6314625355280196e-06,6.843976827570306e-06,0.0012786298922861515,2.5310271646651236e-07,2.1729230414578357e-06,0.00028232067390278435,1.0725942921185593e-11,9.566697537604109e-09,0.00010127775399306824,1.6808036838300296e-07,4.1308554978606345e-12,4.3386670894057615e-05,0.016063943153465175,1.6713289476909776e-06,0.0002792653155134672,2.3371948200170802e-08,2.0033210901784452e-07,1.0185545572280662e-08,0.00022825262141520897,0.9713408291545683,3.5798656191927915e-07
63,0.01063738275657872,1.3691113132192667e-11,5.831072978181491e-07,3.475319831244021e-08,3.88158855423018e-06,7.812325776751223e-06,0.0012369956762398042,2.693087440435747e-07,2.497420134213969e-06,0.0002851979525926585,1.1859657477814776e-11,1.0038694494143838e-08,9.841151911819012e-05,1.7624191701134184e-07,5.039360072494945e-12,4.388083608239383e-05,0.016364564670607394,1.7990611367811172e-06,0.0003223743103009219,2.3173489665675297e-08,2.119356251544979e-07,1.2429329045824774e-08,0.0002452148115358147,0.9707482377191337,4.283333228424482e-07
64,0.008836581128521889,8.94406966774624e-12,6.468605512894108e-07,2.8322490565236267e-08,3.587072807659208e-06,6.87285637045287e-06,0.0012059231420441024,2.1148512923056127e-07,1.9666109950389226e-06,0.00026823794618822245,9.913336745753092e-12,1.0803677356550234e-08,9.468695224587969e-05,1.691816827283122e-07,3.968524840111824e-12,4.279158226958916e-05,0.016599898740462724,1.4667141661721516e-06,0.00024358825245350343,2.3872120827969034e-08,2.6753789078833086e-07,9.744343323082873e-09,0.0002551720105422932,0.97243750624929,3.529109302243331e-07
65,0.008704443520576083,1.0467359988709991e-11,5.100687256339502e-07,3.103374086101909e-08,3.4549165070049018e-06,7.558664123971474e-06,0.0012107935995088318,2.2136149765288698e-07,2.075535079083166e-06,0.0002594527571719672,9.933732984553082e-12,9.81331750148193e-09,8.96555870407608e-05,1.6977548071391713e-07,4.297174326168587e-12,4.173120020840659e-05,0.015438233736511679,1.7790787848664715e-06,0.00025709372430539546,2.3288111872598452e-08,2.2271081769718277e-07,1.0461371994731397e-08,0.0002575357708120703,0.9737246111369867,3.822346207608936e-07
66,0.0105489131895564,4.3932872133313514e-12,7.293891106306124e-07,2.233749666979204e-08,4.201507855724396e-06,5.095407235951407e-06,0.0013680856028916947,2.0898230030962888e-07,1.671579850716174e-06,0.0003029428004233757,7.68283701221918e-12,7.597385949279345e-09,0.00014448053880602955,1.259977978234332e-07,1.932666459735442e-12,4.4142612008108395e-05,0.01595488260764506,1.0932615106643638e-06,0.00024824630207149014,2.5783283199502372e-08,1.643312880539194e-07,5.925063006172845e-09,0.00015672665151302155,0.9712180193423441,2.0823855326173584e-07
67,0.006597641331446572,1.366651586726381e-11,4.472300197585158e-07,3.3859705264011496e-08,3.1062009724943896e-06,9.514456452931292e-06,0.001137567977439339,1.6528240919704447e-07,1.8958050493032648e-06,0.00021764057230359458,9.454524927677063e-12,9.855743637233355e-09,6.901189458513326e-05,1.7493517959503378e-07,4.73776222211269e-12,3.927659128527087e-05,0.015875858419800947,1.999931095387824e-06,0.000242570586445379,2.2902357393663082e-08,2.758911036148284e-07,1.2285906988839767e-08,0.0003384307658924071,0.9754638622831356,4.80913811509544e-07
68,0.005958477809012491,9.367865782373476e-12,4.4637384908759176e-07,2.708903705396409e-08,2.9314094777650003e-06,9.666711404448919e-06,0.0012784028097595761,2.811056773014406e-07,1.8939024428104273e-06,0.00025444671956198896,8.583658380601924e-12,1.4075481859218133e-08,9.155850124640211e-05,1.4658792572630366e-07,5.084616037986384e-12,4.2205376822493104e-05,0.013685056548055793,2.0589759892637806e-06,0.0002016398595314243,2.603571989961133e-08,2.71037520618073e-07,1.1677207235680264e-08,0.00023355440359269607,0.9782365598883743,3.230792737516709e-07
69,0.01111660306488233,1.0821691696473766e-11,5.963817245702628e-07,3.5181011775992674e-08,4.043881411099753e-06,7.369292108375016e-06,0.0013582308676218955,2.7369301214265287e-07,2.486266016918379e-06,0.00030697379928646003,1.3053240322710652e-11,1.0433189949834104e-08,0.00010581647344077869,1.8716478892628015e-07,4.819714045859681e-12,4.510594275672387e-05,0.017324494317408512,1.9149472042945864e-06,0.00028694131587740716,2.692635914518524e-08,2.2198133177166895e-07,1.1056211475168967e-08,0.00026342452214228487,0.9691748226990725,4.0976444603520557e-07
70,0.012335785165801735,1.3008570290197308e-11,8.053257924125953e-07,5.437206326011412e-08,5.056674167581116e-06,1.0444055031295676e-05,0.0017448209830586928,3.16960153818216e-07,3.1924230435316593e-06,0.00036721708594364037,1.6305947738417702e-11,1.2828785660270229e-08,0.00011741068854848135,1.9344589814047385e-07,5.275823186124823e-12,6.468717270129898e-05,0.01762740073465686,2.031345586342643e-06,0.0003182776173341538,3.320087716764529e-08,2.7923148908759363e-07,1.3878676527770815e-08,0.00029153698333802815,0.9671099930001043,4.3679235749106487e-07
