,0,1,2,3,4,5,6,7,8,9,10,11,12,13,14,15,16,17,18,19,20,21,22,23,24
0,0.016275779569574052,3.846254269587938e-05,0.001457102037093442,0.00015244058428609,8.79408785665228e-06,0.005687382545280335,1.4200673513620038e-07,8.182900937082094e-10,4.401346358454857e-05,7.142485636264203e-05,3.514809808297662e-06,3.309135834894806e-08,6.749512175876268e-06,1.0243120720911944e-06,6.0322958999554806e-12,5.837456784284592e-08,9.497894543577384e-05,0.001319036679374788,2.6787625026646084e-05,3.0902934478394266e-05,8.713463705952855e-06,6.65400683348593e-09,0.00433576700477462,0.9704301370525263,6.747022896901855e-06
1,0.02080753400431038,4.609522062913089e-05,0.00253432094844933,0.00019349435917988736,7.2414324639029875e-06,0.006061721409717122,2.1465284836054875e-07,8.910645959111158e-10,3.797346219122183e-05,0.0001450514604034625,2.928159296190681e-06,3.5802321582990614e-08,4.984199535739575e-06,1.1251056926349473e-06,5.2312879026252536e-12,5.5723890479224e-08,6.566742983219662e-05,0.0016222339298287078,2.4354577090787054e-05,2.686580425435294e-05,9.819085597626035e-06,5.882682703355716e-09,0.0056196146381508804,0.9627798295732554,8.83224208202521e-06
2,0.03028441856171901,6.635424618193071e-05,0.0026596546208168172,0.0002395741709864913,1.4729445822125716e-05,0.006461444798481528,3.1096018777174343e-07,1.1856015576854372e-09,4.1820487677130635e-05,0.0001701870708293716,4.2922911978452725e-06,4.557178885592638e-08,6.3972859033784864e-06,2.1802719984229485e-06,7.036547527557734e-12,5.412047376653938e-08,0.00011299072061824231,0.002270655354230818,2.344304212133171e-05,4.4548391794958064e-05,1.0966676662588877e-05,6.908001365034519e-09,0.009143072250714911,0.9484268081839716,1.6043375181656788e-05
3,0.021003423476838687,4.554144769019354e-05,0.0023176351104296548,0.00023653493014938156,8.207148936032306e-06,0.005917892144027785,2.1064443464130673e-07,8.682595416850246e-10,3.263868900972157e-05,0.0001378038926472494,3.5082170948737027e-06,3.7521644172849324e-08,5.0570645609099e-06,1.5695503538571423e-06,4.396989098335137e-12,4.234480572712494e-08,9.166318129666271e-05,0.001910561025212479,1.9578691274139925e-05,3.121364986975084e-05,1.062064697097119e-05,6.106819900453368e-09,0.007893530771021513,0.9603220428454763,1.0680026778845908e-05
4,0.02136943812218059,4.439627692583385e-05,0.002253598462837935,0.0002313997499710383,8.170063292807142e-06,0.005681142365968491,2.0741029691299626e-07,8.670747888792074e-10,3.431852755307418e-05,0.00012540136088015427,3.4549944350149677e-06,4.19622565874476e-08,6.029498274983985e-06,1.5625509261596165e-06,4.425983186578934e-12,4.278589929459725e-08,9.977858778952564e-05,0.0018932744813501467,2.0398531016384456e-05,3.120861997097246e-05,1.1078513748701646e-05,6.529672947241618e-09,0.007434956209705463,0.9607393880683102,1.070545523608232e-05
5,0.020534784948635167,4.1471380085410035e-05,0.002098865304514371,0.0002768866601782076,6.702247495422711e-06,0.005550845015484255,1.829913413381396e-07,7.850317862540959e-10,3.151850273746711e-05,0.00013271295529073389,3.2284143247318426e-06,3.832184626216435e-08,5.050279027436222e-06,1.5620388790250397e-06,3.84681978965167e-12,4.036137014145367e-08,9.437523044627215e-05,0.0022603902693967832,1.664693305356675e-05,2.9814956661550277e-05,1.0457730165479738e-05,6.35901769986787e-09,0.0072534611783323395,0.961640437468784,1.051966405365023e-05
6,0.021003423476838687,4.554144769019354e-05,0.0023176351104296548,0.00023653493014938156,8.207148936032306e-06,0.005917892144027785,2.1064443464130673e-07,8.682595416850246e-10,3.263868900972157e-05,0.0001378038926472494,3.5082170948737027e-06,3.7521644172849324e-08,5.0570645609099e-06,1.5695503538571423e-06,4.396989098335137e-12,4.234480572712494e-08,9.166318129666271e-05,0.001910561025212479,1.9578691274139925e-05,3.121364986975084e-05,1.062064697097119e-05,6.106819900453368e-09,0.007893530771021513,0.9603220428454763,1.0680026778845908e-05
7,0.030937351442500993,3.3891301813272784e-05,0.003953192610606042,0.00013743332864328285,7.154035058577881e-06,0.004841585760431798,2.563004921425498e-07,7.55307191134124e-10,2.7395224662954708e-05,0.0001071710338561556,2.8180852690152847e-06,3.7050923807072306e-08,5.706513113482266e-06,9.502458286975174e-07,3.4709709929753446e-12,2.8289635383118597e-08,5.4097183765670846e-05,0.0014665459919922916,2.0158238964111224e-05,2.0004272799297346e-05,7.308425837339395e-06,3.3502538197714712e-09,0.005654185354928285,0.9527128127908282,9.91240901710566e-06
8,0.0219332015052776,2.8641644091544726e-05,0.0005925528223199346,7.725859552999901e-05,1.293223959131777e-05,0.009055784135883265,8.705784403360667e-08,1.034355418199715e-09,9.254980781806335e-05,5.089770129216923e-05,6.9354812366405645e-06,2.4022345030313224e-08,9.53952503225973e-06,8.281165613321739e-07,2.1690986984254368e-11,1.0707737103485882e-07,0.0005029952390756546,0.005897797336482696,7.40900226246239e-05,2.190053669005441e-05,1.7794135104937986e-05,4.6789895135549e-08,0.0019615345171186426,0.9596538685664586,8.632068309144658e-06
9,0.09553183382318753,4.167629397398179e-05,0.0017424450652778376,6.548419716384967e-05,4.990751337711263e-05,0.010214924665826632,3.4826392244693223e-07,2.3389403937264376e-09,7.647200218565785e-05,7.028974801364059e-05,1.2909610074404753e-05,4.3808027475012725e-08,1.510400624082817e-05,3.1233835199062033e-06,2.0962734180628703e-11,7.329588171623392e-08,0.0005819191372561512,0.008245534804062355,7.747177719203979e-05,2.98693517386329e-05,1.1759619645265864e-05,2.2298856477688483e-08,0.004374420978696018,0.8788277780675002,2.6585928476900795e-05
10,0.021003423476838687,4.554144769019354e-05,0.0023176351104296548,0.00023653493014938156,8.207148936032306e-06,0.005917892144027785,2.1064443464130673e-07,8.682595416850246e-10,3.263868900972157e-05,0.0001378038926472494,3.5082170948737027e-06,3.7521644172849324e-08,5.0570645609099e-06,1.5695503538571423e-06,4.396989098335137e-12,4.234480572712494e-08,9.166318129666271e-05,0.001910561025212479,1.9578691274139925e-05,3.121364986975084e-05,1.062064697097119e-05,6.106819900453368e-09,0.007893530771021513,0.9603220428454763,1.0680026778845908e-05
11,0.02042354044166142,4.3467004708552446e-05,0.0022721575496771392,0.00023151207365544333,8.10162783348346e-06,0.0056767633255711426,2.086466003194302e-07,8.572015677508953e-10,3.261509206560028e-05,0.0001293005769276145,3.4376671593865538e-06,3.9532810204132247e-08,5.644619773059846e-06,1.5168285917392773e-06,4.3400781690452055e-12,4.22916063019024e-08,9.336104990586319e-05,0.0018270293335561983,1.9487409916921514e-05,3.133502755517004e-05,1.0674760335562653e-05,6.128651924166536e-09,0.007650947001883198,0.9615283885133615,1.0422634650607058e-05
12,0.01869731677314856,4.036198673195466e-05,0.0023002168515400697,0.00021676210584134175,7.067356846346585e-06,0.005397415030187809,1.993042667951435e-07,8.476039186286814e-10,3.106525454030951e-05,0.00012362668756976935,3.3590659477119744e-06,3.6365361652354026e-08,4.662817830177243e-06,1.2629870352885931e-06,4.273328405510025e-12,4.148370747287804e-08,7.545288857912663e-05,0.0016250009837448613,1.9606130534067874e-05,2.7688561622753935e-05,9.873854885779342e-06,5.710299395022021e-09,0.007099625932823177,0.964310430274256,8.920740822407843e-06
13,0.014291832629233454,3.494018864736494e-05,0.002196272059047937,0.00031900514850284194,9.635189683547157e-06,0.00578539381339068,2.5566692299218095e-07,1.6548873396502215e-09,2.6458480494360754e-05,9.58062224145493e-05,9.032761573133064e-06,6.517655696338762e-08,5.928725693491745e-06,3.3998719531484727e-06,4.808688385601554e-12,3.769709861134844e-08,0.000142966296484112,0.0018716653377751557,1.8785981205151943e-05,3.466908730308922e-05,1.4595651874020045e-05,9.53233647259406e-09,0.014303993316515417,0.9608243134155459,1.0936090051434374e-05
14,0.021067468884356323,4.653705781591591e-05,0.002286916449335912,0.00023613283270056687,8.352956285227438e-06,0.00593838050350377,2.132644643930411e-07,8.730304995542342e-10,3.2774944046697296e-05,0.00014025611965654656,3.54591571690717e-06,3.752218151033541e-08,5.003065264502347e-06,1.5987231018446912e-06,4.455920546044028e-12,4.2692916507913225e-08,9.174452431093276e-05,0.0019251280986603589,1.9829291875110973e-05,3.142334608941503e-05,1.0635979104268104e-05,6.169478325245175e-09,0.007928918300746435,0.9602143121201225,1.0740360779313942e-05
15,0.021003423476838687,4.554144769019354e-05,0.0023176351104296548,0.00023653493014938156,8.207148936032306e-06,0.005917892144027785,2.1064443464130673e-07,8.682595416850246e-10,3.263868900972157e-05,0.0001378038926472494,3.5082170948737027e-06,3.7521644172849324e-08,5.0570645609099e-06,1.5695503538571423e-06,4.396989098335137e-12,4.234480572712494e-08,9.166318129666271e-05,0.001910561025212479,1.9578691274139925e-05,3.121364986975084e-05,1.062064697097119e-05,6.106819900453368e-09,0.007893530771021513,0.9603220428454763,1.0680026778845908e-05
16,0.021568087566767993,6.430329127075064e-05,0.00201768937272642,0.0003013312647144594,8.262013111746728e-06,0.0054240428246794415,2.66684633512059e-07,1.19603473386679e-09,3.411022336197569e-05,0.00023408351777909328,3.35198720176018e-06,5.181462462652121e-08,5.3528431239389806e-06,2.0372195384259205e-06,5.230658051434088e-12,5.383452712381482e-08,0.00011061450593561039,0.0024886710177459974,2.5352328981009966e-05,3.949837246709697e-05,1.5758594805384414e-05,9.86856896449204e-09,0.009180749345116907,0.9584637577833234,1.2562523728748833e-05
17,0.0219424564537593,4.873899156721579e-05,0.0020921524252515153,0.00033638858540761606,1.1260422804765265e-05,0.005609948007187835,2.6199003961412675e-07,1.2140171401083158e-09,3.168086147675868e-05,0.0001541482666326594,4.632440512116501e-06,5.828957881221747e-08,7.886078673989981e-06,2.9601284208934046e-06,4.153592314579799e-12,4.423084116500261e-08,0.00017826549811601438,0.0025878979981415954,1.803760775124009e-05,4.7265651462489154e-05,1.4514674356970595e-05,8.885382825371123e-09,0.012701482571154998,0.9541949182101954,1.4990513113153443e-05
18,0.03717797250801587,6.666953573956946e-05,0.0025984272166065503,0.000337008712077663,1.3775450474722599e-05,0.00713729977386071,3.2869924666635e-07,1.1907438062335429e-09,3.7635025024702994e-05,0.00024529793005349267,4.128437569403569e-06,5.476407970623514e-08,7.995811768513915e-06,3.3568966861884475e-06,5.383870043600776e-12,4.6668793216823265e-08,0.00021396498671822153,0.004400748089549678,2.122183652209418e-05,4.8644292027928644e-05,1.6467795820989728e-05,9.951978735976373e-09,0.011997664135981278,0.9356462715901299,2.500869514670876e-05
19,0.020237343162892565,4.966813092674741e-05,0.0027596932728859115,0.0002974830609447515,7.516180343028417e-06,0.005092598917038267,2.756873856715041e-07,1.010351823295156e-09,3.600495866937613e-05,0.0001591131237767434,3.1126763283129477e-06,5.344960954819385e-08,6.056060932823388e-06,1.4515188388931062e-06,4.546811236528228e-12,4.775443048750072e-08,8.508835916302205e-05,0.001757984955485657,1.958317813882168e-05,3.2513749837203625e-05,1.2689909427893122e-05,6.786689585261466e-09,0.008115396422237915,0.9613151948836786,1.112278543940418e-05
20,0.020537824737297948,4.5432874721476304e-05,0.002651659130147736,0.0002909125149438461,7.411853211703203e-06,0.006026161419364976,2.4337595850956094e-07,1.4727377828509258e-09,3.613332518708512e-05,0.0001563071349935042,4.413204091743856e-06,4.912167079432598e-08,5.275200220798771e-06,1.6990124911107075e-06,6.814906092673286e-12,5.583985175691861e-08,0.00010458055251692959,0.002342797970560271,2.4200957484047505e-05,3.3486290081888446e-05,1.3295353507784637e-05,1.0103315790499499e-08,0.007895411552572602,0.9598115787369997,1.1058259255394935e-05
21,0.02196743474922024,6.278308913331359e-05,0.002206207402021899,0.00031262395465997324,7.459082445829033e-06,0.006052406255901193,2.1832179933947418e-07,1.111843685689761e-09,4.255016639509936e-05,0.00017869638135335747,3.1560554965695908e-06,4.9547114300634046e-08,5.630825499002013e-06,2.068445134230525e-06,5.084843006447716e-12,7.030623493748058e-08,7.685991622717584e-05,0.0021468196409256428,2.246744285833602e-05,3.7283984399582914e-05,1.1023960396549483e-05,7.183454297361811e-09,0.006338503412837325,0.9605156751332814,1.0003626281560631e-05
22,0.0299219904807257,4.181519225726056e-05,0.00264819717466319,0.0002418265476066533,8.985242434440146e-06,0.0066719528249197324,2.0874903830568944e-07,1.086105159244321e-09,3.649343035768442e-05,0.0001405840308857119,4.263493600262158e-06,3.4591809547674184e-08,5.12904948771251e-06,1.6828541561795561e-06,5.5687977943705826e-12,4.691557321819002e-08,0.0001351513672235815,0.0034151219376504782,2.0620993272195032e-05,3.081075910951854e-05,1.155425804464154e-05,8.57739263987313e-09,0.006767635094453321,0.9498828176425679,1.3067701096059142e-05
23,0.021003423476838687,4.554144769019354e-05,0.0023176351104296548,0.00023653493014938156,8.207148936032306e-06,0.005917892144027785,2.1064443464130673e-07,8.682595416850246e-10,3.263868900972157e-05,0.0001378038926472494,3.5082170948737027e-06,3.7521644172849324e-08,5.0570645609099e-06,1.5695503538571423e-06,4.396989098335137e-12,4.234480572712494e-08,9.166318129666271e-05,0.001910561025212479,1.9578691274139925e-05,3.121364986975084e-05,1.062064697097119e-05,6.106819900453368e-09,0.007893530771021513,0.9603220428454763,1.0680026778845908e-05
24,0.021333376165957135,6.020418157417342e-05,0.001959323691376717,0.0003197687242523559,8.033025314931082e-06,0.005934403752789591,2.0285996994792839e-07,9.38074816076196e-10,3.501861225874122e-05,0.00016814735863514196,3.4259961740525887e-06,4.4050408561631494e-08,5.266553086372337e-06,2.39311554861469e-06,4.053023967629395e-12,4.795555870198366e-08,0.00010136061218344394,0.0022900749088571944,1.9411505070191166e-05,3.9002508212686056e-05,1.120918180435249e-05,7.036391420695474e-09,0.008422671818430117,0.9592754576158573,1.1147828160148877e-05
25,0.014696161553187545,4.1498450897646546e-05,0.0019031639757131668,0.00033588399666419105,9.207785907096281e-06,0.006059841499395933,2.310653376881076e-07,1.6185313621483982e-09,2.755823359214611e-05,0.00013396639333112368,6.504433891179712e-06,4.469138639183403e-08,4.41721907991658e-06,3.0654118742839225e-06,4.499467357829281e-12,5.133416815034408e-08,0.00010659942440753075,0.0020173559415975163,1.834513761359234e-05,4.056337862004219e-05,1.1454150065488155e-05,7.795532367355955e-09,0.01115171986673536,0.9634236624835482,8.694154422662268e-06
26,0.040699906050320735,0.020616844996475737,0.015318609486726469,0.07792958033505906,0.00048972343004889,0.08968760991737305,0.00028777221158529155,3.487658022323447e-06,0.0006696165091138215,0.054158453412954916,0.00047603777369220406,1.9372806450971012e-05,1.298848041753987e-05,0.01020687567198908,2.027852056773885e-08,1.1769542093038471e-05,0.003458730452714841,0.044523294007445674,0.000581520217694994,0.0005987817088616651,0.001252585917069861,1.2351795247801141e-05,0.44637348738679666,0.1880687983838882,0.004541781569436505
27,0.029482952440652806,6.503663842280936e-05,0.0036798481741464875,0.00026376842916177263,1.4951057881608092e-05,0.0057292296451263965,3.9006772185673104e-07,6.168862206334217e-10,2.8055975392665377e-05,0.00019631557049816308,2.6320422402674137e-06,4.447196528507218e-08,6.886860777705223e-06,2.0184956283022993e-06,2.625695537343431e-12,3.139347491508988e-08,6.99184298953778e-05,0.001396755452768443,1.2851099930230306e-05,4.287298744981893e-05,9.866862376777355e-06,2.1186539328068015e-09,0.013975237679582997,0.9450017289451904,1.860454154908427e-05
28,0.021003423476838687,4.554144769019354e-05,0.0023176351104296548,0.00023653493014938156,8.207148936032306e-06,0.005917892144027785,2.1064443464130673e-07,8.682595416850246e-10,3.263868900972157e-05,0.0001378038926472494,3.5082170948737027e-06,3.7521644172849324e-08,5.0570645609099e-06,1.5695503538571423e-06,4.396989098335137e-12,4.234480572712494e-08,9.166318129666271e-05,0.001910561025212479,1.9578691274139925e-05,3.121364986975084e-05,1.062064697097119e-05,6.106819900453368e-09,0.007893530771021513,0.9603220428454763,1.0680026778845908e-05
29,0.021003423476838687,4.554144769019354e-05,0.0023176351104296548,0.00023653493014938156,8.207148936032306e-06,0.005917892144027785,2.1064443464130673e-07,8.682595416850246e-10,3.263868900972157e-05,0.0001378038926472494,3.5082170948737027e-06,3.7521644172849324e-08,5.0570645609099e-06,1.5695503538571423e-06,4.396989098335137e-12,4.234480572712494e-08,9.166318129666271e-05,0.001910561025212479,1.9578691274139925e-05,3.121364986975084e-05,1.062064697097119e-05,6.106819900453368e-09,0.007893530771021513,0.9603220428454763,1.0680026778845908e-05
30,0.021003423476838687,4.554144769019354e-05,0.0023176351104296548,0.00023653493014938156,8.207148936032306e-06,0.005917892144027785,2.1064443464130673e-07,8.682595416850246e-10,3.263868900972157e-05,0.0001378038926472494,3.5082170948737027e-06,3.7521644172849324e-08,5.0570645609099e-06,1.5695503538571423e-06,4.396989098335137e-12,4.234480572712494e-08,9.166318129666271e-05,0.001910561025212479,1.9578691274139925e-05,3.121364986975084e-05,1.062064697097119e-05,6.106819900453368e-09,0.007893530771021513,0.9603220428454763,1.0680026778845908e-05
31,0.03719134653706146,5.046176923118197e-05,0.003924567297718267,0.0002433939835202913,8.953127875790039e-06,0.006101210402992035,3.088594493337927e-07,1.2958347580061477e-09,3.463960671990183e-05,0.00017305526198193753,3.736456813268425e-06,4.852540546424677e-08,6.154175952843225e-06,1.9055497064426244e-06,5.178091782251789e-12,4.168119636495927e-08,9.893931515037648e-05,0.0028348354422893423,2.3205984875295083e-05,3.054042319952603e-05,1.1396268295532134e-05,6.676526850504123e-09,0.007604324411970121,0.9416421031754499,1.482376560552904e-05
32,0.020810774113685683,4.496632748821292e-05,0.0022263110554453973,0.0002147971298698256,7.733595400058258e-06,0.005746090766065409,2.0371980172659237e-07,8.576364185572228e-10,3.2843041973244796e-05,0.00013079720831221867,3.441496805520773e-06,3.7461916491701575e-08,4.977871467640671e-06,1.4534478179789486e-06,4.495559037526861e-12,4.1448008464991036e-08,8.676672534564154e-05,0.0018270654338219464,2.1542845560360934e-05,2.877478593457625e-05,1.0449447522335136e-05,6.266798449534173e-09,0.0072352438137201925,0.961555755539905,9.9255952014474e-06
33,0.0793083518528054,0.00011927136479766282,0.0077798481631765354,0.00023970089885218338,1.5881228950508782e-05,0.006507675249968443,5.116966578716137e-07,6.618990819360284e-10,7.71908729269908e-05,0.00017557624432105204,2.9160501638515143e-06,4.947877253636043e-08,4.265128836333204e-06,9.865901256184605e-07,1.1396581025439888e-11,3.5221236633995e-08,5.6161717889941395e-05,0.0024757011780137633,2.1196023983791117e-05,2.459913460128972e-05,1.0405142511620095e-05,3.9779247565144974e-09,0.006323815458566704,0.8968225251181523,3.3331533468526735e-05
34,0.011545080271963219,4.478968654758947e-05,0.002179481230014252,0.00069687673842893,8.90202379335798e-06,0.007831165678895188,2.672994197355325e-07,1.3271395847325063e-09,1.8161239298089527e-05,0.00043195535425732755,4.256342475644159e-06,3.628332591451573e-08,4.11065149490092e-06,3.72555818470027e-06,3.6182220709221546e-12,6.511544175897062e-08,0.00015712406088337624,0.002752732220074733,9.86392717053441e-06,7.644248148133105e-05,1.6370788836975193e-05,8.124928187107442e-09,0.026508355237512986,0.9476936503560746,1.657799873900314e-05
35,0.042425858947945906,4.7420150806545715e-05,0.002909355859247184,0.0002334238012678545,7.371768374351414e-06,0.00488881078545503,2.624615645751749e-07,1.1062635614961236e-09,4.2630954585286085e-05,0.00014624154174105859,3.0734173331222935e-06,4.894569686706803e-08,5.701205799864134e-06,1.4281761240450513e-06,4.816390728089515e-12,4.05040559836554e-08,0.00010318362309690726,0.0039639014355758555,2.3329080118633434e-05,2.330232608707145e-05,1.1289437599648066e-05,8.608009045545864e-09,0.004996092617232397,0.9401537979865937,1.3425254609086621e-05
36,0.035809988780496516,4.9069329133444275e-05,0.0029245762813568488,0.00026380369785809483,9.600042321321453e-06,0.005342813024235715,3.2361395040751926e-07,2.152081895520565e-09,5.1338987391408885e-05,0.00012933362598579562,4.636924542455925e-06,1.0208937079632017e-07,1.247088905269984e-05,2.263939721366962e-06,8.762891039956484e-12,8.085756401029456e-08,0.00015237058294066615,0.002945733359158514,3.4919774094376824e-05,3.8276644316844166e-05,1.2915294485153154e-05,1.3747831116134827e-08,0.005872820073156149,0.9463274138397804,1.513244041090907e-05
37,0.016290024517054046,0.0002976022362363719,0.004563724927237183,0.0011390786225162768,9.791930383785049e-05,0.07057514007031443,1.3663010611435563e-06,2.0109870319511456e-08,0.00016459346719210365,0.0005375124216998131,5.682420972646877e-05,2.1707761154050805e-07,1.652220423966894e-05,5.284016086447726e-05,2.1609000139791492e-10,6.612109665969637e-07,0.0008532256230694809,0.0032157608408804337,0.00012986872538252293,0.00018465701174417154,8.256872836873467e-05,9.580885274625195e-08,0.05653367217198838,0.8451262670400408,7.983699315448568e-05
38,0.01983807231972618,4.567520605923103e-05,0.002216989397479335,0.00026167725619375857,8.041575503608734e-06,0.005711700853581985,2.0509970156337133e-07,9.121028589097968e-10,3.1200537081670946e-05,0.0001425697384213304,3.600969610878036e-06,3.8903942031079244e-08,5.116306974087106e-06,1.6911066323904167e-06,4.1620286463417976e-12,4.1641565348731485e-08,0.00010304459747121337,0.0019966325618417653,1.881326028648901e-05,3.4236365451870014e-05,1.1423632741793834e-05,6.617990106363271e-09,0.00870509815515425,0.9608533761056411,1.0746874683299201e-05
39,0.015111929468715748,2.0973349777042403e-05,0.002941654212053179,0.0002028057362661816,5.352703541226474e-06,0.007332693755975796,1.8465255402117842e-07,1.0892132127773539e-09,2.8159271394081835e-05,0.00010889887507643587,3.411414074354233e-06,3.251451230434078e-08,6.254705796949723e-06,8.878042392679105e-07,4.7419672123338884e-12,4.945156962492383e-08,9.23194052465008e-05,0.001766097202720469,2.086141727720539e-05,2.1546306661629402e-05,1.2877251306126513e-05,6.5613866225005575e-09,0.0058226255964961785,0.9664925026914575,7.874557946249548e-06
40,0.019979579941232326,4.4039562431625764e-05,0.002183546300800655,0.00024056963778652365,7.866945848364507e-06,0.005821093678026049,2.002814176649356e-07,8.531487225465126e-10,3.12603660962432e-05,0.00013859926157830263,3.45151413741405e-06,3.608720210281803e-08,4.88619576889875e-06,1.5502365911635899e-06,4.188334151325911e-12,4.2193350496699755e-08,9.256186499185971e-05,0.0019254783252183908,1.902898698236861e-05,3.155909919551851e-05,1.0572603345008757e-05,6.122168502521343e-09,0.007929542706874794,0.9615242596140585,1.0267617560139598e-05
41,0.02306388380609881,4.662998204733397e-05,0.0024877976788943083,0.00022826952407301008,9.119617971204602e-06,0.0059885538590956884,2.2439276119255e-07,8.747082823521825e-10,3.626771313090916e-05,0.00012879659092333078,3.5653672186881754e-06,3.870649365707165e-08,5.44269551972664e-06,1.5283036587374203e-06,4.832405790368612e-12,4.4806946098677745e-08,8.818196827575419e-05,0.0018980982531045494,1.951109255441949e-05,3.098650368355331e-05,1.0111042950693825e-05,5.803876528702176e-09,0.007346525462409296,0.9585952458557891,1.1170092982624086e-05
42,0.012079600417440314,2.8265286134519285e-05,0.0019213577881825547,0.0002205983945775237,3.8442748325546846e-06,0.0054411047719896,1.5173836419847414e-07,1.2681040858425049e-09,2.948195398717883e-05,0.00012597124229914828,3.068500612625342e-06,4.0104999721496984e-08,5.101925184678511e-06,8.809640641788694e-07,5.272389857127109e-12,6.578408120713836e-08,7.888457364482833e-05,0.0015604577267769445,2.9039386839327313e-05,2.5028358589130914e-05,1.2300532284409435e-05,9.663015466067233e-09,0.005053742801179206,0.9733752879033111,5.714634233028754e-06
43,0.02543305266704163,4.513976521755072e-05,0.0025236292052297866,0.00022259295862190763,9.063603782215171e-06,0.005360866842369096,2.1584111836562874e-07,7.97627641172982e-10,3.5829318002222576e-05,0.00010006273158916999,3.8096795336570912e-06,4.221016566247617e-08,5.438710532806332e-06,1.5352641215938623e-06,4.381541670910182e-12,3.692117369828799e-08,8.81277763471307e-05,0.0018245835191296668,1.830905460472377e-05,2.8563146216262657e-05,8.8953270654154e-06,5.24712538765989e-09,0.007240314557892828,0.9570385243445092,1.1360506600619501e-05
44,0.021003423476838687,4.554144769019354e-05,0.0023176351104296548,0.00023653493014938156,8.207148936032306e-06,0.005917892144027785,2.1064443464130673e-07,8.682595416850246e-10,3.263868900972157e-05,0.0001378038926472494,3.5082170948737027e-06,3.7521644172849324e-08,5.0570645609099e-06,1.5695503538571423e-06,4.396989098335137e-12,4.234480572712494e-08,9.166318129666271e-05,0.001910561025212479,1.9578691274139925e-05,3.121364986975084e-05,1.062064697097119e-05,6.106819900453368e-09,0.007893530771021513,0.9603220428454763,1.0680026778845908e-05
45,0.01828896936916337,2.9325767675287486e-05,0.0026716730022179843,0.00020326929534516308,6.813009082442191e-06,0.006349060196177924,2.042210014809405e-07,1.1925109494458723e-09,3.374002981010062e-05,0.0001060851749892346,4.119751335971766e-06,3.480717217994745e-08,5.0074551782886686e-06,1.0592805241151364e-06,6.580448149593231e-12,6.158016707774654e-08,7.100941916686742e-05,0.0017300619596716852,2.1458647478268416e-05,2.5574739369358204e-05,8.602163141949875e-06,6.447076287952639e-09,0.0052484220072630434,0.9651873780119288,8.062465971716196e-06
46,0.027865902990635114,6.892062990239195e-05,0.00280623361976176,0.00022101972446517514,1.0698305993011284e-05,0.00618425138612868,3.056078514769344e-07,9.364911439100065e-10,4.035509683221738e-05,0.00018443167667760605,3.5765002088031222e-06,3.905201436553008e-08,3.98437082489619e-06,1.7484401647337072e-06,5.4811963172733035e-12,4.5245690175319343e-08,6.177500950844322e-05,0.001949346724910122,2.273897505778209e-05,2.9518698859374072e-05,9.644298735631357e-06,5.249813797267337e-09,0.007851380035754085,0.9526715710374578,1.2506380780343505e-05
47,0.028797353211258588,4.296576559109196e-05,0.002126626285426258,0.00017667823401882276,7.0685506243396695e-06,0.004090298767431267,1.8793697973737498e-07,6.331473591092328e-10,3.871323128202646e-05,0.00010708430229298034,2.1869128310360013e-06,4.6437116062294745e-08,7.578541513044893e-06,9.118518470116696e-07,4.232895341251888e-12,4.4789845505187026e-08,9.042419176524203e-05,0.0018484037179951496,2.1639905910011486e-05,2.6957855122872912e-05,9.397415702432733e-06,6.260901954607056e-09,0.004781765253551106,0.9578129143987846,1.074554482882736e-05
48,0.015650253635477188,4.320898694581987e-05,0.0014839530447153606,0.00016826484310341228,5.7462788243526035e-06,0.005430591030057038,1.487904468597819e-07,6.527285340795296e-10,2.6736477246624492e-05,0.00012251331077733977,2.819321479017645e-06,3.140512569980428e-08,4.30794451315429e-06,1.3280607013773584e-06,3.1752174241923983e-12,3.507912757433049e-08,7.647383930654105e-05,0.0013732282501627377,2.597223935032462e-05,2.515316599751492e-05,9.056513706455449e-06,5.702434816788495e-09,0.006382711955280364,0.9691605270623307,6.932406986180853e-06
49,0.01844701452956421,4.122433118511442e-05,0.002551731168535514,0.00026824714562466364,6.529423932219288e-06,0.005800923626599935,1.9581203925239251e-07,8.058641434582036e-10,2.943098437810245e-05,0.00014216183469666058,3.1084204665634824e-06,3.8729535898715256e-08,5.124243057993222e-06,1.462682784082818e-06,3.776401532588725e-12,3.8815716138686594e-08,8.549522693314761e-05,0.0017624692249837506,1.691477227683166e-05,3.0191834850193e-05,1.1267107500344075e-05,5.797793655927436e-09,0.008409224122746788,0.9623769080661423,1.0291289016001866e-05
50,0.028290555240863983,6.194628266794024e-05,0.0030722913593049933,0.00027304891417320536,1.1759038156780213e-05,0.006523264582486987,3.9635003987431843e-07,1.4167854454781275e-09,3.371808527570383e-05,0.0002448340048283715,4.121546260059065e-06,5.390889818153469e-08,6.055602812469683e-06,2.4669388684303364e-06,5.762178809806596e-12,5.15495488243388e-08,0.00010685858522966354,0.0024349700871057205,2.4833688400675e-05,3.9688008763850245e-05,1.312745599916947e-05,7.55052062991712e-09,0.010998920776025834,0.9478404273856735,1.6601635547476645e-05
51,0.039157260799201614,0.00016506466977808396,0.00277311446269157,0.0006031619605213254,6.217210517416579e-06,0.005906807265446782,2.430784904589784e-07,1.4755663886612505e-09,5.862451900418911e-05,0.00025925293231968203,3.539085172869607e-06,8.124674825680866e-08,4.241345101605724e-06,4.216685314007368e-06,5.947101270358257e-12,4.430976044548792e-08,0.00012912725644936333,0.004154398823842042,3.3523075772401534e-05,4.353312247465728e-05,1.7301462140537382e-05,1.486692617780496e-08,0.007963341119103514,0.9387007123207274,1.617690098238537e-05
52,0.01473227245622468,4.937078914441581e-05,0.0021130693610797798,0.00023886671742659173,6.246074368766607e-06,0.003270206778527458,2.055427297750881e-07,5.620413743950392e-10,2.623055353257498e-05,0.00010584000214794528,2.3874424086365553e-06,5.008327073323148e-08,5.044178562863315e-06,1.0018665847747093e-06,2.5900307991857745e-12,2.609115701560877e-08,6.916889494130925e-05,0.0008563028477819129,1.6409334975677074e-05,2.988109785481141e-05,1.1207531059668645e-05,4.511090885934e-09,0.009718131639547819,0.9687399141371729,8.161503777673737e-06
53,0.01785646953379532,4.5259514351991176e-05,0.002712692163684064,0.0002649472508433004,1.3712556102572242e-05,0.0053882277317567505,4.34319134423026e-07,1.2226422435590026e-09,3.0368502432231065e-05,0.00017908145048116047,4.559282494454064e-06,4.938497491063316e-08,5.617312601912057e-06,1.7465423907444026e-06,5.2868198164649135e-12,5.016656117728422e-08,8.331180458689589e-05,0.0015238152250084942,1.6907128628721887e-05,3.8468903775691735e-05,1.1958995081972582e-05,5.543523812833745e-09,0.012788457236847801,0.9590205883114236,1.3269911588919862e-05
54,0.049452490318181816,0.00012058171070193872,0.0038454174473367777,0.0002919471194389348,1.263342549581202e-05,0.007743822460671083,3.9209896242820625e-07,1.0475027726851682e-09,5.918756796733424e-05,0.00024782193482395074,3.54536992577467e-06,6.615002423398379e-08,5.675678209961994e-06,2.8085165828113166e-06,8.858231474495594e-12,5.632885068048206e-08,8.779161262225754e-05,0.0027461545233601636,3.0375778852692785e-05,3.493949970567893e-05,1.1683765375771104e-05,7.8540785753947e-09,0.00827698602249425,0.9270012199819313,2.43937780448723e-05
55,0.02334827231216547,4.000160155855472e-05,0.0021609270450044485,0.00020862150197136775,6.664752567033961e-06,0.004782851945650376,1.8318915087317514e-07,6.498223642293865e-10,4.088263157723379e-05,9.294005490807588e-05,2.6013512544470536e-06,4.3115287003364793e-08,6.347427614000042e-06,1.0422795700204655e-06,3.938896074821278e-12,3.972154695650192e-08,7.474270543694529e-05,0.0018179539767398422,1.8515163791720263e-05,2.3227749051157627e-05,9.253220589643417e-06,5.375161462610985e-09,0.004874306028366448,0.9624811749554949,9.401241780653199e-06
56,0.020870829818739573,4.4205101125542484e-05,0.0023116044543583245,0.00022933431749449463,8.129482738086292e-06,0.005751819838638403,2.1281220727737128e-07,8.814071764801984e-10,3.325710991930122e-05,0.0001303274542641692,3.4732350592179956e-06,4.028528082076151e-08,5.624033479408392e-06,1.5155721500399636e-06,4.515368557148052e-12,4.270364108965086e-08,9.366219651836418e-05,0.0018344602693378936,2.0416781018454285e-05,3.092699971476829e-05,1.0803236436776905e-05,6.294082737282774e-09,0.0076191449834615566,0.9609895814143475,1.0580720063488589e-05
57,0.021515647971466406,4.5441949850585814e-05,0.002112316657624814,0.00023148161571842315,7.346292844120592e-06,0.004550458108438067,2.128484014863173e-07,9.090113622850922e-10,3.4969390832909015e-05,0.00013477982897013022,2.7427914701784372e-06,5.502503376044026e-08,8.320086167513022e-06,1.3436011043889187e-06,4.239482086996474e-12,4.828440598170483e-08,0.00011352869769564949,0.0017948607067487948,2.3107822861224086e-05,3.572370426465183e-05,1.1918928746094367e-05,7.744954939286913e-09,0.007018769843230472,0.9623461496518134,1.0767534104924585e-05
58,0.018038845493086174,3.469629232088871e-05,0.0019842638662459387,0.00018296016914647672,6.377327900813164e-06,0.004903819770491496,1.6887026895283678e-07,6.701707548895778e-10,2.8532966850993375e-05,9.877744836442947e-05,2.9978464148989407e-06,3.39119515812067e-08,4.797268248412287e-06,1.100667545347205e-06,3.4334969101830563e-12,3.4535019877769596e-08,7.035500190131923e-05,0.0014637213770281397,1.8415025546555833e-05,2.373874316575786e-05,8.748053084835864e-06,4.9021240338118145e-09,0.006291461329693486,0.966828273693735,7.874766260257675e-06
59,0.016981419255294773,3.520012776235452e-05,0.0021216509335285493,0.00019721096811184177,6.186837819250263e-06,0.00489971401384614,1.6834660985398394e-07,6.712452044832775e-10,2.768298022900422e-05,0.00010468798395039688,2.954633326707183e-06,3.1897512366166515e-08,4.3393449517819345e-06,1.0645108986664441e-06,3.3699097226311114e-12,3.449001976840894e-08,6.598883253052803e-05,0.0013966885079260876,1.689888476980386e-05,2.4777453116609765e-05,8.84367901464422e-06,4.6755370243204364e-09,0.00668170143449278,0.967415080274045,7.669260090885182e-06
60,0.021003423476838687,4.554144769019354e-05,0.0023176351104296548,0.00023653493014938156,8.207148936032306e-06,0.005917892144027785,2.1064443464130673e-07,8.682595416850246e-10,3.263868900972157e-05,0.0001378038926472494,3.5082170948737027e-06,3.7521644172849324e-08,5.0570645609099e-06,1.5695503538571423e-06,4.396989098335137e-12,4.234480572712494e-08,9.166318129666271e-05,0.001910561025212479,1.9578691274139925e-05,3.121364986975084e-05,1.062064697097119e-05,6.106819900453368e-09,0.007893530771021513,0.9603220428454763,1.0680026778845908e-05
61,0.017811761586091306,3.6770701251945837e-05,0.0021839804619296905,0.000202459137362553,6.5479238773075896e-06,0.005096480319718302,1.8063762115456856e-07,7.132870513489894e-10,2.8572024354179098e-05,0.0001119137621550072,3.0337344780943177e-06,3.359836733912957e-08,4.640876548850853e-06,1.1364762332174445e-06,3.6192255820965505e-12,3.575481180461734e-08,7.208475719245737e-05,0.0015044420025192027,1.7711940167873756e-05,2.5690918039220384e-05,9.43630743655366e-06,5.068890384676869e-09,0.006876072842675168,0.9659986649028315,8.343548540719539e-06
62,0.021003423476838687,4.554144769019354e-05,0.0023176351104296548,0.00023653493014938156,8.207148936032306e-06,0.005917892144027785,2.1064443464130673e-07,8.682595416850246e-10,3.263868900972157e-05,0.0001378038926472494,3.5082170948737027e-06,3.7521644172849324e-08,5.0570645609099e-06,1.5695503538571423e-06,4.396989098335137e-12,4.234480572712494e-08,9.166318129666271e-05,0.001910561025212479,1.9578691274139925e-05,3.121364986975084e-05,1.062064697097119e-05,6.106819900453368e-09,0.007893530771021513,0.9603220428454763,1.0680026778845908e-05
63,0.02181320524223684,5.310040054506088e-05,0.0023343475769338332,0.00024089172023645573,8.217785862582609e-06,0.005802701955869589,2.1599605149473344e-07,8.554086175023791e-10,3.423187663879661e-05,0.000145410029996619,3.4346044753830947e-06,3.982939046101431e-08,4.905396312962207e-06,1.6295322018254061e-06,4.6126823345154696e-12,4.154141296063609e-08,8.91005226700519e-05,0.00186312587488246,2.1097581422381145e-05,3.1586860394556354e-05,1.10825876819762e-05,6.3810061684423074e-09,0.007991911779973132,0.9595387484596893,1.0965604093960311e-05
64,0.01882869856045654,4.611913834012183e-05,0.002292035959396972,0.0002431078357080262,7.509468449135109e-06,0.005870958433436289,2.0718628606271338e-07,8.447432963469417e-10,3.23694350367169e-05,0.00014217104760436632,3.295540087317064e-06,3.891549714686028e-08,5.140018324322759e-06,1.4986550347912115e-06,4.301772120546269e-12,4.1022858699725875e-08,8.901229916837888e-05,0.001775634881108642,1.995301329963412e-05,3.0291544948515124e-05,1.2164725799159123e-05,6.348181999045004e-09,0.008068649784122767,0.9625208746456427,1.022069216617851e-05
65,0.021366192349707564,5.436746393788167e-05,0.002741842927458529,0.0002955531813741818,9.301824508265205e-06,0.006795253306186869,2.69743371832195e-07,1.128167824490709e-09,3.120585202235817e-05,0.00020208781877182808,3.8712767921462786e-06,4.059797407538564e-08,4.949273826799194e-06,2.067702529874392e-06,5.0866196691043984e-12,4.7019849064102946e-08,9.970742415129706e-05,0.0021323708784105025,2.025467496065115e-05,3.870132816622839e-05,1.271150158701764e-05,6.7162229134676265e-09,0.010479570102028178,0.9556964977094086,1.3128193498926816e-05
66,0.017455675627906835,3.594748312220345e-05,0.00216651956152908,0.00018228007529155825,8.107136428795523e-06,0.005260294029236945,1.8814386806742077e-07,6.438837032403115e-10,2.64036094710086e-05,0.00012427309930062165,2.9033965592904344e-06,2.777733146164844e-08,4.739128568673944e-06,1.0316659199371193e-06,3.5864939368956717e-12,3.5868119889234023e-08,7.610295615331308e-05,0.001411695824154465,1.6219517515231473e-05,2.9528551475202603e-05,9.62507049060293e-06,4.361390931993307e-09,0.007770736658822986,0.9654086335278679,9.026282004743524e-06
67,0.007359485221135854,1.8634731898551684e-05,0.001546275575859833,0.00038442785006230165,5.07777842538216e-06,0.007913261844759621,9.956476492955592e-08,6.719348694877126e-10,1.3907448522695434e-05,0.0001343845011610884,3.2041815154857303e-06,2.2049461641743504e-08,5.555542528085796e-06,2.162915172938e-06,1.8747596971051225e-12,4.118337227053094e-08,0.00011056410329233822,0.0014667684709479194,7.693029007225593e-06,4.6894520321145255e-05,9.598893338951403e-06,3.765618081229275e-09,0.014408114987538268,0.966556320062109,7.50110537672862e-06
68,0.02047430520700134,4.376263271983779e-05,0.002466008009730132,0.0002592763390110196,6.814708428569426e-06,0.005480004049511696,1.9824712623328512e-07,8.030056381768794e-10,2.9979304564608788e-05,0.0001401578083374678,3.1375735094464594e-06,3.755970611561191e-08,4.6012225009396475e-06,1.5079716102319707e-06,3.542152023652607e-12,3.639583335192566e-08,8.290540695015366e-05,0.0018953902729916413,1.7141547031422815e-05,2.901375031876449e-05,1.0926019370492494e-05,5.6195943280051324e-09,0.008264185941743902,0.9607804065181558,1.0197087704726664e-05
69,0.006737548966106086,2.2981421953203642e-05,0.001658094288507171,0.00023221398510864824,4.417911844101553e-06,0.0042024102704404645,1.3432284482715808e-07,6.620846483002369e-10,1.6816552316431004e-05,8.302644556776477e-05,3.3635202623104114e-06,2.626717208221636e-08,2.6459905364163295e-06,8.5791304976667e-07,2.651685150995303e-12,3.16595210882058e-08,3.944922737322846e-05,0.0006686462327995126,1.1035094023105726e-05,2.4070760294704125e-05,8.62437286268695e-06,3.3537879833686707e-09,0.009301464552675782,0.976977792572206,4.3436540103785105e-06
70,0.0321060800523995,5.706397759923562e-05,0.003356134270812578,0.0003515503681604687,1.1077052871356377e-05,0.00687131256168186,2.895799384897703e-07,1.3199263024404507e-09,4.1528167319495654e-05,0.00018309195587225133,3.95220113848086e-06,5.181659273401157e-08,7.327917065145792e-06,2.414559166240158e-06,6.009112138927616e-12,5.915592018433361e-08,0.00013341392264355499,0.0029885126766910387,1.8806162775565432e-05,4.6079366755636546e-05,1.1965961351159303e-05,7.67470752219229e-09,0.00899132201611295,0.944800579271212,1.737798527704408e-05
71,0.022293664265392938,3.557472718758511e-05,0.0027598072533307704,0.00021654007326761976,6.401201814484483e-06,0.006738254315611117,1.9885832443295872e-07,8.945969244838563e-10,3.366814905678135e-05,0.00011298041095950107,3.99844254922883e-06,3.601711879597956e-08,4.417491746282919e-06,1.3738520387814717e-06,4.720215369611943e-12,3.712289062124505e-08,8.522534140457168e-05,0.002219828445366986,2.1135500188639077e-05,2.0437559486155255e-05,1.0459500248493397e-05,6.7371357631248165e-09,0.0063933212378186315,0.9590325849222662,1.004767547857865e-05
