,0,1,2,3,4,5,6,7,8,9,10,11,12,13,14,15,16,17,18,19,20,21,22,23,24
0,0.021759043401765692,1.096293037856827e-09,2.028537346743243e-06,1.456316149732127e-07,1.1353368894647998e-05,5.518830551088316e-05,0.0010002445927825747,1.1055112912038004e-06,8.786868436422738e-05,0.0008693659145193064,4.62050947307991e-11,9.211070365816569e-09,2.4976032561735588e-05,3.943329889031957e-08,6.2057783835172e-11,3.563238475285395e-05,0.13429646930656866,1.6532391391006452e-06,0.0021694647228393555,1.147962511375557e-08,1.5918696817792637e-06,4.035385994648171e-07,0.0017990888657546992,0.8378752930170764,9.021746385263639e-06
1,0.029602096737256556,1.182592254379372e-09,3.201541472849352e-06,1.616559101213096e-07,1.6085742048684214e-05,6.020208525343489e-05,0.0009870755560564385,1.370546266759099e-06,0.00012749067392785866,0.0012224715561080677,5.4316358106999325e-11,8.52264698823095e-09,3.108138066566862e-05,3.5933830646000015e-08,6.45067333725152e-11,4.5250062443473666e-05,0.14198729863353227,1.4192905300052443e-06,0.0032259061349119212,1.2333496315959553e-08,1.691573411152113e-06,3.9693039647147167e-07,0.001701305508672552,0.8209768351236393,8.601176107196926e-06
2,0.025188947549385183,1.5726126564077201e-09,2.8661446398763735e-06,1.3942394832928333e-07,1.697910673383849e-05,5.147531292499123e-05,0.0009562122338729737,1.6060082745203608e-06,0.00014094403402178167,0.0011665609035715551,8.097691002670146e-11,1.1277491489064621e-08,3.0135208388841677e-05,5.4510991242236465e-08,1.157282530967079e-10,2.9587397285899707e-05,0.13932625195854925,1.845709449264319e-06,0.0023208041380379583,1.838765755882885e-08,1.879745481991529e-06,4.0433799359408763e-07,0.002441387283561453,0.828308087168457,1.3800389963427194e-05
3,0.020584917480370203,1.1642450039432647e-09,1.9887618364065262e-06,1.378060393599517e-07,1.1129959272603896e-05,5.470666614755916e-05,0.000960436391734572,1.0528042509591774e-06,8.162525378414513e-05,0.0008186234518032218,4.550730909522081e-11,9.508332815622363e-09,2.3742172243914346e-05,4.1252111092747127e-08,6.505068862828535e-11,3.428499525651597e-05,0.13294881519688326,1.6704835409410345e-06,0.0021811308320714385,1.099359498651085e-08,1.6261819613402344e-06,4.1536482745468185e-07,0.0017786641160126918,0.840505660678494,9.308374627491056e-06
4,0.019924863830651986,9.915862335997497e-10,1.8810326349508395e-06,1.2392007320445156e-07,1.0237211324353602e-05,4.8593370828584244e-05,0.0009003366363543659,9.983147485920887e-07,6.790798959841694e-05,0.0007660812663641256,4.039801737273598e-11,8.708135041228805e-09,2.6052007564122242e-05,4.040891100932903e-08,5.567318627928658e-11,3.314463520233364e-05,0.12413520203883643,1.602327530077195e-06,0.002107140474637527,1.0853814277766397e-08,1.4275777047344435e-06,3.492991431013032e-07,0.001559126523216513,0.8504069434967942,7.926988274398862e-06
5,0.019952509256495915,1.4086985056736807e-09,1.728757803570936e-06,1.7065199046041972e-07,1.1422373278298493e-05,6.507401127644173e-05,0.000995149175565077,1.0587360866436152e-06,8.28993626580365e-05,0.0007720404442378123,5.1171954164427796e-11,9.828056536430818e-09,2.4473861324714813e-05,4.733941875808446e-08,7.277146280445675e-11,3.786314799416272e-05,0.12770513372446807,2.2902165884587024e-06,0.0022700609345610097,1.258506783312345e-08,1.6092525007309793e-06,4.5908728992064416e-07,0.0019605152646449808,0.8461057331442077,9.73731184294713e-06
6,0.020584917480370203,1.1642450039432647e-09,1.9887618364065262e-06,1.378060393599517e-07,1.1129959272603896e-05,5.470666614755916e-05,0.000960436391734572,1.0528042509591774e-06,8.162525378414513e-05,0.0008186234518032218,4.550730909522081e-11,9.508332815622363e-09,2.3742172243914346e-05,4.1252111092747127e-08,6.505068862828535e-11,3.428499525651597e-05,0.13294881519688326,1.6704835409410345e-06,0.0021811308320714385,1.099359498651085e-08,1.6261819613402344e-06,4.1536482745468185e-07,0.0017786641160126918,0.840505660678494,9.308374627491056e-06
7,0.04517025855968968,7.059753023400697e-10,3.459083952480859e-06,1.3456908682472248e-07,1.1551044553331022e-05,2.4510499825748625e-05,0.0009916511634533707,1.74071292104273e-06,6.726464938965903e-05,0.0012784602532628763,5.314031924639121e-11,6.696492607278196e-09,5.08278625238569e-05,3.298016827139072e-08,3.719541452690336e-11,3.161924778191639e-05,0.13634443198506943,8.171835398275357e-07,0.002831598596615448,1.1802102750016667e-08,7.140160519878063e-07,2.915512039675113e-07,0.0007090700414727709,0.8124756696600473,5.877044483730785e-06
8,0.03278477578653422,4.7047446543112716e-08,1.4082251303482678e-06,2.1316104510287525e-06,8.334657116790175e-05,0.002288935865748429,0.002500523828387747,6.6875658616720926e-06,0.0010006243368008282,0.0006430357467117764,3.480091957333059e-10,3.550203673769465e-08,4.545540858061113e-05,7.377295579258182e-08,7.763898688298391e-10,0.0005922046020698197,0.3741949239996811,0.00014695247278795096,0.04187596499880338,3.516699286553904e-08,5.44080867170249e-06,1.1089556238579123e-05,0.0038573475236389956,0.5399375362361732,2.1422242729833485e-05
9,0.020499526552687268,9.249013794050392e-10,1.8869338147324823e-06,1.0185627660406797e-07,8.086432137662217e-06,3.03250830613453e-05,0.0007605790331972255,8.155326336132459e-07,6.577152720434915e-05,0.0008170526802662038,3.800281122702323e-11,6.9322393805752414e-09,1.8173895933376977e-05,3.8776463556053864e-08,5.524616338806065e-11,1.8823840584792072e-05,0.1082036315766816,8.718396303743974e-07,0.0014024911407682311,8.83222692484776e-09,1.2663334321470498e-06,2.7777675193983976e-07,0.0018735254382460293,0.8662865195751952,1.0217392416961617e-05
10,0.020584917480370203,1.1642450039432647e-09,1.9887618364065262e-06,1.378060393599517e-07,1.1129959272603896e-05,5.470666614755916e-05,0.000960436391734572,1.0528042509591774e-06,8.162525378414513e-05,0.0008186234518032218,4.550730909522081e-11,9.508332815622363e-09,2.3742172243914346e-05,4.1252111092747127e-08,6.505068862828535e-11,3.428499525651597e-05,0.13294881519688326,1.6704835409410345e-06,0.0021811308320714385,1.099359498651085e-08,1.6261819613402344e-06,4.1536482745468185e-07,0.0017786641160126918,0.840505660678494,9.308374627491056e-06
11,0.01962089093614073,9.603602248675403e-10,1.894065911824559e-06,1.1878246626953e-07,9.974939118337994e-06,4.844036454159049e-05,0.0009224323032070645,1.0672144402642393e-06,7.191463699644472e-05,0.0008060437163359172,4.0515811257387004e-11,8.967223377491144e-09,2.570222370938294e-05,3.803874184197249e-08,5.745889779212288e-11,3.2678057816791944e-05,0.12622473131723613,1.5435422770337878e-06,0.0020475211593851306,1.0655476425076784e-08,1.437065298861658e-06,3.597087743101887e-07,0.0015496644221664284,0.848625612514031,7.91431037004333e-06
12,0.01790986179417731,1.0680594165399004e-09,1.7465249748504711e-06,1.3338067255629751e-07,1.2038330955746053e-05,5.634786825267075e-05,0.0009605239870590483,8.209645492496399e-07,7.627134954040124e-05,0.0007465974394572538,4.357717863255678e-11,9.466562512051956e-09,2.1876950516552537e-05,4.833550064154622e-08,6.150944223408842e-11,3.2401699381857004e-05,0.12533728880310394,1.8602477433780186e-06,0.0018593188355952586,1.2018159393791538e-08,1.7211252917114298e-06,3.5354344716951844e-07,0.0021412697196059025,0.8508294675369799,1.0028905326568872e-05
13,0.05181480680748648,1.1987394682695992e-09,6.287245053051116e-06,1.6767634062747482e-07,2.2776180675002842e-05,1.925594757196114e-05,0.0016505990555308757,1.7851668093232928e-06,0.00012185431287789186,0.001045678512999286,3.395487791189862e-10,2.3437635057245773e-08,4.287422046070715e-05,2.2626239911400847e-07,1.9782477314113793e-10,3.634574989722883e-05,0.1780565957971463,2.1881125831719992e-06,0.0015886409556606276,3.5964101697787574e-08,2.470284476009398e-06,3.2378899885223223e-07,0.0035370610820226363,0.7620303824920953,1.9619211065875314e-05
14,0.020946692144716252,1.4637155259297415e-09,2.218783145840731e-06,1.5720288551137683e-07,1.3141143583259675e-05,6.39752243526465e-05,0.0009339201475731826,1.0893352078743898e-06,8.774636929900214e-05,0.0008508057126952598,5.330803205533362e-11,9.772146203871617e-09,2.661394706938121e-05,4.4534423121349996e-08,7.437160603033377e-11,3.874045744009166e-05,0.13525414221436705,2.0282986945410095e-06,0.002641266501410215,1.2722651530609268e-08,1.7704994560424765e-06,4.536418497143462e-07,0.00188753703485914,0.8372380529880522,9.579732726933298e-06
15,0.020584917480370203,1.1642450039432647e-09,1.9887618364065262e-06,1.378060393599517e-07,1.1129959272603896e-05,5.470666614755916e-05,0.000960436391734572,1.0528042509591774e-06,8.162525378414513e-05,0.0008186234518032218,4.550730909522081e-11,9.508332815622363e-09,2.3742172243914346e-05,4.1252111092747127e-08,6.505068862828535e-11,3.428499525651597e-05,0.13294881519688326,1.6704835409410345e-06,0.0021811308320714385,1.099359498651085e-08,1.6261819613402344e-06,4.1536482745468185e-07,0.0017786641160126918,0.840505660678494,9.308374627491056e-06
16,0.01640836472892558,7.75775878937299e-10,2.1506621981568365e-06,1.3810145003309029e-07,1.0624171315761136e-05,5.073604688332229e-05,0.0011175280089101992,8.358528465490084e-07,4.692109694519617e-05,0.0005529634071373226,5.460217950562274e-11,1.4491780726186597e-08,3.062626884190259e-05,7.380121320390932e-08,6.202118340391176e-11,5.695276844156995e-05,0.12377914968980608,2.912608124133357e-06,0.001884033155708555,1.6214710015053145e-08,2.110620761563645e-06,3.3296813639194174e-07,0.0017782606124829234,0.8542692126289102,6.041202071366394e-06
17,0.027584402027260316,6.748850771037379e-10,2.043725890581935e-06,1.4410014585766352e-07,1.0584492009204172e-05,2.925226048365755e-05,0.0014819347135967419,9.605493500103703e-07,5.7774669860292174e-05,0.0006231502573104225,4.840396467619365e-11,1.2895340917267538e-08,2.395777588273438e-05,6.141891992959178e-08,4.5294583655704096e-11,3.014633114668288e-05,0.1528616334936024,1.1600805197914126e-06,0.001117797878412375,1.084088581286954e-08,1.6428143810048306e-06,3.535003631179505e-07,0.0015808057682774016,0.8145819275142534,1.0242123523526453e-05
18,0.02144021454439378,1.2645468753135405e-09,1.2975446802473486e-06,1.13717979744715e-07,9.444827984074564e-06,3.4916385219353055e-05,0.0008633202071791682,7.785831652641946e-07,6.936259719465964e-05,0.0006978632494170416,4.700615354228969e-11,8.705566663599913e-09,1.5482512858285928e-05,4.7645554344079036e-08,6.236723080253248e-11,1.7053834962725294e-05,0.20106686219311903,1.448839448974168e-06,0.0016280195574746215,8.870349925767945e-09,1.344172536502679e-06,5.133551049965971e-07,0.0019591439539017657,0.7721750283309368,1.772499705180526e-05
19,0.018520768049039505,6.224200199101667e-10,2.1019514862664917e-06,1.1801957092428351e-07,8.930960999395584e-06,4.76928057839002e-05,0.0011100062792003694,1.2341171038445773e-06,6.739736226732709e-05,0.0010724127670675007,2.966100835132195e-11,9.17882246999788e-09,2.78751822856285e-05,2.378000826252754e-08,3.7305269242521796e-11,3.202719209507212e-05,0.12307558197287446,9.066734101741844e-07,0.0016244036010737478,9.853814014604142e-09,1.2332295592873232e-06,3.6311417027857443e-07,0.0010428496000770857,0.853357768254474,6.285365430150004e-06
20,0.01770055187284852,2.9160901011901715e-09,2.2350412484834656e-06,1.854849683556919e-07,9.81702431514213e-06,8.0352215583994e-05,0.0009926743931580836,1.814037901661439e-06,0.00010650888562694217,0.0007876207218704946,7.018246332053677e-11,1.632716524930931e-08,2.1404630859745032e-05,4.69720834524377e-08,1.65116535929131e-10,4.256599294011352e-05,0.1407285588327526,2.58527069933298e-06,0.0026497686298167095,1.1576323921086132e-08,2.576821790038738e-06,9.681640856157078e-07,0.0020188555402922094,0.8348388316469371,1.2046765343224542e-05
21,0.0332910609013751,1.4479177216510447e-09,3.034104835928583e-06,2.4868807973271707e-07,1.8160248154066566e-05,6.055337654367803e-05,0.001390849713427501,1.1468344479686172e-06,0.0001039616303676856,0.0008878830764251932,1.0860801528873133e-10,1.6110780092638118e-08,3.095277560217641e-05,1.0434452850195087e-07,1.0227275725867031e-10,5.587063263002811e-05,0.1386969194940264,2.740382403187187e-06,0.0024650723346584984,1.9640740266330776e-08,2.263433987361357e-06,4.575033982724237e-07,0.002626331036493356,0.8203496386043319,1.2713473964714086e-05
22,0.02260299084998777,1.0872880053629962e-09,3.1880883975555373e-06,1.8314866544089595e-07,1.439662487751089e-05,4.8594757714110696e-05,0.001158275462607064,1.007508740368697e-06,8.285887060822195e-05,0.0009665815566415326,8.474371500176773e-11,1.1900440322795823e-08,2.8279406661567635e-05,5.551231413078124e-08,6.892087430224795e-11,4.4011660096638085e-05,0.1980345686637964,2.145062437873732e-06,0.002170861051349431,1.8397130889758197e-08,2.237200470211331e-06,4.960352552963151e-07,0.002147278072117533,0.7726818827082976,1.0076220439765322e-05
23,0.020584917480370203,1.1642450039432647e-09,1.9887618364065262e-06,1.378060393599517e-07,1.1129959272603896e-05,5.470666614755916e-05,0.000960436391734572,1.0528042509591774e-06,8.162525378414513e-05,0.0008186234518032218,4.550730909522081e-11,9.508332815622363e-09,2.3742172243914346e-05,4.1252111092747127e-08,6.505068862828535e-11,3.428499525651597e-05,0.13294881519688326,1.6704835409410345e-06,0.0021811308320714385,1.099359498651085e-08,1.6261819613402344e-06,4.1536482745468185e-07,0.0017786641160126918,0.840505660678494,9.308374627491056e-06
24,0.02579539874268112,1.6876665237335143e-09,2.3623492847251583e-06,2.3280611217110035e-07,1.6061845762859315e-05,6.616123481018748e-05,0.0010920895261993004,1.060106058612349e-06,8.779191517486288e-05,0.0008815101724444583,6.623231512330547e-11,1.1253942778740546e-08,2.8892537179805155e-05,5.624889842370373e-08,6.989946968871719e-11,4.1901008566342755e-05,0.14305362047337586,2.1717774420409805e-06,0.002511378512885407,1.524227949679027e-08,1.759144609529468e-06,5.309415145151437e-07,0.0019112335188960006,0.8244943273116022,1.1431506480939536e-05
25,0.03616741145438979,7.328441845215806e-10,3.010571887495726e-06,1.554632133443499e-07,1.3794032374671934e-05,2.6103855099095458e-05,0.0015888820284419918,1.5850886914922488e-06,7.681542539191899e-05,0.0009126129864380232,9.763377346619272e-11,1.3198333160479366e-08,4.10237729386048e-05,7.279718616429537e-08,6.493004448082397e-11,3.44671947215444e-05,0.1610452370662711,1.5776640153469027e-06,0.0014944980901831313,1.939620088701786e-08,1.3283346010584646e-06,3.290699173152792e-07,0.001556013740306572,0.7970253334649137,9.714409075612755e-06
26,0.06751209291793227,1.6524445019719722e-07,9.740574400265401e-05,1.1697285851441862e-05,7.751457188826431e-05,0.0004345234516872338,0.0073294388293163705,1.8559123807202676e-05,7.680073008766716e-05,0.0014088469369497997,6.7019521996691905e-09,4.4034186097574e-06,9.369572278984885e-05,2.247783156452612e-06,6.212604680646886e-09,0.0017345648796767514,0.29357163008307213,9.286768073873475e-06,0.01770097323791555,8.140824609142387e-08,3.429903202767259e-05,0.00013172176433817815,0.0006152117538841124,0.6090883453689324,4.648102874710647e-05
27,0.017998631228257917,7.490002977876111e-10,1.9880680105631154e-06,1.1188019147085822e-07,1.0564002786405598e-05,4.545438085327125e-05,0.0009145541090392915,8.005150261372151e-07,5.9945407670999575e-05,0.0007282110023334017,3.753825610007242e-11,8.402714834522503e-09,2.5314153062293704e-05,4.14808574926862e-08,4.6695922604089435e-11,3.3785530922193385e-05,0.12172810511261235,1.5522708092861417e-06,0.0018362631732908262,1.1553620129365913e-08,1.5806051185113473e-06,2.818697947816246e-07,0.001687516064710882,0.854918365189115,6.913165967516424e-06
28,0.020584917480370203,1.1642450039432647e-09,1.9887618364065262e-06,1.378060393599517e-07,1.1129959272603896e-05,5.470666614755916e-05,0.000960436391734572,1.0528042509591774e-06,8.162525378414513e-05,0.0008186234518032218,4.550730909522081e-11,9.508332815622363e-09,2.3742172243914346e-05,4.1252111092747127e-08,6.505068862828535e-11,3.428499525651597e-05,0.13294881519688326,1.6704835409410345e-06,0.0021811308320714385,1.099359498651085e-08,1.6261819613402344e-06,4.1536482745468185e-07,0.0017786641160126918,0.840505660678494,9.308374627491056e-06
29,0.020584917480370203,1.1642450039432647e-09,1.9887618364065262e-06,1.378060393599517e-07,1.1129959272603896e-05,5.470666614755916e-05,0.000960436391734572,1.0528042509591774e-06,8.162525378414513e-05,0.0008186234518032218,4.550730909522081e-11,9.508332815622363e-09,2.3742172243914346e-05,4.1252111092747127e-08,6.505068862828535e-11,3.428499525651597e-05,0.13294881519688326,1.6704835409410345e-06,0.0021811308320714385,1.099359498651085e-08,1.6261819613402344e-06,4.1536482745468185e-07,0.0017786641160126918,0.840505660678494,9.308374627491056e-06
30,0.020584917480370203,1.1642450039432647e-09,1.9887618364065262e-06,1.378060393599517e-07,1.1129959272603896e-05,5.470666614755916e-05,0.000960436391734572,1.0528042509591774e-06,8.162525378414513e-05,0.0008186234518032218,4.550730909522081e-11,9.508332815622363e-09,2.3742172243914346e-05,4.1252111092747127e-08,6.505068862828535e-11,3.428499525651597e-05,0.13294881519688326,1.6704835409410345e-06,0.0021811308320714385,1.099359498651085e-08,1.6261819613402344e-06,4.1536482745468185e-07,0.0017786641160126918,0.840505660678494,9.308374627491056e-06
31,0.029773254805482048,9.51346544927611e-10,2.864991722179321e-06,9.99436728336764e-08,9.543850711654036e-06,2.9868401252809214e-05,0.0008054180664814085,1.810429782956352e-06,7.027161293263137e-05,0.000721326577664047,4.363949576664092e-11,8.522155445898571e-09,3.935883898516062e-05,3.4750625856628495e-08,5.7157881676395336e-11,3.505699212855372e-05,0.13182582293094253,1.313201271486043e-06,0.002676691323130488,1.0510709388420382e-08,1.215119207705158e-06,3.154817180599977e-07,0.0010079827057625343,0.8329920245127159,5.705378800120002e-06
32,0.020527445358534936,1.2654481574847916e-09,2.0256599930838876e-06,1.319838430967879e-07,1.1198587515699124e-05,5.500399007265812e-05,0.0008488867980656384,1.041377838797327e-06,7.833600163560352e-05,0.0008013652487918286,4.404842116827613e-11,8.90613056580752e-09,2.477487950901235e-05,4.06809404140493e-08,6.558304372589908e-11,3.4356192719928206e-05,0.12972015052190125,1.719143314931958e-06,0.0024926094469045587,1.0689874722693334e-08,1.5665506384007375e-06,4.061345832780774e-07,0.0016783967006037406,0.8437116554153532,8.868356154938267e-06
33,0.13981238824872325,1.0678758023270677e-08,2.878025116954681e-05,9.656664369787234e-07,0.00023969004766768371,0.00015548340498355216,0.004193282705478957,6.122451384963805e-06,0.006360453001318579,0.007885324403506287,4.273901378259447e-09,6.132211466798294e-08,2.7676167245139745e-05,5.006524909852455e-07,3.2612055510930588e-09,5.109063501245299e-05,0.225227637269929,3.0097635649244525e-06,0.0025678659681526907,1.4385373309671237e-07,1.769222177323225e-05,9.884442067883228e-07,0.05221573872589978,0.5609079451039867,0.0002971414773558768
34,0.010497547398886456,1.2173147880413164e-09,1.4059158238338083e-06,1.3190438920919148e-07,8.08759049279856e-06,7.959780597653709e-05,0.0009966955329627596,8.851459160245262e-07,7.037604272765885e-05,0.0007307001971681885,3.2696039771932956e-11,1.091260492008955e-08,1.6465682480461135e-05,3.137520132623352e-08,6.836081223043489e-11,3.3377357729548236e-05,0.12203809298832427,1.756484445489917e-06,0.0015557110333683948,9.758078189043542e-09,2.0270752922591135e-06,5.28691822295982e-07,0.0020028982233958356,0.8619543389192409,9.322645300905359e-06
35,0.005799636964250213,3.9377687924879863e-10,1.3858355910493733e-06,7.296325762022587e-08,6.795705069245032e-06,4.0583854067760146e-05,0.0007246408514465072,2.0984294625659968e-07,1.8498835120453864e-05,0.00046867699555670983,2.2057766998062377e-11,7.967647060154242e-09,1.4669228230314652e-05,5.319408607715843e-08,2.9104129945381e-11,2.5043053650748954e-05,0.07897219075532512,1.291384910041084e-06,0.0007925358608353181,1.1658640626522334e-08,1.9791123211603225e-06,1.537765275964974e-07,0.0021697069119695823,0.910956529732384,5.325071227943889e-06
36,0.020039466260827324,8.11072434659013e-10,1.2776762066496505e-06,1.1572121400612003e-07,6.586003804824703e-06,3.9646925825598694e-05,0.001535766702844689,1.49502920679063e-06,5.925822279614526e-05,0.0006012552815883293,5.0263260576373283e-11,1.9509291074341722e-08,2.066733795635619e-05,4.908136320582413e-08,7.102132254207777e-11,3.448936422414438e-05,0.21002294695683452,2.023320356411943e-06,0.0014913746292525417,8.584949170127152e-09,1.4886067295545309e-06,7.613831369339666e-07,0.0011741606057070325,0.7649569099743081,1.0231889219548911e-05
37,0.032623502980702115,1.0084004168405933e-08,3.887453392176526e-06,3.7896644274765287e-07,2.919988977441647e-05,0.00027434863149001197,0.0011301771407380443,7.528628667208927e-06,0.0009250945972818406,0.003023940977909786,1.581342660573256e-10,1.537549186054812e-08,3.0429144489693278e-05,1.9704228177922062e-08,3.9950008835829423e-10,5.357499801648912e-05,0.25504754308939026,3.3787594846496037e-06,0.008467933237856612,1.9360202291684313e-08,2.8095134398276703e-06,2.6737532073624576e-06,0.002734228087086625,0.6956121397436587,2.7165325410633445e-05
38,0.013064169718705547,1.006714590551899e-09,1.6349896694023586e-06,1.1271609549316686e-07,8.193461566070417e-06,7.34028608534007e-05,0.0008891749069488242,8.337501199095287e-07,5.803441878950402e-05,0.0005891439459521713,3.304679839795008e-11,9.955114168832846e-09,2.2833379862541392e-05,3.6611722965396175e-08,6.495135055217605e-11,4.8242670557712035e-05,0.10531239158942653,2.2597314359759365e-06,0.0023164544540565137,9.279876794395854e-09,2.0273192432824877e-06,3.7952096356222643e-07,0.0017905915261123677,0.8758144664196928,5.595668521542852e-06
39,0.011619324801355064,1.3741175384945197e-09,2.2376217327952107e-06,1.1386845910423654e-07,8.602675676394453e-06,9.652567886833847e-05,0.0007810771291769119,1.2612091745342958e-06,7.671586466633078e-05,0.0005633279606823774,2.4508596579381937e-11,1.1638331573323284e-08,2.1160049546067133e-05,2.165234205895276e-08,6.661535784424713e-11,5.617073932085688e-05,0.1449015751592305,1.90020011126516e-06,0.0027909959558375863,8.353595889414838e-09,3.209304119616606e-06,5.962742931668005e-07,0.0014957968012719836,0.8375738722972514,5.493299714880851e-06
40,0.031224610764428465,1.2856788599517521e-09,3.4054380615905653e-06,1.2323442930678673e-07,1.9270439090557242e-05,3.2067169142098964e-05,0.0009561500035001965,8.831381683859162e-07,5.8753369783929224e-05,0.0006536919736749122,7.23508008989058e-11,1.475173574490415e-08,3.065975834519138e-05,1.0265647504870134e-07,7.570960973103112e-11,3.108802208994099e-05,0.1447609854357175,1.5387773821386348e-06,0.002259162890324237,1.43389470752596e-08,2.013333537116526e-06,3.4355731109356355e-07,0.001665495490255592,0.8182872743055282,1.2349718332536486e-05
41,0.024437586193273957,1.5047667382148916e-09,2.376578943039468e-06,1.7560076941801822e-07,1.4600366697596759e-05,6.538363448130401e-05,0.001032622699052635,1.306616435223758e-06,0.0001087990269115924,0.0009218477645407516,5.798800461036093e-11,9.893768672287423e-09,2.814430508684883e-05,4.530190367406074e-08,7.871244999077717e-11,4.1791037031374535e-05,0.13368040465926803,2.025546581833625e-06,0.002706110176386146,1.3254817293447206e-08,1.7543874857766349e-06,4.560510345738525e-07,0.0019330855803665248,0.8350115475967766,9.912086919597824e-06
42,0.02795076777253566,4.207580807417895e-09,3.98061501872413e-06,2.8110261249475014e-07,1.2465796691842741e-05,0.0001229795397718047,0.0009183299893254358,3.2658805057663487e-06,0.00016665835791964702,0.0009694071591989196,5.4105615189099204e-11,1.2368620317435346e-08,2.748468834985536e-05,1.8302875189860716e-08,1.134840165825924e-10,8.394670883651048e-05,0.22147671644215336,2.0204933215277055e-06,0.007202321612385026,8.318442294478337e-09,2.709162114376326e-06,1.777089120160636e-06,0.0010459900987019543,0.7400011664226623,7.687703666371639e-06
43,0.02774082827553774,1.3727887813853324e-09,2.103635064938317e-06,1.656951219142547e-07,1.3055565016581088e-05,4.87250598232622e-05,0.0011015517565353841,1.0637084783134883e-06,8.669985680660957e-05,0.0007826330554195184,6.494663038799661e-11,1.0494537255012921e-08,2.4878516972671504e-05,6.182296162398824e-08,7.623847356413594e-11,3.481594902957311e-05,0.13608668539265378,1.8992977440473356e-06,0.0022744927273086425,1.2100979254800056e-08,1.4926704445155973e-06,4.206372279279113e-07,0.0020040019097900905,0.829782002664933,1.2397693639559936e-05
44,0.020584917480370203,1.1642450039432647e-09,1.9887618364065262e-06,1.378060393599517e-07,1.1129959272603896e-05,5.470666614755916e-05,0.000960436391734572,1.0528042509591774e-06,8.162525378414513e-05,0.0008186234518032218,4.550730909522081e-11,9.508332815622363e-09,2.3742172243914346e-05,4.1252111092747127e-08,6.505068862828535e-11,3.428499525651597e-05,0.13294881519688326,1.6704835409410345e-06,0.0021811308320714385,1.099359498651085e-08,1.6261819613402344e-06,4.1536482745468185e-07,0.0017786641160126918,0.840505660678494,9.308374627491056e-06
45,0.023220465615771724,1.3837750764771566e-09,2.1592396415992196e-06,1.665694349562096e-07,1.4557062986684329e-05,5.7424840856391213e-05,0.0009317035120112374,7.629363465843218e-07,9.222782780318942e-05,0.0008502860402516344,5.7766208199436276e-11,9.698945638040416e-09,2.0435983480218508e-05,5.5033971178196153e-08,6.775552172985241e-11,3.0509773569521044e-05,0.15158482980714003,1.7355687652121945e-06,0.0020972693746442424,1.2823192073444223e-08,1.957599430067843e-06,4.151416246599754e-07,0.002641967121693524,0.8184368385898939,1.4208329248860982e-05
46,0.01895244833089452,2.8294913765991903e-09,2.2238222575026695e-06,1.6412398583125243e-07,1.814881522504734e-05,8.943760348074135e-05,0.000879436926624395,1.3266923023064406e-06,0.00016258169823188292,0.0009048340074192946,8.37539012763332e-11,1.1026941843282377e-08,2.3996813372215573e-05,8.221572792441959e-08,2.0823085031433778e-10,4.428691734981761e-05,0.07609087037121541,3.491052710664368e-06,0.003225353421469789,1.6113250463291126e-08,2.091159645911162e-06,3.8284789027203473e-07,0.0036058686176933105,0.8959790844182219,1.3859882612765513e-05
47,0.015687042072097295,3.3118391802240932e-09,2.1733966938528207e-06,2.0793083962686974e-07,2.4660461611784653e-05,0.000123520402916966,0.0010607064937406315,1.2977807945003158e-06,0.00022710648911709213,0.0013126520218059198,1.194968513298323e-10,1.2647048156286565e-08,2.0877681727875794e-05,8.357255824613715e-08,2.4492388624834433e-10,3.308942911353328e-05,0.12286335980596844,3.986972373386556e-06,0.0025043503343533556,2.5551492522633046e-08,2.91675579893806e-06,5.441840132931273e-07,0.005535803914069113,0.8505705976771051,2.4980748500441757e-05
48,0.019082497020938935,1.0312207050268753e-09,1.7881259848277732e-06,1.1920700285584522e-07,9.53876027902008e-06,5.011835844509668e-05,0.0008670297104099822,1.0074588307734442e-06,7.077478651464597e-05,0.0007795578119474587,3.6782408171493995e-11,8.332842564667043e-09,2.3127120297166895e-05,3.455374573951612e-08,5.4872207722499615e-11,3.112997259582659e-05,0.13076127751872546,1.4911294330800623e-06,0.002138959813956393,9.599326755872466e-09,1.417769179411366e-06,3.8759303362651113e-07,0.0015219565629629945,0.8446496222595701,8.145411101893952e-06
49,0.01810533107551747,1.503561774806868e-09,2.4022187722105592e-06,1.6398670910036578e-07,1.1681886730343875e-05,7.634135826317545e-05,0.0010160979987135692,1.3365821277594405e-06,9.004537313366631e-05,0.000936219001472741,4.37217230847707e-11,1.2061865765679492e-08,2.4671419628064608e-05,3.068628354041136e-08,7.082532820635687e-11,4.048351238227011e-05,0.14992016642384604,1.597929790296885e-06,0.00246727468735819,1.1426852934176562e-08,2.063359492587416e-06,6.50068782719922e-07,0.0015161496367379615,0.8257781871382365,9.080549194151345e-06
50,0.02269883255865736,2.5199271310369896e-10,1.4384314715971207e-06,6.171612288646166e-08,6.1270752715743145e-06,1.7648466775379573e-05,0.0009980953376870331,9.384407475540493e-07,3.563647579571973e-05,0.000756837628003211,2.3847577772455572e-11,5.9901244369796306e-09,3.1222416382484346e-05,3.218354383232666e-08,2.2534654589583186e-11,2.0962022714316183e-05,0.09806401800153579,7.118747413273526e-07,0.0011475268868840391,8.155308147396736e-09,5.685091144716916e-07,1.425523989370923e-07,0.0007487271652651197,0.8754661165509975,4.341262082387939e-06
51,0.04749569437274219,6.983860914443961e-08,4.082814517612227e-06,2.090880743287625e-06,3.2442343653516775e-05,0.00039579019832521793,0.0017070965974513995,6.3333311246345274e-06,0.0005792629483906552,0.001266382852881117,5.167929706852746e-10,3.725015336899389e-08,2.4660512196964357e-05,1.0995526873924536e-07,1.256731871934838e-09,0.0001071144609840421,0.23863306879795126,1.044681704993022e-05,0.010259765351409484,2.491746427644815e-08,5.602164609556987e-06,9.782114896530863e-06,0.004384565710718876,0.6950122064037128,6.336759162073628e-05
52,0.021080314745098458,1.2074226499333838e-09,1.5812013577573014e-06,1.638260040195989e-07,1.2399943204395083e-05,8.419104353304533e-05,0.0009185990646735059,1.6152597295137794e-06,0.00010725527256901617,0.0012689008451835715,5.2896932479890635e-11,9.198365960894977e-09,3.59529442285842e-05,4.239074110301453e-08,8.15138453904915e-11,4.284164528258126e-05,0.09349914298237647,2.9171049262562714e-06,0.0032019104577887822,1.621112846127141e-08,1.0283863155179505e-06,3.9642639390533423e-07,0.0014388862554452018,0.8782949488469306,6.88460688996397e-06
53,0.01411887816681862,5.726940824299332e-10,1.8407523771046748e-06,1.3678324500895065e-07,1.1746913916208839e-05,4.8531485821574484e-05,0.00170623962120947,6.341156476733845e-07,7.154747882609294e-05,0.0007271437676127259,6.18623105455182e-11,1.4238254003175174e-08,1.9814245952929247e-05,7.306859844036217e-08,6.537367339483804e-11,3.556778456801945e-05,0.12387661966038652,1.9909471637538436e-06,0.0008338380295647222,1.7989973202973614e-08,2.5606437093873686e-06,2.7571215165084444e-07,0.003731350757324282,0.8547999182059295,1.125893101900818e-05
54,0.02441260904002534,3.89854895835065e-09,1.6691683357928034e-06,2.2298502813600136e-07,9.838095717938724e-06,8.261159039303254e-05,0.0009583702039881419,1.4395016470911089e-06,0.00011440126569936063,0.0008049364166392771,5.685368262569624e-11,1.273614557647899e-08,1.5523886918463257e-05,4.8479340155824134e-08,1.4396578243444834e-10,3.334666893724567e-05,0.12806652156437637,1.7270627718753515e-06,0.003035376480459447,6.997845586260594e-09,1.7514004160378915e-06,1.0538011399308496e-06,0.0019104848252795062,0.8405283164859655,1.9727243561696818e-05
55,0.02379828529425464,1.9255232270510034e-09,2.8378145818966725e-06,1.7748704342491278e-07,1.2972865845617806e-05,5.3865201431574904e-05,0.0007621962340717203,9.384878360407785e-07,8.858274293628449e-05,0.0009262842727177618,5.669072557878877e-11,6.457643864344511e-09,2.1681984908543832e-05,3.6736066418316816e-08,7.000171599719707e-11,3.0433162925457093e-05,0.158830678850563,1.4087037419959336e-06,0.0029649487984561517,1.1037098501021839e-08,1.8491724562647116e-06,4.925421314865144e-07,0.00202313939256543,0.8104681728579523,1.0997850556072014e-05
56,0.02011419704914723,1.0527696129954652e-09,1.947008662929145e-06,1.303376352666162e-07,1.0712455997405563e-05,5.2235944413415165e-05,0.0009462203486486415,1.0766069852576283e-06,7.5902963470982e-05,0.0008200256435834234,4.296599054022858e-11,9.345779551205376e-09,2.5743561245464356e-05,3.993286011758211e-08,6.043197473789632e-11,3.389963376662335e-05,0.12802349579868075,1.6264615303152807e-06,0.0021167303771097053,1.1188007295547728e-08,1.515107782958388e-06,3.836962468490188e-07,0.0016254371511622973,0.8461401844083314,8.473822784654492e-06
57,0.016254433679587923,6.99247808661531e-10,3.080539751526949e-06,9.473028339584128e-08,1.1925428225966494e-05,4.676277049950937e-05,0.0009296436685663862,1.0900243921705055e-06,6.663021044219682e-05,0.0009854431001352557,3.514308066830383e-11,1.1629145138495956e-08,2.941574877217826e-05,3.1147630104383314e-08,4.775236749705648e-11,3.657164320140621e-05,0.13762262044784232,1.0526988864686537e-06,0.0019013431666585125,1.2289284478818346e-08,1.937213136422477e-06,3.446945526568382e-07,0.0012485454529535115,0.8408525395215547,6.469412354364575e-06
58,0.015307818549389503,8.004696982371157e-10,1.4892088187059305e-06,9.117904958745044e-08,7.986552567179288e-06,4.356672155066271e-05,0.0007578751427780322,8.429116859479672e-07,5.4665495005643516e-05,0.0006952244707258515,2.7266545029563166e-11,7.337890095914998e-09,2.2184326649758843e-05,3.1845916839880084e-08,4.5629386579533144e-11,2.6726150085777764e-05,0.10609056317206876,1.3254245718393122e-06,0.0017746198350691302,8.691358454065223e-09,1.2296248138625885e-06,2.9110668542350235e-07,0.0013786843719639712,0.8738281710060228,6.596001966327986e-06
59,0.016396189790446394,7.80560072656802e-10,1.7744616581854273e-06,9.84917235928248e-08,8.745104056241202e-06,4.253577550862374e-05,0.0008248285065418346,8.854976473402425e-07,5.7173547678627015e-05,0.0007443823143178654,3.1224335397004105e-11,7.888480550541205e-09,2.370489988605924e-05,3.331297422622986e-08,4.621258993494959e-11,2.859571191338585e-05,0.11486890693542616,1.2910458180535469e-06,0.001762921071089273,9.81609914225634e-09,1.3491005101914505e-06,3.002739476079562e-07,0.0014159386418165624,0.8638135677064666,6.759247996512659e-06
60,0.020584917480370203,1.1642450039432647e-09,1.9887618364065262e-06,1.378060393599517e-07,1.1129959272603896e-05,5.470666614755916e-05,0.000960436391734572,1.0528042509591774e-06,8.162525378414513e-05,0.0008186234518032218,4.550730909522081e-11,9.508332815622363e-09,2.3742172243914346e-05,4.1252111092747127e-08,6.505068862828535e-11,3.428499525651597e-05,0.13294881519688326,1.6704835409410345e-06,0.0021811308320714385,1.099359498651085e-08,1.6261819613402344e-06,4.1536482745468185e-07,0.0017786641160126918,0.840505660678494,9.308374627491056e-06
61,0.017885087252609237,8.590577010800144e-10,1.8881700292084362e-06,1.0419087867674132e-07,9.43265143482733e-06,4.3808885885880107e-05,0.0008390551089816911,8.990445234892516e-07,6.213099491359907e-05,0.0007589803281191508,3.4470044223166703e-11,8.273426337783552e-09,2.3441682794328355e-05,3.635118278192827e-08,5.048133883485961e-11,2.9656052330163496e-05,0.11940640600518615,1.323227601083549e-06,0.001886539474311144,9.825572998933198e-09,1.4356631322579118e-06,3.1740748072577626e-07,0.0015077295061460083,0.8575342644840545,7.444475396756783e-06
62,0.020584917480370203,1.1642450039432647e-09,1.9887618364065262e-06,1.378060393599517e-07,1.1129959272603896e-05,5.470666614755916e-05,0.000960436391734572,1.0528042509591774e-06,8.162525378414513e-05,0.0008186234518032218,4.550730909522081e-11,9.508332815622363e-09,2.3742172243914346e-05,4.1252111092747127e-08,6.505068862828535e-11,3.428499525651597e-05,0.13294881519688326,1.6704835409410345e-06,0.0021811308320714385,1.099359498651085e-08,1.6261819613402344e-06,4.1536482745468185e-07,0.0017786641160126918,0.840505660678494,9.308374627491056e-06
63,0.021201835925377773,1.6849329569547255e-09,2.0352876409556593e-06,1.576045470416571e-07,1.1937889178396399e-05,6.306360664591738e-05,0.0009119256679724793,1.154183270142571e-06,9.429335338967875e-05,0.0008358800139782141,5.24002588452719e-11,9.883658777665088e-09,2.3273036613887712e-05,4.3969097266595675e-08,8.381092292067608e-11,3.516878257451126e-05,0.13532427585143214,1.9070399354413826e-06,0.002560658140305018,1.116567698832889e-08,1.751852990726919e-06,5.080644406910883e-07,0.0019505055849812004,0.8369685065296265,1.1094745522190278e-05
64,0.017423824942291936,1.1094322513630916e-09,2.4049031344515996e-06,1.272193192508863e-07,1.1635075033610633e-05,5.595532651616025e-05,0.0009049422005027684,8.917998999420573e-07,7.557142499408453e-05,0.0007772041431521742,4.42731605818995e-11,1.0693088801157618e-08,2.225558200031894e-05,4.277873650580445e-08,6.619066487148271e-11,3.545485120145561e-05,0.13904752470445694,1.535590817366086e-06,0.0019625066509460333,1.1727106080082029e-08,2.328368162941602e-06,3.987384571422373e-07,0.0020548491283853983,0.8376114487565735,9.074175327096921e-06
65,0.017267299333138694,1.2687963981257846e-09,1.8196229636468584e-06,1.382397099475297e-07,1.0769493863130793e-05,6.109467911899592e-05,0.0009232181747472237,9.231954801198402e-07,7.885595472342233e-05,0.0007562929783873725,4.274002414522259e-11,9.852313724041788e-09,2.0963954368572427e-05,4.237715051009774e-08,6.917467160736849e-11,3.329832174248954e-05,0.1284415153009221,1.7991141948570107e-06,0.0020162333086941823,1.103189720864541e-08,1.8512986075234847e-06,4.3105240776547435e-07,0.002043487062175961,0.8483298625059934,1.0081766688231401e-05
66,0.025576823480884456,1.68477146223132e-10,3.5021341351905974e-06,8.274258529540154e-08,1.582349771522421e-05,2.6386110008809873e-05,0.0010508869121507447,7.659493548244019e-07,4.457399789118896e-05,0.0011179314940355258,2.443802519548954e-11,5.458565385063344e-09,6.30780142167803e-05,2.4517454396275053e-08,1.1635250292063697e-11,3.801440869432103e-05,0.12357070721018769,7.124114022162602e-07,0.0015629191440906776,1.700566323645348e-08,1.0128437465253406e-06,9.79607586377221e-08,0.0008227879926406322,0.8461011957831981,2.6507260697369236e-06
67,0.012553282441692397,1.6700907152133048e-09,1.531564593350209e-06,1.5081180641782986e-07,9.33551184713725e-06,7.827119696641998e-05,0.0008370951166591491,6.905619951487069e-07,6.974136480877669e-05,0.0006341861249678635,4.102219420405163e-11,9.921502456172217e-09,1.5969648337902373e-05,4.392881379226122e-08,7.953916017463366e-11,3.1168297074624534e-05,0.129889222760134,2.1515643392091564e-06,0.001882660101185426,1.1026731154033221e-08,2.3253227311769384e-06,5.054645855990028e-07,0.00273379454751272,0.8512453922254956,1.245870556762094e-05
68,0.008179929946878007,1.310945077298103e-09,1.3875108462790377e-06,1.0825818610102648e-07,8.165204393387817e-06,0.0001050526476483611,0.0009282058686569659,1.2105522030660153e-06,7.020771707640448e-05,0.0006449407332273422,3.127539100341903e-11,1.6914259758067814e-08,1.9867474976751027e-05,3.219324213082247e-08,9.282216930541658e-11,3.4428646526520136e-05,0.10861488916167986,2.517704601958539e-06,0.0014974852457963143,1.316710019336557e-08,2.6296994146056787e-06,5.692347970935258e-07,0.0019152828884139103,0.8779649288267108,8.128968321528952e-06
69,0.021592820448435718,1.3139704330207309e-09,2.1046390592697513e-06,1.5222813702457917e-07,1.2453700923808368e-05,5.911297836267077e-05,0.001018083162021611,1.1151808253145397e-06,9.434256071792635e-05,0.0008694176430397242,5.48565473196339e-11,1.0275841088751303e-08,2.425352744494012e-05,4.54009517978019e-08,7.567007233587819e-11,3.534272295778036e-05,0.14257448269083328,1.890766350412105e-06,0.00224799534024401,1.2484099627954775e-08,1.794622770290324e-06,4.540050971214099e-07,0.002047412520151409,0.8294060121087995,1.0689548438659291e-05
70,0.024963119318253672,1.5240668566204485e-09,3.023649515670246e-06,2.4524046077136476e-07,1.6516203849303508e-05,8.349693919284604e-05,0.0013406732511702427,1.321388819636773e-06,0.00012431352934164346,0.001076075037419597,7.134014314485034e-11,1.2410198414729276e-08,2.8266598762405194e-05,4.784236750625858e-08,8.168908576914382e-11,5.333467477165996e-05,0.14327341312938488,2.0119981223914983e-06,0.0025096870422553035,1.628669982313415e-08,2.288553472260958e-06,5.414597953539716e-07,0.0022790371752953115,0.8242314890632069,1.106753054816501e-05
71,0.023355950251540906,3.366173447866099e-09,2.7647964302887147e-06,2.1648624948434755e-07,1.5437860449761234e-05,8.872134788854183e-05,0.0007943916112794341,1.160156646184381e-06,0.00011634426655946082,0.0007661137610483436,7.902093612679525e-11,1.2390255720209113e-08,2.236494133871103e-05,5.8561515309589245e-08,1.3560831125915811e-10,4.7911974079357175e-05,0.15565434433297232,2.958562758496557e-06,0.004035267143734237,1.2862629138859733e-08,2.739483177577971e-06,7.557325135081983e-07,0.002663286103476377,0.8124151915441631,1.3992248491134913e-05
