,0,1,2,3,4,5,6,7,8,9,10,11,12,13,14,15,16,17,18,19,20,21,22,23,24
0,0.0002574220430861713,1.2245941549211433e-07,0.008175250892330885,1.111592785314755e-05,1.236524728567911e-05,2.339632321612029e-06,2.627100430546112e-09,7.338796567649704e-11,0.00029235095707512437,1.9560179800608395e-05,8.652010918069526e-09,6.990472107722395e-08,2.637509607300083e-07,8.445717695322881e-07,9.293511435343039e-10,5.488484206786927e-06,1.3206833180644866e-05,1.6126054925128925e-06,3.279575078567743e-10,2.41062134280503e-07,6.736073064579182e-08,1.668328437489454e-10,0.004824974638315071,0.9863733903307862,9.300341893199779e-06
1,0.00013394548784788677,9.091701607344002e-08,0.006583922012719639,8.579039596117215e-06,8.659389876711344e-06,4.180895384366597e-06,2.618366297765007e-09,6.422125728242812e-11,0.0007702169960107507,4.251761770153183e-05,5.675793164981796e-09,3.8500377931083476e-08,2.2102143119007468e-07,1.1802209948930436e-06,1.3012377137665842e-09,5.712439351170927e-06,4.794033610623685e-06,1.8774442528860986e-06,5.132865268410518e-10,3.509346978964614e-07,5.933077020253984e-08,1.740724933455951e-10,0.0051800464658984845,0.9872423538311278,1.1243074356098622e-05
2,0.00013158937375851702,1.0585416492864681e-07,0.005748457805216649,8.208282543312038e-06,1.1159344413353676e-05,3.782366907661065e-06,2.783036359019159e-09,6.603391388208586e-11,0.0008329070998809091,3.591869822489619e-05,7.205510607225994e-09,4.8870640502421106e-08,2.1678416104367733e-07,1.4903510421429066e-06,1.7352210689336686e-09,4.993513397789295e-06,5.097236459563285e-06,1.4716703467629118e-06,4.6299312657253257e-10,3.6358332279061553e-07,5.7868147814397664e-08,2.211158031297196e-10,0.004900769195405578,0.9882983211321794,1.502849587539341e-05
3,0.00016467290107249143,1.0316109790261053e-07,0.006245733397132205,9.156916789652092e-06,9.5151570163298e-06,4.127861985033515e-06,2.757638441809072e-09,6.75455081173151e-11,0.0006760965470801298,3.536164507844352e-05,7.16433083690933e-09,4.727150330506455e-08,2.3796049021994325e-07,1.1732711114069557e-06,1.4324096368907427e-09,5.423279644345227e-06,6.279176776264e-06,1.7668630205880919e-06,5.019282341772131e-10,3.2210933468488303e-07,6.09745867249483e-08,2.1147855299750438e-10,0.005477795940887985,0.987349985187556,1.2128242505008373e-05
4,0.0001667678196569673,1.0813502137484373e-07,0.006257535759468378,9.322294606743951e-06,9.970882780217667e-06,3.6550917521694745e-06,2.820003156297535e-09,6.929915414445056e-11,0.0006694641513269085,3.403790072744043e-05,7.51459346101852e-09,4.796776401531801e-08,2.6851429511358847e-07,1.273705949525029e-06,1.3771637990865012e-09,5.031498897288535e-06,6.10412539573556e-06,1.843183446700691e-06,5.152770162829118e-10,3.397639426719892e-07,6.631198928234548e-08,2.273962020111479e-10,0.005076318228878127,0.9877462739212622,1.1558219106254158e-05
5,0.00015007506154794743,8.968214412852316e-08,0.006183882834624974,9.796232144376643e-06,9.189772801244924e-06,3.723640446442805e-06,2.6670469556894803e-09,6.331637591267314e-11,0.0006093202252102269,3.500196556528176e-05,6.197691892275819e-09,3.913686537455694e-08,2.424664071326429e-07,1.1060165655215848e-06,1.0784235448866796e-09,4.995621488833388e-06,5.657273267393856e-06,2.182750627101768e-06,4.827527957018212e-10,3.4241367555834437e-07,6.379406812049469e-08,1.6525082321681344e-10,0.005847993024600264,0.9871271302688372,9.157164630390148e-06
6,0.00016467290107249143,1.0316109790261053e-07,0.006245733397132205,9.156916789652092e-06,9.5151570163298e-06,4.127861985033515e-06,2.757638441809072e-09,6.75455081173151e-11,0.0006760965470801298,3.536164507844352e-05,7.16433083690933e-09,4.727150330506455e-08,2.3796049021994325e-07,1.1732711114069557e-06,1.4324096368907427e-09,5.423279644345227e-06,6.279176776264e-06,1.7668630205880919e-06,5.019282341772131e-10,3.2210933468488303e-07,6.09745867249483e-08,2.1147855299750438e-10,0.005477795940887985,0.987349985187556,1.2128242505008373e-05
7,0.0004909528273892564,1.4566547152922268e-07,0.011101203378144443,1.2813645008427128e-05,9.645509866355967e-06,5.247325368170573e-06,3.659420283330112e-09,1.267193005597547e-10,0.0006571813715600512,4.626502575449253e-05,1.3748273081534678e-08,6.28191728705547e-08,6.178100782459618e-07,1.1667524548955526e-06,1.7929185095467845e-09,6.4183686989186885e-06,8.40785145505251e-06,3.0391972718119387e-06,7.298854783758939e-10,4.280549712257585e-07,7.944000737984817e-08,4.297204294296455e-10,0.004795837704080194,0.9828500000025109,1.0466763798767677e-05
8,0.00043755785057089734,8.491759772374303e-07,0.006927741085660322,3.944471095619575e-05,2.0800796923485987e-05,6.406639108612038e-05,1.2018864018301408e-07,1.1417106898063849e-09,0.0040956913127822535,0.00016231199587578938,5.688534748271239e-08,3.8460617542135495e-07,2.1764937411752845e-06,4.11207684523805e-06,9.913666448181595e-09,3.292707973467431e-05,2.0679823140331863e-05,2.2378884923441838e-05,2.3176809664644703e-08,1.2042917854235597e-06,6.450261050128741e-07,4.0510392785788605e-09,0.015425205353998649,0.9727090854775547,3.252220894975469e-05
9,0.002855490985733889,4.455052127369045e-07,0.007982891645998295,3.642135400629084e-05,4.333905230629653e-05,8.028545575775141e-05,1.1988004455348107e-07,7.61184624067556e-10,0.0023243965989495994,3.497656993141573e-05,1.5635887263455972e-07,8.015766018132363e-07,2.572379090178088e-06,1.3160170630954347e-06,1.2710239144373496e-08,1.7343913335951038e-05,4.223790831982594e-05,1.104809629753547e-05,7.50768975786705e-09,5.242316733301091e-07,3.24888459298713e-07,5.5060872798847835e-09,0.01517504168857123,0.9713601885080996,3.0050900474201872e-05
10,0.00016467290107249143,1.0316109790261053e-07,0.006245733397132205,9.156916789652092e-06,9.5151570163298e-06,4.127861985033515e-06,2.757638441809072e-09,6.75455081173151e-11,0.0006760965470801298,3.536164507844352e-05,7.16433083690933e-09,4.727150330506455e-08,2.3796049021994325e-07,1.1732711114069557e-06,1.4324096368907427e-09,5.423279644345227e-06,6.279176776264e-06,1.7668630205880919e-06,5.019282341772131e-10,3.2210933468488303e-07,6.09745867249483e-08,2.1147855299750438e-10,0.005477795940887985,0.987349985187556,1.2128242505008373e-05
11,0.00016654614005607836,9.930752539964047e-08,0.006016374883376236,8.811176717258813e-06,9.52131042809131e-06,3.7007454693513222e-06,2.7514860326201714e-09,6.50629418219465e-11,0.0006397958424678026,3.169220102389286e-05,7.237721297772654e-09,4.725867146061762e-08,2.5453010424231955e-07,1.118336101425641e-06,1.3738868142902998e-09,5.112375862988051e-06,5.978912379776162e-06,1.7049419182310502e-06,4.892395935389311e-10,3.227215503504759e-07,6.070078816859632e-08,2.1511657289493184e-10,0.004969647023492638,0.9881278057120437,1.1393747509850186e-05
12,7.256074759893324e-05,4.159084065552295e-08,0.004266488494798886,3.6624680137785186e-06,2.0356806537403595e-05,3.0645796029543196e-06,1.4824939725928905e-09,2.516043737366365e-11,0.0005644904459362544,1.7403864000474473e-05,5.020988260091307e-09,2.709309341926424e-08,8.703349089505748e-08,9.627896569627763e-07,7.382343057305253e-10,2.3511670325012503e-06,4.808189910869297e-06,7.045614965557093e-07,1.3255516993062736e-10,2.934077395612356e-07,4.7422267375627754e-08,1.0155106941151745e-10,0.005146846257810791,0.9898842478542327,1.15477249557884e-05
13,0.0002771580913663803,1.962804383034363e-07,0.006892425829618437,9.657613086795327e-06,1.557240030312123e-05,3.0312309942429666e-06,3.918949599258269e-09,1.413459312868802e-10,0.0008119219515592114,2.728855979004105e-05,1.9620994716726175e-08,1.518654277795177e-07,3.685888637718659e-07,2.6177805916506477e-06,2.812311645898022e-09,5.600685155095216e-06,9.291022278013464e-06,1.5172049446133448e-06,5.650822791717354e-10,3.434727957044578e-07,8.077934797924132e-08,5.955901288742517e-10,0.0037373597034563474,0.9881778119518986,2.757733380975497e-05
14,0.00015808334948589928,1.124076480563742e-07,0.006068617088277996,9.531291699364503e-06,9.764178601729714e-06,3.827184456631137e-06,2.620217266790476e-09,6.545260088941624e-11,0.0006415652812399074,3.6650802935861676e-05,7.126345160923127e-09,4.3654826238343954e-08,2.464701887218438e-07,1.1963344093416726e-06,1.3194364428917717e-09,5.08867432541428e-06,6.3910118503879215e-06,1.8651932656445677e-06,5.382841750514165e-10,3.18981429319597e-07,6.618467747274194e-08,2.101971422174836e-10,0.005415228409019601,0.9876303263332958,1.106528843376573e-05
15,0.00016467290107249143,1.0316109790261053e-07,0.006245733397132205,9.156916789652092e-06,9.5151570163298e-06,4.127861985033515e-06,2.757638441809072e-09,6.75455081173151e-11,0.0006760965470801298,3.536164507844352e-05,7.16433083690933e-09,4.727150330506455e-08,2.3796049021994325e-07,1.1732711114069557e-06,1.4324096368907427e-09,5.423279644345227e-06,6.279176776264e-06,1.7668630205880919e-06,5.019282341772131e-10,3.2210933468488303e-07,6.09745867249483e-08,2.1147855299750438e-10,0.005477795940887985,0.987349985187556,1.2128242505008373e-05
16,0.00026919471384640755,1.780141660082413e-07,0.006957547279952696,1.1982275415664145e-05,1.1384991171445075e-05,5.161964893348857e-06,4.07826136887844e-09,1.316614746489566e-10,0.0008713824385810178,4.381790910558793e-05,1.2685066260458266e-08,1.008061889047643e-07,3.3898707359830735e-07,1.9087876467502888e-06,2.5395473809062983e-09,7.716189550121303e-06,9.104876853355568e-06,2.376022811076857e-06,7.946077669468811e-10,3.533196238952906e-07,7.909024040852354e-08,4.697394492887681e-10,0.005558124753617914,0.9862292070984008,2.0019781977011118e-05
17,0.00016181503084649316,8.384243345152392e-08,0.005612063668100538,7.286296442016613e-06,1.2546810323541851e-05,2.6567911837929016e-06,2.768518927047989e-09,5.812231765240516e-11,0.0005704040696367565,2.04191495518238e-05,7.675705487514818e-09,5.249782756201542e-08,2.3825811983832812e-07,1.2623094915980705e-06,8.457413117100105e-10,3.514906150507049e-06,6.275934050406858e-06,1.595154093262996e-06,3.293753200098536e-10,2.8378635731227055e-07,7.243886231139636e-08,2.0039012701605154e-10,0.004682232340306735,0.9889072139827588,9.970855609841425e-06
18,0.00011545630672033805,9.849080299319035e-08,0.005035191373918716,6.21940830421414e-06,9.303686254835174e-06,3.588434321399653e-06,2.7117292711527613e-09,6.171205199079094e-11,0.0006485868183866868,2.994712093015843e-05,6.91810274277082e-09,5.652082945727157e-08,1.73581449215012e-07,1.4488454586233427e-06,1.7037354867251505e-09,6.4766926155745265e-06,7.32143542843904e-06,1.3320499363364766e-06,5.196338138857318e-10,3.053183190909113e-07,7.347874995639963e-08,2.363752975503039e-10,0.005426353547890078,0.9886891039137422,1.895082465302802e-05
19,0.0001311710198719603,1.1449913348280062e-07,0.005375081995412205,1.1016901761117952e-05,1.1236966667337116e-05,5.075155626586268e-06,2.839544560159757e-09,6.341260606575664e-11,0.0009113744652972197,3.9944379051744286e-05,6.45972389849166e-09,5.157690624961756e-08,2.1394417265009838e-07,1.2482025423897638e-06,1.7862256369940355e-09,5.102512548418338e-06,5.140247284521292e-06,1.5040379884007009e-06,4.95531771229504e-10,3.348342462584934e-07,4.5050519184656405e-08,2.3007439014253405e-10,0.005029428003914593,0.9884587002581331,1.3204074409660073e-05
20,0.00019057289214902438,1.5154296969693076e-07,0.0059810460750840564,1.1386987135313848e-05,1.1066738122038455e-05,4.947057609260393e-06,3.671134243299985e-09,9.382482282399841e-11,0.000942346748167797,4.3538954563952997e-05,1.0109437600083248e-08,5.960621525424141e-08,3.395725040517451e-07,1.6733586252765792e-06,2.2364450346674854e-09,5.381733110401771e-06,6.260580262030546e-06,2.0083938388201193e-06,7.479767663797502e-10,3.970370654689959e-07,7.029420027252149e-08,3.9104036247027003e-10,0.0051817789078541085,0.9876018281823447,1.5128088319739415e-05
21,0.0002181565021937476,8.886230327803382e-08,0.007885844363476504,8.176175705701646e-06,8.841774797032306e-06,2.2739574465718736e-06,2.377850092474382e-09,7.703716542497597e-11,0.00044862075470752965,2.558908542486329e-05,7.568550991152914e-09,5.7388900485110605e-08,2.8646624785784457e-07,1.2515372297952378e-06,8.127056516273276e-10,5.32091761368503e-06,6.968831504916148e-06,2.273602825191819e-06,3.5485933863127666e-10,3.120471567464501e-07,7.341009504591598e-08,1.7938590872841592e-10,0.004397759328356477,0.9869787249057869,9.368717838706822e-06
22,0.0002947225495873723,1.428355081577171e-07,0.011943564671288867,1.2761677681264895e-05,1.0292565015000438e-05,5.489314068783677e-06,3.04334936861207e-09,1.2344810062850756e-10,0.0005226018299948845,5.9218454739858576e-05,9.834226697463606e-09,4.897122841299245e-08,3.350023580834033e-07,1.4777530159944823e-06,1.2703971048101642e-09,7.73398455612755e-06,1.4044608122711064e-05,3.611589268395598e-06,6.813521138057382e-10,4.2564847383006436e-07,1.1769658031847198e-07,2.6270554722761504e-10,0.008650939080747252,0.9784615333601934,1.092319209214983e-05
23,0.00016467290107249143,1.0316109790261053e-07,0.006245733397132205,9.156916789652092e-06,9.5151570163298e-06,4.127861985033515e-06,2.757638441809072e-09,6.75455081173151e-11,0.0006760965470801298,3.536164507844352e-05,7.16433083690933e-09,4.727150330506455e-08,2.3796049021994325e-07,1.1732711114069557e-06,1.4324096368907427e-09,5.423279644345227e-06,6.279176776264e-06,1.7668630205880919e-06,5.019282341772131e-10,3.2210933468488303e-07,6.09745867249483e-08,2.1147855299750438e-10,0.005477795940887985,0.987349985187556,1.2128242505008373e-05
24,0.00014715074579516008,1.5425826502088268e-07,0.005934448155689098,1.3002762240012623e-05,9.749693151153536e-06,3.91143406106622e-06,2.9971568377486067e-09,8.114882378981628e-11,0.0007129713418894991,4.684589322222349e-05,7.1810997748107236e-09,4.584260524845419e-08,2.64502456239138e-07,1.5392152327360888e-06,1.5152629764897507e-09,5.631727227237498e-06,7.13982115338013e-06,2.364868073028077e-06,7.648888273490921e-10,3.3291919069544975e-07,7.726946998243382e-08,2.3851427503207636e-10,0.006232069451643651,0.986870632133357,1.1655187206036037e-05
25,0.0002250429319356495,1.0616769098192933e-07,0.008725179664370572,1.1458538684829785e-05,1.3544037361549155e-05,4.084987800952044e-06,4.448553275705277e-09,1.5736782125076926e-10,0.0006628101724034837,3.4541719826327336e-05,1.1284060989151242e-08,7.629698967022983e-08,3.2774726856049086e-07,1.818883485679341e-06,1.0075208984772593e-09,6.105091896394171e-06,8.208392184721207e-06,3.6595466985482286e-06,4.925901878499451e-10,4.722475432494983e-07,1.060838991485237e-07,2.4627472618046746e-10,0.00669664504728109,0.9835946692799344,1.1125526376148458e-05
26,0.005237497372559683,9.805637083411558e-05,0.04011174978367722,0.0004083384651907432,5.9359566230565926e-05,0.00039410922220500344,3.648980712751009e-07,1.3216436892523543e-07,0.01369204221501115,0.0035905048524579666,2.5339042921590943e-06,3.300212900996493e-05,1.0944742756978924e-05,0.0001619852481576581,4.810767241013586e-06,0.0010145582393154898,0.0007918642176900553,2.1975632227810386e-05,5.760699128062898e-07,3.6292212192005244e-06,2.1458707969833354e-06,1.0771834874330782e-06,0.01495410869637683,0.9144834106838898,0.0049212224830190955
27,0.00026044177594330015,1.480247241278402e-07,0.019003082898265855,1.3508926935465535e-05,9.459342773431252e-06,2.7611925771144464e-06,2.714420353807391e-09,7.135127795206042e-11,0.00013942307716641828,4.5313014192374596e-05,8.192325979094945e-09,4.2491688620779694e-08,3.246641009513553e-07,9.97044758343584e-07,7.452484599776691e-10,1.237230675460985e-05,4.106499364558918e-05,4.691276452216625e-06,6.120433133746957e-10,4.51062571980105e-07,1.7862982095242014e-07,7.995304819192459e-11,0.013112831698639247,0.9673446982118713,8.196951775757378e-06
28,0.00016467290107249143,1.0316109790261053e-07,0.006245733397132205,9.156916789652092e-06,9.5151570163298e-06,4.127861985033515e-06,2.757638441809072e-09,6.75455081173151e-11,0.0006760965470801298,3.536164507844352e-05,7.16433083690933e-09,4.727150330506455e-08,2.3796049021994325e-07,1.1732711114069557e-06,1.4324096368907427e-09,5.423279644345227e-06,6.279176776264e-06,1.7668630205880919e-06,5.019282341772131e-10,3.2210933468488303e-07,6.09745867249483e-08,2.1147855299750438e-10,0.005477795940887985,0.987349985187556,1.2128242505008373e-05
29,0.00016467290107249143,1.0316109790261053e-07,0.006245733397132205,9.156916789652092e-06,9.5151570163298e-06,4.127861985033515e-06,2.757638441809072e-09,6.75455081173151e-11,0.0006760965470801298,3.536164507844352e-05,7.16433083690933e-09,4.727150330506455e-08,2.3796049021994325e-07,1.1732711114069557e-06,1.4324096368907427e-09,5.423279644345227e-06,6.279176776264e-06,1.7668630205880919e-06,5.019282341772131e-10,3.2210933468488303e-07,6.09745867249483e-08,2.1147855299750438e-10,0.005477795940887985,0.987349985187556,1.2128242505008373e-05
30,0.00016467290107249143,1.0316109790261053e-07,0.006245733397132205,9.156916789652092e-06,9.5151570163298e-06,4.127861985033515e-06,2.757638441809072e-09,6.75455081173151e-11,0.0006760965470801298,3.536164507844352e-05,7.16433083690933e-09,4.727150330506455e-08,2.3796049021994325e-07,1.1732711114069557e-06,1.4324096368907427e-09,5.423279644345227e-06,6.279176776264e-06,1.7668630205880919e-06,5.019282341772131e-10,3.2210933468488303e-07,6.09745867249483e-08,2.1147855299750438e-10,0.005477795940887985,0.987349985187556,1.2128242505008373e-05
31,0.00027930418501992264,1.269019310793388e-07,0.010620337218061193,1.072641064896394e-05,9.247884974818692e-06,3.962758844310379e-06,2.9975994030834583e-09,1.1756583698649696e-10,0.0005763719453651269,4.444236073775215e-05,8.801993631181448e-09,5.4390063394518535e-08,3.23514560075709e-07,1.4288356710343441e-06,1.1870400727976077e-09,7.23689398679187e-06,9.387047509704753e-06,2.8837109095249276e-06,5.262277488100698e-10,3.8352385223128026e-07,8.918106761382502e-08,2.3849418576954256e-10,0.0063060391004255935,0.982116220426568,1.1419840881888648e-05
32,0.0001569307376050904,1.0424060685082908e-07,0.005932280247232689,9.29807828034872e-06,9.356452427757152e-06,4.213794293220189e-06,2.9178275595716358e-09,6.701583116664914e-11,0.0006719510363055758,3.575790759441482e-05,7.180458453551918e-09,4.603998453058061e-08,2.4590701405508846e-07,1.1391594594484582e-06,1.5071759783023696e-09,5.517503997113329e-06,6.250907916454032e-06,1.8004000593331813e-06,5.760844655630184e-10,3.2516482618152955e-07,6.465845881357338e-08,2.1668372256012614e-10,0.005542397228285979,0.9876103239690356,1.1984101370511268e-05
33,0.00023746850539735343,1.2909424580599155e-07,0.006344785029283599,1.086344381684468e-05,8.957427423833319e-06,3.1955999176719317e-06,3.2457520266926875e-09,9.068625105243613e-11,0.0004494746237306155,2.645639992509549e-05,9.799900515418198e-09,7.030735236578299e-08,3.395330820592413e-07,1.0893385116446983e-06,1.2133721550565708e-09,6.147962775235699e-06,9.603157052393408e-06,2.263183540376876e-06,6.011649154734799e-10,2.897866698775447e-07,7.765923209228347e-08,2.7678506089023287e-10,0.0049109456234141,0.9879772633177575,1.056477921056985e-05
34,0.00038756424564231515,7.29070005964244e-08,0.0076840611159220825,9.001589165952464e-06,8.312690698949167e-06,3.3250543703197554e-06,2.8972464994152638e-09,6.773074115866415e-11,0.0005587132756328463,2.6093357348976387e-05,8.727262381027587e-09,4.222871397094279e-08,4.1647904886508933e-07,7.123790913892226e-07,1.2018933439798605e-09,4.314883795592586e-06,5.0136557293722115e-06,2.1511361874148498e-06,5.021403972702507e-10,2.642724722333319e-07,5.804334019941248e-08,2.2428661652640543e-10,0.004279484655559753,0.9870226557715793,7.728638139760155e-06
35,0.00017604640810381554,1.0364644944451188e-07,0.006334376903464504,9.244528873798917e-06,9.264682760157312e-06,4.227152175422912e-06,2.8146791174250197e-09,7.11162540083879e-11,0.0006833556359559028,3.594936672821141e-05,7.322214041771161e-09,4.8658439589973465e-08,2.4717043631089085e-07,1.156331907584276e-06,1.4106818023993032e-09,5.610381021679357e-06,6.317998658509367e-06,1.8725961302447953e-06,5.192550472040762e-10,3.1886675687482466e-07,6.129833065882603e-08,2.204567056435001e-10,0.0054358612773061825,0.9872839733109281,1.195142716997916e-05
36,0.0003389895684566517,2.5214643019084363e-07,0.009128710730938615,1.750273028059774e-05,9.287531144662506e-06,7.890386271477302e-06,6.250344880727325e-09,2.1765465894054756e-10,0.0012426195686669134,7.289567222280075e-05,1.2296433050294681e-08,1.1581099539541543e-07,4.6200036870081854e-07,2.304840758840051e-06,2.7849443670901084e-09,1.2393697382594552e-05,1.1824348480526766e-05,4.1219659024942995e-06,1.266937919801861e-09,4.476703638826317e-07,8.853300496538218e-08,6.364590232503182e-10,0.007060077184983626,0.9820699749143569,2.0017246216294977e-05
37,0.00013384403894908066,1.9445744371410453e-06,0.0067306537688431286,9.98539755541491e-05,1.2884649060379217e-05,0.00013808520212567677,1.5341927621292108e-08,8.936998956974959e-10,0.004042966587630476,0.0007679062919569524,2.435027692555618e-08,2.3167181076087203e-07,2.846097500556895e-07,5.505206156244947e-06,8.751628936252324e-08,8.069725877895355e-05,4.521986143709475e-05,3.6570598473126947e-06,1.3662927051874115e-08,1.07767679907093e-06,9.538572336132311e-08,2.5567013984127633e-09,0.036952187424680635,0.9508216507174221,0.00016110971721518358
38,0.0001411082340022425,1.0666577694179017e-07,0.005691728311798235,8.508832630248439e-06,1.0488738373053826e-05,3.133978668883535e-06,2.262794241914127e-09,5.914142294757105e-11,0.0006968013913052642,3.098943496647187e-05,6.845645345765164e-09,4.7727748849682825e-08,2.0544284369542684e-07,1.3500854725631147e-06,1.289301918032093e-09,4.314660462762307e-06,5.602255383462154e-06,1.4111086920681227e-06,3.8916505548223664e-10,2.914416768312968e-07,5.342368121238913e-08,1.976111364341435e-10,0.0047694581087745925,0.988621736955528,1.2652158555539061e-05
39,0.00029415727621174594,1.1193674414077516e-07,0.008872949355556565,1.0152717749066423e-05,9.517103270187946e-06,7.916140319975684e-06,5.334713270915687e-09,1.7878164144115314e-10,0.0006328404115983848,3.8146959398436736e-05,1.2509113665280129e-08,1.0037562069423675e-07,3.117780879083488e-07,1.1588468943394498e-06,1.8000487297913792e-09,1.1600046573587681e-05,1.2457438774969443e-05,2.89106406652185e-06,7.246143377977719e-10,4.052196013866266e-07,9.543570630111507e-08,3.6568548990785924e-10,0.007293861689399862,0.98279473726006,1.6568031408906293e-05
40,0.00016385620320810717,1.0298247031562973e-07,0.006229266130337077,9.160564609963738e-06,9.486231795049799e-06,4.121587248557648e-06,2.7548962093227897e-09,6.741636712172503e-11,0.0006751558903051444,3.540624683424317e-05,7.130703766643869e-09,4.7007135820250135e-08,2.374728477116519e-07,1.1706960793144662e-06,1.4265746319375921e-09,5.4242173038840435e-06,6.263722370429997e-06,1.7719933279366452e-06,5.031952666455819e-10,3.2197198870286183e-07,6.101532449294592e-08,2.1037560234954115e-10,0.005486396431080612,0.9873596618329707,1.2075709600128242e-05
41,0.00016653265683771356,9.842211946416025e-08,0.006117607878325916,9.660609644099062e-06,1.0453583559489046e-05,4.707908061967743e-06,2.706301837668961e-09,6.4050476806827e-11,0.0007768208308326285,3.616625542046504e-05,7.1341074067392546e-09,4.812864898806131e-08,2.2216796395728409e-07,1.093787003555217e-06,1.6181052834353733e-09,5.022483759316718e-06,5.472019601306828e-06,1.5523157272866276e-06,4.5903926835268734e-10,3.092356344163006e-07,4.881199137971623e-08,2.0698542156289634e-10,0.005288091280617638,0.987563496727758,1.2582707902995338e-05
42,0.000229916016767689,1.7501748935074323e-07,0.0060968589953341,1.095476119600603e-05,9.606778125346835e-06,6.236137074683668e-06,4.287411365243727e-09,1.0780584437718965e-10,0.000792612856741624,4.007984492755553e-05,1.0782910855293867e-08,7.847973500367826e-08,3.6196892684243623e-07,1.098307258468334e-06,2.4383985246886973e-09,8.290203285407432e-06,9.128642221521981e-06,1.7860758916265624e-06,9.282320619469876e-10,3.411079889522713e-07,6.710928745885565e-08,4.941243853750546e-10,0.004507488385799424,0.9882687791093601,1.6121163705724226e-05
43,0.00014818113457924667,1.1391567838909738e-07,0.007382786462241797,1.1376519766987768e-05,9.971940845849295e-06,9.779557599689802e-06,3.1669434011289333e-09,1.0204255888456992e-10,0.001031007907962545,8.049225144237431e-05,7.246497653148948e-09,3.737943660527858e-08,2.209740493928154e-07,1.3499849597771665e-06,2.339891046350086e-09,7.857182407173216e-06,6.3009646027711325e-06,2.445676003139846e-06,8.340901143654866e-10,4.789760201014055e-07,7.255399989026597e-08,2.651938421319106e-10,0.008034549714245134,0.9832583152864488,1.464766305176966e-05
44,0.00016467290107249143,1.0316109790261053e-07,0.006245733397132205,9.156916789652092e-06,9.5151570163298e-06,4.127861985033515e-06,2.757638441809072e-09,6.75455081173151e-11,0.0006760965470801298,3.536164507844352e-05,7.16433083690933e-09,4.727150330506455e-08,2.3796049021994325e-07,1.1732711114069557e-06,1.4324096368907427e-09,5.423279644345227e-06,6.279176776264e-06,1.7668630205880919e-06,5.019282341772131e-10,3.2210933468488303e-07,6.09745867249483e-08,2.1147855299750438e-10,0.005477795940887985,0.987349985187556,1.2128242505008373e-05
45,0.00014808752305535807,8.566052246169025e-08,0.004922966242839748,1.047050969465322e-05,1.0193554082340745e-05,6.4364383930358944e-06,4.001699831848867e-09,6.552484193576267e-11,0.0009277972066409867,3.346823682876258e-05,6.948518118780054e-09,5.188804189803742e-08,2.4568967027082597e-07,8.257942517587662e-07,2.335372529512248e-09,5.805737807228325e-06,4.208102312894679e-06,1.4447822578563537e-06,5.881427524295487e-10,3.5213791681966075e-07,3.996025484151659e-08,2.2501268675192134e-10,0.00498348483934174,0.9889310547128383,1.2966818978251024e-05
46,9.556541228885068e-05,7.49884114411908e-08,0.005048084280489787,8.082963656793343e-06,8.735193884148577e-06,4.136420093220931e-06,2.5020368331075078e-09,5.317166625297601e-11,0.0010673360377133484,4.439468052425458e-05,4.8195401100571705e-09,2.83444471261877e-08,1.928626697441561e-07,1.3375096152735378e-06,1.1910737294037227e-09,4.053075192387347e-06,2.7003183728676336e-06,1.890172885193988e-06,4.8322092859506e-10,3.6288627162039913e-07,5.2112648681942704e-08,1.4526111968701416e-10,0.005300594479523568,0.9884022419814769,1.0127085530643237e-05
47,7.290976162049347e-05,5.7168744074295065e-08,0.006940415963172608,1.0961844772351593e-05,1.2033215441420668e-05,5.291447277836392e-06,2.4408465544162656e-09,4.833286151668968e-11,0.0007309162481828707,4.881198857214039e-05,4.543220621437197e-09,2.082951942113861e-08,1.2679965839274702e-07,1.5219371353484303e-06,9.742547617448218e-10,3.3073977150089914e-06,4.582704866490563e-06,2.209287842400413e-06,3.9799308465623504e-10,3.821852375775047e-07,8.455656533525931e-08,7.262526878390133e-11,0.012313818945150132,0.9798434551147673,9.084126485754533e-06
48,9.185116458381419e-05,3.2480991513466064e-08,0.004302547665179336,4.778595592660976e-06,7.922849281398378e-06,2.7176921158330697e-06,1.857996819924549e-09,3.019339806264596e-11,0.0007331506500918214,1.7786280409512893e-05,4.161029293292809e-09,3.19428691632819e-08,1.5157566116305153e-07,7.548534957342117e-07,8.674062666707999e-10,3.0099025792035127e-06,1.8530190568802315e-06,9.769023085555118e-07,1.9382205728791022e-10,2.7939934988372583e-07,2.869111869263095e-08,9.230760681262189e-11,0.0032937781730520096,0.9915294119497222,8.92900978522149e-06
49,0.0001925138449964504,9.053839686185439e-08,0.007235408755544519,9.111655139567853e-06,1.0400366030685529e-05,5.004638964653721e-06,3.0056458593710553e-09,7.564788854883392e-11,0.000683616468396441,3.1901752515396545e-05,7.879584728175626e-09,5.791057566470112e-08,2.511292153085828e-07,1.106380115723104e-06,1.2594883324511998e-09,5.591910392408466e-06,6.587473384843521e-06,1.832785785944927e-06,3.835422367891559e-10,3.5829720741399133e-07,5.684541714151834e-08,2.1372789933766144e-10,0.005553158847318171,0.9862513022396311,1.1635343334532911e-05
50,0.0001998460238159179,1.56757914786927e-07,0.007973477993882308,1.2085668059887492e-05,1.0991139901144187e-05,6.086580869567684e-06,3.9268382806074875e-09,1.2169554563489096e-10,0.0009885460012917134,6.156536183135432e-05,9.599260430234475e-09,6.007510153083284e-08,3.0680139537447914e-07,1.8381455918824342e-06,2.269967898752713e-09,7.3807578707300666e-06,7.519841473894637e-06,2.549523936581888e-06,8.861418606124523e-10,4.1676265368094e-07,8.754152164437629e-08,3.5418244312017823e-10,0.006340775214005851,0.9843695851313552,1.670751944051892e-05
51,0.0003831605731527099,1.235943619533518e-06,0.010771157904613703,4.909276562170611e-05,1.6403559950794095e-05,4.162543422533817e-06,4.6643180501496776e-09,4.0035342647017915e-10,0.0013390780645988558,0.00012598808206510422,2.1613259929044708e-08,1.699669077990788e-07,7.860173054476053e-07,6.494930047424833e-06,4.461955410455414e-09,9.137825000904583e-06,1.3328164388722156e-05,4.833809182228675e-06,1.8169183058090918e-09,5.432139695614022e-07,1.0585156728131545e-07,1.1268818928893256e-09,0.005264238591926843,0.9819853384091776,2.4709699794288127e-05
52,0.0001385551696029929,9.873548134901515e-08,0.0057065944004735325,7.342459852296623e-06,1.1519511320370216e-05,2.9375826140347536e-06,2.6777950956915124e-09,5.480670398844198e-11,0.0005705250466908038,2.180476303641336e-05,7.300163285216845e-09,5.631819427402822e-08,1.9670866918274731e-07,1.209078005048563e-06,1.2181005927484576e-09,4.340505852490296e-06,6.972618584177604e-06,1.1385667019379168e-06,3.4067114915977845e-10,2.677249733185736e-07,6.204300111850467e-08,1.873080104162575e-10,0.0048287892908496196,0.9886839416795452,1.3636017706970475e-05
53,0.0001497070169210218,8.786810420120824e-08,0.0057180652159970115,8.600693634671203e-06,1.0329915886547585e-05,5.929000170630197e-06,4.764173385167933e-09,8.699819474426753e-11,0.0009390833454953619,3.049613516416706e-05,8.06674320903723e-09,7.229381321428742e-08,2.1938242543264585e-07,1.3797152076115816e-06,1.8425245617860986e-09,6.756871861977407e-06,5.944554007283599e-06,1.82335839786812e-06,4.7710183987543e-10,3.9040536755450847e-07,6.019361385568125e-08,2.2714909891840803e-10,0.006844852680256982,0.9862592046678358,1.698122114857576e-05
54,0.00012476259988129454,1.55937917647993e-07,0.005472681561367414,7.044738979620776e-06,1.0295617177482493e-05,3.541526560334814e-06,2.7464959498408433e-09,7.85840590248845e-11,0.0010543369835562355,3.962526949094246e-05,7.554295225752671e-09,7.824287890567345e-08,1.9066780482421955e-07,1.986286895115841e-06,2.6307675734838446e-09,7.441888925151937e-06,5.613870123068201e-06,1.1113312633878545e-06,4.961281598629181e-10,3.4076636998415224e-07,4.90990076354244e-08,3.1581108218486526e-10,0.003800889566103909,0.9894429658260675,2.6874397547478742e-05
55,0.0003088235343560655,4.0727507362704187e-07,0.016890626953806075,2.053689061395532e-05,9.931488898795058e-06,1.0356827146804684e-05,3.008103307296869e-09,1.8475727093659198e-10,0.0006427533956765629,0.0001903312331254604,1.1553164614447127e-08,3.502230142154126e-08,3.7944339621760896e-07,2.469181624379481e-06,3.965786465625718e-09,1.361273979309262e-05,2.856170144775235e-05,4.007207322568799e-06,1.6907768225433005e-09,6.60655398440511e-07,1.7977177700513685e-07,4.854214717193501e-10,0.01498012685172017,0.9668760080534783,2.0170885033225094e-05
56,0.00016922691903382682,1.0333370396221765e-07,0.006153657655343787,9.124166176779115e-06,9.60498292225433e-06,4.012109297258436e-06,2.824265109326043e-09,6.791970549554895e-11,0.0006651516543461349,3.382717372645962e-05,7.407073095712543e-09,4.8162723873049975e-08,2.51856744750801e-07,1.1556535211281214e-06,1.4236925310447175e-09,5.2929518977197115e-06,6.221547538791166e-06,1.7700445437958646e-06,5.095449511591439e-10,3.2448902379107855e-07,6.202602994883397e-08,2.1998781702559864e-10,0.005280272171249888,0.9876480575550277,1.1823094665089752e-05
57,0.00015753657773460278,1.4285831311990314e-07,0.0056629403438537744,9.141915260599084e-06,9.24371083664525e-06,3.2637689642643036e-06,3.0850155404903106e-09,7.492801688946483e-11,0.0006330259338167263,3.44552159671552e-05,8.027398407095874e-09,5.6326474512078344e-08,2.907672669975857e-07,1.2917468343555354e-06,1.6281573996025026e-09,6.108830351857913e-06,7.225538332380229e-06,1.7306973317384429e-06,7.859193450891255e-10,2.982612819167557e-07,8.131047553901263e-08,2.9033596168727174e-10,0.0043889151481993445,0.9890708197223317,1.3417434618252402e-05
58,0.00011722890362016968,7.373336639781958e-08,0.004624180005818985,7.030032117464447e-06,8.900468257780903e-06,2.975588957532375e-06,2.256079859418784e-09,4.341995387654464e-11,0.0005658588492817988,2.4233737192807182e-05,5.579584281396066e-09,3.658577940504502e-08,1.9952540230939e-07,8.711916629802619e-07,1.1011616571090134e-09,4.1088666751689645e-06,4.45494641130793e-06,1.2956148692468237e-06,3.9408246518368576e-10,2.800788021472423e-07,5.042159995073728e-08,1.5217375419562825e-10,0.0043700230700865275,0.9902585430770422,9.645776553708973e-06
59,0.00012229667845773518,7.754995060476728e-08,0.005271310242041169,7.093075873983164e-06,8.9377203505101e-06,3.0111132203030747e-06,2.190221298634223e-09,4.6229969534943705e-11,0.0005603163391623237,2.6877021036846192e-05,5.549489040475223e-09,3.61426171857304e-08,1.984164723236216e-07,9.433446757821197e-07,1.0605135240186042e-09,4.363591005533259e-06,4.877123026576036e-06,1.3775247082665272e-06,3.838051136633944e-10,2.9034379587427087e-07,5.406509987795167e-08,1.5021701636072122e-10,0.004544359314933318,0.9894336982339879,9.872779107953608e-06
60,0.00016467290107249143,1.0316109790261053e-07,0.006245733397132205,9.156916789652092e-06,9.5151570163298e-06,4.127861985033515e-06,2.757638441809072e-09,6.75455081173151e-11,0.0006760965470801298,3.536164507844352e-05,7.16433083690933e-09,4.727150330506455e-08,2.3796049021994325e-07,1.1732711114069557e-06,1.4324096368907427e-09,5.423279644345227e-06,6.279176776264e-06,1.7668630205880919e-06,5.019282341772131e-10,3.2210933468488303e-07,6.09745867249483e-08,2.1147855299750438e-10,0.005477795940887985,0.987349985187556,1.2128242505008373e-05
61,0.0001278457211281023,7.307563511537078e-08,0.005447946876118805,7.036996624871652e-06,8.91977491768934e-06,2.9648535326149122e-06,2.1600490843287675e-09,4.671622416794842e-11,0.0005675390429371506,2.6447570282706975e-05,5.5101251492682615e-09,3.551143588414441e-08,1.9953533245747996e-07,9.311766683301174e-07,9.8373709112801e-10,4.163172676582448e-06,4.614857555763807e-06,1.4111893690078147e-06,3.62001154091103e-10,2.8420173349680426e-07,5.330053718262533e-08,1.4466109784351666e-10,0.004484500709498528,0.9893056502493924,9.372977333649021e-06
62,0.00016467290107249143,1.0316109790261053e-07,0.006245733397132205,9.156916789652092e-06,9.5151570163298e-06,4.127861985033515e-06,2.757638441809072e-09,6.75455081173151e-11,0.0006760965470801298,3.536164507844352e-05,7.16433083690933e-09,4.727150330506455e-08,2.3796049021994325e-07,1.1732711114069557e-06,1.4324096368907427e-09,5.423279644345227e-06,6.279176776264e-06,1.7668630205880919e-06,5.019282341772131e-10,3.2210933468488303e-07,6.09745867249483e-08,2.1147855299750438e-10,0.005477795940887985,0.987349985187556,1.2128242505008373e-05
63,0.00016101178916335968,1.1787934955234062e-07,0.006043036343910323,9.348396657474772e-06,9.51794006664691e-06,3.931867212003952e-06,2.7382642273610176e-09,6.999511770493289e-11,0.0006739970563125141,3.665934395650042e-05,7.316420593750597e-09,4.8596352447648396e-08,2.4256032984824177e-07,1.2326253838547726e-06,1.5196968402866169e-09,5.639412918522529e-06,6.594964781055531e-06,1.744896297367016e-06,5.497508366424763e-10,3.2115629676957587e-07,6.317486344302988e-08,2.286657842141101e-10,0.005317606481943065,0.9877161853965618,1.2687694849918396e-05
64,0.00015287454204472608,9.815085686489159e-08,0.006361882179958963,8.339679344379815e-06,9.676318860729817e-06,3.442227737012221e-06,2.7934376550892377e-09,6.429296070900112e-11,0.0005867701926391152,3.23471997615052e-05,6.9963686847195954e-09,4.2946400221996186e-08,2.447097152631356e-07,1.2117004641680428e-06,1.2102819397843286e-09,5.1275002591017674e-06,6.569682736612021e-06,1.8553081724887347e-06,5.182585066387406e-10,3.2512898502866145e-07,7.832362408093263e-08,1.9318922937977978e-10,0.005549624684888832,0.9872683191531517,1.1158594570437081e-05
65,0.00031416144164937086,7.780431129115277e-08,0.006112702619103512,1.7653732502901585e-05,9.070051879891055e-06,1.6321817522061395e-05,6.522880602968964e-09,9.487532414560656e-11,0.0004190633999711568,3.647756414873749e-05,1.173256898963639e-08,5.854249851394237e-08,2.88548890790744e-07,4.371846547740572e-07,2.355379907565173e-09,9.60779236403024e-06,1.5739803496938397e-05,3.4464160095774674e-06,1.2767458259134395e-09,2.8304184794296266e-07,8.265297204999013e-08,2.2276472628533785e-10,0.0154357128464162,0.9775986170252106,1.0175509334464199e-05
66,0.0002774666083262434,1.0282696317664017e-07,0.010632594673097944,9.922329763965367e-06,1.0904965907569198e-05,3.9939289227544155e-06,3.157571735694397e-09,1.0102239853014774e-10,0.0007035387314815096,4.1082760428095815e-05,8.901587044772474e-09,5.2718171264050737e-08,3.910523124289931e-07,1.2901456980703282e-06,1.2351554325805372e-09,5.9047785349861565e-06,5.98951162693951e-06,2.555287998902812e-06,4.352942636247589e-10,4.592773770684693e-07,6.82854566328564e-08,2.434991233718717e-10,0.004377993011823896,0.9839155104341689,1.0164597809534542e-05
67,0.000168481473865832,8.05374656196984e-08,0.009287425740834231,9.851623796500127e-06,8.669139079871185e-06,3.5334705321715068e-06,2.2959796603534686e-09,6.642551254064857e-11,0.0003966790908964454,3.769577441790506e-05,6.306398378971628e-09,3.102030941352627e-08,2.43268188358325e-07,1.1420913647343175e-06,9.276345065684166e-10,5.52541040972811e-06,8.688472187444276e-06,2.5731081237480037e-06,4.18079303314208e-10,4.194438811374439e-07,9.065520372001076e-08,1.2309384390298783e-10,0.008410988183524397,0.9816493765775012,8.494780806381563e-06
68,0.00010161925116854839,6.058081288586026e-08,0.005427492364511815,7.292715567202371e-06,9.70682587869355e-06,3.5877548605932313e-06,2.1316429926544753e-09,4.0433443557484603e-11,0.0007733924294634826,2.74849753293492e-05,4.837722097261926e-09,3.6787651780072375e-08,1.6077561822157217e-07,1.1030720445409816e-06,1.0767104837635872e-09,3.61272153472056e-06,3.4868703858030928e-06,1.212357675013703e-06,2.6302775053676316e-10,3.116972587092059e-07,3.941286458851358e-08,1.1960571384445376e-10,0.0049509996993738255,0.988677675754009,1.071548484887499e-05
69,0.0001628821379082612,1.0117445927407875e-07,0.006599895035797191,9.22181240604874e-06,9.565482424738142e-06,4.134935790115149e-06,2.771784478224412e-09,7.122608043340271e-11,0.0006745129553396125,3.702692411364693e-05,7.1454265597329925e-09,4.646694102788391e-08,2.3771915737175257e-07,1.2451846830695022e-06,1.3848542662461274e-09,5.525971134701293e-06,6.314249036930055e-06,1.8984546348331978e-06,5.020490626646207e-10,3.384697793462119e-07,6.552272356550161e-08,2.0472923530626432e-10,0.005715299050906042,0.9867596141626479,1.2062210046648661e-05
70,0.00014874757894409976,8.454333575392805e-08,0.006516886937467606,1.0109077680030376e-05,1.2341335199534405e-05,4.074942311935943e-06,2.698527675822459e-09,5.833028067596873e-11,0.0007902969994337102,3.0798302981409756e-05,6.812515251180815e-09,4.5331948251134676e-08,2.1079890361544728e-07,1.2806827081515023e-06,1.3320951326904564e-09,3.7083736642189217e-06,4.933637393237877e-06,1.4739990696422548e-06,3.4028090081203686e-10,3.2296840610758565e-07,5.0243578193010295e-08,1.6739028329552285e-10,0.005752086086222713,0.9867109533547552,1.1583396856999876e-05
71,2.1909292060950697e-05,6.177439846952906e-08,0.003382925463117504,4.706486912517847e-06,1.5779049297916724e-05,1.4157136386856062e-06,2.21354045274773e-09,3.2341237920944784e-11,0.0011236164829871416,3.036463423975427e-05,2.3296097628300024e-09,1.755103398589443e-08,9.764806625509049e-08,2.528993370576845e-06,4.938149640993595e-10,2.5550469584749195e-06,1.5995985814267796e-06,1.4890093616258695e-06,2.380389400148193e-10,5.047942684235219e-07,7.372012245690559e-08,5.754306445764924e-11,0.004527581644567234,0.9908740253304241,8.742401703840615e-06
