,0,1,2,3,4,5,6,7,8,9,10,11,12,13,14,15,16,17,18,19,20,21,22,23,24
0,0.0003320031207627624,2.847760977961491e-07,0.014508815133850595,1.4176900187525217e-05,1.0606128488383326e-05,3.1358614544023077e-06,2.5484659019612274e-09,1.2106876221321242e-10,0.0002221790147245038,5.086974531413514e-05,1.0946268517370648e-08,5.179191336285242e-08,3.6088163032583353e-07,1.357074931064078e-06,1.409564660150607e-09,1.0560230707565238e-05,3.8601940754331964e-05,2.7967633100826375e-06,7.512002065824122e-10,3.858375449354911e-07,1.6792164442121394e-07,2.663000383261338e-10,0.008533164390419692,0.9762582889808296,1.2177462566471552e-05
1,0.00018939041002487479,2.1376777260786576e-07,0.012197331068829339,1.2222059956832841e-05,7.23245722357094e-06,5.597570941947469e-06,2.617324940242174e-09,1.1744122068449526e-10,0.0005728682967775764,0.00010877623485607533,7.1972479856321436e-09,2.9439358377216896e-08,3.142882330284847e-07,1.9506580733700218e-06,1.8797539923157906e-09,1.0903206056991935e-05,1.4461407741493736e-05,3.5642831135103953e-06,1.1534525420724277e-09,5.498830082145206e-07,1.5306575503191936e-07,2.8050113141078324e-10,0.009750196954049424,0.9771102863634037,1.3945339102273174e-05
2,0.00018579909560267928,2.488669292387253e-07,0.01065489338034335,1.1714840791429006e-05,9.34101917461411e-06,5.046992073952468e-06,2.7839377064328764e-09,1.2111057189595278e-10,0.0006163829146448223,9.1872905535086e-05,9.13333291461023e-09,3.7233726602101234e-08,3.0833010721533666e-07,2.468986741560017e-06,2.4792332131280124e-09,9.519971171139994e-06,1.5453377110186678e-05,2.8212597047108274e-06,1.042334121453346e-09,5.704580725129724e-07,1.5096642613062766e-07,3.5476286128237774e-10,0.009288100926080284,0.9790867375254816,1.851503557146935e-05
3,0.00023378109008163065,2.4242606245252083e-07,0.01157355455172294,1.3023266934672344e-05,7.977961719709008e-06,5.5601186928219506e-06,2.7740014856310466e-09,1.2365248912651202e-10,0.0005029587996763339,9.036665736279336e-05,9.147264660366365e-09,3.629336128103569e-08,3.3923344232374266e-07,1.9321725488273867e-06,2.0833804870817906e-09,1.0385890864076344e-05,1.8999055078380373e-05,3.353085246524975e-06,1.1323186417825705e-09,5.053534086810037e-07,1.5746557756426975e-07,3.4194505321288966e-10,0.010315292291512028,0.9772064060873894,1.5112596754605058e-05
4,0.00023651558011177654,2.4940085523182135e-07,0.011567430450380218,1.316887240672063e-05,8.372425262585028e-06,4.914583272145709e-06,2.8307556360864996e-09,1.2489459413312293e-10,0.0005020465840446326,8.634085886591746e-05,9.532796091612612e-09,3.6564238852466954e-08,3.8224930159661213e-07,2.085747439843295e-06,2.0039192847832798e-09,9.502567392002719e-06,1.809653263425695e-05,3.4648594023950066e-06,1.1496107426064315e-09,5.319287723354399e-07,1.691334982374864e-07,3.647853469134466e-10,0.00950379965018862,0.9780285251119881,1.4350893182574178e-05
5,0.00021267878873822846,2.0699526965980167e-07,0.011450451891703031,1.3793696084345556e-05,7.733703934197408e-06,5.035502082656337e-06,2.6841600901943566e-09,1.1437144539564649e-10,0.00045829008223220605,8.90369356752308e-05,7.871597898730248e-09,2.993351120869212e-08,3.441619423755643e-07,1.8101578711564286e-06,1.5817831921043523e-09,9.50262931681994e-06,1.6802129132168428e-05,4.087061198429451e-06,1.0761041473724969e-09,5.379021711506186e-07,1.6210661043282518e-07,2.6563459394442075e-10,0.010934947566371823,0.9767830741226055,1.1461039898261879e-05
6,0.00023378109008163065,2.4242606245252083e-07,0.01157355455172294,1.3023266934672344e-05,7.977961719709008e-06,5.5601186928219506e-06,2.7740014856310466e-09,1.2365248912651202e-10,0.0005029587996763339,9.036665736279336e-05,9.147264660366365e-09,3.629336128103569e-08,3.3923344232374266e-07,1.9321725488273867e-06,2.0833804870817906e-09,1.0385890864076344e-05,1.8999055078380373e-05,3.353085246524975e-06,1.1323186417825705e-09,5.053534086810037e-07,1.5746557756426975e-07,3.4194505321288966e-10,0.010315292291512028,0.9772064060873894,1.5112596754605058e-05
7,0.0007095373266141059,3.305783530200168e-07,0.020175843390575616,1.821005486996621e-05,7.977690629741511e-06,6.9957661276879225e-06,3.657581983523725e-09,2.2146241419079698e-10,0.0004924446287707879,0.00011444764549248196,1.7608460204863034e-08,4.7750369600868215e-08,8.998701670074057e-07,1.8666106067205563e-06,2.6317320948469206e-09,1.164524706727082e-05,2.4081448752967236e-05,5.6190262374046955e-06,1.6349013836705875e-09,6.531435934045443e-07,1.9744509584913542e-07,6.92986456105025e-10,0.008786752646689698,0.96962967287862,1.275040424209509e-05
8,0.0006530308320179138,2.0203503632586506e-06,0.012986302368940057,5.8457541728015277e-05,1.6860636221773105e-05,8.654330633294374e-05,1.1629787003192975e-07,2.151489797805354e-09,0.0029852945861846354,0.0004139978814491702,7.44305537005429e-08,3.073863074430488e-07,3.10104292753428e-06,6.923547634786836e-06,1.4735590910270953e-08,6.212337672324284e-05,6.494423643763138e-05,4.232132752025423e-05,5.1962991365173004e-08,1.811409055996555e-06,1.6459278107522272e-06,6.808699952167919e-09,0.02944763544649579,0.95312548774876,4.092465989313687e-05
9,0.0036464779180084375,9.837538505953764e-07,0.014848695138062081,4.3493143828003176e-05,2.91482689607364e-05,9.800821503462753e-05,1.0827551618556241e-07,1.2204017097693132e-09,0.0015735333001435658,9.06720679526325e-05,1.687330124919528e-07,5.866602125806709e-07,3.685775234505914e-06,2.0776647422926827e-06,1.552656924706224e-08,3.1717746444665296e-05,0.00011864757548065378,1.740694761860485e-05,1.4253965193638852e-08,7.967870128509586e-07,7.473570594610217e-07,8.32983155645912e-09,0.025942248713034556,0.9535133768225991,3.737980542369519e-05
10,0.00023378109008163065,2.4242606245252083e-07,0.01157355455172294,1.3023266934672344e-05,7.977961719709008e-06,5.5601186928219506e-06,2.7740014856310466e-09,1.2365248912651202e-10,0.0005029587996763339,9.036665736279336e-05,9.147264660366365e-09,3.629336128103569e-08,3.3923344232374266e-07,1.9321725488273867e-06,2.0833804870817906e-09,1.0385890864076344e-05,1.8999055078380373e-05,3.353085246524975e-06,1.1323186417825705e-09,5.053534086810037e-07,1.5746557756426975e-07,3.4194505321288966e-10,0.010315292291512028,0.9772064060873894,1.5112596754605058e-05
11,0.00023645012760792962,2.3047066483781416e-07,0.011129007063597462,1.248216007637103e-05,7.990082433440075e-06,4.978046615545598e-06,2.7643989561798396e-09,1.1784021390518306e-10,0.0004784108827513438,8.055108692320611e-05,9.20539102823978e-09,3.611576702350321e-08,3.628292366906518e-07,1.834022971960858e-06,1.998563319669817e-09,9.69566094226074e-06,1.784534841756767e-05,3.216224481931541e-06,1.0961346235882685e-09,5.054417330327553e-07,1.554975025849448e-07,3.460644269494087e-10,0.009323248066126418,0.978678829731416,1.415561234184012e-05
12,0.0001049801008480477,9.72435665895116e-08,0.008109619235571516,5.412449068335439e-06,1.698078473713154e-05,4.223720704960304e-06,1.5261991269214594e-09,4.749253831849807e-11,0.00041727434492697997,4.473568142947695e-05,6.418308522793441e-09,2.1338750480664033e-08,1.258378265580185e-07,1.6013342036580988e-06,1.0370124656053517e-09,4.576516091352198e-06,1.4958074005014129e-05,1.4129725280988288e-06,2.981566514083869e-10,4.651690259709683e-07,1.2459087376428524e-07,1.6232915902863036e-10,0.010032511331635243,0.981226810376868,1.4059407840640998e-05
13,0.0004003181617245351,4.536616501186929e-07,0.012599976796311084,1.4041726784068964e-05,1.2860150237738737e-05,4.01381909502111e-06,3.930463241341182e-09,2.5356370379077177e-10,0.0005987125487866383,6.786456619737876e-05,2.5219069517032118e-08,1.1667469552596709e-07,5.391025337753918e-07,4.269057339519496e-06,3.999650832621093e-09,1.026760711644849e-05,2.7455998927167537e-05,2.915283522999444e-06,1.2765398390383787e-09,5.268921260158439e-07,2.0715235301211867e-07,9.57304355491097e-10,0.007020251666010855,0.9792020669266994,3.3106571296906495e-05
14,0.00022504632629465003,2.638323029978957e-07,0.011250619975211377,1.3512706736951453e-05,8.214152070723792e-06,5.19031737962504e-06,2.6467982817109373e-09,1.1958318053412522e-10,0.00048028100958945937,9.36883496933386e-05,9.139338436124323e-09,3.368203916682049e-08,3.5174045152139324e-07,1.9653670669906415e-06,1.945142467457882e-09,9.772010536760396e-06,1.927627326809037e-05,3.5123430697757772e-06,1.214678162803341e-09,5.013198366108162e-07,1.6966993416952508e-07,3.4158700643977507e-10,0.010152606459240458,0.977721061247889,1.3917810260711962e-05
15,0.00023378109008163065,2.4242606245252083e-07,0.01157355455172294,1.3023266934672344e-05,7.977961719709008e-06,5.5601186928219506e-06,2.7740014856310466e-09,1.2365248912651202e-10,0.0005029587996763339,9.036665736279336e-05,9.147264660366365e-09,3.629336128103569e-08,3.3923344232374266e-07,1.9321725488273867e-06,2.0833804870817906e-09,1.0385890864076344e-05,1.8999055078380373e-05,3.353085246524975e-06,1.1323186417825705e-09,5.053534086810037e-07,1.5746557756426975e-07,3.4194505321288966e-10,0.010315292291512028,0.9772064060873894,1.5112596754605058e-05
16,0.00038741964714647585,4.09579956307451e-07,0.012701933143198943,1.6914983039631587e-05,9.491609459589844e-06,6.815577944355893e-06,4.0896961454999345e-09,2.3467667071730824e-10,0.0006414743337562922,0.00010893727236527938,1.643819179227091e-08,7.70037641855115e-08,4.900196085035599e-07,3.10130786137374e-06,3.6357684651318214e-09,1.4149147130447604e-05,2.7210888269307713e-05,4.490644779919491e-06,1.8176414139189317e-09,5.354196311867789e-07,2.068546960250524e-07,7.590832023332067e-10,0.010376936690420072,0.975675016030625,2.4362871289745903e-05
17,0.0002307810063009003,1.856441437344653e-07,0.010208395639240168,1.0159032362392656e-05,1.0515771613886672e-05,3.5105459718543573e-06,2.758234348970968e-09,1.0005649635768907e-10,0.00042850033682124034,5.0056551642477645e-05,9.73254709213367e-09,3.952047681258161e-08,3.417377848745583e-07,2.0238860722206615e-06,1.2205771602235854e-09,6.317418917219188e-06,1.7876368352047245e-05,2.9339803758166552e-06,7.244013462325326e-10,4.339772992952815e-07,1.8120313371344544e-07,3.1675532798327967e-10,0.008620516124970102,0.9803950918125156,1.2124589433874174e-05
18,0.00016298624455499597,2.2763714846008045e-07,0.009300696962423414,8.784559558170047e-06,7.816360747898861e-06,4.776783937995565e-06,2.7086439791779485e-09,1.1129060403283452e-10,0.00048250822722456965,7.566712728802458e-05,8.76088214796277e-09,4.308649040980524e-08,2.4629959489008984e-07,2.3858671856177023e-06,2.4516844023749295e-09,1.221246143068758e-05,2.1863959492965227e-05,2.512067740916511e-06,1.152852596750753e-09,4.782708537708641e-07,1.8859475836382656e-07,3.7745113203609147e-10,0.010194124834342625,0.9796990198398613,2.344525256015589e-05
19,0.00018484930179798746,2.6874629257232583e-07,0.009956867497013668,1.571459539873208e-05,9.427860684169723e-06,6.740083759398101e-06,2.8308603392007865e-09,1.1588822286045312e-10,0.0006732242159566003,0.00010173418106475702,8.177397692375652e-09,3.934557408578575e-08,3.036953577174446e-07,2.0700832673859174e-06,2.5445276323301e-09,9.692062653657552e-06,1.5579944821808872e-05,2.8731840661873238e-06,1.1059207833546841e-09,5.25775232853404e-07,1.1698854662809551e-07,3.6799459106162057e-10,0.009515105937842192,0.9794886015052814,1.6249852799093803e-05
20,0.000265586866880803,3.458820057950762e-07,0.01082565546057934,1.585978523339229e-05,9.186829786865603e-06,6.486987991798288e-06,3.6147658032882975e-09,1.6380786554171255e-10,0.0006890337952936531,0.00010797440209128993,1.276634484745797e-08,4.491479876277879e-08,4.811211499049829e-07,2.6909937672992196e-06,3.2043205131928993e-09,9.996601672098434e-06,1.8507278772314238e-05,3.7177795910607238e-06,1.6653612205623136e-09,6.13264940006408e-07,1.7864270678791218e-07,6.178673705603149e-10,0.0095961790533571,0.9784289515343382,1.8486772575942242e-05
21,0.0003078322157325064,2.0889027705197708e-07,0.014636073770035255,1.1509426859260964e-05,7.552927721122666e-06,3.071155764740822e-06,2.3941004596903344e-09,1.3939164792202116e-10,0.00034018568633081435,6.592324624269659e-05,9.699717669023258e-09,4.4056841746969115e-08,4.085872396890165e-07,2.0780419847818475e-06,1.1953782689479381e-09,1.011856844887364e-05,2.0774978434050263e-05,4.271458650451737e-06,7.957557039256461e-10,4.949664204656905e-07,1.873280298496877e-07,2.9078667089370826e-10,0.008183744294033955,0.9763936959295327,1.1809956289507074e-05
22,0.0004168635356031278,3.2978445623255723e-07,0.022053581014773328,1.7815953637005217e-05,8.64480283595925e-06,7.397952261712044e-06,3.050673326398816e-09,2.226707921542508e-10,0.0003896809745741753,0.00014968196205921672,1.2527161888097237e-08,3.759786351801513e-08,4.729650803587597e-07,2.4076640955936864e-06,1.8714088824307437e-09,1.4724830947827653e-05,4.187935201491704e-05,6.684245919794986e-06,1.5060269434085332e-09,6.670496538956826e-07,2.9648737389857816e-07,4.227134683103771e-10,0.016028149493081376,0.9608469314403287,1.3733292783999108e-05
23,0.00023378109008163065,2.4242606245252083e-07,0.01157355455172294,1.3023266934672344e-05,7.977961719709008e-06,5.5601186928219506e-06,2.7740014856310466e-09,1.2365248912651202e-10,0.0005029587996763339,9.036665736279336e-05,9.147264660366365e-09,3.629336128103569e-08,3.3923344232374266e-07,1.9321725488273867e-06,2.0833804870817906e-09,1.0385890864076344e-05,1.8999055078380373e-05,3.353085246524975e-06,1.1323186417825705e-09,5.053534086810037e-07,1.5746557756426975e-07,3.4194505321288966e-10,0.010315292291512028,0.9772064060873894,1.5112596754605058e-05
24,0.0002102441337807176,3.5737294294136585e-07,0.01094224742990566,1.838575240269898e-05,8.19583688422441e-06,5.310650419230824e-06,3.0312266238613576e-09,1.4604547261688354e-10,0.0005375997593552286,0.00011875728681468102,9.216253947282401e-09,3.530144631951716e-08,3.7903792644773784e-07,2.5072074429312886e-06,2.25403851052304e-09,1.0667285367432409e-05,2.1134062101206933e-05,4.40497674510554e-06,1.7213631951144367e-09,5.201442267123959e-07,1.952606525999286e-07,3.872318013475287e-10,0.011588107052355122,0.9765162912268899,1.4643466180971306e-05
25,0.00032132918427906594,2.541678159253337e-07,0.016338762656670742,1.5932514612771937e-05,1.1894826420301465e-05,5.696727810959998e-06,4.601164863608407e-09,2.892299837870751e-10,0.0005192001923615248,9.124936918972867e-05,1.4959107904203134e-08,5.976932922857188e-08,4.706926800801912e-07,3.0621992261823633e-06,1.5427695093715664e-09,1.1736622134341557e-05,2.4724965080959818e-05,6.8384926225483975e-06,1.1424965814266915e-09,7.512677925555458e-07,2.7448413197945465e-07,4.138193848103871e-10,0.012385976533197387,0.9702472059679046,1.4556418150861807e-05
26,0.00682457583530165,0.00023819447919996435,0.07439257769610931,0.0005586164385751346,4.974660271107821e-05,0.0005146830852181069,3.362525834996002e-07,2.538165413452994e-07,0.010060045632368694,0.010113013810979928,3.1751120760458487e-06,2.4888760979196486e-05,1.5280205282238487e-05,0.00029105193665937014,7.43647514194416e-06,0.002078843002451646,0.002528368705538698,3.8260301951246324e-05,1.281823441870013e-06,6.0666955604368105e-06,5.6341974473306155e-06,1.8786977998545945e-06,0.026362930482390995,0.8595180153306253,0.006364844623064977
27,0.00036174884567070925,3.721710216174819e-07,0.03754916700334574,1.8315655551282735e-05,8.309481930202034e-06,3.5287871787353346e-06,2.5939483774619426e-09,1.3068831120979583e-10,0.00010926940272911557,0.00012664165243528525,1.0879076035709025e-08,3.2783003883091624e-08,4.7009082803621154e-07,1.862938954547897e-06,1.1325041836897832e-09,2.346678513520766e-05,0.00012175579128985579,8.73658409550089e-06,1.334975371999682e-09,7.610933280294521e-07,4.571994075229512e-07,1.3243072106571446e-10,0.022932446002861782,0.9387216767950022,1.0964732607797198e-05
28,0.00023378109008163065,2.4242606245252083e-07,0.01157355455172294,1.3023266934672344e-05,7.977961719709008e-06,5.5601186928219506e-06,2.7740014856310466e-09,1.2365248912651202e-10,0.0005029587996763339,9.036665736279336e-05,9.147264660366365e-09,3.629336128103569e-08,3.3923344232374266e-07,1.9321725488273867e-06,2.0833804870817906e-09,1.0385890864076344e-05,1.8999055078380373e-05,3.353085246524975e-06,1.1323186417825705e-09,5.053534086810037e-07,1.5746557756426975e-07,3.4194505321288966e-10,0.010315292291512028,0.9772064060873894,1.5112596754605058e-05
29,0.00023378109008163065,2.4242606245252083e-07,0.01157355455172294,1.3023266934672344e-05,7.977961719709008e-06,5.5601186928219506e-06,2.7740014856310466e-09,1.2365248912651202e-10,0.0005029587996763339,9.036665736279336e-05,9.147264660366365e-09,3.629336128103569e-08,3.3923344232374266e-07,1.9321725488273867e-06,2.0833804870817906e-09,1.0385890864076344e-05,1.8999055078380373e-05,3.353085246524975e-06,1.1323186417825705e-09,5.053534086810037e-07,1.5746557756426975e-07,3.4194505321288966e-10,0.010315292291512028,0.9772064060873894,1.5112596754605058e-05
30,0.00023378109008163065,2.4242606245252083e-07,0.01157355455172294,1.3023266934672344e-05,7.977961719709008e-06,5.5601186928219506e-06,2.7740014856310466e-09,1.2365248912651202e-10,0.0005029587996763339,9.036665736279336e-05,9.147264660366365e-09,3.629336128103569e-08,3.3923344232374266e-07,1.9321725488273867e-06,2.0833804870817906e-09,1.0385890864076344e-05,1.8999055078380373e-05,3.353085246524975e-06,1.1323186417825705e-09,5.053534086810037e-07,1.5746557756426975e-07,3.4194505321288966e-10,0.010315292291512028,0.9772064060873894,1.5112596754605058e-05
31,0.00039485866411104024,2.916981844831775e-07,0.019683128819044757,1.497700530025994e-05,7.775771593581662e-06,5.363130427950738e-06,3.0115384186688684e-09,2.1234948384322188e-10,0.00043362028703121315,0.00011298629055878903,1.1146555836189138e-08,4.1582635497282894e-08,4.5620593476840595e-07,2.333189219528406e-06,1.7466131435233658e-09,1.3809079996336294e-05,2.7821409191477363e-05,5.3582641188649855e-06,1.1644920138432863e-09,6.026985512770316e-07,2.251324395271218e-07,3.8282300183362967e-10,0.01172952000071116,0.9675524512579513,1.4361848626439776e-05
32,0.00022365100098696063,2.449214981608059e-07,0.010985818958147443,1.3208133111449561e-05,7.858891322179655e-06,5.709781191711251e-06,2.9483142508252006e-09,1.2245598159137113e-10,0.0005021855639947935,9.131259500881983e-05,9.219581983117096e-09,3.553160573599302e-08,3.516566123920194e-07,1.8701834941570737e-06,2.2198839651375773e-09,1.0582358808965148e-05,1.8865102199888475e-05,3.3956370359897147e-06,1.3032998992955263e-09,5.102332990883033e-07,1.659918999991857e-07,3.523929762726182e-10,0.010395616629984778,0.977723557935119,1.5042728749253977e-05
33,0.00033627346001271276,2.912560793225382e-07,0.011507580312427199,1.5143077058862069e-05,7.453660451815743e-06,4.259647292024143e-06,3.23480811719853e-09,1.5744301633008147e-10,0.00033477499475491394,6.548491173173031e-05,1.2459995110095318e-08,5.3306233296662225e-08,4.855872137626434e-07,1.735949847844262e-06,1.7795250787486142e-09,1.1358381896031109e-05,2.7831653013756782e-05,4.148909048022098e-06,1.3412885241761026e-09,4.4595802945443286e-07,1.9393615022239645e-07,4.412375586061499e-10,0.009023202251454056,0.9786462399062282,1.3023426779328512e-05
34,0.0005548158334241354,1.644933063465425e-07,0.013932988216393655,1.2925447683150781e-05,6.8345477119632945e-06,4.33171160226488e-06,2.858364605500326e-09,1.1829623477549173e-10,0.00041047093035097363,6.432613345552603e-05,1.097870043210586e-08,3.133581986581313e-08,6.044441013811175e-07,1.1446868019921785e-06,1.6732269491431562e-09,7.706951446878315e-06,1.4436237346841659e-05,4.102011710891136e-06,1.1223885179509834e-09,4.0098465677235226e-07,1.4838017671333053e-07,3.525522252624314e-10,0.008004301273553532,0.9769711913399743,9.057936953610124e-06
35,0.0002499578200246234,2.4305736680656154e-07,0.011740826591068104,1.3125829619291617e-05,7.773531898123168e-06,5.701283599918816e-06,2.832761402215017e-09,1.300458672512598e-10,0.0005093749806198384,9.185481074550333e-05,9.345747710866978e-09,3.736563673681891e-08,3.521214847077905e-07,1.9029024694455685e-06,2.056069537635808e-09,1.0745828992376672e-05,1.9076763437977703e-05,3.5465757531103664e-06,1.1696581154615302e-09,5.005292771990709e-07,1.579209902912746e-07,3.564392008186774e-10,0.010224899657008419,0.9771049894917442,1.4917047541196868e-05
36,0.0004801824667253667,5.824241063091638e-07,0.016915819056112502,2.4523824629735192e-05,7.813602317149703e-06,1.0727349680394526e-05,6.308147855326161e-09,3.947043807867337e-10,0.0009397392487189385,0.00018595818099899404,1.5614782308230053e-08,8.901264367629339e-08,6.533015605822986e-07,3.776424705384547e-06,4.12365642865801e-09,2.3736396940523434e-05,3.5108997480706455e-05,7.673566115287672e-06,2.818905659152944e-09,7.044969167082389e-07,2.2347697582678912e-07,1.0284453795325038e-09,0.013142689640083742,0.9681946835800679,2.5284664578431715e-05
37,0.00021741910585547887,4.457147951890178e-06,0.014260556771903136,0.0001580325465665527,1.1207978263125832e-05,0.00021655817186661834,1.833778366056554e-08,2.2842074527352654e-09,0.0037222680092600826,0.002351915567459894,3.71279831012081e-08,2.1835168687046328e-07,5.136675912341054e-07,1.1642861959601805e-05,1.3041745641027405e-07,0.00017032134749503554,0.0001418915953173666,8.752612027314964e-06,3.2569622516934723e-08,2.119892482489887e-06,2.576258400152819e-07,5.503351782678424e-09,0.06768153674925438,0.910836650034063,0.0002034537227510458
38,0.00020106350575854802,2.483260213402816e-07,0.01051330559109105,1.2083211566058429e-05,8.80347691459635e-06,4.221106538857118e-06,2.2770664649135147e-09,1.070266350583376e-10,0.0005214756566522935,7.866395125318111e-05,8.753217854505208e-09,3.66176630522708e-08,2.940075743140318e-07,2.21212487070029e-06,1.885852765056469e-09,8.16995541429218e-06,1.6720867522939335e-05,2.656763578475535e-06,8.752050568975275e-10,4.553752427079951e-07,1.3661186603845812e-07,3.1933360404229665e-10,0.008931398937766559,0.9796822850475916,1.575464741098048e-05
39,0.000406591710031948,2.76583836761645e-07,0.01626959218285629,1.425599452271447e-05,8.344555697772977e-06,1.0946312300024855e-05,5.412776749149534e-09,3.201696132485152e-10,0.0004952061098307997,0.00010304253120426736,1.6414762353035645e-08,7.670739512349194e-08,4.5147973766672384e-07,1.9509736735848925e-06,2.729924278389799e-09,2.2112664018056348e-05,3.7010466858470346e-05,5.442610662700826e-06,1.7230736469685897e-09,6.515453880303704e-07,2.454256973499357e-07,6.120022308474527e-10,0.013366528061349258,0.9692359481868268,2.1298685403337837e-05
40,0.00023261165282772113,2.4190895797866865e-07,0.011543466239523415,1.302421062429929e-05,7.955103130745879e-06,5.553121466004574e-06,2.7715236485095573e-09,1.2338342662651217e-10,0.0005024616758812245,9.047849542751748e-05,9.103656465004774e-09,3.609104138666961e-08,3.384840379926148e-07,1.92767873402681e-06,2.075865458899029e-09,1.0387937593358394e-05,1.8944464809761983e-05,3.361314940061369e-06,1.1348495324204443e-09,5.052033697541149e-07,1.5749536955749404e-07,3.4014683188296965e-10,0.010329409744379023,0.9772240709815527,1.5052646908202283e-05
41,0.000238669319128112,2.1082002675647697e-07,0.010959403455780198,1.5061638295994527e-05,1.0301263048379132e-05,7.837682513751795e-06,2.6251287681965106e-09,1.0722555330428831e-10,0.0007212890518568288,9.591961368076757e-05,8.919454159922144e-09,3.7284945026906675e-08,2.8006356303798116e-07,1.5995777415625965e-06,2.7753056137896594e-09,8.372340866905057e-06,1.3152056075279928e-05,2.428084483421772e-06,8.865773376844921e-10,4.532375082971192e-07,8.859380678181122e-08,3.146908814416529e-10,0.009550648189368453,0.9783580146637776,1.6217435150518043e-05
42,0.00032884743006597974,4.169889849592006e-07,0.011296233130472755,1.5678931512680086e-05,8.045768144201163e-06,8.44663429232687e-06,4.332089697504693e-09,1.9862994403669615e-10,0.0005914759281416349,0.00010270828051679445,1.3905624398684124e-08,6.098504533670326e-08,5.201571742811157e-07,1.8117354284507513e-06,3.6010938096810886e-09,1.5975503926867105e-05,2.779985407008319e-05,3.377591580507739e-06,2.1148480025799612e-09,5.347855308632791e-07,1.728387455331089e-07,8.117707611303581e-10,0.00845237349285593,0.9791252186741257,2.0276325328232897e-05
43,0.00020990726540134414,2.663008504038849e-07,0.0136936777861549,1.639171111049318e-05,8.279031898310133e-06,1.3288951295969246e-05,3.2037782731592474e-09,1.8909243181616955e-10,0.0007630112133082886,0.00020673560103108083,9.182461010218783e-09,2.8647479363785016e-08,3.1465006771845367e-07,2.2223871258824803e-06,3.327327166061471e-09,1.5106897681603617e-05,1.9158178215529524e-05,4.7678876689316815e-06,1.8923089527128374e-09,7.510776883640169e-07,1.8927735074028452e-07,4.2465648045264367e-10,0.015376496436401987,0.9696514724537333,1.7916025911258662e-05
44,0.00023378109008163065,2.4242606245252083e-07,0.01157355455172294,1.3023266934672344e-05,7.977961719709008e-06,5.5601186928219506e-06,2.7740014856310466e-09,1.2365248912651202e-10,0.0005029587996763339,9.036665736279336e-05,9.147264660366365e-09,3.629336128103569e-08,3.3923344232374266e-07,1.9321725488273867e-06,2.0833804870817906e-09,1.0385890864076344e-05,1.8999055078380373e-05,3.353085246524975e-06,1.1323186417825705e-09,5.053534086810037e-07,1.5746557756426975e-07,3.4194505321288966e-10,0.010315292291512028,0.9772064060873894,1.5112596754605058e-05
45,0.00020394095471451966,1.9786100058801236e-07,0.008995804438705828,1.4579969112494415e-05,8.477847865541929e-06,8.500789036762641e-06,3.94346172491402e-09,1.1688651567823863e-10,0.0006774183866683497,8.460810393785722e-05,8.682978983099195e-09,3.900514392292419e-08,3.43166522611428e-07,1.3414599247168653e-06,3.318027009038174e-09,1.1080733007819917e-05,1.27019477736018e-05,2.7108740838108954e-06,1.3142622658337997e-09,5.504867534731424e-07,1.0327500719329307e-07,3.5425662817841714e-10,0.009359576886850185,0.9806020624810078,1.5943603009736057e-05
46,0.00013554561977827074,1.7215338742018763e-07,0.009251447275964017,1.1551331149688778e-05,7.2563311966872685e-06,5.471715881676768e-06,2.490052521899222e-09,9.486897407758575e-11,0.0007923854826067682,0.00011165886877059665,6.081026768759886e-09,2.130168942381848e-08,2.76930484153606e-07,2.1843017298950146e-06,1.6881002274922177e-09,7.471964416162237e-06,7.922922065944729e-06,3.6034509758143765e-06,1.0836409448435543e-09,5.609457412629595e-07,1.3407320027690534e-07,2.3057470246575575e-10,0.009966504901564487,0.9796836061015674,1.2212659566134484e-05
47,0.00010189536683631622,1.2818097265450374e-07,0.012754073319330832,1.539283308499512e-05,9.802095964068355e-06,6.774408871744521e-06,2.36528325987767e-09,8.47791723639182e-11,0.0005294866092078731,0.00012150732049631696,5.6345994281329645e-09,1.523823808896359e-08,1.808689217350308e-07,2.4752234978020814e-06,1.337741397743757e-09,5.9961550271638305e-06,1.3255405347643937e-05,4.2051718328613566e-06,8.738110340878363e-10,5.895604225905275e-07,2.1790806716103925e-07,1.1190858208685289e-10,0.022880672816505254,0.9635426292957221,1.069181352992943e-05
48,0.00012979680838441654,7.609094160593824e-08,0.007984401983049224,6.818969198088806e-06,6.637936225556861e-06,3.629887327711709e-06,1.859681533205957e-09,5.529672409751672e-11,0.0005436801101868099,4.544748434902461e-05,5.2732801324311845e-09,2.4348156871776756e-08,2.1576370046212693e-07,1.2494050388464427e-06,1.2381263206492147e-09,5.738482883560619e-06,5.602828763542021e-06,1.8738003992914088e-06,4.3551462736571024e-10,4.389604900078493e-07,7.477372830545179e-08,1.4781431889325593e-10,0.006246339127611082,0.9850069441954181,1.1000034433604747e-05
49,0.0002751165458002999,2.1010835989458238e-07,0.013337788630648236,1.2915660934467437e-05,8.71177977600425e-06,6.763187187481527e-06,3.028826954719494e-09,1.3642922598034233e-10,0.0005120833780289604,8.069192041758773e-05,1.0100631966212776e-08,4.454117150275887e-08,3.6007559525636917e-07,1.8026070200837637e-06,1.8539383236196442e-09,1.0568667114021286e-05,1.9572428831450098e-05,3.4301589939332516e-06,8.619153079731046e-10,5.584965969779053e-07,1.4428442430393697e-07,3.462634410788723e-10,0.010345751624794609,0.9753689594373813,1.4510138918499495e-05
50,0.00027647453575337425,3.573847212135856e-07,0.014613849375156994,1.6597931573321956e-05,9.207112655438164e-06,8.159204784691597e-06,3.8974484267230515e-09,2.15626269047486e-10,0.0007360193603611448,0.00015564783148543635,1.2036693300166998e-08,4.5459931620305844e-08,4.269088751790346e-07,2.9739240027669897e-06,3.3201542214201443e-09,1.4106460321797024e-05,2.2306277990840165e-05,4.678986423178747e-06,1.9593531330733754e-09,6.539230354246713e-07,2.209711492197971e-07,5.613776385180961e-10,0.011751501694440473,0.9723657603500827,2.0990316601943393e-05
51,0.000523934294155728,2.7162516175759154e-06,0.019100431854121105,6.267186024694498e-05,1.3673367401178895e-05,5.487954467380424e-06,4.582637090654192e-09,6.663743501313308e-10,0.0009800426024103538,0.0003072532058998658,2.7859139676028043e-08,1.2844252287565657e-07,1.0768112817099487e-06,1.0064660849854806e-05,6.656643367119984e-09,1.7017515909214895e-05,3.969226285869722e-05,8.335173115886766e-06,4.17963492381716e-09,8.038717600431393e-07,2.713676815317402e-07,1.7974735165984199e-09,0.009408338754957871,0.9694864472500007,3.156675683836616e-05
52,0.0001972911992783154,2.3181874745538328e-07,0.010554897364276991,1.0457562856413526e-05,9.663582761743881e-06,3.950583687398024e-06,2.69678401033284e-09,9.992467787293499e-11,0.0004243836112764522,5.5446677142842094e-05,9.351761647753001e-09,4.3325551635546376e-08,2.8151300011227667e-07,1.987452217159616e-06,1.7741257764137907e-09,8.266921480076058e-06,2.1047746008903283e-05,2.155221945250919e-06,7.691900024831951e-10,4.18607105678634e-07,1.6004769313249448e-07,3.032671405436829e-10,0.009077940155247429,0.9796143865423314,1.6975072338264355e-05
53,0.00020766156763057055,2.038383586696583e-07,0.010484512276006198,1.2045933538652962e-05,8.612252825044801e-06,7.80722371047642e-06,4.709883647662915e-09,1.564763490031391e-10,0.000685499281526464,7.686466437691344e-05,1.0137801752110277e-08,5.473984247735669e-08,3.077119256704713e-07,2.260459007479792e-06,2.6099632810575613e-09,1.2842130180914451e-05,1.7995549635124255e-05,3.4388113838591124e-06,1.059484988655716e-09,6.107354131466361e-07,1.5577398049691723e-07,3.588884187623921e-10,0.012876327045421115,0.9755819117966952,2.0869176043162774e-05
54,0.00017693425460796894,3.6228913278046513e-07,0.010173800804738346,9.916528183889862e-06,8.712727825073683e-06,4.804474871112623e-06,2.771390006914443e-09,1.4269619863949842e-10,0.0007997158004954506,0.00010101861021070529,9.636066273270246e-09,6.072111049774984e-08,2.701547360884946e-07,3.282684352517674e-06,3.90901605188303e-09,1.4278053698569137e-05,1.6746703286898416e-05,2.0662094658812664e-06,1.0987620859619241e-09,5.38824329156741e-07,1.23856527978404e-07,5.115559609807088e-10,0.0070908586827207595,0.9815623032675358,3.4187282684009715e-05
55,0.00030051751226360744,4.2162422350100173e-07,0.017181427646091915,1.8004321155292788e-05,8.07685597007952e-06,8.014123248969524e-06,2.8620017187639097e-09,1.8482070634690838e-10,0.0004917115581765664,0.00017699056281139398,1.1074936840597157e-08,3.2225169681905777e-08,4.087439308564076e-07,2.5998338186739864e-06,3.1395779411644465e-09,1.4987421757337927e-05,3.482034510380714e-05,4.630698965337182e-06,1.8411212639623072e-09,6.709571370070704e-07,2.415631804786189e-07,4.782340756834771e-10,0.015356708002781314,0.9663811871870699,1.8529236451891085e-05
56,0.0002401382670040659,2.4033836654807616e-07,0.011389940799092065,1.2924273006135314e-05,8.061905180847853e-06,5.402804212832549e-06,2.8386954781787855e-09,1.2330072254424557e-10,0.0004971920900971764,8.611052308419647e-05,9.425360184361705e-09,3.684679907624187e-08,3.586775022143691e-07,1.8969299292685432e-06,2.072881337701227e-09,1.0066458207654448e-05,1.8618945237165246e-05,3.3402889440600217e-06,1.142415636918829e-09,5.086492313356458e-07,1.5903431746485767e-07,3.542528241580556e-10,0.009911594691306548,0.9777986773054312,1.4715216143680266e-05
57,0.00022604320454134942,3.2900534227768524e-07,0.01041482150274976,1.2942574268281688e-05,7.759242420472132e-06,4.415348735875502e-06,3.1192087837869354e-09,1.3379556305417306e-10,0.00047759583530828563,8.678098213502583e-05,1.0315180364693557e-08,4.3306118190232776e-08,4.1928462192748267e-07,2.09597340124091e-06,2.4172134140398536e-09,1.1454915012951619e-05,2.121590303372686e-05,3.2203190779223134e-06,1.7703715208774214e-09,4.638011459855435e-07,2.05168150563476e-07,4.71063179248855e-10,0.008140271503882994,0.9805731476487745,1.675625444598944e-05
58,0.00016691612954707977,1.6955590597694222e-07,0.008526588221744047,9.946892003778014e-06,7.473953918542713e-06,4.00480212964497e-06,2.268546838894948e-09,7.777977744722114e-11,0.0004252225988026868,6.121799717832619e-05,7.1027179218331976e-09,2.7919670238519474e-08,2.854838537466619e-07,1.420505655068357e-06,1.6092898536719818e-09,7.7179363602909e-06,1.313401489337049e-05,2.428458499390566e-06,8.81373008120367e-10,4.3717774249251484e-07,1.2812321164526127e-07,2.444718384795872e-10,0.008164410241478168,0.9825964905599823,1.1967243243975972e-05
59,0.00017317498927138663,1.798356829090145e-07,0.009783739554876795,1.0000655895161863e-05,7.534023012996099e-06,4.070730464965015e-06,2.2045463623943398e-09,8.387438041032713e-11,0.0004210861046540169,6.856875012918821e-05,7.0506352067446315e-09,2.7678145844156077e-08,2.8147721973478877e-07,1.5498282217552342e-06,1.5525874320323204e-09,8.337543113708163e-06,1.4574305093271788e-05,2.587559852635262e-06,8.567719052062572e-10,4.572374242973342e-07,1.381427252033901e-07,2.417055606480235e-10,0.008524902219644744,0.9809664003093213,1.237706512945048e-05
60,0.00023378109008163065,2.4242606245252083e-07,0.01157355455172294,1.3023266934672344e-05,7.977961719709008e-06,5.5601186928219506e-06,2.7740014856310466e-09,1.2365248912651202e-10,0.0005029587996763339,9.036665736279336e-05,9.147264660366365e-09,3.629336128103569e-08,3.3923344232374266e-07,1.9321725488273867e-06,2.0833804870817906e-09,1.0385890864076344e-05,1.8999055078380373e-05,3.353085246524975e-06,1.1323186417825705e-09,5.053534086810037e-07,1.5746557756426975e-07,3.4194505321288966e-10,0.010315292291512028,0.9772064060873894,1.5112596754605058e-05
61,0.00018106069053337964,1.6894787659761675e-07,0.01011205368254743,9.903191695782542e-06,7.524088648458415e-06,4.012028537166915e-06,2.1746679075431246e-09,8.458421846432853e-11,0.00042741163319213484,6.741823599553256e-05,6.997150079237007e-09,2.7188079670379085e-08,2.8288078902047846e-07,1.52806554688685e-06,1.4428544707802328e-09,7.946281175044724e-06,1.3746321624462799e-05,2.643955846121003e-06,8.063828638181044e-10,4.4759773006757077e-07,1.35775804141297e-07,2.3261905910596375e-10,0.00840000534095094,0.9807519084673106,1.1763887857986556e-05
62,0.00023378109008163065,2.4242606245252083e-07,0.01157355455172294,1.3023266934672344e-05,7.977961719709008e-06,5.5601186928219506e-06,2.7740014856310466e-09,1.2365248912651202e-10,0.0005029587996763339,9.036665736279336e-05,9.147264660366365e-09,3.629336128103569e-08,3.3923344232374266e-07,1.9321725488273867e-06,2.0833804870817906e-09,1.0385890864076344e-05,1.8999055078380373e-05,3.353085246524975e-06,1.1323186417825705e-09,5.053534086810037e-07,1.5746557756426975e-07,3.4194505321288966e-10,0.010315292291512028,0.9772064060873894,1.5112596754605058e-05
63,0.00022955631376268408,2.769461678954129e-07,0.01119325305228419,1.3272551789981338e-05,7.999063514909567e-06,5.329910112670358e-06,2.7671179384065612e-09,1.2785677688763639e-10,0.0005042384230463436,9.361878581924976e-05,9.397157978853085e-09,3.7528309513468136e-08,3.468379159892219e-07,2.023831804814392e-06,2.2416919402036865e-09,1.0817879527665788e-05,1.9891732317708024e-05,3.2869356568262764e-06,1.2429232165010367e-09,5.040387586169987e-07,1.6198256991832657e-07,3.7208131711953414e-10,0.009966720767976105,0.9779327004042544,1.5946865581353917e-05
64,0.0002178839717419127,2.2890844896312626e-07,0.011775423771023015,1.1788287641771966e-05,8.139978911843656e-06,4.670281171492942e-06,2.8239502384176417e-09,1.1675235239515638e-10,0.00044035519972801887,8.235031409709604e-05,8.974656998881846e-09,3.311740378055224e-08,3.4954450423056816e-07,1.9832004738163698e-06,1.7908464183712647e-09,9.801222353739441e-06,1.967377398357094e-05,3.4749043852596746e-06,1.1668444059322292e-09,5.100411709590381e-07,1.996935724551993e-07,3.1369182246267687e-10,0.01036698274265534,0.9770420924479086,1.404341208201623e-05
65,0.0004385027934741244,1.9288083115009746e-07,0.011116483441447072,2.4051321768073985e-05,7.883165214881051e-06,2.2489710721410385e-05,6.739893126830124e-09,1.725551581986916e-10,0.0003480639425564438,9.602830059507194e-05,1.5678339443355685e-08,4.6901261933956214e-08,4.207874446464146e-07,7.643562548743306e-07,3.6482322551481093e-09,1.8062762222857477e-05,4.504676660226975e-05,6.252336420065038e-06,2.9339915023133746e-09,4.53898351093934e-07,2.07017447132553e-07,3.8762885128892853e-10,0.027456849820081355,0.9604045971545777,1.3573082087208132e-05
66,0.0003920679965401155,2.405675095151174e-07,0.01992330635139912,1.403597487106625e-05,9.024064882913567e-06,5.248852545584828e-06,3.1180185852908158e-09,1.8548239891559972e-10,0.0005167096704357754,0.00010521913841371157,1.1237528116255619e-08,3.993009105705377e-08,5.578789795030133e-07,2.1452385893332057e-06,1.7531272609148766e-09,1.1266656481174836e-05,1.8053326658929576e-05,4.88998270523178e-06,9.677467146415095e-10,7.24875294274369e-07,1.7752326796759407e-07,3.88593167490463e-10,0.008185324726951314,0.9707984704242221,1.2479169665129889e-05
67,0.00024120858083233324,1.9467405232298554e-07,0.017445442869719833,1.3628830123752428e-05,7.67034182496968e-06,4.974780369052909e-06,2.3879221958407738e-09,1.2235340765659602e-10,0.0003131353284487647,0.00010077429912837968,8.451365386682976e-09,2.4345707244310945e-08,3.500109491959888e-07,1.930426776171129e-06,1.4375605442378635e-09,1.0652260133666577e-05,2.6354255017762857e-05,4.8009968499142e-06,9.856414152273824e-10,6.660395028696566e-07,2.3660429064857544e-07,2.0919947107400022e-10,0.015535953026085427,0.96628075380814,1.1234928005201666e-05
68,0.0001444182072756294,1.405376952754517e-07,0.010111146561335597,1.020542605016674e-05,8.242084380268726e-06,4.8689538654253225e-06,2.1524737025406746e-09,7.349043939363166e-11,0.000586093800672889,7.007485879168866e-05,6.198098450879484e-09,2.850317039886646e-08,2.2732584427813496e-07,1.8227887768881163e-06,1.5984817386270518e-09,6.912321571737123e-06,1.0450707832279104e-05,2.248950194725093e-06,5.842455432260823e-10,4.905106101405906e-07,1.0021139958829077e-07,1.94086384486794e-10,0.009237593230617567,0.9797912729417013,1.3651277338031867e-05
69,0.000230608307618405,2.35668148987615e-07,0.012236689328889083,1.3034779903530059e-05,8.036701851846153e-06,5.578233118923595e-06,2.7864452042713826e-09,1.297226131287312e-10,0.0005043788664595422,9.452024129131704e-05,9.083866847921032e-09,3.558146932243551e-08,3.3735169008972745e-07,2.047430177770376e-06,2.0193685621468687e-09,1.0564360730240135e-05,1.8954128227491313e-05,3.580258355459839e-06,1.124095206620937e-09,5.319389225690175e-07,1.6805288084883797e-07,3.296973570096997e-10,0.01073373122386236,0.9761218805634341,1.507150977261598e-05
70,0.0002060206542917285,1.9495862906650045e-07,0.011883057454880466,1.41367112332934e-05,1.023175598807956e-05,5.349674815728139e-06,2.647639673231337e-09,1.0340251875158783e-10,0.0005780523232545723,7.73508621859307e-05,8.524570563160921e-09,3.410228769225369e-08,2.9580250605133594e-07,2.081932478604255e-06,1.8934136663797138e-09,6.974104784449329e-06,1.4745311679607576e-05,2.749552711861103e-06,7.558560981057681e-10,5.010968637319248e-07,1.286517325280903e-07,2.6399795189256963e-10,0.010736650051736003,0.9764472480124955,1.4182796564476164e-05
