,0,1,2,3,4,5,6,7,8,9,10,11,12,13,14,15,16,17,18,19,20,21,22,23,24
0,0.007754439542891721,2.9879000809452735e-08,9.972186073434626e-07,1.3812762069115115e-06,2.485919571238278e-05,0.0009844102540040064,0.00377669076842797,2.3077011543145263e-06,0.000690415778460054,0.0008698587815941694,4.873681523326732e-10,7.243530474523318e-08,7.476323843647925e-06,3.69149763018148e-07,3.2757971044368207e-09,0.00010717312283923297,0.059455894355498154,3.0834507244923815e-05,0.001664901300251358,4.1538474095825456e-08,9.688790295770917e-06,3.3344661597915804e-06,0.029982039403116154,0.894532509333221,0.00010027111476311411
1,0.010434492669280813,3.3614197637063636e-08,1.6023889118741308e-06,1.5508826108914923e-06,3.519622404813732e-05,0.001111213887588273,0.0036494362805997377,2.8758226788859947e-06,0.0010069083563762546,0.0012321208634841917,5.768467921314919e-10,6.914432461520001e-08,9.3353899217852e-06,3.3534394111252805e-07,3.4921550103836943e-09,0.00013754926555092597,0.06372854770390429,2.6914597853225124e-05,0.002518118588941808,4.5432598090277716e-08,1.0682976591712502e-05,3.3951142976493414e-06,0.028943821152936203,0.887048958598405,9.679163195489295e-05
2,0.009120586422182834,5.1056145735482123e-08,1.5246680376309159e-06,1.3797531037818973e-06,4.1594011635451285e-05,0.0009734688602397624,0.0035569393071910576,3.4815903971232247e-06,0.00119089912338347,0.001169654754710802,9.352422268074079e-10,9.769606243295023e-08,8.941090932104373e-06,5.557802756179142e-07,7.028842221607918e-09,9.047947269155247e-05,0.0614621136119648,3.566832711062729e-05,0.0018777410854200708,6.960607045648385e-08,1.2498191881024082e-05,3.6221718344727925e-06,0.0426494141596431,0.8776295793010486,0.00016963199395303064
3,0.0073792336039153255,3.27481683088405e-08,9.9889529169005e-07,1.319411123935125e-06,2.50007394586995e-05,0.0009882725492279258,0.00364085846155748,2.221469109214235e-06,0.0006544032289143515,0.0008282661030241811,4.924319527224666e-10,7.669078097224107e-08,7.092688917215655e-06,3.929883406035595e-07,3.5472865042634152e-09,0.00010337368212478129,0.058911821561228365,3.122379378554339e-05,0.0016882153220202747,4.019234332119771e-08,1.0101985290772311e-05,3.504353817161278e-06,0.02995582971138687,0.8956617761783288,0.00010593960212560177
4,0.0071341617619002096,2.8135395323275945e-08,9.408991164800079e-07,1.1919177880532486e-06,2.3093551561754315e-05,0.0008824074437295601,0.00339562688653882,2.0999375325825945e-06,0.0005469073118240055,0.0007703987638278696,4.3753942941301047e-10,6.971729387785214e-08,7.77240227213276e-06,3.857055905335643e-07,3.0419103554771243e-09,0.00010009862237748258,0.05488800200480378,3.0180232282672042e-05,0.0016365964786948168,3.9822255544559165e-08,8.870405609399883e-06,2.9340770717118566e-06,0.026445064439174423,0.9040326486237962,9.047738011294212e-05
5,0.0070340737179926055,3.756425155250151e-08,8.405618067503205e-07,1.572365862209747e-06,2.417307112006731e-05,0.0011217759652668714,0.003634959663822346,2.188351757131965e-06,0.0006331578144544661,0.0007431758626494852,5.154902642313377e-10,7.516990321414411e-08,7.293328232511346e-06,4.289343875699148e-07,3.70021876329084e-09,0.00011239721811071193,0.05605669657727402,4.179245302065006e-05,0.0017219561095255518,4.4323105292672776e-08,9.665901614410928e-06,3.6858729845337773e-06,0.031908736400458944,0.896836594120978,0.00010467443571224571
6,0.0073792336039153255,3.27481683088405e-08,9.9889529169005e-07,1.319411123935125e-06,2.50007394586995e-05,0.0009882725492279258,0.00364085846155748,2.221469109214235e-06,0.0006544032289143515,0.0008282661030241811,4.924319527224666e-10,7.669078097224107e-08,7.092688917215655e-06,3.929883406035595e-07,3.5472865042634152e-09,0.00010337368212478129,0.058911821561228365,3.122379378554339e-05,0.0016882153220202747,4.019234332119771e-08,1.0101985290772311e-05,3.504353817161278e-06,0.02995582971138687,0.8956617761783288,0.00010593960212560177
7,0.01644066943656556,1.914960976653542e-08,1.755452947723828e-06,1.3041784749584193e-06,2.5735704225221496e-05,0.0004522909678349043,0.0040422998284165065,3.7597387260633736e-06,0.0005465419085997786,0.0013690395998463302,5.835786317432962e-10,5.682868675500606e-08,1.5279956432562605e-05,3.1754580864329047e-07,2.0492194629284172e-09,9.739169826550452e-05,0.06303321318790037,1.5386300576638884e-05,0.002174046131890604,4.3211807140206927e-08,4.553964183320674e-06,2.588138537391575e-06,0.01215040487984293,0.8995551778272204,6.812173080306545e-05
8,0.010165557309185388,8.827192150628327e-07,6.706942399690282e-07,1.7897539983926688e-05,0.0002068135209708969,0.049377723176746935,0.013080594584173827,1.564017832727865e-05,0.00909835740702208,0.0007711413392076917,3.7051056861821196e-09,3.498850846764079e-07,1.5330309502386075e-05,7.857003829664797e-07,4.461330800471303e-08,0.0019868552005709106,0.1578890557506225,0.003044806441404502,0.026350379997404035,1.5404712379391419e-07,3.8682474173946445e-05,7.496290385213186e-05,0.07815645279598037,0.6494711349710016,0.00023572273540942924
9,0.0071645765344764195,2.6204367357698e-08,9.382076843866904e-07,9.80912459715512e-07,1.815953938819658e-05,0.0005653500384778317,0.0028282880420810574,1.691999046456569e-06,0.0005276433971693285,0.000830275856504624,4.1255968984186295e-10,5.5829644539361236e-08,5.371403665424983e-06,3.629401681970593e-07,3.0174450492795292e-09,5.709751744012292e-05,0.04751296950964707,1.6466127938866757e-05,0.00109257204932602,3.2524057890116665e-08,7.889449244595827e-06,2.3600819693249542e-06,0.031558248075116695,0.9076936366369244,0.00011500369319642372
10,0.0073792336039153255,3.27481683088405e-08,9.9889529169005e-07,1.319411123935125e-06,2.50007394586995e-05,0.0009882725492279258,0.00364085846155748,2.221469109214235e-06,0.0006544032289143515,0.0008282661030241811,4.924319527224666e-10,7.669078097224107e-08,7.092688917215655e-06,3.929883406035595e-07,3.5472865042634152e-09,0.00010337368212478129,0.058911821561228365,3.122379378554339e-05,0.0016882153220202747,4.019234332119771e-08,1.0101985290772311e-05,3.504353817161278e-06,0.02995582971138687,0.8956617761783288,0.00010593960212560177
11,0.007006272678846057,2.6721491849030846e-08,9.384453111940862e-07,1.1308921072546047e-06,2.2040224406908064e-05,0.0008662201925880691,0.0034541756396699124,2.2348502268603945e-06,0.0005691565517486236,0.0007998665825560596,4.290525432739315e-10,7.083897547371542e-08,7.680871475691049e-06,3.578659496655235e-07,3.0663914273610645e-09,9.840592288505893e-05,0.055816401019906904,2.8888134365959316e-05,0.0015803586430197874,3.8646288180244025e-08,8.83496195791552e-06,2.985622603664269e-06,0.025965632060481615,0.9036796058381371,8.867329955639966e-05
12,0.00637477383656727,3.077358429389026e-08,8.764710818350744e-07,1.2677015769307223e-06,2.7021129006730213e-05,0.0010096959915827178,0.0035323188665579816,1.7286157864627414e-06,0.000609215291191508,0.0007337532138310339,4.669565605774785e-10,7.549304076404387e-08,6.497917842143068e-06,4.5784110391467044e-07,3.3659582668613374e-09,9.705300318669465e-05,0.05481811809462987,3.472389905110207e-05,0.0014463777928458085,4.364748559678172e-08,1.0685601703551642e-05,2.954194652654137e-06,0.03583100536236421,0.8953477247755054,0.00011359665290669395
13,0.022092242993442264,3.4023435299799254e-08,3.41322938457841e-06,2.1973896148523647e-06,5.193007013946397e-05,0.0003681078658302234,0.005713741835659436,4.977573681153504e-06,0.0009476024699503131,0.0015106133891502921,5.220229401746337e-09,2.3163592521753076e-07,1.4741421661229494e-05,2.4794183400137283e-06,1.5501185990963287e-08,0.00011972869908265247,0.08309249899868203,5.142595636233933e-05,0.0012054920547977998,1.620211907833536e-07,2.0878566109997037e-05,2.8880285582277013e-06,0.0691109073218333,0.815455548245382,0.0002281360703712707
14,0.007517896922856335,4.2052875611942476e-08,1.1197122686562683e-06,1.5219989895199317e-06,3.0059809375761052e-05,0.0011752192895275679,0.0035430325989935416,2.3006691036391796e-06,0.0007141300207333998,0.0008673011023693695,5.8673404518686e-10,7.942960111413115e-08,7.9407459352775e-06,4.301308220094848e-07,4.134392476119926e-09,0.00011719531126366975,0.059878513034144355,3.828445451183527e-05,0.0020589627306355257,4.7138846689509754e-08,1.1098205834926077e-05,3.852328202669489e-06,0.03227144314756106,0.89164862828577,0.00011089615865083963
15,0.0073792336039153255,3.27481683088405e-08,9.9889529169005e-07,1.319411123935125e-06,2.50007394586995e-05,0.0009882725492279258,0.00364085846155748,2.221469109214235e-06,0.0006544032289143515,0.0008282661030241811,4.924319527224666e-10,7.669078097224107e-08,7.092688917215655e-06,3.929883406035595e-07,3.5472865042634152e-09,0.00010337368212478129,0.058911821561228365,3.122379378554339e-05,0.0016882153220202747,4.019234332119771e-08,1.0101985290772311e-05,3.504353817161278e-06,0.02995582971138687,0.8956617761783288,0.00010593960212560177
16,0.006033353160369868,1.907780337147638e-08,9.887291231504303e-07,1.3544256783534786e-06,2.1914669883783332e-05,0.0008616392654417069,0.004041755190304024,1.8498482021464859e-06,0.000350315690568268,0.00060007754239351,5.995242957586678e-10,1.120151204088769e-07,9.47453878411676e-06,6.922506080965771e-07,3.376064473352623e-09,0.00016780534215381202,0.05442021064885674,5.7121122280006674e-05,0.0013741944922222873,6.015220840810641e-08,1.2786756184285317e-05,2.57690264143598e-06,0.029736021982437005,0.9022416302311903,6.404198995629934e-05
17,0.010063449673618349,2.0544461705788655e-08,1.0703295080391726e-06,1.3963116400546393e-06,2.4658301445723685e-05,0.0005386017643981244,0.0055842817387160995,2.1282116968187686e-06,0.0004789716366661419,0.0006342015259245757,5.368518278175031e-10,1.0909709869551111e-07,7.28927431781267e-06,6.017861235001548e-07,2.6252661626583966e-09,9.248045614503088e-05,0.068844456598298,2.2314561915124904e-05,0.0009019475112229127,4.051775513848802e-08,1.0581386186138909e-05,3.1282770667599535e-06,0.026940635974035728,0.885726879284153,0.0001207520754886127
18,0.007587125967355868,3.2138873223747006e-08,5.947915251522853e-07,1.017470343724302e-06,1.9265514867393592e-05,0.0006055900909748905,0.003247188471726183,1.6434688929154663e-06,0.0005303504881041879,0.0006932130146021135,4.5755038065833793e-10,6.543322710451605e-08,4.80778054939642e-06,4.313221828776143e-07,3.124345970069871e-09,5.085029351118053e-05,0.09021467374863365,2.7532169469471523e-05,0.0012492537587442147,3.110078129806087e-08,7.718710681467747e-06,4.037517838591306e-06,0.03236218953137602,0.8632017770161589,0.0001906066176839969
19,0.0065702875998633285,1.69716790052197e-08,1.0629886118568438e-06,1.1216674016192366e-06,1.9505563946634722e-05,0.0008759883084295527,0.004310295564774773,2.5858152549073044e-06,0.0005386971511352447,0.0011518458124210415,3.2630946020500954e-10,7.68583539108952e-08,8.143835643732786e-06,2.211310588046425e-07,2.0532690151135427e-09,9.554954992015874e-05,0.05535339689668427,1.645914003197548e-05,0.0012404519777818768,3.5342462207104983e-08,7.742887137655738e-06,3.2185566252316598e-06,0.017465135343778568,0.9122664023944158,7.175626300940127e-05
20,0.0062636081343098995,9.122239289864371e-08,1.2045632233493153e-06,1.7933136949053706e-06,2.3083277080579688e-05,0.001526932811249527,0.003562296329797414,3.871239647401225e-06,0.0008821720664117423,0.0008126840443356819,7.874557849296817e-10,1.4213265606757927e-07,6.336689955875072e-06,4.5085214657487045e-07,9.695408080962067e-09,0.00012881926726179065,0.06272433318180246,4.817822950507705e-05,0.002129123639993388,4.362043548232099e-08,1.7282752456347137e-05,8.723092423165568e-06,0.034855997222879284,0.8868596633959086,0.00014315843756868522
21,0.011981484010267428,4.006916409789702e-08,1.4917617643443795e-06,2.520962276396942e-06,3.885360681449434e-05,0.001113100204588162,0.004830857710384509,2.4977805499168692e-06,0.0007987679773708416,0.0009426488410497824,1.2008244517436752e-09,1.2762254787407138e-07,9.562690882203441e-06,9.665828636568859e-07,5.752205764301587e-09,0.00017098878136835263,0.06156789822455884,5.436962303239598e-05,0.0019014328916150732,7.477756116308811e-08,1.4833068018315613e-05,3.734397386887347e-06,0.045741683837861764,0.8706840238249871,0.0001380338000560085
22,0.008667775034664255,2.8304615489102305e-08,1.6040375170600185e-06,1.927309880200034e-06,3.109009160197429e-05,0.0008956733845210587,0.004472983280475909,2.3142240612475354e-06,0.0006490619075347153,0.0011296430798197036,9.911181109635484e-10,1.0000382502199575e-07,9.03221506691616e-06,5.370120325896694e-07,3.973417689793734e-09,0.00013852718845266374,0.09129774539509514,4.2720881536371634e-05,0.001658975388045403,7.098240988958864e-08,1.484098212076015e-05,4.209375814491902e-06,0.037717264547392944,0.8531519124906332,0.000111957918347235
23,0.0073792336039153255,3.27481683088405e-08,9.9889529169005e-07,1.319411123935125e-06,2.50007394586995e-05,0.0009882725492279258,0.00364085846155748,2.221469109214235e-06,0.0006544032289143515,0.0008282661030241811,4.924319527224666e-10,7.669078097224107e-08,7.092688917215655e-06,3.929883406035595e-07,3.5472865042634152e-09,0.00010337368212478129,0.058911821561228365,3.122379378554339e-05,0.0016882153220202747,4.019234332119771e-08,1.0101985290772311e-05,3.504353817161278e-06,0.02995582971138687,0.8956617761783288,0.00010593960212560177
24,0.00931383142053375,5.1111668451315276e-08,1.2202450937806497e-06,2.255949137347536e-06,3.748535185826647e-05,0.0012287510529041276,0.004049782645544652,2.270364678705013e-06,0.0007263184820947097,0.0008794967215805241,7.310197203931583e-10,9.219116205968604e-08,8.711495968230298e-06,5.509673436836529e-07,4.003461897556959e-09,0.0001281100533493854,0.06355395852119682,4.1768238191720116e-05,0.0020116265380265524,5.696334577503073e-08,1.137990162821217e-05,4.525788469256896e-06,0.03335814928625248,0.8845050945064202,0.00013450746906956248
25,0.014136438408040542,1.8157220138635546e-08,1.463620372512236e-06,1.6321001951360502e-06,2.9926790329794543e-05,0.00045714449791807,0.006328021707381996,3.701433155366522e-06,0.0005959912061738806,0.001070035908320298,1.1587528157404141e-09,1.0884923261969922e-07,1.3129139739884751e-05,7.261733695806029e-07,3.702912164192132e-09,0.00010682055563324609,0.0744488133638988,3.1833014904149046e-05,0.0011144418339437028,7.51218352466006e-08,8.394781683760617e-06,2.71809290122211e-06,0.02674115370912761,0.8747994612860824,0.00010794538687504121
26,0.03233899325934671,4.085330762345033e-06,8.282585985550689e-05,0.0003639614440622089,0.00023993199348720256,0.01166234030609888,0.03317184364647084,0.00012622962170842243,0.0010458518590378653,0.006130830972764133,2.5719685750853273e-07,0.00011585495243669205,6.593736581973292e-05,4.9423935415964614e-05,1.0132009442113452e-06,0.009040936138567114,0.1273938834161236,0.000296925875733983,0.010734962435828664,9.208975741000184e-07,0.00040385590194671637,0.001258982551255829,0.021580658640732112,0.743123210264033,0.0007662829331367097
27,0.00642126402022596,2.0333533280639825e-08,9.755431070417352e-07,1.0537669698700796e-06,2.296953413239167e-05,0.0008008835427876527,0.003451981618417715,1.6728538132127088e-06,0.0004708860203343736,0.000724222382280453,3.9413627220982006e-10,6.584700779372578e-08,7.5057527650504525e-06,3.851191941241193e-07,2.460046100465171e-09,0.00010069480378211737,0.053619693584067145,2.8511272279220775e-05,0.0013985685032085879,4.109855214475467e-08,9.577961829058499e-06,2.3290095673334076e-06,0.02785491842871439,0.9050050050167662,7.67711324824241e-05
28,0.0073792336039153255,3.27481683088405e-08,9.9889529169005e-07,1.319411123935125e-06,2.50007394586995e-05,0.0009882725492279258,0.00364085846155748,2.221469109214235e-06,0.0006544032289143515,0.0008282661030241811,4.924319527224666e-10,7.669078097224107e-08,7.092688917215655e-06,3.929883406035595e-07,3.5472865042634152e-09,0.00010337368212478129,0.058911821561228365,3.122379378554339e-05,0.0016882153220202747,4.019234332119771e-08,1.0101985290772311e-05,3.504353817161278e-06,0.02995582971138687,0.8956617761783288,0.00010593960212560177
29,0.0073792336039153255,3.27481683088405e-08,9.9889529169005e-07,1.319411123935125e-06,2.50007394586995e-05,0.0009882725492279258,0.00364085846155748,2.221469109214235e-06,0.0006544032289143515,0.0008282661030241811,4.924319527224666e-10,7.669078097224107e-08,7.092688917215655e-06,3.929883406035595e-07,3.5472865042634152e-09,0.00010337368212478129,0.058911821561228365,3.122379378554339e-05,0.0016882153220202747,4.019234332119771e-08,1.0101985290772311e-05,3.504353817161278e-06,0.02995582971138687,0.8956617761783288,0.00010593960212560177
30,0.0073792336039153255,3.27481683088405e-08,9.9889529169005e-07,1.319411123935125e-06,2.50007394586995e-05,0.0009882725492279258,0.00364085846155748,2.221469109214235e-06,0.0006544032289143515,0.0008282661030241811,4.924319527224666e-10,7.669078097224107e-08,7.092688917215655e-06,3.929883406035595e-07,3.5472865042634152e-09,0.00010337368212478129,0.058911821561228365,3.122379378554339e-05,0.0016882153220202747,4.019234332119771e-08,1.0101985290772311e-05,3.504353817161278e-06,0.02995582971138687,0.8956617761783288,0.00010593960212560177
31,0.01083157582532516,2.5140436977747865e-08,1.4321564323267772e-06,9.295380706670524e-07,2.050445952693064e-05,0.0005105585187766658,0.0031547902737532807,3.865931850484881e-06,0.000545332152189287,0.0007196195942798291,4.509117044486564e-10,6.908547449250905e-08,1.1762099747881587e-05,3.254506557031587e-07,2.9814884055542454e-09,0.00010480981175359,0.059592206775902545,2.3744211562525845e-05,0.0020094474506745555,3.669762093753556e-08,7.477430818945567e-06,2.662474277120008e-06,0.016437593713725437,0.9059576191884622,6.360858628258368e-05
32,0.007298259740831983,3.483954876105945e-08,1.0100597479711917e-06,1.2446556060211587e-06,2.438066234177578e-05,0.0009797032868588923,0.0031581185742893974,2.174367233778304e-06,0.000614849011010099,0.0007942677673216189,4.607667847394535e-10,7.048681424197675e-08,7.3971020989047486e-06,3.7658750617312127e-07,3.4670931858032146e-09,0.00010329531431181817,0.05749681925408201,3.1733335364201276e-05,0.00191502063285608,3.8371179957840375e-08,9.712428343668513e-06,3.3716212236143865e-06,0.02801033136847605,0.8994494520731627,9.833453193055803e-05
33,0.030226153722731946,1.4570051213312115e-07,9.618056176284114e-06,6.153280102909391e-06,0.0003411828719447562,0.0015910322244256556,0.009526524807170747,8.785644833953068e-06,0.02736256799918229,0.0074736097855344,4.05835207754179e-08,3.584311130084117e-07,4.572858129030128e-06,3.1560455193941507e-06,1.531369010263446e-07,8.089448889331101e-05,0.05677410496014441,3.1486182489801926e-05,0.000959588001674613,3.3792433673652395e-07,8.713277891397856e-05,4.963460249768007e-06,0.5474939084004343,0.3158994682915153,0.002114060363549436
34,0.021383364076735537,2.8879830832373192e-08,1.6771279089623406e-06,1.3948260238605895e-06,4.003612117006471e-05,0.0005309371902646471,0.0035747448839902594,2.9326523284880394e-06,0.0008075715445972171,0.0009716408014020332,7.966750898104222e-10,6.040888445215304e-08,1.2702531001212569e-05,6.0071797697265e-07,3.149503013938063e-09,0.0001080566419783844,0.06803092239267262,2.8737232101477448e-05,0.002798194541721988,4.722079593896501e-08,7.000573669997066e-06,2.3444305948203258e-06,0.024548427022017198,0.8770448025879334,0.00010377164822169679
35,0.001993678452786574,1.1285346065837003e-08,7.131349170312315e-07,6.885638446154881e-07,1.53148130292628e-05,0.0007640813224344392,0.002635716879913688,4.251754525913372e-07,0.00015208757882124836,0.0004906001574467537,2.4242970449530204e-10,6.327242598648934e-08,4.130401490486203e-06,4.756278848232702e-07,1.6234146818989753e-09,7.279223423420166e-05,0.03392959933179328,2.263402597322907e-05,0.0006108393578556895,4.142541170147374e-08,1.2653947629614519e-05,1.3145545955404005e-06,0.036794977555724626,0.9224361179454549,6.104108968938957e-05
36,0.007520658373410479,2.2785844558364234e-08,6.557557139413832e-07,1.0720225363991857e-06,1.4937126354794433e-05,0.000688066147913025,0.006080532244655123,3.4059865470582306e-06,0.00048044823185656115,0.0006227369901316114,5.412696941640628e-10,1.6622237063493236e-07,6.463302427263762e-06,4.87962262983197e-07,3.991845950770894e-09,0.00010389000779069877,0.09666899663412094,3.845088740610003e-05,0.0011719379754681321,3.157268209141829e-08,9.218931996913222e-06,6.596750491520369e-06,0.01951973656235025,0.8669419903055373,0.00011949268701596194
37,0.011738545351312675,3.123474652554363e-07,2.425294984950605e-06,3.9043260179846824e-06,8.112679158389679e-05,0.006242094926192963,0.004705228733465293,1.7775397143257077e-05,0.009423438360658077,0.004377316704037224,2.3537189918624834e-09,1.801158035688986e-07,9.973791594064233e-06,2.275047382126424e-07,2.9817368915498296e-08,0.00017153303288482217,0.1202933746179037,6.570315311399172e-05,0.006959525650807864,8.592613626590037e-08,2.1629057793801783e-05,2.711127122421809e-05,0.056977309601267255,0.7784895277668084,0.0003916181059744425
38,0.0044647298297214155,2.52654037499626e-08,7.691025347741272e-07,9.96179336962304e-07,1.7372921941472037e-05,0.0012915833867861454,0.0033017747978883057,1.6707262034484445e-06,0.000450655192076293,0.0006156713256760031,3.451529229475684e-10,7.790270805496649e-08,6.5981804025783605e-06,3.3229573710024923e-07,3.3825502219900404e-09,0.00013705379088501532,0.04575352484732345,4.038305885948523e-05,0.0017108186173613504,3.2501240463634195e-08,1.1907032088430786e-05,3.049579681120089e-06,0.02938555119955798,0.9127440146227113,6.140391617201249e-05
39,0.0040243395707394375,3.8585984979381574e-08,1.1284956593746913e-06,1.042376115117872e-06,1.7718322870346963e-05,0.001684401558997991,0.0026674901132421637,2.626952629886324e-06,0.000577645079103277,0.0005418264602286909,2.4298030660811783e-10,9.238406709872151e-08,6.3225556095564435e-06,1.8975406908822812e-07,3.4311600804821478e-09,0.00016590631658619973,0.06450968084895735,3.439354466446799e-05,0.0021559222429750656,2.9723433057794805e-08,2.0040649489681066e-05,4.992815455823728e-06,0.024360541816559562,0.8991648018489183,5.8824309503106715e-05
40,0.011843681697833298,4.3102919551160365e-08,1.919315603255104e-06,1.2426499375302934e-06,5.024609825266658e-05,0.0006102309727464652,0.0038634772656238343,2.0401279096651556e-06,0.0005310823720591275,0.000695835411657695,8.960130899194461e-10,1.3648936233569995e-07,9.18177761152291e-06,1.105349866313007e-06,4.9771487218855735e-09,9.56793304490279e-05,0.06535118505631024,2.9587857039946014e-05,0.0018391549735142525,5.50318066958269e-08,1.3919041755966537e-05,3.2520959323649427e-06,0.029806702528431206,0.8850871390775649,0.00016309650265018623
41,0.008715110673493062,4.4357312374751144e-08,1.212711737620888e-06,1.6989012234940913e-06,3.35150960993464e-05,0.0012111447531337526,0.0038467113108983956,2.7585849561142163e-06,0.0008854395242830685,0.0009334237058039957,6.387731025658109e-10,8.130459416680454e-08,8.387687927820612e-06,4.3761659504651233e-07,4.433133034349685e-09,0.00012653383034882734,0.05925644143326732,3.837526825185923e-05,0.0021293743065273446,4.929933597714526e-08,1.1184047643951908e-05,3.914340754390677e-06,0.03322422140992623,0.8894545492056368,0.00011538555834272297
42,0.009952633162305968,1.1877149821338985e-07,2.098202056562782e-06,2.664464931237185e-06,2.694822390413188e-05,0.0023315577697443995,0.0034232534938522085,7.182439352320681e-06,0.0013375748717145632,0.0010361676339482927,5.726963148131599e-10,1.106855045139394e-07,8.594131776043722e-06,1.714030604551637e-07,6.286629335959312e-09,0.00025657862688291194,0.10497845575393015,3.8497456856416814e-05,0.00558937470279458,3.2097747562525555e-08,1.836624628190185e-05,1.5950413440275723e-05,0.01851618162282203,0.8523681778890909,8.930307717876499e-05
43,0.010181417782277125,4.061530181285958e-08,1.0924340022841226e-06,1.5986335423844606e-06,3.093150187694217e-05,0.0008765039591849667,0.004281102069033728,2.319916203495675e-06,0.0007185665724472813,0.0007917292972340624,7.2916396655704e-10,8.800741782358945e-08,7.4565889102120815e-06,6.190269729294266e-07,4.394745549420668e-09,0.00010514387454196018,0.06039151386155322,3.574029343952232e-05,0.0017785429939043763,4.466454220559875e-08,9.519164743433984e-06,3.634188656977763e-06,0.034061381364730615,0.8865733485475085,0.00014765951806457948
44,0.0073792336039153255,3.27481683088405e-08,9.9889529169005e-07,1.319411123935125e-06,2.50007394586995e-05,0.0009882725492279258,0.00364085846155748,2.221469109214235e-06,0.0006544032289143515,0.0008282661030241811,4.924319527224666e-10,7.669078097224107e-08,7.092688917215655e-06,3.929883406035595e-07,3.5472865042634152e-09,0.00010337368212478129,0.058911821561228365,3.122379378554339e-05,0.0016882153220202747,4.019234332119771e-08,1.0101985290772311e-05,3.504353817161278e-06,0.02995582971138687,0.8956617761783288,0.00010593960212560177
45,0.008234165702308125,4.0840244077300106e-08,1.1085734791217973e-06,1.6186631666552717e-06,3.3324753500661864e-05,0.0010835371755391716,0.003466977276836498,1.618536088584778e-06,0.0007550749084838552,0.0008745250126585133,6.388652544704061e-10,7.999531337143867e-08,6.113039379656112e-06,5.242185168745915e-07,3.83528754485058e-09,9.323714955175096e-05,0.06709217020295187,3.2885451293118206e-05,0.00166385832470468,4.7822326634580674e-08,1.255262643290313e-05,3.5968296399771563e-06,0.045358348221045695,0.8711207351350292,0.00016385506735623894
46,0.007741010364942968,1.7543259484677854e-08,9.36183283234204e-07,1.1746812602018227e-06,1.6823411308656745e-05,0.000719037666442957,0.0036869112017568076,1.8669419932511292e-06,0.0003913512411987458,0.000770953408684954,3.057185355859257e-10,6.780052300481249e-08,7.2128542673756034e-06,2.2665064749061278e-07,1.4945001921376876e-09,8.92384892827083e-05,0.08998426763271347,1.868553394356592e-05,0.0013312266325828913,3.0612563021006715e-08,8.654770386694793e-06,3.761762741609883e-06,0.018221878503481292,0.8769285507540124,7.611355850442006e-05
47,0.005367844063751989,9.433232387431522e-08,1.0960254427412336e-06,1.9329536989979322e-06,5.658912837977769e-05,0.002241347945059644,0.0037286852466784253,2.609328111440176e-06,0.0018271368117920854,0.0013518848518631445,1.3614218336623338e-09,1.0331329902457102e-07,5.857382967859532e-06,7.848371677576658e-07,1.3871889649651982e-08,9.353363144141009e-05,0.052070889263632715,7.05248016959786e-05,0.0018821075462221166,9.353497234825367e-08,1.8182439528927624e-05,4.54705095773986e-06,0.09247221801250204,0.8385123934167652,0.0002895288484333287
48,0.006840940567173437,2.863024249125869e-08,8.934139998769354e-07,1.1391206275638e-06,2.119252096262739e-05,0.0009008530845999578,0.0032849398095638914,2.1204400008244327e-06,0.0005635276379368222,0.0007851395304864699,3.941207104742048e-10,6.665876881141154e-08,6.930507749039522e-06,3.268366969375923e-07,2.9525296346555302e-09,9.405846099392515e-05,0.058045061562591926,2.7870670274411904e-05,0.0016506039155371193,3.4985329022343506e-08,8.769125162311073e-06,3.245696018419716e-06,0.025580523432764617,0.9020899556877205,9.177435814883561e-05
49,0.006447324182370309,4.3800896219878996e-08,1.27168106340066e-06,1.5668048191186557e-06,2.607585981606828e-05,0.00142117305668291,0.0037661495469523457,2.8490818628319723e-06,0.0007284474517265982,0.000981471906715795,4.800296405182397e-10,1.0340757628710741e-07,7.338293346563846e-06,2.8725233550718224e-07,4.001470738268753e-09,0.00012284072789876628,0.06783065941372333,2.933822943456206e-05,0.0019436876145623538,4.188513471227786e-08,1.3596578008984627e-05,5.819432836765472e-06,0.025849477402467142,0.8907157907037737,0.00010464120449527116
50,0.007987348719389145,5.876299600139313e-09,6.429518984346424e-07,5.617548742691773e-07,1.2318372892500418e-05,0.00029337216952503146,0.004031931245194155,1.941744883200722e-06,0.0002656739659989176,0.0007731553488586186,2.3930977661042667e-10,4.526498500437806e-08,9.119964723299603e-06,2.881342353568094e-07,1.0900763204184998e-09,6.058851937774748e-05,0.0432631170492183,1.2792374193887575e-05,0.0008169790261748029,2.7822638081033704e-08,3.0980987898528057e-06,1.151293744219259e-06,0.011581314478547098,0.930838825671079,4.569882309328624e-05
51,0.017435137969004432,2.285369733221e-06,2.52096684599532e-06,2.80043955694145e-05,7.600561196836105e-05,0.008089998037226502,0.006008749690062361,1.943546565925031e-05,0.005599097629070455,0.0018017533129410694,7.613772097800654e-09,4.6505320533699405e-07,9.409586090324914e-06,1.232713786985499e-06,9.580264808186791e-08,0.00036050437755439854,0.10486714443301748,0.000218015464000338,0.007508781604615912,1.2220272563251546e-07,4.2727020080172164e-05,9.83563523824145e-05,0.09027707141857227,0.7567043379904739,0.000848739918993393
52,0.007669539494230722,3.204189197010901e-08,7.821433839654462e-07,1.7739614780192436e-06,2.7120153181439566e-05,0.0016119067541837497,0.0033319245925559704,3.5198698683224764e-06,0.0008360081701874834,0.0015266545088510465,6.574269195392672e-10,7.688857074199327e-08,1.096518106826726e-05,4.0752508627922543e-07,4.872325379816504e-09,0.0001318742169453578,0.04191797416550256,5.863152820600874e-05,0.002392955416228736,6.516619443190209e-08,6.9408687907622614e-06,3.3465422189565226e-06,0.02602350161370553,0.9143669983984073,7.699526950988552e-05
53,0.005013129568504788,1.4183273118918318e-08,8.626633341532166e-07,1.2431213995426964e-06,2.5012333411217197e-05,0.0008043488983483861,0.00670293032767576,1.307443573089992e-06,0.000546310786163269,0.0007359932402798162,6.442717618706963e-10,1.0855118908533999e-07,5.670922569749787e-06,6.686504080966795e-07,3.3101037005441028e-09,0.00010111317901033275,0.05288402690951853,3.447513105002412e-05,0.0006036775584317998,6.091550319064825e-08,1.425444378567662e-05,2.223725428729031e-06,0.0572324914224814,0.8751684226148623,0.00012164945542264339
54,0.009122466661180731,1.1179589397807613e-07,8.420698522374199e-07,2.1509920487540937e-06,2.4163358889600112e-05,0.0014407723351111523,0.003939306208531941,3.1291389578248813e-06,0.000961656869088164,0.0008238936782404543,6.599200267998402e-10,1.0487235357364532e-07,4.648535221691441e-06,5.098990761231262e-07,8.329932781231963e-09,9.866758173150286e-05,0.05623052444272452,3.26732427322461e-05,0.0023102331825750576,2.6110122716048424e-08,1.063867263018213e-05,8.810749068383696e-06,0.032609781214034905,0.8921321297976815,0.00024274960239983276
55,0.008639759570093636,5.2278012174976497e-08,1.4405640680840025e-06,1.7548809046526021e-06,2.996716863724973e-05,0.001031080910573815,0.0031239632171904718,1.985567872322976e-06,0.0007374871022359622,0.0010320861820656872,6.516248382854165e-10,5.435091912641949e-08,6.5137222145528486e-06,3.5795521730267184e-07,3.922554993241486e-09,9.381110181294013e-05,0.07170444715048588,2.649620656846851e-05,0.0022910117625121154,4.147479019264102e-08,1.16524771262335e-05,4.309982152151473e-06,0.035151947881239265,0.8759807311717074,0.00012904274742059807
56,0.00715516800372874,2.886975673951608e-08,9.590255563084987e-07,1.2344339734334726e-06,2.340055186410234e-05,0.0009304708118908695,0.003539813432258939,2.246345442712435e-06,0.0005963120014978547,0.0008148314537155291,4.5123934176263585e-10,7.34144991642198e-08,7.68719691108114e-06,3.7201127226145786e-07,3.1890571492938136e-09,0.00010188040618758955,0.0566230965929774,3.0288500402462243e-05,0.001626230430440935,4.0387819341334216e-08,9.254014583110312e-06,3.1712269210049293e-06,0.027086559459359817,0.9013528630309809,9.401475766321672e-05
57,0.0058153620864980805,2.243887378714414e-08,1.6171166147735768e-06,9.249496569633359e-07,2.7434508752883485e-05,0.000883000200484233,0.0033024488122689343,2.3556056985782902e-06,0.0005493971768494928,0.0009740977862503672,3.870966501640758e-10,9.839405380762278e-08,8.807274561740096e-06,3.0029732174806803e-07,2.799082088271246e-09,0.0001116969495513076,0.0615343380019559,2.0357770688570157e-05,0.0015488740158353513,4.590208051484336e-08,1.2871552776448509e-05,3.0783426974371664e-06,0.021770747193827635,0.9033554885184869,7.663191803589884e-05
58,0.005376289509022894,2.158286763872499e-08,7.261235491750972e-07,8.550127467464602e-07,1.7081516689864567e-05,0.000767997051985442,0.0027922054764657317,1.7405228161085497e-06,0.0004233011781064416,0.0006843070540778054,2.8230372271041736e-10,5.7054020854841224e-08,6.556958872258367e-06,2.9010475545503073e-07,2.364684402652342e-09,7.964686728833012e-05,0.04660014514872754,2.4354662374447643e-05,0.001347846134849304,3.100606552861459e-08,7.43227323141027e-06,2.3899482063259374e-06,0.02262678470532501,0.919168135384085,7.18020768826599e-05
59,0.005858478481631025,2.1923546039908933e-08,8.792237401794254e-07,9.333397395334748e-07,1.9336593861953322e-05,0.0007529897534171265,0.0030641872749348404,1.8611644737563672e-06,0.0004523179177250355,0.0007280859147502007,3.302785930009887e-10,6.237544678919798e-08,7.056725303494156e-06,3.1405344501628467e-07,2.477532099906234e-09,8.571657022907794e-05,0.050536875842587745,2.411752858808362e-05,0.0013589797737616615,3.538798906443576e-08,8.283405295706296e-06,2.4897594450918646e-06,0.023575652115897284,0.9134455117004834,7.581036589717925e-05
60,0.0073792336039153255,3.27481683088405e-08,9.9889529169005e-07,1.319411123935125e-06,2.50007394586995e-05,0.0009882725492279258,0.00364085846155748,2.221469109214235e-06,0.0006544032289143515,0.0008282661030241811,4.924319527224666e-10,7.669078097224107e-08,7.092688917215655e-06,3.929883406035595e-07,3.5472865042634152e-09,0.00010337368212478129,0.058911821561228365,3.122379378554339e-05,0.0016882153220202747,4.019234332119771e-08,1.0101985290772311e-05,3.504353817161278e-06,0.02995582971138687,0.8956617761783288,0.00010593960212560177
61,0.0063804984777014635,2.462345903366262e-08,9.54198090454695e-07,9.900963511335441e-07,2.098373398800645e-05,0.0007875166659418317,0.003089360959469977,1.8896060273889233e-06,0.0004951738298593766,0.0007461510701526682,3.6662393528955594e-10,6.624435694154406e-08,6.981153684110865e-06,3.416715648620696e-07,2.744769791040719e-09,8.933101797253572e-05,0.05273363790855428,2.4661074165869392e-05,0.0014691061236584088,3.5482089536570753e-08,9.042676606784891e-06,2.665764250324731e-06,0.02539630531150523,0.9086601628600577,8.411633909842682e-05
62,0.0073792336039153255,3.27481683088405e-08,9.9889529169005e-07,1.319411123935125e-06,2.50007394586995e-05,0.0009882725492279258,0.00364085846155748,2.221469109214235e-06,0.0006544032289143515,0.0008282661030241811,4.924319527224666e-10,7.669078097224107e-08,7.092688917215655e-06,3.929883406035595e-07,3.5472865042634152e-09,0.00010337368212478129,0.058911821561228365,3.122379378554339e-05,0.0016882153220202747,4.019234332119771e-08,1.0101985290772311e-05,3.504353817161278e-06,0.02995582971138687,0.8956617761783288,0.00010593960212560177
63,0.00764756984814878,4.852954791427014e-08,1.0423120785070646e-06,1.5109677306437534e-06,2.7321151448046142e-05,0.0011440073453360539,0.00343906402923765,2.436013863566759e-06,0.0007637443849760756,0.0008382507638593011,5.717671520814474e-10,8.029270847145436e-08,6.9611409988202235e-06,4.2413230429057637e-07,4.645452341145656e-09,0.0001063758080372289,0.05987907435328191,3.5648787213747e-05,0.001998732410034677,4.0871825650547016e-08,1.1129130290235145e-05,4.284714704886696e-06,0.03328061416212051,0.8906836425616261,0.00012799107140741385
64,0.006157576593301469,3.112637052506591e-08,1.2223380713364443e-06,1.189213402841969e-06,2.5063950580780967e-05,0.0010025692319461195,0.0032860283996091217,1.8639422919311864e-06,0.0005917509569847419,0.0007708322499603425,4.6017507811782906e-10,8.582089157352243e-08,6.605548134892152e-06,3.8797758341533485e-07,3.5283176231380795e-09,0.00010624486204121233,0.06166865951844211,2.790031028469499e-05,0.0015224750209160258,4.1517519218110716e-08,1.4717896857620697e-05,3.3738846134101215e-06,0.034102962288338395,0.8906080944899911,0.0001003188733742849
65,0.00501690344945051,3.915587688681061e-08,8.228795434266597e-07,1.284308441332475e-06,2.2388712444576756e-05,0.001201563677484554,0.0031159900989925983,1.6769546204676815e-06,0.0005876220250289709,0.0006667941772840462,4.1062819350341245e-10,8.014843538880217e-08,5.449561002996204e-06,3.952119984913093e-07,3.883925525976164e-09,9.57023103021586e-05,0.053879952758755574,3.562954848029785e-05,0.0014333474718429247,3.9501379248807355e-08,1.2967839386769448e-05,3.6867975142718596e-06,0.038408192139814806,0.8953904512890527,0.00011901568831333872
66,0.009377394552142503,4.564622431816565e-09,1.7320035937685428e-06,7.751284070614671e-07,3.397694296144715e-05,0.0004549061995446325,0.004169982148062496,1.6398813065991573e-06,0.00035275847050735286,0.0011090895058611305,2.582981511324844e-10,4.390923687181891e-08,1.8532624988218566e-05,2.336095423799014e-07,6.285835967895788e-10,0.00011308586149775339,0.055578392022707354,1.3011617677058435e-05,0.0011792556415142572,5.8331331012332294e-08,6.267598241484137e-06,8.329644188951625e-07,0.013712074159005137,0.9138455637596397,3.0387616308845154e-05
67,0.0042644874578674505,4.278692452625337e-08,7.034508070752683e-07,1.363236671574367e-06,1.8694620309800552e-05,0.0013549831651797435,0.002998220322630146,1.3791222903099484e-06,0.0005217053592863744,0.0006245621498164514,4.012090375246552e-10,7.285801878362357e-08,4.630441763463657e-06,3.745691883919809e-07,3.9015266021764954e-09,8.948038888688315e-05,0.05609255957332717,3.808782283947241e-05,0.0013946573870655694,3.7675097624345986e-08,1.3244366911011799e-05,4.024583701441872e-06,0.0436656178957777,0.8887797299588162,0.00013133650408701298
68,0.00301105484590129,3.6109898184896034e-08,7.253352745301984e-07,1.0267017490441293e-06,1.910734360889735e-05,0.0018462871021308186,0.0037381530389253353,2.528352376854619e-06,0.0005777433594150227,0.0006748809059869605,3.5726899068933887e-10,1.3972606394363444e-07,5.728763961823825e-06,3.1639058869158224e-07,5.234851409565571e-09,0.00010157698556654709,0.04732555082416576,4.406287079639144e-05,0.0011290886161552773,4.616683218660653e-08,1.657489229769607e-05,4.8428356852598775e-06,0.03212092194955666,0.9092835397109125,9.60615800298235e-05
69,0.007739875385600658,3.697668323557416e-08,1.057616200886596e-06,1.4640164647868192e-06,2.807219628409127e-05,0.0010764371217119007,0.0038762758040098043,2.353306480761507e-06,0.0007585486808453088,0.0008881432634979521,5.965385532662694e-10,8.31637862095678e-08,7.252020765627204e-06,4.333790605733949e-07,4.138594271471258e-09,0.00010685732086717029,0.06323726648561472,3.54078599812249e-05,0.0017442254714332027,4.5850387078140084e-08,1.1148378137503066e-05,3.846679409546841e-06,0.03455892489998195,0.8858002870882039,0.00012195229945887592
70,0.008810054382394888,4.3243585802399674e-08,1.5129081506712324e-06,2.334945603550929e-06,3.681835300642792e-05,0.001529818062903199,0.004988468365152327,2.76873027718504e-06,0.000992824982707898,0.0011008603908053798,7.714203307805055e-10,1.009124854828644e-07,8.381563662902875e-06,4.509201872922987e-07,4.486238517481905e-09,0.00015973867547398144,0.06353141754343546,3.76031540928945e-05,0.0019505148824566123,5.975372016277412e-08,1.4260590482974988e-05,4.6268259660796125e-06,0.038421594995076414,0.8782798637384281,0.00012587682228527305
71,0.008101008274829187,1.0097117238629327e-07,1.4913523399930869e-06,2.0483773006363297e-06,3.4480624164331306e-05,0.0016935873441967363,0.0028242482659210414,2.4432482387672044e-06,0.0009443979415694575,0.0007957289919585072,8.555685655380481e-10,1.0714994071428946e-07,6.585687302285142e-06,5.333669587761459e-07,7.731796317816588e-09,0.00014433273717846473,0.06972623480552416,5.3388809302425224e-05,0.0031833717329755764,4.711084477969782e-08,1.8734575231692005e-05,6.787635392537364e-06,0.045891413633966295,0.86640759979212,0.0001613189842064435
