,0,1,2,3,4,5,6,7,8,9,10,11,12,13,14,15,16,17,18,19,20,21,22,23,24
0,0.00024469260022982176,3.569164266615749e-07,0.018780895847528404,3.6426497668732837e-05,1.0930292437800008e-05,1.3524411804969847e-05,5.9703904860423134e-09,2.675621534613506e-10,0.000421901622929909,0.00020184782599014754,1.099569948372869e-08,3.698049760023211e-08,3.109653097816747e-07,2.500868020870066e-06,1.911089703541331e-09,1.65212704098256e-05,5.294199118453412e-05,1.1361893985787574e-05,2.8937113223396535e-09,5.247934319082344e-07,4.7162935711465104e-07,2.2808291554954125e-10,0.03798538285854078,0.9422068510828024,1.2497384907063092e-05
1,0.00013376861458314952,2.3800176210044408e-07,0.015962949548139982,2.8657962803707915e-05,7.1483977938107935e-06,2.1776784773374096e-05,5.686718778564354e-09,2.4507402570368e-10,0.0009916049401818222,0.00039685722152382654,6.728752105547167e-09,1.99184017834552e-08,2.534134186997905e-07,3.4388736506052865e-06,2.317729861683484e-09,1.679931913203779e-05,1.961634670799558e-05,1.3747291552695205e-05,3.931272695990511e-09,7.372306139291203e-07,4.267084884735354e-07,2.150916436717996e-10,0.04226801795659367,0.9401202069928115,1.3715352427745314e-05
2,0.00013388326960404138,2.8481105004795474e-07,0.014133939334684115,2.8399305129557255e-05,9.175412861840874e-06,2.0328653231780533e-05,6.130244289135551e-09,2.5609734560934114e-10,0.0010703427122838005,0.00034579528985341864,8.608888356941827e-09,2.5462513400722626e-08,2.54314376664788e-07,4.303625351327055e-06,3.1425759537450214e-09,1.5178652330625123e-05,2.141837029477298e-05,1.1137809051497851e-05,3.655542808820351e-09,7.781947987719854e-07,4.151800879127059e-07,2.755542677089384e-10,0.04071365410170536,0.9434724076360653,1.8255795822979667e-05
3,0.0001669892268167282,2.801972761770275e-07,0.014906944904151214,3.151341268759063e-05,7.8764199870238e-06,2.227744037319987e-05,6.14924137160575e-09,2.609158726582477e-10,0.0008711646034734507,0.0003328638286378087,8.719742849871783e-09,2.508431273209604e-08,2.7754023062171437e-07,3.3613053684083795e-06,2.6421021140687305e-09,1.623249332496143e-05,2.6319116635680196e-05,1.3031661846697977e-05,4.026399178857883e-09,6.70169107710267e-07,4.3699343051141287e-07,2.6947718678091216e-10,0.045069262381118635,0.9385155090448111,1.4942108531199873e-05
4,0.0001675749948595762,2.8869507190043906e-07,0.015091727403821286,3.1774707741990716e-05,8.261199803801487e-06,1.9600471855879743e-05,6.2297427697646255e-09,2.6668221441474417e-10,0.0008660576961182283,0.00032202043371715915,8.989279528298446e-09,2.5089176126431854e-08,3.0957488111490326e-07,3.673338385043134e-06,2.5001323245922687e-09,1.505900366088611e-05,2.5368658963749088e-05,1.3639124189121957e-05,4.054246204327192e-09,7.136741141588678e-07,4.757229504148102e-07,2.842314433266916e-10,0.04197355987210474,0.9414456706951736,1.417731909673006e-05
5,0.000151336714628475,2.424984651505201e-07,0.014604900720256036,3.3453815033279487e-05,7.634013405419222e-06,2.01447320895507e-05,5.950702183199806e-09,2.43220351769254e-10,0.0007887038609750181,0.0003266334289249815,7.521834223503708e-09,2.0800085398141175e-08,2.794243706390331e-07,3.156773477049258e-06,1.993462825455081e-09,1.4845672492097436e-05,2.3610684080131306e-05,1.5866015559231987e-05,3.855228706818372e-09,7.042050509171336e-07,4.5486521616359494e-07,2.110023003736634e-10,0.048025713257461446,0.9359709408592242,1.1337883754264146e-05
6,0.0001669892268167282,2.801972761770275e-07,0.014906944904151214,3.151341268759063e-05,7.8764199870238e-06,2.227744037319987e-05,6.14924137160575e-09,2.609158726582477e-10,0.0008711646034734507,0.0003328638286378087,8.719742849871783e-09,2.508431273209604e-08,2.7754023062171437e-07,3.3613053684083795e-06,2.6421021140687305e-09,1.623249332496143e-05,2.6319116635680196e-05,1.3031661846697977e-05,4.026399178857883e-09,6.70169107710267e-07,4.3699343051141287e-07,2.6947718678091216e-10,0.045069262381118635,0.9385155090448111,1.4942108531199873e-05
7,0.00048341475970073715,3.93404805480871e-07,0.026037698687498168,4.2371411802885416e-05,7.925065778533585e-06,2.724866999101615e-05,7.961470493602453e-09,4.797846333344726e-10,0.0008613570484513409,0.0004225419620900448,1.665714494165649e-08,3.395697157759769e-08,7.000030230463395e-07,3.4188390500353215e-06,3.3666968562911505e-09,1.8817326019302554e-05,3.411088198860525e-05,2.089363088050777e-05,5.636110047309077e-09,8.711515502477346e-07,5.531814273886599e-07,5.514597440182567e-10,0.037769853424402866,0.9342543353618497,1.3426580052024797e-05
8,0.0004435455007285314,2.027277895195719e-06,0.01570181404474131,0.00013491254591518125,1.6522441551272354e-05,0.0003194186617508264,1.9762180993656392e-07,4.295981568384878e-09,0.004750036500379063,0.0014191319377383667,6.813395668610303e-08,1.732145656551701e-07,1.9499424278174876e-06,1.1559036381682996e-05,2.070978785265377e-08,9.087862650236779e-05,8.689185514885332e-05,0.0001530054309898423,1.6858004478338982e-07,2.2205305680427723e-06,4.32327928417947e-06,4.7308719357642175e-09,0.13173734204456922,0.8450846618905113,3.9121165898529344e-05
9,0.0031139313624980354,1.0597592325537907e-06,0.018589330624298545,0.00013783811696356472,3.62880924127414e-05,0.0004482325777857545,2.125928159546373e-07,3.2140734559623345e-09,0.002888926502641714,0.0003123406002281944,2.041144590246128e-07,3.7246775238893513e-07,2.3303828848449856e-06,3.824755805524708e-06,3.1415137185513134e-08,5.4391157342397156e-05,0.0001879128416382416,8.975652002861376e-05,6.11385586633575e-08,1.079378477295863e-06,2.294002021623615e-06,6.686360563747174e-09,0.1424535582707929,0.8316395345398745,3.647888591568956e-05
10,0.0001669892268167282,2.801972761770275e-07,0.014906944904151214,3.151341268759063e-05,7.8764199870238e-06,2.227744037319987e-05,6.14924137160575e-09,2.609158726582477e-10,0.0008711646034734507,0.0003328638286378087,8.719742849871783e-09,2.508431273209604e-08,2.7754023062171437e-07,3.3613053684083795e-06,2.6421021140687305e-09,1.623249332496143e-05,2.6319116635680196e-05,1.3031661846697977e-05,4.026399178857883e-09,6.70169107710267e-07,4.3699343051141287e-07,2.6947718678091216e-10,0.045069262381118635,0.9385155090448111,1.4942108531199873e-05
11,0.0001696543719939101,2.720925466159201e-07,0.014539492579869135,3.062544976542727e-05,7.900330246371955e-06,2.0169476256137117e-05,6.151002906219541e-09,2.5353042210562636e-10,0.0008285614369551002,0.0003033462489290972,8.812108584863743e-09,2.512763466735607e-08,2.982778607150845e-07,3.227057580783506e-06,2.550769278284122e-09,1.5531481111279424e-05,2.530115548445123e-05,1.2729077833717258e-05,3.9388515051792396e-09,6.811010013576643e-07,4.355233281057549e-07,2.7436172974501974e-10,0.04126190581756311,0.9427657164180612,1.4104995354429494e-05
12,7.207529835383569e-05,1.100785173031298e-07,0.01109179191608727,1.2181054971889205e-05,1.7715046299355306e-05,1.3572559940573019e-05,2.946343471692017e-09,9.32242136000041e-11,0.0006862662713778869,0.00015543877500766805,5.921756214772663e-09,1.4405308839008105e-08,9.950753804815127e-08,3.1432324953900465e-06,1.2191318911819251e-09,6.493518728753793e-06,2.0488930780319807e-05,5.041315161047571e-06,8.382919629836456e-10,6.550523734178635e-07,3.3227748456102067e-07,1.1742415569639888e-10,0.04078064879346381,0.9471199979266238,1.3922903314132905e-05
13,0.00028439305596315693,5.327755687398517e-07,0.018136928015031323,3.283473436722636e-05,1.2664447263720846e-05,1.53671446262052e-05,8.274707295880474e-09,5.625436578353118e-10,0.0010160761117277844,0.0002711343593911889,2.400624463807102e-08,7.933632344665685e-08,4.447625968238618e-07,8.064131602672571e-06,5.075941606918105e-09,1.7529874295632315e-05,3.9806981341257494e-05,1.1805661955940886e-05,4.270286099174536e-09,7.922591147248002e-07,5.86894804283722e-07,7.312528117302792e-10,0.03043212224392607,0.9496845597981088,3.423449101495332e-05
14,0.00014073176655684,3.96073911157563e-07,0.012818650248368688,3.6552102049557584e-05,8.915008642157789e-06,1.646033288023704e-05,5.084686567187631e-09,2.2812309545400267e-10,0.000711347139511855,0.00037216535546584446,8.67720094055723e-09,1.8498762341957047e-08,3.1475203658069726e-07,3.6155126481344386e-06,1.9034342470577947e-09,1.2214832053027235e-05,2.816005249518479e-05,1.574809705670701e-05,5.413361294680402e-09,6.186754362329578e-07,6.179375723373903e-07,2.684320347103617e-10,0.04297681568529563,0.9428461742180765,1.0462135942730352e-05
15,0.0001669892268167282,2.801972761770275e-07,0.014906944904151214,3.151341268759063e-05,7.8764199870238e-06,2.227744037319987e-05,6.14924137160575e-09,2.609158726582477e-10,0.0008711646034734507,0.0003328638286378087,8.719742849871783e-09,2.508431273209604e-08,2.7754023062171437e-07,3.3613053684083795e-06,2.6421021140687305e-09,1.623249332496143e-05,2.6319116635680196e-05,1.3031661846697977e-05,4.026399178857883e-09,6.70169107710267e-07,4.3699343051141287e-07,2.6947718678091216e-10,0.045069262381118635,0.9385155090448111,1.4942108531199873e-05
16,0.0002731517926395434,4.897958381197282e-07,0.016716675998399808,4.149634515629945e-05,9.601627318689657e-06,2.7816720572738822e-05,9.035107707995706e-09,5.001771903523387e-10,0.0010989950435352173,0.0004096615509761271,1.5536909508885096e-08,5.420102499228443e-08,3.930228898945407e-07,5.417688068330332e-06,4.705788367819364e-09,2.321921188945548e-05,3.97901019667753e-05,1.7258456262406234e-05,6.22068984016854e-09,7.409369448519827e-07,5.546666634327049e-07,5.919376541314011e-10,0.04590580478954427,0.9354041251710462,2.4716288652614962e-05
17,0.0001651316380092344,2.3655962450179223e-07,0.013649764159879854,2.6513956601716593e-05,1.0404155487247929e-05,1.4900958524296484e-05,6.196398480626397e-09,2.278072754351959e-10,0.0007370133635821547,0.00020298248406144445,9.21392154901612e-09,2.7781678573741347e-08,2.8082604107577207e-07,3.619748585245641e-06,1.5832291147676305e-09,1.099994797795565e-05,2.740404276951955e-05,1.2322736195531103e-05,2.698077788341394e-09,6.129475434000374e-07,5.111687629471757e-07,2.535093291002722e-10,0.040156323998691845,0.9449687702319266,1.2159121113051677e-05
18,0.00011682654042720956,2.632972035744259e-07,0.012459051913748952,2.1492586318729123e-05,7.695938601581606e-06,1.893416325492653e-05,5.8964000517232054e-09,2.378790022015187e-10,0.0008286438447614678,0.0002870080228276691,8.209833677560642e-09,2.9216432561971156e-08,2.033072017670672e-07,4.205588460137015e-06,3.0396899652651933e-09,1.944706723420228e-05,3.0502314462602032e-05,1.0063180471255392e-05,3.980328366287425e-09,6.616873561384158e-07,5.200476288274832e-07,2.893426505269031e-10,0.044747932466859854,0.9414237542343641,2.2742928910658466e-05
19,0.00013205539658794107,3.033919125058423e-07,0.012817786250722314,3.728903317623462e-05,9.379099854083704e-06,2.695178314790328e-05,6.290748541475621e-09,2.4184673846586736e-10,0.0011749004422740245,0.0003698402045945101,7.766154438975435e-09,2.7077066830345633e-08,2.459649618144072e-07,3.5886555151355928e-06,3.2175565294244153e-09,1.5008796155759235e-05,2.132994314498653e-05,1.1025340038099658e-05,3.8749947999199884e-09,6.939747592065519e-07,3.245638027378771e-07,2.8769214713543774e-10,0.04161162464030024,0.9437514424825287,1.6161280463762833e-05
20,0.0001901745795685398,4.090740446647864e-07,0.014555639449426973,3.860219241067621e-05,9.009513257313222e-06,2.618324769332748e-05,7.945848685660402e-09,3.5644148837086177e-10,0.0011766528143684716,0.00041465393155385724,1.2096853856384074e-08,3.11106183722702e-08,3.939476092403377e-07,4.745503478670066e-06,4.076836570936601e-09,1.660038874242038e-05,2.670445517301184e-05,1.4845425810129455e-05,5.8851216253984146e-09,8.492179152270417e-07,4.985597505530932e-07,4.814434545481838e-10,0.042384479177015565,0.9411209606826509,1.853588636637589e-05
21,0.00021011700062504302,2.4451037837200803e-07,0.01986561836243901,2.6550309343729982e-05,7.828697546211178e-06,1.1635212374781594e-05,5.090875187421085e-09,2.8857770498940786e-10,0.0006122578024292008,0.00025862503051044645,9.270537221321118e-09,2.909120440806088e-08,3.393022678031304e-07,3.9597377867076825e-06,1.475538969385881e-09,1.5427619930420942e-05,2.7697954451833546e-05,1.6821948468309717e-05,2.736253120482722e-09,7.142288589720193e-07,5.342633429386975e-07,2.2429781768812231e-10,0.03450405537316423,0.9444256830118203,1.1841456977070607e-05
22,0.00028367913162480644,3.763514347276504e-07,0.027526501399204775,4.2034287731457635e-05,8.378544579366092e-06,2.768521390712103e-05,6.460005063992319e-09,4.522876673458605e-10,0.0006524223523867342,0.0005326013936898038,1.1577702620165848e-08,2.5284916142089543e-08,3.778321884192507e-07,4.177785587871684e-06,2.249112452157271e-09,2.2068743457231673e-05,5.624396905504872e-05,2.5367339981130894e-05,5.09325761716171e-09,8.742838957652259e-07,7.989494129858086e-07,3.1943996848826447e-10,0.0674926207023379,0.9033106607973325,1.3079485470695468e-05
23,0.0001669892268167282,2.801972761770275e-07,0.014906944904151214,3.151341268759063e-05,7.8764199870238e-06,2.227744037319987e-05,6.14924137160575e-09,2.609158726582477e-10,0.0008711646034734507,0.0003328638286378087,8.719742849871783e-09,2.508431273209604e-08,2.7754023062171437e-07,3.3613053684083795e-06,2.6421021140687305e-09,1.623249332496143e-05,2.6319116635680196e-05,1.3031661846697977e-05,4.026399178857883e-09,6.70169107710267e-07,4.3699343051141287e-07,2.6947718678091216e-10,0.045069262381118635,0.9385155090448111,1.4942108531199873e-05
24,0.00015050130664364013,4.259456641874828e-07,0.014029485902717164,4.5561113203997865e-05,8.037384560428875e-06,2.157777374107875e-05,6.727535606315175e-09,3.1392133310238594e-10,0.0009129881586368703,0.00044213265618991667,8.784268930704497e-09,2.4573905287997126e-08,3.09710942880245e-07,4.3264311460382544e-06,2.833774916811699e-09,1.7044681635964606e-05,3.039131085568992e-05,1.746870520650403e-05,6.20657830110386e-09,6.895359346817563e-07,5.439914439443397e-07,3.0675460936586986e-10,0.05156523621289386,0.9327389069616234,1.4322470220745817e-05
25,0.0002252280775448601,3.101668258077546e-07,0.020439025235035362,3.931373098556659e-05,1.2040487858715472e-05,2.3073381442336427e-05,1.005026714231528e-08,5.969799058306326e-10,0.0009202488157123123,0.000349720025048684,1.4529967062202896e-08,4.097372898838028e-08,3.864346564504124e-07,5.4471665055200385e-06,2.0017194198344935e-09,1.7894093326688667e-05,3.417979307048048e-05,2.669480995654292e-05,4.2164452898753374e-09,9.96389112426759e-07,7.493176706413387e-07,3.340134746444606e-10,0.05405045359620015,0.9238396682578558,1.4497518070055099e-05
26,0.003779471590959934,0.00023827327978545983,0.07781743692151209,0.001564472276293584,4.836312987312626e-05,0.00175077671368091,6.677632472649938e-07,5.086870172736927e-07,0.016827262091028014,0.036838917400253024,2.289032197349769e-06,1.5506481217661456e-05,1.2615871832200428e-05,0.00044185413931732535,1.0635616295246872e-05,0.003607556597513657,0.0030200300913232354,0.00010191531437425687,4.427287670773777e-06,7.8042713686516e-06,1.215746843000804e-05,1.5234666110089978e-06,0.09108742598659274,0.7571618207856181,0.005646287735987106
27,0.00022453731641550694,4.3880951912155865e-07,0.04720445828696248,3.7998343636779837e-05,8.795679026638382e-06,1.0841095986312294e-05,4.873235841954291e-09,2.625911277480543e-10,0.0001940809901721717,0.0004508668711077715,1.0387248501492699e-08,2.185329114184073e-08,3.559459907492834e-07,4.0874329149355595e-06,1.229222598612197e-09,2.9762382053769617e-05,0.000151158827829595,3.115029705825083e-05,3.932230677081033e-09,1.0065352356914525e-06,1.3083653876513905e-06,1.0167592032380174e-10,0.08661967875868012,0.8650185546275294,1.0876794997130998e-05
28,0.0001669892268167282,2.801972761770275e-07,0.014906944904151214,3.151341268759063e-05,7.8764199870238e-06,2.227744037319987e-05,6.14924137160575e-09,2.609158726582477e-10,0.0008711646034734507,0.0003328638286378087,8.719742849871783e-09,2.508431273209604e-08,2.7754023062171437e-07,3.3613053684083795e-06,2.6421021140687305e-09,1.623249332496143e-05,2.6319116635680196e-05,1.3031661846697977e-05,4.026399178857883e-09,6.70169107710267e-07,4.3699343051141287e-07,2.6947718678091216e-10,0.045069262381118635,0.9385155090448111,1.4942108531199873e-05
29,0.0001669892268167282,2.801972761770275e-07,0.014906944904151214,3.151341268759063e-05,7.8764199870238e-06,2.227744037319987e-05,6.14924137160575e-09,2.609158726582477e-10,0.0008711646034734507,0.0003328638286378087,8.719742849871783e-09,2.508431273209604e-08,2.7754023062171437e-07,3.3613053684083795e-06,2.6421021140687305e-09,1.623249332496143e-05,2.6319116635680196e-05,1.3031661846697977e-05,4.026399178857883e-09,6.70169107710267e-07,4.3699343051141287e-07,2.6947718678091216e-10,0.045069262381118635,0.9385155090448111,1.4942108531199873e-05
30,0.0001669892268167282,2.801972761770275e-07,0.014906944904151214,3.151341268759063e-05,7.8764199870238e-06,2.227744037319987e-05,6.14924137160575e-09,2.609158726582477e-10,0.0008711646034734507,0.0003328638286378087,8.719742849871783e-09,2.508431273209604e-08,2.7754023062171437e-07,3.3613053684083795e-06,2.6421021140687305e-09,1.623249332496143e-05,2.6319116635680196e-05,1.3031661846697977e-05,4.026399178857883e-09,6.70169107710267e-07,4.3699343051141287e-07,2.6947718678091216e-10,0.045069262381118635,0.9385155090448111,1.4942108531199873e-05
31,0.0002748276327481166,3.3803561788839516e-07,0.026118416678420804,3.625026208971665e-05,7.400680386316356e-06,2.0383042693768474e-05,6.355151882565441e-09,4.4914909362740926e-10,0.0007233335539787444,0.0004287867058488081,1.0271717664506181e-08,2.7440982444837314e-08,3.762626049612255e-07,4.155854140221403e-06,2.091701379203879e-09,2.1781735340419564e-05,3.85595415258032e-05,2.1716764375515584e-05,4.0509466169425355e-09,8.310073111036808e-07,6.333636428230059e-07,2.88698347095309e-10,0.05084043078651275,0.9214481387113576,1.3588433057299257e-05
32,0.00016039209289330032,2.8772538768963235e-07,0.014127143258373108,3.2450265800506716e-05,7.769315302689812e-06,2.3113647656735615e-05,6.560776914930312e-09,2.604027186598029e-10,0.0008683834099806285,0.0003388511341020976,8.809770688831266e-09,2.471438276350325e-08,2.8821311425971113e-07,3.250283008940537e-06,2.8239170891119447e-09,1.6682329959839457e-05,2.6516762452744747e-05,1.3310960736686056e-05,4.673424393868964e-09,6.767367172765194e-07,4.5997206210045273e-07,2.7934899453723437e-10,0.04583335720519722,0.9385321584297853,1.4860135445336523e-05
33,0.00023905017026957197,3.6339725073334796e-07,0.01513471995341848,3.8086475802443934e-05,7.5042789769865954e-06,1.7904071362654335e-05,7.286124631297432e-09,3.47927260049521e-10,0.0005902517821809687,0.0002594493823388307,1.201694864817679e-08,3.7387890739786594e-08,3.991724937431669e-07,3.1144044328419577e-06,2.3320905905832594e-09,1.8903390624187983e-05,4.082893220499043e-05,1.6757093631115355e-05,4.9843148781494025e-09,6.169277045531062e-07,5.473258216434642e-07,3.575215459459018e-10,0.04075423630401511,0.9428639382896826,1.3263934970119005e-05
34,0.00039225291848187844,2.0470319267425325e-07,0.01933084420568261,3.167245544195163e-05,6.841234432390702e-06,1.8109882750141765e-05,6.4353318457189765e-09,2.7003422163975366e-10,0.0007232031941452488,0.000261172941874364,1.0574249066157072e-08,2.2472305075583892e-08,4.954381426761368e-07,2.1233558770749313e-06,2.2561154609879877e-09,1.3702178997967644e-05,2.166235693039442e-05,1.65141743983773e-05,4.042916996191026e-09,5.875580953340454e-07,4.188188585249035e-07,2.84768632136655e-10,0.035624690190535505,0.9435457612003408,9.696856100914379e-06
35,0.00017820238044018833,2.815484343841193e-07,0.015068972164110546,3.184138901797358e-05,7.687091412414279e-06,2.2859019398592273e-05,6.285262730217857e-09,2.740687152776018e-10,0.0008818004444659192,0.000337798003554088,8.909221262230546e-09,2.5832843027635763e-08,2.876699036343242e-07,3.3087706247964652e-06,2.6067367367529095e-09,1.6755541439689603e-05,2.6470161542317133e-05,1.3770620620738664e-05,4.1671511491841886e-09,6.619406933565677e-07,4.387274623320854e-07,2.8097856959969094e-10,0.04478572763038558,0.9386083513077531,1.4737232478077706e-05
36,0.0003197939750286573,6.083449362936714e-07,0.022071684259286156,5.385875328467757e-05,7.429160559246084e-06,3.7457066888712536e-05,1.2673309576291839e-08,7.922892145062749e-10,0.0015201120861278376,0.0006500517036812161,1.3860189768898226e-08,5.562923780526399e-08,5.062718718715877e-07,6.653319291945936e-06,4.515053731974235e-09,3.451702569953169e-05,4.564062481542355e-05,2.9241220589172745e-05,8.991450424361284e-09,9.25321126059662e-07,6.453972288773963e-07,7.240882722357054e-10,0.05526706304931568,0.9199304349647534,2.3280269896482775e-05
37,0.00013473745058309932,4.403909562988836e-06,0.016260896992618686,0.00039852495879734245,1.1178649567839184e-05,0.0007553911904875808,3.544208114493769e-08,5.408072255555216e-09,0.006513100657663476,0.009190200956407862,3.1713205386359226e-08,1.3693712934891142e-07,4.7303784636008157e-07,2.0157435958004326e-05,1.7332313306231116e-07,0.00027020153947493946,0.0001652982196754735,2.642359918187427e-05,1.0647058473995525e-07,3.1094811304381473e-06,6.0163067672239e-07,5.285590051777317e-09,0.21369363775064135,0.7523786111608316,0.000172556799098398
38,0.0001447200554033622,2.932742594311332e-07,0.013631935961360026,2.9691446567909185e-05,8.742535379675323e-06,1.7293040005793686e-05,5.130371590626775e-09,2.3093700115055995e-10,0.0009052380185091241,0.0002947930645335474,8.417503483437968e-09,2.562150188842628e-08,2.4183599053275674e-07,3.865089880429435e-06,2.418404180692427e-09,1.3108020540340334e-05,2.3807061697018572e-05,1.0514878832698581e-05,3.181009702227222e-09,6.099683330841423e-07,3.8503260078278985e-07,2.553128875996474e-10,0.03974480807884391,0.9451541821072041,1.5725275017507885e-05
39,0.0002816165156750614,3.264119671746e-07,0.021221283335510835,3.425973939422366e-05,8.317948692946968e-06,4.3056014010366125e-05,1.1598753755893465e-08,6.513769332826648e-10,0.000885944001225084,0.00039788449108502354,1.5294775289242174e-08,5.119802895536568e-08,3.7189269658095186e-07,3.4781803693271523e-06,3.5033709317468846e-09,3.418768805446598e-05,4.9062215662094166e-05,2.0938414140473944e-05,6.000460380105436e-09,9.002976894637314e-07,6.484513642256986e-07,4.736030822036884e-10,0.05624704068349459,0.9207495356901172,2.105930848144295e-05
40,0.00016615593468979529,2.7967559403347504e-07,0.014863160397326712,3.152308720942795e-05,7.85400198891285e-06,2.2246258239736968e-05,6.143743381095568e-09,2.603712784008619e-10,0.0008700794843813991,0.000333180115459333,8.678938157703742e-09,2.4947101428623894e-08,2.7691250592518004e-07,3.3534919278969674e-06,2.6314851300461794e-09,1.6230338690901716e-05,2.625102290035272e-05,1.3065019469458839e-05,4.0361317425240305e-09,6.696566459915844e-07,4.3722383919111683e-07,2.6809976293726754e-10,0.045139655964276174,0.9384906560065385,1.4878442445492452e-05
41,0.0001703911183685622,2.452911651974587e-07,0.014140166272316276,3.606748669528194e-05,1.0191827468226173e-05,3.157472801251068e-05,5.855592764381083e-09,2.2669144306995054e-10,0.0012681455344207642,0.0003539359111407728,8.521834843311035e-09,2.6165820465274165e-08,2.284438638125892e-07,2.811360159758196e-06,3.613993600276389e-09,1.3267208994650486e-05,1.8264600729044962e-05,9.258127759913924e-06,3.146794259423351e-09,6.044705718404899e-07,2.438781994132255e-07,2.5249411271835525e-10,0.04142306787344215,0.9425049807617071,1.6507321763077082e-05
42,0.00023502223200826174,4.822928961029842e-07,0.014482925910306543,3.744264604672877e-05,7.94833707511844e-06,3.3384334681180824e-05,9.454311268212632e-09,4.121619289559245e-10,0.0010517641887740612,0.0003731180503265843,1.335036672585608e-08,4.30276870024092e-08,4.214058227701667e-07,3.2116485468093374e-06,4.7395337506987815e-09,2.446836718967413e-05,3.747133270993938e-05,1.2433576353498584e-05,7.346901916479216e-09,6.969337578648708e-07,4.648295159724831e-07,6.508508271072445e-10,0.03598515239259934,0.9476926622012,2.085033837640156e-05
43,0.00014506440447538686,2.935131878540833e-07,0.016928136281387715,3.705598768990702e-05,8.141337604124993e-06,4.982058429196928e-05,6.863319703561618e-09,3.771922169799943e-10,0.0012963153873117752,0.0007090473486244652,8.563122802287736e-09,1.9347941173864765e-08,2.470242477787846e-07,3.7850347217767773e-06,4.088847822608908e-09,2.215408980117849e-05,2.5265061033286307e-05,1.7154613263863003e-05,6.364581448845064e-09,9.458062791971288e-07,5.136231332984e-07,3.2601052110315974e-10,0.06384628888528426,0.9168921459796907,1.757910695585449e-05
44,0.0001669892268167282,2.801972761770275e-07,0.014906944904151214,3.151341268759063e-05,7.8764199870238e-06,2.227744037319987e-05,6.14924137160575e-09,2.609158726582477e-10,0.0008711646034734507,0.0003328638286378087,8.719742849871783e-09,2.508431273209604e-08,2.7754023062171437e-07,3.3613053684083795e-06,2.6421021140687305e-09,1.623249332496143e-05,2.6319116635680196e-05,1.3031661846697977e-05,4.026399178857883e-09,6.70169107710267e-07,4.3699343051141287e-07,2.6947718678091216e-10,0.045069262381118635,0.9385155090448111,1.4942108531199873e-05
45,0.00014533731320025669,2.2549046920892377e-07,0.011718820353026547,3.495185174246057e-05,8.447932693035976e-06,3.396617749982021e-05,8.66248296774292e-09,2.4417378956952376e-10,0.00118566549421357,0.0003134109119886237,8.16135251709399e-09,2.6680333784703388e-08,2.7756340333586007e-07,2.3575594203549545e-06,4.1636694808364485e-09,1.724437080358972e-05,1.7506524464849464e-05,1.0529591023887815e-05,4.570938920434761e-09,7.349660542205625e-07,2.8579328229314557e-07,2.7539533063394986e-10,0.04119240281977351,0.9453019857713044,1.579675728929006e-05
46,9.653248258031611e-05,1.9701887347691096e-07,0.012871137779210125,2.6942070649376507e-05,7.0967343144440984e-06,2.1083061610977758e-05,5.337774981955008e-09,2.0759087326816038e-10,0.0013384017287726738,0.0004262854929866988,5.692270209070746e-09,1.4499895151409385e-08,2.255721788589962e-07,3.9663518184751204e-06,2.0817227066541558e-09,1.2352622518009724e-05,1.1326415481961532e-05,1.4338643025564928e-05,3.6586348372543384e-09,7.953845346581432e-07,3.8279984529244716e-07,1.7650191413726513e-10,0.04316969855134683,0.9419869542810053,1.2251354856351231e-05
47,0.00031546052461105045,4.556045197164265e-07,0.013591776449041304,2.7390836837660887e-05,6.849240458700156e-06,1.897516440709372e-05,7.04144374414734e-09,3.4937378019827813e-10,0.0008430345750770843,0.0002579244281437315,1.289206434152378e-08,4.952215258784578e-08,4.464430702624151e-07,2.8097112950816493e-06,3.6737333891196572e-09,2.4117208993442886e-05,3.471046741699387e-05,1.0816955735024673e-05,4.971303419088848e-09,5.778419753303151e-07,3.534128894910492e-07,6.449003451811743e-10,0.024614586124903887,0.9602299423757549,1.969353989765287e-05
48,9.393004026125989e-05,8.706297392296928e-08,0.011254086045727888,1.609778527761479e-05,6.536174653486798e-06,1.3901837274833627e-05,4.0069227921074646e-09,1.211833585293262e-10,0.0009374367466104094,0.00017600522349264992,5.005684494645153e-09,1.64265306477227e-08,1.8049488110942008e-07,2.3310928140860725e-06,1.5268839977207289e-09,9.280803809630804e-06,7.885981531976346e-06,7.635713237756601e-06,1.50055567962848e-09,6.267777718513289e-07,2.1941252851609248e-07,1.1411444513217689e-10,0.027348665248784258,0.960114082680961,1.0982175532464817e-05
49,0.00019298801345084003,2.4280600812178445e-07,0.017427140118571438,3.055803949727746e-05,8.508811038419953e-06,2.606915603067168e-05,6.573728822279307e-09,2.9186364740436384e-10,0.000870413421540511,0.00029909911523014714,9.523675835294641e-09,3.023459160271046e-08,2.912849474853114e-07,3.2151678618724888e-06,2.2804567855179076e-09,1.6637322718365943e-05,2.73342007609358e-05,1.3459509916887868e-05,3.0373393196003726e-09,7.46869456411981e-07,4.143394101696062e-07,2.6890084057302217e-10,0.0450008671638239,0.9360676454891348,1.4316960045110233e-05
50,0.00019130344736605076,3.9760849397481656e-07,0.018094939608231966,3.93679966275017e-05,9.070626485876034e-06,3.180827606424537e-05,8.469902068521036e-09,4.3738064278130827e-10,0.001256116623142675,0.0005478009157884324,1.1071864880181186e-08,3.0551714485830136e-08,3.356023275697558e-07,5.051886627450202e-06,3.985950238110513e-09,2.1000324825885328e-05,3.009626470039477e-05,1.7752922238065492e-05,6.731363341069867e-09,8.316500206403587e-07,6.0785038442534e-07,4.259731067233492e-10,0.05144069384992396,0.9282927440149347,2.001885766726414e-05
51,0.00038159043805486686,3.3405641914188443e-06,0.024159078697916288,0.00015212519393999484,1.3422753127899979e-05,2.2640685550827295e-05,1.0307769164332916e-08,1.476491368046983e-09,0.0017450802035025197,0.00111631815130608,2.7462075975859368e-08,9.560617277350878e-08,8.586862278805922e-07,1.796159119664876e-05,8.939390409886604e-09,2.7023802999109343e-05,5.739864431960238e-05,3.0345919604653567e-05,1.5020579082711848e-08,1.008739169263955e-06,7.48069501832466e-07,1.5475510252197656e-09,0.04070924558249918,0.9315279983992418,3.365351762033871e-05
52,0.00014446556534458582,2.8102182537780545e-07,0.013718995667250756,2.6695341498260586e-05,9.57752570901753e-06,1.6799719999898237e-05,6.1316756090200405e-09,2.167265871364684e-10,0.000747766655441349,0.00021473683572943798,9.040974996619889e-09,3.053572336325378e-08,2.361063878348392e-07,3.4385653202342258e-06,2.36236725605093e-09,1.3555730634981512e-05,3.0165368864675634e-05,8.6802893493118e-06,2.865396614990069e-09,5.699321351876873e-07,4.3688999637677357e-07,2.4623405666233567e-10,0.04075730356308883,0.9442892596465652,1.6984175760106283e-05
53,0.0001498188491691669,2.406331182790636e-07,0.013394486735084204,2.9898525989425776e-05,8.489565743987803e-06,3.206591940360643e-05,1.03990409121364e-08,3.2573238215242024e-10,0.0011847095256961968,0.0002875481666399112,9.647369300731541e-09,3.779645216652558e-08,2.533918674811184e-07,3.824983944492699e-06,3.411483588949258e-09,2.024533907570566e-05,2.5120614643456598e-05,1.3269480253437033e-05,3.813983613116672e-09,8.081991106180579e-07,4.1476283592176466e-07,2.852313993053755e-10,0.05598760290516256,0.928840578234971,2.0558487997204985e-05
54,0.0001262889214204824,4.158536040694392e-07,0.013042511936605931,2.390259778372993e-05,8.72725983721957e-06,1.8402419013625217e-05,5.963854212285985e-09,2.931242493252342e-10,0.0013790697057329624,0.00035734859434841836,9.192303968825199e-09,4.2449386560750306e-08,2.1953179622299136e-07,5.81793206577894e-06,4.888459520882986e-09,2.1284026292241098e-05,2.3016432620391498e-05,7.6939825412847e-06,3.6832949941762816e-09,7.067505933186192e-07,3.3576365912473515e-07,4.017697654963477e-10,0.03050804774726772,0.9544423242718191,3.381940080516645e-05
55,0.00020809095652073628,4.6162601885424987e-07,0.02211052876768726,4.127603197821929e-05,7.72303505871697e-06,3.009021460053528e-05,6.080023789713238e-09,3.80066694876186e-10,0.0008258763309260987,0.000630542950591115,1.0215340771747526e-08,2.1537348966053075e-08,3.2732866498921503e-07,4.489369657073555e-06,3.763833213839099e-09,2.2811065267138278e-05,4.6075580248803895e-05,1.7636517146976587e-05,6.174518551953808e-09,8.849440288839515e-07,6.610733072533087e-07,3.588616384800835e-10,0.06414860833264001,0.9118860835169083,1.77838487553529e-05
56,0.0001712486454306384,2.8044455581525947e-07,0.014692404877474165,3.139560175200078e-05,7.978120333828048e-06,2.1721527843289552e-05,6.304987518905606e-09,2.624754776777262e-10,0.0008603702803072671,0.0003190197408094526,8.994305103117788e-09,2.5556368809955058e-08,2.9249818334275144e-07,3.3171060173346213e-06,2.6262565373787526e-09,1.586390061880133e-05,2.6094286257533883e-05,1.3051682308200078e-05,4.08160599242323e-09,6.755092034094515e-07,4.4475492721587406e-07,2.7996162021516044e-10,0.0436121706883735,0.9402090182569459,1.4603972697177375e-05
57,0.0001616606056493174,3.8993194397565274e-07,0.01409704122525333,3.158890423235702e-05,7.5954228698169955e-06,1.74151409652521e-05,6.792800312189022e-09,2.9602614899042624e-10,0.0008083056986665281,0.00033324550402753507,9.802657378661386e-09,2.9675917471497324e-08,3.4500086679334466e-07,3.7960353403043394e-06,2.9625302393604355e-09,1.8713496830352844e-05,3.075875197672088e-05,1.3191965391199642e-05,6.238042159590023e-09,6.440366262682098e-07,5.946843159110688e-07,3.660227459926336e-10,0.03639989440592849,0.9480582637403342,1.6499314785276837e-05
58,0.00012158873780668023,2.0615996482922764e-07,0.011307362698519847,2.4910690710252106e-05,7.4502532744966105e-06,1.6532253387158695e-05,5.119462774783641e-09,1.7224059340719335e-10,0.0007407126114838466,0.00023587746120417428,6.897212239681081e-09,1.9772579135512615e-08,2.3745334054086626e-07,2.538886143226203e-06,2.0833158490462125e-09,1.2686480008203587e-05,1.9194377510352632e-05,9.822096198165062e-06,3.2289700868549014e-09,5.976418962265918e-07,3.6430841326320556e-07,1.9780667558557298e-10,0.036730387350445946,0.9507574102062832,1.2082861822178022e-05
59,0.00012577109282953057,2.1307598032185354e-07,0.013043241201682602,2.4665890309693504e-05,7.402012934574523e-06,1.629588113515295e-05,4.884751584496072e-09,1.8297996618455957e-10,0.0007257945509038054,0.0002609618338100152,6.787321066090319e-09,1.922347101037606e-08,2.3553696778105486e-07,2.7713715178243157e-06,1.9638722933303795e-09,1.3418971307581999e-05,2.0770206754000384e-05,1.0461877477765159e-05,3.083639144900738e-09,6.253709248363107e-07,3.9334720420333596e-07,1.9184639880399313e-10,0.03776854494500101,0.9479661391392705,1.2257376107197864e-05
60,0.0001669892268167282,2.801972761770275e-07,0.014906944904151214,3.151341268759063e-05,7.8764199870238e-06,2.227744037319987e-05,6.14924137160575e-09,2.609158726582477e-10,0.0008711646034734507,0.0003328638286378087,8.719742849871783e-09,2.508431273209604e-08,2.7754023062171437e-07,3.3613053684083795e-06,2.6421021140687305e-09,1.623249332496143e-05,2.6319116635680196e-05,1.3031661846697977e-05,4.026399178857883e-09,6.70169107710267e-07,4.3699343051141287e-07,2.6947718678091216e-10,0.045069262381118635,0.9385155090448111,1.4942108531199873e-05
61,0.0001311393240251442,2.0110459411271164e-07,0.013300326251012377,2.4569574655332262e-05,7.436506364988695e-06,1.621435315158007e-05,4.853955850764792e-09,1.8389259986400747e-10,0.0007398386036247888,0.00025531587744834157,6.740806146818297e-09,1.8973512556416133e-08,2.3547862493827422e-07,2.7175438043455267e-06,1.8345928513653735e-09,1.2735651797536255e-05,1.9641614294139957e-05,1.0636506875363096e-05,2.925089632881294e-09,6.05963688668043e-07,3.8573509347714695e-07,1.856925926145819e-10,0.03745158846802844,0.9480147066136424,1.1669131732000613e-05
62,0.0001669892268167282,2.801972761770275e-07,0.014906944904151214,3.151341268759063e-05,7.8764199870238e-06,2.227744037319987e-05,6.14924137160575e-09,2.609158726582477e-10,0.0008711646034734507,0.0003328638286378087,8.719742849871783e-09,2.508431273209604e-08,2.7754023062171437e-07,3.3613053684083795e-06,2.6421021140687305e-09,1.623249332496143e-05,2.6319116635680196e-05,1.3031661846697977e-05,4.026399178857883e-09,6.70169107710267e-07,4.3699343051141287e-07,2.6947718678091216e-10,0.045069262381118635,0.9385155090448111,1.4942108531199873e-05
63,0.00016468337465203235,3.243920037390741e-07,0.014492972690708384,3.2588995020742064e-05,7.88883252077443e-06,2.152066982275212e-05,6.150905075047067e-09,2.7256676558736475e-10,0.0008698418196578888,0.0003486445932775146,8.972943598378042e-09,2.601158847724414e-08,2.852954516846119e-07,3.527540590352752e-06,2.8403054351381848e-09,1.7105884972672614e-05,2.7976798166025838e-05,1.2970459410633441e-05,4.455952984798873e-09,6.730476170670518e-07,4.5142491659109987e-07,2.93867597898717e-10,0.04399862861647026,0.9399841538679707,1.5712698640350427e-05
64,0.0001565973052616138,2.709220125273707e-07,0.015519088571229566,2.90779077625401e-05,7.928027003625867e-06,1.867360358997572e-05,6.195585188693652e-09,2.5217022506728157e-10,0.0007525040195679318,0.0003123105983614839,8.539031812415721e-09,2.2829887957858765e-08,2.8967699611331315e-07,3.4937951284002942e-06,2.2553992546457284e-09,1.5753005101146996e-05,2.791140937829454e-05,1.3935470465592746e-05,4.169609591659716e-09,6.934534565463129e-07,5.576488521150518e-07,2.466795018849748e-10,0.04563825313126615,0.9374888401556265,1.3776810576306461e-05
65,0.0003365496977494274,2.1080086110466816e-07,0.01285780606486787,6.300995054845052e-05,9.501503594078775e-06,9.270629706888207e-05,1.5419832081386642e-08,3.8396045445929136e-10,0.0006718411165192748,0.00029897102432400265,1.74008375275198e-08,3.2233071536078524e-08,3.09001310402601e-07,1.3327390872969174e-06,5.710147893503951e-09,2.638244136397275e-05,5.956578642412806e-05,2.6269554017691206e-05,1.1520438784350715e-08,5.676569168357998e-07,6.048838088771753e-07,3.194217688856205e-10,0.1220446902933212,0.8634966327733475,1.2965427158778552e-05
66,0.0002675001474102221,2.5674051450253244e-07,0.02615500190972043,3.0627938523876104e-05,8.782906196043988e-06,1.9060845199819516e-05,6.544322458006146e-09,3.8121218525288037e-10,0.0008878570645554289,0.0003715746161391428,1.041135011552262e-08,2.654087882287838e-08,4.378666087548301e-07,3.899678806070225e-06,2.087193749277289e-09,1.6860549581431675e-05,2.359278594452795e-05,1.814304844112123e-05,3.1756073231356246e-09,9.582085793371544e-07,5.109548853037276e-07,2.91546376068773e-10,0.03423863471125081,0.937943792567739,1.2458027793163184e-05
67,0.00016186773895997107,2.2875306095675425e-07,0.021827404028178655,3.1000950457568465e-05,7.772078808769524e-06,1.8567673863572155e-05,5.109507660339323e-09,2.5094604982548436e-10,0.0005642106205546476,0.0003720989908771277,8.019279779099196e-09,1.6372182372093822e-08,2.8199736582368044e-07,3.5553878401535114e-06,1.731265781195897e-09,1.5496185241148198e-05,3.400257444261316e-05,1.812486276512411e-05,3.4592761911562375e-09,8.717746648186811e-07,6.666529909983029e-07,1.6557111159939452e-10,0.06341808449402583,0.9135146716201269,1.1058507746302798e-05
68,0.00010221407164321781,1.6030638822029327e-07,0.013251116291161692,2.440801590931394e-05,8.164397486885815e-06,1.8483569283878568e-05,4.6360134206613416e-09,1.5500341562620157e-10,0.0009903027513352462,0.00025526853287140885,5.807147512413401e-09,1.9368170345292335e-08,1.8490691538550504e-07,3.2575367932299086e-06,1.9196690555865383e-09,1.0646085327257639e-05,1.4599906456718109e-05,8.879810911865095e-06,1.987661299300616e-09,6.614820573770267e-07,2.838661299172195e-07,1.4847648902703133e-10,0.040474674821559926,0.9448234863914762,1.3173234150514318e-05
69,0.0001641759829369976,2.7195512160495675e-07,0.01578072206878151,3.1422006411320176e-05,7.88187943799782e-06,2.205530796183663e-05,6.125217096441071e-09,2.737280675783694e-10,0.000865537621195683,0.0003472485769860798,8.623830916464837e-09,2.4429892491042492e-08,2.7584210741031545e-07,3.569332491677893e-06,2.5252027416277195e-09,1.6454120888617176e-05,2.6261606631387692e-05,1.3960470645473296e-05,3.979994864878034e-09,7.045041310336047e-07,4.6921822117888777e-07,2.582680265863968e-10,0.04675986035220695,0.9359443074503965,1.4775487312516943e-05
70,0.00012641133734826032,1.5410331234469853e-07,0.01755535386094631,4.560531022873681e-05,1.835608483754543e-05,2.1849692777833937e-05,5.806532813589318e-09,1.7022520484328803e-10,0.001543601993269286,0.00021745223365609502,7.555410449807608e-09,2.312101282380853e-08,1.9207635819838105e-07,4.709195431466245e-06,2.2394481798672664e-09,4.691318335110342e-06,1.1742475903857751e-05,7.0674526846866375e-06,1.1163390143299648e-09,6.757605573920838e-07,2.204226246904047e-07,1.3516187221984305e-10,0.05153820961153758,0.9288901788662135,1.3488059846822219e-05
71,2.2346318343664122e-05,1.6358083573389208e-07,0.008946794439600544,1.5235141638298518e-05,1.3027157598688773e-05,6.684705396466544e-06,4.417894118099672e-09,1.3010728439353258e-10,0.0013400111569015468,0.00028942835700916203,2.8256388372021124e-09,9.045349771178756e-09,1.1027595384512785e-07,8.096703235123097e-06,8.155117963832405e-10,7.591329133189844e-06,7.265103304295991e-06,1.1339425274528376e-05,1.7085643937540267e-09,1.0942677803750298e-06,5.819463263084995e-07,6.952013408615092e-11,0.037824931401307174,0.951494593033912,1.0686643862506265e-05
