,0,1,2,3,4,5,6,7,8,9,10,11,12,13,14,15,16,17,18,19,20,21,22,23,24
0,0.8316112982448679,0.0005812226937792469,8.945520362801963e-05,5.1488478825174605e-06,3.1824432562827366e-05,4.6303302531890685e-07,3.9057710430991036e-05,0.0001530177176097564,1.753994350177518e-06,7.138452465721102e-07,9.558003228591467e-05,0.0009458614914846851,1.5876351046662338e-07,1.1745810398854015e-06,0.0006219223022451547,1.6115932233139322e-07,0.04095775761706235,0.004612026182378035,2.2480900453922935e-06,5.307603922368209e-09,2.977163968901358e-05,0.00240580278798356,0.00031471443934967113,0.11055333319531639,0.0069455266872998495
1,0.7849647140001685,0.0015220501645917888,5.102484274533933e-05,1.1159908867501358e-05,2.2816947814679416e-05,3.44536307250185e-07,4.64551025914502e-05,0.00021887734704682837,1.619504379522901e-06,2.0710923413766218e-06,5.113905829726144e-05,0.0006587571255348509,1.1652356467258537e-07,1.7542267190809223e-06,0.0008220667788257568,2.1885215378850734e-07,0.057346877606028884,0.006592273798504137,4.007081569386116e-06,5.774577532891474e-09,7.948343220893349e-05,0.004644005914636765,0.0005871390060535137,0.11485804987117548,0.027512971503295534
2,0.7683765330344693,0.0012151610808430432,2.372227003806851e-05,8.64829965494266e-06,1.812846063636597e-05,3.406442949301993e-07,3.635850261697817e-05,0.00014694913700596252,5.120739848855785e-07,1.349405598112243e-06,5.034378778495553e-05,0.0007234303225761079,7.788936630796826e-08,1.5204020912368085e-06,0.0009446895475235967,2.1787387281340777e-07,0.0778236484462925,0.0085078601989358,2.2654902969260045e-06,4.27184928650493e-09,8.501934855950357e-05,0.006176235984372353,0.001308132302640918,0.11220942545098257,0.02233942577371246
3,0.7539591983284326,0.001378388898463186,3.4856034913481706e-05,1.0776654212787533e-05,1.901566583890159e-05,2.4316600853577454e-07,3.446343773486279e-05,0.00016448010698755293,6.274771920606206e-07,1.3580688555512587e-06,4.9890111156121964e-05,0.0006752895487339201,9.803354755529732e-08,1.4406638227524366e-06,0.000547457224172671,1.3111202808946668e-07,0.07117482802609433,0.00954008687481732,1.9510131089871226e-06,4.333057573055674e-09,7.152394981037353e-05,0.0043328876025100806,0.0007721749048085653,0.13499264981128703,0.02223617895240504
4,0.7467774875062284,0.0014031936975186577,3.888324649724867e-05,1.0968954410651428e-05,2.1503026183358264e-05,2.665694751077223e-07,3.6214204463044846e-05,0.0001562324276482023,6.47662904219736e-07,1.4021263208002594e-06,5.259005800575757e-05,0.0006931298423695543,1.17929390411019e-07,1.6067573099583448e-06,0.0005457319464085374,1.3644977431107873e-07,0.07046929947452353,0.009764169728552723,1.8676916970973965e-06,4.493794490734446e-09,6.904658692155604e-05,0.004227334851266757,0.000784130542975166,0.1448098365050868,0.020134197720273774
5,0.7216830059574298,0.0015423638809726069,3.378545717134073e-05,1.4039642092384828e-05,1.9766899361893268e-05,2.3885839000368866e-07,3.399824915598154e-05,0.00016850558790043228,5.197653297963922e-07,1.4794299733313391e-06,5.094659727781702e-05,0.0006672909952365065,1.1012869453017058e-07,1.523340756943746e-06,0.00044598676555174076,1.1538860094117561e-07,0.07662564916226881,0.01311074921578978,1.625136840951439e-06,4.762582095468232e-09,7.836009905353693e-05,0.00415205582601065,0.0009098595098568092,0.15668944852842584,0.02376857081527546
6,0.7539591983284326,0.001378388898463186,3.4856034913481706e-05,1.0776654212787533e-05,1.901566583890159e-05,2.4316600853577454e-07,3.446343773486279e-05,0.00016448010698755293,6.274771920606206e-07,1.3580688555512587e-06,4.9890111156121964e-05,0.0006752895487339201,9.803354755529732e-08,1.4406638227524366e-06,0.000547457224172671,1.3111202808946668e-07,0.07117482802609433,0.00954008687481732,1.9510131089871226e-06,4.333057573055674e-09,7.152394981037353e-05,0.0043328876025100806,0.0007721749048085653,0.13499264981128703,0.02223617895240504
7,0.6902555088409505,0.0018152900588815101,5.35426521025935e-05,1.1008506727082189e-05,1.449709843519868e-05,1.8444249036229162e-07,5.216661784383136e-05,0.00016658742238656233,8.936388846995645e-07,1.2282749643309978e-06,8.199541649630797e-05,0.0005188698693271947,2.014806473756796e-07,9.948012582335237e-07,0.000377521737717121,7.218659197627993e-08,0.05587932426618396,0.010693835716579314,1.2408021613359794e-06,6.831606230552907e-09,4.1590424375579105e-05,0.002687325252972705,0.0003985241474852511,0.22259215489069914,0.014355434622231662
8,0.7624573499460396,0.001431856851341454,3.548966662702362e-05,1.058448820137694e-05,2.0527741518204375e-05,2.8640240619835793e-07,3.539714409620813e-05,0.0001672586135157339,6.968041929848281e-07,1.3529728137069256e-06,6.083454827286616e-05,0.000738015011689537,1.0155346709436803e-07,1.5239546923793775e-06,0.0005926819580317992,1.3366826948701488e-07,0.07139045105612521,0.010324338474656206,2.1690456769961027e-06,4.610272329703963e-09,7.577225431099126e-05,0.004837893098583499,0.0007707786909552328,0.12653342060029682,0.020511080843947187
9,0.5994240161697828,0.0017514630647286614,6.53848851209424e-05,1.5358842756108803e-05,2.251632711590892e-05,1.1709871042553394e-07,3.425033448778703e-05,0.00019721661342816794,7.175340702833382e-07,1.750266478338256e-06,2.9355396681032253e-05,0.0005209427592008763,1.8925892888644072e-07,1.1861611905439226e-06,0.00031742329952230377,8.09922022170088e-08,0.06663534435924992,0.007801411176709433,1.180199370302727e-06,4.904449653669043e-09,4.6102864579510605e-05,0.0022712612306890682,0.0004299490500744055,0.29228438288038205,0.028148394330090285
10,0.7539591983284326,0.001378388898463186,3.4856034913481706e-05,1.0776654212787533e-05,1.901566583890159e-05,2.4316600853577454e-07,3.446343773486279e-05,0.00016448010698755293,6.274771920606206e-07,1.3580688555512587e-06,4.9890111156121964e-05,0.0006752895487339201,9.803354755529732e-08,1.4406638227524366e-06,0.000547457224172671,1.3111202808946668e-07,0.07117482802609433,0.00954008687481732,1.9510131089871226e-06,4.333057573055674e-09,7.152394981037353e-05,0.0043328876025100806,0.0007721749048085653,0.13499264981128703,0.02223617895240504
11,0.7489021769651837,0.0013849651543208588,3.57150577633938e-05,1.0863310090366996e-05,1.905837788005302e-05,2.442096375900433e-07,3.52305246502812e-05,0.00016166055100617563,6.176209385925265e-07,1.3616623202251379e-06,5.127934065432534e-05,0.0006827892774794009,1.0758760052177788e-07,1.4483686430072398e-06,0.0005223038447993418,1.291419183832918e-07,0.07131124923848849,0.00990332780251586,1.8441675304904679e-06,4.520825274901349e-09,6.899656828265837e-05,0.004225217338341561,0.000767512240198633,0.14084586449561265,0.02106603263331812
12,0.7553665179053103,0.0014378118232161912,3.908824418350758e-05,1.1225818371835435e-05,1.8867907125025934e-05,2.474081924946425e-07,3.842367760795899e-05,0.0001832586178391627,8.273598624896471e-07,1.4493516631493928e-06,5.360292871149218e-05,0.0006481707890929717,1.0336017106582638e-07,1.3849361182996038e-06,0.0005958486599455065,1.3285933709032007e-07,0.0665589186888782,0.008794086599521387,2.2335226061207923e-06,4.790072055618002e-09,7.139993313793927e-05,0.004119501437460096,0.0006747010675425587,0.13751711905170963,0.023865073262323448
13,0.8022635507035956,0.0007200550606570522,4.387397651435493e-05,6.734285265541168e-06,1.8959933216431194e-05,1.8685886356078433e-07,2.4541085923630615e-05,0.00015730302805573687,6.364618283234759e-07,4.815461084650271e-07,0.00010114001510362694,0.0016119466520311764,7.210068364598129e-08,1.381977434138962e-06,0.000638234889258929,8.304047466482435e-08,0.09011826923732867,0.006732103296411593,2.108702255003412e-06,3.3686166466595937e-09,7.706720907539794e-05,0.004525084563772109,0.0004968671471063267,0.07856155990993097,0.013897754950488611
14,0.258187995813295,0.024747481781211816,5.125794458833938e-05,2.843840875458683e-05,6.801802792144804e-05,5.764669989843847e-07,4.9542568650954044e-05,0.00029659390351140084,2.8946134186266832e-06,1.6976337127123887e-05,0.00010186599019456019,0.00013575396217387067,5.766411690683786e-07,1.3696745623064686e-06,0.0004956615330703543,6.22434478002811e-08,0.05379702942967925,0.030171263538558733,2.8091508415494546e-06,8.241559842388487e-09,0.00010201821862467794,0.005511192717446774,0.0003604516431969868,0.6078000179387283,0.018070143211267556
15,0.7539591983284326,0.001378388898463186,3.4856034913481706e-05,1.0776654212787533e-05,1.901566583890159e-05,2.4316600853577454e-07,3.446343773486279e-05,0.00016448010698755293,6.274771920606206e-07,1.3580688555512587e-06,4.9890111156121964e-05,0.0006752895487339201,9.803354755529732e-08,1.4406638227524366e-06,0.000547457224172671,1.3111202808946668e-07,0.07117482802609433,0.00954008687481732,1.9510131089871226e-06,4.333057573055674e-09,7.152394981037353e-05,0.0043328876025100806,0.0007721749048085653,0.13499264981128703,0.02223617895240504
16,0.7711640508762015,0.0014580994836879589,2.1908410331470083e-05,1.1633998645125307e-05,1.287318991392008e-05,2.803185404409267e-07,3.386711550098614e-05,0.00016335880878243298,4.4535518306796355e-07,1.982588718986798e-06,4.2653737138008666e-05,0.0006519303540914246,6.760887669028579e-08,1.375324690994599e-06,0.00044328264740048937,1.6652304987008805e-07,0.07152879177489495,0.01525507131304705,1.9392217081038445e-06,4.817631336680562e-09,0.00012033925865886528,0.005639715371765298,0.0009023101721825765,0.10713132382182751,0.02541252790753083
17,0.7712788006949983,0.0011054933660587453,3.470509606280666e-05,1.6319216316216734e-05,1.848731257974644e-05,2.3594548718102696e-07,3.33800962960962e-05,0.00014309816277995358,3.5403105983514773e-07,1.2148165076828255e-06,4.5199108310230134e-05,0.0008967967928484114,1.0567812494938374e-07,2.1557128174463256e-06,0.0003125792786009582,1.3403963068506588e-07,0.06609179463885144,0.01374668460839751,1.3382905833406845e-06,5.245875388951586e-09,7.789571027051798e-05,0.003723143842655373,0.001118199353676079,0.11712488161898021,0.02422699734223073
18,0.740078664126878,0.0009488277279428691,2.0300537904618358e-05,6.918962428076614e-06,9.411250035488852e-06,8.603778765090419e-08,2.0570778578449008e-05,0.00011458896268287578,1.8871774073266541e-07,9.217469976204034e-07,2.1239835147703466e-05,0.0007162747356683703,6.806761412948749e-08,8.686220112057444e-07,0.00022054401264833725,7.21552976456544e-08,0.08810168654763434,0.010982412203028714,8.7978776707557e-07,2.5030244060898704e-09,5.152042744524193e-05,0.004134042843987392,0.0005427976995921653,0.13586764541584365,0.01815946629431325
19,0.6963684376764777,0.0016324461891753194,7.515723749771424e-05,1.5114267149387738e-05,3.5532496884448915e-05,2.7735867505566415e-07,3.4819831711347674e-05,0.000258206181654423,1.1894104808822262e-06,1.916516147596345e-06,6.083102435155917e-05,0.0010434736209310215,1.7407601770368626e-07,1.982035998814821e-06,0.0005330833519376476,1.2554776923193826e-07,0.08802942885266044,0.010257166646643789,2.374709188387612e-06,6.449872813412486e-09,7.726464973985465e-05,0.005370596391954271,0.0005636087170321458,0.17224241189288417,0.02339437486716414
20,0.6955840399852529,0.0015381390450999349,3.353467066561e-05,1.0210396737731432e-05,2.1232041720439074e-05,2.1255846653813058e-07,2.988463597659263e-05,0.0002553222103581833,7.126050723926033e-07,1.6184567519534774e-06,4.539267282259397e-05,0.0007639780340704367,8.604983455408655e-08,1.3323843602938893e-06,0.0007295649218596774,1.2957665739223184e-07,0.11134199342924546,0.009599694734643359,2.5195699686224132e-06,4.561419784084019e-09,9.298449937529764e-05,0.00811544537836091,0.0007918240289683687,0.14795285143857548,0.023087292113735336
21,0.819509711942795,0.0008281799801658019,3.0750241357723326e-05,9.075525681182398e-06,1.2591830059394491e-05,2.1245584476370843e-07,3.35312304821847e-05,0.00010173835624699312,3.3952446831782764e-07,9.783012291274659e-07,3.6432265578863154e-05,0.000819953743279982,9.807931849123472e-08,1.4897195227043337e-06,0.00031652788532383626,1.5027131388456398e-07,0.050509439752500884,0.008942237314771303,1.1831929097184404e-06,4.286644933117379e-09,5.47100448801762e-05,0.002774957299970039,0.0007587071580120215,0.09837586144720961,0.016881138150432833
22,0.7828354532785303,0.0009841758687642503,2.893832628527877e-05,8.036940719509686e-06,1.3300647550520946e-05,2.1427087493249798e-07,2.990981634560372e-05,0.00013091572597610405,3.928068687254185e-07,8.860677678153093e-07,5.562455124881363e-05,0.0007486704978649917,6.970298645187143e-08,1.2103067321904146e-06,0.000395266588558523,1.0804759186211408e-07,0.0726084934423662,0.01216555693467525,1.3981274149027473e-06,3.905321956129709e-09,7.482649041995949e-05,0.004364896313416888,0.0007017826796026816,0.10959486423448696,0.015255004427629261
23,0.7539591983284326,0.001378388898463186,3.4856034913481706e-05,1.0776654212787533e-05,1.901566583890159e-05,2.4316600853577454e-07,3.446343773486279e-05,0.00016448010698755293,6.274771920606206e-07,1.3580688555512587e-06,4.9890111156121964e-05,0.0006752895487339201,9.803354755529732e-08,1.4406638227524366e-06,0.000547457224172671,1.3111202808946668e-07,0.07117482802609433,0.00954008687481732,1.9510131089871226e-06,4.333057573055674e-09,7.152394981037353e-05,0.0043328876025100806,0.0007721749048085653,0.13499264981128703,0.02223617895240504
24,0.7156509412325193,0.002169467139916482,4.482428560150398e-05,2.015265519074506e-05,2.9959053959474244e-05,3.4225298723067234e-07,3.917575852774442e-05,0.00019882865213599634,7.072638729499063e-07,2.2826708160565706e-06,5.775235817116181e-05,0.0007983016618123454,1.6037409216636928e-07,2.475010485178474e-06,0.0004850485390803785,1.481348731813568e-07,0.07459934119828629,0.015073557813626976,2.2075556537007366e-06,6.569651222627421e-09,9.572226194243292e-05,0.005189273945063851,0.0010021798839116413,0.15595114114612102,0.028586002581700982
25,0.7550422825553266,0.000992104222423625,4.1166853274960154e-05,1.372102200897044e-05,1.5061162371395846e-05,1.433951614628456e-07,3.7998682868062244e-05,0.0002201272986065399,4.5495779075029725e-07,7.798681495898426e-07,7.074836558216805e-05,0.0010071195531336568,1.1767152074642976e-07,1.3677589788250593e-06,0.0003311200311438935,8.540260647982607e-08,0.08548747588408037,0.010566624437029595,1.6596105638871468e-06,6.382835302547557e-09,6.680436441433256e-05,0.003460392076522874,0.0006915606743575125,0.12633953543752305,0.015611542331725299
26,0.11437981731881287,0.006451906065482884,2.0090220683481027e-05,0.00022508097887302092,0.000928398831487326,0.0006719573681574755,0.0001856037588558165,0.00037917144517014823,3.256845899052663e-05,0.00013125702099320245,0.000843620793287456,0.002443622552264847,1.6277807004072038e-08,0.0009273910565186049,0.1247142625600429,0.00015708625261948297,0.002651280029265395,0.003320636963576564,0.0026780361803219735,6.206579875637663e-08,0.024017802276215302,0.12681320203628732,0.039794780542617515,0.0003730177913453011,0.5478593311545248
27,0.7092725772358335,0.0012563099086453288,3.8565533329150565e-05,1.7598695632037365e-05,2.6179073498087856e-05,1.2457419153709898e-07,2.856405007731511e-05,9.865734436771043e-05,1.535963972922513e-07,6.651540016518933e-07,6.716433099334465e-05,0.0011733659441889826,2.1002782422688114e-07,2.188454116324327e-06,0.0001607999331002256,5.899787388290774e-08,0.0871032021158947,0.016507444470014385,9.304133876590007e-07,3.2213531025625125e-09,6.0372485418690524e-05,0.001739730005399348,0.0009889239340460626,0.17005895035222848,0.011397260148187142
28,0.7539591983284326,0.001378388898463186,3.4856034913481706e-05,1.0776654212787533e-05,1.901566583890159e-05,2.4316600853577454e-07,3.446343773486279e-05,0.00016448010698755293,6.274771920606206e-07,1.3580688555512587e-06,4.9890111156121964e-05,0.0006752895487339201,9.803354755529732e-08,1.4406638227524366e-06,0.000547457224172671,1.3111202808946668e-07,0.07117482802609433,0.00954008687481732,1.9510131089871226e-06,4.333057573055674e-09,7.152394981037353e-05,0.0043328876025100806,0.0007721749048085653,0.13499264981128703,0.02223617895240504
29,0.7539591983284326,0.001378388898463186,3.4856034913481706e-05,1.0776654212787533e-05,1.901566583890159e-05,2.4316600853577454e-07,3.446343773486279e-05,0.00016448010698755293,6.274771920606206e-07,1.3580688555512587e-06,4.9890111156121964e-05,0.0006752895487339201,9.803354755529732e-08,1.4406638227524366e-06,0.000547457224172671,1.3111202808946668e-07,0.07117482802609433,0.00954008687481732,1.9510131089871226e-06,4.333057573055674e-09,7.152394981037353e-05,0.0043328876025100806,0.0007721749048085653,0.13499264981128703,0.02223617895240504
30,0.7539591983284326,0.001378388898463186,3.4856034913481706e-05,1.0776654212787533e-05,1.901566583890159e-05,2.4316600853577454e-07,3.446343773486279e-05,0.00016448010698755293,6.274771920606206e-07,1.3580688555512587e-06,4.9890111156121964e-05,0.0006752895487339201,9.803354755529732e-08,1.4406638227524366e-06,0.000547457224172671,1.3111202808946668e-07,0.07117482802609433,0.00954008687481732,1.9510131089871226e-06,4.333057573055674e-09,7.152394981037353e-05,0.0043328876025100806,0.0007721749048085653,0.13499264981128703,0.02223617895240504
31,0.6731361332898287,0.0015900993895851961,4.590970455719139e-05,1.354376589947509e-05,2.1458950733043443e-05,1.0865212888509648e-07,2.492363446472988e-05,0.00022280646586834236,4.961707008199062e-07,1.4747142832600665e-06,2.7303141010413377e-05,0.0006509979577882567,1.3895450440462678e-07,1.326464334170054e-06,0.00025392770967162614,7.494858387078944e-08,0.08485713348122634,0.010112960999676087,1.5031728613095297e-06,4.21580472898695e-09,5.434321622867815e-05,0.0034847194773470615,0.0004812738138090244,0.202564321974974,0.022453015734130506
32,0.7593525239246055,0.0014015145238055727,3.471384559579939e-05,1.0244686525127507e-05,1.9687896006752148e-05,2.5243781429923743e-07,3.445123960224081e-05,0.00017489701416490596,7.096237061442988e-07,1.4356383959327268e-06,4.8963955386961396e-05,0.0006802761608821564,9.562355025314777e-08,1.4640887202500836e-06,0.0006203719621022578,1.4328316059526302e-07,0.0729263633272714,0.008762038720330616,2.32621287021252e-06,4.311504804211699e-09,7.533513681620157e-05,0.004776043898597633,0.0007438122817698961,0.12767328898676364,0.022659041220050944
33,0.6934176870297901,0.0017190939422949574,1.6944409940928573e-05,7.2189699714524006e-06,2.143809728398043e-05,1.6118396503424785e-07,2.0584520749940407e-05,0.00013913957557653927,1.5475936332423326e-07,1.0749544142344637e-06,3.5876491542716096e-05,0.0007884599407082307,1.1701414770727016e-07,1.5253867773138725e-06,0.00032239616102809794,9.086201776742844e-08,0.1277988199148219,0.014922436883353546,1.4056723262341872e-06,3.3079346291975818e-09,5.46440716086808e-05,0.01046837380458,0.0010142566503949665,0.14065294414938362,0.00859515224602383
34,0.6032740219884624,0.0016084113881591386,2.213414745012242e-05,1.8548038527138554e-05,2.3527458016216957e-05,1.8271327579724482e-07,2.3284239959050632e-05,0.00014676626540592795,1.1171016342287873e-07,1.1633044525485258e-06,5.180105125492505e-05,0.0011048599360302348,1.1930172404369506e-07,1.8771671322372188e-06,0.0002752374552948236,9.167929189501831e-08,0.1550062002995282,0.024837925083524722,7.898644692394255e-07,4.802467048461415e-09,9.05773325568911e-05,0.006173460052514747,0.0023901375375942006,0.1875455328611877,0.017403234321557434
35,0.7558612760326084,0.0013249568118757112,3.183817677656053e-05,1.0629432993318373e-05,1.522008821277769e-05,1.8970181220691966e-07,3.072133533220195e-05,0.0001888330876246918,6.799887522758743e-07,1.4962202592243872e-06,3.937085104897126e-05,0.000624213691775875,9.101413876471776e-08,1.12531893183416e-06,0.0004144853161242605,1.0545572410098771e-07,0.07054265213190222,0.010024272784626463,1.9461824871370916e-06,4.255660454446889e-09,6.671860255727302e-05,0.004231136062545901,0.0005442788441675971,0.13197093718056638,0.024072821431495486
36,0.7011466402822116,0.0007001217033794693,3.9928115183362124e-05,6.050702632075818e-06,2.1405998448031094e-05,5.516421149111203e-08,1.341409667733909e-05,0.0002542831957024581,5.49743621074681e-07,9.05423938304474e-07,1.521799444602558e-05,0.0012629052394459042,8.946589644469348e-08,9.233351394421545e-07,0.00040828336240433376,8.826182275051042e-08,0.1517551642841549,0.0030796175998553848,3.0157335294126323e-06,2.0938093090865244e-09,4.7161513013089506e-05,0.0045534393668605795,0.000272441964191678,0.11507062931997365,0.02134766603945203
37,0.8464666992972834,0.0005899626692222632,2.0302630213452035e-05,4.208941563221195e-06,7.6092360843580425e-06,8.073738818667741e-08,1.9945425119877377e-05,6.215000167387441e-05,1.4469697640752066e-07,3.754324321476956e-07,2.578111417029129e-05,0.000565443507981419,5.7588962877689275e-08,8.06574685538729e-07,0.00015318893233836855,5.405490481147916e-08,0.043066928733532524,0.007531131593743435,6.592835233886538e-07,1.7584110897892797e-09,2.7618453404269362e-05,0.001960847836797128,0.0003422260664585346,0.09043682507092002,0.0087169503622093
38,0.8611781133246728,0.0008626287306449384,1.8331660641828526e-05,5.112167864471745e-06,1.0009697917048969e-05,4.277723074010458e-07,4.7170968387819875e-05,7.514164805029544e-05,4.0742498342736963e-07,8.661089944342652e-07,5.900766306663705e-05,0.0005113405374964227,5.251702021780163e-08,1.2797515737101257e-06,0.0007584511183629561,2.298102908631993e-07,0.03699755144271178,0.007893214549273164,1.6767442000920615e-06,3.4055173151492227e-09,6.342386691511842e-05,0.0038948662294181428,0.0010812204383570385,0.07289462004139435,0.013644852379937773
39,0.7817152630795617,0.0008654098296754592,4.05148588686865e-05,1.3646360578065527e-05,2.3912443519554488e-05,3.3067212191714816e-07,2.990594843474886e-05,0.0002469657288034179,7.419574088535277e-07,1.6167851817490474e-06,4.7825828283418365e-05,0.0011566132107185562,6.584126073330141e-08,1.7986229830957061e-06,0.0006085320307424596,2.495486424728044e-07,0.07917874630774833,0.009132849154542268,3.2487333561933613e-06,5.621898104876974e-09,0.00014141283151781662,0.004839835967979072,0.0009472714257555073,0.09024733166818581,0.030755905542232093
40,0.7590830759570929,0.001349869355324418,3.416790523022318e-05,1.0309919308780763e-05,1.8592313932246038e-05,2.408653563302822e-07,3.392574512251457e-05,0.00016002886680921874,6.122342518857566e-07,1.3168768673374042e-06,4.939109478529763e-05,0.0006740509440519511,9.451778119315419e-08,1.4263485095249964e-06,0.0005443470451838234,1.3009305671953844e-07,0.07025664452528756,0.00941400146047645,1.9332974521040367e-06,4.1963962626796115e-09,7.077997198873907e-05,0.004367755110764898,0.0007564918128493188,0.13144686067370157,0.02172394886841874
41,0.6891887248897559,0.0023698662266867353,0.00011650512955240621,1.2808822159624985e-05,6.129959191645109e-05,5.477699467639711e-07,4.159258345497227e-05,0.00025661207040582475,4.861129549301164e-06,3.33094877874493e-06,5.098120964790165e-05,0.0004847331921481821,1.5292209651000108e-07,2.179500091235445e-06,0.0017366604406521791,2.394731847900576e-07,0.05030369383070237,0.004371672966989662,4.678742635302842e-06,4.676908517853093e-09,8.28090652085826e-05,0.0040043664849074,0.00044829316692882574,0.2033329814662479,0.043120403699444
42,0.7623142579093642,0.001239817509419112,2.5403025314051742e-05,6.624318859555058e-06,1.4734563253998975e-05,2.0816666276446733e-07,3.0448540048517147e-05,0.0002830080544668797,7.898350793733004e-07,1.475417315972749e-06,3.874917797224349e-05,0.000723065971848439,4.911571157637261e-08,1.073871657299391e-06,0.0010250333581788454,2.122463254981091e-07,0.10672155181087625,0.0059246516569429275,4.558659814580852e-06,4.699384567945652e-09,0.0001057805102910849,0.010757170097040318,0.0007124688919873239,0.08818580521238108,0.02188305737980347
43,0.7622502683451242,0.0012254014419558522,3.8267748640006146e-05,1.0387225235504505e-05,1.7158006079425585e-05,1.9548483844212544e-07,3.6128899510689414e-05,0.0001409081143558635,5.291603670074878e-07,1.0279250237109543e-06,5.239887539892447e-05,0.0006956294793475465,1.0842273737598325e-07,1.3983807426115896e-06,0.00043680829648907164,1.0603391272459159e-07,0.062489752326499885,0.009066142779884044,1.5397171258816137e-06,4.180299657101003e-09,5.611801303627966e-05,0.003284980283847875,0.0006714247245960273,0.1401655682748457,0.019357747860105495
44,0.7539591983284326,0.001378388898463186,3.4856034913481706e-05,1.0776654212787533e-05,1.901566583890159e-05,2.4316600853577454e-07,3.446343773486279e-05,0.00016448010698755293,6.274771920606206e-07,1.3580688555512587e-06,4.9890111156121964e-05,0.0006752895487339201,9.803354755529732e-08,1.4406638227524366e-06,0.000547457224172671,1.3111202808946668e-07,0.07117482802609433,0.00954008687481732,1.9510131089871226e-06,4.333057573055674e-09,7.152394981037353e-05,0.0043328876025100806,0.0007721749048085653,0.13499264981128703,0.02223617895240504
45,0.7340065998028428,0.0011660115703795938,4.745617899157154e-05,8.30664341619287e-06,2.2739339574678723e-05,2.0829536738638777e-07,4.063135224189843e-05,0.0002275426039264232,1.0183514048495753e-06,1.2109771632721108e-06,4.919814451188399e-05,0.00065051044171901,1.210675475617719e-07,1.2168224333501343e-06,0.000792281134086142,1.454929032848441e-07,0.0762211040016317,0.0052087169653095376,2.6785356191070586e-06,4.51644501597949e-09,5.215951431816868e-05,0.004292054982536173,0.0006000447766697182,0.15968521364191188,0.016922824847048715
46,0.7953641695983094,0.0018997153794115627,4.861819603986056e-05,1.4412963318204528e-05,2.5386416741704832e-05,6.177761499242604e-07,6.0882977098388125e-05,0.00015917973659199122,1.3670135850320312e-06,2.2238694758060195e-06,7.492300497626021e-05,0.0005973476506220818,1.0821176418673585e-07,2.618404705170437e-06,0.0008617486844133798,2.360653325178334e-07,0.03767443379155164,0.010809598981336148,3.039410159908273e-06,6.205078767155395e-09,9.464147112945879e-05,0.004586306760643046,0.0009623669622717726,0.1146480183026194,0.03210803216667441
47,0.6961678643942988,0.002003580160894373,5.294190710803272e-05,1.8858588582401958e-05,3.274956219201492e-05,3.6120120017471636e-07,4.6549603326983057e-05,0.00022624252999639124,1.1063254594851763e-06,2.0511909857627533e-06,7.092332533831197e-05,0.0006778208973038629,1.4899754956594242e-07,2.1855943947101068e-06,0.0007615302192822301,1.581725872146602e-07,0.07455662297309704,0.010843902274237,2.7069007746832667e-06,6.041267459192297e-09,9.289401200659755e-05,0.0044029326242060515,0.0010533113673986856,0.17801597857984308,0.03096657255666896
48,0.659170006759333,0.0019151526258964911,1.6181141543156197e-05,7.039617739678479e-06,1.5118628542431222e-05,9.635781778998945e-08,2.6272476696635157e-05,0.0002467344823101959,3.4006319541178013e-07,1.6766277521629546e-06,2.2344529098030554e-05,0.0005146748705936834,1.0401309323959055e-07,9.254674019790431e-07,0.000538197723707971,1.1508594493534231e-07,0.1528433574456438,0.006755780086860554,3.1699277782796743e-06,3.2449485372242624e-09,5.8819662088526366e-05,0.008907261026880223,0.0006927409656223793,0.15311275432137653,0.015151132848134394
49,0.7620973687949081,0.001155145375168691,4.2144577834219494e-05,1.0998849052426463e-05,2.504017673776034e-05,3.4241031459798444e-07,3.097510088109936e-05,0.00017087074402271146,6.015112011680017e-07,1.3145211989620066e-06,6.487525702386192e-05,0.0011579752500529836,1.0685220351573808e-07,1.8128067557094797e-06,0.0005275066732935398,1.4904214040056836e-07,0.08074097934596461,0.012259850731241662,1.879660035718111e-06,5.394638381862265e-09,8.41089575503784e-05,0.005892765340493894,0.000853308718405069,0.11632664119266563,0.01855323271621487
50,0.758177025062271,0.001408599607176125,3.49401143930397e-05,1.0808647633383339e-05,1.9025485369196378e-05,2.4889862485518426e-07,3.5760820053758694e-05,0.00016656750178464832,6.572320702733187e-07,1.4373208834230085e-06,4.812900301879026e-05,0.0006528522642341753,9.857158030643434e-08,1.482368336946012e-06,0.0005557792582168812,1.379867879207275e-07,0.06877464495498302,0.009301826252677713,2.06398905618327e-06,4.381390751315926e-09,7.137765944041746e-05,0.004418937548646612,0.0007660110728716954,0.13283078756833772,0.022720796430161245
51,0.7447805568366346,0.0017405148300352418,3.397446574313776e-05,1.691048313877199e-05,1.5511169326120638e-05,2.4415031627504034e-07,4.437260745517613e-05,0.00020571166132942224,5.506959028907092e-07,1.6905628996772415e-06,6.748783493199042e-05,0.0007644436827995877,1.1118802679793628e-07,1.7612013008105788e-06,0.0003181367941497042,8.047593466331445e-08,0.06631224809277417,0.022649996799744266,1.5942284741114603e-06,6.0974309130029665e-09,9.834179864704002e-05,0.005778369313584643,0.000717597622349532,0.13570203200064868,0.02074775540642197
52,0.766191599532244,0.0013340045087627732,3.2342304096114524e-05,1.061312292588817e-05,1.7117025725766094e-05,2.9962625633186265e-07,3.7628841965498786e-05,0.00014686843392608872,6.087042367861229e-07,1.3610294336011737e-06,5.703504056593141e-05,0.0006363653017482157,9.661411653121521e-08,1.4144903741105344e-06,0.0005230182119667727,1.3495171211082586e-07,0.06246492111239867,0.011646017935104204,1.6796928255707292e-06,4.732376567165921e-09,7.100258164043924e-05,0.00431017403745665,0.0008312650263231738,0.13146497941880558,0.020219447723012568
53,0.7894443514324678,0.001332730184147823,3.19066048361793e-05,1.159068723645662e-05,1.0458489468244033e-05,5.722346722967787e-07,0.00010734873654207989,0.0001234593356031838,8.11057850396844e-07,1.525529502791989e-06,0.00010454811521181489,0.0004797822966834532,1.1256016037573778e-07,1.4698025697137388e-06,0.0008522210916661532,2.6920770835240113e-07,0.03555178262913163,0.012104291909245012,1.6076468812921355e-06,9.771285242822275e-09,6.618631721671121e-05,0.003786036563658736,0.0014918279074639996,0.13408605746883165,0.02040904241995876
54,0.8343272500583496,0.0014754994360272305,2.8792270605492246e-05,8.931611899799178e-06,1.0707482575875483e-05,3.0219076551264017e-07,5.494406643878658e-05,9.921362684405751e-05,6.379129661252577e-07,1.9401905363451664e-06,2.956180088708869e-05,0.0004940128699085173,7.984390360088541e-08,1.8794424174314597e-06,0.0005731656840221919,2.6046548296966455e-07,0.03050909462530546,0.006776085124628545,2.013944424597003e-06,4.847368942788427e-09,6.146629742603203e-05,0.004043055049968062,0.0007174339025837806,0.08758569902898808,0.033197968225675945
55,0.7629010017213271,0.0010747350477599007,4.63304186105904e-05,1.1170111936811728e-05,1.3058240132423267e-05,1.5322043861127868e-07,3.169394687157886e-05,0.00015602642213779125,7.882974035842175e-07,1.1307033888201505e-06,4.683438084395882e-05,0.0007769126069553122,1.3482858417174077e-07,9.448488474667305e-07,0.0002577370533112972,6.755468553501079e-08,0.0523498556486839,0.010535148339068526,1.2035104059525215e-06,4.858655194593376e-09,4.437131838391729e-05,0.0022929029967436363,0.00031436936230871005,0.14779458839062173,0.02134883617189341
56,0.7430379370064895,0.00142869566000691,3.688701933726653e-05,1.0948916093814218e-05,1.9775223473735898e-05,2.429587691333804e-07,3.539778972742889e-05,0.0001663780586445647,6.480298034717127e-07,1.3919364587314742e-06,5.158906581383761e-05,0.0006792010313384256,1.136261295456425e-07,1.4444115583063884e-06,0.0005339665335260058,1.2851174156292533e-07,0.07267344387974131,0.009726611035246273,1.8977233390312415e-06,4.602111042693183e-09,6.839098741056656e-05,0.004219967112495318,0.000747724347764123,0.14575759533468668,0.02079961919829337
57,0.6911078970103711,0.001170132843473616,5.8599868323900487e-05,9.659837467538975e-06,3.343634552477455e-05,1.511057802395563e-07,1.8404076194877412e-05,0.0003119255827695591,9.991478237215446e-07,1.6087307924925287e-06,3.274679074828402e-05,0.001384820441239384,1.0921249324134945e-07,1.4857438756746118e-06,0.0005478455627299676,1.2382008637176697e-07,0.14411684611338785,0.00623991964549408,3.727731599036719e-06,3.944454827029198e-09,9.075338566553975e-05,0.006916125558431092,0.0003809440395629218,0.12334276226972993,0.02422897119197991
58,0.7248572840805231,0.0013953247386309978,3.442328952788254e-05,1.0003317324704984e-05,1.8560741394582677e-05,2.0320161580511369e-07,3.284389986739122e-05,0.0001617616181447076,5.448031104492697e-07,1.2932679778754155e-06,4.6570860137765025e-05,0.0006530201631900198,1.0623512697461227e-07,1.2675015836944383e-06,0.0004932886819151172,1.135846826168083e-07,0.0785986523304286,0.00975385648102637,1.6734809592264483e-06,4.048225305079596e-09,6.493741527452988e-05,0.004194787141792661,0.0007361810186205219,0.15921418655727923,0.01972911154164004
59,0.7155663193336897,0.0013265523748747297,3.938756081595468e-05,1.0042413316200838e-05,1.8860211875209145e-05,1.8405183648414892e-07,3.214877081892181e-05,0.000158616231167721,5.321686922674076e-07,1.197431234407531e-06,4.506727317269583e-05,0.0006665306369783554,1.1162803159703232e-07,1.2500823404951403e-06,0.00044583788307204646,1.0512602737441801e-07,0.076479237105263,0.009593254977494178,1.4715277662163258e-06,4.059669837328682e-09,6.0278805025409874e-05,0.0036982761522106116,0.0006700103662725871,0.1720167566980943,0.019167967130259735
60,0.7539591983284326,0.001378388898463186,3.4856034913481706e-05,1.0776654212787533e-05,1.901566583890159e-05,2.4316600853577454e-07,3.446343773486279e-05,0.00016448010698755293,6.274771920606206e-07,1.3580688555512587e-06,4.9890111156121964e-05,0.0006752895487339201,9.803354755529732e-08,1.4406638227524366e-06,0.000547457224172671,1.3111202808946668e-07,0.07117482802609433,0.00954008687481732,1.9510131089871226e-06,4.333057573055674e-09,7.152394981037353e-05,0.0043328876025100806,0.0007721749048085653,0.13499264981128703,0.02223617895240504
61,0.7237461020088731,0.0013641783382911735,4.286148916220847e-05,1.033137259387091e-05,2.0291214501840978e-05,1.991964213133962e-07,3.258695082806829e-05,0.00016229799276390659,6.034961887520907e-07,1.213112990192988e-06,4.9762688751962055e-05,0.0007125430971622825,1.1177460503304132e-07,1.3527072652489332e-06,0.00048739967728416166,1.1023167631401615e-07,0.07669120618493638,0.00924052401328852,1.6364203492904882e-06,4.2020089075914465e-09,6.44192815195784e-05,0.0038212043531983195,0.000658654374973904,0.16275801407944365,0.020132391740921764
62,0.7539591983284326,0.001378388898463186,3.4856034913481706e-05,1.0776654212787533e-05,1.901566583890159e-05,2.4316600853577454e-07,3.446343773486279e-05,0.00016448010698755293,6.274771920606206e-07,1.3580688555512587e-06,4.9890111156121964e-05,0.0006752895487339201,9.803354755529732e-08,1.4406638227524366e-06,0.000547457224172671,1.3111202808946668e-07,0.07117482802609433,0.00954008687481732,1.9510131089871226e-06,4.333057573055674e-09,7.152394981037353e-05,0.0043328876025100806,0.0007721749048085653,0.13499264981128703,0.02223617895240504
63,0.7432285983234038,0.0015402355626968165,3.4315667449344044e-05,1.0602456134734638e-05,1.8234224831357615e-05,2.3785974749913237e-07,3.581771924534257e-05,0.0001645746144343349,6.429747345795167e-07,1.4194959689623261e-06,5.156916946902076e-05,0.0006246064695288514,1.0501631748839947e-07,1.3580770777474434e-06,0.0005486645193114356,1.244405674898577e-07,0.07104283015644976,0.009916995280177853,1.8958198529594805e-06,4.5215905202103e-09,6.93726376287916e-05,0.004421533764652499,0.0007328397887580594,0.14600082780590232,0.02155259363406843
64,0.7561025065425958,0.0013674687606590407,3.235327774806247e-05,1.0397768596684731e-05,1.8662451462017593e-05,2.4443436063647354e-07,3.142624539378823e-05,0.0001631974254075717,5.791604684048444e-07,1.3169680963545347e-06,5.148299839723315e-05,0.0007416224911507917,8.159461012942837e-08,1.4449638430308396e-06,0.0005878321872427509,1.3285392661694466e-07,0.07750332206976988,0.010136924537313468,2.0810009447235517e-06,4.000823808510152e-09,9.328560562582359e-05,0.0046772301980137505,0.0008007265806617537,0.12400468330279504,0.023670992580093083
65,0.7665669181977787,0.0013116203983432404,3.53351426574332e-05,1.1918158463745938e-05,2.2496656661584408e-05,3.093981738512478e-07,3.233375274126928e-05,0.00015516341508497599,5.615056138031762e-07,1.4227258195474415e-06,5.3080954013770726e-05,0.0008445733412378595,9.576666827470185e-08,1.820848710035535e-06,0.0005360197864610584,1.5191847988205312e-07,0.07228873052511195,0.011293076669906539,1.994807890084107e-06,4.5065365535302776e-09,8.622581373302331e-05,0.004794906886588124,0.0009236232732820473,0.11787944776229993,0.023158167787742746
66,0.8458310177412572,0.0014369206166561337,0.00011255267282469123,2.239046696204534e-05,3.699074134525224e-05,8.027619031723485e-07,7.257585013596553e-05,0.000504913655641283,6.056075498395235e-06,7.324028416246802e-06,3.996598189382743e-05,0.0012129981775907128,2.9897587837323106e-07,3.56065852920799e-06,0.0005022225480822145,6.691875554746204e-07,0.03683786080343868,0.006567751163007063,1.3149441010622386e-05,2.4314072022372802e-08,8.166134702547716e-05,0.006408525399944732,0.0003400202416513681,0.06445331663733005,0.03550643051234993
67,0.7723647950138867,0.0012035768548792909,3.6295254752199815e-05,1.2783430883643868e-05,1.9945026503077466e-05,3.708720298367726e-07,4.3488900085795354e-05,0.00012517194296935254,4.6129491641802253e-07,1.2584871690877442e-06,6.36031719267039e-05,0.0008469290876824627,1.0424699126741614e-07,2.123923144816218e-06,0.0006072430098620372,2.054160321218904e-07,0.062301982791531194,0.011409669843442665,1.6103557693410767e-06,5.690325606708683e-09,8.261145782222803e-05,0.004104740408591675,0.0014205956457752228,0.1221448309038421,0.023205596969185133
68,0.7491779303357347,0.0009108721644763,8.357978665235702e-06,1.1675821456467441e-05,4.841598374715668e-06,4.1440170770511443e-07,2.9931714792930007e-05,5.304425404502057e-05,7.993186676089591e-08,6.282346888248727e-07,0.00012676278096026162,0.0007902506371867519,4.286254412327871e-08,7.750211010594893e-07,0.00025796181074241083,8.706644542497653e-08,0.06717597247164349,0.05758679972257995,2.891179963786489e-07,5.988086080935989e-09,0.00011012201450607812,0.003969922911804505,0.002933147939041312,0.10092822732413895,0.01592185589541463
69,0.7504884408001917,0.0013899624798906754,3.556727992848793e-05,1.1088052013485429e-05,1.8990621178023098e-05,2.4075572033021117e-07,3.479153424463057e-05,0.00016755169448787275,6.354224871163703e-07,1.3848175902500699e-06,4.966382160919591e-05,0.000677136205045369,1.0009391806425257e-07,1.4352661931011926e-06,0.0005407309538614422,1.3137925687848201e-07,0.07139667858658526,0.009638713688229333,1.9463597081915337e-06,4.470974408425598e-09,7.18731468893604e-05,0.004270347421124788,0.0007678731680799973,0.13765156946114268,0.02278314251964942
70,0.8466532497527498,0.0007059355546813587,5.845866939858933e-05,1.0884800748053103e-05,1.8774825916375232e-05,3.471849262535138e-07,3.419654504495414e-05,6.644397875821324e-05,3.865344941772269e-07,8.981528518548187e-07,4.587670579219347e-05,0.001148545372793876,8.120177362907067e-08,3.236527522500177e-06,0.0003215431361465483,1.933653939062215e-07,0.034591587059485056,0.009791850667420946,9.647594300363041e-07,4.301661536117475e-09,7.10603707486328e-05,0.002727115047641145,0.0007896380907863024,0.07809152764647276,0.024867199747361405
71,0.719456382050121,0.002131092770470819,4.7226035309716446e-05,1.2928404512003843e-05,3.527338783305329e-05,3.2275650869372093e-07,3.0831907859046786e-05,0.00019352239227548294,1.0269172729172366e-06,2.1831417541791673e-06,4.9894629349589845e-05,0.0007118915522799985,1.242917885316898e-07,1.9856065164944936e-06,0.0007195770108270687,1.4123732833900388e-07,0.07852110909055644,0.009061254668513978,2.7939307823983525e-06,4.007850502507858e-09,8.336510097266422e-05,0.0056069776649522495,0.0007051951477416498,0.1530147827781987,0.029610113518424654
