,0,1,2,3,4,5,6,7,8,9,10,11,12,13,14,15,16,17,18,19,20,21,22,23,24
0,0.0004301502268859749,5.971873528571512e-06,0.03165698510063772,0.0002463368459716318,9.956594034097947e-06,0.0003497737930380983,1.859193905158317e-08,4.459595614942702e-09,0.0031853689325647984,0.0038707451840513836,3.246016403767617e-08,3.1472993764129706e-07,3.376483806429313e-07,1.2982417116728241e-05,8.860324744909181e-08,0.0003287924824604729,0.0004128001278327218,1.3232820458926026e-05,2.335812811094332e-08,1.3208912046015092e-06,2.896668150430006e-07,4.199352735932065e-09,0.13237688742729092,0.8268774084396792,0.00022017312568410125
1,0.00022227517189856073,4.713894993564115e-06,0.02561117510741181,0.00021614002334236973,6.994553329380932e-06,0.0006033328770996862,1.7953297143151e-08,4.023467594106576e-09,0.00802808882632189,0.008857887719224343,1.949759846144446e-08,1.5473394128406313e-07,2.866285482699117e-07,1.7770415967564316e-05,1.23667762483178e-07,0.0003419770934090984,0.00014420712916160604,1.568719042939626e-05,3.7946548490557355e-08,1.8801216152914197e-06,2.641052323055938e-07,4.169072073458461e-09,0.14645070739188493,0.8092295040152349,0.0002467457432077812
2,0.00022736688214879434,5.81347414471356e-06,0.02311907962974974,0.00021741392202364714,9.146347006669327e-06,0.0005761158395299837,1.953824516898372e-08,4.33076924006449e-09,0.008959388068965865,0.007880895476695363,2.6058377258407566e-08,2.084837301994247e-07,2.878036652978831e-07,2.3488284556152617e-05,1.741982935675067e-07,0.0003091505185002886,0.00015964192226869853,1.2914578333002934e-05,3.506694269326319e-08,2.0182816597872255e-06,2.54385828670401e-07,5.483086689967563e-09,0.14345182794064357,0.8146999914471565,0.00034473203767823536
3,0.00028097618099925617,5.6661891279216245e-06,0.02405289702906151,0.00023729987955977577,7.689771251288998e-06,0.0006232963235311705,1.9153430113697045e-08,4.281789047908453e-09,0.007173508894513775,0.007453900514230809,2.5734254169604635e-08,1.9991633268814014e-07,3.0993156202928963e-07,1.7658883670908155e-05,1.4495197055090622e-07,0.00032591517697521375,0.00019296812748999592,1.459944098863717e-05,3.8154524375481355e-08,1.6969608694474164e-06,2.6125009108273495e-07,5.281281659715039e-09,0.1555532043601772,0.8037807844348863,0.00027692917743104157
4,0.00028608382874852024,5.875131367249957e-06,0.024705275930912242,0.0002375441290422997,8.110373797880014e-06,0.000540273450707596,1.93391079601213e-08,4.325943605689004e-09,0.00720006700023283,0.007176003050611127,2.691340255914057e-08,2.013426053503933e-07,3.4760846475902116e-07,1.978371154580207e-05,1.3612686041308413e-07,0.0002944339360047505,0.0001848196262351108,1.5455630811555437e-05,3.8056377284397835e-08,1.802917938029323e-06,2.871590790032879e-07,5.548811145684625e-09,0.14519272195934824,0.8138660298584274,0.0002646530436174312
5,0.00025314741842878994,4.7317878402764505e-06,0.02322160110673592,0.0002458360918980104,7.284721214376026e-06,0.0005522348270813468,1.8344598327526297e-08,3.8615224713130936e-09,0.0063636764405021655,0.007045426934364083,2.1919047238230754e-08,1.624800666752563e-07,3.076373681139583e-07,1.6129133457340286e-05,1.0519033300699645e-07,0.0002876476757253141,0.0001680333943802769,1.7830198412034748e-05,3.575058986184769e-08,1.7435958873093467e-06,2.6847287601402853e-07,3.979213715003059e-09,0.16485232150652207,0.7967571634771624,0.0002042640547730005
6,0.00028097618099925617,5.6661891279216245e-06,0.02405289702906151,0.00023729987955977577,7.689771251288998e-06,0.0006232963235311705,1.9153430113697045e-08,4.281789047908453e-09,0.007173508894513775,0.007453900514230809,2.5734254169604635e-08,1.9991633268814014e-07,3.0993156202928963e-07,1.7658883670908155e-05,1.4495197055090622e-07,0.00032591517697521375,0.00019296812748999592,1.459944098863717e-05,3.8154524375481355e-08,1.6969608694474164e-06,2.6125009108273495e-07,5.281281659715039e-09,0.1555532043601772,0.8037807844348863,0.00027692917743104157
7,0.0008691470161106452,7.315965647314234e-06,0.042644391595785015,0.0003026728919890464,7.459351926995618e-06,0.0007160844862543352,2.5103183237043476e-08,7.382073422121592e-09,0.006562470249594782,0.00861333521646459,5.000412684570981e-08,2.5627860181737893e-07,8.093088387953356e-07,1.7077035472818045e-05,1.5990024380111053e-07,0.0003408210744231785,0.0002446709487082162,2.574773297777907e-05,5.288736195098433e-08,2.088859706293678e-06,3.5994001048211677e-07,9.999984626188472e-09,0.13301474740242786,0.8064060929416033,0.0002241464264828021
8,0.0005772860345104972,3.8451741281392194e-05,0.016500100885401284,0.0012359139479087109,1.427749265721995e-05,0.009373569781079625,5.953358336377393e-07,7.051038975742108e-08,0.034477127764871635,0.03231968462464064,1.6441784951234484e-07,1.167182012771262e-06,2.3013561763796088e-06,4.5635162752143095e-05,1.2627853279915923e-06,0.0017479070195988355,0.0005458505718993666,0.00012872557655485594,1.8755498105123814e-06,4.93500962545779e-06,1.9875602436863573e-06,1.103070415898345e-07,0.3648880587671945,0.5375545516528778,0.0005383889624603116
9,0.004971808460014317,1.8695515407429097e-05,0.021634678754981762,0.0009618051585680959,2.9920721605782392e-05,0.012061663177484127,6.199320221776249e-07,4.59509205900206e-08,0.020420278241535503,0.005471057684132538,5.744014758374439e-07,2.8214335343459152e-06,2.3672478601564545e-06,1.5642855429700037e-05,1.5922563226052164e-06,0.0007951866731927503,0.0011501209668954339,7.961171633906686e-05,5.282182468495582e-07,1.945112610543311e-06,1.0468919203549485e-06,1.3542220266571678e-07,0.3980829500613382,0.5337493971074382,0.0005455060385210057
10,0.00028097618099925617,5.6661891279216245e-06,0.02405289702906151,0.00023729987955977577,7.689771251288998e-06,0.0006232963235311705,1.9153430113697045e-08,4.281789047908453e-09,0.007173508894513775,0.007453900514230809,2.5734254169604635e-08,1.9991633268814014e-07,3.0993156202928963e-07,1.7658883670908155e-05,1.4495197055090622e-07,0.00032591517697521375,0.00019296812748999592,1.459944098863717e-05,3.8154524375481355e-08,1.6969608694474164e-06,2.6125009108273495e-07,5.281281659715039e-09,0.1555532043601772,0.8037807844348863,0.00027692917743104157
11,0.0002899869150054604,5.442742728261757e-06,0.023477762626313854,0.00023064500103830524,7.69854739294812e-06,0.000565988199456134,1.941628792897707e-08,4.115739999428055e-09,0.006834476559601339,0.00667217281198228,2.6183842794701386e-08,2.0092578349039752e-07,3.3781124461738997e-07,1.670047941492758e-05,1.3913737673949618e-07,0.0003090701836866492,0.00018398139600576548,1.438682783212225e-05,3.7558156295098895e-08,1.718019529882934e-06,2.613775616675658e-07,5.358753552947802e-09,0.14313933667879208,0.8179899408978261,0.00025966022864676736
12,0.0001259476938854937,1.971757750004254e-06,0.021332686484555368,6.615460106773363e-05,1.6103514462987715e-05,0.00031963274101136417,8.032068195498652e-09,1.197278148641493e-09,0.005604157157120508,0.0028736588558526586,1.7226953242919015e-08,1.1623951802213674e-07,8.517789129109352e-08,1.942460853209105e-05,4.8317943729616705e-08,9.416180251983013e-05,0.00013769091507831758,6.090734745700003e-06,5.264277700907743e-09,1.4456689901657423e-06,1.9511942694306629e-07,1.6312681144056927e-09,0.1479323987062721,0.8211940046654704,0.0002739918860597444
13,0.0005339102403807174,1.1318848762339336e-05,0.03171372489402229,0.000252626108305843,1.3008885770637998e-05,0.00042853869145719153,2.687710891905681e-08,9.861899551635443e-09,0.008877014950363677,0.006146191153795915,8.212774894875494e-08,7.259415602752268e-07,5.238370059558139e-07,4.9740116376185843e-05,2.867913099358359e-07,0.0003379395287424093,0.0003029516699622067,1.4712293079460663e-05,4.033171277763337e-08,2.0597732928525944e-06,3.7186121164057867e-07,1.513955705390611e-08,0.10980852497061458,0.8408098452267363,0.0006958098792222837
14,0.00025083438918546203,8.639962973759394e-06,0.021322575652878636,0.00028810151734661756,9.277951518736215e-06,0.000469666170756123,1.6248658447472957e-08,3.910130668276001e-09,0.006238504151747761,0.008678511288556155,2.7881655491272757e-08,1.597060401782645e-07,3.6689191921785e-07,2.1219260635440654e-05,1.0787141592192097e-07,0.00023554857734511519,0.0002160274465067762,1.8328010909486782e-05,5.190290556781262e-08,1.5846040193969153e-06,3.7696573522592095e-07,5.753294715255822e-09,0.14977504229996547,0.8122626516598012,0.00020236992409849728
15,0.00028097618099925617,5.6661891279216245e-06,0.02405289702906151,0.00023729987955977577,7.689771251288998e-06,0.0006232963235311705,1.9153430113697045e-08,4.281789047908453e-09,0.007173508894513775,0.007453900514230809,2.5734254169604635e-08,1.9991633268814014e-07,3.0993156202928963e-07,1.7658883670908155e-05,1.4495197055090622e-07,0.00032591517697521375,0.00019296812748999592,1.459944098863717e-05,3.8154524375481355e-08,1.6969608694474164e-06,2.6125009108273495e-07,5.281281659715039e-09,0.1555532043601772,0.8037807844348863,0.00027692917743104157
16,0.0004939048425679011,1.0273726494586191e-05,0.027699626485963684,0.0003288618247598834,9.599462088933097e-06,0.0007523139670541591,2.761581733746875e-08,8.359849792140003e-09,0.009117554063956744,0.009186538448258898,4.913837592348519e-08,4.593883598264407e-07,4.63299022670283e-07,3.0676472953188083e-05,2.6928513693182813e-07,0.0004417542305682274,0.0002959663640368108,1.945850382607307e-05,5.797616848043352e-08,1.8642698042913559e-06,3.275742519112801e-07,1.2296691567126708e-08,0.15573787033960093,0.7954049488278435,0.00046711323654792194
17,0.00029368919653812884,4.363681089073239e-06,0.022096088281005854,0.00016962793929656443,9.596188860869161e-06,0.00037340412317740494,1.846825776754389e-08,3.0374728118664385e-09,0.005992541132235859,0.0037441377232828605,2.776381691384731e-08,2.1919303437590932e-07,2.897876972385979e-07,1.880036957800886e-05,7.402978845838087e-08,0.00017021422453093477,0.0001782721082609829,1.3886251478641927e-05,2.2050639514834196e-08,1.3352323464076011e-06,2.969111585912808e-07,4.252239678923711e-09,0.1379446353907786,0.8287682001197764,0.00022025254365814866
18,0.00020394500675423595,5.381998609066176e-06,0.021728297302710146,0.00014228047077918392,7.229502819751772e-06,0.00047732967425396925,1.714077724878776e-08,3.553785388809953e-09,0.006704380025209493,0.005978294219699597,2.4900255339362476e-08,2.399549390466722e-07,2.1043092507041486e-07,2.420117244206451e-05,1.5494007433075963e-07,0.0003460354766624869,0.0002222016887449171,1.1236914309603072e-05,3.294371435392757e-08,1.57438680114452e-06,3.1218008683725647e-07,5.203702613102055e-09,0.1523940280359704,0.8113031077928567,0.00044947508311698304
19,0.00021657704218542057,6.5345281065840275e-06,0.0202798164612008,0.00033296986478562713,1.0070059276373102e-05,0.0008027638766724317,2.0614019402264504e-08,4.5134705079760385e-09,0.009969472314135114,0.009436924076155956,2.2898745431411112e-08,2.1744653133359188e-07,3.0595870355583136e-07,1.9486596399664537e-05,1.9637974859897162e-07,0.0003450557370329316,0.00016868118938821275,1.2483489567335683e-05,4.170408367386238e-08,1.9520639367831285e-06,2.0434794794034087e-07,6.46689788595057e-09,0.14532411819142046,0.8127780892433157,0.00029398493627218593
20,0.0003225124445068402,8.90127268682683e-06,0.023683570353560446,0.0003312335813250013,9.415053507473358e-06,0.0007625385641928047,2.5322587442749573e-08,6.4519148703524214e-09,0.010253904299701938,0.010449129095638322,3.689592677982044e-08,2.551033727398092e-07,4.816869708973542e-07,2.7164405935723125e-05,2.4703895024880563e-07,0.00035328045594037284,0.00020330909010672348,1.6993870860458773e-05,6.066581844135937e-08,2.3264018376352295e-06,3.063005826759272e-07,1.0633135451075073e-08,0.1472333797430738,0.8059937250490607,0.0003471862188052883
21,0.0003720507929197318,4.317286626282328e-06,0.034459463637470725,0.00016713674031616522,6.816526231403473e-06,0.0002790387323266402,1.4652310392246814e-08,4.252078960386257e-09,0.004549997578279722,0.004740622849945037,2.6221146367755253e-08,2.311833637253076e-07,3.303549923964055e-07,2.082590416960902e-05,6.48293477729011e-08,0.00027039781543175025,0.0001977134022136474,1.954033623939378e-05,2.0473328489591157e-08,1.6206067301496833e-06,3.2393105027420946e-07,3.546567891350746e-09,0.12352845482346028,0.8311661948235678,0.00021478869988552092
22,0.00046265711401889816,6.886113111157504e-06,0.042655574093911706,0.0002822453471797324,7.4422642072461894e-06,0.0007014471193733867,1.8297077511303868e-08,6.913415104464511e-09,0.004791532475911448,0.010748712770623052,3.296550911043226e-08,1.8875363554717447e-07,3.8413267552546425e-07,2.078672110220919e-05,1.0953348094925775e-07,0.00039762692748693485,0.0003918833441857419,2.7682531011412335e-05,4.2990050626022e-08,2.03296333212335e-06,4.541717883263082e-07,5.621677429732791e-09,0.2224544558409229,0.7168215916836441,0.00022619931066754877
23,0.00028097618099925617,5.6661891279216245e-06,0.02405289702906151,0.00023729987955977577,7.689771251288998e-06,0.0006232963235311705,1.9153430113697045e-08,4.281789047908453e-09,0.007173508894513775,0.007453900514230809,2.5734254169604635e-08,1.9991633268814014e-07,3.0993156202928963e-07,1.7658883670908155e-05,1.4495197055090622e-07,0.00032591517697521375,0.00019296812748999592,1.459944098863717e-05,3.8154524375481355e-08,1.6969608694474164e-06,2.6125009108273495e-07,5.281281659715039e-09,0.1555532043601772,0.8037807844348863,0.00027692917743104157
24,0.00024447889464783993,9.172607386456299e-06,0.02213856209234811,0.00039191173319060843,8.278118061207885e-06,0.0006143192055514766,2.088616874921048e-08,5.636154974625697e-09,0.007693439176140701,0.0111260094193158,2.569388703889823e-08,1.941173981625611e-07,3.7023240014263815e-07,2.3989045249804433e-05,1.6887367677064516e-07,0.000365984374938491,0.0002305585849272782,1.9459171465782143e-05,6.38651630232906e-08,1.8634618042889894e-06,3.2907177076245447e-07,6.6368394726039835e-09,0.1760062365985614,0.7808647422057432,0.00025981029720847806
25,0.0003851939688942855,5.552164564670707e-06,0.03254803826278866,0.0002740768333043577,1.0813553586147081e-05,0.0005809080907375605,2.9613979814470482e-08,9.620955655280705e-09,0.006729939952274689,0.006678674635295831,4.205901676193429e-08,3.2868226418753644e-07,3.954982716998223e-07,2.7753082369000357e-05,9.596307959547677e-08,0.0003288887158070863,0.00024767265386428373,2.9989478762615277e-05,3.4123264413192894e-08,2.3261235658313026e-06,4.37665581090153e-07,5.858521762081926e-09,0.18756398366663984,0.7643304960324921,0.0002543137001179714
26,0.002028140110627108,0.002265811411550746,0.03599706856460656,0.0050675273775544795,2.244873745723736e-05,0.027017708888124926,8.990805993398948e-07,4.804471143703069e-06,0.05550894801433694,0.47522559662839337,3.3447739408804264e-06,5.004930802931065e-05,6.525270689014333e-06,0.0009107283000144838,0.0004079854551884449,0.04081847199234424,0.012067655545006137,3.4232587104515476e-05,2.6909437435320137e-05,9.775684696640355e-06,3.092287772035499e-06,2.353199577599715e-05,0.10338039962956509,0.19411931406940017,0.04499903037864328
27,0.00041573126475904945,4.147508887986338e-06,0.08587190269021529,0.00016412237248950332,4.444563409925074e-06,0.00016491321066988438,1.0556867664826491e-08,3.7108294257451416e-09,0.0008644687829803512,0.004788104139979062,2.372695639831465e-08,1.5994750689214844e-07,2.494367841657247e-07,2.0142812646696176e-05,2.6208561210395542e-08,0.00037573708129237253,0.0010698860445088655,3.988212034114842e-05,1.4393569167279527e-08,1.7131791727043964e-06,7.361978301890938e-07,1.014412559284092e-09,0.3013468021356299,0.6047317277443769,0.00013504915532276397
28,0.00028097618099925617,5.6661891279216245e-06,0.02405289702906151,0.00023729987955977577,7.689771251288998e-06,0.0006232963235311705,1.9153430113697045e-08,4.281789047908453e-09,0.007173508894513775,0.007453900514230809,2.5734254169604635e-08,1.9991633268814014e-07,3.0993156202928963e-07,1.7658883670908155e-05,1.4495197055090622e-07,0.00032591517697521375,0.00019296812748999592,1.459944098863717e-05,3.8154524375481355e-08,1.6969608694474164e-06,2.6125009108273495e-07,5.281281659715039e-09,0.1555532043601772,0.8037807844348863,0.00027692917743104157
29,0.00028097618099925617,5.6661891279216245e-06,0.02405289702906151,0.00023729987955977577,7.689771251288998e-06,0.0006232963235311705,1.9153430113697045e-08,4.281789047908453e-09,0.007173508894513775,0.007453900514230809,2.5734254169604635e-08,1.9991633268814014e-07,3.0993156202928963e-07,1.7658883670908155e-05,1.4495197055090622e-07,0.00032591517697521375,0.00019296812748999592,1.459944098863717e-05,3.8154524375481355e-08,1.6969608694474164e-06,2.6125009108273495e-07,5.281281659715039e-09,0.1555532043601772,0.8037807844348863,0.00027692917743104157
30,0.00028097618099925617,5.6661891279216245e-06,0.02405289702906151,0.00023729987955977577,7.689771251288998e-06,0.0006232963235311705,1.9153430113697045e-08,4.281789047908453e-09,0.007173508894513775,0.007453900514230809,2.5734254169604635e-08,1.9991633268814014e-07,3.0993156202928963e-07,1.7658883670908155e-05,1.4495197055090622e-07,0.00032591517697521375,0.00019296812748999592,1.459944098863717e-05,3.8154524375481355e-08,1.6969608694474164e-06,2.6125009108273495e-07,5.281281659715039e-09,0.1555532043601772,0.8037807844348863,0.00027692917743104157
31,0.0004675924187117696,6.357396394796306e-06,0.04231407572899666,0.0002449814697743417,6.6342370965707205e-06,0.0005329981086625486,1.921463776289616e-08,6.875059052282234e-09,0.005510133142341854,0.008630010398240325,2.9536343898017694e-08,2.1183561072124377e-07,3.938571226634648e-07,2.072893065858128e-05,1.0048714590831266e-07,0.0004033633041329417,0.00027355165400884835,2.4895990761647275e-05,3.528180138698323e-08,1.939518202069503e-06,3.7773649817556287e-07,5.05635690773955e-09,0.1735204955407759,0.7678015378096876,0.0002395244709770196
32,0.0002684218342739206,5.822310790267213e-06,0.022546425108491315,0.00025016750038758806,7.622538651648095e-06,0.0006534435513339041,2.0609492344599133e-08,4.322956727365917e-09,0.00715730969395017,0.007674097370815223,2.5907631320462807e-08,1.9613955153316404e-07,3.273329183511549e-07,1.6915326788823757e-05,1.5726653028494598e-07,0.0003399546657415916,0.00019474034495277747,1.488666568724198e-05,4.533500192228557e-08,1.7296280819540626e-06,2.753810117660594e-07,5.564122669686835e-09,0.15808447945058948,0.8025104021661464,0.0002725239841007787
33,0.0004172186592549605,7.421580220042151e-06,0.024461348236150315,0.0003096756217177441,7.453256784177084e-06,0.0005003654867928384,2.3114372514126014e-08,5.925613786987001e-09,0.004834116646383753,0.005871063285210245,3.617641290789839e-08,3.044011968124384e-07,4.77459150830313e-07,1.6460840218575916e-05,1.3036402302357623e-07,0.0003859543645298483,0.00030674615377689854,1.9216190744979626e-05,4.916488316250286e-08,1.587824529039656e-06,3.3471233426626164e-07,7.33613061927856e-09,0.14202676640890768,0.8205942493031473,0.00023898748751373069
34,0.0010097288903455374,3.325846874575846e-06,0.03587472043175123,0.0002051323239366008,5.7973874310024805e-06,0.0004378514142762507,2.046694047092852e-08,3.832849938273157e-09,0.005540371787904484,0.00445623813238247,3.61053466054689e-08,1.7919448136991605e-07,6.581067121574529e-07,9.405996741536112e-06,1.016640547756379e-07,0.0002075577113150987,0.00013224524286425938,2.1887105610099915e-05,3.443286978049981e-08,1.2464458830170342e-06,2.4416019217674247e-07,4.923208207842376e-09,0.1151243173339676,0.8368148728859078,0.00015401817615295452
35,0.00030104585854292426,5.654404382750526e-06,0.024263936439255465,0.0002383693690350266,7.454741229460487e-06,0.000640236216506937,1.96326537354959e-08,4.478113618226607e-09,0.007240196125802048,0.007495420276991517,2.6269995413044746e-08,2.0576902956482668e-07,3.2092544592533886e-07,1.7199342284850402e-05,1.4202615254030506e-07,0.00033558120969809466,0.00019327119950551645,1.5465509986433487e-05,3.946573271212283e-08,1.665781563318828e-06,2.6179981781532284e-07,5.480403772888509e-09,0.1545413287462789,0.8044301368180315,0.0002720121135601807
36,0.0005160662361780038,1.387815811756991e-05,0.03522040283035987,0.0004904699735550484,7.848213242535288e-06,0.0010913845028953798,3.947938315434825e-08,1.5745563582164167e-08,0.013145220763139804,0.01794628301423564,4.079060489371953e-08,4.5324856911549915e-07,6.235029377485234e-07,3.935556573679522e-05,2.8789801521367277e-07,0.000804260779300448,0.0003634724540508426,3.250489243188394e-05,9.565262526633901e-08,2.638999867483735e-06,3.918199657511697e-07,1.7159322324558122e-08,0.18503086328993779,0.7448599428274935,0.00043344220247041573
37,0.000258634492989463,9.514999402154996e-06,0.023551134652574218,0.00039509329823906106,8.26332099959203e-06,0.0011861306293125845,2.644673370682094e-08,7.797527053450336e-09,0.010098693782996491,0.014236017825940991,3.1979051483250585e-08,2.664002809764702e-07,3.478326880039639e-07,2.4623815112064794e-05,3.183241820262085e-07,0.0005683375368710383,0.00027856784531899467,1.6488604755966468e-05,7.278004182547494e-08,2.2879129178054338e-06,2.833933606167162e-07,9.494850546737399e-09,0.20411551604422443,0.7448287977316672,0.0004205330579617364
38,0.000249444492034458,6.039900087968248e-06,0.022638433133624594,0.00022018985960091484,8.692777356437872e-06,0.0004728650253275932,1.5764485944197847e-08,3.755424275900398e-09,0.007626372527519331,0.0065931041023951,2.5814705446987904e-08,2.1035858392752734e-07,2.6788552180161414e-07,2.1670357540739712e-05,1.319295436952001e-07,0.00025237283526947696,0.00017463141094764493,1.2019133781581963e-05,2.9241441238403e-08,1.5408479265225216e-06,2.3233963022834892e-07,4.973959621410683e-09,0.13887326147519075,0.8225461507213773,0.00030228933672348077
39,0.0004637056014368371,5.683494654012709e-06,0.03295422676919264,0.0002591378707433973,7.251133783365668e-06,0.0011517360439025702,3.482948984683782e-08,1.1153836314707577e-08,0.006264231194545682,0.008060996565416985,4.067437601671238e-08,3.8852594591310465e-07,3.953271281303508e-07,1.6210114370211153e-05,1.734303757708328e-07,0.0007156740811123941,0.00036808316556051474,2.3086462240492602e-05,5.268530240040384e-08,2.177950194176124e-06,3.8431652729634347e-07,8.612115985887684e-09,0.1966181578576168,0.7527429241342202,0.0003452280059120187
40,0.0002794379675021462,5.658599850179069e-06,0.02397974349140347,0.00023758269036055376,7.671023444621487e-06,0.0006224487023491733,1.913268450343552e-08,4.2758116742623076e-09,0.007165968607999599,0.007469140474278753,2.560885415129561e-08,1.987835823987352e-07,3.0931875090784757e-07,1.7628656988954685e-05,1.4444708579600635e-07,0.00032606436163521715,0.00019252468482978182,1.463683988260008e-05,3.8266466705947946e-08,1.6966605266693298e-06,2.614225056493921e-07,5.257276161441045e-09,0.15579123485362653,0.80361183034358,0.0002757255287238686
41,0.0002846045411999381,4.9836861764354834e-06,0.022619293597261805,0.0002941063367875607,1.0616777570095491e-05,0.0009009427101575935,1.865935634991238e-08,3.929016877620373e-09,0.010483634676979943,0.008368277625700577,2.5242063187456103e-08,2.055654929120342e-07,2.684591077905549e-07,1.4961230028022354e-05,2.0293518950655626e-07,0.0002781226509514013,0.00013838863330803815,1.0611683760781826e-05,3.1397638067118015e-08,1.6042706742972746e-06,1.5233317923058416e-07,5.172364294309663e-09,0.14549665987338142,0.8107958263733975,0.0002964516392564966
42,0.0003923678165278834,1.0499944108362363e-05,0.02293606923709279,0.0003714749007527098,8.83438106455474e-06,0.0010871516969809634,3.3418951907629754e-08,8.605936730200294e-09,0.00899335226073295,0.01021851322051648,3.982467899442368e-08,3.491337893669726e-07,5.698737381364843e-07,1.6922130344321198e-05,2.991301360345451e-07,0.0006308748001114694,0.00031505691973835636,1.5042083117136432e-05,8.86274421175906e-08,2.1029228203849515e-06,3.105680495247303e-07,1.5744247730649258e-08,0.131897899240365,0.8227369627979266,0.00036516072082973505
43,0.0002364161607924589,5.818052934727536e-06,0.026359685903798936,0.00033612833338328424,8.006751151385508e-06,0.001560525834124994,2.2601589176757013e-08,7.390962985714355e-09,0.010781096379622497,0.018111354816525652,2.4406165621804177e-08,1.5411174963357835e-07,3.090401580604229e-07,1.944735790098613e-05,2.393196606859476e-07,0.000510700904264226,0.00019165090237922557,1.9809665149204842e-05,6.708747250146411e-08,2.6364418555383155e-06,3.014244641153531e-07,7.337618622612218e-09,0.21517808251598972,0.7263837378310972,0.0002937694291884153
44,0.00028097618099925617,5.6661891279216245e-06,0.02405289702906151,0.00023729987955977577,7.689771251288998e-06,0.0006232963235311705,1.9153430113697045e-08,4.281789047908453e-09,0.007173508894513775,0.007453900514230809,2.5734254169604635e-08,1.9991633268814014e-07,3.0993156202928963e-07,1.7658883670908155e-05,1.4495197055090622e-07,0.00032591517697521375,0.00019296812748999592,1.459944098863717e-05,3.8154524375481355e-08,1.6969608694474164e-06,2.6125009108273495e-07,5.281281659715039e-09,0.1555532043601772,0.8037807844348863,0.00027692917743104157
45,0.0002328865654582152,4.540200979042519e-06,0.017197778534288357,0.00035425153901262347,9.711125483649874e-06,0.0012157365071076133,3.404801907093814e-08,4.992861533308144e-09,0.01130556036000963,0.008368901088372254,2.4122938832508907e-08,2.2258029661884075e-07,3.851694114379906e-07,1.153907190694567e-05,3.066457751545476e-07,0.00044617635272934416,0.0001282735859019077,1.1642585606194697e-05,5.6279527101070185e-08,2.3070850424189307e-06,1.6686175785270015e-07,6.945590124179156e-09,0.14089576370896958,0.8195296825506825,0.00028404149227210656
46,0.0001627041711134689,3.955404816133909e-06,0.021546193615872303,0.0001923993304248347,6.9700739972238174e-06,0.0005484353738166563,1.557131833015567e-08,3.251973466358884e-09,0.011416397583508993,0.00959407353996214,1.7211496556682934e-08,1.1460452913306235e-07,2.430091398643021e-07,2.3353125927671036e-05,1.1027844375831863e-07,0.00022206082046307514,7.826642153539036e-05,1.6379233977733398e-05,3.1882461985772046e-08,2.003161430674137e-06,2.2724301911843208e-07,3.296080284467292e-09,0.14807330745187372,0.8078789918341327,0.0002337425086848281
47,0.0005969538987289671,9.977472542373721e-06,0.022944162186736464,0.0002170360108381774,7.0475936622011925e-06,0.0005595823514942564,2.385583898533801e-08,5.918787962734813e-09,0.0071612961474502666,0.005695328316689873,4.1253768213880735e-08,4.378405052067307e-07,5.343864004749882e-07,1.4939600667467709e-05,2.0989410351983208e-07,0.0004997675860318803,0.00027863840105552933,1.2709516489136144e-05,4.9673668270402304e-08,1.455170937958361e-06,2.2183848759764217e-07,1.3663709459230523e-08,0.08899440517001987,0.8726208651492735,0.0003842971021122016
48,0.00016544738721492672,1.6281730087760578e-06,0.019267169676148888,0.00010522522608409911,6.327459974339172e-06,0.0003699507275231384,1.2257303008590367e-08,1.8115763459308425e-09,0.007963241257878527,0.0035724831554571814,1.5496477177332798e-08,1.3487220114422626e-07,1.8804172077464903e-07,1.2874366036843663e-05,7.699491654274742e-08,0.00016603167903013087,5.394331931491152e-05,8.938927129254498e-06,1.2492649696601832e-08,1.5477773707705007e-06,1.3083364576545015e-07,1.9929164092019875e-09,0.09743596541646532,0.8706516467450289,0.0002170039129272888
49,0.00032972856931971106,4.639508697481669e-06,0.02806605249232817,0.00021316162564406836,8.012399089214645e-06,0.0006984199725482208,2.0294998559392933e-08,4.4581294787230105e-09,0.006896341969280841,0.006115057041772001,2.8016256971462656e-08,2.3726420985847892e-07,3.158658436885572e-07,1.6274130788019023e-05,1.1468029688260777e-07,0.0003094085156749397,0.00019386400686931816,1.5200823841617452e-05,2.715652292729253e-08,1.7898342813332795e-06,2.486968915797546e-07,4.909034739753374e-09,0.154248099530872,0.8026256262419273,0.0002573219948809075
50,0.00031356420546574734,8.720291477571618e-06,0.029854475295073752,0.0003306224250839442,9.485352823791243e-06,0.0008909554091229232,2.56980999793764e-08,7.919530554645593e-09,0.010698933311054874,0.014034541995886026,3.2453584242977205e-08,2.4479600043888283e-07,3.908551230455721e-07,2.96761924208472e-05,2.373501039427426e-07,0.00044570125909003513,0.00023250922207210614,1.9565734693640943e-05,6.576215867203227e-08,2.2589579667909213e-06,3.6907565819841667e-07,9.206222873184624e-09,0.17433001464594491,0.7684221905509782,0.0003754020343630111
51,0.0005568468339646729,7.088400611495118e-05,0.03625961709264015,0.00133256014269133,1.511141043803233e-05,0.0005602427922798518,3.0577856438153486e-08,2.6022900534215245e-08,0.013140317027970682,0.029036729350761965,7.756514112206923e-08,6.774863924145588e-07,1.0651569663248623e-06,0.00010376861906633,4.748835953626679e-07,0.0005807071856536953,0.00047062185627551307,3.565498725596125e-05,1.6528382756748004e-07,2.8450135158283646e-06,5.424978245993719e-07,3.247569986669003e-08,0.13979748813282922,0.7774937444427229,0.0005397691556146477
52,0.0002486829604295358,5.5419951337408985e-06,0.0221509967226123,0.00018595192228711016,9.178779008865879e-06,0.00045842879681892555,1.9207335624565698e-08,3.2832581909849857e-09,0.006103842815231624,0.004364510760882757,2.7154388956903626e-08,2.4843378002043145e-07,2.514501783387171e-07,1.7689253836817508e-05,1.2288592937295034e-07,0.00025093658941437315,0.0002162598404551553,9.635525103567972e-06,2.566792412186158e-08,1.3494941717048708e-06,2.5907303236615e-07,4.534442841077079e-09,0.14209030424078536,0.8235648274271788,0.0003209011863797294
53,0.00024763928255194963,4.619476884042714e-06,0.020528754104145043,0.00021126234126110744,8.034849078904638e-06,0.0008671968893763354,3.246115583855328e-08,5.054000576446652e-09,0.009336609007490154,0.005842616567650088,2.824647727837356e-08,3.0054294361588136e-07,2.6893598947954615e-07,1.9264484698824422e-05,1.7780769634782236e-07,0.00038084477252145883,0.0001794872520307856,1.4492346189179387e-05,3.436945676762456e-08,1.91581549246865e-06,2.4227474094363843e-07,5.3276565088766335e-09,0.1904921487765556,0.7714906767415816,0.00037334227237507755
54,0.00021899069579654,9.144557124616335e-06,0.023354947447875956,0.00018341276767238352,9.23957998243299e-06,0.0005008543788332767,1.9108678419667502e-08,5.22772560366033e-09,0.011680715980301282,0.008717361789450382,2.8818742395792525e-08,3.600199209404918e-07,2.494004469101868e-07,3.696952943587482e-05,2.5957248167558515e-07,0.00044231485356399343,0.0001883275630633454,9.797629535209237e-06,3.512398024705281e-08,1.909557071194349e-06,2.3368596886531952e-07,8.003170935901667e-09,0.11299873637677425,0.8409798693917954,0.000666208940607924
55,0.00035350194347431196,9.450899687824936e-06,0.03633083175403577,0.0003299501728934268,7.802392695815504e-06,0.0008629651068897913,1.9113087981881812e-08,7.2948211502263276e-09,0.007211675357569395,0.015899022069770626,3.222995602267206e-08,1.8075218821461226e-07,3.9341590154058965e-07,2.7335738801466648e-05,2.1445431071275118e-07,0.00046824730576128557,0.00034838869901209407,2.08661779674329e-05,5.918965603843606e-08,2.460187708998105e-06,3.962854802699776e-07,8.164048776724474e-09,0.21225159371118124,0.7255460028342243,0.0003285947488756637
56,0.0002906957175671472,5.6330558294207595e-06,0.023726531949668037,0.00023492955657682547,7.762773224042672e-06,0.0006055732623890912,1.969742817896417e-08,4.2578018518254665e-09,0.007086763185533227,0.007047627003549873,2.6665391736170085e-08,2.0388369536104724e-07,3.2770710530753807e-07,1.7341340863478067e-05,1.429733578362059e-07,0.00031401049723406695,0.00018978194978052534,1.4680204876116823e-05,3.8572369950538e-08,1.6983002630611737e-06,2.6611741712809595e-07,5.452561485812078e-09,0.1506827254104254,0.8095034462854949,0.000269764179595924
57,0.0002807354549685532,7.981521927344907e-06,0.02281632395970409,0.00025342658802897085,7.534339089042447e-06,0.0005020959532564062,2.2351142423663594e-08,5.028497311411198e-09,0.006746321168081832,0.0075770378161705496,2.9637107003021502e-08,2.428739086928355e-07,4.1294305322429e-07,1.9878648706123986e-05,1.65550302200373e-07,0.0003882944892722384,0.00023052928867261588,1.5495914989709366e-05,6.378975471745783e-08,1.661014348379968e-06,3.718026687438271e-07,7.491464004989077e-09,0.12862303915900647,0.8322272743735437,0.00030104884233564486
58,0.00020990885401152458,4.0557938860209965e-06,0.01839759512947847,0.00018175486125170923,7.206712488527689e-06,0.0004579426420874881,1.614219006857893e-08,2.6853163769235126e-09,0.006127644069306552,0.005017920081532617,2.062481403395378e-08,1.5835677029215662e-07,2.649790437940937e-07,1.3115022505689836e-05,1.1052053751030206e-07,0.0002431975806001212,0.0001370273325166276,1.120196629481512e-05,3.011634226546066e-08,1.4778275035131086e-06,2.1916564533507967e-07,3.728600619959959e-09,0.12870834312613186,0.840257209607291,0.00022357307385319138
59,0.0002153750493665305,4.232942660688484e-06,0.021377673767598818,0.00017881619135926198,7.168913549338449e-06,0.0004515857704019402,1.531175226311756e-08,2.888741381339143e-09,0.005981092423640487,0.00562066022429828,2.0205754475654822e-08,1.538584547089949e-07,2.600102715559358e-07,1.4419250346699458e-05,1.0447014433053742e-07,0.0002618240005329652,0.00015030424550805993,1.1879584291767971e-05,2.8612127919924334e-08,1.5589605347824012e-06,2.372151770893799e-07,3.622383308601755e-09,0.1320855655391933,0.8334078596764414,0.0002291572654686358
60,0.00028097618099925617,5.6661891279216245e-06,0.02405289702906151,0.00023729987955977577,7.689771251288998e-06,0.0006232963235311705,1.9153430113697045e-08,4.281789047908453e-09,0.007173508894513775,0.007453900514230809,2.5734254169604635e-08,1.9991633268814014e-07,3.0993156202928963e-07,1.7658883670908155e-05,1.4495197055090622e-07,0.00032591517697521375,0.00019296812748999592,1.459944098863717e-05,3.8154524375481355e-08,1.6969608694474164e-06,2.6125009108273495e-07,5.281281659715039e-09,0.1555532043601772,0.8037807844348863,0.00027692917743104157
61,0.0002259116561581859,3.951434967609743e-06,0.021902021820100852,0.000173465013157193,7.122428643518965e-06,0.0004439759750585985,1.5114744905597323e-08,2.843641890057003e-09,0.0060747012718095844,0.0053814710923151135,2.008574641666403e-08,1.516405437689636e-07,2.558551976630684e-07,1.4103400373866165e-05,9.548763250072117e-08,0.0002423439773516464,0.00014040183573439774,1.2099830420967295e-05,2.6561350161908668e-08,1.4843569838870799e-06,2.3171802146616732e-07,3.4273778019313682e-09,0.130837683641408,0.8343201442207447,0.00021831531051540697
62,0.00028097618099925617,5.6661891279216245e-06,0.02405289702906151,0.00023729987955977577,7.689771251288998e-06,0.0006232963235311705,1.9153430113697045e-08,4.281789047908453e-09,0.007173508894513775,0.007453900514230809,2.5734254169604635e-08,1.9991633268814014e-07,3.0993156202928963e-07,1.7658883670908155e-05,1.4495197055090622e-07,0.00032591517697521375,0.00019296812748999592,1.459944098863717e-05,3.8154524375481355e-08,1.6969608694474164e-06,2.6125009108273495e-07,5.281281659715039e-09,0.1555532043601772,0.8037807844348863,0.00027692917743104157
63,0.000277849760193459,6.614230563894495e-06,0.02337033731854635,0.0002478304236795766,7.73199755229957e-06,0.0006031432480186626,1.9222689280185777e-08,4.4947216460737794e-09,0.00718845834416715,0.007854170082669134,2.65814071888812e-08,2.0794028854315607e-07,3.214411005471138e-07,1.859846517823561e-05,1.5707230945217242e-07,0.00034490996094084275,0.00020581965537064587,1.4563545727755286e-05,4.268402155028941e-08,1.7103430146642817e-06,2.708659346202174e-07,5.8135116396754424e-09,0.15202479862566753,0.8075408315877669,0.00029157629495826695
64,0.00026432548294414793,5.304742615835345e-06,0.024965517947463055,0.00020833206577275558,7.523005240421658e-06,0.0005083858970217262,1.9166308671164314e-08,3.945037413824208e-09,0.006064027396232511,0.006627377929249908,2.5053259448076193e-08,1.7945736944862378e-07,3.163481282442185e-07,1.7904045166343823e-05,1.180403824123767e-07,0.00030207240143566674,0.00019946356085228382,1.563738770371794e-05,3.8400989133828354e-08,1.6961360025033556e-06,3.332756323689945e-07,4.60998335766463e-09,0.1569887158767427,0.8035708999936589,0.0002517778348070975
65,0.0005418923035149537,3.0280030990517384e-06,0.01820596223972915,0.00047626683154661974,7.57805790395034e-06,0.0027444175834519234,5.086735394899358e-08,7.454540243649049e-09,0.005017596358507781,0.006571746908670964,4.692060597938543e-08,2.4783665490910703e-07,3.829818937536902e-07,6.311020228921127e-06,2.469127073771803e-07,0.0005023367901618026,0.00040942127761329486,3.066455290789503e-05,1.0182532056677501e-07,1.4265741261975624e-06,3.2513688016952896e-07,7.1374581276904865e-09,0.371070178430998,0.5942328995360671,0.00017685645805730544
66,0.0004726643080063452,5.190915513423426e-06,0.04475989514428945,0.00022902242164044687,8.614680347769554e-06,0.0005361074898309281,2.0841963421218424e-08,6.384134458345478e-09,0.007327302693467564,0.008379500264454371,3.1555967953079296e-08,2.150339980998407e-07,4.999233636720233e-07,2.0987174063317217e-05,1.1044046698814675e-07,0.00033892368025019497,0.0001757379363992866,2.179795218338877e-05,2.9829303887841694e-08,2.4776694600958915e-06,3.1797345862984124e-07,5.616610909448562e-09,0.12099075601110347,0.8164992404217463,0.00023054363797550472
67,0.00026626114509408654,3.563880810469927e-06,0.034679426084449176,0.0001925927285491539,6.100356586720748e-06,0.00044155681843017325,1.4210600339563826e-08,3.6191916295515298e-09,0.003760819940022189,0.006461849173885597,2.073197039795118e-08,1.1721899710373362e-07,2.644800508424283e-07,1.637076490920207e-05,7.044992315739322e-08,0.00026527588975394016,0.00023231471349900878,2.0379992703602452e-05,2.549545303910929e-08,1.8806521140328526e-06,3.845784275195461e-07,2.472258416508009e-09,0.2197814206642088,0.7336946268058383,0.00017465713227297002
68,0.0001705584915728612,3.0620645699404056e-06,0.02231736985607249,0.00016018597042374353,7.913419259420193e-06,0.00046915819336861594,1.3659931530940343e-08,2.2972494573854858e-09,0.008077958631749106,0.005291478923996442,1.7088571516106824e-08,1.5111606386897613e-07,1.8773132803362726e-07,1.833606417053527e-05,9.311957422377105e-08,0.00018788614558105734,0.00010241036386543339,1.0170842466905342e-05,1.634276859689181e-08,1.6069294550440318e-06,1.732150877689822e-07,2.557481517903337e-09,0.1415685092558668,0.8213635101295151,0.00024922759000997944
69,0.00023756440153128398,4.009810835980113e-06,0.036393498494085734,0.00018971568504169432,6.842831799551331e-06,0.0005142564386843481,1.7106423133165964e-08,5.284900820110793e-09,0.00626397874290433,0.008748403231213677,2.2384996695858153e-08,1.5244283553494283e-07,2.562869514468585e-07,2.6255112758069695e-05,8.618559961677848e-08,0.0003054442670244695,0.00017006564115245093,2.4040802535339674e-05,2.9793181883804e-08,2.1843303510054147e-06,4.2794152099856144e-07,3.1646610811951506e-09,0.19699676081865022,0.7498733946505903,0.000242584149770397
70,0.00017090063890915996,2.1754093298798498e-06,0.025582586692709013,0.00024748186260232884,1.7328251641482832e-05,0.0004551920949887264,1.5659974036246274e-08,1.9746377881995533e-09,0.009936282197907592,0.003633835718507066,1.8534326469798053e-08,1.3831877009201723e-07,1.7197760644171355e-07,2.1395929039155235e-05,7.798661158505602e-08,7.198929266659906e-05,7.676742489149976e-05,7.810829230286363e-06,8.273489122384772e-09,1.5123138122723196e-06,1.4696446274914707e-07,1.732617309995304e-09,0.17804401627817504,0.7815339165926437,0.0001962270504507406
71,3.367727530253024e-05,2.821346052510234e-06,0.01615922832615964,9.082178730522999e-05,1.2591463658844774e-05,0.00016105839419867308,1.2459409394748557e-08,1.8122458895937587e-09,0.011994559794334354,0.006092015654066686,7.297575391945494e-09,6.654741558047561e-08,9.582339573158037e-08,5.2340146835097036e-05,3.260789541218196e-08,0.00012037997884046167,4.508455916898122e-05,1.4208437051295655e-05,1.1641507699859964e-08,2.7110632434511043e-06,3.5350010563475976e-07,9.719686443437738e-10,0.14084651621540809,0.8241740134613813,0.00019738943547348845
