,0,1,2,3,4,5,6,7,8,9,10,11,12,13,14,15,16,17,18,19,20,21,22,23,24
0,9.904066928186908e-07,3.3381232228773957e-06,0.007066997491685589,1.6594705026369792e-06,1.0102576005252536e-06,8.167092636125562e-14,1.4907131637059985e-06,1.2675102184067214e-05,3.2673500805489984e-09,1.0734140273994395e-08,1.760862747106816e-08,1.292357862934807e-07,4.5393412431849e-06,4.124823510829703e-09,1.7494148848115018e-10,1.1880438891934207e-11,1.465535023508555e-05,8.820230991214239e-07,1.9656674052747013e-11,5.5538445359763676e-09,1.6990542562927376e-09,9.76945352502832e-10,2.371406841770785e-09,0.9928913911080377,1.948337938297421e-07
1,1.1100810532149579e-06,3.6532400552919373e-06,0.0079874574101747,1.8260161992058957e-06,1.12407774593249e-06,1.0202385572712524e-13,1.7374526395385591e-06,1.4196870688770673e-05,4.0948557043958114e-09,1.2986557145173667e-08,1.9703568573068525e-08,1.437344762404618e-07,4.699417707067771e-06,4.806117570075514e-09,2.1233964977587338e-10,1.5678408968933555e-11,1.4983120229781879e-05,9.071751118234682e-07,2.5075294042598567e-11,6.4437241342167316e-09,2.072736389953505e-09,1.1048715330197561e-09,2.5861210887626042e-09,0.9919678786778352,2.2867433567320384e-07
2,1.0479385319977695e-06,3.500641277020463e-06,0.00660971394794683,1.7541155910325754e-06,9.92065396451773e-07,8.834671493774076e-14,1.614756339572183e-06,1.3243373854960905e-05,3.094092982702985e-09,1.1465387790597072e-08,1.7999234314514824e-08,1.4281162321775158e-07,4.642561880333261e-06,4.5143329192705556e-09,1.978627072917518e-10,1.3900029816768379e-11,1.629640972964219e-05,9.607287784220657e-07,2.111882408252336e-11,6.185387254447467e-09,1.918514327574824e-09,1.159985648532745e-09,2.9333972457926118e-09,0.9933458251696899,2.1597605820657582e-07
3,9.721517404232779e-07,3.3805532527321386e-06,0.0066762699875568795,1.6556067519139406e-06,9.800046460742027e-07,7.675194171231026e-14,1.4423070766779628e-06,1.2424789308739603e-05,3.001428079738283e-09,1.0646346681306297e-08,1.6774986837096207e-08,1.2901236314874098e-07,4.4341516040315715e-06,4.066136259154194e-09,1.714734752048285e-10,1.1469222951630004e-11,1.5046078035381182e-05,8.914757861701949e-07,1.9040151700726995e-11,5.3798380557657265e-09,1.7321873815309394e-09,9.928074218030512e-10,2.3927527009296406e-09,0.9932821315483767,1.9714495786534817e-07
4,9.954716120688265e-07,3.4719546301280726e-06,0.0068953993031662724,1.6948700609109127e-06,1.0413023859877242e-06,8.115963098475315e-14,1.4821330976999764e-06,1.2418329976893261e-05,3.1485788013680024e-09,1.0807482534333199e-08,1.7410052699138472e-08,1.3296630272328846e-07,4.720850076960606e-06,4.365990933252841e-09,1.7845547351016637e-10,1.1752455277531709e-11,1.5151656069742481e-05,8.89587125941486e-07,1.9877957761008952e-11,5.42374952509112e-09,1.7392352021125932e-09,1.011660408704551e-09,2.461927714115602e-09,0.9930623563157559,1.986808938534521e-07
5,8.928268904984247e-07,3.226130679556454e-06,0.006113622872728389,1.6751623631931983e-06,9.219514706748017e-07,6.942675880680926e-14,1.343507664475185e-06,1.2204801058347775e-05,2.675845521995498e-09,1.0405174756915842e-08,1.5474140749667425e-08,1.1936670642592007e-07,4.289140901415866e-06,3.721739805381543e-09,1.5290458451227936e-10,1.0492051444372205e-11,1.4720867522874607e-05,8.947008602015692e-07,1.7070270159269384e-11,5.238024097814138e-09,1.648678755582495e-09,9.283380846351112e-10,2.349965513688153e-09,0.9938458576675739,1.8838113645135753e-07
6,9.721517404232779e-07,3.3805532527321386e-06,0.0066762699875568795,1.6556067519139406e-06,9.800046460742027e-07,7.675194171231026e-14,1.4423070766779628e-06,1.2424789308739603e-05,3.001428079738283e-09,1.0646346681306297e-08,1.6774986837096207e-08,1.2901236314874098e-07,4.4341516040315715e-06,4.066136259154194e-09,1.714734752048285e-10,1.1469222951630004e-11,1.5046078035381182e-05,8.914757861701949e-07,1.9040151700726995e-11,5.3798380557657265e-09,1.7321873815309394e-09,9.928074218030512e-10,2.3927527009296406e-09,0.9932821315483767,1.9714495786534817e-07
7,9.271343267767834e-07,3.5945708346381726e-06,0.0066555009535672295,1.549153719529768e-06,9.075798791431193e-07,6.762386373274601e-14,1.4230631997837337e-06,1.191240044354583e-05,3.1590981887918477e-09,9.774413948793614e-09,1.6850406411525798e-08,1.0997349001180925e-07,4.808645626428816e-06,3.6640866730684374e-09,1.5226114730503957e-10,8.799032058530216e-12,1.3437259553626234e-05,8.319350864037967e-07,1.7763692115888958e-11,5.041769105468554e-09,1.3819135188653276e-09,8.898479176956372e-10,1.939187306047713e-09,0.9933047837807547,1.7066990368504803e-07
8,1.7394272641995667e-06,5.681389984809148e-06,0.010587380836389194,1.5029681228360158e-06,1.7692425375368967e-06,2.459397904093043e-13,1.8757949893185685e-06,1.3328734367557426e-05,6.984406688272102e-09,1.25906531660294e-08,5.0904705080722644e-08,2.905504967695925e-07,7.119875932085484e-06,6.736208931951563e-09,3.7737463984159083e-10,1.6156301435542445e-11,2.2433279577215132e-05,1.6751986510144291e-06,3.810484125542219e-11,7.533619513412096e-09,2.7403881653202317e-09,2.185179909022072e-09,2.9245161513367588e-09,0.989354903834783,2.0583534500815174e-07
9,1.983299732269483e-06,4.948460515364226e-06,0.007861515630445856,1.936442894896604e-06,1.510068176816992e-06,2.8608916845621045e-13,2.325899858942456e-06,1.6943148190151553e-05,5.2491443604478214e-09,1.871884460124632e-08,4.0546298723542684e-08,3.1847357689869123e-07,5.559255991746325e-06,7.367388041566456e-09,4.4806996582294476e-10,3.189716518333873e-11,2.9070580870411298e-05,1.917217391886288e-06,4.3399718506405146e-11,9.61897844068249e-09,4.202344102726178e-09,3.083700901416886e-09,5.739262017649062e-09,0.9920715870492827,2.894234581029818e-07
10,9.721517404232779e-07,3.3805532527321386e-06,0.0066762699875568795,1.6556067519139406e-06,9.800046460742027e-07,7.675194171231026e-14,1.4423070766779628e-06,1.2424789308739603e-05,3.001428079738283e-09,1.0646346681306297e-08,1.6774986837096207e-08,1.2901236314874098e-07,4.4341516040315715e-06,4.066136259154194e-09,1.714734752048285e-10,1.1469222951630004e-11,1.5046078035381182e-05,8.914757861701949e-07,1.9040151700726995e-11,5.3798380557657265e-09,1.7321873815309394e-09,9.928074218030512e-10,2.3927527009296406e-09,0.9932821315483767,1.9714495786534817e-07
11,9.724093521456355e-07,3.4054371360376994e-06,0.006591998066521492,1.6605945911089803e-06,9.817888662016395e-07,7.666400181783186e-14,1.4387186556224925e-06,1.2467790198261006e-05,2.997667324429031e-09,1.0658083798050033e-08,1.6777341053588447e-08,1.2861077144727858e-07,4.524845583049721e-06,4.075388157353042e-09,1.7045171353766395e-10,1.132881943502065e-11,1.5130527880877293e-05,8.969087410300917e-07,1.909614608267543e-11,5.3826218586105584e-09,1.7098959688639308e-09,9.98844067004922e-10,2.399957030922624e-09,0.993366153951664,1.9514928597155232e-07
12,9.594037595122682e-07,3.338782471063945e-06,0.006210515721345457,1.611581624488198e-06,9.75254128857801e-07,7.474750621271551e-14,1.3562318862704679e-06,1.1836179998496847e-05,2.6652920584038116e-09,1.032560527703392e-08,1.615491684880648e-08,1.3075808040256528e-07,4.348192598615833e-06,4.044940997044742e-09,1.6733600051431956e-10,1.1211960534892386e-11,1.5803555654919135e-05,9.196614056644583e-07,1.7936671617971658e-11,5.106149964055498e-09,1.7291535162386546e-09,1.0215255672524669e-09,2.5206242219568137e-09,0.9937479672617835,1.9365049483527714e-07
13,1.1556825478921492e-06,3.794781424504315e-06,0.008836847635022307,1.7514606773321255e-06,1.1728351292243628e-06,8.926964569235145e-14,1.6053159196780388e-06,1.3247338436097908e-05,3.764439139339889e-09,9.935356045623903e-09,2.23070080186196e-08,1.7603185117881534e-07,5.31069449172056e-06,5.282617759628426e-09,2.1469242125377062e-10,1.2126389818867443e-11,1.7446795549402005e-05,9.495214525530317e-07,2.3467037203228133e-11,6.102124378307471e-09,1.9409453963104272e-09,1.1670740891847903e-09,2.4987245777080425e-09,0.9911162757685109,2.1289032267616e-07
14,8.369385646919564e-07,3.7820595344963686e-06,0.005811729808332338,1.508582647163872e-06,9.590819910166855e-07,7.119250464822445e-14,1.2777240845008683e-06,1.1719874841059149e-05,2.9608557584289423e-09,1.1294599020422812e-08,1.5996236273394322e-08,9.91647167531856e-08,4.246439969721843e-06,3.432429098747139e-09,1.5757314387289903e-10,9.810557831979124e-12,1.354475008626183e-05,8.205623153905572e-07,1.8428212726614536e-11,4.646052695992388e-09,1.595514486479328e-09,8.954204288191105e-10,2.016570379521344e-09,0.9941492594251986,1.7256415663312967e-07
15,9.721517404232779e-07,3.3805532527321386e-06,0.0066762699875568795,1.6556067519139406e-06,9.800046460742027e-07,7.675194171231026e-14,1.4423070766779628e-06,1.2424789308739603e-05,3.001428079738283e-09,1.0646346681306297e-08,1.6774986837096207e-08,1.2901236314874098e-07,4.4341516040315715e-06,4.066136259154194e-09,1.714734752048285e-10,1.1469222951630004e-11,1.5046078035381182e-05,8.914757861701949e-07,1.9040151700726995e-11,5.3798380557657265e-09,1.7321873815309394e-09,9.928074218030512e-10,2.3927527009296406e-09,0.9932821315483767,1.9714495786534817e-07
16,1.0354016915040824e-06,3.5133080915928614e-06,0.0060586861426607805,1.7752306670538454e-06,9.30461625233692e-07,8.574722726293801e-14,1.5175313778203333e-06,1.3665517746201493e-05,2.9816153136743788e-09,1.284718682697435e-08,1.690797190625769e-08,1.3125996649791927e-07,4.134874329676793e-06,4.022101515831145e-09,1.7439158825238924e-10,1.3385352690031693e-11,1.5560884859823417e-05,1.031352539893681e-06,2.0334418831734772e-11,5.98541952582684e-09,2.0722972053040164e-09,1.1430389034839113e-09,2.595975573911931e-09,0.9938977556134966,2.1365714351851218e-07
17,9.513622294555105e-07,3.30973129470805e-06,0.006529930858604481,1.8669396396119705e-06,9.687267781502769e-07,7.230642475523006e-14,1.4112647047735291e-06,1.2508322187354447e-05,2.7110430586374497e-09,1.0723571087708082e-08,1.53423827132859e-08,1.3345932295828827e-07,4.7061862829713324e-06,4.366613701742214e-09,1.540712074434458e-10,1.1157408102519227e-11,1.5269614017500136e-05,9.551820641505888e-07,1.7459267599986087e-11,5.74499672103718e-09,1.7165882612488596e-09,1.004943906798914e-09,2.574767524100234e-09,0.9934277367508604,2.0723434662886113e-07
18,9.754915469447298e-07,3.262089103564698e-06,0.005174376028666375,1.4013586256564675e-06,7.854463600081003e-07,5.595251583376203e-14,1.2030582717366795e-06,1.0908430368531929e-05,2.0619229105049993e-09,9.02805045472603e-09,1.3191769678625773e-08,1.2618019860662688e-07,3.955218103000432e-06,3.4405740118239073e-09,1.4153204756831317e-10,8.8000689909612e-12,1.6829881735643965e-05,9.544783340930873e-07,1.527056673553746e-11,4.342995639713474e-09,1.539560808151065e-09,1.0556809906450074e-09,2.2132547920484073e-09,0.9947850005232513,1.8477596672609945e-07
19,9.82006967360415e-07,3.424293989171929e-06,0.007724048214847436,1.7382192984508007e-06,1.1038810923548405e-06,8.198222436250457e-14,1.455237590896251e-06,1.2478906727984037e-05,3.4193627000383573e-09,1.0573113025131528e-08,1.797120998279406e-08,1.379881137909021e-07,4.896844271739591e-06,4.488349611498658e-09,1.7615213017806294e-10,1.1363717651395779e-11,1.501749831832064e-05,8.673257764630073e-07,1.972281471293231e-11,5.4836961841223075e-09,1.697723515832132e-09,9.521548830132638e-10,2.3202798333538245e-09,0.9922336033276595,1.991421361612063e-07
20,9.503737537660877e-07,3.3858214642806955e-06,0.006205651487248434,1.595502693583697e-06,9.309500415886235e-07,6.97094798623537e-14,1.4238361904645004e-06,1.3078526196064773e-05,2.8329075296976587e-09,1.035076414041084e-08,1.598891095464385e-08,1.2738585673603974e-07,4.344692936691548e-06,3.900113378008582e-09,1.688829894769925e-10,1.0963122497563586e-11,1.582753432259931e-05,8.857250287471876e-07,1.939670699148849e-11,5.306493697280485e-09,1.7358766781044926e-09,1.0584462824887685e-09,2.4010055550235365e-09,0.9937515672070785,1.8718335781574494e-07
21,1.0809224246475287e-06,3.3777386189206032e-06,0.007164361815826779,1.9010231397815739e-06,1.0332751760399053e-06,9.199986877629578e-14,1.6300745142985028e-06,1.3282234648571323e-05,3.207413710579492e-09,1.2170907440107834e-08,1.7969331805191058e-08,1.4895297322150947e-07,4.769852932776042e-06,4.7410168103764155e-09,1.8410051524868377e-10,1.4438826064034298e-11,1.5222941390346026e-05,9.770246808855324e-07,2.0408801161478005e-11,6.3852043224502836e-09,1.94143446780242e-09,1.076009175625054e-09,2.825336907775079e-09,0.9927919395657198,2.2404225918686376e-07
22,1.029259862519475e-06,3.338995975882479e-06,0.006943140305728957,1.6385555539769459e-06,9.988160113048684e-07,8.654114561419753e-14,1.4671498728552756e-06,1.25552109239445e-05,3.0747015008512315e-09,1.061148936474262e-08,1.8783627952119767e-08,1.3559896229673186e-07,4.23452506586149e-06,4.141474331523083e-09,1.77843155848908e-10,1.2328405491945527e-11,1.570239353251576e-05,9.838948991792515e-07,1.926913786792524e-11,5.733595758138081e-09,1.8494777241320247e-09,1.0815484178444823e-09,2.5204849931445524e-09,0.9930145312195859,1.960680973743326e-07
23,9.721517404232779e-07,3.3805532527321386e-06,0.0066762699875568795,1.6556067519139406e-06,9.800046460742027e-07,7.675194171231026e-14,1.4423070766779628e-06,1.2424789308739603e-05,3.001428079738283e-09,1.0646346681306297e-08,1.6774986837096207e-08,1.2901236314874098e-07,4.4341516040315715e-06,4.066136259154194e-09,1.714734752048285e-10,1.1469222951630004e-11,1.5046078035381182e-05,8.914757861701949e-07,1.9040151700726995e-11,5.3798380557657265e-09,1.7321873815309394e-09,9.928074218030512e-10,2.3927527009296406e-09,0.9932821315483767,1.9714495786534817e-07
24,9.124189960406948e-07,3.595133801324e-06,0.006695789620704736,1.8866315742381688e-06,1.0325335422133138e-06,7.54653376522863e-14,1.4026601728471516e-06,1.2668218244029148e-05,2.9455143474836118e-09,1.1459520841638448e-08,1.6199072715070867e-08,1.2703878055413073e-07,4.80237794560099e-06,4.368034797865783e-09,1.6152574196232466e-10,1.1221208274155418e-11,1.5033175450355865e-05,9.137346807958859e-07,1.876525234703547e-11,5.699546055391689e-09,1.7639429005489089e-09,9.787729317763455e-10,2.4532236053802886e-09,0.9932615842531103,2.0614378120279056e-07
25,8.525955471389035e-07,2.9813016959107485e-06,0.006105685918155333,1.7486067123363888e-06,8.842570641394887e-07,6.095542189522836e-14,1.3808248795364053e-06,1.4471271307497116e-05,2.605982812310798e-09,9.853065082126508e-09,1.6276243476310212e-08,1.2125865067161252e-07,4.3936895374689e-06,3.465732757381709e-09,1.399736676194912e-10,9.851756675910184e-12,1.544376109659134e-05,8.83775744648072e-07,1.777675141122288e-11,5.778613182309282e-09,1.6145097176181769e-09,9.27225899471512e-10,2.287169964291755e-09,0.993850947369347,1.623940557571303e-07
26,1.0767877847572891e-06,3.96144502182367e-06,0.008233528680267006,2.0711015604298172e-06,1.217204501367963e-06,1.0903992224387222e-13,1.7684862876030578e-06,1.414922271203542e-05,3.988510191300161e-09,1.3832635236156763e-08,2.040089233434184e-08,1.5625381195445654e-07,5.098890065521687e-06,5.59602377940942e-09,2.2732687792642815e-10,1.684758239829608e-11,1.5536524709579224e-05,9.463631462740911e-07,2.5215396626245497e-11,7.057740886785358e-09,2.274600747498398e-09,1.1576615659184976e-09,2.977507138583429e-09,0.9917201765532947,2.5493176618383973e-07
27,1.0519311308408806e-06,3.520366368561401e-06,0.006906160656137903,1.6640807118736722e-06,9.729466020643325e-07,8.922321591372093e-14,1.5786451836212196e-06,1.3293946329271459e-05,3.494731311684214e-09,1.1868221460194048e-08,1.7461940297964918e-08,1.3118890915277776e-07,4.287405963525674e-06,4.181089498106522e-09,1.9231571878651743e-10,1.3396294835920595e-11,1.4888682053041475e-05,9.369578478594406e-07,2.1327479955151335e-11,5.9043977608329555e-09,1.9032569345675694e-09,1.0923718891357734e-09,2.4782490175519093e-09,0.9930512464412008,2.181401747423462e-07
28,9.721517404232779e-07,3.3805532527321386e-06,0.0066762699875568795,1.6556067519139406e-06,9.800046460742027e-07,7.675194171231026e-14,1.4423070766779628e-06,1.2424789308739603e-05,3.001428079738283e-09,1.0646346681306297e-08,1.6774986837096207e-08,1.2901236314874098e-07,4.4341516040315715e-06,4.066136259154194e-09,1.714734752048285e-10,1.1469222951630004e-11,1.5046078035381182e-05,8.914757861701949e-07,1.9040151700726995e-11,5.3798380557657265e-09,1.7321873815309394e-09,9.928074218030512e-10,2.3927527009296406e-09,0.9932821315483767,1.9714495786534817e-07
29,9.721517404232779e-07,3.3805532527321386e-06,0.0066762699875568795,1.6556067519139406e-06,9.800046460742027e-07,7.675194171231026e-14,1.4423070766779628e-06,1.2424789308739603e-05,3.001428079738283e-09,1.0646346681306297e-08,1.6774986837096207e-08,1.2901236314874098e-07,4.4341516040315715e-06,4.066136259154194e-09,1.714734752048285e-10,1.1469222951630004e-11,1.5046078035381182e-05,8.914757861701949e-07,1.9040151700726995e-11,5.3798380557657265e-09,1.7321873815309394e-09,9.928074218030512e-10,2.3927527009296406e-09,0.9932821315483767,1.9714495786534817e-07
30,9.721517404232779e-07,3.3805532527321386e-06,0.0066762699875568795,1.6556067519139406e-06,9.800046460742027e-07,7.675194171231026e-14,1.4423070766779628e-06,1.2424789308739603e-05,3.001428079738283e-09,1.0646346681306297e-08,1.6774986837096207e-08,1.2901236314874098e-07,4.4341516040315715e-06,4.066136259154194e-09,1.714734752048285e-10,1.1469222951630004e-11,1.5046078035381182e-05,8.914757861701949e-07,1.9040151700726995e-11,5.3798380557657265e-09,1.7321873815309394e-09,9.928074218030512e-10,2.3927527009296406e-09,0.9932821315483767,1.9714495786534817e-07
31,8.628189750794483e-07,3.232816088094337e-06,0.0064274751569494805,1.6340926396618352e-06,9.048604610979574e-07,5.528455175083221e-14,1.248063279125337e-06,1.2388195173660053e-05,2.5495666761581845e-09,9.643928950535952e-09,1.3409390756744008e-08,1.1344240227642205e-07,4.355524603566061e-06,3.656808258373843e-09,1.2872533299802225e-10,8.85702411405453e-12,1.3970648199885411e-05,8.118772409654307e-07,1.635001736214285e-11,4.910707377886132e-09,1.444904093782254e-09,8.440379096331124e-10,1.9244424096125418e-09,0.99353278495159,1.7901462289304835e-07
32,1.0110547274683795e-06,3.4868127735344933e-06,0.006860471772444537,1.679041903883301e-06,1.0092029962945789e-06,8.074438857193235e-14,1.4931709717949847e-06,1.2804813676195752e-05,3.1699738580390697e-09,1.1025130165493992e-08,1.734252663818131e-08,1.3398844692560176e-07,4.51306726209494e-06,4.246744118716639e-09,1.810871435456129e-10,1.2150552013458573e-11,1.545990598462643e-05,9.04289516781613e-07,2.046984735650559e-11,5.554462963763712e-09,1.8149726635471844e-09,1.045706898367318e-09,2.4471986654900228e-09,0.993096782135522,2.0388326934897087e-07
33,9.217189219814328e-07,3.6612977983019044e-06,0.005020894627893339,1.442627806786674e-06,9.187199303007436e-07,5.694836531549555e-14,1.2032881743575018e-06,1.1642007925008468e-05,2.039749204085297e-09,9.440760436175673e-09,1.3708605518468012e-08,1.170795332985953e-07,4.472230220231811e-06,3.851985887066838e-09,1.4391502148509293e-10,8.990436779143334e-12,1.751990092343163e-05,8.989082987823163e-07,1.753236069666555e-11,4.343131577147851e-09,1.4640835067651817e-09,1.1553342801016403e-09,2.421889285984318e-09,0.9949361077339297,1.6126261000837188e-07
34,1.445843296762512e-06,4.227362631876669e-06,0.009717876286416124,1.6807623345737287e-06,1.22987002154469e-06,1.285453470893936e-13,1.997106492254069e-06,1.4145989819410081e-05,6.451542735989806e-09,1.375951804551709e-08,2.179508182068062e-08,1.5327647182605953e-07,5.046339013485628e-06,5.475271723992071e-09,2.7542626723719714e-10,1.6558935571006345e-11,1.4024860093545987e-05,8.923730935506372e-07,3.235051000500237e-11,6.0477873334200165e-09,2.1845261482410837e-09,1.206128919019172e-09,2.165334758978093e-09,0.9902369533500555,2.6717060366417176e-07
35,1.1357036691958226e-06,3.3165825286813426e-06,0.005501360365720814,1.515353109580227e-06,7.560667351306054e-07,6.76420460404217e-14,1.348440365854435e-06,1.3685891708592835e-05,2.9149640085957512e-09,1.1192803454907552e-08,1.394557914200053e-08,1.251741534660517e-07,3.873273233543715e-06,3.236200806322829e-09,1.4635359770361867e-10,1.0094349818673272e-11,1.5975320572264926e-05,1.0840964171415004e-06,1.8996403196570025e-11,5.223005740642536e-09,1.7425659857305702e-09,1.129080541310183e-09,1.9670829128410624e-09,0.9944555755408543,2.0666413695051856e-07
36,1.0870768005352544e-06,3.448326503318524e-06,0.006912650286126645,1.5484478772258952e-06,1.1116717664223217e-06,6.4131644597232e-14,1.3205632095687777e-06,1.2509579219812187e-05,2.850683311521796e-09,9.52686167328517e-09,1.5131820788886983e-08,1.6297358146318591e-07,5.084451329177378e-06,4.560009233798032e-09,1.8293799393804017e-10,1.067731859696677e-11,1.925929708317379e-05,7.991537546941897e-07,2.239190912109916e-11,4.46942620247204e-09,1.6708579518215135e-09,1.046431380347983e-09,2.2531739435346976e-09,0.9930407739233974,2.0252401465432357e-07
37,1.0680771148088874e-06,3.3748826844511106e-06,0.006639861836448699,1.4873415564407855e-06,8.764334287861328e-07,6.358263308201598e-14,1.3760628971347276e-06,1.116694973828285e-05,2.596421174775431e-09,9.330298839973138e-09,1.4647351804149988e-08,1.258698007076031e-07,4.308656775058174e-06,4.0095563010741155e-09,1.4401736116038733e-10,9.790285849730161e-12,1.449439980401767e-05,8.987986131501982e-07,1.6862054774952885e-11,4.843655236302433e-09,1.4625617651800415e-09,9.949171652298849e-10,2.037536947843988e-09,0.9933207286773957,1.9192071038847705e-07
38,1.176438765721295e-06,3.5008843365029103e-06,0.006965450908013583,1.6229808927612314e-06,1.0082637444173447e-06,1.1580547167295248e-13,1.8646883368303264e-06,1.305173903663562e-05,3.7958331670671145e-09,1.2852242115707109e-08,2.0822362654606208e-08,1.3908389411112357e-07,4.245817442230948e-06,4.479563114105128e-09,2.3238704231813038e-10,1.710566835687332e-11,1.4709308743071264e-05,9.707500596610667e-07,2.349757851505286e-11,6.220064931115516e-09,2.098351194741929e-09,1.2083379812395385e-09,2.9579166336514694e-09,0.9929919836810619,2.2074789443538594e-07
39,1.0400743892786897e-06,3.1565081542623345e-06,0.007714210285796182,2.0298058792332384e-06,1.1328787108442454e-06,1.0289158225873065e-13,1.6374236870449985e-06,1.607018873817758e-05,3.724477145501498e-09,1.3459266894730961e-08,1.912562599261211e-08,1.5375354824141632e-07,4.348164845975481e-06,4.598127970152672e-09,1.989668057991197e-10,1.7255490604469866e-11,1.6070874587967545e-05,9.781502792282643e-07,2.401463009382731e-11,7.236848048248864e-09,2.3331348865606168e-09,1.0868412955670205e-09,2.9243012815185632e-09,0.9922388852672607,2.318951594683812e-07
40,1.3265753709708985e-06,4.109226791582312e-06,0.007934490242565014,1.5048429043368597e-06,1.0562413029754275e-06,9.248789411888047e-14,1.6115370541940202e-06,1.1665784673502914e-05,3.5568353424772155e-09,1.0509956078987363e-08,1.8802976852172702e-08,1.597672806394744e-07,4.711054930375632e-06,5.27131642313852e-09,2.099105564849106e-10,1.2603941470897385e-11,1.6613468428556938e-05,1.0094534076692726e-06,2.270532408648523e-11,5.417391111557176e-09,1.8752540443412357e-09,1.3385110683387066e-09,2.381122028356753e-09,0.9920214593769644,2.3302965044819927e-07
41,1.0160974129141265e-06,3.557893320807353e-06,0.008370515804500454,1.7244260713640486e-06,1.195107653453076e-06,9.789279062903889e-14,1.5595767163386824e-06,1.2467412097514004e-05,4.132240026426328e-09,1.1962410336404133e-08,1.8346677428562694e-08,1.3067902005230666e-07,4.5552417187708745e-06,4.731507230126646e-09,2.0655801786284018e-10,1.3893568747266067e-11,1.3416612137924786e-05,8.064855106334956e-07,2.2106090584688073e-11,5.47300700576384e-09,1.8974257164510507e-09,9.267721024288491e-10,2.30681268164434e-09,0.9915887810520289,2.2359230271478002e-07
42,1.0334959767463268e-06,3.470425629715981e-06,0.0064811162240284,1.6782512412981128e-06,9.208146925255087e-07,7.894070127228166e-14,1.6478989664287615e-06,1.6233801355509408e-05,3.3132807815384903e-09,1.2427166275957421e-08,1.7172356330326227e-08,1.3080258166384434e-07,3.970066752524244e-06,3.876816428927144e-09,1.9029700594143566e-10,1.4798246356904467e-11,1.687063967161216e-05,9.196847166460542e-07,2.5385992015053713e-11,6.525457073468334e-09,2.1129107606539657e-09,1.2380969303449778e-09,2.5499206755469658e-09,0.9934717528210497,2.0562677173284352e-07
43,1.0071551838818462e-06,3.500466319354972e-06,0.005839961544024342,1.7486564761655424e-06,1.0809494860208326e-06,1.0715489608218127e-13,1.529810824760951e-06,1.4596895422546066e-05,3.422090943234114e-09,1.4848440774179031e-08,1.7806539440107676e-08,1.2546829803259395e-07,3.93368984825187e-06,4.020867389175495e-09,2.1190081027049197e-10,1.6816216140703777e-11,1.597871760451253e-05,9.709178075639846e-07,2.42460744529606e-11,5.826185067970935e-09,2.357893303971866e-09,1.1686830350099894e-09,2.9414345179798712e-09,0.9941152976830359,2.1540046401054408e-07
44,9.721517404232779e-07,3.3805532527321386e-06,0.0066762699875568795,1.6556067519139406e-06,9.800046460742027e-07,7.675194171231026e-14,1.4423070766779628e-06,1.2424789308739603e-05,3.001428079738283e-09,1.0646346681306297e-08,1.6774986837096207e-08,1.2901236314874098e-07,4.4341516040315715e-06,4.066136259154194e-09,1.714734752048285e-10,1.1469222951630004e-11,1.5046078035381182e-05,8.914757861701949e-07,1.9040151700726995e-11,5.3798380557657265e-09,1.7321873815309394e-09,9.928074218030512e-10,2.3927527009296406e-09,0.9932821315483767,1.9714495786534817e-07
45,9.510765888661837e-07,3.2374369865221037e-06,0.006748985643402831,1.589079555609486e-06,9.921629170390667e-07,7.465987108781569e-14,1.4659057983766013e-06,1.2576795690607366e-05,3.111035749171649e-09,1.0243711413381328e-08,1.6802106475043928e-08,1.2496357119707475e-07,4.477044468581265e-06,3.9409946684013055e-09,1.7317076622682365e-10,1.1208952093492842e-11,1.4572862175791437e-05,8.172831128542889e-07,1.941304875518286e-11,5.133195899638637e-09,1.6380043362488625e-09,9.35424741146038e-10,2.305634473498959e-09,0.9932099817726388,1.8365911784783206e-07
46,8.748897757952139e-07,3.03358000274484e-06,0.005047680848027213,1.4575361842670394e-06,8.742706803681478e-07,5.175999176358984e-14,1.1146906533413271e-06,1.1963190290790035e-05,2.0124444392205515e-09,8.359679768588103e-09,1.420564894986268e-08,1.246786099839542e-07,4.290727270437974e-06,3.2322975389747906e-09,1.3847598159294185e-10,8.105936315741898e-12,1.8569508175091377e-05,8.745930910525459e-07,1.630018829597353e-11,4.246452508762473e-09,1.481390010629541e-09,9.55958338023066e-10,2.226822568787206e-09,0.9949089492046734,1.553989373377284e-07
47,1.3125225123118725e-06,3.707705115155486e-06,0.006319718955151398,1.499738409039223e-06,8.244237232224123e-07,7.959341419011959e-14,1.5985605142604423e-06,1.3255580583282503e-05,2.984446823478866e-09,1.1335642054104779e-08,1.6330545300444098e-08,1.4942449689523346e-07,4.153477763366237e-06,4.142456574918106e-09,1.8164180472700373e-10,1.3183179809544613e-11,1.745923856917527e-05,1.091576970847559e-06,2.188865918752015e-11,5.875700797091121e-09,1.8788847267421006e-09,1.3902372026185853e-09,2.4264826857117856e-09,0.9936349549463536,2.2726864810391206e-07
48,9.946452903557989e-07,3.364002787124487e-06,0.007338308941080836,1.7271027680070302e-06,1.0152769551677415e-06,8.428978057468276e-14,1.502613624478441e-06,1.2328615798493169e-05,3.269939857872675e-09,1.088496730884841e-08,1.764585239023593e-08,1.3335825769375463e-07,4.480025543072145e-06,4.31393131125854e-09,1.7732050767808813e-10,1.2181420909979427e-11,1.435686061347398e-05,9.08305858651495e-07,1.894465859742238e-11,5.707772088068507e-09,1.778635174917345e-09,9.757480512772813e-10,2.434628147097106e-09,0.9926206240985469,2.0893287059924898e-07
49,1.046936199307516e-06,3.3882171678254926e-06,0.007483849980938095,1.7719633731592614e-06,1.0674021914869907e-06,8.866524349472493e-14,1.5198823114986203e-06,1.296486264566701e-05,3.3046441513607625e-09,1.0991241942204472e-08,1.8663645709463633e-08,1.4795047943918064e-07,4.6625698919852266e-06,4.563248997978877e-09,1.848078475917137e-10,1.278909113972558e-11,1.5945376437686768e-05,9.60589678309428e-07,2.038023988718989e-11,5.984520586854019e-09,1.880522365239139e-09,1.0648981851000791e-09,2.599121637706052e-09,0.9924724134839019,2.1151487396158676e-07
50,1.1337770244680468e-06,3.883371142176873e-06,0.00735112704863806,1.843657792726213e-06,1.0056446932261675e-06,9.28372642299282e-14,1.9087844121277983e-06,1.4691791574633176e-05,3.8494706055675704e-09,1.4485214080447218e-08,1.6897019800778872e-08,1.2799165604739366e-07,4.825134996803386e-06,4.853251632958046e-09,1.8752280938958726e-10,1.6130688610854972e-11,1.394164258997601e-05,8.854911107890832e-07,2.5279876069067735e-11,6.7048164576975365e-09,1.8801265323094385e-09,1.1789831259168192e-09,2.513220592768327e-09,0.9926043459456018,2.2712763809919098e-07
51,9.325996807833747e-07,3.3569696277174185e-06,0.006256050271618729,1.8108155167036568e-06,8.609246528150039e-07,6.119427658725401e-14,1.4088710708868904e-06,1.3754663838207632e-05,2.768055444744532e-09,1.0835450992239933e-08,1.4992634825335775e-08,1.2122955309050772e-07,4.574116692809924e-06,3.704998542166043e-09,1.3511495334441474e-10,9.35515499492301e-12,1.4729042151409891e-05,9.248187179770953e-07,1.7578520131069044e-11,5.5913094088880545e-09,1.6277187138019714e-09,9.614859553682646e-10,2.062723544717057e-09,0.9937012500423755,1.8292801592217092e-07
52,1.2268180798476925e-06,3.2580254634959366e-06,0.006437311118621936,1.7897092003544182e-06,9.005286247293403e-07,1.388130295975965e-13,1.8391637942833635e-06,1.3174235532930788e-05,3.825207369800979e-09,1.3490011957864041e-08,2.1767827511384212e-08,1.3087794156061626e-07,4.230227321426923e-06,4.12316040486401e-09,1.9728949984677068e-10,1.6823921723881068e-11,1.3608643946967088e-05,1.2890288228860272e-06,1.9470294565802893e-11,7.482110687502389e-09,2.0186383172343278e-09,1.2120500340499742e-09,3.1550570235975462e-09,0.993520965252731,2.190621325214609e-07
53,1.022683219899479e-06,3.234888797625727e-06,0.006772105917773468,1.7413121848484376e-06,8.516426898736508e-07,9.209924911532263e-14,1.934869725443745e-06,1.3659656811857265e-05,3.3545126138907198e-09,1.1776158477730038e-08,1.937677901624505e-08,1.2452102268859324e-07,4.2342200370377775e-06,4.006749482754913e-09,1.9396385991451019e-10,1.486277202063448e-11,1.368103921035538e-05,9.29456935532809e-07,2.037062775830012e-11,6.929091282646104e-09,1.8350843432296261e-09,1.092212458047263e-09,2.884249452416626e-09,0.9931862244245925,2.0388287230469746e-07
54,1.2190362849964904e-06,4.082932104117915e-06,0.0074854325355870645,1.801873324170208e-06,9.702761663993313e-07,1.0048449084247263e-13,1.8795271906598862e-06,1.2466940112940038e-05,3.6520757296646075e-09,1.3859073374754786e-08,1.703280824466776e-08,1.4374641079194653e-07,4.609474690757662e-06,5.227631856903513e-09,2.11311328732817e-10,1.6181479837159e-11,1.419065081193232e-05,9.704548983539703e-07,2.2483249022070375e-11,6.4273846006400215e-09,2.033016875505622e-09,1.2372044727357302e-09,2.7171150339405786e-09,0.9924719069712092,2.731448220232474e-07
55,1.0382449030111993e-06,3.382124870432054e-06,0.007080170734874128,1.673995631932179e-06,9.092858110719864e-07,7.002679215917157e-14,1.3882489900699392e-06,1.1958064334635116e-05,3.1575564737659443e-09,9.974943412971269e-09,1.5728407890604247e-08,1.3710349562785902e-07,4.81358413327951e-06,4.009512001031533e-09,1.5527949498193392e-10,9.600677615368185e-12,1.447398605266742e-05,9.355024394782208e-07,1.7423225744935162e-11,5.293034164822604e-09,1.5394657726908928e-09,9.261362470959252e-10,2.0558850228342543e-09,0.9928788660511588,2.1020599033435327e-07
56,9.746330521901165e-07,3.4231234902748874e-06,0.006660560890851277,1.6705117583327948e-06,9.970779009566806e-07,7.739733553897188e-14,1.4434002575644407e-06,1.2489598845258413e-05,3.0273866061178456e-09,1.0678726774608743e-08,1.6985272563599593e-08,1.3009892106287595e-07,4.564569836487994e-06,4.1273160719477984e-09,1.7265113156847918e-10,1.138926349090003e-11,1.520668078394692e-05,8.941511157086041e-07,1.9329521331763278e-11,5.387147042266797e-09,1.7269953899664486e-09,9.99531975102765e-10,2.411738933567403e-09,0.9932974039206777,1.9579494661606075e-07
57,1.0764929144920036e-06,3.7009907279949534e-06,0.007942435943781067,1.8249226663605192e-06,1.213847142727313e-06,8.733729141597169e-14,1.4700144944726535e-06,1.4026665147026985e-05,3.5897220391398917e-09,1.1725359275192805e-08,1.8457434533611226e-08,1.612731855355733e-07,4.998535505012904e-06,4.9741132525585e-09,1.9873464406577948e-10,1.334822456810471e-11,1.7921526309933047e-05,9.131773271150197e-07,2.4454388426020366e-11,5.8694245141954136e-09,2.025364023001787e-09,1.1183990740236825e-09,2.4860901573666845e-09,0.9920099822130951,2.2391517172336771e-07
58,9.199903427314223e-07,3.2670654267727263e-06,0.006117177871592388,1.5445991668441752e-06,9.372703216972005e-07,6.911406381440521e-14,1.3423219277197085e-06,1.189791514885081e-05,2.701023260602516e-09,9.985290494319997e-09,1.578454995957479e-08,1.209540496523942e-07,4.24626127785763e-06,3.709295735321565e-09,1.6065730717861845e-10,1.0336458446598347e-11,1.503273992386933e-05,8.594179956845285e-07,1.772574678905946e-11,4.8588055748613334e-09,1.6287242143544343e-09,9.480296181277257e-10,2.288954757324842e-09,0.9938424302211456,1.812782178728908e-07
59,0.00018059951893967127,0.00036468152092081565,0.4911867094587403,0.0006288251134922528,0.0003721854434811932,2.10908052264869e-09,0.00021616406199192665,0.0005175820413764805,5.977561824528894e-06,6.498005971923026e-06,7.251180418630627e-06,0.0001272033782056677,0.00032706932839322487,1.8963314682987328e-05,2.0710978620918368e-07,7.276697757918001e-08,0.00016610455783600355,3.736857160484766e-05,1.131160056804438e-07,3.6189936647247018e-06,1.6971084373996285e-06,4.957653174357775e-07,8.065218090316702e-07,0.505660036674546,0.00016976677649504588
60,9.721517404232779e-07,3.3805532527321386e-06,0.0066762699875568795,1.6556067519139406e-06,9.800046460742027e-07,7.675194171231026e-14,1.4423070766779628e-06,1.2424789308739603e-05,3.001428079738283e-09,1.0646346681306297e-08,1.6774986837096207e-08,1.2901236314874098e-07,4.4341516040315715e-06,4.066136259154194e-09,1.714734752048285e-10,1.1469222951630004e-11,1.5046078035381182e-05,8.914757861701949e-07,1.9040151700726995e-11,5.3798380557657265e-09,1.7321873815309394e-09,9.928074218030512e-10,2.3927527009296406e-09,0.9932821315483767,1.9714495786534817e-07
61,0.00010457568140649414,8.338677966378956e-05,0.012622522449699974,0.0002637922165796229,1.9447823498889822e-05,4.3516024403295605e-10,0.00016942018884418065,0.000261054631273877,1.830516397020796e-07,6.283197587592753e-06,5.819953646750735e-07,6.128340058837838e-06,4.647498214673171e-05,1.1269297092331806e-06,3.540673963349249e-08,5.3570507257473196e-08,7.786877452315517e-05,6.11323623090709e-05,8.697733687930296e-09,9.408935123370563e-07,6.677639003073418e-07,1.268021335636966e-07,2.3254770739688365e-06,0.986217624011706,5.423753722694465e-05
62,9.721517404232779e-07,3.3805532527321386e-06,0.0066762699875568795,1.6556067519139406e-06,9.800046460742027e-07,7.675194171231026e-14,1.4423070766779628e-06,1.2424789308739603e-05,3.001428079738283e-09,1.0646346681306297e-08,1.6774986837096207e-08,1.2901236314874098e-07,4.4341516040315715e-06,4.066136259154194e-09,1.714734752048285e-10,1.1469222951630004e-11,1.5046078035381182e-05,8.914757861701949e-07,1.9040151700726995e-11,5.3798380557657265e-09,1.7321873815309394e-09,9.928074218030512e-10,2.3927527009296406e-09,0.9932821315483767,1.9714495786534817e-07
63,9.690080768209433e-07,3.4760042334339454e-06,0.006503408685027749,1.6266169890329427e-06,9.630026636558186e-07,7.538428978791197e-14,1.4304530673773943e-06,1.2322565442725828e-05,2.985397379480006e-09,1.0652694984660283e-08,1.6639308631153213e-08,1.2565676151687933e-07,4.4238219987255865e-06,3.992368733354453e-09,1.7108862843179643e-10,1.115725743181888e-11,1.503687299733219e-05,8.925629145829464e-07,1.9129498351266904e-11,5.290066558594696e-09,1.7168574060673719e-09,1.0040595535638314e-09,2.3457167657052625e-09,0.9934550841495158,1.9577239069177408e-07
64,9.739503944230751e-07,3.4168640328508186e-06,0.006511711595056691,1.6650296341660056e-06,1.003045824530519e-06,7.830087020339309e-14,1.4259938196602756e-06,1.2872238343104818e-05,3.026331151900128e-09,1.1034271360805994e-08,1.7008200944121214e-08,1.314385587184463e-07,4.277948494791382e-06,4.032983891540704e-09,1.8018159766887647e-10,1.190844647580624e-11,1.559522163490305e-05,8.981376505809687e-07,2.0148437116746148e-11,5.324121177237064e-09,1.9023656304013105e-09,1.0216630872190799e-09,2.4309218130549837e-09,0.9934457821694147,2.0037396521663135e-07
65,1.1074205359884714e-06,3.5358719447075645e-06,0.007903762585841013,2.2287900996669473e-06,1.3223040407471606e-06,1.240472022437832e-13,1.5241366272918127e-06,1.3377550191891333e-05,3.3698649989273185e-09,1.3763637812625781e-08,2.0272531399758736e-08,1.7343119922577626e-07,4.765825898549609e-06,5.765361619515484e-09,2.0832140162971677e-10,1.7401501980289737e-11,1.7358409784373303e-05,1.160606366681718e-06,2.17788046486147e-11,6.99590312351612e-09,2.4352795548393066e-09,1.2050633841477213e-09,3.5140839145780085e-09,0.9920493627879472,2.627101711974628e-07
66,1.0430220172910322e-06,3.5366891648397764e-06,0.007346235215183047,1.8308911333658757e-06,1.0374785220900483e-06,8.96376095174462e-14,1.6269710402884258e-06,1.3946002945415779e-05,3.5876555605996746e-09,1.2296707660175588e-08,1.8082726166691477e-08,1.3598993662160862e-07,4.7392411395977365e-06,4.47640140179682e-09,1.838700280183345e-10,1.3677136774173164e-11,1.4970303051185677e-05,9.288318874520065e-07,2.2168009994912772e-11,6.352230293224683e-09,1.8698390945527604e-09,1.0639696499664505e-09,2.5173712616832143e-09,0.9926097035557649,2.1534150771538082e-07
67,1.0247007734435772e-06,3.3845826912197523e-06,0.007731999412314154,1.9750685510018375e-06,1.094410704471989e-06,9.50463039676685e-14,1.6317868009114339e-06,1.2970523886523868e-05,3.1373081660950926e-09,1.1335527088138112e-08,1.9457243570661652e-08,1.5827842693110816e-07,4.8947886069666735e-06,5.11115952053874e-09,1.9380661602215661e-10,1.4643364483863284e-11,1.617364855067387e-05,9.912128547943479e-07,1.9977892393437937e-11,6.863117696269527e-09,1.975834174149226e-09,1.1033194325946669e-09,3.1521987411562245e-09,0.9922234209219934,2.2829961384394067e-07
68,9.690958608159964e-07,2.9644668545037195e-06,0.005243155072119565,1.815599183963145e-06,7.675854466163469e-07,8.697239096049291e-14,1.3543688713305302e-06,1.2656563420443168e-05,2.3027510256400186e-09,1.0419229126006538e-08,1.8700473579205924e-08,1.4175712837285986e-07,3.896190643926784e-06,3.412160979006199e-09,1.5726879952224433e-10,1.1660438862058346e-11,1.7615961591914222e-05,1.3881281632408033e-06,1.4678116794206776e-11,6.9240533195078025e-09,1.9886889422825825e-09,1.1912130639798104e-09,3.3027617654187666e-09,0.9947130226791228,2.0410656656563577e-07
69,8.808183700606213e-07,3.2223584650673555e-06,0.00721979198024367,2.0685612643622926e-06,9.081685990662754e-07,7.023338602549888e-14,1.543489154012548e-06,1.51144422050603e-05,3.059583371812288e-09,1.1886966094079518e-08,1.5999957083137198e-08,1.2469341726626017e-07,4.3916267146530985e-06,3.921868430655177e-09,1.4907607574365401e-10,1.2543608383136033e-11,1.4385852909577734e-05,9.089034748318751e-07,1.9520648004856303e-11,7.239538904519245e-09,1.7939748931217743e-09,9.183407837594871e-10,2.39229789146606e-09,0.9927363932835258,2.1842791870850025e-07
70,9.801589273386056e-07,3.3961706758208637e-06,0.006754817118295522,1.666885776000251e-06,9.859184563512199e-07,7.755150313251498e-14,1.4526186221387799e-06,1.2440905209196372e-05,3.028258085019326e-09,1.0689273976055853e-08,1.6857623555274824e-08,1.3031918629389206e-07,4.461761007721608e-06,4.125305881847416e-09,1.7259872244180203e-10,1.158675838623784e-11,1.507083141695342e-05,8.955419662641801e-07,1.9151160326679542e-11,5.432058661186343e-09,1.7407838060893277e-09,9.997042481501837e-10,2.4066446464200183e-09,0.9932034569682033,1.993191900095428e-07
