,0,1,2,3,4,5,6,7,8,9,10,11,12,13,14,15,16,17,18,19,20,21,22,23,24
0,3.6520716807245832e-06,9.242070987381862e-06,0.03523357877790381,2.0697863866657455e-06,3.4086954000155654e-06,3.9434709435690876e-13,3.691113150803534e-06,1.0296901793412932e-05,1.682845037322398e-08,1.512302122011927e-08,5.128015050598841e-08,5.747544438334698e-07,1.0600120023020407e-05,2.9265976852819646e-08,1.0557116931796417e-09,3.966319923896721e-11,2.144648127574663e-05,9.626725050859455e-07,7.826631100632356e-11,7.728771804210668e-09,3.84621646401862e-09,2.63874808557761e-09,3.829620539393357e-09,0.964699646413908,6.984255496223332e-07
1,4.110143673387027e-06,1.0288574807662706e-05,0.040711929405150525,2.3912805089186e-06,3.910718134122165e-06,5.048528617860439e-13,4.393485014383655e-06,1.2276026995668041e-05,2.234092933740324e-08,1.961003494866253e-08,5.675728945575763e-08,6.472507670071411e-07,1.1269427020889963e-05,3.512460637950093e-08,1.3016949655644103e-09,5.586649544277983e-11,2.2070711000906412e-05,9.779517879442233e-07,1.071772411782457e-10,9.424975024832278e-09,4.853448444826886e-09,3.018801097256649e-09,4.220308167051216e-09,0.9592147301139675,8.480955344141782e-07
2,4.008558937204583e-06,1.0172430747193372e-05,0.03255626205029,2.2721898154910085e-06,3.4803592585129724e-06,4.663555271861412e-13,4.081612442918883e-06,1.0912438520097911e-05,1.602820136026531e-08,1.696090654137064e-08,5.306489347143847e-08,6.514411374190328e-07,1.105832061252326e-05,3.4395186478157005e-08,1.2774877995215565e-09,4.983867367168848e-11,2.4517634633850404e-05,1.1032352701650534e-06,8.722800337593397e-11,8.937734080454093e-09,4.527334096113714e-09,3.398124307108364e-09,5.282256957542111e-09,0.9673705172561933,8.184624832645813e-07
3,3.6043681563078146e-06,9.51206930241356e-06,0.03318670560303167,2.099659388503901e-06,3.3450990547952963e-06,3.753867209977165e-13,3.568563810122468e-06,1.0162859261142558e-05,1.540049899269245e-08,1.5273358189321517e-08,4.8561341468721404e-08,5.768605930666306e-07,1.0398296564050352e-05,2.9378866369068456e-08,1.0440868957604273e-09,3.879712060141129e-11,2.2246481115558742e-05,9.854655286543904e-07,7.637619908123117e-11,7.545270228550279e-09,3.977883790747178e-09,2.7347114608869807e-09,3.9550154675650625e-09,0.9667459478424608,7.1884515114337e-07
4,3.6901837123403015e-06,9.775885146239281e-06,0.03436381363742178,2.179185791015264e-06,3.578046567643591e-06,3.9915893650119797e-13,3.6703388322872734e-06,1.0296440522166638e-05,1.6206167342550894e-08,1.5573705790596425e-08,5.060637283344979e-08,5.958551033678495e-07,1.1087722288338771e-05,3.178525501270674e-08,1.083729622458898e-09,3.9761717199708144e-11,2.2431993679285654e-05,9.935902619714014e-07,8.031821297788934e-11,7.70407448650453e-09,4.021208123666817e-09,2.8046252749522483e-09,4.087646496643599e-09,0.9655670271393108,7.259880987772053e-07
5,3.2608148582196514e-06,9.036774362046715e-06,0.029986579195361004,2.138334972278179e-06,3.211612253577951e-06,3.3345536604492576e-13,3.210512614960374e-06,1.0068978683549637e-05,1.3444343691621999e-08,1.4895080975589667e-08,4.4148561712278154e-08,5.292644203430933e-07,9.994606428355099e-06,2.6649563640435828e-08,9.131535823781756e-10,3.457885784708557e-11,2.2068401315472857e-05,9.905470424306771e-07,6.808487375492039e-11,7.162184116433135e-09,3.79269142529021e-09,2.539848537698694e-09,3.858759180686426e-09,0.9699481197588476,6.736916561009264e-07
6,3.6043681563078146e-06,9.51206930241356e-06,0.03318670560303167,2.099659388503901e-06,3.3450990547952963e-06,3.753867209977165e-13,3.568563810122468e-06,1.0162859261142558e-05,1.540049899269245e-08,1.5273358189321517e-08,4.8561341468721404e-08,5.768605930666306e-07,1.0398296564050352e-05,2.9378866369068456e-08,1.0440868957604273e-09,3.879712060141129e-11,2.2246481115558742e-05,9.854655286543904e-07,7.637619908123117e-11,7.545270228550279e-09,3.977883790747178e-09,2.7347114608869807e-09,3.9550154675650625e-09,0.9667459478424608,7.1884515114337e-07
7,3.395704663809592e-06,9.63213214900769e-06,0.03250638290294593,1.809011383866523e-06,2.691339312223474e-06,2.8782335127985727e-13,3.5463046640810325e-06,9.301055460492569e-06,1.5457712283093018e-08,1.2341763463904981e-08,4.974017326044629e-08,4.8914603252179e-07,1.1429572362431583e-05,2.3824986416756293e-08,8.441756108047102e-10,2.5690611218805843e-11,1.9327894551666245e-05,9.087687209906713e-07,6.433147943226167e-11,7.021299234260035e-09,2.870078716671091e-09,2.2883818987795166e-09,2.8187253767618567e-09,0.9674303942044356,5.746657111325614e-07
8,4.6224820864215935e-06,1.1879130337769732e-05,0.04419469720363598,1.9440935034115403e-06,4.984609191299428e-06,6.774088413497514e-13,3.7852467989727863e-06,1.1268213564398407e-05,2.6029943469202417e-08,1.618009492441018e-08,9.647482612391038e-08,9.805706616201246e-07,1.3471150039350453e-05,3.59018232605681e-08,1.5744593390277056e-09,4.288949353124691e-11,2.903605836857418e-05,1.339415456488914e-06,1.151044912764803e-10,8.80031547313072e-09,5.175405660395787e-09,4.210588658384203e-09,3.9423001219371305e-09,0.9557211041809,6.891970271907325e-07
9,8.417820092586741e-06,1.574734067445453e-05,0.04513188226721956,3.1561356258310796e-06,9.204009762395043e-06,2.129318935895205e-12,5.4796443996411445e-06,2.1304556296565438e-05,3.376611275140901e-08,3.440739521503369e-08,1.6764597565736e-07,2.410657498719024e-06,1.3984340337410105e-05,7.105040866114417e-08,3.829010752134889e-09,1.444675663110725e-10,6.099247206797678e-05,2.6361722020146812e-06,2.8781911533738726e-10,1.6658903879874836e-08,1.4830713109596516e-08,1.4531517181030392e-08,1.2269870779508422e-08,0.954723225064158,1.190095340815756e-06
10,3.6043681563078146e-06,9.51206930241356e-06,0.03318670560303167,2.099659388503901e-06,3.3450990547952963e-06,3.753867209977165e-13,3.568563810122468e-06,1.0162859261142558e-05,1.540049899269245e-08,1.5273358189321517e-08,4.8561341468721404e-08,5.768605930666306e-07,1.0398296564050352e-05,2.9378866369068456e-08,1.0440868957604273e-09,3.879712060141129e-11,2.2246481115558742e-05,9.854655286543904e-07,7.637619908123117e-11,7.545270228550279e-09,3.977883790747178e-09,2.7347114608869807e-09,3.9550154675650625e-09,0.9667459478424608,7.1884515114337e-07
11,3.59581703662004e-06,9.569425127878421e-06,0.03267358191120497,2.1088278543711716e-06,3.311043060463583e-06,3.734919489842341e-13,3.5676329780536425e-06,1.0222344248094907e-05,1.5351271489877776e-08,1.5219203432189767e-08,4.8890818164509355e-08,5.761881157641402e-07,1.0647544638354185e-05,2.926413834778102e-08,1.0307015978025813e-09,3.800730604225964e-11,2.2378612536192885e-05,1.0012203164355598e-06,7.59741680868506e-11,7.644261563176428e-09,3.922095926600861e-09,2.7531263643270222e-09,3.9569565667856665e-09,0.9672586011943008,7.100916531824743e-07
12,3.5923251677783744e-06,9.52582828408534e-06,0.030723061241266923,2.099814393541903e-06,3.462142100906369e-06,3.744959721892564e-13,3.3031101200429683e-06,9.832466026513247e-06,1.3411910711870228e-08,1.5047488669531117e-08,4.6328868788678e-08,5.893482457222268e-07,1.0199619181164118e-05,3.027894099306063e-08,1.026550182816257e-09,3.846389297309504e-11,2.3826403320419504e-05,1.0424174437052623e-06,7.295874111049894e-11,7.163045663005304e-09,4.024331574254513e-09,2.9091901272293725e-09,4.363646530131419e-09,0.9692086266604076,7.139582713960195e-07
13,4.236235326657235e-06,1.0072975840791697e-05,0.04348000019611054,2.1336285456159707e-06,3.7040143716849233e-06,4.0371820531725157e-13,3.819413715295895e-06,1.0862212114447668e-05,1.9217494310379254e-08,1.2608496873283303e-08,7.088455842349597e-08,8.369207442496006e-07,1.216502097210694e-05,3.458394504925035e-08,1.2781300374411761e-09,3.59801793134373e-11,2.7063340398661716e-05,1.0647133673324639e-06,8.711204684659992e-11,8.632129450884713e-09,4.4312364735171495e-09,3.1681579059016228e-09,3.817997728167798e-09,0.9564431409137014,7.416691487921556e-07
14,2.9401211688414024e-06,1.0741153598061044e-05,0.028420101454178594,1.965208057611231e-06,3.3181762640982267e-06,3.389311549255531e-13,3.038953557441457e-06,9.989196192562166e-06,1.531077352281365e-08,1.6836286529102963e-08,4.578367681609562e-08,4.26927879050746e-07,9.888196998827088e-06,2.3862660606159893e-08,9.209330788562185e-10,3.234754981754848e-11,2.007763090744672e-05,9.05591396669928e-07,7.452839603320279e-11,6.560290836719423e-09,3.74718195011504e-09,2.404639648312843e-09,3.209107847234605e-09,0.9715158736460937,6.150009413901656e-07
15,3.6043681563078146e-06,9.51206930241356e-06,0.03318670560303167,2.099659388503901e-06,3.3450990547952963e-06,3.753867209977165e-13,3.568563810122468e-06,1.0162859261142558e-05,1.540049899269245e-08,1.5273358189321517e-08,4.8561341468721404e-08,5.768605930666306e-07,1.0398296564050352e-05,2.9378866369068456e-08,1.0440868957604273e-09,3.879712060141129e-11,2.2246481115558742e-05,9.854655286543904e-07,7.637619908123117e-11,7.545270228550279e-09,3.977883790747178e-09,2.7347114608869807e-09,3.9550154675650625e-09,0.9667459478424608,7.1884515114337e-07
16,3.871633780409116e-06,9.880974092914752e-06,0.02993068665904419,2.295457646670883e-06,3.1429844437011216e-06,4.177268589931666e-13,3.727308949244695e-06,1.17727106577758e-05,1.5384316327815117e-08,1.9114319046070354e-08,4.971254897311561e-08,6.0768963866043e-07,9.607729701642785e-06,2.8464846256705333e-08,1.043436260310133e-09,4.5691545001609893e-11,2.4048846781055544e-05,1.1871992978733216e-06,8.30275897880923e-11,8.666025557675171e-09,5.031195130317414e-09,3.2535474654102774e-09,4.233255912084736e-09,0.9699982595577327,7.762156052233907e-07
17,3.5715282260173715e-06,9.392795511198086e-06,0.03216321623650274,2.443238205025678e-06,3.3652176093461987e-06,3.5713008663428477e-13,3.4408977660067543e-06,1.0423445452254359e-05,1.3453963624230849e-08,1.5516761497223142e-08,4.4146432517441246e-08,6.074411630069139e-07,1.0950520460840087e-05,3.242457005657556e-08,9.311465297102383e-10,3.776984200196581e-11,2.32041956036476e-05,1.10402423818764e-06,6.995687184036921e-11,8.154563475628122e-09,4.0399804014521615e-09,2.8944806082542644e-09,4.435964614416339e-09,0.9677673913591414,7.629941733442938e-07
18,3.687002688438533e-06,9.026268160885012e-06,0.02574909565012793,1.7680059457045242e-06,2.4815129141148445e-06,2.488535718626061e-13,3.0428750696758774e-06,9.03512066809369e-06,1.0153720283388325e-08,1.2474125650048694e-08,3.7045791523583605e-08,5.750272792569202e-07,9.403139584179042e-06,2.4199212493764607e-08,8.063431656188213e-10,2.8380508988009684e-11,2.4998156429864972e-05,1.064013768568208e-06,5.9498921621751e-11,6.273140314301326e-09,3.3726460093646328e-09,2.8925098065634047e-09,3.486843073680463e-09,0.9741850492122603,6.732226423959012e-07
19,3.622693372285572e-06,9.409447038030899e-06,0.03870512392483346,2.1643742319128718e-06,3.727293687541517e-06,3.8675280901893404e-13,3.542883015110514e-06,1.0229643782739244e-05,1.7445313379545358e-08,1.4698549362424667e-08,5.237389349297759e-08,6.245329782383433e-07,1.1374682021576642e-05,3.1651991088761845e-08,1.0453387040455218e-09,3.6940569850733394e-11,2.2383563255504062e-05,9.51382904377724e-07,7.830565300757366e-11,7.559470370953873e-09,3.8685176896847954e-09,2.578829728145961e-09,3.6609559348900945e-09,0.9612260065623076,7.040180791423396e-07
20,3.5650014273176763e-06,9.645632440101931e-06,0.030115880984998435,2.035740840506079e-06,3.3002062062340776e-06,3.4539338773962615e-13,3.395606450308373e-06,1.1132012859231713e-05,1.4262545983328093e-08,1.5137680956267736e-08,4.6347427245810455e-08,5.831995088437295e-07,9.936905328434269e-06,2.835028318893806e-08,1.0467019845957336e-09,3.715590820567617e-11,2.485080383744134e-05,1.0126788282808917e-06,8.033881435291195e-11,7.2800441564331785e-09,4.218738548082012e-09,3.0920750621163663e-09,4.073366630064116e-09,0.9698138634667314,6.738338394816346e-07
21,4.118116586339908e-06,9.461545901255955e-06,0.03643256266750245,2.474338144573626e-06,3.4316724376046125e-06,4.561329942125783e-13,4.262048143265025e-06,1.1269223112431726e-05,1.706444060617359e-08,1.807585316572788e-08,5.244086024291352e-08,6.870361977305124e-07,1.1488097296555223e-05,3.475329157426703e-08,1.12147209870862e-09,5.173326220822854e-11,2.2358503805159597e-05,1.0893769103844837e-06,8.457924545543676e-11,9.62259562888027e-09,4.4781225895738415e-09,3.0019006059542002e-09,4.711037806165446e-09,0.9634958078943299,8.440732893536241e-07
22,3.7587860555653096e-06,9.243405655726572e-06,0.03473015142742504,2.1305743576395785e-06,3.334689236320693e-06,4.126927461008084e-13,3.570190988348445e-06,1.074666719906062e-05,1.5707968182088738e-08,1.527137854618278e-08,5.585999821251156e-08,6.251613144356722e-07,9.931809732860528e-06,2.9056420912221536e-08,1.0343226946847546e-09,4.077287661830117e-11,2.399633890868165e-05,1.1311422577697193e-06,7.620624214515706e-11,8.47271679360727e-09,4.388713990294835e-09,2.992896523092244e-09,4.053588624192036e-09,0.9652005420099515,7.008415205335395e-07
23,3.6043681563078146e-06,9.51206930241356e-06,0.03318670560303167,2.099659388503901e-06,3.3450990547952963e-06,3.753867209977165e-13,3.568563810122468e-06,1.0162859261142558e-05,1.540049899269245e-08,1.5273358189321517e-08,4.8561341468721404e-08,5.768605930666306e-07,1.0398296564050352e-05,2.9378866369068456e-08,1.0440868957604273e-09,3.879712060141129e-11,2.2246481115558742e-05,9.854655286543904e-07,7.637619908123117e-11,7.545270228550279e-09,3.977883790747178e-09,2.7347114608869807e-09,3.9550154675650625e-09,0.9667459478424608,7.1884515114337e-07
24,3.432268461554159e-06,1.0364813279931128e-05,0.03280760813765522,2.4439676727481968e-06,3.69628352175204e-06,3.8357943825483563e-13,3.4133945954098002e-06,1.0462689787273137e-05,1.4941162778739245e-08,1.6957846648627972e-08,4.669394816653487e-08,5.711771262799693e-07,1.1244608248668972e-05,3.267540651696808e-08,1.008363760835096e-09,3.899818917959688e-11,2.2752421184742446e-05,1.0306351118373875e-06,7.756063079531183e-11,7.880550495485667e-09,4.16377170995165e-09,2.7995215665892945e-09,4.248980903044298e-09,0.9671220863117143,7.618051454740075e-07
25,3.0955242590952224e-06,7.949028745142874e-06,0.029911193768178496,2.07776534776493e-06,2.724006947908853e-06,2.632731994192095e-13,3.408949251402559e-06,1.154768095459925e-05,1.281848501800083e-08,1.287972180177182e-08,4.807861320965433e-08,5.499606004463814e-07,1.0416893516497556e-05,2.2741075965929906e-08,7.921443057461048e-10,3.008778179327681e-11,2.2958199124327205e-05,9.51223129092371e-07,6.619917315091642e-11,7.994338563445544e-09,3.509894473951616e-09,2.3988707625500283e-09,3.409747237149385e-09,0.9700224654481604,5.468323432842927e-07
26,3.6750753291174466e-06,9.77722969362747e-06,0.03440050659067304,2.1853724771834905e-06,3.499131484243839e-06,4.023382491946626e-13,3.6925487245634035e-06,1.0394525170058166e-05,1.6147612917050837e-08,1.6049910249763645e-08,5.0253401127970855e-08,5.969227513513073e-07,1.058046683235525e-05,3.119209509754287e-08,1.1038999950873252e-09,4.183892935352676e-11,2.2423740105011465e-05,9.961820985402558e-07,8.053085293981655e-11,7.878612909099632e-09,4.203399864073914e-09,2.8236563954935947e-09,4.1446212204425985e-09,0.9655307853065838,7.529880953618632e-07
27,4.062901824014755e-06,1.024403476958478e-05,0.03456441121476966,2.1244535802724116e-06,3.372837139962645e-06,4.711213182404883e-13,4.032174843575167e-06,1.087357091020703e-05,1.861812874875971e-08,1.7589391877690483e-08,5.151759729669368e-08,6.003745000306695e-07,1.0271308595916848e-05,3.1668597668178424e-08,1.2464479159612849e-09,4.80992111601336e-11,2.2162628791949104e-05,1.0598739563233817e-06,8.801839483065773e-11,8.510932050724127e-09,4.457337547219482e-09,3.1634949623546262e-09,4.340338874661603e-09,0.965365813125851,8.302516117832156e-07
28,3.6043681563078146e-06,9.51206930241356e-06,0.03318670560303167,2.099659388503901e-06,3.3450990547952963e-06,3.753867209977165e-13,3.568563810122468e-06,1.0162859261142558e-05,1.540049899269245e-08,1.5273358189321517e-08,4.8561341468721404e-08,5.768605930666306e-07,1.0398296564050352e-05,2.9378866369068456e-08,1.0440868957604273e-09,3.879712060141129e-11,2.2246481115558742e-05,9.854655286543904e-07,7.637619908123117e-11,7.545270228550279e-09,3.977883790747178e-09,2.7347114608869807e-09,3.9550154675650625e-09,0.9667459478424608,7.1884515114337e-07
29,3.6043681563078146e-06,9.51206930241356e-06,0.03318670560303167,2.099659388503901e-06,3.3450990547952963e-06,3.753867209977165e-13,3.568563810122468e-06,1.0162859261142558e-05,1.540049899269245e-08,1.5273358189321517e-08,4.8561341468721404e-08,5.768605930666306e-07,1.0398296564050352e-05,2.9378866369068456e-08,1.0440868957604273e-09,3.879712060141129e-11,2.2246481115558742e-05,9.854655286543904e-07,7.637619908123117e-11,7.545270228550279e-09,3.977883790747178e-09,2.7347114608869807e-09,3.9550154675650625e-09,0.9667459478424608,7.1884515114337e-07
30,3.6043681563078146e-06,9.51206930241356e-06,0.03318670560303167,2.099659388503901e-06,3.3450990547952963e-06,3.753867209977165e-13,3.568563810122468e-06,1.0162859261142558e-05,1.540049899269245e-08,1.5273358189321517e-08,4.8561341468721404e-08,5.768605930666306e-07,1.0398296564050352e-05,2.9378866369068456e-08,1.0440868957604273e-09,3.879712060141129e-11,2.2246481115558742e-05,9.854655286543904e-07,7.637619908123117e-11,7.545270228550279e-09,3.977883790747178e-09,2.7347114608869807e-09,3.9550154675650625e-09,0.9667459478424608,7.1884515114337e-07
31,3.1555875508321403e-06,9.11099987062602e-06,0.030561808121958245,2.0255742484888196e-06,3.1313959940882806e-06,2.551833998577364e-13,2.9159967647162005e-06,1.0152990591319191e-05,1.2431347052387946e-08,1.3576386493234054e-08,3.7019125330721135e-08,4.939576995639069e-07,1.0118048378300769e-05,2.5804806904855346e-08,7.561732405614639e-10,2.8418913989730663e-11,2.0973528656523313e-05,8.850244139815743e-07,6.570840443461426e-11,6.464458041705967e-09,3.2315365344326754e-09,2.307887420902417e-09,3.0948014140698498e-09,0.9693744953083782,6.28684590334465e-07
32,3.756363130945853e-06,9.831214708757209e-06,0.034218613353393254,2.145693150005953e-06,3.4886043916675465e-06,3.9587784458676573e-13,3.683048974974874e-06,1.0598195446735626e-05,1.6347096927570492e-08,1.5882113047184115e-08,5.017274027990279e-08,6.014590707030756e-07,1.0614893105307462e-05,3.093846214743632e-08,1.1056529991277642e-09,4.119992228434254e-11,2.2982657240449582e-05,9.997349418564117e-07,8.31844162029693e-11,7.800624147853936e-09,4.191964798494245e-09,2.8939586699690703e-09,4.051890053909025e-09,0.9657118074823096,7.437908523679981e-07
33,3.4048354820067997e-06,1.0731318215218703e-05,0.02313680742388599,1.8562180452019805e-06,3.332215324823784e-06,2.754256950247422e-13,2.7261107585339767e-06,9.861090664709279e-06,9.61182854147387e-09,1.3486720622180359e-08,3.881170853295249e-08,5.24872441414376e-07,1.061633622407926e-05,2.847247328375121e-08,8.626275408853601e-10,2.8739629355172648e-11,2.8029705998412135e-05,1.0605221152225724e-06,7.11881785654423e-11,5.855010051928168e-09,3.39951198940826e-09,3.4415328052280775e-09,4.242202344611691e-09,0.9767903761386308,5.649283945021146e-07
34,5.250499536591776e-06,1.1563892927786103e-05,0.04971572096681623,2.1127127183419212e-06,3.949147467761744e-06,5.967615531253448e-13,5.046676708791523e-06,1.183217908699689e-05,3.5523918434813367e-08,1.9266353303172625e-08,6.36725792045992e-08,6.729803888992576e-07,1.1997953769603418e-05,3.7591612460416186e-08,1.6053715782482439e-09,5.3480017127612884e-11,1.9714464069357894e-05,9.573788025393833e-07,1.299607476929368e-10,8.846652491652624e-09,4.883287148850097e-09,3.112981369021941e-09,3.193543963263006e-09,0.9502100414588021,9.618085675106788e-07
35,4.1072825705382155e-06,8.986814428108952e-06,0.026963075217221192,1.8758387164423563e-06,2.3205553058581645e-06,2.788750471499677e-13,3.2623345672028765e-06,1.1946670233764187e-05,1.5110748652418735e-08,1.5652835700955586e-08,3.885525214157237e-08,5.648855639499062e-07,9.355226928144754e-06,2.0767354025409606e-08,7.846813988444022e-10,3.062613129863549e-11,2.422084826070102e-05,1.1798397103116056e-06,7.516919351446403e-11,7.492301474130345e-09,3.840149687228906e-09,2.9460798353384836e-09,2.745648434175548e-09,0.9729682853675035,7.108178648506993e-07
36,3.902115093484897e-06,9.37028824760058e-06,0.034382956219278185,2.0050284247814426e-06,3.758553113384825e-06,2.847648089409762e-13,3.130515185381871e-06,1.0766198104511099e-05,1.4235397233240045e-08,1.3189110339791975e-08,4.251292041952705e-08,7.384958442254548e-07,1.2141233727065359e-05,3.189413014402272e-08,1.0332767115972684e-09,3.367831271748769e-11,2.9347559115939726e-05,8.77881187562728e-07,8.934931019359318e-11,6.3433638967575996e-09,3.732428652007359e-09,2.7906735648142656e-09,3.5284469440175643e-09,0.9655401740375397,7.124920780565569e-07
37,3.997546838444628e-06,9.10911416978428e-06,0.03262002452698034,1.7930665401009163e-06,2.775419735956122e-06,2.774109755515953e-13,3.3722670946262895e-06,8.918918794556239e-06,1.247829172229115e-08,1.2158304177054471e-08,4.175019255314916e-08,5.611269994643683e-07,9.996287461654265e-06,2.7450936338023802e-08,8.095135244171478e-10,2.996245563715735e-11,2.112145004089989e-05,9.854194098545738e-07,6.403161599133694e-11,6.610317384229872e-09,3.125019139563638e-09,2.6364436526199064e-09,3.0835493401817946e-09,0.9673165698059643,6.648531308133091e-07
38,4.532770039278978e-06,9.810882197597911e-06,0.035841085953939145,2.112343179554351e-06,3.3333368322417454e-06,5.943764259426171e-13,5.027708764901612e-06,1.0890720656042493e-05,2.028173608875444e-08,1.8857950614017532e-08,6.188265236888456e-08,6.318624642694358e-07,1.0069152108204241e-05,3.337854282573843e-08,1.4565600899727704e-09,6.246271485959053e-11,2.1049381400409676e-05,1.085660280556464e-06,9.639097053128965e-11,9.498387871258398e-09,4.825162970329098e-09,3.393236224048426e-09,5.089530405606919e-09,0.9640893683673054,8.430376247615032e-07
39,3.857672920643972e-06,8.87092645213637e-06,0.03835577699251658,2.6895323431154247e-06,4.167145089090559e-06,5.403969367817712e-13,3.981254149476862e-06,1.3953987300961306e-05,1.9609880116071912e-08,2.0684918952952935e-08,5.591844154968621e-08,7.031825780570395e-07,9.949353934430708e-06,3.420426545924422e-08,1.269090407799337e-09,6.352368813234679e-11,2.4665857495060735e-05,1.0954020865910512e-06,1.0307943386820639e-10,1.0294747880157436e-08,5.868324161845064e-09,3.0964196026858648e-09,5.124225617503508e-09,0.9615692701903645,8.622653119640275e-07
40,5.182640393250241e-06,1.1632279147898591e-05,0.040254365524760055,1.8741375154404692e-06,3.5434289465862425e-06,4.5192689370956453e-13,4.074412588174067e-06,9.531877743625837e-06,1.823653446608198e-08,1.4587481816675981e-08,5.512054926454742e-08,7.380319451871086e-07,1.0948050757780687e-05,3.9090010691201766e-08,1.2889317296404015e-09,4.217010936003335e-11,2.4736621730753833e-05,1.1444845609733394e-06,9.22226866474584e-11,7.655960369935242e-09,4.2906679581458515e-09,3.851888263836241e-09,3.8865351317644405e-09,0.9596712201639843,8.602025212255623e-07
41,3.7631104575369585e-06,1.023159628444224e-05,0.0422608120633467,2.273120554293541e-06,4.469126914709353e-06,5.200167646622603e-13,3.811140677338748e-06,1.0366878663721328e-05,2.214050482019159e-08,1.809298791164399e-08,5.260802470205606e-08,5.725980110537807e-07,1.0652633497952732e-05,3.632049470321359e-08,1.3254558058374868e-09,5.0039324263326356e-11,1.948599934541686e-05,8.788050452700969e-07,9.379609888051051e-11,7.591786594271034e-09,4.489810065496907e-09,2.5713506174470593e-09,4.011452028902728e-09,0.957671692003053,8.416279257281254e-07
42,3.980094909621817e-06,1.0077954905901039e-05,0.0320485406900404,2.1670078125543434e-06,3.313794466794515e-06,4.0098338778265016e-13,4.103210402099423e-06,1.4397033779716887e-05,1.7541830563913182e-08,1.9308655491793798e-08,4.940463319835352e-08,6.104849260586892e-07,9.231565453170905e-06,2.891996764373358e-08,1.2355139489604623e-09,5.514819675564949e-11,2.6846296340094255e-05,1.01627382264285e-06,1.1384857408747522e-10,9.242078624274771e-09,5.297632568061304e-09,3.7003138026452413e-09,4.408067619434385e-09,0.9678748086513926,7.677136568695106e-07
43,3.7036362985840976e-06,9.912048384860693e-06,0.02924451832965985,2.3870493553723093e-06,4.181676726191222e-06,5.5389304033322e-13,3.6369324294607923e-06,1.335539120318026e-05,1.823853636233249e-08,2.3765812441249273e-08,5.073082681202193e-08,5.72230516801729e-07,9.09881772953414e-06,3.0141819251142613e-08,1.327930082051343e-09,6.213599655552948e-11,2.5156491330968066e-05,1.0720771465633923e-06,1.0873151792941048e-10,8.164220743015493e-09,5.989680713964499e-09,3.3430989073452507e-09,5.103433590112154e-09,0.97068147017805,7.881643883622355e-07
44,3.6043681563078146e-06,9.51206930241356e-06,0.03318670560303167,2.099659388503901e-06,3.3450990547952963e-06,3.753867209977165e-13,3.568563810122468e-06,1.0162859261142558e-05,1.540049899269245e-08,1.5273358189321517e-08,4.8561341468721404e-08,5.768605930666306e-07,1.0398296564050352e-05,2.9378866369068456e-08,1.0440868957604273e-09,3.879712060141129e-11,2.2246481115558742e-05,9.854655286543904e-07,7.637619908123117e-11,7.545270228550279e-09,3.977883790747178e-09,2.7347114608869807e-09,3.9550154675650625e-09,0.9667459478424608,7.1884515114337e-07
45,3.5355367753907396e-06,9.025098985309626e-06,0.03350157289650271,1.98349241083342e-06,3.355868352543706e-06,3.623993066480381e-13,3.679993733654225e-06,1.0276392269714447e-05,1.612217360724138e-08,1.4549833486484293e-08,4.856549026386758e-08,5.545843730669199e-07,1.052525795884095e-05,2.82275982363682e-08,1.0627992306304452e-09,3.801475230328183e-11,2.1276765981238996e-05,8.836850329393645e-07,7.862430720833907e-11,7.148632578369606e-09,3.703080316943513e-09,2.5422347988800724e-09,3.770690070773019e-09,0.9664325396669515,6.649511381625204e-07
46,3.168065518084427e-06,8.416745088139828e-06,0.023894927772426255,1.802534220431135e-06,2.8623037144766363e-06,2.351921522666329e-13,2.59654046629911e-06,9.87668625198478e-06,9.685553013998981e-09,1.145271977220811e-08,4.17956806044919e-08,5.755695102431251e-07,1.0096180477085933e-05,2.1842307192585874e-08,8.003648806638321e-10,2.5008855277074325e-11,2.957383562135096e-05,1.0098899894772407e-06,6.201666467587981e-11,5.879862741080703e-09,3.436354608546339e-09,2.6609005617947596e-09,3.5557026059607074e-09,0.9760344586248764,5.340551331407213e-07
47,5.110292411304512e-06,1.0242190745279504e-05,0.03187448104225057,1.810570721068651e-06,2.501449613939015e-06,3.652710800327429e-13,4.175029544807023e-06,1.059412736151177e-05,1.5067279741011717e-08,1.5272180240351952e-08,4.828726356227476e-08,6.988819160154684e-07,9.855292291960441e-06,2.887285840023055e-08,1.065585653648139e-09,4.3014321239097566e-11,2.5821426924958973e-05,1.234014349339883e-06,8.382306326962993e-11,8.608175992710802e-09,4.128885600277486e-09,3.869842973520236e-09,3.7894331270095646e-09,0.9680525189474805,8.276456809262263e-07
48,3.587176809773395e-06,9.545132365284378e-06,0.03219193968402526,2.0759372332234335e-06,3.3073365383884657e-06,3.6439479983011205e-13,3.5311431844863175e-06,1.0224562945035264e-05,1.4993685182851524e-08,1.5200459579941887e-08,4.775114335814976e-08,5.712443106298288e-07,1.0379842230137256e-05,2.8878330456820338e-08,1.0339092131809187e-09,3.8139312319905504e-11,2.2613572851182646e-05,9.811354174373107e-07,7.67790088263266e-11,7.425501974765752e-09,3.94647238871481e-09,2.758519359947025e-09,3.940638581081745e-09,0.9677404099758976,7.0721224873053e-07
49,3.936988698658895e-06,9.533022008373864e-06,0.03732764687159214,2.2345464899355398e-06,3.6987405710621817e-06,4.4839037291005006e-13,3.7091187399019826e-06,1.0568506019299688e-05,1.692532144489119e-08,1.564578687519641e-08,5.575124983043206e-08,6.86021510186969e-07,1.0892689027918202e-05,3.3385841213417665e-08,1.1471082889643873e-09,4.3346363648617933e-11,2.4322435710927297e-05,1.0961391705212996e-06,8.124871853675771e-11,8.38944736192394e-09,4.4372882954410945e-09,3.0282399722285656e-09,4.3946591130364305e-09,0.9626007649671777,7.667232974002037e-07
50,4.3603419685676884e-06,1.095007282449261e-05,0.03760116126761736,2.4278168709449168e-06,3.4466690647356333e-06,4.592174141348624e-13,5.115802661208143e-06,1.2712615643056385e-05,2.0536040241312026e-08,2.2115049828157565e-08,4.6962383317665096e-08,5.60615906767057e-07,1.1192493367451028e-05,3.65219278358865e-08,1.1575568990417656e-09,6.021415794657353e-11,1.9767314025020524e-05,9.428009130986812e-07,1.1105127732531207e-10,9.84729422890124e-09,4.328666742505852e-09,3.2977685708796056e-09,4.211751716219944e-09,0.9623263427709331,8.702680403461706e-07
51,3.462271532076556e-06,9.392448678845338e-06,0.03017900398738364,2.229188363016647e-06,2.8051007981640743e-06,2.849749989659196e-13,3.3907758415339405e-06,1.1077956319524395e-05,1.3533858957609183e-08,1.4842594175911563e-08,4.4245389350126943e-08,5.533303926965123e-07,1.0689878838300509e-05,2.5679870590718568e-08,7.929579788572638e-10,2.925767534122548e-11,2.250533819828623e-05,1.059470051064942e-06,6.668987969910553e-11,7.697921121455267e-09,3.731032928150765e-09,2.6857132146853436e-09,3.3015557482359247e-09,0.9697530763721666,6.372743097335723e-07
52,4.632720029178224e-06,9.277016577459751e-06,0.032422307163859534,2.3522984890785837e-06,3.0977771166387037e-06,7.724198775951103e-13,4.60539779711389e-06,1.1011138851263376e-05,2.0426463060149847e-08,2.015775665049908e-08,6.940254625332054e-08,6.283021009579019e-07,1.0175306258166474e-05,3.060879061370271e-08,1.2319514247918703e-09,5.857475725483116e-11,2.0623352196397493e-05,1.6234475490468022e-06,7.551009677209095e-11,1.15829011315929e-08,4.962246206397166e-09,3.6431702386805425e-09,5.578368770441931e-09,0.9675086825074233,8.158427004109883e-07
53,3.907745524920431e-06,9.070226158541365e-06,0.03483906392878113,2.1592598662430452e-06,2.6084412137662694e-06,4.548592972343066e-13,5.432117889858523e-06,1.066366726825356e-05,1.7999106146340713e-08,1.6620532086811993e-08,5.7902418905096406e-08,5.609767346596772e-07,1.0510071778515858e-05,2.9021397281798223e-08,1.2036154001060963e-09,5.2971980817766565e-11,1.8905615020275724e-05,9.997154720872947e-07,7.906610280935889e-11,1.0632813777611407e-08,3.933258962561604e-09,2.9387396101509723e-09,4.813451572134778e-09,0.965095201058327,7.719781380639023e-07
54,4.74947090933085e-06,1.1781716116681423e-05,0.03888083490561749,2.3632299424270372e-06,3.126567967444042e-06,5.058165212764977e-13,5.179426637052463e-06,1.0088569415316443e-05,1.9553216518148933e-08,2.0508245975880545e-08,4.8336418412832355e-08,6.43188078270117e-07,1.1336519895699685e-05,4.003184520326578e-08,1.3046672670099483e-09,5.915436444924255e-11,1.9671207456332615e-05,1.0669799713602715e-06,9.085571354540732e-11,9.934693816480979e-09,4.433536754490071e-09,3.4476924575205004e-09,4.658027580387605e-09,0.9610479186270916,1.08723204108924e-06
55,3.844197613869022e-06,9.152596244922221e-06,0.03591521920568647,2.01856755711444e-06,2.7939634773017206e-06,3.1746395286862107e-13,3.5262785317604376e-06,9.488986589009497e-06,1.64830998068963e-08,1.345035180661402e-08,4.652472442496566e-08,6.305361420033793e-07,1.159560020331423e-05,2.7062280248224267e-08,8.978330855457426e-10,3.0443211808117394e-11,2.0975925488933592e-05,1.0188747176460672e-06,6.566873395988306e-11,7.591580203764553e-09,3.345515689048113e-09,2.409734732952759e-09,3.0782189726859323e-09,0.9640188668843086,7.474436704008642e-07
56,3.6020831889461784e-06,9.614798905192805e-06,0.03294024626157363,2.116373663761006e-06,3.373024318113144e-06,3.753933359809314e-13,3.562195758261699e-06,1.0244657232692166e-05,1.5470903347697644e-08,1.5201500488608238e-08,4.9429508055250386e-08,5.828120964178203e-07,1.0746745559721807e-05,2.959808150492394e-08,1.042838072947323e-09,3.80041507139224e-11,2.2541825656932354e-05,9.956039764865271e-07,7.706792238612677e-11,7.600357564429586e-09,3.9560243131257684e-09,2.750576970954366e-09,3.9607272802027255e-09,0.966991535141125,7.093509796705478e-07
57,3.878317725708281e-06,1.0173062429131242e-05,0.03957195657021059,2.3988492007446724e-06,4.314954773425727e-06,4.1272624829556245e-13,3.437416194591973e-06,1.2611856534113513e-05,1.8699228639842568e-08,1.754964235908048e-08,5.2824924653946176e-08,7.460443805414175e-07,1.1549099850224947e-05,3.4946281242400594e-08,1.1699269200640799e-09,4.531178370644375e-11,2.8358582359218227e-05,1.0126148955114391e-06,1.0378294917991175e-10,8.320473528736117e-09,4.979801430785587e-09,3.096944562601705e-09,3.9576361377468e-09,0.9603486215890519,7.953480275169713e-07
58,3.3831643541785873e-06,9.17162182881737e-06,0.030258520003236953,1.9672433593970004e-06,3.1815861637057555e-06,3.3202651712845484e-13,3.2978868525667984e-06,9.793235905789914e-06,1.3719600611331107e-08,1.421971929190372e-08,4.545793471587744e-08,5.391285664023642e-07,1.0031010005814946e-05,2.6611019796212405e-08,9.618888428518914e-10,3.431963701656685e-11,2.2262513522762997e-05,9.525118881591973e-07,7.041999757056222e-11,6.84229651634283e-09,3.7007961530567106e-09,2.5940536218027394e-09,3.76075447460451e-09,0.9696761267277565,6.553934232126128e-07
59,0.00026178827693464687,0.00023309723234640254,0.713527927860172,0.00018262512769078542,0.0003754913980548334,1.5049129507810693e-09,0.0001478398273164775,0.00018083188734090808,5.070669842631499e-06,1.7148300665650062e-06,6.596373791048343e-06,0.0002048755237923985,0.00018169958061105423,2.3670979959152445e-05,3.011093440918112e-07,5.081278686399418e-08,0.00012670502049245394,1.4371133875950485e-05,1.0415919090316839e-07,1.069751369149608e-06,9.519032806886686e-07,4.223176295062337e-07,4.1793959592935307e-07,0.2843842225340874,0.00013815224551524477
60,3.6043681563078146e-06,9.51206930241356e-06,0.03318670560303167,2.099659388503901e-06,3.3450990547952963e-06,3.753867209977165e-13,3.568563810122468e-06,1.0162859261142558e-05,1.540049899269245e-08,1.5273358189321517e-08,4.8561341468721404e-08,5.768605930666306e-07,1.0398296564050352e-05,2.9378866369068456e-08,1.0440868957604273e-09,3.879712060141129e-11,2.2246481115558742e-05,9.854655286543904e-07,7.637619908123117e-11,7.545270228550279e-09,3.977883790747178e-09,2.7347114608869807e-09,3.9550154675650625e-09,0.9667459478424608,7.1884515114337e-07
61,0.0016221895701051044,0.0008300764303372922,0.08575286586987646,0.0015400102404387645,0.00032626179419687395,2.7164669682865633e-08,0.0015475146507615953,0.0007036496307336898,3.4879029419795475e-06,4.6273807756642975e-05,9.495675705018071e-06,0.00015165828888747388,0.00024300838194724186,6.394307903237473e-05,1.1037604322306563e-06,1.2603899064457848e-06,0.0002456838061354952,0.00030616159225570536,3.613077575112872e-07,4.198769349903842e-06,8.991380509390172e-06,2.5021306333371375e-06,2.8992256774548062e-05,0.9056952942987735,0.0008649878200818126
62,3.6043681563078146e-06,9.51206930241356e-06,0.03318670560303167,2.099659388503901e-06,3.3450990547952963e-06,3.753867209977165e-13,3.568563810122468e-06,1.0162859261142558e-05,1.540049899269245e-08,1.5273358189321517e-08,4.8561341468721404e-08,5.768605930666306e-07,1.0398296564050352e-05,2.9378866369068456e-08,1.0440868957604273e-09,3.879712060141129e-11,2.2246481115558742e-05,9.854655286543904e-07,7.637619908123117e-11,7.545270228550279e-09,3.977883790747178e-09,2.7347114608869807e-09,3.9550154675650625e-09,0.9667459478424608,7.1884515114337e-07
63,3.603191261054965e-06,9.80319941865316e-06,0.03238127945707921,2.057293405523704e-06,3.2498262730769603e-06,3.6569857270758917e-13,3.549737652376192e-06,1.005641053152775e-05,1.5318582451445266e-08,1.512247982648059e-08,4.8428236311129255e-08,5.642647041444446e-07,1.0479814830336163e-05,2.8784565878528683e-08,1.0356712433395824e-09,3.719074498488664e-11,2.2227661706689963e-05,9.91524305047653e-07,7.604882214132397e-11,7.468742651783602e-09,3.904318464337195e-09,2.76375267527633e-09,3.8460394278079505e-09,0.9675512989811417,7.11851696361959e-07
64,3.5465303969315766e-06,9.496694425723578e-06,0.03231660051242238,2.1318386881952676e-06,3.454483030559334e-06,3.745451126226451e-13,3.443357019567452e-06,1.0748789327597293e-05,1.540647077148276e-08,1.577128387527885e-08,4.934740419183414e-08,5.896008014729255e-07,9.933443489645777e-06,2.8648358011936634e-08,1.0755278798458307e-09,3.937290101176545e-11,2.3382510596986337e-05,9.950990721126908e-07,8.072184088870849e-11,7.431190666646722e-09,4.449414058711457e-09,2.781181887664114e-09,3.935729929995507e-09,0.9676148310831201,7.170905782761001e-07
65,4.077473133789834e-06,1.0282985011691244e-05,0.04151626004523515,3.1545193406196045e-06,5.723509569557341e-06,7.245566306242843e-13,3.5909565351045383e-06,1.2103488182077939e-05,1.7393275507447586e-08,2.2317491214846534e-08,6.41930933326208e-08,9.191088883724533e-07,1.168929842355158e-05,4.7557078886973256e-08,1.300048056555121e-09,6.446645683665188e-11,2.7828561493113908e-05,1.4704075904793575e-06,9.64844058416571e-11,1.0506808490483144e-08,6.635688704323929e-09,3.856094145945807e-09,6.285228514028471e-09,0.9584017788989411,9.405411730765868e-07
66,3.888068724797838e-06,9.885828341896041e-06,0.03676433495331335,2.305151277645251e-06,3.4798585903514194e-06,4.348476114981189e-13,4.11114663427567e-06,1.1507036338877147e-05,1.8851181834066897e-08,1.776180620377553e-08,5.2357670442102155e-08,6.069010361844552e-07,1.1184376555713497e-05,3.198015764406995e-08,1.115505195398763e-09,4.6862247049816505e-11,2.1868768502488085e-05,1.0102950111069528e-06,9.06163377489948e-11,9.02127912235074e-09,4.255370071514784e-09,2.897606781665798e-09,4.059398802963587e-09,0.9631648892008621,7.859769217839609e-07
67,4.16058957844397e-06,1.0083077541939666e-05,0.04196344993549341,2.861828189149413e-06,4.139094871790219e-06,6.067886533247789e-13,4.597669087950252e-06,1.0609917104069405e-05,1.6784422472309127e-08,1.7869465460576427e-08,6.235309741598303e-08,8.175785125648473e-07,1.246388586612956e-05,4.7040117846378373e-08,1.4026168415366884e-09,6.501757215856522e-11,2.486114541952703e-05,1.214945942133324e-06,8.572283792430429e-11,1.1659937384235891e-08,5.001114353892886e-09,3.5454744785092115e-09,7.156127773145503e-09,0.9579595779902161,9.893784555265198e-07
68,3.6308517436813044e-06,8.380325414982822e-06,0.026278831469308813,2.315344633730076e-06,2.4522883974084384e-06,4.575652344629944e-13,3.4464780422716288e-06,9.863042619563208e-06,1.1790797913877865e-08,1.4942025067475853e-08,5.936292711286528e-08,6.855123194826167e-07,9.453590136294553e-06,2.4479976433620598e-08,9.770737726960604e-10,4.048052951713896e-11,2.714670024170625e-05,1.6837171122541248e-06,5.3208528540785436e-11,1.0636680869407978e-08,4.7550732069136835e-09,3.4137554957679374e-09,5.880889536885587e-09,0.9736512117368978,7.62609785862481e-07
69,3.1710138529095106e-06,9.031562460810583e-06,0.035007444340479386,2.603184645884965e-06,2.960082930500061e-06,3.3033484803967483e-13,3.810701989696423e-06,1.2475917757129787e-05,1.5783894592280443e-08,1.7148614468388494e-08,4.6001806025288375e-08,5.49524509986753e-07,1.0466508413565467e-05,2.701453290288504e-08,8.849364724656718e-10,4.1910365734219494e-11,2.1186949497544476e-05,9.923757981845946e-07,7.772181045196828e-11,1.0416777657675559e-08,4.0815778072626516e-09,2.4522370766563763e-09,3.813499018919982e-09,0.9649243886863517,7.914334742858028e-07
70,3.6374797665017205e-06,9.559889916350886e-06,0.03360333337098847,2.115737053243982e-06,3.3647000868264672e-06,3.802361057081664e-13,3.5990210695784564e-06,1.0171701230479434e-05,1.5548781748905986e-08,1.5346911088551183e-08,4.884546930949114e-08,5.829506392432173e-07,1.0456870389325177e-05,2.9849920664963215e-08,1.0520550175956107e-09,3.9276324739341563e-11,2.226670669883292e-05,9.91382530902272e-07,7.684456116433034e-11,7.632871924177027e-09,4.001673139391983e-09,2.7572308370435424e-09,3.984299999678266e-09,0.9663290628585535,7.281953618211324e-07
