,0,1,2,3,4,5,6,7,8,9,10,11,12,13,14,15,16,17,18,19,20,21,22,23,24
0,3.540211682320442e-05,1.4522516146388809e-05,0.030709611198052374,0.0030460131267885087,1.982831080231651e-06,0.0023582411547755913,8.343787629510156e-06,3.9686839964762693e-08,0.00015029697730405394,2.120146877647557e-05,5.895304777593229e-05,3.731933907874778e-06,1.5279962963808772e-06,5.766995934186529e-08,5.3863453559127345e-09,2.912227771460968e-06,1.9057466665137268e-07,2.6401418172249286e-06,1.6202930434609613e-05,1.466786269720661e-05,0.00010470100368796863,1.7459433049528773e-08,0.013622707433347621,0.9498238857680771,2.1436995658638185e-06
1,3.9517459481065725e-05,1.4778237821146538e-05,0.03904534357036813,0.0028542009085243307,1.7248726790569313e-06,0.002435959927505793,9.180528663010719e-06,4.3354198758783135e-08,0.00017170944739950127,2.481603205272353e-05,4.828942488771331e-05,3.81768348159221e-06,1.4821192705356827e-06,4.676332495136337e-08,5.577544129641002e-09,3.548825129800721e-06,1.4344162908125174e-07,2.5904835713769972e-06,1.8222967564037608e-05,1.3249382472038e-05,0.00010418799346148884,1.5986499785938332e-08,0.010732023977479584,0.9444731295643398,1.971470650528477e-06
2,4.7385810143157225e-05,2.051243230945518e-05,0.034113826324068945,0.0033135830811324074,3.3244455954625386e-06,0.002643250139286956,1.187254436420143e-05,4.8725263598840815e-08,0.00017622553798679797,2.8905731710724297e-05,7.024760406603937e-05,4.356798373141334e-06,1.8084396026167965e-06,8.146086275297016e-08,8.41252179104268e-09,3.503203774163361e-06,2.4860504394614344e-07,3.3193697771971116e-06,1.788595495195933e-05,2.094307047091931e-05,0.00011360121971358635,2.107255194527188e-08,0.018051405133125302,0.9413501650478318,3.4698354711281546e-06
3,3.556582406445969e-05,1.487665851985405e-05,0.031837697424833604,0.0033015527541562536,1.958885255655812e-06,0.0023221149173250407,8.83019619045035e-06,3.947044234636048e-08,0.00013985174945005592,2.3356115026178047e-05,5.920238347567846e-05,3.7752842852386026e-06,1.43209429807237e-06,6.136803242175707e-08,5.092142098134371e-09,2.753901023226686e-06,1.8734052642842496e-07,2.6988261086957822e-06,1.5043421350945079e-05,1.4594455109728645e-05,0.00010425415130500556,1.7305405058339717e-08,0.015429483549411363,0.9466783646343591,2.2821979031509964e-06
4,3.484758894265045e-05,1.4418816407268795e-05,0.030076623805754377,0.003309336767119053,1.9504471301335746e-06,0.0022788195772116687,8.473152428807955e-06,3.8820365980065235e-08,0.0001410539452599169,2.2144036869855788e-05,5.913245482567856e-05,3.9776140897118656e-06,1.6096738614444295e-06,6.255548725976661e-08,5.117685654348685e-09,2.764117152970649e-06,2.0610061821729454e-07,2.7198602602601177e-06,1.509338347341373e-05,1.49570985588991e-05,0.00010738993249812544,1.8638857543780484e-08,0.015324312636704711,0.9485777474704572,2.2963879792780367e-06
5,3.407683250930454e-05,1.3254167197111788e-05,0.027989425578105884,0.0036077449665193563,1.5891439943924478e-06,0.0021211445196438806,7.311724180007731e-06,3.32532733844602e-08,0.0001248658107499632,2.2319107727843824e-05,5.294292852493006e-05,3.6679066680798677e-06,1.4071963856060796e-06,6.052664284728144e-08,4.057654808546862e-09,2.423795071093145e-06,1.922745483865495e-07,3.00730587004776e-06,1.259373038665828e-05,1.4122151954314436e-05,0.00010026420534281805,1.6938358301866115e-08,0.014816230004600146,0.9510691234038321,2.178470258828909e-06
6,3.556582406445969e-05,1.487665851985405e-05,0.031837697424833604,0.0033015527541562536,1.958885255655812e-06,0.0023221149173250407,8.83019619045035e-06,3.947044234636048e-08,0.00013985174945005592,2.3356115026178047e-05,5.920238347567846e-05,3.7752842852386026e-06,1.43209429807237e-06,6.136803242175707e-08,5.092142098134371e-09,2.753901023226686e-06,1.8734052642842496e-07,2.6988261086957822e-06,1.5043421350945079e-05,1.4594455109728645e-05,0.00010425415130500556,1.7305405058339717e-08,0.015429483549411363,0.9466783646343591,2.2821979031509964e-06
7,4.902495074251587e-05,1.0198049996583992e-05,0.046298561224102454,0.002026142240962428,1.4401839371918058e-06,0.0019653658446258312,7.865957451892812e-06,3.5552800517757104e-08,9.351598335223543e-05,1.9898275737881795e-05,4.540300951882725e-05,2.5079232659126502e-06,1.1764885338891585e-06,3.544067676798779e-08,2.8436306593488216e-09,1.7190177804524773e-06,1.1331134764387419e-07,2.1979913788672256e-06,1.414859579875023e-05,9.423168977231741e-06,5.746363299860456e-05,8.395217178420744e-09,0.011376155160814352,0.9380160057805469,1.5909758041850987e-06
8,4.5657526373445834e-05,1.2527346461745009e-05,0.026977197154618184,0.0020515686559899183,3.0985909095908887e-06,0.004048714757422807,1.0712629359875763e-05,6.944634372509156e-08,0.0005181313813489593,1.3448798525777046e-05,0.00013046228551999407,8.145337984183105e-06,3.8468182773094375e-06,7.081565072786968e-08,3.645472555646379e-08,7.205764032521662e-06,6.069512436404821e-07,7.839397211504522e-06,4.6769517342792865e-05,1.3480013172027579e-05,0.00031364667791283177,1.1206704713837877e-07,0.005931533280119001,0.9598509312489613,4.1870834453562384e-06
9,4.689651595164978e-05,1.526170823589381e-05,0.031231803248622913,0.0026048464137000396,2.9412416141144124e-06,0.002684803334933862,1.0852638961446997e-05,5.498715729361502e-08,0.00017979111593713852,1.991754438593477e-05,9.277514443729775e-05,4.237881161350198e-06,1.7008285660438811e-06,7.33679643590457e-08,9.005341517675407e-09,3.2131140110786677e-06,2.6055368813589185e-07,3.615487248167655e-06,2.1855171725726758e-05,1.388037990751017e-05,0.00010655824307355471,2.6225718077081314e-08,0.013969408605752257,0.9489823976917499,2.81955015501913e-06
10,3.556582406445969e-05,1.487665851985405e-05,0.031837697424833604,0.0033015527541562536,1.958885255655812e-06,0.0023221149173250407,8.83019619045035e-06,3.947044234636048e-08,0.00013985174945005592,2.3356115026178047e-05,5.920238347567846e-05,3.7752842852386026e-06,1.43209429807237e-06,6.136803242175707e-08,5.092142098134371e-09,2.753901023226686e-06,1.8734052642842496e-07,2.6988261086957822e-06,1.5043421350945079e-05,1.4594455109728645e-05,0.00010425415130500556,1.7305405058339717e-08,0.015429483549411363,0.9466783646343591,2.2821979031509964e-06
11,3.4792165258727663e-05,1.4424689949185611e-05,0.030815285688297608,0.003247354180700833,1.946419751039435e-06,0.002256396423120112,8.605988886500728e-06,3.890055097032847e-08,0.00013793575100613426,2.2390114594338864e-05,5.860801770567105e-05,3.852235555514438e-06,1.5327032189986844e-06,6.054683716934265e-08,4.993183972344884e-09,2.7276886154063425e-06,1.9308095951246355e-07,2.630911723882533e-06,1.4949772806959587e-05,1.474765182234895e-05,0.0001037868529933459,1.7476303040819925e-08,0.015295510368695628,0.9479599770893504,2.2302881127736915e-06
12,3.916341682456746e-05,1.742717388908667e-05,0.031494673403335165,0.0037467814859146586,2.40203576986066e-06,0.002676694239715457,9.360357645922577e-06,3.855690893029231e-08,0.00014611818541540044,2.7576825635444132e-05,6.199800955038273e-05,3.827498115337791e-06,1.5759934649897265e-06,8.083343141531445e-08,5.39867365397595e-09,2.7658539418047285e-06,2.4550030488212696e-07,3.2388193880682465e-06,1.4599301597034038e-05,1.7323177774972487e-05,0.00011903916507597479,1.9100316406166622e-08,0.019028124462553392,0.9425839519509475,2.9692538096392157e-06
13,2.0800199722258284e-05,1.1449960723953164e-05,0.02520530904587493,0.0041841416427686,1.9735459541519804e-06,0.00184912639239544,1.0162090868772278e-05,6.707294613793318e-08,0.00010377257334150491,1.499043783871811e-05,0.0001474357051344421,5.591511036415479e-06,1.2566295488934963e-06,1.0696226395692511e-07,5.528187755968441e-09,2.328542264486331e-06,2.1318950138316576e-07,2.2339063849798047e-06,1.3529421632065103e-05,1.237216084713541e-05,0.00011112820298914513,2.8282240340653922e-08,0.025019452177112243,0.9432806748196909,1.8499987313871572e-06
14,4.479123204686299e-05,3.6164945072151527e-05,0.023039451571356492,0.003703282904674273,4.268356965526768e-06,0.002496277064717952,1.7599302801872113e-05,5.8430609009596036e-08,0.00013586690422389878,4.102748723325387e-05,0.00010984563337257105,4.36797724917262e-06,1.0803032833546686e-06,1.5244973946960404e-07,7.161386160046486e-09,3.2568983806978e-06,2.056187599991052e-07,2.99448674136972e-06,2.2743582805256247e-05,1.766256188723249e-05,9.269644695798852e-05,2.1883312156417837e-08,0.022637297511709033,0.947585893050931,2.9862337830285596e-06
15,3.556582406445969e-05,1.487665851985405e-05,0.031837697424833604,0.0033015527541562536,1.958885255655812e-06,0.0023221149173250407,8.83019619045035e-06,3.947044234636048e-08,0.00013985174945005592,2.3356115026178047e-05,5.920238347567846e-05,3.7752842852386026e-06,1.43209429807237e-06,6.136803242175707e-08,5.092142098134371e-09,2.753901023226686e-06,1.8734052642842496e-07,2.6988261086957822e-06,1.5043421350945079e-05,1.4594455109728645e-05,0.00010425415130500556,1.7305405058339717e-08,0.015429483549411363,0.9466783646343591,2.2821979031509964e-06
16,3.5811768630135776e-05,1.8577283040983004e-05,0.030871491584748566,0.004076048275746245,2.0155412860079186e-06,0.002134580781088238,1.2083377381884807e-05,5.225705565801994e-08,0.00014918758467026645,3.55076050588683e-05,5.7775536630125524e-05,6.094456048546887e-06,1.7931563477727543e-06,8.361437123707963e-08,6.153801832815097e-09,3.5148777703446777e-06,2.3422169161032097e-07,3.3702517441218427e-06,1.8364439629256365e-05,1.87643640873257e-05,0.00017571705376876614,2.7531906462006694e-08,0.01797908626695705,0.9443968756232646,2.9363932738795006e-06
17,2.99283356711256e-05,1.579461979600583e-05,0.025011832019135823,0.004533447945256491,2.477340866896448e-06,0.0020136029036083645,1.0108398860972173e-05,4.528361533976645e-08,0.00011411563967177982,2.650280332079167e-05,7.586286314858342e-05,5.027128803239671e-06,1.864128951904831e-06,1.0246722815457562e-07,4.9134688633696545e-09,2.6001269681905925e-06,3.25499515979412e-07,3.0267969379701307e-06,1.2604381168267112e-05,2.105398155901169e-05,0.00013230991647853333,2.5725892163482822e-08,0.027598431528836828,0.9403859233066382,2.9819446004355094e-06
18,4.861692729838024e-05,1.9260253115735482e-05,0.03342377683371566,0.004456178072804261,3.2307155341902814e-06,0.0028110429024513564,1.2812474139385323e-05,4.52050103356548e-08,0.00014954833740954182,3.9547823053719396e-05,6.788659975057321e-05,5.3438074014758144e-06,2.3678703918246667e-06,1.205110789643208e-07,6.822174692080452e-09,2.9934926646732572e-06,4.450998949411523e-07,5.22879715524696e-06,1.490937907915186e-05,2.4816515984323804e-05,0.00018010753128223578,2.9211130289148306e-08,0.02638820196813101,0.9323381181548235,5.364694524425803e-06
19,3.32811666107426e-05,1.6357103591190807e-05,0.036949154147980695,0.004108666244006877,1.8876169102128016e-06,0.0018684377109123233,1.2330277715915218e-05,4.872965893735965e-08,0.00015633649928744483,2.6249427488456064e-05,5.71470232123833e-05,5.85676727453974e-06,1.7238514490648822e-06,6.048815369517867e-08,5.691141155752299e-09,3.2808954537303602e-06,1.7824414700876395e-07,2.4859103808544137e-06,1.526457849486469e-05,1.5858196163373112e-05,0.00012646254089720808,2.131248061661814e-08,0.016167799837706578,0.9404286922382175,2.4135006645614576e-06
20,3.650342397319534e-05,1.5698841755912295e-05,0.03576623765168177,0.003780524552728413,1.909354728170156e-06,0.0021887101100861645,1.1126698974184278e-05,6.446981531984368e-08,0.00016149656188289,2.459897114976642e-05,7.919514426582165e-05,5.613323354702341e-06,1.5824803755529227e-06,7.129361116190489e-08,8.316903712295729e-09,3.561490994084094e-06,2.1291195128347268e-07,3.2475055521352e-06,1.9448480180193568e-05,1.5397774983004835e-05,0.00012944209454448296,2.9812091396701305e-08,0.015114362834820871,0.9426384228221717,2.533077424067562e-06
21,3.40405772354258e-05,1.6504567709504037e-05,0.030239610070726803,0.003923660406749003,1.580773633972331e-06,0.0021989179043063176,8.444204474419105e-06,4.701125320670544e-08,0.00015388220627202226,2.626241217416093e-05,5.095096212284131e-05,4.4618223209391e-06,1.4851495058550962e-06,6.869361956722348e-08,4.46400257464484e-09,3.7534676367337983e-06,1.498419624856914e-07,2.6658273389770663e-06,1.5829228435093622e-05,1.5745898045987088e-05,0.0001057752587057471,1.6948140000381405e-08,0.0119432817908486,0.9512510710339344,1.7894788455927884e-06
22,4.2978926652401284e-05,1.17270933608799e-05,0.032339703291401053,0.0028851569186040308,1.8030066195336493e-06,0.0025312438106057738,6.877350248516918e-06,3.6455342803903506e-08,0.0001308775481727604,2.1738119221313297e-05,5.9039034758117e-05,2.888920184830649e-06,1.3858426307173776e-06,5.375405881436449e-08,5.022576499576825e-09,2.436741414405461e-06,2.4387423068695094e-07,3.858420766643123e-06,1.440966113005222e-05,1.347689685445094e-05,0.0001019076086869066,1.931213409092911e-08,0.013468524277454569,0.9483572158695199,2.3922433703281424e-06
23,3.556582406445969e-05,1.487665851985405e-05,0.031837697424833604,0.0033015527541562536,1.958885255655812e-06,0.0023221149173250407,8.83019619045035e-06,3.947044234636048e-08,0.00013985174945005592,2.3356115026178047e-05,5.920238347567846e-05,3.7752842852386026e-06,1.43209429807237e-06,6.136803242175707e-08,5.092142098134371e-09,2.753901023226686e-06,1.8734052642842496e-07,2.6988261086957822e-06,1.5043421350945079e-05,1.4594455109728645e-05,0.00010425415130500556,1.7305405058339717e-08,0.015429483549411363,0.9466783646343591,2.2821979031509964e-06
24,3.4209591330312126e-05,1.7753346210778722e-05,0.025698866832499768,0.004010532749700354,1.8844501247334084e-06,0.0022046473009140134,7.784730952006178e-06,3.86146987992551e-08,0.00012187129553551221,2.6209832819237804e-05,5.683680402702798e-05,3.6703694329548794e-06,1.3902889010091091e-06,8.101198826070214e-08,3.807972692897628e-09,2.68375823616223e-06,2.0105745209551437e-07,2.7165998602378086e-06,1.393028567698583e-05,1.708305086642848e-05,9.410200345385476e-05,1.6322486901777055e-08,0.017126252793400534,0.9505551539879132,2.079113545937154e-06
25,2.2391704231025e-05,1.1978281380577409e-05,0.023272270956591977,0.003962642048431421,1.6912012985862004e-06,0.0018224890611114512,8.509543087345371e-06,6.149735324216542e-08,9.524289584000439e-05,1.823657830205775e-05,9.647138331287532e-05,3.7641717701439954e-06,1.01414040177212e-06,8.346344322171008e-08,3.6218755067792027e-09,2.5979404825839435e-06,1.5106442209337999e-07,2.0656458338653487e-06,1.310752449620032e-05,1.307570554344718e-05,8.010413158535916e-05,1.7049270258547244e-08,0.018337513149827234,0.9522332369313915,1.2803087165601561e-06
26,2.8818763740758852e-05,7.772115095233036e-06,0.02232803792608794,0.0019300484399647278,1.063622297198458e-06,0.0016222196832667787,3.553892129900446e-06,1.635656358537613e-08,8.253547316936462e-05,1.2325715321820118e-05,3.314347061983152e-05,1.6736879712778934e-06,1.0157171163837547e-06,2.5882747569998288e-08,1.7124222487649998e-09,1.307833392489101e-06,1.1913156825082601e-07,1.763166875736055e-06,9.19932754905836e-06,9.30883680756861e-06,5.3808170401120274e-05,7.213066489170017e-09,0.010202785883630723,0.963668388878584,1.0590996098408993e-06
27,3.4137906660327885e-05,1.3844889524590783e-05,0.028959735702602418,0.0031675290254850226,1.7514117030888712e-06,0.0022379172656873097,7.947821158026315e-06,4.1228303784370354e-08,0.00014365180480144476,2.0950066419446245e-05,6.200434272012733e-05,3.881479626016488e-06,1.459189700774129e-06,5.999479308687726e-08,5.3246185287938855e-09,2.876520759895531e-06,1.9834868703440817e-07,2.838436217110499e-06,1.63142403800157e-05,1.3779980491833352e-05,0.00010495002489903585,2.058119323772637e-08,0.013443770058421482,0.951758270292313,2.0640628335218862e-06
28,3.556582406445969e-05,1.487665851985405e-05,0.031837697424833604,0.0033015527541562536,1.958885255655812e-06,0.0023221149173250407,8.83019619045035e-06,3.947044234636048e-08,0.00013985174945005592,2.3356115026178047e-05,5.920238347567846e-05,3.7752842852386026e-06,1.43209429807237e-06,6.136803242175707e-08,5.092142098134371e-09,2.753901023226686e-06,1.8734052642842496e-07,2.6988261086957822e-06,1.5043421350945079e-05,1.4594455109728645e-05,0.00010425415130500556,1.7305405058339717e-08,0.015429483549411363,0.9466783646343591,2.2821979031509964e-06
29,3.556582406445969e-05,1.487665851985405e-05,0.031837697424833604,0.0033015527541562536,1.958885255655812e-06,0.0023221149173250407,8.83019619045035e-06,3.947044234636048e-08,0.00013985174945005592,2.3356115026178047e-05,5.920238347567846e-05,3.7752842852386026e-06,1.43209429807237e-06,6.136803242175707e-08,5.092142098134371e-09,2.753901023226686e-06,1.8734052642842496e-07,2.6988261086957822e-06,1.5043421350945079e-05,1.4594455109728645e-05,0.00010425415130500556,1.7305405058339717e-08,0.015429483549411363,0.9466783646343591,2.2821979031509964e-06
30,3.556582406445969e-05,1.487665851985405e-05,0.031837697424833604,0.0033015527541562536,1.958885255655812e-06,0.0023221149173250407,8.83019619045035e-06,3.947044234636048e-08,0.00013985174945005592,2.3356115026178047e-05,5.920238347567846e-05,3.7752842852386026e-06,1.43209429807237e-06,6.136803242175707e-08,5.092142098134371e-09,2.753901023226686e-06,1.8734052642842496e-07,2.6988261086957822e-06,1.5043421350945079e-05,1.4594455109728645e-05,0.00010425415130500556,1.7305405058339717e-08,0.015429483549411363,0.9466783646343591,2.2821979031509964e-06
31,5.2290209256009055e-05,1.549339645939239e-05,0.04491320262486273,0.003136202044608417,1.8587669796357174e-06,0.0022555186692754495,1.0073018254633272e-05,4.965517392692756e-08,0.0001190438446332858,2.8368968280270647e-05,5.541099755468107e-05,3.4460810889670913e-06,1.3230339283056875e-06,5.887010320820322e-08,4.261452355459794e-09,2.2808548115571034e-06,1.7356639320222094e-07,3.0970567030711488e-06,1.6403114620780497e-05,1.3119872274183182e-05,8.986673779179384e-05,1.4542552130378734e-08,0.015564770839766975,0.9337156136936282,2.3152795466887617e-06
32,3.665203482313606e-05,1.4814379764342705e-05,0.030701311853444692,0.0030418284460240214,1.881603990469961e-06,0.0023012263331086903,8.438313809801672e-06,3.953550243164605e-08,0.00013894477164484164,2.2738708785875276e-05,5.8455760052723634e-05,3.6749855793907167e-06,1.4091175872350808e-06,5.8867004919855746e-08,5.069622543271524e-09,2.7051556362945785e-06,1.8507952681569624e-07,2.7056108487386914e-06,1.640710749878754e-05,1.3770259327003748e-05,0.00010134704995424926,1.7646792252783873e-08,0.014328012775964283,0.9492012133199249,2.1562137815484108e-06
33,1.5157314892078454e-05,8.548415784123665e-06,0.01243431232087917,0.0031653057962648863,1.201056553046939e-06,0.001743419787827774,4.297318518450584e-06,3.706417888511645e-08,5.032004997844364e-05,1.849857358945924e-05,6.589948959531598e-05,2.3424259914503722e-06,1.2587387971879227e-06,7.948305388494474e-08,1.66044374059461e-09,1.97489609732034e-06,2.3953561634590143e-07,1.7295882270902224e-06,1.1762561159001633e-05,1.451826541132476e-05,6.998619445175414e-05,1.6136972363265457e-08,0.0207894614070067,0.9615987106100006,9.213087098644235e-07
34,7.32818711342467e-05,1.3120597136969444e-05,0.03733984030453742,0.0011138587381970635,1.3869247213204559e-06,0.0018689881166181013,5.542080024921943e-06,3.1121992859771366e-08,0.00025261236474788206,7.437867426795664e-06,4.567127113234272e-05,2.9625735689937226e-06,1.3306018564625848e-06,2.0434936520725515e-08,5.16613586523745e-09,1.8501127024453653e-06,9.478658846563071e-08,2.2357039555751088e-06,3.0649174972643576e-05,5.138290913592791e-06,5.4990815722640104e-05,1.1373868268778598e-08,0.003409299181183283,0.9557685552910723,1.0852348530175983e-06
35,8.141564332870757e-05,1.2292304926906728e-05,0.04466854393355786,0.0029083169242716577,1.25215430445294e-06,0.0017113790779948966,9.45021758329598e-06,4.665407890504586e-08,0.00020086842331039974,2.090522643315599e-05,4.0841246638452e-05,4.8587421044697094e-06,1.51829244644214e-06,3.8519986115088225e-08,4.257326577966542e-09,2.1735711487102627e-06,1.7186306988697343e-07,6.2435303334678555e-06,1.7825791418237385e-05,8.287146409002439e-06,0.00011002256452688616,2.115766460371551e-08,0.006953998801923234,0.9432372008274961,2.323127717653424e-06
36,4.798021936303651e-05,1.552981633741196e-05,0.03762832978114358,0.003448093222871469,2.0633957153333255e-06,0.001848193327295561,1.3964440678101581e-05,8.942945210650285e-08,0.00020706663916062043,2.1858342470212873e-05,7.85510593905125e-05,9.062525035531575e-06,2.553359352728006e-06,6.973968470472497e-08,1.0504801270175393e-08,5.255808699087672e-06,2.2585439104022458e-07,3.3531224385605478e-06,2.55798350599447e-05,1.556421137837269e-05,0.0001134596678990042,3.808386653821251e-08,0.011188109836920698,0.9453223690975671,2.628679027362952e-06
37,3.501205500126898e-05,1.0577313095110226e-05,0.02672037928191255,0.002531258749838299,1.0991072342372272e-06,0.0015085621801490244,5.439947400331237e-06,2.2843989043976884e-08,8.424894046729793e-05,1.8841073024895638e-05,3.6394148788276754e-05,2.344670282126989e-06,9.682304027117784e-07,3.439534927013962e-08,2.02541736831804e-09,1.4216549815342588e-06,1.263425435846276e-07,2.2497217396947966e-06,1.0730243051082408e-05,9.900392117250237e-06,6.344381494605115e-05,9.966063975635336e-09,0.01234571936761345,0.9566098355732513,1.3779613401336139e-06
38,5.1319076168654305e-05,1.4262045103959274e-05,0.04135443964391664,0.001972934387980844,2.1843694161439683e-06,0.003192420114037841,9.352951126238635e-06,3.415763612262012e-08,0.0001603566233369655,2.2628183670516615e-05,5.186862124092723e-05,2.7970432420236183e-06,1.3242376894136928e-06,4.445252198556331e-08,6.425774471039932e-09,3.0196990331520893e-06,1.2685317624452767e-07,2.472820219948033e-06,1.979813412569233e-05,1.0430130780261774e-05,7.484507571834158e-05,1.1519172434365626e-08,0.009883992061404966,0.9431670327473914,2.298626114774383e-06
39,3.16145569509318e-05,7.837226330437297e-06,0.04136638617395877,0.002636987236433841,1.4923221937137634e-06,0.0030462947627539114,7.756157178617205e-06,4.364467980982425e-08,0.0001360959630293912,2.1790340752379932e-05,4.7589417726514825e-05,3.2904761495695867e-06,1.8971342626286482e-06,3.8777116419120566e-08,5.192221970721089e-09,3.2927339583927395e-06,2.024860442380193e-07,2.9380909140763415e-06,1.586864164255432e-05,1.2331951113710954e-05,0.00014287955557996297,1.6721770325574046e-08,0.011445796256667256,0.94106552830325,2.025877320770457e-06
40,4.8901211532425506e-05,1.8431460603303603e-05,0.05028170862919411,0.00300590717590076,2.655937917059578e-06,0.0028207399599008477,1.3527209965983535e-05,4.945758883627568e-08,0.0002065894865739275,2.447473685795859e-05,7.091260763338065e-05,5.154451044865624e-06,1.7591645371649874e-06,6.53012832483905e-08,9.591494840255904e-09,3.2881844311660664e-06,1.8536060513137268e-07,2.875814773808903e-06,1.9757773651856765e-05,1.3748983311188455e-05,0.00011873762084404954,2.1383895419963466e-08,0.014825501433779469,0.9285116597078853,3.337354794124385e-06
41,7.54149106812964e-05,2.0272446998321568e-05,0.05529771769157792,0.002633039706630532,4.888147503988082e-06,0.002893113662907638,1.4841187252472892e-05,4.452950616006253e-08,0.00034663689722597206,1.634613562028732e-05,6.467946967874077e-05,4.692090966223721e-06,2.422081990281795e-06,5.098663146357383e-08,1.1625850931288687e-08,4.660073522144502e-06,1.6708949031301615e-07,2.8144143984435577e-06,1.6687747167225633e-05,1.6262851384642295e-05,8.358604479633126e-05,1.2641498825143509e-08,0.009581614036375632,0.928916490834053,3.5326962910613217e-06
42,2.7041028476101764e-05,1.0170469828217198e-05,0.031041374880996547,0.00302835689879403,1.0645400682516239e-06,0.001980965112932828,7.711500158055454e-06,5.956403274691034e-08,0.00012857552411149392,2.293583241657479e-05,5.248804355348903e-05,4.810462592049568e-06,1.6526324707853678e-06,4.3345115194119843e-08,5.529574479713503e-09,4.072230943213695e-06,1.7103780835954562e-07,2.582546401731184e-06,2.1404836750925808e-05,1.3017371705726765e-05,0.00012488499439863632,2.5500252833121034e-08,0.009965817330945696,0.9535592865495108,1.4822361609914085e-06
43,2.9119211371064084e-05,1.3496226139282107e-05,0.030689686261804003,0.0032962043718281374,1.6532359045316e-06,0.0029575303227817326,8.666137701101736e-06,4.622577989561202e-08,0.00010531377504126377,4.7760983864363884e-05,4.7078851811901226e-05,3.204914506587345e-06,1.5909166530211865e-06,7.285086140389482e-08,4.306637247484947e-09,3.3641914698134025e-06,2.5844801354696023e-07,3.546922796220793e-06,1.7669633125916097e-05,1.998130922839263e-05,0.00017880171732604516,2.1885312379521504e-08,0.017751813526038756,0.9448207576032478,2.356170755247506e-06
44,3.556582406445969e-05,1.487665851985405e-05,0.031837697424833604,0.0033015527541562536,1.958885255655812e-06,0.0023221149173250407,8.83019619045035e-06,3.947044234636048e-08,0.00013985174945005592,2.3356115026178047e-05,5.920238347567846e-05,3.7752842852386026e-06,1.43209429807237e-06,6.136803242175707e-08,5.092142098134371e-09,2.753901023226686e-06,1.8734052642842496e-07,2.6988261086957822e-06,1.5043421350945079e-05,1.4594455109728645e-05,0.00010425415130500556,1.7305405058339717e-08,0.015429483549411363,0.9466783646343591,2.2821979031509964e-06
45,3.546303550600684e-05,1.2791819185129337e-05,0.03474404237607692,0.002912749112641374,1.875862372933767e-06,0.0023293964645710987,9.150647741472678e-06,4.757316401475832e-08,0.00015054035286282986,1.9726404103268677e-05,6.579726644228751e-05,3.823683960720374e-06,1.4072206132156366e-06,5.042827010970738e-08,6.480336635504817e-09,3.3426286719870787e-06,1.55947692063763e-07,2.4793934965578513e-06,1.686843362288567e-05,1.2904114661583975e-05,8.885521786525646e-05,1.743083619808644e-08,0.012087896558009327,0.9474986332192394,1.9783280567334745e-06
46,2.713690489744945e-05,1.0316499348989508e-05,0.02459988777715144,0.003469957486156851,1.5031083127602482e-06,0.0022076960586786655,5.749416750649807e-06,3.321947620276237e-08,0.00010115096369248164,1.935334324365429e-05,5.5645368922269985e-05,3.1908077192162502e-06,1.6545813434651312e-06,5.780196077655925e-08,3.7727379993716274e-09,2.3661091519374566e-06,2.723432767355954e-07,2.6907890635361477e-06,1.222037348878261e-05,1.5634586890474783e-05,0.00010491476160030422,1.9317111582626437e-08,0.016940893609552952,0.9524156670753606,1.9839241100639677e-06
47,4.431270765814023e-05,1.347810900664777e-05,0.03205692180580054,0.0026924822297911375,1.591719728241501e-06,0.0016895652406923353,8.311416434058212e-06,3.118730015517965e-08,0.00016163602872376018,2.120630637603477e-05,3.739571866454949e-05,4.997273741966938e-06,2.043891459988199e-06,3.903292083170766e-08,5.17974773945784e-09,3.0987977474298623e-06,1.8698546773189259e-07,2.7400968541056085e-06,1.6123422198121165e-05,1.4247578286930107e-05,0.00011155140396617524,1.9518607267598736e-08,0.010488599475611503,0.952627017762145,2.397111069534712e-06
48,3.086490602390145e-05,1.4399184566922044e-05,0.025252512885658718,0.0027487912776613527,1.5761145041719275e-06,0.002170643183031722,7.091587131529198e-06,3.562526290760274e-08,0.00010888697886245199,2.1991358814665903e-05,5.5864514975982924e-05,3.0435147857178336e-06,1.203184970954469e-06,5.6046342159205296e-08,3.754783348416766e-09,2.280134905176248e-06,1.678309861486704e-07,2.1703876340854053e-06,1.7354998881358653e-05,1.2339428813026681e-05,8.453096415309819e-05,1.5392482489321346e-08,0.01430381993586351,0.9551587104476145,1.6463612899826403e-06
49,3.156832479861863e-05,1.3117791769385292e-05,0.03312662502340134,0.003577670382357727,1.5462889823016976e-06,0.0021996357405671186,7.945668335949415e-06,3.635411412468749e-08,0.00012395502275188347,2.3438613585193083e-05,5.289095014543553e-05,3.866476575576823e-06,1.4344395664253115e-06,5.823847211403625e-08,4.270574364598075e-09,2.475847242534211e-06,1.7701486768638166e-07,2.5901174009095694e-06,1.3074001778799029e-05,1.399168175730246e-05,0.00010732336121091688,1.6821056255068322e-08,0.016041222065959555,0.9446531768356425,2.158667085881337e-06
50,4.779734537152022e-05,2.2314559473667047e-05,0.04161174178563128,0.003877198795241616,3.51765315123535e-06,0.0025985758960955846,2.1959232477156863e-05,7.687267000825788e-08,0.00012264784164599458,5.7848192950390073e-05,7.651170799675234e-05,5.85169361253153e-06,1.8671971771829963e-06,1.1815902466065472e-07,7.637524654846142e-09,3.728682958212611e-06,2.6107720805564947e-07,3.5149340530432916e-06,2.088092156713589e-05,2.2456501500301308e-05,0.00013942495927569889,2.493613458820157e-08,0.029177372082049017,0.9221798983583658,4.4029768439281634e-06
51,5.114471245428287e-05,3.929816946971767e-05,0.031747615068176416,0.006968222199538833,1.4060582815306345e-06,0.0019440664736225834,8.954825891362646e-06,6.316936122771453e-08,0.0001831727340775183,3.0255360117714228e-05,7.226908402576349e-05,6.2737821620435335e-06,1.0407795073945068e-06,1.2354461358626397e-07,5.60375836160642e-09,2.476747825489163e-06,2.1756236718478032e-07,3.9873023209578205e-06,2.2471806605429715e-05,1.5569891410961897e-05,0.00010929139898756805,3.335507886042282e-08,0.015581563581611675,0.9432080612084772,2.415580256333011e-06
52,3.193483747612555e-05,1.6141721487189288e-05,0.031518170443414824,0.0036235237901810816,1.9466347923746365e-06,0.0019438008517894052,9.558882107927403e-06,3.7492649260785054e-08,0.0001344752226475846,2.2653118760714463e-05,5.487817603856362e-05,4.438372208191958e-06,1.523077392848645e-06,5.8889289749278895e-08,4.554484879906146e-09,2.6172944777896965e-06,1.8176646065301226e-07,2.1451623430297504e-06,1.4098661397420408e-05,1.5473538074986e-05,0.00011208917879039562,1.6673995785575005e-08,0.017435964062512483,0.9450520431398354,2.2244573910204636e-06
53,2.971042846086947e-05,1.6188487275720114e-05,0.0374660021396058,0.004131355562353469,3.28834395654466e-06,0.0020818963127645744,2.083472613614824e-05,6.746296456037581e-08,0.00014579464897586958,3.030560254453586e-05,9.352887384057293e-05,6.4246426714581235e-06,1.6953710062064678e-06,8.366733446136374e-08,8.395969170849543e-09,3.834020615510338e-06,1.89206448840896e-07,2.4134132819276246e-06,1.4866953081146214e-05,1.8391149240076508e-05,0.00013080809985290787,2.2725260626743904e-08,0.02469853264784569,0.9311005622715621,3.1948469511647996e-06
54,6.576384317428847e-05,3.097507903007457e-05,0.0431751764371847,0.0038242755306270564,3.4988753599733096e-06,0.0032872052909058225,1.3974455606771046e-05,4.225851322047878e-08,0.00021608773776201593,4.2888105781004554e-05,5.647405914666491e-05,5.033745084383069e-06,1.9002204016689985e-06,9.627860917230176e-08,1.0255264848966439e-08,4.144872122042703e-06,2.3750706890135126e-07,3.772348841130042e-06,1.9850403723784622e-05,2.1897580300461604e-05,0.00012012116609845751,2.1394243900301848e-08,0.018214966994464534,0.9308864241628393,5.161397845980051e-06
55,4.3635292083128515e-05,1.200100618264765e-05,0.032778380889148494,0.002951716689411027,1.1967929505127766e-06,0.0016046860026955468,7.447324789569909e-06,2.7979580196370714e-08,0.0002597825606788908,1.2004216663389057e-05,3.559423190248048e-05,6.1167602755744125e-06,2.0519384383012236e-06,3.1127741110991776e-08,4.581669779516011e-09,2.7958277342082486e-06,1.1895793083057088e-07,2.823611798249411e-06,1.4617750132310432e-05,8.896503204957025e-06,9.844558411090481e-05,1.554389214209998e-08,0.005765116947285153,0.956390711524049,1.7803556513456471e-06
56,3.517747518345082e-05,1.4422742801451282e-05,0.030916475657847747,0.0032301636104925136,1.910758679579886e-06,0.0022706228840861467,8.648932366972613e-06,3.9295378318307494e-08,0.0001385639484087759,2.2786976187653273e-05,5.8291532252728214e-05,3.8836958597560295e-06,1.5238544979720564e-06,6.037746812125777e-08,5.072756741691885e-09,2.7467707285422347e-06,1.9215847557329333e-07,2.6798587989684473e-06,1.5325710770125475e-05,1.4536624997304295e-05,0.0001046403345220476,1.7857897745338996e-08,0.015071260148022075,0.9480837777745468,2.2459469729484064e-06
57,3.5651866145239496e-05,1.5304321550332816e-05,0.031575544727467195,0.0035726505025928707,1.8155828603941737e-06,0.0019042166482046046,1.010331206071261e-05,4.6779669334071994e-08,0.00015834799748659114,2.590745613923152e-05,5.071758480616104e-05,5.9361393595306525e-06,2.1912834675848033e-06,6.030033369616114e-08,5.9030315581626945e-09,3.563812883645487e-06,2.267236180369057e-07,2.8148334281397857e-06,1.748227554031956e-05,1.7813641025486964e-05,0.0001286850200839591,2.5150136696529904e-08,0.014671336544134954,0.9477970348215446,2.5167724290493804e-06
58,3.1258247462236335e-05,1.153470291023209e-05,0.027555997579083363,0.0027541685646390703,1.5222389978584045e-06,0.0019978663712875064,7.03585314536435e-06,3.3017908414553656e-08,0.00011870698242936954,1.828584934600744e-05,5.236955260598578e-05,3.2607408641468916e-06,1.2995698252538737e-06,4.65703928621591e-08,3.867937300612654e-09,2.3330621295838686e-06,1.496732764718721e-07,2.2620377453396925e-06,1.3844396347668156e-05,1.1679020891461376e-05,8.479408565342507e-05,1.4122503608175149e-08,0.012659764300468753,0.9546700901756291,1.679416519541816e-06
59,0.00025979528877848187,0.00036525350494287783,0.11998096982016838,0.03629725365344717,6.48259842775654e-05,0.020045671073793712,0.00024206692489373098,8.485297075573984e-07,0.0012513381177166945,0.0005314590547526575,0.0004787757298029436,4.183076828907291e-05,9.071768418609194e-06,5.231900356413287e-06,3.2858393584440246e-07,3.1334464661204514e-05,6.987364475675737e-06,5.93134745118501e-05,7.185636922941443e-05,0.00018724990762265114,0.0013625995937524538,5.866302148219112e-07,0.15043265585634433,0.668087037685623,0.0001856579502827889
60,3.556582406445969e-05,1.487665851985405e-05,0.031837697424833604,0.0033015527541562536,1.958885255655812e-06,0.0023221149173250407,8.83019619045035e-06,3.947044234636048e-08,0.00013985174945005592,2.3356115026178047e-05,5.920238347567846e-05,3.7752842852386026e-06,1.43209429807237e-06,6.136803242175707e-08,5.092142098134371e-09,2.753901023226686e-06,1.8734052642842496e-07,2.6988261086957822e-06,1.5043421350945079e-05,1.4594455109728645e-05,0.00010425415130500556,1.7305405058339717e-08,0.015429483549411363,0.9466783646343591,2.2821979031509964e-06
61,0.00016251207472669534,0.0032048149464527034,0.0504600487773218,0.27306166734434256,0.00045321042810072073,0.05804519161599078,0.0012597938692445463,6.330027515795322e-06,0.002741613738307746,0.004602519357385959,0.001150116292893723,0.00013227401760332541,4.891533882097315e-06,0.0006450719768549312,1.1199040114533447e-05,0.00020509457056265383,0.00011215018213694207,0.0003774030659890998,4.622995066370858e-05,0.0010460751093969896,0.006549914262429288,1.2115396627003645e-05,0.5524961071347131,0.03530165879424461,0.007911996492498834
62,3.556582406445969e-05,1.487665851985405e-05,0.031837697424833604,0.0033015527541562536,1.958885255655812e-06,0.0023221149173250407,8.83019619045035e-06,3.947044234636048e-08,0.00013985174945005592,2.3356115026178047e-05,5.920238347567846e-05,3.7752842852386026e-06,1.43209429807237e-06,6.136803242175707e-08,5.092142098134371e-09,2.753901023226686e-06,1.8734052642842496e-07,2.6988261086957822e-06,1.5043421350945079e-05,1.4594455109728645e-05,0.00010425415130500556,1.7305405058339717e-08,0.015429483549411363,0.9466783646343591,2.2821979031509964e-06
63,3.743018525197249e-05,1.6864873646675264e-05,0.03194188473340922,0.003380986769922443,2.037118985311603e-06,0.00231002878493368,8.963584114986094e-06,3.9026959253288374e-08,0.00014288386780618442,2.4331182116509015e-05,5.847005318606973e-05,3.8791449759485465e-06,1.4462976227787488e-06,6.451773016287501e-08,5.169927813918606e-09,2.7231224835841395e-06,1.9194964931676583e-07,2.6614321505481125e-06,1.569507118693484e-05,1.5216684782071601e-05,0.00010582295318951474,1.7466384119620202e-08,0.01584217884118069,0.9460838120235494,2.365144854865104e-06
64,3.383904456865642e-05,1.4771412897533687e-05,0.031900192437551905,0.003398847216289091,1.8913261490667723e-06,0.0023738210538275704,8.79728247463004e-06,3.812098487010093e-08,0.0001382029501240293,2.5634201798755117e-05,5.4501022401514975e-05,3.994345767109495e-06,1.596977709538232e-06,6.371670505293799e-08,4.960987108814487e-09,2.7648651301244536e-06,2.052814216348346e-07,2.8141594783928525e-06,1.494224367515203e-05,1.5775079961864293e-05,0.00012719784597895622,1.8399009331470817e-08,0.016030514458903623,0.9458471563361038,2.4152601007769525e-06
65,3.53099016830273e-05,1.8339266066040973e-05,0.038641426663815856,0.004401703173850959,2.410629761532867e-06,0.0028073634265092288,1.2579388437573464e-05,5.483154275844707e-08,0.00011892338352220768,4.367321853680607e-05,6.419599363514299e-05,4.100644262723003e-06,1.4735304544241334e-06,9.302915051250266e-08,5.850536069037222e-09,3.1755234973457346e-06,2.3525055614477423e-07,3.198122624813066e-06,1.5315591161265778e-05,2.1341399284679516e-05,0.00014496762723106057,1.9951976702061383e-08,0.025095018822132352,0.928561848259791,3.2265199798841255e-06
66,3.3656301183736626e-05,1.2188640217253829e-05,0.031164492769552212,0.0027694263363801483,1.8623741935745687e-06,0.0022779875178836908,7.664061579562821e-06,3.22351066276413e-08,0.00012280046981652502,2.2666138568041393e-05,4.991227604126258e-05,3.0577178322187444e-06,1.4370176655334181e-06,4.871839687555596e-08,4.301837983660355e-09,2.465120164548632e-06,1.8131382673574453e-07,2.5441676846005186e-06,1.3351173503717036e-05,1.4642954382566731e-05,0.00010247789896357596,1.4208013857734997e-08,0.014803996598054776,0.9485909655689139,2.12412023659639e-06
67,1.646966509583037e-05,7.384893372068386e-06,0.020246482877428196,0.00421756001475058,1.2875485608604075e-06,0.002947834955268215,3.7456934375675305e-06,2.1813977114161792e-08,6.0074769056255454e-05,2.222344072710957e-05,4.6484995053784396e-05,1.9633385706872015e-06,1.5082197191893295e-06,7.863105488619809e-08,1.873704116513002e-09,1.9056184637011076e-06,2.4515494374112967e-07,2.2344077115245784e-06,6.5341934633823834e-06,2.0180932828088187e-05,9.917021248246684e-05,9.590644530687483e-09,0.025112041981789162,0.9471827992840467,1.7558938503845378e-06
68,3.164882557954851e-05,1.2424069033221398e-05,0.033735488495893404,0.0036302865698865,1.284854919444826e-06,0.0019657257482858315,7.3179729384878435e-06,3.4084577100551445e-08,0.00011781315063435077,2.2521292567886323e-05,4.637254919580942e-05,3.555525315234998e-06,1.1948882607040775e-06,5.120971169495931e-08,3.10357597874057e-09,2.1147960369078894e-06,1.4709613889463284e-07,2.537656070472504e-06,1.1923860079597482e-05,1.2037385586149925e-05,0.00010533927508895147,1.4076186841445793e-08,0.014959439344826388,0.9453289259199993,1.7982496113831986e-06
69,1.951888631092896e-05,9.659291943641115e-06,0.024537334126740598,0.0029355712305625353,1.355742790498254e-06,0.0017469848606624751,6.3304113368014524e-06,3.4133576734426445e-08,7.788602959795349e-05,1.6515325345451118e-05,5.9238811548118127e-05,2.829065024550482e-06,1.0184329445540027e-06,4.669262441099521e-08,2.847602196371827e-09,2.0804186438098283e-06,1.2241408396256928e-07,1.4504050069417982e-06,1.1019100495022305e-05,1.2605024243232463e-05,8.441235591698125e-05,1.0588037911719448e-08,0.01622498044942796,0.9542478009875284,1.19236800420083e-06
70,9.35192399419629e-05,2.0755036291174564e-05,0.07464943592871437,0.007385625809733975,3.3755299071630296e-06,0.0029396604700298095,1.6270724031189026e-05,9.405102326888527e-08,0.0002399620890802027,4.075485110008521e-05,6.567504882395522e-05,7.624599356630859e-06,3.5093162099231103e-06,1.3064843982608023e-07,9.015538278750362e-09,6.068618853874008e-06,4.165690432920054e-07,7.389882803218093e-06,1.2838781323662473e-05,3.5424712643034894e-05,0.00012421152799563332,2.6097047969158912e-08,0.017003240566008902,0.8973378682998913,6.112586167405285e-06
