,0,1,2,3,4,5,6,7,8,9,10,11,12,13,14,15,16,17,18,19,20,21,22,23,24
0,4.507713757807186e-06,1.0746480927291462e-05,0.029888812937440164,1.2022825298450072e-06,3.390104605714453e-06,3.308058811021563e-13,2.6298865226982415e-06,6.9586117297073016e-06,1.314751738241617e-08,9.79757410405522e-09,4.9412312082766904e-08,6.262213651110439e-07,8.778182202260152e-06,2.697531576853998e-08,1.2442211074080176e-09,2.472751077037985e-11,2.7014006168007425e-05,9.75047769904358e-07,6.859350906306169e-11,3.944266903552793e-09,3.394734206769453e-09,3.2870709407786433e-09,3.0903962389189484e-09,0.9700436268165357,6.17321385049051e-07
1,5.019891819023276e-06,1.1914004522806691e-05,0.034132426239430656,1.3823106332825802e-06,3.8103387158784156e-06,4.1510467520896523e-13,3.1032060557517805e-06,8.16545670440851e-06,1.7090283032974033e-08,1.250963847740513e-08,5.399265432038562e-08,6.924034398872781e-07,9.34739123115338e-06,3.187307827454465e-08,1.4971215279985435e-09,3.39579783207202e-11,2.7544318688516876e-05,9.952836556217742e-07,9.118190011173795e-11,4.7945835004283394e-09,4.187927429659164e-09,3.7080755113052186e-09,3.3817946112815995e-09,0.9657947240756469,7.419187442897918e-07
2,5.041357412011007e-06,1.1976748699445804e-05,0.027777298945665062,1.3407516534076276e-06,3.575618612409548e-06,4.0190417890000096e-13,2.916342032330531e-06,7.654372287044315e-06,1.2976508907914165e-08,1.1119016296639564e-08,5.296182481342478e-08,7.30829905980321e-07,9.07336069120038e-06,3.213588503715443e-08,1.5841086489862217e-09,3.172731583191623e-11,3.175900214350739e-05,1.1119648071277953e-06,8.013751010075272e-11,4.60591473715635e-09,4.120879477717008e-09,4.386544074005286e-09,4.341366849122404e-09,0.972146647297702,7.450640726862147e-07
3,4.430499583017575e-06,1.1035365858116577e-05,0.02809064978555668,1.2234049890524705e-06,3.3207412589437253e-06,3.128163864659594e-13,2.5299698827053075e-06,6.907625934468772e-06,1.2079307545935335e-08,9.887278513166684e-09,4.669152787388163e-08,6.261492577340288e-07,8.649892415382513e-06,2.6877155549890593e-08,1.2211608622445098e-09,2.400001987110784e-11,2.8040017626006912e-05,9.962905344120776e-07,6.689490935790917e-11,3.861248834914321e-09,3.481486536593275e-09,3.390332678132456e-09,3.173400243375542e-09,0.9718408460701432,6.334328540263669e-07
4,4.489930160812277e-06,1.1255495260550185e-05,0.028931161967660584,1.2607405667199772e-06,3.502416735258936e-06,3.272886908296862e-13,2.589078431194384e-06,6.913773038592375e-06,1.2490121023721201e-08,1.0030728989438239e-08,4.7776563574850663e-08,6.376899766899142e-07,9.244180142293875e-06,2.8785655013467804e-08,1.2372055831209788e-09,2.4358454273799988e-11,2.8005051935994266e-05,1.0048665317621837e-06,6.902294487265121e-11,3.9201648888584414e-09,3.471492749752997e-09,3.420407408353684e-09,3.2502526466774926e-09,0.9709991905246536,6.29808605497408e-07
5,4.007098101320928e-06,1.0460505546148512e-05,0.02554472621469275,1.2395247738946389e-06,3.182764076327016e-06,2.7869205147629845e-13,2.2900032233441898e-06,6.774167335955794e-06,1.0523159597117743e-08,9.666343728482656e-09,4.22292015706163e-08,5.737930718962915e-07,8.333137191432315e-06,2.451512749230687e-08,1.0625321098796865e-09,2.151770105704524e-11,2.7572934504060157e-05,1.0006138550886002e-06,5.939237034485947e-11,3.6531912874929384e-09,3.3204769962967004e-09,3.126635725231923e-09,3.084962047040383e-09,0.9743891474346322,5.905461764714048e-07
6,4.430499583017575e-06,1.1035365858116577e-05,0.02809064978555668,1.2234049890524705e-06,3.3207412589437253e-06,3.128163864659594e-13,2.5299698827053075e-06,6.907625934468772e-06,1.2079307545935335e-08,9.887278513166684e-09,4.669152787388163e-08,6.261492577340288e-07,8.649892415382513e-06,2.6877155549890593e-08,1.2211608622445098e-09,2.400001987110784e-11,2.8040017626006912e-05,9.962905344120776e-07,6.689490935790917e-11,3.861248834914321e-09,3.481486536593275e-09,3.390332678132456e-09,3.173400243375542e-09,0.9718408460701432,6.334328540263669e-07
7,4.081838767961372e-06,1.0987678564402081e-05,0.02804367354910642,1.0274571778800595e-06,2.5437814954550405e-06,2.3222593622752156e-13,2.5641682128265625e-06,6.1315375164444126e-06,1.2220017738464805e-08,7.824770209321813e-09,4.847084438815705e-08,5.328703538036705e-07,9.692980875556804e-06,2.1189909420941418e-08,9.549354580651783e-10,1.5514289399260912e-11,2.3790722513695636e-05,9.063882175987298e-07,5.410415725485688e-11,3.6436609298336333e-09,2.47607325981181e-09,2.704938830104305e-09,2.1407349571554327e-09,0.9718934706707939,4.946606677972822e-07
8,5.978611349351286e-06,1.4505664082516912e-05,0.03795849304503391,1.1605583149005692e-06,5.162473978886815e-06,5.828248929319708e-13,2.706451575471747e-06,8.093655431613789e-06,2.1479029512228437e-08,1.0424864219170593e-08,9.998645008520741e-08,1.134356307796545e-06,1.103822923523573e-05,3.406752221723621e-08,2.043804469470847e-09,2.6931848807367693e-11,3.925630657103037e-05,1.3570192594230463e-06,1.0900570580242589e-10,4.616306576572159e-09,4.768197241899172e-09,5.7330325251660035e-09,3.3033524164577506e-09,0.9619502741924932,6.528772869962747e-07
9,1.0767833997530269e-05,1.8632842892753184e-05,0.03783327311285562,1.8315857339452106e-06,9.170097037909765e-06,1.748920708558091e-12,3.846170223216608e-06,1.5111729609642857e-05,2.729551113548239e-08,2.1843201552394628e-08,1.6488206147177434e-07,2.693718192871966e-06,1.1111769134254356e-05,6.482558528193643e-08,4.8481107768809475e-09,8.874805544546063e-11,8.121001197504374e-05,2.618287997020139e-06,2.653471379215029e-10,8.404363213310847e-09,1.3338314553522757e-08,1.9307113408233526e-08,1.0056817875375593e-08,0.9620082729489462,1.1247344804244916e-06
10,4.430499583017575e-06,1.1035365858116577e-05,0.02809064978555668,1.2234049890524705e-06,3.3207412589437253e-06,3.128163864659594e-13,2.5299698827053075e-06,6.907625934468772e-06,1.2079307545935335e-08,9.887278513166684e-09,4.669152787388163e-08,6.261492577340288e-07,8.649892415382513e-06,2.6877155549890593e-08,1.2211608622445098e-09,2.400001987110784e-11,2.8040017626006912e-05,9.962905344120776e-07,6.689490935790917e-11,3.861248834914321e-09,3.481486536593275e-09,3.390332678132456e-09,3.173400243375542e-09,0.9718408460701432,6.334328540263669e-07
11,4.4100848256742525e-06,1.1074921760665015e-05,0.027687706355573723,1.2256189688079565e-06,3.2777783020674006e-06,3.1053708219334394e-13,2.531233354144027e-06,6.911035948236945e-06,1.1993897831085891e-08,9.852111235310906e-09,4.675781141580304e-08,6.233832541944481e-07,8.867112662020475e-06,2.676507507986389e-08,1.1977697871236666e-09,2.351138454937494e-11,2.807630690917922e-05,1.0116418867108723e-06,6.621896814974543e-11,3.902886211574002e-09,3.4241352279190938e-09,3.3932479215257262e-09,3.1657774092230475e-09,0.9722435511643224,6.228194793040362e-07
12,4.412126746440677e-06,1.1006213557310239e-05,0.026121361888935796,1.215192917685534e-06,3.4377483675654347e-06,3.1217736664583466e-13,2.3506133566660853e-06,6.631545001799517e-06,1.0432516618467601e-08,9.768143339287499e-09,4.418720401683422e-08,6.398374095618104e-07,8.47354497303891e-06,2.7858828306041427e-08,1.196035315632197e-09,2.4037772360913582e-11,2.987693092874743e-05,1.051550902940513e-06,6.379317409840813e-11,3.6422987712781444e-09,3.5395724048338925e-09,3.585700343767966e-09,3.497264015071399e-09,0.9738088110885669,6.239226295029893e-07
13,5.288539280580732e-06,1.2222930939381914e-05,0.037058080295893935,1.2639294276179366e-06,3.72520916935271e-06,3.374606222316597e-13,2.726320596857725e-06,7.757286591142227e-06,1.5996006571160247e-08,8.14568764356268e-09,7.250996371014908e-08,9.443508041527283e-07,1.020287984804333e-05,3.1746014134701515e-08,1.5874385170291104e-09,2.190943531829752e-11,3.5766633009116434e-05,1.0699191907981279e-06,8.040568999423989e-11,4.580874644972866e-09,3.943079242385304e-09,4.172769526383405e-09,3.066148852776766e-09,0.9628601200472182,6.858073955069761e-07
14,3.5866439259268346e-06,1.2300945943799857e-05,0.02428806784853359,1.1266237094014422e-06,3.2556117608536996e-06,2.8068449991903697e-13,2.1717370072437744e-06,6.588210995668356e-06,1.1722727279703824e-08,1.0904795656631261e-08,4.2906508029684386e-08,4.5918467081264596e-07,8.2667801060942e-06,2.198883669762627e-08,1.0473520445092528e-09,2.020103464621313e-11,2.4742120325047724e-05,9.151923655819182e-07,6.380003155672019e-11,3.315756151936175e-09,3.2619884952357418e-09,2.9042988433647182e-09,2.549068613060471e-09,0.975647889686614,5.28728428203555e-07
15,4.430499583017575e-06,1.1035365858116577e-05,0.02809064978555668,1.2234049890524705e-06,3.3207412589437253e-06,3.128163864659594e-13,2.5299698827053075e-06,6.907625934468772e-06,1.2079307545935335e-08,9.887278513166684e-09,4.669152787388163e-08,6.261492577340288e-07,8.649892415382513e-06,2.6877155549890593e-08,1.2211608622445098e-09,2.400001987110784e-11,2.8040017626006912e-05,9.962905344120776e-07,6.689490935790917e-11,3.861248834914321e-09,3.481486536593275e-09,3.390332678132456e-09,3.173400243375542e-09,0.9718408460701432,6.334328540263669e-07
16,4.705128813671359e-06,1.1336820758252315e-05,0.02538428397453021,1.306474998645923e-06,3.0481976849854216e-06,3.4300668521855653e-13,2.6560506200955854e-06,7.655703515329829e-06,1.160779303858553e-08,1.2247414902101145e-08,4.633566131891015e-08,6.469237319244566e-07,8.00062335005746e-06,2.609362059494202e-08,1.1792476934470133e-09,2.8180546394028078e-11,2.9454403719367862e-05,1.2022698915351826e-06,6.992865486302373e-11,4.355851785584687e-09,4.338825573630427e-09,3.918110213341401e-09,3.3593302971630285e-09,0.9745449243047714,6.655893070109011e-07
17,4.385328643501471e-06,1.0885566334932152e-05,0.027432326840568174,1.4084920887395346e-06,3.3142958889257863e-06,2.9791798954036185e-13,2.4637321125003816e-06,6.963389049483065e-06,1.0538750367510652e-08,1.0074613351259258e-08,4.2018564533123146e-08,6.557190042432519e-07,9.154151293507173e-06,2.980056555415962e-08,1.0774492259992263e-09,2.345020502745581e-11,2.8803643167878685e-05,1.115217862109373e-06,6.078352941916545e-11,4.152251519841887e-09,3.5177210155130867e-09,3.5509386858890963e-09,3.524882561413406e-09,0.9724977479575287,6.673261885495444e-07
18,4.511907038512295e-06,1.0385421366361544e-05,0.022031593859838147,1.0177963162181838e-06,2.4223275250065987e-06,2.072766128615801e-13,2.185777205056067e-06,5.9726993433546055e-06,7.859829720962855e-09,8.089487360663921e-09,3.502215059291257e-08,6.188823049263814e-07,7.896952600985558e-06,2.2264997441401383e-08,9.196941184926854e-10,1.7676708635162805e-11,3.076004327419471e-05,1.0797739750941138e-06,5.0921466118773245e-11,3.2054976144589916e-09,2.925842859209529e-09,3.5070817344960694e-09,2.77005529648598e-09,0.9779008850291818,5.828965882127737e-07
19,4.473728549447597e-06,1.09597344878107e-05,0.03283909293626399,1.2604346374171995e-06,3.701485783065543e-06,3.25207594313908e-13,2.5272108010237858e-06,6.914411077704334e-06,1.3688352139765488e-08,9.519060563539356e-09,5.0686575947927134e-08,6.798040236857061e-07,9.436746160418506e-06,2.9132705411275893e-08,1.232324512751357e-09,2.2954630505830043e-11,2.8159515768034922e-05,9.660820110879335e-07,6.851572657308124e-11,3.873285532526199e-09,3.406092573582957e-09,3.2135590196355202e-09,2.953786077619243e-09,0.9670910859072924,6.242056064080654e-07
20,4.518875989680795e-06,1.1450963996375218e-05,0.025757454909797903,1.2131705152561268e-06,3.417792463496615e-06,3.018863286326846e-13,2.434661199158829e-06,7.897697284072856e-06,1.1790319926072767e-08,9.949746299971087e-09,4.7183513817579925e-08,6.603603695097292e-07,8.154812669702444e-06,2.6584672672801153e-08,1.3232456762891372e-09,2.3667384498279868e-11,3.242331289357185e-05,1.0228626504565785e-06,7.47777048602744e-11,3.79113455790112e-09,3.861433721143438e-09,4.048970982146676e-09,3.3694659279733093e-09,0.9741686139861446,6.245927758095238e-07
21,5.0181211984312985e-06,1.088819586454158e-05,0.03091137454676466,1.408154069236795e-06,3.3075709494536906e-06,3.7679107632611786e-13,3.0545294133658026e-06,7.253126451787092e-06,1.2849862649076912e-08,1.1553494206492049e-08,4.910918795852744e-08,7.293075190372923e-07,9.544839528182655e-06,3.1893480210810705e-08,1.2688772053442923e-09,3.181477196904802e-11,2.722948579245892e-05,1.1103753374220801e-06,7.053648504532482e-11,4.846699709505108e-09,3.863822313171788e-09,3.617780496339872e-09,3.749172902765153e-09,0.9690182314105215,7.274814839996607e-07
22,4.5921256767913465e-06,1.0659197611395859e-05,0.0295035052304047,1.2090894439054915e-06,3.2518892416850773e-06,3.3825879475769423e-13,2.553060500430354e-06,7.091366480909379e-06,1.1988537349182217e-08,9.900019744098802e-09,5.176180648578371e-08,6.709711606016898e-07,8.303703625349718e-06,2.6745059236132253e-08,1.1768771206428332e-09,2.5431947368533377e-11,2.9647351446403883e-05,1.139537113475902e-06,6.561248053592137e-11,4.2574238740991825e-09,3.805029148627801e-09,3.64477582826653e-09,3.2068915524769973e-09,0.9704266575220365,6.023774547469372e-07
23,4.430499583017575e-06,1.1035365858116577e-05,0.02809064978555668,1.2234049890524705e-06,3.3207412589437253e-06,3.128163864659594e-13,2.5299698827053075e-06,6.907625934468772e-06,1.2079307545935335e-08,9.887278513166684e-09,4.669152787388163e-08,6.261492577340288e-07,8.649892415382513e-06,2.6877155549890593e-08,1.2211608622445098e-09,2.400001987110784e-11,2.8040017626006912e-05,9.962905344120776e-07,6.689490935790917e-11,3.861248834914321e-09,3.481486536593275e-09,3.390332678132456e-09,3.173400243375542e-09,0.9718408460701432,6.334328540263669e-07
24,4.182706928552972e-06,1.1926393391820947e-05,0.027829794605580622,1.3877464536213354e-06,3.581736253396562e-06,3.143152455491112e-13,2.439011761269782e-06,6.860930737511925e-06,1.1384959022606404e-08,1.093773066434428e-08,4.337168272107977e-08,6.095302589089084e-07,9.393570313354093e-06,2.991043571921152e-08,1.1406539937791283e-09,2.4126727485167087e-11,2.796165386909667e-05,1.0416602691022078e-06,6.606235362733624e-11,3.967808801987927e-09,3.5888968612408002e-09,3.391022968306107e-09,3.3544633412890915e-09,0.9721000550750414,6.542409838207232e-07
25,3.858556238557142e-06,9.326027474361152e-06,0.02551199373028797,1.1867950263058994e-06,2.712928830075428e-06,2.2276756728135428e-13,2.4553368787665235e-06,7.74986916417707e-06,1.0175470074261097e-08,8.404720068605998e-09,4.6358024928115896e-08,6.048476267647208e-07,8.665797813939835e-06,2.1142955132768962e-08,9.484771409407392e-10,1.900309450021514e-11,2.891843899119808e-05,9.556820968317555e-07,5.893098145959419e-11,4.043756008556882e-09,3.1099683837219418e-09,3.015624747556524e-09,2.7331596702678784e-09,0.974420986439152,4.855401059390348e-07
26,4.5319775001522805e-06,1.1378787093007444e-05,0.02907221363690747,1.274799630505336e-06,3.484163225881599e-06,3.358744333576461e-13,2.6161664113444822e-06,7.107758872406378e-06,1.2705577437053647e-08,1.0390198055702448e-08,4.855488903395057e-08,6.508352031507158e-07,8.783157188012124e-06,2.8562963547854793e-08,1.3017022754291407e-09,2.5913140160489706e-11,2.84348636229043e-05,1.0074437744494321e-06,7.100066109517297e-11,4.037459858730573e-09,3.692330546604721e-09,3.529030986420305e-09,3.336986850092894e-09,0.9708577333623899,6.668397927711946e-07
27,5.109460052611827e-06,1.2127952662082829e-05,0.029365546917210855,1.2658062553159562e-06,3.4545968156302144e-06,4.054735804962884e-13,2.8714333910101494e-06,7.686881458998362e-06,1.527706215866953e-08,1.1479061240790964e-08,5.198079239429007e-08,6.722670771759045e-07,8.472049021723199e-06,2.9345923581264504e-08,1.5478080160771703e-09,3.0097119475529606e-11,2.8808740014548255e-05,1.0714342245808017e-06,8.078633138295454e-11,4.431970334903796e-09,4.013008075056429e-09,4.102361021028547e-09,3.561693956546991e-09,0.9705620226810604,7.639297854281429e-07
28,4.430499583017575e-06,1.1035365858116577e-05,0.02809064978555668,1.2234049890524705e-06,3.3207412589437253e-06,3.128163864659594e-13,2.5299698827053075e-06,6.907625934468772e-06,1.2079307545935335e-08,9.887278513166684e-09,4.669152787388163e-08,6.261492577340288e-07,8.649892415382513e-06,2.6877155549890593e-08,1.2211608622445098e-09,2.400001987110784e-11,2.8040017626006912e-05,9.962905344120776e-07,6.689490935790917e-11,3.861248834914321e-09,3.481486536593275e-09,3.390332678132456e-09,3.173400243375542e-09,0.9718408460701432,6.334328540263669e-07
29,4.430499583017575e-06,1.1035365858116577e-05,0.02809064978555668,1.2234049890524705e-06,3.3207412589437253e-06,3.128163864659594e-13,2.5299698827053075e-06,6.907625934468772e-06,1.2079307545935335e-08,9.887278513166684e-09,4.669152787388163e-08,6.261492577340288e-07,8.649892415382513e-06,2.6877155549890593e-08,1.2211608622445098e-09,2.400001987110784e-11,2.8040017626006912e-05,9.962905344120776e-07,6.689490935790917e-11,3.861248834914321e-09,3.481486536593275e-09,3.390332678132456e-09,3.173400243375542e-09,0.9718408460701432,6.334328540263669e-07
30,4.430499583017575e-06,1.1035365858116577e-05,0.02809064978555668,1.2234049890524705e-06,3.3207412589437253e-06,3.128163864659594e-13,2.5299698827053075e-06,6.907625934468772e-06,1.2079307545935335e-08,9.887278513166684e-09,4.669152787388163e-08,6.261492577340288e-07,8.649892415382513e-06,2.6877155549890593e-08,1.2211608622445098e-09,2.400001987110784e-11,2.8040017626006912e-05,9.962905344120776e-07,6.689490935790917e-11,3.861248834914321e-09,3.481486536593275e-09,3.390332678132456e-09,3.173400243375542e-09,0.9718408460701432,6.334328540263669e-07
31,3.83095851908499e-06,1.0434287467470564e-05,0.02599498940415559,1.158743112438316e-06,3.045642326082117e-06,2.1045351318996659e-13,2.079877446238261e-06,6.6429320491397546e-06,9.47856473186379e-09,8.764354782244507e-09,3.4580542596174475e-08,5.26065434080259e-07,8.470818752133988e-06,2.3602411116966132e-08,8.522667611906854e-10,1.7581737189654006e-11,2.5690440776079782e-05,8.96607371693836e-07,5.560883625340001e-11,3.2654075612706765e-09,2.78814598221508e-09,2.7696508778639087e-09,2.4490330199544414e-09,0.9739416070647586,5.385340528900885e-07
32,4.627228410059637e-06,1.143695556941575e-05,0.02896221789621837,1.253663118801446e-06,3.4697048001736448e-06,3.30928398834957e-13,2.611674720445647e-06,7.229763002064075e-06,1.2889507065329663e-08,1.0279054338967936e-08,4.854113915378055e-08,6.546123419085e-07,8.829281949567278e-06,2.831356960164276e-08,1.3003465631688267e-09,2.5454013931734455e-11,2.9046744218097145e-05,1.0119136280305306e-06,7.308612084266494e-11,4.004323113658816e-09,3.6726943118331266e-09,3.6044745366551976e-09,3.257104329067187e-09,0.9709668357552911,6.588456478247504e-07
33,4.1943031333830995e-06,1.2311940485019659e-05,0.019920434727897934,1.0622195336730939e-06,3.335106690211158e-06,2.323185729484942e-13,1.9599141377582893e-06,6.566914253775765e-06,7.384954009646918e-09,8.831851882183296e-09,3.6742924087127936e-08,5.748463764634253e-07,8.762679525424164e-06,2.6677773348332088e-08,1.0095039397897065e-09,1.8514863902348375e-11,3.4913225689717345e-05,1.067004293871169e-06,6.246172751939055e-11,2.945144692412402e-09,3.053534623189952e-09,4.220277081588163e-09,3.4169128559265882e-09,0.9800042340629967,4.886909007859923e-07
34,6.593437820062143e-06,1.3713717632390369e-05,0.041860706120997196,1.2628470673692091e-06,3.97802155573331e-06,5.05212798241213e-13,3.5822824615694363e-06,8.349880626662623e-06,2.9153186619786633e-08,1.2449522025406972e-08,6.361985319995267e-08,7.425366853667644e-07,1.0020582422613124e-05,3.4343604555434145e-08,1.960615683951901e-09,3.268301926011342e-11,2.5456474816900395e-05,9.703603841595595e-07,1.1776859482981937e-10,4.634926096186025e-09,4.271412964778327e-09,4.001224004896558e-09,2.6025639200335747e-09,0.9580635795888242,8.86960839956246e-07
35,5.109600483460234e-06,1.0540914531672956e-05,0.023074210168897963,1.0940269994161666e-06,2.3124976921950175e-06,2.391693643393629e-13,2.356097582337438e-06,7.973256321784352e-06,1.2002103824534709e-08,1.0090347345973512e-08,3.8372440700802465e-08,6.182983924994594e-07,7.726298192434002e-06,1.9341303608574903e-08,9.441988995542844e-10,1.9064072000596085e-11,3.0239023319512435e-05,1.1971387025979732e-06,6.565713274944698e-11,3.848209383060317e-09,3.4033514757781275e-09,3.693007098249054e-09,2.2302730338192017e-09,0.9768558877350417,6.409336469349757e-07
36,4.88972436936287e-06,1.1047418210012202e-05,0.028791865222208432,1.1784031117126556e-06,3.7797286679196155e-06,2.415562486496199e-13,2.215444067205882e-06,7.461777581248974e-06,1.1245884517987161e-08,8.484434813580047e-09,4.221267974791372e-08,8.170881861396195e-07,9.865917073839533e-06,2.9352493908179933e-08,1.2698044128762272e-09,2.0959770228039197e-11,3.797131523917772e-05,8.930397555603048e-07,8.000212820021901e-11,3.2653541012386217e-09,3.35355619397076e-09,3.6107684911658937e-09,2.9145410438517945e-09,0.9711272600015756,6.491092331707105e-07
37,4.844748197435866e-06,1.0463838237847712e-05,0.027505307864719993,1.0191739822638865e-06,2.677471921381127e-06,2.2538997610632357e-13,2.4016155623322363e-06,5.855799122798267e-06,9.492740253878812e-09,7.829780168746882e-09,3.842262916651774e-08,5.92990771968993e-07,8.407897985268695e-06,2.4975036417589577e-08,9.078091023871722e-10,1.841909532877194e-11,2.585242334764781e-05,9.925414669663662e-07,5.4395029233475315e-11,3.330572478157149e-09,2.6580689920769814e-09,3.168194241847759e-09,2.4279937865195356e-09,0.9724309217042071,5.686446126877179e-07
38,5.511753111988167e-06,1.1229556496951153e-05,0.030149978879115923,1.2021525941757213e-06,3.2774575193757134e-06,4.826010711766519e-13,3.5369095765253455e-06,7.2723781140695415e-06,1.5156143443038568e-08,1.2164542146371814e-08,5.7248954703462647e-08,6.808660599151917e-07,8.325877480240098e-06,3.056527200552865e-08,1.6602727019117467e-09,3.908103752546639e-11,2.6438897072214977e-05,1.0934109803258792e-06,8.312931625566812e-11,4.7471097010952794e-09,4.230859357939667e-09,4.143354777599135e-09,4.069264884707093e-09,0.9697805994155868,7.183378249880743e-07
39,4.763218575725326e-06,1.0300196620541642e-05,0.03236814098262373,1.5365735433374546e-06,4.140293598923548e-06,4.4648583386282573e-13,2.828197066694029e-06,9.450689299431206e-06,1.5038922037610647e-08,1.342693214133982e-08,5.280124214166671e-08,7.688237503889534e-07,8.2055250233044e-06,3.1610524362065886e-08,1.4927414362106018e-09,4.0083403166981676e-11,3.132692252905316e-05,1.102681981722542e-06,9.118498189489266e-11,5.180129135503531e-09,5.2059244211412445e-09,3.880910865469036e-09,4.130632817540753e-09,0.9675565512260368,7.517696760375741e-07
40,6.3828626612822385e-06,1.3476493001585e-05,0.03400078453709622,1.0898238921694972e-06,3.5386961957341924e-06,3.7630009717336777e-13,2.8816809623377345e-06,6.520577996865056e-06,1.4164572532883651e-08,9.467385396775725e-09,5.2906203952911694e-08,8.068445842291029e-07,9.048007388526521e-06,3.588035531832857e-08,1.5186948961731084e-09,2.64019884915548e-11,3.1476089062934404e-05,1.1569299933997912e-06,8.13989820095914e-11,3.9025482404970615e-09,3.805103960314323e-09,4.806908778546339e-09,3.144594665623735e-09,0.9659219516926201,7.560599996125101e-07
41,4.685436921909923e-06,1.2004311534750092e-05,0.03574932828934338,1.3256446605699524e-06,4.458756142592883e-06,4.3722571675142587e-13,2.7280933186517655e-06,7.10463918166047e-06,1.7607329776782836e-08,1.1722389248807632e-08,5.106817492773786e-08,6.262779338568189e-07,8.88767693196013e-06,3.353035046258538e-08,1.5856327668862138e-09,3.114100663965836e-11,2.4685227717560183e-05,8.871144107309427e-07,8.365500932264094e-11,3.902978403833988e-09,3.932947510447211e-09,3.2431245529162683e-09,3.24655564789346e-09,0.9641823943891313,7.541880543383576e-07
42,5.10100745875508e-06,1.2006048517464883e-05,0.027626828941979372,1.291332996745795e-06,3.4898100515011883e-06,3.553364506816362e-13,2.9565446335362748e-06,1.02864696257771e-05,1.4558449527287528e-08,1.2770471800697385e-08,5.076288757923885e-08,7.039426026499129e-07,7.534222338726763e-06,2.7564399008098246e-08,1.597407783319646e-09,3.584534821916156e-11,3.539240622223715e-05,1.0249257458424723e-06,1.0795780020204005e-10,4.7957021300592394e-09,4.956611297747561e-09,4.9143087556472615e-09,3.6870140892888558e-09,0.9722925420785863,7.165178306302033e-07
43,4.622389241112e-06,1.1650754129100889e-05,0.024445418356316945,1.3883141622071775e-06,4.18088333302641e-06,4.648171457738063e-13,2.57282940202127e-06,9.154621456295982e-06,1.4203772230161554e-08,1.52007877348739e-08,4.972504069647568e-08,6.306586495790275e-07,7.393470876971471e-06,2.777654917289969e-08,1.618551059617701e-09,3.858668645397377e-11,3.2403746800312563e-05,1.085250479554403e-06,9.662796520568606e-11,4.162509342120712e-09,5.3473305824832e-09,4.300342613727608e-09,4.197159791398005e-09,0.9754786605427911,7.115146392927155e-07
44,4.430499583017575e-06,1.1035365858116577e-05,0.02809064978555668,1.2234049890524705e-06,3.3207412589437253e-06,3.128163864659594e-13,2.5299698827053075e-06,6.907625934468772e-06,1.2079307545935335e-08,9.887278513166684e-09,4.669152787388163e-08,6.261492577340288e-07,8.649892415382513e-06,2.6877155549890593e-08,1.2211608622445098e-09,2.400001987110784e-11,2.8040017626006912e-05,9.962905344120776e-07,6.689490935790917e-11,3.861248834914321e-09,3.481486536593275e-09,3.390332678132456e-09,3.173400243375542e-09,0.9718408460701432,6.334328540263669e-07
45,4.379426337724367e-06,1.0525701733450114e-05,0.028273311585084438,1.1581293075649357e-06,3.3621861439181752e-06,3.045223460990249e-13,2.607839535540779e-06,7.0497707748973525e-06,1.2653111056974672e-08,9.425431015785726e-09,4.719972164567247e-08,6.083938594105313e-07,8.673435302195428e-06,2.5982006287421817e-08,1.2696273770998785e-09,2.374259430124165e-11,2.7153133636414467e-05,8.945940539475729e-07,6.977882478034465e-11,3.659873764476913e-09,3.290384177337084e-09,3.2074156951520404e-09,3.0656053538606983e-09,0.9716595737420665,5.922151616825557e-07
46,3.947647736857241e-06,9.873442423791726e-06,0.020496257809586065,1.062227146961745e-06,2.887596043119514e-06,2.019763110319489e-13,1.8662506120512351e-06,6.780003897423661e-06,7.872006270571355e-09,7.489827546466167e-09,4.131827250142597e-08,6.339053954173298e-07,8.393318696466357e-06,2.0273873822984507e-08,9.65336383695328e-10,1.5663735951643534e-11,3.7328098079915384e-05,1.0205951191530178e-06,5.5541659382688956e-11,3.044447994639366e-09,3.0521576754143774e-09,3.3537249100965134e-09,2.8734784966728358e-09,0.9794293760120072,4.827787226597927e-07
47,6.285730388044135e-06,1.1801400834419217e-05,0.026912502285379197,1.0443327373814555e-06,2.4798405746888508e-06,3.0258462407264466e-13,2.960547413457477e-06,7.187999597583455e-06,1.1522103727460119e-08,9.902279049824559e-09,4.5795204775430836e-08,7.634298725050757e-07,8.144325727810034e-06,2.657335294254108e-08,1.2453890167438483e-09,2.7138927928413684e-11,3.274767903591255e-05,1.24702961284638e-06,7.343314603938072e-11,4.373395942055816e-09,3.6606084298833114e-09,4.808162170156436e-09,3.0699894799305952e-09,0.9730120045255639,7.198219018826142e-07
48,4.411013363480146e-06,1.106996861684665e-05,0.02727936175685241,1.2087632789332448e-06,3.2858684316294333e-06,3.0402774925769515e-13,2.50556016220634e-06,6.943536366832943e-06,1.1755988959508147e-08,9.846466501658528e-09,4.590528413376927e-08,6.205580654182431e-07,8.630966059509195e-06,2.6460427088178824e-08,1.2100546965639085e-09,2.3644368663364006e-11,2.848718685606193e-05,9.916750157019583e-07,6.727843224553003e-11,3.797486781423363e-09,3.4592988739290305e-09,3.419277427969185e-09,3.162985979255597e-09,0.9726517511108981,6.229275358748673e-07
49,4.857933538755249e-06,1.1080544357500188e-05,0.03146846006933241,1.297790495670872e-06,3.6850613186669874e-06,3.741211314494197e-13,2.627162203521067e-06,7.189587687582247e-06,1.3130636667564455e-08,1.0107989425409356e-08,5.368906316618124e-08,7.484104377130638e-07,8.977012360575072e-06,3.068090958662988e-08,1.3571113001692454e-09,2.7025450313676507e-11,3.0879659556461e-05,1.1089847707051597e-06,7.143347530464342e-11,4.272698850179331e-09,3.927238948377701e-09,3.7910447974451344e-09,3.562497432510539e-09,0.968458286091553,6.770743641241519e-07
50,5.334302882711401e-06,1.2573429752192775e-05,0.03194076166873492,1.3855980887066073e-06,3.4102607382289728e-06,3.7967628771694244e-13,3.6413673864717796e-06,8.440296055965757e-06,1.5549191652705574e-08,1.4297958344112713e-08,4.3962827604303674e-08,6.059797743515491e-07,9.310877529809447e-06,3.3823393968987256e-08,1.3347416294106281e-09,3.798238447384908e-11,2.4620025621681116e-05,9.500387068270807e-07,9.615305470773959e-11,4.944691445887851e-09,3.801242229161975e-09,4.019202214619362e-09,3.383095058066123e-09,0.9679880937823956,7.471214733026419e-07
51,4.338895138913891e-06,1.1013527432850244e-05,0.02562034191250217,1.2554382845432734e-06,2.8295060778304816e-06,2.430058491868958e-13,2.436354879062553e-06,7.380798926287191e-06,1.0566529823967403e-08,9.749240045975065e-09,4.2198322623579364e-08,6.106550179598958e-07,8.812008891750217e-06,2.412586811084246e-08,9.619749691057278e-10,1.89309807956862e-11,2.8552299449350675e-05,1.0591077093539328e-06,6.000411075758711e-11,3.810152439764182e-09,3.356193531574181e-09,3.3999190984224137e-09,2.68321693524866e-09,0.9743107077395747,5.608255192441268e-07
52,5.608370330000692e-06,1.0545355508758016e-05,0.027473261157606434,1.3178875149158081e-06,2.9133053187160056e-06,6.070254791501905e-13,3.2584699158515913e-06,7.202732758560264e-06,1.5594473820488085e-08,1.2841851759566855e-08,6.274700901372909e-08,6.567442515654572e-07,8.35527278556044e-06,2.7433760417389728e-08,1.3812398228550702e-09,3.545901676764485e-11,2.536318195890853e-05,1.600508755181801e-06,6.353883987762514e-11,5.709887926158286e-09,4.2100502586513005e-09,4.342331850745032e-09,4.323008082071276e-09,0.9724590704881237,7.078419539083044e-07
53,4.830611757240874e-06,1.0541161593757956e-05,0.029660808774782447,1.2526256448385352e-06,2.5612322994850306e-06,3.8062584582911e-13,3.904556344971094e-06,7.142242981513947e-06,1.4150389534373655e-08,1.0745928927423427e-08,5.536794247856475e-08,6.064467417658935e-07,8.857698435184076e-06,2.674058376316527e-08,1.3990242517381436e-09,3.2811290387547044e-11,2.3457630533293955e-05,1.0134704389119746e-06,6.866005005055904e-11,5.466929875712961e-09,3.395663836777033e-09,3.613671569046082e-09,3.8499868604902744e-09,0.9702742174630818,6.812533916287361e-07
54,5.778922172044261e-06,1.3520314414433141e-05,0.032801357140156605,1.3559876341565135e-06,3.0081201915800428e-06,4.124793211721173e-13,3.6926762147396712e-06,6.65214990967516e-06,1.4937860921461788e-08,1.3132125011125033e-08,4.504734332659294e-08,6.81648892346498e-07,9.587132756905417e-06,3.630832066558634e-08,1.4642193087469733e-09,3.61225647911212e-11,2.4126035170083472e-05,1.0818483191975154e-06,7.675323729272564e-11,5.066792709110669e-09,3.751060978373522e-09,4.140750412835286e-09,3.6838053500672983e-09,0.9671280957213296,9.34657271542583e-07
55,4.672064242300444e-06,1.0572789081953275e-05,0.0301853765520446,1.161723184217961e-06,2.6637785327790626e-06,2.590842163224345e-13,2.514431749566321e-06,6.2879568029727305e-06,1.2861121607253015e-08,8.465415008273699e-09,4.537188107403445e-08,6.771711029623561e-07,9.63549617516271e-06,2.4082082583628256e-08,1.0362090979530647e-09,1.817907808893977e-11,2.605798491396314e-05,1.029546124619648e-06,5.525851416609102e-11,3.916278074052373e-09,2.8743519898006636e-09,2.9324205232625256e-09,2.4181181869085704e-09,0.9697485878364905,6.586379796053487e-07
56,4.4166169888715296e-06,1.1123513043712306e-05,0.027893422534171073,1.229572616757851e-06,3.3385605246671075e-06,3.1181766337668043e-13,2.5257164587192356e-06,6.928516897492022e-06,1.207052513348803e-08,9.83868028759986e-09,4.7232026698222305e-08,6.304549270310405e-07,8.94497594905861e-06,2.70589055200819e-08,1.2114835432414043e-09,2.3513816335131492e-11,2.8298114536255618e-05,1.0058705095372362e-06,6.716718347273926e-11,3.87866959628031e-09,3.454324349477375e-09,3.390563160261467e-09,3.16976642028318e-09,0.9720374023922115,6.217652278105153e-07
57,4.825203984870509e-06,1.1998184470999227e-05,0.03329532649331465,1.3994987250608143e-06,4.330573136112865e-06,3.4764716771352726e-13,2.438417273457847e-06,8.627924450626297e-06,1.4536152088551426e-08,1.1279670862325912e-08,5.1926480474660083e-08,8.223611818453865e-07,9.431629649876141e-06,3.238528645913458e-08,1.4217576895655855e-09,2.8263785662369184e-11,3.651030181031713e-05,1.0284253891915409e-06,9.209274623098868e-11,4.259127184373066e-09,4.4657469866848394e-09,3.974511444620534e-09,3.261035059761199e-09,0.9666224186520794,7.14704061220669e-07
58,4.142386752680284e-06,1.0605411268414102e-05,0.025682021263849657,1.1425572586041423e-06,3.1381975446597797e-06,2.7595562423004416e-13,2.343472672002307e-06,6.587778494944347e-06,1.0723079417752763e-08,9.200603132215083e-09,4.339094034984744e-08,5.814173971228776e-07,8.377640608769815e-06,2.432462760569343e-08,1.1114350766917927e-09,2.1172470560522648e-11,2.7778227915985005e-05,9.631898115722605e-07,6.105675155756194e-11,3.49623683540568e-09,3.2163569375952005e-09,3.1812807961804532e-09,2.9981164379298877e-09,0.9742516429431027,5.737881411892173e-07
59,0.00035329799514661347,0.00032755836264832097,0.6667885866634822,0.00010919240224340867,0.00040847231450508317,1.3580647413403287e-09,0.00011324788337047999,0.00014568064799897818,4.745294363507923e-06,1.3003386843853994e-06,6.900564197036621e-06,0.0002405211561143712,0.00015959057840075173,2.2675602785802557e-05,4.5027643827398903e-07,3.543625408036448e-08,0.00019458931846461132,1.5417310683291276e-05,1.0569869301539082e-07,6.165554321754932e-07,9.307306173324686e-07,7.005608322767505e-07,3.6688238729923063e-07,0.33096178844408314,0.00014322762410884965
60,4.430499583017575e-06,1.1035365858116577e-05,0.02809064978555668,1.2234049890524705e-06,3.3207412589437253e-06,3.128163864659594e-13,2.5299698827053075e-06,6.907625934468772e-06,1.2079307545935335e-08,9.887278513166684e-09,4.669152787388163e-08,6.261492577340288e-07,8.649892415382513e-06,2.6877155549890593e-08,1.2211608622445098e-09,2.400001987110784e-11,2.8040017626006912e-05,9.962905344120776e-07,6.689490935790917e-11,3.861248834914321e-09,3.481486536593275e-09,3.390332678132456e-09,3.173400243375542e-09,0.9718408460701432,6.334328540263669e-07
61,0.00198723382279648,0.0010804845524452057,0.06811818617319632,0.0008067995862877198,0.00031717957832562893,2.3312707576454417e-08,0.0010629538566872259,0.000457101526166089,2.7230504839179977e-06,2.9622108831521373e-05,9.66283795528266e-06,0.00015936139234104882,0.0001896907846779331,5.723242614311597e-05,1.4750586807198254e-06,7.299653382607113e-07,0.00033062161844342035,0.0003275472878025681,3.0938050149012455e-07,2.0272871539218416e-06,7.950310901615848e-06,3.7999392836478194e-06,2.3854102927857073e-05,0.9242562529303877,0.000767177109533969
62,4.430499583017575e-06,1.1035365858116577e-05,0.02809064978555668,1.2234049890524705e-06,3.3207412589437253e-06,3.128163864659594e-13,2.5299698827053075e-06,6.907625934468772e-06,1.2079307545935335e-08,9.887278513166684e-09,4.669152787388163e-08,6.261492577340288e-07,8.649892415382513e-06,2.6877155549890593e-08,1.2211608622445098e-09,2.400001987110784e-11,2.8040017626006912e-05,9.962905344120776e-07,6.689490935790917e-11,3.861248834914321e-09,3.481486536593275e-09,3.390332678132456e-09,3.173400243375542e-09,0.9718408460701432,6.334328540263669e-07
63,4.428805475911725e-06,1.137358653306645e-05,0.027438519611688174,1.1999583825636333e-06,3.225572072717136e-06,3.0508224267052767e-13,2.5190625305979036e-06,6.831719948516563e-06,1.2049895516364382e-08,9.793589661232648e-09,4.659842643043708e-08,6.120287482721915e-07,8.72649040085059e-06,2.6328482818075356e-08,1.2106854586505493e-09,2.2982275925476232e-11,2.7970754259657873e-05,1.0020915403804278e-06,6.657939062115542e-11,3.825585250463161e-09,3.4124582676492164e-09,3.4222760078467046e-09,3.0826142849901e-09,0.9724928525325044,6.279720343145909e-07
64,4.379135846670288e-06,1.1057463556067737e-05,0.027265031383767194,1.2413347646264016e-06,3.445200996093485e-06,3.1227765198227484e-13,2.437944330507695e-06,7.370978939291842e-06,1.2101160831690492e-08,1.0216352552069216e-08,4.7585789179217834e-08,6.440847558208201e-07,8.225258581873538e-06,2.6261599747930624e-08,1.2729077065726649e-09,2.4473209076024663e-11,2.9754835449350878e-05,1.0042458616536438e-06,7.150225249467151e-11,3.800183298062136e-09,3.918938523610714e-09,3.4904789886356673e-09,3.1756676793337516e-09,0.972664660932478,6.352813065484238e-07
65,5.344868836650793e-06,1.245122768427498e-05,0.03946067174843685,2.1157631825583004e-06,7.3102598818575105e-06,8.146694534380859e-13,2.630876737721841e-06,8.785310740101198e-06,1.4163192886076389e-08,1.73783889822954e-08,6.88701660383763e-08,1.256370119776397e-06,1.0259214342970374e-05,5.564988867738709e-08,1.7023741132686703e-09,5.224017727800622e-11,3.8323796452200976e-05,1.7574920245570086e-06,9.647588400108556e-11,6.093605394973993e-09,7.486059986686716e-09,5.675912127826718e-09,6.1395197375303026e-09,0.9604480008741386,9.088887831097406e-07
66,4.761334501427595e-06,1.1413237271360758e-05,0.031267110960846244,1.3288501492438574e-06,3.4227925007673407e-06,3.617425913163877e-13,2.9328127819323632e-06,7.629833075451357e-06,1.452792194211599e-08,1.1466780351703889e-08,4.969890436241485e-08,6.536027268258632e-07,9.310129447445548e-06,2.9404737337051115e-08,1.2855353588658805e-09,2.9053371986400838e-11,2.7124166449370336e-05,1.0237309721698089e-06,7.782058937126877e-11,4.57543847070462e-09,3.7122112910179236e-09,3.53939011572648e-09,3.2445460588515827e-09,0.9686624826032381,6.843833389157804e-07
67,5.1408058670054585e-06,1.1632212086732137e-05,0.03607911153633687,1.6365910116554274e-06,4.0934432376653805e-06,5.102059664277151e-13,3.3320492656906697e-06,7.011194201145066e-06,1.2971998010934269e-08,1.1651412718810213e-08,5.8845797748659594e-08,8.859024665976124e-07,1.0437940933961125e-05,4.396551582244313e-08,1.6279330093702039e-09,4.1345679378599976e-11,3.060262751624746e-05,1.2257955328801586e-06,7.458902369043032e-11,5.896039044720069e-09,4.3949668460039815e-09,4.320256477712549e-09,5.72797741308295e-09,0.9638438822172,8.581660014189792e-07
68,4.600520097255411e-06,9.935353871308643e-06,0.02284582150618618,1.347615448973978e-06,2.4718387364760305e-06,3.973272210573515e-13,2.5327288735798097e-06,6.729601855312438e-06,9.679790854000533e-09,9.85906171486709e-09,5.866764777906553e-08,7.668079598084403e-07,7.900700065549627e-06,2.320076043531922e-08,1.1959996186942304e-09,2.5870511213753582e-11,3.420605359320283e-05,1.7005723359294302e-06,4.838548704425054e-11,5.505629089582082e-09,4.264068869475183e-09,4.369092940503838e-09,4.749575479198553e-09,0.9770811702683135,6.948663827815062e-07
69,3.902227289426816e-06,1.04666031992761e-05,0.02940159508757806,1.4533456784719335e-06,2.9050740231074527e-06,2.7635393310554815e-13,2.7175321308214006e-06,7.995672313915508e-06,1.2088769318405691e-08,1.1082834336266499e-08,4.28138194741377e-08,5.830270902183422e-07,8.806161802445108e-06,2.4824878341861207e-08,1.0239175157577505e-09,2.6192928849415757e-11,2.5996197957808897e-05,9.923257412552005e-07,6.656305677273917e-11,5.10020272271968e-09,3.495977909183884e-09,2.961426481852601e-09,3.0381890032500567e-09,0.97053180171245,6.78509697565136e-07
70,4.471418371717975e-06,1.1090046040204153e-05,0.028452310849567022,1.2322759382393656e-06,3.3402039349277432e-06,3.1684396383533225e-13,2.5527440640209716e-06,6.911229279171256e-06,1.2195922438282166e-08,9.939217610279023e-09,4.693114884514924e-08,6.326655621433397e-07,8.699435611370876e-06,2.7315437988270427e-08,1.2302000013965147e-09,2.4309423535365168e-11,2.8055211307603205e-05,1.0019077215245993e-06,6.731872529651679e-11,3.904256042422342e-09,3.502682240056765e-09,3.417221704305024e-09,3.1959777315835434e-09,0.9714789488050591,6.414835332678257e-07
