,0,1,2,3,4,5,6,7,8,9,10,11,12,13,14,15,16,17,18,19,20,21,22,23,24
0,3.944473042368793e-05,1.0738110284471457e-05,0.024829054400409178,0.0017638459834997998,2.5228351372913184e-06,0.0034975771256730054,8.018628298943883e-06,5.002510544925644e-08,0.00040992607384171065,1.081326271002127e-05,0.00010405697860511096,5.9626245456194385e-06,3.0862958757363947e-06,5.133880826002962e-08,2.326690065481483e-08,5.489531157981676e-06,4.3630168712096116e-07,5.507885214540534e-06,3.763380843673393e-05,1.1793671720540687e-05,0.0002312822774982441,6.795811477798131e-08,0.005473535990321779,0.9635460859690229,2.994926706459094e-06
1,4.404816315094006e-05,1.0974641877940179e-05,0.031715147993973784,0.0016848103593241272,2.2093543766994883e-06,0.0036726951628058063,8.939018508328593e-06,5.585716231382248e-08,0.00047044731623258225,1.2883393096520462e-05,8.665595223953317e-05,6.1729596626861285e-06,3.0072582101178983e-06,4.3046017632866036e-08,2.439342400613355e-08,6.757437267615872e-06,3.343514408514273e-07,5.526640783334808e-06,4.240546073828713e-05,1.0712424737337393e-05,0.00023314727314035876,6.37878443559448e-08,0.004392830941425311,0.9575873003916946,2.8064208650379912e-06
2,5.33634368775819e-05,1.529248393751459e-05,0.027901592843037108,0.0019223271643764722,4.270731107579659e-06,0.003942906815492219,1.1523033141503491e-05,6.17352627224883e-08,0.0004861164342587319,1.481204615399275e-05,0.00012484529718846465,7.011541627659925e-06,3.6691283724767916e-06,7.236547132076955e-08,3.735953268440836e-08,6.700391826451092e-06,5.727036777948693e-07,6.970830872358437e-06,4.190645875730506e-05,1.6974308964230302e-05,0.00025275864261347514,8.303016985510888e-08,0.007233625208301319,0.9579475905955579,4.915413421275713e-06
3,3.9705875206906704e-05,1.1067162732401259e-05,0.025754729103361795,0.0019221719002649482,2.453857116769197e-06,0.003390974338838362,8.523131219327379e-06,4.901999006667969e-08,0.00038065845412695883,1.1994430966183363e-05,0.0001028108199162056,6.1289629392714745e-06,2.8934826086281125e-06,5.434327616463742e-08,2.1698469879526535e-08,5.11404434737989e-06,4.2517432176445384e-07,5.620018142989279e-06,3.485639189699142e-05,1.1669865594068596e-05,0.00023272720944652835,6.739828690777245e-08,0.006222482532332547,0.9618495966421118,3.204142484935918e-06
4,3.883862374903698e-05,1.0733043242026046e-05,0.024218060609659878,0.001924409155626857,2.4195957269300986e-06,0.003290094569375078,8.154764512521783e-06,4.774965328758308e-08,0.00038187667631265834,1.1371609216381977e-05,0.00010157888728867825,6.478660310552385e-06,3.2500217137446687e-06,5.510851146654952e-08,2.1445322568622073e-08,5.068978525860371e-06,4.6405116774808523e-07,5.630697696754332e-06,3.487325870526298e-05,1.1905085034434198e-05,0.00023963694868895882,7.206789540924661e-08,0.0061813290304876325,0.9635204227002265,3.206661349921466e-06
5,3.780344015130454e-05,9.905220898003598e-06,0.02238129057463678,0.0021454422696298675,1.96545022845675e-06,0.0030757396901763914,7.078404528311062e-06,4.136730236444179e-08,0.000334893859133804,1.1673284973624093e-05,9.183671675930349e-05,6.032925741198925e-06,2.8364693922432634e-06,5.533099331268547e-08,1.6718761405671136e-08,4.392699717800643e-06,4.381877649488211e-07,6.344686281554985e-06,2.8877410061750623e-05,1.1259270598497604e-05,0.00022550582591984128,6.63305168848826e-08,0.006144847076579158,0.9654685814199719,3.0753692814959506e-06
6,3.9705875206906704e-05,1.1067162732401259e-05,0.025754729103361795,0.0019221719002649482,2.453857116769197e-06,0.003390974338838362,8.523131219327379e-06,4.901999006667969e-08,0.00038065845412695883,1.1994430966183363e-05,0.0001028108199162056,6.1289629392714745e-06,2.8934826086281125e-06,5.434327616463742e-08,2.1698469879526535e-08,5.11404434737989e-06,4.2517432176445384e-07,5.620018142989279e-06,3.485639189699142e-05,1.1669865594068596e-05,0.00023272720944652835,6.739828690777245e-08,0.006222482532332547,0.9618495966421118,3.204142484935918e-06
7,4.4810051668852424e-05,7.420201673172575e-06,0.031699328444974806,0.0011487803800605968,1.6066930081414075e-06,0.002768615828258376,6.5358842268720566e-06,3.919036379429617e-08,0.00024522206738185695,1.0225386898377015e-05,7.147002380367957e-05,3.4564973073531563e-06,1.937740679903572e-06,2.696099862094364e-08,1.1306233980349546e-08,2.959468305938631e-06,2.1380185765706808e-07,3.982756827691646e-06,3.137879172309881e-05,6.896271702596997e-06,0.00011754008304428015,3.1532560116849565e-08,0.004872330938049222,0.9589533125961415,1.867102249482427e-06
8,4.116830600216386e-05,1.0789501133033722e-05,0.02509023793652586,0.001807551578683825,2.6543552859863574e-06,0.00373760560744429,8.828079147174114e-06,5.42725977815818e-08,0.0004652430790555943,1.111067459591562e-05,0.00011782900625035646,6.914236803504403e-06,3.3727699268701198e-06,5.6921483388784664e-08,2.954933409371067e-08,5.9579534378519186e-06,5.167392065896667e-07,6.7080314845844665e-06,4.144022310303337e-05,1.1587996939128284e-05,0.0002767620230198152,9.102792108829342e-08,0.005451615365430782,0.9628983220466384,3.5527185491972525e-06
9,5.005915650307229e-05,1.125403534890646e-05,0.024486688980182126,0.0015176471031937556,3.724537708261415e-06,0.004060697403096527,1.0246222471559361e-05,6.890537028404128e-08,0.0004997375523948238,1.0184581003911934e-05,0.00016498053556164588,6.63348495101643e-06,3.314552820477625e-06,6.444591685797287e-08,4.1182654398088863e-08,6.178257125133767e-06,5.935734494943597e-07,7.529275695699152e-06,5.086408077687566e-05,1.1048665825554742e-05,0.000236606199932026,1.0734717185062639e-07,0.005710497021506329,0.9631473028640695,3.930035269969823e-06
10,3.9705875206906704e-05,1.1067162732401259e-05,0.025754729103361795,0.0019221719002649482,2.453857116769197e-06,0.003390974338838362,8.523131219327379e-06,4.901999006667969e-08,0.00038065845412695883,1.1994430966183363e-05,0.0001028108199162056,6.1289629392714745e-06,2.8934826086281125e-06,5.434327616463742e-08,2.1698469879526535e-08,5.11404434737989e-06,4.2517432176445384e-07,5.620018142989279e-06,3.485639189699142e-05,1.1669865594068596e-05,0.00023272720944652835,6.739828690777245e-08,0.006222482532332547,0.9618495966421118,3.204142484935918e-06
11,3.8756963877921515e-05,1.0714492822003446e-05,0.024825799245187345,0.0018843546530140727,2.435143495381759e-06,0.0032830709994610702,8.270456740350038e-06,4.82463276372466e-08,0.0003731978066877315,1.1479503016876963e-05,0.00010155203272234687,6.215969077382405e-06,3.08957043109044e-06,5.3517435346903235e-08,2.0994450113909266e-08,5.0328887186593775e-06,4.3582152136926116e-07,5.447274708192031e-06,3.45701370790204e-05,1.177418464737985e-05,0.0002299814447439516,6.73360349999632e-08,0.006173142232881141,0.9629873867100438,3.102374874698168e-06
12,4.38448774781137e-05,1.301062655491378e-05,0.025499338732154042,0.0021718673610572835,3.00449060153646e-06,0.0038929560832961937,9.012731375367725e-06,4.7357056581774445e-08,0.000399164005208058,1.4140601318031514e-05,0.00010667556049361837,6.207378552510987e-06,3.1851829865295137e-06,7.064262051721985e-08,2.3021138008333655e-08,5.13170845885598e-06,5.543615925311421e-07,6.7066922935974754e-06,3.388043602118581e-05,1.3858423089173383e-05,0.00026605077304834874,7.403395209663219e-08,0.007635026360934543,0.9598720047823004,4.163776418040274e-06
13,2.1903040953445462e-05,8.322629925442772e-06,0.019576418777279746,0.002390766869770539,2.4041639789700914e-06,0.002627369298076334,9.39729901733944e-06,8.175354665742563e-08,0.0002765446446323394,7.435151372699168e-06,0.0002558569605735967,8.739130708708955e-06,2.417851997219133e-06,8.975223561475388e-08,2.2943936548009382e-08,4.252316944020316e-06,4.5937594840791227e-07,4.378113800117434e-06,3.1090283472839076e-05,9.647223407606656e-06,0.0002404307765911459,1.0772490381803623e-07,0.010159879828671734,0.9643595733780639,2.4107101911707473e-06
14,4.997403860676129e-05,2.715748610460671e-05,0.018341058738031622,0.0021290239338042334,5.039913348611489e-06,0.003424769472891469,1.6692107746716865e-05,7.120804385458006e-08,0.00035434648349868717,2.103634719154244e-05,0.00018257309152612324,6.981548856655954e-06,2.06948998328262e-06,1.308405341529069e-07,2.6518142075258667e-08,5.567255266985684e-06,4.2318721022378786e-07,5.9341318461191625e-06,5.2465403256500234e-05,1.3359679004380896e-05,0.00019670823831910723,7.776460134224721e-08,0.00908648272594017,0.9660741898870978,3.840509147081113e-06
15,3.9705875206906704e-05,1.1067162732401259e-05,0.025754729103361795,0.0019221719002649482,2.453857116769197e-06,0.003390974338838362,8.523131219327379e-06,4.901999006667969e-08,0.00038065845412695883,1.1994430966183363e-05,0.0001028108199162056,6.1289629392714745e-06,2.8934826086281125e-06,5.434327616463742e-08,2.1698469879526535e-08,5.11404434737989e-06,4.2517432176445384e-07,5.620018142989279e-06,3.485639189699142e-05,1.1669865594068596e-05,0.00023272720944652835,6.739828690777245e-08,0.006222482532332547,0.9618495966421118,3.204142484935918e-06
16,4.0008563670111536e-05,1.3950474438438777e-05,0.02491430139291167,0.002397215659253783,2.501591857499014e-06,0.0030826861596018147,1.1766359066514966e-05,6.47956617056749e-08,0.0004051356081299225,1.8512465202922562e-05,9.942254235178895e-05,1.0089626510299136e-05,3.6396881143910454e-06,7.470083782070847e-08,2.5903889046758498e-08,6.471529887310456e-06,5.312076278506654e-07,7.049720272794884e-06,4.2643377922623254e-05,1.5028116237940404e-05,0.00039862434649907583,1.0807867859979865e-07,0.007327779823061562,0.9611982188138252,4.149454489192607e-06
17,3.3206305619169234e-05,1.1812277104309274e-05,0.020141219441252835,0.002623694244775627,3.0803257538312333e-06,0.002875547835615703,9.771261142484353e-06,5.495289138040537e-08,0.00031053855851008845,1.3536262691083425e-05,0.0001300505619692678,8.278377183988854e-06,3.7757919608638376e-06,8.8852246990166e-08,2.0735080221590333e-08,4.783806936286781e-06,7.263422728385788e-07,6.1632794679818985e-06,2.9213615597558504e-05,1.6818913479879714e-05,0.00029723792332882567,9.944012491897896e-08,0.011157518894053928,0.9623186032661504,4.158734789491473e-06
18,4.9162371332080523e-05,1.434898666994613e-05,0.024860956206982147,0.0025289977384223917,3.7940398607046545e-06,0.003933940372913845,1.1543761472631973e-05,5.071909934797654e-08,0.0004063282736051454,2.0211361916120106e-05,0.00010900267934622815,8.195633311903891e-06,4.366686207501985e-06,9.526381818047282e-08,2.8414699367397494e-08,5.347278608236327e-06,9.055356758902213e-07,9.94599864011343e-06,3.3965657768279525e-05,1.901549132557919e-05,0.00039351057028843173,1.1173592532786886e-07,0.01083747942584865,0.9567417446243944,6.951171867374903e-06
19,3.7045114936477025e-05,1.2296913013427722e-05,0.029840975445143147,0.0024540852843488448,2.356245528222826e-06,0.0027205605808625615,1.2091751152869248e-05,6.134648383773226e-08,0.00042353521788101483,1.3786133341845996e-05,9.984216442624744e-05,9.735428797652353e-06,3.5021224818538385e-06,5.54046734501502e-08,2.3858526979846664e-08,6.0303021246932145e-06,4.080201101602036e-07,5.2486014669778615e-06,3.527688261589222e-05,1.2727075886035459e-05,0.0002866082694590669,8.431859687014934e-08,0.006718607230686946,0.9573016258266565,3.430460798304115e-06
20,4.098978226503976e-05,1.1665220774390957e-05,0.029353129541858786,0.0022115251015331593,2.43448468300999e-06,0.0032657506785977787,1.086921338633567e-05,8.19904397447794e-08,0.00044944647082932615,1.2589334724975369e-05,0.00014098090557244626,9.210051756000529e-06,3.234875769776809e-06,6.35853438362865e-08,3.766406754318474e-08,6.869745614654242e-06,4.957218186347884e-07,6.887206221986541e-06,4.56524499657174e-05,1.2454037827697387e-05,0.000293240449265283,1.2070381148171309e-07,0.006044345055049618,0.9580742877102872,3.6380185355158284e-06
21,3.7800803529380956e-05,1.2337104327224862e-05,0.024313987367417664,0.002327219067587494,1.9693524786215574e-06,0.0032172128541417765,8.194446203896551e-06,5.9091438550456375e-08,0.00041724367144950453,1.36884803136794e-05,8.888274999404874e-05,7.335965806928953e-06,3.002496048211457e-06,6.266087262872968e-08,1.8827885737232246e-08,6.955975895987095e-06,3.421509162477628e-07,5.623057935045328e-06,3.6539701268725934e-05,1.2614948844069285e-05,0.00023809895312917323,6.684867512067942e-08,0.004890590169326309,0.964357625663415,2.5275910990131482e-06
22,4.6271945275031906e-05,8.566651510135821e-06,0.025538529960293713,0.0016436250912378522,2.2694247551771205e-06,0.0037733446177973056,6.412454997242418e-06,4.480293282046873e-08,0.00036004901654983115,1.09330189089582e-05,0.0001030809211660054,4.4518873021186265e-06,2.703348236294992e-06,4.5715730903035825e-08,2.2349718413209053e-08,4.641647684409636e-06,5.450392876795638e-07,7.869593029231311e-06,3.3332180307303856e-05,1.0693549792300803e-05,0.00022231718350193655,7.581830462434876e-08,0.0053710539583909705,0.9628458547399286,3.265083361059997e-06
23,3.9705875206906704e-05,1.1067162732401259e-05,0.025754729103361795,0.0019221719002649482,2.453857116769197e-06,0.003390974338838362,8.523131219327379e-06,4.901999006667969e-08,0.00038065845412695883,1.1994430966183363e-05,0.0001028108199162056,6.1289629392714745e-06,2.8934826086281125e-06,5.434327616463742e-08,2.1698469879526535e-08,5.11404434737989e-06,4.2517432176445384e-07,5.620018142989279e-06,3.485639189699142e-05,1.1669865594068596e-05,0.00023272720944652835,6.739828690777245e-08,0.006222482532332547,0.9618495966421118,3.204142484935918e-06
24,3.8240490382494756e-05,1.3254323250609423e-05,0.02070698396365213,0.002316616211042084,2.3178869047716705e-06,0.003148492111752764,7.457716142458604e-06,4.6762291678818764e-08,0.00033059620058735803,1.3386075876842678e-05,9.614637694043447e-05,5.980052436905379e-06,2.8011224545233796e-06,6.991834111263305e-08,1.593281098076227e-08,4.918179265672889e-06,4.47554955686341e-07,5.565593507423615e-06,3.220189206117712e-05,1.3572086457741733e-05,0.0002096407608314155,6.257010821858285e-08,0.006807643129250273,0.9662406558218897,2.8872668056448073e-06
25,2.4365108766264795e-05,8.703098606168437e-06,0.018603547949442002,0.002232128154734528,2.121665739035588e-06,0.0026122337837229865,8.076114192727624e-06,7.578283337143835e-08,0.0002565236501030521,8.952274582734327e-06,0.00016950240979794962,5.992149382010466e-06,2.017881027043498e-06,7.099909111818287e-08,1.53543105912536e-08,4.8630089046746465e-06,3.3149172064461505e-07,4.0879746786273e-06,3.0290203770690137e-05,1.034326823557913e-05,0.00017375252446478435,6.425643055945028e-08,0.007232382147333889,0.9686078451787421,1.7135693869219648e-06
26,3.1325648215076283e-05,5.684301743853891e-06,0.01745804650155697,0.0011107386992760765,1.303679915006545e-06,0.0023297197457429874,3.3109096426041585e-06,1.99474813517832e-08,0.00021615979871117186,6.283847523266156e-06,5.66429189174308e-05,2.604580646435489e-06,1.988902323786337e-06,2.2770852946429066e-08,6.763729276032486e-09,2.320326829471732e-06,2.622272565593161e-07,3.58387625672375e-06,2.0810918652851254e-05,7.300884589013537e-06,0.00011550103887195843,2.6785539811161553e-08,0.0041676976138271165,0.9744572202303252,1.4170815730044445e-06
27,3.818666962618258e-05,1.0238046082917038e-05,0.023587640720330785,0.001836468224750139,2.2124472497995724e-06,0.003310439461625733,7.679496049093422e-06,5.153744881117433e-08,0.00039706430923249956,1.0646103672425321e-05,0.0001088254411205878,6.307765555526094e-06,2.9660755023810553e-06,5.280756457310737e-08,2.3674924372556894e-08,5.482018171526543e-06,4.569384145991489e-07,5.958315141890794e-06,3.8039488113875964e-05,1.1062198085984395e-05,0.00023583184569925041,8.202045119522238e-08,0.005333978523508719,0.9650473734354299,2.932436247308154e-06
28,3.9705875206906704e-05,1.1067162732401259e-05,0.025754729103361795,0.0019221719002649482,2.453857116769197e-06,0.003390974338838362,8.523131219327379e-06,4.901999006667969e-08,0.00038065845412695883,1.1994430966183363e-05,0.0001028108199162056,6.1289629392714745e-06,2.8934826086281125e-06,5.434327616463742e-08,2.1698469879526535e-08,5.11404434737989e-06,4.2517432176445384e-07,5.620018142989279e-06,3.485639189699142e-05,1.1669865594068596e-05,0.00023272720944652835,6.739828690777245e-08,0.006222482532332547,0.9618495966421118,3.204142484935918e-06
29,3.9705875206906704e-05,1.1067162732401259e-05,0.025754729103361795,0.0019221719002649482,2.453857116769197e-06,0.003390974338838362,8.523131219327379e-06,4.901999006667969e-08,0.00038065845412695883,1.1994430966183363e-05,0.0001028108199162056,6.1289629392714745e-06,2.8934826086281125e-06,5.434327616463742e-08,2.1698469879526535e-08,5.11404434737989e-06,4.2517432176445384e-07,5.620018142989279e-06,3.485639189699142e-05,1.1669865594068596e-05,0.00023272720944652835,6.739828690777245e-08,0.006222482532332547,0.9618495966421118,3.204142484935918e-06
30,3.9705875206906704e-05,1.1067162732401259e-05,0.025754729103361795,0.0019221719002649482,2.453857116769197e-06,0.003390974338838362,8.523131219327379e-06,4.901999006667969e-08,0.00038065845412695883,1.1994430966183363e-05,0.0001028108199162056,6.1289629392714745e-06,2.8934826086281125e-06,5.434327616463742e-08,2.1698469879526535e-08,5.11404434737989e-06,4.2517432176445384e-07,5.620018142989279e-06,3.485639189699142e-05,1.1669865594068596e-05,0.00023272720944652835,6.739828690777245e-08,0.006222482532332547,0.9618495966421118,3.204142484935918e-06
31,5.1190772842544765e-05,1.1368785061393879e-05,0.03244474612043356,0.0017230569036489794,2.114147487664445e-06,0.003080213247936431,8.679248861277623e-06,5.4203474344487537e-08,0.00031492301064524976,1.4199942108062557e-05,8.616569794634171e-05,4.980086281752937e-06,2.3150990749687824e-06,4.384107668588953e-08,1.67793364675242e-08,3.942861203773123e-06,3.292657681002281e-07,5.5678097829656874e-06,3.696122454054135e-05,9.732829454475645e-06,0.0001858335802312796,5.224788527702827e-08,0.006292057663282708,0.9557186767366848,2.7778949501176866e-06
32,4.0821479026683636e-05,1.1009395107812613e-05,0.02472647943869016,0.001772127462750353,2.3626228240860563e-06,0.0033706138581883786,8.127673701425117e-06,4.941433677535113e-08,0.0003761623304979236,1.1699883990326707e-05,0.00010206158312207469,5.93201399195853e-06,2.8389148914816174e-06,5.260309547711746e-08,2.1433335237671144e-08,5.008116656451861e-06,4.206690590885787e-07,5.642807440451023e-06,3.799115852511575e-05,1.1007296122456603e-05,0.00022500581044293733,6.853319557749779e-08,0.005810783023443793,0.963470698651473,3.013826091294368e-06
33,1.649153291271932e-05,6.1639266783624335e-06,0.009870251239653977,0.0017901390691910561,1.5053525173862344e-06,0.002532665031267359,4.016157065504413e-06,4.608943341233785e-08,0.00013398905962936958,9.13648585807484e-06,0.00011602246264921146,3.657053864892059e-06,2.5153129276842377e-06,6.823588208458432e-08,6.999295355271937e-09,3.710490648854791e-06,5.393129312893452e-07,3.471575943214122e-06,2.718916907104668e-05,1.1580953473566584e-05,0.0001510504056129086,6.130314027555298e-08,0.008221869828123712,0.9770926232605569,1.2296916716835859e-06
34,7.05004896103204e-05,9.520459234351436e-06,0.027013258449389555,0.0006355692851912689,1.589287548474044e-06,0.0027296753111580503,4.76301491044006e-06,3.663398835522278e-08,0.0006791536418772016,3.7566906646002825e-06,7.720002134202829e-05,4.216498937338743e-06,2.253559286783736e-06,1.6224853862058002e-08,2.2379872968315378e-08,3.348712419237803e-06,1.891362484015761e-07,4.288222929214492e-06,7.010105197969717e-05,3.778324115838399e-06,0.00011449101811545053,4.491681404596337e-08,0.001393703512435122,0.9671771897958296,1.333361247970946e-06
35,7.610451737956001e-05,8.96791221682411e-06,0.030971814891372094,0.0016161461542305083,1.3689347012476264e-06,0.002309928229815267,7.97428478635912e-06,4.941055700189714e-08,0.0005372406922046929,1.050112510115399e-05,6.198965982268026e-05,7.023939963859807e-06,2.5572369616516326e-06,2.8137820099186386e-08,1.6967958642133957e-08,3.708521301916587e-06,3.1815081037348054e-07,1.1212993425876872e-05,3.9656855432457205e-05,5.970999713156955e-06,0.0002307918449580041,7.92360015702017e-08,0.0028434267656981256,0.9612503555524765,2.7669852904724967e-06
36,4.786969988000598e-05,1.1437506454380733e-05,0.027864912855049984,0.0019685425206165566,2.3624352760981513e-06,0.002583739020267795,1.2451263362368043e-05,1.0253502670507393e-07,0.0005619810093450769,1.1111661194757903e-05,0.00012702179243877695,1.3828178302771453e-05,4.605260706811257e-06,5.464020556739578e-08,4.4713586033548546e-08,9.495170875046981e-06,4.551055699636652e-07,6.400941715020536e-06,5.856128181639748e-05,1.1719506546016376e-05,0.0002451990269143752,1.4934916946376097e-07,0.004520815778141933,0.9619337876023561,3.351145181863576e-06
37,3.696064799717037e-05,7.854252597950669e-06,0.020382072997006426,0.0014902492731758562,1.2959788515596738e-06,0.0021208899726372567,5.053354435051861e-06,2.7120069887738356e-08,0.00022054658166082114,9.85960391393633e-06,6.041734884910482e-05,3.7125513008322613e-06,1.8436572184412547e-06,3.003630676178459e-08,7.913681681039995e-09,2.459767403359641e-06,2.711132167354011e-07,4.547961057124218e-06,2.4139869949623004e-05,7.635132605211067e-06,0.00013907887848725936,3.805117874049351e-08,0.005195371785559854,0.9702837921739975,1.843976841894651e-06
38,5.4092326716447086e-05,1.0473055218448869e-05,0.03208176323507229,0.001145477982308186,2.7712852728639736e-06,0.004885460359778861,8.70810313929153e-06,4.300173609902238e-08,0.0004381923408264094,1.1652825437974662e-05,9.240015589358753e-05,4.235105860403225e-06,2.5306330069933033e-06,3.9324409993369956e-08,2.8488141523627303e-08,5.7531109012767355e-06,2.837934386189281e-07,5.088934996593475e-06,4.5741752299417255e-05,8.261713453135915e-06,0.0001616692594083804,4.570148279605161e-08,0.0040927975900436125,0.9569393659803886,3.1239407682210226e-06
39,3.403889517764275e-05,5.672270258242914e-06,0.03294926723926041,0.0014747519240593148,1.8860101295041636e-06,0.0045096180386293054,7.276559025999046e-06,5.3418842372456467e-08,0.00037288169845656796,1.082422157428472e-05,8.269573401817677e-05,5.092879733343195e-06,3.750091591067015e-06,3.254470078259019e-08,2.274734008545627e-08,6.273635435074537e-06,4.4534349793751965e-07,5.859675609094944e-06,3.6762375268547334e-05,9.758871780203847e-06,0.0003105300771112331,6.371493873629035e-08,0.004506047060544962,0.9556636623234296,2.732649587604147e-06
40,5.2732104345340436e-05,1.3743409182661567e-05,0.039839977842147316,0.0017392291474333395,3.2723415643533804e-06,0.00412451060815258,1.2795181005061453e-05,5.988672660577284e-08,0.0005717471765824948,1.2546009513733578e-05,0.00012097996786525842,8.202476952087036e-06,3.434986101531016e-06,5.541817912024642e-08,4.214433383771747e-08,6.140504943577464e-06,4.0705859384856234e-07,5.840786203729191e-06,4.590182136147079e-05,1.0823463545814961e-05,0.00026445619230630374,8.465702893479559e-08,0.005997729582261891,0.9471606872882673,4.599945401827427e-06
41,7.709858583223633e-05,1.4980158660976637e-05,0.042775691780397654,0.0015757280140611585,6.176424160472263e-06,0.004541917893530871,1.3766754893272013e-05,5.7483151021957454e-08,0.0009657904611214131,8.514118023532452e-06,0.00011963905548616853,7.032160905756397e-06,4.440926073412999e-06,4.5232256204809264e-08,5.519001876720853e-08,9.167358107020117e-06,3.7203517634162905e-07,5.856803616366086e-06,3.8738588500614106e-05,1.2834111675218555e-05,0.00018156319578864933,5.289166552065789e-08,0.004039643676483782,0.9455960362845691,4.800815844481496e-06
42,2.9978672538308884e-05,7.4925591812963354e-06,0.025171241758718467,0.0017770580685564034,1.3354710356976818e-06,0.0029393415000501,7.4761359937030804e-06,7.584365701505834e-08,0.0003521548962945145,1.1805267028215994e-05,9.27796655183209e-05,7.872496533947427e-06,3.362376551299342e-06,3.897254679454801e-08,2.4348220476918445e-08,7.759446390007737e-06,3.965476028443812e-07,5.470759191431529e-06,4.9943811516245586e-05,1.0456644513481706e-05,0.0002821751914668289,1.0276324914431184e-07,0.004010417364041189,0.9652291352461888,2.1041934154986577e-06
43,3.2372405727458386e-05,1.0014105429386373e-05,0.024722672233312034,0.001902734665719053,2.0551597454450415e-06,0.004298792270609534,8.303443462286603e-06,5.713006016623373e-08,0.00028318693262661737,2.4749357056305644e-05,8.068064926209532e-05,5.140097451420343e-06,3.204878425643229e-06,6.389688479092876e-08,1.792738273802629e-08,6.206492990940002e-06,5.816078735154982e-07,7.329299859518246e-06,4.1005504903494114e-05,1.6006930493822393e-05,0.0003985850494034128,8.383885706108628e-08,0.007145573790742598,0.9610073249410639,3.257390656805266e-06
44,3.9705875206906704e-05,1.1067162732401259e-05,0.025754729103361795,0.0019221719002649482,2.453857116769197e-06,0.003390974338838362,8.523131219327379e-06,4.901999006667969e-08,0.00038065845412695883,1.1994430966183363e-05,0.0001028108199162056,6.1289629392714745e-06,2.8934826086281125e-06,5.434327616463742e-08,2.1698469879526535e-08,5.11404434737989e-06,4.2517432176445384e-07,5.620018142989279e-06,3.485639189699142e-05,1.1669865594068596e-05,0.00023272720944652835,6.739828690777245e-08,0.006222482532332547,0.9618495966421118,3.204142484935918e-06
45,3.9544367027513755e-05,9.39601460950166e-06,0.02820535472553854,0.0016689127128533916,2.3993046035149134e-06,0.0034677802476743525,8.764338334001958e-06,6.022088659913938e-08,0.00041151117851519534,9.959204331154922e-06,0.00011664219795731249,6.040298323578357e-06,2.8344386040018086e-06,4.427100962568077e-08,2.8308132131304738e-08,6.370554941581163e-06,3.548879346733926e-07,5.1345838268855115e-06,3.9287657137641955e-05,1.0364236575470496e-05,0.0001939449676765173,6.733298413678179e-08,0.004794125732497048,0.9609983388856412,2.739332384430982e-06
46,3.0289249084185804e-05,7.5958005448206145e-06,0.019986879968707173,0.002002988148007432,1.8803009921242024e-06,0.0032331936603144013,5.506930031832148e-06,4.090747919048536e-08,0.0002776223434585987,9.78795948760505e-06,9.634713318786809e-05,5.168370381878668e-06,3.367821134833132e-06,5.006971274633926e-08,1.6525461688444972e-08,4.465517776077265e-06,6.241198174793591e-07,5.592335421424725e-06,2.8362292268907004e-05,1.2535268886813229e-05,0.00023530966363788475,7.610678726483663e-08,0.006701202207601887,0.9673482998249986,2.797474817276571e-06
47,4.664724025318624e-05,1.0059089110064293e-05,0.024943959147470975,0.0016614464958964877,1.952221024226217e-06,0.002546099229826039,7.956801557587977e-06,4.0204323922056205e-08,0.0004343316809349288,1.1428930330323751e-05,6.768769160327106e-05,8.05177413027594e-06,3.91605364507689e-06,3.6977497772597535e-08,2.2486127564847512e-08,5.7492492031925185e-06,4.292407734694031e-07,5.904276523766953e-06,3.700440022503088e-05,1.1275472948879727e-05,0.00025215608093432924,8.192838593642046e-08,0.004563193132934952,0.965377187015416,3.3831789226849355e-06
48,3.428739960898491e-05,1.0639852964511873e-05,0.020227487707600286,0.001560185785600579,1.9427572937204158e-06,0.003104485612398424,6.714688697867609e-06,4.3221502292227976e-08,0.0002923084683054198,1.1109044319649897e-05,9.476601889383076e-05,4.839434962561846e-06,2.3999000992172167e-06,4.7801117068560236e-08,1.5520415911809053e-08,4.159469640318578e-06,3.696516682118722e-07,4.383798403837863e-06,4.016417094280262e-05,9.73407922670427e-06,0.00018439941443525661,5.7786352852773864e-08,0.005641763409228116,0.9687614590647942,2.2359415272828294e-06
49,3.5242674593509965e-05,9.753592428633705e-06,0.02688894827661965,0.002087921213483015,1.9222516782581935e-06,0.003200251485739945,7.67351584009582e-06,4.4878960229996896e-08,0.00033797122963925044,1.2041512825743248e-05,9.127804107723274e-05,6.323611898783667e-06,2.9056499438649513e-06,5.130242607144911e-08,1.8235112204235056e-08,4.59270395297525e-06,4.0131567224231195e-07,5.394341919720393e-06,3.0258685235258493e-05,1.1173233310428483e-05,0.00024120543996264247,6.581105860269463e-08,0.00645656617892046,0.9605649520190194,3.0427986814461933e-06
50,4.858318831905084e-05,1.6753254381456448e-05,0.0312314243251068,0.002235374467321298,4.151677175512383e-06,0.0036951918478851688,2.0014743600649912e-05,8.868754311253259e-08,0.00033451656639148035,3.0203515834581408e-05,0.00012437187538248405,8.982966445735853e-06,3.433465774401227e-06,9.475111317619185e-08,3.2455422817644475e-08,6.767842823714806e-06,5.371646562565014e-07,6.795246721201494e-06,4.814724092462045e-05,1.7325540879855296e-05,0.0003061081897721115,9.748441792285769e-08,0.01213248608987541,0.9497227642460373,5.7531661938554795e-06
51,5.687194076065528e-05,2.9855590818736797e-05,0.025365737681391092,0.004037935521464537,1.7129294059633657e-06,0.0027226649929766467,8.61426297372688e-06,7.593672543507771e-08,0.0004951671991118603,1.5471854607885552e-05,0.00012199548048285668,1.0386872969478763e-05,2.0757001056623465e-06,1.0760863339438762e-07,2.282858069056494e-08,4.4357148208813654e-06,4.7327781061526304e-07,8.04094980518961e-06,5.207631268758144e-05,1.2252072296076681e-05,0.00024273433281823845,1.265955911431851e-07,0.00626351337373123,0.9605443315086821,3.319460748111024e-06
52,3.5441734081057885e-05,1.2147210145954533e-05,0.025236473465933,0.0021535412555426306,2.3998338331037705e-06,0.002788792653097976,9.292503052729147e-06,4.638304225225396e-08,0.0003600656342422181,1.1875771414163393e-05,9.438542596588806e-05,7.347637877711266e-06,3.072519571966888e-06,5.3482477028916506e-08,1.8525651804806698e-08,4.703244876336663e-06,4.1015862124869257e-07,4.473571431958422e-06,3.239551728839466e-05,1.2324592047264095e-05,0.0002525748188967076,6.470446101062349e-08,0.007259568804734291,0.9617154053480979,3.12520361546796e-06
53,3.334156914329587e-05,1.2164051305014898e-05,0.03072231208983376,0.002448626249709685,4.206269327503504e-06,0.0030788950981448806,2.0691824137888212e-05,8.576092569510731e-08,0.00040240327162350273,1.5803103572601824e-05,0.00016618351657201154,1.0682778834309174e-05,3.47567300953448e-06,7.576057234088772e-08,3.694414627351201e-08,7.276036758465752e-06,4.373896241132855e-07,5.101079079588402e-06,3.475400475139831e-05,1.4928277074725361e-05,0.0002978875427429942,9.099526356339331e-08,0.010154708860487477,0.9525612308081096,4.601045249914055e-06
54,7.400306737408497e-05,2.353671733890312e-05,0.035236149047892,0.0023208545910546247,4.565747313346168e-06,0.0050521577574675755,1.3889301719551851e-05,5.51816388302049e-08,0.0005998703586358763,2.289253941813616e-05,0.00010312178743879079,8.325503692946836e-06,3.897478628765593e-06,9.238013458635899e-08,4.611947354525491e-08,7.980192437764417e-06,5.695544205952597e-07,8.275648053217737e-06,4.647219345282966e-05,1.801088407218165e-05,0.0002748937085187122,8.849664906102001e-08,0.007704734673082387,0.9484678733494648,7.643720626787787e-06
55,4.663931419988431e-05,8.972579736130878e-06,0.025451348385803176,0.001788700444222597,1.4010522585412213e-06,0.002267646228339217,7.0800259585131685e-06,3.4352670583375265e-08,0.0006829218711888452,6.36439428445531e-06,6.075097623942267e-05,1.0046702806673147e-05,3.942246768911238e-06,2.8348458564133883e-08,1.8019296551003898e-08,4.852474324213218e-06,2.5829198944320716e-07,5.886773425126032e-06,3.3101685510799696e-05,6.8307262221745575e-06,0.00021959349733723067,6.078774029029502e-08,0.002435446291383905,0.9669556458046875,2.4287251473220737e-06
56,3.918354841410128e-05,1.0729971273808509e-05,0.02490708768159136,0.0018838437665331014,2.3876728456667412e-06,0.0033068051872252547,8.337954259252383e-06,4.882977651831071e-08,0.000375082815157384,1.1732764238154815e-05,0.00010114586439459962,6.301878991851214e-06,3.0754179901060537e-06,5.3742391506924094e-08,2.1358658693598156e-08,5.064511217384973e-06,4.3537554796246174e-07,5.577028211774298e-06,3.543874783284959e-05,1.1608297370175611e-05,0.00023305874795628693,6.928577649997139e-08,0.006111272684164383,0.9629384949895523,3.141878628998994e-06
57,3.919624335027376e-05,1.1443487185716518e-05,0.025028349213465754,0.002098755559116764,2.2226403403120244e-06,0.0027180458661107063,9.693872849389365e-06,5.7504270637327425e-08,0.00042355415455585827,1.350056320961737e-05,8.633912386015716e-05,9.698072620919389e-06,4.389177963065495e-06,5.367841550626907e-08,2.3975778516164406e-08,6.417219072973375e-06,5.052116880420911e-07,5.803946866842795e-06,4.0196926622404674e-05,1.4130982060199558e-05,0.00028671203583436033,9.698935189064952e-08,0.0060455814753212975,0.9631517558446624,3.47623542639432e-06
58,3.4626965419289566e-05,8.537561039026897e-06,0.022043863791566323,0.0015996186691399647,1.8814552672361152e-06,0.00288127364170845,6.7370774983445965e-06,4.067926233905748e-08,0.0003183448575636262,9.37792635346233e-06,9.010056900458669e-05,5.268304615153786e-06,2.604757889078376e-06,4.1197551249051074e-08,1.5978724174038025e-08,4.244991927521659e-06,3.3533046782950177e-07,4.672462224072425e-06,3.182195180210423e-05,9.247561777041672e-06,0.0001875552185242343,5.417314325898605e-08,0.0051227259698172125,0.9676346845550896,2.324352624551682e-06
59,0.0002879390535915997,0.00030659272233808573,0.10395664021300977,0.025205440669477587,9.278407911931861e-05,0.03443105852734841,0.00026184214913914274,1.28482382417094e-06,0.003967636636483361,0.0003119455925137952,0.0010313133348324392,7.520512558161102e-05,1.8769344813064002e-05,5.305772913377087e-06,1.9001745890186052e-06,7.356960805624327e-05,1.8134623568251386e-05,0.00013782497024912875,0.0001898060328725456,0.00017138460146920686,0.003558293946886877,3.01137777671989e-06,0.07254135179025896,0.7530604296296477,0.00029053519963965227
60,3.9705875206906704e-05,1.1067162732401259e-05,0.025754729103361795,0.0019221719002649482,2.453857116769197e-06,0.003390974338838362,8.523131219327379e-06,4.901999006667969e-08,0.00038065845412695883,1.1994430966183363e-05,0.0001028108199162056,6.1289629392714745e-06,2.8934826086281125e-06,5.434327616463742e-08,2.1698469879526535e-08,5.11404434737989e-06,4.2517432176445384e-07,5.620018142989279e-06,3.485639189699142e-05,1.1669865594068596e-05,0.00023272720944652835,6.739828690777245e-08,0.006222482532332547,0.9618495966421118,3.204142484935918e-06
61,0.00023316274136540424,0.0035644885262374917,0.04774242478793195,0.2663500406217578,0.0011162922550784326,0.1708351321226298,0.0014351097166557995,1.1821334416417066e-05,0.012413479881419533,0.0039037380592292265,0.00333946419751217,0.0002346227199854751,1.5623532953941622e-05,0.0008565451813958535,9.441393105052817e-05,0.0008582490562245131,0.0006582667446980864,0.00144238142673168,0.00016615042388758717,0.001877791457937657,0.0253748489179072,9.60079828135046e-05,0.3811933941514567,0.05875223473357051,0.0174343154951527
62,3.9705875206906704e-05,1.1067162732401259e-05,0.025754729103361795,0.0019221719002649482,2.453857116769197e-06,0.003390974338838362,8.523131219327379e-06,4.901999006667969e-08,0.00038065845412695883,1.1994430966183363e-05,0.0001028108199162056,6.1289629392714745e-06,2.8934826086281125e-06,5.434327616463742e-08,2.1698469879526535e-08,5.11404434737989e-06,4.2517432176445384e-07,5.620018142989279e-06,3.485639189699142e-05,1.1669865594068596e-05,0.00023272720944652835,6.739828690777245e-08,0.006222482532332547,0.9618495966421118,3.204142484935918e-06
63,4.174890192613866e-05,1.257348213542917e-05,0.025764023822625944,0.0019733895581286252,2.5658644667464193e-06,0.0033872545571673224,8.644133013983592e-06,4.882818386139848e-08,0.000387136157582618,1.2541003399541352e-05,0.00010220410928061833,6.261424052291736e-06,2.9166759818328477e-06,5.7755994625038723e-08,2.1845506356226205e-08,5.045449850892213e-06,4.365145911527333e-07,5.547437240022691e-06,3.63550761924938e-05,1.2199358500429526e-05,0.00023489995094058537,6.770596502762306e-08,0.006441446228368494,0.9615593067068247,3.307452080144737e-06
64,3.769937367839615e-05,1.1037561079319649e-05,0.025717830535535176,0.0019957575287547526,2.345999322138566e-06,0.003439599037787232,8.517947738060377e-06,4.711027383779059e-08,0.0003741782067175779,1.3299868354763557e-05,9.390271367193781e-05,6.558786621834677e-06,3.231861944842577e-06,5.6926651817470997e-08,2.078653238073885e-08,5.065234610120845e-06,4.654144200710324e-07,5.878663620760078e-06,3.451594020237401e-05,1.259337025182042e-05,0.0002867900402477156,7.182265442142076e-08,0.006537794661088307,0.9614093366153595,3.403992880940599e-06
65,3.970797099695192e-05,1.3838668982496657e-05,0.0315774892749467,0.0026092435231359285,3.0362134801917712e-06,0.004125505945976766,1.2349355607843898e-05,6.879846147513482e-08,0.0003248293676626082,2.2969172542004633e-05,0.00011202332196211797,6.774986084439809e-06,3.0038257161277546e-06,8.397657102704594e-08,2.5043417318415483e-08,5.918972267725069e-06,5.400007699618746e-07,6.74816711838552e-06,3.5722394586274775e-05,1.7283875584664757e-05,0.00033009057003345295,7.881281814725519e-08,0.010340015072146559,0.9504080393009449,4.6133881859767336e-06
66,3.7324034962047584e-05,9.01822777663812e-06,0.025041698800364245,0.001622292678286627,2.375586577772036e-06,0.0033936675829388642,7.377130377310012e-06,4.103706859752542e-08,0.0003303570843437258,1.1732215224258443e-05,8.88136274138753e-05,4.868095576232152e-06,2.8935803787521897e-06,4.452231849344871e-08,1.8130473126722034e-08,4.586261232741281e-06,4.173709766788814e-07,5.3517002858589965e-06,3.0795813218235494e-05,1.1806199378576227e-05,0.00022592079267070488,5.508970703296793e-08,0.006101534590585344,0.9630640432607496,2.9665871147568707e-06
67,1.803182332262603e-05,5.392091947497876e-06,0.016231007803074755,0.00244167534617272,1.5887144024382066e-06,0.004282502166754822,3.540239413051615e-06,2.6393424822495848e-08,0.00015937975538803199,1.1348812572916634e-05,7.929243732082948e-05,3.1348920750567516e-06,3.0532698428922295e-06,6.849671894653951e-08,7.67269050663812e-09,3.490170274390475e-06,5.482957481521107e-07,4.53884579412497e-06,1.4843104289123773e-05,1.614483219365859e-05,0.00021866573960714633,3.602762092574464e-08,0.010165234956724582,0.9663340350887277,2.4130238984953373e-06
68,3.480572973638953e-05,9.219009813258595e-06,0.0269198694072404,0.002088435099597028,1.5449077224455712e-06,0.0027688358471017484,6.919872469013313e-06,4.051997394028208e-08,0.00031735768884241214,1.1484523941717063e-05,7.692564103503411e-05,5.739943865985478e-06,2.3626936066035946e-06,4.3175539899941806e-08,1.2701486383349774e-08,3.8004592229500605e-06,3.1893607891451054e-07,5.117065418850114e-06,2.735041764580851e-05,9.411745127660638e-06,0.00023377097838865948,5.332368683746891e-08,0.005960365089154814,0.9615137659759984,2.4492473050088356e-06
69,2.1429336704893206e-05,7.108326095564088e-06,0.019506238565042664,0.0016822596238467238,1.6698474050440108e-06,0.0024920170290694335,5.981318399504047e-06,4.177872723522351e-08,0.00020537695132135037,8.387549795022095e-06,0.00010127766579214508,4.47425909472319e-06,2.0178235159692435e-06,4.05447772851982e-08,1.1404019953479972e-08,3.740531796747951e-06,2.6808306322170356e-07,2.916535159679783e-06,2.5205820118048942e-05,9.959719671371464e-06,0.00018298006338977071,3.913354603897438e-08,0.006542528424523264,0.969192430818411,1.598846713354009e-06
70,8.377169188605205e-05,1.5137334626771538e-05,0.051832012956976405,0.004144010830643461,3.964450848827902e-06,0.00439438282674914,1.3428108156136607e-05,1.0465029143820277e-07,0.0006842574162767111,2.0386897436468635e-05,0.00010709347155068626,1.0279782966617726e-05,5.764008733222518e-06,9.371518567701005e-08,4.292434667309928e-08,1.1835305929799144e-05,7.962700134406056e-07,1.3263608376976909e-05,2.9277175809878565e-05,2.681109162871653e-05,0.0002567787620824592,1.0490739841442829e-07,0.007032853961453922,0.9313062533428694,7.294507762784482e-06
71,4.010237846567349e-05,9.556566359792103e-06,0.02798946412086695,0.0017947678957995002,2.061503641472653e-06,0.003580191646966316,8.118903969588589e-06,4.970496595546802e-08,0.000397464369414983,1.0543545904507585e-05,0.00010853842627368666,5.939188106908651e-06,2.5902651172686598e-06,4.821651709341226e-08,2.271425705802177e-08,4.836441709038816e-06,3.781432670589745e-07,5.9603843711822195e-06,3.6548304821249794e-05,8.86360197639688e-06,0.00022316680625248506,7.078169593175114e-08,0.005291325881467688,0.9604764335898293,2.9566179829962988e-06
