,0,1,2,3,4,5,6,7,8,9,10,11,12,13,14,15,16,17,18,19,20,21,22,23,24
0,3.78155528529492e-05,5.450622665181025e-09,0.00040753272463572447,4.956390599258144e-09,1.919276022848452e-05,0.00017837914121038976,0.00041976122475715456,2.8951958232064236e-06,1.2015248437512991e-05,0.008810604308318207,2.587422866368682e-09,1.858885038782888e-05,3.5675454215850974e-06,1.9247978022343647e-06,4.2813028492999647e-07,1.0225562314046776e-05,0.002720812533181878,3.491745710536996e-07,5.9085074379109745e-05,4.39951375556917e-07,0.001211260679634308,8.802096996928492e-07,0.00788055013909772,0.9781776529960972,2.6025205052932678e-05
1,4.8219019648444486e-05,6.145102082411581e-09,0.0005609988506128432,5.266042537481974e-09,2.6226035178512494e-05,0.00019432062223138702,0.00043752482853853683,3.1753284026499036e-06,1.5816135948219207e-05,0.010701877382136292,3.075816930818121e-09,1.9072962201354566e-05,4.151625003346998e-06,1.983441669541163e-06,4.419367375164778e-07,1.2185410647121414e-05,0.0028673243528573793,3.3533723506574825e-07,8.073121283006771e-05,4.722063829020666e-07,0.0012012291356040842,9.329106914765598e-07,0.007629918264473088,0.9761657438013553,2.7304712653001188e-05
2,4.494781159320609e-05,8.862894916547157e-09,0.0005142528136461322,5.6715142454463344e-09,2.9506853941052725e-05,0.0002019953383051771,0.0004447844049846047,3.832693033511861e-06,1.7999911030043652e-05,0.010961695866999712,4.8042692848399286e-09,2.7892404701890577e-05,3.826167478275156e-06,3.12738873265657e-06,8.617649155829958e-07,9.8779384462638e-06,0.0028285571321418675,4.826190380238632e-07,6.574618372595848e-05,6.476098186256084e-07,0.001562325905883524,1.109541660088976e-06,0.01100125615467436,0.9722317590153573,4.3495141213882184e-05
3,3.449202359972038e-05,6.108156101316729e-09,0.00038623939399697483,4.537505506838823e-09,1.854852057477041e-05,0.00017647724892626304,0.00040670896183515615,2.593560143374004e-06,1.0651381812243904e-05,0.00784724273008833,2.5394223242276638e-09,2.0551241745918914e-05,3.1632190329764423e-06,2.1032885681550984e-06,4.5492160587441424e-07,9.44758965652312e-06,0.0026387236075301806,3.4977371499111697e-07,5.744212052526125e-05,4.0453816205523523e-07,0.0012019410760068672,9.699442668892326e-07,0.007606602176214851,0.9795463800532811,2.849944362761967e-05
4,3.36956166794742e-05,5.667598190862381e-09,0.0003643079861248638,4.340853328900583e-09,1.75190776557897e-05,0.00016964682786368897,0.0003855950985567015,2.471662940227472e-06,9.642462503055365e-06,0.0073943952434090306,2.322451678860353e-09,1.9077158536682284e-05,3.3472640971426537e-06,2.0447739760633275e-06,4.0920938598037784e-07,9.482358001623628e-06,0.0024986516254462817,3.530168225084507e-07,5.7611565744657916e-05,3.994879991934773e-07,0.0011013627847263135,8.798780435649885e-07,0.007065262476228158,0.9808383776090482,2.545448530762133e-05
5,3.3131301548597485e-05,6.470975168548659e-09,0.000341651858268224,4.871669299067566e-09,1.705491676907679e-05,0.0001803582250978319,0.0003793093865167558,2.584476908569218e-06,9.868822477668872e-06,0.007186076054452143,2.4249236536574335e-09,1.8771661673689506e-05,3.2108273528776303e-06,2.12294909875233e-06,4.566256324208225e-07,9.7632396533088e-06,0.0025368972930560575,3.975963958266121e-07,5.914046075582793e-05,3.9997038338123133e-07,0.0011708690408846153,9.47964003944327e-07,0.007592656154705012,0.9804277903533968,2.6527053400219036e-05
6,3.449202359972038e-05,6.108156101316729e-09,0.00038623939399697483,4.537505506838823e-09,1.854852057477041e-05,0.00017647724892626304,0.00040670896183515615,2.593560143374004e-06,1.0651381812243904e-05,0.00784724273008833,2.5394223242276638e-09,2.0551241745918914e-05,3.1632190329764423e-06,2.1032885681550984e-06,4.5492160587441424e-07,9.44758965652312e-06,0.0026387236075301806,3.4977371499111697e-07,5.744212052526125e-05,4.0453816205523523e-07,0.0012019410760068672,9.699442668892326e-07,0.007606602176214851,0.9795463800532811,2.849944362761967e-05
7,6.329016133999098e-05,4.69127358765815e-09,0.0005789112157573876,5.3331385900422335e-09,2.0138610108319083e-05,0.00012365132476090202,0.00047727605526848527,3.521744599040194e-06,1.0845003346647182e-05,0.0113660890371185,3.220336105978367e-09,1.84324935217051e-05,5.174696539008946e-06,1.8990610164923428e-06,3.2955317349221646e-07,1.0395200336942429e-05,0.002824166467566622,2.662304580226003e-07,7.203170995268436e-05,4.6279137627401097e-07,0.0007507035318918082,9.314324218111476e-07,0.004784442954517113,0.9788633202196391,2.3707260541223526e-05
8,3.858798257859445e-05,1.990272854013738e-08,0.0004011090634378314,8.668132184860877e-09,4.18946553328517e-05,0.0005696634946181433,0.0005924330005764798,5.747161888760928e-06,2.7756746615639725e-05,0.010297728902280739,5.702790473082165e-09,3.5277370990618794e-05,4.54701371262405e-06,3.1363092610288283e-06,1.427157731740966e-06,2.033255245017496e-05,0.003797322778687183,1.218867970961845e-06,0.00015220065867846652,6.462840073103434e-07,0.001971906991297995,2.448770190947221e-06,0.01089333485819691,0.9710968438286739,4.440127716990211e-05
9,3.998742466564361e-05,1.736258331485166e-08,0.0006821723888340146,1.1397672810075103e-08,8.148587269228355e-05,0.001064243893518093,0.0009618905084758394,9.004884991774343e-06,2.7609631561620075e-05,0.008911527412612098,4.794577809570693e-09,4.858161707169433e-05,1.4022850253537768e-05,2.5786307433602283e-06,7.198461502689543e-07,7.412749303075572e-05,0.005868304983546226,2.0716465650804965e-06,0.00037448201675399016,1.030170156697249e-06,0.0019810006835074053,3.1842780002837586e-06,0.004548256106875499,0.9752848833790287,1.8800726131296835e-05
10,3.449202359972038e-05,6.108156101316729e-09,0.00038623939399697483,4.537505506838823e-09,1.854852057477041e-05,0.00017647724892626304,0.00040670896183515615,2.593560143374004e-06,1.0651381812243904e-05,0.00784724273008833,2.5394223242276638e-09,2.0551241745918914e-05,3.1632190329764423e-06,2.1032885681550984e-06,4.5492160587441424e-07,9.44758965652312e-06,0.0026387236075301806,3.4977371499111697e-07,5.744212052526125e-05,4.0453816205523523e-07,0.0012019410760068672,9.699442668892326e-07,0.007606602176214851,0.9795463800532811,2.849944362761967e-05
11,3.417289247609584e-05,5.324365909670686e-09,0.00035563122307953496,4.1708057818364016e-09,1.6873124811127812e-05,0.0001638486597144414,0.0003937434541742768,2.561960791678702e-06,9.75801800662403e-06,0.0075132800730437,2.265191918562313e-09,1.903205165603627e-05,3.3563789916236787e-06,1.946602901508581e-06,3.9579604595798133e-07,9.34024876032188e-06,0.0025590760182258687,3.420151075053219e-07,5.665652743057166e-05,3.850354422014842e-07,0.001053744446821878,8.835864202067083e-07,0.006794717513372956,0.980985326604485,2.4916007877087827e-05
12,2.12232299409316e-05,4.604222633816027e-09,0.00025655846941328596,3.3103603733371745e-09,2.3603476972813602e-05,0.00017421656030220067,0.0004006129066269859,1.2080848701122337e-06,8.871575208667854e-06,0.005467483853800902,1.8159168881541914e-09,1.7604703115828905e-05,2.3119713415051135e-06,2.9279544823330724e-06,3.4580784382880814e-07,6.9059700918979325e-06,0.002004237984575802,3.660428369961065e-07,3.5123845137623196e-05,4.3166816882251216e-07,0.0012242734634673525,5.437008980893352e-07,0.011210902439565277,0.9791060092739726,3.4227286866026596e-05
13,9.264747524378199e-05,6.929287100574655e-09,0.0009589503408546653,9.821024859608826e-09,3.439652069507779e-05,0.00011983608073594825,0.0006516124213478663,6.637695711360458e-06,1.650333482927797e-05,0.01483519889738304,1.8045983042519253e-08,6.588520207641328e-05,6.2926521993350895e-06,9.648085740998043e-06,1.7261996692014366e-06,1.500666281502946e-05,0.0036150666840671524,7.176299629143264e-07,5.058665030323526e-05,1.359799160786017e-06,0.0024903403498762653,1.0924373834955023e-06,0.014954830814634976,0.962021092188727,5.05370802873474e-05
14,4.8360070077489125e-05,4.159572878627208e-08,0.0009453728305269284,1.5877908053539866e-08,7.958145094779825e-05,0.0006600091424813433,0.0004030330054775962,3.923374718828052e-06,2.5650788267603115e-05,0.013035571863810097,1.057266620170346e-08,2.7013684922266476e-05,7.521364905978007e-06,4.076690731432479e-06,1.455403256759317e-06,2.5841214002629113e-05,0.0034188342830379194,1.596475755571747e-06,0.0002650008488793076,1.3215839212516694e-06,0.00235585726053613,2.3668892146037636e-06,0.013613705770062032,0.9650268616994506,4.697625871286698e-05
15,3.449202359972038e-05,6.108156101316729e-09,0.00038623939399697483,4.537505506838823e-09,1.854852057477041e-05,0.00017647724892626304,0.00040670896183515615,2.593560143374004e-06,1.0651381812243904e-05,0.00784724273008833,2.5394223242276638e-09,2.0551241745918914e-05,3.1632190329764423e-06,2.1032885681550984e-06,4.5492160587441424e-07,9.44758965652312e-06,0.0026387236075301806,3.4977371499111697e-07,5.744212052526125e-05,4.0453816205523523e-07,0.0012019410760068672,9.699442668892326e-07,0.007606602176214851,0.9795463800532811,2.849944362761967e-05
16,2.905960156669244e-05,4.477583302970091e-09,0.0004011381015655191,4.389323435398034e-09,1.567341195823949e-05,0.0001639698830701564,0.00038836275509402795,2.704290915796941e-06,6.696554616788939e-06,0.006419539660166454,2.6283984272061776e-09,2.645098134833037e-05,4.016382963750196e-06,2.6485502155099853e-06,4.692801514205954e-07,1.279421303967061e-05,0.002405683876633736,4.734737747139573e-07,5.1989702568992316e-05,4.878379042386092e-07,0.0015165960065934591,7.99218215383642e-07,0.00667021369966589,0.9818623423311535,1.7878691512481287e-05
17,4.573444562213818e-05,5.02363301929815e-09,0.00041738514550794737,5.1906674936456794e-09,2.136700051504912e-05,0.00012070461706734072,0.0006358710777448518,2.642368320242383e-06,9.622635491506162e-06,0.00673436423772949,3.2229512649192813e-09,2.933828049798133e-05,3.2758314877668816e-06,3.3764695111066277e-06,4.1200522645855033e-07,8.759401862750545e-06,0.0031478475154235134,3.1173298203864235e-07,3.8184411627224655e-05,4.545258491924706e-07,0.0012283709936300544,1.024360287677376e-06,0.007502481826834232,0.9800101762560384,3.8281423491358926e-05
18,3.388182297823934e-05,6.806248666196783e-09,0.0002305072441487782,3.5081923376115273e-09,1.4224389364492382e-05,0.00013415468869409182,0.00039857583710782514,1.8749040695920958e-06,1.023271564652321e-05,0.005987868915877948,2.001538079351283e-09,1.7019883313162144e-05,2.1924933994771193e-06,1.9522393882821647e-06,3.5399839972373855e-07,5.458717218168151e-06,0.0034077883821534588,3.12656715992127e-07,4.805756005060915e-05,2.893482002172962e-07,0.0007744139851056959,1.2155471058899207e-06,0.007709404596354286,0.981173021864857,4.718589387133664e-05
19,3.1536077318705106e-05,3.649214921527311e-09,0.0003940357201911019,3.829942389155266e-09,1.642936424355906e-05,0.00015643469151241086,0.0004929974531422869,2.496764235733007e-06,8.951357525296088e-06,0.009099841328279894,1.8604291690305648e-09,2.0451684466944956e-05,3.375788672495619e-06,1.4717206854565546e-06,2.75561426890127e-07,8.72452493377862e-06,0.0026300017421621554,2.2426612060641353e-07,4.591224207439884e-05,3.657845648513552e-07,0.0009336089341779155,9.15638201536971e-07,0.005136489087470333,0.9809928790883002,2.257184070687491e-05
20,3.1584328735295436e-05,1.183253149452272e-08,0.0004055426883963146,5.65259879068692e-09,1.6135060569331313e-05,0.00022550673410084036,0.0003883625743040386,3.9353244325441695e-06,1.1152414808457209e-05,0.007467248312506096,3.4220224130909977e-09,3.1689106780564115e-05,2.961466886999389e-06,2.3996563191235077e-06,9.279902801760586e-07,1.0964551186280568e-05,0.0027906003696568774,4.964212030756789e-07,6.720252861121007e-05,4.080679388504288e-07,0.0017589742533341164,1.8117862487769152e-06,0.007804044504510665,0.9789455053374199,3.252561461786862e-05
21,5.371780281180152e-05,7.135043799461448e-09,0.0005432968495679817,7.573717500438763e-09,2.565764299707706e-05,0.0001823398354687422,0.0004952175121816549,3.4751331406477307e-06,1.255925176584849e-05,0.009716408736925978,5.29698060407863e-09,3.082599517505438e-05,4.360304198494585e-06,4.156739897115595e-06,7.238204926054375e-07,1.3730563136032975e-05,0.002904787336199436,5.189769124366309e-07,6.559924943323305e-05,6.487263701587373e-07,0.0016428186165523407,1.035626875816997e-06,0.009797782632485971,0.9744662975660686,3.402107560104585e-05
22,4.633616173105785e-05,5.992252472596584e-09,0.0005567379136652366,6.886353319428017e-09,2.1756523026800638e-05,0.00017062652336833072,0.00045867385592708934,3.1366169945007542e-06,1.107522112345707e-05,0.010578324130240556,4.435605018539554e-09,2.4426179907121078e-05,4.2568611396318404e-06,2.5885307837679423e-06,5.138824687653096e-07,1.2330000181906049e-05,0.0037655471247513817,4.572271956883692e-07,6.332197389096311e-05,6.271325064272394e-07,0.0015783519648325446,1.1565933917019268e-06,0.008785744609338935,0.9738845415831416,2.9452076181572422e-05
23,3.449202359972038e-05,6.108156101316729e-09,0.00038623939399697483,4.537505506838823e-09,1.854852057477041e-05,0.00017647724892626304,0.00040670896183515615,2.593560143374004e-06,1.0651381812243904e-05,0.00784724273008833,2.5394223242276638e-09,2.0551241745918914e-05,3.1632190329764423e-06,2.1032885681550984e-06,4.5492160587441424e-07,9.44758965652312e-06,0.0026387236075301806,3.4977371499111697e-07,5.744212052526125e-05,4.0453816205523523e-07,0.0012019410760068672,9.699442668892326e-07,0.007606602176214851,0.9795463800532811,2.849944362761967e-05
24,4.1738385727261654e-05,7.9135236872822e-09,0.00043219474865154733,6.400684254239646e-09,2.4243106609213988e-05,0.00019843912426608734,0.00044790224672787817,2.808742319000949e-06,1.1523616822594811e-05,0.008203404939132432,3.1391553679292286e-09,2.2559521946000308e-05,3.7297402701467694e-06,2.615669891509565e-06,4.828064690356607e-07,1.1232845665930386e-05,0.0028245559029356744,4.1500361577182657e-07,6.755207689781934e-05,4.780782335390796e-07,0.0012608587537924667,1.1408736397204258e-06,0.007581463960298732,0.9788285353594708,3.2107043253409415e-05
25,5.7206225449247576e-05,4.490703737345005e-09,0.0005379060037523449,6.218138227086833e-09,2.2370245332811223e-05,0.00012067080578791666,0.0006647419602562203,4.2110063571095875e-06,1.0729857438141666e-05,0.01002514869877962,5.4451676204467225e-09,3.3770593926172915e-05,4.895095304252941e-06,3.727643688621932e-06,5.822619666883078e-07,1.1416728384494943e-05,0.0033173003250250707,4.193315358398015e-07,4.4933472277003067e-05,6.657709720662732e-07,0.001316643205974169,9.887462502664772e-07,0.007640693238820868,0.9761492919143347,3.167071437650668e-05
26,3.634714475261593e-05,7.050708902147784e-09,0.0004595543571244948,5.343631831264278e-09,2.0384576398022577e-05,0.00018945236103061974,0.00045134372618176196,3.0821422118043383e-06,1.0482039743771895e-05,0.008439740919747559,3.2976645936217904e-09,2.7549338681842035e-05,3.435098160600459e-06,2.5722478783413017e-06,5.838007228890695e-07,1.0836236883973731e-05,0.0027179611219283984,3.8730973245140374e-07,5.8894309720614006e-05,4.702618841901406e-07,0.001434744218688301,1.1700881686203204e-06,0.007487432686254839,0.9786131669443013,3.039337779764009e-05
27,4.147775585392604e-05,1.0834302132377161e-08,0.0003820541832651743,5.711172311835483e-09,2.162776876486006e-05,0.00022630238211612152,0.00045407096960812545,3.4391696278190682e-06,1.6411749505572324e-05,0.009008639286237751,3.308843793909293e-09,2.3220725687985447e-05,2.9573920697060716e-06,2.2604027685744864e-06,6.867828446376252e-07,9.727026403811416e-06,0.0029988172098397597,4.0371431661248036e-07,7.685380734705888e-05,3.864285635449053e-07,0.001184439060211116,1.5519599455413057e-06,0.008400526926260456,0.9771007903954795,4.3335048964239846e-05
28,3.449202359972038e-05,6.108156101316729e-09,0.00038623939399697483,4.537505506838823e-09,1.854852057477041e-05,0.00017647724892626304,0.00040670896183515615,2.593560143374004e-06,1.0651381812243904e-05,0.00784724273008833,2.5394223242276638e-09,2.0551241745918914e-05,3.1632190329764423e-06,2.1032885681550984e-06,4.5492160587441424e-07,9.44758965652312e-06,0.0026387236075301806,3.4977371499111697e-07,5.744212052526125e-05,4.0453816205523523e-07,0.0012019410760068672,9.699442668892326e-07,0.007606602176214851,0.9795463800532811,2.849944362761967e-05
29,3.449202359972038e-05,6.108156101316729e-09,0.00038623939399697483,4.537505506838823e-09,1.854852057477041e-05,0.00017647724892626304,0.00040670896183515615,2.593560143374004e-06,1.0651381812243904e-05,0.00784724273008833,2.5394223242276638e-09,2.0551241745918914e-05,3.1632190329764423e-06,2.1032885681550984e-06,4.5492160587441424e-07,9.44758965652312e-06,0.0026387236075301806,3.4977371499111697e-07,5.744212052526125e-05,4.0453816205523523e-07,0.0012019410760068672,9.699442668892326e-07,0.007606602176214851,0.9795463800532811,2.849944362761967e-05
30,3.449202359972038e-05,6.108156101316729e-09,0.00038623939399697483,4.537505506838823e-09,1.854852057477041e-05,0.00017647724892626304,0.00040670896183515615,2.593560143374004e-06,1.0651381812243904e-05,0.00784724273008833,2.5394223242276638e-09,2.0551241745918914e-05,3.1632190329764423e-06,2.1032885681550984e-06,4.5492160587441424e-07,9.44758965652312e-06,0.0026387236075301806,3.4977371499111697e-07,5.744212052526125e-05,4.0453816205523523e-07,0.0012019410760068672,9.699442668892326e-07,0.007606602176214851,0.9795463800532811,2.849944362761967e-05
31,4.285944545277198e-05,5.674307417227617e-09,0.0005125193450733684,4.091903954899661e-09,1.4836536843375148e-05,0.0001284891011013714,0.0003453456280659383,3.82775240694537e-06,9.125915287727212e-06,0.006503861872203927,2.234418108875098e-09,2.0620039321118545e-05,4.281082983775317e-06,1.6929283447286675e-06,4.12022015907081e-07,1.1051255362197931e-05,0.002714295818829755,3.194525067410788e-07,6.614066227089e-05,3.7634238087715153e-07,0.001208222951437641,9.186796474955309e-07,0.005296339640217316,0.9830955368893212,1.891463829538869e-05
32,3.473027330456505e-05,6.339104373870501e-09,0.00037044874191514147,4.381432078718934e-09,1.7797772278637056e-05,0.0001765019280761791,0.00037054698795089365,2.5196489912617988e-06,1.0278829272019452e-05,0.007448454248760848,2.322607351600472e-09,1.8659604733653858e-05,3.25046336091367e-06,1.962079934086694e-06,4.221391508626361e-07,9.508987135218989e-06,0.002592126253050809,3.568897243293667e-07,6.3851777386027e-05,3.790681489547632e-07,0.0010940477497485166,9.570039059778387e-07,0.007042321988565157,0.9807142833177249,2.6581203737283028e-05
33,1.397322466939681e-05,2.6823154747539556e-09,9.983767709816024e-05,1.613952563577466e-09,4.066054120815737e-06,9.394384650364496e-05,0.0001682635296477954,9.571787298878124e-07,1.7202210024306206e-06,0.0021271558290565,2.657847780857767e-10,6.462362211929083e-06,2.5171860447498855e-06,5.360807885869045e-07,6.159699531762975e-08,6.488490130773702e-06,0.00177662951364011,2.14553519281856e-07,5.4661075696536215e-05,1.0165133737942565e-07,0.00027806536200191594,6.347062867596335e-07,0.0014500273717864404,0.9939078101592774,5.867767401286676e-06
34,0.0001312300019914883,5.773241062848428e-09,0.0007737224189365673,6.255321751482835e-09,2.990703562987504e-05,0.00010290211423785537,0.000369034432448081,3.992480390084424e-06,1.597621307496744e-05,0.010628951788479356,4.742434351271546e-09,1.7159166983331953e-05,6.686286482399977e-06,3.0525264903123156e-06,4.089724233264085e-07,1.2571939928278358e-05,0.003238993719322762,3.618764742860033e-07,0.00010926024305475716,5.436198631015934e-07,0.0009208250366458603,7.013788058850425e-07,0.0069230337818450005,0.9766839291854982,2.6739009997106732e-05
35,0.000112507867567241,1.6060056382946127e-08,0.000523179434869862,7.862492157397375e-09,3.056854717077093e-05,0.00021574078022179968,0.0005504495727778373,8.48427655914201e-06,3.8560944204680984e-05,0.01203896479063592,4.366101100532521e-09,2.1760001993346706e-05,5.046224022381417e-06,1.7925770222318307e-06,7.202811472610398e-07,1.2860205271305957e-05,0.004724772765568815,4.179586145197563e-07,0.00016141045706118053,3.6589015837661615e-07,0.0008566100006329238,2.38304676445205e-06,0.006304490228553631,0.9743387338722065,5.015198832652399e-05
36,3.342459805095697e-05,4.798484072677109e-09,0.00028141587105896067,3.5879814811208825e-09,1.1722358607735765e-05,0.00012863781457636154,0.0005520950922436877,3.7598462508986205e-06,8.04064042767776e-06,0.006086973010765283,2.4512653729867124e-09,3.734991808624163e-05,3.1643143849348144e-06,2.298303338038574e-06,4.659041978663385e-07,8.994647354040394e-06,0.0036771131793914328,3.767668771940658e-07,4.325007537646394e-05,3.3894603864840836e-07,0.0010124958378341497,1.5311657780884887e-06,0.004927143128745527,0.9831502133857448,2.9184357140306143e-05
37,2.7610911048131384e-05,3.263241468588772e-09,0.00028053862171263953,3.1077146638853135e-09,1.0986461857203117e-05,9.568530989839825e-05,0.0003110689390281516,1.3603359195680998e-06,4.324980211994224e-06,0.004392499148283829,1.384095601845388e-09,1.5079072052521948e-05,2.6802320474337597e-06,2.1866322999538636e-06,2.2692714640932084e-07,7.148948389081403e-06,0.0019007993707886135,2.534359895987504e-07,3.507859239874661e-05,2.9515141570585653e-07,0.0008864894316347857,5.240685772980611e-07,0.0056358525504184385,0.9863713751999681,1.7927923861435768e-05
38,2.3092510489857927e-05,5.398284411086996e-09,0.0002928285195354522,3.690641303941781e-09,1.3940937631518694e-05,0.00021434148845357763,0.00034442796255620186,2.3036260226780893e-06,8.16237168502181e-06,0.006670452002415245,2.0085400683407996e-09,1.8472598369018365e-05,3.1803824137874473e-06,1.7752610857997968e-06,4.661234476721502e-07,1.0711702000096514e-05,0.002150946118249244,4.5542967634778896e-07,6.089086018647155e-05,3.667770758086434e-07,0.0012166448108981893,8.446273855807461e-07,0.007244686795951013,0.9817023555923583,1.864240464719462e-05
39,2.0626003341037904e-05,6.790257556953591e-09,0.0004532681521341477,3.4019769298408997e-09,1.3438553288523237e-05,0.0002217981502931394,0.00029074436762770113,2.9581748706885484e-06,8.17192941806933e-06,0.005140603150277505,1.3485255000923745e-09,2.2019603336450502e-05,2.982520718366704e-06,1.165005410142887e-06,4.1174864593172404e-07,1.1890172558579176e-05,0.0027188436585507806,3.232241555279224e-07,6.47268831856885e-05,3.147885247352857e-07,0.001956176159192633,1.1261696953033108e-06,0.005769883542292458,0.983281729977191,1.6786524531746032e-05
40,4.236133942632258e-05,7.172979070168e-09,0.0006259856114223141,4.1050752981930465e-09,3.0059287497188377e-05,0.0001440212689665724,0.00048009971873660116,2.247033950603987e-06,1.000369118345949e-05,0.006204050374677779,3.262281941361607e-09,3.45881447043257e-05,3.366048190135007e-06,3.7861577834295805e-06,4.936384647457901e-07,9.464662902592278e-06,0.002702097214149251,3.2049574442305464e-07,5.500971507361562e-05,4.8536251124801e-07,0.0015167146867390228,1.035366658220911e-06,0.00743148292331527,0.9806631491665586,3.9163551008045266e-05
41,5.42423076801558e-05,9.801384335990327e-09,0.0005344192199713804,7.709210955248315e-09,3.3863502522539264e-05,0.00024037571182033298,0.0004563066033198902,4.09462918393014e-06,1.857571534107762e-05,0.010935496769915726,4.6105972830747735e-09,2.2324501589181318e-05,4.802095427668916e-06,2.9413793334491047e-06,7.211674881205637e-07,1.441752437078748e-05,0.0027547934804949725,5.514305965138778e-07,9.384522255770032e-05,6.156348833901555e-07,0.0014087742498611114,1.093563172271191e-06,0.009275565487422201,0.9741098190537362,3.2338628119057405e-05
42,4.322239741681205e-05,1.5537767676609642e-08,0.0007359983856613071,7.384141019389135e-09,1.8798586260191725e-05,0.00027527818027534235,0.00037390299697493974,5.990011225924251e-06,1.551810322407609e-05,0.008223653174067277,2.7371542242541423e-09,2.635713491980437e-05,4.097482229580714e-06,1.245802085492473e-06,6.221985014144651e-07,1.8127365330625524e-05,0.004049295878071508,3.801066921555012e-07,0.0001381046020543,3.5729042382167357e-07,0.0017323395863326617,2.6802845685260493e-06,0.0050246966544934425,0.979285349204029,2.3958916098898322e-05
43,1.949587207363618e-05,3.692581920467049e-09,0.00031118818889592034,3.1209397389079217e-09,1.2576852659489612e-05,0.00021098726653752089,0.0002956561858153986,2.3738024175592122e-06,8.355183032947126e-06,0.008129342136383708,1.202853722661881e-09,1.5100649062230023e-05,3.078175077175081e-06,9.276988273782013e-07,2.9540070438771983e-07,9.306834002736943e-06,0.0022852695117562493,2.921659140294843e-07,5.097104607708807e-05,3.329954619323603e-07,0.0012924046738399882,7.722502402230956e-07,0.00589399238429344,0.981443466405767,1.3806304784572542e-05
44,3.449202359972038e-05,6.108156101316729e-09,0.00038623939399697483,4.537505506838823e-09,1.854852057477041e-05,0.00017647724892626304,0.00040670896183515615,2.593560143374004e-06,1.0651381812243904e-05,0.00784724273008833,2.5394223242276638e-09,2.0551241745918914e-05,3.1632190329764423e-06,2.1032885681550984e-06,4.5492160587441424e-07,9.44758965652312e-06,0.0026387236075301806,3.4977371499111697e-07,5.744212052526125e-05,4.0453816205523523e-07,0.0012019410760068672,9.699442668892326e-07,0.007606602176214851,0.9795463800532811,2.849944362761967e-05
45,3.0198130043775395e-05,4.9338549731423536e-09,0.0003379354278247922,3.858429361794417e-09,1.404646474757837e-05,0.0001649478306579228,0.0004192710179772891,3.4069312516623327e-06,8.915295653178941e-06,0.0074175920591491055,2.0736636808269266e-09,2.0435667069300032e-05,3.678864493841787e-06,1.6457568473477151e-06,4.3102760610654977e-07,1.0685269063050072e-05,0.002331573224284034,3.5822116885230413e-07,5.76253320191028e-05,3.575230165214359e-07,0.0009943915032701411,9.568861706229412e-07,0.0051985989584443365,0.9829645068869719,1.843085632162958e-05
46,3.415423541869537e-05,4.405885655961984e-09,0.00035289458680760053,4.128274705696598e-09,1.402198610575336e-05,0.0001480086694147295,0.00040704503301328566,2.3582343082014487e-06,7.966070651844423e-06,0.0070298602903953586,1.8336424970265951e-09,1.9172079115436836e-05,3.1437403824237954e-06,1.5534334903433933e-06,2.7766337492606935e-07,8.893823344176425e-06,0.003266851868237767,2.7283573261384555e-07,5.0823269264237336e-05,3.3596587368843415e-07,0.0010493070583405166,1.0220434699099124e-06,0.0056268291721057635,0.9819518640003562,2.3333572993448155e-05
47,3.943086663288585e-05,3.918394383490027e-09,0.0003253212258465491,3.447071823768722e-09,1.00234005871636e-05,0.00011273289799659305,0.00031879520605444377,2.3515323973226246e-06,5.883033925409723e-06,0.005415577440321375,1.190409074214094e-09,1.4518127460020624e-05,3.5349484878643552e-06,1.140469296677942e-06,1.8692315033279395e-07,9.295343663868786e-06,0.00276065811515295,2.1848431610443916e-07,6.3479183846329e-05,2.2762913138753126e-07,0.0006923414435667977,8.947387499159813e-07,0.0034021683363149578,0.9868065964177323,1.4615679493624815e-05
48,3.607151024607581e-05,6.463426632583978e-09,0.0004163360614346628,4.90604536370912e-09,2.031558080090493e-05,0.0001828715670318759,0.000428314144677584,2.7059022147273065e-06,1.144105681301427e-05,0.008228521557379364,2.8838099155916756e-09,2.215273023211527e-05,3.2390883778225204e-06,2.3264920716605246e-06,5.048323488727622e-07,9.886912158883487e-06,0.0026787337584532325,3.6697478440942253e-07,5.785035914106262e-05,4.397611570977082e-07,0.0013103960082049733,9.969772576685745e-07,0.008242765394688874,0.9783131395601607,3.060951708237874e-05
49,2.8585171489756933e-05,6.8849959436545996e-09,0.00045386077765358405,4.524681409756032e-09,1.823593773278323e-05,0.00021069055572986727,0.0004236579866846162,2.7779898623744836e-06,1.0238963699677633e-05,0.007677122644569746,2.1822628565916856e-09,2.463094476518203e-05,3.1170756140886463e-06,1.649242766062674e-06,4.297728082668232e-07,1.0401452195362124e-05,0.0029316767931698647,3.1236691072078067e-07,6.089657099563491e-05,3.929030340562838e-07,0.0014155010655835635,1.3197676739238984e-06,0.006344943836802596,0.9803530157528492,2.6528835468908083e-05
50,3.7762341958495844e-05,2.138647130952705e-09,0.00026953236153643594,2.9953108223034478e-09,1.1857392900646749e-05,8.886141788586436e-05,0.00044859545562555246,2.223262553340645e-06,6.3945980360301e-06,0.008144449134378607,1.7879533928040122e-09,1.4886138549176878e-05,3.5810629070827358e-06,1.7368805767732277e-06,2.1626107873277238e-07,6.716898745891815e-06,0.0022516811872903483,2.291177613391391e-07,3.6504931613413876e-05,3.389699036877025e-07,0.0005396358228125521,5.404308241733502e-07,0.004542950834019389,0.983572470930579,1.882764655211077e-05
51,6.25285306415018e-05,1.1075460344804475e-07,0.0008929356132559156,3.3740615031344716e-08,3.5700780215541866e-05,0.0006142052844005491,0.0005616371483320674,1.2063272808757638e-05,3.807251772049301e-05,0.012575106146458572,1.5545258488809404e-08,7.683764645266501e-05,3.957111575154214e-06,5.243951238511338e-06,4.768770873796117e-06,2.354044779001715e-05,0.004349500508886556,1.12337626386789e-06,0.0001662495216128738,7.538704119622867e-07,0.0041284688284839895,9.474536748460558e-06,0.015777205610907945,0.9605469809987593,0.00011348548568450211
52,3.501863141351391e-05,5.814768276549813e-09,0.0003787088667377695,4.611938625345769e-09,1.859700943026731e-05,0.00018250769016209598,0.0003976659140162473,2.7432181721508452e-06,1.0765445987038959e-05,0.008551582586426779,2.622715302791481e-09,2.049912479439736e-05,3.3737182229495326e-06,2.110253465881378e-06,4.696837885098059e-07,9.75474931997887e-06,0.0025353888654313056,3.7026522771079976e-07,5.9537756034296395e-05,4.240144993345555e-07,0.001167444946891922,9.327256601647504e-07,0.007429508586289679,0.9791659940700438,2.658882856230263e-05
53,2.60187671532076e-05,3.620252749686991e-09,0.00036059360077645813,4.412042542576467e-09,1.9987847511201677e-05,0.0001545622779252902,0.0006171389049493655,2.0438653221176904e-06,9.59081635890569e-06,0.00806753011088286,3.2117255170884176e-09,2.5596083809630158e-05,2.868145107530909e-06,3.0549970242713794e-06,4.820578459678528e-07,8.630309577874251e-06,0.00246353033092925,3.58563429166522e-07,2.8758681317742453e-05,5.70130323989159e-07,0.0015508489652257115,6.914613125878941e-07,0.011689509997619592,0.9749349101479033,3.271269367311944e-05
54,3.629629684047993e-05,1.765723345677649e-08,0.00030198828561861025,6.0834145936693465e-09,1.927189080702361e-05,0.0002427862346515042,0.0004275748594610494,2.8326384661384494e-06,1.4163502982506848e-05,0.006953841582173427,3.1951940887244422e-09,2.4403315520169602e-05,2.205691186222572e-06,2.832995253565833e-06,8.705703425237746e-07,8.559195025845722e-06,0.0025193322238999645,4.25711829642966e-07,7.786796229073149e-05,3.059100584049711e-07,0.0010951759442438627,1.9718704675040386e-06,0.008563135189544,0.9796450467711085,5.908442238595197e-05
55,2.895109839595926e-05,3.534163998781412e-09,0.00028948685914848634,2.877558247814663e-09,1.6569125237705443e-05,0.00014225557314445647,0.0005105273281015072,3.2103377351708704e-06,9.276558478251897e-06,0.006404900394888845,1.7924796362407686e-09,3.148496555490397e-05,3.582816176087008e-06,2.283941480079271e-06,3.7810989592982955e-07,9.051637314683397e-06,0.0022987060012879352,3.0910857808385374e-07,3.9812753134830045e-05,3.722787913787458e-07,0.0009298976436532475,7.917690880807907e-07,0.00510926597654209,0.9841449815325702,2.3895986600120717e-05
56,3.412608077866665e-05,5.597746853472907e-09,0.0003687088760499448,4.390247653702055e-09,1.7688276854466026e-05,0.00017134469133816275,0.0003998125084493941,2.589807356158324e-06,1.0043955430983819e-05,0.007643465477481708,2.3603161844016612e-09,1.9638891099773025e-05,3.3642011526956714e-06,2.0103707350490327e-06,4.1456023710753066e-07,9.55630472112847e-06,0.0025752675259985364,3.5019376816229723e-07,5.716244498285017e-05,4.0114510889303113e-07,0.0011198388292729348,9.083986150311092e-07,0.007075486189752997,0.9804619381924784,2.5870730026271725e-05
57,2.965532982427076e-05,4.645013770479921e-09,0.0005355929627445906,3.5342786652886464e-09,2.0762738095625274e-05,0.00016991867417320437,0.00041834278632084474,2.572666850642312e-06,9.315443648183113e-06,0.0077395758654996046,2.000690178719433e-09,2.576262246222567e-05,3.773433098824587e-06,1.7136014731898137e-06,3.2803150961473827e-07,1.0470363052067262e-05,0.002763592641775954,2.6876949278668725e-07,5.51942525404873e-05,4.415686710893638e-07,0.0013032509537566316,9.462312670584297e-07,0.005520600148071082,0.9813657663606852,2.214437500431096e-05
58,2.6890537891039725e-05,4.270197189609807e-09,0.00028801583589507725,3.218933665477153e-09,1.3295089922628612e-05,0.00014460589193425897,0.00033266968410906113,2.0105470420419695e-06,7.380774449192061e-06,0.006317549117178245,1.5456131845219388e-09,1.5909533629224508e-05,2.8922142081634442e-06,1.5945804645517848e-06,3.0091266509469785e-07,7.82588017419987e-06,0.002200398183109491,2.873919911213042e-07,4.8054966362330866e-05,3.143008882063562e-07,0.0009018812179164606,7.262210871973565e-07,0.0059079851734847545,0.9837590322229866,2.0370687867008806e-05
59,0.00017117572635335864,7.29618548959046e-08,0.0010142061241304077,4.259150595806449e-08,0.00012087233917654784,0.0007153980084168854,0.0011095365979064298,1.1794111392116554e-05,0.00011439143040050505,0.03190074631340172,5.5463236736114116e-08,7.835840102404856e-05,4.799733484736744e-06,1.3252993064375365e-05,7.012796745079238e-06,2.4142522256086173e-05,0.0068851271270545565,1.7749567236018372e-06,0.0002092125747641534,1.469007592207155e-06,0.003898102020686533,6.1433530550880965e-06,0.03856027227980693,0.9148692663840298,0.00028277418193735414
60,3.449202359972038e-05,6.108156101316729e-09,0.00038623939399697483,4.537505506838823e-09,1.854852057477041e-05,0.00017647724892626304,0.00040670896183515615,2.593560143374004e-06,1.0651381812243904e-05,0.00784724273008833,2.5394223242276638e-09,2.0551241745918914e-05,3.1632190329764423e-06,2.1032885681550984e-06,4.5492160587441424e-07,9.44758965652312e-06,0.0026387236075301806,3.4977371499111697e-07,5.744212052526125e-05,4.0453816205523523e-07,0.0012019410760068672,9.699442668892326e-07,0.007606602176214851,0.9795463800532811,2.849944362761967e-05
61,0.0013764998880039995,1.0582158688383016e-05,0.0011804549565702712,1.6068027715178933e-05,0.0014890587289648287,0.007465376680330756,0.0034242883764893433,0.0003907549342713265,0.007919985614592633,0.2866642092832156,6.03341779104698e-05,0.00119177573699705,5.571109913540903e-06,0.0005000459441112326,0.0029585148042213594,0.00012819637596955686,0.012391229924643126,8.551178685503153e-05,0.0007219675191640143,2.027462303051916e-05,0.013306821016251193,0.0002515779066656542,0.5136960521160304,0.1297606657737269,0.01498418253566758
62,3.449202359972038e-05,6.108156101316729e-09,0.00038623939399697483,4.537505506838823e-09,1.854852057477041e-05,0.00017647724892626304,0.00040670896183515615,2.593560143374004e-06,1.0651381812243904e-05,0.00784724273008833,2.5394223242276638e-09,2.0551241745918914e-05,3.1632190329764423e-06,2.1032885681550984e-06,4.5492160587441424e-07,9.44758965652312e-06,0.0026387236075301806,3.4977371499111697e-07,5.744212052526125e-05,4.0453816205523523e-07,0.0012019410760068672,9.699442668892326e-07,0.007606602176214851,0.9795463800532811,2.849944362761967e-05
63,3.5444851250838564e-05,8.144494544257548e-09,0.0003824811351889852,5.002982940219209e-09,1.9480700433169733e-05,0.00019762773583408024,0.0003914122285256395,2.7054163550325118e-06,1.1908350053907663e-05,0.007682612904742415,2.7236124559175813e-09,2.046572751286939e-05,3.115548653633956e-06,2.175294025404387e-06,5.279993490772324e-07,9.737170640652031e-06,0.0026888351381347815,3.9125799588652925e-07,6.650864792318041e-05,4.00637327224472e-07,0.001230330201240476,1.1304359865186596e-06,0.00808646925401511,0.9791339589042736,3.2264589447623735e-05
64,3.0340280969913925e-05,5.821365835867544e-09,0.0004244795252959659,4.285074752515017e-09,1.797750184157795e-05,0.0001787932197684128,0.0003780227623518304,2.374427337891344e-06,9.640660249299592e-06,0.007201316472924935,2.3460757012640603e-09,2.197839182081047e-05,3.0806311674641913e-06,2.0307078661533276e-06,4.3810819470796063e-07,9.682855011606869e-06,0.0027140928514574393,3.408534239882983e-07,5.2860736045720737e-05,4.19032200853594e-07,0.0015054906800676168,9.433892642168516e-07,0.008032374001046621,0.9793868932742149,2.6417184961681904e-05
65,1.6092058778131987e-05,8.383051803570207e-09,0.0002729023049287318,3.4105928371256716e-09,1.3416777206306198e-05,0.00019656758982983808,0.0002966873855897308,1.4759892304415517e-06,7.6011801992916225e-06,0.004320795628750854,1.336242327824108e-09,1.744363871203806e-05,1.7898915344743105e-06,1.6914371816795268e-06,4.2843175756924235e-07,6.311769522519882e-06,0.0021254548671110988,3.052162879153268e-07,3.8849824928040076e-05,3.0289244198806054e-07,0.0015912597274347058,9.679171647825406e-07,0.009623222376045348,0.9814324460051996,3.397396027790723e-05
66,3.794272828190653e-05,1.527607247622068e-09,0.0005784724017882698,3.0668674237694466e-09,2.559604309167987e-05,0.00011809688490903811,0.0005047727592923675,1.7167768927539216e-06,7.779472627639112e-06,0.008902835120717295,1.4849666654096176e-09,1.3687931493017187e-05,5.780455947301736e-06,1.3690575804857177e-06,1.1468017865059285e-07,1.0860845517516876e-05,0.0025712470232600922,1.9589142552638507e-07,4.63624588666755e-05,5.190633855695671e-07,0.0008513001873660516,3.789132315017021e-07,0.004690560905305447,0.9816178746874532,1.2529631946853176e-05
67,3.198809214257186e-05,6.282223486958833e-09,0.00037473904714125636,4.463389468520351e-09,1.759657122673903e-05,0.00017945394110751564,0.00039427541353305706,2.440908943737683e-06,1.0164919932380218e-05,0.007448364052130255,2.4179079010393335e-09,2.0365674499401226e-05,2.987533804541353e-06,2.0563626829110676e-06,4.5258201340169245e-07,9.157331841221738e-06,0.002617929553717729,3.4527807641839594e-07,5.542694862242798e-05,3.937891041182262e-07,0.0012424710290781763,9.814373185215032e-07,0.007817119583238961,0.9797423087155149,2.8968070808775585e-05
68,3.412127622663054e-05,6.094609604288204e-09,0.0003856076291579572,4.516809408058727e-09,1.8473676861025013e-05,0.00017708545000522444,0.0004063400632107,2.593677340497748e-06,1.0597592759675595e-05,0.007824506960116967,2.5262138885646206e-09,2.06673557806061e-05,3.1539837276466116e-06,2.0972360029127084e-06,4.558912745475218e-07,9.438631677054305e-06,0.002633200731120816,3.4963997565536296e-07,5.7088125103071145e-05,4.0458474753872037e-07,0.0012100828054609119,9.705503029577336e-07,0.007601958710523042,0.9795723830536637,2.8409237327961806e-05
69,4.801590584567335e-05,1.258626464925637e-08,0.0007343322977911276,8.949037828200955e-09,3.922536896155739e-05,0.0002959600601074088,0.0006218598380912274,4.412307345610653e-06,2.768149276298426e-05,0.014979912070416124,9.461502657602313e-09,4.0547799414031455e-05,3.5559963311717697e-06,3.932253666288542e-06,1.4679919412273185e-06,1.1399897542241832e-05,0.004513113220697832,6.34277335775576e-07,6.33938733776115e-05,9.597177252029924e-07,0.003232786361762323,1.8078483651882997e-06,0.020829474952316088,0.9544697656232948,7.572984810321009e-05
70,3.539243011837022e-05,6.303700307743643e-09,0.00041325353752039146,4.856651371451646e-09,1.9836066639220544e-05,0.00018527466555441288,0.00042808866783268935,2.68293959813424e-06,1.1213513445632074e-05,0.008191062878087794,2.7089226837774486e-09,2.1206992502411684e-05,3.2617098904372457e-06,2.1673345030816873e-06,4.722523066741545e-07,9.981894435096238e-06,0.002668817681319112,3.5456933937498034e-07,5.8845227295330916e-05,4.263521854868344e-07,0.0012640246318919093,9.92391564767796e-07,0.007832735128720613,0.9788207416593039,2.915360667086418e-05
71,2.8263413037388187e-05,1.6889125179585798e-09,0.00021919727044284447,2.5815765825194567e-09,1.3952998725422397e-05,0.00010051789138652158,0.0005899224790493441,1.890179676059811e-06,7.631182443419534e-06,0.008117783964143057,1.3500483613626329e-09,1.362111267673859e-05,3.237091196852109e-06,1.491121809540701e-06,1.677015264081833e-07,5.902000475132552e-06,0.002099083708049048,1.92038618065252e-07,2.6802695441157e-05,3.44453818557923e-07,0.0004947089411932097,4.6487299504308244e-07,0.00489105748964587,0.98336369943137,2.0062341742955043e-05
