,0,1,2,3,4,5,6,7,8,9,10,11,12,13,14,15,16,17,18,19,20,21,22,23,24
0,4.1984891201215516e-05,1.6463018387946578e-08,0.0008968070851772127,1.2451364548581105e-08,0.0001181539506970187,0.0011076827656124571,0.0011410831577296672,9.330782094466367e-06,4.084103220358655e-05,0.012012749151719194,7.607529003057062e-09,6.110483941879081e-05,1.2555581342698086e-05,3.898896485169585e-06,1.1630098031365193e-06,7.246453681672709e-05,0.004980492145872759,2.0229240946809265e-06,0.00028349625082009657,1.4051858951342955e-06,0.003006916448804439,2.499754186213435e-06,0.008024239090997093,0.9681537211097889,2.5350887327210314e-05
1,5.457562776516646e-05,1.9355187199988592e-08,0.0012786869093011966,1.3675457589196811e-08,0.00016501900446577657,0.0012297175216808352,0.001205130652032124,1.0387945499823364e-05,5.4760722466353585e-05,0.014711514677377479,9.167619433951859e-09,6.329948541565334e-05,1.4567837314663776e-05,4.004621322023876e-06,1.2145367145755392e-06,8.808173163697316e-05,0.005307978136349991,1.9204624298559794e-06,0.00039773667766486117,1.500096809348414e-06,0.0030385430629391624,2.756298031375658e-06,0.007711580233293097,0.9646299892809727,2.6992280252727927e-05
2,5.224267306901179e-05,2.820346984521878e-08,0.0012143891575858272,1.525106815776854e-08,0.00018570800856425318,0.0012463022175334504,0.0012464624275317182,1.2935805181613525e-05,6.25676600528563e-05,0.015384148962750532,1.4832039153372511e-08,9.368968207310079e-05,1.3492598646465086e-05,6.353446432758063e-06,2.416268597681521e-06,7.083289393574989e-05,0.005234022721649105,2.6864245255954876e-06,0.00031488919976908387,2.0882841940538773e-06,0.00402167220926488,3.3222115073597163e-06,0.01115459177504853,0.9596314765978393,4.365048766986926e-05
3,3.8856556422363035e-05,1.8897375744813783e-08,0.0008735732214022403,1.1800652060064816e-08,0.00011598616503924176,0.001104618724651086,0.0011215882736654754,8.372310050126817e-06,3.6052129021466565e-05,0.010688142487389644,7.614377666849871e-09,6.826503967872635e-05,1.1129026026157168e-05,4.321412730607899e-06,1.2470598598652993e-06,6.817640426132795e-05,0.004885276951276773,2.032617598061509e-06,0.0002782753202900848,1.3017082942419134e-06,0.003064568173607581,2.8178521630746977e-06,0.007783390515879314,0.9698139427342377,2.8027004049226772e-05
4,3.816686821212002e-05,1.7580129023601803e-08,0.000829365345579921,1.1354270795949884e-08,0.00010913477509724564,0.0010571421437529018,0.0010657213940682365,8.034459704584749e-06,3.261213756227235e-05,0.010099953658433206,6.94903844867948e-09,6.322559538029917e-05,1.1800982740118272e-05,4.1717734528364606e-06,1.117462332708851e-06,6.838859986951455e-05,0.0046165743162320996,2.0258870538724396e-06,0.0002785319855719991,1.280283473992251e-06,0.002799246208420836,2.566480659913095e-06,0.007169340103638204,0.9717165841071602,2.4979548164642207e-05
5,3.700713165540199e-05,2.0038895713440944e-08,0.0007609193629322312,1.2643696125640155e-08,0.00010719321125571233,0.001142480587360584,0.0010391240857902922,8.244330585040746e-06,3.324637539955782e-05,0.009678974931941657,7.2624115197439745e-09,6.216932037267608e-05,1.1328949121938024e-05,4.421496204583497e-06,1.2549905446213057e-06,7.101255047411298e-05,0.004700916749690019,2.3819257165173124e-06,0.0002897325011408548,1.2969858247623994e-06,0.0029925995924989673,2.729706710662761e-06,0.007851386578196267,0.9711755333803012,2.6005311279055435e-05
6,3.8856556422363035e-05,1.8897375744813783e-08,0.0008735732214022403,1.1800652060064816e-08,0.00011598616503924176,0.001104618724651086,0.0011215882736654754,8.372310050126817e-06,3.6052129021466565e-05,0.010688142487389644,7.614377666849871e-09,6.826503967872635e-05,1.1129026026157168e-05,4.321412730607899e-06,1.2470598598652993e-06,6.817640426132795e-05,0.004885276951276773,2.032617598061509e-06,0.0002782753202900848,1.3017082942419134e-06,0.003064568173607581,2.8178521630746977e-06,0.007783390515879314,0.9698139427342377,2.8027004049226772e-05
7,7.243236557284386e-05,1.455696663176243e-08,0.001324441942869769,1.3613449690995714e-08,0.00012205350931493692,0.0007498880968214536,0.0013154490998599127,1.1887954433837522e-05,3.728181755333026e-05,0.01586871396548605,9.456358201228567e-09,6.110287736942147e-05,1.8200558032655744e-05,3.7070622962262434e-06,8.898156748201942e-07,7.259358251119381e-05,0.005155089495184282,1.4310051877572534e-06,0.0003443761725212952,1.435552633461153e-06,0.001813383977449316,2.7698820775443936e-06,0.0046130129377074435,0.9683864666194307,2.3354083237309986e-05
8,4.495710497298925e-05,6.541253673691799e-08,0.0009859767052299842,2.6415896844150375e-08,0.0002881199465589375,0.003806752485874419,0.0017321718280480234,1.862997388903196e-05,9.24029063750287e-05,0.013944244213495402,1.9987425468120463e-08,0.00012359219543990244,1.6656369689649408e-05,7.307876205263631e-06,4.306552017960171e-06,0.0001681858235940416,0.007567292651720963,8.494576205832e-06,0.0007858364239078137,2.351839398441218e-06,0.005964612048150973,7.512087063834951e-06,0.012290393917938057,0.9520962824799702,4.380817839421034e-05
9,3.926996470540151e-05,1.9924772656685875e-08,0.000905543414197934,1.2476487567328083e-08,0.000125729700786664,0.0012128496494387168,0.0011765162053311907,8.901773734706991e-06,3.771565563347524e-05,0.010751452618361463,7.92697879958145e-09,7.152671512665568e-05,1.2055004307043036e-05,4.392598160511992e-06,1.2779512627358689e-06,7.640985176723111e-05,0.005115959472693769,2.2432159710279855e-06,0.00030703045493817797,1.3753025483436242e-06,0.0031764439091832206,2.998765578699936e-06,0.0076180074786368806,0.9693248896510207,2.7370318376644906e-05
10,3.8856556422363035e-05,1.8897375744813783e-08,0.0008735732214022403,1.1800652060064816e-08,0.00011598616503924176,0.001104618724651086,0.0011215882736654754,8.372310050126817e-06,3.6052129021466565e-05,0.010688142487389644,7.614377666849871e-09,6.826503967872635e-05,1.1129026026157168e-05,4.321412730607899e-06,1.2470598598652993e-06,6.817640426132795e-05,0.004885276951276773,2.032617598061509e-06,0.0002782753202900848,1.3017082942419134e-06,0.003064568173607581,2.8178521630746977e-06,0.007783390515879314,0.9698139427342377,2.8027004049226772e-05
11,3.8803989621856685e-05,1.6444979879324423e-08,0.0008116809039717159,1.0914710778695382e-08,0.00010477088750489792,0.0010160309997664832,0.00109060219817353,8.348081894456396e-06,3.296374596886141e-05,0.010284375144642284,6.7832081238543185e-09,6.309589537584061e-05,1.1837723738120826e-05,3.958952310326754e-06,1.078664738736873e-06,6.73162367495285e-05,0.004736310197470772,1.9529823489283563e-06,0.00027290215365077136,1.2324396905798273e-06,0.0026785656654314096,2.5798244297768955e-06,0.006881675038751616,0.9718654799848593,2.4404146011570275e-05
12,2.418884029473354e-05,1.4638574596292192e-08,0.0006073324858896705,9.237620428319376e-09,0.0001550836219044084,0.001116395684037882,0.001140827449743076,3.7606791040949006e-06,2.9473786639640295e-05,0.007327331450319907,5.653610733249627e-09,5.936459674329988e-05,8.091069013746008e-06,6.324277484303868e-06,9.550701480698284e-07,5.205925548190308e-05,0.0038099268739163732,2.197853893772437e-06,0.0001712634714083663,1.438974833666467e-06,0.00338090636472454,1.6090241469308808e-06,0.01200596730189231,0.9700612325831075,3.423975546607358e-05
13,0.00010701744142089415,1.9692031319919833e-08,0.002196200675713546,2.485042259290175e-08,0.00021227076065261598,0.0006901208238033233,0.0018100982014634065,2.0451889962771725e-05,5.1929615952261076e-05,0.019958850273766635,5.832542596720955e-08,0.000222210239524,2.207232425118034e-05,2.1131498913622978e-05,4.823175755244001e-06,0.0001074545881221344,0.0068490620218999,4.314114063351453e-06,0.0002311444759055152,4.5732111858519465e-06,0.0066948830266823365,3.0129964592079633e-06,0.015875508566778586,0.9448643706248477,4.839658499589204e-05
14,5.854670271720204e-05,1.4050239567889026e-07,0.0024748542646484996,5.018220601461601e-08,0.0005556521958833037,0.004319062513925163,0.001165965237442305,1.2414799595549396e-05,8.430746466904145e-05,0.017924158652288205,3.718270512704177e-08,9.238701949777542e-05,2.795628144437483e-05,9.229954864562528e-06,4.196843472990552e-06,0.0002125269788665115,0.006749994655135675,1.0318143924842015e-05,0.0013762916023930445,4.783530016576553e-06,0.007044165786718585,7.31370959035882e-06,0.01499795609952915,0.9428213451191605,4.634457690880952e-05
15,3.8856556422363035e-05,1.8897375744813783e-08,0.0008735732214022403,1.1800652060064816e-08,0.00011598616503924176,0.001104618724651086,0.0011215882736654754,8.372310050126817e-06,3.6052129021466565e-05,0.010688142487389644,7.614377666849871e-09,6.826503967872635e-05,1.1129026026157168e-05,4.321412730607899e-06,1.2470598598652993e-06,6.817640426132795e-05,0.004885276951276773,2.032617598061509e-06,0.0002782753202900848,1.3017082942419134e-06,0.003064568173607581,2.8178521630746977e-06,0.007783390515879314,0.9698139427342377,2.8027004049226772e-05
16,3.383682495400062e-05,1.3901185790219292e-08,0.0009860539005412728,1.273098019390413e-08,0.00010189575702549887,0.0010324339747297595,0.001113302000892241,8.434298114502752e-06,2.112785644258099e-05,0.00857572255999127,8.588735291062333e-09,9.14140594281589e-05,1.4515329730418063e-05,5.895337651430693e-06,1.307843019289186e-06,0.00010135743677174644,0.004691798765380383,2.96715756563611e-06,0.00025541615592184744,1.683808914746318e-06,0.004400134240950098,2.376969835041185e-06,0.007182841841002574,0.9713582872343777,1.7161425858704895e-05
17,5.070017204198759e-05,1.520065345237166e-08,0.0009014955965031646,1.2790975317846738e-08,0.00013132879437955175,0.0007412789212483007,0.001743839104082816,8.546999150339387e-06,3.2829808015925294e-05,0.009079869783264777,9.382773443940047e-09,9.78200319504528e-05,1.1431099323822805e-05,6.9150880580807194e-06,1.1167457459450093e-06,6.076308542107617e-05,0.00573236042117005,1.7826678017356738e-06,0.0001804260936450384,1.4323206170308703e-06,0.002973461987454069,2.9226324592966736e-06,0.007529679148315203,0.9706718689437168,3.809318123251134e-05
18,4.04152666176078e-05,2.2266687624124345e-08,0.0005646640317608945,1.0019609351998674e-08,9.020318111634161e-05,0.0008269471783817408,0.001149975166894472,6.237475406930063e-06,3.473037635350116e-05,0.008258839830539363,6.264457849254089e-09,5.736958114687031e-05,7.661024898822846e-06,4.016350158979085e-06,9.746739738660004e-07,4.009367638442333e-05,0.006559212709121374,1.7297250520188337e-06,0.00023185678962458667,9.33006378870836e-07,0.002068525051526452,3.796190124149444e-06,0.007854330721349738,0.9721492144881765,4.823495425763611e-05
19,3.4623349518389664e-05,1.0940522701740757e-08,0.0008547693500926793,9.3227762552886e-09,9.880128644625999e-05,0.0009609809411096433,0.0013410670467234632,8.18928548649064e-06,3.063763525645141e-05,0.01253686283355566,5.263365890926006e-09,6.705883412477383e-05,1.1752719176086908e-05,2.859565526384803e-06,7.32797598124112e-07,5.983599430059489e-05,0.004727048805829525,1.2267842552500554e-06,0.00021644186673263106,1.1272999778736459e-06,0.0022099430210165043,2.624641229233262e-06,0.004997432090338098,0.9718139311952986,2.202712974257817e-05
20,3.4553334000359304e-05,3.659879684841176e-08,0.0008815369332858654,1.4028218504132659e-08,9.754973762638853e-05,0.0014042024294576387,0.0010451169566369442,1.2854730341114724e-05,3.781507878669733e-05,0.010113255057753607,1.0067516691348545e-08,0.00010610673997223406,1.0307784071945467e-05,4.858369376699393e-06,2.5925878621569274e-06,7.69311944995988e-05,0.0050756588380693884,2.891047484901786e-06,0.00032162123900321464,1.2882676547487242e-06,0.004367593101720208,5.266570233635688e-06,0.007887744395822542,0.9684782985851219,3.18963266858985e-05
21,6.128204064064162e-05,2.2317833738059103e-08,0.0012565420325321747,2.056123523857059e-08,0.00016580727690231975,0.0011641620882143762,0.0013816725337971226,1.098826436946035e-05,4.188179964304454e-05,0.01309862371935497,1.674488716578422e-08,0.00010536690643123506,1.5531269488187666e-05,9.081803537962702e-06,2.0408932963584064e-06,0.00010383291307804144,0.005517815707702027,3.227150664344295e-06,0.00032487936972924486,2.180151670972771e-06,0.004446027648776296,3.033044520716882e-06,0.010448909807894487,0.961803487801891,3.3566151908649366e-05
22,5.085277892354602e-05,1.76575794187082e-08,0.0012130989376801212,1.718157922884577e-08,0.0001349824834479834,0.0010595567859420455,0.001235453361186439,9.7712981675131e-06,3.6694401653237326e-05,0.014264186324288653,1.3377768780934913e-08,8.118291452233043e-05,1.5125194567856625e-05,5.43942957639072e-06,1.4020282793936917e-06,8.866199822941751e-05,0.007017880382462913,2.8064394396979547e-06,0.00030482809837062197,2.0709848167396962e-06,0.004005760460899258,3.2259628830844537e-06,0.00921133173373815,0.961227218764009,2.8421019988172275e-05
23,3.8856556422363035e-05,1.8897375744813783e-08,0.0008735732214022403,1.1800652060064816e-08,0.00011598616503924176,0.001104618724651086,0.0011215882736654754,8.372310050126817e-06,3.6052129021466565e-05,0.010688142487389644,7.614377666849871e-09,6.826503967872635e-05,1.1129026026157168e-05,4.321412730607899e-06,1.2470598598652993e-06,6.817640426132795e-05,0.004885276951276773,2.032617598061509e-06,0.0002782753202900848,1.3017082942419134e-06,0.003064568173607581,2.8178521630746977e-06,0.007783390515879314,0.9698139427342377,2.8027004049226772e-05
24,4.582463803939404e-05,2.427426918910711e-08,0.0009382290920221459,1.621263165602567e-08,0.00015380784817193554,0.00127017682751699,0.0012136986912481343,8.754554098831555e-06,3.869554627391516e-05,0.010927127282371002,9.377251499927151e-09,7.520231693198282e-05,1.3177764347539884e-05,5.547705259493023e-06,1.328272938772508e-06,8.16405671539535e-05,0.005240334181972771,2.5733523074170643e-06,0.00033347966086157073,1.5645892893044722e-06,0.0032056068523185085,3.2414996663877756e-06,0.007930150684227134,0.968478285495512,3.150271331868992e-05
25,6.384397768108502e-05,1.3216024193283944e-08,0.0011918582640329813,1.552050170932397e-08,0.000135647254704875,0.0007245660399064031,0.0018303580115956544,1.3612466569089832e-05,3.564492914815073e-05,0.013686726741395048,1.6462116581575263e-08,0.0001143077314211326,1.729450798816484e-05,7.697949959412088e-06,1.5967761546684763e-06,8.048854934630193e-05,0.006136250573217426,2.4294724904647714e-06,0.00020894694725150597,2.1506661964025297e-06,0.0033003029691831575,2.8214987006621527e-06,0.007783213386070588,0.9646294009820806,3.079510626357949e-05
26,4.081042477515318e-05,2.1745742353287174e-08,0.0010398872946316801,1.3885713239382968e-08,0.00012770572517057199,0.001186702341883077,0.001244927250004003,9.937978266622225e-06,3.5256588586178754e-05,0.01148388472811433,9.98523439905421e-09,9.252743655491634e-05,1.2125784110721527e-05,5.346764744856298e-06,1.6136457427121305e-06,7.855435408089603e-05,0.005035330084103386,2.2775124119671287e-06,0.0002848928884129196,1.526704542407598e-06,0.00368421919800937,3.397265943613076e-06,0.007686938400960858,0.9679122549272076,2.9837085052235863e-05
27,4.7179675063479525e-05,3.4804880810243277e-08,0.0008619090966384277,1.4900296506240033e-08,0.00013456721272506753,0.0014253399594667867,0.0012563323796948456,1.1490866662223313e-05,5.7467856196973214e-05,0.01244238956597236,9.862301997259046e-09,7.710402920144503e-05,1.0293367353426847e-05,4.536761507848586e-06,1.910799984267127e-06,6.902135084636223e-05,0.005511266519572853,2.27302476787574e-06,0.0003750290039757421,1.2118926155630283e-06,0.0029420083455462404,4.655411158684598e-06,0.008415333196390925,0.9663049336667597,4.3686450419201836e-05
28,3.8856556422363035e-05,1.8897375744813783e-08,0.0008735732214022403,1.1800652060064816e-08,0.00011598616503924176,0.001104618724651086,0.0011215882736654754,8.372310050126817e-06,3.6052129021466565e-05,0.010688142487389644,7.614377666849871e-09,6.826503967872635e-05,1.1129026026157168e-05,4.321412730607899e-06,1.2470598598652993e-06,6.817640426132795e-05,0.004885276951276773,2.032617598061509e-06,0.0002782753202900848,1.3017082942419134e-06,0.003064568173607581,2.8178521630746977e-06,0.007783390515879314,0.9698139427342377,2.8027004049226772e-05
29,3.8856556422363035e-05,1.8897375744813783e-08,0.0008735732214022403,1.1800652060064816e-08,0.00011598616503924176,0.001104618724651086,0.0011215882736654754,8.372310050126817e-06,3.6052129021466565e-05,0.010688142487389644,7.614377666849871e-09,6.826503967872635e-05,1.1129026026157168e-05,4.321412730607899e-06,1.2470598598652993e-06,6.817640426132795e-05,0.004885276951276773,2.032617598061509e-06,0.0002782753202900848,1.3017082942419134e-06,0.003064568173607581,2.8178521630746977e-06,0.007783390515879314,0.9698139427342377,2.8027004049226772e-05
30,3.8856556422363035e-05,1.8897375744813783e-08,0.0008735732214022403,1.1800652060064816e-08,0.00011598616503924176,0.001104618724651086,0.0011215882736654754,8.372310050126817e-06,3.6052129021466565e-05,0.010688142487389644,7.614377666849871e-09,6.826503967872635e-05,1.1129026026157168e-05,4.321412730607899e-06,1.2470598598652993e-06,6.817640426132795e-05,0.004885276951276773,2.032617598061509e-06,0.0002782753202900848,1.3017082942419134e-06,0.003064568173607581,2.8178521630746977e-06,0.007783390515879314,0.9698139427342377,2.8027004049226772e-05
31,4.770360399952875e-05,1.7081339450411313e-08,0.0011317217801466817,1.0071124474261166e-08,8.943854667182504e-05,0.0007812944464123642,0.0009282242211567023,1.2555365747619568e-05,3.076207984811985e-05,0.008793656595681137,6.4759135845968044e-09,6.796129890930388e-05,1.5153668153002798e-05,3.3749475143519158e-06,1.1148133523405452e-06,7.766396084644792e-05,0.004940402669605747,1.8186541665595434e-06,0.0003163072563421261,1.1844800475524914e-06,0.0029604836023479717,2.609148788536268e-06,0.005264922218964976,0.9745134347869157,1.8178226003834463e-05
32,3.936020525568177e-05,1.981010181503447e-08,0.0008433793192592643,1.1507258076809228e-08,0.00011172114838238424,0.0011093724122767231,0.0010228233331941341,8.156746821521303e-06,3.483555055203275e-05,0.010140667419862609,6.971334044875896e-09,6.184402491290288e-05,1.1461333492309356e-05,4.0274067785851714e-06,1.1565867743531208e-06,6.903201035135738e-05,0.004810089225643875,2.074769196388986e-06,0.00031214105304056515,1.2185280977253946e-06,0.002795454200150432,2.798752997762158e-06,0.007185427257321714,0.9714067680771038,2.615234983991538e-05
33,1.5187478101959912e-05,7.86466412003667e-09,0.00022574363036458717,4.161778296219438e-09,2.439719854714625e-05,0.0005643783806688113,0.0004529680984373701,2.925562066671845e-06,5.161708043869657e-06,0.0026957622413514965,7.67243270947416e-10,2.160468499063325e-05,8.977352062202027e-06,1.1203017881341806e-06,1.5749468718408268e-07,4.8108173955214946e-05,0.0033514972228263396,1.2781758426272642e-06,0.00025967365584234493,3.3093768453204314e-07,0.0007214003288024948,1.7910187378025108e-06,0.0014412434329381572,0.9901508757934777,5.404335096868484e-06
34,0.00016009977236911368,1.821028215388476e-08,0.0018434365684674287,1.7286423503301898e-08,0.00019282992769654328,0.0006297593879923822,0.0010302871344583793,1.3011559893643412e-05,5.417474001954711e-05,0.014538657832069018,1.525037369687022e-08,5.7907439547313714e-05,2.417964308896552e-05,6.602098989254809e-06,1.1428505119249712e-06,9.456469346214873e-05,0.006234179924473376,2.1799759250393782e-06,0.0005482984232948578,1.7895543124850848e-06,0.002447187078783402,2.0805522713750795e-06,0.007246860165097098,0.9648442226240005,2.6497306196936906e-05
35,0.00013488881912422022,5.2962057062208485e-08,0.001242918293874239,2.1484520219380444e-08,0.00019104405092816834,0.0013232789759334287,0.0015561094437481088,3.050148811961744e-05,0.00013890321302291797,0.01696554777256695,1.3582714006391336e-08,7.363541246096547e-05,1.794229302353157e-05,3.5903286406806578e-06,2.0517106600401577e-06,9.279793653001898e-05,0.00890154852668671,2.314225360811287e-06,0.0007926095027178622,1.157692434547932e-06,0.0021560779494867567,7.441426757465813e-06,0.006198327431633942,0.9601161283897095,5.109708728838569e-05
36,3.9309934482877885e-05,1.5222050766366064e-08,0.0006713643711102662,9.818311923434279e-09,7.148983597406527e-05,0.0007783709368600686,0.00159032888584646,1.2972948850130615e-05,2.7255463037471293e-05,0.008457774444704944,7.47290841512136e-09,0.00012779636420521753,1.1107893474167885e-05,4.58531909640394e-06,1.280792580471127e-06,6.494176899596353e-05,0.006936642063961158,2.026626901632779e-06,0.0002039618038438847,1.063909902676392e-06,0.0026021079073491526,4.774769632254926e-06,0.004802829821107149,0.9735589038221542,2.9077802658368695e-05
37,2.9623415555338327e-05,9.217573861364695e-09,0.0005862088568474066,7.561496597076813e-09,6.808360957479611e-05,0.0005887474389560505,0.000824642349167934,3.917834184192172e-06,1.3419526966303489e-05,0.005600438581352215,4.0988566051025585e-09,4.9731732026497824e-05,9.52004983546141e-06,4.866643797902084e-06,6.030332993041605e-07,5.191678256014173e-05,0.0035180666189377195,1.6575421469826455e-06,0.00016821716465208802,9.853449086346015e-07,0.0022674277941255004,1.378834369462918e-06,0.0060842107617169955,0.9801094123157845,1.6902891307560552e-05
38,2.718374296988807e-05,1.7008390887291412e-08,0.0007289023395075937,1.0753676214804443e-08,8.960828677135955e-05,0.001346835260055274,0.0009930077005889553,7.418105977543644e-06,2.658732617122015e-05,0.009144239406828677,6.473278634414595e-09,6.250900737530296e-05,1.1415693857634934e-05,3.7691028235766632e-06,1.29505876430831e-06,8.331852738827783e-05,0.004144473651835246,2.6993435742486974e-06,0.00029757211193073455,1.2357849238620165e-06,0.0034568539665363143,2.547652988113936e-06,0.007659613301576285,0.9718908915060854,1.7988886124407298e-05
39,2.217454205863651e-05,2.034688192977865e-08,0.0009988914256783827,8.484618385722765e-09,8.336510186219932e-05,0.0014093350578539378,0.0007777855415441112,9.176685305242387e-06,2.6714617144078302e-05,0.0067325616994149,3.950040514044245e-09,7.337136406982581e-05,1.0530930330470661e-05,2.4148908376774295e-06,1.121223122488544e-06,8.734636600808377e-05,0.005067567912528289,1.995070457258181e-06,0.0003162598704704119,1.028368764283205e-06,0.005142491061470186,3.164002747836342e-06,0.006034004251007938,0.9731827747515605,1.589248422241501e-05
40,5.085997130413378e-05,2.4276866214821806e-08,0.001538080336287745,1.1701333517689284e-08,0.00020006815875817587,0.0009217345040613947,0.001384808292444751,7.505126163401955e-06,3.477825724233449e-05,0.00846068943185903,1.025840470626049e-08,0.00011921004449164139,1.1887155664922873e-05,8.074743471823715e-06,1.3904518043447267e-06,7.11415960150574e-05,0.005122943331966691,1.8312973634558793e-06,0.0002768080916615774,1.5693507927373227e-06,0.004064084000552444,3.2354973299976186e-06,0.007547498291296006,0.9701312971724669,4.04586603971837e-05
41,6.027104124558737e-05,3.119319074198044e-08,0.001171003052693141,1.9682919638499933e-08,0.00021608527095864235,0.0015582421478394063,0.0012379991055890126,1.3273673377575833e-05,6.481621964791106e-05,0.01482241860364814,1.3754893803051652e-08,7.424216157403605e-05,1.6924621990878527e-05,6.101960760073438e-06,2.02207319864581e-06,0.00010440074892581449,0.005056750721380578,3.3369303028704583e-06,0.0004707190244275936,1.9803797322666217e-06,0.003527841737489839,3.181617131341192e-06,0.00952825529513483,0.962027930783393,3.213819855453365e-05
42,4.654844872612517e-05,4.708051993752788e-08,0.0015099865943703308,1.6826481874710747e-08,0.00011630833371042045,0.0017563810181598187,0.000983633446752354,1.8301285438494445e-05,5.169110893718043e-05,0.010520445317587779,7.578483026523955e-09,8.230118867281615e-05,1.3844082991168137e-05,2.4746986418930635e-06,1.6713539485055163e-06,0.00012646389992959626,0.007468659329927466,2.3141441111973117e-06,0.0007001949066448384,1.0945696713947913e-06,0.004217010507792972,7.4279111544479035e-06,0.004978307359039756,0.9673720719183581,2.2797089948574717e-05
43,2.2128687927991165e-05,1.1372959573063665e-08,0.000734052430773577,8.409549493250364e-09,7.778282668360277e-05,0.001315242107429449,0.0008239424726092211,7.78797946607877e-06,2.7917775620066885e-05,0.011258923205149398,3.590043629351278e-09,4.988140113298609e-05,1.0858794522210349e-05,1.8349061951391801e-06,7.97686425722702e-07,6.822554832084235e-05,0.004261572267263448,1.634802232710627e-06,0.00024405718481897504,1.0682602992181062e-06,0.003409584652116061,2.288023388147353e-06,0.0059460967941883935,0.9717210818385849,1.3216982299080747e-05
44,3.8856556422363035e-05,1.8897375744813783e-08,0.0008735732214022403,1.1800652060064816e-08,0.00011598616503924176,0.001104618724651086,0.0011215882736654754,8.372310050126817e-06,3.6052129021466565e-05,0.010688142487389644,7.614377666849871e-09,6.826503967872635e-05,1.1129026026157168e-05,4.321412730607899e-06,1.2470598598652993e-06,6.817640426132795e-05,0.004885276951276773,2.032617598061509e-06,0.0002782753202900848,1.3017082942419134e-06,0.003064568173607581,2.8178521630746977e-06,0.007783390515879314,0.9698139427342377,2.8027004049226772e-05
45,3.380443357771394e-05,1.5157286666712378e-08,0.0007561593802183321,9.843137019354263e-09,8.569658969752779e-05,0.0010215521057184245,0.0011545739723202318,1.1291072790593659e-05,3.0239409123289855e-05,0.010155322580641843,6.083821886785112e-09,6.765013232380234e-05,1.296754933524474e-05,3.2823557356821586e-06,1.1759037393727124e-06,7.621233754651431e-05,0.004254174397749239,2.028082356805145e-06,0.0002768256938136111,1.1260173040054407e-06,0.002463637621798391,2.790201091817256e-06,0.005150771060931921,0.9744208299969845,1.7858020955629793e-05
46,3.76827078373348e-05,1.3045393376246541e-08,0.0007739233527077248,1.0401634298898848e-08,8.668089146989301e-05,0.0009207586063665499,0.001107245692925708,7.339392639351344e-06,2.61807228564004e-05,0.009391000823914053,5.421469315412327e-09,6.349010947699831e-05,1.110467840540632e-05,3.221638138632547e-06,7.436601633584853e-07,6.415739821025949e-05,0.0061166729208120725,1.6396770397843284e-06,0.0002448345614478275,1.0911234343393986e-06,0.002669821155609821,2.8839573122713673e-06,0.005819316032100103,0.9726277091415896,2.247288704556308e-05
47,4.569039998874037e-05,1.1938897524647654e-08,0.0007617252183987087,9.317480998601467e-09,6.282293782763395e-05,0.0006939305201595905,0.0008868265728358226,7.451222716894747e-06,1.9007616644153067e-05,0.00719783376995136,3.6451410788502586e-09,4.897697273785312e-05,1.2677814302560913e-05,2.4131141715826978e-06,5.01693455727628e-07,7.005724949718681e-05,0.005305264036623687,1.3039731442103879e-06,0.0003111302460855504,7.462238229418822e-07,0.0018472311725888067,2.615009514660691e-06,0.003503266537327877,0.9792044687063602,1.4034090324972021e-05
48,2.669349523612227e-05,1.1807398914821234e-08,0.00047554332517870415,6.194254094683482e-09,5.329240377537525e-05,0.000810328361111634,0.0007260671281175985,5.927030943965898e-06,1.942711328868773e-05,0.007104784376465294,2.579287282136709e-09,3.643224389714456e-05,9.093297850098348e-06,1.8215522474132506e-06,5.10879457898647e-07,4.6681164832382446e-05,0.00433548802711731,1.3195137728301137e-06,0.0002607255608307403,6.398548237599651e-07,0.0014917384874968066,2.2669597295007184e-06,0.0038694325654038617,0.9807065049918376,1.526108564483706e-05
49,3.153468027263193e-05,2.1385398319947757e-08,0.0010068922794101575,1.137752177381219e-08,0.00011192958993241153,0.0013225806964515898,0.0011552315806116903,9.09907538929809e-06,3.507374529669449e-05,0.010469519873266905,6.320388063015648e-09,8.17441924133775e-05,1.0862193900049193e-05,3.271834040520585e-06,1.1694230822990783e-06,7.330039682821291e-05,0.005351568437259569,1.7622874844514613e-06,0.0002936122615074036,1.231632354064886e-06,0.0034929262686966087,3.866294956400981e-06,0.0063022369066209755,0.9702144563472377,2.6090919678772525e-05
50,4.416334839186259e-05,6.666109267812398e-09,0.0006421596963755124,8.064540639980091e-09,7.18439796354808e-05,0.0005322361348478548,0.001277535245689708,7.583916636425344e-06,2.1589180235453596e-05,0.011418353754650112,5.333310684975778e-09,4.974134035059324e-05,1.2513783213563495e-05,3.4022352634743507e-06,5.806608648139968e-07,4.762265650212278e-05,0.004167224886402568,1.194176702714451e-06,0.00017071014954063378,1.0534709513231032e-06,0.0013517531290739467,1.6439941367740382e-06,0.004376196568862845,0.9757822639350476,1.8613692664192702e-05
51,6.826247646088693e-05,3.6236484617652016e-07,0.0017873182568503873,7.872386337378827e-08,0.0002260516637499234,0.004019292059691187,0.0014906476490160214,3.691082668627499e-05,0.00012994704518378116,0.015913482342061806,4.486444791160907e-08,0.00024163026700544055,1.2898744776406408e-05,1.0871000261668055e-05,1.3716735162650297e-05,0.0001617183815824072,0.007987884409913167,7.066888559151487e-06,0.0008519492845662108,2.2960905591486705e-06,0.010208718278475313,2.721835458790552e-05,0.01599968519376619,0.9406874100385543,0.00011453805937226105
52,3.960352887072172e-05,1.8026705889873728e-08,0.0008598726533182398,1.2062450724073569e-08,0.00011634967483761865,0.0011436539872076836,0.0010981448711689958,8.912272379252085e-06,3.65192250802325e-05,0.011711675608959353,7.882535011678162e-09,6.809868055935713e-05,1.189661165226878e-05,4.326037624683196e-06,1.2897679120414387e-06,7.052340510477637e-05,0.0046871477262644175,2.1448435268314906e-06,0.00028887964423959415,1.3648150801579017e-06,0.002975445590500426,2.7173733204818946e-06,0.007574955480026397,0.9692703283171092,2.6111913565605954e-05
53,2.8996604882444678e-05,1.0866509376484661e-08,0.0008301386823754364,1.1737963635810299e-08,0.00012623828286917172,0.0009609687406900499,0.0017447640338695653,6.3531527961730775e-06,3.138267685423249e-05,0.01088518278242402,1.0000708366343984e-08,8.698622060920739e-05,1.0056865663103478e-05,6.539050759551005e-06,1.3314514327468369e-06,6.369134539179729e-05,0.004655939688509515,2.1531306405044047e-06,0.00013518727135125572,1.9054598531829205e-06,0.004205202143350059,1.99273780220018e-06,0.012532347599443586,0.9636505709465796,3.203852667115597e-05
54,4.0624652080649564e-05,5.723464511376751e-08,0.00066810803673771,1.554943152805975e-08,0.00011784557754600043,0.001519088294719275,0.001170730188671977,9.43158195926772e-06,4.931142486322916e-05,0.009502157616678617,9.410854645510312e-09,8.151836718167869e-05,7.572982238291919e-06,5.704377679511062e-06,2.4415461610869406e-06,5.956408015736636e-05,0.004568154110484676,2.3781057037772385e-06,0.00037549336033637263,9.460611865424896e-07,0.002675148711774377,5.923497480746904e-06,0.008531832520171123,0.970545647503233,6.029520802330704e-05
55,3.326080634083837e-05,1.030174307107989e-08,0.0006790841024318546,7.67885173772826e-09,0.00010258659539391514,0.0008457167452163178,0.0014502424757870326,1.023781092638957e-05,2.9666177675376263e-05,0.008697524892560992,5.567452413310924e-09,0.00010771609852853636,1.2871019196687711e-05,4.8417341296236765e-06,1.0205599842418556e-06,6.679756744633136e-05,0.0043360372531764954,1.7945792213914815e-06,0.00018400772268642487,1.2362382151528424e-06,0.002477551933494519,2.2669707619665546e-06,0.00527931382577719,0.9756533562758615,2.2845067139965427e-05
56,3.8518610408374386e-05,1.7301237048911828e-08,0.0008343188160858251,1.140255528994109e-08,0.00010996223039656732,0.0010677377995715097,0.0011029926191755092,8.419987127395263e-06,3.403266457251192e-05,0.01043992311402022,7.03737447992657e-09,6.507792681563715e-05,1.1851410245627912e-05,4.093072152442296e-06,1.131477421674116e-06,6.868844972463935e-05,0.004752221926262437,2.0108824638048767e-06,0.0002760056593763599,1.2833118152153071e-06,0.002833010643739969,2.6430716960894763e-06,0.007173389082898993,0.9711472685636813,2.5382939181143153e-05
57,3.342689301583309e-05,1.4292531573727513e-08,0.0012393629094016574,9.148311229586406e-09,0.00012959948186065532,0.0010541505024310965,0.001159411243903035,8.41451115268927e-06,3.1503651527018974e-05,0.01061228107039054,5.927392137836891e-09,8.629576994103622e-05,1.333777875658986e-05,3.444527736735789e-06,8.859018467904917e-07,7.541544672952906e-05,0.005110326196054492,1.5076047806747396e-06,0.00026519740014864805,1.412597954173505e-06,0.003316649487287698,2.7733192365049876e-06,0.005508828985307612,0.9713241429449065,2.1602407395490275e-05
58,3.0192631817722552e-05,1.3097774817859723e-08,0.0006484530053580187,8.26927088161252e-09,8.135738057556827e-05,0.00089141213642009,0.0009134611407779043,6.532783198297599e-06,2.4807661102710724e-05,0.008615211203397198,4.522662138217672e-09,5.23020276057848e-05,1.0123728522233245e-05,3.191179885171056e-06,8.107861602119472e-07,5.55630996108611e-05,0.004029379755986613,1.6139959255964176e-06,0.00022956014476819512,9.903837419385285e-07,0.0022526356813319173,2.106885321797687e-06,0.005908919900885953,0.9762215034538645,1.984514403382664e-05
59,0.0002067342000668717,2.325696540376576e-07,0.002241542466793593,1.1718378843705281e-07,0.0008506370864069286,0.0045873981843483624,0.0031882865062634437,3.438839497252885e-05,0.000381037708630913,0.04139601013562543,1.9609020668638816e-07,0.00025882880086704804,1.620451226425953e-05,3.241604562155672e-05,2.1117223662912858e-05,0.0001828778605927976,0.013751193779007149,1.2601273475558693e-05,0.0010734980110160576,5.071211298020648e-06,0.01111079376020002,1.7693028618410035e-05,0.04439072537193835,0.8759451553175744,0.00029524327710611355
60,3.8856556422363035e-05,1.8897375744813783e-08,0.0008735732214022403,1.1800652060064816e-08,0.00011598616503924176,0.001104618724651086,0.0011215882736654754,8.372310050126817e-06,3.6052129021466565e-05,0.010688142487389644,7.614377666849871e-09,6.826503967872635e-05,1.1129026026157168e-05,4.321412730607899e-06,1.2470598598652993e-06,6.817640426132795e-05,0.004885276951276773,2.032617598061509e-06,0.0002782753202900848,1.3017082942419134e-06,0.003064568173607581,2.8178521630746977e-06,0.007783390515879314,0.9698139427342377,2.8027004049226772e-05
61,0.0012608979931648296,3.010277283916322e-05,0.001114412002305415,6.168949996905753e-05,0.007373231515349637,0.08166603937243738,0.011062431687884894,0.0008744732295181846,0.029227046038931708,0.18990624862600322,0.0001662270639316408,0.003358052078652969,1.0157060019831088e-05,0.0006582365971649554,0.006672155938608995,0.0012774610328959816,0.017448498114869745,0.0012511263839977812,0.0028088941791389265,4.927645577548953e-05,0.033408423723909224,0.0010128223399366223,0.526995181062518,0.07182776096932345,0.010479154260852955
62,3.8856556422363035e-05,1.8897375744813783e-08,0.0008735732214022403,1.1800652060064816e-08,0.00011598616503924176,0.001104618724651086,0.0011215882736654754,8.372310050126817e-06,3.6052129021466565e-05,0.010688142487389644,7.614377666849871e-09,6.826503967872635e-05,1.1129026026157168e-05,4.321412730607899e-06,1.2470598598652993e-06,6.817640426132795e-05,0.004885276951276773,2.032617598061509e-06,0.0002782753202900848,1.3017082942419134e-06,0.003064568173607581,2.8178521630746977e-06,0.007783390515879314,0.9698139427342377,2.8027004049226772e-05
63,4.00813944099783e-05,2.569248972293558e-08,0.0008671457884921746,1.3118666276517857e-08,0.0001222394526033347,0.0012459977203202334,0.0010796115821328715,8.79885572641197e-06,4.0685160978160016e-05,0.010472538245231783,8.180421582740759e-09,6.794774418070353e-05,1.0942325715233301e-05,4.460334972104751e-06,1.4578676218348888e-06,7.03404636690493e-05,0.004976964486759385,2.271018790923662e-06,0.00032499290293751953,1.284053393823781e-06,0.003133584502101215,3.323929366636353e-06,0.008259112115551876,0.9692341740487443,3.1999014722985665e-05
64,3.416898147475742e-05,1.790531846479502e-08,0.0009754431102409085,1.129379130922523e-08,0.00011324121621158337,0.0011205019876225708,0.0010449338455821768,7.558292252551651e-06,3.215118415578173e-05,0.009743316110584007,7.120815253804856e-09,7.34964813728013e-05,1.0876912400394074e-05,4.2287213225655045e-06,1.200881070062367e-06,7.098540838089284e-05,0.005080671437417207,2.011144941741884e-06,0.00025575556015694034,1.3704625324330446e-06,0.0039610010829819855,2.73405026579611e-06,0.008351530458892486,0.9690869951495406,2.579120067480053e-05
65,1.712444807655005e-05,2.5252658894248752e-08,0.0005896819484690612,8.536467833272698e-09,8.373768288601964e-05,0.0012474458445551593,0.0007955117869644455,4.414525948835887e-06,2.4662937030788315e-05,0.00560500733678917,3.941447283260558e-09,5.774827747379328e-05,6.2133875672467746e-06,3.602416204695292e-06,1.1711980001012876e-06,4.554263617624669e-05,0.003944651559443366,1.910750966637735e-06,0.00018658140400381278,9.981266491864616e-07,0.004192071059461655,2.692580062337125e-06,0.010392604149964445,0.9727635142705692,3.30739421632983e-05
66,4.329688161639249e-05,4.643941287345101e-09,0.0013523759118840512,7.971925038079047e-09,0.0001609901478438402,0.000730989000561835,0.0014167425069562447,5.619531766475745e-06,2.650142945680955e-05,0.012315287220358653,4.311269556193285e-09,4.492325870374211e-05,2.055016606378263e-05,2.683191776921697e-06,2.9910317995715005e-07,7.816750965794019e-05,0.0047429633776624736,1.0625871355943237e-06,0.00022323067791283735,1.6394171487918336e-06,0.0021251175787424556,1.1056996423090243e-06,0.0045790012860130475,0.9721153204637968,1.2116124983123149e-05
67,3.572001284965486e-05,1.9325396309785065e-08,0.000839872653290181,1.151459925252972e-08,0.00010989618571545084,0.001126000859012027,0.0010818219954427822,7.792464126112867e-06,3.420942448779471e-05,0.010079805488446857,7.231542713214637e-09,6.761862708935698e-05,1.0497548829730744e-05,4.247449142618889e-06,1.2399535614544287e-06,6.605642649967574e-05,0.004847910571413241,2.0311438237040167e-06,0.00026843387534626097,1.2713394853478576e-06,0.003174080772606544,2.829752910487592e-06,0.008057573182265115,0.9701526224582484,2.8429743868917688e-05
68,3.841924319946838e-05,1.8848293219221376e-08,0.0008720529956501676,1.1743476362687583e-08,0.00011549164341149514,0.001108434981957195,0.001120483074084139,8.370998287474857e-06,3.585525087704894e-05,0.010655373271441454,7.573769195823024e-09,6.866794001918151e-05,1.1095669514152922e-05,4.308980003688987e-06,1.2497707794216878e-06,6.811067879017535e-05,0.004874888871304512,2.032157487571988e-06,0.00027645451701609376,1.3020503807286258e-06,0.0030865708736956595,2.8191476089064173e-06,0.007779701158721584,0.9698403477612524,2.79307989786747e-05
69,5.498924894878215e-05,4.001570715220716e-08,0.0017379627475656457,2.513587961316059e-08,0.00025917025652365375,0.0019062825605498995,0.0017615110225017556,1.4137132129915936e-05,9.433404407815232e-05,0.020567718803440115,3.1348950381242425e-08,0.00013861973063612588,1.261620522073985e-05,8.670696612902484e-06,4.282668340194442e-06,8.642720958541026e-05,0.008698577559555002,4.029268954985692e-06,0.00031170267086317834,3.3280462357836366e-06,0.0090945558368273,5.3640325075717295e-06,0.02299491930187869,0.9321643800587648,7.632439774251419e-05
70,3.9598896205271076e-05,1.9405318502167923e-08,0.000925722072777498,1.249687998673473e-08,0.00012400313299166163,0.0011625172061928719,0.0011757249816410562,8.626653261547994e-06,3.800737345824272e-05,0.011135817898049329,8.090958596949743e-09,7.038602160882126e-05,1.1475954731110628e-05,4.4585275417942e-06,1.2944689732131224e-06,7.182720103886199e-05,0.0049254637305170094,2.0733769053868504e-06,0.00028517986711286034,1.3726962822057634e-06,0.0032042349704056103,2.8624664111741452e-06,0.00802825741434311,0.9687524150646624,2.8640031731746452e-05
71,3.250333393596311e-05,5.21100883321257e-09,0.0005219619330952197,6.9831726404892775e-09,8.676014362312982e-05,0.0006128878522902397,0.0017012424038746411,6.3084353076350484e-06,2.5684171341080857e-05,0.011230652103932572,4.047405157409549e-09,4.596483322828271e-05,1.134123028896303e-05,2.9961969193260037e-06,4.4875043660519793e-07,4.2554576874603214e-05,0.003924624552329515,1.0323274712110934e-06,0.00012506137076527733,1.099717895129375e-06,0.0012709842454212011,1.3958490906003029e-06,0.0048289560814639195,0.9755056318846282,1.989176420010894e-05
