,0,1,2,3,4,5,6,7,8,9,10,11,12,13,14,15,16,17,18,19,20,21,22,23,24
0,0.004605983062567793,0.00015970943999431942,0.2395880131449653,0.01127077591893698,0.0075050780432838245,0.00010040040741091555,3.078648483510099e-06,1.9166025624187055e-06,0.00923363556907813,0.010706067374296859,0.013530250196494356,2.803545609994787e-08,1.0144621384298274e-05,0.0033977395975257354,0.0011570059911825202,9.641521107539447e-06,4.042934992782857e-05,7.959159399957722e-06,7.825932005618835e-06,6.424438666611862e-06,3.4726076692224e-05,8.784524551449919e-05,9.875161553178043e-06,0.6985111363009456,1.4310160563637176e-05
1,0.002007130750602217,0.0001152045934100683,0.2781871312175113,0.013080056322739748,0.005705279511067458,8.783340105562127e-05,2.7461864375978082e-06,5.235712096586254e-07,0.0006297806755836932,0.002544264589305921,0.048999865572179016,9.416845569407265e-08,6.755201531284284e-06,0.018962007509548892,0.003388276228104503,1.510792827948031e-06,3.470641986424156e-05,2.1177672207228192e-05,3.2645240394841423e-06,6.878676116354317e-06,0.000219013817937264,0.0001737513645234467,3.0079317529912108e-05,0.6257592519356797,3.341598053156995e-05
2,0.004960966325929558,0.0001459360011704415,0.22792078223939843,0.009513043475547437,0.0070227537168315955,9.808612258483146e-05,3.4016487565284994e-06,2.3248417225800584e-06,0.010532412096180131,0.012857411213163984,0.011296344450028417,2.469777921186381e-08,8.77448848206795e-06,0.0032753293943247252,0.001268167072590987,9.647679759383574e-06,3.783659854953078e-05,8.051032913658635e-06,9.500982483937238e-06,9.059348764513953e-06,3.6189442817796566e-05,0.00011136957031697557,1.1679628118506664e-05,0.7108432160140645,1.769191772017517e-05
3,0.004601316777465609,0.0001578258207933906,0.23981774927280253,0.01110442217815459,0.0073848679488549415,0.0001070195345983603,3.1305032749979756e-06,1.97990150114095e-06,0.009206312888589736,0.011114176832165985,0.01316264125382815,2.8362367939199665e-08,1.0281677473271264e-05,0.003330352380429388,0.0011606070225528178,1.0245647953878695e-05,4.009186173020033e-05,7.969290009383944e-06,8.301005899809391e-06,6.909174303334834e-06,3.5491928709286235e-05,8.781652475532185e-05,1.0030088453396865e-05,0.6986163363901258,1.4095733206655009e-05
4,0.004699259686120222,0.00019673038045133005,0.2506593858992248,0.012567721351821517,0.008803971280820702,0.00012360510198923652,3.58746793335934e-06,2.110745614994198e-06,0.010068798099995401,0.011226422207047514,0.015939022700125233,3.8125402863582894e-08,1.3761758006681578e-05,0.004134532928233366,0.0012004105009909487,1.1612567247156009e-05,4.790262760976235e-05,9.358141802655194e-06,9.079551567312896e-06,7.467303313420648e-06,3.938504610562611e-05,9.557500487966806e-05,1.1712686563016018e-05,0.6801126987282589,1.5850108874201212e-05
5,0.004348486775642909,0.00010718342574569221,0.20207671371057453,0.011145171923804988,0.0056910915872439025,8.499894406420493e-05,2.640666453475165e-06,1.682076155568437e-06,0.007814948373725076,0.0107182472486649,0.01078545852559921,2.3144243298370188e-08,8.127252796896047e-06,0.0030581692645158245,0.0008667040659721197,9.169070597455309e-06,3.694944322204505e-05,9.09730660924653e-06,5.800039082199689e-06,6.881926006455426e-06,2.9695171597019305e-05,7.115837455457504e-05,9.195368228818091e-06,0.7430990676981307,1.333861676872991e-05
6,0.004601316777465609,0.0001578258207933906,0.23981774927280253,0.01110442217815459,0.0073848679488549415,0.0001070195345983603,3.1305032749979756e-06,1.97990150114095e-06,0.009206312888589736,0.011114176832165985,0.01316264125382815,2.8362367939199665e-08,1.0281677473271264e-05,0.003330352380429388,0.0011606070225528178,1.0245647953878695e-05,4.009186173020033e-05,7.969290009383944e-06,8.301005899809391e-06,6.909174303334834e-06,3.5491928709286235e-05,8.781652475532185e-05,1.0030088453396865e-05,0.6986163363901258,1.4095733206655009e-05
7,0.0025863960289349056,8.605388067024467e-05,0.09841381616820381,0.009308840651487179,0.005614926116556821,0.00011259174334515947,3.330625970716105e-06,1.1079184770101483e-06,0.012157514507854477,0.015297162678300948,0.008283827397497417,2.119580458814299e-08,3.876533819119187e-06,0.005364154400287566,0.001305159847640377,1.2023613758787091e-05,3.6827248097116295e-05,8.878319262144969e-06,4.380528349987928e-06,9.60052530960633e-06,3.19444822222444e-05,0.00010961396425720006,1.7179917110395696e-05,0.8411988755519269,3.189615485515966e-05
8,0.0025824202468854706,0.0024331505868230682,0.8747158467689186,0.010250734058088967,0.06094730293389348,0.0010496356458267275,6.015859779662294e-06,1.1967315363044932e-05,0.0026069694519428015,0.0027349443672422054,0.027809754188239402,2.785123721038548e-06,0.00116456055777512,0.003183923670541688,0.0003634604828226433,5.2862602615923114e-05,9.840458687018538e-05,8.687657403076561e-06,0.00036738762875363596,1.0475210543475744e-05,0.0001400714710942971,9.256046292892781e-05,4.50917666182391e-06,0.009359840195176241,1.729750088398448e-06
9,0.010746506934588127,0.01553600145946257,0.34192397162033833,0.016808143074665865,0.30315889638512294,0.0010042831800058318,0.00014119712268018206,5.867834184717441e-06,0.05064119349969243,0.012134988158716912,0.08173142530419482,2.737812218692122e-06,0.00026814772868645275,0.026765782379413124,0.007339604650427217,6.198429100152708e-05,0.00011085214763859462,4.524701113134499e-05,0.00017242515662245673,1.1458873649253259e-05,0.000288112786490183,0.0005031593418391513,3.68043183754931e-05,0.1301837680403304,0.0003774408885232636
10,0.004601316777465609,0.0001578258207933906,0.23981774927280253,0.01110442217815459,0.0073848679488549415,0.0001070195345983603,3.1305032749979756e-06,1.97990150114095e-06,0.009206312888589736,0.011114176832165985,0.01316264125382815,2.8362367939199665e-08,1.0281677473271264e-05,0.003330352380429388,0.0011606070225528178,1.0245647953878695e-05,4.009186173020033e-05,7.969290009383944e-06,8.301005899809391e-06,6.909174303334834e-06,3.5491928709286235e-05,8.781652475532185e-05,1.0030088453396865e-05,0.6986163363901258,1.4095733206655009e-05
11,0.004795756427799725,0.00017432031440299067,0.25120239073420925,0.01184080349548897,0.00779644914987435,0.00011566326962071255,3.325661903667005e-06,2.185407708341849e-06,0.009478452381767963,0.011183419154918665,0.014035949225487922,3.264865847010619e-08,1.2055682339518974e-05,0.0034814780011519163,0.0011709219899699174,1.112845321691991e-05,4.4431331499935956e-05,8.476446375985858e-06,9.056549519515081e-06,7.204617814592785e-06,3.749750465496793e-05,9.099632830547578e-05,1.0545750897383631e-05,0.6844732945982788,1.4164874134052128e-05
12,0.004129194328065062,0.00010020326193474323,0.21829061180863168,0.009854698887117616,0.004003776060425489,8.135583882570221e-05,2.5340739005494904e-06,2.516436341423204e-06,0.00854701987908374,0.010804414655294465,0.009818855441778402,1.5056133773158342e-08,8.16812593690923e-06,0.0017832306518834973,0.0011224796664322323,9.43360931524396e-06,3.605666408510315e-05,4.4077282044085795e-06,7.609166589507153e-06,5.0276797454159125e-06,2.5203802038842518e-05,8.364764463262378e-05,6.7376583614538825e-06,0.731265444000392,7.357874850310898e-06
13,0.005505394032988859,0.00012046750000433345,0.24514519343341667,0.008894405866644202,0.005607694639041953,0.00010880068390527462,3.440566862594544e-06,2.54602361889167e-06,0.010777370846006088,0.018248405302521004,0.005734444890809862,2.1060394155451968e-08,6.487677954945759e-06,0.0025516016347632703,0.0008607599432365033,1.141267364782783e-05,3.612044170879156e-05,9.562370253284266e-06,9.180362084622732e-06,1.0741528115623552e-05,3.259085286743187e-05,0.00010148544413745257,7.795429811450847e-06,0.6961961029258682,1.7973869336595748e-05
14,0.0059918180803146615,0.0003290153134173517,0.29917245934746617,0.011371829697101606,0.012952339975683205,0.00015953931030575466,3.6405788211834666e-06,1.988386452005436e-06,0.009525684471043395,0.011168078488806193,0.020243120044522746,5.5533126017598584e-08,1.8073952385264634e-05,0.004537495337194419,0.001269299083163062,1.2720253217087452e-05,4.324887429449937e-05,9.719859785203245e-06,1.4398554748646715e-05,7.24866249490809e-06,5.040664607497832e-05,9.119580915662305e-05,1.1249814122595446e-05,0.6229991030942283,1.627083207415812e-05
15,0.004601316777465609,0.0001578258207933906,0.23981774927280253,0.01110442217815459,0.0073848679488549415,0.0001070195345983603,3.1305032749979756e-06,1.97990150114095e-06,0.009206312888589736,0.011114176832165985,0.01316264125382815,2.8362367939199665e-08,1.0281677473271264e-05,0.003330352380429388,0.0011606070225528178,1.0245647953878695e-05,4.009186173020033e-05,7.969290009383944e-06,8.301005899809391e-06,6.909174303334834e-06,3.5491928709286235e-05,8.781652475532185e-05,1.0030088453396865e-05,0.6986163363901258,1.4095733206655009e-05
16,0.004671317246513086,0.0001619129905463238,0.24849262891538784,0.010891988172783444,0.007492224563621303,0.0001058559666675535,3.0148176201496096e-06,2.060763428258949e-06,0.009467595744868834,0.010449531533991524,0.013291390641509783,2.7321106493640228e-08,1.055634095744542e-05,0.003121137106723907,0.0011761036288058164,1.0000704445929557e-05,3.962919055197324e-05,7.312253086188573e-06,8.67739335135096e-06,6.650287541205526e-06,3.358381400659026e-05,8.561992193148223e-05,9.879191662600978e-06,0.6904482663939211,1.303509496981917e-05
17,0.0048653780412116114,0.00016646882205839024,0.24500337971425834,0.011492886643667856,0.007770425943203507,0.00010847302536988644,3.2507837490512934e-06,2.059280543507946e-06,0.009245009593325613,0.011208473074722525,0.013668169919730244,3.2283303257343485e-08,1.1152620867395477e-05,0.003652994172523851,0.0011367358879988978,1.0438128640704641e-05,4.275231126784347e-05,9.092475880266786e-06,8.651650373955562e-06,7.405928154994343e-06,3.781628549024825e-05,9.248687537191762e-05,1.0823350906480708e-05,0.6914301083963317,1.5534791047966965e-05
18,0.0050141798100937504,0.00018076411916026697,0.16661315922246084,0.0093585541974258,0.006622395939093571,0.00010814521713556042,3.964500006216865e-06,1.6179562735217144e-06,0.01206210707836698,0.015168353799118595,0.011961773257312153,3.873932201449682e-08,9.069022922138762e-06,0.0055472011277034544,0.0010730343913192867,9.963513967435453e-06,5.332090998022836e-05,1.4130071168260614e-05,7.194926425386268e-06,9.272682426581807e-06,3.59780279503969e-05,0.00013428948255233205,1.3536134130532707e-05,0.7659638029567415,3.4152916943287745e-05
19,0.0050160578090813306,0.00019656354704392052,0.3039640529529732,0.01412919246875128,0.009344850230302904,0.00011751496626291148,3.684300027248181e-06,2.6714927596638767e-06,0.009416440089771256,0.010578833747900435,0.014958667633493303,4.011469038122524e-08,1.5225213091405658e-05,0.0035645680078765923,0.001145450007392562,1.1770077273386397e-05,4.853489398420039e-05,9.323095359548168e-06,9.973993553862427e-06,7.323183064761012e-06,4.11319446580195e-05,9.327743694322731e-05,9.967675216616575e-06,0.6273019557984217,1.292932010615331e-05
20,0.00335568517015262,0.0001366097986287612,0.2276013962248669,0.011204588330434122,0.006277907212707468,0.00010887394101053954,3.7001064217469503e-06,2.238648917558453e-06,0.008055737113136986,0.009769425420748875,0.0144091479370543,2.215210949748434e-08,8.563865191288558e-06,0.0029630023303938257,0.0020007253003337,9.456975641058236e-06,3.60965761598987e-05,5.218595479135847e-06,8.219563562449442e-06,6.450502277193762e-06,4.198517654218501e-05,0.00010531580024432347,1.1894604739816258e-05,0.7138651166875681,1.2621965677682162e-05
21,0.004162264023053607,0.00014260895884510034,0.25515350125269437,0.011226661057118342,0.0062926134352320655,0.00011253144956364197,3.4284491317184822e-06,2.426771984972547e-06,0.009423898861953045,0.00986028334844555,0.012132142840203013,2.3875041399745275e-08,1.018458690132334e-05,0.0028877322223262733,0.001393507899103471,9.916159805503668e-06,4.251370126437295e-05,6.4667277630087484e-06,8.568715939163094e-06,6.7912333901466575e-06,3.219211135107802e-05,9.608065904311869e-05,1.0415524561739187e-05,0.6869705424644951,1.2703670788883357e-05
22,0.003917164778906206,0.00010206567150300715,0.21929283362241558,0.011067764263776368,0.00512785139094048,8.330369723240797e-05,2.1987411880498273e-06,1.5553698715892292e-06,0.0066223745002527866,0.010676783460374645,0.011902948591269743,2.2080162976444542e-08,7.694341496642335e-06,0.0029341067458108993,0.0009337438904693435,8.371650031500904e-06,3.884787999122573e-05,7.505196497211053e-06,5.610098938674201e-06,5.755856433085861e-06,3.1517519656798295e-05,7.643523355907491e-05,7.881385392028784e-06,0.7271351532348038,1.0510799025872344e-05
23,0.004601316777465609,0.0001578258207933906,0.23981774927280253,0.01110442217815459,0.0073848679488549415,0.0001070195345983603,3.1305032749979756e-06,1.97990150114095e-06,0.009206312888589736,0.011114176832165985,0.01316264125382815,2.8362367939199665e-08,1.0281677473271264e-05,0.003330352380429388,0.0011606070225528178,1.0245647953878695e-05,4.009186173020033e-05,7.969290009383944e-06,8.301005899809391e-06,6.909174303334834e-06,3.5491928709286235e-05,8.781652475532185e-05,1.0030088453396865e-05,0.6986163363901258,1.4095733206655009e-05
24,0.0046750195072017015,0.0002041993208991745,0.2584368160064081,0.017135846532747547,0.011432975215369083,0.00014120091469115397,3.801705191129825e-06,2.28139320833443e-06,0.01056104775038264,0.011243217636610606,0.017489138054165364,4.845935021378191e-08,1.747025539784778e-05,0.0052048354013128325,0.0010778148632520335,1.5421111359165646e-05,5.4716218299381016e-05,1.1693780630125946e-05,8.819133495912287e-06,8.088796390346747e-06,4.235525162457546e-05,8.429060769197363e-05,1.3830242491494708e-05,0.662118957413401,1.6114428428284886e-05
25,0.005068328733240724,0.00013652781474329838,0.2746642657713265,0.015270265555524352,0.007732805924189842,9.031305828753386e-05,3.3702377241230154e-06,2.8839541797393176e-06,0.007937639966578538,0.009945506357666587,0.015467482898691837,2.8247116964202616e-08,1.3220986018417047e-05,0.002895501015235979,0.0012153743099594602,1.128116353209781e-05,4.104468064442128e-05,8.156991863590224e-06,8.867046453350349e-06,6.5075032718601785e-06,4.0560001565637015e-05,7.957929718279487e-05,1.0531647795554799e-05,0.6593392081063281,1.0748730878739852e-05
26,0.004647099781476559,0.00011090516377767748,0.17983328919727862,0.008963605861974437,0.005361929035740095,7.179880058955015e-05,2.0342388971131034e-06,1.5970575114941076e-06,0.009074787434641678,0.007834856766651712,0.010424222756439155,1.6785233106802827e-08,6.839947137659797e-06,0.0020697465626603254,0.0008770083422636787,7.413834095366321e-06,3.157897380515136e-05,5.7422558770068855e-06,5.767671127889188e-06,5.097166373157827e-06,2.258200118378345e-05,5.622403088090065e-05,8.903049925692228e-06,0.7705665579384143,1.0395346043837085e-05
27,0.0038119491740555064,0.00014141608002416498,0.183854255291686,0.008876454033501803,0.00584224988398046,0.00010223677541578776,3.305574561028678e-06,1.799357600944248e-06,0.010981907720803567,0.011982421911623142,0.011443749290393759,2.1716904738372792e-08,7.724683131325226e-06,0.0031195325240183456,0.00136494394070196,9.418402949041147e-06,3.863040192899824e-05,6.199713744033957e-06,7.360593766656704e-06,6.974066083874211e-06,2.99226659388659e-05,0.00010570641144597354,1.035992248145426e-05,0.7582355716609264,1.588820233207657e-05
28,0.004601316777465609,0.0001578258207933906,0.23981774927280253,0.01110442217815459,0.0073848679488549415,0.0001070195345983603,3.1305032749979756e-06,1.97990150114095e-06,0.009206312888589736,0.011114176832165985,0.01316264125382815,2.8362367939199665e-08,1.0281677473271264e-05,0.003330352380429388,0.0011606070225528178,1.0245647953878695e-05,4.009186173020033e-05,7.969290009383944e-06,8.301005899809391e-06,6.909174303334834e-06,3.5491928709286235e-05,8.781652475532185e-05,1.0030088453396865e-05,0.6986163363901258,1.4095733206655009e-05
29,0.004601316777465609,0.0001578258207933906,0.23981774927280253,0.01110442217815459,0.0073848679488549415,0.0001070195345983603,3.1305032749979756e-06,1.97990150114095e-06,0.009206312888589736,0.011114176832165985,0.01316264125382815,2.8362367939199665e-08,1.0281677473271264e-05,0.003330352380429388,0.0011606070225528178,1.0245647953878695e-05,4.009186173020033e-05,7.969290009383944e-06,8.301005899809391e-06,6.909174303334834e-06,3.5491928709286235e-05,8.781652475532185e-05,1.0030088453396865e-05,0.6986163363901258,1.4095733206655009e-05
30,0.004601316777465609,0.0001578258207933906,0.23981774927280253,0.01110442217815459,0.0073848679488549415,0.0001070195345983603,3.1305032749979756e-06,1.97990150114095e-06,0.009206312888589736,0.011114176832165985,0.01316264125382815,2.8362367939199665e-08,1.0281677473271264e-05,0.003330352380429388,0.0011606070225528178,1.0245647953878695e-05,4.009186173020033e-05,7.969290009383944e-06,8.301005899809391e-06,6.909174303334834e-06,3.5491928709286235e-05,8.781652475532185e-05,1.0030088453396865e-05,0.6986163363901258,1.4095733206655009e-05
31,0.0007817463598771369,9.148252433421915e-05,0.051581535844745244,0.008146068270796301,0.004357707892333977,0.0001304721514398534,2.393987830572015e-06,2.9822317671511944e-07,0.01079874267849455,0.009457720228590141,0.01575139076718294,1.1744567146907597e-08,3.3449092678597242e-06,0.005191313368653227,0.0016776747176199458,8.518944415482645e-06,2.774898341715719e-05,2.398831351638965e-06,1.5645504708986076e-06,2.817905239925871e-06,1.686388363174759e-05,6.086811882775083e-05,9.345168880429665e-06,0.8918866676311168,1.130231373816691e-05
32,0.00482181290365925,0.00017241922301110122,0.2584523392790233,0.010821928390598996,0.007818337880934449,0.00011460322447131019,3.2865696221260357e-06,2.1705554628085696e-06,0.009168456204152057,0.011254256609088674,0.013612326225590317,3.11016640423116e-08,1.1057411598588215e-05,0.00340147864792529,0.0012518840884736258,1.0560689876184186e-05,4.10204125905165e-05,8.043393867182903e-06,9.862049503875976e-06,7.449344968435395e-06,3.8481233164034216e-05,9.675691116734109e-05,1.0523272563763064e-05,0.6788563128259592,1.4601551063579577e-05
33,0.004772959550563299,0.00017400895399634524,0.25079923613896793,0.012275958801480113,0.007628612495149624,0.00011912131582196336,3.3685711540230304e-06,2.2283714872458133e-06,0.009921196765778061,0.01215022660469619,0.013852546221944281,3.5392411065251215e-08,1.3289252255527406e-05,0.0038786167688852954,0.0010671454922209953,1.1956708952263112e-05,4.991763179313885e-05,9.316955328512263e-06,8.91855042109145e-06,7.494573727646761e-06,3.4927511036710175e-05,9.874497053264556e-05,1.0023956483705727e-05,0.6830959428871154,1.420555779675451e-05
34,0.0021989524054423803,9.414869972288053e-05,0.2297945964944686,0.020052248936523426,0.005685417543403165,0.00018123920959048164,3.9112914497533316e-06,1.8356752115818568e-06,0.006950100000787419,0.014291755157533576,0.010349393320242551,3.078798626495163e-08,9.283679556771e-06,0.004813384599022985,0.0012025590067824283,1.6379918168041448e-05,5.8511288132873785e-05,1.0252989203667151e-05,3.902070664350546e-06,9.057578540847799e-06,4.266721095065602e-05,8.691061727468446e-05,1.0320447005354645e-05,0.7041205545193062,1.2586553029045834e-05
35,0.012986267540113247,0.00016633441973763953,0.24783870218886328,0.010770126358004192,0.006564704690982012,5.2737328269775986e-05,3.215151675434554e-06,4.323477215571269e-06,0.016739885165161388,0.01529474828795784,0.007841814461956925,2.566296125747849e-08,1.155434788462052e-05,0.0018887129331226521,0.0005832595261548009,1.0334755629353128e-05,4.5521612801247985e-05,1.3193094357095587e-05,1.0865111049891573e-05,6.638793693841866e-06,2.3651869633634877e-05,8.61733339318278e-05,6.517171571121249e-06,0.6790340828002783,1.6609916992926843e-05
36,0.004633226708856893,0.00018739378316925934,0.239162326627655,0.015408770227429478,0.007088753185122026,0.00015680930669412671,4.415502486461111e-06,3.8284665923334885e-06,0.015795916343729573,0.014408868268928213,0.01309633477487956,4.425118079853132e-08,1.789355301714661e-05,0.004377047178866544,0.0012736504025432848,1.7985056349563577e-05,8.573221889711578e-05,9.500084073563868e-06,1.0407760736252208e-05,9.276021794690153e-06,3.399014515974101e-05,0.00015077177161366932,1.316682337263015e-05,0.6840381141418325,1.5777395019737113e-05
37,0.004587891807590145,0.00016742104125919144,0.2436696859846627,0.01129714226434488,0.007760573596423859,0.00011396450833759924,3.300539289438627e-06,2.0591772688998855e-06,0.009644100291353099,0.011470406357259261,0.01345813621500646,2.9852338887681685e-08,1.0722660675478342e-05,0.0034720932057709817,0.0012189544973970354,1.0753892285117543e-05,4.138269589311114e-05,8.029869745125581e-06,8.737795181285423e-06,7.205679318212908e-06,3.7162212297020276e-05,9.227792221630294e-05,1.0505367357520572e-05,0.6928927670058844,1.4695560843749225e-05
38,0.005623160839655924,0.00016430654700999922,0.1695658880651601,0.00798945087584226,0.007169913928518338,4.0422982228228426e-05,2.1096985408429775e-06,1.1450892202271674e-06,0.014548148842428983,0.010850907431354232,0.011155216246517432,2.2638528224345233e-08,5.964530175358445e-06,0.0039953242462517115,0.0006764511175258735,4.223676515404918e-06,3.7953552088833127e-05,1.0325879655997978e-05,4.185110509832735e-06,4.794684746499161e-06,2.0342036509028408e-05,9.819405140983975e-05,7.386097557325836e-06,0.7680001768518133,2.3984980236193342e-05
39,0.004680251727338127,0.0001582917655869721,0.24624949227528006,0.011619316069699442,0.0074853970311409964,0.00011118742340747274,3.3328593907974775e-06,2.170756694744136e-06,0.009252087535959236,0.011340913724779494,0.01308085027345657,2.9530835210803464e-08,1.0654862935914311e-05,0.00335112466062707,0.0012097697852338565,1.0822175640046011e-05,4.172077712467345e-05,8.267446616837586e-06,8.723642707971215e-06,7.337272171565001e-06,3.7892866574371074e-05,9.152998423120114e-05,1.0665772165087127e-05,0.6912135265943625,1.4643186039841617e-05
40,0.0018874974122119414,6.099556681151749e-06,0.011287322694728243,0.0141509050568873,0.00046176854283635756,1.1879361870377072e-05,1.8785987205435098e-06,1.8781767801144095e-06,0.014532568853420946,0.00901038405433128,0.0024108807450117517,1.0496856897039016e-09,1.8780075539782723e-06,0.00046288867784024076,0.0002404750096429755,1.0968046096788967e-05,2.3342341129528106e-05,2.4408318242714214e-06,4.877576319146972e-07,1.8069816833466514e-06,3.8249077910725175e-06,1.4883804840302995e-05,8.40317970073818e-06,0.9454607771552963,4.75919580262443e-06
41,0.0036179268404452273,3.936233674833186e-05,0.1581757084769031,0.005545236650484685,0.0026243578259998613,5.7788597511344144e-05,3.3060800020227997e-06,1.2441583198730995e-06,0.0020100782491223545,0.010169018187673236,0.014144241430486152,3.0604286712559227e-08,4.809659413561795e-06,0.004857080171160915,0.0017185469501242983,5.2419850244840444e-06,2.551891154775516e-05,1.428877660426983e-05,1.1635904465222195e-05,1.5499677725975904e-05,6.979250833896908e-05,0.00024121988960020444,1.854316105065956e-05,0.7965985740020115,3.094896494914967e-05
42,0.005197938951275763,0.00019886059807817198,0.39151751479640956,0.010974562275656477,0.007621598172774211,0.00013114933691944395,3.691688715294976e-06,5.207923739276703e-06,0.010314641807863234,0.012929656297927012,0.011652778556233437,3.525043531763527e-08,1.426963400243499e-05,0.002524889070665933,0.001690410926330228,1.272043287825867e-05,5.220342314406941e-05,5.69380209565934e-06,1.992495281148919e-05,9.330480290628314e-06,5.1597622856471566e-05,0.0001714274811610721,1.0241679322119487e-05,0.5448789716519165,1.0683186498079967e-05
43,0.0038086600121777885,0.0001026844142342129,0.18447189556738938,0.008889998394636726,0.005072706489133727,0.00010280213496706728,2.978540748642197e-06,1.912362790610467e-06,0.010673755330717774,0.018799442650443404,0.008390328978427496,1.591072666656776e-08,6.323703057621207e-06,0.0028510186145651764,0.001022587099307099,1.1028484807672828e-05,3.494026653893154e-05,6.571749014968857e-06,7.13579795638299e-06,9.19424673536784e-06,2.9594600232142318e-05,0.00010101147222057563,8.726783049694492e-06,0.7555810401178288,1.3646278292231939e-05
44,0.004601316777465609,0.0001578258207933906,0.23981774927280253,0.01110442217815459,0.0073848679488549415,0.0001070195345983603,3.1305032749979756e-06,1.97990150114095e-06,0.009206312888589736,0.011114176832165985,0.01316264125382815,2.8362367939199665e-08,1.0281677473271264e-05,0.003330352380429388,0.0011606070225528178,1.0245647953878695e-05,4.009186173020033e-05,7.969290009383944e-06,8.301005899809391e-06,6.909174303334834e-06,3.5491928709286235e-05,8.781652475532185e-05,1.0030088453396865e-05,0.6986163363901258,1.4095733206655009e-05
45,0.004631030709430014,0.00015945425426450483,0.23891584041494454,0.011039007060855104,0.007434843242094238,0.00010668346739111978,3.1110607110697325e-06,1.947939219189213e-06,0.009236509407841889,0.011148102073269585,0.01322750466931905,2.8723286358809175e-08,1.028565437039288e-05,0.0033774861549621432,0.0011465818823697678,1.0171273316365616e-05,4.019345915244174e-05,8.087396379163657e-06,8.278344408650046e-06,6.913029829110464e-06,3.552665954973945e-05,8.799644169050309e-05,1.004596465621553e-05,0.6993400544502508,1.4316266437897534e-05
46,0.006375884268637815,0.00035328375609325986,0.3160289656465017,0.007306407308412209,0.017984034884527954,0.00010696027284769277,5.2176181970289995e-06,1.5828847224444737e-06,0.011515054534214902,0.01442615840378046,0.01663998320538422,3.587756420533967e-08,1.0392863099929476e-05,0.005034093742343445,0.0017285539185443626,8.33137450102521e-06,2.2796695677056556e-05,9.830147633506275e-06,1.618749154584778e-05,8.442338665683845e-06,5.142971371203561e-05,0.00011903590798963637,1.042575595925502e-05,0.602203282274669,3.3629114775326964e-05
47,0.008966665186203142,0.0002776791160567808,0.27304907755066227,0.00768476212257836,0.007386174015381682,0.00010439696363695965,3.9542786533398575e-06,3.422767084088708e-06,0.014068268509729887,0.016070100002002024,0.01178597729373647,4.814465818686362e-08,1.3708551833053375e-05,0.0030964383329571852,0.0011581989599440126,1.058842685062381e-05,5.611632534749907e-05,1.0939943798627841e-05,1.859056954810585e-05,9.41197707360788e-06,4.12119026396061e-05,0.0001801673202411911,9.426668445458406e-06,0.6559716260583836,2.3049012554096355e-05
48,0.006663106075736465,0.0002729308668985062,0.3800857563140922,0.01436154162387737,0.007692776737949484,0.0002015555186022629,4.487571909824285e-06,6.2395771608760215e-06,0.012574379351501533,0.010512147769033137,0.013507304382158206,4.361457992712146e-08,2.453165700378663e-05,0.0024174810186994755,0.0015051446647319196,1.669697175709519e-05,7.325077874445196e-05,6.484767792547363e-06,2.0966140598416063e-05,8.127542969944864e-06,4.244262744052299e-05,0.00011227984174872469,1.1230968486313801e-05,0.549869652844514,9.440772013138441e-06
49,0.00483559472411383,0.00014825042534828535,0.21333270692038359,0.011192496574588215,0.007242624403934472,9.429038735060273e-05,3.0885530174723412e-06,1.995273537380372e-06,0.009844639752759213,0.01080270648677548,0.013103905836498713,2.4364640209934894e-08,9.73029304801472e-06,0.00305013573207048,0.001138065450907055,1.028423715555002e-05,3.735652002868893e-05,7.4733364739087085e-06,7.810316149105533e-06,6.236695754687814e-06,3.242157187837966e-05,7.874368204672437e-05,1.0288840835659892e-05,0.7249951954013093,1.393421939496947e-05
50,0.003081781863234961,0.0001435779470226772,0.263935481735236,0.013845164639203066,0.007201297462187856,0.00014231102024895266,1.6852763191213245e-06,1.3545487534822062e-06,0.005955610600680283,0.0054866412861216615,0.017810877883995747,3.435511624162234e-08,1.1776455282950262e-05,0.0032611430794998414,0.0010307190411263266,9.142103808430213e-06,4.504176983893466e-05,5.854052330437127e-06,5.675462753726144e-06,4.882932653571996e-06,3.360283302215547e-05,5.213814723644904e-05,1.0515412305432946e-05,0.6779171288021711,6.561289850671547e-06
51,0.0050463793385999225,0.00013121993219996275,0.24995868985473155,0.00857349688647614,0.007086276332412353,0.00012480691943588795,3.60324383551163e-06,2.0878576954053903e-06,0.007257589664634405,0.012280195182257168,0.012247399190699155,3.3942236913468424e-08,9.283850005819922e-06,0.0037446471275587303,0.0014114293406671888,1.14947839911305e-05,3.7744003531935456e-05,1.085791034814455e-05,1.285867238707372e-05,1.2298214563200894e-05,4.582355357640659e-05,0.00011882483702144369,1.508485399067017e-05,0.6918349444915455,2.2930015598258202e-05
52,0.0029103758374276413,4.227932851508924e-05,0.14410534342129017,0.009632987831102056,0.003322119357838726,5.6313255066757166e-05,1.2683107430239226e-06,7.965788282279393e-07,0.004381430889520831,0.009412535046581082,0.00908175769333426,1.184873851991797e-08,5.052868763180934e-06,0.0022750421041335014,0.00047983310979560727,7.81507816325195e-06,2.40546571599532e-05,7.413137490987983e-06,2.5977564973685453e-06,4.968455156827758e-06,1.563642000796644e-05,3.589819193142772e-05,5.240410692542982e-06,0.8141830815036043,6.1469076167945144e-06
53,0.0033653830383135568,0.00012144705401147039,0.15430941628847425,0.01432269841367443,0.006509960165067505,0.00011779384687213782,6.341413209050108e-06,2.4691127951293306e-06,0.011876840863747636,0.011680783809576063,0.012747492811634125,2.2709409020590848e-08,9.924364747095161e-06,0.003731962722357116,0.001815191567565314,1.4265271542041815e-05,4.1590336862613596e-05,8.123495474744138e-06,6.329444645260076e-06,8.327870315001055e-06,3.477113291254178e-05,9.3214232812382e-05,1.643855935563046e-05,0.7791382086464098,2.1002828216258053e-05
54,0.005933468072891893,0.0003271178571860656,0.201943645073656,0.010327672953803593,0.010262911830232924,0.00014331196452777815,5.337442077515337e-06,2.2509370448141834e-06,0.01930107518399295,0.018399558992689625,0.01273207901050464,4.599510394978698e-08,1.3023306507273476e-05,0.005198912627241802,0.0012793864974968516,1.4402158409003509e-05,5.4707594601113195e-05,1.1570589929328927e-05,1.0834234860096037e-05,8.396396476601408e-06,3.845020288110699e-05,0.0001380954301675095,1.1685851376619399e-05,0.713810138594734,3.192120160701694e-05
55,0.003226183955021521,8.136284837328482e-05,0.2265918490517898,0.011017003709113645,0.004532588677748368,0.00010479598111246223,2.3361204199457754e-06,1.95095892204195e-06,0.006296228976410335,0.010690292438656953,0.011110108046215261,1.4638067277715941e-08,7.464711641099908e-06,0.002649857363332135,0.0011913130324260135,9.405613944050254e-06,3.47972620887806e-05,5.03831023321265e-06,6.7535844833697305e-06,6.962163203331175e-06,3.0992012630671287e-05,7.998256526184117e-05,1.0157808001110021e-05,0.722304206469721,8.35370118247062e-06
56,0.004778732797368758,0.00017714125914438864,0.24782772437773798,0.011620091717229344,0.007972222474138967,0.00011306592683574783,3.3701844309059212e-06,2.100733852872647e-06,0.009725406475727214,0.011180900554246654,0.014169048271887938,3.255904957567085e-08,1.194567709832117e-05,0.0035545364586709828,0.0011691495459143616,1.0849256793093033e-05,4.332100781584279e-05,8.620511151152565e-06,8.8282356456576e-06,7.163576512297292e-06,3.6603537521989804e-05,9.06354497303895e-05,1.041712082937103e-05,0.6874633784065495,1.471388411665038e-05
57,0.005642549185869024,0.000265250386297706,0.4018088010190061,0.009788957505316952,0.01132098483969949,0.00014612924768440925,3.795265222408453e-06,3.1275747140797993e-06,0.00874126253253872,0.01191173075451475,0.015408197612611006,6.203715174503015e-08,1.6786624772032312e-05,0.003946770080663478,0.001471378535754766,1.2216799537003471e-05,4.94217226053723e-05,9.434456813287924e-06,2.1562154903347505e-05,1.0585414720496593e-05,5.763354671400347e-05,0.00016210942660825774,1.1006618065364336e-05,0.5291738872457425,1.635941247381868e-05
58,0.004230055694486622,0.0001350193872635738,0.213982009202977,0.00998697114464567,0.006256575303149011,9.494823213766277e-05,2.7672128875742657e-06,1.7213204831405713e-06,0.008443869119644117,0.01016374103965416,0.012392016885653452,2.36116117221565e-08,8.718004389347542e-06,0.0029072264956794295,0.0011179551516035879,9.168101719787754e-06,3.5799618681174014e-05,6.931863922970529e-06,7.163384765221477e-06,6.1924045058094805e-06,3.095997000729972e-05,7.895875402405477e-05,9.155649594731433e-06,0.7300795602781672,1.2492168345461264e-05
59,0.003978392709957932,0.00012285489289254962,0.2141391468851948,0.00960422037635117,0.005785560708810689,9.013406982003028e-05,2.542347378090827e-06,1.5944073480827773e-06,0.007791552246748132,0.00990753079839766,0.011606046744284587,2.1411552935317603e-08,7.710300218181857e-06,0.002766402630329273,0.00108417278696943,8.418729520857658e-06,3.409293110999228e-05,6.609066247672229e-06,6.523533005157789e-06,5.975436270196729e-06,2.9754853779638605e-05,7.555068474234813e-05,8.525864044431714e-06,0.7329248859004174,1.1779684609103947e-05
60,0.004601316777465609,0.0001578258207933906,0.23981774927280253,0.01110442217815459,0.0073848679488549415,0.0001070195345983603,3.1305032749979756e-06,1.97990150114095e-06,0.009206312888589736,0.011114176832165985,0.01316264125382815,2.8362367939199665e-08,1.0281677473271264e-05,0.003330352380429388,0.0011606070225528178,1.0245647953878695e-05,4.009186173020033e-05,7.969290009383944e-06,8.301005899809391e-06,6.909174303334834e-06,3.5491928709286235e-05,8.781652475532185e-05,1.0030088453396865e-05,0.6986163363901258,1.4095733206655009e-05
61,0.004167628558790252,0.0001232433685939495,0.2325861773702681,0.009909884327298625,0.005916401982970548,9.174707290026653e-05,2.516508185170981e-06,1.7178137949105366e-06,0.007501905764436882,0.009949391303078823,0.011548404943869363,2.198759514428531e-08,8.023823624087347e-06,0.00272004254816972,0.0010768010373203435,8.518372221282873e-06,3.432576807779547e-05,6.780951511250212e-06,6.931807434094507e-06,6.145618836605155e-06,3.0915138448728466e-05,7.609442793058242e-05,8.34456889863531e-06,0.7142067958225771,1.1239113167799271e-05
62,0.004601316777465609,0.0001578258207933906,0.23981774927280253,0.01110442217815459,0.0073848679488549415,0.0001070195345983603,3.1305032749979756e-06,1.97990150114095e-06,0.009206312888589736,0.011114176832165985,0.01316264125382815,2.8362367939199665e-08,1.0281677473271264e-05,0.003330352380429388,0.0011606070225528178,1.0245647953878695e-05,4.009186173020033e-05,7.969290009383944e-06,8.301005899809391e-06,6.909174303334834e-06,3.5491928709286235e-05,8.781652475532185e-05,1.0030088453396865e-05,0.6986163363901258,1.4095733206655009e-05
63,0.004723095860948282,0.00016938787877513343,0.24072254949836094,0.010864825581585994,0.007573366756349045,0.0001079679119716565,3.16969070976018e-06,1.978321944829012e-06,0.009560113612909473,0.011175531441102138,0.013364504482574367,2.9082896748395606e-08,1.047807803947984e-05,0.003335339265320998,0.0011734291880846522,1.0146211134556799e-05,4.029940804736215e-05,7.915792309944986e-06,8.50802053968992e-06,6.781915978499416e-06,3.552727412345231e-05,8.89891326459011e-05,9.881479198368929e-06,0.6969918221272491,1.4361987199643018e-05
64,0.00468949057198399,0.00016670802722396484,0.2566936713337312,0.011190462851761621,0.007805568910750637,0.0001108692666116224,3.2427400870586767e-06,2.1001905441749066e-06,0.008471538504267311,0.010954315411168574,0.01364466573075223,2.9301437542345815e-08,1.0058475686070013e-05,0.003141069250742141,0.001291826571049961,1.0083262616549206e-05,3.7594842885779314e-05,7.670105961349757e-06,9.182116886506318e-06,7.072585649179576e-06,4.2995844714161606e-05,8.817418781805335e-05,1.0453771643554544e-05,0.6815972368312945,1.3919312732250845e-05
65,0.0040231659302349745,0.00014739968394154656,0.26997517384133746,0.011380956177769368,0.006804843594470993,0.00011377353275110852,3.094245576199994e-06,2.1042218195735567e-06,0.007496191646087598,0.009797519565577978,0.013340125014237864,2.5376782116955642e-08,9.768752566131639e-06,0.0030125963122513413,0.00141773061697032,9.529631172854723e-06,3.834149485953893e-05,6.501395710793327e-06,8.328704841537728e-06,6.506524004113658e-06,3.860046295841611e-05,8.746878075647704e-05,9.911145456850695e-06,0.6722586354185399,1.1707929324967452e-05
66,0.0051833387509891485,0.00015296759187839244,0.22275373212582947,0.009244251518246418,0.005890829317903123,0.0001079032134569772,3.5713398453082713e-06,2.58590716147597e-06,0.010669145451366841,0.009750835850100089,0.010888061909607947,2.2002041008596978e-08,9.156629362881409e-06,0.002513859905665133,0.0014053642318839273,9.048358588920634e-06,3.755935609058654e-05,6.386799829229539e-06,1.0130216201944468e-05,7.400111296593064e-06,3.161537066046397e-05,9.228042632768606e-05,1.1466873681975555e-05,0.7212035432397822,1.4943502202341494e-05
67,0.0049372333753539424,0.0001664763839792081,0.24887756436566916,0.011332563689541915,0.007819684562471663,0.00010311662939264207,3.169401239098323e-06,2.119390682869975e-06,0.009813758432897288,0.01118484848846741,0.013135840644458628,2.833129717726303e-08,1.0660819029490834e-05,0.003163396251863194,0.0011446940313160903,1.0431582763563554e-05,3.988386943740358e-05,7.900149386086157e-06,8.673333613987066e-06,6.60846934530843e-06,3.489716612999161e-05,8.619833368060103e-05,9.579544741598446e-06,0.6880868861260545,1.3786627187047142e-05
68,0.004561589594792352,0.00014976306432225867,0.2574596197535121,0.01187120564098066,0.007283050704623469,0.00011044061710206718,3.186295997776086e-06,2.0453610838685047e-06,0.00866558433946234,0.010790510398263137,0.013053135212172124,3.0021502932689865e-08,1.15030953614174e-05,0.0033926755926513776,0.001066735957837725,1.052133017020761e-05,4.094901245738326e-05,8.927704112049239e-06,8.101319869842843e-06,7.469332461553437e-06,3.5380489702801195e-05,8.151456223597583e-05,1.000486161576704e-05,0.6813624914065294,1.3564331179512368e-05
69,0.00459167288470884,0.0001577554306814442,0.24062969026109268,0.011072670261918919,0.007363710216840144,0.00010781350986846673,3.126787240575428e-06,1.9804945775764496e-06,0.009130419467763969,0.011089764222888196,0.01321482764639874,2.8546202537113946e-08,1.0332007077219641e-05,0.0033414273099930634,0.0011635301724304628,1.0230952024288236e-05,4.015535548139671e-05,7.973540933437794e-06,8.371166519500139e-06,6.970123031477889e-06,3.574328919793113e-05,8.823869994487122e-05,1.0089117675285499e-05,0.6978994089929645,1.4069542544628232e-05
70,0.0031618950120547214,0.00011176762836640324,0.2275773608220856,0.015904401626521403,0.006987810387262819,0.00014127301836097455,3.02715005394789e-06,1.9983937591135966e-06,0.009665315695356813,0.012226725270184886,0.011183284507580047,2.891046718162309e-08,1.182404643430318e-05,0.004028176797558129,0.0008714276032828861,1.5467076181860285e-05,5.175930597586049e-05,9.30832431743058e-06,5.5590732337221494e-06,8.946663413379379e-06,2.930478276728645e-05,7.100329343678543e-05,1.0760480238037302e-05,0.7079104958259083,1.1078305198053415e-05
71,0.00695789134359037,0.00020703007850085442,0.14895572121029968,0.012589572348431211,0.01006932731689749,7.603361207100551e-05,3.5812170314124853e-06,2.2377667065496123e-06,0.015859814395313532,0.01255738603039742,0.01461805835626049,3.56892380113699e-08,1.2012213572770486e-05,0.003464206991459619,0.0009472845482510004,1.4566801917820206e-05,4.372522443565962e-05,1.113055288903385e-05,7.146823666312292e-06,5.946462890832451e-06,3.168442997987606e-05,7.327650254944502e-05,1.195457183508835e-05,0.7734605194787386,1.9856033075999087e-05
72,0.0045558527363931305,0.0001541104095376449,0.23630241242409458,0.011400586731007927,0.007325570550274472,0.00010725635780284367,3.119206068763001e-06,1.95914434151434e-06,0.00917967999985355,0.011044337345253612,0.012948296628820601,2.7582104600590477e-08,1.027151163753161e-05,0.0032252580570538477,0.0011217826203858302,1.0481847077515472e-05,3.95884357046182e-05,7.94752289494168e-06,7.918313119550875e-06,6.763969814758779e-06,3.4478670627072095e-05,8.172098089603459e-05,9.732406853405188e-06,0.7024073449986125,1.3501549769020413e-05
