,0,1,2,3,4,5,6,7,8,9,10,11,12,13,14,15,16,17,18,19,20,21,22,23,24
0,0.004255711254090497,6.126631382413595e-05,0.07252451263777258,0.016276380777124257,0.004288311096175574,3.3996245951856345e-05,2.783576318746956e-06,1.900420634890165e-06,0.019990596570023344,0.012717142111915967,0.0059446870006654015,5.2642742287381915e-09,3.624198318095118e-06,0.001416021453960772,0.0007010648562888234,1.2953712021939892e-05,2.8918544542322095e-05,4.5931832189211604e-06,1.823258278830403e-06,2.0484620427041356e-06,1.1336927082050368e-05,3.2660109304060834e-05,7.093286743996372e-06,0.8616686310026472,1.193773677863549e-05
1,0.002038640755281295,4.615223637390306e-05,0.08606018682997725,0.022236755320302403,0.003399173205683896,2.8315603077571262e-05,2.428290836230813e-06,5.215225381134407e-07,0.0015085411720620506,0.0029164555810551945,0.022210941857992845,1.6037582140729783e-08,2.504394831541355e-06,0.0069483167666551555,0.0019187748538791246,2.1360824758995107e-06,2.5319758747705892e-05,1.1914298534088698e-05,6.548235353510838e-07,1.7851413551129962e-06,6.658858738507896e-05,4.95811641524338e-05,1.9972000591761633e-05,0.8504787003917617,2.5623323332149478e-05
2,0.004681410124902865,5.601180618932164e-05,0.06816939883324058,0.013700882712389319,0.004076182313774935,3.1222271279567203e-05,3.0575927554069987e-06,2.2932736856919614e-06,0.02252529950602296,0.015017071194961009,0.004892662293315892,4.547868540407156e-09,3.0617839015370638e-06,0.0013205750072089008,0.0007545145653659668,1.2776462890434885e-05,2.6003224751301386e-05,4.660292435628687e-06,2.1703860147006045e-06,2.7492076273161306e-06,1.1682965575106502e-05,3.960649743619198e-05,8.126535664574244e-06,0.8646437846675642,1.4791933177887253e-05
3,0.004267347444777333,6.027504064129168e-05,0.07253145027328413,0.016018218621948167,0.004190748408342162,3.568631575858708e-05,2.8109335012510897e-06,1.9599115155995016e-06,0.01975962312320666,0.013154110731566249,0.0057805800091206795,5.3054355302161964e-09,3.6703561653250736e-06,0.001367821089671857,0.0006966069294705193,1.3697172719587894e-05,2.850131624942588e-05,4.591618063952379e-06,1.9217018964021597e-06,2.175534457230956e-06,1.157676412307906e-05,3.2318992427321296e-05,7.106476220348761e-06,0.862015572224853,1.1623704584193189e-05
4,0.004357114330860447,7.522229089668935e-05,0.07677771692141554,0.01827993462566498,0.004992757466268675,4.20822593949646e-05,3.2345153348865916e-06,2.1068649932244735e-06,0.021738653951103293,0.013449291164789065,0.007101884550579657,7.245525158724371e-09,5.003399996541588e-06,0.0017303663875041537,0.0007254892529631677,1.5679072221464137e-05,3.474826756340337e-05,5.44891598163684e-06,2.128696290773711e-06,2.4159552485794443e-06,1.2997352065478023e-05,3.593497677922014e-05,8.44564617384415e-06,0.8505882323131835,1.3103577201695475e-05
5,0.003821376263645768,3.869713335737533e-05,0.05869671882470722,0.015397649446513858,0.0030615887049125655,2.7529209215732287e-05,2.2601999024704923e-06,1.5928431814286879e-06,0.016032162867557136,0.012208579988340842,0.004549894463876697,4.161261843292979e-09,2.791546362340257e-06,0.001219699355337922,0.00049804865665354,1.1760673471148264e-05,2.5437176301407342e-05,5.036479185257046e-06,1.2892059824565213e-06,2.126094796015339e-06,9.289446220004166e-06,2.543352692209805e-05,6.326551619985147e-06,0.884344200467438,1.0506713236917202e-05
6,0.004267347444777333,6.027504064129168e-05,0.07253145027328413,0.016018218621948167,0.004190748408342162,3.568631575858708e-05,2.8109335012510897e-06,1.9599115155995016e-06,0.01975962312320666,0.013154110731566249,0.0057805800091206795,5.3054355302161964e-09,3.6703561653250736e-06,0.001367821089671857,0.0006966069294705193,1.3697172719587894e-05,2.850131624942588e-05,4.591618063952379e-06,1.9217018964021597e-06,2.175534457230956e-06,1.157676412307906e-05,3.2318992427321296e-05,7.106476220348761e-06,0.862015572224853,1.1623704584193189e-05
7,0.002290749033619172,3.1815905659478794e-05,0.02601586540005899,0.012287926840822212,0.0029879003802910386,3.141955989627834e-05,2.8539413028090296e-06,1.0371913593925493e-06,0.02437324323913333,0.01573428587170959,0.0032765906116073696,3.5026594217205624e-09,1.2493771706562306e-06,0.0018334238555276982,0.0007329345216973529,1.4586177694986281e-05,2.2312446522680778e-05,4.516025749144044e-06,8.916810016568395e-07,2.390380482220341e-06,9.247018241249816e-06,3.39926877289945e-05,1.038413525483211e-05,0.9102764060231419,2.397419166754841e-05
8,0.0074633365164831515,0.002826305499627442,0.7331060701688326,0.04594451970372564,0.10783505846515495,0.0008543677284641906,1.6897111337735297e-05,3.671680721706529e-05,0.017751792195362538,0.00924872787343234,0.03633971811440876,1.7293439835322502e-06,0.0013543704397232445,0.003781278258935728,0.0005651825279600697,0.00021039254629324187,0.00021068538649362306,1.676995779410035e-05,0.0002327399952772645,8.85582886855565e-06,0.00013342765054521173,0.00010001990034437535,8.870939408989008e-06,0.031947718299565844,4.448740759672398e-06
9,0.013536947345440593,0.009189467621338744,0.1501100894652462,0.036792842218812974,0.2694725112282417,0.0005792456193400987,0.00018970229633994212,8.728815615183668e-06,0.1847494507080059,0.02061870113886895,0.05446075791993555,7.738396251752175e-07,0.00014716262581496867,0.018096682412544536,0.007071053928253505,0.00012984451358621308,0.00012833237616701853,3.594370005552386e-05,6.117494338876791e-05,5.591045086851512e-06,0.0001292589884328959,0.00028918143471792996,4.371640703095806e-05,0.23367733093709367,0.00047550847101616577
10,0.004267347444777333,6.027504064129168e-05,0.07253145027328413,0.016018218621948167,0.004190748408342162,3.568631575858708e-05,2.8109335012510897e-06,1.9599115155995016e-06,0.01975962312320666,0.013154110731566249,0.0057805800091206795,5.3054355302161964e-09,3.6703561653250736e-06,0.001367821089671857,0.0006966069294705193,1.3697172719587894e-05,2.850131624942588e-05,4.591618063952379e-06,1.9217018964021597e-06,2.175534457230956e-06,1.157676412307906e-05,3.2318992427321296e-05,7.106476220348761e-06,0.862015572224853,1.1623704584193189e-05
11,0.004492243587956074,6.709510556562618e-05,0.07691164880397229,0.017279431436921965,0.004475754306142317,3.8932818017637405e-05,3.0129326510904415e-06,2.187303800612841e-06,0.02052719195568821,0.013379470798084011,0.006238592027218275,6.186195776583474e-09,4.358381909817181e-06,0.0014509910059787596,0.0007089572726260957,1.5040715744235906e-05,3.194898100543693e-05,4.954079453099731e-06,2.1213620861525735e-06,2.3044479718584585e-06,1.2367471193026158e-05,3.388436494260217e-05,7.575512293688545e-06,0.8542981195228518,1.180961972965927e-05
12,0.0035437157068835207,3.596581019501327e-05,0.06377311794336646,0.013796379513878583,0.002089359127935123,2.78216102271724e-05,2.220726273534693e-06,2.4378260880066314e-06,0.017848205479831656,0.012616610558857473,0.004213488972369664,2.7394650315553806e-09,2.9268335705627662e-06,0.0007210010904333714,0.0006556629569074815,1.2426046911440631e-05,2.6093389239850504e-05,2.39921606842546e-06,1.729630692939582e-06,1.609146109077764e-06,7.979021509389392e-06,3.1453733423665494e-05,4.7374827764305944e-06,0.8805769447328397,5.710704146525322e-06
13,0.005253959350613225,4.872435451933564e-05,0.07340231654627778,0.013122216151020872,0.0033764633421576452,3.745892923361047e-05,3.2701509824031855e-06,2.587197100494662e-06,0.02442496421781671,0.021683424166743057,0.002512733883484021,3.9313737333611865e-09,2.2796442879319162e-06,0.0010605106481459915,0.0005500664207349574,1.5792059766504636e-05,2.559813679914605e-05,5.490353678053969e-06,2.1650923884451507e-06,3.2986636094875465e-06,1.0744958393991983e-05,3.7228688325720976e-05,5.731954987060313e-06,0.8543971046353592,1.5866522200474916e-05
14,0.005893689091732743,0.00013504443229061562,0.09652721204828535,0.017530947939236315,0.007770664753570514,5.808333126833282e-05,3.5039826163367742e-06,2.1100552418983725e-06,0.021821140559970392,0.014070798836077415,0.00962066575080175,1.1135521995986711e-08,6.969665090305067e-06,0.0019756598485359536,0.0008269806014536748,1.828374585491474e-05,3.3114797252433506e-05,5.869303615008874e-06,3.588438521423251e-06,2.4291861601267942e-06,1.7744521471764324e-05,3.6133426527585205e-05,8.56234611712771e-06,0.8236166721907157,1.412001207051299e-05
15,0.004267347444777333,6.027504064129168e-05,0.07253145027328413,0.016018218621948167,0.004190748408342162,3.568631575858708e-05,2.8109335012510897e-06,1.9599115155995016e-06,0.01975962312320666,0.013154110731566249,0.0057805800091206795,5.3054355302161964e-09,3.6703561653250736e-06,0.001367821089671857,0.0006966069294705193,1.3697172719587894e-05,2.850131624942588e-05,4.591618063952379e-06,1.9217018964021597e-06,2.175534457230956e-06,1.157676412307906e-05,3.2318992427321296e-05,7.106476220348761e-06,0.862015572224853,1.1623704584193189e-05
16,0.004392080477919409,6.301372308350297e-05,0.07585310616244992,0.01589403709043282,0.00433492325884667,3.577316099229869e-05,2.75382582536336e-06,2.065902374772513e-06,0.02067563320895908,0.01249184869020432,0.0058878971387696976,5.1613090425729016e-09,3.7986855943926775e-06,0.0012971356321301536,0.0007178525568408922,1.3546909839641652e-05,2.841570208588094e-05,4.2530801419728375e-06,2.0347520126711486e-06,2.107519575542226e-06,1.1059105435676922e-05,3.1795022552782216e-05,7.088909655432406e-06,0.8582368227004822,1.095162248587908e-05
17,0.004557391322285946,6.374149423091142e-05,0.07454516280881773,0.01668658685107854,0.004434367716901802,3.5888666942707786e-05,2.92293615649985e-06,2.0483257128355735e-06,0.019841571366976743,0.013305664001097504,0.006039651264483498,6.068369747742184e-09,4.001699838951083e-06,0.0015005467592252228,0.0006814071749897403,1.3986699538071732e-05,3.0410071351768378e-05,5.2882494118414885e-06,2.0063940560065895e-06,2.330025279899119e-06,1.2403062697042577e-05,3.398662283333957e-05,7.66449151741192e-06,0.8581781245026217,1.2841423584579226e-05
18,0.004365359121488896,6.364106325095572e-05,0.0467162617637742,0.01256734181109849,0.0034315714927223183,3.2523464885249206e-05,3.2827518440826157e-06,1.487236994475919e-06,0.023768626568704123,0.01669150943343707,0.00490394667506615,6.725368195507368e-09,3.0260646058876744e-06,0.0020699306194225096,0.0005870507872216678,1.2293859217514563e-05,3.5163623048425103e-05,7.6061209764285815e-06,1.5280446153027393e-06,2.6606354752948374e-06,1.0926221235255906e-05,4.546640987317984e-05,8.713164893004532e-06,0.8846442954479078,2.578089287364985e-05
19,0.004860464636660559,7.894083529383566e-05,0.0979639781026043,0.02178925579896437,0.005684298707051289,4.260885416697365e-05,3.532389935854011e-06,2.8246445072784534e-06,0.021554566024041134,0.013293501066925872,0.0070447708188502295,8.021402091452007e-09,5.803753378770477e-06,0.0016036148361401564,0.0007449975806345894,1.689291243123548e-05,3.6959300985042096e-05,5.713440364746255e-06,2.4854298826104326e-06,2.5336538316824887e-06,1.4338633758329548e-05,3.7180040078958876e-05,7.798893217791197e-06,0.8251914857320259,1.1445892866489899e-05
20,0.0030129457602802636,5.1177407366076305e-05,0.06793697441388878,0.015862146445526165,0.0034361983820709145,3.690417433158816e-05,3.2781269548539872e-06,2.1885296702908916e-06,0.017055736218169512,0.011451698204639607,0.0062650832508777884,4.093774595109472e-09,3.0374327831015677e-06,0.0012042997961444323,0.0011976876818027686,1.2488154199053855e-05,2.5759227273916157e-05,2.918452787428223e-06,1.887427115123892e-06,2.038454847037814e-06,1.3569693342262837e-05,3.909850873380866e-05,8.385038780753037e-06,0.8723643640496256,1.0131075014393489e-05
21,0.004032794613783994,5.6637215617100495e-05,0.07814148038856765,0.016697987835060123,0.0037134646559871605,3.700478937555959e-05,3.200161026790472e-06,2.476372625254311e-06,0.02079915258388318,0.011820832889546029,0.0054082702658891126,4.499219413325821e-09,3.6854965644828663e-06,0.0011746209121205461,0.0008552137058143805,1.3564297165550962e-05,3.024061744657103e-05,3.789800656256695e-06,2.0054397362537732e-06,2.075888814523912e-06,1.0670694946797309e-05,3.50359644822574e-05,7.353066060079447e-06,0.8571376549000046,1.0782945606344864e-05
22,0.0034902143872922666,3.710576880053764e-05,0.06474065862328256,0.015469059365904834,0.0027445189151873812,2.709465854263812e-05,1.8851461078110036e-06,1.48975717106385e-06,0.013604063060251097,0.012314705826517348,0.005109622379855285,4.016439675402834e-09,2.691313934872684e-06,0.001165121906537145,0.0005381840632939748,1.0810614935958816e-05,2.7171788535989916e-05,4.183688450422142e-06,1.255924491997414e-06,1.7816464062776932e-06,1.0014456635189668e-05,2.7603684925204386e-05,5.395412937341498e-06,0.8806571645505437,8.199043019370261e-06
23,0.004267347444777333,6.027504064129168e-05,0.07253145027328413,0.016018218621948167,0.004190748408342162,3.568631575858708e-05,2.8109335012510897e-06,1.9599115155995016e-06,0.01975962312320666,0.013154110731566249,0.0057805800091206795,5.3054355302161964e-09,3.6703561653250736e-06,0.001367821089671857,0.0006966069294705193,1.3697172719587894e-05,2.850131624942588e-05,4.591618063952379e-06,1.9217018964021597e-06,2.175534457230956e-06,1.157676412307906e-05,3.2318992427321296e-05,7.106476220348761e-06,0.862015572224853,1.1623704584193189e-05
24,0.004424691104829321,7.993161349616045e-05,0.07999801215388112,0.02559919990865354,0.006754765427333597,4.8542125721425285e-05,3.542098305679559e-06,2.3271189623230182e-06,0.02344929011573269,0.013682584448164701,0.00789360017707749,9.349024139159328e-09,6.444222848922123e-06,0.0022369805049536973,0.0006655360468752965,2.138525275100806e-05,4.00716023969876e-05,6.974385036832892e-06,2.1030329178957055e-06,2.646021408780083e-06,1.4153925450940241e-05,3.195432904357303e-05,1.0237619161895425e-05,0.8350111732087957,1.3844207176434962e-05
25,0.00459026637119027,5.132643816842106e-05,0.08550304604384582,0.022592851565058154,0.004286824988711005,3.264036075135947e-05,3.0925529108595545e-06,2.9466514094735765e-06,0.017416838549025804,0.012260468817703167,0.007051364799269864,5.468762181205773e-09,5.0146937374515466e-06,0.00125859088736342,0.0007483581157710177,1.564744501310448e-05,3.138140821246022e-05,4.758545893305664e-06,2.1367489519122054e-06,2.2537869095108305e-06,1.3604037936317152e-05,3.174038330171054e-05,7.942274549541584e-06,0.8440780532730554,8.845792498222693e-06
26,0.004031726778494357,3.950350563729778e-05,0.05103180035360464,0.012105197504375175,0.0028221874979609558,2.2575131905215886e-05,1.703403901831889e-06,1.4820912101535e-06,0.018269520169917338,0.00869844482981342,0.004300932484662177,2.9387973870186417e-09,2.2948473168135486e-06,0.0007946453858001311,0.0004928008683676807,9.280299575194381e-06,2.1185695340828534e-05,3.088354213001244e-06,1.251295866553873e-06,1.5129243858900715e-06,6.898332989820801e-06,1.947942748173399e-05,5.924451921372361e-06,0.8973085919495786,7.969476882308829e-06
27,0.0034069366072638253,5.177647765506864e-05,0.05246973506346815,0.012170174477265644,0.0031647993072065578,3.155062323976952e-05,2.8289172528213484e-06,1.6928854239714582e-06,0.02239184585309291,0.01339597812621006,0.004756212909879927,3.820114079571054e-09,2.5945870578195832e-06,0.001187650641397145,0.0007767127889654862,1.1911095516790378e-05,2.5685024028611937e-05,3.3772563535041377e-06,1.6023564581796105e-06,2.015582176197203e-06,9.24505655275317e-06,3.621335958621295e-05,6.827983922244013e-06,0.8860801905279192,1.2438671993038978e-05
28,0.004267347444777333,6.027504064129168e-05,0.07253145027328413,0.016018218621948167,0.004190748408342162,3.568631575858708e-05,2.8109335012510897e-06,1.9599115155995016e-06,0.01975962312320666,0.013154110731566249,0.0057805800091206795,5.3054355302161964e-09,3.6703561653250736e-06,0.001367821089671857,0.0006966069294705193,1.3697172719587894e-05,2.850131624942588e-05,4.591618063952379e-06,1.9217018964021597e-06,2.175534457230956e-06,1.157676412307906e-05,3.2318992427321296e-05,7.106476220348761e-06,0.862015572224853,1.1623704584193189e-05
29,0.004267347444777333,6.027504064129168e-05,0.07253145027328413,0.016018218621948167,0.004190748408342162,3.568631575858708e-05,2.8109335012510897e-06,1.9599115155995016e-06,0.01975962312320666,0.013154110731566249,0.0057805800091206795,5.3054355302161964e-09,3.6703561653250736e-06,0.001367821089671857,0.0006966069294705193,1.3697172719587894e-05,2.850131624942588e-05,4.591618063952379e-06,1.9217018964021597e-06,2.175534457230956e-06,1.157676412307906e-05,3.2318992427321296e-05,7.106476220348761e-06,0.862015572224853,1.1623704584193189e-05
30,0.004267347444777333,6.027504064129168e-05,0.07253145027328413,0.016018218621948167,0.004190748408342162,3.568631575858708e-05,2.8109335012510897e-06,1.9599115155995016e-06,0.01975962312320666,0.013154110731566249,0.0057805800091206795,5.3054355302161964e-09,3.6703561653250736e-06,0.001367821089671857,0.0006966069294705193,1.3697172719587894e-05,2.850131624942588e-05,4.591618063952379e-06,1.9217018964021597e-06,2.175534457230956e-06,1.157676412307906e-05,3.2318992427321296e-05,7.106476220348761e-06,0.862015572224853,1.1623704584193189e-05
31,0.0006489892176848896,2.939083897246471e-05,0.012970487556329605,0.010071556539789542,0.0019828716721307553,3.469806986829074e-05,1.8192374167993298e-06,2.468127861579659e-07,0.019523271629500443,0.009521637634858861,0.005745857136835831,1.7780229370445923e-09,1.0444478510166316e-06,0.0016299307225541447,0.0007714053638540137,9.574661872172995e-06,1.6463264356551767e-05,1.18382134832895e-06,2.931349278225336e-07,6.834828450997916e-07,4.459893742096852e-06,1.726602140194274e-05,5.090589620336594e-06,0.937004124634969,7.651836460895494e-06
32,0.004593239584551606,6.732126263666002e-05,0.07973190523923997,0.015938897296467667,0.004544420947506603,3.8484575964817784e-05,3.0086830439216694e-06,2.193532547353501e-06,0.020017532619341118,0.013548944309549454,0.006094927808391361,5.924227435376365e-09,4.018083651977273e-06,0.001414165322182305,0.0007640608755765256,1.4372795914168105e-05,2.953716815610263e-05,4.735683164521053e-06,2.323847986593224e-06,2.3665178375466746e-06,1.2803558078480575e-05,3.601054326062469e-05,7.549178818659436e-06,0.8531148964577158,1.2278184188495004e-05
33,0.004482733221342899,6.63717285373972e-05,0.07647223738978227,0.017930725513731788,0.004308576623266665,3.914569824982996e-05,3.0307769045026276e-06,2.2295662573232054e-06,0.021237748040512237,0.014475627318109956,0.006158185685751065,6.657129574607987e-09,4.826332875220285e-06,0.001576342269305389,0.0006354177921776891,1.6073439389293545e-05,3.5729896098809436e-05,5.413745701638177e-06,2.0642116409187673e-06,2.343269275850196e-06,1.1478803598628087e-05,3.628720597335319e-05,7.030728141439354e-06,0.8524787838803987,1.1590205847564457e-05
34,0.0020033533042417674,3.699931322390967e-05,0.06805008614532077,0.02936135960779658,0.003256574289575181,6.410359591249751e-05,3.6851249183964233e-06,1.8443591190173681e-06,0.015550779347859525,0.01707541395527101,0.0045095034367934215,5.726238066471531e-09,3.323283147062461e-06,0.001989761505223954,0.0007530886723645046,2.2661803642966747e-05,4.255043379638508e-05,5.736245839575916e-06,9.065885329281123e-07,2.822065038391862e-06,1.3905731064405793e-05,3.2453712365491224e-05,7.463017433444404e-06,0.857200991777647,1.062695763373899e-05
35,0.011142381663358843,5.937784776985402e-05,0.07478456226646464,0.015283988223204455,0.0034886774373496287,1.944488591348148e-05,2.8810073098916663e-06,4.387954152129907e-06,0.035442154208340355,0.018315985461664054,0.0034866346316368767,4.801565518794321e-09,4.259144333986097e-06,0.0008109801366177888,0.0003641658745726891,1.4112174226699638e-05,3.440376096559453e-05,7.309570719041523e-06,2.6380641674201117e-06,2.357563103222039e-06,7.907180653727401e-06,3.471504596563164e-05,5.061293229215762e-06,0.8366682611391064,1.3348663608927754e-05
36,0.004370724732032712,7.089523351288006e-05,0.07093218383776327,0.022803344881250673,0.004037657622669256,4.86928539786298e-05,4.036181348122158e-06,3.868490421440925e-06,0.033733748164736066,0.01679826601977086,0.0057807643624584225,8.078250197683024e-09,6.4347770242601775e-06,0.0017091182515103693,0.0007570291697531762,2.42814711289813e-05,5.948809250538458e-05,5.41620630435833e-06,2.3575944748660554e-06,2.726024565961936e-06,1.1020426390765514e-05,5.320707528934028e-05,9.068615136001967e-06,0.8387628374138602,1.2824423864109662e-05
37,0.004278545955331199,6.464367210409814e-05,0.0740007382951496,0.01638159753355376,0.004435654726442795,3.842502807800218e-05,2.99282613362882e-06,2.051998070934092e-06,0.02089858586242309,0.013658110276078073,0.005936805560902554,5.616024676370548e-09,3.847807212019776e-06,0.0014330973929433592,0.0007388172028752631,1.4484376885874818e-05,2.961775221000087e-05,4.638031501255779e-06,2.036885052431192e-06,2.276342082411252e-06,1.2192492438212834e-05,3.418997877372753e-05,7.486751248523444e-06,0.8580069415069176,1.2216129566942097e-05
38,0.004839190713422331,5.966939957696405e-05,0.05003675551356512,0.011454555328499023,0.004063745690861637,1.5063754102951197e-05,2.0705622772889085e-06,1.2452677868102992e-06,0.030766249617522713,0.012960487315273606,0.004938578105552746,4.121524806262714e-09,2.1894357803984917e-06,0.0017058974199170205,0.0004629453880223569,6.0226929408549385e-06,2.8424653145507257e-05,5.570972585923967e-06,1.0780411257375771e-06,1.6957287523286715e-06,7.259617012896119e-06,3.988646026051936e-05,6.138228926106541e-06,0.8785743996185066,2.0876353057951223e-05
39,0.004359450046797301,6.084094571717166e-05,0.07493143940042128,0.016857606529592256,0.004264122971233667,3.74806372415956e-05,3.0141053386745255e-06,2.164144343496525e-06,0.019994270067809326,0.013514963550982506,0.005778949642176408,5.561978606027682e-09,3.831522561181782e-06,0.0013851346969228002,0.0007317171301806992,1.457103057275879e-05,2.9921321299041565e-05,4.78454151014608e-06,2.0344221266821965e-06,2.3295415497451655e-06,1.2446273129220745e-05,3.3989059508504606e-05,7.612996914855738e-06,0.8579551804006671,1.2139459424990854e-05
40,0.0019051278805284851,5.633987499744321e-06,0.008018628215275957,0.016524492234099155,0.0005554049641475551,8.187207441181767e-06,1.759311704074983e-06,1.6439442005061887e-06,0.02402001816163264,0.010547698616861438,0.0016257543169732938,5.393891490850018e-10,1.0659872608170943e-06,0.00036467425618684284,0.00021135579936223072,1.331603016421845e-05,1.9036877902973708e-05,1.8821389811617856e-06,2.6210626132943853e-07,9.186729822721406e-07,2.3194087422325147e-06,9.747656978318959e-06,6.293928286157469e-06,0.9361496423974733,5.135359664940941e-06
41,0.00292650376372437,1.2356040154657279e-05,0.04274344127146755,0.007324502292392306,0.0012266920717806705,1.6694789647177063e-05,2.438285199553202e-06,1.076880542962214e-06,0.0038790692943447423,0.010009387667832355,0.005486655369783235,4.317661902312316e-09,1.5428626836864464e-06,0.0014933915909401904,0.000872301965956462,6.344055603839657e-06,1.5596342915772368e-05,6.408272410653512e-06,2.2025937960948607e-06,3.807025503546955e-06,1.7028027265771794e-05,6.523868485684542e-05,1.0399782398310027e-05,0.923858298817267,1.8617933870623188e-05
42,0.00551520421885587,8.711883861847536e-05,0.137820303078152,0.018209991368624803,0.004784732349763581,5.148959443863738e-05,3.79714795476148e-06,6.02611681473328e-06,0.02537006196522187,0.017768570505705166,0.005947871695996169,7.652367232849337e-09,6.019776821526546e-06,0.0011700320765204374,0.0011662229153622458,1.9629873795861115e-05,4.401291155198983e-05,3.711012463562764e-06,5.364019649903144e-06,3.405549237321955e-06,1.959755739828278e-05,7.443668832993618e-05,8.261553380504583e-06,0.7819043533398133,9.778193161890495e-06
43,0.0033044363462570057,3.6365407255618275e-05,0.05266393528827871,0.012166833518815272,0.0026419290546370825,3.2096572125611276e-05,2.463765233809803e-06,1.7672180692225632e-06,0.02081766469700623,0.020839361565524756,0.003547093961152121,2.8360892576953262e-09,2.1466206891776727e-06,0.0010812400896207696,0.0005733195682707501,1.385200658718216e-05,2.355040094767458e-05,3.5387999313711497e-06,1.5437941093099788e-06,2.676065640842607e-06,9.348363748387233e-06,3.4958861048633496e-05,5.7548775131428595e-06,0.8821839031971987,1.021712424928494e-05
44,0.004267347444777333,6.027504064129168e-05,0.07253145027328413,0.016018218621948167,0.004190748408342162,3.568631575858708e-05,2.8109335012510897e-06,1.9599115155995016e-06,0.01975962312320666,0.013154110731566249,0.0057805800091206795,5.3054355302161964e-09,3.6703561653250736e-06,0.001367821089671857,0.0006966069294705193,1.3697172719587894e-05,2.850131624942588e-05,4.591618063952379e-06,1.9217018964021597e-06,2.175534457230956e-06,1.157676412307906e-05,3.2318992427321296e-05,7.106476220348761e-06,0.862015572224853,1.1623704584193189e-05
45,0.004292294987794049,6.079751967906727e-05,0.07220413244952326,0.015910243053258718,0.004216032749027359,3.548637577388892e-05,2.7887669134812554e-06,1.925809877550329e-06,0.019792397748116496,0.013180007270245528,0.005804827182024705,5.368397262597361e-09,3.668104373157019e-06,0.0013861176406782826,0.000686891706776134,1.3579243823540847e-05,2.8531880137576513e-05,4.6594488995906685e-06,1.9140094447033937e-06,2.1748533967254304e-06,1.1576845532559765e-05,3.233749525942208e-05,7.109950468220518e-06,0.8623087054835146,1.1794057064280167e-05
46,0.006699568565577494,0.00015305956195359166,0.10529249378402004,0.011763751158044903,0.012073509451516036,3.83082400645207e-05,5.1665058336022835e-06,1.6988984935432021e-06,0.02740372131393451,0.018851783849034968,0.008093796796469675,7.596768918650848e-09,4.0263597116650955e-06,0.0023637972618954094,0.0011347208285832958,1.233084020865374e-05,1.7485754281066927e-05,6.516311782567579e-06,4.1523758442030155e-06,2.8956567663863564e-06,1.8848380413393565e-05,4.7263252505923815e-05,8.26932393218412e-06,0.8059704282160556,3.239971630790557e-05
47,0.008421782777493588,0.00010979162530512237,0.08392495333577671,0.011277757856367008,0.004117364177464531,3.719640841634662e-05,3.6699649486521547e-06,3.51904493479162e-06,0.031100917184279108,0.01945949946336255,0.0053685612754293885,9.202245034997986e-09,5.089000120531707e-06,0.0012583756862841688,0.0007338762860138971,1.4617724086047404e-05,4.184274457103033e-05,6.1572374550980535e-06,4.457800741881919e-06,2.9907593353354676e-06,1.396556951027602e-05,6.955192642020104e-05,6.816122364789322e-06,0.83399842455224,1.8812274833953554e-05
48,0.006989949649700505,0.00012008455563223415,0.12957238448730082,0.02431104204296611,0.004812368845124497,7.930052631626047e-05,4.810859120914149e-06,7.369261597707747e-06,0.031529931242275204,0.014281916789606471,0.006926704510226513,9.22533887018014e-09,1.0476807225253137e-05,0.0010844339299497317,0.0010663876846394758,2.645057910205306e-05,6.164581560488457e-05,4.050162352694983e-06,5.6124530521164725e-06,2.8321095223840604e-06,1.6029714135739464e-05,4.801615054023883e-05,9.094763491514912e-06,0.7790205172189495,8.580616228438553e-06
49,0.0043400760527644,5.4992749609365084e-05,0.06287304944946231,0.01573486624014395,0.0040308073515975505,3.102189801472692e-05,2.7103399664734406e-06,1.9245308461027504e-06,0.020718259593509383,0.01249742394622711,0.005606428515208132,4.45175618931288e-09,3.3828227816132006e-06,0.001244697117980951,0.0006697922119585891,1.3453350384796235e-05,2.5988956352966633e-05,4.213654780719552e-06,1.7728084697159886e-06,1.9520227173655365e-06,1.0291526877446835e-05,2.852843378055452e-05,7.238106369117993e-06,0.8720857930704977,1.1330797942743784e-05
50,0.0029699233053605677,5.6202071201789976e-05,0.08191115875296683,0.020539157613555344,0.0040967016651482085,4.7048884180259676e-05,1.5215602966109663e-06,1.3695108020203353e-06,0.012808599111338087,0.006556492687384727,0.008077536268983011,6.546659925973952e-09,4.3329311835282925e-06,0.0013039861331796895,0.0006207249953516937,1.2372422457315576e-05,3.254301948361045e-05,3.4105199562844186e-06,1.3181849776363703e-06,1.496152711670586e-06,1.1259476163416725e-05,1.904545041802178e-05,7.292398199500201e-06,0.8609111966573527,5.303680687667251e-06
51,0.0049224959570660885,5.176518074621469e-05,0.07676797616513413,0.01267810003749498,0.004234546511064949,4.039885217161345e-05,3.325823387398669e-06,2.1122656546822798e-06,0.015833764648494772,0.014679085100185231,0.005447490622751769,6.423054907162148e-09,3.320232680398384e-06,0.0015385331651358457,0.0008603030008263038,1.5628440866118602e-05,2.6458653306756363e-05,6.479229315940223e-06,3.0142854458639903e-06,3.7964731004713364e-06,1.5220598904560222e-05,4.301379404316062e-05,1.0713563805330262e-05,0.8627927378509882,1.9713124374478404e-05
52,0.002462866209438711,1.4567179075664331e-05,0.040969575815255316,0.012991557164344263,0.0016904615231302497,1.7675301854044113e-05,1.0287826469526124e-06,7.253812272599296e-07,0.00815333427287066,0.010383923942289475,0.0038078696697250564,2.13506170247388e-09,1.7272192798082116e-06,0.0008610014617383187,0.0002614569751760176,9.731152465823487e-06,1.6373460588245678e-05,3.993449199727445e-06,5.624703459777168e-07,1.4627559810188853e-06,5.016618893717341e-06,1.2463406413209582e-05,3.412437305009374e-06,0.9183247073863346,4.5038293590947765e-06
53,0.0028648165906018817,4.296618417848512e-05,0.04246539546943444,0.019635202651621286,0.0034595206295391836,3.659001777255933e-05,5.555430942077989e-06,2.3209437535303475e-06,0.02434413137176176,0.012962294460246264,0.005195880879294025,3.900534565090252e-09,3.3486285406287888e-06,0.0014332668962439836,0.0010277790106238249,1.8229233016413552e-05,2.7742488580141175e-05,4.320904196426431e-06,1.3620307167820129e-06,2.4292512702367307e-06,1.0457118168506383e-05,3.211218864943101e-05,1.104030593506591e-05,0.8863967518487098,1.6481565668786365e-05
54,0.005164550891946677,0.00012624464306110964,0.058142412801249634,0.01443974958577779,0.00581356423026512,5.181022396709839e-05,4.922242155690928e-06,2.190359560660898e-06,0.04267486052481122,0.02135142189022481,0.005416134113415476,8.411221459757969e-09,4.49305771167919e-06,0.0021921048293754653,0.0008103354191700448,1.9416701791155684e-05,3.887400592537695e-05,6.261655888276662e-06,2.524520817701952e-06,2.674467676568904e-06,1.2244749227787059e-05,5.206417844683371e-05,8.684387343947881e-06,0.8436353752003094,2.7076908658985087e-05
55,0.0030396440233494454,3.0510429351974168e-05,0.06744680829511648,0.015766753536801285,0.0025249651764597185,3.210188786845435e-05,2.037765766904416e-06,1.904404814228507e-06,0.012999569790290126,0.012303090175792404,0.004805618663652514,2.644402505137508e-09,2.6001496731678485e-06,0.0010135974047507836,0.0006869328960040421,1.2211469544102295e-05,2.360622182912454e-05,2.8573677447889915e-06,1.5022633731409554e-06,2.0238409046543505e-06,9.94619713589523e-06,2.7617206252517042e-05,6.733002718307828e-06,0.879250761261028,6.60392537567208e-06
56,0.004450829861922461,6.767197200342169e-05,0.07557158719926867,0.016860720239658525,0.004524683916108136,3.7837674563709406e-05,3.0287216414160303e-06,2.090885814815357e-06,0.02089664189757157,0.013314055820180172,0.006277766454300517,6.1396851397607245e-09,4.308296418757051e-06,0.0014681639271249037,0.0007023098160074895,1.4566913333145072e-05,3.10537718256807e-05,5.005833895552283e-06,2.0547546985145378e-06,2.2784603410238058e-06,1.2021858423269832e-05,3.360509619126743e-05,7.417149994977652e-06,0.8556981681502981,1.2125188728998697e-05
57,0.006393557509242753,0.00012201221806556917,0.1453090878032849,0.01687235676029048,0.007746035201495559,5.56436496976446e-05,4.051015427704423e-06,3.708171094945924e-06,0.02210957301486497,0.01665145250773101,0.008064476033368689,1.382079145438152e-08,7.126080873776988e-06,0.0018735813822314579,0.0010397984958672338,1.9337200068189034e-05,4.1009770680949545e-05,6.510814756150588e-06,5.9244640308656126e-06,3.820324772386097e-06,2.2482888523426454e-05,6.924805821563835e-05,9.012193008984933e-06,0.773554206818605,1.5973803010070836e-05
58,0.0037862636126338753,4.9486200777644056e-05,0.06294416141053247,0.013950228738912704,0.003397077776907368,3.07284344739294e-05,2.3892868632767274e-06,1.649529469771197e-06,0.017453721288208088,0.011682249873341287,0.005299177287924913,4.286422399317074e-09,3.0326022408491205e-06,0.0011562789942149842,0.000647169967682879,1.1854529286711285e-05,2.4812811413076038e-05,3.8694589984492295e-06,1.6062689315160165e-06,1.9056083891902284e-06,9.80499636969336e-06,2.832159168750945e-05,6.284272900644775e-06,0.879498052736453,9.868434963822809e-06
59,0.0035408485458607508,4.489890549623262e-05,0.06296966935300852,0.013389944634397808,0.0031344053630311067,2.937263414313635e-05,2.1933463024430925e-06,1.5253113097582784e-06,0.01611106362548903,0.011395338242251415,0.004956448368253707,3.886532022516708e-09,2.679267640469528e-06,0.0011062177222422559,0.0006286527631825623,1.0884052914637428e-05,2.369175408347639e-05,3.6839653384723014e-06,1.4642506974296603e-06,1.852399062030791e-06,9.413753337188262e-06,2.7229491308085052e-05,5.880519318422925e-06,0.882593324915005,9.312929794101673e-06
60,0.004267347444777333,6.027504064129168e-05,0.07253145027328413,0.016018218621948167,0.004190748408342162,3.568631575858708e-05,2.8109335012510897e-06,1.9599115155995016e-06,0.01975962312320666,0.013154110731566249,0.0057805800091206795,5.3054355302161964e-09,3.6703561653250736e-06,0.001367821089671857,0.0006966069294705193,1.3697172719587894e-05,2.850131624942588e-05,4.591618063952379e-06,1.9217018964021597e-06,2.175534457230956e-06,1.157676412307906e-05,3.2318992427321296e-05,7.106476220348761e-06,0.862015572224853,1.1623704584193189e-05
61,0.003804605905784206,4.6055371013979086e-05,0.06969363720416968,0.014105429751479267,0.0032851219276433287,3.0182184288526595e-05,2.2150778250827425e-06,1.6768442878156294e-06,0.015799199449492075,0.011637857861453665,0.00502003476343013,4.0600203281265325e-09,2.834287007319068e-06,0.0011024164974301226,0.0006354531623034348,1.1215020470420747e-05,2.416254063165348e-05,3.858932671952368e-06,1.5826586541367944e-06,1.9228729301836335e-06,9.964749252567451e-06,2.7734060747354493e-05,5.833150037768811e-06,0.8747379308206796,9.070846295523599e-06
62,0.004267347444777333,6.027504064129168e-05,0.07253145027328413,0.016018218621948167,0.004190748408342162,3.568631575858708e-05,2.8109335012510897e-06,1.9599115155995016e-06,0.01975962312320666,0.013154110731566249,0.0057805800091206795,5.3054355302161964e-09,3.6703561653250736e-06,0.001367821089671857,0.0006966069294705193,1.3697172719587894e-05,2.850131624942588e-05,4.591618063952379e-06,1.9217018964021597e-06,2.175534457230956e-06,1.157676412307906e-05,3.2318992427321296e-05,7.106476220348761e-06,0.862015572224853,1.1623704584193189e-05
63,0.004382324865801003,6.493910940642283e-05,0.07288583445303086,0.015687589628270715,0.004309618086701579,3.622522462923527e-05,2.856299634085589e-06,1.961783841114355e-06,0.02060525387011362,0.01325630558085511,0.0058760845632145325,5.452695742283669e-09,3.7464339022801695e-06,0.001375465241371802,0.0007072451362196769,1.3599533192292252e-05,2.8735269837450963e-05,4.563609090788986e-06,1.975962267575702e-06,2.1429885608791745e-06,1.1605009359041587e-05,3.288008454501603e-05,7.029239354241194e-06,0.8606901216190405,1.189095506480065e-05
64,0.00436056970813394,6.416674297417864e-05,0.07894568612937125,0.016315974541951647,0.004430413752432129,3.820808711468351e-05,2.9429976933683564e-06,2.1078991421998776e-06,0.018401146324995156,0.013197334191359517,0.006095259134730401,5.580809297815937e-09,3.6654260190243036e-06,0.0013156586146942696,0.0007881810775282013,1.367937270220231e-05,2.7430299912477563e-05,4.457133073324192e-06,2.166685974124195e-06,2.2976644070760765e-06,1.4278106289903682e-05,3.340071666511815e-05,7.566573572152784e-06,0.8559218643844488,1.1538854005484386e-05
65,0.003825662731268377,5.844044522170547e-05,0.08415810998245916,0.016894501992473727,0.003950594789803806,3.9882561479691485e-05,2.8809576277643043e-06,2.1531265213147563e-06,0.01665702773503965,0.011970970940782732,0.0060391951708963715,4.893689768842725e-09,3.6049035429782688e-06,0.001270960872084905,0.0008863237303220127,1.3168676893307534e-05,2.8340588020753013e-05,3.815096294026655e-06,1.9946065655889076e-06,2.1108023216299715e-06,1.3013441657948251e-05,3.346074685431926e-05,7.239286661359929e-06,0.8541266351909613,9.906730555662014e-06
66,0.00481285465179196,5.965626371181229e-05,0.06618116626733168,0.013175085313519205,0.003305525430970119,3.608496707399551e-05,3.2276461160346934e-06,2.546797883197726e-06,0.022906139219433366,0.011387697921999793,0.004711315608074177,4.070001821364465e-09,3.2287041979707675e-06,0.0009939258575205777,0.000846329852124782,1.2006827726609544e-05,2.6472471205892684e-05,3.571239737520042e-06,2.323509486924327e-06,2.221904920519802e-06,1.0261461123018113e-05,3.339295190569686e-05,7.880886285627031e-06,0.8714648939337589,1.2186242098754533e-05
67,0.004591787646250411,6.392561181266475e-05,0.07593776128826246,0.016462713288198663,0.004474273875264803,3.494656351306576e-05,2.8688245078567044e-06,2.1146366211760077e-06,0.021278105332613484,0.01336622057061166,0.005814059283985019,5.352073092513982e-09,3.8404915944513725e-06,0.0013214198446225142,0.0006940353606370163,1.4078624679483706e-05,2.8690809810969267e-05,4.591387075579694e-06,2.0312529718451285e-06,2.121349583061833e-06,1.1467221840691539e-05,3.219758270387537e-05,6.898062699797764e-06,0.8558383543685323,1.1491369534194721e-05
68,0.004230552770476787,5.537738471567675e-05,0.08451311537476226,0.01837089974861371,0.004102759551553416,3.9385039747708146e-05,2.9409875206291087e-06,2.11966187512925e-06,0.018071219345973995,0.012838769021416977,0.005855392256213046,6.036234943287248e-09,4.62532015058967e-06,0.0014629623852057197,0.0006125676698188866,1.4685693891085049e-05,3.076379024279654e-05,5.7288864481251486e-06,1.89234799555252e-06,2.6264116875200898e-06,1.1806482870447118e-05,2.9561242247399773e-05,7.319679010562603e-06,0.8497219491891029,1.0973722224009379e-05
69,0.003953185282847004,6.113027005917948e-05,0.10395468686135069,0.013294151717471243,0.0033499611485209926,6.505962635486863e-05,2.603945058846506e-06,2.1366412678170826e-06,0.009630493794545728,0.011262699725872242,0.008779539166542866,9.766672716937875e-09,6.012170137972786e-06,0.0017493068969510832,0.0008750923749652787,1.2451957021512483e-05,3.346353501757036e-05,5.085758104479377e-06,4.11724006324421e-06,4.503259180316018e-06,2.301600497665329e-05,4.8707591147100786e-05,1.1456867000385697e-05,0.8428613484971568,9.779901713449845e-06
70,0.0029474215921583093,4.159238398686022e-05,0.06711989695860916,0.023363540603934946,0.003924439035035269,4.337077103450446e-05,2.737382191690479e-06,1.9900956242581536e-06,0.02041621228815059,0.014259745176965738,0.00486514559473885,5.2376348246301735e-09,4.242320404531592e-06,0.0015654509301580575,0.0005026439685733674,2.068207307629168e-05,3.578114468759315e-05,5.3199308162763535e-06,1.2400495738478113e-06,2.631330006124701e-06,9.36131245526598e-06,2.479395483933084e-05,7.272629666110223e-06,0.8608255823012005,8.900934477775901e-06
71,0.005641331724054755,7.047704274070283e-05,0.041723527264016756,0.01679959458860379,0.005252894102780513,2.6346524437398535e-05,3.097078488944863e-06,2.13782148902953e-06,0.031907878308504674,0.014120133110177867,0.006053100600306039,6.255108585799509e-09,4.103749804319081e-06,0.0014317459036072625,0.0005663344793657122,1.8901251607409065e-05,3.046522019239342e-05,5.868641416858638e-06,1.6486953650906414e-06,1.993418345791083e-06,9.982250131537621e-06,2.7505252150340133e-05,8.967487010979849e-06,0.8762761778064273,1.578142386586228e-05
