,0,1,2,3,4,5,6,7,8,9,10,11,12,13,14,15,16,17,18,19,20,21,22,23,24
0,2.1523356106729686e-05,1.7096798116384088e-10,8.811112389390551e-07,1.2009594918173043e-06,1.1952256509031845e-06,8.028817838499211e-05,0.00011083584916795152,5.169010232970991e-07,2.0553408796580403e-07,0.00043855942762069643,3.029305195684686e-10,3.501661966614007e-07,7.05040092755747e-05,1.963468835408237e-06,1.4921144704221233e-09,3.0722723845670104e-05,0.002352844865414623,0.00012990747191099074,1.8106433621407818e-06,4.334301189149645e-05,0.00012716639874250728,1.1761943475013949e-08,0.039133944125893876,0.9574509434678844,1.2793760166642193e-06
1,1.8522068777031847e-05,1.7909038942279317e-10,8.735190236209158e-07,8.100367210076934e-07,1.2032563758743767e-06,7.855319398453073e-05,0.0001076738932297495,3.79738364308188e-07,1.9212264862005745e-07,0.00035093704041444973,2.2276643749595563e-10,3.352633805699396e-07,5.3636744009231834e-05,1.9106085097598926e-06,1.3642328142188532e-09,2.6810448017439583e-05,0.0021071680153276987,9.845857786563731e-05,1.8914955182095609e-06,2.9125293153036266e-05,0.00012506994060881092,1.1715134920310587e-08,0.034499194398094304,0.9624959058836512,1.3349811003055243e-06
2,1.796682719903643e-05,2.0733670899350383e-10,8.806925313072063e-07,8.305112713877494e-07,1.275402439446578e-06,7.799568171079556e-05,0.00010496111691036266,4.2870351342899895e-07,2.0502795251820098e-07,0.0003527177043900204,2.79654274048791e-10,3.9477515012826173e-07,5.5188146056851144e-05,2.300071274310559e-06,1.8332839544167087e-09,2.458486079621738e-05,0.002229686367992709,0.00011890141138587614,1.7547685422594681e-06,3.634545815042256e-05,0.00014629244538837897,1.2270991724890321e-08,0.04187614325030479,0.9549494933552461,1.6388305272778945e-06
3,1.6424937893602003e-05,1.7444862227525104e-10,7.613980084540768e-07,7.748119739313012e-07,1.0625922492937438e-06,7.464102769548861e-05,0.00010827596595200128,3.483033513352117e-07,1.6098037039512694e-07,0.00030019393727997746,2.1666000359721185e-10,3.6507825647314674e-07,4.875073188480737e-05,2.069082514152554e-06,1.3880089308656226e-09,2.469111696024953e-05,0.0021257870951354777,0.00010559405597473127,1.6063783096545718e-06,2.837829438023041e-05,0.00013084130209090392,1.197281644192874e-08,0.03567721880294538,0.9613506482944059,1.392060433568844e-06
4,1.6756111694406837e-05,1.6691794929567972e-10,7.682687137422136e-07,7.590798267272355e-07,1.0668091003769316e-06,7.157421492611426e-05,0.00010780263268904468,3.518690041848977e-07,1.5434702461975668e-07,0.00029742793046845474,2.1693041074718996e-10,3.6352213779542655e-07,5.1574858714283516e-05,2.1048387808440266e-06,1.34535351862857e-09,2.4917000363436852e-05,0.0021358273783376788,0.00010652690196783068,1.6255046903449211e-06,2.899151916358979e-05,0.00012710174221761676,1.1531699036087455e-08,0.034142933634241576,0.9628800260711892,1.3325038472059133e-06
5,3.487388181423029e-06,1.9784876374098137e-11,7.706502563411094e-07,5.583725681945898e-09,2.1621683381760198e-07,7.009262640665073e-06,2.2935360257495056e-05,4.155155315835529e-08,5.0705099826603424e-08,0.00015646660851660458,7.021338754294096e-12,6.829160291331695e-08,8.703794757984541e-06,2.6707906091057885e-07,1.850230377447749e-10,9.587670826569023e-07,0.0005216185148430201,6.78842772797841e-07,4.4523194973864746e-07,1.4292867115884766e-06,2.445865766018852e-05,9.684610409860568e-10,0.008383868566117062,0.9908657282769984,7.901830872719823e-07
6,1.6424937893602003e-05,1.7444862227525104e-10,7.613980084540768e-07,7.748119739313012e-07,1.0625922492937438e-06,7.464102769548861e-05,0.00010827596595200128,3.483033513352117e-07,1.6098037039512694e-07,0.00030019393727997746,2.1666000359721185e-10,3.6507825647314674e-07,4.875073188480737e-05,2.069082514152554e-06,1.3880089308656226e-09,2.469111696024953e-05,0.0021257870951354777,0.00010559405597473127,1.6063783096545718e-06,2.837829438023041e-05,0.00013084130209090392,1.197281644192874e-08,0.03567721880294538,0.9613506482944059,1.392060433568844e-06
7,2.1317988560329187e-05,1.4920633434636607e-10,9.521905065627031e-07,7.907118808762003e-07,1.0427965136615748e-06,5.764374333539866e-05,0.00010679353410748031,4.259711051609094e-07,1.455065843961263e-07,0.00037624594718722556,2.36846962386378e-10,3.2430939371479405e-07,6.636012312869347e-05,1.9061327725497067e-06,1.1988808581853368e-09,2.4289998366166828e-05,0.002137368900146354,8.306854421648561e-05,1.8177847544572063e-06,3.0509764977987086e-05,9.980660965064614e-05,1.0731505450093627e-08,0.026000426919563824,0.9709875794903602,1.1707164478230423e-06
8,2.4882145449824822e-05,7.773014979086496e-10,5.994312197900747e-07,3.1811217754184455e-06,3.422270786976758e-06,0.0004738654670074139,0.0001934567434933996,1.0171992563464524e-06,6.248278197013552e-07,0.00038975352922877523,8.790702883464045e-10,9.650594189723437e-07,0.00010592327945440891,4.1478273821198915e-06,5.460517027057546e-09,9.366808220205498e-05,0.004342584543820493,0.0014053725863905006,5.509835328244546e-06,9.637235436371313e-05,0.00026678004603674206,4.787647102308957e-08,0.07937212581737137,0.9132131099715508,2.582867283313319e-06
9,1.635981247294734e-05,3.5716333348943534e-10,7.507196978954352e-07,1.5099040988190944e-06,2.3441582347847407e-06,0.00028121019978742705,0.0001746797419247801,6.24874865274919e-07,2.4322850486138996e-07,0.00026240446260912797,3.7492134151005797e-10,8.515166801244944e-07,0.00011923630655409389,2.8555100188968124e-06,2.123349552761348e-09,8.33593748044965e-05,0.0035230578879536603,0.000578077750435158,4.129059926570363e-06,6.494966323372893e-05,0.00020791464697701402,2.9392279066867788e-08,0.03518479007474011,0.9594893747264884,1.2441322785895477e-06
10,1.6424937893602003e-05,1.7444862227525104e-10,7.613980084540768e-07,7.748119739313012e-07,1.0625922492937438e-06,7.464102769548861e-05,0.00010827596595200128,3.483033513352117e-07,1.6098037039512694e-07,0.00030019393727997746,2.1666000359721185e-10,3.6507825647314674e-07,4.875073188480737e-05,2.069082514152554e-06,1.3880089308656226e-09,2.469111696024953e-05,0.0021257870951354777,0.00010559405597473127,1.6063783096545718e-06,2.837829438023041e-05,0.00013084130209090392,1.197281644192874e-08,0.03567721880294538,0.9613506482944059,1.392060433568844e-06
11,1.6501255480429764e-05,1.6158387181349648e-10,7.446069293047261e-07,7.390056101844274e-07,1.0275394445044342e-06,7.104218967035545e-05,0.00010744078147562491,3.56143909925394e-07,1.5379220508440493e-07,0.00030074847904667796,2.0993671900390789e-10,3.563035839971626e-07,5.138654325734219e-05,2.015805919875876e-06,1.3177657718476933e-09,2.462766349949742e-05,0.0021098902006206777,0.00010406357071735078,1.6083300412404866e-06,2.828674021504233e-05,0.00012189241553833886,1.1409537958292246e-08,0.03317560584615509,0.9638802056650951,1.2940227600806305e-06
12,2.1962982333090994e-05,2.2768314301380037e-10,1.051859447628995e-06,9.54521226412363e-07,8.23598546658066e-07,7.620789058541325e-05,0.0001051518407585718,6.443679520245239e-07,1.914709802825892e-07,0.0004067971749355202,2.5889924377671454e-10,3.87180835448027e-07,6.179089329271729e-05,1.5534618864286665e-06,1.7934486460926106e-09,2.9762492381964635e-05,0.0021435460651519447,8.645270512944186e-05,2.2480679540811133e-06,2.5148384082687134e-05,0.00011950934064363085,1.692201882814166e-08,0.026082108184628583,0.9708324981641112,1.1901510862727542e-06
13,2.5136758219741273e-05,1.518350610209797e-10,1.0355317355098834e-06,9.655182452586414e-07,1.1306384216664173e-06,4.607114496253672e-05,0.00012265818794941045,4.5164092777271556e-07,1.457091458446043e-07,0.00032228190711054006,4.851475000028526e-10,5.291985711963039e-07,6.884612059379788e-05,4.44274496692839e-06,2.1658539801300922e-09,2.791027073066556e-05,0.00228107311959727,0.0001394679769040667,1.3393931556134548e-06,4.75965349532469e-05,0.00015523774653371055,9.578811137294449e-09,0.04655997647258392,0.9501920894030352,1.601600008610409e-06
14,1.860006513398643e-05,2.5313786437192075e-10,9.98101004548747e-07,1.098830994672384e-06,1.6074358620976425e-06,0.00010521886452348876,0.00011354550638293505,4.415079197721838e-07,2.049398997871751e-07,0.00035581345223732757,3.2828255053986497e-10,4.4509422860321664e-07,6.788629032147829e-05,2.430689070189015e-06,1.8755205027919036e-09,3.477929882337234e-05,0.0025751010915731534,0.00017397485600539677,2.365895136529767e-06,4.378672757306649e-05,0.0001739655827835685,1.5671322065834493e-08,0.04111777720961719,0.955208461473627,1.4789590187798492e-06
15,1.6424937893602003e-05,1.7444862227525104e-10,7.613980084540768e-07,7.748119739313012e-07,1.0625922492937438e-06,7.464102769548861e-05,0.00010827596595200128,3.483033513352117e-07,1.6098037039512694e-07,0.00030019393727997746,2.1666000359721185e-10,3.6507825647314674e-07,4.875073188480737e-05,2.069082514152554e-06,1.3880089308656226e-09,2.469111696024953e-05,0.0021257870951354777,0.00010559405597473127,1.6063783096545718e-06,2.837829438023041e-05,0.00013084130209090392,1.197281644192874e-08,0.03567721880294538,0.9613506482944059,1.392060433568844e-06
16,1.6900138032286584e-05,1.5968847844540975e-10,7.78442770472225e-07,8.750311562247543e-07,1.0986265372413362e-06,7.412351986671777e-05,0.00011804180808050739,3.6366284658882805e-07,1.4049709942926452e-07,0.0002838995882054826,2.747028232347864e-10,4.485751376447984e-07,5.686675316339314e-05,2.7088955970322614e-06,1.5560081272988444e-09,3.023420509906379e-05,0.002250663267945942,0.00014755016919645847,1.5685024690967367e-06,3.573664830514605e-05,0.00015115323379104483,1.1865078685271746e-08,0.038221404907424074,0.958604145112991,1.2845588069072405e-06
17,1.6916059023182238e-05,1.668198486013529e-10,7.366557127476133e-07,7.938182887189745e-07,1.0334548133826052e-06,6.83318970295031e-05,0.00011389291720259805,3.3798462699763393e-07,1.4916150014947567e-07,0.0002807624227654278,2.2154288117257218e-10,3.756525693395061e-07,4.882057846044267e-05,2.2708129313395157e-06,1.3308002922523403e-09,2.4277713952334445e-05,0.0021414671215005472,0.00010426882727122872,1.4722838955554603e-06,2.872839123535691e-05,0.00012588291813091587,1.162903134943253e-08,0.03533775595695924,0.9617002807094018,1.431314534854566e-06
18,1.5428537671572872e-05,1.712387052017972e-10,5.969100193132497e-07,6.48252473883358e-07,1.0045505323217245e-06,6.534204675159915e-05,0.00010495846192817241,3.0083372451331534e-07,1.5276001208440656e-07,0.00027363983941548775,2.0726808483236003e-10,3.485016838926255e-07,4.253057541336515e-05,2.269196675391113e-06,1.3573141298250159e-09,1.9083687242106315e-05,0.002310886717491341,0.00010636115342924902,1.4570608864917054e-06,2.679853488210112e-05,0.00011131614183547306,1.1734313481543528e-08,0.037425820641016905,0.9594893205853567,1.7215414236192003e-06
19,1.462536124012154e-05,1.4580947969246078e-10,7.809865315476142e-07,6.937501648109218e-07,9.586240001509657e-07,7.457019298082185e-05,0.00011217157008038045,3.3839125742727376e-07,1.4851103847725648e-07,0.0003233542075693882,1.7322027105592103e-10,3.4673622217140654e-07,4.8638191012008786e-05,1.62762468084218e-06,1.098439820906806e-09,2.3524871116371203e-05,0.001936541689894976,7.712668767514181e-05,1.4756323494931265e-06,2.5458227060270294e-05,0.00011246499839742226,1.142860689213466e-08,0.028540148810221877,0.9687037768192427,1.215271187129521e-06
20,1.3733763656600196e-05,6.533341592361627e-11,6.100400754024216e-07,4.218461083736473e-07,1.062242945771203e-06,4.8416217076793016e-05,9.461105280705814e-05,1.6493447622078956e-07,1.0639996334472171e-07,0.000265534141276826,1.1368194375590067e-10,2.2188021854759631e-07,4.501582851069355e-05,1.7093160418605151e-06,5.213666874270511e-10,1.6964925847151304e-05,0.0017486931163374878,6.21233444035596e-05,1.1119551766309952e-06,2.423020069514737e-05,7.987880887414203e-05,4.837441306118082e-09,0.0302571639813412,0.9673372035296461,1.0169366975717375e-06
21,2.3286306521863732e-05,2.1069634493240172e-10,9.149269194981695e-07,1.206324620806586e-06,1.3414120961858283e-06,7.971203834399048e-05,0.00012987733974742185,4.271867851297822e-07,1.9039945322916197e-07,0.00034162517234164353,3.884646113566661e-10,4.98814272890165e-07,5.927801102250344e-05,3.378346966856071e-06,1.97346608094644e-09,3.283849383259901e-05,0.002416377296264438,0.00015631745807785676,1.7881215356351931e-06,4.034395518579861e-05,0.00016049254894907376,1.4037026073155624e-08,0.04521949836530494,0.9513288710261469,1.7198459576119874e-06
22,1.8150536349446207e-05,1.7452102488482037e-10,8.693148930880932e-07,9.802946947889807e-07,1.1104810978458756e-06,7.260256015533188e-05,0.00011420177599246049,3.5070589239199e-07,1.5333765110100092e-07,0.00033482626045361216,2.9294099622285347e-10,3.925417721174795e-07,5.445227075830835e-05,2.430826934142036e-06,1.4791849301190684e-09,2.7862700217813245e-05,0.0024422703888980412,0.00012542912691539574,1.6056266324014978e-06,3.581059968460085e-05,0.00014697559099537529,1.2701169982165507e-08,0.04021922226587054,0.9563988479619251,1.4401843994012768e-06
23,1.6424937893602003e-05,1.7444862227525104e-10,7.613980084540768e-07,7.748119739313012e-07,1.0625922492937438e-06,7.464102769548861e-05,0.00010827596595200128,3.483033513352117e-07,1.6098037039512694e-07,0.00030019393727997746,2.1666000359721185e-10,3.6507825647314674e-07,4.875073188480737e-05,2.069082514152554e-06,1.3880089308656226e-09,2.469111696024953e-05,0.0021257870951354777,0.00010559405597473127,1.6063783096545718e-06,2.837829438023041e-05,0.00013084130209090392,1.197281644192874e-08,0.03567721880294538,0.9613506482944059,1.392060433568844e-06
24,1.2750541848983098e-05,1.4469040516167208e-10,6.910700238940441e-07,4.703753955408707e-07,7.999218326618534e-07,6.320360925238094e-05,9.058690020710703e-05,3.0628971401365925e-07,1.503136329573826e-07,0.00027456945346600043,1.5539388173209132e-10,3.1057683471807326e-07,3.847558397408869e-05,1.5925136617546442e-06,1.3211658847157099e-09,1.8260094023535022e-05,0.0018372118256309228,7.497607644141813e-05,1.3708017891316398e-06,2.0730382752319317e-05,0.00012248548797310605,9.843066352886633e-09,0.034184441473286295,0.9632553389621578,1.2662817848219968e-06
25,1.270677885432549e-05,2.1394115761429356e-10,7.009463718681554e-07,6.151854848070859e-07,1.0935881748359875e-06,9.986400127463726e-05,9.187684697927281e-05,2.785201837680769e-07,1.9155605719343487e-07,0.0002830970245445221,1.4440822869544655e-10,3.1132370698304374e-07,3.5264087756792894e-05,1.4693372981377954e-06,1.3077850644650283e-09,2.1653606716164265e-05,0.0019987388889699228,8.917931293814918e-05,1.85852667769216e-06,2.0008082529470497e-05,0.00014360871755595003,1.3624479029055626e-08,0.036878670977051074,0.9603173271324191,1.470267841933904e-06
26,5.163163679866846e-05,7.879644021945812e-10,5.8731175370033756e-06,1.5006436277947002e-05,2.127147627998924e-06,0.00014258791361009058,0.0003120017682854347,3.410738196833049e-06,1.3316741301966978e-07,0.0006593086920361337,4.294313362802811e-09,8.877278796001755e-06,0.00032103179041318753,2.0088263881365525e-05,1.070680589752703e-08,0.00021279419496328159,0.0029554373051089273,0.00045096630239651757,2.5395968091400514e-06,0.0002549844538893144,0.0005087251965868392,8.724180755125636e-08,0.02860359991916517,0.965466640281863,2.1317674526203264e-06
27,1.7951234626824037e-05,2.3255426081915388e-10,7.373452127699991e-07,8.91482144848301e-07,1.1350714949201574e-06,8.747567197940732e-05,0.00011506917323620257,4.2387641754781033e-07,2.0277426440568428e-07,0.0003255556320328116,2.4667235113959754e-10,3.951020916091715e-07,4.853204213952115e-05,2.114346586017763e-06,1.722740392959252e-09,2.5593568233107185e-05,0.0022303854965987865,0.00011746167034499252,1.8500185190006567e-06,2.8346977786680683e-05,0.00012793625219524796,1.526306846507377e-08,0.03673989520693746,0.9601263496271434,1.6799649788147013e-06
28,1.6424937893602003e-05,1.7444862227525104e-10,7.613980084540768e-07,7.748119739313012e-07,1.0625922492937438e-06,7.464102769548861e-05,0.00010827596595200128,3.483033513352117e-07,1.6098037039512694e-07,0.00030019393727997746,2.1666000359721185e-10,3.6507825647314674e-07,4.875073188480737e-05,2.069082514152554e-06,1.3880089308656226e-09,2.469111696024953e-05,0.0021257870951354777,0.00010559405597473127,1.6063783096545718e-06,2.837829438023041e-05,0.00013084130209090392,1.197281644192874e-08,0.03567721880294538,0.9613506482944059,1.392060433568844e-06
29,1.6424937893602003e-05,1.7444862227525104e-10,7.613980084540768e-07,7.748119739313012e-07,1.0625922492937438e-06,7.464102769548861e-05,0.00010827596595200128,3.483033513352117e-07,1.6098037039512694e-07,0.00030019393727997746,2.1666000359721185e-10,3.6507825647314674e-07,4.875073188480737e-05,2.069082514152554e-06,1.3880089308656226e-09,2.469111696024953e-05,0.0021257870951354777,0.00010559405597473127,1.6063783096545718e-06,2.837829438023041e-05,0.00013084130209090392,1.197281644192874e-08,0.03567721880294538,0.9613506482944059,1.392060433568844e-06
30,1.6424937893602003e-05,1.7444862227525104e-10,7.613980084540768e-07,7.748119739313012e-07,1.0625922492937438e-06,7.464102769548861e-05,0.00010827596595200128,3.483033513352117e-07,1.6098037039512694e-07,0.00030019393727997746,2.1666000359721185e-10,3.6507825647314674e-07,4.875073188480737e-05,2.069082514152554e-06,1.3880089308656226e-09,2.469111696024953e-05,0.0021257870951354777,0.00010559405597473127,1.6063783096545718e-06,2.837829438023041e-05,0.00013084130209090392,1.197281644192874e-08,0.03567721880294538,0.9613506482944059,1.392060433568844e-06
31,1.4913955767112243e-05,1.7569358535736406e-10,6.71802862586237e-07,8.103890079086359e-07,1.1202949630327547e-06,8.556670304985762e-05,0.00011737124887005222,3.019009279603357e-07,1.6896672190633079e-07,0.0003058607509017675,2.0965932811915723e-10,3.7430481729326257e-07,4.2514530308459004e-05,2.1132699496378153e-06,1.3409861170727489e-09,2.4215130549577683e-05,0.002153506024015105,0.00010908953482279625,1.5081267561069676e-06,2.7877948013702023e-05,0.00013150498356266125,1.2895104774970697e-08,0.03889332282533838,0.9580856122778773,1.5604094729152902e-06
32,1.6696903100955662e-05,1.8152172150539426e-10,7.707628203440364e-07,7.589806822179588e-07,1.0903288112870408e-06,7.544259408167417e-05,0.00010586593200269445,3.5090909173494666e-07,1.6357154503372665e-07,0.00029938821606131564,2.1543707876344856e-10,3.618004289757962e-07,4.9509690908797184e-05,2.0627830424251594e-06,1.4023599035162133e-09,2.4796507730113416e-05,0.0021417842372088614,0.00010713218763250944,1.712804590933741e-06,2.777747066806206e-05,0.00012977284060540568,1.220181224460314e-08,0.03484870865534935,0.9621644512113312,1.3876111749707662e-06
33,1.5578054147340826e-05,1.5330648861671149e-10,6.85264940091038e-07,7.18268581388271e-07,9.773406491754215e-07,6.989157722706053e-05,0.00010580210414888703,3.248470952464368e-07,1.37084021097841e-07,0.0002772959221135927,1.874766534020158e-10,3.4106063758856184e-07,4.963246580419228e-05,1.9274670657565724e-06,1.1644570013789204e-09,2.4355528475643366e-05,0.0021129822099690333,0.00010450639656286067,1.574731224625162e-06,2.66097768369221e-05,0.0001157184687833658,1.1343147608627183e-08,0.031027749867736997,0.9660619659044016,1.2128111898935584e-06
34,1.2572859874828043e-05,1.7790820986190346e-10,6.770351351268298e-07,7.808176591957648e-07,9.76572393698434e-07,8.803504197916418e-05,0.00011407159804593764,3.3329867697030574e-07,1.5318627846808233e-07,0.0002904084343868064,1.890892678269897e-10,3.8037346738518573e-07,4.2882924767536386e-05,1.8009256704206124e-06,1.3511987126545995e-09,2.4618793731533537e-05,0.0021152021266624367,0.00010656676548014109,1.4308771247504563e-06,2.781557595933495e-05,0.00013806090931718876,1.358195629030635e-08,0.03528868335598182,0.9617431514417522,1.3817855026518458e-06
35,2.182109296630632e-05,2.415580436330065e-10,7.641638494454708e-07,9.18091241047792e-07,1.1614006930591346e-06,8.657242384916179e-05,0.00011195332297189482,4.890085664672217e-07,2.3483656941901145e-07,0.0003415895933011554,2.496296772094206e-10,3.61797071035425e-07,5.4719525455826734e-05,1.972310242922159e-06,1.7033565576841697e-09,2.737234627921615e-05,0.002236728076208624,0.00011667802856078816,2.160403061275031e-06,2.718617344539498e-05,0.00011618197681478333,1.4915899012228625e-08,0.03490837336888654,0.9619411595830405,1.5853664819382116e-06
36,1.5932607420058858e-05,1.40701643241589e-10,5.414954282400802e-07,7.331260170820305e-07,8.172998959942541e-07,6.389694572330722e-05,0.00012724649807334057,3.843091199114143e-07,1.2632687668488119e-07,0.00026501900596015193,2.3865364968098226e-10,4.538556430059062e-07,5.272961886753566e-05,2.558534618582657e-06,1.4196203873959872e-09,2.451521273109021e-05,0.0022817758988648656,0.00013293930519871832,1.3418601703111217e-06,2.9872536886373332e-05,0.00010243033194566066,1.2507875477260099e-08,0.031162090498319975,0.9657332038327852,1.3765926027568793e-06
37,1.686590887902368e-05,1.2608303536478408e-10,7.190643981692201e-07,7.170854204844882e-07,9.6634776145746e-07,5.330544573610558e-05,0.00010988427231251059,2.580335926752784e-07,1.062121797244478e-07,0.00023868503290260087,2.0771172675185778e-10,3.615573516290141e-07,4.7128145645712714e-05,2.655938592761224e-06,1.0992958877599227e-09,2.3258748537609548e-05,0.0020456962474208716,0.00010217637380301075,1.277808545190189e-06,2.7500784255849377e-05,0.00012592731373304482,9.29494693775209e-09,0.03428940121185615,0.9629118512043724,1.2465346656171087e-06
38,1.4751172492380464e-05,1.7135912563544094e-10,7.239491457747591e-07,7.153536882977515e-07,1.0326578196088605e-06,8.587343746622352e-05,0.00011095499184089777,3.4719147321519007e-07,1.607240735809805e-07,0.0002809195958806971,2.1786970819896127e-10,4.05853998684002e-07,4.921252478487421e-05,2.0919552246435115e-06,1.5669131910497688e-09,2.8437871731360788e-05,0.0020806062339769446,0.00013166720532197977,1.7206237295422886e-06,2.757793333028198e-05,0.00015069800947567285,1.264380620719357e-08,0.03744050826274408,0.9595903544446948,1.2254071581899343e-06
39,1.3192518063351116e-05,2.1051579623981979e-10,8.778778411934876e-07,7.731448337784099e-07,1.0469947151227314e-06,9.80221207866897e-05,9.935889806927127e-05,3.849941615405408e-07,1.651891511767889e-07,0.00026641661990506766,1.8498732830720064e-10,3.8717543172798585e-07,4.801978257753515e-05,1.6437539687379335e-06,1.51100387994671e-09,2.972451409557e-05,0.002119005626880821,0.00011348861707589352,1.8074166008167137e-06,2.853807615404343e-05,0.00017796768276004244,1.3690824852154434e-08,0.03552585885954262,0.9614721162420222,1.1882980312143608e-06
40,1.642343129415733e-05,1.731951217870021e-10,8.935530226925007e-07,6.011280485725518e-07,1.2167566830077445e-06,5.948830651089438e-05,0.00010528765911195338,2.739189520646996e-07,1.3347029870918348e-07,0.00023660975264407953,2.1203852088390915e-10,4.109802043829379e-07,4.692530074969609e-05,2.814784139040419e-06,1.3479371881080941e-09,2.1739018588895285e-05,0.0020165300025048343,9.006288357019858e-05,1.5301289712922934e-06,2.6834125716996293e-05,0.00013866412825902014,1.0275744343180228e-08,0.0345674287808694,0.9626645599655036,1.5599154414083903e-06
41,1.5525141095356937e-05,1.646096844105348e-10,7.392656136537214e-07,7.194214225315466e-07,1.006420564759385e-06,7.152516600334087e-05,0.00010622330873978182,3.2913057964987054e-07,1.5095475600913875e-07,0.0002913492094779357,2.0468706635228016e-10,3.612997069068432e-07,4.666372988003243e-05,2.0286003638871015e-06,1.3347399832450122e-09,2.334628125936289e-05,0.0020953856475250405,0.00010014114980671459,1.5194962854742512e-06,2.730660213088217e-05,0.00012873410582138882,1.1578885555084368e-08,0.0350786944953199,0.9620068631585946,1.374132130538047e-06
42,1.778559817266643e-05,2.7457805741007676e-10,9.619757373810725e-07,1.1152047869495224e-06,1.0972270205229023e-06,0.00011060985921338783,0.00010899594675787434,5.373441720970073e-07,2.06732464968864e-07,0.0003294231273246477,2.3277189190952895e-10,3.891779933669611e-07,5.667055224561729e-05,1.5834511002403945e-06,1.6817813964058355e-09,3.643066567740057e-05,0.0023684795644417327,0.00012394990109541553,2.401529874373355e-06,2.996406556573288e-05,0.00015600849083709993,1.8502686148192937e-08,0.03154519993528956,0.9651069359514484,1.233006962983457e-06
43,1.2183063822895111e-05,1.511981478049154e-10,7.30953435198748e-07,6.377263437100805e-07,9.302848710522964e-07,8.463411511931713e-05,9.201684020182025e-05,3.4725618880660464e-07,1.5747326026921398e-07,0.00032655323786593294,1.5042367307282323e-10,2.922386824662537e-07,4.7462251111255854e-05,1.2704361692556383e-06,1.167396231305082e-09,2.3950263675305886e-05,0.0019947999633729255,9.035051119109148e-05,1.6294429141044034e-06,2.5824488586240797e-05,0.00013289932552182322,1.1175054589066927e-08,0.03133585623070894,0.9658264510608319,1.0101920531916808e-06
44,1.6424937893602003e-05,1.7444862227525104e-10,7.613980084540768e-07,7.748119739313012e-07,1.0625922492937438e-06,7.464102769548861e-05,0.00010827596595200128,3.483033513352117e-07,1.6098037039512694e-07,0.00030019393727997746,2.1666000359721185e-10,3.6507825647314674e-07,4.875073188480737e-05,2.069082514152554e-06,1.3880089308656226e-09,2.469111696024953e-05,0.0021257870951354777,0.00010559405597473127,1.6063783096545718e-06,2.837829438023041e-05,0.00013084130209090392,1.197281644192874e-08,0.03567721880294538,0.9613506482944059,1.392060433568844e-06
45,1.6392802105440303e-05,1.666959037821331e-10,7.321689522472861e-07,7.659078053998209e-07,9.395656875761892e-07,7.578061595494456e-05,0.00011127383821971509,4.29681295121518e-07,1.5878785157482853e-07,0.00031314512351863,2.0645765586869148e-10,3.6461306807637664e-07,5.4592419839448765e-05,1.804904439241276e-06,1.412550125045058e-09,2.727289506107561e-05,0.0020446487816830616,0.00010739514712183792,1.7207528780856637e-06,2.7288761357846086e-05,0.00011833497009511154,1.2644525231379533e-08,0.02946750515842033,0.9676283018313747,1.1368430414037993e-06
46,1.7329976838781016e-05,2.083318147189736e-10,8.270307149945512e-07,7.915342907866019e-07,1.216541634246987e-06,7.893304558992695e-05,0.0001081579985415308,3.8139339490901583e-07,1.9352946194339058e-07,0.00031379823130831815,2.503793131880498e-10,3.868510340140671e-07,4.8521141036409593e-05,2.3094061380951674e-06,1.7595227305196858e-09,2.508421681869189e-05,0.0020583739131820556,0.00011539661502271283,1.745063971178195e-06,2.967202864031052e-05,0.00014526363594303908,1.2498659647664823e-08,0.040439935340350716,0.9566100945366962,1.5732524976516652e-06
47,1.8941120467686188e-05,1.2980006759739682e-10,7.124441987832349e-07,7.28313264363082e-07,8.92609316704129e-07,6.0238514726235764e-05,0.0001045492585781514,3.3950467550718507e-07,1.21204626413072e-07,0.0002815886622628863,1.8580109527160068e-10,3.32666550970474e-07,5.669945440050463e-05,1.911289256423992e-06,1.0076029940868653e-09,2.6030265843053595e-05,0.0020865112801221695,9.543925285657112e-05,1.6533503314472004e-06,2.520046287184374e-05,0.00010029572745806696,1.0342377716261615e-08,0.02620581305738907,0.970930959197298,1.0306979232735016e-06
48,1.3188254144756717e-05,1.3002273528255488e-10,5.339079438694355e-07,5.032591422986403e-07,7.402632116985404e-07,6.373946447304742e-05,8.919295766135057e-05,2.969238982348953e-07,1.2152503252047047e-07,0.000268922172769836,1.1911190277349092e-10,2.548031357422416e-07,4.2812483050480606e-05,1.268739080747368e-06,8.816225212073805e-10,1.8963027705671363e-05,0.001969617030383576,7.798158322196409e-05,1.5896794700558577e-06,1.8403872271186602e-05,8.314279676229561e-05,1.0608312754039552e-08,0.02319149706324693,0.9741562128718326,1.0055824911152196e-06
49,1.4172329787232508e-05,1.8613988438193043e-10,8.178012202760144e-07,7.75102545856399e-07,1.0584222166241273e-06,8.635871917899074e-05,0.00010910600404520007,3.6302272079403266e-07,1.610208020424916e-07,0.00030101143853728055,1.9704239218320669e-10,3.865454665524989e-07,4.9350319317235726e-05,1.7748395410845488e-06,1.3557399681243586e-09,2.602479861040942e-05,0.0021223621410662143,0.00010031776522812548,1.6413318955998654e-06,2.9129484587120825e-05,0.00014069363461287747,1.331572948019243e-08,0.03320454633544016,0.9638086138621254,1.320026403226212e-06
50,1.7045971202736458e-05,1.0681528632482866e-10,6.450731794503308e-07,6.10265361442058e-07,8.420812907476333e-07,5.114924485004251e-05,0.00010950087120442203,3.259661203618583e-07,1.2096381781286445e-07,0.0003170383256294371,1.8561874100388818e-10,3.0745449005587516e-07,5.1269033077270855e-05,1.9510439587721858e-06,1.021142108055577e-09,2.030462257088243e-05,0.0018996891438176104,8.016876519601011e-05,1.3110471018962052e-06,2.5189361166125702e-05,8.583103624973321e-05,8.774794854141448e-09,0.02674467511484164,0.9705908884696414,1.1260568611762017e-06
51,1.5571544627130084e-05,1.5214073489373469e-10,7.304625667699805e-07,6.814263763065139e-07,1.015835712488978e-06,6.911425904743941e-05,0.00010396744212082762,3.1629476041696615e-07,1.4840450117513357e-07,0.0002900627146356883,1.9387608000282386e-10,3.4154256723740186e-07,4.758754133837143e-05,1.9712046414488314e-06,1.2342086851770624e-09,2.3053360939674356e-05,0.0020520112565621026,9.711059195059905e-05,1.5175810190889107e-06,2.6914906186874552e-05,0.000122843412586308,1.0648122146827296e-08,0.034239722333934255,0.9629040058654866,1.2997900916070452e-06
52,2.1898884964188376e-05,1.734481781754095e-10,7.771554838988476e-07,1.026326886138062e-06,1.230470301291325e-06,8.854635521773294e-05,0.00011240403289749715,5.435854269711668e-07,2.081687699558623e-07,0.0004607052121371721,2.914041115845423e-10,3.85056042377612e-07,6.863246197731952e-05,2.0980739680204557e-06,1.6774270153237084e-09,3.0586232513944596e-05,0.0022090025803838294,0.00014410499125921898,2.152515582461425e-06,3.780060140479789e-05,0.00011473313882919269,1.3158348653043201e-08,0.03233226402819086,0.9643696469244526,1.2379026825112094e-06
53,1.4156001972701643e-05,1.3987258160258085e-10,7.388794640535677e-07,7.863033959183063e-07,1.0447940575855787e-06,6.891432660186544e-05,0.0001242092506146859,2.9150099475092916e-07,1.402052625702557e-07,0.00027858899431413425,2.5445181650943174e-10,4.2217450053639335e-07,4.612745942622038e-05,2.604066343044916e-06,1.4414130990510535e-09,2.45522277776892e-05,0.002119506226999277,0.00011748483596512132,1.1467233892961123e-06,3.530046277652749e-05,0.00015532917285714486,1.0307234003591282e-08,0.046190556464396876,0.950816605574346,1.4822115725658451e-06
54,1.2695571549711923e-05,7.746407069527863e-11,8.10088147093321e-07,5.150787744696967e-07,9.06502897539394e-07,5.3284751354875635e-05,8.755722753634204e-05,2.4860545473849915e-07,9.957746950836801e-08,0.0002742943877527135,1.500035575842743e-10,2.63228811982696e-07,5.858121512701452e-05,1.579306357416363e-06,7.432663934570727e-10,2.35487388750856e-05,0.0019277816455586408,8.645149667429786e-05,1.249715294118631e-06,3.1953833664295905e-05,0.00011966758715625628,5.887329271513179e-09,0.030799195144267818,0.9665185785043059,7.309349069500958e-07
55,1.618140327505682e-05,1.3990950194339168e-10,6.344326283175869e-07,7.238618325633621e-07,1.0613827363381696e-06,7.552191841480547e-05,0.00012356062472618933,3.74348849424935e-07,1.5359857737708107e-07,0.00027891011022514514,2.2558169688378449e-10,4.7513222460909934e-07,5.6151943116117e-05,2.5322860068435374e-06,1.4010437506534883e-09,2.7575827648195312e-05,0.0020068800522652828,0.000130880854358142,1.4332894227073956e-06,3.2465414511692306e-05,0.00011784634761158987,1.0852783793723704e-08,0.034293897400375,0.9628313891186279,1.3380332477344656e-06
56,1.6674296135828655e-05,1.6913765706235092e-10,7.656540096227393e-07,7.713394500037648e-07,1.0685808435893656e-06,7.347971915130932e-05,0.00010872746648139413,3.5999432495788685e-07,1.5851062742409768e-07,0.0003044429457921459,2.1810934511618562e-10,3.6637472879283556e-07,5.155164029412805e-05,2.071018379823498e-06,1.3651638337644082e-09,2.506047254452073e-05,0.0021325200143409726,0.00010667198383394523,1.6270030547991808e-06,2.922055912762954e-05,0.00012700934808738767,1.1749617107124837e-08,0.034266561015534075,0.9627495334415042,1.3451197256147288e-06
57,1.367258959976036e-05,1.3782135260491408e-10,8.725439303314458e-07,6.188674548766761e-07,1.0988103982831176e-06,6.897429662899947e-05,0.00010192218845910614,3.2045049268145026e-07,1.354716983231703e-07,0.00029772971821795597,1.7658730476111778e-10,3.525294915380107e-07,5.476497847218029e-05,1.7973191748310603e-06,1.084539850154069e-09,2.3877643821122234e-05,0.0020203184342739277,8.498576066345621e-05,1.5176251913268134e-06,3.1183358913420234e-05,0.00012478022276381595,9.776638874483105e-09,0.02948049484611666,0.9676894353937514,1.1357748985480561e-06
58,0.00017420539568825089,3.3411883106163405e-08,8.355864598008323e-06,0.0005017742915808904,1.7965385028200754e-05,0.0008115951944530766,0.000266021656018543,5.34208817012407e-06,1.39156513676716e-05,0.0018761456313913787,4.019915308944093e-07,5.962681850160891e-06,6.183050760412091e-05,4.9995437566359256e-05,3.4312742192742383e-07,0.000226700135792536,0.0026241944652585177,0.0023272526188799526,4.403840722457747e-06,0.000789716507523973,0.0013927816781666063,3.847564324745574e-07,0.8960093616936379,0.09276274444542612,6.85715420066266e-05
59,0.00013312537655862678,5.691960620167522e-09,1.428072698734086e-06,2.3692780784795538e-05,6.060349654126867e-06,0.0005780533653422511,0.0002979631139431506,2.1065516082540143e-06,2.9476388024958636e-06,0.0010197712843951206,8.36230852585425e-09,2.2091221137062004e-06,6.752180441946425e-05,1.6961901449451596e-05,3.5565547988205196e-08,0.00011275202918008076,0.005492032097934025,0.001336642113299361,7.753724394576902e-06,9.854741360371831e-05,0.00047700855792641363,1.8769385319374514e-07,0.26354418066084656,0.7267575984045838,2.1406322791034663e-05
60,1.6424937893602003e-05,1.7444862227525104e-10,7.613980084540768e-07,7.748119739313012e-07,1.0625922492937438e-06,7.464102769548861e-05,0.00010827596595200128,3.483033513352117e-07,1.6098037039512694e-07,0.00030019393727997746,2.1666000359721185e-10,3.6507825647314674e-07,4.875073188480737e-05,2.069082514152554e-06,1.3880089308656226e-09,2.469111696024953e-05,0.0021257870951354777,0.00010559405597473127,1.6063783096545718e-06,2.837829438023041e-05,0.00013084130209090392,1.197281644192874e-08,0.03567721880294538,0.9613506482944059,1.392060433568844e-06
61,2.505102543003682e-05,3.140242917158743e-10,8.841732608824603e-07,1.681606304592693e-06,1.5290379820721647e-06,0.0001148221617681311,0.0001401283599302858,5.549499987980282e-07,2.752881194363951e-07,0.0004074827460321256,4.660725019779932e-10,5.214516144357942e-07,6.097561923601602e-05,3.0439378210201595e-06,2.53048943031546e-09,3.685163645689173e-05,0.002720371432932808,0.00019678894722732575,2.1469634665196727e-06,4.4955474125248006e-05,0.00017432926147903588,1.9602344258471832e-08,0.05297319995779709,0.9430922331848683,2.1498712183617584e-06
62,1.6424937893602003e-05,1.7444862227525104e-10,7.613980084540768e-07,7.748119739313012e-07,1.0625922492937438e-06,7.464102769548861e-05,0.00010827596595200128,3.483033513352117e-07,1.6098037039512694e-07,0.00030019393727997746,2.1666000359721185e-10,3.6507825647314674e-07,4.875073188480737e-05,2.069082514152554e-06,1.3880089308656226e-09,2.469111696024953e-05,0.0021257870951354777,0.00010559405597473127,1.6063783096545718e-06,2.837829438023041e-05,0.00013084130209090392,1.197281644192874e-08,0.03567721880294538,0.9613506482944059,1.392060433568844e-06
63,1.6971127571103584e-05,2.0672456573007362e-10,7.841639295128003e-07,8.221756953876561e-07,1.129648408004163e-06,8.04625729713398e-05,0.00010964972626145166,3.6707139588524075e-07,1.7801980743194627e-07,0.00030332110390819623,2.327948087674851e-10,3.830386440978605e-07,4.81375904131643e-05,2.1542112889684517e-06,1.5662764502486242e-09,2.5286300165246837e-05,0.002193949568269507,0.0001118025319341395,1.739878451643696e-06,2.8386565564689813e-05,0.0001386750369922138,1.3519733395976247e-08,0.037352467036327414,0.9595817797331531,1.5373733181432041e-06
64,1.5202542704782682e-05,1.762046361950297e-10,8.226774396521254e-07,7.385680584335606e-07,1.0866897760124909e-06,7.60857397483136e-05,0.00010417487612392812,3.231783239056455e-07,1.5796538765754752e-07,0.0002898232396660093,2.128292288704299e-10,3.7715254938818106e-07,4.695918802357368e-05,2.0858012775020914e-06,1.4170654640460857e-09,2.456282731751399e-05,0.0021374497869345818,0.00010215507730583914,1.5579595389276814e-06,2.8888145881575203e-05,0.00015127932757670343,1.1747133359352959e-08,0.03829039666505208,0.9587244583191883,1.4007188927146005e-06
65,2.0445073392211462e-05,1.4406032435504073e-10,7.559749975765214e-07,7.160905557847613e-07,9.338332999793095e-07,6.346107858758095e-05,0.0001095344905802921,4.01730730241686e-07,1.6243082180490128e-07,0.0003390877578010447,2.077622213846492e-10,3.198211161455045e-07,5.640357236528326e-05,1.8595568470137556e-06,1.1896419775372868e-09,2.598559122609033e-05,0.0019643027894586432,8.878833528799156e-05,1.8171255589195003e-06,2.3479645624640084e-05,9.181926506913603e-05,1.0813265805055962e-08,0.026666876190496222,0.9705417310566731,1.1062347802976938e-06
66,1.2764977928762085e-05,5.898750519814921e-11,9.189382552031811e-07,4.4712894560454456e-07,1.051013288972582e-06,5.146314079720867e-05,8.968416016121372e-05,2.3970175381832193e-07,9.006788248958011e-08,0.00030816652576111706,1.1257352271851478e-10,2.2779150802244129e-07,7.599598943050456e-05,1.225821175686972e-06,4.748636616538181e-10,2.368256919739381e-05,0.0018101397453124898,6.112016318852615e-05,1.3714147014859976e-06,3.288374927103436e-05,9.107412388682594e-05,4.911748827994072e-09,0.020713067487015208,0.976723811048283,5.688840818970077e-07
67,2.4095981793263068e-05,1.1738826579169448e-10,6.410251671295157e-07,6.196549168431578e-07,9.19462875459608e-07,5.7192781977740655e-05,0.00010263432974865287,4.5290741906294413e-07,1.7280462621933766e-07,0.00037295442880438257,1.6496286305549604e-10,2.5171549484003793e-07,6.370942495227715e-05,1.5637949343714854e-06,9.767276429654127e-10,2.5713311347486844e-05,0.001628156816829635,7.779680848138607e-05,2.07259504580747e-06,1.8684803554696015e-05,6.203704774739617e-05,8.695513133224218e-09,0.01974091375120429,0.9778185784533548,8.281451321826709e-07
68,3.272864865675153e-05,1.5898536330146854e-10,7.257086819502937e-07,9.522224193770168e-07,1.2888983529838237e-06,5.017763045513284e-05,0.00011419720085711984,3.6196275586444237e-07,1.8529850219947024e-07,0.00037300862607580326,2.9891344632920945e-10,2.6170662152127064e-07,6.0170824327030506e-05,2.851804118139347e-06,1.2125158968209799e-09,2.4645919973167584e-05,0.002318593124216693,0.00010918440914042887,2.1155510874025798e-06,2.7024055011963383e-05,7.753203408760079e-05,9.867204981027115e-09,0.03277495088388881,0.9640275391437385,1.492809412042369e-06
69,1.6631173819593112e-05,1.8279254339567396e-10,7.841267968253043e-07,8.201150430149732e-07,1.1104114687455653e-06,7.757374106951528e-05,0.00010971242589255761,3.6124002524236636e-07,1.6939012751688292e-07,0.0003110914210466719,2.369160765548191e-10,3.7843936250437123e-07,4.988361602505606e-05,2.1562948303781364e-06,1.4975746930790057e-09,2.5216377425924722e-05,0.0021966068567996736,0.00011328057989838685,1.62128999236105e-06,3.084720957236249e-05,0.000139133919401787,1.2305393588051368e-08,0.03839355074611134,0.958527590834135,1.4655684785630245e-06
70,2.061984177536005e-05,2.553389137093519e-10,1.1769788862907879e-06,1.6384957609623441e-06,1.5065396906613789e-06,0.00011646042917826856,0.00014079450180636357,5.435124528125761e-07,2.3812794483410996e-07,0.0004249164481360668,3.6159602421738493e-10,4.924744908002725e-07,6.72358878557245e-05,2.2980799714859165e-06,1.862974112082338e-09,4.0393428253354326e-05,0.0023891096084426864,0.00013833553713832642,1.990238436002462e-06,4.736024640804513e-05,0.00017910918735041618,1.7258660767534157e-08,0.042726098443730896,0.9536980691031968,1.5931505241167412e-06
