,0,1,2,3,4,5,6,7,8,9,10,11,12,13,14,15,16,17,18,19,20,21,22,23,24
0,2.162668896255673e-05,1.722208216681936e-10,8.885984947864527e-07,1.2140702582030785e-06,1.2045316506689927e-06,8.060444546816903e-05,0.00011130097829517292,5.19543427326413e-07,2.070032812365304e-07,0.00044005210288148054,3.0716764269764786e-10,3.5343175418337476e-07,7.07859884250224e-05,1.984833215149802e-06,1.5079924274251943e-09,3.092360319951493e-05,0.002356412686992441,0.00013078140270784757,1.8115508733669962e-06,4.3779783089348075e-05,0.00012839278450647482,1.1807157135413016e-08,0.03950351150311471,0.9570723417378373,1.2889370270607005e-06
1,1.861414238812685e-05,1.8029091431778638e-10,8.803344630740482e-07,8.177993070286057e-07,1.2128391932151813e-06,7.883972373793412e-05,0.0001081377452151354,3.811765965424289e-07,1.9333434244618292e-07,0.0003518281995660827,2.257270646025447e-10,3.379327323392637e-07,5.379969903707915e-05,1.93094653543021e-06,1.3779830517589077e-09,2.6970835800460865e-05,0.0021108705653727433,9.91255794759252e-05,1.8927009677004614e-06,2.9399969961981252e-05,0.00012628878836729523,1.175036560934563e-08,0.034814163759459955,0.962172955961927,1.3444311860252992e-06
2,1.805489677290854e-05,2.0871031310998172e-10,8.875010409092942e-07,8.384099246618603e-07,1.2854654359853664e-06,7.827469164728417e-05,0.00010540599379903353,4.30294210917315e-07,2.0630581700384303e-07,0.00035358838196913314,2.833476951603861e-10,3.978869718631948e-07,5.53518338989595e-05,2.3243692195861184e-06,1.851603348606177e-09,2.4730301806825417e-05,0.0022334403827932114,0.00011969731287482261,1.7557698963650755e-06,3.668522697754231e-05,0.00014770652212790322,1.2306997755463443e-08,0.04225506629199065,0.9545622072122477,1.6502979176056822e-06
3,1.650650508535675e-05,1.7561631991573879e-10,7.67335533939354e-07,7.822301067591277e-07,1.0710497450933328e-06,7.491265262782135e-05,0.00010874117479454258,3.4962019479899765e-07,1.6199532347132015e-07,0.0003009553089738107,2.1953735238686544e-10,3.679793081895402e-07,4.8898539390184744e-05,2.0910757480404084e-06,1.4019820244062698e-09,2.4838655539658924e-05,0.0021294977890305004,0.0001063078369952455,1.6073976695271713e-06,2.8645646785535802e-05,0.000132114623687909,1.2008675519820893e-08,0.03600248216127706,0.9610174847203466,1.4018960245072224e-06
4,1.6839551066494648e-05,1.680380610608035e-10,7.742707159714536e-07,7.663592813883852e-07,1.075315570589314e-06,7.183587779650673e-05,0.00010826740573293118,3.532042779938968e-07,1.553227475998356e-07,0.00029818676207006247,2.198145315322444e-10,3.6641622975730744e-07,5.1731831516507494e-05,2.1272411378414546e-06,1.3589191216384212e-09,2.5066241323312977e-05,0.002139586180030708,0.00010724849924937876,1.6265588432409441e-06,2.9265042106135634e-05,0.00012834072696484396,1.156642727989557e-08,0.03445478745001469,0.9625602444889761,1.341941148639069e-06
5,3.511420805990331e-06,1.996478633884456e-11,7.785071232380497e-07,5.652370648312932e-09,2.1867814079074835e-07,7.047168560409913e-06,2.307233356626945e-05,4.174715885901868e-08,5.1160345027288666e-08,0.0001571155715318873,7.1396858320429965e-12,6.894011098333506e-08,8.736320437417764e-06,2.7068634982460943e-07,1.8741014558967648e-10,9.659968604192392e-07,0.0005228217622968576,6.843624980427424e-07,4.4603782675020934e-07,1.4459064217354742e-06,2.4755592520179615e-05,9.722833453610312e-10,0.008482430980211977,0.9907647322298352,7.977582295071492e-07
6,1.650650508535675e-05,1.7561631991573879e-10,7.67335533939354e-07,7.822301067591277e-07,1.0710497450933328e-06,7.491265262782135e-05,0.00010874117479454258,3.4962019479899765e-07,1.6199532347132015e-07,0.0003009553089738107,2.1953735238686544e-10,3.679793081895402e-07,4.8898539390184744e-05,2.0910757480404084e-06,1.4019820244062698e-09,2.4838655539658924e-05,0.0021294977890305004,0.0001063078369952455,1.6073976695271713e-06,2.8645646785535802e-05,0.000132114623687909,1.2008675519820893e-08,0.03600248216127706,0.9610174847203466,1.4018960245072224e-06
7,2.1425537017112506e-05,1.5022006827982643e-10,9.59693036197519e-07,7.983547410488203e-07,1.051194013972383e-06,5.785959323427768e-05,0.00010726230148674368,4.276164625078762e-07,1.4643818571569304e-07,0.00037723049726914794,2.400133550923929e-10,3.269184890551763e-07,6.656638442962626e-05,1.926578983121481e-06,1.211070313749923e-09,2.443740519582561e-05,0.002141295895813138,8.363876935382127e-05,1.8190938441296824e-06,3.0799912873367516e-05,0.00010078856162307729,1.0764695788555135e-08,0.026240303571286233,0.9707397442097774,1.179106884785613e-06
8,2.5011088965722886e-05,7.825614342947203e-10,6.041868584107261e-07,3.212741294732954e-06,3.4506688236468684e-06,0.00047559993494290684,0.0001942534569027704,1.0211009996680788e-06,6.287835490383708e-07,0.0003907389151396352,8.913093216368802e-10,9.72836700804668e-07,0.00010622853486340336,4.193541784808637e-06,5.5176744580118255e-09,9.424191155585029e-05,0.004347627628451269,0.0014152078874670668,5.5135896492267025e-06,9.730075552903718e-05,0.0002693642865192311,4.800920590044495e-08,0.08008308315848085,0.9124790897120039,2.6000787669875643e-06
9,1.6444461671526004e-05,3.595871280383128e-10,7.568440846140342e-07,1.5249906966632847e-06,2.364051937786077e-06,0.000282250770389049,0.00017543863606880238,6.273465048045105e-07,2.447053901311617e-07,0.00026308819723126124,3.8014082139840955e-10,8.58740867112838e-07,0.00011963304043084983,2.888279984438505e-06,2.145559839786588e-09,8.388556622641518e-05,0.0035286490653285573,0.0005823286499627666,4.131980208813451e-06,6.560638503402098e-05,0.0002100036388187326,2.94792320951848e-08,0.03550383482900716,0.9591541548546707,1.2526009660363114e-06
10,1.650650508535675e-05,1.7561631991573879e-10,7.67335533939354e-07,7.822301067591277e-07,1.0710497450933328e-06,7.491265262782135e-05,0.00010874117479454258,3.4962019479899765e-07,1.6199532347132015e-07,0.0003009553089738107,2.1953735238686544e-10,3.679793081895402e-07,4.8898539390184744e-05,2.0910757480404084e-06,1.4019820244062698e-09,2.4838655539658924e-05,0.0021294977890305004,0.0001063078369952455,1.6073976695271713e-06,2.8645646785535802e-05,0.000132114623687909,1.2008675519820893e-08,0.03600248216127706,0.9610174847203466,1.4018960245072224e-06
11,1.6583592798172722e-05,1.6266997022615086e-10,7.504322482787889e-07,7.461005094728999e-07,1.0357443962328873e-06,7.130259704092308e-05,0.00010790501526132674,3.574985057402254e-07,1.547658867147835e-07,0.00030151841164722886,2.1273019026596953e-10,3.5914391161740493e-07,5.154343129536574e-05,2.037284104934236e-06,1.3310669737424935e-09,2.4775416395206634e-05,0.0021136243091358846,0.0001047695803086006,1.6093888792623672e-06,2.8553915033744782e-05,0.0001230820266810012,1.144401083886321e-08,0.03347898450587048,0.9635689904880295,1.3032015823083582e-06
12,2.2071266454188228e-05,2.293779845936724e-10,1.0609256653019146e-06,9.650781960941835e-07,8.301345836947549e-07,7.651821629194565e-05,0.00010560710227829959,6.47738699160707e-07,1.9286536930489972e-07,0.0004082362785119752,2.625566699699077e-10,3.9084027886433923e-07,6.204649307727317e-05,1.5705875933793389e-06,1.8127512943829423e-09,2.9961029045342147e-05,0.0021470853011570875,8.70474082874784e-05,2.2494616400676872e-06,2.5405810171318208e-05,0.000120677922065999,1.6988956055101657e-08,0.02633238151700907,0.9705738355246619,1.1992053201278087e-06
13,2.5259815245134445e-05,1.5283922876008828e-10,1.0435600629893017e-06,9.74733823288764e-07,1.1396215658559427e-06,4.623663849276133e-05,0.00012317292674978534,4.533304160701398e-07,1.4661119803875707e-07,0.0003230778492036339,4.915819841551561e-10,5.33398601605882e-07,6.905155593027154e-05,4.489962252330056e-06,2.1875866047064853e-09,2.8076291078288422e-05,0.0022847253840433406,0.00014041060013662577,1.3401638933219497e-06,4.804499910203785e-05,0.000156739255109978,9.606610383026994e-09,0.04697815672049802,0.9497653014980361,1.6126459423447882e-06
14,1.8689438884646975e-05,2.548229561106954e-10,1.0057575947549053e-06,1.109237695464543e-06,1.6201818730355484e-06,0.00010558907596766657,0.00011402880501128106,4.430477467093808e-07,2.061927181117564e-07,0.0003566350011841326,3.3259981831641003e-10,4.4857803807496823e-07,6.808256228626843e-05,2.4565306919133677e-06,1.8940551905261715e-09,3.4982308316127476e-05,0.002579632598324304,0.00017514106108776475,2.36704697833118e-06,4.419553259486782e-05,0.00017565339925416378,1.571742162253297e-08,0.04149208983309965,0.9548241162009321,1.489410820847098e-06
15,1.650650508535675e-05,1.7561631991573879e-10,7.67335533939354e-07,7.822301067591277e-07,1.0710497450933328e-06,7.491265262782135e-05,0.00010874117479454258,3.4962019479899765e-07,1.6199532347132015e-07,0.0003009553089738107,2.1953735238686544e-10,3.679793081895402e-07,4.8898539390184744e-05,2.0910757480404084e-06,1.4019820244062698e-09,2.4838655539658924e-05,0.0021294977890305004,0.0001063078369952455,1.6073976695271713e-06,2.8645646785535802e-05,0.000132114623687909,1.2008675519820893e-08,0.03600248216127706,0.9610174847203466,1.4018960245072224e-06
16,1.6988906461448736e-05,1.6076965579543197e-10,7.84821598045491e-07,8.83807971992337e-07,1.1079200577383089e-06,7.440498163704568e-05,0.00011855264923669953,3.6518646103499085e-07,1.4136885140091765e-07,0.00028467910939723734,2.785404914872738e-10,4.524109636503764e-07,5.7060925234365935e-05,2.739758942685652e-06,1.5724553097166747e-09,3.042802069419735e-05,0.0022540652675850444,0.00014863904593395466,1.569773527009168e-06,3.609864043128849e-05,0.00015266534667372552,1.1900317441203498e-08,0.038565187544924114,0.9582518774028344,1.2931985002558753e-06
17,1.7000095422826097e-05,1.679374184425829e-10,7.42403989507833e-07,8.014200315475395e-07,1.0416853030381875e-06,6.858109796651947e-05,0.00011438233943582885,3.392640958172171e-07,1.5010301662797107e-07,0.00028147640048587104,2.244855590915809e-10,3.7863834046205136e-07,4.896875517446702e-05,2.294947071965783e-06,1.3442047816144355e-09,2.442288370983828e-05,0.0021452114333905922,0.00010497406322236274,1.4732295791567316e-06,2.8999119074107756e-05,0.0001271086549905467,1.1663916521828541e-08,0.03566005919839049,0.9613701394366,1.4414301640772435e-06
18,1.550340322122997e-05,1.723885373427555e-10,6.01527444799184e-07,6.54434151451554e-07,1.012578440460776e-06,6.557601557997225e-05,0.00010540959678381637,3.0190020319359273e-07,1.5370193808831612e-07,0.00027428565079207543,2.1000671819814898e-10,3.512470512337785e-07,4.265616333184944e-05,2.293415682095416e-06,1.370801892954505e-09,1.919639134786579e-05,0.0023150531204146744,0.00010708084508868225,1.4578612204719238e-06,2.705042983605555e-05,0.0001124029257144545,1.176944837410196e-08,0.03776812529222163,0.9591390862176402,1.7337592503882606e-06
19,1.4699083329822043e-05,1.467968549601338e-10,7.871295750687105e-07,7.004440267267842e-07,9.663251032763516e-07,7.484667819969316e-05,0.00011266101101422351,3.396943397016874e-07,1.4945820395957267e-07,0.00032419523989149815,1.7553472386168842e-10,3.495163261139102e-07,4.8788996924250245e-05,1.6450580666327754e-06,1.1095869255712883e-09,2.3667116762534028e-05,0.0019400638685912062,7.765459325848314e-05,1.4766760609009097e-06,2.5699968387299287e-05,0.00011356812528003662,1.1463646661770855e-08,0.02880264176965732,0.9684338624016197,1.22394981625516e-06
20,1.3808263327355357e-05,6.58188230672602e-11,6.14893969524229e-07,4.261880195100969e-07,1.0711382009423456e-06,4.861670772481654e-05,9.505737885886136e-05,1.6558194526631724e-07,1.0716420008832884e-07,0.0002662966811091957,1.1527302912652404e-10,2.2368291864971588e-07,4.5143758183859185e-05,1.7280433447226787e-06,5.269324700338499e-10,1.7069111407959913e-05,0.0017521971356757886,6.255770161227898e-05,1.112877218463179e-06,2.4462540845586355e-05,8.068296766980894e-05,4.854476617984891e-09,0.030557413715792927,0.967030213900119,1.025005354389823e-06
21,2.3406681603516388e-05,2.1210579224526808e-10,9.223553266633224e-07,1.2183235583323202e-06,1.3526558302125278e-06,8.000911507461586e-05,0.000130430109624162,4.2894454959162336e-07,1.915651488174735e-07,0.00034253722434792204,3.9385844604275114e-10,5.030435935655462e-07,5.9476344052272286e-05,3.4165723098401396e-06,1.994169284677881e-09,3.304667196175108e-05,0.0024198604400801176,0.00015746012314705546,1.78943984545719e-06,4.074966034810478e-05,0.00016208684003568685,1.4077660339929432e-08,0.04562280602893329,0.9509165599102427,1.731272592622275e-06
22,1.8239773919553415e-05,1.7568144220259445e-10,8.760493303373459e-07,9.896245083694465e-07,1.1192677837694004e-06,7.286365122602967e-05,0.00011468706578100016,3.520161440780881e-07,1.5429798568982559e-07,0.0003356587647495379,2.9681369874234387e-10,3.9564211227536374e-07,5.461464288774563e-05,2.4565365360675383e-06,1.4940050267646099e-09,2.8027778642608355e-05,0.0024464080715043816,0.00012627029577079647,1.6065745787412774e-06,3.6145944818117556e-05,0.00014839848927764463,1.2738609245893853e-08,0.04058385253665534,0.956025417977262,1.4502934165072859e-06
23,1.650650508535675e-05,1.7561631991573879e-10,7.67335533939354e-07,7.822301067591277e-07,1.0710497450933328e-06,7.491265262782135e-05,0.00010874117479454258,3.4962019479899765e-07,1.6199532347132015e-07,0.0003009553089738107,2.1953735238686544e-10,3.679793081895402e-07,4.8898539390184744e-05,2.0910757480404084e-06,1.4019820244062698e-09,2.4838655539658924e-05,0.0021294977890305004,0.0001063078369952455,1.6073976695271713e-06,2.8645646785535802e-05,0.000132114623687909,1.2008675519820893e-08,0.03600248216127706,0.9610174847203466,1.4018960245072224e-06
24,1.281868107251064e-05,1.4576888872926306e-10,6.96509899563744e-07,4.7518835088942224e-07,8.065910703553705e-07,6.346566036303321e-05,9.101038818746774e-05,3.074784474381655e-07,1.513903262272039e-07,0.00027534102748428527,1.575717406940574e-10,3.130987477067979e-07,3.858175744700278e-05,1.6099691681456194e-06,1.335366792078871e-09,1.8371288207244736e-05,0.0018408523978444837,7.550529436274267e-05,1.3719077765364024e-06,2.092832049165453e-05,0.000123720221032968,9.877797051385787e-09,0.034524873159749864,0.9629075118139723,1.2763394932225543e-06
25,1.2774319721954722e-05,2.1552531661716404e-10,7.064431968909511e-07,6.214537831092515e-07,1.1026565137916306e-06,0.00010027282547507228,9.230364868000458e-05,2.795944746469982e-07,1.9292023687475058e-07,0.0002838839678396955,1.4642846841287384e-10,3.1384263608307513e-07,3.5360541664956514e-05,1.4854061466236929e-06,1.3218048858845467e-09,2.1784650138999108e-05,0.0020026334101964625,8.980540880328666e-05,1.8599438013152876e-06,2.0198580389895156e-05,0.00014505104124484038,1.3671932263340043e-08,0.037244719777229415,0.959943152320253,1.4818918824811716e-06
26,5.192821944785224e-05,7.945617186342079e-10,5.934298552915517e-06,1.51961223818345e-05,2.1472485840937793e-06,0.00014325677530068146,0.0003134047963309859,3.4317682575045596e-06,1.3419142854807503e-07,0.0006620575934583548,4.363736078915888e-09,8.976328363857945e-06,0.0003226113383989631,2.034972209665389e-05,1.084075097854597e-08,0.00021448513361294232,0.0029595266984201595,0.0004544595671856907,2.542558728682748e-06,0.0002579853650102417,0.0005145419760162205,8.760905081483258e-08,0.028897779073308916,0.9651469992820982,2.1483349169039322e-06
27,1.8040109996036957e-05,2.3410499422107624e-10,7.430885863044518e-07,9.000013778936365e-07,1.1440899960070618e-06,8.779236834908552e-05,0.00011556199561109559,4.254702388436406e-07,2.0404816751230734e-07,0.0003263765453223961,2.499439938916528e-10,3.9823593108510845e-07,4.8678686545646977e-05,2.1367961443649505e-06,1.7400457170920562e-09,2.574618159547239e-05,0.0022342498163033142,0.00011825378600870048,1.8511596663775012e-06,2.861373625590439e-05,0.00012918009412466274,1.5308430998468603e-08,0.037074401748602444,0.959783592707938,1.6918007132112888e-06
28,1.650650508535675e-05,1.7561631991573879e-10,7.67335533939354e-07,7.822301067591277e-07,1.0710497450933328e-06,7.491265262782135e-05,0.00010874117479454258,3.4962019479899765e-07,1.6199532347132015e-07,0.0003009553089738107,2.1953735238686544e-10,3.679793081895402e-07,4.8898539390184744e-05,2.0910757480404084e-06,1.4019820244062698e-09,2.4838655539658924e-05,0.0021294977890305004,0.0001063078369952455,1.6073976695271713e-06,2.8645646785535802e-05,0.000132114623687909,1.2008675519820893e-08,0.03600248216127706,0.9610174847203466,1.4018960245072224e-06
29,1.650650508535675e-05,1.7561631991573879e-10,7.67335533939354e-07,7.822301067591277e-07,1.0710497450933328e-06,7.491265262782135e-05,0.00010874117479454258,3.4962019479899765e-07,1.6199532347132015e-07,0.0003009553089738107,2.1953735238686544e-10,3.679793081895402e-07,4.8898539390184744e-05,2.0910757480404084e-06,1.4019820244062698e-09,2.4838655539658924e-05,0.0021294977890305004,0.0001063078369952455,1.6073976695271713e-06,2.8645646785535802e-05,0.000132114623687909,1.2008675519820893e-08,0.03600248216127706,0.9610174847203466,1.4018960245072224e-06
30,1.650650508535675e-05,1.7561631991573879e-10,7.67335533939354e-07,7.822301067591277e-07,1.0710497450933328e-06,7.491265262782135e-05,0.00010874117479454258,3.4962019479899765e-07,1.6199532347132015e-07,0.0003009553089738107,2.1953735238686544e-10,3.679793081895402e-07,4.8898539390184744e-05,2.0910757480404084e-06,1.4019820244062698e-09,2.4838655539658924e-05,0.0021294977890305004,0.0001063078369952455,1.6073976695271713e-06,2.8645646785535802e-05,0.000132114623687909,1.2008675519820893e-08,0.03600248216127706,0.9610174847203466,1.4018960245072224e-06
31,1.498613901057883e-05,1.7687060410234733e-10,6.769859822993794e-07,8.180959209948564e-07,1.129225619676035e-06,8.58706937781411e-05,0.00011787339995368508,3.029668621112668e-07,1.7000530436873765e-07,0.0003065765358584245,2.1242643629499537e-10,3.772467526852581e-07,4.2639470297921046e-05,2.1358024174496103e-06,1.3542933654024762e-09,2.4357499472195537e-05,0.0021573660383612087,0.00010982599674496892,1.5089311981331931e-06,2.8139535261908313e-05,0.0001327858665697333,1.2933470467080712e-08,0.03924841877182285,0.9577224546462685,1.5714694811551003e-06
32,1.6779937977814665e-05,1.8273782102802005e-10,7.767789616238672e-07,7.662540449036229e-07,1.0990142141646226e-06,7.571768658163668e-05,0.0001063217398418958,3.522384064011032e-07,1.6460398744467487e-07,0.0003001499321955457,2.1829995650740338e-10,3.6467845331893184e-07,4.966014850815391e-05,2.084725940772084e-06,1.416487797403008e-09,2.4944865649671672e-05,0.002145538806596881,0.0001078571293655058,1.7138992593630898e-06,2.803941263013332e-05,0.00013103684362450468,1.2238440993764036e-08,0.03516673585244287,0.9618384839688667,1.397426484233852e-06
33,1.5656152020705964e-05,1.5434052958248962e-10,6.906431008400521e-07,7.251803166195974e-07,9.85167484169714e-07,7.014926381448513e-05,0.00010626151963986093,3.2609087381275333e-07,1.3795556097452328e-07,0.0002780126697626105,1.8997626024730238e-10,3.437872713180148e-07,4.9785107656753594e-05,1.9480484165202367e-06,1.1762423024516922e-09,2.450216498364207e-05,0.0021167650302715145,0.00010521754478276636,1.5758019526452137e-06,2.6861747076387938e-05,0.00011685053167290607,1.137765656044147e-08,0.03131223639221211,0.9657697348598621,1.221443051775615e-06
34,1.2635515949359995e-05,1.790995327791235e-10,6.823213520160422e-07,7.882958317355798e-07,9.843530450091432e-07,8.835498228709379e-05,0.0001145618166880233,3.3456075606391747e-07,1.5415304038201859e-07,0.0002911465345845658,1.916024917900909e-10,3.8339664263955387e-07,4.301337956047921e-05,1.8200880546824945e-06,1.3648080527068139e-09,2.4765993475630237e-05,0.002118902551434921,0.0001072874595267102,1.4317987740047978e-06,2.807775734925291e-05,0.00013940461192174674,1.362259618752694e-08,0.03561055329606603,0.9614133102214949,1.3915540584541625e-06
35,2.192928966364257e-05,2.431725686906018e-10,7.701280921267375e-07,9.268794655307506e-07,1.1706473523850367e-06,8.688740578500416e-05,0.00011243491199329185,4.908522291421081e-07,2.3631423021610947e-07,0.00034245604456401127,2.529447835606277e-10,3.6467472335317206e-07,5.4885482482812655e-05,1.993293421430998e-06,1.7204980538904364e-09,2.753595013379089e-05,0.002240641986939427,0.00011746694068880141,2.161756062827354e-06,2.7442543683760805e-05,0.00011731415618642623,1.496050727170464e-08,0.03522690860537326,0.9616143683915847,1.596568221422586e-06
36,1.6012435761698452e-05,1.4165103452821633e-10,5.457508455785256e-07,7.401786253000266e-07,8.238511456474865e-07,6.413271023772446e-05,0.00012779759464413823,3.8577656038002273e-07,1.2713033052334956e-07,0.00026570416197281896,2.418321755289301e-10,4.574765189882081e-07,5.2891527588554264e-05,2.5858123679425507e-06,1.4339710611511272e-09,2.466275837350548e-05,0.0022858478361438613,0.00013384204738677474,1.3427811585180487e-06,3.0155170168975087e-05,0.00010343285923836838,1.2545842701150085e-08,0.031447745674544024,0.9654393657244158,1.3863786739378321e-06
37,1.6948186388081125e-05,1.2693549840838047e-10,7.246418487890836e-07,7.239417213591255e-07,9.741018742724263e-07,5.349849680922779e-05,0.00011035967061824581,2.5895823651903023e-07,1.068723213007058e-07,0.00023925728466208507,2.1046258800824062e-10,3.6441594355443937e-07,4.726849632204305e-05,2.684345146237189e-06,1.1102653815940195e-09,2.3396583031669077e-05,0.0020494595258551246,0.00010287108338256113,1.2785578218195634e-06,2.7760086034513906e-05,0.00012715980477494385,9.323172084814407e-09,0.03460422496791596,0.962589413768247,1.2554402090179947e-06
38,1.4824257449083406e-05,1.7250337146310765e-10,7.295841307753377e-07,7.221932472449413e-07,1.0408609037397855e-06,8.618385618363771e-05,0.00011142967941149308,3.4849825158621884e-07,1.6173467726781557e-07,0.0002816282563326134,2.2075931048415514e-10,4.090699065005156e-07,4.936087031222395e-05,2.1141544899337805e-06,1.5826506181546734e-09,2.8607105913491948e-05,0.002084204958005898,0.00013255348422219128,1.7216802943281669e-06,2.7837313525492014e-05,0.00015216088831847827,1.2681424176829183e-08,0.037781112352003036,0.9592416004927264,1.23405235701822e-06
39,1.3258194190042138e-05,2.1192307870359007e-10,8.847180966337544e-07,7.805478350360231e-07,1.0553298695932124e-06,9.837755334177299e-05,9.978632858520178e-05,3.8644811092079797e-07,1.662305787342526e-07,0.0002670942093621098,1.8744574335278813e-10,3.902512743435241e-07,4.816545704715849e-05,1.6612473349328065e-06,1.526209987511216e-09,2.9901873689724352e-05,0.002122706853073029,0.00011425545004081643,1.8085543438061535e-06,2.8806953039110793e-05,0.0001796969714095711,1.3731748297643613e-08,0.035849784254330615,0.9611398202123468,1.1967047728450175e-06
40,1.650866488334015e-05,1.743796535619234e-10,9.008487228634268e-07,6.071724972975266e-07,1.2271430822593876e-06,5.971411421865645e-05,0.0001057494755253798,2.7501832780068887e-07,1.342869578577763e-07,0.00023723124594472047,2.150000591717464e-10,4.1448886256964623e-07,4.70844189783678e-05,2.8471334056624172e-06,1.3620896441589684e-09,2.1878089584046886e-05,0.0020198195787599796,9.073521458406878e-05,1.5313129208143812e-06,2.7107102629088092e-05,0.00014006243205391588,1.0306859391225426e-08,0.0348814532642416,0.9623431363954441,1.5705400466787572e-06
41,1.560237638120158e-05,1.657129883541741e-10,7.450360430508418e-07,7.263162591219516e-07,1.014439745082208e-06,7.178602993374256e-05,0.00010668042880111234,3.303778317707743e-07,1.519078905872162e-07,0.0002920903095728748,2.074072292011491e-10,3.6417306365763617e-07,4.680558924657131e-05,2.0501773976603858e-06,1.348187428970137e-09,2.348598907195341e-05,0.0020990571382354197,0.00010081893612752425,1.520473760999919e-06,2.7564074149665377e-05,0.0001299877913651368,1.1613652824967352e-08,0.03539873957086384,0.9616790816792109,1.3838500875365692e-06
42,1.7872499392637355e-05,2.7660415859858924e-10,9.702184567012885e-07,1.127468105246816e-06,1.1058576816110028e-06,0.00011105206579067398,0.00010946164773958335,5.401304688311502e-07,2.082257598972535e-07,0.0003305739500092869,2.360485619296856e-10,3.928346670817719e-07,5.6902103066977965e-05,1.6008180621554505e-06,1.6997945632012442e-09,3.667129333257095e-05,0.002372247986324554,0.00012479340089830115,2.402878808472847e-06,3.0268855057324663e-05,0.00015752317994951982,1.8574772410043894e-08,0.031845838572378285,0.9647971829099777,1.2423168529153753e-06
43,1.2244260819243322e-05,1.522176445976721e-10,7.366856514298579e-07,6.43865133093063e-07,9.377345793861024e-07,8.494508393547894e-05,9.241679537049344e-05,3.4858358962240596e-07,1.5847285526889545e-07,0.0003273936372645479,1.5243054194438893e-10,2.945764994806841e-07,4.760819257947911e-05,1.2840255431720857e-06,1.179207785490291e-09,2.409441261629975e-05,0.0019983714267381813,9.096575073903307e-05,1.6305433716532163e-06,2.606898893766771e-05,0.00013419813608604595,1.1209028949531827e-08,0.03162306209290075,0.9655315666534442,1.0173884606329683e-06
44,1.650650508535675e-05,1.7561631991573879e-10,7.67335533939354e-07,7.822301067591277e-07,1.0710497450933328e-06,7.491265262782135e-05,0.00010874117479454258,3.4962019479899765e-07,1.6199532347132015e-07,0.0003009553089738107,2.1953735238686544e-10,3.679793081895402e-07,4.8898539390184744e-05,2.0910757480404084e-06,1.4019820244062698e-09,2.4838655539658924e-05,0.0021294977890305004,0.0001063078369952455,1.6073976695271713e-06,2.8645646785535802e-05,0.000132114623687909,1.2008675519820893e-08,0.03600248216127706,0.9610174847203466,1.4018960245072224e-06
45,1.6475183404043384e-05,1.6782199941542287e-10,7.379235599880147e-07,7.732867704318524e-07,9.471058205446656e-07,7.606081659680579e-05,0.00011175836506794791,4.313266214041948e-07,1.5979852152877662e-07,0.0003139571879305269,2.0921237258555288e-10,3.6753213178459874e-07,5.4760852564199324e-05,1.824209982323136e-06,1.426853180323723e-09,2.7437339913166328e-05,0.0020483427757897344,0.00010812738891692208,1.72194035164849e-06,2.754752975730212e-05,0.00011949424707161129,1.2683108988498112e-08,0.02973820113010877,0.9673497146173082,1.1449548146493327e-06
46,1.7415203392847227e-05,2.0971492867004886e-10,8.334388517458746e-07,7.99075526901573e-07,1.2261605375459865e-06,7.921648164254558e-05,0.00010861779617818883,3.8281625867117193e-07,1.9473899234621072e-07,0.0003145791720251442,2.536911237241812e-10,3.899063177157537e-07,4.86660640952212e-05,2.3338352500600065e-06,1.7771339444935406e-09,2.523294318247102e-05,0.002061877119768258,0.00011617087846724839,1.7460849998736383e-06,2.995014701688048e-05,0.00014666989728812985,1.2535499366121501e-08,0.04080651313942181,0.9562355860379907,1.5842867561670502e-06
47,1.9036762994672314e-05,1.3068267862394339e-10,7.180672431375353e-07,7.353549312457901e-07,8.99803127961209e-07,6.0463849732418306e-05,0.0001050081240706027,3.408194693978993e-07,1.219815844426144e-07,0.00028232925944858984,1.8828710214794453e-10,3.353419173264516e-07,5.687605694016649e-05,1.931787478869938e-06,1.0178551141062213e-09,2.6188099860990327e-05,0.0020903441297851683,9.609356339410755e-05,1.654546433302256e-06,2.5440328261098568e-05,0.00010128230731981609,1.0374367886174355e-08,0.02644753241237489,0.9706816176024438,1.0380899952152066e-06
48,1.3193657942831448e-05,1.300960282297734e-10,5.34110129731524e-07,5.035262855884222e-07,7.405603811875652e-07,6.376381617267527e-05,8.921800326592468e-05,2.970685825472926e-07,1.21579148944539e-07,0.0002689996965871089,1.1919444070248216e-10,2.549120092586286e-07,4.282810606691626e-05,1.269203956915049e-06,8.821070347874027e-10,1.8972117871946525e-05,0.0019700250639880673,7.801556712415726e-05,1.590443768924248e-06,1.8410250590394987e-05,8.316164399165179e-05,1.0613775527650545e-08,0.023193682049208665,0.9741534010182218,1.0058595316160416e-06
49,1.4243149676483714e-05,1.8738958207563565e-10,8.241947727292923e-07,7.825416734882791e-07,1.066871587320188e-06,8.66743579304874e-05,0.00010957728873294035,3.644029305737282e-07,1.62039782366006e-07,0.0003017818710815232,1.9966483022502693e-10,3.8962504132618364e-07,4.950106678461258e-05,1.7937609929748382e-06,1.369421756363722e-09,2.6180845788004798e-05,0.0021261165558495053,0.00010099849775716822,1.6424098837034836e-06,2.9404559580853234e-05,0.00014206561852497728,1.3355849082039319e-08,0.03350817041229828,0.9634969154293869,1.3293876184755109e-06
50,1.713205983503326e-05,1.0754219634039481e-10,6.501648800528613e-07,6.161684997633257e-07,8.488666058143755e-07,5.1340778997247296e-05,0.00010998071562766904,3.272276977249553e-07,1.2173869864429777e-07,0.0003178688035460106,1.8810147391000349e-10,3.0992695645191526e-07,5.142875574341651e-05,1.9719576224219865e-06,1.0315266549172606e-09,2.0427907331978664e-05,0.0019031794085799356,8.07187428491433e-05,1.3120052586953888e-06,2.5429007424113855e-05,8.66756332553021e-05,8.801970871816301e-09,0.02699121571554018,0.9703373001632919,1.1341226173688986e-06
51,1.5649135759185447e-05,1.5316232927634774e-10,7.361707266777747e-07,6.879645838600414e-07,1.0239377599532421e-06,6.936701637507572e-05,0.00010441581896584029,3.1749660150762143e-07,1.4934287921746637e-07,0.0002908029753154256,1.9645471629245698e-10,3.442625917522619e-07,4.7732549787105825e-05,1.992190333141475e-06,1.246658426041601e-09,2.3191519636702508e-05,0.002055625680894701,9.776881611138813e-05,1.518569721861084e-06,2.7168926177573137e-05,0.00012404103824251647,1.0680227403330006e-08,0.034552436999392755,0.9625837083149633,1.3089966776268878e-06
52,2.201482759701468e-05,1.7463137616898397e-10,7.83566898193757e-07,1.036669762462819e-06,1.240940128443577e-06,8.888666035718575e-05,0.00011289696396671863,5.458816276623682e-07,2.0946770821201826e-07,0.0004619841476717565,2.9549045031758283e-10,3.883730894455327e-07,6.886993088759411e-05,2.1221224098707527e-06,1.695244270511465e-09,3.0783978581143025e-05,0.002212465331258217,0.0001451765987577613,2.154343424670145e-06,3.8185489370713875e-05,0.00011588891555285782,1.319808392720055e-08,0.03262514934700776,0.9640679547810541,1.2462994382057592e-06
53,1.4224990509349962e-05,1.4079638399136103e-10,7.445682447138209e-07,7.937517588366501e-07,1.0530057449549003e-06,6.915849424348501e-05,0.00012472959646449817,2.9257655905125397e-07,1.4107615480166008e-07,0.0002792687752351379,2.5780321653282056e-10,4.2548364658470913e-07,4.626282877848966e-05,2.631452658464469e-06,1.4557757583050313e-09,2.469647962532516e-05,0.0021229944693600053,0.00011826654951768551,1.1473563877764157e-06,3.56290763607565e-05,0.00015682378242143073,1.033715251035871e-08,0.04660640229447058,0.9503928086699064,1.4925304238750588e-06
54,1.276335250492227e-05,7.79969943035369e-11,8.167828761559803e-07,5.202963803321668e-07,9.142453997772036e-07,5.349180274134692e-05,8.79437593399746e-05,2.4966968670157834e-07,1.0020423642272283e-07,0.00027506763789119683,1.5211470366139993e-10,2.6550589478840427e-07,5.878534452891614e-05,1.597457954078477e-06,7.512047792960201e-10,2.3701690970515436e-05,0.0019308486019875262,8.709807764357981e-05,1.2508317711292948e-06,3.227999505638306e-05,0.00012087478824807014,5.905447322967628e-09,0.031078778598982594,0.9662319085443889,7.359247527103895e-07
55,1.626704694615292e-05,1.4086303700671048e-10,6.396622366368423e-07,7.311570805016578e-07,1.0704035106803576e-06,7.581148030119134e-05,0.00012409974508387008,3.759308722624596e-07,1.5455675188990702e-07,0.000279686746161819,2.2874407382948206e-10,4.792118283179116e-07,5.634583853957456e-05,2.5612427288249696e-06,1.4159140074880208e-09,2.7753780465939316e-05,0.002010001249104025,0.0001318525040295848,1.4345116931333837e-06,3.279567034719187e-05,0.0001190312744153555,1.0885476786087887e-08,0.03460385267953681,0.9625136955567146,1.3470806538264109e-06
56,1.6757312217777496e-05,1.702723451957537e-10,7.716347949910827e-07,7.787349010913104e-07,1.077100059388909e-06,7.374816070302787e-05,0.00010919604823853447,3.6135957768920763e-07,1.595122627348608e-07,0.00030521894512357386,2.2100881393118327e-10,3.692909408230275e-07,5.1708481672676544e-05,2.0930600047947165e-06,1.3789265066588005e-09,2.521053522453546e-05,0.0021362706055875224,0.00010739442773795532,1.6280561521913764e-06,2.9496195752161988e-05,0.00012824728330848302,1.17849762124383e-08,0.03457949619310605,0.9624286488633487,1.3546441013926967e-06
57,1.3741430034311603e-05,1.3875375869335972e-10,8.793940643414385e-07,6.248366931873553e-07,1.1076197649370398e-06,6.922967345915012e-05,0.00010236646844613483,3.216824264428883e-07,1.3633508941539347e-07,0.00029850261787720824,1.789449234632095e-10,3.5535247577103937e-07,5.49339421106292e-05,1.8165442207244012e-06,1.0955365338900985e-09,2.4021783306501e-05,0.0020239699838999923,8.556624700233063e-05,1.5186824552839595e-06,3.147884755242865e-05,0.00012600231611279407,9.806601911477682e-09,0.02975131347795245,0.9674109576659597,1.1438792592122658e-06
58,0.00017360682531544064,3.338641948879397e-08,8.362392836805578e-06,0.0005036055447253661,1.7982022735148408e-05,0.000807759865305479,0.0002647449117259362,5.321860073032712e-06,1.390306818527026e-05,0.0018663704275028925,4.049591186383397e-07,5.968271083367236e-06,6.152271968524818e-05,5.0179402718763057e-05,3.4419675296002137e-07,0.00022626608975042465,0.0026015696412751443,0.002322702402275016,4.366841390262262e-06,0.0007915084444925284,0.001394828546785619,3.8258239008549116e-07,0.8970284092603109,0.09178136507009664,6.84912670495014e-05
59,0.00013354156204910456,5.7246043094194386e-09,1.4377460904245244e-06,2.392499603185463e-05,6.098556557464367e-06,0.0005792411325945104,0.00029862074256283396,2.113825428450945e-06,2.964802547380433e-06,0.001021566253660413,8.472561479458131e-09,2.2261547172431437e-06,6.765010757903919e-05,1.7124397768846544e-05,3.590049192242944e-08,0.00011326619161335329,0.005486586188850811,0.001343293997655977,7.740665067114557e-06,9.940675116777046e-05,0.00048064226757558754,1.8803905042834785e-07,0.2656236945170963,0.7246670910413053,2.1529965371992167e-05
60,1.650650508535675e-05,1.7561631991573879e-10,7.67335533939354e-07,7.822301067591277e-07,1.0710497450933328e-06,7.491265262782135e-05,0.00010874117479454258,3.4962019479899765e-07,1.6199532347132015e-07,0.0003009553089738107,2.1953735238686544e-10,3.679793081895402e-07,4.8898539390184744e-05,2.0910757480404084e-06,1.4019820244062698e-09,2.4838655539658924e-05,0.0021294977890305004,0.0001063078369952455,1.6073976695271713e-06,2.8645646785535802e-05,0.000132114623687909,1.2008675519820893e-08,0.03600248216127706,0.9610174847203466,1.4018960245072224e-06
61,2.5186907605771472e-05,3.1632067257364363e-10,8.913197896915545e-07,1.6991876222291446e-06,1.542236765689539e-06,0.00011529298133659303,0.00014076105809443547,5.572190870839759e-07,2.771741991669406e-07,0.0004086334353637451,4.728240253805684e-10,5.259023059550915e-07,6.115571669727673e-05,3.079038547356506e-06,2.5584524236488025e-09,3.708474611268473e-05,0.0027246094482072346,0.00019825950167108589,2.1486512716340146e-06,4.540748826683697e-05,0.00017610185465974772,1.9666929486068997e-08,0.05348403844580997,0.9425705588964133,2.1657756457007226e-06
62,1.650650508535675e-05,1.7561631991573879e-10,7.67335533939354e-07,7.822301067591277e-07,1.0710497450933328e-06,7.491265262782135e-05,0.00010874117479454258,3.4962019479899765e-07,1.6199532347132015e-07,0.0003009553089738107,2.1953735238686544e-10,3.679793081895402e-07,4.8898539390184744e-05,2.0910757480404084e-06,1.4019820244062698e-09,2.4838655539658924e-05,0.0021294977890305004,0.0001063078369952455,1.6073976695271713e-06,2.8645646785535802e-05,0.000132114623687909,1.2008675519820893e-08,0.03600248216127706,0.9610174847203466,1.4018960245072224e-06
63,1.705510295669356e-05,2.0810313572733972e-10,7.902650232851356e-07,8.300313573435258e-07,1.1386176548434192e-06,8.075376739654719e-05,0.00011011898655918339,3.684522514639928e-07,1.7913837339187755e-07,0.0003040853306773067,2.3588175587044363e-10,3.8607522691690567e-07,4.8282789802399266e-05,2.1770697155941977e-06,1.582008811360634e-09,2.5436953037198562e-05,0.0021977401719316227,0.00011255613186220334,1.7409472750343453e-06,2.8653532333505833e-05,0.00014002191508302852,1.3559922063182949e-08,0.03769230562148434,0.9592338153113568,1.5482027255492063e-06
64,1.527771979660539e-05,1.7737958420016019e-10,8.290689238882682e-07,7.456224664854151e-07,1.095310565235499e-06,7.63606474914191e-05,0.00010462006857231183,3.243933488512962e-07,1.58957531038098e-07,0.00029055160290570404,2.1565053503975508e-10,3.801394579572905e-07,4.710048221956518e-05,2.107918913808779e-06,1.4312939445685865e-09,2.4708991194302736e-05,0.0021411269722280118,0.00010284322768165565,1.5589118325798734e-06,2.915954960232533e-05,0.00015274661339813008,1.1782034866764942e-08,0.038638382920925717,0.9583684966944657,1.4105801198436407e-06
65,2.0561799498905842e-05,1.4515922017773266e-10,7.622995710215222e-07,7.238065638928688e-07,9.421752320167453e-07,6.374063228606022e-05,0.00011006048956188676,4.034901655134898e-07,1.6359276328687927e-07,0.0003401413711842009,2.1083814236621446e-10,3.226470117997141e-07,5.658584082796895e-05,1.8815612072419875e-06,1.2031629821278186e-09,2.615757553121159e-05,0.0019679330185067277,8.94799017437334e-05,1.819066240001208e-06,2.3722991866766276e-05,9.278126507697464e-05,1.0852186219091653e-08,0.026932332785627153,0.9702683565173958,1.114760791256097e-06
66,1.2830908915685021e-05,5.938781368364239e-11,9.262612585778582e-07,4.5149267127935287e-07,1.059540257015544e-06,5.165565558781776e-05,9.008348109315378e-05,2.406399902621612e-07,9.064777450512805e-08,0.0003089973963372025,1.1407993144280238e-10,2.2962747522792108e-07,7.62392536944438e-05,1.2390078809493716e-06,4.796612918653053e-10,2.3827677733961136e-05,0.0018135333780071733,6.15365954226193e-05,1.3724508472647436e-06,3.319825646977225e-05,9.196821094642757e-05,4.926969634546671e-09,0.020903737012946125,0.9765262039481141,5.729764777280887e-07
67,2.422340095617274e-05,1.1829477335863074e-10,6.469377284813625e-07,6.26972152154265e-07,9.272826482233767e-07,5.7443026255314775e-05,0.00010309077623011261,4.555894238065518e-07,1.7407993470040806e-07,0.0003744283133873325,1.6744337501076047e-10,2.543218830094999e-07,6.401149223957094e-05,1.582445813686024e-06,9.879298370560043e-10,2.5900726951632455e-05,0.0016305979475108843,7.838903786251421e-05,2.0744101476305987e-06,1.8893146228729995e-05,6.266822489750432e-05,8.73170765034621e-09,0.01993093686241889,0.9776218307052789,8.342946750598586e-07
68,3.289911649037499e-05,1.6017760138481402e-10,7.313865726385883e-07,9.619144298629747e-07,1.2996891256518904e-06,5.0384492466533614e-05,0.00011473313104644655,3.6328722852117373e-07,1.8660310635446561e-07,0.0003739945760896548,3.0308074075663745e-10,2.638232384786379e-07,6.0332105096637005e-05,2.8832001326151e-06,1.2254317561702294e-09,2.4794315258461037e-05,0.002323372032073186,0.00010995702731009077,2.1170828743282904e-06,2.728186789237566e-05,7.831954448870748e-05,9.902295644483035e-09,0.033103446629004364,0.9636901618231651,1.5047619236021037e-06
69,1.6713318800144128e-05,1.8401085515718138e-10,7.902197750698313e-07,8.27942920078902e-07,1.1192178729252415e-06,7.78538551876374e-05,0.00011018085976040164,3.625956492537766e-07,1.7045321471713248e-07,0.00031187173202387714,2.4005507947597e-10,3.814359409835546e-07,5.0033495126698484e-05,2.1791536693405155e-06,1.5126054708077964e-09,2.536636600164066e-05,0.002200380116611666,0.00011404293609597664,1.6222757547203315e-06,3.113687700257843e-05,0.00014048383888463225,1.2341909688151721e-08,0.03874242295816604,0.9581705701918835,1.475881077033718e-06
70,2.0724890076307336e-05,2.574011856746282e-10,1.1870751656371198e-06,1.6575649921615604e-06,1.518685115270918e-06,0.00011697269607520185,0.00014142612600356796,5.463964706918397e-07,2.4004262819148405e-07,0.0004264984873880376,3.669203590099751e-10,4.971921364493381e-07,6.748985149761941e-05,2.32373560227416e-06,1.8840650932412633e-09,4.066142056606954e-05,0.002393080803487392,0.00013929653146057934,1.99141269855291e-06,4.78436559994942e-05,0.00018088328515369803,1.7334461512198503e-08,0.04316454968668261,0.9532489842028801,1.6064150721030054e-06
