,0,1,2,3,4,5,6,7,8,9,10,11,12,13,14,15,16,17,18,19,20,21,22,23,24
0,2.2037587718049947e-06,1.4785023607388444e-05,0.02769599705018702,0.34657941960838484,3.1549369658038025e-05,1.0727054346774277e-11,0.0001739885257877016,0.0008460062500512388,8.884950693135507e-09,1.0553883909578107e-05,3.706421300484486e-08,3.205470595694116e-06,0.0030288478520521913,7.601716207677855e-06,3.640155801026081e-11,2.5747248728835067e-08,1.0983637884722695e-05,2.6175154357232314e-05,8.323901143379226e-10,5.7902171682267404e-05,3.6403094478654635e-08,3.251129565900714e-10,1.7663869491577923e-05,0.6213990420715152,9.396528171710777e-05
1,2.382229049220429e-06,1.532129782326204e-05,0.02473276530123474,0.4029455938716349,3.0419099622054456e-05,1.1143271384685363e-11,0.00018875718591501907,0.0009231156167466712,8.6713447723471e-09,1.2698606648647838e-05,3.3627084009777004e-08,3.186669537361534e-06,0.00247744938082765,8.621283229084467e-06,4.3079848818347627e-11,3.2435799533222386e-08,1.1309480456287224e-05,2.5265901661782018e-05,1.031242608657363e-09,5.6643426607835286e-05,5.058721296126354e-08,3.6053857267774227e-10,2.071459057265043e-05,0.5684179598115905,0.0001276694793966496
2,2.3375084739257293e-06,1.6815243944056897e-05,0.02027749756928013,0.3937517757942704,3.0321545413082665e-05,1.0408570654033111e-11,0.00016883874500016067,0.0008571148653140742,6.138657946383091e-09,1.197352625813911e-05,2.941391728390788e-08,3.644711592874768e-06,0.00267812013979299,9.456286988627465e-06,4.5749727052597644e-11,3.272952150405413e-08,1.4919965335831315e-05,2.841765113165773e-05,9.380482316459027e-10,5.593156752986005e-05,4.967829865833847e-08,4.689908335693906e-10,2.9265556902569492e-05,0.5819355840626749,0.00012786583650382352
3,2.1643647997868808e-06,1.4764417404128854e-05,0.021207798760638497,0.386467935473611,2.9472607594723464e-05,8.62379328945314e-12,0.00014756321665904088,0.0007629219645169234,5.991619357042284e-09,1.0294534300468952e-05,2.9138785155589846e-08,3.1707296043223365e-06,0.0024221091047402273,7.987877882235015e-06,3.319991653486177e-11,2.2867108533409814e-08,1.2084258262295716e-05,2.7446257488574968e-05,7.613926362428145e-10,4.365219921293899e-05,4.408990410756331e-08,3.1996308545510406e-10,2.081633112568315e-05,0.5887034146393896,0.00011630005217295647
4,2.1960258822496273e-06,1.580160050158107e-05,0.02300102256398861,0.3948973825636074,3.293035054628055e-05,9.344861431004731e-12,0.000154433527038373,0.0007440957923375643,6.728991702583728e-09,1.0504978401991935e-05,3.055338004270622e-08,3.2781726152856476e-06,0.002760419762488972,9.163547279090734e-06,3.6274978938874034e-11,2.3501147043957718e-08,1.1901110246977061e-05,2.5766251987271575e-05,8.235505281257644e-10,4.3856728227067015e-05,4.3045289007684953e-08,3.270167370146848e-10,2.0894601611557708e-05,0.5781505093574147,0.00011573804083005506
5,3.1678933509742946e-06,1.8325058628352276e-05,0.03470694956998492,0.3449726919042187,3.777898952061893e-05,1.4874083137399706e-11,0.00023326497128720882,0.0009488751848151571,1.3394647028292181e-08,1.286029018701635e-05,4.008711331409868e-08,4.144676145376212e-06,0.0032869667702658217,1.1957767020614777e-05,7.206432132826906e-11,4.105968394874131e-08,1.3455764433524789e-05,2.3610397216674682e-05,1.36791913483095e-09,6.177470427836347e-05,4.896049131894264e-08,5.23079951661e-10,2.217928999783768e-05,0.6154927298134822,0.00014912147529342427
6,2.1643647997868808e-06,1.4764417404128854e-05,0.021207798760638497,0.386467935473611,2.9472607594723464e-05,8.62379328945314e-12,0.00014756321665904088,0.0007629219645169234,5.991619357042284e-09,1.0294534300468952e-05,2.9138785155589846e-08,3.1707296043223365e-06,0.0024221091047402273,7.987877882235015e-06,3.319991653486177e-11,2.2867108533409814e-08,1.2084258262295716e-05,2.7446257488574968e-05,7.613926362428145e-10,4.365219921293899e-05,4.408990410756331e-08,3.1996308545510406e-10,2.081633112568315e-05,0.5887034146393896,0.00011630005217295647
7,2.123863704045506e-06,1.7544193167825523e-05,0.024444070979395185,0.3505449935674285,2.388536015247058e-05,6.666358611151151e-12,0.00015860393636921526,0.0007329624511023644,8.043716433840076e-09,9.213612953506732e-06,3.139872001040925e-08,2.8492288633942942e-06,0.0036788890145169856,6.823391161284954e-06,2.541327187976606e-11,1.4680143384223463e-08,1.0556370569086284e-05,2.6028666273545266e-05,6.854961757955912e-10,4.8842118948358715e-05,2.787127716887032e-08,2.641023507163596e-10,1.2292592158807063e-05,0.6201859768875603,9.426079013985577e-05
8,7.91218196819342e-06,2.6411649107388247e-05,0.02512279900398403,0.22302109507899678,3.420954398540669e-05,5.804387704650857e-11,0.0002757785647207964,0.0008292558177217911,1.376886801729021e-08,1.0293317640165037e-05,2.447752881328247e-07,1.276783641068823e-05,0.004102861878149395,8.690577186615587e-06,9.161022557906055e-11,3.7069938561620954e-08,2.7327223469332345e-05,0.00017497270542447493,1.4166470925061163e-09,0.00010532778053042475,9.138750934240029e-08,1.5123270605118904e-09,2.9796690904776794e-05,0.7461180910596811,9.201900988636128e-05
9,9.71030502664095e-06,2.1106117691094637e-05,0.015079260115449685,0.42970188236481305,5.0508581492699686e-05,1.3566409622987022e-10,0.0003032672188482558,0.0011635803224439804,7.774245514009312e-09,1.9913642720865205e-05,2.0853260765859613e-07,1.850387948102687e-05,0.0023377888420514164,1.6994862980548926e-05,1.710293473332616e-10,1.6744901372424832e-07,4.62296687885236e-05,0.0002257446325287035,2.6003973806300227e-09,0.00013576791121621998,2.717579132869644e-07,3.112110323519934e-09,0.00018313097534572483,0.5505136963340207,0.0001722526921195377
10,2.1643647997868808e-06,1.4764417404128854e-05,0.021207798760638497,0.386467935473611,2.9472607594723464e-05,8.62379328945314e-12,0.00014756321665904088,0.0007629219645169234,5.991619357042284e-09,1.0294534300468952e-05,2.9138785155589846e-08,3.1707296043223365e-06,0.0024221091047402273,7.987877882235015e-06,3.319991653486177e-11,2.2867108533409814e-08,1.2084258262295716e-05,2.7446257488574968e-05,7.613926362428145e-10,4.365219921293899e-05,4.408990410756331e-08,3.1996308545510406e-10,2.081633112568315e-05,0.5887034146393896,0.00011630005217295647
11,2.1857269569186903e-06,1.5223535297068702e-05,0.02139454055437236,0.38363504495766515,2.9645444049057254e-05,8.690121278008785e-12,0.0001495085626428726,0.0007621059591018073,6.204866302131665e-09,1.0330864085512331e-05,2.9752543419246377e-08,3.2230226256318604e-06,0.002572589684719878,8.103077987064552e-06,3.367640396487348e-11,2.262575936829262e-08,1.225467188848839e-05,2.7431972797545536e-05,7.74371661064942e-10,4.424392063268943e-05,4.309204450684829e-08,3.250107009372076e-10,2.0610110380346194e-05,0.591198144304351,0.00011471081348394022
12,1.8271558007326198e-06,1.1921014351095392e-05,0.029190311707033064,0.39258730253460156,2.037824561814403e-05,6.157952105886623e-12,0.0001920076410450761,0.0011627118469755917,1.2159809975593277e-08,1.1185461834877887e-05,2.8691917642253355e-08,2.3799945900904e-06,0.0024262550599901886,5.075506049134201e-06,2.7303058598383583e-11,1.959088058178842e-08,8.284300741074035e-06,1.92052117590193e-05,9.167333676244206e-10,6.239027154640411e-05,3.732436162967589e-08,2.1292641041487033e-10,9.149218070587655e-06,0.5741794458860314,0.00011007001387114713
13,2.562133046720237e-06,1.5476613470308e-05,0.03203879938649969,0.42316533874375334,3.5995052103214196e-05,9.163582978799381e-12,0.0001568437832397945,0.00079240942257595,8.100732226575404e-09,8.57210904901748e-06,4.0026098968447334e-08,5.077634900073865e-06,0.0033001872524985065,1.1889938290410904e-05,3.870466621965782e-11,2.1295270686756367e-08,1.3795877197228062e-05,2.7708593222129717e-05,8.89168929238155e-10,4.966568038063284e-05,4.818324125805318e-08,3.48044376257429e-10,1.8224750080718467e-05,0.5402289982893655,0.0001283358499019954
14,1.2566413635073886e-06,2.652618487095424e-05,0.012820264725720622,0.33021308987201686,3.1175543391610204e-05,9.223377744840643e-12,0.00010961526150439004,0.0006168657134099807,6.620350076577216e-09,1.8496702964645763e-05,2.4106322668736788e-08,1.3891077257123502e-06,0.0033470070698603115,5.071363994449917e-06,2.3278600807438234e-11,1.5759823095780858e-08,7.80909676327342e-06,2.7643762277638807e-05,6.459146033020523e-10,3.660698456369549e-05,2.8780524871635934e-08,2.701074069717034e-10,1.1907207151726295e-05,0.652650990840561,7.420770631494429e-05
15,2.1643647997868808e-06,1.4764417404128854e-05,0.021207798760638497,0.386467935473611,2.9472607594723464e-05,8.62379328945314e-12,0.00014756321665904088,0.0007629219645169234,5.991619357042284e-09,1.0294534300468952e-05,2.9138785155589846e-08,3.1707296043223365e-06,0.0024221091047402273,7.987877882235015e-06,3.319991653486177e-11,2.2867108533409814e-08,1.2084258262295716e-05,2.7446257488574968e-05,7.613926362428145e-10,4.365219921293899e-05,4.408990410756331e-08,3.1996308545510406e-10,2.081633112568315e-05,0.5887034146393896,0.00011630005217295647
16,2.235441192141269e-06,1.548674720480546e-05,0.017499009367845472,0.4373725032219094,2.6260791787979633e-05,9.869147046961292e-12,0.00015438191667209943,0.0008319728560653729,5.636090738177896e-09,1.2756078352096102e-05,3.031565858481768e-08,3.093341430263523e-06,0.0020611952355967605,7.739907393132429e-06,3.2266151937296405e-11,2.63721133388782e-08,1.1645466161316255e-05,3.266386735529969e-05,8.105652426587751e-10,4.906787240964202e-05,5.8358763321488226e-08,3.5093231160812814e-10,2.2515631908807575e-05,0.5417707750235282,0.00012657534692844422
17,2.1786663892963124e-06,1.4852156414214108e-05,0.021366706153477338,0.40686465525332177,2.9759063969528738e-05,8.65337651882994e-12,0.00014770821737490755,0.0007292557945319983,5.645324865875731e-09,9.955214448877037e-06,2.9377089465995342e-08,3.3138734736380114e-06,0.002460503437022964,8.651156418929676e-06,3.206222750423232e-11,2.2587943769578387e-08,1.1836165415501263e-05,2.7985210239819413e-05,7.357019719434106e-10,4.388233613006158e-05,4.453358820998655e-08,3.1419889948861226e-10,2.1968511529919965e-05,0.5681377165377482,0.00011896901753023665
18,2.3493639327112844e-06,1.5514379608570324e-05,0.017127203723220626,0.3340996988499902,2.3533284836545348e-05,6.554649160028495e-12,0.00013043097152389582,0.0006838777803129268,4.4541631991910335e-09,9.240330750646157e-06,2.3955826454165815e-08,3.319307233470428e-06,0.0023341644347195404,6.857166616866664e-06,3.014081779757559e-11,1.7806774958015892e-08,1.4816515909460243e-05,3.2106810211663535e-05,6.194765362487737e-10,3.6387763860416694e-05,4.052422502175943e-08,3.706645774383007e-10,2.0451424088204198e-05,0.6453357481258022,0.00012421199955597116
19,1.8382900493709973e-06,1.4997613700716734e-05,0.027198917493611734,0.4045730085935553,3.648824576759264e-05,7.868084946695527e-12,0.00013263621557932267,0.0007500798341264419,7.334363805982392e-09,9.79028227466375e-06,2.8258962339233462e-08,3.231069932072297e-06,0.0029503595891643914,9.206175013582842e-06,3.236507852681781e-11,1.8924346859251132e-08,1.1492840901807004e-05,2.2102714982211626e-05,7.672795464971102e-10,4.121030757337703e-05,3.858721277940235e-08,2.845122787118708e-10,1.663976476411057e-05,0.5641184966643671,0.00010941010772526592
20,2.2585171748213843e-06,1.4518001307895377e-05,0.021593612982755535,0.39575341446590395,2.9061742657030702e-05,9.303702573918848e-12,0.00015371518455370412,0.0007240396554349261,5.957465840878665e-09,1.0164887333828565e-05,3.164652185867985e-08,3.180231623296729e-06,0.002350150268661209,8.021882805618148e-06,3.2466784192664753e-11,2.367229520742437e-08,1.1308332011828197e-05,2.8331432230498965e-05,7.412604632800203e-10,4.4306369791219265e-05,4.481468570412408e-08,2.943754242054236e-10,2.1116522085592737e-05,0.5791338397525425,0.00011885260275169153
21,2.3572607933260317e-06,1.5545360241122524e-05,0.021319940925318286,0.4639250525982592,2.7997064097641813e-05,1.0955758220396055e-11,0.0001873704726922076,0.0007256633224459804,5.964541879789308e-09,1.1225558436802705e-05,3.4696365400738635e-08,3.604875263613696e-06,0.0027927911050426753,9.98544208461541e-06,3.500699419150437e-11,3.038332751889339e-08,1.0266058233336554e-05,2.8139871448865654e-05,7.966915158877832e-10,5.811531332553162e-05,4.733566698268377e-08,3.090711985546387e-10,2.611444509608529e-05,0.5107334667283819,0.00012224406721159176
22,2.5181589010200956e-06,1.4677302902235136e-05,0.02434036619257997,0.4002351111404726,2.8641503364587658e-05,1.064867123732707e-11,0.00016397712029066962,0.0007787667840258661,6.577160679405116e-09,9.85695608741346e-06,3.8117590733665355e-08,3.6843282570866006e-06,0.002205046587058027,8.659874269311453e-06,3.526650770333213e-11,2.5648016344630695e-08,1.2411251988934302e-05,3.4110637096145205e-05,7.820945579863098e-10,5.332041399932797e-05,5.399896816707085e-08,3.6513857941796354e-10,2.1723048791212134e-05,0.5719624757865736,0.00012452737845783932
23,2.1643647997868808e-06,1.4764417404128854e-05,0.021207798760638497,0.386467935473611,2.9472607594723464e-05,8.62379328945314e-12,0.00014756321665904088,0.0007629219645169234,5.991619357042284e-09,1.0294534300468952e-05,2.9138785155589846e-08,3.1707296043223365e-06,0.0024221091047402273,7.987877882235015e-06,3.319991653486177e-11,2.2867108533409814e-08,1.2084258262295716e-05,2.7446257488574968e-05,7.613926362428145e-10,4.365219921293899e-05,4.408990410756331e-08,3.1996308545510406e-10,2.081633112568315e-05,0.5887034146393896,0.00011630005217295647
24,2.0828983073101054e-06,1.521237914836255e-05,0.021167474569562843,0.42156618572797366,3.0567497088420536e-05,8.626893321421485e-12,0.00014491858084622272,0.0007316141363157964,5.706304414363316e-09,1.033217481146642e-05,2.9101240731748038e-08,3.1706994364477747e-06,0.0025001369720767646,8.73060884522157e-06,3.114133872451417e-11,2.2313963039545148e-08,1.1474260142686203e-05,2.7101911637637945e-05,7.525346701364937e-10,4.3853709361451044e-05,4.423172044673519e-08,3.024006343635249e-10,2.1213988101277715e-05,0.5535988485159806,0.00011697892243173433
25,2.4952277254711866e-06,2.1087094265182794e-05,0.019045445234953235,0.3304637926866617,4.0549329305880444e-05,1.381553487023726e-11,0.00013739423681433148,0.0005460526964661085,6.078691583816161e-09,1.3208953072532077e-05,2.478074553991266e-08,2.639269626823844e-06,0.002198342128005792,1.0300809962130533e-05,5.858850830501453e-11,3.066285160032082e-08,1.2715379351012813e-05,2.6813952313763806e-05,8.162639909861515e-10,3.04844041874654e-05,4.8792836232139517e-08,4.396717395461819e-10,2.9373618254246015e-05,0.6472566606012848,0.00016253273428482002
26,1.0312273050625598e-06,1.6137674562066566e-05,0.016914811473993513,0.8729460474124006,6.691983179547787e-05,3.597698390786776e-11,0.00016533681527053438,0.0006170968160648952,6.139408843470231e-09,2.155735049228761e-05,3.175483601093782e-08,3.6666210886046604e-06,0.0022661296687025456,4.2573756892515013e-05,5.929899565168437e-11,1.1160965914288473e-07,3.581513374545578e-06,1.1468484757090171e-05,2.2182993028491515e-09,8.97282808404015e-05,9.486412503294241e-08,3.342089904799791e-10,4.88223699260132e-05,0.10663791642229596,0.00014692726442439545
27,2.3207955521197813e-06,1.5896218144748588e-05,0.02213238055866066,0.36073445399018245,2.6929620241658905e-05,9.794828421854984e-12,0.00016333246570386303,0.000928373694320532,7.548623353115814e-09,1.2236973635583487e-05,2.8840300266558342e-08,3.1179081206437345e-06,0.0022305694310055585,7.510649377267389e-06,4.1618504610676643e-11,2.7987362116849774e-08,1.307406991188522e-05,2.916616966416405e-05,8.869741587555468e-10,5.399370407460829e-05,4.974352941580572e-08,4.322574363953002e-10,2.1056909803618615e-05,0.6134932866924432,0.00013218465869749315
28,2.1643647997868808e-06,1.4764417404128854e-05,0.021207798760638497,0.386467935473611,2.9472607594723464e-05,8.62379328945314e-12,0.00014756321665904088,0.0007629219645169234,5.991619357042284e-09,1.0294534300468952e-05,2.9138785155589846e-08,3.1707296043223365e-06,0.0024221091047402273,7.987877882235015e-06,3.319991653486177e-11,2.2867108533409814e-08,1.2084258262295716e-05,2.7446257488574968e-05,7.613926362428145e-10,4.365219921293899e-05,4.408990410756331e-08,3.1996308545510406e-10,2.081633112568315e-05,0.5887034146393896,0.00011630005217295647
29,2.1643647997868808e-06,1.4764417404128854e-05,0.021207798760638497,0.386467935473611,2.9472607594723464e-05,8.62379328945314e-12,0.00014756321665904088,0.0007629219645169234,5.991619357042284e-09,1.0294534300468952e-05,2.9138785155589846e-08,3.1707296043223365e-06,0.0024221091047402273,7.987877882235015e-06,3.319991653486177e-11,2.2867108533409814e-08,1.2084258262295716e-05,2.7446257488574968e-05,7.613926362428145e-10,4.365219921293899e-05,4.408990410756331e-08,3.1996308545510406e-10,2.081633112568315e-05,0.5887034146393896,0.00011630005217295647
30,2.1643647997868808e-06,1.4764417404128854e-05,0.021207798760638497,0.386467935473611,2.9472607594723464e-05,8.62379328945314e-12,0.00014756321665904088,0.0007629219645169234,5.991619357042284e-09,1.0294534300468952e-05,2.9138785155589846e-08,3.1707296043223365e-06,0.0024221091047402273,7.987877882235015e-06,3.319991653486177e-11,2.2867108533409814e-08,1.2084258262295716e-05,2.7446257488574968e-05,7.613926362428145e-10,4.365219921293899e-05,4.408990410756331e-08,3.1996308545510406e-10,2.081633112568315e-05,0.5887034146393896,0.00011630005217295647
31,2.099736607460516e-06,1.4568246012565178e-05,0.021337050379436506,0.37937823280475635,2.8300499755777004e-05,7.608573734619217e-12,0.00014197626224235046,0.0007576351114085125,5.83366314594406e-09,9.809313402663417e-06,2.6888821228724587e-08,2.9865855857582156e-06,0.0024263369453298134,7.603117964543095e-06,2.981589789937808e-11,2.0390630098251545e-08,1.1508003481935855e-05,2.6381355960144912e-05,7.149530117722559e-10,4.185967217885978e-05,4.0141550904046733e-08,2.9646509733128797e-10,1.8704479538861408e-05,0.5956823452319452,0.00011250795088476287
32,2.2555027132616987e-06,1.5043580862398362e-05,0.02172483901186839,0.3881451666941869,3.0208699049609674e-05,9.129940830816286e-12,0.00015358092637971974,0.0008045900632155268,6.459375843161499e-09,1.072664282513219e-05,3.019628453425664e-08,3.2870071095215566e-06,0.0024503820375474344,8.250146765487146e-06,3.595857922918304e-11,2.4522515786828878e-08,1.2595609539786613e-05,2.768651898702594e-05,8.375313070090345e-10,4.564352123435076e-05,4.655311534336737e-08,3.469405664827647e-10,2.116861008392165e-05,0.5864247833272391,0.00011968313954050285
33,2.250740324805088e-06,1.5853586774178368e-05,0.020306277297137305,0.3709871481607006,2.982693390110737e-05,8.435593290584107e-12,0.000145507405428089,0.0007384079825535112,5.6260268912431224e-09,1.003904127522247e-05,2.849209790778121e-08,3.2248297204117942e-06,0.0026120483269838793,8.309232088024876e-06,3.3559299598641745e-11,2.221958467561442e-08,1.2984563254236134e-05,2.8448351631222464e-05,7.567208397642395e-10,4.2564405720883696e-05,4.14081377619175e-08,3.5228878478206913e-10,2.167268515845238e-05,0.604923995807041,0.00011134175345528906
34,1.7922603629708333e-06,1.3551565352210987e-05,0.01810340093909635,0.4109280934200729,2.8084138199206904e-05,7.503171698967692e-12,0.00012773315549685564,0.0006796918802415426,4.0430030344671805e-09,9.429285846864247e-06,2.6651249188902345e-08,3.0800900708798527e-06,0.002198350875789065,7.667152411628819e-06,2.6784534451395204e-11,2.11289324888881e-08,1.2117569397775296e-05,2.852993857605283e-05,5.945097847153673e-10,4.1569520308840075e-05,4.283024153851162e-08,2.8704262510200567e-10,2.466081939194153e-05,0.5676855321354404,0.00010661968467806875
35,2.5869993041175576e-06,1.3457267988211842e-05,0.014870179812534292,0.348543423654868,1.7793305890999593e-05,5.938373247835863e-12,0.00013029424412964321,0.0010775718730487056,5.880687571069391e-09,1.1552141850315503e-05,2.3204402281921393e-08,2.884320816219524e-06,0.001649002613197643,4.327154635536748e-06,2.4504806869884854e-11,1.6404547972357095e-08,1.4270529753474022e-05,3.815319766553492e-05,8.060667979799658e-10,3.965061622276083e-05,5.4463036470473645e-08,3.577214620518441e-10,1.3641304339074231e-05,0.6334368378612396,0.0001342719556102488
36,1.817118102866682e-06,1.4658142622532907e-05,0.023959570117181198,0.33943949422214525,3.965323580616307e-05,4.793383300699868e-12,0.00010705841516595548,0.0008406247726790471,6.903042771244738e-09,9.320741170867478e-06,1.848473367132638e-08,3.550694659099174e-06,0.003400199434211318,8.411690327562398e-06,3.893419243611687e-11,1.5664798055879796e-08,1.7723483744373036e-05,1.6244694037517025e-05,9.49876527590749e-10,2.7319674384302705e-05,3.465340729382908e-08,3.259073824998139e-10,1.4397445687150459e-05,0.6319802993673094,0.00011957972527208421
37,2.9059396059881495e-06,1.5478737903476864e-05,0.024574903588139393,0.3842514029995479,2.8127382594650836e-05,7.95030640871632e-12,0.00015736420519788237,0.0006561175843018363,5.273009617217638e-09,7.870994001433602e-06,3.2230251033710226e-08,3.5681897161262375e-06,0.0025528042164672327,9.534599533039339e-06,2.6826021421106273e-11,1.9224245121030628e-08,1.1203558408177397e-05,3.1735890986232426e-05,6.783344510355786e-10,4.225952219824939e-05,3.846047495548689e-08,3.021462134283133e-10,1.819231679278625e-05,0.587520153728498,0.00011628034286993468
38,3.2665458217193564e-06,1.7035426518776473e-05,0.020554991631202002,0.37287300742638196,2.825653460647811e-05,1.8734475686787206e-11,0.000250479110529764,0.0008261056212589122,7.934469410466612e-09,1.3763984848859117e-05,4.5415646542358406e-08,3.5851482046839784e-06,0.002420563854282954,9.343814695271608e-06,5.832405020183748e-11,4.99862791681103e-08,1.2189787932168689e-05,3.539134691031783e-05,1.0672342766120668e-09,6.727311263761869e-05,5.8771245212228545e-08,4.908965586742385e-10,3.497297868057572e-05,0.6027197242392303,0.00012988569342826923
39,2.149372096428275e-06,1.0754363782012362e-05,0.025192357872864873,0.46400848049746707,2.987645207252082e-05,1.0338630713677211e-11,0.0001635068035005401,0.0011252294328583316,7.495047401859534e-09,1.1302139194617581e-05,3.491773781921336e-08,3.7075205586335602e-06,0.0018057435943224722,7.749643110727815e-06,3.5299995425252985e-11,3.2612732936106247e-08,1.1700386529507523e-05,2.7306567620771697e-05,9.86506039593725e-10,6.109246998857711e-05,6.625284001250691e-08,3.1316437058854227e-10,2.17368359417646e-05,0.5073930764779632,0.00012408694646060664
40,3.462624281818222e-06,2.02954890171768e-05,0.0349506544232455,0.4020605012467151,4.249376744333767e-05,1.3406381148274899e-11,0.0001794083726751572,0.0006964957019894777,8.819034698855851e-09,9.3307736780239e-06,4.134882828397526e-08,4.90282018444935e-06,0.0031377012661120925,1.6381120158952413e-05,5.0555033126527996e-11,2.6365852297062913e-08,1.3845668980633556e-05,3.244491417391895e-05,1.022292896301456e-09,4.8655409139853576e-05,5.1227605060591506e-08,5.060409312157654e-10,2.2730642438101135e-05,0.5586045277947193,0.00015603861143155691
41,1.4940944728795148e-06,1.4902119782811884e-05,0.0380723224203088,0.41562028401082085,5.851251870885584e-05,1.0136502078885475e-11,0.00012656865440550122,0.0008026997960615741,1.1737851228404932e-08,1.2660371281307764e-05,2.3802012363966855e-08,2.1869182916848966e-06,0.0023417390184641788,1.1296745839767506e-05,4.536550582093854e-11,2.6103941265157918e-08,7.894943312610749e-06,1.3047453203938191e-05,9.85458974217916e-10,3.482012484165034e-05,4.4624733365932774e-08,2.365327996864987e-10,1.3624834543400662e-05,0.5427418133939049,0.000124025035723331
42,2.3521894343451656e-06,1.3899075692566298e-05,0.02213499791441578,0.37161769762602614,2.5448304655432684e-05,9.269363035420408e-12,0.00018550952210927749,0.0012908315329475404,7.802602744227803e-09,1.3178142442390321e-05,2.8246896686983142e-08,3.266117250602763e-06,0.0020368093563997007,7.106340828072193e-06,4.6172831634552614e-11,3.866930097745794e-08,1.5481430441407093e-05,2.76108644658576e-05,1.1685442067506738e-09,7.171517387494309e-05,5.7678785385130003e-08,5.461699852003589e-10,2.3085586846282147e-05,0.6024072364809446,0.0001236401734828719
43,1.88175643947817e-06,1.604267498109171e-05,0.015253298457680725,0.38973468368113057,3.270399279503646e-05,1.2840094355248298e-11,0.00013983315991486554,0.00100104071422038,6.957569277299679e-09,1.846368770332841e-05,2.7175343642811722e-08,2.509277066827022e-06,0.001769170623740289,6.6654112728580545e-06,4.916754793786151e-11,3.780083217924393e-08,1.3592712833001923e-05,2.8494966050661702e-05,1.0449897044937704e-09,4.562911636144645e-05,7.188326708088943e-08,4.503733434915731e-10,2.6727287534864984e-05,0.5917822532861655,0.00012686381972612832
44,2.1643647997868808e-06,1.4764417404128854e-05,0.021207798760638497,0.386467935473611,2.9472607594723464e-05,8.62379328945314e-12,0.00014756321665904088,0.0007629219645169234,5.991619357042284e-09,1.0294534300468952e-05,2.9138785155589846e-08,3.1707296043223365e-06,0.0024221091047402273,7.987877882235015e-06,3.319991653486177e-11,2.2867108533409814e-08,1.2084258262295716e-05,2.7446257488574968e-05,7.613926362428145e-10,4.365219921293899e-05,4.408990410756331e-08,3.1996308545510406e-10,2.081633112568315e-05,0.5887034146393896,0.00011630005217295647
45,2.079603390909606e-06,1.419060722107612e-05,0.02297668374617577,0.35259095467283463,2.982061390835284e-05,7.975260569442205e-12,0.00015336536894549563,0.0008122350221792081,6.976747042208666e-09,9.874953725304912e-06,2.8403970843382868e-08,3.062621361697059e-06,0.0027383564098171745,7.4852061875891305e-06,3.4556100372854995e-11,2.2013584850574806e-08,1.2071030354215112e-05,2.3807622929495056e-05,7.921433414620868e-10,4.3999109367795646e-05,3.7516092724521734e-08,3.101609765642551e-10,1.8533793003491547e-05,0.6204606250657428,0.00010275849762371291
46,2.2602249153241903e-06,1.5543491826185596e-05,0.023019722522231566,0.43801150006437445,3.105562730537227e-05,1.2231496323441349e-11,0.00018405690369082499,0.0007426613342933234,6.906033682559653e-09,1.2035397520937106e-05,3.3147416911382437e-08,2.8389486254856435e-06,0.0022281943681706443,9.629214357116842e-06,3.605998503472862e-11,3.084323086099995e-08,8.792019318181554e-06,2.7005565008174148e-05,8.251537913715412e-10,5.13335441842458e-05,4.851952394163823e-08,3.0126224586170767e-10,2.4077793673432592e-05,0.5355022428077592,0.00012692958183266824
47,3.6131753289275933e-06,1.8254436054906144e-05,0.019879781213006018,0.31904878301134443,2.053181020552023e-05,1.0251579001655289e-11,0.00019542473912951736,0.0008791979957106327,6.492123510621765e-09,1.1120856519246033e-05,3.393647690890594e-08,4.01981584471742e-06,0.0025322862310735855,7.496436793015817e-06,4.525168290152882e-11,3.077756807953768e-08,1.7095781893900173e-05,4.0937184383536086e-05,8.886884574313139e-10,6.483303409605461e-05,4.873266515190826e-08,6.176879546076176e-10,2.3523308810192195e-05,0.6571161009400208,0.00013687852907166286
48,2.150423349283731e-06,1.5902328440230106e-05,0.01765570932088379,0.3528407495394126,2.8692039116024123e-05,7.351594656444762e-12,0.00013917315653759336,0.0008314641604956571,5.697314141218213e-09,1.1089709385603433e-05,2.461645124726949e-08,3.0411294194061363e-06,0.002616313379669691,7.215833889349952e-06,3.4865795118783615e-11,2.192461534302238e-08,1.4644794956188305e-05,2.6371561091851338e-05,8.622815597694188e-10,3.9492762794608274e-05,4.1664077060607844e-08,3.751022483362221e-10,2.0458100157123944e-05,0.6256355865652183,0.00011185001312378883
49,2.4745582441675306e-06,1.4431685519229384e-05,0.02642122945541519,0.3939076733414751,3.070739251269235e-05,1.034116395307121e-11,0.00016173130140311988,0.0008045379197919737,6.831333234322957e-09,9.613665807917149e-06,3.671320950755294e-08,4.1583440429382744e-06,0.002594336329819665,9.197890072783237e-06,3.7295370662230716e-11,2.5213389773580934e-08,1.359886936407783e-05,3.1565411036119624e-05,7.885812924873544e-10,5.462007706761746e-05,4.768815472019063e-08,3.845113622106543e-10,2.2436915327729725e-05,0.5757980054902833,0.00011956368600008717
50,2.2735379485007895e-06,1.899404459758652e-05,0.021579443787443697,0.4219969352876269,2.8359164542637054e-05,1.0956719917917464e-11,0.00022267070610487423,0.0009084090882099281,8.665515972760287e-09,1.642997922268029e-05,2.6523207947662822e-08,2.29994021920792e-06,0.0027274621997682314,9.255630737669502e-06,3.95043641880645e-11,3.5653608883595174e-08,8.891464845364219e-06,2.156741066242998e-05,1.1045351321248194e-09,5.797321998958237e-05,4.131850711323511e-08,3.6872160651684163e-10,2.0997764569751165e-05,0.5522531984503125,0.00012472463864074903
51,2.180209597639224e-06,1.4845744603527736e-05,0.0212806421095609,0.37930009827478256,2.9664112521112476e-05,8.767252503897639e-12,0.00014831874000205398,0.0007612922978841295,6.045024877683829e-09,1.0312448136695156e-05,2.925935394399246e-08,3.173879488097394e-06,0.0024268825085832276,7.977375236076144e-06,3.433058784755317e-11,2.3405898148949227e-08,1.2267025087239292e-05,2.7378415499273708e-05,7.670645745088718e-10,4.376140438544806e-05,4.398861213559063e-08,3.2689209777746645e-10,2.1156510584725438e-05,0.5957932736646484,0.00011667144345523568
52,3.440153641216341e-06,2.0021219079332306e-05,0.017984173003340757,0.40660576369566415,2.3259560205913835e-05,2.4191471461321347e-11,0.00024532166845014436,0.0007503221242002174,6.718116208230965e-09,1.4708417951678909e-05,5.82011609813066e-08,4.10289160346004e-06,0.0025376876551939233,8.771875798113144e-06,4.20481017162218e-11,4.3594880073583594e-08,1.1343402929183028e-05,6.34185081126002e-05,7.922773830834197e-10,9.370914675568755e-05,6.396134990281091e-08,5.756469849824025e-10,3.6676699841156014e-05,0.5714785287021447,0.00011857736541675293
53,2.686569629160363e-06,1.4709288969076101e-05,0.02099509470070986,0.3960069118241578,2.001089326815121e-05,1.3397278939561008e-11,0.00028227695978490767,0.0008296034334092871,6.939469769332931e-09,1.2263965772913728e-05,4.057889329889384e-08,3.2956143729593117e-06,0.002413668100948052,7.907160454170479e-06,4.347093141491723e-11,4.403044595111283e-08,1.0426244594707145e-05,3.202625302351188e-05,8.463961620799459e-10,8.380494067155137e-05,4.7472086544323566e-08,4.024847414688582e-10,3.198049380466758e-05,0.5791300203908442,0.0001231728389404559
54,1.761586733922126e-06,1.1166615536415535e-05,0.019145325312927806,0.3390284225273196,3.475046116793277e-05,6.438351719914644e-12,9.018912283231828e-05,0.0007454524065287722,4.664649477748979e-09,8.161918855869408e-06,2.6186900542196026e-08,3.1366934501633077e-06,0.0021048192470039446,5.8083721185695145e-06,2.3965441942107782e-11,1.4991845722095825e-08,1.3784051482448215e-05,2.725510282553463e-05,5.786255700980712e-10,2.770143660483372e-05,4.095569791668996e-08,2.3486415118045904e-10,1.6426149185576393e-05,0.6386510332599827,8.471809245630854e-05
55,2.458338548478622e-06,1.357485281404596e-05,0.02144719673459167,0.3489727560428155,1.908913628700137e-05,6.079187048238993e-12,0.00015044541525007846,0.0007211837907317644,5.909588923287074e-09,7.699491595799826e-06,3.157181585294178e-08,3.659247469081395e-06,0.0028075418525408684,5.782498152421101e-06,2.431388239651397e-11,1.435329436246684e-08,1.2344801690250933e-05,3.2733977325980656e-05,5.708720019463892e-10,4.670651136016904e-05,3.4291862897739386e-08,2.614069324836326e-10,1.4341564598248625e-05,0.6256323959088864,0.00011000284610823314
56,2.2048461034360484e-06,1.5249435974459587e-05,0.021792866713614387,0.38484485941694796,2.9976295507221353e-05,8.69196227189134e-12,0.00015003811951179628,0.0007628607030207563,6.2972760630237805e-09,1.0217290246253119e-05,3.007248882844171e-08,3.2916809076199515e-06,0.002628077026195932,8.245148784013328e-06,3.403290965220586e-11,2.2473130382144394e-08,1.2336390966866698e-05,2.7308103002488893e-05,7.821409867928619e-10,4.448485395262329e-05,4.296335728303002e-08,3.256012984446925e-10,2.04008146873972e-05,0.589532686266677,0.00011479393718006237
57,2.011851593471313e-06,1.5668457667695615e-05,0.025807523778939617,0.36389997656142936,3.311821396408511e-05,7.325993573884279e-12,0.00013420685807819064,0.0009272973829868022,8.225792011255606e-09,1.0853583524585408e-05,2.7242368192096513e-08,3.4755245422572175e-06,0.002949143690410167,7.956818786832023e-06,3.935762650017884e-11,2.110176921142336e-08,1.5403775626661468e-05,2.2830470323561584e-05,9.545958794790442e-10,4.559723880204087e-05,4.2563493536304036e-08,3.792666180956404e-10,1.5942971679861688e-05,0.6059893566840824,0.00011953562359342173
58,2.1681147995919338e-06,1.5759298905494065e-05,0.02794947023971038,0.6410709392851816,3.443710122102485e-05,1.7386071067877554e-11,0.0002072236810090246,0.0007849863619889779,8.22680008945754e-09,1.3238176755565684e-05,4.1361396345453986e-08,3.834527830134616e-06,0.0024856221146399154,1.5315440305797985e-05,3.7893231651382207e-11,4.287286944620057e-08,6.878301007445454e-06,2.58537131665715e-05,1.117007972613138e-09,8.614778593114007e-05,6.186421739654629e-08,3.035597541612333e-10,2.5880794344462118e-05,0.32711985749254513,0.00015223176952753597
59,5.298253005861772e-07,1.426245892846642e-05,0.003876784619574778,0.9846832749881177,4.012595764916781e-05,5.34522613461877e-11,7.900541204332675e-05,0.0001589895438226648,3.060061357340811e-09,1.5348752286294046e-05,2.317180083668098e-08,3.004022383432894e-06,0.0022875581604562493,7.302406803383251e-05,1.988720348857287e-11,6.062830281824775e-08,9.191376046701846e-07,6.285837690722165e-06,2.807636311787172e-09,5.947962732356465e-05,5.468630545485981e-08,1.8116745895130746e-10,3.3159459065121636e-05,0.008588483189422218,7.96203316832185e-05
60,2.1643647997868808e-06,1.4764417404128854e-05,0.021207798760638497,0.386467935473611,2.9472607594723464e-05,8.62379328945314e-12,0.00014756321665904088,0.0007629219645169234,5.991619357042284e-09,1.0294534300468952e-05,2.9138785155589846e-08,3.1707296043223365e-06,0.0024221091047402273,7.987877882235015e-06,3.319991653486177e-11,2.2867108533409814e-08,1.2084258262295716e-05,2.7446257488574968e-05,7.613926362428145e-10,4.365219921293899e-05,4.408990410756331e-08,3.1996308545510406e-10,2.081633112568315e-05,0.5887034146393896,0.00011630005217295647
61,2.2368434356764228e-06,1.5547766199354003e-05,0.020047262567476895,0.42169909003783285,3.0129027217348566e-05,9.524889198320387e-12,0.0001542963479450503,0.0007699097700298486,5.922801978925989e-09,1.1178184680717376e-05,2.9813338171192716e-08,3.2559040240504804e-06,0.002455487354097872,8.739449774950795e-06,3.455043205049165e-11,2.5333416438950244e-08,1.1905994165057439e-05,2.818801664745167e-05,8.300690987992446e-10,4.564837525144461e-05,4.792457687805294e-08,3.292491020757488e-10,2.3293881003418515e-05,0.554569692297435,0.00012402798525620103
62,2.1643647997868808e-06,1.4764417404128854e-05,0.021207798760638497,0.386467935473611,2.9472607594723464e-05,8.62379328945314e-12,0.00014756321665904088,0.0007629219645169234,5.991619357042284e-09,1.0294534300468952e-05,2.9138785155589846e-08,3.1707296043223365e-06,0.0024221091047402273,7.987877882235015e-06,3.319991653486177e-11,2.2867108533409814e-08,1.2084258262295716e-05,2.7446257488574968e-05,7.613926362428145e-10,4.365219921293899e-05,4.408990410756331e-08,3.1996308545510406e-10,2.081633112568315e-05,0.5887034146393896,0.00011630005217295647
63,2.2122788121996992e-06,1.547249219106504e-05,0.020890945123083777,0.37471414123016633,2.89656600145578e-05,8.606086375659223e-12,0.00014719099113451434,0.000768186806646189,6.204864253246675e-09,1.0428145229004132e-05,2.9255687196529974e-08,3.130861315030346e-06,0.0024745452329636205,7.81020468144811e-06,3.388166954764698e-11,2.229327681619175e-08,1.2437172573586975e-05,2.8285395470068928e-05,7.772733777815242e-10,4.369340917374815e-05,4.375323927663731e-08,3.3726464195685784e-10,2.0096769523973872e-05,0.6007158841143864,0.00011647144854126498
64,2.1425418528056423e-06,1.393704172713414e-05,0.020646743332238683,0.3939037719422647,3.085525267556283e-05,9.072206316003051e-12,0.00014056353957647068,0.0008085460955247709,6.17770045916256e-09,1.0654155292644578e-05,3.06313441939423e-08,3.329441728110233e-06,0.002215485783362021,7.75526738800255e-06,3.4867945219455955e-11,2.351912952148424e-08,1.2669920434673842e-05,2.8604608737358744e-05,8.05140262046964e-10,4.211970513220937e-05,5.233965950932257e-08,3.2490559935488893e-10,2.0877503387036373e-05,0.5819926983263332,0.00011913170052502436
65,1.8544924278971874e-06,1.4399657140713116e-05,0.01973533793477417,0.24574427419919417,1.950261498100293e-05,3.2919305412895083e-12,0.00015095586763691675,0.00081417459753659,6.555563279300626e-09,8.031722582660591e-06,1.6855966622510418e-08,2.0220736710607475e-06,0.002980262172909284,4.7361792584534375e-06,2.4735961204287592e-11,1.2377582712488625e-08,1.06999139089451e-05,1.589008278688617e-05,6.999859766835401e-10,3.129890199481956e-05,2.1073380635027742e-08,2.482175457037153e-10,9.279352574603387e-06,0.730373771551359,8.345084653830168e-05
66,2.006394257359173e-06,1.7381853392824772e-05,0.025420045111158602,0.4755885338221674,2.834208483815133e-05,1.1994623558245914e-11,0.00022060205472281005,0.001049478594020273,1.0203423925810209e-08,1.5888340547362612e-05,3.5173345224561624e-08,2.9747765736990363e-06,0.0031228503936808205,8.977879067077852e-06,3.71407246219502e-11,3.5652104919813314e-08,9.358193295985735e-06,2.4245190117784643e-05,1.1527324973940338e-09,8.518917683740923e-05,4.559238284902061e-08,3.621774040908887e-10,1.9283969991634227e-05,0.4942691160757131,0.00011559790431532573
67,2.1751694154297947e-06,1.4765489819807636e-05,0.021296140577872883,0.3877162083257832,2.947611981056544e-05,8.712724863422717e-12,0.00014870594598062625,0.000761990071830949,5.982845106754677e-09,1.0281087555697791e-05,2.9376025260607916e-08,3.1987657289193848e-06,0.0024259375840372543,8.060866566704766e-06,3.341000363946591e-11,2.3137318477253467e-08,1.2105633754699495e-05,2.757488636571353e-05,7.621047568478446e-10,4.413698710022895e-05,4.426167749332083e-08,3.221013953298589e-10,2.110501149442877e-05,0.5873613690586209,0.00011666453406698578
68,3.071783498143881e-06,1.3932824875318929e-05,0.013921819733913952,0.36947100711054925,1.4176868926938443e-05,1.1922156776564395e-11,0.0001764467440091739,0.0007523369747164587,3.9000853377803455e-09,9.458640311145958e-06,4.832826475740289e-08,4.699578050437511e-06,0.001793627684159461,5.254784519410942e-06,3.198512887898392e-11,2.854292424855874e-08,1.7820953861124407e-05,7.392872434311168e-05,5.509491265180898e-10,7.959115438314481e-05,6.583780378553462e-08,5.192313367800304e-10,3.7564833663453274e-05,0.6134957796843166,0.0001293341987370427
69,3.242353569453848e-06,1.8669089526769225e-05,0.02356584280668109,0.3584039342451224,6.498251131868445e-05,1.555381158746683e-11,0.00013638429299916603,0.000544855495415704,6.206237575464488e-09,9.48378489553094e-06,3.733819013888392e-08,4.7465629977026426e-06,0.003253885050860863,1.7047444482757235e-05,5.463471353961931e-11,2.524017046786394e-08,1.487592200261867e-05,2.9803007750469655e-05,9.251069442171815e-10,2.3708036420734688e-05,5.0606788857576e-08,4.266608020897162e-10,3.206197324973674e-05,0.6137596764913832,0.00011668011797993004
70,1.637652702979547e-06,1.1078776097290102e-05,0.011241754659427188,0.2540298429556752,2.1299536635191112e-05,5.261611190022543e-12,9.958854733568122e-05,0.0008792402632754094,4.464228307350827e-09,1.0516172296898857e-05,1.9752346624828516e-08,2.0652081733859582e-06,0.0017165164520118424,3.13255951564803e-06,2.5245955685312353e-11,1.559175907858026e-08,1.4117581338150631e-05,2.6912557206672044e-05,6.244797272942213e-10,2.7105553241941377e-05,3.7902127414143844e-08,2.769546826856251e-10,1.4810724967601017e-05,0.7318234325125768,7.686964511884686e-05
71,2.2387937663585593e-06,1.4390715277327264e-05,0.02101798355857513,0.39169866078041155,2.7117921881259334e-05,8.615024885617653e-12,0.00015864157492760599,0.0007869923425804614,5.8696065498530606e-09,1.0090855608093778e-05,3.036910288501385e-08,3.2749403754211954e-06,0.0024379192200024305,7.819322914159055e-06,3.2632899748694706e-11,2.4174922596235175e-08,1.2108425494037856e-05,2.8457053162316572e-05,7.622555337090081e-10,4.880148428811475e-05,4.415636928342092e-08,3.2449275185150445e-10,2.1636695776858462e-05,0.5836094552796071,0.00011430533735427151
