,0,1,2,3,4,5,6,7,8,9,10,11,12,13,14,15,16,17,18,19,20,21,22,23,24
0,2.6978873462038654e-05,1.6937782246451153e-10,1.0041959771195155e-06,1.298766488865869e-06,1.1667117412534912e-06,7.196071770488911e-05,0.0001148920767234469,6.502238272786695e-07,2.2572705680818729e-07,0.0005200918824852099,3.542774660464287e-10,3.791972376982267e-07,8.50894507675819e-05,2.116774143627263e-06,1.5537889292448046e-09,3.342087906251753e-05,0.0022561814811991082,0.00011681618667719493,2.01140996850104e-06,4.240489821690697e-05,0.00010376946205955306,1.2020370284016925e-08,0.03367185320958874,0.9629464298815507,1.2438962464327712e-06
1,2.3209236794149705e-05,1.7118349502437032e-10,9.517614275447371e-07,8.097175770455461e-07,1.1707983238545987e-06,6.895058677120043e-05,0.00011176538432683498,4.4203259306240524e-07,2.0194563914387536e-07,0.00039552489531496644,2.476407846749269e-10,3.344591720836656e-07,6.1023271693019565e-05,2.0017821271297304e-06,1.3644221212273113e-09,2.804264787185595e-05,0.0020454610506196466,8.741580895081903e-05,2.1020666658995594e-06,2.713472515557064e-05,0.00010172311558266107,1.1445721690228607e-08,0.02917067019961807,0.9678697755018175,1.2757829900943993e-06
2,2.272008495933004e-05,1.9890420359936678e-10,9.710417089217736e-07,8.414697020579528e-07,1.2591330641086544e-06,6.886170177312066e-05,0.00010924719898826967,5.051816932198464e-07,2.1531639492687848e-07,0.0004003558657707989,3.1699001598930623e-10,4.0072876403170786e-07,6.353035766774003e-05,2.462013624463816e-06,1.8605662824833028e-09,2.6054661776145258e-05,0.002155594671596338,0.000107476729649854,1.962409725997105e-06,3.454513031415526e-05,0.0001200429338531066,1.2002770521904354e-08,0.03536542839300745,0.9615159552384424,1.5553582925943275e-06
3,2.06459775435814e-05,1.6693076761449185e-10,8.330441226349489e-07,7.781803620819396e-07,1.0392307584278138e-06,6.564179754315668e-05,0.00011247540541642361,4.0718088772969396e-07,1.6911825246004144e-07,0.0003391417847937706,2.425282025555544e-10,3.664471527973071e-07,5.569192354338748e-05,2.1844397395307136e-06,1.39537423292178e-09,2.5944850955330615e-05,0.002059941796141791,9.434889822577226e-05,1.7889374882456753e-06,2.6627896064409885e-05,0.00010673873279085334,1.1699613939935527e-08,0.030146081927986974,0.9669378122978818,1.3266279015811542e-06
4,2.1022588778720666e-05,1.596055108133688e-10,8.38503953232075e-07,7.602614274793632e-07,1.0402353686553756e-06,6.286952892192785e-05,0.000111921041421096,4.1030923759554e-07,1.6218075154007666e-07,0.00033552740578477635,2.418563658291193e-10,3.6357866019999373e-07,5.877505650546932e-05,2.2123728554252623e-06,1.348410945032982e-09,2.6111429942449594e-05,0.002071410458265795,9.483019032486145e-05,1.8078961293184475e-06,2.7091091656605423e-05,0.00010349876465882072,1.126591980568453e-08,0.02885693363006002,0.9682211287712895,1.2716882137259464e-06
5,4.54623644476005e-06,1.9913216541359965e-11,9.130145874768631e-07,5.6875957178747505e-09,2.2729255565955602e-07,6.303936132115505e-06,2.5305532052895982e-05,5.1974423271702605e-08,5.748456819326566e-08,0.00018145917125471657,8.590518264819359e-12,7.579011872022154e-08,9.864003525909708e-06,2.947154961765392e-07,2.053965415488675e-10,1.0314953151448228e-06,0.0005340360183063909,6.154847765000724e-07,4.998339728703731e-07,1.3753409870683483e-06,2.2037306287077416e-05,1.0251488266338769e-09,0.007371993050426597,0.9918384953543152,8.10017808430142e-07
6,2.06459775435814e-05,1.6693076761449185e-10,8.330441226349489e-07,7.781803620819396e-07,1.0392307584278138e-06,6.564179754315668e-05,0.00011247540541642361,4.0718088772969396e-07,1.6911825246004144e-07,0.0003391417847937706,2.425282025555544e-10,3.664471527973071e-07,5.569192354338748e-05,2.1844397395307136e-06,1.39537423292178e-09,2.5944850955330615e-05,0.002059941796141791,9.434889822577226e-05,1.7889374882456753e-06,2.6627896064409885e-05,0.00010673873279085334,1.1699613939935527e-08,0.030146081927986974,0.9669378122978818,1.3266279015811542e-06
7,2.6717076060675823e-05,1.444002092115075e-10,1.0558138237982707e-06,8.149329752175535e-07,1.0170907413906354e-06,5.0966420839997134e-05,0.00011065527031022894,5.10881049359463e-07,1.55182960280739e-07,0.00043208493181674264,2.6895311717921436e-10,3.3425700277960416e-07,7.723739342760676e-05,2.023899461395873e-06,1.2188684596616752e-09,2.5807144683557885e-05,0.0020597684718708198,7.424787386108749e-05,2.018771139054468e-06,2.9019171768290632e-05,8.127915086126505e-05,1.0646848647478575e-08,0.02208448598409381,0.9749386655598097,1.122442372456498e-06
8,3.173998387677901e-05,7.633381392197642e-10,6.733558293044894e-07,3.249786997871431e-06,3.4268652568858786e-06,0.0004253329728317689,0.00020354163206969387,1.2230038271470873e-06,6.629805815165256e-07,0.0004464962788811672,1.0102114787104177e-09,1.0014005055385786e-06,0.00012330290982606995,4.478760476631475e-06,5.652389103732371e-09,0.00010143242818009877,0.004192142191690214,0.0012834877198825713,6.31751007924493e-06,9.21029888733497e-05,0.0002190477591017074,4.7876496381032945e-08,0.06643833544300236,0.9264194920022323,2.456723562700724e-06
9,2.0530503883380145e-05,3.4688272560096464e-10,8.309536616927483e-07,1.5258469675518708e-06,2.3342883433856067e-06,0.0002486077877587446,0.00018225176720912002,7.300506259838948e-07,2.526842064266441e-07,0.0002941542378135745,4.250050602610857e-10,8.703471109551081e-07,0.0001370486534978163,3.0780842469956017e-06,2.1528851242308028e-09,8.882396073372481e-05,0.003399585866352231,0.0005249498569527415,4.647151490725122e-06,6.168608499231286e-05,0.00017020810745664537,2.9034003958304583e-08,0.029394318047677004,0.9654623562244183,1.1775358240148058e-06
10,2.06459775435814e-05,1.6693076761449185e-10,8.330441226349489e-07,7.781803620819396e-07,1.0392307584278138e-06,6.564179754315668e-05,0.00011247540541642361,4.0718088772969396e-07,1.6911825246004144e-07,0.0003391417847937706,2.425282025555544e-10,3.664471527973071e-07,5.569192354338748e-05,2.1844397395307136e-06,1.39537423292178e-09,2.5944850955330615e-05,0.002059941796141791,9.434889822577226e-05,1.7889374882456753e-06,2.6627896064409885e-05,0.00010673873279085334,1.1699613939935527e-08,0.030146081927986974,0.9669378122978818,1.3266279015811542e-06
11,2.0697313226558252e-05,1.5447614946784442e-10,8.124324688431191e-07,7.399139864625541e-07,1.0016036402152198e-06,6.238837420335964e-05,0.00011152545186411619,4.151632904202912e-07,1.6157715770657427e-07,0.0003391912337789638,2.339630353985975e-10,3.562226400711839e-07,5.85425569393879e-05,2.117866812625053e-06,1.3203058215551768e-09,2.5799870798260324e-05,0.0020460883956236768,9.260118809831809e-05,1.788387561736298e-06,2.642143814924756e-05,9.923104076181135e-05,1.1144839581587115e-08,0.028036005187961933,0.969072867012769,1.2349146826902577e-06
12,2.736586370213422e-05,2.2489160746502614e-10,1.1895268570414838e-06,1.021303582496933e-06,7.973021561573813e-07,6.801910361331254e-05,0.00010873933038277815,8.034658180890408e-07,2.0985381458672822e-07,0.0004793828503469891,2.9902259983719537e-10,4.1450918181826026e-07,7.393338346186583e-05,1.652811149483429e-06,1.8505347789358477e-09,3.212069081387439e-05,0.0020562911488807064,7.691351112194905e-05,2.4900357344309785e-06,2.428077984576113e-05,9.687345109307434e-05,1.725874381065539e-08,0.022378441596538342,0.9745678814217333,1.158426978866439e-06
13,3.173587010701966e-05,1.5038804276986326e-10,1.1862998637305176e-06,1.0476399317428606e-06,1.1159670298008982e-06,4.141165649589229e-05,0.00012746129974399028,5.695440490394173e-07,1.5931833316076028e-07,0.00038258427170189427,5.733162117309027e-10,5.764699788411633e-07,8.340428949253445e-05,4.856721867907239e-06,2.2728115393123403e-09,3.0564939132338025e-05,0.0021836498092090094,0.00012703103364615663,1.4955909474354243e-06,4.708292949726458e-05,0.00012753173883639108,9.76024301519146e-09,0.03997049808037245,0.9568344768665727,1.5469064319610356e-06
14,2.3291033548812174e-05,2.434854009193963e-10,1.0931653117681217e-06,1.1082354198228572e-06,1.589746261183902e-06,9.243602778588394e-05,0.00011831177216854267,5.09424952562074e-07,2.1300204723466675e-07,0.00039785898542720263,3.6938677759719545e-10,4.4857829828100385e-07,7.755401261366773e-05,2.607933484242702e-06,1.881090770848334e-09,3.658081823650453e-05,0.002507937728022244,0.00015715650888538306,2.6268790982627056e-06,4.146790243555068e-05,0.00014304800041903593,1.5346228963338827e-08,0.03487773330939532,0.9615149967756906,1.412320305818181e-06
15,2.06459775435814e-05,1.6693076761449185e-10,8.330441226349489e-07,7.781803620819396e-07,1.0392307584278138e-06,6.564179754315668e-05,0.00011247540541642361,4.0718088772969396e-07,1.6911825246004144e-07,0.0003391417847937706,2.425282025555544e-10,3.664471527973071e-07,5.569192354338748e-05,2.1844397395307136e-06,1.39537423292178e-09,2.5944850955330615e-05,0.002059941796141791,9.434889822577226e-05,1.7889374882456753e-06,2.6627896064409885e-05,0.00010673873279085334,1.1699613939935527e-08,0.030146081927986974,0.9669378122978818,1.3266279015811542e-06
16,2.1428200183907962e-05,1.5326406408524023e-10,8.615645605519587e-07,8.905159653191145e-07,1.0899112831420276e-06,6.552920287124845e-05,0.00012286504712132472,4.3023819662608005e-07,1.4734375244896497e-07,0.0003228396410836103,3.135290887168191e-10,4.580842052540986e-07,6.570672918127093e-05,2.9219141609740375e-06,1.586986409320501e-09,3.217830658589188e-05,0.002169941686600396,0.00013420621137140632,1.7567445563280833e-06,3.4208550971421273e-05,0.00012434814138874493,1.1598912092010197e-08,0.03222925503684097,0.9646677088266475,1.2144497801788647e-06
17,2.13404449886372e-05,1.5980479861298969e-10,8.099367834122462e-07,8.017890418369488e-07,1.0169478604248422e-06,6.022005554491716e-05,0.00011838646157394652,3.971327288564558e-07,1.5654262887727925e-07,0.0003180412590066943,2.5009417358809725e-10,3.798833599855164e-07,5.604243614528709e-05,2.4198918337176087e-06,1.3461898208673097e-09,2.5650612307978744e-05,0.0020699521591559804,9.388764901449103e-05,1.6433969804265692e-06,2.7191383064170493e-05,0.0001030554256598598,1.1362931665924381e-08,0.02982461535016872,0.9672726192815971,1.3588415342169278e-06
18,1.9133794383186667e-05,1.643301833344589e-10,6.462371775958268e-07,6.455553870611331e-07,9.811834994357055e-07,5.7078140818901514e-05,0.00010917018631721144,3.4208366957993024e-07,1.586890163706841e-07,0.0003033216738569338,2.2889205006256094e-10,3.4538009626782326e-07,4.80250748888318e-05,2.3892613507070734e-06,1.3409088124774578e-09,1.9815601738097548e-05,0.002263341779230666,9.454565242644216e-05,1.6073082643889306e-06,2.4913376133432885e-05,9.087409407240724e-05,1.1487430612433457e-08,0.031823277268065706,0.9651377172871609,1.6571508840121027e-06
19,1.829111009838892e-05,1.3937891877782814e-10,8.50376614522669e-07,6.937344575826006e-07,9.30432073587778e-07,6.540275131597133e-05,0.00011629141771686173,3.940917825600566e-07,1.5624851413096278e-07,0.00036449367773042253,1.9229478660901695e-10,3.458962663882866e-07,5.532885966012815e-05,1.7011048984547134e-06,1.0973097378496285e-09,2.4580854642423002e-05,0.00187842271999413,6.829957107288168e-05,1.6372929443330904e-06,2.3681815636936974e-05,9.130579983256538e-05,1.1173293318414441e-08,0.024131693612431327,0.9731543238556761,1.1621743634053204e-06
20,1.728068197214019e-05,6.279498950146584e-11,6.636156461834167e-07,4.223844097780736e-07,1.0389546897604452e-06,4.252875750116877e-05,9.898928950978325e-05,1.918043869978158e-07,1.13242322791751e-07,0.00030016828161616216,1.2790814513645607e-10,2.2045666005813223e-07,5.091849345057162e-05,1.8009532214183966e-06,5.263586919902218e-10,1.762196228522803e-05,0.001700210337842711,5.526750375085642e-05,1.2330786715854354e-06,2.263659989662614e-05,6.485985270870849e-05,4.7271236606642156e-09,0.02593770530907461,0.9716851364300301,9.865661675464546e-07
21,2.9531509319346435e-05,2.0347683306971455e-10,1.0194997658777693e-06,1.2421708851793439e-06,1.3309100755093652e-06,7.073248981439468e-05,0.00013527056670294463,5.113481153430036e-07,2.0126021774499352e-07,0.00039167008197591097,4.464142543541464e-10,5.154746828298562e-07,6.910863128271565e-05,3.655929489630486e-06,2.0243954261997415e-09,3.515260920450098e-05,0.0023289675782849897,0.00014235618932972448,2.0035469593201206e-06,3.887247939351546e-05,0.00013212629674702934,1.38306122294388e-08,0.03827946926790759,0.9583346124386455,1.6332163017525401e-06
22,2.2840432694378576e-05,1.6714394720636374e-10,9.522968444596124e-07,9.858423077907902e-07,1.087568269105844e-06,6.391111936279656e-05,0.00011872701252829401,4.105138481810648e-07,1.611935714275002e-07,0.0003786502855948583,3.284372746920212e-10,3.946118221894336e-07,6.228231844537604e-05,2.5707214571953415e-06,1.4890972865192654e-09,2.9315645554456384e-05,0.002367728154863837,0.00011224330749897517,1.7898684567187305e-06,3.365629937768735e-05,0.00012003262836445867,1.2420442130689977e-08,0.034004652647044664,0.9626762201632179,1.3729637547475695e-06
23,2.06459775435814e-05,1.6693076761449185e-10,8.330441226349489e-07,7.781803620819396e-07,1.0392307584278138e-06,6.564179754315668e-05,0.00011247540541642361,4.0718088772969396e-07,1.6911825246004144e-07,0.0003391417847937706,2.425282025555544e-10,3.664471527973071e-07,5.569192354338748e-05,2.1844397395307136e-06,1.39537423292178e-09,2.5944850955330615e-05,0.002059941796141791,9.434889822577226e-05,1.7889374882456753e-06,2.6627896064409885e-05,0.00010673873279085334,1.1699613939935527e-08,0.030146081927986974,0.9669378122978818,1.3266279015811542e-06
24,1.5983286159930312e-05,1.3860635165283867e-10,7.522882002155652e-07,4.7058827187571084e-07,7.78214248877687e-07,5.554078163187236e-05,9.412480483522884e-05,3.562274226680925e-07,1.5847516235992995e-07,0.00030953326499804745,1.7282969929119417e-10,3.0947123613522814e-07,4.368413241815922e-05,1.6667488653070138e-06,1.3224196480143345e-09,1.9081958074673347e-05,0.0017856073754594175,6.651326870204315e-05,1.5234008035989213e-06,1.9283178612724364e-05,9.964963582866719e-05,9.632987216125047e-09,0.028989836018664464,0.9684939210637751,1.2145497858297745e-06
25,1.5935430136010945e-05,2.0502370195011934e-10,7.63372963920407e-07,6.157104857422533e-07,1.0643308309990872e-06,8.778923649015882e-05,9.550685928632709e-05,3.240769892566228e-07,2.020385786760401e-07,0.00031928548954967965,1.6068362987138864e-10,3.1035156857472344e-07,4.005596914091948e-05,1.538523682162616e-06,1.309602876158797e-09,2.263759235141082e-05,0.001943426981497122,7.914611062936058e-05,2.0662365715959974e-06,1.8619570188580998e-05,0.00011688335049408854,1.3338927553962879e-08,0.03128804888668217,0.9659643540762708,1.4107913745865895e-06
26,6.421334281139538e-05,8.177387288784886e-10,6.942982553078047e-06,1.6495358486810163e-05,2.0799178976595157e-06,0.00013073306650446855,0.0003198300736859314,4.4418797915822105e-06,1.4447379412014992e-07,0.0007794946578512435,5.237538171200225e-09,1.0380868206224086e-05,0.0003881412261682317,2.2526625317181754e-05,1.1996626297347902e-08,0.00023782185158942507,0.002798241226179693,0.00041490999306844733,2.8557913745144074e-06,0.00025342902065142003,0.00043630268856875503,9.267912542197741e-08,0.024666191047066584,0.9694426375601519,2.075617252924662e-06
27,2.2484334143928642e-05,2.2230578026742845e-10,8.028395761306052e-07,8.903393737016768e-07,1.1033833368760373e-06,7.677363811545425e-05,0.00011946639122660094,4.930337565836446e-07,2.1326442765674272e-07,0.000366840307041758,2.7380625909458386e-10,3.936454557619499e-07,5.517787645197288e-05,2.2114941247590137e-06,1.7212113385988357e-09,2.6747657062477445e-05,0.002167009904974817,0.00010414671228533961,2.055685459544871e-06,2.6369213261393545e-05,0.00010401170193993518,1.4917070437588887e-08,0.03108401893758793,0.9658371651787888,1.6073272144519843e-06
28,2.06459775435814e-05,1.6693076761449185e-10,8.330441226349489e-07,7.781803620819396e-07,1.0392307584278138e-06,6.564179754315668e-05,0.00011247540541642361,4.0718088772969396e-07,1.6911825246004144e-07,0.0003391417847937706,2.425282025555544e-10,3.664471527973071e-07,5.569192354338748e-05,2.1844397395307136e-06,1.39537423292178e-09,2.5944850955330615e-05,0.002059941796141791,9.434889822577226e-05,1.7889374882456753e-06,2.6627896064409885e-05,0.00010673873279085334,1.1699613939935527e-08,0.030146081927986974,0.9669378122978818,1.3266279015811542e-06
29,2.06459775435814e-05,1.6693076761449185e-10,8.330441226349489e-07,7.781803620819396e-07,1.0392307584278138e-06,6.564179754315668e-05,0.00011247540541642361,4.0718088772969396e-07,1.6911825246004144e-07,0.0003391417847937706,2.425282025555544e-10,3.664471527973071e-07,5.569192354338748e-05,2.1844397395307136e-06,1.39537423292178e-09,2.5944850955330615e-05,0.002059941796141791,9.434889822577226e-05,1.7889374882456753e-06,2.6627896064409885e-05,0.00010673873279085334,1.1699613939935527e-08,0.030146081927986974,0.9669378122978818,1.3266279015811542e-06
30,2.06459775435814e-05,1.6693076761449185e-10,8.330441226349489e-07,7.781803620819396e-07,1.0392307584278138e-06,6.564179754315668e-05,0.00011247540541642361,4.0718088772969396e-07,1.6911825246004144e-07,0.0003391417847937706,2.425282025555544e-10,3.664471527973071e-07,5.569192354338748e-05,2.1844397395307136e-06,1.39537423292178e-09,2.5944850955330615e-05,0.002059941796141791,9.434889822577226e-05,1.7889374882456753e-06,2.6627896064409885e-05,0.00010673873279085334,1.1699613939935527e-08,0.030146081927986974,0.9669378122978818,1.3266279015811542e-06
31,1.8713134902800297e-05,1.681744511440009e-10,7.335375970319872e-07,8.121604437055183e-07,1.0937164141260923e-06,7.519133675896306e-05,0.00012196421976022472,3.5175039658079923e-07,1.7750676362866133e-07,0.0003448922879444114,2.3387259485206844e-10,3.7454498257198693e-07,4.846715460288252e-05,2.2243872720456642e-06,1.3440613478665073e-09,2.5385318008812634e-05,0.0020913046321019116,9.72163635418435e-05,1.6777872103344328e-06,2.6073150310969884e-05,0.00010720455116293381,1.2608776031530387e-08,0.032907853385853426,0.9641267838517347,1.4908673518714044e-06
32,2.0943198092526648e-05,1.7356805712413669e-10,8.409155972242859e-07,7.598259076875051e-07,1.0626470561624431e-06,6.626065492290759e-05,0.00010991566578180201,4.0903197961297226e-07,1.7190804373813162e-07,0.0003376873376664014,2.400203651750275e-10,3.6163321587823447e-07,5.640142862159102e-05,2.1664364032539703e-06,1.4048424335797336e-09,2.5974141365601932e-05,0.0020779205264766397,9.530750421321757e-05,1.9047584945864049e-06,2.593765015957873e-05,0.00010564889376616717,1.1921875625906103e-08,0.029459911970738332,0.9676090752211681,1.3249100223467418e-06
33,1.954555443787882e-05,1.4654326086917496e-10,7.480941014618087e-07,7.196356523524705e-07,9.533954243645353e-07,6.138037865381204e-05,0.00010980079636555378,3.78899877156717e-07,1.4395136592464972e-07,0.00031278842546145533,2.0917871071855248e-10,3.413225961001976e-07,5.657417018124624e-05,2.027748007544513e-06,1.1676152913467324e-09,2.5531083988008368e-05,0.0020474964172517767,9.309155962529025e-05,1.7511620517655369e-06,2.48852420029238e-05,9.423281128195462e-05,1.1076170261698015e-08,0.02620701557263687,0.9709394249230449,1.1562564841334004e-06
34,1.574499685264471e-05,1.7003555607307077e-10,7.37012846354564e-07,7.796531503733342e-07,9.491123818306518e-07,7.72468261443217e-05,0.00011840374843157417,3.876025122617599e-07,1.6108071090119178e-07,0.0003271664810065147,2.0984902484629235e-10,3.788864946018468e-07,4.874489598868679e-05,1.8832848679599565e-06,1.349737564607094e-09,2.572318406147922e-05,0.0020546448798087406,9.446650900257671e-05,1.5896428087562863e-06,2.58690378176942e-05,0.00011221610739597431,1.3271252461847584e-08,0.029849553994170646,0.9672420162877913,1.321774880259459e-06
35,2.7426871851515053e-05,2.3111465816945049e-10,8.360697203724433e-07,9.220779189532589e-07,1.1358880131230218e-06,7.612755276064957e-05,0.00011628213413391378,5.716458715019568e-07,2.4665711135077325e-07,0.0003858789627732365,2.7945397429963763e-10,3.631779817255923e-07,6.250942884132155e-05,2.0825238655091583e-06,1.7124019450564583e-09,2.8762222511506047e-05,0.002167018620601963,0.00010425855853443323,2.405662084956171e-06,2.5511937494776366e-05,9.477805746391501e-05,1.457321946856466e-08,0.029491931233930204,0.9674094234387975,1.5104815476853111e-06
36,1.9968311772815558e-05,1.3572023695206455e-10,5.971803150432067e-07,7.47781478071534e-07,7.960701175261556e-07,5.6351531668159113e-05,0.0001317503207323766,4.575016662157282e-07,1.3391626865098464e-07,0.00030237980847077874,2.6975771393045946e-10,4.6412896574876947e-07,6.091599213077988e-05,2.7126540255543825e-06,1.441344762556541e-09,2.5923438380270296e-05,0.0022037783371792745,0.0001188952954248683,1.4912384783443676e-06,2.8271170532547692e-05,8.352126726612342e-05,1.2351132140491644e-08,0.026435109213187927,0.9705244033203247,1.3173236589887512e-06
37,2.1048653710927755e-05,1.211729430348936e-10,7.850771105745483e-07,7.210646210001184e-07,9.536727511216306e-07,4.6726287863474275e-05,0.00011437381016707738,2.9615303983658313e-07,1.1013514567015178e-07,0.0002658579241214528,2.3278073752378713e-10,3.6300017646012737e-07,5.366403275951753e-05,2.8414484320903182e-06,1.097967204161151e-09,2.4380658095237685e-05,0.0019935323219995122,9.203599342009927e-05,1.4150921772695571e-06,2.5952866540721765e-05,0.00010338893615074154,9.094551712451592e-09,0.029081063759717914,0.9681692873606638,1.1912048631706071e-06
38,1.854915757237352e-05,1.6402656596679937e-10,7.923879720978596e-07,7.187647301984351e-07,1.0103798860529614e-06,7.554379872261008e-05,0.00011529329278834115,4.060420192854324e-07,1.6889512247390606e-07,0.0003174800659227662,2.439952433941869e-10,4.0755051254411636e-07,5.624138910894035e-05,2.209648845386101e-06,1.5758599082391403e-09,2.989332282650863e-05,0.0020166570383491674,0.00011769456097801444,1.9167991040136793e-06,2.5889136254944673e-05,0.0001229799031104,1.2358807018567142e-08,0.03164433414353713,0.9654506312974027,1.1680825452116886e-06
39,1.652171017958218e-05,2.0120546141239462e-10,9.556603395659307e-07,7.720316012401582e-07,1.0175954238469057e-06,8.601303438332708e-05,0.0001031395137872513,4.4773387788187616e-07,1.7370898883064656e-07,0.0003001567063574271,2.0530768864042233e-10,3.8568024226901494e-07,5.458580146575868e-05,1.7190342099613738e-06,1.5094214875737107e-09,3.105866496094345e-05,0.0020584422503192733,0.00010060655149217527,2.0079954767623925e-06,2.654221169773758e-05,0.00014465438625547417,1.3378286539577496e-08,0.03005165221491424,0.9670179954476639,1.136772141343694e-06
40,2.0622014430467895e-05,1.6669151881617232e-10,9.831228759003787e-07,6.097446536867443e-07,1.2114801510178396e-06,5.232905732534758e-05,0.00010969751368679231,3.172392586307535e-07,1.3830937024575239e-07,0.00026489376961705117,2.4071888997791597e-10,4.173804202743891e-07,5.3846798040442146e-05,3.052391620988349e-06,1.3597903578485713e-09,2.29853235466357e-05,0.001957144566883748,8.205594186225538e-05,1.7012340587243006e-06,2.565523309635035e-05,0.00011442262384352717,1.0053319807047746e-08,0.029261249492966532,0.9680251730559344,1.4818858363249439e-06
41,1.9489164470983632e-05,1.5744186715564727e-10,8.074124716954745e-07,7.211053802262071e-07,9.821703826076066e-07,6.285064000483813e-05,0.00011030666093919092,3.840713356950145e-07,1.5862367824589052e-07,0.00032881838521660637,2.284545126539049e-10,3.61707750403543e-07,5.321554567172271e-05,2.1347650999138774e-06,1.3388913715062769e-09,2.4484127652565887e-05,0.002031954469982348,8.923571200974864e-05,1.69069779386659e-06,2.5545077293029755e-05,0.00010488442266442154,1.1313688299998042e-08,0.02964855319875933,0.967492097935026,1.3110679404170714e-06
42,2.2251565347679134e-05,2.7393305780243034e-10,1.1014146685015712e-06,1.2037937104439019e-06,1.0715740858244578e-06,9.944535431347645e-05,0.0001129984726721062,6.800187260921009e-07,2.271106072232347e-07,0.0003905823564094969,2.721434696825512e-10,4.240662626079142e-07,6.849757053407008e-05,1.7017753330524298e-06,1.757601968231022e-09,3.9870502198602646e-05,0.0022582043204946484,0.00011126086348686514,2.689483416781801e-06,2.9202186345502708e-05,0.00012649053987898499,1.904641266583725e-08,0.026845700185197156,0.9698851815261496,1.1939700699729165e-06
43,1.532452608550959e-05,1.4464352514041364e-10,8.006305471538911e-07,6.414084072577364e-07,9.112731306317638e-07,7.443487314968538e-05,9.554519670153453e-05,4.0643633398503e-07,1.6525848875801043e-07,0.0003690256131934787,1.687990347973594e-10,2.9394698167862725e-07,5.427945529460897e-05,1.3450483644409102e-06,1.1754883303885408e-09,2.5199862606100807e-05,0.0019299305594931515,8.090440691869787e-05,1.814906204768635e-06,2.4292647475806796e-05,0.00010848279815191161,1.0912394558760828e-08,0.026448813086959497,0.9707664149175393,9.607466466220282e-07
44,2.06459775435814e-05,1.6693076761449185e-10,8.330441226349489e-07,7.781803620819396e-07,1.0392307584278138e-06,6.564179754315668e-05,0.00011247540541642361,4.0718088772969396e-07,1.6911825246004144e-07,0.0003391417847937706,2.425282025555544e-10,3.664471527973071e-07,5.569192354338748e-05,2.1844397395307136e-06,1.39537423292178e-09,2.5944850955330615e-05,0.002059941796141791,9.434889822577226e-05,1.7889374882456753e-06,2.6627896064409885e-05,0.00010673873279085334,1.1699613939935527e-08,0.030146081927986974,0.9669378122978818,1.3266279015811542e-06
45,2.0595164082752324e-05,1.5937735772497853e-10,8.008028204912784e-07,7.690621091605212e-07,9.187727481442097e-07,6.659624988627652e-05,0.00011548388271640532,5.021453295128315e-07,1.6662530206747876e-07,0.000353546363873003,2.3114366329700702e-10,3.659860950678232e-07,6.234312097881207e-05,1.9060888512295527e-06,1.4198208606099922e-09,2.865003267649643e-05,0.001978675550661344,9.596294710889028e-05,1.914976183857093e-06,2.561036773563396e-05,9.648725996280413e-05,1.2343440796004182e-08,0.024870957281975345,0.9722766513703128,1.0817948073502764e-06
46,2.1885653416060193e-05,1.9974373735875493e-10,9.103210838774951e-07,8.00429688220286e-07,1.198536000514082e-06,6.962808941059947e-05,0.00011252387948225857,4.4864511785094153e-07,2.0325366829595973e-07,0.0003558121712103475,2.830263040353186e-10,3.9171427983082223e-07,5.5761891100592116e-05,2.4645002993769807e-06,1.7819684390023303e-09,2.6533699263538425e-05,0.001990980624209261,0.00010404268827640019,1.949728794694737e-06,2.8123030540829297e-05,0.00011904404549033429,1.2222600689967432e-08,0.034155914123407335,0.962949874036377,1.494451543569845e-06
47,2.3769343546453505e-05,1.2401745013344904e-10,7.781868798025827e-07,7.302459479921634e-07,8.715149922129049e-07,5.2893022138073326e-05,0.0001084363019416484,3.962300832995398e-07,1.2714567583330416e-07,0.00031761366360135774,2.0762016636017104e-10,3.333348801760611e-07,6.466271436000278e-05,2.014236192300182e-06,1.011263048074021e-09,2.730556471288067e-05,0.002018936985130026,8.51270915584685e-05,1.8382974495770187e-06,2.360432518280331e-05,8.168950927712943e-05,1.009113084556176e-08,0.02211085731502634,0.9750770226405886,9.808968032242545e-07
48,1.640589630904644e-05,1.2325626295706438e-10,5.757230051858434e-07,4.969802892404195e-07,7.125666381227251e-07,5.5631891565379626e-05,9.201845506092178e-05,3.434471682535628e-07,1.267788809673034e-07,0.00030164699769792886,1.3027697623469934e-10,2.513936603220356e-07,4.843301415696992e-05,1.3105582647160836e-06,8.705693688955534e-10,1.966447349346247e-05,0.0019062827882028912,6.85503690019385e-05,1.7620513126935027e-06,1.6927051738648406e-05,6.680495393451521e-05,1.0318552700060562e-08,0.019401390387637673,0.9779996993366016,9.534427241065832e-07
49,1.7881211716285888e-05,1.7827242803773882e-10,8.993606972011577e-07,7.831495464567099e-07,1.041918701975713e-06,7.609757433817587e-05,0.00011338193749542622,4.266615846006276e-07,1.6890940036783723e-07,0.0003409686967037146,2.225875893913059e-10,3.9111160657164275e-07,5.666390364133208e-05,1.892884090113467e-06,1.3719606654257131e-09,2.75048175739451e-05,0.0020501886367740394,9.038282739206062e-05,1.831945812955021e-06,2.759006798073939e-05,0.00011518768930488061,1.3006291258592627e-08,0.02801116208885365,0.9690642876132914,1.2522143821802163e-06
50,2.1323923878586213e-05,1.0196538052843652e-10,7.015971913426587e-07,6.088792491865502e-07,8.177911133338264e-07,4.483182678698479e-05,0.00011350966808048132,3.787449410809164e-07,1.270119759245612e-07,0.00035676295575998965,2.0588789021414851e-10,3.0606791226688784e-07,5.822348624221455e-05,2.0393420215007464e-06,1.019302171743063e-09,2.1198359147492985e-05,0.0018422988415347575,7.10256990563283e-05,1.454850294240302e-06,2.341499684859541e-05,6.969620908422829e-05,8.562622268407986e-09,0.022589253953305497,0.9747809406344383,1.0752713599529007e-06
51,1.955318311514388e-05,1.4551692146640737e-10,7.981549303611651e-07,6.833920341832676e-07,9.919423507583023e-07,6.073940875297503e-05,0.000107958478787845,3.692674024850285e-07,1.5590482852748847e-07,0.00032742664128664577,2.1657652464482405e-10,3.421866803420332e-07,5.42927322455755e-05,2.076385565482434e-06,1.2388027098925548e-09,2.4189393439203825e-05,0.0019890510751330685,8.660297295973042e-05,1.6888019199642239e-06,2.5201147283781892e-05,0.00010011394389239531,1.0402912470648312e-08,0.028931782214070337,0.968264731341948,1.2394275646854008e-06
52,2.7719352712340007e-05,1.669597292400424e-10,8.630481050426177e-07,1.0520298134739832e-06,1.218560697127993e-06,7.8357820660467e-05,0.00011684035922337443,6.476963246720549e-07,2.1923184383968952e-07,0.0005261993175227722,3.3373845317140623e-10,3.961074611361312e-07,7.9699970835039e-05,2.264700275530733e-06,1.715280212826728e-09,3.2637837843952426e-05,0.0021253432529136107,0.0001309561364964254,2.4070855813776152e-06,3.62999182888137e-05,9.426894081091313e-05,1.2917454260756173e-08,0.027296087175134848,0.9694453341044105,1.1722196121782282e-06
53,1.784162680549674e-05,1.3411665843731984e-10,8.108261592253279e-07,7.922350691744976e-07,1.0252046923513194e-06,6.074328983859197e-05,0.0001292676864533697,3.4181983688911213e-07,1.4750985230536567e-07,0.0003154960971555871,2.8593803336476017e-10,4.252964807002743e-07,5.2852261681217725e-05,2.760544940081905e-06,1.4538726885810933e-09,2.58798878555349e-05,0.002056057959880999,0.00010536244624450978,1.2800617339021344e-06,3.325353254791241e-05,0.00012704556300933322,1.0089387639645637e-08,0.03908341669396607,0.9579837739288597,1.413563621977388e-06
54,1.6077910948763557e-05,7.426363566901773e-11,8.954782646580324e-07,5.235871059931856e-07,8.982274800880032e-07,4.70507393075016e-05,9.102636645153419e-05,2.9377069500634644e-07,1.0430640867907762e-07,0.0003115338709291103,1.7100863715474277e-10,2.6849786204697325e-07,6.760394781170431e-05,1.701528641802191e-06,7.572093004013129e-10,2.5032945374538544e-05,0.001856389627062989,7.854215372449763e-05,1.3980179557253518e-06,3.055025981717578e-05,9.832796276185767e-05,5.748740301965742e-09,0.025939436650384496,0.9714316471544573,6.902453325756279e-07
55,2.0466355341243816e-05,1.3564831514000883e-10,7.101642872382795e-07,7.529178182270811e-07,1.0501049633524367e-06,6.708959095766294e-05,0.00012839896839428138,4.525893688848073e-07,1.633018323845649e-07,0.00032171441547698893,2.6044882641262183e-10,4.959977429943926e-07,6.591645613397336e-05,2.7422051992362867e-06,1.4421604034141336e-09,2.961992210349643e-05,0.0019278763364591405,0.00011900003110961068,1.6019631073792187e-06,3.1415113343385706e-05,9.680871011499534e-05,1.0754824670937575e-08,0.02907054512598113,0.9681118939856056,1.2731515765631243e-06
56,2.094583058417641e-05,1.6179155946018197e-10,8.370373333576197e-07,7.740139556634092e-07,1.044114849695216e-06,6.459013837472397e-05,0.00011290953051777249,4.205045606590231e-07,1.6650447380717937e-07,0.0003437563440217558,2.4385922027164623e-10,3.673504828885635e-07,5.884496297871192e-05,2.1836505293019795e-06,1.3711231718618444e-09,2.6310353333496495e-05,0.002066568384022817,9.52059105719088e-05,1.8110052364774132e-06,2.7384636210957374e-05,0.00010354751872843074,1.1478939776053661e-08,0.028951330462967825,0.9681197063354834,1.2821550687645612e-06
57,1.719685947149498e-05,1.3181870503800943e-10,9.557190521823527e-07,6.224908382724057e-07,1.076444349787455e-06,6.065438152126482e-05,0.00010580198180517211,3.750811093206236e-07,1.421204919097269e-07,0.0003364172132192325,1.9820563409021217e-10,3.5464995269967865e-07,6.263124172098325e-05,1.903388305124833e-06,1.0921916035469391e-09,2.5125085194397663e-05,0.001953714149685645,7.61174054571465e-05,1.6901335105340116e-06,2.9340940192509134e-05,0.00010184964043874084,9.54415628556909e-09,0.024873743840056903,0.972349196694285,1.0795729695680234e-06
58,0.0002459026571892045,3.8671418031906504e-08,1.0735708820646609e-05,0.0006242418218084426,2.002399377160593e-05,0.0008155435426862406,0.0003051392529989337,7.571801642218419e-06,1.7389209918046523e-05,0.0024677049227573395,5.579537004447498e-07,7.401713424097486e-06,8.136873123674883e-05,6.290091181121419e-05,4.2467812416930144e-07,0.00027292155756953733,0.002774212608906251,0.002368928020969563,5.428821673705781e-06,0.0008785507875614033,0.0012995589610825353,4.444401483538432e-07,0.8862472478544028,0.10140853973429519,7.722164208354924e-05
59,0.00017581915715942232,5.905645826502413e-09,1.7104845152104066e-06,2.6947018228492305e-05,6.2511399077216155e-06,0.000536461732973506,0.0003201810687478777,2.779713268898715e-06,3.4192710431559097e-06,0.0012687427916348948,1.0415193166556861e-08,2.485091196485483e-06,8.488365164685823e-05,1.9285581143191464e-05,3.905117372865704e-08,0.0001269351117473409,0.0054288286688103414,0.0012514160818369385,8.966379858721984e-06,0.00010186249782772695,0.00040318412859086035,1.9790507226737944e-07,0.23714104912826137,0.7530667634082363,2.177461627963052e-05
60,2.06459775435814e-05,1.6693076761449185e-10,8.330441226349489e-07,7.781803620819396e-07,1.0392307584278138e-06,6.564179754315668e-05,0.00011247540541642361,4.0718088772969396e-07,1.6911825246004144e-07,0.0003391417847937706,2.425282025555544e-10,3.664471527973071e-07,5.569192354338748e-05,2.1844397395307136e-06,1.39537423292178e-09,2.5944850955330615e-05,0.002059941796141791,9.434889822577226e-05,1.7889374882456753e-06,2.6627896064409885e-05,0.00010673873279085334,1.1699613939935527e-08,0.030146081927986974,0.9669378122978818,1.3266279015811542e-06
61,3.172840493763406e-05,3.1067133121975e-10,1.009329058433204e-06,1.8134091693564537e-06,1.5143496354141978e-06,0.0001032389165704043,0.00014599661111880166,6.943104273462429e-07,3.0025986466816013e-07,0.00048163810451632566,5.500863641993741e-10,5.637249747156986e-07,7.337930319653413e-05,3.330071941406612e-06,2.6539200035294637e-09,4.025341076588625e-05,0.0026114329246649894,0.00017964434441963378,2.4026024731759644e-06,4.433966344254416e-05,0.00014359746253324914,1.9904425860176193e-08,0.04552702685003259,0.9506039949635469,2.077563606604006e-06
62,2.06459775435814e-05,1.6693076761449185e-10,8.330441226349489e-07,7.781803620819396e-07,1.0392307584278138e-06,6.564179754315668e-05,0.00011247540541642361,4.0718088772969396e-07,1.6911825246004144e-07,0.0003391417847937706,2.425282025555544e-10,3.664471527973071e-07,5.569192354338748e-05,2.1844397395307136e-06,1.39537423292178e-09,2.5944850955330615e-05,0.002059941796141791,9.434889822577226e-05,1.7889374882456753e-06,2.6627896064409885e-05,0.00010673873279085334,1.1699613939935527e-08,0.030146081927986974,0.9669378122978818,1.3266279015811542e-06
63,2.1277299999758156e-05,1.976900850068764e-10,8.548832177421161e-07,8.223090552351236e-07,1.0998077139479296e-06,7.066191046589851e-05,0.00011387085298191272,4.275246506766257e-07,1.8720915479434905e-07,0.00034204165769968303,2.5894285491056367e-10,3.82336520698788e-07,5.479756471931911e-05,2.258358745608367e-06,1.5673507430121914e-09,2.646337238092731e-05,0.002130612608671485,9.931993147777785e-05,1.934574561953362e-06,2.6462579184281178e-05,0.00011284616882298381,1.3214768581813827e-08,0.03159722958959471,0.9653949644432832,1.469778345126494e-06
64,1.915906351212357e-05,1.6879541469342063e-10,9.030813325748866e-07,7.445871549055602e-07,1.0671041540027287e-06,6.702502747718705e-05,0.00010830691783127399,3.7911296674996315e-07,1.6592768936455966e-07,0.0003280909003484988,2.395304894546924e-10,3.803972946262413e-07,5.382265186168851e-05,2.215188006228973e-06,1.4304188308095783e-09,2.5904872956835238e-05,0.002069162228469574,9.173267137306657e-05,1.7381590226963457e-06,2.7256897637871485e-05,0.0001237200304708307,1.148392185844205e-08,0.03234666262153389,0.9647302167222053,1.3325140342173195e-06
65,2.306599003430264e-05,1.5199926046433383e-10,8.345008418406372e-07,7.529774961661668e-07,9.811479985287388e-07,6.070652313185266e-05,0.00011311246982589222,4.3926232947446784e-07,1.6953208391965286e-07,0.0003610392397043006,2.3961794093211904e-10,3.462143539847587e-07,6.016887585365452e-05,2.0930311999344263e-06,1.3013676338178348e-09,2.675983478822717e-05,0.001974721443907943,8.732824458213168e-05,1.9044243740912013e-06,2.4488252195134388e-05,8.996790042537229e-05,1.1121649022005571e-08,0.02606709478445001,0.9711028337909194,1.178744869985017e-06
66,1.6044473819543823e-05,5.673682904343337e-11,1.0058342740406961e-06,4.503306723508465e-07,1.0323727463906724e-06,4.538807428380628e-05,9.31442838281337e-05,2.813852958022341e-07,9.471480062388089e-08,0.00034815257095953037,1.2758288421385113e-10,2.302844173220978e-07,8.673396984864643e-05,1.307743852009068e-06,4.841235495037944e-10,2.4920143955201145e-05,0.0017482114410013543,5.526458143890424e-05,1.5289268714949784e-06,3.106164806416317e-05,7.464813951558154e-05,4.808708360708173e-09,0.017561052962311675,0.9799088985448042,5.420960876326589e-07
67,3.0358408244383495e-05,1.1622832417353777e-10,7.360157412144489e-07,6.769148123956087e-07,9.05551959422741e-07,5.126433678079044e-05,0.00010646958488954664,5.742063046321831e-07,1.8979580406589555e-07,0.0004445236072054678,1.9578266164983405e-10,2.75378535020983e-07,7.74433088852808e-05,1.7099621589365121e-06,1.0251855387758193e-09,2.8127924243725946e-05,0.001550020835461313,7.052789953430406e-05,2.3011853559212885e-06,1.8546721072924672e-05,5.0654442315392287e-05,8.859146737944671e-09,0.01695667376460883,0.9806072088752049,8.010845382989629e-07
68,4.06189751995588e-05,1.528115300448138e-10,7.854131415113156e-07,9.495802768346768e-07,1.2591667012829496e-06,4.388092974335999e-05,0.00011882336923071557,4.117815418329084e-07,1.9298388704966008e-07,0.0004137849787218124,3.306799824001864e-10,2.5937171985326903e-07,6.784281600781026e-05,3.00260103020526e-06,1.2002174877891991e-09,2.558567897270269e-05,0.002270100918033423,9.706014193319707e-05,2.3337552349931957e-06,2.511339159066674e-05,6.330998196130638e-05,9.668594914344657e-09,0.027919517013448424,0.9689037160987579,1.439700561562885e-06
69,2.092373489664697e-05,1.7501526328877702e-10,8.588024151791956e-07,8.246079580885607e-07,1.0872854192244524e-06,6.826843035053847e-05,0.00011402741394493697,4.2275175172854373e-07,1.7800935227824354e-07,0.00035172272865183706,2.655896657420775e-10,3.803704896913638e-07,5.70449299816689e-05,2.280102455146758e-06,1.5073119018634024e-09,2.652617882629194e-05,0.0021288657854639,0.00010135608485956826,1.8068535690308644e-06,2.8987640994014254e-05,0.00011360192594602293,1.202983909374878e-08,0.03245090972279315,0.9645285160118551,1.3966502699636654e-06
70,2.5919468132154643e-05,2.5394930657561755e-10,1.3453684068380864e-06,1.7819778097125221e-06,1.4758901738245433e-06,0.0001047058074029389,0.00014621894011987763,6.862368740038805e-07,2.625102293273965e-07,0.0005054775457790837,4.255613175957862e-10,5.358194622486611e-07,8.131217348041395e-05,2.4896234317750244e-06,1.950311983213764e-09,4.407897737138941e-05,0.002291575886347866,0.00012489359914005088,2.214721014724829e-06,4.653737907323641e-05,0.000146552928428738,1.768993355877556e-08,0.03688101148877863,0.9595893504987396,1.5528400472821633e-06
