,0,1,2,3,4,5,6,7,8,9,10,11,12,13,14,15,16,17,18,19,20,21,22,23,24
0,5.293321192970724e-05,3.8774156676406873e-10,1.4008872744155984e-06,2.035277103948536e-06,1.6609398946140376e-06,8.951647387605755e-05,0.00013483797209938928,9.88490175007357e-07,5.58337404969571e-07,0.0008381807338371915,7.776614814580097e-10,4.85851911674032e-07,8.393971671180863e-05,3.208018492403799e-06,3.4123179215797606e-09,3.7542073883113393e-05,0.002303152355774276,0.00012532379772590757,3.320368400753609e-06,3.690004175713314e-05,0.00010380320548063681,2.0578167460680866e-08,0.04798451610914597,0.9481931722029573,2.498778275275335e-06
1,3.804769036101425e-05,3.83551990839518e-10,1.1825415325460813e-06,8.815565183941476e-07,1.5390401534420213e-06,8.021299957261238e-05,0.00012871798570843838,4.987485757621429e-07,4.020737523652626e-07,0.0004782527343140513,4.1420265528047995e-10,4.163289212085838e-07,4.625547412215071e-05,3.0299378449379637e-06,2.746091343451296e-09,2.704240588907529e-05,0.0019491336278337531,8.111102815767184e-05,3.2895043314868662e-06,1.72568706428934e-05,0.00010127393294093347,1.914707461983373e-08,0.036719985340787444,0.9603188791258558,2.5683612635563503e-06
2,3.681483341051256e-05,4.3271458007964103e-10,1.1840264924867636e-06,8.977446126804735e-07,1.6164086664438584e-06,7.822514306121464e-05,0.00012364679493104673,5.63080048799166e-07,4.1903355003869943e-07,0.0004779824601672963,5.215349940715816e-10,4.909346555663487e-07,4.774052063254042e-05,3.7105949147042987e-06,3.6918666080091983e-09,2.4546093659416267e-05,0.0020592300799799463,9.903709697041669e-05,2.997017581645372e-06,2.1892877424168485e-05,0.00011950307459178519,1.956596597769611e-08,0.04464350569901761,0.9522528746065838,3.0976669658452926e-06
3,3.3825312362800145e-05,3.7132799541317094e-10,1.0284863680710064e-06,8.461822806852035e-07,1.359168188183194e-06,7.594862739689523e-05,0.00012893506152992246,4.5754504201729623e-07,3.3618281844773435e-07,0.0004095535763713901,4.056195699340283e-10,4.535432387396534e-07,4.205321780530592e-05,3.3125550637452145e-06,2.8060404471711107e-09,2.481088365453721e-05,0.0019710438636822668,8.76150162549474e-05,2.774105018125181e-06,1.697186960340849e-05,0.00010682900437715648,1.9418074357091815e-08,0.03832919539096729,0.9587599502027715,2.677204142309114e-06
4,3.446558092925801e-05,3.5243365980785526e-10,1.03696744354882e-06,8.277382547941534e-07,1.3642647403380697e-06,7.259031913774743e-05,0.0001283504177513566,4.6008476434422196e-07,3.2109958470487595e-07,0.00040576508630202736,4.0337621266974133e-10,4.491178763571288e-07,4.462780215140081e-05,3.3570716373982477e-06,2.6907393229386104e-09,2.4997365466920688e-05,0.0019807853731437027,8.80244787364962e-05,2.7967969108678815e-06,1.7336756110720856e-05,0.00010358650682175687,1.859005827353822e-08,0.03658384118760193,0.9605024416131516,2.552334875325051e-06
5,8.7713247867525e-06,5.1853351046235787e-11,1.3290633004996221e-06,7.470446209962636e-09,3.8413336537457773e-07,8.147664914700856e-06,3.3868253469139525e-05,6.45170258997121e-08,1.4431676653808385e-07,0.00024418811245925057,1.788691965491083e-11,1.036055637823652e-07,7.762518570166181e-06,5.132210736955843e-07,4.783575081025929e-10,1.08206717880526e-06,0.0005631769097725753,5.931941064497734e-07,8.183257233708902e-07,1.0027011546623509e-06,2.5793346296643415e-05,1.874481781420534e-09,0.011007313129976734,0.9880929099762873,2.0237251820001176e-06
6,3.3825312362800145e-05,3.7132799541317094e-10,1.0284863680710064e-06,8.461822806852035e-07,1.359168188183194e-06,7.594862739689523e-05,0.00012893506152992246,4.5754504201729623e-07,3.3618281844773435e-07,0.0004095535763713901,4.056195699340283e-10,4.535432387396534e-07,4.205321780530592e-05,3.3125550637452145e-06,2.8060404471711107e-09,2.481088365453721e-05,0.0019710438636822668,8.76150162549474e-05,2.774105018125181e-06,1.697186960340849e-05,0.00010682900437715648,1.9418074357091815e-08,0.03832919539096729,0.9587599502027715,2.677204142309114e-06
7,4.3595080401024765e-05,3.1128930052685305e-10,1.2958395490170234e-06,8.523302491408866e-07,1.3331016321107737e-06,5.796370603679808e-05,0.00012684267115894174,5.611931976227027e-07,2.98231586397699e-07,0.0005124308791166981,4.363577221019108e-10,4.031059422590166e-07,5.8215520557760455e-05,3.035047250838501e-06,2.3733626265390714e-09,2.4500893563640154e-05,0.0019579618428099905,6.824607840394359e-05,3.136573189365304e-06,1.8307742215620774e-05,8.005697740289402e-05,1.7158396951591933e-08,0.027130542167188663,0.9699082048462321,2.19589290877032e-06
8,5.143747618147873e-05,1.7383721145778538e-09,8.242719161436809e-07,3.47414594358888e-06,4.384501334263506e-06,0.0004896702016320732,0.0002314428580903746,1.366337244162483e-06,1.3302014471014735e-06,0.0005327168928280194,1.6872826001671577e-09,1.2342310917045211e-06,8.940919910568859e-05,6.679894035105701e-06,1.1594494320228133e-08,9.52882545588827e-05,0.003957853566701775,0.0011596380376658652,9.785326428291373e-06,5.6576625531893104e-05,0.000216086727435904,8.069457999170525e-08,0.08445169390734487,0.9086339667030083,5.044925745408121e-06
9,3.3963129863392724e-05,7.628640827234037e-10,1.0422128926750636e-06,1.636840154145554e-06,3.0778513138471885e-06,0.00028226705548195274,0.0002115532496772027,8.204861167654071e-07,5.031725831600611e-07,0.0003583055087950395,7.086347325613796e-10,1.0628978805746318e-06,0.00010383872794527038,4.642646366941986e-06,4.262759607643975e-09,8.424446998572036e-05,0.0031970257442081812,0.00047189042764312115,7.214083783756245e-06,3.9151277052503476e-05,0.00016432814092495355,4.743140206337977e-08,0.036554584828666775,0.958476423181786,2.3709012176393948e-06
10,3.3825312362800145e-05,3.7132799541317094e-10,1.0284863680710064e-06,8.461822806852035e-07,1.359168188183194e-06,7.594862739689523e-05,0.00012893506152992246,4.5754504201729623e-07,3.3618281844773435e-07,0.0004095535763713901,4.056195699340283e-10,4.535432387396534e-07,4.205321780530592e-05,3.3125550637452145e-06,2.8060404471711107e-09,2.481088365453721e-05,0.0019710438636822668,8.76150162549474e-05,2.774105018125181e-06,1.697186960340849e-05,0.00010682900437715648,1.9418074357091815e-08,0.03832919539096729,0.9587599502027715,2.677204142309114e-06
11,3.389636146628212e-05,3.423765674235372e-10,1.0022811441396045e-06,8.0421275480255e-07,1.3089965273417237e-06,7.204753400946016e-05,0.0001277032503981579,4.659090022422375e-07,3.204214790122674e-07,0.00040949070366843774,3.9082548804669746e-10,4.404109939279594e-07,4.4245494054363176e-05,3.2147364328627606e-06,2.6495093460056558e-09,2.4635945164821585e-05,0.0019598897114250146,8.603071276154092e-05,2.7658052904849143e-06,1.687010493322358e-05,9.949435640461136e-05,1.8439206786555106e-08,0.03569144797300344,0.961421413934228,2.4893229397633104e-06
12,4.450321318864179e-05,5.092412467879239e-10,1.4573021847040376e-06,1.083432170067074e-06,1.035110780687211e-06,7.908462521719975e-05,0.00012450607403709232,9.00782013540494e-07,4.163164047014509e-07,0.0005702971077711512,4.968666865522786e-10,5.134031712493813e-07,5.46482679518008e-05,2.4879373488018335e-06,3.781581856807712e-09,3.06353012552711e-05,0.001967005307856085,7.143049324728114e-05,3.920290929712599e-06,1.5148711755747312e-05,9.645536866146798e-05,2.9039307859433984e-08,0.02823568998778946,0.9686963963444255,2.350794842144081e-06
13,5.0487032109703595e-05,3.2064696936899325e-10,1.4042232578111474e-06,1.069054682347013e-06,1.3952537970327757e-06,4.624484139894926e-05,0.00014119511704688165,6.202873802991643e-07,3.007797130022906e-07,0.00044418714030592895,9.143770301072094e-10,6.874743764340511e-07,6.09022506893357e-05,7.19401800638399e-06,4.465575352536103e-09,2.8009338946482574e-05,0.0020949945468200816,0.00011645611866970488,2.2593754924182517e-06,2.9151947871055116e-05,0.00012717101083094644,1.5591584268851902e-08,0.05007455479425955,0.9467686578312745,3.036270887498195e-06
14,3.781755751768192e-05,5.278710576112217e-10,1.3468039342792041e-06,1.1854655060831453e-06,2.0604662075651128e-06,0.00010527481037414392,0.00013449217160660805,5.69042519498667e-07,4.1313141152767016e-07,0.0004772675257447729,6.041871378566245e-10,5.511986137369223e-07,5.904105129483552e-05,3.918626052811962e-06,3.6898869500461263e-09,3.485654394003958e-05,0.0023784998489009682,0.00014420318913015482,4.040769613840374e-06,2.632613490214712e-05,0.00014144471060173556,2.5001590140923293e-08,0.04325812803262749,0.9531857555041305,2.7775918341927437e-06
15,3.3825312362800145e-05,3.7132799541317094e-10,1.0284863680710064e-06,8.461822806852035e-07,1.359168188183194e-06,7.594862739689523e-05,0.00012893506152992246,4.5754504201729623e-07,3.3618281844773435e-07,0.0004095535763713901,4.056195699340283e-10,4.535432387396534e-07,4.205321780530592e-05,3.3125550637452145e-06,2.8060404471711107e-09,2.481088365453721e-05,0.0019710438636822668,8.76150162549474e-05,2.774105018125181e-06,1.697186960340849e-05,0.00010682900437715648,1.9418074357091815e-08,0.03832919539096729,0.9587599502027715,2.677204142309114e-06
16,3.4315965477862506e-05,3.222570282601425e-10,1.0601340083678481e-06,9.299861880478467e-07,1.3955923064006907e-06,7.320372004345678e-05,0.00013745427802718988,4.791811898796811e-07,2.7624824674776804e-07,0.00038386481993285076,4.984653442668178e-10,5.586070442190487e-07,5.078072188640121e-05,4.337340703181192e-06,3.027059009750099e-09,3.053781892368116e-05,0.002045495339174667,0.00012205038395998936,2.6868492347256463e-06,2.1712996370068108e-05,0.00012166498902757141,1.8481507491158088e-08,0.0387328008205922,0.9582320658113277,2.306067045780524e-06
17,3.468032133575059e-05,3.4798229317028673e-10,9.958697223204801e-07,8.600405108636849e-07,1.317619611082192e-06,6.87613628601033e-05,0.00013434872535452924,4.4429079821813274e-07,3.0503990992440154e-07,0.0003819098682176678,4.116846753264066e-10,4.6712172167260685e-07,4.256971461227635e-05,3.6494568187422793e-06,2.66325558941307e-09,2.4385873586293413e-05,0.0019758688173783837,8.677006382916871e-05,2.5269338266941414e-06,1.7336309254081e-05,0.00010276861930934381,1.855445888679473e-08,0.03743747800925444,0.9596798421448826,2.691819824297723e-06
18,3.082957647205077e-05,3.5704804305902705e-10,7.804707207432107e-07,6.832419554851061e-07,1.2440852441214935e-06,6.463083080096478e-05,0.00012325348523643288,3.781333157099794e-07,3.105521950908858e-07,0.0003609387933622713,3.718428184816901e-10,4.1691697248939476e-07,3.573611356914356e-05,3.542384987993988e-06,2.6407291669566463e-09,1.8445988011629952e-05,0.0021802919412017307,8.606775657562168e-05,2.4383766735838583e-06,1.5577710190925183e-05,9.04845724254808e-05,1.8715840180884636e-08,0.040613272199660586,0.9563673173526493,3.33743231832667e-06
19,2.985315985669606e-05,3.053816246669575e-10,1.0521211714629565e-06,7.453779218757175e-07,1.215467519413832e-06,7.502985831243151e-05,0.00013274991988173793,4.417896871029454e-07,3.0505080996123386e-07,0.0004381296472909055,3.1698680523753447e-10,4.265180144419499e-07,4.22168587249013e-05,2.5679962369891877e-06,2.1712646063106105e-09,2.3567053545969006e-05,0.0017906959014835752,6.324681548989742e-05,2.542857891933118e-06,1.5094695493006053e-05,9.078469810636685e-05,1.8342115908474375e-08,0.030077453013746272,0.9672095610633303,2.2989997360296883e-06
20,2.9661145334497637e-05,1.3859249176066273e-10,8.181089132241444e-07,4.738050777498244e-07,1.3944455722425835e-06,4.853087616738455e-05,0.00011931899338501235,2.0921721265111366e-07,2.4158477250084674e-07,0.00037303479803815293,2.188666018012046e-10,2.5667259371980126e-07,3.770558520483876e-05,2.7213309380970317e-06,1.0260228180771962e-09,1.6182428768657293e-05,0.0016621242963025338,4.876656975149902e-05,1.8520016556468985e-06,1.4518809286693536e-05,6.312019221350208e-05,7.65342760140386e-09,0.03529597840288523,0.9622809184407368,2.1632582796015603e-06
21,4.742185315248757e-05,4.293501411809413e-10,1.2456444342065088e-06,1.2915211491057142e-06,1.711240251729406e-06,7.930757047595499e-05,0.00015200515794125136,5.628016086163159e-07,3.7854756220342535e-07,0.0004631055993830107,7.107494813987547e-10,6.221106193895161e-07,5.266074333829688e-05,5.423977297131783e-06,3.871743489930467e-09,3.319978664331213e-05,0.0022014014836646218,0.00012976131533183074,3.0679826363971223e-06,2.4519498878402195e-05,0.00012974370017617914,2.201791032673e-08,0.046342655063212536,0.9503267653848406,3.121987649438029e-06
22,3.663013101521031e-05,3.55859854107892e-10,1.1620556301162566e-06,1.033623485513589e-06,1.3866603692781215e-06,7.173084836916639e-05,0.00013289302117012636,4.573953898760782e-07,3.0609356292998295e-07,0.00044934571210251685,5.282542688848093e-10,4.821210489848375e-07,4.743600749181775e-05,3.838624372598385e-06,2.8939998954993534e-09,2.763199573338802e-05,0.002245647332028078,0.00010274250268162217,2.7278842177819135e-06,2.130981994650077e-05,0.00011853730602226456,1.9942061196562225e-08,0.041779452173031875,0.9549525671291373,2.657843017947041e-06
23,3.3825312362800145e-05,3.7132799541317094e-10,1.0284863680710064e-06,8.461822806852035e-07,1.359168188183194e-06,7.594862739689523e-05,0.00012893506152992246,4.5754504201729623e-07,3.3618281844773435e-07,0.0004095535763713901,4.056195699340283e-10,4.535432387396534e-07,4.205321780530592e-05,3.3125550637452145e-06,2.8060404471711107e-09,2.481088365453721e-05,0.0019710438636822668,8.76150162549474e-05,2.774105018125181e-06,1.697186960340849e-05,0.00010682900437715648,1.9418074357091815e-08,0.03832919539096729,0.9587599502027715,2.677204142309114e-06
24,2.645983980501151e-05,3.202119455163249e-10,9.246886956443613e-07,5.171346116668804e-07,1.020139121170115e-06,6.52325244983616e-05,0.00010962764159588354,4.0162316665049046e-07,3.279557247282612e-07,0.0003755215095364316,2.956958138346714e-10,3.8237526360188974e-07,3.215833613227834e-05,2.5265747787902613e-06,2.7400374386184832e-09,1.8117864079490223e-05,0.0017261947895126936,6.160115377685927e-05,2.3823662236252346e-06,1.213863511589376e-05,9.956753450844889e-05,1.6425586049579037e-08,0.03808567363637737,0.9593766330844263,2.5708115180342837e-06
25,2.821275527478949e-05,4.4421407843695035e-10,9.67188404976643e-07,7.23172702781947e-07,1.3960160459963826e-06,9.56666553871408e-05,0.00011607828274621431,3.8731851991963127e-07,3.948409893445931e-07,0.0003946126143823766,3.038299305725302e-10,4.0163770909524673e-07,3.26626968084216e-05,2.5519915521507902e-06,2.7161112126953526e-09,2.25504248024531e-05,0.0018988313875935926,7.684527401134266e-05,3.117856006005338e-06,1.293775588534702e-05,0.00011420861772574016,2.1874819853107852e-08,0.040083327200993855,0.957111218214834,2.8827586494062336e-06
26,0.00010057070293368518,1.5943275824803836e-09,8.587354004097093e-06,1.5837138673477294e-05,2.495823903561108e-06,0.00013645880337599287,0.00033712623398394494,4.842661467244704e-06,2.4132673342876205e-07,0.0008814160690436406,7.446065961594258e-09,1.2427743893896462e-05,0.0003003883241557753,3.1544255519725294e-05,2.0810193475596782e-08,0.00022116950224959492,0.002570774129925951,0.0003431734384621385,4.3006891325747366e-06,0.00015319306589191067,0.0004086517225036822,1.3962328049192427e-07,0.02641728539659854,0.9680457551591772,3.5909845023419823e-06
27,3.6864395274942516e-05,5.02358123746585e-10,9.872782777210704e-07,9.70236637292448e-07,1.4377289480213761e-06,8.935233163140034e-05,0.00013709825932178819,5.549174897795366e-07,4.2926542050379147e-07,0.0004424980972265054,4.6251072699502937e-10,4.886998666956863e-07,4.109057079329972e-05,3.360309924827505e-06,3.523796215656045e-09,2.5485309493887675e-05,0.002081676936002375,9.697321458280021e-05,3.193182749052765e-06,1.671220999476556e-05,0.00010464836508530334,2.504060153876795e-08,0.04014289626687555,0.9567699533432006,3.2995519360462335e-06
28,3.3825312362800145e-05,3.7132799541317094e-10,1.0284863680710064e-06,8.461822806852035e-07,1.359168188183194e-06,7.594862739689523e-05,0.00012893506152992246,4.5754504201729623e-07,3.3618281844773435e-07,0.0004095535763713901,4.056195699340283e-10,4.535432387396534e-07,4.205321780530592e-05,3.3125550637452145e-06,2.8060404471711107e-09,2.481088365453721e-05,0.0019710438636822668,8.76150162549474e-05,2.774105018125181e-06,1.697186960340849e-05,0.00010682900437715648,1.9418074357091815e-08,0.03832919539096729,0.9587599502027715,2.677204142309114e-06
29,3.3825312362800145e-05,3.7132799541317094e-10,1.0284863680710064e-06,8.461822806852035e-07,1.359168188183194e-06,7.594862739689523e-05,0.00012893506152992246,4.5754504201729623e-07,3.3618281844773435e-07,0.0004095535763713901,4.056195699340283e-10,4.535432387396534e-07,4.205321780530592e-05,3.3125550637452145e-06,2.8060404471711107e-09,2.481088365453721e-05,0.0019710438636822668,8.76150162549474e-05,2.774105018125181e-06,1.697186960340849e-05,0.00010682900437715648,1.9418074357091815e-08,0.03832919539096729,0.9587599502027715,2.677204142309114e-06
30,3.3825312362800145e-05,3.7132799541317094e-10,1.0284863680710064e-06,8.461822806852035e-07,1.359168188183194e-06,7.594862739689523e-05,0.00012893506152992246,4.5754504201729623e-07,3.3618281844773435e-07,0.0004095535763713901,4.056195699340283e-10,4.535432387396534e-07,4.205321780530592e-05,3.3125550637452145e-06,2.8060404471711107e-09,2.481088365453721e-05,0.0019710438636822668,8.76150162549474e-05,2.774105018125181e-06,1.697186960340849e-05,0.00010682900437715648,1.9418074357091815e-08,0.03832919539096729,0.9587599502027715,2.677204142309114e-06
31,3.2096211750172314e-05,3.749542005398247e-10,9.548786126564352e-07,8.758403003620803e-07,1.4084439068796795e-06,8.263149444624769e-05,0.00013581454858819196,4.194312238988444e-07,3.4916679083236255e-07,0.0004151810294820993,4.004963900212879e-10,4.5932880368456316e-07,3.8671848774273856e-05,3.3640590363573566e-06,2.7585622458345917e-09,2.4500759093345076e-05,0.001994260827439058,8.947286063051748e-05,2.6691765469248766e-06,1.682320792680772e-05,0.00010764213206983399,2.0344294637701924e-08,0.04081776505447445,0.9562317213448837,2.894476912295583e-06
32,3.421895684810835e-05,3.8363690812680977e-10,1.038681875729516e-06,8.224005537112382e-07,1.3867507521413758e-06,7.638106100403979e-05,0.00012572212503358167,4.594966361144388e-07,3.3927715333919636e-07,0.0004071345042148574,3.9906687013439406e-10,4.4726440529732597e-07,4.273985854282805e-05,3.2770285516781283e-06,2.8078106717612647e-09,2.484795297469369e-05,0.0019839462819424697,8.829759626673138e-05,2.951133319231283e-06,1.6527489518180236e-05,0.00010541177246663793,1.9705232674454598e-08,0.03716381276027153,0.9599175614834647,2.65282845727283e-06
33,3.188017244369308e-05,3.226686016108039e-10,9.263965993695745e-07,7.754662925758293e-07,1.2434560551522978e-06,7.05912843399324e-05,0.00012535909463449256,4.2626176901522337e-07,2.825636337771702e-07,0.00037690064564311184,3.4611553741025283e-10,4.224093026611075e-07,4.30682965949118e-05,3.061178565553506e-06,2.324072777385952e-09,2.446516573046869e-05,0.0019512662871557442,8.608752601164725e-05,2.717941837570171e-06,1.5856502530096625e-05,9.379747290595186e-05,1.8264238138173355e-08,0.032797590823095454,0.964370960680068,2.2991176957056344e-06
34,2.5903570527145945e-05,3.8786300119095155e-10,9.056801225540704e-07,8.512218785723758e-07,1.236711751395334e-06,9.017654899396533e-05,0.00013608305252997292,4.374513402254338e-07,3.270013200635747e-07,0.00039504292071666064,3.5617310412650327e-10,4.7071374717033425e-07,3.615556380065116e-05,2.8625371319062463e-06,2.785172963110491e-09,2.448929118605644e-05,0.0019790368778107607,8.801978567928102e-05,2.4789320233802724e-06,1.6340693947038338e-05,0.00011294914421544471,2.242778239686249e-08,0.038777972717117054,0.9583054947343717,2.738892797377831e-06
35,4.484758464182259e-05,5.19529097554293e-10,1.0263688671632602e-06,1.0025561198133512e-06,1.4767991597021666e-06,8.83357917654425e-05,0.00013321286784605073,6.418796887684815e-07,4.939745239345752e-07,0.0004648400209979512,4.709416838364509e-10,4.5054761346903406e-07,4.6552383531760005e-05,3.1671861226847908e-06,3.4963756668324266e-09,2.7333623212288752e-05,0.002083170062138266,9.708032068582325e-05,3.720692002848042e-06,1.619479352837879e-05,9.551124944053526e-05,2.4369281809583875e-08,0.03809885109701659,0.9587889668950208,3.094449947671355e-06
36,3.211948031578777e-05,3.002395734748869e-10,7.193763717451321e-07,7.774100991162424e-07,1.0060300318665026e-06,6.408065596610488e-05,0.00014756181729242085,5.088110014773943e-07,2.6025502042718097e-07,0.00035549987821640656,4.416115127790399e-10,5.657284667912362e-07,4.453626454978956e-05,4.055437866172425e-06,2.925879291261584e-09,2.41283932764181e-05,0.0021191513365747742,0.00010972437682272538,2.29769392313707e-06,1.7548442867132132e-05,8.375323780617994e-05,2.0329369460302772e-08,0.033565521859763886,0.9634235107793235,2.648737344331103e-06
37,3.4013518222112975e-05,2.5690411026126786e-10,9.64430785362244e-07,7.663586910770324e-07,1.2311539907607854e-06,5.266095654309093e-05,0.00012882834260277045,3.298533877687861e-07,2.1020469093316332e-07,0.00031857879626342734,3.767751462308408e-10,4.429036744712128e-07,4.1324036650898204e-05,4.264767372322638e-06,2.1208568349343894e-09,2.3112528886790467e-05,0.0018969198152177984,8.463928718704396e-05,2.1553719540661353e-06,1.6647873384515187e-05,0.0001026424521466439,1.4547962114277677e-08,0.0359143024811512,0.9613736417038833,2.3058608155348374e-06
38,3.0602096144176445e-05,3.7480256663183584e-10,9.84041776962293e-07,7.901194769519655e-07,1.332371801902054e-06,8.867325300581074e-05,0.0001333784145617185,4.59682028562977e-07,3.4286784994081673e-07,0.00038546157420392646,4.1399368753244773e-10,5.083913480432603e-07,4.2146908185455516e-05,3.35577291123598e-06,3.2287004585939532e-09,2.8781431465476263e-05,0.001930132636595118,0.00010944269909605995,3.012508724307074e-06,1.642330324025149e-05,0.00012297811827790092,2.0948647917543925e-08,0.04052327221159519,0.9565754950114669,2.4016200993149147e-06
39,2.6062076730483995e-05,4.270920684237534e-10,1.1505997552934663e-06,7.846768882354284e-07,1.2588870071920566e-06,9.512031254251746e-05,0.0001136950935483745,4.993935775036723e-07,3.243327657515509e-07,0.00035092151690310856,3.2410775066783914e-10,4.697376955812574e-07,4.1030331832612974e-05,2.525731827785814e-06,2.9379970247364986e-09,2.8872975682610704e-05,0.0019529900868386053,9.101943184261716e-05,3.056272826918033e-06,1.6435417170941232e-05,0.00014106747848366172,2.1519930353546792e-08,0.03642212198991682,0.9607083791237039,2.1893233322018982e-06
40,3.3179652376618786e-05,3.57523931134103e-10,1.215984245416909e-06,6.428814263546325e-07,1.5601683955931428e-06,5.929055816519863e-05,0.00012376685312519005,3.568910914990346e-07,2.632430245655735e-07,0.0003167404461405855,3.871678040462133e-10,5.135708072810465e-07,4.155316983312045e-05,4.530598331856148e-06,2.633933276779671e-09,2.2060775459976823e-05,0.0018451641150991763,7.508097158216454e-05,2.6377895738678904e-06,1.6256796378014716e-05,0.00011187894885109778,1.6320079050352458e-08,0.03524450885404318,0.9620959384186882,2.8396146567588887e-06
41,3.1952819555960736e-05,3.5113174866391326e-10,9.956553394192973e-07,7.850244485940416e-07,1.2837158438271438e-06,7.278717821608685e-05,0.00012644913090744615,4.318387505767835e-07,3.161451678459542e-07,0.0003971063164577311,3.830149719805353e-10,4.478019172041198e-07,4.009385214909555e-05,3.240833077731037e-06,2.7022571661302218e-09,2.3389780900615587e-05,0.0019473274457387454,8.298764273877877e-05,2.6211276317397234e-06,1.6280724552378056e-05,0.00010517589905691034,1.8807547079050895e-08,0.03785635015193531,0.9592872992513939,2.6554202691419083e-06
42,3.549679518679944e-05,5.997768891887285e-10,1.3322394694968298e-06,1.2242862381140442e-06,1.3507393928839454e-06,0.0001122667995141868,0.0001264856981017661,7.569613124630911e-07,4.317962166553646e-07,0.00045572347594375267,4.3697762439321814e-10,5.185869947283784e-07,5.057604044286031e-05,2.5174286349019873e-06,3.510419562284739e-09,3.741596850646195e-05,0.0021423571760560123,0.00010168835936548998,4.189650188496658e-06,1.7932044344494297e-05,0.00012394732689371724,3.1264327304518995e-08,0.03271802340196665,0.9640633904754822,2.3389382464745254e-06
43,2.472507395390364e-05,3.033229635432675e-10,9.832431206106831e-07,6.77038881293166e-07,1.171965014349579e-06,8.305930832424104e-05,0.00010732261867569188,4.5127196885437305e-07,3.109354077701352e-07,0.0004397176322304466,2.7150493783075087e-10,3.5875809855605627e-07,4.199157493920154e-05,2.0242689469663897e-06,2.2501578909049512e-09,2.386940807235846e-05,0.0018325942534300284,7.425552787324739e-05,2.7545774998474472e-06,1.558036537828219e-05,0.00010723537067964998,1.7318193927585743e-08,0.03234235599462636,0.9648966982236111,1.8424460874129558e-06
44,3.3825312362800145e-05,3.7132799541317094e-10,1.0284863680710064e-06,8.461822806852035e-07,1.359168188183194e-06,7.594862739689523e-05,0.00012893506152992246,4.5754504201729623e-07,3.3618281844773435e-07,0.0004095535763713901,4.056195699340283e-10,4.535432387396534e-07,4.205321780530592e-05,3.3125550637452145e-06,2.8060404471711107e-09,2.481088365453721e-05,0.0019710438636822668,8.76150162549474e-05,2.774105018125181e-06,1.697186960340849e-05,0.00010682900437715648,1.9418074357091815e-08,0.03832919539096729,0.9587599502027715,2.677204142309114e-06
45,3.335679007930923e-05,3.522439868784886e-10,9.92100597629789e-07,8.182401898271422e-07,1.1898424535620641e-06,7.646467994674007e-05,0.0001312530802658329,5.667787696587207e-07,3.246937836143553e-07,0.0004234266257334642,3.7920324235284484e-10,4.5461509137867255e-07,4.736006029409191e-05,2.85626276547941e-06,2.8283186615409567e-09,2.749257578343632e-05,0.0018771442201439288,8.831551538245352e-05,2.993859570330645e-06,1.61578923673579e-05,9.5210956918303e-05,2.046075080704307e-08,0.030662118166844766,0.9665093422317715,2.1367907306499776e-06
46,3.369094270647106e-05,3.6711525774591866e-10,1.022677365255336e-06,8.438635319676783e-07,1.3467341320001858e-06,7.561836338778675e-05,0.00012881952851156143,4.5491835193144783e-07,3.3226275565954874e-07,0.0004081913035058584,4.0169977880812194e-10,4.5165180027224615e-07,4.204689508715563e-05,3.2890382552279016e-06,2.7657321056883324e-09,2.4760373792674442e-05,0.0019749528194170176,8.710979039940936e-05,2.7584714264740596e-06,1.691637668021609e-05,0.00010616456776274412,1.9351225048586996e-08,0.03804380774967531,0.9590447418222526,2.6569634300700744e-06
47,3.863436966785049e-05,2.7469228174426783e-10,9.627600071119375e-07,7.836977030552989e-07,1.1332114260120278e-06,6.0949094153579324e-05,0.00012364941801041985,4.469847731898619e-07,2.498827745271024e-07,0.00038201537912915774,3.433798639182585e-10,4.1367316632230977e-07,4.9040885830840156e-05,3.036312232252749e-06,2.0257751657769115e-09,2.6146599885023332e-05,0.0019251083466665449,7.877569106770393e-05,2.860629634274884e-06,1.4992043670896782e-05,8.13493256316604e-05,1.672678496775424e-08,0.02767943767717025,0.9695280386584071,1.9559883601328365e-06
48,2.6041958032527435e-05,2.6476858498615823e-10,6.946993045522416e-07,5.121493025084802e-07,8.892367451243368e-07,6.225190437616675e-05,0.0001028044516394524,3.802530474902355e-07,2.4230694602646485e-07,0.0003549975397875546,2.0622250178019792e-10,3.034886790154482e-07,3.626758615123231e-05,1.9136503032885437e-06,1.6898502441094303e-09,1.8293658572105432e-05,0.0018298571991785875,6.172076207949532e-05,2.682885949715969e-06,1.0453882365255392e-05,6.569859416766398e-05,1.6747822743610597e-08,0.0240616487635598,0.9733604446026157,1.881518532849996e-06
49,2.9300341866443988e-05,3.970410162771218e-10,1.1152596465313521e-06,8.49016086845014e-07,1.365120547614985e-06,8.807431469030227e-05,0.00013011140266243852,4.80982253057748e-07,3.348985240898121e-07,0.0004118394190497904,3.711135373904947e-10,4.8536894425195e-07,4.298790140707141e-05,2.8635305205090163e-06,2.7526496646229943e-09,2.644853848425525e-05,0.00195417891163359,8.376382365292212e-05,2.8605509972739595e-06,1.753897077625086e-05,0.00011454576804165994,2.1638545699508508e-08,0.035210899056671956,0.9618774199396635,2.511724529632509e-06
50,3.4055770763785714e-05,2.1534057186550126e-10,8.623215635207066e-07,6.322402685902792e-07,1.0416072910435421e-06,5.004820805829475e-05,0.00012671586679435017,4.235686835469668e-07,2.3794014582991846e-07,0.0004224921564905811,3.2793216497109965e-10,3.7467127983002144e-07,4.485062962202874e-05,3.032264572894822e-06,1.961754800466552e-09,2.0088283060757723e-05,0.0017414704773706742,6.482365858889265e-05,2.2285322924584817e-06,1.4851819477230872e-05,6.836613989104562e-05,1.3688431324397184e-08,0.027230504051480565,0.9701708352264378,2.048372407738246e-06
51,3.200791647559854e-05,3.237356440703648e-10,9.857463102194796e-07,7.42028515307907e-07,1.295743151220923e-06,7.024567922065626e-05,0.00012365809088143434,4.1554302491491775e-07,3.094059747445339e-07,0.0003951440464761867,3.61798455170385e-10,4.2388862141301326e-07,4.102901658857736e-05,3.1463756149850247e-06,2.49169249052959e-09,2.314599504774e-05,0.0019027824497872897,8.042103905998823e-05,2.621402984815417e-06,1.6054316295361466e-05,0.00010013795436886416,1.7276809791248213e-08,0.03669459729199362,0.9605083185301128,2.4970854579670866e-06
52,4.70748070373466e-05,3.4571358261984635e-10,1.0671049489009988e-06,1.1484872746893905e-06,1.6090248974191206e-06,9.014053286141859e-05,0.00013128223618830238,7.916117303262055e-07,4.251980161817081e-07,0.000680639114069953,5.592868240955187e-10,4.873491912803768e-07,6.667871536300093e-05,3.3664889196596824e-06,3.373643941652242e-09,3.254552074835088e-05,0.0020103370502425797,0.00012755971746873104,3.93778148368025e-06,2.4490933718165453e-05,8.91878178357407e-05,2.0783591755739248e-08,0.03140647184454739,0.9652786114770361,2.122124184535462e-06
53,2.9596969130585626e-05,2.9458655669216795e-10,9.980347452713228e-07,8.713058749962894e-07,1.354922670583459e-06,6.975103837220067e-05,0.0001492452872489208,3.801521679791945e-07,2.9633022678497035e-07,0.0003837852372280362,4.833026655139303e-10,5.177855747405809e-07,3.98666527364252e-05,4.22424873377155e-06,2.897636315702497e-09,2.442746273436708e-05,0.001973060465395109,9.752476884359796e-05,1.9545487148871323e-06,2.1459482454355694e-05,0.00012704943712088344,1.644165873244702e-08,0.050671025012710626,0.9463997031582576,2.8875818739809792e-06
54,2.6534631781067576e-05,1.6432028603876358e-10,1.1027520794039506e-06,5.763711400797577e-07,1.1820545407052383e-06,5.4406585888187175e-05,0.00010470354946675083,3.288179875413888e-07,2.0812889762815206e-07,0.00037805181193308426,2.8787442353526365e-10,3.3123745458090766e-07,5.120174900712662e-05,2.6070101397158778e-06,1.5192123164263115e-09,2.384704712489173e-05,0.001788532756925897,7.33813820558615e-05,2.1478110979856206e-06,1.9682581188191048e-05,9.940736572865026e-05,9.484250942954935e-09,0.03347748900239117,0.9638928620588804,1.4038386329317171e-06
55,3.31119556644694e-05,2.965579572670147e-10,8.703189700250758e-07,7.835204132959669e-07,1.3561835109438435e-06,7.644605722926429e-05,0.000145506621511611,5.013284905552127e-07,3.132764644991033e-07,0.0003799887018810282,4.2116160838242955e-10,6.022221789529844e-07,4.932800851972848e-05,4.072817290555308e-06,2.84236408986754e-09,2.8124939434158174e-05,0.0018314265708132946,0.00010909751113225165,2.5062130820559906e-06,1.956503497924926e-05,9.542167946218769e-05,1.7592370189762216e-08,0.03551246996413041,0.9617059974959025,2.488426485105617e-06
56,3.432896106839478e-05,3.5842333022518166e-10,1.0336760110741468e-06,8.42229346028164e-07,1.3668738929784092e-06,7.462410839191449e-05,0.0001294202443945323,4.717596467192423e-07,3.3029936503357227e-07,0.0004153372392714156,4.073573341626245e-10,4.540516065818301e-07,4.453254247501628e-05,3.3142265657830956e-06,2.74716689850466e-09,2.5153391676867664e-05,0.00197802043018626,8.841937964253382e-05,2.802334234196808e-06,1.7493735490424447e-05,0.00010373174668785341,1.8986099582808038e-08,0.036811863300526736,0.9602638548341268,2.582136345745815e-06
57,2.7887560802826238e-05,2.896874489936551e-10,1.1821589906016166e-06,6.632090014602802e-07,1.3928435000493639e-06,6.947484805497281e-05,0.00012021859299921383,4.234027675596155e-07,2.7606122800246815e-07,0.00040310325273058026,3.246361125809155e-10,4.3958970524103257e-07,4.7746804568640715e-05,2.8531187629415723e-06,2.1664066678000846e-09,2.4118536504295974e-05,0.0018531401625666432,7.01467878023489e-05,2.6362664434468925e-06,1.8541978652997543e-05,0.0001004578595289753,1.5760440763294868e-08,0.030605429125918255,0.9666477269436092,2.122354690640202e-06
58,0.00030387120276443924,6.971822209384962e-08,9.588835586356121e-06,0.0005074227966340086,2.1305659091980845e-05,0.0006983982758438851,0.0002591697256064362,5.993693481704007e-06,2.762921514709025e-05,0.002153815288390047,7.737889877780891e-07,6.6090335511110604e-06,4.0999805197599106e-05,7.694726335958793e-05,7.096660738517858e-07,0.0001760537509339709,0.001909292538952897,0.0016158995835409034,6.011484016552355e-06,0.00041844481144531347,0.0009884967262926397,5.328206291792241e-07,0.9211497809740744,0.06948981123046279,0.00013237211171324788
59,0.00027645087131517265,1.2373545731400227e-08,1.9475874082711893e-06,2.6670170619168117e-05,7.68003253915225e-06,0.0005591353554581822,0.0003394894986385312,2.8638637234307557e-06,6.717126840233192e-06,0.0014356391895131847,1.6785238814107232e-08,2.6846420328123157e-06,5.66968198308885e-05,2.7439167117985313e-05,7.543819042982004e-08,0.00010467651225199183,0.004913615767387294,0.0010480486953220098,1.2687895361091808e-05,6.0636491606367356e-05,0.00037345292701343685,2.9402114170118943e-07,0.3022473768937567,0.6884516789800185,4.401289412885305e-05
60,3.3825312362800145e-05,3.7132799541317094e-10,1.0284863680710064e-06,8.461822806852035e-07,1.359168188183194e-06,7.594862739689523e-05,0.00012893506152992246,4.5754504201729623e-07,3.3618281844773435e-07,0.0004095535763713901,4.056195699340283e-10,4.535432387396534e-07,4.205321780530592e-05,3.3125550637452145e-06,2.8060404471711107e-09,2.481088365453721e-05,0.0019710438636822668,8.76150162549474e-05,2.774105018125181e-06,1.697186960340849e-05,0.00010682900437715648,1.9418074357091815e-08,0.03832919539096729,0.9587599502027715,2.677204142309114e-06
61,4.663393032096827e-05,5.855095465360258e-10,1.1597538916105888e-06,1.5532399392222893e-06,1.7958888891029444e-06,0.0001057914288291403,0.00015672312316567405,6.567488446214855e-07,5.137628169520755e-07,0.0005222105960311495,7.406956961312697e-10,6.051047252194531e-07,4.972129861836457e-05,4.519973516337996e-06,4.514885139136303e-09,3.3547635824028216e-05,0.0023673473945335665,0.0001408657644190021,3.420346493186665e-06,2.4346304312391398e-05,0.00013431436762799032,2.8373565921921278e-08,0.05308183366889642,0.9433186221655686,3.7832880801201734e-06
62,3.3825312362800145e-05,3.7132799541317094e-10,1.0284863680710064e-06,8.461822806852035e-07,1.359168188183194e-06,7.594862739689523e-05,0.00012893506152992246,4.5754504201729623e-07,3.3618281844773435e-07,0.0004095535763713901,4.056195699340283e-10,4.535432387396534e-07,4.205321780530592e-05,3.3125550637452145e-06,2.8060404471711107e-09,2.481088365453721e-05,0.0019710438636822668,8.76150162549474e-05,2.774105018125181e-06,1.697186960340849e-05,0.00010682900437715648,1.9418074357091815e-08,0.03832919539096729,0.9587599502027715,2.677204142309114e-06
63,3.4887612906549643e-05,4.4089375220354936e-10,1.0572773000839971e-06,8.954086053611376e-07,1.4411889577192925e-06,8.193306750479749e-05,0.00013078080612131664,4.807919831583673e-07,3.7294185238709294e-07,0.00041346610914060706,4.3357285054655676e-10,4.737423539491724e-07,4.138337911710314e-05,3.422458818776417e-06,3.1542355925629203e-09,2.5366218422617186e-05,0.0020358291466335936,9.218049727723579e-05,3.007454489027159e-06,1.6853512073319097e-05,0.00011275179086827655,2.1985279714821915e-08,0.040113280894823265,0.9568871423668562,2.9673199125952636e-06
64,3.1254646589438e-05,3.6937735804136157e-10,1.1084307799389297e-06,8.038160460288243e-07,1.385611946231271e-06,7.673023983708065e-05,0.00012331657830636557,4.2400301188620706e-07,3.2557333731435924e-07,0.0003946019419453876,3.969687520577871e-10,4.6777447488302585e-07,4.0740705773015896e-05,3.352887886906735e-06,2.8437329809687523e-09,2.4606061498742152e-05,0.0019790811697032867,8.498571293208893e-05,2.669692596208716e-06,1.739511727950497e-05,0.00012361287096159177,1.8809080722347393e-08,0.040940297866862284,0.9561501552438072,2.6616352646694708e-06
65,2.637681577821927e-05,4.2840628004627703e-10,1.0147562088750538e-06,8.83852222996397e-07,1.5056233046288107e-06,8.657279997652763e-05,0.00012474408701605363,3.847153427106127e-07,3.1960359234194004e-07,0.0003547402395169595,4.016775159630553e-10,5.0161446276629e-07,3.628970173692902e-05,3.578892767698232e-06,3.1046595943885566e-09,2.2947817909662323e-05,0.0021305812814380767,0.00010151567811638696,2.375715462437599e-06,2.025342780767558e-05,0.00015073533481723162,2.0706713220309338e-08,0.05031816055410913,0.9466132147598983,3.278087057464097e-06
66,2.7020728978617842e-05,1.1518403919958476e-10,1.2592878606366356e-06,4.834217530258962e-07,1.3699599172454066e-06,4.931209694018343e-05,0.00010844428963561731,3.0966395281125377e-07,1.8307204450403695e-07,0.00042591675980453307,2.0813949863932627e-10,2.7124220720901755e-07,6.787755875257997e-05,1.987970002032665e-06,8.902440714709391e-10,2.3178863430206565e-05,0.0016514771095935262,4.853849727559761e-05,2.2750194203430576e-06,2.042487358840668e-05,7.068094368778515e-05,7.31585654487536e-09,0.021653177984608817,0.9758447373989083,1.064728213885682e-06
67,4.8682645357875944e-05,2.3007258783316825e-10,8.990931591603184e-07,6.514377234089408e-07,1.1637758168270367e-06,5.446281417012335e-05,0.0001204862739967024,6.150432463197869e-07,3.380603779151318e-07,0.0005128054488639647,2.995795291039742e-10,3.167707675223498e-07,5.913306383345875e-05,2.501360857503672e-06,1.8568602127647857e-09,2.5793222087222065e-05,0.001440224295369994,6.18801655851648e-05,3.501719634398888e-06,1.161935367801295e-05,4.7010133245168316e-05,1.3223802963178583e-08,0.019292699952830016,0.9783137312359556,1.4685231282132317e-06
68,6.722223319165946e-05,3.4816365997222543e-10,9.604651786718414e-07,1.0428808081187786e-06,1.6558653880683754e-06,5.13756041870152e-05,0.00014029086537553376,4.537250103899316e-07,4.0541065011467254e-07,0.0005043832190079311,5.571466419125883e-10,3.1131060920803694e-07,4.9668915352565046e-05,4.467019600327398e-06,2.4139539184276562e-09,2.3894849864727145e-05,0.002209593291235203,8.76715770171392e-05,3.587607948125841e-06,1.5701192764957768e-05,6.286713272629856e-05,1.6267621410789882e-08,0.03732449754022128,0.9594468260390037,3.1036679734732612e-06
69,3.428434817896512e-05,3.885942291740142e-10,1.0563861766721715e-06,8.974369612913632e-07,1.419293211392553e-06,7.885614491999036e-05,0.00013055726663467265,4.7370249405064003e-07,3.541117175693593e-07,0.0004243884367820527,4.446980735678282e-10,4.695527919340329e-07,4.2925078099223154e-05,3.462624601332144e-06,3.032630309576969e-09,2.5260183146994788e-05,0.002040543688338967,9.416672753856185e-05,2.7886036100116904e-06,1.8481733270868485e-05,0.0001139976857406204,1.9914780845013034e-08,0.04151911776087309,0.9554636480467392,2.8274074688216302e-06
70,4.353226565898875e-05,5.823408786625633e-10,1.6718141290138788e-06,1.9607843828176865e-06,1.9869417226152766e-06,0.0001229558585976856,0.00017286094380500588,7.669226149861839e-07,5.444291909349015e-07,0.0006165563586326509,7.336891661344902e-10,6.570136390683619e-07,6.019579093372123e-05,3.8115661555280867e-06,4.002491457287544e-09,4.205927530165553e-05,0.0021894800821673833,0.00011544220492171872,3.4852308815353924e-06,2.953429799749673e-05,0.00014475967933914904,2.976283633266943e-08,0.047893360617769026,0.9485510799375156,3.262903285509312e-06
