,0,1,2,3,4,5,6,7,8,9,10,11,12,13,14,15,16,17,18,19,20,21,22,23,24
0,0.0017526665476982905,5.128096733867757e-06,0.022882208874629696,0.005105173861065208,0.0006930156699518345,1.1560218602479466e-05,1.8152392109681093e-06,5.332219347848935e-07,0.0024943210517200756,0.010314955162239781,0.0036564578801519805,2.8621191703862692e-09,5.847140124736253e-07,0.0017508345871145438,0.0007889272882489881,4.780830556274463e-06,1.1718459929437113e-05,6.378360249789202e-06,1.2553717898219253e-06,3.8141299387996296e-06,1.497848537092304e-05,7.528730799382885e-05,1.1092541063952583e-05,0.9503865262644621,2.5982973210933648e-05
1,0.0010248335088295145,4.910572543824188e-06,0.031241981359415926,0.007357887894008123,0.0005967787918116846,1.1052037013838497e-05,1.7695387741446351e-06,1.587573703660179e-07,0.00015886045013328677,0.002667603985096924,0.015959998225542314,1.632276562184734e-08,4.6180874569792506e-07,0.013317104846070045,0.0023446623462357228,7.597614684400284e-07,1.3763507374237718e-05,2.811794200010865e-05,5.395885120748331e-07,4.482615938150538e-06,0.00016010697840097377,0.00018003992978468382,4.275632771225451e-05,0.9247939023279169,8.745057653497654e-05
2,0.0018071321342048045,4.472909020440669e-06,0.021054762407890955,0.004086994779578565,0.0006315330859288608,1.0735052590785259e-05,1.9297484825240896e-06,6.118511840239648e-07,0.0027412364238831592,0.011989603614857163,0.002963534706578814,2.356191433118874e-09,4.800486830363755e-07,0.001602713844805519,0.0008433812111967625,4.571015293726307e-06,1.0128505582845482e-05,6.105121766171452e-06,1.467974984946137e-06,5.251330482089337e-06,1.48448872517274e-05,9.054775004730852e-05,1.2518107254145014e-05,0.9520847798649582,3.066126730181549e-05
3,0.0017580978093978833,5.078522544133331e-06,0.022880288907771582,0.005007773529879232,0.0006834819117970984,1.222044536786633e-05,1.8455529581488739e-06,5.484896079944112e-07,0.002468308073783229,0.010704364800287363,0.003555953438153097,2.9010027861435963e-09,5.897697904409063e-07,0.0017085669094586398,0.0007903621229362731,5.061251469431312e-06,1.150931373387662e-05,6.410512660340719e-06,1.330522491178619e-06,4.092266480008791e-06,1.5416955906635842e-05,7.496582764826435e-05,1.1223680449798736e-05,0.9502668323645547,2.5674119869810287e-05
4,0.0018108581187979134,6.462037545441065e-06,0.024446160707306635,0.005815097528695421,0.00083286015886383,1.4690775261788343e-05,2.1702506235670347e-06,5.979648044522564e-07,0.002787010032601772,0.011085945815036422,0.004427908336078786,4.007885475566336e-09,8.18517063630001e-07,0.0022025030718294774,0.0008363101034305218,5.901375333628497e-06,1.422948806437913e-05,7.678319294789193e-06,1.49434770670651e-06,4.596368875554313e-06,1.7380272778142925e-05,8.418649630594736e-05,1.3543067443497599e-05,0.9455521677673698,2.9425071002312147e-05
5,0.001571904565205107,3.241514110396995e-06,0.01824091421039101,0.0047836867107898945,0.0004957976730192452,9.293670839933405e-06,1.485783838510567e-06,4.451641239342284e-07,0.001988160619008914,0.009929043913762148,0.0027549559378535074,2.2845738460455527e-09,4.429376704946552e-07,0.001527323144202758,0.0005587231046956846,4.306746465253285e-06,1.025598288039475e-05,7.094792467297002e-06,8.864478569060659e-07,3.977951579734167e-06,1.2408680997562693e-05,5.9378454477152926e-05,9.949476341204525e-06,0.9580028433764958,2.3476856353330228e-05
6,0.0017580978093978833,5.078522544133331e-06,0.022880288907771582,0.005007773529879232,0.0006834819117970984,1.222044536786633e-05,1.8455529581488739e-06,5.484896079944112e-07,0.002468308073783229,0.010704364800287363,0.003555953438153097,2.9010027861435963e-09,5.897697904409063e-07,0.0017085669094586398,0.0007903621229362731,5.061251469431312e-06,1.150931373387662e-05,6.410512660340719e-06,1.330522491178619e-06,4.092266480008791e-06,1.5416955906635842e-05,7.496582764826435e-05,1.1223680449798736e-05,0.9502668323645547,2.5674119869810287e-05
7,0.001314588032468875,3.712131677183963e-06,0.01436492558898171,0.004338143218742616,0.0005557803918473381,1.1423202893525122e-05,1.8180136476313085e-06,4.091542667468043e-07,0.002569723124950285,0.011826367555291416,0.002751055156548307,2.5677406213933667e-09,3.6556804190942433e-07,0.0020231513746675252,0.0007790435621500127,5.025216900844564e-06,1.0711987032805628e-05,6.67735663193082e-06,9.51540057449424e-07,4.5029194808969995e-06,1.4936008860716196e-05,8.306576122899358e-05,1.3532552785622927e-05,0.9592840888281723,3.599918493277766e-05
8,0.009963690674431116,0.0007125764747029579,0.6975373245674303,0.04577670685603271,0.04712078263808193,0.0008701513240586544,3.0181506771717084e-05,3.3376423233988045e-05,0.005356028849161234,0.02145318425613407,0.06635984824975816,3.4651116404040283e-06,0.0007071679943688324,0.013608939495460274,0.0015672915785308705,0.0002342570350513701,0.00030264416565498986,7.973881171463203e-05,0.0005083149840811884,4.741173707303908e-05,0.0006512128890069273,0.0006390091672778348,4.132223388668264e-05,0.0863702543717944,2.5118604661615085e-05
9,0.015474859029726975,0.002449121062947201,0.11480736095836097,0.024442462192951157,0.10082285878385093,0.0004897017439859661,0.0003043408807787624,5.4494192824036876e-06,0.05146753798972059,0.04447457914443085,0.06992762130804572,1.5387203101044525e-06,6.366092697350449e-05,0.060706346385031563,0.013568403781931766,9.73750867278464e-05,0.00014872806945117852,0.0001712977507680121,0.00010273305354564517,2.6785090099868506e-05,0.0005104019525227477,0.0018311884402639742,0.00013780920389401354,0.49488908141954213,0.003078757604856055
10,0.0017580978093978833,5.078522544133331e-06,0.022880288907771582,0.005007773529879232,0.0006834819117970984,1.222044536786633e-05,1.8455529581488739e-06,5.484896079944112e-07,0.002468308073783229,0.010704364800287363,0.003555953438153097,2.9010027861435963e-09,5.897697904409063e-07,0.0017085669094586398,0.0007903621229362731,5.061251469431312e-06,1.150931373387662e-05,6.410512660340719e-06,1.330522491178619e-06,4.092266480008791e-06,1.5416955906635842e-05,7.496582764826435e-05,1.1223680449798736e-05,0.9502668323645547,2.5674119869810287e-05
11,0.0018495508879993474,5.6800330400617794e-06,0.024423173284803187,0.005441852646960096,0.000734228811984689,1.3469414944455506e-05,1.9921654677653497e-06,6.180556867134179e-07,0.0025983801514025164,0.010941554062747163,0.003869473412440442,3.368483152654369e-09,7.087156827078083e-07,0.0018070446672124897,0.0008124089933114111,5.623733183288222e-06,1.2947177106737919e-05,6.847238946788562e-06,1.4816722126752023e-06,4.335939156150875e-06,1.6328007744366794e-05,7.867153182827718e-05,1.1923502284312278e-05,0.9473358899947781,2.5812530592824264e-05
12,0.0014886644466189226,3.0641096613417573e-06,0.020413073680647053,0.004312183186790131,0.00035844067476674965,9.166275468428728e-06,1.4927427348802436e-06,7.148288126018791e-07,0.0022632365296196186,0.010498742100623315,0.00260955663446031,1.50652697780592e-09,4.6634660089346797e-07,0.00091601456118773,0.000776217182373704,4.65222189950665e-06,1.0247189067729907e-05,3.3671656830312405e-06,1.2626136784441846e-06,3.039786030078281e-06,1.0670335513076705e-05,7.630899395404616e-05,7.4260340443097345e-06,0.9562191310947988,1.2859758438072146e-05
13,0.002333470764966219,4.375787034235606e-06,0.0239308301266109,0.004042907732590516,0.0005145810034517991,1.287222680502065e-05,2.182214078674698e-06,7.803308572061639e-07,0.0030340028285339685,0.018099338101944293,0.0015348431895256906,2.3529725978342612e-09,3.953948571468905e-07,0.0012738679351114604,0.0006016062203246184,5.746044861356996e-06,1.0936347828903345e-05,8.197180949725132e-06,1.50611107139433e-06,6.326111475450564e-06,1.5334478524453216e-05,9.041583711970649e-05,8.620409468861272e-06,0.9444324435062215,3.441776281432642e-05
14,0.0024809274664179715,1.1753576340284773e-05,0.031652612148597624,0.0055968009460370975,0.0013460874691925714,2.029173361876654e-05,2.366167108782447e-06,5.987063225934688e-07,0.0028206221304156484,0.011882387057687198,0.006157763887507242,6.273311026722352e-09,1.164321527770642e-06,0.002588862623795489,0.0009583832285751996,6.9405256734438784e-06,1.3418587557455856e-05,8.463202435109633e-06,2.597799163162528e-06,4.7956903944044415e-06,2.3893142745979672e-05,8.583574138860098e-05,1.3748107741242319e-05,0.9342876856242455,3.1993842199743745e-05
15,0.0017580978093978833,5.078522544133331e-06,0.022880288907771582,0.005007773529879232,0.0006834819117970984,1.222044536786633e-05,1.8455529581488739e-06,5.484896079944112e-07,0.002468308073783229,0.010704364800287363,0.003555953438153097,2.9010027861435963e-09,5.897697904409063e-07,0.0017085669094586398,0.0007903621229362731,5.061251469431312e-06,1.150931373387662e-05,6.410512660340719e-06,1.330522491178619e-06,4.092266480008791e-06,1.5416955906635842e-05,7.496582764826435e-05,1.1223680449798736e-05,0.9502668323645547,2.5674119869810287e-05
16,0.0017829923844494707,5.210437784403221e-06,0.023916470033697287,0.0049311741092533026,0.0006987003635646636,1.2150648577109144e-05,1.7698671858042706e-06,5.715728622150405e-07,0.002562221094316038,0.010002065283812355,0.003615196189219149,2.738984036880456e-09,6.076080063038328e-07,0.0015774474647872695,0.0008086303408660745,4.98159109009136e-06,1.1271424312295756e-05,5.764577589144507e-06,1.392162719787754e-06,3.904757407715038e-06,1.4270645330655073e-05,7.167753801019077e-05,1.097187523538445e-05,0.9499372807769967,2.327451394234083e-05
17,0.0019110696736910997,5.4870509159092e-06,0.02369328671722411,0.005266526252424298,0.0007318343034069729,1.2448056132745004e-05,1.9592911251685574e-06,5.820950414353026e-07,0.002499741608838727,0.011019423553051218,0.0037503701382643607,3.431859858233931e-09,6.511211604949043e-07,0.0019236279975388918,0.0007813527011657754,5.206895762040665e-06,1.2552302139417976e-05,7.604536671167983e-06,1.4133957471001003e-06,4.469194597212863e-06,1.70904233665567e-05,8.140675407018571e-05,1.2368776278324474e-05,0.9482301877408629,2.9335988664000568e-05
18,0.0019423767422374085,5.905973026350966e-06,0.014834048371128046,0.0040014039229481,0.0005817632178724069,1.1344689080746788e-05,2.3865230573965936e-06,4.533220975455602e-07,0.003048172893010858,0.014614491894700299,0.0031111698835061025,4.371770575589116e-09,5.104625634522911e-07,0.002927193748982944,0.000700786423217518,4.594809596699102e-06,1.546099898104769e-05,1.2288063322928439e-05,1.1423456012107524e-06,5.449784107338397e-06,1.7262753981851795e-05,0.00012591452690956787,1.5124540342568893e-05,0.9539533717999484,6.737793800836491e-05
19,0.0020856937347828158,7.032433953024789e-06,0.03276159514245995,0.007070232387229698,0.000981507076734727,1.5134653769506052e-05,2.4583272060185073e-06,8.469951610188123e-07,0.0028177428198685127,0.011514104180104906,0.004576174588126213,4.668193797947329e-09,9.954030234768769e-07,0.002093038155834454,0.0008942526964480342,6.567665209887408e-06,1.5552963818909082e-05,8.276594363254198e-06,1.8655548488409122e-06,5.008598166603065e-06,1.9997281162392737e-05,9.383208797591761e-05,1.2481598638263665e-05,0.9349896457949288,2.5958597991007506e-05
20,0.0012570052799367292,4.394291491790395e-06,0.021857079504203403,0.00500109584061583,0.0005888321413649043,1.2408509937475757e-05,2.23994176966309e-06,6.421552276930071e-07,0.0021376694961230246,0.00958722267729101,0.0039666438910055,2.321446898242348e-09,4.932287021607789e-07,0.001562966964091305,0.0014395446069694862,4.703050747315239e-06,1.0330068495516097e-05,4.159089524364531e-06,1.3881571784831836e-06,3.933007504635115e-06,1.8859863506426028e-05,9.753100131116225e-05,1.3510205922903183e-05,0.9524041187958664,2.322590976608926e-05
21,0.0015837615069406764,4.5348574377325785e-06,0.02442392754874447,0.0051056432129558075,0.0005764550764046111,1.283510630188391e-05,1.995698120251316e-06,6.676277434890189e-07,0.002551418496291031,0.009278391959121423,0.00325826371752582,2.324022001946774e-09,5.813982684446704e-07,0.001418236140469264,0.0009455340012149505,4.907409569689604e-06,1.2030177663943986e-05,5.015122745309764e-06,1.3367960602372727e-06,3.889537827676967e-06,1.3358291324578862e-05,7.740644280494765e-05,1.1409724363447048e-05,0.9506861452271482,2.225259893020231e-05
22,0.0014458413580152466,3.1207993578952816e-06,0.02018417210930654,0.0049073940789342895,0.00044896161248083325,9.157187367708467e-06,1.252850153066178e-06,4.220502351359335e-07,0.0017264755074634308,0.010112406773335395,0.0031016908872257267,2.2002178995887455e-09,4.3088414143883717e-07,0.0014722654377209783,0.0006040280754459226,4.000205034515801e-06,1.111252244225272e-05,5.915908347997233e-06,8.644765778376536e-07,3.3159972835892547e-06,1.3309813950693571e-05,6.442477458433164e-05,8.505573300056996e-06,0.9558525176928818,1.8411224195395464e-05
23,0.0017580978093978833,5.078522544133331e-06,0.022880288907771582,0.005007773529879232,0.0006834819117970984,1.222044536786633e-05,1.8455529581488739e-06,5.484896079944112e-07,0.002468308073783229,0.010704364800287363,0.003555953438153097,2.9010027861435963e-09,5.897697904409063e-07,0.0017085669094586398,0.0007903621229362731,5.061251469431312e-06,1.150931373387662e-05,6.410512660340719e-06,1.330522491178619e-06,4.092266480008791e-06,1.5416955906635842e-05,7.496582764826435e-05,1.1223680449798736e-05,0.9502668323645547,2.5674119869810287e-05
24,0.0018200257983832218,6.847955573169465e-06,0.025923417907306366,0.008063282007473374,0.0011354729360371662,1.705976855353814e-05,2.3411255193085456e-06,6.570476703350997e-07,0.002955054057360846,0.01124881076420738,0.005027487610934845,5.157493884337305e-09,1.05894738545621e-06,0.0028175153378113063,0.00078264407444923,8.096058762786915e-06,1.6079558252068297e-05,9.633355349157298e-06,1.4977026850715618e-06,5.066275738753186e-06,1.8862460420394295e-05,7.495994953470867e-05,1.61960351314985e-05,0.9400178722028856,3.005590508036248e-05
25,0.0019703431993353406,4.530271792794479e-06,0.027891970332570664,0.007348239128810483,0.0007516693727690788,1.1394169828863107e-05,2.140166130497619e-06,8.682973014338642e-07,0.002286595306422394,0.010373021329993806,0.004474463660431754,3.104909659390885e-09,8.270351469054016e-07,0.001655037061915227,0.0008933948453396861,5.99576295504107e-06,1.2889880892029006e-05,6.91286965024123e-06,1.5602238505868941e-06,4.378682020855545e-06,1.873329800423013e-05,7.693536641841028e-05,1.2978402646973196e-05,0.9421745084068752,2.060982398781004e-05
26,0.0015841383739456606,3.140786950191534e-06,0.015265614970160405,0.0036301055891597134,0.00043660587993851193,7.457594895467099e-06,1.0396554040228595e-06,3.8608149867036454e-07,0.002214126558748275,0.006535820139480317,0.0024883374893028658,1.4490645473256456e-09,3.449943812741289e-07,0.0009126684507600289,0.0005272790344878019,3.275263100319075e-06,8.050118654616867e-06,3.982690289396002e-06,7.935835381429418e-07,2.6342593139088757e-06,8.28147267902989e-06,3.982213966092015e-05,8.905300603630145e-06,0.9663008157201677,1.6372403814594354e-05
27,0.001343137720305895,4.201379432468392e-06,0.016229347782209917,0.0036794111523726692,0.0005045990890314657,1.0561651296738732e-05,1.8221080904387874e-06,4.661778282692128e-07,0.0027481964900207055,0.010814614812430368,0.0028916159565572984,2.0285603841740356e-09,4.0873196488774094e-07,0.001465448921562761,0.0008793642286432172,4.321401862787582e-06,1.0063733543661175e-05,4.530328528718599e-06,1.108015397911535e-06,3.799140795304476e-06,1.192318140986349e-05,8.497254677872444e-05,1.0530739097771799e-05,0.9592690180058443,2.6534676433246673e-05
28,0.0017580978093978833,5.078522544133331e-06,0.022880288907771582,0.005007773529879232,0.0006834819117970984,1.222044536786633e-05,1.8455529581488739e-06,5.484896079944112e-07,0.002468308073783229,0.010704364800287363,0.003555953438153097,2.9010027861435963e-09,5.897697904409063e-07,0.0017085669094586398,0.0007903621229362731,5.061251469431312e-06,1.150931373387662e-05,6.410512660340719e-06,1.330522491178619e-06,4.092266480008791e-06,1.5416955906635842e-05,7.496582764826435e-05,1.1223680449798736e-05,0.9502668323645547,2.5674119869810287e-05
29,0.0017580978093978833,5.078522544133331e-06,0.022880288907771582,0.005007773529879232,0.0006834819117970984,1.222044536786633e-05,1.8455529581488739e-06,5.484896079944112e-07,0.002468308073783229,0.010704364800287363,0.003555953438153097,2.9010027861435963e-09,5.897697904409063e-07,0.0017085669094586398,0.0007903621229362731,5.061251469431312e-06,1.150931373387662e-05,6.410512660340719e-06,1.330522491178619e-06,4.092266480008791e-06,1.5416955906635842e-05,7.496582764826435e-05,1.1223680449798736e-05,0.9502668323645547,2.5674119869810287e-05
30,0.0017580978093978833,5.078522544133331e-06,0.022880288907771582,0.005007773529879232,0.0006834819117970984,1.222044536786633e-05,1.8455529581488739e-06,5.484896079944112e-07,0.002468308073783229,0.010704364800287363,0.003555953438153097,2.9010027861435963e-09,5.897697904409063e-07,0.0017085669094586398,0.0007903621229362731,5.061251469431312e-06,1.150931373387662e-05,6.410512660340719e-06,1.330522491178619e-06,4.092266480008791e-06,1.5416955906635842e-05,7.496582764826435e-05,1.1223680449798736e-05,0.9502668323645547,2.5674119869810287e-05
31,0.00023842144536079948,2.470769124044322e-06,0.003855114714043674,0.002964669148407439,0.00033647762543047576,1.1900720845330773e-05,1.2351518535630126e-06,6.808750954987575e-08,0.002375745604703815,0.007931199624900085,0.0036666397677171786,1.0571113927870751e-09,1.586380337201067e-07,0.0023595174274862606,0.0009952723813059282,3.4708984072523607e-06,6.51688425759155e-06,1.6244006104153383e-06,2.1254346714804648e-07,1.4023296768689003e-06,6.532889291939536e-06,4.87248441727834e-05,8.767756048461756e-06,0.9751657710174156,1.808427281884836e-05
32,0.0018965371453228146,5.708780077560635e-06,0.025410779100263833,0.004994990445663299,0.0007478834949281644,1.3284332105508443e-05,1.9910362513840955e-06,6.194792775245755e-07,0.0025146905231940727,0.01112091480280234,0.0037926617711334675,3.2566782011351323e-09,6.518027634568341e-07,0.001775274804336816,0.0008794870579309761,5.3539044740557335e-06,1.1942562875404196e-05,6.602481938970975e-06,1.635301567247865e-06,4.4987555276595026e-06,1.7138971755650053e-05,8.466287772760937e-05,1.1956900809799738e-05,0.9466736253088845,2.7105101709540372e-05
33,0.0018859879470160266,5.749050929282894e-06,0.02449469308710371,0.005722450273254145,0.0007226651013279336,1.3636109922476687e-05,2.0540851842985207e-06,6.41848248123438e-07,0.0027334327848780953,0.012152550777827257,0.003849788958888918,3.771322162733424e-09,7.940372407708917e-07,0.002044843167559501,0.0007338624332492131,6.056655022487214e-06,1.4813365142643054e-05,7.798905895029406e-06,1.4725311443375053e-06,4.527048714138918e-06,1.5689993445571268e-05,8.769184472837188e-05,1.1318096258486085e-05,0.9454609986323413,2.6479493355424522e-05
34,0.0008313594039062634,3.0826268894930477e-06,0.02143648803923729,0.009189485809648195,0.0005067729781123697,2.1472405294049814e-05,2.394148071770335e-06,5.146311598231101e-07,0.0018462154775751136,0.013951656605163423,0.002771398185551941,3.3568556937649042e-09,5.407382447902466e-07,0.0025626251233243583,0.0008198614222169771,8.065814124233887e-06,1.7615320759578922e-05,8.661036285300928e-06,6.026324117210109e-07,5.534445334323931e-06,2.0065124696655117e-05,7.737047977773498e-05,1.1961185597753384e-05,0.9458824076958126,2.3845313948574084e-05
35,0.005476763038081321,5.807753203776352e-06,0.024621480247995667,0.005143369803771365,0.0005946165164599078,6.812135942228999e-06,2.0090801889276913e-06,1.3079326314089893e-06,0.005132704801099522,0.0163147963906736,0.0020237740653548534,2.909312321896652e-09,7.246251817723706e-07,0.001052248869585226,0.00036938618947024936,5.364114982231069e-06,1.5907867858266797e-05,1.2113223535289612e-05,1.8112864129779423e-06,4.3303091869673615e-06,1.050727308181883e-05,8.051522833097258e-05,7.624364683376922e-06,0.9390824649709578,3.3557002018174924e-05
36,0.0018981091941465925,6.354128634825736e-06,0.02351461120291055,0.007528669775781066,0.0006760863230975303,1.8100004548002782e-05,2.8329401673321336e-06,1.1936796223592327e-06,0.004537523216827498,0.014962647578788658,0.003668812789226334,4.9950942446341436e-09,1.1244685995902904e-06,0.0023780356725163487,0.0008843873433938394,9.52455797956008e-06,2.7429012010612693e-05,8.335121489446508e-06,1.7799739096162756e-06,5.676089056117614e-06,1.5927372270233186e-05,0.00014309203920808604,1.5344354368540846e-05,0.9396636860602666,3.071210608643701e-05
37,0.0017643713354116893,5.432675258270697e-06,0.023428138896142855,0.005134739634639289,0.0007247693272242776,1.3114221809746184e-05,1.9626762749404107e-06,5.756702499901298e-07,0.002609324224279028,0.011135333330914588,0.003665455044969211,3.0747479923556697e-09,6.205494642025958e-07,0.0017928819649241407,0.0008375364565382602,5.361517168718967e-06,1.196045939026537e-05,6.492895250314915e-06,1.4132855705620333e-06,4.2965469117179814e-06,1.624749648708033e-05,7.937599973900865e-05,1.1829726400492782e-05,0.9487218403738841,2.692261634912955e-05
38,0.0020024087296258214,4.962655083557926e-06,0.014650846270435848,0.003277288205687704,0.0005997966540662878,3.980698591481303e-06,1.1239562036313894e-06,2.929147290910149e-07,0.0037654839943900885,0.009537565678445485,0.002762364364573044,2.136706152423544e-09,3.178170562941653e-07,0.0018621607174467087,0.0004086934627259482,1.8362846218654467e-06,9.939914700546381e-06,7.633834466592508e-06,5.93041771316825e-07,2.490077683308203e-06,7.63952740550608e-06,7.761314456142123e-05,7.10015371181074e-06,0.9609689256675127,3.8940097798039486e-05
39,0.0018206420978271818,5.182708236906777e-06,0.023820698328270974,0.00531782285623981,0.0007027650948479185,1.288923047416546e-05,1.9987860051112664e-06,6.136995091210906e-07,0.0025079711328116236,0.011077208214801059,0.0035742979044180814,3.089053594842778e-09,6.199142906802804e-07,0.0017479095902063573,0.0008367641380805031,5.430222473251706e-06,1.2208534405502492e-05,6.789379650311824e-06,1.4232604888304063e-06,4.4125281499970095e-06,1.6844018603933213e-05,7.97475935150105e-05,1.216885737164562e-05,0.9484063235582583,2.726526201016967e-05
40,0.0007790988765503619,4.256820589728537e-07,0.0021307916481319846,0.005319419763038932,7.483495408735844e-05,2.3810446691379138e-06,1.1356932328647957e-06,4.804014949429175e-07,0.0032196996231932747,0.008336408955317056,0.0008667544833054273,2.541678280146943e-10,1.579565104789783e-07,0.0003943738245466474,0.00020904271251147617,4.639670088374113e-06,8.052912251755746e-06,2.4611366163978966e-06,1.5072949796941402e-07,1.4476464524578328e-06,2.780639150185284e-06,2.047072142828278e-05,9.19764063408513e-06,0.9786051670509172,1.062598014677377e-05
41,0.001821794029694211,6.911501982595127e-06,0.025505537781220788,0.005810286885641881,0.0008789750814470889,1.4392715165852823e-05,1.8204313722928213e-06,6.001737024355972e-07,0.0034939643701278394,0.01091536518279716,0.003565312804006002,2.7852569050715467e-09,6.977470636477357e-07,0.001575139327676099,0.0007483501431536708,5.947140383693861e-06,1.2430286197802034e-05,5.474078985249944e-06,1.2475670558912707e-06,3.490380877078799e-06,1.2961944416200954e-05,5.93201959095885e-05,9.853520333320502e-06,0.9455289117822765,2.1212143256097434e-05
42,0.0026079291526992206,8.467811479289863e-06,0.04941969746283141,0.006339343503043241,0.0009313903392979352,1.875536466559243e-05,2.966292467322342e-06,2.0402628091485965e-06,0.003537241873953448,0.017161424573019675,0.0041472331559865485,5.161130131005679e-09,1.0989210578820345e-06,0.0017766407973255343,0.0015435226936542843,8.144407327406798e-06,1.9970322898279512e-05,6.214122736618657e-06,4.612500525157449e-06,7.634190125400892e-06,3.220115105374539e-05,0.00022476666529891556,1.5015899015293102e-05,0.912157340765614,2.634260998430827e-05
43,0.0013561745542058985,3.0686456900098773e-06,0.016364406815920392,0.003697966146024419,0.000436419526287968,1.0601918035321335e-05,1.6817538101653884e-06,5.117275681255264e-07,0.002685617728943309,0.017578334617831464,0.0021373761776381887,1.5291725632658201e-09,3.41386952506848e-07,0.0013660866031540242,0.0006632894730203487,5.087526078683434e-06,9.19695139827129e-06,4.926822574301545e-06,1.098200843921309e-06,5.191516652423149e-06,1.227884965405965e-05,8.530683900335362e-05,8.930813382457097e-06,0.9535430561056512,2.3047770506727697e-05
44,0.0017580978093978833,5.078522544133331e-06,0.022880288907771582,0.005007773529879232,0.0006834819117970984,1.222044536786633e-05,1.8455529581488739e-06,5.484896079944112e-07,0.002468308073783229,0.010704364800287363,0.003555953438153097,2.9010027861435963e-09,5.897697904409063e-07,0.0017085669094586398,0.0007903621229362731,5.061251469431312e-06,1.150931373387662e-05,6.410512660340719e-06,1.330522491178619e-06,4.092266480008791e-06,1.5416955906635842e-05,7.496582764826435e-05,1.1223680449798736e-05,0.9502668323645547,2.5674119869810287e-05
45,0.001770667114694765,5.1333427095356605e-06,0.022769477757475474,0.004975173299153515,0.0006876062499659912,1.217102364019745e-05,1.8330683739253452e-06,5.390151063580053e-07,0.0024742204965572893,0.01073336176002048,0.003570281975739955,2.942218169206412e-09,5.89587813385161e-07,0.001733838709024746,0.0007793027055062754,5.017623439794171e-06,1.154557770511001e-05,6.5175077059411495e-06,1.3253990886772815e-06,4.092389210775905e-06,1.5451705402401233e-05,7.51209627438494e-05,1.1244585934597734e-05,0.9503293624924237,2.61227083449904e-05
46,0.0027819750970277525,1.3191091830460882e-05,0.03450422730833037,0.0035896414206471024,0.001980464835055112,1.3439527071107753e-05,3.473150676674212e-06,4.815969889362735e-07,0.0034348417164796695,0.015930038073954007,0.005219715707523304,4.2191174993733576e-09,6.640067184337119e-07,0.0029802651978810915,0.0013600303940841099,4.5664085149009536e-06,6.996284406255711e-06,9.037700934989609e-06,3.0386252770410156e-06,5.764126121664238e-06,2.6057937352466806e-05,0.00011721179921352429,1.316369339598493e-05,0.927930090961269,7.16191201287225e-05
47,0.004080579287157446,1.0660212180079063e-05,0.028600159547202648,0.003735225140659002,0.0007444092645372186,1.2995117033106944e-05,2.66998215196684e-06,1.0927328531620291e-06,0.0042240642790295725,0.017956366542688805,0.0033698315676044255,6.054348446194278e-09,8.84462476796922e-07,0.001795318355149357,0.0008289455641453541,5.656494517314153e-06,1.9082676895230715e-05,1.0663749577691349e-05,3.428612504980064e-06,6.198137591502963e-06,2.1255409386942788e-05,0.00018607299612157364,1.139498677274032e-05,0.9343221984360943,5.0840391320058694e-05
48,0.0033145493267655157,1.128596940544189e-05,0.045126863047425914,0.008555213919183732,0.0008602276909012193,2.944233784691516e-05,3.4027508051918373e-06,2.3239824345021594e-06,0.004450491287595405,0.012575252212341669,0.004428329454938747,5.570784815728291e-09,1.8689885700601798e-06,0.001467683413752877,0.0012275566772904228,1.0729699144414729e-05,2.8465687900207428e-05,6.4716717766617135e-06,4.1745081449012425e-06,5.6692851603232486e-06,2.252270185682432e-05,0.00011508594087322258,1.5428109883098313e-05,0.917716009346907,2.09464183109628e-05
49,0.0017791677651803612,4.583878704753145e-06,0.01954043292738797,0.004899421707602969,0.0006412443225359343,1.0559561867629414e-05,1.755049768339732e-06,5.34609915863792e-07,0.00257728938481793,0.010029092567411614,0.0033988675084150217,2.3930953324077685e-09,5.400369081893115e-07,0.0015176107038025815,0.000744946076652273,4.930675495484683e-06,1.0513267645398837e-05,5.793092827702036e-06,1.2018353690506718e-06,3.5844597341301203e-06,1.3483268329255072e-05,6.467628525420447e-05,1.1272487668529687e-05,0.9547139548816953,2.4541251914201384e-05
50,0.0011918572659524627,4.6646525175363e-06,0.0255242090783804,0.006477088229948703,0.000665761275662364,1.6753655448167073e-05,9.59189619647571e-07,3.671579561518218e-07,0.0016054205918179635,0.005036016010251254,0.0048510617559555345,3.4243698394162052e-09,6.805077090485986e-07,0.0016101272354405612,0.0006906147725259897,4.570197974373122e-06,1.3115155642181078e-05,4.616690912211652e-06,8.633675040715348e-07,2.7429075489048356e-06,1.4115122867986803e-05,4.027413235077029e-05,1.1759858601215576e-05,0.9522209083344823,1.1449428560432125e-05
51,0.002003813591134455,4.394774816699513e-06,0.024060683755274113,0.0038291340183938816,0.0006624025121032469,1.4485727188979229e-05,2.2042651040586543e-06,5.887815875069636e-07,0.0019166525056667056,0.011959348727965812,0.0033703584292689,3.7092796072805535e-09,5.389068174169523e-07,0.0019818911124620795,0.0009943087349365326,5.660208836029305e-06,1.0934723478653333e-05,9.28017770654988e-06,2.1155402430131657e-06,7.637208145735006e-06,2.1683117767571596e-05,0.00010623882275645047,1.7807406992709812e-05,0.948972938938468,4.489430360512916e-05
52,0.000951209941467107,1.1420300227548886e-06,0.01183535549248726,0.0037881871749874704,0.00025911921258339597,5.353216292528159e-06,6.471203777160159e-07,1.9740148627663765e-07,0.0010203544300273807,0.007795720682632165,0.0021827265888929273,1.0078122701630975e-09,2.586814525359309e-07,0.0009569502606113009,0.00028771086729136475,3.3767430391985997e-06,5.7530095962030815e-06,4.9282847735300525e-06,3.5427625567448237e-07,2.4668427057416553e-06,5.632504742208735e-06,2.5972089362265425e-05,4.783652896112974e-06,0.9708529957151126,8.802773091897102e-06
53,0.001132621944450786,3.4332864467890993e-06,0.012924600484207198,0.005954781101155509,0.0005377554834961939,1.2003663127400795e-05,3.5307557645314223e-06,6.257512852881169e-07,0.0029300857070270634,0.010288624293077713,0.0031135718807885444,2.0632256731546543e-09,5.210610226333188e-07,0.0017432037336112753,0.0011222839259705125,6.470553872104319e-06,1.082638867834425e-05,5.8985858802238346e-06,9.026954865565579e-07,4.511421126714842e-06,1.3560900469832612e-05,7.25003480787721e-05,1.6921719001468928e-05,0.9600657289333527,3.503331939594044e-05
54,0.002291509296552423,1.1272483625924867e-05,0.018954895860853322,0.004527582680454405,0.000957067912097021,1.771654812385371e-05,3.298815566529546e-06,6.257247225582397e-07,0.0052683375636716915,0.018454127478744788,0.0033717091810838463,5.2181305775190386e-09,7.478129426105749e-07,0.002939133324751831,0.0008889000103279676,7.1397527789661896e-06,1.6808292390259796e-05,1.0011703751117053e-05,1.8059642162248603e-06,5.370787433656567e-06,1.817114588660308e-05,0.00013185878438053033,1.4135972630038578e-05,0.9420416484898299,6.61191950534713e-05
55,0.0011566653468669723,2.430906273427138e-06,0.0208370103337247,0.004746965342477408,0.0003996489379832437,1.1358486100018238e-05,1.2910065244454118e-06,5.12763422486334e-07,0.0015981399795896123,0.009721688330901847,0.0028841806376343616,1.3436309775217765e-09,4.031376888485643e-07,0.001249146275714277,0.0007888792127204134,4.4671983113467445e-06,9.188375763423931e-06,3.6745784190363717e-06,1.0239901755662524e-06,3.859612477937973e-06,1.2340362006592528e-05,6.263637086644368e-05,1.0609198983060002e-05,0.9564801168578019,1.3761413941810268e-05
56,0.0018356014857366333,5.758559561350175e-06,0.023993395817564652,0.005305459199951259,0.0007496362532106317,1.310327006812249e-05,2.010188159200634e-06,5.898197490930269e-07,0.002652177122169748,0.010877912595156658,0.0038926723665854645,3.3443875670812874e-09,6.977234434733991e-07,0.0018377724201277979,0.0008095100877701415,5.452657312517838e-06,1.2525507666077992e-05,6.936140159625384e-06,1.4372749332787768e-06,4.290467620020352e-06,1.5868563336706436e-05,7.793130658420732e-05,1.1730280102774597e-05,0.9478607579480522,2.6769600590535066e-05
57,0.0028764926693100805,1.1490752681367296e-05,0.05134627549723901,0.005714853052088399,0.0014192294768283404,2.1170499312944854e-05,3.0114230000412595e-06,1.190394993623538e-06,0.0030202159228254265,0.015405840556099351,0.0055576227899590555,8.861071272039454e-09,1.2948185800642736e-06,0.002698978258403594,0.0013437164338887435,7.936343625554613e-06,1.852900933162693e-05,1.017807831140687e-05,4.881701796223986e-06,8.353734607819233e-06,3.4625653362867343e-05,0.00019668430342959108,1.59076575153825e-05,0.9102417850480184,3.9727063720018534e-05
58,0.0015180834336858337,4.085519664819625e-06,0.019457463262783165,0.004279221084662951,0.0005494392888621798,1.0399985714276988e-05,1.5382545095971468e-06,4.5012439209935025e-07,0.002168807452357613,0.009246865702256421,0.003193844539696437,2.2330791781915458e-09,4.7408832323648465e-07,0.0013996736036419627,0.0007300816323450072,4.331549515125727e-06,9.668668538599557e-06,5.164687807288698e-06,1.0858601691392076e-06,3.474219940406873e-06,1.2414674751829406e-05,6.2874168454761e-05,9.678063900783119e-06,0.9573097569847715,2.112091617580157e-05
59,0.001406600411082254,3.6792172882376485e-06,0.019439813197074957,0.004079289780418094,0.0005060400938952404,9.886129400824406e-06,1.4078970929667915e-06,4.142355891519229e-07,0.001991014066254356,0.009024419006319895,0.0029862458093031213,2.0145446467286063e-09,4.1671817040857314e-07,0.0013388085923637754,0.000710272752127967,3.955799922738544e-06,9.148974245550937e-06,4.884347802580546e-06,9.908254243840346e-07,3.3878400549144553e-06,1.1880851241414566e-05,6.0722811954008435e-05,9.004763894254036e-06,0.9583779057181752,1.980814635925001e-05
60,0.0017580978093978833,5.078522544133331e-06,0.022880288907771582,0.005007773529879232,0.0006834819117970984,1.222044536786633e-05,1.8455529581488739e-06,5.484896079944112e-07,0.002468308073783229,0.010704364800287363,0.003555953438153097,2.9010027861435963e-09,5.897697904409063e-07,0.0017085669094586398,0.0007903621229362731,5.061251469431312e-06,1.150931373387662e-05,6.410512660340719e-06,1.330522491178619e-06,4.092266480008791e-06,1.5416955906635842e-05,7.496582764826435e-05,1.1223680449798736e-05,0.9502668323645547,2.5674119869810287e-05
61,0.0015244478774617087,3.793628894618589e-06,0.021604211357976133,0.004317245532153877,0.0005283095813601029,1.0257031247535546e-05,1.4175944067329493e-06,4.547869693343081e-07,0.0019494280546289682,0.00918879920481297,0.0030211618284873183,2.1130931917813965e-09,4.4149353793591395e-07,0.0013317872946788476,0.0007150192144500826,4.0792789091777334e-06,9.417183288188344e-06,5.155085557221637e-06,1.0644763919074378e-06,3.515344470868774e-06,1.265782803735579e-05,6.133118623336463e-05,8.991835889368963e-06,0.9556776390031518,1.937218391155367e-05
62,0.0017580978093978833,5.078522544133331e-06,0.022880288907771582,0.005007773529879232,0.0006834819117970984,1.222044536786633e-05,1.8455529581488739e-06,5.484896079944112e-07,0.002468308073783229,0.010704364800287363,0.003555953438153097,2.9010027861435963e-09,5.897697904409063e-07,0.0017085669094586398,0.0007903621229362731,5.061251469431312e-06,1.150931373387662e-05,6.410512660340719e-06,1.330522491178619e-06,4.092266480008791e-06,1.5416955906635842e-05,7.496582764826435e-05,1.1223680449798736e-05,0.9502668323645547,2.5674119869810287e-05
63,0.0018119200141613597,5.484931779050038e-06,0.023035052826021148,0.0049105157366342005,0.0007033847448593786,1.2397056647461624e-05,1.8763084708108085e-06,5.50239735650205e-07,0.0025746843083629995,0.01080380720675334,0.0036212877262736688,2.9940220696801192e-09,6.03496834316584e-07,0.0017207034945788849,0.0008020981916064028,5.027439108987727e-06,1.1636966829329414e-05,6.396344006405544e-06,1.3705706120177216e-06,4.03440227706858e-06,1.5510100531066743e-05,7.645944183191365e-05,1.1113611627404834e-05,0.9498377613301425,2.6320516292592495e-05
64,0.0018450529793249653,5.563035754830271e-06,0.025236738247975954,0.005184039180595011,0.0007436232204920396,1.324177319587342e-05,1.9883552887779285e-06,6.028331144376339e-07,0.00232659659996927,0.010973627850269655,0.003795162263780622,3.17667899669396e-09,5.95244378687564e-07,0.001705270841081023,0.0009113715206971866,5.114979271460266e-06,1.1304746964681991e-05,6.485533801852916e-06,1.5379226552353282e-06,4.43643873814731e-06,1.989615619348314e-05,8.023152842481188e-05,1.2361495968867691e-05,0.9470883322918223,2.6821783561626932e-05
65,0.0015576144763325111,4.844503606567136e-06,0.026743136292879943,0.005274451586704531,0.0006491559214351366,1.3513034540499768e-05,1.8734745956706716e-06,5.981579449178819e-07,0.0020614040503625503,0.009666954237809514,0.0037333498677308294,2.626889737926655e-09,5.757905510139226e-07,0.0015839623721920135,0.0010108386045436946,4.849995369008285e-06,1.1204977534722464e-05,5.266684818113625e-06,1.3782333931936378e-06,3.987618309684697e-06,1.7082324632410807e-05,7.654657249700016e-05,1.1401856346898682e-05,0.9475444543249018,2.1552414078026384e-05
66,0.0019719758009654463,4.871449047084842e-06,0.020812296727433708,0.0040245665213013045,0.0005369744427796043,1.1844923307416768e-05,2.0776828150487447e-06,7.106531029562625e-07,0.0027744619295725368,0.009132415642693788,0.0028731683139304573,2.2056907324946868e-09,5.082916471889179e-07,0.0012432328129221566,0.0009542444390264806,4.342708259196727e-06,1.036405108469443e-05,5.023540405334181e-06,1.6166736664019206e-06,4.254847337838331e-06,1.3609341394406163e-05,7.768286943937372e-05,1.2545998196343866e-05,0.955500220880156,2.6987253824623345e-05
67,0.0019087428187509461,5.438794608031405e-06,0.024206800180320984,0.00519303769926002,0.0007379129664718438,1.2024381740705922e-05,1.9048676011835798e-06,6.020618960623228e-07,0.002689704491583185,0.010998472180639636,0.0036145678053719904,2.9492553862934233e-09,6.249812236046985e-07,0.0016573036550974387,0.0007974631361934085,5.26551829743142e-06,1.1669672089728646e-05,6.426256074898279e-06,1.4297186935266946e-06,4.00752612110855e-06,1.535627877280355e-05,7.575770631284083e-05,1.0905401299778447e-05,0.948019157552867,2.5421399456575317e-05
68,0.0018508438446371127,4.9457540162177495e-06,0.027464489774210447,0.00601963487430973,0.000700734813005261,1.387956585542656e-05,2.0651734560582907e-06,6.312864332979291e-07,0.00234643734032522,0.011045906658018651,0.00369941940597985,3.6193426442433545e-09,7.776359220113029e-07,0.0019723851919288505,0.0007146562191176469,5.617949784072453e-06,1.3286141466617249e-05,8.77586385198546e-06,1.3809808618246727e-06,5.204513175606076e-06,1.7179118485296372e-05,7.45776596823569e-05,1.2274501894965863e-05,0.9439982064826521,2.668563158682761e-05
69,0.0016872233797516412,5.74977611001687e-06,0.035200441772896864,0.004218227103374125,0.0006179081910843967,2.5880308713504836e-05,1.9961833149657165e-06,6.547500068762744e-07,0.0012490917450468288,0.010671825206589049,0.00592955797196345,6.902842179425856e-09,1.042248328249893e-06,0.0029513495484240464,0.0011589524099916391,4.846303297563878e-06,1.522346417224585e-05,8.613196020126196e-06,3.5277075587157604e-06,1.1384227379956497e-05,3.963997825633321e-05,0.00015991155867100347,2.285653867196052e-05,0.9359859199823481,2.8169545185917686e-05
70,0.0011774445105804708,3.590957617085721e-06,0.021167129798615167,0.007205107736824073,0.0006278383209572266,1.6038953577755703e-05,1.827962888629361e-06,5.737906966820605e-07,0.002599589932885878,0.011326129419598796,0.00303843339109492,2.9052739508537234e-09,7.056505761544702e-07,0.001966631204961019,0.0006054264572502363,7.737681682096896e-06,1.4543228015182683e-05,7.1723910121878526e-06,8.599360658545896e-07,5.1473585356765024e-06,1.2495492574946124e-05,5.8544816915410644e-05,1.1877174951453562e-05,0.9501261327210013,1.9018205847943312e-05
71,0.0023358223358243713,6.113514433790899e-06,0.012926646158106937,0.005085926781558665,0.0008643554713042068,8.534939159053518e-06,1.969232158768111e-06,5.726952091150718e-07,0.004067223333320729,0.011513382654905981,0.0036339167204966927,3.4414988415405875e-09,6.450567033952478e-07,0.0017525988134642827,0.000607103609958474,6.785234811997409e-06,1.188101885476659e-05,8.185841935225736e-06,1.1018580355224824e-06,3.5447551381598123e-06,1.2395423072645404e-05,6.24363580041018e-05,1.28074666408878e-05,0.9570421871063539,3.386017904950278e-05
