,0,1,2,3,4,5,6,7,8,9,10,11,12,13,14,15,16,17,18,19,20,21,22,23,24
0,2.244796775314821e-05,0.00011695265195135187,0.1990378155780466,0.16510301883875736,0.0003593686551285563,1.794573614856031e-11,0.00013565675714482603,7.05830714058657e-05,5.751963835705369e-09,1.3531859648073e-06,9.610085370737981e-08,3.6354292529781266e-05,0.005845216955147093,0.0005081689584359503,2.908761430030575e-10,4.197513384070933e-09,2.05460707388703e-05,2.7457853090144192e-05,7.281845888527241e-10,2.233537456329467e-06,6.296528617989639e-08,1.4133990660200115e-09,1.9866593034556347e-05,0.628291694125921,0.00040109344147099094
1,2.4518024789638703e-05,0.00015594348580550007,0.1546821009007564,0.23805896855679745,0.00035100189812516103,1.681588000026091e-11,0.00015580972947359782,8.375229090624013e-05,4.4233991178972155e-09,2.0359066376064994e-06,7.918033116361739e-08,4.083043590597791e-05,0.004919558122264933,0.0006819696247098941,3.572859523736409e-10,5.8286434356041904e-09,2.449296369825103e-05,3.0254310068840722e-05,1.0122019240665383e-09,2.3106917852723905e-06,1.1573597525236387e-07,1.9509102284227322e-09,2.9142450539482322e-05,0.6000271695897583,0.0007299325124145608
2,2.6247502704602386e-05,0.00017228972941918462,0.128477999595296,0.2316561387541354,0.0003529773759456092,1.606267991828919e-11,0.00014233886403226966,7.60839167632915e-05,2.933960661890197e-09,1.8501286005978582e-06,7.041411799100659e-08,5.1388965218907015e-05,0.005296403353166054,0.0007991331447667263,3.8668672067014245e-10,5.920911516003424e-09,3.3912250759280626e-05,3.6568767110710775e-05,8.899775572215623e-10,2.2209891222395648e-06,1.1620032816353756e-07,2.677426451141413e-09,4.486308714952789e-05,0.6320560031449726,0.0007733809913654389
3,2.272329676917008e-05,0.00015690010044586505,0.130401528286068,0.2217767462614876,0.00033301066780632674,1.2177230583270515e-11,0.00011918577099842688,7.093037619783604e-05,2.7116509702715032e-09,1.6134401786652598e-06,6.750332097210332e-08,4.269698373228305e-05,0.004641648030610443,0.0006358280363940171,2.761668478052416e-10,4.086421327333253e-09,2.8637585386194983e-05,3.412680808330332e-05,7.281350770364726e-10,1.7857777770247794e-06,1.0361547740002759e-07,1.9023012849384662e-09,3.096193743230597e-05,0.6410334387377016,0.0006680570672798303
4,2.2856664213646963e-05,0.0001663708922346218,0.1442255838607149,0.22481775706444343,0.0003838422891660033,1.3636574590560012e-11,0.00012474740262327178,6.904392516814901e-05,3.137638157752374e-09,1.650228526446566e-06,7.173421710667107e-08,4.4041430140906354e-05,0.0053779587034745654,0.0007447571841809751,3.052394233785812e-10,4.267970715791711e-09,2.7760515686537216e-05,3.1428201667056025e-05,7.932944061631945e-10,1.8018203017768236e-06,9.9846281706843e-08,1.9429254391815325e-09,3.084297937271903e-05,0.6232853009735865,0.000644073823294973
5,2.6420523379187538e-05,0.00017108364050526142,0.15975421327012426,0.20130910481630782,0.00035851868706759645,1.5008561918245348e-11,0.00014333491954971982,7.247918642201206e-05,3.7541734231488884e-09,1.68348484712688e-06,7.68049456307447e-08,4.70753827496271e-05,0.0051190876522464795,0.000749201165901075,3.833496103644382e-10,4.912296315038456e-09,2.8673220814887488e-05,3.070324899331476e-05,8.952542204099428e-10,1.9358354376592668e-06,1.0589613889033725e-07,2.2828957390110895e-09,3.0465863062758736e-05,0.6314274099186397,0.0007284142398890453
6,2.272329676917008e-05,0.00015690010044586505,0.130401528286068,0.2217767462614876,0.00033301066780632674,1.2177230583270515e-11,0.00011918577099842688,7.093037619783604e-05,2.7116509702715032e-09,1.6134401786652598e-06,6.750332097210332e-08,4.269698373228305e-05,0.004641648030610443,0.0006358280363940171,2.761668478052416e-10,4.086421327333253e-09,2.8637585386194983e-05,3.412680808330332e-05,7.281350770364726e-10,1.7857777770247794e-06,1.0361547740002759e-07,1.9023012849384662e-09,3.096193743230597e-05,0.6410334387377016,0.0006680570672798303
7,2.1057618827842056e-05,0.00019461394441252,0.15315607522047966,0.18818333609235535,0.00024878760588014514,8.533223463677572e-12,0.00013350276547660677,6.470641056047318e-05,3.5407974709015327e-09,1.3386431056960866e-06,7.650444338861305e-08,3.6683989502737615e-05,0.006805853316566843,0.0005222447194604053,2.1002238067447893e-10,2.3927103185811895e-09,2.2962143863678902e-05,2.8994855209270765e-05,6.365553035883438e-10,1.969027161445338e-06,6.433296228322374e-08,1.4698586462292082e-09,1.6346874438262402e-05,0.6500611976684828,0.0005001800083333686
8,8.74754087260342e-05,0.00026226409694717404,0.15294118011756044,0.09051258219654694,0.0003461864809891816,9.523202270764259e-11,0.0001824557669516876,7.464234048434324e-05,8.700631974025217e-09,1.0498896039603274e-06,1.0175483375438033e-06,0.00017344802389593927,0.006011840477237237,0.0004880110129033856,9.916528957025898e-10,4.391184718049917e-09,8.246748617843206e-05,0.0002817114159173481,1.5123742914798405e-09,3.6446278171484173e-06,2.436517798728725e-07,1.0594195235330735e-08,3.875636854798844e-05,0.7481208321062072,0.00039016469809690686
9,0.00017290839603117795,0.0003022592213293694,0.0821459886545023,0.23095803346420002,0.0005781207246649796,3.5535598450922816e-10,0.0003663891063455266,0.00012547649398441432,4.228742203827017e-09,3.4290490866932203e-06,9.913602149841636e-07,0.0003198581600988324,0.003569873482453188,0.001794215272286486,2.8561947838155704e-09,3.886803385431424e-08,0.0001721938105502851,0.0005739870009705572,3.6701039552294453e-09,5.246101927534389e-06,1.2052465664331983e-06,4.036657554882052e-08,0.000524663463828314,0.6772506339731509,0.0011344366728016342
10,2.272329676917008e-05,0.00015690010044586505,0.130401528286068,0.2217767462614876,0.00033301066780632674,1.2177230583270515e-11,0.00011918577099842688,7.093037619783604e-05,2.7116509702715032e-09,1.6134401786652598e-06,6.750332097210332e-08,4.269698373228305e-05,0.004641648030610443,0.0006358280363940171,2.761668478052416e-10,4.086421327333253e-09,2.8637585386194983e-05,3.412680808330332e-05,7.281350770364726e-10,1.7857777770247794e-06,1.0361547740002759e-07,1.9023012849384662e-09,3.096193743230597e-05,0.6410334387377016,0.0006680570672798303
11,2.2979035600985984e-05,0.0001617793467398174,0.13175717345497304,0.21968666742064977,0.00033516282908275857,1.2460388409822367e-11,0.00012128892765948507,7.036255179773895e-05,2.8206362452035758e-09,1.6205252959985626e-06,6.940431127797798e-08,4.3649185289093925e-05,0.004971670071400986,0.0006504714200619152,2.812500452462063e-10,4.06147228692427e-09,2.8962228048778254e-05,3.428952821036063e-05,7.361238609409002e-10,1.8233787124237247e-06,1.0083339082350405e-07,1.945481510682608e-09,3.0805281573255605e-05,0.6414252527518406,0.0006558619679366697
12,1.7000109411437812e-05,0.00012529519868788918,0.1914218215110637,0.21128067520931154,0.00018882553924470046,7.512773745353462e-12,0.00016442552445125169,9.983387500587503e-05,7.006372074936833e-09,1.6278671597818704e-06,6.484812611476138e-08,2.6280281737372963e-05,0.0047560460640322525,0.0003352743813680127,2.2072823515874652e-10,2.8481607443858942e-09,1.5203666196396922e-05,1.9492587161697314e-05,8.371959095088443e-10,2.56516038822844e-06,7.509834277560117e-08,9.855754821999079e-10,9.608155323206669e-06,0.5909131482402568,0.0006227247771856947
13,2.5743620246759322e-05,0.00016457457267066134,0.22631477134986386,0.2296026293244525,0.00042161070641212557,1.2711850161826761e-11,0.0001237723100366767,6.769683439577667e-05,3.738734974842618e-09,1.0989665855091905e-06,1.1320030272421004e-07,8.016637096993696e-05,0.006461698810725324,0.001026913744512914,3.4212200319724267e-10,3.292608649838415e-09,3.374925818592096e-05,3.281760786309311e-05,8.496291049592219e-10,2.0229071632238886e-06,1.1674049849725598e-07,2.109620658392596e-09,2.5949398815188575e-05,0.5349417609511341,0.0006727829797380148
14,1.0617554975065542e-05,0.00037649484449627283,0.06887260138314982,0.1663913990052016,0.00036880907565988065,8.901187145129375e-12,7.341347561524742e-05,5.238874899329969e-05,2.7401702674076034e-09,2.6982095358115734e-06,5.2424302295667806e-08,1.2099142924588138e-05,0.005359145879173228,0.00033701441863377067,2.1225957844658148e-10,1.9697749847753974e-09,1.8808033776428652e-05,2.2236705464953583e-05,6.529920009554281e-10,8.956652798594512e-07,7.093072304677406e-08,1.1860301217163131e-09,1.4827597895964294e-05,0.7577255809015626,0.00036083923250809194
15,2.272329676917008e-05,0.00015690010044586505,0.130401528286068,0.2217767462614876,0.00033301066780632674,1.2177230583270515e-11,0.00011918577099842688,7.093037619783604e-05,2.7116509702715032e-09,1.6134401786652598e-06,6.750332097210332e-08,4.269698373228305e-05,0.004641648030610443,0.0006358280363940171,2.761668478052416e-10,4.086421327333253e-09,2.8637585386194983e-05,3.412680808330332e-05,7.281350770364726e-10,1.7857777770247794e-06,1.0361547740002759e-07,1.9023012849384662e-09,3.096193743230597e-05,0.6410334387377016,0.0006680570672798303
16,2.4037101463686886e-05,0.00016934580072962692,0.10591997411257446,0.27829384708326294,0.0003074433378761651,1.4095637535910758e-11,0.00012837844550763654,8.477760960127807e-05,2.5647255168120376e-09,2.2308935850509592e-06,6.983121780948884e-08,4.26540442390789e-05,0.004160620314565981,0.0006398377241490481,2.5492837570259534e-10,4.955734969860074e-09,2.862789088754321e-05,4.347390984269566e-05,8.20672416994105e-10,2.126776295463699e-06,1.4502619848828908e-07,2.135323444996654e-09,3.4537362905748175e-05,0.6093587394035607,0.0007591225860562786
17,2.4605711914314147e-05,0.0001576872758387275,0.13320899475658404,0.30146452608894425,0.0003647386712587,1.4505068135711778e-11,0.0001253141598405738,6.421837169552482e-05,2.192299606182225e-09,1.5985367855090123e-06,6.984696244396525e-08,5.319338578348357e-05,0.005115524132344741,0.0009638193279125529,2.388487835302659e-10,4.7024755628614e-09,2.693556119679802e-05,4.156543678814852e-05,6.630017504125485e-10,2.097740130089215e-06,1.1353846434310276e-07,1.9426096348869032e-09,4.4672966474171e-05,0.557566141619832,0.000774173117509329
18,2.472429151139436e-05,0.00015492444995332,0.09898797733299765,0.17463815721071618,0.00023841397438128302,7.872091742663856e-12,9.759905466730454e-05,6.408701039184897e-05,1.8305681242494203e-09,1.3473335454647244e-06,5.090675404491294e-08,4.4254718894446034e-05,0.00411481360310464,0.0004785882383678616,2.2771738484317235e-10,2.7512826254902568e-09,3.706632934845287e-05,4.12858055370068e-05,5.423115103560927e-10,1.3656155040952457e-06,9.093367463985695e-08,2.2713838653352516e-09,2.7143064943769804e-05,0.7203662695826024,0.000681832911968679
19,1.788748945619363e-05,0.00015224768788487793,0.16835957352277306,0.2255206586134533,0.0004153279741040518,1.0468799136060795e-11,9.830873538398398e-05,7.269484066747088e-05,3.3942231041114405e-09,1.5718197070663372e-06,5.998486025603608e-08,4.0802934447983964e-05,0.005435136474653499,0.0007023306343434167,2.499334497051673e-10,3.181130602698523e-09,2.7058143495964535e-05,2.6075563071237087e-05,7.120437860095557e-10,1.6273064857381623e-06,8.676412246481024e-08,1.7135062086398244e-09,2.233909634725025e-05,0.5985230879948735,0.0005831151585626829
20,2.4082895790141433e-05,0.00015055290833717382,0.13411619017703708,0.23319606338175036,0.0003280652096428491,1.3745618677414063e-11,0.00012659785569317901,6.477221989257401e-05,2.73088525915058e-09,1.581300805443861e-06,7.48714788985383e-08,4.318459662529725e-05,0.004592482518055033,0.0006497007223870565,2.6689698045295094e-10,4.307456727708667e-09,2.586247494099192e-05,3.590313641832092e-05,6.913341142786969e-10,1.8372684026641576e-06,1.0379398911834946e-07,1.6667033055771653e-09,3.202613746926986e-05,0.6259108723409429,0.0007000365133196487
21,2.8373727596539124e-05,0.00015215055728107162,0.13688469321331365,0.28833910346987307,0.00032530642305168963,1.813632638257944e-11,0.00016656969642520725,6.897473886238063e-05,3.0014325150323355e-09,1.822527341640634e-06,8.628257413704871e-08,5.214462511489374e-05,0.005444665583217587,0.0008466526460841235,2.9675228831845255e-10,6.049339338859875e-09,2.3254384017320562e-05,3.862355732097845e-05,7.853676998850591e-10,2.4618183843277387e-06,1.1751686751342324e-07,1.7539271822439588e-09,4.139171348819109e-05,0.5668096426606042,0.0007739529536259885
22,2.520998332960119e-05,0.00015458253458160693,0.14157180436611494,0.22824878820085628,0.00032447352943389997,1.3853571749665394e-11,0.00012085401366622735,7.661511291553057e-05,2.8726305254886325e-09,1.547443598723641e-06,8.516973916137188e-08,4.8015568531753075e-05,0.004150026592930128,0.0006389972246889459,2.686685217347879e-10,4.214643057955051e-09,3.136413117114013e-05,4.3545794000030963e-05,7.60131924048246e-10,2.1255183034914636e-06,1.2656517967288145e-07,2.199828982145562e-09,3.0106737304907943e-05,0.6238650360925883,0.000666685091309254
23,2.272329676917008e-05,0.00015690010044586505,0.130401528286068,0.2217767462614876,0.00033301066780632674,1.2177230583270515e-11,0.00011918577099842688,7.093037619783604e-05,2.7116509702715032e-09,1.6134401786652598e-06,6.750332097210332e-08,4.269698373228305e-05,0.004641648030610443,0.0006358280363940171,2.761668478052416e-10,4.086421327333253e-09,2.8637585386194983e-05,3.412680808330332e-05,7.281350770364726e-10,1.7857777770247794e-06,1.0361547740002759e-07,1.9023012849384662e-09,3.096193743230597e-05,0.6410334387377016,0.0006680570672798303
24,2.1503804680286905e-05,0.00016764701926234635,0.13289496854450897,0.26451221941423164,0.0003705148929206396,1.2586218448721468e-11,0.0001162793056178391,7.013650624181604e-05,2.6078833542308143e-09,1.7193380043372057e-06,6.748153292382045e-08,4.3073366761047645e-05,0.005064982027188153,0.0007532993547018446,2.5081577835432597e-10,4.114738855040508e-09,2.7163690576331505e-05,3.423305322491576e-05,7.421395433786086e-10,1.874915907258767e-06,1.0571434666092652e-07,1.7985279804967063e-09,3.26074525815735e-05,0.5952059754594656,0.0006816191315539466
25,2.77584184938529e-05,0.00022604477108575566,0.12271082743987916,0.17131780496009788,0.0004474980873374301,2.244891981526721e-11,0.00011231274457745684,4.1844583997435725e-05,3.2275167529040945e-09,2.0189982982043895e-06,5.448286977311161e-08,3.1799405131356846e-05,0.004518584649177928,0.0008378284293933449,5.041032539464021e-10,5.197122562198506e-09,2.4798070203498815e-05,3.247783338665335e-05,6.790258554813718e-10,1.1468485767308332e-06,9.220935364742121e-08,2.446650278839255e-09,3.9586692367536266e-05,0.6986787477388212,0.0009487615600836205
26,1.959038886893674e-05,0.00021924721041868516,0.14474249709756307,0.604782217680389,0.0007986691608975124,4.899838507895219e-11,0.0001840583785013119,7.31645065352085e-05,3.757621996921325e-09,3.828530876460021e-06,8.878913957410443e-08,5.499570221873302e-05,0.005529316698915421,0.003535455285961889,5.966343973944499e-10,1.9984756082449093e-08,1.5031949486473981e-05,2.194965616345573e-05,2.0598720335772964e-09,3.4228100999597827e-06,2.469216227614294e-07,2.2521627984365805e-09,9.822266544318281e-05,0.2386411277025803,0.001276840164272382
27,2.540239186942793e-05,0.0001561818353171281,0.13529490188782417,0.19758285891495778,0.00028830954474714436,1.4247415653796677e-11,0.00012988089859677462,8.387116164880957e-05,3.629827260816428e-09,1.8673133645733313e-06,6.463994755948535e-08,4.1145932374550864e-05,0.004060761340084456,0.0005656291549346477,3.3326686080863626e-10,4.745113730826458e-09,2.9577337600948067e-05,3.79270173737696e-05,8.072059480350673e-10,2.1036075497883647e-06,1.1238883162719703e-07,2.5398079108149674e-09,2.937256044362127e-05,0.6608963066121555,0.0007737133909087412
28,2.272329676917008e-05,0.00015690010044586505,0.130401528286068,0.2217767462614876,0.00033301066780632674,1.2177230583270515e-11,0.00011918577099842688,7.093037619783604e-05,2.7116509702715032e-09,1.6134401786652598e-06,6.750332097210332e-08,4.269698373228305e-05,0.004641648030610443,0.0006358280363940171,2.761668478052416e-10,4.086421327333253e-09,2.8637585386194983e-05,3.412680808330332e-05,7.281350770364726e-10,1.7857777770247794e-06,1.0361547740002759e-07,1.9023012849384662e-09,3.096193743230597e-05,0.6410334387377016,0.0006680570672798303
29,2.272329676917008e-05,0.00015690010044586505,0.130401528286068,0.2217767462614876,0.00033301066780632674,1.2177230583270515e-11,0.00011918577099842688,7.093037619783604e-05,2.7116509702715032e-09,1.6134401786652598e-06,6.750332097210332e-08,4.269698373228305e-05,0.004641648030610443,0.0006358280363940171,2.761668478052416e-10,4.086421327333253e-09,2.8637585386194983e-05,3.412680808330332e-05,7.281350770364726e-10,1.7857777770247794e-06,1.0361547740002759e-07,1.9023012849384662e-09,3.096193743230597e-05,0.6410334387377016,0.0006680570672798303
30,2.272329676917008e-05,0.00015690010044586505,0.130401528286068,0.2217767462614876,0.00033301066780632674,1.2177230583270515e-11,0.00011918577099842688,7.093037619783604e-05,2.7116509702715032e-09,1.6134401786652598e-06,6.750332097210332e-08,4.269698373228305e-05,0.004641648030610443,0.0006358280363940171,2.761668478052416e-10,4.086421327333253e-09,2.8637585386194983e-05,3.412680808330332e-05,7.281350770364726e-10,1.7857777770247794e-06,1.0361547740002759e-07,1.9023012849384662e-09,3.096193743230597e-05,0.6410334387377016,0.0006680570672798303
31,2.140984163463278e-05,0.00015295479606741323,0.12838237998416477,0.21609623469611508,0.0003185712446678001,9.991267770591134e-12,0.0001094098344931975,7.26578732373837e-05,2.518091647397823e-09,1.5286871458401082e-06,5.9385608615349e-08,3.958525399357983e-05,0.004547585952065629,0.0005873715160022098,2.3524103648027664e-10,3.4936406281071296e-09,2.8012590244988345e-05,3.244718403619374e-05,6.792772254848179e-10,1.6750542980010087e-06,9.329495650778797e-08,1.7751772296519374e-09,2.6884195257395717e-05,0.64895677990485,0.0006243499997418809
32,2.3672803901549956e-05,0.00015872023747303407,0.13429090897121973,0.2205280353564296,0.00034078240966719343,1.286960045034563e-11,0.00012338314250568485,7.578160150664627e-05,2.987959812659512e-09,1.6783445544431161e-06,7.014528462334099e-08,4.4026121105140674e-05,0.004669074224427175,0.0006458945463555768,3.007691802100659e-10,4.36701334490526e-09,2.9968280458942184e-05,3.4303788059731946e-05,8.119407066503133e-10,1.872309087793151e-06,1.0935737160524161e-07,2.070835199871689e-09,3.081688911975714e-05,0.6383180157019733,0.0006828752181105761
33,2.3043307747251784e-05,0.00017282948443038575,0.12208602344957104,0.20832944823902635,0.000346468579697887,1.1333997355639669e-11,0.00011207219135190122,7.071914995772905e-05,2.416435511695147e-09,1.577837798532077e-06,6.442419988839398e-08,4.319109452973093e-05,0.0049330269254323055,0.0006571957342596833,2.747433337475857e-10,3.858508702723455e-09,3.250340626358004e-05,3.4958790740366435e-05,7.346181911371426e-10,1.685405113410061e-06,9.817953155918941e-08,2.1992107732957504e-09,3.207247029897459e-05,0.6625158810536332,0.0006071307815656904
34,2.1316871654617463e-05,0.00015495568102377537,0.12415743100330388,0.22877768262913653,0.00033531633959886476,1.1454108545417625e-11,0.0001122953623529548,6.904938481904358e-05,2.334875102471956e-09,1.5749071471064497e-06,6.558711075591802e-08,4.3028466374486395e-05,0.004535444913889447,0.0006362886709898056,2.552886956497354e-10,3.926255911482169e-09,2.954345723841597e-05,3.486171156341079e-05,6.742883102838133e-10,1.7360613064018094e-06,1.03913568286125e-07,1.8627223320456e-09,3.310787658927451e-05,0.6404078101454443,0.0006483779520041573
35,2.9285022153179368e-05,0.0001194142199292523,0.08124619480101007,0.19512147198673865,0.00014753380426319073,7.296947064111117e-12,0.00010261664314065858,0.0001227062832049878,2.835423222678564e-09,1.982975205585562e-06,4.4799598500733163e-08,3.6160012563646866e-05,0.0027702536591529352,0.00025045141797060746,1.6425775052787205e-10,2.792357038730361e-09,3.533992831192801e-05,5.8157514184767395e-05,7.374693052036524e-10,1.8490172089275866e-06,1.2176899792871498e-07,2.321732228837681e-09,1.6545408268552715e-05,0.719109180374248,0.0008306815053120515
36,1.7859532998330953e-05,0.00014841858264675722,0.13869158450423344,0.17129135506271917,0.00041272807865313566,5.275469425364228e-12,7.621047487299224e-05,8.203521975475885e-05,2.8633824534335184e-09,1.3679034653504358e-06,3.657453029735731e-08,4.584740551641648e-05,0.00593599486204707,0.0005873112299802883,2.9696614626176864e-10,2.307374216993077e-09,4.4331519640886533e-05,1.854702558304356e-05,8.709624121941248e-10,9.705295907453098e-07,7.61755803213644e-08,2.0085960973550977e-09,1.758977930839954e-05,0.6819990210377115,0.0006287061486102202
37,3.110688807352898e-05,0.0001630945762605084,0.1504310951647551,0.2098047072387607,0.0002905627054468368,9.945088903775771e-12,0.00012571498293984578,5.64619066493754e-05,2.274907513943317e-09,1.1093628724188187e-06,7.183898274009508e-08,4.669297494421335e-05,0.004933958780215301,0.0007326657316204201,2.026325274262306e-10,2.9380950997328084e-09,2.4859927553298255e-05,3.884543245950492e-05,5.919223807284492e-10,1.6262746060340274e-06,8.090078877843879e-08,1.673429643685657e-09,2.3497837000306384e-05,0.6326499653405504,0.0006438744445882906
38,3.997447853704285e-05,0.00017258119848516,0.12641718840333005,0.20077281358643956,0.00029867007125051185,3.189327603949843e-11,0.00023180202044601587,7.232548675492452e-05,3.901878508477441e-09,2.0966350949981123e-06,1.2018275599628748e-07,5.0375592901309115e-05,0.0044888093797957026,0.0007329611350442623,5.351667478173925e-10,9.89853338783992e-09,2.7331793602886033e-05,4.8342572954344924e-05,1.0188882850838324e-09,2.8161146876607285e-06,1.4141202912941705e-07,2.969628189153424e-09,5.559601037249422e-05,0.6658172301930305,0.0007688053764990264
39,2.2808847488030128e-05,0.00010035295582941215,0.15087693490063608,0.29556696691956924,0.0003339934610121591,1.6238415137309448e-11,0.00013225692946467304,0.00011667822516084308,3.643734260596048e-09,1.919001783867105e-06,8.243438400907147e-08,5.1369788561886723e-05,0.003370668146319829,0.0005839715723781285,2.764377445037301e-10,6.505583334985186e-09,2.8590502853279848e-05,3.878418360994561e-05,9.84250235245287e-10,2.848676681244224e-06,1.674204163500966e-07,1.8533003428681306e-09,3.4339939705665364e-05,0.5479866394727827,0.0007506133418184087
40,3.8904657240588266e-05,0.00021265210243315256,0.21312312950483128,0.19131550032609904,0.0003998802003037099,1.836398087847127e-11,0.00014588269058284637,5.9407400387099955e-05,4.079371205393403e-09,1.2846719496776864e-06,9.844763499231325e-08,6.403891783612859e-05,0.005388787024267777,0.0011714878106102316,4.155539149452514e-10,4.110505448124019e-09,3.060153251121619e-05,4.180864159622521e-05,8.852910051472424e-10,1.9015514043571362e-06,1.1162899521630402e-07,3.1697738637764494e-09,2.878059020975113e-05,0.5871226493359809,0.0008530802862662875
41,1.4233267786801777e-05,0.00015060919015333474,0.23410628609561784,0.22792535159045663,0.0006335067112713904,1.5913554505723033e-11,9.802158357469812e-05,6.124511007436302e-05,6.457052823686577e-09,1.955627799972283e-06,5.105717495095696e-08,2.3111271237494927e-05,0.004543370085460425,0.000848194710107043,3.5557769016291666e-10,4.1484384214584516e-09,1.339024849316466e-05,1.4234205653407398e-05,8.24166974611647e-10,1.292566991188749e-06,8.444343869375417e-08,1.0870742100712885e-09,1.6449279714107024e-05,0.5308678573119757,0.0006807427547951572
42,2.2400343390396758e-05,0.00014849976856802928,0.1265740785754671,0.194589989796492,0.00027125284116693237,1.043962778351057e-11,0.00013503664973169425,0.000136461227610421,3.5625960930712085e-09,2.0667144462205074e-06,6.083720188157038e-08,3.850085705975321e-05,0.003441659575180413,0.0004509072835539403,3.528331894497049e-10,5.723560116932924e-09,3.903893817949941e-05,3.2119318829829795e-05,1.2019226433723875e-09,2.6064557073212943e-06,1.3930892941458896e-07,3.2778769153569924e-09,2.7688280238785248e-05,0.6734583774147077,0.0006291016843102147
43,1.975121205195889e-05,0.00015421463408933075,0.08728466722866811,0.23901941832111256,0.0004006813184061812,2.0294812222954538e-11,0.00010837213925497476,0.00010928904744006886,3.3441917278879894e-09,3.4356456664517223e-06,6.211450582991977e-08,3.270241403578069e-05,0.0030603547280959207,0.0004878121752849249,3.9252242645827186e-10,7.502975176093337e-09,3.482081784860149e-05,3.979501328524032e-05,1.1061804978023508e-09,1.8577323642649016e-06,1.9597068712317273e-07,2.858879171550666e-09,4.15718822874711e-05,0.6684761070968387,0.0007248752830326746
44,2.272329676917008e-05,0.00015690010044586505,0.130401528286068,0.2217767462614876,0.00033301066780632674,1.2177230583270515e-11,0.00011918577099842688,7.093037619783604e-05,2.7116509702715032e-09,1.6134401786652598e-06,6.750332097210332e-08,4.269698373228305e-05,0.004641648030610443,0.0006358280363940171,2.761668478052416e-10,4.086421327333253e-09,2.8637585386194983e-05,3.412680808330332e-05,7.281350770364726e-10,1.7857777770247794e-06,1.0361547740002759e-07,1.9023012849384662e-09,3.096193743230597e-05,0.6410334387377016,0.0006680570672798303
45,1.955135396357623e-05,0.00014051465784319024,0.14499655461689548,0.16656225587769194,0.0003226816171712992,9.316511725969123e-12,0.00012547911442065577,8.101808382866926e-05,3.4205679897099465e-09,1.4357512282024423e-06,6.001525618924421e-08,3.652911232635907e-05,0.005160262732887522,0.0005131224567897845,2.981284907442297e-10,3.6541564641277666e-09,2.751927429716525e-05,2.2370935999261463e-05,7.92997599269905e-10,1.6530510114372085e-06,7.592626999452131e-08,1.7800673989379363e-09,2.2786875152416754e-05,0.6814943662908908,0.00047175230084174386
46,2.4694815864468016e-05,0.00017248067430691155,0.1534177134076114,0.2664125089512921,0.0003628339801043771,2.0176656196288725e-11,0.00016626390382374034,6.344136920721542e-05,3.591698769507667e-09,1.9597469941825988e-06,8.046825736674112e-08,3.717935584815432e-05,0.004746842944007813,0.000869153138126095,3.18368629768182e-10,5.9662116164100126e-09,1.7797645083364387e-05,3.270146595676595e-05,7.79540234865148e-10,2.221448229750086e-06,1.0742991187660444e-07,1.6594978066086623e-09,3.6970653052355384e-05,0.5728563289340305,0.0007787073327979603
47,4.362070668831726e-05,0.00017706230613695627,0.11505193671330802,0.1530045317036558,0.00018934311147908269,1.386102921559064e-11,0.00015681351619237064,7.445217897090804e-05,2.9740761968145127e-09,1.4989872743669692e-06,7.915757777289623e-08,5.40841815386191e-05,0.0042419625342747565,0.0004980437219452028,3.6018620872417575e-10,4.538776385330896e-09,3.914365258232987e-05,5.705718302169492e-05,7.560720367587258e-10,2.308363347497194e-06,1.087485617928033e-07,3.658447387053159e-09,2.953002601032013e-05,0.7255869230074377,0.0007914878985771477
48,2.1398734863259637e-05,0.0001798543541537619,0.1009530387276474,0.19053555302067268,0.0003179930136800406,8.961013764004203e-12,0.00010713062580401347,8.35986270363928e-05,2.363173036556057e-09,1.7649650649760743e-06,5.445525194227724e-08,3.9218222525548074e-05,0.004818126220971954,0.0005258259330859813,2.883184554018989e-10,3.7289677714886124e-09,3.822204624888744e-05,3.104708515127006e-05,8.72179098514648e-10,1.5434880577854514e-06,1.0018687149759141e-07,2.3797375262139053e-09,2.925045496827981e-05,0.7017240786419422,0.000592191554665421
49,2.626489609698206e-05,0.0001432092362549844,0.16773641080851087,0.2176151658603035,0.00035609009854085716,1.5543358583970082e-11,0.00012575361013659689,7.10536764520579e-05,3.165759895551737e-09,1.4164893126410956e-06,8.753046231078715e-08,5.7385786883790474e-05,0.004885140992568971,0.000746783196049698,3.0530815408761415e-10,4.3798581374203916e-09,3.1785843845028665e-05,3.976235199244597e-05,7.144648372185379e-10,2.1485230212581797e-06,1.0880342515681893e-07,2.2591611896931507e-09,3.32705252147295e-05,0.6074740153394601,0.000654135591372535
50,2.416054489088843e-05,0.00020045047718248062,0.12761317350975931,0.2664427611644507,0.0003400516899996442,1.5670882829237783e-11,0.00018491505834437885,9.258734827638447e-05,4.137551109644219e-09,3.051289399259948e-06,5.304455671639864e-08,2.906529104995792e-05,0.0055443262335498865,0.0007902484427178737,3.0469198328698393e-10,6.845471105535798e-09,2.042950496401247e-05,2.6230285667719356e-05,1.1538639261819284e-09,2.352786955474307e-06,9.436082994379075e-08,2.2545319161539914e-09,3.097457079575777e-05,0.5979150064082316,0.0007400532765971693
51,2.2760215424419896e-05,0.0001567959400354422,0.13037078501707375,0.21688210871513186,0.0003361682142782982,1.2345672609841009e-11,0.00011886125179913853,7.032330698604796e-05,2.730228743174253e-09,1.6089545683574698e-06,6.740111181947743e-08,4.247801638995682e-05,0.004616403191668758,0.000633055721066618,2.8488010070116056e-10,4.1531975097474005e-09,2.8923829652474834e-05,3.379728778445216e-05,7.323319788445526e-10,1.7654384271162936e-06,1.0329743677329794e-07,1.9275901382614274e-09,3.129937225688816e-05,0.6459841189512037,0.0006685660371300566
52,4.9475849786116146e-05,0.0001613690416844678,0.11249090302084991,0.2330815089059072,0.00024640491970736423,4.865711341983411e-11,0.00020549798552726813,6.49440211165177e-05,3.654035873054983e-09,2.1813666286068903e-06,1.4584482627291388e-07,5.792186219552221e-05,0.004424626148342816,0.0006989414215333746,3.4262676198281213e-10,8.580017751629198e-09,2.6648866529353334e-05,0.00010868962827999033,6.465628311154653e-10,3.7045492840338948e-06,1.4703201683401923e-07,3.37550130208428e-09,6.257637371466996e-05,0.6475612560255988,0.0007530404890689787
53,3.154726017012793e-05,0.00014435984913140854,0.13316188031203563,0.22241368635186035,0.00020322530077051076,2.2829159519586793e-11,0.00027498393640787205,7.27473931166944e-05,3.458191808704632e-09,1.8807049306703103e-06,1.103590618837411e-07,4.557577635620164e-05,0.004409441136867047,0.0006058328794585133,3.928385455342545e-10,9.106373464778624e-09,2.2625717286941385e-05,4.3129522554475785e-05,7.91511930570921e-10,3.7749141023652764e-06,1.1590466941148853e-07,2.3235406530187285e-09,5.2619608717114636e-05,0.6377695241746357,0.0007429228025814579
54,1.3902383601463487e-05,9.183850742237523e-05,0.11450619945656983,0.19769736767060447,0.0004331868598300508,6.506736929836791e-12,5.102092423464976e-05,9.010576038872992e-05,1.7616389165910692e-09,1.0455330861351136e-06,6.581691389773451e-08,4.4679141127942696e-05,0.0034046211580524427,0.0003408936983461227,1.5537049876209395e-10,2.0587058569298348e-09,4.6567205985288034e-05,3.426644588891068e-05,6.09600440955905e-10,1.1124589559232621e-06,1.0740455320055221e-07,1.3323203922270197e-09,2.2203704559357556e-05,0.6828724945712671,0.0003483153744693587
55,2.806977522570258e-05,0.00012515550312313252,0.13909988157217448,0.1759691963106765,0.00018185761546137937,8.560029442019155e-12,0.00011961026346003458,6.121623524868267e-05,3.0546524547875782e-09,1.0526976057873485e-06,7.201651417348561e-08,4.8942721548231876e-05,0.005109210754027142,0.0003990745954075149,1.9033581171550139e-10,2.1532357278080985e-09,2.6241422312742036e-05,4.356176131670302e-05,4.5668654839021025e-10,1.818013228079553e-06,7.014309908916313e-08,1.455592952915674e-09,1.725248465803675e-05,0.6781329099608682,0.0006347988349809541
56,2.2973584823542155e-05,0.00016064014687939464,0.13369378149599875,0.21865620911688013,0.00034076710436788197,1.23010082703157e-11,0.00012012508624690824,7.116214713900349e-05,2.855110571763411e-09,1.5897934488593147e-06,7.050994756676831e-08,4.431992745944563e-05,0.005018888432191072,0.0006490754523182134,2.8239790628259426e-10,3.992757234836629e-09,2.9361813674397078e-05,3.3873043372312814e-05,7.496021554879332e-10,1.811982081136381e-06,1.0116848914144568e-07,1.9297613905518564e-09,3.0093587038355255e-05,0.6404819701634356,0.0006431756222780893
57,1.899672773947357e-05,0.00015112344735548154,0.15476864549224031,0.19779423597426893,0.00040388859312548317,8.564681727338493e-12,8.734365007899325e-05,9.359877185942979e-05,3.573049773526004e-09,1.6391778163384774e-06,5.508226216870137e-08,4.547536550841002e-05,0.005189413049999983,0.0005811957954101495,2.871865317076801e-10,3.0830047914324943e-09,3.983080255419654e-05,2.633262856652141e-05,9.241631906401425e-10,1.54883243984112e-06,9.916947851521085e-08,2.261068406052918e-09,1.9452612690118515e-05,0.6401731591411468,0.000603955548421433
58,2.5634267808825892e-05,0.0001569988100139,0.16143593096859848,0.3368335648527099,0.00039167394642111513,1.9198870071874094e-11,0.00014721552789209385,7.689680605220098e-05,3.6375352219566366e-09,2.0182698296261394e-06,7.764833816908219e-08,4.86875890490398e-05,0.005000408626886865,0.0010090540952650382,2.963721202833222e-10,6.154715962898892e-09,2.2137275541437596e-05,3.5667609790362474e-05,9.363281536177185e-10,2.5745346739171977e-06,1.27417574472776e-07,1.8203880403616464e-09,3.746546228657164e-05,0.49385739894793257,0.0009164544787971122
59,1.0858622298929977e-05,0.0002395658465121772,0.03561843935164311,0.9273717372126576,0.0005783173700696766,1.4139722352713054e-10,0.00012708772452835993,3.30342079198221e-05,4.755596499938353e-09,4.943411937683219e-06,8.974671976487682e-08,3.386945741696984e-05,0.004046814692439777,0.007582816953632443,4.177450145563941e-10,1.5401294983341897e-08,3.823708711092056e-06,1.8790902493071616e-05,4.277531881657326e-09,2.884048503416368e-06,2.2504702468410322e-07,2.2627596692694342e-09,8.813657483760879e-05,0.022911029124819918,0.0013275087395083912
60,2.272329676917008e-05,0.00015690010044586505,0.130401528286068,0.2217767462614876,0.00033301066780632674,1.2177230583270515e-11,0.00011918577099842688,7.093037619783604e-05,2.7116509702715032e-09,1.6134401786652598e-06,6.750332097210332e-08,4.269698373228305e-05,0.004641648030610443,0.0006358280363940171,2.761668478052416e-10,4.086421327333253e-09,2.8637585386194983e-05,3.412680808330332e-05,7.281350770364726e-10,1.7857777770247794e-06,1.0361547740002759e-07,1.9023012849384662e-09,3.096193743230597e-05,0.6410334387377016,0.0006680570672798303
61,2.428008371367437e-05,0.0001689003558926016,0.12555704876707022,0.2597970742696765,0.0003563407693665695,1.4555150512917367e-11,0.00012914914424221166,7.402023304342122e-05,2.806878563906975e-09,1.8974004514652859e-06,6.892498930213662e-08,4.496486684136465e-05,0.004935363234857198,0.0007501498888480158,2.9222815108003614e-10,4.894098691800226e-09,2.8341735006167155e-05,3.654745593719082e-05,8.255657370635823e-10,1.9706554323647046e-06,1.1580805306882241e-07,2.0343670811968663e-09,3.68339884477145e-05,0.6072996127176309,0.0007573088328066424
62,2.272329676917008e-05,0.00015690010044586505,0.130401528286068,0.2217767462614876,0.00033301066780632674,1.2177230583270515e-11,0.00011918577099842688,7.093037619783604e-05,2.7116509702715032e-09,1.6134401786652598e-06,6.750332097210332e-08,4.269698373228305e-05,0.004641648030610443,0.0006358280363940171,2.761668478052416e-10,4.086421327333253e-09,2.8637585386194983e-05,3.412680808330332e-05,7.281350770364726e-10,1.7857777770247794e-06,1.0361547740002759e-07,1.9023012849384662e-09,3.096193743230597e-05,0.6410334387377016,0.0006680570672798303
63,2.3067000750061256e-05,0.00016991462361374199,0.1283957582282083,0.2096951325832952,0.0003202493626198243,1.1939891539241456e-11,0.00011986190145916797,6.994923204543665e-05,2.809787030790083e-09,1.6092986917200574e-06,6.869843276544429e-08,4.16328323675862e-05,0.004760955045335049,0.0006141481707615102,2.871096452251052e-10,3.89056814613228e-09,2.924795850312849e-05,3.457525596094964e-05,7.382032589048443e-10,1.778424169035743e-06,1.0190369830665289e-07,2.0077952709478872e-09,2.9360164274245523e-05,0.6550299326948403,0.0006626468755704224
64,2.221687109709968e-05,0.00015078736382436502,0.1258672133940493,0.22371373762375685,0.00033957807463751117,1.2415564059044292e-11,0.00011410344781723183,7.78548974438199e-05,2.78606401651412e-09,1.6724062099315815e-06,7.344594637448046e-08,4.481243717759574e-05,0.004076365537803165,0.000586465061785053,2.9773359424140145e-10,4.176860068651725e-09,3.0932395400381336e-05,3.577574467049371e-05,7.902498278596866e-10,1.7471272259393118e-06,1.3068700273639384e-07,1.9598504997580403e-09,3.0638376107637974e-05,0.6442204066160153,0.0006854784688555155
65,2.160411823011243e-05,0.00016317319128849876,0.12749423909073934,0.19563773403333673,0.0002942757787327119,9.841301823090177e-12,0.00012202801718858983,7.097943902357452e-05,2.777413394615846e-09,1.532052714251536e-06,6.092261220377406e-08,3.762547970072708e-05,0.004766493782103748,0.0005560797163121751,2.687845375365974e-10,3.566264077282802e-09,2.7439220121605455e-05,2.972371825665971e-05,7.135496261276839e-10,1.6823162253910676e-06,8.922846291762881e-08,1.8299826595791729e-09,2.5830380022348884e-05,0.6701312464758786,0.00061815387321409
66,2.2001971748919445e-05,0.00015568584234169758,0.16355593051840128,0.3224275459100692,0.0003368862319369913,1.8132705446262112e-11,0.0001845395607150876,0.00011908487986297061,6.140571013755665e-09,2.962314536726762e-06,7.19976760189358e-08,3.5970939773388974e-05,0.006149513089088172,0.000737276601364276,2.7595840507045074e-10,7.114922294236837e-09,2.0259660016967922e-05,2.8132182604772246e-05,1.3169529100701778e-09,3.6611133458446308e-06,1.0358539329839436e-07,1.9042063723713437e-09,2.5720654605454983e-05,0.5054914407050027,0.0007031954707723883
67,2.2879320422818072e-05,0.0001565784158925465,0.1312234140497767,0.22296523691015285,0.00033346220587610607,1.2369096475432859e-11,0.00012032468489916181,7.068280819434946e-05,2.7112103456659896e-09,1.6094788497624383e-06,6.82695549676785e-08,4.320693860301547e-05,0.004653867802712816,0.0006438155625072845,2.782405513693712e-10,4.147415212984894e-09,2.8653135480960823e-05,3.4371834021755094e-05,7.280914870806637e-10,1.80972820266889e-06,1.040936107545561e-07,1.9128287098135623e-09,3.151288468308576e-05,0.6389965829639963,0.0006718091224065015
68,4.165484973249362e-05,0.00012113790743218304,0.08133637242747002,0.21217777198348378,0.0001407960558206683,2.3481816851603596e-11,0.00015034156326535736,6.262130869855792e-05,1.6810726370681301e-09,1.298808796809212e-06,1.5133959796694676e-07,7.997338838570823e-05,0.0028615291229177513,0.00037978173902658053,2.632830111781526e-10,5.4212554998314964e-09,4.623428123491583e-05,0.00015131693013122147,4.439828140873202e-10,3.459492597253013e-06,1.894007220946402e-07,3.2460613142293725e-09,7.224085949220949e-05,0.701520298283084,0.0008528191789733566
69,3.0146830268157383e-05,0.00022042218637446638,0.1396946830729631,0.19001735629349464,0.0006110222835669122,2.1644530532609247e-11,0.00011470315919823732,5.292977157753939e-05,2.916640623330885e-09,1.681050989441019e-06,8.515371859354356e-08,5.493065828099299e-05,0.0057710492655898464,0.0011690930488243705,4.5366784865092574e-10,4.658033795801288e-09,3.383603622206137e-05,3.6446460415467324e-05,8.292918654234785e-10,1.137817753189846e-06,1.1814196572830572e-07,2.89153636966135e-09,4.6121645147807146e-05,0.6615173629341882,0.0006268624186460517
70,1.4234627665821134e-05,0.00012516012000035416,0.057803449226155774,0.12775957716405748,0.00021212525588469792,5.6349299529620725e-12,7.157710864391977e-05,8.526386824277809e-05,1.66693620322717e-09,1.6177507665500508e-06,4.278481515352432e-08,2.3965341862813572e-05,0.0028823067508970688,0.00019073264662340113,1.9907102557881274e-10,2.4154734857309566e-09,3.6682297419197586e-05,2.9827215758162415e-05,5.919422456587173e-10,1.0111466392576492e-06,9.069371246427425e-08,1.6598934901706234e-09,2.024648443533226e-05,0.8103717849021229,0.00037029807534550444
71,2.398341968649475e-05,0.000148681358058941,0.12868711165818283,0.22610298335480783,0.000302613568986979,1.2190095009229137e-11,0.00012918775527574053,7.397106733393594e-05,2.618815089528631e-09,1.557343421341015e-06,7.18045398198194e-08,4.5210876711209444e-05,0.004571099597507977,0.000614889313773264,2.6762455263543957e-10,4.32289905918137e-09,2.9057780102575622e-05,3.657971917649218e-05,7.279922047622004e-10,2.005091371294411e-06,1.0628029268516227e-07,1.9235551689974403e-09,3.2522321387653054e-05,0.6385374915726914,0.0006608662436153455
