,0,1,2,3,4,5,6,7,8,9,10,11,12,13,14,15,16,17,18,19,20,21,22,23,24
0,0.003694951550996164,1.9101596622028985e-05,0.9827254613590765,0.0001993184641952917,2.45410583529306e-08,0.0002572203126220285,2.568209420772537e-06,3.411159760623965e-08,0.00023065689347015643,4.718557349846589e-06,1.711911860963802e-07,3.923353023854745e-06,1.0465647834537415e-06,8.369363338919361e-09,2.0317309033484144e-10,1.5334160261895044e-07,6.2725513571638285e-09,2.190580155218559e-06,1.8706572462089234e-05,1.1486746959189872e-07,2.3331647437147485e-06,5.429855281766056e-10,1.4327710702515432e-05,0.012822178649555973,7.830198328364811e-07
1,0.010326541439522661,7.792502291599265e-05,0.9196155634531419,0.0030152582754940406,3.256515386666842e-07,0.0009881833188710655,9.110154825253804e-06,1.200865788841013e-07,0.000388558816885881,1.6423036859142815e-05,3.5996360195171116e-06,2.4073353608301943e-05,7.207305779596319e-06,4.236212329359747e-07,3.8633112599632705e-10,2.132485139003506e-07,3.8729717348342674e-07,3.124910939439703e-05,2.5739958603362195e-05,1.6230566676230402e-06,2.1148788118195147e-05,6.427323806088321e-09,0.0005737343698178063,0.06486174818615702,1.083599862571071e-05
2,0.004714375944165233,2.4238207223793057e-05,0.9819419410522094,0.00017728554667626934,4.1017219905090415e-08,0.0002791199237812032,3.072988016435533e-06,4.1975493699214e-08,0.0002941496687698363,4.782532945989079e-06,1.9460064102773398e-07,4.17669208968044e-06,1.4490621752128521e-06,9.721260250170001e-09,3.1136894501306546e-10,1.9294756328064657e-07,8.35412024471211e-09,2.388519199730757e-06,2.303307782122355e-05,1.5810063372158603e-07,2.3601839167493323e-06,6.108620081925792e-10,1.4238580772232052e-05,0.012511743985666943,9.963954071886538e-07
3,0.0038714118879501517,1.997908664277864e-05,0.9813963702149989,0.0001902235380072383,2.7925841556040264e-08,0.00027788247161853526,2.5601404931424007e-06,3.6420591163231624e-08,0.00026956373735835163,4.391737672436645e-06,1.840459038173083e-07,4.0317631787449e-06,1.2498028596863063e-06,7.989583748836992e-09,2.3687793900883526e-10,1.7551830966499533e-07,7.147028761418338e-09,2.1966705034687695e-06,2.2244707536082463e-05,1.2567589046829656e-07,2.4643393550262652e-06,5.961198436154947e-10,1.3614293364270016e-05,0.013920478680029831,7.713722843527009e-07
4,0.0041140496391147,2.054165066338356e-05,0.9804136324080645,0.00020424649764452395,2.980252914498145e-08,0.00028879906987654635,2.606903752078685e-06,3.826088174357041e-08,0.00028930485083476944,4.384651249654314e-06,1.9555527116050095e-07,4.557582876270194e-06,1.5105673783016666e-06,8.896194979220632e-09,2.492062575394117e-10,1.871096211796252e-07,8.45137768644364e-09,2.4078436698130665e-06,2.3336495741272917e-05,1.379840700835849e-07,2.6826073872561556e-06,6.689207333012827e-10,1.4171298398479461e-05,0.014612322045714098,8.389095613382874e-07
5,0.004291860543194528,2.1544008854034038e-05,0.9783965891574076,0.00024088618743151136,2.7508804310138072e-08,0.0003003435424860318,2.552525232621701e-06,3.665867383790585e-08,0.0002924620069059241,4.886209847682037e-06,1.984899713982348e-07,4.718483609782068e-06,1.438618755453297e-06,9.355391602650139e-09,2.3690863480323636e-10,1.916450857197098e-07,8.414300562613203e-09,2.806166734526089e-06,2.2708525985587754e-05,1.4032471242862622e-07,2.785330747211896e-06,7.071113877082414e-10,1.5113844350885244e-05,0.016397826971953636,8.645355432219958e-07
6,0.0038714118879501517,1.997908664277864e-05,0.9813963702149989,0.0001902235380072383,2.7925841556040264e-08,0.00027788247161853526,2.5601404931424007e-06,3.6420591163231624e-08,0.00026956373735835163,4.391737672436645e-06,1.840459038173083e-07,4.0317631787449e-06,1.2498028596863063e-06,7.989583748836992e-09,2.3687793900883526e-10,1.7551830966499533e-07,7.147028761418338e-09,2.1966705034687695e-06,2.2244707536082463e-05,1.2567589046829656e-07,2.4643393550262652e-06,5.961198436154947e-10,1.3614293364270016e-05,0.013920478680029831,7.713722843527009e-07
7,0.0037306629555483623,1.5062328861497286e-05,0.9840667720447516,0.0001356107882585658,2.3750056458222844e-08,0.0002285656926650455,2.3139865999032763e-06,3.059677569098649e-08,0.00020608496495944572,3.663518598311777e-06,1.4800739559114137e-07,3.1520076112128274e-06,1.0854721751561584e-06,5.8664701399582684e-09,1.9245973859868434e-10,1.3459201145796195e-07,5.5716967175892946e-09,1.8147615052751536e-06,1.8722696675929048e-05,9.858741654861553e-08,1.8514278816646015e-06,4.2683470560242234e-10,1.0813504301934427e-05,0.011572710709058307,6.655494307273022e-07
8,0.024729330699754023,5.103339577677931e-05,0.8921293586151757,0.00013883174251642705,2.019722213925906e-07,0.003913618837005488,3.798363756661527e-06,2.7404974220674027e-07,0.01697623421815905,2.297785364539394e-06,3.2214735072035053e-06,1.7925233529709844e-05,1.721020693790533e-05,1.28171446004115e-08,3.485784845521842e-08,3.849262714423937e-06,3.188074386910783e-07,6.37793017613247e-05,0.0015950695772370342,1.566482535144186e-07,3.215305037225306e-05,9.218310867320857e-08,2.9653921883649565e-06,0.06031514523360692,3.0862748785217055e-06
9,0.005473208882738681,2.0889138509446675e-05,0.9784704921519182,0.00015466279977853885,4.2094598322831214e-08,0.0003479159587759435,2.858405528169768e-06,4.5482640744576334e-08,0.00035296441775460846,3.84747342239505e-06,2.581650131457835e-07,4.357007969172406e-06,1.7218565416444487e-06,9.555685539714242e-09,3.4974855486615725e-10,2.0593725532589336e-07,1.1206169585370283e-08,3.0418840936510997e-06,3.270337819958435e-05,1.313987707865217e-07,2.6994062037649615e-06,8.206698886160872e-10,1.2566079257254158e-05,0.015114410682836735,9.554659202116748e-07
10,0.0038714118879501517,1.997908664277864e-05,0.9813963702149989,0.0001902235380072383,2.7925841556040264e-08,0.00027788247161853526,2.5601404931424007e-06,3.6420591163231624e-08,0.00026956373735835163,4.391737672436645e-06,1.840459038173083e-07,4.0317631787449e-06,1.2498028596863063e-06,7.989583748836992e-09,2.3687793900883526e-10,1.7551830966499533e-07,7.147028761418338e-09,2.1966705034687695e-06,2.2244707536082463e-05,1.2567589046829656e-07,2.4643393550262652e-06,5.961198436154947e-10,1.3614293364270016e-05,0.013920478680029831,7.713722843527009e-07
11,0.003912059729166429,1.968698674971898e-05,0.9809920011943326,0.0001935497852383536,2.9076027667481177e-08,0.0002787633140181942,2.6181951844760237e-06,3.755796029308061e-08,0.00027444041807012337,4.386166170114514e-06,1.8844749674969573e-07,4.263643460762002e-06,1.407228927437742e-06,8.137982804378931e-09,2.439228263372208e-10,1.829986984642819e-07,7.776538617028731e-09,2.2550385750305684e-06,2.2634645551475323e-05,1.3270349324837884e-07,2.5679909766880437e-06,6.295031337339334e-10,1.391423852580327e-05,0.014274069371651021,7.944817782922772e-07
12,0.0025811907435900937,1.27057249694828e-05,0.9836933527489753,0.0001450440030452351,1.576596554040202e-08,0.00018995842366292877,2.1570029831645113e-06,3.3999623557269913e-08,0.00022411609072911406,2.952313683119652e-06,1.480962454474049e-07,3.5886397579033835e-06,8.984761082797622e-07,3.5802327894628942e-09,2.0703535832524616e-10,1.5628948484919898e-07,3.5319756517700047e-09,1.2643260645204882e-06,2.0589332419534487e-05,7.971016527566159e-08,1.8542794082815339e-06,4.5370303761596843e-10,8.863159263441183e-06,0.013110607955472179,4.151454356945652e-07
13,0.0036104799970363027,1.889480206898714e-05,0.9816653854312792,0.00021428113868293515,2.8788499787774942e-08,0.0002713956212181578,2.7559842099325754e-06,4.467145440217514e-08,0.00026190650913569255,4.042184563860826e-06,2.3921751978330965e-07,4.834789111963656e-06,1.2529032949015346e-06,1.0109653123270635e-08,2.400423574674034e-10,1.700421331871483e-07,7.819759171044001e-09,2.3034207864505894e-06,2.1569705376304993e-05,1.271315827825932e-07,2.70580018875466e-06,6.80280188565486e-10,1.5809435590217298e-05,0.013900972319551924,7.812569794845981e-07
14,0.0062077623672847785,4.617450464703847e-05,0.9732711701417558,0.00025222925281800614,6.008591550433583e-08,0.000432842900751079,4.578278569546418e-06,5.153737859017512e-08,0.00039221032944239214,9.093721448464196e-06,3.349211979367662e-07,5.60503787922972e-06,1.4924668101032285e-06,1.8816654653567325e-08,4.307838041527416e-10,2.5255800272173034e-07,1.1947390943001867e-08,4.064669062723781e-06,4.0762425622537384e-05,2.0477491700551487e-07,3.555024778607434e-06,1.0806792514862696e-09,2.201423903986025e-05,0.0193041372714316,1.371215737743111e-06
15,0.0038714118879501517,1.997908664277864e-05,0.9813963702149989,0.0001902235380072383,2.7925841556040264e-08,0.00027788247161853526,2.5601404931424007e-06,3.6420591163231624e-08,0.00026956373735835163,4.391737672436645e-06,1.840459038173083e-07,4.0317631787449e-06,1.2498028596863063e-06,7.989583748836992e-09,2.3687793900883526e-10,1.7551830966499533e-07,7.147028761418338e-09,2.1966705034687695e-06,2.2244707536082463e-05,1.2567589046829656e-07,2.4643393550262652e-06,5.961198436154947e-10,1.3614293364270016e-05,0.013920478680029831,7.713722843527009e-07
16,0.003856990226050717,1.9737364480829294e-05,0.9814462336794347,0.00018809952743360672,2.7864248840743132e-08,0.00027827440270508267,2.537583846550494e-06,3.6039183398776856e-08,0.00026863624672654376,4.334093039433201e-06,1.8336624058142975e-07,3.975177398833932e-06,1.2458974131914795e-06,7.893178686903134e-09,2.3535756126440284e-10,1.7441657255600971e-07,7.1043627278277985e-09,2.1784703818103475e-06,2.2094979655675533e-05,1.2465946638675953e-07,2.4362621754456977e-06,5.879084819440216e-10,1.3506557966231164e-05,0.013888391784464358,7.655803076396595e-07
17,0.004343789256559864,2.4574378988881126e-05,0.9789867331391339,0.0002577221782275158,3.735199095797808e-08,0.0003003297343423356,3.0597437215642677e-06,4.5141654686099384e-08,0.0002887174146476301,5.401796275777816e-06,2.2956907159310997e-07,5.428420616229479e-06,1.7079392371796677e-06,1.2802456368553947e-08,2.491133903116361e-10,1.998748468903823e-07,1.1245275536954002e-08,2.7888121709000887e-06,2.3336567237271343e-05,1.8441386898748874e-07,3.2219687664356085e-06,7.921249986832331e-10,2.0442903629040408e-05,0.015731002542035463,1.021764006649954e-06
18,0.005736259048068889,2.691066486651841e-05,0.9794961263300354,0.00025227025301934904,4.327354569988822e-08,0.00032641819481481215,3.320678922474537e-06,4.4037327685969e-08,0.00028076018061963157,6.773112115267737e-06,2.173809577033278e-07,5.257451623435177e-06,1.8674857813173787e-06,1.6105117106750955e-08,2.6419821616032635e-10,1.8669890002933254e-07,1.5068373620554597e-08,4.1347308649620445e-06,2.279308037567782e-05,1.9482792610389174e-07,3.4412096700630585e-06,8.660995759107849e-10,2.0468186849947557e-05,0.013810988175939532,1.4926939873474449e-06
19,0.003141404751317168,1.936951455512078e-05,0.9840756449112077,0.0002175924465098311,2.2913548120643727e-08,0.00021273521198926816,2.893753916808125e-06,3.972059831959309e-08,0.00026589846365276097,4.2783992881513524e-06,1.5604171271566407e-07,4.9490528235208755e-06,1.1729000545914588e-06,6.902776711305739e-09,2.244319992615323e-10,1.843201176409327e-07,5.6175761549054465e-09,1.7567546359838825e-06,1.928239945990109e-05,1.1582779007722204e-07,2.5177633870328807e-06,5.831487337523499e-10,1.2286338335129141e-05,0.012017006421539125,6.787656275497891e-07
20,0.003261666675744736,1.821967712531935e-05,0.9837792216755944,0.00020365320766828208,2.1949965863659476e-08,0.00023826637612033155,2.6115999871487277e-06,5.054008289562344e-08,0.0002658588847765949,4.147166718341475e-06,1.9525229474831876e-07,4.658988577399771e-06,1.0720844158719128e-06,7.364217781078319e-09,3.00986287557571e-10,1.952014575455876e-07,6.329730453436632e-09,2.114264949551895e-06,2.3287303242862802e-05,1.1346143708696266e-07,2.5724804707179485e-06,7.737325277134153e-10,1.1780494351046092e-05,0.012179608243113468,6.697032389550242e-07
21,0.004196914800294872,2.3635594070935995e-05,0.9813014204636226,0.00024411620368507828,2.682196143103283e-08,0.0002729090228063276,2.8024571103251356e-06,4.3705301379774144e-08,0.0003127399442167248,5.126473518070997e-06,1.8002266113277454e-07,5.208807613636901e-06,1.3610161980359793e-06,1.0231287497200438e-08,2.510916779435023e-10,2.2616566646174328e-07,6.871856974380049e-09,2.5908118475004285e-06,2.2337363927888628e-05,1.3912251751286997e-07,2.5618781902234793e-06,6.730823476343286e-10,1.2546374981120317e-05,0.013592272477290425,8.224451998608362e-07
22,0.004787383563039528,1.7808449653344554e-05,0.9810795756879009,0.0001717106271457381,3.010136139503906e-08,0.00028460330194690116,2.297872822012975e-06,3.5838526860277626e-08,0.00025622802858516717,4.050374227469148e-06,2.0148052996502383e-07,3.440705636420319e-06,1.2461636262230346e-06,8.164068491051146e-09,2.496716955089493e-10,1.6495645625961144e-07,9.42940302104835e-09,3.0102490009217445e-06,2.099392644116195e-05,1.2263147909775872e-07,2.3774073112341134e-06,6.733303049661849e-10,1.2315406559094555e-05,0.013351520219332443,8.64491944313901e-07
23,0.0038714118879501517,1.997908664277864e-05,0.9813963702149989,0.0001902235380072383,2.7925841556040264e-08,0.00027788247161853526,2.5601404931424007e-06,3.6420591163231624e-08,0.00026956373735835163,4.391737672436645e-06,1.840459038173083e-07,4.0317631787449e-06,1.2498028596863063e-06,7.989583748836992e-09,2.3687793900883526e-10,1.7551830966499533e-07,7.147028761418338e-09,2.1966705034687695e-06,2.2244707536082463e-05,1.2567589046829656e-07,2.4643393550262652e-06,5.961198436154947e-10,1.3614293364270016e-05,0.013920478680029831,7.713722843527009e-07
24,0.004831630776138528,3.0416220095681936e-05,0.9772616208602474,0.0002831112886269326,3.5319754608219064e-08,0.0003337790791276084,2.9716043409346857e-06,4.468473612994589e-08,0.0003281293866950569,6.442525181784042e-06,2.185018063966832e-07,5.547791038801636e-06,1.6611062145958472e-06,1.422211550785737e-08,2.6338419112981583e-10,2.3063394477285383e-07,1.0392268929591742e-08,3.134647690931425e-06,2.6676599988551548e-05,1.9362121199073953e-07,3.106635236239958e-06,8.290942570242359e-10,1.8651726058572427e-05,0.01686134134943997,1.0299355613866454e-06
25,0.004384984343567671,1.795847396013038e-05,0.9830159426394915,0.00011190385424435646,2.239073652186138e-08,0.00025494333483976224,1.864688948432969e-06,1.6904195936464164e-08,0.00025762321440684754,3.891497911382921e-06,8.829763917272008e-08,2.517535822759093e-06,1.2138266421550104e-06,3.550837862750722e-09,2.0171888425223392e-10,1.305856454215459e-07,5.80899354784332e-09,1.7483071629173413e-06,2.0578515682618137e-05,8.867974263120255e-08,1.991866349564452e-06,3.9805992484281117e-10,8.721315960134719e-06,0.011912978970599916,7.807968401382073e-07
26,0.0008052707466740085,0.00031142613090993454,0.992600149034073,0.0032815392676122275,6.425382238102745e-08,0.0004696352326574288,0.00017634311548823196,8.195850330946313e-06,0.0011798573133433444,6.387688499417961e-05,1.8101395511215817e-06,0.0002512426541920539,5.787170489193282e-07,1.258791917015344e-06,9.235660603831899e-08,6.395431929152799e-06,1.350196739729615e-08,5.848204532547661e-06,9.499599066812793e-05,1.6939524908373804e-07,3.162486501679413e-05,9.846451855658962e-08,1.957771513299615e-05,0.0006768653973900608,1.3070544374429911e-05
27,0.003883682539592904,2.0248035372363103e-05,0.9803333128512128,0.00020524426907011242,2.7306351426341827e-08,0.0002902400119581486,2.491456334675564e-06,3.9939933664883827e-08,0.0003003574176111311,4.2183745616898385e-06,2.0715933977122715e-07,4.3369255428556156e-06,1.2710282164651654e-06,8.064688885451827e-09,2.7580369426877734e-10,1.9241294058795512e-07,7.843000003078582e-09,2.3712673365594383e-06,2.4421062762253255e-05,1.2732563383585386e-07,2.6259752883841825e-06,7.389401268425111e-10,1.3538558918160277e-05,0.014910265143658353,7.640159308430965e-07
28,0.0038714118879501517,1.997908664277864e-05,0.9813963702149989,0.0001902235380072383,2.7925841556040264e-08,0.00027788247161853526,2.5601404931424007e-06,3.6420591163231624e-08,0.00026956373735835163,4.391737672436645e-06,1.840459038173083e-07,4.0317631787449e-06,1.2498028596863063e-06,7.989583748836992e-09,2.3687793900883526e-10,1.7551830966499533e-07,7.147028761418338e-09,2.1966705034687695e-06,2.2244707536082463e-05,1.2567589046829656e-07,2.4643393550262652e-06,5.961198436154947e-10,1.3614293364270016e-05,0.013920478680029831,7.713722843527009e-07
29,0.0038714118879501517,1.997908664277864e-05,0.9813963702149989,0.0001902235380072383,2.7925841556040264e-08,0.00027788247161853526,2.5601404931424007e-06,3.6420591163231624e-08,0.00026956373735835163,4.391737672436645e-06,1.840459038173083e-07,4.0317631787449e-06,1.2498028596863063e-06,7.989583748836992e-09,2.3687793900883526e-10,1.7551830966499533e-07,7.147028761418338e-09,2.1966705034687695e-06,2.2244707536082463e-05,1.2567589046829656e-07,2.4643393550262652e-06,5.961198436154947e-10,1.3614293364270016e-05,0.013920478680029831,7.713722843527009e-07
30,0.0038714118879501517,1.997908664277864e-05,0.9813963702149989,0.0001902235380072383,2.7925841556040264e-08,0.00027788247161853526,2.5601404931424007e-06,3.6420591163231624e-08,0.00026956373735835163,4.391737672436645e-06,1.840459038173083e-07,4.0317631787449e-06,1.2498028596863063e-06,7.989583748836992e-09,2.3687793900883526e-10,1.7551830966499533e-07,7.147028761418338e-09,2.1966705034687695e-06,2.2244707536082463e-05,1.2567589046829656e-07,2.4643393550262652e-06,5.961198436154947e-10,1.3614293364270016e-05,0.013920478680029831,7.713722843527009e-07
31,0.003871676038852329,2.035153082059459e-05,0.981063161020012,0.0001952207172127165,2.8255208682254484e-08,0.00028396988753686845,2.5686407811903244e-06,3.66152373218147e-08,0.00027556771948219827,4.437756047959491e-06,1.8768258447476882e-07,4.096222760641579e-06,1.2665324094186338e-06,8.150814392931917e-09,2.397626535431413e-10,1.791526724068094e-07,7.277722971096942e-09,2.2216463787954897e-06,2.2563594913843246e-05,1.2800615067496046e-07,2.515142529669831e-06,6.085283976635209e-10,1.3883428485954428e-05,0.014235146167455979,7.77965637666983e-07
32,0.004039488625417645,2.0342630135352578e-05,0.9807515647455698,0.00018203875246808844,2.7986126799075712e-08,0.00028280320621203197,2.558070977245472e-06,3.7248162260276505e-08,0.0002756852309825598,4.384876488104427e-06,1.8984487841208788e-07,4.109116553822798e-06,1.2869418648201652e-06,7.906306536712335e-09,2.5084614531703e-10,1.7692200551105285e-07,7.382183246301754e-09,2.255790276963601e-06,2.4659643545367124e-05,1.241195729200024e-07,2.5052161049135082e-06,6.377387211435066e-10,1.3368212356227942e-05,0.014391605572540309,7.710706864868262e-07
33,0.004139502976611083,2.2423736573916923e-05,0.9752682875035609,0.0002656708921376654,3.730916992086077e-08,0.0003764167196208641,2.8299413988700615e-06,4.9264810116782143e-08,0.0002923798891490414,5.8389681815790775e-06,2.63334821539132e-07,5.144418422782742e-06,1.9959991436723917e-06,1.3313314530285667e-08,2.5446146083862973e-10,2.443605642496265e-07,1.2851954804596054e-08,3.002991540199695e-06,2.781017418431843e-05,2.0751247898329172e-07,3.3665862741975553e-06,8.862086989161256e-10,2.1979561834498515e-05,0.01956159425257304,9.26301008911422e-07
34,0.0019228342905303212,2.1130121086625047e-05,0.9818472803658557,0.0007636932639023913,3.0250792774182956e-08,0.0004013367870709743,3.586763926719056e-06,5.695273183091701e-08,0.00014212464249106261,1.7634447138380698e-05,2.2381771573214465e-07,4.38297805945122e-06,1.0756745247490542e-06,2.4577064268786056e-08,1.8063214237394e-10,2.9330995146620556e-07,1.2005241995662715e-08,3.189607583159904e-06,9.372322696195148e-06,3.6439828125026024e-07,4.330138034332153e-06,7.936352750851935e-10,6.072160157458397e-05,0.014794976564149551,1.3241453291305944e-06
35,0.006279825981768825,1.6304206147063746e-05,0.9821670571510572,0.0001394888107657102,2.0841310867920294e-08,0.00016767582974552698,2.6674652196633894e-06,3.7016777569663695e-08,0.0003368999545823673,3.086017190710805e-06,1.2989710324951777e-07,4.355375026564365e-06,1.1254087129027555e-06,4.834628831530865e-09,2.176985522883119e-10,1.4344388625821686e-07,5.5596569451507675e-09,3.3852663551302907e-06,2.1500918644538146e-05,6.682042143371446e-08,2.0018030358529716e-06,6.387628872755309e-10,5.600185852249746e-06,0.010847928363908509,6.879917406796071e-07
36,0.004931081119373017,1.9199157538690156e-05,0.983320485185381,0.00018188188959947978,2.491675030111572e-08,0.0002034160194551887,3.101657808008832e-06,6.539855000893219e-08,0.0003389719112778526,3.354809870163435e-06,1.8905899960070356e-07,8.06922852508223e-06,1.970381006039252e-06,9.411975991707082e-09,3.372652521398668e-10,2.5396782355600395e-07,7.84459701929214e-09,2.4383028070981484e-06,2.984251250563171e-05,1.1855074009364947e-07,2.3225210737002073e-06,8.981478312388305e-10,8.111936820591451e-06,0.01094427536829358,8.076138152767127e-07
37,0.00374600845134051,2.0558607514912236e-05,0.9820113207456691,0.0001959671412076537,2.867958196966844e-08,0.0002894425074350989,2.628286421380576e-06,3.896182476554876e-08,0.00027711516727922723,4.482097567453807e-06,1.9174127160752318e-07,4.138010673757756e-06,1.243077736342864e-06,8.599003901702552e-09,2.549318762836399e-10,1.845913967377293e-07,7.276376858063164e-09,2.1895557826298927e-06,2.2672339086595146e-05,1.2801456203907582e-07,2.5401517012939974e-06,6.221031068915392e-10,1.385099589095556e-05,0.013404462608311005,7.915153290098449e-07
38,0.003933805359624136,4.3898078124331086e-05,0.9706578721021991,0.0010363624162302448,3.2764325356374735e-08,0.0002886292637664802,3.1849930684307966e-06,9.5633871152867e-08,0.0003703002675786784,9.097260308754826e-06,3.679937824624127e-07,1.361567428908182e-05,2.672502252011823e-06,3.3459055265119946e-08,2.1845437953464005e-10,2.425187435175056e-07,3.557039983400547e-08,6.00934558384807e-06,2.66431634853437e-05,4.5784700593611104e-07,9.743201286123472e-06,2.6513595748441216e-09,5.22023189322323e-05,0.023543337596289713,1.357799983948951e-06
39,0.002369800010612164,8.89416038783907e-06,0.9855700077655646,0.00012792742932712676,1.7649091821220615e-08,0.00028103216847924647,1.9019568484708388e-06,3.583236667062382e-08,0.00019391383337893692,3.038921811025979e-06,1.4788579334169756e-07,2.5892345030672625e-06,1.138447475829774e-06,3.835477458368434e-09,2.2522603445826248e-10,1.744719479252611e-07,5.665840058658786e-09,1.559290914094073e-06,1.95249094817937e-05,7.925569379784028e-08,2.267661596300466e-06,4.91887704357854e-10,8.755296867089669e-06,0.011406704969280214,4.786301473801172e-07
40,0.005395001483252088,3.2797229313500884e-05,0.9353305213084228,0.000692175855739601,5.9493986252199056e-08,0.0006684163917351431,2.837694882585829e-06,5.83530540960315e-08,0.0004102041745955367,1.1740505856763734e-05,4.457416142738065e-07,5.570833818494947e-06,3.1697116582793553e-06,1.739417728815773e-08,2.919088897588834e-10,4.990453214842508e-07,3.264240640595421e-08,7.090861108151741e-06,3.838734817643927e-05,6.021319691822479e-07,6.463437436485545e-06,1.600374077252025e-09,5.1811543574870725e-05,0.05734089017784953,1.204747767864952e-06
41,0.004115182547937034,1.3789879946724508e-05,0.986343917127136,0.00010738338953697277,3.5281225317140596e-08,0.00020466042371408797,2.4277855834635224e-06,2.65105592849674e-08,0.0003372931997400374,1.9697336973149613e-06,1.3091564784647573e-07,2.872926085965579e-06,1.2919394777497944e-06,4.1221709200578505e-09,2.7718445814973783e-10,1.7552712510643854e-07,4.231427167697456e-09,1.4981828884819413e-06,1.3344175611763744e-05,8.223688492299903e-08,1.3145849546551638e-06,3.0674976174942823e-10,5.783580028260855e-06,0.008846164124752557,6.469899342588844e-07
42,0.0028677066247586535,1.527475417951978e-05,0.9815504053228388,0.00019805516862830174,1.681772711181431e-08,0.000257323808221921,2.2522879592257627e-06,5.100312079415513e-08,0.0002681438352572177,4.201474404126477e-06,1.7316452532317917e-07,4.941493595576147e-06,1.3713836679190192e-06,5.263050855949449e-09,2.962452971933743e-10,2.5327748962180546e-07,6.576889226949642e-09,1.8945053647268803e-06,3.076957237946222e-05,1.1415331824873085e-07,2.813342652841771e-06,8.644473751343922e-10,1.054074077695443e-05,0.01478314204555668,5.422229441682913e-07
43,0.0029393042472249126,2.230538542779891e-05,0.9808879794076453,0.00023787227605331796,2.7552592167076118e-08,0.0003757736515770696,2.9112330367681934e-06,4.6761723750030026e-08,0.00022933058407545993,9.623217360035123e-06,1.746819086017002e-07,3.479212691255579e-06,1.237241800061492e-06,9.553266148909365e-09,2.574687521061742e-10,2.4093528541980317e-07,8.810604455457191e-09,2.540161374125826e-06,2.6236249359484827e-05,1.7588862180749244e-07,3.813492347519423e-06,8.21290216628835e-10,2.025518825134116e-05,0.015235835068684742,8.181203297366805e-07
44,0.0038714118879501517,1.997908664277864e-05,0.9813963702149989,0.0001902235380072383,2.7925841556040264e-08,0.00027788247161853526,2.5601404931424007e-06,3.6420591163231624e-08,0.00026956373735835163,4.391737672436645e-06,1.840459038173083e-07,4.0317631787449e-06,1.2498028596863063e-06,7.989583748836992e-09,2.3687793900883526e-10,1.7551830966499533e-07,7.147028761418338e-09,2.1966705034687695e-06,2.2244707536082463e-05,1.2567589046829656e-07,2.4643393550262652e-06,5.961198436154947e-10,1.3614293364270016e-05,0.013920478680029831,7.713722843527009e-07
45,0.003917262337824724,2.0459696873525487e-05,0.9812435470014037,0.00019258139368415916,2.8323253793079036e-08,0.00027946554157976027,2.5782768959377266e-06,3.624944421060438e-08,0.00027077279624627157,4.473670218329929e-06,1.8438199455120756e-07,4.069963074240281e-06,1.2595430604750575e-06,8.185541295235014e-09,2.3504974177227583e-10,1.7432930035924293e-07,7.287119698847503e-09,2.223239484649787e-06,2.235777052812423e-05,1.2762134645752957e-07,2.5051984592087654e-06,6.008000428501483e-10,1.3946735072397028e-05,0.014021144117313335,7.855044310581142e-07
46,0.0038606801998794468,2.2433796637363576e-05,0.9882124732411651,0.00010329723054458109,2.2899964568682636e-08,0.00016311683841719942,3.427911907710813e-06,2.828766814418994e-08,0.00027992413312176635,3.6126155424819467e-06,1.1137272907876108e-07,2.9935531341461996e-06,4.5117905448726746e-07,4.846543822363091e-09,2.1216480005353663e-10,1.1508879502079191e-07,1.5543213065916942e-09,1.3409291030061166e-06,1.6384994259661948e-05,4.892730410633619e-08,1.2170886407385687e-06,2.453462026053601e-10,5.8913575651718945e-06,0.007321871453370222,5.500428200395496e-07
47,0.005593742829877398,2.11531882682359e-05,0.9782024559934429,0.0001736325196316345,2.5885045948023608e-08,0.00022086611177199084,2.4061720508682642e-06,3.013222053726451e-08,0.0003349300384851014,3.7969692636586492e-06,1.3392577627027224e-07,5.491135599792128e-06,2.011362409430943e-06,5.742832791773604e-09,2.4689343856459734e-10,2.052701729486209e-07,8.412265508307729e-09,2.376448820511053e-06,2.6500257959591696e-05,1.2875426324344544e-07,2.4973738090475984e-06,6.877605141063587e-10,9.860165083020366e-06,0.01539687678451935,8.635917762887983e-07
48,0.0048662974216685554,3.0886913660753e-05,0.9694816046645518,0.00019056794012975545,3.653404754699599e-08,0.0004551297659756726,2.7225318648140175e-06,4.121498268159535e-08,0.0003437876474995062,6.467906524587586e-06,2.5428914066064746e-07,4.6980938310808825e-06,1.8825985790008538e-06,1.0702733486927376e-08,2.8331737818751583e-10,2.3009146371727619e-07,1.1443659261530912e-08,2.593891027767445e-06,5.4157873836575436e-05,1.839263896336332e-07,3.3413900237951376e-06,8.908298875250099e-10,1.941986023305284e-05,0.024534844875164365,8.272488645811722e-07
49,0.019268175536195423,6.917184000914352e-05,0.953283732356686,0.00010753118822245517,3.345663028940971e-07,0.0005316431781984905,7.792826521286507e-06,8.574439105287838e-08,0.0011410642120153166,4.98368098553435e-06,6.256065185325133e-07,5.715784556165183e-06,3.583618493341249e-06,1.6701176316959694e-08,1.2229381960464048e-09,5.912605073473825e-07,2.533041649075689e-08,5.688479806385238e-06,0.00010962838987038423,3.2333320388579074e-07,2.7866315177512395e-06,1.2846027289269204e-09,1.338099619519711e-05,0.025441264783030777,1.8514476390563386e-06
50,0.0038783285873226934,1.9316696448226054e-05,0.9794775913124453,0.00019652762923685256,2.644357582856923e-08,0.0002948760921086333,2.1684254588344643e-06,3.259020616421268e-08,0.0003142788869448044,3.5798246720373158e-06,1.9233252662646e-07,3.972246515734403e-06,1.3059584060292645e-06,7.0915979794870755e-09,2.361203521777371e-10,1.794978283344248e-07,7.192660660245312e-09,2.2038240110237224e-06,2.2618361881457803e-05,1.1916857743154705e-07,2.4949685003692953e-06,6.049631838671935e-10,1.2486877083804126e-05,0.015766987930757745,6.972201503287754e-07
51,0.002545431769125357,6.768510361758219e-06,0.9820022230796231,9.518666870142207e-05,3.973139057392574e-08,0.0003353983819070343,2.4402924106564467e-06,2.5379926714491385e-08,0.00018032121632210565,2.6809130867088055e-06,1.9172325930076797e-07,2.0306826976004508e-06,1.6677369569010044e-06,3.749413963849139e-09,2.0599679313837226e-10,1.927941058883524e-07,6.10236608172903e-09,1.307587811319638e-06,1.4083046627609226e-05,1.0190862517363009e-07,1.7845399146588967e-06,2.8454261563161785e-10,1.3393018808924303e-05,0.014794119683331164,6.009926865594031e-07
52,0.005286643067183477,1.5188546868526472e-05,0.9820931643926621,0.00015397373268921232,3.489648780372906e-08,0.0004796400159316132,2.3342961926682992e-06,4.6330701276963535e-08,0.00031790159934104873,4.407785392889143e-06,2.3945140430712255e-07,2.5564975615916914e-06,1.171447795210411e-06,1.1077575187693477e-08,3.675071425218527e-10,2.4408180223922886e-07,8.151860138234067e-09,4.5024546596509106e-06,2.1894824391356274e-05,1.0392696008078515e-07,1.8380578782855e-06,6.348853829026475e-10,8.620629991386912e-06,0.011604519669680008,9.54062597431308e-07
53,0.002600993451616434,1.6352617628305997e-05,0.9851572146592056,0.00019829289499919195,3.251513018891928e-08,0.00022277380956609445,3.917518484288245e-06,4.6064746076087826e-08,0.00022074572563895377,4.45241547766754e-06,1.993893716390934e-07,4.319716465620062e-06,1.0702808183371759e-06,7.522309228272638e-09,2.374825314876639e-10,1.7947939040317627e-07,5.193587314809208e-09,1.5070594019671066e-06,1.6253845700857127e-05,1.2288118863428783e-07,2.366061171060777e-06,4.717952229453582e-10,1.6119585819233437e-05,0.011532320894974909,7.057080301689272e-07
54,0.005395490825455118,3.281688894126614e-05,0.9832188974984037,0.00019279634550035523,3.1354026847455444e-08,0.00028985977803399623,2.8096821091053694e-06,3.0844594271322724e-08,0.0002945625673792438,6.005029851870954e-06,1.4828900953202837e-07,4.270535015899273e-06,1.0590094015043383e-06,1.1291840267022188e-08,3.092349294365034e-10,1.7713701948209962e-07,6.543387982295597e-09,2.4960779840120303e-06,2.204857347267191e-05,1.3050646020122956e-07,2.079189691012362e-06,5.77475287378032e-10,1.2634528765407471e-05,0.01052041075469809,1.225862247767547e-06
55,0.003346010766364549,2.186031751821863e-05,0.983238672420498,0.00019091308945866364,3.68654840511068e-08,0.0003444776486511126,2.764972991025751e-06,4.404665047039721e-08,0.000175008648940672,7.100412213826163e-06,2.3343863266664242e-07,2.830905975676022e-06,9.275707404839475e-07,1.2321894436805683e-08,2.516902028184281e-10,1.673678652103811e-07,9.58716436550704e-09,2.235916694212958e-06,2.1337852847071924e-05,1.821957653408176e-07,2.6195879239096556e-06,6.258622778280172e-10,2.447799401576514e-05,0.01261714349940658,9.316947511226149e-07
56,0.003940889556290112,1.980975462243816e-05,0.9810654752708128,0.00019111724951941585,2.857437531991084e-08,0.00027826803612940266,2.609494750467085e-06,3.728853118461945e-08,0.00027446971507741677,4.321087874147913e-06,1.880790656224951e-07,4.314472088470957e-06,1.3857938638445516e-06,8.163989270998387e-09,2.4454890734917126e-10,1.785432040189546e-07,7.58563216717343e-09,2.2228666794028877e-06,2.2977087759293746e-05,1.2917543729066488e-07,2.533662853193648e-06,6.234738333888395e-10,1.3760399890089848e-05,0.014174471492026912,7.957815052514785e-07
57,0.004132757170709196,2.128826448009282e-05,0.9801455150369621,0.00020831555307781612,2.704689960292713e-08,0.0002456022202274622,2.744292518884836e-06,4.267568817806368e-08,0.0003085881012608317,4.364183744988663e-06,1.7350059233313458e-07,5.945484490391993e-06,1.9012617980095232e-06,7.865656217734197e-09,2.57125816928939e-10,2.1399367001609402e-07,8.839297199131198e-09,2.2035923150221623e-06,2.7272840551171634e-05,1.4840260590747704e-07,2.8631302447633704e-06,7.69899424082079e-10,1.3077026139643488e-05,0.014876130628885646,8.078611587875983e-07
58,0.003943602782568589,1.808140972522574e-05,0.9792028566738402,0.0001833887263542034,2.673155039460057e-08,0.0002771847294209757,2.4272877466842657e-06,3.390974875741757e-08,0.0002722733550010837,3.8918264669592375e-06,1.9095167758732467e-07,4.149393293076749e-06,1.3576279668441824e-06,7.140547621146629e-09,2.219192731248043e-10,1.7036601719483202e-07,6.887721318537238e-09,2.1367045372109807e-06,2.3097710054875678e-05,1.1930270929546203e-07,2.3874402972984556e-06,5.748130937786665e-10,1.3439439993859963e-05,0.016048457226374793,7.115796538918405e-07
59,0.0034540733147670182,1.6899932157175367e-05,0.9807591577837439,0.0001780292341517128,2.4207753071098078e-08,0.0002567349649074813,2.290491334288478e-06,3.214030338788116e-08,0.00024754419610604876,3.8143199258727957e-06,1.750065423201393e-07,3.6565145006077683e-06,1.1557037816198245e-06,6.1936342114411825e-09,2.064251319451671e-10,1.6029322347334992e-07,5.99437204675727e-09,1.8638814006369249e-06,2.0515433525328967e-05,1.136556072567237e-07,2.269917843295496e-06,5.190125710693349e-10,1.3115630746390404e-05,0.015037725822678448,6.346415566724386e-07
60,0.0038714118879501517,1.997908664277864e-05,0.9813963702149989,0.0001902235380072383,2.7925841556040264e-08,0.00027788247161853526,2.5601404931424007e-06,3.6420591163231624e-08,0.00026956373735835163,4.391737672436645e-06,1.840459038173083e-07,4.0317631787449e-06,1.2498028596863063e-06,7.989583748836992e-09,2.3687793900883526e-10,1.7551830966499533e-07,7.147028761418338e-09,2.1966705034687695e-06,2.2244707536082463e-05,1.2567589046829656e-07,2.4643393550262652e-06,5.961198436154947e-10,1.3614293364270016e-05,0.013920478680029831,7.713722843527009e-07
61,0.003542791332855763,1.7169671212135343e-05,0.9811021799272318,0.00017898346920396056,2.5062284252294674e-08,0.0002582401961679288,2.353732590795034e-06,3.254984255115106e-08,0.0002502168511621574,3.8812624791924895e-06,1.756507496322408e-07,3.704974866432054e-06,1.1907634799156605e-06,6.419724625694016e-09,2.1450041200989658e-10,1.6037179326182764e-07,6.291312334069207e-09,1.9552565523323606e-06,2.033937173998518e-05,1.1491646265259058e-07,2.306412611216503e-06,5.347787348747379e-10,1.3055214124841648e-05,0.01460043864360141,6.709086716506017e-07
62,0.0038714118879501517,1.997908664277864e-05,0.9813963702149989,0.0001902235380072383,2.7925841556040264e-08,0.00027788247161853526,2.5601404931424007e-06,3.6420591163231624e-08,0.00026956373735835163,4.391737672436645e-06,1.840459038173083e-07,4.0317631787449e-06,1.2498028596863063e-06,7.989583748836992e-09,2.3687793900883526e-10,1.7551830966499533e-07,7.147028761418338e-09,2.1966705034687695e-06,2.2244707536082463e-05,1.2567589046829656e-07,2.4643393550262652e-06,5.961198436154947e-10,1.3614293364270016e-05,0.013920478680029831,7.713722843527009e-07
63,0.0039666499309007255,2.264682782884598e-05,0.9812104343237653,0.00019599464260548175,2.859815918515551e-08,0.00027865751255703796,2.5879308991173837e-06,3.6291105558937495e-08,0.00027409404740003676,4.747287387175386e-06,1.8281748386675616e-07,4.126298620392352e-06,1.232053755756443e-06,8.355538838919767e-09,2.4951164903477334e-10,1.7485097297136414e-07,7.402714361159732e-09,2.194961636323552e-06,2.3575254632813665e-05,1.3370563375333028e-07,2.579933110670781e-06,6.313305518874318e-10,1.4390644698990732e-05,0.013994709612608574,8.058351420902311e-07
64,0.0036289825729594887,2.0712764893527362e-05,0.9813702495440108,0.0002067645903822285,2.7429997342341813e-08,0.00028349827480370846,2.609201704370773e-06,3.680067797443729e-08,0.0002692267277560712,4.7528527987250805e-06,1.829404760018536e-07,4.232676784990958e-06,1.2822865523188417e-06,8.228022074010294e-09,2.4196705403766563e-10,1.7721074333693372e-07,7.393835348336679e-09,2.1938586511890348e-06,2.2172020815523832e-05,1.308934678182506e-07,2.8245249446038295e-06,6.383630278855309e-10,1.484899083777151e-05,0.014164281881651905,7.954529028952195e-07
65,0.0029636218638559395,2.0006044826261638e-05,0.9863859704916775,0.00020638258865994502,2.592175095239108e-08,0.00025386672726990375,2.98141695916207e-06,4.342117695696714e-08,0.00017835008841211465,6.455588144698054e-06,1.5912497328730222e-07,3.472011191821415e-06,8.981715050743786e-07,9.599073939843885e-09,2.2507676122693048e-10,1.5659559433128792e-07,6.248659901746999e-09,1.9351228143014085e-06,1.7238555585981626e-05,1.3830380242285125e-07,2.480536320366593e-06,5.218726692931692e-10,1.6964500908790614e-05,0.009937999893508796,8.364363782090374e-07
66,0.003654521859236427,1.755676998972712e-05,0.9811842882605825,0.0001652741918270549,2.9889758020472476e-08,0.0002769592774915261,2.427552019521922e-06,3.120634124962778e-08,0.00023967890555041637,4.320034872716888e-06,1.7134980649398903e-07,3.286526561683412e-06,1.2876299688272457e-06,6.451922507076653e-09,2.1954122893656722e-10,1.6187483405286422e-07,7.281489847387295e-09,1.984690517747362e-06,2.041506718638488e-05,1.299906676004191e-07,2.4292609647247794e-06,5.149053329964922e-10,1.4365742682156966e-05,0.01440991965675264,7.457945298725792e-07
67,0.0027276851778161287,1.5645271291885942e-05,0.9731060563406438,0.0003768696391947799,3.206926075785416e-08,0.0005759033033320097,1.996747230477521e-06,3.786504650220572e-08,0.00019690410084172264,7.273523958747362e-06,2.4935212911287655e-07,3.597752779188177e-06,2.2244523757107e-06,1.619826983255433e-08,1.7252505969001395e-10,2.4171588066534973e-07,1.4354608031145604e-08,2.877851964948574e-06,1.7294814693675254e-05,2.8152108070948903e-07,3.568730282981278e-06,6.156354167421551e-10,3.731796611679482e-05,0.022922948831603392,9.616314377500752e-07
68,0.0040385117351778394,2.0950624572572996e-05,0.9807811917534913,0.00018974393737314512,3.057979732849845e-08,0.00029440868201232733,2.6552999940972034e-06,3.773690407278089e-08,0.00028209736558140676,4.5207173346087695e-06,1.954090895936574e-07,4.105747138882926e-06,1.3285710715117664e-06,8.424316216420498e-09,2.595803503763091e-10,1.8726044396341365e-07,7.68863692225134e-09,2.2818885215619427e-06,2.3788271875752725e-05,1.334507042968346e-07,2.503815224176869e-06,6.281685045408353e-10,1.3922821680414125e-05,0.01433657358550973,8.137457994117383e-07
69,0.004063248729834636,2.058650357756432e-05,0.9814437665265797,0.00018842414882592418,2.8417906787494565e-08,0.00027961029912912643,2.590819869734033e-06,3.654938363597428e-08,0.00027862296644229416,4.443408416685476e-06,1.819746203889028e-07,4.0743292344359535e-06,1.2672691828613755e-06,8.178209063301872e-09,2.422908363420116e-10,1.7761643953981097e-07,7.307472991857775e-09,2.2953810542449773e-06,2.26921257891668e-05,1.2495196874850958e-07,2.448829765291369e-06,6.096240993622635e-10,1.3165994229334124e-05,0.013671398598133868,7.982220191528426e-07
70,0.003842585436173832,2.0561095542610012e-05,0.9801566795854945,0.0001903801951011694,2.7934211182352434e-08,0.0002912799575639039,2.567807960729628e-06,3.5675731533852367e-08,0.00027454718242033316,4.490319585547044e-06,1.9426528972462302e-07,4.073821979106681e-06,1.2412112865106647e-06,7.92349368695353e-09,2.375201467265235e-10,1.7330492600572202e-07,7.203500912279934e-09,2.1902476043222593e-06,2.422951373309341e-05,1.2432856681599802e-07,2.6068580288951908e-06,6.198377431964418e-10,1.4457679064038928e-05,0.01516677974713804,7.578482456694247e-07
