,0,1,2,3,4,5,6,7,8,9,10,11,12,13,14,15,16,17,18,19,20,21,22,23,24
0,0.00018250723634490414,1.53426916098162e-05,0.0228436211504954,0.014344771506500847,1.7927665363744185e-07,0.0006344854866234329,3.112471161546313e-05,2.2207158760145588e-07,0.00011792312278065346,3.602815043564316e-05,3.5226619965997354e-05,3.4433064689332315e-05,1.1954568033847284e-06,1.9919998150014897e-07,2.071497043651004e-10,2.005139167434889e-06,1.1712529245121977e-07,2.078200943269047e-05,4.159095995376742e-05,1.0393735113387957e-06,8.281954041011331e-05,3.489252878078049e-08,0.002434880528038526,0.9591387065233997,7.63955028050894e-07
1,0.00016661278345523895,1.2552617674457625e-05,0.023504410839000775,0.00838468228365942,1.4392105437136327e-07,0.000688982864474454,2.3489427139314205e-05,2.3095199066736506e-07,0.00015697734999945985,3.0148876760421094e-05,2.41223612790435e-05,2.5473647021541303e-05,1.246392314505759e-06,9.303168830165873e-08,2.443312488124784e-10,3.1464432339572566e-06,7.549116313289345e-08,1.4802492214364278e-05,6.263089007717185e-05,9.057783235598448e-07,7.088608420391988e-05,2.8215231422242962e-08,0.0011452896405402563,0.9656826407892057,4.265839631455865e-07
2,0.00025503139947495536,2.237074697625118e-05,0.022886251869579485,0.011211219617555732,4.034410921306299e-07,0.0007596237892041928,4.0066140719569154e-05,2.895105007519602e-07,0.0001768258248049106,3.699972715933066e-05,4.2925054853303926e-05,3.7673809080383186e-05,1.8715915798940488e-06,2.4296140801706843e-07,4.2611470779434325e-10,2.9678907299015286e-06,1.6738948048219107e-07,2.176713491679006e-05,5.998612494758937e-05,1.7884044169638384e-06,8.48467437016489e-05,3.96671668295817e-08,0.002479032281253201,0.9618765161898133,1.092263469605071e-06
3,0.00016316251066831548,1.3979123948657757e-05,0.019368830256877703,0.011226984350186701,1.8780687082072788e-07,0.0006605544529938817,2.514749258074861e-05,2.170311194429238e-07,0.00012975072584643903,2.7951455297993382e-05,3.4309856621657e-05,2.915353183441849e-05,1.3054213693362688e-06,1.5906633082127537e-07,2.212094559542449e-10,2.26317784882786e-06,1.2187416872871827e-07,1.7472806560472414e-05,4.8915673213792365e-05,1.0578863245082833e-06,7.908521735129181e-05,3.358446301681047e-08,0.0019068274284521273,0.9662619369178317,5.921300294944197e-07
4,0.0001663207556674922,1.3376279769810504e-05,0.018420349589921572,0.011189563067482962,1.8609321193739458e-07,0.0006370810983097675,2.410548619291774e-05,2.0725105225809516e-07,0.00013389890346096218,2.5448782828038877e-05,3.41851912229019e-05,3.304858586408919e-05,1.6131035454702732e-06,1.6690815467399548e-07,2.2318814575449218e-10,2.2169508576783832e-06,1.3843228086720733e-07,1.8231424855414025e-05,4.8752690239858986e-05,1.087896886137327e-06,8.206488346721829e-05,3.661120803402171e-08,0.0018426989353832748,0.9673245945946252,6.262603233054506e-07
5,0.00015796054271673276,1.236537150704167e-05,0.016556685584334044,0.01373752380134546,1.3600541993842258e-07,0.0005785894174811717,2.0536696225843675e-05,1.7811206241320132e-07,0.00011554026964327538,2.7631992451990767e-05,2.973449806698622e-05,3.080079284340851e-05,1.276803630396138e-06,1.6857214396562312e-07,1.686981370593115e-10,1.9237013059464626e-06,1.2426101071368957e-07,2.2153571332092994e-05,3.807643146899576e-05,9.9910064001572e-07,7.827747861065287e-05,3.4982384549939726e-08,0.001798115331810224,0.9667905753727369,5.911401288053102e-07
6,0.00016316251066831548,1.3979123948657757e-05,0.019368830256877703,0.011226984350186701,1.8780687082072788e-07,0.0006605544529938817,2.514749258074861e-05,2.170311194429238e-07,0.00012975072584643903,2.7951455297993382e-05,3.4309856621657e-05,2.915353183441849e-05,1.3054213693362688e-06,1.5906633082127537e-07,2.212094559542449e-10,2.26317784882786e-06,1.2187416872871827e-07,1.7472806560472414e-05,4.8915673213792365e-05,1.0578863245082833e-06,7.908521735129181e-05,3.358446301681047e-08,0.0019068274284521273,0.9662619369178317,5.921300294944197e-07
7,0.00028307932333471544,7.649438703664438e-06,0.03276273604881073,0.004614294259320122,1.2399533278999317e-07,0.0004935369764293198,1.919910554932131e-05,1.6026593641920216e-07,7.028954700205874e-05,1.9728665471365044e-05,2.1800991367836924e-05,1.429382575489682e-05,1.0385524776034138e-06,6.082888284740361e-08,8.792594523175476e-11,1.0273238654429294e-06,5.679608313480121e-08,1.2501181171381456e-05,4.38798767159924e-05,5.545085962253949e-07,2.8558538751050377e-05,9.780736196125794e-09,0.0010855926378341596,0.9605194905205318,3.369234152280154e-07
8,0.00018652054797999544,1.3476500484311564e-05,0.011429124602711702,0.0077004292666178024,3.19322758910835e-07,0.0010817647506181107,2.976838461212778e-05,3.975946921457922e-07,0.0004452138898841793,2.158755081751924e-05,6.944408053741775e-05,4.914488197960302e-05,2.6581390410655507e-06,1.9639737711225505e-07,1.208197172934163e-09,6.826489677138116e-06,4.734915126194868e-07,6.0479380919714955e-05,0.00015026055238793575,9.954884224162832e-07,0.00028345764811164246,2.719836664400812e-07,0.000793835200010712,0.9776724718335307,8.808134515907636e-07
9,0.00020846614695561785,1.4461814497082892e-05,0.018053605384994155,0.008984493766340964,2.6218462324265887e-07,0.0007266691635183406,2.7960851866489543e-05,2.660110676760259e-07,0.0001529650557670893,2.4596706498927523e-05,4.573539191138782e-05,2.9727979149329682e-05,1.4735056693064905e-06,1.797031030330858e-07,3.0077708094251217e-10,2.498326393915147e-06,1.6439916771207573e-07,2.173736516320578e-05,6.538703685194138e-05,1.0145854236068893e-06,7.991529463241654e-05,4.39842299059633e-08,0.001749411668501994,0.9698082984230604,6.649498354154075e-07
10,0.00016316251066831548,1.3979123948657757e-05,0.019368830256877703,0.011226984350186701,1.8780687082072788e-07,0.0006605544529938817,2.514749258074861e-05,2.170311194429238e-07,0.00012975072584643903,2.7951455297993382e-05,3.4309856621657e-05,2.915353183441849e-05,1.3054213693362688e-06,1.5906633082127537e-07,2.212094559542449e-10,2.26317784882786e-06,1.2187416872871827e-07,1.7472806560472414e-05,4.8915673213792365e-05,1.0578863245082833e-06,7.908521735129181e-05,3.358446301681047e-08,0.0019068274284521273,0.9662619369178317,5.921300294944197e-07
11,0.00016035955119248903,1.3136246168417062e-05,0.018728671860812535,0.010771271763406871,1.8404156152548566e-07,0.0006251168930744668,2.41033260745941e-05,2.1037925558206572e-07,0.0001251971990089041,2.6088768896857572e-05,3.333158476596943e-05,2.9925725700171446e-05,1.4607695840769502e-06,1.5372099741468009e-07,2.1014247333872902e-10,2.199635107119912e-06,1.2441584037040846e-07,1.6759886983955312e-05,4.7892378793511675e-05,1.0756851926376722e-06,7.638538484070074e-05,3.267309971771453e-08,0.00184876146887667,0.9674669861423939,5.702882290172981e-07
12,0.00028546914727106465,2.4814364429338682e-05,0.018914043888942085,0.017532581065034383,4.3866518574270353e-07,0.0012252875693927279,3.0310478485276824e-05,2.0055866725890224e-07,0.00015943541547714442,4.958172473531534e-05,4.2191685805545196e-05,3.230106292003758e-05,2.3200369428267454e-06,5.15874812141896e-07,2.6909236595013335e-10,2.373031913550784e-06,4.4617545012039065e-07,4.3227716008783166e-05,4.604563273411041e-05,2.146092692048286e-06,0.00013698865933536443,5.1621057562992986e-08,0.003811796339856083,0.9576556068578214,1.8260659377693426e-06
13,8.00637120192341e-05,1.0392647527293307e-05,0.01487666424087665,0.017458892601801605,1.8960885781691335e-07,0.0004790421394984423,3.191559499735416e-05,4.729874177073897e-07,9.287933181560694e-05,1.366053422368153e-05,0.00014730138439919267,6.862828330821452e-05,1.326560865234179e-06,4.412906765658843e-07,2.865449224175689e-10,1.6434040228885255e-06,1.5871917734003885e-07,1.4456913529317229e-05,4.315901765965773e-05,9.063015705774238e-07,8.846115650398468e-05,7.3856038519258e-08,0.004024948117635739,0.9625637774261263,5.438829062805739e-07
14,0.0001775893883673192,4.44288799585123e-05,0.007962220226939131,0.00925046258392499,4.943481866747713e-07,0.0007297181924136881,4.2962032167508416e-05,2.657357226086763e-07,0.00012177139071998417,5.410500526492148e-05,7.033092310107915e-05,2.0960473482612932e-05,6.036665681083311e-07,3.453731461993984e-07,3.717568060624807e-10,2.596050413820301e-06,1.130288478931938e-07,1.8128973341464312e-05,9.629951224268625e-05,1.1378214293634587e-06,5.278897313395257e-05,4.3950712839211e-08,0.0025454356234000356,0.9788065988549394,5.986198180624258e-07
15,0.00016316251066831548,1.3979123948657757e-05,0.019368830256877703,0.011226984350186701,1.8780687082072788e-07,0.0006605544529938817,2.514749258074861e-05,2.170311194429238e-07,0.00012975072584643903,2.7951455297993382e-05,3.4309856621657e-05,2.915353183441849e-05,1.3054213693362688e-06,1.5906633082127537e-07,2.212094559542449e-10,2.26317784882786e-06,1.2187416872871827e-07,1.7472806560472414e-05,4.8915673213792365e-05,1.0578863245082833e-06,7.908521735129181e-05,3.358446301681047e-08,0.0019068274284521273,0.9662619369178317,5.921300294944197e-07
16,0.00015533298788927795,1.6633872882171916e-05,0.018199112699714748,0.0136532009477249,1.862282414543022e-07,0.0006331458420158351,3.118002325511699e-05,2.674555886179182e-07,0.00014350205403435904,3.882925813884749e-05,3.4354217557327734e-05,4.287186419610393e-05,1.5031407093102508e-06,2.0126141795037988e-07,2.83347916460042e-10,2.8438960128119958e-06,1.4638706939638507e-07,2.1590633837316273e-05,5.754889421002909e-05,1.2723146957932198e-06,0.00012363038858225145,5.3714120109650935e-08,0.0021507655572648924,0.9646910943505672,7.317269264560941e-07
17,0.00015290450965969976,1.443238656730906e-05,0.017136693505255613,0.013371423901184993,2.1625723733102846e-07,0.0006160471430417408,2.723581864713809e-05,2.3360408741098846e-07,0.00012196918132936969,2.941844616256617e-05,3.916624763792685e-05,3.6650800544079496e-05,1.6393575138440898e-06,2.1783251772611914e-07,2.2490447208718798e-10,2.2636960130157322e-06,1.7320814971976316e-07,1.937362231904995e-05,4.520957534281148e-05,1.3330392540997513e-06,9.415946873917255e-05,4.3439782279345954e-08,0.002582716035496507,0.9657057543817551,7.243168568659885e-07
18,4.3816363157658325e-05,5.443406112969984e-06,0.017864236582066616,0.0038686943483245166,3.8409626703869865e-08,0.00036506019071129783,7.581547808618046e-06,1.80339281857714e-07,0.00011247621823618563,5.042356089158336e-06,2.192372903978637e-05,7.968270921440025e-06,2.3736440626902756e-07,1.3620743323571803e-08,1.2396461742912497e-10,1.685191363591904e-06,5.7270771807633255e-09,1.7000490237284467e-06,5.111704333893512e-05,2.3325976633348625e-07,1.1982245922519023e-05,5.697716756221772e-09,0.0003415219670663947,0.9772890034936645,3.245456905056628e-08
19,0.00015317149640079093,1.6792941714988665e-05,0.026094396911295697,0.01751359996160997,1.795093560856488e-07,0.0005207183147569525,4.541801660642782e-05,3.2340034644890013e-07,0.0001692527986408103,3.56231535790816e-05,3.572687847342391e-05,6.411823360037212e-05,1.745789350965478e-06,1.8350802890994362e-07,3.1843433881813334e-10,3.1879245294574833e-06,1.1848457675651366e-07,1.8127494126257433e-05,5.0295462216634595e-05,1.2175372745925702e-06,0.00011766286434265778,5.4575344087454664e-08,0.002112141856514925,0.9530451864959969,7.560728825438132e-07
20,0.0001451571670997159,1.559776368476401e-05,0.023508580189885272,0.01625878809187832,1.7457825659932567e-07,0.0006297219488906347,3.817351481993758e-05,5.046280941979283e-07,0.00016945296881932235,3.4282381023041583e-05,5.340435803616458e-05,5.418733107799059e-05,1.3697526929353924e-06,2.0277419255405703e-07,5.283541517348252e-10,3.7387409461379685e-06,1.3780313508978472e-07,2.2531452305324184e-05,6.894842824636353e-05,1.1916470340482007e-06,0.00012055807282937336,8.59815027816024e-08,0.0020792794912766438,0.9567932416800662,6.88725852475553e-07
21,0.00015208627713861927,1.5525171993188336e-05,0.017814607544662218,0.01507067413328075,1.250631772710103e-07,0.0006173555234569197,2.358636633817579e-05,2.687787467210943e-07,0.0001659765023425623,3.388469940802499e-05,2.6691970562285576e-05,4.280059101077589e-05,1.4525700391282216e-06,1.955992082284441e-07,2.158903312229031e-10,3.7408708291731276e-06,8.400512278539616e-08,2.0024985735979655e-05,5.125276456849851e-05,1.1624326900370489e-06,8.552613952888948e-05,3.747545155176406e-08,0.0012564505982145915,0.9646160146578567,4.750627462427909e-07
22,0.00024079523049714728,9.899394951654236e-06,0.01912761879064989,0.00883906696276218,1.684967320823731e-07,0.0007274940998182749,1.625290282514849e-05,1.8033002773462492e-07,0.00011573126576388335,2.4486007893741666e-05,3.25858376260241e-05,1.9144047100926974e-05,1.334329826072427e-06,1.32676246963394e-07,1.8856296991024288e-10,1.8281434825138907e-06,1.9438094647501662e-07,3.2447688304042834e-05,4.5029583035614497e-05,9.547895095632594e-07,7.460114969263151e-05,3.698862967064634e-08,0.0014275385638359837,0.9692618449938154,6.331574635495789e-07
23,0.00016316251066831548,1.3979123948657757e-05,0.019368830256877703,0.011226984350186701,1.8780687082072788e-07,0.0006605544529938817,2.514749258074861e-05,2.170311194429238e-07,0.00012975072584643903,2.7951455297993382e-05,3.4309856621657e-05,2.915353183441849e-05,1.3054213693362688e-06,1.5906633082127537e-07,2.212094559542449e-10,2.26317784882786e-06,1.2187416872871827e-07,1.7472806560472414e-05,4.8915673213792365e-05,1.0578863245082833e-06,7.908521735129181e-05,3.358446301681047e-08,0.0019068274284521273,0.9662619369178317,5.921300294944197e-07
24,0.0001552646523191631,1.766370285586694e-05,0.013733791283387961,0.014539951662971671,1.6602449843070316e-07,0.0006114504564081472,1.9774373191432703e-05,1.9805237005216293e-07,0.00011274433909074552,3.176753528491297e-05,3.115805669355218e-05,2.878399984308406e-05,1.2500752943750292e-06,2.2975413097810632e-07,1.5388494698698533e-10,2.1397108080301585e-06,1.3077257680924495e-07,1.8642324252810873e-05,4.436097896211668e-05,1.2600972330916041e-06,6.852252482600738e-05,3.250037126137424e-08,0.002098231629576597,0.968481953687518,5.316516502873627e-07
25,8.842243220287504e-05,1.1425033442453945e-05,0.013103062938549952,0.016329471261557277,1.642791266581631e-07,0.000554550191379769,2.4423940715035498e-05,4.89977499373186e-07,9.099935575515565e-05,1.9594493251714158e-05,8.193824627444166e-05,3.1383202854160946e-05,8.613976984192995e-07,2.855426388108947e-07,1.842854639859978e-10,2.194059138591161e-06,1.0568174062464806e-07,1.4486376707618353e-05,4.556512941911975e-05,9.569932350853644e-07,5.7718881576951324e-05,4.06773303849965e-08,0.002421970045383175,0.9671195863076839,3.033705530594957e-07
26,0.0001448755304030977,8.42727075082839e-06,0.014411362107483257,0.006653446239551973,1.270127984752184e-07,0.0005194009776677498,1.1954444736719824e-05,1.0613034583261301e-07,8.754950572595182e-05,1.6465113269820348e-05,2.2193213646355807e-05,1.457866206690802e-05,1.0538534254026387e-06,7.78109245708968e-08,1.0055788150333e-10,1.2967238568858081e-06,9.267300210945121e-08,1.2603949618359993e-05,3.545535373197179e-05,7.660589160737679e-07,4.5860836627225144e-05,1.6910987213635005e-08,0.0013343834228019863,0.976677572445957,3.3365114662086287e-07
27,0.0001406329076877818,1.3090852089530541e-05,0.016869091064754087,0.011414119980794482,1.5461691632817037e-07,0.0006309396883709252,2.2479381310835194e-05,2.4869585756554103e-07,0.0001371315189314995,2.566623879003555e-05,3.816024666345563e-05,3.115225370808582e-05,1.2014383123974568e-06,1.5528387756377338e-07,2.7197526423107283e-10,2.4941308311770897e-06,1.267895043131738e-07,1.8384042486916568e-05,5.614293053527579e-05,9.70601748630976e-07,8.375212641346502e-05,4.939027369951804e-08,0.0017265454347577805,0.9687867905192096,5.195941991921124e-07
28,0.00016316251066831548,1.3979123948657757e-05,0.019368830256877703,0.011226984350186701,1.8780687082072788e-07,0.0006605544529938817,2.514749258074861e-05,2.170311194429238e-07,0.00012975072584643903,2.7951455297993382e-05,3.4309856621657e-05,2.915353183441849e-05,1.3054213693362688e-06,1.5906633082127537e-07,2.212094559542449e-10,2.26317784882786e-06,1.2187416872871827e-07,1.7472806560472414e-05,4.8915673213792365e-05,1.0578863245082833e-06,7.908521735129181e-05,3.358446301681047e-08,0.0019068274284521273,0.9662619369178317,5.921300294944197e-07
29,0.00016316251066831548,1.3979123948657757e-05,0.019368830256877703,0.011226984350186701,1.8780687082072788e-07,0.0006605544529938817,2.514749258074861e-05,2.170311194429238e-07,0.00012975072584643903,2.7951455297993382e-05,3.4309856621657e-05,2.915353183441849e-05,1.3054213693362688e-06,1.5906633082127537e-07,2.212094559542449e-10,2.26317784882786e-06,1.2187416872871827e-07,1.7472806560472414e-05,4.8915673213792365e-05,1.0578863245082833e-06,7.908521735129181e-05,3.358446301681047e-08,0.0019068274284521273,0.9662619369178317,5.921300294944197e-07
30,0.00016316251066831548,1.3979123948657757e-05,0.019368830256877703,0.011226984350186701,1.8780687082072788e-07,0.0006605544529938817,2.514749258074861e-05,2.170311194429238e-07,0.00012975072584643903,2.7951455297993382e-05,3.4309856621657e-05,2.915353183441849e-05,1.3054213693362688e-06,1.5906633082127537e-07,2.212094559542449e-10,2.26317784882786e-06,1.2187416872871827e-07,1.7472806560472414e-05,4.8915673213792365e-05,1.0578863245082833e-06,7.908521735129181e-05,3.358446301681047e-08,0.0019068274284521273,0.9662619369178317,5.921300294944197e-07
31,0.0002983077542423883,1.433117624269987e-05,0.03389229308016903,0.009834674340605044,1.696898282154654e-07,0.0006252909684022718,3.073598675257306e-05,3.334891652370889e-07,0.00010145409315696701,3.72181514489101e-05,3.0710873227039684e-05,2.3788438625575046e-05,1.1089354067253217e-06,1.3222543034117514e-07,1.762942271447761e-10,1.76161456215548e-06,9.831716775401292e-08,2.0834300192133234e-05,5.8859728830825966e-05,8.797471172936886e-07,5.907469757216586e-05,2.4377341445486923e-08,0.0017786916803251126,0.9531886691355621,5.570223318767027e-07
32,0.00016619253146543957,1.3776993865224263e-05,0.018325791737483586,0.009907064839412168,1.759767649588055e-07,0.0006479165536476904,2.3293364607051326e-05,2.16698485815255e-07,0.00012711141349798535,2.6626129369344487e-05,3.3644369275955685e-05,2.738733780566583e-05,1.248282076913078e-06,1.4548606279529509e-07,2.1854224630710403e-10,2.1864429540321954e-06,1.1625586950083729e-07,1.6913296052852168e-05,5.502604152790468e-05,9.673258849382268e-07,7.421612724225548e-05,3.366280763604262e-08,0.0017214313563280893,0.9688279868497001,5.30709269858182e-07
33,0.00019918682775553432,1.603320482359807e-05,0.024277991925053536,0.011530699251849394,2.0712660978489245e-07,0.0006839180496014576,3.027308704742107e-05,2.2115451038191926e-07,0.0001562664132998633,2.9766416449882347e-05,3.3748677662786816e-05,3.311433200774613e-05,1.3305695811369202e-06,1.5506259686845778e-07,2.693660470109722e-10,2.3252224054745295e-06,1.1279292749782345e-07,1.888410366470757e-05,5.0723916618965485e-05,1.053397897349469e-06,8.497924926326622e-05,3.2944294648989644e-08,0.0018348215939202087,0.9610134293865777,7.250242148191739e-07
34,0.00042290131525180935,1.1043175098311571e-05,0.019973948968795414,0.001855032926108247,1.1191888182614636e-07,0.0004154462545126964,1.0405781943469679e-05,1.2214353715343343e-07,0.000223727127022771,4.95551609220359e-06,2.1486468342721837e-05,1.6297937878438184e-05,1.026634411788636e-06,2.9831053787200834e-08,1.5849177040971392e-10,9.646752161531835e-07,3.8353095773698846e-08,9.734028540724302e-06,0.00012725380398364344,2.362214450187634e-07,2.3204376390894167e-05,1.268623816414225e-08,0.00024958325333173065,0.9766322677471299,1.6869720571737044e-07
35,0.000325006542970027,1.1976862716398202e-05,0.025362909017930726,0.009878207472791719,1.3186321544012322e-07,0.000508132647139242,2.735591783213053e-05,2.529742990935978e-07,0.0001541632246412742,2.845524629660252e-05,2.4551832903150623e-05,3.2357220580775625e-05,1.2791851287961074e-06,1.090828853986081e-07,1.772731544843634e-10,1.8705736301838565e-06,1.0902444493396602e-07,3.436506968020036e-05,5.480756275552929e-05,6.786018486273885e-07,7.802412293111796e-05,3.675964194693935e-08,0.001015874571316631,0.9624587629395984,5.815055487818561e-07
36,0.00023325338117283014,1.554042013285673e-05,0.02462781974026161,0.013819232433887696,2.0585367496617538e-07,0.0005294238103690686,4.751227552012278e-05,6.530625651614307e-07,0.0002180737010516464,2.6944356689375022e-05,5.1637308721778746e-05,0.00010069419981891419,2.9499885768511324e-06,2.3261620100094893e-07,5.500455109860759e-10,5.2577311840739325e-06,1.756520048048242e-07,2.452565046606831e-05,9.42316727342358e-05,1.2519154536775242e-06,0.00010474819817776208,9.758331314469258e-08,0.0014179778532713233,0.9586767673026984,7.927420070625355e-07
37,0.0001255109243522752,2.6130727717869914e-05,0.02458196265397814,0.021534253949642992,5.849428124378813e-07,0.0016970728330146215,5.820066577762789e-05,6.888393933477742e-07,0.0003064444463513111,4.285819812264547e-05,9.845690740158622e-05,6.688820337785763e-05,2.6046092278786427e-06,5.542499927432606e-07,1.3118528823119888e-09,8.858647315787473e-06,3.018472804646602e-07,2.0552002250033468e-05,9.007856807429557e-05,2.570153210021101e-06,0.00021817504579743833,1.0683701573450148e-07,0.0038343044733388015,0.9472814126070835,1.4263556177731935e-06
38,0.0003062472841550039,1.3416678857483372e-05,0.03143842209595354,0.005379889194982721,2.3554038112130664e-07,0.0010354121132288227,2.988981590269599e-05,1.827600955703073e-07,0.00017758808362507378,2.7605809070068328e-05,2.648691842355987e-05,1.7656267927842732e-05,1.1138319633987141e-06,9.09345730314196e-08,2.9181961291965154e-10,2.735623648874842e-06,5.841878136938416e-08,1.5927634659564735e-05,6.793504177800573e-05,6.246885053673533e-07,4.5976167185599445e-05,1.5789027168528566e-08,0.0009137369430588982,0.9604981891013584,5.629710371173871e-07
39,0.00012079816152488264,5.137317378134298e-06,0.027153665192058675,0.008075391237926563,1.266735395523836e-07,0.0010514214019970082,1.8020678309707926e-05,2.7457300465335955e-07,0.00011581567528882565,2.4671592041092856e-05,2.579355790627501e-05,1.8873379768949144e-05,1.8209733696980251e-06,7.1715219726591e-08,2.1937720348096473e-10,3.263799356374979e-06,1.4649292012196874e-07,1.782178409810863e-05,5.382799617653166e-05,8.8640044782157e-07,0.00012051319917886664,3.050901501588065e-08,0.001213545728729329,0.9619776757347309,4.0600663582544996e-07
40,0.0002721314217928439,2.0892968995803975e-05,0.0406658628568995,0.010852874706778768,3.084689924955422e-07,0.0008318434612823905,5.236800387713914e-05,2.897784543589934e-07,0.00024916789327157613,2.889361506632243e-05,4.666681506781108e-05,5.9863487067898295e-05,2.020839351923661e-06,2.104523489669267e-07,5.67809199747299e-10,2.721851304619629e-06,1.183822637128039e-07,1.8943221474779388e-05,6.789170570614371e-05,1.0395625621438765e-06,0.00010091745047909219,4.552713902610087e-08,0.002041801463967498,0.9446818965032985,1.2289947475853018e-06
41,0.0002968285468717389,1.6207105110394637e-05,0.03142270101230603,0.008160008064224435,4.153445733812519e-07,0.00081976002541003,3.609786173382866e-05,2.3127617976189385e-07,0.0002479058945683384,2.022241448580325e-05,3.5560003090190625e-05,2.841516043426191e-05,1.9760572750624595e-06,1.1713170204566979e-07,4.1651513629132444e-10,3.4511277697177403e-06,1.0724756006648211e-07,1.625776147616743e-05,5.129347174285503e-05,1.182902357743723e-06,5.796083635212132e-05,2.1948133508595006e-08,0.0012551412379512997,0.9575273650471348,7.721050413335448e-07
42,8.336445802325738e-05,7.897375846073156e-06,0.015013117162314835,0.009531809985050257,7.273653386227285e-08,0.0005722839274670575,1.5175056475269126e-05,3.712256979256423e-07,0.00012145696477150445,2.5688886481780508e-05,2.7508321169982876e-05,3.1229697905689676e-05,1.3844409721894203e-06,7.696484267205566e-08,2.9455347291413546e-10,3.885791231290386e-06,1.0595811917575553e-07,1.4763819809506948e-05,8.445746470876468e-05,9.423359147877198e-07,9.284626859704776e-05,6.413624962354119e-08,0.001065752954907984,0.9733054713260483,2.724463077931626e-07
43,0.0001355252432246674,1.2965335412125815e-05,0.017880469670655177,0.011175981501615384,1.6930343931792944e-07,0.0007349773696794032,2.3131223291880553e-05,2.250307813206004e-07,0.00011781997699182101,3.6428037756831106e-05,3.035172853288181e-05,2.495510602660053e-05,1.2564137490452008e-06,1.5367966658608157e-07,2.1507415225920724e-10,2.5560760555460343e-06,1.3085711861429227e-07,1.846333690855708e-05,5.1017486190085265e-05,1.1763268032246175e-06,9.537082707167669e-05,3.7459594626635896e-08,0.0020037818534066865,0.9676525058434,5.500975542587274e-07
44,0.00016316251066831548,1.3979123948657757e-05,0.019368830256877703,0.011226984350186701,1.8780687082072788e-07,0.0006605544529938817,2.514749258074861e-05,2.170311194429238e-07,0.00012975072584643903,2.7951455297993382e-05,3.4309856621657e-05,2.915353183441849e-05,1.3054213693362688e-06,1.5906633082127537e-07,2.212094559542449e-10,2.26317784882786e-06,1.2187416872871827e-07,1.7472806560472414e-05,4.8915673213792365e-05,1.0578863245082833e-06,7.908521735129181e-05,3.358446301681047e-08,0.0019068274284521273,0.9662619369178317,5.921300294944197e-07
45,0.00020984414992125723,2.816395776488491e-05,0.011604675175832252,0.015401713898780613,2.4051850765478974e-07,0.0005997664843095245,1.779114595843043e-05,6.216080179982853e-08,9.468228828399657e-05,4.620232703615993e-05,1.8920271187908516e-05,3.0263494412571435e-05,1.8208964238797477e-06,3.9735999647298774e-07,6.183436133265726e-11,6.865326423132326e-07,3.5602379681461794e-07,2.6928653681800577e-05,3.0168111891141168e-05,1.755408565274394e-06,0.00016171367318588916,3.0790854119953677e-08,0.005504673544612349,0.9662177671672485,1.375902469926089e-06
46,9.070251547897297e-05,6.6624226430930525e-06,0.010758953683354156,0.012489278137947592,1.1506295926722263e-07,0.0006411445994743305,9.59283416626797e-06,1.6216837285937694e-07,7.095469699711223e-05,1.7721883706107713e-05,3.271024025904009e-05,2.017264707055528e-05,1.8470922508019838e-06,1.4194057865240528e-07,1.2750520536410725e-10,1.836093382016868e-06,3.262666586745867e-07,1.7918532654164997e-05,3.539077693935519e-05,1.2803129238532504e-06,8.951991094974409e-05,4.794114044112088e-08,0.0022368840210426353,0.9734762040135039,4.320780412429097e-07
47,0.00024153937105527836,1.1701238885194482e-05,0.018825692392062755,0.007939395166795687,1.513255965062693e-07,0.0004382094222159956,2.2551890694372876e-05,1.4852152401064906e-07,0.00017288031377915263,2.3342760846646626e-05,1.766722305509743e-05,4.6146188071178444e-05,2.6050933266206295e-06,8.876900606208966e-08,2.351318670322042e-10,2.8716306275853586e-06,1.4795684862943602e-07,2.0695333896685465e-05,5.5476719738286855e-05,1.083304025491059e-06,9.512861214588037e-05,4.356068548705105e-08,0.0010352272742968369,0.9710464942203796,7.11475309157773e-07
48,0.00015430188560265753,1.3741581881335109e-05,0.01767863863313747,0.010438378412523135,1.7594564849070323e-07,0.000648089174745634,2.288501109876405e-05,2.062428703538489e-07,0.00012044855111061753,2.6983859916043465e-05,3.3352448578158216e-05,2.6376668933057742e-05,1.2201564445867774e-06,1.4983624544845962e-07,1.9972539255385446e-10,2.128689768025267e-06,1.1740386144986987e-07,1.6113969176645726e-05,5.10487458890834e-05,9.960867305096938e-07,7.322376903508571e-05,3.197266499345818e-08,0.001845334572711453,0.968845532968707,5.232129943337672e-07
49,0.00013931568112551373,1.2010739687954151e-05,0.021569828030539816,0.01325742324291271,1.322034992282443e-07,0.0006090723255568347,2.2525770552383007e-05,1.9442220474125144e-07,0.00011599195689614355,2.8027839086546716e-05,3.0001067322428675e-05,3.3366255798732584e-05,1.3351630876489524e-06,1.547311417976154e-07,1.862441447874948e-10,1.950065210598818e-06,1.0776037920913759e-07,1.6779809905473358e-05,3.948196546738017e-05,1.007421616650407e-06,8.415705239164385e-05,3.3193091001963784e-08,0.00204425325448691,0.9619922645412482,5.853205465130063e-07
50,0.0003061729676366398,2.8580950538192723e-05,0.03801918736158465,0.016754444407539468,4.6316386258064453e-07,0.0007470260440056509,0.0001313723582918135,6.866893480227283e-07,0.00013172672082598343,0.00011583021581055361,5.1069368840555546e-05,7.185934978539443e-05,2.0319216709702767e-06,4.446942580288471e-07,4.6141825356361697e-10,3.71951777948817e-06,1.6985269475197463e-07,2.962753993982645e-05,7.759441307547816e-05,1.9279422241256366e-06,0.0001325860552572553,5.899504971391326e-08,0.00464583843230887,0.9387457702059104,1.8103703433672313e-06
51,0.00018169286069472977,2.0711131941199843e-05,0.01917434571911875,0.015311734775212476,1.6119938198129658e-07,0.0006009733325748,2.611246128094063e-05,2.585956026165976e-07,0.00014394576757035144,3.1607238301404066e-05,3.7115210091716105e-05,3.614328706394941e-05,1.0777262715689027e-06,2.078332312905545e-07,2.330747423840646e-10,2.1203900500813285e-06,1.18915807449746e-07,1.990235983612017e-05,5.614761431647293e-05,1.0404076298000934e-06,8.05311024092859e-05,4.361680203904506e-08,0.0019684540532293607,0.962304951529861,6.026386458546024e-07
52,0.00030593900017395707,7.533473443797273e-06,0.020902578991348703,0.006810339243144329,2.0085148294199927e-07,0.0018733480793585084,1.4842808581746458e-05,2.728581117529537e-07,0.00016202810466255837,3.423896192618993e-05,4.661025182967396e-05,1.0841361468317294e-05,1.0833772654351527e-06,2.032481450430686e-07,3.70836594190666e-10,3.4044375133236047e-06,1.524342965373553e-07,7.192999207925772e-05,5.6851083295778723e-05,8.811922909575459e-07,4.9639683445845514e-05,3.666067480952701e-08,0.0009291968948308523,0.9687171410169038,7.056228894923274e-07
53,0.00015580208599567114,1.566735634267545e-05,0.023244960634693397,0.0136294603642966,2.5792710472220513e-07,0.0006145105346011509,4.6246093829833156e-05,3.1045484388788225e-07,0.00014064128247072574,3.4648902773165655e-05,4.481676282016141e-05,4.2858163526321e-05,1.420819388205508e-06,1.990524348620262e-07,3.120167138786578e-10,2.756166478487847e-06,1.1554336852817003e-07,1.70581923502777e-05,4.7947305621153636e-05,1.2049383427307718e-06,9.251700734620231e-05,4.019178762408446e-08,0.0025592168823868953,0.9593065745553969,7.684697831298671e-07
54,0.0004654343041078561,4.827365594801236e-05,0.03423569903703103,0.016684165750600187,4.399339948428496e-07,0.0010490757013839561,6.014606110560913e-05,2.5890518700208353e-07,0.0002892648734588582,6.824957809442544e-05,3.665339368085541e-05,6.381093412283288e-05,2.0127716885477214e-06,4.131191204020756e-07,6.818488917260336e-10,3.838570621331145e-06,1.6342116617413484e-07,3.296447660357369e-05,7.412723891635399e-05,1.7972927417748574e-06,0.0001087187912516862,5.305856877891178e-08,0.002655298125502289,0.9441167108346824,2.4294885722236313e-06
55,0.00025202766191765707,1.0415510270280519e-05,0.02192550703408634,0.009547268962173462,9.334095009744801e-08,0.0003689863598695295,2.2710161525513543e-05,1.3063351090929233e-07,0.00029619019085564406,1.2230010179058329e-05,1.604568226498837e-05,6.659042219022437e-05,2.28937626671326e-06,7.123989377016676e-08,1.9103514614172173e-10,2.1683226718253784e-06,6.002021742896774e-08,2.1107273982348337e-05,4.373960569216031e-05,5.320541654977822e-07,7.066396056607209e-05,2.864227451907642e-08,0.0004980514220465472,0.9668425855086488,5.064127454812427e-07
56,0.0001642030690600631,1.3339051096199522e-05,0.01903579396405528,0.010777500042155759,1.824455533963604e-07,0.0006390307260382501,2.4507459581082847e-05,2.1174826323332655e-07,0.00013014026729450063,2.617011627820678e-05,3.3664206397337265e-05,3.119561125739062e-05,1.4769687717995512e-06,1.562665403877071e-07,2.2097374682163966e-10,2.2093730239479214e-06,1.2538923702178915e-07,1.7230354138598054e-05,4.9859465537467345e-05,1.0521615988366078e-06,7.860559885513303e-05,3.4152600829628306e-08,0.001823440100466538,0.9671492782783251,5.929629000816284e-07
57,0.00016395250119071903,1.392019863145706e-05,0.018247467218851076,0.011337031190625175,1.7191357042463256e-07,0.0005003846735559088,2.6973323453357215e-05,2.500258167151103e-07,0.0001581474428111465,2.7805267932708703e-05,2.765377475177535e-05,5.533538119724077e-05,2.6475672220571414e-06,1.481967754123775e-07,2.7320880745243685e-10,3.1080970462137314e-06,1.756040358207023e-07,1.7722992999849598e-05,6.263702570901927e-05,1.4315417010999104e-06,0.00010585168959005856,5.593389582342993e-08,0.0017191279261177634,0.9675273138868636,6.863524465080426e-07
58,0.0006223410954749328,0.0008874067925383049,0.16389578109479266,0.588743530956745,1.3246450183537185e-05,0.007091765896638036,0.001887053822206735,1.4970678970201904e-05,0.0010989080852438445,0.00536213501646091,0.00019290743639164255,0.00022634135539810487,2.8229002429026364e-06,5.178278560001436e-05,3.6850290351458516e-08,8.077741290508357e-05,1.0270169509151863e-05,0.0007429158331728376,5.8161725283283994e-05,7.744925072157777e-05,0.004293705846151772,2.2150553070003633e-06,0.05164255804430793,0.17282536872187812,0.00017554672358591425
59,0.0010755191751718747,0.00023246088131912565,0.04856243140546039,0.1001145214477129,3.6734262136521493e-06,0.004422250057785103,0.0003975642075226341,3.1220388718820095e-06,0.000809192085151805,0.00044394458692862586,0.00023275335642578438,0.0002913267625059543,8.214393185239998e-06,1.1207359683342783e-05,5.932092045055335e-09,1.968011127731224e-05,4.291187714441486e-06,0.0003676409038911353,0.0002264627369003781,1.0300425449697963e-05,0.000907642679498621,9.171933010646848e-07,0.014151528789041965,0.8276749929267827,2.8355930112452012e-05
60,0.00016316251066831548,1.3979123948657757e-05,0.019368830256877703,0.011226984350186701,1.8780687082072788e-07,0.0006605544529938817,2.514749258074861e-05,2.170311194429238e-07,0.00012975072584643903,2.7951455297993382e-05,3.4309856621657e-05,2.915353183441849e-05,1.3054213693362688e-06,1.5906633082127537e-07,2.212094559542449e-10,2.26317784882786e-06,1.2187416872871827e-07,1.7472806560472414e-05,4.8915673213792365e-05,1.0578863245082833e-06,7.908521735129181e-05,3.358446301681047e-08,0.0019068274284521273,0.9662619369178317,5.921300294944197e-07
61,0.0001880443486450428,1.7916141617343672e-05,0.020952779220674837,0.013709735523653552,2.3899641425564134e-07,0.0007862665173731493,3.13834414813338e-05,2.667230125962531e-07,0.00015426970917080282,3.528447346859557e-05,4.00542328888824e-05,3.531333423991081e-05,1.4878504954333307e-06,2.2651918909923927e-07,2.901339570816763e-10,2.7594885981589427e-06,1.6197515638864702e-07,2.211427562264184e-05,5.574447833916557e-05,1.2816529892736539e-06,9.880830377646003e-05,4.410640967090586e-08,0.002269664583737954,0.9615953421786327,8.116342789653308e-07
62,0.00016316251066831548,1.3979123948657757e-05,0.019368830256877703,0.011226984350186701,1.8780687082072788e-07,0.0006605544529938817,2.514749258074861e-05,2.170311194429238e-07,0.00012975072584643903,2.7951455297993382e-05,3.4309856621657e-05,2.915353183441849e-05,1.3054213693362688e-06,1.5906633082127537e-07,2.212094559542449e-10,2.26317784882786e-06,1.2187416872871827e-07,1.7472806560472414e-05,4.8915673213792365e-05,1.0578863245082833e-06,7.908521735129181e-05,3.358446301681047e-08,0.0019068274284521273,0.9662619369178317,5.921300294944197e-07
63,0.00017147367314583023,1.6452710774618207e-05,0.019127218334350583,0.011213770417379452,1.954887868352525e-07,0.0006507725592615829,2.4770973930550782e-05,2.0670171945631108e-07,0.0001332211234939532,2.892195534862027e-05,3.3548091475383886e-05,2.9009951191182334e-05,1.2706406768344963e-06,1.607717444531944e-07,2.3098505419802644e-10,2.179301089094424e-06,1.2219738441122085e-07,1.6677804688479502e-05,5.1952946657798714e-05,1.0946439919766945e-06,7.814190508867489e-05,3.3920550046839696e-08,0.001966840986197699,0.9664513562815258,6.063885616740527e-07
64,0.0001447298273059389,1.3931763894280347e-05,0.019223933853846353,0.012082858351754782,1.7494565213153545e-07,0.0006964040717638392,2.468557353500215e-05,2.0858995095191735e-07,0.00013333497966568636,3.175262250613148e-05,3.1138478723570536e-05,3.229188490848314e-05,1.4794360767236143e-06,1.673310242101706e-07,2.3398262695009206e-10,2.347308056413541e-06,1.3833523211065365e-07,1.8548140824730843e-05,4.901088428601506e-05,1.1743709732974051e-06,0.00010891993385069755,3.983367549544065e-08,0.002059371464134285,0.9653427082842213,6.495001551686565e-07
65,0.0001646942737329065,1.1998483129526944e-05,0.01632133291554933,0.008843841120614449,1.6666667155915333e-07,0.0005768569751265015,1.9352828355094706e-05,1.6693760410846982e-07,0.00013665844232573816,1.8806661114715994e-05,3.142984835643542e-05,2.6322933222312832e-05,1.2962470903579569e-06,1.2091227427639938e-07,1.8896091991568468e-10,2.00099369310484e-06,1.0789491006288658e-07,1.5568652191611152e-05,4.776814554274978e-05,8.400657462878302e-07,6.211192106595516e-05,2.9315331619910467e-08,0.0014023523165226691,0.9723157042157401,4.710451277659824e-07
66,0.00013877336576697345,7.224761781012217e-06,0.017178154992706144,0.005393093785259645,1.7651154422086445e-07,0.0006232823915825591,1.3997975206208787e-05,1.0065379212073374e-07,7.658510352811098e-05,2.2679806911661357e-05,1.9611799731944102e-05,1.0705999917463184e-05,1.1940172736788349e-06,6.293028587359279e-08,1.0721392134376537e-10,1.424868884966374e-06,1.0847801151686095e-07,1.241347902837792e-05,3.209730010112959e-05,1.0272199575811304e-06,5.916834352583647e-05,1.3768557245059162e-08,0.00155785634948397,0.9748498568428263,3.891471215770256e-07
67,2.4855612311552896e-05,2.4576757314157737e-06,0.006545220505922045,0.01898541368865689,6.980911496021172e-08,0.0012944511261485485,3.1249677807135454e-06,5.854106171210009e-08,2.2734763050071682e-05,2.2704122124595784e-05,1.9154662146242015e-05,6.217262736126569e-06,1.5836735456000062e-06,2.4617871801281096e-07,2.7038512032574054e-11,1.2664856855167129e-06,2.2058065223463436e-07,1.1522468678433764e-05,7.6002015904939165e-06,2.2169142761416396e-06,7.125323461616218e-05,9.458768022508206e-09,0.004986317625461182,0.9679910061238656,2.942903194692159e-07
68,0.00013813232971236807,9.764244505040751e-06,0.02246982069323664,0.01298263350955537,8.559527523044623e-08,0.0005023284608812824,1.716680464076807e-05,1.6718516626697594e-07,9.295663028665217e-05,2.5668901572165403e-05,2.245928304457847e-05,2.5980219712319578e-05,9.402246734163327e-07,1.1534075603605302e-07,9.523080770948011e-11,1.3943053743622077e-06,8.47070812225628e-08,1.63154419901709e-05,3.2714688181532883e-05,7.503944870760767e-07,8.28558065518142e-05,2.4591485545446477e-08,0.0017968132891547776,0.9617804250096766,4.022477678574873e-07
69,4.933872228690095e-05,7.502284350700247e-06,0.012305121184610609,0.00922935739840378,1.0121074879741507e-07,0.00044115104247514306,1.2979443179042547e-05,1.7691304711964518e-07,5.4880068520807365e-05,1.4879442565029055e-05,3.605114681241888e-05,1.3762316724145872e-05,5.544010030438207e-07,7.945705744507249e-08,1.0715952451607419e-10,1.236935421857897e-06,4.4521777298322845e-08,5.206254120470383e-06,2.915297290710179e-05,7.786729752190158e-07,4.290676753151083e-05,1.3676578212890483e-08,0.00214397294683906,0.9756105815592333,1.7055367142183382e-07
70,0.0007401373174578482,2.4749869944699153e-05,0.09052004378689009,0.04378953375272132,4.882524100069516e-07,0.0009367591161917152,8.871722431876345e-05,1.0084987928879722e-06,0.00028674460457907275,7.433067669637878e-05,4.3749025093807035e-05,9.695792844855168e-05,5.102915041526412e-06,6.076496481817623e-07,5.663327983885085e-10,7.750842896927488e-06,3.435014110705011e-07,7.754686061815032e-05,3.347451473442905e-05,4.394981081600408e-06,0.00010051380001012658,5.496906777619381e-08,0.002444655399315025,0.8607193929888713,2.9409574256264206e-06
