,0,1,2,3,4,5,6,7,8,9,10,11,12,13,14,15,16,17,18,19,20,21,22,23,24
0,0.20801545940508798,0.0025466001716290708,0.006787394397401988,1.6621328037390104e-05,0.0015956647929546708,0.000965245723376332,0.008108105535647111,0.00027441801568614424,0.6559454544343368,1.7533444982766824e-05,0.00038082155396558314,0.0006610977927107639,1.4584373179860606e-05,6.434009415107326e-06,0.0004697501969574991,0.002885379218788951,6.586921559655316e-05,0.009914670364210341,0.09863250339777808,5.567684706137168e-07,0.00044036111089239944,0.0006572768441812496,5.045585980760374e-07,0.001183214816890331,0.00041447852922429045
1,0.48970650680872163,0.004966432422674447,0.022094914707382476,5.2895250310329316e-05,0.0007757891727976634,0.000613718672436991,0.02607641131465786,0.00025457072452292177,0.3817121259541332,9.70943846618601e-05,0.0002254741208243425,0.0015448731028116214,7.627099309577404e-06,1.2876040644834854e-05,0.00019432154397849106,0.0012686571448703244,2.5402478481459398e-05,0.020344176498344264,0.046641651655238904,3.9629679549109656e-07,0.000479887630138222,0.00049082219941203,1.3413265411949402e-06,0.0012303571734196632,0.0011816762768904446
2,0.5539974795197371,0.0061083507106115195,0.015968951803709424,5.043897724262884e-05,0.0017016468751571482,0.0004773808227222271,0.03546243226955422,0.00024989840080718944,0.32490495852260837,8.348153936923086e-05,0.0003062137726612406,0.0017784905551300556,8.63529131225568e-06,2.5234247636469747e-05,0.0002864624421820522,0.0009506936604101752,4.136378419285864e-05,0.022642576821059832,0.03078776790573216,5.583804580861853e-07,0.00041848990749281134,0.0005440637787342032,2.0205699605620907e-06,0.0008330520878677451,0.002369357353650314
3,0.5256954381550163,0.005987470866916445,0.020183629033817145,7.651502992352131e-05,0.0011081458198173055,0.0006019202967519334,0.03334968985549172,0.00029241123747880357,0.3381476528523446,9.795690168117543e-05,0.0003642429649563068,0.002120667494291554,8.751969326335044e-06,2.5489740500331202e-05,0.00021064560839578175,0.0010292259217652218,4.4571654329519106e-05,0.026143588277741273,0.04012680721319087,4.837788348980351e-07,0.0005795700375098593,0.0007078984630461157,2.399403179898623e-06,0.0012509273783984907,0.0018439000452945612
4,0.5260849144140769,0.0058362162350123,0.01887027239972373,7.819659798192843e-05,0.0010737471761958445,0.0005629408298940582,0.032025276338982236,0.00027196748249981237,0.34066222565889975,8.931843303308975e-05,0.0003575895318227023,0.00247582162474942,1.0877867861353216e-05,2.714357895650836e-05,0.00020046403655848104,0.0009673687259088783,4.928041153761562e-05,0.026345740774966722,0.03946319701632356,4.977139698386973e-07,0.0006030898787403277,0.000746400311705607,2.3932411241796187e-06,0.0012648533436953077,0.0019302063757798092
5,0.5595569594008407,0.005470649252811781,0.018395005484969144,9.845110317152944e-05,0.0008403304772207578,0.000547880951862149,0.029469824765640404,0.00025763736282539116,0.30705091741129065,0.00010381057124419534,0.0003376422156369969,0.0024531361212758907,9.411689624693133e-06,2.9911262531798884e-05,0.00016251575131427366,0.0008910144460107191,4.93540975876092e-05,0.036677016917047556,0.032875317044026985,4.7390758266550267e-07,0.0006048707088995207,0.0007954753327179165,2.422365765406741e-06,0.0013306573698618138,0.0019893139882392855
6,0.5256954381550163,0.005987470866916445,0.020183629033817145,7.651502992352131e-05,0.0011081458198173055,0.0006019202967519334,0.03334968985549172,0.00029241123747880357,0.3381476528523446,9.795690168117543e-05,0.0003642429649563068,0.002120667494291554,8.751969326335044e-06,2.5489740500331202e-05,0.00021064560839578175,0.0010292259217652218,4.4571654329519106e-05,0.026143588277741273,0.04012680721319087,4.837788348980351e-07,0.0005795700375098593,0.0007078984630461157,2.399403179898623e-06,0.0012509273783984907,0.0018439000452945612
7,0.5730293758564264,0.005429912007626377,0.02196316249135418,6.554342060052172e-05,0.0010018436078682723,0.0005606428326330235,0.0316525682156488,0.00027061256519335044,0.2955991326523653,9.320374542275879e-05,0.00032676340069290365,0.0018749037188402371,8.3191348564361e-06,2.1492519426513903e-05,0.0001692145434275009,0.0008628725289730459,3.7808652377636905e-05,0.024010937952076854,0.03909807285431592,4.28472111659353e-07,0.000481023936719684,0.0005466341851272194,2.1941276299697156e-06,0.0012464756235181435,0.001646860954767306
8,0.4423067012168706,0.00488355832593248,0.014472319146430922,6.493378410000943e-05,0.0011788501915993431,0.0006565488520780775,0.028280404411827553,0.0003019576735937295,0.4199792569890304,7.839248946183785e-05,0.00040493693017110225,0.002025370392576424,9.88945149372725e-06,2.4782174799098804e-05,0.00030665168181637567,0.0013328842513730193,6.393783415390924e-05,0.034174224032393535,0.044632324782973395,4.765244732370796e-07,0.0007269365017774622,0.0011179071946956502,1.7207117996569001e-06,0.0011217864829672472,0.0018532479716112879
9,0.5412795118680027,0.0042332119787326225,0.01168434517849755,4.1154636736420255e-05,0.001553787704017878,0.0005709714221666187,0.02604324247991137,0.00031989079376745576,0.3311172837080795,5.587213537841197e-05,0.00045120208140427757,0.0014989541761480777,8.913971565076588e-06,2.560731936120481e-05,0.0002832074813062483,0.0010579415604103938,6.740138776206513e-05,0.03125397412988436,0.04454599236058981,4.0860693734146927e-07,0.00042280735734972466,0.0008528875365188004,1.5018834966120684e-06,0.0008867444168137833,0.0017431838251615406
10,0.5256954381550163,0.005987470866916445,0.020183629033817145,7.651502992352131e-05,0.0011081458198173055,0.0006019202967519334,0.03334968985549172,0.00029241123747880357,0.3381476528523446,9.795690168117543e-05,0.0003642429649563068,0.002120667494291554,8.751969326335044e-06,2.5489740500331202e-05,0.00021064560839578175,0.0010292259217652218,4.4571654329519106e-05,0.026143588277741273,0.04012680721319087,4.837788348980351e-07,0.0005795700375098593,0.0007078984630461157,2.399403179898623e-06,0.0012509273783984907,0.0018439000452945612
11,0.5281369364895698,0.005868582366715076,0.02005049354572759,7.763242202009814e-05,0.0011166888830749719,0.0005826664250403443,0.03321597016925858,0.0002894951895586504,0.33629684703648866,9.593650772033485e-05,0.0003602898141516245,0.002291298655468274,1.0304216245359301e-05,2.5633989156696286e-05,0.0002017912294993449,0.0010284736109482933,4.6703535846044724e-05,0.025751041097722555,0.04011784707091733,5.196197650730954e-07,0.0005848179779752728,0.0007001126170607347,2.45006902111308e-06,0.001306551238407457,0.0018409162226406756
12,0.6603053722541692,0.007577247682383225,0.008434367402291336,6.277943846361035e-05,0.0019291425243445023,0.000635597549177501,0.019279868067238845,0.00010713967631076999,0.2276278699055589,0.0001071675263725431,0.00018930440361464597,0.001106469286938026,9.875257278300467e-06,6.94291850565083e-05,0.0001218482600339874,0.0004894960414344886,0.0001404435912952658,0.04884794769841258,0.01655391110889212,6.711670454966762e-07,0.0005534513638153284,0.0005632768982851606,2.6716171576581855e-06,0.0005198604936349804,0.004764791600794997
13,0.43832796330057117,0.00658537552501467,0.02384353868734164,0.00015029421401681955,0.0014960039677423859,0.0005893849121085055,0.05697555518717457,0.0006662337488133659,0.3800571192233154,7.735683825518268e-05,0.0013082597033502372,0.005852058510660302,1.2297023836707728e-05,6.443791634349079e-05,0.0003419472030314484,0.0011759287210548813,6.571000160106012e-05,0.028891224743433194,0.04697592106625324,5.923921738829917e-07,0.0008825622422237476,0.001596539022229367,5.4194711074330836e-06,0.0017466286490696507,0.0023116477292775377
14,0.5474899151357047,0.009034423532967214,0.015041002205636794,7.600127996309331e-05,0.001435995983487666,0.0005935524598970252,0.0375618844841192,0.0003036488145992047,0.30742466316938116,0.00012933021992257067,0.00042279401929688293,0.0018581768195799452,6.729167805783272e-06,3.374405545293752e-05,0.0002103060481899796,0.0010194292847095867,4.270103353909119e-05,0.025945304942614805,0.04712685672212523,5.290248869629506e-07,0.0004845986354429215,0.0006959031594040838,2.756905774873208e-06,0.0012508723654302229,0.0018088805300682286
15,0.5256954381550163,0.005987470866916445,0.020183629033817145,7.651502992352131e-05,0.0011081458198173055,0.0006019202967519334,0.03334968985549172,0.00029241123747880357,0.3381476528523446,9.795690168117543e-05,0.0003642429649563068,0.002120667494291554,8.751969326335044e-06,2.5489740500331202e-05,0.00021064560839578175,0.0010292259217652218,4.4571654329519106e-05,0.026143588277741273,0.04012680721319087,4.837788348980351e-07,0.0005795700375098593,0.0007078984630461157,2.399403179898623e-06,0.0012509273783984907,0.0018439000452945612
16,0.564627563789679,0.005075393360451562,0.021879516623125744,6.306536286595615e-05,0.001126544582549504,0.0006424830518858791,0.026057925524224566,0.00023696511336184506,0.3179223521086288,6.820899468145105e-05,0.0003640659968141361,0.001407740610448013,7.705867673378056e-06,1.9567347223948278e-05,0.00016661007477928824,0.0008278014745547999,3.7763792151662886e-05,0.021233271745847472,0.03469334959643135,4.083641064480567e-07,0.00036152011962449417,0.00043728356090601283,2.0764186809198394e-06,0.0012710732969871998,0.0014697432223163944
17,0.5131468491778516,0.007429387201596246,0.016484933105649333,0.00014662389764401662,0.001926801889326329,0.0005539462051475843,0.048897206726236424,0.00045283961659485267,0.3179771340650221,0.0001244202330310213,0.0006605443904534891,0.004787753283404111,1.894022773253946e-05,7.607511531293565e-05,0.0002543777703819066,0.0011744836368423224,0.00014264968443258578,0.04096329241831941,0.036837197789379696,1.035229593901141e-06,0.001072980265321213,0.001754768392868856,6.5937322916907744e-06,0.001404535755703416,0.003704630189862429
18,0.6119954061585293,0.005114004696251426,0.012938180974666817,6.471950666328158e-05,0.0014304431219827219,0.000439686927965581,0.034299256999356424,0.0001723712506410606,0.250994310993389,0.00011495843176146289,0.0002260531751805717,0.00241545370851517,1.3434163754727169e-05,4.226201351964133e-05,0.00019595686564811686,0.0006832122810948215,0.0001049915923221496,0.050402414281451646,0.02116814216630626,6.179800649515518e-07,0.0008050680655113621,0.000936971764041449,2.5581423205107023e-06,0.0006788860057052767,0.00476063873335634
19,0.434168538153441,0.006469524143061665,0.0255735416768515,0.00010922798786390787,0.0009210591827674221,0.0004114388368401453,0.06012300827068588,0.00039344256537867826,0.3983969085644702,0.00011348884294558696,0.00034689096583896006,0.004688875233258142,1.0649022795130249e-05,2.6197788676841147e-05,0.00027078939774599056,0.001233228490677457,3.731562530855518e-05,0.02358690816555071,0.03789925793797704,4.600940358535803e-07,0.0008468965708768009,0.0010811164865566633,2.4932987081461376e-06,0.0011269966914320866,0.0021617460062558894
20,0.4009213959997474,0.005852949176947754,0.02421232141766111,0.00011378319435705365,0.0009760698068571181,0.0006001611029506711,0.049320017392143735,0.0007050151906264593,0.4163984250676806,0.00011342737732344505,0.0006285513384022196,0.0038406455500654005,8.737729489897179e-06,3.091319347177356e-05,0.0005576577395799044,0.0017313540902473144,5.229081607459805e-05,0.03234578648577859,0.05530880719484225,5.262581614137217e-07,0.0009267208060288541,0.0020043223555776075,2.7739033617432884e-06,0.0012550680027804057,0.002092278809842489
21,0.5558108742880284,0.005570063387887245,0.022745713869233318,6.777475146785228e-05,0.0014683967946731405,0.0006902112421066043,0.03502347842467058,0.0002658528843430666,0.30340482718882184,8.981061094018269e-05,0.00043418814363711,0.0016919913370243521,9.084256460299754e-06,2.1783519787382188e-05,0.00024309445080314914,0.0007976304903827125,6.540341237112799e-05,0.02537806715921346,0.04127645639332473,5.04339185666072e-07,0.0005901763454243809,0.0007258191019864701,3.2991815642784466e-06,0.001312702114796918,0.002312796311865757
22,0.43794454350187934,0.008237059453551543,0.02251997991189125,9.421898604113688e-05,0.0012395160299581277,0.0005921452174842844,0.049545766109571635,0.0003302408105642307,0.4051661885900966,0.00011094585110192501,0.0003810731426806819,0.003207043413052763,9.758589564200914e-06,2.8533407030049987e-05,0.0002407982019968584,0.0011909454225706392,3.284726762150308e-05,0.017137251106162953,0.047381431976634934,5.260562786241383e-07,0.0006720177919700843,0.0006733052810598778,3.08746196737118e-06,0.0013897795397066687,0.0018709968795629095
23,0.5256954381550163,0.005987470866916445,0.020183629033817145,7.651502992352131e-05,0.0011081458198173055,0.0006019202967519334,0.03334968985549172,0.00029241123747880357,0.3381476528523446,9.795690168117543e-05,0.0003642429649563068,0.002120667494291554,8.751969326335044e-06,2.5489740500331202e-05,0.00021064560839578175,0.0010292259217652218,4.4571654329519106e-05,0.026143588277741273,0.04012680721319087,4.837788348980351e-07,0.0005795700375098593,0.0007078984630461157,2.399403179898623e-06,0.0012509273783984907,0.0018439000452945612
24,0.5705318655340054,0.008411757698153492,0.014834320136982222,9.460218533207206e-05,0.001012366778472269,0.000562698825124555,0.027214430157462555,0.00027481703850235864,0.29945706494865476,0.00011703410158919558,0.00033733497296113484,0.0021641885643851715,8.557201412295086e-06,3.857764766900543e-05,0.0001473150833737067,0.0009755406333200595,4.759535014583661e-05,0.0284130320313548,0.04118130334182698,5.635755428546419e-07,0.0004911072327990986,0.0007049937079810173,2.6208310955590085e-06,0.0013090202323327502,0.0016672921895209186
25,0.45048679481181475,0.007836933155971202,0.02273436220620487,0.00018172769584429816,0.0015126897100393854,0.0007617193788840605,0.05900761710966867,0.0012159334627281175,0.3468495101338189,0.00011434034232507808,0.001635997061316849,0.003961063587533369,7.719251966314629e-06,7.779856298585107e-05,0.0002838803920085225,0.0017437721448130999,5.6172552244735405e-05,0.03183703683068647,0.06399390861510881,6.113410356393815e-07,0.0007230912080037104,0.0015405005425375153,5.3124825093622535e-06,0.00205751865196197,0.0013739887679885226
26,0.6750769544460722,0.0031016895706481484,0.017379811191458917,3.912777873665678e-05,0.0007538714775711044,0.0005561943016089678,0.010975351086522684,9.991881302359109e-05,0.23462131927020766,5.0348212001713595e-05,0.00021651855777549527,0.0007918354256779449,9.375399534168122e-06,8.770395083572532e-06,5.8165084683476956e-05,0.0004986042647651876,3.827645414004153e-05,0.021416461551873784,0.03089833171313225,3.8236596399034597e-07,0.000282204651896741,0.0002466706959689847,1.704760335917875e-06,0.002013243436840779,0.000864869094476125
27,0.4586111303407603,0.00577288573294972,0.018852540234524547,8.80910077522053e-05,0.0009911550811638645,0.0006466563084819922,0.03186195092524515,0.000371610992665466,0.3946190122464966,9.578177431158226e-05,0.00046482861636850954,0.0023954445843763776,8.394197107968956e-06,2.649548593818404e-05,0.0003092492220000233,0.0013070458243373303,5.161785166350722e-05,0.030461285974539516,0.0480343290511437,4.866114966967064e-07,0.000683584290567953,0.0012149714408490949,2.3948426257570313e-06,0.0013669771378642026,0.0017620802247698293
28,0.5256954381550163,0.005987470866916445,0.020183629033817145,7.651502992352131e-05,0.0011081458198173055,0.0006019202967519334,0.03334968985549172,0.00029241123747880357,0.3381476528523446,9.795690168117543e-05,0.0003642429649563068,0.002120667494291554,8.751969326335044e-06,2.5489740500331202e-05,0.00021064560839578175,0.0010292259217652218,4.4571654329519106e-05,0.026143588277741273,0.04012680721319087,4.837788348980351e-07,0.0005795700375098593,0.0007078984630461157,2.399403179898623e-06,0.0012509273783984907,0.0018439000452945612
29,0.5256954381550163,0.005987470866916445,0.020183629033817145,7.651502992352131e-05,0.0011081458198173055,0.0006019202967519334,0.03334968985549172,0.00029241123747880357,0.3381476528523446,9.795690168117543e-05,0.0003642429649563068,0.002120667494291554,8.751969326335044e-06,2.5489740500331202e-05,0.00021064560839578175,0.0010292259217652218,4.4571654329519106e-05,0.026143588277741273,0.04012680721319087,4.837788348980351e-07,0.0005795700375098593,0.0007078984630461157,2.399403179898623e-06,0.0012509273783984907,0.0018439000452945612
30,0.5256954381550163,0.005987470866916445,0.020183629033817145,7.651502992352131e-05,0.0011081458198173055,0.0006019202967519334,0.03334968985549172,0.00029241123747880357,0.3381476528523446,9.795690168117543e-05,0.0003642429649563068,0.002120667494291554,8.751969326335044e-06,2.5489740500331202e-05,0.00021064560839578175,0.0010292259217652218,4.4571654329519106e-05,0.026143588277741273,0.04012680721319087,4.837788348980351e-07,0.0005795700375098593,0.0007078984630461157,2.399403179898623e-06,0.0012509273783984907,0.0018439000452945612
31,0.14718031886587687,0.004966678614944808,0.00674861254375109,8.750040329098021e-05,0.001595153457184262,0.0009133715854989314,0.022547226637096195,0.00012557063241510434,0.7473454788992815,4.376204557441844e-05,0.0006461281181951437,0.0031917398403969958,1.2471998300653136e-05,3.2829751146758285e-05,0.0006673745844943137,0.0022094817557147687,8.310674556305475e-05,0.02051117238493851,0.0339088013699792,6.105440227997702e-07,0.0012125146632078706,0.00215299286792261,2.541915513860181e-06,0.0014266487410729022,0.0023879110346163033
32,0.5343940081314027,0.006018239632431575,0.01925813620663183,6.90286011227734e-05,0.001031169311489637,0.000602152709852524,0.031159345831930193,0.0002918468151385247,0.32771401512064957,9.633564679716074e-05,0.00035912289614666276,0.0020222491948953376,8.508452891226067e-06,2.3711029064779382e-05,0.0002034499968896322,0.0009853518542124256,4.2787214820062863e-05,0.025117055879798976,0.046387300914559566,4.5045069831262785e-07,0.0005535730531029258,0.0007057338402843225,2.256837466916784e-06,0.0012954794992318542,0.001658690878490541
33,0.5345708842026694,0.005603449335449879,0.02152118011250818,6.259609319292698e-05,0.0009989309848272112,0.0005024150574909713,0.033576301083574685,0.0002302825012869567,0.3399834967966586,8.335065818257017e-05,0.00028393361725525157,0.00195922170557754,7.08087883909785e-06,1.9154201054171514e-05,0.00021123867803698432,0.0008234674028723738,3.1548400821100144e-05,0.022647783541271706,0.03294593385665744,3.7650111109871044e-07,0.0005053981948311542,0.0005354081104138128,1.8393260899199955e-06,0.0010057899650816925,0.0018889387942451962
34,0.5654520339664918,0.0045652904373755885,0.016034686125817682,3.386280300243915e-05,0.0006908131811178822,0.0004160652020417191,0.018979110032515255,0.0001796864203747801,0.32703850338347523,4.3515680152629854e-05,0.00023306087881615496,0.0013855532390506086,6.366542387298796e-06,1.1276918941560213e-05,0.00013590604573077532,0.0005802748351200892,2.2543552895669512e-05,0.016346770132933865,0.045226593462016046,2.2433409524870672e-07,0.000305383253024451,0.0003702101665246417,9.460902513825344e-07,0.001014406993451547,0.0009269163223957089
35,0.4003106160867985,0.009876318680135233,0.023810194897030706,0.00011891157558531692,0.002384436112156751,0.0012422722632238412,0.04562125674859605,0.0003808376718982703,0.4238230883004922,0.00013695979130873019,0.0008014927373923326,0.002826099947166148,1.4141951555347208e-05,5.160318616797501e-05,0.00043982662273362615,0.0018992864051461777,8.023034320311233e-05,0.019353849705544282,0.06008765027548609,1.0934850669271909e-06,0.0009002581698197605,0.0010518690375568762,6.67857231791987e-06,0.0019651232362634828,0.002815904197354128
36,0.4839442996813424,0.004572540228386608,0.015707130788141142,6.876750328900906e-05,0.0007168592585118745,0.00027364155117858506,0.04173396115475455,0.0006978259296061165,0.3559436447324692,5.824309370603989e-05,0.0003933429586826027,0.006399719529805156,1.547071111166764e-05,2.7275497806613177e-05,0.00031892248453567587,0.0015712401286666526,4.766371883048888e-05,0.02289651061040527,0.06010417518568593,3.995733758640123e-07,0.0005299370480096713,0.0016002222213354796,1.2363367476979155e-06,0.0008620378748402962,0.0015149321987755079
37,0.3968629555502294,0.0070482648756896886,0.018979458344482926,8.790737455272396e-05,0.0015486345976346704,0.0008419827733484952,0.03828825896364195,0.00041109922880396704,0.45316317746410606,9.622482421789948e-05,0.0005059310030191281,0.002509204593140451,9.849345472679927e-06,3.700173692632874e-05,0.0004312986071585449,0.0016267874317661257,6.000587512538294e-05,0.024119469753692176,0.04813535735477992,6.061405332788481e-07,0.0007980666658238341,0.0010615413916892536,2.695040295062228e-06,0.0010594136803886841,0.0023148073834810784
38,0.6094791168781298,0.004036667711217295,0.020827848201521428,2.469790369748627e-05,0.0009132316239312308,0.0006641179778164556,0.025663489829728395,0.00014433711377226182,0.2823867771810731,7.099899410627873e-05,0.0001795162277296987,0.0007872191139757508,4.632680710415325e-06,9.629522806333446e-06,0.0001719518863529014,0.0007685919445573679,1.3074484542024228e-05,0.014330206979118871,0.03706405757098018,2.0145438961475902e-07,0.0002166523220006625,0.00019178454186958552,8.615212226003898e-07,0.0008792713773713112,0.0011710649573789306
39,0.47137595256501125,0.003413474292910503,0.030620265492600048,7.448649750249142e-05,0.0009533210869497207,0.0011060571956850267,0.029172682826044214,0.0004251343372414461,0.3647646429634541,0.00011028533063094282,0.00036539478033061117,0.0017935431701463945,1.3950374739884398e-05,1.6534030137158815e-05,0.00026132760139554605,0.0016549494519519012,6.827987974280229e-05,0.031387384416723084,0.05730261244787045,5.497279550471037e-07,0.0010100340092836153,0.0008581867333283486,2.2234243991067468e-06,0.001614044040497962,0.0016346833234684363
40,0.5454317846978689,0.005947519487175374,0.015379425701138087,0.000111331709855058,0.0011759810161802,0.0007783515156485839,0.02611642464926534,0.0004021125339458692,0.29916875112427366,0.00014854798594802931,0.0004840785307586545,0.001591112250834705,9.317074541917268e-06,2.8641749946996213e-05,0.00015046147084921444,0.0015836746070870735,8.180350859725863e-05,0.04325128319966502,0.052897852934449846,7.65642545756448e-07,0.0007400201014829453,0.001024644117051527,3.3077889603031235e-06,0.0021631532431226207,0.0013296533588070434
41,0.49117423186006387,0.002555717574101786,0.014705045000385688,1.6634647497409046e-05,0.0019128328841082286,0.0002974188429782912,0.021290086264303055,0.00010375220769254668,0.44432856642528334,1.6434992817285353e-05,0.00013879330249253578,0.0006883287560741257,6.5322199053365215e-06,5.4401453514914575e-06,0.00023215093762281002,0.0008413672466867428,1.2332787341077282e-05,0.00894253584038395,0.011017122132688977,2.2873243202504175e-07,0.00011627784508085329,0.00010508280588718708,3.7534839053671567e-07,0.00040071982455472323,0.001091991375876187
42,0.34271384548791534,0.004417561601591969,0.02482776791034,0.00010761567274817965,0.0005588024011690998,0.0008691820145000843,0.030686759227659045,0.0008260508241893432,0.4244305614439922,0.0001410821604845942,0.0005235734167494196,0.0037063128374940717,1.4043602849776293e-05,1.7239011804045082e-05,0.0004203421867621444,0.0030077517229368045,6.361524846050207e-05,0.029782204517184566,0.1255947169734704,6.245010392499776e-07,0.0013103283605317702,0.0024975898707147526,2.4867125154599504e-06,0.002366359901285624,0.0011135823916113648
43,0.42341210295489856,0.007426931527814473,0.024077574416265724,0.0001181902927651862,0.001121187797151445,0.0015879995354043115,0.03645131966491577,0.0005379633341961184,0.35211358926913483,0.0005017644927892553,0.00034548880611876475,0.0017064082406672385,1.2134811421317015e-05,3.4993536144336015e-05,0.000287885967876873,0.0026261547824163642,9.967037117360356e-05,0.053657054229471736,0.08576989553477021,1.2186720969476938e-06,0.0019975492967447524,0.0017838430683438874,4.8457046952537616e-06,0.0021763795017299193,0.002147854190993172
44,0.5256954381550163,0.005987470866916445,0.020183629033817145,7.651502992352131e-05,0.0011081458198173055,0.0006019202967519334,0.03334968985549172,0.00029241123747880357,0.3381476528523446,9.795690168117543e-05,0.0003642429649563068,0.002120667494291554,8.751969326335044e-06,2.5489740500331202e-05,0.00021064560839578175,0.0010292259217652218,4.4571654329519106e-05,0.026143588277741273,0.04012680721319087,4.837788348980351e-07,0.0005795700375098593,0.0007078984630461157,2.399403179898623e-06,0.0012509273783984907,0.0018439000452945612
45,0.4197810783587446,0.003458608786797701,0.028405482902794255,6.928378812935833e-05,0.000982050786734895,0.0007318796506332045,0.04019825599637795,0.0006924701294361947,0.4200172387809526,6.96270601749062e-05,0.0006074828556515217,0.0020129963873509165,7.599585738183266e-06,1.4353510318592608e-05,0.0005331405235101943,0.0023689455460804134,2.7576364398967237e-05,0.02188757786931958,0.054386527876931455,3.828524167476152e-07,0.0004078740002867034,0.0008547685337743309,1.3439794203068233e-06,0.0013483878166748921,0.0011350660573513373
46,0.4802404427164043,0.00473667637997992,0.020362711657541697,0.00018146813742245076,0.0011739969307736243,0.0013963667690956327,0.019420809865383037,0.0005119023638919509,0.3209709031864757,0.00011765483570326116,0.0008299800520195659,0.0031285640876256653,3.665157228945974e-05,4.639249147178338e-05,0.00027678054633325117,0.0019853096136166217,0.00045247643953909793,0.053913175120411,0.07952647537928327,1.4587171842321264e-06,0.0016613421759343612,0.0034538755559015283,6.901528506962646e-06,0.003038476122772421,0.0025292077544390203
47,0.31916017781938233,0.03538200623408176,0.05770020777689123,0.000668337107657296,0.006754075236261076,0.006523341192478711,0.10678170870019978,0.0030364927531579427,0.3459656481244771,0.00036052373914099127,0.013247993437519262,0.0007451314576871908,1.1073021181927864e-06,0.000452215401960063,0.0004748280868589486,0.0008994050203612249,4.5774372493984285e-05,0.030386648565060553,0.06511263567103225,9.657944007501448e-07,0.0006012297123008924,0.0006711064026029649,5.411256408973106e-05,0.003238324083969815,0.0017360034438160105
48,0.5245760439042687,0.011098840300547289,0.012948505615366887,6.249480654721136e-05,0.0008385661741865115,0.0009484674537487211,0.020919648619807323,0.00031628649627539923,0.241217359401817,0.0001570496965634466,0.0004416047343592847,0.0012923127065954617,7.484367258491095e-06,2.590098624154228e-05,0.00010810731043015489,0.0009211278502141532,5.446667424737977e-05,0.017933254534630676,0.16157824658104053,4.672498070103284e-07,0.0004618423430475517,0.0007750585464857729,3.2951917196867836e-06,0.002517279989425823,0.0007962884653679659
49,0.5037385131010884,0.006046080993921484,0.02745930161237173,0.00010922372021413171,0.0008666912875261717,0.0006692866893162841,0.03605602424761554,0.000311385232565686,0.3464151416867942,0.0001223978224421254,0.0003806696558436685,0.002924114342041438,1.0210095525107739e-05,2.8461877913841505e-05,0.00021710738141226486,0.0010467637915512042,4.5165998724319634e-05,0.028558223215327878,0.03969734369014703,5.345234504620147e-07,0.0007608101521040412,0.0008677095909063552,3.2212712194947954e-06,0.0015214689863700212,0.0021441490336070556
50,0.6005525973626846,0.008188796013565737,0.024743095282039374,7.631544018100127e-05,0.0014696740648095675,0.00043957842401786735,0.09771442906466982,0.000521945448460499,0.1880279575539545,0.0002647058743137887,0.0003380707428819647,0.003044007179341422,7.5613389297956155e-06,4.3066091563711356e-05,0.00022735147390000242,0.0008838420455733756,3.796294289085791e-05,0.02514944464139463,0.042850101448979605,5.268348203888528e-07,0.0006139823744664172,0.0007296779612695819,4.191177680885469e-06,0.0008549416704027462,0.003216177547207722
51,0.5649723736893761,0.017941672038615197,0.012780684572758457,0.00013294621416739803,0.00035314363364073715,0.0002537059034359356,0.025431430563033066,0.0003787511926539238,0.292820128881346,9.5352504006449e-05,0.0003145174302137541,0.003182492853078071,2.496209950977672e-06,4.742519198023298e-05,0.000148282339783982,0.0004196153491648175,2.3672682074332493e-05,0.025685717201737866,0.051489133681796126,2.1514195746005394e-07,0.0003691968498787124,0.0012453626313717599,1.5626453535185347e-06,0.0007271755243650411,0.001182945074260074
52,0.39653188396619826,0.019029909908960838,0.03127374857245718,0.0002236907588422066,0.0013056566532751183,0.00028045053306066935,0.11224065770776037,0.0003923549069641806,0.3526958576603862,0.0001551846464032788,0.00036572060149867204,0.012152952359162148,1.684029997477402e-05,3.526130975799268e-05,0.00015468160982530385,0.0008617558140650731,4.981739423507353e-05,0.008320644510847994,0.05686343828761347,8.400168348539749e-07,0.0016800681602492915,0.001006384652228339,9.297676083190147e-06,0.0018184900336472272,0.0025344119596681642
53,0.374907070399462,0.00615227427924742,0.027957184462381476,9.461736139865649e-05,0.0023220864574418996,0.0003719362015735404,0.1547501648963417,0.0005715818680860062,0.37153615432107046,0.0001227982254956691,0.0006228349990409875,0.005227829861603902,9.449768789457031e-06,3.132616700035166e-05,0.000474511734935294,0.001417746436565311,2.808559423794307e-05,0.01776281063006621,0.02995307436411996,5.235303442981157e-07,0.0007320821803153579,0.0008901748319451787,4.1744568464150715e-06,0.0010505990179415375,0.0030089079537490167
54,0.6307048665711852,0.010513015311564388,0.013800626233269372,5.383998761493402e-05,0.0010010752269068966,0.0003977557158517328,0.0315584429117303,0.000130813491438738,0.26015541128900804,0.00011400039198118034,0.00015736025530458395,0.0017764150485043743,4.495099988978202e-06,3.396925579097897e-05,0.00021324818805170458,0.000530595526378677,2.5020063167468863e-05,0.020242435125249297,0.024005300403086873,3.29287058142969e-07,0.0003175561893497789,0.000423463469469096,1.700717828241978e-06,0.0004890265137605571,0.0033492377264605906
55,0.5144447205278501,0.005196052947547114,0.018917299573897838,6.837074907711893e-05,0.0009197959565898826,0.0004978309406142161,0.030531355144198007,0.00024159473415357415,0.36129872279692987,7.760435999008278e-05,0.0002934201046099014,0.002266136818348557,9.025480430517927e-06,2.026495418215538e-05,0.00018613484369276535,0.0009335527689469644,3.5897174416789854e-05,0.02455744960049257,0.03553813871760653,3.971060552826004e-07,0.0005297408347026712,0.0006196164888590064,1.775426906128374e-06,0.0011604377083852676,0.001654664241517156
56,0.5268088539788799,0.005819063614037972,0.02018247788148623,7.743391562619731e-05,0.001088625162829618,0.000593019942446779,0.03348562198447688,0.00029040240714129907,0.33591943855479106,9.511688429338366e-05,0.0003682881179938649,0.0023647222832656194,1.0261637897137824e-05,2.6175206644545496e-05,0.00020723876588196584,0.0010073165081245245,4.682819277254873e-05,0.025833983269076558,0.04126284240155191,5.00115687843559e-07,0.0005940737072817149,0.0007243867800550702,2.463347447344692e-06,0.0013032068067166168,0.0018876585335934359
57,0.4844174957594968,0.00599865043699591,0.018311358382371395,8.27619746639882e-05,0.000966602005671181,0.00045315747648979184,0.03527399522583971,0.00031659323455712865,0.3650481887905173,0.00010525311570961537,0.00029634240867356553,0.004184790755889538,1.8806620380969035e-05,2.413130985288842e-05,0.00022252138789731474,0.0013024542619562015,6.72834767560369e-05,0.024487506008247215,0.0529331088611341,7.13652612333601e-07,0.0008337978296383933,0.0011464213026196692,2.6430967019308714e-06,0.0014115264093010323,0.0020938962160260075
58,0.5383769623804867,0.005248227802640143,0.019742635126070336,7.07353562456707e-05,0.0009526597192665578,0.0005727018605346794,0.029282963448386084,0.0002553849339558182,0.33059569950120976,8.181204968984627e-05,0.0003662240848936327,0.0021840785213892147,9.556771200577031e-06,2.0695661448462057e-05,0.00016466537818858056,0.0009261059936738759,3.765001909343548e-05,0.023437397062605295,0.043500891732154684,4.3091727315806784e-07,0.0005139854604856558,0.0006033294369819824,2.286821040706802e-06,0.001590581968998236,0.0014623379920869913
59,0.5225831331364111,0.005353552622925275,0.023581510695689055,7.778877212467692e-05,0.0009657635945670278,0.0006091360865740275,0.03127376656738705,0.00027442480108401645,0.3422851713832541,9.140785094171066e-05,0.0003740317615210515,0.00209856778845067,8.865203349189542e-06,1.9388297583035238e-05,0.00017799845319265987,0.0010095467838241495,3.596668645688912e-05,0.02295316586398998,0.04192516362051225,4.679879954773382e-07,0.0005616136981133583,0.0006052079053908187,2.4925382329230614e-06,0.001667661441641591,0.0014642064587880022
60,0.5256954381550163,0.005987470866916445,0.020183629033817145,7.651502992352131e-05,0.0011081458198173055,0.0006019202967519334,0.03334968985549172,0.00029241123747880357,0.3381476528523446,9.795690168117543e-05,0.0003642429649563068,0.002120667494291554,8.751969326335044e-06,2.5489740500331202e-05,0.00021064560839578175,0.0010292259217652218,4.4571654329519106e-05,0.026143588277741273,0.04012680721319087,4.837788348980351e-07,0.0005795700375098593,0.0007078984630461157,2.399403179898623e-06,0.0012509273783984907,0.0018439000452945612
61,0.5299955835908944,0.005439172423051774,0.02305502861375414,7.643976243112349e-05,0.0009790593563601185,0.0005851117004373089,0.032448428952330424,0.0002778226001188835,0.33418019724794734,9.323355469220592e-05,0.00036570898525440325,0.0021384918198105057,9.003480283630109e-06,1.9933173891061286e-05,0.00018164984044298006,0.000973148234135754,3.646667599362002e-05,0.023547299027884983,0.041318459881142175,4.636603758882017e-07,0.0005549921575763212,0.0006138503665499634,2.458136057377365e-06,0.0015762507595428407,0.001531745999040697
62,0.5256954381550163,0.005987470866916445,0.020183629033817145,7.651502992352131e-05,0.0011081458198173055,0.0006019202967519334,0.03334968985549172,0.00029241123747880357,0.3381476528523446,9.795690168117543e-05,0.0003642429649563068,0.002120667494291554,8.751969326335044e-06,2.5489740500331202e-05,0.00021064560839578175,0.0010292259217652218,4.4571654329519106e-05,0.026143588277741273,0.04012680721319087,4.837788348980351e-07,0.0005795700375098593,0.0007078984630461157,2.399403179898623e-06,0.0012509273783984907,0.0018439000452945612
63,0.5352899486948755,0.007258792436692138,0.01930732306416383,7.68901412975507e-05,0.0011028372276075135,0.0005821218697333135,0.03231330635247408,0.0002733063252679066,0.32915925337923263,0.00010567844727512547,0.0003438416279953842,0.002068471221138866,8.037641625550116e-06,2.6524676872797763e-05,0.0002080555642936034,0.0009437662690463671,4.3451301989614855e-05,0.024276855455087988,0.04227120317416797,4.944840634232145e-07,0.0005643416087134886,0.0006975135294394376,2.519020685179411e-06,0.0012094954903614005,0.0018659709958994501
64,0.48316223194581126,0.006597959113502203,0.02169067518648877,9.477947161629664e-05,0.0011018411456868158,0.0006813617715489946,0.03636025194564694,0.00030273704865493433,0.36791775266031673,0.00012542876647630825,0.00036032381394412126,0.0026477520559757464,1.0739538218009238e-05,2.9932795968168764e-05,0.00023270615865059814,0.001132084013619246,5.4010157478139815e-05,0.029302838303408962,0.04278611789908429,5.9679788612711e-07,0.0009069770330431314,0.00090600711491883,3.039544915134885e-06,0.0013904210985762541,0.0022014346185641014
65,0.5185649300254183,0.005294156722254174,0.017700257951256113,6.595865686371175e-05,0.001024327947276542,0.0005498588047415775,0.027308633359982154,0.00024046749733256325,0.358922617913344,7.235770218065882e-05,0.00034580098594715064,0.0019735994391481336,8.771514358203781e-06,2.0798452926370877e-05,0.00018952482185415905,0.0009665513317797494,4.095567400798526e-05,0.024181467141256283,0.03857012816466241,4.1711367547021006e-07,0.0004893552134600992,0.00064060402539122,1.926477663221819e-06,0.001269004353382051,0.0015575287098377286
66,0.6194770225912215,0.0034600605753160843,0.02685717464478355,4.2455116009433565e-05,0.0016012178660568558,0.0008882156892031103,0.024718801055409738,0.00016030173590656668,0.25784560828357866,0.00011638800156295728,0.0002580683057162,0.0008622648067458284,1.2420220545521654e-05,1.1554032573967981e-05,0.00012828749369652405,0.0009339643990757941,5.420691250922822e-05,0.025530275386622534,0.03260296310416294,7.144156351943013e-07,0.0005920632248347517,0.0003069711081265319,2.693209376407266e-06,0.0018452544054041785,0.0016910534159261417
67,0.48357469571506645,0.0044599248715605265,0.033752601933985354,0.0003142630558420438,0.0018105527885994546,0.0040312264187276296,0.02241034886198368,0.0004029773808786084,0.31963585546938217,0.0002528435125722518,0.0008506260582688228,0.0023765119782161756,4.938497189417169e-05,0.00011827323845938102,0.00016364419767887176,0.002513616531221338,0.00029814226480198963,0.0699771376858257,0.04158513155975803,2.688593899696389e-06,0.002029887019039678,0.0010787558251983537,1.5318164986796426e-05,0.004536575673938846,0.003759016228214132
68,0.6032704281118546,0.003370351527534867,0.0429999689734566,0.00010363651118722111,0.00021309847977276004,0.0003263247181966313,0.01814141182740596,0.0001593484297102707,0.2758167489244723,8.549638394262194e-05,0.00012451048485473398,0.0023750451328889335,5.882960009101814e-06,9.710371777689226e-06,3.7512929276134574e-05,0.0004127150320024997,1.7815204723245248e-05,0.027531268860115737,0.02127320730776307,2.2194834771587449e-07,0.0008493986727785985,0.000379850832111472,1.7319704861467e-06,0.001599324012568292,0.0008949903927627349
69,0.3850978511268275,0.008414340781443045,0.0416741563972661,0.00017761599045281414,0.0015855826171663472,0.0009937701946879215,0.06554174723441636,0.0008593318177513914,0.3831603080327635,0.0001481898782614444,0.0013384477418754124,0.003826744278585641,9.832763587623541e-06,3.253788931640365e-05,0.00031431639719947625,0.002055350958140117,3.3455619900029445e-05,0.015585442616903806,0.08178248519696386,8.66446522469083e-07,0.0010675511816213561,0.000918071232829507,8.738459404781788e-06,0.004208843680563834,0.0011644214655493629
70,0.696331179267655,0.0022847818080077424,0.02373428458208977,5.6331518028322746e-05,0.000772140209510255,0.00018876126075842418,0.027474933775840864,0.0003342517506646333,0.20567903811335436,4.938223700772732e-05,0.00011465192129917062,0.001514129447095524,7.729475203989399e-06,2.0362954036077016e-05,0.00015122106589211638,0.0008920395721118867,2.88032576275779e-05,0.03144141488799213,0.0061028542260808585,4.01825969327279e-07,0.0001521384776068231,0.0002812842521622263,5.315400548978359e-07,0.0002322585201293268,0.002155094053821034
71,0.5504828112058143,0.01274421990900401,0.009945272350808896,6.014585673281971e-05,0.004207836037067002,0.00032042037249092886,0.04018259091848424,0.00016110378063609592,0.3337209144457419,0.0001552650830244755,0.00017772028935541048,0.0021618768778166523,1.874218325009615e-05,3.0485050748455043e-05,0.00019058946221314128,0.0014343780200038348,5.6384961607728186e-05,0.014536413325235536,0.024453277505589392,2.4655772268698655e-06,0.0005176068376740576,0.00036003038968363075,4.412468226854696e-06,0.0011540062617775163,0.002921030829786106
72,0.5401700474854578,0.007109050827166421,0.019102687654613103,7.891132335036546e-05,0.0012581085311501982,0.0005943408817215272,0.03425064245589633,0.0002769958761350021,0.3225616067761802,0.0001084052445857695,0.0003740274930069969,0.002129217287555776,8.640363393512319e-06,2.861286939234048e-05,0.00021722587720047207,0.0009767298960342199,4.9805111457668414e-05,0.024912978798919704,0.041116704565649476,5.51635234206055e-07,0.0005721246443577361,0.000739484727326978,2.9868581104934746e-06,0.0012606467716686203,0.0020994660444351816
