,0,1,2,3,4,5,6,7,8,9,10,11,12,13,14,15,16,17,18,19,20,21,22,23,24
0,3.3155928234808585e-06,5.95966481840535e-07,1.086887261289549e-09,1.907826371192874e-09,4.171596801069543e-06,1.9392407167040657e-09,6.514808577928459e-06,4.223219960008774e-11,2.835957609789884e-07,7.985792752285356e-08,2.139015933235762e-06,2.571312056751394e-07,7.58017649467933e-14,0.0023014494426692052,5.71039377192036e-06,6.917824777424077e-12,1.816134349830482e-07,5.765652404296245e-10,4.525590718153007e-09,4.567089476893533e-11,5.290813022649517e-10,2.890052018651337e-07,1.719088900871217e-05,1.7857742303714806e-07,0.9976576318528901
1,3.4533466941837534e-06,5.830224623693365e-07,1.1441450835082827e-09,1.6695360113659596e-09,4.871338091983907e-06,1.869975727847741e-09,4.57805176121146e-06,3.6204389867794866e-11,3.4519943202004694e-07,8.533737645664906e-08,2.0595263774867934e-06,2.1571136835267106e-07,6.05392374559591e-14,0.0017225805267005413,4.731104530658749e-06,5.48471596223588e-12,1.4367157737196855e-07,3.782355762271043e-10,4.975543787368972e-09,3.4391522969912705e-11,3.9662051041266673e-10,2.5587349344090727e-07,1.2341458712405253e-05,1.1818718392254413e-07,0.9982436271340397
2,1.5266189803507224e-06,4.613912953849819e-07,6.913402381608145e-10,9.31411018748817e-10,3.0747363947192945e-06,8.943879063507065e-10,2.841671873489418e-06,2.52622710018588e-11,1.898173428326671e-07,5.182327771238836e-08,2.5649733135573063e-06,2.4741350320306187e-07,3.015216333404968e-14,0.0019928575038056155,7.186833001989824e-06,2.072099603899729e-12,7.007953929086618e-08,2.793896795130556e-10,1.4680901465058051e-09,3.718712217308365e-11,3.37541366992622e-10,1.6336911694539521e-07,1.1534605474204999e-05,6.569826872473612e-08,0.9979771587980999
3,1.6871666024378227e-06,5.538516712847294e-07,6.490829530084072e-10,1.0876656627104084e-09,2.725063387420073e-06,1.3542450715278854e-09,4.001855465108883e-06,2.1895223898919992e-11,1.536487808069559e-07,4.317491492649078e-08,1.525308325788584e-06,2.3129669045192482e-07,3.357189245375903e-14,0.0020165382240333687,4.950920288283109e-06,3.3914396487007345e-12,1.1061360128401634e-07,3.7451154941156187e-10,2.545279338551857e-09,2.573951231248016e-11,3.7727691440289437e-10,2.479772262360272e-07,1.1401440931688517e-05,1.1092893856470828e-07,0.9979557120900212
4,2.087392367421338e-06,6.131051020346163e-07,7.958544245083104e-10,1.3277363587675202e-09,3.2476596083770506e-06,1.6576881549868874e-09,4.741530031089646e-06,2.5925990746525042e-11,1.5855999536926292e-07,5.145844504098523e-08,1.677843212926305e-06,2.634203254196811e-07,5.108818329367606e-14,0.0024907589081146946,5.197990201935161e-06,4.642865734231652e-12,1.308262961044834e-07,5.013976117250024e-10,3.3670336269784713e-09,3.49475972495964e-11,4.323215844785254e-10,2.627814033763006e-07,1.3050680147986902e-05,1.5003773915664476e-07,0.9974775996594097
5,1.6911392847946986e-06,7.492018913979809e-07,6.060959378613877e-10,1.432952703694919e-09,2.816189382536526e-06,1.7262160545579247e-09,3.879606085316423e-06,2.3814396488437813e-11,1.5683749534969299e-07,4.370152134596992e-08,1.6509197084310359e-06,2.250067225534199e-07,4.113995175927306e-14,0.0022390006971486163,5.765784338163108e-06,4.020705268606162e-12,1.209734962930266e-07,5.805960778001704e-10,3.160161547798705e-09,3.271365022975655e-11,4.2639237026562287e-10,2.8158970250639457e-07,1.4011139841823903e-05,1.2836225925905143e-07,0.997729470858117
6,1.6871666024378227e-06,5.538516712847294e-07,6.490829530084072e-10,1.0876656627104084e-09,2.725063387420073e-06,1.3542450715278854e-09,4.001855465108883e-06,2.1895223898919992e-11,1.536487808069559e-07,4.317491492649078e-08,1.525308325788584e-06,2.3129669045192482e-07,3.357189245375903e-14,0.0020165382240333687,4.950920288283109e-06,3.3914396487007345e-12,1.1061360128401634e-07,3.7451154941156187e-10,2.545279338551857e-09,2.573951231248016e-11,3.7727691440289437e-10,2.479772262360272e-07,1.1401440931688517e-05,1.1092893856470828e-07,0.9979557120900212
7,7.628170403111047e-07,5.143016649911668e-07,2.974824075644953e-10,7.161801181557362e-10,1.6827757547448098e-06,1.3207115929229508e-09,2.5260656093976336e-06,1.1281393522561537e-11,1.0855006627413928e-07,2.2896953049091013e-08,9.433258438733426e-07,2.010462054934333e-07,1.4622745511864048e-14,0.0018630522007248484,4.863453343778577e-06,2.159642471249038e-12,7.642239794832499e-08,3.500996400414777e-10,1.5036543319091582e-09,1.5336348601992892e-11,3.7854857206909644e-10,1.988353083132567e-07,1.2662091851638534e-05,7.993930382740169e-08,0.9981123006824629
8,1.7630197462509667e-06,8.218829688210257e-07,4.500684756633797e-10,1.4732470210195355e-09,3.268568269414874e-06,1.877054516529227e-09,4.282962515987599e-06,2.723941737623395e-11,1.9651300898984954e-07,3.869923789629906e-08,1.8112299481302143e-06,2.3419482401319684e-07,3.364323315930187e-14,0.0019758472530858684,6.005907926765557e-06,4.172254902836899e-12,1.1100783948030426e-07,5.799835642477665e-10,3.743693001725227e-09,2.2781807449965962e-11,2.940651184587152e-10,3.6195329040334164e-07,8.831350903349357e-06,8.343825358627215e-08,0.9979963335458423
9,2.478472424766677e-06,8.065640819731879e-07,7.404706532910397e-10,1.953479712198416e-09,4.492270482321613e-06,2.428350119898512e-09,6.1931520023610135e-06,3.899070694182853e-11,2.2590227725522935e-07,5.403141171685034e-08,2.103299023236582e-06,3.246083152881883e-07,6.024850810600752e-14,0.0024258292616858874,5.798046961619759e-06,7.34166587926191e-12,1.6641841741925942e-07,7.569636907622235e-10,5.478867222010203e-09,3.2526972374112265e-11,4.011749306522244e-10,4.4533426773708124e-07,9.156541537619603e-06,1.1838132524169095e-07,0.9975417958775596
10,1.6871666024378227e-06,5.538516712847294e-07,6.490829530084072e-10,1.0876656627104084e-09,2.725063387420073e-06,1.3542450715278854e-09,4.001855465108883e-06,2.1895223898919992e-11,1.536487808069559e-07,4.317491492649078e-08,1.525308325788584e-06,2.3129669045192482e-07,3.357189245375903e-14,0.0020165382240333687,4.950920288283109e-06,3.3914396487007345e-12,1.1061360128401634e-07,3.7451154941156187e-10,2.545279338551857e-09,2.573951231248016e-11,3.7727691440289437e-10,2.479772262360272e-07,1.1401440931688517e-05,1.1092893856470828e-07,0.9979557120900212
11,2.1433927730695393e-06,6.036077979720112e-07,8.278789300658207e-10,1.3093403528392105e-09,3.19332912557558e-06,1.6652804132732002e-09,5.011051566450561e-06,2.9913174057893815e-11,1.794400044292276e-07,5.632947871943763e-08,1.7296432936314124e-06,2.7304998132035984e-07,5.221705837206368e-14,0.00224255724872045,5.461060326407306e-06,4.677359103023183e-12,1.3881891087885638e-07,4.834820317834469e-10,3.3359098597360857e-09,3.442491217422178e-11,4.444712212329324e-10,2.8385474440115353e-07,1.3036913770136734e-05,1.50402388714444e-07,0.9977251737216875
12,1.3165828760421896e-06,4.6464987006565927e-07,5.286207947700219e-10,9.393909757119605e-10,2.804649893258561e-06,1.237070802168837e-09,3.6425306684062016e-06,1.5112128687259613e-11,1.2861600932643e-07,3.589276660000168e-08,1.3299420723466115e-06,2.0679893147853715e-07,2.8051262653830373e-14,0.0022512631016072785,4.279379985687385e-06,2.8612837013847494e-12,9.19615842755294e-08,3.670293701605401e-10,1.9698544763080583e-09,2.5783145965096882e-11,3.565860881165676e-10,1.8283489876505766e-07,1.2460874445938129e-05,1.0267720389173407e-07,0.9977216840648495
13,2.7010773467375874e-06,3.421657624845292e-07,1.1728870002029593e-09,1.506526584655977e-09,3.2493601432248077e-06,7.099126853057917e-10,4.219221102194907e-06,3.3571195510115096e-11,1.489886221514329e-07,6.358088481791616e-08,6.743684848274226e-06,5.270134941154061e-07,4.9370749342587656e-14,0.0050511940590150855,1.1274674474677776e-05,3.739202260941183e-12,1.071084715898251e-07,4.744635890125045e-10,1.3360045423817947e-09,6.612337850395238e-11,6.670697886044442e-10,1.707223880104355e-07,1.7613185008061834e-05,7.887818285041028e-08,0.9949015603099083
14,2.2881482925469724e-06,1.6494673377660609e-06,6.738026310078107e-10,2.6749252062835006e-09,5.627599077100746e-06,2.190958223571804e-09,2.6995279563115408e-06,2.0789503704389467e-11,1.900727736909402e-07,4.13589063298413e-08,2.8938003189281667e-06,1.750459310601998e-07,5.966752803169282e-14,0.0023153374773471165,5.498872300172249e-06,4.707363915304483e-12,9.038832982470684e-08,7.660949684737169e-10,5.697074477544067e-09,3.994665524410792e-11,2.6861986687181607e-10,3.0942908150574187e-07,9.807855621575684e-06,7.341269010499683e-08,0.9976533052070574
15,1.6871666024378227e-06,5.538516712847294e-07,6.490829530084072e-10,1.0876656627104084e-09,2.725063387420073e-06,1.3542450715278854e-09,4.001855465108883e-06,2.1895223898919992e-11,1.536487808069559e-07,4.317491492649078e-08,1.525308325788584e-06,2.3129669045192482e-07,3.357189245375903e-14,0.0020165382240333687,4.950920288283109e-06,3.3914396487007345e-12,1.1061360128401634e-07,3.7451154941156187e-10,2.545279338551857e-09,2.573951231248016e-11,3.7727691440289437e-10,2.479772262360272e-07,1.1401440931688517e-05,1.1092893856470828e-07,0.9979557120900212
16,1.4379822722157388e-06,5.924164264302025e-07,3.898762711169767e-10,8.314151873687699e-10,2.2660658596047757e-06,1.0194759134249637e-09,2.4425160729762226e-06,1.7265418514093307e-11,1.832036116941e-07,3.890208600588512e-08,1.0360792799692893e-06,1.0710956957143727e-07,1.7867741062424006e-14,0.0008933595576718698,3.6649149616670764e-06,1.5974071612379505e-12,7.70422169151734e-08,1.899159815470358e-10,2.023630698228404e-09,1.39187669331582e-11,1.9263899673779373e-10,2.1030469528581044e-07,8.131889758025001e-06,6.778858342424797e-08,0.9990863795471819
17,1.6333082328082296e-06,8.027928414535186e-07,5.437886616452674e-10,1.137593485300627e-09,2.4045150917077564e-06,1.9715474461170664e-09,2.8745395542809887e-06,2.4569302439077208e-11,1.9264231127883975e-07,5.334024394039318e-08,1.3244987395476101e-06,1.81389549239422e-07,3.3569186929633276e-14,0.0015193774582846742,5.746483573076081e-06,3.3314430729853814e-12,9.985108294594234e-08,4.4193423761655766e-10,4.055149048928618e-09,2.237799490907985e-11,3.064939823880339e-10,2.818112798523443e-07,1.1373438988238905e-05,1.1715745956011788e-07,0.9984535282659481
18,7.545426002073602e-06,9.671790549535658e-07,3.2056605068627056e-09,5.172565886061186e-09,1.0154017048400138e-05,6.105153280748562e-09,1.0513469300784558e-05,2.158517541270872e-10,5.571053403287582e-07,2.562078400690425e-07,7.531180158208921e-06,1.1549149655826377e-06,3.726380100774512e-13,0.011828483948584146,2.844535054579171e-05,3.088121556257107e-11,1.2976543933675193e-07,2.251592883908156e-09,1.1606243617523684e-08,1.5431063004397064e-10,1.3948752333271166e-09,2.5172130349106835e-07,3.091172990957615e-05,3.974887124386938e-07,0.9880726703582873
19,2.029048149690792e-06,3.3888061283154487e-07,1.0935344898652256e-09,1.1325571952420937e-09,3.71008004172127e-06,1.820935524429611e-09,8.435579272297005e-06,4.279778971998497e-11,2.1418740410410545e-07,1.002491274281107e-07,1.5819287910054852e-06,3.310282867975104e-07,6.197645163751617e-14,0.0016350974188052705,4.374761096524171e-06,4.768208291357889e-12,1.7544719542155198e-07,3.2965587295223054e-10,2.563265986877527e-09,3.849014133730911e-11,4.813120385450142e-10,3.117248542906156e-07,1.052180378253096e-05,1.7655227273482023e-07,0.998332593802928
20,8.559251467819255e-07,1.0507940094889893e-06,4.335337040064128e-10,9.812603351953295e-10,1.2921106552238967e-06,1.521393402042199e-09,2.276680684295922e-06,3.004047775092951e-11,1.362193250558048e-07,3.153075113125108e-08,1.7094425996679377e-06,3.826892445429316e-07,1.9132259686899352e-14,0.0015611967601721467,1.1924359891032535e-05,2.440607807800737e-12,8.870900409227495e-08,4.3313762023287927e-10,1.7164450761984992e-09,1.8437711496837094e-11,5.83682880839078e-10,4.859537446122897e-07,1.0497090666401795e-05,7.488336145288593e-08,0.9984079911303532
21,3.0256268695395607e-06,5.699703108697866e-07,1.093068441427711e-09,2.2131763441040796e-09,4.108285904230953e-06,1.2017052061331432e-09,4.629759848536063e-06,2.728521020217595e-11,1.4406784248574634e-07,4.6970985869149146e-08,4.413080141151373e-06,4.3805364662494496e-07,5.6353757812877744e-14,0.006220110924590061,8.50903839126728e-06,6.627934448389726e-12,1.236786903457773e-07,7.2667312054309e-10,2.915407691544657e-09,5.698788966129651e-11,6.417563827608604e-10,2.2175046989306113e-07,1.604497742847281e-05,1.0263365053215391e-07,0.9937375022984857
22,2.2372470273866883e-06,4.417280766366861e-07,1.0810389861496296e-09,1.8220068443579605e-09,3.099990345210588e-06,1.1458388105334326e-09,4.457843852452912e-06,2.6553373131926076e-11,1.5486675287127493e-07,6.693906539161842e-08,3.820528707310556e-06,3.188735842430849e-07,4.925312062117469e-14,0.0027205183771046295,6.072875071833718e-06,4.635113359323498e-12,1.9181614305510271e-07,6.03449645664847e-10,2.458443354617058e-09,5.4114176867054674e-11,6.158644544607585e-10,3.0560267117621195e-07,1.5330685722579095e-05,9.86219922751345e-08,0.997242876191889
23,1.6871666024378227e-06,5.538516712847294e-07,6.490829530084072e-10,1.0876656627104084e-09,2.725063387420073e-06,1.3542450715278854e-09,4.001855465108883e-06,2.1895223898919992e-11,1.536487808069559e-07,4.317491492649078e-08,1.525308325788584e-06,2.3129669045192482e-07,3.357189245375903e-14,0.0020165382240333687,4.950920288283109e-06,3.3914396487007345e-12,1.1061360128401634e-07,3.7451154941156187e-10,2.545279338551857e-09,2.573951231248016e-11,3.7727691440289437e-10,2.479772262360272e-07,1.1401440931688517e-05,1.1092893856470828e-07,0.9979557120900212
24,1.7188073177021968e-06,7.657360852825168e-07,6.540768372786287e-10,1.4625529600198925e-09,3.698532046742512e-06,1.3350665064592e-09,3.301559191634345e-06,1.922990122833566e-11,1.3659067385481984e-07,3.632929811072678e-08,1.9223172188123874e-06,2.3236744493274644e-07,3.7426562199532374e-14,0.0025109563055763728,4.820475526614892e-06,3.479865637347748e-12,9.822008476676295e-08,4.491831573344671e-10,2.7466108245787154e-09,3.272809082057327e-11,3.3689376546519866e-10,2.54620890992181e-07,9.727728481966036e-06,8.837123860385594e-08,0.9974622349990643
25,4.216119187292931e-06,2.807829084346804e-07,1.8099420610001938e-09,1.896935273074184e-09,5.33516682909695e-06,8.129868101951264e-10,1.1416739866193963e-05,5.891407769007509e-11,1.843417015910488e-07,9.606804403520009e-08,7.472887048786158e-06,6.070763139686812e-07,1.0639771242728245e-13,0.005090871958542295,8.399340756344993e-06,5.9297061484353176e-12,1.8788745423158519e-07,5.44845594895921e-10,1.7138744455136565e-09,1.0356020494734623e-10,6.248373013488174e-10,2.318511749682324e-07,1.5115144123617248e-05,1.3201470277473457e-07,0.9948554450494146
26,2.7418644655510603e-06,5.292315864991564e-07,7.276446219864708e-10,1.2893872136894108e-09,3.6202580692594324e-06,2.156821757825365e-09,5.03324121496429e-06,2.8967648699253086e-11,2.99079978966747e-07,7.686295201568355e-08,1.08995248347785e-06,1.376438798388936e-07,6.642282099792831e-14,0.0014130442518851608,3.8217432463419e-06,4.543769201838971e-12,1.893159099899649e-07,5.861119175188846e-10,4.536849673833601e-09,3.6326395559962163e-11,4.665233658967705e-10,2.0499515958550976e-07,2.4661756215145672e-05,2.3431840337246995e-07,0.998544305651307
27,1.1283788249227703e-06,7.529574658419249e-07,3.512214014806763e-10,9.243304053910209e-10,1.8308986997650634e-06,1.1626265582417965e-09,2.3719321498410946e-06,1.9261399296269464e-11,1.6794559443764847e-07,3.2267236542432365e-08,1.3235488784233108e-06,1.5654357096849896e-07,1.5259653280582244e-14,0.001055384134790406,5.503033186254872e-06,1.8987388715177904e-12,7.340052826602497e-08,2.393294925819511e-10,2.040172799052574e-09,1.3307601382720396e-11,2.260450501903295e-10,3.048868136920903e-07,7.248984050654579e-06,5.421883733232991e-08,0.998923661891164
28,1.6871666024378227e-06,5.538516712847294e-07,6.490829530084072e-10,1.0876656627104084e-09,2.725063387420073e-06,1.3542450715278854e-09,4.001855465108883e-06,2.1895223898919992e-11,1.536487808069559e-07,4.317491492649078e-08,1.525308325788584e-06,2.3129669045192482e-07,3.357189245375903e-14,0.0020165382240333687,4.950920288283109e-06,3.3914396487007345e-12,1.1061360128401634e-07,3.7451154941156187e-10,2.545279338551857e-09,2.573951231248016e-11,3.7727691440289437e-10,2.479772262360272e-07,1.1401440931688517e-05,1.1092893856470828e-07,0.9979557120900212
29,1.6871666024378227e-06,5.538516712847294e-07,6.490829530084072e-10,1.0876656627104084e-09,2.725063387420073e-06,1.3542450715278854e-09,4.001855465108883e-06,2.1895223898919992e-11,1.536487808069559e-07,4.317491492649078e-08,1.525308325788584e-06,2.3129669045192482e-07,3.357189245375903e-14,0.0020165382240333687,4.950920288283109e-06,3.3914396487007345e-12,1.1061360128401634e-07,3.7451154941156187e-10,2.545279338551857e-09,2.573951231248016e-11,3.7727691440289437e-10,2.479772262360272e-07,1.1401440931688517e-05,1.1092893856470828e-07,0.9979557120900212
30,1.6871666024378227e-06,5.538516712847294e-07,6.490829530084072e-10,1.0876656627104084e-09,2.725063387420073e-06,1.3542450715278854e-09,4.001855465108883e-06,2.1895223898919992e-11,1.536487808069559e-07,4.317491492649078e-08,1.525308325788584e-06,2.3129669045192482e-07,3.357189245375903e-14,0.0020165382240333687,4.950920288283109e-06,3.3914396487007345e-12,1.1061360128401634e-07,3.7451154941156187e-10,2.545279338551857e-09,2.573951231248016e-11,3.7727691440289437e-10,2.479772262360272e-07,1.1401440931688517e-05,1.1092893856470828e-07,0.9979557120900212
31,5.910557005368707e-06,1.006187530520365e-06,2.5316392656192668e-09,2.0804682275916414e-09,4.512361258330698e-06,1.7215878246013527e-09,6.930459770112155e-06,9.917434557019785e-11,2.607922028120956e-07,7.669951839402414e-08,2.743359097950513e-06,4.859369068433902e-07,1.6415051184442782e-13,0.003040710036413946,8.370841707118475e-06,1.0077113363990054e-11,2.6347309408608165e-07,7.819547047551777e-10,7.366812181770266e-09,6.345531593958972e-11,8.124451650751094e-10,4.3062783099286105e-07,1.4659786775013142e-05,2.80364045737312e-07,0.9969133430490645
32,2.0913941970064667e-06,7.099685724694658e-07,7.407488050304434e-10,1.319124375150627e-09,3.0067787459961167e-06,1.6585596504799376e-09,3.972957390937943e-06,2.5857674918308567e-11,1.691853429679063e-07,4.815779160976539e-08,1.5529132523066344e-06,2.3592443201954634e-07,4.4756840933834485e-14,0.0020699839468992414,5.111433775865091e-06,4.30540374756108e-12,1.3020211882455647e-07,4.761352900727233e-10,3.711736493662892e-09,2.8417319352316635e-11,4.0317503976607123e-10,2.8998798905461624e-07,1.1982897625658308e-05,1.344912126884847e-07,0.9979005713925486
33,4.018368551916381e-06,1.4074085485045457e-06,9.260232876127305e-10,2.5882931049570503e-09,3.3684421533211654e-06,3.773682661187687e-09,6.6232603683216015e-06,4.748928549990941e-11,1.328983691034186e-07,6.207239288982592e-08,1.0512235580982557e-06,3.4460773345665806e-07,1.3968427460780947e-13,0.003069180215313017,4.570821850412526e-06,1.3998422848166091e-11,3.6281385337599544e-07,1.4849433410849138e-09,1.3861840212130252e-08,3.7528381916931746e-11,5.831556583070744e-10,7.151553674852359e-07,1.3151714289609723e-05,5.108098716174564e-07,0.9968944768706848
34,1.9428247351568e-06,5.651368564167579e-07,7.123948055960533e-10,1.1608560912513038e-09,2.951192005281827e-06,1.3431067947399293e-09,4.122058266028301e-06,2.3054913750303858e-11,1.6151794905015378e-07,4.5339526150153605e-08,1.6334975107264351e-06,2.3208844862232452e-07,3.728832780122779e-14,0.002106353071535065,4.91115973018568e-06,3.623250303422962e-12,1.1687339276958412e-07,3.88450523018918e-10,2.8068841156950922e-09,2.7444848432840807e-11,3.7849723645898967e-10,2.491615990512841e-07,1.1553300657865621e-05,1.146856679572147e-07,0.9978650412477698
35,1.8622452593065206e-06,6.071408725129029e-07,6.612623505241852e-10,1.1589828893000531e-09,2.823313116089132e-06,1.3887023278616461e-09,4.024063835155695e-06,2.498275244075137e-11,1.7450495054726316e-07,4.5147618814690065e-08,1.583025098505368e-06,2.2490106276557866e-07,3.5146268754413025e-14,0.0018445810381746528,5.120501617507556e-06,3.5064229087592255e-12,1.1566244764141152e-07,3.783800903952564e-10,2.8339860115261493e-09,2.5251438236578305e-11,3.6265709980360367e-10,2.718448636008602e-07,1.0877053930169425e-05,1.0756795537351569e-07,0.9981275751514509
36,1.6867181919328417e-06,5.594314893467093e-07,6.488552050608907e-10,1.0941077898125319e-09,2.8146723245532047e-06,1.3749447528254238e-09,3.6583171763438274e-06,1.9994531434391694e-11,1.5801090828622676e-07,4.459173218966861e-08,1.4697234246461882e-06,2.0204653673793766e-07,3.313939032025853e-14,0.0019447774409095684,4.711459347666582e-06,3.1916506276600824e-12,1.0102297796328901e-07,3.546352957505323e-10,2.5700688060609344e-09,2.5890029651962922e-11,3.6050408003793856e-10,2.185021617534313e-07,1.2089363521059184e-05,1.1027337088832533e-07,0.9980273919737019
37,2.9161452728573356e-06,3.5122664689348234e-07,1.2974471156105602e-09,1.3425723721053077e-09,3.6606461495033495e-06,1.4904575560745575e-09,8.75495837885469e-06,1.6526295446352924e-11,7.570749729749328e-08,4.264419565803131e-08,1.3114342566918413e-06,4.3325125787425304e-07,8.823788070310327e-14,0.008134243217320421,3.710965879104331e-06,9.170134122022096e-12,2.0849875232052168e-07,7.913708783280504e-10,3.2482086205302707e-09,5.4094973879167743e-11,9.601759110711342e-10,1.7399882995620436e-07,2.6397632301289118e-05,4.4493184075148515e-07,0.9918172655313083
38,1.7937333624551345e-06,5.569941941328762e-07,7.175335629651625e-10,1.3521159594238706e-09,2.496564479181421e-06,2.595313603448741e-09,6.79044515457032e-06,2.6437029627040717e-11,1.5303838002017894e-07,5.393062801144651e-08,1.5542633090974576e-06,3.756561885138424e-07,5.122099007344107e-14,0.003156626468395334,6.742932517647053e-06,7.1468920144251785e-12,1.4537174838632066e-07,7.035891878264313e-10,3.7044539477694835e-09,2.8680956039784845e-11,6.646704527099523e-10,3.199104126528453e-07,1.812466904257466e-05,2.0914530328269155e-07,0.9968040470768913
39,1.8430740265897808e-06,4.112141213088702e-07,5.741624089380286e-10,1.0773585069354289e-09,3.370138963158276e-06,9.010791831484592e-10,4.456110480603825e-06,1.5493818284900542e-11,1.4358652444372524e-07,4.711346876292885e-08,2.146947826126235e-06,1.7450444341027905e-07,3.003867568645717e-14,0.002470466170475702,4.403440569732869e-06,2.557073621698215e-12,8.229011667481221e-08,3.2072687829195387e-10,1.8867975482555226e-09,3.011237161816898e-11,2.33911974949766e-10,1.6915421642740615e-07,1.1279482566656783e-05,8.814574511752343e-08,0.9975009135842254
40,1.6824498616658315e-06,5.496422257234771e-07,6.532290933541791e-10,1.073672101726883e-09,2.755478011303878e-06,1.3099635260097753e-09,3.955161336643689e-06,2.132047262391639e-11,1.493972176986561e-07,4.166587145383387e-08,1.5361942752744794e-06,2.334668362085422e-07,3.311274576737441e-14,0.0020673269633044887,4.907190003773613e-06,3.3320200853155212e-12,1.085007813670544e-07,3.6920593511505007e-10,2.484155407917402e-09,2.5696384092961064e-11,3.761299034454177e-10,2.427781799775942e-07,1.1219132071549213e-05,1.0829315225536835e-07,0.9979051773701326
41,4.18298976372523e-06,1.6349951127384641e-06,8.114695388445507e-10,3.5299167315444705e-09,8.999000558974142e-06,2.4132652477002026e-09,3.298319078281546e-06,4.5387718318135556e-11,4.320806673346607e-07,6.917983273192437e-08,4.811675166678778e-06,2.458217569812739e-07,8.809397215755623e-14,0.0038777076779620023,1.0467936378113917e-05,7.409259836976425e-12,7.557910715120618e-08,1.0036668845889115e-09,7.899317558684857e-09,5.940155442731132e-11,2.688015545624005e-10,2.453907393083436e-07,1.2537497907408141e-05,7.959593933874435e-08,0.9960751962213051
42,3.0372369539280788e-06,3.1445266880761753e-06,9.687019638287283e-10,2.6553530060210395e-09,2.0428352889281824e-06,2.9178037820509508e-09,2.2516852209591138e-06,9.676928204330658e-11,3.5184072708824564e-07,4.1847918925956776e-08,1.361637626980077e-06,2.6715832136422614e-07,4.049479006411046e-14,0.0006701835548905146,7.513891879465653e-06,6.957990797340191e-12,2.4453764604615745e-07,4.433293221253192e-10,1.1863241527359369e-08,1.2644573817529028e-11,4.908756250853124e-10,1.4725549492690734e-06,4.872478058437816e-06,8.689671041145044e-08,0.9993031078614021
43,2.0021794381815664e-06,6.718127175908098e-07,1.0664074092197589e-09,1.5090554357393853e-09,2.785130684255252e-06,4.454827406817034e-09,5.320282401074268e-06,5.93896544391903e-11,3.439334053248272e-07,1.3886618793573454e-07,1.0497311801780261e-06,3.210930341103321e-07,7.274058684811296e-14,0.0010355874365648068,5.9390467688342e-06,6.396185696174441e-12,2.494990018492426e-07,5.313745956202692e-10,5.183138839658192e-09,3.5412253036195e-11,9.310593856128281e-10,5.411008645029304e-07,1.735910917176518e-05,2.729412908070092e-07,0.9989274040601549
44,1.6871666024378227e-06,5.538516712847294e-07,6.490829530084072e-10,1.0876656627104084e-09,2.725063387420073e-06,1.3542450715278854e-09,4.001855465108883e-06,2.1895223898919992e-11,1.536487808069559e-07,4.317491492649078e-08,1.525308325788584e-06,2.3129669045192482e-07,3.357189245375903e-14,0.0020165382240333687,4.950920288283109e-06,3.3914396487007345e-12,1.1061360128401634e-07,3.7451154941156187e-10,2.545279338551857e-09,2.573951231248016e-11,3.7727691440289437e-10,2.479772262360272e-07,1.1401440931688517e-05,1.1092893856470828e-07,0.9979557120900212
45,3.6621403539007905e-06,8.462763843557933e-07,1.3904917201913972e-09,2.133219186341351e-09,4.302920207466567e-06,3.666882584313531e-09,1.7064535958620368e-05,1.559081694950308e-10,3.6249569138413273e-07,1.3320731021257996e-07,2.540779359663856e-06,6.80214492795374e-07,1.639945603275687e-13,0.0029225610646992,1.232879565288157e-05,1.4399483090007187e-11,2.520556547443044e-07,1.1370169615981588e-09,7.247711744168746e-09,5.849741936355734e-11,6.747663080766117e-10,7.297414257252989e-07,1.336915411469508e-05,3.756049721907242e-07,0.9970207745346645
46,6.3705566035173955e-06,5.755807759974047e-07,1.971306754203702e-09,2.1853727501587226e-09,3.037644122721828e-06,2.3322207028029985e-09,7.735916029389447e-06,6.968547237921727e-11,1.8826132876939403e-07,9.434826163114286e-08,1.3740838602719139e-06,4.2741835487160274e-07,1.2677599303700623e-13,0.0012120428493824884,2.5841773483004076e-06,9.62088755036028e-12,1.0755136763388885e-06,5.111055016406433e-10,7.54824029215828e-09,3.9962607725433994e-11,1.09141565904168e-09,1.0436078976423868e-06,1.0429126376141624e-05,3.252314403640826e-07,0.9987526799254842
47,9.207160844279117e-06,8.712671364554923e-07,2.2010049462617356e-09,2.7984870999788637e-09,3.764181946416239e-06,2.560922127707435e-09,1.0520360527517778e-05,7.815373605582591e-11,2.1945790046078917e-07,8.568418189939964e-08,1.5682608253248788e-06,4.38266056733804e-07,1.6370230448219194e-13,0.0024744890464847057,4.2357277300463526e-06,1.7290851346959085e-11,5.721818876016143e-07,7.265362757290618e-10,1.2865671965946823e-08,3.3421908474092005e-11,9.089214406297621e-10,7.97103062889016e-07,1.3067915685706925e-05,4.5561532911557796e-07,0.9974796855798269
48,4.770728339743275e-06,1.051813349551457e-06,1.2010393393418705e-09,1.8715006226980765e-09,2.8345325238869405e-06,3.71553006422747e-09,6.4556659966316695e-06,7.460027111355185e-11,2.1509602071032093e-07,1.1051367803913067e-07,8.292977317042468e-07,2.612575431065718e-07,1.4365220194224816e-13,0.0013333972721832647,3.934260072849799e-06,9.70956730952785e-12,4.670825537435757e-07,8.257195753104842e-10,1.3184813832354141e-08,3.3505773114045244e-11,5.749791653602959e-10,7.15948811397524e-07,1.3029358210427114e-05,5.784913712353206e-07,0.9986313271900719
49,1.4111126075637667e-06,7.12376161860872e-07,7.203037548159959e-10,1.1249671088723717e-09,2.2905316752986225e-06,1.6870503373956828e-09,3.5974084362782873e-06,3.073345552945259e-11,1.5866614006815881e-07,4.4219908702783017e-08,1.3334480194971203e-06,2.9343345447717245e-07,3.133652151765869e-14,0.001348414006725982,5.3039353062639364e-06,3.4309955782417843e-12,1.3313622900594018e-07,3.2096917207694795e-10,2.6434806691083195e-09,2.1374014741667456e-11,4.715709417401297e-10,4.189402571638377e-07,8.075395992404825e-06,9.949966019464928e-08,0.9986277068655135
50,8.219978319072714e-07,1.0693534040613716e-06,3.1345695897315843e-10,9.449931591379648e-10,1.755706012920506e-06,1.438648109153718e-09,1.3447225618277801e-06,1.1871238875352938e-11,1.3319694203141891e-07,1.8286760764152428e-08,1.0603275627170137e-06,1.66697603451183e-07,1.257750778090531e-14,0.0012953279017376904,5.432148878008566e-06,1.9225276526734463e-12,6.671773856237062e-08,3.309472908091997e-10,2.1302567286355525e-09,1.2167832746868985e-11,3.5444132209796946e-10,2.724794753107471e-07,9.463492981896916e-06,4.777029903291028e-08,0.998683013661492
51,8.304900510845795e-07,8.467069367016987e-06,1.4632503908313595e-10,3.02768105149056e-09,9.354348405308757e-07,2.0305353630492896e-09,5.713955745512412e-07,2.752463843246341e-11,1.5984365206411528e-07,1.0966709030065682e-08,2.1169882809185527e-06,2.158372020434575e-07,7.509958928845285e-15,0.0008226418621712985,1.959994485541979e-05,1.9649237484358085e-12,5.209251459071424e-08,4.4974683744665176e-10,2.8430041533187693e-09,6.526072827307211e-12,3.6103626712706143e-10,1.3981560846180674e-06,5.053035916065979e-06,1.8031667084043025e-08,0.9991379199567618
52,2.911559898519308e-06,6.235207986099612e-07,8.63740834634637e-10,2.114330279271504e-09,4.539864099909239e-06,2.9173640682183908e-09,5.898537883766997e-06,5.649296405834286e-11,2.70829631711985e-07,1.385063423348945e-07,3.1298618304060893e-06,3.828807816884987e-07,8.919319483184505e-14,0.0032761563594226576,9.906739364605992e-06,6.61488506358929e-12,1.4384342156992143e-07,9.6973901996183e-10,5.0378335152949046e-09,6.63501416853158e-11,4.858867277892942e-10,3.2629612613101226e-07,1.5674953406116695e-05,1.85850068437394e-07,0.9966796978784819
53,9.402217091166306e-07,1.4422950182539227e-07,6.797707668085999e-10,7.484335868244173e-10,3.2350522912782033e-06,8.049680569491871e-10,9.01323342035497e-06,1.3734618220144041e-11,1.248044208920239e-07,5.016305423984502e-08,2.0764434210876853e-06,3.2463925528056794e-07,2.785758263530569e-14,0.0038813826750369413,4.541690647240037e-06,3.0778088037031154e-12,9.384937225108888e-08,3.3067203298508225e-10,6.55396547479429e-10,4.4910997508114403e-11,5.460887816607337e-10,1.1025553258825127e-07,2.09757920057229e-05,1.1776924647501266e-07,0.9960768653540036
54,0.00015096276741778455,4.9598685767671454e-08,1.0397132399818245e-07,1.6560051017482605e-08,0.00011261716180400625,8.591380389532439e-09,0.00011460719762667434,1.1700649120429224e-09,1.5857454117965743e-06,8.11565462810488e-06,5.980220123126901e-05,4.637638601082955e-06,4.4703828064726564e-11,0.04196730907846321,8.8507543208354e-06,2.525728093987345e-10,1.0935476622521865e-05,2.8624141273599785e-08,2.7513725232720144e-08,1.999527287389294e-08,2.7536091076690596e-08,1.4305757579771287e-07,0.0005373879075066663,7.028748589333936e-06,0.9570157327521878
55,1.7224552486669517e-06,5.184490740912851e-07,6.800865116395485e-10,1.062818886314494e-09,3.0563380853204942e-06,1.476757736409138e-09,4.893656363302378e-06,2.6717936392170216e-11,1.6540347352561596e-07,4.5293599090892905e-08,1.5234568576275659e-06,2.889280308227692e-07,3.9963188864695595e-14,0.002277522591426501,5.3084903629535885e-06,4.028994280568736e-12,1.1963297653268514e-07,4.2802025371460045e-10,2.6091887371931677e-09,2.8601680103471057e-11,4.1529022820264444e-10,2.560406739502264e-07,1.148067080322273e-05,1.2584044846942532e-07,0.9976929660210251
56,2.016505497271872e-06,5.996259115460769e-07,7.927545889344306e-10,1.3031768633613821e-09,3.1645857876114133e-06,1.6687347232507011e-09,4.789013771744136e-06,2.7886277590288667e-11,1.7460954394805426e-07,5.3758620684805203e-08,1.6810326237512735e-06,2.641158463200222e-07,4.868427878023963e-14,0.0022027901715075066,5.306182453049134e-06,4.501608000068761e-12,1.3379728100349338e-07,4.719177771001206e-10,3.2184399322998183e-09,3.338175651434138e-11,4.4155762966818447e-10,2.778859571959866e-07,1.282837266962047e-05,1.4164481342938157e-07,0.9977657707353155
57,2.154176675291692e-06,4.804680177090698e-07,1.5467981938593095e-09,1.132351562232959e-09,4.200264485665315e-06,1.7277861185458107e-09,5.323478246522914e-06,4.322618779637366e-11,1.9828544421319152e-07,6.653846699326497e-08,1.5949637410429692e-06,4.597279250977573e-07,6.964335122286692e-14,0.0020183993796463987,4.607781516593804e-06,5.660240077353485e-12,1.8020261475777044e-07,3.575150992130748e-10,3.112872705935824e-09,4.0271187920509644e-11,6.73621482520177e-10,3.0826173770158816e-07,9.69186672314868e-06,1.51783855389649e-07,0.9979521741807311
58,1.9861901874811408e-06,5.810212045693325e-07,7.813432445338666e-10,1.1685037810395856e-09,2.8828005649612516e-06,1.8916348430469244e-09,4.958611872736583e-06,2.8431401257064257e-11,1.6172466244435305e-07,6.076713969236782e-08,1.283172921025795e-06,2.65412958421601e-07,5.54787551996431e-14,0.0021717426819091584,4.9945061663599085e-06,4.649498483246725e-12,1.4838682958915586e-07,5.126405915761342e-10,3.477940543199274e-09,3.331376837284444e-11,4.817462003260005e-10,2.7581526974427163e-07,1.4873767336526278e-05,2.0816481809227692e-07,0.9977955685958999
59,2.025865224125055e-06,5.517314300756473e-07,9.058890518872146e-10,1.1718756926476932e-09,3.0048542166889175e-06,1.6614888326658267e-09,5.021277823391547e-06,2.8614889898821898e-11,1.5406240947435123e-07,5.688129701289003e-08,1.3990460464152702e-06,2.8236402994087356e-07,5.5966682411761826e-14,0.002295534149704816,4.877408291205582e-06,4.623051770592424e-12,1.5175353508465962e-07,4.782440970057463e-10,3.1881977232783417e-09,3.6026314008522185e-11,5.135385232262031e-10,2.667776064546443e-07,1.4229979954514315e-05,1.9324817990251858e-07,0.9976722426116968
60,1.6871666024378227e-06,5.538516712847294e-07,6.490829530084072e-10,1.0876656627104084e-09,2.725063387420073e-06,1.3542450715278854e-09,4.001855465108883e-06,2.1895223898919992e-11,1.536487808069559e-07,4.317491492649078e-08,1.525308325788584e-06,2.3129669045192482e-07,3.357189245375903e-14,0.0020165382240333687,4.950920288283109e-06,3.3914396487007345e-12,1.1061360128401634e-07,3.7451154941156187e-10,2.545279338551857e-09,2.573951231248016e-11,3.7727691440289437e-10,2.479772262360272e-07,1.1401440931688517e-05,1.1092893856470828e-07,0.9979557120900212
61,1.9354992547432235e-06,5.241755748008791e-07,8.415306135462735e-10,1.0821751129163413e-09,2.9126307350197122e-06,1.5102951438675377e-09,4.487152733594705e-06,2.5164708526315737e-11,1.549481867249455e-07,5.222334858559445e-08,1.3907185835754643e-06,2.608658939738099e-07,4.6313141827137026e-14,0.0021099354605060394,4.672181786263183e-06,4.0075858284450965e-12,1.349814317047866e-07,4.038536476243477e-10,2.8817291221893824e-09,3.0774366929043014e-11,4.715314245972061e-10,2.4700658736005575e-07,1.3259329638364508e-05,1.5836632580309652e-07,0.9978598672083054
62,1.6871666024378227e-06,5.538516712847294e-07,6.490829530084072e-10,1.0876656627104084e-09,2.725063387420073e-06,1.3542450715278854e-09,4.001855465108883e-06,2.1895223898919992e-11,1.536487808069559e-07,4.317491492649078e-08,1.525308325788584e-06,2.3129669045192482e-07,3.357189245375903e-14,0.0020165382240333687,4.950920288283109e-06,3.3914396487007345e-12,1.1061360128401634e-07,3.7451154941156187e-10,2.545279338551857e-09,2.573951231248016e-11,3.7727691440289437e-10,2.479772262360272e-07,1.1401440931688517e-05,1.1092893856470828e-07,0.9979557120900212
63,1.5342426670809953e-06,7.724594066716222e-07,5.566436443773274e-10,1.1752173239583126e-09,2.455338364715543e-06,1.4793500887682092e-09,3.1476456302553346e-06,2.1678624662703477e-11,1.6225668230608095e-07,3.800163633435621e-08,1.4494270933532032e-06,2.0062201800707976e-07,2.938756726340868e-14,0.00165139169139254,5.415587739493512e-06,3.1299997923166857e-12,1.0064728206586644e-07,3.866549092354192e-10,2.80633287380082e-09,2.189191375920353e-11,3.563041289633438e-10,2.868888643604698e-07,1.0827109448953333e-05,9.516838319580247e-08,0.9983221161061578
64,1.497839042767273e-06,5.302268836462885e-07,7.854257194455729e-10,1.0083098809771153e-09,2.3660640025566414e-06,1.343383558612741e-09,3.496598851448711e-06,1.97624075935159e-11,1.395673091124703e-07,3.7371729653203316e-08,1.3412769817416369e-06,2.7053155396915376e-07,3.093481491023047e-14,0.0019146377795245836,4.694203015508602e-06,3.400735597317167e-12,1.2638372524858414e-07,3.288893031270191e-10,2.1260497071804137e-09,2.4579790128538842e-11,5.921199614733792e-10,2.5216747343993674e-07,1.3237497105155742e-05,1.1290683640742121e-07,0.9980572533540129
65,1.1763835224238367e-06,5.936737303178445e-07,5.277586573747624e-10,9.409571759843033e-10,2.167641481103787e-06,1.3180128944036727e-09,3.1239484340978535e-06,1.665305148401726e-11,1.2380058982697714e-07,3.234567024843346e-08,1.1257019975031134e-06,2.0332163103839363e-07,2.5182332327037267e-14,0.0017989125067840003,4.61924348579914e-06,2.8119389107459797e-12,9.786652656472121e-08,3.523480497336666e-10,2.090700233199173e-09,2.1574677917191077e-11,4.0563785626002837e-10,2.3119593351315585e-07,1.1968103241641539e-05,1.0545175002790243e-07,0.9981755131387422
66,3.7437368516961207e-06,3.732360734998585e-07,1.5818435549529082e-09,1.5982783934964125e-09,6.455515743867167e-06,1.5882095848034995e-09,8.241440827606279e-06,3.3397157713385495e-11,2.1714870976160908e-07,8.877528709965834e-08,2.201571853115323e-06,2.8705608358593e-07,1.0070366749910726e-13,0.002930346447157565,3.727147057295122e-06,6.5153743192302836e-12,1.7837019236254636e-07,4.6315850053608823e-10,3.841308385732011e-09,5.993706230049696e-11,4.902307494544051e-10,2.0232082102591303e-07,1.4181367551718423e-05,1.9228784801682e-07,0.9970295539149623
67,2.4159417361947738e-06,5.392526992925706e-07,8.146934713011946e-10,1.2519611949007875e-09,3.700843032128826e-06,1.301784631537975e-09,4.921594698478525e-06,2.8310710434041064e-11,1.9317137921637208e-07,5.5019640625941456e-08,2.018788173923855e-06,2.571473031950314e-07,4.463403280702985e-14,0.002301628777219344,5.217694312804765e-06,3.965166059837369e-12,1.1765986602101462e-07,3.924199684690801e-10,3.025345536706008e-09,3.1027920405701494e-11,3.44047165429822e-10,2.5451457611175895e-07,1.0643609881906057e-05,1.1381067548865464e-07,0.9976679149812048
68,1.0224532460586602e-06,4.714596068255502e-07,5.535803254969321e-10,8.051651749309777e-10,2.1959815967746074e-06,1.4797631080631713e-09,4.067145807571979e-06,2.3509824246479993e-11,1.30974036447188e-07,4.099635892951838e-08,1.3154243682625722e-06,3.051074341487674e-07,2.7767125617715766e-14,0.0019064009339884614,5.898855305680907e-06,2.733183307533054e-12,1.0003087739879778e-07,3.6751556770588323e-10,1.6899406845924294e-09,2.5867756181887795e-11,4.5976598917773225e-10,2.561291920804405e-07,1.0981168220917336e-05,1.0939487170868893e-07,0.9980666985372194
69,1.212656486277756e-06,4.592492417046709e-07,5.358808580840373e-10,9.786905162988472e-10,2.367268188300798e-06,1.0426562886746573e-09,3.149651316464984e-06,1.8294690547729668e-11,1.545145909753625e-07,3.8587185485393815e-08,2.01723258327079e-06,2.098437898643703e-07,2.1704061311006486e-14,0.001674328830857504,5.715517785825531e-06,2.143427361015019e-12,8.858952647496658e-08,3.107612056588447e-10,1.4550988768571916e-09,2.5863801183157076e-11,3.8535970526902693e-10,2.124479409669604e-07,1.1681563091321824e-05,6.235023718144788e-08,0.9982982969424072
70,1.5642475820152909e-06,5.222380322408685e-07,6.588063716321756e-10,1.1140115836458717e-09,2.8638868511231116e-06,1.356795818483306e-09,4.018603716490182e-06,2.1169675561533743e-11,1.6241709668445034e-07,4.372321165915303e-08,1.6379495153474817e-06,2.271373012000473e-07,3.139516252198056e-14,0.0020191311542754114,5.00368860133189e-06,3.3376045147013033e-12,1.012072534986931e-07,3.4996498005594714e-10,2.318009556887089e-09,2.661159701808075e-11,3.758159577666336e-10,2.2914314558085893e-07,1.133986112195087e-05,9.746721084186855e-08,0.9979530510505301
71,2.3466998894188813e-06,3.0538779738211394e-07,8.970311318160398e-10,1.2064766410676404e-09,4.1414636768400145e-06,1.4917188654858916e-09,1.0612123221937187e-05,3.5412637735795005e-11,2.0161820915195143e-07,8.505232513721431e-08,1.729246833122527e-06,2.730591986076522e-07,6.395394753089002e-14,0.002355766967529478,4.359572191246359e-06,4.981519182764803e-12,1.5834201769780976e-07,4.088613495286173e-10,2.4016066010728587e-09,4.3997046828208027e-11,4.028547870658687e-10,2.2975740680095669e-07,1.3549676713403879e-05,1.9612181712453966e-07,0.9976060380181682
72,3.567126444276904e-06,4.1861295010878955e-07,1.5385233713911998e-09,2.0678927426859276e-09,6.747215126176846e-06,3.459386298435424e-09,2.1758408409997933e-05,7.803036683256311e-11,2.457780628226764e-07,9.919455909753825e-08,1.8565464927527747e-06,6.061530469125802e-07,1.9226222659276894e-13,0.004981336632004564,5.788933904649362e-06,1.7891217517949255e-11,3.0206825777761387e-07,1.2607971754085327e-09,5.808510736959217e-09,8.086349787041965e-11,8.659852875873688e-10,3.382272457039315e-07,1.851888562082553e-05,4.669298280048349e-07,0.9949579341099735
73,1.6582937247381472e-06,5.380677188505344e-07,6.518391140005314e-10,1.0659559405059411e-09,2.7033486209189242e-06,1.3129398291479263e-09,3.944560876746977e-06,2.160284555854412e-11,1.5473586590883126e-07,4.29107742533428e-08,1.527666567283699e-06,2.2779146035349047e-07,3.250684681564976e-14,0.00195820673367438,4.8866937792798645e-06,3.2741676785286885e-12,1.0933064200706157e-07,3.5654345737173405e-10,2.4340575210983712e-09,2.5522294497642525e-11,3.766609209674199e-10,2.424715941918185e-07,1.1348162470641348e-05,1.0694069578806743e-07,0.9980142960431061
74,3.1495803447148985e-06,4.6906684444290447e-07,7.171111571888695e-10,1.5257782188338395e-09,4.0895580306678925e-06,1.205876947918837e-09,4.468336346704101e-06,1.418528156223619e-11,2.0793159119262848e-07,3.350950661492677e-08,1.0016314099074204e-06,1.0348369993463285e-07,4.0674591921920395e-14,0.0020399712547069767,2.473833303835646e-06,4.354191908297631e-12,1.3611051341117695e-07,3.458662779226005e-10,3.032639016860559e-09,2.462249924155224e-11,4.6183371968891844e-10,1.210116089595064e-07,2.379228405753197e-05,1.507671823465101e-07,0.9979198243085449
75,2.8531814700876658e-06,6.448450509954237e-07,1.186688357501477e-09,1.4170365088391782e-09,3.691143368357231e-06,1.951156200463703e-09,4.398882293070326e-06,3.737647846312278e-11,2.5555635195454265e-07,7.325106614802885e-08,1.4128555206593244e-06,2.4831000813822657e-07,6.508437489253727e-14,0.0015027857650972954,4.356488419011451e-06,5.495482735940493e-12,1.8477861881023911e-07,4.0147082289702555e-10,4.717698389935071e-09,3.1775129708791723e-11,5.374755732703968e-10,3.168007826193107e-07,1.2896113864830953e-05,1.664580953138175e-07,0.9984657052837547
76,2.5779518165772198e-06,5.647014870125706e-07,1.1837456284417869e-09,1.4650998939053618e-09,3.528139025706071e-06,1.991463551381528e-09,6.074716191496261e-06,3.7261846682204307e-11,1.754722748478195e-07,6.404320256254754e-08,1.2415399159801935e-06,2.9729394790112437e-07,6.76587642104807e-14,0.0023617826335831254,4.351571078983497e-06,6.43460655716625e-12,1.7734393335973547e-07,4.3699401941518995e-10,4.085231748070642e-09,3.645558918128989e-11,5.815018609091485e-10,2.855744550082172e-07,1.2861163132320506e-05,2.2989908894685688e-07,0.9976057781326099
77,1.8194220071416256e-06,5.65762167032906e-07,6.904033898194849e-10,1.1482588911536036e-09,3.0468253448849273e-06,1.4425201697408268e-09,4.086277113478533e-06,2.1950645126120257e-11,1.503917131101266e-07,4.6226924055648136e-08,1.5025863571906718e-06,2.288099407578288e-07,3.87809676335561e-14,0.0021614238630880424,4.648452796704994e-06,3.6804289864602095e-12,1.1381789468704566e-07,4.054092119816186e-10,2.905168847430295e-09,2.8316815788319e-11,3.639606682790267e-10,2.4141579615734886e-07,1.1224837496122943e-05,1.2229202995314581e-07,0.9978107720096228
78,1.477390942820082e-06,4.953301458751727e-07,6.334865472297913e-10,1.0272379721830913e-09,2.5846931852779807e-06,1.5918694741292024e-09,4.190325034269387e-06,2.079432798913892e-11,1.463099755723363e-07,5.0249486777265475e-08,1.3129261882406352e-06,2.2175816268794303e-07,3.642577486967106e-14,0.002022957064650259,4.718059789021645e-06,3.4396705795290505e-12,1.1614705263010862e-07,4.144739862659724e-10,2.5135729788501483e-09,2.92647828758866e-11,4.1139447117148893e-10,2.2613724817560897e-07,1.3751823877594229e-05,1.4229788996345375e-07,0.9979476028408002
79,2.1063160001218165e-06,4.1138903269943895e-07,1.1991849820902811e-09,1.3238868333225107e-09,4.276482195326944e-06,1.163953472234448e-09,5.267179643625817e-06,2.6984294418594036e-11,1.5851728012156527e-07,4.6637457427522555e-08,2.567638273548785e-06,3.546747225299625e-07,5.64620286763629e-14,0.004120604960547612,6.02303109254665e-06,4.768385545746978e-12,1.1253098928804355e-07,4.698541951925747e-10,2.0273323292194084e-09,5.8184129158606996e-11,6.219482635072862e-10,1.5158324239849392e-07,1.6766348763961953e-05,1.2500722479826494e-07,0.9958410208073807
80,3.1259356030123287e-06,6.538890822753018e-07,8.889623865505906e-10,2.0295929491415093e-09,4.800010802677732e-06,2.208517187981808e-09,5.1774168079076986e-06,2.8405360551666938e-11,1.8523352563733827e-07,7.827985948290001e-08,2.404792529643277e-06,2.568933738407815e-07,8.764099621047279e-14,0.00360084887372321,5.399471461517764e-06,6.782130139001453e-12,1.6302097588582762e-07,9.53103851471281e-10,5.833625739933756e-09,5.912959213080661e-11,4.11251127645069e-10,2.558248217254352e-07,1.6653420684832447e-05,1.933882312838986e-07,0.996359791129059
81,1.6871666024378227e-06,5.538516712847294e-07,6.490829530084072e-10,1.0876656627104084e-09,2.725063387420073e-06,1.3542450715278854e-09,4.001855465108883e-06,2.1895223898919992e-11,1.536487808069559e-07,4.317491492649078e-08,1.525308325788584e-06,2.3129669045192482e-07,3.357189245375903e-14,0.0020165382240333687,4.950920288283109e-06,3.3914396487007345e-12,1.1061360128401634e-07,3.7451154941156187e-10,2.545279338551857e-09,2.573951231248016e-11,3.7727691440289437e-10,2.479772262360272e-07,1.1401440931688517e-05,1.1092893856470828e-07,0.9979557120900212
82,1.21916867648356e-06,1.1037883041048709e-07,8.113613611021275e-10,5.967502933214779e-10,2.237102413050505e-06,6.676291849677429e-10,5.795886244178529e-06,1.4839250005407846e-11,2.1768328261420174e-07,6.437447322454244e-08,1.310190606697764e-06,2.2439281098186835e-07,1.608901593775434e-14,0.0018964285912699537,4.00128337539493e-06,2.2685087184886383e-12,9.211232518645203e-08,1.2236775191017055e-10,5.583057337258152e-10,2.330871235266918e-11,7.234386685425157e-10,8.89631317783621e-08,2.567602378182714e-05,1.0429355604261416e-07,0.9980624260349367
83,1.7123637492610666e-06,5.540392590164305e-07,6.784981757783618e-10,1.105768497411061e-09,2.7546363445204475e-06,1.4104988015737654e-09,4.167882440638436e-06,2.2656902024202398e-11,1.5027962072479036e-07,4.476109787753895e-08,1.5465863978297586e-06,2.4501771579904665e-07,3.6578502564915006e-14,0.002190033482194419,5.0993229863319986e-06,3.630896479441201e-12,1.1411395483406058e-07,4.0515876057574586e-10,2.6474483580626207e-09,2.79379837546245e-11,3.9497679016087364e-10,2.4719219493730654e-07,1.1974266050773229e-05,1.2222520896271582e-07,0.9977812271341724
84,1.746181177617716e-06,4.482126298135871e-07,8.626619650009585e-10,1.1589605138745275e-09,2.6147048031985995e-06,1.1079005288949084e-09,3.6886867365603963e-06,1.7576489770505145e-11,1.4717915462237424e-07,4.127587316322676e-08,1.7022796766249112e-06,2.0986787430688676e-07,3.119062152158463e-14,0.002052651678270732,4.281281342860152e-06,3.3539159344889285e-12,1.156154015171875e-07,2.9214291906875486e-10,2.0015364508656972e-09,2.7949648798805104e-11,4.949347489772842e-10,1.9043092841582856e-07,1.4575170048343034e-05,1.0120400611470222e-07,0.9979174802650278
85,1.6406108530734527e-06,5.855256727078357e-07,6.063614710588707e-10,1.1546596368147453e-09,2.6478969464176544e-06,1.6173230405996555e-09,4.12752474778473e-06,2.1551956063777274e-11,1.5596403819587013e-07,4.465361790817879e-08,1.3412887363643328e-06,2.1691361739715654e-07,3.610637689338629e-14,0.001994179035612883,4.856824274477947e-06,3.773598788745654e-12,1.1907682791453873e-07,4.399147205889228e-10,2.858618622410083e-09,2.620411564622952e-11,4.080959753120561e-10,2.5293722085158005e-07,1.3238521627540867e-05,1.319669941166031e-07,0.9979764541226732
86,1.4641637180332668e-06,4.922489678257725e-07,5.893296686250613e-10,1.205980972050942e-09,3.380798988985037e-06,1.8915012127324925e-09,4.86307322107249e-06,2.0701844283048893e-11,1.9180187086208667e-07,3.5912552211845436e-08,1.4980415869784581e-06,3.078825565778221e-07,3.074514662841376e-14,0.00213244149094926,4.835396669822888e-06,4.104000464517171e-12,1.3935807431673765e-07,5.066180509680098e-10,2.2023840251282e-09,2.3599413490546908e-11,6.685875825147054e-10,2.8479212602583306e-07,1.4407469523565438e-05,9.571675831631268e-08,0.9978355547395986
87,1.65102542795368e-06,4.742450008355108e-07,6.238165689726176e-10,1.3756449697703974e-09,3.731361118338659e-06,1.4558154792785585e-09,7.499890380195956e-06,1.8646976445380083e-11,7.90724751528761e-08,3.8484612658185084e-08,1.7005105399364655e-06,3.2446999555569647e-07,5.587883854806073e-14,0.004926076605319338,4.120027909543789e-06,5.646113619023842e-12,1.4278338373576705e-07,7.910065691837122e-10,2.8029979554451655e-09,4.5035986419589805e-11,3.532796590249111e-10,2.4939977964700245e-07,1.0973641555663163e-05,1.8676002558686413e-07,0.9950427442505296
88,1.537060254496092e-06,6.340776790648778e-07,6.4071042434556e-10,1.057820457821416e-09,2.3273694067642843e-06,1.1316606041397079e-09,2.961272415483162e-06,2.0781590473571966e-11,1.6692796086034228e-07,3.6232519793124435e-08,1.5305324246194088e-06,2.020631907903253e-07,2.292142479071077e-14,0.0014252549836262227,4.943577732766872e-06,2.6342760532729894e-12,9.949378591954477e-08,2.6180436097204444e-10,2.198347722245545e-09,1.872295006629463e-11,3.675724011099906e-10,2.7884823308343156e-07,9.353534878219009e-06,7.275735115998248e-08,0.998550595568463
89,1.5915994888297488e-06,5.293629096092507e-07,6.067698806162576e-10,1.059611226179441e-09,2.6032901294160327e-06,1.3647285020673587e-09,4.079680972019576e-06,2.154264639270678e-11,1.5204015308966305e-07,4.272732305738593e-08,1.4914371731408555e-06,2.3067509953857746e-07,3.203323383359604e-14,0.0019923499228457113,4.969477096039592e-06,3.294146526729998e-12,1.118627308794143e-07,3.7808819914421365e-10,2.3955304970112935e-09,2.5544973304639195e-11,3.8153654205748056e-10,2.473076826911494e-07,1.1779198830569288e-05,1.1135018826381396e-07,0.9979797038306985
90,7.611484097486516e-07,1.0045119558750424e-06,3.4353212244000443e-10,8.822046067566026e-10,1.6987118590690248e-06,2.654280295236644e-09,2.4653145887548143e-06,2.689060842094671e-11,1.629582333891253e-07,3.557963851284983e-08,1.0619155659628632e-06,3.01106933788341e-07,2.228228854704882e-14,0.001696067257001437,1.0202469777846239e-05,2.8373842580803023e-12,6.761335019551169e-08,5.247466588348385e-10,2.549841131227313e-09,1.8793147935476253e-11,4.5765222271543624e-10,3.328670256412978e-07,1.1564950539565454e-05,1.0137014695794081e-07,0.9982741647641727
91,1.6871666024378227e-06,5.538516712847294e-07,6.490829530084072e-10,1.0876656627104084e-09,2.725063387420073e-06,1.3542450715278854e-09,4.001855465108883e-06,2.1895223898919992e-11,1.536487808069559e-07,4.317491492649078e-08,1.525308325788584e-06,2.3129669045192482e-07,3.357189245375903e-14,0.0020165382240333687,4.950920288283109e-06,3.3914396487007345e-12,1.1061360128401634e-07,3.7451154941156187e-10,2.545279338551857e-09,2.573951231248016e-11,3.7727691440289437e-10,2.479772262360272e-07,1.1401440931688517e-05,1.1092893856470828e-07,0.9979557120900212
92,1.6871666024378227e-06,5.538516712847294e-07,6.490829530084072e-10,1.0876656627104084e-09,2.725063387420073e-06,1.3542450715278854e-09,4.001855465108883e-06,2.1895223898919992e-11,1.536487808069559e-07,4.317491492649078e-08,1.525308325788584e-06,2.3129669045192482e-07,3.357189245375903e-14,0.0020165382240333687,4.950920288283109e-06,3.3914396487007345e-12,1.1061360128401634e-07,3.7451154941156187e-10,2.545279338551857e-09,2.573951231248016e-11,3.7727691440289437e-10,2.479772262360272e-07,1.1401440931688517e-05,1.1092893856470828e-07,0.9979557120900212
93,1.6871666024378227e-06,5.538516712847294e-07,6.490829530084072e-10,1.0876656627104084e-09,2.725063387420073e-06,1.3542450715278854e-09,4.001855465108883e-06,2.1895223898919992e-11,1.536487808069559e-07,4.317491492649078e-08,1.525308325788584e-06,2.3129669045192482e-07,3.357189245375903e-14,0.0020165382240333687,4.950920288283109e-06,3.3914396487007345e-12,1.1061360128401634e-07,3.7451154941156187e-10,2.545279338551857e-09,2.573951231248016e-11,3.7727691440289437e-10,2.479772262360272e-07,1.1401440931688517e-05,1.1092893856470828e-07,0.9979557120900212
94,1.6871666024378227e-06,5.538516712847294e-07,6.490829530084072e-10,1.0876656627104084e-09,2.725063387420073e-06,1.3542450715278854e-09,4.001855465108883e-06,2.1895223898919992e-11,1.536487808069559e-07,4.317491492649078e-08,1.525308325788584e-06,2.3129669045192482e-07,3.357189245375903e-14,0.0020165382240333687,4.950920288283109e-06,3.3914396487007345e-12,1.1061360128401634e-07,3.7451154941156187e-10,2.545279338551857e-09,2.573951231248016e-11,3.7727691440289437e-10,2.479772262360272e-07,1.1401440931688517e-05,1.1092893856470828e-07,0.9979557120900212
