,0,1,2,3,4,5,6,7,8,9,10,11,12,13,14,15,16,17,18,19,20,21,22,23,24
0,2.6980331441890626e-06,1.2069223850215247e-07,4.815402881586843e-10,1.57620512855699e-08,3.9397928151920266e-08,1.5169512484021836e-07,8.665260353843198e-06,3.9854723246895e-11,1.5472212147876029e-06,3.520271535781765e-05,1.438788273866157e-07,6.153821113725313e-08,1.2348796172923704e-10,0.008236777138474916,3.62545970799235e-07,1.2112500996411777e-08,1.1614509438151215e-06,0.0004012202728218992,3.0169091780916444e-09,2.622694316495947e-07,2.682891787470411e-06,9.811021118010734e-05,5.917512671546338e-05,1.7964585314913438e-07,0.9911514064780756
1,4.063448290056554e-06,1.8112647907887917e-07,5.242850539782349e-10,1.9898814244229068e-08,6.435663943954108e-08,1.507663378019914e-07,1.0208444505745649e-05,5.6661063286895085e-11,4.023044867094388e-06,5.6771753954667886e-05,1.711649202895013e-07,5.356499026540894e-08,1.4939447259162486e-10,0.007450696027546432,4.064151765561625e-07,2.1447001224499224e-08,1.303454224886338e-06,0.00036206017283828203,3.745551799053485e-09,2.263695855994123e-07,1.984250000898476e-06,9.920173903567962e-05,5.4732362415077255e-05,2.5153201608598203e-07,0.9919534041844682
2,1.5011983459624865e-06,5.5460623852269336e-08,2.02580518466101e-10,8.476012596891735e-09,3.2231586076412544e-08,5.124477181746942e-08,5.701569916192605e-06,2.3603806831443638e-11,1.803003623449894e-06,2.5623781582198455e-05,6.986893214141199e-08,1.851914833080443e-08,4.793535399099853e-11,0.005375896634377303,2.341079278166289e-07,5.219642650711574e-09,4.557996378534441e-07,0.0001851702961058838,1.4212009251051314e-09,1.89067054081829e-07,1.073152227612994e-06,7.834493867811975e-05,4.152130101650551e-05,1.3214988963108774e-07,0.9942821102835793
3,2.602490663757582e-06,1.3030058426293853e-07,4.4055467923789204e-10,1.5950346068132563e-08,4.306788729292205e-08,1.1477386063778696e-07,7.369706107329457e-06,3.179965707160864e-11,1.5734465288356302e-06,2.9959211236066876e-05,1.608499870914343e-07,6.052816052048769e-08,1.1251445821735386e-10,0.008816930039873336,3.361390211472395e-07,1.0013306557883335e-08,1.1407727125000409e-06,0.00038967886909217775,2.2408218518343593e-09,1.7824370324325735e-07,2.347328465846036e-06,9.242293114698098e-05,5.303189436237857e-05,1.7563598548408293e-07,0.9906017149812778
4,2.8368880625623697e-06,1.7785596653618529e-07,5.085576176718253e-10,1.8650040837776887e-08,5.3031438842348386e-08,1.262752076937407e-07,7.36891901433056e-06,3.321453488085072e-11,1.6560395446143507e-06,2.9525101359113142e-05,2.2485940325210223e-07,9.484810439815478e-08,1.7776609576186222e-10,0.011349063163753375,3.1200378788870513e-07,1.0941244144374698e-08,1.4572490685905373e-06,0.00048120128037192116,2.593334138445205e-09,1.8169909453089803e-07,2.655574639475816e-06,0.000100129856450547,5.744816400100995e-05,1.781513264012197e-07,0.9879652761352476
5,2.824178993017467e-06,7.883699083161346e-08,3.5810394108144116e-10,1.7980586486301703e-08,3.123253533520503e-08,8.019890590743525e-08,6.370260276327692e-06,3.031643766925773e-11,1.2998105139874843e-06,2.972213213773595e-05,1.3252277173673826e-07,5.990823510759731e-08,9.574688467081476e-11,0.008572850845107043,2.1713427089555707e-07,9.772163905450913e-09,1.1011421230176835e-06,0.0006610665624934574,1.3281370686345069e-09,2.0868686552258998e-07,2.103753870260588e-06,7.382482973145636e-05,5.233231415218049e-05,2.045630880332363e-07,0.9905954615218835
6,2.602490663757582e-06,1.3030058426293853e-07,4.4055467923789204e-10,1.5950346068132563e-08,4.306788729292205e-08,1.1477386063778696e-07,7.369706107329457e-06,3.179965707160864e-11,1.5734465288356302e-06,2.9959211236066876e-05,1.608499870914343e-07,6.052816052048769e-08,1.1251445821735386e-10,0.008816930039873336,3.361390211472395e-07,1.0013306557883335e-08,1.1407727125000409e-06,0.00038967886909217775,2.2408218518343593e-09,1.7824370324325735e-07,2.347328465846036e-06,9.242293114698098e-05,5.303189436237857e-05,1.7563598548408293e-07,0.9906017149812778
7,3.7333120992027833e-06,2.2994211423787533e-07,8.593037610705294e-10,2.137600211568258e-08,6.580277309025687e-08,1.70509675705459e-07,8.758217497036121e-06,4.146275832122612e-11,1.8868106449352342e-06,3.698746685532745e-05,2.7714453870340644e-07,9.084004039223112e-08,2.0547041594471473e-10,0.01129859008070066,4.472858842809554e-07,1.2146199023036857e-08,1.5118892761831227e-06,0.0004808583635273226,3.493055958656723e-09,2.14648918514924e-07,3.118898643056895e-06,0.00012301598841749835,5.634628411728672e-05,2.574333646705276e-07,0.9879834009594178
8,4.454508113242039e-06,3.1828707780342574e-07,7.914848929542331e-10,2.3897986923530143e-08,7.597775505393823e-08,3.242862878809084e-07,1.221376242547528e-05,7.086126001079964e-11,2.0110330331810094e-06,3.8341713303533086e-05,2.8155964488442995e-07,2.3478016447451223e-07,3.716702194465677e-10,0.012134071971700196,3.8386291764260307e-07,2.591997551135078e-08,2.9140010601653413e-06,0.000713850521145103,7.212697321319218e-09,3.080635733313702e-07,4.943793273178165e-06,0.00013646376706932762,8.239908079039824e-05,1.2789660147227244e-07,0.9868662228693875
9,2.456148233311995e-06,1.7962054424176285e-07,3.110217678180925e-10,1.0673117162286475e-08,4.5071877855269706e-08,1.0997060375554434e-07,8.24963452024875e-06,2.631446260793894e-11,1.270533724001005e-06,1.914329962611203e-05,1.3694345031249595e-07,8.87214939529444e-08,1.1565909759419417e-10,0.006842914398010681,2.645112418101191e-07,9.274411342254227e-09,1.0583566378947483e-06,0.0003717911868475484,2.7069315769646354e-09,1.1842375461660385e-07,2.2272215690304083e-06,7.201965142108152e-05,4.2317227523486e-05,8.081343264124412e-08,0.992635505158032
10,2.602490663757582e-06,1.3030058426293853e-07,4.4055467923789204e-10,1.5950346068132563e-08,4.306788729292205e-08,1.1477386063778696e-07,7.369706107329457e-06,3.179965707160864e-11,1.5734465288356302e-06,2.9959211236066876e-05,1.608499870914343e-07,6.052816052048769e-08,1.1251445821735386e-10,0.008816930039873336,3.361390211472395e-07,1.0013306557883335e-08,1.1407727125000409e-06,0.00038967886909217775,2.2408218518343593e-09,1.7824370324325735e-07,2.347328465846036e-06,9.242293114698098e-05,5.303189436237857e-05,1.7563598548408293e-07,0.9906017149812778
11,2.849338745154046e-06,1.609726886921382e-07,5.164755769426764e-10,1.8589621942446657e-08,4.873618827662718e-08,1.390057051881448e-07,8.153290505645277e-06,3.891839483323035e-11,1.7342582243319066e-06,3.1598872146744565e-05,1.8968472103467905e-07,8.043376593240373e-08,1.5761922031569651e-10,0.009923269343165711,3.5175412252638135e-07,1.2086066930552964e-08,1.4403763781849417e-06,0.00044272393219803763,2.7194466827428472e-09,1.9940883984563003e-07,2.5915011308659707e-06,0.00010284531789972523,5.8698713781750176e-05,1.816637076315364e-07,0.989422709287936
12,2.2665164440946442e-06,1.2336057430335938e-07,3.753409298748679e-10,1.3689326162691262e-08,4.411784643747123e-08,9.859440424794989e-08,6.634163320871839e-06,2.5281840922579722e-11,1.3667539053944232e-06,2.4179424620355584e-05,1.4115217726394537e-07,5.864731700188968e-08,9.938091966862016e-11,0.008468427606578637,2.8298765404959567e-07,8.28725093894272e-09,9.14991668852122e-07,0.00037939723765564843,1.8844300536950215e-09,1.613819480741654e-07,2.098459534778794e-06,7.380237487736549e-05,4.843778993605737e-05,1.415716809372662e-07,0.9909913985068449
13,3.4397161109828382e-06,2.6343254300822796e-07,8.516714871664158e-10,3.9695465481809074e-08,1.0839471077855718e-07,1.550012504285757e-07,6.532706198414773e-06,2.285789970497871e-11,1.51816626380361e-06,2.555661007442272e-05,1.3380326540986163e-06,1.5753941339498966e-07,3.2296512766052906e-10,0.02536087229880823,7.481020570758257e-07,1.2557328878393477e-08,2.138186294404514e-06,0.0005422288828136264,3.0616094775312033e-09,1.39004595387057e-07,5.103029324301448e-06,0.0001113268215510329,0.00012316131190280284,4.3718601351006387e-07,0.9738147190655219
14,4.275861217504163e-06,6.083384848062015e-07,7.972753338306487e-10,1.5376667849223555e-08,1.3234620425448254e-07,3.38984150133363e-07,1.1228159403682521e-05,2.61584036772352e-11,1.1737301535921481e-06,3.168999670593785e-05,5.230077789509437e-07,3.3526863058153647e-07,4.328436139671836e-10,0.01643144549420899,4.3128436799441085e-07,2.0497456007119826e-08,1.5757059884766798e-06,0.0005747320870110194,1.1171669763064144e-08,1.879489300297663e-07,5.539246457487092e-06,9.591209089337314e-05,5.1843756944710116e-05,1.233733424743671e-07,0.9827878550170549
15,2.602490663757582e-06,1.3030058426293853e-07,4.4055467923789204e-10,1.5950346068132563e-08,4.306788729292205e-08,1.1477386063778696e-07,7.369706107329457e-06,3.179965707160864e-11,1.5734465288356302e-06,2.9959211236066876e-05,1.608499870914343e-07,6.052816052048769e-08,1.1251445821735386e-10,0.008816930039873336,3.361390211472395e-07,1.0013306557883335e-08,1.1407727125000409e-06,0.00038967886909217775,2.2408218518343593e-09,1.7824370324325735e-07,2.347328465846036e-06,9.242293114698098e-05,5.303189436237857e-05,1.7563598548408293e-07,0.9906017149812778
16,3.5509179587074105e-06,2.7808485605426575e-07,8.519247229520982e-10,2.1684020508156202e-08,9.218851262570646e-08,2.3289995220869723e-07,1.0877178992030544e-05,6.510505185148005e-11,4.784477823443948e-06,2.9121723472120294e-05,2.736584164651394e-07,4.859795564490536e-08,2.225638176529388e-10,0.009428663169655314,8.316597447030278e-07,1.5255415948868512e-08,1.5227154825526948e-06,0.0002094361098221813,4.8626244038373526e-09,2.1191114850944583e-07,1.517864667966519e-06,0.00012773024098797553,8.916995726341945e-05,3.0716505506473425e-07,0.9900913065365785
17,2.0141679528704787e-06,7.443723395312622e-08,2.109843120812952e-10,9.45450495826523e-09,2.3375662097761537e-08,3.383974532509124e-08,3.782168101581351e-06,2.0844803265040158e-11,6.134143344698286e-07,1.3903452652820612e-05,9.770135515079121e-08,1.134213028518199e-07,9.099209001538829e-11,0.009019573179942028,9.185171679488795e-08,4.311601053614344e-09,1.0561036554583953e-06,0.0007270114673771127,1.3155668152959667e-09,1.310076611464007e-07,2.206077500841306e-06,8.349499549368175e-05,4.184496320917807e-05,6.716356787275752e-08,0.9901038518070406
18,1.2210972145147714e-05,1.0993782199112536e-06,3.4058777615647586e-08,7.19013452856284e-07,2.6954498829682895e-06,3.744762672175675e-06,5.5972036183346404e-05,4.018066673717133e-10,1.420912413127242e-05,0.0002654712123995948,4.809788020599523e-06,1.256982927641131e-07,1.1626726059219418e-09,0.048062895118929076,2.2224581627331858e-05,2.1529549912363249e-07,2.928396717548411e-06,0.0004008533342518451,3.673166807311631e-08,1.3617280189632137e-06,3.2133349035566934e-05,0.00030292855697871244,0.000383403679568362,5.7103356388972375e-06,0.950424215833409
19,2.4337731146521154e-06,1.651782984614029e-07,7.179616731327178e-10,2.1739285936698057e-08,7.038629110633092e-08,1.1969482847344067e-07,9.387185649420504e-06,4.7009654959814786e-11,1.7119097049079386e-06,3.0132435220399893e-05,1.7531104881087959e-07,9.883705439742185e-08,1.8146740379756545e-10,0.011419267752776954,3.440296344150448e-07,1.0743805483258279e-08,1.291858042735111e-06,0.0004994582074750789,2.835534859136569e-09,2.3882468718773953e-07,2.705497901522189e-06,0.0001327137805967392,4.824030324324292e-05,1.6235932510423608e-07,0.9878512464100414
20,1.9740310876815734e-06,1.062600748755113e-07,6.138382640012262e-10,2.343543065316563e-08,4.8408306838018754e-08,1.2696813496434128e-07,1.1434803067060485e-05,5.104620410206958e-11,1.5940138523036664e-06,3.380944247401027e-05,2.246179606344568e-07,3.470847431996915e-08,9.067501018515407e-11,0.008137531951360036,1.0555132270775614e-06,9.68883012289409e-09,1.100310736525777e-06,0.00018045498540132323,3.3126726386678956e-09,1.8844858269606628e-07,3.886826034071633e-06,0.00016914037269140107,7.963280367093443e-05,2.642741008109318e-07,0.9913773540682695
21,3.0929146706534543e-06,1.4425120030318374e-07,3.6227100040004444e-10,1.4928214457865342e-08,5.3772029738051034e-08,7.289286634389499e-08,4.548739172992118e-06,1.860163089413289e-11,9.0433952527283e-07,3.2155000300724004e-05,1.9299728133088128e-07,1.1511939682568632e-07,1.1918930593836745e-10,0.011054187632423829,1.5977678254915154e-07,8.611167763165938e-09,9.192162553441012e-07,0.0007124196308488597,1.952176618610186e-09,1.532532145728239e-07,3.781157052346853e-06,6.304727157253735e-05,3.971315522785436e-05,1.2707501192593563e-07,0.9880841858135452
22,4.530522870751553e-06,1.5141584355638206e-07,8.94366920389979e-10,3.6652366743557815e-08,4.812479960380625e-08,1.7839672737341915e-07,7.228327779225645e-06,4.574862223011441e-11,1.5058396198381189e-06,6.108985778091055e-05,3.795352882027988e-07,1.3307102403554912e-07,1.8107165177478273e-10,0.016534832432440135,4.5127804753006026e-07,1.7934550320966367e-08,2.8559249153808196e-06,0.0009216245436578679,2.7224554905562977e-09,2.6741140817579894e-07,5.845350160302431e-06,0.00016173916759255257,7.556216018898287e-05,3.7156528011969e-07,0.9822211466440158
23,2.602490663757582e-06,1.3030058426293853e-07,4.4055467923789204e-10,1.5950346068132563e-08,4.306788729292205e-08,1.1477386063778696e-07,7.369706107329457e-06,3.179965707160864e-11,1.5734465288356302e-06,2.9959211236066876e-05,1.608499870914343e-07,6.052816052048769e-08,1.1251445821735386e-10,0.008816930039873336,3.361390211472395e-07,1.0013306557883335e-08,1.1407727125000409e-06,0.00038967886909217775,2.2408218518343593e-09,1.7824370324325735e-07,2.347328465846036e-06,9.242293114698098e-05,5.303189436237857e-05,1.7563598548408293e-07,0.9906017149812778
24,2.4934938699600284e-06,1.548950741057619e-07,4.934734942515798e-10,2.7694059935247262e-08,9.012678669093626e-08,1.0543236843464176e-07,7.221944809684115e-06,3.3291315805280636e-11,1.5416898245067084e-06,2.6974629971277197e-05,2.436314827820979e-07,1.2551648225090357e-07,2.2063249738995396e-10,0.01647280672169974,2.467830834570046e-07,1.4553636222601106e-08,1.2316706902053652e-06,0.0006888035477854126,2.1241736641015257e-09,2.0511470545587002e-07,2.625855400774555e-06,7.586157450035728e-05,6.435223575319565e-05,1.6254853373975377e-07,0.982654707467911
25,4.394340712691766e-06,1.1926801290467375e-07,7.767904596685186e-10,4.6059347417148424e-08,8.328064699315793e-08,1.127436116787545e-07,1.203142046081034e-05,7.094746758468837e-11,1.6320611772267472e-06,4.7473056680934426e-05,4.273422459393055e-07,1.1094154740904832e-07,2.384274368513018e-10,0.013528665863513962,5.144708231165934e-07,2.4781931300361074e-08,1.746012415629532e-06,0.0008432133684126627,3.751657629021052e-09,2.915140545592388e-07,5.2413822614720526e-06,0.00013214646674519862,0.00010019766812747442,3.112093897734725e-07,0.9853212119100577
26,3.976948315545116e-06,1.1333106664615224e-07,3.520777451491758e-10,1.911792001434824e-08,3.649781347412139e-08,1.0241620879178454e-07,6.0015911444781276e-06,4.570988176423503e-11,4.652684006585919e-06,2.029482667301787e-05,1.5618380752449014e-07,2.7503810758493624e-08,9.885155891876639e-11,0.005222364840978127,3.753532311366179e-07,8.916066259009922e-09,1.2980859614053664e-06,0.0002635125002984242,1.4118385450477533e-09,1.8301763557552048e-07,1.1255239602915235e-06,6.27324623879993e-05,0.00010486553941909672,4.291288153230853e-07,0.9943077216220018
27,1.5652722255149713e-06,8.078710571554715e-08,2.3705122645292693e-10,9.42653924459997e-09,2.7423122894472095e-08,7.387776855152662e-08,7.455742592932889e-06,2.7193448086758973e-11,2.3076638057086983e-06,2.734491181289475e-05,9.13422151181074e-08,2.1960898355145487e-08,5.996574624812495e-11,0.005597608564125332,3.6524521219442944e-07,6.537882003493604e-09,7.673075790558465e-07,0.00016053426146836976,1.6310200840334608e-09,1.5162208595553495e-07,1.0696702690899235e-06,0.00010307575808896427,4.3522942803232675e-05,1.6766934182185639e-07,0.9940537500578266
28,2.602490663757582e-06,1.3030058426293853e-07,4.4055467923789204e-10,1.5950346068132563e-08,4.306788729292205e-08,1.1477386063778696e-07,7.369706107329457e-06,3.179965707160864e-11,1.5734465288356302e-06,2.9959211236066876e-05,1.608499870914343e-07,6.052816052048769e-08,1.1251445821735386e-10,0.008816930039873336,3.361390211472395e-07,1.0013306557883335e-08,1.1407727125000409e-06,0.00038967886909217775,2.2408218518343593e-09,1.7824370324325735e-07,2.347328465846036e-06,9.242293114698098e-05,5.303189436237857e-05,1.7563598548408293e-07,0.9906017149812778
29,2.602490663757582e-06,1.3030058426293853e-07,4.4055467923789204e-10,1.5950346068132563e-08,4.306788729292205e-08,1.1477386063778696e-07,7.369706107329457e-06,3.179965707160864e-11,1.5734465288356302e-06,2.9959211236066876e-05,1.608499870914343e-07,6.052816052048769e-08,1.1251445821735386e-10,0.008816930039873336,3.361390211472395e-07,1.0013306557883335e-08,1.1407727125000409e-06,0.00038967886909217775,2.2408218518343593e-09,1.7824370324325735e-07,2.347328465846036e-06,9.242293114698098e-05,5.303189436237857e-05,1.7563598548408293e-07,0.9906017149812778
30,2.602490663757582e-06,1.3030058426293853e-07,4.4055467923789204e-10,1.5950346068132563e-08,4.306788729292205e-08,1.1477386063778696e-07,7.369706107329457e-06,3.179965707160864e-11,1.5734465288356302e-06,2.9959211236066876e-05,1.608499870914343e-07,6.052816052048769e-08,1.1251445821735386e-10,0.008816930039873336,3.361390211472395e-07,1.0013306557883335e-08,1.1407727125000409e-06,0.00038967886909217775,2.2408218518343593e-09,1.7824370324325735e-07,2.347328465846036e-06,9.242293114698098e-05,5.303189436237857e-05,1.7563598548408293e-07,0.9906017149812778
31,4.15102109427e-06,1.2240398718425235e-07,5.737969024918074e-10,1.498479838213074e-08,4.5122288288254085e-08,7.949208376170436e-08,5.582746635081571e-06,4.9633104564049596e-11,1.4058560514798294e-06,2.7373390450803258e-05,1.1276289754981802e-07,8.093762392743903e-08,1.254840492032202e-10,0.006692579329602984,1.8568648765657272e-07,8.517934803265803e-09,1.0798122513382542e-06,0.0006422183706138206,2.6467516313444835e-09,2.3676089298282473e-07,2.592232541767935e-06,9.768262422653138e-05,4.698860580771099e-05,1.514961366447826e-07,0.9924773044499273
32,2.6236758396820264e-06,1.3740359398669405e-07,4.6513287988764533e-10,1.4379752402881625e-08,4.584617228788615e-08,1.19468268334705e-07,7.846550002918933e-06,3.559784670547213e-11,1.5141658219082203e-06,2.9549592677311933e-05,1.6114422058825518e-07,6.493726118578481e-08,1.250575360000885e-10,0.008530497152702664,3.545082460486348e-07,1.0540682341198779e-08,1.1066713853018768e-06,0.0003665182955274888,3.0066071527554165e-09,1.958164383300067e-07,2.3999551690560903e-06,0.00010209100195015817,5.4028605823093784e-05,1.5581297210851712e-07,0.9909005608430974
33,2.880252807990429e-06,1.6271741266481708e-07,4.767646637503002e-10,1.9191654019988048e-08,3.88344039283309e-08,1.5105070636214175e-07,8.687320212474036e-06,4.270451847945576e-11,1.8791983824776995e-06,3.856164568280784e-05,1.880220990795003e-07,1.1557401353897636e-07,2.0713012288495056e-10,0.012880100083858483,2.6846677848096546e-07,1.5057587103420184e-08,2.3136915390892666e-06,0.00062268790478505,2.6440261796957236e-09,2.1856875983880418e-07,2.279803282090641e-06,0.00014430221814545232,5.3781224947071406e-05,1.6893366932573559e-07,0.9862411768686473
34,4.434764335854432e-06,1.8035466692087927e-07,3.832837304514886e-10,5.830960729115782e-09,5.517315011173986e-08,3.933539226053939e-08,3.2915829186370417e-06,1.9515673948321172e-11,2.075563827232747e-06,1.9310057965386038e-05,2.202714934152389e-07,3.251689084857364e-08,9.259453009355016e-11,0.005451717890845281,2.66174741544025e-07,3.4603888820090607e-09,4.713007269566666e-07,0.00017195452866949375,4.421221896474972e-09,9.396437904646727e-08,1.1983464803802853e-06,9.120512942972415e-05,4.0739341419611445e-05,2.0889310138726596e-07,0.9942124906016004
35,3.2296181912787945e-06,1.281725518518352e-07,3.7546192539130074e-10,1.3127729320625912e-08,3.461297108999813e-08,8.7892247493116e-08,6.5196340557275655e-06,3.349398014340054e-11,1.6481811150598318e-06,3.097771263574991e-05,1.252647615695335e-07,6.54485751126712e-08,1.0434770648590798e-10,0.0072289852773239375,2.2862241910031348e-07,9.427313103940779e-09,1.2012992468708543e-06,0.0004809385028262428,2.110968681194339e-09,1.6240388304625512e-07,1.978835220939284e-06,9.113968872381436e-05,4.178969357195381e-05,1.52533827695652e-07,0.9921105814265369
36,2.650624672543416e-06,1.3154624896808116e-07,4.558907900602333e-10,1.605472076075966e-08,4.5258946501899484e-08,1.1285697272308473e-07,7.227483656289366e-06,3.063877667132068e-11,1.5258298508827872e-06,2.96917154062603e-05,1.6649522221123341e-07,5.879586264471304e-08,1.0975899641479405e-10,0.008766174090162636,3.4402478932350305e-07,9.663203797260038e-09,1.0622376456540406e-06,0.0003851409481253463,2.2468849217888806e-09,1.7583071672026826e-07,2.4414664692792414e-06,8.844890417485878e-05,5.2927297625364394e-05,1.810669183812764e-07,0.9906614649654353
37,4.002045871192479e-06,8.440094418063834e-08,5.315715179464714e-10,2.1916093457446462e-08,3.4484943863374277e-08,6.572505473563641e-08,4.799816018380493e-06,2.0737989785404137e-11,1.0859050165165942e-06,3.0107426287696574e-05,2.557512442247523e-07,5.8264653969765385e-08,8.73049569126862e-11,0.010864390203579684,2.945225511561516e-07,7.292130678239604e-09,1.01622835769006e-06,0.0007834736991896203,1.1504339103274245e-09,1.6434935214845345e-07,2.376327686846498e-06,7.524323526250648e-05,5.081047908481602e-05,4.688100666155412e-07,0.9881812373265616
38,3.644692323059161e-06,2.070214236189342e-07,8.484902089622436e-10,3.660313614141067e-08,5.614286169997588e-08,6.931765644368995e-07,2.3991802294980608e-05,9.39125657627079e-11,1.627172413898338e-06,5.1782492042573745e-05,3.37145606115061e-07,1.3598059802885534e-07,3.433001973974346e-10,0.011986440179008654,1.0062511576452004e-06,5.475052683115635e-08,3.049718873509071e-06,0.0005449421802072043,8.325846201912366e-09,4.29449423009667e-07,6.585400569932651e-06,0.00012999674873606166,0.00014647010491023162,2.239618926613705e-07,0.9870982794138805
39,3.5635218697253845e-06,2.0401335815966522e-07,5.827353273412748e-10,1.67254364965442e-08,6.842590645235928e-08,1.0915569406228206e-07,6.008055646401868e-06,2.321159285977778e-11,2.2410092579282624e-06,3.6080587481659294e-05,2.773285262153964e-07,7.231775838626287e-08,1.452538060591982e-10,0.013221434409891928,3.2163061619032027e-07,9.22806782909946e-09,1.1444589127939528e-06,0.0004647946574263588,2.358423857849816e-09,1.6062149198546997e-07,1.944017997536359e-06,9.626682290917436e-05,4.4354889044057146e-05,2.709045507566242e-07,0.9861206541085314
40,2.5973903963230162e-06,1.3071133128196808e-07,4.4210514797859226e-10,1.5896563153955077e-08,4.320349175847584e-08,1.1479838559275538e-07,7.356865704894721e-06,3.16709480682982e-11,1.5672093218147922e-06,2.9896724681948323e-05,1.6087697741294763e-07,6.065388551174605e-08,1.1249177414981534e-10,0.008831633173603401,3.363318832497779e-07,9.96806068717475e-09,1.1370486040067885e-06,0.00038915353592943196,2.244981165584467e-09,1.780694040622051e-07,2.3477767240470726e-06,9.250682601762302e-05,5.280722204502395e-05,1.7518406698895206e-07,0.9905877677016728
41,3.529458739196268e-06,6.228087056862479e-07,9.500571888984579e-10,4.4156905179528404e-08,2.0185366767253493e-07,3.7306518902770116e-07,1.2194112131021337e-05,5.899198582973311e-11,1.1239799683038088e-05,5.3576222399464835e-05,2.57578815798504e-07,6.369841522946419e-08,2.8086200428419733e-10,0.012731042937430388,6.08566388960176e-07,2.6327260218969268e-08,1.856803682630471e-06,0.00026391499865577507,2.37735242569077e-09,1.6712645340064924e-07,1.8137780189655572e-06,7.178974579031408e-05,6.123043333037117e-05,3.3202400285712676e-07,0.9867851108370713
42,4.354714743517472e-06,2.6089616966198556e-07,1.9551646558571165e-09,2.7430321104161588e-08,7.707315249509352e-08,2.574932114250607e-07,1.464478603636401e-05,2.0447926401428362e-10,2.633048805768756e-06,0.00010913309238145165,2.5302832017904405e-07,1.5445581725362998e-07,2.929435577546421e-10,0.011964039766212851,9.666618207257876e-07,2.507664399167077e-08,3.6375334898590694e-06,0.0003348908019835567,2.1556285444418943e-08,4.990640074170274e-07,8.67444553795934e-06,0.0008785706384290492,6.366857841370322e-05,2.323850684810988e-07,0.9866129750205602
43,3.7253894252176832e-06,9.529306803828556e-08,6.388380412682053e-10,2.0283811642737416e-08,4.206000606472888e-08,1.679613106137523e-07,1.0819960828045779e-05,9.108975961246164e-11,4.213639817437124e-06,0.00015645617730030112,1.0921798245804358e-07,2.3104990774122562e-08,9.300757940629293e-11,0.007113907792480767,5.016330376089254e-07,1.9455148967601697e-08,1.1626594400008294e-06,0.00026590830803386326,4.7095793614244135e-09,5.398842042272189e-07,3.131508879393178e-06,0.00020498433314873474,5.785078272587979e-05,3.429037768628076e-07,0.9921759721180684
44,2.602490663757582e-06,1.3030058426293853e-07,4.4055467923789204e-10,1.5950346068132563e-08,4.306788729292205e-08,1.1477386063778696e-07,7.369706107329457e-06,3.179965707160864e-11,1.5734465288356302e-06,2.9959211236066876e-05,1.608499870914343e-07,6.052816052048769e-08,1.1251445821735386e-10,0.008816930039873336,3.361390211472395e-07,1.0013306557883335e-08,1.1407727125000409e-06,0.00038967886909217775,2.2408218518343593e-09,1.7824370324325735e-07,2.347328465846036e-06,9.242293114698098e-05,5.303189436237857e-05,1.7563598548408293e-07,0.9906017149812778
45,2.8431789180081147e-06,1.399315659514904e-07,1.2533592609269859e-09,5.801762341479181e-08,7.856857074488073e-08,5.512492977690854e-07,3.429471314819822e-05,1.556691898012155e-10,3.7379643481024185e-06,7.914103858872214e-05,2.7534831926690366e-07,4.2972700867806325e-08,1.8340334762784232e-10,0.009877330814251507,2.6470856723863886e-06,5.245291855713437e-08,2.1560152244198373e-06,0.0002569333834727657,6.415569163728638e-09,4.798407773215285e-07,4.246727172976624e-06,0.000209664904314065,0.00012115667130070257,5.228881863863066e-07,0.989403638225627
46,1.4489809229171351e-05,3.508094817436346e-07,1.7886472973270455e-09,1.4410351066118135e-07,2.7327158598637486e-08,1.284182327471871e-06,1.6561865928597598e-05,3.475819030521539e-10,3.992802735206821e-06,9.79995725642734e-05,7.71754435010768e-07,6.547015529495048e-07,1.0711477449499303e-09,0.020945890041406342,7.992144411534743e-07,1.0989772154855969e-07,4.678619956650792e-05,0.002531423794442003,6.606908843889564e-09,6.393296544952906e-07,1.2298270684510606e-05,0.00038957087365920645,0.000299699769626163,9.134074638773362e-07,0.9756355824581247
47,3.811202850488822e-06,1.5223778638586393e-07,1.632211434397682e-10,2.3122547954154247e-09,1.0716720039340089e-08,4.041977333249391e-08,4.572973208485057e-06,2.9679382538508524e-11,1.1489262855542176e-06,2.666753197530006e-05,3.866667872860215e-08,1.139633475504822e-07,6.97465971886928e-11,0.0028051148831066855,7.447835745301678e-08,4.386513513978599e-09,1.4530281934088732e-06,0.0004016008243060597,4.281320990841076e-09,1.0499161314509344e-07,1.1710526454271991e-06,0.00019779866427718678,1.1413968896394819e-05,4.216201799618819e-08,0.9965446580652239
48,7.68975156972863e-06,9.415202838443399e-07,1.573401169931286e-09,6.31216611119169e-08,4.642809957079349e-08,2.928257465010891e-06,4.834043985751982e-05,5.030566390326049e-10,7.516678001235299e-06,7.53471750612851e-05,4.638082465586151e-07,4.5146260156069066e-07,1.4675585881824575e-09,0.014105075177333455,1.5658913947364732e-06,1.2571683178984558e-07,2.8523457999507444e-05,0.0006007437290613473,2.5378328315000478e-08,5.212994046940028e-07,7.053968120757542e-06,0.0004689786739030022,0.00022793908332074364,2.7514041548503085e-07,0.9844153802970224
49,2.8682095289428076e-06,2.1989359370054998e-07,1.0492139394508103e-09,1.7434517749196534e-08,5.51657491880965e-08,2.0535421616812674e-07,8.500414927662316e-06,4.157988176573052e-11,1.1854505313838477e-06,3.910599091220176e-05,1.9217960310799096e-07,1.6061957747881483e-07,1.9313043400390105e-10,0.01351903872988565,3.83742404327883e-07,1.0567587012112085e-08,1.8713649408377377e-06,0.0006063195838405396,4.313854844468146e-09,2.925601742521909e-07,4.170232693546161e-06,0.00019385641588933692,4.0099404276282566e-05,1.6242535102852524e-07,0.9855812786620204
50,1.054542770726512e-05,9.9065649062676e-07,4.0569764515007475e-09,2.0731336053748535e-07,2.4698667954557656e-07,1.7983171174664921e-06,1.1084577154677651e-05,1.0876602091911338e-10,3.8061941497635955e-06,3.912846479937834e-05,2.520721773267177e-06,8.894283683325303e-07,1.5023192608541937e-09,0.046587728165347043,1.3705349736757283e-06,6.604284584994547e-08,1.4566491332287402e-05,0.0016438786197113583,6.771476331611469e-09,4.3531614523737564e-07,1.7527188167051222e-05,0.00013340014214316916,0.0003897514510676987,1.0064403549233234e-06,0.9511390390807727
51,8.859172235038742e-06,1.2416980773144254e-06,3.9837844249795776e-09,2.023740036537874e-07,2.8997807616782816e-07,3.2886886877503226e-07,1.2869885675254285e-05,9.424983982957645e-11,1.2772475928142012e-05,0.00014394966899383644,9.845380134744634e-07,2.1453110502653449e-07,6.953276993434894e-10,0.041830911240689814,6.976233582296732e-07,2.4219369956745368e-08,7.735513019526388e-06,0.000889598182953332,2.402515656549535e-09,1.4119502414055963e-07,5.68279638720477e-06,0.00025822687024763087,4.25416102050777e-05,1.1996794223153472e-06,0.9567815207024684
52,4.95755426413742e-06,1.1211009687143314e-07,8.002774037907345e-10,3.793091494005422e-08,5.4136157683874744e-08,1.834292912174762e-07,8.7658116234858e-06,4.7042325326009985e-11,2.3006410594956617e-06,7.311785484950815e-05,3.5562060304864036e-07,7.796490142131577e-08,1.8951360768262666e-10,0.015130112342978912,4.4884076914631967e-07,2.5001575178558653e-08,1.9375145046217804e-06,0.0009271954171258899,2.501905913802276e-09,3.771997774201608e-07,3.104070652748934e-06,0.00011778017740016665,8.01524357924027e-05,5.707442632626735e-07,0.9836483296626592
53,8.316358968538894e-07,3.3783046876011903e-08,8.256132979792324e-11,1.3266442318363854e-08,1.883260336038696e-08,7.416161021598398e-08,1.933495769354471e-05,3.157491646791647e-11,1.951720757143734e-06,1.5529863796442035e-05,5.595209172176345e-08,1.239220063938694e-08,4.6141280359684126e-11,0.0037375329612315683,3.786762107463213e-07,1.1278845435013508e-08,5.341721038304144e-07,0.00015730816177005584,7.98012116584192e-10,1.3838605599071916e-07,7.800382520351712e-07,4.069658590382897e-05,7.308721417117031e-05,1.0139610658752221e-07,0.9959515736049199
54,2.1587918635443464e-06,1.3402346475382668e-07,2.396282813235189e-10,8.449064454381551e-09,3.0875352683441315e-08,7.631973959078479e-08,6.607312315259865e-06,2.2367011662510097e-11,1.3807481014565434e-06,2.3413385602560232e-05,9.037112384242161e-08,5.627355683741665e-08,8.113319626539431e-11,0.00639200828651581,1.999335955284688e-07,7.505203900504589e-09,8.858253719474095e-07,0.0003285545051218984,1.8509506004085907e-09,1.1078558684193778e-07,1.4752785093292893e-06,7.226984830694828e-05,3.12733165989708e-05,9.055444787317578e-08,0.9931391654164768
55,2.1687232971544084e-06,1.6867856730842904e-07,1.352426478089122e-10,5.381986954534334e-09,3.814237628344406e-08,2.8473032123602535e-08,4.147249337806029e-06,1.0739229153335416e-11,1.1494330703085553e-06,9.095508275088439e-06,6.894954745718253e-08,1.1160046133268407e-07,6.520893735226093e-11,0.004461728987037203,7.572575110384584e-08,4.074653269542989e-09,5.814610823365406e-07,0.0004806437677798224,1.0349631083549614e-09,4.7343923043300465e-08,9.859073197456034e-07,3.134462471825585e-05,1.5994121031416747e-05,4.4573655741858565e-08,0.9949915660269424
56,2.7372615472451584e-06,1.5678498130182152e-07,4.843867983882651e-10,1.65606391309771e-08,4.8000095483430793e-08,1.2146011993690292e-07,7.610208356280385e-06,3.347318216395118e-11,1.6592035244394327e-06,2.9440404054323978e-05,1.835940025877719e-07,7.462006356276102e-08,1.440395399734967e-10,0.009594058187124985,3.276519634276697e-07,1.0466828369416316e-08,1.2597033024115878e-06,0.0004286463391937063,2.4790624767575767e-09,1.8145074102275037e-07,2.3251524143564977e-06,9.593536297311223e-05,5.243635840575696e-05,1.745117789590124e-07,0.9897825935769275
57,2.9674777389857425e-06,2.2008329482686558e-07,8.395531196357871e-10,1.0349979274283856e-08,6.625542641205011e-08,1.3081948145473962e-07,7.202162137918841e-06,5.38372592176167e-11,9.624909249660822e-07,2.8488202789041194e-05,1.6377253388839557e-07,2.1202703721989123e-07,2.088794614847433e-10,0.009391345345337459,3.0977859153086073e-07,1.0103441067475977e-08,1.487509350199111e-06,0.00044715470564508415,1.0451458228512599e-08,2.782625610980964e-07,4.833980213479661e-06,0.0002343522805943988,4.3120751325671424e-05,7.46757779493033e-08,0.9898365974120901
58,2.9895677582669753e-06,1.3383789934586607e-07,5.568013677825396e-10,1.8821185955328584e-08,4.4662459309662054e-08,1.2340955786272563e-07,7.440054808387733e-06,3.419717792289872e-11,1.8053778624655093e-06,3.410517287798734e-05,2.0518484949669853e-07,5.654340592704663e-08,1.1868680000644872e-10,0.009291705786478715,4.387423186888962e-07,1.0464139768490264e-08,1.2374954645661126e-06,0.00038541053524285897,2.3516685047278624e-09,1.9406853157125165e-07,2.41747507281185e-06,0.00010446535922375636,5.7511110399373636e-05,2.7895029239166686e-07,0.9901094043188167
59,3.040096209831372e-06,1.2915642898412998e-07,6.255749894056639e-10,2.0620466421413647e-08,4.7499873489382944e-08,1.2240497389030863e-07,7.4268375616176174e-06,3.537288286421293e-11,1.853667226657598e-06,3.769415704858465e-05,2.1477580669968238e-07,5.2598937451927424e-08,1.1115906947493965e-10,0.00949879401355937,4.884784591341207e-07,1.0641021156294586e-08,1.194170500784404e-06,0.0003833913220915719,2.3194830496148698e-09,2.0455084054397689e-07,2.6280337613153585e-06,0.00010790993406476256,5.79194601381849e-05,3.263247528261284e-07,0.9898965281646868
60,2.602490663757582e-06,1.3030058426293853e-07,4.4055467923789204e-10,1.5950346068132563e-08,4.306788729292205e-08,1.1477386063778696e-07,7.369706107329457e-06,3.179965707160864e-11,1.5734465288356302e-06,2.9959211236066876e-05,1.608499870914343e-07,6.052816052048769e-08,1.1251445821735386e-10,0.008816930039873336,3.361390211472395e-07,1.0013306557883335e-08,1.1407727125000409e-06,0.00038967886909217775,2.2408218518343593e-09,1.7824370324325735e-07,2.347328465846036e-06,9.242293114698098e-05,5.303189436237857e-05,1.7563598548408293e-07,0.9906017149812778
61,3.297431190388292e-06,1.3486924915174946e-07,7.099224296567672e-10,2.289837649332926e-08,5.058667350177739e-08,1.3603849833954687e-07,7.586381303427616e-06,3.996002015196826e-11,1.792946072690784e-06,3.922675596542777e-05,2.2113680285867653e-07,5.909855075503255e-08,1.225081278396489e-10,0.010135081368449178,4.875845392075571e-07,1.1458277798842022e-08,1.3082264844761695e-06,0.0004362634039334352,2.4822868622442653e-09,2.2387782182754156e-07,2.95246488492886e-06,0.00011369438660059583,6.114966378697492e-05,3.203022425002296e-07,0.9891959757656186
62,2.602490663757582e-06,1.3030058426293853e-07,4.4055467923789204e-10,1.5950346068132563e-08,4.306788729292205e-08,1.1477386063778696e-07,7.369706107329457e-06,3.179965707160864e-11,1.5734465288356302e-06,2.9959211236066876e-05,1.608499870914343e-07,6.052816052048769e-08,1.1251445821735386e-10,0.008816930039873336,3.361390211472395e-07,1.0013306557883335e-08,1.1407727125000409e-06,0.00038967886909217775,2.2408218518343593e-09,1.7824370324325735e-07,2.347328465846036e-06,9.242293114698098e-05,5.303189436237857e-05,1.7563598548408293e-07,0.9906017149812778
63,2.5929115067975194e-06,1.433877263130697e-07,4.268797090711877e-10,1.468951337796743e-08,4.2934955239349365e-08,1.1143707128799859e-07,7.176910330373685e-06,2.994740180902815e-11,1.6078002707029086e-06,2.8676606369106285e-05,1.5614246111436006e-07,6.101473080586928e-08,1.1128931441256298e-10,0.00850791434646627,3.230340779944961e-07,9.26069561320055e-09,1.1235490183800493e-06,0.0003700207195124931,2.2044471781172385e-09,1.6095378119975528e-07,2.214148400718026e-06,9.052632613502007e-05,4.847392355923896e-05,1.6533869451612163e-07,0.9909384817921599
64,2.816473176037557e-06,1.4559227402318762e-07,5.8469378146463e-10,1.9747760469866906e-08,5.3913808258445496e-08,1.2410000647971253e-07,7.858061291796721e-06,3.7124200972197347e-11,1.4216137033014469e-06,3.296767870325097e-05,1.8513175896449303e-07,6.441617000293813e-08,1.1154174759398236e-10,0.008369742923337278,4.24280160680363e-07,9.87199943428365e-09,1.0608289176750144e-06,0.00036994728127532847,2.7404941384287214e-09,1.928043920103304e-07,4.002356406024785e-06,9.526616966526118e-05,5.8847284241037494e-05,1.9232695993619516e-07,0.9910546536701389
65,2.6080933749817975e-06,1.7223466220894336e-07,9.229371686775942e-10,2.8623122215155584e-08,6.374468837242143e-08,2.4366139205455926e-07,1.1229680666123924e-05,4.9333331708356237e-11,1.7660370894738013e-06,3.887346717865381e-05,2.6019618869849005e-07,5.7633992626392904e-08,1.4616088822791818e-10,0.01120594515913721,9.00385791461518e-07,1.4170155977273885e-08,1.4409335201109752e-06,0.0003002265646494776,3.413089895360957e-09,2.397960208362343e-07,4.169736832819011e-06,0.0001284010615981566,8.104944490658823e-05,2.926362922347667e-07,0.9882220122072184
66,3.513701323206083e-06,1.7251211796011963e-07,7.927146125166579e-10,2.6888862629160277e-08,8.587714377007377e-08,1.2175451051653198e-07,6.486513492263257e-06,3.0828015949356536e-11,1.5845931268014434e-06,5.171689786114133e-05,2.9692504848116584e-07,1.0323625481334385e-07,1.6311046293920562e-10,0.015087417234479325,3.379315257233507e-07,1.4283805276178995e-08,1.2893366205693414e-06,0.0006578542642771993,2.5936392976767184e-09,2.1385234470662038e-07,4.11277384739578e-06,0.0001103982431421581,4.9434638123993053e-05,2.6068621353103446e-07,0.9840245542755861
67,3.512327032697981e-06,1.7295763875467032e-07,5.319218785120807e-10,1.7500957142492804e-08,6.829461696734735e-08,8.751375215444369e-08,7.50399183752085e-06,4.021618915770632e-11,2.3793957740268926e-06,3.480585697645394e-05,1.641469534913366e-07,5.930134535285182e-08,1.1359746301732904e-10,0.007682377958195449,3.370374429040308e-07,1.1012502031658241e-08,1.0016633795054753e-06,0.00037473520162782686,2.7353483709616653e-09,1.4273304333628059e-07,2.171954457742756e-06,9.61703621761468e-05,4.212958292724568e-05,1.779064709349183e-07,0.9917519698798083
68,2.3646042125315126e-06,9.685899884239101e-08,4.790918054627952e-10,3.0666620364954367e-08,4.305254764529603e-08,1.3104632011657772e-07,8.797907611907331e-06,3.929873026411947e-11,1.157259864852354e-06,2.409751517895707e-05,2.0389219939033853e-07,1.5360071674567773e-07,2.182197724089938e-10,0.015085957515682858,1.9959165523691742e-07,1.428483533028385e-08,1.7807264888987078e-06,0.0011715001930567787,1.7513176692054881e-09,2.859817642441744e-07,3.677481338173086e-06,7.479808843873034e-05,8.796512726340006e-05,1.4661698972059725e-07,0.9835365955002873
69,2.955761574934816e-06,1.4074430251054886e-07,6.147844738749198e-10,1.7453295404111153e-08,3.832688960110681e-08,1.942944110269358e-07,8.500349089478165e-06,4.0418671345709025e-11,1.1731512048244998e-06,3.349575140084771e-05,2.3611163769934926e-07,9.918565619910494e-08,1.7542782675282406e-10,0.011639538705803918,4.2269416715562675e-07,1.148779049421817e-08,1.7045599369184394e-06,0.00048430013003620214,4.232188638842542e-09,3.1173282634590875e-07,4.158541335550448e-06,0.00013931574456361908,8.055689873442086e-05,2.0024100489767412e-07,0.9876026230715184
70,2.585128159335427e-06,1.3052193217536653e-07,4.824430093959568e-10,2.116127570228198e-08,4.8049917357945304e-08,1.4607608039799237e-07,8.411675308269929e-06,3.865121693331086e-11,1.9252485282635607e-06,3.4394238408523266e-05,1.7106808584188238e-07,6.701924457077464e-08,1.3874809508839997e-10,0.010345345886064223,3.5252141937891415e-07,1.3570300576938846e-08,1.3933456968911922e-06,0.00045193163687682085,2.151337426425291e-09,2.2557458572117982e-07,2.4320483840360264e-06,9.302259872217869e-05,6.378087041422671e-05,2.019351744228858e-07,0.9889933970142414
