,0,1,2,3,4,5,6,7,8,9,10,11,12,13,14,15,16,17,18,19,20,21,22,23,24
0,0.0010075645402042948,0.006636261638617812,0.0003177436798973735,0.0002632454547052571,6.34146976058733e-05,8.22443841201623e-05,0.0019319070080532183,3.8385778110355505e-09,4.944147745808977e-07,1.1669812258629285e-05,2.48170244552612e-05,0.00022040055402365783,4.75435512220684e-07,0.7918703531862575,5.146379800587665e-05,1.3621511428969057e-05,6.6887248761715036e-09,2.336091830019868e-05,2.0659198406060326e-06,1.2839489071185968e-08,2.6659575268667182e-05,6.88139035631872e-06,0.0005067369535630081,1.6970033862032602e-06,0.19693689773257242
1,0.0006014688040447033,0.0074756430595053535,0.00024550676253643936,0.00026034862662440485,4.769283973158814e-05,6.689488454825569e-05,0.0016387666210022239,4.190261558048369e-09,7.427662682440329e-07,1.8799935048083165e-05,1.2620895517446206e-05,0.00011694204952540703,3.2346987466267113e-07,0.7169809946143151,5.581735731008266e-05,1.6497632616017423e-05,4.59722556731188e-09,1.3288582101106378e-05,3.251457255214735e-06,1.2638432116957364e-08,3.0178268402527642e-05,7.044088235259337e-06,0.0003568110290136296,1.0555140784768875e-06,0.2720492893165265
2,0.0009689737035515091,0.00761862755680971,0.00012455161670927694,0.00024032415744705419,4.530912182430879e-05,5.64269955774817e-05,0.0015514242119918794,4.473931280004026e-09,2.868005912429791e-07,1.4632599415276439e-05,1.2170800351538972e-05,0.000163619325799728,2.801311335430284e-07,0.6814130270127053,9.912864216840122e-05,1.9334660358930835e-05,1.225106154175113e-08,1.7539344972166165e-05,2.6367005266878802e-06,8.768502730512555e-09,3.997843255439764e-05,1.303949953982988e-05,0.0011427266911768906,1.6645309389472195e-06,0.30645427197036035
3,0.0008072875295407315,0.008281731581542428,0.00019548125426960516,0.00030721684851336446,4.778481535818389e-05,5.242253615459171e-05,0.0014945177338080544,3.829665087148793e-09,3.2780929770007216e-07,1.3982280260031761e-05,1.5500634619929572e-05,0.00016346852508310444,3.547150855982648e-07,0.7140698127664716,4.4746944138204054e-05,1.063995027415638e-05,7.756768584406036e-09,2.4766312195969065e-05,1.8413807479536816e-06,1.0102793404678985e-08,3.275972351610975e-05,7.859259821799088e-06,0.0005890250536333058,1.6464735966728605e-06,0.27383680418284384
4,0.0006518248150596571,0.0077201625308220305,0.00019743016001900124,0.0002972517549212778,5.2961902949145416e-05,4.945300421355756e-05,0.0013548339662393081,3.4015967874072395e-09,3.060895240982445e-07,1.3653507644740873e-05,1.341004512438019e-05,0.00015028494468171603,4.3287733449945717e-07,0.7821010489777451,3.639453464667361e-05,9.457158504915987e-06,6.525827005256515e-09,2.1260819688762165e-05,1.6294147389243905e-06,9.620821042592456e-09,2.6471842197289157e-05,6.8892979471840955e-06,0.0005029377727238018,1.4998603465039937e-06,0.20679038517468248
5,0.0006863441970131121,0.008736370392999657,0.00017095629688152552,0.00039772058192271564,4.774302544568699e-05,4.794064470896871e-05,0.0012980925453153196,3.7455648313428846e-09,2.47112328103326e-07,1.5118317642008904e-05,1.4120484664914822e-05,0.0001507422389952572,3.7899821937765514e-07,0.7109958183365033,3.154451018878734e-05,8.308178782283632e-06,7.93569070599688e-09,3.437936802360679e-05,1.3919030121448211e-06,1.0319988619262714e-08,3.501198864034163e-05,7.139595086879428e-06,0.0006508131933187728,1.7888587836838235e-06,0.2766680072302794
6,0.0008072875295407315,0.008281731581542428,0.00019548125426960516,0.00030721684851336446,4.778481535818389e-05,5.242253615459171e-05,0.0014945177338080544,3.829665087148793e-09,3.2780929770007216e-07,1.3982280260031761e-05,1.5500634619929572e-05,0.00016346852508310444,3.547150855982648e-07,0.7140698127664716,4.4746944138204054e-05,1.063995027415638e-05,7.756768584406036e-09,2.4766312195969065e-05,1.8413807479536816e-06,1.0102793404678985e-08,3.275972351610975e-05,7.859259821799088e-06,0.0005890250536333058,1.6464735966728605e-06,0.27383680418284384
7,0.0006478735375749449,0.0051654821167922815,0.00011544144795656703,0.0002442869465458038,4.47229074378419e-05,5.7022834538501154e-05,0.0009023893064156839,2.904526113120736e-09,2.1142897104136298e-07,1.2335258189075095e-05,8.932906945816659e-06,0.00015088240647263056,1.6422256106724928e-07,0.708133664813287,4.375669117557311e-05,1.3235477372169591e-05,6.471386234699848e-09,1.946718964637583e-05,1.8787876683184978e-06,6.374680886230105e-09,3.924214133930488e-05,8.59071703303267e-06,0.0007368775983778577,8.842784724629481e-07,0.28365264123463324
8,0.0009570167806779286,0.009276557983686278,0.00022461088360601562,0.00027991224268221796,6.87930357467549e-05,0.00010893572826894313,0.0017976971864970802,4.414878401842877e-09,5.375904561042878e-07,1.2839236796132255e-05,4.3291448376470354e-05,0.00026350658666701184,4.357716880502149e-07,0.7970025554434679,6.541489989983861e-05,1.1131432807420612e-05,8.922297119536328e-09,3.945787779071827e-05,2.948252955539363e-06,1.3295163719571391e-08,4.2450162026623545e-05,1.2238600864235904e-05,0.0005993316228679879,1.4819895351410503e-06,0.18918882861029626
9,0.0009115178248446152,0.006716873821202344,0.00013144915156064387,0.00024155113468917567,4.915863456293209e-05,9.150373521880224e-05,0.0014689559731631975,3.5426023974123467e-09,2.976516734727803e-07,1.174913639184177e-05,2.396379554663724e-05,0.0002224087914679155,2.575423531674551e-07,0.78525773102609,6.000661411704366e-05,1.395837538259531e-05,8.119522317450585e-09,3.0562219536291256e-05,2.646494036536169e-06,9.784615042193324e-09,4.2689470976854146e-05,1.2698171744756006e-05,0.0008191362501530652,9.981319954624956e-07,0.2038898646065529
10,0.0008072875295407315,0.008281731581542428,0.00019548125426960516,0.00030721684851336446,4.778481535818389e-05,5.242253615459171e-05,0.0014945177338080544,3.829665087148793e-09,3.2780929770007216e-07,1.3982280260031761e-05,1.5500634619929572e-05,0.00016346852508310444,3.547150855982648e-07,0.7140698127664716,4.4746944138204054e-05,1.063995027415638e-05,7.756768584406036e-09,2.4766312195969065e-05,1.8413807479536816e-06,1.0102793404678985e-08,3.275972351610975e-05,7.859259821799088e-06,0.0005890250536333058,1.6464735966728605e-06,0.27383680418284384
11,0.000794791013991225,0.008536439071072066,0.00020386968958024802,0.00032117897753631777,4.952179847624978e-05,5.018475880382471e-05,0.0015098711038390095,3.977295315700059e-09,3.267665123113227e-07,1.4345348030008718e-05,1.5573016129903926e-05,0.00016803464601614546,4.1927659512287104e-07,0.7300991553708485,4.15850203437913e-05,1.0138452376250609e-05,8.079371922521609e-09,2.5538614566851367e-05,1.7699797252066619e-06,1.0734473217907012e-08,3.097748591177933e-05,7.727517433049182e-06,0.000574542575265975,1.7691206240911094e-06,0.25754221760518164
12,0.000684903972742176,0.006318914520417073,0.00011412875925233863,0.0002568683992930745,4.9971470967782216e-05,4.6924545627481124e-05,0.0008986704800426859,2.53847637316205e-09,1.1533274058534854e-07,1.1292847284692713e-05,9.899008587104824e-06,0.00018760728375378792,3.0345997589239215e-07,0.8148244248882047,2.613267396331103e-05,8.954172619522496e-06,8.254081567652656e-09,3.1005255119543443e-05,1.1113716308362272e-06,6.60419494821445e-09,2.960831466775069e-05,9.313410523893053e-06,0.0008187428995314866,1.2831706077081524e-06,0.17566980636569376
13,0.0009832218872697046,0.006388603357124397,0.0002540206993715814,0.0002575467135865865,5.549597556923702e-05,4.0863559081167746e-05,0.0013764724819863934,4.453368192576285e-09,3.291169670010257e-07,7.157855881383646e-06,2.863057454203611e-05,0.0003513590841531841,3.696388766920974e-07,0.7893633463223961,5.128241813649622e-05,7.401274311058441e-06,1.133013346000986e-08,2.2815545450853976e-05,2.1546564436372415e-06,9.172899036665474e-09,3.660975872991542e-05,9.553887651725908e-06,0.0004892999053766529,1.4313998019717395e-06,0.20027200893089148
14,0.00020764837501101435,0.06366480103946154,0.0001785084364763163,0.000450258223717767,0.00010121157665279732,8.868828488343656e-05,0.0011344790846660325,3.3233296543634586e-09,7.797621484698303e-07,7.733830477980949e-05,1.4733784928617315e-05,3.6899995767579545e-05,1.116991012325552e-06,0.7578338894127166,2.9015375826049978e-05,4.288991851952698e-06,3.5969724593687094e-09,3.7705957074456456e-05,1.8026019921844282e-06,1.1809518959860412e-08,2.8160012155437638e-05,8.048667827629041e-06,0.0002122875643616891,2.3402556969881767e-06,0.17588597857117033
15,0.0008072875295407315,0.008281731581542428,0.00019548125426960516,0.00030721684851336446,4.778481535818389e-05,5.242253615459171e-05,0.0014945177338080544,3.829665087148793e-09,3.2780929770007216e-07,1.3982280260031761e-05,1.5500634619929572e-05,0.00016346852508310444,3.547150855982648e-07,0.7140698127664716,4.4746944138204054e-05,1.063995027415638e-05,7.756768584406036e-09,2.4766312195969065e-05,1.8413807479536816e-06,1.0102793404678985e-08,3.275972351610975e-05,7.859259821799088e-06,0.0005890250536333058,1.6464735966728605e-06,0.27383680418284384
16,0.0008768729182416177,0.0073226247876047685,0.00029965339172743915,0.00029913136860573936,6.70306823969984e-05,5.631178335828121e-05,0.001627846043756688,4.203294710635933e-09,4.608651353577507e-07,1.1086422862899654e-05,2.0458628159890094e-05,0.00019148835681945194,4.527056078252832e-07,0.7382891282029038,5.448624262041376e-05,1.0563472092121821e-05,7.864130939656816e-09,1.924907156277281e-05,1.9309089347426717e-06,1.0653452403191777e-08,2.4450267000527273e-05,6.837880142299046e-06,0.0005559680737706626,2.004713519069835e-06,0.2502619404922988
17,0.0009614224447372306,0.011258084169708821,0.0002477745262271376,0.0002853478183030661,5.805161378111797e-05,7.244089020368678e-05,0.0018811857715522854,5.0853134885994704e-09,6.005293566663392e-07,1.8383683552803627e-05,2.166147462124157e-05,0.00016876793708681443,3.832548008211009e-07,0.6585784470608109,8.199330660095082e-05,1.4100597854220124e-05,9.759675028466403e-09,2.4481880951391132e-05,2.874249596106506e-06,1.2076730042538773e-08,3.928341412266224e-05,1.0764096730636041e-05,0.0005826986337472251,2.1074152921599045e-06,0.32568911830864367
18,0.0002530645773438922,0.005622006094756671,0.00021615017026680618,0.00022900828524948517,0.00010008227365119588,0.00028789165982099187,0.001609871366108237,2.252182085627744e-09,1.6651846707511247e-06,1.3139713362058154e-05,3.24205557666509e-05,5.5534755118408314e-05,3.3170666196546325e-07,0.9011285599493826,9.458581957349792e-05,1.663650543586903e-05,1.0514398126828443e-09,6.2379729182319494e-06,3.878786756150807e-06,1.1675400917203968e-08,2.078093175000905e-05,3.1234284889187623e-06,0.00035456018098723504,3.9927057440468123e-07,0.08995005583233316
19,0.0004342896319023355,0.006581466900318845,0.0003300805063702397,0.0002897163886369106,7.113291137224245e-05,4.289356212389626e-05,0.001033941279902671,3.512680900474146e-09,4.384282298544528e-07,1.3589177770530098e-05,1.2470985731941506e-05,0.0001840745643891068,5.331184650656785e-07,0.828879268826442,2.5824716590644776e-05,6.428529385299013e-06,5.136793030807358e-09,1.618336010804818e-05,1.4059095033214302e-06,9.958938059907307e-09,2.0672466042180258e-05,5.995300648633716e-06,0.000240777061000528,1.266802665605458e-06,0.16180753096398814
20,0.000648469800504502,0.010686456880802985,0.00018734643727654908,0.00028874412859255865,6.44652083437664e-05,4.223346346636684e-05,0.0011016623867086627,6.27842269608682e-09,3.79241521423907e-07,1.8173739881515196e-05,1.2880364854627576e-05,0.00018342352584034728,3.3781147410249695e-07,0.7058772847691946,6.934351322935871e-05,9.791906025732498e-06,1.4263651781132206e-08,2.1925187005020214e-05,2.460365047462714e-06,9.566137754111835e-09,4.473167122256616e-05,1.734494454241178e-05,0.0005957795812876583,1.8948200192787417e-06,0.28012484014494626
21,0.0008727735638846517,0.00401158999788843,0.000168410296312444,0.0002697077786757183,2.849464880939965e-05,4.282520275181148e-05,0.0015760954693371612,2.0036059398250538e-09,1.3262262841698104e-07,9.006177976599373e-06,9.70824107142825e-06,0.0002106003965810295,3.9517056959778626e-07,0.8140879618033219,1.840109968823898e-05,1.2819287172382591e-05,4.416890016016446e-09,2.2282949515849665e-05,9.337940476125394e-07,1.0491808138816834e-08,2.0833916186024784e-05,3.846003525447701e-06,0.0005921168805153031,1.0547650136204075e-06,0.1780399930222231
22,0.0012209480888521165,0.006591780706402218,0.00025452435555838954,0.0003084510393891166,4.571706282407212e-05,6.896434661538032e-05,0.001768897320643127,4.4864868872985e-09,3.0267807027458987e-07,1.1991535227039056e-05,2.4869920598022298e-05,0.00028689580352992615,3.474595669191625e-07,0.7648190216903249,3.8893676829224165e-05,1.2951779255778915e-05,1.1043660756047067e-08,4.605844028549642e-05,1.7728597958040555e-06,1.458674600406833e-08,4.79236607628622e-05,1.0692801182449906e-05,0.0006741275336715008,1.758855401907841e-06,0.2237630782683198
23,0.0008072875295407315,0.008281731581542428,0.00019548125426960516,0.00030721684851336446,4.778481535818389e-05,5.242253615459171e-05,0.0014945177338080544,3.829665087148793e-09,3.2780929770007216e-07,1.3982280260031761e-05,1.5500634619929572e-05,0.00016346852508310444,3.547150855982648e-07,0.7140698127664716,4.4746944138204054e-05,1.063995027415638e-05,7.756768584406036e-09,2.4766312195969065e-05,1.8413807479536816e-06,1.0102793404678985e-08,3.275972351610975e-05,7.859259821799088e-06,0.0005890250536333058,1.6464735966728605e-06,0.27383680418284384
24,0.0003476406064188996,0.007913203440360835,0.0001208106697653643,0.00034501108504486275,4.4054913869348396e-05,3.936447008040149e-05,0.000902219032627977,2.2104966446828507e-09,1.816255237903249e-07,1.4489032702982312e-05,8.259460431387953e-06,9.432858881738456e-05,3.7768711401118634e-07,0.8213485898641759,1.7108203554859762e-05,5.7965865237992756e-06,3.4921293552532733e-09,2.0941906086575614e-05,1.1136562804408498e-06,7.62636107293172e-09,2.2037180913152886e-05,4.798974879318057e-06,0.0003913879905470114,8.887933405173091e-07,0.16835738290195434
25,0.0012783056872220503,0.00632713582961643,0.00032780614306075187,0.000464320849520056,3.934174460678482e-05,3.1347231554914616e-05,0.002395946637635209,7.081084133264639e-09,2.88805348914101e-07,7.257908063025078e-06,3.8234122035441946e-05,0.0004080400405799656,5.557761260032272e-07,0.7637531316742805,3.2101831027439134e-05,7.3494759927319405e-06,1.4375382691805396e-08,4.041744209775792e-05,1.960862581859857e-06,1.9405155744102702e-08,4.012151304605296e-05,7.253269627992477e-06,0.0005998501928304205,2.1407021375142753e-06,0.22419705139938578
26,0.002663861743200166,0.013566465194527314,0.0005111958191758359,0.0005290674945233305,5.6512858388492844e-05,4.134480587981052e-05,0.0030309735832234866,1.0237030006328708e-08,4.523187489474027e-07,1.8346248577882372e-05,2.958230298403957e-05,0.0003211139150131452,9.079377123216122e-07,0.53702877710631,4.636589980358695e-05,9.991691920536989e-06,3.298144765150594e-08,8.822450821055812e-05,1.413131437467869e-06,2.0474767472105336e-08,4.080509503388105e-05,1.1825852067482043e-05,0.0008624634469711558,1.0807899040323438e-05,0.4411294374540051
27,0.0010022375154367194,0.009578477508036552,0.00021857261563675546,0.00026818839166633065,4.7690840399805105e-05,8.074345941794817e-05,0.0017686972889897458,6.2419998743525485e-09,7.770255017528694e-07,2.2607421302162606e-05,1.6518341706487965e-05,0.00014279830928623152,2.679726607712236e-07,0.5431634329807321,0.00010278118046819528,1.772116331356761e-05,9.87054548124833e-09,2.335438914311309e-05,2.916619519570637e-06,1.293363282606702e-08,4.421885651709244e-05,1.3969619580993046e-05,0.0006117097059949269,2.069648504819342e-06,0.4428702201000061
28,0.0008072875295407315,0.008281731581542428,0.00019548125426960516,0.00030721684851336446,4.778481535818389e-05,5.242253615459171e-05,0.0014945177338080544,3.829665087148793e-09,3.2780929770007216e-07,1.3982280260031761e-05,1.5500634619929572e-05,0.00016346852508310444,3.547150855982648e-07,0.7140698127664716,4.4746944138204054e-05,1.063995027415638e-05,7.756768584406036e-09,2.4766312195969065e-05,1.8413807479536816e-06,1.0102793404678985e-08,3.275972351610975e-05,7.859259821799088e-06,0.0005890250536333058,1.6464735966728605e-06,0.27383680418284384
29,0.0008072875295407315,0.008281731581542428,0.00019548125426960516,0.00030721684851336446,4.778481535818389e-05,5.242253615459171e-05,0.0014945177338080544,3.829665087148793e-09,3.2780929770007216e-07,1.3982280260031761e-05,1.5500634619929572e-05,0.00016346852508310444,3.547150855982648e-07,0.7140698127664716,4.4746944138204054e-05,1.063995027415638e-05,7.756768584406036e-09,2.4766312195969065e-05,1.8413807479536816e-06,1.0102793404678985e-08,3.275972351610975e-05,7.859259821799088e-06,0.0005890250536333058,1.6464735966728605e-06,0.27383680418284384
30,0.0008072875295407315,0.008281731581542428,0.00019548125426960516,0.00030721684851336446,4.778481535818389e-05,5.242253615459171e-05,0.0014945177338080544,3.829665087148793e-09,3.2780929770007216e-07,1.3982280260031761e-05,1.5500634619929572e-05,0.00016346852508310444,3.547150855982648e-07,0.7140698127664716,4.4746944138204054e-05,1.063995027415638e-05,7.756768584406036e-09,2.4766312195969065e-05,1.8413807479536816e-06,1.0102793404678985e-08,3.275972351610975e-05,7.859259821799088e-06,0.0005890250536333058,1.6464735966728605e-06,0.27383680418284384
31,0.0006568366422317384,0.009757126866410185,0.0002972772644875717,0.000385697904738672,5.759100815061232e-05,2.1358098318396384e-05,0.001011100050343465,4.182212687227485e-09,2.1928033375521127e-07,1.4189003143366729e-05,7.784063849347418e-06,0.00015180864125476692,5.907914959249824e-07,0.7365593688959128,1.654029382582116e-05,5.517615925674364e-06,8.092035054391596e-09,2.5983565159089627e-05,1.0847078766627113e-06,9.338264776737002e-09,2.157947969578322e-05,4.98748042436565e-06,0.0003290337723718261,2.6254971613962275e-06,0.2506716774643763
32,0.0007928642846578043,0.008264256966305323,0.00019354932096119135,0.00029057035396703567,4.838002772539079e-05,5.4141549094414796e-05,0.0014818358728360612,4.1608499069435875e-09,3.775695164364889e-07,1.4675100352081953e-05,1.5213790488048891e-05,0.0001598634267602093,3.2951479909715376e-07,0.7084351191522203,5.134564026194429e-05,1.1784292097897886e-05,7.915885392238936e-09,2.2405262328643566e-05,2.2547040575594564e-06,1.0310047829190444e-08,3.5154707240999674e-05,8.79298829523656e-06,0.0005648894202158114,1.519133341847546e-06,0.2795506545356936
33,0.0007356881848765535,0.009967135320496649,0.00013947126616167298,0.00025212132680703885,5.8788102584388846e-05,4.2384488756032126e-05,0.001086889620979846,3.5408584516711605e-09,1.678251815868759e-07,1.3161119045839936e-05,1.2222520515231846e-05,0.00018044332382703574,4.589777059349529e-07,0.8312169410542434,3.479942073294015e-05,9.053629535818e-06,1.0622886932043265e-08,2.7643230341907287e-05,1.6917383194012918e-06,8.631010515521678e-09,2.6708900575486532e-05,1.2707261506722556e-05,0.000654641449437693,1.622683416301631e-06,0.1555252357601967
34,0.0014728705121188441,0.009266764226810482,0.0005048299175537937,0.00020947622829541122,4.4413255854188404e-05,7.478605497400568e-05,0.003289111214480457,9.171122831332739e-09,5.480559538915128e-06,2.2313030401116606e-05,1.989633785402474e-05,9.467747276492228e-05,3.5761635876573845e-07,0.46397555619555136,0.0001483141022345671,1.8651518122321673e-05,4.3459521299698605e-09,8.864747191583632e-06,9.165648234931622e-06,1.3618307288035895e-08,2.9002071305132173e-05,6.60412880896932e-06,0.00014265972510763426,1.8412531138341073e-06,0.5206543370479425
35,0.0017852780706627224,0.010418682624235016,0.0002257827742391238,0.00047921765091982037,2.0412398048024172e-05,2.3469526423190753e-05,0.0017872660163701034,1.3549294025622373e-08,7.652484256909527e-07,2.7763282768382262e-05,1.252063245895732e-05,0.0001795508514929855,3.616695507156938e-07,0.24521814698069472,2.115892933482437e-05,5.233087091411313e-06,1.6277393614507438e-08,8.099017698621183e-05,2.3628069929640074e-06,1.6818693987121163e-08,4.4315703757052103e-05,1.0591794947834221e-05,0.00021369993470791103,3.991014271210168e-06,0.7394383921802395
36,0.0008087456194739891,0.008338095419844267,0.00019478774553795028,0.000308514824247562,4.766845299939065e-05,5.323236334016464e-05,0.0015094081583446706,3.817869472111925e-09,3.2875338175045405e-07,1.4046704400651044e-05,1.569623207533822e-05,0.00016204268212571924,3.5460581970553805e-07,0.7142147003322737,4.489245460904058e-05,1.066412447457641e-05,7.700397758957893e-09,2.510011884581138e-05,1.8349966966381323e-06,1.015961134771503e-08,3.290062208137147e-05,7.856601069504928e-06,0.0005946702193111084,1.6521426541501876e-06,0.2736127851485144
37,0.002141495390771836,0.005728175721531711,0.0002363050007203422,0.00021421701067063652,2.931888501568893e-05,2.3049607081175246e-05,0.001777842288940065,2.487672816964412e-09,1.0331799644902394e-07,5.082997983084523e-06,1.4178953526313177e-05,0.00028295764117857233,3.918777419135376e-07,0.8058875066529657,1.6814827012020815e-05,7.64058104939045e-06,8.552388468671167e-09,3.448771758930699e-05,1.0391310401565644e-06,7.647511088491919e-09,1.8352396955502153e-05,5.56371132081417e-06,0.0004493000346395464,2.0135607173465498e-06,0.18312414400598007
38,0.0020277588730417315,0.005372813392362937,0.00014396585592365896,0.00016481083935295936,2.726379783413812e-05,0.0001688803359322521,0.004287698680139015,2.7953825998425357e-09,3.4814400248740627e-07,1.1243798601349306e-05,3.0348730094944213e-05,0.00019383257975764983,2.2243879833025392e-07,0.7616907939289945,0.00011368614620478012,4.4583740112837156e-05,5.902368232048898e-09,2.7584786321390865e-05,2.8948686862897875e-06,1.3730871197502815e-08,4.141883622592243e-05,1.0970440021790092e-05,0.0014408523658679757,1.2205246834414677e-06,0.22419678446841762
39,0.0008068002120348497,0.009473835721621785,0.0001935187467648676,0.000308487860617299,4.747960170767325e-05,5.022298632468188e-05,0.0015804743740061027,3.6950029865853745e-09,3.28020976164528e-07,1.4240075532565151e-05,1.6092531682140234e-05,0.0001500104778899219,3.8903136212711635e-07,0.7180562326177072,4.5447480232910764e-05,9.695526199815911e-06,7.73417496233986e-09,2.5181530789674493e-05,1.75356090621366e-06,9.80259853271936e-09,3.0328190603700613e-05,7.929539917090438e-06,0.0005810995138447503,1.8081682250595125e-06,0.2685986229992768
40,0.0008236022813047961,0.008251687782337857,0.00019522044134495916,0.0002973403980283813,4.766936611442381e-05,5.207387539523522e-05,0.0014934988061953548,3.790150367448137e-09,3.221879129882641e-07,1.3662770089267186e-05,1.554237611257383e-05,0.0001658319916233695,3.4939504156788567e-07,0.7194538772890666,4.494856573408608e-05,1.0645891422383379e-05,7.792255681767444e-09,2.4649842360108553e-05,1.852536645949289e-06,9.925333215184134e-09,3.261101264131027e-05,8.086454932997254e-06,0.0005827453296188672,1.6325747540497928e-06,0.2684821273235835
41,0.00030289340870819965,0.008185963441899697,0.000381079428724899,0.00021025186963415159,9.729974230703132e-05,8.206194635265595e-05,0.0009413983773910224,3.0060636384997313e-09,1.6838930407693766e-06,2.4512439447851174e-05,6.682994083341029e-06,4.9886847263372095e-05,2.948386507694302e-07,0.7140677128627345,7.697852138414794e-05,1.2638281397494553e-05,2.0458485712201956e-09,4.8635580642934146e-06,2.3732197746925434e-06,6.6281930105484795e-09,2.0062726780941827e-05,4.047971432961297e-06,0.0001684692122786879,1.0794581685587543e-06,0.2753577532803748
42,0.0012460683199633546,0.00921883430352672,0.00019037203689233298,0.0001899862081073122,4.462096173194365e-05,7.066502855216998e-05,0.0018136644982141863,9.694986468821987e-09,6.362533723967825e-07,1.9998471169730433e-05,1.7052735080745394e-05,0.00023529476263639814,1.667617648894447e-07,0.6151518229730534,0.00017917832241512492,3.465410767404368e-05,1.9946566126218097e-08,1.8508322423597013e-05,7.147664491517046e-06,1.5882976941535933e-08,8.312626441595375e-05,3.842025020880417e-05,0.0008484846445531718,1.3982959286190691e-06,0.3705898532892941
43,0.0004753338017628296,0.011009904473409996,9.347633221206524e-05,0.0002923354373510453,6.847366793340442e-05,0.00014720898922231663,0.0008771231872988796,5.317784209483273e-09,5.053640957934664e-07,4.366992621206709e-05,1.0284326384527596e-05,0.0001087029000681551,1.761790411520635e-07,0.6329489278285075,9.257593166762186e-05,2.1661963572510808e-05,9.382140191612861e-09,3.0589293058162394e-05,3.5077705334406166e-06,1.0058109213319e-08,8.539865386707698e-05,2.2864576347825846e-05,0.0009124300740493107,1.0643114957776387e-06,0.35275376025387484
44,0.0008072875295407315,0.008281731581542428,0.00019548125426960516,0.00030721684851336446,4.778481535818389e-05,5.242253615459171e-05,0.0014945177338080544,3.829665087148793e-09,3.2780929770007216e-07,1.3982280260031761e-05,1.5500634619929572e-05,0.00016346852508310444,3.547150855982648e-07,0.7140698127664716,4.4746944138204054e-05,1.063995027415638e-05,7.756768584406036e-09,2.4766312195969065e-05,1.8413807479536816e-06,1.0102793404678985e-08,3.275972351610975e-05,7.859259821799088e-06,0.0005890250536333058,1.6464735966728605e-06,0.27383680418284384
45,0.0011038357406536544,0.007880508890691876,0.00039958547490625824,0.0002318304823928401,7.12693253746516e-05,6.534989022732738e-05,0.002705625903953892,6.0027725175521765e-09,7.82651215794739e-07,1.3103085613315224e-05,2.312964599374285e-05,0.0002109087652124757,5.902507647937876e-07,0.7641398919316891,0.00010697323988734505,1.810013690965604e-05,9.370687379884769e-09,1.3408430069396187e-05,3.2148461879613897e-06,1.3818584793966663e-08,2.524601709010488e-05,8.914466977909305e-06,0.000543363933236994,2.481003316743167e-06,0.22243185669558946
46,0.0032077852411714993,0.01262608868992268,0.00030489395476086134,0.0005430272121054771,6.450988862889504e-05,2.0606099528360894e-05,0.0014432691563826489,1.9299691043633822e-08,2.124803268669062e-07,1.456366352586691e-05,2.6658367288111476e-05,0.0008885451015656242,8.113716351095399e-07,0.47626641101980194,6.891549802854538e-05,1.0232547481207269e-05,1.8149298022335187e-07,8.711779916119618e-05,2.308457003529562e-06,1.9060034172255185e-08,7.900018215668804e-05,3.136869711400436e-05,0.0014551900302057076,1.009152905904646e-05,0.5028481731604406
47,0.004674134496817235,0.008390657813988853,0.0002183413649476423,0.00018850911721915613,2.7460871455888637e-05,4.958353509000742e-05,0.0025563760136053655,6.11273821410358e-09,1.9955959795738884e-07,1.1798235787855806e-05,2.2253670423651617e-05,0.0006620423666166444,3.223887701653655e-07,0.6106564258418792,6.130079421094537e-05,2.406999261083918e-05,2.9664000498945585e-08,6.457217462105497e-05,2.5493036567356532e-06,1.6075239536153198e-08,5.2608223636875235e-05,3.0017750359741167e-05,0.0008741054991481507,2.9457599437677654e-06,0.37142967337363414
48,0.0012229434000837719,0.02401207684197645,0.0001133790478886713,0.0003110346383005863,4.723900528118485e-05,2.4941499039190116e-05,0.002005965993849976,1.0942550824371143e-08,2.521332551540942e-07,2.9220918926303318e-05,1.0676767772053905e-05,0.00017150507928233522,6.209774191963593e-07,0.6578422437255061,8.678750272901347e-05,1.4852072543734889e-05,3.9150040732404147e-08,2.8372424767999605e-05,5.3176740023024105e-06,1.2450245266388544e-08,4.571022814348447e-05,3.363916926827662e-05,0.001042722340494556,3.62821697357016e-06,0.31294680779965905
49,0.0008080903966790503,0.005762884754435328,0.0002188273514059323,0.00026834682682780255,6.0903257313271455e-05,7.214404083104343e-05,0.0012472760713585652,3.863587072986228e-09,2.8235529377152686e-07,1.2137673944027305e-05,1.8924167010932906e-05,0.00029690434639680367,3.6815865303845357e-07,0.8106374359808471,3.811675481231306e-05,1.14045286188631e-05,8.632024111629713e-09,3.1847370138989976e-05,1.63715197365763e-06,1.1665227612250573e-08,3.5495637859583455e-05,1.116941211761063e-05,0.0006113839075359006,1.3310333837769752e-06,0.17985306466172352
50,0.001603911808998225,0.00963283840880609,0.00027222876763443986,0.0004938889982452526,7.449652748888166e-05,6.600372992701327e-05,0.0015006708702943441,6.903100520880105e-09,3.007231385772285e-07,1.0426388322460155e-05,4.9280729576254413e-05,0.0005123785336756395,5.129570550435928e-07,0.6375389182036955,6.920857085875586e-05,8.266084524482369e-06,2.9697258750617394e-08,7.942533459896885e-05,1.4331195502450495e-06,1.4167794915024453e-08,6.947220198013757e-05,1.2532747895374735e-05,0.0013726629841335073,4.254308114823895e-06,0.3466268372333318
51,0.00043317415868988186,0.009139643881135837,0.00015310044178392548,0.0004539915158204234,3.5020686910921725e-05,3.450784695442038e-05,0.0013383776302767776,3.4328502733552484e-09,1.924189507632258e-07,1.4464665824651641e-05,1.5697685141299135e-05,0.00014532865531020287,4.467913712825117e-07,0.8427566098507053,1.2381177261441852e-05,3.2914444239801203e-06,4.637580513970322e-09,4.96663808826495e-05,9.663490065288891e-07,1.1032151315002028e-08,3.078990786521944e-05,7.409097008900412e-06,0.0003220682896034784,1.124588829937577e-06,0.14505172743366007
52,0.0012435976221892755,0.009370772522976713,0.00017205817262554778,0.00045743374838057147,4.6070833457511616e-05,0.0004036482702784009,0.0036435990992901334,3.6915286985884514e-09,5.018420271459184e-07,2.8589415339506928e-05,5.4160476358643486e-05,0.00016724947258246712,6.233094649239925e-07,0.8016882135804217,4.6189775374086464e-05,2.018388824964265e-05,5.573729733339379e-09,0.00016463184529793816,1.1019007349728166e-06,3.262132883196017e-08,4.368443191123183e-05,1.3369668367687821e-05,0.0014874909835151556,2.3585494462227662e-06,0.18094442870512298
53,0.0017916816333247523,0.009066139523351658,0.00024486689626462615,0.0003972010994218405,1.941619727720248e-05,0.00010636246156471201,0.009351516188831403,4.853364311718948e-09,6.303325534703266e-07,1.662577584412272e-05,4.299073609979086e-05,0.00011548372119913345,4.4850547521801303e-07,0.5844463518318339,0.00011044108750769462,3.156153963450071e-05,7.167514834999886e-09,3.666393664909852e-05,1.996030311604169e-06,3.1032976108929214e-08,3.5399530919896125e-05,7.526728949144704e-06,0.0017645251654817458,3.40223661924015e-06,0.3924087257870302
54,0.0015832343473007407,0.013343267509111944,0.00130871456561985,0.0022890043562214463,0.0022308764097961264,0.0002481374244787564,0.0005912710983199043,9.857758116950109e-08,1.0718156806835894e-06,9.054070156751375e-06,0.0014383016340874179,0.004351347074438752,2.4235321258345004e-06,0.8668649044970071,9.538587480089384e-05,2.0623495828451684e-06,6.391100963146975e-07,0.0011529713145962172,4.815708881855104e-06,4.0544535412816744e-08,0.0003611472612159724,5.8247225278980535e-05,0.0025674955119738036,1.7745099765140404e-05,0.10147774308734593
55,0.0008797578359284164,0.00850306618368645,0.00022941284325921763,0.00033864388385681685,4.6980872564670306e-05,4.973095347609676e-05,0.0015784413602622223,4.135964863324163e-09,3.670875444308304e-07,1.4033217690128653e-05,1.72206647401675e-05,0.00018417123487121054,4.100356055632544e-07,0.6864561490652865,4.10194968467481e-05,9.693504256155922e-06,8.093403347030058e-09,2.7885615340360576e-05,1.75223937274784e-06,1.1417242658874924e-08,3.168780313895645e-05,7.224442865593706e-06,0.0005221990617597786,1.8721379368349297e-06,0.30105825681310006
56,0.0007971453153560241,0.008979532041692268,0.0002151991859006886,0.00032587526865962183,5.229847793054007e-05,5.0518942318144406e-05,0.001526686986698384,4.1941953214345505e-09,3.5393655240985763e-07,1.4895522130048624e-05,1.595149484689864e-05,0.00016838282661038224,4.49436611891933e-07,0.728819994206177,4.389821119365982e-05,1.0315074660673918e-05,8.474981839076143e-09,2.5086114599185623e-05,1.8735419675263507e-06,1.1172579361934813e-08,3.105351193997673e-05,7.845828544668091e-06,0.0005630894269985366,1.8668201162381761e-06,0.2583476639867385
57,0.0005171350679440272,0.005595495334494324,0.0003015397784222636,0.0002360186920666176,8.797231363033822e-05,2.932894321955366e-05,0.0005532191370857003,5.734617670489075e-09,3.952387746601983e-07,1.4219652927372614e-05,7.836797485254819e-06,0.00035037061792089953,3.737859325437835e-07,0.7752434257661253,3.283291667003074e-05,9.176038643441767e-06,1.2416633799768299e-08,1.226837722128195e-05,3.0471113969638132e-06,8.513098636867028e-09,3.379485081999165e-05,1.1050702753419238e-05,0.00022348114304710813,9.82342022458187e-07,0.21673600872704626
58,0.0009188567913221218,0.009805170629236712,0.00022610880794119893,0.0003321968266496947,5.1601060385708325e-05,4.697165086809214e-05,0.0015978499283624654,4.619987912586569e-09,3.271231544010295e-07,1.5307143831065992e-05,1.645353940871735e-05,0.00018054803943315682,4.2641020218371553e-07,0.6872124970031612,4.759636443899002e-05,1.0476621782162077e-05,1.1005440942526156e-08,2.9464699035442054e-05,1.7781925804345408e-06,1.1092602306038152e-08,3.5326614021326955e-05,9.021533911559296e-06,0.0006581600973715113,2.3955241289094928e-06,0.2988014386807417
59,0.0010152189574495925,0.009257323592961502,0.00029140786132992013,0.0003469352455832265,5.2239854908037156e-05,4.424162296296177e-05,0.001719040073124712,5.037521946125712e-09,3.556963459992314e-07,1.4530790681514013e-05,1.7094674976318655e-05,0.00019622330608592417,4.48187707437859e-07,0.6701242349250388,4.529886288995636e-05,1.0444891499686744e-05,1.1489863491213153e-08,3.1589394160550755e-05,1.6224008660742603e-06,1.2300530940793798e-08,3.5211687878061314e-05,8.290865958481898e-06,0.0006165083387369207,2.879186022088839e-06,0.316168830754916
60,0.0008072875295407315,0.008281731581542428,0.00019548125426960516,0.00030721684851336446,4.778481535818389e-05,5.242253615459171e-05,0.0014945177338080544,3.829665087148793e-09,3.2780929770007216e-07,1.3982280260031761e-05,1.5500634619929572e-05,0.00016346852508310444,3.547150855982648e-07,0.7140698127664716,4.4746944138204054e-05,1.063995027415638e-05,7.756768584406036e-09,2.4766312195969065e-05,1.8413807479536816e-06,1.0102793404678985e-08,3.275972351610975e-05,7.859259821799088e-06,0.0005890250536333058,1.6464735966728605e-06,0.27383680418284384
61,0.0009133606834011026,0.008751034976223052,0.000293697379037381,0.00033101894693904853,5.4289712436824956e-05,4.488314230099585e-05,0.0016230867905000772,4.7517244890152565e-09,3.8114709306937283e-07,1.3636081842617349e-05,1.7552051392823435e-05,0.00019859197091644907,4.357894267333653e-07,0.6985062269891817,4.429701149719331e-05,9.964116921556043e-06,1.0014771932132217e-08,2.710800497206778e-05,1.7470803358718056e-06,1.1848493021429687e-08,3.370826590189907e-05,7.954269184422267e-06,0.0005358651171162437,2.3675188423380646e-06,0.288588766339547
62,0.0008072875295407315,0.008281731581542428,0.00019548125426960516,0.00030721684851336446,4.778481535818389e-05,5.242253615459171e-05,0.0014945177338080544,3.829665087148793e-09,3.2780929770007216e-07,1.3982280260031761e-05,1.5500634619929572e-05,0.00016346852508310444,3.547150855982648e-07,0.7140698127664716,4.4746944138204054e-05,1.063995027415638e-05,7.756768584406036e-09,2.4766312195969065e-05,1.8413807479536816e-06,1.0102793404678985e-08,3.275972351610975e-05,7.859259821799088e-06,0.0005890250536333058,1.6464735966728605e-06,0.27383680418284384
63,0.0008753171524807707,0.010475662464900408,0.0002043426459282152,0.00032283847727970994,4.804138756009782e-05,5.2808112989307716e-05,0.0016778994798774577,4.344297409910087e-09,3.7353348618240074e-07,1.6029096384108396e-05,1.7293319203482665e-05,0.00015678995695322874,4.07462829386161e-07,0.6909009773988618,5.076135006651489e-05,1.0605082469063865e-05,8.953936772717597e-09,2.7907220956686682e-05,1.9529247190146045e-06,1.1305071722342121e-08,3.473614307943905e-05,9.023393718725233e-06,0.000603203129610533,2.0484051277010767e-06,0.29451095725821214
64,0.0007885965025380771,0.008269242844161464,0.00018240312897265147,0.00031687233930762854,4.744242069541911e-05,4.851243889594128e-05,0.0012896629737668332,4.4194341654668555e-09,3.231064465400317e-07,1.392345358681307e-05,1.5801030254382234e-05,0.00018068270379058984,2.811100051320521e-07,0.6731167525985625,4.94502858583557e-05,1.0226068013305156e-05,9.444384545005446e-09,2.6530779201823092e-05,2.1156049513400697e-06,9.483963651468393e-09,4.782620356222132e-05,8.801051480683073e-06,0.0006094236898960246,1.5700824054607976e-06,0.3149735362358644
65,0.0006379440536861458,0.005683882534513227,0.00014948642782052605,0.0002815099502899303,4.9308056424562596e-05,5.790456642454219e-05,0.0010487650216288698,2.839039556351937e-09,2.1875013239046043e-07,1.1985623599305716e-05,1.2416847420228017e-05,0.0001796974761177584,2.7534603240697206e-07,0.7761597417911096,3.1599075007445554e-05,9.984932714635319e-06,6.0437274205935276e-09,2.4980899466927472e-05,1.5437855237624159e-06,7.995796354532493e-09,3.33258486812931e-05,7.031699950605649e-06,0.0005866559513622472,1.031355229309001e-06,0.21503069312830084
66,0.0005438271900982633,0.005993909342328061,0.0002081699517257422,0.0002737485943630219,4.4197162479524515e-05,6.248765200954655e-05,0.001466555786725898,3.0848362896541985e-09,4.363238677228922e-07,1.674674863772996e-05,1.0684081897601947e-05,0.00013254648483988876,3.886852639264127e-07,0.7838464446514388,3.0087653184593143e-05,1.3914632476345302e-05,3.6564800230282584e-09,1.512126373324731e-05,2.201216479238201e-06,1.2388429317860847e-08,2.2532650311999824e-05,5.47026939308344e-06,0.00034290955120278005,8.672966902955817e-07,0.20696673368110727
67,0.0009108661183493193,0.01201022263329745,0.00022398389306272222,0.0003260847850243347,5.37278410797507e-05,4.829144268205709e-05,0.0015609445102903376,5.1474169709871275e-09,4.828842288611745e-07,1.7390422611799042e-05,1.7499515437468555e-05,0.00015833842598071907,4.0153251486974453e-07,0.6644005669485052,5.1031083870983366e-05,8.532149680947357e-06,9.590011877300173e-09,2.8314372999575427e-05,2.351824245859399e-06,9.97637099654233e-09,3.629735576513121e-05,9.846959239081489e-06,0.00044851603012483946,2.1323910932131278e-06,0.3196841521661157
68,0.0012334765483713423,0.008791705288111053,0.00017802636948718395,0.00040824755715705024,4.185838170831669e-05,7.628147873903483e-05,0.0019184475808933293,4.691186387113365e-09,2.8909959628090554e-07,1.5418988980544523e-05,2.6353839670160093e-05,0.0002386288069972878,3.6198987786899953e-07,0.637714539251345,5.019511415189087e-05,1.2594101831040006e-05,1.2455299319736739e-08,5.7340475539803495e-05,1.5916599720196726e-06,1.4806095984023122e-08,5.168324029598284e-05,1.0836353226786189e-05,0.0011026197502042822,2.352805779212012e-06,0.34806711936548285
69,0.0008127760740465329,0.008421878167524374,0.00022792371967410324,0.0003733456899534124,4.3831206996693746e-05,4.590291261949363e-05,0.0016124235715911958,4.544823810756182e-09,3.7374671893673593e-07,1.600835903768534e-05,1.4131275288529998e-05,0.0001555321656820186,3.863790407260788e-07,0.6431426871875835,4.191623063049185e-05,1.1211128971061566e-05,8.309255351073071e-09,2.5260280257589727e-05,1.8144483140721713e-06,1.2575695662253297e-08,3.4036132687648775e-05,6.7889351561773284e-06,0.0005711139035336672,1.969198590985876e-06,0.34443866385632615
70,0.0007502342938338444,0.007100769477470141,0.00019486105051968227,0.00029157341990034886,4.5968379022105975e-05,4.893854320113549e-05,0.0013914361949767587,3.329570942182445e-09,2.93390638212074e-07,1.2671884278349635e-05,1.3500026140944613e-05,0.00016123803679772116,3.419114665471566e-07,0.7399011168256283,3.756232735687742e-05,1.0233250266807044e-05,6.5800902928873906e-09,2.2022459581333893e-05,1.6351178025265045e-06,9.360027409070627e-09,2.9139137492453183e-05,6.8529653727095794e-06,0.0005350935918298742,1.4344171362351674e-06,0.2494430640295986
71,0.0013514680597734577,0.007129049014738956,0.00022417165527695453,0.00035828175541157136,3.407553326241687e-05,4.8735823975333656e-05,0.0025079781213033447,4.8231461761927335e-09,2.7467719494248494e-07,1.0982812704850212e-05,2.251780724745136e-05,0.0002321904020716136,4.039180183965347e-07,0.6947586477727062,4.6387930438854925e-05,1.4498059488914082e-05,1.1047286056394598e-08,3.512696403880063e-05,1.8662466253366406e-06,1.6322778464159578e-08,3.751963260610031e-05,8.0964288522752e-06,0.0008939777962686518,2.1882854968036947e-06,0.2922815291092882
