,0,1,2,3,4,5,6,7,8,9,10,11,12,13,14,15,16,17,18,19,20,21,22,23,24
0,0.0036819572869557053,0.012606758713985311,0.0012558890898223451,0.0002475065189239311,6.861126565916186e-05,4.051495124726901e-05,0.00342833013798856,1.412279406430888e-08,1.3421266004111675e-06,7.2004751114406096e-06,9.202280800111398e-05,0.0004766947926695417,3.5950771108816414e-07,0.43120094605577486,0.00021200387007099685,8.698296212412234e-06,4.1862233052869705e-08,4.106746880950287e-05,2.48730777378189e-06,1.5253398588154663e-08,6.338144631474739e-05,1.6971584646992803e-05,0.000506518121453866,1.1466234898175174e-05,0.5460292007009431
1,0.0019206478959736717,0.012225358569965494,0.0009016127323526268,0.00021979145862281336,4.6237753067810576e-05,2.8751577317171282e-05,0.0026124142168823723,1.3736294589345071e-08,1.7905658227972862e-06,9.89229736319191e-06,4.2391299560248204e-05,0.00022951615636471938,2.3008483069129112e-07,0.3487902818963726,0.00019341520859223317,9.131818202136878e-06,2.485598181250205e-08,2.0460936821952692e-05,3.346825134427615e-06,1.3937337868301866e-08,5.995283314109192e-05,1.4700205344405176e-05,0.00030615605320900423,6.335954462471698e-06,0.6323575311309817
2,0.002752049687317563,0.011489658102707828,0.00043796998294245174,0.00019921385399463323,4.073608768440016e-05,2.1842373135826675e-05,0.002298738965860664,1.3929771045054962e-08,6.630807262644317e-07,6.9611723721221215e-06,3.8693223833740615e-05,0.00028820830760399856,1.7882176733275302e-07,0.31715951216547056,0.00030377476424292766,9.323883813764841e-06,5.771679713458309e-08,2.448651920586242e-05,2.570207752535631e-06,9.149239502765945e-09,7.439296093212596e-05,2.428049226932341e-05,0.000858399360095882,8.754028605176892e-06,0.6639595111618574
3,0.002539529109562015,0.01365323139815259,0.0007162700304326248,0.00026204915950939163,4.6177234007647436e-05,2.2478333171390464e-05,0.0023968322070870257,1.2532439467622356e-08,7.869667710877154e-07,7.3487790455241854e-06,5.218251662642495e-05,0.000315655569178418,2.515181487868971e-07,0.35002146795752637,0.00015287386421884884,5.840329562371288e-06,4.093559389295529e-08,3.799822044501778e-05,1.9062636313953852e-06,1.1283378348390512e-08,6.490433048300579e-05,1.635846237741285e-05,0.0005000719817262643,9.712117968193163e-06,0.6291760088989564
4,0.00231797964086114,0.014228661050022896,0.0008174178645463682,0.0002879932819845362,5.7084193372409486e-05,2.3812159929843774e-05,0.0024467789975657255,1.272607962403853e-08,8.431605473759916e-07,8.032271834790895e-06,5.1359535974068046e-05,0.0003250134201024383,3.321392769710174e-07,0.42960297204862224,0.00014199975314063638,5.8088615350026e-06,3.895078935617977e-08,3.671087855109032e-05,1.9269849014056302e-06,1.2058989941519718e-08,6.078531986840694e-05,1.626432686902023e-05,0.00047997405844471834,9.874818588855563e-06,0.5490783114976012
5,0.0021481750437302148,0.014505412716453855,0.0006216533956051763,0.0003387019835331901,4.626839833849255e-05,2.035261558860857e-05,0.0020932773499066732,1.22450081666541e-08,5.87434119951133e-07,7.874242178503693e-06,4.738556559411501e-05,0.00028991160897291274,2.7282531363955e-07,0.3525649296740637,0.00010783688270851597,4.556245033538452e-06,4.136766160461593e-08,5.1637640458129246e-05,1.4565287454425367e-06,1.152100091079608e-08,6.772487741083757e-05,1.4749992098548534e-05,0.0005525323914649925,1.0429017609736402e-05,0.6265042084374005
6,0.002539529109562015,0.01365323139815259,0.0007162700304326248,0.00026204915950939163,4.6177234007647436e-05,2.2478333171390464e-05,0.0023968322070870257,1.2532439467622356e-08,7.869667710877154e-07,7.3487790455241854e-06,5.218251662642495e-05,0.000315655569178418,2.515181487868971e-07,0.35002146795752637,0.00015287386421884884,5.840329562371288e-06,4.093559389295529e-08,3.799822044501778e-05,1.9062636313953852e-06,1.1283378348390512e-08,6.490433048300579e-05,1.635846237741285e-05,0.0005000719817262643,9.712117968193163e-06,0.6291760088989564
7,0.0020297700770530035,0.008442631675111945,0.0004282469616866806,0.0002035219090518051,4.275512765514764e-05,2.4251524567529926e-05,0.0014481763144276246,9.49412767824976e-09,5.237603409752498e-07,6.487723768286821e-06,2.9917742216693327e-05,0.00028857010722267885,1.1800816483023783e-07,0.33918320896986837,0.00015042623728763298,7.26327691015138e-06,3.400679688336713e-08,2.914073749433722e-05,1.9400304640511053e-06,7.1005143575102475e-09,7.592154843895633e-05,1.7531884780519672e-05,0.000606812793126133,5.262572804383343e-06,0.6469774704161194
8,0.0035229477341407,0.018273356435439612,0.0009241453329422466,0.00027660883662073744,7.699034914992964e-05,5.346351850917571e-05,0.003346818095244198,1.6645215152460637e-08,1.4416412969078482e-06,8.039117174248203e-06,0.0001619402025481005,0.00058197954795371,3.638363270171841e-07,0.45625075271267784,0.0002629577203951911,7.2440439693600595e-06,5.545226496565583e-08,6.991494227075648e-05,3.5436676960437685e-06,1.6862908077253574e-08,9.649226092434716e-05,2.972886570702211e-05,0.000613449678375407,1.0355703203122634e-05,0.515427376797046
9,0.003283751161668232,0.013018321045061463,0.0005437576916699431,0.0002346322669585084,5.438793024315295e-05,4.420212883685163e-05,0.00269555247643472,1.3162607084993528e-08,8.010389894060655e-07,7.1993963774112065e-06,8.979873468882034e-05,0.0004844951062272427,2.1453093239938064e-07,0.438449583245355,0.00023518210437847395,8.795774833706124e-06,4.940744834575569e-08,5.35100807139277e-05,3.1041207442619398e-06,1.234597914113632e-08,9.478188372687325e-05,3.002977819899194e-05,0.0008048030455340405,6.9268459236238535e-06,0.5398560946964684
10,0.002539529109562015,0.01365323139815259,0.0007162700304326248,0.00026204915950939163,4.6177234007647436e-05,2.2478333171390464e-05,0.0023968322070870257,1.2532439467622356e-08,7.869667710877154e-07,7.3487790455241854e-06,5.218251662642495e-05,0.000315655569178418,2.515181487868971e-07,0.35002146795752637,0.00015287386421884884,5.840329562371288e-06,4.093559389295529e-08,3.799822044501778e-05,1.9062636313953852e-06,1.1283378348390512e-08,6.490433048300579e-05,1.635846237741285e-05,0.0005000719817262643,9.712117968193163e-06,0.6291760088989564
11,0.0025663330048500835,0.014393093890257188,0.0007590999154690552,0.00027930450140518595,4.874545083709356e-05,2.211221848954453e-05,0.0024734568537042954,1.334787715209623e-08,8.070620905613832e-07,7.729741577668537e-06,5.368457940840066e-05,0.00033026990609704565,2.972526879163884e-07,0.3645349129425144,0.00014758704739374555,5.714163862969749e-06,4.381606479091966e-08,4.01160742199388e-05,1.89171443888067e-06,1.2153797690088797e-08,6.379483896766883e-05,1.6622534257635434e-05,0.0005019391213491961,1.0643631330995645e-05,0.6137417742370509
12,0.002618093861671754,0.012822081741453354,0.0005194626379014266,0.00027018086571253456,5.889187737199732e-05,2.436787676751793e-05,0.0017879843279572753,1.0236504719968822e-08,3.46424567174653e-07,7.232048093190584e-06,4.110321961453065e-05,0.00043862683821768657,2.6824858061503774e-07,0.4879073218217593,0.00010906591355102096,5.974027401352712e-06,5.232127873111147e-08,5.700943926741132e-05,1.4192818377843425e-06,9.167928875615161e-09,7.032578670426631e-05,2.312401465024736e-05,0.0008319958547305911,9.245050403192744e-06,0.4923958071160733
13,0.0033844707902485525,0.011628234918889032,0.0010679347638116508,0.0002563929409054453,6.0178259435767735e-05,1.95083978701575e-05,0.002481777626328663,1.691970367856122e-08,9.428125226009358e-07,4.260613416437837e-06,0.00010640004856000038,0.0007313071213158717,2.832165920347356e-07,0.44156926290880405,0.00019737486284220334,4.543883324305101e-06,6.488764641032533e-08,3.7653630414216835e-05,2.591194822540241e-06,1.1601331836811103e-08,8.275514921702889e-05,2.1712900045204763e-05,0.00045533079951060376,9.16056020746412e-06,0.5378778291922344
14,0.0007936707110395301,0.11421742181290026,0.000707724442953797,0.00042511247435411545,0.00010520458688473905,4.323946116087676e-05,0.0021426777357044617,1.2484266620343556e-08,1.990080839461062e-06,4.4394655770629776e-05,5.66406886225978e-05,8.35888429101279e-05,8.51367099186211e-07,0.4093013257989524,0.00011901015129934519,2.8522045779129477e-06,2.2823671018256757e-08,6.822658657225703e-05,2.1148055832973248e-06,1.5066429665833083e-08,6.475548419901427e-05,1.9976704069112466e-05,0.00022737575212965916,1.613143515040157e-05,0.47155566384285963
15,0.002539529109562015,0.01365323139815259,0.0007162700304326248,0.00026204915950939163,4.6177234007647436e-05,2.2478333171390464e-05,0.0023968322070870257,1.2532439467622356e-08,7.869667710877154e-07,7.3487790455241854e-06,5.218251662642495e-05,0.000315655569178418,2.515181487868971e-07,0.35002146795752637,0.00015287386421884884,5.840329562371288e-06,4.093559389295529e-08,3.799822044501778e-05,1.9062636313953852e-06,1.1283378348390512e-08,6.490433048300579e-05,1.635846237741285e-05,0.0005000719817262643,9.712117968193163e-06,0.6291760088989564
16,0.0028675438130134896,0.012967327426625059,0.0010602074199032275,0.0002593129927078123,6.599517675524474e-05,2.5133409276122363e-05,0.002691083805455368,1.4155084562275853e-08,1.1050150818322306e-06,6.227728102059226e-06,6.944593206064116e-05,0.00037412320605892087,3.2636482955716754e-07,0.3722552646977714,0.00020012141498802698,6.133146725379482e-06,4.387464809299942e-08,3.1009140727733165e-05,2.1198900401041682e-06,1.1921726333069648e-08,5.0998837396337644e-05,1.5301453769267988e-05,0.0005120759818246205,1.2261076813157975e-05,0.6065268121186156
17,0.002763056366005126,0.016781203725169235,0.0008305061267604199,0.00022330842027405492,5.138648600549663e-05,2.8182769467258406e-05,0.0027370179023449214,1.498802388206037e-08,1.2893593328525035e-06,8.763838758466569e-06,6.581007619591306e-05,0.00030092737848255816,2.5249953348439037e-07,0.29819465436462833,0.00024911707764308975,7.045637980362093e-06,4.6698729013031856e-08,3.432853112170239e-05,2.668506916445143e-06,1.2280610013442435e-08,7.009664074497805e-05,2.0091670499776402e-05,0.0004515664498240316,1.1305105189531518e-05,0.6771673470997591
18,0.0011939391262498283,0.013885905468916566,0.0011649764438135708,0.00030277679018311663,0.00013804971918850457,0.00016663747874345585,0.003831081833823566,1.1498013342435104e-08,5.643129899937786e-06,1.0042904289752911e-05,0.0001587107826270575,0.00016043300602880224,3.374989371535693e-07,0.6567597433301565,0.0004630059505645276,1.283397249843589e-05,8.655483531217819e-09,1.4607370366474305e-05,5.916917901202599e-06,1.9434170306698324e-08,6.264524036040189e-05,9.915282689379383e-06,0.00044998750027545176,3.5582469470487076e-06,0.3211992124178723
19,0.0017420920129904752,0.013335919803306862,0.001448252724143402,0.00030216781382861734,8.325990387988123e-05,2.2980428438166763e-05,0.002037002684985489,1.4210627208469478e-08,1.3087037483170274e-06,8.830559065167499e-06,5.180917249701095e-05,0.0004334935349105362,4.362766303622608e-07,0.4957286243168515,0.00011450008110190497,4.448442002809791e-06,3.43092084865676e-08,3.0718487021314065e-05,1.851828483660116e-06,1.319190339818234e-08,5.321960641409762e-05,1.566407813207694e-05,0.00026068617917816714,9.176653512773864e-06,0.48431349499713827
20,0.001977671916712639,0.01739378265661162,0.0006321082088390112,0.00023839068841169015,5.889193693104577e-05,1.76464645604995e-05,0.001738888971121795,2.0053905627443062e-08,8.791158927283495e-07,9.334747493116423e-06,4.2005511312130516e-05,0.00032944148307638313,2.2223778434121027e-07,0.3331546884146682,0.00023941218466439843,5.268108453790295e-06,7.252651648468103e-08,3.259616424556429e-05,2.5598344302831824e-06,1.0149566046957355e-08,8.728894333231337e-05,3.546740788507186e-05,0.0005102808031709036,1.0712850246560719e-05,0.6434823586201678
21,0.0033693164662935457,0.00818195882540144,0.0007433430490805461,0.0002722011640479412,3.3489784389581923e-05,2.2870030415641386e-05,0.003037182096080072,8.104570028548973e-09,4.0506607826511816e-07,5.915655919047996e-06,4.0275402581773876e-05,0.0004863696531052689,3.235343394772146e-07,0.46665034407642286,8.152923815178201e-05,8.628487268329782e-06,2.954477552443945e-08,4.22575877138206e-05,1.2045069794961395e-06,1.3902266190739097e-08,5.273293564016336e-05,1.0273697071534543e-05,0.0006147978081635154,7.772221020796354e-06,0.5163367571622234
22,0.003990036431364942,0.01155904088982429,0.0009902290628310574,0.000288936630654833,4.825207092357574e-05,3.0478303716953658e-05,0.0029568975126316563,1.5716863558795858e-08,7.883637281750918e-07,6.6275670862842915e-06,8.648740527264464e-05,0.0005756450351147096,2.6161207402312546e-07,0.41680905781979505,0.00014181681059293144,7.373824769875711e-06,5.985316428555455e-08,6.966305042512447e-05,2.0325300876040315e-06,1.6642197952702175e-08,9.908732217427591e-05,2.249652236222377e-05,0.0005969791882804741,1.0520432978409893e-05,0.561707199401085
23,0.002539529109562015,0.01365323139815259,0.0007162700304326248,0.00026204915950939163,4.6177234007647436e-05,2.2478333171390464e-05,0.0023968322070870257,1.2532439467622356e-08,7.869667710877154e-07,7.3487790455241854e-06,5.218251662642495e-05,0.000315655569178418,2.515181487868971e-07,0.35002146795752637,0.00015287386421884884,5.840329562371288e-06,4.093559389295529e-08,3.799822044501778e-05,1.9062636313953852e-06,1.1283378348390512e-08,6.490433048300579e-05,1.635846237741285e-05,0.0005000719817262643,9.712117968193163e-06,0.6291760088989564
24,0.0013447714182387657,0.015699125743356766,0.0005547836643776055,0.0003686087035171688,5.188768671104183e-05,2.0244174533920958e-05,0.0017901086933250507,9.181251305709103e-09,5.506314404413048e-07,9.036764984583567e-06,3.491418777121085e-05,0.00022274439354563676,3.1623058498549744e-07,0.49614345226195816,7.26322981886038e-05,3.825986318725528e-06,2.258973447320531e-08,3.845510255599385e-05,1.4504026961084075e-06,1.0522396379715992e-08,5.446026878629402e-05,1.2160958435293312e-05,0.00040239555588957157,6.314861786152571e-06,0.48316771771761585
25,0.004133391186052522,0.011429046114344601,0.0012654865922691035,0.0004440596952521876,4.202602220118682e-05,1.4086310608450124e-05,0.004067091004077657,2.4904963694122836e-08,7.380740527622675e-07,4.0812871355339745e-06,0.0001333343485559576,0.0008075064959009369,4.2682402326622107e-07,0.42487735350831113,0.00011534622520967219,4.201597806511943e-06,7.672823351727509e-08,6.274413484110641e-05,2.2381585710293312e-06,2.2795579662941754e-08,8.233117447319011e-05,1.559025936193877e-05,0.0005418538261474041,1.2841101044213586e-05,0.5519441016309827
26,0.006147378947657658,0.016762162248423727,0.001339695564870835,0.0003281307814168238,4.1616367228442136e-05,1.375317953582175e-05,0.0035147855595757667,2.38251618838494e-08,8.00188553650629e-07,7.298885984525758e-06,7.240434682746912e-05,0.0004607135943641673,4.7007879862757266e-07,0.20351271969194842,0.00012303114582181367,4.2603791578070585e-06,1.262154762485957e-07,9.65605070585734e-05,1.1300160696650603e-06,1.6199712883600654e-08,6.074120099361998e-05,1.8301703424980753e-05,0.000556863997774701,4.474620799728931e-05,0.7668922691661646
27,0.002362926078909514,0.011941311314047052,0.0006200690482824427,0.00017931052889296785,3.5697887838449766e-05,2.5800850371338735e-05,0.002163502607416486,1.5713422086737764e-08,1.4283213010291386e-06,8.904292235463686e-06,4.228583736777201e-05,0.00021113848521856317,1.4799299500455032e-07,0.2102685084857094,0.00026204641232986143,7.3016165898490205e-06,3.8941956425497305e-08,2.6497278924338708e-05,2.340422603885912e-06,1.1031220838906745e-08,6.570455378388112e-05,2.138081131390038e-05,0.00039179518239537404,9.067268173119727e-06,0.7713527690367009
28,0.002539529109562015,0.01365323139815259,0.0007162700304326248,0.00026204915950939163,4.6177234007647436e-05,2.2478333171390464e-05,0.0023968322070870257,1.2532439467622356e-08,7.869667710877154e-07,7.3487790455241854e-06,5.218251662642495e-05,0.000315655569178418,2.515181487868971e-07,0.35002146795752637,0.00015287386421884884,5.840329562371288e-06,4.093559389295529e-08,3.799822044501778e-05,1.9062636313953852e-06,1.1283378348390512e-08,6.490433048300579e-05,1.635846237741285e-05,0.0005000719817262643,9.712117968193163e-06,0.6291760088989564
29,0.002539529109562015,0.01365323139815259,0.0007162700304326248,0.00026204915950939163,4.6177234007647436e-05,2.2478333171390464e-05,0.0023968322070870257,1.2532439467622356e-08,7.869667710877154e-07,7.3487790455241854e-06,5.218251662642495e-05,0.000315655569178418,2.515181487868971e-07,0.35002146795752637,0.00015287386421884884,5.840329562371288e-06,4.093559389295529e-08,3.799822044501778e-05,1.9062636313953852e-06,1.1283378348390512e-08,6.490433048300579e-05,1.635846237741285e-05,0.0005000719817262643,9.712117968193163e-06,0.6291760088989564
30,0.002539529109562015,0.01365323139815259,0.0007162700304326248,0.00026204915950939163,4.6177234007647436e-05,2.2478333171390464e-05,0.0023968322070870257,1.2532439467622356e-08,7.869667710877154e-07,7.3487790455241854e-06,5.218251662642495e-05,0.000315655569178418,2.515181487868971e-07,0.35002146795752637,0.00015287386421884884,5.840329562371288e-06,4.093559389295529e-08,3.799822044501778e-05,1.9062636313953852e-06,1.1283378348390512e-08,6.490433048300579e-05,1.635846237741285e-05,0.0005000719817262643,9.712117968193163e-06,0.6291760088989564
31,0.0021658177679724977,0.01712869246324731,0.001044407399700171,0.0003283943232654739,5.5983394593051975e-05,9.956532482649929e-06,0.0017117249335803365,1.4226823368925836e-08,5.454736220037656e-07,7.955000009826239e-06,2.7675590122393556e-05,0.00029552070721351303,4.080847688996356e-07,0.3626835612878761,6.472959935327327e-05,3.295271222929734e-06,4.564254883209285e-08,4.2191835203024474e-05,1.2160688528783738e-06,1.0600545736827175e-08,4.637498976712638e-05,1.16338454878431e-05,0.0003117126201831625,1.606950978284342e-05,0.6140420628317749
32,0.002480365455258235,0.01348941846957283,0.0007065481991745055,0.0002459535169713392,4.652730243094161e-05,2.302403711648368e-05,0.002354441282391694,1.3400714091443007e-08,8.931675238852347e-07,7.633737565990247e-06,5.0721843834127835e-05,0.0003080383335372699,2.3463377182153016e-07,0.34541140855357194,0.00017226905570225977,6.40548524783181e-06,4.134118852952495e-08,3.414528593648962e-05,2.2897698328553406e-06,1.1406659921456891e-08,6.844745778669592e-05,1.7961179875349715e-05,0.0004749404161805211,8.920092537097918e-06,0.6340893465756173
33,0.0029463959746857614,0.02143017964017505,0.0006201313357091256,0.000269912918640723,6.992199740102308e-05,2.341352763714355e-05,0.00225812651254325,1.4877961711435379e-08,5.123948595246976e-07,8.999262180221538e-06,5.260971536455118e-05,0.00042773292773103886,3.954495122420509e-07,0.5010005673910333,0.00015949664294332276,6.422933196213987e-06,7.21790029679337e-08,5.512695821573809e-05,2.2666599889430864e-06,1.2168653954005426e-08,6.929858302026981e-05,3.4890487997449775e-05,0.0007372276702352083,1.2379986730229274e-05,0.46981389180458105
34,0.0030598666656106092,0.010249635651959622,0.0011933502604949263,0.00011934705866506778,2.8578486516826293e-05,2.2396284868818713e-05,0.0034590543815816556,1.9845609722886034e-08,8.400939823989495e-06,8.036587507188792e-06,4.5457555679016725e-05,0.0001243198916454061,1.60205736924794e-07,0.15182610764491059,0.0003522406746275195,7.081934563078554e-06,1.6208703831404638e-08,9.688154268710715e-06,6.185714882009164e-06,1.0147269506188077e-08,4.133835667375971e-05,9.815508790535485e-06,8.846340333648801e-05,7.336751800252393e-06,0.829333091684474
35,0.0029929918937662376,0.009553249469984077,0.00046117287687987506,0.00022925638395193232,1.1407423984471883e-05,5.6859459067313345e-06,0.0016167343634184799,2.4564935074282163e-08,1.024986799739699e-06,7.971590703898487e-06,2.3609298554660822e-05,0.0001900218381407064,1.4520975334403005e-07,0.07067633980856054,4.179869827476886e-05,1.6416894787155718e-06,4.612237158752316e-08,6.455014480547253e-05,1.401996413572254e-06,1.0500358255598875e-08,4.7752136675719786e-05,1.2126074536707695e-05,0.00010472046209326991,1.2585500821762331e-05,0.9139437310188304
36,0.002544626634395152,0.013751357963747324,0.000714414691025242,0.00026337848090988563,4.611304255535294e-05,2.28162916524765e-05,0.002421317595316035,1.2500124143499528e-08,7.891966959687359e-07,7.383124985620873e-06,5.2838837010557304e-05,0.0003132468093515101,2.5191286083971663e-07,0.3505136360627568,0.00015329351740611167,5.854546988300127e-06,4.064821101918333e-08,3.849724798783756e-05,1.9004451397519518e-06,1.1354936249834887e-08,6.513800710065733e-05,1.6347809667523143e-05,0.0005048227892678788,9.747323661763411e-06,0.628552163166246
37,0.007379210942822417,0.011106629406518576,0.0010202892490573953,0.00022412594749043026,3.381385583181755e-05,1.1709967176857346e-05,0.00329474816432384,9.787544856242616e-09,3.046179278147714e-07,3.159753583705389e-06,5.688709873552456e-05,0.0006177602201457916,3.1568450670777826e-07,0.47203742842399,6.882901939676702e-05,4.8303179230018635e-06,5.1235131821926785e-08,5.974358006007405e-05,1.2949687508576605e-06,1.0228318154644208e-08,4.37548429428881e-05,1.3436227487889088e-05,0.0004441566168063287,1.3266032769139991e-05,0.5035642338107573
38,0.006819528203521816,0.009960705128707639,0.0005806645763861655,0.00015570566190071318,2.9493809111912033e-05,7.691025105793072e-05,0.0072779654362027405,1.0077903440282058e-08,9.07395270446712e-07,6.611391541984753e-06,0.00010908264038790996,0.00040997593474249877,1.7809337281021704e-07,0.40531107532324595,0.0004150732490721516,2.584821637499632e-05,3.4888604270814573e-08,4.68187674173385e-05,3.2168262367454882e-06,1.6633272557125748e-08,8.893776180933346e-05,2.5027715293716805e-05,0.0013141858817800499,8.111955027662254e-06,0.5673339141817572
39,0.0025689543164157053,0.015860029818126262,0.0007129244178549868,0.00026549459121255153,4.642592572365941e-05,2.1865177530663684e-05,0.002569892439491751,1.2231518045371328e-08,7.895996983593094e-07,7.603968791028858e-06,5.470714594331184e-05,0.00029398571610272413,2.811974225745681e-07,0.3555639365528731,0.0001571609976830946,5.4270759132501765e-06,4.14201116570029e-08,3.9319127353946034e-05,1.8357991788592982e-06,1.1136645311739385e-08,6.057741958618614e-05,1.6784911678874707e-05,0.0005035815090454149,1.083227132834521e-05,0.6212375252327705
40,0.002607475017141146,0.013657646286565668,0.000723454370677834,0.00025640577698462467,4.6456016949160896e-05,2.247469641269214e-05,0.002409472301466692,1.2512258111959001e-08,7.828297397301066e-07,7.223132688951431e-06,5.273281944331826e-05,0.0003226265034602165,2.4893765119912967e-07,0.3558606947180801,0.0001544712504543805,5.87374946453878e-06,4.1347559015845e-08,3.7984149269970544e-05,1.9338985445700185e-06,1.1162309015643349e-08,6.523203967568657e-05,1.6882019029376814e-05,0.0004966493960556313,9.671378365025583e-06,0.6232435436897533
41,0.0009406736599913276,0.012794355430953135,0.0013914309925488982,0.00018629802317080165,9.092950328037955e-05,3.28366347332539e-05,0.0014954995632632424,1.0054274423738054e-08,3.9273534855283804e-06,1.1983584913943742e-05,2.276757285377308e-05,9.772130373316067e-05,2.031383023643383e-07,0.3555608874892532,0.0002475060565450264,6.534922828409019e-06,1.067972031766386e-08,7.292448127750266e-06,2.4615071463127173e-06,7.428885923483436e-09,3.9494155568111566e-05,8.048542387940162e-06,0.00013994661823486188,6.001895214893937e-06,0.626913171440583
42,0.003139418899077911,0.012902047065367819,0.0005793923922887253,0.0001442297240447246,3.680597028324155e-05,2.4394550121166815e-05,0.0024443444832554545,2.6809109967161357e-08,1.272940515316794e-06,8.649162468157202e-06,4.761352980110392e-05,0.00036633764963928464,1.0288491774186224e-07,0.2654423329794641,0.0004943015560607364,1.5058240259595138e-05,8.326821342055684e-08,2.2868043616491348e-05,6.251657517086652e-06,1.4711921418915367e-08,0.00013117725477555458,6.222379779999098e-05,0.0005995779511596717,6.694210363264108e-06,0.713524780267958
43,0.001332240063754616,0.015457507665513967,0.0003104163137967707,0.00021424854383018477,5.708516968498681e-05,5.358130092796795e-05,0.0012486410452432868,1.5142464363590706e-08,1.0860273330333896e-06,1.9453730834714874e-05,3.032102831628042e-05,0.000186047786168304,1.1140381948041808e-07,0.26952396310973764,0.00027602674850090586,1.0375366178893837e-05,4.307246287300377e-08,3.962853327893012e-05,3.158291830059981e-06,9.763166275252441e-09,0.0001425347668497251,3.988094692778499e-05,0.0006588308892704855,5.558565102188859e-06,0.7103892347250063
44,0.002539529109562015,0.01365323139815259,0.0007162700304326248,0.00026204915950939163,4.6177234007647436e-05,2.2478333171390464e-05,0.0023968322070870257,1.2532439467622356e-08,7.869667710877154e-07,7.3487790455241854e-06,5.218251662642495e-05,0.000315655569178418,2.515181487868971e-07,0.35002146795752637,0.00015287386421884884,5.840329562371288e-06,4.093559389295529e-08,3.799822044501778e-05,1.9062636313953852e-06,1.1283378348390512e-08,6.490433048300579e-05,1.635846237741285e-05,0.0005000719817262643,9.712117968193163e-06,0.6291760088989564
45,0.0036491626198193188,0.014051348462407012,0.0014669141935154905,0.0002113761632231415,7.188418920763057e-05,2.9828633501732354e-05,0.004500656792105683,2.1096007228482533e-08,1.995243699068815e-06,7.496497937590065e-06,8.106385105586655e-05,0.00041779619302667804,4.1306269351437113e-07,0.3973559146207266,0.00040495487346955765,1.0588792309692151e-05,5.3266239730063304e-08,2.1951150707488193e-05,3.6794988159860913e-06,1.5742138058145672e-08,5.5971862464222486e-05,2.0354978652301452e-05,0.0005077153833534398,1.5127808687539457e-05,0.5771137150242355
46,0.006566528998904328,0.013936802356246945,0.0007500463847087179,0.000309264397691187,4.262480300402367e-05,6.370882238766199e-06,0.0015424559805881158,4.0074129329556734e-08,3.585717698905363e-07,5.21347986020276e-06,6.0328718706299006e-05,0.0011022824206117934,3.629190922006139e-07,0.16519746718858078,0.0001649122304372931,3.903327700375393e-06,5.8591543812204e-07,8.53980643368327e-05,1.6553788675281856e-06,1.3715629360023385e-08,0.00010746154502573255,4.230893385043857e-05,0.000824198242996092,3.694628648861381e-05,0.809212469183097
47,0.011713221786031703,0.011697095351052794,0.0006793290996816249,0.00013663911993599834,2.308206854137179e-05,1.837584236745422e-05,0.003375234359537806,1.6291225797535418e-08,4.108001302505824e-07,5.306837356861854e-06,6.268317836934567e-05,0.0010414316225798401,1.9597600123768484e-07,0.25516744901222116,0.00017632091987210732,1.1075101337605733e-05,1.2662599208221657e-07,8.117016957434657e-05,2.1789417590565335e-06,1.4933008214510814e-08,8.639045827126918e-05,5.01529486299584e-05,0.0006212425314289233,1.4454694159761823e-05,0.7150364013309335
48,0.0035376135441589677,0.03555399279098956,0.0003733883227267355,0.00024887574326053105,4.115765724036042e-05,1.0086451621512482e-05,0.0030298947586405948,3.2459031972140984e-08,5.46664739075923e-07,1.3878072487550477e-05,3.312299905335778e-05,0.00029598261415067647,3.992688989139765e-07,0.296486485662532,0.0002677714219507633,7.510481007390917e-06,1.794558624147225e-07,4.1132659282826064e-05,4.903564928094876e-06,1.2911670966745322e-08,8.186864102181966e-05,6.195720255970297e-05,0.000842539964491352,1.9563467248570963e-05,0.6590471032204444
49,0.002972790404033895,0.011117618558150378,0.0009588386453932149,0.0002780752518130389,6.945445208683825e-05,3.541368936257585e-05,0.0023433160989921654,1.503997016520372e-08,8.20308953875408e-07,7.396051920987082e-06,7.449956114441866e-05,0.0006597111242617274,3.006130919009637e-07,0.47802062659396666,0.00015271373112161842,7.184049768153844e-06,5.246782846195256e-08,5.5183019331396845e-05,2.041553180405891e-06,1.504946715598888e-08,8.34123466154621e-05,2.624126027030833e-05,0.0005958252911289048,8.99856537636638e-06,0.5025294562727699
50,0.004254655560052225,0.013398149453199497,0.0008645168364106063,0.0003660716760121498,6.296174830309384e-05,2.3844905588306696e-05,0.0020307128860675844,1.89946016187277e-08,6.324818736847581e-07,4.686909960948161e-06,0.00013523854237166682,0.0008274525009165483,3.106794155054057e-07,0.2837340754140757,0.0001984743930477838,3.890188952524885e-06,1.2608877558068517e-07,9.580150315261214e-05,1.3252881859481959e-06,1.299878671934788e-08,0.00011476598505773414,2.105023895769038e-05,0.0009533060366512713,2.003938982277814e-05,0.6928878792997603
51,0.0017105729404763164,0.019336815463405824,0.0007163795829983645,0.0005104618583302433,4.318594783801264e-05,1.8492807744753732e-05,0.0028143494922764083,1.5417265646160126e-08,6.248387042188422e-07,9.61140542262092e-06,6.80545289989704e-05,0.0003438009580158148,3.8776581481960337e-07,0.5314802010218765,5.758511930058879e-05,2.336352156503391e-06,3.121976062551978e-08,9.189526927596317e-05,1.3827897674189022e-06,1.6128536706747816e-08,7.897976906930031e-05,1.9963688239431142e-05,0.00035696813805589423,8.322212870868716e-06,0.44232956528379824
52,0.004752496947709576,0.018485668131699405,0.0007160354166899707,0.00044568642576702823,5.3418557928097774e-05,0.00020748774640006961,0.006718763944405131,1.3993240414792147e-08,1.4092011308309038e-06,1.8060643499364963e-05,0.00021035761851648702,0.0003816581119947895,5.201361092976265e-07,0.45992399515441673,0.00019611074728731335,1.3562476923088156e-05,3.606044793022889e-08,0.00029524760669085007,1.387629887854562e-06,4.05253795187001e-08,0.00010295999823163825,3.312556447390328e-05,0.0015467085927333844,1.6650017979797845e-05,0.5058785987504577
53,0.004420826288471459,0.012482342517087637,0.0006931942136560555,0.00026987872978804107,1.5758449273298124e-05,3.622207412289954e-05,0.01149126141386223,1.3046828133635558e-08,1.2053388214050431e-06,7.247915207544363e-06,0.00011136677031993092,0.00017938648442904884,2.569146127424475e-07,0.23471382699839663,0.0003123903597965494,1.390513883773139e-05,3.1230067245925263e-08,4.434399908256455e-05,1.750903535088024e-06,2.6729978830841742e-08,5.6521376976403005e-05,1.3108258006970703e-05,0.00121417652392078,1.5917252141406702e-05,0.7339050410727793
54,0.0069633469245024325,0.031096716853810658,0.006517480145820026,0.0024983953742362948,0.0027233758689062275,0.00012714389974790416,0.001409522081844736,4.2254690668687403e-07,3.604879974393878e-06,6.397133757193397e-06,0.005834397290073292,0.010042427077591525,2.2490586666602295e-06,0.5798604961459844,0.0004998837344370903,1.5783252695260808e-06,4.402110803877829e-06,0.0020481331301293944,7.115459272347283e-06,5.4007521282153556e-08,0.0009286091406803312,0.00015191253732766932,0.0029052636547596484,0.0001506655200699635,0.3462164070979064
55,0.0026461163942682314,0.013395298262122988,0.0007833405976402694,0.00026971478340453585,4.2956063785422534e-05,2.0532104247900554e-05,0.002399050929684839,1.27989346707709e-08,8.341407317166862e-07,7.092607573636622e-06,5.4783818287887666e-05,0.0003357046382819853,2.709648333041906e-07,0.3165004847756455,0.00013658061447003326,5.141251250198207e-06,4.1146266321898264e-08,4.090764649741953e-05,1.7360894208754324e-06,1.1931636935061735e-08,6.0613905443070866e-05,1.4621372291491578e-05,0.0004293579405719142,1.0553545007492367e-05,0.6628442416777013
56,0.0025624277788008094,0.01511952594146144,0.0008026581680893317,0.0002850129526369351,5.1396553313087236e-05,2.2165922907359465e-05,0.0025077959700786417,1.409294652712095e-08,8.70686434277216e-07,7.989920506342971e-06,5.508922820524006e-05,0.00033074119310675537,3.1961199349056555e-07,0.36504584563037323,0.000154366242925724,5.782058215554116e-06,4.567324575183813e-08,3.9419837755984176e-05,1.994311432752434e-06,1.2734348532018501e-08,6.36464114650298e-05,1.6811686435507308e-05,0.000491011714415557,1.1193532453426079e-05,0.6124238621464527
57,0.0018781194419078854,0.010172981638229737,0.0011650283265055314,0.00021622403229413026,8.95800069994002e-05,1.459118002505916e-05,0.0010078856521901782,2.032805676780091e-08,1.0623904546355992e-06,8.396229481895763e-06,2.93954684318223e-05,0.0007145729497466763,2.736083714114212e-07,0.40291086866559483,0.0001333340209087579,5.8268632007739615e-06,7.31376849134969e-08,2.1486857766931615e-05,3.471060065678129e-06,1.0164328713608853e-08,7.707028069644915e-05,2.574790843381576e-05,0.00022343077541893695,6.607244067494334e-06,0.5812939417691375
58,0.0027542797951632795,0.015560589363685847,0.0007877720852953188,0.0002723137341602773,4.788718712349012e-05,1.936437160404398e-05,0.0024652998130030024,1.4412727253962921e-08,7.459594994755748e-07,7.707288874655102e-06,5.302762030657192e-05,0.00033354375818045603,2.9328163589169106e-07,0.32568370683935133,0.00015494666503290588,5.523146545348464e-06,5.492158855155389e-08,4.3198096050089196e-05,1.7673285269076694e-06,1.1929576691651793e-08,6.62100601157933e-05,1.791189129018434e-05,0.0005373753699758857,1.3415120965498819e-05,0.6511730399597212
59,0.0029729869753807587,0.014207793841958966,0.0009614505070173205,0.0002687586360666564,4.689232696633636e-05,1.7888515651392017e-05,0.0025290275651731575,1.4934807661207457e-08,7.815715567666685e-07,7.153865918610625e-06,5.2597892999596075e-05,0.0003508578597811127,2.944785921899791e-07,0.3049026290181228,0.0001455634397811501,5.410523800233049e-06,5.604626029295277e-08,4.4606525091731014e-05,1.569736759775052e-06,1.240433688733766e-08,6.433980085639415e-05,1.605490916791969e-05,0.0004912677210430717,1.5550350131053645e-05,0.6728964405527781
60,0.002539529109562015,0.01365323139815259,0.0007162700304326248,0.00026204915950939163,4.6177234007647436e-05,2.2478333171390464e-05,0.0023968322070870257,1.2532439467622356e-08,7.869667710877154e-07,7.3487790455241854e-06,5.218251662642495e-05,0.000315655569178418,2.515181487868971e-07,0.35002146795752637,0.00015287386421884884,5.840329562371288e-06,4.093559389295529e-08,3.799822044501778e-05,1.9062636313953852e-06,1.1283378348390512e-08,6.490433048300579e-05,1.635846237741285e-05,0.0005000719817262643,9.712117968193163e-06,0.6291760088989564
61,0.0028083571133391766,0.013891296840598122,0.0010034294474923577,0.0002650043316397848,5.066192338777877e-05,1.8905954375979713e-05,0.0024608963166177764,1.4587227730764409e-08,8.731444446826808e-07,6.994263765987371e-06,5.568100751144625e-05,0.0003691394819879675,2.9337203926237187e-07,0.32977545743285447,0.00014955908200652902,5.391380403199593e-06,5.119144282865109e-08,3.9646168315274776e-05,1.7641002719111938e-06,1.2175254609216316e-08,6.47115207162701e-05,1.5985592208813777e-05,0.00044518082669176186,1.3294406291319112e-05,0.648557398339115
62,0.002539529109562015,0.01365323139815259,0.0007162700304326248,0.00026204915950939163,4.6177234007647436e-05,2.2478333171390464e-05,0.0023968322070870257,1.2532439467622356e-08,7.869667710877154e-07,7.3487790455241854e-06,5.218251662642495e-05,0.000315655569178418,2.515181487868971e-07,0.35002146795752637,0.00015287386421884884,5.840329562371288e-06,4.093559389295529e-08,3.799822044501778e-05,1.9062636313953852e-06,1.1283378348390512e-08,6.490433048300579e-05,1.635846237741285e-05,0.0005000719817262643,9.712117968193163e-06,0.6291760088989564
63,0.002639443854926025,0.016634287922218587,0.0007162164129088053,0.0002661521066350923,4.4986040073256e-05,2.1724509807717147e-05,0.002585716656291572,1.3614122488634053e-08,8.502773551717882e-07,8.076136980568095e-06,5.567715042384632e-05,0.00029226824461388794,2.8161481165639863e-07,0.3299807643783843,0.00016556125623294369,5.603788231673226e-06,4.512754797393953e-08,4.092612615427643e-05,1.9479694498815824e-06,1.2117796578198738e-08,6.533402087335618e-05,1.7906601426941775e-05,0.0004956525597482626,1.152900581533532e-05,0.6459490225071699
64,0.0023310248412320876,0.01264305154827164,0.0006297585461025643,0.0002505030488181349,4.2955146466860366e-05,1.9563600804657e-05,0.0019325038174211465,1.3335889835967366e-08,7.273785732346588e-07,6.835637143459815e-06,4.947371680175051e-05,0.0003269367669431821,1.8831227426676735e-07,0.30846705262630014,0.00015690019597259256,5.2743955686282755e-06,4.624032142335276e-08,3.780042709989724e-05,2.026320434774305e-06,9.85753099695683e-09,8.711474284060808e-05,1.692504923799791e-05,0.00047961600807300264,8.669802754937037e-06,0.6725050286371221
65,0.0022713067009223933,0.0104578622350029,0.0006194284638177285,0.00026639648620807235,5.332505062201931e-05,2.7635157031127538e-05,0.0018750322874179113,1.0356929275379007e-08,5.977266230686598e-07,7.038769259231068e-06,4.655604271537437e-05,0.000387888988637694,2.1838551571867585e-07,0.4238083322423972,0.00012196962094706892,6.140244180475834e-06,3.5833232348047064e-08,4.2136885281658064e-05,1.7945877170745513e-06,9.839836231406974e-09,7.363184639718494e-05,1.6160780241026347e-05,0.0005496865597550254,6.841442426117452e-06,0.5593599634668861
66,0.0011045156425264408,0.00676345444485709,0.001155230387065062,0.0002481834818830757,4.923683117379053e-05,5.034633934194951e-05,0.0031194530289475157,9.331716672940165e-09,2.738958476551156e-06,1.7879466175010337e-05,2.1399464005902846e-05,0.00022510272617423432,4.470768993963935e-07,0.6145468400065243,6.223366187399884e-05,1.7709033918664047e-05,5.755536681117062e-09,1.119508009818909e-05,4.834468227142237e-06,2.64751275764217e-08,2.876697764490415e-05,7.458189295369658e-06,0.00012633593022714414,1.9021118574477097e-06,0.3724346951304258
67,0.0026138423890322824,0.01793803961353266,0.000759715366248038,0.00025553640834545153,4.796269325460845e-05,1.9257620304599456e-05,0.0022860172102576013,1.5141734390324576e-08,1.047907930393049e-06,8.313067488086845e-06,5.4189282745279974e-05,0.00028405156722464937,2.6309403021692314e-07,0.3036993481880311,0.00015915079510970162,4.3750981230006725e-06,4.5950437966952776e-08,3.956752482530648e-05,2.2025226965593584e-06,1.0307030616081628e-08,6.550427818827247e-05,1.8481860913229694e-05,0.00035301907010980055,1.1391036131998469e-05,0.6713786520062741
68,0.003392616342444605,0.012894193160575424,0.0005542945917523609,0.0002964745301839195,3.589335649433829e-05,2.8499249454571965e-05,0.0026427661996710726,1.3139624535708446e-08,5.983087433857891e-07,7.178098613394682e-06,7.474480028323798e-05,0.0003977841499951766,2.2573007121478462e-07,0.27646294715474357,0.00015359743459822096,6.131383219541872e-06,5.7376459018681796e-08,7.4326612094023e-05,1.4740545420142158e-06,1.3756592309844493e-08,8.794277522843645e-05,1.967506378573129e-05,0.0008228304108368408,1.2025784366571654e-05,0.7020336965356265
69,0.0022795615226427375,0.012417207668174387,0.000711584457073978,0.00027437281903989645,3.7384380278601245e-05,1.7627513281446953e-05,0.0022647070028173665,1.2973716517377711e-08,7.807990893728845e-07,7.497407248799382e-06,4.174075274745909e-05,0.0002636905446870599,2.3720011970472986e-07,0.27721159648212923,0.00013067118489327906,5.503125670876709e-06,3.9278004570845114e-08,3.4365427904500794e-05,1.6817601062815168e-06,1.1984107822841088e-08,6.0229088520388186e-05,1.2811920989699874e-05,0.0004390135421942606,1.0250301817133445e-05,0.7037774208627448
70,0.002462260758995034,0.01217873856821384,0.0007435829489979103,0.0002595628216538619,4.6158483304523695e-05,2.1870360161229666e-05,0.0023194955814799536,1.143920271978114e-08,7.425694047828588e-07,6.937852781981307e-06,4.757952373949741e-05,0.0003228921422337805,2.478314676043474e-07,0.37622808991020845,0.00013522051094067762,5.832826900086971e-06,3.63758985314722e-08,3.517661084338034e-05,1.7795636049097153e-06,1.0834060369298631e-08,6.109584468312275e-05,1.4943658792756263e-05,0.00047277941016423195,8.794062702560486e-06,0.6046261595095643
71,0.003952835875968222,0.011492812324563381,0.0007403879350115559,0.0002889832970909007,3.145283712965471e-05,1.979289051649873e-05,0.0037348916346818255,1.5029205622879135e-08,6.220816428229059e-07,5.577303233745212e-06,7.047836953205994e-05,0.0004092068863830554,2.606250834525316e-07,0.32480153864479516,0.00015631641146800565,7.457467109764363e-06,5.5291771707182976e-08,5.0363447363889543e-05,1.8984978539409296e-06,1.648982443000647e-08,7.190362031677884e-05,1.6429236331125203e-05,0.0007343135905020752,1.200281159370947e-05,0.6534003874010266
