,0,1,2,3,4,5,6,7,8,9,10,11,12,13,14,15,16,17,18,19,20,21,22,23,24
0,0.010953718478052613,0.013186342959736854,0.0020003413783001908,0.0005263128649157955,0.00014206463275654967,5.179442695188534e-05,0.002772679444421379,3.5545654524008994e-08,8.988523163468826e-07,3.120325387075601e-06,0.0007145739532226118,0.0036753768379491547,6.233258635214313e-07,0.3069352717634834,0.0003919920223017114,4.309597898758396e-06,4.418598600585308e-07,0.00029946150793202603,1.247511293324501e-06,2.3891308602697775e-08,0.0002158875185353619,3.233807199412465e-05,0.0021733069822368165,5.520113853202148e-05,0.6558626351090954
1,0.0055056424597016915,0.012144037541102059,0.0012869885257409703,0.0004346233501474278,9.19172678778272e-05,3.4478107058352944e-05,0.00191043085187337,3.126045072855163e-08,1.078238193564213e-06,4.012475491104202e-06,0.0002997195777383891,0.0016682478568142572,3.6825070867150343e-07,0.24065547424062747,0.00034258527618595926,4.239439313510027e-06,2.4858830202387994e-07,0.0001369860902107047,1.6119379787675564e-06,1.8704878664838786e-08,0.00019344773811446817,2.5859313851339568e-05,0.0012642585222898445,2.790471758886768e-05,0.73396578966776
2,0.007632549188540288,0.011124333141670766,0.0006421425542942269,0.000396226197538094,7.828136247534576e-05,2.585847059985284e-05,0.0017021108379998,3.230191079927408e-08,4.1629167142587054e-07,2.8055598496213713e-06,0.0002740986134839554,0.0020351542657923555,2.8148090507479587e-07,0.21307880389609907,0.0005208137728962381,4.272550134158772e-06,5.550817635359337e-07,0.00016187430448977536,1.2203455587998194e-06,1.2926467763047713e-08,0.000236295249028005,4.216275394479518e-05,0.0033721702191464495,3.789846674064675e-05,0.7586296301669992
3,0.007175501330513813,0.013333239750481255,0.0010711715042659674,0.0005278915236649771,9.165475180701646e-05,2.694951735957266e-05,0.001788491042834674,2.953704296550605e-08,5.006266702479073e-07,2.9787636663882573e-06,0.00037607850707909764,0.0022992218592728184,4.0442903563177395e-07,0.24084248501861963,0.0002694133692290488,2.7172731508169718e-06,4.052008629166543e-07,0.0002523037852548906,9.248028605534119e-07,1.59347693692689e-08,0.00020996577986950426,2.8700891887864977e-05,0.002010902273720653,4.280706838580185e-05,0.7296452454576946
4,0.006801229234399603,0.014529180179487846,0.0012637512458416168,0.0006039861733381221,0.00011769907578243039,2.9654373761614043e-05,0.0019029752580256559,3.124602469529345e-08,5.551592418245594e-07,3.3907008724376553e-06,0.00038499498521221064,0.002454516227090159,5.56084519005339e-07,0.3074909717479257,0.00026077672581529697,2.80996206928801e-06,4.012925123374378e-07,0.00025404760112782214,9.74002268221232e-07,1.7733155760394537e-08,0.0002042638380337951,2.979071499485935e-05,0.002018240645190055,4.5316316352222966e-05,0.6615998694769574
5,0.006105374086391209,0.013989778232739341,0.0009497838180023298,0.0006824975325793411,9.21840423179723e-05,2.4540017366774904e-05,0.001560680185077779,2.8842696608193275e-08,3.798441549700764e-07,3.1856663640689957e-06,0.00034319095141572046,0.0021356379271815005,4.388891456274819e-07,0.24252713034111076,0.0001890868073818625,2.125903612319146e-06,4.094413402069806e-07,0.0003426304359466215,7.031456801807787e-07,1.63524277254998e-08,0.00022017689018151337,2.570193132595358e-05,0.0021921918510967387,4.603346984424516e-05,0.7285660933946185
6,0.007175501330513813,0.013333239750481255,0.0010711715042659674,0.0005278915236649771,9.165475180701646e-05,2.694951735957266e-05,0.001788491042834674,2.953704296550605e-08,5.006266702479073e-07,2.9787636663882573e-06,0.00037607850707909764,0.0022992218592728184,4.0442903563177395e-07,0.24084248501861963,0.0002694133692290488,2.7172731508169718e-06,4.052008629166543e-07,0.0002523037852548906,9.248028605534119e-07,1.59347693692689e-08,0.00020996577986950426,2.8700891887864977e-05,0.002010902273720653,4.280706838580185e-05,0.7296452454576946
7,0.005822810408349399,0.00846109573925735,0.0006231676968246631,0.00040436187994379036,8.478674196806644e-05,2.8862597007597837e-05,0.0010744549073656326,2.1775828943402563e-08,3.20115833439709e-07,2.6290576871168155e-06,0.0002149865646298301,0.0020946057352539496,1.931042068282883e-07,0.23268941179616642,0.0002648712136958704,3.3317079986108884e-06,3.4035323922859264e-07,0.00019585452993743015,9.281727368757673e-07,9.697812535773992e-09,0.00024240676052057975,3.060565497374336e-05,0.002467394234366008,2.3591603686014723e-05,0.7452689579507099
8,0.01086682829104428,0.018915871681675484,0.0014801658166338726,0.0005668681071028792,0.00016041462918857952,7.075686361949578e-05,0.0026704979891423,4.1005315844199225e-08,9.845395141429335e-07,3.5621557769161975e-06,0.0012459024871068914,0.004591616675167405,6.228998187410117e-07,0.31940096896245207,0.0005028951988129056,3.7324844291566655e-06,6.02935250659532e-07,0.0005141695286273215,1.7784988348337424e-06,2.5552947221750205e-08,0.00033688629013918557,5.73939387297708e-05,0.0026465104067961813,5.088823955012481e-05,0.6359100148223236
9,0.009848518145942207,0.013262741208109146,0.0008605220242901565,0.00048392065935139563,0.00011162311780134977,5.676647423234547e-05,0.0021187234247293575,3.218757596006579e-08,5.417974087320476e-07,3.1159055603699213e-06,0.000677944701963231,0.003716944890814463,3.614851153628697e-07,0.30760942510604994,0.00043556915892172844,4.391003091803372e-06,5.167561485774544e-07,0.00038029441143280307,1.549932055529748e-06,1.8514543553350912e-08,0.0003226715473030259,5.600842776254591e-05,0.0033684560835320464,3.2712193451285726e-05,0.656646630842813
10,0.007175501330513813,0.013333239750481255,0.0010711715042659674,0.0005278915236649771,9.165475180701646e-05,2.694951735957266e-05,0.001788491042834674,2.953704296550605e-08,5.006266702479073e-07,2.9787636663882573e-06,0.00037607850707909764,0.0022992218592728184,4.0442903563177395e-07,0.24084248501861963,0.0002694133692290488,2.7172731508169718e-06,4.052008629166543e-07,0.0002523037852548906,9.248028605534119e-07,1.59347693692689e-08,0.00020996577986950426,2.8700891887864977e-05,0.002010902273720653,4.280706838580185e-05,0.7296452454576946
11,0.007309673790591685,0.014195221225346702,0.0011495390012020337,0.000568930060325087,9.754781239522929e-05,2.6763652715866417e-05,0.0018693279863300181,3.1822241515693146e-08,5.185761245635063e-07,3.1626534410708465e-06,0.00039179719667367316,0.002429417598002754,4.838107287501078e-07,0.2528211496037011,0.00026179301365336757,2.6820666420065836e-06,4.375912809457237e-07,0.00026987330641403294,9.237084774208461e-07,1.7454797620079755e-08,0.0002081296109442614,2.9484388650214263e-05,0.002036006846588692,4.748557538960921e-05,0.7162796016473417
12,0.007830340851486423,0.013192289029578906,0.0008163373923782962,0.0005738207545422939,0.00012254168176009534,3.093843519279553e-05,0.0014000786972559423,2.5312457622788524e-08,2.3615583382522552e-07,3.12451135027297e-06,0.00030759353147618884,0.0033277522504371196,4.500534484263633e-07,0.35557327644626124,0.00020269592256965625,2.9544565360443864e-06,5.377291625991433e-07,0.0003931570788594849,7.352904178286785e-07,1.3510706700151215e-08,0.0002394472022301427,4.2344193215842577e-05,0.003479966221181827,4.2199570761126506e-05,0.6124171437208992
13,0.010020980430556515,0.012051036170004638,0.0016210071810739367,0.000538295597874278,0.00012423880905370135,2.4323585474125606e-05,0.0019200383325796058,4.066117072293594e-08,5.996247471558331e-07,1.8022400666422472e-06,0.0007925256639826821,0.005523383959223152,4.781123915827629e-07,0.31872366227913446,0.000357338017435958,2.186335563215615e-06,6.668695009413275e-07,0.0002642492251830447,1.2942891668454637e-06,1.6806156496897676e-08,0.00027650481461658974,3.966820904996964e-05,0.001933573941412412,4.2032454873881685e-05,0.6457400563897076
14,0.002367777232016532,0.11186740832879691,0.0010876651924228594,0.0008417094102247806,0.00022034943318964434,5.411419410635558e-05,0.0015568490025841973,2.925695329121983e-08,1.343983115125141e-06,1.8671488077945398e-05,0.000405951227708975,0.000641565528165575,1.3541228192297915e-06,0.29174642999038264,0.00022459092593524643,1.3893866113080399e-06,2.3673854222851948e-07,0.0004419946139690369,1.0917175203389967e-06,1.9832983567881018e-08,0.00022140779070806797,3.5608749065536265e-05,0.0009167626835147433,7.093934801272117e-05,0.5872747398225732
15,0.007175501330513813,0.013333239750481255,0.0010711715042659674,0.0005278915236649771,9.165475180701646e-05,2.694951735957266e-05,0.001788491042834674,2.953704296550605e-08,5.006266702479073e-07,2.9787636663882573e-06,0.00037607850707909764,0.0022992218592728184,4.0442903563177395e-07,0.24084248501861963,0.0002694133692290488,2.7172731508169718e-06,4.052008629166543e-07,0.0002523037852548906,9.248028605534119e-07,1.59347693692689e-08,0.00020996577986950426,2.8700891887864977e-05,0.002010902273720653,4.280706838580185e-05,0.7296452454576946
16,0.008302208403238826,0.012686227532620982,0.0016946391411534107,0.0005333179871579131,0.00013326441279854528,3.091559755546041e-05,0.0020626464185975637,3.398895596199197e-08,7.355557432388444e-07,2.5756199992644176e-06,0.0005159216876716263,0.0028140925724484543,5.423416720229426e-07,0.25740468102060665,0.00035017088042445347,2.9136551086068482e-06,4.4179932863889424e-07,0.0002127401768363469,1.0191122659714744e-06,1.7725174796181305e-08,0.00016783203419332873,2.7079541869253623e-05,0.002031648610970728,5.615810819686047e-05,0.7109681760754111
17,0.007591939965743525,0.01595824067114446,0.001189083934442429,0.0004351718731414648,9.9191344067573e-05,3.274444284254923e-05,0.001968775485544108,3.4140627657866196e-08,7.908972262130609e-07,3.45149652504913e-06,0.0004564700277962872,0.0021191265545020673,3.916209994601974e-07,0.20000885974969584,0.00042981198084198857,3.185198772447848e-06,4.493440285907937e-07,0.00021955605984432083,1.2675527283825489e-06,1.6530019240198545e-08,0.00022036208265363395,3.4187902319425215e-05,0.0017745510185557096,4.8050504798239067e-05,0.7674042896211394
18,0.003977808606831459,0.01539720359363057,0.0019265379108525395,0.0006787473241331961,0.0003147616573835183,0.00023140485128221147,0.003152903063318074,3.0402726724454875e-08,4.129806214432399e-06,4.699552958195427e-06,0.0012746632245989578,0.0013339999813632537,5.820067334505478e-07,0.5170174733460909,0.0009846827973910308,6.93702473327053e-06,1.0058331483237586e-07,0.00010875003357241099,3.39783250768292e-06,2.8754382632251256e-08,0.00024274821514050905,2.0086126034342736e-05,0.0021029307063387672,1.762753861594389e-05,0.451197765059851
19,0.005303140240255258,0.014338504705341195,0.002343694095445071,0.0006645485216433781,0.00017658249595936814,2.9971479381833703e-05,0.0016851817884291824,3.6956507098066645e-08,9.026721290578327e-07,3.916262600976025e-06,0.0004119180996526085,0.0033907666978977746,7.606836937876857e-07,0.3645869160287527,0.000219223087814445,2.2468383201187713e-06,3.702766505758895e-07,0.00022757234673113777,9.688286599686682e-07,2.095406795006217e-08,0.00018792123318440388,3.064276950970579e-05,0.001150941680006538,4.4686737271978974e-05,0.6051985645200939
20,0.00562369662229807,0.0165739550725535,0.0009870336156888437,0.0004816984557330565,0.00011503638486392879,2.14114495179334e-05,0.0013032882365918333,4.667357113279908e-08,5.748111502597124e-07,3.7870185984640333e-06,0.00030464794551422525,0.0024145715235005675,3.5701043465206675e-07,0.22623172732800365,0.00040366621548580727,2.4493131284009945e-06,7.002643300958833e-07,0.00021945792600005707,1.2005859285471466e-06,1.4804521101714838e-08,0.0002816954075234963,6.1023636281702573e-05,0.001956887520090618,4.711422330145381e-05,0.7429639579553886
21,0.009931081977718309,0.008395686678793559,0.0011042391759094917,0.0005609504936057912,6.882896020089103e-05,2.8441965350805946e-05,0.0023139100100433804,1.9701821305061453e-08,2.640310152772157e-07,2.5075894001115983e-06,0.0002956459162476506,0.0036109933608764826,5.221028445275504e-07,0.333234976945329,0.00015467147939070882,4.186835656999273e-06,3.070323317407487e-07,0.0002874752585601862,6.231789974152765e-07,1.9401925535617194e-08,0.00017988894450478554,1.8967455834914353e-05,0.002627895902623626,3.51222791107403e-05,0.6371427733219068
22,0.01173323826065503,0.011842131039243286,0.0015836576022568698,0.0006155857870591485,9.9597777683955e-05,3.826630813134573e-05,0.0023523708739296707,3.8951519911923313e-08,5.218201181133576e-07,2.8026326756474166e-06,0.0006660580252587621,0.0044212249627746565,4.5020351188443705e-07,0.29748963510438853,0.00025428121166020946,3.561387509736586e-06,6.17928290079601e-07,0.0004985210643406423,1.0022638097997243e-06,2.572553796151654e-08,0.00033276217827893167,4.1537450562672016e-05,0.0024959318794142713,4.951142269251085e-05,0.6654766681386962
23,0.007175501330513813,0.013333239750481255,0.0010711715042659674,0.0005278915236649771,9.165475180701646e-05,2.694951735957266e-05,0.001788491042834674,2.953704296550605e-08,5.006266702479073e-07,2.9787636663882573e-06,0.00037607850707909764,0.0022992218592728184,4.0442903563177395e-07,0.24084248501861963,0.0002694133692290488,2.7172731508169718e-06,4.052008629166543e-07,0.0002523037852548906,9.248028605534119e-07,1.59347693692689e-08,0.00020996577986950426,2.8700891887864977e-05,0.002010902273720653,4.280706838580185e-05,0.7296452454576946
24,0.004081784071997188,0.01634879737819402,0.0008755294243351427,0.0007876885119190715,0.0001104482400629427,2.5917743567646555e-05,0.001409847009117474,2.2941493360713237e-08,3.7326018552920234e-07,3.91173288201511e-06,0.0002657357996232569,0.001730199937345779,5.371224282707855e-07,0.36645142226894684,0.00013837996870054745,1.9067966399012984e-06,2.394038314413879e-07,0.000269020577619067,7.60208612843612e-07,1.5440976880288637e-08,0.00018887702674021622,2.2677446605045158e-05,0.0017343532492600628,2.943660287652418e-05,0.6055221178360388
25,0.011759456530468114,0.011207604292106103,0.002028325592939429,0.0009162973822530181,8.590711023292145e-05,1.774452704829697e-05,0.0030687814768460544,5.869686383418601e-08,4.87268001523518e-07,1.672634348977342e-06,0.0010108486035367808,0.006123030795832044,6.947918233481341e-07,0.30157102860256546,0.00020697601698677892,2.030625135050027e-06,7.67634778358238e-07,0.0004262546922372489,1.0778390157105127e-06,3.399795243023005e-08,0.0002750872032369894,2.7528071420448882e-05,0.0021890775148033304,5.717396583239346e-05,0.6590220541337354
26,0.0140298170021846,0.015260840449097373,0.001918961084824143,0.0005986644470228531,7.619788551710999e-05,1.643959737820091e-05,0.0022636003918126207,4.5729340088303034e-08,4.312446293422865e-07,2.5894084349997827e-06,0.0005270260691241887,0.0030560654284637204,6.521507478735285e-07,0.13351193924841845,0.00020717686921777254,1.928626130484875e-06,1.0988979292574664e-06,0.0005875474028512489,4.5159949981964867e-07,2.3110564305123013e-08,0.00018151076395541186,2.883353525178729e-05,0.002126314909020979,0.0001690249114522154,0.8254328192371312
27,0.006402326392637512,0.011153561399489711,0.0008849077243734774,0.00034489386603984176,6.755169314361681e-05,2.9472793769458506e-05,0.0015374911516863963,3.4620370814644446e-08,8.385644107404101e-07,3.412582614305444e-06,0.00029241600102653935,0.0014823007598617427,2.3027275287283046e-07,0.1379608796565103,0.00042804913978674225,3.1996558448702823e-06,3.6713777688581443e-07,0.0001717208307253629,1.0503745423880458e-06,1.4904780183730667e-08,0.00020122449477572165,3.5586474379357927e-05,0.0015026082431763687,3.846672671834341e-05,0.8374573945388064
28,0.007175501330513813,0.013333239750481255,0.0010711715042659674,0.0005278915236649771,9.165475180701646e-05,2.694951735957266e-05,0.001788491042834674,2.953704296550605e-08,5.006266702479073e-07,2.9787636663882573e-06,0.00037607850707909764,0.0022992218592728184,4.0442903563177395e-07,0.24084248501861963,0.0002694133692290488,2.7172731508169718e-06,4.052008629166543e-07,0.0002523037852548906,9.248028605534119e-07,1.59347693692689e-08,0.00020996577986950426,2.8700891887864977e-05,0.002010902273720653,4.280706838580185e-05,0.7296452454576946
29,0.007175501330513813,0.013333239750481255,0.0010711715042659674,0.0005278915236649771,9.165475180701646e-05,2.694951735957266e-05,0.001788491042834674,2.953704296550605e-08,5.006266702479073e-07,2.9787636663882573e-06,0.00037607850707909764,0.0022992218592728184,4.0442903563177395e-07,0.24084248501861963,0.0002694133692290488,2.7172731508169718e-06,4.052008629166543e-07,0.0002523037852548906,9.248028605534119e-07,1.59347693692689e-08,0.00020996577986950426,2.8700891887864977e-05,0.002010902273720653,4.280706838580185e-05,0.7296452454576946
30,0.007175501330513813,0.013333239750481255,0.0010711715042659674,0.0005278915236649771,9.165475180701646e-05,2.694951735957266e-05,0.001788491042834674,2.953704296550605e-08,5.006266702479073e-07,2.9787636663882573e-06,0.00037607850707909764,0.0022992218592728184,4.0442903563177395e-07,0.24084248501861963,0.0002694133692290488,2.7172731508169718e-06,4.052008629166543e-07,0.0002523037852548906,9.248028605534119e-07,1.59347693692689e-08,0.00020996577986950426,2.8700891887864977e-05,0.002010902273720653,4.280706838580185e-05,0.7296452454576946
31,0.0059053072220415165,0.016295903107881912,0.001595268697162407,0.0006461744071744875,0.00010813633735098123,1.2372822576419144e-05,0.0012380831205483014,3.18948398008427e-08,3.477804763982858e-07,3.1746488595456975e-06,0.00020434696991944944,0.0021242383446912674,6.117016004282814e-07,0.24506614891810932,0.00011462840992542611,1.5616996298824426e-06,4.400371156968569e-07,0.00028022879274974854,5.622341221681318e-07,1.5308434394103102e-08,0.00015347999486493898,2.023572517379163e-05,0.0012253098014962066,6.832960386613308e-05,0.7249350624193894
32,0.0069830231796947535,0.013154704956986615,0.0010459504810009647,0.0004930532026203074,9.203194212723387e-05,2.747348698476278e-05,0.0017466865688331532,3.1423053959599976e-08,5.640117253535303e-07,3.0843135342609476e-06,0.0003630620866617164,0.002230103011231344,3.7511758647423783e-07,0.23710434479427173,0.0003034783669359602,2.9692616536228977e-06,4.079028553190196e-07,0.00022533928302125372,1.1102855446693704e-06,1.5946600410076945e-08,0.00022057016595033202,3.1406631726178324e-05,0.0019093783285606908,3.908708505099265e-05,0.7340217481657879
33,0.009031482742290743,0.021762737673215186,0.0010310347532165045,0.0005789550196176943,0.00014901278755854864,3.0446990831776462e-05,0.0017918063323492735,3.7424110346489475e-08,3.6175470808505116e-07,3.893276547091705e-06,0.0004088285481142216,0.003398064843074575,6.704584573167105e-07,0.36638710181137857,0.00030013510250179924,3.2198176148289223e-06,7.66961211700282e-07,0.00039102449743324,1.1677702333789867e-06,1.8396396734255005e-08,0.0002446549834378345,6.48483409172668e-05,0.003089834012597219,5.847598046124351e-05,0.5912714197217249
34,0.006245986318767036,0.009094910544837694,0.001438437205176543,0.0001867252213797975,4.790119520132888e-05,2.652027756211241e-05,0.0018062609786593327,2.8983599080850117e-08,3.4480135422961613e-06,2.5881786653214465e-06,0.00030955298169749895,0.0007642665383248718,1.8330579979507653e-07,0.0934651146196159,0.0005829820479788192,3.1312483824040014e-06,1.3325705799187196e-07,5.564579205020622e-05,2.1065148501694218e-06,1.225109741139495e-08,0.00011894525113484295,1.4274723796115276e-05,0.00033497899106323147,2.3851160303823698e-05,0.8854720143994563
35,0.005103422636475396,0.007385632296337078,0.0005435298321531596,0.00034177917281812,1.7582733496502826e-05,6.302262166425007e-06,0.0007217211552675431,3.1498453360858314e-08,3.981711460473337e-07,2.2156109165076034e-06,0.0001531732770674354,0.0010621119948822136,1.4208087909771854e-07,0.042699124069348365,6.211828878421283e-05,6.583901174397489e-07,3.160525473483052e-07,0.0003175735352621248,4.240658139197508e-07,1.211153703835609e-08,0.00012537474634945247,1.4652522133868108e-05,0.0003414257166618068,3.28928161682261e-05,0.9410673849632173
36,0.00719322489721429,0.013434177305785555,0.0010697985685846083,0.0005309750562642037,9.156955836062654e-05,2.7371789162062944e-05,0.0018084442493404803,2.9484496036063358e-08,5.024927954359896e-07,2.9941904976581126e-06,0.00038119214429999327,0.0022835043050801604,4.0543518452902026e-07,0.24126564125999553,0.00027017153486019724,2.7252474902523924e-06,4.025546141876223e-07,0.00025586943205563014,9.22055083372123e-07,1.6060824764371827e-08,0.00021082675915291325,2.869969701591126e-05,0.0020304208425879753,4.3001663148375965e-05,0.7290671134161053
37,0.020501088291699634,0.011199570890827567,0.0015868583089892379,0.0004624548000082779,6.95942239910529e-05,1.4994798509218876e-05,0.002445056443895272,2.2532983969668934e-08,1.9417697136183472e-07,1.2952856581176418e-06,0.00043501245731872393,0.004621985518627501,5.043026688564986e-07,0.3432735904781297,0.00012797017215511835,2.3757764827766257e-06,5.113745646704375e-07,0.00040258349357717623,6.282313241694841e-07,1.51277440460582e-08,0.00014705640446451514,2.3889989287585765e-05,0.0018640615938154744,5.761308880134437e-05,0.6127610722375045
38,0.019727735440483434,0.009851769787476894,0.0008525796038509108,0.00030736006130568916,5.891116332738347e-05,9.419053364908201e-05,0.005389179187362381,2.3508249833477804e-08,5.784124719547718e-07,2.7451100864693957e-06,0.0007768207729221817,0.003002980739932605,2.842448825992774e-07,0.2780399823362334,0.0007579601397516518,1.2369864145683526e-05,3.535678855503409e-07,0.00031264624479997746,1.586275976125058e-06,2.2769108562906867e-08,0.0002925635493041911,4.474803560079624e-05,0.005400400061061466,3.6178095873008315e-05,0.6750360304942583
39,0.007285962386857971,0.015402260934476632,0.0010732473017146765,0.0005343372284098367,9.240722190584069e-05,2.6282519838834203e-05,0.0019119169510250283,2.8778619536070536e-08,5.055650794645747e-07,3.080514615996667e-06,0.0003941287359135093,0.0021514390516015084,4.5123143077462073e-07,0.24498082540308613,0.0002770614227674913,2.529960801493985e-06,4.102320034667481e-07,0.00026030695754889545,8.910656563180414e-07,1.5669809391339577e-08,0.0001966090680427077,2.93330402802279e-05,0.0020154157938741374,4.767119558608512e-05,0.7233128817690541
40,0.007378618320585571,0.013398696033413166,0.001078967139490318,0.0005174158435347246,9.237807523985295e-05,2.697696225674196e-05,0.0018007732941536974,2.9543736224866503e-08,4.974977667438992e-07,2.935633879489917e-06,0.00038022975332270434,0.002349875489368061,4.008436686674265e-07,0.24552220229311517,0.00027335517657540716,2.7381581315390786e-06,4.1026206890495344e-07,0.00025255237205001305,9.42044499458933e-07,1.5753176545823044e-08,0.00021135496382164256,2.97147010959222e-05,0.0020073393780263983,4.268028123299362e-05,0.7246289001857901
41,0.0026597134897094698,0.012485653639680619,0.001892187616039276,0.00035760127558458394,0.00018287127928878972,3.748436343272056e-05,0.0010272108806069474,2.217668463105022e-08,2.275622451788509e-06,4.716659520096518e-06,0.00015218944027128848,0.0006880491233062522,3.12319525887436e-07,0.24408888977124146,0.0004464597533559173,2.9301694947642236e-06,1.0792698206085095e-07,4.5574127625495656e-05,1.200577646069066e-06,8.868131466476321e-09,0.00012580430662484423,1.3532326376342466e-05,0.0005740707125219867,2.5741845339855576e-05,0.7351853917285573
42,0.008790507272689098,0.011864901874359042,0.0008877701252613373,0.00028168809714967577,7.148002624600538e-05,2.8398943463191142e-05,0.0017486090289861424,5.96942883169148e-08,7.859146195794334e-07,3.338237196512998e-06,0.0003364162614064192,0.0026915429120874684,1.6320286789029505e-07,0.17636460892770583,0.000804456355931224,6.708332490621933e-06,7.999393993749347e-07,0.00014937737240186771,2.809136277070574e-06,2.030026361933215e-08,0.00041096663196193864,0.00010256719204478793,0.0022376930139625683,2.8979542217803773e-05,0.7931853516647227
43,0.003762197090821748,0.014917674020124942,0.0004169744449869464,0.00040564672673595886,0.0001106056775572827,6.186271720082942e-05,0.0008601532087050923,3.176830678895298e-08,5.946580241970314e-07,7.520992325164112e-06,0.00020429712916839802,0.0013220802195777418,1.728485336444985e-07,0.18211834730973464,0.00046214664264110415,4.580437738979434e-06,4.1663367463278695e-07,0.00025871278418646053,1.4350546365977804e-06,1.2028341199765492e-08,0.00044172204584072105,6.652872107692786e-05,0.002653109656675323,2.3502860198549512e-05,0.7918996743231861
44,0.007175501330513813,0.013333239750481255,0.0010711715042659674,0.0005278915236649771,9.165475180701646e-05,2.694951735957266e-05,0.001788491042834674,2.953704296550605e-08,5.006266702479073e-07,2.9787636663882573e-06,0.00037607850707909764,0.0022992218592728184,4.0442903563177395e-07,0.24084248501861963,0.0002694133692290488,2.7172731508169718e-06,4.052008629166543e-07,0.0002523037852548906,9.248028605534119e-07,1.59347693692689e-08,0.00020996577986950426,2.8700891887864977e-05,0.002010902273720653,4.280706838580185e-05,0.7296452454576946
45,0.010314403627742462,0.014074622659851805,0.002314812643677606,0.0004338123254819633,0.00014537439320682922,3.764788322709107e-05,0.0033956020648157666,4.9018360786503554e-08,1.2619051453040042e-06,3.063231365093668e-06,0.0006261246588120995,0.0031399752866461536,6.626107003057386e-07,0.27711415117138316,0.0007293747284148728,5.0756491537559575e-06,5.437134678147444e-07,0.00015519009911797667,1.7184999095364585e-06,2.3668593591914754e-08,0.00018972458822183672,3.690407841002679e-05,0.0021040656001417315,6.906303693377072e-05,0.6851067528572187
46,0.01599468018489684,0.01321001122793669,0.0011118502723565869,0.0005821402231658316,8.24634376330341e-05,6.72190699644471e-06,0.0010466727524898625,8.68275690820043e-08,2.0311870475187138e-07,1.91210228883599e-06,0.00041194346634581094,0.007128726918111683,5.6663314112312e-07,0.10389963656698065,0.00027682561143671947,1.6496266613588105e-06,5.692109945392919e-06,0.0005133234582213907,7.013970727091529e-07,1.8495081461619887e-08,0.0003091072509944509,6.686064569033686e-05,0.00309002333757182,0.00016485857861937858,0.8520933238500878
47,0.030173268412896127,0.010976447379802355,0.0009197100604042333,0.00024303880756529082,4.21587675539868e-05,2.195596588190458e-05,0.0022988617222126596,3.354851857716226e-08,2.3224249389042198e-07,2.0490197476651694e-06,0.00043130147129082563,0.0070411683822595,2.851463267186051e-07,0.16009023298814062,0.00030799056094828707,5.135283536645384e-06,1.1923144074084548e-06,0.0005208461346865816,9.445608725280348e-07,1.994553547645822e-08,0.0002647870954566505,8.555632062059827e-05,0.002462725149223331,6.0116075315183443e-05,0.784049942644303
48,0.008074826102858815,0.029988308934147494,0.0005505756643905225,0.0004272411298493338,7.767740188616144e-05,1.1295654184494735e-05,0.001693691513276285,5.814274455495795e-08,3.091031385672334e-07,4.71303992903244e-06,0.00021900386131733836,0.0019853315699158536,5.093674618787541e-07,0.19719277492405912,0.00044942252505545375,3.2795436759120307e-06,1.5331107749905935e-06,0.00020770302043663684,2.0602840804826756e-06,1.5364105327596118e-08,0.00024226646707867813,8.696196852187832e-05,0.0027675886334603914,6.56174091086216e-05,0.7559472352645421
49,0.008889145024585786,0.011743339817111278,0.0015285931007861043,0.0006035214589862208,0.00014566902369414877,4.524716438402279e-05,0.0018975526016765105,3.8214995684912036e-08,5.558432840031413e-07,3.2220871115639266e-06,0.0005769044092374204,0.005074543723568356,5.216396843877029e-07,0.34960177339531867,0.00028462000994537804,3.5640982666386524e-06,5.504278904732937e-07,0.0003964704644017274,1.0524308325699838e-06,2.336749099256627e-08,0.00028559491390756645,4.9619602913371674e-05,0.0025638885039399443,4.263182117640273e-05,0.6162613568548109
50,0.004252318515281024,0.013377410320813653,0.000867876247437437,0.0003670713129363013,6.701254473123648e-05,2.532445639908601e-05,0.002057129980381301,1.8806254754956795e-08,6.281133336764192e-07,4.716380632347504e-06,0.00013685888459144852,0.0008483270976379128,3.163804283060459e-07,0.30136752901210123,0.0002089533534439754,4.1462842257036255e-06,1.26535646282577e-07,9.375884317681445e-05,1.3680905220616073e-06,1.2962361666031165e-08,0.00011726353999675397,2.1662300088577272e-05,0.00102506723477511,1.9732186225248198e-05,0.6751353706165781
51,0.004727097335057731,0.018724402125084298,0.0010531324372898875,0.0009819116513236183,8.920212776321416e-05,2.4348450233606715e-05,0.0018494036831457332,3.1206315276944343e-08,3.7390565349617787e-07,3.7856594735264745e-06,0.0004997567713205804,0.002548810191690255,5.437954635604613e-07,0.3925113984738989,0.00011247851965991512,1.1663337350653537e-06,3.078767469397888e-07,0.0005783704718997902,6.583996186180796e-07,2.035728442084501e-08,0.00027563757291613794,3.366056947139537e-05,0.0014999191541973668,3.289521589288395e-05,0.5744506877148637
52,0.014442968499228898,0.019493389320679778,0.0011558472461837552,0.0009439325798847567,0.00011006653132775358,0.0002756855957318284,0.005563340899129475,3.540323833537826e-08,9.62968031901581e-07,8.052093745967913e-06,0.0016639257966667843,0.0029931554845084025,8.926804833093706e-07,0.3269277453347298,0.0003701306914563772,6.875339084772988e-06,3.8566270707306337e-07,0.002238244157156927,6.929258974834155e-07,6.458467647575692e-08,0.0003628591078935587,6.561430650512414e-05,0.006714461019333285,8.178368218428038e-05,0.6165788880895339
53,0.012399566717571035,0.011248102875504479,0.0010430824986618747,0.0005072217120599999,3.015046824762868e-05,4.275452477479151e-05,0.008058182298572443,2.810833769819523e-08,7.341753780020613e-07,2.792814623600741e-06,0.0007753860792729492,0.0013148967861783415,3.987943691713948e-07,0.15177549593631948,0.0005076229588036825,6.236702848000635e-06,2.9936657976056644e-07,0.00029123686242911966,7.656001131892043e-07,3.5893902785538996e-08,0.0001770822315363445,2.1611220913108353e-05,0.0045130650324631295,6.883656532056922e-05,0.8072144137752189
54,0.017868641728292806,0.032827872501350754,0.010818897708964631,0.004947217775354291,0.005634056614750589,0.0001466058208201355,0.0009458085418105027,8.321272458298095e-07,1.8727214281844671e-06,2.4393421235541206e-06,0.04353242547715743,0.06962785209087738,3.6953113049366896e-06,0.39291803894610167,0.0008250623262973638,7.064429328472022e-07,4.555811071339553e-05,0.014156924931127168,2.7138217877316638e-06,7.853558308665463e-08,0.0028160325711573965,0.0002450769626531029,0.011280795309312645,0.0007296824320824022,0.39062111184877024
55,0.0073721730145112655,0.01290586635997589,0.001162874786864913,0.000537443550226883,8.408816306277604e-05,2.4316540580133424e-05,0.0017738203723153345,2.984831763098357e-08,5.249376497543172e-07,2.8375729741052906e-06,0.0003913377867071769,0.002417431414916512,4.3154043636457765e-07,0.2146331582814642,0.00023669691392174557,2.3603980681555445e-06,4.0183619087770687e-07,0.0002692538722180499,8.282464616560541e-07,1.6784913252298282e-08,0.00019344979215024655,2.5354359301782867e-05,0.0017010486467724998,4.606970423412773e-05,0.7562181852757647
56,0.007296352562013809,0.014846791360346235,0.0012119763299301618,0.0005782662358145884,0.00010277059353177753,2.6782978768890205e-05,0.0018845412232223631,3.344711445979867e-08,5.588462951381061e-07,3.260697292628947e-06,0.00040010958574516965,0.002429443166657481,5.17520892344308e-07,0.252937924573091,0.0002737712227903594,2.7101544417431834e-06,4.5524796175842924e-07,0.00026362516546493144,9.73645533775818e-07,1.8125389109744375e-08,0.00020748777144848266,2.9682286853976985e-05,0.0019853785643506555,4.969397459868877e-05,0.7154668747204506
57,0.005593350520610715,0.010770394370188634,0.0017515879001015165,0.0004320188481340911,0.00018086583028715256,1.8814089317021955e-05,0.0007929722522552308,4.946906273062215e-08,6.902808201017999e-07,3.697311313706991e-06,0.00022415116871159265,0.005411660547158047,4.5134692783526644e-07,0.2734105378660451,0.0002546970323540407,2.895375960783191e-06,7.921064420210886e-07,0.00015892892550553448,1.7261238214978184e-06,1.505350256292943e-08,0.00026791025671551603,5.134230824430151e-05,0.0009712798510078805,3.208177696853385e-05,0.6996670893885439
58,0.0077023279360015386,0.014873793129830065,0.0011733931669982523,0.000540569048664255,9.396980236132764e-05,2.2966250685648282e-05,0.0018096621373822333,3.343948421578151e-08,4.7196600187691247e-07,3.0770862333561258e-06,0.0003772109050236063,0.0024097690466218353,4.6434227738505995e-07,0.22111674475661852,0.0002688297938332361,2.5383942940994094e-06,5.359372292922866e-07,0.0002821861305560835,8.442931740365874e-07,1.6593801280970334e-08,0.00021188666126405536,3.083892598718075e-05,0.0021155475125037215,5.824318390006802e-05,0.7469040795592728
59,0.008281897665099774,0.01369274683741696,0.0014287382763280188,0.0005326925558218283,9.133463816235612e-05,2.1263376871010026e-05,0.001876991248139531,3.479120566776262e-08,4.914408205542259e-07,2.869979747247331e-06,0.00037682007738553975,0.002528076822716481,4.701353921381377e-07,0.20488415862830192,0.0002518756013471797,2.4920119988195727e-06,5.486308072066761e-07,0.00029626988376135613,7.42926962222758e-07,1.7602907555207054e-08,0.00020512419228399444,2.8011513373005395e-05,0.0019470968251435398,6.843836656313458e-05,0.763480795971443
60,0.007175501330513813,0.013333239750481255,0.0010711715042659674,0.0005278915236649771,9.165475180701646e-05,2.694951735957266e-05,0.001788491042834674,2.953704296550605e-08,5.006266702479073e-07,2.9787636663882573e-06,0.00037607850707909764,0.0022992218592728184,4.0442903563177395e-07,0.24084248501861963,0.0002694133692290488,2.7172731508169718e-06,4.052008629166543e-07,0.0002523037852548906,9.248028605534119e-07,1.59347693692689e-08,0.00020996577986950426,2.8700891887864977e-05,0.002010902273720653,4.280706838580185e-05,0.7296452454576946
61,0.007906143153494558,0.013717750151605868,0.0015257307559630082,0.0005411378105759863,0.00010027601284090506,2.2778150771155815e-05,0.0018807058292567211,3.4949838669907525e-08,5.578163157190287e-07,2.852724464309651e-06,0.00040993673402847495,0.002701645380496765,4.817058452128542e-07,0.22604730865691525,0.00026112005049490095,2.5127755604628313e-06,5.082869097241255e-07,0.0002703175590724716,8.470520319224754e-07,1.7985132434656483e-08,0.00020904705405000988,2.8500905579053495e-05,0.0017989673595186673,5.983062626526848e-05,0.7425109905129725
62,0.007175501330513813,0.013333239750481255,0.0010711715042659674,0.0005278915236649771,9.165475180701646e-05,2.694951735957266e-05,0.001788491042834674,2.953704296550605e-08,5.006266702479073e-07,2.9787636663882573e-06,0.00037607850707909764,0.0022992218592728184,4.0442903563177395e-07,0.24084248501861963,0.0002694133692290488,2.7172731508169718e-06,4.052008629166543e-07,0.0002523037852548906,9.248028605534119e-07,1.59347693692689e-08,0.00020996577986950426,2.8700891887864977e-05,0.002010902273720653,4.280706838580185e-05,0.7296452454576946
63,0.007412312201422632,0.01599035825444042,0.0010765367694249024,0.0005321665583660934,8.866776697287865e-05,2.5905902142396763e-05,0.001914634857213295,3.18284913684184e-08,5.412871681416447e-07,3.2416416637947736e-06,0.0003994868024334646,0.0021247887879585884,4.496416082019996e-07,0.22492360660457097,0.00028791024692361133,2.5878751633759853e-06,4.426836341655207e-07,0.00026981799281275355,9.327177489295658e-07,1.707505684983067e-08,0.0002100375609822981,3.104109094559118e-05,0.0019602574015907194,5.0480135331591695e-05,0.7426937463159331
64,0.006437440918623591,0.012173976470819586,0.0009075750112480583,0.0004930380497871871,8.340354273843926e-05,2.2892301389401104e-05,0.0014081476648433505,3.071418772870635e-08,4.48510765213203e-07,2.716201205385365e-06,0.00034696661987837556,0.002314968630408726,2.955674538070251e-07,0.20821368144498964,0.0002724862153574377,2.401125352616815e-06,4.4832492412782606e-07,0.0002448302975845073,9.685627778868633e-07,1.3484275651512066e-08,0.0002753010795297698,2.9149543065739234e-05,0.0019051579148986022,3.7274729007071895e-05,0.7648263870748881
65,0.006642382843609338,0.010790140990767028,0.0009623038699900218,0.000563718913278817,0.00010960310458943343,3.446720780600813e-05,0.0014796637777571167,2.5688760785207363e-08,3.9407740985944824e-07,2.9884250311985952e-06,0.0003523894345622114,0.0029234848412857915,3.6999590273487786e-07,0.3030599552941153,0.00022299219672745882,2.9733400848033973e-06,3.689936426151233e-07,0.00029557807176407445,9.046254782971039e-07,1.4837261764875315e-08,0.00024674087454892553,2.9891553629537077e-05,0.002320835235570195,3.170649805864828e-05,0.669926105308368
66,0.0033397807412970317,0.007684432429371726,0.0020538018227225815,0.0005710880285605026,0.00011041648534349697,6.821505246467348e-05,0.002587718040477686,2.4513604132715058e-08,1.935350919044711e-06,8.032053556474406e-06,0.00018329574519731617,0.0018558832673474424,7.992128323553597e-07,0.4811233715473988,0.00012701945232339196,9.536002120446129e-06,6.500981806310023e-08,8.283904979954999e-05,2.5914610704309014e-06,4.5883295933690915e-08,0.00010520121063291183,1.4805207094868038e-05,0.0005687504301750794,9.359416932760269e-06,0.4994909925856432
67,0.006691260645305177,0.016873318946418865,0.001075202178131558,0.00048619013070725,9.153595370820691e-05,2.287369004037221e-05,0.0015550879067177,3.190499346533421e-08,6.084111752803626e-07,3.149040078741116e-06,0.0003820009559159358,0.001955431884514469,3.851123557696669e-07,0.2062438979666527,0.0002774858342455287,2.001377237399695e-06,4.2423163900507113e-07,0.00024488717235318213,9.945832110818483e-07,1.3895944671810877e-08,0.00020393890948256069,3.040707128273271e-05,0.0013899194137500111,4.5255287716897175e-05,0.7624236974964214
68,0.009385356270471362,0.012232272832350762,0.0008314626003410549,0.0005810341804905301,6.91155282845036e-05,3.377026028422759e-05,0.0019554415057905982,3.0373805352768284e-08,3.7669074065526554e-07,2.8572837481727084e-06,0.0005350702312715769,0.002863086811135157,3.5924220451665006e-07,0.18245154711209413,0.0002613769714619837,2.8085895521203336e-06,5.576102335693648e-07,0.0004944373836670429,6.825515895417919e-07,1.9697545958804503e-08,0.00027813489778166724,3.409164372617532e-05,0.003202241210604103,5.305110039350991e-05,0.7847308174204317
69,0.006271674878259395,0.011738098203602595,0.0010605644207214557,0.0005413488965929725,7.222265735769484e-05,2.0668341783245995e-05,0.0016614871966787073,2.995942723797134e-08,4.896531451774184e-07,2.956697532151203e-06,0.0002967713811190026,0.001887190199403055,3.7490770923752515e-07,0.18502144033159051,0.00022162705217997024,2.49338703310293e-06,3.7822423255251695e-07,0.00022470498754466762,7.853153511069073e-07,1.690563154093052e-08,0.0001898568949003719,2.1902711862524068e-05,0.0017016477622781236,4.441625572293475e-05,0.7890168527783407
70,0.007045984544210901,0.012126610563576948,0.001127152748223271,0.0005320091527021956,9.284897119867686e-05,2.6596802003005376e-05,0.001764792241860278,2.7453767743177424e-08,4.782000096104932e-07,2.857859589751417e-06,0.00034908733887129315,0.002383138000980194,4.059793422149942e-07,0.2625180887494686,0.00024164850013816216,2.752648180174253e-06,3.656068127591655e-07,0.00023822383447320847,8.753582424813739e-07,1.5645790708061865e-08,0.00020029363068949863,2.6723877786850406e-05,0.0019361487983729272,3.947772975904116e-05,0.7093433957639496
71,0.01111166727036274,0.010896929959439321,0.0011509200290562005,0.0005806032174042069,6.201886902307351e-05,2.374043264563268e-05,0.00278589936519492,3.529513555795838e-08,4.040712439641869e-07,2.232521039609272e-06,0.0005127452383167884,0.003014258774070102,4.196822923427565e-07,0.22013096140283872,0.0002674167889162031,3.4426844466584692e-06,5.409247155899613e-07,0.00033519871593499844,8.944865144953366e-07,2.3869829576152548e-08,0.00023157519282426554,2.8346362800015676e-05,0.002847851377118418,5.303981566733357e-05,0.7459588336531694
