,0,1,2,3,4,5,6,7,8,9,10,11,12,13,14,15,16,17,18,19,20,21,22,23,24
0,0.051266937798740995,0.019137677379306214,0.009602860420965347,0.0015667894394908117,0.0021086772014477064,0.0004077953708677037,0.004140701394368339,2.1434728216551405e-07,1.6023707538998154e-06,7.531866449557666e-07,0.13315080476016966,0.06227371588570628,1.876372012947806e-06,0.4631184385466477,0.0017148588334794334,1.3036817801164207e-06,1.1478484201387768e-05,0.013821181239432758,1.5433331557785298e-06,5.662464626837e-08,0.0015194134559472154,0.00019791498011228413,0.017517640982413908,0.0005325879713764172,0.2179031759390496
1,0.03165365934306258,0.02276072244542331,0.007294017117766638,0.0016944860258337193,0.0016473814610493641,0.00035879889458940393,0.0036375735709916115,2.3898323033024873e-07,2.505381053056366e-06,1.3087807737758198e-06,0.06964416746624401,0.034356119135639844,1.287253078040152e-06,0.4645604345099041,0.0019778788152635704,1.6836016832732557e-06,7.913524507133583e-06,0.008092166346958342,2.6314433100262984e-06,5.6555231173615897e-08,0.001896682954432497,0.00021082125960020383,0.01360921822178254,0.00032025057266502066,0.3362679963359265
2,0.04512058739992006,0.021725131427971483,0.0037616864507885803,0.0015991321004062591,0.0014541094888719968,0.000252392315798325,0.0032731839070441146,2.5693365291231565e-07,9.376886212257878e-07,9.195928697799731e-07,0.06170312484952171,0.04232946434625907,1.0776408259622667e-06,0.42069747110782285,0.002960760114280828,1.688728650005481e-06,1.881365286791975e-05,0.00948868346914257,1.984977582437868e-06,3.975329115003752e-08,0.0021978923356746585,0.0003413339360541035,0.036570164710205154,0.0004666006199439527,0.3460325624519328
3,0.04081531940328258,0.024779924973626577,0.005876136849773775,0.0019577085711856624,0.0015811263918384991,0.0002477524655264508,0.00318840742444148,2.241695265864906e-07,1.0563048791941442e-06,9.216684317908498e-07,0.08125777331629598,0.04594524245349463,1.3810053292399457e-06,0.4341788377741926,0.0014572740288788277,9.891818660483352e-07,1.349848245775664e-05,0.014834722728314289,1.4158398659321618e-06,4.521519868285192e-08,0.0019382455348510292,0.00023041149766423545,0.020422460513040284,0.0005090277153706181,0.3207600964906674
4,0.0342436936821721,0.02447091721104915,0.006447625923970116,0.0020827113149096926,0.001885975876866826,0.00024597724269019583,0.003098094281499043,2.123592085866876e-07,1.0697445072122803e-06,9.515129719731558e-07,0.07481230667232783,0.04397722246676397,1.8277046197524876e-06,0.5173546620116466,0.0012349021915362402,9.20538716672373e-07,1.1669078292545249e-05,0.013119306357824434,1.3352182398428983e-06,4.63889723023848e-08,0.0016326814754185103,0.00020633833896053754,0.018213211316772972,0.00048422919072535795,0.2564721118993377
5,0.034743125620682234,0.02616164476677512,0.005153334610387289,0.002565376959469223,0.0015860482860664436,0.00022826318370667228,0.002780530897296168,2.199864892900471e-07,7.968906835084354e-07,9.978872874136864e-07,0.07467307011927692,0.042733609534549064,1.4810806773978863e-06,0.43694720299581224,0.0010231380961463728,7.725564058074046e-07,1.3772883354978486e-05,0.020783601384747993,1.0715386673944522e-06,4.6602584222962064e-08,0.0020872278949079013,0.0002096066027860263,0.02271253809982713,0.0005507454064758535,0.3250417761149373
6,0.04081531940328258,0.024779924973626577,0.005876136849773775,0.0019577085711856624,0.0015811263918384991,0.0002477524655264508,0.00318840742444148,2.241695265864906e-07,1.0563048791941442e-06,9.216684317908498e-07,0.08125777331629598,0.04594524245349463,1.3810053292399457e-06,0.4341788377741926,0.0014572740288788277,9.891818660483352e-07,1.349848245775664e-05,0.014834722728314289,1.4158398659321618e-06,4.521519868285192e-08,0.0019382455348510292,0.00023041149766423545,0.020422460513040284,0.0005090277153706181,0.3207600964906674
7,0.03617007720395188,0.01705429939317363,0.0036623629552975014,0.0015682570099210403,0.0016282825717152027,0.00027359137932929226,0.0019810123115018485,1.8241889714848023e-07,7.02752270139994e-07,8.715400054791982e-07,0.04826314931021976,0.045400539337759796,6.888270459117356e-07,0.4401307440451577,0.0016191761243591367,1.3023888400472585e-06,1.3470276443004955e-05,0.012424546659808557,1.5513396899824127e-06,2.7844722876246508e-08,0.0024821511053036488,0.0002762664260350685,0.027716423327913024,0.0003210670093509643,0.3590092564412875
8,0.044685099820515196,0.024772701400622654,0.005507426753485588,0.0014626416115436068,0.001829763869549149,0.0005049681670785259,0.0034483840872135347,2.2061334643572969e-07,1.544315370033567e-06,8.02924813179076e-07,0.1995292354938882,0.06592770871840692,1.407960436499823e-06,0.4066875955716858,0.0019033729538184847,9.99787234863641e-07,1.3275086835379598e-05,0.02284239138819143,2.008781727821215e-06,5.470543295404851e-08,0.002288696506212966,0.00034966579694824446,0.018561053560586693,0.0003890453728406275,0.19928993475221515
9,0.047035060877750806,0.019817301117197757,0.0035938377380038146,0.0014207844669653427,0.0014409824490100034,0.0004587933488846623,0.003108864198601888,1.9963987401914032e-07,9.472343695222529e-07,8.073153375012756e-07,0.12094702705211162,0.06145776791133159,9.120834601140386e-07,0.44929827095334945,0.0018965850024452262,1.3696429714618556e-06,1.3287787362325393e-05,0.019423098285031186,2.0193234487493483e-06,4.4899167531553065e-08,0.0025431619182791575,0.00040050769102697764,0.02757020488503026,0.00028509022731412564,0.2392830739516749
10,0.04081531940328258,0.024779924973626577,0.005876136849773775,0.0019577085711856624,0.0015811263918384991,0.0002477524655264508,0.00318840742444148,2.241695265864906e-07,1.0563048791941442e-06,9.216684317908498e-07,0.08125777331629598,0.04594524245349463,1.3810053292399457e-06,0.4341788377741926,0.0014572740288788277,9.891818660483352e-07,1.349848245775664e-05,0.014834722728314289,1.4158398659321618e-06,4.521519868285192e-08,0.0019382455348510292,0.00023041149766423545,0.020422460513040284,0.0005090277153706181,0.3207600964906674
11,0.04014978378080766,0.02557654103054687,0.006163217592854113,0.002075783814596876,0.0016374683557309382,0.00024030640078895695,0.003257502221043725,2.3333641780601228e-07,1.0663514786057076e-06,9.520064374821406e-07,0.08235230743646511,0.04726561603617205,1.6426671427359427e-06,0.44921926954273383,0.0013473135573454113,9.486418818876003e-07,1.383881357624292e-05,0.015334751767606798,1.3669022691417076e-06,4.890134409132165e-08,0.0018357799117245277,0.00022589965703839716,0.01993107266216681,0.0005411224299611287,0.3028261661818687
12,0.038069913062083426,0.021038018514176873,0.0037461416846427073,0.0017805726264656088,0.0018122055499927923,0.00023462386736941467,0.002063097907993358,1.6452324138462506e-07,4.048523665941523e-07,8.245836709410045e-07,0.05461615678747159,0.05642638379568384,1.2899291146848825e-06,0.5380831280144549,0.0009282949734492634,9.045265637713738e-07,1.604507680266105e-05,0.020086077152588297,9.45483343641839e-07,3.161314911348872e-08,0.0018911210487208912,0.0002996371116627106,0.030461238225197362,0.0004407910859978952,0.22800198800379626
13,0.04380210149775001,0.016875856665486213,0.006918908134377914,0.0015662365945933322,0.0016148006276114524,0.00017629163827199686,0.0026849694143430964,2.3564128746535023e-07,1.0008039708792888e-06,4.221266007555201e-07,0.13602767619291736,0.08725428984735742,1.271802470550192e-06,0.45803892589717454,0.0014267725874549872,6.131497901488914e-07,1.594046053081303e-05,0.011826659372382486,1.5413520399793166e-06,3.84889259619865e-08,0.0019282907014452593,0.00024066607818728345,0.014582455523758704,0.000356148731917273,0.21465788666935406
14,0.00442550237881233,0.3623984111706162,0.004002465537736536,0.0027646844121908356,0.004036678406548434,0.0004659228660532428,0.0016524631215578346,1.369925073793502e-07,3.0679027028924315e-06,9.114781113853193e-06,0.05885939129734225,0.004192520302089044,5.670380991102998e-06,0.3863536575618472,0.0007034858085225857,2.329016484043694e-07,3.4987131821302506e-06,0.019378882447990513,1.1417960028428117e-06,4.126116657406227e-08,0.0013413905079102432,0.00017149409411431037,0.004060425551958568,0.0006479179141215662,0.14452180189127323
15,0.04081531940328258,0.024779924973626577,0.005876136849773775,0.0019577085711856624,0.0015811263918384991,0.0002477524655264508,0.00318840742444148,2.241695265864906e-07,1.0563048791941442e-06,9.216684317908498e-07,0.08125777331629598,0.04594524245349463,1.3810053292399457e-06,0.4341788377741926,0.0014572740288788277,9.891818660483352e-07,1.349848245775664e-05,0.014834722728314289,1.4158398659321618e-06,4.521519868285192e-08,0.0019382455348510292,0.00023041149766423545,0.020422460513040284,0.0005090277153706181,0.3207600964906674
16,0.04432711070161806,0.022468972639758646,0.009211313213838156,0.0018669856182964776,0.0022766981787089038,0.0002578167288733062,0.0034632492995721248,2.473730397436316e-07,1.4885431587405936e-06,7.413007472848522e-07,0.10503479274629032,0.05230250041390894,1.8313982764161857e-06,0.4322344537415241,0.0018286848593111124,9.814335255840273e-07,1.4476308320124362e-05,0.011369765113115465,1.4646515080214877e-06,4.6567246053081035e-08,0.0014076387726232964,0.00019946907861017403,0.01930019477127915,0.0006750517870831052,0.29175402475976664
17,0.04539899158350455,0.03153604475207497,0.006884274861771463,0.0016552768710551278,0.0018168370052341232,0.00031248092067780593,0.0036632111293938077,2.757852402967638e-07,1.781153775496262e-06,1.1231965997093106e-06,0.10394157505520277,0.04383778951063629,1.3879599188394928e-06,0.36725077270729073,0.0025526014799403603,1.2131644611225585e-06,1.6348847676958093e-05,0.013399771393990576,2.0652812514379307e-06,4.81350134439511e-08,0.0021547070353592924,0.0002929274638101787,0.018890600625377358,0.0006223099116396796,0.3557655841691037
18,0.012040424289998878,0.015888556514066815,0.006529759602910555,0.001606708823861084,0.00361091341574428,0.0015112008886257206,0.003500684975232978,1.2269116691018718e-07,5.676938684088228e-06,8.30931682631503e-07,0.18319047431873847,0.015540315102075758,1.331171781977749e-06,0.6302610113825563,0.0031658036809400773,1.5599237435061794e-06,1.5701771946762576e-06,0.0033048171858918824,3.097733597836882e-06,5.06338416842305e-08,0.0012364564335793945,7.898885232861876e-05,0.013083419886757984,0.00010663080929273142,0.10532959363570522
19,0.02384400410548648,0.021752153506149837,0.011171370737064323,0.002118365800742326,0.00257824306627292,0.00023070051879573364,0.0025008603156273486,2.2750142042504678e-07,1.6331436172547896e-06,1.011517407082248e-06,0.07291664513949617,0.05626439977087826,2.325333410627398e-06,0.5734191138213184,0.0009022124279461802,6.676573656240853e-07,9.236761208659796e-06,0.010605212945691184,1.2051557300085784e-06,5.1768054673077475e-08,0.0013359348350754578,0.00019014874037311916,0.00900418550968439,0.0004138746133541702,0.21073621530782935
20,0.03341861109063675,0.032668447063721726,0.005629595315282411,0.001845813534665403,0.0020545374150670193,0.0001986763935321976,0.002362996814656657,3.823164690123475e-07,1.2566070009926347e-06,1.2399120327619891e-06,0.06609032416747063,0.05138170312571637,1.2790885127274753e-06,0.42775988597518755,0.002210903297203646,9.217189627993594e-07,2.4670558507813212e-05,0.013514450757711434,1.9508079662258867e-06,4.461629905408445e-08,0.0026754321556859053,0.000534398088745416,0.01980829867653676,0.0005733938976480643,0.3372407866047806
21,0.04750611435375716,0.012614119613784187,0.005127884315159187,0.001835522170530535,0.0009616274478233548,0.00023269141077262223,0.0036331052766098272,1.1939954456213467e-07,4.6561562685844743e-07,6.560881757024846e-07,0.05347324838174095,0.06216470176525501,1.5836044116476585e-06,0.5439116021788745,0.0006341172787368025,1.3452267335106706e-06,7.469742061935473e-06,0.014102618693088658,7.82580415684448e-07,5.03217237075914e-08,0.0013237183916727428,0.0001185374356144097,0.022096929665489526,0.0003157177785849025,0.22993527126381208
22,0.05738675241720478,0.01796044591066578,0.007035833466079302,0.0018014511255401127,0.0013517194165324831,0.00028402143051981367,0.0033845876681035977,2.5077566599900963e-07,8.814152206901945e-07,7.071957156999252e-07,0.11750726543886507,0.07531296158423714,1.1898453006986053e-06,0.42664395970539704,0.0011149911581328077,1.066045151430957e-06,1.784841418217906e-05,0.025707332352218334,1.2730151204040304e-06,6.028940452350161e-08,0.002621842150073649,0.000295272111498289,0.020379495425226414,0.0004849470691628608,0.24070384457478083
23,0.04081531940328258,0.024779924973626577,0.005876136849773775,0.0019577085711856624,0.0015811263918384991,0.0002477524655264508,0.00318840742444148,2.241695265864906e-07,1.0563048791941442e-06,9.216684317908498e-07,0.08125777331629598,0.04594524245349463,1.3810053292399457e-06,0.4341788377741926,0.0014572740288788277,9.891818660483352e-07,1.349848245775664e-05,0.014834722728314289,1.4158398659321618e-06,4.521519868285192e-08,0.0019382455348510292,0.00023041149766423545,0.020422460513040284,0.0005090277153706181,0.3207600964906674
24,0.019689723306764346,0.026541736357029742,0.004209699028641823,0.00262037480669172,0.0017580023223830621,0.00020673020368513505,0.002148716337685943,1.480603089289204e-07,6.572620204340336e-07,1.0400011178275812e-06,0.050145695320757855,0.030978535565666297,1.6967706180549842e-06,0.6053556212647984,0.0006333237537783592,5.878827639610168e-07,6.912937716635869e-06,0.01370631033803907,9.929586938474192e-07,3.7393563731923334e-08,0.0015011641999376794,0.0001531228282825094,0.015662210159592484,0.0003040907003109757,0.22437287023915112
25,0.049990888541872884,0.014606370057083333,0.008001538282555107,0.0025290088272605527,0.0010217167499794238,0.00012362087607404134,0.004130722228046428,3.277078611091044e-07,7.517138899993826e-07,3.66765349296709e-07,0.1707927905336121,0.09469062327894383,1.6725145718223755e-06,0.40355341391749827,0.0007945984062347511,5.432952779890081e-07,1.801380572088049e-05,0.01920656538525888,1.215110908526277e-06,7.476525500856413e-08,0.0019354035065530038,0.00016390421024713481,0.016419024939258668,0.0004621506291696668,0.2115546939515173
26,0.08882345750393653,0.03052604281317171,0.011286480193194903,0.002209772443835245,0.0013602876259072836,0.00014116296598450106,0.004079183115762891,3.8754840332330324e-07,9.05394897988515e-07,8.20919943554718e-07,0.11600773638675484,0.06510319569919971,2.3029166576159147e-06,0.22957139520028674,0.0011872701742319345,6.960143008135343e-07,4.542966053587056e-05,0.03857399754312687,7.000982882443241e-07,6.590601758227772e-08,0.0017626513506696605,0.0002573096630408197,0.022188656501458896,0.002450414530754381,0.38441967782963804
27,0.04602792293144361,0.025274742845344398,0.005785636391637886,0.0015122523538077582,0.0013950757342459032,0.0003434456518818324,0.003334376577007033,3.303439400461322e-07,2.213431654015621e-06,1.3117840974756597e-06,0.0782173801378842,0.037178610625818564,8.999297100563858e-07,0.2970418833577497,0.0029980935670035104,1.4694485526572866e-06,1.5467055754962712e-05,0.01275888520036337,2.0304458669839505e-06,5.1663796258463666e-08,0.0024046256879870047,0.00037814413888787827,0.019004612959353174,0.0005564121719834173,0.46576412556422825
28,0.04081531940328258,0.024779924973626577,0.005876136849773775,0.0019577085711856624,0.0015811263918384991,0.0002477524655264508,0.00318840742444148,2.241695265864906e-07,1.0563048791941442e-06,9.216684317908498e-07,0.08125777331629598,0.04594524245349463,1.3810053292399457e-06,0.4341788377741926,0.0014572740288788277,9.891818660483352e-07,1.349848245775664e-05,0.014834722728314289,1.4158398659321618e-06,4.521519868285192e-08,0.0019382455348510292,0.00023041149766423545,0.020422460513040284,0.0005090277153706181,0.3207600964906674
29,0.04081531940328258,0.024779924973626577,0.005876136849773775,0.0019577085711856624,0.0015811263918384991,0.0002477524655264508,0.00318840742444148,2.241695265864906e-07,1.0563048791941442e-06,9.216684317908498e-07,0.08125777331629598,0.04594524245349463,1.3810053292399457e-06,0.4341788377741926,0.0014572740288788277,9.891818660483352e-07,1.349848245775664e-05,0.014834722728314289,1.4158398659321618e-06,4.521519868285192e-08,0.0019382455348510292,0.00023041149766423545,0.020422460513040284,0.0005090277153706181,0.3207600964906674
30,0.04081531940328258,0.024779924973626577,0.005876136849773775,0.0019577085711856624,0.0015811263918384991,0.0002477524655264508,0.00318840742444148,2.241695265864906e-07,1.0563048791941442e-06,9.216684317908498e-07,0.08125777331629598,0.04594524245349463,1.3810053292399457e-06,0.4341788377741926,0.0014572740288788277,9.891818660483352e-07,1.349848245775664e-05,0.014834722728314289,1.4158398659321618e-06,4.521519868285192e-08,0.0019382455348510292,0.00023041149766423545,0.020422460513040284,0.0005090277153706181,0.3207600964906674
31,0.03563758481248092,0.031977261716354455,0.009242856925165258,0.0024941156293864144,0.0018895689790652623,0.00011113967728804301,0.0022205961419707707,2.5654879183717445e-07,7.291066850568056e-07,1.0263532803778948e-06,0.0428921584764934,0.045937164830098715,2.245085609481852e-06,0.46894857961515013,0.0005688142776169387,5.741842365214526e-07,1.4925419673574015e-05,0.017745806749928084,8.800966559706406e-07,4.680605190838139e-08,0.0013987454548819145,0.00016913899542862095,0.011832908965799922,0.0008239553674339864,0.32608891978447246
32,0.04041399930447187,0.02481530402068136,0.005759362057848519,0.001838089286883346,0.001585093581511718,0.0002579163317513245,0.0031580268860505745,2.437476157932673e-07,1.2214053505384283e-06,9.773819144067196e-07,0.07923983146871134,0.04493238917602971,1.267850594243807e-06,0.42989775000363567,0.001678954290196347,1.1077055210120815e-06,1.3753274710023421e-05,0.013498792548853555,1.7510214230736442e-06,4.6124593284919064e-08,0.0020928187223273535,0.0002612166519925705,0.019550861986534687,0.0004656199168575963,0.33053360525394
33,0.04156989565737209,0.03319376160163128,0.004591537587753954,0.0017103041819751187,0.002160663072890527,0.00021365586870459325,0.002492609639993285,2.302566396965808e-07,5.777774789128753e-07,9.509749827861073e-07,0.06918539453895382,0.056475279342072957,1.9638447390567414e-06,0.541961919086686,0.0012655650834133233,9.179759879321591e-07,2.1657011883232374e-05,0.018479200628859136,1.4247468117748382e-06,4.1212925041853307e-08,0.001743386222604581,0.0004233048583698967,0.025009417531162297,0.0005777815588176914,0.1989185597372908
34,0.05006504768815429,0.022894832912470152,0.011398469571269526,0.0009397406366794223,0.001229257378360875,0.000388493247212342,0.0047176659549848735,2.8966065444497235e-07,1.0975229099754175e-05,1.0930018920611668e-06,0.10132012789522454,0.022026822809766394,9.33919847245678e-07,0.2503821698051969,0.0047501731574621005,1.694968444294182e-06,5.670734394160679e-06,0.004398593047396556,4.533960935524863e-06,4.8476751424711665e-08,0.00149813121427251,0.00015229023998643222,0.00495941292635091,0.0003876553508751365,0.5184658762123181
35,0.04965933552001593,0.020267141902866274,0.00419914256515433,0.0018498351683057794,0.00041146434217371775,9.607991899577748e-05,0.0019361034633819023,3.8090482937586846e-07,1.287584838857133e-06,1.0939313953593064e-06,0.051286634989826795,0.03659884412658808,6.470082951723524e-07,0.11197361342099553,0.0004938097488782581,3.8002473280587355e-07,1.636012648893267e-05,0.03403109372221629,1.0291687014654712e-06,5.483744516850379e-08,0.001981214392199813,0.00020732022453796059,0.005177900979342994,0.0005532819948144152,0.679255949932979
36,0.03946904496777625,0.01717077964776779,0.007427818041264842,0.0014540682622730323,0.0020064424950043823,8.909074877283277e-05,0.001634500915884396,2.879245641748368e-07,8.536673059271261e-07,6.972043882095105e-07,0.03596997694095713,0.08441943255429278,1.419782919019213e-06,0.4299989757894183,0.0013228299264895695,8.581813144784046e-07,2.583254736033344e-05,0.006505385459885587,1.8804494732538194e-06,2.8379959536792804e-08,0.0015629175761817655,0.00025306230402092245,0.011781095162050514,0.0004630875164727756,0.3584396335542021
37,0.0971091703165772,0.015936631169220564,0.00688858915421764,0.0012847788706431714,0.0009401849324230646,9.934123098421607e-05,0.003323768103335328,1.3157160751349754e-07,2.872377154435498e-07,2.8759172022493255e-07,0.07274669735116027,0.0775085142573644,1.3620209089298705e-06,0.485580758001953,0.0005178659061596464,6.487684868249342e-07,1.423461380656067e-05,0.018943285894249342,7.247065140854178e-07,3.183137015644653e-08,0.0010317362256490282,0.00014928972917674702,0.014678986053502839,0.0005575306938869659,0.20268516376736692
38,0.09340449669970084,0.014082166335619933,0.003524654403255418,0.0008654705634669156,0.0007356974868240289,0.0007483143018383147,0.008069760595136281,1.3831525528789673e-07,9.84688075175675e-07,6.795993223732557e-07,0.13578794382338882,0.04715287453091609,7.123140236358403e-07,0.39414707450176745,0.0033165687717734388,3.90967602140068e-06,8.712013917493003e-06,0.014936186049213979,1.9857258714233283e-06,5.3542184143186595e-08,0.0021832496469316215,0.00029655135741072047,0.04427467330187643,0.00031560667966043575,0.2361415350765484
39,0.04113988733348461,0.028739113852783552,0.0058731357458590636,0.0019588776172326946,0.0016016942227858654,0.00023622313903423614,0.0033771756217424315,2.1750776194494413e-07,1.0549251231017139e-06,9.438704866346432e-07,0.08461628166681011,0.04237074702072655,1.541401962272434e-06,0.4347362094405404,0.0015121261315492623,9.040171976499343e-07,1.3917571460949808e-05,0.015153307351159034,1.349068374881726e-06,4.340954955146179e-08,0.0018003594694977723,0.00023433366158808722,0.020449040893281648,0.0005800455349969638,0.3156014695250106
40,0.0439122217697183,0.024247547126782714,0.005763786579490821,0.0017416291155797012,0.0015333168322726283,0.0002413015988818105,0.003158458258854023,2.1568337376015155e-07,9.955953072401398e-07,8.438903372068049e-07,0.08101237202534424,0.048122325672671856,1.2702314427502004e-06,0.4516976640899806,0.0014513681391381528,9.871342992308828e-07,1.3272483568911015e-05,0.014443280886974379,1.4690226082057152e-06,4.2380384563653584e-08,0.0019039981712387008,0.0002551288787043038,0.01917810281778921,0.0004703062132955398,0.3008480954019611
41,0.016637680916774426,0.026577254171383333,0.012723774761072759,0.001469111046349134,0.004149726568030349,0.0003835495629113069,0.001984105564462729,1.9118749834914252e-07,5.680905470930222e-06,1.6286055117017085e-06,0.03681002039639592,0.015587844061573604,1.2754578452763297e-06,0.5071569984858608,0.003052254947239645,1.190432110769857e-06,4.35727383600704e-06,0.0027441991539683738,2.110816256299859e-06,2.577902107264103e-08,0.0013108814081926395,0.0001184893432398835,0.006667217452381209,0.0003806252579260466,0.3622298064446875
42,0.05771356395406152,0.023618712056911902,0.0049461012271650425,0.0010396629533190036,0.0012671084024555776,0.0002893959071622292,0.003290939663927407,5.185763567118981e-07,1.7612385618305196e-06,1.1190838381568384e-06,0.07897772294334347,0.06280284418795316,5.268117101143012e-07,0.333006092722075,0.0050961199305879275,2.8068566172734763e-06,3.155176568061586e-05,0.010090418349475687,5.029734157661388e-06,6.209594172942627e-08,0.004587138389271163,0.0010650850689132383,0.0253810528503329,0.00035942625071146915,0.3864252389794691
43,0.02424893210560034,0.0320231301134247,0.002473037943737469,0.001730056586709123,0.002195081173840749,0.0007283017868228278,0.0017386895993144636,2.784104864434616e-07,1.487575852409479e-06,2.86193854284942e-06,0.05108197552968574,0.030363001732264937,6.343194196753567e-07,0.3811488333935291,0.0030199169026242827,2.0425179206823233e-06,1.568707761639962e-05,0.01814344335720771,2.639717009635437e-06,3.9787698366040466e-08,0.005111042659667296,0.0006642795479445215,0.032581601615686066,0.000301608254738177,0.412421396352656
44,0.04081531940328258,0.024779924973626577,0.005876136849773775,0.0019577085711856624,0.0015811263918384991,0.0002477524655264508,0.00318840742444148,2.241695265864906e-07,1.0563048791941442e-06,9.216684317908498e-07,0.08125777331629598,0.04594524245349463,1.3810053292399457e-06,0.4341788377741926,0.0014572740288788277,9.891818660483352e-07,1.349848245775664e-05,0.014834722728314289,1.4158398659321618e-06,4.521519868285192e-08,0.0019382455348510292,0.00023041149766423545,0.020422460513040284,0.0005090277153706181,0.3207600964906674
45,0.05026074777827159,0.022905883327113945,0.012195445659055263,0.001436180953701338,0.0023831766697330415,0.00029108297631063137,0.00544129273407211,3.2713040913067865e-07,2.404203932811065e-06,8.062644779398159e-07,0.11868946450255971,0.054757136779269924,2.278659506391664e-06,0.4523060453099146,0.003453845247654876,1.607155766780815e-06,1.5741431318024374e-05,0.007217533161677534,2.2914186736947327e-06,5.950565916895354e-08,0.0013809508779799244,0.000235095524579175,0.018120278845580852,0.0007569187566817257,0.24814340512609961
46,0.09933527600662082,0.025339954101580967,0.006241491670230776,0.002078785555817005,0.0014495592479567502,5.288382600224797e-05,0.0017405416452708515,7.34310228790088e-07,3.907500150932423e-07,5.747257227594649e-07,0.08537782572569658,0.15738070357888237,1.9939170346994542e-06,0.17373917147212858,0.0015061451927035228,5.718896302394902e-07,0.00024622446712176094,0.03225049639157603,1.0712534053736477e-06,5.0960330125717186e-08,0.0028908937459941127,0.0005932463160715881,0.031127860770190773,0.002291020725393426,0.37635253175439476
47,0.1701582160260002,0.017329508656334463,0.003924628551095356,0.0006731090351760036,0.000545087482970314,0.0001758864303315376,0.0034473791500464848,2.221225267297666e-07,3.8565839384365807e-07,5.452598137338176e-07,0.0785367098121285,0.13495905819826592,7.234487798135074e-07,0.22780995368492188,0.001460133075464312,1.7213515702419035e-06,3.790012622995015e-05,0.030388558570779923,1.2653101371286946e-06,4.850272046759037e-08,0.0022791708187922992,0.0007234651003618977,0.021676455463715327,0.0006075568439343237,0.30526231131950926
48,0.052290542284431675,0.06428292274503222,0.0031328512158131224,0.0016115602533494377,0.0014474087735591144,0.00010450076188143558,0.003161744321650114,5.105292383395652e-07,6.553359095466157e-07,1.6204759707371525e-06,0.04873057855672826,0.04384247482542188,1.8442562382208212e-06,0.3691117338073178,0.0027512935881983066,1.2882567844992564e-06,6.584437019529264e-05,0.01423685239031976,3.5071486671241567e-06,4.512545966718488e-08,0.002530508479654364,0.0008760000801058326,0.03142987669340387,0.0009365356570534667,0.3594473000676159
49,0.03886911088175055,0.01668144408234494,0.006633429415229204,0.0017785438895255798,0.001964831960030197,0.0003358323827303794,0.00266396705664578,2.2414820754226966e-07,9.29920040848743e-07,7.818275288081411e-07,0.09820831708427254,0.0800170117354452,1.4195408803021637e-06,0.5045533265486414,0.001156291673854409,1.0252402362245798e-06,1.3573387718535898e-05,0.018139402389378372,1.2480107374485014e-06,5.391125606376437e-08,0.002015782320730609,0.00030657091663822424,0.019988832588484984,0.00037798244938884115,0.20629006663830327
50,0.023892830368133135,0.02423207627066654,0.004614240538848423,0.0013470897650563623,0.0011453905840183242,0.0002497809788167824,0.00374434128418777,1.3534234553366848e-07,1.3222566959098817e-06,1.4780929797885137e-06,0.02930266323250945,0.01722546643212311,1.0632038527545546e-06,0.5821268083517308,0.0011144331024222271,1.5944841433765188e-06,3.799171836063253e-06,0.005351315516698525,2.1595845382373353e-06,3.692935075777609e-08,0.0010845276586561755,0.00017321053216880534,0.010505025650890766,0.0002104515590150718,0.2936687591083152
51,0.021215194726434836,0.026905263651688226,0.004264938659376472,0.002820814885905169,0.0011894107024785323,0.00017545438610896638,0.0024505636112776745,1.7903966416033904e-07,5.611413806185926e-07,8.934827561170658e-07,0.08331075769483957,0.0436756660139918,1.5025523072961267e-06,0.584129422491672,0.0004269593233925747,3.25393882915468e-07,7.691431240442249e-06,0.027947900081084994,7.833464321114814e-07,4.533931570328219e-08,0.0019317362934844848,0.00021182453123073122,0.011634304550544164,0.0002763309460597273,0.18742147572345066
52,0.05099528818360836,0.02157657442061263,0.0035063632831000956,0.002190276041778771,0.0011304760504537844,0.001728377132875068,0.005929939710249698,1.6451496036849065e-07,1.248895521640964e-06,1.5942272697977594e-06,0.21632851839956974,0.03690365306907896,1.8826770850000538e-06,0.3585163387410059,0.0012265597454110648,1.77509031023934e-06,7.41818270910649e-06,0.08112283575559052,7.043800727363643e-07,1.2200969647907135e-07,0.002053274866200868,0.0003096147760939027,0.04457913845609486,0.0005309795160456367,0.17135688187460485
53,0.06907819075887321,0.01968652681946185,0.005506208253669716,0.001879823575912022,0.00047789271682658263,0.00042082269370610087,0.01556610623596274,1.995914957612577e-07,1.5785099133018763e-06,8.398678103900802e-07,0.176889729045637,0.024695359359046237,1.3224336847835978e-06,0.2678998581156303,0.002790816491567317,2.3650719613023483e-06,8.913184689866346e-06,0.01658271811048278,1.122370939202315e-06,1.0563441055114669e-07,0.0016018680968241377,0.00016116881387694208,0.048392831572733636,0.0007761698758688025,0.3475774627990156
54,0.03810002022887151,0.02299084534967523,0.00827214343383555,0.0026479338116753024,0.003789198597051475,0.00027928600338293,0.001841392774742772,4.284946833382052e-07,1.080377805618603e-06,6.089384597949122e-07,0.22900267945633343,0.08983615266670601,1.898385840407463e-06,0.3529005777008373,0.0014158883189875772,4.6373759293532374e-07,3.943423337851156e-05,0.03441854062475184,1.3723427898821968e-06,5.060240580978349e-08,0.0029020037817693977,0.00030772061978410987,0.023602827822509977,0.0008458037328459895,0.18680164796328322
55,0.043369531813173316,0.02466099568080956,0.00661125449178353,0.002067217449084378,0.0014842548885800196,0.00023060425279090047,0.003269254423321976,2.3324189515697885e-07,1.1456644460486918e-06,9.042820727902639e-07,0.08738042234185378,0.050254537951538995,1.534761100833207e-06,0.4003450726210396,0.001294350461024748,8.826389711886396e-07,1.3600269902418415e-05,0.0164087969686762,1.3009793973507598e-06,4.97845933087893e-08,0.0018222540090979853,0.0002077303822565587,0.01755694780418206,0.0005593429907240209,0.3424577798476833
56,0.03993244154202369,0.02684667770228343,0.006516037654430699,0.0021128707290993458,0.0017209132018533497,0.00023992875042636594,0.0032893722286815117,2.459869044960461e-07,1.1592806795407966e-06,9.866901827981958e-07,0.08379672215716039,0.04679017585887425,1.7599397576048338e-06,0.44765942550463905,0.0014079147601404936,9.58796395970453e-07,1.4343739019100737e-05,0.014911111852863085,1.4442770965034211e-06,5.102307311469259e-08,0.001822153871885371,0.00022686552815492513,0.01928592653060139,0.0005669297774954422,0.3028535826162782
57,0.029833183361915067,0.01863781033412388,0.009545540856575439,0.0014963081648504835,0.0031812945277643633,0.00015297687538573765,0.001249104193613708,3.631924722379813e-07,1.3319876636660535e-06,1.0539030821340014e-06,0.04383257451234062,0.1119854471390514,1.5676133162473955e-06,0.4811114395623924,0.0012451260984225549,9.705874536073438e-07,2.6403495254260184e-05,0.00847870254472695,2.5350492026579746e-06,3.958442533664892e-08,0.002251971877865215,0.00038761471029171666,0.008798141121409689,0.00036042121403391964,0.27741807749236674
58,0.04496269838251814,0.028762051138861322,0.00664962326829788,0.0020443567054367344,0.001656957047589903,0.00021039888233131748,0.0032972878814688496,2.646074946150706e-07,1.0235364827313272e-06,9.841513465263657e-07,0.08241025585667404,0.04841745755257989,1.624954955972717e-06,0.39892730723125275,0.001501505573325681,9.378974084243744e-07,1.888852212945223e-05,0.017036213898990404,1.3204403128251433e-06,4.801360095873362e-08,0.002000975033723119,0.00025610956437047816,0.02185463680368997,0.0007373328392763209,0.3392497402158817
59,0.049657350592199063,0.027026867866556878,0.008419359569446352,0.002047077533480351,0.0016718676848107292,0.0001949630666494248,0.0034748302124870045,2.831423412350488e-07,1.0803831005046836e-06,9.26696812156363e-07,0.08405143157509633,0.05227261463760265,1.6972117253312008e-06,0.3742690062179641,0.001450677595563033,9.310436776123417e-07,2.0367160655806458e-05,0.018250641368704325,1.175920122846054e-06,5.128795728650423e-08,0.0019766210874615866,0.00023642803299610276,0.02061292254274441,0.0009168139755651598,0.3534440135942796
60,0.04081531940328258,0.024779924973626577,0.005876136849773775,0.0019577085711856624,0.0015811263918384991,0.0002477524655264508,0.00318840742444148,2.241695265864906e-07,1.0563048791941442e-06,9.216684317908498e-07,0.08125777331629598,0.04594524245349463,1.3810053292399457e-06,0.4341788377741926,0.0014572740288788277,9.891818660483352e-07,1.349848245775664e-05,0.014834722728314289,1.4158398659321618e-06,4.521519868285192e-08,0.0019382455348510292,0.00023041149766423545,0.020422460513040284,0.0005090277153706181,0.3207600964906674
61,0.04583912978419393,0.025982925376436275,0.008623873368202101,0.0019922806057124575,0.001763903968124716,0.0002023006101175974,0.0033384504330223495,2.738523831014845e-07,1.1787218600109627e-06,8.836442443438125e-07,0.08838503990842408,0.05468505358734411,1.6637737324336077e-06,0.4005300414364104,0.0014412816559590377,9.052358370478413e-07,1.8076906326795658e-05,0.016104482372483558,1.3016938903922847e-06,5.0565251914967445e-08,0.0019488228318536413,0.00023404315965214642,0.018222930850509637,0.0007577881077183026,0.32992331755030974
62,0.04081531940328258,0.024779924973626577,0.005876136849773775,0.0019577085711856624,0.0015811263918384991,0.0002477524655264508,0.00318840742444148,2.241695265864906e-07,1.0563048791941442e-06,9.216684317908498e-07,0.08125777331629598,0.04594524245349463,1.3810053292399457e-06,0.4341788377741926,0.0014572740288788277,9.891818660483352e-07,1.349848245775664e-05,0.014834722728314289,1.4158398659321618e-06,4.521519868285192e-08,0.0019382455348510292,0.00023041149766423545,0.020422460513040284,0.0005090277153706181,0.3207600964906674
63,0.04295537924058436,0.03033848490429074,0.005924271430734184,0.0019902506009078316,0.001533225492863767,0.00024364993143073918,0.0034750431595716954,2.4584199934611e-07,1.1655405331404174e-06,1.0242121022770718e-06,0.0882792138794792,0.04287698902766664,1.5319076493830563e-06,0.40718891751071795,0.0016019499282155228,9.578525899398398e-07,1.504184117116771e-05,0.01629395138384832,1.45387303770952e-06,4.9210807866283344e-08,0.001999942581501377,0.0002575791904784487,0.02032769515704518,0.0006103921588837072,0.33408159414188954
64,0.039119768159869825,0.02420984669208261,0.005236294485775963,0.0019317793246344144,0.001497544417379666,0.00022169689903174669,0.002645856181908322,2.5213349696274167e-07,1.011673611213931e-06,9.039031286880582e-07,0.07873880577099006,0.048925507410214474,1.039982673701672e-06,0.3928582681977936,0.0015671764086275406,9.304703283688579e-07,1.603571163455301e-05,0.015511588083401036,1.5994228573823427e-06,4.0824599062279445e-08,0.0027626302361350636,0.00025480681260779616,0.02028107602386178,0.00046821010671108365,0.36374733066664505
65,0.034165300138082076,0.018074293297771705,0.004745166674263557,0.0019246035474399907,0.0016915406339623267,0.00029786376445924774,0.002408759363985292,1.7606487206055697e-07,7.63896249293485e-07,8.577673113387608e-07,0.06884711259756986,0.05294247170801509,1.1289905779450907e-06,0.5041123091804631,0.001071078414850913,1.003966150081612e-06,1.0720691579618323e-05,0.01602755727334244,1.2677340331996953e-06,3.923702494265825e-08,0.0020886894009272535,0.0002195076605186421,0.021302752527720466,0.00032792927265939243,0.2697371061961702
66,0.013574492092958263,0.009314945908104123,0.0076647924870735665,0.001570782523598913,0.0013573169357052552,0.0006020672603819564,0.003541057892425237,1.2133759497783152e-07,3.0018859304671226e-06,1.8477029618914522e-06,0.031501634723638906,0.03091293997240984,1.963574308016485e-06,0.7402132285848625,0.0004635909441394675,2.8907563457627653e-06,1.2269015820773937e-06,0.0037763304245649527,2.9542696615902195e-06,1.0583440488201315e-07,0.0007443961937938965,8.720286555974809e-05,0.004495056772711568,6.138858615307226e-05,0.15010466356912922
67,0.04124120612353594,0.03376164661356121,0.006161325477028325,0.001859212778440388,0.0016673151578521352,0.00022039838831756857,0.002879269801508478,2.6175339532939444e-07,1.3501903755813402e-06,1.0314633715745367e-06,0.08799510649630499,0.04232517166849491,1.3449413188572717e-06,0.3860654316048957,0.001633482536825998,7.611482805814655e-07,1.575486467882369e-05,0.015744249321640293,1.639245853813211e-06,4.0742802717388426e-08,0.002067494099884699,0.0002728217676203277,0.0149185277785803,0.0005808879330613689,0.3605842681023702
68,0.05423346318494536,0.022479581661238927,0.004366545900740572,0.0021391583852237396,0.0011132012092249588,0.00032003634739619097,0.0035096739099811387,2.3041259138400086e-07,7.926018063925916e-07,8.963234742490694e-07,0.11639328640404528,0.056878544174485686,1.157320217932466e-06,0.31930278959395114,0.001386301607922782,1.0372423827792491e-06,1.8154467850443515e-05,0.030644737003883683,1.0360117521338464e-06,5.770930842845046e-08,0.0026345592799295655,0.00028307822483037716,0.03258769601405465,0.0006083785862091096,0.35109560642255305
69,0.04062686975472925,0.02465724019087907,0.006630503743716887,0.0022643264584793496,0.001419193751168885,0.0002095229275849945,0.003314192659519524,2.599593688616388e-07,1.1501300946256112e-06,1.026443169883904e-06,0.07189915904665542,0.043302561049667614,1.4599138730737361e-06,0.37376061080981615,0.001355517560364155,1.0175918424241071e-06,1.4714703612345513e-05,0.014994837365078227,1.3528254199495705e-06,5.379220897923143e-08,0.001985042551501207,0.00019848769867062102,0.019572739704770525,0.0006126563314187081,0.3931755030363892
70,0.038938173964906106,0.0217864007616079,0.006054805568356628,0.0019376559414015404,0.0015583861966900472,0.00023942955862991854,0.0030745322371080464,2.0115199230044163e-07,9.813518977837794e-07,8.596554622161787e-07,0.07316041991953927,0.04669536144713815,1.3675889128659856e-06,0.46893474141159824,0.0012435081942449207,9.794146928900299e-07,1.1551703907515221e-05,0.013565336119019724,1.2996475776512266e-06,4.376341727760288e-08,0.0017749585067838155,0.00020581053139867502,0.018965032100281075,0.0004476298765917511,0.3014005333868437
71,0.06184072513440788,0.018987689785719172,0.006051119968796331,0.002057371420130213,0.0010025514734197285,0.00020410945397542174,0.00479714760498932,2.5644795167229336e-07,7.869477275970729e-07,6.395062860799205e-07,0.10643893235708184,0.05948171726744805,1.3942137179759e-06,0.3811024304933009,0.001340528790933394,1.19911365906778e-06,1.7324473067711715e-05,0.01902881727134445,1.2943191619591117e-06,6.598562833863945e-08,0.002006402005367478,0.00021432408598113725,0.027675403521465042,0.0006002111553335114,0.30714755720310566
72,0.07329787908458608,0.054713434962384774,0.0032947783602714584,0.0022833329711672307,0.0009014938558543608,0.00015685003388727828,0.005078767747640625,5.761584634854502e-07,4.640664041956717e-07,9.872557827338462e-07,0.22677474236248008,0.06580826016990797,1.954209024931222e-06,0.20523204527466576,0.0016119614698931431,6.83821090935697e-07,9.32846928814233e-05,0.08425104081286883,1.6859304945568713e-06,9.203030905313208e-08,0.004377669516031376,0.0006662378003174904,0.039354821770275106,0.0016273825803147916,0.2304695730630024
73,0.0408519718761272,0.024860662227862297,0.005870829451495066,0.0019546922113841173,0.0015842284216407048,0.0002473914369164413,0.003183532464083233,2.2432616166146573e-07,1.0550002233055315e-06,9.215145855983883e-07,0.0812835300360748,0.04594584030490509,1.380535361329002e-06,0.43400796391337926,0.0014612369770531793,9.870099060457084e-07,1.3550492421221526e-05,0.01484675083557354,1.416520737668849e-06,4.5072091489610495e-08,0.001939778005090239,0.00023119956567091182,0.020429601387405003,0.0005104728475909394,0.3207707375662597
