,0,1,2,3,4,5,6,7,8,9,10,11,12,13,14,15,16,17,18,19,20,21,22,23,24
0,5.8938138037028114e-05,1.8116800639640426e-05,1.4695802848285188e-07,3.224059130203827e-07,4.653372389032406e-06,2.5287941989964114e-05,5.785163630421569e-05,1.5454741953114825e-09,2.6948888340047186e-06,0.00036746279519332524,1.141817423048985e-05,3.7146694051736195e-05,3.314449051898922e-08,0.14798516042523197,4.7470787622755115e-06,7.258172914562089e-07,4.9142891985329266e-05,0.005830587424055947,2.1123749795546857e-06,4.3602285516991724e-06,0.00040583603380574203,0.0022467340199719193,0.0002593288778682006,2.896893848922233e-07,0.8426269006425354
1,8.683636994259268e-05,2.7130833679309936e-05,1.714025941754522e-07,4.1519502663619466e-07,7.3064018700570395e-06,2.6609013983000087e-05,6.741900031294958e-05,2.1695248212750478e-09,6.423923548917454e-06,0.0005725292789831381,1.353242448614044e-05,3.332601984561218e-05,3.967244410039585e-08,0.13806470180753158,5.506640312953957e-06,1.1901504378142078e-06,5.6012913936971254e-05,0.005373920167074542,2.5744452060417297e-06,3.9012578849437035e-06,0.000326490285102893,0.0023145336150432053,0.000244356748700759,4.1398453939107184e-07,0.8527646562779875
2,3.531488706824422e-05,8.531031295463544e-06,7.143763376027376e-08,1.6287846680017446e-07,3.4084307047900063e-06,8.662296970807393e-06,3.90264500849708e-05,9.349270344755066e-10,2.8030171381028715e-06,0.00026410407221802456,5.474363013541971e-06,1.1661104871390374e-05,1.2736444292426993e-08,0.0967022370441197,3.4295452853053213e-06,3.082964790073836e-07,1.9492895026131858e-05,0.0029834968454359083,1.0579334184229983e-06,3.2941771156560785e-06,0.00016504212844247298,0.001791466389332018,0.0001833275292078468,2.2882627822624998e-07,0.8977673847490221
3,5.7243242456252734e-05,1.937636915971914e-05,1.3400498555488119e-07,3.2327628421571477e-07,5.001110908280176e-06,1.9560091442263892e-05,4.9343950448166234e-05,1.2428302986100084e-09,2.722456514672309e-06,0.00031229742918515005,1.2717688407829844e-05,3.6776646924204786e-05,3.038569828452535e-08,0.15609381539584108,4.406725870623724e-06,6.094074345609619e-07,4.839417994196221e-05,0.005676708108477671,1.6069188353320922e-06,3.0323654575047117e-06,0.0003556230949938643,0.002092957866059545,0.0002345702076316125,2.8357979122107177e-07,0.8349724642544202
4,5.937235825670185e-05,2.4752095928426297e-05,1.5235795146069463e-07,3.68588718570229e-07,5.804357080324304e-06,2.1388169710950414e-05,4.863146971657266e-05,1.2726629540357974e-09,2.7665603737421428e-06,0.0003039158040239339,1.6398632270073528e-05,5.2307635761043466e-05,4.44244254968951e-08,0.18930821450670673,4.05796496453156e-06,6.445140091600216e-07,5.855481691105901e-05,0.006617619798773857,1.7490264065938698e-06,3.0547764091144585e-06,0.000389369289084666,0.0021849652415940244,0.00024308742469713508,2.845325986279007e-07,0.8006524943809643
5,6.0877975475174974e-05,1.2153487803167567e-05,1.0584953476556925e-07,3.430065419907918e-07,3.660666708685199e-06,1.3394203400133326e-05,4.1558175725192716e-05,1.134388630045971e-09,2.230737500612192e-06,0.0002997820351707278,1.052441201808621e-05,3.628943593235074e-05,2.5384268130637792e-08,0.14963795868140442,2.8685648861731156e-06,5.685008257521467e-07,4.577185829041105e-05,0.009054252180443177,9.771252291418412e-07,3.3635129175595053e-06,0.0003147247453979514,0.0016743454720308099,0.000226760987951261,3.1454398338984575e-07,0.8385571473221723
6,5.7243242456252734e-05,1.937636915971914e-05,1.3400498555488119e-07,3.2327628421571477e-07,5.001110908280176e-06,1.9560091442263892e-05,4.9343950448166234e-05,1.2428302986100084e-09,2.722456514672309e-06,0.00031229742918515005,1.2717688407829844e-05,3.6776646924204786e-05,3.038569828452535e-08,0.15609381539584108,4.406725870623724e-06,6.094074345609619e-07,4.839417994196221e-05,0.005676708108477671,1.6069188353320922e-06,3.0323654575047117e-06,0.0003556230949938643,0.002092957866059545,0.0002345702076316125,2.8357979122107177e-07,0.8349724642544202
7,7.598587205903818e-05,3.065089368449941e-05,2.245498431375417e-07,3.9223880741409835e-07,6.950377221494011e-06,2.597335881241885e-05,5.4270563690401445e-05,1.4654350707841796e-09,3.0442015446079097e-06,0.00035477919363256425,2.003500325913306e-05,5.134177406247216e-05,4.9592023122545076e-08,0.18666830460828612,5.346332054185568e-06,6.905202672191483e-07,5.946455662376838e-05,0.006629600092134407,2.278429784806854e-06,3.369054571018966e-06,0.00042933526255763994,0.002554012575905246,0.00023707379483009562,3.761044467561075e-07,0.8027864495844634
8,3.164463201258957e-05,6.613105860002984e-06,6.483040484275899e-08,2.0031477806390537e-07,2.719098883748468e-06,4.9781567498506055e-06,2.63824585870703e-05,4.765117556638024e-10,2.1606530088426298e-06,0.0002331513615517479,6.893080652296519e-06,7.094005686152601e-06,6.913628481395239e-09,0.1096801759077818,3.905201653834054e-06,1.8838024448964196e-07,1.5219570846437006e-05,0.0027193581231389945,4.121958977826217e-07,1.507527687116592e-06,0.00014500519515016504,0.0013650601959348408,0.0001443011734128145,4.3431043904658526e-07,0.8856025231294973
9,5.408323598120008e-05,2.6730738593471932e-05,9.963399865405343e-08,2.258733219436825e-07,5.028641791632335e-06,2.0395133172156747e-05,5.564506190765192e-05,1.0301161941000493e-09,2.2328297465755552e-06,0.00020895106105648647,1.08912746584365e-05,5.260439884439024e-05,3.238711828314882e-08,0.12694455692333884,3.53541789357347e-06,5.659589623552172e-07,4.6745248968979975e-05,0.005663688391122185,1.8066587678733812e-06,2.1776632526111085e-06,0.00033862647680121507,0.0016423575377280065,0.000194018369982919,1.431046729020445e-07,0.8647248569482013
10,5.7243242456252734e-05,1.937636915971914e-05,1.3400498555488119e-07,3.2327628421571477e-07,5.001110908280176e-06,1.9560091442263892e-05,4.9343950448166234e-05,1.2428302986100084e-09,2.722456514672309e-06,0.00031229742918515005,1.2717688407829844e-05,3.6776646924204786e-05,3.038569828452535e-08,0.15609381539584108,4.406725870623724e-06,6.094074345609619e-07,4.839417994196221e-05,0.005676708108477671,1.6069188353320922e-06,3.0323654575047117e-06,0.0003556230949938643,0.002092957866059545,0.0002345702076316125,2.8357979122107177e-07,0.8349724642544202
11,6.119401805248087e-05,2.2939343739777424e-05,1.524736577095231e-07,3.672938816666924e-07,5.50807752542302e-06,2.294428231763975e-05,5.346671679185678e-05,1.4676770713764112e-09,2.9309237489830642e-06,0.00032476152496979514,1.4575200006300382e-05,4.6623981352617316e-05,4.0443523000628914e-08,0.1710741627453493,4.540654122395645e-06,7.174903045707644e-07,5.8791758659529865e-05,0.006286843098477857,1.8784580206858727e-06,3.317610557468688e-06,0.00038228018755368973,0.0022695771162200874,0.0002528636920861099,2.9061269999661884e-07,0.819109230828704
12,5.0429227985497696e-05,1.858499006780482e-05,1.1788335910075664e-07,2.8450450588379574e-07,5.064445687318571e-06,1.759591240957285e-05,4.5481034916890404e-05,1.0175264109478036e-09,2.3994496576350057e-06,0.0002603920466341034,1.1237167829682888e-05,3.572396234577269e-05,2.746687189917558e-08,0.15129092515285686,3.8009613837914806e-06,5.170574361308424e-07,4.013251703307345e-05,0.005586880648635185,1.3605520819412714e-06,2.821645039534127e-06,0.00032402644025178933,0.0017141596589287905,0.00021668054884028208,2.3625154580973375e-07,0.8403711194561693
13,6.333559351546058e-05,3.2460977074550904e-05,2.297758076724595e-07,6.752613260409862e-07,9.796137409614138e-06,2.3701811534337037e-05,4.3199957586872126e-05,9.461133564210976e-10,2.3403635854805256e-06,0.00024839160534681135,7.5212997215645e-05,7.480274840342801e-05,7.234785590975887e-08,0.33487377073010316,9.098214798135865e-06,6.832361660639127e-07,7.21249936950044e-05,0.0063223029530484216,1.8884872731447716e-06,2.2354535587464786e-06,0.0006780989082786382,0.0023529305744679637,0.00041909484301201974,5.911845453275449e-07,0.6546929598982781
14,6.803542062365609e-05,6.814601022028254e-05,1.7080550045643116e-07,2.2630153306421548e-07,9.6854067695011e-06,4.790985309629308e-05,5.991977542238821e-05,7.762587299630692e-10,1.6023389738233234e-06,0.0002474578420850221,2.6641419766289688e-05,0.00014225818718073218,9.138441276342532e-08,0.22717291316370267,3.980206725067879e-06,8.557130680576867e-07,5.43053985184532e-05,0.0070754473868396344,4.6994924525222625e-06,2.733293613725687e-06,0.0005845735787895527,0.001627192648323468,0.0001916202379835875,1.4595865005901235e-07,0.7626093873994901
15,5.7243242456252734e-05,1.937636915971914e-05,1.3400498555488119e-07,3.2327628421571477e-07,5.001110908280176e-06,1.9560091442263892e-05,4.9343950448166234e-05,1.2428302986100084e-09,2.722456514672309e-06,0.00031229742918515005,1.2717688407829844e-05,3.6776646924204786e-05,3.038569828452535e-08,0.15609381539584108,4.406725870623724e-06,6.094074345609619e-07,4.839417994196221e-05,0.005676708108477671,1.6069188353320922e-06,3.0323654575047117e-06,0.0003556230949938643,0.002092957866059545,0.0002345702076316125,2.8357979122107177e-07,0.8349724642544202
16,7.432003652637015e-05,3.747162584662388e-05,2.3745557490489898e-07,4.189507410091788e-07,9.805808619983139e-06,3.5985218878703047e-05,6.937811183646507e-05,2.3427357224607516e-09,7.257424687986021e-06,0.0003028366690842196,2.0045575902396296e-05,2.976100702897634e-05,5.519954885144291e-08,0.16422387917939543,9.712650377601807e-06,8.76432927307681e-07,6.141056255540594e-05,0.0032217705913285023,3.1897548904734186e-06,3.5220604537181477e-06,0.0002387397173885498,0.0027830587475930926,0.0003689320122504144,4.5569521402991174e-07,0.8284968771686132
17,3.886038889441732e-05,1.1427213930170492e-05,5.997261146268787e-08,1.7167524007061097e-07,2.3221266403097873e-06,7.0588258621712e-06,2.6014675099628102e-05,7.115122041250057e-10,1.0093682771254573e-06,0.0001371076900111871,6.856368650255056e-06,5.987936688174948e-05,2.5394829281093742e-08,0.15010072237301925,1.1582357268988864e-06,2.5162157033446245e-07,4.3298213817996584e-05,0.009855679597366137,7.684896989661843e-07,2.2494883363328923e-06,0.0002867546704572222,0.0016158936208076269,0.00017584367000009608,1.0124005754216821e-07,0.8376264850007016
18,0.0001448389509880491,8.607901853024845e-05,3.3793354397144226e-06,4.960732441616265e-06,0.0001237238820351745,0.0002245437238455549,0.00017338075951750406,6.866964231576928e-09,1.166050588232923e-05,0.001209021087028628,0.00017070673916884678,4.903269104311166e-05,1.5455225899763446e-07,0.4465675322517555,0.00010636895701322147,5.0365478960656875e-06,6.580611801555032e-05,0.0036891754506096918,1.271797689901462e-05,1.059695731497969e-05,0.0021820536988778963,0.003839764279501324,0.000851263260219383,3.272268118129552e-06,0.5404649233886352
19,5.204773754466751e-05,2.3104082847857123e-05,1.893506225892815e-07,3.929894123796013e-07,7.302211415544165e-06,1.8885380353760792e-05,5.670863557631421e-05,1.6176301021495557e-09,2.7756060978770634e-06,0.000287752895778495,1.3318722488678705e-05,5.5704284092661336e-05,4.438414768730207e-08,0.1868377209019978,4.189556559267033e-06,6.06921767201635e-07,5.1830174834290535e-05,0.006821049650153258,1.879787628976004e-06,3.6187298784733893e-06,0.0003760615973732327,0.0026849329095632946,0.000206836139824009,2.4612754364324294e-07,0.802492799604868
20,4.850957244685134e-05,1.9023826777960335e-05,1.9104822740369385e-07,4.3055659506032886e-07,5.531872166891979e-06,2.064297269595678e-05,8.80639302548547e-05,2.4910162147582248e-09,2.8546053125954184e-06,0.00034751714988111743,1.8979748534818705e-05,2.54976877062186e-05,3.004426604597913e-08,0.14250115693413293,1.5682949275069073e-05,5.893463147523771e-07,4.466668002557861e-05,0.0028509289268680853,2.690349869786921e-06,3.391119484184258e-06,0.0006433133107154818,0.004411846712989548,0.0003486317784398821,3.94312667753181e-07,0.848599432073335
21,6.413572564317945e-05,2.0093238889099046e-05,1.1512149140067502e-07,3.066021701798136e-07,5.838598594178235e-06,1.2750006194862128e-05,3.121072670477594e-05,7.551368181538012e-10,1.5999407585517816e-06,0.00033504935000917645,1.410313782988644e-05,6.0948701863808744e-05,2.9662995192630817e-08,0.1839048342359995,2.2574504785416497e-06,5.052603261143194e-07,3.835061225832559e-05,0.00943175975901426,1.31026047133213e-06,2.6370114908560906e-06,0.0005478512578326552,0.0014667057149539472,0.0001707187212852984,2.2026956293566563e-07,0.8038866678780451
22,8.24024277198387e-05,1.9351516912369098e-05,2.3116088787845938e-07,6.125930760072358e-07,4.891940774078715e-06,2.5414937676944697e-05,4.310016755452816e-05,1.5436765394598342e-09,2.312125548040223e-06,0.0005383478257747406,2.3462065332382086e-05,6.384410766456786e-05,3.973048824792375e-08,0.24191197172627504,5.130593855988614e-06,8.802838292398731e-07,9.553687518236901e-05,0.010819479652818945,1.644148702800699e-06,3.949006470837191e-06,0.0007352890999506162,0.0031238506241966805,0.0002795974218811872,5.060109989818241e-07,0.7422181524127511
23,5.7243242456252734e-05,1.937636915971914e-05,1.3400498555488119e-07,3.2327628421571477e-07,5.001110908280176e-06,1.9560091442263892e-05,4.9343950448166234e-05,1.2428302986100084e-09,2.722456514672309e-06,0.00031229742918515005,1.2717688407829844e-05,3.6776646924204786e-05,3.038569828452535e-08,0.15609381539584108,4.406725870623724e-06,6.094074345609619e-07,4.839417994196221e-05,0.005676708108477671,1.6069188353320922e-06,3.0323654575047117e-06,0.0003556230949938643,0.002092957866059545,0.0002345702076316125,2.8357979122107177e-07,0.8349724642544202
24,5.023927436182314e-05,2.0990308087005503e-05,1.454423002493997e-07,5.029705048139262e-07,8.728940600442056e-06,1.752545927956458e-05,4.42558361032592e-05,1.2043783950168442e-09,2.4455336543559627e-06,0.0002617382930260821,1.66407165969197e-05,6.317296008029093e-05,5.0195123879426316e-08,0.2471002337698254,3.1692172750726125e-06,7.630659997829019e-07,4.7883865348271604e-05,0.008480636284218905,1.3688806068834896e-06,3.1641940611757725e-06,0.0003710025837722108,0.001599388973302151,0.0002516074236045979,2.545117872089213e-07,0.7416540900961013
25,9.43684806737401e-05,1.9340607888446385e-05,2.1609890270318e-07,7.954318075640335e-07,8.445148933611727e-06,1.860554410893732e-05,7.916684539342389e-05,2.726677420005262e-09,2.759443503458292e-06,0.00043392949870838866,3.326982194061444e-05,6.891130995919863e-05,6.49292792759512e-08,0.2142466749223199,7.0967207246606615e-06,1.319631425668428e-06,6.974250523175769e-05,0.011011723787223189,2.5671350577929333e-06,4.3954864647074035e-06,0.0007519079194774332,0.0029529961447272535,0.0003963451450087348,4.628677637382087e-07,0.7697948918467984
26,8.607751936985506e-05,1.7718949360827655e-05,1.1446508798250283e-07,3.9401330132033873e-07,4.60874871251429e-06,1.7949928089396527e-05,4.35602184887083e-05,1.837939755738279e-09,7.505791163749508e-06,0.00023540958807530607,1.2605700360649082e-05,1.868571174386566e-05,2.8198216843743404e-08,0.1030444777626727,5.023918358786614e-06,5.672375845081011e-07,5.532474128031448e-05,0.004146536897816408,1.133119245368479e-06,3.318218541775883e-06,0.0001952479211038912,0.0015964594028373411,0.0004502965603747405,6.362046874169934e-07,0.890056317345586
27,3.735745907841704e-05,1.2582762150819192e-05,7.851282306012964e-08,1.9558752052600065e-07,3.2871433325114015e-06,1.2559091538690215e-05,4.999470791150804e-05,1.0751803084756963e-09,3.7555197427442765e-06,0.00029106967024860475,7.559497431636361e-06,1.4891760801103791e-05,1.6780001487261317e-08,0.10533130122937658,4.832297643623325e-06,4.0167313273869156e-07,3.333606565395732e-05,0.0026888630023676604,1.2111801691691759e-06,2.687987469934573e-06,0.00017716567875014175,0.002358088179163088,0.00019683506335167812,2.7865457146054694e-07,0.8887716494205885
28,5.7243242456252734e-05,1.937636915971914e-05,1.3400498555488119e-07,3.2327628421571477e-07,5.001110908280176e-06,1.9560091442263892e-05,4.9343950448166234e-05,1.2428302986100084e-09,2.722456514672309e-06,0.00031229742918515005,1.2717688407829844e-05,3.6776646924204786e-05,3.038569828452535e-08,0.15609381539584108,4.406725870623724e-06,6.094074345609619e-07,4.839417994196221e-05,0.005676708108477671,1.6069188353320922e-06,3.0323654575047117e-06,0.0003556230949938643,0.002092957866059545,0.0002345702076316125,2.8357979122107177e-07,0.8349724642544202
29,5.7243242456252734e-05,1.937636915971914e-05,1.3400498555488119e-07,3.2327628421571477e-07,5.001110908280176e-06,1.9560091442263892e-05,4.9343950448166234e-05,1.2428302986100084e-09,2.722456514672309e-06,0.00031229742918515005,1.2717688407829844e-05,3.6776646924204786e-05,3.038569828452535e-08,0.15609381539584108,4.406725870623724e-06,6.094074345609619e-07,4.839417994196221e-05,0.005676708108477671,1.6069188353320922e-06,3.0323654575047117e-06,0.0003556230949938643,0.002092957866059545,0.0002345702076316125,2.8357979122107177e-07,0.8349724642544202
30,5.7243242456252734e-05,1.937636915971914e-05,1.3400498555488119e-07,3.2327628421571477e-07,5.001110908280176e-06,1.9560091442263892e-05,4.9343950448166234e-05,1.2428302986100084e-09,2.722456514672309e-06,0.00031229742918515005,1.2717688407829844e-05,3.6776646924204786e-05,3.038569828452535e-08,0.15609381539584108,4.406725870623724e-06,6.094074345609619e-07,4.839417994196221e-05,0.005676708108477671,1.6069188353320922e-06,3.0323654575047117e-06,0.0003556230949938643,0.002092957866059545,0.0002345702076316125,2.8357979122107177e-07,0.8349724642544202
31,7.655997733048241e-05,1.589848080461599e-05,1.4857746623247488e-07,2.250506584700477e-07,4.296115185670963e-06,1.0870194629384774e-05,3.5111951186358746e-05,1.5740178541537812e-09,1.9961101694642043e-06,0.00025123365736396996,7.457457971034208e-06,4.061840649171815e-05,2.853449912469549e-08,0.11311103643185956,2.2915229585884364e-06,4.098124685441209e-07,3.6851444738400495e-05,0.008501548745583551,1.6779974795181052e-06,3.760234300272818e-06,0.00031389511936869507,0.002053071212337157,0.000186344723864002,2.0381661481521414e-07,0.8753444628506525
32,5.8068276218147917e-05,2.052150069173678e-05,1.4401450593444247e-07,2.9985787448603624e-07,5.299390862882246e-06,2.0723429424591743e-05,5.2609660900343496e-05,1.3902701343395055e-09,2.646486692716828e-06,0.0003123188810603888,1.279169075069248e-05,3.9339825937866566e-05,3.352800649708954e-08,0.1524848618563831,4.7005079032183385e-06,6.416649564227685e-07,4.76759658934994e-05,0.005404249904138564,2.0934408149105123e-06,3.331047327114651e-06,0.00036917857761411155,0.0023068276318738827,0.00023943628033105176,2.6032979595706e-07,0.8386119448597718
33,5.792962248480929e-05,2.2214939651412182e-05,1.3684437257390673e-07,3.5870887852114265e-07,4.273196617290677e-06,2.3798658515811984e-05,5.4194916012055815e-05,1.5380551294973753e-09,2.989561742214172e-06,0.0003690798810059167,1.3378081980709096e-05,6.030246866139179e-05,4.9323573721399973e-08,0.20507949868165457,3.377594095484555e-06,8.136054184973839e-07,8.453492022171467e-05,0.008006919043697673,1.7358562145320993e-06,3.4683878373694228e-06,0.00032740534782971107,0.0029347381564087264,0.0002226499919952704,2.541726768694122e-07,0.7827258965003979
34,9.788153572346515e-05,2.68232820981477e-05,1.477905490826148e-07,1.6031713183808126e-07,6.740025673857872e-06,8.872495966189885e-06,2.8077664094625553e-05,9.456088703783894e-10,3.7925430127021266e-06,0.00024581636592308935,1.7907745256695016e-05,2.1268554885576306e-05,2.716083755426577e-08,0.11062815167619114,4.346804835318352e-06,2.6894289144943497e-07,2.394042917519388e-05,0.0029628885938816586,3.063749994274694e-06,2.022076426603104e-06,0.00022284532205924188,0.0023151215866803673,0.0002012702069166944,4.109797066523087e-07,0.8831781532044798
35,7.128503305811777e-05,1.960143837939954e-05,1.2148707625375666e-07,2.837276441231091e-07,4.246128762236321e-06,1.6083214470236596e-05,4.590678400497477e-05,1.3517869490740242e-09,2.9294820175900346e-06,0.0003344935801760696,1.0473808967578875e-05,4.031064435010315e-05,2.9264640662371816e-08,0.13467950144326668,3.2519835975839683e-06,5.996171265806639e-07,5.225397837441092e-05,0.0070348153132556435,1.5646897522036722e-06,2.8990824521672096e-06,0.0003163569478163746,0.0021344609030502578,0.00019502445756926727,2.6125855719169425e-07,0.8550332443798474
36,3.971169042498949e-05,1.5347758450035416e-05,6.712363191762864e-08,3.3782831379903585e-07,1.6220417432692822e-06,3.253822603377504e-05,8.460927727154291e-05,3.454523674207175e-09,5.944285125750892e-06,0.00041014900837795215,6.308457641674596e-06,7.374125495861655e-05,6.060603704645393e-08,0.18683554486517254,2.8116164487261625e-06,1.6448607111582599e-06,0.0002881173631144045,0.007871046319567282,1.5391963578319232e-06,4.471506603515849e-06,0.00015348503355286448,0.006129025330926041,0.00027738854563542773,1.626050352522758e-07,0.7977643217443409
37,7.629951185280994e-05,1.1856684571267886e-05,1.441731553344773e-07,3.8944005906425605e-07,3.958544885296536e-06,1.0151073424581487e-05,3.1843318072491604e-05,8.124517322414589e-10,1.8286042300819266e-06,0.0003040207952178559,1.6961842016454603e-05,3.183599105042357e-05,2.190919366023265e-08,0.17719260972706216,3.529752125234086e-06,4.112984131139475e-07,3.841084525128358e-05,0.009779029739578384,8.353225795436139e-07,2.7332478282364025e-06,0.00034016718963123405,0.0017195842948796746,0.00020883100900133498,6.011714851512846e-07,0.8102239437019837
38,7.21249014705646e-05,2.7935666139393188e-05,2.2495330922692772e-07,6.08554076730024e-07,5.85729162114369e-06,8.790572916825173e-05,0.00012508949367440783,2.9076889433401894e-09,2.561285401694097e-06,0.0004620273265157316,2.2757200365674565e-05,7.149359059921316e-05,7.439963464462294e-08,0.193633350928103,1.0743893720098963e-05,2.361134394640516e-06,0.00010655836245552742,0.0071355168537590614,4.764726516062814e-06,6.065383975574885e-06,0.0008361193398976743,0.0026486655956269823,0.0005289989348074718,3.2377954920069557e-07,0.7942078677675292
39,5.866161241012822e-05,2.0148321278942473e-05,1.3805377116996594e-07,3.250100148572213e-07,5.201023754732723e-06,1.95038790050188e-05,4.829731083032507e-05,1.2070787107100466e-09,2.8047989072367383e-06,0.00031710336658929874,1.3297746540270716e-05,3.7137582904564244e-05,3.099249615520652e-08,0.16135320663689473,4.387651480441259e-06,6.019539845165766e-07,4.8248207471718594e-05,0.005734915223669036,1.606453616953405e-06,2.9976183307823163e-06,0.0003494387345198987,0.0020945513738308366,0.00022965117923377126,2.953210960164381e-07,0.8296574487402898
40,5.712987963897654e-05,1.942377687720599e-05,1.344175779996977e-07,3.223139333310715e-07,5.015020630255593e-06,1.9561401040629716e-05,4.9272071050889705e-05,1.238426157173475e-09,2.712668807352872e-06,0.0003117652148208832,1.2717071785360542e-05,3.683224277307465e-05,3.037611500463787e-08,0.15630781749655956,4.40869515717195e-06,6.070365112785623e-07,4.824225389603571e-05,0.005668947418912248,1.609425328044144e-06,3.030096506787219e-06,0.00035563500285812073,0.002094679046209027,0.00023364529000927735,2.829189553142022e-07,0.8347661776256201
41,6.885143168588202e-05,7.30713319497025e-05,2.3082560995042167e-07,6.705239529403969e-07,1.792733997927698e-05,4.702462521771888e-05,6.515631135194126e-05,1.812638813594479e-09,1.3848666046290202e-05,0.00045097330659446414,1.767714712349662e-05,3.636029834874829e-05,6.069832250673233e-08,0.20096770203811593,6.47995724821377e-06,1.1666027056560198e-06,6.610651672863347e-05,0.0036933377268954137,1.5385797438582789e-06,2.499106551071891e-06,0.000252682926202743,0.0015130901385017144,0.00023890768392828755,4.2885183788338614e-07,0.7924642055527189
42,9.454950775480029e-05,3.9604253593155165e-05,4.80200471182016e-07,4.355446533481734e-07,7.3651631470841795e-06,3.47638225311581e-05,0.00010048161947683156,7.615282507593521e-09,4.018165793420757e-06,0.0008716152390033522,2.0517654516561958e-05,9.343328710838535e-05,7.90981638226879e-08,0.1839014602909083,1.3814452349682999e-05,1.26982955186348e-06,0.00012065409299503996,0.004779604300720482,1.3081462768948122e-05,7.223952742925219e-06,0.0011724869639203885,0.017220651051543575,0.00026440575296280864,3.3354698128094185e-07,0.7912376631310591
43,8.273937773023656e-05,1.4835087479601336e-05,1.8910752865335985e-07,4.0459920094120635e-07,4.703901924103647e-06,2.726818312880471e-05,6.651973832229317e-05,2.9620242345018503e-09,6.4257655667707544e-06,0.0013400655906843145,9.412367770267713e-06,1.6295414438198524e-05,2.4531567499586794e-08,0.12952337101421785,6.420767392048133e-06,1.0641729722715148e-06,5.110973957096932e-05,0.0043291693514065635,2.8674607946869593e-06,7.90074517358094e-06,0.00046752938725084804,0.0041193119491896545,0.00024985632167346,5.720443956288853e-07,0.8596719404185965
44,5.7243242456252734e-05,1.937636915971914e-05,1.3400498555488119e-07,3.2327628421571477e-07,5.001110908280176e-06,1.9560091442263892e-05,4.9343950448166234e-05,1.2428302986100084e-09,2.722456514672309e-06,0.00031229742918515005,1.2717688407829844e-05,3.6776646924204786e-05,3.038569828452535e-08,0.15609381539584108,4.406725870623724e-06,6.094074345609619e-07,4.839417994196221e-05,0.005676708108477671,1.6069188353320922e-06,3.0323654575047117e-06,0.0003556230949938643,0.002092957866059545,0.0002345702076316125,2.8357979122107177e-07,0.8349724642544202
45,5.985924818195294e-05,2.0429247412980667e-05,2.9963454569656756e-07,7.634570108558724e-07,7.367519356738583e-06,6.036101422431722e-05,0.00018138320078434344,4.90253410416686e-09,5.07691468128879e-06,0.0006217531116736764,1.907661928453584e-05,2.6672995434892197e-05,4.4195509324604955e-08,0.1560533561798027,2.7529363054030287e-05,2.089893910099771e-06,7.004691716424096e-05,0.0036749430403450393,4.134827995015056e-06,6.638210892869377e-06,0.0005477689182723792,0.004350765173266275,0.0004452885703739421,6.164350275715123e-07,0.8338137304092611
46,0.00020772180960188544,3.6677810247260515e-05,3.5454054739368934e-07,1.7547548795617548e-06,2.7574282432623754e-06,0.000122205953348268,8.177273949246692e-05,8.362374280266916e-09,4.975764108574833e-06,0.0007249235079572517,4.03248693764709e-05,0.000242597305939831,1.7973076943656334e-07,0.2762027733279975,7.324422929705646e-06,3.977634344712411e-06,0.0010136007477897155,0.024071575533256236,3.451438728814795e-06,7.658429940735315e-06,0.0012211711733887823,0.006305180461094619,0.0008769810531593434,9.171645210390005e-07,0.6888191340359628
47,8.16236548074561e-05,2.498615964205285e-05,6.464751274695201e-08,5.568112520715668e-08,1.2957719762162553e-06,8.971057562076297e-06,4.086348824823149e-05,1.4249521798783829e-09,2.00444971949416e-06,0.0002993329711053146,3.4052998914537453e-06,6.600973606468957e-05,2.326734506788977e-08,0.05737823191529153,1.4168953429630068e-06,2.9287013178254753e-07,5.8874059666931395e-05,0.006346133304736832,2.8837395255659164e-06,2.3327316828898937e-06,0.00020774959573336497,0.00469098395216232,6.164381108537536e-05,8.250370912879892e-08,0.9307207370109791
48,0.00011663841281714241,9.67579181447935e-05,3.16590364795844e-07,8.024851788890453e-07,4.114870765366061e-06,0.0003002813791516431,0.00022090754245519958,1.0889855819400442e-08,8.539243111722179e-06,0.0005756947096514756,2.4834094495893352e-05,0.00018550046682212404,2.61235195424825e-07,0.20722083870451496,1.2829301871476433e-05,4.353957934847588e-06,0.0006876983239236381,0.00745579808037833,1.0425275004735048e-05,7.059676901525604e-06,0.0007377836925328255,0.007223125743914622,0.0007052554725110294,3.0718305323463616e-07,0.7743998647494486
49,5.4245916703346505e-05,2.7783482187458654e-05,2.4042328850765834e-07,2.9222788228094654e-07,5.365406715640046e-06,2.943085197675241e-05,5.053966387040175e-05,1.3483207625281316e-09,1.844298022790716e-06,0.0003454420501732891,1.2847476015751966e-05,7.92018074637301e-05,4.5375928792378635e-08,0.20647809183298352,4.143491115010579e-06,5.609728374106502e-07,6.681611515351157e-05,0.007764785935355995,2.473585165313008e-06,4.288718095255018e-06,0.0005054472660307926,0.003531186032214193,0.00016492031379386645,2.1760636304591968e-07,0.7808697878023426
50,0.00012344291923277456,7.287550358892614e-05,6.140914099580263e-07,2.0174644399410765e-06,1.6088595529105727e-05,0.00013789332051667954,4.830844530028471e-05,2.5568229104236135e-09,3.920466701980361e-06,0.00027266879383323894,8.977819583625087e-05,0.0002460582639194064,1.9702687740698367e-07,0.4498750424210768,9.730384321242165e-06,2.139029530408678e-06,0.0002837287154883363,0.012840417700103232,2.9391484043771547e-06,4.63275839189281e-06,0.0013820188986017788,0.0020168873479232984,0.0008958571596893361,8.053438117863476e-07,0.5316719354486487
51,0.00011898731657559268,0.0001106110924284443,5.677884698429537e-07,1.8770581715803912e-06,1.8611142079139346e-05,2.9391395838326564e-05,6.200833810891418e-05,2.5728100716069258e-09,1.1931752723558874e-05,0.0007444326905093707,4.972319613431616e-05,9.132048669615949e-05,1.2616528989113865e-07,0.42226676675933045,6.395320411544725e-06,8.547279061340556e-07,0.00017584050049714348,0.008059459771464838,1.273023898289552e-06,1.6109553755063168e-06,0.0005481067510788258,0.004088943003753977,0.00013868756739601342,9.021588553880969e-07,0.5634715684641967
52,0.00013109437493600694,1.1693639076949998e-05,2.936497973948833e-07,1.0879397958616458e-06,5.816251405667553e-06,3.1619722342721286e-05,5.2297726147334724e-05,1.911709864386318e-09,4.017183062657492e-06,0.0011148012720379264,3.55622720482325e-05,4.2495482726711806e-05,5.4380781142026304e-08,0.30041354599258413,5.562222463919564e-06,2.0475940788567683e-06,8.95078253177957e-05,0.018991063108692294,1.4628664469096668e-06,8.462088708545892e-06,0.000463332440814603,0.002546566525345149,0.0003555135586269062,1.60795548454533e-06,0.6756904920155679
53,1.910178257656577e-05,4.963368016233151e-06,2.7421456894780394e-08,2.1793372312166763e-07,2.0326674959669093e-06,1.0140043276530913e-05,0.00010950264980298746,1.1361178866739925e-09,3.1184760662754493e-06,0.00016958715687315497,4.4928790743826835e-06,7.416873764890302e-06,1.1102717192410439e-08,0.06864254536998612,5.450461055360607e-06,5.711097638645275e-07,2.0424116501810826e-05,0.0023592343234522138,5.865604990373059e-07,2.4663653078012346e-06,0.00011573382742077037,0.0010333195291464688,0.00030325809644836176,1.7503316264936638e-07,0.9271856217162934
54,4.941024252546385e-05,2.0956319179477608e-05,7.990977010975823e-08,1.854962480320136e-07,3.6778796276365083e-06,1.4548119573056613e-05,4.5499826804635674e-05,9.089915366734194e-10,2.444903939643376e-06,0.0002502647837140542,7.688467425099152e-06,3.5765712332545835e-05,2.3645766912194706e-08,0.12011507980553747,2.806497155754364e-06,4.6989501954707833e-07,4.032588627296597e-05,0.005065175100579345,1.337192422871036e-06,2.027159865705841e-06,0.00024023740033808047,0.0016769054797129473,0.00015062268631122898,1.59632671005103e-07,0.8722743070482148
55,4.261507587905035e-05,2.325650095948763e-05,3.919294837420809e-08,1.0263119214587597e-07,3.895814866333247e-06,5.486769854688155e-06,2.925544814450473e-05,4.1340051936001923e-10,1.840685481669472e-06,0.00010123759251673471,5.018980456175303e-06,5.9562897121195226e-05,1.8751677703234527e-08,0.0835651222049981,9.59667313903488e-07,2.427163949872562e-07,2.45912998565871e-05,0.007060506883969304,6.689608215817953e-07,9.676497869154622e-07,0.0001450206358393185,0.0007364074879895137,7.69995971918491e-05,6.802533137417183e-08,0.908116114116008
56,5.940046688889501e-05,2.2651542757876258e-05,1.4657339086111837e-07,3.355402546371207e-07,5.470206148451229e-06,2.064779163598574e-05,5.066018422195162e-05,1.29943822399067e-09,2.839833186865817e-06,0.000307170612159473,1.4200972727666793e-05,4.377106645663318e-05,3.758960711963379e-08,0.16697100513881444,4.31099059443599e-06,6.329025329410206e-07,5.259306019263692e-05,0.006126493348809407,1.7397888030075786e-06,3.075540396832806e-06,0.0003516928526868286,0.002149842564757744,0.00023022814904520653,2.83392977437089e-07,0.8235807685915145
57,6.435037733361374e-05,3.095544986017125e-05,2.65225351168949e-07,2.317903901682779e-07,7.3242127548557155e-06,2.3143895038035706e-05,5.2438020030489754e-05,2.20479980153909e-09,1.7763578801379579e-06,0.00032016411731545255,1.2720046976394464e-05,0.00010850630572150639,5.347048051469802e-08,0.1647145955185939,4.548321425697667e-06,6.33422148467647e-07,6.043033504333509e-05,0.006353257857002545,6.482340529028555e-06,4.8696791036319055e-06,0.0007193876099674404,0.0051342329323192165,0.00019332398639773673,1.4225953474739978e-07,0.8221861642640019
58,6.326732449695233e-05,1.9444083731123342e-05,1.6146740354103963e-07,3.648974360809502e-07,5.1086663176247025e-06,2.0190432038089615e-05,4.906059672140414e-05,1.313619950394135e-09,3.0219069473518873e-06,0.00034711279545274464,1.530044979531314e-05,3.381661827076076e-05,3.118878437294607e-08,0.16120633334216855,5.451051689545564e-06,6.165543989563487e-07,5.056598543876026e-05,0.005501053473367169,1.6643522629523386e-06,3.2402987382525823e-06,0.00036096897148341745,0.0023280407822846147,0.0002477581502382488,4.130837551968493e-07,0.829737012213159
59,6.394314589476717e-05,1.8504097248417995e-05,1.6989021448313838e-07,3.8062016835759566e-07,5.285319211063464e-06,1.913340605463063e-05,4.743496057048462e-05,1.2923166511357828e-09,3.027894776100773e-06,0.00036792318244753585,1.5949671145071223e-05,3.1872414456162236e-05,2.8795085903809706e-08,0.1623599356122341,5.799123031823382e-06,6.125979221248981e-07,4.8330002599158444e-05,0.005498861862034594,1.6058924080505413e-06,3.2849632707064342e-06,0.00037641099085668797,0.0023337484519861465,0.00024585771127614474,4.638403405400296e-07,0.8285514342624503
60,5.7243242456252734e-05,1.937636915971914e-05,1.3400498555488119e-07,3.2327628421571477e-07,5.001110908280176e-06,1.9560091442263892e-05,4.9343950448166234e-05,1.2428302986100084e-09,2.722456514672309e-06,0.00031229742918515005,1.2717688407829844e-05,3.6776646924204786e-05,3.038569828452535e-08,0.15609381539584108,4.406725870623724e-06,6.094074345609619e-07,4.839417994196221e-05,0.005676708108477671,1.6069188353320922e-06,3.0323654575047117e-06,0.0003556230949938643,0.002092957866059545,0.0002345702076316125,2.8357979122107177e-07,0.8349724642544202
61,6.85215170173093e-05,1.937822348417038e-05,1.929097631244439e-07,4.2141546423061645e-07,5.583130197762764e-06,2.1503072377638507e-05,4.855433231800675e-05,1.455486772024332e-09,2.9462200238648267e-06,0.00037999670690984887,1.6345144071881365e-05,3.524187378283828e-05,3.1702461971794296e-08,0.17142466535038617,5.839897038781516e-06,6.580719616406828e-07,5.267805709286229e-05,0.006100104562574304,1.7180586073701e-06,3.5587941632398876e-06,0.00041841188752729904,0.0024363728552606444,0.00025860836053431325,4.5628547420493344e-07,0.8186982101160196
62,5.7243242456252734e-05,1.937636915971914e-05,1.3400498555488119e-07,3.2327628421571477e-07,5.001110908280176e-06,1.9560091442263892e-05,4.9343950448166234e-05,1.2428302986100084e-09,2.722456514672309e-06,0.00031229742918515005,1.2717688407829844e-05,3.6776646924204786e-05,3.038569828452535e-08,0.15609381539584108,4.406725870623724e-06,6.094074345609619e-07,4.839417994196221e-05,0.005676708108477671,1.6069188353320922e-06,3.0323654575047117e-06,0.0003556230949938643,0.002092957866059545,0.0002345702076316125,2.8357979122107177e-07,0.8349724642544202
63,5.731421656919951e-05,2.1193545833046966e-05,1.3163191961092666e-07,3.034394046064132e-07,5.032539979806692e-06,1.920385437527204e-05,4.867997241782792e-05,1.1915378588566836e-09,2.7979523613007607e-06,0.00030345003137141835,1.2438922601933983e-05,3.712469843945293e-05,3.030242667162901e-08,0.1522128941626866,4.287838108106135e-06,5.734313134400972e-07,4.7962680049692075e-05,0.005445479750042442,1.5952448855175334e-06,2.798608477646955e-06,0.0003402281823553792,0.0020730602754722195,0.00021791906503163637,2.7074622255384225e-07,0.8391452277161167
64,6.168923211668408e-05,2.12291611176518e-05,1.6745684495188605e-07,3.8425381937368965e-07,6.081827303327878e-06,2.0579762640456704e-05,5.1963814751894644e-05,1.4000265920937588e-09,2.4743245460519605e-06,0.00033895413424674066,1.4570582203226489e-05,3.939588880195437e-05,3.0089224127149225e-08,0.14948068109461476,5.36153643049556e-06,6.065901505109134e-07,4.5411638323288855e-05,0.005488439910269276,1.9264350915190442e-06,3.2293812091824486e-06,0.0005635583053333465,0.0021435837404821063,0.00025734039740950515,3.0483599061758907e-07,0.8414520342070523
65,5.450143627765156e-05,2.35907921547403e-05,2.3480617558791391e-07,4.981580119152892e-07,6.788396336911184e-06,3.474810933432171e-05,6.750491372609844e-05,1.7211178931596333e-09,2.861221379807861e-06,0.00036773043788417925,1.852117583771322e-05,3.3825420420955125e-05,3.65505131332444e-08,0.18426490515654229,9.757304626973293e-06,7.779076267414032e-07,5.585051882238466e-05,0.004289729716565344,2.255386787726402e-06,3.70454219069441e-06,0.0005523982804794155,0.002666911064410162,0.00032767056936526274,4.0427376505834205e-07,0.807214792139647
66,6.792654106216347e-05,2.2890958182658023e-05,2.120102109283388e-07,4.7334500226958895e-07,8.378030093245011e-06,1.8967106689071087e-05,3.9896850230668434e-05,1.1127056266367185e-09,2.4899568830997723e-06,0.00046313624556197267,1.9612104479920115e-05,5.329998012570894e-05,3.805871448426549e-08,0.2284852648274737,4.068349636700012e-06,7.390152679786285e-07,4.907657375898698e-05,0.008167442421664372,1.6474657879442206e-06,3.2558351961104866e-06,0.0005468789014481862,0.002246879787710221,0.00019961689089714374,3.7117209232490117e-07,0.7595974364591245
67,7.629573045615729e-05,2.5349725395525257e-05,1.6120376165223755e-07,3.584670705829974e-07,7.678118439134099e-06,1.568043702204402e-05,5.115510794963835e-05,1.5568302560943197e-09,4.010448767997678e-06,0.00036396248249987676,1.3264442319005442e-05,3.6873089529299336e-05,3.1261206045375155e-08,0.1408250992769946,4.506736725275977e-06,6.80071731917454e-07,4.403196992673515e-05,0.005606805689190476,1.951899172695053e-06,2.5366914017028263e-06,0.0003372553314074635,0.00220486169503176,0.00019486828950550524,2.9378418280010203e-07,0.8501822864934817
68,3.7995505988065355e-05,1.1493843356885173e-05,9.474364674448318e-08,4.416213910052638e-07,3.073942186405551e-06,2.010250277973837e-05,4.750635577124683e-05,9.831510533557212e-10,1.3156656035693989e-06,0.00016506287038122423,1.189741392474288e-05,8.959977356566097e-05,5.881087931694554e-08,0.22919970761573674,1.5034549745182993e-06,6.499932987912917e-07,6.810208162028247e-05,0.018649758590430623,7.282625438637984e-07,4.132831760799063e-06,0.0003812090073338185,0.0010497409632818408,0.0003210175424938702,1.5061599645779753e-07,0.7499346550079028
69,5.8248117460842284e-05,1.933995622731121e-05,1.718146741501489e-07,3.1583888477766214e-07,3.9145030157858975e-06,3.291415773401481e-05,5.4481769780166926e-05,1.46474612260492e-09,1.7740664641379973e-06,0.0003262634785292148,1.691911897976449e-05,5.7398617103373286e-05,4.6659679182252416e-08,0.19648439234583032,4.9886087032188495e-06,6.453770371263149e-07,6.847629382852308e-05,0.006742540154968687,2.8614638805319273e-06,5.369113938171407e-06,0.0005982694298539215,0.003003896124308779,0.0003410020117950789,2.8431141413452204e-07,0.7921754852011628
70,5.5688576499319744e-05,1.9021862978824858e-05,1.4073435217657757e-07,4.030751302591895e-07,5.368403787903187e-06,2.3552627383274544e-05,5.379039107765221e-05,1.431956552236499e-09,3.1751266845589534e-06,0.00034097734844479956,1.3157721414297676e-05,3.9510377501719174e-05,3.5762911972682816e-08,0.17540797986005016,4.464113734401187e-06,7.746846511886169e-07,5.65003066071279e-05,0.00632856851217904,1.5097748981300366e-06,3.6162978420980305e-06,0.0003564822990689502,0.0020405946483920854,0.00027021614330922965,3.116472188399842e-07,0.8149741582719254
71,5.661031952860162e-05,1.661695332855405e-05,8.897038067388015e-08,2.8301049023449225e-07,4.6735427057266344e-06,1.3637758474724113e-05,4.39727950221808e-05,1.0952709964247945e-09,2.933242393699119e-06,0.00028635087850234774,1.0750590188800853e-05,3.40326953853322e-05,2.642891818755526e-08,0.1345568196003573,3.2122697134058887e-06,6.02824128945754e-07,4.2294524283321874e-05,0.005846468982068132,1.2696420985367353e-06,2.6335743298489058e-06,0.00028374250403636215,0.0016419667903417078,0.0002211072216773161,2.477935823250987e-07,0.8569296559927927
