,0,1,2,3,4,5,6,7,8,9,10,11,12,13,14,15,16,17,18,19,20,21,22,23,24
0,0.0001600824888575633,0.0021947385089507313,9.157267253330482e-07,1.0256244919446215e-05,0.0005042924686882379,7.654500796776618e-06,0.00013242590272547017,8.213293769531983e-09,0.00039394075356625867,1.813435336130588e-07,1.0217904797109083e-05,0.00027466265336299994,1.689527891771309e-07,0.023314102204046807,4.8136489767353675e-05,1.6720990560762782e-08,0.0012348976239007273,0.0002116585134799234,1.161618655305276e-06,7.931244160741909e-08,7.038497136540248e-05,0.0001256005801143026,3.0357069007865127e-05,1.587561380884129e-08,0.9712740433576099
1,0.00011976986901048625,0.0014726905297299904,1.1149540179804039e-06,1.3112921008876484e-05,7.988055336312488e-05,1.659112622544089e-06,0.00014888338545131227,2.8320631643087617e-09,7.992915993187573e-05,3.886238595697088e-07,1.7834021642059446e-06,0.0002302464631552947,3.123544619637252e-08,0.017541228475616344,6.763779845434262e-06,3.087924423815501e-09,0.00014625403449452032,0.00014222549050345708,1.5873833548050848e-07,2.3135759490625553e-08,2.4775246224310085e-05,2.8267470778049992e-05,2.740704536428686e-05,5.023888738197135e-09,0.9799333954294408
2,5.996826807356363e-05,0.0007707910697321681,3.3067840890563e-07,5.5479601349030384e-06,9.045776680893959e-05,6.226630223613854e-07,8.752540733325399e-05,1.15511090869672e-09,2.8973953354119758e-05,1.4806611267152812e-07,1.2028071937243208e-06,0.00011005574684012033,1.6493803857956266e-08,0.016853293840150142,4.753346074496627e-06,1.044527938716193e-09,0.00012399495136937937,7.638198674339614e-05,4.344806488258863e-08,1.6191398166703876e-08,9.492011286883764e-06,1.4339728925530022e-05,2.0750609546568852e-05,1.573412338761323e-09,0.9817412892325708
3,7.180414108349307e-05,0.0010098119367278478,5.672848042888797e-07,1.3228513068551235e-05,7.325046410580093e-05,1.1205853728567734e-06,0.00010267305857133701,1.8397961341854027e-09,3.905644128122891e-05,2.3833358309009306e-07,2.087422441415915e-06,0.0001764355167547849,2.1826090072797097e-08,0.024095349733302684,4.132650988717798e-06,1.4728221868286674e-09,0.0001936642176278759,0.00012076803296878294,7.57417658842353e-08,1.95212839367672e-08,1.905242311262932e-05,2.588444032780899e-05,3.8292996923436196e-05,3.5209620504107486e-09,0.9740124578842331
4,7.100120597359084e-05,0.000960818256824561,5.065553462253691e-07,1.2907404257722077e-05,6.96281755817369e-05,9.989980321163416e-07,9.519536483727188e-05,1.6515075569115333e-09,3.796578767732016e-05,2.123454578158915e-07,1.9811600882348495e-06,0.0002008621641780512,2.6910462789691238e-08,0.024905178219951533,3.7155825944604456e-06,1.3520423092472129e-09,0.00020837346495090786,0.00011744282760462767,7.289833226082467e-08,1.9847017534515318e-08,1.88125607201043e-05,2.638093349143815e-05,3.694578604424951e-05,3.5146275675507124e-09,0.973230947032398
5,6.934995793460526e-05,0.0008486129437486269,4.639136028437942e-07,1.7110753784578447e-05,4.687211377056186e-05,9.024287130051259e-07,8.004485709491974e-05,1.4147428876672333e-09,3.157282191997276e-05,2.3382034933634496e-07,1.723140476870415e-06,0.00019139544879923963,2.0839941742780395e-08,0.026017974862503065,2.7416913569588006e-06,1.092549974828808e-09,0.00019695193122763337,0.00016153314168868254,5.369934162717828e-08,1.7461844219047003e-08,1.867902622565825e-05,2.6871808599612483e-05,3.676123729983608e-05,3.497026900621292e-09,0.9722501060954566
6,7.180414108349307e-05,0.0010098119367278478,5.672848042888797e-07,1.3228513068551235e-05,7.325046410580093e-05,1.1205853728567734e-06,0.00010267305857133701,1.8397961341854027e-09,3.905644128122891e-05,2.3833358309009306e-07,2.087422441415915e-06,0.0001764355167547849,2.1826090072797097e-08,0.024095349733302684,4.132650988717798e-06,1.4728221868286674e-09,0.0001936642176278759,0.00012076803296878294,7.57417658842353e-08,1.95212839367672e-08,1.905242311262932e-05,2.588444032780899e-05,3.8292996923436196e-05,3.5209620504107486e-09,0.9740124578842331
7,2.851773608256348e-05,0.0008455290436293288,2.3680110236432624e-07,1.5927557893697292e-05,6.289597569982455e-05,8.90949845472056e-07,7.39681006264856e-05,1.548850692496797e-09,3.946391585283232e-05,1.6692888279815753e-07,1.94622523369613e-06,0.0001780025082696361,1.6003429391462456e-08,0.029995697258914024,6.134801627244981e-06,1.7435384422596956e-09,0.00024213398839508782,0.00010627886658384849,4.684060084505817e-08,1.9000870882760728e-08,2.5686862734681595e-05,4.635387821577656e-05,3.351261791799117e-05,2.0043393006036436e-09,0.968296568840863
8,6.464265311708493e-05,0.000813340215763884,4.413841595735878e-07,1.0265060698816527e-05,7.783091713901884e-05,1.2814546220742954e-06,8.682442101296697e-05,1.9493175607086613e-09,5.7744286201038984e-05,1.7049275358656533e-07,2.4094070119177347e-06,0.00018152591844789004,2.687777995649305e-08,0.01975201920244992,7.49110009903774e-06,2.0589743335592676e-09,0.00029320673944152446,0.00015833622870859744,1.0194960950866113e-07,1.819183893283884e-08,2.6444788215332497e-05,4.816505721049504e-05,2.4536101133457183e-05,3.383093681329876e-09,0.9783931701611998
9,6.217032066008801e-05,0.0011345441379802218,7.257837352882391e-07,1.977926061012021e-05,5.347356941447123e-05,1.0176812258791836e-06,0.00011215566211783866,1.6030272563456689e-09,3.46342507791004e-05,3.3364781089211026e-07,1.5425936696374726e-06,0.0002060189327695687,2.0429840381760016e-08,0.024092318861332566,2.8804409298950683e-06,1.3437746485283785e-09,0.0001368067545951679,0.00010367193858482147,5.583194559064204e-08,2.1555967028149632e-08,2.1646281017450103e-05,1.9759625757918476e-05,4.8222250465166755e-05,3.736023320371137e-09,0.9739481935059657
10,7.180414108349307e-05,0.0010098119367278478,5.672848042888797e-07,1.3228513068551235e-05,7.325046410580093e-05,1.1205853728567734e-06,0.00010267305857133701,1.8397961341854027e-09,3.905644128122891e-05,2.3833358309009306e-07,2.087422441415915e-06,0.0001764355167547849,2.1826090072797097e-08,0.024095349733302684,4.132650988717798e-06,1.4728221868286674e-09,0.0001936642176278759,0.00012076803296878294,7.57417658842353e-08,1.95212839367672e-08,1.905242311262932e-05,2.588444032780899e-05,3.8292996923436196e-05,3.5209620504107486e-09,0.9740124578842331
11,7.520065242643991e-05,0.0010250235697720094,5.853206908194152e-07,1.3618271586846491e-05,7.662737801897181e-05,1.1111651709665136e-06,0.00010513393088085247,1.868517354165203e-09,3.999769291117805e-05,2.3809525127138753e-07,2.1466089764985334e-06,0.00019733717930963616,2.6978611603317065e-08,0.02432894596625703,4.010751252379361e-06,1.514937956023634e-09,0.00020618042769613663,0.0001183823784750582,7.994945333472965e-08,2.176421573432547e-08,1.9432480699816374e-05,2.5910448692195944e-05,4.0649835285455356e-05,3.926544742210198e-09,0.9737193318443657
12,6.887241208202244e-05,0.0009720920083554272,5.148129021274744e-07,1.2572546351428159e-05,7.1612386924167e-05,1.0699900704055385e-06,9.444086511003683e-05,1.651929479570199e-09,3.59808006650543e-05,2.2855147834704378e-07,1.9116502669875596e-06,0.0001608073440759443,2.0722488038947318e-08,0.024352389409689843,3.7481033630807855e-06,1.3346436018228846e-09,0.000196233504700325,0.00011834282541576373,6.77950953173271e-08,1.8949502983782143e-08,1.8034030619989207e-05,2.404354493718458e-05,3.705504314675955e-05,3.189174822567987e-09,0.9738299365270108
13,3.669038829805724e-05,0.0008147582937139196,5.150600827730528e-07,3.156377758402479e-05,8.810535292532087e-05,1.0162899179878472e-06,0.00016450994775712882,5.040181392725788e-09,3.1977490591171225e-05,1.4665381470873976e-07,1.3455164137259197e-05,0.0005573963985553102,2.7486846335300282e-08,0.08829681847495355,5.603452167981861e-06,1.6783230913249766e-09,0.00027033773428137485,0.00011416005868213538,7.303342670428458e-08,2.218520882851708e-08,2.5968909675458735e-05,6.660182767229567e-05,0.00011676804520564251,5.5112709538293136e-09,0.9093634717447266
14,9.349100988470203e-05,0.0030944293536595926,3.717405243588636e-07,1.548764836217684e-05,0.00014700387912542644,1.1720917068189358e-06,0.0001628143863072471,2.379329001800188e-09,3.599355353848512e-05,4.934725614966616e-07,3.3408193593246087e-06,0.00015724887966480413,1.3422954326295963e-08,0.04822794214801438,4.072899287515626e-06,1.5501404502777388e-09,0.00017928636044202008,0.00011630546493246359,1.2946593294262103e-07,2.585426068977776e-08,1.4369576750072276e-05,2.5647257462230555e-05,6.366156851342789e-05,4.364853650361783e-09,0.9476566908524324
15,7.180414108349307e-05,0.0010098119367278478,5.672848042888797e-07,1.3228513068551235e-05,7.325046410580093e-05,1.1205853728567734e-06,0.00010267305857133701,1.8397961341854027e-09,3.905644128122891e-05,2.3833358309009306e-07,2.087422441415915e-06,0.0001764355167547849,2.1826090072797097e-08,0.024095349733302684,4.132650988717798e-06,1.4728221868286674e-09,0.0001936642176278759,0.00012076803296878294,7.57417658842353e-08,1.95212839367672e-08,1.905242311262932e-05,2.588444032780899e-05,3.8292996923436196e-05,3.5209620504107486e-09,0.9740124578842331
16,7.348571075652582e-05,0.0010124711126944103,5.789900904350114e-07,1.3223115641428362e-05,7.491998093075694e-05,1.1492785610877003e-06,0.00010197840711431054,1.8348826624476146e-09,3.948382591429084e-05,2.3467348615723223e-07,2.1295785852880455e-06,0.0001727391339373298,2.1990670862814235e-08,0.024046437735734824,4.120981741959222e-06,1.467863237487796e-09,0.00019515706070651612,0.00012093723240775658,7.602182818916675e-08,1.9617747180823627e-08,1.857643425880568e-05,2.5246327061305896e-05,3.857354504988806e-05,3.586470246656054e-09,0.9740584323558646
17,0.00010192644354591281,0.001238749849738599,8.490632759887168e-07,1.2667153351739631e-05,7.750452495280663e-05,1.5530805905899802e-06,0.00011662602439078867,2.010116687776078e-09,5.618307042823264e-05,2.781389677879611e-07,2.1025466121619475e-06,0.00016627496555768483,2.128710018654118e-08,0.019109435406308124,5.306255359165139e-06,1.825302008362969e-09,0.00015514723682463747,0.0001350181595563836,1.0906159739948463e-07,1.8095843237713207e-08,1.964197573932816e-05,2.331314734907739e-05,3.097864032944052e-05,4.4169374505640725e-09,0.9787462876202245
18,0.0005432765261796051,0.019968802033079783,1.7593514298487494e-05,0.0001795320757260173,0.0004416934319058887,2.384531925615429e-05,0.0011888211825313742,8.59281780505446e-08,0.0011155984769475437,1.7116687056086213e-06,7.18818454318913e-05,0.0015212767583153784,8.056451685800525e-08,0.066506471293443,7.587488402840378e-05,5.152978225980984e-08,0.00019538059241348474,0.0002409325142360668,5.342875544326691e-06,1.0329370830821603e-07,8.713099594216239e-05,0.00015787376653198505,0.0002598188777543993,1.5837653283076379e-07,0.9073966616750101
19,5.00179695633795e-05,0.0009834710576289462,6.675411964054514e-07,1.8079387695790444e-05,5.2706993316977235e-05,6.166987817362496e-07,0.00018226006238460484,2.329344537978856e-09,4.304426167688298e-05,2.616654930982974e-07,1.6441338204825038e-06,0.000395229831089282,2.468686549259224e-08,0.02083422459820058,4.824228421685599e-06,1.8409798629309548e-09,0.00012932491806357942,9.018938096086359e-05,6.095883931610233e-08,1.7661895398138648e-08,2.535040458168034e-05,3.569856567647941e-05,3.445254967709285e-05,2.829205563842102e-09,0.9771178254446403
20,4.8495549097129564e-05,0.0008460702884446271,6.402003589087352e-07,1.829176357811671e-05,5.605948869458701e-05,1.0386529943399497e-06,0.00014238489279169903,4.999677719490441e-09,4.875812830222946e-05,2.511731462156164e-07,3.581887160627535e-06,0.0003213196790154132,2.0608203258414142e-08,0.02592088962418662,1.3193694155507181e-05,2.957457741682961e-09,0.00020577476074390343,0.00014690016840810633,1.0577793681638519e-07,1.9790167565546406e-08,2.850738831369583e-05,8.457972993057314e-05,3.573706396620862e-05,3.243825088431861e-09,0.9720773684894433
21,9.390739579039173e-05,0.0018175885150366732,6.958752883059698e-07,2.4626016408131572e-05,6.095061144195883e-05,1.1178847094391631e-06,0.00015631698366368996,3.5313788352029555e-09,6.744407653326081e-05,4.2580665431205537e-07,2.046811318633952e-06,0.00042284334338966024,2.711645842939918e-08,0.047927857397653456,4.719762328037278e-06,3.2414599122472077e-09,0.00012444784594693717,0.00017227544777019766,1.0266403578393138e-07,2.453534623395757e-08,2.642274807586827e-05,3.5962719110364015e-05,3.029379318815564e-05,4.0933377916095935e-09,0.9490298917836755
22,0.00010169199367464033,0.0005825094880317637,4.917908289811681e-07,9.228979387772053e-06,5.765122392002704e-05,1.2293787151837445e-06,5.243550103413197e-05,1.434690485866484e-09,2.9792333773049996e-05,1.851498429114788e-07,2.0227170097690004e-06,8.978660947232378e-05,1.8317773144679186e-08,0.01946667699605856,3.470922082412597e-06,1.0914491536709415e-09,0.00033045222091980677,0.0002579781301723586,6.124734483427724e-08,1.5258723621993362e-08,1.5489351705883733e-05,2.9789567405368108e-05,2.4036893976354114e-05,3.0668716400840627e-09,0.9789449803351358
23,7.180414108349307e-05,0.0010098119367278478,5.672848042888797e-07,1.3228513068551235e-05,7.325046410580093e-05,1.1205853728567734e-06,0.00010267305857133701,1.8397961341854027e-09,3.905644128122891e-05,2.3833358309009306e-07,2.087422441415915e-06,0.0001764355167547849,2.1826090072797097e-08,0.024095349733302684,4.132650988717798e-06,1.4728221868286674e-09,0.0001936642176278759,0.00012076803296878294,7.57417658842353e-08,1.95212839367672e-08,1.905242311262932e-05,2.588444032780899e-05,3.8292996923436196e-05,3.5209620504107486e-09,0.9740124578842331
24,8.240615637894882e-05,0.0016479216445347633,4.3195206378042166e-07,2.0799546854550377e-05,6.796364801460869e-05,1.0600731182942e-06,9.030225333917137e-05,1.953561296960659e-09,3.362778566810849e-05,3.34897576052908e-07,1.9983040495737278e-06,0.00019818032633019255,2.14462285019172e-08,0.04708241423953748,2.57599877983853e-06,1.3756502893707355e-09,0.00022677928706667396,0.00014498605249640712,7.471647350957257e-08,2.5519601586595593e-08,1.7220109327883102e-05,2.661736842131897e-05,4.9728265725491e-05,3.721901444461056e-09,0.9503045233573002
25,6.57037369111276e-05,0.001737186876707844,7.302774201344574e-07,5.548176828982433e-05,0.00013414807523086714,1.9413528122592053e-06,0.00026646793788596604,1.4568652148847978e-08,4.662985031224092e-05,4.0997300469406425e-07,1.744605715353218e-05,0.0004842250336730228,2.3555829028147528e-08,0.15404738348142943,6.748504173498221e-06,3.902488340675573e-09,0.00033618680297969547,0.00021229553288253016,1.526960062434202e-07,3.4971642539326804e-08,3.1836058457913814e-05,8.705363760121413e-05,0.00013700937416412585,7.809292721922041e-09,0.8423308781649991
26,0.00029299481669209403,0.001347132492418853,1.2618679521133302e-06,1.4955719074494584e-05,0.00012506558358654904,2.431609490248214e-06,7.202814358876009e-05,1.0898324905520581e-09,6.028952293649745e-05,2.844448865610273e-07,2.806925801975768e-06,0.0001298027079328935,5.93602729173272e-08,0.01669713450864953,1.6306890966222206e-06,1.1355957763923439e-09,0.0004114839236879791,0.0002479038656056204,1.409181154835577e-07,3.5218307222968175e-08,2.073314332108701e-05,1.583080226696093e-05,7.367193861553173e-05,1.819716200219407e-08,0.9804823013751097
27,6.780445684301588e-05,0.0010034307077334739,5.501140156281223e-07,1.596408660541324e-05,6.794960063778451e-05,1.2253679040871567e-06,0.00010604412472296365,2.7127862534552365e-09,4.996322781595916e-05,2.42144892337801e-07,2.864449685906035e-06,0.00022013693186246494,2.2645984106305095e-08,0.02703688868704971,6.770889828261238e-06,2.0833945774921955e-09,0.0002438736514592237,0.00016223007915057818,9.850572102841174e-08,2.002839894979208e-08,2.4159459819740274e-05,5.2673948030363965e-05,3.705391138880147e-05,3.9425922206813144e-09,0.9709000242416772
28,7.180414108349307e-05,0.0010098119367278478,5.672848042888797e-07,1.3228513068551235e-05,7.325046410580093e-05,1.1205853728567734e-06,0.00010267305857133701,1.8397961341854027e-09,3.905644128122891e-05,2.3833358309009306e-07,2.087422441415915e-06,0.0001764355167547849,2.1826090072797097e-08,0.024095349733302684,4.132650988717798e-06,1.4728221868286674e-09,0.0001936642176278759,0.00012076803296878294,7.57417658842353e-08,1.95212839367672e-08,1.905242311262932e-05,2.588444032780899e-05,3.8292996923436196e-05,3.5209620504107486e-09,0.9740124578842331
29,7.180414108349307e-05,0.0010098119367278478,5.672848042888797e-07,1.3228513068551235e-05,7.325046410580093e-05,1.1205853728567734e-06,0.00010267305857133701,1.8397961341854027e-09,3.905644128122891e-05,2.3833358309009306e-07,2.087422441415915e-06,0.0001764355167547849,2.1826090072797097e-08,0.024095349733302684,4.132650988717798e-06,1.4728221868286674e-09,0.0001936642176278759,0.00012076803296878294,7.57417658842353e-08,1.95212839367672e-08,1.905242311262932e-05,2.588444032780899e-05,3.8292996923436196e-05,3.5209620504107486e-09,0.9740124578842331
30,7.180414108349307e-05,0.0010098119367278478,5.672848042888797e-07,1.3228513068551235e-05,7.325046410580093e-05,1.1205853728567734e-06,0.00010267305857133701,1.8397961341854027e-09,3.905644128122891e-05,2.3833358309009306e-07,2.087422441415915e-06,0.0001764355167547849,2.1826090072797097e-08,0.024095349733302684,4.132650988717798e-06,1.4728221868286674e-09,0.0001936642176278759,0.00012076803296878294,7.57417658842353e-08,1.95212839367672e-08,1.905242311262932e-05,2.588444032780899e-05,3.8292996923436196e-05,3.5209620504107486e-09,0.9740124578842331
31,0.00018539102501849503,0.0015072614231855476,1.3084473646803164e-06,1.5805311259955556e-05,7.329206297551765e-05,1.2183143073858616e-06,0.00015726389676799476,3.896697344852317e-09,3.061922378757409e-05,5.281067459335546e-07,2.0572889691709358e-06,0.00016352386770760637,2.0061206807908184e-08,0.02721726944269584,2.671699089838514e-06,1.2760971921722508e-09,0.0001638676449130639,0.00017433064673067148,1.1665766611174346e-07,2.141608216062767e-08,1.4956845457020374e-05,1.7913789609393518e-05,4.96879546811191e-05,4.523705340934134e-09,0.9702208651772782
32,8.702555790821157e-05,0.00116583294411783,6.27806903932904e-07,1.3111806768265553e-05,7.797141694212033e-05,1.3051259541400926e-06,0.00010761639687224112,2.0951241430309324e-09,4.494039372104798e-05,2.6717600679616386e-07,2.3360755603769066e-06,0.00019056820577915273,2.4882989660886543e-08,0.02413402212332399,4.685494662276573e-06,1.681034603202417e-09,0.00021122876252881588,0.00013335057158078616,1.0711751375877475e-07,2.0869833869517533e-08,2.0673543885674433e-05,2.976888950561927e-05,3.949448812965111e-05,4.359870110517559e-09,0.9737350122134829
33,6.80226708335385e-05,0.001343344135899726,4.872111424885781e-07,2.581310162310986e-05,0.0001041340854965409,1.8227982771681133e-06,0.00011135139716608462,3.923347292015798e-09,3.533610553077928e-05,4.120503171592947e-07,4.645021223317975e-06,0.00022395245802660774,3.5919639542750186e-08,0.06293703594525596,3.7208072122142273e-06,2.4702824507166794e-09,0.0005185508841610658,0.0001785160820591651,1.272823510659611e-07,4.040375449865664e-08,2.865845211352814e-05,5.6144583300243254e-05,9.880994871506421e-05,6.528605057654449e-09,0.9342590257336664
34,9.834684213693818e-05,0.0011986043061578367,6.772600981909655e-07,1.2302991669246821e-05,8.087363649089825e-05,1.259897595754651e-06,0.00010895520808540165,2.0077786769218093e-09,5.087368603282201e-05,2.3025849204299042e-07,2.2920452875882774e-06,0.00019454232035069247,2.5095849464085795e-08,0.022725924928586987,4.675037608469417e-06,1.5724316295305472e-09,0.0001940320529868621,0.000133119949468783,1.0537944802119299e-07,1.8961121884860015e-08,1.9272759242998256e-05,2.684439462559447e-05,3.419444318887753e-05,4.232801518892232e-09,0.9751128207324629
35,0.00043675560411121156,0.0009159853979743239,1.139291924550765e-06,1.2628214051839965e-05,3.353927343394138e-05,6.144051304166449e-07,0.00013638145186012588,2.5029803586968927e-09,8.109140137295001e-05,3.0002812846142676e-07,8.379186834075705e-07,0.00027454638832716635,2.3323634607302708e-08,0.011696610628483874,2.134400253534053e-06,1.1386957509794897e-09,0.00013216348888629248,0.000732545165643583,9.284646462481723e-08,7.795875014005269e-09,2.00590591484732e-05,2.9621866492616577e-05,8.02550631189354e-06,3.798233520974121e-09,0.9854848891038975
36,7.218345013447353e-05,0.0009546155028984674,5.273129624554995e-07,1.29502809279778e-05,6.561711808140615e-05,8.939225844684445e-07,0.00011496322025024077,2.5605500293515307e-09,4.1372113974405234e-05,2.1675170402732753e-07,2.125857813426457e-06,0.00025881377882268727,2.7000635313027376e-08,0.026219430479198596,5.1099056443659594e-06,1.8280128004041646e-09,0.00020489786371166344,0.00012551049759553878,8.786799507206072e-08,1.9121671837253712e-08,1.8894733299231798e-05,3.58919887705756e-05,3.0125805134932795e-05,3.0300207840533835e-09,0.9718357180076052
37,0.00020183415939738664,0.001320673916723593,1.1082053550545615e-06,1.737479531870664e-05,5.917125434608045e-05,9.29501734130656e-07,0.0001323604280488245,1.4230663721345361e-09,3.5724977367642485e-05,4.0738350252739054e-07,1.8128681729519505e-06,0.00021293058493298574,2.6091294091885866e-08,0.01753029367083512,1.5262794183551126e-06,8.35962668795317e-10,0.00016707274509946215,0.00020833173135831047,9.159786787906252e-08,1.9003972045099492e-08,1.8174152338305303e-05,1.8824323120378857e-05,5.6574795140124314e-05,8.775518344365432e-09,0.9800147265001087
38,0.00015628621800687162,0.0010974734783907951,9.968921946426219e-07,4.537232819881214e-06,0.00010173988329326069,1.8104215704808536e-06,0.00013279958586265016,1.3410042234308342e-09,5.3883891471884314e-05,2.535026346656308e-07,1.3878372997868362e-06,9.101966324859868e-05,1.6273598853854836e-08,0.011097868299104719,6.366919422317255e-06,1.5752385200523722e-09,7.08714702826808e-05,9.295732903954343e-05,1.2358640907377136e-07,1.0514992877109703e-08,9.255601950328637e-06,9.535065720315467e-06,1.636625442951912e-05,3.3349358356770633e-09,0.9870544338270777
39,6.789275718776266e-05,0.0005761669758833869,9.181297032212532e-07,1.3239982480905413e-05,6.615846819994587e-05,2.139349237855968e-06,9.88512481664455e-05,2.9671999994847056e-09,4.3195653191115504e-05,2.919650873474076e-07,2.102546448575012e-06,0.0001578457153647868,3.754800514956493e-08,0.016872551814793288,5.653644942374573e-06,2.460422363150975e-09,0.0003296192841420371,0.00016471390401605863,1.0947384466396269e-07,2.3175078297407226e-08,3.6584779297448953e-05,3.41105167277267e-05,3.518425431743412e-05,4.287898844925542e-09,0.981492599098363
40,6.621955660922634e-05,0.0007837099056945263,6.27465253211571e-07,5.894890529765143e-06,5.507552773598384e-05,6.622714338567028e-07,0.00010866665873428742,1.178513591780776e-09,3.6647222592332583e-05,1.328354113101479e-07,1.198456050643852e-06,0.00017269293795018682,1.5640166156014876e-08,0.014492286999738568,4.974253470816729e-06,8.646992943068467e-10,7.822510677425285e-05,6.512666990665173e-05,5.2738411155053207e-08,9.073620100245906e-09,1.068378502387851e-05,1.5191391285699584e-05,1.7306150126017175e-05,1.6389750008075424e-09,0.9840845967812936
41,0.00012081972211748348,0.0009515677125064524,7.601552594652046e-07,5.523588725613434e-06,0.00021069332343327763,9.998710822885332e-07,0.0001351187077632346,1.2654670899121934e-09,9.133304435070813e-05,8.792413735693395e-08,1.4949605141698168e-06,0.00011577613539516743,2.6356136212340888e-08,0.009935184032957619,8.184514873598736e-06,2.152458488479093e-09,8.707866022305728e-05,6.982159855383056e-05,4.635384953759803e-08,1.545939985299028e-08,7.383944816779652e-06,7.875877611889748e-06,1.196562388308852e-05,2.2237189335426965e-09,0.9882382367907647
42,7.483742709680458e-05,0.0012393242659086258,1.1588448919296122e-06,3.33627313369623e-05,5.343639046788699e-05,2.4794844297196243e-06,0.00017816441271615614,1.2617371172483902e-08,8.288905816632454e-05,6.708942271716616e-07,4.952712843547061e-06,0.0006074141146915717,5.8709872974145256e-08,0.028720422143812416,1.7320204939579372e-05,8.982881941293643e-09,0.00047257004410987104,0.00026770740288399933,4.59647001603307e-07,4.243679802456236e-08,8.062364912880651e-05,0.00020962732808763683,5.688817106229993e-05,9.792172344668706e-09,0.9678955585331006
43,4.499862231061455e-05,0.0009674104222590518,6.045844720116453e-07,1.7873094456257252e-05,5.4868549268949216e-05,2.650916912215604e-06,9.43242161088982e-05,3.082764647011548e-09,3.216619624918756e-05,1.2769244051777602e-06,1.4100314526086156e-06,0.00011315448548500923,2.617481554195028e-08,0.02665527311271115,4.656719319291815e-06,3.337246056109156e-09,0.00039576709042982345,0.00022977441398910068,1.3668954577192088e-07,4.4098738130725803e-08,6.894098651714175e-05,5.967085018191367e-05,6.462612873753912e-05,4.893136578467936e-09,0.9711903343784873
44,7.180414108349307e-05,0.0010098119367278478,5.672848042888797e-07,1.3228513068551235e-05,7.325046410580093e-05,1.1205853728567734e-06,0.00010267305857133701,1.8397961341854027e-09,3.905644128122891e-05,2.3833358309009306e-07,2.087422441415915e-06,0.0001764355167547849,2.1826090072797097e-08,0.024095349733302684,4.132650988717798e-06,1.4728221868286674e-09,0.0001936642176278759,0.00012076803296878294,7.57417658842353e-08,1.95212839367672e-08,1.905242311262932e-05,2.588444032780899e-05,3.8292996923436196e-05,3.5209620504107486e-09,0.9740124578842331
45,8.738234016065771e-05,0.0008775006566009525,1.349834106097003e-06,1.734814620882868e-05,0.00010608459224521006,2.0863906888116695e-06,0.00023567652419141387,9.825253561788488e-09,8.370974617616131e-05,2.51136604591525e-07,6.436391775501378e-06,0.00029561425534848116,2.894282665019555e-08,0.021321352532013116,2.6694765638466386e-05,6.4705079300111184e-09,0.00017475863325605337,0.0001624214410402645,1.8441213197860239e-07,2.2242157033113144e-08,1.9869427787964566e-05,6.221426022846303e-05,2.7753128027002025e-05,5.038554879473547e-09,0.9764912388664699
46,3.501593740922743e-05,0.000453515374596719,2.914018546708003e-07,2.8206492397718493e-05,4.868085111229665e-05,2.083291086713837e-06,3.107903977876151e-05,2.1744871429952256e-09,1.8217173794204826e-05,2.2885560225129057e-07,3.7136013362427665e-06,0.00014290644329595573,6.35940672220279e-08,0.03999951744810374,2.98536443209129e-06,1.8961971417433996e-09,0.0022847060939024397,0.00022567286699105683,8.530698804467999e-08,5.119971221611199e-08,4.2388159418139207e-05,0.00010642882428654855,0.00010077337963650927,6.054836824618761e-09,0.9564733791746761
47,9.117674351148744e-05,0.000639792077251627,4.2539427509228077e-07,5.872718785269329e-06,4.004975312880625e-05,4.2368136784670173e-07,7.920197924601429e-05,8.696976936092033e-10,3.908042182629813e-05,1.5290016380006302e-07,6.038711740019945e-07,0.00026206078787473783,3.7918935804452256e-08,0.00839840429340349,3.2816905076857865e-06,1.2590166422649014e-09,0.00017596501553916857,0.00010673777494712166,6.873680471144889e-08,1.3543133921071292e-08,1.9510465142021384e-05,2.7919335961243144e-05,1.3114184910347623e-05,2.35676184953277e-09,0.9900961022266332
48,0.00019560252913637717,0.005533723248281435,9.045711557329235e-07,2.603857879590826e-05,0.00014413475634989848,4.523791698334809e-06,0.00015463579863958982,5.791403192603787e-09,6.119788341527925e-05,1.0801911331131485e-06,7.247853227602216e-06,0.00023759139909665532,4.250787574771581e-08,0.06473527983036707,4.537340731722988e-06,2.8486138599261696e-09,0.0006940425734884469,0.0002019813298086839,1.0043600624023377e-06,4.9775598861499733e-08,3.719508577926229e-05,7.644661930111715e-05,0.0001625581872026134,2.0087014844132635e-08,0.9277201530618223
49,5.933304262816074e-05,0.0008433331326547291,6.775607663522351e-07,1.6907094867973343e-05,4.66927174869499e-05,1.0823060051745554e-06,9.64316178083031e-05,1.6694830625032097e-09,3.366577759940483e-05,2.665371320440942e-07,1.8445214739469747e-06,0.00021711926573420118,2.301342281199746e-08,0.023875516389980696,3.4178906471063606e-06,1.3025965605838109e-09,0.0001651300774903674,0.0001190019324301689,6.226976070241903e-08,1.8362650233256093e-08,2.1718373269083073e-05,2.6923328406502313e-05,4.3845816587182934e-05,3.7979156817474855e-09,0.9744269822012026
50,5.892948555651243e-05,0.0008563476815138109,4.783624401325458e-07,9.577086577937797e-06,6.52630281282722e-05,7.185294304001444e-07,0.00013683646824074773,1.9650090390820263e-09,2.1608463556824572e-05,3.115644092366542e-07,1.470292094166937e-06,0.00015984450860080443,1.6017474802501612e-08,0.024014742362871593,3.283009059920781e-06,1.138874170521108e-09,0.00013317383955847297,9.057542563774707e-05,5.8655509806539497e-08,1.6097072862789767e-08,1.4102000064076884e-05,1.9565160390629163e-05,3.679884456583024e-05,2.1344491066324855e-09,0.9743762778789131
51,0.00013041445964845174,0.007031642730709423,5.36144221569566e-07,5.939916107783802e-05,2.579913619852187e-05,8.174336965384738e-07,0.00010478557379060498,4.406568082889018e-09,6.369293950076962e-05,5.129553596684807e-07,2.8265880332687706e-06,0.0004607095099005154,7.518707393633529e-09,0.09147903013924434,4.920484503000554e-06,1.2796027945861789e-09,0.00015312445060092707,0.0002551593155571414,1.8052839275735572e-07,1.5341747086291523e-08,1.89713738624971e-05,0.000100669447499726,3.597219172559426e-05,3.622261902682411e-09,0.9000708032675897
52,9.83526937342792e-05,0.000574231162911394,5.647230071282288e-07,8.478280074036992e-06,6.792710682203658e-05,1.9167543468278085e-06,6.612253947417479e-05,2.0757326323168454e-09,4.08626461376838e-05,2.1239619151234084e-07,2.4033592569404477e-06,7.99587289427116e-05,1.5568947833160028e-08,0.024045880722304812,5.850362720360125e-06,1.6900901650285457e-09,0.00019561174913821665,0.00027163947642076276,7.083383372212215e-08,1.394094199485076e-08,1.1775922742826831e-05,2.5123096894259384e-05,1.9210055012499202e-05,2.8683451250833467e-09,0.974483771245976
53,2.6397152489551756e-05,0.0005746624816236284,5.16407441772482e-07,1.0901239975891363e-05,0.00010507875355494383,4.12859017872391e-07,0.0003780168500142784,2.445435692384205e-09,2.6109368005874394e-05,1.983139590929405e-07,2.3923137211999125e-06,0.0003078595963475519,1.563739146759023e-08,0.017914474471633503,6.247896349676544e-06,1.5615610186627485e-09,6.43395536148961e-05,4.380522882553938e-05,3.121703900809765e-08,1.4245696743792473e-08,1.5118142196531082e-05,1.9196236635485214e-05,4.673299380855754e-05,1.9305448026688595e-09,0.9804574731031155
54,9.185155846902805e-05,0.0010682662800506665,1.1520528843930094e-06,2.9419979697742694e-05,0.00011966354371932492,2.5186933987786783e-06,0.00016490033025157844,4.961990174915246e-09,6.83788987261401e-05,3.3050533557407635e-07,6.776514180106913e-06,0.00031063206098770526,5.208102897602154e-08,0.03289381319536996,5.6292556895295355e-06,3.166785870066315e-09,0.0004807487541372719,0.00021896808387923756,1.7384326660279834e-07,3.805248380713601e-08,4.9275441362840385e-05,5.836947546868892e-05,9.28877451063124e-05,1.1946988231784192e-08,0.9643361335787415
55,8.148759544835051e-05,0.0009956006283472457,6.161077984552553e-07,1.3272943256949705e-05,6.720610318912954e-05,1.0043505272354263e-06,0.00010750645755667463,1.6877122263539938e-09,4.8942412931461e-05,2.0679468742699436e-07,1.8281994729873451e-06,0.00022112135713530317,2.5601392914119113e-08,0.020490173096478093,4.09343215894697e-06,1.4844741510000014e-09,0.00016829200494035578,0.0001260053073202819,7.550775178419595e-08,1.7622370150123543e-08,1.9655899932502e-05,2.5127757518503642e-05,3.0689638449876216e-05,3.6942458492601784e-09,0.9775970443149032
56,7.392140808776592e-05,0.0009751839161064826,5.654741188670245e-07,1.3030776601193505e-05,7.18780284011867e-05,1.0841300645525077e-06,0.00010266575471280838,1.8147577236492121e-09,3.9123646556738485e-05,2.3141980986117169e-07,2.0606071922497926e-06,0.0001971271640546656,2.6346060734253626e-08,0.023891863714969038,3.992859708944283e-06,1.4646080541975933e-09,0.00020141325341107395,0.00011959981118416638,7.919278241332098e-08,2.0263250984758193e-08,1.9244359160576985e-05,2.621467706907903e-05,3.798723279600133e-05,3.733294789302037e-09,0.97422267895124
57,6.504662734900697e-05,0.0009231002430127321,4.699198513629529e-07,1.1912837155407088e-05,5.3162676342499764e-05,6.263790653255897e-07,0.00011098493832785032,1.9476972169901518e-09,3.90158356710552e-05,2.4265118186780274e-07,1.2715232844025261e-06,0.00037360168618811104,4.779629614715379e-08,0.018817233385226603,3.887563716185277e-06,1.7965496376315906e-09,0.0002471309643663962,0.00010270280810903494,9.655035571400563e-08,2.4804002842580038e-08,2.4778872042298417e-05,4.023655748744714e-05,3.0804696577511924e-05,3.292315666821913e-09,0.9791536136478277
58,0.00010133513095849344,0.001172297557584144,7.174872524223958e-07,1.5540940363703654e-05,8.383309961912847e-05,1.336777837711354e-06,0.0001196898703684301,2.0689917562471836e-09,4.969595293722923e-05,2.6086509150699847e-07,2.7346225200671752e-06,0.00023925385386646382,3.196109629957606e-08,0.024972040255923922,3.88943974858413e-06,1.6720331062257886e-09,0.00020953759730697237,0.0001436738403655688,1.0969432633475504e-07,2.2535560418512914e-08,2.1769509589275794e-05,2.7891445732532746e-05,4.7548944120816235e-05,6.173527767174108e-09,0.9727867787032772
59,9.418483593109682e-05,0.001154398950857624,8.494468296227736e-07,1.6451449432075884e-05,8.219662294980107e-05,1.3941716912295485e-06,0.00012531239937550856,2.1584673434874514e-09,5.07573646839238e-05,2.824489066353154e-07,2.7096536009011214e-06,0.00022474840765155852,2.8804150269033105e-08,0.02245018679957387,4.352664584907319e-06,1.7710672152265251e-09,0.00019550919011977096,0.00013759701422232218,1.0275321763705298e-07,2.3614145587754566e-08,2.3781310435700212e-05,2.8054383653206344e-05,4.978183757816924e-05,6.147676615825564e-09,0.9753572857991973
60,7.180414108349307e-05,0.0010098119367278478,5.672848042888797e-07,1.3228513068551235e-05,7.325046410580093e-05,1.1205853728567734e-06,0.00010267305857133701,1.8397961341854027e-09,3.905644128122891e-05,2.3833358309009306e-07,2.087422441415915e-06,0.0001764355167547849,2.1826090072797097e-08,0.024095349733302684,4.132650988717798e-06,1.4728221868286674e-09,0.0001936642176278759,0.00012076803296878294,7.57417658842353e-08,1.95212839367672e-08,1.905242311262932e-05,2.588444032780899e-05,3.8292996923436196e-05,3.5209620504107486e-09,0.9740124578842331
61,9.27618477826857e-05,0.001112485845657643,8.107123153506746e-07,1.551195979091251e-05,8.15411412051336e-05,1.3113187412026318e-06,0.00012383855597553498,2.0888089331690575e-09,4.829851696151451e-05,2.74264317838331e-07,2.5673676751216703e-06,0.00022012310907009152,2.9212349725367642e-08,0.021930121258741442,4.271812448955857e-06,1.6941588897205315e-09,0.00019187411217419785,0.0001349489957088723,9.742144910584359e-08,2.310718996143664e-08,2.238558117277105e-05,2.690655542262869e-05,4.728802721970212e-05,5.748648139488548e-09,0.9759425197450137
62,7.180414108349307e-05,0.0010098119367278478,5.672848042888797e-07,1.3228513068551235e-05,7.325046410580093e-05,1.1205853728567734e-06,0.00010267305857133701,1.8397961341854027e-09,3.905644128122891e-05,2.3833358309009306e-07,2.087422441415915e-06,0.0001764355167547849,2.1826090072797097e-08,0.024095349733302684,4.132650988717798e-06,1.4728221868286674e-09,0.0001936642176278759,0.00012076803296878294,7.57417658842353e-08,1.95212839367672e-08,1.905242311262932e-05,2.588444032780899e-05,3.8292996923436196e-05,3.5209620504107486e-09,0.9740124578842331
63,7.766291388812199e-05,0.0013073167721044789,5.602653694821792e-07,1.336364666497577e-05,7.548700135986383e-05,1.10016510720412e-06,0.00010082493690049642,1.7262457062595594e-09,3.991411882965845e-05,2.6625629299791487e-07,1.9615123012467003e-06,0.00017406739053471728,2.065948314975613e-08,0.02463502316212747,4.1137559469122456e-06,1.4257826829837784e-09,0.00018698402943360956,0.00011192608774858902,8.433280418555581e-08,2.0762959760185854e-08,1.856434834012997e-05,2.5346064095290613e-05,4.015282620334147e-05,3.60180998377425e-09,0.973185232237666
64,5.673277449191211e-05,0.0009433572028748304,5.180241837672468e-07,1.3957105648529205e-05,6.188559876184938e-05,1.076313662061595e-06,9.532036295968427e-05,1.6142284583425396e-09,3.643446177345103e-05,2.74843537847283e-07,1.6747316842503454e-06,0.0001867584700791276,2.347452155223075e-08,0.023539363326040442,3.7584919079369756e-06,1.4430499789858755e-09,0.0002004269647669488,0.00011861172964151628,6.865070650158552e-08,2.1361963159228676e-08,2.6548740673162374e-05,2.8197443368285595e-05,4.0714334379766555e-05,3.4178381192677774e-09,0.9746442691172569
65,4.0718471813450524e-05,0.0008297616901803448,5.345794752101108e-07,1.4419796723047879e-05,5.301671327142257e-05,9.977513470530222e-07,0.00011301312351293047,2.1108356740110915e-09,1.7993870348284907e-05,4.5680767010586005e-07,1.3812254164816563e-06,0.00012238618809386808,1.294921017194437e-08,0.027482099356924406,3.263780165715719e-06,1.2952989239383345e-09,0.00015058728461141816,9.564074226383475e-05,4.7767667975688534e-08,2.1792612565223617e-08,2.0591502890443098e-05,2.0187640279539642e-05,4.9804206100417365e-05,2.1395541023607327e-09,0.9709830572137326
66,0.00013611256541027443,0.0005308397217303873,1.185224790762366e-06,4.595128121863378e-06,0.0001750096714357796,2.658905069900338e-06,7.253298515097037e-05,6.02902722967031e-10,3.7073464177417364e-05,3.2180493774046445e-07,1.401875176543399e-06,4.8721335373068614e-05,5.497833850483299e-08,0.005242904345844409,2.4323955431354103e-06,1.3119242453503147e-09,0.0003264744140085249,0.00012749501821011463,8.757811609034098e-08,3.945226627498512e-08,2.7437428990090245e-05,8.089796875315351e-06,5.1802413045911855e-05,1.0510913878072368e-08,0.9932027170716461
67,4.251242487906566e-05,0.0006114676918471872,4.869986293468603e-07,1.983715858857051e-05,6.0708450455343906e-05,1.8750353466731862e-06,5.993266704975141e-05,1.5005000586880665e-09,2.2851231234511202e-05,2.7556368257254597e-07,2.244239473085946e-06,0.00012357276117462655,2.9285547787796634e-08,0.037523473451965626,2.3644988027375896e-06,1.3755198988003718e-09,0.0003236134147281251,0.0001284581642403214,4.830110487409306e-08,3.00866574361574e-08,2.4013491390108578e-05,2.129551528704013e-05,7.376626894680329e-05,4.268579590078249e-09,0.9609571361543688
68,8.918380753347664e-05,0.0010970879719398889,8.517842936505244e-07,1.995164861379118e-05,5.835707046808262e-05,1.2436656599368567e-06,0.0001112541798802626,2.0065143825936136e-09,4.372046302821915e-05,3.112450373524844e-07,2.037212966436648e-06,0.0002241673836338739,2.378248026347731e-08,0.025792291817880165,2.8982910907908953e-06,1.4711842436981113e-09,0.00018680318850896447,0.0001547938416784423,7.67903115547141e-08,2.025321889700319e-08,2.6305137373133186e-05,2.616597415026442e-05,4.781860351870402e-05,4.9103936911076574e-09,0.9721146274986416
69,7.131941448860317e-05,0.001520625549251649,1.0998854775488115e-06,3.1115564571660434e-05,0.00011956143673568488,2.066009935702305e-06,0.00019403598381197398,4.407811255807921e-09,5.020130306437707e-05,4.3342867351646414e-07,6.11646510238875e-06,0.0003054361288481662,3.074455029197991e-08,0.03714830068827451,6.0929376758089225e-06,2.8746169372806443e-09,0.00022934459638443753,0.0001216386813478748,1.39676775307344e-07,3.985575270895786e-08,3.898401977320477e-05,3.8197365745486876e-05,0.00012543056218830058,1.029859567367485e-08,0.9599897721205469
70,7.136818442719416e-05,0.0009506954569332257,5.627234547736769e-07,1.2946438951299526e-05,7.075577165534674e-05,1.0573781048034383e-06,0.00010050349716328939,1.830532132754987e-09,3.772436298833073e-05,2.2985356332748744e-07,1.947723432300686e-06,0.00017217750216237185,2.153092022391899e-08,0.023780990093463412,4.044252538284509e-06,1.4617646541381813e-09,0.00018770054327674852,0.0001209878270969941,6.842203748286205e-08,1.9147412651249072e-08,1.770030594956549e-05,2.462866791383338e-05,3.513243260125236e-05,3.2002749817538367e-09,0.9744087313913815
