,0,1,2,3,4,5,6,7,8,9,10,11,12,13,14,15,16,17,18,19,20,21,22,23,24
0,0.0009620231937854904,0.004740500485568038,5.850492037816774e-06,2.742303435701866e-06,7.804178449171442e-05,0.0018760782424632682,0.00028954101325538766,1.693865082678498e-08,7.078713381164755e-06,0.0003575817892948312,0.0007986516209297404,0.004463563745179317,1.5947155680345245e-06,0.3129085073816667,0.0001709234816538059,6.216027836277495e-06,0.001469476551683446,0.010571465600082484,9.375899265322583e-05,3.573401994017314e-06,0.027889887143238853,0.00821795381793757,0.0011999648758454745,9.048373227546977e-07,0.6238841028500439
1,0.0013275368766266747,0.0063551213330979165,6.532488355814433e-06,3.4234893855068174e-06,0.00011806687592198039,0.0019340485706776176,0.00031803943452757364,2.139609101307516e-08,1.6047208238123008e-05,0.0005421347684182223,0.0008622804208095503,0.003700199050287924,1.7389613123625342e-06,0.2927017742560372,0.00017895684675453544,9.688588289973586e-06,0.0016334904841919541,0.00973679296622022,0.00010681002521847357,3.280555550469235e-06,0.020976113581950485,0.007936922663783848,0.0011371814413037276,1.2670458315882782e-06,0.6503925306711171
2,0.000641843276184964,0.0024896327137614604,3.2512615533364943e-06,1.5665525518244162e-06,6.4606308149443e-05,0.0007451900793322844,0.00020695765157761507,1.0769507357313907e-08,7.955957590126088e-06,0.0002866960217414145,0.0004274115418050389,0.001603463497334362,6.834080354008366e-07,0.23217482043507282,0.00012973218956561738,2.985288682119467e-06,0.0006721581492199286,0.00617446971832437,5.246060281053509e-05,2.9978961543192954e-06,0.01268104930710362,0.006977463625297252,0.0009418147622763013,7.964888226844615e-07,0.7337099824975458
3,0.0009305164681299522,0.0050530633617886294,5.378104223064366e-06,2.7346375416218884e-06,8.435496859656737e-05,0.0014681050775445952,0.00024239330918887926,1.3424668401044284e-08,7.110588469038009e-06,0.00030263610799274263,0.0008842955739619309,0.004411796639468676,1.4656210097501106e-06,0.32888250356178783,0.0001555303818687704,5.206232669813298e-06,0.001441858314868394,0.010243743672956307,7.186588327028317e-05,2.5131356927295253e-06,0.024334680908765997,0.00751909169190346,0.001085817485411136,8.82688835827859e-07,0.6128624421593857
4,0.0009121441995611411,0.005932057271912566,5.635192063690106e-06,2.960479324996401e-06,8.972891077037945e-05,0.0015071894035172109,0.00024019181508425712,1.372089797554613e-08,6.9765536317029885e-06,0.00028209711766189144,0.0010495992015346629,0.005713946257801577,1.983492817380228e-06,0.3708298939811744,0.00014171243811230794,5.285404609027991e-06,0.0016332930966983855,0.011246174062723288,7.33896701248768e-05,2.436210817273142e-06,0.025094820441950445,0.007642968064889662,0.0010812762954238323,8.419798517471992e-07,0.5665033847370453
5,0.000964271577145678,0.0031059199250455497,4.301174920161802e-06,2.8635222581867753e-06,6.36107850379361e-05,0.0010216476746722093,0.00018833512048711923,1.0991607667558983e-08,5.73133227828276e-06,0.0002904955121289675,0.000709611355720354,0.004209970658805657,1.1632458091796948e-06,0.32111040997204204,9.361273896781677e-05,4.759692426346375e-06,0.0013697206592766756,0.016063992108629934,4.3328720334226914e-05,2.7522406301712445e-06,0.020645264706961805,0.005671863680024014,0.0010375384595567377,9.760274852334498e-07,0.6233878481177482
6,0.0009305164681299522,0.0050530633617886294,5.378104223064366e-06,2.7346375416218884e-06,8.435496859656737e-05,0.0014681050775445952,0.00024239330918887926,1.3424668401044284e-08,7.110588469038009e-06,0.00030263610799274263,0.0008842955739619309,0.004411796639468676,1.4656210097501106e-06,0.32888250356178783,0.0001555303818687704,5.206232669813298e-06,0.001441858314868394,0.010243743672956307,7.186588327028317e-05,2.5131356927295253e-06,0.024334680908765997,0.00751909169190346,0.001085817485411136,8.82688835827859e-07,0.6128624421593857
7,0.001201644733392705,0.008023817705623453,8.58475859601564e-06,3.1640075513883647e-06,0.000111711718439086,0.0018639936759189911,0.00027186909517357545,1.6617808169099013e-08,7.773269583206278e-06,0.00032799624854268307,0.0013898160775000692,0.00618415591238817,2.4307659575341485e-06,0.37108391180727335,0.00019641866038070044,5.722731448874779e-06,0.001681672090268282,0.011311826350155145,0.0001011620997962988,2.7015974085650493e-06,0.029763318657474034,0.009342163223989727,0.0010638884276670103,1.1061285487997699e-06,0.5560491336391142
8,0.0005409040937668382,0.0017623989176206677,2.8994107280450068e-06,1.853224127316365e-06,5.0103049486272994e-05,0.00043820965151313387,0.00012977193153128393,4.979350054122686e-09,5.987516318624834e-06,0.0002490632237571323,0.0004846875411244573,0.0009109212586877156,3.445879082789816e-07,0.25551194405264843,0.00013166053241798985,1.783702843455984e-06,0.0005164282140623074,0.005507769211846036,1.959301981595218e-05,1.4356206978474174e-06,0.010310147027235754,0.004890872444363377,0.0007268187561383367,1.4873439757551823e-06,0.7178029106880349
9,0.0009446433418439729,0.007471806432842036,4.2379555115993e-06,2.0612471980998327e-06,8.724837904388036e-05,0.001603836003084578,0.00031241986997387336,1.3197380404541228e-08,6.334204368753532e-06,0.00021761807483138167,0.0008290074786560887,0.0066948903105311435,1.7241555660415217e-06,0.27866931245601556,0.0001462408079534986,5.216623864093937e-06,0.0014607784015961793,0.01066062498122832,8.685912929172079e-05,1.938690347610822e-06,0.025513802288631995,0.006722938592675859,0.0009630293244245655,4.82437446378257e-07,0.6575929356156925
10,0.0009305164681299522,0.0050530633617886294,5.378104223064366e-06,2.7346375416218884e-06,8.435496859656737e-05,0.0014681050775445952,0.00024239330918887926,1.3424668401044284e-08,7.110588469038009e-06,0.00030263610799274263,0.0008842955739619309,0.004411796639468676,1.4656210097501106e-06,0.32888250356178783,0.0001555303818687704,5.206232669813298e-06,0.001441858314868394,0.010243743672956307,7.186588327028317e-05,2.5131356927295253e-06,0.024334680908765997,0.00751909169190346,0.001085817485411136,8.82688835827859e-07,0.6128624421593857
11,0.0009690678027650188,0.005760362958129693,5.882498210056348e-06,3.027970285927528e-06,8.905719815825692e-05,0.0016627825411917134,0.0002617572971482367,1.5718522803008274e-08,7.480220640146864e-06,0.00030742449078990323,0.0009783918796471528,0.0053552757784922685,1.873963598152128e-06,0.3483209292515872,0.00015925201346795494,5.977610675848171e-06,0.001693105583969761,0.011020417183292447,8.114190847710625e-05,2.670099587022708e-06,0.025466530500174084,0.008022592382204957,0.0011419724746577799,8.818974197271334e-07,0.5886821287769068
12,0.0008166758495401663,0.0046960214636228275,4.721508474918973e-06,2.432047576402098e-06,8.493695173170316e-05,0.0013246779829014397,0.0002193296347422018,1.0664291367138257e-08,6.262436479950387e-06,0.0002558989429805241,0.0007630065442128233,0.004159921525341509,1.2794652671957204e-06,0.32143875661439003,0.00013011926963472922,4.442923012106556e-06,0.0012125605143065762,0.010172357930561865,5.9898771012092626e-05,2.3396744433330423e-06,0.021631927787212527,0.006044277028863347,0.0010066582233969213,7.458872826064129e-07,0.6259607403587208
13,0.0008165288027592368,0.006692640441729663,7.0138671208771924e-06,4.334833511591622e-06,0.00012560828536245218,0.0014016141428108925,0.00019140781978717745,9.45061830640092e-09,5.210562668241833e-06,0.00019510201359841043,0.0038617199728619087,0.006987679840543052,2.847732469371916e-06,0.5294728345267874,0.0002732190716481783,4.69538665930645e-06,0.001634365290554188,0.008877773982021988,6.92921252804915e-05,1.6156011098126978e-06,0.0372255346237821,0.00735360404446143,0.0015636860976794649,1.4113643764183692e-06,0.393230250119798
14,0.00100089450733017,0.01564923928173765,6.218355730365722e-06,1.7455054874188505e-06,0.0001443869394283782,0.0029983018941050696,0.0002814333576759793,8.527353290121797e-09,3.903430240427588e-06,0.00021629766502345485,0.0016238686509823335,0.014518668445472463,3.8867188993786835e-06,0.4109848978195441,0.00013807884958842758,6.452588472705881e-06,0.001382272203695357,0.011205955577143885,0.0001826172634433306,2.021691413010724e-06,0.036129725637054654,0.005630714071082753,0.0007834942182955115,4.1095048944464363e-07,0.49710450585031035
15,0.0009305164681299522,0.0050530633617886294,5.378104223064366e-06,2.7346375416218884e-06,8.435496859656737e-05,0.0014681050775445952,0.00024239330918887926,1.3424668401044284e-08,7.110588469038009e-06,0.00030263610799274263,0.0008842955739619309,0.004411796639468676,1.4656210097501106e-06,0.32888250356178783,0.0001555303818687704,5.206232669813298e-06,0.001441858314868394,0.010243743672956307,7.186588327028317e-05,2.5131356927295253e-06,0.024334680908765997,0.00751909169190346,0.001085817485411136,8.82688835827859e-07,0.6128624421593857
16,0.0011815017346587281,0.009277500085893557,9.076997792385437e-06,3.4846815811128848e-06,0.0001560418311282879,0.002586070330364983,0.0003400371724430743,2.480869014227073e-08,1.7954495072627043e-05,0.00029213618087495767,0.0013388424470170807,0.0035328910859215574,2.5435100646130824e-06,0.34009428828849286,0.000331886930102625,7.337942387622369e-06,0.0017915692019536298,0.005931116264512968,0.00013576107116981822,2.8666349266656528e-06,0.016469937625662685,0.009859348716533491,0.001659427901752814,1.3727781966605823e-06,0.604976981282805
17,0.0006390959823719809,0.0030166213012805076,2.524520932819195e-06,1.4892473050650113e-06,4.1268308277168074e-05,0.000559076841691736,0.0001257485010706031,7.448649954663177e-09,2.731792299778113e-06,0.00013935158146647736,0.0004851585858980543,0.006975188960727379,1.2059597580267088e-06,0.3214974233435351,4.1618163646374873e-05,2.2239880276571062e-06,0.0013027357131366788,0.017432590478997003,3.541733623910883e-05,1.8983784250144155e-06,0.01955998234980684,0.005719162550021828,0.0008203322131780807,3.332764674148231e-07,0.6215968131767894
18,0.0015068171315776018,0.014100313429628182,8.303862157306858e-05,2.5527040038809394e-05,0.001092272532964436,0.010701716362176846,0.0005759841604540506,4.9358189868103304e-08,1.935480607710627e-05,0.0007343105997725838,0.007049139666574127,0.0038205793753467053,4.549913246557837e-06,0.579357196594625,0.0025119740914575817,2.479756148404396e-05,0.0012875315845567753,0.00449977393436382,0.000320871145411202,5.792056886388703e-06,0.09639772509851648,0.009447677765040904,0.0024146771086234545,6.875674825293196e-06,0.2640114543865889
19,0.0008450123034672507,0.006273069480807971,7.460414688643443e-06,3.1667803062399333e-06,0.0001203048667788524,0.0013931851216454046,0.0002769458682244116,1.793093342805018e-08,7.1328836795102955e-06,0.0002693357072240307,0.0009621228055715244,0.006851334054543991,2.229224642391852e-06,0.37630686257584345,0.0001539790877454101,5.04796315023286e-06,0.0014846511155676223,0.011675193277736955,8.567925598474382e-05,2.9163672221059994e-06,0.02657430219952108,0.00976248054224503,0.0009367256003314799,7.436063400220595e-07,0.5560001009657983
20,0.0008184602143157518,0.005339117573961737,7.825567071200034e-06,3.585945799613868e-06,9.444871769732372e-05,0.0015701648051720247,0.000441377315196066,2.815736729656969e-08,7.518805387945614e-06,0.0003402882398212757,0.0013752515166268603,0.0033552652173584234,1.5615908044271154e-06,0.3012039962615461,0.0005673163334775482,5.11540698248124e-06,0.001334022629786454,0.005323141361215087,0.00012417411259054386,2.853061222915375e-06,0.0461837332400919,0.016447378557546886,0.0015731753246689883,1.2177411845075181e-06,0.6138789823031066
21,0.000962130281367322,0.00469977336445692,4.279823384244604e-06,2.4444118600108514e-06,8.937769265774672e-05,0.0009097577989448116,0.00014751209619842898,7.701150125022145e-09,3.984009131020655e-06,0.0003090783870863314,0.0008804965415765815,0.006460089027378317,1.2802630167242368e-06,0.36152137093559383,7.601658303554786e-05,4.107909126559925e-06,0.0010886296503163832,0.015735530564885802,5.4324208679890334e-05,2.0666432938644857e-06,0.03371078579317347,0.00500155116145624,0.0007507781573485415,6.543425801234156e-07,0.5675839726523012
22,0.0010840777374842203,0.004089614852076262,7.477061616312228e-06,4.11062841203714e-06,6.930268509002885e-05,0.001583695685881109,0.00018346070676401253,1.3925224279219674e-08,5.231007432674737e-06,0.00044528277989620157,0.0012807119596591856,0.006192767226286054,1.5672655994712697e-06,0.4253819522144683,0.00015058481603826598,6.213507678013827e-06,0.002284379920314132,0.016045063734107995,6.28544345861237e-05,2.9707457747701203e-06,0.041127082690000934,0.00967676749604644,0.0011042759312660507,1.3042864044325615e-06,0.4892092367018928
23,0.0009305164681299522,0.0050530633617886294,5.378104223064366e-06,2.7346375416218884e-06,8.435496859656737e-05,0.0014681050775445952,0.00024239330918887926,1.3424668401044284e-08,7.110588469038009e-06,0.00030263610799274263,0.0008842955739619309,0.004411796639468676,1.4656210097501106e-06,0.32888250356178783,0.0001555303818687704,5.206232669813298e-06,0.001441858314868394,0.010243743672956307,7.186588327028317e-05,2.5131356927295253e-06,0.024334680908765997,0.00751909169190346,0.001085817485411136,8.82688835827859e-07,0.6128624421593857
24,0.0007061771585303609,0.004567419047296089,5.0627324051594975e-06,3.631167159493198e-06,0.0001264819725363549,0.0011584510843330798,0.00018260267387971174,1.0627599580377526e-08,5.599642298222596e-06,0.00022531316959279612,0.0009596990452376047,0.006218029223297439,1.971009288731883e-06,0.4520187038450879,9.298339897537234e-05,5.5797327350051025e-06,0.001251428720176099,0.013249020087283452,5.260389557308837e-05,2.325293667201454e-06,0.02128783813253592,0.004882487743430442,0.0010209453156918265,7.031823019693198e-07,0.4919749320990872
25,0.0013606359489938904,0.005016569100244724,7.772523650265347e-06,5.656890236659835e-06,0.0001300461115831143,0.0013118750852319449,0.0003508510856162916,2.7145917253620802e-08,6.652675165204297e-06,0.00037072507206968,0.002158570297991694,0.007917225723642169,2.9318206447226055e-06,0.4039096021825364,0.0002432569097914933,9.932713035360594e-06,0.0018022105040193708,0.0169099095432971,0.0001074628209503413,3.301707009034996e-06,0.048753512627334836,0.010151498630899968,0.001656486094419969,1.2640825138192624e-06,0.4978120227032047
26,0.001385247353541925,0.004239669013968687,4.774987613233721e-06,3.586845133068011e-06,7.939604229683846e-05,0.0014387320312499855,0.00020670090921724122,1.7343280393097577e-08,1.90051873396794e-05,0.00024855535140872175,0.0008171271886452036,0.002134282892840854,1.211235120915278e-06,0.23847612820162015,0.0001607040417745236,5.095025079418595e-06,0.0017717932993447023,0.00827506500068082,4.834012012005487e-05,2.8351666215696927e-06,0.012863655099271518,0.005385070728534767,0.002108235417340794,2.0964300883273124e-06,0.7203226750878665
27,0.0006853738697164159,0.003748970986034059,3.533830669190157e-06,1.8392595185763568e-06,6.096917074803645e-05,0.0010516518132893205,0.0002806618295547966,1.3526447824814208e-08,1.0546511272047274e-05,0.0003158053337859492,0.0006013945045255403,0.002112129953863583,9.358451877496017e-07,0.24634036445296228,0.00019664178760012016,3.877722096868255e-06,0.0011042421754048697,0.005510922039543948,6.200415084295943e-05,2.4859511369421003e-06,0.014354898110097051,0.009763882627374241,0.0010005247121330843,9.473346805509851e-07,0.712785382501514
28,0.0009305164681299522,0.0050530633617886294,5.378104223064366e-06,2.7346375416218884e-06,8.435496859656737e-05,0.0014681050775445952,0.00024239330918887926,1.3424668401044284e-08,7.110588469038009e-06,0.00030263610799274263,0.0008842955739619309,0.004411796639468676,1.4656210097501106e-06,0.32888250356178783,0.0001555303818687704,5.206232669813298e-06,0.001441858314868394,0.010243743672956307,7.186588327028317e-05,2.5131356927295253e-06,0.024334680908765997,0.00751909169190346,0.001085817485411136,8.82688835827859e-07,0.6128624421593857
29,0.0009305164681299522,0.0050530633617886294,5.378104223064366e-06,2.7346375416218884e-06,8.435496859656737e-05,0.0014681050775445952,0.00024239330918887926,1.3424668401044284e-08,7.110588469038009e-06,0.00030263610799274263,0.0008842955739619309,0.004411796639468676,1.4656210097501106e-06,0.32888250356178783,0.0001555303818687704,5.206232669813298e-06,0.001441858314868394,0.010243743672956307,7.186588327028317e-05,2.5131356927295253e-06,0.024334680908765997,0.00751909169190346,0.001085817485411136,8.82688835827859e-07,0.6128624421593857
30,0.0009305164681299522,0.0050530633617886294,5.378104223064366e-06,2.7346375416218884e-06,8.435496859656737e-05,0.0014681050775445952,0.00024239330918887926,1.3424668401044284e-08,7.110588469038009e-06,0.00030263610799274263,0.0008842955739619309,0.004411796639468676,1.4656210097501106e-06,0.32888250356178783,0.0001555303818687704,5.206232669813298e-06,0.001441858314868394,0.010243743672956307,7.186588327028317e-05,2.5131356927295253e-06,0.024334680908765997,0.00751909169190346,0.001085817485411136,8.82688835827859e-07,0.6128624421593857
31,0.001292102538525395,0.0043249683431629705,6.465944907569537e-06,2.102186905157692e-06,7.740457813830858e-05,0.0009204200546232314,0.00017674914814818962,1.6605032715003952e-08,5.5445705806023216e-06,0.00026249566346103786,0.0005548762514343688,0.005018619959212427,1.403874310690465e-06,0.25950881549655086,8.493416549887185e-05,3.78391153044412e-06,0.0012050300637669287,0.016140543336588122,7.639715275374396e-05,3.261076559829623e-06,0.02237856658728096,0.007417719728253245,0.0009175770242544559,7.144795775427228e-07,0.6796194872589423
32,0.0009473223863063745,0.0053412889815918786,5.738460527222406e-06,2.5575910813391893e-06,8.841027372827732e-05,0.0015513754181310764,0.00026362585826250514,1.528655225890263e-08,6.957468992181338e-06,0.00030475918403904126,0.0008903139034266246,0.00470800781552703,1.6147487777368107e-06,0.3212214039386369,0.00016884156778903243,5.5142797881419295e-06,0.0014248006964546645,0.009805362553706185,9.276374244659354e-05,2.758177118606631e-06,0.025413833562660623,0.008385447838066488,0.0011115430494838736,8.157272370398459e-07,0.6182549274896683
33,0.0007739110180752139,0.005580035500697376,4.563309663570829e-06,2.751326266517285e-06,4.9488345976576955e-05,0.001842800582288352,0.00025957427452921283,1.8749810097481112e-08,7.509566624566307e-06,0.0003569865990903358,0.0008074666372501299,0.01053897712619065,3.5791892077289285e-06,0.48065988615497734,7.535589114558492e-05,7.962289535923661e-06,0.0038324380349415202,0.017348671225817364,7.142299150102434e-05,2.988594321850243e-06,0.017004973305394314,0.013538285752831862,0.0008256720306944746,5.73603182277128e-07,0.446404107899986
34,0.0016023174892170256,0.007003382006418769,5.869729971076836e-06,1.4338200007872801e-06,0.00011146606663301381,0.0007134524950791774,0.00016979434448228514,1.2242877847339037e-08,1.0873029926812761e-05,0.00025744208220871404,0.0012161043592658792,0.002623812162593312,1.3965920435732195e-06,0.2430222358204307,0.00017273523616221693,2.5332370802377117e-06,0.0007531979421216677,0.005723603596199235,0.0001405542606026029,1.9324510585917637e-06,0.01609787832340509,0.009475967435323682,0.0010166540212376235,1.3047621857088265e-06,0.7098740464934744
35,0.0011817830187184693,0.005323382224573585,5.092967245279124e-06,2.476163540959654e-06,7.536377504564549e-05,0.0012604044935010839,0.00023037473700513068,1.4865600866476189e-08,7.86099839571892e-06,0.00033207465089146125,0.0007649331000677437,0.005022804137665388,1.4745647684430666e-06,0.29553115970588323,0.00011936446904335775,5.256522630817428e-06,0.00159532960365725,0.012914718293504138,7.283635369746263e-05,2.496636806756411e-06,0.022575290931573157,0.007886498529950239,0.0009388526370366582,8.411310830930694e-07,0.6441493154881142
36,0.0005990564637347495,0.0042538861241094615,2.835927074535171e-06,2.4004872621514964e-06,3.016098330684658e-05,0.0021450698702315924,0.0003917992938754428,3.459208342271848e-08,1.449814000573627e-05,0.00037113724702160164,0.0003982156433820008,0.008214537852633933,2.7006366382082174e-06,0.3596599874432847,9.904114599427842e-05,1.1243179791280468e-05,0.006461671836790777,0.01248107650396749,6.861646985338445e-05,3.6003300992404495e-06,0.010517166064924378,0.021258229904804905,0.001067018371732239,4.427832037222853e-07,0.571945572704194
37,0.001162745278281478,0.0028936678226620864,5.893363455672681e-06,3.2903884532900773e-06,6.558779000854797e-05,0.0008115766459777274,0.00013735115754740762,7.389896835815551e-09,4.57469979425897e-06,0.0002882088280726973,0.0010801757868609642,0.0035331520691679933,9.482567062731144e-07,0.36737188013202315,0.00011001767966902695,3.4429576053525137e-06,0.0011663684728533302,0.017027685029661645,3.443864804358943e-05,2.1885315482775337e-06,0.02136012079892239,0.005356948400025468,0.0009226492932092761,1.8992269978426874e-06,0.5766551813525554
38,0.0010555971032820872,0.006743234207474891,8.038465662361933e-06,4.397416514016859e-06,8.923553426928263e-05,0.0055689404520395565,0.0005587238058721301,2.9276752487744992e-08,6.192468504551392e-06,0.00040571452917578923,0.0014376129953533204,0.007936678712569934,3.3058572193270245e-06,0.36407401132637596,0.0003515354293294638,1.7132524796692114e-05,0.002718757519632159,0.011423150735263838,0.000193365170006339,4.66555346796002e-06,0.052930721561480196,0.009247774594916014,0.002146159434767141,9.068639733882965e-07,0.5330741184613011
39,0.0009460846219664246,0.005196218645412146,5.478896537409857e-06,2.7340444071940064e-06,8.659853352645369e-05,0.0014527602291280943,0.00023754160562182542,1.3050865955695774e-08,7.274160316959893e-06,0.0003052476374936768,0.0009144844007476955,0.0044095107248679375,1.481125863638114e-06,0.33658180014183686,0.0001546057359639604,5.121544160534629e-06,0.0014280363993410946,0.010275722659543855,7.125773271577556e-05,2.468160830613113e-06,0.023760366964398955,0.00749556903281371,0.0010579519391694517,9.112220377190481e-07,0.605600760790432
40,0.0009283627140277134,0.005060885154948437,5.3904990848781554e-06,2.7262523099799127e-06,8.452073377944032e-05,0.0014675426371932338,0.0002420363736221234,1.3375930514932269e-08,7.083890806091831e-06,0.0003020638250957079,0.0008836162869002187,0.004414616383705216,1.4640647429460736e-06,0.3291742478877325,0.0001555445390512768,5.185690885086639e-06,0.0014370844902209959,0.01022746759031225,7.192628942320827e-05,2.5103193191330344e-06,0.024320478209249867,0.007522004984353237,0.0010814156500494434,8.804495471558581e-07,0.6126009317077094
41,0.0009516696223711344,0.014120371873002878,7.980777202946594e-06,5.003437831881764e-06,0.0002505353066983517,0.00312205619558213,0.0002741835074545626,1.5639229880283357e-08,3.077469757864817e-05,0.0003959715908687159,0.0009705810586027047,0.003481360258364573,2.267812790342118e-06,0.3830370781880451,0.0001833426578514473,8.637244647808546e-06,0.001758335695711877,0.006260537489880227,5.6974359136107694e-05,2.029101734132616e-06,0.014416741677033438,0.00462443334499972,0.0010299133627857005,1.251815799375876e-06,0.5650079532847961
42,0.0012405503385094342,0.008224118696927055,1.4609755277189134e-05,2.9685693216420754e-06,0.00010021609778880829,0.002129282902676215,0.0004723004717298098,7.452188022853453e-08,9.49555463189099e-06,0.0007037645948600004,0.00114348190002842,0.008928046657966513,3.2423855863144e-06,0.318835480938853,0.00043517597286290855,9.00027093715967e-06,0.0027792518602346213,0.007239539487538852,0.00046552791559161807,5.657649906600898e-06,0.06637707982884265,0.05400692466427773,0.001099429601242718,8.771733958152023e-07,0.5257739021891328
43,0.0012890731174368417,0.0036199909810372957,7.195962961879095e-06,3.3813651202380565e-06,7.641502051434414e-05,0.001985089355702067,0.0003157538160646589,2.8912035028073063e-08,1.5772083675859492e-05,0.0012292482110944144,0.0006153436623897301,0.0018995817530536119,1.088798092505652e-06,0.2767856521913327,0.0002107573605240728,8.791141051526419e-06,0.0015273887105704926,0.00804569089803543,0.00011849526828932797,6.220925981282279e-06,0.029975472176792948,0.013831036006182525,0.0011488741676383997,1.7284339312779458e-06,0.6572819296804915
44,0.0009305164681299522,0.0050530633617886294,5.378104223064366e-06,2.7346375416218884e-06,8.435496859656737e-05,0.0014681050775445952,0.00024239330918887926,1.3424668401044284e-08,7.110588469038009e-06,0.00030263610799274263,0.0008842955739619309,0.004411796639468676,1.4656210097501106e-06,0.32888250356178783,0.0001555303818687704,5.206232669813298e-06,0.001441858314868394,0.010243743672956307,7.186588327028317e-05,2.5131356927295253e-06,0.024334680908765997,0.00751909169190346,0.001085817485411136,8.82688835827859e-07,0.6128624421593857
45,0.0010121902083484664,0.0058767114789062365,1.2414250285585265e-05,6.355663085441586e-06,0.00012404237972978724,0.004551750048553644,0.0008682170029483458,5.3547652316890185e-08,1.3147428596209599e-05,0.0005798192527668389,0.0014288248108126193,0.0035595167341373477,2.3137921061257392e-06,0.32707428318791837,0.0009863817880458958,1.708521053300831e-05,0.002096302054447076,0.00675520594042219,0.00018440604040617295,5.361125860478384e-06,0.04005905904621354,0.01583856843115677,0.002004654311220475,1.937181556308446e-06,0.5869413990842908
46,0.002324230171670845,0.006935610623374797,1.0904185809016898e-05,1.04163794394207e-05,3.8596816506456103e-05,0.0066564480502889775,0.00029913389685582884,6.148485537572326e-08,9.942580611286443e-06,0.0005206959332999958,0.0018985851449016646,0.01899399145727476,5.587666484877547e-06,0.43377083548536305,0.00020005736925991416,2.3604075750520107e-05,0.018431941163176434,0.03059068188268112,0.000107005576214405,4.9034542500681705e-06,0.05900388316950953,0.01638180998199802,0.0029019542936049437,2.1634235748812265e-06,0.4008769557332439
47,0.0015115838690948024,0.007651224825602882,3.231972779909866e-06,5.7435316503301e-07,2.7942787091570717e-05,0.0007561650495086332,0.0002445537720383878,1.8876486796914192e-08,5.98577689989576e-06,0.00033931805683544934,0.0002834130259214602,0.00888001296294891,1.3004522575208761e-06,0.14277805513590944,6.4954107047329e-05,2.919928923115749e-06,0.0018423613610055434,0.013037818024162737,0.00014719542443070424,2.2199931976039367e-06,0.017285011517515145,0.019900298278231424,0.00032442030043941056,3.001768952644506e-07,0.7849091199716111
48,0.0015485509483147374,0.020615941984842685,1.0809848610362767e-05,5.406700462535447e-06,6.079917146527699e-05,0.01692395897092678,0.0009070666883427601,9.752346998396871e-08,1.8755793665012836e-05,0.0004589411870514764,0.0014495588312108,0.017889689217945266,1.0230944573875809e-05,0.36047168446048444,0.00039864555144362757,2.7741963859988775e-05,0.014533232250005811,0.011020160546333771,0.00036963620803504265,5.203010249790137e-06,0.0434683273784112,0.02233420375235668,0.002638243169384118,8.33488579473819e-07,0.48483228040997456
49,0.0008162920250544463,0.006423061166531344,8.467807783591292e-06,2.330333449843231e-06,7.999461196329626e-05,0.0019907582474558826,0.0002422406729104202,1.4078476232711306e-08,4.5722916274591025e-06,0.00030945615160694043,0.0008095881050067045,0.008205004485686136,1.948932816364489e-06,0.38991865761366373,0.00014140078101414848,4.522403376652104e-06,0.0018116008570918394,0.012746735581560148,9.813064900480667e-05,3.209603795236739e-06,0.03122583569436425,0.0116397464410324,0.0007208781433298355,6.380296333351399e-07,0.5327949152917649
50,0.0006064467423701459,0.00247783220187771,2.253999874699361e-06,9.20938540834416e-07,4.358633995283338e-05,0.00046838085480409693,0.0002522979324706016,9.26243596812852e-09,5.843235717635548e-06,0.0003289039648554057,0.00029590322553315593,0.0015322692880246358,5.233894267169154e-07,0.17641620409316242,0.00010294961265564436,2.49136600874618e-06,0.0005059477564900883,0.0062969087953598235,5.3120678607016486e-05,1.991041364177438e-06,0.011546121953491544,0.008084782763500144,0.0004943134036800524,4.7648586177246813e-07,0.7904795206739341
51,0.0011161771087786615,0.01903115765103066,1.257471879635036e-05,8.474578008715012e-06,0.00020871994732478888,0.001726611863373309,0.00021786392723922802,1.879358342059847e-08,2.308214957195333e-05,0.0004667026994259319,0.002275686033512576,0.007591978489931664,3.7112043529673606e-06,0.6049454558742102,0.00018912173765451125,5.1979948043786155e-06,0.0029225613960751655,0.008947971698777753,3.9763040290699656e-05,1.1949510659565357e-06,0.027530440668428354,0.011644585498875728,0.0005675030654998615,1.9077519910056037e-06,0.3105215371573961
52,0.001502935705660968,0.002066414913330557,8.29139945480898e-06,6.8416721129422874e-06,7.315112090832394e-05,0.001827317943404703,0.00019500731154372547,1.4092705811059668e-08,8.260281808066514e-06,0.0008168843030007446,0.0015627735311022403,0.003356155235991502,1.6672840234661384e-06,0.49212715104613847,0.00013557255386713595,1.2857824840873664e-05,0.0020308406574506875,0.025987529351727923,4.6027650455269174e-05,5.542699891659612e-06,0.02157386488747922,0.006563351299226991,0.0013333068026205206,3.7386808090599357e-06,0.43875450175044417
53,0.0004066088423102918,0.0018375630607085907,1.483191606961724e-06,2.2311895376300807e-06,4.42969004026527e-05,0.0009567785612128758,0.0006380940481526674,1.593384721883414e-08,9.873326799526849e-06,0.00019913634421914284,0.0004267663624640569,0.0012638356511925004,7.461111520768294e-07,0.17957277721354212,0.0002463101323034483,5.8218308787047825e-06,0.0007595622132054113,0.005266194890078626,3.5173740032470345e-05,2.483246551142077e-06,0.010817920244887074,0.004875860176461731,0.001669299627221214,6.627910608475772e-07,0.7909605043701711
54,0.0008516323807146993,0.005792241473371415,3.4872125754048862e-06,1.6770068194480312e-06,6.693682999931157e-05,0.0011704363022780823,0.00023656086261514517,1.0551578551068204e-08,6.781761818250875e-06,0.0002610233666775555,0.000581719748941561,0.004614790087803999,1.2350057032470328e-06,0.2714268285689387,0.00010738001784075156,4.272587259983145e-06,0.0012711633796570262,0.009679748512727033,6.486370587621805e-05,1.8521350776312971e-06,0.017999199177778306,0.006554449721199226,0.0007522091821070637,5.393158790203163e-07,0.6785489611047625
55,0.0008107070501600388,0.0069425160459986104,1.976123023673192e-06,1.0798137168232966e-06,7.529377534594475e-05,0.0005210014371700856,0.00016943263699217134,5.4263961789749695e-09,5.614378592796167e-06,0.00011907821039926229,0.0004249404231728449,0.008026089444933025,1.0650847435956365e-06,0.20678902609866645,4.3045570087916495e-05,2.5127362488734107e-06,0.0008821176935945833,0.014458409362497496,3.522306063629426e-05,9.715980391882532e-07,0.012046482114326656,0.003165979357274026,0.0004287779247236514,2.7172889627677874e-07,0.7450483829043635
56,0.000949889620569995,0.005778769161917129,5.729529028005896e-06,2.790338873521518e-06,8.97277674563583e-05,0.0015191338757207479,0.0002513822641246544,1.4204801180219782e-08,7.358017727008304e-06,0.00029373717084759597,0.0009678129532481611,0.005122598341479745,1.782828585483718e-06,0.34319283511964455,0.00015351792389373036,5.340905009086549e-06,0.001530591384771247,0.010813098180919098,7.663467450836016e-05,2.5297398986921502e-06,0.02386462468126499,0.007735114411788361,0.0010568107090700414,8.679151139498606e-07,0.5965773082797384
57,0.0009909587990187606,0.0074238429119418935,9.387236852136428e-06,1.8780531179856973e-06,0.00010726549404187574,0.0016002936157745525,0.0002720679467202404,2.4632265587602446e-08,4.489879949123143e-06,0.00030312605963467244,0.0008327142046092075,0.011740700605979421,2.3877701721292975e-06,0.31974490682617657,0.00016921237087409645,5.261579389076363e-06,0.0016728424373087458,0.010782974056909868,0.00026111191566044787,3.7724930560112296e-06,0.04712357283791499,0.018382292856565608,0.0008508844975047716,4.3081947446457956e-07,0.5777136000990878
58,0.0010028616460506373,0.004894062525773091,6.225490614340224e-06,3.0301312469026323e-06,8.304027086315821e-05,0.0014881468598962491,0.00024721634011010314,1.4408340572836904e-08,7.845419456822319e-06,0.00033327685029383477,0.0010195943905176549,0.003936224444369976,1.4679278435776333e-06,0.3319411812024925,0.00019225836027696812,5.2362276299415e-06,0.0014753431510538548,0.009804017964669341,7.278391204290082e-05,2.6952023796578976e-06,0.024274423808962876,0.008381594332160177,0.001139816494419178,1.2515668329804878e-06,0.6096863910717027
59,0.0009991944942850074,0.004522252267931287,6.471923842637801e-06,3.1568282331401296e-06,8.503348694942304e-05,0.0014065344530758317,0.00023225287547797417,1.3575303767531057e-08,7.76154598027814e-06,0.0003496534850879499,0.0010310455296981547,0.003600003049011639,1.3090950799794703e-06,0.33364649507435945,0.00019579930488435612,5.156924905923084e-06,0.0014121230093880322,0.009794252769883487,6.824359563483162e-05,2.689409849607191e-06,0.02442148083131909,0.008083405028433308,0.0011229363960302682,1.3970624204962925e-06,0.6090013379829341
60,0.0009305164681299522,0.0050530633617886294,5.378104223064366e-06,2.7346375416218884e-06,8.435496859656737e-05,0.0014681050775445952,0.00024239330918887926,1.3424668401044284e-08,7.110588469038009e-06,0.00030263610799274263,0.0008842955739619309,0.004411796639468676,1.4656210097501106e-06,0.32888250356178783,0.0001555303818687704,5.206232669813298e-06,0.001441858314868394,0.010243743672956307,7.186588327028317e-05,2.5131356927295253e-06,0.024334680908765997,0.00751909169190346,0.001085817485411136,8.82688835827859e-07,0.6128624421593857
61,0.0010559173603168915,0.004746671491919104,7.255445317311624e-06,3.4005811398130178e-06,8.974872019638499e-05,0.0015468612319627431,0.00023080240128892798,1.4890523135913589e-08,7.4337716776386615e-06,0.00035405886144367104,0.0010567372082095714,0.003985053384898147,1.4383071101679328e-06,0.34777511825988433,0.00019321561247167307,5.410053609302039e-06,0.0015075109087565768,0.01063123762925993,7.284196340090381e-05,2.856816092176011e-06,0.026894432519998606,0.008316935987771642,0.0011582744070657847,1.344647298100309e-06,0.5903554275383874
62,0.0009305164681299522,0.0050530633617886294,5.378104223064366e-06,2.7346375416218884e-06,8.435496859656737e-05,0.0014681050775445952,0.00024239330918887926,1.3424668401044284e-08,7.110588469038009e-06,0.00030263610799274263,0.0008842955739619309,0.004411796639468676,1.4656210097501106e-06,0.32888250356178783,0.0001555303818687704,5.206232669813298e-06,0.001441858314868394,0.010243743672956307,7.186588327028317e-05,2.5131356927295253e-06,0.024334680908765997,0.00751909169190346,0.001085817485411136,8.82688835827859e-07,0.6128624421593857
63,0.0009426049129750831,0.005588737282510834,5.330242554756262e-06,2.598865482846876e-06,8.534778550961302e-05,0.0014548301009258684,0.000244715298207472,1.3245442952998224e-08,7.386202175306601e-06,0.0002969547313025974,0.000878928365421599,0.004515373697278557,1.4888027095213884e-06,0.32280321388998184,0.00015530887160696474,4.9715002537284624e-06,0.001440454255414406,0.009913688262783424,7.237172853451845e-05,2.3505140694586483e-06,0.023720463030830752,0.007600588055856984,0.001022498119814356,8.51014726671044e-07,0.6192389312236299
64,0.0010014702843011399,0.005529195164232505,6.565925790706943e-06,3.224524635447431e-06,9.9698213155249e-05,0.0015319222241569144,0.0002659095878383086,1.5793443545071284e-08,6.551906013142519e-06,0.0003272398484634086,0.0010091476490040289,0.004709866079547528,1.4706424788304424e-06,0.31158009046313184,0.00019524560640499312,5.226187555275349e-06,0.0013491560040578918,0.009861576189900587,8.580871838253685e-05,2.6759989452199886e-06,0.03813273021299784,0.007918551901844866,0.0011901383443885954,9.412742901315937e-07,0.6151855812550395
65,0.0008678900170849066,0.006169351608966152,9.115398958236581e-06,3.97993437567799e-06,0.00011022992864902879,0.0024983611192020837,0.0003188120040223116,1.8276414140678012e-08,7.258011502844143e-06,0.00033866630565248173,0.0012761726026457804,0.004115668842774444,1.7800466167263748e-06,0.3690077217624179,0.0003338111437926997,6.341875656489634e-06,0.0015929481950658962,0.007494974725186377,9.822246501179676e-05,2.967706771021092e-06,0.03718680402728606,0.009364274351605258,0.0014367545578807645,1.208723655816659e-06,0.557756666368805
66,0.0009608826420041904,0.0049489903810843805,7.068236713267605e-06,3.5016260506881934e-06,0.00011487769504433546,0.0012451020113641187,0.0001822125341395022,1.0826803708134324e-08,5.736889587911865e-06,0.0003982972840799798,0.0011151501173009698,0.005276568079736226,1.5026943890753062e-06,0.41587094404113134,0.00012894406669146176,5.588214421510175e-06,0.0013049821937092898,0.013013279334832064,6.299430958555031e-05,2.3667956739338693e-06,0.03172772886885492,0.00719538378737338,0.0008265438309485573,1.0133936317653235e-06,0.5156003301448477
67,0.001267178996981431,0.006982295912964194,6.622557844721795e-06,3.0655907551100435e-06,0.00013122565052486716,0.0012268420373504176,0.0002715083338775628,1.8428091280939987e-08,1.0848588544406939e-05,0.00035832730662764073,0.000979357880389998,0.004720069819106287,1.6492575340993198e-06,0.30300996536284497,0.00017390089225217557,5.961500719302635e-06,0.0013349995163912272,0.010252006426226002,9.230153055259999e-05,2.2523698341790343e-06,0.02478750593745122,0.008584747141600875,0.0009491581469471388,9.333165496962681e-07,0.6348472574980386
68,0.0005408499515205613,0.002604115051656699,3.234506273800556e-06,3.2103449736133382e-06,4.5867325447128834e-05,0.0013482419212644686,0.00020559097454740422,9.132406399876893e-09,3.1608286910617465e-06,0.00014678904212924135,0.000705307376850039,0.008719398467515719,2.230631492564857e-06,0.42443188878417587,4.956988276774698e-05,4.986919995322245e-06,0.0017456557682966852,0.02810203681463733,2.870928970807444e-05,2.9748200400183545e-06,0.02231888192318,0.003428332504866683,0.0013356680856316608,4.30020483613344e-07,0.5042228596314484
69,0.0008739452023435948,0.004613229495749893,6.239912339987204e-06,2.453748692124769e-06,6.053107867162364e-05,0.0021866738578462234,0.0002552366179377716,1.4998264974011555e-08,4.33372359726794e-06,0.0002980989997003683,0.0010526542036489214,0.006190925214913036,2.0024178248203395e-06,0.3755978741338072,0.00016724363576959856,5.112855805783906e-06,0.0018298494174943127,0.011199995136027716,0.00011547443087048436,4.014027786105464e-06,0.037410666559832315,0.01017654068858525,0.0014085443944740642,8.124972102396061e-07,0.5465375327508063
70,0.0008602325262806859,0.004571551108066762,5.360502151401066e-06,3.259034157390424e-06,8.623330957488519e-05,0.0016792407776283307,0.000245454895998539,1.4005754901119784e-08,7.839288639951486e-06,0.0003183013135008952,0.0008449463722340104,0.004362636958706235,1.56247009405361e-06,0.35647598625032234,0.00014403601264212913,6.265926225398644e-06,0.0016157231277748659,0.0110365377967414,6.313730485500924e-05,2.845059808972954e-06,0.02257726028939811,0.006797507262370351,0.001193509632449416,9.344122075046863e-07,0.5870996243624166
71,0.000954781332363019,0.004564390792468601,3.794553276011654e-06,2.475883743746068e-06,8.221341397440632e-05,0.0010800578997201056,0.00022371029566373434,1.2300462559445013e-08,7.857394908450184e-06,0.0002904059893172289,0.0007866159679659912,0.0043129449618344706,1.3389259062883982e-06,0.29663497349273227,0.00011959154592584419,5.3251103857693625e-06,0.0013126037713090972,0.010913013285829096,6.0237357202934237e-05,2.289128589258235e-06,0.020623653797809373,0.006248637916746422,0.00105726862652517,8.034090898562734e-07,0.6507110028462503
72,0.0018675422953539132,0.008660561300489944,9.355980276615502e-06,2.1037066571821835e-05,0.00024395239640286005,0.010018727498778144,0.0007367201415528901,2.875547478245353e-08,2.7779833550149222e-05,0.0007902133422026213,0.0021258171056442246,0.005240794586844793,3.93449476266106e-06,0.4000288189071764,0.00027929433154898686,4.8053069311818135e-05,0.0030416629558804916,0.023072168248741358,5.4386052198064356e-05,5.62779780015525e-06,0.03901363093043143,0.00198423384033037,0.002612360639624055,4.0093727191498705e-06,0.5001092890563323
