,0,1,2,3,4,5,6,7,8,9,10,11,12,13,14,15,16,17,18,19,20,21,22,23,24
0,0.0453528370030647,0.016126715921983333,0.0016125949681948222,0.0003626668756759288,0.0015937341543645557,0.0004268338231530081,0.002096820386520432,1.115783608025775e-07,7.80853003682775e-07,4.942572336804171e-07,0.0500451001801882,0.036687079371866396,3.4583180370653003e-07,0.6765075407081854,0.00521414025485823,3.059794290510126e-06,8.080332782186907e-06,0.002614233868263709,6.999127882710865e-06,1.2158321355480205e-08,0.0017510122220641495,0.0005710860634771841,0.022419575622432145,7.227972628748139e-05,0.1365258649157417
1,0.028174660441515263,0.019059106386047048,0.0012887593511652531,0.0004018482752612767,0.0012918522280678858,0.00037134583385184096,0.0018716597652397584,1.2822017079452106e-07,1.2173955967446907e-06,8.174649936678382e-07,0.028374740827451804,0.021455243915376575,2.6297553524060325e-07,0.6723538702667328,0.005818904976593924,3.699004346373673e-06,5.7490667464189815e-06,0.0016095071309170615,1.1219442554485697e-05,1.270243774642537e-08,0.002070621193935909,0.0005897204256109523,0.017317503158856298,4.6613501838878323e-05,0.19788093604915621
2,0.04040395034626285,0.018564074708013138,0.0006802910471726234,0.0003742786624077734,0.0011491480260963384,0.00027704781880133494,0.0016880191135503438,1.362569442937604e-07,4.953089819858384e-07,6.063674094438234e-07,0.02534756741738399,0.025872448572284587,2.0974854218589246e-07,0.6118705909786032,0.008952952968502167,3.819009775623072e-06,1.3176991522909146e-05,0.0018992298074015563,8.967082425876966e-06,8.75598899708438e-09,0.002525110941599736,0.0009620750096347053,0.04461641349857409,6.615204842912971e-05,0.21472322951369113
3,0.03680990534023302,0.020521172157661787,0.001054140070282979,0.0004536897042485826,0.001247968166132051,0.0002695688893584131,0.0016639315479073627,1.1591960132748007e-07,5.266068050171748e-07,5.910977165092998e-07,0.03209101358066162,0.028371793126784686,2.752175168930546e-07,0.6521163893215456,0.004336276970170785,2.36152874801137e-06,9.279412405637669e-06,0.002802420755429253,6.363905037287971e-06,1.0156833973448399e-08,0.002127870708517016,0.0006425060745089768,0.025583791650999606,6.970801043667841e-05,0.18981833008045718
4,0.030067145141528338,0.019259130947891317,0.0010737748997568229,0.0004493549020196965,0.0013697039911695042,0.00025545734579061744,0.0015346901145452487,1.0205210455842517e-07,4.880245863342821e-07,5.736743666915284e-07,0.028348776701058013,0.02584388813649098,3.306537292231043e-07,0.7157641488893436,0.0034944387258057444,2.087617433541049e-06,7.736407352483593e-06,0.002446658954116365,5.5660508459510616e-06,9.776440850852592e-09,0.0017459671414503783,0.0005578200577456289,0.022047562609675622,6.372048752507206e-05,0.14566086669722741
5,0.03173788456194272,0.021364661795599715,0.0009300215341381338,0.0005768703787946817,0.0012508076486380314,0.0002477044326144518,0.0014525546620793072,1.105419754963425e-07,3.935751651025426e-07,6.243397831573141e-07,0.02931716364031693,0.026611429394774486,2.965477419835833e-07,0.66100351445383,0.00304302541839802,1.8653611132064114e-06,9.27121566428278e-06,0.0037755427131080798,4.827018104994077e-06,1.0283913831304277e-08,0.002221169097330527,0.0005732412011630368,0.02789897228667241,7.385170354084676e-05,0.1879041861935966
6,0.03680990534023302,0.020521172157661787,0.001054140070282979,0.0004536897042485826,0.001247968166132051,0.0002695688893584131,0.0016639315479073627,1.1591960132748007e-07,5.266068050171748e-07,5.910977165092998e-07,0.03209101358066162,0.028371793126784686,2.752175168930546e-07,0.6521163893215456,0.004336276970170785,2.36152874801137e-06,9.279412405637669e-06,0.002802420755429253,6.363905037287971e-06,1.0156833973448399e-08,0.002127870708517016,0.0006425060745089768,0.025583791650999606,6.970801043667841e-05,0.18981833008045718
7,0.031371788704075206,0.014611673310594415,0.0006771326841205983,0.0003802681266773231,0.0012972965651758123,0.0002845741193002457,0.0010397061724787223,1.0290415354105768e-07,3.692983274327273e-07,5.734321031744761e-07,0.01943943617882975,0.027812398787117127,1.4630408858985727e-07,0.648683354546207,0.004699940453069941,2.9581940296596957e-06,9.504898338699367e-06,0.0023384379155488777,7.061207515876328e-06,6.747993039185408e-09,0.0026455311621504333,0.0007833419213009462,0.03327715125933108,4.531887767850502e-05,0.21059192622979403
8,0.04182314810326205,0.020885479191001362,0.0010486812900590886,0.0003589093715882116,0.0014767185842176236,0.0005366861369312877,0.0018736355084281327,1.1479744290228866e-07,7.508341299128673e-07,5.313170128971598e-07,0.0743653680178561,0.04120090294717118,2.927007924331215e-07,0.6548010316566876,0.005528259125848116,2.5348206782962706e-06,9.14944560138616e-06,0.004217676049912098,8.997107692564746e-06,1.2671666113798023e-08,0.002499980998594358,0.0009520804723639148,0.02408128152126544,5.496790817853611e-05,0.12427280942161846
9,0.04111099790578977,0.016272847114951864,0.0006639043431129444,0.0003318200638917046,0.0011295088311865506,0.00046323661381053615,0.0015956967937894378,1.014762602749914e-07,4.671639026836158e-07,5.106504447999395e-07,0.04475174728617499,0.03632868361518989,1.8586980344870862e-07,0.6702629734145813,0.005371789488944577,3.149626128896867e-06,8.831409590583332e-06,0.003436370358378541,8.696868712781678e-06,9.866916104826536e-09,0.002636391550875434,0.0010266105963876847,0.03279545808539577,3.9575747859113416e-05,0.14176043525792045
10,0.03680990534023302,0.020521172157661787,0.001054140070282979,0.0004536897042485826,0.001247968166132051,0.0002695688893584131,0.0016639315479073627,1.1591960132748007e-07,5.266068050171748e-07,5.910977165092998e-07,0.03209101358066162,0.028371793126784686,2.752175168930546e-07,0.6521163893215456,0.004336276970170785,2.36152874801137e-06,9.279412405637669e-06,0.002802420755429253,6.363905037287971e-06,1.0156833973448399e-08,0.002127870708517016,0.0006425060745089768,0.025583791650999606,6.970801043667841e-05,0.18981833008045718
11,0.036142345518641254,0.020838601931976362,0.0010852265383930902,0.0004697209570715302,0.0012653838905148861,0.0002608992558119561,0.0016833085194638173,1.1778928056581561e-07,5.213687430224059e-07,6.016755625181622e-07,0.032086185033816945,0.0287343033036572,3.1386160145277857e-07,0.6643444981012998,0.00400356373560038,2.269138465558305e-06,9.378424781853434e-06,0.0028685708649271845,6.087537890742628e-06,1.0741970318568937e-08,0.0020194077386191398,0.0006283957278853156,0.024880302446791944,7.272298698835673e-05,0.17859726291024483
12,0.03137357166652248,0.016197093361067772,0.0006383840974429698,0.00038660680434054556,0.001306247884321789,0.0002302332038445418,0.001002206646772946,7.858115606778678e-08,1.8601900883469014e-07,4.838663591463022e-07,0.020111970772456397,0.03199418155418692,2.443598538691489e-07,0.7328888778157776,0.002425313418025797,1.9489459082783085e-06,9.931412105604142e-06,0.0034621723729313246,3.841299200584377e-06,6.8668724707878605e-09,0.0018490161226829792,0.0007482564334236707,0.033502672163685326,5.570831844046541e-05,0.12181076601361167
13,0.039062649437790746,0.014537558018638994,0.0012414099826328015,0.00037252952304788546,0.0012647992900892675,0.00020038788983443598,0.0014560058546626007,1.2799320198633875e-07,5.388795203989294e-07,2.971760180246882e-07,0.052418677238582054,0.050354184063256896,2.493285231822951e-07,0.6741237177842532,0.004502051646774304,1.5585284932558534e-06,1.1023657080993812e-05,0.0022801659068663748,7.177894109986128e-06,9.028170569321219e-09,0.0021941796580346087,0.0006943371472981627,0.01897383178025,5.1100640619650306e-05,0.13625143165224987
14,0.0050810241715075494,0.258757165059012,0.0008243893176029238,0.0006423578794806643,0.0030997516103003324,0.0004905960633060451,0.0009878790712739003,6.993441246280694e-08,1.2579725655849368e-06,4.755278090642787e-06,0.026247868850713924,0.003363966270551708,1.172323365922303e-06,0.6036011265817339,0.001988529806289522,6.221086066200475e-07,2.7897734428088508e-06,0.0041354057290733165,4.596120832658339e-06,1.0453754651374644e-08,0.0014266684819894738,0.0005129490130615587,0.006153897958902627,0.0001008675051776243,0.08257028266495163
15,0.03680990534023302,0.020521172157661787,0.001054140070282979,0.0004536897042485826,0.001247968166132051,0.0002695688893584131,0.0016639315479073627,1.1591960132748007e-07,5.266068050171748e-07,5.910977165092998e-07,0.03209101358066162,0.028371793126784686,2.752175168930546e-07,0.6521163893215456,0.004336276970170785,2.36152874801137e-06,9.279412405637669e-06,0.002802420755429253,6.363905037287971e-06,1.0156833973448399e-08,0.002127870708517016,0.0006425060745089768,0.025583791650999606,6.970801043667841e-05,0.18981833008045718
16,0.03969346097259202,0.018816030473700607,0.0015851483613694957,0.0004346471710779282,0.0017504348311586377,0.0002806174107870659,0.0017937207485545774,1.2916626287133967e-07,7.4392938718341e-07,4.896529313043195e-07,0.04050381954425788,0.031746219754197176,3.52462971678833e-07,0.6507254730021461,0.005520240941897476,2.3660584935380804e-06,9.972653919612639e-06,0.0021622966233847472,6.766883208894939e-06,1.0315665228039567e-08,0.001608824273966941,0.0005661477995318964,0.024412884552307015,8.99610259063998e-05,0.17828924139032365
17,0.04308162252656948,0.027423545865578644,0.0013034579392884314,0.0004179530998779767,0.001516971162781124,0.0003525500003399687,0.002008367599094439,1.4756417084615928e-07,8.84059070035406e-07,7.474601449016451e-07,0.04330589453416987,0.029282945572959962,3.045842731414774e-07,0.5951681397961551,0.007484915786649762,2.9561313918464464e-06,1.1758213831621231e-05,0.002778938665407984,9.268655344101697e-06,1.154910014994788e-08,0.0024542923104372205,0.0008394951630315297,0.025219583769997847,9.061102912066323e-05,0.21724463696121343
18,0.01089206981275312,0.013213828756718431,0.0010431989422532342,0.0003629997457021452,0.0024656324034715033,0.001298353254641,0.0016362928284514226,6.991778196440559e-08,2.3474655240871214e-06,5.35394557693241e-07,0.06320717527221383,0.009711230707822692,2.3347272704100508e-07,0.8014006452191218,0.008540449619388657,3.2749692590907913e-06,1.3431345789270602e-06,0.0007065073748249278,1.2525455553146929e-05,1.1044319569124268e-08,0.0014293048915961155,0.00025979999355121305,0.016406664264659834,1.625917743130035e-05,0.06738924688109729
19,0.0206304231162815,0.016917486737840697,0.0016595701628233882,0.000448033019135046,0.001793994117785604,0.0002296830220710774,0.0011684388042096758,1.1033178893796573e-07,6.865382684004193e-07,6.073939705056958e-07,0.02573757317528426,0.03127654279970996,3.8402587206750465e-07,0.7604116823222882,0.002557687950306938,1.516239583339432e-06,6.332092397806248e-06,0.001930851029136644,5.109106147156098e-06,1.0404546836098694e-08,0.0014482275026811255,0.0005336761251033504,0.0114152968311476,5.2422380191205565e-05,0.12177365477142886
20,0.03028469757951247,0.02609555601568679,0.0009959499010442734,0.00042715239394019175,0.0015674949365937654,0.00022016640396554647,0.001248817489802932,1.9811821029410183e-07,6.364703306601751e-07,7.97709072046079e-07,0.025611080458032714,0.030654204947779713,2.373754227156386e-07,0.6371233187470645,0.0065910508421448445,2.308947234634384e-06,1.6414129545038836e-05,0.002484543961007422,9.072256224037427e-06,1.0112967494361044e-08,0.002967089239142395,0.0014749114501152916,0.025151075455361747,7.511210612736626e-05,0.206998102953671
21,0.040511881265295216,0.0106154357184885,0.0008668499127744807,0.00040003950496740766,0.000728502310896785,0.0002422795603470628,0.001778014856365068,5.925595090042975e-08,2.1841502469497578e-07,4.046573496701585e-07,0.021397487500417048,0.035713083649891696,2.9326881446429107e-07,0.727058011864448,0.0018296271779320126,2.8522855236927017e-06,5.202986196888598e-06,0.0027829404131872416,3.212932090788818e-06,1.0745324232464226e-08,0.001444147228169533,0.0003406067083477755,0.026336641880069966,4.4663462775181e-05,0.1278975324393516
22,0.04996051473274566,0.015856949202562143,0.001218991270324064,0.00043533139271751564,0.0011299704967951618,0.0003033275548592427,0.0017006783002298646,1.370882942686556e-07,4.5949321611411833e-07,4.844439810114995e-07,0.044673894415470504,0.04521718098346052,2.439789472566167e-07,0.647960476947033,0.0035345633506895947,2.4965419418824365e-06,1.2747137076137574e-05,0.0046481709071114425,6.078989766597992e-06,1.305114182249669e-08,0.0028901714724614636,0.0008406017413607425,0.026149804332372233,6.77651117810215e-05,0.15338894706366069
23,0.03680990534023302,0.020521172157661787,0.001054140070282979,0.0004536897042485826,0.001247968166132051,0.0002695688893584131,0.0016639315479073627,1.1591960132748007e-07,5.266068050171748e-07,5.910977165092998e-07,0.03209101358066162,0.028371793126784686,2.752175168930546e-07,0.6521163893215456,0.004336276970170785,2.36152874801137e-06,9.279412405637669e-06,0.002802420755429253,6.363905037287971e-06,1.0156833973448399e-08,0.002127870708517016,0.0006425060745089768,0.025583791650999606,6.970801043667841e-05,0.18981833008045718
24,0.017032737963576204,0.019735980668440064,0.000690141223208359,0.00053018590576146,0.0012190891478454416,0.00020495011621488374,0.001035935458108674,7.019912984813474e-08,2.922964434136367e-07,5.9083947996919e-07,0.018673555578557807,0.017871238615285237,2.959717535016695e-07,0.7779590905380146,0.00176018271570656,1.2968921224171155e-06,4.5784401117081615e-06,0.0024511333753935295,3.964352449598775e-06,7.760356920981141e-09,0.0015257687865608363,0.0004068141815405585,0.018153965131098564,3.978035533888775e-05,0.12069835348750077
25,0.044735632497125706,0.012574578237265426,0.00146132648221358,0.0005994751903512576,0.000881536856724022,0.00014683754346741186,0.0021259758227143003,1.7215958561522587e-07,3.844743262919618e-07,2.6677738171109473e-07,0.06043012573461596,0.05713281325954793,3.313051677186242e-07,0.6589204811840557,0.0024131116538965687,1.509528741056231e-06,1.2124617107939525e-05,0.0034147936169238256,5.917278322908208e-06,1.7477526091794374e-08,0.0021273799343505986,0.000498387237106783,0.021424399744555567,6.049984920775722e-05,0.13103192153771823
26,0.09883617546984955,0.03042565717961064,0.002342367620021639,0.0006267100452358668,0.0013452029919597817,0.0001920406467496281,0.002640860008299904,2.347749419776669e-07,5.410805512710106e-07,6.540835647919777e-07,0.05269946180355337,0.04939703002198881,5.769065055315232e-07,0.4491467788641434,0.004094931189420359,2.0494033322196865e-06,3.476325693246018e-05,0.008503204843038924,4.070627592454162e-06,1.709885479087082e-08,0.0023265426330282856,0.0008638936089649501,0.033533754368822444,0.00037454946687832366,0.2626079320061586
27,0.044816587811488326,0.0227703991124465,0.001176135881239776,0.000403507890375457,0.001248693726400884,0.0004002366752794837,0.0019261196061386731,1.918007520423366e-07,1.189976253212062e-06,9.212342505918186e-07,0.033129415967828826,0.025776844026700396,2.0315258851312897e-07,0.5258301505499791,0.009326787618433464,3.9420079034562205e-06,1.1533968513225083e-05,0.002548181265365575,1.041743065881418e-05,1.3202493746874148e-08,0.0028546656513989323,0.0011416995775303297,0.026349794036269605,8.013551512831766e-05,0.30019223231458275
28,0.03680990534023302,0.020521172157661787,0.001054140070282979,0.0004536897042485826,0.001247968166132051,0.0002695688893584131,0.0016639315479073627,1.1591960132748007e-07,5.266068050171748e-07,5.910977165092998e-07,0.03209101358066162,0.028371793126784686,2.752175168930546e-07,0.6521163893215456,0.004336276970170785,2.36152874801137e-06,9.279412405637669e-06,0.002802420755429253,6.363905037287971e-06,1.0156833973448399e-08,0.002127870708517016,0.0006425060745089768,0.025583791650999606,6.970801043667841e-05,0.18981833008045718
29,0.03680990534023302,0.020521172157661787,0.001054140070282979,0.0004536897042485826,0.001247968166132051,0.0002695688893584131,0.0016639315479073627,1.1591960132748007e-07,5.266068050171748e-07,5.910977165092998e-07,0.03209101358066162,0.028371793126784686,2.752175168930546e-07,0.6521163893215456,0.004336276970170785,2.36152874801137e-06,9.279412405637669e-06,0.002802420755429253,6.363905037287971e-06,1.0156833973448399e-08,0.002127870708517016,0.0006425060745089768,0.025583791650999606,6.970801043667841e-05,0.18981833008045718
30,0.03680990534023302,0.020521172157661787,0.001054140070282979,0.0004536897042485826,0.001247968166132051,0.0002695688893584131,0.0016639315479073627,1.1591960132748007e-07,5.266068050171748e-07,5.910977165092998e-07,0.03209101358066162,0.028371793126784686,2.752175168930546e-07,0.6521163893215456,0.004336276970170785,2.36152874801137e-06,9.279412405637669e-06,0.002802420755429253,6.363905037287971e-06,1.0156833973448399e-08,0.002127870708517016,0.0006425060745089768,0.025583791650999606,6.970801043667841e-05,0.18981833008045718
31,0.031685085516044126,0.026488118761962845,0.0014614621689505807,0.0005633666986008202,0.001461355377063367,0.000127213544732999,0.0011097329997144141,1.4222023221104443e-07,3.791348668408715e-07,6.904994097961435e-07,0.017179233067133818,0.027471639202771937,3.8395641045675654e-07,0.6602008234782585,0.0019662974987531795,1.4146626961261757e-06,1.119997178323675e-05,0.0033400826154469238,4.3765934549679e-06,1.0044568788941014e-08,0.0017221496396629494,0.0005469870836305536,0.01612107194042401,0.00010814747531336532,0.20842863584811347
32,0.036430697055140196,0.020755307260419506,0.0010405132713064457,0.00043278743395368176,0.0012634630880131543,0.00027981836137950595,0.0016533275048500006,1.2686191388617187e-07,6.107595563507636e-07,6.27492406345134e-07,0.03172327642126747,0.027958206394231834,2.5937237099687736e-07,0.6470010570927038,0.0049809115846103265,2.596796528019619e-06,9.53079034444423e-06,0.0025882063580071305,7.76154429300417e-06,1.0388359299200893e-08,0.002285727351192587,0.0007198282600720866,0.024624719956508802,6.512904536652867e-05,0.19617549955520458
33,0.031942668162178285,0.02767127205930796,0.0005917658152166984,0.00034359704441520986,0.0017445729158015386,0.00018056906631062157,0.0008968095132193996,1.1271883759716606e-07,1.6809037321331015e-07,5.71378877622843e-07,0.020066523309272288,0.0338090968812152,3.620529668030261e-07,0.7554229316225471,0.0029197136290158585,1.8227615519734265e-06,1.797333254995585e-05,0.00348315365046159,5.637269184040756e-06,7.788318836280548e-09,0.0017639147913604788,0.0014972446796155524,0.030751724605055826,7.090302665544099e-05,0.08681688383569083
34,0.062076846377539636,0.022633813601550624,0.002572115673807681,0.0002867716312227019,0.0011759977345287445,0.0004791266396264152,0.0034901959603321404,2.3384925096212956e-07,7.4809819276586395e-06,9.465129331626874e-07,0.04555203206446962,0.017392542454967286,2.4106662897465754e-07,0.4413168492595209,0.016845714063623476,5.062341481988128e-06,5.447813879444554e-06,0.0010853601254181837,2.8423395529441843e-05,1.4223143607274483e-08,0.002143278913136693,0.0006022625418757755,0.007997028642061449,7.435602064966059e-05,0.37422785811089376
35,0.07743133988554568,0.025089745724143988,0.0012387117244670827,0.000709101709178329,0.0005787591268734292,0.0001496576162273766,0.0018476269874135045,4.008816617052711e-07,1.148700383835474e-06,1.2027086529387924e-06,0.027158013869699606,0.03632301429485108,2.4615322501259285e-07,0.26888911763392365,0.0021991117017462203,1.4770016507922497e-06,1.902264351185444e-05,0.009024290156377063,8.830011284882473e-06,1.9672216109178333e-08,0.003188063256474125,0.0010203790669934922,0.010465909819045702,0.000133555301550138,0.5345212543529023
36,0.03636760817846363,0.015261722591436787,0.0013559036071721616,0.0003552917483817584,0.001544459741989793,0.00011137929989434142,0.0009634722349576966,1.6093333734891554e-07,4.851288302162693e-07,4.878682111879377e-07,0.016374881881265957,0.04961510695124092,2.7415776602835227e-07,0.6280833590095523,0.004390498118522155,2.1671027274273483e-06,1.7984649819166496e-05,0.0014163459684629648,8.731165826108556e-06,7.204798603351247e-09,0.001924791804136872,0.0007803584495862156,0.01618955140877709,6.871219381933351e-05,0.22516625860102396
37,0.08071447213411906,0.013786443333649808,0.0011307226747114733,0.0002982660214458369,0.00075587352388896,0.00011310974743583326,0.0016206855321531323,6.498064412680078e-08,1.3938222976415195e-07,1.9501334054755745e-07,0.0288911595708065,0.045633371806346364,2.7178519002817914e-07,0.6834621424460887,0.001558230590157495,1.4485198504990714e-06,9.810311211117312e-06,0.0037593189657784687,3.0469174403282496e-06,6.815944970330924e-09,0.0011694406413755947,0.00041962508790134177,0.018776945652836392,7.770260147805704e-05,0.11781750594397536
38,0.08092738977898008,0.012937007759650523,0.0006695057926903578,0.0002237611264713757,0.0006440218753196598,0.0007528679422762049,0.00392468003376884,7.429568156835695e-08,4.748329498468447e-07,4.5388552736605955e-07,0.054301444406549104,0.030643626407399534,1.6346631990143706e-07,0.6037059315064441,0.008983190775213068,7.973476487563074e-06,6.52986691978914e-06,0.003118469977019967,8.251183684685309e-06,1.2076944589258056e-08,0.00240515302535461,0.0008205498946151939,0.05350322103337351,4.8610898902671553e-05,0.14236663468145586
39,0.03704227313365528,0.023332993179765765,0.0010575998011259657,0.0004526811834709477,0.0012592270660996233,0.0002572124104653886,0.0017552063201985648,1.111570408083453e-07,5.183589263517172e-07,5.981273911645388e-07,0.03315732855172688,0.026377870405401474,3.0619818333109973e-07,0.6556681219570742,0.004400616185513467,2.1732042252718868e-06,9.411424477866644e-06,0.0028444683013456582,6.013369613491429e-06,9.8079794460049e-09,0.0019612402712725634,0.0006437874564451231,0.025432290070615458,7.797406937359286e-05,0.18425996798861213
40,0.03899319573653915,0.020061309122743905,0.0010279037072405282,0.0004049929658484501,0.0011990597032260162,0.0002615782199881972,0.0016431359008524723,1.1168887927747118e-07,4.97331607327244e-07,5.424600915626882e-07,0.03212575772260623,0.029349348400088657,2.530591976103382e-07,0.6632772588610535,0.004303775466590193,2.3209690586567784e-06,9.136999757604054e-06,0.0027579746600705853,6.483968178180413e-06,9.567445874513136e-09,0.0020923637300652663,0.0007055691259837098,0.02401558103997252,6.523892723837697e-05,0.1776966006656763
41,0.013439258216601658,0.021828521875663153,0.0024353920549691436,0.00033927018390940704,0.0032852913682296335,0.00041386894293384154,0.0010368484275327299,1.0406100736765365e-07,3.236483226251184e-06,1.0630571276307885e-06,0.014650213752020896,0.00888790996795424,2.5797189147412707e-07,0.7091089238069281,0.009154485001067634,2.7053086155607534e-06,2.8212481543532633e-06,0.0004953635115327386,9.193657295250136e-06,6.218436557147389e-09,0.0013839103795621802,0.0003234662830140651,0.007565449875288576,5.3691633311835576e-05,0.20557874671372559
42,0.05178080867098981,0.021267214657038284,0.0009222509755707974,0.0002783710479499441,0.0011235355037360157,0.0003196535633740494,0.0017136835111305057,2.872222603454962e-07,9.186269830586027e-07,7.807613727747533e-07,0.031936974050851136,0.039909121791742955,1.203710224109309e-07,0.5424790297968602,0.014885910130453477,6.367201436260251e-06,2.263685119996493e-05,0.002024984106735308,2.291444750038649e-05,1.417357123770272e-08,0.005046736881807242,0.0028854662786954783,0.033348139036414065,5.314605011560508e-05,0.24997093429118863
43,0.022173154865181434,0.026174544281383424,0.0005232341757020073,0.00044013843429142673,0.0017482972663172944,0.0007276201371812648,0.0010060772725043225,1.664514201864949e-07,8.029629743856645e-07,1.7908289318637607e-06,0.020993166590289426,0.01984914165579716,1.3851746306779488e-07,0.6021820712614023,0.00848383083613659,4.987284964756732e-06,1.0999811403079325e-05,0.003290491853979032,1.245546749951218e-05,1.0868037136121945e-08,0.0052723695172781915,0.0018784249119803344,0.039365731886712774,4.2881590209925e-05,0.24581747127095893
44,0.03680990534023302,0.020521172157661787,0.001054140070282979,0.0004536897042485826,0.001247968166132051,0.0002695688893584131,0.0016639315479073627,1.1591960132748007e-07,5.266068050171748e-07,5.910977165092998e-07,0.03209101358066162,0.028371793126784686,2.752175168930546e-07,0.6521163893215456,0.004336276970170785,2.36152874801137e-06,9.279412405637669e-06,0.002802420755429253,6.363905037287971e-06,1.0156833973448399e-08,0.002127870708517016,0.0006425060745089768,0.025583791650999606,6.970801043667841e-05,0.18981833008045718
45,0.043246068032164506,0.018789625825687925,0.001971360740909887,0.00033917236591977034,0.0017850865464176776,0.00030816665294112263,0.0026081005491170916,1.766344304436308e-07,1.145354078882844e-06,5.466061372801023e-07,0.04252613410209818,0.03205842408733884,3.8587686643395025e-07,0.6606311291432809,0.009933660818711238,3.852429990866027e-06,1.1102957169456203e-05,0.0013859414909778661,1.0718227474223797e-05,1.3174301980510868e-08,0.0016492720547947382,0.0007253760835966048,0.02327058757626915,9.513068746210927e-05,0.15864882198186264
46,0.1041670940814514,0.026708567244861543,0.0013436628251875169,0.0006249667174629373,0.0015331785122086482,8.304127447030994e-05,0.0011111342023544552,4.38741704539572e-07,2.3405182460711474e-07,5.079810960150542e-07,0.03919087765441805,0.11541919079972579,4.78744882504481e-07,0.36758477238106874,0.005137286898241507,1.852146166650711e-06,0.00017589461017093372,0.007386508114441381,6.176685333867228e-06,1.4643328708833316e-08,0.003917743315556909,0.002120298965572724,0.04935474714809572,0.00033343302233058227,0.27379789923804376
47,0.16352088488248576,0.01808997201642414,0.0008366636511800973,0.0002048905956871574,0.0005707056651492958,0.0002295835712310076,0.002035411618100465,1.2682090685170904e-07,2.199812460118029e-07,4.209930515636208e-07,0.037559495167038125,0.09347743896141861,1.9321060242181633e-07,0.4292929747535882,0.004750604358759937,4.259446441365611e-06,2.8703722592970352e-05,0.006921150949714811,6.150622184140089e-06,1.2235522207861135e-08,0.002851879182979309,0.0020865223916335667,0.03222860783183619,0.00010102898576924395,0.20520209838445655
48,0.047471227123676525,0.04886682767745452,0.0006506562148062307,0.00041015593184135955,0.0011865939480671574,0.00012301640615268173,0.001792217337503762,2.8518793100440466e-07,3.6321789252035677e-07,1.0671765444252224e-06,0.01951503248368146,0.02834175795877791,3.7295563078975775e-07,0.588594242127796,0.007342420234925488,3.3231673690660714e-06,4.061237972587054e-05,0.002705919278413015,1.5998165410011553e-05,1.2135463480470884e-08,0.002750054910738822,0.0024501446718613986,0.03816884650217319,0.00012234003553001532,0.20944651277063334
49,0.034028154992666856,0.014067931447668908,0.0010893004688075831,0.0003988452254480902,0.0014763286731645437,0.00034056119129604104,0.0013148075148211819,1.1080395824265686e-07,4.3940601207424014e-07,4.924961291832655e-07,0.03685218099945967,0.04547919320614554,2.7079273940651603e-07,0.7067075874564447,0.003420889918730016,2.2595688132498592e-06,9.30464366132189e-06,0.0033461520866864295,5.378445200622684e-06,1.0949276845722003e-08,0.002164133723233252,0.0008117922304078738,0.02453606454607528,5.2312228623405916e-05,0.12389549698452962
50,0.020052039921239932,0.018656577882410718,0.0007946468072598021,0.00031076085381911826,0.0008559659876052617,0.0002432366602047368,0.0018081000951512328,7.869774279683065e-08,6.568071174416556e-07,8.908645716067409e-07,0.011559633099022767,0.010533037166778472,1.9849527293894432e-07,0.751823928169349,0.0031725225290532115,3.366884290054338e-06,2.8430803380332714e-06,0.00102510308135988,9.217795622863851e-06,8.61857679256596e-09,0.0011895452269539682,0.000504951745383372,0.012715729391881665,2.954114822062743e-05,0.16470741899077368
51,0.018628285302620617,0.019866325436040146,0.0008074215184003756,0.0005972717252452907,0.0008396447819428945,0.00020196129131664993,0.001379214537589189,9.526166401266626e-08,3.141654575892735e-07,5.623342151345871e-07,0.03307526031900266,0.024888795471783746,2.5302966917828794e-07,0.7677768654084264,0.0013624152985140974,8.709722104515922e-07,5.013848100077575e-06,0.0049745427119910375,3.4730092169075636e-06,1.1462493152860832e-08,0.0021536139768716066,0.0006224530461593125,0.014188434092841398,3.762249221822822e-05,0.10858927850600966
52,0.05087327920929937,0.019278086859125586,0.0007337989274282377,0.0005417506658974948,0.000937452932434235,0.0018579556694890505,0.003389265151087551,8.445976981650287e-08,5.988057775005527e-07,1.0283107706373515e-06,0.09132987163432331,0.02625503571950343,3.8023493952314574e-07,0.6199399759223547,0.0034939116272302705,4.0730595002750384e-06,5.320458693363697e-06,0.016774681627413093,3.063424576407526e-06,2.8010326991623697e-08,0.0024906691282625877,0.0009577390693036649,0.05507471299459907,7.729752405379568e-05,0.10597993857383997
53,0.06775496057580689,0.019475493921002604,0.001132193876496737,0.0005095378825169585,0.0004919767326470444,0.0005017998383295536,0.008054336940454921,1.2597992188337762e-07,9.365750719906624e-07,6.396155642671571e-07,0.07563501447808675,0.018387572977055833,3.065633271856309e-07,0.4812026799034047,0.009644474833634741,5.9543492078584215e-06,7.525519538104253e-06,0.0034941502256513727,6.237363398496666e-06,2.4747053538740003e-08,0.002094817452818207,0.0005349864675707383,0.06510361113082462,0.00011931381501729825,0.24584132823559768
54,0.03799138932315922,0.021744615452708446,0.0015536098647496203,0.0006813808402145219,0.0031450072782690593,0.0003347055693469711,0.0010831456027042858,2.598654398212619e-07,6.251166775642897e-07,4.84202983001912e-07,0.08833290372292134,0.05766461602173232,3.7773207514443817e-07,0.5970821154098512,0.0050135942208926025,1.3749303499832446e-06,2.9796125443321126e-05,0.006632506069763577,7.6199663804791025e-06,1.2758404580637681e-08,0.003701558977319691,0.0010568035211658462,0.03381036541394206,0.00012121886801295106,0.1400099131454925
55,0.053100298270951626,0.022109542792740647,0.0018398041984272829,0.0006076002398656243,0.0010606272869712553,0.0002321774801715065,0.0020688883735680134,1.444585241346013e-07,7.678443302012674e-07,6.066274818905804e-07,0.04685006234212705,0.044442386962568914,4.375204575401542e-07,0.5312339662720729,0.0030159121515618793,1.7587845840646536e-06,1.049127602546817e-05,0.0046706309208079935,5.034546809189363e-06,1.6390251981005992e-08,0.0019024975030305378,0.0004908752928373725,0.016142564684873583,0.0001099428966118926,0.2701029648823476
56,0.03605983204713008,0.02187957178665662,0.0011462621171396904,0.00047960107701633674,0.0013289010527672955,0.0002609539610701205,0.001702907170811158,1.2357874342686905e-07,5.604860354460224e-07,6.221806075092286e-07,0.03278591263688082,0.028635948624542846,3.376157185259254e-07,0.6637289427156019,0.00414695408493615,2.2855172735012638e-06,9.718258724619962e-06,0.0028222832370449398,6.365874989359031e-06,1.1229733093884882e-08,0.0020046938424897634,0.0006312731095452085,0.024190270066518384,7.640128460001549e-05,0.1780992664434232
57,0.027191697541773276,0.016104302039174796,0.001523159311607372,0.0003478232777691983,0.0023191523705889915,0.00017279542449658947,0.0006736768586202006,1.9170328840472245e-07,6.790629648855143e-07,6.980409345820485e-07,0.01800499145989086,0.06146571956813615,2.772892603011539e-07,0.6701826936064993,0.004142058994029019,2.2855152146335403e-06,1.8508666438548047e-05,0.0017019801952295828,1.1442870814234622e-05,8.510800797993755e-09,0.0026609553059471695,0.0011324951802619309,0.01223727117806239,5.152850361712983e-05,0.1800536075245797
58,0.04120394929270755,0.023927395669617012,0.001219866919614936,0.000483823237715126,0.0013365112478016033,0.00023751627393087493,0.0017649994123005342,1.369633964393948e-07,5.21327690944334e-07,6.384881661077102e-07,0.03313549832462385,0.030571672388387143,3.3021346221903727e-07,0.6251140629885032,0.004502992765178487,2.3181236338228827e-06,1.2735138634828643e-05,0.0032210238437891557,6.100134527829718e-06,1.1048985522107228e-08,0.0022126223377203777,0.0007147892588529768,0.02770139492550976,9.919798141583175e-05,0.20252989169383362
59,0.046423908794533356,0.023354215021506267,0.001525674431518229,0.0004954424527540078,0.001388248582289579,0.0002262128514526913,0.0018686145261822176,1.4736870353729625e-07,5.496500827987077e-07,6.177527442273153e-07,0.034553911050379145,0.03374802905527301,3.5413917220313643e-07,0.6027948784420168,0.004456476047565502,2.3171000911348225e-06,1.4113972656587334e-05,0.003556369157237166,5.5534364862767626e-06,1.1732957320856755e-08,0.0022436648753326256,0.0006774008924114817,0.027041952310300755,0.00012491356831063416,0.21549642278804226
60,0.03680990534023302,0.020521172157661787,0.001054140070282979,0.0004536897042485826,0.001247968166132051,0.0002695688893584131,0.0016639315479073627,1.1591960132748007e-07,5.266068050171748e-07,5.910977165092998e-07,0.03209101358066162,0.028371793126784686,2.752175168930546e-07,0.6521163893215456,0.004336276970170785,2.36152874801137e-06,9.279412405637669e-06,0.002802420755429253,6.363905037287971e-06,1.0156833973448399e-08,0.002127870708517016,0.0006425060745089768,0.025583791650999606,6.970801043667841e-05,0.18981833008045718
61,0.04254498034782417,0.022284960015544746,0.0015178794749631823,0.00047431238342424007,0.0014330387095212894,0.0002298418471620198,0.0017583502309768439,1.3946514090247966e-07,5.766076875509893e-07,5.809097274157978e-07,0.03570188548882156,0.03465935186963515,3.4221118896295323e-07,0.6263421286129087,0.004341920756913902,2.192466416542056e-06,1.2547568941857851e-05,0.003167667697872391,5.9157415055338045e-06,1.1266171093938339e-08,0.0021863737511066228,0.0006614060329211389,0.0238587127329009,0.00010414527259963457,0.19871073853812363
62,0.03680990534023302,0.020521172157661787,0.001054140070282979,0.0004536897042485826,0.001247968166132051,0.0002695688893584131,0.0016639315479073627,1.1591960132748007e-07,5.266068050171748e-07,5.910977165092998e-07,0.03209101358066162,0.028371793126784686,2.752175168930546e-07,0.6521163893215456,0.004336276970170785,2.36152874801137e-06,9.279412405637669e-06,0.002802420755429253,6.363905037287971e-06,1.0156833973448399e-08,0.002127870708517016,0.0006425060745089768,0.025583791650999606,6.970801043667841e-05,0.18981833008045718
63,0.03940384919618695,0.02497197006309678,0.0010850720200365654,0.0004680572510643839,0.0012386676392218655,0.00026944980049334614,0.0018297299126553777,1.256383414859914e-07,5.734447783961535e-07,6.54962467394176e-07,0.03494697307128345,0.027269973634421758,3.1185127110938444e-07,0.6345672138801829,0.004701263843182749,2.337152457404454e-06,1.0259692734920399e-05,0.003082392076470889,6.556802661330105e-06,1.1123821866981372e-08,0.0021881847145721893,0.0007097975625621396,0.025780207562757267,8.281830259706e-05,0.19738354880068065
64,0.036828527201197614,0.020647112227141662,0.0010001835699184325,0.00046486790418222426,0.001224143309780868,0.00025266431956832714,0.001473410789472922,1.3101526894735387e-07,5.110130195976372e-07,5.939384820781901e-07,0.032381243061450286,0.03139841330887739,2.234311166482938e-07,0.622192207855381,0.004623771728420252,2.3275658564527452e-06,1.102880340229021e-05,0.0030485204483522346,7.181790602402111e-06,9.822493109810339e-09,0.0029917679061311248,0.0007217213817506861,0.026145890192233397,6.668249649464437e-05,0.2145168649194055
65,0.029633381091218595,0.014522458973870292,0.0008090401481605832,0.0004211272198199298,0.0012590045744882105,0.00029908464996998986,0.0011963594001704826,8.602750772640547e-08,3.5574251278487295e-07,5.190964649489218e-07,0.02569958182063703,0.030699067003348676,2.17184551169856e-07,0.7105003817102139,0.003011414681163816,2.2408169001243666e-06,7.089315605020883e-06,0.0028486777306822825,5.342835506264767e-06,8.305136602874773e-09,0.002129972273053982,0.0005768307148998331,0.02512253627962758,4.370406505823918e-05,0.15121151833943178
66,0.010899072260617832,0.0075219339646660196,0.0010845682255397,0.00032230065833750737,0.0010225492290484323,0.00045619745619854263,0.0013565653870726206,6.384115671971743e-08,1.0951486004876756e-06,9.928923542602177e-07,0.010491236807563961,0.016566722796449197,3.1626379469378896e-07,0.8567401860085131,0.0013654638486407425,4.987061913133432e-06,1.0972684831571578e-06,0.0006626904731477579,1.1133022342726197e-05,1.7242156336946887e-08,0.0007875501122469965,0.000251901060642411,0.005718511851820539,9.411265942613677e-06,0.0847234358527506
67,0.03465673933207894,0.014204109236901546,0.0009155172497558003,0.0004496572658067111,0.001117431814338503,0.0002879637564474462,0.0017100249609994218,9.164184084549522e-08,3.74463023967193e-07,4.965033049433283e-07,0.028036306686281147,0.029296133465466324,2.6595868652340175e-07,0.6860559524654187,0.003677580317867321,2.85622574654956e-06,7.64423719772732e-06,0.002559989663029755,5.062792451722442e-06,1.0253841789568833e-08,0.0019107082877302254,0.0005102718755997023,0.034246437534082956,5.846478885842641e-05,0.16028990922324302
68,0.05344504060724478,0.020665939311120887,0.0008885359197767201,0.0005420343682844541,0.0010053480038028633,0.00037555254747164736,0.001997341479044749,1.2544644182281965e-07,4.222719523313544e-07,6.243716123246341e-07,0.04883903436902964,0.038716194861484816,2.6470307712307497e-07,0.5548714792411088,0.00436385375627601,2.7119094032372448e-06,1.3189505715810712e-05,0.006056057815864263,5.099549307574808e-06,1.3887142252706856e-08,0.0030349686059317135,0.000834540180052413,0.043209473257645924,8.988663799252701e-05,0.22104226739321534
69,0.039029193734144506,0.021921846714473107,0.0018677932372596984,0.0009469505508423593,0.000782808279606506,0.00012798438928248216,0.0020346371893371607,2.3741123097201302e-07,7.699836847339568e-07,1.043569718070954e-06,0.01922653958709076,0.022839894877840765,3.7514740624339696e-07,0.3242961724268329,0.003225239212451885,2.6934514475859485e-06,1.558718315509831e-05,0.00340267306639466,5.078476340753314e-06,2.2987707553355808e-08,0.0026115070286627613,0.0003394513998075311,0.022793460932482384,0.00018797902719184777,0.5343400601356076
70,0.034721695676828805,0.018041360961848014,0.0010421788198641394,0.0004377487635657586,0.0012034528990084279,0.00025631867180045485,0.001560634335547265,1.021149335469977e-07,4.7662074442450934e-07,5.442694504858939e-07,0.028738425763435698,0.028190228531618972,2.6494721169203825e-07,0.6763307223596725,0.0037087597717192122,2.2574619971149518e-06,8.010453241406862e-06,0.0025828584959637336,5.705851254307634e-06,9.453940354178304e-09,0.0019504644846218017,0.0005723871548047375,0.023641566291696482,6.157543569771366e-05,0.17694225040953268
71,0.05677261504068526,0.017330757604393697,0.0010963584567214052,0.0004962163998615043,0.0008672594891293914,0.00023853519901572703,0.002487667209473111,1.4086241148878406e-07,4.3387987997958577e-07,4.545120665298074e-07,0.043733907628743865,0.03739637101732667,2.8388868470739673e-07,0.5910983421870029,0.004494869344217209,2.8920333623570923e-06,1.2845468517948359e-05,0.0037863158592513855,6.2876553128384615e-06,1.440067796465657e-08,0.002415380721300316,0.0006513841685867115,0.03632553545511236,8.766705079485305e-05,0.2006974644674698
72,0.11690921804957774,0.0658873284217766,0.0007278261514977827,0.0007728639734414196,0.0008752223831144828,0.00018418730406616132,0.004447775242927035,6.467646818235758e-07,3.221317868608274e-07,9.799460766627791e-07,0.11602176544841726,0.05916602324557332,6.091440666825446e-07,0.35400508784011175,0.0059593716938331235,2.141616762738495e-06,0.00013056929130698876,0.02688458560306899,1.37434262912048e-05,3.215273043130118e-08,0.0072523824146893436,0.003429543121748366,0.06991251469996716,0.0003902664524625,0.1670249934800236
