,0,1,2,3,4,5,6,7,8,9,10,11,12,13,14,15,16,17,18,19,20,21,22,23,24
0,0.0018798745846871556,3.7477641125150575e-05,0.9132988925337334,0.010547486978393953,3.128177344853083e-08,0.0006566656711048915,5.5403598598719185e-06,1.7601024199291923e-07,0.00014450342766588178,0.0001128277304959398,6.738677969692794e-07,1.4466538648920803e-05,2.501813508317779e-06,1.005667787626028e-07,1.692596149026597e-10,1.092237560970341e-06,8.523927986947708e-08,1.8484417383539976e-05,1.274312680042021e-05,2.5671783416277893e-06,1.909694852541835e-05,6.07554977169567e-09,0.0005234525173987907,0.07271854908618709,2.7039978981112502e-06
1,0.0026582371206844346,0.00010120939845831597,0.5981669903147869,0.15689205398066416,3.019636417671618e-07,0.0013416586796898926,1.7112892518258442e-05,5.724577166267304e-07,0.00011236744395382896,0.00020574128913982068,1.7388315655643734e-05,7.446581571976551e-05,8.219570746234107e-06,5.432686081665607e-06,2.7996056488916676e-10,6.540189959052406e-07,3.6319360046113173e-06,0.00015142898697455926,8.152576053241264e-06,2.1253547613671783e-05,0.00011477096938642245,6.33482052605719e-08,0.026624034206115706,0.21344347705888417,3.078114234852198e-05
2,0.0022971545295663084,4.7489653040674466e-05,0.915270950053275,0.008724296896406818,5.3114955028366536e-08,0.0007249885479659667,6.6180025474051655e-06,2.210570214231542e-07,0.0001837102014363881,0.00011261741779057519,7.992896529100975e-07,1.4641571173780577e-05,3.117125139682877e-06,1.1061452431794088e-07,2.7409267321948614e-10,1.44952511729665e-06,1.0047980031281729e-07,1.8159049937755256e-05,1.63687502313105e-05,3.4984962365835917e-06,1.818097138151086e-05,6.463060297004565e-09,0.0005063217622084556,0.0720459943893804,3.1517640570133226e-06
3,0.0019179261064960727,3.903011100329968e-05,0.9060305541170793,0.00976354088519839,3.578037459363924e-08,0.0007322278462233775,5.320064525135272e-06,1.8944481581004938e-07,0.00017127082648300286,0.0001031851906483724,7.363512225808696e-07,1.4173549310681897e-05,2.8667614720427114e-06,9.345834818075596e-08,2.0064436046807995e-10,1.3058275730942396e-06,9.251577699564567e-08,1.7724653447105404e-05,1.55586514767545e-05,2.85371842600697e-06,1.967698663756972e-05,6.43743926281923e-09,0.0004866351708192612,0.08067250589124907,2.489453309414409e-06
4,0.0020230559339687424,3.987992432491085e-05,0.9031131995429907,0.010046990758369583,3.673743211221452e-08,0.0007312809216249414,5.41854629402493e-06,1.92001649384161e-07,0.0001826279344626991,0.00010076760197116297,7.53244223949468e-07,1.6160335477520297e-05,3.425245293136469e-06,9.913219910839924e-08,2.0643865790405511e-10,1.3452569290210164e-06,1.0338729803347308e-07,1.8629697254653006e-05,1.640171017977358e-05,2.9613570727714376e-06,2.1041785375883306e-05,7.070488790394176e-09,0.0004842573088598656,0.08318872686665914,2.6374931613844456e-06
5,0.0021202818365586764,4.015496917914304e-05,0.8936535057394606,0.012405254723988587,3.268850571985474e-08,0.0007574692382792882,5.1808421839549295e-06,1.8661743076911913e-07,0.0001784784050963055,0.00011569032323667489,7.322507026446419e-07,1.6261949114072788e-05,3.2379876330292714e-06,1.0609737243499421e-07,1.8633331518923354e-10,1.3451744330420534e-06,1.0856631024051712e-07,2.351041930643511e-05,1.5020476655670234e-05,3.0759554013459136e-06,2.218118053950295e-05,7.440819589549388e-09,0.0005140053028686578,0.09012138588737603,2.785741214288877e-06
6,0.0019179261064960727,3.903011100329968e-05,0.9060305541170793,0.00976354088519839,3.578037459363924e-08,0.0007322278462233775,5.320064525135272e-06,1.8944481581004938e-07,0.00017127082648300286,0.0001031851906483724,7.363512225808696e-07,1.4173549310681897e-05,2.8667614720427114e-06,9.345834818075596e-08,2.0064436046807995e-10,1.3058275730942396e-06,9.251577699564567e-08,1.7724653447105404e-05,1.55586514767545e-05,2.85371842600697e-06,1.967698663756972e-05,6.43743926281923e-09,0.0004866351708192612,0.08067250589124907,2.489453309414409e-06
7,0.0019062804218390815,2.8660406332516896e-05,0.9226536635581093,0.006352785553595321,2.8716773502770794e-08,0.0005871544748630955,4.50379348900577e-06,1.4565652788124873e-07,0.00013077787274031602,8.357930056781182e-05,5.397385673586205e-07,1.0566061975542684e-05,2.411934608125778e-06,6.190882772362203e-08,1.4700333403649827e-10,9.367255929353151e-07,6.477494692284071e-08,1.4016087044786958e-05,1.310205554707105e-05,2.1591021864830687e-06,1.4089838520208226e-05,4.042202444716839e-09,0.0003581926297617191,0.06783428570175325,1.98949662468236e-06
8,0.006740958328804244,9.09017513241267e-05,0.6416733592945456,0.0079770861028663,3.044365426456487e-07,0.009717638152092489,1.052025891619698e-05,1.8882763833080457e-06,0.010487248678473381,6.289103922466001e-05,1.7108464723658853e-05,9.367819766129135e-05,5.323075077988482e-05,2.1788164179862357e-07,5.076929674379681e-08,4.343387498573381e-05,6.575322887474546e-06,0.00048498838083568417,0.0012048672028783115,4.841960328514331e-06,0.0004688744994887996,2.3654169755643947e-06,0.0001552751077163045,0.32068949897851906,1.219687210811914e-05
9,0.002566926334419515,4.035199404742623e-05,0.8999562670211635,0.00808455577266139,5.437838980590782e-08,0.000923103758561884,6.174977541482832e-06,2.565718600710222e-07,0.0002163563523640049,9.329529900429506e-05,1.1191944663870696e-06,1.5355861122080965e-05,3.7364023031103526e-06,1.1461439408949533e-07,3.1566581903987094e-10,1.5860925695463428e-06,1.4781464361887846e-07,2.422090517298249e-05,2.3464130968310772e-05,3.008059691406683e-06,2.1817157476789107e-05,9.58001210100217e-09,0.00047592084188260335,0.08753909611978142,3.060449836303647e-06
10,0.0019179261064960727,3.903011100329968e-05,0.9060305541170793,0.00976354088519839,3.578037459363924e-08,0.0007322278462233775,5.320064525135272e-06,1.8944481581004938e-07,0.00017127082648300286,0.0001031851906483724,7.363512225808696e-07,1.4173549310681897e-05,2.8667614720427114e-06,9.345834818075596e-08,2.0064436046807995e-10,1.3058275730942396e-06,9.251577699564567e-08,1.7724653447105404e-05,1.55586514767545e-05,2.85371842600697e-06,1.967698663756972e-05,6.43743926281923e-09,0.0004866351708192612,0.08067250589124907,2.489453309414409e-06
11,0.0019319584766015374,3.819569509898864e-05,0.9046623836062908,0.009632152664802619,3.65494747044058e-08,0.0007197694609569639,5.376348530214036e-06,1.8957014770009187e-07,0.00017325859326748305,0.00010129331435523609,7.311142436470816e-07,1.4845673726303004e-05,3.1966011060200493e-06,9.208632244776467e-08,2.0136957641696418e-10,1.332143318532491e-06,9.609102596892305e-08,1.758670932821866e-05,1.572990347419404e-05,2.952297547253983e-06,2.0026371284158906e-05,6.516327527820129e-09,0.0004829197110375907,0.0821733729683673,2.497331995105474e-06
12,0.002530244718662694,5.3221479522717084e-05,0.9024041836015398,0.01243671771482566,5.1459090364852474e-08,0.0009620096417472548,6.135006581719626e-06,2.0530138824735088e-07,0.00018476935619514607,0.0001478031031068271,8.628810848060912e-07,1.5258766807269528e-05,3.4346890272797746e-06,1.720856009133281e-07,2.2553928650783641e-10,1.375166043906468e-06,1.626733209888025e-07,2.849293510735007e-05,1.6037663011288536e-05,3.875235015268993e-06,2.4964513764279983e-05,8.517445469982081e-09,0.0006841448839010977,0.08049174284563824,4.125536032254671e-06
13,0.0016953657387524961,3.885010778833184e-05,0.903339658825839,0.011732390320909902,4.0745154790663085e-08,0.0007035602075965299,6.4257266268365975e-06,2.525560728272908e-07,0.00016852353972534565,9.309357558929789e-05,1.110612330285186e-06,1.8764309624771594e-05,3.0223864306552327e-06,1.3058318754021974e-07,2.3013062523417318e-10,1.3379715784686644e-06,1.0443098968139005e-07,1.7623048892976077e-05,1.5289113249143477e-05,2.935065292846634e-06,2.2139622884931364e-05,8.157640681673291e-09,0.000628339222815046,0.08150838186117848,2.6520397185469843e-06
14,0.002924329952763276,0.00010059803335301218,0.8645342407322872,0.012620907061091554,8.192332744591996e-08,0.0011218577259460825,1.035925520642242e-05,2.808724018754679e-07,0.0002609294563356166,0.00022039364443441912,1.4240124582257272e-06,2.0447476637311433e-05,3.173181329199851e-06,2.2497834073295697e-07,3.7340961169849806e-10,2.0453566126979773e-06,1.3362597435123557e-07,2.9164742950582034e-05,3.1470909839234174e-05,4.680474911160177e-06,2.8855631876527268e-05,1.1278022661624078e-08,0.0007901496491587387,0.11729022431968822,4.015331643756938e-06
15,0.0019179261064960727,3.903011100329968e-05,0.9060305541170793,0.00976354088519839,3.578037459363924e-08,0.0007322278462233775,5.320064525135272e-06,1.8944481581004938e-07,0.00017127082648300286,0.0001031851906483724,7.363512225808696e-07,1.4173549310681897e-05,2.8667614720427114e-06,9.345834818075596e-08,2.0064436046807995e-10,1.3058275730942396e-06,9.251577699564567e-08,1.7724653447105404e-05,1.55586514767545e-05,2.85371842600697e-06,1.967698663756972e-05,6.43743926281923e-09,0.0004866351708192612,0.08067250589124907,2.489453309414409e-06
16,0.0019107399916005207,3.8438140793586174e-05,0.9063358187015974,0.00963792822262759,3.563824923864902e-08,0.0007334877538764364,5.256041992163678e-06,1.873642922976942e-07,0.0001705255452981313,0.0001014457197563201,7.349374890055608e-07,1.3948314043678878e-05,2.849839640909905e-06,9.223734031343795e-08,1.992283177249984e-10,1.2955997810401994e-06,9.172816262105649e-08,1.7572749340986123e-05,1.543338366425012e-05,2.8259882337294183e-06,1.9395220553474453e-05,6.332844216754392e-09,0.00048188647083912366,0.0805075395753423,2.4643034121431273e-06
17,0.002024036145440401,4.677012090470092e-05,0.8958758616459872,0.013904853500481278,4.727439030004631e-08,0.0007446592649566846,6.931166080782026e-06,2.562051448655843e-07,0.0001747086039848885,0.00012578816166722965,1.0058188511986608e-06,2.065536097052459e-05,3.866328530286472e-06,1.5754561293424753e-07,2.288705966318866e-10,1.4830240277739182e-06,1.5145078832098395e-07,2.2579813106343617e-05,1.5967979010474487e-05,3.950806812886914e-06,2.619208252377676e-05,9.800704425446752e-09,0.0007645730795706925,0.08623203534239336,3.459249187955551e-06
18,0.0028490312919188503,5.3891251354332364e-05,0.9057759374490917,0.013886697490432013,5.5713144840983336e-08,0.0008038551792913657,7.856495926712391e-06,2.37801511739199e-07,0.00016778207598662216,0.00017515817100799747,8.651793107402602e-07,2.039064322161812e-05,4.412874340817691e-06,2.0044025441117434e-07,2.2760598073555835e-10,1.3232794095942208e-06,2.1544432018639307e-07,3.522148692231195e-05,1.5528541301747364e-05,4.338119970034999e-06,2.954265071615996e-05,1.055119216386893e-08,0.0008041276297510536,0.07535776516412872,5.554847888629311e-06
19,0.001577754820730335,3.94529576835946e-05,0.9159746724856879,0.011543158684637943,3.05825921604869e-08,0.0005339682839094982,6.4954678459531705e-06,2.0219919921576423e-07,0.0001687108502499923,0.00010167598750161004,6.212105868931046e-07,1.91691968918832e-05,3.0453874513057814e-06,8.361387557920177e-08,1.9172711494385407e-10,1.3415423299082274e-06,7.726647082798905e-08,1.3936718239144087e-05,1.3379851925842158e-05,2.653989832191847e-06,2.0658534347106755e-05,6.637129119189044e-09,0.0004657960273365312,0.06951072242240759,2.3850894107485664e-06
20,0.0016155908567077931,3.656006482296618e-05,0.9142043230660988,0.011458998532385332,3.051164059128091e-08,0.0006459224807478689,5.821451521851673e-06,2.9422103621309363e-07,0.00017310013437137647,9.820647827536288e-05,8.870130132628813e-07,1.78205278899081e-05,2.739728460950687e-06,9.783193890351885e-08,2.9041317938097327e-10,1.5422604635198833e-06,9.592150284820762e-08,1.8351992168828603e-05,1.665567365798721e-05,2.7032048436160713e-06,2.188296516455778e-05,1.0003022374974581e-08,0.0004649290040366487,0.07121104532826006,2.3904575554529277e-06
21,0.0020659386175529916,5.0264006685721094e-05,0.900027735923529,0.012533684742074154,3.603894725242435e-08,0.0007458180414999599,5.773603783072336e-06,2.2562514131560974e-07,0.0002146482979078653,0.00012124725194154402,7.27866809389686e-07,1.832848418421944e-05,3.147201045509242e-06,1.198359942023803e-07,2.194481321754728e-10,1.8270597449487852e-06,8.316418626111202e-08,1.955308317373062e-05,1.659844935640052e-05,3.3465932923729504e-06,2.042708666180375e-05,7.006068406697649e-09,0.0004462264875479771,0.0837017265259449,2.5087874788311525e-06
22,0.002448745658337365,3.1773470145129895e-05,0.9138216205557514,0.00874672190826464,3.6719882236722385e-08,0.0007720147250658472,4.443409936557481e-06,1.8894248701350887e-07,0.00015875168124253078,9.727739592770922e-05,7.484129134221946e-07,1.1154167688228122e-05,2.8834091815668556e-06,9.274609416988934e-08,2.01559998881737e-10,1.2136177215470386e-06,1.344905801797551e-07,2.7454048915351656e-05,1.3995003972257504e-05,2.827978513645597e-06,1.9160327291329502e-05,7.269050256312121e-09,0.00041404391274645297,0.07342186572611414,2.8442206168404016e-06
23,0.0019179261064960727,3.903011100329968e-05,0.9060305541170793,0.00976354088519839,3.578037459363924e-08,0.0007322278462233775,5.320064525135272e-06,1.8944481581004938e-07,0.00017127082648300286,0.0001031851906483724,7.363512225808696e-07,1.4173549310681897e-05,2.8667614720427114e-06,9.345834818075596e-08,2.0064436046807995e-10,1.3058275730942396e-06,9.251577699564567e-08,1.7724653447105404e-05,1.55586514767545e-05,2.85371842600697e-06,1.967698663756972e-05,6.43743926281923e-09,0.0004866351708192612,0.08067250589124907,2.489453309414409e-06
24,0.002320766849882431,5.9288751955433384e-05,0.8851061655532574,0.01491189102808256,4.295969600996077e-08,0.0008758306553025289,6.019100307759651e-06,2.3335261929641418e-07,0.00020635044094246332,0.00015236669170283238,8.578394079022742e-07,1.894949822000708e-05,3.5459111169389656e-06,1.6666384668321374e-07,2.1819219587636018e-10,1.7142821588052023e-06,1.2834768874491562e-07,2.5411086551770926e-05,1.8201629709214596e-05,4.329019479990937e-06,2.4643729283036986e-05,8.755306178656796e-09,0.0006407674930296727,0.09561912740321844,3.1927390418622978e-06
25,0.002381018499177768,3.409984307142117e-05,0.9216422828018525,0.005118943035367663,2.565156094466084e-08,0.0006582719143863034,3.5058025838446944e-06,7.829473713547343e-08,0.0001643853952097912,9.696793296948996e-05,2.882465976374194e-07,8.42717051369082e-06,2.809095629131944e-06,3.5355163785488893e-08,1.481710792053276e-10,9.302822151359797e-07,7.257451576354935e-08,1.4664198560168655e-05,1.5035225822581693e-05,1.9934538682280132e-06,1.5699080747417887e-05,3.91366417352414e-09,0.0002739352783122863,0.06956410751859098,2.4192867114394975e-06
26,0.00021795582561976584,0.0007404709929572302,0.7532358894369177,0.2352268852832188,1.2954682273968714e-07,0.0008776130091419983,0.000806161872576728,8.568876235939626e-05,0.0007010876310400055,0.0018713968031011101,1.0560333613337309e-05,0.0017346609997155602,1.4237862769835783e-06,3.169327784684064e-05,1.4937975618582706e-07,7.00751937212943e-05,2.1462519879008918e-07,3.505460605755634e-05,5.8138965490583076e-05,5.416354193761766e-06,0.000409752575873707,2.159087170143415e-06,0.0012709773499937076,0.0025444518989937407,6.199240234226424e-05
27,0.001925363665830633,4.0784143687324044e-05,0.898155811337729,0.010929585272618053,3.6734032263794356e-08,0.0007913841482411645,5.39737894682652e-06,2.2731821942716684e-07,0.000195807461995521,0.0001015136791740442,8.872122081293744e-07,1.5877423087586582e-05,3.0790930387144776e-06,1.0223024031996816e-07,2.5378190657810596e-10,1.5384800277321338e-06,1.1118032272717678e-07,1.9974893404878108e-05,1.8044898748162605e-05,2.98410171683025e-06,2.200312830404388e-05,8.996646200034658e-09,0.000500553365866196,0.08726636774818766,2.5558539444528613e-06
28,0.0019179261064960727,3.903011100329968e-05,0.9060305541170793,0.00976354088519839,3.578037459363924e-08,0.0007322278462233775,5.320064525135272e-06,1.8944481581004938e-07,0.00017127082648300286,0.0001031851906483724,7.363512225808696e-07,1.4173549310681897e-05,2.8667614720427114e-06,9.345834818075596e-08,2.0064436046807995e-10,1.3058275730942396e-06,9.251577699564567e-08,1.7724653447105404e-05,1.55586514767545e-05,2.85371842600697e-06,1.967698663756972e-05,6.43743926281923e-09,0.0004866351708192612,0.08067250589124907,2.489453309414409e-06
29,0.0019179261064960727,3.903011100329968e-05,0.9060305541170793,0.00976354088519839,3.578037459363924e-08,0.0007322278462233775,5.320064525135272e-06,1.8944481581004938e-07,0.00017127082648300286,0.0001031851906483724,7.363512225808696e-07,1.4173549310681897e-05,2.8667614720427114e-06,9.345834818075596e-08,2.0064436046807995e-10,1.3058275730942396e-06,9.251577699564567e-08,1.7724653447105404e-05,1.55586514767545e-05,2.85371842600697e-06,1.967698663756972e-05,6.43743926281923e-09,0.0004866351708192612,0.08067250589124907,2.489453309414409e-06
30,0.0019179261064960727,3.903011100329968e-05,0.9060305541170793,0.00976354088519839,3.578037459363924e-08,0.0007322278462233775,5.320064525135272e-06,1.8944481581004938e-07,0.00017127082648300286,0.0001031851906483724,7.363512225808696e-07,1.4173549310681897e-05,2.8667614720427114e-06,9.345834818075596e-08,2.0064436046807995e-10,1.3058275730942396e-06,9.251577699564567e-08,1.7724653447105404e-05,1.55586514767545e-05,2.85371842600697e-06,1.967698663756972e-05,6.43743926281923e-09,0.0004866351708192612,0.08067250589124907,2.489453309414409e-06
31,0.0019132678082069224,3.98743853177055e-05,0.9039123375766199,0.01002820091968994,3.652698837121904e-08,0.0007479053092283156,5.369771412783737e-06,1.9063261762074807e-07,0.00017536478928522028,0.00010406846369738562,7.545268469023966e-07,1.4454146506014246e-05,2.920793131174158e-06,9.559500934775641e-08,2.0449468436701624e-10,1.3405364217025454e-06,9.443612305158453e-08,1.782742458546053e-05,1.578104889315591e-05,2.913656586598753e-06,2.0065363556299142e-05,6.587751849318355e-09,0.0004982800692795337,0.08249632880204558,2.5206257044860255e-06
32,0.0020183128335943693,3.9866141590600024e-05,0.9037981427240218,0.009066964600242772,3.557273117828169e-08,0.0007449016379942704,5.224863287419286e-06,1.8919184584845693e-07,0.00017695829614734616,0.00010310827137703182,7.282216613609937e-07,1.4145737901752816e-05,2.947755733618227e-06,8.954402096464468e-08,2.0674198372962527e-10,1.3123042594722827e-06,9.297619412273227e-08,1.7920010714945164e-05,1.7431005173295e-05,2.813155898683546e-06,1.9870425917736126e-05,6.6189209857665916e-09,0.0004635190460200987,0.0835029909997426,2.427858265852607e-06
33,0.0018842195884167083,4.35856060297994e-05,0.8709146448824714,0.013730046974106411,4.662005290169852e-08,0.0009945632810904178,5.991207781017085e-06,2.758045282571048e-07,0.00018211783675084294,0.00013807287645014829,1.1191883043173527e-06,1.8014168269151533e-05,4.278453314750737e-06,1.5891107937188779e-07,2.2884510165922187e-10,1.9114699618533014e-06,1.6374571202243272e-07,2.3436156513109182e-05,2.0231321685667616e-05,4.536296193332668e-06,2.7449350740972643e-05,1.0413469101755606e-08,0.0007870145299542812,0.11121526702224811,2.8440660311275582e-06
34,0.003085918163846902,3.4480207534503284e-05,0.9159420119292079,0.0033476886822031114,3.2248753561611706e-08,0.0005878706633266212,3.554739103025256e-06,1.225176116081215e-07,0.0002605106846897839,3.93157921553255e-05,5.412868039647938e-07,1.0903416061987824e-05,2.878417423768e-06,3.741069676782796e-08,2.0456764738899362e-10,8.922513014495169e-07,5.510612863890819e-08,1.2806827766697559e-05,2.546198096802875e-05,1.4517158175700302e-06,1.1869295376439434e-05,3.937761390316426e-09,0.0001578252394086351,0.07647227837884779,1.4889026367815296e-06
35,0.003479989618873546,2.824865992198936e-05,0.9272525565300546,0.006986810434940981,2.1833779279655486e-08,0.00042572726824741054,4.681263723447996e-06,1.7459407615982492e-07,0.00018645166248840658,7.948413745501022e-05,4.086968105943285e-07,1.3415444327329622e-05,2.3937999876230845e-06,5.203265624994322e-08,1.3798235971657413e-10,8.481103805769257e-07,7.433864394792093e-08,3.3146165953417e-05,1.348245855038423e-05,1.509601440045695e-06,1.5935996842447294e-05,6.105657937039365e-09,0.0001926041333371173,0.061279784765595785,2.1922082733323365e-06
36,0.0024472743494893274,4.026425570371851e-05,0.9211714913092616,0.01062933175324983,3.3585957275928086e-08,0.0005364439498674191,7.104866714674511e-06,3.743191711535381e-07,0.00021606661371634502,8.465789175492393e-05,8.599585988115434e-07,3.2933562798845414e-05,5.065539317936601e-06,1.2721170572410907e-07,3.3171026408681383e-10,1.9822781819457123e-06,1.2072369911242672e-07,2.109369014946904e-05,2.1757278084710192e-05,2.856459222170632e-06,2.006511399555618e-05,1.237961164447673e-08,0.00033765548564013815,0.06441940380269029,3.023289707004961e-06
37,0.00184749507584349,4.098174544308731e-05,0.907250807543074,0.01024775710301427,3.8114177796353795e-08,0.0007764530646882842,5.613504417214231e-06,2.1163350244408166e-07,0.00017817013527018065,0.00010536067259943712,8.119504265251646e-07,1.4970830108170217e-05,2.9027103355411305e-06,1.052527759676025e-07,2.265834224774358e-10,1.430715776761915e-06,9.640454536043294e-08,1.7605802521300558e-05,1.6282820894108363e-05,2.9633947417270937e-06,2.0498895562050627e-05,7.014836897772609e-09,0.0005099950593873893,0.07895685686994741,2.58345952714538e-06
38,0.0016351237886176808,6.015525229796696e-05,0.8634468182585263,0.030206135400727415,4.0172669529542746e-08,0.000669109669570075,7.395770689180936e-06,4.087566989486004e-07,0.0001823576612667503,0.00015618352526812045,1.437113645313208e-06,3.402758383541685e-05,4.183594147193827e-06,2.523001022786073e-07,2.269751393707927e-10,1.5992951620785847e-06,2.4930925275674145e-07,3.058968541130535e-05,1.6638192006257172e-05,5.640406782577266e-06,4.595318929711309e-05,1.9803858552337834e-08,0.0012844076760214667,0.10220751493980448,3.7584273659747273e-06
39,0.001287632389250721,1.554546950294435e-05,0.9264409958913298,0.005942534561356941,2.152824831347355e-08,0.0007643692664859075,3.4907920526299063e-06,1.7515115350613178e-07,0.0001223181467765582,7.153764711313658e-05,4.94582239205881e-07,8.165488958021674e-06,2.7611261176167953e-06,4.028094102412744e-08,1.6058482206229803e-10,1.2386376711436636e-06,7.902038483558676e-08,1.3821344232053681e-05,1.3354088320100783e-05,1.8551520988166278e-06,1.794934440440472e-05,4.716520578566414e-09,0.0002816958943292272,0.06500842023687405,1.4990830534457287e-06
40,0.0018445579634652019,3.650779162989966e-05,0.9256577767792254,0.007678399771427887,3.2502604306368074e-08,0.0006300299272131337,5.283320525032532e-06,1.6799559396760925e-07,0.0001618500559072486,8.474606091670868e-05,6.416616753529722e-07,1.355197173032258e-05,2.4892417756827897e-06,8.141626103841727e-08,2.0054000215491782e-10,1.068675206558531e-06,7.050458889400707e-08,1.4122399889947425e-05,1.4072098116773858e-05,2.149166415945308e-06,1.6289740850242423e-05,5.385457098078274e-09,0.000392043239433632,0.06344168137896176,2.380750587860091e-06
41,0.0020931624674626562,2.5805510077742106e-05,0.9380131711468581,0.004631750394173687,4.349171809990475e-08,0.000547253116671495,4.446819971279195e-06,1.2181219002077e-07,0.00021966944946331143,4.216123923545711e-05,4.884208703371443e-07,8.875360153204774e-06,2.5545835741009117e-06,4.022537292933287e-08,2.1291676305075213e-10,1.2590560903455286e-06,4.2552410255586e-08,1.0512159962851637e-05,9.40933122951168e-06,1.8089250175413643e-06,9.103588928932344e-06,2.528589644183258e-09,0.00018189226679827614,0.05419469241923641,1.7329210269457036e-06
42,0.0014584910869463322,3.202351029450662e-05,0.8947813068827277,0.01099815319142875,2.4091848535814047e-08,0.0007506603210159625,4.8644542828036375e-06,3.015713928245233e-07,0.00018251823584199408,0.00010881667532382732,7.432368312273518e-07,1.819991218240776e-05,3.620666055866184e-06,6.974502138835319e-08,2.7426065895990024e-10,2.186545924770773e-06,1.0605469503970227e-07,1.699615887083211e-05,2.4127095306028234e-05,2.9838957976609227e-06,2.558249357350513e-05,1.1185521458035377e-08,0.0004183383257719843,0.0911679945966128,1.8797924710018238e-06
43,0.0016116240453686141,4.799212986960497e-05,0.8868992825234838,0.012792123686728617,3.581241374255316e-08,0.0011509188756863727,5.523559110036927e-06,2.434110737122236e-07,0.00015579036466280036,0.0002759913793476748,6.438507543261666e-07,1.1503027156241455e-05,3.0516950136001334e-06,1.205547238199355e-07,2.1015838353377965e-10,1.9004674239856418e-06,1.4025785437572135e-07,2.5270803496323763e-05,2.0726710334147643e-05,4.67819959108212e-06,3.5556478563180196e-05,9.869533366795457e-09,0.0007679713774523839,0.09618609167947462,2.8090307249496313e-06
44,0.0019179261064960727,3.903011100329968e-05,0.9060305541170793,0.00976354088519839,3.578037459363924e-08,0.0007322278462233775,5.320064525135272e-06,1.8944481581004938e-07,0.00017127082648300286,0.0001031851906483724,7.363512225808696e-07,1.4173549310681897e-05,2.8667614720427114e-06,9.345834818075596e-08,2.0064436046807995e-10,1.3058275730942396e-06,9.251577699564567e-08,1.7724653447105404e-05,1.55586514767545e-05,2.85371842600697e-06,1.967698663756972e-05,6.43743926281923e-09,0.0004866351708192612,0.08067250589124907,2.489453309414409e-06
45,0.0019387082509483105,4.002255189402262e-05,0.9053368388617937,0.009900067706092485,3.621718735555004e-08,0.0007343846331227865,5.367050630948085e-06,1.880776897011357e-07,0.0001716637877677217,0.00010539811063626376,7.36736466978335e-07,1.4329352860111492e-05,2.8845637933104627e-06,9.571686917916127e-08,1.9880050577257137e-10,1.2925271818346973e-06,9.425379950088014e-08,1.7938171672731877e-05,1.5615778228230626e-05,2.8935246034477784e-06,2.0028870074714644e-05,6.493851172956867e-09,0.0004996965173810139,0.08118917142452073,2.5406221333319073e-06
46,0.0020315883316503035,4.9289675639782317e-05,0.9430761329616509,0.004842782229858336,3.5027906941641827e-08,0.0004505617615341102,7.2878784454774155e-06,1.4220865351833695e-07,0.00019538942416233606,8.512508870696209e-05,4.653811338349968e-07,1.0384730748136515e-05,1.0430563132617178e-06,5.642866062861356e-08,1.7387181148689488e-10,9.301711717965116e-07,1.681995697620115e-08,9.29838241916469e-06,1.2454261892994036e-05,1.2752082691021927e-06,9.063020331813616e-06,2.113692658223102e-09,0.00022140545965536424,0.048993667518616786,1.6026850569463784e-06
47,0.002802315017749055,4.021779177266065e-05,0.9009253401959507,0.00816974506167083,3.080831964588069e-08,0.0005509517845802054,4.816815606626658e-06,1.43045764978339e-07,0.00020589405417069357,9.136739055772832e-05,4.7128277742141036e-07,1.8761404347570928e-05,4.576585927005239e-06,5.9191016579200364e-08,1.961387331369301e-10,1.4398225094729328e-06,1.0543862797802898e-07,1.8520069276867926e-05,1.863948015171512e-05,2.8002140003332544e-06,1.937631361365612e-05,7.1967683445295035e-09,0.00033377156260356027,0.08678790965950427,2.7396165935459012e-06
48,0.002285801636278824,6.354447570132427e-05,0.8389933988102972,0.009444817375447249,4.3978871099125296e-08,0.0012268613691864094,5.418479247746038e-06,2.123603078351043e-07,0.00021258356560532394,0.00016525183967468904,1.0068431996644469e-06,1.5662260990330998e-05,3.879613024628479e-06,1.2490409064115397e-07,2.354524751827475e-10,1.6670038372067499e-06,1.4549086354091725e-07,2.0718753832278335e-05,4.217657951496309e-05,4.077399669126854e-06,2.8381819474327034e-05,1.0342251186319002e-08,0.0007216654063749651,0.14676005355356894,2.4959032380044404e-06
49,0.008465539009090162,0.00014260483376724243,0.8198239151844106,0.0063334388346583635,4.14930799363723e-07,0.0016730797728260272,1.5113683351953012e-05,5.359171326493343e-07,0.0006845811002506443,0.00013790027646158102,3.1876971165220155e-06,1.7243030218489102e-05,5.49100129646056e-06,2.3756295768495788e-07,1.0649935973448087e-09,4.8526224204987384e-06,3.083117469104077e-07,5.003872044356638e-05,8.362081773128431e-05,8.171144514148532e-06,2.3617477147308912e-05,1.4376231973439279e-08,0.0005581588944699171,0.16196278285534615,5.1508806170624005e-06
50,0.001859440138149267,3.6842158504486965e-05,0.8954213121957788,0.010015634758196628,3.301297100405738e-08,0.0007789647775092939,4.389427138341562e-06,1.692561776403505e-07,0.0001943079723740648,8.404158466177746e-05,7.612451726784172e-07,1.3426468024195396e-05,2.8737913495937436e-06,8.138251780915488e-08,1.953078773319613e-10,1.3365659124975716e-06,9.028380751794935e-08,1.7359813033821783e-05,1.5587271902638295e-05,2.7148116071509693e-06,1.9602760980254173e-05,6.3114618014715355e-09,0.00044140001001028746,0.09108746465351146,2.159153939108897e-06
51,0.0013438171656401528,1.1841761286383094e-05,0.9043819070541879,0.0038962128330278793,5.357752384546716e-08,0.0008116915080015282,4.797336008385064e-06,1.1490618951575012e-07,0.00011208255757180111,5.698329132772716e-05,7.071237822976827e-07,6.772399286405075e-06,3.932058630862501e-06,3.556774297647027e-08,1.4854783526616097e-10,1.3410125351047274e-06,7.316722958115818e-08,9.490617833000906e-06,9.77533277642533e-06,2.3181632266032902e-06,1.2856762504501896e-05,2.468042336973095e-09,0.0004570884315083035,0.08887431383681599,1.7909187726813474e-06
52,0.002734200104386745,2.744133811079443e-05,0.918256688897695,0.0075968894163718406,4.131931632204986e-08,0.0014711882253226356,4.0172205904718336e-06,2.4077439221231506e-07,0.00019647534839651996,0.00011304171728008214,9.056247566461213e-07,7.351808792238959e-06,2.4303109393060116e-06,1.2707794508387427e-07,2.930366586929134e-10,1.7958397575704626e-06,1.1383705918122163e-07,4.2552638655274866e-05,1.563588364708664e-05,2.5344354781873904e-06,1.4853128958259774e-05,6.684312855214344e-09,0.00030092180078489304,0.06920761244583748,2.9338281767198606e-06
53,0.001257673739597684,3.583844873733348e-05,0.9146534358484089,0.011090932991862987,5.0563574213500926e-08,0.0005577846058005922,1.000358919151976e-05,2.4834968820935e-07,0.00014576597625961296,0.00010427312381236224,9.746765718182688e-07,1.8598956032403133e-05,2.780659878959497e-06,9.735431498822482e-08,2.380301403703955e-10,1.4028526492221556e-06,7.177003405450964e-08,1.11677676469595e-05,1.1681121202198663e-05,2.9155957885088593e-06,1.96966173189694e-05,5.89740752973069e-09,0.0007200251690053542,0.07135193449290411,2.6395942814448198e-06
54,0.002951283033382778,6.650275302679734e-05,0.9270717452671262,0.00883982154703932,4.2977970478696786e-08,0.0007511491153965899,6.117936906393604e-06,1.6255653386187687e-07,0.00020163111351522502,0.00013494587928524152,5.728595306797142e-07,1.5971395088652342e-05,2.68828966384009e-06,1.3077698276845017e-07,2.741432620996474e-10,1.3632959640089005e-06,8.493211629342102e-08,1.982015525329826e-05,1.6687157008271704e-05,2.8702537572553255e-06,1.6068729692686055e-05,6.2805474998751245e-09,0.0004087353541945147,0.05948752962602915,4.068439844867039e-06
55,0.0016478648704888893,4.569472109941572e-05,0.9082351475906714,0.010526365958829156,5.322260887801451e-08,0.0009920944135915803,6.257072342886898e-06,2.749267911419551e-07,0.0001182098512307894,0.00017104696084364076,1.1463160988939339e-06,1.0712664570947749e-05,2.227447716470531e-06,1.7111097121453646e-07,2.5071985668144277e-10,1.4261693947955566e-06,1.4089420954365074e-07,1.923213233542685e-05,1.6756299258508555e-05,4.370996503166981e-06,2.3057484094311e-05,8.22524978179464e-09,0.0009678169230222975,0.0772067931225335,3.1303748235476783e-06
56,0.0019453658896559191,3.834335022380462e-05,0.9060414503727738,0.009561398254846238,3.557368856137755e-08,0.0007193391060245485,5.373012636124978e-06,1.8948584470583324e-07,0.000174424878809435,9.97250588133038e-05,7.294316795595418e-07,1.510815580164523e-05,3.1518069447248724e-06,9.224365833325564e-08,2.0407592489961088e-10,1.3059990288712434e-06,9.455247270598701e-08,1.7549082585644592e-05,1.6037685617844486e-05,2.8310899587612443e-06,1.995329284864835e-05,6.584191089019513e-09,0.0004721641320888311,0.0808628147386375,2.516017093422853e-06
57,0.002097650697966207,4.2709068745897654e-05,0.9013195839815844,0.010354025108467996,3.3376783710897e-08,0.0005996979491052947,5.888483057269159e-06,2.110886805061062e-07,0.00019464124413666104,0.0001072828676661532,6.327162862313465e-07,2.2479628685856822e-05,4.741849245407615e-06,8.740321984180677e-08,2.09755599355493e-10,1.538453568707399e-06,1.1678371234059791e-07,1.7526858020626165e-05,1.9715039807388844e-05,3.299273952042416e-06,2.340866599011891e-05,8.67162089508724e-09,0.00046134433794900665,0.08472066690659008,2.709335401816952e-06
58,0.0019261886491899888,3.490294471142945e-05,0.89481031785569,0.008970185256680049,3.298737749050933e-08,0.0007039028974103708,4.937751631433187e-06,1.6985142329429448e-07,0.00017288338420527396,8.865585999006761e-05,7.346761378564988e-07,1.441497439038697e-05,3.0218484321130153e-06,7.849127920508668e-08,1.8016631166930568e-10,1.2392903178568957e-06,8.179559069270134e-08,1.633029251435125e-05,1.6191013318471347e-05,2.6051332917784013e-06,1.8479131100872576e-05,5.845142515661561e-09,0.00045585478121287147,0.09275662679784635,2.158310949295032e-06
59,0.0017268045676807932,3.239158111064377e-05,0.901272547663543,0.008579433961086933,3.0608880466031255e-08,0.0006565521250866907,4.606560378966582e-06,1.5756712275591742e-07,0.00015883228066194797,8.54882244352696e-05,6.562712140617182e-07,1.2545874261956191e-05,2.666108310310178e-06,6.756467642034163e-08,1.6363851580138498e-10,1.1667827940527122e-06,7.201415741521547e-08,1.4247395701991533e-05,1.4139439284987707e-05,2.5326318554323567e-06,1.732983175359251e-05,5.054328830008789e-09,0.00043824530468018286,0.08697754395315761,1.9364701969145935e-06
60,0.0019179261064960727,3.903011100329968e-05,0.9060305541170793,0.00976354088519839,3.578037459363924e-08,0.0007322278462233775,5.320064525135272e-06,1.8944481581004938e-07,0.00017127082648300286,0.0001031851906483724,7.363512225808696e-07,1.4173549310681897e-05,2.8667614720427114e-06,9.345834818075596e-08,2.0064436046807995e-10,1.3058275730942396e-06,9.251577699564567e-08,1.7724653447105404e-05,1.55586514767545e-05,2.85371842600697e-06,1.967698663756972e-05,6.43743926281923e-09,0.0004866351708192612,0.08067250589124907,2.489453309414409e-06
61,0.0017795388836532053,3.3286004357222116e-05,0.9032016772283246,0.008710543912420876,3.2217604737235505e-08,0.0006634894253269958,4.8263025217260495e-06,1.6436666853215016e-07,0.00016101152918978948,8.863996525794331e-05,6.69219717419119e-07,1.2884679537162923e-05,2.771120698012258e-06,7.167496150904665e-08,1.7235399119920193e-10,1.1863423597636324e-06,7.692249139727256e-08,1.5122213087150445e-05,1.4235906830364162e-05,2.603192025839117e-06,1.7866177305882746e-05,5.327730852980187e-09,0.0004443626628508017,0.08484286716222479,2.0673904993228926e-06
62,0.0019179261064960727,3.903011100329968e-05,0.9060305541170793,0.00976354088519839,3.578037459363924e-08,0.0007322278462233775,5.320064525135272e-06,1.8944481581004938e-07,0.00017127082648300286,0.0001031851906483724,7.363512225808696e-07,1.4173549310681897e-05,2.8667614720427114e-06,9.345834818075596e-08,2.0064436046807995e-10,1.3058275730942396e-06,9.251577699564567e-08,1.7724653447105404e-05,1.55586514767545e-05,2.85371842600697e-06,1.967698663756972e-05,6.43743926281923e-09,0.0004866351708192612,0.08067250589124907,2.489453309414409e-06
63,0.0019903557424624306,4.439766972964938e-05,0.9062477678228973,0.009661460298948814,3.643204923937839e-08,0.0007203548477325417,5.37624439376972e-06,1.8523961482047392e-07,0.00017695081091240612,0.00010878043649403507,7.082955056001158e-07,1.4566318887454483e-05,2.844415655497676e-06,9.478759775424003e-08,2.075229525893395e-10,1.2938273212807642e-06,9.169350474243245e-08,1.7195940460345173e-05,1.668966413431667e-05,2.956169948117561e-06,2.026081145280599e-05,6.566350016965912e-09,0.0004895422762210654,0.08047554784742213,2.535632781048612e-06
64,0.0018228040049787753,4.104881093755279e-05,0.9037649264786428,0.010367194506289572,3.48965265750216e-08,0.0007395240988588654,5.434439319658059e-06,1.8633512719220225e-07,0.00017219518453843365,0.00011323704256263153,7.04950381466757e-07,1.501765539842363e-05,3.022386770180382e-06,9.460515360050739e-08,1.996093356986212e-10,1.2947037008244105e-06,9.604032896147205e-08,1.7660838541189366e-05,1.5849853532570157e-05,2.9383252986793344e-06,2.2994517998117744e-05,6.8976910246836194e-09,0.0005263781704443269,0.0823647807220999,2.574335269426422e-06
65,0.0015227131274747068,4.2246211910202204e-05,0.9257891779158159,0.011304511855399794,3.4585937353592685e-08,0.0007005537885555618,6.510276623384971e-06,2.3179102449080463e-07,0.00011635966468043142,0.00016352148403011216,6.594517930885227e-07,1.2832770546126637e-05,2.1508435813331264e-06,1.2246221737488434e-07,1.9867141810209888e-10,1.171354498207735e-06,8.875754995429678e-08,1.6676012910050474e-05,1.2666511654200852e-05,3.2523245903524007e-06,2.1605165887407693e-05,6.2114147843478106e-09,0.0006622263264730214,0.05961774202138658,2.938885374094058e-06
66,0.0018339424004536105,3.298304135875812e-05,0.9050921364051024,0.0077462242180691455,3.699520478399119e-08,0.0007245031556522277,4.68820336125636e-06,1.4834109624535016e-07,0.00014982832384484074,0.00010015129705832322,6.163355359344745e-07,1.0597856617733875e-05,2.8426269859512888e-06,6.78640540969328e-08,1.6670274560811184e-10,1.1563132216362882e-06,8.625825700073575e-08,1.5257484653119444e-05,1.39900480550366e-05,2.9450273196715267e-06,1.844028828668654e-05,4.756019566925194e-09,0.00047952783918050893,0.08376759199386309,2.2327600454716693e-06
67,0.001178417034884548,2.622583031309105e-05,0.8603999968604199,0.01824385653843587,3.467250020802356e-08,0.0014107390675037917,3.8661775888814e-06,1.985150874521036e-07,0.00011135674111540594,0.0001591176127792536,9.396580708759351e-07,1.1414362696497328e-05,4.226296877115688e-06,1.7192026671330675e-07,1.3485723718339312e-10,1.7078003190514413e-06,1.6095272833998374e-07,2.15387541967953e-05,1.0951402342881482e-05,5.574992116974221e-06,2.6479851071879212e-05,6.111929838177912e-09,0.001160537409089304,0.1172197872107197,2.6940920883628823e-06
68,0.0019854700180394094,4.044907318603548e-05,0.9044212692094121,0.009665562281244756,3.8963278827173544e-08,0.0007707959530224556,5.511947489748693e-06,1.9778620750166316e-07,0.00017949391137105688,0.00010486232639081895,7.817663260059787e-07,1.4379723041508713e-05,3.0188742461566723e-06,9.745279112400744e-08,2.2053969637825662e-10,1.4014286729224664e-06,9.839795625352538e-08,1.8305872104932848e-05,1.6565354766324473e-05,2.990862288640498e-06,1.98474268630251e-05,6.770270291388023e-09,0.000489161141446605,0.08225709826385116,2.5949751926220834e-06
69,0.0011988586084159013,3.246334823090338e-05,0.8837824898409454,0.01084051047693099,3.3879083703986994e-08,0.0007221886438239315,4.824847531956289e-06,1.8726628123562534e-07,0.00013915224605284878,9.01274019386261e-05,8.773600896530914e-07,1.291580222101296e-05,2.5325016334081778e-06,7.865701989291903e-08,1.6763128512851497e-10,1.2973477517157136e-06,7.081920745167578e-08,1.0954609432535965e-05,1.3661022740516135e-05,3.2441759108783785e-06,2.109193861573126e-05,4.957654662983832e-09,0.0006787631804812658,0.10244198084618414,1.6900541904669144e-06
70,0.001892522461707714,4.0617303145229237e-05,0.8983564867424171,0.00970963744635734,3.6341291688051544e-08,0.000767000278379839,5.378116673920053e-06,1.8510366230878507e-07,0.00017574417957906324,0.00010549216868650882,7.800286393301067e-07,1.4335729800699598e-05,2.8597512338997334e-06,9.259508644536202e-08,2.0208505097546912e-10,1.2969225534615938e-06,9.277196627740271e-08,1.7438579164030544e-05,1.7107747581723882e-05,2.8293582427924267e-06,2.0930459744919954e-05,6.684817685119815e-09,0.0005205153209935518,0.08834617578968049,2.43791650871989e-06
71,0.0024343772250130327,9.650866409703629e-05,0.8511855399643752,0.016401010243553775,1.0849884914535087e-07,0.0007810203156976989,9.034547309976e-06,2.4609198191655454e-07,0.00022197685400311782,0.00024593148073514696,8.13822599170023e-07,2.137832244539482e-05,5.951663530555513e-06,1.775651279560517e-07,2.3501145507532117e-10,2.6163020513561805e-06,1.678814462744903e-07,1.7841156213906872e-05,1.8070500145368112e-05,1.2609017190748886e-05,3.086638388180302e-05,6.947944962625471e-09,0.0012931832923649283,0.12721645234822695,4.110676202916784e-06
