,0,1,2,3,4,5,6,7,8,9,10,11,12,13,14,15,16,17,18,19,20,21,22,23,24
0,0.009707116647488055,0.0042780018739593025,3.8832353272226024e-05,3.336473980096553e-05,9.0224405272845e-05,0.002015383428106242,0.001259583782318672,1.206965670456651e-06,0.0002680303366493847,0.009242948388590619,0.0029736850702280094,0.001518545800835815,3.873537444378591e-06,0.24451172027572024,0.002185947108567021,6.969768784143564e-05,0.010117444882602267,0.01044077810755461,0.00042912639162671575,1.2049077343898007e-05,0.04422796460624888,0.17773178897971817,0.002823350465605489,3.6687601749539936e-05,0.4759826474857846
1,0.013097737108234054,0.005184065928657622,4.0896080698951295e-05,4.118926784285411e-05,0.00012301182968090204,0.0019568817965421666,0.0014763237748245783,1.5939496084649021e-06,0.0005811896457069811,0.01353739261526529,0.003050777336105789,0.001212574580545993,4.359531836604378e-06,0.22168917444963612,0.0021918710514565996,0.00010318598866397562,0.01142142059535581,0.009728790554598125,0.0004842713689060924,1.1615816949818998e-05,0.032418685732802835,0.1720817126023657,0.002707290144563479,4.9233677081613366e-05,0.5068047545720695
2,0.006522268367583141,0.002445716027288422,2.103913582499984e-05,1.904715176499412e-05,7.822693942514777e-05,0.0008885854540962769,0.0009353656558798298,7.975486789197285e-07,0.0003087238424553414,0.007715325010301601,0.0017117650259262888,0.0006165404521442032,1.7345777420048916e-06,0.19595976684626448,0.0017839700965121468,3.6983003862923925e-05,0.004833797768811161,0.006317656283901809,0.0002624045778408212,1.0626672573508881e-05,0.022407142297998523,0.16523051867637778,0.0024737983712501068,3.165851145573824e-05,0.5793865417040399
3,0.009620371107746682,0.004322671516248819,3.532175980005195e-05,3.432942965491817e-05,9.29125371575223e-05,0.0015699893862350818,0.001164330907184839,1.0504437289807125e-06,0.000279277125172156,0.008091611868014912,0.003189397905093416,0.0014540099694611806,3.7327079588375412e-06,0.25262515846840616,0.001995776321725303,5.980589869310758e-05,0.01031761629364761,0.010394840976143602,0.0003396364627969268,9.169884424967822e-06,0.038131631594866926,0.16677233083159101,0.002632895320337176,3.635224161585064e-05,0.486825779042294
4,0.009628763392278361,0.005063139086787875,3.82873394632223e-05,3.680081982293411e-05,0.00010264495478873682,0.0015407475475147571,0.001135082503501448,1.0677336557375243e-06,0.0002730716624871925,0.007536654621227367,0.003724389920310935,0.001856942432747058,5.119385492977865e-06,0.2810964329532429,0.0017427827152296416,5.875076770010971e-05,0.011453281716652448,0.011440443043785364,0.00035449023507397293,8.921634140149171e-06,0.03865907996039312,0.16640226175568507,0.002533186392237349,3.3931935102916714e-05,0.4552737254906784
5,0.01107129317302576,0.0028592175193728336,3.191043057193216e-05,4.023904413572531e-05,7.406394539499235e-05,0.001138024341122605,0.0010118813849724663,9.620529544077238e-07,0.00023778616669954995,0.008285011967029804,0.0027226142490202106,0.0014345735651889824,3.2878598062927765e-06,0.25475936127861504,0.0012859670821589136,5.777050102190422e-05,0.010859330701901667,0.017258027401606642,0.00022341417819369012,1.0096323152974884e-05,0.03359589613859784,0.13117762165577657,0.0025135175479858995,4.2555192693922066e-05,0.5193055762989993
6,0.009620371107746682,0.004322671516248819,3.532175980005195e-05,3.432942965491817e-05,9.29125371575223e-05,0.0015699893862350818,0.001164330907184839,1.0504437289807125e-06,0.000279277125172156,0.008091611868014912,0.003189397905093416,0.0014540099694611806,3.7327079588375412e-06,0.25262515846840616,0.001995776321725303,5.980589869310758e-05,0.01031761629364761,0.010394840976143602,0.0003396364627969268,9.169884424967822e-06,0.038131631594866926,0.16677233083159101,0.002632895320337176,3.635224161585064e-05,0.486825779042294
7,0.012898987738453166,0.0063177432800697216,5.6306991672702234e-05,4.157043845321503e-05,0.0001135692909153546,0.0017949383392613124,0.0013235662554857543,1.3224173414657234e-06,0.0002904023296382416,0.008578359678245651,0.004749838504635549,0.0019165998941864737,6.2973289580858096e-06,0.2676777811127498,0.0022778162127175864,6.287975090532187e-05,0.012599401489837068,0.011758846731778785,0.0004607387134199485,9.16723729685048e-06,0.043297515538994864,0.18962232949950034,0.002355198906332336,4.41071216583574e-05,0.431744715197492
8,0.0060137188830934815,0.0017376211891289629,2.0561758069898164e-05,2.540599434163343e-05,6.024255261535131e-05,0.0005844371173231456,0.0007139572882257907,4.511732996392404e-07,0.0002595840466096896,0.007303146596735656,0.0019528880169361388,0.0003619756224899942,1.008602107072064e-06,0.21742462822391148,0.0019431149167099333,2.4769792544653596e-05,0.004239732028094353,0.006189920682220804,0.00010746848799466137,6.042083966844814e-06,0.01887424911397529,0.12385090021043448,0.0020530883968465424,6.43173646275529e-05,0.6061867698576969
9,0.00992679831909343,0.006520780772963456,2.91662263729574e-05,2.61900550327309e-05,0.00010232877852599079,0.0017007681292370272,0.0014254873477398925,1.0156436576134176e-06,0.0002515841309749915,0.006014892797524352,0.003111158928000095,0.002240610182210272,4.457277136925535e-06,0.2237070469855259,0.0018616431700275641,5.978222525504412e-05,0.010401597952739042,0.010907448254522579,0.00042211787449075104,7.22431858672874e-06,0.040870585833748425,0.15234412002570824,0.0023662922595257103,2.0463651847423332e-05,0.5256764388595528
10,0.009620371107746682,0.004322671516248819,3.532175980005195e-05,3.432942965491817e-05,9.29125371575223e-05,0.0015699893862350818,0.001164330907184839,1.0504437289807125e-06,0.000279277125172156,0.008091611868014912,0.003189397905093416,0.0014540099694611806,3.7327079588375412e-06,0.25262515846840616,0.001995776321725303,5.980589869310758e-05,0.01031761629364761,0.010394840976143602,0.0003396364627969268,9.169884424967822e-06,0.038131631594866926,0.16677233083159101,0.002632895320337176,3.635224161585064e-05,0.486825779042294
11,0.010030877877629003,0.004823958505839797,3.889256537937506e-05,3.747729351238344e-05,9.850039456475681e-05,0.0016934847456586254,0.0012352695392000782,1.2087467866628275e-06,0.0002892678090901337,0.00810538443019363,0.003445474969378957,0.0017160955847553285,4.750682484295915e-06,0.26201218189209396,0.0019580586581127435,6.596803795677031e-05,0.011821054344422105,0.011103475465358368,0.0003801926923340019,9.622029533153008e-06,0.03884328180376819,0.17310745294658178,0.002667691770378795,3.554566820280736e-05,0.4664748315467844
12,0.0025639940806835254,0.0027363797594009637,9.555537784253916e-06,9.83312137193903e-06,0.00013687851219034528,0.000633993738931183,0.00035768600585814515,7.699716376840912e-08,7.33766799021428e-05,0.001410522568974963,0.00083961005725809,0.0010872031358627552,9.326325404563815e-07,0.2566913992465957,0.00031971070448328796,1.2058172308760785e-05,0.0016840240591011117,0.010974733562404257,5.6025020417072506e-05,4.324992789992944e-06,0.013640211345877389,0.017140683385332853,0.0013726614337486445,6.0015739501718384e-06,0.6882381236750683
13,0.008542906266917054,0.005789897113976997,4.9732452033579646e-05,5.781794298480507e-05,0.00015462327453780127,0.0012689940506602083,0.0008852652315109804,7.126190657672169e-07,0.00018940443025708387,0.004757633792351279,0.016495001466771273,0.0023603638585781074,8.393601002162046e-06,0.42224577353717063,0.003381505843601414,4.8949113251545845e-05,0.011439702113577137,0.00897305182786272,0.0003327372407832682,5.30499124761462e-06,0.05757065212559447,0.1552411319617919,0.0036229316634828704,5.662580352534293e-05,0.296520887677464
14,0.010417933161083914,0.046685587506364916,5.168422601500099e-05,1.2701875276165351e-05,0.00032719945312020127,0.006568787403661311,0.001168711196631871,3.3866071839836304e-07,7.742045398168647e-05,0.003925602671382166,0.011092289433535005,0.016534307440347194,2.2414392286855797e-05,0.40957765423757914,0.0015452734245044557,8.535339006831607e-05,0.00809032171630118,0.011517447850537429,0.0020761649956313505,5.193668912046069e-06,0.08769287767340418,0.08932228660259255,0.0012623746998459767,7.571830248047502e-06,0.2919325020359705
15,0.009620371107746682,0.004322671516248819,3.532175980005195e-05,3.432942965491817e-05,9.29125371575223e-05,0.0015699893862350818,0.001164330907184839,1.0504437289807125e-06,0.000279277125172156,0.008091611868014912,0.003189397905093416,0.0014540099694611806,3.7327079588375412e-06,0.25262515846840616,0.001995776321725303,5.980589869310758e-05,0.01031761629364761,0.010394840976143602,0.0003396364627969268,9.169884424967822e-06,0.038131631594866926,0.16677233083159101,0.002632895320337176,3.635224161585064e-05,0.486825779042294
16,0.012173170499400922,0.007316455158422186,5.795673698339197e-05,4.3556490069871824e-05,0.00015598671042448808,0.002514811063423754,0.0015566740136214354,1.8274200345514018e-06,0.000626750233677703,0.007607077605879404,0.004615163428698062,0.0011602709912035968,6.3671571530011025e-06,0.2489218525621857,0.0037500602535984287,7.88015923369785e-05,0.012891749181381931,0.006275344003231211,0.0005977364342273523,9.840680717707973e-06,0.0255751870395762,0.20071432779277504,0.0036314913248839354,5.384904894733601e-05,0.45966369257714584
17,0.007191706939518877,0.002822296307103964,1.8549506238115685e-05,2.0272377348275336e-05,5.243841071532092e-05,0.0006347119391581388,0.0006628211360821584,6.398839961052158e-07,0.00011939890664017374,0.00413407885777389,0.001874327277915949,0.0022853329107261305,3.2264269937039938e-06,0.25885543308992137,0.000601978268396655,2.8017285759505115e-05,0.00950878070817089,0.01787683453782695,0.00018733865610924292,7.167458823220414e-06,0.031898720295911565,0.1351889075633738,0.0020530035379447203,1.46888218793912e-05,0.523959328895672
18,0.014965333455886465,0.010000004396356234,0.0004332206319832144,0.0002665876843522887,0.000879291620605743,0.008496014847962958,0.002483126276566548,3.4014250606981678e-06,0.0006421889879733546,0.016881570436598776,0.02001416665781171,0.0011679371494241109,1.0932144809631632e-05,0.37728274954545576,0.021991910725451067,0.00022730766294909332,0.009319211542470346,0.004728637433800763,0.0012689644765654954,1.7990009014820268e-05,0.1200217552485545,0.1792384591195373,0.004743985681719029,0.00022499145469301915,0.20469026138439708
19,0.009502111918011527,0.00518943991255241,4.993428426912833e-05,4.252441499368687e-05,0.0001215718222719491,0.0014090264371311115,0.0013363511487177596,1.4088247755271644e-06,0.00026429596731814047,0.007228830519822795,0.0034945630826116814,0.0021623017919112086,5.74417510280666e-06,0.2759137413316362,0.0018737627620048535,5.755246012390364e-05,0.01152512546667883,0.012273040135362253,0.0003961069283869205,9.42029725175792e-06,0.03999654231978941,0.1980619088331897,0.002097104324462316,3.098578509708884e-05,0.4269566050565269
20,0.007031957780528067,0.004039742170329768,4.362754672614568e-05,3.6364079356656845e-05,9.325902787267245e-05,0.0014594683764573417,0.0015925666722840775,1.6403826610544175e-06,0.000241411868538662,0.0075479582500439435,0.004073792797916939,0.0009724880392462213,3.1233918160391765e-06,0.20165017659882128,0.005712613311210567,4.986407733003693e-05,0.007645929248929626,0.004733389338049133,0.00046337662262257935,8.340486184650615e-06,0.05945837635247318,0.28753342405452664,0.003062365660158442,4.099494231487182e-05,0.40250374892360147
21,0.009961947387359707,0.004395684632968631,2.9951975514967587e-05,3.029857349260399e-05,0.0001109987416988717,0.0010511498100162662,0.0007174333220906028,6.180528953558929e-07,0.0001696523332645806,0.008470835345173027,0.003300293456153703,0.0021959492455261138,3.306365605351149e-06,0.29381380579058175,0.0010707302768282142,4.901090263544607e-05,0.0076750580400842365,0.015611604676052441,0.00027642992172015535,7.988462703199942e-06,0.05435646221765845,0.1208415386148544,0.0019524262444562154,2.7541644984263118e-05,0.4738792839656814
22,0.011365465441644058,0.003253269638627558,4.864329383316121e-05,5.143646169374356e-05,7.273085445364349e-05,0.0014791619665158787,0.0009262455267191785,1.122497086900895e-06,0.00020087539510536264,0.011164377955997581,0.004144676131579758,0.0018100345184473164,4.044831825249371e-06,0.2949242248572741,0.0017493125387181858,6.578341095034808e-05,0.015806676296924352,0.015860678031391587,0.0002879289384607664,1.0046304987398794e-05,0.05584532074283668,0.19354154107533553,0.002376565133202941,4.982277492243953e-05,0.38496001538146624
23,0.009620371107746682,0.004322671516248819,3.532175980005195e-05,3.432942965491817e-05,9.29125371575223e-05,0.0015699893862350818,0.001164330907184839,1.0504437289807125e-06,0.000279277125172156,0.008091611868014912,0.003189397905093416,0.0014540099694611806,3.7327079588375412e-06,0.25262515846840616,0.001995776321725303,5.980589869310758e-05,0.01031761629364761,0.010394840976143602,0.0003396364627969268,9.169884424967822e-06,0.038131631594866926,0.16677233083159101,0.002632895320337176,3.635224161585064e-05,0.486825779042294
24,0.007956070913189466,0.004080570201705039,3.439780691718625e-05,4.703357467365218e-05,0.00014117784538762078,0.0012898368457204207,0.0009839023164919434,9.261282106881774e-07,0.00024020123758339542,0.006572677603023171,0.0035801634602460886,0.002080276942305829,5.26202393451836e-06,0.357305070707201,0.0012971798157220768,6.737634891940236e-05,0.009632931023190483,0.014063575015011936,0.000274122139770572,9.154173165800893e-06,0.03513605519550929,0.12046038760255386,0.0026600533485552887,3.0440914748167292e-05,0.4320511568162631
25,0.01462778955523609,0.0037724834000366202,5.02086816463449e-05,7.069819841030544e-05,0.00012552258176423863,0.0011286334503830056,0.0017396979171781675,2.1623578039603064e-06,0.00024505065390651083,0.009369478490753223,0.006544430343104425,0.002208534277210794,7.561382667951705e-06,0.27246154431004865,0.0025215436056723185,9.827584258538333e-05,0.01315036458183208,0.01710991600060021,0.0004792759964162391,1.0634858179732503e-05,0.06209897543648391,0.19596913800478852,0.0032683674545365997,4.6117976714595045e-05,0.39289359464204016
26,0.015787389163433994,0.0041306524502842295,3.796888585919097e-05,5.086930590766209e-05,9.897079441780729e-05,0.0016638070390692455,0.0010408937113507378,1.3926402247179953e-06,0.0006990594888932004,0.007262022887147195,0.0033990232902606746,0.000857492717883582,3.68847784886313e-06,0.20693510055734046,0.002078925342610487,6.355034824001252e-05,0.014298805941381668,0.009753861280451187,0.00025983633061541254,1.043509356406169e-05,0.023078460294909488,0.12326826190622997,0.004858345200810998,8.665614936035077e-05,0.5802745307019047
27,0.00680858483747132,0.00345026354242964,2.3853785486858476e-05,2.203397080298354e-05,7.324650606362516e-05,0.0011750980068146563,0.0011717446829053858,9.384185755829641e-07,0.0003796724769023065,0.008076028271572505,0.002235934096721572,0.0007521547180359743,2.2406094765215545e-06,0.1955896556926194,0.002487255721585861,4.4369798777810126e-05,0.00731321984506002,0.005545697175984953,0.00028677006199470705,8.47201990455129e-06,0.023839584875216164,0.20751074052706056,0.0023667763909060524,3.702678744564985e-05,0.5307986371801854
28,0.009620371107746682,0.004322671516248819,3.532175980005195e-05,3.432942965491817e-05,9.29125371575223e-05,0.0015699893862350818,0.001164330907184839,1.0504437289807125e-06,0.000279277125172156,0.008091611868014912,0.003189397905093416,0.0014540099694611806,3.7327079588375412e-06,0.25262515846840616,0.001995776321725303,5.980589869310758e-05,0.01031761629364761,0.010394840976143602,0.0003396364627969268,9.169884424967822e-06,0.038131631594866926,0.16677233083159101,0.002632895320337176,3.635224161585064e-05,0.486825779042294
29,0.009620371107746682,0.004322671516248819,3.532175980005195e-05,3.432942965491817e-05,9.29125371575223e-05,0.0015699893862350818,0.001164330907184839,1.0504437289807125e-06,0.000279277125172156,0.008091611868014912,0.003189397905093416,0.0014540099694611806,3.7327079588375412e-06,0.25262515846840616,0.001995776321725303,5.980589869310758e-05,0.01031761629364761,0.010394840976143602,0.0003396364627969268,9.169884424967822e-06,0.038131631594866926,0.16677233083159101,0.002632895320337176,3.635224161585064e-05,0.486825779042294
30,0.009620371107746682,0.004322671516248819,3.532175980005195e-05,3.432942965491817e-05,9.29125371575223e-05,0.0015699893862350818,0.001164330907184839,1.0504437289807125e-06,0.000279277125172156,0.008091611868014912,0.003189397905093416,0.0014540099694611806,3.7327079588375412e-06,0.25262515846840616,0.001995776321725303,5.980589869310758e-05,0.01031761629364761,0.010394840976143602,0.0003396364627969268,9.169884424967822e-06,0.038131631594866926,0.16677233083159101,0.002632895320337176,3.635224161585064e-05,0.486825779042294
31,0.015280491820303197,0.0038518313041476493,4.8011838302136074e-05,3.176391046090575e-05,8.492736845869946e-05,0.000992316955093579,0.0009441116030445756,1.411273703986769e-06,0.00022023332309538426,0.007444105447517211,0.0022247753514818007,0.0017043971626785307,4.13732435819621e-06,0.20343151624425382,0.0011070983360731267,4.588585378779574e-05,0.010330854273769438,0.017779116397704856,0.0003779352532782218,1.0978610382697506e-05,0.035429676574532484,0.15806367905208937,0.0020992135127618407,3.187148371104436e-05,0.5384596597250094
32,0.009339178733652427,0.004481588842709224,3.5911897097208106e-05,3.061313648225874e-05,9.611747493399235e-05,0.0016294846749701853,0.001205188790927446,1.1335678740005349e-06,0.00026862845602986776,0.00791489085178696,0.0031384174816173347,0.0015211229387977452,3.932784292890055e-06,0.2436401040753744,0.002112791340211561,6.145241633491945e-05,0.009733666720396876,0.00958852632031485,0.00042134506917602797,9.898776551277475e-06,0.039115971159785684,0.18236108760017852,0.0026788207793932988,3.264040074766583e-05,0.4805774857103634
33,0.008410689465280992,0.004123174953584263,3.121697853552608e-05,3.601910851895517e-05,5.0847885252625466e-05,0.001595329670051015,0.0012641672912930644,1.472421110128446e-06,0.0002689514749992028,0.008844187421825807,0.002616905991230596,0.0028181609481681513,8.72868092835356e-06,0.31283316979433407,0.0008678063896198684,7.90327837319072e-05,0.025576730405669264,0.01696420913486486,0.0003136174243395958,9.628593190460271e-06,0.0234650521351371,0.24741461314514782,0.0016872193791596661,2.2963290654758786e-05,0.34069610523337196
34,0.01617628990861695,0.005880739944142077,3.835804632359482e-05,1.6190842968520016e-05,0.0001319248400459367,0.0006376972873701742,0.0007347939592114827,8.897946853280655e-07,0.0004020131406887504,0.006411254389288439,0.004102877377648497,0.0008277589760990146,3.5606655453332515e-06,0.17767705547620374,0.0018843108709649242,2.5469889842566066e-05,0.0047697709844585065,0.0055330000985358355,0.000676869718150971,6.636621723098425e-06,0.023041738302875175,0.1968582427999833,0.002193588399404304,4.6154898849784194e-05,0.5519228127663737
35,0.012283300579140849,0.004328090306143807,3.364036335971776e-05,3.2173903052729605e-05,8.073788682078994e-05,0.0012836911742710603,0.0011598223641927222,1.2035240529931406e-06,0.0003043134783064883,0.00879076204645458,0.002699612022606885,0.0015710604723850722,3.848914929074739e-06,0.22175574175746354,0.0015024264183040661,5.920740052056664e-05,0.011556003751822707,0.013096457658006676,0.0003415897679232515,9.000421594892166e-06,0.03405199152217119,0.17025312980302953,0.002218504380863987,3.425002695174304e-05,0.5125494400556311
36,0.005187609697615894,0.002838440272385146,1.6059250020758037e-05,2.4316958150925543e-05,2.942116782661176e-05,0.0016073776469297584,0.0014811908428370433,2.0537793226319114e-06,0.0004229532606357757,0.007727161365012556,0.001136774106897616,0.0019268579832042677,5.17646894954456e-06,0.2116286366754015,0.0009938918860256537,9.249377565022875e-05,0.03135553266126329,0.010060366334158737,0.00025649764009387884,9.908971016613765e-06,0.013197657562388023,0.3367196605610663,0.0019122834817762479,1.453445231162136e-05,0.3713531431990594
37,0.01417247439319408,0.0025934545307741324,4.447292305349311e-05,4.959474187211609e-05,7.327624726965208e-05,0.0008842318440214174,0.0008242636734826145,7.289463577661107e-07,0.00019673808008855803,0.008432086383541919,0.004014477909058266,0.0012029331911983159,2.97859369587825e-06,0.28283858709840837,0.0014440909801136598,4.3117034636117685e-05,0.010213342531438503,0.019306342699545186,0.00018515640371094088,8.27997681727536e-06,0.03378816431491251,0.12264244753163596,0.002202519500831232,8.075221775858389e-05,0.49475548825258353
38,0.009288191396322979,0.00532077352550772,4.649863441807461e-05,4.620112794758309e-05,9.58609572385652e-05,0.005178847461816524,0.002219502507324391,1.8813809786266582e-06,0.0002291395750706341,0.009731068095343728,0.004466666930253214,0.002265721317044261,6.521941385484963e-06,0.2619855392454285,0.00416491906635899,0.0001662897313503718,0.015387730113517796,0.01015259107536168,0.0007493709697401181,1.5198133761969816e-05,0.07334363661253653,0.1923893368606488,0.004673967514316832,3.426499906540515e-05,0.3980402808272612
39,0.007264211847984662,0.002914105405084734,2.5682087455521987e-05,3.31023047330291e-05,6.18450005403158e-05,0.00183769758817548,0.0014721114529704453,1.4311119874085974e-06,0.0002052004038670417,0.007093768681758964,0.0020123746822615493,0.0013764382228084796,2.89261848958432e-06,0.1848514948731608,0.002266536925053802,7.400761157054434e-05,0.011056335362921192,0.009451613383770997,0.0003458034344636096,1.0954325688394867e-05,0.050221215144506504,0.17238798919829798,0.003663444354781051,2.45514776671169e-05,0.5413451925000008
40,0.009592236227618045,0.004329547659122162,3.537012949366808e-05,3.420473621490413e-05,9.307851777356844e-05,0.0015705627474340387,0.0011620688908154063,1.046245326252276e-06,0.00027835035955814505,0.00807606055688009,0.0031876874920427197,0.0014553003474255012,3.7273835090561196e-06,0.2528815892765955,0.0019966874448798084,5.959365850327518e-05,0.010281238181188417,0.010373134971462968,0.0003398822935948085,9.164922999952728e-06,0.03812586880702226,0.16688677254341525,0.002625098457931553,3.626735207422052e-05,0.48656546079711854
41,0.010537290008316757,0.011775518622779367,5.446747184285868e-05,6.482966734193742e-05,0.0002648473188627481,0.003404081322852655,0.0014114774268983907,1.3053358602544846e-06,0.0011550264120430613,0.011103912540492263,0.0037255361618062175,0.0012462643988173203,6.023608626492032e-06,0.30888391018516553,0.0024963228236748406,0.00010235808887721262,0.01347203935719992,0.00708562008066175,0.0002917157904565189,8.150264573081769e-06,0.02520649093439403,0.11368188811879663,0.002695507580439647,5.4764158405305684e-05,0.48127065232081523
42,0.006029189459074794,0.0035599117143979646,4.2919296750146286e-05,1.797376733591159e-05,5.8094402788551505e-05,0.0012125161916580118,0.001078251858934295,2.503804243078317e-06,0.00019024631343703442,0.009076731950351575,0.002116245054524327,0.001488181741463102,3.8606734116365245e-06,0.13308754050990482,0.0027527844030286095,5.277992406750703e-05,0.00927702529349603,0.003789380486954331,0.000985445812621767,1.0512282868078706e-05,0.051456390612401696,0.5515107975323233,0.0014894743170460049,1.8191200653943377e-05,0.2206930513962635
43,0.009920731779999341,0.0027796491883169115,3.456940988281746e-05,3.052982106701955e-05,7.559009606642281e-05,0.0017770099451985245,0.0011526225537545364,1.6469738644966774e-06,0.0004943072720243117,0.024158841459846713,0.0019337998229205253,0.000588998955721064,2.2438818922687324e-06,0.18967196517279208,0.002250897611931648,8.091524340100982e-05,0.008260675867017068,0.006517045205499122,0.0004674042489839793,1.847750911238788e-05,0.0403452445229201,0.26203849794698064,0.0025489122167797217,5.2131056847570975e-05,0.4447972922371795
44,0.009620371107746682,0.004322671516248819,3.532175980005195e-05,3.432942965491817e-05,9.29125371575223e-05,0.0015699893862350818,0.001164330907184839,1.0504437289807125e-06,0.000279277125172156,0.008091611868014912,0.003189397905093416,0.0014540099694611806,3.7327079588375412e-06,0.25262515846840616,0.001995776321725303,5.980589869310758e-05,0.01031761629364761,0.010394840976143602,0.0003396364627969268,9.169884424967822e-06,0.038131631594866926,0.16677233083159101,0.002632895320337176,3.635224161585064e-05,0.486825779042294
45,0.008807841350517938,0.004095356943724464,6.363704169812104e-05,6.438059563774382e-05,0.00010693825737728814,0.0037757138396115426,0.003258926564760193,3.2211675322823747e-06,0.0004130115514103492,0.012454389781446425,0.004149772819070514,0.0009869558354182225,4.734088347425667e-06,0.20940138986843962,0.009355647118050224,0.00015251001173476842,0.01255367395039435,0.0060115756436251895,0.0006665502942903724,1.530929985323238e-05,0.05048284703338188,0.2774576310063879,0.0038960809164257635,6.44162082053553e-05,0.3917574888126587
46,0.021297454305538713,0.00443520849304153,6.616561452072446e-05,0.00011061071548762543,3.686961778750435e-05,0.004249010888850403,0.0012431545633179819,3.865299935768988e-06,0.0002980950718934719,0.010855733688883247,0.005007576786989346,0.004231933337701083,1.2252218740444859e-05,0.24410189667420562,0.0017245136319592085,0.00017943065153439304,0.09601634802484457,0.02577389627264243,0.0004054134750911244,1.2928805388723803e-05,0.062410027143462346,0.24532785262017448,0.0043164168792709815,6.693288017293757e-05,0.2678164123385654
47,0.01196858966587447,0.005367043174292125,1.8234686757557992e-05,6.282718706802696e-06,3.075754887320571e-05,0.0006548495774924327,0.0008856888026096063,1.0956400742014791e-06,0.00018612398209389016,0.007168668376964527,0.0009165359868585338,0.0023549099355711766,2.773108647086014e-06,0.09927592988225833,0.0006720734643158653,2.7737972927012723e-05,0.0098167334591375,0.010583261163485099,0.0005585129994641712,6.52894639220478e-06,0.02255373530797332,0.3276594389211825,0.0006839270197324716,9.804151986060772e-06,0.4985907635063299
48,0.013005146432745337,0.011178813654481274,5.756052217108574e-05,5.466866612032484e-05,5.149994924755459e-05,0.009765616384405661,0.0032481166916964554,5.462422102778824e-06,0.0005062462292353237,0.009075538725004318,0.003580273258762389,0.0036739289143382075,1.8411184243492587e-05,0.19516292073221414,0.0032484958876732597,0.00020054204988558346,0.06920914216810789,0.00915156032217069,0.001149729575236053,1.2929564895559716e-05,0.04473011289878594,0.31751229600769076,0.003898397895369124,2.60764443190865e-05,0.3014765134190977
49,0.007574615365910044,0.005164323613862304,4.905127531970629e-05,2.624845249759306e-05,8.368654386769865e-05,0.002043004258636375,0.0010112211827688167,9.562065234841413e-07,0.000172480748291929,0.007540951707702342,0.0028046527715655557,0.002474789316069002,4.412188009312085e-06,0.2783401722634759,0.001727339849454378,4.868568002879443e-05,0.011468153950426966,0.01133923667854962,0.0004187065560041961,1.0882619262095225e-05,0.046022008155096134,0.2325579461347287,0.0017310627023662225,2.53187849915513e-05,0.3873600929945911
50,0.006737523507923612,0.0022451806831706466,1.5565440823715094e-05,1.2828954856799187e-05,5.01100813890859e-05,0.0005205712312321648,0.0012377682516845248,7.68526146824053e-07,0.00022948193414687028,0.008806105027653294,0.00117561413328172,0.0005551921759981284,1.4833899058961013e-06,0.1431629669575798,0.0013297100301939923,3.053074020780132e-05,0.004073201266534683,0.0068341585887656,0.00026502046998461127,7.062252156035971e-06,0.019033007378424456,0.17882448223543732,0.0012601918053395593,1.9737580995182558e-05,0.6235717373561677
51,0.014072049821317168,0.012662759658295828,8.95648330465674e-05,0.0001226334721954958,0.00018722795896577177,0.0014579899588165921,0.0012890078320975408,1.775431961790148e-06,0.0007980978833805872,0.012312026753022537,0.007183403336175259,0.002147303803810647,1.1046622847275616e-05,0.39300496084362496,0.0019771606086248375,5.65383536523791e-05,0.024364048829077393,0.010758876243045902,0.0001994764125096784,4.321032070266544e-06,0.03657223309069922,0.21694278885333215,0.0011833700947309978,7.514516030139806e-05,0.2625261931123978
52,0.017577339228403443,0.0019233786083729387,6.286269215730018e-05,9.239300641266885e-05,8.448929036826631e-05,0.0017786805852586822,0.0010319006859094665,1.224333949487776e-06,0.00032511839473242887,0.02093833337976044,0.005592601804504006,0.0011562552550960293,5.103784510255398e-06,0.3603234501988929,0.0015997926351717054,0.0001343630154014276,0.016162059203395675,0.027511019223562735,0.00024189127368007837,1.9063786531708592e-05,0.03320902353849766,0.13933681771407308,0.0028883137689744522,0.00014374779310738644,0.36786077679927587
53,0.005098645262185444,0.002030786936325697,1.27824510943268e-05,3.1894514407839096e-05,6.0930008067068905e-05,0.0011718893945648642,0.0029017631825142935,1.2795502425832012e-06,0.0003932160914527129,0.006051214776175559,0.0018673570639172,0.0005298610727027918,2.1259821947011523e-06,0.16377868451157399,0.003387211857557614,7.330737942893373e-05,0.006220016966194678,0.006317389171143456,0.00019349983779506767,8.929962086572543e-06,0.020482938345611858,0.1201368641109909,0.00404142858521239,3.0284020246894022e-05,0.6551756989663126
54,0.00865897786124586,0.004966895254154961,2.3381191107931003e-05,2.129542296273328e-05,7.847593535610771e-05,0.0012875813346983566,0.001143356357685486,8.398613875654034e-07,0.0002732479501051862,0.007139879070592953,0.002138383846877315,0.0015101076945991498,3.0676683986569713e-06,0.21681511944013385,0.0014669729599541914,5.042900266092597e-05,0.0087706544226073,0.009787920011916262,0.00031026853478622327,7.109370995588478e-06,0.02925009907993144,0.15269708890067998,0.0019370152871200448,2.278746292522775e-05,0.5516390460771168
55,0.009551902178810107,0.006991732227448826,1.378467097687282e-05,1.4604651105661274e-05,9.296051600799552e-05,0.0005867431752953004,0.000904266408589061,4.4528377784620467e-07,0.00024339113860080675,0.0033363657330519746,0.0016554018468664562,0.003238974726204582,3.0700400538258615e-06,0.17436402496167988,0.0005559121846977124,3.121257946912784e-05,0.007074192080780444,0.01767089008550446,0.00017643380912170218,3.6762110974459937e-06,0.020215679265967956,0.07247301555585509,0.0010761640303955135,1.1607795242970866e-05,0.6797135488433984
56,0.009928729598659177,0.004836554825567056,3.801976167605603e-05,3.5134081801615794e-05,9.906771100540582e-05,0.0015634957790289733,0.0012110060146966139,1.1182107953703309e-06,0.00028737965834246457,0.007842485614732869,0.003417915376645601,0.001647835583802039,4.56123449149169e-06,0.2596618499880527,0.0019103081535340885,6.004386367203618e-05,0.010880915180413736,0.011011105191641172,0.0003624042457365798,9.219025089089485e-06,0.036707066875693875,0.16887246227736333,0.002504646804141244,3.5266170617560164e-05,0.4770714087727999
57,0.007500461430639559,0.005253203845475804,4.411517271137884e-05,1.7360028265311542e-05,9.887840162820042e-05,0.001455590659462157,0.0009343849638616721,1.328009096185747e-06,0.00014758423907508018,0.006357274047422875,0.002507873492698023,0.0030632727392732673,4.4530027633164536e-06,0.20685939730077205,0.001778807733923092,4.8418252663511224e-05,0.008743404742804307,0.008153596503675435,0.0009121647206023633,1.1082441575939498e-05,0.05950542664673582,0.3182191516954826,0.0018251630066697699,1.4530433339062468e-05,0.3665430764893831
58,0.010244562383174888,0.00418704831262644,4.156289196609851e-05,3.7451956718177524e-05,9.298912054016582e-05,0.0015655800870522216,0.0011518173073386013,1.0960332409378656e-06,0.00030119466217945614,0.008699137919906447,0.0035862146302231314,0.0012939757483331701,3.730166824076218e-06,0.2507459153079586,0.00236255280606338,5.8474269792954365e-05,0.010300749593717648,0.009886963530426137,0.00033884957752434097,9.692315163998494e-06,0.03743815603359954,0.1791639448716496,0.0026543171215242514,4.988349254380762e-05,0.4757841398599119
59,0.010207461209032946,0.003907650894681144,4.2411449158579556e-05,3.897822852873924e-05,9.355950202759842e-05,0.001520030155943626,0.0010950795303299018,1.0422964286608912e-06,0.0003008249545758382,0.009141734780056176,0.0036857587590713513,0.0012099641271006234,3.3905689255071555e-06,0.2538349118060843,0.002435294143234813,5.85154879076147e-05,0.010091485408192213,0.009878326006335359,0.00032193629997929725,9.796527663653788e-06,0.03819935829853223,0.17530808222614794,0.0026864914965834537,5.591554119012332e-05,0.4758720003022885
60,0.009620371107746682,0.004322671516248819,3.532175980005195e-05,3.432942965491817e-05,9.29125371575223e-05,0.0015699893862350818,0.001164330907184839,1.0504437289807125e-06,0.000279277125172156,0.008091611868014912,0.003189397905093416,0.0014540099694611806,3.7327079588375412e-06,0.25262515846840616,0.001995776321725303,5.980589869310758e-05,0.01031761629364761,0.010394840976143602,0.0003396364627969268,9.169884424967822e-06,0.038131631594866926,0.16677233083159101,0.002632895320337176,3.635224161585064e-05,0.486825779042294
61,0.010807528665744184,0.00397902266188798,4.6558802209451825e-05,4.2283744977154545e-05,9.514305145078616e-05,0.001627138819640143,0.0011143109327497957,1.1572451329306833e-06,0.00028782047182471953,0.009236670710824164,0.003713719529202401,0.0012995732973218345,3.7036792616490456e-06,0.2594899815501308,0.002385645394094292,6.105069996016209e-05,0.010864770915364868,0.01070440850499939,0.00033829473980717786,1.0251205501919334e-05,0.04098120198725842,0.17836440378585283,0.0027351211021062476,5.3873329619634644e-05,0.461756365173077
62,0.009620371107746682,0.004322671516248819,3.532175980005195e-05,3.432942965491817e-05,9.29125371575223e-05,0.0015699893862350818,0.001164330907184839,1.0504437289807125e-06,0.000279277125172156,0.008091611868014912,0.003189397905093416,0.0014540099694611806,3.7327079588375412e-06,0.25262515846840616,0.001995776321725303,5.980589869310758e-05,0.01031761629364761,0.010394840976143602,0.0003396364627969268,9.169884424967822e-06,0.038131631594866926,0.16677233083159101,0.002632895320337176,3.635224161585064e-05,0.486825779042294
63,0.00969914095873778,0.004747168106497482,3.5149266191560525e-05,3.259747045815112e-05,9.457780598991245e-05,0.001553985405036057,0.001167565734555152,1.0322088434161384e-06,0.00028901863100519015,0.007932443099291475,0.003161255641494005,0.0014830018012866066,3.776122959050653e-06,0.24815295408797744,0.001987496147777897,5.7054388701980345e-05,0.010220975328508837,0.010055238722931983,0.0003413488791569511,8.63680683783517e-06,0.03718575574256191,0.16813853077209998,0.0024829357268310037,3.5059248340949494e-05,0.49113330189592747
64,0.009760659140374725,0.004693337674813819,4.1478927376340487e-05,3.760738648139174e-05,0.00011029314288289456,0.0016259928367491489,0.0011907282006737472,1.1477953835264364e-06,0.00025385987436561913,0.00842797303216759,0.0035209474678216173,0.001527151916300264,3.5677587258612873e-06,0.2380347753986176,0.002425526150706934,5.8182561966668674e-05,0.009069990149532185,0.009587730689435175,0.00039042942426189967,9.642171054034623e-06,0.05709748088331473,0.1725579129735497,0.002831660924233276,3.736280342049857e-05,0.4767045607157908
65,0.00841826181390129,0.0048333183700343145,5.299411140015784e-05,4.6178783719726924e-05,0.00010906553564629732,0.002500806318198124,0.0014601782451125823,1.3426266709262526e-06,0.0002739191135904814,0.00857769699944996,0.004196332083270167,0.0012711954242739945,4.121380748581945e-06,0.2660893093607946,0.00397184785491905,6.953432295575041e-05,0.010757568155325924,0.007349913405738297,0.0004205555646753434,1.031503662663909e-05,0.05364343760709593,0.19682325868765882,0.0033271468487634072,4.717289985451908e-05,0.42574452944957514
66,0.010334869574973255,0.004400333908537146,4.797808849407423e-05,4.4134863700929754e-05,0.0001274193400202647,0.0013554548438651857,0.0008808693228641631,8.621029770950516e-07,0.00023016240757734656,0.010477237578169145,0.004139529114395287,0.0018027611486553944,4.131809965317574e-06,0.31723906219657316,0.001624755832237807,6.333760167784728e-05,0.009831621021247338,0.01327241431211031,0.0003143422565427475,8.791676348759187e-06,0.04958862991430039,0.15810259213776376,0.0020283317992467556,4.194946625753047e-05,0.414038427681499
67,0.0051754110385479075,0.0026963120919086124,2.53064644360737e-05,2.593420275317745e-05,4.8645548097559024e-05,0.0024002565689485826,0.0008434991913831848,5.282551807362849e-07,0.00012983536255280822,0.005959277655097219,0.002757858504091666,0.001382912080189069,2.7690918286769736e-06,0.31682729975594887,0.0017524099862686838,4.737345281363002e-05,0.010663226857372065,0.010024825367892811,0.0002171746901210482,1.139172712087193e-05,0.0399783598143415,0.13698176810926907,0.0035018455050345354,3.28888776973493e-05,0.45851288980110433
68,0.007715569471344685,0.002722239362982935,2.7919108018627342e-05,4.9675291632224576e-05,6.0546750205065915e-05,0.0014200748804255548,0.0011331509506534996,8.720414352906564e-07,0.00014020313585206268,0.004692874859303535,0.003097434275738531,0.0032325705520091707,7.396021222216158e-06,0.3520736233378964,0.0006720571510915417,6.183991418726314e-05,0.015842644033204553,0.032656470626733575,0.0001792830841035048,1.0730460113340036e-05,0.03823390093348991,0.08366491834157658,0.003130065367046037,2.0119151688661386e-05,0.4491538208980452
69,0.008454603758328577,0.00406466533819662,4.073929832528564e-05,2.8524997518906e-05,7.151881778090013e-05,0.002219623189611615,0.0010471331948777624,1.0124618005348276e-06,0.0001632373619464474,0.007455914055473698,0.0036465182455085398,0.0019653260362049486,4.522168254063458e-06,0.2781432804464227,0.0020433824651384953,5.4984286483615734e-05,0.011466916491074293,0.010491051741070751,0.0004962086242220367,1.2880262018484645e-05,0.05550458826367643,0.20603114071122644,0.0030789894826489155,3.1708570117509e-05,0.4034815297320725
70,0.009112258830585678,0.00403373016988898,3.568561113618916e-05,4.103140532884912e-05,9.584293186167224e-05,0.0018259267549545237,0.0011904865750485137,1.1051835416437899e-06,0.0003102777576162437,0.00861519746099918,0.0031514642598686323,0.001481752105475502,4.057588406835012e-06,0.27748017660430124,0.0018935705387808637,7.239316882099222e-05,0.011779041160337933,0.011308188254413782,0.00030812634801011355,1.0449524098293272e-05,0.03649343513041665,0.15457408815441076,0.0029415873021644253,3.915608730286636e-05,0.4732009710922297
71,0.010145019387958433,0.004177621141873993,2.693648376319731e-05,3.178371752761254e-05,9.829088742981888e-05,0.0011971585391131274,0.0010738578912644703,9.69403399830779e-07,0.0003085785796552429,0.007979462866665574,0.0029477556720083646,0.0014804888593978824,3.443711830998257e-06,0.23944320902610625,0.001603920714165966,6.223554154956535e-05,0.009414559311966513,0.011337303052842303,0.00029810422732836565,8.324111520268545e-06,0.03382061186059731,0.14415952275174712,0.002572779815972964,3.326763848059328e-05,0.5277747948058342
72,0.026260281959376647,0.008164378175999817,7.780405855074302e-05,0.00030293210052587024,0.0002654825832361158,0.009238682723836296,0.0038834267216326553,2.4868203862244117e-06,0.0009832153381085702,0.021479979150428236,0.008493168760937784,0.0020137910780875334,1.223622472628833e-05,0.31035090144965255,0.003273941823373396,0.000515359307735806,0.027407100859432106,0.029773506836444828,0.00030376345874049755,1.755941278778644e-05,0.06286633053780112,0.04397157772958283,0.005360104465353696,0.00016460064341118708,0.43481738777985135
73,0.009623296705188227,0.004321152248761003,3.530479757710606e-05,3.4335857540388596e-05,9.285384848721876e-05,0.001570777621594059,0.0011641066479247762,1.0506008436173379e-06,0.00027939976526429236,0.008091768912799197,0.0031885693926977272,0.001454200508867923,3.7343904790553405e-06,0.2526380610342097,0.001993853382724373,5.9834268806707447e-05,0.010326029573513211,0.010401623898757645,0.0003395472539813538,9.176319550215315e-06,0.038118798462239444,0.16668875265223398,0.002635209630636299,3.635897055195118e-05,0.48689220325477034
