,0,1,2,3,4,5,6,7,8,9,10,11,12,13,14,15,16,17,18,19,20,21,22,23,24
0,0.09713717501709217,0.21123402251191975,0.007318816638942767,0.00016791578240027514,0.004081813590274024,8.56165322121962e-05,0.004437293444288084,2.370524766256563e-06,4.8584513180753454e-05,2.2374909836288387e-06,0.055221851452606545,0.008249327118839573,1.5250187921433658e-06,0.05649136491449228,0.157838382482065,1.8680138295827663e-06,0.0001205226646432426,0.00037809609598578585,7.44831215025082e-05,1.0718272130807427e-08,0.0006984595872852808,0.0017928172733531207,0.004428905738906432,0.0030772656343570856,0.38710927411900936
1,0.05859029960172389,0.21040986442591372,0.005440288594661065,0.00015729007071148285,0.0028848429678495304,6.559544301410793e-05,0.003658910807949923,2.4016941438864414e-06,6.731208974359418e-05,3.083940047334691e-06,0.0289209421797754,0.004595829672380124,1.0552515622140646e-06,0.0487909814408433,0.15364324133854695,1.987680044328527e-06,7.780929444189846e-05,0.00021161212848138338,0.00010301490973901559,9.898234250407317e-09,0.0007135045109196249,0.0016336330061671525,0.002923906006272947,0.001834340307722312,0.47526824273911056
2,0.06384855107134293,0.18625478401326223,0.002389119839694622,0.00011998189925540808,0.0021753501925548925,5.4414509318155065e-05,0.0027815785136421347,1.841367760770559e-06,2.1987086682832734e-05,2.1075412379921997e-06,0.024979544457559746,0.004643604765621772,6.766641339871595e-07,0.03951313497651158,0.21452488155302185,2.035046304490416e-06,0.00013806956022527638,0.0002469341000902633,6.26818915627195e-05,6.562851716950293e-09,0.0007885492677094726,0.0024139353971730122,0.007258346908555586,0.002087575437504644,0.44569030737642196
3,0.07113737594260788,0.2390943058847092,0.004412953717526745,0.00017944582071680571,0.002922701564199897,5.163442940833709e-05,0.0032060232415991523,2.1797378101070855e-06,2.9561396051528985e-05,2.4018740772146556e-06,0.03288265313337171,0.005879171660140707,1.1182868652331283e-06,0.04825947380746362,0.12123094532151366,1.3769102910765937e-06,0.00012494283771613695,0.0003671056624118119,5.975818195425765e-05,8.445864910269747e-09,0.0007400658425188643,0.0018780342501926285,0.004618995898681083,0.002720060431331684,0.4601977057209756
4,0.06847893177106958,0.2636667968798595,0.005222251915669649,0.00020276538848460856,0.0036706183609365737,6.069043386010378e-05,0.003500591808063615,2.143921712605346e-06,3.184133752550394e-05,2.727220850925786e-06,0.035422536458949175,0.006280469224512787,1.5253263740287405e-06,0.061157636804309606,0.1193703132130168,1.4803425294193307e-06,0.00012112229455720108,0.0003902290869965627,5.928791403302047e-05,9.54952861254434e-09,0.0007285567994220414,0.0019070687585061351,0.004851455340574656,0.0029359967397262978,0.421932953108931
5,0.06265772780397229,0.2640670429484354,0.0040994844181767125,0.00023275978039040537,0.0031031834748425245,4.858641650593864e-05,0.0028967606043057135,2.172225580401331e-06,2.335931210811731e-05,2.600171027771175e-06,0.03160914773628666,0.005625847540459943,1.2586893216870924e-06,0.05032786402662917,0.09268911703374691,1.130590642202655e-06,0.00013144772488531868,0.0004902432024409756,4.792253275274661e-05,8.837265990800306e-09,0.0007871074902693888,0.0017441038603732888,0.0052239938204354025,0.003042851127171353,0.47114427863197367
6,0.07113737594260788,0.2390943058847092,0.004412953717526745,0.00017944582071680571,0.002922701564199897,5.163442940833709e-05,0.0032060232415991523,2.1797378101070855e-06,2.9561396051528985e-05,2.4018740772146556e-06,0.03288265313337171,0.005879171660140707,1.1182868652331283e-06,0.04825947380746362,0.12123094532151366,1.3769102910765937e-06,0.00012494283771613695,0.0003671056624118119,5.975818195425765e-05,8.445864910269747e-09,0.0007400658425188643,0.0018780342501926285,0.004618995898681083,0.002720060431331684,0.4601977057209756
7,0.06292999406891694,0.17666063760787187,0.0031123440123311816,0.00015868239732809168,0.003133494767259421,5.668849071467587e-05,0.0021394739670878233,1.98451512918325e-06,2.2269185509277288e-05,2.3328772141150252e-06,0.021987741334387887,0.006042737853324025,6.298909072569745e-07,0.05162411273352934,0.13455473544723134,1.7459243449130336e-06,0.00012751405534474662,0.00031381706637201545,6.795227280932778e-05,6.0402794109029936e-09,0.0009429400642083426,0.0022866928094333523,0.005934182168475506,0.0017975905041360232,0.5260996999458539
8,0.08360543434525433,0.25396597357582257,0.004710767301299708,0.00015915921904445523,0.0035821748965069347,0.00010521705868646327,0.0038777547426049504,2.234540191003709e-06,4.295582261018329e-05,2.196653725462285e-06,0.07891339090432041,0.008931040403073224,1.2128265969189795e-06,0.057062044153234015,0.15967698012630774,1.566271151835338e-06,0.00012060987392529476,0.0005517053558257228,8.916237975023066e-05,1.1307681754735392e-08,0.0009223751497936691,0.0028051636940002304,0.004583778367120593,0.0020723185925633127,0.33421477243890907
9,0.08464360554311268,0.21455352088961266,0.003245577353996865,0.0001547432895406439,0.0029771570868949546,9.722443329891013e-05,0.003448850250632102,2.098851920928885e-06,2.8951135880460707e-05,2.2546564430976403e-06,0.052132410986186505,0.008242340611669627,8.436040040731988e-07,0.059197049618677396,0.16432509141107235,2.0014623902412447e-06,0.00012572890328173546,0.0004891126189700037,8.825489185953255e-05,9.491465775894488e-09,0.0010159793937106047,0.003181361418779409,0.0065292986292020605,0.0016724047674229095,0.3938441286999746
10,0.07113737594260788,0.2390943058847092,0.004412953717526745,0.00017944582071680571,0.002922701564199897,5.163442940833709e-05,0.0032060232415991523,2.1797378101070855e-06,2.9561396051528985e-05,2.4018740772146556e-06,0.03288265313337171,0.005879171660140707,1.1182868652331283e-06,0.04825947380746362,0.12123094532151366,1.3769102910765937e-06,0.00012494283771613695,0.0003671056624118119,5.975818195425765e-05,8.445864910269747e-09,0.0007400658425188643,0.0018780342501926285,0.004618995898681083,0.002720060431331684,0.4601977057209756
11,0.07152372086681065,0.2505960669054295,0.004663536411776829,0.00019051695496932614,0.0030461153272928875,5.2628847049615404e-05,0.003347859785259304,2.240120558313901e-06,3.0012767455415414e-05,2.516594850959203e-06,0.034319190381529904,0.006103445671819057,1.298466935619702e-06,0.050627691013354556,0.1168649346339648,1.377440580970973e-06,0.0001288883276735219,0.00039123955784047156,5.8184227298341435e-05,9.19568532620869e-09,0.0007285895138348623,0.0018848389368419653,0.0047069363924097185,0.0029201420868066033,0.44780801957197136
12,0.07606365287436234,0.26485312986037723,0.003755492964750277,0.000209349229345947,0.004175199362221973,6.565831104437645e-05,0.0026180056501319566,1.8885321433650776e-06,1.448851188098236e-05,2.6421659569781406e-06,0.031005527478869158,0.008720164913567934,1.2945234053099412e-06,0.07580181819007861,0.09978031349526331,1.6188970661303292e-06,0.00017207739174152393,0.0006119448088420397,4.7324654779862725e-05,8.315452438785014e-09,0.0008937073478309384,0.002896838388805583,0.008500360417828017,0.002838683331079878,0.4169688103831739
13,0.09319214213218167,0.19213608677830357,0.006193053853291761,0.00016461314734892172,0.0033511886575839267,5.0498510966692795e-05,0.0033638783864814725,2.6555789240259114e-06,3.493492631950306e-05,1.3893456107897113e-06,0.0705252842929789,0.013883005064290596,1.1468243793686205e-06,0.05949362397985888,0.1549598701072854,1.1579852490809195e-06,0.0001775351863152965,0.0003855312536036912,7.732971261749124e-05,9.189759811312182e-09,0.0009605002883328605,0.0025050745621166574,0.004195852226388368,0.0022484363763665034,0.3920952016334448
14,0.0032716965196579865,0.8810513217568496,0.001156461182752691,9.383179639375119e-05,0.0024782723411794906,2.7853024662819644e-05,0.0006551140216651171,4.7788025013022e-07,2.1117265581077676e-05,5.36664530699899e-06,0.009267844400075853,0.00023873829186731388,1.5745663819510986e-06,0.014545505201713615,0.018998491236818637,1.1543162118933386e-07,1.3539307126450782e-05,0.00017431499423578686,1.355621691680223e-05,2.89663117137049e-09,0.00015977225980084425,0.00045473158891813593,0.00045893322134539857,0.0014317078522664047,0.06547966009998067
15,0.07113737594260788,0.2390943058847092,0.004412953717526745,0.00017944582071680571,0.002922701564199897,5.163442940833709e-05,0.0032060232415991523,2.1797378101070855e-06,2.9561396051528985e-05,2.4018740772146556e-06,0.03288265313337171,0.005879171660140707,1.1182868652331283e-06,0.04825947380746362,0.12123094532151366,1.3769102910765937e-06,0.00012494283771613695,0.0003671056624118119,5.975818195425765e-05,8.445864910269747e-09,0.0007400658425188643,0.0018780342501926285,0.004618995898681083,0.002720060431331684,0.4601977057209756
16,0.06285098880729052,0.2664663775134613,0.0025311927125889464,0.00018538041087786764,0.0018214635433250104,5.562691108962943e-05,0.0029540837740672297,1.79601361108276e-06,1.8063559761518248e-05,3.132040859908214e-06,0.026097782338990034,0.00518825605643304,7.703332788027984e-07,0.04926753085508704,0.08812388039827446,1.445072664507161e-06,0.00011064811464039814,0.0005856203597536656,5.044940273079335e-05,9.002138141842507e-09,0.001153047045435902,0.002465078116331022,0.00523796168082771,0.001912705142401595,0.4829167107940799
17,0.07048686655904135,0.20426915252628025,0.004202590398219129,0.0003013813244616706,0.0029758186658915163,4.7040839238728666e-05,0.0030748481580946583,1.8855026969052803e-06,1.5061791314828456e-05,2.207028370934444e-06,0.027811671715637684,0.007847053131872832,1.2849285724405815e-06,0.08457250950996423,0.06409087925070048,1.3325098617415649e-06,0.00011419810762103296,0.0005400506147940372,4.024660011224655e-05,9.837929749353769e-09,0.0008219802094480907,0.0016571083378525452,0.007205431117261278,0.002312271739807407,0.5176071195949541
18,0.024655653910733766,0.23059251467637396,0.005324686270600193,0.00019147098743506582,0.0074739413855836045,0.0003110827788023024,0.003538277832546096,1.5623909738545375e-06,0.00013172085663349842,2.894044342579425e-06,0.087250967612289,0.002662336337416006,1.2125780487785715e-06,0.0732582829663963,0.31816875972427233,2.3736340371398826e-06,2.8445906784531353e-05,0.00014477868070290306,0.00012211970455418974,1.2043614081297037e-08,0.0006786643349866242,0.0010392107048216104,0.004576702903013599,0.0009530805570122367,0.23888924717802573
19,0.05332633910168607,0.2781918238935558,0.009033206495020757,0.000247859449940345,0.005710737667887058,5.960983627930854e-05,0.0029618494723275012,2.8001967181714124e-06,5.024345808546335e-05,3.3873906078698256e-06,0.03642219925946028,0.008370995909502963,2.0463237169317695e-06,0.0725828295132973,0.10044921081744643,1.1856712048877603e-06,0.0001227174717108451,0.0003564752702660108,6.368119840747151e-05,1.1447629470132467e-08,0.0007117429208457804,0.002069965075073454,0.0030208141112238753,0.0029319035275816537,0.4233063645205243
20,0.053402481426858446,0.27075192249944763,0.003416318235115443,0.0001525520741427281,0.0031113964379805696,3.920263571522107e-05,0.0022774503571708574,3.189653278592019e-06,2.981466244471893e-05,2.944385873262457e-06,0.023277878079373152,0.005474936780764451,8.853616138842394e-07,0.041335948538912204,0.15446012796466993,1.2032749206618578e-06,0.0001852485647300112,0.0003167537037500615,7.274999051814162e-05,7.456159168027661e-09,0.0008910271021697659,0.0037054964559987756,0.004364120589318118,0.0026476494950825637,0.43007869427399154
21,0.11049080853742987,0.18421634139680804,0.005576951530578995,0.00022629016350134818,0.0025995759430871993,7.54084635118005e-05,0.004977045310599774,1.5730842358090123e-06,1.9671274237739243e-05,2.355181275087826e-06,0.03612499566331706,0.010798813469517778,1.6488325380844037e-06,0.0821423770373316,0.08391199240948993,2.4727977732063268e-06,9.941231329763147e-05,0.0005333283108869241,4.461818734405828e-05,1.3141507465379273e-08,0.0007784248595893227,0.0014902758816414399,0.0069332755902628135,0.0024657574636732134,0.4664865731565639
22,0.1015586766091223,0.2117580235199722,0.0052226421008899305,0.0001830832736805582,0.0029180330934673437,6.993262214451872e-05,0.00348255848321718,2.5729769569059437e-06,2.7153142845257936e-05,2.2448186381176407e-06,0.050639871377545005,0.00994489842146116,1.0472241629013103e-06,0.0535897327287151,0.11788958036623148,1.6867206368850279e-06,0.00018304621319413492,0.0006771409683396885,6.051098392940138e-05,1.1428942327247203e-08,0.0011246905654065007,0.002725476617938663,0.005626361291051987,0.002837640242219662,0.42947338420929076
23,0.07113737594260788,0.2390943058847092,0.004412953717526745,0.00017944582071680571,0.002922701564199897,5.163442940833709e-05,0.0032060232415991523,2.1797378101070855e-06,2.9561396051528985e-05,2.4018740772146556e-06,0.03288265313337171,0.005879171660140707,1.1182868652331283e-06,0.04825947380746362,0.12123094532151366,1.3769102910765937e-06,0.00012494283771613695,0.0003671056624118119,5.975818195425765e-05,8.445864910269747e-09,0.0007400658425188643,0.0018780342501926285,0.004618995898681083,0.002720060431331684,0.4601977057209756
24,0.04497733032620413,0.3257027499056599,0.004108327360766374,0.0002717364210079489,0.004031916602570771,5.6858926133404237e-05,0.0026733151463061954,1.7613613977078072e-06,2.2764642899995763e-05,3.2396868130236725e-06,0.02829111628334977,0.005128989171803638,1.5908794032841986e-06,0.07652512979749486,0.07782095864010861,1.1133678108413558e-06,9.133671459035756e-05,0.00043464158155464476,5.0273847698087884e-05,8.967358260139015e-09,0.0007464267494851724,0.001691937688259835,0.004775955338469167,0.0022551286071557904,0.42033539198569836
25,0.11400622591730589,0.21053954947359518,0.007104867229727677,0.0002893547727795361,0.002750265180078173,3.578214966377417e-05,0.005236961346971306,4.3066134248623735e-06,2.837959534834308e-05,1.615324732603973e-06,0.07009564128159938,0.013684247136803914,1.835894909011533e-06,0.05584110172711434,0.09343939965452056,1.1396989707927446e-06,0.00022974717133985274,0.0005930734120703046,7.323526793563052e-05,1.67011350127925e-08,0.0009300837509718696,0.0020307102208488074,0.005331398217436645,0.0036294698272474,0.41412159243346913
26,0.13969165966509503,0.24510481798976527,0.006711780847688971,0.00017608049806443847,0.002334123302894135,2.202421845679767e-05,0.0035918704866009597,3.4321183509277747e-06,2.464500480416755e-05,1.8896841803544595e-06,0.03271844635233052,0.006762494629652305,1.756557229097794e-06,0.022764089803067097,0.08057664618424872,7.553676874826406e-07,0.0003245344920446042,0.0006426363298198274,3.241715303416582e-05,8.279075840844349e-09,0.0005378632003609894,0.0016141711845753688,0.003780462231845234,0.01029966525767493,0.44228172916145275
27,0.06302550323270002,0.18788075445753255,0.0033980377319558375,0.00011500006218730965,0.002032607522387197,5.523846060620655e-05,0.002711388530923595,2.4702594508094767e-06,4.412497545459825e-05,2.6720250721938823e-06,0.024158730110720845,0.0039257254803928675,6.070570819292598e-07,0.028261338899259615,0.17311935982754398,1.6344943336494852e-06,0.00010879493123459308,0.00025576688841359545,6.711016937244603e-05,7.828609959781413e-09,0.0007057773480653654,0.0023474214493693023,0.0035027632300242985,0.0022181795210976323,0.5020589855062095
28,0.07113737594260788,0.2390943058847092,0.004412953717526745,0.00017944582071680571,0.002922701564199897,5.163442940833709e-05,0.0032060232415991523,2.1797378101070855e-06,2.9561396051528985e-05,2.4018740772146556e-06,0.03288265313337171,0.005879171660140707,1.1182868652331283e-06,0.04825947380746362,0.12123094532151366,1.3769102910765937e-06,0.00012494283771613695,0.0003671056624118119,5.975818195425765e-05,8.445864910269747e-09,0.0007400658425188643,0.0018780342501926285,0.004618995898681083,0.002720060431331684,0.4601977057209756
29,0.07113737594260788,0.2390943058847092,0.004412953717526745,0.00017944582071680571,0.002922701564199897,5.163442940833709e-05,0.0032060232415991523,2.1797378101070855e-06,2.9561396051528985e-05,2.4018740772146556e-06,0.03288265313337171,0.005879171660140707,1.1182868652331283e-06,0.04825947380746362,0.12123094532151366,1.3769102910765937e-06,0.00012494283771613695,0.0003671056624118119,5.975818195425765e-05,8.445864910269747e-09,0.0007400658425188643,0.0018780342501926285,0.004618995898681083,0.002720060431331684,0.4601977057209756
30,0.07113737594260788,0.2390943058847092,0.004412953717526745,0.00017944582071680571,0.002922701564199897,5.163442940833709e-05,0.0032060232415991523,2.1797378101070855e-06,2.9561396051528985e-05,2.4018740772146556e-06,0.03288265313337171,0.005879171660140707,1.1182868652331283e-06,0.04825947380746362,0.12123094532151366,1.3769102910765937e-06,0.00012494283771613695,0.0003671056624118119,5.975818195425765e-05,8.445864910269747e-09,0.0007400658425188643,0.0018780342501926285,0.004618995898681083,0.002720060431331684,0.4601977057209756
31,0.06537442851905753,0.3073085711556084,0.005883337193941776,0.00022621836495873596,0.003443893613761171,2.111327044610004e-05,0.002254621669274087,3.0766299317156727e-06,2.335236993441799e-05,2.8058782879352173e-06,0.016468205824764565,0.005447670282951102,1.6753876112900808e-06,0.04469165892231008,0.055279929248153004,7.491892867535685e-07,0.0001605872643871228,0.00039887089352340035,4.6788263109696804e-05,7.66162127730572e-09,0.0005665550484381354,0.0015753596214517565,0.0027684451104824153,0.0045556824591701465,0.4834963961575375
32,0.06984307864945104,0.23229115431817926,0.004246270721084217,0.00016691648728644551,0.0028381741214824137,5.1306716387398614e-05,0.0031284988673300276,2.3264896291346533e-06,3.322877131240249e-05,2.4685910251384597e-06,0.031245623460390448,0.005688083346833641,1.0306033510100281e-06,0.04641696547498856,0.1321482252245861,1.4593012643946988e-06,0.0001243321981802282,0.0003308589877238491,7.064345717863456e-05,8.358751057842299e-09,0.0007669377106739791,0.002020481864342511,0.004258268249821738,0.002473023115516285,0.4618506349132301
33,0.07107868364803006,0.4541620115446684,0.0025305829421489704,0.00019264839418759054,0.005473593332399158,4.676116773837061e-05,0.0020824763352569908,2.9434306353247032e-06,8.766209487419885e-06,3.3065449720950287e-06,0.024434354490900784,0.009085635009291262,1.857913510161541e-06,0.07865795305741437,0.09578843096101711,1.4245905528214686e-06,0.00034201011841198054,0.0007225643464619366,6.749595746654658e-05,9.393646856828156e-09,0.0008926772633043261,0.0073312731931693634,0.008867955625520342,0.0032907152916541835,0.23493386923815363
34,0.07881530256260917,0.14011349098798487,0.005706510299408643,7.452729593516415e-05,0.0013889539126980361,4.623465989982054e-05,0.004224392526887983,2.75186516711939e-06,0.00021293421663204977,2.1913785317036015e-06,0.02536013152983744,0.00231150643303003,5.680731921028804e-07,0.01921104165828876,0.20603142938197164,1.469124883790149e-06,4.275587858892387e-05,9.936834504032911e-05,0.00015239955679572498,6.717452708176173e-09,0.00045963952860222045,0.00101059471519843,0.0008028750551793651,0.001606389602376942,0.5123225346938071
35,0.09108832457061122,0.16258521194362197,0.0028200232027042146,0.00015123640811470705,0.0007685798017257013,1.362858696915282e-05,0.002099672001820591,4.7515780812686475e-06,3.8941903359973053e-05,2.699276735701767e-06,0.013934362637711894,0.004216576968938496,6.086389752464828e-07,0.010999402590387036,0.034353465769332285,4.497283613612856e-07,0.00014914246909024118,0.0005806099367713489,5.408353586327243e-05,8.210550277105913e-09,0.0005863192170605351,0.0017490471252656532,0.0009783826471519445,0.003013971732260993,0.6698104995185349
36,0.07559568071801083,0.1818306449521981,0.005630106024827595,0.00014812987125164108,0.0035446306133331855,1.9623925147758913e-05,0.0019731292446128895,3.3558454758469716e-06,2.9504213933317263e-05,2.094063262968378e-06,0.015992112570486085,0.009710744200312845,1.1998132783606423e-06,0.042331961224997966,0.11417118890354086,1.1577268986013336e-06,0.0002488469830485747,0.00019013262738233543,8.635680321749128e-05,5.809653373769061e-09,0.0006519440130009788,0.002170553929775867,0.0027508532439878245,0.0029686707490026555,0.539947371929362
37,0.21872463987282634,0.2108821755303132,0.005630270108972764,0.00014938361584434067,0.002167572319189268,2.9282937212965545e-05,0.004427771996349249,1.743704104948664e-06,1.1809950410778789e-05,1.193844558673225e-06,0.036381673914814526,0.012025432485750973,1.486822444072064e-06,0.0585341162790496,0.060026603705539625,1.121451098272308e-06,0.00017717099028134137,0.0006832767650027723,4.100472884785464e-05,7.069758279218228e-09,0.000556587915382484,0.0017027283478174443,0.004380296346333294,0.004256186590041957,0.379206462708055
38,0.1329489589577572,0.14850778291680902,0.002873962016617542,9.013906872993915e-05,0.0015302367986041636,0.00014378048298477103,0.006856236615138068,1.2429249012151172e-06,2.5432873879866565e-05,1.6808361145159343e-06,0.05865303119241115,0.006090548220841026,6.25501130681934e-07,0.047838382562204324,0.2400003827899909,4.156141956554042e-06,7.800405548744256e-05,0.0003968752759899606,6.822823139907504e-05,9.889735345051015e-09,0.0008282254464021628,0.002189395441066384,0.009105512230986136,0.0017062809588098702,0.3400608885700526
39,0.07182497997843204,0.21359255774229982,0.004489144682108923,0.00018074414253657422,0.0029487923714098846,5.519992357316345e-05,0.003064296768491068,2.2838507332195105e-06,3.05602908961924e-05,2.407236778244447e-06,0.032385423327819754,0.006428410085156496,1.0166867446830702e-06,0.048594006291573386,0.12245598198659902,1.5262264129961455e-06,0.0001256758471305842,0.00036559367605869903,6.387018169919688e-05,8.822479351225171e-09,0.0008162891956329486,0.0019019910501703824,0.0047031334304588005,0.0024771988874057157,0.48348890731739885
40,0.07822358852332174,0.23841561529680974,0.0044078579607578945,0.00016349564913150933,0.0028590090234809676,5.3048532687644196e-05,0.0032732406189991668,2.126576430067013e-06,2.8808307715324724e-05,2.302760443277442e-06,0.0339054193065616,0.006300296496515851,1.0534633787737645e-06,0.05010916545561229,0.12438256444399928,1.4250111774675977e-06,0.00012627158655104532,0.00037932727073584726,6.18962862789085e-05,8.2021635588993e-09,0.0007576213567238345,0.0021181250612921716,0.004514240574785199,0.0026268622131616114,0.44728663002128527
41,0.023015988385591695,0.23707415166822804,0.00772793466461782,0.00012216812745304595,0.006161920538072275,7.33937068513291e-05,0.0017419589793391665,1.6079314277965727e-06,0.00012843655797550285,3.898002662267717e-06,0.014888962725652015,0.001684042936858734,9.196862319307409e-07,0.04103704946961762,0.21438800553983312,1.3252083882197673e-06,3.848130979549573e-05,7.828715383086893e-05,6.411055207890205e-05,4.647247407813371e-09,0.00046305056376001475,0.0008623820814599399,0.001474444718930142,0.0020859713389320563,0.4468815035051645
42,0.06984720995986762,0.18324495390957127,0.002406721317797846,7.995939897029888e-05,0.0017714464672875657,3.755268708351229e-05,0.0022493633631749453,3.7956319344741493e-06,3.339593934406273e-05,2.305079310372472e-06,0.021207377570234307,0.005410693057184679,3.798389775457593e-07,0.02488788425639625,0.2567611240342418,2.137914332097336e-06,0.0002197959107090418,0.0002025041681882256,0.00013910459842688118,7.3486672424147356e-09,0.0011302851885935062,0.005343582463883,0.004052801747398566,0.0016409547922118302,0.41932466335621305
43,0.03481496388203434,0.2353303408913767,0.001972434860884077,0.00014295303905971217,0.003340007180726308,0.00010273424810083193,0.0015655939064759376,2.4455439930985167e-06,3.633321167593083e-05,5.205549465043857e-06,0.018161210536976634,0.0034526975144460403,4.791985674520581e-07,0.037102355465290754,0.17967426980225987,2.1593998421059868e-06,0.00011591896552672484,0.0003250227835626871,8.916664791545789e-05,7.242930537073853e-09,0.001362904605823243,0.003889742930129477,0.005300620117793804,0.0013586169701726052,0.47185181550497063
44,0.07113737594260788,0.2390943058847092,0.004412953717526745,0.00017944582071680571,0.002922701564199897,5.163442940833709e-05,0.0032060232415991523,2.1797378101070855e-06,2.9561396051528985e-05,2.4018740772146556e-06,0.03288265313337171,0.005879171660140707,1.1182868652331283e-06,0.04825947380746362,0.12123094532151366,1.3769102910765937e-06,0.00012494283771613695,0.0003671056624118119,5.975818195425765e-05,8.445864910269747e-09,0.0007400658425188643,0.0018780342501926285,0.004618995898681083,0.002720060431331684,0.4601977057209756
45,0.08220864854313716,0.2117363204110191,0.006787606275704774,0.00013273327328731525,0.0037986020530601347,5.0196160960716786e-05,0.004641423441945753,3.3153553254800586e-06,5.746825206393207e-05,2.2459770940719354e-06,0.03621183700130653,0.005950110816334631,1.514609960987561e-06,0.042470305118352494,0.23201378666104186,1.8725384951011803e-06,0.00014720301467476102,0.00018666012528700707,9.596971319993904e-05,9.18271573270371e-09,0.0005438469160767338,0.0019882425121492495,0.003999987301109283,0.0037259981403504868,0.3632440966053468
46,0.14501321361553246,0.21952046095875605,0.0038566982515989205,0.00017875247908161808,0.002506642015913367,9.951330144443049e-06,0.0016013527890570527,6.299264450510001e-06,1.0811322304286587e-05,1.6090608180328201e-06,0.023401943099585928,0.014606928569277682,1.4964985400114224e-06,0.017571574468691894,0.09111941989509682,6.902032935264577e-07,0.0014983066199752032,0.0006159552887628406,4.5541884499922005e-05,7.524163201508965e-09,0.0008647015212719971,0.003828231273874767,0.0055093341435435905,0.009666855138786156,0.45856322278297973
47,0.24725921326928063,0.16193710545689077,0.002977147052925198,7.273450179503949e-05,0.0011165407052897956,3.11960735819306e-05,0.003274498924045526,2.125239669588106e-06,1.2079184702103258e-05,1.326729082534092e-06,0.030183649466666185,0.014542082789697432,6.664605036435673e-07,0.02666567183527405,0.10004539149224217,1.644165139561995e-06,0.0002782484383778953,0.000638629307605677,5.174467142207821e-05,7.480515155379655e-09,0.0007773148973018754,0.004165409581343913,0.003911192865703148,0.0030232420125483966,0.3990311373983957
48,0.07056986192922791,0.4012985611786683,0.0018587730829646915,0.00012133437468882217,0.0018977067950171787,1.3358136045010753e-05,0.002636989069976334,4.532287727718442e-06,1.5586742576704787e-05,3.1583818958516444e-06,0.012363305210569732,0.003902602949819969,1.2195853873134536e-06,0.02626614969987078,0.1255587054995354,1.1326040051831717e-06,0.0003939822852220051,0.0002482985226789252,0.0001141943461825343,6.609765888030221e-09,0.0006027527627082303,0.004681914116747702,0.004320776762709887,0.0039179577722818024,0.3392071392937262
49,0.08327819048881359,0.21566105987084866,0.00580423065763606,0.00019396555729467513,0.004286669948085649,9.050610341966997e-05,0.003229648966592256,2.441012962098462e-06,3.0902431023439654e-05,2.5812072103412006e-06,0.05035944444371125,0.011885664904805448,1.317397288413643e-06,0.06831843011053086,0.13258857660683243,1.8427237308769203e-06,0.00015727390410204828,0.0005666931932501926,6.286668922135131e-05,1.1869998800459955e-08,0.0010015826364156268,0.003064122785452946,0.005901761070131125,0.0025373965668737592,0.41097281885376846
50,0.056017368309803216,0.26869695056567405,0.003884440586762255,0.00016138646410263462,0.0024224481319097373,5.514126285633573e-05,0.004826122294950827,2.123515852744708e-06,4.589754444284555e-05,4.508636256793864e-06,0.015090063193207876,0.0029299856789886097,1.0935519202475577e-06,0.06631500136243869,0.10416445645753246,2.2290639188875374e-06,5.197551660681209e-05,0.00019560449575297287,0.00011130871325059895,8.837960232746233e-09,0.0005309259580832243,0.001985400335396523,0.0030349388836167263,0.0016105613933481385,0.46786005924536667
51,0.06114183592324,0.3508746223044136,0.004615732653580481,0.00030304951763969685,0.0027908767684036483,5.0185051913233676e-05,0.004169326243094449,2.8587986312109983e-06,2.7877277540925356e-05,3.3787503403168043e-06,0.04556119637190964,0.007090542825398156,1.5914544282307036e-06,0.0694147466788891,0.06353818511514567,7.317586705654267e-07,0.00011411646457171082,0.0009122462149835354,5.195037842023692e-05,1.203652181732807e-08,0.0010418499500730808,0.0028153532006112065,0.00381362333391551,0.0027127919495828915,0.37895131897808115
52,0.10134346885441596,0.23199626639977505,0.003632074698183681,0.00024247185614239075,0.0024613867749330156,0.000482883615180549,0.007078729197447613,1.5495010192723869e-06,3.8674810636743525e-05,4.183166359198706e-06,0.12202435763049362,0.0061820905690760436,1.3923753259215076e-06,0.061576931863164874,0.1263160946534029,2.9995364046475674e-06,6.776016622506686e-05,0.002255966592678115,3.221073907395655e-05,2.7445922696919285e-08,0.0011174463043967294,0.002915939109120896,0.01126280222474743,0.002591914567173753,0.3163703773486999
53,0.0863151575503082,0.16734091156756395,0.0033449156316719894,0.00014178622918862,0.0008723598555312383,7.395055570623027e-05,0.01016511994881539,1.5263691693065831e-06,3.460292994015942e-05,1.7234761758196445e-06,0.060205520588788884,0.0028778600524978428,8.224010918362255e-07,0.029706356719260568,0.19919800910838323,2.42970350659161e-06,6.711884160929643e-05,0.0003324057133488535,4.130525361023721e-05,1.443867931414111e-08,0.0005514246861183607,0.0011649835223697706,0.008303926131690014,0.0028473964947223584,0.42640837223025185
54,0.07630916335181544,0.2722601618042178,0.0063794355298863355,0.00027336010671859826,0.0073519462407809905,5.774673306354072e-05,0.002210096224416829,5.1769161113502016e-06,3.672959084122701e-05,2.183198921550911e-06,0.07811819503250265,0.010969984193412089,1.7139428034450798e-06,0.04111216402734585,0.13926426224373079,7.955093225007786e-07,0.0004137192314837634,0.0008189274963628521,7.419177461456323e-05,1.0033096694299568e-08,0.0011951570714213255,0.0029994005859773115,0.006127807964226845,0.005464947048182319,0.3485527241487432
55,0.09550182778641574,0.20624948318939512,0.006224237720942436,0.0001973688996220146,0.002051759686939099,3.6003607248359934e-05,0.0036517652813499576,2.4146828478469356e-06,3.883378979562142e-05,2.030448468111525e-06,0.03842699921231801,0.007678948111820248,1.4878603977372204e-06,0.034070452740323755,0.07181566689698128,8.446429154941861e-07,0.0001151913623958304,0.0004890178852786629,4.4591667521208895e-05,1.0344028136941466e-08,0.0005643965973292477,0.001225450879738009,0.0023869212085747046,0.0035307669062193056,0.5256935285911342
56,0.07127603138258796,0.2583234041950478,0.004799390284393452,0.00019056483579692936,0.003117647738262834,5.1968090707773955e-05,0.0033741124489439656,2.3177111879584105e-06,3.173037109878043e-05,2.5711186625304425e-06,0.03446076674695603,0.006005396651160067,1.3724935803177246e-06,0.049551491105738546,0.11902560870692261,1.3673117916178562e-06,0.00013155647054805764,0.0003841930303821771,5.998557149551967e-05,9.406420114873288e-09,0.0007153168084853867,0.0018799881018749832,0.004530779029271409,0.003037369960797324,0.43904506042788594
57,0.06121067650662943,0.2097487056798178,0.007285245103304017,0.00017230497314529804,0.005961888572228448,3.50187346490555e-05,0.0015638530834276802,4.323083366996737e-06,4.521265798034008e-05,3.1798484357488958e-06,0.020743272878035318,0.01357036417242344,1.3310949107763989e-06,0.0551654618002796,0.11911508403191529,1.3709680470351518e-06,0.00026749293001447546,0.00025206013487298124,0.00012212595859970588,8.018316888059876e-09,0.0010059318295478933,0.0033458775962403255,0.0024081892410502815,0.0023248724844691267,0.495646148618292
58,0.07412886914517637,0.2587141369026258,0.004685988354136097,0.00017837126934945352,0.0029064114150440506,4.22606856357512e-05,0.0032248226423856256,2.3995003396594437e-06,2.7677914522244215e-05,2.4072967855931788e-06,0.03155744633905879,0.005778143850702557,1.2656764310038413e-06,0.042643473263483535,0.11677843047968701,1.2332721534399049e-06,0.0001557573354367136,0.00039158596319255204,5.361735662444994e-05,8.39568278858805e-09,0.0007065180028043691,0.0019078700686619196,0.004652418276116701,0.0036259084342168757,0.44783297815974665
59,0.07948770881242281,0.24320975564347672,0.005626967404156313,0.0001809018918124427,0.0029131290202533823,3.9290216718005864e-05,0.003292030414649294,2.480869413268911e-06,2.827644976768619e-05,2.243058789319765e-06,0.032233529913232604,0.006142225233113681,1.2932946669438138e-06,0.04068841318178474,0.11040402809868603,1.1791449469586215e-06,0.00016269755501031763,0.00041687816736411343,4.7639329732772264e-05,8.647792192238393e-09,0.0007015264582464876,0.001723830016577687,0.004366697476811305,0.004236105719445259,0.4640911639811298
60,0.07113737594260788,0.2390943058847092,0.004412953717526745,0.00017944582071680571,0.002922701564199897,5.163442940833709e-05,0.0032060232415991523,2.1797378101070855e-06,2.9561396051528985e-05,2.4018740772146556e-06,0.03288265313337171,0.005879171660140707,1.1182868652331283e-06,0.04825947380746362,0.12123094532151366,1.3769102910765937e-06,0.00012494283771613695,0.0003671056624118119,5.975818195425765e-05,8.445864910269747e-09,0.0007400658425188643,0.0018780342501926285,0.004618995898681083,0.002720060431331684,0.4601977057209756
61,0.07579948824377955,0.24298316276885265,0.005915423519424284,0.0001792866223614655,0.003161421840679442,4.207287461718959e-05,0.00317824083432438,2.3965272511901425e-06,3.0703601139030475e-05,2.1980313490480476e-06,0.03470545916510979,0.006590003034685075,1.2932627323173389e-06,0.04440283379173368,0.11494795362790786,1.194527481143595e-06,0.00015242341950510736,0.00038182262023665607,5.2429119661966e-05,8.623577670356402e-09,0.000713940311136267,0.001730695571960854,0.0040673434293911825,0.0036909574706767423,0.45726724716042555
62,0.07113737594260788,0.2390943058847092,0.004412953717526745,0.00017944582071680571,0.002922701564199897,5.163442940833709e-05,0.0032060232415991523,2.1797378101070855e-06,2.9561396051528985e-05,2.4018740772146556e-06,0.03288265313337171,0.005879171660140707,1.1182868652331283e-06,0.04825947380746362,0.12123094532151366,1.3769102910765937e-06,0.00012494283771613695,0.0003671056624118119,5.975818195425765e-05,8.445864910269747e-09,0.0007400658425188643,0.0018780342501926285,0.004618995898681083,0.002720060431331684,0.4601977057209756
63,0.06983032314578082,0.2669072691131359,0.004200345038921734,0.00017120030753437027,0.0026777498080633646,4.714856140546628e-05,0.003254595041936342,2.1754999756101214e-06,2.9577252211655205e-05,2.4364246102487577e-06,0.03288692440554738,0.005201034220634555,1.1721949927765827e-06,0.043211905650456274,0.12089307672834697,1.253538726176174e-06,0.00012683164330436628,0.00036886178022942757,5.684062845525743e-05,8.500821871116897e-09,0.0006951460402031634,0.0018809860859537945,0.004290808039488309,0.0029784543380001914,0.4402838760112639
64,0.06750734336251075,0.22159787916428192,0.003987211997124439,0.0001704162650100748,0.002648835172705055,4.749105655570642e-05,0.0027321094755568607,2.2147991036352237e-06,2.7128342502644625e-05,2.2322445820338997e-06,0.03202628473842103,0.006156279340316761,8.479256073840746e-07,0.04439037976936044,0.12180810979983926,1.3068580966545809e-06,0.00013316565738147584,0.0003766790078179788,6.203712460489424e-05,7.760361763533788e-09,0.0009647659629811486,0.0019455312186616805,0.004418340124532832,0.0023755128220523452,0.4866178900100312
65,0.046798543581683553,0.10428030586455207,0.0033241123557720925,0.00031671222855253413,0.009129374337930237,0.0003408693367395397,0.0012612338797992806,8.521092730215691e-07,8.716383686787641e-06,2.7666185498167356e-06,0.037781167839331685,0.025647026599203725,6.698553168200847e-07,0.2734400837050418,0.05916874691532567,3.459711336879022e-06,6.920871352687819e-05,0.0010293414601378718,5.3621699210234126e-05,9.17078777890038e-09,0.0023051968246994314,0.002810757045468694,0.012781853837674991,0.0004501668877733112,0.41899520303862536
66,0.054452197204531864,0.17600219200614728,0.010057961176097153,0.0002674655748953916,0.005376388478585861,0.00018397340252087507,0.0054791573368661,3.2772467970087244e-06,0.00019392991343775083,1.0569611740765083e-05,0.01899073975538777,0.008785593110743138,3.01303095277626e-06,0.13822647307405422,0.08181417101384994,6.780353514019721e-06,3.2457901554660595e-05,0.00015679765829729392,0.00034183582086056964,2.8935072094961784e-08,0.0005978153478681234,0.0017048137519493785,0.001656242792849542,0.0006778651722997666,0.4949782603291266
67,0.07092516645194438,0.19562464849969569,0.0044903262048705695,0.0001941658144474966,0.0029662280393037968,7.461004100842384e-05,0.0036680956932491093,1.6672570869997175e-06,2.3146424636734814e-05,2.191471576745744e-06,0.03845093448696425,0.0069792007021845,1.1088785084777355e-06,0.06371006058509082,0.1325104547400163,2.081068708524419e-06,0.00010813859458764675,0.0003940261831440758,5.052346422186485e-05,1.0256824464351203e-08,0.0008073515600339008,0.0017051097761782187,0.007414928637552093,0.00233656807354926,0.4675592570946156
68,0.08361626227553548,0.21190970256339078,0.0033429399510811926,0.00018551670710475432,0.00212970517881594,6.557525406775455e-05,0.0032624362674527068,1.890961436869689e-06,2.0664100491955547e-05,2.102821163901223e-06,0.04561295703813393,0.006825468447513813,8.950588831844315e-07,0.03964855234417842,0.11321835416762063,1.4087281850337342e-06,0.00014186939993576797,0.0006357621795187211,4.192012267340312e-05,9.895673318801549e-09,0.0009198238936021717,0.0020227295520471276,0.00675121760229982,0.0027638785047241826,0.47687835698446907
69,0.03934929689435269,0.1478516198257674,0.003908658279609677,0.0001939011130218406,0.001096548167866712,1.2760069378290976e-05,0.0018851702797110406,2.2676473407121733e-06,2.3022607304461288e-05,2.039849460026843e-06,0.011462541707439596,0.0025550519083942526,7.926070317653003e-07,0.014350032741438253,0.056901673501906294,7.455707150916099e-07,0.00011440317668047206,0.0002095131314381967,2.8485206558439643e-05,8.236698765044551e-09,0.0004857442864488185,0.0005174571595744085,0.002159056554639306,0.0035473555746705246,0.7133418539025529
70,0.07310461469768235,0.1652472764987442,0.006777564458339201,0.00021529260855675616,0.00359684635912584,7.922820372707467e-05,0.003291570574436716,1.1934516292153449e-06,2.2393285738713395e-05,2.2292463552247148e-06,0.030299478327311967,0.00972485389496393,1.226730682363684e-06,0.11053447003329933,0.07834395129621638,2.0431382339381454e-06,7.005231270662771e-05,0.0003843073334234357,4.100346959615931e-05,9.476747785948642e-09,0.0007467217060348312,0.001447897373985411,0.004999041557439212,0.0016924911995981724,0.5093742427654252
71,0.2322175185731087,0.11189096051244281,0.0030859454718706694,0.00015988840312145745,0.0006779587198302441,2.8429383861206386e-05,0.009076933691798026,2.958493707217794e-06,1.2157942624222293e-05,8.30335892206457e-07,0.0643828647978714,0.010259388843080516,9.0222828762798e-07,0.026735861892511783,0.11607528490785979,1.944617736649741e-06,0.0002590453796655396,0.0007654127250753793,4.694988534549118e-05,1.588635073022972e-08,0.0008694140263485029,0.0016944945760109544,0.011307205864324384,0.004290753686197272,0.40615687915507726
72,0.1234946760771275,0.4468680225713666,0.0014900402716975453,0.00016144359940361845,0.0013106939366092653,1.8673005932229516e-05,0.004562070000886878,6.3466308291844815e-06,1.0473286518249472e-05,2.3108449089691393e-06,0.052987361758149144,0.005995888051556926,1.4700952996542304e-06,0.01592037064056347,0.10041630419910406,6.554003715009703e-07,0.0008660237412260056,0.001549294243023731,7.847667662580031e-05,1.0886137580078026e-08,0.0012388128375870697,0.0054497437186471764,0.0072210373779365445,0.0083469124094706,0.22200288773902074
