,0,1,2,3,4,5,6,7,8,9,10,11,12,13,14,15,16,17,18,19,20,21,22,23,24
0,0.003992643646869127,0.0005595320509993065,0.8361567733000344,2.6713234609033233e-05,6.560601143280018e-05,0.0006244293836475582,0.024426939718328627,3.3108736472223254e-07,0.12905419175486926,1.6651317500188873e-06,1.9314375094026797e-05,0.0006691112609943543,7.523288079007486e-07,9.971202073616744e-08,0.00016060706236004652,2.655621041162398e-06,5.0969298076920717e-08,1.1404006984746699e-05,0.00034826864549191734,1.2785805774735329e-08,0.00028559586565769855,4.0762232469875857e-07,5.819761733356438e-06,0.0002107258968204992,0.003376348765660013
1,0.0030230137937061197,0.0003308080160622714,0.943093428906301,2.7808998829530552e-05,1.3275782702220735e-05,0.00013758837049384403,0.025767047871663087,1.0507469499655383e-07,0.023330971257585955,2.955935447949257e-06,3.8075392910030623e-06,0.0004888392582397211,1.6381022883550897e-07,6.672404922894525e-08,2.258279640934042e-05,4.592847463620596e-07,8.585290594270564e-09,6.945627261430611e-06,4.991551551747679e-05,4.108577804566023e-09,0.00010269768696329316,9.325970968078892e-08,5.94763935575851e-06,7.09431582686808e-05,0.0035205209986038663
2,0.0052982849313227215,0.0006807209492390356,0.896280404232947,4.274516156559066e-05,5.4023058062917275e-05,0.00018003351397503329,0.053949502288543304,1.4449677031083186e-07,0.030113916522887623,4.265296810781604e-06,8.984539893498712e-06,0.0008016455719369886,2.8408755292881076e-07,2.515492060403945e-07,5.2956414455982134e-05,5.425930850567141e-07,2.5363450516276886e-08,1.422518153782971e-05,4.706272999664892e-05,1.0042333774657484e-08,0.00013662036872780507,1.698131543928077e-07,1.544060404863005e-05,7.665863024682799e-05,0.012241082058248746
3,0.003504778818178788,0.00046433074057238726,0.9247696944293319,5.3632000402252414e-05,2.4752955571299957e-05,0.00016130005139596942,0.04111225248915266,1.404135336742571e-07,0.02170763502623947,3.7268945741215427e-06,8.698233146124113e-06,0.0008028322548790688,2.0248299514324776e-07,1.796395757659902e-07,2.7295530859906783e-05,3.984708584724799e-07,1.8121749895906247e-08,1.0705770958501243e-05,4.578524773241054e-05,6.296635868327146e-09,0.00015730972227074113,1.5495665042225543e-07,1.703488314127529e-05,9.323368294671693e-05,0.007033900886647424
4,0.0038574295276670094,0.00048397172481888105,0.919943266886482,5.864718340610926e-05,2.655878293407096e-05,0.0001657131632926278,0.042032400897336154,1.4058159896915292e-07,0.023960250464597623,3.682145960454903e-06,9.193064241055665e-06,0.001023952817380702,2.9059232577787787e-07,2.085294116813817e-07,2.813655964339799e-05,4.186063836438388e-07,2.2967728614557195e-08,1.1916511535218126e-05,4.922742210597894e-05,7.2343681482436585e-09,0.00018041498971816116,1.8152084842161762e-07,1.8172436230134543e-05,0.00010337600530667297,0.008042419384678612
5,0.004095829405972845,0.00044824909479236527,0.9228363165818697,7.644195767690739e-05,2.0777427200296664e-05,0.00014986869248171473,0.04113314604503503,1.340899213339304e-07,0.020932211308128418,4.182172942819844e-06,8.698867539261832e-06,0.0010867456258771525,2.343104958872744e-07,2.1394254329626783e-07,2.322841687857277e-05,3.4969848300081804e-07,2.1032640556246614e-08,1.5501480418486114e-05,3.967284278572703e-05,6.690119168040486e-09,0.00019596835517162684,1.8146431926577327e-07,2.049877167081917e-05,0.00010949897664626344,0.008802022748389036
6,0.003504778818178788,0.00046433074057238726,0.9247696944293319,5.3632000402252414e-05,2.4752955571299957e-05,0.00016130005139596942,0.04111225248915266,1.404135336742571e-07,0.02170763502623947,3.7268945741215427e-06,8.698233146124113e-06,0.0008028322548790688,2.0248299514324776e-07,1.796395757659902e-07,2.7295530859906783e-05,3.984708584724799e-07,1.8121749895906247e-08,1.0705770958501243e-05,4.578524773241054e-05,6.296635868327146e-09,0.00015730972227074113,1.5495665042225543e-07,1.703488314127529e-05,9.323368294671693e-05,0.007033900886647424
7,0.0025512611927688855,0.0013393656255976623,0.7493251117014047,0.0003043170900452078,8.575397178459155e-05,0.00039922150459477076,0.11045325918592121,4.4821771688598434e-07,0.09505188167381844,7.492368792967006e-06,3.361483941266867e-05,0.004175433138884247,4.942228480788362e-07,1.1075705647258902e-06,0.0002956653802412384,2.2080741479418816e-06,1.0250769896728126e-07,3.121451047246648e-05,7.714249665539835e-05,2.3956239566529827e-08,0.0012042148282625364,1.9278116877024666e-06,6.060052763066231e-05,0.00012748807856165044,0.03447064952424694
8,0.004067419938435925,0.0005327428695011609,0.8941988836730641,5.425209087805845e-05,3.2094589536476204e-05,0.00021726444017703254,0.04890129416768947,1.9979900837458436e-07,0.04082585471430751,3.6148862198395646e-06,1.2628293913945602e-05,0.001147377875252647,2.7971494068423526e-07,2.1148456602544686e-07,6.503439590352526e-05,6.484643229546965e-07,3.016063580735197e-08,1.8058377315785914e-05,7.833661571841434e-05,6.7122072881351925e-09,0.00027115866614011146,3.7159537374601026e-07,1.3552642679431364e-05,0.00010179756248074567,0.0094568862697307
9,0.0068292128092724,0.0006484027021202166,0.884037602947852,4.17084086157103e-05,6.005016488671345e-05,0.00027322625172015536,0.05556567754786774,2.728713788193848e-07,0.04077173082196923,3.4002928361690954e-06,2.131017628912146e-05,0.000954603189374306,2.941524249476024e-07,2.9615377829167046e-07,7.353984839314262e-05,6.753995313833424e-07,4.1676616412826924e-08,2.1155806204567267e-05,0.00011694830460555197,7.2773114571985e-09,0.00018013507906387643,3.6071134380655627e-07,1.6334015472741306e-05,0.00011893535522816031,0.010264078035842774
10,0.003504778818178788,0.00046433074057238726,0.9247696944293319,5.3632000402252414e-05,2.4752955571299957e-05,0.00016130005139596942,0.04111225248915266,1.404135336742571e-07,0.02170763502623947,3.7268945741215427e-06,8.698233146124113e-06,0.0008028322548790688,2.0248299514324776e-07,1.796395757659902e-07,2.7295530859906783e-05,3.984708584724799e-07,1.8121749895906247e-08,1.0705770958501243e-05,4.578524773241054e-05,6.296635868327146e-09,0.00015730972227074113,1.5495665042225543e-07,1.703488314127529e-05,9.323368294671693e-05,0.007033900886647424
11,0.003610883927262324,0.0004684040107456379,0.9247611412495981,5.459317227508168e-05,2.5607386796000107e-05,0.00016082664897118257,0.0406919565805319,1.3976856546561094e-07,0.02200660017877978,3.696204637436742e-06,8.776305782097824e-06,0.000875846536058016,2.504018595803166e-07,1.8369872411697844e-07,2.607258577894053e-05,4.098177649285636e-07,1.9768736930344562e-08,1.0579249467327766e-05,4.78014677357666e-05,6.998053575671285e-09,0.0001602023395693932,1.5589267036056493e-07,1.7610939880987084e-05,0.00010148236670905502,0.0069667525030457835
12,0.01526804157956565,0.0019277760929490902,0.6379637128330881,0.00013982749084721964,0.00027959878299601843,0.0004756363553035091,0.06938558632336461,5.824685520686595e-08,0.02438402020061217,1.4436254037854357e-05,6.725121780044826e-06,0.0009722637770694002,7.796624250628961e-07,4.134128533210151e-06,2.6977007321618127e-05,1.7113846011754076e-07,4.10232712631608e-07,7.683269332070961e-05,1.5010575705167915e-05,3.5752931227781986e-08,0.0005930644378484279,1.8982008538144552e-07,0.00012947099956270728,4.2826515658399416e-05,0.24829241397696655
13,0.002392903739019396,0.0004058032225734406,0.9107213660424176,9.74644017094933e-05,3.0548761668306435e-05,0.00016434090742785336,0.05663210150070553,2.9013798407547034e-07,0.020156564266678247,2.6795396965770157e-06,3.223514958386495e-05,0.0017479006448651807,2.521795831283398e-07,4.302412106546079e-07,3.6145338626088955e-05,4.5744208888791484e-07,2.5581410449011564e-08,1.0928407708522634e-05,4.715564101620092e-05,7.1969766250571725e-09,0.00020663711791828068,3.0779374503105954e-07,3.740724002581452e-05,0.0001314386200572419,0.007144608885303638
14,0.005803313986148452,0.0013541056365675166,0.8726144618141165,7.601154489359697e-05,5.87148901364708e-05,0.00020852487687819874,0.08222051364268188,2.2133900378664406e-07,0.02577766480200307,8.043581488265019e-06,1.6753033376316644e-05,0.0010316111748447326,2.0278567989668499e-07,4.034762672772826e-07,3.8125905690851165e-05,4.894142236933493e-07,2.443182709794012e-08,1.3903441983520701e-05,8.77642418066606e-05,1.0023851524975309e-08,0.00016621911128129863,2.0834402965685036e-07,3.408912896451678e-05,0.00013651668863274977,0.010352102683622279
15,0.003504778818178788,0.00046433074057238726,0.9247696944293319,5.3632000402252414e-05,2.4752955571299957e-05,0.00016130005139596942,0.04111225248915266,1.404135336742571e-07,0.02170763502623947,3.7268945741215427e-06,8.698233146124113e-06,0.0008028322548790688,2.0248299514324776e-07,1.796395757659902e-07,2.7295530859906783e-05,3.984708584724799e-07,1.8121749895906247e-08,1.0705770958501243e-05,4.578524773241054e-05,6.296635868327146e-09,0.00015730972227074113,1.5495665042225543e-07,1.703488314127529e-05,9.323368294671693e-05,0.007033900886647424
16,0.0032285013402732253,0.0006941684505352205,0.8775700213831121,8.869111300521911e-05,2.3059591722133264e-05,0.00014451010931639156,0.07499954089258787,2.2721205776839256e-07,0.027760203348366676,8.688942079796174e-06,8.726664018805441e-06,0.002305672690276451,3.159644134003015e-07,3.21197718693845e-07,5.011458835230344e-05,7.041296229587113e-07,2.8916338131370857e-08,1.8465183261323973e-05,6.85436711098407e-05,9.615333325594569e-09,0.00049360631776176,5.290137410188591e-07,2.3354903988243335e-05,9.759985636367465e-05,0.012414394904643581
17,0.003529988990041894,0.0007279523507167728,0.8613742837766025,0.00015786573233453745,6.355939784056058e-05,0.00018804267763310287,0.08709184592541447,3.082456978409745e-07,0.023953177304769813,6.646931033000048e-06,2.390216756922819e-05,0.002715209109285462,5.821384532082978e-07,8.28802524971907e-07,4.320749598776962e-05,6.401713687627485e-07,8.094798795888967e-08,1.948409538116241e-05,4.904084326966332e-05,2.0604977643686496e-08,0.00044653367769464773,5.445465224973267e-07,8.654121620269046e-05,0.00014285176358111974,0.019376861087108798
18,0.006002313382559908,0.0005948665519672201,0.8609378144654807,7.337054437034701e-05,4.928383272449781e-05,0.00016804757641482635,0.07277385310295553,1.1213048745552039e-07,0.022298431650847664,7.4123741193399255e-06,7.658398786876678e-06,0.0015801140423714762,4.584825011495299e-07,5.286286412762384e-07,3.622947451073824e-05,3.38064461071102e-07,6.228226411266865e-08,3.2493036598523076e-05,3.031371234751326e-05,1.1943600145737562e-08,0.0003724108467358765,2.9595109428317285e-07,3.274437233548357e-05,6.988699868935271e-05,0.03493094815313464
19,0.002083142069459798,0.00043141172539781314,0.9031782869955258,6.85584030215118e-05,1.541841130695843e-05,7.773456631547643e-05,0.06514662545888242,1.6180709148923045e-07,0.02080091957226722,3.935603327472112e-06,6.12283133066442e-06,0.0016204186914746692,1.9966645727606212e-07,1.5705628332113665e-07,2.786341379877315e-05,4.5582132939014207e-07,1.1272953400238993e-08,7.478853311367844e-06,3.312209691457897e-05,5.268487025069776e-09,0.00018733926946922367,2.0858452518485698e-07,1.3736114678768057e-05,6.475649311603373e-05,0.006231929953274144
20,0.0021486604918642834,0.0003988398457697722,0.9112526837312301,7.074113719911334e-05,1.7662026955838106e-05,0.00014274868275415616,0.051763741048674865,3.597595773445338e-07,0.026025135646273075,3.828938345013123e-06,1.448686598236271e-05,0.001358438596527227,1.7162501757834185e-07,1.978897282096495e-07,8.27796702392835e-05,7.8739245709425e-07,1.8600081598359844e-08,1.2630199804186079e-05,6.309960575353594e-05,6.077434430910442e-09,0.0002218808524833269,5.175248277993944e-07,1.4628566319234147e-05,8.02293888204509e-05,0.006325725835880281
21,0.0033199838567746134,0.0005092483218357107,0.9139485674097426,7.330351575411295e-05,1.697829114238176e-05,0.00013291498415583756,0.04577005870607529,2.0731259004085067e-07,0.028632903275989094,4.218923564550182e-06,7.076221038764896e-06,0.001505749479739876,2.407893956318897e-07,2.396550104139012e-07,2.8093902393300383e-05,6.964078918791287e-07,1.1197944240431355e-08,1.100229248696318e-05,4.695425388731633e-05,6.531851100322041e-09,0.0001838361986212736,1.7830388241527874e-07,1.1080628497151335e-05,8.719369465331873e-05,0.005709255845082025
22,0.005430091517925694,0.0002720591993937717,0.9425132155300672,3.7744009615140305e-05,2.3047492545334073e-05,0.0001917994204914112,0.023936540174670003,1.2260584330062885e-07,0.018760981448455824,2.886594157313149e-06,9.880334849851154e-06,0.00047003276940123446,1.8958817543493648e-07,1.3433078959896904e-07,2.8960912637086184e-05,3.170750912586534e-07,3.1471766981742497e-08,2.1907102478687183e-05,4.256670935282009e-05,5.428036982737489e-09,0.00014559076421675343,1.876969732754804e-07,1.294499324966271e-05,9.54466216365391e-05,0.008003316208178962
23,0.003504778818178788,0.00046433074057238726,0.9247696944293319,5.3632000402252414e-05,2.4752955571299957e-05,0.00016130005139596942,0.04111225248915266,1.404135336742571e-07,0.02170763502623947,3.7268945741215427e-06,8.698233146124113e-06,0.0008028322548790688,2.0248299514324776e-07,1.796395757659902e-07,2.7295530859906783e-05,3.984708584724799e-07,1.8121749895906247e-08,1.0705770958501243e-05,4.578524773241054e-05,6.296635868327146e-09,0.00015730972227074113,1.5495665042225543e-07,1.703488314127529e-05,9.323368294671693e-05,0.007033900886647424
24,0.004993805867656554,0.0008316382693529452,0.909242653556482,9.220189868629873e-05,3.2593607115889786e-05,0.00017924532252461533,0.05039111748231774,1.8911099356280663e-07,0.023149932090632517,5.774984216058092e-06,1.0572124189591638e-05,0.0012239834533546547,2.6941968434128154e-07,3.663668661741913e-07,2.4240580898444244e-05,4.3986506549824577e-07,2.489315487460182e-08,1.3600331052653996e-05,5.640143339246969e-05,9.925975754139252e-09,0.0001901038405507094,1.8148656193764714e-07,2.961607338440704e-05,0.00012184203057623939,0.009409195985313989
25,0.002072779356731225,0.0004288680475369404,0.897414829526546,0.0001431497405020514,3.078734359220626e-05,0.00017071781116123407,0.0771766205579946,7.961927260966256e-07,0.01667656228345344,3.550072117370918e-06,5.193185203155769e-05,0.0015610896286717179,1.4980488740915812e-07,5.909844460191651e-07,3.0335222239318982e-05,6.760036269978343e-07,1.82570326386669e-08,1.0416896634948524e-05,5.811590669814798e-05,6.992262401513819e-09,0.00017209202813359416,3.0372225378022115e-07,4.269129265020161e-05,0.00014770715200608598,0.0038052133240640963
26,0.006072380061462696,0.00024841626517463263,0.9645375854209971,2.510198823929608e-05,1.694525219680183e-05,0.00015770129263244323,0.010910190228200247,3.4872356483430936e-08,0.014829387840101729,1.7760870838693504e-06,4.95109375627847e-06,0.0002322355050943746,2.1238658640784431e-07,4.200842541966954e-08,4.476969581584285e-06,1.354005912314833e-07,1.3303577564585642e-08,7.878543934856473e-06,3.7944106290103354e-05,4.804274174280812e-09,6.816415297167135e-05,3.411207427724108e-08,1.458622507916359e-05,0.00023798995020531537,0.0025918121291122424
27,0.003369916522858431,0.0004522426015026002,0.915647426213852,6.145494992667036e-05,2.3971782061649356e-05,0.00017794104683038127,0.042413364530311914,2.045446907568699e-07,0.029232864443330966,3.5594093312096015e-06,1.2007295781767867e-05,0.001023642240189483,2.162807244569413e-07,1.8751380622022656e-07,4.7363643095644513e-05,5.713859819648352e-07,2.2733210235680628e-08,1.38402600229865e-05,6.095211010782397e-05,6.323343515442801e-09,0.00020624158415919884,3.118950972873372e-07,1.61788724391145e-05,0.00010469179128756373,0.007130820026056276
28,0.003504778818178788,0.00046433074057238726,0.9247696944293319,5.3632000402252414e-05,2.4752955571299957e-05,0.00016130005139596942,0.04111225248915266,1.404135336742571e-07,0.02170763502623947,3.7268945741215427e-06,8.698233146124113e-06,0.0008028322548790688,2.0248299514324776e-07,1.796395757659902e-07,2.7295530859906783e-05,3.984708584724799e-07,1.8121749895906247e-08,1.0705770958501243e-05,4.578524773241054e-05,6.296635868327146e-09,0.00015730972227074113,1.5495665042225543e-07,1.703488314127529e-05,9.323368294671693e-05,0.007033900886647424
29,0.003504778818178788,0.00046433074057238726,0.9247696944293319,5.3632000402252414e-05,2.4752955571299957e-05,0.00016130005139596942,0.04111225248915266,1.404135336742571e-07,0.02170763502623947,3.7268945741215427e-06,8.698233146124113e-06,0.0008028322548790688,2.0248299514324776e-07,1.796395757659902e-07,2.7295530859906783e-05,3.984708584724799e-07,1.8121749895906247e-08,1.0705770958501243e-05,4.578524773241054e-05,6.296635868327146e-09,0.00015730972227074113,1.5495665042225543e-07,1.703488314127529e-05,9.323368294671693e-05,0.007033900886647424
30,0.003504778818178788,0.00046433074057238726,0.9247696944293319,5.3632000402252414e-05,2.4752955571299957e-05,0.00016130005139596942,0.04111225248915266,1.404135336742571e-07,0.02170763502623947,3.7268945741215427e-06,8.698233146124113e-06,0.0008028322548790688,2.0248299514324776e-07,1.796395757659902e-07,2.7295530859906783e-05,3.984708584724799e-07,1.8121749895906247e-08,1.0705770958501243e-05,4.578524773241054e-05,6.296635868327146e-09,0.00015730972227074113,1.5495665042225543e-07,1.703488314127529e-05,9.323368294671693e-05,0.007033900886647424
31,0.004050590327286439,0.00031982823304118675,0.9579696877580783,2.9860786881447427e-05,1.1668514104471055e-05,8.863063444351148e-05,0.026188635873380866,1.2724577499713955e-07,0.00793878672099662,3.8130580733002493e-06,3.9871943599421125e-06,0.00030924933049293694,9.238480870057217e-08,8.977282597703262e-08,7.3455516000540875e-06,1.7364239871669377e-07,8.203249884145025e-09,7.239376033457499e-06,3.392332426608733e-05,3.471443642899763e-09,5.983319422930321e-05,5.052914316280979e-08,1.0203384646539828e-05,6.225823283384063e-05,0.002903913255606482
32,0.0039549681081928936,0.000497092137133797,0.9257337027222818,4.853405885861626e-05,2.408922206258011e-05,0.00017361916775739342,0.03911491281074664,1.48466186511173e-07,0.0227791402414828,3.8581028486572295e-06,8.89441286194015e-06,0.0007835948992306048,2.0828647004457019e-07,1.689486487616269e-07,2.8387203122965565e-05,4.1238166984948506e-07,1.8501469133127072e-08,1.1147188302101839e-05,5.9794163009368404e-05,6.07027417469171e-09,0.00015618542541579068,1.6566956180642163e-07,1.5808745406118816e-05,0.00010314058161215047,0.006502002485393514
33,0.003000070413026067,0.0007309765797511167,0.8893100173701958,0.0002500641802612918,6.507827170360863e-05,0.0004515335086903136,0.07760793866999645,1.115975129111939e-06,0.01764710461039876,1.1915073900931202e-05,6.529197861858848e-05,0.0021178175484980726,6.935749550576153e-07,1.2298536954461877e-06,2.8996399288763855e-05,1.2604672240152787e-06,1.141437850996528e-07,1.6946453223117253e-05,0.00016058958390414277,2.9744729797474647e-08,0.00048589879808774776,7.583414314296523e-07,0.00021502896560457373,0.0004309871067461821,0.00739854238715482
34,0.0019804967101052606,0.00043314508688411857,0.9025146859566638,0.0001213389373703217,3.0214949804676057e-05,0.00016467789721229985,0.0663887198329842,1.8531758098472758e-07,0.014070636280792486,7.428926758697155e-06,1.0753527961438366e-05,0.0010939956809598677,2.068238113241889e-07,3.739565095364149e-07,3.075197754741948e-05,5.085190102819496e-07,2.6553392312154305e-08,1.199782361031992e-05,2.3263094267313903e-05,1.162358011958974e-08,0.00025655567888193943,2.1817000435456438e-07,4.728630242179283e-05,8.178172505897855e-05,0.012730738646826278
35,0.0036686031251142942,0.0004519220795782407,0.9253658238275764,5.196572896104124e-05,2.343718687266658e-05,0.0001527112340588837,0.040551042193017084,1.3822256657781887e-07,0.021781061894696568,3.647575265982296e-06,8.211147443905082e-06,0.0007957410833802727,1.970596023806705e-07,1.6884162684472178e-07,2.5806271813830785e-05,3.825864276051143e-07,1.7319285488160092e-08,1.1120711026241245e-05,4.5225916956372535e-05,5.912189475588211e-09,0.00015338255286309618,1.5152489679790418e-07,1.566411547313764e-05,9.188607432069217e-05,0.006801685814985913
36,0.004172346435543867,0.0004792758015496501,0.8690538055600311,6.552104980193571e-05,1.8651990551024127e-05,8.409565111679775e-05,0.07799680069276915,6.638324591311201e-07,0.03580137021010575,3.3053266109877142e-06,1.1731808995805293e-05,0.004516656548942387,5.523010861527546e-07,2.9434373742776236e-07,7.518135743916705e-05,1.3389424291824315e-06,2.5294325700005345e-08,1.4723121404099125e-05,0.00010797696335092575,7.410949129246115e-09,0.0001897962119042315,7.024166583693243e-07,8.000728609919383e-06,7.175877357848462e-05,0.0073254172260497265
37,0.005585073722218249,0.0003321809235081401,0.9521361019379279,3.6108195669102286e-05,1.1043798025968023e-05,7.036168649693359e-05,0.02772679444992732,6.283522073553792e-08,0.009703565647640714,3.3652576218125986e-06,4.061566257729077e-06,0.00046080250214614293,1.0943195229306723e-07,7.04420803170276e-08,4.998407272964927e-06,1.0925974807467546e-07,8.484668921349262e-09,9.708966316660628e-06,2.9456381466767232e-05,3.0297426854950397e-09,7.875005966116338e-05,5.6558768528084077e-08,1.3481305675563524e-05,0.0001142520399986029,0.0036794731099867102
38,0.00467677603112627,0.00033123337965856956,0.9457052903918608,1.3918346697736859e-05,1.9462470793928545e-05,0.00020968637670664735,0.025443635716171337,5.726184628655659e-08,0.01894144165148917,2.697792405748851e-06,3.6832636769906045e-06,0.00021883922407779188,1.0355850034808338e-07,6.278713769462386e-08,2.3264025582611133e-05,3.0926011497976666e-07,5.936145380547404e-09,6.4800462584821825e-06,4.723396078456098e-05,2.4828141237832807e-09,4.781210228004234e-05,4.2442411849284896e-08,4.452286962712531e-06,6.163368962700535e-05,0.004241875514869014
39,0.011398215493634144,0.004308472907431645,0.7604575572135965,0.00013736858240161344,9.361073320017896e-05,6.816568851545645e-05,0.15582101886173394,1.1488047471198521e-07,0.04192550293401298,4.74755294012646e-06,2.1428687750781068e-05,0.0030636259791568896,1.1621420032402919e-07,9.940462307515716e-07,3.550178411107302e-05,2.1801020912409016e-07,1.0370822434095546e-08,1.1967305841354254e-05,3.527300663808513e-05,7.591231704452714e-09,8.088145413616017e-05,1.6959288844691715e-07,5.13540285336877e-05,0.00011543541835544283,0.022368241661952344
40,0.003553448311219506,0.00047641481324892803,0.9243092204980209,5.911994537220098e-05,2.539904085933088e-05,0.0001669677475429915,0.04177382129765535,1.5097601425025907e-07,0.021497718607725036,4.002361589769225e-06,9.240603630929915e-06,0.0008097683635783083,2.0442036180295662e-07,1.876945937853159e-07,2.6207663355658444e-05,4.1657323052120144e-07,1.9229964244018565e-08,1.1256798081449751e-05,4.728296709563715e-05,6.75584276561145e-09,0.00016649632022327078,1.5972617423985864e-07,1.8803334330326373e-05,0.00010140974693226749,0.006942276203356686
41,0.003665045096834355,0.00044721359524082903,0.923927071986778,4.541077127250775e-05,2.812601180763689e-05,0.00015615019503256229,0.03960050689357139,1.2322130797964452e-07,0.024500258225410066,3.0372088247512743e-06,7.897360311434993e-06,0.0006981889469268919,2.061300962899192e-07,1.522618235000584e-07,2.901347729103849e-05,4.2421444655548674e-07,1.5845799660154094e-08,9.687360803317325e-06,4.0354355036064824e-05,6.0549820878717186e-09,0.00012503701915689882,1.2447805295263417e-07,1.3186383790293215e-05,8.483933249316827e-05,0.006617923572909718
42,0.0017792747210980322,0.00025852670620316254,0.9401794432790151,6.135235378579607e-05,7.998411377398106e-06,0.00018205218216946244,0.028833677436786855,4.466975505058986e-07,0.02361636378461914,4.687418665105122e-06,9.630071327471926e-06,0.0013143514344464168,2.827141169631452e-07,9.038381943089891e-08,5.6209077644804204e-05,1.3195125150197177e-06,2.1319570222341824e-08,1.0788321868831156e-05,0.00014644804919496267,6.836697207673132e-09,0.00030594412333842183,6.024033271390574e-07,1.1329194035037311e-05,0.00013367303668667305,0.0030854805301409145
43,0.0019303814903628709,0.0003890011946661022,0.9375250014847638,6.221195022043144e-05,1.653912209211605e-05,0.0003304096903132584,0.03568414642111641,2.0682588684822992e-07,0.015829777026670405,1.7438002667409162e-05,5.384000174692398e-06,0.0005184009484608996,2.294581704392992e-07,1.6910562181450742e-07,3.078420202068215e-05,7.332366480024606e-07,3.074398621163652e-08,1.609712445956341e-05,7.654019558135638e-05,1.2674633329858105e-08,0.0005093087191881425,3.1687069437382696e-07,2.9143363262909416e-05,0.00011734249726776173,0.006910393651070079
44,0.003504778818178788,0.00046433074057238726,0.9247696944293319,5.3632000402252414e-05,2.4752955571299957e-05,0.00016130005139596942,0.04111225248915266,1.404135336742571e-07,0.02170763502623947,3.7268945741215427e-06,8.698233146124113e-06,0.0008028322548790688,2.0248299514324776e-07,1.796395757659902e-07,2.7295530859906783e-05,3.984708584724799e-07,1.8121749895906247e-08,1.0705770958501243e-05,4.578524773241054e-05,6.296635868327146e-09,0.00015730972227074113,1.5495665042225543e-07,1.703488314127529e-05,9.323368294671693e-05,0.007033900886647424
45,0.001828011803714224,0.00019579206096299572,0.9398073700064137,3.346731760088405e-05,1.4355310317543699e-05,0.00015142210458803305,0.03395036913128525,3.2123573767548154e-07,0.020875874259465493,1.7989681028525672e-06,1.2525358212706669e-05,0.0004978175804318746,1.0814144108325598e-07,7.421482334969103e-08,6.63882450547977e-05,9.434153792084342e-07,7.210170018403817e-09,6.325525858435404e-06,5.344432729219433e-05,3.3956543746515064e-09,6.127383512413993e-05,1.6220538446052584e-07,5.003033441551493e-06,6.781929658732327e-05,0.002369322016956035
46,0.003325975620553614,0.0004263742617408365,0.9291574459779507,7.13393275702552e-05,2.5894229470547815e-05,0.00020656561423500875,0.03678163310015531,1.7776834150276887e-07,0.02053744510335905,4.181656137835839e-06,1.1430475045545295e-05,0.0009129516867071642,2.882283873380481e-07,2.1647177057846945e-07,3.056200189324762e-05,4.820751234513879e-07,3.3644482257819255e-08,1.2911891800849934e-05,5.494094088553046e-05,8.939811132430698e-09,0.00022355227824021742,2.3738993990499393e-07,2.5783766221299818e-05,0.00012062131629727953,0.008068946233879366
47,0.005932519549239053,0.00044735405101806403,0.9118048167632968,3.7201011827533844e-05,1.7126082795655736e-05,9.398147054650774e-05,0.03936115413163055,8.930138174523422e-08,0.030740399472607954,3.601017205503462e-06,3.580942191489909e-06,0.001635614880411967,4.6861555456824787e-07,1.0165518238592124e-07,2.8654260223142914e-05,5.113563085160918e-07,2.3459203327316153e-08,1.3821378421835838e-05,5.9615778863239316e-05,6.363309414290853e-09,0.00021629700838135543,2.4835833360806825e-07,8.316846061499627e-06,9.119782834936565e-05,0.009503298417654986
48,0.005528745266716397,0.001361613934889851,0.9234579665132765,5.522448342938364e-05,2.7892009485395603e-05,0.00035620726484211177,0.043923260261893235,2.7153903721107675e-07,0.019544107505115118,9.552996551023745e-06,1.7123769459061915e-05,0.0007215321713360737,2.0981652597860205e-07,2.2726697505297723e-07,1.9633538477502323e-05,4.0600330605918234e-07,2.5266114344111945e-08,8.220893019988873e-06,0.0003711422158761281,7.372216263609699e-09,0.00017561527581100514,2.166898660798507e-07,4.284400121763589e-05,0.00030308904909293955,0.004074864895469657
49,0.002480164875783953,0.00031861028464444933,0.9425973193587321,5.602071094807266e-05,1.4090841737902645e-05,0.00014047024428796018,0.030922679699152234,1.1058787383350578e-07,0.016172440895836845,3.4430488101659995e-06,6.662654441142677e-06,0.0008150340361626166,1.8913841793355465e-07,1.4765562056240876e-07,2.0414368093781097e-05,3.140659647652416e-07,1.444502938999376e-08,8.929766280917798e-06,3.3217232501107075e-05,5.316930527797756e-09,0.00016041426028402117,1.412493125331966e-07,1.704411863383765e-05,8.6171335257679e-05,0.006145949809261429
50,0.003360914323071405,0.00036745187766424155,0.9306192842800236,6.065546522692513e-05,1.8298134132565098e-05,0.00022093889475459472,0.015696484488794415,8.482747207827151e-08,0.044131641241063405,1.2936065225797734e-06,1.0350743269927764e-05,0.000668426803070443,2.134175371894482e-07,9.44638145537007e-08,2.916997791787336e-05,3.989458767570357e-07,1.7409246637435852e-08,1.002117886743927e-05,4.6309952306526374e-05,5.226694723077767e-09,0.00016859062380603882,1.4264310812679542e-07,1.1496231918670212e-05,0.00015174181670155894,0.004425973427137548
51,0.005770744219028014,0.0021147585934754125,0.9019150452182125,0.00015871489503272321,1.0487887676703044e-05,9.227054519066006e-05,0.048444209855371755,3.5775056702939276e-07,0.03181663201467241,5.217446845679922e-06,1.1375742776068198e-05,0.0021935267470963755,6.858001628761868e-08,3.7198639509826957e-07,4.313095470298727e-05,2.8187184104372874e-07,1.13764294633306e-08,1.3799278403475855e-05,0.000103006934035161,3.9834095599048475e-09,0.00017387854732965532,4.630022503366798e-07,1.640755334574256e-05,8.239926708036196e-05,0.007032835748815099
52,0.0046155230213078425,0.0002566043778263175,0.9348628814355272,3.1016788777610484e-05,2.6156422729932962e-05,0.00029555803993555987,0.026680818743252104,1.5277688217574402e-07,0.024732185389259417,2.9414759025248065e-06,1.1100693912051328e-05,0.0003883193657542468,1.5600062572669877e-07,1.6666765360325526e-07,4.86429356307012e-05,4.5288329648731754e-07,1.8661947261935507e-08,2.110110561640509e-05,4.6491400377666255e-05,4.601364816352797e-09,0.00010502832258823457,1.547568424064901e-07,9.531461747099795e-06,7.90660249688643e-05,0.0077859266462735575
53,0.0038106481003945545,0.0004705153255755612,0.9300539744779162,5.201009836144595e-05,2.309940511318545e-05,0.00017187991907179238,0.0352204294367832,1.3186057001540697e-07,0.022230583179555365,3.6184307098730676e-06,8.215363226671952e-06,0.0007494581399188584,2.040387328968699e-07,1.7084142321579825e-07,2.5763553209577215e-05,3.799223929772985e-07,1.8776183388737497e-08,1.1124149301120072e-05,4.9116384901067794e-05,6.2118285117382136e-09,0.00015763676607182255,1.498107158993416e-07,1.621376136760777e-05,9.716792832916991e-05,0.0068474841183456085
54,0.0026146045331087208,0.0003279347169271718,0.935479440559634,5.836167152634438e-05,2.0343671778120875e-05,0.00016272867811671909,0.03661721704836949,1.7432991864868236e-07,0.019217618605987058,3.0370177040813344e-06,1.1379003145600785e-05,0.0007409038278108031,1.9495280422049032e-07,1.4499302817462633e-07,2.0566611580527584e-05,3.9017706700893796e-07,1.7723207207329183e-08,9.511194324817105e-06,4.824686883311581e-05,5.729227082704292e-09,0.00017294626623180916,1.5663375121087393e-07,1.8873181224306775e-05,0.00012123083923124983,0.00435397116546263
55,0.0014985098182847868,0.000770091392711422,0.9263032072731087,9.870304754562669e-05,0.00010218181123244228,0.0008502993338281732,0.05441526633700255,6.818231416688734e-07,0.003378927346729111,2.8589822875840455e-05,6.153194395130883e-05,0.00014527272926371683,6.129259283124564e-08,1.1783168836403658e-06,5.5230919521209336e-05,6.078254682738988e-07,9.532301082039376e-08,8.876336381402651e-06,7.408106465193498e-05,2.975126626490333e-08,0.00021002454992153315,2.8928933933736306e-07,0.0003808169117646748,0.00011290367402709968,0.011502542065495518
56,0.0036584805565882303,0.00046072110041187986,0.923904496189849,5.398081133679898e-05,2.459789149733069e-05,0.0001617530070238445,0.040998799547034656,1.4011405528863388e-07,0.02229468515784806,3.714221298575932e-06,8.672017853761796e-06,0.0009049622914116077,2.5006913269873886e-07,1.8520777627398592e-07,2.6799493382845743e-05,4.090564158685069e-07,1.96195113368054e-08,1.099492534985127e-05,4.8949690572572333e-05,6.684214819161053e-09,0.00016336619633007754,1.6226680434012524e-07,1.694018291495103e-05,9.977566607294995e-05,0.007157138035312463
57,0.0037843415208470596,0.0005128412123389804,0.9128728186977786,5.781022562030531e-05,2.2719231109224755e-05,0.0001324456735721553,0.04617353376070506,1.6792749629308472e-07,0.026080481970053117,4.420049219281429e-06,7.07668476286627e-06,0.0015349489678210073,4.1484774390584557e-07,1.8265982337055565e-07,3.184740253706371e-05,5.576719761742216e-07,2.6944515992538558e-08,1.1675345677802142e-05,6.471267481536751e-05,9.041473412848687e-09,0.00022271139847586177,2.611844158187774e-07,1.674662897598114e-05,0.00010186882761748284,0.008365379450627763
58,0.0039526740168370125,0.00041158894366511643,0.9308251457679683,5.004209910448493e-05,2.1926787144510837e-05,0.00015647430695027152,0.03599959190214173,1.2499809155334924e-07,0.02186380727076944,3.16924562282229e-06,8.949154559919427e-06,0.00083890198413681,2.402105801548787e-07,1.4540180624852109e-07,2.009443275101339e-05,3.640042214890952e-07,1.625768249083709e-08,1.0378897633604687e-05,5.237071861919595e-05,5.812814841648243e-09,0.00014191668199522002,1.3381311263506038e-07,1.6403577276130288e-05,0.00013055950878647696,0.005494974205728693
59,0.003088626861969497,0.0003445520525066567,0.9411732652287925,4.562139365854025e-05,1.7669319957750422e-05,0.0001393809757075633,0.030932433528930704,1.0923782261497316e-07,0.01882877214479726,2.92489335092946e-06,7.442079585051072e-06,0.0006446351833693601,1.7801993091394205e-07,1.0922801382106597e-07,1.8292560848424533e-05,3.313892876424792e-07,1.2628883730361649e-08,8.384867456766911e-06,4.11589063019676e-05,5.168765281165428e-09,0.00012819682298609596,1.119942792670588e-07,1.4329979177842947e-05,0.00011198933811823453,0.0044514661955014365
60,0.003504778818178788,0.00046433074057238726,0.9247696944293319,5.3632000402252414e-05,2.4752955571299957e-05,0.00016130005139596942,0.04111225248915266,1.404135336742571e-07,0.02170763502623947,3.7268945741215427e-06,8.698233146124113e-06,0.0008028322548790688,2.0248299514324776e-07,1.796395757659902e-07,2.7295530859906783e-05,3.984708584724799e-07,1.8121749895906247e-08,1.0705770958501243e-05,4.578524773241054e-05,6.296635868327146e-09,0.00015730972227074113,1.5495665042225543e-07,1.703488314127529e-05,9.323368294671693e-05,0.007033900886647424
61,0.0032875701402013905,0.0003635416779428605,0.9383471849208588,4.537756309397133e-05,1.9217434878277102e-05,0.0001392083646964647,0.032858134670052504,1.118488151552833e-07,0.019090732838034346,3.0306244800784765e-06,7.5916849529605965e-06,0.0006739549316807253,1.9366961904889003e-07,1.1722395956943148e-07,1.9111400119114497e-05,3.312783633644196e-07,1.3640502789675808e-08,8.911031985305031e-06,4.1884990355537765e-05,5.385281125036034e-09,0.00012908519755504033,1.1592800251898767e-07,1.454625423141811e-05,0.00011010538952226235,0.004839921910815265
62,0.003504778818178788,0.00046433074057238726,0.9247696944293319,5.3632000402252414e-05,2.4752955571299957e-05,0.00016130005139596942,0.04111225248915266,1.404135336742571e-07,0.02170763502623947,3.7268945741215427e-06,8.698233146124113e-06,0.0008028322548790688,2.0248299514324776e-07,1.796395757659902e-07,2.7295530859906783e-05,3.984708584724799e-07,1.8121749895906247e-08,1.0705770958501243e-05,4.578524773241054e-05,6.296635868327146e-09,0.00015730972227074113,1.5495665042225543e-07,1.703488314127529e-05,9.323368294671693e-05,0.007033900886647424
63,0.0038712483468886804,0.0006089988743615038,0.9228150142358236,5.478113623476107e-05,2.6650447714654396e-05,0.00016341693201714285,0.04113372930150699,1.3387995488172064e-07,0.022710561104586118,4.220008263975344e-06,8.441498476561592e-06,0.0008139245681778946,2.0276626501817054e-07,1.88062121050904e-07,2.8796893708269844e-05,3.9266213493641613e-07,1.8766402813354818e-08,1.0245431894924476e-05,5.26248082675646e-05,6.974465702668798e-09,0.00015940926552885585,1.598209754742442e-07,1.858293075585234e-05,9.75093707286359e-05,0.007420741912744307
64,0.003039084922276,0.0004677207588513258,0.92344186720078,6.208387627682457e-05,2.249756592184554e-05,0.00017001278472369522,0.04099743677144529,1.322829207830509e-07,0.022274115683972907,4.710976791698706e-06,7.488849070130988e-06,0.0009585879786875586,2.5241696561660614e-07,1.971194668576285e-07,2.788414576388e-05,4.2425985083207265e-07,2.1554364395060424e-08,1.1906240819205649e-05,4.499177765823961e-05,7.712032287361526e-09,0.00024422352511812353,1.923167856944657e-07,1.9837905679562694e-05,9.710132834597601e-05,0.008107220045431181
65,0.0026847674076163927,0.0004473580432997443,0.9267086408779229,6.005852716711327e-05,2.200410362795781e-05,0.0001586416932375418,0.04659353728101036,1.582322395083013e-07,0.014678777719912918,5.76999219489397e-06,7.398833299460095e-06,0.0007015555669011354,1.6290511040921902e-07,2.127685178319997e-07,2.5232112122535874e-05,3.8411860693064076e-07,1.7142808467381426e-08,1.0153843461052608e-05,3.739930343483723e-05,7.162607537452479e-09,0.00017351076198811275,1.4645933891646097e-07,2.131120210347118e-05,7.468317530143648e-05,0.0075881107661683635
66,0.0035160988275921875,0.00019983559347435098,0.9605004443786918,2.0766293046450496e-05,2.2513872321740815e-05,0.00018931001701178474,0.0186856691240645,4.451569935147497e-08,0.012068710595134846,3.406635948600151e-06,4.1183805222246675e-06,0.00019871556174336596,2.1734073707742147e-07,5.3316627197154195e-08,9.831122440564572e-06,2.2417677673736539e-07,1.7428333096523953e-08,9.19505371323483e-06,2.8807909856142645e-05,6.419156990490532e-09,0.00011042860285515408,4.8858119711321336e-08,1.2693445318979199e-05,0.00011840249502598206,0.004300440035787997
67,0.0026042219815118396,0.0003442189855741899,0.9392159050688238,7.366673702316317e-05,2.3806931770520097e-05,0.00023986220837033214,0.0324323397982849,1.352899332975038e-07,0.01626177391484769,4.316433395727436e-06,9.724560424639084e-06,0.0007089850412566608,2.5797422714450007e-07,2.4391446459175e-07,2.1081310666323467e-05,3.986545758672555e-07,2.4504317888046766e-08,1.0875451074135587e-05,3.587560325364193e-05,8.72406315893367e-09,0.0002031678470563979,1.351791194879579e-07,2.952329107202472e-05,0.00011195119107741166,0.007667499403815032
68,0.0034673454230842674,0.0004554203642203422,0.9260360499906201,5.362628389139301e-05,2.3895377146704404e-05,0.00015851042079291567,0.04040842236709269,1.3817309992434095e-07,0.021356967341938333,3.698116005983391e-06,8.49615486375495e-06,0.0007966866910782704,1.9896800898141042e-07,1.759872480976237e-07,2.622052351908689e-05,3.8958917569679086e-07,1.7650452299876005e-08,1.05958417337431e-05,4.4829305151246665e-05,6.174372957323718e-09,0.00015670691298715783,1.5157899310281676e-07,1.6900394760759394e-05,9.294217947297264e-05,0.006881608190289351
69,0.0032743060634923627,0.00045316959928981966,0.9270841781170324,5.550944211090665e-05,2.4172210341060875e-05,0.00016143505110065125,0.04066304224967972,1.446665902701124e-07,0.020620126333605687,3.7183448251957166e-06,9.168640809037885e-06,0.0007878662973549084,1.95682726241187e-07,1.7798507876703903e-07,2.6167796749139767e-05,3.9883555073232033e-07,1.7483153303057302e-08,1.011382999414152e-05,4.546191802840094e-05,6.36760190741121e-09,0.0001575309272486312,1.5149800396050692e-07,1.8089119237616216e-05,9.779616565578492e-05,0.006507055374739563
70,0.003254358094307917,0.00014511614060004328,0.9456850162128533,3.9866429670959654e-05,1.4728424064440153e-05,5.878612001493553e-05,0.03117450298907566,1.575136128173523e-07,0.012280076797655417,2.0315761357013303e-06,2.5214299102192142e-06,0.0005051669935163352,1.6126119946036684e-07,1.2987298180455586e-07,1.9594672292167665e-05,4.5906014150635753e-07,9.80118573217112e-09,1.0925367114897568e-05,6.729288702330557e-06,5.133277774084683e-09,4.215621675773131e-05,5.7928953872276425e-08,3.5089361087992803e-06,1.7508961584148704e-05,0.0067364247782821796
71,0.004038844518662968,0.0007182760878559479,0.9073634959938239,6.874169912148858e-05,4.1587774618874246e-05,0.0001636812484799928,0.052247908369244256,1.409578689612906e-07,0.024454283035216542,5.377792870290711e-06,8.284772110969438e-06,0.0009587467887813749,2.99274809283653e-07,2.5013978925855857e-07,2.7716103359043448e-05,4.971369234125267e-07,2.5227047758610867e-08,1.1068213790255852e-05,4.3954763471475445e-05,1.2141624145899534e-08,0.00019097816947031862,1.5437261727371225e-07,2.595241645325736e-05,0.00010715296498655439,0.00952257003700254
