,0,1,2,3,4,5,6,7,8,9,10,11,12,13,14,15,16,17,18,19,20,21,22,23,24
0,0.00047112522598087515,0.024503555294145267,9.896137997116694e-09,9.50298837864437e-09,0.0007630685911872882,6.035468555623253e-07,0.0007804585416596327,1.530522336640865e-08,0.00910898095192837,3.0815046469895554e-05,4.89501792965679e-07,3.052357804571901e-05,1.7112225872168618e-07,0.0004867883591841104,9.776764192213419e-07,1.2586273328966728e-06,9.833349734409758e-07,9.875799921751624e-05,2.2233615676119457e-05,3.044447614809649e-08,6.60241975815287e-07,6.424397662327344e-05,1.8852364537303486e-06,1.0598468223868323e-08,0.9636323437845256
1,0.00057852715302251,0.026135351343824387,1.0520076769034484e-08,1.1108539963057112e-08,0.0009876646341060178,5.911351148708685e-07,0.0008597843037123291,1.932559832651677e-08,0.015580428919277061,3.664915501745036e-05,5.106557272573905e-07,2.561500658377918e-05,1.897682310518783e-07,0.0004407910514795864,1.0023568664953063e-06,1.604210303390667e-06,1.012974786981842e-06,8.991066455234829e-05,2.588470006955297e-05,3.1864107653236684e-08,5.269737842904352e-07,6.248527202665186e-05,1.977453908723165e-06,1.2884247539740598e-08,0.9551694065650349
2,0.0003582575515019402,0.016256742657965166,7.062054467195946e-09,6.6623057559143325e-09,0.0006495747354371947,3.329415128904935e-07,0.0005607113876599394,1.1591995698239846e-08,0.009121443220670815,2.62792929757029e-05,3.121835522865012e-07,1.5359363989496892e-05,9.461669886029261e-08,0.0003889397872963409,7.710100925906796e-07,7.504497232932278e-07,5.875348739987733e-07,6.925288190484987e-05,1.421539384519706e-05,2.6086843010392668e-08,4.261564011084971e-07,5.413047321145329e-05,1.5877482723413507e-06,9.11123472492317e-09,0.9724801700979808
3,0.00043179606822115504,0.023101095786097394,8.695897069266845e-09,8.708060106332799e-09,0.0007291807802033942,4.928942519644186e-07,0.0007091600782392289,1.3247727768936463e-08,0.00893546772033749,2.6045426077265828e-05,4.47257984239899e-07,2.752544219634109e-05,1.5242163918918687e-07,0.000466047162711449,8.58896618800655e-07,1.0326705903898847e-06,9.166703495517497e-07,9.205463704334544e-05,1.8285020143127108e-05,2.5109319293265235e-08,5.511328487917479e-07,5.9295774486882756e-05,1.723036819802775e-06,9.435609270666995e-09,0.9653978059265267
4,0.00041297496487714284,0.025679566453839366,8.845311574282284e-09,9.407866304016095e-09,0.0007914113604007665,5.311187718623496e-07,0.0007237910280573045,1.3250324314421165e-08,0.008856840477269277,2.48403340423561e-05,5.235691099880061e-07,3.491010909994886e-05,1.9975263687978028e-07,0.0005430304960779289,8.017605177616566e-07,1.0995661152181733e-06,1.0451220518539104e-06,0.00010251883925136323,1.8960763183863218e-05,2.6295251891286977e-08,5.723078564582314e-07,6.042507970369297e-05,1.8665996540875987e-06,9.012461241914514e-09,0.9627440234862675
5,0.0003962718006994772,0.015806447542026578,7.419160102816417e-09,8.88597263032948e-09,0.0005726775569120031,3.802160098805896e-07,0.0005956151408954373,1.1249684369468236e-08,0.00742256376512538,2.5534599037810556e-05,3.6832829786919263e-07,2.3713349703143506e-05,1.197275433928964e-07,0.00046210135954969934,6.494587941630729e-07,9.034407537037367e-07,8.491327493626437e-07,0.0001115007249665187,1.2402829393275775e-05,2.608654140406376e-08,4.946259051607948e-07,4.999343988719821e-05,1.649057635214389e-06,1.0034851457487854e-08,0.9745157002279048
6,0.00043179606822115504,0.023101095786097394,8.695897069266845e-09,8.708060106332799e-09,0.0007291807802033942,4.928942519644186e-07,0.0007091600782392289,1.3247727768936463e-08,0.00893546772033749,2.6045426077265828e-05,4.47257984239899e-07,2.752544219634109e-05,1.5242163918918687e-07,0.000466047162711449,8.58896618800655e-07,1.0326705903898847e-06,9.166703495517497e-07,9.205463704334544e-05,1.8285020143127108e-05,2.5109319293265235e-08,5.511328487917479e-07,5.9295774486882756e-05,1.723036819802775e-06,9.435609270666995e-09,0.9653978059265267
7,0.00021941224532387243,0.00836056069809009,3.066766272020941e-09,5.184977496296645e-09,0.0003590118014090381,2.1827840552577813e-07,0.00038782830810101925,5.5088966064485495e-09,0.00585654378945462,1.9387649786314567e-05,1.8682333467638667e-07,1.164774281276859e-05,4.426270399442795e-08,0.00034969258100826415,4.5645489744227785e-07,5.703582082868078e-07,5.114688879149729e-07,6.388397245517618e-05,6.585777809364294e-06,1.6208742677272153e-08,3.079525715372486e-07,3.4180446574085235e-05,1.3289451996110666e-06,6.411239513095953e-09,0.9843276040623439
8,0.0006737263447804562,0.04387737102406713,1.3480631963235251e-08,1.217835595470801e-08,0.0010962196654083726,9.323561591699196e-07,0.0010816403568699579,2.586125411803636e-08,0.01021884572470871,3.000449744022854e-05,7.175166823058115e-07,6.756302381763474e-05,3.9562867171518375e-07,0.0005802736541113348,9.984954472436602e-07,1.9898204523676043e-06,1.7363830392687445e-06,0.00014072425117466492,4.1314522229749575e-05,3.5147789510188267e-08,9.061155211048876e-07,7.809910030209544e-05,2.3552508190695034e-06,7.783963480909363e-09,0.9421040918163024
9,0.0004324986392709643,0.029591364357278657,7.804880814602449e-09,7.865895860327408e-09,0.0007684372588155504,5.68344395894435e-07,0.0008245137400669907,1.4253364159546533e-08,0.008268379430015712,2.2823964365908044e-05,4.698202049622619e-07,3.738737782834257e-05,1.994973060862212e-07,0.0004744613339454938,8.130809793443498e-07,1.18083057887635e-06,1.0250913420211221e-06,9.665031020138981e-05,2.220266024807542e-05,2.3272540254293368e-08,5.920237723548179e-07,5.907157397159789e-05,1.7831921629516242e-06,6.461233737580469e-09,0.9593955178153339
10,0.00043179606822115504,0.023101095786097394,8.695897069266845e-09,8.708060106332799e-09,0.0007291807802033942,4.928942519644186e-07,0.0007091600782392289,1.3247727768936463e-08,0.00893546772033749,2.6045426077265828e-05,4.47257984239899e-07,2.752544219634109e-05,1.5242163918918687e-07,0.000466047162711449,8.58896618800655e-07,1.0326705903898847e-06,9.166703495517497e-07,9.205463704334544e-05,1.8285020143127108e-05,2.5109319293265235e-08,5.511328487917479e-07,5.9295774486882756e-05,1.723036819802775e-06,9.435609270666995e-09,0.9653978059265267
11,0.0004504879503030464,0.025592384616682926,9.547750570211185e-09,9.602330706060008e-09,0.0007865163231855521,5.54143727764274e-07,0.0007685788751796626,1.5203429589963237e-08,0.009358757696351128,2.698458965532826e-05,4.968048266596645e-07,3.2185063534258696e-05,1.8892078788738734e-07,0.0004987861692712999,8.966669515178498e-07,1.1716276117870414e-06,1.0401996933283378e-06,9.850677406051395e-05,2.0816010185949268e-05,2.7526711397230708e-08,5.913945648494085e-07,6.330658348771923e-05,1.8595933911800197e-06,9.60992822959764e-09,0.9622958185063971
12,0.00044771770675971904,0.023463655584209316,9.006709903663093e-09,8.958070700216959e-09,0.0007241667914338057,5.084104956143618e-07,0.0007401835269428682,1.4204615088917337e-08,0.00932507742428648,2.716356738987928e-05,4.5837729278032516e-07,2.769995615523599e-05,1.5758852705109168e-07,0.00046276727565637327,9.029203674037365e-07,1.0744831348774758e-06,9.562858018023387e-07,9.194491081643346e-05,1.9256390428162222e-05,2.5778045024308402e-08,5.63406065480663e-07,6.265868846294226e-05,1.7478946398031649e-06,9.862899265642022e-09,0.964601271000794
13,0.0004892814549703644,0.031629845232221565,1.0075453474065846e-08,1.1402457405829281e-08,0.0010677763247348684,5.507005406370765e-07,0.0007617865037434612,1.2859696881577301e-08,0.009185681634734388,2.1189841602352394e-05,9.821564365365264e-07,4.437473351701114e-05,2.55474848343057e-07,0.0006272555088628738,1.159461007050868e-06,1.1725184712706723e-06,1.1229707628818766e-06,0.00010466892664594016,2.273198040281344e-05,2.3428809051082912e-08,7.035788107322597e-07,6.0632178370603144e-05,2.4303738193358444e-06,1.1470091466752435e-08,0.9559763292089887
14,0.0005333290633025682,0.051071473361650424,1.1763297540864138e-08,9.775645868453982e-09,0.0012458033059079647,1.052926110166077e-06,0.0009149903265802048,1.4089536864604714e-08,0.007949894756890792,2.529897556768295e-05,8.885685700090139e-07,7.104012254759686e-05,3.5442213359975844e-07,0.000703167679841321,1.0751209387503454e-06,1.6502131710338217e-06,1.2592642266181356e-06,0.00011865698757728922,3.821663166743921e-05,2.9777067030029162e-08,9.288602072282112e-07,6.326241964033471e-05,2.2333585777804367e-06,7.859151924475242e-09,0.9372553503701919
15,0.00043179606822115504,0.023101095786097394,8.695897069266845e-09,8.708060106332799e-09,0.0007291807802033942,4.928942519644186e-07,0.0007091600782392289,1.3247727768936463e-08,0.00893546772033749,2.6045426077265828e-05,4.47257984239899e-07,2.752544219634109e-05,1.5242163918918687e-07,0.000466047162711449,8.58896618800655e-07,1.0326705903898847e-06,9.166703495517497e-07,9.205463704334544e-05,1.8285020143127108e-05,2.5109319293265235e-08,5.511328487917479e-07,5.9295774486882756e-05,1.723036819802775e-06,9.435609270666995e-09,0.9653978059265267
16,0.0002963610325600254,0.011717069699141972,4.8612071544769e-09,6.857423651209185e-09,0.00039400835607261,3.0308205599563236e-07,0.0005158978665085514,7.4108936458259856e-09,0.0038887211557125283,2.5589549097210018e-05,3.0021247130256285e-07,2.8494706179830997e-05,8.656503314447073e-08,0.00047401912301368236,4.7082368368925146e-07,7.740360584234933e-07,7.249186919914067e-07,0.00013230190745943443,9.462940144407118e-06,2.3306031749240195e-08,7.122880083207628e-07,4.661811549530276e-05,1.3864975073889448e-06,6.524198375311854e-09,0.9824666481653496
17,0.00033438267731781743,0.017261964145028095,5.253284660791058e-09,5.651519756581901e-09,0.00045504202916695136,2.559391651087338e-07,0.0004490370941454648,9.735122948390301e-09,0.004205130095706696,1.5900821639265356e-05,3.036055045516464e-07,3.9963792733119935e-05,1.5035347736277196e-07,0.0004819699070248211,3.4382922165156353e-07,6.591247205707841e-07,8.953088604261753e-07,0.0001374291585564231,1.203962265402174e-05,2.071992667512853e-08,5.182244035617123e-07,4.972217947204849e-05,1.5244073953936624e-06,4.319456260950204e-09,0.9765527220044964
18,0.00022619263049008213,0.01105419100347865,2.609227616457916e-09,3.3532867270809485e-09,0.00020515255999937438,1.8053102553942902e-07,0.0003169480125978374,5.028510751956208e-09,0.003951437462532087,1.4996092762513608e-05,1.846694303702616e-07,1.8784957753683414e-05,6.727115708381373e-08,0.00035408401240862145,2.6751874066581076e-07,3.8795857051940123e-07,7.146347745311699e-07,8.739294308745616e-05,5.846286752242989e-06,1.2952161642496283e-08,2.9038614130077306e-07,4.0908212609818763e-05,1.075773913628061e-06,4.202041781208825e-09,0.9837208689365455
19,0.0004895697176029341,0.03066169127186207,1.3520277640455351e-08,1.2771144156391358e-08,0.001160263918326276,5.900424499811126e-07,0.0009371087466579208,2.1513406810504234e-08,0.010170454819617118,2.8879673618922126e-05,5.813877914416994e-07,4.309398659532022e-05,2.651262184292507e-07,0.000596548944406455,1.0202288622079102e-06,1.3879323941191522e-06,1.1335017571333822e-06,0.00011559524496152244,2.679356707732821e-05,3.293538928988443e-08,7.1286727368527e-07,7.754631791092452e-05,1.913310365936016e-06,9.669045121246241e-09,0.9556847589849874
20,0.000375058916629401,0.02208804402433918,1.0652207985403664e-08,1.0084078999157358e-08,0.0006913844790806137,5.835845407878829e-07,0.0009643000945097814,1.8384474969120458e-08,0.009248692597245213,2.9517829055838106e-05,5.533008151672555e-07,2.2412531750900628e-05,1.415244611598727e-07,0.00046681834339748886,1.8187736052033135e-06,1.0189599397849149e-06,9.269126411595482e-07,6.410055667709789e-05,2.2884765130389534e-05,2.8549964066564848e-08,7.626748393979651e-07,9.678165487209883e-05,2.130146650180206e-06,1.258808796308296e-08,0.9659219880710053
21,0.00046221439649569307,0.02358281749108027,7.811425563056062e-09,8.537207589227065e-09,0.0008614046438021787,4.258836705623629e-07,0.0004931400285148211,8.748373223704597e-09,0.006983163983355342,2.8592290364697994e-05,5.196256061972606e-07,3.842873017155086e-05,1.49160590199302e-07,0.0005744549965663868,5.761072521531647e-07,1.0089653072900262e-06,8.23105559628461e-07,0.00012798864886428193,1.629503540376855e-05,2.52632477432012e-08,6.970778380211309e-07,4.653750863616181e-05,1.5846925279088765e-06,9.138875759810093e-09,0.9667791181292629
22,0.0005254311841375621,0.01876191752323811,9.972120248119805e-09,1.0838856870663286e-08,0.000626012282825799,5.029373939151207e-07,0.0006663602182788856,1.4095635282247436e-08,0.007977176327342756,3.5443418339564656e-05,5.161697920875143e-07,3.26568292062152e-05,1.4957146344747178e-07,0.0005092665678939932,8.293901280109329e-07,1.2011655489776787e-06,1.2004769510683906e-06,0.0001300948729467696,1.8441525424472792e-05,3.088939632752037e-08,7.380362616178623e-07,7.011372107703602e-05,1.7834581315602054e-06,1.2510150204303393e-08,0.9706400860174592
23,0.00043179606822115504,0.023101095786097394,8.695897069266845e-09,8.708060106332799e-09,0.0007291807802033942,4.928942519644186e-07,0.0007091600782392289,1.3247727768936463e-08,0.00893546772033749,2.6045426077265828e-05,4.47257984239899e-07,2.752544219634109e-05,1.5242163918918687e-07,0.000466047162711449,8.58896618800655e-07,1.0326705903898847e-06,9.166703495517497e-07,9.205463704334544e-05,1.8285020143127108e-05,2.5109319293265235e-08,5.511328487917479e-07,5.9295774486882756e-05,1.723036819802775e-06,9.435609270666995e-09,0.9653978059265267
24,0.000386283094880511,0.024093952056732506,8.377605581418048e-09,1.0577401781196466e-08,0.0010748859392666543,4.685653799861977e-07,0.0006822155187597504,1.2370932530441863e-08,0.008773501063961232,2.3792890912089692e-05,5.109915924113308e-07,4.023388089332865e-05,2.0921429367261286e-07,0.0006488623998755547,6.551376402092586e-07,1.2434050910483935e-06,9.269449372178302e-07,0.0001211291112306582,1.7698758549745734e-05,2.7518156601180475e-08,5.25180042238166e-07,5.202946168644163e-05,1.8356649901163414e-06,8.058890490793266e-09,0.9640789738162976
25,0.0006778333760452462,0.024942098326950782,1.4593226237612926e-08,1.7650366702685666e-08,0.0010394231294347433,5.870648675882288e-07,0.0012264495032140246,3.111035074982617e-08,0.00990052164869688,3.262354571693313e-05,8.394763030705841e-07,4.812282311367994e-05,3.3402990755121676e-07,0.0005984046589373732,1.253838126212071e-06,1.8339453788136762e-06,1.4945988253340297e-06,0.0001609787259785058,3.1880451066892286e-05,4.089542085207853e-08,9.445968804775805e-07,8.585488843370157e-05,2.689107519222775e-06,1.2212746897641826e-08,0.9612457158024914
26,0.000595284401537372,0.021425870364036467,8.679828321827394e-09,9.949212990220452e-09,0.0007014134454611449,4.255915382247119e-07,0.0005700997129274141,1.531534990981464e-08,0.01580535212017184,2.6643418122749876e-05,4.3994396369539545e-07,1.81989482824972e-05,1.300632074410162e-07,0.0003612071039014027,8.544782301581299e-07,1.0212986374377033e-06,1.019320345513343e-06,7.950837800690797e-05,1.5312581770899005e-05,2.4694728780766456e-08,3.909092492255507e-07,5.0211628744907366e-05,2.098084972441851e-06,1.6463370676836637e-08,0.9603444431044016
27,0.00031983298289137754,0.017752014352285878,6.223552968757925e-09,7.03171983181544e-09,0.0005618801289721838,3.781427915442104e-07,0.0006405719674519434,1.0754513186521879e-08,0.010630668596675526,2.542043931769522e-05,3.66619678883762e-07,1.541363155589641e-05,9.83471945611149e-08,0.00039130629227011963,9.56738622568566e-07,7.799855568969998e-07,7.239361600090164e-07,5.7400227288188886e-05,1.2984156179603138e-05,2.1232922578674315e-08,3.957535938649478e-07,6.0448160160907385e-05,1.620580980082488e-06,1.0801697686014077e-08,0.9695266829159661
28,0.00043179606822115504,0.023101095786097394,8.695897069266845e-09,8.708060106332799e-09,0.0007291807802033942,4.928942519644186e-07,0.0007091600782392289,1.3247727768936463e-08,0.00893546772033749,2.6045426077265828e-05,4.47257984239899e-07,2.752544219634109e-05,1.5242163918918687e-07,0.000466047162711449,8.58896618800655e-07,1.0326705903898847e-06,9.166703495517497e-07,9.205463704334544e-05,1.8285020143127108e-05,2.5109319293265235e-08,5.511328487917479e-07,5.9295774486882756e-05,1.723036819802775e-06,9.435609270666995e-09,0.9653978059265267
29,0.00043179606822115504,0.023101095786097394,8.695897069266845e-09,8.708060106332799e-09,0.0007291807802033942,4.928942519644186e-07,0.0007091600782392289,1.3247727768936463e-08,0.00893546772033749,2.6045426077265828e-05,4.47257984239899e-07,2.752544219634109e-05,1.5242163918918687e-07,0.000466047162711449,8.58896618800655e-07,1.0326705903898847e-06,9.166703495517497e-07,9.205463704334544e-05,1.8285020143127108e-05,2.5109319293265235e-08,5.511328487917479e-07,5.9295774486882756e-05,1.723036819802775e-06,9.435609270666995e-09,0.9653978059265267
30,0.00043179606822115504,0.023101095786097394,8.695897069266845e-09,8.708060106332799e-09,0.0007291807802033942,4.928942519644186e-07,0.0007091600782392289,1.3247727768936463e-08,0.00893546772033749,2.6045426077265828e-05,4.47257984239899e-07,2.752544219634109e-05,1.5242163918918687e-07,0.000466047162711449,8.58896618800655e-07,1.0326705903898847e-06,9.166703495517497e-07,9.205463704334544e-05,1.8285020143127108e-05,2.5109319293265235e-08,5.511328487917479e-07,5.9295774486882756e-05,1.723036819802775e-06,9.435609270666995e-09,0.9653978059265267
31,0.0007275645890223138,0.024188440956783994,1.4242699118069839e-08,9.997640044266373e-09,0.0007956236392178921,4.071149288639146e-07,0.0006770491801315329,2.4405217161428054e-08,0.007527830698349564,2.5289489032419016e-05,4.038797185983532e-07,3.545177480134682e-05,2.2437962421122986e-07,0.0004045720345707382,6.48311306601733e-07,1.0682106508747897e-06,1.067409192722927e-06,0.00014426801475317684,2.6857214470472493e-05,3.2201106114981605e-08,6.689107868217811e-07,6.105347543614395e-05,1.7818239121965355e-06,8.363568986656928e-09,0.9653796396830782
32,0.0004418313983899229,0.02437413848097694,9.386228075309031e-09,8.808644017977687e-09,0.0007773485597694785,5.26418598209837e-07,0.0007353929605774977,1.4720703496680923e-08,0.008909054747786197,2.712284251545867e-05,4.6996144566027627e-07,2.9682059456592473e-05,1.6882079108472453e-07,0.0004823751784294989,9.047486170023079e-07,1.1103027575925878e-06,9.448492126127422e-07,9.249504287031437e-05,2.1515831331171054e-05,2.7427867916795596e-08,5.971529651863767e-07,6.469313189733745e-05,1.8212043952593261e-06,9.231078127794579e-09,0.9640377367326953
33,0.0005066967027486681,0.035446136814318754,9.059660718946144e-09,1.2727744769911978e-08,0.000688244946831254,7.305512333880269e-07,0.001303244942310199,3.022480454343449e-08,0.010659900866118347,2.7748610201117448e-05,6.059309825025641e-07,9.975435745058094e-05,6.254108356896793e-07,0.0007369370749676302,5.94087820144073e-07,2.2782687471681853e-06,3.0137555041497357e-06,0.00020262482026437933,2.9871977940670043e-05,3.477569244124104e-08,5.877090151753098e-07,0.00010597888217292106,2.120223249783801e-06,5.909635014292293e-09,0.9501822113697501
34,0.00037309325551716343,0.02035713288493037,8.19639001763255e-09,9.276395769466949e-09,0.0006580224710196462,5.490846988699156e-07,0.0007828074717398516,1.280914568704827e-08,0.008007734403363378,2.7188551273659633e-05,3.9281415330991433e-07,2.853999511258122e-05,1.3980525353192234e-07,0.0004861129663368705,8.504235703150781e-07,1.127864428472751e-06,9.68187386035915e-07,0.00010117192546401784,1.5602257890884785e-05,2.693477374722509e-08,5.714516014872978e-07,5.88127979604488e-05,1.6645055970988053e-06,8.836660981489195e-09,0.9690974508293357
35,0.000520689474876955,0.02322596011010573,8.690393266436447e-09,8.852977617089324e-09,0.0006763925786995434,4.496272523138911e-07,0.0007034666383660412,1.5621610539459416e-08,0.009607399757696733,2.725986881898628e-05,4.201731816837958e-07,2.8893947976954405e-05,1.6318251972331012e-07,0.0004264190988390826,7.435075221023626e-07,1.0825119877610182e-06,1.0238243079473272e-06,0.0001053585836858132,1.8952665772955576e-05,2.5169273008259322e-08,5.357242996423277e-07,5.940114542033947e-05,1.6688382517049347e-06,9.270889829598622e-09,0.9645936511352737
36,0.0004968216497653116,0.02735651542110754,5.8058638368482506e-09,1.1155688533948878e-08,0.00048514246689098105,6.041994837905715e-07,0.0012226252163702544,3.526728942624999e-08,0.014206362318815693,2.3454133282212686e-05,4.3858886337707325e-07,6.562135220787941e-05,3.60838254926834e-07,0.0004839444656138011,7.6054458313263e-07,2.344475609740272e-06,3.0882478896323117e-06,0.00013603706169481024,2.3683643123621998e-05,2.650841203470491e-08,4.547520580848853e-07,0.00010305013579058327,2.4864678508972026e-06,6.108577060640722e-09,0.9553861191749128
37,0.0006059276547717874,0.01649318296165221,1.1200027396647473e-08,1.1876493881062764e-08,0.0006608528069980495,3.6853988169765703e-07,0.0005939169448447734,1.2144911835819588e-08,0.007129478816158815,2.7262170841000757e-05,5.558766968664962e-07,2.657199033409042e-05,1.3506934178484524e-07,0.00047563300392706705,8.037842063900659e-07,9.598162184362735e-07,9.332650704696133e-07,0.00014533854834252399,1.4219984357428599e-05,2.6203531082607428e-08,6.051597560471241e-07,4.9147782342191365e-05,1.730426567666058e-06,1.6607530376911488e-08,0.9737722973651961
38,0.0005790427009191818,0.031898293087364776,1.2596863449506026e-08,1.2957276309334315e-08,0.0008312672311494291,1.3484665802866156e-06,0.0015578313890551876,2.79762839716154e-08,0.008686802689795148,3.681659445304586e-05,7.155932064905146e-07,5.436384059891346e-05,3.3402779817454574e-07,0.000547811205733533,1.591231528276233e-06,2.9577770356146767e-06,1.6727973151982773e-06,0.00012842633804619074,4.527138551720336e-05,4.5038973021513464e-08,1.0776166987031198e-06,8.537575132268914e-05,2.962133716244711e-06,9.977123428522199e-09,0.9555359295956455
39,0.0004912130873837098,0.035457916009071944,8.984108097745112e-09,7.681470130943512e-09,0.0012077584839241884,4.1621182947901837e-07,0.0004888036120893019,7.048337820878102e-09,0.015314037336685746,2.7170987676287296e-05,6.2426507377424e-07,2.4202443095024254e-05,1.3806513915977462e-07,0.0005586658958936745,7.696203131184049e-07,7.589703649091322e-07,6.660987705418428e-07,7.790477701462303e-05,1.4696428022114021e-05,1.8192627799841588e-08,3.611129384745321e-07,4.540281044435345e-05,1.2317201101790144e-06,1.4240898625956267e-08,0.946287205916717
40,0.00043169951323919134,0.023169583448404547,8.723013697795907e-09,8.702313344904307e-09,0.0007313364729685846,4.935619426593666e-07,0.0007084127233766919,1.323221258514116e-08,0.008919023172542522,2.6027945208265048e-05,4.4788982761459147e-07,2.759291894985399e-05,1.525299572305809e-07,0.00046678388363214653,8.600977852729561e-07,1.0312919839386324e-06,9.157529856096532e-07,9.203332398157437e-05,1.8319747025408314e-05,2.5106069238818814e-08,5.523044242796693e-07,5.9352073380027454e-05,1.7213222496182327e-06,9.427777002294606e-09,0.9653435948347491
41,0.00043830932274508896,0.025752625158603333,9.046596786754599e-09,9.253775703314279e-09,0.0008570029347490121,5.21713571897387e-07,0.0007318484341585757,1.3492358517674392e-08,0.011141070232471026,2.7060194769955435e-05,4.544363906363069e-07,2.6202915440374554e-05,1.5744324687167055e-07,0.0004675402490065213,8.9426594699362e-07,1.0859457139901436e-06,9.060789915399312e-07,8.453788270820542e-05,1.8351374405127152e-05,2.459778332866194e-08,4.974041629909161e-07,5.7657311863022074e-05,1.671236161050702e-06,1.0111088819910989e-08,0.9603915389632907
42,0.0007362881722846144,0.042781801180477544,2.365405189999077e-08,1.2928810730659635e-08,0.001032301418884204,9.39094727618457e-07,0.0013076714798088006,6.194224956071975e-08,0.014132266986884802,5.433413517652645e-05,6.277565385220795e-07,5.8597842463618745e-05,3.8575707532175024e-07,0.0005427667322612607,1.7897459006593174e-06,2.06645617787756e-06,2.0252453502912663e-06,0.00010087291563888385,7.940237160809054e-05,5.774773764089193e-08,1.369390523069392e-06,0.00023552175535444903,2.330029382919546e-06,1.1004582725136127e-08,0.9389264742560482
43,0.00045279227039702696,0.015286875142612847,9.449104617750495e-09,9.611087645316412e-09,0.0006575380819404142,4.972977250123435e-07,0.000695797087787404,1.609226593982136e-08,0.01337307183148748,6.0025614629242204e-05,3.330537117379342e-07,1.265310308450287e-05,9.292268015562157e-08,0.00039454307106765395,9.815015135612844e-07,1.1397098826997025e-06,7.257789993754606e-07,7.036583321719883e-05,1.8691779613542287e-05,4.1211671023064214e-08,5.989311334074067e-07,7.396724493210984e-05,1.6337558043285883e-06,1.637667111062975e-08,0.9688975832469799
44,0.00043179606822115504,0.023101095786097394,8.695897069266845e-09,8.708060106332799e-09,0.0007291807802033942,4.928942519644186e-07,0.0007091600782392289,1.3247727768936463e-08,0.00893546772033749,2.6045426077265828e-05,4.47257984239899e-07,2.752544219634109e-05,1.5242163918918687e-07,0.000466047162711449,8.58896618800655e-07,1.0326705903898847e-06,9.166703495517497e-07,9.205463704334544e-05,1.8285020143127108e-05,2.5109319293265235e-08,5.511328487917479e-07,5.9295774486882756e-05,1.723036819802775e-06,9.435609270666995e-09,0.9653978059265267
45,0.000626040679640294,0.028225192582872205,1.8886485307259882e-08,1.9788666291722318e-08,0.0010875538868162257,1.2372022372525278e-06,0.0021797974310021574,4.704437621582868e-08,0.01577526545103391,4.590262501219268e-05,6.976591337595817e-07,2.988324990967943e-05,2.788358850818978e-07,0.00047031194829936357,3.003055311651528e-06,2.9260092652649803e-06,1.4414283278970412e-06,9.14219685378298e-05,4.491353683609476e-05,5.090322123438276e-08,9.130136043646945e-07,0.00010618381391013452,2.82258932032767e-06,1.7595984671823807e-08,0.9513040588143106
46,0.0005542354459551342,0.02598724185968067,1.0258008742675306e-08,1.1313756365448596e-08,0.0006566045131678974,6.628420631689881e-07,0.0008034509672447399,1.8459202949348583e-08,0.009967645914955326,2.9377284881861303e-05,5.269703153853915e-07,3.8213003327927535e-05,2.0411667805805166e-07,0.000488868700345965,9.391378092959551e-07,1.3777652971825095e-06,1.5062483956849066e-06,0.00011781908957703922,2.161172088494603e-05,2.954624383715896e-08,6.693417433777314e-07,7.079303354682912e-05,2.0802784772496566e-06,1.148238577805903e-08,0.9612560907060546
47,0.0006714867180884432,0.040168307394954965,8.70428340545723e-09,5.200946337712282e-09,0.0004188697470225329,5.055050654328748e-07,0.0006327635109208129,2.18304351409563e-08,0.00811381161877704,3.0444088097512767e-05,3.660143558056272e-07,5.5002468264881954e-05,2.2566603082746003e-07,0.00035533408709112057,6.303572204649568e-07,1.0412188220199033e-06,1.6225996439656921e-06,0.00011456847230904595,3.1207958956024094e-05,2.4371738497597973e-08,7.624573582857946e-07,0.00010142345623426309,1.3633620501363222e-06,5.8578210417661295e-09,0.949300197333512
48,0.0012700012828635455,0.08369493174026488,2.593167133968579e-08,2.4644606197934424e-08,0.00089159508052649,3.182125981931263e-06,0.003145897635684853,1.1981831780176203e-07,0.01971749067542703,4.204579881183937e-05,1.0893995522996616e-06,0.0001250821913058187,1.2290240258449014e-06,0.0005176007544008224,2.481439244099045e-06,5.632476370177863e-06,6.644882808334538e-06,0.0001616585151969775,0.000116154956675171,5.5338834341357934e-08,1.3639823834816805e-06,0.00016107331387794717,4.048761520100072e-06,1.1676818212972026e-08,0.8901305585528305
49,0.0004276492266430935,0.03162295612155736,1.4526816981533098e-08,9.554763986145672e-09,0.0008005408032807385,7.444771523229727e-07,0.0007000458356243215,1.4717350015780144e-08,0.007086812990240166,2.9419010769677973e-05,5.187840154506829e-07,4.7946283065272e-05,2.0167435940071042e-07,0.0006188782232725755,9.915198358472034e-07,1.030184141018396e-06,1.2417178921140653e-06,0.00011499584148014409,2.3727448426036126e-05,3.262375381220519e-08,8.597213878150205e-07,8.802707277669529e-05,1.6242612924310011e-06,9.454055197358769e-09,0.9584317079260476
50,0.000739076565977867,0.05918801470129644,1.960933822516212e-08,1.958951609359804e-08,0.001457446829186009,1.4776466810655257e-06,0.0007386226561286553,1.788607667726178e-08,0.011741327114276053,2.4440875533603276e-05,1.2712767800877544e-06,0.00010444836670138309,4.0266198746780533e-07,0.0008549133641732402,1.35370431846839e-06,1.9655141060020263e-06,2.6033214219977754e-06,0.00016385266094877645,3.0561153700852136e-05,3.1600070443100545e-08,1.1235357829739658e-06,6.897531339270352e-05,3.162854996275419e-06,1.597262457244178e-08,0.9248748552249841
51,0.0007243342490673003,0.07650592263260014,2.375234746711271e-08,2.7815818844536477e-08,0.0019840453159354603,8.864658306153621e-07,0.0011715202741849774,2.7828516253719996e-08,0.036331959703159486,5.2962012188007655e-05,9.601224651931678e-07,4.412659119687153e-05,3.758303602267651e-07,0.0007900435905521898,1.5488364954510497e-06,1.565651600644922e-06,1.985038595033467e-06,9.742583248888608e-05,2.0962863894305688e-05,2.3631218956212984e-08,7.332351850809846e-07,0.00010077543591493914,1.4072131458347535e-06,2.399780349886922e-08,0.8821663320794343
52,0.0005568511252994664,0.0191978836126241,1.0259067532986197e-08,1.206273151941803e-08,0.0007883068654142059,5.710332823233641e-07,0.0007404982125351662,1.4511642673761652e-08,0.010337191370946517,3.560736397825869e-05,5.490028256653431e-07,2.745897862209131e-05,1.710834998903343e-07,0.0005197391749173156,8.493533904685725e-07,1.4384907441279453e-06,1.0369325966529161e-06,0.0001300657718009873,1.836719911189943e-05,3.5542557236707206e-08,5.764127226600278e-07,5.460001499266904e-05,2.0201314665072206e-06,1.4810705138115826e-08,0.9675861306825249
53,0.00045635718270736184,0.024576952723543558,9.311287976066583e-09,8.781122954334107e-09,0.0007601998587606838,5.053835625060745e-07,0.0006802403514819758,1.3301908332612718e-08,0.00891683510563978,2.6413700357854138e-05,4.633182758351762e-07,2.955439619902471e-05,1.582026585336462e-07,0.0004768430730923341,8.466183577241353e-07,1.0280522256825825e-06,9.47334342533308e-07,9.541978237066894e-05,1.923270516852661e-05,2.5290927526362858e-08,5.750926088734875e-07,6.056943085415642e-05,1.7018670993438786e-06,9.573464166246457e-09,0.9638950895619821
54,0.0365229989818296,0.03164091934089514,0.0002878243587327577,8.99675135636156e-05,0.30341458909424907,3.0118624140143718e-05,0.008584030390391002,1.1571945451303325e-05,0.02936192557945926,0.000398219906954477,0.001372707589601757,0.0001317515751713083,3.97361523044175e-05,0.008407080514648065,0.0011437167662069097,3.8750113204556406e-05,1.6960780039534216e-05,0.0015285029100795978,0.0023613798132934762,1.0464760785034172e-05,0.0005475009213336794,0.0009116972109013184,0.0006215050477671428,3.38483807191455e-05,0.5724922317282777
55,0.0006873314277627012,0.019919682200951763,3.2107686968794136e-08,2.894213990038013e-08,0.0010494898368283668,1.7926495353098616e-06,0.0017255251231133172,5.809507591671402e-08,0.013343731561114028,8.435208463747809e-05,9.772845432789035e-07,1.5365770053802607e-05,2.183562182135162e-07,0.00063350333515358,5.201882826087537e-06,2.9287595605561293e-06,1.5177245973666847e-06,7.066653351512524e-05,5.803839089581213e-05,8.358054153226873e-08,1.7070335115256782e-06,0.00017093238554846845,5.380809422201038e-06,3.498085680097007e-08,0.9622214191439098
56,0.0004450812710412201,0.024948754050912746,9.298123725577523e-09,9.453504873177389e-09,0.0007829583916812734,5.210293809780711e-07,0.0007495449930277295,1.4434038758871393e-08,0.009376877326203554,2.641186811637469e-05,4.9845934954641e-07,3.100831110792286e-05,1.8378215240507132e-07,0.0004979189609624447,8.747217511577682e-07,1.1178777655828534e-06,9.995244444764752e-07,9.812866586525068e-05,1.966761039986879e-05,2.65355035152375e-08,5.632994207647192e-07,6.150413743648843e-05,1.803924645062604e-06,9.725361903195034e-09,0.9629555123478023
57,0.00019839727295490925,0.006256156567631378,2.0155449073228676e-09,1.190434186270582e-08,0.0002423167390677035,2.8152764395293894e-07,0.0006156800994867985,3.867699888810615e-09,0.018180549477068878,2.51407902401759e-05,2.4086909815938203e-07,1.9894043097942884e-06,2.8880664308068716e-08,0.0003024091551181779,8.128045566645923e-07,6.02734369825579e-07,4.793455400977065e-07,3.783934787545248e-05,1.261849628288817e-06,9.152712641880391e-09,1.2391168912742707e-07,1.3362386802222358e-05,1.748909844800055e-06,2.5600798107021644e-08,0.9741205253853118
58,0.00044874013040676844,0.022596236598100828,9.331964631089645e-09,9.366129009042168e-09,0.0007169000085069051,5.108841438314878e-07,0.0007091969394550976,1.3315559622298948e-08,0.009799804307189275,2.83988769956457e-05,4.88909562487307e-07,2.5790771359114974e-05,1.514371135343724e-07,0.00046947408531904566,9.550947348033804e-07,1.0611877123090487e-06,9.436626441087387e-07,9.048285665731115e-05,1.785915768199445e-05,2.6418846646836512e-08,5.484480489084856e-07,6.152288336142024e-05,1.7686022108203244e-06,1.2094421127651664e-08,0.9650290946318748
59,0.0004382239215898228,0.02130408486268791,1.009789739465428e-08,9.650077364805945e-09,0.0007386588271776814,4.907486053650014e-07,0.0006648851296027678,1.3007697635554512e-08,0.009640286064048022,2.922280473707764e-05,4.826466424428091e-07,2.3509605686197186e-05,1.343647305709126e-07,0.000471373818366628,1.0161132164374758e-06,9.752107366104454e-07,8.816828688412099e-07,8.616418589960933e-05,1.723587749016835e-05,2.7399764997473445e-08,5.745900362060647e-07,6.298895339780817e-05,1.7686811350467378e-06,1.3375283844094044e-08,0.9665169683806236
60,0.00043179606822115504,0.023101095786097394,8.695897069266845e-09,8.708060106332799e-09,0.0007291807802033942,4.928942519644186e-07,0.0007091600782392289,1.3247727768936463e-08,0.00893546772033749,2.6045426077265828e-05,4.47257984239899e-07,2.752544219634109e-05,1.5242163918918687e-07,0.000466047162711449,8.58896618800655e-07,1.0326705903898847e-06,9.166703495517497e-07,9.205463704334544e-05,1.8285020143127108e-05,2.5109319293265235e-08,5.511328487917479e-07,5.9295774486882756e-05,1.723036819802775e-06,9.435609270666995e-09,0.9653978059265267
61,0.000477480907228843,0.022217566181095605,1.1097436972233491e-08,1.021680984182879e-08,0.0007664614167678496,5.138541711795017e-07,0.0006944838501281974,1.4413935329095297e-08,0.009471993623019391,2.9458878613843618e-05,4.898265011702892e-07,2.541576017191548e-05,1.453331888673459e-07,0.00047384260348105157,1.0191048680864126e-06,1.0153116516933598e-06,9.375980409221343e-07,9.382696799111168e-05,1.862174769442091e-05,2.82136215937276e-08,6.051706420016187e-07,6.453503818043106e-05,1.7658727033867826e-06,1.2903804197621798e-08,0.9656597441082522
62,0.00043179606822115504,0.023101095786097394,8.695897069266845e-09,8.708060106332799e-09,0.0007291807802033942,4.928942519644186e-07,0.0007091600782392289,1.3247727768936463e-08,0.00893546772033749,2.6045426077265828e-05,4.47257984239899e-07,2.752544219634109e-05,1.5242163918918687e-07,0.000466047162711449,8.58896618800655e-07,1.0326705903898847e-06,9.166703495517497e-07,9.205463704334544e-05,1.8285020143127108e-05,2.5109319293265235e-08,5.511328487917479e-07,5.9295774486882756e-05,1.723036819802775e-06,9.435609270666995e-09,0.9653978059265267
63,0.0004297430796567204,0.02448209606666327,8.565165941362014e-09,8.447373054500495e-09,0.0007342873168532686,4.940932475786581e-07,0.000701635598807445,1.2962157524033011e-08,0.009147859394257886,2.5463151128776807e-05,4.494723570521531e-07,2.7810736300296287e-05,1.5362633663698082e-07,0.00046319758468993117,8.589503189993433e-07,1.0036260857943309e-06,9.146068632047271e-07,8.909986760467525e-05,1.8155280962626572e-05,2.4039071317291766e-08,5.417650390330131e-07,5.9083744107051444e-05,1.6874193967180747e-06,9.284562704656342e-09,0.9638154013209925
64,0.00043478624385504845,0.023743573113706958,1.0090694161018382e-08,9.49337713727348e-09,0.0007794179157085773,5.379531081124586e-07,0.0007204001081740234,1.415152496359177e-08,0.008479005436851482,2.9022910013525687e-05,4.792361573054162e-07,2.8069090223047974e-05,1.4933089318863907e-07,0.00048103087938709664,9.848805979177773e-07,1.0230474929827796e-06,9.002224654684212e-07,9.016375147194164e-05,1.9988893708036625e-05,2.823741378965498e-08,7.180270771396326e-07,6.549948589875376e-05,1.83845533844153e-06,1.0424629664361059e-08,0.9651223386202312
65,0.0004268759542592776,0.026386400882287053,1.4824899157237166e-08,1.1636959321659262e-08,0.0008524280825254798,8.31681643528865e-07,0.0009727236718020611,1.7307455134867193e-08,0.008953091778575105,2.9630122830277683e-05,5.666758866138427e-07,2.7149867598949058e-05,1.6679457013027217e-07,0.0005119508602697496,1.7203414910198055e-06,1.1780039452844997e-06,1.0462301562621183e-06,7.843363660859159e-05,2.5133342608681532e-05,3.176814125274446e-08,7.65467591361506e-07,7.951895342427691e-05,2.0301235901499783e-06,1.306784147428466e-08,0.9616482689230398
66,0.00046491235389566673,0.02384288601421969,1.2624125783472982e-08,1.2669238088685019e-08,0.0014176887281410946,4.860585678875475e-07,0.0005414764664164787,9.219696212505535e-09,0.007988661521488714,3.7369038196877255e-05,6.762942356959478e-07,4.146816790295364e-05,1.682667466786269e-07,0.0007346115971261321,7.162037295707872e-07,1.2868889062155266e-06,8.579351475557086e-07,0.0001410185536241399,1.7954315526129477e-05,2.949325669090666e-08,7.949047051133029e-07,5.682422236600525e-05,1.5121420366499018e-06,1.2329759145178777e-08,0.9647085539909448
67,0.0001760983535700603,0.01143888391649631,4.7655074451795285e-09,5.6498289211265355e-09,0.00022998489486183367,6.784050066399422e-07,0.0004948973644447151,4.4546772684794975e-09,0.0026183094500068114,1.7822505960180328e-05,3.188690584021603e-07,2.5590272147521397e-05,9.519217110945904e-08,0.0005829437972252173,5.866704624107135e-07,6.324215301464249e-07,1.0133133770855057e-06,9.803148858438149e-05,7.977604584751495e-06,2.7280821571927668e-08,5.697252018039574e-07,4.0390184069935365e-05,1.9057694016167993e-06,7.310279376820305e-09,0.9842632203407244
68,0.0005266471161865772,0.019418128429919322,1.132343018776542e-08,1.2179884144128986e-08,0.000637770985303743,5.295638427684333e-07,0.0008985051947369085,1.8883030654442084e-08,0.006788766782255079,2.642724410192105e-05,4.921986761383395e-07,4.961074314305215e-05,3.0283897520540556e-07,0.0005717134938479166,5.719163260814909e-07,1.3906156125497171e-06,1.3507206918084657e-06,0.00021410026912119183,1.9838889688162784e-05,3.921196301775488e-08,6.671564557487498e-07,5.626636035026971e-05,1.966484089072098e-06,8.302615971061518e-09,0.9707848630957525
69,0.0006945651841162584,0.04032937405710821,2.135565512249806e-08,1.1726926892449723e-08,0.0006788168708026773,1.7506135936791778e-06,0.0011062400629767422,2.7615608125095392e-08,0.004444171244247426,4.201250528926769e-05,1.0769746655183388e-06,0.00010904434540389413,5.053482135928554e-07,0.0007886721742315046,1.4571463062657905e-06,2.1043519255137565e-06,2.2534719223561398e-06,0.00019841375985685478,7.17276407494376e-05,7.658052593592853e-08,2.582077850965393e-06,0.00012474129620222994,3.591894671787683e-06,1.0780042983348252e-08,0.9513967509211068
70,0.0004481545056503723,0.02418702118174229,8.630122265660882e-09,7.789451230556718e-09,0.0007005279518652036,4.7046277556443655e-07,0.000688130530853061,1.3095234572831725e-08,0.008339627063699144,2.5240829020812118e-05,4.5247218146910246e-07,2.668668273743544e-05,1.4595094182946546e-07,0.000438121657672696,8.995543033918331e-07,9.428896047497494e-07,8.52400613886319e-07,8.558052335576735e-05,1.972592743325093e-05,2.3399794142147886e-08,5.783868557153403e-07,6.135957749411207e-05,1.673975816742559e-06,8.994508037769129e-09,0.9649737455662722
71,0.0004384913269192356,0.022260318022212174,7.443017725532721e-09,8.610976894126721e-09,0.0007438938635015974,4.3819867632400213e-07,0.0006732314266334016,1.2961935549960177e-08,0.009480064767436602,2.5244289294442532e-05,4.559792717799871e-07,2.8092622350823618e-05,1.5218870614945945e-07,0.0004638875603542874,7.858286991251652e-07,1.083953077572744e-06,9.089446854092103e-07,9.434019168595785e-05,1.723190583366978e-05,2.4201559193136875e-08,5.206290221380302e-07,5.56273980372731e-05,1.8151398282998978e-06,9.2361781928523e-09,0.9657133533101062
