,0,1,2,3,4,5,6,7,8,9,10,11,12,13,14,15,16,17,18,19,20,21,22,23,24
0,0.004229759242929865,0.0005938557110137797,0.8277101767858507,2.5101584431307374e-05,6.59956972701227e-05,0.0005725985595112762,0.025598149604993816,3.350763881674327e-07,0.1361622034314424,1.6188579558548002e-06,1.8858046829166597e-05,0.0006849748602040148,7.125863956378122e-07,9.392157035820436e-08,0.00016881156732480738,2.654079056949631e-06,4.79808021189064e-08,1.1395920061819255e-05,0.0003643835368362304,1.1982326380414237e-08,0.0002705540778766665,4.1982461587192324e-07,5.198079768235419e-06,0.00020204535823074312,0.0033100436263136706
1,0.003228689551985545,0.00035407925596187906,0.9399761729602014,2.627947356224193e-05,1.3454391796702736e-05,0.00012645099883587635,0.02722826799095339,1.0713910870242579e-07,0.02479459664274649,2.888626281373407e-06,3.7350311894164164e-06,0.0005046875763283807,1.563170641632352e-07,6.333622619361137e-08,2.3927878572763626e-05,4.60026397746561e-07,8.164234744674451e-09,7.002975965310905e-06,5.250438298455484e-05,3.874510253991365e-09,9.816536706756596e-05,9.698333055665757e-08,5.337811083404395e-06,6.813508115986653e-05,0.003484728162451485
2,0.0056281824658384215,0.000723275418899982,0.8916244415134127,4.004785909218305e-05,5.442644789583818e-05,0.0001655248814207704,0.0566291874165142,1.463247321206773e-07,0.03197841107659994,4.14197925493271e-06,8.776344730521925e-06,0.0008240768292479135,2.711306589586098e-07,2.3603885967893003e-07,5.590907815298175e-05,5.458782606766651e-07,2.3865882183939126e-08,1.4184821868979463e-05,4.958513328482859e-05,9.42099183007416e-09,0.00012965540353664608,1.7533410231534917e-07,1.374772979506539e-05,7.385991644345933e-05,0.011981157690522817
3,0.0037372032441288713,0.000495758640145749,0.9210307493177448,5.037716725178615e-05,2.5051418930370304e-05,0.00014863289570691963,0.04332104545107055,1.427906813026856e-07,0.023096466099362507,3.632910297226076e-06,8.532782999091567e-06,0.0008272562737547138,1.9346126107946284e-07,1.6948083601063047e-07,2.8913069829344898e-05,4.013678727423837e-07,1.7117492778567967e-08,1.0719465421811089e-05,4.840687728658352e-05,5.9227862847442675e-09,0.00014959393865238417,1.6060548300581438e-07,1.5225523293896106e-05,8.998350132798295e-05,0.006911360676382184
4,0.00411203605840097,0.0005165977367512332,0.9160215170174444,5.5072110920441056e-05,2.687163700884813e-05,0.0001526622157362884,0.04427998630396179,1.4292936888341913e-07,0.025485684674819382,3.5885150698277083e-06,9.015821530831306e-06,0.0010546841363944508,2.775110697277572e-07,1.966718634024812e-07,2.979660175415846e-05,4.215403083261634e-07,2.1686388332485033e-08,1.192816515861366e-05,5.203177465973245e-05,6.802641949857784e-09,0.00017151066333490476,1.8807461611878836e-07,1.6237856394907653e-05,9.974251610413184e-05,0.007899780978298363
5,0.00436709164742615,0.00047861437141134936,0.9191331284892983,7.178677988084249e-05,2.1031185398740396e-05,0.00013811048347890328,0.043344298828725016,1.3636843067603374e-07,0.0222726525222264,4.076490690852969e-06,8.533651570064295e-06,0.0011195978132104187,2.238538629426726e-07,2.0182465787477552e-07,2.460847715608958e-05,3.522838501273316e-07,1.986553628584288e-08,1.551766611575646e-05,4.194997471880787e-05,6.292817541435752e-09,0.00018633264922636726,1.8806375161063093e-07,1.8319609010572057e-05,0.00010567272748531465,0.008647548080062892
6,0.0037372032441288713,0.000495758640145749,0.9210307493177448,5.037716725178615e-05,2.5051418930370304e-05,0.00014863289570691963,0.04332104545107055,1.427906813026856e-07,0.023096466099362507,3.632910297226076e-06,8.532782999091567e-06,0.0008272562737547138,1.9346126107946284e-07,1.6948083601063047e-07,2.8913069829344898e-05,4.013678727423837e-07,1.7117492778567967e-08,1.0719465421811089e-05,4.840687728658352e-05,5.9227862847442675e-09,0.00014959393865238417,1.6060548300581438e-07,1.5225523293896106e-05,8.998350132798295e-05,0.006911360676382184
7,0.0026964395816714078,0.0014176029194343193,0.7399731028659448,0.0002823692898508088,8.590960692007142e-05,0.0003621617394118481,0.11545237193624741,4.503305832154478e-07,0.10010299293722277,7.218614452361442e-06,3.253202175164396e-05,0.004269147583948264,4.6805150208948094e-07,1.033835977086535e-06,0.000309348431360202,2.1898457040556653e-06,9.583390440225819e-08,3.092288425086772e-05,8.055185387079401e-05,2.2285322806456e-08,0.0011347818410724357,1.9760066125867076e-06,5.353425917344331e-05,0.00012134827121878088,0.0335814271725916
8,0.004329068789039022,0.0005677451221179434,0.8890383431135739,5.086957394942286e-05,3.241844428924876e-05,0.00019980776987267527,0.05143156818951335,2.0277319267972824e-07,0.043341938934919264,3.517604981079541e-06,1.236301607949415e-05,0.0011799040467993904,2.6672062173344834e-07,1.991508653303829e-07,6.872466346321654e-05,6.518038346360541e-07,2.84287883811433e-08,1.8042952016213727e-05,8.264481169737971e-05,6.302291697169139e-09,0.0002573054065748803,3.84224715062669e-07,1.2093812448733607e-05,9.80698859943218e-05,0.009273834458360965
9,0.0072530925048321475,0.0006913392948057308,0.8783280712069623,3.9215815250776375e-05,6.0606801996193816e-05,0.0002512212133569464,0.05841617163145231,2.767136867928239e-07,0.04335309873952737,3.3109916163345977e-06,2.0853570621207107e-05,0.000985230003635381,2.815453790261294e-07,2.7880103656823823e-07,7.772163309397579e-05,6.797786969980205e-07,3.9401035700588744e-08,2.1135568888538626e-05,0.00012346486570270242,6.852581830128636e-09,0.00017180696278790603,3.7444786182628333e-07,1.4614315127104752e-05,0.00011489243449396927,0.010072214905570545
10,0.0037372032441288713,0.000495758640145749,0.9210307493177448,5.037716725178615e-05,2.5051418930370304e-05,0.00014863289570691963,0.04332104545107055,1.427906813026856e-07,0.023096466099362507,3.632910297226076e-06,8.532782999091567e-06,0.0008272562737547138,1.9346126107946284e-07,1.6948083601063047e-07,2.8913069829344898e-05,4.013678727423837e-07,1.7117492778567967e-08,1.0719465421811089e-05,4.840687728658352e-05,5.9227862847442675e-09,0.00014959393865238417,1.6060548300581438e-07,1.5225523293896106e-05,8.998350132798295e-05,0.006911360676382184
11,0.0038502368442157125,0.0005001010894006639,0.921015964098069,5.127900920208763e-05,2.5915349657901847e-05,0.00014819597131024353,0.042878190585647645,1.4213429212601737e-07,0.023414171122550006,3.6029909777537474e-06,8.60925717364331e-06,0.0009024297170975583,2.3920725108327156e-07,1.7330649801939198e-07,2.7618366429514846e-05,4.127862075971253e-07,1.8671924180632306e-08,1.0592799647799965e-05,5.0536649041496436e-05,6.582018757309363e-09,0.00015234166301149988,1.615738313335865e-07,1.5739914102340398e-05,9.793804967574507e-05,0.00684538226076607
12,0.0162283627440312,0.0020581342533003877,0.6365753390596792,0.0001315791003098588,0.00028248513325664055,0.0004383424325374542,0.07308539584592309,5.907760330990278e-08,0.02606046424603728,1.4060871377249564e-05,6.593903194199874e-06,0.0010072854905203146,7.494928868305502e-07,3.880657328794095e-06,2.858364437998583e-05,1.73247892940921e-07,3.870600177954201e-07,7.661339966105084e-05,1.591514000486465e-05,3.3742705291489423e-08,0.0005669473838436034,1.9716414028502527e-07,0.00011588219427092676,4.161736423202918e-05,0.2432609173508655
13,0.002544957483956683,0.00043160518335266785,0.9065571606810396,9.131874473510764e-05,3.080898158630603e-05,0.0001512029863266787,0.05948084110464906,2.938495877555571e-07,0.021424312088243677,2.6045890614610418e-06,3.147957476282339e-05,0.001796956047944501,2.4085171926225144e-07,4.0381558898591163e-07,3.81953727775751e-05,4.6056085528199857e-07,2.4086158695472944e-08,1.0906391067523146e-05,4.9714601187250907e-05,6.757587467189073e-09,0.00019616975746914266,3.1786844806177994e-07,3.3306207362524825e-05,0.00012667196289934117,0.007000040451632546
14,0.006161662729640026,0.001438148861269816,0.8668078243208657,7.113062105968449e-05,5.913782620126105e-05,0.00019150070296468678,0.08624813886208266,2.2404669508641584e-07,0.027342642699919668,7.804883307076693e-06,1.6355948499810722e-05,0.001059288492502874,1.9326760282995744e-07,3.786016317328038e-07,4.023180328133378e-05,4.916387512568782e-07,2.2981204571191382e-08,1.3860949264278076e-05,9.238556385442218e-05,9.394621345401938e-09,0.0001575574994222489,2.1501875839190067e-07,3.0327253789446604e-05,0.00013132333678141905,0.010129142696028312
15,0.0037372032441288713,0.000495758640145749,0.9210307493177448,5.037716725178615e-05,2.5051418930370304e-05,0.00014863289570691963,0.04332104545107055,1.427906813026856e-07,0.023096466099362507,3.632910297226076e-06,8.532782999091567e-06,0.0008272562737547138,1.9346126107946284e-07,1.6948083601063047e-07,2.8913069829344898e-05,4.013678727423837e-07,1.7117492778567967e-08,1.0719465421811089e-05,4.840687728658352e-05,5.9227862847442675e-09,0.00014959393865238417,1.6060548300581438e-07,1.5225523293896106e-05,8.998350132798295e-05,0.006911360676382184
16,0.003427706394898479,0.0007369023675679647,0.8722538833184887,8.297804376408596e-05,2.3225354075297912e-05,0.0001327677798544317,0.07863685286865875,2.2980924418512977e-07,0.029454659118719195,8.426010391821926e-06,8.517097912066858e-06,0.002366315700376543,3.012646945031731e-07,3.0107447695982594e-07,5.286418391027608e-05,7.076362703261233e-07,2.7182440025318125e-08,1.839312542366927e-05,7.213432291121342e-05,9.012728815665526e-09,0.0004676005874149753,5.452893794838148e-07,2.0769848022019865e-05,9.393744975836837e-05,0.012139945158618012
17,0.0037447441648555077,0.000773555883818495,0.855851721491993,0.00014745917838611739,6.400288214508132e-05,0.00017260076091107462,0.09131744153716337,3.109724360614308e-07,0.025438982877824822,6.443031059027304e-06,2.3305246636061724e-05,0.002787906602402389,5.549690504205916e-07,7.752353570649591e-07,4.553982028576822e-05,6.43519492828995e-07,7.585785511220613e-08,1.9355335259851748e-05,5.165637988961612e-05,1.9305343763088207e-08,0.00042289656684655876,5.603110300818702e-07,7.690057866192812e-05,0.00013765318727375128,0.0189148943040222
18,0.006371695054276562,0.0006328816193451493,0.8563085905003749,6.864271436634373e-05,4.968835951641729e-05,0.00015442053205527086,0.07639393924280795,1.1332171618663393e-07,0.023707448222760268,7.191912569590479e-06,7.4809753110884946e-06,0.00162473516158665,4.376136337586602e-07,4.951354758526895e-07,3.8229663241345006e-05,3.403409704293619e-07,5.8437511888675175e-08,3.2300130271654133e-05,3.197464355062848e-05,1.1206270001004261e-08,0.00035311010708709186,3.049681583194771e-07,2.9147121635762576e-05,6.744813623052515e-05,0.03411931487927658
19,0.0022193121770749816,0.0004600552723157593,0.8984083953624563,6.430532625843073e-05,1.5589916903144328e-05,7.157690144274778e-05,0.06853771802573673,1.643225033093153e-07,0.02210452680519294,3.831373526068281e-06,6.000300889512288e-06,0.001666777807447856,1.9053175506134164e-07,1.4800211371302256e-07,2.9476986256613152e-05,4.5851289225839815e-07,1.0638417952237665e-08,7.480896134677313e-06,3.498258862287651e-05,4.950066246183269e-09,0.00017790398407603798,2.1587023197340698e-07,1.2263544884891123e-05,6.243650499808036e-05,0.00611617339780177
20,0.0022840948413463793,0.00042473432990418775,0.9069262833474765,6.622900879288917e-05,1.7832014082441544e-05,0.00013127668330482737,0.05438846451255408,3.635242475998138e-07,0.027685215351715926,3.71930684048198e-06,1.4154342972643828e-05,0.0013978904634862682,1.6403815173129695e-07,1.8560633249604416e-07,8.735720497113963e-05,7.927506958052558e-07,1.7478664664069886e-08,1.257212625168242e-05,6.656695066358899e-05,5.70883290730235e-09,0.0002106008277711385,5.334393784224962e-07,1.3037738050705792e-05,7.747410619292324e-05,0.0061904342973186
21,0.003541067857316315,0.0005437087806256027,0.9094904072371959,6.872786065972005e-05,1.7170269142188567e-05,0.00012172083230502338,0.04828057464504542,2.107578241916131e-07,0.03038823307016336,4.104307519529581e-06,6.919001056787109e-06,0.0015521646429725352,2.297602799801713e-07,2.2637741167630657e-07,2.9715060592532252e-05,6.961999659972229e-07,1.0601218904849762e-08,1.103306379541078e-05,4.9434191043071636e-05,6.130000406544138e-09,0.00017490291097567974,1.849883400278929e-07,9.885275160787047e-06,8.354279041208998e-05,0.005625123388977012
22,0.005779513043056843,0.00029035221852953216,0.9397985054519451,3.5419559485690843e-05,2.3309114517224035e-05,0.00017668349176394474,0.025211906351891127,1.242194958112839e-07,0.020000289046208534,2.8098382943418527e-06,9.67453035094222e-06,0.00048496918718749724,1.8153873050729803e-07,1.2626689975813542e-07,3.064338531566064e-05,3.2004677759463176e-07,2.961940977742752e-08,2.1839246704507465e-05,4.5003722417748035e-05,5.1089232002298544e-09,0.00013849337039061144,1.9397665845740726e-07,1.1560182921214592e-05,9.23324782651737e-05,0.007845715003859305
23,0.0037372032441288713,0.000495758640145749,0.9210307493177448,5.037716725178615e-05,2.5051418930370304e-05,0.00014863289570691963,0.04332104545107055,1.427906813026856e-07,0.023096466099362507,3.632910297226076e-06,8.532782999091567e-06,0.0008272562737547138,1.9346126107946284e-07,1.6948083601063047e-07,2.8913069829344898e-05,4.013678727423837e-07,1.7117492778567967e-08,1.0719465421811089e-05,4.840687728658352e-05,5.9227862847442675e-09,0.00014959393865238417,1.6060548300581438e-07,1.5225523293896106e-05,8.998350132798295e-05,0.006911360676382184
24,0.00532480332715802,0.0008876043240980947,0.9048106264347325,8.643245666344948e-05,3.2946837018445995e-05,0.00016411422226255733,0.053151450879365,1.922662966361898e-07,0.0245728466039939,5.616837290555325e-06,1.0334274477888067e-05,0.0012618991020395703,2.570585725419892e-07,3.4596438680110003e-07,2.564207342025549e-05,4.3987760377934404e-07,2.3553217448999704e-08,1.3636307055597636e-05,5.937256981542687e-05,9.31253489028257e-09,0.00018086163586858886,1.8828793151888843e-07,2.6402657648147083e-05,0.00011671251998466083,0.009267240616563867
25,0.002206374673051507,0.00045777630819344094,0.8922501521487662,0.00013402309946452338,3.112694533929907e-05,0.000156970779424633,0.08118529594000863,8.056737917976341e-07,0.01773717991447381,3.4537802129713105e-06,5.0795971746798247e-05,0.0016065405537728367,1.4300457448816641e-07,5.555259212046355e-07,3.205604790592004e-05,6.798512730440519e-07,1.7180648134266647e-08,1.038821624709812e-05,6.138954775469287e-05,6.56834300841166e-09,0.00016336154316801244,3.136645620715415e-07,3.808452693263939e-05,0.00014252202368396932,0.0037299865107391457
26,0.006492491554379636,0.0002661213909106161,0.9625422687601978,2.3620474493642634e-05,1.7185917392273153e-05,0.00014481524386764192,0.011553347287730175,3.559850084209676e-08,0.01579093250376543,1.7338482624859555e-06,4.856177926596494e-06,0.0002403991378157909,2.0325650910480992e-07,3.984397129005939e-08,4.75507976549215e-06,1.3590594469410703e-07,1.2629134832786061e-08,7.925071153409914e-06,4.0068554998334084e-05,4.522598077981026e-09,6.508335306921379e-05,3.553401297275978e-08,1.3047376626794233e-05,0.0002285140197535331,0.0025623669572195076
27,0.003589856681363813,0.0004832443646832015,0.9113759600604044,5.7635447337741624e-05,2.426744958867667e-05,0.0001637892617403393,0.04468498916258481,2.0741100281201092e-07,0.031114147140823663,3.4667040396155576e-06,1.1769982424920129e-05,0.001054932635071236,2.066380422990658e-07,1.7660328034120244e-07,5.009013359253643e-05,5.753453479205157e-07,2.141333981962227e-08,1.3814688481798668e-05,6.44548413704118e-05,5.947002375418708e-09,0.0001959708312227664,3.2245662013504724e-07,1.4459051176192665e-05,0.0001011536810888387,0.0069944820683692545
28,0.0037372032441288713,0.000495758640145749,0.9210307493177448,5.037716725178615e-05,2.5051418930370304e-05,0.00014863289570691963,0.04332104545107055,1.427906813026856e-07,0.023096466099362507,3.632910297226076e-06,8.532782999091567e-06,0.0008272562737547138,1.9346126107946284e-07,1.6948083601063047e-07,2.8913069829344898e-05,4.013678727423837e-07,1.7117492778567967e-08,1.0719465421811089e-05,4.840687728658352e-05,5.9227862847442675e-09,0.00014959393865238417,1.6060548300581438e-07,1.5225523293896106e-05,8.998350132798295e-05,0.006911360676382184
29,0.0037372032441288713,0.000495758640145749,0.9210307493177448,5.037716725178615e-05,2.5051418930370304e-05,0.00014863289570691963,0.04332104545107055,1.427906813026856e-07,0.023096466099362507,3.632910297226076e-06,8.532782999091567e-06,0.0008272562737547138,1.9346126107946284e-07,1.6948083601063047e-07,2.8913069829344898e-05,4.013678727423837e-07,1.7117492778567967e-08,1.0719465421811089e-05,4.840687728658352e-05,5.9227862847442675e-09,0.00014959393865238417,1.6060548300581438e-07,1.5225523293896106e-05,8.998350132798295e-05,0.006911360676382184
30,0.0037372032441288713,0.000495758640145749,0.9210307493177448,5.037716725178615e-05,2.5051418930370304e-05,0.00014863289570691963,0.04332104545107055,1.427906813026856e-07,0.023096466099362507,3.632910297226076e-06,8.532782999091567e-06,0.0008272562737547138,1.9346126107946284e-07,1.6948083601063047e-07,2.8913069829344898e-05,4.013678727423837e-07,1.7117492778567967e-08,1.0719465421811089e-05,4.840687728658352e-05,5.9227862847442675e-09,0.00014959393865238417,1.6060548300581438e-07,1.5225523293896106e-05,8.998350132798295e-05,0.006911360676382184
31,0.004319804465786059,0.0003430820894751408,0.9556756264710606,2.8175997663292136e-05,1.1849773149092672e-05,8.186478485948048e-05,0.027674823297452317,1.2938769209262876e-07,0.008496474530015861,3.727079532924668e-06,3.923032069628201e-06,0.0003210558005119993,8.892299578497353e-08,8.484443017967054e-08,7.803745018195656e-06,1.7575963075408986e-07,7.780895553783616e-09,7.251205774134778e-06,3.603100866447905e-05,3.2857113728489133e-09,5.735060923791956e-05,5.2672315412965277e-08,9.174654754097156e-06,6.052910327914397e-05,0.0028609096980244933
32,0.0042168927392248964,0.0005307127340780439,0.9219919814999665,4.559194377771818e-05,2.4380202095930377e-05,0.00015997649823194194,0.041217939782334796,1.5097396104813824e-07,0.024235740747901267,3.7607244582757108e-06,8.72510962912432e-06,0.0008074492039396523,1.9900254320853581e-07,1.5940176695237868e-07,3.006865377911077e-05,4.1537048086494916e-07,1.7475945111010854e-08,1.1161148044713641e-05,6.320603689174754e-05,5.710024435057702e-09,0.00014852583644257096,1.717010859083581e-07,1.4130399282544e-05,9.953807437335546e-05,0.006389099029740174
33,0.0031952053731810572,0.00078046005793576,0.8839784302725121,0.0002337884507225314,6.573400349053302e-05,0.0004125150918861521,0.08178104463848841,1.1296368913603761e-06,0.01873642813967392,1.1566682683053116e-05,6.367413871111543e-05,0.002182139481525514,6.609811913320196e-07,1.1577966531196281e-06,3.0616232394155046e-05,1.2588117721386168e-06,1.0754327939622754e-07,1.6930010331677024e-05,0.00016890451223896554,2.7866243869622744e-08,0.00046145534916623124,7.839845225857734e-07,0.0001913041688191411,0.00041274963600533733,0.007271927139680323
34,0.0021104809530998678,0.000462603420623097,0.898187086590833,0.00011375265521160415,3.057077086412685e-05,0.00015158408634173548,0.06990263490061735,1.8800425495010033e-07,0.014976857181283986,7.23113163928167e-06,1.0540032470444177e-05,0.0011269279281301695,1.975455613701848e-07,3.520799213409663e-07,3.253285948321297e-05,5.119348000011852e-07,2.501939446453517e-08,1.198289035546158e-05,2.4606306510962368e-05,1.0924044202767103e-08,0.00024370471831838386,2.2566957779733017e-07,4.2215661269971006e-05,7.898071837867803e-05,0.012484196017014528
35,0.003911815247087653,0.0004825256771990207,0.9216360015079156,4.881374956060518e-05,2.3721015714289216e-05,0.00014072588249220875,0.04273065629984744,1.4056602010983697e-07,0.023174835635724055,3.555691863604006e-06,8.055397363032933e-06,0.0008199651912266994,1.8828559410005638e-07,1.5930261907242558e-07,2.7337004079539748e-05,3.8538412309411595e-07,1.6360238757813454e-08,1.1134779112448867e-05,4.781655859735604e-05,5.561487302238743e-09,0.00014586390938917414,1.5705317001700716e-07,1.4001369958925601e-05,8.868494134555627e-05,0.006683437628270382
36,0.004432003211093704,0.0005107291919859299,0.8627002501228159,6.128040675559372e-05,1.8834514873199437e-05,7.724004041360282e-05,0.08191719530882173,6.707577416736223e-07,0.037997172973477066,3.2107310989809048e-06,1.1469132802276857e-05,0.00463726810531089,5.25903607772093e-07,2.7638129256241433e-07,7.926877187290382e-05,1.3437711278521623e-06,2.3759731860387834e-08,1.4655661397208299e-05,0.00011382792631749799,6.950305325677807e-09,0.0001798689740737352,7.238260582376219e-07,7.134552412523417e-06,6.916537349084866e-05,0.007165853651120978
37,0.005961926875272325,0.0003552523280141113,0.9496123045601107,3.3974549290476667e-05,1.1199256077654786e-05,6.49664445070595e-05,0.02926610709229632,6.402632373312942e-08,0.010344969997760892,3.2852864397250934e-06,3.992129018364712e-06,0.000475682979669776,1.0475041393825643e-07,6.659722533100318e-08,5.3085417656708084e-06,1.1031188106062701e-07,8.030183243901511e-09,9.735857085037707e-06,3.119702035885207e-05,2.8553892045820878e-09,7.503072762669126e-05,5.87459132463301e-08,1.2068496895153833e-05,0.00011040961672540605,0.0036221729237559705
38,0.004988891640771587,0.0003550573610346545,0.9427187247554699,1.3204339061924692e-05,1.9728456926428292e-05,0.00019281037237582502,0.026900722171314447,5.8428376033431166e-08,0.020181720961705184,2.6404170370805922e-06,3.6160742303517e-06,0.00022704758106625715,9.931446749401665e-08,5.964938427174672e-08,2.4675091517611296e-05,3.105306515198851e-07,5.66950909038556e-09,6.539493604059124e-06,4.977634458191807e-05,2.3510906764971467e-09,4.5986612354915625e-05,4.437342057413299e-08,4.011106890938267e-06,5.9418429144238374e-05,0.004204848474013415
39,0.012035827433688612,0.004549720709841128,0.7513542939897689,0.00012772545193286572,9.364496066426939e-05,6.225657795883937e-05,0.1623722740135867,1.1570643414335682e-07,0.044192994918717546,4.583644884898732e-06,2.077540393274221e-05,0.0031247225323940745,1.1003332098630331e-07,9.274189422733853e-07,3.721528017725938e-05,2.178414442907451e-07,9.691994882382352e-09,1.1859937828114747e-05,3.693369505405858e-05,7.071550513673454e-09,7.619535207127563e-05,1.7385863857204143e-07,4.536491729632931e-05,0.00011028034752162688,0.021741769210355092
40,0.0037889565872851762,0.0005086370073358655,0.9205465853710261,5.552664388381801e-05,2.5704100136041033e-05,0.00015384738883095732,0.04401641972473254,1.5351973317377087e-07,0.022872634781273465,3.90112279308989e-06,9.06419162114266e-06,0.0008343748261936098,1.9530549215300562e-07,1.7706982682823595e-07,2.7760758907820977e-05,4.1957678119646296e-07,1.8163014386032903e-08,1.1270477623861748e-05,4.998780354007398e-05,6.354231478656547e-09,0.00015831909752818778,1.6554064786508092e-07,1.680448369813348e-05,9.786593142059995e-05,0.00682120417244271
41,0.003907515445620152,0.0004774397600952316,0.9200843127171845,4.26549278276517e-05,2.845922133669942e-05,0.0001438739320400116,0.041724304141838024,1.2530437266949494e-07,0.02606245720287006,2.9607015804339724e-06,7.746768916292318e-06,0.000719416741269463,1.9692028367713602e-07,1.4365140103717283e-07,3.0727885179215e-05,4.2722950653988435e-07,1.496734641560779e-08,9.699306630819407e-06,4.266385356512472e-05,5.6949716035979395e-09,0.00011890967290314012,1.29020820184923e-07,1.1786561060802463e-05,8.187769137708074e-05,0.006502150680003108
42,0.0019007298976930138,0.00027686422777276683,0.9369092589860434,5.757375306674284e-05,8.110465693660338e-06,0.00016686886032861673,0.030480747221555877,4.5380235482500227e-07,0.0251274558557499,4.565322909636198e-06,9.42825707020149e-06,0.0013579600486482656,2.7025913638595366e-07,8.548403986700452e-08,5.9480506895013566e-05,1.3209813358744784e-06,2.0170520753967242e-08,1.0814014740628025e-05,0.0001544054113284618,6.427521212199299e-09,0.00029139468965851774,6.246478538586894e-07,1.0125336787896896e-05,0.00012840655761327263,0.0030430288136815632
43,0.002058558410868676,0.00041472527992644873,0.9345845966220445,5.834779186768757e-05,1.6708986769229963e-05,0.00030262510782675463,0.037621144533096534,2.1000065539662622e-07,0.0168281163050346,1.6934339065141067e-05,5.258710280759593e-06,0.0005350935723005732,2.1941240801828347e-07,1.5941825519436122e-07,3.256189809452049e-05,7.344275733183861e-07,2.906550097639748e-08,1.6122105994574306e-05,8.05140562376874e-05,1.1896600691731962e-08,0.00048460113777303027,3.2835257169103696e-07,2.5956584811969006e-05,0.00011252886584189675,0.006803913118600235
44,0.0037372032441288713,0.000495758640145749,0.9210307493177448,5.037716725178615e-05,2.5051418930370304e-05,0.00014863289570691963,0.04332104545107055,1.427906813026856e-07,0.023096466099362507,3.632910297226076e-06,8.532782999091567e-06,0.0008272562737547138,1.9346126107946284e-07,1.6948083601063047e-07,2.8913069829344898e-05,4.013678727423837e-07,1.7117492778567967e-08,1.0719465421811089e-05,4.840687728658352e-05,5.9227862847442675e-09,0.00014959393865238417,1.6060548300581438e-07,1.5225523293896106e-05,8.998350132798295e-05,0.006911360676382184
45,0.0019523699254023056,0.00020975501042844256,0.9364245121011471,3.14106665307276e-05,1.455113140300904e-05,0.00013878408111832574,0.035884698135392135,3.2625409610842555e-07,0.02221613799158895,1.7530040947066114e-06,1.2259329225721972e-05,0.0005147242572074548,1.0344875914843061e-07,7.017793567718811e-08,7.022716552269847e-05,9.446791876573946e-07,6.823284177761729e-09,6.3393163584935e-06,5.6393412403674226e-05,3.19393265632561e-09,5.842006161343146e-05,1.682858514074604e-07,4.473905341311002e-06,6.519440010928034e-05,0.0023363732420653566
46,0.0035479644528690056,0.0004554263084880682,0.9257341512306001,6.7020613305851e-05,2.6215141924487657e-05,0.0001903793505057303,0.038774927614493596,1.8081324578624357e-07,0.021860217563152606,4.0773516220480464e-06,1.1214949719524388e-05,0.0009409817201289488,2.75417084295721e-07,2.0427727103052617e-07,3.238227737847859e-05,4.856906457624523e-07,3.177754636385311e-08,1.2931383565563204e-05,5.8100396392149e-05,8.409986467745762e-09,0.0002126114822688246,2.460585153684068e-07,2.304671870772711e-05,0.0001164373562906013,0.007930481644291668
47,0.006323865385497948,0.0004778751360787147,0.9074303076361813,3.5110524534075044e-05,1.7334932682696253e-05,8.629011968405393e-05,0.04154049580966049,9.102650155902339e-08,0.03259461795045573,3.5142381237699628e-06,3.5104970735394795e-06,0.0016852355939852965,4.462663494527978e-07,9.648814897463674e-08,3.0300250196074204e-05,5.112030028468795e-07,2.2276971205103958e-08,1.3917635007142837e-05,6.258147963811138e-05,5.990257044283676e-09,0.00020635256003045921,2.577710831883613e-07,7.456922570527733e-06,8.739832460008736e-05,0.009392403981685601
48,0.005888136003714676,0.0014499283657247108,0.919530147425702,5.1759855861767054e-05,2.8155509269997816e-05,0.00032594482943069974,0.046276415890335855,2.7554549976807183e-07,0.02075277155909187,9.276284336280468e-06,1.670503638801887e-05,0.0007439654643739307,2.0040088986848495e-07,2.1417073686427945e-07,2.075892205771784e-05,4.063546763563083e-07,2.387721522076339e-08,8.233796588898686e-06,0.00038974831994108234,6.916459821613702e-09,0.00016707252365426187,2.2448951690593587e-07,3.813093109195029e-05,0.0002901783105826206,0.004011319216858711
49,0.0026480366422536867,0.00034061950840777233,0.9397475353134674,5.267387204720593e-05,1.4281271012809438e-05,0.00012958594687213329,0.032624453739238383,1.1259591484334328e-07,0.0172286011697106,3.359894291396697e-06,6.543947117156618e-06,0.000840691579276605,1.8090753747401608e-07,1.394696066004176e-07,2.1651043090048622e-05,3.167312483991745e-07,1.3660888969220545e-08,8.951622261505287e-06,3.516370074980378e-05,5.007040998722739e-09,0.00015270235017613706,1.4656001599644417e-07,1.5249577499703387e-05,8.325831161903625e-05,0.006045725578655353
50,0.0035876189844299324,0.00039272861985621514,0.9268238638886743,5.6923413484575054e-05,1.8519154679008033e-05,0.00020242321883935324,0.01658359976936459,8.636253436440736e-08,0.04686090749900513,1.2605512782876614e-06,1.0126288036165742e-05,0.0006899927646191053,2.0382592149875954e-07,8.936232151096671e-08,3.0877590895022334e-05,3.993107689991518e-07,1.6489798810116028e-08,1.0058078869566266e-05,4.879614138623955e-05,4.909923273039949e-09,0.00016053901374682645,1.4813502808034115e-07,1.0264147378286418e-05,0.00014544947742672917,0.004365103001734327
51,0.006126551478418615,0.0022480560557319963,0.8971096726838242,0.00014841830798653413,1.0586506515584699e-05,8.483149399602012e-05,0.05087296795354541,3.612822596336518e-07,0.03382131628681133,5.063951091320187e-06,1.1109982575676232e-05,0.0022551289695285767,6.55524883257432e-08,3.4853379941765387e-07,4.5510262695411474e-05,2.8383007804566756e-07,1.0687964855797433e-08,1.372685535400767e-05,0.00010856514674488653,3.74072901793843e-09,0.0001649700931610623,4.769962630933909e-07,1.4613436665067453e-05,7.95209825419389e-05,0.00687783892923022
52,0.0049209384178751465,0.00027520866620193133,0.9314780146918723,2.920682065368194e-05,2.6510050906254315e-05,0.00027093202067620016,0.02821552197373739,1.5526177586755778e-07,0.026376337764999182,2.869036417204222e-06,1.0872578347924294e-05,0.00040325609486654155,1.4986138525736963e-07,1.5760926438601583e-07,5.151226577855497e-05,4.546490605026839e-07,1.7717445467161112e-08,2.1143446956130134e-05,4.914260197814427e-05,4.342732621506965e-09,0.00010064917182437922,1.613047336375957e-07,8.548905644324853e-06,7.626455924030356e-05,0.007681970185626677
53,0.004064264664417641,0.0005024992923049187,0.9265521104127259,4.88685936018056e-05,2.338569974860048e-05,0.00015841957331617107,0.03712727483809979,1.341368816800679e-07,0.023659166165863034,3.5282543268198e-06,8.061707066911988e-06,0.0007725148531583834,1.950018029551396e-07,1.6123161746158016e-07,2.729915512914322e-05,3.828058780906241e-07,1.7740231523101846e-08,1.1141227654050351e-05,5.1940853962481486e-05,5.844724627555901e-09,0.00014994715335644852,1.5531964652368805e-07,1.4496229222567358e-05,9.380438138426023e-05,0.006730224863878181
54,0.0027898912060282436,0.00035038245403839786,0.932128394513844,5.4842322284828275e-05,2.060154572943856e-05,0.0001500190163950062,0.03860586806237781,1.7733742797772283e-07,0.020458547483291272,2.962256945264566e-06,1.1165682611226228e-05,0.0007638471111086488,1.8635934713408886e-07,1.368788956638135e-07,2.1800049570682216e-05,3.9320478989098025e-07,1.6749186838010117e-08,9.528649388152333e-06,5.103157163889019e-05,5.391967237356277e-09,0.0001645298944870031,1.6241894247410673e-07,1.6875280069327214e-05,0.00011703787803675775,0.004281596681597742
55,0.0015955420349655343,0.0008236276508883478,0.9233709322234097,9.288504269001576e-05,0.00010316037479244202,0.0007824279529071428,0.057295362241207105,6.910322753908049e-07,0.0036113573697028876,2.7852141811164967e-05,6.022949726180776e-05,0.00015056434415734333,5.8803129661886976e-08,1.1084506849671637e-06,5.8464616971089785e-05,6.13978473074691e-07,8.986169344858869e-08,8.864190202552286e-06,7.843896784304172e-05,2.8033509360862317e-08,0.00020060318898621333,3.003164454781042e-07,0.00034029297806525115,0.00010939464631179468,0.011287110061615197
56,0.0039008015700684384,0.0004918850867338387,0.9201278884418685,5.0702273409013884e-05,2.4893466402228765e-05,0.00014904321563654035,0.04319962090177367,1.4247988090999826e-07,0.023719547313706315,3.6204010312401573e-06,8.50669843347658e-06,0.0009323714770273385,2.3888040724183947e-07,1.747224191796028e-07,2.8386719146828766e-05,4.120039905125463e-07,1.8530362887934114e-08,1.1008280919542337e-05,5.1747700833465166e-05,6.286800610407784e-09,0.00015534211959142708,1.681689661820372e-07,1.514025439922388e-05,9.628840391801106e-05,0.007032044602273518
57,0.004032587856652486,0.0005471749260753245,0.9086277089018255,5.426531878538482e-05,2.298034651342529e-05,0.0001219860968044533,0.04862011803205336,1.7064301219367926e-07,0.027728285588067163,4.305395564010352e-06,6.938801842144687e-06,0.0015799373266822076,3.9591637171426364e-07,1.7222159494878728e-07,3.371010610588732e-05,5.612444151277891e-07,2.542838935612058e-08,1.168232442234996e-05,6.835888501818664e-05,8.49720158826742e-09,0.00021160429710035035,2.7043758915495586e-07,1.4958805039503054e-05,9.825057683550196e-05,0.00821354202603839
58,0.00421543228498984,0.00043958824987784165,0.9272756372472989,4.701851614478168e-05,2.2198314162659026e-05,0.0001442231866366326,0.0379462214461532,1.2715471698682825e-07,0.023267987287942746,3.0904080560524014e-06,8.780820288458858e-06,0.0008645997467447747,2.2953396312442156e-07,1.3723219576075445e-07,2.129488897640363e-05,3.667605955155696e-07,1.5361529489315612e-08,1.039484988343264e-05,5.537716016658261e-05,5.46928967889858e-09,0.00013499757221503367,1.387383176883128e-07,1.4665117314283994e-05,0.00012600756262638038,0.005401465089913417
59,0.003299628634607625,0.00036854708727823346,0.938049305811634,4.2856747429171294e-05,1.7897028078010967e-05,0.00012785536706463126,0.032688633925630324,1.112783154223485e-07,0.020021382491085118,2.850756949481755e-06,7.288414848402155e-06,0.0006659395653408624,1.701733517511137e-07,1.0339312172252733e-07,1.9385013949460996e-05,3.320360114460374e-07,1.1973158992756606e-08,8.422870197090603e-06,4.340868360794131e-05,4.859428939198011e-09,0.00012218851525401024,1.1641104375764141e-07,1.2802397805945415e-05,0.00010746612717377465,0.004393290437633933
60,0.0037372032441288713,0.000495758640145749,0.9210307493177448,5.037716725178615e-05,2.5051418930370304e-05,0.00014863289570691963,0.04332104545107055,1.427906813026856e-07,0.023096466099362507,3.632910297226076e-06,8.532782999091567e-06,0.0008272562737547138,1.9346126107946284e-07,1.6948083601063047e-07,2.8913069829344898e-05,4.013678727423837e-07,1.7117492778567967e-08,1.0719465421811089e-05,4.840687728658352e-05,5.9227862847442675e-09,0.00014959393865238417,1.6060548300581438e-07,1.5225523293896106e-05,8.998350132798295e-05,0.006911360676382184
61,0.0035080330082079172,0.0003884682348397359,0.9351522806886027,4.265651471474264e-05,1.9465328659742793e-05,0.0001283731154073435,0.03465154795555664,1.1383489072392274e-07,0.020327225921588036,2.9565581150282036e-06,7.452855078486058e-06,0.0006949971024125161,1.8516695014216846e-07,1.1070054671759119e-07,2.02622738175689e-05,3.3394811242564695e-07,1.2895584375751013e-08,8.929408605853951e-06,4.431494472108631e-05,5.069404881290893e-09,0.0001228510291386328,1.2025718052713865e-07,1.3011154955517753e-05,0.00010632366083373813,0.004759968372074879
62,0.0037372032441288713,0.000495758640145749,0.9210307493177448,5.037716725178615e-05,2.5051418930370304e-05,0.00014863289570691963,0.04332104545107055,1.427906813026856e-07,0.023096466099362507,3.632910297226076e-06,8.532782999091567e-06,0.0008272562737547138,1.9346126107946284e-07,1.6948083601063047e-07,2.8913069829344898e-05,4.013678727423837e-07,1.7117492778567967e-08,1.0719465421811089e-05,4.840687728658352e-05,5.9227862847442675e-09,0.00014959393865238417,1.6060548300581438e-07,1.5225523293896106e-05,8.998350132798295e-05,0.006911360676382184
63,0.0041272679864456045,0.0006500275176316113,0.9189928790481354,5.145060950760988e-05,2.696765768101744e-05,0.0001505669841530621,0.0433392987643537,1.3613741293268477e-07,0.024160349667523163,4.112810757465771e-06,8.280275190162e-06,0.0008385934557672623,1.937122235274841e-07,1.7740343778147264e-07,3.049917124079639e-05,3.954812577580608e-07,1.7724195868023433e-08,1.0257826428258032e-05,5.562695082579226e-05,6.559233582095828e-09,0.0001515738182663264,1.656268195129892e-07,1.6606444929571827e-05,9.409766125362861e-05,0.007290450705328809
64,0.003241004584287767,0.0004993831145176089,0.9197232154942422,5.831092145971899e-05,2.2770730236155988e-05,0.0001566579153229575,0.043200804040705656,1.3453018141074827e-07,0.023699115026247525,4.591479475950652e-06,7.347297906406217e-06,0.0009876407155746583,2.4113620043344373e-07,1.8596275440649722e-07,2.9536566380397612e-05,4.273317676308621e-07,2.0357675289916758e-08,1.1920749657793549e-05,4.7569289301314395e-05,7.253209123382145e-09,0.0002321755363006784,1.992999194249083e-07,1.7729168578330897e-05,9.371502987503243e-05,0.007965296468222053
65,0.002857800237074978,0.00047621355320470537,0.9233216018473062,5.6343506018981375e-05,2.2217460202457614e-05,0.00014609940367747313,0.0489898336618921,1.6047542308241356e-07,0.015620102396813478,5.610769943630414e-06,7.239743737812289e-06,0.0007223882704706821,1.5578126119644775e-07,1.9998700172620969e-07,2.6694927866340726e-05,3.8714690387413055e-07,1.6160483870451806e-08,1.0143384359252851e-05,3.947217238436663e-05,6.731621981513406e-09,0.00016489583559994687,1.5147464780198113e-07,1.9000149325734826e-05,7.207101794707808e-05,0.0074411939048311965
66,0.003756842005652745,0.00021385499242724987,0.9584647145075788,1.9566557630537654e-05,2.284202870163304e-05,0.0001748138301416971,0.0197501649947472,4.5444344230466684e-08,0.012864232772689535,3.3284546299097875e-06,4.053505944773118e-06,0.0002054407706108765,2.0810035387057146e-07,5.053273834920614e-08,1.0438468258085543e-05,2.262704192713197e-07,1.6508675013952748e-08,9.232582729481413e-06,3.0515959485897647e-05,6.050243876078e-09,0.00010525737256965424,5.0793752590351886e-08,1.137890892497986e-05,0.00011442579270720233,0.004238292794042562
67,0.0026075733981930286,0.0003449324204787341,0.939108607658072,7.41044779508376e-05,2.39087692470737e-05,0.00024075916683517177,0.032504171885293316,1.3657519382412097e-07,0.01627535148453357,4.344582080262832e-06,9.776043071060735e-06,0.0007118207382310006,2.597509836627949e-07,2.458368933718683e-07,2.114291216792175e-05,4.018418139114501e-07,2.4705288262534333e-08,1.0932844174087165e-05,3.60235291507948e-05,8.804498802935208e-09,0.00020419903607641224,1.3615742524346813e-07,2.97006771137756e-05,0.00011243165588829343,0.0076790050493457055
68,0.0036975589839363097,0.00048628388045551915,0.9223517777488606,5.0375116235627065e-05,2.418569894241326e-05,0.00014607376628847994,0.04258272715000416,1.405231743530146e-07,0.02272512202397871,3.6051145887625075e-06,8.335236493434821e-06,0.0008209822627202094,1.9011776824993845e-07,1.6604840549796288e-07,2.777698002455292e-05,3.9245374214831925e-07,1.6673723288412967e-08,1.061017174181746e-05,4.7400029470999765e-05,5.808245786408307e-09,0.00014903091013579,1.571175004432227e-07,1.510639889790239e-05,8.9708262842019e-05,0.006762271521823055
69,0.003492002655650499,0.0004839040961030089,0.9234366036827362,5.214517322543951e-05,2.4466797363085344e-05,0.00014877369810575267,0.042852786975343116,1.471289243345912e-07,0.021942615555939047,3.6249839508664017e-06,8.994902729866091e-06,0.0008119359102534072,1.8698926085851561e-07,1.6793962650046383e-07,2.7722412354623076e-05,4.017794960237791e-07,1.6516538479411185e-08,1.0128300391881883e-05,4.8070605717645514e-05,5.990155118502324e-09,0.00014982075311048847,1.5704068840213325e-07,1.6168884687229102e-05,9.439418566496161e-05,0.006394757041983475
70,0.0034732914309938702,0.0001554783084146199,0.9430027008805087,3.746978012881962e-05,1.4943003714161712e-05,5.4254257835380534e-05,0.03291249698242755,1.6004776834119137e-07,0.013102767692449259,1.983136180771343e-06,2.47894808550251e-06,0.0005218396749265439,1.5439039694736294e-07,1.2257589596382298e-07,2.0774245138147026e-05,4.6317322614130414e-07,9.254855646485659e-09,1.0927307636027039e-05,7.140436769595615e-06,4.8374637914692255e-09,4.017677745913479e-05,6.00739706123419e-08,3.145190391216914e-06,1.6970310621918475e-05,0.006620187282741463
71,0.004302585407423784,0.0007660011932458813,0.902937855939731,6.450351255245815e-05,4.2037857874473076e-05,0.00015069712536140435,0.054998716631342856,1.4322181214641382e-07,0.025994486414366816,5.2363460175789865e-06,8.120549697193317e-06,0.0009869483251599193,2.8561755318338237e-07,2.357377203175322e-07,2.933325389455251e-05,5.002461588208416e-07,2.3803140217009262e-08,1.1072675149904266e-05,4.6433370300634104e-05,1.1405682533525104e-08,0.00018143133727737518,1.598643854978436e-07,2.3169185819762732e-05,0.00010331927116525208,0.009346691707166555
