,0,1,2,3,4,5,6,7,8,9,10,11,12,13,14,15,16,17,18,19,20,21,22,23,24
0,0.001745773120416972,1.0084287725060458e-06,0.0010757894927564298,0.0023040452450215462,0.00015676812923647702,7.091701143631527e-07,3.048088672189949e-06,5.538519311867628e-07,0.03535725137446429,0.058986814657470334,0.00016819426745197258,3.800762408845503e-10,2.6400907369260406e-08,0.001304203670455737,0.00018301056867930726,2.7954111874836164e-06,8.803863272734435e-06,1.1462795611884425e-05,1.132409236827891e-07,2.859317920420145e-06,2.756302732341875e-06,0.00020686750696557177,6.63323471536241e-06,0.898141635285325,0.0003288761949185465
1,0.001158841397219039,8.296368149338586e-07,0.0015294780950321234,0.004860125479473128,0.00018475556810617852,5.997516506956709e-07,3.1608472158275886e-06,1.5467752154340627e-07,0.002438033064786104,0.01594520493522535,0.0007486233663462776,1.8157610930856747e-09,2.2388467225018596e-08,0.009877945107195803,0.00041629597010027616,6.037206150246738e-07,1.0606590437590618e-05,6.0154153297497065e-05,4.454428683597738e-08,2.8806848912378474e-06,2.4046401220004103e-05,0.000313558098262294,2.6485855588438786e-05,0.961192479726184,0.0012050681243014254
2,0.0018124428360034675,9.250493366836678e-07,0.0010017693246322343,0.0018190348698101009,0.00015208747429736847,6.645952151649612e-07,3.3424762387765604e-06,6.402493266295173e-07,0.040162709670399,0.07025097037757243,0.0001372420379782787,3.1584794329708994e-10,2.2010157614640555e-08,0.0011864644257017056,0.00020190209991615882,2.7982087411009807e-06,7.445577843205906e-06,1.0670899040737445e-05,1.3796849921960313e-07,3.810074429265286e-06,2.642811587284949e-06,0.0002507067315282781,6.997107772988506e-06,0.8826025058133673,0.0003820669947571036
3,0.0017409549499589512,9.921539075574656e-07,0.0010726915795825499,0.0022469957478879693,0.000153660323610386,7.491964846450299e-07,3.092347219140618e-06,5.693787758640567e-07,0.03493909196846576,0.0614049342399231,0.0001628837681087666,3.8167216887261816e-10,2.6599739918529238e-08,0.0012572697643896034,0.00018305948703642292,2.974428874145304e-06,8.592985624274681e-06,1.1384826627686692e-05,1.1999424631513533e-07,3.0563305917747632e-06,2.811913728064702e-06,0.00020526904026531225,6.615057340774137e-06,0.8962721499128534,0.0003200536230852358
4,0.0017994021731549115,1.2650759620837385e-06,0.0011392292914289496,0.00255333733453532,0.00018324232774351775,8.854326604016412e-07,3.567621230940943e-06,6.13721497683037e-07,0.03923410875731867,0.06312518737605897,0.00020084650694521757,5.255697712026884e-10,3.6591978061082266e-08,0.0015912115856432463,0.0001901086931581377,3.3951907901511297e-06,1.063701582863542e-05,1.3526519068512758e-05,1.3391586696213973e-07,3.3681415700846764e-06,3.1300044089999453e-06,0.00023084092121955073,7.803715467893877e-06,0.8893404937768178,0.0003636277840754221
5,0.0016153568846207804,6.881623715782491e-07,0.000888808237924205,0.002157704534160744,0.00011279793196561416,5.850440753373238e-07,2.589341645744474e-06,5.00627656453834e-07,0.028680895601765184,0.05677064160658297,0.0001349782756736935,3.268872941423388e-10,2.1907276844975492e-08,0.0011310789215574501,0.00013816634284819466,2.5607586439441674e-06,7.896217161691926e-06,1.2627666348642522e-05,8.51008877373154e-08,2.989059328435799e-06,2.3967379674279533e-06,0.00017469995514768938,5.890112699521353e-06,0.9078700163536866,0.0002860242911160693
6,0.0017409549499589512,9.921539075574656e-07,0.0010726915795825499,0.0022469957478879693,0.000153660323610386,7.491964846450299e-07,3.092347219140618e-06,5.693787758640567e-07,0.03493909196846576,0.0614049342399231,0.0001628837681087666,3.8167216887261816e-10,2.6599739918529238e-08,0.0012572697643896034,0.00018305948703642292,2.974428874145304e-06,8.592985624274681e-06,1.1384826627686692e-05,1.1999424631513533e-07,3.0563305917747632e-06,2.811913728064702e-06,0.00020526904026531225,6.615057340774137e-06,0.8962721499128534,0.0003200536230852358
7,0.0020324540981471323,1.1303209978305777e-06,0.0013880668541830451,0.002384718621872289,0.00016353317460766442,7.656933680293477e-07,2.954136790662049e-06,6.368975513217964e-07,0.03312295680650886,0.05793094784883714,0.00018231529931037423,3.987321933756982e-10,3.3723331517626016e-08,0.0011324133817204017,0.00017170758974349997,2.865239481327284e-06,9.091581919292246e-06,1.1269441819749253e-05,1.4020452188422385e-07,2.9111009417312434e-06,2.7880863906767006e-06,0.00019040587252327224,5.869067024032945e-06,0.9009965453424381,0.00026347921723789597
8,0.027451469194940785,0.0002156194824677099,0.06611014950539675,0.05887645891170921,0.028813768999673563,7.584422699786141e-05,8.484454303866294e-05,5.866286640766297e-05,0.23296895105556092,0.31738157167867426,0.004625740523450435,6.808943761506083e-07,4.3891342503488235e-05,0.0201915677600445,0.0004350434045165425,0.00029462431930005905,0.0004821859112280017,0.0004324026482197343,6.097606138868268e-05,7.58756051601708e-05,0.00018115055920393848,0.0024355759160400894,5.253389441019413e-05,0.2377173581151626,0.0009330525801278942
9,0.008317996578175089,0.00015536811926230513,0.002695033078055359,0.006826729593464356,0.012327894200237381,1.368372177362732e-05,0.00020577676882491447,2.460259452552971e-06,0.4340800043573307,0.14254718177816644,0.0012714679948012783,5.200111114271467e-08,7.622413986135529e-07,0.0216901740729867,0.0015263160240317464,2.8193513723993313e-05,5.085284643674146e-05,0.00014238800032600736,3.707214127883669e-06,1.1313677910861359e-05,4.038502411893198e-05,0.001864353703956498,5.9767432912074026e-05,0.3420851603359418,0.02405297746147305
10,0.0017409549499589512,9.921539075574656e-07,0.0010726915795825499,0.0022469957478879693,0.000153660323610386,7.491964846450299e-07,3.092347219140618e-06,5.693787758640567e-07,0.03493909196846576,0.0614049342399231,0.0001628837681087666,3.8167216887261816e-10,2.6599739918529238e-08,0.0012572697643896034,0.00018305948703642292,2.974428874145304e-06,8.592985624274681e-06,1.1384826627686692e-05,1.1999424631513533e-07,3.0563305917747632e-06,2.811913728064702e-06,0.00020526904026531225,6.615057340774137e-06,0.8962721499128534,0.0003200536230852358
11,0.0018368158039828429,1.10205640092508e-06,0.001137111556691741,0.002419454693614716,0.0001633487293148692,8.164666402583912e-07,3.298534500216735e-06,6.345506765407198e-07,0.03659568649874004,0.06253140828389095,0.00017487493605777623,4.3998204643535143e-10,3.1398643480638533e-08,0.0013257540754144552,0.00018534951529850744,3.250416650559127e-06,9.653986339455898e-06,1.2216171468073126e-05,1.3247736346235552e-07,3.2350421031180255e-06,2.973763292797068e-06,0.00021463482127544924,7.053148383465091e-06,0.8930456232232942,0.0003255394099801478
12,0.0013185376392050902,4.806020272472943e-07,0.0008990603296217138,0.001957831505637058,7.255554411161975e-05,5.422678830783723e-07,2.2095315378810766e-06,6.262682635398122e-07,0.02917789788617966,0.05977033036764484,0.0001076526996384329,1.7256471975234746e-10,1.871215865325277e-08,0.000670268488762695,0.00014796032757040663,2.635232015140193e-06,7.675259675934054e-06,5.977220938432355e-06,9.945693005676267e-08,2.299553094493708e-06,1.759563035503683e-06,0.00018370802679970507,4.382113565192347e-06,0.9055095842383998,0.0001559069927390138
13,0.0013421403042056558,1.0464302387750723e-06,0.0009843305735250584,0.002582265144259524,0.00017606940209139414,6.641687841929177e-07,2.3986762756870183e-06,3.750031038260829e-07,0.02801061930525534,0.03763902782026849,0.0003268951197530769,4.258664474051541e-10,3.5046764073830575e-08,0.0015526265825005917,0.00020703678148128917,2.4300284811236794e-06,9.16429317480614e-06,9.102750896447195e-06,9.833712016782255e-08,1.964636743775709e-06,2.6244561218585276e-06,0.00016623780075881406,8.091093635344218e-06,0.9267279252971741,0.0002468305215203556
14,0.003207036965484899,4.367922394819364e-06,0.0018635858242196936,0.0027311318480906176,0.0005567633444703013,1.898633678092893e-06,4.74467050790847e-06,6.381926658291841e-07,0.04353992366056981,0.07280112093841747,0.00043300418073950807,1.370666518725665e-09,8.21016182660611e-08,0.0025024045817120754,0.00026682657434211104,5.221310036181982e-06,9.936851759578924e-06,1.7259617104181773e-05,4.132424329150252e-07,4.150861014873394e-06,6.475855050744998e-06,0.00023385792876187518,1.0262211094125408e-05,0.8713231111370456,0.0004757801761218406
15,0.0017409549499589512,9.921539075574656e-07,0.0010726915795825499,0.0022469957478879693,0.000153660323610386,7.491964846450299e-07,3.092347219140618e-06,5.693787758640567e-07,0.03493909196846576,0.0614049342399231,0.0001628837681087666,3.8167216887261816e-10,2.6599739918529238e-08,0.0012572697643896034,0.00018305948703642292,2.974428874145304e-06,8.592985624274681e-06,1.1384826627686692e-05,1.1999424631513533e-07,3.0563305917747632e-06,2.811913728064702e-06,0.00020526904026531225,6.615057340774137e-06,0.8962721499128534,0.0003200536230852358
16,0.0017716338865776625,1.0174634234451126e-06,0.0011206994727633937,0.0022219467746729324,0.00015827718835982444,7.457963290164237e-07,2.9789731250636105e-06,5.895210132061704e-07,0.03637214986382579,0.05771332856775226,0.00016525816024510546,3.6227600070154706e-10,2.729719568555624e-08,0.0011808566747459326,0.00018639747469320037,2.9278603755325816e-06,8.44893653812529e-06,1.0427963112209637e-05,1.2524762359152455e-07,2.9515013720059376e-06,2.6139935193276296e-06,0.00019661583018212313,6.556817588347908e-06,0.8985765385353472,0.00029688583734297993
17,0.0018954617607758327,1.075727179260998e-06,0.0011162159179543575,0.002381392960002225,0.00016453272604093237,7.625231137038307e-07,3.273035748951806e-06,6.066903151822335e-07,0.03535773644600696,0.06266812793606656,0.00017312019854910418,4.535966331783651e-10,2.978506720464079e-08,0.001407588499761027,0.00018049607712381053,3.0767714523485766e-06,9.43067683323112e-06,1.349147479361626e-05,1.2723138849443003e-07,3.2883329599985813e-06,3.081016629550032e-06,0.0002207629269443277,7.215607403318437e-06,0.8940285054500351,0.0003605997742584534
18,0.0019530133146226788,1.2336197144976597e-06,0.00071817007277603,0.0018686790603881034,0.00013264985947868016,7.123431178407684e-07,4.108532318073921e-06,5.1702592511516e-07,0.04273475016839315,0.07944591361328945,0.0001562104552868279,6.362430651815252e-10,2.7551112776822954e-08,0.00214017317842174,0.0001646316557167757,2.8229719177672047e-06,1.2004308934223774e-05,2.179360686534599e-05,1.0937359324436825e-07,3.990495805368405e-06,3.244073243862784e-06,0.000346288607154202,9.01918726365558e-06,0.8695065419768525,0.0007733943115652228
19,0.002079549212879298,1.3555093007943069e-06,0.0015249968456424448,0.0030731594247517453,0.00021982114144274031,9.005011618693919e-07,3.98291235310448e-06,8.415357679449517e-07,0.039759735381045075,0.06635497788059304,0.0002018511013503462,5.995300068558374e-10,4.236034047179018e-08,0.0015470072106184088,0.00019895956471600615,3.707277033574819e-06,1.1512516837442351e-05,1.4847646434940332e-05,1.6701353683931306e-07,3.745659353509036e-06,3.570474822190868e-06,0.0002569773484273884,7.326445344581382e-06,0.8843939073231841,0.00033705711353201954
20,0.0012085902135643646,8.329621590159559e-07,0.001040303845753259,0.002207850470175346,0.00013792552096049906,8.006227275622953e-07,3.5674255934300064e-06,5.836656197095608e-07,0.029934648803192368,0.05906833587250259,0.00017431730583711933,3.060134325244925e-10,2.1385720128702786e-08,0.0012447808754954125,0.00029856013213176523,2.8511088682640215e-06,8.014673930226366e-06,7.69472608225489e-06,1.2652408553214932e-07,3.0807566642164814e-06,3.29785949481398e-06,0.0002644754780069383,7.773567971055128e-06,0.9040781505540348,0.0003034153434158009
21,0.001604362752099342,8.937004440128541e-07,0.0011567628082504245,0.002341471244215736,0.0001346438720328752,7.860191378179727e-07,3.3875283643500115e-06,6.886637055618752e-07,0.03664590140141932,0.05436676249873058,0.00014818691621145053,3.064407359830401e-10,2.6183381571371027e-08,0.0010747771790077442,0.00021433826337156062,2.928322157314487e-06,9.097599153472299e-06,9.20979131851118e-06,1.2210245789329133e-07,2.9440100275144753e-06,2.463759453688166e-06,0.0002105110402231551,6.924782076388592e-06,0.9017697624507114,0.00029304680560760085
22,0.0014565080968963096,6.303993219235878e-07,0.0009826083807339089,0.00224311645260874,0.00010212766927531223,5.835223593357841e-07,2.1177817371010277e-06,4.553933994471736e-07,0.024418388394958697,0.058694645444453436,0.00014915626342966435,3.0637472181810833e-10,2.091951409429313e-08,0.001103783651121371,0.0001418272887953917,2.4062392868606638e-06,8.59154418637068e-06,1.0612196497302292e-05,8.192904749028049e-08,2.561962257073637e-06,2.5546609042715197e-06,0.0001832288854437666,5.123458473676688e-06,0.9102648716153826,0.00022399754354115127
23,0.0017409549499589512,9.921539075574656e-07,0.0010726915795825499,0.0022469957478879693,0.000153660323610386,7.491964846450299e-07,3.092347219140618e-06,5.693787758640567e-07,0.03493909196846576,0.0614049342399231,0.0001628837681087666,3.8167216887261816e-10,2.6599739918529238e-08,0.0012572697643896034,0.00018305948703642292,2.974428874145304e-06,8.592985624274681e-06,1.1384826627686692e-05,1.1999424631513533e-07,3.0563305917747632e-06,2.811913728064702e-06,0.00020526904026531225,6.615057340774137e-06,0.8962721499128534,0.0003200536230852358
24,0.0018366549176059295,1.351416418937768e-06,0.0011681157327977348,0.003431201267124508,0.00025049222330831867,9.802487982552281e-07,4.068083176640499e-06,7.09301099626927e-07,0.04317094087542584,0.06510413317636966,0.00022400794289782313,6.551331356423905e-10,4.548958156767567e-08,0.0019857276985264655,0.00018998214666683468,4.5896529010975015e-06,1.1386098231144548e-05,1.6657493145727572e-05,1.3561305545903394e-07,3.755891658280901e-06,3.4622375197183965e-06,0.00021539528472221074,9.449368300437017e-06,0.8819785015009649,0.0003882556845697967
25,0.001899602812996943,8.258874875470044e-07,0.0012972066341739993,0.0031879451507646575,0.00016290040498182325,6.887899854374018e-07,3.2591370484739886e-06,7.979467028981663e-07,0.031689558606683745,0.060995336540696145,0.00019071208360471424,3.820739377592043e-10,3.4315752082566636e-08,0.0012037385240976103,0.00018176829692770891,3.4283347083757586e-06,9.905236373439789e-06,1.2063511345891848e-05,1.3639821726241835e-07,3.1902233616443116e-06,3.1395620834004215e-06,0.00020291504834619322,7.202360909308401e-06,0.8986882038493743,0.0002554399613025802
26,0.0016010328961417908,6.486628804059726e-07,0.0007439254106459506,0.001705801277370734,9.882923397957688e-05,4.780034167720665e-07,1.83938615297395e-06,4.3410293456155754e-07,0.03161221304754935,0.0374865149841501,0.00012513089826500656,2.114367094188738e-10,1.790146909006329e-08,0.0006984173149722319,0.00012826636690854167,2.005691682312237e-06,6.3320497549472195e-06,7.378559548506909e-06,7.4543036312807e-08,2.0445304153238478e-06,1.6071939015225093e-06,0.00011496168042918623,5.443349539803797e-06,0.9254575089506707,0.0001990937527476608
27,0.0013154638003248793,8.300653332853566e-07,0.0007631749888331554,0.0016705110163150563,0.00011787046406639488,6.555227389620874e-07,3.09105510644973e-06,4.809256210806326e-07,0.03888456864859825,0.062030825928026105,0.00013417150091913377,2.702627496684101e-10,1.8687998488222903e-08,0.0010908706763571047,0.0002050645415897319,2.596011858195717e-06,7.443896923761974e-06,7.977936777447655e-06,1.0144082998058961e-07,2.8331167199456316e-06,2.1905015526782173e-06,0.0002303114855616395,6.195760194329242e-06,0.8931948755496453,0.0003278762078460924
28,0.0017409549499589512,9.921539075574656e-07,0.0010726915795825499,0.0022469957478879693,0.000153660323610386,7.491964846450299e-07,3.092347219140618e-06,5.693787758640567e-07,0.03493909196846576,0.0614049342399231,0.0001628837681087666,3.8167216887261816e-10,2.6599739918529238e-08,0.0012572697643896034,0.00018305948703642292,2.974428874145304e-06,8.592985624274681e-06,1.1384826627686692e-05,1.1999424631513533e-07,3.0563305917747632e-06,2.811913728064702e-06,0.00020526904026531225,6.615057340774137e-06,0.8962721499128534,0.0003200536230852358
29,0.0017409549499589512,9.921539075574656e-07,0.0010726915795825499,0.0022469957478879693,0.000153660323610386,7.491964846450299e-07,3.092347219140618e-06,5.693787758640567e-07,0.03493909196846576,0.0614049342399231,0.0001628837681087666,3.8167216887261816e-10,2.6599739918529238e-08,0.0012572697643896034,0.00018305948703642292,2.974428874145304e-06,8.592985624274681e-06,1.1384826627686692e-05,1.1999424631513533e-07,3.0563305917747632e-06,2.811913728064702e-06,0.00020526904026531225,6.615057340774137e-06,0.8962721499128534,0.0003200536230852358
30,0.0017409549499589512,9.921539075574656e-07,0.0010726915795825499,0.0022469957478879693,0.000153660323610386,7.491964846450299e-07,3.092347219140618e-06,5.693787758640567e-07,0.03493909196846576,0.0614049342399231,0.0001628837681087666,3.8167216887261816e-10,2.6599739918529238e-08,0.0012572697643896034,0.00018305948703642292,2.974428874145304e-06,8.592985624274681e-06,1.1384826627686692e-05,1.1999424631513533e-07,3.0563305917747632e-06,2.811913728064702e-06,0.00020526904026531225,6.615057340774137e-06,0.8962721499128534,0.0003200536230852358
31,0.0003588761454337411,7.137219934817839e-07,0.00024629145598520293,0.001452508448225309,9.697421646498982e-05,7.818053442147686e-07,2.4125566132497566e-06,1.0622766830355767e-07,0.036934840664448285,0.048202735174150316,0.00018137413193205308,1.7322053347167805e-10,9.681608836143701e-09,0.0015115166552511303,0.00023698068222180956,2.2068143282584845e-06,4.944108533232211e-06,3.0645277014151415e-06,3.085420603553022e-08,1.0634629209948519e-06,1.612650152950538e-06,0.00014420611009998267,5.05992419863209e-06,0.9103914961921019,0.0002201936151952018
32,0.0018618575789309483,1.0954573948034476e-06,0.0011823633195409105,0.002245272536863073,0.0001683932465256184,8.108621552415222e-07,3.3288331443588313e-06,6.345505005595681e-07,0.035511891577435485,0.06396835708977927,0.00017159868118818325,4.207831128080133e-10,2.8820303158243542e-08,0.0013041929812279277,0.00020241249947520597,3.1529568956630952e-06,8.836095122606186e-06,1.1708551300289024e-05,1.4581704672149562e-07,3.3598206949224844e-06,3.0920571151971067e-06,0.0002286202614338504,7.035410347857397e-06,0.8927724831871828,0.0003393273876122437
33,0.0018371009655791931,1.0539461634212105e-06,0.0011073191954415567,0.0025409146676731377,0.0001520911814482205,7.888802833919309e-07,3.29257724194986e-06,6.545773083973325e-07,0.037698730680709856,0.06697372951006272,0.0001690710273442362,4.633748779268358e-10,3.4105166328235895e-08,0.0014165686749738973,0.00016219401852879774,3.4006652544348234e-06,1.086620860737953e-05,1.343790992128973e-05,1.2545341898246275e-07,3.236204337192853e-06,2.746672968492542e-06,0.00022822896281523119,6.592504056216805e-06,0.8873467782606536,0.0003210426866672129
34,0.0010140297862408084,7.347173323225694e-07,0.0010985774966062922,0.003922906582736198,0.0001297884327845211,1.2610585410781315e-06,4.347320008883982e-06,6.467961982478806e-07,0.029727044925857062,0.08339459073757441,0.00013281611205006076,4.725373682817974e-10,2.7675264569530107e-08,0.001750899338152706,0.00020269018086449585,4.9521661215492916e-06,1.282236661689865e-05,1.5204561097779174e-05,6.999129388737435e-08,4.054264490747776e-06,3.76114852223936e-06,0.0002301740380875855,6.7567453951300505e-06,0.8780343277180979,0.0003075153675274286
35,0.004952803523321496,1.0361123634475764e-06,0.0011605207414359115,0.002401732739165089,0.00012355729904170486,4.29058175335829e-07,2.987939160101372e-06,1.283487276326926e-06,0.06423091581544937,0.08433971984855021,9.400658153522543e-05,3.8890828989110114e-10,3.51181586995951e-08,0.0007629966299320186,7.503127560067238e-05,3.0521324516232355e-06,1.2424241074380918e-05,2.0813108084274036e-05,1.558411332328446e-07,3.1663368723051233e-06,1.8766860859502973e-06,0.00019941517687942394,4.507679768827687e-06,0.8412510973761501,0.0003564348634261139
36,0.001808351842709437,1.0852472856227527e-06,0.0010005153649755498,0.0032531820280755734,0.00014009867313218347,9.548894357770401e-07,4.296667741596543e-06,1.1112291528754915e-06,0.06024017417553129,0.08086973109211326,0.00014715011268207886,5.633335880171345e-10,4.32505987891683e-08,0.0015722799896566617,0.00017627771328497475,5.12973585796171e-06,1.9023449968142056e-05,1.4200706683758418e-05,1.4017539014555913e-07,3.7818067461250768e-06,2.6155717079121155e-06,0.0003380768243894183,8.462881842339954e-06,0.8500155867337621,0.0003777292739427764
37,0.0017445813366464772,5.374902915947244e-07,0.0009048297178907333,0.0018505767220706765,8.672303740982069e-05,3.8973744650177993e-07,1.6932490592335879e-06,3.7652492813868626e-07,0.020051483220812814,0.04065281860357414,0.0001317590816936662,2.3395092024816206e-10,1.8172055084434577e-08,0.0008016571235952391,0.00010582045515188226,1.717198612921753e-06,6.271806251358299e-06,1.0320606110436363e-05,6.928110006063916e-08,1.9088663174996043e-06,1.757264589814067e-06,0.00011977861239016477,4.0758186445260865e-06,0.9333286463021391,0.00019218953726728966
38,0.0016789112414967323,9.680809309958644e-07,0.001169250056776037,0.0024254797156682086,0.00015478368489779852,9.514077051193991e-07,3.415023380353719e-06,6.441965589595125e-07,0.031591599452608234,0.06355361638151068,0.00016658965193410577,3.906118986259552e-10,2.922870188040337e-08,0.0011888288314601042,0.00020984925088638314,3.7316095702176068e-06,8.717909098819707e-06,1.0681032404251876e-05,1.4222093396146528e-07,3.366101439316681e-06,3.21191077469498e-06,0.00020017133576095302,7.133417648750236e-06,0.8973291384728216,0.0002887893944200275
39,0.0018052243015548547,1.0216407738309928e-06,0.0011230586966567346,0.0023780662423965697,0.0001586886561254111,7.961249617134052e-07,3.343369161512159e-06,6.349638537600058e-07,0.03548945715711017,0.06376452212370448,0.00016410439437899543,4.1113314295538774e-10,2.8104254295929836e-08,0.001295420608354429,0.00019332220409527565,3.193569154619453e-06,9.1813253192958e-06,1.208635567778358e-05,1.2953107221935487e-07,3.3059931496532515e-06,3.084648471473723e-06,0.0002202935666650818,7.155861828140602e-06,0.8930233984030286,0.000340481747118158
40,0.0016125211560825523,8.036385877412983e-07,0.0008754377743572184,0.0022469259912588774,0.0001264615628094937,6.562196953229792e-07,2.9335354610676552e-06,5.577771718626814e-07,0.03572306777293707,0.05978595971701061,0.00014444122608435594,3.0897236913249535e-10,2.391079484041577e-08,0.0011011357198890748,0.0001619417335820036,2.952696085166653e-06,8.336507444874118e-06,1.034882905140818e-05,9.923317314962054e-08,2.7742731254351976e-06,2.396611063105564e-06,0.0001817158000361781,6.408934959676456e-06,0.8977119004987107,0.00029019857165598863
41,0.0018169797398025574,1.3934069845585719e-06,0.0011836792822721351,0.0025652097737689666,0.0002020529521621961,8.837657618564696e-07,3.123257325330851e-06,6.313754372296234e-07,0.050380014971407205,0.06250562499965222,0.00016236196014316978,3.699518922416059e-10,3.125591598604304e-08,0.0011762994291193113,0.0001777694015420483,3.456408157710563e-06,9.100610579447509e-06,9.739686340038311e-06,1.1360858914546854e-07,2.6501269371739315e-06,2.4175246635355962e-06,0.00016516007703503536,5.954700314614709e-06,0.8793514832687428,0.00027386804739383845
42,0.002116862259891886,1.2267543904413552e-06,0.0021573803021914316,0.002814233992969458,0.00019485428566113063,1.101536652851661e-06,4.234215563050649e-06,1.6556218919821726e-06,0.044755598627243855,0.09928415888300873,0.0001648056242974835,5.350649930525146e-10,4.1181309399387085e-08,0.0012444469883100282,0.00029022971460491374,4.800165190260231e-06,1.384042587425647e-05,1.0070091823195035e-05,3.583691680990152e-07,5.597140410157378e-06,4.7361091370483e-06,0.0005062934528588613,7.93113016119274e-06,0.8461245761922777,0.0002909664000473977
43,0.0013045254104878641,6.191191182539815e-07,0.0007811408663852237,0.0016297504956372282,0.0001007135984590127,6.697588237962494e-07,2.9024628804853746e-06,5.682638660170704e-07,0.03762125064934333,0.10050726051709066,0.00010214982923417952,2.0724268737223723e-10,1.6772476900849046e-08,0.0009624729729635314,0.00016185892940877918,3.123419402078259e-06,6.597739266781661e-06,8.0302371470779e-06,1.078582988870117e-07,3.908444535845204e-06,2.310363727661018e-06,0.00024077349162713335,5.017765028122775e-06,0.856299715084722,0.00025451574282632955
44,0.0017409549499589512,9.921539075574656e-07,0.0010726915795825499,0.0022469957478879693,0.000153660323610386,7.491964846450299e-07,3.092347219140618e-06,5.693787758640567e-07,0.03493909196846576,0.0614049342399231,0.0001628837681087666,3.8167216887261816e-10,2.6599739918529238e-08,0.0012572697643896034,0.00018305948703642292,2.974428874145304e-06,8.592985624274681e-06,1.1384826627686692e-05,1.1999424631513533e-07,3.0563305917747632e-06,2.811913728064702e-06,0.00020526904026531225,6.615057340774137e-06,0.8962721499128534,0.0003200536230852358
45,0.0017551643486012384,1.0044730149280366e-06,0.0010672655859210961,0.0022335917491730166,0.00015439545262316796,7.450159249486151e-07,3.077428536107822e-06,5.619483050616814e-07,0.03503485552133213,0.061450101925647066,0.0001639275942333985,3.875658757053932e-10,2.6675464956328283e-08,0.001272872362083524,0.00018107023803863264,2.9482731500563764e-06,8.614080827844283e-06,1.1565361877113846e-05,1.1953135768245848e-07,3.050707952954222e-06,2.8209507608683535e-06,0.00020581941885181596,6.624680263162398e-06,0.8961148720667862,0.00032490422170704117
46,0.002665887326993175,2.682145353017517e-06,0.001622486464775282,0.001484599470040162,0.000503373378778773,8.213160470181503e-07,5.8916278861148e-06,4.652798600050542e-07,0.05022066928561751,0.09436910279336343,0.0002340092677884531,5.32591073708587e-10,2.789647215643279e-08,0.002271313619296389,0.0003293145997142102,2.702501679163952e-06,4.7165225318982956e-06,1.513770862430212e-05,2.9365555795135075e-07,4.311886304586937e-06,4.419369986093217e-06,0.0003270297396405754,7.297706685124959e-06,0.8449953483983772,0.0009280975060365484
47,0.003546278518750503,1.7458990735815932e-06,0.0012788578913916365,0.0017249714837365095,0.00015486689267357322,8.051395030093657e-07,3.976175053250823e-06,1.0159399045327547e-06,0.05335083299531031,0.09559563283916699,0.00014485185496981612,7.153510862231032e-10,3.77161391318276e-08,0.0012696377701069423,0.0001681885169539162,3.255066079829568e-06,1.3995160195618568e-05,1.771116029329907e-05,2.804699574512272e-07,4.574349259829316e-06,3.6273497709631085e-06,0.0004363561053453275,6.797178226297532e-06,0.8417083283162439,0.000563374496542891
48,0.0029203455801426518,1.6577440555206145e-06,0.0018714215148775428,0.0037157009340908946,0.00015780773840729415,1.6109798744149542e-06,4.654894603836213e-06,1.9056394152050656e-06,0.056687832209167156,0.067433424604573,0.0001661954080813887,5.630273852164873e-10,6.878367356738181e-08,0.0009481307206921233,0.00021003516535585392,5.658676169755674e-06,2.046608797338533e-05,1.0910185650622163e-05,2.941274766231214e-07,3.885118576677476e-06,3.3065997473429906e-06,0.00024163919063879352,8.43080102750623e-06,0.8653423704002323,0.0002422463324690659
49,0.0017670102735634517,8.998403214147316e-07,0.0009139240833364347,0.0021935332042776665,0.0001455788783637291,6.47286351468618e-07,2.9379801417836066e-06,5.50868452094709e-07,0.036654470893141784,0.05756780536552218,0.00015503286906161135,3.148317633562575e-10,2.41618273460733e-08,0.0011262783144162152,0.0001720376290496183,2.8919992074483534e-06,7.847689077553169e-06,1.0320906344293807e-05,1.086251269988038e-07,2.675796691453894e-06,2.4539070050825898e-06,0.00017700064107949867,6.6792752442619154e-06,0.8987791215305941,0.0003101676669705814
50,0.0012491895921536505,9.106773499664304e-07,0.0011782568404043424,0.0028243280651303153,0.0001390521166061201,9.533102959973272e-07,1.5939335129994658e-06,3.866035025537156e-07,0.022641549557311135,0.02863495018969657,0.00022234395954788384,4.4238273577553053e-10,3.070007185586028e-08,0.0010970363587953194,0.00015680104047142496,2.584131250220739e-06,9.581916553596964e-06,8.430263127062159e-06,7.365923898425726e-08,1.9823548827261066e-06,2.5621594966122175e-06,0.00010764721856691983,6.688120557406168e-06,0.9415706456502256,0.00014242113886801255
51,0.002117208092620915,9.980240030829425e-07,0.001216259956904431,0.0017742147522284521,0.00016720350725868877,9.40319029737448e-07,3.985521887187832e-06,6.856477823972037e-07,0.028653525314780735,0.06758855561713636,0.00017018008622117676,5.306164280305648e-10,2.6961209709309436e-08,0.0014507095345835566,0.00026648747910806777,3.552474874550475e-06,8.18165008075262e-06,1.588663337633736e-05,2.150964941386142e-07,5.521876935483385e-06,4.177587710383384e-06,0.0003040190153345514,1.051587786719263e-05,0.8956912302022739,0.000545718239681957
52,0.0009399247051526328,2.1231934847566533e-07,0.0005608584463603806,0.001617155422280487,4.852068061005579e-05,3.2019600139807634e-07,9.641036553608047e-07,2.1559990982522393e-07,0.013400190918149594,0.040813464235891106,0.00010152902979532655,1.2542216579448472e-10,1.1961883250959157e-08,0.0006030743821940334,6.491218850195842e-05,1.7499536574812535e-06,4.234728695339408e-06,7.706647052422273e-06,3.155066848926752e-08,1.8213845770404487e-06,1.0830359494180168e-06,7.003025659641117e-05,2.811092259710317e-06,0.9416691023949573,9.007464043064243e-05
53,0.0011179064635331896,7.025773790887165e-07,0.0006201215951640357,0.00264384079257844,0.0001290987475922128,7.779828166539922e-07,5.945814286733951e-06,6.393798860596228e-07,0.043022549653151165,0.0605577876323883,0.00014120484927346243,2.750417842219976e-10,2.364411440400662e-08,0.001338002764833552,0.0002595162020011456,3.9257356023531015e-06,8.315779969774205e-06,1.019530151344534e-05,8.759788089309472e-08,3.4116928700704516e-06,2.4382665543354187e-06,0.00020479544938787597,1.0043447966551105e-05,0.8894695368384931,0.00044913151572157815
54,0.0020689674884013117,2.0183614600189862e-06,0.0008054192998274926,0.002012421107963434,0.0002085998303121938,1.0244046870020694e-06,5.548025720424151e-06,6.510700741193035e-07,0.07240125044203936,0.0966331810319004,0.00014482700307545652,6.038259850879025e-10,3.103257094660139e-08,0.0019672703004834295,0.00021204836916909384,4.099760884213835e-06,1.1173957803074311e-05,1.5793425891143583e-05,1.4991167866955654e-07,3.7180495587007442e-06,3.118164308930063e-06,0.00032400016366103987,8.252046526182697e-06,0.8223993419911323,0.0007670941570450723
55,0.001209635487071548,5.030741237830349e-07,0.0009969281598737883,0.0020981170020335825,9.448053030018707e-05,6.739013923006668e-07,2.2265861694402823e-06,5.402018776317142e-07,0.023220177042803054,0.0580850176334641,0.00013385589002153306,1.7896483729847116e-10,1.8137843207420074e-08,0.0008885226023015132,0.00018697365856357783,2.6769826720257208e-06,6.681312613624419e-06,6.48076318445898e-06,9.613046408832921e-08,2.7690056549235374e-06,2.2857245918785137e-06,0.000174848016992177,5.812402300637819e-06,0.9127091915322902,0.00017148804243185468
56,0.001819342677556539,1.1214262242755864e-06,0.001122100829503271,0.0023509577608231517,0.00016630526169636187,7.989164418200466e-07,3.3099795254154314e-06,6.028009123055997e-07,0.037199400787558234,0.062233939129626374,0.00017670820514562898,4.4089559497451055e-10,3.120573308623562e-08,0.0013530864875923527,0.0001834265079549118,3.14895481467026e-06,9.403865264086883e-06,1.2380103274528618e-05,1.2910631717631703e-07,3.2086842791824476e-06,2.8952229655719522e-06,0.0002137036846749995,6.908674445118677e-06,0.8928017008303656,0.00033538845640952307
57,0.0028010005702933773,2.050507062672324e-06,0.0023149744898311284,0.0025590917728468155,0.0003140884123793562,1.2073225996435921e-06,4.836187673869537e-06,1.152340349133951e-06,0.04162435010095232,0.08765977779083749,0.00023594429468893897,1.0508099566407695e-09,5.176537366759908e-08,0.001881626144282042,0.000292602485590821,4.5432983734231e-06,1.310609340979246e-05,1.7886549722829443e-05,4.0851087947023093e-07,5.9635085421645374e-06,5.961288505621262e-06,0.0004905337660680529,9.051949020036616e-06,0.859259065616495,0.0005007241834125886
58,0.0014960986530485364,7.941533848934668e-07,0.0009166821836430853,0.001929636078880999,0.00012210494014917164,6.428798339895924e-07,2.5692470782190666e-06,4.655980642791275e-07,0.030396644999033495,0.05316921213720853,0.00014806630474813087,2.9782880192244723e-10,2.1677476988604187e-08,0.0010381574067353473,0.00016828764565913608,2.542328387100722e-06,7.309454675619904e-06,9.242197017105596e-06,9.7818450699303e-08,2.6262824287713725e-06,2.293820003288874e-06,0.00017361117065788472,5.736266401402752e-06,0.9101459294680327,0.0002612269911716968
59,0.0014001250621506539,7.383177993574346e-07,0.0009359846361217483,0.0018657340761368375,0.0001147962834743846,6.280454422512631e-07,2.4036246394965755e-06,4.451444297574784e-07,0.02819690703030869,0.051969153001703954,0.00014276781259391468,2.7684456908594023e-10,1.9754882855166908e-08,0.0010063767091424132,0.00017037917225362,2.3545406773162107e-06,6.993420277392382e-06,8.708626375024528e-06,9.240136577157112e-08,2.6100574107633047e-06,2.278537205699597e-06,0.00017252851875637566,5.475891283596132e-06,0.9137485398310713,0.0002439592276524936
60,0.0017409549499589512,9.921539075574656e-07,0.0010726915795825499,0.0022469957478879693,0.000153660323610386,7.491964846450299e-07,3.092347219140618e-06,5.693787758640567e-07,0.03493909196846576,0.0614049342399231,0.0001628837681087666,3.8167216887261816e-10,2.6599739918529238e-08,0.0012572697643896034,0.00018305948703642292,2.974428874145304e-06,8.592985624274681e-06,1.1384826627686692e-05,1.1999424631513533e-07,3.0563305917747632e-06,2.811913728064702e-06,0.00020526904026531225,6.615057340774137e-06,0.8962721499128534,0.0003200536230852358
61,0.0015298920489164815,7.611937773082781e-07,0.0010396525202365373,0.0019627513566109864,0.00011975871894291474,6.47752708169962e-07,2.412367555728701e-06,4.831329125361251e-07,0.027694647534742125,0.05352838895576329,0.00014307015538571766,2.910531352237534e-10,2.090298598039463e-08,0.001008704136812759,0.0001679908220225102,2.434323028284501e-06,7.239663043581284e-06,9.372875160947244e-06,9.886229111491758e-08,2.7101635795718413e-06,2.3922511686277398e-06,0.00017399333920591222,5.40998150032365e-06,0.9123546482070506,0.00024251844354493374
62,0.0017409549499589512,9.921539075574656e-07,0.0010726915795825499,0.0022469957478879693,0.000153660323610386,7.491964846450299e-07,3.092347219140618e-06,5.693787758640567e-07,0.03493909196846576,0.0614049342399231,0.0001628837681087666,3.8167216887261816e-10,2.6599739918529238e-08,0.0012572697643896034,0.00018305948703642292,2.974428874145304e-06,8.592985624274681e-06,1.1384826627686692e-05,1.1999424631513533e-07,3.0563305917747632e-06,2.811913728064702e-06,0.00020526904026531225,6.615057340774137e-06,0.8962721499128534,0.0003200536230852358
63,0.0017838129808004284,1.0618504062596734e-06,0.0010772258814957679,0.002214670334251776,0.00015804419515084682,7.60300667183302e-07,3.1278438676538535e-06,5.666754867068675e-07,0.03626249338419582,0.06171342772580993,0.00016541164764100042,3.921719365724166e-10,2.7135934741661692e-08,0.0012701870415126766,0.0001841903610452452,2.9533816216038562e-06,8.690969677855262e-06,1.1387075039674913e-05,1.2265140247198153e-07,3.0134732107091407e-06,2.81707331344175e-06,0.00020703083248508667,6.582017875865159e-06,0.894594259471868,0.0003281353030675272
64,0.0018090625514066887,1.0906453527441307e-06,0.001203899209864851,0.002339320647289195,0.00016951686325146064,8.337706191479202e-07,3.3031077902092365e-06,6.132925448656309e-07,0.032876571212646144,0.0640115283253407,0.0001753246392897462,4.2298596184839427e-10,2.734852348361804e-08,0.0012700889862846002,0.00020770422877843965,3.0828755287503834e-06,8.591598947229363e-06,1.1500237396232272e-05,1.40532803403157e-07,3.31608797555517e-06,3.5748389055212756e-06,0.00021919205401741792,7.1067740444147765e-06,0.8953468231795588,0.0003277865688544663
65,0.0011665708325660985,8.57591151106993e-07,0.0021596236197500038,0.0028435665337328483,0.00014347288509394056,1.2110896018182465e-06,3.2739899726323613e-06,7.554788194248844e-07,0.018117785668880188,0.04554066818146286,0.00019316480549355942,2.604365238863183e-10,2.4258123071326395e-08,0.000986622351766089,0.00044488515509002785,2.7710863505499415e-06,8.169938908860403e-06,5.614642924830265e-06,1.5224866754041346e-07,2.939314986566048e-06,4.166194436373798e-06,0.00021706796909245623,7.129355779173658e-06,0.9279728035437832,0.00017670300313028355
66,0.0019154073781323397,8.901848132354648e-07,0.0009483045122068244,0.0018091414078159507,0.00011686122742755589,7.017778461749541e-07,3.3385774051494515e-06,6.899641889132658e-07,0.03840240813568008,0.0517608544991232,0.00012527520917800727,2.7389165068600335e-10,2.1680441213156438e-08,0.0008992199300897863,0.00020453399152009342,2.5062907837097397e-06,7.710206295944175e-06,9.008384948301014e-06,1.3709522312988238e-07,3.083205282561718e-06,2.3291088059367968e-06,0.00019839566958802148,7.243832940369331e-06,0.9032430083091639,0.0003389291472078095
67,0.0018789083089258223,1.0483438632500477e-06,0.0011283455437920836,0.002321435125485117,0.00016550778005494863,7.352161406581348e-07,3.1552561677531923e-06,6.127933049549968e-07,0.03780379879291565,0.06319583241244751,0.00016335490854529444,3.852470425799481e-10,2.7760094948961592e-08,0.0012289433010329075,0.00018089440056876012,3.072421512961568e-06,8.705665344013849e-06,1.1495516201187668e-05,1.278088193047322e-07,3.012739134871057e-06,2.789455278305591e-06,0.00020573116129936618,6.459783133148264e-06,0.8913656618206115,0.00032034330007877
68,0.0019019222135606318,1.0023775333303596e-06,0.0013106261666644974,0.0026100002152834034,0.00015227954876676874,8.251485028426624e-07,3.3045008961649996e-06,6.491208583022614e-07,0.033307337536922214,0.061974492792316066,0.00016859056207125912,4.823719991059413e-10,3.526459922995338e-08,0.0013917077795483621,0.00015942132203539846,3.1722471511875783e-06,1.0213297137553964e-05,1.542222220196561e-05,1.252380064657714e-07,3.6349656001020197e-06,3.0064755225155787e-06,0.0002052314168152502,6.776435619913349e-06,0.8964454419285002,0.0003247807415143303
69,0.0016987622893462565,9.257588482171094e-07,0.0015571964178219082,0.0018969926081998825,0.00011842230107645114,1.2293747018483982e-06,2.8798348300650677e-06,6.055505621286123e-07,0.015467229615884034,0.058372800859315725,0.0002487562980256811,7.318491294082884e-10,4.0857211521290537e-08,0.0016283409608431807,0.00021879640555283523,2.6442688438852265e-06,1.0216096205843061e-05,1.4341419879875413e-05,2.6082590569970735e-07,6.639749723710653e-06,6.3448487281540875e-06,0.00033644858511863474,1.0500255908134825e-05,0.9181071150425513,0.00029250904306593324
70,0.001272024644368623,7.660791041361637e-07,0.000999981584235257,0.0031095740810150796,0.0001392054547853063,9.024806725635593e-07,3.142440618643799e-06,6.517780896361512e-07,0.03787801445047453,0.06413849502851159,0.0001404334755729361,3.906925207645866e-10,3.2592610994562675e-08,0.0013232104585429436,0.00014510324553183049,4.368016671789056e-06,1.0643507444543265e-05,1.2417647455944118e-05,8.081899928856765e-08,3.5542679550837304e-06,2.3556729841882e-06,0.00016758065224310568,6.58846116744801e-06,0.8904061181938423,0.00023475457640973946
71,0.0021772982878252704,1.1178038426435651e-06,0.0005901443207008221,0.002353518428389204,0.00019674090570304163,5.28367839601138e-07,3.1963354039524644e-06,5.696523898447621e-07,0.05520476712132532,0.06364877397971036,0.00016372804945385418,4.394742483576835e-10,2.851684048734436e-08,0.0013094574616765045,0.0001349990761973854,4.008559504589068e-06,8.690344875420363e-06,1.4283447999480827e-05,9.626123174753501e-08,2.675798747241497e-06,2.2365613071709844e-06,0.0001590022833831602,7.845164621303094e-06,0.8736066066098648,0.0004096862216927464
