,0,1,2,3,4,5,6,7,8,9,10,11,12,13,14,15,16,17,18,19,20,21,22,23,24
0,0.001353100931466588,0.00025088964702652005,0.9274307844774521,6.967809072546647e-05,2.4317550298794347e-05,0.0009523014247508765,0.020484189261137473,1.4436399943424921e-06,0.044913943972001054,3.277732983571415e-06,7.085773035207433e-05,0.0006522242706715713,5.423981439821438e-07,1.0119720645140262e-07,5.332428375373826e-05,2.3293411413688536e-06,1.0089430190629902e-07,1.2287323816366177e-05,0.0009072635755947048,1.4561440823301657e-08,0.0010702288447985572,1.1170920581545698e-06,3.0545392834830454e-05,0.0008131689388482952,0.0009019674272005484
1,0.0009522599789851641,0.00013849401437669178,0.9687439147541987,6.964706652282657e-05,4.688268131130005e-06,0.0002013753402924011,0.020113880080616587,4.382552373152341e-07,0.007631818352625733,5.4547016586483e-06,1.343967388982265e-05,0.00044324013777483805,1.1085308778613189e-07,6.515482001693697e-08,7.1020143976433075e-06,3.8128023512717214e-07,1.6482234626640603e-08,7.168043023867788e-06,0.00012156641546435528,4.47563219146556e-09,0.0003669848818608782,2.423754211632294e-07,2.983315499533061e-05,0.00025739473965944565,0.0008904795048574361
2,0.0016581189222631264,0.0002792693587815663,0.9410753801522413,0.00010694769129858625,1.8570872036519743e-05,0.00025970521949419164,0.041842701442017995,5.959217587209061e-07,0.009910084876990221,7.765616775478395e-06,3.0707076659715084e-05,0.0007333630913413386,1.952470017287592e-07,2.3894484638216993e-07,1.6492889309813596e-05,4.4813537898801274e-07,4.8435862391457924e-08,1.4604380048111474e-05,0.00011258785693867568,1.0868415870084443e-08,0.0004955590857452472,4.3891001210343426e-07,7.566192785369415e-05,0.0002743258561680606,0.003086177220760033
3,0.0011089838901491265,0.00019446145797202643,0.9553252523181047,0.00013362637698388687,8.681198274242716e-06,0.0002314291879070436,0.03222807923391218,5.864388115468026e-07,0.0070947545820207155,6.848903101518533e-06,3.011367787580716e-05,0.0007309599540073193,1.371402817887135e-07,1.7508284721569364e-07,8.567990750369521e-06,3.245824980818449e-07,3.4987636148744794e-08,1.113709649874074e-05,0.00011015288604053666,6.818918376478589e-09,0.000565653057893128,4.0421333979850805e-07,8.417414908506859e-05,0.00032964090537427503,0.0017958138697165514
4,0.001226494773640883,0.0002041275134593379,0.9528960128374229,0.00014667617325264947,9.369242891297253e-06,0.00023864595926064843,0.03314692346872261,5.912751664186765e-07,0.007847999350264851,6.810503326305821e-06,3.2030408930203844e-05,0.0009335422024335666,1.9635909092236692e-07,2.0459256100462216e-07,8.873367702382351e-06,3.415747669281624e-07,4.4487281398116245e-08,1.2462422742954163e-05,0.00011903298944842451,7.854659750568263e-09,0.0006502398215991886,4.7560038223160253e-07,9.031805660897442e-05,0.000366349056847242,0.0020622301075367403
5,0.0013027607393671374,0.00018618587957546407,0.9545407526181378,0.000192006678312204,7.280669147143888e-06,0.00021798997459861796,0.03217160474192616,5.738949911339845e-07,0.006790464940289898,7.7408881148965e-06,3.0347343583464972e-05,0.0009777287061100226,1.575981652835846e-07,2.1118680084178138e-07,7.379289774499886e-06,2.8615365984942485e-07,4.139791920165194e-08,1.6458130736396736e-05,9.546590080239124e-05,7.238694394105161e-09,0.0007031933211314299,4.801012865317291e-07,0.00010125118192368171,0.00038333319919561554,0.0022662982257561372
6,0.0011089838901491265,0.00019446145797202643,0.9553252523181047,0.00013362637698388687,8.681198274242716e-06,0.0002314291879070436,0.03222807923391218,5.864388115468026e-07,0.0070947545820207155,6.848903101518533e-06,3.011367787580716e-05,0.0007309599540073193,1.371402817887135e-07,1.7508284721569364e-07,8.567990750369521e-06,3.245824980818449e-07,3.4987636148744794e-08,1.113709649874074e-05,0.00011015288604053666,6.818918376478589e-09,0.000565653057893128,4.0421333979850805e-07,8.417414908506859e-05,0.00032964090537427503,0.0017958138697165514
7,0.000873848865167877,0.0005787941348080281,0.8540310369345486,0.0008163230959564758,3.147169617866565e-05,0.0006352695351284611,0.09076182732288263,2.018511300078417e-06,0.033127038436987215,1.4801424281688927e-05,0.00012377284676467814,0.003980847023471613,3.629354714834898e-07,1.1250396157760057e-06,9.865142175756456e-05,1.979536795945275e-06,2.1136163719383358e-07,3.505548097626315e-05,0.00019917448400637086,2.779694689701821e-08,0.00457750051615936,5.288800849962008e-06,0.0003164809890035099,0.0004936606733830493,0.009293431135920946
8,0.001285786030637072,0.00022122779108823117,0.9412163853292467,0.00013615983654527157,1.1197691141811498e-05,0.0003149280940125935,0.038226700953611324,8.275491090139754e-07,0.013441839684665252,6.6493640275424275e-06,4.341154929708175e-05,0.0010492870340210326,1.9265412337482028e-07,2.0327978260068345e-07,2.0328537324851645e-05,5.371374191468226e-07,5.7828083376135194e-08,1.8614450176464e-05,0.00018787046972864292,7.3412225456151305e-09,0.0009788825554192544,9.576882431024029e-07,6.710388651513224e-05,0.00036555990106135173,0.002405283363497342
9,0.0021734348531773453,0.0002700354832305264,0.9348088879625809,0.00010584730788722723,2.093086276269569e-05,0.00039690672487248326,0.043746676042139616,1.1488530928010164e-06,0.01338987947192053,6.319157790597737e-06,7.345333719739478e-05,0.000874639985122342,2.016724488385067e-07,2.8886900300416635e-07,2.31729222606415e-05,5.571664736388997e-07,8.087018289433629e-08,2.223067677869764e-05,0.0002796201682967744,7.955769116363741e-09,0.0006545483359246845,9.416184838341761e-07,8.10431849815583e-05,0.00042260279311251745,0.0026465437245093925
10,0.0011089838901491265,0.00019446145797202643,0.9553252523181047,0.00013362637698388687,8.681198274242716e-06,0.0002314291879070436,0.03222807923391218,5.864388115468026e-07,0.0070947545820207155,6.848903101518533e-06,3.011367787580716e-05,0.0007309599540073193,1.371402817887135e-07,1.7508284721569364e-07,8.567990750369521e-06,3.245824980818449e-07,3.4987636148744794e-08,1.113709649874074e-05,0.00011015288604053666,6.818918376478589e-09,0.000565653057893128,4.0421333979850805e-07,8.417414908506859e-05,0.00032964090537427503,0.0017958138697165514
11,0.0011460012355624671,0.00019711800485064975,0.9552869533334112,0.00013629649212127634,9.013762599791558e-06,0.00023108104920486195,0.0320177049819963,5.863404799406723e-07,0.0071965910486421186,6.818072873560644e-06,3.051489517180195e-05,0.0007979429656563101,1.6906529828639238e-07,1.8003617762707429e-07,8.208429431745877e-06,3.3360534901910334e-07,3.826069949229117e-08,1.1050897436431113e-05,0.00011532084777739161,7.58107768277925e-09,0.0005767107204930112,4.081402960138563e-07,8.732951377441409e-05,0.0003587678319099008,0.0017848528877087897
12,0.005976099251446267,0.0009382324290071495,0.8368872124817139,0.00041523546636742647,0.00011540557622506797,0.000840141228213797,0.06602140775017136,3.091033206221828e-07,0.009575319420332967,3.175587305952534e-05,2.8423401417123935e-05,0.0010332665736982234,6.159943622305528e-07,4.74086184785318e-06,1.0491411791169689e-05,1.7251426019618868e-07,9.169939974373105e-07,9.795091463640689e-05,4.378191124445856e-05,4.4931253624339355e-08,0.002445039250549872,5.836104987493227e-07,0.0007303156361771857,0.00017939093982334987,0.07462314647458398
13,0.0006553939310123926,0.000156712699524296,0.9389332419773765,0.00028741908005054076,1.1074858642676079e-05,0.0002349541917235728,0.04767194831910347,1.4656963870958857e-06,0.006413769376672884,4.321052066781142e-06,0.00016172118685307441,0.002000970626536285,1.8404024681084565e-07,5.244497224400961e-07,1.2158621473311116e-05,3.9088881550267135e-07,5.3476748594492505e-08,1.1090758464868818e-05,0.00011162435032096226,8.030749335666222e-09,0.0008012327495555569,9.647059109068842e-07,0.00022864438038841935,0.0005140334044723905,0.0017860971471812348
14,0.0018223404151435881,0.0005535722554026716,0.919714672622404,0.00018961528263749153,2.025862950277789e-05,0.0003014332980921757,0.06372871473297634,9.124079017394735e-07,0.008531028203261754,1.4596828940927328e-05,5.709272047050494e-05,0.0009445691367790301,1.4042027213546338e-07,3.8303589808040806e-07,1.1972941357732062e-05,4.0610265469758516e-07,4.689199345825433e-08,1.4345443552721364e-05,0.00020927900698968055,1.0891997160309834e-08,0.000603806236015289,5.39625883624095e-07,0.00016618910304611208,0.0004868768592691265,0.002627196907557013
15,0.0011089838901491265,0.00019446145797202643,0.9553252523181047,0.00013362637698388687,8.681198274242716e-06,0.0002314291879070436,0.03222807923391218,5.864388115468026e-07,0.0070947545820207155,6.848903101518533e-06,3.011367787580716e-05,0.0007309599540073193,1.371402817887135e-07,1.7508284721569364e-07,8.567990750369521e-06,3.245824980818449e-07,3.4987636148744794e-08,1.113709649874074e-05,0.00011015288604053666,6.818918376478589e-09,0.000565653057893128,4.0421333979850805e-07,8.417414908506859e-05,0.00032964090537427503,0.0017958138697165514
16,0.0010184672220151655,0.0002852397789104178,0.9233629110804427,0.00022030682330785066,8.02580436234242e-06,0.00020941431203734962,0.05803796723570673,9.335121400182649e-07,0.00916152495064728,1.57092679265362e-05,2.9891263287585258e-05,0.0020856337828036326,2.1726699063596835e-07,3.047379814577144e-07,1.564717752891558e-05,5.807374053178231e-07,5.523216130141022e-08,1.8930831112709724e-05,0.00016351298466680687,1.0431014053865962e-08,0.001765368980223658,1.35065541411062e-06,0.00011406643731968737,0.00034885900254944706,0.0031350704920440338
17,0.0011249631791861929,0.0002957340566675902,0.9125448846390928,0.0003959195522510676,2.1754224747782995e-05,0.0002746956227206785,0.06730788631953838,1.3010220518535923e-06,0.007856321292539117,1.2174555237180501e-05,8.128776672968613e-05,0.0024390065021122416,3.967498121669592e-07,7.926081342513743e-07,1.3701452346266045e-05,5.285533002626063e-07,1.5748442080517125e-07,2.0670835422465588e-05,0.00011677244199499204,2.215838087121355e-08,0.0016089355237901403,1.4227276474483824e-06,0.000416069164216652,0.0005003317468834399,0.004964269820775737
18,0.0019183517446012537,0.00024457437503786107,0.9207504453696098,0.00018753169557620498,1.7082212289477298e-05,0.00024816380390204186,0.05690320412893438,4.837995279816554e-07,0.007389605379838252,1.3686961108799244e-05,2.666637302414559e-05,0.0014425150953954618,3.1637706264268415e-07,5.131997217731483e-07,1.1623147843857889e-05,2.840126514388779e-07,1.2271947872576376e-07,3.45793925480741e-05,7.330250071594117e-05,1.3054034457229879e-08,0.0013576565939016868,7.86497764876003e-07,0.00016085008590228619,0.00024930231031586374,0.008968339169212976
19,0.0006662609899791911,0.0001816530610952739,0.9368664013771193,0.00017100043252970732,5.463125811742286e-06,0.00011299870634765233,0.05099702938779294,6.775834482340843e-07,0.006828754918644371,7.258805255729519e-06,2.138426909168844e-05,0.0014684946326176652,1.3576545937061212e-07,1.54035536469855e-07,8.780338822527507e-06,3.720844629613191e-07,2.198749530479607e-08,7.84899115064962e-06,8.034983569031705e-05,5.7413008415654005e-09,0.0006748735137552209,5.444505212276991e-07,6.835248863858113e-05,0.00023090409972971929,0.0016002793777036399
20,0.0006761118247822053,0.00016019527724385254,0.9466915451244091,0.00017584385985432047,6.027195791950834e-06,0.00020533503802706843,0.03951193144991766,1.4872293182395093e-06,0.008367827890668375,6.929359294062599e-06,4.864869200388705e-05,0.0012077917309367353,1.1653682076615046e-07,1.890423633730758e-07,2.5552797369620162e-05,6.363251602403115e-07,3.616442503994306e-08,1.3220096218571077e-05,0.00014698111001749118,6.511422583086452e-09,0.0007913770921917872,1.3277089743856134e-06,7.055596865497156e-05,0.00027773160930190025,0.0016125943648317596
21,0.001055388893956401,0.00021435987637451946,0.9490440084755478,0.00018386362273454656,6.041489064692309e-06,0.00019687992219251312,0.035842487635436085,8.668549081921664e-07,0.00943848535299319,7.843965867787801e-06,2.5063034798983675e-05,0.0013598788915582117,1.6371064030642893e-07,2.330609708960913e-07,8.903890760270455e-06,5.812025266909517e-07,2.1684517543048096e-08,1.1430649998532487e-05,0.00011548773443480743,7.160382499639416e-09,0.0006600212922422113,4.6459244190409795e-07,5.5852890930458463e-05,0.0003189748081193507,0.0014526893066015504
22,0.0016740907558700734,0.00010881599123394512,0.9700457229903565,9.371412979067439e-05,7.769287302611073e-06,0.00027243538251926324,0.01828255348173789,5.090894009961931e-07,0.006002824966604058,5.19564613674752e-06,3.304055748010553e-05,0.00041967754472625756,1.2743075839938516e-07,1.277955711060127e-07,8.97641655159824e-06,2.5684321230553523e-07,6.025189919056606e-08,2.257140662758999e-05,9.875132122564435e-05,5.771971161154411e-09,0.0005173502800188414,4.832934893540525e-07,6.197399393920013e-05,0.00032676336740422595,0.0020162020041719626
23,0.0011089838901491265,0.00019446145797202643,0.9553252523181047,0.00013362637698388687,8.681198274242716e-06,0.0002314291879070436,0.03222807923391218,5.864388115468026e-07,0.0070947545820207155,6.848903101518533e-06,3.011367787580716e-05,0.0007309599540073193,1.371402817887135e-07,1.7508284721569364e-07,8.567990750369521e-06,3.245824980818449e-07,3.4987636148744794e-08,1.113709649874074e-05,0.00011015288604053666,6.818918376478589e-09,0.000565653057893128,4.0421333979850805e-07,8.417414908506859e-05,0.00032964090537427503,0.0017958138697165514
24,0.001559139170589956,0.0003344311383996115,0.9466117131167124,0.00023012227171840646,1.117159252531077e-05,0.00026406117813170427,0.038523739980907634,7.893573517955159e-07,0.007547511667596043,1.0527598982103998e-05,3.639130311918313e-05,0.001089957087054796,1.8269257542881623e-07,3.474027769811484e-07,7.654635529634874e-06,3.6871307157747423e-07,4.783960880250422e-08,1.413176358018619e-05,0.00013480342689501347,1.069876623175742e-08,0.0006783720661204695,4.7038229575239715e-07,0.00014384548382673587,0.00043468918329408416,0.0023655202485700013
25,0.0006541233641771583,0.00017289676143710165,0.9303681823203859,0.000353041190756723,1.046972672608074e-05,0.00024494850441727893,0.058780134851908326,3.27165115137961e-06,0.005385174787792561,6.448921713936249e-06,0.00017231931525500238,0.0013857662388491428,1.0159478852780181e-07,5.602145218155668e-07,9.491674333695114e-06,5.45883245819668e-07,3.5599452812477555e-08,1.0965264652324064e-05,0.00013582542939438044,7.478904440526852e-09,0.0006155216178106218,7.86660816558782e-07,0.00020384938691595604,0.0005069940886383621,0.000978537471954207
26,0.0018801377747930277,0.00010353081149610158,0.9822027397082375,6.26125570772957e-05,5.917199904231415e-06,0.000228743645876697,0.008534604444501333,1.462900722782711e-07,0.004836299161945666,3.2754269363152368e-06,1.7284845503555992e-05,0.00021064757304517745,1.419223057999893e-07,4.096474386376011e-08,1.4244791321463842e-06,1.1316620496293628e-07,2.522662505076274e-08,8.065678948389533e-06,9.182501406838184e-05,5.1878890190180396e-09,0.00024312896131530046,8.903050183756046e-08,7.190360848022127e-05,0.0008437758049696003,0.0006535215154262622
27,0.0010736511119830235,0.00018647752343852383,0.9516658382575314,0.00015552823116163854,8.36018791805761e-06,0.0002614443341236947,0.03300488315006236,8.727833985880602e-07,0.009471697431617602,6.61360253858789e-06,4.1815721073996945e-05,0.0009191393827280765,1.4623739881181613e-07,1.846004985292486e-07,1.4969455060459933e-05,4.71048764749613e-07,4.472334090359859e-08,1.4732628604685334e-05,0.00014628663249944488,6.869671759835398e-09,0.0007399110728289373,8.195533539668659e-07,8.014468036548835e-05,0.00036998993933130174,0.0018359708407054867
28,0.0011089838901491265,0.00019446145797202643,0.9553252523181047,0.00013362637698388687,8.681198274242716e-06,0.0002314291879070436,0.03222807923391218,5.864388115468026e-07,0.0070947545820207155,6.848903101518533e-06,3.011367787580716e-05,0.0007309599540073193,1.371402817887135e-07,1.7508284721569364e-07,8.567990750369521e-06,3.245824980818449e-07,3.4987636148744794e-08,1.113709649874074e-05,0.00011015288604053666,6.818918376478589e-09,0.000565653057893128,4.0421333979850805e-07,8.417414908506859e-05,0.00032964090537427503,0.0017958138697165514
29,0.0011089838901491265,0.00019446145797202643,0.9553252523181047,0.00013362637698388687,8.681198274242716e-06,0.0002314291879070436,0.03222807923391218,5.864388115468026e-07,0.0070947545820207155,6.848903101518533e-06,3.011367787580716e-05,0.0007309599540073193,1.371402817887135e-07,1.7508284721569364e-07,8.567990750369521e-06,3.245824980818449e-07,3.4987636148744794e-08,1.113709649874074e-05,0.00011015288604053666,6.818918376478589e-09,0.000565653057893128,4.0421333979850805e-07,8.417414908506859e-05,0.00032964090537427503,0.0017958138697165514
30,0.0011089838901491265,0.00019446145797202643,0.9553252523181047,0.00013362637698388687,8.681198274242716e-06,0.0002314291879070436,0.03222807923391218,5.864388115468026e-07,0.0070947545820207155,6.848903101518533e-06,3.011367787580716e-05,0.0007309599540073193,1.371402817887135e-07,1.7508284721569364e-07,8.567990750369521e-06,3.245824980818449e-07,3.4987636148744794e-08,1.113709649874074e-05,0.00011015288604053666,6.818918376478589e-09,0.000565653057893128,4.0421333979850805e-07,8.417414908506859e-05,0.00032964090537427503,0.0017958138697165514
31,0.001278552989349645,0.00012977502954149915,0.9740517344959202,7.318859833931107e-05,4.031921445797711e-06,0.00012640035427901572,0.02023199583844233,5.386716181660396e-07,0.0025148266596459693,6.886852043725523e-06,1.3712500264497139e-05,0.00027053818553901445,5.99642484830495e-08,8.820236264460225e-08,2.316484490897789e-06,1.379347584148384e-07,1.580179206631448e-08,7.661827250096929e-06,7.907749774296698e-05,3.629133555135685e-09,0.00020726121191223917,1.3045981879137626e-07,4.877367202089239e-05,0.0002085505943647672,0.0007437406236753293
32,0.0012429490921315339,0.00020636832242017662,0.9566625080380209,0.00012066221634981114,8.396803110289116e-06,0.00024837821730528526,0.030507877448439854,6.153404581427674e-07,0.007433682702463957,7.046271511618915e-06,3.056903554790676e-05,0.0007118550135813566,1.4118259059714e-07,1.632497630362981e-07,8.873694719117113e-06,3.3605148753428704e-07,3.551444531799578e-08,1.1517842669646216e-05,0.00014264373540394339,6.560847275406427e-09,0.0005605649419245219,4.2927280360513583e-07,7.769976936535504e-05,0.00036375376471072023,0.001652925917928482
33,0.00095855074012236,0.00030077389442400047,0.9229911593162196,0.0006235188606008783,2.251112435490692e-05,0.0006612945695551113,0.059962403502285044,4.677446818164293e-06,0.0057622975330198205,2.191779517698241e-05,0.00022449188492845417,0.0018810898393221698,4.6134001740387784e-07,1.1864414083237864e-06,9.243558661117414e-06,1.0363627581473746e-06,2.1990952632514084e-07,1.799912194819714e-05,0.00038380160626630107,3.17843320775628e-08,0.0017214173112283634,1.9719769401384523e-06,0.0010374809830666295,0.0015104648450177088,0.0018999982520015917
34,0.0006285318733939,0.00017605472112619414,0.9374920506586386,0.0003023400244860419,1.0378116899233445e-05,0.0002411401721511536,0.050803949968600465,7.812502099422288e-07,0.004587632103883793,1.3527032429942938e-05,3.7012010349140006e-05,0.0009758075049802778,1.4000523732399773e-07,3.5866303699176056e-07,9.697776468678348e-06,4.200645970198929e-07,5.156684240258679e-08,1.2638019645783884e-05,5.594796016331038e-05,1.2465532954632124e-08,0.0009135235254644189,5.692248578267136e-07,0.00022840281610965883,0.0002890460741399036,0.0032199864007550973
35,0.001155301642994581,0.00018816930294857803,0.9559667045438811,0.0001291649168416787,8.183740555834374e-06,0.0002188741200087342,0.03165169103568915,5.742679266596375e-07,0.007111864383206885,6.674548801289766e-06,2.8292234292869698e-05,0.0007230409759163274,1.335936216202796e-07,1.6349680767858031e-07,8.08202729165879e-06,3.119200864124713e-07,3.331113674850874e-08,1.1506384072011497e-05,0.00010837989826141947,6.3944664712407795e-09,0.0005507686317378535,3.9354766833426184e-07,7.710147608277428e-05,0.0003245517542323406,0.0017300318514709664
36,0.0013523169922149605,0.00020151776380757956,0.9174942122056325,0.00016805106532906478,6.636134828162915e-06,0.0001248263485653939,0.06160532700098614,2.8470011938273013e-06,0.01170393987053655,6.234863065316993e-06,4.13002376335311e-05,0.004064282474474856,3.7425980779555325e-07,2.952857880974317e-07,2.3976105012314913e-05,1.0897452067741746e-06,5.0927609036613054e-08,1.6036251492740465e-05,0.00025932146301048387,8.133257320810956e-09,0.0006951704082679309,1.8685873197936987e-06,4.052991462948402e-05,0.0002542611841620396,0.0019355257761682987
37,0.0017087340085750187,0.00013506057525053167,0.9714377099753659,8.866243417690016e-05,3.8038535030081033e-06,0.00010136034586191644,0.02118150908435785,2.56885580106102e-07,0.0031648477412276814,6.042264881445676e-06,1.3853008155997566e-05,0.00041303057501392406,7.3977661640508e-08,6.67236900108269e-08,1.5699009121508751e-06,9.064243576459801e-08,1.601595344072368e-08,9.784238638203585e-06,6.99665007614494e-05,3.2590794556862063e-09,0.00027977609584710356,1.4482191889427438e-07,6.51479481033056e-05,0.0004019840772457664,0.0009165050458024855
38,0.0014963664389536725,0.0001345341555009029,0.9705559750079691,3.137715943578663e-05,6.771419670414792e-06,0.00029566574314144765,0.019765832082812664,2.3780051961842868e-07,0.005983106646242889,4.738957608591811e-06,1.2697130084742722e-05,0.000187407839665436,6.616418831881922e-08,5.920478787780577e-08,7.191120343173573e-06,2.4848553647715635e-07,1.0391563102828586e-08,6.380773718799948e-06,0.00011436885289123111,2.4772725257745083e-09,0.00015220480472418873,1.0220237643610744e-07,2.025642196130039e-05,0.00020886873750356296,0.0010155299815275231
39,0.0036762354742064995,0.0017878053760370229,0.8441470349519589,0.00035681650630592306,3.3637339418251877e-05,0.00010538447281771593,0.12536340087301773,4.949932401048406e-07,0.014525593185912417,9.005366438260284e-06,7.640313139021127e-05,0.002906719580164737,8.650974638584535e-08,9.599081763326795e-07,1.1772422194701715e-05,1.9302953582140433e-07,2.1229682566405625e-08,1.2912660646293254e-05,8.890561510409166e-05,8.721507760664062e-09,0.0003137843809807348,4.633390563232091e-07,0.00026173746027272977,0.00043861812726141863,0.005882005344926921
40,0.0011235214402242363,0.00019929018318677014,0.9548043922548356,0.0001470607926908635,8.898644255352614e-06,0.00023939119670608728,0.03271954053193179,6.295102757027193e-07,0.0070257529101111285,7.343921407572392e-06,3.1943090805706876e-05,0.0007369523865449845,1.384389087870052e-07,1.8265374078924714e-07,8.22704309348164e-06,3.3913812144987314e-07,3.707699351536608e-08,1.1694956934776611e-05,0.0001136446177600759,7.3074833893119215e-09,0.0005980998208663286,4.162273654419435e-07,9.273494240487317e-05,0.00035809985645774784,0.0017716610568934157
41,0.0014169746476996707,0.00016108913884160968,0.9557898579830417,5.5869308596102695e-05,1.7216866124718478e-05,0.00019626775050678681,0.0266750446641947,2.9688632249690246e-07,0.013533560312519882,2.342745906260497e-06,1.8249211805219408e-05,0.00035183203926778477,1.5144356351120928e-07,7.387268911011001e-08,1.1922480009826131e-05,4.5418654497714894e-07,1.736389293523186e-08,6.627131485349035e-06,5.6999418301819406e-05,5.583486666175061e-09,0.00016917391212571456,1.281536704283029e-07,2.194391999299812e-05,0.00020144823188729275,0.0013124527475227282
42,0.0005662805163982047,0.0001066400623782126,0.9649967084938704,0.0001540499480829944,2.8103398691633403e-06,0.0002668491993163913,0.022319533123541013,1.8739691344687248e-06,0.007604095066494828,8.632293824627719e-06,3.355358440804969e-05,0.001162201720235671,1.8820040743525264e-07,8.913061781354798e-08,1.758673113113849e-05,1.0730467564234603e-06,4.150489470339506e-08,1.140327772415433e-05,0.0003467696843402087,7.363128320942433e-09,0.0010788178838075587,1.5545932202038386e-06,5.610670881407708e-05,0.00047040949898937513,0.0007927240586144638
43,0.0005971711195336409,0.0001548207629216283,0.9618875336175023,0.00015294201147151302,5.6066159772977275e-06,0.0004746663994624776,0.02686923091961083,8.400414664014901e-07,0.005118478432444588,3.0698598940036195e-05,1.8286868331456337e-05,0.00045953986947496226,1.5404182105711737e-07,1.5762312401359494e-07,9.502931761288215e-06,6.031227710599235e-07,5.748666857707944e-08,1.6258995515635746e-05,0.00017903683228785055,1.3402420008230078e-08,0.0017658021456437504,7.964714184148308e-07,0.00013876351331617228,0.00041384382794158655,0.0017051943481735505
44,0.0011089838901491265,0.00019446145797202643,0.9553252523181047,0.00013362637698388687,8.681198274242716e-06,0.0002314291879070436,0.03222807923391218,5.864388115468026e-07,0.0070947545820207155,6.848903101518533e-06,3.011367787580716e-05,0.0007309599540073193,1.371402817887135e-07,1.7508284721569364e-07,8.567990750369521e-06,3.245824980818449e-07,3.4987636148744794e-08,1.113709649874074e-05,0.00011015288604053666,6.818918376478589e-09,0.000565653057893128,4.0421333979850805e-07,8.417414908506859e-05,0.00032964090537427503,0.0017958138697165514
45,0.0005838521375681552,8.113899861175615e-05,0.9642723313268897,8.446197687656583e-05,5.035603573876868e-06,0.00022237675478110157,0.026254591985153678,1.3498341666488573e-06,0.006747004762355049,3.347597970971243e-06,4.3339071918039394e-05,0.0004461446497962473,7.345052277417917e-08,7.34323554201777e-08,2.0629936083474632e-05,7.70310034385193e-07,1.4276661168091558e-08,6.727289842234691e-06,0.0001281220829523968,3.703468769824311e-09,0.0002204596286323207,4.2359453113950487e-07,2.503020648842027e-05,0.00024097692884360956,0.0006117204599217404
46,0.0010562475400546232,0.00017856383235286013,0.9582607895322597,0.00017769347767057858,9.07418468932587e-06,0.00029576681013449414,0.028887026172934135,7.469315041222772e-07,0.006686365870870565,7.695606194539686e-06,3.953814255009273e-05,0.0008275710431460084,1.9356839926057155e-07,2.1209711744500654e-07,9.60501039370321e-06,3.903501592032614e-07,6.499082394973583e-08,1.3530107959453571e-05,0.00013168414961211482,9.625563815132023e-09,0.0008000962009827181,6.19944582893732e-07,0.0001268561187526597,0.00042245006778031987,0.00206720862351156
47,0.0018806573522888394,0.00019085760748231473,0.9517552358928406,8.986293258819658e-05,5.998435692249862e-06,0.0001373507275509451,0.030387102869360215,3.6093845383649284e-07,0.010435592132339381,6.558921923059006e-06,1.2337690482925746e-05,0.0014685490238133495,3.179759786995172e-07,9.21546059594061e-08,9.243321121023704e-06,4.361809118477315e-07,4.308708433701967e-08,1.3690538000370647e-05,0.00015130590085427883,6.876135538889265e-09,0.0007633490867550455,6.396711859196173e-07,4.001153043397703e-05,0.0003404012099808515,0.0023099979421360435
48,0.0016934756702558012,0.0005428661087239278,0.9528779217230713,0.0001358988326320063,9.516762288467573e-06,0.0005126885420525065,0.03331718730400428,1.089406011986476e-06,0.006397292290566682,1.701497706860084e-05,5.773800970763416e-05,0.0006453752555765628,1.4249078316766547e-07,2.1069088015444558e-07,6.103738672815829e-06,3.396951676945551e-07,4.691932879593324e-08,8.276504253825698e-06,0.0008633115671020716,7.923087439126924e-09,0.0006206869525169213,5.448214102209441e-07,0.00020506925877481782,0.0010773909272704582,0.001009803628792087
49,0.0007846255603614839,0.00013366825490852954,0.9658591921180537,0.00013872098234876193,4.957730434021782e-06,0.00020058856318097437,0.02422280232572161,4.616321214750234e-07,0.005267391008526244,6.306921141644337e-06,2.3063139954788453e-05,0.0007373838503374882,1.271437160166559e-07,1.4396828443135013e-07,6.3961177900593524e-06,2.54497374422591e-07,2.7846417910456743e-08,9.27432762745307e-06,7.986889216780096e-05,5.7343125282990885e-09,0.0005729428481054795,3.6735667015162786e-07,8.389104861049977e-05,0.00030286792718989914,0.0015646702046425121
50,0.00107048561872199,0.0001556272805111559,0.9681711001737235,0.00015281795741083784,6.518779594312497e-06,0.0003258924062938205,0.012482415975359554,3.594059954791108e-07,0.014500023595080931,2.445789462678189e-06,3.656514856591959e-05,0.0006110690990869808,1.456239364805979e-07,9.312750556215683e-08,9.260068276330774e-06,3.3596391620853704e-07,3.359901431703375e-08,1.0445343524724765e-05,0.00011416226515460637,5.757594918214065e-09,0.0006072110909892134,3.7348865172181593e-07,5.8043186163751115e-05,0.0005524639983691362,0.0011321052570959882
51,0.0018072749229007228,0.0008382788371810636,0.9441827266199134,0.000393535367305328,3.629413701950992e-06,0.00013445303138003055,0.03728780797323974,1.4901888873396396e-06,0.010281500397610678,9.476995546853187e-06,3.860507871096846e-05,0.0019533415792667985,4.7455690815201124e-08,3.552444182441209e-07,1.3523280001128455e-05,2.3245570947144573e-07,2.242265464467973e-08,1.4536806006781389e-05,0.00024028451620195114,4.322670497789223e-09,0.0006267415874672917,1.1984499965678356e-06,7.96200870211742e-05,0.0002873006548311136,0.0018040123116854863
52,0.0014493598416261662,0.00010424414838635945,0.966289581802016,7.75745979513396e-05,8.976017091546205e-06,0.0004304518672525533,0.02052312566831149,6.435765780510967e-07,0.007929299140924351,5.390249525557362e-06,3.8184922130052166e-05,0.00034384044302648034,1.0388576287652917e-07,1.6049554037522113e-07,1.517418457731801e-05,3.7352694463730443e-07,3.5697385435241526e-08,2.1904302610170407e-05,0.00011048084979155792,4.922539632339719e-09,0.00036895243025732806,3.971909964393193e-07,4.640386174385048e-05,0.0002776229527898049,0.00195771342424072
53,0.0012082398177393288,0.00019721127430381732,0.9596589103030602,0.00013000616751908812,8.118076012613104e-06,0.0002466875350964653,0.027704587571088853,5.551972946695785e-07,0.007243485007664673,6.6726256487112605e-06,2.855133881974474e-05,0.0006820723201551019,1.377827649338329e-07,1.6777225099862994e-07,8.113185631401008e-06,3.0888343041570974e-07,3.64727239574078e-08,1.1655155878478173e-05,0.00011807832545394204,6.725496043176951e-09,0.000566942033869484,3.9308853671100133e-07,8.031593397619126e-05,0.00034206562073866204,0.00175668178484526
54,0.0022940543659640735,0.0004520892563399578,0.9373125725788483,0.00010995020487441153,1.402254349626259e-05,0.00023537918187919646,0.04233108056807594,3.4621530678205557e-07,0.009651712793818549,1.1483814937793092e-05,1.5604093540943957e-05,0.0008812744962108667,1.5173126965400782e-07,2.957255821365263e-07,1.752311305176588e-05,3.557786962485391e-07,3.709623893669974e-08,1.504863841929324e-05,9.763314230605414e-05,8.697193290141288e-09,0.0004459091491981429,3.940789939660864e-07,6.534357358103063e-05,0.00017604779930438877,0.005871681362872006
55,0.0005118699948392172,0.00026042705357152886,0.952472606264055,0.00020899980242977776,2.7629875195401037e-05,0.0009459521141019024,0.03895199327865159,2.125076309417156e-06,0.0013824734739585633,3.558176976756387e-05,0.00015232497800905014,0.0001547555720696985,4.8171361093623466e-08,7.779610426317048e-07,1.5393002727608036e-05,4.5243529210099286e-07,1.362534899015216e-07,9.1493006203468e-06,0.00015313887609758435,2.3818473654952282e-08,0.000666264866685679,6.308609649575623e-07,0.0010832393602835117,0.0003698895771908157,0.002594116262811654
56,0.0011614433588764954,0.00019401227067163867,0.9548444728380656,0.0001348474779317721,8.666659826969712e-06,0.00023250057013371505,0.03227071416451909,5.880375506891298e-07,0.007292919548543625,6.853990457784774e-06,3.017039549008148e-05,0.0008245070829253123,1.6891976468910198e-07,1.8157876858559675e-07,8.438216474674853e-06,3.331438063651772e-07,3.7992623952997785e-08,1.1484804229461652e-05,0.00011810952712365823,7.248491157654322e-09,0.0005882233730897633,4.2480910195399105e-07,8.408182644167361e-05,0.00035296791293455096,0.0018338442521564937
57,0.001206769775740509,0.0002167282831176013,0.9481993177160309,0.00014499661127718088,8.051831626106535e-06,0.00019178103491031712,0.03646776365797449,7.066242328065859e-07,0.00855637179414692,8.178702411805895e-06,2.4803057622619132e-05,0.0013961429178001548,2.7983413145047747e-07,1.799876080519081e-07,1.0055120260124026e-05,4.546492191798569e-07,5.222651487866558e-08,1.2246065640617193e-05,0.00015636485299981294,9.815847158358663e-09,0.000802734279318998,6.830706681823202e-07,8.353960921762069e-05,0.0003620421233343947,0.0021497463583482223
58,0.0012469263610753025,0.00017271394503692094,0.9594999166871875,0.00012507284867015281,7.720582035196436e-06,0.00022776721229711495,0.028159792690884405,5.228776938856282e-07,0.007164029342244669,5.8619229932371265e-06,3.1258723792232506e-05,0.0007596817269025849,1.6208149812495228e-07,1.4175869782184034e-07,6.3440087466046815e-06,3.0118258593504333e-07,3.124538352813197e-08,1.0753055654826361e-05,0.00012707741676207918,6.322584130110441e-09,0.000508640865665885,3.484562150025265e-07,8.153546982054007e-05,0.00046724117722596776,0.0013961520383464485
59,0.0009712517711220485,0.0001440371643768688,0.965554104858972,0.00011376156193158819,6.210913598118228e-06,0.00020392742278171633,0.02405706852392987,4.5503706258307394e-07,0.006166208601335758,5.399065471188383e-06,2.6034877988678883e-05,0.0005814782748476401,1.2007048042525478e-07,1.0601119771944454e-07,5.760429086981798e-06,2.758700697160075e-07,2.4133984799660483e-08,8.638701369118834e-06,0.00010021556759167368,5.61627764333474e-09,0.00045692740881295477,2.9007723558183836e-07,7.116095236591859e-05,0.0004036453975819173,0.0011228916905276724
60,0.0011089838901491265,0.00019446145797202643,0.9553252523181047,0.00013362637698388687,8.681198274242716e-06,0.0002314291879070436,0.03222807923391218,5.864388115468026e-07,0.0070947545820207155,6.848903101518533e-06,3.011367787580716e-05,0.0007309599540073193,1.371402817887135e-07,1.7508284721569364e-07,8.567990750369521e-06,3.245824980818449e-07,3.4987636148744794e-08,1.113709649874074e-05,0.00011015288604053666,6.818918376478589e-09,0.000565653057893128,4.0421333979850805e-07,8.417414908506859e-05,0.00032964090537427503,0.0017958138697165514
61,0.0010359986684033372,0.00015223265021168034,0.9636791239597858,0.00011306260867628434,6.749496838325153e-06,0.00020150974516935268,0.025658741604579562,4.6682629158371645e-07,0.006237390606005495,5.582592583698244e-06,2.6422219389610474e-05,0.0006102593249514202,1.3053735367095736e-07,1.1425806041045154e-07,6.01189187192759e-06,2.724277647355446e-07,2.621035133954586e-08,9.22531383328971e-06,0.00010130982793275166,5.836015174045427e-09,0.0004618502017538565,3.0155177917591344e-07,7.206173174021817e-05,0.00039189943065931704,0.0012292504779975741
62,0.0011089838901491265,0.00019446145797202643,0.9553252523181047,0.00013362637698388687,8.681198274242716e-06,0.0002314291879070436,0.03222807923391218,5.864388115468026e-07,0.0070947545820207155,6.848903101518533e-06,3.011367787580716e-05,0.0007309599540073193,1.371402817887135e-07,1.7508284721569364e-07,8.567990750369521e-06,3.245824980818449e-07,3.4987636148744794e-08,1.113709649874074e-05,0.00011015288604053666,6.818918376478589e-09,0.000565653057893128,4.0421333979850805e-07,8.417414908506859e-05,0.00032964090537427503,0.0017958138697165514
63,0.0012156394665964953,0.000251643726756973,0.9549021404989686,0.00013594824115733284,9.263371080257047e-06,0.00023402586569547083,0.032022740845631524,5.546103136097958e-07,0.007417069791248122,7.688843586826206e-06,2.8978996873660967e-05,0.0007391098860979523,1.377065867714332e-07,1.8097218531218106e-07,8.996503076737193e-06,3.2064782041617835e-07,3.597405182920724e-08,1.0581340010916062e-05,0.0001256110664605486,7.525986862656838e-09,0.0005721676520535421,4.137552645689261e-07,9.101644056104828e-05,0.00034433951479131877,0.0018813867571434231
64,0.0009670976860753933,0.0001969369464195321,0.9544397677999024,0.0001548315048313877,7.9359888973146e-06,0.0002442393222912071,0.032271936673989005,5.556070566101962e-07,0.007286789646093988,8.668349466527708e-06,2.610339782439378e-05,0.000872803322742725,1.7049799471268434e-07,1.9312131119627793e-07,8.776034914599087e-06,3.453937994283917e-07,4.1693679746465284e-08,1.2425320645721714e-05,0.00010868088379146615,8.348837980521123e-09,0.0008750475139363132,5.024542433186733e-07,9.827876695673637e-05,0.0003436472494335289,0.002074216474864821
65,0.0008318039461952006,0.00018097573660871635,0.9546553855449601,0.0001469188361049967,7.504854332519351e-06,0.00022500770791293007,0.035527307514807066,6.403113073877821e-07,0.004781470852339721,1.0273564265258423e-05,2.487920834097789e-05,0.0006307417470732043,1.1062433106507227e-07,1.988740659978786e-07,7.786320170880088e-06,3.1265568696781663e-07,3.2315597288038375e-08,1.028460667168797e-05,8.803092130804458e-05,7.639070698493862e-09,0.0006159069179342484,3.7244844716901167e-07,0.00010207009638591203,0.0002622092588998425,0.0018897674971821339
66,0.0010974807315050977,8.483083173609948e-05,0.97800865290612,5.057466404028349e-05,7.652744912979557e-06,0.0002640503370850914,0.014247072615448676,1.7712836301400076e-07,0.004029499713505807,6.111577445407253e-06,1.3681012225913575e-05,0.00017863878394235925,1.4336471428511262e-07,4.7991620273658056e-08,3.13675991409063e-06,1.841301060079471e-07,3.200889821543516e-08,9.154970037623329e-06,7.022028841198458e-05,6.839019757893562e-09,0.00039147779047784165,1.2629926278617486e-07,5.992934538987579e-05,0.00042154225858913563,0.0010555749072272006
67,0.0007699999348901293,0.00013421319855156562,0.9655769079373059,0.00019568883491653073,8.237192042996552e-06,0.00038052144383969334,0.023875863947731044,5.600878571807815e-07,0.004998235028079717,8.182271835353281e-06,3.472269353602169e-05,0.000618911315065115,1.8178569097530327e-07,2.5026078236490576e-07,6.279525802432817e-06,3.315070530742613e-07,4.967544341314755e-08,1.1255516550211606e-05,8.290025427000159e-05,1.0074504548735263e-08,0.0007584823226185817,3.3994726714880575e-07,0.0001629695811276898,0.00041835752084502385,0.0019565481423932814
68,0.001096820375409995,0.00019070745284625502,0.9560735400857302,0.0001335492497516282,8.380796287393327e-06,0.0002273604216403729,0.03166999962690661,5.769766487746651e-07,0.0069778169363609146,6.7938694891061096e-06,2.941147113568396e-05,0.0007250750735104451,1.3470963561786833e-07,1.715120094560868e-07,8.23082107084021e-06,3.1725234063054147e-07,3.407460175575288e-08,1.1019754678196892e-05,0.00010783513139640133,6.684816155510275e-09,0.0005632254051135975,3.953487710856459e-07,8.34844660947433e-05,0.00032844988424678037,0.001756662619507475
69,0.0010355531774131326,0.00018960406832686005,0.956279685810393,0.00013805479471475898,8.468983082501756e-06,0.0002312937078941835,0.03183816967189571,6.031993726421296e-07,0.006733927097155803,6.82437379801705e-06,3.168065550983571e-05,0.0007164982863604422,1.3239341626579046e-07,1.7327681228923439e-07,8.207040121754975e-06,3.243949380507193e-07,3.372500314016213e-08,1.0514984503240658e-05,0.00010923872853333954,6.885155275427626e-09,0.000565638710495139,3.947816792271531e-07,8.92001596046375e-05,0.00034507344449733336,0.001660697649323669
70,0.0010276651084084652,6.016635723164514e-05,0.9681182014145115,9.990899343787156e-05,5.10532188028799e-06,8.510007167019423e-05,0.024190737188846134,6.680771230862431e-07,0.003949487582240555,3.744891121772623e-06,8.789203845570815e-06,0.0004535487064431354,1.07697286687772e-07,1.27896206876511e-07,6.170551143395337e-06,3.6750163419187835e-07,1.939445853109692e-08,1.1602253253865024e-05,1.6247031555991312e-05,5.495117785104424e-09,0.00015274366345138522,1.5439606974636463e-07,1.744445912808954e-05,6.129485713529904e-05,0.0017305918867980697
71,0.0012613576041151124,0.00029395016944838774,0.9451596203859783,0.00017090236253557698,1.43522422964534e-05,0.000240258535051637,0.040191765815900365,5.800150670847009e-07,0.008063447688175861,9.795909180231965e-06,2.8646747099106436e-05,0.0008655441536479233,2.040399169563036e-07,2.363375834900713e-07,8.694350041988862e-06,4.177139611048408e-07,4.761696424842587e-08,1.1291914821861784e-05,0.00010646160001643414,1.3121131511643763e-08,0.0006825029184945561,3.962126398435295e-07,0.00012698013521356366,0.00038928751383698223,0.0023732448968812763
