,0,1,2,3,4,5,6,7,8,9,10,11,12,13,14,15,16,17,18,19,20,21,22,23,24
0,0.012298174308484915,0.0008534058928038883,0.0013679971378745656,2.4032478097250574e-05,1.7875877542761307e-06,9.83594295887027e-05,0.028489100556025458,4.940111748763456e-08,0.00035173352506200496,9.780812182918953e-05,1.0523232001533182e-06,1.7019525005074293e-05,1.7372198846624874e-07,0.015212072594507728,0.00041068602831733633,0.0018471978021259898,9.513091846380405e-10,3.028568366095491e-07,9.145721685428433e-05,1.6767332741739083e-07,4.940637932186715e-06,1.6790175918694324e-06,8.702525886435504e-06,1.5881177495685063e-06,0.9388205105687301
1,0.0073211365776175135,0.0007338273129973549,0.0009831926915875322,1.9242212319927522e-05,1.2890949076023155e-06,7.20846331536241e-05,0.02061557137354542,4.3313696372031365e-08,0.00040921219927312626,0.00010950577929152888,5.481864152881413e-07,9.382344888777979e-06,1.114158517863015e-07,0.011993693301695679,0.0003692019288733134,0.0017653325514887567,6.045591345517444e-10,1.5988419041606624e-07,0.00010981207021642164,1.2947291787991853e-07,4.397211233247746e-06,1.3501959706422483e-06,5.441377808527642e-06,9.218631249797669e-07,0.9554744124023753
2,0.008316169353716655,0.0007131895546559509,0.0005605495418000047,1.7060832356875772e-05,1.0878239366233347e-06,7.088048563897426e-05,0.018998771792894914,3.605290595362942e-08,0.00017864691273202467,8.538398100494834e-05,5.54692987449781e-07,1.0103658212771876e-05,8.677073978995182e-08,0.011394064535586416,0.00051158895504012,0.0020004700701420114,9.397241630259833e-10,1.9594672398477324e-07,7.49073640947198e-05,1.0795577006371672e-07,5.022136234239215e-06,1.9076729305960967e-06,1.2654149893154491e-05,1.0861419923883722e-06,0.9570454726782853
3,0.008830052341207562,0.0008257502558782173,0.0008659771267992945,2.22405985665562e-05,1.304858517142449e-06,6.540964086266525e-05,0.02024481952836134,3.901256628611514e-08,0.0002243986349291164,9.05669238590492e-05,6.718447569134227e-07,1.1913541670063252e-05,1.2393142942073542e-07,0.012665545642891298,0.000316508926307546,0.0013688162410146996,8.345557681364577e-10,2.589927623316544e-07,7.015615213229734e-05,1.213966673092213e-07,4.626094049828999e-06,1.4776412196303365e-06,8.1680199561674e-06,1.267510854398309e-06,0.9543797843081852
4,0.009152009601958456,0.0009530094062133555,0.001027547785034175,2.6001164881706698e-05,1.6787622657994235e-06,7.74959497580831e-05,0.022351207419003517,4.2377021476483985e-08,0.0002465185274839479,0.00010657582627569788,7.555185013239771e-07,1.375506599094006e-05,1.6577741135956824e-07,0.01604505012195304,0.0003335767936690214,0.001507653603345831,9.194241582274314e-10,2.9742532571513485e-07,7.4969401607625e-05,1.4081913804016742e-07,5.00836316554942e-06,1.680138104166296e-06,9.11913020754264e-06,1.4445158483037757e-06,0.9480642955864113
5,0.008035088395972131,0.0008779163690741953,0.0008126802301700006,2.6873616283458746e-05,1.3386776243760366e-06,6.140247784399009e-05,0.018775747734880437,3.876062552278042e-08,0.00018467966900343193,9.62845334887968e-05,6.291276453777148e-07,1.1486029522043967e-05,1.3757392389280017e-07,0.013055468251199099,0.0002494936953615197,0.0011843357028914437,8.523146929154396e-10,3.197171875795056e-07,5.8364350448149354e-05,1.266513771509535e-07,4.680338360992673e-06,1.3858836583000957e-06,8.85585471530713e-06,1.3702147682602213e-06,0.9565512952916598
6,0.008830052341207562,0.0008257502558782173,0.0008659771267992945,2.22405985665562e-05,1.304858517142449e-06,6.540964086266525e-05,0.02024481952836134,3.901256628611514e-08,0.0002243986349291164,9.05669238590492e-05,6.718447569134227e-07,1.1913541670063252e-05,1.2393142942073542e-07,0.012665545642891298,0.000316508926307546,0.0013688162410146996,8.345557681364577e-10,2.589927623316544e-07,7.015615213229734e-05,1.213966673092213e-07,4.626094049828999e-06,1.4776412196303365e-06,8.1680199561674e-06,1.267510854398309e-06,0.9543797843081852
7,0.00544107069235775,0.0003804242086781014,0.00039537802433501886,1.4571623111422847e-05,1.1066417734711504e-06,7.010506973823779e-05,0.008755404082735252,2.181216813399383e-08,0.00011887601404299556,6.784579507337979e-05,2.797845426786396e-07,9.09977648809262e-06,3.7020265522396676e-08,0.012489653443132263,0.0002949054235964303,0.0017916308570133028,5.11395079954407e-10,1.4122634555584677e-07,6.757597297717866e-05,5.60518017086952e-08,5.227106183962584e-06,1.3196586934965862e-06,9.648650134193896e-06,4.2123223097482387e-07,0.9700851993211858
8,0.01235880898593221,0.0011480477913675955,0.0012351232229099419,2.665736638139687e-05,2.1899784041720106e-06,0.0001410170274551717,0.02920973407742318,5.117328475407256e-08,0.00039848163397757726,0.0001077817389307173,1.7254915185488155e-06,2.0703395126653755e-05,1.868335970560998e-07,0.01842465951643153,0.000515163138203933,0.0018311150006538074,1.0817150625110178e-09,4.2978070841874297e-07,0.0001233329544295574,1.846649788047977e-07,6.755060288148834e-06,2.393488544557519e-06,1.0323838312312225e-05,1.4268941271849903e-06,0.9344337058652977
9,0.011212349944169498,0.0008703986198426251,0.0008001064107660412,2.2884119468169362e-05,1.6369323735898066e-06,0.0001200409592820132,0.023969056747776718,4.2553884048494815e-08,0.000251221604345569,9.648595334016127e-05,1.1098786274893822e-06,1.7630038363678396e-05,1.204173721427713e-07,0.01712342492457308,0.00047209700068568896,0.0020405950757687516,9.892433229138257e-10,3.508352992833882e-07,0.00010844411603032369,1.441529481248124e-07,6.6175401880977834e-06,2.4117183420142216e-06,1.2473740663297903e-05,1.0338684766230873e-06,0.9428693218581696
10,0.008830052341207562,0.0008257502558782173,0.0008659771267992945,2.22405985665562e-05,1.304858517142449e-06,6.540964086266525e-05,0.02024481952836134,3.901256628611514e-08,0.0002243986349291164,9.05669238590492e-05,6.718447569134227e-07,1.1913541670063252e-05,1.2393142942073542e-07,0.012665545642891298,0.000316508926307546,0.0013688162410146996,8.345557681364577e-10,2.589927623316544e-07,7.015615213229734e-05,1.213966673092213e-07,4.626094049828999e-06,1.4776412196303365e-06,8.1680199561674e-06,1.267510854398309e-06,0.9543797843081852
11,0.00911706758617769,0.0008832294566574647,0.0009174190490258979,2.3916849200898965e-05,1.3816380046809815e-06,6.700502063716247e-05,0.021318675630537427,4.1773514575060215e-08,0.00022980720715652864,9.644468169479324e-05,7.130852765860644e-07,1.2677644549203999e-05,1.432454776586403e-07,0.013271046266185325,0.00031408406160580337,0.0013772806536412737,9.053686498315565e-10,2.8585765038873136e-07,7.006206489766593e-05,1.331332599616782e-07,4.723124141494677e-06,1.5568392925397924e-06,8.541136081093766e-06,1.4043556287507459e-06,0.9522823587343365
12,0.008521105390679757,0.0007924423421803424,0.0008917481877998897,2.0964642694539404e-05,1.1643309419412996e-06,5.933705440964359e-05,0.020996773339858783,4.063085385902182e-08,0.00026695222429005554,8.706311872407682e-05,6.642840515629952e-07,1.0464691214642498e-05,1.1762649143398022e-07,0.010875125926276404,0.0003251024610509613,0.0012820654488312415,7.632488715354775e-10,2.225399832933133e-07,7.33410866813986e-05,1.2110915120281407e-07,4.282647317708331e-06,1.3089984144963965e-06,6.7831714611006955e-06,1.2518512765354655e-06,0.9557815561321163
13,0.012471868126021324,0.0007722810238616714,0.0013880507051538809,2.27444679868875e-05,1.878452140372396e-06,7.053929795719765e-05,0.0220209780196753,5.1258241347231266e-08,0.0002918530324455897,5.976891138630066e-05,1.500218810823995e-06,2.9069599208751413e-05,1.4191336848727274e-07,0.017867983449573938,0.00047323639427731027,0.0012883388777530215,1.3671843703724813e-09,2.803838297316139e-07,0.00010167106465074111,1.3281401946818746e-07,6.6425581929288645e-06,2.110956081618475e-06,8.469323905826851e-06,1.241433682995364e-06,0.9431191663505901
14,0.006323646158003805,0.002514845924107223,0.0009813145350197035,3.1135670012088995e-05,2.342482629721362e-06,0.00010241513894888723,0.021527148216209047,4.548788346592294e-08,0.0003866747828044541,0.00023505732089579545,8.044064868048674e-07,8.106764127362837e-06,2.5594681762484266e-07,0.0160975495357037,0.0003400719793500844,0.001140027539616828,8.04472743400831e-10,3.9460242086932547e-07,8.739977605930831e-05,1.4936473464154344e-07,5.4002482123931516e-06,1.9975076659651637e-06,6.885637229090348e-06,1.8967002635391604e-06,0.9502044334703249
15,0.008830052341207562,0.0008257502558782173,0.0008659771267992945,2.22405985665562e-05,1.304858517142449e-06,6.540964086266525e-05,0.02024481952836134,3.901256628611514e-08,0.0002243986349291164,9.05669238590492e-05,6.718447569134227e-07,1.1913541670063252e-05,1.2393142942073542e-07,0.012665545642891298,0.000316508926307546,0.0013688162410146996,8.345557681364577e-10,2.589927623316544e-07,7.015615213229734e-05,1.213966673092213e-07,4.626094049828999e-06,1.4776412196303365e-06,8.1680199561674e-06,1.267510854398309e-06,0.9543797843081852
16,0.007808089883907705,0.0008610451401084382,0.0005337941451159138,2.0767418269047042e-05,8.977536821483773e-07,6.234620649622556e-05,0.017302410297234894,3.0837193985728364e-08,0.00014577795985932802,0.00010831112568871946,4.7333724712911635e-07,9.90552778687802e-06,9.220198510750384e-08,0.012257794009488855,0.00024354905814732538,0.0013871824664166634,7.485524695381519e-10,3.182776987062993e-07,6.015420767626342e-05,1.0626737828582389e-07,5.863265326827267e-06,1.61724278929497e-06,8.50329327401637e-06,9.544003971977595e-07,0.9591800149282785
17,0.008368824565014282,0.0006775139466473005,0.0007846547795393028,3.0877305118179565e-05,1.2580982311406432e-06,5.597224341506418e-05,0.018337176286250156,3.2685345470658726e-08,0.00011923449475260759,7.724432994923218e-05,5.612072621329345e-07,1.444765630836735e-05,1.3317589976968857e-07,0.01809991080542454,0.00018017848934463086,0.0012173820091593171,7.726960732357524e-10,3.4630593932282805e-07,4.614791389856138e-05,1.256232638064526e-07,4.705286562158697e-06,1.2714977348089362e-06,1.120158517426204e-05,1.1204093518957198e-06,0.9519696785277175
18,0.009847052573575332,0.0006456137949220539,0.0005924568242464416,1.760819338301456e-05,6.611877852848449e-07,2.1995682165540874e-05,0.014286695125985106,3.2434927534982574e-08,8.370554863410956e-05,6.382148116490088e-05,3.257879614509631e-07,1.2101283510469993e-05,9.537440209745889e-08,0.00805010015145679,0.00014347248016935007,0.0007588283801941141,1.1317283089201609e-09,2.9441395052756387e-07,3.543247316029036e-05,7.800513524583422e-08,3.5180338204696814e-06,1.3046680881179288e-06,6.305844404134807e-06,1.5245456216577094e-06,0.9654269745796077
19,0.007750410070223554,0.0009807881106742385,0.0016636297367190415,2.9798711961325864e-05,2.3782107839503504e-06,8.758623125459982e-05,0.02096718156363945,4.755017177192766e-08,0.0003606207029860901,0.00012355972139247625,8.714895731909289e-07,1.805951039371949e-05,2.0578067055619516e-07,0.019460519500715177,0.0003058694933420258,0.0013379746485982387,8.738656808823172e-10,3.024247579453794e-07,7.633834410215789e-05,1.6516595499418057e-07,5.233758015313668e-06,1.7670208918265397e-06,6.482319224076723e-06,1.427526327322811e-06,0.9468187815337613
20,0.007364576255811948,0.0009967621509567072,0.0008022768646306549,2.145497916130765e-05,1.529455656587614e-06,6.002546023880708e-05,0.017489342368631377,5.389942650488729e-08,0.0002516030502829748,0.000112514264928533,5.934164027517235e-07,1.1791315807365621e-05,1.1629563385614795e-07,0.012621032838599734,0.0004268313258468717,0.0013301239288559042,1.1477478252903191e-09,2.456881198788604e-07,8.435916095302446e-05,1.2084097923934543e-07,5.736871266351873e-06,2.5678013195195175e-06,8.636019420442957e-06,1.3712019242872446e-06,0.9584063333973976
21,0.012467942519678973,0.0006460858786829531,0.00095656429053277,2.5337618989229947e-05,1.2043924338890014e-06,7.61642721309198e-05,0.025542671582711597,3.201442572862077e-08,0.00014627693520290162,8.589618788789508e-05,6.488467635738316e-07,1.959480904816278e-05,1.6098092091632679e-07,0.017502923566909606,0.00023665820452106905,0.002010606118715627,8.238965726541286e-10,3.381681209477122e-07,5.625202843206449e-05,1.5100163123007819e-07,4.782603470093968e-06,1.2903918987091229e-06,1.141629491195137e-05,1.234557091681167e-06,0.9402057659109909
22,0.012490740629300395,0.0007811889877629652,0.0011828600647200002,2.4372120512548874e-05,1.4631893288183758e-06,9.19524860888296e-05,0.024157699108799884,4.6526965320532027e-08,0.00023615392760835305,8.847112174908674e-05,1.072648007740494e-06,1.999635350820179e-05,1.317623042063333e-07,0.015434921534572694,0.0003422315334209122,0.0018241786327147355,1.1890196497390373e-09,4.2320301087622773e-07,7.631351192606703e-05,1.7481092953984416e-07,6.776539793021028e-06,2.040991319077895e-06,1.0201685842692749e-05,1.4036725206986036e-06,0.9432251837682737
23,0.008830052341207562,0.0008257502558782173,0.0008659771267992945,2.22405985665562e-05,1.304858517142449e-06,6.540964086266525e-05,0.02024481952836134,3.901256628611514e-08,0.0002243986349291164,9.05669238590492e-05,6.718447569134227e-07,1.1913541670063252e-05,1.2393142942073542e-07,0.012665545642891298,0.000316508926307546,0.0013688162410146996,8.345557681364577e-10,2.589927623316544e-07,7.015615213229734e-05,1.213966673092213e-07,4.626094049828999e-06,1.4776412196303365e-06,8.1680199561674e-06,1.267510854398309e-06,0.9543797843081852
24,0.006642349418334376,0.0011105857550419123,0.000824910992290457,3.2270497786575334e-05,1.7336093636598541e-06,7.639861071846595e-05,0.018266031758658978,3.4902577428482925e-08,0.00018960420914253734,0.0001243292623617946,6.245005392217194e-07,1.1649866718044898e-05,1.6697332843508612e-07,0.019201604225265137,0.00023518226277063054,0.001236411107127372,7.046509402472339e-10,3.318917126462152e-07,6.597675641155365e-05,1.3276414346359791e-07,5.123847438141768e-06,1.5188684875729408e-06,8.917292066482667e-06,1.1203009684079427e-06,0.9519629896220957
25,0.015003891597921199,0.0008319606205749078,0.001431783994229533,3.530237100037991e-05,1.289679351240621e-06,5.528327370343726e-05,0.037124259974522296,7.371173752012323e-08,0.0002433581280612667,7.123511342219146e-05,1.4680996025341968e-06,2.544790064875195e-05,2.157941846902064e-07,0.015317945007454077,0.0002844333738912413,0.0012874198736858799,1.4571693226112954e-09,4.6375255278470154e-07,8.430901820468969e-05,2.4248632208597326e-07,5.989504856710007e-06,1.7019911487020127e-06,1.0331538625832453e-05,1.952284831737046e-06,0.9281796394522971
26,0.014976491855496649,0.0008438907107310582,0.0012715016694825104,2.400817976202307e-05,1.0560039587318558e-06,3.858527742210941e-05,0.02482481848246107,5.367704370943297e-08,0.00020607382884962186,7.949425023862463e-05,7.197032918877828e-07,1.3310351067954385e-05,1.8529367785586621e-07,0.00776732797067153,0.00021485848824358576,0.0009360426237343347,1.4957835348849482e-09,4.2280181876440216e-07,4.210187726839948e-05,1.4167918833884942e-07,3.6126624661963005e-06,1.2676930939776738e-06,7.117181214271994e-06,3.3402273526463174e-06,0.9487435760156807
27,0.007347346052812619,0.0006595685014554708,0.0006792933484254659,1.492800675282442e-05,9.332801608334672e-07,6.440441687594567e-05,0.016923322780369517,4.050206550861801e-08,0.0003059442567318195,9.240339290831616e-05,5.127991010255586e-07,7.671876782540765e-06,7.389931795856747e-08,0.007580467555859286,0.00040842211309743514,0.0014103360992015678,6.961288287413806e-10,1.8082488968333004e-07,7.071510376183009e-05,1.0638303399135458e-07,4.164865141587296e-06,1.5738897651723453e-06,6.079802569160746e-06,1.0739319263516593e-06,0.9644204356208652
28,0.008830052341207562,0.0008257502558782173,0.0008659771267992945,2.22405985665562e-05,1.304858517142449e-06,6.540964086266525e-05,0.02024481952836134,3.901256628611514e-08,0.0002243986349291164,9.05669238590492e-05,6.718447569134227e-07,1.1913541670063252e-05,1.2393142942073542e-07,0.012665545642891298,0.000316508926307546,0.0013688162410146996,8.345557681364577e-10,2.589927623316544e-07,7.015615213229734e-05,1.213966673092213e-07,4.626094049828999e-06,1.4776412196303365e-06,8.1680199561674e-06,1.267510854398309e-06,0.9543797843081852
29,0.008830052341207562,0.0008257502558782173,0.0008659771267992945,2.22405985665562e-05,1.304858517142449e-06,6.540964086266525e-05,0.02024481952836134,3.901256628611514e-08,0.0002243986349291164,9.05669238590492e-05,6.718447569134227e-07,1.1913541670063252e-05,1.2393142942073542e-07,0.012665545642891298,0.000316508926307546,0.0013688162410146996,8.345557681364577e-10,2.589927623316544e-07,7.015615213229734e-05,1.213966673092213e-07,4.626094049828999e-06,1.4776412196303365e-06,8.1680199561674e-06,1.267510854398309e-06,0.9543797843081852
30,0.008830052341207562,0.0008257502558782173,0.0008659771267992945,2.22405985665562e-05,1.304858517142449e-06,6.540964086266525e-05,0.02024481952836134,3.901256628611514e-08,0.0002243986349291164,9.05669238590492e-05,6.718447569134227e-07,1.1913541670063252e-05,1.2393142942073542e-07,0.012665545642891298,0.000316508926307546,0.0013688162410146996,8.345557681364577e-10,2.589927623316544e-07,7.015615213229734e-05,1.213966673092213e-07,4.626094049828999e-06,1.4776412196303365e-06,8.1680199561674e-06,1.267510854398309e-06,0.9543797843081852
31,0.008483577003095768,0.000984420036238905,0.0011653050480094893,2.724460493511168e-05,1.484512273552852e-06,3.467387129222431e-05,0.016981846259239222,4.935694257839713e-08,0.00018690282973198323,9.93273749417219e-05,4.2780979528414145e-07,1.1583683889260597e-05,1.8016337123134618e-07,0.012394606828137531,0.00017222178041415462,0.0008897241492946603,9.829102060307178e-10,2.9193037818681946e-07,5.456594030967502e-05,1.2113528188542074e-07,3.7573891529907993e-06,1.2377871534208764e-06,5.784548508527579e-06,1.9899681694134483e-06,0.9584986750065331
32,0.008581195633436426,0.0008063200154649685,0.0008482009299146854,2.1070743777766542e-05,1.2966535235910256e-06,6.500667318242057e-05,0.019693243193123395,4.075194326844784e-08,0.0002458849223789103,9.193874823205631e-05,6.453025572147034e-07,1.1495593388635995e-05,1.157997843065873e-07,0.012376464186255322,0.00034081231336160534,0.0014354889143805216,8.287551986695372e-10,2.3362385244858232e-07,8.03499027791395e-05,1.1959924074379107e-07,4.760576225947394e-06,1.54604963943972e-06,7.672845265315917e-06,1.1702710857627933e-06,0.9553849259284509
33,0.016718556062177328,0.002895214835080339,0.0010483061663844437,4.1393283574775e-05,4.018204852566685e-06,0.00013287594837495923,0.03168364261938041,7.291619994251735e-08,0.0001613806609825941,0.00020837427959667567,1.2219326990760738e-06,2.968839846513446e-05,4.21222689677682e-07,0.04083852936853048,0.0004894866163138641,0.002558454075420683,2.8084856834461294e-09,9.051679263497072e-07,0.00012972003158851883,2.448582567071849e-07,8.67554854247681e-06,7.955891755938769e-06,2.7388123218710903e-05,2.8127306698822915e-06,0.9030106582488329
34,0.009011479105624845,0.0010042093926001848,0.0008408725485604786,3.110735772339151e-05,1.6771919748602904e-06,7.612635795754765e-05,0.02062526646957624,3.572437993775277e-08,0.00012037544529878889,9.748411567494136e-05,7.855637781941165e-07,1.7194067903596437e-05,1.6279460389282038e-07,0.018857556032902723,0.00027044657438732837,0.0014977257087476867,1.1371742093738547e-09,4.257853529792186e-07,5.2240502707958724e-05,1.454940818661654e-07,5.602998432345265e-06,1.8622133494419229e-06,1.5595070348075786e-05,1.5009758449509914e-06,0.9474701213710135
35,0.008148207514553422,0.0004993050136133043,0.0005117879013503538,1.557524064396416e-05,3.738151715228557e-07,1.7936161074245338e-05,0.01275705741539143,5.025811156366875e-08,0.00022857517074299032,7.623260251975518e-05,2.672651680433203e-07,6.094066448321946e-06,7.069247044007109e-08,0.00324920662718413,9.807427413789779e-05,0.0004522133297900629,6.588065574604668e-10,2.5066378559162786e-07,4.7149242637544495e-05,8.706702496513037e-08,2.616073627570371e-06,8.499730256728148e-07,1.9899269292148062e-06,1.200811584955532e-06,0.9738848282342064
36,0.007069176499690171,0.0004363637537829159,0.0009090377706348265,1.4866050321900707e-05,1.2760711042696933e-06,2.060471514428716e-05,0.009130833124251784,4.231261803611949e-08,0.00017857488119875096,5.992295479306581e-05,2.4195070589088727e-07,1.6991283536163932e-05,9.511231312632597e-08,0.010459486644135107,0.00022541524329606493,0.0010015235449348508,1.109931219160266e-09,8.952665918202e-08,8.54325397681357e-05,6.447604382938538e-08,3.3648172292659e-06,1.234939086796784e-06,3.578277095458446e-06,8.240645188772356e-07,0.9703809583372061
37,0.02368148098365026,0.0008273222113559114,0.001234568852982155,2.208504641103742e-05,1.1985351575897602e-06,4.395455843112835e-05,0.028493747994061947,3.9439329311148086e-08,0.00012592195315645955,5.727397475705296e-05,8.018707434590588e-07,2.35643009747247e-05,1.6986880434232201e-07,0.01656141694191971,0.00020499636868496313,0.0013018478343393412,1.303485293603315e-09,4.409160021294587e-07,6.240259516832758e-05,1.211402344930402e-07,4.160840106598606e-06,1.5784553519174933e-06,8.536604468174329e-06,1.9993501653189234e-06,0.9273403680602584
38,0.018031971396461108,0.0006879773365888319,0.0007497254188166433,1.584341721800365e-05,1.0047480083448142e-06,0.00017440162328236176,0.044313962018947675,3.2442317946815704e-08,0.00023492737686052495,8.417290002578528e-05,1.262069384577015e-06,1.5524953859113205e-05,9.639482153876498e-08,0.015160289121155563,0.0006905084619139216,0.0041475196802599175,7.888662267623831e-10,3.3087879101630376e-07,9.997955800918683e-05,1.65613585601689e-07,6.2841884906706615e-06,2.144124278714962e-06,1.825624313032738e-05,1.1175419458463887e-06,0.9155625017029806
39,0.010488861118019142,0.0026062805947389576,0.000871979029067905,2.8692796073868547e-05,1.5353381402044896e-06,5.981287868321115e-05,0.03517465865325679,3.5896127841616115e-08,0.00023553324840719654,0.0001226654522834586,1.1068693501250762e-06,8.181829456616293e-06,2.8732914062647893e-07,0.015746166030545423,0.0003964376888932506,0.0007877746206512411,1.0234095430494943e-09,4.1566854646626324e-07,5.777709816592914e-05,1.1430633546533192e-07,3.45753911242757e-06,1.9751117398923787e-06,9.658903996270662e-06,2.961389376841967e-06,0.9333936295864813
40,0.009027277773340024,0.0008294575216100019,0.0008707456765173397,2.191315011490506e-05,1.3154010451754923e-06,6.588462496151469e-05,0.020307697919688488,3.890550595765577e-08,0.0002236285778018259,8.988652285212485e-05,6.796035279039488e-07,1.2147129962157968e-05,1.228216735020633e-07,0.01285021604024126,0.0003211820610691319,0.0013801630091110375,8.450910560575516e-10,2.605487026403752e-07,7.113295972795466e-05,1.2010851689424926e-07,4.683298313121437e-06,1.518961739366499e-06,8.17755644955548e-06,1.265627078552787e-06,0.9539104833553586
41,0.00759490432923113,0.0008062479905220092,0.0009193835776054253,2.069000917062844e-05,1.4219474013637267e-06,6.98420491556346e-05,0.01824739062560149,3.675817815677758e-08,0.00027230231899846863,9.57993429500587e-05,5.999215919317751e-07,1.013648007320745e-05,1.1490956661627874e-07,0.01247240127067048,0.0003425838420533757,0.0013833638850762086,7.014596054159122e-10,2.0857506461489896e-07,7.146151473652752e-05,1.106856006386052e-07,4.413547793619274e-06,1.3489707480651247e-06,6.920133401205119e-06,1.1632943838849061e-06,0.9576771533189657
42,0.009200154717649267,0.0007252589629623728,0.000687717053806159,1.3427387702907492e-05,9.298143528299926e-07,6.289969698170211e-05,0.020144791956729875,6.001590727384222e-08,0.00030106908317719354,9.735443923743674e-05,5.438949606011152e-07,1.0897581833517419e-05,6.050347097585257e-08,0.009263922235303956,0.0006131496857012437,0.0025302539577656434,1.0988972695767247e-09,1.5850777466448748e-07,0.00014698956548590036,1.4353242236720245e-07,6.539667995740294e-06,3.2292676017347683e-06,7.891258894968571e-06,8.649708936853765e-07,0.9561816911424909
43,0.004983126943934693,0.0007842290943293474,0.00044557090730330454,1.6794736580131906e-05,1.4199769768594279e-06,0.00010834382267111514,0.010986923891823977,3.8434646322979347e-08,0.00026930155625049597,0.00015912247604865773,3.8532315870048283e-07,7.217830825566256e-06,6.171775268498456e-08,0.010078616499587722,0.0004570118375229725,0.001942280789158898,7.341341612161424e-10,2.019507556282314e-07,9.525644190866797e-05,9.116515904672854e-08,6.984807135652118e-06,2.297557599816315e-06,8.571530844464213e-06,7.104090916522403e-07,0.9696454395647995
44,0.008830052341207562,0.0008257502558782173,0.0008659771267992945,2.22405985665562e-05,1.304858517142449e-06,6.540964086266525e-05,0.02024481952836134,3.901256628611514e-08,0.0002243986349291164,9.05669238590492e-05,6.718447569134227e-07,1.1913541670063252e-05,1.2393142942073542e-07,0.012665545642891298,0.000316508926307546,0.0013688162410146996,8.345557681364577e-10,2.589927623316544e-07,7.015615213229734e-05,1.213966673092213e-07,4.626094049828999e-06,1.4776412196303365e-06,8.1680199561674e-06,1.267510854398309e-06,0.9543797843081852
45,0.012334408529553082,0.00090965241644354,0.0015225093760560695,2.133733654393601e-05,1.750394723865289e-06,8.381711404243062e-05,0.03726072719940564,6.599206617719536e-08,0.00048404016391433386,0.00010229804984554073,1.0053855029167066e-06,1.4952106933452658e-05,1.9115357507724317e-07,0.01380555868921988,0.0006312343214497695,0.0021342991415681453,1.0573823083422658e-09,2.0731849376287593e-07,0.00011650911717060343,1.812087224628783e-07,4.553657043106054e-06,1.909607659656466e-06,8.751295334030775e-06,1.967924682311054e-06,0.9305580714426678
46,0.011475804194942287,0.0007753052509008269,0.0008394151771890732,2.2216747345225444e-05,1.1831304227766667e-06,4.0158550725909806e-05,0.016405416271167202,5.108358328603138e-08,0.00015673425211099195,7.455485082424571e-05,6.60090149789401e-07,1.683464954452844e-05,1.3376795403855715e-07,0.009312919209557019,0.0002874633177983435,0.0011085873744369685,1.8309731933861688e-09,3.200454942236411e-07,6.006559897688767e-05,1.208268541331149e-07,5.061064392032312e-06,1.7916060726473857e-06,8.841644913625548e-06,1.8523535531893123e-06,0.9594045071101176
47,0.02462125559586758,0.0006743257832345395,0.0007584472343962774,1.323821750926505e-05,6.864128258564561e-07,4.820022928676494e-05,0.024319071706749344,4.384813355232653e-08,0.0001248792456183863,6.491782858420398e-05,6.87969449018775e-07,2.5142476284478864e-05,9.635570346447839e-08,0.008888012321965965,0.0002909105578332474,0.001858100844438379,1.6809033873596344e-09,4.213916052841205e-07,6.89035960861304e-05,1.3872824262284376e-07,5.17155023206983e-06,2.875863096846426e-06,8.266148666298876e-06,1.5648273228578812e-06,0.9382246395859642
48,0.01079974752115619,0.0015652565424002065,0.0005122482640963921,2.1093953786303775e-05,1.1348062399031057e-06,3.5208077366039145e-05,0.023381935779494774,7.301636463563762e-08,0.00017099601327197678,0.00013837437410463337,4.5537155223935314e-07,1.022729498602629e-05,1.6294195713387322e-07,0.010837539781730765,0.0004302342974763663,0.0015263335135760373,2.111023088868208e-09,2.5414033143828895e-07,0.00013758467444927294,1.232524109904499e-07,5.196912717360226e-06,3.383359511685371e-06,1.0813324519829245e-05,1.910221343245905e-06,0.9504097104541335
49,0.010748715759649027,0.0008259597546715109,0.0012215541694950145,2.5952347422848887e-05,2.003645008914226e-06,0.00010943358974394302,0.021809693853953344,4.6251476050733754e-08,0.0002507239437949029,0.00010292595964010052,1.0288022587080858e-06,2.3190922778349792e-05,1.5565323834751992e-07,0.01844124385219871,0.0003705725227718743,0.0018771900691040623,1.1153385407074678e-09,3.8861559037907317e-07,7.982016358387045e-05,1.723141462207293e-07,6.440371789330882e-06,2.3329000114496016e-06,1.074977286874377e-05,1.317021159105466e-06,0.9440883866283066
50,0.010191495202351077,0.0007338632008803908,0.0009469395543689037,2.5138443544873026e-05,1.5118758592115082e-06,7.26027428733047e-05,0.014902814575239965,3.678406570867444e-08,0.00015958796227820497,5.702143760201822e-05,1.3030615593327466e-06,2.1011683225501215e-05,1.2022024975807909e-07,0.010939485962791207,0.00034277960535144863,0.0010097319873781881,1.4309830773990875e-09,4.386658830734734e-07,4.29221301780326e-05,1.2553959964239672e-07,6.307834477099551e-06,1.4171134129473681e-06,1.1660574248732601e-05,1.6435366621432433e-06,0.9605300388749362
51,0.00919918628527762,0.0013045111314767706,0.0010432275867278294,3.83266669471902e-05,1.5953404587477654e-06,7.273486826621099e-05,0.027985191853247576,5.5312299715780936e-08,0.00025063214020515026,0.00014126858248544912,9.13061240658946e-07,1.570267190399093e-05,2.0803790180015106e-07,0.020556216692213622,0.0002265986135693671,0.0009958595507714484,9.103049327743626e-10,5.494569219492959e-07,7.542117150113272e-05,1.690006055154928e-07,6.40252645510813e-06,2.256386049217662e-06,8.33544663299914e-06,1.4991226680634612e-06,0.938073137583868
52,0.012569840691373272,0.0010348954818892508,0.0009941185727837336,3.059502657757535e-05,1.5626549656108415e-06,0.0001906699060032542,0.03456634058082751,4.326572416944085e-08,0.0003077839969625378,0.00014217850103444285,1.3836231146102696e-06,1.4659415961553272e-05,1.911131440279074e-07,0.016312952003584985,0.0003863873833748797,0.00219794900736327,8.569672948228872e-10,6.796932950382708e-07,6.424533972160148e-05,2.3902678120418874e-07,6.049380791049257e-06,2.1863981673041926e-06,1.4714057923692256e-05,1.7458010304309742e-06,0.9311585882206377
53,0.008741228659329452,0.0008311186699024475,0.0008693026889773223,2.231172409939192e-05,1.3502103103954061e-06,6.497399398578842e-05,0.01947324580243143,3.900934174060124e-08,0.00022271780527421804,9.101956390399837e-05,6.60895593828527e-07,1.2139728625111648e-05,1.2423211773571172e-07,0.012869221383596228,0.0003117366641640002,0.0013423719583952407,8.426315366463729e-10,2.590857773032764e-07,7.066050737678069e-05,1.1862846441703257e-07,4.6711233046851775e-06,1.4897857345844147e-06,8.007371066104457e-06,1.2540661276392067e-06,0.9550599755994686
54,0.0829677050682446,0.005388547221076041,0.07383665271631368,0.0020537644595734084,0.002625723836372016,0.004806056662403087,0.02236256432589384,2.8853604858896476e-05,0.010028530017565656,0.0003106816584142906,0.0031954456198413513,0.006522570891528851,9.186538736561421e-06,0.07066902633941999,0.004574114871325194,0.0009383969788884931,1.7398374280325359e-06,0.0002446937255291896,0.0019334410665731469,5.027322363735748e-06,0.0008316207567305636,0.00010020305619908924,0.0002845067099940053,0.0001593750339705694,0.7061215716807557
55,0.006868433194519859,0.00118310340950796,0.0005721824432026741,2.0796582955978394e-05,2.5942710901474594e-06,0.00017902125634254408,0.021049751297603884,3.4737455763644e-08,0.0001751959588632965,0.00014179675137976304,6.687311642572869e-07,9.578642278048497e-06,7.684704365621311e-08,0.03121487244485909,0.0009764448495849649,0.0044764072355032965,9.75024086378188e-10,1.9884026651798546e-07,0.00014510216325284812,1.0751583634226409e-07,9.630290758903107e-06,4.004544101329447e-06,3.0028031321168828e-05,7.831414497184735e-07,0.932939185844634
56,0.00919539233099422,0.0009145476422849912,0.0009472555050685199,2.412753228728572e-05,1.4451385732594475e-06,6.7276482441793e-05,0.021384564309073675,4.330271283083842e-08,0.00024210709756895062,9.911214690396966e-05,7.22608400223499e-07,1.2777235007972075e-05,1.5068501722335262e-07,0.013262302725217043,0.0003253056434576312,0.0013864876074845634,9.419240557063103e-10,2.8339394035844983e-07,7.328414057265314e-05,1.3505147654222027e-07,4.741220870295484e-06,1.5795975162265817e-06,8.418905924672126e-06,1.458923200365809e-06,0.9520464798320807
57,0.008586717484293897,0.0008041025709297054,0.0009135406502201587,2.2008028078767403e-05,1.3925742935453086e-06,6.365595008585961e-05,0.01875875931367887,4.072303480254244e-08,0.00023353891705571743,9.22695487665352e-05,6.419789930366269e-07,1.2839633802734839e-05,1.2424128593050654e-07,0.012924672383744491,0.0003127420998698021,0.0013741811651690476,8.735308190776752e-10,2.468773263027789e-07,7.446568324233317e-05,1.206433017232592e-07,4.757631528240424e-06,1.5377084462943758e-06,7.567640720309784e-06,1.2174092568476516e-06,0.9558088582693441
58,0.009303667870637713,0.0008918440564825973,0.0009151203405679113,2.2652987941218396e-05,1.313315991513784e-06,5.818772429167786e-05,0.020830914329453463,4.2526295498999164e-08,0.00021509927962598934,9.319559932665671e-05,6.621957523279339e-07,1.2061258476865645e-05,1.3882070427145819e-07,0.01193536898804131,0.00030896052198332,0.0013001880337474249,9.873919962691152e-10,2.7940987443604007e-07,6.534930172012271e-05,1.2514709652095253e-07,4.545866831764151e-06,1.5377106365412574e-06,8.459272933967783e-06,1.5796335742619724e-06,0.9540287048206206
59,0.009542673666437015,0.0008244625648754994,0.0010387652666402978,2.2631869194784365e-05,1.2507440086096747e-06,5.3009893340252996e-05,0.020948095635563112,4.3421295397918854e-08,0.00021448165842339855,8.637426159493062e-05,6.556059767711499e-07,1.2308390940730097e-05,1.3730431461749525e-07,0.011104310028323086,0.00028032808895816727,0.0012224236321728174,9.850808299194647e-10,2.8884716859687145e-07,5.7707396048680906e-05,1.3034511501596486e-07,4.39087325987273e-06,1.394185764929715e-06,7.719190345347e-06,1.7297723962658948e-06,0.954574686372761
60,0.008830052341207562,0.0008257502558782173,0.0008659771267992945,2.22405985665562e-05,1.304858517142449e-06,6.540964086266525e-05,0.02024481952836134,3.901256628611514e-08,0.0002243986349291164,9.05669238590492e-05,6.718447569134227e-07,1.1913541670063252e-05,1.2393142942073542e-07,0.012665545642891298,0.000316508926307546,0.0013688162410146996,8.345557681364577e-10,2.589927623316544e-07,7.015615213229734e-05,1.213966673092213e-07,4.626094049828999e-06,1.4776412196303365e-06,8.1680199561674e-06,1.267510854398309e-06,0.9543797843081852
61,0.00930389385234245,0.0008365830325126084,0.0011197629099648956,2.291573285010867e-05,1.3803221523693206e-06,5.7915179492341844e-05,0.020825721574307916,4.268515414604738e-08,0.00023461154101262022,8.62825222915864e-05,7.164372084138815e-07,1.3273623266592033e-05,1.4031760986023672e-07,0.012269437042317066,0.00029576301158640853,0.001272867655103135,9.458411044678004e-10,2.728957405838414e-07,6.340169050327419e-05,1.338344179193125e-07,4.525848860249089e-06,1.4255754231013353e-06,7.445780122903932e-06,1.5734247218812326e-06,0.9535799125651966
62,0.008830052341207562,0.0008257502558782173,0.0008659771267992945,2.22405985665562e-05,1.304858517142449e-06,6.540964086266525e-05,0.02024481952836134,3.901256628611514e-08,0.0002243986349291164,9.05669238590492e-05,6.718447569134227e-07,1.1913541670063252e-05,1.2393142942073542e-07,0.012665545642891298,0.000316508926307546,0.0013688162410146996,8.345557681364577e-10,2.589927623316544e-07,7.015615213229734e-05,1.213966673092213e-07,4.626094049828999e-06,1.4776412196303365e-06,8.1680199561674e-06,1.267510854398309e-06,0.9543797843081852
63,0.008989306140258063,0.0009409403948990048,0.0008531129131502377,2.2236867338326183e-05,1.2705607353891461e-06,6.317759461960537e-05,0.020950873130247124,4.066263851936081e-08,0.00023059381522493288,9.525072502007475e-05,7.02426051724219e-07,1.1243685035193268e-05,1.3237956782249455e-07,0.01192723080109205,0.00032804331086392773,0.0012974808342424502,8.944626811633656e-10,2.758161408607922e-07,6.97162166290072e-05,1.2574980108252975e-07,4.637193145023912e-06,1.567061195659148e-06,8.027046674974428e-06,1.4237925197442443e-06,0.9542025899884465
64,0.008013844400943151,0.0007442049230547211,0.0007639620139938546,2.0278088037344773e-05,1.222224379189288e-06,5.672061738373897e-05,0.01618793361684627,3.804202029998899e-08,0.0002015892182963649,8.127965580801276e-05,6.088760291544132e-07,1.1893864169638009e-05,9.698007559668579e-08,0.011368261863961579,0.0003117585731176799,0.0012347378032183858,8.715583712755173e-10,2.3680560775738278e-07,7.101036566457602e-05,1.0201763557954821e-07,5.361884598181687e-06,1.4323515836118556e-06,7.528092576776019e-06,1.0974045086620315e-06,0.9609147994449314
65,0.008594453932901787,0.0007635810711713288,0.0008617714854806629,2.360263085771942e-05,1.5130948013041882e-06,7.922201236411877e-05,0.018365104898343015,3.5760861098730435e-08,0.00020021702372763185,9.203545795325116e-05,6.879175225216517e-07,1.4211762426665965e-05,1.2035278838265266e-07,0.01517961519625209,0.0003018349473431504,0.0015114059009821365,8.174659891436372e-10,2.8755456666883886e-07,7.009072425234439e-05,1.2075362089160985e-07,5.239293110022898e-06,1.5422122930157735e-06,9.175359328618693e-06,1.090307919301064e-06,0.9539230395316662
66,0.008274572095957482,0.0007499385409617098,0.0014898315741923344,2.801199750747335e-05,1.6986392509564957e-06,0.00011051240261920862,0.03065964563664245,5.558803136789487e-08,0.0005754738543576803,0.0001853924895466925,5.592495616025489e-07,1.4396203440750564e-05,2.244731390201955e-07,0.018600389655194997,0.0002672839996643431,0.002960385055608494,5.2269881840868e-10,1.9861024120974823e-07,0.00015286637117770325,2.6428119237785554e-07,4.172826107551378e-06,1.49848237770417e-06,5.198785805481454e-06,8.726113781608838e-07,0.9359165560533443
67,0.008256098758556176,0.0005174542704558585,0.0009072597473649221,2.8356099188027303e-05,1.4396348810191577e-06,0.00013784289651790912,0.024621897585173642,2.5109377821902877e-08,0.00011395284762555034,7.691873484545337e-05,8.888825934141189e-07,1.9613864030475714e-05,1.2124111601130473e-07,0.022651883533877887,0.00034175382800969177,0.003437042286868334,7.320612241915372e-10,3.315188374251948e-07,4.791371635395991e-05,2.1279001904540632e-07,5.814871811334493e-06,1.4247486872504609e-06,2.5200185001027687e-05,9.290412793376592e-07,0.9388056230754672
68,0.008903513095743578,0.0008196562668960181,0.0008536446835676909,2.2308880098422255e-05,1.2827538417406043e-06,6.607519796139929e-05,0.020256890359496623,3.873868500203359e-08,0.00021954832687369661,8.981207572818971e-05,6.834811132845731e-07,1.2015472175739923e-05,1.2292896320072764e-07,0.01250221284759834,0.0003145537221810935,0.0013687168650275484,8.4210039439091e-10,2.6666901409839544e-07,6.856717915334144e-05,1.2266326318222261e-07,4.665407853419258e-06,1.4799222041888694e-06,8.349238368017256e-06,1.2729449569346512e-06,0.9544841994371348
69,0.00852413894838057,0.0007987961951926936,0.0008592163676439526,2.2105219979650526e-05,1.2360775664588355e-06,6.105562715153863e-05,0.019748963136351078,3.884923522285185e-08,0.0002205454818387004,8.910830613391596e-05,6.34626307677083e-07,1.1383275460608543e-05,1.215577855586055e-07,0.011933190206885236,0.000301624412474882,0.0013319582182130167,8.183059498701026e-10,2.4909445690330334e-07,6.732303410724378e-05,1.21946584200602e-07,4.45731363318261e-06,1.3889096734469276e-06,7.812731812211023e-06,1.2662382817577986e-06,0.9560132634065445
70,0.009004378061541168,0.0009133956297972162,0.000784996595868326,2.1690868808547946e-05,1.2294015939002721e-06,6.241365637513851e-05,0.020982265040954663,4.445151416175147e-08,0.00024597883338583473,9.498116320471391e-05,6.978865528433455e-07,1.0680161465445829e-05,1.2376332876984323e-07,0.01081162568537727,0.00035155966117242436,0.0012908394759696008,9.156114744761907e-10,2.6417314816929123e-07,7.696229285158958e-05,1.2132385573040385e-07,4.646285973511665e-06,1.5696061997997068e-06,8.159647009984263e-06,1.402004755594864e-06,0.9553299734136842
71,0.011379825364253872,0.0007386126926122781,0.0008755259304028552,2.3235894821244662e-05,1.0208992633222355e-06,6.084806093275296e-05,0.0267315454614582,4.359116063975462e-08,0.00019687854014095022,7.770992099706224e-05,7.899282772428085e-07,1.3590470768194178e-05,1.2762233627568625e-07,0.01183136048435775,0.0003127750027748489,0.0015755132758342263,9.72189147737003e-10,3.086735411791127e-07,6.85831604121217e-05,1.540623799516029e-07,4.791956963300394e-06,1.492296746769923e-06,1.0153445971728765e-05,1.4522346377328989e-06,0.9460936600567663
