,0,1,2,3,4,5,6,7,8,9,10,11,12,13,14,15,16,17,18,19,20,21,22,23,24
0,0.0005305700272569998,0.06023160009215386,8.09604738594681e-09,7.270927579864048e-09,0.0006473927789444226,1.0846909949248625e-06,0.001189459354885202,2.6709099265566484e-08,0.011099517633032649,2.1413374698653564e-05,5.740717632474355e-07,6.224985735707804e-05,3.6866239654426703e-07,0.00040432457041690307,1.2257929668045262e-06,1.6933132250418588e-06,2.046699968953148e-06,7.34027533831952e-05,4.495297212473913e-05,2.200348072617449e-08,7.933777963252408e-07,9.084166104065974e-05,2.4753142090317667e-06,5.087174635765299e-09,0.9255939438346552
1,0.0006522089371575398,0.063988504384425,8.55437840313222e-09,8.630181488769486e-09,0.0008419075462387271,1.0789563043388884e-06,0.0013183040254327644,3.3424209657256426e-08,0.01874402268592094,2.5646997926130858e-05,6.047325749650138e-07,5.292239967357289e-05,4.0599712341658626e-07,0.0003655925867428005,1.2648619374880522e-06,2.2168611828217515e-06,2.1087222085413603e-06,6.758158971066099e-05,5.214714860907129e-05,2.2897533112359358e-08,6.465883108963624e-07,8.692579341365411e-05,2.5959080062749986e-06,6.235118129892602e-09,0.9137932335356796
2,0.00039684679608570367,0.040082694251398834,5.830432811395668e-09,5.251282536687117e-09,0.0005517105528520947,6.206289728360137e-07,0.0008920829971553838,2.0426955088802935e-08,0.011316748093147352,1.8259924996161243e-05,3.6839416615320354e-07,3.1062409288608934e-05,2.068009168073267e-07,0.0003278212292921183,1.0008988095326927e-06,1.0204699269695177e-06,1.2319287829677572e-06,5.1051787350613496e-05,2.851316050458173e-05,1.908543301440608e-08,5.101124784135425e-07,7.714483693563941e-05,2.1154924444490228e-06,4.515980451845044e-09,0.9462189341244109
3,0.0004883562754060914,0.056968089535552845,7.096358763288898e-09,6.705104131928803e-09,0.0006225752991845986,8.897376087620637e-07,0.0010818722212289505,2.29574401830901e-08,0.010869631637402462,1.8210105073673568e-05,5.297450589936566e-07,5.6532268726493796e-05,3.2742379453049144e-07,0.0003883409466591156,1.0803573848918264e-06,1.4031484025101114e-06,1.910633788549924e-06,6.883443903736771e-05,3.699127903211377e-05,1.8070950863100323e-08,6.695134403040421e-07,8.337071395403762e-05,2.265598718455547e-06,4.558946743848716e-09,0.9293080597317446
4,0.00048309800048662235,0.06437922513790227,7.594004506536747e-09,7.357278998190234e-09,0.0006764292399472718,9.862531787106432e-07,0.001119616193795914,2.379905379274919e-08,0.010879521393929677,1.756410396917907e-05,6.254504230280774e-07,7.278294062023282e-05,4.37524648280924e-07,0.0004474688917321216,1.0348263964475575e-06,1.5149855998858436e-06,2.2310176546192003e-06,7.761676136308844e-05,3.9564402185673236e-05,1.928361650219242e-08,7.064714010540576e-07,8.630323500823285e-05,2.4457837123486487e-06,4.462228927067658e-09,0.9217107648898627
5,0.0004689014959464705,0.04016147541954838,6.40985508114798e-09,6.960284811580728e-09,0.0004985347855733242,7.102161066654473e-07,0.0009399995604200902,2.0749504505128093e-08,0.009322969509847423,1.857683182776002e-05,4.4140014707836386e-07,5.0059901431327955e-05,2.690257612962298e-07,0.0003862054443374242,8.407277691208145e-07,1.2838194605104421e-06,1.8341850161777683e-06,8.563533730254836e-05,2.6595098957828448e-05,1.954391518151424e-08,6.100143335712583e-07,7.327978933509609e-05,2.17671419471274e-06,4.942726577683836e-09,0.947959542116397
6,0.0004883562754060914,0.056968089535552845,7.096358763288898e-09,6.705104131928803e-09,0.0006225752991845986,8.897376087620637e-07,0.0010818722212289505,2.29574401830901e-08,0.010869631637402462,1.8210105073673568e-05,5.297450589936566e-07,5.6532268726493796e-05,3.2742379453049144e-07,0.0003883409466591156,1.0803573848918264e-06,1.4031484025101114e-06,1.910633788549924e-06,6.883443903736771e-05,3.699127903211377e-05,1.8070950863100323e-08,6.695134403040421e-07,8.337071395403762e-05,2.265598718455547e-06,4.558946743848716e-09,0.9293080597317446
7,0.00027776346966413673,0.023057819746335133,2.8344034709031146e-09,4.1790735486612595e-09,0.00032289526429158055,4.417271624936195e-07,0.0006289727892457608,1.0595197461871143e-08,0.007600441869675271,1.480804172643497e-05,2.305394139960395e-07,2.6458606829859064e-05,1.039616282910611e-07,0.0002950936020833905,6.045110768749635e-07,8.505537582254915e-07,1.171096523682163e-06,5.1546201744062595e-05,1.4926074372241717e-05,1.2501878733399612e-08,4.046770815290073e-07,5.139160261724577e-05,1.7528320519418872e-06,3.240456495756993e-09,0.9676522894817081
8,0.0004999153885063206,0.05887886259874937,7.271504779392368e-09,6.822728511718006e-09,0.000635534576953995,9.202589799200414e-07,0.001104794579560804,2.3759442571712504e-08,0.010938447330147818,1.8324131657881204e-05,5.428058987999977e-07,5.9167002098488603e-05,3.4365699426223875e-07,0.0003922502255861578,1.0900280458498997e-06,1.4499331968897639e-06,1.973717412111042e-06,7.029523573983651e-05,3.857761051004491e-05,1.838542217133023e-08,6.870904425126483e-07,8.448786999968664e-05,2.30171096641479e-06,4.519795324264821e-09,0.9272699734896596
9,0.0005078750561648889,0.07406384025959648,6.729559265069807e-09,6.177836346018382e-09,0.0006566511814543781,1.0567699321157803e-06,0.0012685622551332147,2.545419190962513e-08,0.010101172882506124,1.6135568054224075e-05,5.642887727976201e-07,7.812676780893114e-05,4.350268264532622e-07,0.00038901226442985946,1.050630109391824e-06,1.6302537830143835e-06,2.188398500344186e-06,7.327810184685983e-05,4.626200323061253e-05,1.6967694056156073e-08,7.350006940734416e-07,8.369378280377235e-05,2.323956265191279e-06,3.2223558899056622e-09,0.9127053470004498
10,0.0004883562754060914,0.056968089535552845,7.096358763288898e-09,6.705104131928803e-09,0.0006225752991845986,8.897376087620637e-07,0.0010818722212289505,2.29574401830901e-08,0.010869631637402462,1.8210105073673568e-05,5.297450589936566e-07,5.6532268726493796e-05,3.2742379453049144e-07,0.0003883409466591156,1.0803573848918264e-06,1.4031484025101114e-06,1.910633788549924e-06,6.883443903736771e-05,3.699127903211377e-05,1.8070950863100323e-08,6.695134403040421e-07,8.337071395403762e-05,2.265598718455547e-06,4.558946743848716e-09,0.9293080597317446
11,0.0005132814302850922,0.06309421187278273,7.9186733579127e-09,7.367075373576322e-09,0.000663238041375878,1.0032223467628761e-06,0.0011764705638545158,2.6556040169197818e-08,0.01144497935270754,1.895035792186031e-05,5.822645147124751e-07,6.575151656929984e-05,4.07080186293672e-07,0.00041183868649389383,1.127252182309957e-06,1.5898521543889528e-06,2.1860923489110135e-06,7.389098472926517e-05,4.2076184788832085e-05,1.9869820414281582e-08,7.064160673144215e-07,8.949888000954297e-05,2.4016166177400692e-06,4.6809004925981956e-09,0.9223957419395532
12,0.0005043023452851266,0.057621093769077265,7.296598611647757e-09,6.8877773078176066e-09,0.0006193118637768496,9.149429151414714e-07,0.001127867072927487,2.4563804741822913e-08,0.011318427897999056,1.9010729932397707e-05,5.417866569140677e-07,5.679988544218682e-05,3.3772694877516907e-07,0.0003857067131213514,1.131587425511815e-06,1.4651839065642563e-06,1.983652108391385e-06,6.869592193500995e-05,3.890175803120453e-05,1.855120816494335e-08,6.843738625053231e-07,8.786225684506566e-05,2.3012553527248338e-06,4.741516518379722e-09,0.9281425972355452
13,0.0005753586296112587,0.08572282273933765,8.586289020626921e-09,9.317546895340625e-09,0.0009765144953212261,1.036869949834962e-06,0.0011723804270964546,2.1870345959367258e-08,0.011141515408277859,1.4054796413730103e-05,1.375770711462449e-06,0.00010336859057689078,6.201333182926231e-07,0.0005498754471876152,1.5196706997588858e-06,1.6146694977451912e-06,2.4957288980569372e-06,8.123165181870621e-05,4.76464994182079e-05,1.6293639687135723e-08,9.047844148578113e-07,8.390461887358401e-05,3.328098875741621e-06,5.744190317253021e-09,0.8995183691576892
14,0.0006115035172843304,0.12371503897952014,9.978162422066089e-09,7.393377188589038e-09,0.001048763706520506,1.9032660656175314e-06,0.0013818613980556755,2.52697804042632e-08,0.009493936842249175,1.7704105421086142e-05,1.0343929022893419e-06,0.000142558853038221,7.531868071905495e-07,0.0005522713149184797,1.3813511785489025e-06,2.265063231577323e-06,2.566956583986962e-06,8.584289471433356e-05,8.074031523101585e-05,2.147366898906815e-08,1.134831158576606e-06,8.905907796298211e-05,2.846583348636188e-06,3.776294266545184e-09,0.8627667654725243
15,0.0004883562754060914,0.056968089535552845,7.096358763288898e-09,6.705104131928803e-09,0.0006225752991845986,8.897376087620637e-07,0.0010818722212289505,2.29574401830901e-08,0.010869631637402462,1.8210105073673568e-05,5.297450589936566e-07,5.6532268726493796e-05,3.2742379453049144e-07,0.0003883409466591156,1.0803573848918264e-06,1.4031484025101114e-06,1.910633788549924e-06,6.883443903736771e-05,3.699127903211377e-05,1.8070950863100323e-08,6.695134403040421e-07,8.337071395403762e-05,2.265598718455547e-06,4.558946743848716e-09,0.9293080597317446
16,0.0003710708189083959,0.030486775722590436,4.37359158677047e-09,5.5364148166622355e-09,0.00034559594045596834,6.011215753105533e-07,0.000837796868825094,1.4598872939325212e-08,0.005021224812438462,1.9021877377672176e-05,3.665454465344157e-07,6.188817492728257e-05,1.9927424724651122e-07,0.00039065674259789905,6.412019694074226e-07,1.1732195423179256e-06,1.6304868658330582e-06,0.0001038551419256616,2.1522793731519904e-05,1.8100956746036488e-08,9.110020708240646e-07,6.91432679690099e-05,1.9050622546928122e-06,3.3465669515442426e-09,0.9622639739678773
17,0.0003880807289622858,0.04365507579905686,4.493918482161198e-09,4.505660093481979e-09,0.00039276289743501606,4.851748697769757e-07,0.0007104082064097399,1.7490834018512058e-08,0.005276211129289902,1.129682120870861e-05,3.661828268457484e-07,8.340262133274834e-05,3.3173458449848966e-07,0.00040465994653709244,4.515347641952237e-07,9.169690786939511e-07,1.927362951004114e-06,0.00010410629788067619,2.4906959161747553e-05,1.528587139879304e-08,6.390235308376112e-07,7.140609775457826e-05,2.0300039324474976e-06,2.17766871160311e-09,0.9488704905544796
18,0.0002824023587945611,0.02938542087873642,2.4315322159822677e-09,2.762662920968351e-09,0.00018658850321976063,3.6204422786369876e-07,0.00051188460705032,9.6157547941478e-09,0.005074541510063594,1.1089079014533318e-05,2.3486188057982882e-07,4.1536723636058664e-05,1.5552742279867492e-07,0.0003003302574078894,3.703813490921627e-07,5.710792079962256e-07,1.597570380408667e-06,6.891974709430399e-05,1.3188123359625322e-05,1.003995194836181e-08,3.8434366227338916e-07,6.108808912293986e-05,1.4800348045025515e-06,2.2026671296842197e-09,0.9640578272269955
19,0.0005600121290092134,0.07513913200758104,1.1371225198857996e-08,9.57954738222013e-09,0.0009505008156349533,1.059243985344931e-06,0.001434896795869099,3.810148808038014e-08,0.012537682953492708,2.0378180731576667e-05,6.613190907310996e-07,8.650439323628044e-05,5.743389014295448e-07,0.0004832813247540775,1.2650700015670272e-06,1.8663891214542395e-06,2.4011900870591137e-06,8.643029009632066e-05,5.412074338540998e-05,2.386383267693833e-08,8.163082007793338e-07,0.00011106286566346681,2.3906233916240035e-06,4.684313400776314e-09,0.908524875417359
20,0.0004280768484782117,0.05628500592197592,8.773764919216328e-09,7.751819759952267e-09,0.0005977062945118519,1.0697762185037752e-06,0.0014707699833395817,3.258569763283302e-08,0.011246483933381332,2.0482839222076358e-05,6.469894786418725e-07,4.679675627573809e-05,3.114397064748305e-07,0.0003889284182689871,2.237356640290897e-06,1.3512680585611672e-06,1.9387647248919104e-06,4.765922491602623e-05,4.750865312483215e-05,2.085121127025399e-08,9.563679514052576e-07,0.0001360276628041796,2.8356159811583548e-06,5.846404642034505e-09,0.9292731300760431
21,0.0005418651777853366,0.05956697206821345,6.756282513848232e-09,6.791934075895029e-09,0.0007455712465026052,8.04618089377588e-07,0.0007698365952396373,1.591044774916017e-08,0.008599327542054098,2.011543291454129e-05,6.313335895472028e-07,8.098379727250493e-05,3.29594390088162e-07,0.00047736447021418533,7.591216388013357e-07,1.3976247787634484e-06,1.7660918230393836e-06,9.678618910509477e-05,3.4409386116405364e-05,1.871483037796585e-08,8.829494856566837e-07,6.680340228391114e-05,2.134315381528056e-06,4.558751200165063e-09,0.9289912063108755
22,0.0005943382015350521,0.04628023991018649,7.999109796817296e-09,8.282910410835742e-09,0.0005324027708120787,9.093127872799365e-07,0.001021348085517557,2.4621971289834492e-08,0.009772054341987768,2.4738459062812736e-05,6.060928212889426e-07,6.681846091210378e-05,3.205952173839658e-07,0.0004227271222403324,1.0442633288399177e-06,1.6512115859751574e-06,2.501103356548918e-06,9.689017220372535e-05,3.751980176007419e-05,2.22453111208165e-08,8.906352570011466e-07,9.832945910272117e-05,2.3741387338996867e-06,5.9955761573879414e-09,0.9410422267167123
23,0.0004883562754060914,0.056968089535552845,7.096358763288898e-09,6.705104131928803e-09,0.0006225752991845986,8.897376087620637e-07,0.0010818722212289505,2.29574401830901e-08,0.010869631637402462,1.8210105073673568e-05,5.297450589936566e-07,5.6532268726493796e-05,3.2742379453049144e-07,0.0003883409466591156,1.0803573848918264e-06,1.4031484025101114e-06,1.910633788549924e-06,6.883443903736771e-05,3.699127903211377e-05,1.8070950863100323e-08,6.695134403040421e-07,8.337071395403762e-05,2.265598718455547e-06,4.558946743848716e-09,0.9293080597317446
24,0.000463320757004987,0.06139949312293867,7.447379555056745e-09,8.414915147897707e-09,0.0009215192037615894,8.991024050315693e-07,0.0010766988420693102,2.3004477924624195e-08,0.010931464294464838,1.718072756726539e-05,6.125101151734283e-07,8.520548849560376e-05,4.686614947023397e-07,0.000533646386052278,8.596967996731443e-07,1.7526638433288154e-06,2.026397761063146e-06,9.321317631070547e-05,3.784468184376009e-05,2.0724406846547185e-08,6.596234255301472e-07,7.556394351521196e-05,2.4149207616967204e-06,4.0619522306778284e-09,0.9243550921462378
25,0.0007499197699495545,0.061237632129150434,1.1520566982047425e-08,1.3775675592435324e-08,0.0008819478708557889,1.0956759919876177e-06,0.0019041118394116918,5.355297860612325e-08,0.011962701589976813,2.231422449393715e-05,9.851718345026535e-07,9.934107309316117e-05,7.079682490555663e-07,0.0004933653853756383,1.5981740775303552e-06,2.555740711366818e-06,3.0964736059264052e-06,0.00011866556677455393,6.370577569523549e-05,2.8978128938702914e-08,1.16291798425799e-06,0.00011717262130663934,3.601752345466356e-06,5.84752531189561e-09,0.922334204604241
26,0.0006313158180482264,0.051597384197120365,6.655163765945259e-09,7.366351074592914e-09,0.0005691071038532718,7.569074312251916e-07,0.0008717076254597312,2.5576576041581283e-08,0.019448108933453535,1.8148377033062096e-05,4.876503540443663e-07,3.584595650737754e-05,2.7441241228870276e-07,0.0002986853111408541,1.0222932340837647e-06,1.3471073934167982e-06,2.113011873312125e-06,5.783391334513583e-05,2.8850625135760336e-05,1.7282096348547642e-08,4.3453993440576097e-07,6.956663803340472e-05,2.6667696249215324e-06,7.585901858813818e-09,0.9263642783425226
27,0.00036646896348677176,0.044154218109076604,5.232214665547844e-09,5.4109255935092675e-09,0.00047623849929705393,6.930533958271756e-07,0.0009967497624332065,1.9111055329252036e-08,0.01323345952698301,1.817827183275384e-05,4.2880890116597946e-07,3.169182853287825e-05,2.1577214114382888e-07,0.0003273464639989265,1.208763108844202e-06,1.07539591964813e-06,1.54015827252076e-06,4.364858452993222e-05,2.6485620043458e-05,1.56505256883098e-08,4.6805435336001396e-07,8.730754627760198e-05,2.0959905977973032e-06,5.307134153960157e-09,0.940230430114962
28,0.0004883562754060914,0.056968089535552845,7.096358763288898e-09,6.705104131928803e-09,0.0006225752991845986,8.897376087620637e-07,0.0010818722212289505,2.29574401830901e-08,0.010869631637402462,1.8210105073673568e-05,5.297450589936566e-07,5.6532268726493796e-05,3.2742379453049144e-07,0.0003883409466591156,1.0803573848918264e-06,1.4031484025101114e-06,1.910633788549924e-06,6.883443903736771e-05,3.699127903211377e-05,1.8070950863100323e-08,6.695134403040421e-07,8.337071395403762e-05,2.265598718455547e-06,4.558946743848716e-09,0.9293080597317446
29,0.0004883562754060914,0.056968089535552845,7.096358763288898e-09,6.705104131928803e-09,0.0006225752991845986,8.897376087620637e-07,0.0010818722212289505,2.29574401830901e-08,0.010869631637402462,1.8210105073673568e-05,5.297450589936566e-07,5.6532268726493796e-05,3.2742379453049144e-07,0.0003883409466591156,1.0803573848918264e-06,1.4031484025101114e-06,1.910633788549924e-06,6.883443903736771e-05,3.699127903211377e-05,1.8070950863100323e-08,6.695134403040421e-07,8.337071395403762e-05,2.265598718455547e-06,4.558946743848716e-09,0.9293080597317446
30,0.0004883562754060914,0.056968089535552845,7.096358763288898e-09,6.705104131928803e-09,0.0006225752991845986,8.897376087620637e-07,0.0010818722212289505,2.29574401830901e-08,0.010869631637402462,1.8210105073673568e-05,5.297450589936566e-07,5.6532268726493796e-05,3.2742379453049144e-07,0.0003883409466591156,1.0803573848918264e-06,1.4031484025101114e-06,1.910633788549924e-06,6.883443903736771e-05,3.699127903211377e-05,1.8070950863100323e-08,6.695134403040421e-07,8.337071395403762e-05,2.265598718455547e-06,4.558946743848716e-09,0.9293080597317446
31,0.0007779640051797239,0.05820058243119584,1.0979397424153068e-08,7.55383436624182e-09,0.0006623468363516602,7.290842055273205e-07,0.001048066334054986,4.1410705483613694e-08,0.009202411093640589,1.7384887205288153e-05,4.586372144662424e-07,7.065719374358174e-05,4.7528303491994676e-07,0.0003366147547067545,7.98217215197e-07,1.4481427295645212e-06,2.1824916077685155e-06,0.00010507993387934387,5.1974407820448236e-05,2.280614046574375e-08,7.699355495048248e-07,8.492199695027789e-05,2.3131428296099863e-06,3.913102331829927e-09,0.9294327345277049
32,0.0005043066998563986,0.06038324777180318,7.78396252402445e-09,6.842033414860601e-09,0.0006641471467411903,9.61455445596793e-07,0.0011263970968386715,2.576634486932092e-08,0.010855770280875763,1.8959151185134245e-05,5.595156194529945e-07,6.130110617696738e-05,3.646937391672075e-07,0.00040099255472729825,1.1500003364268379e-06,1.512051334106328e-06,1.9838832235214017e-06,6.939369285925486e-05,4.3831335967159564e-05,1.9867209925829516e-08,7.31932986565502e-07,9.118316226806259e-05,2.402811646881186e-06,4.506649008814146e-09,0.9257707388901695
33,0.0005860145340115292,0.0858140363195476,7.785627557101083e-09,9.57298524896983e-09,0.0005729444639814925,1.3196692603685349e-06,0.001997994548916202,5.4487206683910134e-08,0.013111918561975423,1.982435356973248e-05,6.872526649005559e-07,0.00019752351161481297,1.3531655989381836e-06,0.0005905669950725194,7.439696315605172e-07,3.124253971233085e-06,6.267544342062508e-06,0.0001513778535956816,6.1555481847925e-05,2.5771416627676524e-08,6.776268932658382e-07,0.0001517965884384883,2.6595555131336506e-06,2.8872334324722517e-09,0.8967275132450836
34,0.00043204080839836454,0.05080311394610184,6.860454800199286e-09,7.249268319707585e-09,0.0005744765725552399,1.01040801272052e-06,0.0012138406675420296,2.3149763896896555e-08,0.009860386239296774,1.9401609377358872e-05,4.7127077250368275e-07,5.9726760309180886e-05,3.0830085417183286e-07,0.00040628077071344214,1.090361793537833e-06,1.5836679189238733e-06,2.0391241242392935e-06,7.654726749836443e-05,3.296833713606942e-05,1.997854658060083e-08,7.139384588720361e-07,8.440268683016438e-05,2.2368272344502597e-06,4.284006052457779e-09,0.936427298913032
35,0.000583718276431582,0.05692738719783502,7.069468149659165e-09,6.798487770869959e-09,0.0005719880640637271,8.107126721492488e-07,0.0010740482861381362,2.6815771945856827e-08,0.011705274228161184,1.904653980138208e-05,4.935293723393882e-07,5.877086710373499e-05,3.4871065115305487e-07,0.0003555527111429367,9.314073493021242e-07,1.462776474248737e-06,2.1328091583151887e-06,7.867377023079976e-05,3.771133716216434e-05,1.80716791752067e-08,6.393665548164388e-07,8.333928786610335e-05,2.1719287768773136e-06,4.506329240948166e-09,0.9284954349313177
36,0.000590748865643515,0.06326779467072383,5.302621811428733e-09,8.841249180351641e-09,0.0004357664317458889,1.1540068255004444e-06,0.0018731266116314117,6.211909794731074e-08,0.017115994505481763,1.6693136973976074e-05,5.319205505560773e-07,0.00012589092297500312,7.846546508932327e-07,0.0004054328028660165,9.804342726277077e-07,3.3230274409003835e-06,6.121616604292865e-06,0.00010589605506367438,4.8708316320116986e-05,2.1509055819197508e-08,5.472361266497735e-07,0.00014376251769664675,3.4473099168520944e-06,3.3129336645646058e-09,0.9158531938715314
37,0.0006599349851301599,0.040502417985806685,8.594646524016522e-09,8.886638974149725e-09,0.0005529140701554226,6.573909493981169e-07,0.0009166441885924584,2.0575364673587325e-08,0.008749359602821317,1.8786346412835933e-05,6.355962462651485e-07,5.367443033073432e-05,2.8617399652481496e-07,0.00039495076381132824,9.872746466593398e-07,1.3070659623203882e-06,1.927244171917009e-06,0.00010649552859735136,2.7960133004018823e-05,1.8268761659516525e-08,7.009884245651612e-07,6.827333386380934e-05,2.2444034100683762e-06,7.706465138217537e-09,0.9479397784617892
38,0.0006362418851914784,0.077247419752916,1.0204388236405181e-08,9.895230674923088e-09,0.0007231810592837375,2.4159937418153673e-06,0.002358437687082294,4.897433191929526e-08,0.010435214540398058,2.533701412933701e-05,8.469660213209766e-07,0.00010796817213032953,7.071097056105689e-07,0.00045159336174336424,2.0530212526539807e-06,3.951177244716422e-06,3.308008854415822e-06,9.099989055308619e-05,9.381512477611837e-05,3.281246648487116e-08,1.3421102065005156e-06,0.00012040043657829303,4.01138352878313e-06,4.743653428328781e-09,0.9076906486745914
39,0.0005671532309170494,0.08715865930988836,7.366340741027222e-09,5.763585607756018e-09,0.0009726879596241022,7.663761272116689e-07,0.0007501801413497965,1.2605318547879085e-08,0.018514873998441744,1.912765850033526e-05,6.988308321098048e-07,4.948923862530062e-05,2.9616498558311437e-07,0.0004427188529614505,9.426503750395168e-07,1.051379069202993e-06,1.424306501312093e-06,5.8806082711544766e-05,2.9895783813338545e-05,1.3126069691973238e-08,4.257644487752347e-07,6.326344493874756e-05,1.5536440425439048e-06,6.754458087056951e-09,0.8913659395660737
40,0.00048784770417136555,0.0571078962033859,7.11190139728395e-09,6.696581864047191e-09,0.0006240071314567512,8.902578813480378e-07,0.0010802682536431441,2.290928380034538e-08,0.010847543030824103,1.8188487866417894e-05,5.301620734086943e-07,5.6627606018633576e-05,3.274545275192896e-07,0.0003889224055809344,1.0810836250757687e-06,1.400017294143159e-06,1.907871166576612e-06,6.878642352883753e-05,3.701943116886629e-05,1.8057357055348186e-08,6.702107587936136e-07,8.341732827525804e-05,2.2622240619502986e-06,4.5534508708533805e-09,0.929190347384116
41,0.0004903582032623912,0.062390862973691494,7.287262884209028e-09,7.0690879309291154e-09,0.0007251663269894344,9.342458874122717e-07,0.0011189980744920982,2.3469524373901332e-08,0.013529354063880093,1.908756346476856e-05,5.282220944259019e-07,5.3185360623347393e-05,3.374596885065507e-07,0.00038781521988555184,1.1097075635781317e-06,1.493192846839548e-06,1.8743531893253188e-06,6.32430824802181e-05,3.6879567232242165e-05,1.783577637793615e-08,5.934373311259423e-07,8.111270493795525e-05,2.179021270638578e-06,4.835611992267249e-09,0.9210948267219249
42,0.000783410537467936,0.1019527381444297,1.858349289655879e-08,1.001735033185796e-08,0.0008827421973474845,1.7203563183400156e-06,0.001992075914036383,1.0534483940474389e-07,0.016558687180961592,3.553452906761622e-05,7.410163137733963e-07,0.0001157797206284951,8.026145350795184e-07,0.0004403641188167321,2.3256648133012504e-06,2.745406247296056e-06,3.946547537818442e-06,6.999421771385476e-05,0.00015880535158885846,4.081035436470941e-08,1.7113853305139755e-06,0.00031554816908786705,3.194547058611739e-06,5.201376994881087e-09,0.8766769524232847
43,0.0005531455576339778,0.040015958394437626,8.624553725516356e-09,7.750706410299618e-09,0.0005871789211531276,9.748517025593288e-07,0.0011169992012031542,3.035996671316558e-08,0.01680293894534806,4.382337178923942e-05,4.179250721348239e-07,2.7593304037339008e-05,2.1202349083719508e-07,0.00032993156530558007,1.3511847790722286e-06,1.6580231881070197e-06,1.5900378775484681e-06,5.440268555201738e-05,4.188441892509727e-05,3.1273814750052346e-08,7.809593673282928e-07,0.00010980261723027647,2.203518279659217e-06,8.413038972999132e-09,0.9403070660715467
44,0.0004883562754060914,0.056968089535552845,7.096358763288898e-09,6.705104131928803e-09,0.0006225752991845986,8.897376087620637e-07,0.0010818722212289505,2.29574401830901e-08,0.010869631637402462,1.8210105073673568e-05,5.297450589936566e-07,5.6532268726493796e-05,3.2742379453049144e-07,0.0003883409466591156,1.0803573848918264e-06,1.4031484025101114e-06,1.910633788549924e-06,6.883443903736771e-05,3.699127903211377e-05,1.8070950863100323e-08,6.695134403040421e-07,8.337071395403762e-05,2.265598718455547e-06,4.558946743848716e-09,0.9293080597317446
45,0.0006822806205351779,0.06751542158606963,1.5033870702446242e-08,1.4756892561912086e-08,0.0009179287939881037,2.172579230142639e-06,0.0032909868473329214,8.027406419269289e-08,0.019026969606831635,3.1968985407004384e-05,8.038498000252551e-07,5.858871664176342e-05,5.864144612469383e-07,0.0003870891332149493,3.740146488062632e-06,3.912078651578978e-06,2.8751840008188666e-06,6.579145315184013e-05,8.991141428918785e-05,3.652929461312638e-08,1.0712585519398082e-06,0.00014932874576770446,3.656233990404704e-06,8.357056076560489e-09,0.9077647614004176
46,0.0006228063197100056,0.0638346176809803,8.294972827267991e-09,8.570631157680617e-09,0.0005604222900236533,1.1775026066233503e-06,0.0012144783266603912,3.1833782494992015e-08,0.012042438572843874,2.0422784800002893e-05,6.188430179593262e-07,7.785191882335689e-05,4.35795912736397e-07,0.00040432977291091055,1.1697759184572247e-06,1.8551680384293415e-06,3.095056703628873e-06,8.713710499444871e-05,4.38595753769079e-05,2.109500043668978e-08,8.076610114558272e-07,9.924370934465871e-05,2.714476282518823e-06,5.43851139743029e-09,0.9209804424311414
47,0.0007213044256429044,0.09386217439125043,6.901758777148325e-09,3.8932381362029925e-09,0.00033746161110770453,8.867381696999339e-07,0.0009543286331827074,3.602966716361449e-08,0.009793693738511335,2.0752194917424863e-05,4.0759452450027165e-07,0.00010536754585624777,4.669033344384033e-07,0.0002891663467458471,7.601196184676545e-07,1.3620090842362885e-06,3.2973982443775687e-06,8.369170009357084e-05,5.785069397431859e-05,1.709454992341956e-08,8.327831503346121e-07,0.00013802316005301723,1.6828209454284738e-06,2.8411035499900336e-09,0.8936264224312754
48,0.0012945565745613667,0.18164532007458406,1.892621624095213e-08,1.7401775582556002e-08,0.0006906939644571176,5.029653676273587e-06,0.004335153586125753,1.8641056509177236e-07,0.021758518472021975,2.736771077830887e-05,1.1777971202543194e-06,0.0002280420960905368,2.3378340708289026e-06,0.0004017376685827369,2.8111981659163125e-06,6.737137363593495e-06,1.2287393974037484e-05,0.00011089617421039054,0.00020966702500945067,3.7021571099975945e-08,1.531212905206218e-06,0.0002095584778829854,4.900768225812756e-06,5.188694397181645e-09,0.789051410231371
49,0.00046244104417678843,0.0750877499573163,1.1228790274280655e-08,7.062996406954246e-09,0.0006541486271664861,1.2812138322315779e-06,0.0010540108310869913,2.468593971139752e-08,0.008573658083396917,2.007816044641912e-05,5.815027970839966e-07,9.337509113797491e-05,4.217442605909266e-07,0.0005051928261285184,1.18761017474849e-06,1.3523187174748433e-06,2.5185227627872298e-06,8.35217746223041e-05,4.542377310921178e-05,2.274958597706045e-08,9.627575057105755e-07,0.00012104462450687918,2.051370808780322e-06,4.4079508236686595e-09,0.9132889280307827
50,0.0007874412600949323,0.13580323229538255,1.4828238307301266e-08,1.4172043959589913e-08,0.0011817891056274965,2.542524349121727e-06,0.0010874420121240347,3.0406775871499765e-08,0.013327923314470481,1.5393656342814672e-05,1.374619309546729e-06,0.00020537426878163101,8.211643284541485e-07,0.0006547748364657634,1.5845067735993624e-06,2.428029695831824e-06,5.009362663715472e-06,0.00011449093793660868,6.076391768958564e-05,2.250778006730774e-08,1.3402496456919195e-06,9.128127730876382e-05,4.1108031685712205e-06,6.853454886760679e-09,0.8466507930895476
51,0.0007746203432246704,0.16381060298990277,1.7474923676218283e-08,1.795633634655502e-08,0.0014348785055705905,1.424131168906561e-06,0.001696843853484107,4.745174576355399e-08,0.03995239487624841,3.243720983872986e-05,9.435501271146158e-07,8.428054884800653e-05,7.324198281512249e-07,0.0005568285164475292,1.7443222692384825e-06,1.9073691134628864e-06,3.7595636229263994e-06,6.852774186069775e-05,4.1680266365496026e-05,1.6692068272407844e-08,7.627540618558745e-07,0.00013657740862589078,1.6573604592590625e-06,1.0070007454021974e-08,0.7913972866238507
52,0.000913175527188812,0.03699737479617805,1.0902086736880364e-08,1.457699990741207e-08,0.0007422256745981539,1.2837630704423426e-06,0.0012610911214625173,3.078737831986193e-08,0.01593742556422117,4.0327957706203874e-05,8.349357449727413e-07,5.6964894100235064e-05,4.507177510461847e-07,0.0005019863688232702,1.0581758933581067e-06,3.2497603752846744e-06,2.658943871113242e-06,0.00016090912962084703,3.8872042627725056e-05,4.3142900577878956e-08,7.269527498748782e-07,7.283262785920223e-05,3.2251615161702017e-06,1.3258714337268731e-08,0.9432632132165616
53,0.0005131462621914842,0.06032557666175006,7.542581431430028e-09,6.751356419556584e-09,0.000648257575662687,9.093723203743558e-07,0.0010349744178182708,2.2942228428773174e-08,0.010804314659566062,1.8394601581406072e-05,5.478850533623735e-07,6.049078934534545e-05,3.3827637717594306e-07,0.0003968837154707755,1.0624982174252181e-06,1.3936506115951082e-06,1.964033275103571e-06,7.106870439364089e-05,3.872986548152497e-05,1.814893092470823e-08,6.985392777113098e-07,8.476331657848278e-05,2.2410438903360904e-06,4.60825245740118e-09,0.9259941841377874
54,0.03459134352859564,0.083441244255588,0.00016430957163418718,5.36370759389725e-05,0.22299419722898906,5.889781315567592e-05,0.013777124057209727,1.906855434142041e-05,0.03762584919128161,0.0002294792541811867,0.0011962552265257149,0.0002823780498234094,7.813088295940557e-05,0.006149114681314518,0.0012192680869699318,4.8903607871818225e-05,3.4478805982784613e-05,0.000991682753180469,0.00465947172190271,7.0675065074849785e-06,0.0006099122092818209,0.0011793359531879714,0.000842672134773024,1.1019323242744248e-05,0.5897351585255607
55,0.000770775532684694,0.04742029836144953,2.366883003425695e-08,2.0708384050510734e-08,0.0008577241825411499,3.2319275875832594e-06,0.0026793101236537533,1.0262930575693219e-07,0.01607145172551853,5.358451671712628e-05,1.0390515394185946e-06,3.153787692458133e-05,4.4936230477191594e-07,0.0004783703169977317,6.220331103771339e-06,3.902970185144722e-06,2.9763315392859905e-06,5.130505157031734e-05,0.00012156810429771719,6.118729643027768e-08,2.010446924287819e-06,0.0002263164070457252,7.248488516746913e-06,1.5415993565186657e-08,0.9312104552810884
56,0.0005074037915527456,0.06157184664203185,7.713760534161382e-09,7.268669648469165e-09,0.0006613120714524332,9.45337080616481e-07,0.0011484603129138498,2.521787154528699e-08,0.011469386171920325,1.8560240097795675e-05,5.853893220267579e-07,6.346090273980852e-05,3.961698481888112e-07,0.0004117429205898109,1.1015650189349125e-06,1.5193917686213834e-06,2.10261996516053e-06,7.367751505906137e-05,3.978497759048566e-05,1.9169947952190753e-08,6.749851747861877e-07,8.6955443048304e-05,2.335549567728024e-06,4.743834160100929e-09,0.9239376838891736
57,0.0002408076188640034,0.014918245081212152,1.6554813410834847e-09,8.402391467281469e-09,0.00019684909559560535,5.04398722427682e-07,0.0010170865576887437,7.474816425997106e-09,0.022333203907107305,1.756549753982594e-05,2.5811440737476975e-07,4.298198477106721e-06,6.385800392051478e-08,0.00023173242196271326,9.91510898448417e-07,8.569879898190172e-07,1.0083597404117125e-06,3.033152176043164e-05,2.894322764445504e-06,7.2623716103362025e-09,1.393951491491006e-07,2.013402378873427e-05,2.1852350536820215e-06,1.1666143486843991e-08,0.9609808074320694
58,0.0005029973657224914,0.05541796190199168,7.540160998251006e-09,7.0896415871529165e-09,0.0006062703840505783,9.081061854607674e-07,0.0010791408789487477,2.303345428361377e-08,0.01194782367215221,1.98442325378288e-05,5.688454267298316e-07,5.236942275099964e-05,3.249615620320481e-07,0.00039021189206637515,1.1824773680928062e-06,1.42958891229111e-06,1.957893254172569e-06,6.73376065553474e-05,3.589522684369302e-05,1.8960371190543272e-08,6.497928244876471e-07,8.691611729066526e-05,2.2952985279472807e-06,5.7506259556627755e-09,0.9297838519607742
59,0.0004915760598872014,0.05255563796747202,8.125695898730222e-09,7.321505654582734e-09,0.0006267979737854357,8.764364735821749e-07,0.0010167406625641315,2.2484230598548416e-08,0.011756381137404504,2.0376023083692797e-05,5.638369813880792e-07,4.808729985675249e-05,2.890775939890768e-07,0.00039199263352567243,1.260898269034558e-06,1.321683180620033e-06,1.8335826646440448e-06,6.41817666834641e-05,3.475424569231964e-05,1.9548264633716162e-08,6.843546358273795e-07,8.873260087311905e-05,2.3002231459086165e-06,6.3333103038756415e-09,0.9328955477232195
60,0.0004883562754060914,0.056968089535552845,7.096358763288898e-09,6.705104131928803e-09,0.0006225752991845986,8.897376087620637e-07,0.0010818722212289505,2.29574401830901e-08,0.010869631637402462,1.8210105073673568e-05,5.297450589936566e-07,5.6532268726493796e-05,3.2742379453049144e-07,0.0003883409466591156,1.0803573848918264e-06,1.4031484025101114e-06,1.910633788549924e-06,6.883443903736771e-05,3.699127903211377e-05,1.8070950863100323e-08,6.695134403040421e-07,8.337071395403762e-05,2.265598718455547e-06,4.558946743848716e-09,0.9293080597317446
61,0.0005304292648728852,0.05437142130210399,8.822665887242605e-09,7.723740981452278e-09,0.0006491619644251172,9.103483561315944e-07,0.001054275537162722,2.464145868755491e-08,0.01149896412527525,2.0459957384445747e-05,5.710391473838452e-07,5.159600379656523e-05,3.099837406095579e-07,0.0003947526007751985,1.257455367685522e-06,1.3663129599557113e-06,1.9328221563770735e-06,6.952143392562266e-05,3.715066568271626e-05,2.0072197729819174e-08,7.186859416861554e-07,9.040320817784273e-05,2.3020967515872726e-06,6.096561606217722e-09,0.9312224278353713
62,0.0004883562754060914,0.056968089535552845,7.096358763288898e-09,6.705104131928803e-09,0.0006225752991845986,8.897376087620637e-07,0.0010818722212289505,2.29574401830901e-08,0.010869631637402462,1.8210105073673568e-05,5.297450589936566e-07,5.6532268726493796e-05,3.2742379453049144e-07,0.0003883409466591156,1.0803573848918264e-06,1.4031484025101114e-06,1.910633788549924e-06,6.883443903736771e-05,3.699127903211377e-05,1.8070950863100323e-08,6.695134403040421e-07,8.337071395403762e-05,2.265598718455547e-06,4.558946743848716e-09,0.9293080597317446
63,0.0004865679531990696,0.06029345104222192,7.008429407663793e-09,6.48262655509082e-09,0.0006243106949698228,8.901465438870908e-07,0.0010697410126510585,2.2495304709816973e-08,0.011127687960875238,1.781481328985903e-05,5.30090613003233e-07,5.698409906982065e-05,3.300801169580882e-07,0.0003845229898463785,1.0776948517211547e-06,1.3622430752428284e-06,1.9080730619438768e-06,6.66169480364295e-05,3.673226293571747e-05,1.7291197768730888e-08,6.541305656821906e-07,8.315074013214572e-05,2.2043051230500227e-06,4.481451217820007e-09,0.9257434049598113
64,0.0005023014153153362,0.05928307978898107,8.482288888993565e-09,7.450512504526428e-09,0.0006772328285674649,9.958630011643778e-07,0.0011120455264098654,2.5445149087450022e-08,0.010358304043149283,2.0378496619454453e-05,5.772218910702286e-07,5.885667942377486e-05,3.28034549661739e-07,0.00040094225202942787,1.2702432432962318e-06,1.4170466772180343e-06,1.8975354522013553e-06,6.787269351217102e-05,4.199859255580567e-05,2.0843864667871974e-08,9.038253340304908e-07,9.33118624938079e-05,2.4821118996744927e-06,5.069562972830865e-09,0.9273737366475161
65,0.0004768453693375556,0.06464528825383041,1.1990281422882819e-08,9.122401956655578e-09,0.0007431006765027663,1.533195214316136e-06,0.001483260734764177,3.1009254020626236e-08,0.01083908287840216,2.0265168850798733e-05,6.764064475008455e-07,5.633893554704626e-05,3.6335124889185503e-07,0.00042876613196994834,2.1958915397278795e-06,1.609076532782409e-06,2.154592028834111e-06,5.7669339833439356e-05,5.214592958642285e-05,2.3666172369017143e-08,9.785074332095405e-07,0.00011186935618683007,2.8607927212945286e-06,6.164319079162011e-09,0.9210729134595931
66,0.0005563386008729534,0.058010064899625985,1.0440836857391291e-08,9.373684209923461e-09,0.0011803022643224938,8.913320808980297e-07,0.0008569036092855608,1.7114438849085723e-08,0.009747388092065832,2.5923360262561196e-05,7.698576277158779e-07,8.71362030566481e-05,3.61114927809708e-07,0.0005689983077682616,9.181936460746562e-07,1.8127767766149854e-06,1.7910775646528126e-06,0.00010714970116954392,3.9766400600177235e-05,2.21394108785439e-08,9.5573436303995e-07,8.161141887738181e-05,1.966874901430402e-06,5.847561455220969e-09,0.9287288852642722
67,0.00021972318096563848,0.030846530334250003,4.35219624017424e-09,4.617438412671127e-09,0.0002121873961927752,1.318888105883062e-06,0.0007919309445227308,8.732524396520078e-09,0.0034314888729452863,1.3132688240028388e-05,3.991402457361366e-07,5.667545585272068e-05,2.204143098616912e-07,0.000492681370204906,7.942235229461589e-07,9.128320056837149e-07,2.26038552407398e-06,7.566677566773258e-05,1.8369177226527084e-05,2.089484854144469e-08,7.608394630969552e-07,6.115647786944156e-05,2.6413565691739744e-06,3.6596845368147635e-09,0.9637711069896235
68,0.00058050266703065,0.04892804554296141,8.752872897991278e-09,9.389150754425098e-09,0.0005314162753655719,1.009381154137215e-06,0.0013916876239862218,3.226968464758951e-08,0.008437267874290777,1.787311221996305e-05,5.651070549944759e-07,0.00010210189126052139,6.39637671192351e-07,0.0004674639495054315,7.15338756960265e-07,1.9050926406900273e-06,2.874856570526727e-06,0.0001557433702582824,3.8882682022287636e-05,2.7336190064039028e-08,8.080502783749658e-07,7.607429629399946e-05,2.6400376512124693e-06,3.891031728616126e-09,0.9392617015740967
69,0.0007385697827648524,0.09598185728351182,1.6325229739822296e-08,9.029163752293416e-09,0.0005755702216307092,3.046662449084238e-06,0.0016648885479586739,4.718755365881973e-08,0.005209594023611182,2.6775928373492265e-05,1.2436235204470202e-06,0.000216432834765078,1.0627289578098612e-06,0.0006412045925984225,1.7979858571538227e-06,2.69157457748806e-06,4.4607170142751405e-06,0.00013857285370336058,0.00014089556562351573,5.273056615002716e-08,3.149113043741854e-06,0.00016619903529193017,4.8818319118230855e-06,4.8394468821446395e-09,0.8944769749808749
70,0.0005049401633695055,0.05949631522971836,7.015514975833894e-09,6.005010923229454e-09,0.0005984426685799129,8.485974337784391e-07,0.0010474392808299733,2.2614901408242805e-08,0.010121109676013403,1.7586356527539216e-05,5.361267996291648e-07,5.4775297811326066e-05,3.1277834285222176e-07,0.0003652692915026439,1.1300758297745812e-06,1.2790296839915615e-06,1.772484801933352e-06,6.387383148593137e-05,3.9768088817831e-05,1.6817431737774448e-08,7.036875791611319e-07,8.594188311528534e-05,2.206823580852476e-06,4.339870767911624e-09,0.9275956918354465
71,0.0005090333149667648,0.055429315491109445,6.278796082028852e-09,6.813524613256511e-09,0.0006448875708634972,8.176658147815394e-07,0.001048374645958472,2.3168988690333066e-08,0.011629662614705868,1.8080519589777822e-05,5.487391222757726e-07,5.8912953586458184e-05,3.3304886733025063e-07,0.0003869207675625446,1.0133819334397737e-06,1.5315913986506274e-06,1.9293982231098357e-06,7.203218922204578e-05,3.5866293342137905e-05,1.785932677595265e-08,6.510868233713607e-07,7.899368953301346e-05,2.411427099195563e-06,4.573312393917128e-09,0.9300786249163292
