,0,1,2,3,4,5,6,7,8,9,10,11,12,13,14,15,16,17,18,19,20,21,22,23,24
0,0.02754498855580085,0.00882734295060201,0.0010469871900972661,1.828857141100898e-05,7.290425637460709e-06,0.00035627532234210556,0.09098217744867748,1.423946428917045e-07,0.0009177780089399504,0.0002645837775337946,4.083124315186289e-06,1.1541823695480228e-05,2.3741262104094106e-07,0.04476250247226364,0.008094159477515172,0.004891515190868261,4.219792406073497e-09,3.9558886549057006e-07,0.0006955330614218877,1.3324340038674595e-07,1.5403327452199373e-05,3.128225500862978e-05,4.990006334783689e-05,4.533623677403374e-06,0.8114729204700701
1,0.017436441100277904,0.008010473213658019,0.0008292277637101579,1.607704774847035e-05,5.630675342327129e-06,0.00028786899315968507,0.07223109177828857,1.332703486945423e-07,0.0011292877633488536,0.0003086053835807052,2.4298602451451047e-06,6.959065691385994e-06,1.664385057311059e-07,0.037720486720805656,0.007515090202381596,0.0049253187378932506,2.8251732706105076e-09,2.3550746986580576e-07,0.0008516346850240547,1.1742088413544135e-07,1.4621581285135107e-05,2.6732233165737875e-05,3.363114500224895e-05,2.8440159146004097e-06,0.8486448925710949
2,0.01964349947480339,0.007670688967448995,0.00046619583447280035,1.4141195518283056e-05,4.7823783059054745e-06,0.00028456499495119083,0.06481513384264055,1.0836105624326485e-07,0.0004960777709397347,0.00023849861914069292,2.427850268625344e-06,7.404042467379027e-06,1.2682312013146998e-07,0.03610154158060094,0.010372514001678115,0.0055195664349168404,4.265386942260223e-09,2.802656363975845e-07,0.0005895949382972392,9.3767001476625e-08,1.6639774582309298e-05,3.647050606553486e-05,7.647536607106967e-05,3.2152948463595516e-06,0.8536399536497828
3,0.020746488943619964,0.008920502043605267,0.000712423576158664,1.7872704239129514e-05,5.5908313724705274e-06,0.0002515055182274228,0.06912750254719217,1.1908571709849117e-07,0.0006219615905582639,0.0002559012969456044,2.806378951726708e-06,8.561063805766341e-06,1.8069308440947593e-07,0.03894994221947551,0.006476557832397473,0.0038080105666447885,3.865488814712827e-09,3.6091169840417886e-07,0.0005538556400692954,1.049974575463396e-07,1.505248046423538e-05,2.895798016909167e-05,4.883406898542796e-05,3.839417271276432e-06,0.8494430637464001
4,0.02117931668485024,0.010090027147285173,0.0008296705761473985,2.0593455186458798e-05,7.059095905169497e-06,0.0002945721755606833,0.07505167824427429,1.2689044418963283e-07,0.0006712872879820002,0.000294713617512342,3.1252429104678868e-06,9.72845762135352e-06,2.360591958720657e-07,0.0484952839468214,0.006717688133504031,0.004124081040714717,4.173148540206969e-09,4.0858616910238093e-07,0.000581608266642533,1.1982360008740203e-07,1.607904764706132e-05,3.225037919673729e-05,5.377083663299202e-05,4.279696990248375e-06,0.831522291134057
5,0.019000597303189655,0.00949109527890339,0.0006684776550068629,2.145221509079675e-05,5.74618172269882e-06,0.00023650576683221562,0.0641586481805185,1.1841621496352252e-07,0.0005155574027971902,0.00027238366450514103,2.623514089810895e-06,8.268551700436059e-06,1.9978801711551078e-07,0.04022396574348419,0.00517225960162246,0.0033188714950482317,3.9598046885545965e-09,4.413664807811331e-07,0.0004661641719035474,1.0866019336890472e-07,1.5258988214788305e-05,2.7256324311266916e-05,5.2948231385869166e-05,4.141788543475625e-06,0.8563369057504185
6,0.020746488943619964,0.008920502043605267,0.000712423576158664,1.7872704239129514e-05,5.5908313724705274e-06,0.0002515055182274228,0.06912750254719217,1.1908571709849117e-07,0.0006219615905582639,0.0002559012969456044,2.806378951726708e-06,8.561063805766341e-06,1.8069308440947593e-07,0.03894994221947551,0.006476557832397473,0.0038080105666447885,3.865488814712827e-09,3.6091169840417886e-07,0.0005538556400692954,1.049974575463396e-07,1.505248046423538e-05,2.895798016909167e-05,4.883406898542796e-05,3.839417271276432e-06,0.8494430637464001
7,0.013620924700267835,0.00446378912550642,0.0003637515781796699,1.2582031301159155e-05,4.94935322714518e-06,0.0002748598090469984,0.033266750342647186,7.397986147268371e-08,0.0003623887430680687,0.00020619167438995725,1.2584844260336091e-06,6.969474859333772e-06,6.121865083140888e-08,0.03970604678831577,0.006215487485112722,0.005189188385948182,2.5534762316705865e-09,2.1175439297633766e-07,0.0005585171077601306,5.530808932375439e-08,1.7430467843286858e-05,2.7773945346853485e-05,5.8669810986033425e-05,1.4380635959384465e-06,0.8956406278137005
8,0.027335323354637526,0.01159805103068369,0.0009410100922559745,1.9999999325350267e-05,8.746593036196626e-06,0.0004940533880773484,0.09223818297815267,1.4639396640436815e-07,0.0010295658157695152,0.00028723088360481125,6.472278307469844e-06,1.3789735097414928e-05,2.5334071666045236e-07,0.05312775414357652,0.009901401867761691,0.004778187272550055,4.712727578776146e-09,5.428118192773804e-07,0.0009210541251702981,1.4512186873751227e-07,2.0411028471657847e-05,4.341688574171469e-05,5.750525155275719e-05,4.032207340645925e-06,0.797172718687788
9,0.02539397106585644,0.009099041981138735,0.0006338575781085796,1.7652949843985352e-05,6.738810578182741e-06,0.0004344711561832431,0.07826943521695391,1.2532793796204285e-07,0.0006717042390462447,0.00026419965010575353,4.350012989105285e-06,1.2073580760769991e-05,1.693919580444606e-07,0.05048387763027108,0.009299111298398919,0.005435193206625729,4.431083891379686e-09,4.6241935856968967e-07,0.00082549822366779,1.1793169209717958e-07,2.0564909175856408e-05,4.505208103735057e-05,7.106567687076605e-05,3.0433562472333272e-06,0.8190082178741097
10,0.020746488943619964,0.008920502043605267,0.000712423576158664,1.7872704239129514e-05,5.5908313724705274e-06,0.0002515055182274228,0.06912750254719217,1.1908571709849117e-07,0.0006219615905582639,0.0002559012969456044,2.806378951726708e-06,8.561063805766341e-06,1.8069308440947593e-07,0.03894994221947551,0.006476557832397473,0.0038080105666447885,3.865488814712827e-09,3.6091169840417886e-07,0.0005538556400692954,1.049974575463396e-07,1.505248046423538e-05,2.895798016909167e-05,4.883406898542796e-05,3.839417271276432e-06,0.8494430637464001
11,0.021281813362567945,0.009450246085216978,0.0007465670518392218,1.907295554358795e-05,5.886029544409204e-06,0.0002568638357797177,0.07203360282915268,1.2602445237610663e-07,0.0006315650036414067,0.0002698558406450418,2.959498036529242e-06,9.041652803020152e-06,2.0602527107534014e-07,0.04062807548492855,0.00640170836229384,0.0038082113073129985,4.149940080989515e-09,3.9431839086661077e-07,0.0005504745033633281,1.1354828863042613e-07,1.5295934884231575e-05,3.0186428832404793e-05,5.0813530532143915e-05,4.194017196704664e-06,0.8438027222195423
12,0.020078780138756632,0.00857750499586328,0.000731797075212116,1.6880022104401857e-05,5.0160575458798595e-06,0.00022919430830405132,0.0715206267560513,1.237764162466996e-07,0.0007361394650765678,0.00024648598737368385,2.7741548002558366e-06,7.554670827309601e-06,1.715699002224975e-07,0.03367954265226747,0.006668134100348338,0.0035788584705441265,3.5482521045218096e-09,3.111509961519434e-07,0.0005799744981558279,1.0432441377028577e-07,1.3993817421528751e-05,2.5741994040247294e-05,4.0869748062626124e-05,3.7879518261869753e-06,0.8532556287654396
13,0.028439190194635276,0.008270821170831487,0.0011221051077776997,1.792010487410225e-05,7.75649868027456e-06,0.00026189373549228434,0.07468705319696757,1.5496032924224712e-07,0.0007948370020121562,0.00016941056019968028,5.98219945144298e-06,1.9960660165817322e-05,2.0544871769769866e-07,0.052786537644532054,0.009323728855145458,0.0035275505314078617,6.1818323435528954e-09,3.853465604066547e-07,0.0007756889101465574,1.1528112367611047e-07,2.0840450844968245e-05,4.0758387940693775e-05,4.920034625142902e-05,3.7802928697747936e-06,0.8196741169312101
14,0.014790811849873006,0.02599703577396156,0.000807925084680945,2.4620128930869014e-05,9.689250087291121e-06,0.0003804857324650942,0.07333684825888495,1.3739402328281088e-07,0.001040457315728101,0.0006370292759128142,3.3207389477730926e-06,5.855519807759823e-06,3.6777653074231716e-07,0.048252275855028275,0.006716997976468552,0.0031322714657685525,3.6805808257322376e-09,5.414077313885012e-07,0.000666781420957274,1.3057323480773378e-07,1.7064203086417876e-05,3.838945217348542e-05,4.037812964088634e-05,5.67852657355098e-06,0.8240949032089219
15,0.020746488943619964,0.008920502043605267,0.000712423576158664,1.7872704239129514e-05,5.5908313724705274e-06,0.0002515055182274228,0.06912750254719217,1.1908571709849117e-07,0.0006219615905582639,0.0002559012969456044,2.806378951726708e-06,8.561063805766341e-06,1.8069308440947593e-07,0.03894994221947551,0.006476557832397473,0.0038080105666447885,3.865488814712827e-09,3.6091169840417886e-07,0.0005538556400692954,1.049974575463396e-07,1.505248046423538e-05,2.895798016909167e-05,4.883406898542796e-05,3.839417271276432e-06,0.8494430637464001
16,0.01883412930822618,0.009612601577443073,0.0004783884080429703,1.7492909131996157e-05,3.960110945646428e-06,0.000243825696798053,0.06329970945747442,1.0079685156686158e-07,0.000430448827529104,0.00031558623551072537,2.0930790016946444e-06,7.430604114560434e-06,1.450619371123044e-07,0.03823086332394427,0.005021449083844596,0.003955382222819664,3.5899120194131418e-09,4.6366230145288273e-07,0.0004821837949433913,1.0219151150068216e-07,1.9178857080237225e-05,3.304304355740052e-05,5.114053931297165e-05,3.1047003796686477e-06,0.8589571729173858
17,0.019560082232385163,0.00730178640266359,0.0006311879647573174,2.3950688611717204e-05,5.3275986189159004e-06,0.00021061801029008184,0.061341065137502114,9.89440237060862e-08,0.0003323522507914777,0.00021797757861972543,2.270012438217245e-06,1.0131617970782065e-05,1.898772641509638e-07,0.0543429734669102,0.0037526709761738983,0.003367771750390151,3.5751594469486797e-09,4.633978362934016e-07,0.00036987312323819233,1.0405624122301445e-07,1.5092041245768315e-05,2.4770424441042952e-05,6.542384098618362e-05,3.3607293795963936e-06,0.848420454302061
18,0.023682252791338006,0.007095447021475521,0.0004951140393164263,1.477583977631495e-05,3.0188633529624777e-06,9.321390473674924e-05,0.049551831539032094,9.896273274786171e-08,0.0002415345764051761,0.00018333498747899783,1.4611190405641313e-06,8.967280980784972e-06,1.4027401218498595e-07,0.026407988403978618,0.003114076545657938,0.002202175077915821,5.2138660762846565e-09,4.187533653053198e-07,0.0002938045535101259,6.799288114984367e-08,1.2045361562613119e-05,2.560275726230286e-05,3.9826789696624974e-05,4.508839710016687e-06,0.8865282885109148
19,0.017936344415632882,0.0102754627242053,0.0012979216842583182,2.321403983589632e-05,9.852678072707919e-06,0.0003295763585715991,0.06924277175497545,1.3962823605132018e-07,0.0009590394084954025,0.0003369855352810917,3.533424034083582e-06,1.2541830457569659e-05,2.8596755657280395e-07,0.058318502662422146,0.006180884296848941,0.003648670143606794,3.939081028874254e-09,4.076674001290127e-07,0.0005920452707702086,1.3563700095957836e-07,1.6697917859838118e-05,3.341064639329474e-05,3.8468996434455196e-05,4.152150298499547e-06,0.8307389512222707
20,0.017416923117031698,0.010567533907541327,0.0006481400979985891,1.7361523386704384e-05,6.610590856123734e-06,0.00023816974523489397,0.058829197516015286,1.585922775327403e-07,0.0006857138393462961,0.0003108661961096518,2.5245150252747062e-06,8.500214010947278e-06,1.6612027197087076e-07,0.03959981410022934,0.008735303114112405,0.003699322870203651,5.1757223796341875e-09,3.4122217757162854e-07,0.0006649876401787687,1.0130604577283805e-07,1.8790014233330655e-05,4.834093745662978e-05,5.2412707984654517e-05,3.992885191661334e-06,0.8584447220513576
21,0.028710067540289454,0.007025786581895113,0.0007923769572893605,2.029620877161904e-05,5.117733930364371e-06,0.0002900369916340987,0.0870009485757466,9.682821650079914e-08,0.0003989612657403825,0.00024007330477348343,2.7469182944098136e-06,1.392966050167536e-05,2.3646337310731174e-07,0.052715545203969746,0.004704744576836067,0.005444247957503765,3.7850958664090205e-09,4.795612903109908e-07,0.00042817220724640287,1.3351283972040661e-07,1.531285719529821e-05,2.5301120289238538e-05,6.694345378549666e-05,3.7865405703712644e-06,0.8120946541929216
22,0.028209106400258886,0.008164717783933661,0.0009115422767206482,1.844815733427864e-05,6.003562734855571e-06,0.00032714383350395965,0.07761518252546885,1.361896109232312e-07,0.0006311927194660505,0.00024303440464499778,4.064907394513498e-06,1.3492536701400384e-05,1.8316997389074916e-07,0.045353088915328695,0.006834305311367871,0.004856203523897549,5.305392335195201e-09,5.366614767753869e-07,0.0005944669236124446,1.374728588154036e-07,2.0770906333995395e-05,3.804406328659077e-05,5.76435468801217e-05,4.057115514510915e-06,0.8260964917863034
23,0.020746488943619964,0.008920502043605267,0.000712423576158664,1.7872704239129514e-05,5.5908313724705274e-06,0.0002515055182274228,0.06912750254719217,1.1908571709849117e-07,0.0006219615905582639,0.0002559012969456044,2.806378951726708e-06,8.561063805766341e-06,1.8069308440947593e-07,0.03894994221947551,0.006476557832397473,0.0038080105666447885,3.865488814712827e-09,3.6091169840417886e-07,0.0005538556400692954,1.049974575463396e-07,1.505248046423538e-05,2.895798016909167e-05,4.883406898542796e-05,3.839417271276432e-06,0.8494430637464001
24,0.01568064662637596,0.011940460128739708,0.0006862868324504735,2.5513496235774522e-05,7.2882439353352215e-06,0.0002872069143865085,0.06313057438545355,1.0823514600763301e-07,0.0005307384201595927,0.0003498878341892765,2.5911919060449782e-06,8.344442718273827e-06,2.437848864341879e-07,0.057502936564331995,0.004812103514930987,0.003441851759022982,3.3004648871642425e-09,4.5975176778330725e-07,0.0005185373831372429,1.1650652614717816e-07,1.645437521890609e-05,3.0045627161062227e-05,5.253421071665776e-05,3.4683188120243687e-06,0.8409715981513264
25,0.03278915239787989,0.008496848070054968,0.0010808074762385946,2.597266031321911e-05,5.187258639894957e-06,0.00019760218702140686,0.11614053584364616,2.0805888407704516e-07,0.0006332672548057323,0.00019219094756083304,5.491654089454002e-06,1.670499830449391e-05,2.897252398527729e-07,0.04390050408578649,0.005551543778399808,0.0033852291097393864,6.307834584459567e-09,5.868800916387004e-07,0.0006307913774577478,1.886584393557938e-07,1.8130226630525897e-05,3.1386469411654716e-05,5.74776777692063e-05,5.510260872338841e-06,0.7868343866348887
26,0.0342500941761587,0.008854369157040503,0.000978212182473266,1.8799940599156072e-05,4.544329927705381e-06,0.00015134827469923654,0.07984289867633697,1.5297980501218917e-07,0.0005470669199482608,0.00021801304695174366,2.93299783993644e-06,9.364334440507044e-06,2.539923131609725e-07,0.02438875677765406,0.0044425459432047,0.002584767698752212,6.601219558805641e-09,5.596408698261137e-07,0.00033487520388470626,1.1218535717429695e-07,1.1778296695921012e-05,2.3835868344648784e-05,4.279417425868451e-05,9.231840864736913e-06,0.8432826847603596
27,0.017730275578215982,0.007253233831837667,0.0005711073222749294,1.2571149102798073e-05,4.1791619699777125e-06,0.0002612366483941089,0.05892837243146479,1.2387554549051377e-07,0.000851481744657852,0.00026293947125833955,2.2656139682901696e-06,5.75007019974915e-06,1.1055200924873155e-07,0.024622052958345995,0.008490076436857851,0.0040018462957462295,3.259114120472424e-09,2.624266905310201e-07,0.0005685849026874395,9.37626078704527e-08,1.406751990526854e-05,3.091242173188414e-05,3.8055982594739705e-05,3.253755950260586e-06,0.8763471428268687
28,0.020746488943619964,0.008920502043605267,0.000712423576158664,1.7872704239129514e-05,5.5908313724705274e-06,0.0002515055182274228,0.06912750254719217,1.1908571709849117e-07,0.0006219615905582639,0.0002559012969456044,2.806378951726708e-06,8.561063805766341e-06,1.8069308440947593e-07,0.03894994221947551,0.006476557832397473,0.0038080105666447885,3.865488814712827e-09,3.6091169840417886e-07,0.0005538556400692954,1.049974575463396e-07,1.505248046423538e-05,2.895798016909167e-05,4.883406898542796e-05,3.839417271276432e-06,0.8494430637464001
29,0.020746488943619964,0.008920502043605267,0.000712423576158664,1.7872704239129514e-05,5.5908313724705274e-06,0.0002515055182274228,0.06912750254719217,1.1908571709849117e-07,0.0006219615905582639,0.0002559012969456044,2.806378951726708e-06,8.561063805766341e-06,1.8069308440947593e-07,0.03894994221947551,0.006476557832397473,0.0038080105666447885,3.865488814712827e-09,3.6091169840417886e-07,0.0005538556400692954,1.049974575463396e-07,1.505248046423538e-05,2.895798016909167e-05,4.883406898542796e-05,3.839417271276432e-06,0.8494430637464001
30,0.020746488943619964,0.008920502043605267,0.000712423576158664,1.7872704239129514e-05,5.5908313724705274e-06,0.0002515055182274228,0.06912750254719217,1.1908571709849117e-07,0.0006219615905582639,0.0002559012969456044,2.806378951726708e-06,8.561063805766341e-06,1.8069308440947593e-07,0.03894994221947551,0.006476557832397473,0.0038080105666447885,3.865488814712827e-09,3.6091169840417886e-07,0.0005538556400692954,1.049974575463396e-07,1.505248046423538e-05,2.895798016909167e-05,4.883406898542796e-05,3.839417271276432e-06,0.8494430637464001
31,0.020148468745636913,0.010490262111138817,0.0009424399667655979,2.2353169806462454e-05,6.526596892697036e-06,0.00014401292335912758,0.05783960064387852,1.4609810309778261e-07,0.000517936795693525,0.0002761597552479686,1.8960695354064397e-06,8.489892923953793e-06,2.561699695431257e-07,0.03963536259228471,0.003647340776185249,0.0025277781933505244,4.45543720020848e-09,4.119816564826136e-07,0.0004375971610675102,1.0345848716664713e-07,1.2673545232360346e-05,2.3884318847788948e-05,3.617149703465605e-05,5.729274238159921e-06,0.8632743938072265
32,0.02024139486030045,0.008729822452490684,0.0007024591542592611,1.71292647821032e-05,5.595123971036736e-06,0.00025342147315789734,0.06767500068002663,1.2437990056297167e-07,0.0006817627963135028,0.0002597455585532417,2.7401351258382633e-06,8.329479384833488e-06,1.698639492435602e-07,0.03839136643981188,0.006970825528260898,0.004001764467417745,3.83656684354389e-09,3.2999243351677707e-07,0.0006320173690337989,1.0452449555412359e-07,1.5587670831619337e-05,3.0277150157745763e-05,4.631442578799855e-05,3.5522275749953907e-06,0.851330161145412
33,0.035804286155761866,0.027111687285228583,0.000747897623934907,2.9725280166586776e-05,1.5737989476480608e-05,0.0004713233254510025,0.09127333729253692,1.8634150087138348e-07,0.00036824707654380584,0.0004997639569907497,4.709924731960313e-06,1.9935096678114812e-05,5.314213635271386e-07,0.11290710797098047,0.008767954443365459,0.0061985422442046734,1.1710222475911673e-08,1.1595591813714275e-06,0.0008739013180065331,1.7917570418682447e-07,2.555391883883062e-05,0.00013433341449202386,0.00015006408428114675,7.353076954271497e-06,0.7145864703134032
34,0.02075805445772912,0.010550842506837929,0.0006701263969657816,2.38895918909808e-05,6.946757696919459e-06,0.0002788939392362576,0.06811033596592231,1.070488140410787e-07,0.00033298051749993437,0.0002699089595403138,3.101787657146778e-06,1.186283228773082e-05,2.292379998573757e-07,0.055802379008744844,0.005470336109521415,0.004061063360431618,5.130166129591123e-09,5.566053401436864e-07,0.000412580169931991,1.1926243380367318e-07,1.7556518706071662e-05,3.535683924758808e-05,8.844205034207563e-05,4.409189366022082e-06,0.83308991575569
35,0.020442910032732964,0.0057734581914948265,0.0004674636797826222,1.3960816495979603e-05,1.743522898005312e-06,7.767619163208224e-05,0.04820436014387862,1.6514499020180153e-07,0.0006838384807074879,0.0002288409045432123,1.2851184944010535e-06,4.8098893390866285e-06,1.130569726158972e-07,0.01091110486368571,0.0021185057592258694,0.001354604661286989,3.2225528149758675e-09,3.942074628823979e-07,0.0003895000144060008,8.661619226658356e-08,9.271045884771748e-06,1.7878437132901712e-05,1.3013222066063342e-05,3.915675573288773e-06,0.9092810971005684
36,0.017876148528645573,0.005092043154243332,0.0008270420162075854,1.3484506346158617e-05,5.962628289853555e-06,9.253796674815526e-05,0.035087799822889766,1.39511923769911e-07,0.0005356789121241448,0.0001802964368126222,1.2124040062542003e-06,1.3402357270464464e-05,1.5268604734808063e-07,0.034984209017458266,0.004894206342731979,0.003000316149444265,5.434050280998002e-09,1.470021240612308e-07,0.0006981541325305912,6.560861017900177e-08,1.205540965781239e-05,2.6259092965385058e-05,2.397998246582243e-05,2.720651337445743e-06,0.8966319802450688
37,0.05255576072353639,0.008763102542235245,0.0009737509109908997,1.705875496372299e-05,4.9658247571717095e-06,0.00016363481636390065,0.09289395368395435,1.1367075581937977e-07,0.00032919976233750374,0.00015819513942131285,3.2065682176817774e-06,1.61867632363102e-05,2.4208314970472945e-07,0.04877703007478015,0.004002658183822849,0.003481892933195999,5.800168502340155e-09,5.97191677360713e-07,0.0004616326499629227,1.0161632622413542e-07,1.2961457990461665e-05,2.9890834498669165e-05,4.9284271230715206e-05,5.897918367691279e-06,0.7872986758240583
38,0.03837134617287145,0.006969578382554069,0.0005815278606271175,1.1938156142208431e-05,3.999509302866632e-06,0.0005986984040729457,0.13838486007135078,9.275028132100994e-08,0.000599952012532844,0.00022147497494995374,4.810084607995458e-06,1.0293584129841517e-05,1.332891427927718e-07,0.04265203669439673,0.012602568149928049,0.010310597380202373,3.4071404351583776e-09,4.302774367013413e-07,0.000712692929930695,1.3464029892042755e-07,1.864441507111903e-05,3.882825464973451e-05,9.815029645122697e-05,3.2074742544413264e-06,0.7478040008276733
39,0.023613776602716494,0.02590323515326357,0.0006847835334644197,2.2340725772279555e-05,6.287411135399225e-06,0.00022676315837096976,0.11349930466017527,1.024737647025872e-07,0.0005996860349182508,0.00032163143489569184,4.519794751530738e-06,5.7786617401929464e-06,3.9552916456914614e-07,0.04668231950555245,0.00748908619571424,0.0021126416696234285,4.4296391791877914e-09,5.659374589390777e-07,0.0004224041359321074,9.662869460728913e-08,1.0827793632271017e-05,3.599366850334279e-05,5.61027161357278e-05,8.297993420569444e-06,0.7782930541515598
40,0.021186452107077005,0.008958672096247964,0.0007173232606082567,1.763679828349481e-05,5.633932604763989e-06,0.0002534775137315288,0.06942908715608716,1.1884200757425256e-07,0.0006201241704683057,0.00025397967655049183,2.843508269326633e-06,8.728595294193167e-06,1.7932189766376103e-07,0.039492662480215476,0.006561251383640672,0.0038378458398665555,3.911086792407645e-09,3.6367666196789703e-07,0.0005606060414476885,1.0424581901676024e-07,1.5232490254353575e-05,2.9751297375295663e-05,4.888490845723522e-05,3.836834146618087e-06,0.8479951999119006
41,0.018098786017330695,0.008837462094000667,0.0007714011277478333,1.6907455713440904e-05,6.127379843847268e-06,0.00027038399510086257,0.06380332517834367,1.1459373665180912e-07,0.0007621436403143454,0.0002739803118127328,2.55600629074661e-06,7.415877469549888e-06,1.7135843414041956e-07,0.03863278343203832,0.007027914955273494,0.0038895899303894622,3.3096191098530914e-09,2.983354737835132e-07,0.000567052001431525,9.892370807670012e-08,1.4507829991827664e-05,2.697122156259875e-05,4.1907012435583545e-05,3.611059016069138e-06,0.856944486952921
42,0.021597370504152023,0.0077900571658181105,0.0005571113317945211,1.0826199435522698e-05,4.049841615437665e-06,0.0002411673041636701,0.06712085610136576,1.7808527642175307e-07,0.0008165451534901848,0.0002710523748708168,2.2620992127348244e-06,7.832713370373055e-06,8.846097303518381e-08,0.028766970963068298,0.012389068635522712,0.006822170051706925,5.055788221919585e-09,2.2068588111389265e-07,0.0011409280454736644,1.1808856159180273e-07,2.1079429459356768e-05,6.11114221080331e-05,4.725908883423763e-05,2.6048137157097843e-06,0.8523290663843416
43,0.012417321281613802,0.008932245400536604,0.0004070471068895975,1.4400683391785687e-05,6.267434528447199e-06,0.0004179925231132092,0.041285972509591,1.273481660740653e-07,0.0007964267435436202,0.0004674556883573583,1.7154800236568397e-06,5.542007768914181e-06,1.0004833712866321e-07,0.03208088848906155,0.009416906200742942,0.005571661348103838,3.5929736572472803e-09,2.9854609620018105e-07,0.0007723545177968131,8.861909584630995e-08,2.2941393997060644e-05,4.717007829749457e-05,5.1968960378843116e-05,2.3691054360098986e-06,0.8872807348921586
44,0.020746488943619964,0.008920502043605267,0.000712423576158664,1.7872704239129514e-05,5.5908313724705274e-06,0.0002515055182274228,0.06912750254719217,1.1908571709849117e-07,0.0006219615905582639,0.0002559012969456044,2.806378951726708e-06,8.561063805766341e-06,1.8069308440947593e-07,0.03894994221947551,0.006476557832397473,0.0038080105666447885,3.865488814712827e-09,3.6091169840417886e-07,0.0005538556400692954,1.049974575463396e-07,1.505248046423538e-05,2.895798016909167e-05,4.883406898542796e-05,3.839417271276432e-06,0.8494430637464001
45,0.02714296688178956,0.008949748215037651,0.0011120129318829507,1.6051956795240353e-05,7.067920552210459e-06,0.0003102338406639955,0.11471692773456921,1.7655481777274896e-07,0.0011990633703254574,0.0002620710273728525,3.882344323775999e-06,9.801226888424965e-06,2.5048740781432914e-07,0.04083440333942076,0.012152455043147046,0.005554282000650335,4.37022249433516e-09,2.6266073912336085e-07,0.0008555900859594245,1.3621507861843815e-07,1.3819612379532834e-05,3.273271733129421e-05,5.0361412120095965e-05,5.252554233182926e-06,0.786770445496291
46,0.027097355517246513,0.00843181449690316,0.0006924547083780014,1.8162112682017525e-05,5.190235950276267e-06,0.00016156718494440175,0.05650157744117832,1.542206909779087e-07,0.00044136249495165165,0.00021254059305217683,2.823128616117946e-06,1.215054789806138e-05,1.9463382338650178e-07,0.029620984996834302,0.006000980983887668,0.0031406312701006784,8.298614259293747e-09,4.481735543712998e-07,0.00048312840120376914,1.041771549833327e-07,1.6762201281925165e-05,3.4869147517084954e-05,5.393655788477389e-05,5.49850019505564e-06,0.8670652999754561
47,0.0561499416920418,0.007279712120496796,0.0006187833470807467,1.1027934114141321e-05,3.096452332183897e-06,0.00019565065592468874,0.08050636985188749,1.2444311614017402e-07,0.00033108112151217076,0.00017804985434347455,3.0283940414150787e-06,1.8093474988212575e-05,1.415306492716528e-07,0.028574548736770417,0.005785040576822855,0.00494015186327711,7.42777418938644e-09,6.021194719234078e-07,0.0005183835690018111,1.1546211114003438e-07,1.6977746198232978e-05,5.2836049556213103e-05,5.046319186222576e-05,4.574769776500515e-06,0.814761197614849
48,0.025079726709632242,0.016422836663310948,0.000439948361054336,1.7703316835467357e-05,4.960164791646212e-06,0.00014597714509810203,0.08135267788652142,2.176641132071506e-07,0.0004789684746579434,0.0003795655205522806,2.0763932331226115e-06,7.559847814839412e-06,2.3879995505633377e-07,0.034166393431131,0.008557168933954184,0.0042268151920509065,9.281446083771015e-09,3.729028853677767e-07,0.0010366211206370704,1.1330401792777347e-07,1.715431239900753e-05,6.399074780491142e-05,6.538672806722736e-05,5.6540741813055765e-06,0.8275278630238543
49,0.02454745358333323,0.00861604157202175,0.0009627987954139259,2.0433357295960887e-05,8.351019431072245e-06,0.0004106463043954834,0.07178452312853281,1.3529823092043646e-07,0.0006742454177981304,0.0002797634051473948,4.1782991672702996e-06,1.6015331594771242e-05,2.1815922063057063e-07,0.05554101792040488,0.0073794164464236825,0.005038793373872946,4.929905505542908e-09,5.169198898814808e-07,0.0006164482833289774,1.4175402824277903e-07,2.0308925943520743e-05,4.315777408664459e-05,6.244748534820265e-05,3.785242855244174e-06,0.8239691572723289
50,0.02420287490783552,0.007964287502440198,0.0007508549312428574,1.9511028620010835e-05,6.4021746756681515e-06,0.00026354903403691724,0.04955273911351184,1.105637187928694e-07,0.0004367859157059256,0.0001636359397557416,4.9476197115193175e-06,1.4677517361902758e-05,1.7461265630034764e-07,0.033716641346784836,0.007001754059834151,0.0028119533861556203,6.576723737214003e-09,5.630428746838198e-07,0.000351233175291651,1.0037761809280207e-07,1.9671652841368762e-05,2.725608208752246e-05,6.721311041491588e-05,4.860669678006954e-06,0.8726181956584221
51,0.02099911027081593,0.013761702374859335,0.0008719946190563034,3.0067685177071017e-05,6.571652096925177e-06,0.00027004389206916824,0.09632332578974274,1.692012271054612e-07,0.0006905466066430667,0.0003899335926015656,3.7764416901059013e-06,1.1038467397890695e-05,3.035809961496908e-07,0.05985863666256891,0.004469552112125024,0.0027362638299507436,4.154208695895585e-09,7.5825104753184e-07,0.0005687370995566817,1.5311026064999799e-07,1.9990621847002243e-05,4.385152592928253e-05,4.8070421969397316e-05,4.626167880425821e-06,0.7988907718682822
52,0.027799139019862192,0.01054156405798893,0.00075314273852014,2.259234055372504e-05,6.289645685347666e-06,0.0006599066155803239,0.10737763399754421,1.2192271997742783e-07,0.0007791836751640733,0.0003743441858075414,5.1855957400482785e-06,9.850057844382466e-06,2.576807679107816e-07,0.047100202195056604,0.007450379316237391,0.0056805478996939576,3.773460299415915e-09,8.54107315228349e-07,0.00048130336255846294,1.832263006489655e-07,1.8333758274216328e-05,3.979414305022958e-05,8.159116466508829e-05,4.923299217482534e-06,0.7908126722203916
53,0.02058185450121237,0.008995658539646862,0.00071688690954861,1.796540980576862e-05,5.789158711280164e-06,0.0002503057017807315,0.066736254285293,1.193665970779056e-07,0.0006188028946663043,0.0002576856140680427,2.7679311842753876e-06,8.73617646188642e-06,1.8156628079389577e-07,0.03962143959132004,0.0063918493659293136,0.003743809641336905,3.909915728710642e-09,3.6189496479366836e-07,0.0005586227088014057,1.0298388622501033e-07,1.5221183460655037e-05,2.9256559713739385e-05,4.798338059036132e-05,3.809835000172476e-06,0.8513945308898236
54,0.122775993624456,0.044627540766712125,0.03605118558891614,0.0012273599701787842,0.010508162063852824,0.0072612128546049055,0.04172693890488265,9.92256501582461e-05,0.01636756601108729,0.000827517249145389,0.005600175403524184,0.0025947678156559963,8.646552201443447e-06,0.11793498076531587,0.07725725306263759,0.0020274959055270455,9.490393002383462e-06,0.0001431053679405188,0.014308959315962058,2.1703282623879123e-06,0.0019202190144078054,0.0015299066742731895,0.0013400204262936932,0.0005015975677920819,0.49334850872320946
55,0.02248321958311449,0.008040193123972264,0.0008048420586248779,1.838240076034819e-05,4.675952587364911e-06,0.00019152970265109016,0.06777922839554996,1.2292297504816672e-07,0.0006726871180446302,0.00022542435863726794,2.8430020282159852e-06,9.241850168109325e-06,2.0785060027200844e-07,0.030478418721214866,0.004703874359595006,0.0026945830361887572,3.709534405483307e-09,3.9356465644877493e-07,0.0004520922252318113,1.0731584243907001e-07,1.230341909403314e-05,2.172278702812519e-05,3.370230700442016e-05,4.386314837907707e-06,0.861365813920058
56,0.021458555266320345,0.009767351188531842,0.0007717109365888648,1.9314240264739634e-05,6.161177342029928e-06,0.00025941497986569745,0.0723784365049036,1.3039706495774848e-07,0.0006644657298909201,0.0002766901839798475,3.0193516098014384e-06,9.132996772600172e-06,2.1658603729025557e-07,0.0407103251465114,0.006617302175310165,0.0038339335697440513,4.303353365882009e-09,3.927955964369609e-07,0.0005740493561566659,1.1566944674845703e-07,1.538776797220416e-05,3.057953044366012e-05,5.0235796129784895e-05,4.345241157318157e-06,0.8425487291090056
57,0.020264352884320134,0.008706412398273801,0.0007517911393460204,1.7800420821193517e-05,5.991686459894872e-06,0.0002473992394988223,0.06432428831934922,1.241166278460821e-07,0.0006477538904316165,0.0002607765656904032,2.708774432567709e-06,9.251853595918553e-06,1.8133379318814178e-07,0.04001006970972528,0.006428507797232257,0.0038357095872731425,4.041834002557428e-09,3.462624352045063e-07,0.0005886829617787888,1.0455461953052817e-07,1.5563228856321345e-05,3.0099428643836e-05,4.5656455087777444e-05,3.6852908387153173e-06,0.8538027380590345
58,0.021809828078547925,0.009560036193633523,0.0007490763629891538,1.830817899105561e-05,5.657216369275356e-06,0.00022789612073313906,0.07081821956261417,1.283121305625217e-07,0.0005945034520569817,0.0002612474643469528,2.8029785220910475e-06,8.692179731184514e-06,2.005950820810294e-07,0.03706511801278797,0.006327949178455148,0.0036196527298977916,4.5126321515716694e-09,3.900565812735616e-07,0.0005158914746194124,1.0785530658027592e-07,1.4883213065712112e-05,2.9840619999304408e-05,5.0874899217583e-05,4.692959430723198e-06,0.8483139977922582
59,0.022360952633835383,0.008846216354575533,0.0008402777937206298,1.818816415121131e-05,5.3923619674333395e-06,0.0002073860211732508,0.07069003334049413,1.3034185093721533e-07,0.0005909396242461734,0.0002424697545586796,2.7507085473748264e-06,8.833401160970958e-06,1.9721221924128637e-07,0.03455422612258214,0.005779697313459519,0.003407348869496824,4.502145760612253e-09,3.992843706629057e-07,0.00045905047110248473,1.1054946681634115e-07,1.4376556966865797e-05,2.705225360305965e-05,4.652166833586609e-05,5.0975826071667116e-06,0.8518923471133619
60,0.020746488943619964,0.008920502043605267,0.000712423576158664,1.7872704239129514e-05,5.5908313724705274e-06,0.0002515055182274228,0.06912750254719217,1.1908571709849117e-07,0.0006219615905582639,0.0002559012969456044,2.806378951726708e-06,8.561063805766341e-06,1.8069308440947593e-07,0.03894994221947551,0.006476557832397473,0.0038080105666447885,3.865488814712827e-09,3.6091169840417886e-07,0.0005538556400692954,1.049974575463396e-07,1.505248046423538e-05,2.895798016909167e-05,4.883406898542796e-05,3.839417271276432e-06,0.8494430637464001
61,0.021722421714001103,0.008927537485687548,0.0008938326720649338,1.8210108294248016e-05,5.895330279120006e-06,0.0002234867601195539,0.06956564022786656,1.273108135293136e-07,0.0006402821278417981,0.00024119846865268703,2.952973974986617e-06,9.424008843700538e-06,1.995636599017628e-07,0.037818042636130755,0.006077563546394778,0.003525187816058692,4.313924057953666e-09,3.729426917268836e-07,0.0005023525448277973,1.1151107174518109e-07,1.4705020824641278e-05,2.748261716190263e-05,4.462095704299718e-05,4.617922728884403e-06,0.8497337294190423
62,0.020746488943619964,0.008920502043605267,0.000712423576158664,1.7872704239129514e-05,5.5908313724705274e-06,0.0002515055182274228,0.06912750254719217,1.1908571709849117e-07,0.0006219615905582639,0.0002559012969456044,2.806378951726708e-06,8.561063805766341e-06,1.8069308440947593e-07,0.03894994221947551,0.006476557832397473,0.0038080105666447885,3.865488814712827e-09,3.6091169840417886e-07,0.0005538556400692954,1.049974575463396e-07,1.505248046423538e-05,2.895798016909167e-05,4.883406898542796e-05,3.839417271276432e-06,0.8494430637464001
63,0.02105398018842149,0.010067794458480118,0.0006965687063125073,1.7825324449762788e-05,5.446659426983166e-06,0.0002437300571858294,0.07091708814070734,1.2288139548880557e-07,0.0006348181948816435,0.00026708610379343054,2.92650873176555e-06,8.071283092101318e-06,1.910619014140397e-07,0.03678407709708906,0.006701504118853856,0.00360389151516899,4.108496852490777e-09,3.816924076837594e-07,0.0005496341372347396,1.0745265780158054e-07,1.5080955626860631e-05,3.041423404291106e-05,4.803183782555835e-05,4.2510810524470895e-06,0.8483469722007634
64,0.019203913663200574,0.008236119495845426,0.0006464807440541517,1.6613584446244054e-05,5.317896214693455e-06,0.0002211205438811834,0.05699709504158556,1.1923292898497734e-07,0.0005728217144382916,0.00023548205693586435,2.5881238222556863e-06,8.693661412563341e-06,1.460182686679321e-07,0.03548129588163676,0.006470744085161832,0.0035066101120937105,4.120922193587379e-09,3.3749632430813667e-07,0.0005691075042644405,9.127792588769938e-08,1.7602889595714488e-05,2.8784047517424343e-05,4.56759483486444e-05,3.4350164838588574e-06,0.8677297998426907
65,0.01572751214156436,0.004434402028184005,0.0006180714731138311,2.5986366297708275e-05,1.6318344053043686e-05,0.001013827524229053,0.02954375944461927,5.657784750654179e-08,0.00023060414158092762,0.0002713295828631219,2.952739160814121e-06,3.155273555583167e-05,1.3313403309345356e-07,0.1488780480743301,0.004101547034647549,0.007753738544778285,3.073792276800689e-09,7.420281055584737e-07,0.0005139026969860647,9.119433722249813e-08,3.6266878205917175e-05,3.7760527868310855e-05,0.00011338709290742229,1.090721737618329e-06,0.7866469158992011
66,0.018600231442652642,0.007592072873004351,0.0010698179948523026,2.085648468992925e-05,6.926633578114607e-06,0.00040180276650055876,0.09358784322454565,1.481903607902626e-07,0.0014020310166267102,0.0004687556152518304,2.2055177560518693e-06,9.533165020434548e-06,2.8708048187037617e-07,0.05510152432036262,0.0053514951303843495,0.007424817558955028,2.271733098446816e-09,2.565170794953072e-07,0.001122685339233901,1.8626848558604092e-07,1.3148998466979733e-05,2.639225303143648e-05,3.066340423849089e-05,2.39865387971589e-06,0.8077639172788281
67,0.018177849247222707,0.004442892403842264,0.0006872403149959321,2.2680952472004306e-05,6.294079099426549e-06,0.0006215743534313727,0.07843711480879206,6.005532519227834e-08,0.00023697497290262788,0.00019217629050923387,3.5834399878593303e-06,1.5571800116462946e-05,1.6439687611274182e-07,0.08188166257779668,0.006794284214358208,0.01165325504374527,3.0370807308736795e-09,4.359611336791874e-07,0.0003254336430163085,1.7906032933549643e-07,1.8547318221843042e-05,2.4747216588548856e-05,0.00019723348425907335,2.284105116018421e-06,0.796257757222781
68,0.020908246599013896,0.008851651308037084,0.0007009257221366659,1.7888492191181955e-05,5.4948949961598145e-06,0.00025349494063946286,0.06901835371729133,1.1812769557010568e-07,0.0006082608611174145,0.0002537397590778917,2.8443172093977507e-06,8.619757308492112e-06,1.789436562287204e-07,0.038435527376645934,0.006441437961428,0.0038057558664360124,3.898954021557558e-09,3.702279699902759e-07,0.0005420668667830927,1.0561926284745865e-07,1.5163696443734746e-05,2.8975610962844555e-05,4.984421825430098e-05,3.850236010246653e-06,0.8500470809804782
69,0.01048972862649246,0.004622788799035528,0.00059199062763072,1.568098156511562e-05,1.9685373566888896e-06,6.376238380148563e-05,0.04012803949085413,1.0866223804189368e-07,0.00044379906131658406,0.00018906661560380285,8.611047348942963e-07,3.466093903607482e-06,1.2024958258525262e-07,0.01218945792253143,0.002582055381992139,0.002218491545598491,2.6810952120083426e-09,1.6055643843219245e-07,0.0002550397814651205,1.0434217274429554e-07,7.304565776604676e-06,8.38639648478508e-06,2.031787386505432e-05,3.6912064652958415e-06,0.9261636065119991
70,0.021182684775429304,0.009840970950623938,0.0006511770798761341,1.7602492616125834e-05,5.307198468613164e-06,0.00024336830090139795,0.07191212834517252,1.351921766657835e-07,0.0006813335729613757,0.00026777252642846196,2.954392134149545e-06,7.748139865813324e-06,1.8103470391180594e-07,0.03363376001582652,0.007173614587769488,0.0036058941827130393,4.220893648052531e-09,3.7150644568476313e-07,0.0006052898835615249,1.0595425007865477e-07,1.5206982636678198e-05,3.069377263721704e-05,4.9103123469758134e-05,4.228840132613624e-06,0.8500683629283053
71,0.025947799316776342,0.007757887298357962,0.0006864060437384791,1.8047970793276935e-05,4.322331038847419e-06,0.00022981415268870763,0.08645303996448417,1.2700199196369954e-07,0.0005288506502177401,0.0002137546140482367,3.166405708144163e-06,9.444001594179761e-06,1.7768593462872658e-07,0.035884881967155634,0.0063241586972448555,0.004255851460234048,4.34842880028993e-09,4.096935305784101e-07,0.0005342988661391177,1.2384935621191616e-07,1.5262470165790517e-05,2.8119022893979087e-05,5.9217175906942345e-05,4.171584794333025e-06,0.8310406634267772
