,0,1,2,3,4,5,6,7,8,9,10,11,12,13,14,15,16,17,18,19,20,21,22,23,24
0,0.0013244279639285535,0.00022866612231179693,0.9284223856637969,4.51869678675842e-05,1.6448795213557396e-05,0.0007093018917797863,0.01843098160106335,1.3379096976863138e-06,0.04714098437563635,3.3347625821789605e-06,3.920981710177682e-05,0.00047803290705759877,3.9567676871756786e-07,4.355763322853897e-08,5.749633362738685e-05,2.8561382459097182e-06,5.813300302228812e-08,9.76015313845463e-06,0.0010568123852269344,1.1030980110863624e-08,0.0007715262070500552,9.625889998191638e-07,1.4142292986335977e-05,0.0006722963602074899,0.0005733403640955281
1,0.0009235624487543935,0.00012621613129599392,0.9713028404316807,4.34751488114379e-05,3.294814887381717e-06,0.00015352786443166368,0.017826300738866784,4.097441257400459e-07,0.008117898580082722,5.548940363258434e-06,7.478698599692164e-06,0.0002999230591175281,7.973646535508064e-08,2.5980454044395853e-08,7.849509093203375e-06,4.841822403905018e-07,9.658317256368342e-09,5.534380807365389e-06,0.00014690382144127452,3.4530131132893386e-09,0.0002597074056862221,2.092371791536514e-07,1.372715953295298e-05,0.00021824459765245217,0.0005367442770996734
2,0.0016469985074173675,0.00026320590097238754,0.9460059571159161,6.754185975804564e-05,1.3233988694057402e-05,0.0001969259273162416,0.038043088155030706,5.768342554580517e-07,0.010545157334602205,8.084546563658914e-06,1.739775276189401e-05,0.0005028204683122587,1.3893847257111362e-07,9.873088487864434e-08,1.8362122168474557e-05,5.579250377975555e-07,2.9012018586197093e-08,1.1617646361399597e-05,0.00013883953968565408,8.372331992974585e-09,0.0003551877977563097,3.898198293866502e-07,3.5386734964137676e-05,0.00023052609905051765,0.0018978688698381289
3,0.0010799066124912544,0.0001776942701379638,0.959872091522974,8.289945311598537e-05,6.0811078277643335e-06,0.00017575394361502036,0.028574885333021886,5.497911793732788e-07,0.0075644074859900256,6.975487282149725e-06,1.662369762686075e-05,0.0004935527072824505,9.84478158810403e-08,6.948568731230025e-08,9.478990638506485e-06,4.113844390275062e-07,2.043934564438205e-08,8.61272760661443e-06,0.00013357447231555667,5.240078428387356e-09,0.0003996093728228948,3.4891801599128915e-07,3.8320304117421546e-05,0.0002775841144528963,0.0010804446901190542
4,0.0011933156011002626,0.00018611323019630393,0.957683956524602,9.044005465235832e-05,6.526951471914782e-06,0.00017747522830952883,0.029485282150294563,5.535750120176385e-07,0.008307401543886976,6.887433103129638e-06,1.7434299991295825e-05,0.0006308765961965718,1.4014596712450948e-07,8.120983573095736e-08,9.769796903585324e-06,4.233112596817376e-07,2.6064570941938917e-08,9.66682331153767e-06,0.0001420543418023162,5.984968169466259e-09,0.00046022288062222704,4.1094772083464287e-07,4.0732790149287914e-05,0.00030082745472718986,0.0012493750593447184
5,0.0012567770312561877,0.00017122559637256616,0.959440772159153,0.00011758162142476153,5.1305195921205524e-06,0.00016587901790000362,0.02849100890264844,5.274388906878791e-07,0.007320077801913402,7.83659711299414e-06,1.6737581788689306e-05,0.0006602937110834412,1.1360648818983945e-07,8.226140634689673e-08,8.133006326104613e-06,3.6732481733476334e-07,2.3612335859168756e-08,1.2355449325025059e-05,0.00011697792778045845,5.57901816826937e-09,0.0004941492713118827,4.068457257295204e-07,4.6042589735209686e-05,0.00032850359833058723,0.001338990948262595
6,0.0010799066124912544,0.0001776942701379638,0.959872091522974,8.289945311598537e-05,6.0811078277643335e-06,0.00017575394361502036,0.028574885333021886,5.497911793732788e-07,0.0075644074859900256,6.975487282149725e-06,1.662369762686075e-05,0.0004935527072824505,9.84478158810403e-08,6.948568731230025e-08,9.478990638506485e-06,4.113844390275062e-07,2.043934564438205e-08,8.61272760661443e-06,0.00013357447231555667,5.240078428387356e-09,0.0003996093728228948,3.4891801599128915e-07,3.8320304117421546e-05,0.0002775841144528963,0.0010804446901190542
7,0.0008762476836328794,0.0005468307913945108,0.8677532855179988,0.0005017296062905327,2.2537758777453542e-05,0.000485028567830281,0.08192626369661449,1.8949318777268214e-06,0.035399315503472605,1.5366517907648064e-05,6.959362458692033e-05,0.0026900706446820067,2.599841474153809e-07,4.494037330484699e-07,0.00010741800125151382,2.4877685272194633e-06,1.2174242998424744e-07,2.7004243931168688e-05,0.00024932666822018596,2.144580553546671e-08,0.003188867398043648,4.481310683348742e-06,0.000146828813614506,0.0004282608542829987,0.0055563075202636715
8,0.0012692720577166306,0.00020659100604187745,0.9460579936935755,8.546739673266807e-05,7.975564662887487e-06,0.00024103301132428386,0.03435459867263138,7.88245861551449e-07,0.01427353035375601,6.906355692510379e-06,2.4421765140821055e-05,0.0007097533846486166,1.3736417228703546e-07,8.267457955761256e-08,2.2487581241197507e-05,6.78963282717042e-07,3.403746841836744e-08,1.453870578628264e-05,0.0002304949003175284,5.6902578497719805e-09,0.0006898564990543478,8.299703310017377e-07,3.129795184069881e-05,0.0003107813240647543,0.0014604428298185675
9,0.002128152543497007,0.00025238725651248245,0.9400235875855371,6.593759481241836e-05,1.4722079508459611e-05,0.00029215383207781184,0.0395669779864003,1.0780139203610482e-06,0.014156285979047058,6.48503107187416e-06,4.014325909754645e-05,0.000600037521246841,1.439613986518584e-07,1.1686031555847105e-07,2.5344083036012507e-05,6.805503762007968e-07,4.747805023504471e-08,1.728632191953004e-05,0.0003342753290260981,6.106950232035055e-09,0.0004671334885723159,8.162419689436186e-07,3.7261617906521164e-05,0.0003474003716049619,0.0016215389061453051
10,0.0010799066124912544,0.0001776942701379638,0.959872091522974,8.289945311598537e-05,6.0811078277643335e-06,0.00017575394361502036,0.028574885333021886,5.497911793732788e-07,0.0075644074859900256,6.975487282149725e-06,1.662369762686075e-05,0.0004935527072824505,9.84478158810403e-08,6.948568731230025e-08,9.478990638506485e-06,4.113844390275062e-07,2.043934564438205e-08,8.61272760661443e-06,0.00013357447231555667,5.240078428387356e-09,0.0003996093728228948,3.4891801599128915e-07,3.8320304117421546e-05,0.0002775841144528963,0.0010804446901190542
11,0.0011153533611876342,0.0001797041667485735,0.9598009406602979,8.413447516880073e-05,6.281647501312866e-06,0.00017225733574876786,0.028465578848610864,5.48702500725978e-07,0.00763000383341777,6.896069967556019e-06,1.6633683413727805e-05,0.0005399866335320013,1.2091607937564865e-07,7.15144859925067e-08,9.047822071587368e-06,4.1449666891062283e-07,2.24360399597595e-08,8.576816061416468e-06,0.00013783389343804956,5.7812286875234064e-09,0.0004085640533644324,3.5308954470086495e-07,3.9414682229402514e-05,0.0002953695163608949,0.0010818855643309998
12,0.007234951979623636,0.001078426438080289,0.8399005255846691,0.00029602593605948513,0.00011153260173073074,0.0007265545488944901,0.06650468337205961,2.797277722543266e-07,0.010751882541944697,3.927429902768129e-05,1.6098203494483567e-05,0.0007535437791089,5.25409154330814e-07,2.8262401622785404e-06,1.2128250769769377e-05,2.012425880042905e-07,7.855680353697478e-07,9.882140679837322e-05,4.945877566759179e-05,4.308468255420784e-08,0.0020789758885864994,5.441661579884939e-07,0.00043429023150719253,0.00014180228145987934,0.0697658184419647
13,0.0005515319216783543,0.00013854396551345877,0.9378103045601622,0.00023262058028692363,8.644402078055072e-06,0.00017626360731339493,0.04982977985758489,1.927260629653896e-06,0.006599390927663906,3.8534835610493604e-06,0.00015877634082797678,0.001925617183457284,1.4492848956652058e-07,3.153710834889997e-07,1.5315640678349845e-05,5.098257348454739e-07,3.735096944004008e-08,8.90682444776718e-06,0.00013681797221119977,6.544771618203286e-09,0.0006459356570947461,1.1513383488986245e-06,0.00014808267327946737,0.0004891024501379746,0.0011164193319956953
14,0.0018030944083353314,0.000514639555331481,0.9273462442811143,0.00011899344714785404,1.4406884710508021e-05,0.00023079323395079824,0.057327405610621766,8.750838492351747e-07,0.009141568007452977,1.5076021022675563e-05,3.2165920823444555e-05,0.0006438435673399469,1.0078890771127572e-07,1.5606689134182818e-07,1.3414341626894451e-05,5.139924079705215e-07,2.7936392926808726e-08,1.1351321334755534e-05,0.00025728295691226943,8.422636878861335e-09,0.0004309387223095843,4.756731985757148e-07,7.695033395461365e-05,0.0004115182526771021,0.0016081551690491798
15,0.0010799066124912544,0.0001776942701379638,0.959872091522974,8.289945311598537e-05,6.0811078277643335e-06,0.00017575394361502036,0.028574885333021886,5.497911793732788e-07,0.0075644074859900256,6.975487282149725e-06,1.662369762686075e-05,0.0004935527072824505,9.84478158810403e-08,6.948568731230025e-08,9.478990638506485e-06,4.113844390275062e-07,2.043934564438205e-08,8.61272760661443e-06,0.00013357447231555667,5.240078428387356e-09,0.0003996093728228948,3.4891801599128915e-07,3.8320304117421546e-05,0.0002775841144528963,0.0010804446901190542
16,0.0010201854073683674,0.00026914280733039936,0.930888843469308,0.00013815942063298987,5.806704952273823e-06,0.00016083616204400363,0.05251797743243215,8.990739224642783e-07,0.009803869972873365,1.6250377983959055e-05,1.70423681077954e-05,0.001408820201558355,1.548358049663807e-07,1.2543060896505705e-07,1.749311679418609e-05,7.279879378526391e-07,3.2988975723252853e-08,1.4995459681117462e-05,0.00020192237095003577,8.07586578797844e-09,0.0012428599770727816,1.1800737681337733e-06,5.325595474058821e-05,0.0002953307701507393,0.0019240795591349631
17,0.001128550620887729,0.00028350051958931196,0.9213321316762859,0.00024405124706028056,1.5626690255437988e-05,0.0002048089323741063,0.061622385021006545,1.2338065652329041e-06,0.008461916791665962,1.2574057552115887e-05,4.5255360053443155e-05,0.0016703506095583618,2.8162830868745026e-07,3.225903486124684e-07,1.5258139239167753e-05,6.491052617116656e-07,9.240262302367796e-08,1.6247987773689505e-05,0.00014415931599015403,1.6947582779531892e-08,0.0011431947095232036,1.2408915541112626e-06,0.00019048626818370074,0.0004159470857873233,0.0030497175949693246
18,0.0019093948597403694,0.00023510911988282093,0.9294794798788313,0.00011687289262607045,1.2314151440207143e-05,0.00018530079965597163,0.05222454776756182,4.6551974638271387e-07,0.007966268027523135,1.4111548054478823e-05,1.5091053394483078e-05,0.0009955475629877884,2.2532179976299896e-07,2.1020742248596352e-07,1.2974848360488336e-05,3.5198450563059643e-07,7.226800603259559e-08,2.6975293610193238e-05,9.111454159833825e-05,1.0062049924829085e-08,0.0009670500776796131,6.919708723487464e-07,7.467608747444563e-05,0.00020938610604469165,0.0054617580491312465
19,0.0006581363742646534,0.00016711941862968828,0.9435040181318761,0.00010548148673859625,3.855650232359089e-06,8.457681988552046e-05,0.04542305506903789,6.373619749614462e-07,0.007246370748012075,7.359414874963023e-06,1.1732891677314946e-05,0.0009913546307559445,9.751740408788195e-08,6.201072300664495e-08,9.69830504184383e-06,4.572645884623515e-07,1.312926584058255e-08,6.182162692360035e-06,9.644627064047622e-05,4.40049221837511e-09,0.00047977710146941395,4.731270553731797e-07,3.105769292812045e-05,0.00018969265385144734,0.0009823403658872649
20,0.0006801033410767512,0.0001542195723124755,0.9507320691378972,0.00010917079437303171,4.390939700626069e-06,0.00015301743426593482,0.03628479694486331,1.400904079874648e-06,0.008961520676601761,7.181855634335022e-06,2.7159177429682053e-05,0.0008317580489632479,8.382400539135568e-08,7.820375025559495e-08,2.80618093909492e-05,7.75608712236903e-07,2.157972199894627e-08,1.0410050872655222e-05,0.00017997694335507086,5.046479035955435e-09,0.000565481582171155,1.1536620530927573e-06,3.299785148806891e-05,0.00023178560550139276,0.001002379405300421
21,0.0010245548022522143,0.00019458366363303878,0.9541832897931419,0.00011342361041898444,4.240448190771355e-06,0.00015052031089947851,0.031574958528823874,8.043497973783609e-07,0.010032973583028817,7.956526877923507e-06,1.3853513437513372e-05,0.0009073622357211186,1.173720880543733e-07,9.1432211130841e-08,9.832533404406392e-06,7.353067496020113e-07,1.2686796101943258e-08,8.786741415831397e-06,0.0001400075653242452,5.499811308106832e-09,0.0004642099573154408,3.9823171599078605e-07,2.552649029753545e-05,0.00027027072760160166,0.0008714840890458686
22,0.0016588496209970658,0.00010517529616235072,0.9721824825121801,5.862257376874627e-05,5.629418709714101e-06,0.00020183535837064957,0.016951815512875328,4.863311758909438e-07,0.006449223079137886,5.398629580559803e-06,1.8519319666587292e-05,0.0002930438408257503,9.138404794187303e-08,5.3081863184037976e-08,9.993610334764242e-06,3.167282851025542e-07,3.562352003948609e-08,1.760444319322539e-05,0.00012142259620494504,4.473712794513326e-09,0.000371360422587469,4.255021629739851e-07,2.8990196452117976e-05,0.0002715925462371627,0.0012470278979475227
23,0.0010799066124912544,0.0001776942701379638,0.959872091522974,8.289945311598537e-05,6.0811078277643335e-06,0.00017575394361502036,0.028574885333021886,5.497911793732788e-07,0.0075644074859900256,6.975487282149725e-06,1.662369762686075e-05,0.0004935527072824505,9.84478158810403e-08,6.948568731230025e-08,9.478990638506485e-06,4.113844390275062e-07,2.043934564438205e-08,8.61272760661443e-06,0.00013357447231555667,5.240078428387356e-09,0.0003996093728228948,3.4891801599128915e-07,3.8320304117421546e-05,0.0002775841144528963,0.0010804446901190542
24,0.0015289144942926313,0.0003134852547614233,0.9516185503600916,0.00014234129544089428,8.004068427775307e-06,0.00020197578006916217,0.034721282760575956,7.40021937324401e-07,0.008158846556486592,1.082976890624637e-05,2.0518845376796664e-05,0.0007420990195177933,1.310757649992264e-07,1.3879014583314617e-07,8.546906290547579e-06,4.708240539088295e-07,2.777240870350863e-08,1.0872481959685088e-05,0.00016741228374232567,8.27574187981216e-09,0.0004806918591934839,4.071500525978559e-07,6.653631380774227e-05,0.00037386694561877744,0.00142330109533537
25,0.0006550008085013519,0.00016492981120912347,0.9368105901291045,0.00021658676761602636,7.522895944774987e-06,0.00018258534832705077,0.05334254432578273,3.0253805248871823e-06,0.005814834108441856,6.6623173749457846e-06,9.39676985110903e-05,0.0009504012832283335,7.348146606984506e-08,2.2566812136067374e-07,1.0554612883927798e-05,6.713811176672371e-07,2.111350858078327e-08,8.597885341371195e-06,0.0001661454610855403,5.783937018066842e-09,0.00044089896279364316,6.845357029345737e-07,9.341752269777736e-05,0.0004212233504351671,0.0006088293663422988
26,0.0018038924172806168,9.467077174314529e-05,0.9834753727602555,3.913354950094482e-05,4.138531040478403e-06,0.00017387483585355257,0.00765397456412438,1.3887078031157633e-07,0.005174655390217871,3.3529122212606514e-06,9.576151156321703e-06,0.00014420337716683393,1.0168217224998204e-07,1.6456879213102658e-08,1.6104436466018264e-06,1.4611230071703097e-07,1.4677074896398848e-08,6.214535937703257e-06,0.00011128383895575267,3.989402604967298e-09,0.0001730358946383299,7.794634656066339e-08,3.262859056042608e-05,0.0007021639554480147,0.00039571774529563924
27,0.001043091939179288,0.00017258499389681152,0.9561388537608796,9.579203107938904e-05,5.90977889828647e-06,0.00019871016619756984,0.029350260903900673,8.016721375992591e-07,0.010166576156636646,6.741785608307619e-06,2.3084007963053202e-05,0.0006224869695482964,1.054155150126038e-07,7.259666975692222e-08,1.6374577246593278e-05,5.997361097797769e-07,2.5592651914923324e-08,1.1133959276707993e-05,0.0001788593273873028,5.308408402336054e-09,0.0005203137005456238,6.922988449615349e-07,3.675381158637908e-05,0.00031751030009848796,0.0010926592097337741
28,0.0010799066124912544,0.0001776942701379638,0.959872091522974,8.289945311598537e-05,6.0811078277643335e-06,0.00017575394361502036,0.028574885333021886,5.497911793732788e-07,0.0075644074859900256,6.975487282149725e-06,1.662369762686075e-05,0.0004935527072824505,9.84478158810403e-08,6.948568731230025e-08,9.478990638506485e-06,4.113844390275062e-07,2.043934564438205e-08,8.61272760661443e-06,0.00013357447231555667,5.240078428387356e-09,0.0003996093728228948,3.4891801599128915e-07,3.8320304117421546e-05,0.0002775841144528963,0.0010804446901190542
29,0.0010799066124912544,0.0001776942701379638,0.959872091522974,8.289945311598537e-05,6.0811078277643335e-06,0.00017575394361502036,0.028574885333021886,5.497911793732788e-07,0.0075644074859900256,6.975487282149725e-06,1.662369762686075e-05,0.0004935527072824505,9.84478158810403e-08,6.948568731230025e-08,9.478990638506485e-06,4.113844390275062e-07,2.043934564438205e-08,8.61272760661443e-06,0.00013357447231555667,5.240078428387356e-09,0.0003996093728228948,3.4891801599128915e-07,3.8320304117421546e-05,0.0002775841144528963,0.0010804446901190542
30,0.0010799066124912544,0.0001776942701379638,0.959872091522974,8.289945311598537e-05,6.0811078277643335e-06,0.00017575394361502036,0.028574885333021886,5.497911793732788e-07,0.0075644074859900256,6.975487282149725e-06,1.662369762686075e-05,0.0004935527072824505,9.84478158810403e-08,6.948568731230025e-08,9.478990638506485e-06,4.113844390275062e-07,2.043934564438205e-08,8.61272760661443e-06,0.00013357447231555667,5.240078428387356e-09,0.0003996093728228948,3.4891801599128915e-07,3.8320304117421546e-05,0.0002775841144528963,0.0010804446901190542
31,0.0012385723271142474,0.00012033184075940866,0.9764645113340289,4.514744696841428e-05,2.85654483773583e-06,9.367735024058685e-05,0.018208362261221567,4.967379870627172e-07,0.0027208666594860987,6.924287782533704e-06,7.520176507756481e-06,0.0001875920353740438,4.365545695407559e-08,3.518244952804786e-08,2.5817614538625606e-06,1.7209463495438164e-07,9.26817841204419e-09,5.88464958267439e-06,9.505845244713115e-05,2.79574736472736e-09,0.00014918668096906552,1.13714050027549e-07,2.2193852243624246e-05,0.0001732026263824736,0.00045465626409567665
32,0.0012168141652577587,0.0001901604303247419,0.9606599001913356,7.509955904241011e-05,5.919453853264687e-06,0.00018686939662446072,0.027317791565171792,5.812122307833689e-07,0.007904505286732479,7.198793868846628e-06,1.690512201025325e-05,0.00048344624642930964,1.0111007485425045e-07,6.57196721337014e-08,9.834883650336139e-06,4.203671356917308e-07,2.0957985858749626e-08,8.995713504975417e-06,0.00017209744969605602,5.0425580384330965e-09,0.0003978036574309654,3.736331348327263e-07,3.5540210557618584e-05,0.00030254873293555977,0.0010070010987814609
33,0.0009335103538255866,0.0002760262831510688,0.932796713098633,0.0003771396245640924,1.5679420523826675e-05,0.0004975242156863812,0.05287972270529288,4.188915591442951e-06,0.0062576528042317375,2.1960304169506432e-05,0.00012082163449753545,0.0012644471143230932,3.2897673299431686e-07,4.5279835402162617e-07,1.0204422946893338e-05,1.3118843503978085e-06,1.229960558014839e-07,1.3561537417078784e-05,0.0004630505962171964,2.4088710242454577e-08,0.0011997853947774573,1.6448557919554516e-06,0.0004581747737847823,0.0012748779628185395,0.0011310732375523307
34,0.0006230304133357348,0.0001658023080430221,0.9446435686249477,0.0001860782164198373,7.417260381235398e-06,0.00018472540158684424,0.04547227349470143,7.29631340949739e-07,0.005001169208037858,1.3823143116626538e-05,2.0780086175047025e-05,0.0006652947964489878,1.0112856543241399e-07,1.4236565724329027e-07,1.0777599493082806e-05,5.367481988563762e-07,2.982049345439828e-08,9.706181480016599e-06,7.021388428969903e-05,9.619189302898096e-09,0.0006446442177039338,4.898292909493148e-07,0.00010457886686090145,0.0002503029765430634,0.0019237741776989676
35,0.0011299043010966688,0.00017318187145732095,0.9602150327183575,8.030762059696907e-05,5.763830884529754e-06,0.00016567781329082583,0.028244234107924766,5.417422606981638e-07,0.00757600639570315,6.821806091843499e-06,1.5672378536604895e-05,0.0004900099611749773,9.582258400565294e-08,6.555008723627355e-08,8.967500082442625e-06,3.92810478010346e-07,1.960717230905388e-08,8.956440165721594e-06,0.00013150649480586277,4.920149533648457e-09,0.00039035788740764046,3.419739834524634e-07,3.5259911847303416e-05,0.000271821429625443,0.0010490551042352037
36,0.0013142062146901505,0.00018678002696655228,0.9262249374424655,0.00010359807023644755,4.7154112668383e-06,9.559538088418709e-05,0.05453901878492025,2.5772428211865525e-06,0.012548684875263874,6.366969695983515e-06,2.277267134235828e-05,0.002707497518153113,2.671725693284782e-07,1.1576647761067619e-07,2.6102114628177594e-05,1.365853753767346e-06,2.9253215803347656e-08,1.2164429048056795e-05,0.0003138697471870542,6.279141665202473e-09,0.0004918731875685986,1.5665854834494926e-06,1.878197344511063e-05,0.00021846438495918657,0.001158642643815706
37,0.0016708692200514228,0.00012618117943810145,0.9740208678783211,5.577056119324965e-05,2.736256967789865e-06,7.86142270970967e-05,0.01909638656819076,2.4737587466499286e-07,0.0034234488789565685,6.249751251518205e-06,7.87546096158216e-06,0.00028219239394469036,5.3410818519330514e-08,2.737428260087177e-08,1.7954464442907755e-06,1.1740842860497357e-07,9.554537260841387e-09,7.669374435772184e-06,8.664357835438476e-05,2.547226346385342e-09,0.00020016064443159547,1.2831899972725166e-07,3.022137859486115e-05,0.00034026367999564653,0.0005614675312016309
38,0.0014416378481737556,0.000122657842346274,0.9730787277555341,1.9816977843693046e-05,4.733083718645612e-06,0.0002241418772446454,0.017522077484890944,2.2433459059638187e-07,0.006386901877843936,4.830741340239342e-06,7.071303352629867e-06,0.0001284249365135273,4.795362010969295e-08,2.3640802398640968e-08,7.946420368780307e-06,3.1753636778751647e-07,6.130637989538945e-09,4.9349004263919785e-06,0.0001383281751443398,1.9279177249130383e-09,0.00010911347912262157,8.935511111641103e-08,9.37368150907954e-06,0.00017764172626480868,0.0006109290093138749
39,0.0036570537462455154,0.0016605278819774973,0.8583911877793587,0.00022305586588203632,2.398672096497912e-05,8.040867073351463e-05,0.11397089111308265,4.864611074875399e-07,0.015452377273279574,9.41689235414192e-06,4.279637778735018e-05,0.0019827537288434494,6.285682177554188e-08,3.9523192813997996e-07,1.3278254343224029e-05,2.4100186763352797e-07,1.311059247510341e-08,1.0469737773357092e-05,0.00010996925491178735,6.77771094860118e-09,0.0002296903334758697,4.177871318332078e-07,0.00012090204529580121,0.0003623558343482129,0.003657255262181906
40,0.0010940670012223514,0.00018213322444168598,0.9594342727803422,9.117330336512479e-05,6.2360838294707004e-06,0.00018215915572635294,0.02900027687259362,5.898215512382898e-07,0.007497785477865803,7.480055552814174e-06,1.7649855279468315e-05,0.0004973847462568943,9.938032707984662e-08,7.245292521749962e-08,9.113599678624968e-06,4.3063992969990306e-07,2.1631746101409756e-08,9.035561351235507e-06,0.00013801039680950186,5.614874609892694e-09,0.00042207276478025194,3.590987511721212e-07,4.220930854897477e-05,0.00030202485214052575,0.0010653363201098616
41,0.001375322953005401,0.0001473086158343464,0.9588587633737196,3.484233644012041e-05,1.1863457275207679e-05,0.0001450192378076069,0.023827771015967617,2.806096053845037e-07,0.01415760795612565,2.398905114331205e-06,9.962649769927275e-06,0.00024133700459602096,1.0826089165082422e-07,2.980599777852205e-08,1.3036205686300611e-05,5.546826728965666e-07,1.0336121012211085e-08,5.196410045384469e-06,6.832612780694992e-05,4.25996352492451e-09,0.00012215819520041733,1.1299298114668041e-07,1.0068409356973936e-05,0.00016509923153009066,0.0008028169664843997
42,0.0005568469937852988,9.901563202403795e-05,0.9680223225856714,9.406840890273991e-05,2.0294223667251377e-06,0.0002020793657796694,0.019893987021508686,1.6821732339489416e-06,0.008212228591827806,8.68899995424001e-06,1.8318661482046208e-05,0.0007842748640086683,1.3746205984584945e-07,3.5189532046826525e-08,1.8929030229743755e-05,1.349126823563292e-06,2.381764940931933e-08,8.589101114318223e-06,0.0004163411092875874,5.713169988944449e-09,0.0007528302432410017,1.2817230488533072e-06,2.5709559245143766e-05,0.00040249387819927027,0.0004767313258538543
43,0.0005978886771467933,0.0001482299194672406,0.9654094835361425,9.556544520397194e-05,4.09036000053288e-06,0.00036068308829359443,0.024515652833879048,7.942507752685024e-07,0.005565390926242005,3.131359107746985e-05,1.0509316966704723e-05,0.00031765177873814744,1.1050605734082244e-07,6.451285095742053e-08,1.0623887054588339e-05,7.629346962866441e-07,3.353019652594982e-08,1.2590368099903604e-05,0.00022277343054915522,1.0357704113040908e-08,0.0012360613953075917,6.89383196278848e-07,6.472152004939678e-05,0.00035634986820349504,0.0010379545821011555
44,0.0010799066124912544,0.0001776942701379638,0.959872091522974,8.289945311598537e-05,6.0811078277643335e-06,0.00017575394361502036,0.028574885333021886,5.497911793732788e-07,0.0075644074859900256,6.975487282149725e-06,1.662369762686075e-05,0.0004935527072824505,9.84478158810403e-08,6.948568731230025e-08,9.478990638506485e-06,4.113844390275062e-07,2.043934564438205e-08,8.61272760661443e-06,0.00013357447231555667,5.240078428387356e-09,0.0003996093728228948,3.4891801599128915e-07,3.8320304117421546e-05,0.0002775841144528963,0.0010804446901190542
45,0.0005738161707530711,7.563434634431832e-05,0.9672190292449279,5.2028591621029867e-05,3.6049683988067702e-06,0.00016883810575065429,0.02334349332435123,1.2174316092724392e-06,0.007298758325634622,3.4165427692887254e-06,2.3570075959440177e-05,0.0003053074098356714,5.439092871674718e-08,2.9071806966636234e-08,2.2150458866602382e-05,9.731441787099712e-07,8.321507505073853e-09,5.106096147732123e-06,0.0001560814501550348,2.902503623007315e-09,0.0001574631964696439,3.5595206364341674e-07,1.1605386678282321e-05,0.0002082049378220784,0.0003692501529162973
46,0.0010259499782449162,0.00016345914082600672,0.9626857615023408,0.0001091327893034668,6.341772339654221e-06,0.00022163106884428042,0.02566452102995288,6.912169960488167e-07,0.0071417026135255956,7.778607988244057e-06,2.1577373375006094e-05,0.0005595897437177487,1.3851806452673926e-07,8.341734901101347e-08,1.0555130793636035e-05,4.903165426017464e-07,3.739043569387169e-08,1.0349699252541885e-05,0.00015854612168113261,7.34405741687282e-09,0.0005626332963059343,5.288695358938055e-07,5.716342515202847e-05,0.0003530722032129682,0.0012382574301620648
47,0.001809643827862859,0.00017348580132291137,0.9565386094000404,5.600283157053137e-05,4.209218185563297e-06,0.00010552951273205164,0.026824914874891723,3.391382883414142e-07,0.011072689759708751,6.668265057288672e-06,6.888681070740244e-06,0.0009784259493125715,2.256798365533757e-07,3.663715943527403e-08,1.0198228159585624e-05,5.539757344778851e-07,2.4946782967089314e-08,1.049241258756924e-05,0.00018264021323255672,5.2828059808320334e-09,0.0005355510750005185,5.455421374974099e-07,1.8370063578095603e-05,0.000288050441425815,0.0013758982415154547
48,0.0016705439168503105,0.0005029505751984949,0.9567594831965088,8.54710571733548e-05,6.823209329979382e-06,0.00038993429986917543,0.030111626640384605,1.0382260667729785e-06,0.0068682004676011614,1.7494436938661517e-05,3.2495199492728306e-05,0.0004402345383921336,1.0189998409269387e-07,8.619189170046309e-08,6.887143441890112e-06,4.317591074843298e-07,2.7799180909862447e-08,6.5685358173745365e-06,0.0010390460871209984,6.141730924205233e-09,0.00044073486661814235,4.778922581422888e-07,9.447071529017794e-05,0.0009017992307857569,0.0006230659729660824
49,0.0007686170353791673,0.00012263435471228693,0.969325199203507,8.540805337119395e-05,3.4811327743190393e-06,0.00014824299020919744,0.021679479759304857,4.337304106206926e-07,0.005590231302159864,6.368124100758765e-06,1.2554069690479948e-05,0.0005005958357607567,9.117230516438155e-08,5.755140798703878e-08,7.061682498661352e-06,3.136338125974741e-07,1.6470017302429372e-08,7.240098444728553e-06,9.531695592278332e-05,4.375643476058527e-09,0.00040657526766868426,3.1909035546935557e-07,3.77597343150089e-05,0.00024686601328191186,0.0009551323629452729
50,0.0010355416080124378,0.00014146469883617705,0.9698953778559284,9.42145217768583e-05,4.5551558667940475e-06,0.0002464928447537681,0.011130995685122498,3.367137948728898e-07,0.015265427797018059,2.515380439172484e-06,2.0032556582762335e-05,0.0004111818245495018,1.0423727616456337e-07,3.6907990861201035e-08,1.0186009167689291e-05,4.270596532706354e-07,1.9466464536592652e-08,8.013274703625062e-06,0.0001379642860936198,4.4218074795467745e-09,0.0004261706173171451,3.2010299423148285e-07,2.6424440144744504e-05,0.00046280037810144016,0.0006793921556039657
51,0.001791927068213376,0.0007876410162411513,0.9482899304285654,0.00024145554087324925,2.6640119210139305e-06,0.00010082562793132981,0.03427297197364576,1.4037106156654162e-06,0.010978140112668027,9.777623851539295e-06,2.1626442063414685e-05,0.0013357698114067917,3.458989471993488e-08,1.4560816427074876e-07,1.4991370936746664e-05,2.875762432504656e-07,1.3474799526330078e-08,1.1431399706520814e-05,0.0002921196798694695,3.370539674160929e-09,0.00044939833528844365,1.0429613587221998e-06,3.7172454997704026e-05,0.00023966242343919804,0.0011195633867652206
52,0.001409735462771323,9.817664498540692e-05,0.9689608417503955,4.8422459630351376e-05,6.383372860919391e-06,0.0003252099983945629,0.018489831043329095,5.983840156446238e-07,0.008532836279328689,5.545297672357084e-06,2.1272414501144548e-05,0.00023673371956732672,7.506124756008898e-08,6.393359816089042e-08,1.6652988230628046e-05,4.7610004128493947e-07,2.0615996640514982e-08,1.657036555775636e-05,0.00013637077294466408,3.829666904214591e-09,0.00026245351577623466,3.412521952031691e-07,2.1598505116675655e-05,0.00023934441609604844,0.0011704418160797794
53,0.0011686848711905803,0.00017958737858907476,0.9637157309892596,8.038517416138354e-05,5.677410357155349e-06,0.00018750548641660266,0.02450432713289108,5.160333712527314e-07,0.007738944410439175,6.773245554574264e-06,1.5733421830504643e-05,0.00046025008035803104,9.905746125358144e-08,6.594801710045124e-08,8.9514155653641e-06,3.9414142181018974e-07,2.10773286798566e-08,8.909007897982013e-06,0.0001431893199344103,5.1693210609338094e-09,0.00039933252039928895,3.3658357063949854e-07,3.650438021199461e-05,0.00029005331115687785,0.00104802243329492
54,0.002225923828647335,0.0004185637611157825,0.9440552941329984,6.856791720063248e-05,9.950719435257187e-06,0.00018015566827898915,0.037897743958830304,3.262940061721631e-07,0.01039832042160503,1.1734444827326459e-05,8.847154908616506e-06,0.0006009030437544181,1.0944951761111916e-07,1.1728524792311869e-07,1.9271305394658085e-05,4.555895575532336e-07,2.1504849898711047e-08,1.1497466060461385e-05,0.00012125354904322675,6.737729956183611e-09,0.0003176163812920284,3.400971458991597e-07,3.039422126138874e-05,0.00015341659274004668,0.0034691684745512185
55,0.0005221563152117653,0.000250030230570686,0.957603670138757,0.00012903032247273358,1.9950764372750916e-05,0.0006900838766456133,0.03592536370340624,1.985036546442919e-06,0.001530244790664762,3.5961956939578695e-05,8.315128981012475e-05,0.00011037261170108953,3.576814785873607e-08,3.1641541711618885e-07,1.689689790923082e-05,5.551864400736882e-07,8.04663101830135e-08,7.250542935978779e-06,0.0001877091921870426,1.829311980914675e-08,0.0004784059594533232,5.502528198824174e-07,0.0004876427445602239,0.0003087785887602555,0.001609758654840217
56,0.0011289311382051653,0.00017675497368993429,0.9594645908401028,8.333432714414467e-05,6.044987699315356e-06,0.00017438541478550728,0.028626395297087274,5.498215739450872e-07,0.007744195385720995,6.940878404030507e-06,1.649767374706225e-05,0.0005567021146562138,1.2087194433802915e-07,7.194295671283075e-08,9.304583548222213e-06,4.169042946912839e-07,2.2214897894299613e-08,8.885763778178616e-06,0.0001416620320248023,5.540599191481861e-09,0.00041597398850799295,3.6653388973412045e-07,3.803028749185507e-05,0.000292814846467433,0.0011070016367824309
57,0.0011708910620079858,0.00019695334548545688,0.9537398199308748,8.972972602521562e-05,5.629098971270057e-06,0.00014596610094028646,0.032192524505413954,6.58436261590914e-07,0.009099273839858554,8.285875071212868e-06,1.368372870199974e-05,0.0009330967831321088,1.9906879850451906e-07,7.106412531252381e-08,1.1082143005232976e-05,5.740241300896126e-07,3.025600699548186e-08,9.42949959278495e-06,0.0001881909788195932,7.497433266525427e-09,0.00056397269334158,5.835266578282686e-07,3.792217216087825e-05,0.0003044083848536874,0.0012870162583301541
58,0.0012062816054010852,0.0001571158482118049,0.9635419974980454,7.751422514408091e-05,5.393888312642712e-06,0.0001735819183238625,0.02486937430603248,4.882892131766844e-07,0.007638282084208641,5.965380976465859e-06,1.720430196949547e-05,0.0005107173301299144,1.1610086531281051e-07,5.596345690533225e-08,7.0333834450561365e-06,3.843431522857142e-07,1.816375630396836e-08,8.264741425647117e-06,0.0001536821904117575,4.86016535168765e-09,0.0003587415729772605,2.996394883456015e-07,3.7019141389727284e-05,0.00039327490181208615,0.0008371883216848877
59,0.0009424474551364063,0.00013129509668561253,0.9689113495529373,7.055716737816933e-05,4.3502954004328295e-06,0.00015556676675944968,0.021281663396447607,4.2553287818677366e-07,0.006584703974293388,5.497481968500607e-06,1.4358563427127786e-05,0.0003922034634211766,8.633284717394134e-08,4.200336505115892e-08,6.391362953964331e-06,3.522705711589969e-07,1.4074076372519064e-08,6.656805224739289e-06,0.00012154265844225379,4.321986014676802e-09,0.0003225701991901086,2.4995241013459893e-07,3.2352846060549736e-05,0.00034026034229502354,0.0006750580838442664
60,0.0010799066124912544,0.0001776942701379638,0.959872091522974,8.289945311598537e-05,6.0811078277643335e-06,0.00017575394361502036,0.028574885333021886,5.497911793732788e-07,0.0075644074859900256,6.975487282149725e-06,1.662369762686075e-05,0.0004935527072824505,9.84478158810403e-08,6.948568731230025e-08,9.478990638506485e-06,4.113844390275062e-07,2.043934564438205e-08,8.61272760661443e-06,0.00013357447231555667,5.240078428387356e-09,0.0003996093728228948,3.4891801599128915e-07,3.8320304117421546e-05,0.0002775841144528963,0.0010804446901190542
61,0.0010049327344867369,0.0001387615364706254,0.9672768537541296,7.016381083518919e-05,4.725004501037918e-06,0.00015380890262064036,0.022691432134327165,4.367084517861905e-07,0.006661681850459889,5.685199165314156e-06,1.4579587884738996e-05,0.00041149759624863725,9.375982362100335e-08,4.5261067321840586e-08,6.669507400486213e-06,3.480071780469172e-07,1.527594360864821e-08,7.106772207684698e-06,0.0001229237980165912,4.4904142097427745e-09,0.000326119090887479,2.5985976661878e-07,3.2778402885745304e-05,0.0003306135897437746,0.0007384633650835784
62,0.0010799066124912544,0.0001776942701379638,0.959872091522974,8.289945311598537e-05,6.0811078277643335e-06,0.00017575394361502036,0.028574885333021886,5.497911793732788e-07,0.0075644074859900256,6.975487282149725e-06,1.662369762686075e-05,0.0004935527072824505,9.84478158810403e-08,6.948568731230025e-08,9.478990638506485e-06,4.113844390275062e-07,2.043934564438205e-08,8.61272760661443e-06,0.00013357447231555667,5.240078428387356e-09,0.0003996093728228948,3.4891801599128915e-07,3.8320304117421546e-05,0.0002775841144528963,0.0010804446901190542
63,0.0011950978323725682,0.00023229965345590163,0.9590407031170628,8.451950170892336e-05,6.538659498287756e-06,0.00017513181233839954,0.02880511997016405,5.268768568082651e-07,0.007876762581830772,7.854771312366044e-06,1.603412857953322e-05,0.0005034738970758178,9.859374660800437e-08,7.326671645542412e-08,9.97877552838526e-06,3.9798624463859626e-07,2.135791124161966e-08,8.32474304042548e-06,0.00015151633197362364,5.7691368525927216e-09,0.00040713470051053,3.622324963307344e-07,4.157964712391577e-05,0.0002843827489221475,0.0011520610443928462
64,0.0009441950540107068,0.00017964585174948155,0.95919107769427,9.539147324521993e-05,5.541895074332869e-06,0.00018158157282447201,0.028716875973038233,5.206401451859228e-07,0.007721730564990725,8.735149592271108e-06,1.4251157670247277e-05,0.0005903878551806547,1.2193904755940677e-07,7.671763556906742e-08,9.66405497545489e-06,4.279987879957374e-07,2.4449734166015584e-08,9.637958619410822e-06,0.00012987634190609175,6.355780582498202e-09,0.000616612576514273,4.337801319630941e-07,4.426774257828777e-05,0.00028246835979004635,0.0012564468427067666
65,0.000836511986057743,0.0001720771403441488,0.9585805768006126,9.201685306702726e-05,5.41410055678717e-06,0.00016792406610542952,0.032555556002691645,6.196554288596378e-07,0.005117165808845687,1.0605777757573029e-05,1.4015740573356514e-05,0.0004354524908137214,7.924689246175711e-08,8.28638756758239e-08,8.738690629292135e-06,3.8351321868125054e-07,1.9604501469859475e-08,8.269040985637562e-06,0.00010777602878983403,5.885229833515704e-09,0.0004415972347413012,3.3310098540105603e-07,4.730074492108609e-05,0.00021607365225966916,0.0011814039701151852
66,0.0010701618844292514,7.825656884928393e-05,0.9799162456038224,3.223590892412559e-05,5.308834748205929e-06,0.00019962210724827961,0.012801906314723789,1.6864273453631423e-07,0.004346646346079749,6.1840268505324485e-06,7.659438150889139e-06,0.0001273313273007696,1.0441293838696577e-07,1.9967462702989708e-08,3.5158467207457197e-06,2.3432631484514846e-07,1.870380189983549e-08,7.171348223540895e-06,8.507235308737078e-05,5.237359550522555e-09,0.0002813415720588631,1.1129073501439144e-07,2.7351355228135955e-05,0.0003517756156971397,0.0006515509665099231
67,0.000694252296060077,0.00011398972313563935,0.9711031787733988,0.00012974526802699395,5.698443420755897e-06,0.0003182387108425475,0.01988157338322093,5.130337755058796e-07,0.005006755570323025,8.57531669926271e-06,1.963318143740813e-05,0.0004042630514088594,1.3797812664377492e-07,1.047533881611363e-07,6.514071634302594e-06,4.2542893798684947e-07,3.052975126423035e-08,8.574432252029378e-06,9.549399331261401e-05,8.339824569791575e-09,0.0005641199009587397,2.8034631332754347e-07,8.389638842780335e-05,0.000372981077731285,0.001181016007591566
68,0.001068502351093727,0.0001743327123433145,0.9605215079211613,8.280715591287387e-05,5.8717139894135036e-06,0.00017224994856962923,0.02810590916128541,5.411010242536215e-07,0.007435591666516922,6.9151614354478605e-06,1.6218108750503024e-05,0.0004899325701526291,9.67061437419035e-08,6.813660624282486e-08,9.107050888965655e-06,4.010391688272987e-07,1.993394487250183e-08,8.530354688481344e-06,0.00013057428544265768,5.134357130220115e-09,0.00039811970594465777,3.4159500047162684e-07,3.797802573473414e-05,0.0002757388092260235,0.0010586396506178902
69,0.0010082500102313928,0.000173135887646854,0.9607908487799419,8.565747641775267e-05,5.934373454383446e-06,0.00017653673106432903,0.02817708139577107,5.647239913439893e-07,0.007194644796398935,6.9565567223761325e-06,1.7513849097695942e-05,0.00048312418677464195,9.511850984083198e-08,6.861628873789563e-08,9.089367564062846e-06,4.135615960375099e-07,1.965854856842009e-08,8.11895327823281e-06,0.00013287426092335855,5.296694645992135e-09,0.000399032296677449,3.4021764104819785e-07,4.06161209443133e-05,0.00029212495603242965,0.000996952807788717
70,0.0010015615178693327,5.6639518449092296e-05,0.9712081706688965,6.147746890991117e-05,3.616341852257426e-06,6.353519452558597e-05,0.021778614115143275,6.162603956292757e-07,0.004249573647656839,3.810568212199889e-06,4.868771628167901e-06,0.00031265880271918865,7.775916360227735e-08,5.096215018841322e-08,6.793709077635111e-06,4.521545011484077e-07,1.1374310623457981e-08,8.885367134778938e-06,2.004568154863893e-05,4.214682562426587e-09,0.00011060809471033863,1.3465488419236416e-07,8.08464618967644e-06,5.1895760672918104e-05,0.0010478127447157088
71,0.0012440875158358973,0.0002728413131943026,0.9504270245857165,0.00010685341685845681,1.0170139210800354e-05,0.00018458132065854915,0.03604903192423329,5.544642459251862e-07,0.00862796270265169,1.0103840113140584e-05,1.6187946704669847e-05,0.0005869238077704365,1.454628130967754e-07,9.56849586633011e-08,9.732076133048748e-06,5.302928787369439e-07,2.8073469080419187e-08,8.871898069730844e-06,0.00013156661678910634,1.0080681313654617e-08,0.000483457220401736,3.4740508604299224e-07,5.858893814775566e-05,0.0003306543188873152,0.001439648954490708
