,0,1,2,3,4,5,6,7,8,9,10,11,12,13,14,15,16,17,18,19,20,21,22,23,24
0,0.052409339586733446,0.009052027984297177,0.00604319134805007,1.5343670366237017e-05,6.19386840564276e-05,0.0009058861069715166,0.07660348944636568,3.92565326526754e-07,0.01791353694601046,3.854999092364468e-05,0.0001697921133762762,1.7115861636068455e-05,1.3294469618919012e-07,0.02177630112652122,0.08552272058238465,0.0007714802927798487,8.9256882453889e-09,2.9274249118185093e-07,0.0022607291524116713,4.127471449829763e-08,2.042085530595902e-05,1.9327439893202698e-05,2.6572633888726664e-05,1.1677898142646667e-05,0.7263596898269684
1,0.028665487441097023,0.008180409263949117,0.004513236544836382,1.271844432104742e-05,4.1657225893486226e-05,0.0006129537557768085,0.059342402817475756,3.837006596870794e-07,0.02508197146800327,4.908748661628245e-05,7.799997480787218e-05,8.313651110449165e-06,8.79131325775794e-08,0.016692976200815147,0.0767975998320393,0.0007781430288189877,5.2080386019401034e-09,1.353527368518287e-07,0.0030734172824491246,3.584297624780338e-08,1.766327921203278e-05,1.561912883135582e-05,1.4669862320471396e-05,6.583374190365164e-06,0.7760164419198917
2,0.03293072920385223,0.007263254125629211,0.0019282599506418227,9.888605947116547e-06,3.301684938278352e-05,0.0005873649541078107,0.046037168708493975,2.737930633279315e-07,0.007609549832265452,3.3094468183871194e-05,7.404348439512326e-05,9.146032349052929e-06,5.5229592782783197e-08,0.014947216320258493,0.11852962912921483,0.0008800084856115158,9.497909516298166e-09,1.6864233499149974e-07,0.001816205210873816,2.363350413393485e-08,2.127799679004133e-05,2.424925440031669e-05,4.412993975088404e-05,7.4328987732828464e-06,0.7672138037526736
3,0.03704287322869702,0.009452479130995823,0.0036594140203079725,1.533862767446446e-05,4.3802451861209906e-05,0.0005539410684083783,0.05412671075923657,3.295909652660518e-07,0.010767864248018772,3.83134666384113e-05,0.00010064970799298072,1.172139906405232e-05,9.507935919843144e-08,0.018257728475556234,0.06380646678483931,0.0005624953967869674,8.387440446103346e-09,2.615502818921802e-07,0.001718558254355311,3.1047836989768714e-08,1.997291034818618e-05,1.8328818723112653e-05,2.632628681240412e-05,9.733653723211272e-06,0.799766555654076
4,0.03827263440505015,0.011252302150392407,0.004535178974097789,1.8516313675430933e-05,5.8751239413226806e-05,0.0006908967861911044,0.06272906598057079,3.522939165411304e-07,0.012115231399046862,4.6609533964015284e-05,0.00011717638964822207,1.3715827072059304e-05,1.390963936364488e-07,0.024586385889457933,0.0671455849802355,0.0006316939332348588,9.00763892020242e-09,3.1040358999342864e-07,0.0018173562123105843,3.739182507482257e-08,2.155832067587093e-05,2.0620921073416396e-05,2.984748799231149e-05,1.1396139096094322e-05,0.7758846289234372
5,0.03296218316100584,0.01029208778460296,0.003473758945909799,1.9804518951260862e-05,4.705927397237808e-05,0.0005316259977314804,0.04851119543437265,3.18929674393401e-07,0.00852562743353436,4.127878257192614e-05,9.597878273189913e-05,1.1368361601412098e-05,1.0771890133262422e-07,0.01965545369652012,0.04844136264779433,0.00047168904634936886,8.65183099554787e-09,3.4604956070567395e-07,0.001358849566587874,3.2263745012581865e-08,2.111474495092146e-05,1.6676145433506462e-05,2.9592924895768128e-05,1.0737642863315818e-05,0.8254817414939063
6,0.03704287322869702,0.009452479130995823,0.0036594140203079725,1.533862767446446e-05,4.3802451861209906e-05,0.0005539410684083783,0.05412671075923657,3.295909652660518e-07,0.010767864248018772,3.83134666384113e-05,0.00010064970799298072,1.172139906405232e-05,9.507935919843144e-08,0.018257728475556234,0.06380646678483931,0.0005624953967869674,8.387440446103346e-09,2.615502818921802e-07,0.001718558254355311,3.1047836989768714e-08,1.997291034818618e-05,1.8328818723112653e-05,2.632628681240412e-05,9.733653723211272e-06,0.799766555654076
7,0.021705940135534525,0.0038902608035531793,0.0014282349910475335,1.0002385234943172e-05,4.1095775929409e-05,0.0006085143523148187,0.01908561210549528,2.0722112308056085e-07,0.0049498482599493075,2.971454612328148e-05,3.412831806407269e-05,9.699271449782512e-06,2.2150612166785118e-08,0.01873269467956869,0.06293334986469339,0.0008571382865403864,5.934701995156347e-09,1.3714258717290913e-07,0.0018914520309805767,1.3702350791372172e-08,2.605263355203234e-05,2.1628402986251882e-05,3.756833460177911e-05,2.7717561467991805e-06,0.8637039069148587
8,0.05297155839694013,0.012720436735277885,0.005243797566872667,1.6670559078607094e-05,7.763761602954769e-05,0.0013286807699974385,0.07651269556461093,4.3121729038262075e-07,0.02068613006491273,4.176122392585863e-05,0.0003110551106263702,2.2214695842999348e-05,1.437460208301842e-07,0.0257745636117158,0.11189095399818796,0.0007312197811498789,1.1187122443034593e-08,4.499862827753014e-07,0.0032310592275793778,4.677130474065782e-08,2.927726979541499e-05,3.160151148808203e-05,3.186414813565457e-05,1.048727424970727e-05,0.6883352519655619
9,0.048150465134452376,0.009324650224383491,0.0030834649249007772,1.4535547406436885e-05,5.5308338625050864e-05,0.0011402171798722937,0.06214875508649405,3.4955836543903164e-07,0.01166399216475963,3.8134372634095636e-05,0.00018253938611970184,1.858578165841394e-05,8.418484067702382e-08,0.024925281288829097,0.10300715835464502,0.0008869880912768163,1.015258990109022e-08,3.632166908994595e-07,0.002839818581910058,3.577650506231724e-08,3.0025713842944277e-05,3.3167739518169184e-05,4.317185832008645e-05,7.069646293446307e-06,0.732405827695066
10,0.03704287322869702,0.009452479130995823,0.0036594140203079725,1.533862767446446e-05,4.3802451861209906e-05,0.0005539410684083783,0.05412671075923657,3.295909652660518e-07,0.010767864248018772,3.83134666384113e-05,0.00010064970799298072,1.172139906405232e-05,9.507935919843144e-08,0.018257728475556234,0.06380646678483931,0.0005624953967869674,8.387440446103346e-09,2.615502818921802e-07,0.001718558254355311,3.1047836989768714e-08,1.997291034818618e-05,1.8328818723112653e-05,2.632628681240412e-05,9.733653723211272e-06,0.799766555654076
11,0.03822948160953547,0.010202577058362099,0.0039027016115621657,1.6663695641020325e-05,4.6588552996356804e-05,0.0005720479330115086,0.057523112960440166,3.4940478017146474e-07,0.01104189419588638,4.1166995921360536e-05,0.00010794797217002372,1.252628092395786e-05,1.1358765226236792e-07,0.019363319545911646,0.06274209041482805,0.0005634313278596693,9.063315601909523e-09,2.930947798980164e-07,0.0016970324111308139,3.424603369539415e-08,2.0322522783837978e-05,1.9035420322804787e-05,2.7546718650874903e-05,1.0899194164932464e-05,0.7938588141813353
12,0.042084966765318796,0.010891343140708158,0.0034141000621851674,1.87144677873406e-05,6.294820937807763e-05,0.0007450722738478636,0.04915668336217519,3.105670117874731e-07,0.006419463916115308,4.397311888194063e-05,0.00010634457059426629,1.7889326188776362e-05,1.1354530857792159e-07,0.028711939746524043,0.059334761696825625,0.000692997348840182,1.1685110372207215e-08,4.328272314805493e-07,0.001518561955598989,3.294123863285259e-08,2.574968285243149e-05,2.819123538387452e-05,4.752007188031141e-05,1.0598746979055199e-05,0.7966672787360337
13,0.05728481600709639,0.008519055394566643,0.006243465639926433,1.558875575209928e-05,6.260596755173274e-05,0.0005912772859807506,0.0644061887019708,4.723409794050174e-07,0.01407132081634288,2.2445450524983943e-05,0.00027683324238298373,3.618115035505606e-05,1.1716602421148278e-07,0.02648386972204403,0.097840919575656,0.0005103737773815106,1.5148120505065556e-08,3.10768018470126e-07,0.0026067055892992756,3.719755100444261e-08,2.9583014497362367e-05,2.9058589072243806e-05,2.8019042035840904e-05,9.573025596574061e-06,0.7209311666312729
14,0.02258259424343187,0.04058661297666722,0.004523687070778609,2.4042391483861534e-05,9.358390665938837e-05,0.000973575947233889,0.05845317938266679,3.890691215978523e-07,0.022044440735893935,0.00013042965186293702,0.00012920857105993628,6.698763109515e-06,2.5439257368128253e-07,0.024005946440082984,0.06606184474787266,0.00041936779839980934,7.600778055072764e-09,4.5037430610278044e-07,0.002091840301402536,4.1907862653083766e-08,2.3341667225438795e-05,2.489366329948706e-05,2.0083079857633073e-05,1.712804233899935e-05,0.7577863572740303
15,0.03704287322869702,0.009452479130995823,0.0036594140203079725,1.533862767446446e-05,4.3802451861209906e-05,0.0005539410684083783,0.05412671075923657,3.295909652660518e-07,0.010767864248018772,3.83134666384113e-05,0.00010064970799298072,1.172139906405232e-05,9.507935919843144e-08,0.018257728475556234,0.06380646678483931,0.0005624953967869674,8.387440446103346e-09,2.615502818921802e-07,0.001718558254355311,3.1047836989768714e-08,1.997291034818618e-05,1.8328818723112653e-05,2.632628681240412e-05,9.733653723211272e-06,0.799766555654076
16,0.03276414718389694,0.011485914029424284,0.002182965880812206,1.6005330975069342e-05,2.9431874909326428e-05,0.0005416374682341187,0.05021915487649722,2.854452752147311e-07,0.006661907662964969,5.28831757290624e-05,7.194952900766238e-05,9.738887349119036e-06,7.457585086068282e-08,0.018840502788606057,0.04748360873485149,0.0005977592679505138,7.995477956473862e-09,3.839364665312468e-07,0.0015088937628112847,3.209969430510322e-08,2.9034379103529165e-05,2.3810012373438124e-05,3.0022620779514268e-05,7.730273114198373e-06,0.8274421182078451
17,0.03485888733714575,0.007394215030485912,0.0032453938939702234,2.4280973022132245e-05,4.313013129881951e-05,0.0004482769547883544,0.04670052757958974,2.6442464273545836e-07,0.004776466088643624,3.1944764434336535e-05,7.679169758989739e-05,1.5186826685869213e-05,1.0521215343645837e-07,0.030601968507248466,0.03069217488057447,0.0004911939935652089,7.597871105506285e-09,3.654924899611e-07,0.00103692321265489,3.1836039738740444e-08,2.0606505628078925e-05,1.4934855574371126e-05,3.9711347157544675e-05,8.071129630190616e-06,0.8394785397271153
18,0.04853754153240682,0.00724038197647265,0.0023214302798534596,1.1282428625992861e-05,1.923591573156967e-05,0.0001321870403307769,0.03577417074950116,2.8959558987132547e-07,0.0031593441203025697,2.4998017402379488e-05,4.0694640539730645e-05,1.3338379739797977e-05,7.183568113832942e-08,0.010180257616258041,0.02587023730270818,0.000270961693055382,1.5049895892141388e-08,3.241446353004418e-07,0.0007783514301314079,1.7151739336163134e-08,1.4695747693340433e-05,1.755973699642323e-05,2.007374171683111e-05,1.413265635358476e-05,0.8655584072166385
19,0.03064582830757702,0.011943416854859099,0.008204436406530957,2.2694307386014916e-05,9.427681966923933e-05,0.0007185607131360575,0.055076574904589136,4.645896608200765e-07,0.019571016970120744,5.926646410231394e-05,0.00012502709089248402,1.9548311023900506e-05,1.9011732265143328e-07,0.03109249080752019,0.05746625148467138,0.0005267732578339199,9.128207063993116e-09,2.955692831636167e-07,0.001995165802690514,4.6421279470717876e-08,2.173041746510802e-05,2.3796244693058415e-05,1.864076874329864e-05,1.1296148111490014e-05,0.782362202092631
20,0.028401929588078197,0.011117668874707491,0.003038538744262103,1.3670407762686937e-05,5.3039628721344774e-05,0.00047102062995319253,0.03893345086543448,4.880177670617333e-07,0.011666215031027034,4.984001322218335e-05,7.62632813391356e-05,1.169890677053884e-05,7.9475219951788e-08,0.01724551201035409,0.09050048432915117,0.0005271771167631339,1.31143191433667e-08,2.2975311366090478e-07,0.0021765628047878184,2.747123069532508e-08,2.6071092675324756e-05,3.797557341329006e-05,2.7135268937168874e-05,9.87251995017099e-06,0.795615035481039
21,0.059775405771623956,0.007170569577746906,0.004664274169620767,1.8750448994744797e-05,4.058012837906818e-05,0.0007020508451084417,0.08054101304702035,2.58400069625526e-07,0.006626818024787747,3.592649075354245e-05,0.00010599335232020675,2.339851485901423e-05,1.5064262159363297e-07,0.028612699969385882,0.044275158762601276,0.0009472840170832845,8.144509058849838e-09,3.8703195779829774e-07,0.0012686263192435716,4.5786740967817094e-08,2.057959646776168e-05,1.506181223357555e-05,4.028975131858979e-05,1.0197931113813467e-05,0.7651044714634384
22,0.05578449093238778,0.008462315102744951,0.005062555782130593,1.6822609540655504e-05,4.819295079047004e-05,0.000827185725260908,0.06459765172327517,4.0136714057022586e-07,0.010623975205831998,3.6377533626662404e-05,0.00017132114198267542,2.172313089110531e-05,9.720207826996355e-08,0.02291469332871185,0.0661443349908372,0.0007942006590168824,1.2673156833484919e-08,4.786383021051815e-07,0.0018435754632705544,4.784795128500967e-08,3.163853661258397e-05,2.70068571197833e-05,3.4737600189898394e-05,1.042360184882424e-05,0.7625457393953005
23,0.03704287322869702,0.009452479130995823,0.0036594140203079725,1.533862767446446e-05,4.3802451861209906e-05,0.0005539410684083783,0.05412671075923657,3.295909652660518e-07,0.010767864248018772,3.83134666384113e-05,0.00010064970799298072,1.172139906405232e-05,9.507935919843144e-08,0.018257728475556234,0.06380646678483931,0.0005624953967869674,8.387440446103346e-09,2.615502818921802e-07,0.001718558254355311,3.1047836989768714e-08,1.997291034818618e-05,1.8328818723112653e-05,2.632628681240412e-05,9.733653723211272e-06,0.799766555654076
24,0.025960621322816867,0.014643033999522348,0.003690017905887097,2.64000771198684e-05,6.5778749011825e-05,0.0006805460143385984,0.04999930398379703,3.026791526648745e-07,0.00914098911528995,5.984346930474934e-05,9.485905135759799e-05,1.1528398111119036e-05,1.5015053234457788e-07,0.032770046697429125,0.04385600708508901,0.000501149208591579,6.835620119730754e-09,3.6499527728097525e-07,0.0016256523633679226,3.7855659441169235e-08,2.304457899989209e-05,1.9455049229363756e-05,2.968245101677336e-05,8.726475712627731e-06,0.8167924514877647
25,0.06566347318985427,0.008292639146656686,0.0061978248175385865,2.524292936698164e-05,4.2162379469095016e-05,0.000394548041665845,0.09307344827405563,6.724957303392813e-07,0.010620767036116318,2.556369969573371e-05,0.00023295196318063032,3.0125223568375103e-05,1.6578477320406508e-07,0.022020196440466627,0.05004268559857295,0.0004666628103061246,1.650437270079837e-08,4.6152930093138994e-07,0.002136394209858017,6.15301646468692e-08,2.6237382121231883e-05,2.0133234098903913e-05,3.099729911463303e-05,1.3820951822554425e-05,0.7406427475281291
26,0.07763914047123018,0.009346263214963079,0.005735045780615248,1.5216149382564649e-05,3.305391981455837e-05,0.00026603596860598494,0.06626450719022914,4.826433503270692e-07,0.009279465199531586,2.9875837227203016e-05,0.0001089160564058007,1.386706304405747e-05,1.5239164968375674e-07,0.009013318742797158,0.041446762308189444,0.00032861254653992436,1.961941166150374e-08,4.854945106850852e-07,0.0008761619547885121,3.2613973795669205e-08,1.4333742486207665e-05,1.5031162702590144e-05,2.2068191342081e-05,3.572659032331022e-05,0.7795154251468852
27,0.028990412239307588,0.006858068507479411,0.002517589601819679,8.92512425880114e-06,2.7698363542728962e-05,0.0005182999437277379,0.04074183644767483,3.568484069959709e-07,0.01564879557972688,4.010945390462957e-05,6.505268401099455e-05,6.625899659820423e-06,4.721402704167632e-08,0.008974689930047222,0.08611543441289077,0.000580850409864034,6.83441745465036e-09,1.5956456389472582e-07,0.0017709886069158637,2.540061411330953e-08,1.6984202715863707e-05,2.0597425797725945e-05,1.7585553486320966e-05,7.615713195825404e-06,0.8070712440379438
28,0.03704287322869702,0.009452479130995823,0.0036594140203079725,1.533862767446446e-05,4.3802451861209906e-05,0.0005539410684083783,0.05412671075923657,3.295909652660518e-07,0.010767864248018772,3.83134666384113e-05,0.00010064970799298072,1.172139906405232e-05,9.507935919843144e-08,0.018257728475556234,0.06380646678483931,0.0005624953967869674,8.387440446103346e-09,2.615502818921802e-07,0.001718558254355311,3.1047836989768714e-08,1.997291034818618e-05,1.8328818723112653e-05,2.632628681240412e-05,9.733653723211272e-06,0.799766555654076
29,0.03704287322869702,0.009452479130995823,0.0036594140203079725,1.533862767446446e-05,4.3802451861209906e-05,0.0005539410684083783,0.05412671075923657,3.295909652660518e-07,0.010767864248018772,3.83134666384113e-05,0.00010064970799298072,1.172139906405232e-05,9.507935919843144e-08,0.018257728475556234,0.06380646678483931,0.0005624953967869674,8.387440446103346e-09,2.615502818921802e-07,0.001718558254355311,3.1047836989768714e-08,1.997291034818618e-05,1.8328818723112653e-05,2.632628681240412e-05,9.733653723211272e-06,0.799766555654076
30,0.03704287322869702,0.009452479130995823,0.0036594140203079725,1.533862767446446e-05,4.3802451861209906e-05,0.0005539410684083783,0.05412671075923657,3.295909652660518e-07,0.010767864248018772,3.83134666384113e-05,0.00010064970799298072,1.172139906405232e-05,9.507935919843144e-08,0.018257728475556234,0.06380646678483931,0.0005624953967869674,8.387440446103346e-09,2.615502818921802e-07,0.001718558254355311,3.1047836989768714e-08,1.997291034818618e-05,1.8328818723112653e-05,2.632628681240412e-05,9.733653723211272e-06,0.799766555654076
31,0.034036570722003695,0.011818314717808663,0.005423629763960905,2.0156971601895467e-05,5.500215741551975e-05,0.00023381794573834648,0.03870947739333819,4.4518730207984496e-07,0.008461724559429572,4.431475407053648e-05,5.131748882761428e-05,1.1358399810711109e-05,1.487163279144401e-07,0.018499871226551716,0.02832226620602515,0.00031903219822123025,1.0549474177804772e-08,2.802895260490042e-07,0.0012948380871364898,2.893673767979119e-08,1.553305405967529e-05,1.4528653266502793e-05,1.5943622711588128e-05,1.6398686592957837e-05,0.8526349897120611
32,0.03585755556551113,0.009162071724069817,0.0035534786270825644,1.4283401644756987e-05,4.2976743337149175e-05,0.0005452782979362246,0.052790931338235356,3.53433936574957e-07,0.012150447654482472,3.928026095423387e-05,9.498145254066104e-05,1.1204371688173137e-05,8.784321807280841e-08,0.01753111056429158,0.0698449615695953,0.0005995551176952847,8.351024341711146e-09,2.3006199599360006e-07,0.0020532240737000567,3.083858988187509e-08,2.0557387715842674e-05,1.9593709975834722e-05,2.4243259644197633e-05,8.851128248200376e-06,0.7956347032228862
33,0.07762468487342006,0.042402180640947945,0.0036534282364090102,2.9329377003222243e-05,0.00018343166221016497,0.0011325173408285839,0.06784721344273988,7.131515588445594e-07,0.004836580135843553,0.00010378254952165456,0.0001673145775112005,3.9848037839976766e-05,3.95719968787922e-07,0.07094965580606151,0.09077110943676973,0.0010921851084822664,4.800205136800908e-08,1.293222875712946e-06,0.0033640259621384233,6.343504515811916e-08,4.149310777670269e-05,0.00018697011372701108,0.00012068480279076976,2.4584226318805294e-05,0.6354264670301596
34,0.03755810924644395,0.012092235465838822,0.003447563542909975,2.362322822123336e-05,6.439355474674112e-05,0.0006643839835996372,0.050608964919296985,2.981246189015726e-07,0.004595602342327401,4.1739342176541504e-05,0.00012024126149289417,1.9481804386571212e-05,1.2962151449567643e-07,0.031105260852313167,0.05271792303075752,0.000623768677815773,1.3465150578959566e-08,4.885586649884059e-07,0.0011973058981195473,3.726830685331069e-08,2.6536561733172362e-05,2.6055638537658286e-05,6.206831631968772e-05,1.182848365330368e-05,0.8049919468110537
35,0.035597479295212314,0.00516375684292801,0.0020868014152284485,1.0529078524491922e-05,1.0430039204173965e-05,0.0001049509100365225,0.0269029390004709,5.849742811187218e-07,0.012562702280218779,3.4896836717878833e-05,3.1075284720716076e-05,6.053959910630197e-06,4.9511671231458434e-08,0.0031083167874093277,0.014425529681326921,0.00013784330853149637,8.22009496845293e-09,2.7520021799342964e-07,0.00120123241016007,2.2555875029799374e-08,1.0617623148893767e-05,1.137589667895276e-05,4.125521779958594e-06,9.974111605420514e-06,0.8985784292540457
36,0.0322842078282661,0.004543983065223536,0.004459004553806456,9.469842190289653e-06,4.5643470719424915e-05,0.00010956786385055498,0.021359800680249195,5.069806863764917e-07,0.009427911883686737,2.6284930662921434e-05,2.5262439650933382e-05,2.2505108945878976e-05,8.402582460978958e-08,0.013684268506606439,0.043876467459954556,0.0004062185455604709,1.6501824307312184e-08,6.896991609867747e-08,0.002683715668623779,1.60676587201354e-08,1.3038688011015887e-05,1.8867458270603225e-05,8.90749151568732e-06,7.0598589809435725e-06,0.8669871221093143
37,0.13318640243534563,0.008912547483972116,0.005606638230394036,1.4216745437877079e-05,3.413225917865333e-05,0.00032360592627651087,0.08794921444897615,2.834565251689657e-07,0.004554514213055521,1.940214475697579e-05,0.00012510955418018447,2.6966699946087468e-05,1.4385036558899623e-07,0.02447659296409844,0.032025964503812905,0.0005048055459448066,1.2892535106739372e-08,5.354467526345112e-07,0.0012453353903717089,3.023604528360557e-08,1.5645752532891365e-05,1.7011765636155655e-05,2.6463015271039093e-05,1.7227659018083885e-05,0.7009171973795705
38,0.07760620684132084,0.005974394872991738,0.0026463071298431754,7.658095975515204e-06,2.4350247904778823e-05,0.0016884854458402562,0.13311391649842916,1.9166106559450493e-07,0.00979290683231709,2.616764632321754e-05,0.00020707319062809182,1.3067016668395343e-05,5.659093602318587e-08,0.018701670959862533,0.15064352884066387,0.001944840512766084,5.7943279762549856e-09,2.8939919380138043e-07,0.00207925851294799,3.812135885396724e-08,2.3669459872719464e-05,2.1804550546882283e-05,5.9353790898552486e-05,6.926583050809647e-06,0.595417831404266
39,0.043970873181396725,0.038402140646118924,0.003513608886417852,1.9692837462984204e-05,4.5426464827197636e-05,0.00042350319729678583,0.10901592706325532,2.693055254378059e-07,0.01055178643019608,5.2973355686304536e-05,0.00016651534725519216,6.458979096214217e-06,2.8451048701627644e-07,0.021592152113887347,0.07073225861185496,0.00025004217994434075,9.446854151846954e-09,4.338995819326839e-07,0.00113576211742079,2.797769880717453e-08,1.1220893776523545e-05,2.2671503451960775e-05,2.7981690370153675e-05,2.792425155368812e-05,0.7000300551085834
40,0.03825512769799108,0.00954514754980431,0.0036870915670746823,1.5086837491653954e-05,4.4070083264712775e-05,0.0005586279938920996,0.05489999361385674,3.309514286562403e-07,0.010717281478004444,3.8068982108728566e-05,0.00010241963084392934,1.2029975418106254e-05,9.467900892209821e-08,0.018549704375672414,0.06488571258448741,0.000569391316428616,8.547800182910218e-09,2.659880071786758e-07,0.0017474682870378586,3.096311231373573e-08,2.0246139119181563e-05,1.9114577700673107e-05,2.648238622318809e-05,9.80056207912856e-06,0.7962964032321438
41,0.0305916344084355,0.009381486040588008,0.004031203965481538,1.431254152471542e-05,4.8383934866727076e-05,0.0006094440660747703,0.04986463796709902,3.102323350998744e-07,0.014145975796463968,4.218327987788693e-05,8.824975995772182e-05,9.411877066842794e-06,8.96911689693743e-08,0.018012623111793045,0.07012758432989916,0.0005775670908709775,6.547790842688263e-09,2.0189588592283922e-07,0.0017567357528035358,2.9013745686311545e-08,1.8592248615406183e-05,1.6255275202105478e-05,2.1352528853542723e-05,8.92363481696212e-06,0.800632805008782
42,0.036063269540796576,0.006782427241560573,0.002295340177407484,6.764568459972058e-06,2.7054727276789318e-05,0.0004704273614209688,0.04141862183278111,5.395315512608233e-07,0.013592505430163859,3.804640658798395e-05,6.444973799559982e-05,1.0376140384046995e-05,3.039467823558624e-08,0.010612928859685443,0.14141303386801882,0.0011391390183990093,1.2690789317991592e-08,1.233757773231474e-07,0.004339282237123493,3.0983133257744284e-08,3.0297232124489014e-05,5.15397661456766e-05,2.3057047176490456e-05,5.089366589123685e-06,0.7416156124639731
43,0.017675040553965623,0.009656610689715352,0.0016094161598764398,1.1608473580274927e-05,5.4613827235032604e-05,0.0010742575411936408,0.024694273640160806,4.028686377985493e-07,0.014373511915938853,8.932739621075612e-05,5.005589914495589e-05,6.6952245232916216e-06,4.2426195508348555e-08,0.013631711527880395,0.10467579526499148,0.0009146453352083393,8.453213592428495e-09,2.081428549843604e-07,0.0028451720008654483,2.522561824318841e-08,3.598679219324236e-05,4.0800853200888265e-05,2.965692666901872e-05,5.045487164273792e-06,0.8085250873737617
44,0.03704287322869702,0.009452479130995823,0.0036594140203079725,1.533862767446446e-05,4.3802451861209906e-05,0.0005539410684083783,0.05412671075923657,3.295909652660518e-07,0.010767864248018772,3.83134666384113e-05,0.00010064970799298072,1.172139906405232e-05,9.507935919843144e-08,0.018257728475556234,0.06380646678483931,0.0005624953967869674,8.387440446103346e-09,2.615502818921802e-07,0.001718558254355311,3.1047836989768714e-08,1.997291034818618e-05,1.8328818723112653e-05,2.632628681240412e-05,9.733653723211272e-06,0.799766555654076
45,0.04767215358046244,0.008480029575997841,0.005868765758040897,1.1376770253326477e-05,5.8147109348676975e-05,0.000617917842908484,0.08411197105684995,5.471803981412742e-07,0.02351259814033871,3.829180434257213e-05,0.00012246161579112315,1.3696552165965236e-05,1.2992565914197794e-07,0.016915168497902113,0.13630334156875892,0.0008582720796757861,1.046634557917729e-08,1.4523684040800888e-07,0.0030779132023741177,3.6973845385674176e-08,1.629826567426002e-05,2.237823997526277e-05,2.3696382043608898e-05,1.3266755916499566e-05,0.6722613854180909
46,0.05496134305617329,0.008888900119696919,0.0033274445896445894,1.5640123768654135e-05,3.90889977721841e-05,0.00027393382270704937,0.04013117502433723,5.404466540485674e-07,0.006473168789764212,3.174695660906181e-05,9.077045683332094e-05,1.968214596138658e-05,1.0848148909562363e-07,0.01180852726419265,0.05543246801009844,0.0004331007530269227,2.735313560351687e-08,3.58964384206113e-07,0.001503605143463748,3.163935538266397e-08,2.2481694832220867e-05,2.7234934434029886e-05,3.067004363823808e-05,1.6817880768661307e-05,0.816471133307259
47,0.1418865025143163,0.0068246689189637106,0.002916529521692121,6.819995721019223e-06,1.8390178741615003e-05,0.00032167926198897994,0.06195466816791688,3.5603024266142767e-07,0.00454499017046211,2.1618299617345317e-05,9.824121715304412e-05,3.123434743761101e-05,6.603896523630826e-08,0.01045075295330238,0.05553102117075525,0.0007336855124680664,2.1881935871973425e-08,4.5191532319993383e-07,0.0015746294848754437,3.1107303919443374e-08,2.105064123624672e-05,4.1772710338193545e-05,2.4103666509599122e-05,1.2849650611375647e-05,0.7129838646421218
48,0.04584806896804868,0.02018143849310754,0.0017695666092789424,1.3147063454864708e-05,3.5064020976293465e-05,0.00020017420794458726,0.05634655673966883,8.115457158929013e-07,0.007250639110109352,6.699085905490152e-05,4.877933326223651e-05,9.728515825141665e-06,1.3084483923603587e-07,0.013171910633909456,0.08558309909779532,0.0006091583794526006,3.1362604275281546e-08,2.23200501663462e-07,0.004224858103146017,3.013958768385706e-08,2.118895207190639e-05,5.826789992461754e-05,3.2540309395321846e-05,1.611461901149582e-05,0.7645114809913132
49,0.04774122660348942,0.009339194094363667,0.005515020142191823,1.8199501162390304e-05,7.513126530424074e-05,0.0010400618337178878,0.05865363774136493,4.2305794445880793e-07,0.011949630021866319,4.421027329942298e-05,0.00017205658982396394,2.781888228166533e-05,1.2654416553256915e-07,0.02850497781426278,0.07774386773665874,0.0008268651036319934,1.269878072437437e-08,4.47368510306869e-07,0.002000985230036611,4.8630722261484475e-08,3.0064957320680165e-05,3.4480404726970676e-05,3.805322932158486e-05,1.0444353826157255e-05,0.7562330159212255
50,0.04930873713363918,0.008592967579386646,0.003952036403097242,1.750773246298275e-05,5.299113418932938e-05,0.0006173216274937305,0.03833089555420071,3.2271608534598464e-07,0.006655318367782487,2.065775664482313e-05,0.00024781059282984885,2.5521181101357437e-05,9.66289929501605e-08,0.014617926197052098,0.07711900029876365,0.00037684685045921663,1.9133427101635927e-08,5.583889538278953e-07,0.0009193213530771556,3.157732928965237e-08,2.9822440624028363e-05,1.8647226852123528e-05,4.6148599199702056e-05,1.5569105077523654e-05,0.7990339244212777
51,0.03814794788560869,0.016603133840967142,0.005361476918598374,3.0927320602670074e-05,5.7290800043606575e-05,0.000653151797117439,0.08486018525634201,4.893755170028119e-07,0.013584151922922859,6.480854944294746e-05,0.00016303896375687374,1.6897184752676205e-05,1.936938628276494e-07,0.03441900839628001,0.04092416247713702,0.00036622989564682784,8.754151176508248e-09,6.739179933080059e-07,0.0017512526504665563,5.061485682520078e-08,2.9679585406398597e-05,2.8954563410856012e-05,2.4592012526639107e-05,1.2298140305697946e-05,0.7628993954822835
52,0.054503617547649374,0.011587562184129901,0.00409344454276052,2.0087330508162223e-05,5.110308432600913e-05,0.0021287937780381304,0.1003097541275896,3.07969288024908e-07,0.01512909967365191,5.8311773071519185e-05,0.00025518251724858,1.368636953995951e-05,1.5024314460676255e-07,0.02361183832543889,0.08198384481591675,0.0009359189168338466,7.550906427933503e-09,8.173676017008874e-07,0.0013497892952440103,6.27581335973801e-08,2.59645823222443e-05,2.5516693117461498e-05,5.144811566890795e-05,1.3613030624334345e-05,0.7038500774072456
53,0.036793596800033496,0.009605819144251241,0.0036857660866750474,1.55216058233702e-05,4.596719142037632e-05,0.0005487150898932422,0.05180391554255289,3.34638547924399e-07,0.010688604747846619,3.893354791631718e-05,9.850925601444902e-05,1.2089474023193484e-05,9.63122990673028e-08,0.018680611984961792,0.06259913663759215,0.0005508750260521577,8.59035540046698e-09,2.6386367796854785e-07,0.001747275225580888,3.046967678061658e-08,2.0271059635763514e-05,1.877444378990236e-05,2.5832698609407075e-05,9.69169334293222e-06,0.8030093588694276
54,0.07909310447004367,0.019156602801338997,0.021472683866027516,8.289405351994024e-05,0.0011835039983682171,0.0020800357051730524,0.03154548830804644,5.864634998228888e-06,0.04622858014425207,4.725736692380403e-05,0.0024551810722600377,0.00015614210807205172,5.619964749549031e-07,0.0273580867124283,0.17297927575551414,0.0002914683065054368,3.0138570367112014e-07,3.5024291024718033e-06,0.00642454729913098,1.1038631361168939e-07,0.00012620435099511946,0.00011543545295902353,9.725919056915307e-05,7.479000848549373e-05,0.5890211181967936
55,0.04224474400010915,0.00823804430930434,0.004486482808647807,1.5479804427324257e-05,3.412466865803545e-05,0.00037807866823493837,0.0541992972226466,3.403690729180416e-07,0.012535841269689,3.1641414165826124e-05,0.00010457758536715168,1.3007303891195146e-05,1.1698307473224708e-07,0.012937676520033099,0.04304974980664752,0.00035116633772145115,7.956138437717141e-09,2.882750577210017e-07,0.0013054914291252132,3.1451339239303034e-08,1.5027791483197213e-05,1.2113061864857135e-05,1.5508712654417437e-05,1.2122110170994239e-05,0.8200190401404748
56,0.038623894492854534,0.010675497467363033,0.004103661548767766,1.689999530352607e-05,4.884741873368674e-05,0.0005741451442401347,0.05861877617638017,3.666489759728672e-07,0.011873036254673786,4.25985722447168e-05,0.00011030713823089605,1.2557203381827085e-05,1.223743384128284e-07,0.019262274580689066,0.0651334245053601,0.0005683839688465186,9.430183520251841e-09,2.9075164661327215e-07,0.001777838077917385,3.550508807634669e-08,2.0253466677547457e-05,1.9221305407843202e-05,2.693266349532686e-05,1.1546124099037554e-05,0.7884790791851005
57,0.03613220761316912,0.009243181505884558,0.003912437524809792,1.5240087078187605e-05,4.796198527017148e-05,0.0005304186072949804,0.04937612464853381,3.580782599294546e-07,0.011372506724544826,3.981842781394838e-05,9.430126370021652e-05,1.3059006387236932e-05,9.679212232140006e-08,0.018749704701366093,0.06316558381372142,0.0005682240171621008,9.115787915168102e-09,2.4756164740470786e-07,0.0018914865869245339,3.1082128528439915e-08,2.0732870999117893e-05,1.978675164649794e-05,2.407433942303189e-05,9.374294378660473e-06,0.8047730325999455
58,0.039809354833368706,0.010289069811423508,0.003957679091002985,1.5366923686578046e-05,4.417376646269082e-05,0.00048052787582941937,0.05561964408485059,3.587114971819682e-07,0.010229644183680468,3.894097940869669e-05,0.00010023608913941595,1.198050842324845e-05,1.0854851085703168e-07,0.01677510681330224,0.06284059231913615,0.0005241292970774603,1.0438103089680087e-08,2.882052750896747e-07,0.001546509989026451,3.14381121671826e-08,1.9645843019166677e-05,1.8967337604816248e-05,2.738343602169918e-05,1.296347049463027e-05,0.7976372860055427
59,0.04134855780496972,0.009346102513818568,0.004614282745460859,1.5334288698397727e-05,4.178341814748055e-05,0.0004342070833289585,0.0559207391838618,3.6318842846584237e-07,0.010108154149978722,3.5307146278414016e-05,0.00010006916132255752,1.2333575529214793e-05,1.0599793235354384e-07,0.015415254584284057,0.05628848079265112,0.00048622623904842605,1.0418942592968317e-08,3.055725745631165e-07,0.0013213581133140464,3.254061154189657e-08,1.9102986460676983e-05,1.6710717838573757e-05,2.4802855933469074e-05,1.455020675267183e-05,0.8044358247138328
60,0.03704287322869702,0.009452479130995823,0.0036594140203079725,1.533862767446446e-05,4.3802451861209906e-05,0.0005539410684083783,0.05412671075923657,3.295909652660518e-07,0.010767864248018772,3.83134666384113e-05,0.00010064970799298072,1.172139906405232e-05,9.507935919843144e-08,0.018257728475556234,0.06380646678483931,0.0005624953967869674,8.387440446103346e-09,2.615502818921802e-07,0.001718558254355311,3.1047836989768714e-08,1.997291034818618e-05,1.8328818723112653e-05,2.632628681240412e-05,9.733653723211272e-06,0.799766555654076
61,0.03971735135634535,0.009517806163390832,0.00499543748443398,1.5531404633364257e-05,4.660296712521323e-05,0.0004809435703125911,0.05577673799318497,3.521429263962648e-07,0.011265340897421414,3.528253355556356e-05,0.00011007709885267515,1.3322626849757328e-05,1.0910867735810017e-07,0.017491286047134895,0.05956464002189398,0.0005101423887731699,9.633827706263392e-09,2.7917796307841673e-07,0.0014905041083993255,3.3430480117905864e-08,1.9479199669417116e-05,1.688782200598785e-05,2.3494610160021404e-05,1.2691463090171484e-05,0.7988956567488925
62,0.03704287322869702,0.009452479130995823,0.0036594140203079725,1.533862767446446e-05,4.3802451861209906e-05,0.0005539410684083783,0.05412671075923657,3.295909652660518e-07,0.010767864248018772,3.83134666384113e-05,0.00010064970799298072,1.172139906405232e-05,9.507935919843144e-08,0.018257728475556234,0.06380646678483931,0.0005624953967869674,8.387440446103346e-09,2.615502818921802e-07,0.001718558254355311,3.1047836989768714e-08,1.997291034818618e-05,1.8328818723112653e-05,2.632628681240412e-05,9.733653723211272e-06,0.799766555654076
63,0.03768661094274765,0.010997852209608682,0.0035731116435252343,1.5067418839453104e-05,4.108857999600261e-05,0.0005205326787974575,0.056564762210649565,3.396141819578574e-07,0.011181021255633132,4.038532705945522e-05,0.00010443365507853843,1.0631649198737816e-05,1.0292926062372601e-07,0.016643310031567236,0.06578372377951859,0.0005203198447597415,8.87192772952201e-09,2.755896861845548e-07,0.001673821628536786,3.1992236255486586e-08,1.950358953035008e-05,1.898177991214147e-05,2.499937638063791e-05,1.1157122717550204e-05,0.7945679262786502
64,0.03352178361704567,0.008622043552336364,0.003234697851344068,1.4209805981863268e-05,4.042767977767202e-05,0.0004843430519186061,0.04375943227336235,3.2587696067424457e-07,0.009648833415304255,3.426989408288014e-05,9.45511061551586e-05,1.182217277299385e-05,7.24061688515284e-08,0.01632708395319741,0.06387116726086593,0.0005090474901535824,8.835131459227429e-09,2.495557863160346e-07,0.0017435496545374506,2.6688448877027424e-08,2.4965339205302107e-05,1.7855579771442255e-05,2.4844287579852585e-05,8.493831859994721e-06,0.818005894820251
65,0.027944419636141648,0.004552209624024551,0.003204908758711527,3.096815451920543e-05,0.00021536796970504396,0.004091947663660085,0.02050511601817949,1.4958514899201537e-07,0.0029206008775924035,4.751126232434861e-05,0.00012801047373569002,7.433532928423493e-05,7.464133094786181e-08,0.12907537215162937,0.03841501561580866,0.0016131825236022888,7.154628046631914e-09,8.6247323050029e-07,0.0017606053247588693,3.216229026900474e-08,7.468239971265165e-05,3.300778906266177e-05,0.00010479874478635283,2.1278801317141454e-06,0.7652046857860004
66,0.02946121124539395,0.007706043897740419,0.00633278505425364,1.901071010138235e-05,6.466458573412925e-05,0.0009108250445369916,0.07048195640266322,4.967957322331363e-07,0.03506004408428583,9.550383249240402e-05,5.953415942607433e-05,1.3785360423370424e-05,1.8659141413297703e-07,0.029597856553440754,0.04718797065592348,0.0013548201377636684,4.280301191912992e-09,1.328400731934179e-07,0.005379705547800324,6.415414516810515e-08,1.550548277627552e-05,1.702375511765265e-05,1.1902176333932843e-05,4.647705969440885e-06,0.7662243189461573
67,0.03251646787518719,0.0037155542649915095,0.003940943247866314,2.0140298362674e-05,5.136975969210973e-05,0.0021061651816178546,0.0730061583013304,1.1502821024990393e-07,0.0031608365347026404,2.4188732185519872e-05,0.00016304090319630937,2.5365210359029273e-05,8.54469483941914e-08,0.051610909527470585,0.07908710649177618,0.0027576037393732987,5.603286758002248e-09,3.4297407905822005e-07,0.0007809771066200692,6.397482100103973e-08,2.7225787602664156e-05,1.3133765169763259e-05,0.00018313380914888674,5.361516350674478e-06,0.7468037049196509
68,0.037486538207616785,0.009347187315962869,0.003587119325488077,1.5345849729834818e-05,4.288555384747935e-05,0.00056232431604863,0.05400682342071567,3.253093352586849e-07,0.010457179864978159,3.776171835780262e-05,0.000103152924838091,1.1857854616290587e-05,9.369500194509914e-08,0.017945449307620966,0.06359321707152728,0.0005621683139394876,8.498599146071297e-09,2.71526894094593e-07,0.0016669617961477471,3.1268350220892526e-08,2.024218367860669e-05,1.8340672139763874e-05,2.7130901056717988e-05,9.783471432478464e-06,0.8004977996320766
69,0.013843905091574701,0.003522367379098467,0.003032962486844566,1.164911787769962e-05,1.0661026883853562e-05,9.398317778575359e-05,0.023997943640786126,2.2172147366248072e-07,0.007170003570574106,2.201659426839673e-05,2.227321878660081e-05,3.2867668212421246e-06,4.813750882420798e-08,0.0038373024814411273,0.0198647176802602,0.00026259613872831397,4.363175009785749e-09,7.844338652915914e-08,0.0005525076156918675,2.5688725508843682e-08,7.795196598857224e-06,2.6687024295945576e-06,7.246139071318454e-06,8.2664173394248e-06,0.9237254692028681
70,0.03716428444770323,0.010559462546250788,0.0031695220544903533,1.460207200378578e-05,4.0980085855343245e-05,0.0005134541883629412,0.053791533184159926,3.883671656374755e-07,0.011895824592611385,4.010030511236872e-05,0.00010397153005301913,1.0191609358315925e-05,9.171212069912672e-08,0.014638108491481746,0.07245711302350796,0.0005105078303997289,9.616631688855254e-09,2.635252317677547e-07,0.0019329175971616876,3.016144878748134e-08,2.016944634041803e-05,2.0029937731912595e-05,2.5837013082759838e-05,1.0820280000374987e-05,0.7930797863817334
71,0.049640355140947966,0.0075840844351677825,0.003564889680547938,1.4948951554546145e-05,3.0712152601212394e-05,0.0004886620576315737,0.07170495797795658,3.4047655243523663e-07,0.00880938848634692,2.8809629589533897e-05,0.00011935755749564314,1.3249176137883141e-05,9.020774914752549e-08,0.0162173588210268,0.06276395541464158,0.0006466160713543783,9.564349985421707e-09,2.96937728781585e-07,0.001601963449869678,3.7097979495108905e-08,2.0255296929545894e-05,1.6691199941726783e-05,3.273257042992961e-05,1.0692143962846737e-05,0.7766895455015062
72,0.10876594578366426,0.027083103815786692,0.0019178507264192713,2.12175679318925e-05,2.966243936183964e-05,0.0003676193451992743,0.12493328244895091,1.488679106242883e-06,0.007560635546349335,6.171174604706917e-05,0.00027138387972488955,1.8826254867011026e-05,2.1513806413171352e-07,0.009233184894245058,0.08573281455680756,0.00043230687067076495,8.047053052224315e-08,1.7345617487859481e-06,0.0036164695740760113,6.320972756840216e-08,4.9195254650849e-05,7.620496557633986e-05,6.113958215154453e-05,4.525482265191466e-05,0.6297186078656902
