,0,1,2,3,4,5,6,7,8,9,10,11,12,13,14,15,16,17,18,19,20,21,22,23,24
0,0.005776152532477714,7.256874086709884e-05,0.0002997224886212047,2.0221653163817386e-05,0.05796441364439847,4.7439528254300353e-05,0.0007464291250330891,0.0006561649108545875,0.3432038436916026,0.05858617750607228,0.04298979535235797,0.001176912478568329,5.5530515874003704e-08,0.0027471562335053636,0.03630915561877417,1.2117806093740473e-06,4.674869076312539e-05,6.67909965666683e-07,9.304930857775457e-05,1.389142544183975e-06,3.7582026116441475e-06,0.00015887974941407643,0.0014613920177047478,7.5873789510326565e-06,0.4476291067837916
1,0.0052024437785395386,8.553962796942484e-05,0.0003785611761040586,1.6420730332832464e-05,0.06568518207627885,4.615174802788879e-05,0.0005103237897291654,0.0005259168271428797,0.4130425468868206,0.054767368482350594,0.03896746493710551,0.0008858506431515666,4.0743523671823336e-08,0.0016958608863296245,0.029637419560455028,1.077423851168274e-06,3.8868939982392e-05,4.0832266787021887e-07,0.00011737474955477204,9.84266623515466e-07,3.0419865267370867e-06,0.00016656992424922802,0.0009898097799040534,5.041450652235842e-06,0.3872297312621269
2,0.0026033443971958813,8.482695237121098e-05,0.00017765846515133992,1.04378504973295e-05,0.04560368737410454,2.1263044976480906e-05,0.0002648470352132288,0.00034656385227426856,0.24472293558409955,0.029682669775705953,0.05820555782989627,0.0008452783823756453,1.7952068382182284e-08,0.0024968962381839536,0.05247711656906716,3.112097578690265e-07,2.0748127329224108e-05,4.2666427468400084e-07,3.5030791379060877e-05,1.1590150244784827e-06,2.573641922723978e-06,9.966205996836762e-05,0.0011533063775704543,2.5529312158804204e-06,0.5611411278783761
3,0.004241604135619418,9.24818896946649e-05,0.00024153625069086313,1.4900527360693864e-05,0.05320914467413536,4.23033391097713e-05,0.000650796209205427,0.00042085600742164614,0.23288179400695044,0.03984132506086809,0.04128206618740142,0.0013054193500813,3.285681553991114e-08,0.003291732950909711,0.04061890582314676,8.188304019307049e-07,4.124589225012932e-05,6.086682662315411e-07,7.62693717205965e-05,1.0753378418478866e-06,3.5554585033857795e-06,0.00018692293424719944,0.0012581683527486658,6.602245893388382e-06,0.5802898336387156
4,0.004968466996991377,9.923876002557785e-05,0.0002549348094924203,1.6914665636251512e-05,0.05529552031496589,4.678151023158062e-05,0.0007026488085339115,0.00046543822186204624,0.22764187915701847,0.04213048706134514,0.04211088753945537,0.0013329235444833015,4.3084082996238956e-08,0.003702923572392103,0.039847006154276436,9.65286335055635e-07,4.649989587878546e-05,7.465449029746705e-07,9.140127979646357e-05,1.2425425656093107e-06,3.6418142788286654e-06,0.00019154425092256575,0.0013266253359135356,8.006267488297934e-06,0.5797132325811251
5,0.004613630194606894,0.00011590706701449884,0.00021730863728459243,1.9372963127852486e-05,0.053580652721784076,5.0217055886790384e-05,0.0006242429558225483,0.0004711105435310024,0.22722809749346795,0.04041617143689163,0.04688030911230405,0.0012523143782537073,4.014262738839972e-08,0.0038175639386132413,0.048109196478226667,9.54588362483568e-07,4.438472124459016e-05,9.466186133257761e-07,9.259589047306134e-05,1.2955539171689216e-06,3.907555729814974e-06,0.00020095200778378575,0.0014568851705821985,7.319097020653598e-06,0.57079462367683
6,0.004241604135619418,9.24818896946649e-05,0.00024153625069086313,1.4900527360693864e-05,0.05320914467413536,4.23033391097713e-05,0.000650796209205427,0.00042085600742164614,0.23288179400695044,0.03984132506086809,0.04128206618740142,0.0013054193500813,3.285681553991114e-08,0.003291732950909711,0.04061890582314676,8.188304019307049e-07,4.124589225012932e-05,6.086682662315411e-07,7.62693717205965e-05,1.0753378418478866e-06,3.5554585033857795e-06,0.00018692293424719944,0.0012581683527486658,6.602245893388382e-06,0.5802898336387156
7,0.0011370511514261958,0.00012416662166744633,0.0001052786271146872,9.659098536835048e-06,0.03975865684652519,8.004609120901187e-05,0.0004290254925633046,0.00017296107090929679,0.1796167153092814,0.015387740157951706,0.026022634359565776,0.0015274489376695204,9.954064052616947e-09,0.0038325525312645314,0.0717151904137048,7.531054245193967e-07,3.412395877090264e-05,1.1533503297265516e-06,4.552585208257925e-05,7.780220895257235e-07,1.0368241410586094e-05,0.0001830516942366909,0.0029465455065120377,5.415291679933359e-06,0.6568531483140099
8,0.004168501645251335,9.928548504689521e-05,0.00023087055183493462,1.5211484913116101e-05,0.05672587925843052,4.6163139708239916e-05,0.0006596427924611864,0.00043529837225590864,0.2435442355876934,0.03864584714230531,0.04256372272600289,0.001307404080746397,3.3044735274322936e-08,0.0033026810212327543,0.04343063244007432,8.77882446656043e-07,4.079778767826962e-05,6.78905024098298e-07,8.363543536373621e-05,1.0684033423168878e-06,3.565260738218647e-06,0.00019592576386011,0.0012202543447614234,6.313049163803415e-06,0.563271474394929
9,0.004037065000146865,8.283071818263953e-05,0.00022525989869519796,1.3368711950538388e-05,0.043332417710458176,3.314555464255353e-05,0.0005513643359999731,0.00036609081814280796,0.20757003353938827,0.03921924168237412,0.03943569137240402,0.0011949181862608797,2.7371570450584888e-08,0.0031847144303461285,0.03888041559830058,6.069815772256435e-07,3.652852976257025e-05,4.769185119169525e-07,5.780917628202337e-05,9.887902187075282e-07,3.2698329891014383e-06,0.0001598351748965619,0.0013328585975058713,6.3389175214797314e-06,0.6202747021518713
10,0.004241604135619418,9.24818896946649e-05,0.00024153625069086313,1.4900527360693864e-05,0.05320914467413536,4.23033391097713e-05,0.000650796209205427,0.00042085600742164614,0.23288179400695044,0.03984132506086809,0.04128206618740142,0.0013054193500813,3.285681553991114e-08,0.003291732950909711,0.04061890582314676,8.188304019307049e-07,4.124589225012932e-05,6.086682662315411e-07,7.62693717205965e-05,1.0753378418478866e-06,3.5554585033857795e-06,0.00018692293424719944,0.0012581683527486658,6.602245893388382e-06,0.5802898336387156
11,0.005002621087082881,9.289241205661037e-05,0.0002636340834904497,1.6460826584443123e-05,0.05270917706334701,4.61997096242428e-05,0.0007327400607589919,0.0005342943462468004,0.2516185490150546,0.04663328519728954,0.04132532606229968,0.0013896013833758383,4.555256356605722e-08,0.003228725743844169,0.03904322423919368,9.730324468750539e-07,4.853810420019355e-05,6.956600368470145e-07,8.985410486925083e-05,1.2176306585304868e-06,3.519753755251058e-06,0.00020374629324681885,0.001274629809529606,8.095234703198973e-06,0.555731953593741
12,0.0003182528622146926,1.3465390096628308e-05,2.0029440094040923e-05,1.3442184939043244e-06,0.10935354469697406,1.5078050525044222e-05,0.00034484229556110043,3.2011467271396502e-06,0.029144268684907562,0.002515042524950264,0.007522615145907915,0.00023474081225716733,2.0489668081459647e-09,0.011740671667654115,0.007386831873637322,8.33991899114773e-08,8.22352216885102e-06,4.675823641849131e-07,4.5587554447707585e-06,7.09478772072383e-07,2.9042140804149165e-06,6.178179791215573e-06,0.003422330786145299,2.61678002973214e-06,0.8279379964430458
13,0.003888787286389106,3.728422286656562e-05,0.0002672032804437972,2.0572032889507397e-05,0.026193604895445137,6.375500165960173e-06,0.0002493539120467275,0.0004800328717382243,0.11876936580348846,0.02789794204381326,0.2915223815124546,0.0022467096501142198,2.5953964626402947e-08,0.008695628753085289,0.09082421208931073,4.201870617885313e-07,2.2316684362234587e-05,6.544748138358183e-07,1.3210923575506379e-05,2.44196348581099e-06,3.952754713871937e-06,7.062601231380228e-05,0.0015459641278476014,1.5598075267908076e-06,0.4272393732560825
14,0.0034773174936867843,0.00026382545699248094,0.00028548279682896315,2.4271456928530964e-05,0.09803284944926834,6.420368011526488e-05,0.0003703019668964273,0.0003394996610570005,0.25250237044047696,0.03250407731624674,0.07518129776230627,0.0008644207192935761,3.8574621606079954e-08,0.0030628504459811424,0.05758916173617382,1.0259533241322715e-06,2.8619941889434176e-05,1.1445134118640228e-06,0.00015101894408106083,1.5469950166921313e-06,3.2944204741279855e-06,0.00022076594358723484,0.0010690169574526609,3.6918076411313926e-06,0.47395790556624784
15,0.004241604135619418,9.24818896946649e-05,0.00024153625069086313,1.4900527360693864e-05,0.05320914467413536,4.23033391097713e-05,0.000650796209205427,0.00042085600742164614,0.23288179400695044,0.03984132506086809,0.04128206618740142,0.0013054193500813,3.285681553991114e-08,0.003291732950909711,0.04061890582314676,8.188304019307049e-07,4.124589225012932e-05,6.086682662315411e-07,7.62693717205965e-05,1.0753378418478866e-06,3.5554585033857795e-06,0.00018692293424719944,0.0012581683527486658,6.602245893388382e-06,0.5802898336387156
16,0.005901910530847628,8.385075839673753e-05,0.0005445582747190946,3.2120396226544106e-05,0.07355591371771533,7.048446403232485e-05,0.001311889795949839,0.0007074638062451144,0.15459817691990654,0.05193670105369749,0.10556821572614683,0.004390738175253272,9.148366993155543e-08,0.013285781594782354,0.09101194696904279,3.3018537396813784e-06,8.353156108045628e-05,2.727450753428456e-06,0.00010762669651886861,3.5344513037541434e-06,1.6825466018002913e-05,0.0002378538078235898,0.002759770506555747,1.3786257253893994e-05,0.4937711982823207
17,0.00472392012093901,4.306408629685032e-05,0.0001928997728556002,1.3935842119514094e-05,0.041061344258927795,1.382172780525012e-05,0.0010068072024928048,0.0003011316609349339,0.13569302666534314,0.01972144453636089,0.040780843528936635,0.0018042782096167375,2.385644146175115e-08,0.004857802987328986,0.019959489396113847,4.777890111306424e-07,4.3574266006702695e-05,2.948241516602899e-07,2.1947057009888884e-05,8.426794806114283e-07,2.550066994525475e-06,0.00015087545972640635,0.0008889374480302141,4.552389189873697e-06,0.7287121141678855
18,0.0026407933856341954,4.5587857769059e-05,4.366735752591744e-05,4.002691936763047e-06,0.02008932592119077,1.0844868009129286e-05,0.0003807672372162475,7.40692486803508e-05,0.08531046368914372,0.01128522894850665,0.01365596408737046,0.00035672038178308246,6.002892490338597e-09,0.0016353643461024488,0.010493775233604678,1.1419308411409437e-07,3.744017341101741e-05,2.0584549742415578e-07,2.4734314299858662e-05,2.630960041333294e-07,8.139995101612913e-07,0.0001231466514134387,0.000598926976563276,3.23420349510843e-06,0.8531845392893557
19,0.0038968767599884295,5.5625602189827975e-05,0.00032343507382664354,1.6695943059827477e-05,0.0460758379301423,5.244712553075294e-05,0.0011262406127649797,0.0006876990208835035,0.291999910814939,0.07950717345996408,0.027159899716198,0.0017220077343065726,5.1245999090736324e-08,0.0015400133671843086,0.020476518280235445,8.679296885256339e-07,5.6133676203352474e-05,3.132223262805441e-07,6.279809183784912e-05,1.1300705303241265e-06,2.7309121079637396e-06,0.00028011681704240233,0.000828794642833308,8.66881241538388e-06,0.5241180131378019
20,0.0022313039277707127,0.00023080757875489592,0.00023533174354002764,1.659343621982008e-05,0.028044819483919535,5.401941369315019e-05,0.0003707824248218375,0.0007992713230955531,0.21971322248901343,0.032917544449140294,0.05726721777404071,0.0026913502098744042,2.502848937944034e-08,0.00287243758386709,0.13370576118855984,8.455233542467193e-07,3.18029964915224e-05,8.681638291361959e-07,6.953832100555662e-05,9.754401096687329e-07,6.562509098346031e-06,0.00043518326631362833,0.0011904716668663439,4.950754055597777e-06,0.5171083133040754
21,0.005908427539498001,9.032237230014488e-05,0.00032340494824915987,3.170267081601099e-05,0.0578433497074067,2.995155660505315e-05,0.0005253974927945563,0.00043653583761273036,0.1869085334230623,0.03333971279152176,0.1176395714068037,0.0019523090439881037,4.0052322715657386e-08,0.008491754784980762,0.06450081863451422,1.2737653542986595e-06,3.663824527068087e-05,1.0168901166253247e-06,6.538514860340226e-05,1.8474343434971703e-06,5.345418137794599e-06,0.0001459358598145064,0.0016317301877231147,4.114000371081992e-06,0.5200848807877891
22,0.00527473250094378,6.184074127457698e-05,0.0003796312767760171,2.4776718010618444e-05,0.05860002034687656,3.452236625273493e-05,0.0006916313894876607,0.0004624451975958487,0.2048417198034639,0.06408090356940237,0.10551559964652261,0.001662932569898127,4.7716346757139994e-08,0.004467462207104281,0.04761493899188165,1.163038556585437e-06,6.915771692621368e-05,1.0313624362854493e-06,6.929143463521635e-05,2.346595806797165e-06,5.859581074871199e-06,0.0002008757076554092,0.0016893003991722477,5.670452875369281e-06,0.5042420986690235
23,0.004241604135619418,9.24818896946649e-05,0.00024153625069086313,1.4900527360693864e-05,0.05320914467413536,4.23033391097713e-05,0.000650796209205427,0.00042085600742164614,0.23288179400695044,0.03984132506086809,0.04128206618740142,0.0013054193500813,3.285681553991114e-08,0.003291732950909711,0.04061890582314676,8.188304019307049e-07,4.124589225012932e-05,6.086682662315411e-07,7.62693717205965e-05,1.0753378418478866e-06,3.5554585033857795e-06,0.00018692293424719944,0.0012581683527486658,6.602245893388382e-06,0.5802898336387156
24,0.004467893926844937,0.0001106646496469231,0.00022680149697294028,2.1753255183159698e-05,0.06700203285028025,3.543594717063292e-05,0.0005074447504817049,0.0003401048721221211,0.19293764518446105,0.03360439040134536,0.05571355813292722,0.001307964881329534,3.526216570251088e-08,0.004223001794005169,0.03488736577316554,7.450146580270952e-07,3.4177972029572916e-05,6.411468503569004e-07,6.852593845440206e-05,1.3028169296267188e-06,2.7426628218541405e-06,0.00017783090767102075,0.0010068019077656028,4.495313584430581e-06,0.6033166431411328
25,0.006890313359048053,3.8086263975663717e-05,0.0002889140256795843,2.6250733691199193e-05,0.04331254667304169,1.3870794271689312e-05,0.0009402482074904298,0.0007863375750874985,0.17602711982762048,0.04625343872483143,0.13641186392669855,0.0021469027854785494,5.975482678158005e-08,0.006112682047357777,0.03984685047145733,7.126572093772533e-07,4.9285460208511476e-05,6.809084639247783e-07,2.768590798491177e-05,2.331748669806498e-06,2.751487304150766e-06,0.00013566810768670951,0.001157437529432599,4.3501784699354005e-06,0.5395236108440133
26,0.0051564890876025365,5.9416479534717865e-05,0.00013761241108521113,8.344180390291461e-06,0.047257556407561,4.39884664411322e-05,0.0006002805224898636,0.0003001306896602317,0.34557045228392586,0.044872924416432654,0.01678177296776597,0.00038094349949192944,3.261722736144965e-08,0.0014497354601212304,0.018887780945225346,5.405075976976599e-07,5.296901950889236e-05,5.710040715034521e-07,9.816532916481676e-05,7.625589928350438e-07,2.2524386204173223e-06,0.0001020724779010328,0.00174759777045337,9.82853037105092e-06,0.516477779928363
27,0.0027824266865332545,0.00012777231329673026,0.00012559241708635422,1.1248460214146715e-05,0.03278597279034089,3.272284154515821e-05,0.00036766153237310223,0.00036983313521330276,0.2647320792951128,0.02705004008444692,0.03113829069448498,0.0008662352160560428,1.48281389558817e-08,0.0016487025551716944,0.040398694751736124,4.139827373248135e-07,2.3678575447768042e-05,3.222578387942199e-07,6.012135806664539e-05,4.730820070977621e-07,1.6316174270520567e-06,0.00022246794015064682,0.0006985247406219929,3.1344935892021852e-06,0.5965519443503631
28,0.004241604135619418,9.24818896946649e-05,0.00024153625069086313,1.4900527360693864e-05,0.05320914467413536,4.23033391097713e-05,0.000650796209205427,0.00042085600742164614,0.23288179400695044,0.03984132506086809,0.04128206618740142,0.0013054193500813,3.285681553991114e-08,0.003291732950909711,0.04061890582314676,8.188304019307049e-07,4.124589225012932e-05,6.086682662315411e-07,7.62693717205965e-05,1.0753378418478866e-06,3.5554585033857795e-06,0.00018692293424719944,0.0012581683527486658,6.602245893388382e-06,0.5802898336387156
29,0.004241604135619418,9.24818896946649e-05,0.00024153625069086313,1.4900527360693864e-05,0.05320914467413536,4.23033391097713e-05,0.000650796209205427,0.00042085600742164614,0.23288179400695044,0.03984132506086809,0.04128206618740142,0.0013054193500813,3.285681553991114e-08,0.003291732950909711,0.04061890582314676,8.188304019307049e-07,4.124589225012932e-05,6.086682662315411e-07,7.62693717205965e-05,1.0753378418478866e-06,3.5554585033857795e-06,0.00018692293424719944,0.0012581683527486658,6.602245893388382e-06,0.5802898336387156
30,0.004241604135619418,9.24818896946649e-05,0.00024153625069086313,1.4900527360693864e-05,0.05320914467413536,4.23033391097713e-05,0.000650796209205427,0.00042085600742164614,0.23288179400695044,0.03984132506086809,0.04128206618740142,0.0013054193500813,3.285681553991114e-08,0.003291732950909711,0.04061890582314676,8.188304019307049e-07,4.124589225012932e-05,6.086682662315411e-07,7.62693717205965e-05,1.0753378418478866e-06,3.5554585033857795e-06,0.00018692293424719944,0.0012581683527486658,6.602245893388382e-06,0.5802898336387156
31,0.010788943867280866,0.00015316522659951923,0.0006107987313122538,2.3763141624288122e-05,0.04909176130940854,3.9651309968629415e-05,0.0007288503044484289,0.001966958847843555,0.3193012261754895,0.05078787290029404,0.055927108756675614,0.0021575476557111777,1.2038755793701541e-07,0.0034593086918098125,0.06188645734167035,1.826569730775451e-06,7.204143546465065e-05,1.0354542435036517e-06,0.00016958482451007786,1.700109073757969e-06,5.230508441168328e-06,0.00028994520312342715,0.001156496121722496,1.2156196234703068e-05,0.44136644892976085
32,0.004862692220967221,0.00011527503936535455,0.0002562437857356647,1.5458203859868663e-05,0.055840198223245076,4.743247065103899e-05,0.0006046567697546732,0.0004507285846290619,0.24503594567078912,0.04095106720148357,0.039669594697756695,0.0012161507054767237,3.864274866885485e-08,0.0031695237221927453,0.040914956477117834,9.21737734066465e-07,4.392820058362798e-05,6.955902710746646e-07,0.00010525517186092662,1.068310226127802e-06,3.389740648272276e-06,0.0002062491293765149,0.0012062608539412764,7.3918886546689435e-06,0.5652748769609302
33,0.024273831963001955,0.0006577748763012633,0.00048806979706743635,5.34118945972076e-05,0.07905755733670082,0.00042219336919857516,0.002999277586558276,0.0016103043032364536,0.1778071471846725,0.06494879903311251,0.010994679788498243,0.0030269665746097264,5.59816011283605e-07,0.005209326572621272,0.021397232436714715,1.4728471790426361e-05,0.0006380946720827248,7.387949709166937e-06,0.0032408109960064568,1.4984713423256274e-06,6.755888589667225e-06,0.0025789372941991233,0.0012098858322207953,0.00019664480660616928,0.5991581230845509
34,0.044696484369021794,9.09285112073406e-05,0.0003620581399309683,2.6476758438011605e-05,0.08186129487566768,1.0946963069989612e-05,0.0003374032538089929,0.0006162606016124525,0.2967747399189391,0.03399175596991972,0.10150673430924352,0.00040001880306763353,7.96270561713752e-08,0.00485551528684266,0.023609324625685973,8.378593074585041e-07,5.5420795376696195e-05,8.080362856155673e-07,0.00022645395308945813,1.1451437468207238e-06,1.26924105014784e-06,8.599117737850042e-05,0.0007683530792235476,4.339089039735942e-06,0.4097153596119901
35,0.004508368336265185,9.689863303743078e-05,0.00023141705696960407,1.4878863221918942e-05,0.05144943420121258,4.0213757500715246e-05,0.0006187296596416444,0.0004654899711117309,0.2552896108571418,0.039128273513577304,0.04027723098621897,0.0012162818240592393,3.2679828083599283e-08,0.002897593975183549,0.03974440110453807,7.889803870186295e-07,4.017644529211839e-05,5.687258489123502e-07,8.015875463760861e-05,9.709422529266768e-07,3.099237291225132e-06,0.00019459871624623318,0.0011156953834406944,6.067687390634773e-06,0.5625790197077049
36,0.00412802920325044,6.530759871729523e-05,0.00013976394210813879,1.380973084063028e-05,0.023766325655743353,2.458214255638611e-05,0.0013723185353686457,0.0008723991345853862,0.1498622847271067,0.025947603705344036,0.043013068618373076,0.00473189391612901,3.2950451339166546e-08,0.004544225890420031,0.04243666847418227,8.83742060069899e-07,7.525944468376973e-05,6.894290977779984e-07,4.413438911132672e-05,7.249279348085879e-07,2.5201039446105796e-06,0.0005518324574898469,0.0005794214975602888,6.37336934417782e-06,0.6978198464135965
37,0.009193314413735623,5.687420007107539e-05,0.00030170432880992197,1.63519491613758e-05,0.058984677725036544,3.457028570883528e-05,0.0013644251586621367,0.00021249678249064152,0.08593887627158417,0.0284326953963129,0.037053691179875184,0.0018097480682282227,5.647713294321503e-08,0.014686765837869585,0.02739711797698183,1.4415469574726328e-06,8.822104709871601e-05,1.3129569713379262e-06,8.392424160200932e-05,1.6247608422823992e-06,7.529711196754328e-06,0.00012723564272783722,0.0026890996879868068,2.2366622827056228e-05,0.7314938777301286
38,0.004198884795178024,0.00011763322357404543,0.0003217637980211098,2.094842306598818e-05,0.05621043179179946,0.00011720537831442308,0.0012063483402494283,0.0006062710370228862,0.24535320882708436,0.057544083221019934,0.048579089872191464,0.002389991360945624,5.8464986795952205e-08,0.004888502937481117,0.07825019568055291,2.4229541300315873e-06,6.128779310096144e-05,1.6239926304098307e-06,0.000148321812372815,1.50929202366404e-06,9.53838129322365e-06,0.00030220895399767105,0.0023826243259904775,1.431982346127565e-05,0.4972715255195118
39,0.0037570026933683083,0.00013743766366281407,0.0003970062034775017,1.64531478049456e-05,0.056720297608019124,7.86875441417364e-05,0.0007100170810446656,0.0006616979539588423,0.28269737552796126,0.04295571490159684,0.03363290040266952,0.002032856190599746,4.464407576650349e-08,0.002722729950720971,0.053576400364246705,1.4968696776824034e-06,6.067673425425079e-05,8.017997998787178e-07,0.00012231159080288302,1.2276109201448076e-06,7.989702002843945e-06,0.0003087206689118243,0.0015052049972013154,9.646727547560353e-06,0.5178853014215329
40,0.004229321747296408,9.318918168169237e-05,0.0002421322922637764,1.47544243064528e-05,0.05355269425343409,4.089582160379541e-05,0.0006414284268309196,0.00040864831774738543,0.22740975382041534,0.03827548146357734,0.041575734412797,0.0013108242410381629,3.209759661830655e-08,0.003358353897412417,0.04024388778198893,7.979414341799079e-07,4.078341601234706e-05,5.989825793999403e-07,7.457681441812598e-05,1.066500000202682e-06,3.5325482068711224e-06,0.00018558720775396065,0.0012399070603593264,6.440358962379675e-06,0.5870495769902829
41,0.004414696934524002,0.00013323078801653725,0.00023442234269512903,1.9563321819119143e-05,0.07026217716200217,4.230252115738917e-05,0.00042389164081688943,0.0005027420077006118,0.3158698756562637,0.03613619973400412,0.056130780868712885,0.0009637974829941355,3.594224076053233e-08,0.003159380197786964,0.049316886446555554,9.041337275846924e-07,2.7964314514543182e-05,7.39455119712908e-07,9.804470041728024e-05,1.1768679087678122e-06,2.725052745315781e-06,0.00015417485147538857,0.0010576146234277902,4.10855051149829e-06,0.46104256440286223
42,0.003448584288345936,0.0006063083785858122,0.0006850510223818176,3.189347478884493e-05,0.03498588635276791,0.00012018832458799791,0.0003274166177793986,0.0020958339201003593,0.5489626050534574,0.036412994985469675,0.026584360366772534,0.0019770276795122634,4.501996504140424e-08,0.0005742747742086796,0.0603598476177117,2.822886624215031e-06,6.616817014465407e-05,5.128456194613149e-07,0.00039472234216665484,5.591704733835812e-07,6.0513989467566016e-06,0.0014734499481138894,0.00045829454425988774,5.076279647884077e-06,0.28042002453756776
43,0.0035988445672463483,9.116839432103328e-05,0.0005811073815490702,2.0007943358733242e-05,0.06605499151540839,0.00018872019541035345,0.0008884370593035616,0.0009585818141653154,0.4198923707661051,0.1287761021400385,0.0221013158500712,0.0018000447476717162,8.416897695804938e-08,0.001173792843977572,0.03982852909493944,2.3950106434463725e-06,9.77181490991947e-05,9.157456213246563e-07,0.00018112740854619907,1.9247992815161328e-06,1.4879619328249449e-05,0.0003727295958606938,0.002014908876935305,1.7925421580657023e-05,0.31134137689056013
44,0.004241604135619418,9.24818896946649e-05,0.00024153625069086313,1.4900527360693864e-05,0.05320914467413536,4.23033391097713e-05,0.000650796209205427,0.00042085600742164614,0.23288179400695044,0.03984132506086809,0.04128206618740142,0.0013054193500813,3.285681553991114e-08,0.003291732950909711,0.04061890582314676,8.188304019307049e-07,4.124589225012932e-05,6.086682662315411e-07,7.62693717205965e-05,1.0753378418478866e-06,3.5554585033857795e-06,0.00018692293424719944,0.0012581683527486658,6.602245893388382e-06,0.5802898336387156
45,0.005739430358718714,0.0001320564917724899,0.00032972352050800977,2.459198488346348e-05,0.0436035080360537,9.933925553891729e-05,0.001632040831565914,0.0027017619058028047,0.39101114031804984,0.07466078906252922,0.0423907479362837,0.0026052111374448555,1.1835210510709523e-07,0.002736743520633894,0.07863668052531529,2.941606586663859e-06,7.260157978704738e-05,1.6675148373208506e-06,0.0001883884956784412,1.4816233042728867e-06,5.0336190917093014e-06,0.00048533759420748657,0.001079140386394712,1.6582979829604295e-05,0.3518429413630768
46,0.005032171356108481,8.606686180719478e-05,0.000269021914917497,1.6269518166739876e-05,0.05205655496522185,4.514289406027918e-05,0.0007444696857225016,0.000467813296229782,0.22921904808418386,0.045687308700224936,0.03907943663153794,0.0014892777133833723,3.9747985735444435e-08,0.0031231649211473887,0.03490102267689954,9.211522661698739e-07,5.477927799986278e-05,6.021658710895523e-07,8.350847091161873e-05,1.1365586060496747e-06,3.859936385349551e-06,0.00022369995180571346,0.0012351525097169603,7.870112571283259e-06,0.5861716608962688
47,0.020422213288172508,0.00011011436501375434,0.0006131254849401573,3.3793187406195014e-05,0.04853005510820502,6.531067035026168e-05,0.0017805815279057255,0.0012950744685752934,0.2618303845720973,0.07522390884397594,0.03039579199494783,0.0029123582760296387,1.4829909430231497e-07,0.003495795035583284,0.02461465028297882,3.3370685351656713e-06,0.00016412722984011815,7.511341110675038e-07,0.0002827973440752015,1.0527077574237542e-06,5.1692207519717475e-06,0.0006067568184241437,0.0010475959159556199,2.6426533580859642e-05,0.5265386806216924
48,0.009650445714904823,0.00014827805839756037,0.0002716394175586511,1.3254191164823395e-05,0.04130381088383141,0.00011047113624996612,0.0011264594806950068,0.0009182262971862431,0.27403414327065906,0.07681408963856584,0.012089330834767095,0.0010866511920001327,9.987774401604294e-08,0.0015289479017026575,0.02192139294832992,1.6220299075385074e-06,0.00016064284823513161,1.0047289663954553e-06,0.00039212412560743335,8.486066362760012e-07,3.27325661344576e-06,0.0005210792919887893,0.0010917336058120612,3.807771333232682e-05,0.5567723529491435
49,0.0028410156786057923,0.00013532574162598794,0.0003659425366522112,1.6727008493426202e-05,0.04941786999567835,6.975917027758997e-05,0.0006705438232270049,0.0006207772643884781,0.27838362861730515,0.04880814457847093,0.03188199973613168,0.002202903638193657,3.646552066831773e-08,0.0017817152582902656,0.04120728866462855,1.0119285744834213e-06,4.93623460502152e-05,4.47684205043134e-07,8.751043582603239e-05,1.0764656371343174e-06,4.953351027922712e-06,0.00041056076841340043,0.0009443367911990376,6.8217102274875126e-06,0.5400902403413497
50,0.006958099954303833,4.8305229396940583e-05,0.00022049116724328632,1.618252276875634e-05,0.045613917912923976,3.077958755326891e-05,0.0011262636549475018,0.0005229637978168199,0.2041605650435283,0.05499665562238305,0.04031199092721178,0.0011648876152577008,4.938582945390851e-08,0.003661091121730622,0.024840341808169488,7.728697605580718e-07,5.909072440799218e-05,5.780712450630766e-07,6.511824234695522e-05,1.2192128298208308e-06,2.3125121255331066e-06,0.00015697080128808353,0.0011661431088873042,9.788762218184387e-06,0.6148654203438259
51,0.0007264450392870495,0.0024184873445083407,8.430637148270437e-05,5.8925424760262197e-05,0.011003654998904407,3.614924036878336e-05,4.0851671944193957e-05,0.0005916777633405938,0.2127679160848752,0.006068779777544154,0.08675907817294,0.0011710847067967832,4.1124048293971485e-09,0.0009161460339485263,0.22962349913323069,3.4138342843141405e-07,5.70180249856035e-06,4.413760172531927e-07,4.788362648127527e-05,2.6655932223656985e-07,2.051703529523368e-06,0.0011471971548747714,0.0003198439445416727,3.2916405337065167e-07,0.4462089374089164
52,0.004661127135773211,9.272569527616497e-05,0.00021761172978967836,2.2703893308528e-05,0.05559303301599057,7.130640291147213e-05,0.0005422442931131097,0.0007787648091135071,0.3107984900868255,0.08164393823324513,0.061637345629605905,0.0013012017109163148,5.587570316126795e-08,0.0031114906905550326,0.06164468157294457,1.0883857264375147e-06,3.926775751897666e-05,1.2317938625525162e-06,0.00011690155199246882,1.763277718897365e-06,3.5103851009790456e-06,0.00019415251930103702,0.0013062139027814827,6.759685214768643e-06,0.41621238996571047
53,0.004538485978192909,0.00010559485592594135,0.00024588147487653494,1.5077203305239695e-05,0.05297271479418861,4.3898564659511876e-05,0.0005973132837723652,0.0004516693640110611,0.2420242151442661,0.04008205020618416,0.039741475592170214,0.0012628635246752637,3.3930157911249335e-08,0.003074129587883412,0.04099349687167737,8.319861122190795e-07,4.1547316196827375e-05,6.062109175183238e-07,8.872530916394542e-05,1.01332964327495e-06,3.3498873258897657e-06,0.0002022443162015418,0.0011525904849902203,6.646926252734179e-06,0.5723535438572492
54,0.002577024919154701,0.00014497456927878185,9.763067161703194e-05,9.643692091841115e-06,0.029734668673105612,2.840486793258245e-05,0.0004015826716450829,0.00022431084544068537,0.16480842806728616,0.016332583842567902,0.024510690111237292,0.0007934481309835262,1.0301864719807545e-08,0.0024802903958250516,0.037890819389760994,3.713249608039573e-07,2.0765661304991e-05,3.1918381850065413e-07,5.3738564175845025e-05,3.486294768190511e-07,1.5727108927210503e-06,0.00020271242045399112,0.0006864762535898591,3.5679567538576765e-06,0.7189956161447807
55,0.004087310010576307,0.00023251719946589908,0.0001971150253364031,1.8458944393085433e-05,0.03729271661990504,3.927336091221867e-05,0.00017070539592957016,0.00010626956657833867,0.1816009699152708,0.036289700388649704,0.053628778826810025,0.0001800443284023632,8.162458748684391e-09,0.0014793378309753175,0.044208987095021024,3.1507340453706123e-07,3.158780528515127e-05,4.0999882235258557e-07,0.00010523000490169895,5.956323031525019e-07,3.5068450854260622e-06,0.00016314377137141456,0.001895778422868651,3.4965551664823394e-06,0.6382637432201063
56,0.004733557318339608,9.420641098380573e-05,0.0002601839240515325,1.6687030743367417e-05,0.05419746282623057,4.738328963819176e-05,0.0007124781823866969,0.0005090710611452847,0.24781231847762444,0.04516003063157898,0.04139889731046297,0.001385157089246439,4.312364090241269e-08,0.0032547355639890524,0.0396768542867411,9.577673759256131e-07,4.646844726809169e-05,6.915253647053646e-07,8.724087166875454e-05,1.224428837223639e-06,3.65410146066546e-06,0.00020038968845772912,0.001277519681023556,7.66133473811883e-06,0.5591151256270024
57,0.004391214037442375,9.373884560376465e-05,0.00014195916578727333,1.4791769874590996e-05,0.04284225920721563,3.512277926438641e-05,0.0005605673162378101,0.0003432910614531279,0.20571671937717814,0.03280702938857247,0.044135407435000044,0.0009057855166057757,2.387007104605736e-08,0.003737169062646158,0.04562263655130299,6.158254265274931e-07,3.312031814708289e-05,6.920280053597204e-07,6.767410846210341e-05,8.400204790188405e-07,2.598734798857768e-06,0.0001531424838854134,0.0013227263492972268,5.558950027516582e-06,0.6170653157972152
58,0.005002451394256343,9.268870515686286e-05,0.00026801901829443556,1.4496727656725618e-05,0.053015253623724126,5.5486588695932236e-05,0.0008249919521980663,0.0005158232987483069,0.23168067479388074,0.0522117011063938,0.03145441646632744,0.001453616863436529,5.0490870514722536e-08,0.003268930045040431,0.03670176078669296,1.0128465332528071e-06,5.625972176039657e-05,7.539654821155848e-07,0.0001010159220408056,1.2568215056960527e-06,4.0389761769238705e-06,0.00021407587833921162,0.001450743885666196,1.2097874974981042e-05,0.5815983822461472
59,0.004907240154028078,9.386844597520231e-05,0.0003378893424429791,1.5300429561043778e-05,0.056904047771156346,5.2741323699094705e-05,0.000830955725014516,0.0005267671749201469,0.23439069055579498,0.05090704106936418,0.03452412717933887,0.0015769146252901907,5.168198242600964e-08,0.003303056990898414,0.037108461471770327,1.0761307459860956e-06,5.7248185995177144e-05,6.971038308805844e-07,9.618785272650103e-05,1.3956193986609875e-06,4.688234480533275e-06,0.0002156948179173571,0.0014748587848707284,1.1388871826050075e-05,0.5726576104569714
60,0.004241604135619418,9.24818896946649e-05,0.00024153625069086313,1.4900527360693864e-05,0.05320914467413536,4.23033391097713e-05,0.000650796209205427,0.00042085600742164614,0.23288179400695044,0.03984132506086809,0.04128206618740142,0.0013054193500813,3.285681553991114e-08,0.003291732950909711,0.04061890582314676,8.188304019307049e-07,4.124589225012932e-05,6.086682662315411e-07,7.62693717205965e-05,1.0753378418478866e-06,3.5554585033857795e-06,0.00018692293424719944,0.0012581683527486658,6.602245893388382e-06,0.5802898336387156
61,0.004643565638396826,9.001994582045678e-05,0.00030540670856766763,1.4004486543834523e-05,0.05508415495797556,4.769056196923896e-05,0.0007510992684214091,0.0004583558913970222,0.23235635753202163,0.04606313125591401,0.03488967523310009,0.0014447120556839131,4.2660199497499144e-08,0.003188911092348035,0.03631018354959981,9.374163888852497e-07,5.174940680949372e-05,6.203790778364043e-07,8.73020778852888e-05,1.2198459652154802e-06,4.270445010979314e-06,0.0001993480086133808,0.001403864151963696,9.5383518832044e-06,0.582593839078443
62,0.004241604135619418,9.24818896946649e-05,0.00024153625069086313,1.4900527360693864e-05,0.05320914467413536,4.23033391097713e-05,0.000650796209205427,0.00042085600742164614,0.23288179400695044,0.03984132506086809,0.04128206618740142,0.0013054193500813,3.285681553991114e-08,0.003291732950909711,0.04061890582314676,8.188304019307049e-07,4.124589225012932e-05,6.086682662315411e-07,7.62693717205965e-05,1.0753378418478866e-06,3.5554585033857795e-06,0.00018692293424719944,0.0012581683527486658,6.602245893388382e-06,0.5802898336387156
63,0.0037683182057019686,0.0001285406516603161,0.0002027067547851206,1.428104258032476e-05,0.04870438132163122,4.3347064544077436e-05,0.0005018974797051372,0.0003843106937123876,0.2391268112265786,0.0326939377765909,0.03836884602917953,0.0010668694335693922,2.6870320415898284e-08,0.002769923128608537,0.04428241886103805,7.114878279239182e-07,3.514613810108905e-05,5.969537678555327e-07,8.351533845395487e-05,8.718811451808084e-07,3.118541813859337e-06,0.0002035387566873605,0.00113995288904952,5.517940784887904e-06,0.5864704135321623
64,0.0037941744096791703,9.727088122539053e-05,0.000376035162277359,1.543380452764116e-05,0.05739822331658484,5.264161363095293e-05,0.0006648440303025945,0.00040955342344232824,0.22961105177972124,0.041736923558765245,0.040925309728441314,0.0018363166778791174,3.5896793186037225e-08,0.0033958434157920544,0.045352743820653164,1.057286265466843e-06,5.233800968969506e-05,6.249913344560603e-07,7.467823556987156e-05,1.344176214466422e-06,7.455893419729087e-06,0.00021465286398338046,0.0017416880041179936,7.97239364541771e-06,0.5722317866260439
65,0.003385106945732466,0.00010391451606815965,0.00023045925678360685,1.3140727075442597e-05,0.05175360947322069,4.582603392845833e-05,0.0006046601040144724,0.0003353243470675235,0.2087055327734689,0.0329014066502698,0.03440802882747105,0.0012668768473423234,2.752442375661973e-08,0.003243113867610967,0.04123711249275156,7.664413080568975e-07,4.0632711586231176e-05,6.192158888420871e-07,7.210533505436139e-05,1.0216504092548708e-06,4.315327103225113e-06,0.00018701299673149494,0.0014258426483325073,6.897700096836658e-06,0.62002664558626
66,0.01111760603687457,2.633950481919818e-05,0.0007774503646139442,2.074850133471255e-05,0.1727125635104422,4.627018778806977e-05,0.001992070466022105,0.00046230825862951644,0.3167474883465634,0.08486662370740955,0.03337310816833241,0.0008553387534434586,1.5947732182100973e-07,0.002434199775711653,0.007045303816725007,1.7176205882310916e-06,0.00010772905678591165,5.038740177597633e-07,0.00011525158916624235,2.9878048638148673e-06,3.506955082385982e-06,9.840420376465355e-05,0.0011736556116779889,1.3038907705341517e-05,0.366005625500316
67,0.0008505558212001546,0.00013538820997842165,0.00011114768594428936,7.922528105391076e-06,0.021419259292807087,7.591210483284659e-05,0.0003740478211589339,0.00010112547202086198,0.09184680306564985,0.014432102292827558,0.015365387505470101,0.0010869219057915987,9.621853356398871e-09,0.0025887482463487063,0.04328313805252376,4.856315986101186e-07,4.070707187066335e-05,7.240903790222106e-07,4.451744038574643e-05,7.001215961044241e-07,8.882573701577815e-06,0.00020688520829177429,0.0027725953742871543,7.639811963287033e-06,0.8052383930494131
68,0.00418602899839182,9.24114611728155e-05,0.00024224206534013328,1.486726668107915e-05,0.0532288544702485,4.285323838802318e-05,0.0006546964250052349,0.00042427147613636026,0.23242035331359717,0.0399973014763936,0.041245416601103785,0.0013263085631820817,3.295826120587711e-08,0.0032955307170831325,0.04106862033442555,8.217872408978386e-07,4.136259631369689e-05,6.138242131246037e-07,7.582994031968463e-05,1.0863099478672904e-06,3.6219123477003467e-06,0.00018796479355239135,0.0012658440301805095,6.64364058029644e-06,0.5801764217998933
69,0.0006152878754047162,3.992740789764079e-05,8.53824885861188e-05,9.710048294014035e-06,0.025460398008037784,1.787314486395466e-05,0.0001382895659347272,0.0001373267353687697,0.22000402890884463,0.023273667955417573,0.13748303166782097,0.0007505896141550897,4.211581250958862e-09,0.0013460577747062598,0.0877504981338431,1.1769608735111564e-07,1.2356247900492335e-05,4.272775196101608e-07,6.370493334734236e-06,1.2934057785456556e-06,5.096518417111633e-06,7.659937494185872e-05,0.002146515857938929,4.6201904716862005e-07,0.5006386875682777
70,0.004037520507648796,9.203101006673515e-05,0.0002468177365077358,1.5354642455530574e-05,0.053623736946661275,4.328928320041016e-05,0.0006466844806079575,0.0004216968141185612,0.2391807265051121,0.040377608995276294,0.04225554333584531,0.0013184844206015013,3.2340952984424037e-08,0.0032200372753982617,0.04112112782581487,8.294338131469033e-07,3.9623263734251855e-05,5.911783389870172e-07,7.391406307674439e-05,1.0913037636616287e-06,3.6164619060010077e-06,0.00018537224411915653,0.0012625762774511593,6.2820870245082595e-06,0.571825411566504
71,0.004900427499900384,4.854298316519856e-05,0.00020231050967445694,1.3671289765196634e-05,0.05621180119799554,3.998440698794818e-05,0.001202521110694233,0.00042569672518474297,0.24628350121885526,0.04925034756757012,0.030676086266013012,0.0010727183317639046,4.062929068400288e-08,0.002899501370501031,0.022739914874160175,7.668534058276732e-07,5.237004625875552e-05,5.190255737373456e-07,6.0229519006385234e-05,1.131013518974861e-06,2.6327667586037413e-06,0.0001509685304009707,0.0012275324112113264,8.860686256605746e-06,0.5825279231660869
72,0.009310181690577507,2.803307767265884e-05,0.0011446331896944964,5.658207460000086e-05,0.157789123154757,0.0005197318026108027,0.028977525259709574,0.006024833342202673,0.4598524004169479,0.10781307111189288,0.017721730856908903,0.010482385810023679,1.1375613268872401e-06,0.0057534404309274615,0.02040572804573803,5.2797892704713675e-05,0.00031101912576677574,6.599450447452046e-06,0.00028622811233951,7.072542722582293e-06,2.7487138898374904e-05,0.00043163705427117654,0.002328831570401047,0.00013155358615024823,0.17053623570070758
