,0,1,2,3,4,5,6,7,8,9,10,11,12,13,14,15,16,17,18,19,20,21,22,23,24
0,0.003628064946023221,0.0013684788892901257,0.534442659080078,6.958947834021373e-05,3.880616817534427e-05,0.0002058487348489348,0.08449917735156023,4.480496598527575e-06,0.36146147584826344,2.320759818909157e-06,8.125843398916574e-05,0.0063231702365057225,5.441183388385044e-07,1.5479474424744787e-07,0.0011005609821386545,7.010008989664192e-06,1.1099011645535949e-07,3.394260774737232e-05,0.002463558299195768,9.082359860649126e-09,0.0012288098052837283,1.919866042291392e-05,4.941916838941798e-06,0.00024760474881268976,0.0027682235615190095
1,0.003615400032928665,0.0010741298454306411,0.7725931232490016,9.58510430773157e-05,1.1587524505210387e-05,6.685875868912871e-05,0.11422534765934146,2.0632578027086466e-06,0.09680588447418813,5.06518506658803e-06,2.3766944135518853e-05,0.006117295963912969,1.746723692856202e-07,1.4173869262257466e-07,0.00023654556109885304,1.7981652150796437e-06,2.917125681719369e-08,2.8764266186940143e-05,0.0005219702707035382,4.1981069410018416e-09,0.0006361291528747411,6.511835870435718e-06,6.56634607892356e-06,0.00011526764393413242,0.003809723039531672
2,0.005234098476331218,0.0017089320726475447,0.6732183610607633,0.0001272756068528416,3.514082424286704e-05,7.807576144612229e-05,0.19053339207367462,2.423513491751889e-06,0.10850824560039343,6.154261963989012e-06,4.456953352330332e-05,0.008352772722256806,2.622069824900325e-07,4.003047490506561e-07,0.00045675618838218014,1.9374999761426564e-06,6.929645777057188e-08,4.894256418867162e-05,0.00042607551370849956,8.404161936100156e-09,0.0007343192440327847,9.84204463317738e-06,1.3407359067778136e-05,0.00011020076611036001,0.0103483370999612
3,0.0038833162212660467,0.0013021450130561373,0.7319202731786283,0.00016835021090870627,1.860861367309071e-05,7.545139304384689e-05,0.1601725961882929,2.589928569887639e-06,0.08493126198572179,5.886462960138231e-06,4.691030224771707e-05,0.008880441662355893,2.0230344124835058e-07,3.2433468904961893e-07,0.0002688272822286305,1.5386207493327573e-06,5.5713363591614e-08,4.1436776132890075e-05,0.0004450829645362702,5.84940912126495e-09,0.0008892281346570137,9.860465913209418e-06,1.5813527902505004e-05,0.00013847918547064974,0.0067813136807821535
4,0.004220998035551738,0.0013753162819473196,0.7167844484423886,0.00018037284918588064,2.0018260085211994e-05,7.635180011724754e-05,0.16406454168350182,2.563022124943717e-06,0.09258561915603197,5.812910040369036e-06,4.955409564229865e-05,0.011067762738350995,2.77309746475666e-07,3.721413070487175e-07,0.00027368264834305754,1.5881162466987818e-06,6.8042567702878e-08,4.495511804773807e-05,0.00047856466073639583,6.604012167238881e-09,0.00099761884140574,1.1274735450863713e-05,1.6863691034616445e-05,0.00015244326789035624,0.007588925548242913
5,0.004548982399016822,0.001262858303483381,0.7292031605408058,0.0002364088436790054,1.5938217540729736e-05,7.117209785466105e-05,0.1613686467290575,2.5831045208194262e-06,0.0811193959747917,6.6425978167867744e-06,4.7616787630432154e-05,0.011626994118712113,2.284263397116096e-07,3.935597975867107e-07,0.00023559455690654426,1.3534874302068456e-06,6.6151107598649e-08,6.049250217541512e-05,0.00039045388969509263,6.176430385046807e-09,0.0010896819522265787,1.1725007225267138e-05,1.8870699841414255e-05,0.00015722188886398535,0.00852351198705044
6,0.0038833162212660467,0.0013021450130561373,0.7319202731786283,0.00016835021090870627,1.860861367309071e-05,7.545139304384689e-05,0.1601725961882929,2.589928569887639e-06,0.08493126198572179,5.886462960138231e-06,4.691030224771707e-05,0.008880441662355893,2.0230344124835058e-07,3.2433468904961893e-07,0.0002688272822286305,1.5386207493327573e-06,5.5713363591614e-08,4.1436776132890075e-05,0.0004450829645362702,5.84940912126495e-09,0.0008892281346570137,9.860465913209418e-06,1.5813527902505004e-05,0.00013847918547064974,0.0067813136807821535
7,0.002080248972913291,0.0023544830401162234,0.4332840128110091,0.0005800704492004057,3.9803893064133257e-05,0.00011619802246983796,0.2802972636907149,5.399745709958498e-06,0.2249045359324869,7.74374906527331e-06,0.00010908736117909472,0.028367321088135732,3.2325251615388334e-07,1.2236510639963586e-06,0.001663530015851667,4.87281709798483e-06,2.004963135426949e-07,8.143706252341591e-05,0.00047916118783010794,1.3708297926448288e-08,0.0040868866849185885,7.134611112692626e-05,3.4443916169820776e-05,0.00011955491044935969,0.021310837429775662
8,0.004068232517288125,0.0013449787892175135,0.6601575996852584,0.00015632679612749111,2.1545482648834407e-05,9.133728153057368e-05,0.1717098684906191,3.241424957211118e-06,0.14011980462641307,5.232998307393336e-06,6.0018700585119825e-05,0.011357277511344042,2.5325576998052834e-07,3.399601453921265e-07,0.0005440259905241695,2.2334287681947924e-06,8.072151125853e-08,6.061283671110532e-05,0.0006657615122412141,5.726462855087021e-09,0.0013484369857306017,1.9921710686623345e-05,1.1739623662253313e-05,0.00013934913241549576,0.008111774811074106
9,0.006486043166217771,0.0015753516202964522,0.6440736736852485,0.0001222300517745812,3.74804470576587e-05,0.00011144755163591917,0.19026602962985995,4.343814543285455e-06,0.13639486348516827,4.910424941154908e-06,9.571193397871875e-05,0.009379928563642528,2.58590093906957e-07,4.631961214435363e-07,0.0006044049049714207,2.2684888642741268e-06,1.0882952411856844e-07,7.077634055096938e-05,0.0009396039084127463,6.044336702856998e-09,0.0009130880443772866,1.936519015946716e-05,1.368998724004423e-05,0.0001554745411735552,0.008728477559809272
10,0.0038833162212660467,0.0013021450130561373,0.7319202731786283,0.00016835021090870627,1.860861367309071e-05,7.545139304384689e-05,0.1601725961882929,2.589928569887639e-06,0.08493126198572179,5.886462960138231e-06,4.691030224771707e-05,0.008880441662355893,2.0230344124835058e-07,3.2433468904961893e-07,0.0002688272822286305,1.5386207493327573e-06,5.5713363591614e-08,4.1436776132890075e-05,0.0004450829645362702,5.84940912126495e-09,0.0008892281346570137,9.860465913209418e-06,1.5813527902505004e-05,0.00013847918547064974,0.0067813136807821535
11,0.0040102083112099045,0.0013344445308287646,0.7296274742459109,0.0001710997260459659,1.942318633819876e-05,7.520536889545438e-05,0.1601329237573975,2.583233977540541e-06,0.08631951347072231,5.8794108194796125e-06,4.7761527295130566e-05,0.009665461969818366,2.449585462631219e-07,3.340714548286533e-07,0.0002582302794517076,1.5756500134797697e-06,6.02421021791373e-08,4.095438704286875e-05,0.0004676830998537586,6.461969226339393e-09,0.0009049556619064619,9.935364467058952e-06,1.646507461432808e-05,0.00015059926872290456,0.006736976740595335
12,0.015189721446757976,0.004517727580703075,0.4376026343286081,0.00037328740547453153,0.0001848660846344417,0.00019560217446471613,0.2307881229584212,9.197749178632695e-07,0.07934640923300207,1.9626232283923824e-05,3.0176489603888367e-05,0.008729858666987519,6.573292189135397e-07,6.7455979416313634e-06,0.00022729926035444523,5.51015058081653e-07,1.1189541896152362e-06,0.000269396408553676,0.00011676784112745735,2.815893977748583e-08,0.0027624695170853798,9.859276948146462e-06,0.00010025099610639085,5.021774227453743e-05,0.21947568552634286
13,0.00183103975496802,0.0009157517859736895,0.6522779180378518,0.0003963377944790431,2.3100745263746504e-05,6.992057228673425e-05,0.23844418905368545,7.30020997230047e-06,0.0687043280024752,3.0258829041896006e-06,0.0003463405577731678,0.028498040324063695,2.667840820443487e-07,1.1522161207599774e-06,0.00037753160630863634,1.7753849211370294e-06,8.509590798982034e-08,3.7013322077065985e-05,0.00041474435991718464,6.56701348357336e-09,0.0012522065299018885,2.6327604266983544e-05,5.0225012305718654e-05,0.00022162294207298395,0.006099749853407189
14,0.0053465620646289585,0.0030256216201147205,0.6180906344887039,0.00020162146322999188,3.5819879811892364e-05,8.386344302428057e-05,0.263722532589473,3.339665216218481e-06,0.08903411965214071,1.0310729584502809e-05,7.402222094238578e-05,0.009924033229732971,1.8194102206592113e-07,5.774090693048761e-07,0.00031820768531333807,1.6627313218483977e-06,6.259813473997007e-08,4.4754949426024675e-05,0.0007099437250274298,7.910932977702882e-09,0.0008261294002074843,1.110604362703032e-05,2.6000380351304897e-05,0.00017648421559942858,0.008332399963363584
15,0.0038833162212660467,0.0013021450130561373,0.7319202731786283,0.00016835021090870627,1.860861367309071e-05,7.545139304384689e-05,0.1601725961882929,2.589928569887639e-06,0.08493126198572179,5.886462960138231e-06,4.691030224771707e-05,0.008880441662355893,2.0230344124835058e-07,3.2433468904961893e-07,0.0002688272822286305,1.5386207493327573e-06,5.5713363591614e-08,4.1436776132890075e-05,0.0004450829645362702,5.84940912126495e-09,0.0008892281346570137,9.860465913209418e-06,1.5813527902505004e-05,0.00013847918547064974,0.0067813136807821535
16,0.0031541877996057524,0.0016350007312957973,0.6237231482842629,0.00023414362378792805,1.525353049016226e-05,6.0454030260337226e-05,0.24240860916496043,3.4780431560723953e-06,0.09477942542135537,1.1112241526657301e-05,4.097797475116177e-05,0.020556401896496282,2.721868002450196e-07,4.73913457887863e-07,0.00041107227945097057,2.3149819378241307e-06,7.423965685920901e-08,5.9064891905830125e-05,0.0005644983974373227,7.617053152270054e-09,0.002230720938144369,2.625274698515008e-05,1.8418119486504233e-05,0.0001288478551066479,0.009935789090628026
17,0.003383499498725866,0.0016388981897734985,0.6027051505937396,0.00039416502670699526,3.715775790822973e-05,7.5974157120364e-05,0.27071879748033206,4.660551895991237e-06,0.07986118249337949,8.594823713330542e-06,0.00010053465215522312,0.02307953050414862,4.614125170368778e-07,1.1228482925679266e-06,0.00035640595410994336,2.0675675227001846e-06,1.923766305069428e-07,6.3328546116324e-05,0.0004022276598660414,1.4855592677210871e-08,0.0020002272873427714,2.709733407751571e-05,5.9097116049036226e-05,0.00017378269461889296,0.014905828617664747
18,0.005733482515026218,0.0014260660474228982,0.629868999871448,0.00020527474718400287,3.082516281246178e-05,7.171341145228133e-05,0.240387723079402,1.942251724793496e-06,0.07823525990756082,9.922933304663758e-06,3.7328511373545043e-05,0.01474718735854055,3.882441673967281e-07,7.798643001282187e-07,0.00031747376719259854,1.2094078392024874e-06,1.5846965168454605e-07,0.00010543360983019084,0.00027150785671141935,9.458141778450956e-09,0.0017730396550510116,1.6270209315186645e-05,2.552566050216017e-05,9.482597443173607e-05,0.026637652025613356
19,0.0022511513821277525,0.0011490778355385586,0.6682282768168534,0.00019516441538274063,1.1366306224038612e-05,3.613375125580397e-05,0.2280628374397866,2.7093223339580515e-06,0.07690946622232687,5.7616804837388565e-06,3.18378494574792e-05,0.015807468453655403,1.8722735382159985e-07,2.6577114704288566e-07,0.0002544691569774801,1.6286811866270783e-06,3.325223727931549e-08,2.7421690693253616e-05,0.00031181957990175245,4.6575280098271335e-09,0.0009727683160528137,1.1933962004235777e-05,1.2180073432095325e-05,9.401938737799433e-05,0.005622016768681212
20,0.002360175315564267,0.001038871622985062,0.6950846483054852,0.00020809826913952922,1.2702057483421519e-05,6.478808746159677e-05,0.18479297234346329,5.877354107447073e-06,0.09436360546302046,5.702187712108051e-06,6.985612832389306e-05,0.01346928748225075,1.6645049813672956e-07,3.34358678390962e-07,0.0007054769002523848,2.7347955799190365e-06,5.5320564571645585e-08,4.6778080009821974e-05,0.0005542957992363976,5.3612001131672025e-09,0.001160097337070208,2.8347597680577717e-05,1.2853516811383223e-05,0.00011266703083052261,0.005899602834590616
21,0.00359170508789655,0.0014607119681746537,0.6879270169345465,0.0002111576260297607,1.327340012367272e-05,5.884166660707847e-05,0.17659507055978457,3.464607255151716e-06,0.10713955517086898,6.381891705008542e-06,3.800758678329619e-05,0.015657290684296922,2.2767717236915665e-07,4.125055396766117e-07,0.0002627744547999077,2.394626153405323e-06,3.3750664278566195e-08,3.9638100852181053e-05,0.0004505121494627795,5.865077744260661e-09,0.0009915041952225886,1.0673767916043838e-05,1.0578499694869483e-05,0.00012738340320296284,0.005401383820169111
22,0.006101117934704278,0.0008159487127687823,0.7972265871458551,0.00013071455372374547,1.799821395195736e-05,9.427473737597704e-05,0.10191013498625391,2.4555941635427355e-06,0.07793527679985618,4.905217793813568e-06,5.485850269666828e-05,0.005705754518647909,2.02687857969674e-07,2.6145199932738363e-07,0.0003018684921217862,1.3299064175536852e-06,9.928125029912387e-08,8.586538700626326e-05,0.00043097980610881664,5.38071573527794e-09,0.0008795644059180464,1.2533585667297825e-05,1.279207888002596e-05,0.00014676609620908787,0.008127704522055718
23,0.0038833162212660467,0.0013021450130561373,0.7319202731786283,0.00016835021090870627,1.860861367309071e-05,7.545139304384689e-05,0.1601725961882929,2.589928569887639e-06,0.08493126198572179,5.886462960138231e-06,4.691030224771707e-05,0.008880441662355893,2.0230344124835058e-07,3.2433468904961893e-07,0.0002688272822286305,1.5386207493327573e-06,5.5713363591614e-08,4.1436776132890075e-05,0.0004450829645362702,5.84940912126495e-09,0.0008892281346570137,9.860465913209418e-06,1.5813527902505004e-05,0.00013847918547064974,0.0067813136807821535
24,0.0051620159214327485,0.0020711185674137916,0.6996913825174256,0.0002671587710017794,2.255239456482021e-05,7.95854553969321e-05,0.1839089963491428,3.3175614294872074e-06,0.08563054210582854,8.384567167214887e-06,5.300994628174681e-05,0.012460750708762562,2.5302058886429287e-07,5.975673673977787e-07,0.0002331588464240646,1.6042205429630227e-06,7.325283292739746e-08,5.0789808618383994e-05,0.0005051213330931446,8.455468216086763e-09,0.0010220639389760665,1.110144399408979e-05,2.4742438560090165e-05,0.0001648565057214223,0.008626814301964164
25,0.0022045202948461923,0.0010731920572701619,0.6586814215101929,0.0003807680378538415,2.0340088171822977e-05,7.339264631281497e-05,0.2565440200388967,1.1698515623363153e-05,0.060548098331278936,5.139187831723411e-06,0.00021562165746467346,0.014720539307555512,1.412516935262258e-07,8.756887057162593e-07,0.00027286165238029367,2.286638860155848e-06,5.2502893560229536e-08,3.791705588949553e-05,0.0004963212472555155,5.865008469328084e-09,0.000886271767321118,1.6855617423688626e-05,3.288589394634151e-05,0.00018885607497946905,0.0035859170703440362
26,0.0074166487503883076,0.0008794587170182526,0.858888166307013,9.620417964056896e-05,1.544964131303335e-05,8.121030457508189e-05,0.05663982263125201,8.475595847201511e-07,0.06799376013820449,3.4784115032507793e-06,3.210266087276746e-05,0.0033445405154860263,2.3838505403696508e-07,1.0326705848775222e-07,5.9345877520094094e-05,6.27901459138751e-07,4.9188902583236566e-08,3.647534154940048e-05,0.0004266193838511057,5.235650895159059e-09,0.0004822070062901679,2.908634772121115e-06,1.5951076604150032e-05,0.00035664557983245803,0.0032271333046038414
27,0.0036750664876877724,0.0012147346923928276,0.7084498089481874,0.00018814434622868375,1.7408124456498723e-05,8.09728068331297e-05,0.15960460185743644,3.65639088147634e-06,0.10689177110776533,5.525878011601813e-06,6.124204782167406e-05,0.0106686105158935,2.0792357132577724e-07,3.336899345434891e-07,0.00043662450640501627,2.0699095669168056e-06,6.871091212875937e-08,5.273968166231028e-05,0.0005551151781004399,5.69276165236046e-09,0.0011100255145770597,1.8527839155302138e-05,1.461272660540586e-05,0.00014643414286674347,0.006801691280284787
28,0.0038833162212660467,0.0013021450130561373,0.7319202731786283,0.00016835021090870627,1.860861367309071e-05,7.545139304384689e-05,0.1601725961882929,2.589928569887639e-06,0.08493126198572179,5.886462960138231e-06,4.691030224771707e-05,0.008880441662355893,2.0230344124835058e-07,3.2433468904961893e-07,0.0002688272822286305,1.5386207493327573e-06,5.5713363591614e-08,4.1436776132890075e-05,0.0004450829645362702,5.84940912126495e-09,0.0008892281346570137,9.860465913209418e-06,1.5813527902505004e-05,0.00013847918547064974,0.0067813136807821535
29,0.0038833162212660467,0.0013021450130561373,0.7319202731786283,0.00016835021090870627,1.860861367309071e-05,7.545139304384689e-05,0.1601725961882929,2.589928569887639e-06,0.08493126198572179,5.886462960138231e-06,4.691030224771707e-05,0.008880441662355893,2.0230344124835058e-07,3.2433468904961893e-07,0.0002688272822286305,1.5386207493327573e-06,5.5713363591614e-08,4.1436776132890075e-05,0.0004450829645362702,5.84940912126495e-09,0.0008892281346570137,9.860465913209418e-06,1.5813527902505004e-05,0.00013847918547064974,0.0067813136807821535
30,0.0038833162212660467,0.0013021450130561373,0.7319202731786283,0.00016835021090870627,1.860861367309071e-05,7.545139304384689e-05,0.1601725961882929,2.589928569887639e-06,0.08493126198572179,5.886462960138231e-06,4.691030224771707e-05,0.008880441662355893,2.0230344124835058e-07,3.2433468904961893e-07,0.0002688272822286305,1.5386207493327573e-06,5.5713363591614e-08,4.1436776132890075e-05,0.0004450829645362702,5.84940912126495e-09,0.0008892281346570137,9.860465913209418e-06,1.5813527902505004e-05,0.00013847918547064974,0.0067813136807821535
31,0.0049568952784935436,0.0009998375625204325,0.8325899170742658,0.00010837227404875,1.0246049435183692e-05,4.83715356773997e-05,0.11651697678270771,2.6945693490678216e-06,0.036392910212127316,6.622582338867001e-06,2.54222514070274e-05,0.003963661641609091,1.0530285785900194e-07,1.9363720003045635e-07,9.025930130189693e-05,7.803908662111529e-07,3.013936435717021e-08,3.3062203750151424e-05,0.00036575668380548247,3.652893553856813e-09,0.0003942217813936196,3.90757794924568e-06,1.0686089444572619e-05,0.00010100041722758559,0.0033780650079651667
32,0.004313960771422436,0.0013895846324304397,0.7345301812196383,0.00015288252690152633,1.817705299215537e-05,8.053639548686884e-05,0.15305221786284387,2.683585214155558e-06,0.08946117040523256,6.047778523052742e-06,4.7699090275272363e-05,0.008732318411249813,2.0902041645005486e-07,3.0295573377618376e-07,0.00027738140264035773,1.5971528195672194e-06,5.59804088288289e-08,4.22851187687631e-05,0.0005692883906994095,5.673356050790219e-09,0.0008840330820945207,1.0365712178047267e-05,1.4764413323959241e-05,0.00015352680192490348,0.006258724563424905
33,0.0031895768531822292,0.0018469867883919044,0.6314163302672591,0.000630732682616092,4.156131231203927e-05,0.00016753234982975842,0.26973739971594735,1.668064171208621e-05,0.06159887836895352,1.5748657909832576e-05,0.0002702858141722454,0.01963352615052757,5.443905772554098e-07,1.8571946370817877e-06,0.0002622746758327209,3.6631201126607173e-06,2.9257501860422245e-07,6.235919528624292e-05,0.0012408235085426655,2.1488467667932506e-08,0.002283836456497968,4.0597764734820395e-05,0.00014619426378828247,0.000463594757259032,0.006928701006431297
34,0.00220113576673764,0.0011298634688109036,0.6852180316896379,0.00034031399407841737,2.083323346997082e-05,7.367951509537122e-05,0.23289501708485014,3.2380532879215147e-06,0.05375752319990638,1.047406620636281e-05,5.3663210337155805e-05,0.011056444037325601,1.9588182455468337e-07,6.034145064180216e-07,0.0002870539423986029,1.8257802733192116e-06,7.684053088445356e-08,4.4915268897894666e-05,0.00022456198720483372,9.66365305218838e-09,0.00132194537439451,1.2990176632449045e-05,3.759448866734042e-05,0.00011434002472711754,0.011193669836545208
35,0.0040466574889623545,0.0012626767085051832,0.7343304274999078,0.00016390338150036764,1.7636857819055137e-05,7.192568932192892e-05,0.15778013000339644,2.558318328473242e-06,0.08512150886594484,5.7668594976587195e-06,4.439876130445599e-05,0.008796852262900612,1.9772337988777756e-07,3.0605302794430456e-07,0.000255759283898234,1.4854052900977098e-06,5.3629989509729086e-08,4.30345770078902e-05,0.0004386492571558961,5.52204792244175e-09,0.0008699074081046766,9.675677735110413e-06,1.4608363090440079e-05,0.00013632419892779365,0.006585550202955477
36,0.003920913986936055,0.001127425794913927,0.5927516261673391,0.00017529765971304253,1.2190755293576943e-05,3.597350906493131e-05,0.2443113262962013,9.387884578863756e-06,0.11282207126587215,4.54799914272994e-06,5.271727550544958e-05,0.03615136790167471,4.279483023542695e-07,4.429522495719881e-07,0.0005842119300204969,3.943790005346467e-06,6.659060240114291e-08,4.904889062904177e-05,0.0008208834096627112,5.783296958037011e-09,0.0009046628725463359,3.4101931593953195e-05,6.777828564161724e-06,9.116082253346658e-05,0.0061294187537572885
37,0.006311586988932758,0.0010502293850846996,0.8153626225332298,0.000124446894490847,9.701082069169962e-06,3.801367666658185e-05,0.12093789599774366,1.2826179156251335e-06,0.04516224371473179,5.7150122774549624e-06,2.5093307874655405e-05,0.005879368018813267,1.2712976148513434e-07,1.4406929987543313e-07,6.105198886750723e-05,5.202723091769003e-07,2.8821673158161158e-08,3.8826910662885166e-05,0.0003255415754468491,3.2711966575205295e-09,0.0005117892768802553,4.1121984755543685e-06,1.3792735739894184e-05,0.00018627277757004356,0.00394958974228624
38,0.005700596719686722,0.001101639837307405,0.7876058309521449,4.671454764966609e-05,1.685960303199952e-05,9.253205354415193e-05,0.11845408504073793,1.214993024488805e-06,0.07834430229625058,4.545317052719289e-06,2.2830799168268315e-05,0.002893508337363506,1.1029341124075064e-07,1.3734256682187676e-07,0.00024387519595561838,1.1661099539935935e-06,2.000570241902632e-08,2.7022144645199494e-05,0.0004958005610168586,2.4677227946608923e-09,0.00029329355930003605,3.0717468699467713e-06,4.7063786557385125e-06,9.23056952031092e-05,0.004553828002034164
39,0.007908208022269022,0.00711557271695863,0.4454867699467306,0.00027762607884471667,4.5232132571053625e-05,2.4687826437630738e-05,0.38678390869828627,1.4348180076253718e-06,0.11567367713302908,5.132754095444758e-06,7.563692547066154e-05,0.022145083634162305,9.182861324118014e-08,1.0309591935246472e-06,0.00024200668344031732,6.597770082999551e-07,2.2752898193914008e-08,3.0477741346243504e-05,0.000256080761697401,5.069009211082045e-09,0.0003528209626940088,7.3563747905813854e-06,3.107284245665458e-05,0.00012890342714445493,0.013406500132844692
40,0.003929074942345022,0.0013273401733803409,0.7308607570806642,0.00018397132113132634,1.8990304059480284e-05,7.78173236760497e-05,0.1621273101186229,2.7715223334728317e-06,0.08391542596796092,6.274030004671139e-06,4.947315369560279e-05,0.008924298497331755,2.0364398878530847e-07,3.375408622320808e-07,0.0002589740988342149,1.599012706212994e-06,5.892069016317296e-08,4.3478554011220234e-05,0.0004568066135602972,6.2232263470207005e-09,0.000935162663968286,1.0144747191861021e-05,1.7257718395937875e-05,0.0001488409706662861,0.006703624856692476
41,0.004785546598348509,0.0011431374971229346,0.6962830331248172,7.237897013286023e-05,3.567885018348325e-05,6.220076170034353e-05,0.13533212044282775,1.3289623956271425e-06,0.151838372204308,2.1687487347494302e-06,2.977860307419705e-05,0.0044945623824762535,2.126500864711425e-07,1.4619697175523855e-07,0.00035249413340536923,2.011502792273285e-06,2.7750423795387184e-08,2.436318672999822e-05,0.00024600522033109656,4.7754400190675e-09,0.00028323249459599357,3.3055250500915634e-06,4.631008229930677e-06,8.821437151278743e-05,0.00491504403830876
42,0.0022809294912755186,0.0008215693631491055,0.7571679887170768,0.00019983374112408504,7.138233651285887e-06,8.416953684043127e-05,0.1252124078893991,8.241069118751104e-06,0.0922033079093965,7.688510597379588e-06,5.392604522303981e-05,0.014537472412814025,2.792090749431414e-07,1.9750809659747978e-07,0.000541986581045724,4.386721057867129e-06,7.295249148678807e-08,4.708349386841048e-05,0.0013082043120102877,6.5022488606959036e-09,0.001709461319325045,3.720684971337394e-05,1.150354072487656e-05,0.00018424732518064775,0.0035706907654960503
43,0.002323444615252172,0.0011092337850973,0.7701360776330713,0.00019824327694149837,1.295333842267974e-05,0.00014478785120805858,0.14432693839435737,3.8234212490736105e-06,0.06454664231838551,2.4260277836976927e-05,3.017931712398038e-05,0.006143080053065198,2.3419079418016264e-07,3.159653484972914e-07,0.00030784729196341155,2.6665844316193746e-06,9.518138597915212e-08,6.330467702520347e-05,0.0007016192610596968,1.1219076982214266e-08,0.002691564021961484,1.9716026960107902e-05,2.581776686170321e-05,0.0001663214998070097,0.007020822031312831
44,0.0038833162212660467,0.0013021450130561373,0.7319202731786283,0.00016835021090870627,1.860861367309071e-05,7.545139304384689e-05,0.1601725961882929,2.589928569887639e-06,0.08493126198572179,5.886462960138231e-06,4.691030224771707e-05,0.008880441662355893,2.0230344124835058e-07,3.2433468904961893e-07,0.0002688272822286305,1.5386207493327573e-06,5.5713363591614e-08,4.1436776132890075e-05,0.0004450829645362702,5.84940912126495e-09,0.0008892281346570137,9.860465913209418e-06,1.5813527902505004e-05,0.00013847918547064974,0.0067813136807821535
45,0.0023484438109316924,0.0006374002904840443,0.7579584296497011,0.00011430637849731674,1.2150186330330909e-05,6.948218183221898e-05,0.14608549829770026,6.082302969885336e-06,0.08211445014340119,3.1859860297179046e-06,6.717298411490709e-05,0.00605650890448543,1.1749215233682722e-07,1.6562154261013997e-07,0.0006249436821031126,3.153788926909424e-06,2.7519508759568907e-08,2.9124494163645304e-05,0.0005137309402979898,3.429150911283359e-09,0.0003982632153389771,1.1281978773712115e-05,5.41498640267658e-06,9.680941197584575e-05,0.0028438523231845967
46,0.003800133229352461,0.0012299455875652383,0.7447948183230728,0.00022375407247153526,1.9797506896881075e-05,9.637741829044537e-05,0.14791654222788256,3.3347583681478415e-06,0.08146214078632186,6.709093194350686e-06,6.17523503032811e-05,0.010114222749500832,2.8115885712776475e-07,3.990207413808082e-07,0.0003051839753079597,1.8464164800976736e-06,1.0136673585215485e-07,5.108417139046784e-05,0.0005346893539483115,8.172539854523723e-09,0.0012455301299159748,1.5018087567693647e-05,2.3585239900835087e-05,0.00017605217916340663,0.00791669262423078
47,0.0062255111355465935,0.0012947178648728753,0.69611140062921,0.00011043031239764181,1.301743807969038e-05,4.082494233248199e-05,0.15351926799406188,1.6060556866231517e-06,0.11487425700209009,5.398211043707249e-06,1.9356345518286324e-05,0.01690745007764054,4.1851931844287867e-07,1.8160940536104222e-07,0.0002743167193291593,1.7453023291417289e-06,6.722353808382317e-08,4.9562226953437533e-05,0.0005547457555170561,5.576903346500075e-09,0.0011546124621391474,1.4911377575142603e-05,7.651801841475032e-06,0.0001254695974161137,0.0086930738192536
48,0.005845676445432203,0.00340538767699456,0.7272140259235526,0.00016740177141627612,2.0101207515364785e-05,0.00013870195823999438,0.171789774806539,4.643350652835105e-06,0.07448210526308413,1.3242259413717784e-05,8.046181024932685e-05,0.00818264457339469,2.072033548923082e-07,4.024056613133519e-07,0.000193328754280462,1.3930112065674772e-06,7.717634139553462e-08,3.3054085667185835e-05,0.0027455037338401968,6.486586997358327e-09,0.0009953568032760062,1.3484527378918237e-05,3.475075315909062e-05,0.0003564512488177666,0.004281816763944883
49,0.0029959012985610292,0.000991945203560643,0.7782825292767036,0.00018384717656190385,1.1887465223020789e-05,6.977195123860172e-05,0.131327095803846,2.192576757775444e-06,0.06853430642578776,5.797569218852295e-06,3.914634715203018e-05,0.009518294295397835,1.99020159263183e-07,2.883906360724876e-07,0.00021706009282351102,1.2972048051829968e-06,4.7518867475172206e-08,3.6836283704413855e-05,0.0003537146307513278,5.288264770765761e-09,0.0009511730768418675,9.540341153482632e-06,1.6831544151430213e-05,0.00013649931281907934,0.006313791905013154
50,0.0039520656420613184,0.0011532491764316708,0.7426338766855006,0.00019366799259081587,1.5166547167625565e-05,0.00010036121993001357,0.07158812003634295,1.728304862419072e-06,0.16566141811507962,2.3650302173686677e-06,5.816595840853333e-05,0.007886780581939232,2.1365140417172047e-07,1.973343003937857e-07,0.00029522021469667657,1.5110017118306587e-06,5.653568498218287e-08,4.1132998261460194e-05,0.00047109865656514116,5.082056953094522e-09,0.0009800571183560642,9.66802303559339e-06,1.1741933713902184e-05,0.00021733606672126723,0.004724796092959532
51,0.005702206030824926,0.004659704200405593,0.677307079790076,0.000426883809008116,7.776744998794068e-06,4.28481656040433e-05,0.1711276399096481,5.7515703416434325e-06,0.11142821230352656,7.431759859123419e-06,5.5146361118975445e-05,0.020485867335863252,7.107679787770908e-08,5.839256309420753e-07,0.0003834925131643057,1.0566415589162493e-06,3.479309988008115e-08,4.986895508958768e-05,0.0008514517771688723,3.590843825227367e-09,0.0009141281835023971,2.5197359797145588e-05,1.4033813446510276e-05,0.00011354183708764965,0.006389987551537189
52,0.005220149495599563,0.000765561924635262,0.7711308318762156,0.0001061094501404773,1.9936312042574536e-05,0.00013486313411807365,0.11139034340905088,2.973020247559107e-06,0.09688421821652726,4.893620670698067e-06,5.989749832903604e-05,0.004657663379634877,1.6267342112939922e-07,3.174333598549476e-07,0.0004734952137172315,1.7538416758498408e-06,6.05206106837425e-08,8.227051065469829e-05,0.00045452261045006225,4.4720216452681924e-09,0.0006308998117726146,1.0276837353962893e-05,9.436115207621587e-06,0.00011783703923028744,0.007841521583312286
53,0.004286039978267937,0.0013396053484177447,0.7473876992360595,0.00016752305017658727,1.7784972253107922e-05,8.152617056997511e-05,0.14178210488522336,2.5244505971261448e-06,0.08776872400848951,5.8599228116963765e-06,4.55164591453559e-05,0.008457917031142206,2.0617157049707057e-07,3.191111146080299e-07,0.0002607519290346873,1.4921890531277337e-06,5.9320061817105984e-08,4.4327616868721974e-05,0.0004819732418606495,5.8704464562023225e-09,0.0009067517398585619,9.831300148357628e-06,1.541244447862476e-05,0.00014502331337539186,0.006791020238974208
54,0.007224858216639154,0.0026928543486723438,0.6614590872706502,0.00012831399486108348,2.703358829017485e-05,6.868095311920022e-05,0.1931862047004419,1.4525504774963769e-06,0.1038423214570169,8.85171533983838e-06,2.2671774827718246e-05,0.00983719061259361,2.044035129667363e-07,5.00936478630826e-07,0.0004907413909759597,1.4943007626601038e-06,5.5347182919044477e-08,5.1889190814771926e-05,0.0003575105649352859,6.739310216068957e-09,0.0006562828319313793,8.98339481748312e-06,1.1321410155808623e-05,6.716284165785805e-05,0.019854325464534445
55,0.0020072611696070317,0.0017764797673592587,0.761593386847393,0.00026472214126350307,5.6941596250095734e-05,0.00028824132602771373,0.199281993291519,8.85808455929875e-06,0.019684314071742082,2.797277726002154e-05,0.00021631163387521266,0.002219476120352683,8.178504514481082e-08,1.3442300179401904e-06,0.0004776477809954784,2.1775245664552733e-06,2.061163969780896e-07,3.630451014898131e-05,0.0006274653698357217,1.945527897645481e-08,0.0010799278674611576,1.5436548813003878e-05,0.00017343651898476235,0.0001603490672761706,0.009999644397970412
56,0.004045123089725308,0.0013072664590255188,0.7279559348554143,0.00016897776011964394,1.8639405662227258e-05,7.544554931738011e-05,0.16058291003444447,2.582131393441139e-06,0.08710176076967004,5.884792094663544e-06,4.7045553924705354e-05,0.009925351446110545,2.4425935565333285e-07,3.3514819447132227e-07,0.0002641095008631576,1.5703345761550175e-06,5.97014441388311e-08,4.23235248774352e-05,0.00047587066427448826,6.180307211295545e-09,0.000919058191947237,1.0276267475694616e-05,1.582628845148668e-05,0.00014779141233162838,0.006885606678998881
57,0.004054483371110848,0.0014301268968667429,0.6949423092005548,0.0001735053708789497,1.7079783979000774e-05,6.076786303154897e-05,0.17537539317252895,2.926542620304756e-06,0.09822226948725259,6.713918137418295e-06,3.82903417964903e-05,0.01570412359583561,3.7521578765450115e-07,3.2210958152798034e-07,0.00029891343639410964,2.017236852231446e-06,7.636261692047395e-08,4.278519306487575e-05,0.0006035828969957667,7.925291690295638e-09,0.0011812218960849336,1.5280717866567683e-05,1.5368827102537473e-05,0.00014816142930282924,0.007663897208464907
58,0.004429329722804456,0.001230477754708519,0.7424538097499597,0.0001597251014509529,1.7374082667903003e-05,7.423451219042153e-05,0.1468919339593438,2.348404173831386e-06,0.08786178696327722,5.2096927011058215e-06,4.979432370164283e-05,0.009519966331968674,2.396200659995092e-07,2.7489462711116227e-07,0.00020641317710487532,1.4365449765948556e-06,5.0615416842125087e-08,4.034260714659563e-05,0.0005230630645747104,5.5682586104344445e-09,0.0008230805678211346,8.730454597184325e-06,1.5843248391626238e-05,0.00019504007554738766,0.005489488962523241
59,0.003649377770559143,0.0010774833813001845,0.7704669366324449,0.0001511502263814397,1.4685007052162747e-05,6.841352918590386e-05,0.1319056148405228,2.148000945528844e-06,0.0785920189307496,4.9843501285622135e-06,4.327476081301108e-05,0.007706282188938721,1.8715974453298697e-07,2.1931375076041226e-07,0.0001950515266476483,1.3461520873992715e-06,4.164243309874971e-08,3.441031517847088e-05,0.00043061862434533646,5.136509007357935e-09,0.0007725373260521384,7.67538380842155e-06,1.4403440991791313e-05,0.000172925098856567,0.004688209260572921
60,0.0038833162212660467,0.0013021450130561373,0.7319202731786283,0.00016835021090870627,1.860861367309071e-05,7.545139304384689e-05,0.1601725961882929,2.589928569887639e-06,0.08493126198572179,5.886462960138231e-06,4.691030224771707e-05,0.008880441662355893,2.0230344124835058e-07,3.2433468904961893e-07,0.0002688272822286305,1.5386207493327573e-06,5.5713363591614e-08,4.1436776132890075e-05,0.0004450829645362702,5.84940912126495e-09,0.0008892281346570137,9.860465913209418e-06,1.5813527902505004e-05,0.00013847918547064974,0.0067813136807821535
61,0.0037862570097439187,0.001089764851339965,0.7660323119045485,0.0001489198851163985,1.5395714985272316e-05,6.808572920217614e-05,0.13570796486689038,2.158283059829241e-06,0.07863313340767678,5.04505276003563e-06,4.2990746474690146e-05,0.007876113677815908,2.0132689518471216e-07,2.2687940189867835e-07,0.0002004993323421578,1.34733321996839e-06,4.405729728914369e-08,3.585706168927468e-05,0.00042760672983046296,5.262266084820319e-09,0.0007682492974692736,7.78386837816636e-06,1.4233912343115094e-05,0.00016826545488857038,0.004967538354364916
62,0.0038833162212660467,0.0013021450130561373,0.7319202731786283,0.00016835021090870627,1.860861367309071e-05,7.545139304384689e-05,0.1601725961882929,2.589928569887639e-06,0.08493126198572179,5.886462960138231e-06,4.691030224771707e-05,0.008880441662355893,2.0230344124835058e-07,3.2433468904961893e-07,0.0002688272822286305,1.5386207493327573e-06,5.5713363591614e-08,4.1436776132890075e-05,0.0004450829645362702,5.84940912126495e-09,0.0008892281346570137,9.860465913209418e-06,1.5813527902505004e-05,0.00013847918547064974,0.0067813136807821535
63,0.004201297344145272,0.0016540013290985867,0.7285133206083457,0.00016971984646368772,1.97444877032101e-05,7.578412753083118e-05,0.15888812293093235,2.429402947333762e-06,0.08854942354626705,6.5135767196439675e-06,4.5107197569983425e-05,0.008969237437508295,2.0276471722996604e-07,3.3144548216534744e-07,0.00027930993289266,1.5184920275531527e-06,5.6435063389639224e-08,3.8977870268818106e-05,0.0005023580360683938,6.39164061629611e-09,0.0008949677442542811,9.973809027106236e-06,1.695729789452438e-05,0.0001446499821753788,0.00701598796325597
64,0.003427749371664141,0.0013426003410286632,0.7254576580454483,0.00019171747997956393,1.7343663304282373e-05,7.884562643046992e-05,0.16166015634784622,2.4496691167148228e-06,0.08728694111324618,7.336030287344675e-06,4.1462384229585855e-05,0.010502874971776767,2.4592793799047947e-07,3.568439458785703e-07,0.0002738911804233922,1.6206746282814765e-06,6.488105072573195e-08,4.539149755515787e-05,0.0004442544360412918,7.0559840002454455e-09,0.00132515758462056,1.1997778817178302e-05,1.8408556326349094e-05,0.00014499534914690621,0.0077164731891640895
65,0.0030240078852700543,0.0012305316086822285,0.7415345181698902,0.00018669142408050084,1.6456016832812765e-05,7.46165008584366e-05,0.1773811925085162,2.863098316077286e-06,0.05966057935738075,8.675769197288845e-06,3.9875728736058924e-05,0.007838352772853637,1.6795807598921564e-07,3.7088204148002314e-07,0.0002499604068904005,1.5046067972368994e-06,5.279815805245256e-08,3.929602625765995e-05,0.0003659626145777887,6.574949771042434e-09,0.0009749113175862204,9.307032587606932e-06,1.9119086133567517e-05,0.00011311874680273971,0.007227861108527278
66,0.004452169575791435,0.000471076895993826,0.886361512972017,4.65099048834857e-05,1.865168159262484e-05,0.00010635693066260188,0.0576801330398748,5.010052413783286e-07,0.04468002619475649,5.824211232645116e-06,1.743780600398288e-05,0.001351401986421487,2.5697480662817284e-07,5.593988309917717e-08,7.106273269270091e-05,7.937215286738889e-07,5.466258093627134e-08,3.448177870216563e-05,0.0002773494607802829,6.979548129941245e-09,0.0006081233488811642,2.029986678116649e-06,1.1476896592322777e-05,0.00024385700942600145,0.0035588483034279545
67,0.0013264301402605098,0.000432471857710303,0.878194396120285,0.0007514020913831452,1.8411821827748883e-05,0.0004600365840719218,0.06918956707163924,2.7572874280658987e-06,0.028012018370208613,1.2933571353938673e-05,8.909859051430021e-05,0.005945770324776672,6.152901677661288e-07,1.4541542544687794e-06,0.00010703023923648808,1.7064752498493894e-06,2.4294826245582584e-07,5.5172919662384115e-05,0.00018398100896697012,2.6109116763354066e-08,0.0029741886175671224,6.7726957943490286e-06,0.00018594204197457226,0.00032654324504169315,0.011721030423245356
68,0.0038575461990928953,0.0012839367899425602,0.7350740629186676,0.00016883501203571218,1.8082579062713965e-05,7.448898449882748e-05,0.15819741538637505,2.5595205326427203e-06,0.0839616621156208,5.863527733682335e-06,4.6067399506170385e-05,0.008847895529079082,1.997387606377752e-07,3.193074868266878e-07,0.00025996607096101645,1.5121608843980791e-06,5.454521545669463e-08,4.116196538736161e-05,0.0004381079632713026,5.764536760029934e-09,0.0008888940065249496,9.69301049317589e-06,1.5752035546596917e-05,0.0001385649875113348,0.006667352481272352
69,0.0036631175985870055,0.0012835279319465245,0.7367129276691955,0.00017412337754936958,1.8328806017104586e-05,7.576759801717152e-05,0.15945996492316547,2.6608201250321695e-06,0.08162530933573527,5.896622273178763e-06,4.9442238449668267e-05,0.008786694147659226,1.9724163085498052e-07,3.2225928975869137e-07,0.0002594851922585292,1.5484144062254535e-06,5.391103924900188e-08,3.931042734728492e-05,0.0004452234016102431,5.941523703234215e-09,0.0008942778653714331,9.671857295159708e-06,1.6794342261541007e-05,0.00014586276816737993,0.006329485309078195
70,0.0038959192929969148,0.0004731920962452437,0.7964898922273227,0.00013877860147313282,1.2236704641276915e-05,3.231149493410278e-05,0.1320143731443087,3.1569185853870845e-06,0.053048045797980406,3.631451021171581e-06,1.6216234601550136e-05,0.006134141462635882,1.7374883898281103e-07,2.618791620994239e-07,0.0002139370008194493,1.8514878798243242e-06,3.498160906049523e-08,4.6560401265541195e-05,8.184056514204601e-05,5.147218241636731e-09,0.00028620356107943607,4.385563191420252e-06,3.983409059977223e-06,3.1448466439775775e-05,0.007067418361547687
71,0.004157376735931918,0.0018653869602181948,0.6908635005028207,0.00019800200157953627,2.8582716967754845e-05,7.254073459193041e-05,0.19001049649107354,2.3724041609515685e-06,0.0924239277794301,7.740339984998605e-06,4.2389879313145595e-05,0.010107793498687881,2.807201776932784e-07,4.0366757575569485e-07,0.0002567165683203126,1.8256312884359125e-06,6.891252723237495e-08,3.883232252529927e-05,0.00041326783120381204,1.021881334968759e-08,0.0010134715031788176,9.083578053611562e-06,2.2091739698343456e-05,0.0001549153868152066,0.008308921875061446
