,0,1,2,3,4,5,6,7,8,9,10,11,12,13,14,15,16,17,18,19,20,21,22,23,24
0,0.002490708676172791,2.933771962137877e-05,0.8997283850766646,0.008503016023207556,2.2597269591621346e-08,0.0004934851420588103,4.3727048574698236e-06,1.1509377855020977e-07,0.00013021403317860526,8.27645673481279e-05,5.123133835490903e-07,1.313801223707613e-05,2.2402345179137558e-06,6.515893423517562e-08,7.983002388285406e-11,7.10420194893957e-07,6.89331054827597e-08,1.971813064880549e-05,1.172011346241703e-05,1.8480605998339986e-06,1.4838399989494479e-05,4.002397538414081e-09,0.0003886248454555318,0.08808206978085038,2.0198802352175137e-06
1,0.0034953114412338893,8.029877199625e-05,0.5948299183232474,0.12702480768971794,2.143832173159562e-07,0.0009959274704438757,1.3366135531323905e-05,3.6783967708921484e-07,9.92465355288963e-05,0.00015028433667005914,1.2796975113477236e-05,6.72218584173067e-05,7.264778063007172e-06,3.5562621262576223e-06,1.2805167187225813e-10,4.2142165299675654e-07,2.8602230531433788e-06,0.0001556072471389627,7.305360630434677e-06,1.5307074593686474e-05,8.645570573197405e-05,4.0162945321454065e-08,0.019671986807242144,0.25325671309974557,2.2719968229946784e-05
2,0.003102346582675187,3.661964842005329e-05,0.9029325826659634,0.006899715768702152,3.759794832838237e-08,0.000523393089601061,5.179622103619005e-06,1.3892292613058082e-07,0.00016586832096875776,8.010967122102386e-05,5.777692927856844e-07,1.3464561917678814e-05,2.8530167482023327e-06,6.956696155861609e-08,1.2189752777899397e-10,9.014740403901508e-07,7.934141131285616e-08,1.922982916902241e-05,1.4635874640692832e-05,2.456355042178808e-06,1.3937369396437228e-05,4.051430169765263e-09,0.0003630020289690841,0.08582045606604695,2.3406825060461465e-06
3,0.0025517879446864756,3.0475672958441118e-05,0.8914061856378656,0.007815886715746543,2.537158384073876e-08,0.0005372362226670718,4.191068067765451e-06,1.2124846894552123e-07,0.0001525255133290354,7.559424932454054e-05,5.445953936933915e-07,1.2943722733444258e-05,2.5663059192544422e-06,5.985621742398817e-08,9.149779355806268e-11,8.24655126620681e-07,7.33963201145396e-08,1.87530374556573e-05,1.4125729961316559e-05,2.0310834330782462e-06,1.5195462942669226e-05,4.140714115654035e-09,0.0003583877504763199,0.09699860783005067,1.8526970593765787e-06
4,0.0026757629387828595,3.10733421087485e-05,0.8877430838147177,0.008069523483844052,2.6313896876849582e-08,0.0005439634350512976,4.26548246210174e-06,1.2458225966675888e-07,0.00016338034010753987,7.36694290664979e-05,5.673665482477122e-07,1.4674797501444954e-05,3.0580090814102824e-06,6.390593539502238e-08,9.607993531092236e-11,8.646503894490876e-07,8.294252226336933e-08,1.9780681847828863e-05,1.4971669648122753e-05,2.118469805705556e-06,1.627805845240446e-05,4.613796764839448e-09,0.00035822270015989377,0.10026247559347902,1.963282455061156e-06
5,0.0027950878176627235,3.143856955405753e-05,0.8768592760870636,0.009979798167242149,2.349985887930304e-08,0.000571504128338398,4.062570964079371e-06,1.2206932505590952e-07,0.00016076406825287686,8.498901180703648e-05,5.55470768305049e-07,1.465018119404842e-05,2.8799208748972924e-06,6.864918164735045e-08,8.796355097176835e-11,8.777733857417839e-07,8.760002794011953e-08,2.505988717165133e-05,1.3858854258137603e-05,2.2109603290153682e-06,1.7239897447812888e-05,4.909731989719316e-09,0.0003796706918964362,0.10905370263247657,2.0664932233341703e-06
6,0.0025517879446864756,3.0475672958441118e-05,0.8914061856378656,0.007815886715746543,2.537158384073876e-08,0.0005372362226670718,4.191068067765451e-06,1.2124846894552123e-07,0.0001525255133290354,7.559424932454054e-05,5.445953936933915e-07,1.2943722733444258e-05,2.5663059192544422e-06,5.985621742398817e-08,9.149779355806268e-11,8.24655126620681e-07,7.33963201145396e-08,1.87530374556573e-05,1.4125729961316559e-05,2.0310834330782462e-06,1.5195462942669226e-05,4.140714115654035e-09,0.0003583877504763199,0.09699860783005067,1.8526970593765787e-06
7,0.0025198325422169424,2.2499444073786294e-05,0.9091060888983796,0.005134454334886421,2.0886675535433156e-08,0.0004454059237368264,3.5650542107561477e-06,9.615247990542235e-08,0.00011848704627344492,6.151676877603938e-05,4.1382977335011394e-07,9.570181058557192e-06,2.1544818690165536e-06,4.026545909735904e-08,7.03481792374005e-11,6.176114075291946e-07,5.2647911120836434e-08,1.4991400716393253e-05,1.2122015763423158e-05,1.5594520294880775e-06,1.0979923918589772e-05,2.6887630968503108e-09,0.000266183586693369,0.0822678567012106,1.4880913689973834e-06
8,0.00969182936710879,7.200839019507684e-05,0.60531955045934,0.005843533484298358,1.8681183521587334e-07,0.006094881471974007,7.3242725038577185e-06,1.130180354197205e-06,0.007732490734157356,4.223545372443172e-05,1.0651190243990571e-05,6.760374859923583e-05,3.9335896896195986e-05,1.1684076014592994e-07,1.4327275076198726e-08,2.1429560970652855e-05,4.098409822560225e-06,0.00042472073416923724,0.0010229099345697905,2.661926154748497e-06,0.00026289333322859987,1.0372087674161949e-06,9.961143193100385e-05,0.36323100926504276,6.735566077193943e-06
9,0.0034289050729912392,3.136510172353601e-05,0.8842815663417019,0.0064329176482864495,3.8150907880131384e-08,0.0006681446731502768,4.832790931211896e-06,1.6169769949745627e-07,0.00019360496946300523,6.751321447192377e-05,8.12084354394075e-07,1.404021114678039e-05,3.3514478812841395e-06,7.236437252369282e-08,1.4131486263750208e-10,9.88394108829292e-07,1.157358102351601e-07,2.5576105477550926e-05,2.1081641234101675e-05,2.114653473483293e-06,1.6769753090958136e-05,6.056927183963438e-09,0.0003441271604862838,0.10445963054732092,2.264041674096515e-06
10,0.0025517879446864756,3.0475672958441118e-05,0.8914061856378656,0.007815886715746543,2.537158384073876e-08,0.0005372362226670718,4.191068067765451e-06,1.2124846894552123e-07,0.0001525255133290354,7.559424932454054e-05,5.445953936933915e-07,1.2943722733444258e-05,2.5663059192544422e-06,5.985621742398817e-08,9.149779355806268e-11,8.24655126620681e-07,7.33963201145396e-08,1.87530374556573e-05,1.4125729961316559e-05,2.0310834330782462e-06,1.5195462942669226e-05,4.140714115654035e-09,0.0003583877504763199,0.09699860783005067,1.8526970593765787e-06
11,0.002557645892867111,2.981673414420547e-05,0.8893093255345352,0.007743987492997759,2.6163240285903747e-08,0.0005346225733740294,4.236934491275993e-06,1.2293857892682974e-07,0.00015494802440019288,7.420566808239409e-05,5.501294984196206e-07,1.3513286079762794e-05,2.8572540948150107e-06,5.944727551888356e-08,9.339196702190628e-11,8.548656917511425e-07,7.705238966230351e-08,1.8676755439588694e-05,1.4370783882555717e-05,2.11399392717223e-06,1.552075090832043e-05,4.248985797647826e-09,0.00035782991343636224,0.09916277451885776,1.858949429223593e-06
12,0.003386630538373644,4.081828703913878e-05,0.8894404962290848,0.00981088164154883,3.6473240552058735e-08,0.0007004621467657543,4.796245540451302e-06,1.2957535752527395e-07,0.00016413603149744577,0.00010597254661522138,6.286292501401642e-07,1.387749298734154e-05,3.1165111322723138e-06,1.086158538650696e-07,1.0159551865274627e-10,8.574230910025229e-07,1.294070028051034e-07,3.0017729166001607e-05,1.4346880189147328e-05,2.7321397026991743e-06,1.905241378150722e-05,5.384555467785157e-09,0.0004967594281908346,0.09576093093779987,3.0771906379039813e-06
13,0.002254075426754757,3.003696136488923e-05,0.8898287374781448,0.009339640408302829,2.881737373648204e-08,0.0005163980755206996,5.034397739154745e-06,1.611580055956406e-07,0.00015002000432182816,6.746306900582112e-05,8.194868120322449e-07,1.7015979909986462e-05,2.698897049419447e-06,8.287041413947199e-08,1.0571184434147682e-10,8.442354351233118e-07,8.277421221807234e-08,1.862577424735861e-05,1.3782964275247632e-05,2.072929740797389e-06,1.6935681869158172e-05,5.237511180831251e-09,0.0004579427384703787,0.0972755193082336,1.97521957338339e-06
14,0.00415414190671946,9.277761830503366e-05,0.8338764664783822,0.010502202809719299,7.001931856497061e-08,0.0009247311948098797,9.185375201906605e-06,1.983128438460212e-07,0.00025502889270493084,0.00018221528942365692,1.2456119079781194e-06,1.9388801493237137e-05,2.8394611996507526e-06,1.7096783988565966e-07,2.067883535719125e-10,1.4662437530236757e-06,1.1634726669978122e-07,3.418650127288878e-05,3.276840392068271e-05,3.6400521245920198e-06,2.348710736409121e-05,8.356108392514883e-09,0.0006282110329280295,0.1492521594942897,3.293514313782717e-06
15,0.0025517879446864756,3.0475672958441118e-05,0.8914061856378656,0.007815886715746543,2.537158384073876e-08,0.0005372362226670718,4.191068067765451e-06,1.2124846894552123e-07,0.0001525255133290354,7.559424932454054e-05,5.445953936933915e-07,1.2943722733444258e-05,2.5663059192544422e-06,5.985621742398817e-08,9.149779355806268e-11,8.24655126620681e-07,7.33963201145396e-08,1.87530374556573e-05,1.4125729961316559e-05,2.0310834330782462e-06,1.5195462942669226e-05,4.140714115654035e-09,0.0003583877504763199,0.09699860783005067,1.8526970593765787e-06
16,0.0025424230241011276,3.005477143466744e-05,0.8916109015160172,0.007721289698760181,2.5292779768541375e-08,0.0005386077765623225,4.143187013487308e-06,1.200155053954204e-07,0.00015194251584769303,7.442996162124086e-05,5.439916896240459e-07,1.2743259378671182e-05,2.551694776453739e-06,5.9145899401523875e-08,9.088382201303431e-11,8.191031576372127e-07,7.281843219742602e-08,1.860050295980676e-05,1.4029976781143563e-05,2.013859530760641e-06,1.4996242417960304e-05,4.07715416676376e-09,0.00035533201814439645,0.09690246127985724,1.8341792937570506e-06
17,0.0026919286925599683,3.6850705345861994e-05,0.8801257829248965,0.011164497957535479,3.39053070703987e-08,0.0005533775614944516,5.472813808392314e-06,1.6525249498354532e-07,0.00015675462942066833,9.289811310217082e-05,7.507064869187015e-07,1.8804147189634018e-05,3.4635942513394715e-06,1.0163935696482891e-07,1.0551743727799875e-10,9.508481282215871e-07,1.2104156537009166e-07,2.3962101748225485e-05,1.4663284960248244e-05,2.8403582429498283e-06,2.03660262285064e-05,6.3579863011051955e-09,0.0005666937936820671,0.10451693834056841,2.5750981216734907e-06
18,0.0037676525332312107,4.199923100773498e-05,0.8924379840427428,0.01113781130698296,4.031382113146357e-08,0.0006114411456315593,6.154878396962608e-06,1.549947453328151e-07,0.00015151306007834208,0.00012819778660168633,6.57880672425422e-07,1.826101014609895e-05,3.9314936959536e-06,1.2905211574655753e-07,1.0875589661692777e-10,8.660864909680016e-07,1.7508466496170827e-07,3.763942047372051e-05,1.42862094108811e-05,3.112129941952954e-06,2.2877120520722262e-05,6.976488042875429e-09,0.0005937563068854628,0.09101719392552625,4.157900971202144e-06
19,0.0020900790646031634,3.099171825237112e-05,0.9030194829283372,0.009319841443061411,2.1917445382994116e-08,0.00040369464506531194,5.106167162279319e-06,1.3283939650928848e-07,0.0001523462700242613,7.518553192400695e-05,4.709797240268906e-07,1.7353320476011293e-05,2.7176636912240368e-06,5.427864055167252e-08,9.015001497571505e-11,8.766037254547776e-07,6.237338810308618e-08,1.4939635461497198e-05,1.2421496457718047e-05,1.9113076875538463e-06,1.6157195782820638e-05,4.3868414075036454e-09,0.0003441711474418672,0.08449020874132851,1.7682539312789283e-06
20,0.0021560645507161954,2.891493282461409e-05,0.9007650393461161,0.009245500989496521,2.146317313677023e-08,0.0004781917542414647,4.571204628067705e-06,1.8912754317646527e-07,0.00015493791178246706,7.322023140686725e-05,6.539416840597883e-07,1.63009369881711e-05,2.456076229622654e-06,6.320364913558831e-08,1.3111891130694564e-10,9.79270272460858e-07,7.61639675500828e-08,1.95842467194215e-05,1.537352370620642e-05,1.939424849543505e-06,1.7162664071790788e-05,6.465907518490442e-09,0.0003431987245847947,0.08667378905142978,1.7646628924771433e-06
21,0.002721893139970793,3.85886631535037e-05,0.8860304697823695,0.009988227476221351,2.4550845578945146e-08,0.000551571297069803,4.41826017598945e-06,1.4519653758877034e-07,0.0001907733904909716,8.822839650436489e-05,5.308057989868599e-07,1.6437023527838347e-05,2.7810025111007334e-06,7.575447357612244e-08,9.926152587055269e-11,1.1554137625295878e-06,6.539889646933427e-08,2.083571842914984e-05,1.5184823769724047e-05,2.339529854493866e-06,1.579650520702918e-05,4.5261725753375016e-09,0.0003176173354400922,0.09999102229242847,1.8136171271034565e-06
22,0.003264439480361951,2.4957408889745188e-05,0.8998240367125758,0.007011852514917269,2.554251489380531e-08,0.0005698001051174176,3.461479236744147e-06,1.2014503799312972e-07,0.00014133525075910207,7.229895145977627e-05,5.444748776430032e-07,1.013853957776337e-05,2.578090127280684e-06,5.9347538300281784e-08,9.037991243615179e-11,7.628184678913818e-07,1.0638909681374318e-07,2.924493352587633e-05,1.2843337004817016e-05,2.0103494666452923e-06,1.4969614904771056e-05,4.669836081891087e-09,0.0003029826567694759,0.08870932956991598,2.097527639811502e-06
23,0.0025517879446864756,3.0475672958441118e-05,0.8914061856378656,0.007815886715746543,2.537158384073876e-08,0.0005372362226670718,4.191068067765451e-06,1.2124846894552123e-07,0.0001525255133290354,7.559424932454054e-05,5.445953936933915e-07,1.2943722733444258e-05,2.5663059192544422e-06,5.985621742398817e-08,9.149779355806268e-11,8.24655126620681e-07,7.33963201145396e-08,1.87530374556573e-05,1.4125729961316559e-05,2.0310834330782462e-06,1.5195462942669226e-05,4.140714115654035e-09,0.0003583877504763199,0.09699860783005067,1.8526970593765787e-06
24,0.003055948247141407,4.530554558744227e-05,0.8698128552538364,0.011847367693927647,2.963287566961065e-08,0.0006450339815087711,4.625646081387363e-06,1.4945803841077137e-07,0.00018302038517423581,0.00010975123711131215,6.295660503318596e-07,1.700314936943262e-05,3.1386102371970195e-06,1.0517346832557558e-07,9.947688104448564e-11,1.081192214755082e-06,1.0121358065483312e-07,2.6927439879354734e-05,1.646847748182375e-05,3.0252353571836927e-06,1.8880888455826476e-05,5.639223541077683e-09,0.00045886226691234583,0.11374735381619996,2.3301508096230354e-06
25,0.0032169827589271457,2.6758540645488804e-05,0.907808915048986,0.0040830927259300894,1.864408430173685e-08,0.0004921977662107645,2.752057011066636e-06,5.0113210010553826e-08,0.00015130002949251676,7.015417929687953e-05,2.1337628346895824e-07,7.66693995101636e-06,2.5704469064854563e-06,2.2632561135165293e-08,6.835993140884928e-11,5.99785645366315e-07,5.8729593595347016e-08,1.5765937555709615e-05,1.3750095638927473e-05,1.426909494311488e-06,1.2222533308324716e-05,2.5213227751885953e-09,0.00019873069441928183,0.08389293534113035,1.8121240352798885e-06
26,0.0003538054964402679,0.0006460108908504833,0.7960725247182948,0.1940056473106548,8.458113998998217e-08,0.0005784394424003255,0.0005908651078629747,5.269212127500067e-05,0.0005267324550373308,0.0013094774521355034,7.276750275666415e-06,0.0014204315326394902,1.1880048566636695e-06,1.9926962582758214e-05,4.428138675444921e-08,3.245475969523234e-05,1.5961152353797233e-07,3.40740893222284e-05,5.099755118428585e-05,3.308111551557999e-06,0.00024794693815178177,1.0309747612758193e-06,0.0009596231240627191,0.0030441444929454812,4.1113238969284185e-05
27,0.002561544529045566,3.144380051277313e-05,0.8835979429492292,0.008678881197549572,2.519608357390529e-08,0.0005727899989617267,4.173951617297709e-06,1.432926530541803e-07,0.00017327758097208964,7.36174050733871e-05,6.381851744983482e-07,1.4422989937412527e-05,2.744237469814122e-06,6.434958707830064e-08,1.1254141969162986e-10,9.511715438999585e-07,8.662809584822586e-08,2.1112026675677133e-05,1.624421954009291e-05,2.0834233002547905e-06,1.6890181458496052e-05,5.688421061597926e-09,0.0003587452675319104,0.10387030106018112,1.8705568432066828e-06
28,0.0025517879446864756,3.0475672958441118e-05,0.8914061856378656,0.007815886715746543,2.537158384073876e-08,0.0005372362226670718,4.191068067765451e-06,1.2124846894552123e-07,0.0001525255133290354,7.559424932454054e-05,5.445953936933915e-07,1.2943722733444258e-05,2.5663059192544422e-06,5.985621742398817e-08,9.149779355806268e-11,8.24655126620681e-07,7.33963201145396e-08,1.87530374556573e-05,1.4125729961316559e-05,2.0310834330782462e-06,1.5195462942669226e-05,4.140714115654035e-09,0.0003583877504763199,0.09699860783005067,1.8526970593765787e-06
29,0.0025517879446864756,3.0475672958441118e-05,0.8914061856378656,0.007815886715746543,2.537158384073876e-08,0.0005372362226670718,4.191068067765451e-06,1.2124846894552123e-07,0.0001525255133290354,7.559424932454054e-05,5.445953936933915e-07,1.2943722733444258e-05,2.5663059192544422e-06,5.985621742398817e-08,9.149779355806268e-11,8.24655126620681e-07,7.33963201145396e-08,1.87530374556573e-05,1.4125729961316559e-05,2.0310834330782462e-06,1.5195462942669226e-05,4.140714115654035e-09,0.0003583877504763199,0.09699860783005067,1.8526970593765787e-06
30,0.0025517879446864756,3.0475672958441118e-05,0.8914061856378656,0.007815886715746543,2.537158384073876e-08,0.0005372362226670718,4.191068067765451e-06,1.2124846894552123e-07,0.0001525255133290354,7.559424932454054e-05,5.445953936933915e-07,1.2943722733444258e-05,2.5663059192544422e-06,5.985621742398817e-08,9.149779355806268e-11,8.24655126620681e-07,7.33963201145396e-08,1.87530374556573e-05,1.4125729961316559e-05,2.0310834330782462e-06,1.5195462942669226e-05,4.140714115654035e-09,0.0003583877504763199,0.09699860783005067,1.8526970593765787e-06
31,0.0025461611064248497,3.110196904024347e-05,0.8891051137239052,0.008019631976731728,2.5825954443332026e-08,0.0005465965716832501,4.228757886425583e-06,1.2168643970074385e-07,0.00015582727898770914,7.618651905945898e-05,5.561183219105937e-07,1.3214700332941835e-05,2.614883024406831e-06,6.113417985369773e-08,9.27528573451739e-11,8.427867598983372e-07,7.472175217295993e-08,1.8836224152842223e-05,1.4297901520565082e-05,2.070163102449892e-06,1.5481870052923292e-05,4.22281519441415e-09,0.00036663568990681676,0.09907843999365949,1.8740815524244082e-06
32,0.0026725314068766857,3.087573158311919e-05,0.8887487866224542,0.007256866876618797,2.5239288815211274e-08,0.0005472642804278418,4.105930635939741e-06,1.2168499723102864e-07,0.00015728755439891066,7.495381637944382e-05,5.42644960079359e-07,1.2890723363518585e-05,2.6350344458920452e-06,5.7366020234766416e-08,9.481559869306551e-11,8.313628900674622e-07,7.4019250917382e-08,1.895139619438887e-05,1.5768966348160223e-05,1.997777584445062e-06,1.5297664448554194e-05,4.272946922944006e-09,0.00034116000526832117,0.10009516514517697,1.8043826249597333e-06
33,0.0024845002204413567,3.340329269455652e-05,0.8530767787496712,0.010863266017510307,3.141332112205309e-08,0.0007246289005653475,4.556675043933234e-06,1.7407759835500406e-07,0.00016070704765996303,9.99781605386659e-05,8.003975187890747e-07,1.6119294889053615e-05,3.7659331871173425e-06,9.94196141332871e-08,1.0163771616151669e-10,1.1855350959458932e-06,1.2699408367732967e-07,2.478430234652759e-05,1.829164298426949e-05,3.144048653456818e-06,2.1036273249228396e-05,6.6125250880899105e-09,0.0005555377319488852,0.13190502643874788,2.050718473405274e-06
34,0.004073116602494125,2.7393840934430333e-05,0.9000679663115979,0.0027267149621913117,2.292377897238718e-08,0.00044330968180832174,2.8083469518019094e-06,8.091737445358799e-08,0.0002411235721846437,2.868224889975663e-05,4.0877140324408385e-07,1.0033642569300075e-05,2.6187793822334874e-06,2.436286368717236e-08,9.754704623287955e-11,5.8994497163262e-07,4.4559796645888375e-08,1.378130271926389e-05,2.3878176291323513e-05,1.0236823260821348e-06,9.419598751126778e-06,2.666983638670889e-09,0.00011359396095180162,0.09221225989612725,1.1011491001433893e-06
35,0.004577570455557047,2.172462470339061e-05,0.9166119611155393,0.005503831563422198,1.54174432226595e-08,0.00032833890603328866,3.6048015784650336e-06,1.1545580728216223e-07,0.00017322047023301084,5.727595126504596e-05,3.0400123884753043e-07,1.1733952775036267e-05,2.1022100358150744e-06,3.24502874476646e-08,6.706007789098069e-11,5.717026554692849e-07,5.920261753092185e-08,3.5629486387088084e-05,1.258474520496707e-05,1.0513585467292161e-06,1.23263641488698e-05,4.039465595762534e-09,0.00013259604135725626,0.07251175471490902,1.5909017280024556e-06
36,0.003224174096380278,3.1105562837895595e-05,0.9113821945579001,0.008287482303435408,2.42057447110767e-08,0.00039767363354472186,5.716001168777356e-06,2.4784443366679007e-07,0.00019489719461249642,6.184641199998056e-05,6.346270488955051e-07,2.9563678970796163e-05,4.4817077195570355e-06,7.96679907640914e-08,1.5605912486666059e-10,1.3063903792133261e-06,9.435177117534193e-08,2.1948031471172596e-05,2.0071533710292678e-05,2.009379336339219e-06,1.5391030880322935e-05,7.945952509806734e-09,0.00023981227067802164,0.07607702336447356,2.214051500345898e-06
37,0.002475309460902553,3.1865488184370045e-05,0.8937106635768668,0.008160168051990472,2.6796015480771066e-08,0.000562669529592107,4.405276479003843e-06,1.3371269517437593e-07,0.00015942178958125872,7.634703484396055e-05,5.909487573800828e-07,1.372355559371117e-05,2.6109377289296584e-06,6.66031311660102e-08,1.0166578651759283e-10,8.916613729070406e-07,7.573610881581807e-08,1.8633669070602056e-05,1.4659967657368936e-05,2.0862829336482276e-06,1.5772401869256443e-05,4.446855257902542e-09,0.0003697916552855718,0.09437816397537177,1.917339446820754e-06
38,0.002204106240369328,4.694729951218639e-05,0.8495060809523672,0.0238513978542836,2.9287590973581875e-08,0.0005029470983679753,5.77573920382286e-06,2.6129724268927326e-07,0.00016887392439508874,0.00011166511959091396,1.0634939686818207e-06,3.054712594518474e-05,3.7988442742404187e-06,1.5935321760352027e-07,1.0670364071128751e-10,1.040658397442697e-06,2.0027330658432913e-07,3.2696341129123443e-05,1.5193562937123631e-05,4.008151386719946e-06,3.528334717013881e-05,1.2734057996130557e-08,0.0009164669881113128,0.12255863899413931,2.8052123310067117e-06
39,0.0017091968446676638,1.2180930941374627e-05,0.9150114999523065,0.004713711418356205,1.509038298055157e-08,0.0005561618175235571,2.7872147099425097e-06,1.1351448201844469e-07,0.00010886033839678837,5.316353076055659e-05,3.6010149716862275e-07,7.476435539010846e-06,2.4472096254878966e-06,2.5572714131889338e-08,7.250659276083531e-11,7.873564084310991e-07,6.137249546238206e-08,1.4512343231022223e-05,1.2280161202562923e-05,1.3076150486918463e-06,1.3942308599074015e-05,3.012765302425328e-09,0.00020379461273600655,0.07757421162574084,1.099547362702336e-06
40,0.0024048385511422506,2.7910082689475623e-05,0.9204380729894712,0.005675654752084929,2.245221869418071e-08,0.00044137001366873586,4.220176331103717e-06,1.0621498311556111e-07,0.00014189068011212746,5.872377295667072e-05,4.5887559870967254e-07,1.2255190014476246e-05,2.116795241482051e-06,5.0022455658574316e-08,9.228722313952371e-11,6.458934459698489e-07,5.0942976978743415e-08,1.3809912050994027e-05,1.2550370359909226e-05,1.3952487599034142e-06,1.1930566579693575e-05,3.295107832302872e-09,0.00026858039183269203,0.07048161360166658,1.7291159636750627e-06
41,0.0027951701968168792,2.032168772583169e-05,0.9281664134089379,0.003686565008746106,3.127724009835996e-08,0.00039700405100663295,3.6223423617309266e-06,7.9835248871341e-08,0.0002007015308633231,3.068215549938721e-05,3.6085653504394147e-07,8.31111701590152e-06,2.3300810148119784e-06,2.565426650603368e-08,9.80372489265243e-11,8.133014316055678e-07,3.3482378937867864e-08,1.105469948437334e-05,8.683580145181779e-06,1.2683785006108498e-06,7.12563516633408e-06,1.6372120536759609e-09,0.00013083625424283127,0.06452727741119775,1.2863189244158228e-06
42,0.0019236664376713066,2.4485050752637255e-05,0.8808057224779966,0.008647976843358723,1.610399058050854e-08,0.000542148749346227,3.734849468972948e-06,1.9162572079492665e-07,0.0001607240639416413,7.913577677542849e-05,5.260815707411711e-07,1.634914652516881e-05,3.1755760513870523e-06,4.3353670445867886e-08,1.2061059089029039e-10,1.3551063401792024e-06,8.106009694456833e-08,1.7883341950492544e-05,2.1874730322985753e-05,2.0508344146790735e-06,1.961742632780559e-05,7.042104269288231e-09,0.00029171757457154853,0.10743617205158164,1.344574838262524e-06
43,0.002097475131621021,3.578403897461653e-05,0.8754505612739931,0.009848035027166729,2.3839959787120782e-08,0.0008350131307925919,4.244077401273874e-06,1.5744865484168728e-07,0.0001371908979439556,0.0001973010097676434,4.558773820236401e-07,1.0147796937143118e-05,2.633793399851089e-06,7.312432048807273e-08,9.50352904346941e-11,1.202735024582636e-06,1.0624951015793787e-07,2.6313523902111066e-05,1.8797456575116564e-05,3.142108850723805e-06,2.6880073431475134e-05,6.237044706078433e-09,0.0005179415709957953,0.11078452668880312,1.986792511767162e-06
44,0.0025517879446864756,3.0475672958441118e-05,0.8914061856378656,0.007815886715746543,2.537158384073876e-08,0.0005372362226670718,4.191068067765451e-06,1.2124846894552123e-07,0.0001525255133290354,7.559424932454054e-05,5.445953936933915e-07,1.2943722733444258e-05,2.5663059192544422e-06,5.985621742398817e-08,9.149779355806268e-11,8.24655126620681e-07,7.33963201145396e-08,1.87530374556573e-05,1.4125729961316559e-05,2.0310834330782462e-06,1.5195462942669226e-05,4.140714115654035e-09,0.0003583877504763199,0.09699860783005067,1.8526970593765787e-06
45,0.0025785611231070567,3.122041778652891e-05,0.8907033338685204,0.007921225667053944,2.5681160489022155e-08,0.0005390086262597628,4.22578398993239e-06,1.2038301152556995e-07,0.00015288641588100002,7.713009251787613e-05,5.45012035595861e-07,1.3074899596783476e-05,2.58122080941395e-06,6.12585761960456e-08,9.076985265497531e-11,8.165871157621553e-07,7.478022648930674e-08,1.897655585764118e-05,1.4170460762614967e-05,2.058108849441481e-06,1.545360655700637e-05,4.177757479263415e-09,0.00036765913886586515,0.09755489534212433,1.8907008070915893e-06
46,0.002690584998816335,3.693056729951711e-05,0.9362266458083427,0.003728003324915457,2.5098981766478032e-08,0.0003332311310737934,5.755201077388828e-06,9.355230387913137e-08,0.00017963437645913697,5.9252606459704004e-05,3.4142409876452764e-07,9.250079819071823e-06,9.312558185780634e-07,3.437242524875309e-08,8.334766251883899e-11,6.144520413397094e-07,1.320500478845888e-08,9.752860807232888e-06,1.1260236693598314e-05,8.733599572912138e-07,6.817261157055966e-06,1.3541737587119517e-09,0.0001503300458567922,0.05654844856787195,1.1747751973720608e-06
47,0.0037124096069701207,3.141764406679701e-05,0.8843606861763774,0.0065015334355407834,2.2221395307029238e-08,0.0004071700962418231,3.829062766692938e-06,9.30886782261533e-08,0.0001843094695686972,6.699286767216808e-05,3.5108543918204133e-07,1.7089775009343087e-05,4.116511060316497e-06,3.811218007842729e-08,8.991042617625451e-11,9.266496154114166e-07,8.407381719550534e-08,1.9493713217837177e-05,1.707996542733268e-05,2.0085320620599834e-06,1.5025277843593216e-05,4.631377588379247e-09,0.00024579469536683814,0.1044074962594604,2.026958934550567e-06
48,0.0029554580564204046,4.7718191561599455e-05,0.8159517713055979,0.007418284797349523,2.982813975272845e-08,0.0009118104177996538,4.06654274580115e-06,1.3646278992862572e-07,0.00018825096048283736,0.00011728391612688117,7.347516302554678e-07,1.3648415632563625e-05,3.358680541466743e-06,7.764352059710167e-08,1.0896765580589708e-10,1.064476638582325e-06,1.1389740386711308e-07,2.1881942077639043e-05,3.80123090231714e-05,2.805073700041978e-06,2.1474225743747647e-05,6.690433407566425e-09,0.0005008991099870755,0.17179932694103403,1.7852546514016253e-06
49,0.010692799738273338,9.662960400299107e-05,0.7974256619605572,0.004476732277082898,2.6692213263740427e-07,0.0011342024272894369,1.1078409469632617e-05,3.1765984296920634e-07,0.0005678291468855953,9.255977613471758e-05,2.0860860964871958e-06,1.425264862601192e-05,4.723304129027064e-06,1.2794022508976224e-07,4.2566184558495417e-10,2.866849112186694e-06,2.1898767712855387e-07,4.867554775525089e-05,7.022015504161907e-05,5.2773416051719014e-06,1.6854864572717436e-05,8.087929040482434e-09,0.00036060474863969634,0.18497262732916772,3.377762089745248e-06
50,0.0024922707483274148,2.855178119290233e-05,0.8800549462532496,0.007937865440102781,2.301580564379257e-08,0.0005651211403011406,3.4088636390683505e-06,1.0647834189162164e-07,0.00017529583308504136,6.0406046940492364e-05,5.488112545237948e-07,1.2222663636416825e-05,2.57928167076654e-06,5.103745845667105e-08,8.748327780622938e-11,8.338974460956123e-07,7.058229601849322e-08,1.8436886264561052e-05,1.4030764024137211e-05,1.8947285520247946e-06,1.5060417354508239e-05,3.9882308265853564e-09,0.00031390804945443876,0.10830077359263449,1.5896112532618215e-06
51,0.001767809910860009,8.885141489584555e-06,0.8921691729450271,0.002969125587668956,3.666415107809194e-08,0.0005737215102323681,3.817047206365063e-06,7.04129480610389e-08,9.825650218002409e-05,4.1029822248819315e-05,4.771087214301783e-07,6.175751333344606e-06,3.5593382726198675e-06,2.138514302368991e-08,6.355329332087525e-11,8.251505802358704e-07,5.410966338735566e-08,9.61096272676065e-06,8.515504749948971e-06,1.5542835238167805e-06,9.58182938178182e-06,1.4635289488295025e-09,0.0003120236218957763,0.10201436943763784,1.304445275349344e-06
52,0.0036640427959281335,2.1380536617086804e-05,0.906014664334245,0.006060191031094903,2.8039893313225985e-08,0.0010798389200400529,3.0698188012925602e-06,1.5116818243884554e-07,0.0001784299100389422,8.188919536758142e-05,6.449930456588178e-07,6.66434683515377e-06,2.1821563374037844e-06,7.948954965619473e-08,1.3093234180882998e-10,1.1219116978283993e-06,8.916615106303279e-08,4.569373285036652e-05,1.4292627133449272e-05,1.7535570586281024e-06,1.158245752314233e-05,4.284296527563578e-09,0.00021070417884680456,0.0825993633105729,2.13790696018466e-06
53,0.0016619387197925216,2.7788367297277183e-05,0.9042341950795771,0.008675117683351094,3.538968172553892e-08,0.0004012370881325475,8.059734791715131e-06,1.6223743918258735e-07,0.00012935964564572453,7.693863421365176e-05,7.040642067005062e-07,1.7024998445953304e-05,2.4552147754247266e-06,6.091858433168351e-08,1.0719371008320838e-10,8.951404365547339e-07,5.49181122888757e-08,1.157529038013157e-05,1.0728511464689225e-05,2.033547503792772e-06,1.5186708490997317e-05,3.726284323040235e-09,0.0005123852895454668,0.0842101418217524,1.91716290073848e-06
54,0.00392940924020029,5.128406435359752e-05,0.9164491039795407,0.007075788130555252,3.01738746068468e-08,0.0005438687502387684,4.820037030778729e-06,1.0373584288734363e-07,0.00017816584516154092,9.788936518479909e-05,4.22189662083834e-07,1.4710353711142873e-05,2.419980726985401e-06,8.334014720018935e-08,1.230499548185401e-10,8.482333865556339e-07,6.711909264752272e-08,2.0925222854827617e-05,1.4994445509313367e-05,2.0279990220033512e-06,1.2373304758676682e-05,4.006089045513075e-09,0.0003007455479691997,0.07129689292106182,3.0218909754419384e-06
55,0.0021990111543601283,3.531448357847217e-05,0.8955122773300637,0.008381071796063603,3.6942993165371486e-08,0.000715720322180171,4.894060106221781e-06,1.7357364879595557e-07,0.00010457818521317951,0.00012407219087380304,8.309338573234984e-07,9.822630834237542e-06,1.9971932180114158e-06,1.0811530433824522e-07,1.1174662723477136e-10,8.820208706653941e-07,1.1020117520451773e-07,2.0274423733968323e-05,1.5049416347801163e-05,3.066133611026656e-06,1.768432755450095e-05,5.2078277232900335e-09,0.0007019298161214872,0.09214877512836313,2.31430035285211e-06
56,0.0025822184844061995,3.001399060078429e-05,0.890972540808647,0.007676694230830183,2.5429298365547218e-08,0.0005334688583718176,4.235104776392119e-06,1.2231277729654513e-07,0.0001560972226368472,7.321836514467265e-05,5.454536434036357e-07,1.374624247180778e-05,2.817312960858757e-06,5.93874788037512e-08,9.438386968175164e-11,8.355033479053161e-07,7.558033309692452e-08,1.8628434559788346e-05,1.4647373105560034e-05,2.025712728357351e-06,1.5453401795169445e-05,4.277742238581682e-09,0.00034903672019313164,0.09755161505368923,1.8746440775525138e-06
57,0.002761281647292231,3.3351479257146806e-05,0.8852656764598148,0.008338622723320631,2.432992459094144e-08,0.00045766661103528543,4.62729870536306e-06,1.390859396486593e-07,0.00017622318852805602,7.843068769370395e-05,4.871559274089147e-07,2.0130896747288756e-05,4.208839805806161e-06,5.670858910724183e-08,1.0126442435042083e-10,1.0168720615084274e-06,9.51061276362072e-08,1.8737672592390563e-05,1.8172105946410456e-05,2.37740940659711e-06,1.812561453950945e-05,5.77445670895489e-09,0.000341811289469747,0.10245670651956862,2.024421985421778e-06
58,0.0025407228409023304,2.7043319960737818e-05,0.8779465000745699,0.007178247617277351,2.3572763543097706e-08,0.0005227476463182156,3.87227491990272e-06,1.099703038346747e-07,0.0001543451861423893,6.441138665292611e-05,5.52259924321026e-07,1.3032869924371479e-05,2.6904056928815085e-06,5.0386597852032474e-08,8.402639497185073e-11,7.95166357881675e-07,6.554496502388794e-08,1.730340426333643e-05,1.4706898338950406e-05,1.8550463439608828e-06,1.4220299997014792e-05,3.808842547052787e-09,0.00033528921291278675,0.11115980568888367,1.6050331178007268e-06
59,0.00228430295452727,2.514227452671814e-05,0.8853741803769153,0.006873183708961989,2.1819199598832642e-08,0.00048537481142157084,3.620624685232443e-06,1.0179603112305108e-07,0.0001416051649869159,6.225248777314836e-05,4.916399895952146e-07,1.1403606230103366e-05,2.3808010143129395e-06,4.342030924083958e-08,7.570928952673659e-11,7.445949437233755e-07,5.759155152511073e-08,1.510061777509252e-05,1.2841582563871813e-05,1.8036023199930676e-06,1.3361605555196456e-05,3.2828528504722798e-09,0.00032293505402079413,0.10436760556666173,1.440939473756246e-06
60,0.0025517879446864756,3.0475672958441118e-05,0.8914061856378656,0.007815886715746543,2.537158384073876e-08,0.0005372362226670718,4.191068067765451e-06,1.2124846894552123e-07,0.0001525255133290354,7.559424932454054e-05,5.445953936933915e-07,1.2943722733444258e-05,2.5663059192544422e-06,5.985621742398817e-08,9.149779355806268e-11,8.24655126620681e-07,7.33963201145396e-08,1.87530374556573e-05,1.4125729961316559e-05,2.0310834330782462e-06,1.5195462942669226e-05,4.140714115654035e-09,0.0003583877504763199,0.09699860783005067,1.8526970593765787e-06
61,0.0023526224195563497,2.5687573014141897e-05,0.8881762087462409,0.006959957404304812,2.2942801187256285e-08,0.0004907803348000239,3.7830551071828737e-06,1.0610423291256915e-07,0.0001435566740942645,6.41159260207992e-05,5.013799700606504e-07,1.167187751667916e-05,2.4714825612932573e-06,4.585260766823357e-08,8.015147536505482e-11,7.570714648779453e-07,6.15113784555634e-08,1.601883701049018e-05,1.2877837445416531e-05,1.8458098603081103e-06,1.3703133812047928e-05,3.4595706213746866e-09,0.0003256901981238632,0.10139597086852581,1.5394198280836383e-06
62,0.0025517879446864756,3.0475672958441118e-05,0.8914061856378656,0.007815886715746543,2.537158384073876e-08,0.0005372362226670718,4.191068067765451e-06,1.2124846894552123e-07,0.0001525255133290354,7.559424932454054e-05,5.445953936933915e-07,1.2943722733444258e-05,2.5663059192544422e-06,5.985621742398817e-08,9.149779355806268e-11,8.24655126620681e-07,7.33963201145396e-08,1.87530374556573e-05,1.4125729961316559e-05,2.0310834330782462e-06,1.5195462942669226e-05,4.140714115654035e-09,0.0003583877504763199,0.09699860783005067,1.8526970593765787e-06
63,0.0026370576581715845,3.44547347002159e-05,0.8916807105470888,0.007744523506161022,2.592443862141714e-08,0.000531199906442849,4.2299937924634326e-06,1.1949055980162431e-07,0.00015763950759403072,7.925138192629718e-05,5.295778081303973e-07,1.3275691615011139e-05,2.5447730259600196e-06,6.086448172630564e-08,9.553764989200923e-11,8.230874647887836e-07,7.319375887949463e-08,1.8220464654802917e-05,1.5146651091984522e-05,2.1046474904609937e-06,1.5631675919052825e-05,4.2531595266432796e-09,0.00036104291542808886,0.09669944318341796,1.886274270289333e-06
64,0.0024159916750518817,3.1545448561776526e-05,0.8900287041853526,0.008248145862265613,2.4570253120554992e-08,0.0005430417780309845,4.239519435722117e-06,1.1922731067834191e-07,0.0001530721968062995,8.159612202085038e-05,5.213751587059828e-07,1.3589368418604887e-05,2.693417401517168e-06,5.999013455583405e-08,9.181296608013436e-11,8.17215693746758e-07,7.613854123279106e-08,1.8673559599556173e-05,1.4264868380909378e-05,2.0674692742475143e-06,1.7551748893217915e-05,4.436735574194978e-09,0.00038199253007362453,0.09803929696034096,1.910244451090722e-06
65,0.00202473094221398,3.247155703197616e-05,0.916605928158295,0.008996192924361693,2.4419250089315093e-08,0.0005115771077258268,5.135643232740444e-06,1.4926977612229668e-07,0.00010357182430843446,0.00011800039554162027,4.887188014199335e-07,1.1736726511970217e-05,1.9266408231599718e-06,7.76550721049822e-08,9.109675563612855e-11,7.403268424228129e-07,7.016538475080948e-08,1.7599977768804543e-05,1.1430892660288605e-05,2.2873416047023913e-06,1.6544742046999777e-05,3.989384076938535e-09,0.0004814419945479525,0.07105568592681566,2.182568901747678e-06
66,0.0024414817483484636,2.5388418526423074e-05,0.8906399620161959,0.006156179753915016,2.6081321295552146e-08,0.0005300139505421362,3.6587737987734737e-06,9.42861070258317e-08,0.0001337905743194235,7.202287371715557e-05,4.533082624127225e-07,9.625837049700537e-06,2.545942662116333e-06,4.296494555889409e-08,7.605273683910202e-11,7.265113101857747e-07,6.841413271772242e-08,1.6175356662767276e-05,1.2565588040730219e-05,2.0673748860295043e-06,1.4122877644847579e-05,3.044605724229536e-09,0.0003472362443894058,0.09959008745755932,1.66052500430165e-06
67,0.0015510879289212303,2.0196382584595522e-05,0.8418303220647338,0.014448765322192275,2.4083834612612628e-08,0.0010447291594173718,2.9566394602370233e-06,1.2594134551818557e-07,9.920289284751264e-05,0.00011437804614646583,6.900190282492014e-07,1.0157759792374464e-05,3.7226709126672543e-06,1.0859627510016337e-07,6.168918179181937e-11,1.0802569693218934e-06,1.255406526097509e-07,2.2700736227855247e-05,9.884836015998468e-06,3.910702580993502e-06,2.0102815202100636e-05,3.891987943642165e-09,0.0008271021634410759,0.13998666326186718,1.9582258736686324e-06
68,0.0026426896876635838,3.147612189518354e-05,0.8897783467765783,0.007719917621822802,2.745540991053669e-08,0.0005610795159568958,4.336928328165345e-06,1.2587409580050366e-07,0.000159148131813968,7.659633229435304e-05,5.741244953721075e-07,1.3156421086955288e-05,2.7026288210992824e-06,6.216753086237194e-08,9.956761018800027e-11,8.768436145115951e-07,7.764283116777327e-08,1.9313709702884246e-05,1.4960002208742248e-05,2.1191068972154455e-06,1.5284629449765915e-05,4.324139001931954e-09,0.00035923474395337834,0.09859596105177786,1.9280580644697142e-06
69,0.0015846298402175845,2.486996745265374e-05,0.8673119347824066,0.008580302196371934,2.3908619842659088e-08,0.0005337415123392533,3.7438943648938876e-06,1.1979121785386438e-07,0.00012405744588007896,6.46205629737474e-05,6.492498768307524e-07,1.1561404051415513e-05,2.2438813437302762e-06,4.9650683108895906e-08,7.820372081621719e-11,8.24397881180384e-07,5.627470147468691e-08,1.1589996081128285e-05,1.2284263349280872e-05,2.273919926559324e-06,1.6001041280290782e-05,3.2036621047285514e-09,0.00048819731250896874,0.12122496647020958,1.2549543959787522e-06
70,0.002512952283796012,3.135580023196644e-05,0.8832814299379059,0.007720735649431433,2.5580051275483878e-08,0.000558733844870911,4.212361373656596e-06,1.1768467942018082e-07,0.00015572519066810633,7.635412721347041e-05,5.728342930744422e-07,1.3033505271617356e-05,2.5524264729899573e-06,5.8718777134857415e-08,9.190795485213053e-11,8.120472758810264e-07,7.319391868578419e-08,1.83732027761036e-05,1.5363630501148024e-05,1.9932506468060962e-06,1.5995821706921464e-05,4.268787382109188e-09,0.0003792454633261302,0.10520846784634792,1.8112377680718147e-06
71,0.0032337324409696536,7.29793028198346e-05,0.832667635285081,0.01279808764582072,7.772187993674091e-08,0.0005803050083321604,6.941725399893707e-06,1.5648702149561887e-07,0.00020262432060105383,0.0001703315495390562,6.011197762586101e-07,1.895695647215885e-05,5.337642726427914e-06,1.1030619482693378e-07,1.1063161322727886e-10,1.679314221582008e-06,1.3412072927951847e-07,1.8908859832033595e-05,1.6130872021848268e-05,8.742356574349122e-06,2.3205568761162847e-05,4.449509426248423e-09,0.0009047527007084203,0.149265521055706,3.0430786697559245e-06
