,0,1,2,3,4,5,6,7,8,9,10,11,12,13,14,15,16,17,18,19,20,21,22,23,24
0,0.0011928936827474987,0.1812314256577869,1.0162974868322434e-07,1.592896601699479e-08,0.0022325067176103518,3.84395482883792e-06,0.001868902893777981,7.66438400872163e-08,0.019778093536311433,7.499083247987087e-05,2.3215358080112855e-06,7.121027152329024e-05,6.748004010826983e-07,0.0008065106280873563,1.027978270445637e-05,2.1366511117710876e-06,3.0290182266993883e-06,4.656967264597669e-05,0.0002872485720737212,4.4951541571758225e-08,2.6068557350725416e-06,0.0006124475745580028,2.4052172844804065e-06,2.148615203265617e-08,0.7917696415040488
1,0.0014345774420549801,0.19579228311012173,1.0302886310137741e-07,1.795341683283277e-08,0.0026511023057598933,3.76934163768695e-06,0.0019697162897903864,9.168883029834807e-08,0.03467289459204743,9.376704123092956e-05,2.256201614662698e-06,5.644095059270183e-05,7.266225163103526e-07,0.0007109843681242614,9.647453829862697e-06,2.782064827105997e-06,3.2817318458833076e-06,4.1573895463223005e-05,0.0003048968807334269,4.3102169059575456e-08,1.8903274956344823e-06,0.000565245939590116,2.2864869550611895e-06,2.5614968275624777e-08,0.7616795955655211
2,0.0009242960581948127,0.12131283867510383,7.278266362548104e-08,1.1243030461301184e-08,0.0019775178727682416,2.263789907702069e-06,0.0014499410185614822,5.8430653875813136e-08,0.0204493219163352,6.249283315290998e-05,1.5359919298631605e-06,3.732643224406455e-05,3.68955327322287e-07,0.0006524001484729177,8.962583356213638e-06,1.297727828949649e-06,1.7920869514760911e-06,3.301259308875002e-05,0.00019675293143222588,4.085045322187891e-08,1.721281593380067e-06,0.0005385037787920846,2.1632789131792404e-06,1.9436095236207952e-08,0.852345287303149
3,0.0011141984695168994,0.1760220302983813,9.393586126722698e-08,1.5146804247218785e-08,0.0021771897371366815,3.2174794761028685e-06,0.0017240826977456636,6.758185080879027e-08,0.019679297746702986,6.642281794010556e-05,2.2166144628140874e-06,6.577583592802622e-05,6.19268584108605e-07,0.0008004925659098229,9.348624842107638e-06,1.7912420800461795e-06,2.927631848903197e-06,4.430138823784119e-05,0.0002398652724785501,3.753309091164443e-08,2.2604514609423744e-06,0.0005882088610598036,2.198068311586906e-06,1.9915149136376187e-08,0.7974533208151393
4,0.0010585877802988313,0.1945560555007647,9.518941344004989e-08,1.6419810942772184e-08,0.0023235190667319286,3.4340461778169694e-06,0.0017315478605776978,6.687596070204384e-08,0.019258323172482945,6.253109548746031e-05,2.559201503405255e-06,8.285959242636402e-05,8.038597198850197e-07,0.0009192162695738181,8.53893494863097e-06,1.876084070308807e-06,3.3349587359193947e-06,4.9025523836642424e-05,0.00024235888364084992,3.8387520166604054e-08,2.342171497532804e-06,0.000585469666793982,2.332903770090047e-06,1.8871765300898373e-08,0.7791050476824907
5,0.0010888581661976898,0.12536321951318372,7.902450695965871e-08,1.5406445110562475e-08,0.0017428049053588575,2.4799420520886897e-06,0.001503705734858699,5.846485333112927e-08,0.017311536910791493,6.619926287054476e-05,1.7947209663230334e-06,6.065467393886596e-05,5.002197286777273e-07,0.0007979268466587856,6.729686708429004e-06,1.5952647498878438e-06,2.8370590516227925e-06,5.7843108752137987e-05,0.00016785060774139894,3.973497442042563e-08,1.9940902692124543e-06,0.0005039614911336591,2.087841153358132e-06,2.0928023215787885e-08,0.8513152063950314
6,0.0011141984695168994,0.1760220302983813,9.393586126722698e-08,1.5146804247218785e-08,0.0021771897371366815,3.2174794761028685e-06,0.0017240826977456636,6.758185080879027e-08,0.019679297746702986,6.642281794010556e-05,2.2166144628140874e-06,6.577583592802622e-05,6.19268584108605e-07,0.0008004925659098229,9.348624842107638e-06,1.7912420800461795e-06,2.927631848903197e-06,4.430138823784119e-05,0.0002398652724785501,3.753309091164443e-08,2.2604514609423744e-06,0.0005882088610598036,2.198068311586906e-06,1.9915149136376187e-08,0.7974533208151393
7,0.0006185334474163173,0.06799832181057604,3.270387880577282e-08,9.487446011844008e-09,0.001148684810285467,1.6274608925996984e-06,0.0010816394419756892,3.151921385934249e-08,0.014871788433970325,5.2442685432792525e-05,9.647576845980953e-07,3.160369348643568e-05,1.9693591678622066e-07,0.0006409026525096533,5.188819856074362e-06,1.1632924365771532e-06,1.8157024113165506e-06,3.47782743543869e-05,9.765246191925809e-05,2.7693231273399017e-08,1.3188937845272245e-06,0.0003673727315601946,1.9672311422371155e-06,1.4053042472289258e-08,0.9130419210055762
8,0.0011328422105172373,0.18073078138499957,9.555329061747263e-08,1.5319470080457083e-08,0.002206579270446957,3.301181492667843e-06,0.0017511377028355713,6.94685877989792e-08,0.019714045383722727,6.65122225392053e-05,2.256105282048794e-06,6.848917771981295e-05,6.455984852196788e-07,0.0008051909408313128,9.369911554144328e-06,1.8373870724660298e-06,3.0100334201687667e-06,4.503839192749334e-05,0.0002481221941314848,3.795981296023616e-08,2.3024742059906176e-06,0.0005942785183856526,2.2172320444411054e-06,1.9649676530595083e-08,0.7926118047275478
9,0.0010672786305329918,0.2118383893308549,7.790614502298417e-08,1.2303604336169655e-08,0.0021181863247008003,3.416015766562397e-06,0.0018796184505007975,6.389916766360238e-08,0.01720038831949582,5.344344304153364e-05,2.098713294010209e-06,8.567257418944247e-05,7.214739744811749e-07,0.0007417204688871591,8.01665673303369e-06,1.831519711528414e-06,3.040489039326889e-06,4.506276298796047e-05,0.0002659788909268289,3.2061102647667475e-08,2.1508753831613075e-06,0.000542119893398884,1.9765271250200904e-06,1.2971879019343395e-08,0.7641386894975571
10,0.0011141984695168994,0.1760220302983813,9.393586126722698e-08,1.5146804247218785e-08,0.0021771897371366815,3.2174794761028685e-06,0.0017240826977456636,6.758185080879027e-08,0.019679297746702986,6.642281794010556e-05,2.2166144628140874e-06,6.577583592802622e-05,6.19268584108605e-07,0.0008004925659098229,9.348624842107638e-06,1.7912420800461795e-06,2.927631848903197e-06,4.430138823784119e-05,0.0002398652724785501,3.753309091164443e-08,2.2604514609423744e-06,0.0005882088610598036,2.198068311586906e-06,1.9915149136376187e-08,0.7974533208151393
11,0.001144101371181092,0.19196194262735547,1.0020916598963744e-07,1.6420749717529565e-08,0.0023003233642788865,3.5197552669270783e-06,0.0018252085499019164,7.509588087132865e-08,0.02025528578699094,6.693913966140847e-05,2.392483394114221e-06,7.585046826265286e-05,7.502774383382977e-07,0.0008365063890160482,9.348885944373352e-06,1.9802280351995075e-06,3.2654288229213917e-06,4.6957557094098545e-05,0.0002632410164608717,3.971343095231097e-08,2.361607066876639e-06,0.0006033621479660186,2.298549383175418e-06,1.977220022772835e-08,0.7805941131550509
12,0.0011498834530441044,0.17865959145667934,9.731825635739563e-08,1.557116104363691e-08,0.0021582918823127265,3.3029001655213672e-06,0.0017900880731784227,7.242961281639933e-08,0.020476497315599616,6.955526851134142e-05,2.2770796881563256e-06,6.603190530208046e-05,6.402879988493168e-07,0.0007975009177152052,9.830673270416146e-06,1.860695089043025e-06,3.0558719901634796e-06,4.4053050189061166e-05,0.00025211857567591846,3.8387503155233554e-08,2.31697972366443e-06,0.0006246529795440426,2.225583936958676e-06,2.076539274749989e-08,0.7938859805784594
13,0.0012587433922234472,0.25862089154234735,1.315191098872389e-07,2.354194202899161e-08,0.003427823211131549,3.860198408465778e-06,0.001833837144700224,7.088902818868399e-08,0.01930872302013776,5.658435759426218e-05,6.608566114294361e-06,0.00011479255843883418,1.2493576642506398e-06,0.0012389060141466707,1.5554477109580953e-05,2.1661369867386746e-06,3.99845055565491e-06,4.921666902807053e-05,0.0003153044506627377,3.498973566559647e-08,3.4705648183432884e-06,0.0006722791178645909,3.4324079723704406e-06,2.7972155265657055e-08,0.7130622694501237
14,0.0010971833854020068,0.32649584096742157,9.568098416174375e-08,1.3010013565529552e-08,0.002982949617169521,5.506692661517123e-06,0.0017413003874735052,5.362934636293673e-08,0.014998957265661056,5.236125463537054e-05,3.3598352828600936e-06,0.00013562341761691056,1.0886501099609921e-06,0.0009704531308620642,8.941691375226825e-06,2.277314989146786e-06,3.2141368977195513e-06,4.5987590303304785e-05,0.00037789634510662043,3.414134373841898e-08,2.8815334124525976e-06,0.0004908217404215093,2.2178044893777448e-06,1.330224415359552e-08,0.6505809274747765
15,0.0011141984695168994,0.1760220302983813,9.393586126722698e-08,1.5146804247218785e-08,0.0021771897371366815,3.2174794761028685e-06,0.0017240826977456636,6.758185080879027e-08,0.019679297746702986,6.642281794010556e-05,2.2166144628140874e-06,6.577583592802622e-05,6.19268584108605e-07,0.0008004925659098229,9.348624842107638e-06,1.7912420800461795e-06,2.927631848903197e-06,4.430138823784119e-05,0.0002398652724785501,3.753309091164443e-08,2.2604514609423744e-06,0.0005882088610598036,2.198068311586906e-06,1.9915149136376187e-08,0.7974533208151393
16,0.0008173334412285754,0.1026467163353982,5.3417912386269405e-08,1.1772123669858047e-08,0.0012493871285569824,1.9894284531376494e-06,0.001310794048741872,3.673089518413748e-08,0.00913285808455757,6.726015727346025e-05,1.5325421012160403e-06,8.099663717649144e-05,3.660878171321685e-07,0.0008682737187214849,4.8610336624354826e-06,1.2811338438630242e-06,2.469829080833239e-06,7.181367859927868e-05,0.00012708325568316182,3.47269151685168e-08,3.0766169679203383e-06,0.0005060032786085934,1.6678494654490836e-06,1.3598829033830069e-08,0.8831040854673868
17,0.0009252620989996094,0.12888342127719554,5.44952682540223e-08,9.883299259755317e-09,0.0014137105236237543,1.585916880843183e-06,0.0011629436585786264,4.875335633580357e-08,0.009370275088583308,3.668886983339198e-05,1.4740779227372388e-06,0.00010931397390755428,6.076443819854885e-07,0.0007957596905065261,3.469766333568763e-06,1.0814719419193921e-06,2.817404243341762e-06,7.468794250695943e-05,0.0001630202892114566,3.1740170840533365e-08,2.117370566408332e-06,0.0004821707238129434,1.9073588481412173e-06,8.89054570895044e-09,0.8565675310894809
18,0.0006298041383044304,0.08021427469574888,2.367289124503236e-08,4.956266330497659e-09,0.0005918892985493104,1.1310409304251041e-06,0.0008610684419953561,2.523604286780011e-08,0.009219772935658708,3.6268218796613896e-05,7.85706196649824e-07,4.9995903467992644e-05,2.502373369116707e-07,0.0005419888995273833,2.6115505154266906e-06,6.919961758665739e-07,2.1614769461385255e-06,4.782366069727665e-05,8.369712016510568e-05,2.0770822580054052e-08,1.047267594940146e-06,0.00041156915521984097,1.2892544398228445e-06,8.04193629784488e-09,0.9073017963237736
19,0.0012232631843882874,0.22558154178108691,1.387377332380571e-07,2.084004732140927e-08,0.0032651848844987247,3.5330176763477782e-06,0.002165817310421135,1.0230616257774787e-07,0.020766601635172348,6.978588326244392e-05,2.690466029836399e-06,0.00010257666994057589,1.0330433024812177e-06,0.0009627703998143349,9.84484420810915e-06,2.2028059056236077e-06,3.467335440264139e-06,5.527565537691853e-05,0.0003308272401632319,4.5626862387811485e-08,2.803286456764969e-06,0.0007279843552997726,2.161150695023067e-06,1.857074760189762e-08,0.7447203089693076
20,0.0009467565221695393,0.1731237558479292,1.251416734634498e-07,1.8478971870337673e-08,0.002185616174102476,4.003115080709148e-06,0.002336320226343622,9.907189930180866e-08,0.020434519370595806,7.85598507249092e-05,3.0585617923936214e-06,5.4444204425562974e-05,5.966154076992802e-07,0.000878030592108239,2.2813901625764e-05,1.7763944583746228e-06,2.996212921666061e-06,2.9575610564192738e-05,0.0003196635851829716,4.560229625715566e-08,3.5285906657079886e-06,0.0010850601717756999,3.02003380754199e-06,2.8230536290620926e-08,0.7984855878929407
21,0.0011916052110491826,0.18746045586769125,8.327071663393005e-08,1.4845049276095401e-08,0.002547947440930118,2.875357235909175e-06,0.0011985934192557147,4.594064026044792e-08,0.01568728025205958,7.41268736510401e-05,2.5328851640020887e-06,9.677571339269619e-05,6.1487921428131e-07,0.0009898126863507682,6.1171270249130245e-06,1.7906130026049757e-06,2.7043378428155783e-06,6.262670868655518e-05,0.0002136810526265252,3.78587112294707e-08,3.00442682550543e-06,0.000472970590602479,2.038593149634085e-06,1.867958577958337e-08,0.7899822453695412
22,0.0014593242617707402,0.1590144165422896,1.3258092895599928e-07,2.2690845730708402e-08,0.0020260387720055437,3.6907289295059708e-06,0.0016733324577203267,8.046871111552672e-08,0.019265066067484647,0.00010607177831032187,3.070795599097933e-06,8.518838504398938e-05,7.039613475663895e-07,0.0010282173715118713,1.0324407832516571e-05,2.312591709380482e-06,4.6380836592767695e-06,6.75255405564775e-05,0.00025318019894105285,4.940057396991397e-08,3.4666092019785443e-06,0.0008098893939177804,2.4561137417259757e-06,3.163846659794256e-08,0.8141807691589003
23,0.0011141984695168994,0.1760220302983813,9.393586126722698e-08,1.5146804247218785e-08,0.0021771897371366815,3.2174794761028685e-06,0.0017240826977456636,6.758185080879027e-08,0.019679297746702986,6.642281794010556e-05,2.2166144628140874e-06,6.577583592802622e-05,6.19268584108605e-07,0.0008004925659098229,9.348624842107638e-06,1.7912420800461795e-06,2.927631848903197e-06,4.430138823784119e-05,0.0002398652724785501,3.753309091164443e-08,2.2604514609423744e-06,0.0005882088610598036,2.198068311586906e-06,1.9915149136376187e-08,0.7974533208151393
24,0.0010027092117334926,0.1886248004858125,9.156666854313938e-08,2.0126959313692225e-08,0.00335614565387306,3.1666470338860805e-06,0.0016330749008686698,6.316453340523402e-08,0.019485283264548663,5.749350160962825e-05,2.5779269434856857e-06,9.591131807718656e-05,8.896770625372817e-07,0.001125430538319155,6.864037371255757e-06,2.192995007266888e-06,2.982761456359635e-06,5.8949086437200816e-05,0.00021866697133505515,3.9953525835353745e-08,2.223992190958112e-06,0.0004544767712226923,2.5037207291481477e-06,1.724932801970342e-08,0.7838634244773526
25,0.0016159906105116565,0.1954781941591336,1.5391060019629265e-07,3.1269677417564526e-08,0.002995169433178356,3.815111424668968e-06,0.002790581081143817,1.4571106582860267e-07,0.021792900784246255,8.0377819975149e-05,4.255721447170643e-06,0.00010923442991696476,1.3201746181177648e-06,0.0010699399657493629,1.366156082625693e-05,2.9441548253804936e-06,4.866712333430186e-06,7.120094256196774e-05,0.00037253920192625633,5.46468709639954e-08,3.828103142976644e-06,0.0008257767289121646,3.4152218482648634e-06,2.6066406778095153e-08,0.7727595764776569
26,0.0015288998501639954,0.1627680735450928,8.976434472694549e-08,1.789055495626562e-08,0.0021668253414402123,2.9749314742104793e-06,0.0014320190565221321,7.976888048265964e-08,0.035230842465738335,6.384265791637599e-05,2.116409114806542e-06,4.372818035762989e-05,5.589835599517478e-07,0.0006192796292473165,8.72676929068119e-06,1.9208870928928327e-06,3.288834837643967e-06,3.945203464069691e-05,0.00020006566966481503,3.7672214412043753e-08,1.5428027661112484e-06,0.00044147366530843877,2.89511173805929e-06,3.28946359207919e-08,0.7954412151834025
27,0.0008467113410958102,0.1373147847059521,6.672529845686017e-08,1.1616487222025897e-08,0.0016759887614046308,2.5731376389954784e-06,0.0016282634215068472,5.6135984852975395e-08,0.023952521570243336,6.718588318417946e-05,1.7982798675078597e-06,3.8321606244220584e-05,3.9355924552420746e-07,0.0006736033705426087,1.0856585737796808e-05,1.4052550901282565e-06,2.316781355748856e-06,2.8432028449127028e-05,0.00018269720945290134,3.3778456202389344e-08,1.6243900854559462e-06,0.000647421094205301,2.081755330165386e-06,2.2786960648501647e-08,0.8329208282201803
28,0.0011141984695168994,0.1760220302983813,9.393586126722698e-08,1.5146804247218785e-08,0.0021771897371366815,3.2174794761028685e-06,0.0017240826977456636,6.758185080879027e-08,0.019679297746702986,6.642281794010556e-05,2.2166144628140874e-06,6.577583592802622e-05,6.19268584108605e-07,0.0008004925659098229,9.348624842107638e-06,1.7912420800461795e-06,2.927631848903197e-06,4.430138823784119e-05,0.0002398652724785501,3.753309091164443e-08,2.2604514609423744e-06,0.0005882088610598036,2.198068311586906e-06,1.9915149136376187e-08,0.7974533208151393
29,0.0011141984695168994,0.1760220302983813,9.393586126722698e-08,1.5146804247218785e-08,0.0021771897371366815,3.2174794761028685e-06,0.0017240826977456636,6.758185080879027e-08,0.019679297746702986,6.642281794010556e-05,2.2166144628140874e-06,6.577583592802622e-05,6.19268584108605e-07,0.0008004925659098229,9.348624842107638e-06,1.7912420800461795e-06,2.927631848903197e-06,4.430138823784119e-05,0.0002398652724785501,3.753309091164443e-08,2.2604514609423744e-06,0.0005882088610598036,2.198068311586906e-06,1.9915149136376187e-08,0.7974533208151393
30,0.0011141984695168994,0.1760220302983813,9.393586126722698e-08,1.5146804247218785e-08,0.0021771897371366815,3.2174794761028685e-06,0.0017240826977456636,6.758185080879027e-08,0.019679297746702986,6.642281794010556e-05,2.2166144628140874e-06,6.577583592802622e-05,6.19268584108605e-07,0.0008004925659098229,9.348624842107638e-06,1.7912420800461795e-06,2.927631848903197e-06,4.430138823784119e-05,0.0002398652724785501,3.753309091164443e-08,2.2604514609423744e-06,0.0005882088610598036,2.198068311586906e-06,1.9915149136376187e-08,0.7974533208151393
31,0.0017602735064123226,0.17421330337158408,1.3225672577847008e-07,1.4966875614711584e-08,0.002248944645850298,2.3711676240137394e-06,0.0015707683422607438,1.0642171688640288e-07,0.01577364400877944,5.607824978839322e-05,1.7962882562146822e-06,8.432196255127136e-05,8.089377798053764e-07,0.0006450216148599595,6.221876728059626e-06,1.5760981627919944e-06,3.0852246658602498e-06,6.729023169097678e-05,0.0003293122569715701,4.4570657404007726e-08,2.3993008294688916e-06,0.0005730032794247636,2.0432526153133723e-06,1.5584652059286624e-08,0.8026574225825369
32,0.0011176950424647896,0.17972587328926087,9.80352709566436e-08,1.4741718002733451e-08,0.0022562343908959157,3.398698826131696e-06,0.001769360516592952,7.300974936222401e-08,0.01943364095037808,6.715930600102977e-05,2.2607838764306607e-06,6.877521257719466e-05,6.550499973979825e-07,0.0008038652399580314,9.87235582072475e-06,1.8793406738503317e-06,2.9260863348272086e-06,4.3266484778340994e-05,0.00027882228315338233,4.077727710949888e-08,2.354461337118895e-06,0.0006339232265259107,2.3013453522632397e-06,1.9350821820945436e-08,0.7937754900203575
33,0.001182496043039698,0.24751086471260075,8.046808963735174e-08,1.7997543503379643e-08,0.001718976119264491,3.7913276400865396e-06,0.0026531930953816152,1.245242799475427e-07,0.02181288539875608,6.808412232695752e-05,2.4428918470369142e-06,0.0002143557877802145,2.0989094170855237e-06,0.0011028999565793642,4.927468161967295e-06,3.311553313990078e-06,8.856911784371476e-06,8.984774721622155e-05,0.00032334503791518754,4.166705340234267e-08,1.9706682098511764e-06,0.0009563174351657427,2.017881773619363e-06,1.0551365924796308e-08,0.7223370417234933
34,0.0009748360679067093,0.16345534401996786,9.124519485437636e-08,1.6755286932231222e-08,0.0020223436663396573,3.6607324043293647e-06,0.0018844208258139536,6.658993198599064e-08,0.018250080510685836,7.065704683982209e-05,2.0289970156288142e-06,7.008304929327234e-05,5.940522631001082e-07,0.0008758460202322885,9.304207861598211e-06,1.962297420957763e-06,3.2555034607459458e-06,4.899866530828442e-05,0.00020594406033840528,4.01107621871668e-08,2.4339477421499916e-06,0.0005963508016043143,2.2044441792172126e-06,1.8936098159522694e-08,0.8115194174460477
35,0.0013488820925087212,0.17472420289290014,9.037088424767149e-08,1.477940943616559e-08,0.001954403062367538,2.8442436039234553e-06,0.0016993971798598573,7.70536752870607e-08,0.02108674253964369,6.853811122536387e-05,1.9848898746831606e-06,6.958916734633155e-05,6.445094039362914e-07,0.0007079091210118176,7.619304210479246e-06,1.8314207664020225e-06,3.2549306831511043e-06,5.1576376979796306e-05,0.00024354072575001674,3.672786700010645e-08,2.092579748816414e-06,0.0005786990572440927,2.004700897829533e-06,1.8961896726686024e-08,0.7974440052002407
36,0.0013242086305165293,0.19516603806348395,6.271778630658782e-08,1.847077130908277e-08,0.0012380764316656829,3.946195314615185e-06,0.002942606527184047,1.8882699908781593e-07,0.03317057838476974,6.5142111261011e-05,1.994394171068001e-06,0.000148539469747477,1.443101510620603e-06,0.0008016149934602026,7.661425454447922e-06,4.031785626501458e-06,1.1201965248417807e-05,6.632991807699336e-05,0.00031184631592924756,4.1117834152321794e-08,1.6419498940472687e-06,0.0011325353854978288,2.9080065699074306e-06,1.3082250112285615e-08,0.7635973307289768
37,0.0015657368808183205,0.1334738019474117,1.1349717761557129e-07,2.0088444121592778e-08,0.0020533051106365846,2.372005858369895e-06,0.0014394471697748992,5.7985018872273614e-08,0.016755313788370235,7.040264566783876e-05,2.6638222196511206e-06,6.376057653215921e-05,5.556489935502417e-07,0.0008413256177642541,7.92395502586543e-06,1.6815286117328648e-06,3.023760759098925e-06,7.167375348989201e-05,0.0001782053767044431,3.7147671803025014e-08,2.2651484952860667e-06,0.0004627793135002525,2.1303381349249183e-06,3.319796955439346e-08,0.8430013696949489
38,0.0013006780350941674,0.22882212725428047,1.2576224306871358e-07,2.1059270082362946e-08,0.0023492912465387815,8.362822752583792e-06,0.003282384076875787,1.2513020916395572e-07,0.018442606228784242,8.208394604166994e-05,3.399973965243175e-06,0.00011009384931726985,1.2131363299179663e-06,0.0009151254896959162,1.7108795773064156e-05,4.429883059694153e-06,4.863908443741582e-06,5.145420207459304e-05,0.0005191016058647052,6.083613094681172e-08,3.985305853889382e-06,0.0007647538653680364,3.8680303517048895e-06,2.0617576068953167e-08,0.7433127149381051
39,0.0010903511891402799,0.16486147055136122,9.119807362145946e-08,1.5213471665694148e-08,0.0020133209069291085,3.2805588580361395e-06,0.0018170603072029837,7.316185519937374e-08,0.018252574633248895,6.483376781450715e-05,2.0672881522414187e-06,6.705650245904462e-05,6.195662830228258e-07,0.0007711632026555046,9.333583900457455e-06,1.8573456463666945e-06,3.0489139516919357e-06,4.5395114631358945e-05,0.00024585506621523404,3.911594589827698e-08,2.3682865608160627e-06,0.0006016951280936964,2.3148161455298224e-06,1.846531248054409e-08,0.8101440961160912
40,0.0011135272026096493,0.1764145879390663,9.418900285344274e-08,1.5127411448421597e-08,0.0021827602726284577,3.2204251658216887e-06,0.0017219148664273797,6.747108455763065e-08,0.019631058783687618,6.63356628614563e-05,2.2186551470039947e-06,6.59032732145495e-05,6.193517139268549e-07,0.0008012474012404754,9.359135496540023e-06,1.7880110121795346e-06,2.922432467991075e-06,4.4275821472503145e-05,0.00024026289516024686,3.752353139253239e-08,2.263833726246022e-06,0.0005884948891621847,2.1948829687349328e-06,1.9891260398774892e-08,0.79710481006248
41,0.0011080405962064878,0.19981866479052787,9.769027496616769e-08,1.624334133401388e-08,0.0025441841270127117,3.421908951917988e-06,0.0017111110253446454,6.733215517542118e-08,0.024285633661691237,6.8794755457504e-05,2.2260893126114828e-06,6.0731548507791086e-05,6.472391801370273e-07,0.0008051984233366971,9.310910346130825e-06,1.8750693608426136e-06,2.906640794924516e-06,3.9832382620310185e-05,0.00022906306178040493,3.5313013247117886e-08,2.015643861860431e-06,0.0005401804215964452,2.1039563679154164e-06,2.093114117970166e-08,0.7687638202378156
42,0.0015779170298365131,0.2844156974395754,2.3615441171207976e-07,1.8670034400070283e-08,0.0025964507947135516,5.1626810937798925e-06,0.002689190010227462,2.616664539988108e-07,0.025656673723781432,0.00011905282842743445,2.943795736005645e-06,0.00012306185699545555,1.2651285559644282e-06,0.000842045523118847,1.985690471769366e-05,2.666842805186658e-06,5.504316037693931e-06,3.877234037093619e-05,0.0009397966639689231,7.396534473011395e-08,5.270517123234134e-06,0.0024277924265585045,2.5180732176614343e-06,2.1466182545816997e-08,0.6785277491807109
43,0.0012092682815844763,0.1251992868905351,1.03823437311973e-07,1.6475888790678987e-08,0.001931266583669167,3.569405159497355e-06,0.001782920074147725,8.742324385609646e-08,0.03195421837783436,0.00017184531063152707,1.6725376899938658e-06,3.155079529752342e-05,3.884866914627481e-07,0.0007066475284927367,1.1346703847118256e-05,2.1775138630201686e-06,2.5274733794839726e-06,3.4780850495614476e-05,0.0002610337751415607,6.490357873163403e-08,2.518764305304564e-06,0.0008263841141917111,2.131324443562873e-06,3.570187202850767e-08,0.8358641568805784
44,0.0011141984695168994,0.1760220302983813,9.393586126722698e-08,1.5146804247218785e-08,0.0021771897371366815,3.2174794761028685e-06,0.0017240826977456636,6.758185080879027e-08,0.019679297746702986,6.642281794010556e-05,2.2166144628140874e-06,6.577583592802622e-05,6.19268584108605e-07,0.0008004925659098229,9.348624842107638e-06,1.7912420800461795e-06,2.927631848903197e-06,4.430138823784119e-05,0.0002398652724785501,3.753309091164443e-08,2.2604514609423744e-06,0.0005882088610598036,2.198068311586906e-06,1.9915149136376187e-08,0.7974533208151393
45,0.001413138273027499,0.20883236701355642,1.91490483062939e-07,3.126163027626742e-08,0.002998399456777256,7.718091876813935e-06,0.004534078767973777,2.1398243600655673e-07,0.03364865494146409,0.00011238274489784574,3.365612981770852e-06,5.975642764951949e-05,1.026435888114116e-06,0.000818798990716672,3.315158706034866e-05,4.564274670749572e-06,4.358370627698135e-06,3.645578631728094e-05,0.0005260051728400583,6.895827119853499e-08,3.3781878897380487e-06,0.001023882444920668,3.6242394607039944e-06,3.659255457578115e-08,0.7459343508940279
46,0.0014266080145984778,0.19576849277033173,1.1039552388641633e-07,1.9664688753436982e-08,0.0019034916587962983,4.265337933788209e-06,0.0019259866310764907,9.71634499759508e-08,0.022001359291054717,7.735369581974873e-05,2.5723771675857174e-06,8.971261347636427e-05,8.447149281477634e-07,0.0008397078164850466,9.927492243921095e-06,2.445456811176659e-06,4.93641544058625e-06,5.659190536919238e-05,0.00028242455021826535,4.399723324929129e-08,2.7142158707619544e-06,0.0007110266651835771,2.627442757265644e-06,2.374247757287809e-08,0.7748866159710635
47,0.0015352004175228583,0.2455966895016987,6.58160415381625e-08,6.081863641756836e-09,0.0009475754670493348,2.473403533807745e-06,0.0013655333133049496,8.164317037155695e-08,0.015565265106159418,6.31447508089746e-05,1.248547154948216e-06,0.00011718144264960862,6.532955438761331e-07,0.0004445973567607573,4.8831622063871224e-06,1.4088353104689534e-06,4.172153032005859e-06,5.101667763605576e-05,0.0003438118278648795,2.930794717495091e-08,2.1126247961629654e-06,0.0008483815910087491,1.1570873092553249e-06,9.407803054067823e-09,0.733103301181823
48,0.0023040144599687576,0.4505800006562504,1.8454023356666891e-07,3.00019041025314e-08,0.0017943484805118435,1.4826219505291287e-05,0.004726887303651457,4.2746069895635667e-07,0.03320160862352464,7.677413855882855e-05,3.383353588872723e-06,0.0001973095357824717,3.5091850363675574e-06,0.0006230362320907942,1.5499620678554836e-05,7.0807781762101544e-06,1.6058790016208418e-05,5.4281582544588805e-05,0.0009927502601970615,5.634294682119479e-08,3.6090502119893834e-06,0.0009909933602012257,3.734435700910041e-06,1.620280292396421e-08,0.5043895793852171
49,0.0010545747303631692,0.22605325913993254,1.4509684005209408e-07,1.4729822626324541e-08,0.0022404437058074714,4.405699311979963e-06,0.0016439906171146126,6.934436077132719e-08,0.014422937735948712,7.059751512027509e-05,2.345596933708877e-06,0.00011088889207094379,7.596968263431423e-07,0.00097355828948698,9.735724471266113e-06,1.6202027913356224e-06,3.6268017263867415e-06,5.3616429735224175e-05,0.000301842513932864,4.6248759195100466e-08,3.242888932052946e-06,0.0008465908763170431,1.8113461358980882e-06,1.779718751174348e-08,0.752199858380071
50,0.0014429749658944233,0.3505608501191149,1.8372377633763397e-07,3.046807655889368e-08,0.0036706923349827973,7.87224755732963e-06,0.001435452184994955,8.086671797651939e-08,0.021405902147487655,5.3327769535566915e-05,5.252620348405402e-06,0.00017097932525081454,1.3716619706092672e-06,0.0013048320242752605,1.2732165588520034e-05,2.743672253067022e-06,6.51239964731934e-06,5.9046102633724616e-05,0.00031037848634167173,4.131913543450582e-08,4.016064010553483e-06,0.0005637956665254253,3.848669429587236e-06,2.876397817715669e-08,0.618977054230473
51,0.001336819475508802,0.4449806697528726,1.9894655196208517e-07,3.907516581287381e-08,0.004279107603910814,3.968853157054729e-06,0.001978691917992516,1.16770481128571e-07,0.05447029983744026,0.00010990593609589832,3.6630465767046678e-06,8.224082848107076e-05,1.2928349858175703e-06,0.0010869615987453942,1.1203948453911037e-05,2.0093004372557986e-06,5.14432769986273e-06,3.526224854147532e-05,0.0001999915389408383,2.5034473360531825e-08,2.6390428340386817e-06,0.0007963802813433563,1.3071282690797358e-06,3.360677615086665e-08,0.4906120270642647
52,0.002181558887301959,0.1262708557160265,1.689903957292275e-07,3.8447422664751135e-08,0.002741531191504847,4.8027406587556115e-06,0.0018785919160653195,9.030582370854122e-08,0.03226904861039452,0.0001762596665421231,4.381701478515174e-06,6.626189412800023e-05,9.166450461422274e-07,0.0012715723745159132,1.0421511003820193e-05,4.258481049331726e-06,4.898623459381841e-06,0.00010518996101492665,0.0002407506671297139,8.732194615032868e-08,2.6600032650013496e-06,0.0005987935703025564,3.3719173899917347e-06,7.25050165094983e-08,0.8321634163511178
53,0.001169255302421017,0.18651651606672381,1.0084008901954948e-07,1.5230744015697268e-08,0.002255392618263413,3.281921716310067e-06,0.001643776394511368,6.76239896277286e-08,0.019433980784031565,6.733094493858793e-05,2.291414843164511e-06,7.023083904990243e-05,6.415124079716668e-07,0.0008160390915109205,9.179331169846012e-06,1.7702947529158303e-06,3.0136431427005994e-06,4.563082054259231e-05,0.000250763835522101,3.7583125075741325e-08,2.3594770369116808e-06,0.0006003208600677627,2.146238574600013e-06,2.010093166666884e-08,0.7871058372298931
54,0.05075871011438781,0.18642654371558245,0.0023312407057981734,8.725428166559771e-05,0.4227188130911282,0.0001552241748744113,0.008081177070499566,3.48541243974743e-05,0.03993257446381473,0.0008880402550727967,0.004884026422375413,0.00021316093647568286,0.00011892848441826754,0.014228376346151166,0.007208988875997462,3.839516986499223e-05,5.746578229895545e-05,0.0003493247900632946,0.023663733916206294,8.723714598077798e-06,0.0013840558698170683,0.010089295685642725,0.00045475471917094207,4.392608787511039e-05,0.2258424112018234
55,0.001209323695103247,0.17389706303800745,1.2858486027973293e-07,1.9804773423043195e-08,0.0023779037408499888,4.353228185078821e-06,0.002075088709763732,9.31776757130377e-08,0.02184105181378004,8.66911785673942e-05,2.715452303074764e-06,5.711824644316792e-05,6.798651340610782e-07,0.0008820574498264664,1.4451588048999885e-05,2.2354315884332426e-06,3.2967717946106696e-06,4.0528535893966046e-05,0.0003086751379724712,4.897108639263329e-08,2.907395506961902e-06,0.0007622531857423841,2.8724299674226167e-06,2.7357823463234473e-08,0.7964284152093017
56,0.0011415038421947563,0.18852777879268934,9.928863294558087e-08,1.6252418270761526e-08,0.002299618322158049,3.354863205627516e-06,0.001800561885344314,7.235633003415268e-08,0.02037454433869912,6.66521146556172e-05,2.420367025136927e-06,7.350985782305292e-05,7.372194376372519e-07,0.000840045947372895,9.253718518568341e-06,1.9132676799427084e-06,3.1671910042230597e-06,4.712282541112119e-05,0.0002526705072462023,3.885923259019429e-08,2.2732957738837613e-06,0.0005964370481319119,2.234910677716805e-06,2.021091550786332e-08,0.7839539527174216
57,0.0006812405887989512,0.06502304754884522,2.677042543567892e-08,2.559916291574091e-08,0.0010063479364793419,2.212593515902539e-06,0.0017654247503291122,2.5603961303233037e-08,0.04875791371568733,7.068915481589325e-05,1.4890230662157887e-06,6.3162049512639715e-06,1.847590711130048e-07,0.0006192628700296451,8.46823527712596e-06,1.4298934641897664e-06,1.900973497070255e-06,2.389390241239261e-05,2.139547126419184e-05,1.6010014719818813e-08,5.724521892728114e-07,0.00012957263065858484,2.750314599016775e-06,5.587511846820556e-08,0.8818757371223653
58,0.0011507906413981623,0.17181182848673968,1.0228588410343581e-07,1.6394255155711066e-08,0.0021824173135313544,3.338096396360967e-06,0.0017286884024758319,6.856371024828903e-08,0.021431396709439943,7.276430919852267e-05,2.48168389809416e-06,6.144807635515463e-05,6.200460093009044e-07,0.0008219927494839942,1.0723527358310423e-05,1.8525286774384077e-06,2.9885694655441337e-06,4.3236364633811607e-05,0.00023814205190953298,4.005037620841172e-08,2.2835783747476685e-06,0.0006226942049748096,2.307763491658077e-06,2.571973006438336e-08,0.799807751882232
59,0.0011332101191692421,0.16250394974824947,1.0949928800513505e-07,1.6841248265760652e-08,0.0022333777345146908,3.2193844206330206e-06,0.0016574681258945095,6.798187136226908e-08,0.021436927469453897,7.723730883956108e-05,2.447775747446032e-06,5.5983769478923514e-05,5.56300808458936e-07,0.0008280690780826198,1.1409843268276046e-05,1.764485062480533e-06,2.8380902331484917e-06,4.1621393996433684e-05,0.00023268892696969116,4.1544719029257324e-08,2.368174980171239e-06,0.0006470978958093282,2.2948170360954555e-06,2.8337337899154788e-08,0.8091252053535204
60,0.0011141984695168994,0.1760220302983813,9.393586126722698e-08,1.5146804247218785e-08,0.0021771897371366815,3.2174794761028685e-06,0.0017240826977456636,6.758185080879027e-08,0.019679297746702986,6.642281794010556e-05,2.2166144628140874e-06,6.577583592802622e-05,6.19268584108605e-07,0.0008004925659098229,9.348624842107638e-06,1.7912420800461795e-06,2.927631848903197e-06,4.430138823784119e-05,0.0002398652724785501,3.753309091164443e-08,2.2604514609423744e-06,0.0005882088610598036,2.198068311586906e-06,1.9915149136376187e-08,0.7974533208151393
61,0.0012362978792909555,0.17192669361539656,1.2311304210424484e-07,1.8099672391073257e-08,0.002326582191474332,3.425709907282921e-06,0.0017060655951586948,7.565371940685471e-08,0.020983679209350434,7.760882061944092e-05,2.5000250078941047e-06,6.081961868641568e-05,6.072046478431855e-07,0.0008359477976007669,1.1469638622956608e-05,1.8216691545373598e-06,3.043527417199247e-06,4.514954559758899e-05,0.00024960980878441333,4.2920182992882507e-08,2.5453502721817426e-06,0.0006585217535141802,2.308586347015599e-06,2.7655953260395816e-08,0.7998650150105792
62,0.0011141984695168994,0.1760220302983813,9.393586126722698e-08,1.5146804247218785e-08,0.0021771897371366815,3.2174794761028685e-06,0.0017240826977456636,6.758185080879027e-08,0.019679297746702986,6.642281794010556e-05,2.2166144628140874e-06,6.577583592802622e-05,6.19268584108605e-07,0.0008004925659098229,9.348624842107638e-06,1.7912420800461795e-06,2.927631848903197e-06,4.430138823784119e-05,0.0002398652724785501,3.753309091164443e-08,2.2604514609423744e-06,0.0005882088610598036,2.198068311586906e-06,1.9915149136376187e-08,0.7974533208151393
63,0.0011011206688695716,0.1846414110071596,9.145665635809295e-08,1.4469487281109938e-08,0.0021647995708297847,3.1767553146038067e-06,0.001691688077505496,6.531550383133488e-08,0.019911850658991818,6.450349511430852e-05,2.1938424351355074e-06,6.605393105129785e-05,6.17327988843525e-07,0.0007851218416820715,9.171456608512823e-06,1.7206679953776542e-06,2.893225288108849e-06,4.2721395312797037e-05,0.0002359766930967955,3.5524000450649554e-08,2.1920400781443965e-06,0.0005812242735478072,2.1056739543951364e-06,1.9291358911453494e-08,0.7886892313401687
64,0.0011118944113739098,0.18139526860316996,1.1038836863484673e-07,1.6981422253176124e-08,0.002375065779633054,3.4676642355132416e-06,0.001734167458793023,7.223876939030107e-08,0.01851316878962793,7.270523308379379e-05,2.445091309285427e-06,6.852771460371473e-05,6.16157856122776e-07,0.0008429837610677638,1.077581917856289e-05,1.7386127439894956e-06,2.877423583309144e-06,4.341054368431367e-05,0.0002607715055672032,4.197034570289716e-08,3.0523508618617223e-06,0.0006537776802081584,2.391832242706575e-06,2.2053912682456618e-08,0.7929006299343572
65,0.0010653343238284996,0.20825007821137978,1.7764339073934672e-07,2.1928104735303878e-08,0.0026781282587777875,5.607188031507268e-06,0.0023009788741082606,9.429259212012862e-08,0.019251363223705218,7.858299170573717e-05,3.1524179305829464e-06,6.31331145580486e-05,7.354960947156991e-07,0.0009725952069784326,2.075615104846293e-05,2.0442209644920114e-06,3.4095490939147043e-06,3.573803254180163e-05,0.0003365147632526848,4.9036104135747336e-08,3.5088601388525446e-06,0.0008453739974375919,2.861667894529306e-06,2.8735207605056948e-08,0.7640797318151299
66,0.0012243860873887582,0.20167038791354994,1.5266985981272567e-07,2.4490932792439916e-08,0.004216150085238618,3.165831507318363e-06,0.0012852130372075989,5.039362993326916e-08,0.017989549070206882,0.00010626766742928173,3.6979247172949623e-06,0.0001028705894852383,7.703351940743782e-07,0.0013921736415015208,7.838245574630511e-06,2.242281937342252e-06,3.145104631430202e-06,6.915939511092768e-05,0.00022860322181429853,4.155810334246038e-08,3.6376068352106745e-06,0.0006129345360586368,1.8985674745333621e-06,2.7101099755713383e-08,0.7710756126435108
67,0.00038739545969213436,0.07253424289054397,4.7157975553571686e-08,9.193014517648193e-09,0.0005523182812727967,5.474852539046009e-06,0.0012631613419735763,1.9585435182446697e-08,0.00439533181222343,4.2502323041900556e-05,1.54244193413246e-06,6.347567299314794e-05,3.6530492723165684e-07,0.0011300378202372678,6.819236801080192e-06,1.074670029245187e-06,3.4016051715654987e-06,5.164221326192763e-05,0.00010009849327478876,5.180676046936532e-08,2.5235198668654224e-06,0.00040679495415270165,3.013335280491684e-06,1.5831886156797564e-08,0.9190486401957108
68,0.0013253617995377,0.15952368663049013,1.2679023202068693e-07,2.5061533493608172e-08,0.002038100595912134,3.875930392439024e-06,0.002211326002149832,9.297066182619766e-08,0.01571731487346823,6.476073441663643e-05,2.72288907481341e-06,0.0001284687093030396,1.3223947201106741e-06,0.0010974427385720173,6.499511613527537e-06,2.5323959163653284e-06,4.820310251424245e-06,0.00010640210022151405,0.00023831130136532265,5.554920538258866e-08,2.913472991845238e-06,0.0005228501093912345,2.771846963219337e-06,1.9151811894864065e-08,0.8169981961298037
69,0.001455457764475079,0.2506138276149883,1.7492053317361426e-07,1.5612521140871504e-08,0.0017476189259400543,9.56026315734288e-06,0.0024096259078316734,1.1235507318044343e-07,0.00817427028588226,8.015869542378917e-05,4.4449844866663435e-06,0.000231548481960755,1.5954576361784672e-06,0.0011327201454691305,1.4392247899416066e-05,2.816230324547597e-06,5.581916626605548e-06,7.808260012695048e-05,0.0008644167390774635,1.01749350457866e-07,8.8433505152984e-06,0.0011120384135623435,4.163336866368175e-06,1.8170026335397884e-08,0.7320484138302455
70,0.001146644022382622,0.18146696583673977,9.273008035183705e-08,1.3141316446456258e-08,0.002058734997146272,2.9906221855174432e-06,0.0016634414235119038,6.526420383153159e-08,0.01801305637358627,6.382899277350732e-05,2.2203619235569318e-06,6.454021934918331e-05,5.774078230658934e-07,0.0007425718940504931,9.745603322186248e-06,1.575095648269223e-06,2.6851518236379564e-06,4.1130898257844064e-05,0.00025949730966004806,3.481916547299592e-08,2.3532770149103023e-06,0.0006255492368471786,2.0485278839609004e-06,1.8769725715610055e-08,0.793829618023578
71,0.0012267802888882712,0.15388568520109183,4.504019383264795e-08,1.3868598110622717e-08,0.0022350643478200637,2.0228703049361234e-06,0.0013901819030033677,5.86340801406867e-08,0.02617960791988325,5.6281770632341014e-05,2.1032357014943473e-06,7.08838875525423e-05,5.901257293425055e-07,0.0007197408140471516,5.621171809407963e-06,2.238042060361533e-06,2.8728690541959126e-06,5.083787170965531e-05,0.00017543973252325679,3.024583021795106e-08,1.5977943504353976e-06,0.0003882704911807228,2.5485066000962137e-06,1.7323453617895276e-08,0.8136014660439013
