,0,1,2,3,4,5,6,7,8,9,10,11,12,13,14,15,16,17,18,19,20,21,22,23,24
0,0.0009453455920742202,0.19983708804655273,1.2326072791889263e-07,1.2702984107394354e-08,0.0024655935446348263,3.3601161941193435e-06,0.002014789976786382,6.249902391764464e-08,0.01209819184026402,6.400359100740873e-05,2.906265936231742e-06,6.82606632831442e-05,4.55242337174397e-07,0.0008515514502265767,2.1321939770116335e-05,1.4183946030158372e-06,2.1940493402152475e-06,3.2561898187083034e-05,0.0003173291594158659,3.229429271512925e-08,3.536657450732724e-06,0.0009291665654380238,1.8312099739511166e-06,1.9388147467550032e-08,0.7803388436513481
1,0.0011164474047652177,0.22205610457065236,1.2463071986220126e-07,1.4201837217042513e-08,0.0030147336239527787,3.3675672165828445e-06,0.002083430303899127,7.412743542269863e-08,0.020795811577612018,8.064562243236425e-05,2.9252891060214522e-06,5.631862524328506e-05,4.823113873768381e-07,0.0007717161649944073,2.0903771282537484e-05,1.8616870632746122e-06,2.3252682408908224e-06,2.8742059169299035e-05,0.00034316313154619495,3.119638630447533e-08,2.772926386114648e-06,0.0008906082260836927,1.8020305473009568e-06,2.3015454614531536e-08,0.7487255706665856
2,0.0007597069218648734,0.13477145795974324,9.413173468702779e-08,9.742457196038158e-09,0.002180190696436738,1.975221028989382e-06,0.0016226817834394784,5.193271711465941e-08,0.012834834641531798,5.685586186993038e-05,1.9868163378885435e-06,3.675699967219546e-05,2.6878280247270204e-07,0.0007247593002278113,1.885215314596595e-05,8.839444107783673e-07,1.4347291494868273e-06,2.4020223393804388e-05,0.0002225343361278861,3.016754072977072e-08,2.3886106122185005e-06,0.0008841224898038566,1.6505186804493388e-06,1.8297939490581296e-08,0.8458524337373309
3,0.0008716049907452961,0.1963203300128916,1.140984765746272e-07,1.2171339713423112e-08,0.002441501637630459,2.890875454301561e-06,0.0018441926647767728,5.5751059266858706e-08,0.012154196695117843,5.784045696724935e-05,2.8382620735660225e-06,6.371563846725673e-05,4.153614775904883e-07,0.0008676243036162525,2.0183112660232878e-05,1.2136170473779067e-06,2.1320079119988277e-06,3.0426019237024943e-05,0.00026923333935895355,2.7440765650232374e-08,3.1804724295296215e-06,0.0009288202882716058,1.7356118513323e-06,1.8240147926650756e-08,0.7841156969302246
4,0.000819321369239662,0.2160065374384144,1.1483939928481985e-07,1.3077776632065436e-08,0.002591347076191569,3.0873244406975996e-06,0.0018421115537135626,5.4941514538913596e-08,0.011920329993311102,5.4560350396697266e-05,3.254129539366366e-06,7.956970839216631e-05,5.325494968882889e-07,0.0009973155246507013,1.8525455287022966e-05,1.2679387153525922e-06,2.414127201482204e-06,3.332764411963581e-05,0.00027029180059683436,2.810567558132831e-08,3.2749193977128732e-06,0.0009330102671389854,1.8419225037077463e-06,1.7303365781595883e-08,0.7644178506395207
5,0.0008336759829405914,0.14109941863510336,9.459050550658157e-08,1.2006882537704578e-08,0.0019552960199867744,2.245706371650767e-06,0.0016157971342616309,4.7361175154236364e-08,0.010674619179372118,5.701050070066394e-05,2.2691673395309766e-06,5.83753069052278e-05,3.2981911808227e-07,0.0008596335134767153,1.4729047013233168e-05,1.074320250080763e-06,2.0148744565226215e-06,3.890777252020999e-05,0.00018825529847943718,2.8879368674284745e-08,2.77129498934482e-06,0.0007973876310954078,1.6339093206777857e-06,1.892311640245569e-08,0.8417943531252504
6,0.0008716049907452961,0.1963203300128916,1.140984765746272e-07,1.2171339713423112e-08,0.002441501637630459,2.890875454301561e-06,0.0018441926647767728,5.5751059266858706e-08,0.012154196695117843,5.784045696724935e-05,2.8382620735660225e-06,6.371563846725673e-05,4.153614775904883e-07,0.0008676243036162525,2.0183112660232878e-05,1.2136170473779067e-06,2.1320079119988277e-06,3.0426019237024943e-05,0.00026923333935895355,2.7440765650232374e-08,3.1804724295296215e-06,0.0009288202882716058,1.7356118513323e-06,1.8240147926650756e-08,0.7841156969302246
7,0.0005431941529329209,0.07884131033027501,4.426365086998742e-08,8.01406254711523e-09,0.0013176886133444735,1.381254669422902e-06,0.0012320607919220942,2.8753793719501474e-08,0.009065883272577954,4.762321134813633e-05,1.272958306783067e-06,3.209791624944266e-05,1.4576352277209212e-07,0.0006763353909095697,1.1116750770380919e-05,7.844105381093772e-07,1.3785962347376722e-06,2.56199487196903e-05,0.00012017259408476391,2.0272022400038247e-08,1.944404078557833e-06,0.0005963526425132779,1.453325231733655e-06,1.2865279041930036e-08,0.9074820695029616
8,0.000884759753200792,0.20172424871844075,1.1575071110424882e-07,1.2272548463385704e-08,0.0024773802301389456,2.9695885682334892e-06,0.0018676132463584854,5.7066035718645335e-08,0.012150178594211736,5.7758349676996124e-05,2.8896349923083163e-06,6.640278230141517e-05,4.3141400000059835e-07,0.0008714507816219154,2.023419649971488e-05,1.2444057079611852e-06,2.1823108847721785e-06,3.088602166736682e-05,0.0002783088236988457,2.7712873395486152e-08,3.2478122167762205e-06,0.00093522588523421,1.753126084701982e-06,1.7962721181814286e-08,0.7786206035596042
9,0.0008344358442429955,0.2359091516439883,9.321329145909131e-08,9.675610906381856e-09,0.002378893968243446,3.053693143906242e-06,0.001977915430286082,5.101269296610318e-08,0.01041189558601616,4.523267112158946e-05,2.66572806277406e-06,8.308514576680018e-05,4.740436650235844e-07,0.0007836801849347859,1.6975096436961535e-05,1.2269562674513937e-06,2.1419071562533995e-06,3.099535955132295e-05,0.00029543008146815444,2.3051942811676665e-08,3.0309548208739016e-06,0.0008162074565486009,1.5468945755216028e-06,1.1670579771642325e-08,0.7464017727295851
10,0.0008716049907452961,0.1963203300128916,1.140984765746272e-07,1.2171339713423112e-08,0.002441501637630459,2.890875454301561e-06,0.0018441926647767728,5.5751059266858706e-08,0.012154196695117843,5.784045696724935e-05,2.8382620735660225e-06,6.371563846725673e-05,4.153614775904883e-07,0.0008676243036162525,2.0183112660232878e-05,1.2136170473779067e-06,2.1320079119988277e-06,3.0426019237024943e-05,0.00026923333935895355,2.7440765650232374e-08,3.1804724295296215e-06,0.0009288202882716058,1.7356118513323e-06,1.8240147926650756e-08,0.7841156969302246
11,0.0008788345635625136,0.21266683428627928,1.2043805679348212e-07,1.3011243574078361e-08,0.0025533472594255024,3.163483475213169e-06,0.0019406127554392027,6.14844967578917e-08,0.012586497783685697,5.848645504922001e-05,3.026806077450812e-06,7.261200765873175e-05,4.960318290709111e-07,0.0009115681442680998,2.0255323865920266e-05,1.3348037977443766e-06,2.3642548653966876e-06,3.1872189685587816e-05,0.00029145008531451436,2.915837646850723e-08,3.267081842927564e-06,0.0009686367169686689,1.81037103084571e-06,1.8153901709991953e-08,0.767003287349803
12,0.0008961635357386463,0.19951900586108784,1.1801177955876746e-07,1.2500133064022294e-08,0.0024251211185495032,2.977983288578133e-06,0.0019096032321174446,5.968646582703938e-08,0.012654579953392968,6.0647144263560744e-05,2.9216210694064257e-06,6.403131433918211e-05,4.282249723715961e-07,0.0008675632613877976,2.132434854798422e-05,1.262718653795348e-06,2.222695568276484e-06,3.0156098887249145e-05,0.00028305135223677066,2.811317045728337e-08,3.2728783151347967e-06,0.0009909462567159587,1.7658432019163992e-06,1.903536597320099e-08,0.7802627172107508
13,0.0009654404887289044,0.2853280725933271,1.568168767882373e-07,1.8599569388193935e-08,0.003804908119242943,3.463799602127396e-06,0.001924601852518905,5.785050714905093e-08,0.011820121085930323,4.911977176590141e-05,8.312527759981307e-06,0.00010974636668761447,8.150037311736909e-07,0.0013326992077581875,3.349886917448621e-05,1.4591574316118847e-06,2.8638063148599276e-06,3.3094069232372316e-05,0.000350470698162172,2.54583801272501e-08,4.888462081883272e-06,0.0010622550175507519,2.708229871509187e-06,2.529390678929539e-08,0.693161176853887
14,0.0009115796684731394,0.35339156853538783,1.201206870335875e-07,1.0727567894701825e-08,0.003232161149908809,4.6538677424595515e-06,0.0018852126346723132,4.542073252484092e-08,0.008983518384922876,4.446817071596537e-05,4.173505641147146e-06,0.00012961214590901583,7.551697810796447e-07,0.0009865299820281332,1.791032053828988e-05,1.500343614922891e-06,2.4015624901066013e-06,3.29632833467874e-05,0.0004227689781376202,2.4092080523302855e-08,3.9198146701734e-06,0.0007187186362846549,1.6353228390850887e-06,1.189588303243675e-08,0.6292237362659445
15,0.0008716049907452961,0.1963203300128916,1.140984765746272e-07,1.2171339713423112e-08,0.002441501637630459,2.890875454301561e-06,0.0018441926647767728,5.5751059266858706e-08,0.012154196695117843,5.784045696724935e-05,2.8382620735660225e-06,6.371563846725673e-05,4.153614775904883e-07,0.0008676243036162525,2.0183112660232878e-05,1.2136170473779067e-06,2.1320079119988277e-06,3.0426019237024943e-05,0.00026923333935895355,2.7440765650232374e-08,3.1804724295296215e-06,0.0009288202882716058,1.7356118513323e-06,1.8240147926650756e-08,0.7841156969302246
16,0.00070384776072498,0.11847709023005625,7.171009946804934e-08,1.0003984349124539e-08,0.0014338276220676887,1.815911949257615e-06,0.0014720204639876648,3.307952723809291e-08,0.005758949378701684,5.985974373797357e-05,2.0199361761463947e-06,8.069550794087964e-05,2.666232709545835e-07,0.0009167686761923864,1.0642269456584979e-05,8.956416513261327e-07,1.910609747355803e-06,5.154749144400775e-05,0.00015456112698522198,2.579966315401944e-08,4.420659592371938e-06,0.0007964359043233591,1.2959741491481885e-06,1.277107510390706e-08,0.8700709751034955
17,0.0007026133291240016,0.14366644647140464,6.564941211270266e-08,7.840711098913157e-09,0.0015830756414151592,1.4334257168958638e-06,0.0012608420808343903,4.0160199319044155e-08,0.005835778228555501,3.224055310071325e-05,1.8719183946778056e-06,0.00010274816619452617,4.0046798084170396e-07,0.000865293457850867,7.767688914483838e-06,7.311349504913875e-07,2.0202270947354304e-06,4.9198298205845724e-05,0.00018327818318816284,2.3102291814027426e-08,2.936638688137124e-06,0.0007802159561356397,1.4948675067395425e-06,8.179110550279828e-09,0.8449194683330187
18,0.000541058051798602,0.09205287108484435,3.2329548638218395e-08,4.37032712297349e-09,0.0006847393265022052,1.025372514263507e-06,0.000988055585021742,2.333795767216545e-08,0.005831797978201725,3.306829201083376e-05,1.0516291337726553e-06,4.932359444175363e-05,1.8576472258718904e-07,0.0005856940767024915,5.835470822885443e-06,4.859743846312843e-07,1.7073265088523404e-06,3.412524163187733e-05,0.00010262321823137485,1.5504635653598457e-08,1.526438820785268e-06,0.0006647094066555755,1.006449898275266e-06,7.673126204242604e-09,0.8984190265015561
19,0.0009429006939100199,0.24935179783586808,1.666394069192662e-07,1.624461778616128e-08,0.003578340187509778,3.172816985062574e-06,0.002290739138954739,8.309953541936903e-08,0.012845917029785948,6.042402736257879e-05,3.3612106171286016e-06,9.767138956400822e-05,6.78184103344254e-07,0.001030548036135367,2.1136382789601034e-05,1.4753973221793926e-06,2.493346221673235e-06,3.749053438469096e-05,0.0003651543365706797,3.333492090335133e-08,3.825605987029347e-06,0.0011532683016722484,1.6788676420594345e-06,1.6955196044254366e-08,0.7282076104029367
20,0.000782512483847023,0.1897900422405221,1.5996225808572389e-07,1.6079124719936095e-08,0.0024210790472481807,3.455859265912634e-06,0.002591613030322523,8.811627754491716e-08,0.012757559232835896,7.098022466755581e-05,3.952409402412933e-06,5.252757783293824e-05,4.305678564659285e-07,0.0009624323837943101,4.7815621084455034e-05,1.2107276966451371e-06,2.3759833336672356e-06,2.1147204150394316e-05,0.00036537587861032027,3.334568421874493e-08,4.9048855112675945e-06,0.0017386763141480428,2.329667359368011e-06,2.635481360754699e-08,0.7883792548023524
21,0.0009817870298554025,0.20497640248386212,1.0547338515611956e-07,1.2567490243626454e-08,0.0028155469643500533,2.469725167254006e-06,0.0013352659577126223,3.985295893856138e-08,0.00963140207721318,6.470278914520668e-05,3.2353835950621886e-06,9.209356045915732e-05,4.357228584024728e-07,0.0010455886743317908,1.2776574506481876e-05,1.199398420936552e-06,2.059596757131219e-06,4.428780007101911e-05,0.0002439041961859333,2.7196851055124683e-08,4.133147694970204e-06,0.0007259325992303548,1.5490439978899887e-06,1.714060977481332e-08,0.7780150250432899
22,0.0010936801084298648,0.1773934769771151,1.5328665422465236e-07,1.7254500906274637e-08,0.002282994868796594,3.1775817304830725e-06,0.0017801833740989919,6.453602201060762e-08,0.011505621638420343,9.101706375213013e-05,3.857587685802119e-06,8.072913580862523e-05,4.5058895704888914e-07,0.00109944856292495,2.2749967517019726e-05,1.515180985987499e-06,3.136856643157116e-06,4.387744819706006e-05,0.00028574726882592933,3.4972091569240653e-08,4.9264409387414766e-06,0.0012966434078587683,1.901086529308507e-06,2.759802940801196e-08,0.8030045672074859
23,0.0008716049907452961,0.1963203300128916,1.140984765746272e-07,1.2171339713423112e-08,0.002441501637630459,2.890875454301561e-06,0.0018441926647767728,5.5751059266858706e-08,0.012154196695117843,5.784045696724935e-05,2.8382620735660225e-06,6.371563846725673e-05,4.153614775904883e-07,0.0008676243036162525,2.0183112660232878e-05,1.2136170473779067e-06,2.1320079119988277e-06,3.0426019237024943e-05,0.00026923333935895355,2.7440765650232374e-08,3.1804724295296215e-06,0.0009288202882716058,1.7356118513323e-06,1.8240147926650756e-08,0.7841156969302246
24,0.0007828313539121474,0.20954775827918565,1.1287479265418633e-07,1.6207590885489137e-08,0.003705856722617179,2.857243457862871e-06,0.0017584472288759965,5.3409130524663074e-08,0.012210535734567872,5.120935478125169e-05,3.285455799475666e-06,9.1591391084506e-05,5.978203069431718e-07,0.001227434052408481,1.5136085036059356e-05,1.4877938527613813e-06,2.213824549281197e-06,3.9958174479108996e-05,0.00024721642211848646,2.9580004431227212e-08,3.1019381844655424e-06,0.0007491408933040669,1.9710274563695612e-06,1.60659777927806e-08,0.7695571410665258
25,0.0012302655572067366,0.2183083801805502,1.846153483633245e-07,2.48923275306028e-08,0.003368888426799732,3.4595933486882654e-06,0.0029553595070449606,1.1975704112414938e-07,0.013429929516155036,7.064205959267478e-05,5.455505112857462e-06,0.00010452514867158476,8.664379120761313e-07,0.0011726962217553536,3.039631283933837e-05,1.998551443906062e-06,3.5054044457323166e-06,4.7117874998839256e-05,0.0004202734396815006,3.9841911574625115e-08,5.469358125795111e-06,0.0013387573658653921,2.730347320803768e-06,2.3849542732077085e-08,0.7574988902349575
26,0.0011704778092362588,0.18204102470114908,1.0469065148255168e-07,1.3350902921348352e-08,0.0024114739156793114,2.503622660039089e-06,0.00152457419982906,6.248615725139928e-08,0.020749141797088366,5.4578559634370636e-05,2.613944560241935e-06,4.273997078460983e-05,3.6127325786865607e-07,0.0006557858576999739,1.8199911316783954e-05,1.2353943586500911e-06,2.205556255163351e-06,2.7258426146935484e-05,0.000220449977655993,2.676898159506965e-08,2.1555416233247637e-06,0.0006932650727002707,2.140523028037077e-06,2.836525908630643e-08,0.7903775782833833
27,0.0006957858644705376,0.15057381395173747,8.572766320301439e-08,9.961124877646887e-09,0.0018432737336311297,2.220466411357555e-06,0.001827672543177112,4.9577770748043444e-08,0.01498369872437909,6.045112418155027e-05,2.294369594942275e-06,3.686312259188361e-05,2.84196301610069e-07,0.0007357744328424239,2.267588113796169e-05,9.486732288435756e-07,1.8195278449243178e-06,2.0476652173250363e-05,0.00020704675883548746,2.48494989339157e-08,2.208451816564296e-06,0.0010408151611022698,1.5770574544516917e-06,2.1304422439045028e-08,0.8279401078866069
28,0.0008716049907452961,0.1963203300128916,1.140984765746272e-07,1.2171339713423112e-08,0.002441501637630459,2.890875454301561e-06,0.0018441926647767728,5.5751059266858706e-08,0.012154196695117843,5.784045696724935e-05,2.8382620735660225e-06,6.371563846725673e-05,4.153614775904883e-07,0.0008676243036162525,2.0183112660232878e-05,1.2136170473779067e-06,2.1320079119988277e-06,3.0426019237024943e-05,0.00026923333935895355,2.7440765650232374e-08,3.1804724295296215e-06,0.0009288202882716058,1.7356118513323e-06,1.8240147926650756e-08,0.7841156969302246
29,0.0008716049907452961,0.1963203300128916,1.140984765746272e-07,1.2171339713423112e-08,0.002441501637630459,2.890875454301561e-06,0.0018441926647767728,5.5751059266858706e-08,0.012154196695117843,5.784045696724935e-05,2.8382620735660225e-06,6.371563846725673e-05,4.153614775904883e-07,0.0008676243036162525,2.0183112660232878e-05,1.2136170473779067e-06,2.1320079119988277e-06,3.0426019237024943e-05,0.00026923333935895355,2.7440765650232374e-08,3.1804724295296215e-06,0.0009288202882716058,1.7356118513323e-06,1.8240147926650756e-08,0.7841156969302246
30,0.0008716049907452961,0.1963203300128916,1.140984765746272e-07,1.2171339713423112e-08,0.002441501637630459,2.890875454301561e-06,0.0018441926647767728,5.5751059266858706e-08,0.012154196695117843,5.784045696724935e-05,2.8382620735660225e-06,6.371563846725673e-05,4.153614775904883e-07,0.0008676243036162525,2.0183112660232878e-05,1.2136170473779067e-06,2.1320079119988277e-06,3.0426019237024943e-05,0.00026923333935895355,2.7440765650232374e-08,3.1804724295296215e-06,0.0009288202882716058,1.7356118513323e-06,1.8240147926650756e-08,0.7841156969302246
31,0.001302615229739905,0.19306428442571966,1.537985673955624e-07,1.1455174905198784e-08,0.0024884841862260034,2.1280990703646505e-06,0.0016742800512018136,8.404219467364086e-08,0.009630753571773017,4.7928900966092116e-05,2.2411914718571125e-06,7.934018205186494e-05,5.188429395533425e-07,0.0006935751382595234,1.3661975184090513e-05,1.0481675405235915e-06,2.1461041646660978e-06,4.4026781684221287e-05,0.0003610460519277593,3.192512616625549e-08,3.286048366847372e-06,0.0009041762424945952,1.5854132655052383e-06,1.3968320898141507e-08,0.7896825782065681
32,0.0008849319367640838,0.1998135034159625,1.20068202312695e-07,1.1956678628602894e-08,0.002521498454103561,3.0163928475924195e-06,0.0019048427444537934,6.052805603499293e-08,0.011950570759132808,5.836780945298995e-05,2.890599137783672e-06,6.660202484130124e-05,4.442324321695941e-07,0.0008652620957232712,2.1027329970441823e-05,1.2665883566760619e-06,2.1459999058070084e-06,3.0055679269623476e-05,0.0003125532385302383,2.9615085032828037e-08,3.2971526753949146e-06,0.0009890272065910268,1.7932500883245276e-06,1.7696988386131423e-08,0.7805666632247502
33,0.0009153464434997966,0.2757103468857188,1.0273640376398288e-07,1.4746717462393182e-08,0.0019251190338046274,3.4968191324346025e-06,0.002846881421212552,1.0923629221816061e-07,0.013698600932109012,6.081613537697254e-05,3.14997518814191e-06,0.00020164475122402435,1.4144032915974745e-06,0.00121453430949146,1.1447348935237308e-05,2.235598874294023e-06,6.5462169493042285e-06,5.8699159870700596e-05,0.0003755166338046073,3.1638744083858843e-08,2.8414613482691958e-06,0.0016294028454130983,1.6433638564568017e-06,9.991425204454227e-09,0.7013300479113158
34,0.0007683746966557075,0.18095442222467314,1.1071491709774677e-07,1.3430201634071955e-08,0.0022560040985300685,3.1756368231485747e-06,0.0020280098114246843,5.545509724252102e-08,0.01121136811494567,6.197684136227799e-05,2.581193963477858e-06,6.715904467969328e-05,4.0000423598475695e-07,0.0009439828611294518,1.990136049017946e-05,1.3085042716962788e-06,2.355383545888998e-06,3.3627944949197214e-05,0.0002322067114757742,2.909362190629881e-08,3.3966340199743264e-06,0.0009511028868241714,1.706223249589547e-06,1.721778285902013e-08,0.8004567139111296
35,0.0010309784722857397,0.19497516927987196,1.0798271959930331e-07,1.1606545646127073e-08,0.002187942944466715,2.571069540075333e-06,0.0018074518417685668,6.225455721175329e-08,0.012980735408062613,5.9169564057558286e-05,2.51799986409714e-06,6.697576417858872e-05,4.2375974769550856e-07,0.000767398301324872,1.6577469953436332e-05,1.2336383417180523e-06,2.3201168729444598e-06,3.4855478362549656e-05,0.0002705984290077921,2.6798244340448043e-08,2.9199910354152733e-06,0.0009150603049131789,1.5812858326967825e-06,1.7245091618525857e-08,0.7848732929933535
36,0.0009602801952282038,0.21420387443585706,7.192523071355547e-08,1.3627774587974063e-08,0.0013802322323824647,3.2055943190215537e-06,0.003138164624648034,1.4878200205498445e-07,0.019207264420646544,5.692557189444557e-05,2.4495348198879893e-06,0.00013616109935044737,8.965820775118265e-07,0.0008592442849977021,1.699773648893173e-05,2.5219152036739927e-06,7.211991599570798e-06,4.195756915753646e-05,0.00034694742955736186,2.86549814426636e-08,2.3154095650505536e-06,0.001881499542199138,2.1318323851275197e-06,1.1270485762092995e-08,0.7577494437371477
37,0.0011740210034852682,0.15055507590278056,1.3658211831718809e-07,1.5867953477689288e-08,0.0023089944284763043,2.1465473749944885e-06,0.0015568949638310196,4.796744955274256e-08,0.010321312410358477,6.188291884257644e-05,3.401603667128389e-06,6.144680616245981e-05,3.6873154751610675e-07,0.0009283893460850538,1.7816442248282066e-05,1.134361589832425e-06,2.176007239241003e-06,4.726213803726988e-05,0.00020154598178753863,2.7096253271673117e-08,3.2210315826950436e-06,0.0007673446670732872,1.6769006117645294e-06,3.0069668121160424e-08,0.8319836302237761
38,0.0010444686148696181,0.25198278994215006,1.5103762630117993e-07,1.667952860104421e-08,0.002600348984527589,6.950796158154773e-06,0.0034681072120894218,1.0088937349922878e-07,0.010911856046222513,6.955325637403019e-05,4.238667275158895e-06,0.00010716885072379131,8.114291487917997e-07,0.0009516797801915086,3.4281056316686014e-05,2.8642129875703266e-06,3.4431606267720176e-06,3.6552924348651717e-05,0.0005692012476381474,4.254979022050035e-08,5.541772499723133e-06,0.00113781647381715,2.8603816402480947e-06,1.805058172591728e-08,0.7270591359834941
39,0.000851539342000062,0.18451917403129758,1.1079912130752697e-07,1.2225177651600872e-08,0.002266624612705857,2.960200117250118e-06,0.0019400155994259154,6.031198321105579e-08,0.0113096150410406,5.6620855511078615e-05,2.6580782734571368e-06,6.507261046007263e-05,4.149828907726487e-07,0.0008397183043736338,2.026788153129024e-05,1.2613454757023358e-06,2.2191296845589094e-06,3.110366722982889e-05,0.00027632882487440793,2.8658277369832313e-08,3.3456450733173215e-06,0.0009551084934988791,1.8362278272521417e-06,1.696942453728869e-08,0.7968538861627243
40,0.0008711571326644017,0.1966906464822874,1.1440471716570092e-07,1.215582864066421e-08,0.0024467302177155746,2.8921691893228267e-06,0.0018422066017347463,5.5663409987851164e-08,0.012124446638271764,5.776073075040984e-05,2.8397124020317447e-06,6.381621430214989e-05,4.15476520623896e-07,0.0008682089131813953,2.0195319877873693e-05,1.2111095714314646e-06,2.128514581612192e-06,3.041301705720481e-05,0.0002696021325630451,2.7429860342960063e-08,3.182954693654022e-06,0.0009290525907284432,1.7321597405424123e-06,1.8217021396697975e-08,0.7837711340413288
41,0.000855547950078662,0.2210560447168815,1.169122066345775e-07,1.2768676172376075e-08,0.002816008951859409,3.046273077960384e-06,0.0018213866734084808,5.4725996644954426e-08,0.014928567980748212,5.951263847690677e-05,2.8019234590945643e-06,5.836938793155145e-05,4.2781494990131254e-07,0.000867899549331275,1.9912825844851423e-05,1.2556509672055107e-06,2.08533346350366e-06,2.7264322231026904e-05,0.0002534892045825952,2.5775109882028308e-08,2.7821316548875477e-06,0.0008534629495734722,1.6410747977522326e-06,1.9009736634699434e-08,0.7563682634549559
42,0.001227111470623843,0.31243576292373704,2.84198401674757e-07,1.5161300392218297e-08,0.0028705897153997323,4.5771129581914485e-06,0.0028249215046017664,2.1744071931019337e-07,0.015777759772441415,0.0001044677373513679,3.742998943811634e-06,0.00011780856233005132,8.444883323990095e-07,0.0009197888559886702,4.239113810757308e-05,1.8040736270908267e-06,4.064905147509417e-06,2.6451073917451893e-05,0.0010391265126381097,5.369685977153364e-08,7.3731796839917274e-06,0.00385804847112942,1.9910120987780287e-06,1.9622124322357908e-08,0.6587307843715362
43,0.0010356603376164312,0.14256325460568123,1.3928581460696145e-07,1.4501730185629237e-08,0.0021828243896848203,3.151630294735283e-06,0.0020175674247301916,8.068237236277011e-08,0.01996263122929617,0.00015617256649340345,2.2225664602503232e-06,3.1841870300271996e-05,2.8996130461053166e-07,0.00077639435169429,2.4590807744051804e-05,1.508054911515082e-06,2.0473263167356913e-06,2.5426620936353598e-05,0.0003124912095708574,4.8062182217315834e-08,3.645402398250359e-06,0.001361004005367458,1.6536984413905293e-06,3.353182441271535e-08,0.8295353058768332
44,0.0008716049907452961,0.1963203300128916,1.140984765746272e-07,1.2171339713423112e-08,0.002441501637630459,2.890875454301561e-06,0.0018441926647767728,5.5751059266858706e-08,0.012154196695117843,5.784045696724935e-05,2.8382620735660225e-06,6.371563846725673e-05,4.153614775904883e-07,0.0008676243036162525,2.0183112660232878e-05,1.2136170473779067e-06,2.1320079119988277e-06,3.0426019237024943e-05,0.00026923333935895355,2.7440765650232374e-08,3.1804724295296215e-06,0.0009288202882716058,1.7356118513323e-06,1.8240147926650756e-08,0.7841156969302246
45,0.0010930826301053262,0.23188995536211227,2.3265809114311834e-07,2.5199745137668935e-08,0.0033055126730609074,6.748411375835009e-06,0.004789511432430172,1.782582944172277e-07,0.02081813712496329,0.0001006353760148311,4.274466076618232e-06,5.8561102010573536e-05,6.930184314825427e-07,0.0009161886416174883,7.037118220586488e-05,3.0478767503167253e-06,3.252648739897094e-06,2.539322595571837e-05,0.0005770743435280088,5.0735287902774835e-08,4.72848253731074e-06,0.0017084444761140641,2.812460305321699e-06,3.3593879116629694e-08,0.734621054620367
46,0.0010839057086275245,0.2176922287681188,1.3121264804329148e-07,1.542975874764514e-08,0.002139601034917651,3.7874108666542624e-06,0.002043451807190441,7.893701831636919e-08,0.013437112546280707,6.721364309589176e-05,3.2720454695132124e-06,8.563681889161537e-05,5.515659921420192e-07,0.0009121959534042218,2.180663349014302e-05,1.6354429938220665e-06,3.4818362413322033e-06,3.762679412028298e-05,0.00031633017399592143,3.1859747004414846e-08,3.835191573882979e-06,0.0011404575538186909,2.069479197902978e-06,2.143113513092253e-08,0.7610035207214056
47,0.0011771638416137027,0.268018110843989,8.164180008877685e-08,5.061024350347811e-09,0.001051109736629185,2.215385437243992e-06,0.001479117959268522,7.025266476528316e-08,0.009779479032165887,5.597207172147666e-05,1.5855441862031673e-06,0.00010980722008572224,4.464208606877581e-07,0.0004950541465904928,1.0701328138339e-05,9.377610004157046e-07,3.123242615228165e-06,3.4201504699921145e-05,0.0003833676470326541,2.1999207208698503e-08,2.9284002911879076e-06,0.001406728615917763,9.243604181164662e-07,8.77295215014012e-09,0.7159868372096896
48,0.0017098824990236087,0.4815982016562407,2.061641367850961e-07,2.157101580612399e-08,0.0019647721749107864,1.1327751809360975e-05,0.004780741621855551,3.255807768672784e-07,0.018618783636289122,6.492337405017114e-05,4.069773290636586e-06,0.00018193832491018703,2.129134862017593e-06,0.0006413397897328623,3.1732133472123335e-05,4.277694388983856e-06,1.0012529099486632e-05,3.53051575009875e-05,0.0010744171451353996,3.818616832791373e-08,5.0428501910022775e-06,0.001551383110352122,2.662954302642535e-06,1.3467650003640092e-08,0.4877064517188344
49,0.0008292035721686176,0.2448216466060492,1.7453293029548917e-07,1.1753851364277189e-08,0.0024368464064173953,3.7811271424470162e-06,0.0017804254880253029,5.691941080498661e-08,0.008844162950587568,6.040324072389235e-05,2.898762205134936e-06,0.00010357820535163522,5.11335276917435e-07,0.0010216039748857935,2.0105247340450596e-05,1.0688150933676149e-06,2.6285308724001935e-06,3.6979040744725396e-05,0.0003305020468279471,3.300826995255842e-08,4.294796898873263e-06,0.0012872411428548512,1.3636480927440595e-06,1.6064383285924177e-08,0.7384104627835949
50,0.001126956940782089,0.37106019757622377,2.0696712203789413e-07,2.2297143016768923e-08,0.003940824659769615,5.944058342349131e-06,0.0015389244981040993,6.261322257750498e-08,0.01196631684764513,4.3672839444501396e-05,6.163623026267599e-06,0.0001557253277180973,8.702177224888336e-07,0.0012673258544615147,2.4783420700141427e-05,1.6658420999454422e-06,4.158486446573986e-06,3.993737289211558e-05,0.000339659503719947,2.7388737888889213e-08,5.334896586413801e-06,0.0008057166896331687,2.6408729819581346e-06,2.3381406932505325e-08,0.6076628378240674
51,0.0010401707201872518,0.48398924785026043,2.492002120402671e-07,3.100753830446641e-08,0.004605506591255607,3.572588058016836e-06,0.002103774176068617,1.0094178876835326e-07,0.033550304937731465,9.792401185408002e-05,4.593021714550058e-06,7.774529772154885e-05,8.677894557811014e-07,0.001169053927228421,2.4849318881020644e-05,1.363615911976988e-06,3.846022986917645e-06,2.3570169836098354e-05,0.00023028587185310398,1.8763839233830446e-08,3.638202340577422e-06,0.0013442133717130786,1.0203173825621634e-06,3.106815706682721e-08,0.47172402121602347
52,0.0015600871099463404,0.14350686068992954,1.9565689519606296e-07,2.9116113039522028e-08,0.003120271973565223,4.397098191774394e-06,0.0020347594944102806,7.277395241433698e-08,0.01919830572471746,0.000145089098105977,5.497569263444634e-06,6.262692093696671e-05,5.858265030909877e-07,0.0013722652949460686,2.4294627159125046e-05,2.7789762331016627e-06,3.285736778124173e-06,6.511015806661103e-05,0.00027502338502562277,6.263634511763993e-08,3.865690393162567e-06,0.0009607242429966917,2.7399688120949862e-06,6.256498318096206e-08,0.8276510076657303
53,0.0009123683269120084,0.20782432998929246,1.2217045952844034e-07,1.2227420870469246e-08,0.0025291927145590265,2.949779410960057e-06,0.0017552606912108427,5.5714225498163384e-08,0.011985289945687946,5.8562085390852795e-05,2.935384533505515e-06,6.797181206355104e-05,4.2916487141483735e-07,0.0008840273563104501,1.984914160786271e-05,1.1997497371999187e-06,2.1896891097026953e-06,3.124561201270714e-05,0.00028133384055530004,2.7449672511486376e-08,3.3268131644830514e-06,0.0009473491276917359,1.6981275183783463e-06,1.8387606693970883e-08,0.7726882546989744
54,0.032740003006711635,0.220491882271067,0.00209777890093046,5.2051011809379396e-05,0.4326921913995595,0.0001056966813933722,0.007881719818164865,2.103788103971076e-05,0.019367765288049486,0.0006508144006389415,0.005366072978795777,0.00020054045644776923,5.994362649604068e-05,0.013302289718104767,0.014760768724357406,2.20005406206154e-05,3.1883474722943145e-05,0.00019676949296579236,0.023029538070427524,4.026652672351287e-06,0.0017053231921547154,0.013741855620522898,0.00025261710943278815,2.9983581393965388e-05,0.21119544610152038
55,0.0009459593055560712,0.19362911213637027,1.5580132455296372e-07,1.6028803744357447e-08,0.0026662220363267166,3.831223599271992e-06,0.0022234661136116825,7.79747461463681e-08,0.013442699010219413,7.650558373693279e-05,3.4876173491469187e-06,5.538388617345226e-05,4.579240525090527e-07,0.000965378237621152,3.131149426425189e-05,1.5074962710813834e-06,2.416750083004827e-06,2.7716159068629135e-05,0.0003485534473894152,3.565152390562157e-08,4.131843946409971e-06,0.001232923111331615,2.260609354044146e-06,2.492955970427318e-08,0.7843363656277169
56,0.0008782851178995294,0.20952465705215537,1.1857806015752233e-07,1.2743553421020638e-08,0.0025575183403554586,3.018083165600942e-06,0.0019074949739086471,5.8437646956276245e-08,0.012569704036870903,5.75001534076879e-05,3.0505846196965684e-06,7.071591315022924e-05,4.844795349469491e-07,0.0009058750067218312,1.9869528273870644e-05,1.2860267751719501e-06,2.2641859698859894e-06,3.2118848431967355e-05,0.0002790527914134605,2.8366456280791853e-08,3.145821416971465e-06,0.0009380031069492271,1.7538364204242765e-06,1.8381996351729175e-08,0.770243965604846
57,0.0005078238765699567,0.07381233104017686,3.193951691081174e-08,1.8810158786743076e-08,0.001139022130367164,1.93332801541371e-06,0.0018789816606446436,1.9658711378937124e-08,0.027600573839067166,5.777595233591851e-05,1.8026813397725572e-06,6.2241988091878015e-06,1.1438977426382161e-07,0.0006457366501660556,1.855269973856768e-05,8.956095747462632e-07,1.2283039178778633e-06,1.6076819891255664e-05,2.3988534470518385e-05,1.1360881648379144e-08,8.308659855347366e-07,0.00019949700791393766,2.0499548843490793e-06,4.7610842763116114e-08,0.8940844310762454
58,0.0008989043535889156,0.19034650680110737,1.2404760752713696e-07,1.3109982639409678e-08,0.0024206753870415648,2.9709401149448464e-06,0.0018599803840725281,5.6568443471653455e-08,0.013276636687082982,6.33131569139109e-05,3.1309803297974102e-06,5.9043199936672026e-05,4.168914207323908e-07,0.0008880393979289866,2.2846521705406683e-05,1.2459051021200073e-06,2.1829199026315345e-06,2.9831057835023408e-05,0.0002647953843852143,2.926991813514131e-08,3.1376401891827095e-06,0.0009831829339130532,1.7948300999429878e-06,2.34786848120703e-08,0.7888711181526924
59,0.0008956738809398802,0.18026178761296716,1.3336554118081505e-07,1.3540504047167775e-08,0.0024800308826366043,2.8509870478018975e-06,0.0017935584350740397,5.622750959112975e-08,0.013226146590473418,6.687661163034826e-05,3.0926012818645358e-06,5.4011964922891096e-05,3.7759525713787425e-07,0.0008882329561279948,2.4077989044525878e-05,1.1860254387954191e-06,2.0797099669543187e-06,2.8995585414150122e-05,0.00025977810319290263,3.020666172967409e-08,3.254850202875171e-06,0.0010068720041546836,1.7747378593405404e-06,2.5756243237962062e-08,0.798999081779907
60,0.0008716049907452961,0.1963203300128916,1.140984765746272e-07,1.2171339713423112e-08,0.002441501637630459,2.890875454301561e-06,0.0018441926647767728,5.5751059266858706e-08,0.012154196695117843,5.784045696724935e-05,2.8382620735660225e-06,6.371563846725673e-05,4.153614775904883e-07,0.0008676243036162525,2.0183112660232878e-05,1.2136170473779067e-06,2.1320079119988277e-06,3.0426019237024943e-05,0.00026923333935895355,2.7440765650232374e-08,3.1804724295296215e-06,0.0009288202882716058,1.7356118513323e-06,1.8240147926650756e-08,0.7841156969302246
61,0.0009580506745577454,0.1916950234572483,1.4757356785396873e-07,1.4303620218342527e-08,0.0025965351910928382,3.073276290593584e-06,0.0018192225506736262,6.161513687654038e-08,0.012950301739840618,6.712445503432302e-05,3.1673667468537773e-06,5.884647099823247e-05,4.036037410596887e-07,0.0009033377620885796,2.4588588675764868e-05,1.2284221809172585e-06,2.1921845248078464e-06,3.0940664489508135e-05,0.0002777046326283377,3.131032263312741e-08,3.538892411267619e-06,0.0010365687567646022,1.8129976815603153e-06,2.50977292726651e-08,0.7875660584119537
62,0.0008716049907452961,0.1963203300128916,1.140984765746272e-07,1.2171339713423112e-08,0.002441501637630459,2.890875454301561e-06,0.0018441926647767728,5.5751059266858706e-08,0.012154196695117843,5.784045696724935e-05,2.8382620735660225e-06,6.371563846725673e-05,4.153614775904883e-07,0.0008676243036162525,2.0183112660232878e-05,1.2136170473779067e-06,2.1320079119988277e-06,3.0426019237024943e-05,0.00026923333935895355,2.7440765650232374e-08,3.1804724295296215e-06,0.0009288202882716058,1.7356118513323e-06,1.8240147926650756e-08,0.7841156969302246
63,0.0008618566916430996,0.2050499207147034,1.1111749196216121e-07,1.1626586321189294e-08,0.002417333808005515,2.8405409237991583e-06,0.0018124868725413275,5.3902719150605836e-08,0.01228748986538301,5.611964182473077e-05,2.7965057465974404e-06,6.373922790674134e-05,4.145037612259586e-07,0.0008486439415754982,1.969440797497049e-05,1.162526974870317e-06,2.108665449244092e-06,2.9392417454443496e-05,0.0002640779737087269,2.5947000071820063e-08,3.0616577869189823e-06,0.0009154009664127487,1.6532846501090364e-06,1.765478760702705e-08,0.775359585536988
64,0.0008899715592664716,0.2015905269111636,1.3486419771816798e-07,1.3746516211138177e-08,0.0026579534538589593,3.0594919287918814e-06,0.001869621994096649,5.9598396458314674e-08,0.011294969387701782,6.238549378852047e-05,3.1207959459515596e-06,6.646802614261924e-05,4.191312681955528e-07,0.0008944405669263507,2.265563214494349e-05,1.1700060662566025e-06,2.0990844781445997e-06,3.0348311773155576e-05,0.00029353744333652295,3.019115464092044e-08,4.262592507897766e-06,0.0009933921413191713,1.8529932651363625e-06,1.995584782916261e-08,0.779317486626908
65,0.0008293218677611081,0.2309440740445235,2.1554384179113287e-07,1.786102166675778e-08,0.0029982526129107615,5.011497594878776e-06,0.0024488385228238607,7.919721733722807e-08,0.011978205253418113,6.965733842824727e-05,4.068513400559423e-06,6.093398316003537e-05,4.952645445754818e-07,0.0010708319783390811,4.526216640569729e-05,1.393958085405384e-06,2.5245695915566877e-06,2.4277380956268214e-05,0.0003794549358173011,3.598797782628158e-08,4.978919556175136e-06,0.0013752613934322898,2.285756213115956e-06,2.6520376464199915e-08,0.7477544949326025
66,0.0009609150549717864,0.22727908613259518,1.8800223239061016e-07,1.9731368130361505e-08,0.0047136894393856885,2.909787995686315e-06,0.001378548210498793,4.296541481828063e-08,0.011177619945722446,9.350841807143999e-05,4.7672299928630286e-06,0.00010018070486855902,5.186634444165055e-07,0.0015085648887227779,1.7534272886719862e-05,1.543882974134973e-06,2.325959686036515e-06,4.6664878943038515e-05,0.0002637878904543167,3.0727597529452174e-08,5.234529918528787e-06,0.0010003700670152195,1.5266624363181653e-06,2.492532281430857e-08,0.7514403970274803
67,0.0003388531953673098,0.08361373867466709,6.586623274284464e-08,8.204200162276939e-09,0.0006435576150135956,4.8726522088620155e-06,0.0014398204453467342,1.8766993131859915e-08,0.0028619487764656695,3.9926269716222626e-05,2.070461102440521e-06,6.202726344414979e-05,2.7312626950687487e-07,0.0012316780633840224,1.541834458256261e-05,7.556681338263633e-07,2.729779484416128e-06,3.665418454231465e-05,0.00012400447993918403,3.8986540989961435e-08,3.6515320203358962e-06,0.000688449398887497,2.3431862789119168e-06,1.5455825914611506e-08,0.9088870796033524
68,0.0010100170178354323,0.17850898879688848,1.440199910940101e-07,1.8394711633108696e-08,0.002292544588437035,3.3007702745683495e-06,0.0023037462438803952,7.112803164387045e-08,0.009242822122104364,5.390262032358643e-05,3.365173658341958e-06,0.0001227212785253627,8.249106066810783e-07,0.0011302957741489898,1.3729147444674808e-05,1.6314179608521887e-06,3.138190586603501e-06,7.068512243731564e-05,0.0002640503683619404,3.8637912787269416e-08,4.092268242217881e-06,0.000786294611052764,2.0947451402590962e-06,1.6394152068754055e-08,0.8041814662572908
69,0.0011868406229788092,0.27211226806506067,2.2267915999290978e-07,1.3471404020498475e-08,0.001937357598206988,8.007588371629007e-06,0.002642201922615447,9.816358178283788e-08,0.0050561633981730065,7.124189493814913e-05,5.7018663738977375e-06,0.0002183665373834388,1.1269731078533947e-06,0.001216337276696225,3.0013966982919432e-05,1.872426781981438e-06,4.287668347241871e-06,5.4695950154868003e-05,0.0009669224789954316,7.217445782982277e-08,1.2190171912305255e-05,0.0017486806099878884,3.1262675825990102e-06,1.6847275171437973e-08,0.71272217337947
70,0.0009008495101269518,0.20185052057808872,1.1313024579229221e-07,1.065142401435956e-08,0.0023087005907077695,2.677765213993129e-06,0.0017848649902417987,5.416260223329193e-08,0.011122897547757577,5.567142400704667e-05,2.846630272046637e-06,6.245503560574952e-05,3.898164950853399e-07,0.0008044946569928363,2.0972632806331985e-05,1.068574586107385e-06,1.967656750288462e-06,2.8334258878668926e-05,0.0002915994472453526,2.5434664018647236e-08,3.3104058081681958e-06,0.0009848706022802666,1.6150627335234471e-06,1.721077691557238e-08,0.7797696722236889
71,0.0010073701493528604,0.173740844705708,5.7637017404617876e-08,1.1592408493770357e-08,0.0025346394252477294,1.7973175819761956e-06,0.001529039307899104,4.966189728776728e-08,0.01586958206277177,4.915632405237051e-05,2.7420717085314334e-06,7.048480732383152e-05,4.1485375359450775e-07,0.0007715304803030147,1.1911957570958214e-05,1.5126198683377425e-06,2.1446589801513235e-06,3.656808111328301e-05,0.00020166550165372273,2.1987442903947148e-08,2.3105476305997107e-06,0.000597803421524532,1.9608792446387495e-06,1.5890758909711975e-08,0.803566364057186
