,0,1,2,3,4,5,6,7,8,9,10,11,12,13,14,15,16,17,18,19,20,21,22,23,24
0,0.008286623856248971,0.008017621924977457,0.23933467965893432,0.00011468411779121208,0.0013566361648383923,0.0013460939445591443,0.16032279940654037,1.0417558345748693e-05,0.5052586081909913,4.534463788559319e-06,0.001471825422215649,0.012686810922799106,4.260660154431886e-06,5.110564931011916e-06,0.006887020316447823,1.2128383392356384e-05,8.695683445804772e-06,7.404105988248853e-05,0.013940782026114302,9.829662762552858e-08,0.0035625027221451062,0.00019296731161790178,0.0001640008769197289,0.0005860296907732553,0.0363510267755178
1,0.010180287197857768,0.008386706889517563,0.4318498702731676,0.0002099231090862615,0.0005090460389639587,0.0006066055737137221,0.2746944196334047,6.589193077021295e-06,0.19020842887275502,1.2621050421618064e-05,0.000556805222778029,0.015077857910634833,1.5793877896392866e-06,5.942912415859532e-06,0.0019875679502708264,4.300524303288699e-06,2.7159758420895273e-06,8.21881651943645e-05,0.003937319613619925,5.333757031601196e-08,0.0024737125674014187,8.475911836964687e-05,0.0002483210312899418,0.00034276987561142195,0.058529608574943194
2,0.012001146970087256,0.01064820779941486,0.29597974213335737,0.0002160223982690984,0.0012329322700092614,0.0005570348994653663,0.3617316133571984,6.37607083760858e-06,0.1649968509770999,1.2221566051179518e-05,0.0008577173888910049,0.016342053597311768,1.9203375324716197e-06,1.3481261242437403e-05,0.0030445011721409276,3.5830593793867423e-06,5.42221781703136e-06,0.00011245802603809571,0.0027142228698157495,8.619238402296131e-08,0.0022446932846003523,0.00010601508178556186,0.0004158735718357583,0.00026464185901520264,0.12649118163842005
3,0.010019027275229365,0.009232033206727358,0.3631739742827102,0.0003185241789504408,0.0007404987483204588,0.0006084551242609301,0.3439214063824967,7.5209786166266375e-06,0.14921871758190222,1.319475980083437e-05,0.0009823465635621369,0.019324493528562605,1.6459058065119332e-06,1.2113923769932104e-05,0.0020490679924871497,3.280134536327008e-06,4.710395439091915e-06,0.00010655991650536386,0.003120805217456552,6.695930165251841e-08,0.003029945285682235,0.00011611268374023379,0.000527943952625801,0.000366226767865148,0.09310132825364416
4,0.010471720766140395,0.009293907787536531,0.34827044983300764,0.000328440030102245,0.0007659758605906043,0.0005980731736651912,0.3387144556306867,7.157311524239074e-06,0.1574955513700119,1.25374300286553e-05,0.0009967744981243282,0.023096067460793374,2.184636143802018e-06,1.3179093079770302e-05,0.0020238106374428724,3.3080763282864494e-06,5.5278140706091525e-06,0.00011077356164993297,0.003230433532063272,7.334318742024035e-08,0.0032803336249336104,0.00012728989815869409,0.0005421312575309851,0.0003911494140328249,0.1002186939591662
5,0.01121169661302988,0.008694244145065762,0.3561982093249308,0.00042928014503563133,0.0006130656933085262,0.0005639462704569326,0.336386548861114,7.244048563476676e-06,0.1406944103540067,1.4396982083098928e-05,0.0009542018517025606,0.024205207559222786,1.78071625401805e-06,1.3892392616691484e-05,0.0017515161661535315,2.8661862826534683e-06,5.239065666316122e-06,0.00014662914142965936,0.0026643455284133277,6.774309099528171e-08,0.0035888531557169367,0.000131034667017808,0.0005959571420907819,0.00040207390966415777,0.11072329233708289
6,0.010019027275229365,0.009232033206727358,0.3631739742827102,0.0003185241789504408,0.0007404987483204588,0.0006084551242609301,0.3439214063824967,7.5209786166266375e-06,0.14921871758190222,1.319475980083437e-05,0.0009823465635621369,0.019324493528562605,1.6459058065119332e-06,1.2113923769932104e-05,0.0020490679924871497,3.280134536327008e-06,4.710395439091915e-06,0.00010655991650536386,0.003120805217456552,6.695930165251841e-08,0.003029945285682235,0.00011611268374023379,0.000527943952625801,0.000366226767865148,0.09310132825364416
7,0.003543143024289748,0.010554399114876484,0.14164919000345289,0.0006615300199408457,0.0009451354033817773,0.0005842484554945246,0.376207036847101,9.644690460610698e-06,0.23928829002654267,1.1156942525523287e-05,0.0013654455942773485,0.036325106969197565,1.532539003465654e-06,2.6964717009988625e-05,0.007099204637658886,6.139900354418119e-06,9.427168355692287e-06,0.00012856692930165875,0.0021186620554439696,9.097924802413009e-08,0.008099286805981876,0.00046467215702256434,0.000683396976942514,0.00020093775356864235,0.17001679028856742
8,0.009608436139007252,0.008656505511008319,0.29526087038458865,0.00026654122753770913,0.000789014260915573,0.0006554842117101095,0.3334928214093029,8.497524999460482e-06,0.21319352111395984,1.0683507951815915e-05,0.0011472161087384407,0.02210171007363055,1.8749398222617712e-06,1.1729849776166362e-05,0.003632716755269893,4.1584887782240265e-06,6.299321580701821e-06,0.00013939107451591887,0.004177314291677799,6.078908522004477e-08,0.004028583727580403,0.00020759736496124226,0.0003713982870976801,0.00033425241869852653,0.1018933212178055
9,0.014511798611738371,0.009597783063989144,0.27940449942831974,0.0002025226865038177,0.0013049717150702583,0.0007632939693932125,0.353483814436611,1.0808320822929289e-05,0.20002175248136475,9.631856686322264e-06,0.001741826180362122,0.018000499315758197,1.923582744896492e-06,1.5221682707929142e-05,0.003928201324716121,4.088076279543531e-06,8.402969910625548e-06,0.00015634374248765583,0.005632198680582127,6.371602947777134e-08,0.0027025140956140697,0.0001987657432085759,0.00042317085327274164,0.00036195429513914587,0.10751394917068711
10,0.010019027275229365,0.009232033206727358,0.3631739742827102,0.0003185241789504408,0.0007404987483204588,0.0006084551242609301,0.3439214063824967,7.5209786166266375e-06,0.14921871758190222,1.319475980083437e-05,0.0009823465635621369,0.019324493528562605,1.6459058065119332e-06,1.2113923769932104e-05,0.0020490679924871497,3.280134536327008e-06,4.710395439091915e-06,0.00010655991650536386,0.003120805217456552,6.695930165251841e-08,0.003029945285682235,0.00011611268374023379,0.000527943952625801,0.000366226767865148,0.09310132825364416
11,0.010259948223085383,0.009335685505425831,0.3627752671156317,0.0003218308773979673,0.0007650561668112517,0.0006054182127659128,0.34115400462792295,7.431574957071473e-06,0.15141071977930767,1.3069371456772611e-05,0.000990449044343706,0.020872914447767996,1.979956301194935e-06,1.2293974744887765e-05,0.0019663790595495735,3.3626536910138137e-06,5.045660894577446e-06,0.00010453009051141189,0.003249145844720377,7.346821666072945e-08,0.00307427538088537,0.00011615791837827282,0.0005444294371350544,0.00039614124211136327,0.09201439036598616
12,0.011933127383292122,0.011552180270556807,0.06488006404731295,0.00024507500626749844,0.0019046349315170062,0.0005038709917084548,0.13603806294416096,8.580239092244374e-07,0.04527196015504742,1.4669118803054654e-05,0.00021098500133466677,0.005740642646847947,1.6018471078030776e-06,8.859119151855162e-05,0.000470412824407402,4.300112260247076e-07,2.9703942261502093e-05,0.00023826647243311858,0.0002933244299856003,1.0414788880005731e-07,0.0025355416993053928,4.1751776618265845e-05,0.0008980036119766696,4.66843830728318e-05,0.7170594531414399
13,0.004499033080250675,0.005936868922089001,0.28771952469184636,0.0006256866286325832,0.0008321408575038226,0.0005025487519393004,0.44635046388415306,1.789676289625467e-05,0.10771501157952448,6.2786004136227675e-06,0.005853920204583835,0.051594627974048235,1.9523424296790913e-06,3.624069193372524e-05,0.0025474973494680653,3.2995477865927954e-06,6.567159245401124e-06,8.668898865647974e-05,0.0026484864809957326,6.828674530878218e-08,0.003696149677442618,0.00026627410205218776,0.0014298899846022291,0.0005095735854140962,0.07711330986534687
14,0.011147470600783506,0.017343187231122326,0.2567265950001137,0.00031963956486956067,0.0011139184990153531,0.0005596048087108329,0.4618295324649099,7.996380898255832e-06,0.13061250739396038,1.8952037223355655e-05,0.0012353914469158248,0.017670492185851,1.1648185279377472e-06,1.7359013436687893e-05,0.0019631456796213613,2.916955152847688e-06,4.1285743972972365e-06,9.544451343683502e-05,0.003980580932677734,7.076756977893212e-08,0.0023570560763343305,0.00010597688985699379,0.0006832997945422802,0.00037618861357374933,0.09182737975649818
15,0.010019027275229365,0.009232033206727358,0.3631739742827102,0.0003185241789504408,0.0007404987483204588,0.0006084551242609301,0.3439214063824967,7.5209786166266375e-06,0.14921871758190222,1.319475980083437e-05,0.0009823465635621369,0.019324493528562605,1.6459058065119332e-06,1.2113923769932104e-05,0.0020490679924871497,3.280134536327008e-06,4.710395439091915e-06,0.00010655991650536386,0.003120805217456552,6.695930165251841e-08,0.003029945285682235,0.00011611268374023379,0.000527943952625801,0.000366226767865148,0.09310132825364416
16,0.0068597696268492886,0.009709006797913129,0.25893074749226264,0.0003653877282972603,0.0005086935704257811,0.0004119612637875699,0.42655923366061876,8.33183221002224e-06,0.13798640101060164,2.023160276799722e-05,0.0007193943038844794,0.035132860101408675,1.7421513114414817e-06,1.4536755566767527e-05,0.00252049638586618,3.976577029728285e-06,4.994384687755731e-06,0.00012434798368717818,0.00324012153838221,6.974732508922757e-08,0.005971566415828464,0.00024036223029527448,0.0005029789512245648,0.00028225540792366845,0.10988053247984421
17,0.0070148808664373076,0.008819200475498504,0.23142465476799098,0.0005341071608552246,0.0011553652190306927,0.0004708890532660962,0.4353613532725503,1.0249111952808563e-05,0.10674464517500581,1.4373898918315585e-05,0.001626669052985894,0.03703347971819959,2.9484540921274667e-06,3.107835782829902e-05,0.002128739911942619,3.302417537047793e-06,1.2866986853693968e-05,0.00012511932082796996,0.0022627142863829576,1.3188320593220213e-07,0.004971200420766781,0.00024266870132268534,0.0014853146262211706,0.0003557046063739894,0.15816834225395313
18,0.010782224897147188,0.007315281771143339,0.22733758569738338,0.0002743422445716361,0.0009065168778595454,0.00042052971241461433,0.36731549943529257,4.250821733610052e-06,0.09890665226317176,1.5541835467633497e-05,0.0006022538118350295,0.022882297365394415,2.330798185254579e-06,2.074012509961412e-05,0.0017903893971388592,1.884398644037098e-06,9.942090967520293e-06,0.00018954164155509268,0.001469155038425433,8.051531468017162e-08,0.004186485607348772,0.00014081650169655774,0.0006322761873741518,0.00018942367334434142,0.25460395729149093
19,0.005493275133958515,0.0076182806681885495,0.30796569259058504,0.0003403556283192355,0.0004226638537807204,0.0002820037301791589,0.44224327400671576,7.212917896757558e-06,0.12614122634900682,1.2009539667918014e-05,0.0006207776401675533,0.030393499935355808,1.3690448299795987e-06,9.191565480325375e-06,0.0017740160299713204,3.1944429905735613e-06,2.5804988901694135e-06,6.64272530113673e-05,0.002042142680538374,4.8651219222036926e-08,0.0030436296549060087,0.00012595603493905483,0.00037390428600376493,0.0002332323136608105,0.07078403554973717
20,0.006082669846343015,0.007225830866526184,0.32843619132245266,0.000370870669103793,0.0005046581357811457,0.0005037769257385349,0.3788006979528918,1.5688369045561755e-05,0.15647864300883674,1.2312556863324589e-05,0.001389356618020226,0.027376163379907156,1.318280130149709e-06,1.2178729854726888e-05,0.004876454271041117,5.3275972482169165e-06,4.589408101068717e-06,0.00011554670067764642,0.003707506482762855,5.971050391196719e-08,0.003709838564098115,0.00030324972824686186,0.0004237250269611598,0.0002889454617348212,0.07935440038712924
21,0.008690493164944744,0.010041447672630063,0.3320015277047747,0.0003821175285297117,0.00048503458769559316,0.0004588600182747145,0.3583974586264598,9.221822928904095e-06,0.18138382470834244,1.3808758799553087e-05,0.0007245757568566094,0.03098846677084802,1.6131793752172541e-06,1.4005678909645127e-05,0.0018279155152362918,4.7998819184189e-06,2.4659916004285417e-06,9.419932394059941e-05,0.0029287642886723984,5.97843329227737e-08,0.0031879121553881028,0.00011141961516132737,0.000322858632042303,0.0003158740460779296,0.06761127478625976
22,0.01691926906414837,0.006610051973407733,0.42782295889336336,0.00027537646113370395,0.0007983078459746473,0.0008199624819113158,0.2486697900203667,7.935374990654472e-06,0.1500232376191416,1.2266594126364314e-05,0.0012657008207409954,0.014018793013035345,1.8051677692152982e-06,1.1064404517692781e-05,0.002517978776289394,3.1083741777737608e-06,9.023764555807406e-06,0.00023347382189722957,0.0033493934979651136,6.83039412741366e-08,0.003280376578920655,0.0001613257807146802,0.00048142539319903134,0.00042328935876746374,0.12228401661494356
23,0.010019027275229365,0.009232033206727358,0.3631739742827102,0.0003185241789504408,0.0007404987483204588,0.0006084551242609301,0.3439214063824967,7.5209786166266375e-06,0.14921871758190222,1.319475980083437e-05,0.0009823465635621369,0.019324493528562605,1.6459058065119332e-06,1.2113923769932104e-05,0.0020490679924871497,3.280134536327008e-06,4.710395439091915e-06,0.00010655991650536386,0.003120805217456552,6.695930165251841e-08,0.003029945285682235,0.00011611268374023379,0.000527943952625801,0.000366226767865148,0.09310132825364416
24,0.012168698928260984,0.013495989057656288,0.32197716947796445,0.0004605344240404744,0.00082211720156874,0.0005948547489658247,0.36745519071163657,8.900963945672999e-06,0.13993915397061868,1.731731919047098e-05,0.0010251344915189276,0.024586837101214905,1.8310299617572422e-06,2.0185799430594352e-05,0.0016595706484122245,3.150441486864938e-06,5.554377126505397e-06,0.00012062819931723806,0.003266829853004034,8.638998638490774e-08,0.0032104528497780144,0.00012031882007040048,0.0007433864933325927,0.00039772553426090936,0.10789838116725044
25,0.005503929432607943,0.007233923769293306,0.3002415055102126,0.0006295019900270863,0.0007506162498270695,0.0005433919906157852,0.4960118965269938,2.8858666049681033e-05,0.09934626659001504,1.0811971595172383e-05,0.003819567840937203,0.02855052278780937,1.0698007127281819e-06,2.9016010581720522e-05,0.001916344731111046,4.322662360631309e-06,4.147101036110535e-06,9.134905484721391e-05,0.0032113401481241905,6.19041377316861e-08,0.0027634091825090366,0.0001781988321533708,0.0009755003350032526,0.00044705663910236715,0.0477073902723365
26,0.02445463770310052,0.008043044466149289,0.5579233591413502,0.00024018701008344227,0.0008368431913637959,0.0008516551793416421,0.16705348821751045,3.417156871983624e-06,0.15762708855104463,1.0164554044983814e-05,0.0009225419142591776,0.010304294751264686,2.7549817965657205e-06,5.378811016669253e-06,0.0006677858874908439,1.8673288433165405e-06,5.943974254458482e-06,0.00012377215679496093,0.0039861799343712786,8.358444641932296e-08,0.00222297653091666,4.974167244003656e-05,0.0007172011655592552,0.0011937239339182603,0.06275186820176644
27,0.009317674117136103,0.008370267534109877,0.3416699953386018,0.0003409415382955707,0.0006861097408491213,0.0006308024772280267,0.3326777519022869,1.011983713562361e-05,0.1788824406290045,1.2019985503768172e-05,0.0012404251543237446,0.022392659377046792,1.679983674884675e-06,1.2180820960555977e-05,0.0031640530118781777,4.199464022248225e-06,5.740136191424569e-06,0.00013033668910268227,0.0037591938067903195,6.469158423362877e-08,0.0036177389293488,0.0002063065811306382,0.00048406496724431495,0.00037709339481792906,0.09200613989173209
28,0.010019027275229365,0.009232033206727358,0.3631739742827102,0.0003185241789504408,0.0007404987483204588,0.0006084551242609301,0.3439214063824967,7.5209786166266375e-06,0.14921871758190222,1.319475980083437e-05,0.0009823465635621369,0.019324493528562605,1.6459058065119332e-06,1.2113923769932104e-05,0.0020490679924871497,3.280134536327008e-06,4.710395439091915e-06,0.00010655991650536386,0.003120805217456552,6.695930165251841e-08,0.003029945285682235,0.00011611268374023379,0.000527943952625801,0.000366226767865148,0.09310132825364416
29,0.010019027275229365,0.009232033206727358,0.3631739742827102,0.0003185241789504408,0.0007404987483204588,0.0006084551242609301,0.3439214063824967,7.5209786166266375e-06,0.14921871758190222,1.319475980083437e-05,0.0009823465635621369,0.019324493528562605,1.6459058065119332e-06,1.2113923769932104e-05,0.0020490679924871497,3.280134536327008e-06,4.710395439091915e-06,0.00010655991650536386,0.003120805217456552,6.695930165251841e-08,0.003029945285682235,0.00011611268374023379,0.000527943952625801,0.000366226767865148,0.09310132825364416
30,0.010019027275229365,0.009232033206727358,0.3631739742827102,0.0003185241789504408,0.0007404987483204588,0.0006084551242609301,0.3439214063824967,7.5209786166266375e-06,0.14921871758190222,1.319475980083437e-05,0.0009823465635621369,0.019324493528562605,1.6459058065119332e-06,1.2113923769932104e-05,0.0020490679924871497,3.280134536327008e-06,4.710395439091915e-06,0.00010655991650536386,0.003120805217456552,6.695930165251841e-08,0.003029945285682235,0.00011611268374023379,0.000527943952625801,0.000366226767865148,0.09310132825364416
31,0.015389950091545888,0.00878485064225423,0.5022906919780263,0.00025770879353501856,0.0005177521080247949,0.0004912026099616457,0.31171113546894924,9.523991950865633e-06,0.08264584571344782,1.7977257630318362e-05,0.0006762760470349395,0.01111866918122364,1.0987117156010112e-06,9.110771245526632e-06,0.0009029303640729549,2.130731489505435e-06,3.2470614348453747e-06,0.00010532726733991902,0.00317482651290723,5.285054894032641e-08,0.0017319108526401164,5.968734672867092e-05,0.00044725168046258587,0.0003340221259501294,0.05931681983987917
32,0.01122465530971196,0.009941503091878747,0.36711622289418444,0.00029356218466350875,0.000737949220140248,0.0006529403039356654,0.33372249685410166,7.891325916726859e-06,0.15780851871470772,1.3684322255959942e-05,0.0010160637118858103,0.0192494013193657,1.7233862002237556e-06,1.1575693395292691e-05,0.0021406271562221485,3.420936767533246e-06,4.84136264217825e-06,0.00011022308956164526,0.003989419557822091,6.618271917571511e-08,0.0030417916809567097,0.00012381598722964075,0.000504431788529178,0.00040792892001589566,0.08787524500519027
33,0.007568082074917344,0.01191779924689559,0.27772686477744474,0.0010521103996519886,0.001383360755136661,0.0012403149356053893,0.4516665317347885,3.582682029817752e-05,0.10105963594293427,3.071992987458682e-05,0.004689604646892562,0.035765198589048926,4.3367759010366726e-06,6.232324209408998e-05,0.0016998802914600594,7.176933188776922e-06,2.4709527529795166e-05,0.00015726598631818356,0.007553853020346272,2.3564074240665478e-07,0.006454855103946875,0.00044166966096230936,0.0038786821697414237,0.0011196810336626807,0.08445928076061739
34,0.005221563803764147,0.00725692098634731,0.3015016536511526,0.0005492077451419298,0.0007279572591029468,0.0005275598806476508,0.43568378850557893,8.270347213704139e-06,0.08626741316904003,2.0250238883814013e-05,0.000987917210664226,0.020976156425966737,1.3853685609342405e-06,1.9348491106820865e-05,0.0019243595924682663,3.396855355574496e-06,5.564416820321107e-06,0.00010229004149391465,0.0014578791500282908,9.376665686800874e-08,0.0038935827523104488,0.00013293160315761853,0.001049189051134274,0.00026980232918577464,0.13141151735821704
35,0.020223052646595803,0.006449547551615346,0.413187598576449,0.00023475486723345876,0.00035128621297590386,0.0003207046633239707,0.30124224819284173,6.844910336734155e-06,0.16881111910412613,1.0723700178725899e-05,0.00045912230839795817,0.018063734640929186,1.1968773331442319e-06,5.498551628111902e-06,0.0010323543759597478,2.0793845869750625e-06,2.7389060512132263e-06,0.00020629275488162301,0.0027017618443585917,2.9292743635703303e-08,0.002365501906734321,9.338515762899189e-05,0.00016935753251505768,0.00030955596139970294,0.06374951007917477
36,0.008654732528423536,0.0066581394049646525,0.24927449073072572,0.00027152872033463796,0.00043449065633367377,0.00025418085111093787,0.425773473342152,2.1146996406989958e-05,0.16106774172249877,8.533450070555704e-06,0.0009492419091812536,0.06105886253438068,2.981278850710514e-06,1.3823289030125916e-05,0.0036432070056000225,6.61456883665851e-06,5.069171186151311e-06,0.00010570426994474427,0.004739972522526851,5.865979232121097e-08,0.0025698478511483876,0.00032197824721670956,0.00020879731197883614,0.00021124504595933455,0.07374413793134592
37,0.018874276006235716,0.008951555002518615,0.47048860996190617,0.000281359564309863,0.0004860027651228227,0.00037690150405014474,0.3132565519597951,4.646981035144116e-06,0.0966130429885258,1.514055810365211e-05,0.0006593956827819668,0.015568795623916514,1.2809313795379355e-06,6.826700154278405e-06,0.0006109072362862591,1.3908400812789285e-06,3.1157131021725838e-06,0.00011965730274847277,0.0027845652478715056,4.68299412677962e-08,0.002125092461930205,6.165619969248073e-05,0.0005613532816581816,0.0005723672662659459,0.06757546139058696
38,0.015400801780398026,0.00871941775637983,0.44500134664863994,0.00010687847826351628,0.0007202975742724814,0.0008236549175003697,0.2857444984133573,3.8858349744405555e-06,0.16039122723558794,1.1390992416121395e-05,0.0005292043857845054,0.007582642478850523,1.0291137652045234e-06,5.602028531837366e-06,0.002019587987102589,2.9255283258024124e-06,1.8122864262365976e-06,7.472436586585825e-05,0.0037754226058274486,3.229209795497719e-08,0.0012073817968036619,4.0688086323795335e-05,0.00018014707200470945,0.0002858388319436583,0.06736956150855629
39,0.013910320525616122,0.03267437618557106,0.14505542560729617,0.0003108148922819627,0.0012459245898634405,0.0001334963426400732,0.5202525238604065,2.851327718274327e-06,0.1278156605675073,7.63124707760734e-06,0.0010786832848457832,0.03096200722900113,5.516249821099594e-07,2.5921561884379547e-05,0.00122048886419183,9.407812425691431e-07,1.4587630925532498e-06,5.1315468328751376e-05,0.0013305224994471629,4.2533162921087324e-08,0.0007901524347765077,5.905455157362603e-05,0.0007147501500737421,0.00022869284325015835,0.12212639226416812
40,0.010123869065798262,0.009384997750253277,0.3620282941947601,0.0003453911946749237,0.000754843088261812,0.000625290254885098,0.34737447336587113,8.006163303644232e-06,0.1472468116503157,1.3981820100648077e-05,0.0010324867920848868,0.01939353091002129,1.6569570424291234e-06,1.2571143347632754e-05,0.0019776555870897883,3.394255282403153e-06,4.971442592271409e-06,0.0001113771574581786,0.0031959731989266186,7.098318467311703e-08,0.0031710238307919147,0.00011924124473756202,0.0005730969769433399,0.000391423836495386,0.09210556713577696
41,0.01153254845235596,0.007898380328473186,0.35164779911077787,0.00014547119264907716,0.0012500929572670995,0.0005061615511241795,0.28543781839437443,3.830634660219658e-06,0.2613564137810716,5.100344385409717e-06,0.0005916442760062124,0.00996252859356438,1.6212364929724036e-06,5.29246402071595e-06,0.0025156514028990317,4.290909830901102e-06,2.1574516864953702e-06,6.161242191907965e-05,0.0016960012419812316,5.1450752106182186e-08,0.0010361770991011267,3.868626542267323e-05,0.00015323306307528354,0.00023521046796945918,0.06391222490813941
42,0.006398956485617577,0.006221589086780631,0.4136516795199994,0.00040327667684084075,0.0003137082781757413,0.0007312383305277531,0.2878809602467125,2.3362575258129913e-05,0.17532526855801928,1.7933244379462805e-05,0.0011787655965855108,0.03301558827481761,2.4280766976225173e-06,7.817303521368576e-06,0.004269596927465697,9.677491788685766e-06,6.363194650313746e-06,0.00012638431045182825,0.009076686208539396,7.92901518269454e-08,0.006056215620964651,0.00042791307834551674,0.00041207700290400343,0.0005201841235194172,0.053922250497285266
43,0.006475110079680435,0.008525323957065357,0.39762574047768634,0.00039509390767058166,0.0005471170970449538,0.0011761645494119458,0.3310274945015356,1.1463101799393824e-05,0.12157621416625786,5.3063016433457266e-05,0.000677812823444509,0.014268367440181668,1.8895228540126945e-06,1.2503448471520668e-05,0.002414570748113603,5.722070398899366e-06,7.852754509149448e-06,0.00016695682778852155,0.00498999481028131,1.253377286103087e-07,0.00897516948746687,0.00023056839995854087,0.0008644427602645193,0.00045063048716438727,0.09952060822678789
44,0.010019027275229365,0.009232033206727358,0.3631739742827102,0.0003185241789504408,0.0007404987483204588,0.0006084551242609301,0.3439214063824967,7.5209786166266375e-06,0.14921871758190222,1.319475980083437e-05,0.0009823465635621369,0.019324493528562605,1.6459058065119332e-06,1.2113923769932104e-05,0.0020490679924871497,3.280134536327008e-06,4.710395439091915e-06,0.00010655991650536386,0.003120805217456552,6.695930165251841e-08,0.003029945285682235,0.00011611268374023379,0.000527943952625801,0.000366226767865148,0.09310132825364416
45,0.00663381964127668,0.00500054851056213,0.41878533011749397,0.00024373935698996692,0.0005187251982210612,0.0006193525182389957,0.33782672018498505,1.79025772063928e-05,0.15919448418175006,8.019933861175099e-06,0.0014693221092405137,0.014690246871019844,1.0707650074293343e-06,6.731548663083976e-06,0.004946938960404392,7.182550297534897e-06,2.5520058564848327e-06,8.183651920834618e-05,0.0038294606916468464,4.358067630317614e-08,0.0015690666288741828,0.0001420107987135449,0.0002054378268572164,0.0002871208835517343,0.04391233603939711
46,0.009883632459573926,0.008676106238500137,0.37263582841398285,0.00041460041324116996,0.0007930218508275924,0.0007691368277632877,0.3186652945084608,9.520212504819758e-06,0.14407484742296903,1.4831010556275473e-05,0.0012800534894198206,0.022026651390071005,2.3144962021592304e-06,1.4687373679366772e-05,0.002333134714968629,3.9308022304702815e-06,8.461958361725128e-06,0.00012986110401973417,0.0037322239938466922,9.366013484913977e-08,0.004174762887558444,0.00017391916873845496,0.0007766544864477595,0.0004643637970979083,0.10894206731884302
47,0.014634451437107834,0.008403610876820249,0.3285464292228307,0.0001991032845955057,0.0005000705140230993,0.00032187355941998156,0.30634796650866425,4.457223202822683e-06,0.18592666306355582,1.1212005493158309e-05,0.0004026053648691531,0.03336772623994957,3.1952524414702306e-06,6.5052027720052324e-06,0.0019772786472421456,3.505645441954647e-06,5.425401411382273e-06,0.0001173534161694622,0.003605163949569301,6.176774601203959e-08,0.003636471378719495,0.00016136353647095865,0.000253034469524572,0.0003176988708176943,0.11124677316114132
48,0.015074441174988244,0.022583966121946204,0.35600302421082886,0.0003095851197234173,0.0008361559458574012,0.0010673671247908312,0.3670521724561076,1.3170811226472562e-05,0.12913319167756032,2.7824603109273856e-05,0.0016994701118981735,0.018083158010888722,1.7887151230077417e-06,1.5323154627868644e-05,0.0015461534024394476,2.944420059029042e-06,7.0163088773498364e-06,8.775789815379103e-05,0.01759236490564799,7.801047555805218e-08,0.003337950359872749,0.00016247363470807204,0.0011619792139461167,0.0008977977868375585,0.06330284482030604
49,0.008415665493796807,0.007650667149154174,0.4180820221731719,0.0003736338744189339,0.0005188621595236503,0.0006114704258640078,0.306453707203409,6.8782264796501525e-06,0.1324662633983006,1.3974159426374965e-05,0.0008835762574844839,0.022233559232816474,1.7504692152678143e-06,1.1523551380983922e-05,0.0018014093474433917,3.0417135065670095e-06,4.313499734443772e-06,0.00010210643203738203,0.0026957844428168397,6.539086355797471e-08,0.003490215863900419,0.00012020923217185794,0.0005966150844935356,0.00039045810127335466,0.09307222711731641
50,0.01079130084114516,0.008490517713068555,0.40465257856378334,0.00038639761790433763,0.000645274045470344,0.0008581270659422478,0.16996899760400125,5.370244240154613e-06,0.30283986933098606,5.881291507721136e-06,0.0012604243516439364,0.01867040854931245,1.9483244393575304e-06,7.81439685059208e-06,0.0024019872351068307,3.5572684058243277e-06,5.128031841460305e-06,0.00011103829436229068,0.003491898807180084,6.408951293953586e-08,0.0035844778147724275,0.00012069599628456939,0.0004225747466517771,0.0006093328017802591,0.070664334973806
51,0.014161736957419123,0.03554354451649966,0.30594146879861345,0.0008567792004948414,0.00029082398229836353,0.00037805702965963944,0.32097275827806976,1.4699649843485802e-05,0.19155717113724924,1.8319545522329382e-05,0.001112947500240619,0.03826733923003773,5.653125537315157e-07,2.555370134306817e-05,0.002386088827013289,2.3643755906607343e-06,3.2290188708596164e-06,0.00014708958648896225,0.005673436042871404,4.2933421888629614e-08,0.0028687807467969663,0.00029921535169281406,0.0004357510192672232,0.00030541432341099904,0.07873682293472976
52,0.016435986702021857,0.004736364103073963,0.41740771719823816,0.00017886680190118022,0.0008793220404290336,0.001464983766643695,0.2244851582080784,9.936545569960325e-06,0.190336314041931,1.101122571732627e-05,0.0014979043009843579,0.008341218106223834,1.2772115892371966e-06,1.2828009862816565e-05,0.0048418158648467075,4.168154227061879e-06,5.660597552851035e-06,0.0003026949220646858,0.0034446219146398215,4.8765118053516426e-08,0.001988766617930016,0.00013195298317284697,0.0002746947386947969,0.00031010851542559854,0.12289657866406299
53,0.011258813935443309,0.009664342787562145,0.3805062442194991,0.00032425294447845516,0.0007277096607294674,0.0006708063557652655,0.3136087348213936,7.503736304011902e-06,0.1577937891405543,1.341566231131102e-05,0.0009781011841347748,0.018947843406920652,1.7327157689076061e-06,1.2180699223957384e-05,0.0020440240701212,3.2760834099298886e-06,5.1440569697073e-06,0.00011610352836487789,0.0034457250747749555,6.920513536072242e-08,0.0031641205841155804,0.00011873099935715967,0.0005286421228518236,0.0003930141183742802,0.09566567888643566
54,0.014208548435039535,0.015149773418772826,0.2661922052465259,0.00020447796143202034,0.0008129057338333215,0.00045006124875917914,0.3342061910760835,3.5411963652593436e-06,0.14711814472157675,1.6019586985218834e-05,0.0003882821995486759,0.01689391221662134,1.2232291184376443e-06,1.4589673711646021e-05,0.0028163728368726924,2.5662151673103738e-06,3.4289794754696708e-06,0.00010548716930019126,0.002008413957915539,5.7642156340836785e-08,0.0018411949550349595,8.262714567276399e-05,0.00029744735350956196,0.00014624490516707575,0.1970362828953543
55,0.00845102209130736,0.010320479834241813,0.3720602588985399,0.0003696844200195321,0.0010958534893304153,0.0009350396193597427,0.3751088042854339,1.1403829823578781e-05,0.09518717827153308,2.166211083710771e-05,0.0016732317335017095,0.012943056981081051,1.30913471340244e-06,1.963813913403281e-05,0.0025754530716891005,3.6897914477737627e-06,7.66970682375582e-06,0.0001060446902973406,0.0036172305037867557,1.0250338986109468e-07,0.003264936926983797,0.0001419505337800451,0.0011733240243054757,0.00039398382201936294,0.11051699158662
56,0.010335607358304773,0.009126372499913242,0.3601620161918378,0.0003163277049680975,0.0007372835677023069,0.0006046419837363064,0.34096143431412396,7.41591957913264e-06,0.15182934161269485,1.3023864591444014e-05,0.000977573886888175,0.02134414574959619,1.978381013718708e-06,1.2335456705981003e-05,0.002006621365403948,3.334562418095609e-06,5.031585087269206e-06,0.00010764228705405548,0.003299979441499309,7.05929743396454e-08,0.003105543709291861,0.00011999510684293735,0.0005255829486548064,0.0003882516900600109,0.09400844821905742
57,0.009781750240361507,0.009310021923796674,0.32831861376913846,0.0003063328858093939,0.0006411653508227906,0.00046821080973677117,0.34884259384802385,7.84347592975296e-06,0.16128380524636438,1.3867607150054905e-05,0.0007597524707128871,0.031100597681374197,2.832824768168092e-06,1.1143944641415375e-05,0.0021345207129507974,4.016625751416043e-06,6.006594295106561e-06,0.00010244624117223462,0.0038943547316669484,8.476376999939627e-08,0.0037244630191887924,0.00016429072719102006,0.00048285435577000076,0.0003699869613975993,0.0982684431882157
58,0.011604050553936244,0.008893236526486258,0.3834594816991401,0.00031224574609558083,0.0007086290916022445,0.0006198079508395959,0.3243696638554709,6.991052891266336e-06,0.15983672696424067,1.203295736833344e-05,0.0010582004155443858,0.021298470957238295,2.0146109943436853e-06,1.0493757757599943e-05,0.0016468186987073777,3.2092394072964162e-06,4.4073030601585915e-06,0.00010609404701097968,0.0037187718091617923,6.606803174299069e-08,0.002915548720172124,0.00010592096283856447,0.0005400404001663279,0.0005231753114357016,0.078243901300402
59,0.010224539293478751,0.008259241592797038,0.4192076703341,0.0003121521885983301,0.0006404435208883779,0.0006058191154070324,0.3089751460118227,6.778727064232016e-06,0.151831186983732,1.2148040674571961e-05,0.000980726955504601,0.018462916067667732,1.7005920587248576e-06,8.956113646968925e-06,0.0016514966663345096,3.1894620825388536e-06,3.9019354423694515e-06,9.643187278897765e-05,0.003274754282430791,6.500063419190403e-08,0.0028988006015729035,9.929848742956479e-05,0.0005227236602324066,0.000494294430622339,0.07142561806298839
60,0.010019027275229365,0.009232033206727358,0.3631739742827102,0.0003185241789504408,0.0007404987483204588,0.0006084551242609301,0.3439214063824967,7.5209786166266375e-06,0.14921871758190222,1.319475980083437e-05,0.0009823465635621369,0.019324493528562605,1.6459058065119332e-06,1.2113923769932104e-05,0.0020490679924871497,3.280134536327008e-06,4.710395439091915e-06,0.00010655991650536386,0.003120805217456552,6.695930165251841e-08,0.003029945285682235,0.00011611268374023379,0.000527943952625801,0.000366226767865148,0.09310132825364416
61,0.010556367306868661,0.00839451802387331,0.40908677506020313,0.0003055086142516534,0.0006698588141510703,0.0005959112299143401,0.3169507106506892,6.82680096820839e-06,0.1496311325066036,1.2278001215447675e-05,0.0009770423476066483,0.018644091739985335,1.7807256952393892e-06,9.334141998745133e-06,0.0016820881764627522,3.1275655515903748e-06,4.1024461786668075e-06,0.00010027399607282915,0.0032436172245942185,6.572764479794209e-08,0.00284892606473303,0.0001005072940827012,0.0005169771068260486,0.00047489350854388267,0.07518328492528478
62,0.010019027275229365,0.009232033206727358,0.3631739742827102,0.0003185241789504408,0.0007404987483204588,0.0006084551242609301,0.3439214063824967,7.5209786166266375e-06,0.14921871758190222,1.319475980083437e-05,0.0009823465635621369,0.019324493528562605,1.6459058065119332e-06,1.2113923769932104e-05,0.0020490679924871497,3.280134536327008e-06,4.710395439091915e-06,0.00010655991650536386,0.003120805217456552,6.695930165251841e-08,0.003029945285682235,0.00011611268374023379,0.000527943952625801,0.000366226767865148,0.09310132825364416
63,0.010687972237236958,0.011551858192304152,0.357334205164581,0.0003196242409639718,0.0007741668886901014,0.0006055259245316622,0.3399213826562006,7.052807637266979e-06,0.15385333192170228,1.4477318639275358e-05,0.0009383997918049796,0.01929113680983479,1.608157968198972e-06,1.2318169720671858e-05,0.002098602259250747,3.1998958353189294e-06,4.674268840048638e-06,0.00010001996188606705,0.003462567304144486,7.140412600967447e-08,0.0030212645433348737,0.00011608482974355297,0.0005570151462003882,0.0003764137788655246,0.09494702632595715
64,0.008633557971526097,0.0092349609204557,0.35618168042569975,0.000354228491358234,0.000665761384094668,0.0006233272463021224,0.33813653838513935,6.915511604745164e-06,0.15136232807397623,1.5854179329593314e-05,0.0008409811425233809,0.022099712161698475,1.917644182773968e-06,1.271018120008756e-05,0.0020246620610521026,3.4092268869255565e-06,5.163316132571568e-06,0.00011244514181722388,0.0030174467727384613,7.705816367440795e-08,0.0043286004961839795,0.00013435285088502432,0.0005842702696023633,0.00037439152735065106,0.10124470756009565
65,0.0024401489583119815,0.0062498110632358515,0.3364828256824843,0.0004795064853631363,0.0003341999380402892,0.0005023292398216764,0.5068911396142173,1.0880427843779686e-05,0.022361709714344646,8.287536247570735e-05,0.000367335650811888,0.008852110787609188,5.118016632092507e-07,2.0574523596745212e-05,0.0012025567140527592,2.5407763978641707e-06,2.8409766703291344e-06,7.084452098405124e-05,0.0009969790771254482,9.771486646601781e-08,0.004200276765597481,7.298169480275385e-05,0.0011400679802590651,0.00011272463086874326,0.1071221298985553
66,0.015402953910710672,0.005093768222400038,0.5961053686948603,0.00012470321759260492,0.001064221546188491,0.0011279180683333116,0.1829343547734465,2.0216074592330576e-06,0.11728536627904634,1.7439281975811526e-05,0.0005374061273278768,0.004740925268298869,3.0029117957596973e-06,3.035712178388342e-06,0.0007961820280271739,2.4820449840780044e-06,6.012310800505657e-06,0.00011114683060175337,0.0028801592104442364,1.1311875444722239e-07,0.0029043378327678585,3.452619179102418e-05,0.0005525093690123648,0.0009274460270221879,0.06734259941418011
67,0.004512723824503698,0.004013675285795396,0.5157801198458773,0.001632404218583246,0.0008926751109984509,0.004266262000341083,0.17271224863781634,9.037654183001921e-06,0.0648852008937015,3.369450654468094e-05,0.0022625496081368768,0.016009423327369612,6.777424930295906e-06,6.523723627948584e-05,0.001020670585401279,4.713228364609162e-06,2.8430428185390933e-05,0.00018555795465958284,0.0017158863228081773,3.8672766753429687e-07,0.011239646350750376,0.00011138299926337704,0.006691291349432834,0.0010920503832194974,0.19082795409518627
68,0.01001373806826519,0.009166222043964512,0.36686358506969863,0.0003213662075879151,0.0007248413132601325,0.0006048244556015026,0.34198557630569326,7.481785116972358e-06,0.14853681034776597,1.3227004512722192e-05,0.000971174941925814,0.019371191246468723,1.635050324123005e-06,1.200565046111619e-05,0.0019971009144261467,3.2470263369761896e-06,4.641125872224239e-06,0.00010651332761147431,0.003092572561759347,6.640624965648261e-08,0.0030472284190545037,0.00011489973610325979,0.0005288925488492534,0.000368581899181354,0.0921425765439093
69,0.005270716207295951,0.008674271200036712,0.4434781963999949,0.0005550620563862798,0.00066766319503988,0.0007206375739846006,0.36487733144547263,1.1835607763245349e-05,0.10171012539856238,1.525063315433069e-05,0.00210668498368775,0.018779925721342825,1.2842536651659804e-06,1.2356179649721033e-05,0.0014412769192137537,3.996331089114413e-06,3.3035293951192866e-06,6.0616235211549216e-05,0.0034650075611586994,8.861577417779742e-08,0.0036584193643422196,9.956602864750665e-05,0.001240304513421192,0.0007877382232458854,0.04235834182246433
70,0.011223331496433384,0.003915711981868648,0.43353016907656744,0.00029003860307973974,0.0005647227486952565,0.00030327799878618366,0.3158622528923627,1.0019669869014975e-05,0.10528340613487024,9.177815814234278e-06,0.0004086611777336597,0.015203113512692037,1.640803413987347e-06,1.1048984630745329e-05,0.0018539207584276124,4.302797685429024e-06,3.5279517998827317e-06,0.0001319414794311609,0.0007146340367754311,6.773492214930267e-08,0.0011555506913333582,6.125769612815492e-05,0.00016428341087565106,0.00010199628384906066,0.10919194426195486
71,0.010019176725728664,0.012045369581382576,0.3158872342649911,0.00034120649522302165,0.001048260042121949,0.0005413965897742699,0.3754841561827305,6.489659199989139e-06,0.14816754910226315,1.5799390344300136e-05,0.0008452831888118723,0.020276475466006954,2.103361971938611e-06,1.4066988123884775e-05,0.001837623650454425,3.530706912443697e-06,5.518870401483345e-06,9.395245288058512e-05,0.00273151585223711,1.0653559811510685e-07,0.003160220504641927,0.00010155457028382422,0.0006842896837300614,0.0003775846302159859,0.10630953550396986
72,0.007099617167192081,0.003157144182676875,0.4661632507872119,0.00023233033409567633,0.00027891030164862497,0.0005169137958831808,0.2813255112235187,9.34100994770563e-06,0.18117234491370982,6.740231566355951e-06,0.0006812959776979524,0.017932354769513468,1.4214596341906031e-06,5.121164700895453e-06,0.001544393141344794,4.124319287511136e-06,1.625329614371761e-06,0.0001093464687738785,0.002378499427654107,2.6289501105558337e-08,0.0026564616911709904,7.572286749086934e-05,0.00011644041828049835,0.00029892983829676845,0.0342321328895876
