,0,1,2,3,4,5,6,7,8,9,10,11,12,13,14,15,16,17,18,19,20,21,22,23,24
0,0.0011404038233971553,0.26479799661983583,8.620610860784763e-08,3.087888692688808e-09,0.0013767848280316721,1.4626451950881458e-06,0.0013852554583027397,3.746130177130588e-08,0.00577829578630931,3.942574686570105e-05,3.0562620240843316e-06,4.271500650100349e-05,2.43921331755549e-07,0.0003926033401319661,2.792360440160252e-05,3.8050948732529247e-07,8.641259284468264e-07,1.3458041469355282e-05,0.0005369669689705999,1.290987773091542e-08,4.018484885145665e-06,0.001214634366031259,9.652487945553225e-07,1.036145190482561e-08,0.7232423951854767
1,0.0012433435008176515,0.27425563968019323,7.704017317287612e-08,3.036399272700568e-09,0.0016426746977289642,1.2547305999839435e-06,0.0013539507939125074,3.904260425548576e-08,0.009682035317383214,4.29025971473807e-05,2.8600694224062605e-06,3.247573175561019e-05,2.2301274901801864e-07,0.0003383863910426105,2.6301000095226477e-05,4.200904894990711e-07,8.134377952359876e-07,1.0889319374681439e-05,0.0005327378801771203,1.113456515752511e-08,2.743156897792149e-06,0.0011533706796611834,8.957308847620142e-07,1.124830020381694e-08,0.7096759406798299
2,0.0008988208068265128,0.185279244707039,6.494613687430838e-08,2.330301099687285e-09,0.001234850047616395,8.052487318751753e-07,0.0010711823576939042,3.0309465113228284e-08,0.006460570279981392,3.404557423288693e-05,2.075276800904251e-06,2.1802202089327608e-05,1.4022825706473074e-07,0.00034457189255166637,2.4485925374058075e-05,2.2095417242395026e-07,5.694401995690696e-07,9.454371182267502e-06,0.00035239805220229974,1.1000523685920905e-08,2.5325391936757617e-06,0.0011871271826830914,8.610293246247966e-07,9.606250737701867e-09,0.8030741236911696
3,0.000990598680009261,0.2514310216582537,7.434093557251582e-08,2.727920376763968e-09,0.0013589549357034135,1.0952920714039827e-06,0.001210132353458131,3.042572077520627e-08,0.005761152128148793,3.2270358729413045e-05,2.8752387155828764e-06,3.7387579624438696e-05,2.0123254325364721e-07,0.0003904176468845162,2.5730554950480246e-05,2.8082805025019567e-07,7.755564185830268e-07,1.1678966621218019e-05,0.00042301157191790365,9.811858435015646e-09,3.281343490342325e-06,0.0012317724957165573,8.589451812077962e-07,9.1690730889344e-09,0.7370863761580032
4,0.0009144616950151588,0.270794392225117,7.338209547273781e-08,2.9082205641267794e-09,0.001426805061130521,1.157084881601378e-06,0.0012070565250638884,2.9269659004057037e-08,0.005602839994028429,3.0034059276772138e-05,3.2678825219163945e-06,4.609954592021346e-05,2.52801336764466e-07,0.00044609718403603647,2.350738214099514e-05,2.8980130110773705e-07,8.680189644910515e-07,1.2719651620636572e-05,0.0004141887192019118,9.966635980732804e-09,3.3189528630695686e-06,0.001225104902303794,9.032410616048225e-07,8.680344792943522e-09,0.7178465110652584
5,0.0009580220217876185,0.18992794699983762,6.549923406841817e-08,2.8512605921657634e-09,0.00113956184161622,8.964571594401628e-07,0.0010881822061851471,2.7143668493649956e-08,0.0052825298615362054,3.3749507305037454e-05,2.446852200913328e-06,3.3779464330786856e-05,1.681250099098596e-07,0.00040580074716814837,2.025896391510439e-05,2.613790558225741e-07,7.555299062217701e-07,1.4585810459877383e-05,0.0003066285798758493,1.0496001970657583e-08,3.0115621936347915e-06,0.0010968676987428386,8.510759423855255e-07,1.006850285440166e-08,0.7996835792571033
6,0.000990598680009261,0.2514310216582537,7.434093557251582e-08,2.727920376763968e-09,0.0013589549357034135,1.0952920714039827e-06,0.001210132353458131,3.042572077520627e-08,0.005761152128148793,3.2270358729413045e-05,2.8752387155828764e-06,3.7387579624438696e-05,2.0123254325364721e-07,0.0003904176468845162,2.5730554950480246e-05,2.8082805025019567e-07,7.755564185830268e-07,1.1678966621218019e-05,0.00042301157191790365,9.811858435015646e-09,3.281343490342325e-06,0.0012317724957165573,8.589451812077962e-07,9.1690730889344e-09,0.7370863761580032
7,0.0006129107175338652,0.10620186683510403,3.0470523852261297e-08,1.9654294055375645e-09,0.0007817696815373668,5.714018425005774e-07,0.0008563683665991144,1.6250853729811314e-08,0.004647990700427772,2.8531592471715787e-05,1.412697804354873e-06,1.8143264934887832e-05,7.539152696459922e-08,0.0003307062399802224,1.5831339227963016e-05,1.962575940607372e-07,5.248012896807754e-07,9.575457673222104e-06,0.00019042233912662664,7.472912358387406e-09,2.065602361391594e-06,0.0008151400007327394,7.87361843980361e-07,7.158286011981716e-09,0.8854850466323821
8,0.0010025413735141957,0.2578129005632128,7.536056123886926e-08,2.7474682178594995e-09,0.0013774480757750632,1.123157753499004e-06,0.0012237186333769465,3.1091269579089824e-08,0.005753176577519288,3.2209480441461974e-05,2.9252506080400652e-06,3.876793451967789e-05,2.0852142259883807e-07,0.0003916455753406462,2.5822941730277294e-05,2.874248220900579e-07,7.912833674509156e-07,1.1800386834748772e-05,0.00043657393592810357,9.889190307069279e-09,3.345913298907766e-06,0.001239016567644798,8.666806689122195e-07,9.032427854267545e-09,0.7306447016013033
9,0.0009319399320276588,0.3055717004476924,6.296012724307315e-08,2.2864798388895082e-09,0.0013313495402933544,1.1850141270766791e-06,0.001271963812811913,2.8513694814264854e-08,0.004999948362537153,2.6275079025805144e-05,2.7938623502686967e-06,4.6672661412380455e-05,2.3570856782097112e-07,0.0003640310999239098,2.234335225134494e-05,2.9287081962761696e-07,7.978772530431358e-07,1.149221243038984e-05,0.0004529177218351658,8.152253786536548e-09,3.2151763963085564e-06,0.0010788965485990514,7.907306819727719e-07,6.110565063091956e-09,0.6838810499658425
10,0.000990598680009261,0.2514310216582537,7.434093557251582e-08,2.727920376763968e-09,0.0013589549357034135,1.0952920714039827e-06,0.001210132353458131,3.042572077520627e-08,0.005761152128148793,3.2270358729413045e-05,2.8752387155828764e-06,3.7387579624438696e-05,2.0123254325364721e-07,0.0003904176468845162,2.5730554950480246e-05,2.8082805025019567e-07,7.755564185830268e-07,1.1678966621218019e-05,0.00042301157191790365,9.811858435015646e-09,3.281343490342325e-06,0.0012317724957165573,8.589451812077962e-07,9.1690730889344e-09,0.7370863761580032
11,0.0009960660396782094,0.27099693235405203,7.791485140893718e-08,2.9009723771777156e-09,0.001409789765222326,1.1913066195175898e-06,0.001261506020671924,3.332902939894166e-08,0.005928941349055633,3.245850120303603e-05,3.041149136467083e-06,4.2484019331924206e-05,2.385080507939886e-07,0.00040811863432318817,2.5535331025899304e-05,3.0712995180156735e-07,8.582882799985859e-07,1.223109124262652e-05,0.00045314871854155254,1.0354949460381253e-08,3.354370419613706e-06,0.0012738714490256532,8.907092778464055e-07,9.059521446979913e-09,0.7171489017055659
12,0.0010214499947915285,0.2549402194502,7.653033239132557e-08,2.776027244678422e-09,0.0013460710966063827,1.1213801528875116e-06,0.0012496709501134556,3.2497402275989e-08,0.005970587450762131,3.361189824143588e-05,2.9357384519729024e-06,3.7703699817816775e-05,2.0645140709856864e-07,0.000387534596843466,2.694970113609609e-05,2.903916855137229e-07,8.042120296042822e-07,1.160753473314452e-05,0.0004461024944918341,1.0045271176982393e-08,3.363259252774787e-06,0.001310158651291088,8.684596869514322e-07,9.483722398519062e-09,0.7332086112555494
13,0.0010511786816689323,0.3440947461066856,9.404976795233538e-08,3.878155729859584e-09,0.00200871898965562,1.25473161231932e-06,0.0012237858470260591,2.9377473632443583e-08,0.005374077741960265,2.579169915129844e-05,7.780275848729448e-06,6.3815581117196e-05,3.649567272295607e-07,0.0005713010735766897,3.978648286735135e-05,3.2011985722022697e-07,9.923671633808375e-07,1.2691953276403718e-05,0.0005183315378916932,8.911071351877802e-09,4.730655882621207e-06,0.0013552172153261596,1.2719290013215717e-06,1.1962816238138268e-08,0.6436436938744189
14,0.001030642680244869,0.43490571991957766,7.577716416515974e-08,2.2663349994258084e-09,0.0016947333065683477,1.6372908126517962e-06,0.001146253692401392,2.5084913246684553e-08,0.004049530123132349,2.3965187944210743e-05,3.895900767817957e-06,7.200302974274819e-05,3.4925878341825526e-07,0.0004111535808713078,2.11235077282334e-05,3.306108474122076e-07,8.293152665426045e-07,1.208311331390614e-05,0.0006596158016191325,8.238209752739748e-09,3.932803972175394e-06,0.0009097228118544988,7.713179990359025e-07,5.549909762211425e-09,0.5550515898300203
15,0.000990598680009261,0.2514310216582537,7.434093557251582e-08,2.727920376763968e-09,0.0013589549357034135,1.0952920714039827e-06,0.001210132353458131,3.042572077520627e-08,0.005761152128148793,3.2270358729413045e-05,2.8752387155828764e-06,3.7387579624438696e-05,2.0123254325364721e-07,0.0003904176468845162,2.5730554950480246e-05,2.8082805025019567e-07,7.755564185830268e-07,1.1678966621218019e-05,0.00042301157191790365,9.811858435015646e-09,3.281343490342325e-06,0.0012317724957165573,8.589451812077962e-07,9.1690730889344e-09,0.7370863761580032
16,0.0007838865485907349,0.1565001465479318,4.9790928390056875e-08,2.435151401211394e-09,0.0008551725750586732,7.168818836379169e-07,0.0009994210118337396,1.8857714600007177e-08,0.002897560199489047,3.473868000964735e-05,2.27899621151171e-06,4.446770936282952e-05,1.3576092647524365e-07,0.00044407296725127625,1.558690880822493e-05,2.145055931011523e-07,7.008084445845642e-07,1.839926217403117e-05,0.0002501300486779476,9.334467266021222e-09,4.765961514487679e-06,0.0011065173550813998,7.111445452100384e-07,7.105131130544103e-09,0.8360402886032189
17,0.0008177629104817875,0.2037344180363527,4.871060777464432e-08,2.0468848413213622e-09,0.0009441566985510201,6.136427154329268e-07,0.0008413530080706977,2.4270619265969067e-08,0.0030288201255295037,2.0680131397466538e-05,2.138972153936704e-06,5.826961426026723e-05,2.1677412195634948e-07,0.00043368062149466366,1.1187146219291288e-05,1.9164658750479636e-07,8.162293255053542e-07,1.83251832626731e-05,0.00029231482470843854,8.419065480247518e-09,3.365244463752119e-06,0.0010769388947518474,8.217774191120606e-07,4.667147172351725e-09,0.788713840403808
18,0.0006211445106507718,0.13527692742728137,2.51680417217883e-08,1.2607832126274316e-09,0.0004322163879186358,4.6618425524660235e-07,0.0006828908478745543,1.4406782466694421e-08,0.0031613759338235668,2.2423988031587276e-05,1.3091134078290641e-06,2.8137081143567568e-05,1.0717281327358942e-07,0.00032148165333342066,8.995893072038513e-06,1.3583781936290484e-07,7.298018947980539e-07,1.2865514542260929e-05,0.00015985541231280955,5.7739115507067845e-09,1.8382329458752032e-06,0.0009391643926051899,5.943920958650095e-07,4.729290897638213e-09,0.8583272888833681
19,0.0009938501220875127,0.3117410189534654,1.0172426457421423e-07,3.540061483434664e-09,0.0019246636695515792,1.216055916801531e-06,0.001429700765229367,4.241672491982142e-08,0.006065064233144503,3.319497258371466e-05,3.339766016279739e-06,5.5672085449458454e-05,3.1182271487919e-07,0.00047511408826327695,2.667017253178068e-05,3.3961527953000905e-07,8.90625787718699e-07,1.3993113959384743e-05,0.0005212243186592502,1.173963392886591e-08,3.820580629626432e-06,0.0015081524543942148,8.489925032347254e-07,8.519930332938776e-09,0.6752007456512172
20,0.0008841894743148098,0.23610558727684247,9.897779094959938e-08,3.4964066655573872e-09,0.0013234570370811343,1.276229902133359e-06,0.001692967162278091,4.565411365107744e-08,0.005942429608833021,3.795609252147558e-05,3.87504177547242e-06,3.1848711595499306e-05,2.0312669402917768e-07,0.0004269998056980152,5.743758105089169e-05,2.7362138540858644e-07,8.578594559464878e-07,8.483725785731255e-06,0.000551906585446041,1.1869891889603994e-08,4.8429188834402105e-06,0.0022373180888549398,1.1207821256106671e-06,1.2828964802146548e-08,0.7506867964423078
21,0.0011255124115300446,0.26165889654112584,6.859778405000259e-08,2.7518038048889173e-09,0.0015534027922906501,9.262280534926994e-07,0.0008778057159757029,2.2066410083199688e-08,0.004550708235517409,3.560106301778722e-05,3.209669322042959e-06,5.373198747511912e-05,2.0896093927485913e-07,0.0004582978628833408,1.626117543057905e-05,2.741895346471698e-07,7.38371029000581e-07,1.681521781763678e-05,0.00039240731100025636,9.724089617863745e-09,4.220470247977102e-06,0.0009673885292500531,7.587926432925071e-07,8.462685075528867e-09,0.7282827228721432
22,0.0012004527942111624,0.22277219118237873,9.560658424344877e-08,3.6422551557914553e-09,0.0012813436805081738,1.1909061185398523e-06,0.001180557773448146,3.369898159297316e-08,0.005419217781539712,4.8771621268861684e-05,3.837609282600459e-06,4.687579318045163e-05,2.0725232769344616e-07,0.0004839703233489984,2.96301838194498e-05,3.3988134543207506e-07,1.065257261123222e-06,1.6290637108151702e-05,0.0004539148244273993,1.2564139163965176e-08,4.947071189753045e-06,0.001735868848886004,9.34762389101749e-07,1.3616343911074416e-08,0.7653182326876564
23,0.000990598680009261,0.2514310216582537,7.434093557251582e-08,2.727920376763968e-09,0.0013589549357034135,1.0952920714039827e-06,0.001210132353458131,3.042572077520627e-08,0.005761152128148793,3.2270358729413045e-05,2.8752387155828764e-06,3.7387579624438696e-05,2.0123254325364721e-07,0.0003904176468845162,2.5730554950480246e-05,2.8082805025019567e-07,7.755564185830268e-07,1.1678966621218019e-05,0.00042301157191790365,9.811858435015646e-09,3.281343490342325e-06,0.0012317724957165573,8.589451812077962e-07,9.1690730889344e-09,0.7370863761580032
24,0.0008577390996306161,0.25504738254543036,6.945508016153422e-08,3.50910063331391e-09,0.002007052746767143,1.048527493173595e-06,0.0011660278654404357,2.74176346781886e-08,0.0056729993051048856,2.7457696785764973e-05,3.25194923896641e-06,5.2895968208629896e-05,2.752313515825261e-07,0.0005419651110083937,1.9045207796317328e-05,3.303881994798605e-07,7.792082765611999e-07,1.527615224216071e-05,0.00037201127935324903,1.0459978801461984e-08,3.0574858991317485e-06,0.0009824175427264716,9.519794043863977e-07,7.986178525308986e-09,0.7332279158816696
25,0.001392578933376407,0.2792803327124897,1.1320046642704426e-07,4.95196400257539e-09,0.0018322915163962448,1.2788823719939555e-06,0.0018411410946323101,6.256023416764243e-08,0.006181799909283352,3.739647675457151e-05,5.127356005852152e-06,6.263581195265066e-05,3.8668651841245385e-07,0.0004972018643785423,3.700337010123798e-05,4.3897704933779914e-07,1.1814931811281099e-06,1.7772902049394587e-05,0.0006783834801353964,1.4172814868014685e-08,5.518592704059473e-06,0.0017680129420669648,1.303200673815462e-06,1.1117635065206213e-08,0.7063580077947642
26,0.0013255536743568574,0.23221225284385516,6.685760822325591e-08,2.9584552661938558e-09,0.001305375845170502,9.736439737626725e-07,0.001002621572204943,3.330355324922778e-08,0.010078892387682753,3.0841831481380735e-05,2.6163341864619116e-06,2.3657410316393703e-05,1.7151843007653852e-07,0.0002980763539927054,2.3533336566997135e-05,2.897165578885017e-07,8.086956155713905e-07,1.0325974740483448e-05,0.0003314961266815271,9.532824709969876e-09,2.090384891820067e-06,0.0009016216753877476,1.0706345355995e-06,1.4782715637858595e-08,0.7524476026042143
27,0.0007985918487906401,0.1988046531261583,5.728158241827423e-08,2.360492071303317e-09,0.0010377028887163838,8.806303674484105e-07,0.001209190785028155,2.7520849989461852e-08,0.0073093705680985525,3.4915147988445805e-05,2.3891184360689892e-06,2.222741095872875e-05,1.443164518295127e-07,0.00034943995852464,2.8934656230009577e-05,2.3002038658603498e-07,7.071971773342799e-07,8.209737488135026e-06,0.00031502893249646044,9.024007366442006e-09,2.3099806755888575e-06,0.0013837273355485184,8.070355416771886e-07,1.1053610424647394e-08,0.7886904320643944
28,0.000990598680009261,0.2514310216582537,7.434093557251582e-08,2.727920376763968e-09,0.0013589549357034135,1.0952920714039827e-06,0.001210132353458131,3.042572077520627e-08,0.005761152128148793,3.2270358729413045e-05,2.8752387155828764e-06,3.7387579624438696e-05,2.0123254325364721e-07,0.0003904176468845162,2.5730554950480246e-05,2.8082805025019567e-07,7.755564185830268e-07,1.1678966621218019e-05,0.00042301157191790365,9.811858435015646e-09,3.281343490342325e-06,0.0012317724957165573,8.589451812077962e-07,9.1690730889344e-09,0.7370863761580032
29,0.000990598680009261,0.2514310216582537,7.434093557251582e-08,2.727920376763968e-09,0.0013589549357034135,1.0952920714039827e-06,0.001210132353458131,3.042572077520627e-08,0.005761152128148793,3.2270358729413045e-05,2.8752387155828764e-06,3.7387579624438696e-05,2.0123254325364721e-07,0.0003904176468845162,2.5730554950480246e-05,2.8082805025019567e-07,7.755564185830268e-07,1.1678966621218019e-05,0.00042301157191790365,9.811858435015646e-09,3.281343490342325e-06,0.0012317724957165573,8.589451812077962e-07,9.1690730889344e-09,0.7370863761580032
30,0.000990598680009261,0.2514310216582537,7.434093557251582e-08,2.727920376763968e-09,0.0013589549357034135,1.0952920714039827e-06,0.001210132353458131,3.042572077520627e-08,0.005761152128148793,3.2270358729413045e-05,2.8752387155828764e-06,3.7387579624438696e-05,2.0123254325364721e-07,0.0003904176468845162,2.5730554950480246e-05,2.8082805025019567e-07,7.755564185830268e-07,1.1678966621218019e-05,0.00042301157191790365,9.811858435015646e-09,3.281343490342325e-06,0.0012317724957165573,8.589451812077962e-07,9.1690730889344e-09,0.7370863761580032
31,0.001487653746320086,0.2709872090759938,1.0933010317301899e-07,2.6636078237614445e-09,0.0014451099677608547,8.776210204314376e-07,0.0010626472007169143,5.0339028778416715e-08,0.004830873675488862,2.953363305274257e-05,2.3982398483768804e-06,4.427462981881115e-05,2.631825134674669e-07,0.0003275936518856898,1.9316500260907023e-05,2.622180471051409e-07,7.897344599951005e-07,1.5482039407037497e-05,0.0006065456800833402,1.1593750298876453e-08,3.7067883415154045e-06,0.0012680234424766045,8.499201707254807e-07,7.4322474808297215e-09,0.7178664076935951
32,0.0010150550265399076,0.2598766893658454,7.926344851958647e-08,2.7144953683273076e-09,0.001404336782829411,1.1545299503473112e-06,0.0012375955475620107,3.3571079409369394e-08,0.005705395477590612,3.3038415524302566e-05,2.938513092594647e-06,3.895852912710721e-05,2.1800397132125477e-07,0.000391699973268403,2.6766239938221903e-05,2.9691520613149674e-07,7.924587008477559e-07,1.1523165530710037e-05,0.0004911384850098418,1.0551144139719452e-08,3.439150085016319e-06,0.0013061769601097313,8.948174778599746e-07,8.930295820536363e-09,0.728451756612177
33,0.0009735876787999718,0.3370651873935539,6.507467514132144e-08,3.0400537454427775e-09,0.0010786494357198707,1.2959067898249746e-06,0.0018568871332482674,5.832717676190846e-08,0.0064439509640949475,3.399734790170266e-05,3.1493093619722397e-06,0.0001048205882823764,6.251589247823138e-07,0.0005267335150797174,1.6066252478512023e-05,5.110320153162287e-07,2.053222399342073e-06,1.985557340826536e-05,0.0006122402361236278,1.1356550591715532e-08,2.865966452317639e-06,0.0022347018378750354,8.203444255511203e-07,5.1270021162460175e-09,0.6490218581776064
34,0.0008519179372089327,0.22576638828560014,7.067600550907004e-08,2.968845053258687e-09,0.0012625202551117354,1.1879376104692462e-06,0.0013569456495871142,2.92770581783888e-08,0.005308654071619875,3.393167389994415e-05,2.63336327937874e-06,3.874002832260087e-05,1.894766523573481e-07,0.0004234314932104556,2.5920845565075626e-05,2.971481805583838e-07,8.309842911535832e-07,1.2700186069801572e-05,0.000361979730006598,1.041446988158408e-08,3.4243335034817695e-06,0.0012679954264088243,8.411590135894221e-07,8.76034072459937e-09,0.7632793479181387
35,0.0011457261760447542,0.25734500704918584,7.152875942418604e-08,2.6063846303702597e-09,0.0012478925167257074,1.015052380242483e-06,0.0011671707187001575,3.418665216124953e-08,0.006240974925010482,3.387115047393719e-05,2.621406941908881e-06,3.866432999842105e-05,2.045495409946697e-07,0.00035398606314529854,2.230658365253475e-05,2.925509082909606e-07,8.31136305314074e-07,1.2801775456940905e-05,0.000431277855609816,9.649009397390482e-09,3.1310504597811655e-06,0.0012419559836815953,8.137154755351301e-07,8.857104825470332e-09,0.730709328582392
36,0.0009628539741370208,0.26878416300561314,4.44428697458774e-08,2.7797216638078887e-09,0.0007711480112377157,1.2065551276947173e-06,0.001944055515900452,7.223530613368253e-08,0.009178886705560845,3.026543691730451e-05,2.483357595470655e-06,6.86420171328012e-05,3.8626523685231717e-07,0.00039132156162575613,2.3786154655576996e-05,5.328087889669665e-07,2.2708043656332325e-06,1.3577343794404709e-05,0.0005179142086236406,9.901671769797993e-09,2.248695184282208e-06,0.002498626861817691,1.0979741373850953e-06,5.859194023183643e-09,0.714804397523784
37,0.0013836920124261625,0.20311892175591595,8.99699598837043e-08,3.3839679850804945e-09,0.001325410660945691,8.476732049327751e-07,0.0010087916128555946,2.7336294069064527e-08,0.0050120508772803305,3.494297781319996e-05,3.450202239497432e-06,3.646541324455875e-05,1.7542870732622277e-07,0.00041174325744741517,2.397543346578764e-05,2.687166290410505e-07,7.62876605476112e-07,1.754557645342381e-05,0.00034882323809983515,1.0007189966249647e-08,3.47407803829776e-06,0.0010588976873982764,8.700805735822411e-07,1.5022776348681857e-08,0.7862087447204674
38,0.0011778822694527966,0.3134311254960511,9.306441396383926e-08,3.466477155879666e-09,0.0013869411609424328,2.45965560404787e-06,0.002160471123801735,5.247858073144417e-08,0.005029677627679057,3.658043917197822e-05,3.9968507232991634e-06,6.158202674076076e-05,3.699579619910029e-07,0.0004054498581160843,4.042651486157578e-05,6.140499911590502e-07,1.1952722798259399e-06,1.3838904472272357e-05,0.0008674961952269519,1.4622267323662733e-08,5.362042405359284e-06,0.0014480799167277591,1.3379576472244e-06,8.533788313976041e-09,0.6739249405146152
39,0.0009776619112582593,0.23977224595683752,7.30272721629225e-08,2.779982639946245e-09,0.0012684895811008938,1.1334424238383535e-06,0.0012690369212395665,3.325313774506083e-08,0.0054083325558886945,3.1979951727207785e-05,2.7165263102305663e-06,3.852780825324909e-05,2.039156304777982e-07,0.00038231601610562844,2.5815054180364892e-05,2.95419670801499e-07,8.216934990747188e-07,1.2061500003452714e-05,0.0004337068341058656,1.0267963835280927e-08,3.4872616413629597e-06,0.0012676033676211483,9.159280677899838e-07,8.59373870893437e-09,0.7491025204323394
40,0.000990204612001284,0.2519442165605472,7.454591146441783e-08,2.725041903523064e-09,0.0013616281996619813,1.0958804084631286e-06,0.00120847559349802,3.038533252602333e-08,0.005747278272358445,3.223171849557862e-05,2.8765737749914127e-06,3.74465853555436e-05,2.0132970612282688e-07,0.00039069815608162243,2.5739042066149147e-05,2.8030901495771567e-07,7.745646756745815e-07,1.167477428512726e-05,0.00042350782641116855,9.806647560399228e-09,3.2843331870762023e-06,0.0012318502077414046,8.573130657572035e-07,9.156922378677175e-09,0.7365855515278076
41,0.0009721791434791043,0.27565388099587396,7.386279498153257e-08,2.738884392684734e-09,0.0015367095736433648,1.1181828526663894e-06,0.0011912133305153005,2.924048090942083e-08,0.006895773157862183,3.2056537040031965e-05,2.7462805242944294e-06,3.456916759771186e-05,2.009383248025356e-07,0.00037758940832098266,2.466780085961151e-05,2.8119067224222415e-07,7.362140578220404e-07,1.0541059386555318e-05,0.00040102331130113306,9.196556294100469e-09,2.8031369222933544e-06,0.00112383282241247,7.893327893690253e-07,9.236210125760191e-09,0.7117371641406374
42,0.0014152122117212127,0.3967621094682099,1.7885944207824746e-07,3.1402067485604403e-09,0.0015160719810284392,1.6259680283845862e-06,0.0017236935968727187,1.1846379104790059e-07,0.007057784373389537,5.557541026392898e-05,3.5057639947173823e-06,6.735800748312163e-05,3.9720617601052634e-07,0.0003836844138152563,4.8831935847353205e-05,3.958939206908038e-07,1.4018803546111963e-06,9.935314016637715e-06,0.001641804026674142,1.8242768082379968e-08,7.397417024370662e-06,0.004791988417329755,9.307726005771215e-07,8.92551405240052e-09,0.5845099683095267
43,0.001130612918845307,0.17518358252430383,8.542101584121339e-08,3.3173858048161906e-09,0.0012152186804718303,1.1838999677709514e-06,0.0013573441068504362,4.1181326549301926e-08,0.00934903994803248,8.224727846831948e-05,2.29954370931523e-06,1.939276003823453e-05,1.3948347683815642e-07,0.0003630911000705811,3.1025774526187545e-05,3.4634717338095565e-07,7.562194908623654e-07,1.0250864340068407e-05,0.0004541387244768421,1.7135129471372448e-08,3.6273514409611226e-06,0.001762110845110526,8.424323899366695e-07,1.6937471323122177e-08,0.8090325852044874
44,0.000990598680009261,0.2514310216582537,7.434093557251582e-08,2.727920376763968e-09,0.0013589549357034135,1.0952920714039827e-06,0.001210132353458131,3.042572077520627e-08,0.005761152128148793,3.2270358729413045e-05,2.8752387155828764e-06,3.7387579624438696e-05,2.0123254325364721e-07,0.0003904176468845162,2.5730554950480246e-05,2.8082805025019567e-07,7.755564185830268e-07,1.1678966621218019e-05,0.00042301157191790365,9.811858435015646e-09,3.281343490342325e-06,0.0012317724957165573,8.589451812077962e-07,9.1690730889344e-09,0.7370863761580032
45,0.0011944946746362752,0.2891747141306513,1.3586880889529162e-07,4.992246692046394e-09,0.0017696475637001502,2.4742813327393867e-06,0.0029802709070482223,8.868120652609548e-08,0.00952808468924756,5.186535722890853e-05,4.0227116756403355e-06,3.477488232400334e-05,3.0514042647084365e-07,0.0003938479767771839,8.417736528210214e-05,6.6366490174498e-07,1.0963352186526665e-06,9.627560756268074e-06,0.0008783983532833355,1.7793986825326013e-08,4.60645812639877e-06,0.0021998380467460193,1.3576892155403626e-06,1.559213050147976e-08,0.6916854692830421
46,0.0015705193052006682,0.30811718538637195,9.908073554780668e-08,4.8273320081557195e-09,0.0009440453140260562,2.2255780253342444e-06,0.0015860908289456572,6.854338916502163e-08,0.007331385386036984,4.553812007793249e-05,4.1937975357093355e-06,7.741539231806196e-05,3.890846514205313e-07,0.0004424355056525021,3.3321310332078165e-05,5.95523035129631e-07,2.598834366691102e-06,1.8902377220961935e-05,0.0006095977444150749,1.4374049064659856e-08,5.144043280890743e-06,0.002134383856106623,1.3704361588519575e-06,1.4191289393693296e-08,0.6770724611594463
47,0.0013797795607639318,0.36014107729611816,6.112835809666254e-08,1.3173974655822555e-09,0.0006056614698839605,8.948877059241482e-07,0.000930882334306887,4.319784325973098e-08,0.004844731008943557,3.547799026409657e-05,1.825780566051092e-06,5.692067073011417e-05,2.361930207900735e-07,0.00024172488487279688,1.554663816889465e-05,2.4525026526647e-07,1.206211817632907e-06,1.2228664548912753e-05,0.0005995341197503912,7.735050455047742e-09,3.2877113657695505e-06,0.0018704728896305506,5.117502127387625e-07,5.152740143436062e-09,0.6292576361556742
48,0.0019091706978082892,0.5549637052036397,1.1852316156805108e-07,3.753019977104861e-09,0.0010118558196046633,3.713725719065842e-06,0.002773200713117213,1.5917043966010023e-07,0.007991752251192977,3.193247989083034e-05,3.6492197170338004e-06,8.646804801726304e-05,8.050032986540608e-07,0.00023604432393091872,4.072298104677866e-05,8.474954901012095e-07,2.7320360025482275e-06,1.1084142640304896e-05,0.0017643189642476604,1.250428326283077e-08,4.624895380797835e-06,0.0018875303068092836,1.2184229915644074e-06,6.368106349145266e-09,0.4272743229504436
49,0.0009065511793028493,0.30897083519915897,1.1468735380840222e-07,2.7656053550807477e-09,0.001354932836421606,1.4454575030730778e-06,0.0011554292666561775,3.128120868517264e-08,0.004265499517909385,3.442273996141886e-05,3.0340223112676152e-06,5.69218116182757e-05,2.5129395810022457e-07,0.00047388519680624346,2.662654282243303e-05,2.539462569249358e-07,9.647836369366465e-07,1.3552603015015083e-05,0.0004950878163153874,1.1604842542973705e-08,4.417110053624883e-06,0.0016866978497726691,7.029071337114236e-07,8.44811069146096e-09,0.6805483191322649
50,0.0011696614634449343,0.4287362746392429,1.2384316583074193e-07,4.537176121091405e-09,0.0020928566105131398,2.0631889779443813e-06,0.0010032685152862443,3.1219012052087094e-08,0.005380386628740824,2.2811917539397805e-05,5.86402847576361e-06,8.189636961611074e-05,3.7861674838221355e-07,0.0005289474622864068,3.142229322031477e-05,3.5280994688105875e-07,1.3243768845874576e-06,1.3893162955438643e-05,0.0005140522301913442,9.38633723977651e-09,5.034981678135921e-06,0.0010393838173433996,1.218790663100063e-06,1.1284236110202915e-08,0.5593687278263174
51,0.0010273756833121725,0.5488253763955947,1.4277272460308225e-07,5.746250650217378e-09,0.002418179950520495,1.2457599825457318e-06,0.0013066041032075188,4.878165295598065e-08,0.0146152758463893,4.915956665944458e-05,4.246869871515309e-06,3.976505653734569e-05,3.5316765898479487e-07,0.0004784004931555392,3.243908277964965e-05,2.830814454239806e-07,1.1198826454123891e-06,7.672857906883174e-06,0.0003591963538349709,6.536570231471905e-09,3.407869504697677e-06,0.0017644253146295752,4.872230189296344e-07,1.456313634451128e-08,0.42906476704101026
52,0.0015802000925567877,0.1757987230002233,1.1545706248160026e-07,5.923677317180403e-09,0.0017221751869359533,1.6467883259042587e-06,0.0014010321627908279,3.5642031082910876e-08,0.008999644126957173,7.750793248197507e-05,5.4087339836931174e-06,3.567756721379996e-05,2.5991412625597594e-07,0.000617124671200182,3.2436114656004254e-05,6.237408597944363e-07,1.0866260671968353e-06,2.3764519696685573e-05,0.00041124675693912557,2.2215235889032093e-08,3.7015441148225137e-06,0.0013220191022709426,1.311979887791282e-06,3.073625470969859e-08,0.8079641994644503
53,0.001033639018780217,0.2644619315423046,7.911007492523574e-08,2.7117523529593505e-09,0.001401520496331226,1.1087892204715453e-06,0.001149897717218241,3.031402473413585e-08,0.005653019601258914,3.245672610513766e-05,2.949936057642496e-06,3.962230066035601e-05,2.062604626901142e-07,0.0003938883023015831,2.5229865740306238e-05,2.755703528024539e-07,7.87644423087855e-07,1.1905757599658552e-05,0.0004431578361687817,9.784992728720085e-09,3.4108635400768946e-06,0.0012529965419294852,8.349004756210138e-07,9.176207515414298e-09,0.7240910292320168
54,0.05344729079626087,0.3693469530070392,0.0010858319587875856,6.96556380724105e-06,0.23978664979316708,2.3878626854696423e-05,0.0059783668146965105,1.1595269560239639e-05,0.0075977897597696315,0.00036304786981572983,0.004499880461050987,0.00014028361361873796,2.6246217139530944e-05,0.004391313776347955,0.015303619867909036,4.445254289247985e-06,7.971838372149264e-06,8.776173622877345e-05,0.050592989879204554,1.0611301943985503e-06,0.0017061260210750472,0.018538002820964263,7.627341380855327e-05,1.0151637767797962e-05,0.22696550287227024
55,0.0010819675644981733,0.24301585431672365,9.730626047143632e-08,3.441773111313032e-09,0.0014556869578969448,1.4048209864758898e-06,0.0014515424462384007,4.122541191796296e-08,0.006244585377174997,4.090123409446979e-05,3.3982533363095514e-06,3.36266260351744e-05,2.1594359421151043e-07,0.0004223066782046788,3.78530937150498e-05,3.37879738587007e-07,8.657329118015232e-07,1.1009541813118889e-05,0.0005420035175972232,1.2698805401821881e-08,4.123778504140028e-06,0.0016067943081503992,1.0819370035004657e-06,1.2015012471289682e-08,0.7440442733045194
56,0.0009873697311465624,0.2669397611956382,7.645556238810426e-08,2.860255855626131e-09,0.001413410322439826,1.1454553173854297e-06,0.0012402237727634749,3.148137174401074e-08,0.005934736826228483,3.1964968805075017e-05,3.0824291302529824e-06,4.1465088318496766e-05,2.3299155657596793e-07,0.0004095014910633677,2.5154691950840416e-05,2.9751780572562614e-07,8.268642389500218e-07,1.2346230934415439e-05,0.000428694206076115,1.0084018772930479e-08,3.2354502220900343e-06,0.0012343289736177136,8.693568258163343e-07,9.225791193671386e-09,0.7212912223289207
57,0.0005130494782412668,0.0892320732607586,1.852751472500133e-08,3.7103171803825197e-09,0.0006215820133877811,7.630287061852184e-07,0.0012336182571249207,9.277524020554617e-09,0.013301098788423546,3.063644566170962e-05,1.7685420908653796e-06,3.409061209291091e-06,4.7601237288965406e-08,0.00029519679351504513,2.5810540681136678e-05,1.9773969497687547e-07,4.0253258157008984e-07,5.675871478993656e-06,3.5935358671429214e-05,4.214858525388383e-09,7.745858409739509e-07,0.0002775711665662395,1.0561109501085943e-06,2.4766922943334943e-08,0.8944192723260407
58,0.001022142277044501,0.2435810973340988,8.008490214939656e-08,2.946438324154341e-09,0.0013424163054431262,1.12664642251134e-06,0.0012197067158920794,3.066310831809251e-08,0.006276853705508353,3.511535889059076e-05,3.1587779472271453e-06,3.520464099043549e-05,2.022906398176063e-07,0.0004016176580830133,2.8682020878025445e-05,2.8868803293268765e-07,8.035807234501005e-07,1.1663870619715567e-05,0.00041021624759025687,1.0461616710553713e-08,3.2277812109563324e-06,0.0012958986471403517,8.879440224319613e-07,1.1703834065600427e-08,0.7443295536489218
59,0.0010187836931328483,0.23065239811697014,8.568841359497547e-08,3.045693494940497e-09,0.0013753532823215578,1.0833339002773554e-06,0.0011816485955821012,3.037524624713968e-08,0.006260937095181941,3.698356893784559e-05,3.124258174742884e-06,3.247015925877331e-05,1.8365844258918707e-07,0.00040294860726573946,3.0152399798321932e-05,2.7529831324323473e-07,7.690606224026743e-07,1.143003348426421e-05,0.0004011131460351544,1.0817024915936177e-08,3.340063101819094e-06,0.0013273080630072712,8.792418878552755e-07,1.2827448619329266e-08,0.7572586755707543
60,0.000990598680009261,0.2514310216582537,7.434093557251582e-08,2.727920376763968e-09,0.0013589549357034135,1.0952920714039827e-06,0.001210132353458131,3.042572077520627e-08,0.005761152128148793,3.2270358729413045e-05,2.8752387155828764e-06,3.7387579624438696e-05,2.0123254325364721e-07,0.0003904176468845162,2.5730554950480246e-05,2.8082805025019567e-07,7.755564185830268e-07,1.1678966621218019e-05,0.00042301157191790365,9.811858435015646e-09,3.281343490342325e-06,0.0012317724957165573,8.589451812077962e-07,9.1690730889344e-09,0.7370863761580032
61,0.001087123901344185,0.24315029914757658,9.408022167258561e-08,3.1511124193963984e-09,0.001434575748304594,1.151342646999333e-06,0.0011973503000453191,3.312632404686417e-08,0.0060903029033831805,3.67610228524005e-05,3.1632175551022016e-06,3.501638045506016e-05,1.9358794334453645e-07,0.0004027880270318443,3.07501487417291e-05,2.811498024203312e-07,7.927437339639903e-07,1.2029596007321043e-05,0.0004341781509027768,1.1180648355923194e-08,3.598121919923728e-06,0.001366426349739625,8.876433086933154e-07,1.2377524430148444e-08,0.744712176600874
62,0.000990598680009261,0.2514310216582537,7.434093557251582e-08,2.727920376763968e-09,0.0013589549357034135,1.0952920714039827e-06,0.001210132353458131,3.042572077520627e-08,0.005761152128148793,3.2270358729413045e-05,2.8752387155828764e-06,3.7387579624438696e-05,2.0123254325364721e-07,0.0003904176468845162,2.5730554950480246e-05,2.8082805025019567e-07,7.755564185830268e-07,1.1678966621218019e-05,0.00042301157191790365,9.811858435015646e-09,3.281343490342325e-06,0.0012317724957165573,8.589451812077962e-07,9.1690730889344e-09,0.7370863761580032
63,0.0009818051755396521,0.2629858136874424,7.259016869114154e-08,2.6074002719513646e-09,0.0013428575848043781,1.0761700647002203e-06,0.0011833548042608838,2.955182075437143e-08,0.0058140046546611744,3.1367316259724666e-05,2.826904298983595e-06,3.736161842497041e-05,2.011338307363456e-07,0.00038121878952948986,2.5020434261510745e-05,2.694274940985272e-07,7.682359772999612e-07,1.1272666384222605e-05,0.000415499934211497,9.266269348338865e-09,3.1669689488052716e-06,0.0012113079817998615,8.181018614455741e-07,8.852045309613816e-09,0.7255698655422397
64,0.0010241497423627314,0.25968521459009297,8.778835937505375e-08,3.045268192380964e-09,0.0014714148229130926,1.1529157863229098e-06,0.0012167997170520102,3.2822997592584426e-08,0.005346450902438948,3.470926332990439e-05,3.1221990098733435e-06,3.921347228053482e-05,2.0328992422933166e-07,0.00039809779948644605,2.8454026893069717e-05,2.704515225265469e-07,7.636941859261747e-07,1.1691052915781078e-05,0.0004663426902244722,1.0764216597037346e-08,4.379496327715808e-06,0.0013128783488129188,9.100486990505223e-07,9.886489577058085e-09,0.7289536371684101
65,0.0009257024336715763,0.28276139941728384,1.309787693776526e-07,3.825365893385414e-09,0.0016123565521098636,1.8119835691864196e-06,0.0015838239049473183,4.072079567873184e-08,0.005524445300475453,3.685000928736309e-05,3.939320823409636e-06,3.6358520482040964e-05,2.301301479166211e-07,0.00046790014600856336,5.387027158181172e-05,3.1022266098750764e-07,8.984295360544459e-07,9.581671892416733e-06,0.0005675477681557509,1.26424017879594e-08,4.86032758534492e-06,0.001761000939561931,1.0872606590809275e-06,1.2756047846102414e-08,0.7046458244661795
66,0.000987623608756117,0.27043718995050725,1.0676637499800091e-07,4.130164817657656e-09,0.0024383695097195,1.0331340571747136e-06,0.0008832425505515228,2.0136575947605855e-08,0.00509484365580847,4.647083303624703e-05,4.608965175965171e-06,5.7466363833513585e-05,2.296423106661727e-07,0.0006738431000989273,2.0968602770616447e-05,3.193569128461669e-07,8.175728492915299e-07,1.770724119176293e-05,0.00035570430014324086,1.0321055473920778e-08,4.830354628275265e-06,0.0012599151741009204,7.303537204754416e-07,1.1980995162620224e-08,0.7177139323946607
67,0.0003692926964260112,0.1098786805368168,4.5535629159859915e-08,2.015838542660891e-09,0.0003974278082969178,1.9251204015010833e-06,0.0010223756929712271,1.04944917318663e-08,0.0014923763253347367,2.4066821589875464e-05,2.3598457132423615e-06,3.316943261235822e-05,1.3701603682376375e-07,0.0005977994732299726,2.3328811387504244e-05,1.8507976052659206e-07,9.71344542023821e-07,1.2840641141439653e-05,0.00019831594828906832,1.4082972600500051e-08,3.873722029699786e-06,0.000971642369127087,1.2468563196646345e-06,8.851129194258975e-09,0.8849679034779122
68,0.001144058071014809,0.2335914766365799,9.391012290001871e-08,3.7841548983413175e-09,0.0013345617284890555,1.2726742290122505e-06,0.001541671457665769,3.9681064729632384e-08,0.00439276724132906,3.0233025155017775e-05,3.398474878748504e-06,7.000166925643103e-05,3.818906521095999e-07,0.00048664228029638215,1.897526260488306e-05,3.795692875144719e-07,1.0149419866311785e-06,2.5103542812274126e-05,0.0004679664905367536,1.4285462139864289e-08,4.398611026421699e-06,0.0010963011733310386,1.0529104372030613e-06,8.080943430407475e-09,0.7557881826066829
69,0.0012823216591100342,0.3525491955711059,1.499747035775278e-07,3.2369186162327346e-09,0.0010921406991067104,3.112578107167232e-06,0.0016902637032913772,5.5553447003929295e-08,0.0024978541146210807,4.239214883117913e-05,5.958620500094012e-06,0.00011241172140723501,5.607665184497885e-07,0.0005643310731998081,4.0261553837885505e-05,4.5900843406323854e-07,1.5641465296099013e-06,1.8961428944530855e-05,0.0014387163850494667,2.466760312036312e-08,1.2613280883413866e-05,0.002253083953376034,1.609278704602229e-06,8.881205374323686e-09,0.6363919459945637
70,0.0006771917342618126,0.1847174329960231,7.832637956605876e-08,8.456647240993565e-09,0.0022803407369251247,2.0858287455097097e-06,0.0017214318233029573,3.6493713489279444e-08,0.012460987374121213,4.412626705539239e-05,2.9248621773660483e-06,3.9881518744234234e-05,3.283182978039779e-07,0.0007498646760486871,2.099098392157295e-05,8.123593984310797e-07,1.387156261227906e-06,1.9306049403030245e-05,0.00021378656657187981,1.8988133743049168e-08,2.232957240882232e-06,0.000771258737219349,1.608225154493996e-06,1.6134880699547895e-08,0.7962718624293711
71,0.0011122446563834247,0.2219958388245751,3.7434780845906354e-08,2.6550875830587056e-09,0.0013948515603357417,6.89627294823217e-07,0.0009906645313598357,2.5947196669365553e-08,0.007575782491023423,2.6927704448929462e-05,2.8911897349329667e-06,3.9304686003134054e-05,1.9797504701584916e-07,0.0003614306893765631,1.5878161871992938e-05,3.396787267501499e-07,7.907308601151985e-07,1.3598225744156272e-05,0.0002978875029642268,7.653548811218786e-09,2.339029053349973e-06,0.0007833834340439382,1.0132289321832878e-06,8.415196204362712e-09,0.7653838639664102
