,0,1,2,3,4,5,6,7,8,9,10,11,12,13,14,15,16,17,18,19,20,21,22,23,24
0,0.04370149840754127,0.00047749807957848733,0.013154330937200679,8.228093854865587e-06,0.00019235942633883166,0.0018817630674485184,0.02541492477607849,6.356649002744666e-06,0.30247503974355655,1.2663371549020367e-06,0.02479444631209042,0.00028139689861089587,4.4240833347095654e-08,0.003451436483506786,0.4805006030660324,0.00020746577759173652,7.13332695843694e-08,2.695993103861399e-07,0.041763653364184306,1.1491378364942166e-07,6.57006853755595e-05,4.996771679810447e-05,1.2868765471037111e-05,2.1973811330839465e-06,0.061556497944253497
1,0.024245265410125158,0.0003800695044097149,0.009066635579644466,6.742700392209982e-06,0.0001388038343745037,0.0012302093268609893,0.018148563055272317,6.7382075408609895e-06,0.3665105971289939,1.6095457199813196e-06,0.011429900965508534,0.00014035642327677096,2.453975950090609e-08,0.002462404595640363,0.44578227332059245,0.0002097008127373457,4.821722609550117e-08,1.2379168096883894e-07,0.05559782375404879,8.281325971616812e-08,6.342296291557188e-05,3.836385384568516e-05,7.173700432252206e-06,1.3093752979482875e-06,0.06453175658044397
2,0.031924562645156716,0.0003712004000963068,0.004180883500444874,4.817443626591063e-06,0.0001016349866515517,0.0011617725858475226,0.014600718911418979,4.380861242616853e-06,0.11917929586909154,9.243820871281977e-07,0.011111764142341317,0.00016158965415545595,1.6160474858411865e-08,0.0023363535904361845,0.7141647981933787,0.0001963992372772369,9.038143054840548e-08,1.6713242164873955e-07,0.03221278623338549,5.247129258573394e-08,7.004340182399616e-05,6.209990559482087e-05,1.9471535593941807e-05,1.4586062677241302e-06,0.06813271776846165
3,0.04523041166832916,0.0005838845925360261,0.010130036433674187,9.664132556427473e-06,0.00018875718254661022,0.0014948348552821598,0.022100284383145603,7.510110158807099e-06,0.22592136629321,1.5209036821876093e-06,0.019114592299962017,0.00027219134934519445,3.431183515824077e-08,0.003687136114242198,0.5365348670440834,0.0001929637361077062,1.0577610213973338e-07,3.07697417621922e-07,0.04409354013979657,9.014466639892882e-08,8.989380062365011e-05,6.357307632018578e-05,1.5832153455084137e-05,2.4369027638550225e-06,0.09026416489815761
4,0.04560174500054923,0.000663773891015082,0.011685847898771935,1.0634398835919303e-05,0.00022217306863161275,0.0017416193772991696,0.02399200091971048,7.21854929130952e-06,0.23722767923978635,1.662229778646797e-06,0.020783785283769295,0.00029568661981465715,4.68477322885696e-08,0.004511918576101958,0.5264286783709828,0.00019802572390724315,1.0626425527232577e-07,3.5170506041336636e-07,0.04189381661171486,1.036700101324731e-07,8.746524008313355e-05,6.725504995806432e-05,1.6858147801402133e-05,2.6768019738582284e-06,0.08455887051316495
5,0.050134520640013905,0.0006923446733014126,0.011380006373308759,1.3781594593315706e-05,0.00024630188638733553,0.0017024244304591233,0.024112035508584102,9.187084717236512e-06,0.21593101722257682,1.8650869358768615e-06,0.022861699623120582,0.0003179266188603676,4.26188357001883e-08,0.004442575091411771,0.5200285537788625,0.00019688338197631355,1.354690021684181e-07,4.5936789121157326e-07,0.04396022948426853,1.025202278594967e-07,0.00011512165711989925,6.723484225728105e-05,2.0163783100443744e-05,3.2734007951055525e-06,0.10376211386139234
6,0.04523041166832916,0.0005838845925360261,0.010130036433674187,9.664132556427473e-06,0.00018875718254661022,0.0014948348552821598,0.022100284383145603,7.510110158807099e-06,0.22592136629321,1.5209036821876093e-06,0.019114592299962017,0.00027219134934519445,3.431183515824077e-08,0.003687136114242198,0.5365348670440834,0.0001929637361077062,1.0577610213973338e-07,3.07697417621922e-07,0.04409354013979657,9.014466639892882e-08,8.989380062365011e-05,6.357307632018578e-05,1.5832153455084137e-05,2.4369027638550225e-06,0.09026416489815761
7,0.033772734292459056,0.00030127740513924574,0.00493507690324054,8.505849698147977e-06,0.00025590327590935383,0.0019400392628358607,0.010311317041432943,7.589484522614048e-06,0.12448618231846088,1.792986029150534e-06,0.009283882518609031,0.0002855803036406152,1.0665830624261417e-08,0.004052981937370237,0.6405982745584468,0.0003962456562930389,1.1037043854815812e-07,2.181232675790453e-07,0.0641910438155337,4.888519707781271e-08,0.00016789656328275074,8.771054253851672e-05,2.6906284934854546e-05,1.149080797799703e-06,0.10488752187409105
8,0.05126483771621113,0.0005704713372573183,0.010840389570494765,1.0608940989487169e-05,0.00017353865858350348,0.0011934860436649223,0.023409803217295504,8.372378579911256e-06,0.2075436839823807,1.6803011024898326e-06,0.01401479890933663,0.0002492635819363286,3.186268704386926e-08,0.00361165351129596,0.5277881989990223,0.00021065967976868573,1.1870722530423085e-07,2.8334651709558055e-07,0.04017383929527626,8.446200774976816e-08,9.2221363513868e-05,5.721696238439179e-05,1.6710448939198084e-05,3.024484260028418e-06,0.11876502223926927
9,0.04999473392573927,0.000721129722157948,0.019833901532228748,1.2230480475199523e-05,0.0001764301776867134,0.0007358142601499104,0.025107460347221687,9.219862948152553e-06,0.30864554608782846,1.7140205404610157e-06,0.011928502236545754,0.00020348278590508038,5.221906745267384e-08,0.003012715651608656,0.4092437515330741,0.00013030652595908944,1.1682649190767541e-07,2.4599596022764287e-07,0.028972433233567366,9.299144816732972e-08,6.266874654486446e-05,3.482073080352428e-05,9.396388212837205e-06,5.340772704337888e-06,0.14115789294513
10,0.04523041166832916,0.0005838845925360261,0.010130036433674187,9.664132556427473e-06,0.00018875718254661022,0.0014948348552821598,0.022100284383145603,7.510110158807099e-06,0.22592136629321,1.5209036821876093e-06,0.019114592299962017,0.00027219134934519445,3.431183515824077e-08,0.003687136114242198,0.5365348670440834,0.0001929637361077062,1.0577610213973338e-07,3.07697417621922e-07,0.04409354013979657,9.014466639892882e-08,8.989380062365011e-05,6.357307632018578e-05,1.5832153455084137e-05,2.4369027638550225e-06,0.09026416489815761
11,0.04687134034074178,0.0006244702696238853,0.010760509912303522,1.0217541847851227e-05,0.00019433761194139,0.0015434408664436385,0.023250583000124093,7.639925709873259e-06,0.23114784277576986,1.5685079878495511e-06,0.020219932542451666,0.00028810361020528973,4.0177223941105324e-08,0.0039027679595584823,0.5278308187325448,0.00018944238165987672,1.1170847610271588e-07,3.403418029146649e-07,0.042627980424293166,9.853469298183585e-08,8.87873563027003e-05,6.566499701849938e-05,1.642073928568523e-05,2.642660997840765e-06,0.09035489708099226
12,0.17437010758108393,0.0014415891603270145,0.008726825372184934,2.5032495302135972e-05,0.001479202671617035,0.008732333877382988,0.01735218829803581,7.221316243342048e-06,0.016688760937589336,2.869491951743355e-06,0.036818667657738065,0.003816714026500686,9.202236586536164e-08,0.04535394825171634,0.5476670593116444,0.0006552561438098221,1.0667518882313008e-06,6.656888522393856e-06,0.029353052605311406,1.212885475688113e-07,0.0004265125912388019,0.0009181968550765102,0.0004231005091989777,5.6853053635430765e-06,0.10572773858935916
13,0.048880110368509304,0.00048392583754164353,0.012335415893690822,8.555337944915679e-06,0.00017514252556596958,0.0011465805900418482,0.01948934137658638,7.517958231609109e-06,0.21131604809550805,7.669360193540868e-07,0.03510106011772799,0.0005727062764803747,3.5443714177023756e-08,0.003947740969700989,0.5502821831737499,0.0001274744816511834,1.3968312558529683e-07,3.2333207125286874e-07,0.04340891210641278,9.931264914260422e-08,0.00010182919090552775,8.070008048309097e-05,1.4421020428921187e-05,1.8973738299932766e-06,0.0725170725174292
14,0.005315062699324894,0.006322266999618705,0.006883191510097256,1.1980051644034681e-05,0.0005935604740503768,0.0026884253621324893,0.013157622550450509,7.1484773896367726e-06,0.6302697724346725,1.5040716509093324e-05,0.020741310687699927,2.3195050136270973e-05,1.252493501578404e-07,0.0020036817158605095,0.25336815206625773,4.516281338132365e-05,3.363584522648193e-08,4.415115062935228e-07,0.03560092196346792,6.902431994487625e-08,6.59377373267185e-05,3.915813935073265e-05,2.640947543794299e-06,5.166757997035954e-06,0.022839931424067022
15,0.04523041166832916,0.0005838845925360261,0.010130036433674187,9.664132556427473e-06,0.00018875718254661022,0.0014948348552821598,0.022100284383145603,7.510110158807099e-06,0.22592136629321,1.5209036821876093e-06,0.019114592299962017,0.00027219134934519445,3.431183515824077e-08,0.003687136114242198,0.5365348670440834,0.0001929637361077062,1.0577610213973338e-07,3.07697417621922e-07,0.04409354013979657,9.014466639892882e-08,8.989380062365011e-05,6.357307632018578e-05,1.5832153455084137e-05,2.4369027638550225e-06,0.09026416489815761
16,0.05217276120475613,0.0006737923829099772,0.007921056740972028,1.227545020347753e-05,0.00018601482233568213,0.0018032266194409282,0.025487898936907716,1.1355628596491754e-05,0.19050347375753252,2.8129558984740114e-06,0.02041714582166819,0.00030504263683236234,2.792987899184092e-08,0.0036978085713250254,0.5386025631619321,0.000293468187810667,1.5149548648869353e-07,5.289067153628078e-07,0.05667879452459622,1.0519890989422314e-07,0.0001974384046790098,9.302250034880842e-05,1.981878539755482e-05,2.8704300977720916e-06,0.10091654494476811
17,0.07866550668833343,0.0006876371331256384,0.015074610393067291,2.0716628213580087e-05,0.0003034778455922238,0.0019936709598555253,0.030874125358899926,1.0422079547726993e-05,0.17790733056538638,1.8562502370890601e-06,0.02581740409776307,0.0005934753760847082,5.776637359175491e-08,0.008592601798141525,0.4731044032178655,0.00026138364260998813,1.7437673596278288e-07,6.749302368529542e-07,0.04551277851433353,1.3390957708204733e-07,0.00014352484258991447,8.238013813727296e-05,3.297166578511547e-05,3.51925602027397e-06,0.1403151625654867
18,0.11840038829076345,0.0008263430254190799,0.012692762187286747,1.19635432588903e-05,0.0001618555266338531,0.0007341261095298619,0.026819949837953876,1.1876999905051042e-05,0.13668297932015802,1.6714315588921543e-06,0.015320472322643885,0.0006130439341310617,4.638916554164627e-08,0.004052717406874015,0.4616053412037596,0.00016676630823145183,3.619440504792211e-07,6.992699480335556e-07,0.03978960893326824,8.646059325719056e-08,0.0001222148019279454,0.00011858274416623433,2.1075827742122434e-05,6.169274891688013e-06,0.18183889690613855
19,0.034830473278132545,0.0006835953078813053,0.0187999703787969,1.2496954982477644e-05,0.00030249550026427007,0.0015813606656810233,0.020175766732251257,9.332842880939393e-06,0.3538694957583409,2.02759582505806e-06,0.020675116037236943,0.00038207834099611253,5.891257766542054e-08,0.004943267754549838,0.4167025444653257,0.0001557876930591842,1.0484077676193546e-07,3.3101398701578537e-07,0.043157628813836287,1.2772038312637855e-07,8.72314176979375e-05,7.496418269481035e-05,1.029276365293699e-05,2.619144347562816e-06,0.08354083188384136
20,0.030835100513013847,0.0005870791037496692,0.0068601946320195634,7.407261174239884e-06,0.0001847644055462961,0.0010151662708067716,0.013936972504004929,1.0443761553626894e-05,0.19641322276696524,1.7290806121709963e-06,0.012815190625866928,0.00023520265009782218,2.4267429053173998e-08,0.0026162539989840233,0.6136369598807538,0.00014961476574904496,1.5248421964480243e-07,2.602740125812642e-07,0.04694911857598792,6.991232309388524e-08,0.00010465504949445494,0.00011227101396367894,1.3715570170908619e-05,2.3584620395294777e-06,0.0735120721694613
21,0.0889152871396698,0.0005447071558926785,0.016356851605023745,1.453050801954062e-05,0.000220512887179323,0.002326708075860574,0.04062426858005337,7.827472971377691e-06,0.19165959963651302,1.8255464441302528e-06,0.025774877227485424,0.0006232361973611353,6.516206272692242e-08,0.006638338618146854,0.4764672787487689,0.00041069882417754634,1.250957372469688e-07,5.21142565408753e-07,0.042854132033138065,1.6468554531227144e-07,0.00011445454199588367,6.170314940466201e-05,2.777982978692871e-05,3.238932019480456e-06,0.10635126720417679
22,0.06279401523052487,0.0005557449004353539,0.012425771103984542,1.159134492814529e-05,0.00020709106897093951,0.0022378959805037287,0.02697629062479035,8.905614830108982e-06,0.19263378263771047,1.6454056144047545e-06,0.031206595082508514,0.00045128008646375833,3.388633857405553e-08,0.004641600447938187,0.5325653601346068,0.00029375639805849794,1.4972196742310774e-07,5.917644640600499e-07,0.04502213106180023,1.388786172197699e-07,0.00015223310582004873,9.25108221207493e-05,2.3958761984403096e-05,2.7294429062600896e-06,0.08769419649211233
23,0.04523041166832916,0.0005838845925360261,0.010130036433674187,9.664132556427473e-06,0.00018875718254661022,0.0014948348552821598,0.022100284383145603,7.510110158807099e-06,0.22592136629321,1.5209036821876093e-06,0.019114592299962017,0.00027219134934519445,3.431183515824077e-08,0.003687136114242198,0.5365348670440834,0.0001929637361077062,1.0577610213973338e-07,3.07697417621922e-07,0.04409354013979657,9.014466639892882e-08,8.989380062365011e-05,6.357307632018578e-05,1.5832153455084137e-05,2.4369027638550225e-06,0.09026416489815761
24,0.04235701952210672,0.0008718634216208439,0.012955968995177838,1.6177084362189195e-05,0.0003311589167431759,0.0021741022645888177,0.023980688852831195,8.750044911888503e-06,0.25571144727023487,2.4277854418912577e-06,0.022452853406076827,0.00033275914479703533,5.629120876575335e-08,0.006774606441934312,0.47881519692698327,0.0002071249386319395,1.0720809031088424e-07,4.440825310997459e-07,0.052930877960642615,1.1623969916231868e-07,0.00011440948317055072,7.40203633210955e-05,1.7635585755492572e-05,2.5769819204041416e-06,0.09986761078721762
25,0.07673282497214093,0.0005804551590442617,0.015914956683297902,1.885321424946469e-05,0.00019950367754431768,0.0012080197405238706,0.04216236643948056,1.6192231498691124e-05,0.20784159854501394,1.28544801357731e-06,0.04727701801296944,0.0006503393115641523,6.015619344805155e-08,0.004676991650774955,0.4568324640461785,0.00019133396212616812,2.1106567780159316e-07,6.186803416866989e-07,0.0559424544823207,1.90719887125016e-07,0.00014311322309658919,7.421569289066881e-05,2.385656586383564e-05,3.958183374622065e-06,0.08950711813593272
26,0.10951934428168131,0.0007838020849366607,0.018316459055429533,1.192141692679858e-05,0.00016764087811893208,0.0008849902752780146,0.031502820151327354,1.2675717174285587e-05,0.23335147179338123,1.4829388997287418e-06,0.023425600310944053,0.0003995967864254182,6.69873430796154e-08,0.0024489829039618066,0.4332960772260357,0.00013576470883887797,2.9431274322172336e-07,7.145573493467432e-07,0.028500469249997246,1.2111268624460282e-07,8.111111742318397e-05,7.30304477238928e-05,1.71648459996265e-05,9.667924206069213e-06,0.11705872891516851
27,0.029699304143866158,0.00042464262689326807,0.005885839871545589,5.214774102889817e-06,0.00010347782767649194,0.0011807248925234256,0.01437471816972754,6.080051163991813e-06,0.25144186180607225,1.3596541649944034e-06,0.010314088286791562,0.00013200948228909952,1.6694032018973033e-08,0.0018180662773710952,0.5676125875311293,0.00015521023422298337,7.02843755168582e-08,1.7617041083541917e-07,0.03603514396918095,6.313202589874764e-08,6.389382895036078e-05,6.1008036321763484e-05,9.655880592459938e-06,1.6080552267707018e-06,0.08067317831934263
28,0.04523041166832916,0.0005838845925360261,0.010130036433674187,9.664132556427473e-06,0.00018875718254661022,0.0014948348552821598,0.022100284383145603,7.510110158807099e-06,0.22592136629321,1.5209036821876093e-06,0.019114592299962017,0.00027219134934519445,3.431183515824077e-08,0.003687136114242198,0.5365348670440834,0.0001929637361077062,1.0577610213973338e-07,3.07697417621922e-07,0.04409354013979657,9.014466639892882e-08,8.989380062365011e-05,6.357307632018578e-05,1.5832153455084137e-05,2.4369027638550225e-06,0.09026416489815761
29,0.04523041166832916,0.0005838845925360261,0.010130036433674187,9.664132556427473e-06,0.00018875718254661022,0.0014948348552821598,0.022100284383145603,7.510110158807099e-06,0.22592136629321,1.5209036821876093e-06,0.019114592299962017,0.00027219134934519445,3.431183515824077e-08,0.003687136114242198,0.5365348670440834,0.0001929637361077062,1.0577610213973338e-07,3.07697417621922e-07,0.04409354013979657,9.014466639892882e-08,8.989380062365011e-05,6.357307632018578e-05,1.5832153455084137e-05,2.4369027638550225e-06,0.09026416489815761
30,0.04523041166832916,0.0005838845925360261,0.010130036433674187,9.664132556427473e-06,0.00018875718254661022,0.0014948348552821598,0.022100284383145603,7.510110158807099e-06,0.22592136629321,1.5209036821876093e-06,0.019114592299962017,0.00027219134934519445,3.431183515824077e-08,0.003687136114242198,0.5365348670440834,0.0001929637361077062,1.0577610213973338e-07,3.07697417621922e-07,0.04409354013979657,9.014466639892882e-08,8.989380062365011e-05,6.357307632018578e-05,1.5832153455084137e-05,2.4369027638550225e-06,0.09026416489815761
31,0.06585093668093596,0.0010293483480806765,0.021964630597636134,1.808590537370337e-05,0.0003860654751012566,0.0010426930042189589,0.02416476375431274,1.7117956637890593e-05,0.27450594829324876,2.7824372227286096e-06,0.015746201758915848,0.0004291465587013486,7.608602371573797e-08,0.005381255373077224,0.39800768400934766,0.00018420241982017478,2.1893103124547097e-07,5.01747517972679e-07,0.05631786925675282,1.2240175778904455e-07,0.00011231813798558199,8.169927897728925e-05,1.4554302812148911e-05,6.289387270583234e-06,0.13473548789723996
32,0.041067040591691244,0.0005452616895229471,0.009155090465673397,8.644709352896957e-06,0.0001738993943840211,0.0013753380705913841,0.020246146968167178,7.535042318528422e-06,0.23266306788696017,1.4923911142134773e-06,0.016918103786189114,0.000244432088306552,3.039660456508681e-08,0.003331386848796842,0.5407323277374372,0.00019275183624262404,9.975967141340504e-08,2.624026050745079e-07,0.04829794772481229,8.528393027152648e-08,8.740920474153452e-05,6.413766327598662e-05,1.4039373730022458e-05,2.1299761140248294e-06,0.08487133870776661
33,0.08155010917861695,0.0017774685528359334,0.008410267832539568,1.2225854234916292e-05,0.0005324508403883792,0.0023636137775360053,0.021995035528471072,1.2398412923182376e-05,0.09107848215373585,2.7104992055832374e-06,0.024915509652194794,0.0007247287514376689,9.53180719521355e-08,0.00982695742082892,0.6308406714287966,0.0002681949175604089,4.4927394896713743e-07,1.13187822879905e-06,0.06659419391863482,1.335381382544057e-07,0.00013472581138307865,0.0004611804980716518,4.723279873560946e-05,4.57190500809265e-06,0.05844546025847293
34,0.06064457512135603,0.0007837469126866004,0.011506302670523867,1.5815514064771698e-05,0.00033519026323601797,0.002025524041642161,0.02537282715967661,9.705130882045266e-06,0.1279710609041587,1.8881224409114494e-06,0.029309412919403036,0.0005473299717687602,4.917238595496595e-08,0.006374782721204445,0.5915107733745489,0.00025691523219078204,2.2719475343668712e-07,6.390751070875622e-07,0.042232793636637726,1.1481758335496938e-07,0.00014885863466592317,0.00010567151524919121,3.842963590511726e-05,3.831873903098842e-06,0.10080353438402528
35,0.06914692125166891,0.0005976595065051543,0.010319625686418326,1.2230816319925668e-05,9.941034268952182e-05,0.0005755980414974828,0.01852227358411733,2.2258922628618778e-05,0.43738508639083346,2.6294423319139194e-06,0.010443766367600305,0.00027094917869463926,3.432401527860963e-08,0.001374256847718824,0.22672390233860834,8.887183273739237e-05,1.810695340925531e-07,5.59425427838257e-07,0.05720146485931626,1.1005701284755835e-07,8.835082485698692e-05,7.382236618887484e-05,4.803805554420025e-06,4.0578127171065515e-06,0.16704117490500633
36,0.053251594338026585,0.0004545348366440598,0.014546765031678373,8.30245967743986e-06,0.00020490818018669592,0.00037432683449791805,0.01153019037725987,1.4960485845867022e-05,0.23814808072313237,1.4565129774972517e-06,0.0062593560769662075,0.0006504844294901079,4.109422005363079e-08,0.003229130844704843,0.4490615560346248,0.00017305177998949071,2.908305421226963e-07,1.4381044491819974e-07,0.078444028831809,7.702707064510417e-08,8.045934204116667e-05,0.00010461695161156037,8.281280151733066e-06,2.555902774537442e-06,0.14345080598363208
37,0.20665365359915175,0.000815697065889164,0.0201664741872164,1.2329295722552096e-05,0.00018267263181482975,0.0012906896239798114,0.049344139610162076,7.981820615776293e-06,0.13614070782017537,1.0799622342654758e-06,0.03134726675394162,0.0007667526023235232,6.759015870670607e-08,0.006941039969267583,0.38416107078467565,0.0002378166521976984,1.984957410205983e-07,8.811785123438181e-07,0.04176829860421219,1.2852119953393015e-07,9.617599791103108e-05,8.523129871907489e-05,2.3491394798743623e-05,5.433246270019099e-06,0.11995072129310905
38,0.04949568061840325,0.0003059228768727904,0.004579789175702815,4.194091302184734e-06,7.303950469934437e-05,0.0027033003181434335,0.03496878155779239,2.742202429201114e-06,0.11356669065131189,8.229625247629028e-07,0.023067207931559242,0.00017871090971040225,1.556307601379692e-08,0.0029568962462270133,0.689187904273008,0.000395388749361617,4.3973987614152064e-08,2.5004230210397226e-07,0.02969611253805984,7.781898954393335e-08,7.483457261819742e-05,4.8643065287241056e-05,2.7783271626559086e-05,1.215795075318346e-06,0.04866395128992921
39,0.05437480245903073,0.0016068307279032698,0.009078663627762704,8.53539770275876e-06,0.00016404218635412152,0.001051212829605892,0.03618934993422236,5.573015293552069e-06,0.21367737543809212,1.4763791102076999e-06,0.02734636994997135,0.00014932759171795715,7.646491644137875e-08,0.0033894096345936098,0.5608309033171213,7.626409657037118e-05,1.1053778505034507e-07,4.0575403438606307e-07,0.02726372638210723,6.61936737865953e-08,4.0098856634528064e-05,6.794699936517555e-05,1.2494829748843238e-05,5.481011050815156e-06,0.06465945638563171
40,0.06446524535426942,0.0006192603027521387,0.009951252237021677,6.65127631753469e-06,0.00015890318270597834,0.0015183838376359533,0.02332161460145927,6.213722551451606e-06,0.1804060355536535,1.196405389244401e-06,0.020586195489804164,0.00034416762431214255,2.7659315011341398e-08,0.004091491526439885,0.5670530821111538,0.00020119172088646205,1.1561481476814028e-07,3.796198288398862e-07,0.04398170965347206,8.316042778826565e-08,9.495202480197048e-05,0.0001067561868845991,1.5853601558911285e-05,2.275633012913882e-06,0.08306696189953067
41,0.034857873498907004,0.0005299338678176227,0.01007451680004486,8.252914630397868e-06,0.00018241450559639203,0.0014649690592448464,0.01862584488187746,6.461179679080787e-06,0.26446541238799837,1.5099628561036496e-06,0.015390933494669447,0.00020155816850109473,2.9442497884822792e-08,0.003236598083078175,0.526667423872888,0.00018031024015693426,7.704023025340176e-08,2.238287144984972e-07,0.040338754886366276,7.888721535767606e-08,7.681741335169199e-05,5.20764641057694e-05,1.1926908201282589e-05,2.0693845193637302e-06,0.08362393282685167
42,0.02438680200159537,0.0002991938623888947,0.003811578981304519,3.713870928449422e-06,9.138583426058816e-05,0.0008070443768978647,0.011698504654316865,9.611121235208528e-06,0.15792547310139182,1.3548607180361608e-06,0.008501096795596807,0.00015160297315855383,7.994078626297212e-09,0.0014114264619631979,0.6677154040115828,0.00026908133907555903,1.0634560681415942e-07,1.1364366851896847e-07,0.07178546504576672,6.104115023930801e-08,0.00011095708690999659,0.00010847379942806012,1.0353677717752456e-05,1.0302600467525488e-06,0.050900156859211905
43,0.015389433578269992,0.00035713780735775817,0.0033131336257057166,6.960581353357807e-06,0.0002122647170256006,0.002092681791721757,0.00889611063091022,1.0737880348338889e-05,0.21366118953784355,3.66284038068468e-06,0.009338869369084552,0.00011556429715558057,9.94854019643935e-09,0.0016342370387835764,0.6223490500475578,0.00032512467663015684,8.876120938485711e-08,1.9252233515280218e-07,0.06328081254514217,5.744404615911914e-08,0.00017905491189105943,8.766808236789656e-05,1.4272643446612967e-05,1.310093686517116e-06,0.05873037462720607
44,0.04523041166832916,0.0005838845925360261,0.010130036433674187,9.664132556427473e-06,0.00018875718254661022,0.0014948348552821598,0.022100284383145603,7.510110158807099e-06,0.22592136629321,1.5209036821876093e-06,0.019114592299962017,0.00027219134934519445,3.431183515824077e-08,0.003687136114242198,0.5365348670440834,0.0001929637361077062,1.0577610213973338e-07,3.07697417621922e-07,0.04409354013979657,9.014466639892882e-08,8.989380062365011e-05,6.357307632018578e-05,1.5832153455084137e-05,2.4369027638550225e-06,0.09026416489815761
45,0.02953923345437571,0.00041897837821126864,0.008900938243596985,6.058120054473705e-06,0.00015223142546719225,0.001044658852825995,0.02164138462045095,7.275811717023987e-06,0.2580240966866307,1.2534884229564218e-06,0.013494922297137068,0.0001745253808837465,3.4706867429683934e-08,0.0023272294693665076,0.5694929238522557,0.0001904728588508727,7.199980264102684e-08,1.303955914442647e-07,0.04290098712026809,8.396710222728181e-08,5.000519429425663e-05,4.929580848060363e-05,1.1240463928567863e-05,2.1350594229853264e-06,0.05156983234399482
46,0.07492039359393335,0.0006764091269130829,0.010879531546150898,1.1815633505754079e-05,0.00019746778012565724,0.000916045659639465,0.019424913632909095,1.3408007088942649e-05,0.16296173702379987,1.5195190169804548e-06,0.019887366459893127,0.0005213064024332626,4.535922646591099e-08,0.0030529117352526606,0.5475603146200108,0.0001737190148910419,3.6544770970571305e-07,5.022767325600559e-07,0.045101213630716806,1.0804085112733556e-07,0.00012171969355245215,0.00011150897344751809,2.182137258663449e-05,4.611166502641409e-06,0.11343924428311014
47,0.1652739882351438,0.0005859040043436935,0.009349794565032694,5.750320683187234e-06,9.337391962979506e-05,0.0010329036201863339,0.028670000796881326,8.28305783215936e-06,0.11511711437763615,1.1089651572748842e-06,0.019305178887920816,0.0007399075267228713,2.9796690924529678e-08,0.002992440732936897,0.5041951722591125,0.0002735788875560532,2.614128802742239e-07,6.212312615326427e-07,0.045543039398599085,1.107578602575892e-07,0.00011073928853250367,0.00016945519861810292,1.7908998592112007e-05,3.318560839716586e-06,0.10651001519935001
48,0.049473964673684666,0.0010104409597631266,0.004263005242199133,7.0026359818107465e-06,0.00013669682143624808,0.000488326130132814,0.019553634176428615,1.6146229957321273e-05,0.12583940885510453,2.2019740851802814e-06,0.008533639159893058,0.00020852130799885987,3.7918220272936356e-08,0.002271015283979511,0.625847360044921,0.00017407945509109634,3.459900857736741e-07,2.4635834173734404e-07,0.09027341096819665,7.052448333570611e-08,8.672842856730427e-05,0.0001713236218968861,1.6623806532566133e-05,3.5560888824020758e-06,0.07162221334413603
49,0.047489007045579824,0.0005771987754272749,0.01318209515434476,1.0830516921683817e-05,0.00027069313895864024,0.0023318728313230664,0.021008404434193426,7.793209007035954e-06,0.22339458215055744,1.6167071991592137e-06,0.026240706059413414,0.0005137993959320725,4.4097030812235475e-08,0.005361744829270574,0.5347908040813042,0.00023341643880950722,1.2708639199095157e-07,4.5312645195563207e-07,0.04346617197042556,1.288432841305703e-07,0.00011281520677217022,0.00010115849122080924,2.011390818912346e-05,2.2250778575312825e-06,0.08088219742413393
50,0.05428650596709087,0.000547483468572844,0.011135192688905496,1.0995725090420292e-05,0.00021678995110685753,0.0015510658031904433,0.014681536624289716,6.832349353498727e-06,0.14895355532098384,8.360851459069724e-07,0.03992017420970529,0.0005652554285492077,3.556455610656999e-08,0.003138915320887268,0.6052242709580281,0.00012059979138402098,2.183460813419234e-07,5.937823711694068e-07,0.02387231433672734,9.188476306997501e-08,0.0001270230047730726,6.508270012727133e-05,2.490465378216749e-05,3.392694584314938e-06,0.0955463333399502
51,0.06300549064134428,0.0010127717402702847,0.013671035159358908,1.8184385295042325e-05,0.00023216814987251082,0.0018326089907286659,0.03908105837880486,1.3632421664233574e-05,0.2642103162939098,2.4315552815228027e-06,0.03815493920413206,0.0004326751054914201,5.85441878837471e-08,0.005741483511204137,0.4320964466401873,0.00013487685182410317,1.562433671705608e-07,1.0199764431040639e-06,0.048656947203635545,1.4260301234263257e-07,0.00016059927520372457,0.00011964321443666682,1.7325622704223117e-05,3.967288564686715e-06,0.09140002099907538
52,0.0516586216522,0.0005782927113799165,0.008739527261166958,9.66334165231685e-06,0.00015817494590489341,0.004108812139517226,0.031277444807726776,5.015020613531634e-06,0.2385837618505987,1.648460614374968e-06,0.03537569572315759,0.00024186381468630335,4.001737612621948e-08,0.0038768154784345897,0.5310560243174192,0.00022705952511249957,7.18895261778691e-08,7.257342674550186e-07,0.02636581399190125,1.3509139613666708e-07,8.922562886329145e-05,6.924689443888142e-05,2.366240103296822e-05,2.4790772300353068e-06,0.06755017822378293
53,0.04537287013943715,0.0005964675951565781,0.010319375325516756,9.889522730888815e-06,0.00019948814650350304,0.0014965283859151822,0.021422564106927038,7.744438316525198e-06,0.2273229807355671,1.5670533505556297e-06,0.018925413660637654,0.00028353506912197465,3.4964447388180636e-08,0.0037916564040069386,0.532789459512133,0.00019260232206293703,1.0953329950682619e-07,3.1304898289318383e-07,0.045389302737998766,8.99077938500415e-08,9.250981061542204e-05,6.582675555057832e-05,1.5738135349749794e-05,2.454876400872287e-06,0.0917014778121774
54,0.04957500357678747,0.0005395523277395687,0.00826572773873668,6.298919705655764e-06,9.594412836894876e-05,0.00124388717091157,0.030086298181808867,3.94343234202836e-06,0.2002183427139906,1.4774658361171955e-06,0.009368720248153934,0.00016417705238068545,2.5663689104928298e-08,0.0038592834345253725,0.5432457471968389,0.00026340700987624295,5.01221953123473e-08,1.5531971351995023e-07,0.03767729719133809,6.671900159414443e-08,5.46877029419337e-05,4.227911279129012e-05,1.1698437068497626e-05,1.692281844929216e-06,0.1152742368514131
55,0.0566184165890585,0.0006267822310401662,0.01461368603847967,1.1405279307283628e-05,0.00017661322545825393,0.001216923072010791,0.024426013368225922,8.375153467076702e-06,0.3114716920513904,1.4662898229927025e-06,0.02125838066607148,0.0003542500320328273,5.2627306098869646e-08,0.0033783558667869447,0.41643900444230275,0.0001369431909146846,1.1132148674043607e-07,3.7604889390267496e-07,0.039218930164737285,1.0778237296152346e-07,7.368472416474646e-05,5.1063323420972575e-05,1.0902267936565672e-05,3.1882391507688867e-06,0.10990327600416022
56,0.0457744489729386,0.0006433299391262495,0.010868870712458425,1.0181711874993469e-05,0.0001977182715892866,0.0015033420144920256,0.02307636470897022,7.767577218281963e-06,0.2373835007891251,1.5940050168733692e-06,0.02010739306828948,0.000279379769400551,4.2316375168953464e-08,0.0037760995255144017,0.5260390761592223,0.0001843262647160835,1.1275094639137127e-07,3.3447507713329625e-07,0.042903863585007126,9.929409151065112e-08,8.668721485505472e-05,6.431764855543666e-05,1.572097215682933e-05,2.742938922700032e-06,0.08707268531405975
57,0.043529336832722615,0.000579114640286071,0.010755805156965477,9.85006246153828e-06,0.00020489707676015688,0.0014241115516995522,0.020252990238547167,8.238034229740346e-06,0.23745443082483098,1.625132278231525e-06,0.017934249537604977,0.0003002419329696715,3.5147431463777795e-08,0.003749686070366989,0.5235556791095751,0.00019654983218913785,1.1466470744692335e-07,2.9691179412039067e-07,0.04809158143735481,9.247395730616909e-08,9.5146859670987e-05,6.866444703735327e-05,1.4721995173876462e-05,2.382690914502452e-06,0.0917701573384708
58,0.0488522908553604,0.0006450744829003823,0.010995843422488856,9.79931725563026e-06,0.00019173818059710346,0.0013074319251670777,0.022979228293517194,8.265160348068888e-06,0.21882397900165682,1.5463582179423854e-06,0.019224941809169102,0.00028272630339178117,3.920946863015391e-08,0.0034846991158934424,0.5401386650491165,0.00017885471259817772,1.3218084066249953e-07,3.411412379623089e-07,0.040949592257839715,9.163539298559096e-08,9.008475904583197e-05,6.744352962277882e-05,1.656122274648437e-05,3.1929645133632044e-06,0.09174743711161314
59,0.052648143911232556,0.0006366543019961815,0.01347338658838517,1.0651904402846049e-05,0.00019968297729224416,0.0012864564452839244,0.024572889325887044,8.728965369214087e-06,0.22900466397384298,1.5403064518069517e-06,0.020239415739386993,0.000305438602789163,4.145655305156042e-08,0.003575245848027615,0.5169210112149971,0.00018124677637615318,1.3658863637529776e-07,3.754749033396045e-07,0.03796218163375729,9.99356000773866e-08,9.375617356857702e-05,6.303853475658111e-05,1.6348376238026513e-05,3.7188049027754147e-06,0.09879514613936281
60,0.04523041166832916,0.0005838845925360261,0.010130036433674187,9.664132556427473e-06,0.00018875718254661022,0.0014948348552821598,0.022100284383145603,7.510110158807099e-06,0.22592136629321,1.5209036821876093e-06,0.019114592299962017,0.00027219134934519445,3.431183515824077e-08,0.003687136114242198,0.5365348670440834,0.0001929637361077062,1.0577610213973338e-07,3.07697417621922e-07,0.04409354013979657,9.014466639892882e-08,8.989380062365011e-05,6.357307632018578e-05,1.5832153455084137e-05,2.4369027638550225e-06,0.09026416489815761
61,0.048455261607795765,0.0006244292399021095,0.013776624030427861,1.0216339898434763e-05,0.0002041163692208304,0.001328665584143447,0.023000936246479878,7.94762255478449e-06,0.23917667988335228,1.4487565722691555e-06,0.020706779029231417,0.00031450470628110815,4.050025068004663e-08,0.003801754031709569,0.5132356369241304,0.00017673602473002698,1.2202698852431188e-07,3.359173388365021e-07,0.03951594120134382,9.897067273928913e-08,9.055386580199921e-05,6.182650583269439e-05,1.4843789006758027e-05,3.1033718416235078e-06,0.09549139745449207
62,0.04523041166832916,0.0005838845925360261,0.010130036433674187,9.664132556427473e-06,0.00018875718254661022,0.0014948348552821598,0.022100284383145603,7.510110158807099e-06,0.22592136629321,1.5209036821876093e-06,0.019114592299962017,0.00027219134934519445,3.431183515824077e-08,0.003687136114242198,0.5365348670440834,0.0001929637361077062,1.0577610213973338e-07,3.07697417621922e-07,0.04409354013979657,9.014466639892882e-08,8.989380062365011e-05,6.357307632018578e-05,1.5832153455084137e-05,2.4369027638550225e-06,0.09026416489815761
63,0.04485610191054873,0.0006487824219064828,0.00972570013658058,8.963171779302856e-06,0.0001703388355260017,0.0013805117465091306,0.02218656191883716,7.201487332800289e-06,0.23002581853730134,1.4802919137450125e-06,0.01895106745849046,0.0002430545664087533,3.577807267094686e-08,0.0033680974137720743,0.5391682653169416,0.00016848751093295904,1.0583263354504354e-07,3.088332313983915e-07,0.041428805785003374,8.849144676765508e-08,8.225773608195607e-05,6.38335607913631e-05,1.4343620704433572e-05,2.5761233751966484e-06,0.0874972115138782
64,0.0424609082066106,0.0005349114459151849,0.009066285143361314,9.815559500653422e-06,0.00019167470792212613,0.0013817672326473832,0.019323949324170524,8.503576106260699e-06,0.20075725900141161,1.5565273064258562e-06,0.01980021256606429,0.00028344687310053834,2.6284284103929133e-08,0.003260104520503276,0.5627590851904924,0.00020013794525695973,1.2152215933310382e-07,3.166768966028654e-07,0.04754181891656257,8.075035876497947e-08,0.0001284957483656977,6.329931781977524e-05,1.6419390511505467e-05,2.4370367972984627e-06,0.0922073665358748
65,0.05240641421109986,0.0004618698318574882,0.012986526405589591,3.613102009464409e-05,0.0014336176265162298,0.013403468268127347,0.015783142434887598,8.177072572575751e-06,0.09903860700138907,3.976881786568157e-06,0.047184025727109356,0.0020554275064968842,3.8174192973568165e-08,0.02718539256685558,0.5208405793987947,0.000971573794582671,1.6650255415576877e-07,1.6019387162893824e-06,0.07696283045417787,1.4943252411866355e-07,0.0007124798203204246,0.00015206854300389675,9.490714902011683e-05,1.3727008780692596e-06,0.12827545553685213
66,0.026905217439945398,0.00037936105590831567,0.012199094426782492,1.0043088986869978e-05,0.00018828539814312673,0.0016924956163467853,0.023481792432007605,9.283148030001777e-06,0.4904793923383418,3.16886580365912e-06,0.00945860751858253,0.0002091310077679767,4.737690827067341e-08,0.003770093067664149,0.273866907639431,0.0003699156521957122,4.063406816749267e-08,1.362792940335094e-07,0.09110605156212517,1.530011231370575e-07,6.08746010784914e-05,4.123672298036174e-05,6.049466176984111e-06,1.1029234280093876e-06,0.06576151873687985
67,0.0437788642234236,0.00027003960560373157,0.009885724033437219,1.1069973241886984e-05,0.00019495199140776346,0.005076370441707368,0.03450993455159667,1.914969509619669e-06,0.05901640317787695,7.112966288516373e-07,0.03533622911245973,0.00045294822946334454,3.250930136156104e-08,0.010477219898557955,0.7064104218148212,0.0006745033506278129,6.060765998956545e-08,3.7566196901174894e-07,0.017026832625713105,1.3382928757859024e-07,0.00010312055121944462,3.214885863687629e-05,9.461766847437631e-05,1.4509657972524195e-06,0.07664392005157729
68,0.052808981741567854,0.0005718920704989844,0.009192208639847675,9.930236481782158e-06,0.00017076197193181003,0.0017599938766209842,0.022838832772428687,6.859288737880409e-06,0.18940919604770498,1.3689620500196521e-06,0.0240036619027232,0.0003133408883103093,3.237480508294778e-08,0.0035680476585593815,0.5622816447274274,0.00019369023780746485,1.2196411792555935e-07,4.217242343977861e-07,0.036958225998605175,9.476852736745681e-08,0.00010194624674102723,6.713879989958637e-05,2.0556230558280564e-05,2.593095070591872e-06,0.09571845777474226
69,0.037025564731980785,0.00044284253254907817,0.01750476498180406,1.4864850769568371e-05,0.00012000341470157929,0.0006045975493894622,0.022618356797471744,1.2169338970325719e-05,0.3228296439138759,1.909827289771894e-06,0.010596475945935617,0.00017390558948660953,3.525216815270057e-08,0.0018014499266484903,0.37196996654863607,0.00018471260118242658,1.1754127220831702e-07,2.0338719451017423e-07,0.0355834286793188,1.3072168302251994e-07,8.314515210249487e-05,1.988566998536562e-05,8.099258543299801e-06,4.369766028581892e-06,0.17839935602101203
70,0.03946774693711208,0.0005893295427681133,0.008126715093655213,9.03622555570184e-06,0.0001759772798025773,0.0012760849862315283,0.020290164912362445,8.715776654756861e-06,0.22879430800571768,1.5916523449455533e-06,0.018257157664675675,0.00022074436319123022,3.0963945224800537e-08,0.0027797912060795664,0.5518295496433611,0.00017012151382085687,1.1184123899046504e-07,2.793414960855627e-07,0.047714683841037414,8.132413856981568e-08,8.868461342680213e-05,6.295480163873743e-05,1.4493781146168272e-05,2.5310985548625403e-06,0.0801191135900437
71,0.06201866644223704,0.000490167192394578,0.010018666813071345,1.0034272438586367e-05,0.0001394668724173471,0.0013920801949095808,0.031015098900064174,8.163612834526894e-06,0.18522663242805143,1.219234270723176e-06,0.0238524316275267,0.00031952543930968707,3.366801416477096e-08,0.003444988248504726,0.5489588470516056,0.0002331601817309175,1.255862250381055e-07,3.7542549636841236e-07,0.04270081824808959,1.1224778795694166e-07,9.767509115287869e-05,6.080847730429758e-05,2.1254387001760004e-05,2.81402763645077e-06,0.08998683432992453
72,0.08776741711284308,0.0014027650975631573,0.0032257180697516587,1.7146456465286137e-05,0.00014325530914025117,0.0008310137865998884,0.05013055211719652,4.5650826469427656e-05,0.08982811475254535,3.5465567149164866e-06,0.05589496663581969,0.00031768469851515277,5.433326561634556e-08,0.001355322230991568,0.5701993685409297,0.00016706388686758754,1.0099569310814092e-06,2.242884352673076e-06,0.08914204406032435,1.514297647729928e-07,0.0003473187120384391,0.00021673215257120605,4.318715362280092e-05,1.3852653134237688e-05,0.048903820585581646
