,0,1,2,3,4,5,6,7,8,9,10,11,12,13,14,15,16,17,18,19,20,21,22,23,24
0,0.001515884028346631,0.0009495230020802412,8.008824036351926e-05,6.036775851056417e-05,0.09039868172050461,0.004800823236537776,0.0036854467221771464,0.00024108564946801898,0.15691497912057695,0.012121242396516324,0.018432877313047543,0.006320205753531376,4.41503703855673e-08,0.013708555698864042,0.23670561105663218,3.839938888271853e-05,0.0004082102518033539,0.0002087977350953425,0.0008563179743191329,2.0303320912222508e-06,0.00033647288849664766,0.0030259167583366045,0.026620446243217986,0.00010593407476188606,0.4224620585054678
1,0.0008952848782357133,0.0012943350306026753,8.155981057857697e-05,2.3716301998777302e-05,0.10146508342890455,0.0030670165443928386,0.002084993585639865,9.964939706007675e-05,0.09338450201222684,0.007322981093452857,0.01492921398147418,0.005113394808050913,1.7353977424888145e-08,0.013360194549687362,0.22898788775942513,1.7159693980400862e-05,0.0002789906902741689,8.859515539584703e-05,0.0008533014344779983,9.745305127542133e-07,0.00023339270236691145,0.002990245685013445,0.01322734073704197,6.425254305627945e-05,0.5101359162921725
2,0.0003741213457691051,0.0008741134576258173,3.380715330360402e-05,9.736849340857622e-06,0.059352948635122575,0.0009622772297977895,0.000891200554260767,5.317664749617891e-05,0.041757762071109414,0.0035722396160086964,0.016269279336829198,0.003695911242822627,6.5163566797583575e-09,0.015644793752749773,0.30480579879342706,3.797306215890608e-06,0.00011367974900260693,5.5157054984969635e-05,0.00021914063060499289,8.107222867809689e-07,0.00013787547894743735,0.0012582756082035078,0.009976089602931223,2.675862129836263e-05,0.539911242023504
3,0.0005758361763373068,0.001157584160703903,4.2087189885400506e-05,1.7984211756959596e-05,0.06437824201982541,0.0023006442699533853,0.0020009458861172044,6.441337048463248e-05,0.04466095010770734,0.004223821118338621,0.012452152810289321,0.005528247246896802,1.0975108694281757e-08,0.01830957801926805,0.23917429975481105,1.053751114931511e-05,0.0002434077705721283,0.00010373261078942264,0.00046181786740282394,8.24352189789466e-07,0.00021750716264971193,0.002753718683148418,0.013311842178983136,6.35002257229177e-05,0.5879463143199083
4,0.0006744068008772558,0.0011841033613812857,4.5734884652998954e-05,1.9035054800616644e-05,0.06942504660475465,0.0024256212509533507,0.00216570693269789,7.005201144928385e-05,0.04295934217863905,0.004579477551532972,0.012602386251831419,0.005662226637962839,1.4461597929547414e-08,0.021381599422412703,0.23597969097788316,1.2120187839685467e-05,0.00026665567830810605,0.00011926514141247135,0.0005528519305382116,9.425453548979006e-07,0.00021921552987015405,0.0026589585055263147,0.013691432292526944,7.750444879217985e-05,0.5832266093564036
5,0.000605868823396908,0.0014190491389523925,3.590130904973095e-05,2.4401772603812245e-05,0.0608222392403113,0.002855235631457193,0.0019022171940875114,6.981205500714508e-05,0.04421492989692643,0.004011762271165496,0.013670672432361019,0.005396243614867027,1.259852478447885e-08,0.019474004727117206,0.266199602071348,1.2569134050607131e-05,0.00025020519511784287,0.0001655445083229,0.0005198238495948867,9.76373530044524e-07,0.00023637263753709443,0.003049311226955304,0.015462852710323561,6.680211687474228e-05,0.5595335894705169
6,0.0005758361763373068,0.001157584160703903,4.2087189885400506e-05,1.7984211756959596e-05,0.06437824201982541,0.0023006442699533853,0.0020009458861172044,6.441337048463248e-05,0.04466095010770734,0.004223821118338621,0.012452152810289321,0.005528247246896802,1.0975108694281757e-08,0.01830957801926805,0.23917429975481105,1.053751114931511e-05,0.0002434077705721283,0.00010373261078942264,0.00046181786740282394,8.24352189789466e-07,0.00021750716264971193,0.002753718683148418,0.013311842178983136,6.35002257229177e-05,0.5879463143199083
7,0.0013341525361106842,0.0010302770029036834,7.690918212892848e-05,2.2113663842097578e-05,0.08440275355428715,0.0014839037817398106,0.0026822296851103117,0.00011825497788584307,0.05349658484186493,0.00838966821214509,0.017656415403614952,0.005065123633125386,2.3800131994528896e-08,0.018543088167233178,0.19049019900832975,1.0590607320549618e-05,0.000301740059489871,6.562140018806967e-05,0.0006927385425644321,1.0122471303093147e-06,0.00011883864345362342,0.002840649705064111,0.008014834822289105,7.649839407255024e-05,0.6030857781279736
8,0.0005626365034757223,0.0012548146543875799,3.950060884737492e-05,1.9063343566628438e-05,0.06652297508897995,0.0025684319468049074,0.002018621936785255,6.63585492732851e-05,0.047060534559104,0.004018151468840607,0.012796173981269771,0.005561778257085371,1.0851528183191975e-08,0.0178369900317258,0.2515638348288353,1.1404007775526687e-05,0.00024108939556059418,0.00011868807474392679,0.0004941982802617597,8.225466958510891e-07,0.00021999434954843105,0.002960693859269688,0.013162083071481156,6.015324263799439e-05,0.5708409965615153
9,0.0005436914718027098,0.0010086037750837227,4.012740141003507e-05,1.5005775243221233e-05,0.054392385923069754,0.0017151642916543484,0.00168975344071828,5.5758192932995694e-05,0.03865844051672039,0.004222028270267873,0.011719465230103915,0.004917599688559667,9.323179465512376e-09,0.01815382424257385,0.22919457673615676,7.624905069797188e-06,0.00021610543660699203,7.677701077993486e-05,0.0003627038705944203,7.408265313102522e-07,0.0001953553693524842,0.002246266317360549,0.013387387964002,6.117719671279869e-05,0.6171194268235128
10,0.0005758361763373068,0.001157584160703903,4.2087189885400506e-05,1.7984211756959596e-05,0.06437824201982541,0.0023006442699533853,0.0020009458861172044,6.441337048463248e-05,0.04466095010770734,0.004223821118338621,0.012452152810289321,0.005528247246896802,1.0975108694281757e-08,0.01830957801926805,0.23917429975481105,1.053751114931511e-05,0.0002434077705721283,0.00010373261078942264,0.00046181786740282394,8.24352189789466e-07,0.00021750716264971193,0.002753718683148418,0.013311842178983136,6.35002257229177e-05,0.5879463143199083
11,0.0006923096429693351,0.001160676106927685,4.762450922599352e-05,1.942723234565116e-05,0.06695554275371024,0.002483913399617457,0.0023024448841435004,8.192718488853747e-05,0.04861748477920042,0.005101739772880539,0.012784026043789302,0.006044530827473275,1.533439703792472e-08,0.01898481604702603,0.2384779896294672,1.2497155533365117e-05,0.000284278749324901,0.00011581250170220399,0.0005507747225443651,9.450378827068892e-07,0.0002179077714125822,0.002955261880330023,0.01354580069984302,7.90528140858711e-05,0.5784832005192788
12,7.439836273234694e-05,0.0002031412070455991,5.679177345148978e-06,2.218128821062379e-06,0.12489524009344147,0.0009791468284368195,0.00125619391156336,1.0376087623853787e-06,0.007803022780857777,0.00035717126814691,0.002392139673927436,0.0011283596768394237,1.3851869761670411e-09,0.053991746631580365,0.04675252486965751,1.7257982527930518e-06,6.474762107063923e-05,9.952896388906038e-05,4.2862920092707465e-05,7.52366028708416e-07,0.00020463863603081793,0.00010939442880061354,0.04374359054564094,4.095399159823689e-05,0.7158497831242508
13,0.0004791851718010908,0.00024991085705586264,4.4801024302274426e-05,1.256011081336998e-05,0.030532396214098215,0.00017749071334165233,0.0006544375976923357,6.184275481000926e-05,0.01577859534035788,0.0030392582615394723,0.07615408828812002,0.008852695159142982,8.117441084179285e-09,0.05341433769881009,0.4811283806346554,3.621705109530966e-06,7.539059109364489e-05,5.5677161720390364e-05,5.687514359036345e-05,1.5062963099345238e-06,0.00014686297182891055,0.0005424439126098757,0.009522633743617432,1.2075621657406213e-05,0.3190029249084806
14,0.0004854213894902544,0.0029007737960643925,4.8858253024230134e-05,2.682616692243904e-05,0.10617310209245404,0.0031972017057330347,0.0011700308043446803,5.3516951739277314e-05,0.047179589241295845,0.0033436358835243277,0.019899808667945267,0.003518680049793854,1.308292151252688e-08,0.01621395496765745,0.3098441578953748,1.258498838743567e-05,0.00017677669680577968,0.00018077972192227546,0.0008421200158889747,1.1539520252107575e-06,0.00020068129265028465,0.0029534314038160833,0.011977879787762954,3.948840579035724e-05,0.4695595327866654
15,0.0005758361763373068,0.001157584160703903,4.2087189885400506e-05,1.7984211756959596e-05,0.06437824201982541,0.0023006442699533853,0.0020009458861172044,6.441337048463248e-05,0.04466095010770734,0.004223821118338621,0.012452152810289321,0.005528247246896802,1.0975108694281757e-08,0.01830957801926805,0.23917429975481105,1.053751114931511e-05,0.0002434077705721283,0.00010373261078942264,0.00046181786740282394,8.24352189789466e-07,0.00021750716264971193,0.002753718683148418,0.013311842178983136,6.35002257229177e-05,0.5879463143199083
16,0.000684291278362617,0.0008015889964465113,7.118217297118598e-05,2.9821129162764724e-05,0.06730667758561677,0.0030535336402010027,0.0032636018966679366,8.984951357268796e-05,0.026596813284561628,0.004338564901974521,0.02289108244797421,0.01452352691891494,2.3872782257367353e-08,0.04970031173078161,0.3893420479934855,3.238264122795027e-05,0.0003329181618185513,0.0003344996366870047,0.00046932631803662893,2.101715394142458e-06,0.0006833275981763262,0.0026726260138896112,0.022484657627120395,0.00010463596628147074,0.3901906069578917
17,0.0006867108242920687,0.0005220672124378844,3.8141933584993695e-05,1.4968500526084018e-05,0.057454126851804156,0.0007883577738600193,0.003176501412684146,4.8982028894833317e-05,0.02718511261319665,0.002525444508659657,0.012508653772450778,0.00802175890469295,9.170759904185184e-09,0.029946217187377746,0.13162532213455902,6.616625988411904e-06,0.00023708890615873842,4.905975851507306e-05,0.0001559423579281917,6.89996573918767e-07,0.00015478619031919087,0.0020122310249904374,0.009229008453220415,4.9115678255889705e-05,0.7135630861782687
18,0.0003546737480856772,0.0006161846134075088,9.333017979323132e-06,4.692292374157666e-06,0.02704725820032961,0.0005638216155013291,0.0011432846109449056,1.335034043334123e-05,0.01671090833801468,0.0014028856895697,0.004540959425115161,0.0014923395717179784,2.2942686935260885e-09,0.009840690086359315,0.07344917916168237,1.4975485839339815e-06,0.0002389540173237061,3.211386807673179e-05,0.00017540660407458513,2.0976611107137365e-07,5.547598303349114e-05,0.0017649149720826193,0.006232894978514341,3.265831521003408e-05,0.8542763109412058
19,0.000688201902990823,0.0007743019319026938,7.012821354647529e-05,2.111252375164114e-05,0.07317475238255824,0.0030646854270720524,0.004223336868476959,0.000125203098195658,0.06507274902445016,0.010469615811280426,0.010510584515560134,0.00944820466931947,2.0937624515006664e-08,0.012332794027036194,0.16263843412761156,1.3236180461762285e-05,0.0003391528926679256,6.020069959600157e-05,0.00044958809656502654,1.0522366129027898e-06,0.00018930249524565804,0.004291111294650647,0.009942373222815038,9.982362057939414e-05,0.6320000337994286
20,0.00023067929185246593,0.0019724159836818724,2.7847936935686594e-05,1.554891443642387e-05,0.024270304235226206,0.002169061780959723,0.0008760234600580156,8.525346043945946e-05,0.0318753274294003,0.002487069872750993,0.012312629570099739,0.007843061122530066,5.831391460541479e-09,0.010706598786341849,0.5045806239537785,7.884733184606953e-06,0.00013664484493952547,0.00010720894670325803,0.00028660881573364176,5.394283345491659e-07,0.0002688678515444146,0.00466987974887988,0.009117536738399072,3.3254000509577315e-05,0.38591912326188876
21,0.0007875411704064563,0.0009579207056298225,5.1366651244603156e-05,3.3450405058988975e-05,0.0634684522138191,0.0016328153205881052,0.001673835750863567,6.632157173454963e-05,0.03596856678420167,0.0034056537271149262,0.02917830748577286,0.008343852753395007,1.3097826934558225e-08,0.03923926790026864,0.3299803715310879,1.6020923528178427e-05,0.0001773205659769399,0.00015732513822182623,0.0003423701132495235,1.3496123174278855e-06,0.0002779079011034748,0.0019670808435973035,0.01574022960921973,4.035717029057936e-05,0.46649230105348183
22,0.0007000511091533503,0.0008290450191641274,6.277460964947696e-05,2.9457324779736138e-05,0.07002642104862035,0.0019930806814743474,0.002114647483627953,6.991996496535726e-05,0.04036244674117583,0.006368494755746689,0.02884873422383508,0.006868160833029905,1.5368070792776353e-08,0.023903821576437716,0.2740807994638182,1.4805914432361661e-05,0.0003946702714045621,0.0001742706719430177,0.00042941385451482095,1.6800117746620837e-06,0.0003489742281884274,0.00300702252253365,0.017916868125457532,5.5909288129109055e-05,0.521398514908073
23,0.0005758361763373068,0.001157584160703903,4.2087189885400506e-05,1.7984211756959596e-05,0.06437824201982541,0.0023006442699533853,0.0020009458861172044,6.441337048463248e-05,0.04466095010770734,0.004223821118338621,0.012452152810289321,0.005528247246896802,1.0975108694281757e-08,0.01830957801926805,0.23917429975481105,1.053751114931511e-05,0.0002434077705721283,0.00010373261078942264,0.00046181786740282394,8.24352189789466e-07,0.00021750716264971193,0.002753718683148418,0.013311842178983136,6.35002257229177e-05,0.5879463143199083
24,0.0006102640309637923,0.0013620227089278275,3.9820547710537164e-05,2.6020902186304462e-05,0.07954646586917159,0.0020404210725541694,0.0016240704257370444,5.3239516693062796e-05,0.0382940584006266,0.003609216252612962,0.016300562785929465,0.005665912257219292,1.1861149228332399e-08,0.022996913526149288,0.20721574240204654,1.0071914064281416e-05,0.0002049264903052039,0.00011353249919104005,0.00042102862064071487,1.0020423558961394e-06,0.00017536078970863204,0.002657874394906036,0.011193455609443242,4.562646554304414e-05,0.6057923786141642
25,0.0009943069072354536,0.0004145835517922516,5.552624850716126e-05,2.2878688191656402e-05,0.06043595575263639,0.000686509869195608,0.0031260773974991743,0.0001228161069574505,0.033751872650353676,0.005926972029388403,0.03778617177971615,0.010146812770943,2.057776446968345e-08,0.037639630196846505,0.25871671660398343,8.66245229258146e-06,0.00022815819161050733,8.434589517366751e-05,0.00017331080349070152,1.6369754458572223e-06,0.00014412933968149292,0.0017204310526000937,0.0098663525637276,4.4812587207757425e-05,0.5379013090077589
26,0.00084657368459654,0.000984401146793027,3.079461802926959e-05,1.3933371854903191e-05,0.07135359254358432,0.0030912519333572046,0.002269175496075607,5.787276721249966e-05,0.07919667184652675,0.0055901605806227585,0.0068594355115809925,0.0022712111367265537,1.367678719038644e-08,0.010821814141248729,0.14562179863754532,9.330833778363516e-06,0.0003719402968649503,0.000131013842950296,0.0007183203653034431,7.721974313432965e-07,0.00018047592795401073,0.0019832134649668807,0.02297620221119963,0.00011220920430543562,0.644507820562704
27,0.0003945754330756949,0.0016204142744575428,2.31286409503073e-05,1.4629433037078804e-05,0.04074232149983725,0.0018682289669549755,0.001207351817039747,5.920940881720763e-05,0.051501821370586474,0.0029882587855757092,0.009941835286713527,0.0038615095125962735,5.263238307690209e-09,0.009563748764068918,0.24416525760102065,5.703687283585854e-06,0.0001520475108541853,5.984763746039916e-05,0.0003697728766803382,3.944715485172326e-07,0.00010971622547072734,0.0034351118872386122,0.00793773286124945,3.2008944053962055e-05,0.6199453678401906
28,0.0005758361763373068,0.001157584160703903,4.2087189885400506e-05,1.7984211756959596e-05,0.06437824201982541,0.0023006442699533853,0.0020009458861172044,6.441337048463248e-05,0.04466095010770734,0.004223821118338621,0.012452152810289321,0.005528247246896802,1.0975108694281757e-08,0.01830957801926805,0.23917429975481105,1.053751114931511e-05,0.0002434077705721283,0.00010373261078942264,0.00046181786740282394,8.24352189789466e-07,0.00021750716264971193,0.002753718683148418,0.013311842178983136,6.35002257229177e-05,0.5879463143199083
29,0.0005758361763373068,0.001157584160703903,4.2087189885400506e-05,1.7984211756959596e-05,0.06437824201982541,0.0023006442699533853,0.0020009458861172044,6.441337048463248e-05,0.04466095010770734,0.004223821118338621,0.012452152810289321,0.005528247246896802,1.0975108694281757e-08,0.01830957801926805,0.23917429975481105,1.053751114931511e-05,0.0002434077705721283,0.00010373261078942264,0.00046181786740282394,8.24352189789466e-07,0.00021750716264971193,0.002753718683148418,0.013311842178983136,6.35002257229177e-05,0.5879463143199083
30,0.0005758361763373068,0.001157584160703903,4.2087189885400506e-05,1.7984211756959596e-05,0.06437824201982541,0.0023006442699533853,0.0020009458861172044,6.441337048463248e-05,0.04466095010770734,0.004223821118338621,0.012452152810289321,0.005528247246896802,1.0975108694281757e-08,0.01830957801926805,0.23917429975481105,1.053751114931511e-05,0.0002434077705721283,0.00010373261078942264,0.00046181786740282394,8.24352189789466e-07,0.00021750716264971193,0.002753718683148418,0.013311842178983136,6.35002257229177e-05,0.5879463143199083
31,0.0013670161358826471,0.0016251984356192026,0.00010214808153949674,2.33119674323896e-05,0.06439160109259051,0.0019150979682215192,0.0022478539238878575,0.0002545764855789173,0.05628034789373655,0.00564112894187485,0.01619245357639935,0.008784449861961608,3.697780848341124e-08,0.021045188827054234,0.35440870483237197,2.0382026105026228e-05,0.00036851252852533443,0.00014388041696279148,0.0009426052988336139,1.2266994916216589e-06,0.00028280274304128206,0.0035432989053959265,0.011237420631594225,0.00011226920914493374,0.4490684865389458
32,0.0006487851531454501,0.0014427506266618526,4.479297538949171e-05,1.8751446560886533e-05,0.06791142100567042,0.002570055714985684,0.001860424842807742,6.809710112261837e-05,0.04673063138181093,0.004315920783775478,0.012020050018384186,0.00508721872672969,1.2778575630885075e-08,0.017841561947074036,0.240889149369343,1.1737507792909341e-05,0.000266977035319939,0.00011889492272638078,0.0006336012965288931,8.229321240765701e-07,0.00021339606827476128,0.0030227475223367547,0.013126709121071528,7.129455178645123e-05,0.5810841951700012
33,0.002661041321504977,0.006541482822180852,8.583293412712219e-05,5.3334828214764356e-05,0.09905283334199129,0.018407824023181196,0.007661799303693173,0.0001940453584099351,0.03357861699847039,0.0064048134732347705,0.0035530839769125746,0.011055048843753372,1.443170160401105e-07,0.0290108874843353,0.1271976505352308,0.00014265353829971808,0.0029186541234735817,0.000979463107661072,0.014181333296117472,1.1433863429183622e-06,0.0004229932924645908,0.025931009631511796,0.013958195296786796,0.001435961590259218,0.5945701531748263
34,0.006288904755912007,0.0010551389950714128,8.976413232115907e-05,2.430718203363175e-05,0.14421423592298954,0.0006159353677812945,0.001435963001933187,0.00010895038448388266,0.059354440256680976,0.005519891286161479,0.03301330157240931,0.002411242673375517,3.487789130278858e-08,0.04186283255145126,0.18866367249765265,1.1604935151762104e-05,0.00033511724475055425,0.00011241312776401982,0.0015795347833266523,1.042861518967649e-06,9.085435275694172e-05,0.0011737867204854157,0.008525462633731353,5.976940480741027e-05,0.5034517984775583
35,0.0009899153284034725,0.001901663841117864,3.4987025527806515e-05,2.259874955001492e-05,0.0564857228326005,0.002041976025570055,0.001668493563869451,0.0001480108792215101,0.09866099101835847,0.004189846638022499,0.012438778275076808,0.004129505452417755,1.1801623294174239e-08,0.008553825294001454,0.23917192171757082,9.880931235188588e-06,0.00023548333298797886,8.243170946333126e-05,0.0007121550485741874,4.904031551179223e-07,0.00010296464820343687,0.004521893270045909,0.0071447433614350115,4.057179244303991e-05,0.556711137059525
36,0.0005212462596896332,0.0007947157846076783,2.293549108700294e-05,1.6579540082175425e-05,0.027681618721178514,0.001374997259478486,0.0036646652132947054,0.00011724700174491938,0.028864169877708457,0.002617541817767197,0.01214984284928392,0.01693291166108737,9.86874822194738e-09,0.021452590315423983,0.23073510845676606,1.073807345430212e-05,0.0003713819047785474,0.00011174402573302581,0.0002479538281150232,5.403158570394683e-07,0.00014657764937237058,0.007128139610914823,0.006159841957590244,5.48165599385755e-05,0.6388220859562977
37,0.0010789713144595413,0.0005970664741901538,5.0824743539951987e-05,1.4728987925203473e-05,0.07095061772393724,0.0015260767361685035,0.003578829895733891,3.1010234140667124e-05,0.015555503282965092,0.003079717219811168,0.009999019409771681,0.006728087538437155,1.7477624718327467e-08,0.0717939780361414,0.15347641669417433,1.511924568398316e-05,0.000409199185421978,0.00016016577701701736,0.00047200958489806836,1.0741851725811171e-06,0.00036267040330504414,0.0014872778177450387,0.02193402893246814,0.00018154293826673533,0.6365160461610008
38,0.0005150852867551878,0.0013044495069275198,4.6234149866312446e-05,2.506585229718821e-05,0.05815696601012402,0.005907573540066338,0.0031764845424490282,7.892117952330978e-05,0.04392764181153132,0.0049265321017977716,0.012790000639601371,0.009064725869459453,1.6410982583094458e-08,0.022243124009369813,0.3660549817454124,2.8116202030686586e-05,0.0002994803788261841,0.00026315418792487345,0.0007214233153622527,1.0590726484448687e-06,0.0004891782159135262,0.004026201153886666,0.022778248171328237,0.00011283254985212368,0.4430625040960632
39,0.0005089655785195997,0.0016641109314701839,6.223470166960232e-05,2.1189733624564424e-05,0.06483406374151092,0.004292327750648733,0.0021508942013595714,9.511980283187378e-05,0.05407108001730076,0.0042774034199620425,0.010234745437928903,0.008365504543273065,1.4023438988327057e-08,0.014597619134748049,0.2952804314310462,1.89438013587785e-05,0.0003344506102270661,0.00014383677769846302,0.0006754910934597026,9.393609989588678e-07,0.000452223146096748,0.004488360787126563,0.016081409944130477,8.656629394268044e-05,0.5172620737356274
40,0.0005740922876716545,0.0011498890899750377,4.237143111759468e-05,1.7482491207715494e-05,0.06510983342194365,0.0021979070600915396,0.0019713481337266586,6.244713350537571e-05,0.04333170395345299,0.004092949935507952,0.012469520860994529,0.005527560786222447,1.0782546353194054e-08,0.018784147620833348,0.23674291380555068,1.0210728176374022e-05,0.00023920236382824004,0.00010048709055997185,0.00045272304419972443,8.147338652890622e-07,0.00021444864324879917,0.002688339863327366,0.013002078505624098,6.22094210356592e-05,0.591155306811787
41,0.0006345557999207941,0.0016149089624028863,4.3245755174993485e-05,2.3742601344339694e-05,0.08775035122323215,0.0024226425644290287,0.0014523472345373315,7.850716370960982e-05,0.061224274539324886,0.004081264581037675,0.017015510940484768,0.0045477598849257735,1.2724930211303722e-08,0.01888226515473003,0.29418555504702987,1.2376758124817088e-05,0.0001732115556194697,0.0001296509987509669,0.0005993273822042857,9.515938067149661e-07,0.00017761815794250867,0.002353117451581295,0.011875256600616547,4.406194905314015e-05,0.49067748337508593
42,0.0005697232834535313,0.007629051083037709,0.00011609064769642419,5.0156245744089885e-05,0.048110531417477176,0.008093765583137989,0.0013239046200988899,0.00032773546587275054,0.12267834622235595,0.0043172305264087,0.010125918574264535,0.010411597021981347,1.6500899501579478e-08,0.004131497835394625,0.39267233474621466,4.221156385179275e-05,0.00041614647819337503,0.0001243176654361354,0.0021752664400945514,5.701437252903112e-07,0.0004231942504101918,0.02337587149376386,0.006774977210397513,5.655314194627834e-05,0.35605299183814293
43,0.0005992712032964713,0.0014707741123484903,0.00010883773717629894,2.9735754628233863e-05,0.09054264250951431,0.010695056629726748,0.0032176024190345353,0.0001712507350960576,0.09498561216927363,0.01466105704035922,0.008992855339461541,0.009019097259594652,2.9410551418548358e-08,0.00837943383339175,0.2973242995016191,3.241080261424896e-05,0.0006520120619664388,0.00018053567582016375,0.0011768712230089582,1.6489185044415458e-06,0.00094439485559989,0.0067766317863652,0.024302845319103053,0.00017998071551636138,0.42555511298642884
44,0.0005758361763373068,0.001157584160703903,4.2087189885400506e-05,1.7984211756959596e-05,0.06437824201982541,0.0023006442699533853,0.0020009458861172044,6.441337048463248e-05,0.04466095010770734,0.004223821118338621,0.012452152810289321,0.005528247246896802,1.0975108694281757e-08,0.01830957801926805,0.23917429975481105,1.053751114931511e-05,0.0002434077705721283,0.00010373261078942264,0.00046181786740282394,8.24352189789466e-07,0.00021750716264971193,0.002753718683148418,0.013311842178983136,6.35002257229177e-05,0.5879463143199083
45,0.0008018082964013375,0.0013224017613705705,5.656567579314913e-05,2.4746259899356664e-05,0.0550811318781675,0.004476858711168978,0.004915175890580334,0.0003543501409743604,0.07018852658262556,0.008080464633133248,0.01287477725689749,0.011836010522466887,3.539398681765492e-08,0.016332801694381633,0.4417756848566503,3.264423274818218e-05,0.00032319157513390574,0.0002175935400922411,0.0009145809928105109,1.096218309415497e-06,0.0002564638709355514,0.005824052210968271,0.009924248455135277,0.00014035334390823196,0.35424443600546085
46,0.000678760725440793,0.0011399791854386557,4.6638686245476585e-05,2.0424741848232705e-05,0.06326974805801737,0.0025295182703252315,0.002288098095996978,7.267600950170822e-05,0.045408093003105034,0.004810814850910066,0.012177602549408367,0.0062985339374658274,1.305619761552488e-08,0.01741894072770693,0.21388150457398433,1.1935562573555554e-05,0.0003261158073231646,0.00010694920693254561,0.0005098516998990382,8.806994324361095e-07,0.00024154295409372633,0.0034097104170083613,0.01352609374021186,7.495038764012339e-05,0.6117506230532924
47,0.0026804912404552244,0.0015892520678172603,0.0001060522837776635,4.715256992668345e-05,0.06515478712923234,0.0042441020871395495,0.00568790154425941,0.00020191750825309662,0.05890033845175258,0.008178051615588874,0.010886443351647733,0.013465588268495109,4.7384718963285235e-08,0.021062306470092548,0.17143563249831467,4.5137775631289304e-05,0.0009409784396114384,0.00015831128585614755,0.0016475594114305986,9.517622838573533e-07,0.0003557201579467822,0.009606125089997412,0.013513184936629065,0.00024609385008162154,0.6098458728190601
48,0.0013029199010758854,0.002014634400052233,5.456757512268562e-05,1.6092841985006803e-05,0.059235961431386035,0.00532123126805806,0.0034820550822341188,0.0001435953960884426,0.05474390342771294,0.008810793887637523,0.004643128099855107,0.0047095619662191,3.280332282659585e-08,0.010665778525372746,0.1599785940085481,1.907146129417917e-05,0.0009957139316469606,0.0001582978611453243,0.002372216581587876,6.992190518655536e-07,0.00022328575801681613,0.007333065976049393,0.012511082530782163,0.00034219978872160827,0.6609215162770331
49,0.00041848753265874236,0.0017468500972829834,6.082224227380138e-05,2.2785290926368617e-05,0.05999955666808358,0.004052678848786307,0.0021617983338849045,9.600762051490905e-05,0.05665019595969568,0.005082682079525934,0.01039249445386593,0.009522190677461644,1.2235516414400107e-08,0.010450949263189195,0.2492825730076667,1.396468271690113e-05,0.00029380044413618257,8.946453414718442e-05,0.0005242776789244627,8.766490269559053e-07,0.00030994489142858566,0.006210048128929408,0.011104731125958816,6.639128994028776e-05,0.571446416263458
50,0.0010289258722523558,0.000574739695813909,4.64379872170539e-05,1.6147775811094244e-05,0.06776653230870855,0.001525613962169051,0.003715224998201173,8.589118037608377e-05,0.03999485775434537,0.00700553734744632,0.013099920014438656,0.005715089736916391,1.8496129287382623e-08,0.025263904660915767,0.17375487118293118,9.930746293335701e-06,0.00031384630283555725,8.23257579635526e-05,0.0004250623686603727,9.73458825403124e-07,0.00013998457406239713,0.002070100476804758,0.011335489742316027,0.0001012116945098422,0.6459273619040566
51,8.378563997293692e-05,0.013595251361262349,9.674666477145275e-06,3.711521445045673e-05,0.007226218947009987,0.0010327085922315349,9.982083262136876e-05,7.405274933106595e-05,0.027994361395020213,0.00042628642211691836,0.013512621547232932,0.002628766317134243,1.1764026869689492e-09,0.002473438966522869,0.6641234887209693,2.602986101281316e-06,2.337414056353105e-05,4.482452037031281e-05,0.00015307872510930933,1.5655304228353957e-07,6.832159166182088e-05,0.007847422087545896,0.002517814727795426,2.8366925081746233e-06,0.256021975426546
52,0.0007129640980433989,0.0009896482168263688,3.8611903978046003e-05,2.8597739904895468e-05,0.0720497456092932,0.0043469910799520395,0.001787232636820014,0.000145434410380625,0.06553937788055109,0.011276644417942449,0.020962006821925547,0.0066521014766404915,2.2898114485661905e-08,0.018617244868637042,0.4099467271362971,1.62022973354489e-05,0.00018800584334744804,0.00023462152557187995,0.00072029655563031,1.616946553468577e-06,0.0001958317640151176,0.002666875217127795,0.012835476877730408,6.679014439725104e-05,0.369980931632984
53,0.0006108090690822847,0.0013159069299024271,4.3099715113651836e-05,1.808299409765978e-05,0.06459306342368565,0.0023641524586026207,0.0018456364936233567,6.854188821514952e-05,0.04609484658534563,0.004261375599614974,0.012051211897777345,0.005299294662635264,1.1332462824619546e-08,0.017341396487762527,0.24217155544395283,1.0609767377439387e-05,0.0002495891491690489,0.00010298593155698627,0.0005366526645322468,7.80204572351241e-07,0.00020784723401634137,0.002951285905944433,0.012373327552101484,6.432852089571638e-05,0.5854236080879598
54,0.0003470992885236481,0.00159539166920719,1.7926942167911896e-05,1.0781978727470616e-05,0.036405769260061074,0.0014212982160897486,0.0012198130536679786,3.495094111164489e-05,0.030313768311424932,0.0018479790130390733,0.007396025947497629,0.0032927727543395767,3.6522207453714396e-09,0.013584914856548176,0.21633048965038112,4.6416393005741905e-06,0.00012320478812294385,5.0619036614005946e-05,0.00031698616504520337,2.7630431226991597e-07,9.574307539442107e-05,0.0027130369717755388,0.006953696650061576,3.424557523236348e-05,0.6758885642591332
55,0.0005107560740015912,0.002454858462690825,3.7855664675176636e-05,1.5219747763268e-05,0.04942755362806767,0.0015123679667485557,0.0005006273028507592,1.7291410493001333e-05,0.029279545966862344,0.003989088569595868,0.014073981231643202,0.0006950779292202978,3.1681786962533137e-09,0.009321356068524078,0.2480241870887561,3.2803577876088166e-06,0.00020719567449972278,5.117509385653166e-05,0.0006917510435606884,4.1214991535161984e-07,0.00019188103280337062,0.001877655135741411,0.015971461304915422,3.5959750380172026e-05,0.6211094581764683
56,0.0006557986499204262,0.0011775664118323793,4.651385193352627e-05,1.998767246308145e-05,0.06790823984441058,0.002580998770485901,0.002238189866208484,7.797540368348043e-05,0.04806596136729703,0.0048870411970890785,0.012738118656774247,0.006033375932892397,1.4515400779975714e-08,0.018885151228985497,0.23936452601647862,1.2457640798477341e-05,0.00027223671982405797,0.0001174725784717916,0.0005325748973084071,9.522333250469936e-07,0.00022608129357913596,0.0029311368759311284,0.01368562949536008,7.485858078580943e-05,0.5774671402987606
57,0.0005788348034703891,0.001156440581978822,6.448039164913635e-05,1.791338667557039e-05,0.07835752655265511,0.0026184672605060163,0.002295240543253399,7.699709231809754e-05,0.04967616902962394,0.005089427332493904,0.012190739474518136,0.007395154882666614,1.4302063935337378e-08,0.01741891803767494,0.2277936573472283,1.30381468493088e-05,0.0002906824467191698,9.319320583446883e-05,0.0005178244254267082,1.0043471183892916e-06,0.00027610583679402807,0.003197420251826052,0.012874720358566395,7.407651179606983e-05,0.577931953450293
58,0.0006817766020685945,0.0011645629689457423,4.8021520576513056e-05,1.7316983736988254e-05,0.06699948282007959,0.0029246411219871586,0.0025113917896583057,7.775224339971154e-05,0.04458138696890279,0.005536827622512977,0.00986840433074938,0.006116194524301867,1.6719924904611652e-08,0.019068675378019248,0.22192252550545943,1.2885039664650053e-05,0.0003294061138708634,0.0001255374078215988,0.0006182178258484776,9.656992669643248e-07,0.00024856271591434595,0.003058668259920079,0.015370300416134358,0.00011325603346596146,0.5986032233877695
59,0.0006697520976737359,0.0011661504369999429,5.9047554022484104e-05,1.7879109008370455e-05,0.07123600891673879,0.002746974159621724,0.0025275679251883384,7.950400310919899e-05,0.044846467774329525,0.00544802579809116,0.010731275426307607,0.006582994759816009,1.6996727350111175e-08,0.019238641384143024,0.2251206711827774,1.3415377146903124e-05,0.0003310019082998514,0.00011439467014430282,0.0005865805716583678,1.0516595928029489e-06,0.00028012308862090967,0.003058732461339998,0.015330863341798165,0.00010658443232622069,0.5897062749645178
60,0.0005758361763373068,0.001157584160703903,4.2087189885400506e-05,1.7984211756959596e-05,0.06437824201982541,0.0023006442699533853,0.0020009458861172044,6.441337048463248e-05,0.04466095010770734,0.004223821118338621,0.012452152810289321,0.005528247246896802,1.0975108694281757e-08,0.01830957801926805,0.23917429975481105,1.053751114931511e-05,0.0002434077705721283,0.00010373261078942264,0.00046181786740282394,8.24352189789466e-07,0.00021750716264971193,0.002753718683148418,0.013311842178983136,6.35002257229177e-05,0.5879463143199083
61,0.0006406265317564898,0.0011184396647842504,5.4415718026417905e-05,1.6435755824309133e-05,0.06994153840012883,0.0025101473331063185,0.002317094167807921,7.007724876275353e-05,0.044431140566904746,0.0050079514077115694,0.010823595872943036,0.006099241175838022,1.4467744662772239e-08,0.018870610613647375,0.22072125650597865,1.1919915710671864e-05,0.0003028550557016158,0.00010315304660999358,0.0005424165610911497,9.375496081831652e-07,0.0002585385849274999,0.0028246583966248977,0.014721376629953984,9.185429271855224e-05,0.598519704536088
62,0.0005758361763373068,0.001157584160703903,4.2087189885400506e-05,1.7984211756959596e-05,0.06437824201982541,0.0023006442699533853,0.0020009458861172044,6.441337048463248e-05,0.04466095010770734,0.004223821118338621,0.012452152810289321,0.005528247246896802,1.0975108694281757e-08,0.01830957801926805,0.23917429975481105,1.053751114931511e-05,0.0002434077705721283,0.00010373261078942264,0.00046181786740282394,8.24352189789466e-07,0.00021750716264971193,0.002753718683148418,0.013311842178983136,6.35002257229177e-05,0.5879463143199083
63,0.0005044506675693916,0.0015624900217321572,3.4990667019987525e-05,1.740276386480226e-05,0.057706059962761194,0.002344710068206646,0.001545582832492272,5.829232771043516e-05,0.04516777202288674,0.003430499909204352,0.011473279597597743,0.004481309392393723,8.906545473453209e-09,0.015158076356276428,0.2533319781432885,9.14007058579575e-06,0.00021145016386740732,0.00010222600454972177,0.0004937260219262797,6.700909706772869e-07,0.00019257393969216038,0.0029851155130634025,0.012153849552867867,5.28437758945166e-05,0.5869815012270323
64,0.0005019951133161301,0.0012004597015411328,6.0198939565370366e-05,1.8409409275604943e-05,0.06633801051236994,0.002761976042255954,0.0019627166247946195,6.069105148352869e-05,0.042955595505402615,0.004211467343084066,0.011972078066549713,0.007183352490923236,1.1456867678614624e-08,0.018060006650711197,0.25473377890490995,1.2924042922193074e-05,0.0002983581186979335,0.0001056923068144175,0.000443621446540805,9.777236199114117e-07,0.0004155944591405136,0.003073370863780193,0.017609251240906888,7.291080389314308e-05,0.5659465511806332
65,0.00045398757140453723,0.0012749102277216423,3.858912269645287e-05,1.6195773264528204e-05,0.06003681606094207,0.00247560453639669,0.0018103296381408436,5.088486698967045e-05,0.039720907551818,0.003386853168310362,0.010268453186295276,0.0052116683653413015,9.010867247584527e-09,0.017190685971019564,0.23333342559381792,9.809849026470059e-06,0.00023618846789339552,0.00010636946123283097,0.0004260469472549113,7.690646035376856e-07,0.0002552896651768679,0.0027452995143871523,0.01479237421494192,6.378573707025047e-05,0.6060947464333865
66,0.0020251402571665944,0.0003411346851018302,0.00019434485145035523,2.0334352787783625e-05,0.3117005624922906,0.002407656041105131,0.007856828929853668,8.985675377072969e-05,0.06728690164502542,0.013741351034420927,0.012949942746675054,0.005505134533045284,7.287053574637392e-08,0.025442024558980744,0.06742958777639406,2.4976986504374764e-05,0.0005916438681853313,7.859435789172942e-05,0.0009003742581742374,2.7284156599981277e-06,0.0002340186552041081,0.001328954467985006,0.013052171276717348,0.00017531194426333852,0.46662035224081044
67,8.09227622819319e-05,0.001595367232618012,1.3671204481941625e-05,9.038759909126202e-06,0.016918588817181893,0.004524914248714648,0.0009441808383023536,1.1636547626524778e-05,0.014513359325378903,0.00103015143277526,0.0033760382265096795,0.0041451331717034835,2.2859167097914458e-09,0.010075709802493312,0.20989139583574912,5.649624111485515e-06,0.00019455833990304243,0.0001304986055515998,0.00019104563217056181,4.666665075785478e-07,0.0005454579213699527,0.00297326136366687,0.031094306871705155,6.370094550010015e-05,0.6976709435378707
68,0.0005679724252804737,0.001154824447952091,4.20464422481872e-05,1.7958510798417415e-05,0.06416462293732121,0.0023276781283259476,0.0020086631756072713,6.478437224074078e-05,0.044544641259046766,0.004225824324884317,0.012421035268375355,0.005605254093425922,1.0972797614176104e-08,0.018258245988981424,0.24096692319358426,1.056626857067642e-05,0.00024319514564489068,0.000104527412369318,0.0004576480707413855,8.306011092153702e-07,0.00022066251782722367,0.0027674064807374867,0.013362528785634252,6.365235215785799e-05,0.5863984968243378
69,8.155078158572072e-05,0.0005138452988206144,1.1378997388185848e-05,1.2074003936950028e-05,0.02363677679382666,0.000897188550498221,0.00037569621415121956,2.1841243681647465e-05,0.03957711220331111,0.001957820460032945,0.035735583547845264,0.0028601584557985506,1.3119947857289408e-09,0.005700371964837479,0.4375473296791206,1.3736988314042638e-06,5.6009291075580866e-05,7.087508324958724e-05,3.23312642554475e-05,8.684988810721103e-07,0.0002174785447418281,0.0011193047484389994,0.018196552033110727,3.836217193068726e-06,0.4313726411133924
70,0.00045194438190403587,0.0011515752627339702,4.836400001561673e-05,2.499347570841371e-05,0.06826400735807037,0.003074339819132749,0.0020947065358422074,6.914592986486426e-05,0.05787406822729566,0.004671345290789748,0.015169924917540297,0.0067685879486231665,1.0370557844491857e-08,0.01607974249148308,0.26373781612069386,1.3168750138649556e-05,0.00018283369822613875,9.981541111825118e-05,0.0003711832938500908,9.91294513406891e-07,0.0002528337730380223,0.002863392207828753,0.014600423779848498,4.7685009626694924e-05,0.5420871006515556
71,0.0007519410475544303,0.0006467654924197378,4.117986040588481e-05,1.6270501591576097e-05,0.07729517972345917,0.002171142225484612,0.003991479687765595,7.467580135011044e-05,0.05092265318899946,0.006126080045574023,0.01071961408726033,0.005464546308602771,1.4977353557628175e-08,0.01906269371362535,0.16391567732296147,1.0443684247765266e-05,0.00029885547502259916,8.536004283915629e-05,0.0003925764481385179,9.35557255292348e-07,0.00016720953320749178,0.00232836866008746,0.012810715444840718,9.040842224808908e-05,0.6426152127477048
72,0.0016496916704027886,0.0004042224205273261,0.00021838673824306227,7.25282856596572e-05,0.2260117284855367,0.028372091822401423,0.08639632435606956,0.0009118193188812915,0.10749790173245417,0.014016117624511154,0.007458600283823206,0.0581265025330189,3.606669854240741e-07,0.04148668628855578,0.16120658668915988,0.000637265122516326,0.001403004318417215,0.0010904820135061906,0.0016628949230415386,6.161588564015195e-06,0.0015317434157230722,0.006643175030024963,0.02687689509842975,0.0011826478032749812,0.22513618177027167
