,0,1,2,3,4,5,6,7,8,9,10,11,12,13,14,15,16,17,18,19,20,21,22,23,24
0,0.046564292615371004,0.0006186672085604325,0.016533832156989243,1.1649551763282617e-05,0.00036540293243553706,0.0020140183252979225,0.019275245669785352,9.903755246940142e-06,0.3157169265441139,1.9335449096059284e-06,0.023780568196618206,0.0004681179908829331,6.051185400566454e-08,0.004762784426452449,0.4406130741692982,0.00021968987220762228,1.1885129331787794e-07,3.795748150943881e-07,0.056882909758438745,1.2828324110584636e-07,9.806213518142905e-05,7.807807090196664e-05,1.356573136377862e-05,2.6814519443075964e-06,0.07196790867103359
1,0.028250801622698437,0.0006738397225062363,0.008349251258303844,1.1974701124364932e-05,0.0002627432623948713,0.0010006126301897542,0.012085362179399567,1.3289540591750818e-05,0.2674032281525976,3.163662559043474e-06,0.008459570504012219,0.00022881438282915833,2.6201750060445593e-08,0.0036780513267611436,0.4678892057841929,0.00019924492039952692,1.3649652581552073e-07,2.2345346609643105e-07,0.08106902174348882,7.002085447289471e-08,0.00014344212478061008,8.192767360332036e-05,9.877999790246174e-06,1.970467660656764e-06,0.1201841501675196
2,0.034151444933818345,0.0005992847123206701,0.0036440542157737087,7.831219068007084e-06,0.00017751775280457115,0.0008780742987227585,0.0089443922802039,7.881030743423194e-06,0.08278132351303785,1.6547645867411325e-06,0.0074943717434425685,0.0002443742536657078,1.594302570507778e-08,0.003276070689429482,0.6953056299915388,0.00017352408176872484,2.3096357303633617e-07,2.695844514978547e-07,0.04380506749112253,4.136283709391544e-08,0.00014305975369925984,0.00012208071461124542,2.4410127964474746e-05,1.965080231734079e-06,0.11821542949755806
3,0.05022705548169037,0.0010015926605097156,0.008707073419989544,1.654115496312958e-05,0.0003384373498115362,0.0011582969533731518,0.014102845257889358,1.4308120040772516e-05,0.1552079927640194,2.904964640160998e-06,0.013666277883458904,0.0004185095897001337,3.482867297484942e-08,0.005148093392650726,0.5292226877206191,0.000171963109270578,2.880983417749522e-07,5.502516644629912e-07,0.06100377698488472,7.250983229936446e-08,0.00019813326904337836,0.00012963414178266718,2.0688621406606448e-05,3.564111313477381e-06,0.15923867736043132
4,0.05026162244071333,0.0011137210402221418,0.010186911994283147,1.80456253012688e-05,0.00039880583991470274,0.0013579213961926423,0.015236455106937712,1.3639976916542213e-05,0.1657496141694748,3.1373189314182502e-06,0.014689000169677594,0.0004563496255899508,4.7009613560163814e-08,0.006372793720169483,0.5249966401477524,0.00017971158634263562,2.8466591848877463e-07,6.071443505440181e-07,0.05850710839693615,8.370368191535645e-08,0.00019028229984411843,0.00013681352700115656,2.2030468984152343e-05,3.809120036178915e-06,0.15010456350521414
5,0.05415982026309138,0.0012938057645630763,0.009471177546191369,2.598571106796839e-05,0.0004288073509637322,0.0013373057891621011,0.015991380758713942,1.7694613530272627e-05,0.14421442500232928,3.891235213596534e-06,0.016555881532234456,0.0004769161842471661,4.471472720629924e-08,0.006307953864870162,0.49557381834114467,0.00017934313988791423,3.6523632085497684e-07,9.093785660126639e-07,0.059578603457677785,9.063780363573897e-08,0.0002709259857177165,0.0001440911595779151,2.8946973671148337e-05,4.946800728259263e-06,0.1939328685579981
6,0.05022705548169037,0.0010015926605097156,0.008707073419989544,1.654115496312958e-05,0.0003384373498115362,0.0011582969533731518,0.014102845257889358,1.4308120040772516e-05,0.1552079927640194,2.904964640160998e-06,0.013666277883458904,0.0004185095897001337,3.482867297484942e-08,0.005148093392650726,0.5292226877206191,0.000171963109270578,2.880983417749522e-07,5.502516644629912e-07,0.06100377698488472,7.250983229936446e-08,0.00019813326904337836,0.00012963414178266718,2.0688621406606448e-05,3.564111313477381e-06,0.15923867736043132
7,0.03406669442807134,0.00048743768202696595,0.00403128067781929,1.4512316091857813e-05,0.0004247329145174588,0.0014805742149592814,0.006363230926513042,1.3590914874059177e-05,0.08245631714499277,3.3584066123405527e-06,0.006316793149622814,0.000411736838183996,1.0093470442501848e-08,0.005502997053516096,0.5910052374761636,0.0003477161105917697,2.709739458542886e-07,3.761345999359224e-07,0.08385281189329977,4.011347986290486e-08,0.00035951659392243564,0.00017373823429308168,3.5149422049201304e-05,1.5251461726306046e-06,0.18265035114021005
8,0.05375347241365198,0.0010128060717011543,0.009053028175694417,1.885477942452281e-05,0.0002971050939453905,0.0009017776661275565,0.01488042911776529,1.5348312043674868e-05,0.1380063478988088,3.289309050718969e-06,0.009619580690382221,0.0003664704027430493,3.284770478118999e-08,0.005083587205530385,0.4986731866482012,0.0001892932603828883,3.0608249611999e-07,5.064161102104659e-07,0.05348303840220287,7.185209561367565e-08,0.00020136847242825502,0.00011724272456102034,2.2918531324836704e-05,4.3237807145841335e-06,0.21429561384490833
9,0.05307153761530713,0.0013726701626053403,0.016592502684337342,2.302348247213866e-05,0.000304229157499307,0.0005639659114492206,0.01651955203555602,1.722538712538413e-05,0.20476871906595345,3.544240131949451e-06,0.00834004950684922,0.0003016176730161597,5.6485738526649805e-08,0.004370439764712465,0.38909616299594985,0.00012053625229340614,3.0746243374188107e-07,4.660579308180581e-07,0.038933454252840775,8.377104921516702e-08,0.00014246837240274377,7.43937721727009e-05,1.3753164596991402e-05,7.955197269458353e-06,0.26536128552830673
10,0.05022705548169037,0.0010015926605097156,0.008707073419989544,1.654115496312958e-05,0.0003384373498115362,0.0011582969533731518,0.014102845257889358,1.4308120040772516e-05,0.1552079927640194,2.904964640160998e-06,0.013666277883458904,0.0004185095897001337,3.482867297484942e-08,0.005148093392650726,0.5292226877206191,0.000171963109270578,2.880983417749522e-07,5.502516644629912e-07,0.06100377698488472,7.250983229936446e-08,0.00019813326904337836,0.00012963414178266718,2.0688621406606448e-05,3.564111313477381e-06,0.15923867736043132
11,0.05222072925516835,0.0010753363785679908,0.00929218057588109,1.7431511773604085e-05,0.00034925732464745286,0.0011896333005061949,0.014832150544393002,1.4534404341457397e-05,0.15912448204124927,2.9870935017889885e-06,0.014400330893785732,0.0004433349584304131,4.1063522675422004e-08,0.0054629173382620515,0.5225296799724103,0.00016902339047611875,3.0480029719797446e-07,6.035192640907186e-07,0.059074084676872037,7.912182119539822e-08,0.00019447502389905382,0.0001336583746013897,2.1421894215065984e-05,3.87746437102467e-06,0.15944744507774153
12,0.15901395210114055,0.0026282115299758038,0.006810243368705179,4.639915952287073e-05,0.002159580468943987,0.006142010594978086,0.01078449137390967,1.1882442353884692e-05,0.010735714298505486,5.622193642395889e-06,0.02260315923007607,0.004934634340060434,9.206490670190885e-08,0.06289112797206717,0.46895061988800657,0.0005682768202115478,2.338475912264168e-06,1.1416315313307528e-05,0.03572240911191535,1.132218572852282e-07,0.000883836238034318,0.001849920090673414,0.0006026168109964209,7.264277208460361e-06,0.20263406761108285
13,0.05353362443097786,0.0008010749806357038,0.010864988016283633,1.4187276913857665e-05,0.0003093784432815222,0.0008963955089666941,0.01220922923471107,1.3723410221461034e-05,0.1498553263400421,1.4059268257057667e-06,0.02406395753643721,0.0008786857209255243,3.5375073552975955e-08,0.005657051271014647,0.5502748492391765,0.00011494515770280262,3.643350907009202e-07,5.394455264964642e-07,0.060148171590181584,8.00241027494865e-08,0.00021302905834340828,0.0001638326198085893,1.863043228781354e-05,2.5938226763039037e-06,0.12996390080279255
14,0.006807821096165218,0.01803014007629778,0.00709669320299975,3.533846766866818e-05,0.001220000069563574,0.0024722835587210677,0.011905412470807751,1.7791693191802783e-05,0.515997791117146,4.5058154618234646e-05,0.018402916617207006,4.134670487428152e-05,1.840515687512237e-07,0.003847303912267589,0.2899409030397075,5.334122712404481e-05,1.1289667584178381e-07,1.2271919859822418e-06,0.059766036987300056,9.349530549985507e-08,0.00021461572919723024,0.00011529111415604725,5.902070138736993e-06,1.0594090144490107e-05,0.06397180096516704
15,0.05022705548169037,0.0010015926605097156,0.008707073419989544,1.654115496312958e-05,0.0003384373498115362,0.0011582969533731518,0.014102845257889358,1.4308120040772516e-05,0.1552079927640194,2.904964640160998e-06,0.013666277883458904,0.0004185095897001337,3.482867297484942e-08,0.005148093392650726,0.5292226877206191,0.000171963109270578,2.880983417749522e-07,5.502516644629912e-07,0.06100377698488472,7.250983229936446e-08,0.00019813326904337836,0.00012963414178266718,2.0688621406606448e-05,3.564111313477381e-06,0.15923867736043132
16,0.055139371477318164,0.0013009591187481142,0.006521651315155175,2.4053107176808025e-05,0.00031876204318472104,0.0014113891394564636,0.01706177040977076,2.1684547086687382e-05,0.12541215923722002,6.025226192662052e-06,0.014691446420732134,0.0004497612622477933,2.985057086611281e-08,0.0053022101874702875,0.5028837581312263,0.0002685195413903869,4.014748464546455e-07,1.0744353617681707e-06,0.0754240678305556,9.681991873275289e-08,0.00046913951706354165,0.0002015506225233165,2.9587587990345056e-05,4.3626439590618e-06,0.19305616805283388
17,0.07673223055981702,0.001231166204455567,0.011988120497143172,3.848608817018446e-05,0.0004899168181075914,0.001502480208580123,0.01954868081856436,1.8563405854178747e-05,0.11437264083296216,3.773742594582396e-06,0.017188071184009324,0.000825954591370122,5.7689266145063564e-08,0.0119607410876574,0.42524756285998355,0.0002369857124050587,4.214002504591499e-07,1.2333567308340768e-06,0.05827236989458254,1.2038886275659477e-07,0.00031942853859478495,0.00017052029574695662,4.7477160709703554e-05,4.828908942562624e-06,0.25979816775463893
18,0.11610336212575348,0.0014229805724657785,0.009644109558067661,1.952421672762234e-05,0.0002437024919445579,0.0005137556463363378,0.01565674018751746,1.921365033465131e-05,0.08370079641624978,2.932916378846177e-06,0.00965392218476009,0.0008274311204113309,4.486399089962748e-08,0.0053149114473785425,0.3967914518339278,0.000129177169266037,8.571570687864019e-07,1.2194208518068955e-06,0.04724774866967417,6.882831042682913e-08,0.00024102251860292262,0.00023121741735346635,2.661120447439578e-05,7.983985227650036e-06,0.3121992143969256
19,0.039180369851720714,0.001150449066635956,0.01706397910106878,2.136242910293507e-05,0.0005563843307453102,0.0012641391371095699,0.013057943897971705,1.7753679418894542e-05,0.25717236077357275,3.838894177561733e-06,0.014684333956117051,0.000604846342917243,6.033279132835985e-08,0.007265730487536214,0.4326985041420287,0.00014804850692514717,2.8238285693693544e-07,5.567788427063499e-07,0.06225759152948392,1.0561755807943959e-07,0.00018935538755986023,0.00015495971535028257,1.3804338632393333e-05,3.714139544061364e-06,0.1524895251803318
20,0.033501908370012844,0.0009611610015676415,0.005961411489241151,1.2454642026959925e-05,0.0003280874271773366,0.0007933217375037459,0.008781076032258103,1.935876591477325e-05,0.13674660845565484,3.2137575486301267e-06,0.008978686118733249,0.0003599548962669028,2.3965123819042733e-08,0.0036879284690685436,0.6049084482288927,0.0001356651732372767,3.9795745365413085e-07,4.411638779429481e-07,0.06490242858865622,5.620351029579811e-08,0.0002243424795948732,0.00022445632961905405,1.77778084024211e-05,3.267405830233993e-06,0.1294475235328269
21,0.09522618588564817,0.0009014027083509794,0.01380264327171212,2.3993317249915014e-05,0.0003859738438444847,0.001754331691157955,0.025041251388171284,1.4444336626652742e-05,0.13019222710088185,3.3652081999181335e-06,0.017760328275504656,0.0009289315638878142,6.39246276982889e-08,0.009069010750585766,0.46269267696250954,0.0003581823483929288,3.2838100017630997e-07,8.811179730944146e-07,0.058184167362500955,1.286794791393042e-07,0.0002425359651161974,0.00012250192778491347,3.516710926809629e-05,4.534106146340255e-06,0.18325474277337922
22,0.06969448141308877,0.0009639603699467164,0.010472158765431283,2.016829533816174e-05,0.0003702559729995162,0.001748640725327073,0.01732967357155996,1.7207167289301765e-05,0.13108726975422905,3.2060120088606878e-06,0.022686453001006454,0.0006898276307641527,3.411648045676782e-08,0.006394585852805612,0.5205079821608961,0.00025825292594604574,4.114451044407934e-07,1.1026732075864777e-06,0.06210987637967601,1.1168216225866179e-07,0.0003442847085976911,0.00019001127864363084,3.145065507719751e-05,4.050180719031059e-06,0.15507454326169479
23,0.05022705548169037,0.0010015926605097156,0.008707073419989544,1.654115496312958e-05,0.0003384373498115362,0.0011582969533731518,0.014102845257889358,1.4308120040772516e-05,0.1552079927640194,2.904964640160998e-06,0.013666277883458904,0.0004185095897001337,3.482867297484942e-08,0.005148093392650726,0.5292226877206191,0.000171963109270578,2.880983417749522e-07,5.502516644629912e-07,0.06100377698488472,7.250983229936446e-08,0.00019813326904337836,0.00012963414178266718,2.0688621406606448e-05,3.564111313477381e-06,0.15923867736043132
24,0.04555938923099349,0.0017183211406990462,0.010940748664812004,3.189011610591666e-05,0.000573510071275709,0.0016991830904579482,0.01627922452583496,1.6820002474335686e-05,0.17163643215659938,5.2433065343293286e-06,0.01608737390152941,0.0004973520665993665,6.190492731524605e-08,0.009927033712372583,0.45777248947490556,0.0001949730615887816,2.877669137839839e-07,8.88573973531965e-07,0.07164757810451643,1.0909260668630032e-07,0.0002712274229081057,0.00016246074555578956,2.6812505960087497e-05,3.976349574749914e-06,0.19494661301028085
25,0.08531504740130814,0.0010077579122592507,0.013618690798841133,3.215303796386528e-05,0.0003586816578975886,0.0009362360932896712,0.02682397877265431,3.073657664639879e-05,0.14271205182821653,2.4723964070473763e-06,0.03361130034082073,0.0009922677185791532,6.12855149686913e-08,0.006513472325258121,0.4519956182710448,0.00017009995892597438,5.758266339376584e-07,1.1086289127613104e-06,0.0772469423668076,1.5223862976854192e-07,0.00031498918993061247,0.00015148364828028002,3.109258689026849e-05,5.835807320554447e-06,0.1581271933309665
26,0.12111771980270562,0.0013575674501051039,0.015365551909693673,1.9398773857230195e-05,0.0002826706857504941,0.0006712083412357475,0.019367663643183597,2.238950881744537e-05,0.15797324721519487,2.6325995997497007e-06,0.01612114733670814,0.0006059107445457379,6.730621690292627e-08,0.003416488623868049,0.4182417247709377,0.00011122303991962944,7.787603323532812e-07,1.2728958934220826e-06,0.037779103028051,9.494521679316894e-08,0.00016801909639773446,0.00014968014650030415,2.155359401050038e-05,1.3289316107544347e-05,0.2071895964651506
27,0.032618884031343096,0.0007026489915106279,0.005203061785777837,8.911844347045335e-06,0.00018740979919044994,0.00093660061004671,0.009165505563949074,1.1471559339474952e-05,0.17751325019401648,2.5632361878167515e-06,0.00732968567606975,0.00020621059636107317,1.6701554382144863e-08,0.002613840562112616,0.5683804804263922,0.00014314637485158657,1.8664606675103523e-07,3.0217441802104585e-07,0.05071869674354888,5.1567198750074176e-08,0.00013940066324498256,0.00012445822906940497,1.2740670196806538e-05,2.2503865434955766e-06,0.14397822496666263
28,0.05022705548169037,0.0010015926605097156,0.008707073419989544,1.654115496312958e-05,0.0003384373498115362,0.0011582969533731518,0.014102845257889358,1.4308120040772516e-05,0.1552079927640194,2.904964640160998e-06,0.013666277883458904,0.0004185095897001337,3.482867297484942e-08,0.005148093392650726,0.5292226877206191,0.000171963109270578,2.880983417749522e-07,5.502516644629912e-07,0.06100377698488472,7.250983229936446e-08,0.00019813326904337836,0.00012963414178266718,2.0688621406606448e-05,3.564111313477381e-06,0.15923867736043132
29,0.05022705548169037,0.0010015926605097156,0.008707073419989544,1.654115496312958e-05,0.0003384373498115362,0.0011582969533731518,0.014102845257889358,1.4308120040772516e-05,0.1552079927640194,2.904964640160998e-06,0.013666277883458904,0.0004185095897001337,3.482867297484942e-08,0.005148093392650726,0.5292226877206191,0.000171963109270578,2.880983417749522e-07,5.502516644629912e-07,0.06100377698488472,7.250983229936446e-08,0.00019813326904337836,0.00012963414178266718,2.0688621406606448e-05,3.564111313477381e-06,0.15923867736043132
30,0.05022705548169037,0.0010015926605097156,0.008707073419989544,1.654115496312958e-05,0.0003384373498115362,0.0011582969533731518,0.014102845257889358,1.4308120040772516e-05,0.1552079927640194,2.904964640160998e-06,0.013666277883458904,0.0004185095897001337,3.482867297484942e-08,0.005148093392650726,0.5292226877206191,0.000171963109270578,2.880983417749522e-07,5.502516644629912e-07,0.06100377698488472,7.250983229936446e-08,0.00019813326904337836,0.00012963414178266718,2.0688621406606448e-05,3.564111313477381e-06,0.15923867736043132
31,0.06951795923802004,0.0018497584663310909,0.018118422172443173,3.212282907253664e-05,0.000656426409359964,0.0007842037203806173,0.015431680599694986,3.13503195178144e-05,0.18060096981104373,5.4572688122737875e-06,0.010870058988947722,0.0006272204972454048,7.870609878296498e-08,0.007505742464903883,0.3763586272868008,0.00016427189771270638,5.689124841163122e-07,9.08411049210882e-07,0.07449892071745,1.0351353944092001e-07,0.00024635025107894247,0.00016714802539654087,2.0010870877047736e-05,9.117335547169663e-06,0.24250252128619204
32,0.045525670717995875,0.0009286146979837453,0.007928008400506838,1.4769766991896775e-05,0.00031247346670138307,0.0010698546355373964,0.0129126521376183,1.4305473210988387e-05,0.16089207602342498,2.83866281313172e-06,0.012060844936134713,0.00037699164896304543,3.080793826205514e-08,0.004682447878344916,0.5356254437160322,0.00017302859148176053,2.701476667875477e-07,4.6379477989969793e-07,0.06698436701930563,6.878454218336693e-08,0.0001916693397901593,0.00013067376869832975,1.8375353745422748e-05,3.088200004175527e-06,0.15015097202978792
33,0.08643822896539657,0.0032441963144835685,0.007108344981868231,2.175629176832731e-05,0.0008926711682350772,0.001748455584003828,0.014060829580041819,2.2338794468211875e-05,0.061237672270688874,5.249707612907858e-06,0.016853953562885278,0.0010568215283050157,1.0070379212034086e-07,0.013877754432585968,0.5962146090511226,0.00023665894052284512,1.15305002472683e-06,2.013395124626638e-06,0.08745714037451885,1.1443713590204633e-07,0.0002883365842544837,0.0009350679825063416,6.44858858374819e-05,6.605263408829636e-06,0.10822544114940752
34,0.0633871918607409,0.0014826612735709933,0.009332961639084002,3.0309248252493897e-05,0.0005650031515753753,0.0015638822767465995,0.016737336677661484,1.8347472004892357e-05,0.08374720260327026,3.989164725164306e-06,0.020764191517276872,0.0007936912567570142,5.140483391857886e-08,0.008953128081724143,0.5463653601161919,0.00023198825672576622,5.932294166279394e-07,1.2732428937428163e-06,0.05580324979037331,1.0347050259487191e-07,0.0003494140514116914,0.00022511323536097963,5.5829517410340454e-05,5.725584090481707e-06,0.18958140187739847
35,0.07502052470022805,0.001088710549112126,0.008612583678466275,2.2448659820533998e-05,0.00017593450659490525,0.0004569096440888282,0.012178217200014491,4.243630926579941e-05,0.2907673671709349,5.334868852595693e-06,0.007643413731640078,0.00040949073266232863,3.5486214140452555e-08,0.0019531998326820623,0.21943399406899888,8.066799129212893e-05,4.891627987328272e-07,1.0845994431976858e-06,0.07760038794785938,9.416567707133638e-08,0.00020598030924597223,0.00015581096001348035,6.798848471174974e-06,6.067829434871971e-06,0.304132017046188
36,0.0554124284731765,0.0007222321428911087,0.012011099134938233,1.2440963514352582e-05,0.0003279505089244423,0.00026893434352065715,0.006676466795572573,2.4250005631878783e-05,0.15732220846781686,2.358353304499031e-06,0.003977201480742727,0.0009314762289983428,3.929049843392182e-08,0.004362466794424168,0.4189966040867837,0.00013802137871190873,7.034122442331586e-07,2.238551936701925e-07,0.09845821872049204,5.7358745379853393e-08,0.00014952986727704217,0.00019844140233027274,9.80949823631256e-06,3.2171763742535453e-06,0.23999362025965654
37,0.21845401793260938,0.0013556488996677286,0.016475869736144438,1.8544527329975056e-05,0.0002903587135517684,0.0009093195450548323,0.028399779590700024,1.3063155240135305e-05,0.08965191677924858,1.760519788498045e-06,0.01988208122998412,0.0011052493419937688,6.630218367699355e-08,0.009286164310660903,0.35771985892505165,0.00018183543500042366,4.987920543634161e-07,1.4267487182616071e-06,0.052223500115162656,9.532398466425705e-08,0.0001798822677671782,0.00016555161291843278,2.7540042268471056e-05,7.035881791310998e-06,0.20364893427112477
38,0.0559421353218491,0.0005032153700536023,0.0038543223584669817,6.8594057940782146e-06,0.00012558974250326027,0.002158489456380346,0.022278655425009314,4.911386376303159e-06,0.0802078207235427,1.5235209130465939e-06,0.01654642719600888,0.0002602595334640117,1.485611483404471e-08,0.00400619613084634,0.6846677176139833,0.0003627710274223236,1.1099902324724101e-07,4.2474362457210045e-07,0.04281850276755554,6.148026535878285e-08,0.00016052462726942138,9.623272230670106e-05,3.446105615218074e-05,1.64916351109808e-06,0.08596112337156336
39,0.06136731109404368,0.0033748669893110886,0.00814443934762668,1.6566155563371972e-05,0.00027801324093550237,0.0008247957184040983,0.024504432109381427,1.0105337672412852e-05,0.15096793074348447,3.014787230380688e-06,0.018952255646657225,0.00023360602149819792,9.029287183905908e-08,0.0053672261914503175,0.5527782206110206,6.969483806653155e-05,2.987436134834614e-07,8.072527776451468e-07,0.03688525737599628,6.472983193064833e-08,8.937141160277736e-05,0.0001570549407007642,1.9169411321567317e-05,8.169028460704406e-06,0.13594723798047728
40,0.07155628817284489,0.0010605215324910214,0.00864704648018538,1.0444264138152277e-05,0.0002652098317158971,0.001114971649352095,0.014075214323542608,1.0591215368968042e-05,0.12483714530577958,2.0191639673349875e-06,0.01355534205472624,0.0005228808982234388,2.8493379179652678e-08,0.005790086793886744,0.5525382579459871,0.00016339296298894073,3.0141342131345255e-07,6.27944813037082e-07,0.05772285702602374,6.474982884535861e-08,0.00018324715573776336,0.00021447307890550858,1.9461889184221617e-05,3.0590435497981703e-06,0.14770646660995806
41,0.039232470513016024,0.0009147274359166278,0.00886484050012081,1.41998879248084e-05,0.0003319153241052998,0.0011448899489497318,0.012008970051490092,1.238533953319588e-05,0.18518807228808615,2.8897167825402644e-06,0.01104514110161667,0.00031529078226540883,3.0411350485833885e-08,0.004617512483360636,0.5295288239463545,0.00016403944396047395,2.1157570833903842e-07,3.9602244897118316e-07,0.0567431625191826,6.430051086018659e-08,0.00016902182566377335,0.0001072355112292429,1.5775887839490888e-05,3.0379241256294292e-06,0.14957489525845769
42,0.02657198220735044,0.0004956102620851119,0.003343856473388152,6.1806143007120595e-06,0.0001629633314300354,0.000615931464982585,0.007311219468118718,1.7583920692652337e-05,0.10955148101357605,2.4808860092286644e-06,0.005867342484786889,0.00023144995893940737,8.112493064757765e-09,0.001996945745083218,0.6561425399827224,0.00023994070794933258,2.779334246550002e-07,1.8884577874982915e-07,0.09794340747475261,4.8475196266689904e-08,0.00023101723067311345,0.00021367690183265084,1.326371850119501e-05,1.4454247033832914e-06,0.08903915736122928
43,0.017670016375828754,0.0006340972345753926,0.002884393227497554,1.2400672223149537e-05,0.0003861891828324892,0.0016652146964406677,0.0058913188340062,2.1077797308855638e-05,0.14777383978716524,7.200534215039338e-06,0.007006946567464246,0.00018259609645516152,1.0341909248253584e-08,0.0023184207348142722,0.6179513140467555,0.0002904946970744537,2.4987261168988255e-07,3.700632946021311e-07,0.08850391720186075,4.748760724628838e-08,0.00041150363029573083,0.00018340130982254924,1.918241501822463e-05,1.9967645798450264e-06,0.10618380042834308
44,0.05022705548169037,0.0010015926605097156,0.008707073419989544,1.654115496312958e-05,0.0003384373498115362,0.0011582969533731518,0.014102845257889358,1.4308120040772516e-05,0.1552079927640194,2.904964640160998e-06,0.013666277883458904,0.0004185095897001337,3.482867297484942e-08,0.005148093392650726,0.5292226877206191,0.000171963109270578,2.880983417749522e-07,5.502516644629912e-07,0.06100377698488472,7.250983229936446e-08,0.00019813326904337836,0.00012963414178266718,2.0688621406606448e-05,3.564111313477381e-06,0.15923867736043132
45,0.032837374429101035,0.0006949088412792765,0.008116198015152768,1.0328146462861826e-05,0.00027982948950397066,0.0008368282269144008,0.01384758037247018,1.3711684864380227e-05,0.18786786981656123,2.3566839462859403e-06,0.009516793082624804,0.0002767754529410878,3.518030115408116e-08,0.0034374157558738874,0.5862148346797785,0.0001804837666052027,1.914162290304154e-07,2.1711270346807785e-07,0.06157345740760525,6.935214814119427e-08,0.00010796039484053058,0.00010149160511908394,1.4945251152057544e-05,2.966689803101444e-06,0.09406537714601831
46,0.07999548581289527,0.001126541708785895,0.008935982824269021,1.956127564845965e-05,0.0003407382680618564,0.0006877404898033584,0.012001299873172767,2.4601933287839708e-05,0.10750804949362223,2.8179354517594837e-06,0.013800746365328957,0.0007658878188950651,4.431073324804709e-08,0.004092206282335113,0.5179423391457544,0.0001482982460457429,9.535281546142319e-07,8.778761583980237e-07,0.059940274315208784,8.352726618655484e-08,0.0002602538744540507,0.00021836555413423184,2.7425923663887847e-05,6.52950235569759e-06,0.19215289411451317
47,0.17462788745072397,0.000973361508883099,0.007726998201120897,8.658750008057996e-06,0.0001495541674864773,0.0007232527201792143,0.016526583955313784,1.3477666778437016e-05,0.0759298092521323,1.7947451025266307e-06,0.012200417525835519,0.0010636814643503953,2.957350274214343e-08,0.004040878310318427,0.4682264328280755,0.0002091300151407293,6.517862411305492e-07,9.917465343339722e-07,0.05681754837299252,8.189474487456766e-08,0.00020439245108566995,0.00032410707053116627,2.094836627560281e-05,4.308220664866154e-06,0.18020502195597757
48,0.05239107852956256,0.0017712115623882455,0.0035958426816545515,1.2147320966358484e-05,0.00023503901654539042,0.00036422078080124875,0.012295666851823206,2.9185476337306668e-05,0.08355766602016729,4.192768283745828e-06,0.005836612993622388,0.00030651752909159754,3.918304567083951e-08,0.0031685389177843553,0.5902306680547471,0.0001534772996215419,8.890077126377567e-07,4.3133552010791104e-07,0.11843717898502432,5.819985900223108e-08,0.00018491643283840455,0.0003400980904184846,2.211030882839901e-05,5.113725072161767e-06,0.1270570989282838
49,0.051914329769905496,0.0009579862519276568,0.01142328593608538,1.8412531075873764e-05,0.00048309232498342896,0.00182945540787418,0.013341507507354595,1.4707776402153397e-05,0.1562820289609443,3.0559362527908027e-06,0.018539131144464586,0.0007870453635910724,4.35938379574509e-08,0.007545923649220025,0.5317321214297469,0.00021205640053968252,3.3704631607328947e-07,7.821732374658563e-07,0.060680643056086045,1.0401126421346948e-07,0.00024631570719265664,0.00020517032920955137,2.628505600105583e-05,3.1315716354331247e-06,0.14375304706485142
50,0.060041649229708186,0.0009422782611017305,0.009458157580397477,1.794737115173433e-05,0.00037129541983306415,0.001158872526058123,0.009120918853628106,1.231231343580433e-05,0.10137541548376947,1.5117474642610912e-06,0.027193326260381994,0.0008499005169157757,3.614939076362479e-08,0.004357505962469436,0.5851580430763526,0.00010165033904128636,5.785891512650786e-07,1.028387375303787e-06,0.03204834919037194,7.202099462809196e-08,0.0002619784946815056,0.00013133960199183096,3.1197428129210326e-05,4.774493002262785e-06,0.16735986070320225
51,0.06905851835253644,0.0020241149101040343,0.01162720466296752,3.6889771911941164e-05,0.00041246963884728144,0.0014907756338404029,0.027067076159608235,2.700385542066769e-05,0.18011687402906162,5.42486734700006e-06,0.028336630888747157,0.0006604340460591142,6.451190804113557e-08,0.008516393834929338,0.420359798271082,0.0001294383220930047,4.302089109010419e-07,2.1385286084002162e-06,0.06741565906875051,1.360226599347034e-07,0.00039768079015810705,0.00026875300470350033,2.694013343104294e-05,6.2454977481879715e-06,0.1820129049885655
52,0.06046510754734595,0.0010558030274803324,0.007739705432952919,1.716976175496887e-05,0.0002885111911195242,0.0032942850969958685,0.02065622557277407,9.831531184888999e-06,0.16959607599072915,3.2270956745369094e-06,0.026310237914375714,0.00038936644540233165,4.2236009299925865e-08,0.005627640760713091,0.5401303359382235,0.00020154718395316024,2.06421276385151e-07,1.4010777424443115e-06,0.037543341620153645,1.1275966205497993e-07,0.0002045101672609298,0.00015000637693948445,3.190686189985753e-05,3.7519607931051085e-06,0.12627965002758285
53,0.04818733246253921,0.0008455164441097639,0.007538273637367169,1.4075267930155526e-05,0.0002136341418536375,0.001169839981111781,0.018458576962729276,1.1079209917809523e-05,0.14936825602761333,2.319221556951372e-06,0.014796192675497541,0.0002987889940680946,2.988127105763904e-08,0.0041860544205480485,0.5622649385039568,0.00018021366719189337,2.1182163205136608e-07,4.784221964335176e-07,0.04830656768234779,7.724316280050031e-08,0.0001583802209697261,9.902154222048128e-05,2.2545134974544726e-05,3.2987954825921743e-06,0.14387429763775103
54,0.05244611494818971,0.0010726953159462898,0.006867256718352591,1.132645157790696e-05,0.00014852457106846232,0.0009038352763254514,0.019397910764043198,6.540747033395151e-06,0.131403554553315,2.836728294152494e-06,0.005960449620205718,0.00023414872893797795,2.836830193270169e-08,0.005719144379250547,0.5002392834498616,0.0002259218490838146,1.235818278326762e-07,2.844731634240274e-07,0.04715531207834482,6.049388993441834e-08,0.00011164335087317619,9.032903613672055e-05,1.66663035488431e-05,2.3594471401504035e-06,0.22798364876528732
55,0.06476501627246119,0.0011173292889838067,0.01263169659198686,1.928311698521081e-05,0.0003090322068233622,0.0009505050740450612,0.01557895892598247,1.5490050028762497e-05,0.2160273826400227,2.7167774901755017e-06,0.015184600384343867,0.0005533430642864025,5.4441490258792827e-08,0.004819911369277142,0.4142457395261492,0.00011685723118422213,3.0745478085128256e-07,6.971078317693435e-07,0.05362830124594726,8.728609723982117e-08,0.00015939085277378063,0.00010796205495750862,1.424758057838219e-05,4.607951639282257e-06,0.19974648150385327
56,0.05077120474427213,0.001094352963822898,0.009448493319018283,1.7319172014835838e-05,0.0003555992026805634,0.0011656994251436896,0.0146939184396467,1.4715825086333678e-05,0.16476925163664494,3.0207203809635554e-06,0.014258190981026774,0.0004310002360420213,4.294581909745985e-08,0.005321664181710885,0.5232635159352108,0.00016607460190121116,3.0482262333764034e-07,5.842484687751914e-07,0.0597121011567117,7.997564228792606e-08,0.00018899319976726557,0.00013090241133416984,2.0538011159635426e-05,3.964214060541802e-06,0.15416846762981015
57,0.04816124136513686,0.000986297567257839,0.009260237222425955,1.6756852095814782e-05,0.00036641135989842137,0.0011013160341485516,0.01288332726240163,1.5587863322371225e-05,0.163355281648573,3.0808638452850893e-06,0.012743989181521816,0.0004603933771489156,3.556477411682963e-08,0.005240929382503749,0.5168382696053747,0.00017544376759108562,3.099022959886726e-07,5.238157761648589e-07,0.06643126237202626,7.421145652041875e-08,0.00020781705829374402,0.00013932679512886805,1.918917053230124e-05,3.4549012531688708e-06,0.16158944285521692
58,0.05431922007227889,0.0011148632044853132,0.00940386899261308,1.6860267684830236e-05,0.0003435102242097553,0.0010136609918511919,0.014699395472174349,1.5784154931240265e-05,0.1497068192765552,2.9708390264152633e-06,0.01379942138290068,0.00043408912640589364,3.989671780803588e-08,0.004857130949305497,0.531194674398416,0.00015896503638421688,3.60935403010152e-07,6.169898135303313e-07,0.05658642348556046,7.383040117518654e-08,0.00019975770628957924,0.0001377873589978418,2.169682436374871e-05,4.696821514380836e-06,0.16196731176171605
59,0.0584160783234714,0.0010949409390238177,0.011596153029743764,1.7934768344865042e-05,0.0003570826616260082,0.0009771326687302605,0.015536793390491167,1.6407703646971955e-05,0.15678729838053165,2.8973645794747776e-06,0.014219098537584473,0.000466605365100959,4.2568359332293903e-08,0.004988659432617865,0.5099892179439961,0.0001605480775101006,3.7013732426366297e-07,6.523310923993911e-07,0.05231033290762953,7.94330528090412e-08,0.0002014784424518917,0.00012696955812566902,2.1100199802932908e-05,5.426455732654327e-06,0.17270669937942967
60,0.05022705548169037,0.0010015926605097156,0.008707073419989544,1.654115496312958e-05,0.0003384373498115362,0.0011582969533731518,0.014102845257889358,1.4308120040772516e-05,0.1552079927640194,2.904964640160998e-06,0.013666277883458904,0.0004185095897001337,3.482867297484942e-08,0.005148093392650726,0.5292226877206191,0.000171963109270578,2.880983417749522e-07,5.502516644629912e-07,0.06100377698488472,7.250983229936446e-08,0.00019813326904337836,0.00012963414178266718,2.0688621406606448e-05,3.564111313477381e-06,0.15923867736043132
61,0.05414032335831873,0.0010815870263479323,0.01187540586183148,1.7407315752743492e-05,0.0003669818774978952,0.0010204834755219241,0.014678426520861014,1.5111227747979199e-05,0.16435306032330865,2.7594498355838495e-06,0.014724316739824198,0.0004834050636526292,4.1676092581561504e-08,0.005321610894070457,0.5084306829247117,0.00015740927913043964,3.338451167557714e-07,5.953241214155992e-07,0.05475954098283948,7.93240908148557e-08,0.00019768345325992797,0.00012577061805551425,1.9357354671054747e-05,4.57416391485601e-06,0.16822305191942444
62,0.05022705548169037,0.0010015926605097156,0.008707073419989544,1.654115496312958e-05,0.0003384373498115362,0.0011582969533731518,0.014102845257889358,1.4308120040772516e-05,0.1552079927640194,2.904964640160998e-06,0.013666277883458904,0.0004185095897001337,3.482867297484942e-08,0.005148093392650726,0.5292226877206191,0.000171963109270578,2.880983417749522e-07,5.502516644629912e-07,0.06100377698488472,7.250983229936446e-08,0.00019813326904337836,0.00012963414178266718,2.0688621406606448e-05,3.564111313477381e-06,0.15923867736043132
63,0.05012500277143828,0.001145097464351615,0.008405466381704835,1.5667720337928277e-05,0.0003068367089385394,0.0010701751279597843,0.014339560122387782,1.3814959973633397e-05,0.15813134746310037,2.8819142262245845e-06,0.013605810622745578,0.0003750076213954301,3.720342617565468e-08,0.004760236450922579,0.5329448590518321,0.00015159486526829263,2.9081430766434864e-07,5.620439818399511e-07,0.057464255931216415,7.267258663638595e-08,0.00018323475084899266,0.00013174081461330756,1.9152181005602565e-05,3.8427625200874564e-06,0.1568034515789101
64,0.0467274016172011,0.0009220142300780979,0.007653221038390829,1.7062995257880118e-05,0.0003400362173830548,0.0010793797243823068,0.012384881232866917,1.6245946440700064e-05,0.13622239329533709,3.018419273894383e-06,0.014274523823300314,0.0004320550049088462,2.642461738356951e-08,0.004515321219641705,0.5466271940716723,0.00017719917931960252,3.294921520365419e-07,5.844901810388282e-07,0.0651502717871711,6.557108373858959e-08,0.00028805916954414783,0.0001299443704996994,2.1673914565582033e-05,3.567203857622319e-06,0.16301352956087323
65,0.050856205029848896,0.0006768900532675144,0.010193867549015514,5.446869188102998e-05,0.0022082829151682188,0.009184945612805116,0.009150364136175895,1.3896056354052777e-05,0.06542847040844538,6.526070159579045e-06,0.02986044609415711,0.0027668794147827193,3.247083183958293e-08,0.034557853098082306,0.4730277364612653,0.000767645979923013,3.853656033557503e-07,2.387660227387201e-06,0.09932041221151382,1.0725601066433993e-07,0.0013970627299892267,0.00027948513617097564,0.00010800823667035516,1.662666950963557e-06,0.2101359786946997
66,0.030755589441315543,0.0006400792626297978,0.01123973326508533,1.7430018359565737e-05,0.00034909518834286133,0.0013978908346262077,0.015476901332071703,1.770857564803058e-05,0.3697059628467452,6.0021318201386274e-06,0.006938149209278764,0.00033535380782744614,4.7281651926662274e-08,0.005719033755964585,0.29501166597101325,0.00035610555977983984,1.0930664364675225e-07,2.316607450778736e-07,0.13653116320518974,1.268398146262931e-07,0.00013742495134578641,8.76183951818489e-05,8.255967892721454e-06,1.5318683999744317e-06,0.12526678932262644
67,0.044147868617107,0.0005015926812016943,0.008283538272794558,1.993387520240002e-05,0.00030814964105953333,0.003784649315471899,0.02133961230173607,3.1982505647158764e-06,0.04069124976273682,1.3617852851389171e-06,0.02197283638943596,0.0006483522666304044,3.3744561185700106e-08,0.015826578190302476,0.6642221393937188,0.0005997436720769241,1.4416481224356954e-07,6.392093296343565e-07,0.022358434503028105,1.2084094384295096e-07,0.0002123487614721182,6.940574524175741e-05,0.00013604342039852006,1.8503730448163368e-06,0.15487017482184348
68,0.05761259741950995,0.0010186874432511058,0.007722908715815502,1.7879302730597876e-05,0.0003015686359310185,0.0013777356607209054,0.014838557275667753,1.3199093658495315e-05,0.12790557580952527,2.7431136780496983e-06,0.01733541159288378,0.0004746284093472022,3.3086429944111735e-08,0.00499474060238775,0.5420405267318325,0.00017361565167577078,3.303077501618361e-07,8.009079945106276e-07,0.0505860817669166,7.962548414851286e-08,0.00023396635664964355,0.00014031538016866108,2.804240214739335e-05,3.848128942305861e-06,0.17317612657890083
69,0.03472070796449559,0.0008579264106086478,0.012864683478046954,2.9084730525754612e-05,0.0001857539387091147,0.00044128524810956835,0.014124088713224434,2.0516254442476428e-05,0.1974951921957306,3.989021416050955e-06,0.006880784623886138,0.00023026504494079458,3.4425054214020956e-08,0.002625615227778736,0.32814142649118455,0.00016138457219558146,2.736164355481178e-07,3.8502272814309233e-07,0.045583839467750825,1.1452406101850874e-07,0.00019722328635746528,4.221485461261716e-05,1.2451881365338473e-05,5.766052670706573e-06,0.3553749929536692
70,0.04452733725350228,0.0010310130384267317,0.007031135281688126,1.5722973649529673e-05,0.00031897042361938514,0.0010000909280916822,0.013136695567672246,1.6842600643281368e-05,0.15778479926788933,3.091002423559881e-06,0.013285754656481975,0.0003434931417735649,3.189422725829964e-08,0.0039144874800763,0.5477249627951963,0.00015240326208020006,3.101011337133067e-07,5.142348327491328e-07,0.06647629697985176,6.61347795220981e-08,0.00019924288675617714,0.00013006367251918306,1.918472210078558e-05,3.783735950012227e-06,0.14288370596463432
71,0.06826170150217156,0.0008524127189298504,0.008526583802574265,1.7243840524873227e-05,0.00024877784424352036,0.0010678248992318068,0.019691688142762044,1.5471690523889853e-05,0.12594636164299394,2.3441899236693647e-06,0.016922230698475496,0.0004857488170420609,3.4383431146824035e-08,0.004787135152384638,0.5355321667387373,0.00020569043862650747,3.407282562150605e-07,6.75000683992889e-07,0.058488265316725366,9.027401336518179e-08,0.0002148961976449953,0.000123834829332622,2.7766957241190588e-05,4.136783540450905e-06,0.1585765774099853
72,0.09485143243692727,0.0024096191930338606,0.0026202761681948994,2.9358232309772607e-05,0.0002538569163982623,0.0006480714734942306,0.03090662504906372,8.33011724175974e-05,0.059597436844367795,6.893854747659997e-06,0.0388127256552852,0.00047169765698187036,5.2777907579426266e-08,0.001888181471086632,0.556219028156529,0.00014775406544249067,2.657576698793311e-06,4.005459368471653e-06,0.12169701780254744,1.154296360682086e-07,0.0007813261222067499,0.0004330926833572714,5.714202122682061e-05,1.9564262881778806e-05,0.08805876751788867
