,0,1,2,3,4,5,6,7,8,9,10,11,12,13,14,15,16,17,18,19,20,21,22,23,24
0,0.0038629805919684844,0.03403047156961086,1.8869386481756946e-06,4.3591173330802506e-08,0.010382208793256019,2.387721006567129e-07,0.001010036015796326,2.0689968895508363e-08,0.011070353532457989,3.1526531281760294e-05,4.953343024181262e-05,9.296782744178444e-08,8.783515557006425e-09,0.00018518529952899735,0.0033486200488204907,2.4305245273188554e-08,4.093315636232193e-08,1.170987156691208e-06,9.61751761771179e-05,3.2197272737242174e-09,6.462000225588061e-06,0.0005314086835209786,3.548608154383985e-06,1.5298441078556356e-06,0.9353864286863316
1,0.004441317397765667,0.036150559086288316,1.7631579579851152e-06,4.2904216695011346e-08,0.012312841781874062,1.742812141683776e-07,0.0009817288372676472,2.374819885719535e-08,0.021889398820248145,3.551672866161568e-05,4.097200303194586e-05,5.730302218720651e-08,8.042674964932719e-09,0.00014396859730793593,0.0029428649716932305,2.55194298481701e-08,3.8408582938539044e-08,8.620617081731556e-07,9.1412622859145e-05,2.475516498349409e-09,3.641184090259199e-06,0.0004660951033349548,2.9738090292375185e-06,1.6197664271297176e-06,0.9204920913875984
2,0.0025530502635353427,0.020154793731367752,9.967361192933165e-07,2.731232856030252e-08,0.009146952247806001,9.876237430132927e-08,0.0006245135848610315,1.312430839913381e-08,0.012425864891300415,2.1515527101352664e-05,2.855179223904299e-05,3.7855288361609327e-08,3.879753460760631e-09,0.00013649802923615734,0.0023061409549191216,1.0713707712819856e-08,2.1174300247452514e-08,6.486025711481275e-07,4.8621726327582234e-05,2.1740030935877822e-09,3.228521786162663e-06,0.00043353694185569954,2.8020983904809844e-06,1.1271824888288558e-06,0.9521109421720305
3,0.0035892264588780714,0.03202513510980625,1.67739066556363e-06,4.0384091007617366e-08,0.010176608928197977,1.511860530163304e-07,0.0008469748121494631,1.681552733424046e-08,0.010556041618758987,2.388913400157829e-05,4.7538812385898276e-05,7.592822748826176e-08,7.277414429229583e-09,0.00017840363724435266,0.0029293047036038082,1.6326877809455116e-08,3.666844541943498e-08,1.0433163894782542e-06,6.850130060505181e-05,2.1155659580864957e-09,5.009886129181614e-06,0.0004827605141021476,3.020241215923058e-06,1.3324235347039676e-06,0.9390631850101291
4,0.003090449689855459,0.03442078053176797,1.6643073838029092e-06,4.114317579419208e-08,0.010373898631790673,1.5201428314494303e-07,0.000837872779772726,1.5923026058823918e-08,0.009880123817963165,2.1893464834515868e-05,5.200821166760916e-05,9.496616397015624e-08,9.50745504474194e-09,0.0002140737370448861,0.0025630505195269435,1.5989809597653932e-08,4.0482198537655045e-08,1.1522398479900375e-06,6.607056782241995e-05,2.1979559876126416e-09,4.867632975550381e-06,0.0004913688307725066,3.141800420472938e-06,1.1894724672068998e-06,0.9379760215400179
5,0.0036945240332499126,0.019819252466672915,1.3336127459159704e-06,4.351041395835667e-08,0.007540896726861392,1.0532730414524446e-07,0.0006723438249610972,1.3634550482158288e-08,0.008870156069774208,2.2724879979171716e-05,3.805261408875509e-05,6.72564872910477e-08,5.6440572485038875e-09,0.00017114516919636036,0.0018114389245977116,1.4136764961753168e-08,3.5591706999407416e-08,1.5143416641293068e-06,4.055141073570503e-05,2.1812981853682017e-09,4.112537186697386e-06,0.00036090594984158057,2.815917497865374e-06,1.5244197843659734e-06,0.956946419818579
6,0.0035892264588780714,0.03202513510980625,1.67739066556363e-06,4.0384091007617366e-08,0.010176608928197977,1.511860530163304e-07,0.0008469748121494631,1.681552733424046e-08,0.010556041618758987,2.388913400157829e-05,4.7538812385898276e-05,7.592822748826176e-08,7.277414429229583e-09,0.00017840363724435266,0.0029293047036038082,1.6326877809455116e-08,3.666844541943498e-08,1.0433163894782542e-06,6.850130060505181e-05,2.1155659580864957e-09,5.009886129181614e-06,0.0004827605141021476,3.020241215923058e-06,1.3324235347039676e-06,0.9390631850101291
7,0.0011043943514476762,0.008654591649164666,2.9520591908254397e-07,1.6838420713976565e-08,0.004338306494470994,6.321604442937097e-08,0.00039336127317043696,4.651151338251477e-09,0.006580780924254498,1.3738797701241756e-05,1.3921444498798077e-05,2.7043798737660952e-08,1.2464870697938295e-09,0.00011992945863293516,0.0013458822634022129,8.735004167867656e-09,1.4637127819310422e-08,5.558161709574071e-07,1.7123180225071366e-05,1.2197081370492593e-09,2.3151832749825053e-06,0.00022801822749137597,2.599764970083408e-06,6.346902985049568e-07,0.9771834136871641
8,0.0036494496561347593,0.033119578973650914,1.7146154131809995e-06,4.0610514513924075e-08,0.01034171567586633,1.5538571907203102e-07,0.0008663442153116667,1.741978921623058e-08,0.010535272975192692,2.386936865993406e-05,4.820644823658895e-05,7.974557433333777e-08,7.621960930389437e-09,0.00017931111851222865,0.002948135856822297,1.6770780971467055e-08,3.765278119409714e-08,1.0636138356456114e-06,7.171197549081355e-05,2.1496555388418816e-09,5.132135584904137e-06,0.0004898188484484244,3.052385253146356e-06,1.2993134225106757e-06,0.9377139654673882
9,0.00480752111014356,0.0236749649124314,2.7624843800427954e-06,7.330306270891794e-08,0.011028329853031262,1.580373089941906e-07,0.0006846368322809525,2.026685463065373e-08,0.01571798797946358,4.236905728331357e-05,6.424943018148246e-05,4.914646531548955e-08,6.649358486641441e-09,0.00023217592850213829,0.0037364115404438488,1.7786814236002552e-08,4.4557192674985694e-08,1.1285756808082382e-06,5.930592654350647e-05,3.109042274640625e-09,5.574011358750003e-06,0.000610885842203049,3.87440082060159e-06,3.954762949439354e-06,0.939323494496203
10,0.0035892264588780714,0.03202513510980625,1.67739066556363e-06,4.0384091007617366e-08,0.010176608928197977,1.511860530163304e-07,0.0008469748121494631,1.681552733424046e-08,0.010556041618758987,2.388913400157829e-05,4.7538812385898276e-05,7.592822748826176e-08,7.277414429229583e-09,0.00017840363724435266,0.0029293047036038082,1.6326877809455116e-08,3.666844541943498e-08,1.0433163894782542e-06,6.850130060505181e-05,2.1155659580864957e-09,5.009886129181614e-06,0.0004827605141021476,3.020241215923058e-06,1.3324235347039676e-06,0.9390631850101291
11,0.0037755651611351953,0.035926910004426854,1.8584912872731687e-06,4.4638520629771696e-08,0.010820562715986094,1.6660855292755626e-07,0.0009328016527443624,1.98919312709485e-08,0.011118248815906135,2.4705085850707248e-05,5.1903447855079134e-05,9.062472685658542e-08,9.361518860226432e-09,0.00019055223757313212,0.002977566742407512,1.8552834017289644e-08,4.271289248359218e-08,1.1395462587731382e-06,7.847196926762694e-05,2.3110480170391757e-09,5.209934684909814e-06,0.0005201287880511626,3.179280985044351e-06,1.3399107592671216e-06,0.9335694615127957
12,0.003834264346985507,0.03298961227306078,1.8013407154558113e-06,4.295086299196147e-08,0.010148944408494126,1.5878386523462475e-07,0.0008975554612766707,1.885489619538236e-08,0.011254029818838142,2.583724002106068e-05,5.031117977328266e-05,7.762908577050884e-08,7.80734547158759e-09,0.0001803368734569134,0.0031533800005794847,1.748642414179204e-08,3.98574561739318e-08,1.0567817735499247e-06,7.456770996662449e-05,2.2140006523676848e-09,5.253054854391814e-06,0.0005305401463343054,3.11557439009196e-06,1.4407038445556036e-06,0.9368475875016985
13,0.004648144764743641,0.05658678855471249,3.4219957904976354e-06,8.323116325027883e-08,0.021368329153168296,1.7100950383369376e-07,0.0009914773861134842,1.9191757323398046e-08,0.008821266374377933,1.868769654886442e-05,0.000320121169626937,1.8452896356941093e-07,2.3366885392817127e-08,0.00042371176731548427,0.008155607513334972,2.1202405981071216e-08,5.662365973722397e-08,1.424074219175148e-06,0.00011530117061148275,2.0999025620087535e-09,1.0605569029058057e-05,0.000664458168807103,7.2335973437279595e-06,2.648900854412362e-06,0.8978602108891607
14,0.005776312364575676,0.32428243675640633,2.5279648254598465e-06,1.6351069915212446e-08,0.024833208228318516,6.312385387310955e-07,0.000849395023972386,1.0013923674526616e-08,0.003825922711237003,1.0810340262153578e-05,0.00014598110549202115,7.305169334477336e-07,3.769997641975368e-08,0.00027349541240636623,0.0028977536398247573,2.2689368604247556e-08,4.024276400498451e-08,1.296903773548758e-06,0.0004471191955429474,1.4833195451818814e-09,1.1624208847319153e-05,0.0003119222191596722,2.59677734075158e-06,3.664398052941709e-07,0.6363257404723155
15,0.0035892264588780714,0.03202513510980625,1.67739066556363e-06,4.0384091007617366e-08,0.010176608928197977,1.511860530163304e-07,0.0008469748121494631,1.681552733424046e-08,0.010556041618758987,2.388913400157829e-05,4.7538812385898276e-05,7.592822748826176e-08,7.277414429229583e-09,0.00017840363724435266,0.0029293047036038082,1.6326877809455116e-08,3.666844541943498e-08,1.0433163894782542e-06,6.850130060505181e-05,2.1155659580864957e-09,5.009886129181614e-06,0.0004827605141021476,3.020241215923058e-06,1.3324235347039676e-06,0.9390631850101291
16,0.002010877124141961,0.013897292626572747,6.742027132447063e-07,2.3673434621492722e-08,0.0042431336733690615,6.546513737463291e-08,0.0005011274660211967,6.081650077335318e-09,0.0032169332196116153,1.9313075637227838e-05,2.5355650767930595e-05,8.133068515860667e-08,2.886651190698164e-09,0.0001691000860173769,0.0011401467141402054,8.022608894237227e-09,2.3477528557790944e-08,1.5941981756072173e-06,2.4646703361957775e-05,1.5253322566280614e-09,6.440796577909248e-06,0.00033865348445164553,1.818356689545614e-06,7.005877616287774e-07,0.974401979570961
17,0.002892195823182687,0.02108378794964485,7.696260146274576e-07,2.3305911843343045e-08,0.005706590108064083,5.7312309952383676e-08,0.000486436235402599,1.0785521882760235e-08,0.0038537561441691764,1.0746031220610776e-05,2.920249154356441e-05,1.5203519285771166e-07,7.214653125348527e-09,0.00017442916020379249,0.0007528122177502887,8.57148135046846e-09,3.573305261335729e-08,2.1020909780724495e-06,4.0596546797438344e-05,1.5825974739574384e-09,4.530170531311799e-06,0.00035635993333284313,2.4507550201674535e-06,4.436700031176833e-07,0.9646024945054196
18,0.0014334434264068312,0.011882408835730711,2.1744993956586827e-07,8.2529272182671e-09,0.001981726051888306,3.7217549894587516e-08,0.00033489972142308305,4.114593315804928e-09,0.003718940141121674,9.733179161834633e-06,1.1982227655317606e-05,5.962052428549405e-08,2.440386735352726e-09,0.00010474355277896318,0.00045290639526150445,5.001975090870483e-09,2.3147778269909347e-08,1.0608621174776112e-06,1.726847848402424e-05,8.729384861835285e-10,1.6873711725504473e-06,0.0002735014403377141,1.3666387923816359e-06,2.9220418663607693e-07,0.9797736813548682
19,0.004052144962103379,0.044824813141426945,2.8122060693442073e-06,6.29140851366894e-08,0.016874052714083126,1.7227567086856944e-07,0.0011914302421867232,2.9328943964430538e-08,0.01195682769826813,2.5758390169466295e-05,5.96942132488003e-05,1.3763435633401688e-07,1.4081814785843866e-08,0.0002328667867274203,0.003211511795301395,2.134794525737313e-08,4.7974721125522975e-08,1.4745317907567351e-06,9.70284518326316e-05,2.771528264991458e-09,6.387806686065741e-06,0.0006549421537855694,2.9715445818768516e-06,1.2674349292837674e-06,0.9168035275977434
20,0.0028753557021186237,0.035468130265720724,2.3985145880914135e-06,6.407754794259379e-08,0.012040167035772396,2.418876656707291e-07,0.0014363764786538022,3.057821084616408e-08,0.011881847508291176,3.0019935857800294e-05,8.539021705056974e-05,7.675039324473057e-08,8.650484122749386e-09,0.00022192314854552512,0.00987802924535979,2.094909143567084e-08,4.5003757206293136e-08,6.772118114467395e-07,0.00010411185124894857,2.7866935130746375e-09,1.0451783150005085e-05,0.001046863883687729,5.200295251424868e-06,1.9837289369198758e-06,0.9249105825101112
21,0.0038603994666114643,0.031490356064076234,1.444257926811537e-06,3.176099298065024e-08,0.010789323836369859,1.047311480049025e-07,0.0004926424647157195,9.912966088559966e-09,0.0067169729125367795,2.4968734382802334e-05,4.709512791111981e-05,1.0101918132985456e-07,5.824920464981937e-09,0.00020377552054275225,0.0017394008428866558,1.285341918888547e-08,2.6634387527206084e-08,1.462077178285921e-06,5.87488660711085e-05,2.0088060234895775e-09,6.616899578629733e-06,0.0003562008811916766,2.481011533146529e-06,1.1557479589777235e-06,0.9442066605427064
22,0.005480404788175932,0.028677723034958396,2.815884386417843e-06,6.596008046448455e-08,0.009032346712654777,1.5918936428161265e-07,0.000818692364683072,2.1998833866524767e-08,0.009065635942214814,3.9422847515197775e-05,7.353372554216242e-05,1.0499214874980136e-07,8.935343801101256e-09,0.0002372450372697091,0.0033881373112536303,2.0880197684871112e-08,6.3294286917853e-08,1.8718313220175454e-06,7.4264415555888e-05,2.8315914960869673e-09,8.509567710315348e-06,0.0006855036779782059,3.3869328152071473e-06,2.3511997281530672e-06,0.9424077066443889
23,0.0035892264588780714,0.03202513510980625,1.67739066556363e-06,4.0384091007617366e-08,0.010176608928197977,1.511860530163304e-07,0.0008469748121494631,1.681552733424046e-08,0.010556041618758987,2.388913400157829e-05,4.7538812385898276e-05,7.592822748826176e-08,7.277414429229583e-09,0.00017840363724435266,0.0029293047036038082,1.6326877809455116e-08,3.666844541943498e-08,1.0433163894782542e-06,6.850130060505181e-05,2.1155659580864957e-09,5.009886129181614e-06,0.0004827605141021476,3.020241215923058e-06,1.3324235347039676e-06,0.9390631850101291
24,0.0028375301977873854,0.03030909612442919,1.5461867465570467e-06,5.232964843292986e-08,0.015403189218373227,1.2151753575180598e-07,0.0007516726348664483,1.4959185589134944e-08,0.009567621219976303,1.845269609032455e-05,5.0044987669413944e-05,1.0436245552334452e-07,9.816695364116222e-09,0.0002598351610122642,0.0020124766014097666,1.8220233348934268e-08,3.306231537053563e-08,1.4034165002352527e-06,5.4090341050868325e-05,2.1872660806946534e-09,4.366558262740861e-06,0.00034641956033006473,3.4424450156378075e-06,1.077918825455372e-06,0.9383773782763186
25,0.0067548039817917896,0.03575290625381117,3.4381464744235508e-06,1.0423649285592769e-07,0.01565990856032288,1.6438327842868422e-07,0.0016189803107583903,5.444913160096884e-08,0.011834367326913143,3.087670407457146e-05,0.00010925934036711678,1.4368336864754082e-07,1.973326231289477e-08,0.00024306316857304115,0.0049734559048667274,3.164813728262468e-08,6.780253563655762e-08,2.0323360821201625e-06,0.0001388145361674781,3.583617387143445e-09,1.0346287123428234e-05,0.0007667363917909284,5.611170755962658e-06,1.907629375806351e-06,0.9220929024309268
26,0.006096925189771869,0.02350081348473638,1.675006338141587e-06,5.415530308743005e-08,0.008762057118583492,1.436062308470911e-07,0.0006464873168127552,1.9381429116294703e-08,0.02218020321317704,2.3868922847472833e-05,4.661926814254463e-05,3.78514882404072e-08,6.045485440624829e-09,0.00013071783546750337,0.0026641181057432814,1.865251482272312e-08,4.423601823160778e-08,1.0275917343250563e-06,4.769305474285865e-05,2.4131339809173266e-09,2.6449186882088825e-06,0.00030216800490449506,4.638054013376284e-06,3.517819617667918e-06,0.9355844987530748
27,0.0022277015954322923,0.023470953355269226,9.328229765002974e-07,2.7249499699452483e-08,0.00734954036030748,1.1729453113189297e-07,0.0008000132625080541,1.2790136389650058e-08,0.014637938890652541,2.4106367631005613e-05,3.3867672179532e-05,3.962655930322166e-08,4.245483772676925e-09,0.00014056699298216875,0.0032013091190327965,1.2838446857144149e-08,2.757879710336378e-08,5.503184934172617e-07,4.676076970783556e-05,1.8098801679247206e-09,2.9922236072188645e-06,0.0005455216747496243,2.6406504805439615e-06,1.3796351823139708e-06,0.947512980855473
28,0.0035892264588780714,0.03202513510980625,1.67739066556363e-06,4.0384091007617366e-08,0.010176608928197977,1.511860530163304e-07,0.0008469748121494631,1.681552733424046e-08,0.010556041618758987,2.388913400157829e-05,4.7538812385898276e-05,7.592822748826176e-08,7.277414429229583e-09,0.00017840363724435266,0.0029293047036038082,1.6326877809455116e-08,3.666844541943498e-08,1.0433163894782542e-06,6.850130060505181e-05,2.1155659580864957e-09,5.009886129181614e-06,0.0004827605141021476,3.020241215923058e-06,1.3324235347039676e-06,0.9390631850101291
29,0.0035892264588780714,0.03202513510980625,1.67739066556363e-06,4.0384091007617366e-08,0.010176608928197977,1.511860530163304e-07,0.0008469748121494631,1.681552733424046e-08,0.010556041618758987,2.388913400157829e-05,4.7538812385898276e-05,7.592822748826176e-08,7.277414429229583e-09,0.00017840363724435266,0.0029293047036038082,1.6326877809455116e-08,3.666844541943498e-08,1.0433163894782542e-06,6.850130060505181e-05,2.1155659580864957e-09,5.009886129181614e-06,0.0004827605141021476,3.020241215923058e-06,1.3324235347039676e-06,0.9390631850101291
30,0.0035892264588780714,0.03202513510980625,1.67739066556363e-06,4.0384091007617366e-08,0.010176608928197977,1.511860530163304e-07,0.0008469748121494631,1.681552733424046e-08,0.010556041618758987,2.388913400157829e-05,4.7538812385898276e-05,7.592822748826176e-08,7.277414429229583e-09,0.00017840363724435266,0.0029293047036038082,1.6326877809455116e-08,3.666844541943498e-08,1.0433163894782542e-06,6.850130060505181e-05,2.1155659580864957e-09,5.009886129181614e-06,0.0004827605141021476,3.020241215923058e-06,1.3324235347039676e-06,0.9390631850101291
31,0.008066989005580713,0.03934022313743653,2.8501199719349615e-06,4.7733098052362795e-08,0.012479229530034563,1.3214183485899197e-07,0.000810439323734052,3.4611992136402285e-08,0.009753587587062188,2.282862543007955e-05,4.2905655113551795e-05,1.3310374138138538e-07,1.2831247574149556e-08,0.00014308388658064311,0.001683410691865361,1.7389416284913142e-08,5.0335413363342826e-08,2.0419118782832067e-06,0.00012249865638596643,2.8242627746962084e-09,6.209275165330563e-06,0.0004976036137057127,2.7768301388602938e-06,1.061479091264883e-06,0.9270218296998184
32,0.003768937253690895,0.035434580362230246,1.7701035627100972e-06,3.864861067029741e-08,0.011112640214947773,1.6442596217061757e-07,0.0008867370099315636,1.8956055239757965e-08,0.010532906889567924,2.3787511249810368e-05,5.03214819170976e-05,8.496972045464987e-08,8.140913441660368e-09,0.00017697788860798164,0.0031426703664671637,1.7504340284228713e-08,3.709478005148163e-08,1.0133045730693886e-06,8.791487746594597e-05,2.279144940284793e-09,5.434201533366606e-06,0.0005301641522720956,3.1864905036943543e-06,1.241479070590958e-06,0.9342393443928808
33,0.0051844248186368,0.05064841941008672,1.754516310406967e-06,4.273035344135436e-08,0.00595919502815016,1.516317969353732e-07,0.0014184054102732214,4.232239506327523e-08,0.012506054357401993,2.8364048708210586e-05,4.761833365802681e-05,2.781414290984459e-07,3.1813664224860594e-08,0.00025750312037515154,0.001381141828680719,2.784293131987258e-08,1.5214321887031215e-07,2.6909961176397114e-06,0.00011159952527744899,2.521635353647995e-09,3.471148405382838e-06,0.0011446436266137412,2.2964943160955314e-06,7.814929691235483e-07,0.9213009066965949
34,0.0027645629672798885,0.02858284867386023,1.5685412328164455e-06,4.638355089494514e-08,0.009131108054499548,1.7217940384274098e-07,0.0009668293203638146,1.621570431229134e-08,0.009226612826259436,2.3640449730225497e-05,4.117278807745255e-05,8.119994345892778e-08,6.7815554278611616e-09,0.00019512180884506198,0.002980090444465408,1.7803920875175954e-08,4.071571744813488e-08,1.1484650745193623e-06,5.094085595577821e-05,2.1717125501150676e-09,5.368515377462467e-06,0.00046456630062952504,3.003647405178334e-06,1.1844600970214963e-06,0.9455598484293377
35,0.004731459587178267,0.0321084518691527,1.6071998990265748e-06,3.79197707358561e-08,0.008707533235743246,1.268221555824759e-07,0.0008274496411976688,2.0066042299881962e-08,0.011543162810253775,2.50504788745179e-05,4.0432033212983926e-05,8.130347487051562e-08,7.685195388936167e-09,0.00015043646283559382,0.0021912046182041476,1.6426564475970798e-08,4.2178361282313396e-08,1.279837682901864e-06,7.136103922860914e-05,2.055217674789297e-09,4.420833598132303e-06,0.000478906569330392,2.5972954062340104e-06,1.2367181537819955e-06,0.9391130753132657
36,0.0036200488962266973,0.0319284792490658,8.556169285886804e-07,3.6279153337238435e-08,0.003775164424703943,1.4565043734232832e-07,0.001637134617298245,5.8601435225864266e-08,0.02013879889800124,2.139150973719083e-05,2.803260902784579e-05,1.6209537417130733e-07,1.6658328983994388e-08,0.0001559484935248455,0.002096494918620236,3.3288593906808255e-08,1.7118004237546045e-07,1.4045236554070715e-06,8.518410881811942e-05,2.192724727657582e-09,2.291788076324925e-06,0.0012701243231322623,3.369079093226876e-06,6.389346452589365e-07,0.9352340120633547
37,0.007723444290878833,0.022749925760076787,2.6801055220043473e-06,6.893078753488559e-08,0.009070231677519254,1.1267318062897379e-07,0.0006362744265594488,1.5416428883823887e-08,0.008969490273275146,3.024378447786031e-05,7.249451587794445e-05,7.412937808032e-08,7.099246103319103e-09,0.00019742623145124015,0.002416081175479693,1.6329104920991877e-08,4.606495364896116e-08,2.2506461084669045e-06,5.2774799788629076e-05,2.2622239662228677e-09,5.354776512310624e-06,0.0003710574207803783,2.9726059882384028e-06,3.6601997059554923e-06,0.9476932944046941
38,0.004848763326455622,0.052448312416031255,2.5286124978011853e-06,5.523209200811044e-08,0.011068978120063102,4.932914025271136e-07,0.001954353659879966,3.801877656668959e-08,0.009432108200941387,2.807327091694312e-05,7.724633439557298e-05,1.4972562446059522e-07,1.5739879083630288e-08,0.00018681127410031802,0.0068457372349841625,4.468305309783359e-08,6.669524854819493e-08,1.225160103480478e-06,0.0001919437615558246,3.4739574324410437e-09,1.0868866544834694e-05,0.000657362327408724,5.803030478169772e-06,1.307500284682183e-06,0.9122377100433244
39,0.003248920604913218,0.028834981057694452,1.5447125875395731e-06,4.1051313957939675e-08,0.009237585622575319,1.581418012005748e-07,0.0009063908229038522,1.8268671361238483e-08,0.009623648401226632,2.2844699691551917e-05,4.236682098742977e-05,7.711927038068201e-08,7.0720699092652735e-09,0.0001680826185651171,0.0029213234270843913,1.726077693222838e-08,3.835124123243581e-08,1.0309240616298648e-06,6.780064866010425e-05,2.195988773769387e-09,5.350759000226567e-06,0.0004909650221570929,3.21915599153223e-06,1.163127059670883e-06,0.9444224221137065
40,0.0035859904044538583,0.03214377252953636,1.6829979164208683e-06,4.031795229434581e-08,0.010217394480122552,1.514946497296094e-07,0.0008460183576328568,1.6781351982368787e-08,0.010533992647777749,2.386665702454532e-05,4.7589332342625894e-05,7.616156190751351e-08,7.281356914494778e-09,0.00017869080812973816,0.002933095717044461,1.6296931894450684e-08,3.65999157789249e-08,1.0425641881160184e-06,6.867118316701555e-05,2.1157498866697386e-09,5.0196646201572385e-06,0.0004833876304264444,3.013780122231856e-06,1.3300392169872187e-06,0.9389250941568075
41,0.003603700908891122,0.047406554299404144,2.0358258947444168e-06,4.6194887549937674e-08,0.015024143375296535,1.7336067086392e-07,0.0008946684180831486,1.791812647403755e-08,0.018489975834017874,2.5457033004732692e-05,4.3652304259465484e-05,6.0888322611884e-08,8.23708117952741e-09,0.00017640923431614953,0.0030279067980304663,1.7478814289940533e-08,3.526706858177253e-08,8.140836945041664e-07,6.162650453950331e-05,1.8448747838180337e-09,3.5034527138080604e-06,0.00038939819182782674,2.5847163805137866e-06,1.4687625480739482e-06,0.9108457390672511
42,0.0064811979062587444,0.08052140288813173,6.2317001413089895e-06,6.77210860050706e-08,0.016784906947004404,3.6653032153798793e-07,0.0018342015080028003,1.2750042652208046e-07,0.019102006279519346,6.0063145549787945e-05,8.484574500099571e-05,2.453208100952069e-07,2.600383841297299e-08,0.0002351448142848732,0.008438830530875182,3.514480550752009e-08,1.1623013697759203e-07,1.0099631824051085e-06,0.0005324455426321493,5.861774670170838e-09,1.9445299163182705e-05,0.0038577486490631086,4.344794799445587e-06,1.4430015100636282e-06,0.8620337409716807
43,0.003164006958211732,0.020518630992284723,1.4928489638489927e-06,3.9845020222505394e-08,0.00886860659821252,1.6381950226894187e-07,0.000809910737164759,2.0523560657110705e-08,0.020348069181199923,7.498150054467596e-05,3.12648740315962e-05,3.001995878906586e-08,4.077537656059447e-09,0.00015962458021233776,0.003194124469228574,2.0083072694094923e-08,2.9490713248487935e-08,6.609523445119566e-07,6.871378063412591e-05,3.963030976270234e-09,5.129400990500171e-06,0.0007742136982569321,2.8354126675225942e-06,2.2604589434271075e-06,0.9419751617337118
44,0.0035892264588780714,0.03202513510980625,1.67739066556363e-06,4.0384091007617366e-08,0.010176608928197977,1.511860530163304e-07,0.0008469748121494631,1.681552733424046e-08,0.010556041618758987,2.388913400157829e-05,4.7538812385898276e-05,7.592822748826176e-08,7.277414429229583e-09,0.00017840363724435266,0.0029293047036038082,1.6326877809455116e-08,3.666844541943498e-08,1.0433163894782542e-06,6.850130060505181e-05,2.1155659580864957e-09,5.009886129181614e-06,0.0004827605141021476,3.020241215923058e-06,1.3324235347039676e-06,0.9390631850101291
45,0.004889940359691237,0.046825253644011126,4.326337255943543e-06,1.2690712408554753e-07,0.016925117757526163,5.790459380695133e-07,0.0033329539237821632,8.296357305036271e-08,0.02426375434576238,4.749134544610558e-05,9.090700715101146e-05,7.945742243725904e-08,1.5813739092245658e-08,0.00019523076224411056,0.01695363624213813,6.192821264315352e-08,7.662703314777828e-08,8.343294197987182e-07,0.0001824835616762865,4.522517150591182e-09,9.550098438651895e-06,0.0010302694508783612,6.252176110315699e-06,3.0131827328583894e-06,0.8852379582101757
46,0.00882572843898283,0.03919590622036221,3.7104404430621226e-06,1.211960433799513e-07,0.005888078632687099,4.1282979159850957e-07,0.0014367337270331478,7.051759000490688e-08,0.014845763979846981,4.5009387332755065e-05,8.447970337986413e-05,2.0910639111534573e-07,2.275234567954096e-08,0.0002410425324775778,0.0045070401703258154,5.5840763274170666e-08,2.468955504935995e-07,2.9318735206544904e-06,0.00011782119826177285,4.658113630124663e-09,9.669110254535496e-06,0.0010060835461080527,6.868283253824059e-06,3.2643487348148912e-06,0.9237787246104059
47,0.0061995436550921195,0.05121264709073857,9.26016753768115e-07,9.785710353478283e-09,0.003404683556862263,9.981993656672414e-08,0.0006990297957495836,2.112235439808001e-08,0.008514970839025107,2.2682045109188046e-05,2.074705310891814e-05,1.820713394618574e-07,7.94583724643824e-09,8.024051411760253e-05,0.001080132837791821,1.0682330273535652e-08,6.04500036559572e-08,1.336144683878749e-06,0.00013720559193611742,1.6371909495389995e-09,3.751157912684967e-06,0.0009942324279913445,1.0770739393621015e-06,4.4939553125850866e-07,0.9276259512889534
48,0.017286587472461996,0.1644647582845958,6.6992249622301065e-06,1.0177498272150806e-07,0.009463085283914313,1.3981565669220085e-06,0.004851120558384037,3.17707901182195e-07,0.027149031348172543,4.526448826155482e-05,9.306502829520616e-05,3.7144356059708823e-07,8.485786324816522e-08,0.00014368174965066963,0.009062089893415587,1.2790918105008443e-07,4.02925494006965e-07,1.832084186984809e-06,0.000872207050151457,5.3485733552424955e-09,1.195734216046647e-05,0.001448616440259726,7.109851857741273e-06,1.4333902766141184e-06,0.76508865038487
49,0.0033233857016056363,0.04873264344281329,2.9915559334028527e-06,4.0303431567239365e-08,0.011754172901735768,2.5613449874871155e-07,0.0009017689148663356,1.8089344876776027e-08,0.00798100798186821,2.805359288941993e-05,5.214228255800525e-05,1.6812649854539333e-07,1.0766168635416775e-08,0.00024752361010075587,0.003088698617755013,1.65357648352056e-08,5.156394599286191e-08,1.4341860247837e-06,9.750218140794027e-05,3.0601727429922225e-09,7.968038944026147e-06,0.000816403298349493,2.3732731135475005e-06,1.139079950039604e-06,0.9229602267602584
50,0.006732314594883574,0.07967818256141199,5.963567728724805e-06,1.2699936931272517e-07,0.022521407990480368,5.236748994684234e-07,0.0008662096127036391,2.6658579708830776e-08,0.012105450176120148,2.155247476197365e-05,0.00017474763988951797,2.7312086111020513e-07,2.3034341533117087e-08,0.00040391785182319884,0.006038943093107121,3.4093216150499936e-08,1.1022750226474825e-07,2.1705723008059738e-06,0.00010975496373960844,3.3070579519652952e-09,1.2458015718086785e-05,0.000500585160970644,8.07525591133628e-06,3.258719428021821e-06,0.8708138866331937
51,0.008471146365432013,0.12648228408461717,8.995594576403343e-06,2.432365087580107e-07,0.03192744988792932,2.6693112108948486e-07,0.0016160443316748962,5.980208570570824e-08,0.05240258104982178,7.690963117499503e-05,0.0001442571609418567,1.297651761887216e-07,3.0386436061536194e-08,0.00043385974452053857,0.006056423663859143,2.995915213847963e-08,1.1701880800253869e-07,1.5335447177212254e-06,7.947294298896957e-05,2.3595275280537792e-09,8.325055259055824e-06,0.0010635153037626573,2.504181248503693e-06,5.716963338111669e-06,0.7712181010353214
52,0.00869072211085177,0.014653593232754324,3.8467766847255175e-06,1.3803215061887254e-07,0.009613819772244658,1.8088228146858824e-07,0.0007835707614494762,2.0788090627672844e-08,0.01698273704399118,7.207007830526648e-05,0.00010924509943699103,5.109878631411286e-08,9.597833739891314e-09,0.0003038762493954291,0.003330989872746013,3.596403015605651e-08,6.770738140024172e-08,3.2535569415858186e-06,4.377116341770781e-05,5.3574398110414574e-09,4.336938655573089e-06,0.00044492471604801176,4.74368356167277e-06,1.0414076335737218e-05,0.9449435754391857
53,0.003941126494213769,0.034790683697751686,1.8869343259903105e-06,4.0785108411759946e-08,0.010720878799090089,1.5580763968099617e-07,0.0008026169349869994,1.7147511785997118e-08,0.010449364911677698,2.49151849042282e-05,5.0049648977968304e-05,8.289529198063348e-08,7.676940269523598e-09,0.00018457120659200174,0.0028953842570623614,1.6222629859644583e-08,3.8260292038463475e-08,1.1033337812383478e-06,7.477957675605018e-05,2.1697423517534793e-09,5.362139717979544e-06,0.0005047071823274224,2.9522546534118882e-06,1.3793021825800163e-06,0.9355478771758423
54,0.0046566524409735275,0.03210256019307505,2.8740585242084095e-06,6.614211290112388e-08,0.013649764368165883,1.8665883680290355e-07,0.0009533819517309328,2.3556005404592862e-08,0.011355111375210418,2.968819865475507e-05,7.353022302669013e-05,8.196095171319516e-08,9.517400753715007e-09,0.00021639033800068084,0.0042704945521440255,2.045615590757518e-08,4.397677089577403e-08,1.2452519113858603e-06,8.838421394863017e-05,2.91677283852595e-09,7.179384204011883e-06,0.0005790385307946689,4.102467080791747e-06,2.169220070870951e-06,0.9320069980474762
55,0.004372444443722709,0.03255042488334719,2.5626960159268363e-06,6.168907144307498e-08,0.011928701743146197,2.2416094298095615e-07,0.0010578193312204187,2.6940553286944358e-08,0.012690288631689311,3.524032503446337e-05,6.742617436622305e-05,6.742876940268008e-08,8.962449725197093e-09,0.00021214526270476317,0.005009521301594292,2.2935694976654713e-08,4.651088978670968e-08,9.849130887466582e-07,9.87788825811195e-05,3.0254462137759757e-09,7.234662494223004e-06,0.0006992946415615957,4.4900300098495835e-06,2.1174915858612833e-06,0.9312600629320192
56,0.0035600035492107415,0.03474146851486998,1.7575993452490774e-06,4.189320705725139e-08,0.0106585303475548,1.56068646187136e-07,0.0008946459867416863,1.7742058644045885e-08,0.010945904251416741,2.3813436453447562e-05,5.059559846167487e-05,8.622365034834466e-08,8.876247407949302e-09,0.000189716514141562,0.002819606740893765,1.719729749663688e-08,3.93152279892044e-08,1.1238615634047843e-06,7.139678744245168e-05,2.2147988594846645e-09,4.82210330418714e-06,0.0004912194151053681,2.986950124280566e-06,1.3076876389068608e-06,0.9355407311245979
57,0.004394770340235325,0.05580459317001027,2.7537978845035096e-06,3.377904892131103e-08,0.01583491930324148,1.8806053672426118e-07,0.0008954486716718148,2.7808310311984353e-08,0.00818289410121954,2.4423594652572727e-05,5.821597288229206e-05,2.2309776944795537e-07,1.3117259548266089e-08,0.0002008897545759466,0.0031337652489663377,1.9588082646852866e-08,4.714659094426122e-08,1.2801571600398064e-06,0.00020738317306573912,2.9350484444126134e-09,9.791188743995452e-06,0.0009787323894751394,2.8201474092281558e-06,7.854966610755437e-07,0.9102659779594978
58,0.003960823183596404,0.030864519440996274,1.93079081783313e-06,4.62058755683534e-08,0.009941375855781476,1.6426951807255044e-07,0.0008422687744180366,1.7103074172829415e-08,0.012090366873955777,2.7933237907153557e-05,5.670181517758214e-05,6.95397726538055e-08,7.365039094280266e-09,0.0001871454225402906,0.0034958988372849826,1.7397899638408715e-08,3.9697244399838164e-08,1.0524097335127786e-06,6.710699433503279e-05,2.3496222494626137e-09,5.01856950431098e-06,0.0005244876391557775,3.2137348481681903e-06,2.0343963525828432e-06,0.937927758095549
59,0.0039318357320307345,0.02994802654578244,2.0665055951687257e-06,4.895671871256284e-08,0.010839693495459535,1.6161285417472e-07,0.0008101457088751308,1.6832315043234056e-08,0.012204200370728231,2.9608695287647056e-05,5.821532227393162e-05,6.558283313053761e-08,6.705940100754119e-09,0.00018881378259659823,0.0037413839913718787,1.7224274521386148e-08,3.7378408360613785e-08,1.0195952058813465e-06,6.609362345003595e-05,2.419749269304565e-09,5.418622389710497e-06,0.0005280833161299643,3.2293071245994687e-06,2.2462653839682513e-06,0.9376395624072212
60,0.0035892264588780714,0.03202513510980625,1.67739066556363e-06,4.0384091007617366e-08,0.010176608928197977,1.511860530163304e-07,0.0008469748121494631,1.681552733424046e-08,0.010556041618758987,2.388913400157829e-05,4.7538812385898276e-05,7.592822748826176e-08,7.277414429229583e-09,0.00017840363724435266,0.0029293047036038082,1.6326877809455116e-08,3.666844541943498e-08,1.0433163894782542e-06,6.850130060505181e-05,2.1155659580864957e-09,5.009886129181614e-06,0.0004827605141021476,3.020241215923058e-06,1.3324235347039676e-06,0.9390631850101291
61,0.004592785264674796,0.032703312192206374,2.4936854850378964e-06,5.480455232050092e-08,0.01163253997482838,1.7714350569097728e-07,0.0008550959596332852,2.0055754035062445e-08,0.011979516543817887,3.0675130526707634e-05,6.185767758894803e-05,7.438594145192761e-08,7.797929369726537e-09,0.00019527053115858453,0.0038317523011214038,1.836416379160483e-08,4.179668023732147e-08,1.1616009494796724e-06,7.63731886746011e-05,2.599869057138327e-09,6.099191943651111e-06,0.0005560301352047057,3.3326056283884177e-06,2.2304844319019546e-06,0.9334690765837298
62,0.0035892264588780714,0.03202513510980625,1.67739066556363e-06,4.0384091007617366e-08,0.010176608928197977,1.511860530163304e-07,0.0008469748121494631,1.681552733424046e-08,0.010556041618758987,2.388913400157829e-05,4.7538812385898276e-05,7.592822748826176e-08,7.277414429229583e-09,0.00017840363724435266,0.0029293047036038082,1.6326877809455116e-08,3.666844541943498e-08,1.0433163894782542e-06,6.850130060505181e-05,2.1155659580864957e-09,5.009886129181614e-06,0.0004827605141021476,3.020241215923058e-06,1.3324235347039676e-06,0.9390631850101291
63,0.0035825206361636023,0.03445559883401053,1.6390626068086738e-06,3.761377900359782e-08,0.010101138603054801,1.4961971081496036e-07,0.0008355135916572229,1.62355297225156e-08,0.010733495381149144,2.330340941711233e-05,4.6555841845600246e-05,7.659720102330019e-08,7.244715993095935e-09,0.00017402923740151665,0.002877852448508095,1.5524020565358884e-08,3.603723584686932e-08,1.0033541220799235e-06,6.850278677974616e-05,1.996331370863444e-09,4.82983684373849e-06,0.00048025739574112866,2.841751662175284e-06,1.2773648024324625e-06,0.93660929959571
64,0.003640846687742427,0.03454586943139745,2.0558279723844887e-06,4.6045153056292756e-08,0.011925060319539113,1.698976463532851e-07,0.0008860074965833499,1.8601382616970366e-08,0.009464609714707101,2.6146241284238435e-05,5.408736809846043e-05,8.330837573683115e-08,7.213599778475385e-09,0.00018336421522480755,0.0036095042389556404,1.6268128803655753e-08,3.438362370649961e-08,1.0219147769859035e-06,8.068180504470037e-05,2.426476472610196e-09,7.808026458310019e-06,0.0005277413884152734,3.3838206249539424e-06,1.4312415494664634e-06,0.9350400021172388
65,0.0038069289663520732,0.04840799364357234,4.161157557702186e-06,7.97381493628072e-08,0.016157711606100585,3.7395542489826957e-07,0.0013932596074463228,2.873708481646447e-08,0.011425410360180775,3.105734394800162e-05,9.294194370439465e-05,8.804843550336939e-08,1.1007403647900835e-08,0.0002518319407569671,0.009320685829566697,2.3389180903166323e-08,5.237501924428118e-08,8.671568892642182e-07,0.00011438595784848646,3.0333377436222657e-09,1.0494088656365103e-05,0.0007815743753206152,4.73196849309082e-06,2.3394719855882565e-06,0.9081929642975847
66,0.0032396298419267422,0.03236314868133264,3.080214768741671e-06,5.980875676660926e-08,0.01769797799247539,1.0694146709407196e-07,0.0004928771163698245,8.969134943205009e-09,0.007151406173867735,3.325346913051664e-05,7.549954602355608e-05,1.05322685454821e-07,7.84790876165494e-09,0.0003692005333841168,0.002206508603930862,1.3472140055691867e-08,3.375370463965773e-08,1.7231141446314067e-06,4.517115860346079e-05,2.0610017455392655e-09,7.0140754370116264e-06,0.0004700585459121678,2.227744889279268e-06,1.8727800044159059e-06,0.9358390122309995
67,0.0006814792608053591,0.010102015224683196,5.200207273279892e-07,1.967293619818913e-08,0.0018841549052762115,3.6693511323924333e-07,0.0004052230070056921,2.3488857620081355e-09,0.001555646163194165,1.1605882989445977e-05,3.7723144957087394e-05,6.901472834871558e-08,2.8541422517681707e-09,0.0003251341119581412,0.002386784746744991,8.690449366945457e-09,3.6648869252874805e-08,9.558925870961267e-07,1.6550677502313517e-05,2.952805348315747e-09,6.275414378521146e-06,0.000308034853235619,6.2314512992225766e-06,1.2446590900541694e-06,0.9822699114656358
68,0.004170061151288202,0.02820305247332728,2.1416386457850647e-06,6.313134960078043e-08,0.008930897345044533,1.6233053707973258e-07,0.001066385799576418,2.4249663426275165e-08,0.007847563788295065,2.0520374114012105e-05,5.000725909038122e-05,1.5925321572371653e-07,1.5843666502107793e-08,0.00021773418218587836,0.0016699875664035685,2.1063288538759502e-08,5.802608083641706e-08,2.6925721132446195e-06,6.499740652155856e-05,3.0113976311368164e-09,6.469210946821993e-06,0.0003913020250386257,3.556883812516786e-06,1.0210501050864357e-06,0.9473511023642917
69,0.005882884243989332,0.052857637494425604,4.655884395329222e-06,5.3881486199874934e-08,0.008301566392721822,7.755804860143352e-07,0.0013322463870227613,3.5058831288887e-08,0.004080393185786223,4.0637066467038685e-05,0.00015877260378259066,4.15000258826295e-07,2.876985558788113e-08,0.00038393190575339824,0.006166800975545016,3.4847079259065467e-08,1.0995446070297805e-07,2.460797628968283e-06,0.0003992542403829628,9.579889331637074e-09,3.348750474483869e-05,0.001534355109449359,8.686216210599989e-06,1.92058170963754e-06,0.9188088467376372
70,0.0018412836856370161,0.015100479494149995,1.8186896743281919e-06,1.7076336980799497e-07,0.013260109461588574,2.814152121596594e-07,0.0010071937525078384,2.0115834868628945e-08,0.027057735472740013,2.9379495773927416e-05,3.0818973495440654e-05,5.2916404880729266e-08,1.002668671197197e-08,0.00034467086962958546,0.00181594953507743,4.825804818288804e-08,7.780333234172811e-08,1.8434041457535632e-06,1.6109280070422353e-05,4.633973331607041e-09,2.083883900926738e-06,0.0001978330554795836,6.313963269896261e-06,2.929611151298295e-06,0.9392827814388457
71,0.0034030698625445,0.022950963542550856,5.595446506043185e-07,2.3413725896265747e-08,0.007949347818896006,5.609157035520981e-08,0.0005466100533962989,1.0910985149675691e-08,0.011165072078467304,1.3993390070239445e-05,3.207547109187369e-05,6.138542706036442e-08,4.855192289311495e-09,0.0001258522130404025,0.0013622914068626211,1.338533776906968e-08,2.4950927158346423e-08,1.0359451717416322e-06,3.7327528288054284e-05,1.288412936987369e-09,2.3883687468467824e-06,0.000238695484788294,2.910188136988552e-06,8.577858196678289e-07,0.9521667530358991
