,0,1,2,3,4,5,6,7,8,9,10,11,12,13,14,15,16,17,18,19,20,21,22,23,24
0,0.001809574934157671,1.1287720042769486e-06,0.0008959326247282098,0.0016920227965174944,0.00016393806927798008,5.034189208949095e-07,2.0126015077921813e-06,3.6072615781182344e-07,0.044911624871419316,0.045683415082409216,0.00017233601367574387,2.994899521112579e-10,2.505405624884574e-08,0.0010935418477713388,0.0001225388658815431,1.9747051169440536e-06,6.7818025321643815e-06,8.820503896750362e-06,9.12665537467871e-08,1.911843223093453e-06,1.4665656824115285e-06,0.00013994144857661886,4.53409573620544e-06,0.9030377991440653,0.0002477226466412491
1,0.0012505322534840328,1.010009790384902e-06,0.0013136795448783249,0.003474116713207662,0.00020584991232469496,4.565190543175564e-07,2.165944364170301e-06,1.0463804374536373e-07,0.003359333668546203,0.01301848282365173,0.0007760140943851357,1.4989004116640693e-09,2.2611125411462493e-08,0.00848736577851873,0.00028453642715598013,4.587329832522445e-07,8.46405191124258e-06,4.604697860414988e-05,3.980099860387741e-08,1.9978024076349068e-06,1.2510024455546497e-05,0.0002255036303078723,1.794247442458003e-05,0.9665888605262126,0.000924503540263394
2,0.0018804264986552182,1.0373350770056627e-06,0.0008357216525768326,0.0013397447516987468,0.00015926938152738046,4.7256562510248036e-07,2.208154423848181e-06,4.170593010290969e-07,0.05102972144088193,0.05440349470278506,0.0001409983209293405,2.4951346743873377e-10,2.093999720109205e-08,0.0009966990912276751,0.00013525409017723888,1.979041208590906e-06,5.749358802185837e-06,8.22527966713849e-06,1.1116994466449297e-07,2.545308299623778e-06,1.40829803753752e-06,0.00016956490943346842,4.78670864096974e-06,0.8885923230690691,0.0002878206224996321
3,0.0018057704318640204,1.1113959958179997e-06,0.0008939424027182454,0.001651482444766247,0.00016081419620050534,5.319605452678075e-07,2.042916285677844e-06,3.7100150891241975e-07,0.04441267070112557,0.0475727073235292,0.0001670402946358734,3.009306048376651e-10,2.5257506928395436e-08,0.0010551432710086464,0.00012264973513556889,2.1015617162840842e-06,6.624755167133899e-06,8.76654157315756e-06,9.673056840556656e-08,2.043891347003404e-06,1.496894542392878e-06,0.00013895670243348874,4.52465121569233e-06,0.9017478058157327,0.00024127882194683787
4,0.0018656283409620373,1.4143134931778889e-06,0.000948683551475819,0.0018729226484543848,0.00019142322987460622,6.27510267667847e-07,2.3512334800365926e-06,3.9926112017812793e-07,0.04978036921305454,0.048853800194082114,0.00020551620641413187,4.1323830147844285e-10,3.462383782003879e-08,0.0013318943583057932,0.00012725012183858255,2.393791842850907e-06,8.179897846646834e-06,1.039721486021245e-05,1.0778987538009784e-07,2.2487310464351623e-06,1.6641828605061172e-06,0.00015597926096559139,5.3253512477613926e-06,0.8943577461961622,0.00027364236339305403
5,0.0016880618970577246,7.787243138329102e-07,0.0007449416261533425,0.001591885624471414,0.00011957833853262939,4.17067172958227e-07,1.720440456478883e-06,3.281555778369143e-07,0.036678618386414355,0.04409283257867887,0.00013929095582960807,2.5988332308860353e-10,2.1028021682628423e-08,0.0009521606147680603,9.274747599285956e-05,1.824389929676435e-06,6.099092668968054e-06,9.76161833156757e-06,6.937299868742903e-08,2.0042140738198067e-06,1.281004737416743e-06,0.00011835881940001578,4.041591556407673e-06,0.9135368389792617,0.00021633774371658632
6,0.0018057704318640204,1.1113959958179997e-06,0.0008939424027182454,0.001651482444766247,0.00016081419620050534,5.319605452678075e-07,2.042916285677844e-06,3.7100150891241975e-07,0.04441267070112557,0.0475727073235292,0.0001670402946358734,3.009306048376651e-10,2.5257506928395436e-08,0.0010551432710086464,0.00012264973513556889,2.1015617162840842e-06,6.624755167133899e-06,8.76654157315756e-06,9.673056840556656e-08,2.043891347003404e-06,1.496894542392878e-06,0.00013895670243348874,4.52465121569233e-06,0.9017478058157327,0.00024127882194683787
7,0.0021051650604779473,1.2646167663221978e-06,0.0011542801659829727,0.0017514571375477255,0.00017102137650568575,5.434355029476611e-07,1.9517086251434206e-06,4.145424717250414e-07,0.04210857555550122,0.04488763372789246,0.00018676246496218693,3.141936950150395e-10,3.195760088757906e-08,0.0009508137247516687,0.00011506508217829333,2.024395342189496e-06,7.0043135399276935e-06,8.675897340353747e-06,1.1286338445765578e-07,1.9469111207381414e-06,1.4838851238606287e-06,0.00012892916773418636,4.016756375709501e-06,0.9062119712954477,0.00019885364362988566
8,0.029753752584982772,0.0002669106607367437,0.05679466864352529,0.0423629987924808,0.03241834626343322,5.64526716174025e-05,5.7329306203140764e-05,3.7651862327126374e-05,0.3103598835083442,0.2612075928965225,0.004811450069543854,6.082153717201383e-07,4.259539404804142e-05,0.019015648032841927,0.00029275500206407695,0.00021415230217524623,0.00040327813899739077,0.00036525476705507085,5.236218327422204e-05,5.281551475506567e-05,9.894672382504572e-05,0.0018594481098251619,3.661052694791091e-05,0.2386437254170297,0.0007947624120722824
9,0.007904785407985965,0.00016277104712375615,0.002050827867917204,0.004717647799165539,0.011881021751292605,9.04149400829175e-06,0.00012356408421749,1.5502710418834694e-06,0.5333096340938627,0.10044129025584339,0.0011759333084069463,3.766294365670637e-08,6.989453546992409e-07,0.016524780555788834,0.0009012020786281286,1.8720527565393762e-05,3.765332335400838e-05,9.90259106672269e-05,2.7416944007038043e-06,6.835667837287244e-06,1.8794767166627964e-05,0.0011445021330140988,3.7395219270222256e-05,0.3033937633786412,0.01603578075450223
10,0.0018057704318640204,1.1113959958179997e-06,0.0008939424027182454,0.001651482444766247,0.00016081419620050534,5.319605452678075e-07,2.042916285677844e-06,3.7100150891241975e-07,0.04441267070112557,0.0475727073235292,0.0001670402946358734,3.009306048376651e-10,2.5257506928395436e-08,0.0010551432710086464,0.00012264973513556889,2.1015617162840842e-06,6.624755167133899e-06,8.76654157315756e-06,9.673056840556656e-08,2.043891347003404e-06,1.496894542392878e-06,0.00013895670243348874,4.52465121569233e-06,0.9017478058157327,0.00024127882194683787
11,0.001904259226861893,1.2334370259415693e-06,0.0009471272397256509,0.0017770946808560123,0.00017085988047028865,5.793027421079257e-07,2.1778818769687463e-06,4.1309852684196564e-07,0.046497922437163254,0.04843394398997149,0.00017922622145978196,3.4651120741219036e-10,2.9775277406136118e-08,0.0011120726410529648,0.00012415978679635955,2.2948398946250677e-06,7.435668046207212e-06,9.400896775101546e-06,1.0670568204826202e-07,2.162283854857613e-06,1.5822446006704576e-06,0.00014523456273255196,4.821551569512741e-06,0.8984305029827395,0.00024535831778668254
12,0.001380759964856786,5.448393652789627e-07,0.0007540585539619388,0.0014293314209508211,7.642222509423442e-05,3.8550010202779767e-07,1.4441034128815616e-06,4.047372381712663e-07,0.03688453341303873,0.04611645525666799,0.00011056446297939593,1.3720303167180931e-10,1.7633192535810674e-08,0.0005620473691891637,9.914663794833839e-05,1.8461337356082987e-06,5.884086653923454e-06,4.630714730581651e-06,8.013116964530945e-08,1.5323851139845543e-06,9.424274491941368e-07,0.0001236297905420017,2.9800521626303183e-06,0.9123246995121087,0.00011765851113234679
13,0.0013887231064125117,1.1734815886792738e-06,0.0008211468438932474,0.0018788935795670267,0.00018586237611927086,4.7486015617139255e-07,1.5818855641558204e-06,2.4339169237254887e-07,0.03556986965377307,0.029364003523685983,0.0003317327470815053,3.332480199491767e-10,3.2667630096851103e-08,0.0012960770330566799,0.0001398532674311783,1.7187719438715778e-06,6.954433349978939e-06,6.933769723806367e-06,7.974427724273409e-08,1.3218756250374532e-06,1.4045661465156898e-06,0.00011252997756355515,5.488931939185606e-06,0.9286985904314412,0.00018530874708945009
14,0.0034109423835653077,5.192482952291802e-06,0.001606549768385713,0.00196707071144537,0.0005975559532011432,1.3842888964410558e-06,3.1245789964936103e-06,4.18325921893664e-07,0.05614514779916579,0.0574979472821702,0.0004525325259945012,1.1447940246939707e-09,8.088767145180315e-08,0.00217210159677149,0.00017877711175852645,3.6990674615305474e-06,7.92444445334492e-06,1.3478143713300182e-05,3.516015830339816e-07,2.8175077013701216e-06,3.5109714686779975e-06,0.00016718733123146433,6.963069090537727e-06,0.8753914132238467,0.0003638277977594406
15,0.0018057704318640204,1.1113959958179997e-06,0.0008939424027182454,0.001651482444766247,0.00016081419620050534,5.319605452678075e-07,2.042916285677844e-06,3.7100150891241975e-07,0.04441267070112557,0.0475727073235292,0.0001670402946358734,3.009306048376651e-10,2.5257506928395436e-08,0.0010551432710086464,0.00012264973513556889,2.1015617162840842e-06,6.624755167133899e-06,8.76654157315756e-06,9.673056840556656e-08,2.043891347003404e-06,1.496894542392878e-06,0.00013895670243348874,4.52465121569233e-06,0.9017478058157327,0.00024127882194683787
16,0.0017686769773944627,1.0780558338403675e-06,0.0008471026045154501,0.001676911560320629,0.00015512730633677812,5.356490307410372e-07,2.143642240151465e-06,3.5556835515338503e-07,0.0422755939417146,0.05148864060128903,0.00016422618806823027,3.2169676375116314e-10,2.4478501909579657e-08,0.0011430024154883067,0.00012003951153548198,2.146209441164154e-06,6.775073230660735e-06,9.800647990366894e-06,9.176971805779604e-08,2.138071253555427e-06,1.642626648434889e-06,0.00014685934787525987,4.580674952304984e-06,0.899917020094892,0.0002654866616766367
17,0.0019653263398401364,1.204618843252536e-06,0.0009301865807198414,0.0017499767082266961,0.00017215199733838936,5.41493989306044e-07,2.161955083115546e-06,3.952337345855494e-07,0.044952586505877606,0.04855675450423214,0.0001775054417216868,3.572846398335201e-10,2.8266229358904744e-08,0.001180634343378307,0.00012097594808642321,2.173900758590711e-06,7.267550805737658e-06,1.037860537537685e-05,1.0254762089893026e-07,2.1984433153734586e-06,1.6394865095336774e-06,0.00014940511088448136,4.933591017901031e-06,0.8997397898479754,0.0002716806211511677
18,0.002044258730077254,1.401174649545988e-06,0.0006072586123218237,0.0013764628040491456,0.00014295973208031066,5.124481542820233e-07,2.720384749342808e-06,3.3890421964796575e-07,0.05472287543247302,0.06194568715337886,0.00016104051521710196,5.011596015338807e-10,2.6147840484394855e-08,0.0017864105251431805,0.00011192431327515946,2.025768566196919e-06,9.135099506066569e-06,1.6600099270128173e-05,8.997867890578467e-08,2.677036112000072e-06,1.7382959027168784e-06,0.0002328824240268377,6.1348399437424725e-06,0.8762475945864214,0.0005772444927831398
19,0.002157141805428817,1.5168508061004195e-06,0.001268864009040549,0.0022509365322872705,0.00022952187534719878,6.384933655441507e-07,2.620979278534345e-06,5.461644768280915e-07,0.050441361187976215,0.051347883050365584,0.00020665178735397208,4.714142972698775e-10,4.0024165803542985e-08,0.0012953359244340008,0.0001332062401415168,2.611388856898093e-06,8.848289456059269e-06,1.1414981744609623e-05,1.34284332913373e-07,2.499140432085061e-06,1.898489623263214e-06,0.00017350367563853983,5.000796813407349e-06,0.890203968172609,0.0002538553846109549
20,0.0012687914181849268,9.423214142178929e-07,0.0008686746849479984,0.0016194776514695153,0.00014588845860262741,5.655988196848307e-07,2.366788710820847e-06,3.801641489901295e-07,0.03837874698819325,0.04608753800616817,0.00017894852451557817,2.4334536057057647e-10,2.0507154787711967e-08,0.0010437367411389778,0.000198069068588875,2.033732818068227e-06,6.180421111617699e-06,5.989380820022069e-06,1.0255425618406849e-07,2.0514328125688355e-06,1.739568390735725e-06,0.00017850586981757119,5.24201914484233e-06,0.9097744134637263,0.0002295943916983734
21,0.0016864340468044445,1.0145990713021541e-06,0.0009703036904710377,0.0017089904268090498,0.00014260790369057655,5.568839015771723e-07,2.2123299873349588e-06,4.460937201591224e-07,0.04636243273809104,0.04193433990131282,0.0001522583043875853,2.439935487905262e-10,2.4827143641971066e-08,0.0008977034790664095,0.00014271149326049865,2.0619001445893018e-06,6.953289074369333e-06,7.129779132344668e-06,9.897828111548188e-08,1.9577981892983523e-06,1.3164603589867472e-06,0.00014097684682597627,4.691573184882717e-06,0.9056126988451337,0.00022007756796358144
22,0.0015284315668882087,7.163728509269034e-07,0.0008251891337217918,0.001658525801320938,0.00010882833804602394,4.168679061834223e-07,1.4130293806995797e-06,2.9957655931148954e-07,0.031350990046293124,0.04566902841472815,0.00015425052171181284,2.445425823998063e-10,2.0169436511232724e-08,0.0009313361724930853,9.532568404355493e-05,1.7211041467458944e-06,6.644393488500612e-06,8.236913015642826e-06,6.706765400861997e-08,1.723529510803713e-06,1.3679069673945967e-06,0.0001242675530573268,3.526650880363089e-06,0.9173575775772084,0.0001700953641480711
23,0.0018057704318640204,1.1113959958179997e-06,0.0008939424027182454,0.001651482444766247,0.00016081419620050534,5.319605452678075e-07,2.042916285677844e-06,3.7100150891241975e-07,0.04441267070112557,0.0475727073235292,0.0001670402946358734,3.009306048376651e-10,2.5257506928395436e-08,0.0010551432710086464,0.00012264973513556889,2.1015617162840842e-06,6.624755167133899e-06,8.76654157315756e-06,9.673056840556656e-08,2.043891347003404e-06,1.496894542392878e-06,0.00013895670243348874,4.52465121569233e-06,0.9017478058157327,0.00024127882194683787
24,0.0019155297985420073,1.51810352394464e-06,0.0009762815169359574,0.002491319381271681,0.00026107710999699623,6.928290709186412e-07,2.643618406436488e-06,4.5734364632473436e-07,0.05434183513572755,0.05012763160795678,0.00022850346774697997,5.150570550327811e-10,4.2533591628593355e-08,0.0016496754337148416,0.0001268832181437196,3.1980247919179325e-06,8.691646879174538e-06,1.2789545841116823e-05,1.0885315517287655e-07,2.490401434116167e-06,1.8423980809265464e-06,0.00014458238316765852,6.381508687275894e-06,0.8874051751091824,0.0002906485154472923
25,0.001996725778467333,9.39102934796559e-07,0.001089332751977781,0.0023263035820733453,0.00017229164246264532,4.896975729757935e-07,2.1325872057943168e-06,5.171340178509394e-07,0.04020213828094538,0.04712786452382438,0.00019592386115497743,3.0404641989511973e-10,3.2480040225535615e-08,0.0010070267914849159,0.00012156254327451854,2.4132643942890212e-06,7.586508690544736e-06,9.337543837724015e-06,1.1053516037567559e-07,2.1253082920548435e-06,1.6786001132068349e-06,0.00013636424055479723,4.889779489205002e-06,0.9053997285950834,0.00019248456290100904
26,0.0016505805479777196,7.255310321400051e-07,0.0006187622640097367,0.00125016831497542,0.00010369641939255898,3.400555901396171e-07,1.2175401603517946e-06,2.822300105575688e-07,0.04009621101095623,0.029102839424740894,0.00012792407339638472,1.6635788236892481e-10,1.6932484859658067e-08,0.0005865087446970567,8.613641278479132e-05,1.4188789359954778e-06,4.857481614213564e-06,5.6541615782440355e-06,6.01982243379064e-08,1.3693697861265483e-06,8.568265093790512e-07,7.794843638970831e-05,3.7141776457259657e-06,0.92612879841227,0.0001499123884796826
27,0.0013769088545280402,9.382991819828363e-07,0.0006399787978696828,0.0012337311009473376,0.00012506171135489056,4.663742928556951e-07,2.050019571660611e-06,3.152096864981127e-07,0.04959277435178015,0.04808715576950042,0.0001384048448404664,2.1520639265888121e-10,1.7973499527696128e-08,0.0009174982007602887,0.0001370098107068519,1.8497297037317563e-06,5.743921312515187e-06,6.184732162168161e-06,8.263946405251026e-08,1.8983047998179978e-06,1.1703712764144465e-06,0.00015542876967880226,4.244901644321125e-06,0.8973236100637123,0.000247475032518907
28,0.0018057704318640204,1.1113959958179997e-06,0.0008939424027182454,0.001651482444766247,0.00016081419620050534,5.319605452678075e-07,2.042916285677844e-06,3.7100150891241975e-07,0.04441267070112557,0.0475727073235292,0.0001670402946358734,3.009306048376651e-10,2.5257506928395436e-08,0.0010551432710086464,0.00012264973513556889,2.1015617162840842e-06,6.624755167133899e-06,8.76654157315756e-06,9.673056840556656e-08,2.043891347003404e-06,1.496894542392878e-06,0.00013895670243348874,4.52465121569233e-06,0.9017478058157327,0.00024127882194683787
29,0.0018057704318640204,1.1113959958179997e-06,0.0008939424027182454,0.001651482444766247,0.00016081419620050534,5.319605452678075e-07,2.042916285677844e-06,3.7100150891241975e-07,0.04441267070112557,0.0475727073235292,0.0001670402946358734,3.009306048376651e-10,2.5257506928395436e-08,0.0010551432710086464,0.00012264973513556889,2.1015617162840842e-06,6.624755167133899e-06,8.76654157315756e-06,9.673056840556656e-08,2.043891347003404e-06,1.496894542392878e-06,0.00013895670243348874,4.52465121569233e-06,0.9017478058157327,0.00024127882194683787
30,0.0018057704318640204,1.1113959958179997e-06,0.0008939424027182454,0.001651482444766247,0.00016081419620050534,5.319605452678075e-07,2.042916285677844e-06,3.7100150891241975e-07,0.04441267070112557,0.0475727073235292,0.0001670402946358734,3.009306048376651e-10,2.5257506928395436e-08,0.0010551432710086464,0.00012264973513556889,2.1015617162840842e-06,6.624755167133899e-06,8.76654157315756e-06,9.673056840556656e-08,2.043891347003404e-06,1.496894542392878e-06,0.00013895670243348874,4.52465121569233e-06,0.9017478058157327,0.00024127882194683787
31,0.0003815222072832403,8.191500624188394e-07,0.0002115184513686963,0.0011044172448515773,0.00010538640027343771,5.659781944842414e-07,1.6162321549892104e-06,7.131510530950917e-08,0.04704204829488512,0.03699620169591786,0.0001903193005797925,1.4127613529658284e-10,9.699357009948575e-09,0.001272564985005776,0.00015765153056717927,1.6163939838635088e-06,3.882776381793725e-06,2.407109631769245e-06,2.5555263016628545e-08,7.088856288332856e-07,8.646728799452646e-07,9.610571155182347e-05,3.473262876320122e-06,0.9122630796180131,0.00016312338690644988
32,0.0019311605832027625,1.2268223871265324e-06,0.000985116072285253,0.0016510172270970008,0.00017620057795389085,5.756917297940484e-07,2.199027393095768e-06,4.133402045235987e-07,0.04515712392478842,0.04956777010043216,0.0001759955235351065,3.3169222543503776e-10,2.7363238455833803e-08,0.0010947572150874765,0.00013558247651629008,2.2278266985117508e-06,6.814071165179326e-06,9.018309485774311e-06,1.1743730836678595e-07,2.2463828931325847e-06,1.6456822507071626e-06,0.00015471763093843847,4.812328702025285e-06,0.898683411053061,0.000255822999953345
33,0.0019173200671789407,1.1870116481451579e-06,0.0009267168538039865,0.0018533189842933132,0.00015931823193254498,5.593723354171598e-07,2.1493318837525206e-06,4.2329881939948275e-07,0.047608641833963544,0.05165968115254509,0.00017310877634244996,3.656670435030469e-10,3.204023521720009e-08,0.0011822245700935442,0.00010863096385189253,2.3807904546846326e-06,8.316148389607967e-06,1.034778933969513e-05,1.0093002874721888e-07,2.152736131497856e-06,1.4658684459785196e-06,0.00015347942299625224,4.474931825698866e-06,0.8939828267572778,0.00024114177051596042
34,0.0010680255475811976,8.336451110376762e-07,0.000920136313447707,0.0028728626062178996,0.00013819973023003083,8.938824096592111e-07,2.846122642674035e-06,4.193802753405961e-07,0.03800094260132988,0.06405757101522513,0.00013758041597781837,3.731093564076098e-10,2.629679505103688e-08,0.001459587086782416,0.00013622808159235035,3.5108242614034525e-06,9.782502005827079e-06,1.1714664915992085e-05,5.664619855807e-08,2.688444978657973e-06,1.9834961410269984e-06,0.00015313267546930887,4.6067820840776826e-06,0.8907855370286936,0.00023083383652401412
35,0.005055665098852705,1.1579084818036182e-06,0.0009646036349517915,0.001759429629362041,0.00013081268613427934,3.0828927076090385e-07,1.987068506892303e-06,8.307030872903756e-07,0.08153655522773832,0.06567221014989415,9.646174030233981e-05,3.0429992029917637e-10,3.299408482093753e-08,0.0006432174237195176,5.1159377542135375e-05,2.1712195823485394e-06,9.458377229178341e-06,1.5759954814302777e-05,1.2624702139697028e-07,2.1333201724945985e-06,1.0059979270261792e-06,0.00013556393964209485,3.0924763211697264e-06,0.8436483458311214,0.0002679103999396662
36,0.001885224384485906,1.2203809537928915e-06,0.0008366671097358475,0.0023611086931308897,0.00014654127901462887,6.745759810942085e-07,2.7885888626411344e-06,7.136078083938309e-07,0.07558620853026674,0.06212314607410124,0.00015045833330159212,4.4309842470221055e-10,4.042123511610893e-08,0.001307428323932359,0.00011771396942716486,3.5685411291521274e-06,1.4456584350620435e-05,1.0908937550878842e-05,1.1241046571154966e-07,2.5055684702104677e-06,1.3938323699264077e-06,0.0002260157446326987,5.715245349607051e-06,0.8549327699793441,0.000282618441001318
37,0.001799852976166195,6.045616975646352e-07,0.0007548188038894107,0.0013609064529645817,9.200337141041094e-05,2.801891566909717e-07,1.1308610612467351e-06,2.462495686782604e-07,0.02568937904450958,0.0318232273319483,0.0001351491087255333,1.84235391164814e-10,1.7205945718332942e-08,0.0006763800013404578,7.19215198945604e-05,1.2267258699593349e-06,4.81398543604158e-06,7.884457787569111e-06,5.6459611498638736e-08,1.2907335603582017e-06,9.430107630506606e-07,8.177664180807905e-05,2.8019239404233223e-06,0.9373479280284239,0.00014536017028485748
38,0.00173397957099991,1.0823332321647486e-06,0.0009962978591975817,0.0018114329911913972,0.00016253364877373777,7.131891892294722e-07,2.300210819223315e-06,4.3103931505998283e-07,0.03923908692032021,0.04961920188875223,0.00017186110390765097,3.1026600602445005e-10,2.8291897089357512e-08,0.00098509151737386,0.0001450795992181311,2.76877898502303e-06,6.738652403173094e-06,8.123839552309627e-06,1.1916458949386971e-07,2.2991599240639157e-06,1.7651996439179827e-06,0.00013465790074409603,4.9552023151811715e-06,0.9047566395529028,0.00021281207448631994
39,0.0022160202246329754,1.3111875550361477e-06,0.001161155843344555,0.002301123146434248,0.00019362643113072386,7.555065945569321e-07,3.2287285464063273e-06,6.978210182158016e-07,0.048869356124589314,0.059317223490304855,0.0001747978673741123,4.6096315297079973e-10,3.491136879385798e-08,0.0012588377395990305,0.00016812729078040525,3.1836769923457784e-06,9.741544446498738e-06,1.2362029723729262e-05,1.50419327413817e-07,3.223399947516535e-06,2.5453426069549223e-06,0.0002096077755160367,7.152791476329999e-06,0.8837401934836077,0.0003455427621191592
40,0.0016753662494866871,9.024134557091438e-07,0.0007309875953388084,0.0016466263707111354,0.0001324547620845232,4.6584465951509467e-07,1.9303027992284825e-06,3.6245769723836046e-07,0.045280165666328476,0.046234261246175946,0.0001480675710209869,2.439397461169241e-10,2.2640972817415218e-08,0.0009228748059312438,0.000108462105595661,2.079324437729151e-06,6.411890393026413e-06,7.97035897412095e-06,7.99945087979233e-08,1.8522066294275838e-06,1.2770933968657018e-06,0.00012279563391546039,4.3706865631231425e-06,0.9027517165935955,0.00021849594138816146
41,0.0018770567947048056,1.551261197975196e-06,0.000982077004443568,0.001876568246835347,0.0002102579404900142,6.244353614214693e-07,2.055538961445992e-06,4.0956561156836424e-07,0.06363377746836699,0.04823971053395662,0.00016589175002138345,2.906740863939307e-10,2.9534129780274912e-08,0.0009840054167415883,0.00011868906456684779,2.430398537489939e-06,6.987188282133152e-06,7.480410173606296e-06,9.127959203114666e-08,1.767503594866511e-06,1.2835804565044483e-06,0.00011156626252325666,4.060968537639951e-06,0.8815656994390163,0.00020592812322253628
42,0.002218390978139912,1.384325604953134e-06,0.0017947595389855046,0.002045340523801247,0.00020374580260717568,7.754069537492123e-07,2.7805108054445814e-06,1.0605652725072076e-06,0.05699519024893841,0.0773523684229198,0.00016857734051173615,4.225031252716374e-10,3.87076112922661e-08,0.0010404253647678275,0.0001929978019375691,3.3776980887081654e-06,1.0615787761291858e-05,7.834963928142631e-06,2.856655036019267e-07,3.6933309160940166e-06,2.4866071798662406e-06,0.0003405094091177697,5.290104337251069e-06,0.8573878312712341,0.00022023920057300003
43,0.0013643172415539143,7.040423994903756e-07,0.0006559860795163647,0.0012150445363835378,0.00010757560516052248,4.80753375670478e-07,1.941260041343275e-06,3.7193550613572775e-07,0.048310649369569976,0.07803396489316403,0.00010668788171747836,1.6641717301835405e-10,1.6228703617719748e-08,0.0008194491417036359,0.00010937723246807928,2.240546816341089e-06,5.136737876081164e-06,6.266509991483484e-06,8.749365722719266e-08,2.627220777246927e-06,1.2401180836741313e-06,0.0001633640141092081,3.4759407396495063e-06,0.868895188322028,0.00019380672824026438
44,0.0018057704318640204,1.1113959958179997e-06,0.0008939424027182454,0.001651482444766247,0.00016081419620050534,5.319605452678075e-07,2.042916285677844e-06,3.7100150891241975e-07,0.04441267070112557,0.0475727073235292,0.0001670402946358734,3.009306048376651e-10,2.5257506928395436e-08,0.0010551432710086464,0.00012264973513556889,2.1015617162840842e-06,6.624755167133899e-06,8.76654157315756e-06,9.673056840556656e-08,2.043891347003404e-06,1.496894542392878e-06,0.00013895670243348874,4.52465121569233e-06,0.9017478058157327,0.00024127882194683787
45,0.001820371487582197,1.1250764150836531e-06,0.0008894386171429662,0.0016416750192803375,0.0001615752915686926,5.290049176239168e-07,2.033098238091449e-06,3.661887350250281e-07,0.04453278141020612,0.0476066612090255,0.0001681001959281443,3.0553851563773585e-10,2.532847078579569e-08,0.001068124325076953,0.00012132455250255142,2.083180657084809e-06,6.640790850524864e-06,8.904394239781986e-06,9.635853316833722e-08,2.0401248544286524e-06,1.5016455989090232e-06,0.00013932427659211992,4.531110706342731e-06,0.9015758422248428,0.00024490478249610025
46,0.002767388246550477,2.994573829589515e-06,0.0013533428572298947,0.0010987071452823803,0.000524337292247362,5.850594201324498e-07,3.889221521771945e-06,3.0480361244676324e-07,0.06391906344162182,0.07316886476672435,0.0002402872307670778,4.20548129524986e-10,2.6583240274550623e-08,0.0019054284690492,0.00022056226505943755,1.918235819450522e-06,3.666339395499985e-06,1.1677773949622259e-05,2.3611195956495345e-07,2.8875943608997078e-06,2.354078198330443e-06,0.00022149900279707263,5.007535243145932e-06,0.8538479721706052,0.0006969987809668824
47,0.003670359709879511,1.9455094884384373e-06,0.001068185119696848,0.0012739517549644932,0.00016250224442059224,5.696333605678936e-07,2.6213791215012576e-06,6.606798394966133e-07,0.06757444661947062,0.0739591081346991,0.0001491904994265044,5.629942375192949e-10,3.5821838646726466e-08,0.0010688937423999987,0.00011271033652396837,2.3009355243975502e-06,1.0757342250624883e-05,1.366883732523716e-05,2.2507931865015357e-07,3.0622443042629003e-06,1.9324101092986956e-06,0.00029413323168241134,4.659912510379053e-06,0.850200517331469,0.00042356092738132794
48,0.0030955778179766083,1.8927351166383302e-06,0.001579760040998334,0.002706079583995733,0.00016959097769881943,1.131406624629211e-06,3.081454422375338e-06,1.2434093009440378e-06,0.07076172941849296,0.05324297143945976,0.00017203524368684782,4.6264786018545775e-10,6.434774363262412e-08,0.0008204237423416386,0.00014287671072197322,3.972192802865705e-06,1.5724310708692577e-05,8.724784816672382e-06,2.4318410570294205e-07,2.6465273455740223e-06,1.8477085525827104e-06,0.00017061527982609688,5.824133950452274e-06,0.8669020224163118,0.00018992067035083997
49,0.0018306220264963033,1.0075723098756825e-06,0.0007616034991001005,0.0016095200834307965,0.00015220252283886716,4.593949977843569e-07,1.9375812420592684e-06,3.583730070898365e-07,0.04649373197398602,0.04454665521675482,0.00015880354967699755,2.482485157017512e-10,2.291383032376316e-08,0.0009443426284144633,0.00011514180312140728,2.039830022732043e-06,6.0434536834494506e-06,7.941983998365734e-06,8.749356304158734e-08,1.7880488572646037e-06,1.3058826807237974e-06,0.00011973574049496934,4.55965845602965e-06,0.903006596200485,0.00023349232030316867
50,0.0013026706897859425,1.0241476019203835e-06,0.0009750150463240718,0.002044764434369089,0.00014663301989925124,6.675292971729123e-07,1.0624796701441959e-06,2.499274970623484e-07,0.029070649140489173,0.022550828398634946,0.00022565745497964772,3.477447814786285e-10,2.904341378164987e-08,0.0009142659800737517,0.00010399413194789881,1.8437361749587563e-06,7.309173006369678e-06,6.5138945254850415e-06,5.959038575238376e-08,1.3141741876486308e-06,1.3358193563602426e-06,7.29546039788878e-05,4.4276831573508755e-06,0.9424588183292246,0.00010791122427405593
51,0.0022000026311038796,1.1210532420456764e-06,0.0010161289595702057,0.0013110828392131687,0.00017545496556618375,6.684271110004245e-07,2.6345093221238803e-06,4.4787966037293775e-07,0.036610802765076694,0.05244357775174821,0.00017498016983541904,4.178214558314397e-10,2.5681258799554133e-08,0.001217282145027643,0.00017864605437430958,2.5171356372954684e-06,6.326422071294734e-06,1.2217316215280353e-05,1.7316416277595913e-07,3.6796208815582885e-06,2.2187222839757554e-06,0.00020540101851223297,7.179372565935631e-06,0.9040172856092764,0.00041014536846161235
52,0.0009976930386105074,2.46412330716721e-07,0.00047541755611680533,0.001203483212138948,5.269984590912121e-05,2.3063743652386277e-07,6.615362422741663e-07,1.4442237589444552e-07,0.017112583277447035,0.03265160450392109,0.00010670990853406586,1.0518113162792644e-10,1.153043444406253e-08,0.0005332104457003993,4.51329568734525e-05,1.2602623682423909e-06,3.3596062107450386e-06,6.225631550963279e-06,2.655635713778374e-08,1.2607295153901464e-06,6.14628731073147e-07,5.0872411330259875e-05,1.9995911057630523e-06,0.9466821882272729,7.236296630530431e-05
53,0.0011574840143968657,7.879295904915731e-07,0.0005162392362893517,0.0019202922694419213,0.00013454222343621498,5.498858817079845e-07,3.8422836950744435e-06,4.0828531004617684e-07,0.05393780504940052,0.04639686794398973,0.00014447160367368297,2.167325377889571e-10,2.209372134046003e-08,0.0011152138424348193,0.00017274298386338546,2.731133970273348e-06,6.345546371703565e-06,7.825617690806402e-06,6.95710551928909e-08,2.2524156123162826e-06,1.2938166813139139e-06,0.00013684629926980998,6.770612183596621e-06,0.893999946468742,0.00033464865656519533
54,0.002166376794086371,2.2731640317457225e-06,0.000678046627644926,0.001475059160437038,0.0002204919408095307,7.232733080102778e-07,3.627488841947752e-06,4.237141107022016e-07,0.09134702563482881,0.07450390247492404,0.00014936762565956606,4.801314709044136e-10,2.9644514412851428e-08,0.0016476235606436612,0.00014105095287841,2.8909842289190006e-06,8.571124265654346e-06,1.2216264748392678e-05,1.218945766095251e-07,2.4833853822057176e-06,1.6643183599758295e-06,0.00021800767330598902,5.610123054530854e-06,0.8268386781318182,0.000573733563408989
55,0.0012715253433205529,5.724010484509417e-07,0.0008356755765201006,0.001547154231217491,0.00010056067562644841,4.792508583861882e-07,1.4846953045175465e-06,3.5379742891714477e-07,0.029844775736436995,0.04529087757708989,0.00013822680553004637,1.4325875611968596e-10,1.7473275569779382e-08,0.0007494826780766573,0.000125053799690375,1.91318483132091e-06,5.171756690668372e-06,5.053225202058755e-06,7.84071640879768e-08,1.855190636242746e-06,1.2181800862365018e-06,0.00011858328741880326,3.966698808205111e-06,0.9198254347107697,0.000130485173709264
56,0.001885819642073749,1.2546542586825295e-06,0.0009344887429210869,0.001726726050309898,0.00017388771691347613,5.668028478606334e-07,2.184855736736872e-06,3.924804228266524e-07,0.047247967884399084,0.04819356080837997,0.00018104766403581377,3.471415801212022e-10,2.9586514939151052e-08,0.0011345575825746695,0.00012285123637670314,2.2231806618824857e-06,7.2426496102869e-06,9.523827549154422e-06,1.0398474514059952e-07,2.1442755966063104e-06,1.5403826923603977e-06,0.00014457412899757303,4.722356760734078e-06,0.897969923325322,0.0002526658331572219
57,0.0029094185638469413,2.296044268495167e-06,0.0019278525224814779,0.0018882687713532868,0.0003286082922099183,8.584597444987866e-07,3.200167841915068e-06,7.506723136491246e-07,0.05310154668163932,0.06806903556261834,0.00024249434272232296,8.264677209163044e-10,4.9155384511491905e-08,0.001582202971425279,0.0001963319526897773,3.2158177907327844e-06,1.0122440935895488e-05,1.3794988507975536e-05,3.2799257545266413e-07,3.988133715847121e-06,3.171599739651066e-06,0.0003315864482931879,6.20756961358416e-06,0.8689965748356454,0.0003780951861746148
58,0.0015521696728793932,8.902702505407168e-07,0.0007641436878456243,0.0014185781020050353,0.00012789290130967552,4.565854669362825e-07,1.6981593420626597e-06,3.0356095978669454e-07,0.038644362261939603,0.04119978588522974,0.00015181917377452654,2.3504465892278427e-10,2.059647493708096e-08,0.000871717724156354,0.00011272445620239112,1.7967645466465481e-06,5.63698430434081e-06,7.121317911654618e-06,7.890313064590653e-08,1.7567222067560054e-06,1.2218461712558783e-06,0.00011756765325974465,3.9242467828055556e-06,0.9148172803275075,0.0001970519612973324
59,0.001453716504878444,8.283531670080465e-07,0.0007803409835395858,0.0013723306332784414,0.00012032629485278688,4.462538534480208e-07,1.5899160819043953e-06,2.9040379992556574e-07,0.035877624461701826,0.04028815480346334,0.00014646726426827166,2.186628148120598e-10,1.8787814213921578e-08,0.0008454662481325394,0.00011414807898696954,1.6654535360280076e-06,5.396544878749855e-06,6.7150185232996435e-06,7.458584153948932e-08,1.746450732945146e-06,1.2141140164559165e-06,0.00011687345349965236,3.74846304689575e-06,0.9186766460366669,0.00018417067277586076
60,0.0018057704318640204,1.1113959958179997e-06,0.0008939424027182454,0.001651482444766247,0.00016081419620050534,5.319605452678075e-07,2.042916285677844e-06,3.7100150891241975e-07,0.04441267070112557,0.0475727073235292,0.0001670402946358734,3.009306048376651e-10,2.5257506928395436e-08,0.0010551432710086464,0.00012264973513556889,2.1015617162840842e-06,6.624755167133899e-06,8.76654157315756e-06,9.673056840556656e-08,2.043891347003404e-06,1.496894542392878e-06,0.00013895670243348874,4.52465121569233e-06,0.9017478058157327,0.00024127882194683787
61,0.0015882696964178275,8.542816458591883e-07,0.0008665682986245122,0.0014439241716533483,0.00012555566626040507,4.6039711161400293e-07,1.5965016048086752e-06,3.151663081680164e-07,0.035261795705736086,0.041509983141389026,0.00014685286092897942,2.2992347771446488e-10,1.9882086032648696e-08,0.0008478557803481178,0.00011261905722304816,1.722381409058151e-06,5.588114274474888e-06,7.227175761641443e-06,7.9804163272957e-08,1.813898551940388e-06,1.2749304185413217e-06,0.00011792088720727685,3.7056304110099544e-06,0.9177708085953433,0.00018318774519836452
62,0.0018057704318640204,1.1113959958179997e-06,0.0008939424027182454,0.001651482444766247,0.00016081419620050534,5.319605452678075e-07,2.042916285677844e-06,3.7100150891241975e-07,0.04441267070112557,0.0475727073235292,0.0001670402946358734,3.009306048376651e-10,2.5257506928395436e-08,0.0010551432710086464,0.00012264973513556889,2.1015617162840842e-06,6.624755167133899e-06,8.76654157315756e-06,9.673056840556656e-08,2.043891347003404e-06,1.496894542392878e-06,0.00013895670243348874,4.52465121569233e-06,0.9017478058157327,0.00024127882194683787
63,0.001849377227722647,1.1885489072521238e-06,0.0008974410764777745,0.0016274371565403462,0.0001653218923380861,5.396354906877188e-07,2.0656142371987182e-06,3.691489207727804e-07,0.046069512626863623,0.0477965186704275,0.0001695660106643986,3.0906133779669467e-10,2.575566678748357e-08,0.0010656049458265641,0.00012336718596120692,2.086211238691956e-06,6.69785979735904e-06,8.765793196038389e-06,9.882905227610695e-08,2.0148702201046915e-06,1.4991993065135438e-06,0.00014010122772761382,4.500949163939401e-06,0.8998186422255217,0.000247257029669462
64,0.0018781534008863537,1.2223583905667953e-06,0.0010036554937640876,0.0017209092943531637,0.00017749640239456992,5.922658971978441e-07,2.183739009880829e-06,3.9988159233147195e-07,0.04185976643442823,0.049636962018801606,0.0001799193629003972,3.336579168618948e-10,2.599458451872216e-08,0.001067108325189535,0.00013920191817591072,2.1802440036715916e-06,6.6316806051025395e-06,8.865439290706825e-06,1.1329394640373763e-07,2.21896234341153e-06,1.902010431642777e-06,0.0001484900957130763,4.864312917630244e-06,0.9019097731558452,0.00024736358087683265
65,0.0011338075313511243,9.469014365297651e-07,0.002068713924100038,0.0021812805013406624,0.00015050447170986936,9.398647062772766e-07,2.205684996375132e-06,5.201622507468363e-07,0.020477577172090387,0.033567584347758236,0.00020525727178621417,1.9251087427870544e-10,2.2919079758909393e-08,0.0007877336317025995,0.0003515113478378497,1.9589641519383027e-06,6.231298647056987e-06,3.8017349967812433e-06,1.2982886016783996e-07,1.9364007957612978e-06,2.3669462588002298e-06,0.00014813383893992445,4.8540771992311915e-06,0.9387829200519333,0.00011906093355952015
66,0.0019838536843996145,9.940542526889228e-07,0.0007899227821342469,0.001322494796035237,0.00012210096893945253,4.943540083816379e-07,2.179463302781733e-06,4.456531576508817e-07,0.04834584367998563,0.03989669725981974,0.00012819020910248956,2.1583869747380775e-10,2.0451263845213415e-08,0.0007520952668924937,0.00013601343918347457,1.757321516638087e-06,5.900940404571861e-06,6.937718701376174e-06,1.0980461821797996e-07,2.0506124006561198e-06,1.2378680672426065e-06,0.0001333003821589477,4.913479133214531e-06,0.9061087200035765,0.00025372559110634454
67,0.001947156450617679,1.1734929164709355e-06,0.0009396755269291964,0.0017052421556844014,0.00017306432719633083,5.219375170702822e-07,2.083502202493317e-06,3.9894902847491907e-07,0.04801124358757028,0.04893425036198587,0.00016746613145166112,3.036311122100709e-10,2.6342682716524954e-08,0.0010312098316274142,0.00012117064821451618,2.1695902204713015e-06,6.7088354068415695e-06,8.848310076772153e-06,1.0294988508664029e-07,2.014302593854677e-06,1.4845483001163732e-06,0.00013922252278372027,4.417786336905751e-06,0.8965589295712151,0.00024141803392539914
68,0.0019728373641820117,1.1266037021422128e-06,0.0010936894827670034,0.0019112249789198586,0.00016048486034851632,5.884511743558227e-07,2.181244024335176e-06,4.2189155656529143e-07,0.042376121976743654,0.04818339172225041,0.00017277016154636907,3.7937703784006586e-10,3.320572789848903e-08,0.0011671840663271156,0.00010761558564847377,2.2434896141597953e-06,7.820818506315268e-06,1.180663325353408e-05,1.0135829769201347e-07,2.4357160918600013e-06,1.6072948026663319e-06,0.00013907694265383438,4.626931401362872e-06,0.9024360154550845,0.00024459338599828334
69,0.001763409634754287,1.0514914117729943e-06,0.0013021444521224724,0.001370863273246315,0.0001240544754462963,8.846078798104771e-07,1.8987989499182405e-06,3.913475731972861e-07,0.02004359633939912,0.04587674041196876,0.000253859318078838,5.801157508253709e-10,3.8789926061661664e-08,0.0013765682809370216,0.0001467853758800708,1.8833697921697343e-06,7.951197714917269e-06,1.1043096767494441e-05,2.1117752062118015e-07,4.437208882437187e-06,3.2864959863534425e-06,0.00023139124556793015,7.0073038428768485e-06,0.9272496912672846,0.00022081045895076226
70,0.0013179541547355662,8.60232048442192e-07,0.0008310477924676496,0.002260888337210623,0.00014528455822286366,6.385935306351262e-07,2.0444616896337826e-06,4.1683493838184354e-07,0.04762947224536713,0.04921612953746875,0.00014401484628822673,3.077104783266496e-10,3.044459568241354e-08,0.0011055376069420155,9.720999776160264e-05,3.0429674025901656e-06,8.124576064149118e-06,9.53736445200404e-06,6.431774917141008e-08,2.3505175700593996e-06,1.252752438726196e-06,0.00011236625569292381,4.464987777651645e-06,0.8969311606410597,0.00017610566881521482
71,0.0022217320369059906,1.2403999181341793e-06,0.0004898798155305609,0.0017285699656138243,0.00020423126800010185,3.797351814334539e-07,2.124483182012514e-06,3.7111310655329313e-07,0.06963683326915156,0.049198671757579,0.00016825172752575466,3.446500898992417e-10,2.7082841668132042e-08,0.0011007853667263391,9.15482960434124e-05,2.8393146601577966e-06,6.731785631764333e-06,1.0890008979683998e-05,7.743618013630635e-08,1.7999913682247047e-06,1.1975741353159472e-06,0.00010834215769655144,5.413218730054685e-06,0.8747099896721395,0.00030807217852205565
