,0,1,2,3,4,5,6,7,8,9,10,11,12,13,14,15,16,17,18,19,20,21,22,23,24
0,2.3391247605779892e-07,6.156273683227074e-06,2.1874048777771624e-05,4.4478645287821175e-11,3.715809627514731e-08,5.52033761225458e-09,5.958555664514611e-07,2.435229048959594e-06,9.29681974850957e-06,4.029072259822465e-07,0.00011441395112198045,0.0004776428972341619,4.564193946471084e-09,0.06356156694445114,2.831559798286662e-06,8.016463865289401e-06,6.700790421313873e-05,1.2965553398612314e-08,4.30931760045822e-08,6.718212031445861e-09,3.0166637838056575e-05,5.3464604316972925e-06,1.4872155582458758e-07,6.778188411563546e-07,0.9356910755300745
1,1.5618465501720894e-07,4.727268537107788e-06,2.3217272120521945e-05,4.012725087515174e-11,2.8266742036955867e-08,7.988991154062627e-09,5.81666297009229e-07,2.293819248103249e-06,1.8745701359653834e-05,7.895029936623485e-07,7.468053622116863e-05,0.00027498528981379216,4.5828463210732204e-09,0.07216187904514779,2.969927223462927e-06,9.022898543365558e-06,3.0063895073736554e-05,1.616608919402456e-08,5.9001718507410935e-08,9.64274269612769e-09,2.7537770598676552e-05,4.7760873154171965e-06,1.4941999662426726e-07,7.739331178647639e-07,0.9273625240924798
2,1.0440334028225072e-07,4.336143543920065e-06,1.3690265221731536e-05,2.8641995343247803e-11,2.9087368812792642e-08,3.966584816488044e-09,3.2495154437199543e-07,1.7173189507251644e-06,1.2091230159981905e-05,4.2785246295895336e-07,7.96702421290201e-05,0.0002530555674996759,2.702510855266278e-09,0.08412705199646214,2.9997989681448762e-06,4.151326440393122e-06,2.4453524376703048e-05,7.85741193175073e-09,2.800121927699333e-08,6.7892911519017906e-09,1.7180223764142623e-05,4.3695466613181e-06,9.310782882603369e-08,4.693042126163865e-07,0.9154537347634043
3,2.0556976961049708e-07,5.809764768999328e-06,1.9221044924156417e-05,4.0922729670448515e-11,3.208917465159674e-08,6.667807833669921e-09,5.075119860010669e-07,2.4363447609970946e-06,1.2574045303834072e-05,5.178656446571083e-07,0.0001110700410344536,0.0003609889803859669,4.2727214455279375e-09,0.074093921307988,3.145843936815562e-06,6.508695424853701e-06,4.513016059804204e-05,1.3214556962446624e-08,4.540032770025698e-08,7.0939950757137404e-09,2.6565957912619178e-05,6.124044227349807e-06,1.4273078220840548e-07,5.941391792344688e-07,0.9253044271718658
4,2.1178465463703805e-07,6.559784560445605e-06,2.1183629119249795e-05,4.322313192824039e-11,3.6514677546792556e-08,5.900426053372668e-09,5.555048772235971e-07,2.6964919393980157e-06,1.3481052160038225e-05,5.56238001138697e-07,0.00011848479077695081,0.0003854625842540826,5.370834940479789e-09,0.09320601005761586,2.849034323271637e-06,6.33039628406269e-06,4.5411319789746295e-05,1.5531909057862813e-08,4.7929722798684694e-08,8.591934041031987e-09,3.313577245414508e-05,6.820064598417431e-06,1.4191852807988256e-07,6.536855287455553e-07,0.9061493360078069
5,2.8302601097055724e-07,7.0685078377109416e-06,2.943698470030666e-05,7.602775019518896e-11,5.010213413410218e-08,9.494263262066554e-09,6.915466515158412e-07,3.250597312118925e-06,1.7560666062650954e-05,8.492479701721913e-07,0.00013642215113998974,0.00038376504546241215,6.722091983302587e-09,0.10763758557533032,3.267275701332527e-06,8.324754809235889e-06,5.8408090386398785e-05,2.9868287059617423e-08,6.6858682261428e-08,1.247500036631747e-08,4.402987078673331e-05,6.525172456477308e-06,2.6709689408430753e-07,9.545946021713868e-07,0.8916611341993986
6,2.0556976961049708e-07,5.809764768999328e-06,1.9221044924156417e-05,4.0922729670448515e-11,3.208917465159674e-08,6.667807833669921e-09,5.075119860010669e-07,2.4363447609970946e-06,1.2574045303834072e-05,5.178656446571083e-07,0.0001110700410344536,0.0003609889803859669,4.2727214455279375e-09,0.074093921307988,3.145843936815562e-06,6.508695424853701e-06,4.513016059804204e-05,1.3214556962446624e-08,4.540032770025698e-08,7.0939950757137404e-09,2.6565957912619178e-05,6.124044227349807e-06,1.4273078220840548e-07,5.941391792344688e-07,0.9253044271718658
7,1.2559536018149468e-06,9.801601382827407e-06,5.6802657662201176e-05,6.020234118699722e-11,4.766986499327654e-08,1.2497380567541975e-08,1.1701789594844324e-06,8.680754180221978e-06,1.5303520203547602e-05,8.43563057828818e-07,0.00041723528150620947,0.000750602132575201,2.068641927818796e-08,0.0955652891158754,4.676127339244857e-06,1.0789390248550342e-05,8.125654325702449e-05,4.242297285730972e-08,8.659170670342283e-08,1.531559492682898e-08,6.326545256037715e-05,1.922069209571908e-05,1.4820957864664897e-07,6.489435608976171e-07,0.9029927846382132
8,1.4913895327278144e-07,4.4774531492755e-06,2.5304682635386308e-05,3.691528289814866e-11,2.0126695510820174e-08,3.0734606341975578e-09,1.0708176083078919e-07,8.284573079534853e-07,8.024243310314631e-06,5.707111655054912e-07,3.6390490421080335e-05,0.00019441526290543015,2.2106390811663956e-09,0.05667325272545958,1.999485632333862e-06,5.116921843458089e-06,3.7679380410906154e-05,4.4249619684670034e-09,1.1687093858836863e-08,5.344790376692705e-09,8.38903956909601e-06,2.3890810634862208e-06,1.2963841290020472e-07,9.195677679312255e-07,0.9429998097336746
9,5.603978664563318e-08,4.93660853740348e-06,2.068676464565598e-05,2.7222900173445755e-11,1.3222465740676035e-08,2.2565695268911947e-09,9.426643009837714e-08,8.83996381762046e-07,9.32341356847881e-06,9.822289692328587e-07,2.3712320122225233e-05,0.00012441425694294619,1.901348826107475e-09,0.09178097795390151,1.6012718988085899e-06,5.544538529937914e-06,2.2477224870025366e-05,5.30163856874994e-09,1.6470783060905103e-08,7.348603163318189e-09,1.0188882361517303e-05,2.0469973759937975e-06,9.441352327113661e-08,7.355419413956581e-07,0.9079911967515814
10,2.0556976961049708e-07,5.809764768999328e-06,1.9221044924156417e-05,4.0922729670448515e-11,3.208917465159674e-08,6.667807833669921e-09,5.075119860010669e-07,2.4363447609970946e-06,1.2574045303834072e-05,5.178656446571083e-07,0.0001110700410344536,0.0003609889803859669,4.2727214455279375e-09,0.074093921307988,3.145843936815562e-06,6.508695424853701e-06,4.513016059804204e-05,1.3214556962446624e-08,4.540032770025698e-08,7.0939950757137404e-09,2.6565957912619178e-05,6.124044227349807e-06,1.4273078220840548e-07,5.941391792344688e-07,0.9253044271718658
11,2.269783625741241e-07,5.926178488299545e-06,2.0601093003427786e-05,4.3101157382184696e-11,3.5528130812011186e-08,6.526754118931657e-09,5.633370749049484e-07,2.5484690134990603e-06,1.3044840443117875e-05,5.071403337275817e-07,0.00011769511796762967,0.0004003372000065876,5.169020067464813e-09,0.07633362555186812,3.1003591444633076e-06,6.951574279927894e-06,4.6563094341430346e-05,1.4501839244432835e-08,4.703886119385787e-08,8.23714686311002e-09,2.9503380158959178e-05,6.570065465119597e-06,1.464336817815589e-07,6.853631122873853e-07,0.9230112867784007
12,1.8756470207739007e-07,5.477474672872704e-06,1.9425734263986026e-05,3.871480199424722e-11,3.647363159696373e-08,6.053885836859976e-09,4.6523453531620934e-07,2.1033257617907823e-06,1.2117954209771603e-05,4.834966829453875e-07,0.00010811785328124783,0.0003306026953300734,4.012881364786091e-09,0.07667548185490644,2.861569032732643e-06,5.6049649375374245e-06,4.5351682078569826e-05,1.1725446917823703e-08,3.7780367694921076e-08,7.294004570616022e-09,2.6135928658494297e-05,5.628208523831399e-06,1.4180919876108295e-07,6.248658158177118e-07,0.9227590844044751
13,2.278332144312657e-07,6.448280764834034e-06,2.5258777473349895e-05,5.831910961949782e-11,3.346742983952567e-08,1.1107970802718187e-08,6.38713052135862e-07,2.294768408872584e-06,1.6391728097978375e-05,8.207328903542466e-07,8.653860675231849e-05,0.0003177975627094339,5.007898921446135e-09,0.06723825380741218,3.3444388646189702e-06,9.82527704047863e-06,5.56022314134488e-05,1.8108428920805096e-08,6.189522092542649e-08,9.133193621252454e-09,3.047928682484235e-05,5.525093629178485e-06,2.421771540610096e-07,8.72999809238032e-07,0.932199298906026
14,2.406199679693355e-07,1.8339064129865513e-05,2.6929749967359007e-05,6.973808490213396e-11,7.357835391318709e-08,5.93078338930276e-09,5.964516184917605e-07,3.4994503909223837e-06,1.1651533041872674e-05,1.013670503728014e-06,0.00022559281319179633,0.00036900711817996926,8.277489398505854e-09,0.16857940085617726,2.5638662633970063e-06,5.742815451654997e-06,9.505004459521744e-05,3.093460227438786e-08,1.021174584157895e-07,1.0576978819073151e-08,9.754418873276715e-05,9.638394657351595e-06,1.917002887395229e-07,7.554536619015121e-07,0.8305520107237755
15,2.0556976961049708e-07,5.809764768999328e-06,1.9221044924156417e-05,4.0922729670448515e-11,3.208917465159674e-08,6.667807833669921e-09,5.075119860010669e-07,2.4363447609970946e-06,1.2574045303834072e-05,5.178656446571083e-07,0.0001110700410344536,0.0003609889803859669,4.2727214455279375e-09,0.074093921307988,3.145843936815562e-06,6.508695424853701e-06,4.513016059804204e-05,1.3214556962446624e-08,4.540032770025698e-08,7.0939950757137404e-09,2.6565957912619178e-05,6.124044227349807e-06,1.4273078220840548e-07,5.941391792344688e-07,0.9253044271718658
16,2.0163628236912696e-07,5.777335849858456e-06,2.0854876168566485e-05,4.311811888221474e-11,3.369955927022022e-08,7.322135493592363e-09,5.223742662952971e-07,2.3272302955170008e-06,1.344595575109934e-05,5.673766799311353e-07,0.00010455712462679622,0.0003362493650098111,4.3795428139659595e-09,0.0728605852502206,3.0842012183448924e-06,6.921249545974205e-06,4.616836147040406e-05,1.3700414392467516e-08,4.589829527049527e-08,7.847981633727397e-09,2.745765717230178e-05,5.698495823600824e-06,1.6139033355374684e-07,6.702275471823392e-07,0.9265646370006909
17,1.6747409196637578e-07,5.454602751113282e-06,1.7085599936739088e-05,3.9201744233572976e-11,2.1532048878283248e-08,7.673424408123135e-09,3.849948562621675e-07,2.2616298777955197e-06,1.165142258588136e-05,6.454479767962733e-07,8.57474045087826e-05,0.00028250447461173624,3.252570749659947e-09,0.057915674226430326,4.082984901013354e-06,7.882809328952673e-06,3.7888406007690616e-05,1.125346002015736e-08,4.864518251057743e-08,6.54827445396943e-09,1.7973775822271903e-05,5.239071997447935e-06,1.3096959942585697e-07,4.876337395302728e-07,0.9416046381268135
18,1.1136064008655953e-05,4.2099983507441034e-05,0.00013274748789205912,1.2859830068000668e-09,4.515227955156806e-07,2.2950450201128977e-07,3.9403295622127904e-06,6.262835929050347e-05,0.000151469797412311,6.077428117912491e-06,0.002309065944753321,0.001410089730347143,8.091418712096793e-08,0.1984645484522207,2.404093205443905e-05,1.736249180239944e-05,0.00016130270529920825,4.359416323358323e-07,4.6335353409373117e-07,4.741145586041913e-08,0.0001077143916525476,0.00010352980768817226,9.417999972349047e-07,1.5299407893566822e-06,0.7969880644195145
19,1.2067531449862046e-07,7.075883177607558e-06,1.368941234330777e-05,5.270099092288747e-11,3.127196710343627e-08,8.755036578061406e-09,4.560260645793195e-07,1.780387055331213e-06,1.7187783968266247e-05,6.570049368449073e-07,6.15090866919269e-05,0.0003545709587576927,3.2078754499345833e-09,0.06588679033390413,3.626969371479108e-06,6.1134245840651944e-06,3.264284993695571e-05,8.183281446084783e-09,3.986259950150568e-08,6.360943023759417e-09,1.3452849395036817e-05,6.037254087716069e-06,1.2329916341247533e-07,5.691204750053662e-07,0.933593498986368
20,1.8688210600775994e-07,7.597604533492885e-06,1.3968530042185167e-05,3.3893649228454734e-11,3.043134452534122e-08,6.3485139998078675e-09,4.3187335168567534e-07,3.434469773544492e-06,1.5044854728529536e-05,6.071687900009158e-07,0.00015396743251914493,0.00032257197819731846,4.788472532548248e-09,0.11106750088591805,3.9911276810917325e-06,4.2376141664149155e-06,3.23523059269681e-05,1.2603052623741985e-08,5.273343898712965e-08,7.714052721282468e-09,2.776573774786022e-05,1.1984886147507524e-05,9.163836469087135e-08,3.781051043604509e-07,0.8883337722521322
21,3.3825641761866216e-07,5.847263711034268e-06,4.312856335328973e-05,4.696553410581847e-11,3.2804075348651144e-08,2.727165127080389e-09,5.650219190661678e-07,3.271743217045202e-06,8.997875736251603e-06,4.5591663732767004e-07,0.000108875693522948,0.0006559511960782967,8.294317408331123e-09,0.11926986321474227,1.4377570525164155e-06,1.0266393223912241e-05,6.553858327161857e-05,2.537390380981799e-08,3.135110955078466e-08,1.0820474431148796e-08,4.4135467111532475e-05,4.647911757767591e-06,1.406549309346801e-07,1.0300284301528527e-06,0.8797753970408753
22,6.414149640176528e-07,1.0353523845605227e-05,5.24058698482047e-05,8.075889687226035e-11,4.772857605731257e-08,1.1592912954108796e-08,6.867941084403662e-07,6.654661556482619e-06,1.1490378772201697e-05,1.193869074679695e-06,0.00026661609663404165,0.00042247722284240023,9.932770264897136e-09,0.12940612583377356,3.1810152816119067e-06,9.320994801416275e-06,0.00014423668026658878,4.697477012058351e-08,9.025676627075538e-08,1.2470124513823017e-08,8.151970796599592e-05,1.2336401593210247e-05,2.961208355049577e-07,7.180945571003303e-07,0.8695695262825999
23,2.0556976961049708e-07,5.809764768999328e-06,1.9221044924156417e-05,4.0922729670448515e-11,3.208917465159674e-08,6.667807833669921e-09,5.075119860010669e-07,2.4363447609970946e-06,1.2574045303834072e-05,5.178656446571083e-07,0.0001110700410344536,0.0003609889803859669,4.2727214455279375e-09,0.074093921307988,3.145843936815562e-06,6.508695424853701e-06,4.513016059804204e-05,1.3214556962446624e-08,4.540032770025698e-08,7.0939950757137404e-09,2.6565957912619178e-05,6.124044227349807e-06,1.4273078220840548e-07,5.941391792344688e-07,0.9253044271718658
24,1.585504957936531e-07,1.0210110800963276e-05,1.6888996506813358e-05,6.930285107525306e-11,3.498658794312497e-08,6.600230797187292e-09,4.836796303341471e-07,2.961468875986821e-06,1.3791220238196589e-05,8.529104934338757e-07,9.828645583759354e-05,0.0003377185946570649,3.994106521362308e-09,0.11337946552895237,3.3851069823735285e-06,6.919272337731961e-06,5.509091609986166e-05,1.984675721298853e-08,7.602282682794199e-08,7.117676269473182e-09,3.4795390742669565e-05,6.524434624904173e-06,1.9448816656379554e-07,5.832550986888572e-07,0.8860315409819702
25,4.288390018019796e-07,5.736142713952926e-06,2.9037781797776907e-05,5.331388360132828e-11,7.319647111210753e-08,5.93078104271086e-09,1.516728940869776e-06,1.2365396705718318e-05,1.2775213571036855e-05,3.5753934598847804e-07,0.00047679943314287424,0.0009394502772470605,9.511911918569858e-09,0.17827389172597002,2.2754193602079053e-06,5.8089907561595765e-06,6.470005658549481e-05,5.267682937592475e-08,6.046007837579904e-08,1.3174033490961343e-08,8.677750359364653e-05,1.2163533869591058e-05,1.4411075844848333e-07,4.779836088980189e-07,0.8200750783196112
26,4.2551735447458636e-07,6.1464102729136065e-06,5.500828266549368e-05,1.2135890910032506e-10,8.074397669110724e-08,1.2288493325198806e-08,6.018985305121606e-07,1.8710558680203775e-06,3.0215491823600487e-05,1.1310515095554806e-06,9.077041548942909e-05,0.00030523497501917183,8.597661774685835e-09,0.1012033775114861,2.457757648340167e-06,9.603153207149493e-06,6.409048633016973e-05,3.378827608223768e-08,4.3952295425072473e-08,1.8851010443809025e-08,3.937405423599601e-05,4.22565841765525e-06,5.796016440316977e-07,2.8439830788721903e-06,0.8981818443523458
27,1.552909452589805e-07,5.035736785410218e-06,1.0000094651110001e-05,3.527986318265602e-11,2.5671796918865286e-08,8.93346826599747e-09,3.7625702006449494e-07,2.202487988215038e-06,2.0354496568948282e-05,5.055761924095148e-07,8.875620660975319e-05,0.00031300826518049804,2.9509549977084024e-09,0.05669862205171758,4.474845644706625e-06,4.7117064537700365e-06,2.0208725724425616e-05,7.557581040734141e-09,4.17357294924166e-08,5.1850541139051704e-09,1.1373146673428333e-05,8.689832660034993e-06,9.043913634007647e-08,4.5733570927183314e-07,0.9428108854344741
28,2.0556976961049708e-07,5.809764768999328e-06,1.9221044924156417e-05,4.0922729670448515e-11,3.208917465159674e-08,6.667807833669921e-09,5.075119860010669e-07,2.4363447609970946e-06,1.2574045303834072e-05,5.178656446571083e-07,0.0001110700410344536,0.0003609889803859669,4.2727214455279375e-09,0.074093921307988,3.145843936815562e-06,6.508695424853701e-06,4.513016059804204e-05,1.3214556962446624e-08,4.540032770025698e-08,7.0939950757137404e-09,2.6565957912619178e-05,6.124044227349807e-06,1.4273078220840548e-07,5.941391792344688e-07,0.9253044271718658
29,2.0556976961049708e-07,5.809764768999328e-06,1.9221044924156417e-05,4.0922729670448515e-11,3.208917465159674e-08,6.667807833669921e-09,5.075119860010669e-07,2.4363447609970946e-06,1.2574045303834072e-05,5.178656446571083e-07,0.0001110700410344536,0.0003609889803859669,4.2727214455279375e-09,0.074093921307988,3.145843936815562e-06,6.508695424853701e-06,4.513016059804204e-05,1.3214556962446624e-08,4.540032770025698e-08,7.0939950757137404e-09,2.6565957912619178e-05,6.124044227349807e-06,1.4273078220840548e-07,5.941391792344688e-07,0.9253044271718658
30,2.0556976961049708e-07,5.809764768999328e-06,1.9221044924156417e-05,4.0922729670448515e-11,3.208917465159674e-08,6.667807833669921e-09,5.075119860010669e-07,2.4363447609970946e-06,1.2574045303834072e-05,5.178656446571083e-07,0.0001110700410344536,0.0003609889803859669,4.2727214455279375e-09,0.074093921307988,3.145843936815562e-06,6.508695424853701e-06,4.513016059804204e-05,1.3214556962446624e-08,4.540032770025698e-08,7.0939950757137404e-09,2.6565957912619178e-05,6.124044227349807e-06,1.4273078220840548e-07,5.941391792344688e-07,0.9253044271718658
31,4.31970314496974e-07,7.566898172614053e-06,4.1433470812957944e-05,5.2080948250690533e-11,2.6919456274340188e-08,6.487090828805773e-09,6.757015232645797e-07,5.714566616618856e-06,1.0560739205194589e-05,7.223140222616894e-07,0.0001353215777376105,0.0004961506605621501,7.3666539617675545e-09,0.08801210819906505,2.4128131276755353e-06,1.2646306727981371e-05,7.714953338954236e-05,2.7461479704236497e-08,5.386439133412989e-08,9.771090434759207e-09,4.264564440347738e-05,7.30599075168999e-06,1.7151392697073063e-07,6.726763305169589e-07,0.9111461775010664
32,1.970248649723213e-07,5.815477732767795e-06,1.7912287188827373e-05,4.253811509140002e-11,3.232099224644607e-08,7.332653398530865e-09,5.535759464857762e-07,2.470931563095397e-06,1.267660336566424e-05,5.327136505371596e-07,0.00011233495893292856,0.0003506507909551136,4.293714773747989e-09,0.06887250670655995,3.5708261947394357e-06,7.126680053282559e-06,4.686801214530322e-05,1.3937855188000742e-08,5.7776233837990856e-08,7.1587097783752074e-09,2.9603929537049564e-05,6.3325386171653575e-06,1.5419260002849976e-07,6.039604574609682e-07,0.9305299659269373
33,5.776041667486328e-07,9.531634366768678e-06,2.134959344229488e-05,5.6276860693410704e-11,4.0437883019084076e-08,5.641118698632734e-09,1.1847626659820335e-06,6.753801517063388e-06,7.109835285723832e-06,2.8089946146268046e-07,0.0003046019995776411,0.0014771668439281917,9.900702221348397e-09,0.07644673770823454,2.58813250349269e-06,1.2080328685690283e-05,0.00013864706018878068,3.1493962248455885e-08,7.771818224493483e-08,6.7859715333477975e-09,5.889239835565478e-05,1.4119638715023925e-05,1.3951971499615285e-07,6.187482241303117e-07,0.921497447456869
34,5.599254881487683e-06,5.177849529418714e-06,8.683598840101219e-05,1.6197400384972873e-10,1.9566578930377955e-07,2.4777720945766266e-08,2.302366829641991e-06,1.0486623777580264e-05,4.570991758282432e-05,7.136846181156628e-07,0.0010203999428836528,0.0007449937829233855,3.395629734965533e-08,0.08868079470630408,1.1587253588211263e-05,1.0788003918266332e-05,7.467189124618649e-05,1.4055411081408506e-07,2.0719989281250427e-07,1.8717977573789603e-08,0.0001361121600369251,2.0272443093295587e-05,4.938501662945137e-07,1.838286524190651e-06,0.9091406009599327
35,7.528197872949696e-08,4.490154480092551e-06,1.3052220452420446e-05,2.5162327558628833e-11,3.584436684073434e-08,3.590520453001437e-09,3.1587739638998887e-07,9.910181294761032e-07,9.100679859215907e-06,3.420367880833376e-07,7.48014917181403e-05,0.0001992260550476475,2.3120143371834385e-09,0.0791072887073944,2.88619951537365e-06,3.0055372885781275e-06,3.055410388008992e-05,5.110172407617648e-09,2.400141680440319e-08,6.138323256168244e-09,2.1723682704062043e-05,3.122568446463887e-06,1.1241078497503611e-07,4.6238076012671644e-07,0.9205283725713993
36,1.5219843618960337e-07,3.265499321654613e-06,1.9941223891200878e-05,3.067961748869039e-11,8.758049569796067e-08,5.589653275481581e-09,4.702805366552951e-07,7.652140669464335e-07,9.776639208260574e-06,2.557998840854033e-07,0.0001411746781658348,0.0002262336721705803,3.8443946490841105e-09,0.04831435035812118,2.9849879831872078e-06,3.2643836058750657e-06,3.606535141128291e-05,6.656069804247601e-09,2.8368423919167744e-08,7.852920903675609e-09,3.826651287387003e-05,2.639283386659671e-06,1.8054742568426634e-07,1.1225718129079436e-06,0.9511989508750601
37,5.004199809570103e-07,5.852842891182012e-06,5.22840301712765e-05,5.948228850361463e-11,6.963553287072041e-08,5.025241546767778e-09,8.920314415406172e-07,2.496914628494478e-06,1.6480422441381007e-05,5.113451219251692e-07,0.00013638156889237237,0.0005887471226326411,1.1895366198505026e-08,0.11052295729754764,1.6303365651205674e-06,8.498704803076589e-06,6.802943490517853e-05,2.900621437505612e-08,3.750333737886237e-08,1.3620678402517236e-08,5.891417459139103e-05,5.553578077592392e-06,2.2456402317351105e-07,1.761908994668675e-06,0.8885281165564374
38,5.389265677233478e-07,5.4225560639008025e-06,3.546822150256518e-05,8.226027530541887e-11,2.7361925119816784e-08,3.381396118452076e-08,2.0663331975496685e-06,5.492497526635492e-06,1.6119657183245834e-05,1.0053146250274087e-06,0.00014245246032240877,0.0004930734932133307,9.776462645876495e-09,0.038040846754607276,7.133173971217606e-06,3.277439133341993e-05,0.00010044765844739795,4.99249647711781e-08,2.103639422697037e-07,1.3932038381382218e-08,5.975576283486932e-05,8.832501146694509e-06,4.1977744101726454e-07,9.033589615443603e-07,0.9610469019054995
39,2.2898906177601746e-07,5.351918677069954e-06,2.0023497963164045e-05,3.9347784998563174e-11,2.921313435354159e-08,7.477025033259536e-09,6.093876374771224e-07,2.965569178163404e-06,1.1476528518921204e-05,4.748699717016569e-07,0.00012002896179701224,0.0004215211140420717,4.55386163071602e-09,0.06482501237827455,3.0688792642487068e-06,7.863557369194964e-06,5.0230738266679905e-05,1.4357724028972145e-08,4.924886521243574e-08,7.09776555859157e-09,2.878508042544508e-05,6.624690140637659e-06,1.4256506653421686e-07,5.817290589828761e-07,0.9344948975575628
40,3.1187654043011555e-07,5.247565655284504e-06,1.8924386358476716e-05,2.5003113149265635e-11,3.258866080841519e-08,5.01538593110508e-09,4.151868330815984e-07,1.9519774206849417e-06,9.13421082663276e-06,2.3663393039526524e-07,0.00014062439439547085,0.0005166264374902183,4.432995867745029e-09,0.05621847603525798,3.0075580418714465e-06,3.5838154657984056e-06,4.0940556955198565e-05,5.116437090631954e-09,1.8209145666363855e-08,4.461333955696e-09,1.568472936877992e-05,8.546757920472267e-06,6.484344411823963e-08,3.7811308179137017e-07,0.9430157750720509
41,1.7767946013782577e-07,3.19721050352485e-06,1.11165913252403e-05,6.839129382832862e-11,4.600858718241146e-08,1.4772264091767491e-08,2.881713861021207e-07,1.3264451504560034e-06,2.5101725031671343e-05,4.987260213030549e-07,8.219881208442976e-05,0.0002617186640018212,1.5758193558437136e-09,0.034303319870660647,1.0121828187883926e-05,3.681720710559988e-06,1.6820600845656356e-05,5.187905246286284e-09,2.9847003971507165e-08,3.9734822719514214e-09,4.614148708326579e-06,4.103458821998818e-06,1.3088212271529766e-07,4.814061143863282e-07,0.9652710006254096
42,1.96755175991398e-07,7.81795048453516e-06,9.9093749270455e-06,3.838453130874282e-11,2.3220376675292987e-08,1.2571649670513437e-08,5.72561187623757e-07,4.3263628393890085e-06,1.2806971128688527e-05,5.986075557103946e-07,0.00012882869627056672,0.0004626039573440269,5.028304198549379e-09,0.040685080602717374,6.189053497231432e-06,1.0991775775141904e-05,5.008022364568437e-05,8.14662841440043e-09,8.798263502109258e-08,6.338413749968026e-09,1.7162951495088685e-05,2.06853522239634e-05,7.049627158275937e-08,3.497103544450921e-07,0.9585815852707137
43,1.801619966165661e-07,7.158066441196641e-06,2.327914542347322e-05,6.353678905957387e-11,2.9598100915687893e-08,2.3069487845396042e-08,5.016274478219373e-07,4.103934432145643e-06,2.2911069846872807e-05,2.055910942127124e-06,0.00010566837100285437,0.00016589117609588862,4.986374590969919e-09,0.08270399127874012,6.551256041178815e-06,8.857007539956727e-06,3.8625860326397386e-05,1.858467475367315e-08,1.1444130931653414e-07,1.2311995639566363e-08,3.462978813189209e-05,1.1068555352695976e-05,2.0462059302253237e-07,5.572672158987204e-07,0.9168635618469501
44,2.0556976961049708e-07,5.809764768999328e-06,1.9221044924156417e-05,4.0922729670448515e-11,3.208917465159674e-08,6.667807833669921e-09,5.075119860010669e-07,2.4363447609970946e-06,1.2574045303834072e-05,5.178656446571083e-07,0.0001110700410344536,0.0003609889803859669,4.2727214455279375e-09,0.074093921307988,3.145843936815562e-06,6.508695424853701e-06,4.513016059804204e-05,1.3214556962446624e-08,4.540032770025698e-08,7.0939950757137404e-09,2.6565957912619178e-05,6.124044227349807e-06,1.4273078220840548e-07,5.941391792344688e-07,0.9253044271718658
45,1.6624604542912036e-07,2.6759139859559e-06,8.159970821668908e-06,6.032517351909973e-11,4.5314185241275595e-08,2.5021438794034347e-08,1.731623783203861e-06,3.6357540971707523e-06,2.75072054872504e-05,3.814673457132702e-07,0.00011596328099911745,0.0004985202627388146,4.162058412075175e-09,0.02389016706279332,1.4420595704382092e-05,1.4022503545901377e-05,2.167778258705775e-05,1.0832659509318573e-08,1.1322324521960897e-07,9.360771922899147e-09,1.300744863324259e-05,8.743386647895147e-06,1.2940306832727237e-07,4.964977709044699e-07,0.9753783856192603
46,5.64077161588256e-07,9.111488618124958e-06,1.4988502298566772e-05,4.476933411963556e-11,2.1496921578519683e-08,7.125800417073531e-09,4.988755864000884e-07,3.0238641848294092e-06,2.565052032430006e-06,1.781519159014388e-07,0.00016393331337509343,0.0011880172421155225,4.157131514567893e-09,0.0206027228414743,3.742732241914611e-06,1.2142725152989085e-05,0.0002876763911109841,6.346407983705192e-09,3.654707870586029e-08,2.661826398741719e-09,1.569982646600194e-05,1.2274539838376141e-05,1.1599966624325369e-07,3.736145713843858e-07,0.9776822923822533
47,3.677013652916363e-07,1.0880868842214568e-05,1.2716227938881921e-05,2.2385277498420086e-11,1.4687715695625708e-08,4.137181969856683e-09,4.518658008110002e-07,2.6881774017575228e-06,7.2514032997216525e-06,2.62228584048138e-07,9.632511746337359e-05,0.0009869804124828002,6.077167406825567e-09,0.03181325894743083,2.3899774368745898e-06,1.0485137959817925e-05,5.734586012278613e-05,5.2210754198596024e-09,2.734523642490323e-08,3.629300826191734e-09,9.426493678098754e-06,1.4407985106613785e-05,3.8320912476539904e-08,4.2235961926885273e-07,0.9669742397944914
48,2.7718524970652107e-07,2.5466069434451054e-05,1.852094343047879e-05,8.441157243428656e-11,2.0803998938118716e-08,8.678581845611639e-09,5.130026501738769e-07,4.616853735582759e-06,6.673228754059938e-06,1.093919209127303e-06,0.00010006530902918992,0.0005095161586390932,4.824295365646149e-09,0.07721929930966176,4.132605295972036e-06,1.3405570817054824e-05,0.00021591348383198671,1.6076796544218804e-08,1.082660303459867e-07,4.768222468192505e-09,3.351325129723751e-05,1.3594859824192103e-05,1.9742808870670795e-07,3.659562509425244e-07,0.9218326713624632
49,3.038158426074203e-07,6.139862611659361e-06,2.6612670939682988e-05,5.070351903103145e-11,3.688134091118565e-08,1.0749585727630184e-08,6.463306909554457e-07,3.1832697619795686e-06,1.4940474483646673e-05,5.492157821162566e-07,0.00013666616134645635,0.0005291948629435843,6.149400624593997e-09,0.07004019594548211,2.863675479128169e-06,7.488685436667605e-06,5.078136146851382e-05,1.4878393099525144e-08,3.684935450083834e-08,9.353864498583058e-09,2.439362121167878e-05,7.912352067065891e-06,1.5598970998709282e-07,7.148710131404825e-07,0.929147141921086
50,4.018922987818184e-07,3.5971237307826467e-06,1.9319917295300464e-05,6.445707908373345e-11,6.844337304794642e-08,8.854633423070902e-09,4.1608884036390874e-07,1.3188276759304745e-06,1.1524069664678201e-05,2.2893694502929209e-07,0.00018032419783055737,0.00048130562580871086,4.265056757554712e-09,0.042210098885053525,3.7338458586935115e-06,6.873475131655345e-06,7.331912850728224e-05,1.4005030717138693e-08,2.6219060855137743e-08,8.513980688508137e-09,2.042044623167505e-05,4.16539898181723e-06,3.3206425109653374e-07,1.529713603943866e-06,0.9569809599966975
51,1.1950792978212724e-07,7.876988509408758e-05,7.432779330430553e-06,7.974064253992895e-11,1.3971897640518588e-08,1.8639065278586015e-09,9.140358081599204e-08,8.414459601084956e-06,8.351235801420733e-06,1.4032968202777178e-06,0.0001019657618875419,0.0005553861341164062,3.354724210834033e-09,0.2930565565853719,4.191478512984788e-06,2.6643227697799458e-06,2.7974706386606364e-05,6.4937975722347324e-09,3.997562183011848e-08,2.8046865129992644e-09,8.038632051586633e-06,2.749165652184416e-05,1.9574562070010235e-08,7.613092403976176e-08,0.7061109839043623
52,2.541205492463614e-07,6.2797761430562734e-06,2.290512612834495e-05,5.2646718739849074e-11,3.0076999778440234e-08,8.985849536197877e-09,5.051068837841811e-07,3.220815726404525e-06,1.5379841470793916e-05,8.252078077109217e-07,0.0001221212600583284,0.0003353473588871337,5.09860302174727e-09,0.08503131774769553,3.928405099450017e-06,8.17142767421549e-06,4.568725549801091e-05,2.0674867332026998e-08,6.274526602808749e-08,9.168592140064475e-09,2.8302121814030218e-05,7.266721052206832e-06,1.70798563119112e-07,6.288139370980924e-07,0.9143675512921869
53,2.142611987977144e-07,6.239152085663434e-06,2.0387907679930732e-05,4.262657395603069e-11,3.26412387882498e-08,6.6355705064980275e-09,4.6518016535937094e-07,2.463349811406106e-06,1.257285820513544e-05,5.762461066409532e-07,0.00011315442438808912,0.00034448916088895127,4.426607336843975e-09,0.07775362116908666,3.1634875558669346e-06,6.476144018706031e-06,4.689744761078882e-05,1.3691227730556032e-08,4.7025406800216996e-08,7.26188204799456e-09,2.7534830348098305e-05,6.388299308381522e-06,1.4347479620734293e-07,6.108619885581754e-07,0.9216544900201971
54,2.2935639671166225e-08,3.3998834311163743e-06,4.544676260208799e-06,7.985025253460409e-12,6.344903203478431e-09,9.799321785384326e-10,9.061478400628826e-08,4.995038584487723e-07,5.7506195610451254e-06,2.0308706640968043e-07,1.6605349794143887e-05,0.00019612781232642985,7.311243148432554e-10,0.0413095158033178,1.688991209798676e-06,2.9837591617345204e-06,8.68397886544727e-06,9.944366427672238e-10,7.773684836051692e-09,1.938677083464133e-09,2.5466048135435244e-06,1.92327602999065e-06,1.85787712137808e-08,1.9912145057347645e-07,0.9584451766329152
55,2.0331517934071726e-07,5.063387610760309e-06,1.7455899580278756e-05,4.084917526765124e-11,3.5047672254335094e-08,6.421814783561616e-09,6.01976136493698e-07,2.2585531171900733e-06,1.3507896786698246e-05,3.990668629136899e-07,0.00010812156407520087,0.0004493836535483357,4.2579780523201204e-09,0.06566656788290734,2.8960028443668703e-06,6.637581363865405e-06,4.0377627861654754e-05,1.253195063182233e-08,4.1397708840624254e-08,6.614527267347693e-09,2.396160330578289e-05,5.551881457436336e-06,1.380132427380493e-07,6.684610416906328e-07,0.933656099320577
56,2.2282395198155548e-07,6.040508442887118e-06,1.9783536237763188e-05,4.270265384620804e-11,3.398243837702856e-08,6.7894151767710094e-09,5.501813115654538e-07,2.5815609379113503e-06,1.2871533037087348e-05,5.122658730692761e-07,0.00011833563563851232,0.0003928933133154791,4.795828084960603e-09,0.07532730595181607,3.154752816590209e-06,6.727096608539473e-06,4.6818472272885714e-05,1.4070714675651974e-08,4.743065391231913e-08,7.560027221117431e-09,2.83733411012046e-05,6.614329532003569e-06,1.4535805082436787e-07,6.282088595702573e-07,0.9240263264584161
57,1.4211197468134238e-07,6.860828483690964e-06,1.587220093510056e-05,2.7701807644872275e-11,2.4782357290130183e-08,4.030709745101635e-09,5.983646394214835e-07,2.3673992524595427e-06,8.928949002074168e-06,4.281417562126498e-07,9.536317848909396e-05,0.00040322132756423994,4.925771000349712e-09,0.06339414366444635,2.4178456170565112e-06,8.887614015065502e-06,4.7785569528762744e-05,1.1841307197136897e-08,7.462955440086105e-08,6.071026404195888e-09,4.265899785567168e-05,6.307145146736334e-06,9.474698838570888e-08,5.831883706724855e-07,0.9359632124175065
58,1.7511374630833603e-07,5.183195324697072e-06,1.861515511781054e-05,4.0820684336465086e-11,3.925614998152621e-08,6.102739119659953e-09,5.185610612906633e-07,1.7530787137873448e-06,1.348205359609763e-05,4.5673603641406736e-07,9.596299048287881e-05,0.00034922359063546514,4.609961513735721e-09,0.06581142342389451,2.8954519341982192e-06,6.689707354785353e-06,4.068078672394281e-05,1.1657533940577654e-08,4.322525447700189e-08,8.32397901588993e-09,2.789545597453544e-05,5.005819735586421e-06,1.5705419104121342e-07,8.906402812859279e-07,0.9336188779687568
59,1.6482650466626698e-07,5.350536654803599e-06,2.104503340342868e-05,3.8475647986041263e-11,3.519772768655466e-08,5.69461880575305e-09,4.5380059985293894e-07,1.7589242885806566e-06,1.2495261063872256e-05,5.234049319779182e-07,8.733742152531207e-05,0.00031005211824543575,4.39408106770617e-09,0.07210406129561445,2.5916574426679364e-06,6.680943073660578e-06,4.203065591009913e-05,1.1544252702153871e-08,3.9011008029513606e-08,8.498102884631437e-09,2.790776508935751e-05,4.727197032433713e-06,1.4967346282991724e-07,8.336541561110501e-07,0.9273717314527335
60,2.0556976961049708e-07,5.809764768999328e-06,1.9221044924156417e-05,4.0922729670448515e-11,3.208917465159674e-08,6.667807833669921e-09,5.075119860010669e-07,2.4363447609970946e-06,1.2574045303834072e-05,5.178656446571083e-07,0.0001110700410344536,0.0003609889803859669,4.2727214455279375e-09,0.074093921307988,3.145843936815562e-06,6.508695424853701e-06,4.513016059804204e-05,1.3214556962446624e-08,4.540032770025698e-08,7.0939950757137404e-09,2.6565957912619178e-05,6.124044227349807e-06,1.4273078220840548e-07,5.941391792344688e-07,0.9253044271718658
61,1.9219857705799877e-07,5.353634114779014e-06,2.4087674327762034e-05,4.298566527849761e-11,3.95756965703839e-08,6.287042771637301e-09,4.872026297379758e-07,1.9345442206061793e-06,1.4403799484410678e-05,5.750057432402435e-07,9.487840106633118e-05,0.00031909155648177296,4.899781921121765e-09,0.07724902247118341,2.5629958525144095e-06,6.691809912225281e-06,4.125591685752656e-05,1.3476187630375514e-08,4.0475700551559534e-08,9.167686141042999e-09,3.0131760039227846e-05,4.891888149572348e-06,1.6428898930370725e-07,9.280796920987894e-07,0.9222032328475972
62,2.0556976961049708e-07,5.809764768999328e-06,1.9221044924156417e-05,4.0922729670448515e-11,3.208917465159674e-08,6.667807833669921e-09,5.075119860010669e-07,2.4363447609970946e-06,1.2574045303834072e-05,5.178656446571083e-07,0.0001110700410344536,0.0003609889803859669,4.2727214455279375e-09,0.074093921307988,3.145843936815562e-06,6.508695424853701e-06,4.513016059804204e-05,1.3214556962446624e-08,4.540032770025698e-08,7.0939950757137404e-09,2.6565957912619178e-05,6.124044227349807e-06,1.4273078220840548e-07,5.941391792344688e-07,0.9253044271718658
63,1.8689247157791636e-07,6.922308283255962e-06,1.7398669212165977e-05,4.002202661500083e-11,2.940580601080378e-08,5.894356639272962e-09,4.42617445849727e-07,2.324631168546752e-06,1.1864223508382175e-05,5.349172573241664e-07,0.00010084032290047063,0.0003570859497295021,4.122698747953524e-09,0.07516886999991189,3.0860285146745246e-06,6.354471293799987e-06,4.50984560312238e-05,1.1499554115416865e-08,4.466737894721496e-08,6.5626720249342704e-09,2.4392320459861487e-05,6.4626903260729006e-06,1.2731201062324312e-07,5.639033419846097e-07,0.9242473420936443
64,2.114337179110666e-07,6.201157906078337e-06,2.5576184173409823e-05,4.1426720061159104e-11,3.886937567109541e-08,5.6915891844431145e-09,6.136419714737549e-07,2.53506111943377e-06,1.1287135687815976e-05,5.364077241580191e-07,0.00011969693274923552,0.00034330811114693325,5.48475701264558e-09,0.09053974417117186,2.554228748682905e-06,7.0488302044580755e-06,5.777022152644475e-05,1.7063140331851574e-08,5.302671462657614e-08,8.927826295753647e-09,4.897026069810979e-05,5.649013483084184e-06,1.737462013168239e-07,7.325089505405389e-07,0.9088272618479893
65,6.27660321798612e-07,3.15798648466418e-06,1.5568410798171837e-05,1.242213057392388e-10,5.9351105778134616e-08,5.959028752049288e-08,2.431268399592516e-06,5.296065100709433e-06,1.1118987909881366e-05,3.890839430878867e-07,0.00039642556878107866,0.0006372926833764224,4.600539296416739e-09,0.02204379772767816,1.5207792235154444e-05,1.7602442479554623e-05,0.00015021437977524334,4.896331392352088e-08,2.941505699538937e-07,6.539814899460245e-09,5.67551517982099e-05,8.372588482149425e-06,7.443455572075893e-07,6.18747765175734e-07,0.976633905789261
66,2.776106737277766e-07,5.997571995104625e-06,2.8931490422179773e-05,4.1293712215739765e-11,3.5946164754882455e-08,6.4072304435722555e-09,6.329203596325504e-07,3.2914012975984664e-06,1.3564077164324156e-05,6.022596848777149e-07,0.0001340540051717039,0.00041011704426130484,6.452413944033681e-09,0.08876210366847863,2.825078633434429e-06,7.656824000354146e-06,4.6144973743464805e-05,1.850360758903897e-08,4.636120971008825e-08,9.983871175299494e-09,3.433173159033136e-05,6.819740423928184e-06,1.3028732688365717e-07,6.501797236963308e-07,0.9105417454392575
67,1.9605212028447639e-07,5.786744335599754e-06,1.7295099841800314e-05,3.8633448902516546e-11,3.0698655322884216e-08,6.490479263794567e-09,4.929037017795999e-07,2.37470318389208e-06,1.267702050988939e-05,4.865760680899676e-07,0.00010828503533133197,0.00036987135837312173,4.009643422065822e-09,0.07065582769372276,3.2018272633714793e-06,6.247032664083374e-06,4.174606888872098e-05,1.1896305105966823e-08,4.38194531164385e-08,6.484237818460219e-09,2.3625298731127737e-05,6.306773365979873e-06,1.2761691332577917e-07,5.544042851228042e-07,0.9287447943532923
68,1.3979095158777354e-07,4.444111377815515e-06,2.0198691764056775e-05,3.901416949002595e-11,3.3930279721096095e-08,5.843118300008412e-09,4.2822524493685107e-07,1.5920284913766684e-06,1.4775299421178098e-05,5.04591766791878e-07,7.736652204715326e-05,0.0003063513528358792,3.5359433533840926e-09,0.08235067481268493,2.4549219837368643e-06,5.026359297658679e-06,3.1021386926159305e-05,1.0172324841205904e-08,2.766896895794209e-08,7.805245159334964e-09,2.006600798989745e-05,3.818621212856549e-06,1.4784779024505205e-07,7.082385858008317e-07,0.9171601921947334
69,2.0593845016847974e-07,5.986533370952173e-06,1.5209600978084959e-05,3.795207126976224e-11,3.1002994685517616e-08,6.6772118844577334e-09,4.6125728074828566e-07,2.069328414606608e-06,1.1887741542248668e-05,4.3000766575903763e-07,0.00010971145853814809,0.0003798970664661259,3.7178364319205158e-09,0.05976549840159287,3.559486964413716e-06,5.974260261378744e-06,4.490393944715009e-05,9.854511975765025e-09,4.185503759577025e-08,5.600190046608306e-09,2.0000910667629923e-05,6.56635262697573e-06,1.2372962346143668e-07,5.322654975658293e-07,0.9396268829748771
70,1.827794782859577e-07,4.529358277235224e-06,1.8761897752694554e-05,4.807697353821734e-11,4.997431037530993e-08,7.4064221110738945e-09,5.647085077886586e-07,2.050764481660095e-06,1.750013556336947e-05,4.262565004324433e-07,0.00011207171444703782,0.00034271312752525064,3.583842787006902e-09,0.08175216341916441,3.4257191256513924e-06,4.149919148889785e-06,3.307375367809407e-05,1.0929275274414812e-08,3.3174019271289134e-08,7.143343850604501e-09,2.2705698147630494e-05,4.817591343193053e-06,1.6810481091123882e-07,6.190581853232125e-07,0.9176799637345715
