,0,1,2,3,4,5,6,7,8,9,10,11,12,13,14,15,16,17,18,19,20,21,22,23,24
0,0.00015182564318449692,9.286276209723429e-07,1.0300773884821376e-10,3.442966980841105e-09,1.701551291841748e-08,2.4643911136313516e-09,9.425977308154479e-05,5.166384123264015e-09,7.957359469762842e-06,4.582719782718804e-05,2.758871372212208e-08,1.346062465861852e-05,2.856559838354239e-09,0.000687728373940785,5.78392054639752e-09,5.780627018475687e-08,2.3326553016486987e-05,0.02771658578663484,7.934061343883326e-08,7.948235015115283e-08,8.793205841337985e-07,0.001026102502620906,1.733717234264422e-06,1.3382657792742964e-09,0.9702291021311694
1,0.00023030170338760036,1.0724783506044102e-06,1.1073210029631792e-10,4.4696297920012734e-09,2.4101775507763096e-08,2.2165487575635656e-09,0.00010625555628825543,6.740225098571202e-09,1.6503545905091918e-05,6.137489931946025e-05,2.9975955902712266e-08,1.112259284178407e-05,3.1785111602744017e-09,0.000583900331924867,5.4950960061469575e-09,8.395010077120552e-08,2.591201236651621e-05,0.02748616640472375,9.220352825286093e-08,7.2303394666571e-08,6.273294075052783e-07,0.0009164051001414243,1.6244967313344935e-06,1.857629002346575e-09,0.9705584069454848
2,9.59835195183197e-05,4.945174529646727e-07,6.669498627440993e-11,2.224095608158099e-09,1.4366157198740083e-08,1.2145935399572284e-09,6.571928250152587e-05,3.722497520682493e-09,8.637533980765113e-06,4.1175124228808994e-05,1.5306102199074694e-08,4.628359132843334e-06,1.2246332215022018e-09,0.0005334819680965947,5.150511077687599e-09,3.1756577735036264e-08,1.092786329535386e-05,0.014631256231263792,4.7847258947479826e-08,7.124533927822326e-08,4.687693864639114e-07,0.0009298514687648261,1.450053639507051e-06,1.2573125441043093e-09,0.9836757299269643
3,0.00014886972701724202,9.364531654858593e-07,9.768396814554683e-11,3.4578396209219235e-09,1.7778833372341873e-08,1.9541930278398856e-09,8.696258508942735e-05,4.528719841339858e-09,7.732334424892123e-06,3.813247999912173e-05,2.8315469202757125e-08,1.3302815188613854e-05,2.6245000067804067e-09,0.0006844098800623657,5.399049837300201e-09,4.739117334091488e-08,2.296460746661697e-05,0.027087129791179384,6.712771956601676e-08,6.00359215449629e-08,7.770031886459824e-07,0.0009763013415590518,1.5482478962175042e-06,1.229265583120569e-09,0.970930692793394
4,0.00016057170818010525,1.1780394942345378e-06,1.1537182549209232e-10,4.065473460715483e-09,2.1132495313996655e-08,2.167068241888465e-09,9.345576091903299e-05,4.9329648449423636e-09,7.947657398544236e-06,4.0220381826124996e-05,3.6322853921071955e-08,1.9318642487567513e-05,3.921104137558917e-09,0.0008234534705434963,5.141216671723577e-09,5.397926707690277e-08,2.800296966303785e-05,0.03310298703854681,7.793830820198995e-08,6.440654867379211e-08,8.89238033837013e-07,0.0010633687862105646,1.5763819020965946e-06,1.2676622165755365e-09,0.96465675453446
5,0.00014436586592746765,5.60487765656442e-07,8.262261989684681e-11,3.7407507638043625e-09,1.2699837516986735e-08,1.4105325127875235e-09,7.191446841874757e-05,4.056107679842692e-09,6.307821657305601e-06,3.930649492114402e-05,2.063416103627178e-08,1.1297378625478782e-05,2.0676831590373463e-09,0.0006495011929689265,3.3784312484033738e-09,4.312558266862661e-08,2.2013926164069374e-05,0.038346970169272104,4.1638501568772615e-08,6.640121167616769e-08,6.600995193283501e-07,0.0007609575489292651,1.403411298371856e-06,1.3021620878146484e-09,0.9599445405969477
6,0.00014886972701724202,9.364531654858593e-07,9.768396814554683e-11,3.4578396209219235e-09,1.7778833372341873e-08,1.9541930278398856e-09,8.696258508942735e-05,4.528719841339858e-09,7.732334424892123e-06,3.813247999912173e-05,2.8315469202757125e-08,1.3302815188613854e-05,2.6245000067804067e-09,0.0006844098800623657,5.399049837300201e-09,4.739117334091488e-08,2.296460746661697e-05,0.027087129791179384,6.712771956601676e-08,6.00359215449629e-08,7.770031886459824e-07,0.0009763013415590518,1.5482478962175042e-06,1.229265583120569e-09,0.970930692793394
7,0.00048248757830791217,3.5803726473953184e-06,4.962970444712913e-10,7.880484461173994e-09,4.8288355429306545e-08,3.9000058175595914e-09,0.0002171171840995122,1.630430905831556e-08,1.2694914109691532e-05,6.974265910337962e-05,9.597893603334089e-08,3.94677962011225e-05,1.6032485249322447e-08,0.0009282945183484345,1.086813035397034e-08,9.45826259984555e-08,4.8411203599528216e-05,0.05245133961910333,2.753715967576531e-07,1.0016232785069304e-07,1.6624751204716973e-06,0.002017184607134906,1.4866183748124478e-06,2.385320661500488e-09,0.9437258582029747
8,5.341237063831694e-05,2.329362139316466e-07,3.835058856879082e-11,1.6430689571769975e-09,8.181719650460987e-09,4.834615587932348e-10,3.370749943115955e-05,1.0576844323055371e-09,5.983716308981771e-06,2.9555520651158536e-05,1.0326065613105122e-08,1.5492450781710703e-06,3.0560613870389485e-10,0.00043190099125715734,4.5366425901834686e-09,1.1502395264511304e-08,5.013701636372404e-06,0.008384613731383458,1.282402588785772e-08,2.751615286444841e-08,2.469874422856524e-07,0.0005697766342998982,7.971854189291315e-07,1.9774772270353933e-09,0.9904831290875893
9,0.00013738171939780988,4.740216376607414e-07,1.366000593154761e-10,5.09892291131752e-09,1.5538252067857736e-08,1.588696624492911e-09,5.624975715449866e-05,4.04174750009348e-09,1.0491375003958689e-05,6.744205276843793e-05,2.863340077187024e-08,5.871624428348513e-06,1.532785088406666e-09,0.0008914975374685965,6.569304097951918e-09,3.9980076903139333e-08,2.155121341152441e-05,0.02323819686422513,4.401124173968982e-08,8.661566468175974e-08,6.389525487236478e-07,0.0012670778580502922,1.7333538070938507e-06,3.772324007298623e-09,0.9743011561510816
10,0.00014886972701724202,9.364531654858593e-07,9.768396814554683e-11,3.4578396209219235e-09,1.7778833372341873e-08,1.9541930278398856e-09,8.696258508942735e-05,4.528719841339858e-09,7.732334424892123e-06,3.813247999912173e-05,2.8315469202757125e-08,1.3302815188613854e-05,2.6245000067804067e-09,0.0006844098800623657,5.399049837300201e-09,4.739117334091488e-08,2.296460746661697e-05,0.027087129791179384,6.712771956601676e-08,6.00359215449629e-08,7.770031886459824e-07,0.0009763013415590518,1.5482478962175042e-06,1.229265583120569e-09,0.970930692793394
11,0.0001635215272046981,1.1077579122614179e-06,1.1323075911461399e-10,3.993750205561651e-09,1.96688063478933e-08,2.260865267892821e-09,9.714129724185191e-05,5.5155796231481345e-09,8.339821899493611e-06,4.0501706184361493e-05,3.240855772113071e-08,1.6877740880363042e-05,3.5714020888146083e-09,0.0007463075779466928,5.555653226710744e-09,5.602712670600004e-08,2.806983046068741e-05,0.03066501498555973,7.965207508778003e-08,6.662227219228584e-08,8.494356085167392e-07,0.0010638247066744484,1.6520979110824823e-06,1.2640919268775762e-09,0.9671665148611046
12,6.778286797813321e-05,6.6306458641509e-07,5.187518562261964e-11,2.0703764318207586e-09,2.085491870864724e-08,1.3830234333707821e-09,4.1719479287644374e-05,1.1677216844776137e-09,3.71285156240893e-06,1.624581409664704e-05,1.5015177112573662e-08,1.002782330901545e-05,1.2854084535470277e-09,0.0006995472120279794,2.1966090024125562e-09,2.412648339154541e-08,8.898323236621051e-06,0.025411110405808877,2.2824884793201754e-08,4.142339998359471e-08,4.793903894779345e-07,0.0002691793493553839,1.2162867936044403e-06,5.660920477756812e-10,0.9734692841655974
13,0.00022444570814369303,2.080562357512067e-06,2.1576603814274464e-10,8.080786737660223e-09,4.3950225320551415e-08,3.245233278696345e-09,0.0001207575712864547,6.1486219859770515e-09,9.30081124576757e-06,4.3092663662985583e-05,1.4630168852587658e-07,3.360614120771203e-05,7.833980176561347e-09,0.0014225173436301004,1.4165947297764467e-08,7.889605752576402e-08,3.9132292868663576e-05,0.03588557120969641,1.311184945821533e-07,6.449240762156229e-08,1.8704988753627287e-06,0.001450936456404397,2.9440493913251787e-06,2.496820959465665e-09,0.9607632377451994
14,0.00019416523857503605,3.002834808773345e-06,1.3452779848513844e-10,3.093873167809376e-09,3.770793429295947e-08,4.382402993572442e-09,0.00011342243106805286,4.343728181098584e-09,6.283162217798995e-06,3.64079353379721e-05,6.079412695947442e-08,4.332144003007611e-05,6.963970658119533e-09,0.001041942161086688,6.653457123567389e-09,7.701748533665992e-08,2.6455093691535548e-05,0.03443563344593195,1.765804855175477e-07,6.548459351486793e-08,1.5151293459414345e-06,0.0009952289711207551,1.7689918391408392e-06,8.32321269019586e-10,0.9631004091760395
15,0.00014886972701724202,9.364531654858593e-07,9.768396814554683e-11,3.4578396209219235e-09,1.7778833372341873e-08,1.9541930278398856e-09,8.696258508942735e-05,4.528719841339858e-09,7.732334424892123e-06,3.813247999912173e-05,2.8315469202757125e-08,1.3302815188613854e-05,2.6245000067804067e-09,0.0006844098800623657,5.399049837300201e-09,4.739117334091488e-08,2.296460746661697e-05,0.027087129791179384,6.712771956601676e-08,6.00359215449629e-08,7.770031886459824e-07,0.0009763013415590518,1.5482478962175042e-06,1.229265583120569e-09,0.970930692793394
16,0.00015669730067583644,1.0101527167495105e-06,1.0611490615558536e-10,3.614228807929654e-09,1.947475887398423e-08,2.0943503397406567e-09,9.128438869893633e-05,4.964677497433424e-09,8.809981079613721e-06,3.828324227391617e-05,3.006258343689889e-08,1.2930184963299673e-05,2.835804924022483e-09,0.0006847220143498542,5.9707360630306444e-09,4.998144579458113e-08,2.3778453920342742e-05,0.025549269928578,7.349307737157507e-08,6.167767741601814e-08,7.351520085144494e-07,0.001010943938962108,1.6307107768705057e-06,1.3265713661357147e-09,0.9724196489489692
17,0.0001644716892536742,1.0366814179006215e-06,1.1775254933686015e-10,4.007544282740137e-09,2.131445230176275e-08,2.5192283655298984e-09,0.000102593619299924,4.9261230094588724e-09,1.0720778764205843e-05,4.7091733248007546e-05,3.383648627098502e-08,1.0580789560478898e-05,2.5009228895646515e-09,0.0006653073956162736,8.241129294504635e-09,5.677238960359085e-08,2.2620675377857258e-05,0.021909456868423775,7.760538059063062e-08,6.333117719088196e-08,7.623909295156663e-07,0.0010417330656874429,1.6366731829185613e-06,1.7902098736103144e-09,0.9760217106764418
18,0.0018191899037592577,1.7160026750030656e-05,1.639081965488869e-08,2.927063785668751e-07,3.5145600777985675e-06,6.829708337002132e-08,0.0015917358382883892,1.6294667212978984e-07,0.00015887983654408323,0.000513683980285139,1.908074226937885e-06,4.170502786155629e-05,7.20489960716127e-08,0.0035945020715774504,7.118878725054462e-07,2.184716328226402e-06,6.543114674600888e-05,0.035378667038979114,3.1333970864109856e-06,5.770059926581845e-07,1.4422555160387679e-05,0.00391784476768407,1.1261082255791836e-05,6.073586426373855e-08,0.95286281395671
19,0.00018754754436182264,1.4278479781843875e-06,1.8714782331013642e-10,5.763179501293153e-09,3.3111535071555325e-08,2.2678906034832024e-09,0.000134945381127273,9.451957681056853e-09,9.57868165436068e-06,4.5686989575620885e-05,3.76948240740974e-08,2.4291192168089226e-05,5.786943217270492e-09,0.0008794570963011689,6.426000141473612e-09,6.849827414460692e-08,3.018762083724741e-05,0.03856959619933975,1.0961281750600049e-07,8.586367207342633e-08,1.083965231592256e-06,0.0014067508201460373,1.5569489877086746e-06,1.2460458954920104e-09,0.9587075238020035
20,0.00011526324669847153,8.581884425383227e-07,1.248442422398765e-10,3.858826393871238e-09,1.7844636800069373e-08,1.884897758269526e-09,0.0001322225978649511,7.2356180491845845e-09,7.5883825536890645e-06,4.3936946703754114e-05,3.859649167008689e-08,8.967094746559582e-06,2.1038839243483566e-09,0.0006343557791101257,1.749891877390208e-08,4.072111230942504e-08,1.8670321351711336e-05,0.014077338826614855,9.160683588977349e-08,6.533763914386557e-08,1.289467854897893e-06,0.0021047995193926063,1.954852082611384e-06,1.725239228875812e-09,0.982852466237639
21,0.00018240029487947835,1.0927539742339605e-06,9.47304492341439e-11,3.5024493323980203e-09,2.4536086903271987e-08,1.6076202610540893e-09,5.9386214754820023e-05,2.988883433236553e-09,5.537406507428462e-06,4.855108391619733e-05,3.406483578447896e-08,2.2923428423702548e-05,2.692440347375943e-09,0.0008474819576460326,3.2384142922972304e-09,4.9948246549008095e-08,1.8578202027152925e-05,0.044535972277442916,6.615583508736394e-08,5.956304369394433e-08,1.258941311789896e-06,0.0007442031409706668,1.2178608553808362e-06,1.1291834680212613e-09,0.9535311469155207
22,0.0002348903101499083,9.0099871732715e-07,1.9170942520422373e-10,7.445679969310056e-09,1.7914408022639723e-08,2.80898823868749e-09,9.391714570453945e-05,6.924827634382754e-09,7.308666784453075e-06,7.768599162096432e-05,4.975430054393855e-08,2.2404218587012515e-05,3.742331419113379e-09,0.0010516234628324408,6.791908767707089e-09,7.761555640318799e-08,4.9098602952384395e-05,0.053718127792776973,8.434889872645276e-08,9.286799783046198e-08,1.6752660113568674e-06,0.001608915217181691,1.8780891800423192e-06,2.348654050382428e-09,0.9431312214822398
23,0.00014886972701724202,9.364531654858593e-07,9.768396814554683e-11,3.4578396209219235e-09,1.7778833372341873e-08,1.9541930278398856e-09,8.696258508942735e-05,4.528719841339858e-09,7.732334424892123e-06,3.813247999912173e-05,2.8315469202757125e-08,1.3302815188613854e-05,2.6245000067804067e-09,0.0006844098800623657,5.399049837300201e-09,4.739117334091488e-08,2.296460746661697e-05,0.027087129791179384,6.712771956601676e-08,6.00359215449629e-08,7.770031886459824e-07,0.0009763013415590518,1.5482478962175042e-06,1.229265583120569e-09,0.970930692793394
24,0.00014153965962929817,1.0134366044194383e-06,1.0159194114438572e-10,4.955481629026684e-09,3.239327369292982e-08,1.6720838650056617e-09,8.363017724908249e-05,4.2501904931191555e-09,7.376710167009247e-06,3.3295330320315594e-05,3.404681939985203e-08,2.2673841182878152e-05,4.122675114384448e-09,0.0010261823092950948,3.5806913268416394e-09,6.097065805805569e-08,2.244953939702217e-05,0.04284908344431549,6.194636319917357e-08,6.444800155692277e-08,7.414454233543761e-07,0.0007343266123354332,1.559264685763576e-06,1.0563650826481794e-09,0.9550758546851995
25,0.00028641091600259145,1.0011098821118794e-06,1.789413437788906e-10,8.739242325086786e-09,2.917156715638821e-08,1.7185453759943586e-09,0.00017748767506896022,1.2857816581656321e-08,8.517720797006859e-06,5.3821304114263616e-05,6.687906327721047e-08,2.466982888657862e-05,6.43050215885e-09,0.0008382739019017315,8.774289490334134e-09,9.169244391782831e-08,3.543755226329579e-05,0.053796089446174325,1.2636882147975536e-07,8.870448295759571e-08,1.5668354410930776e-06,0.001504673710933781,2.1975919699614395e-06,1.8442684632041623e-09,0.9432694090465796
26,0.00019549408045714517,7.91796834403473e-07,8.797941638803465e-11,4.166449609476426e-09,1.7430399877143145e-08,2.0143314812508443e-09,6.877849113254647e-05,5.796304037101789e-09,2.0675730221282473e-05,3.411439090012667e-05,2.2434103443146866e-08,5.774957496828094e-06,2.0329619076657596e-09,0.00043441580731490146,5.483070723586556e-09,5.007964346493684e-08,2.436069379290097e-05,0.017375641056548933,4.888325935407211e-08,6.599008922199811e-08,4.051582434054081e-07,0.0006416551767034063,2.5413771532961345e-06,2.572364222108603e-09,0.9811951243122442
27,9.154354921808518e-05,6.558733661267362e-07,6.501298165011429e-11,2.347062336717798e-09,1.2190563486999857e-08,1.5831605863143027e-09,8.049437629051648e-05,3.847961443254587e-09,1.0791607688961672e-05,4.0786482845222855e-05,1.9746778793885686e-08,5.527656836811496e-06,1.4627280576520278e-09,0.000552938209881237,7.118100798185506e-09,3.402554889172231e-08,1.649893032469686e-05,0.012303690650268113,4.935379233097072e-08,5.7195825866413245e-08,4.715570546245087e-07,0.001240715031569536,1.4948158469047345e-06,1.464368306417109e-09,0.9856542008579053
28,0.00014886972701724202,9.364531654858593e-07,9.768396814554683e-11,3.4578396209219235e-09,1.7778833372341873e-08,1.9541930278398856e-09,8.696258508942735e-05,4.528719841339858e-09,7.732334424892123e-06,3.813247999912173e-05,2.8315469202757125e-08,1.3302815188613854e-05,2.6245000067804067e-09,0.0006844098800623657,5.399049837300201e-09,4.739117334091488e-08,2.296460746661697e-05,0.027087129791179384,6.712771956601676e-08,6.00359215449629e-08,7.770031886459824e-07,0.0009763013415590518,1.5482478962175042e-06,1.229265583120569e-09,0.970930692793394
29,0.00014886972701724202,9.364531654858593e-07,9.768396814554683e-11,3.4578396209219235e-09,1.7778833372341873e-08,1.9541930278398856e-09,8.696258508942735e-05,4.528719841339858e-09,7.732334424892123e-06,3.813247999912173e-05,2.8315469202757125e-08,1.3302815188613854e-05,2.6245000067804067e-09,0.0006844098800623657,5.399049837300201e-09,4.739117334091488e-08,2.296460746661697e-05,0.027087129791179384,6.712771956601676e-08,6.00359215449629e-08,7.770031886459824e-07,0.0009763013415590518,1.5482478962175042e-06,1.229265583120569e-09,0.970930692793394
30,0.00014886972701724202,9.364531654858593e-07,9.768396814554683e-11,3.4578396209219235e-09,1.7778833372341873e-08,1.9541930278398856e-09,8.696258508942735e-05,4.528719841339858e-09,7.732334424892123e-06,3.813247999912173e-05,2.8315469202757125e-08,1.3302815188613854e-05,2.6245000067804067e-09,0.0006844098800623657,5.399049837300201e-09,4.739117334091488e-08,2.296460746661697e-05,0.027087129791179384,6.712771956601676e-08,6.00359215449629e-08,7.770031886459824e-07,0.0009763013415590518,1.5482478962175042e-06,1.229265583120569e-09,0.970930692793394
31,0.0002609675404174391,8.990825750932064e-07,1.415685192107517e-10,3.535901128566059e-09,1.7606419876565714e-08,1.185682940105069e-09,7.569860349767342e-05,8.205071140610969e-09,6.597988178112276e-06,3.671287146630039e-05,2.0232051365825445e-08,1.5113931182763863e-05,3.731657913676556e-09,0.0005139844906585347,2.84856623459115e-09,4.3620902110368445e-08,2.3823639563765075e-05,0.045194044502783,8.374856899692128e-08,7.203850453498297e-08,7.595188908151742e-07,0.0008639860035931608,1.3129114586297682e-06,9.782529653164337e-10,0.953005841042587
32,0.00015228418240099606,1.0102369202550556e-06,1.0789899083813336e-10,3.363580802222895e-09,1.908765054372539e-08,2.143899606861323e-09,9.078095617219777e-05,5.142420512508261e-09,7.67550392346076e-06,4.045000618946503e-05,2.982083745051203e-08,1.4251242595933479e-05,2.8976518959670197e-09,0.0007036634466481721,6.001955203984099e-09,5.1861564705056744e-08,2.3237724480092693e-05,0.026257433526252455,8.456651992598406e-08,6.727150082572671e-08,8.513648694408536e-07,0.0011066976741459418,1.645283748161163e-06,1.2066447908675281e-09,0.9715997453795282
33,0.00018641617907227552,1.307374303509003e-06,1.1801368595745514e-10,4.763593736645092e-09,1.4832645562963482e-08,2.8373382124053115e-09,0.00014731455201443547,9.671002320066199e-09,9.776849736407998e-06,5.6163919485106284e-05,3.2809782298119014e-08,4.1804729627354846e-05,9.485272801530322e-09,0.0011313636083714255,3.248432216832132e-09,9.811678393514421e-08,7.57167221632412e-05,0.0634648334614464,1.0777216446629486e-07,9.26524038514945e-08,7.302745345544808e-07,0.0020821957784073557,1.4215141947464257e-06,9.112562885527797e-10,0.9328005778179539
34,0.0003192894951832069,1.7493136402435426e-06,1.3568247286744996e-10,2.1654767053103755e-09,3.102257115350871e-08,1.0039332962833887e-09,5.254315949441939e-05,4.95779407487726e-09,1.2623775271496119e-05,3.585715082521762e-05,4.91404232245153e-08,8.908776153729452e-06,3.258396575041233e-09,0.0004996293942384545,6.3317808099150795e-09,2.982380640765059e-08,1.2734197668253465e-05,0.014920060717287012,1.546383348136416e-07,4.132317440678233e-08,6.453119960308612e-07,0.001033335364737208,1.5547230024449379e-06,1.9209685563667763e-09,0.9831007428981597
35,7.292296054479208e-05,8.656532041569274e-07,9.775727343167372e-11,3.443796265745259e-09,2.3560380459233037e-08,2.9220552017460028e-09,8.710325588599675e-05,2.6718719319915956e-09,6.32792683264687e-06,3.146023269707638e-05,3.786974585297209e-08,1.0372290273103612e-05,2.0386681401738638e-09,0.0009614364986690015,1.037993127149819e-08,4.19775031610932e-08,1.5845862583473973e-05,0.01534162790083309,5.883539448667353e-08,6.45940737640916e-08,9.102501252113669e-07,0.0009848116728618476,2.151653238659582e-06,1.4150803431846453e-09,0.9824839140359927
36,0.0001626514706703642,8.286613299390326e-07,1.699245417224611e-10,2.773542531039726e-09,4.6367760635197927e-08,1.0052803642221441e-09,4.05818003357915e-05,1.14813777084792e-09,2.943872399512427e-06,3.2326036010222814e-05,4.152572460616046e-08,4.542522514883508e-06,7.922574434767218e-10,0.0004955170448121889,7.364965017387507e-09,1.559598755546251e-08,2.717371174118592e-06,0.017296170437761764,4.9883481208708715e-08,4.000973427791083e-08,1.6453431050032167e-06,0.00027909830603415627,1.0536589162992464e-06,2.201750470218489e-09,0.9816797146363893
37,0.00021171748903260517,5.754694499356311e-07,1.2376465729735033e-10,4.7869396143175475e-09,1.5736242904314222e-08,1.1935880915528742e-09,6.909506237870508e-05,3.879946936220081e-09,5.744865177862297e-06,4.353823434886409e-05,3.2040508778946114e-08,1.1045744957476156e-05,2.2075604066829893e-09,0.000711159691263618,4.145471930313702e-09,4.0720871658157127e-08,2.0164718933393207e-05,0.04526454779021746,4.780380639401356e-08,6.253652141941417e-08,7.619733435613651e-07,0.0007635050104828639,1.352166517409616e-06,2.2683342248918547e-09,0.9528965743403393
38,0.00017850171766203786,1.284351133367866e-06,1.2122073455359672e-10,4.925530220783996e-09,1.941740319052791e-08,6.255261290299452e-09,0.00020320425768719142,8.282800397443676e-09,6.912361458361852e-06,4.722483753000269e-05,4.998520474522613e-08,2.6591962575029985e-05,5.7335083620593874e-09,0.0008085041843588521,1.1026414880809874e-08,1.5257471643693697e-07,4.207055680378059e-05,0.035736855447135424,1.6204388356017038e-07,1.0118348714116709e-07,1.4863106874416828e-06,0.001219620992389569,3.074968308870374e-06,1.2628517700100046e-09,0.9617241452399873
39,0.00011958666268986711,6.298784306822055e-07,7.434251429169849e-11,3.6757517581338026e-09,1.1705768985063563e-08,2.183905016647374e-09,0.00011458202231862425,7.216089501047132e-09,5.476586153123327e-06,3.150740401564416e-05,1.876983900193768e-08,1.223360663054454e-05,2.448668001407358e-09,0.00048262227556199384,5.730538165849857e-09,6.017585028062063e-08,2.5698217058577777e-05,0.02469826481500736,7.006000481900887e-08,6.843246204482397e-08,1.0419388019891195e-06,0.0009531018047838734,2.237068977427189e-06,7.911957526797235e-10,0.9735527664551545
40,0.00011077215056691832,2.1488339841754448e-06,2.343747052865923e-10,2.351028594398561e-09,4.21180990821389e-08,2.8351542573822625e-09,5.424881247121498e-05,2.176964413352883e-09,4.1712394789337185e-06,2.987251640986091e-05,4.223430254514204e-08,2.311373736554977e-05,2.669329617624133e-09,0.0012624196206118086,8.42613344387005e-09,2.6444967761250876e-08,1.3984455833844241e-05,0.02219693292794519,9.538944766837998e-08,5.5301436394814206e-08,1.1096571327594242e-06,0.001276815929467547,1.0116457981266667e-06,1.0936315441923915e-09,0.975023117198064
41,0.00018270112499211452,3.348286415075827e-06,1.7151730249027085e-10,8.337555005877215e-09,7.164615562370572e-08,4.609508486573794e-09,0.00010220702347123158,5.294430924986873e-09,4.613556429733942e-05,5.430812561869845e-05,4.01568379818395e-08,1.1017423100752162e-05,4.646863068680881e-09,0.0009615371090575722,6.9649038791648885e-09,8.35917061366699e-08,3.37086223972912e-05,0.01732635554441122,5.3300999271842617e-08,4.5429283469929985e-08,4.500348620412302e-07,0.0006068482164504851,1.6250576024123922e-06,2.3130581026394983e-09,0.9806694314045045
42,0.0002894877927134493,2.1410090403565624e-06,3.6440508687263657e-10,5.153868066563342e-09,2.7206252850070037e-08,3.3331588751274844e-09,0.00017705535086110527,2.8013609949292743e-08,1.228564577071918e-05,0.00010974632615663843,5.5016856588659936e-08,3.533680044947947e-05,7.384245640546741e-09,0.0009240826470777109,1.734111607047652e-08,9.413076016171467e-08,6.004880064478639e-05,0.02755258760307721,4.600371254939175e-07,1.410594114201305e-07,2.6828518635309907e-06,0.008135339222194464,1.8498671532958712e-06,1.7646901005636846e-09,0.9626965152774969
43,0.00015759133862485505,5.460717352927022e-07,1.0697631415657303e-10,3.5382209291670523e-09,1.2826264979912518e-08,2.4280729082820884e-09,8.18636522070703e-05,6.1854712937114795e-09,1.5662229466172758e-05,0.00013674082209781796,1.8454838722283943e-08,4.687646753837673e-06,1.3754901023397647e-09,0.0005834805822955479,6.707262472859034e-09,5.947278320887678e-08,2.0548559183182597e-05,0.018129154972561578,7.512196308784847e-08,1.3231444799903193e-07,7.95707447434678e-07,0.00168770782515818,1.535821030343938e-06,2.728508908083384e-09,0.9791793635111378
44,0.00014886972701724202,9.364531654858593e-07,9.768396814554683e-11,3.4578396209219235e-09,1.7778833372341873e-08,1.9541930278398856e-09,8.696258508942735e-05,4.528719841339858e-09,7.732334424892123e-06,3.813247999912173e-05,2.8315469202757125e-08,1.3302815188613854e-05,2.6245000067804067e-09,0.0006844098800623657,5.399049837300201e-09,4.739117334091488e-08,2.296460746661697e-05,0.027087129791179384,6.712771956601676e-08,6.00359215449629e-08,7.770031886459824e-07,0.0009763013415590518,1.5482478962175042e-06,1.229265583120569e-09,0.970930692793394
45,0.00019103928194137026,1.0095935496952426e-06,2.0647109791654514e-10,8.251938915270702e-09,2.62748105783815e-08,4.6978992883669466e-09,0.0003434752909831108,1.9689951225634665e-08,1.4559204428122587e-05,6.753724839813733e-05,4.6896634540513266e-08,1.0848322116325197e-05,4.450155789770341e-09,0.0006562697867345771,2.9434784056445203e-08,1.4725907334944263e-07,3.369021944548914e-05,0.021212866107556096,1.6795970601891136e-07,1.2514857484485353e-07,1.1637897235219397e-06,0.002029433333286595,2.847055285273004e-06,2.639999651500478e-09,0.9754346778565522
46,0.0002182229455721373,1.125801567002391e-06,1.3218183355885195e-10,5.47783088550495e-09,1.571761713627951e-08,3.213052063809798e-09,0.00010583352877580845,7.949025005620719e-09,9.462958882803502e-06,4.828069845885733e-05,3.6936406501734485e-08,2.195853738883831e-05,4.233815416121341e-09,0.0007727056607345614,6.298550050332141e-09,7.708872266636672e-08,5.1504311594384206e-05,0.03969696245761132,8.906912358054665e-08,7.963699167180788e-08,1.0736033783146886e-06,0.0013317796413702071,2.1425070583599062e-06,1.65386264784969e-09,0.957738619940428
47,0.0002798722551508855,1.839092686736287e-06,1.1200153808754083e-10,1.3912831914094055e-09,8.752366004003626e-09,1.5907295089784394e-09,7.383437652615816e-05,9.25488512406271e-09,6.789778443620133e-06,6.007787617872492e-05,1.5922052159398662e-08,2.47014878501267e-05,4.006567360807535e-09,0.00044045796075285905,2.9672212666800946e-09,4.263076158066705e-08,3.746938674712065e-05,0.03345203985057599,1.4852352528950573e-07,6.338250457343542e-08,9.83687181239905e-07,0.00239769255869763,7.951269633109498e-07,6.477732590657529e-10,0.9632231473805747
48,0.000624037902429318,5.0761447159756575e-06,3.3545723688418843e-10,1.3134771855669917e-08,2.263425858657699e-08,2.435892569285394e-08,0.0005120980689848747,6.750368081333478e-08,2.5997848014411e-05,7.165074647615128e-05,8.503987772973689e-08,8.650240376511159e-05,3.8318243824996804e-08,0.0008598608188997505,1.641561892033603e-08,4.784865484562779e-07,0.00035244795703880534,0.059240279999186594,6.186122254999813e-07,1.614979227300267e-07,2.0142644480453854e-06,0.0029479974914329667,5.542169401234866e-06,1.7085902471083001e-09,0.9352649661390852
49,0.00013118572470832812,1.3398663180483085e-06,1.7746425119997663e-10,3.417677339540833e-09,1.8267993237780157e-08,3.141958375146376e-09,7.769873247486245e-05,4.329168917460459e-09,5.545646304063008e-06,4.665785393926893e-05,3.1902895172617646e-08,2.5924395729375017e-05,3.4925502459716763e-09,0.0010628346158746598,5.758747858392167e-09,4.230397835410961e-08,3.330338539948279e-05,0.03587254294346432,8.270878002738009e-08,8.356715564937698e-08,1.1868098034817198e-06,0.0017168628741360597,1.2504538657777378e-06,1.2122706432476068e-09,0.9610233864173422
50,0.000675380769640107,1.60502938821527e-05,1.8163859315748028e-09,8.755578179447142e-08,2.074655417101945e-07,8.018245804130088e-08,7.56211615520505e-05,1.0734435822995047e-08,2.1821056391803136e-05,3.4830364704019294e-05,1.0159293220010676e-06,0.000563556424878463,5.6937828104997153e-08,0.007025688615095865,2.528863868427091e-08,3.942953718759945e-07,0.0007117737077298032,0.1648357613287511,1.7732404900113164e-07,1.326529645801381e-07,8.658529016086973e-06,0.001135674709713961,1.8157542563442873e-05,1.0781154365194541e-08,0.8248748245321493
51,0.0005322636134113615,6.952086823093705e-06,7.316961896337547e-10,2.94332576901213e-08,1.0016008137868223e-07,4.704045615043432e-09,0.00019746314490590598,1.8706413288610448e-08,5.639049284099721e-05,0.00017856909451866577,1.3230134970014844e-07,3.989952830314519e-05,1.439836902299501e-08,0.0020324193913082737,1.380660706783457e-08,1.240169916302995e-07,0.00010343915803386617,0.05166567442902708,1.0772649419530916e-07,6.08654818040187e-08,1.9349701529540113e-06,0.002892678331012105,1.1794365723621436e-06,6.386057233871312e-09,0.9422905230862453
52,0.00016588646908087691,8.613696882231444e-07,1.0879750302585445e-10,3.993453107433806e-09,1.823069632084799e-08,2.06705264105607e-09,8.97618065672139e-05,4.804058912303697e-09,8.107005486314582e-06,4.45344723772761e-05,3.0975906940517256e-08,1.3492464835213041e-05,2.8125392887682613e-09,0.000734843304659831,5.406507475455926e-09,5.4128711935860464e-08,2.4616861168061184e-05,0.031895648725671986,6.868898439695971e-08,7.049464366875334e-08,7.886336820992499e-07,0.0009976806425337562,1.6086634384395263e-06,1.4845647296447992e-09,0.9660219063848938
53,5.282242971669201e-05,2.8875547705986453e-07,2.6993386596321575e-11,2.882702382072079e-09,8.538872231650615e-09,1.3228369447412396e-09,0.00020840542106548767,5.238170716379208e-09,9.181267330746636e-06,2.703753577455667e-05,1.2383850084580088e-08,3.047286647660803e-06,1.3284218460182878e-09,0.00036377718863453515,7.654665195541017e-09,5.740192319836137e-08,1.0969426549308093e-05,0.011738276244955987,2.9617291497437638e-08,5.7535015304715914e-08,3.379284599979936e-07,0.0005871145448866475,2.2031779518982387e-06,8.542704864260414e-10,0.9869963540075363
54,9.706524208792255e-05,1.0608718620503562e-06,2.8542678822307492e-11,9.48976784446614e-10,9.160048964009019e-09,1.0999678726692584e-09,5.637729119540744e-05,1.8310305413115143e-09,5.895331541644942e-06,2.4951327186472647e-05,9.245381672263291e-09,1.0010218976899983e-05,1.2374530702702314e-09,0.0004068099983856545,1.9422506466723833e-09,2.9322097968239677e-08,1.2903211816354844e-05,0.018252421329248963,3.5980286369148804e-08,2.3313117897606855e-08,3.30073521610053e-07,0.0005374355405044077,6.483072538377545e-07,3.888761698020879e-10,0.9805939767583881
55,0.00014485426356890924,1.0895088861932852e-06,7.943579462663033e-11,2.9232970238977987e-09,1.797354947815339e-08,1.555509260743499e-09,7.588107605426749e-05,3.6860291584534497e-09,7.210007713943526e-06,3.039133703028484e-05,2.4936113590708577e-08,1.5899261407478222e-05,2.6793994130054252e-09,0.0006374775244327498,3.7890742237594526e-09,4.105662580578761e-08,2.0972996901123126e-05,0.02946805754713856,5.539976747078913e-08,4.542677385108139e-08,6.884534270536485e-07,0.0007418680754155624,1.2643137209966307e-06,9.069054186075927e-10,0.9688541452218224
56,0.00016336906531197736,1.1097859400871105e-06,1.1373834337774098e-10,3.879666538945906e-09,2.0141998861782076e-08,2.126964694302383e-09,9.48080338545727e-05,5.169826326994298e-09,8.246838005612374e-06,3.984596548410181e-05,3.302326813647964e-08,1.625728929781482e-05,3.4526618190236446e-09,0.0007426010664598277,5.552452189359741e-09,5.293087266301333e-08,2.6038835808949924e-05,0.03034954547620746,7.685402890535763e-08,6.364753888724402e-08,8.215372974450822e-07,0.0010319342474505925,1.5648340128007246e-06,1.2901269219812428e-09,0.9675235888417245
57,0.00021899059941954461,2.052945317718755e-06,2.34969234640839e-10,3.5027127179650967e-09,3.1624537478335415e-08,2.8846486427325255e-09,9.64381847128712e-05,1.0421859252917638e-08,6.1207754648785805e-06,5.009429608801663e-05,4.537190003792943e-08,4.7474025912227814e-05,6.847449732875085e-09,0.0009754637938844356,6.9869861837900705e-09,7.1041651435824e-08,3.701007246204523e-05,0.03802654288738104,2.701596733896424e-07,1.0395159116485449e-07,2.156897048768727e-06,0.0025682669558062085,1.7986159800467068e-06,8.721476486912026e-10,0.9579670360503951
58,0.00016223465015891166,9.52054598698862e-07,1.176357136175163e-10,3.858679663578545e-09,1.8419571512991728e-08,2.098374621607156e-09,8.932421781669387e-05,4.838362162575629e-09,8.784653519772448e-06,4.4152638007988576e-05,3.3426598714853055e-08,1.2333998355497628e-05,2.7124470403049965e-09,0.0007067261526884076,6.766673812205667e-09,4.989626841773359e-08,2.3676580836190307e-05,0.02590471220143886,7.218132663216269e-08,6.612236714057388e-08,7.997880925048442e-07,0.0011092949467531653,1.61823021666506e-06,1.7679622189228242e-09,0.971935127681249
59,0.0001549357444802607,8.587564757167005e-07,1.2284670488038792e-10,3.9657739389089395e-09,1.848150085718264e-08,2.008385592791082e-09,8.076782530012225e-05,4.44425684962078e-09,8.508752477722782e-06,4.481080564481971e-05,3.2973280821955204e-08,1.1056375814852893e-05,2.2817565607407487e-09,0.0007111696276813125,7.0881998282502035e-09,4.573724947358556e-08,2.206870385474605e-05,0.02493085158387424,6.608201064225739e-08,6.721674853591883e-08,8.171974684858981e-07,0.0010856232194614412,1.6222368573783384e-06,1.981575127076677e-09,0.972946656787024
60,0.00014886972701724202,9.364531654858593e-07,9.768396814554683e-11,3.4578396209219235e-09,1.7778833372341873e-08,1.9541930278398856e-09,8.696258508942735e-05,4.528719841339858e-09,7.732334424892123e-06,3.813247999912173e-05,2.8315469202757125e-08,1.3302815188613854e-05,2.6245000067804067e-09,0.0006844098800623657,5.399049837300201e-09,4.739117334091488e-08,2.296460746661697e-05,0.027087129791179384,6.712771956601676e-08,6.00359215449629e-08,7.770031886459824e-07,0.0009763013415590518,1.5482478962175042e-06,1.229265583120569e-09,0.970930692793394
61,0.00016876569035121272,8.8754707506771e-07,1.3659611470852392e-10,4.241987363839376e-09,1.917368902310558e-08,2.0946987576052663e-09,8.258996391996547e-05,4.874517041108187e-09,8.180961075501917e-06,4.562820130517152e-05,3.294050209018856e-08,1.2089476177507299e-05,2.456137469758509e-09,0.0007296237335450708,6.834628808580747e-09,4.676471608745966e-08,2.373452995568785e-05,0.027996650942544832,6.96254611165291e-08,7.027076275181155e-08,8.660229202340824e-07,0.001115171371884274,1.5923015364170191e-06,1.908482914499966e-09,0.9698139579355296
62,0.00014886972701724202,9.364531654858593e-07,9.768396814554683e-11,3.4578396209219235e-09,1.7778833372341873e-08,1.9541930278398856e-09,8.696258508942735e-05,4.528719841339858e-09,7.732334424892123e-06,3.813247999912173e-05,2.8315469202757125e-08,1.3302815188613854e-05,2.6245000067804067e-09,0.0006844098800623657,5.399049837300201e-09,4.739117334091488e-08,2.296460746661697e-05,0.027087129791179384,6.712771956601676e-08,6.00359215449629e-08,7.770031886459824e-07,0.0009763013415590518,1.5482478962175042e-06,1.229265583120569e-09,0.970930692793394
63,0.0001505649379383499,1.0366714057418637e-06,9.790859309601629e-11,3.323522665778232e-09,1.8173721367447493e-08,1.9571775209287747e-09,8.654776274099448e-05,4.450940585044292e-09,7.978465939248836e-06,3.763805253539528e-05,2.8555251255077094e-08,1.3672104826277016e-05,2.6727776341806014e-09,0.0006775777359781182,5.423229793209733e-09,4.565264206239574e-08,2.2910291028679833e-05,0.0261662439733801,6.762109445447746e-08,5.647188224121503e-08,7.718347102039111e-07,0.0009835814356088455,1.4740291351955104e-06,1.2020836766416115e-09,0.9718497671025409
64,0.00015582020269327027,1.04231369287682e-06,1.1683784615017678e-10,3.896493096986236e-09,2.0528911399067072e-08,2.0367893380469582e-09,8.854868712187149e-05,4.867725718628376e-09,7.024908362816861e-06,4.034708251525103e-05,3.2936253391926865e-08,1.4355115558730456e-05,2.563475939799086e-09,0.0006697669173120051,6.602677082671551e-09,4.5156177761404876e-08,2.1271846128324178e-05,0.026170072393597567,7.484341002069547e-08,6.219773399018898e-08,1.1932792947108732e-06,0.001027636743796351,1.6835560581887703e-06,1.3372264436435077e-09,0.971800979870156
65,0.00012356220515794748,1.3016976332639568e-06,2.580986248168466e-10,6.798983428132796e-09,2.7704097444086694e-08,5.164678994893913e-09,0.00014314335357041297,6.748886909946792e-09,8.480293051508314e-06,5.0827413007974276e-05,5.594620803301188e-08,1.0815456233860624e-05,2.841749473707468e-09,0.0009535207031293799,2.637212040814006e-08,5.837193502846819e-08,2.7951501833990874e-05,0.015321025681279538,1.0309383060837866e-07,8.115721974019755e-08,1.667035274727838e-06,0.0017515885936102706,2.575735698359387e-06,2.7166380780669297e-09,0.981603163156072
66,0.00018080219311022918,1.1153939492782845e-06,1.7010230058905746e-10,5.2936961094531805e-09,3.3816689520814613e-08,1.7382354111476926e-09,7.138523121294053e-05,3.726707268789323e-09,6.8571198512943084e-06,6.180299200682288e-05,4.553451297321701e-08,2.1211583175821616e-05,3.352668879670369e-09,0.0011107300718952164,4.641053628996744e-09,5.49219928967224e-08,2.323655447515633e-05,0.04345948795925025,7.247524663750746e-08,6.607908513954092e-08,1.2490988242639168e-06,0.0011155758577426364,1.1788821450560314e-06,1.6207766794000676e-09,0.9539450736915935
67,2.8649283002182598e-05,3.1735350100445207e-07,4.5038984824355166e-11,1.6322456997777021e-09,4.216755811534048e-09,5.6783639986526384e-09,4.834192103222607e-05,1.010454829610803e-09,1.8005593900846434e-06,2.4463502113405544e-05,1.568886446576712e-08,9.608868947785519e-06,1.1114345616549407e-09,0.001133196444775138,4.7873822569196474e-09,2.8511877760897195e-08,2.136957433952637e-05,0.019795156952598477,2.4738759717028607e-08,1.2035659197881727e-07,8.231155807550906e-07,0.000787777381317937,2.7952882621745317e-06,9.814113454228172e-10,0.9781454909959578
68,0.00014919401008604103,8.849091819136806e-07,9.825449424981236e-11,3.7495340878396435e-09,1.7285100550809866e-08,1.9895186182228653e-09,9.022418506659121e-05,4.638019730915754e-09,7.178156553866677e-06,3.700094699040787e-05,2.8617898921100634e-08,1.5012818320441989e-05,2.960160863008944e-09,0.0007171455323426113,4.79258939003995e-09,5.0222761515379274e-08,2.4560621101308933e-05,0.03227905940587184,6.44856429413351e-08,6.413075596224849e-08,8.03888898693316e-07,0.0009113393304858039,1.6029177836887777e-06,1.1719477273510162e-09,0.9657657491351319
69,0.00015022470730561766,1.0282343631804216e-06,1.1907007733726252e-10,3.3792868144022377e-09,1.6090219704873956e-08,2.97901163713615e-09,9.517533416125811e-05,5.283380105997151e-09,6.138822461701158e-06,4.541542507209799e-05,3.447744319064648e-08,1.874099138147683e-05,3.5736229636665292e-09,0.0008397285872090562,6.219918938762488e-09,5.684786672833184e-08,2.914751646797431e-05,0.031199847861275033,1.0108158703636955e-07,9.157419535008572e-08,1.1841855427499993e-06,0.0013266811481293663,1.9804460409090115e-06,1.2420039718415898e-09,0.966284383872983
70,0.00012582888654199845,7.737888372959008e-07,1.0192640049198257e-10,5.583669582156609e-09,2.0021867276621432e-08,2.8923806386704158e-09,9.429813474015764e-05,4.845208647201327e-09,1.0576280907971661e-05,4.3219876631466e-05,2.7545775138600314e-08,1.3977363234989296e-05,3.2172302138751083e-09,0.0009200375301313685,4.70770385000796e-09,7.312107269487618e-08,3.2592515518411964e-05,0.03414909422342124,5.0740363017194236e-08,8.562297834591201e-08,6.528310483331189e-07,0.000816891090488512,2.0907095506722154e-06,1.5506798834344268e-09,0.963789686818092
