,0,1,2,3,4,5,6,7,8,9,10,11,12,13,14,15,16,17,18,19,20,21,22,23,24
0,7.225196413200255e-06,0.00012207922046180916,4.9042695052541634e-05,0.0004876706460726751,0.0002497634561935392,9.435385690933757e-07,0.1012441323089796,1.762691367732986e-05,0.0005438318301480875,2.782273285191839e-06,0.0006963511548463278,0.06179656801536942,2.0568995292330977e-07,0.0005312739359328657,0.03158132286439043,4.3930214907435915e-06,0.00022722124344171486,0.00018318937435619272,3.287526384344751e-06,3.142744431095867e-07,0.005062073220533194,0.04815584817584553,0.0006048443125403472,2.306379835082619e-07,0.7484277784736363
1,9.263987114430344e-06,0.0001403366403632738,7.834539174541758e-05,0.0004990121004171363,0.00017181932142591377,8.51321307746267e-07,0.12483075928987986,1.6923495026330627e-05,0.0005988192804840265,4.3117752130067065e-06,0.00041326425925999893,0.0675657734061457,1.7352966320708499e-07,0.00038640779947511145,0.027095904522118033,4.622716055878398e-06,0.00011503246956544464,0.00017912189746986142,3.2524495748159765e-06,2.603321581379923e-07,0.004642393349694256,0.0349924505943115,0.00047075655331504045,2.2321081370035515e-07,0.7377799203074022
2,5.583258741208628e-06,8.670867113668229e-05,2.9258484187430167e-05,0.0002571780574265201,0.0002167297253797284,3.9901412422279487e-07,0.08758341787809971,8.954744210546522e-06,0.00027099628456190574,2.105874984567511e-06,0.0003242471849526675,0.038894032657865035,1.1072028315298255e-07,0.00041952631103787084,0.02276755774202442,2.09095048351507e-06,0.00011217349000737475,0.000118203349045991,1.1648478094082768e-06,2.1990491175608795e-07,0.002188319737844369,0.021712634622303852,0.00040355979661314985,8.771782262839088e-08,0.8245947389741424
3,6.380934272032811e-06,0.00010726013892819199,4.621823945097008e-05,0.0005405289979439142,0.00016603988521895832,6.319786171382059e-07,0.09989562357332761,1.2488518380916082e-05,0.00033591272032515587,3.0345663228413736e-06,0.0004985854063137179,0.05848518333193139,1.3572865134771924e-07,0.0005537628934563185,0.018054361557670977,2.5204676729393704e-06,0.0001544577259494582,0.00016911918523854932,1.80986471944887e-06,2.2804422748016744e-07,0.003975059891787958,0.03447874908255577,0.0006565786437232018,1.721714018613766e-07,0.781855156451912
4,6.234659103917173e-06,0.0001018665521504081,4.120163177620959e-05,0.0005214576886281655,0.00015444065890685577,5.672486191280728e-07,0.09188271651318312,1.0738385843575031e-05,0.00032691527054294774,2.6589818615679615e-06,0.0004689841490941935,0.06603845456091886,1.6436723626076824e-07,0.0005637952096392941,0.016187828386454342,2.2301472017257815e-06,0.00016402004606256597,0.0001637422170843875,1.7331767231332912e-06,2.2029850952493472e-07,0.00398225467244378,0.03521155177921581,0.0006255296633167177,1.705706687437905e-07,0.7835405231648147
5,6.312624153911654e-06,9.331020572931645e-05,3.835417346509689e-05,0.0006922790982098238,0.00011419136191776898,5.242765217122165e-07,0.08018810683222019,9.614473975037974e-06,0.00027980162410160014,3.0460726060355405e-06,0.00041681693928741215,0.06251775993523857,1.3235524336765376e-07,0.0006089601261211265,0.012294586440251505,1.9295767514862716e-06,0.00016088684078302182,0.00022837718438148497,1.2939702974416794e-06,2.1073543646460496e-07,0.003954046737955412,0.03554267627776375,0.0006371837396026473,1.720099691900308e-07,0.8022094263880167
6,6.380934272032811e-06,0.00010726013892819199,4.621823945097008e-05,0.0005405289979439142,0.00016603988521895832,6.319786171382059e-07,0.09989562357332761,1.2488518380916082e-05,0.00033591272032515587,3.0345663228413736e-06,0.0004985854063137179,0.05848518333193139,1.3572865134771924e-07,0.0005537628934563185,0.018054361557670977,2.5204676729393704e-06,0.0001544577259494582,0.00016911918523854932,1.80986471944887e-06,2.2804422748016744e-07,0.003975059891787958,0.03447874908255577,0.0006565786437232018,1.721714018613766e-07,0.781855156451912
7,2.6220115938745183e-05,0.00013667360077034363,0.00018621378560049426,0.00039949336432409537,0.00019777851438849864,8.932407836229116e-07,0.1639660106499374,1.638456563653545e-05,0.00033271626067398315,4.853215775533288e-06,0.000561037363060897,0.05964354964464176,2.1926063712903404e-07,0.0003647454397242338,0.009704758057988837,1.8645234174654158e-06,0.00010505479055295371,0.00018975979010790205,3.989252248064593e-06,2.196149578464303e-07,0.002527929390925401,0.013984794775636505,0.0008021035927957008,4.2397778080175216e-07,0.7468423132116953
8,8.636657344705893e-06,0.00015674586890326799,8.423171162245627e-05,0.0008819420685959182,0.00014856491261986223,5.497682667455682e-07,0.13726438186996998,1.1673471404138969e-05,0.00018931979819714653,5.284205347184412e-06,0.0004144656132942294,0.060582744026957035,1.0687913556773638e-07,0.000720225260360566,0.006527950941363137,1.4576907462654188e-06,7.93138288942981e-05,0.00010959902318943978,1.2288265759039696e-06,2.5100914145405564e-07,0.002488376357122573,0.012388302795327162,0.001476786512283506,2.1937136810537076e-07,0.7764576415319694
9,4.991865202973402e-06,0.00013112879872768007,7.480904481208691e-05,0.0011213632901457661,8.980929126117145e-05,5.203023322556754e-07,0.11543311937218918,8.835995606215374e-06,0.00026936408006201444,5.324956162157176e-06,0.000272167258234575,0.07865514748429489,1.24449448539171e-07,0.0005237106870001093,0.008454425223656269,1.955914923961981e-06,7.955295797876602e-05,0.00012314706604152538,1.0045534881279767e-06,2.5605285476555303e-07,0.005103246639472577,0.019787360200802927,0.0009923355882673548,1.9754136760433455e-07,0.7688661013856666
10,6.380934272032811e-06,0.00010726013892819199,4.621823945097008e-05,0.0005405289979439142,0.00016603988521895832,6.319786171382059e-07,0.09989562357332761,1.2488518380916082e-05,0.00033591272032515587,3.0345663228413736e-06,0.0004985854063137179,0.05848518333193139,1.3572865134771924e-07,0.0005537628934563185,0.018054361557670977,2.5204676729393704e-06,0.0001544577259494582,0.00016911918523854932,1.80986471944887e-06,2.2804422748016744e-07,0.003975059891787958,0.03447874908255577,0.0006565786437232018,1.721714018613766e-07,0.781855156451912
11,6.509196893571062e-06,0.00010713604559048111,4.620239877847005e-05,0.000544354643637804,0.00016919237704649437,6.180927960675152e-07,0.09964111839541795,1.2081572505080718e-05,0.0003383023341959526,2.9667586946626406e-06,0.0004998441478384834,0.0636938512129872,1.6233250332226395e-07,0.0005524240638927785,0.01725875028867788,2.4995198314392052e-06,0.00016182327757343118,0.00016489404283975178,1.8519017507361862e-06,2.4369311435086556e-07,0.00402403037873956,0.03421374038406966,0.0006777939000243888,1.8580683129215023e-07,0.7778794232337692
12,5.4304522064112815e-06,9.472125183300209e-05,2.9534731657991296e-05,0.00044567292038614516,0.00015697748570783779,5.360653184165856e-07,0.06935208054493117,7.432886511464909e-06,0.0002392790149131106,2.6265596129143954e-06,0.000340639291863615,0.039206699316546884,1.1200076172518112e-07,0.0006281871369153902,0.011964618341149345,1.625287445506016e-06,0.00017697508500354772,0.00016673528168091006,1.0905341343695456e-06,2.064918867458131e-07,0.0032744382983739035,0.025987897869206678,0.0005856626286568057,1.1088918839272272e-07,0.8473307096341078
13,8.321726579276662e-06,0.00011943773683150072,4.7933803210207055e-05,0.00040861145598659047,0.0001592489154643972,6.646230949507533e-07,0.08566542433390816,8.66412766587593e-06,0.0003638932559213544,3.808793107687259e-06,0.000255190735179453,0.038220331482024444,1.240591697165614e-07,0.00036029650265179233,0.01624937190550442,2.45030733205118e-06,0.00013989542817417145,0.0001827988226055694,1.7942152961863133e-06,2.240995689891508e-07,0.003604675040590284,0.024799747962794837,0.0004434599215212978,1.4668712221075595e-07,0.8289534840586946
14,7.0522240401806314e-06,0.00022558691798292872,3.127637799363389e-05,0.0005774282532178464,0.0002631223108802042,6.172098240275116e-07,0.1336688487145143,1.476637496369196e-05,0.0002990021838179881,5.037708014195374e-06,0.0006600421624051419,0.051349649864717656,9.04801062347864e-08,0.0009156694990650387,0.017950208724716914,2.5946682452120105e-06,0.0001413471290551023,0.00016159464745999606,2.4579394918157275e-06,2.7716061633255015e-07,0.00309270765706228,0.03365047824391243,0.0008888148044503286,1.7955791128553043e-07,0.7560911491855353
15,6.380934272032811e-06,0.00010726013892819199,4.621823945097008e-05,0.0005405289979439142,0.00016603988521895832,6.319786171382059e-07,0.09989562357332761,1.2488518380916082e-05,0.00033591272032515587,3.0345663228413736e-06,0.0004985854063137179,0.05848518333193139,1.3572865134771924e-07,0.0005537628934563185,0.018054361557670977,2.5204676729393704e-06,0.0001544577259494582,0.00016911918523854932,1.80986471944887e-06,2.2804422748016744e-07,0.003975059891787958,0.03447874908255577,0.0006565786437232018,1.721714018613766e-07,0.781855156451912
16,4.309485580480678e-06,9.673421553732753e-05,3.144881669397022e-05,0.0004925865092512855,0.00011837402682273022,4.186667841365276e-07,0.10130139188424084,1.1875418948693753e-05,0.0002763238231039841,3.495850706723081e-06,0.00034536610064768994,0.07436769480065378,1.221017380725209e-07,0.0005394011172989937,0.017920464626554646,2.532523962945408e-06,0.00013622356484043401,0.00015535694346761815,1.624823263688202e-06,2.0974585057579591e-07,0.005378666590054865,0.046098806256104796,0.0005563733495255894,1.2388803225886922e-07,0.7521600748703339
17,8.265462443004615e-06,0.00012392656911346795,6.170797257553303e-05,0.0005183411162168978,0.00017435243304990435,7.903014819241667e-07,0.10991093797637586,1.3416755909913731e-05,0.00043373256896530216,3.3964251410584527e-06,0.0004930537908180101,0.055312147271629225,1.3263758069468302e-07,0.0004651673209540774,0.021214344164331506,2.954851114497654e-06,0.00012980250057065485,0.0001816219000309607,2.333863857299914e-06,2.1770188124738052e-07,0.003984256738598901,0.031044513319862816,0.0005569432348606838,2.0107282782195124e-07,0.7753634420498088
18,6.9325626918236385e-06,0.00012110632062319661,5.398354100705661e-05,0.0006028208721937104,0.00017734476269031042,7.181502501225896e-07,0.11035956788042872,1.4861011287239771e-05,0.0003866678154197055,3.270645932309885e-06,0.0005816209137846167,0.06362927016165712,1.4153455085733113e-07,0.0005668845901395697,0.020323458165780198,2.939830838124874e-06,0.00015138392067560606,0.0001710583821246984,2.1840009332298204e-06,2.4279771809927905e-07,0.004187596408987719,0.036798472318842146,0.0007089198629100506,2.040127607000391e-07,0.7611483495357731
19,4.064391457084304e-06,9.024889004400393e-05,4.49109076909247e-05,0.0005972915110843795,0.00010572723825125908,3.1212391253926863e-07,0.14095721198805689,1.133059254857956e-05,0.00031801764931427523,2.67316903878619e-06,0.0003229762186619638,0.10457660710684531,1.3902151018032514e-07,0.00041283050874221734,0.016101555673722654,2.363298929298924e-06,9.38610704721429e-05,0.00011270472964317713,1.2098513332680034e-06,1.65836134879023e-07,0.0045621770416344794,0.037741307440915646,0.0004967161775616369,1.2158053265370163e-07,0.6934434759819618
20,3.8165498949893164e-06,7.768246849984259e-05,4.3554765708109904e-05,0.0005892426225733554,0.00011351848255666403,4.955067959394175e-07,0.11624878180885057,2.662992263407333e-05,0.0003524703510965545,2.6318855273261393e-06,0.0006752383923288257,0.08812405585342083,1.1542305897434924e-07,0.0005008522725702832,0.043545599932037785,4.017406362375949e-06,0.0001386526980049447,0.0001633062151222722,2.160336840672792e-06,1.9799029295124343e-07,0.0048246857375251525,0.08328415789252172,0.0005209379559197346,1.3452260853379937e-07,0.6607570630072476
21,7.076815615435e-06,0.00016483043089570421,4.727059589508746e-05,0.0008426729093067647,0.00012845777070181466,5.572108251347506e-07,0.12166605283128182,1.738474294826721e-05,0.00048176519708051564,4.354748483763333e-06,0.00043223658974246966,0.10872129160037924,1.4362440620710838e-07,0.0009289481110327293,0.017471523628317505,4.178817308575815e-06,9.511704526479413e-05,0.00020536463600911672,1.9245152818599432e-06,2.497805586455113e-07,0.00472364109172344,0.04006285546409141,0.0004901050646152551,1.732494437409315e-07,0.7035018235287908
22,9.350088539876672e-06,6.864869711480106e-05,4.2484251195168184e-05,0.000411551530688411,0.0001508857555696406,7.519787434475597e-07,0.053238239129105684,9.806903802602114e-06,0.0002856587409179899,2.4819260449284467e-06,0.0005151983777512948,0.03193702269076738,1.278290496214125e-07,0.0004732934664286163,0.016388814607066506,2.072202795838881e-06,0.00028529350967811985,0.0003577267497484055,1.5185110998287388e-06,2.123434288259888e-07,0.0034844863495114148,0.04072589135458269,0.000478986283697092,1.6801247919415345e-07,0.8511293287101925
23,6.380934272032811e-06,0.00010726013892819199,4.621823945097008e-05,0.0005405289979439142,0.00016603988521895832,6.319786171382059e-07,0.09989562357332761,1.2488518380916082e-05,0.00033591272032515587,3.0345663228413736e-06,0.0004985854063137179,0.05848518333193139,1.3572865134771924e-07,0.0005537628934563185,0.018054361557670977,2.5204676729393704e-06,0.0001544577259494582,0.00016911918523854932,1.80986471944887e-06,2.2804422748016744e-07,0.003975059891787958,0.03447874908255577,0.0006565786437232018,1.721714018613766e-07,0.781855156451912
24,7.220425116684667e-06,0.00016980823020824228,3.5671084851958696e-05,0.0008249202038073299,0.00015816713720125404,6.089976698125145e-07,0.08986778633985139,1.3177638116069771e-05,0.0002960701539716796,4.24917119770563e-06,0.0004838819815615081,0.06516043251513419,1.3408776927947094e-07,0.0010509805997717862,0.012101417679475519,2.411165454596761e-06,0.00018214038882643913,0.0002066629897471585,1.7770277953297114e-06,2.966011066707316e-07,0.0036863752609422795,0.036296708289745794,0.0008374580159764376,1.7957039388194212e-07,0.788611464444307
25,5.2429467365636135e-06,0.00014657050355943444,5.3110632701286475e-05,0.0016445095109738981,0.0002502658588586901,8.624077105754038e-07,0.20931905671978054,7.746014977669558e-05,0.0003345887431915418,4.141705668734876e-06,0.002872101254063596,0.12535130550106086,1.2600234966640033e-07,0.0023686713560621187,0.0230763778383379,5.4067753984140275e-06,0.00020715210927394097,0.0002202717729197002,3.0644677180237047e-06,3.430453095294138e-07,0.005097464897911799,0.08102552067725888,0.0017865192113987124,3.1105554637146976e-07,0.5461495548564325
26,2.4963050290173645e-05,0.00014555079821979548,0.00010886104042505285,0.0006526370770863005,0.0002945227327923495,1.464822602438155e-06,0.0704237074279851,7.86846435544395e-06,0.0005634372873267196,3.524214077412777e-06,0.0007384624391399498,0.04645072503966312,3.777571986174384e-07,0.00038909922418644573,0.008696002304532878,2.1602366718211987e-06,0.0003511881767576574,0.00033716078558095324,3.492207709284053e-06,4.387712567949902e-07,0.004728774694574308,0.024167667995103677,0.001370742428772819,9.125568422125753e-07,0.8405362584668487
27,5.741206535591184e-06,0.00010015142172598636,4.206292774994874e-05,0.0005851605641880937,0.00015215667694223927,6.496463511686286e-07,0.09677729568788929,1.7016474563538875e-05,0.00040265939114176826,2.864871059754229e-06,0.0006197080409534873,0.06807366201739717,1.3942619930379708e-07,0.0005775114527827022,0.02701252018176418,3.3519299813118537e-06,0.00018398272050541565,0.00020328557602261244,2.225236927068812e-06,2.3110704671929497e-07,0.0046192436526293216,0.06109998074282635,0.0006051574291893091,1.80366696840732e-07,0.7389130612509308
28,6.380934272032811e-06,0.00010726013892819199,4.621823945097008e-05,0.0005405289979439142,0.00016603988521895832,6.319786171382059e-07,0.09989562357332761,1.2488518380916082e-05,0.00033591272032515587,3.0345663228413736e-06,0.0004985854063137179,0.05848518333193139,1.3572865134771924e-07,0.0005537628934563185,0.018054361557670977,2.5204676729393704e-06,0.0001544577259494582,0.00016911918523854932,1.80986471944887e-06,2.2804422748016744e-07,0.003975059891787958,0.03447874908255577,0.0006565786437232018,1.721714018613766e-07,0.781855156451912
29,6.380934272032811e-06,0.00010726013892819199,4.621823945097008e-05,0.0005405289979439142,0.00016603988521895832,6.319786171382059e-07,0.09989562357332761,1.2488518380916082e-05,0.00033591272032515587,3.0345663228413736e-06,0.0004985854063137179,0.05848518333193139,1.3572865134771924e-07,0.0005537628934563185,0.018054361557670977,2.5204676729393704e-06,0.0001544577259494582,0.00016911918523854932,1.80986471944887e-06,2.2804422748016744e-07,0.003975059891787958,0.03447874908255577,0.0006565786437232018,1.721714018613766e-07,0.781855156451912
30,6.380934272032811e-06,0.00010726013892819199,4.621823945097008e-05,0.0005405289979439142,0.00016603988521895832,6.319786171382059e-07,0.09989562357332761,1.2488518380916082e-05,0.00033591272032515587,3.0345663228413736e-06,0.0004985854063137179,0.05848518333193139,1.3572865134771924e-07,0.0005537628934563185,0.018054361557670977,2.5204676729393704e-06,0.0001544577259494582,0.00016911918523854932,1.80986471944887e-06,2.2804422748016744e-07,0.003975059891787958,0.03447874908255577,0.0006565786437232018,1.721714018613766e-07,0.781855156451912
31,1.4849389777080374e-05,0.00015378547755591574,0.00010187337740693213,0.0006342666871464989,0.0001640313245511993,6.696375671006142e-07,0.15488971739249005,2.8013049604188095e-05,0.00026636958732329305,6.283344321913036e-06,0.0005075742422967384,0.05649371222242116,1.217797992869991e-07,0.0006135557064766518,0.012608357880542181,2.3102109733663945e-06,0.0001258492004835532,0.00022129306366101446,2.8550464248008083e-06,2.4860104018182907e-07,0.0030995578686182205,0.02470986108521416,0.0008362733248606605,2.1418181988836e-07,0.744518356317624
32,7.41899819824821e-06,0.00012013933845918233,4.96217739838535e-05,0.000521901850878883,0.00017257773486732594,7.095396976004055e-07,0.10337340625347609,1.3910257744672077e-05,0.000375115328162318,3.287236854803292e-06,0.0005410538408901912,0.062441723638296906,1.5130669237766752e-07,0.0005466984433483149,0.019983236329599616,2.7834527967401988e-06,0.0001634325088239245,0.00017928556032369505,2.4624453631971607e-06,2.365828894112084e-07,0.004207642829199964,0.038493611928366055,0.0006613951275916306,2.0356054619283933e-07,0.7681379941329487
33,5.2794149197323e-06,0.00015923449304105505,3.450284098298355e-05,0.0014058891669468231,0.0002593614274935074,1.2131791074061402e-06,0.10961909969215526,3.867081397493385e-05,0.0002628186334152956,6.347415231078889e-06,0.0016460154611195805,0.08251449022435088,2.6164102520327755e-07,0.002302146575705264,0.014520486660144577,4.902487332656346e-06,0.0006226624313628231,0.0002624884837483934,3.89039358982327e-06,6.140238478912894e-07,0.006874328335429166,0.10610118951410089,0.0027093255816675725,4.053809607961677e-07,0.6706443757283465
34,8.824076608833685e-05,0.0003960854571586309,0.0001885680166540043,0.00021510392730559805,0.0003159333879358246,1.577300250281862e-06,0.1269958594694928,1.8917732319033768e-05,0.003178335107284439,1.5676981691257317e-06,0.0009428893041212919,0.12012334413875199,4.398899901757254e-07,0.00024301092754628174,0.04550659202122261,3.3699543176935693e-06,0.00013785982467225195,0.00031869889680156906,3.09852379563138e-05,1.2860647472373712e-07,0.0039437046795475035,0.04130967997187114,0.00019100381452683663,7.90197978469498e-07,0.655847313671563
35,3.065094764996055e-06,0.00010790707519721656,3.2637240539595125e-05,0.0005337604372764739,0.00022596540708039932,8.162429532422606e-07,0.08472593749716748,9.822995362166855e-06,0.0002526402653739427,2.771019926022787e-06,0.0006739410771131905,0.04744891748584022,1.405180849202878e-07,0.000738216980509208,0.022807210336772233,2.784937860994656e-06,0.00018969047792674542,8.853217057435458e-05,1.588841122375606e-06,3.261268289438028e-07,0.004028364267164268,0.03299590436011233,0.0011597597968937366,1.6465311334415462e-07,0.8039691346944415
36,6.45693551218924e-06,0.00014295851121391248,5.6209847526968857e-05,0.000586150681727321,0.00029937732341612215,1.6713206407015602e-06,0.06035995530375462,2.579734766307092e-06,0.00027282572279565046,4.733695940248723e-06,0.00042624237430839696,0.011232104958708085,6.208482967266091e-08,0.0004348838045201611,0.007009283130306566,9.94796043498937e-07,0.00013931941284894234,0.00016473337615767648,8.568610726095774e-07,2.7290860941169773e-07,0.004328075250744808,0.00855874332778871,0.001797554206912942,3.135391881041867e-07,0.9041736408906663
37,1.5740696893895024e-05,0.00013570132435390006,8.150267649937707e-05,0.0006992902840135428,0.00013738286005782297,5.206710214909287e-07,0.11948609641330134,9.397256215510261e-06,0.0002967951522321929,4.885828619842654e-06,0.00043566614914657007,0.06420240745527939,1.475607904820847e-07,0.00041610213583703027,0.007093786308324621,1.4651821900580355e-06,0.00013348691671768098,0.0002751800494931937,1.953530086958638e-06,2.2632891126695735e-07,0.003643616162173726,0.024799760958916475,0.0009434884639317371,3.81228078147976e-07,0.7771850184069137
38,1.282272919362924e-05,0.00011896629188306362,7.612752807224744e-05,0.00020367520183584272,0.00022120553923609686,9.457270186689756e-07,0.12684807605980442,8.60487285849291e-06,0.0004461463808307685,3.0254354470102917e-06,0.0003370310374815416,0.03320308734065455,1.061158390855043e-07,0.0002793401061044802,0.024860834222084342,2.393492344225758e-06,6.162837750012979e-05,0.0001270069238132702,2.7451333401102956e-06,1.2168196362983865e-07,0.00209288078193154,0.013532971202661347,0.00030664375419806554,1.6200719465009468e-07,0.7972534520567087
39,6.342609284789141e-06,9.750103671697413e-05,5.027758004662051e-05,0.0005358555277708624,0.00016433362347019237,7.039936142364557e-07,0.09938820924648957,1.3627089811872042e-05,0.00034340203363249065,3.1124231497506017e-06,0.0004986815149286817,0.05778802203828312,1.5063652283591142e-07,0.0005184518789875711,0.019055763708078315,2.7590439097878958e-06,0.00016911334485745748,0.0001758360293422056,1.9484344508843957e-06,2.3630616940696077e-07,0.004422028648941174,0.03593388035470592,0.0006487504466587518,1.7875789906753377e-07,0.7801808336922774
40,5.341508469941436e-06,7.648269607779812e-05,4.507395737246966e-05,0.0002095371407580598,0.00011444536780648658,3.7388202306549734e-07,0.08819199806389293,5.800374845724322e-06,0.0003198966608548175,1.4038562673003298e-06,0.0002603689099040589,0.05551951378900022,1.048585416459806e-07,0.0003009128699150169,0.02148442716785444,1.251182268603217e-06,6.517143049003273e-05,8.704063400155879e-05,1.196110420450528e-06,9.168460527581489e-08,0.0023329531536080265,0.020724606598305863,0.00027271006196903977,7.696038269695809e-08,0.8099792210803645
41,1.2397931503590459e-05,0.00011180757485505917,6.597451802620077e-05,0.0002272476222078603,0.0005897492975908787,6.481845424078273e-07,0.12323634125605361,7.718813756624849e-06,0.0009972532074898934,1.0525885350195376e-06,0.0003642462002781731,0.033617605399432454,1.8429371736457773e-07,0.00022438422825000405,0.0393255389068796,4.613391398316778e-06,7.498134257360367e-05,0.00010837276586783513,1.051384464107187e-06,2.1146694006945717e-07,0.0013249980983822904,0.009767944086038797,0.00017720136525441315,1.1769713768727355e-07,0.7897583583788242
42,4.77221635984989e-06,8.785813683369659e-05,6.308861627640377e-05,0.0007965975753369493,9.426878574629573e-05,9.325971078733835e-07,0.11207526579873989,5.0688743434397526e-05,0.0004954060020195873,4.942634264947568e-06,0.0007513641194453458,0.1306265598571734,2.7203401691801716e-07,0.0004252322372238632,0.04753783098329288,9.462373300561966e-06,0.0002573996340679333,0.00022106776769542015,7.153652386511766e-06,3.495543039200699e-07,0.010245603195000622,0.15504333753004432,0.000672859322186502,3.204582170259248e-07,0.540527366175525
43,3.880911647130093e-06,0.00010069287000892926,4.4182396499988365e-05,0.0006455927086837214,0.00013118730202747294,1.3004655122601337e-06,0.08488523246504316,1.7576280941338582e-05,0.0002721660908434033,1.2324590482604597e-05,0.0003319298020925036,0.03731717415934714,1.5931579644215538e-07,0.0005948546525246859,0.01951668660848612,4.814654232293165e-06,0.00029395712688979215,0.0002698750458451483,2.868391757878681e-06,4.782239278266624e-07,0.011921588949353489,0.06815797202103561,0.0010483116188756767,2.1538680853768438e-07,0.7744249779613368
44,6.380934272032811e-06,0.00010726013892819199,4.621823945097008e-05,0.0005405289979439142,0.00016603988521895832,6.319786171382059e-07,0.09989562357332761,1.2488518380916082e-05,0.00033591272032515587,3.0345663228413736e-06,0.0004985854063137179,0.05848518333193139,1.3572865134771924e-07,0.0005537628934563185,0.018054361557670977,2.5204676729393704e-06,0.0001544577259494582,0.00016911918523854932,1.80986471944887e-06,2.2804422748016744e-07,0.003975059891787958,0.03447874908255577,0.0006565786437232018,1.721714018613766e-07,0.781855156451912
45,6.564857534876189e-06,7.714458096993953e-05,8.739618852728657e-05,0.0005451508170276894,0.00019948668844172604,8.704474796749573e-07,0.17924409789102025,4.916111668655974e-05,0.0005448824471987385,2.4732311554202295e-06,0.001097079922655886,0.07766341328932248,1.5034127798385387e-07,0.0003869761984278285,0.07293815248931163,7.764317824863923e-06,0.00011160956717430232,0.0001623339145345811,3.3970935417134836e-06,2.1753276896881908e-07,0.003207589758756652,0.05539902707124246,0.0004109671139016327,2.0044245919580378e-07,0.6078538926807578
46,4.4158295808207405e-06,6.716689692287714e-05,3.362205359580955e-05,0.0008452426064437553,0.0001348227574906212,9.686715064069298e-07,0.04938594342967689,1.3947438367603732e-05,0.00022951247688711497,2.8252387375030985e-06,0.0007266842482866419,0.05537763736940026,2.914382089657806e-07,0.0007214860789088579,0.015233057665711215,2.9768781009171436e-06,0.0007158339940218593,0.0002391928019334544,2.1456805988976523e-06,4.1423496395885324e-07,0.0067878698258043366,0.08205360468290374,0.0012271852209261975,2.622648604509274e-07,0.7861928902161609
47,7.436738449311328e-06,7.098348928114801e-05,3.5037094351055875e-05,0.000251578345948138,9.593627460593166e-05,2.612201669231323e-07,0.07689029871228674,6.404564069466207e-06,0.0003324669077561337,1.9158112189120467e-06,0.00016870136905691228,0.0840840890927428,2.1669322059013405e-07,0.00021195716329979069,0.015535342528169927,2.1273751500531416e-06,0.00013933136836571914,0.00013673703840631348,1.7067342909951758e-06,1.6372841808198662e-07,0.003961768976531982,0.03724342531664437,0.0002593065483997907,1.1727582615702126e-07,0.7805626896333427
48,1.3335165843240892e-05,0.0004513625029013974,6.146478679805538e-05,0.0008525722820135051,0.00025880693128984514,1.9059984620368175e-06,0.13925852177952794,3.2463408183010725e-05,0.0004447407244386368,1.030851775085281e-05,0.0013555116352398178,0.07514744921508107,2.2030721729529745e-07,0.0012483483234492687,0.0181777966338637,3.8386606389462696e-06,0.0004075749282721955,0.00022305179875696152,1.7740851642632195e-05,4.225170607830752e-07,0.006587394378574268,0.08438369030287099,0.0020751428859048346,6.853444803288673e-07,0.6689856501197384
49,5.400362526403735e-06,8.848237983201066e-05,5.305275876085687e-05,0.0006421647447914378,0.00011284781106075393,6.183227566531217e-07,0.08855780534918573,1.0478536279673933e-05,0.00030001040502473247,3.1524757964674213e-06,0.0004300453969219111,0.06904560147774146,1.5233883947224418e-07,0.0005235901215040198,0.01482924883312751,2.211533479108459e-06,0.00013970590383531294,0.00016417969589751656,1.4973888012800035e-06,2.1915593311665896e-07,0.004495488633294821,0.03481013548194853,0.0007351898805955779,1.881241392629963e-07,0.7850485328879263
50,1.0313050978362003e-05,0.00015187998582433482,6.696534292685601e-05,0.0011421147561244533,0.00022929107778549136,1.823994419233666e-06,0.04620409756032435,1.0010560026854088e-05,0.0013497223232646694,1.6050818655172289e-06,0.0011032594267065545,0.06677615803304451,2.8604381075318465e-07,0.0005358233235453443,0.029955125549282986,4.820486594114093e-06,0.00039637416880676247,0.00034637710436179366,3.0514386666045346e-06,3.9898793783990467e-07,0.007812572946905844,0.0635563318113033,0.0007270746098917987,5.741102770124206e-07,0.7796139482253247
51,1.027777905314051e-05,0.0005490559125513723,4.012882415964705e-05,0.0017958348856850256,5.8004345375709744e-05,4.176340006137457e-07,0.09123753375842013,2.1531739525046047e-05,0.00047650104097241464,4.965617791009818e-06,0.0005486579968624587,0.12864349741291484,5.12068692636748e-08,0.0015757271427627307,0.016732855994066126,1.7635685700208023e-06,0.00011207619498297234,0.00028690029266013965,3.4718628511849236e-06,1.5023098801453805e-07,0.0036598346020268713,0.0974002462638759,0.0005416226416025245,1.627706083428027e-07,0.6562987302808245
52,8.528300682140245e-06,5.6189632573406606e-05,4.003968987845361e-05,0.0003082450338957961,0.0001652121361033808,1.2139456247258685e-06,0.05043321731787898,1.1074580283191445e-05,0.00035954443302142113,2.4348264500441312e-06,0.0005782123357104472,0.02134428348228147,9.506562015376692e-08,0.000568852051063917,0.028041944648608156,2.7382170085290976e-06,0.00017864282823152236,0.00043279973284134917,1.4742401779331535e-06,1.6879025019559838e-07,0.00230489252190682,0.03375138623216336,0.00031411949315418965,1.321773673372717e-07,0.8610945582872231
53,7.1929143227753505e-06,0.00011524939984482027,4.737111853040208e-05,0.0005591258124550144,0.00016307963888895913,7.109562655022298e-07,0.08858324104740144,1.225050025832178e-05,0.00035595866622549526,3.1330108733325674e-06,0.0004981232973948076,0.05601434272244581,1.432900896440754e-07,0.0005784491759693183,0.01751553394183324,2.5429604625033764e-06,0.00017610524214076167,0.00019063816588446697,2.005767173940636e-06,2.3984335728246125e-07,0.004134819241979192,0.03598533023565737,0.000653657847353031,1.8632817473222525e-07,0.7944005688750178
54,5.1294949130626206e-06,0.00010850793650152636,1.857105101062622e-05,0.00017250705058337638,9.017719879131724e-05,2.1431260830934027e-07,0.05954291844708941,3.444218793074879e-06,0.0001731234160579089,2.0379317962782437e-06,9.384341887657079e-05,0.03166134932623871,4.876750427580284e-08,0.0003818309622238912,0.01288842043936265,9.409969135036136e-07,4.531933327088307e-05,7.578848057146974e-05,6.781616212313478e-07,9.215339533456721e-08,0.001137597434663324,0.011719916333605857,0.00018758368752002814,3.2037783570117296e-08,0.8816899274083039
55,6.92064193240208e-06,0.00010358260767617639,4.802953502486774e-05,0.0005294267470697932,0.00014898435569561205,5.584956082354565e-07,0.101337322283674,1.1102440381543369e-05,0.00040046605912609853,2.6115816547933203e-06,0.00043085937063879333,0.06986873222200421,1.520161166874591e-07,0.000471087362474598,0.017509930751395557,2.4519392561167117e-06,0.0001329412786208642,0.00017282914425693557,1.7471331516134681e-06,2.0066974874402116e-07,0.00401077450316088,0.03303547195714339,0.0005226175976687752,1.7379765600868378e-07,0.7712510255088634
56,6.431427398465444e-06,0.00010272302572069002,4.531726485701228e-05,0.0005254370613248596,0.0001598979731827196,6.091400096863233e-07,0.09808106357415512,1.1956149748263798e-05,0.0003339137421493549,2.8970780979328724e-06,0.0004873305011660101,0.06422160012996661,1.5956828145741153e-07,0.0005429034287731598,0.01742016300871859,2.447644104607082e-06,0.0001587892738848345,0.000165977745672316,1.8666319021408088e-06,2.2942044914123916e-07,0.004008551850067709,0.034902043394567324,0.0006426182971135649,1.7923139140413023e-07,0.7781748934372971
57,5.1094967296013505e-06,8.785850468080906e-05,3.4669277391456826e-05,0.0004266477946139096,0.00011728427543545291,3.600242695167685e-07,0.09241117919016992,1.2397777904424272e-05,0.0003201910242266248,2.7358586341611044e-06,0.0003013052956840366,0.10578530924196543,2.670151375111274e-07,0.0003962804883126474,0.017794461070266995,3.0017648938778482e-06,0.00018782124312052327,0.000129496717477955,2.234449894725805e-06,2.817784478947898e-07,0.004649650506061146,0.0502314966214455,0.0005050474677117663,1.5005195751815046e-07,0.7265947630635666
58,8.429584352593291e-06,0.00011798522444816001,5.594545107607007e-05,0.0006024152633073712,0.0001787766647202744,7.243504760173161e-07,0.10955627005731379,1.3144751673065246e-05,0.00040804534079618386,3.1135254207607912e-06,0.00061833172608105,0.07509542606515088,1.8739986099070304e-07,0.0005420595722998942,0.016597269188950256,2.6891788863619815e-06,0.00016108396949282352,0.0001897323318785412,2.476567873864898e-06,2.455319328666711e-07,0.0044006436163534,0.03603819634818447,0.0007735307298919294,2.809995970361883e-07,0.7546329965599813
59,8.053573459842488e-06,0.00011639216378290838,6.606939952895157e-05,0.000635287270773711,0.00017960434409397785,7.534432990264633e-07,0.11466951589719725,1.3908684131840894e-05,0.00041802301586928056,3.356217641340894e-06,0.000612566172398799,0.07068073710857666,1.7323510543702182e-07,0.0004896326069483745,0.01813949701353824,2.8863670641690123e-06,0.0001524731407972434,0.00018217853250462898,2.3398626107923412e-06,2.639308653118909e-07,0.004723801157566637,0.035523588928388174,0.0008136558478776448,2.843125302641865e-07,0.7525649577734494
60,6.380934272032811e-06,0.00010726013892819199,4.621823945097008e-05,0.0005405289979439142,0.00016603988521895832,6.319786171382059e-07,0.09989562357332761,1.2488518380916082e-05,0.00033591272032515587,3.0345663228413736e-06,0.0004985854063137179,0.05848518333193139,1.3572865134771924e-07,0.0005537628934563185,0.018054361557670977,2.5204676729393704e-06,0.0001544577259494582,0.00016911918523854932,1.80986471944887e-06,2.2804422748016744e-07,0.003975059891787958,0.03447874908255577,0.0006565786437232018,1.721714018613766e-07,0.781855156451912
61,7.898125579873794e-06,0.00011319107769584568,6.34882380932595e-05,0.0006016415773827547,0.00017685639268132512,7.118081458827786e-07,0.11506655061885954,1.3659197423273002e-05,0.0004001556041818338,3.267053797331906e-06,0.0005865166808951998,0.07059426845939566,1.7527998465017742e-07,0.0004825855865806019,0.018029747926952194,2.75832740609378e-06,0.00014862255012125893,0.00017741677343411706,2.266651739429343e-06,2.5470756015731416e-07,0.004498401468740441,0.034574339545450535,0.0007756118373368556,2.6599111302070744e-07,0.753679348519449
62,6.380934272032811e-06,0.00010726013892819199,4.621823945097008e-05,0.0005405289979439142,0.00016603988521895832,6.319786171382059e-07,0.09989562357332761,1.2488518380916082e-05,0.00033591272032515587,3.0345663228413736e-06,0.0004985854063137179,0.05848518333193139,1.3572865134771924e-07,0.0005537628934563185,0.018054361557670977,2.5204676729393704e-06,0.0001544577259494582,0.00016911918523854932,1.80986471944887e-06,2.2804422748016744e-07,0.003975059891787958,0.03447874908255577,0.0006565786437232018,1.721714018613766e-07,0.781855156451912
63,6.813875818944775e-06,0.00013441388607046933,4.4883908220444107e-05,0.0005348977431765279,0.0001703837157257336,6.195387791432027e-07,0.09664905137250286,1.1265828765097571e-05,0.0003436549183168698,3.2758538008656854e-06,0.00046206035068191843,0.05773453294946744,1.319752991082276e-07,0.0005610067040066594,0.017718949171046966,2.3869708937682347e-06,0.0001510770601426273,0.00015727421179974015,1.9716588752219236e-06,2.3748252287016907e-07,0.003909638689903355,0.0336060710935919,0.0006773373730074642,1.7467526730579862e-07,0.7871178889923167
64,5.079325838165771e-06,9.922849135172883e-05,4.1170966020868964e-05,0.0005437228948670133,0.00014124297617169515,6.031332631401878e-07,0.0905773998730934,1.0287795171459697e-05,0.0003161977786165557,3.2866052706601447e-06,0.0003943073350171954,0.06155514717436664,1.4976870251014965e-07,0.0005319511728654633,0.016200445717648743,2.359889327487493e-06,0.00016059611248177757,0.00016301925965973255,1.634963171605038e-06,2.389647011347882e-07,0.00539338214667894,0.03676500826229175,0.0006768494296415064,1.6503402494759424e-07,0.7864165249297558
65,5.004573689334212e-06,9.957926742343035e-05,4.496449381015951e-05,0.0005556480872570872,0.00014696947900570706,5.959882467616255e-07,0.10725435162702875,1.3524331726237358e-05,0.00023963610311894645,4.06586125031301e-06,0.00041122600401036625,0.050931008806429444,1.1068398341868331e-07,0.0005980165228580389,0.016200791108695527,2.3891321951039357e-06,0.0001384156769598168,0.00015072073064128816,1.49887207438749e-06,2.4176488787038004e-07,0.004121807327509848,0.030583475966650495,0.0007379135935755209,1.3679467026134857e-07,0.7877579072023019
66,7.324398500311225e-06,9.861693750470633e-05,5.413382049504301e-05,0.00046760674600620724,0.00019833573160590683,7.542697164144686e-07,0.09651021428970931,1.0774608610337292e-05,0.0003415403707756155,3.307206321328991e-06,0.00048232353791787896,0.047886358635551615,1.616389017749222e-07,0.00043805409047033164,0.017034014522252342,2.5772356226431753e-06,0.00017347693443210997,0.00017608706249954562,1.9040505596775222e-06,2.6784103274159437e-07,0.004319299885788129,0.029078659851191863,0.0007141508381976282,2.1418653830709778e-07,0.8019998413097982
67,1.5890412954534857e-06,2.8862166455297936e-05,3.308437148873926e-05,0.0019853949672010702,0.00011250658740220484,3.324415875083339e-06,0.021952761084566952,6.569275697046955e-06,8.342652620032719e-05,4.901255500924587e-06,0.0006995739722622735,0.023309765157722373,3.8343866402421177e-07,0.0022661477999390985,0.0040003057569862185,2.153261624439928e-06,0.000842526843408399,0.00023196714599227922,5.297769697312231e-07,9.043360965741678e-07,0.009295594501147465,0.02243300498711918,0.0052340540113981005,3.5587609308937007e-07,0.9074703134428935
68,7.127884887983464e-06,0.00011026320840754659,5.655390484846425e-05,0.0006612947968861117,0.00014723607623785503,6.656300279207263e-07,0.10126312779754183,1.2656766038703364e-05,0.0003557160725439464,3.429137740974194e-06,0.00048346697211736083,0.06511674126797112,1.4330676197739238e-07,0.0005630418362180264,0.014702359473691095,2.4986419628807034e-06,0.00015269225831258184,0.00019199326946794874,1.7905826011065268e-06,2.337684690139539e-07,0.004683391695224898,0.03412131324211329,0.0007330623586950047,2.0544649421303833e-07,0.7766289946047381
69,6.545231336817622e-06,9.699638391065887e-05,3.8321581717591816e-05,0.00042357427915898187,0.00014665188538768364,5.366948008116303e-07,0.08399702957817258,9.899412835316283e-06,0.0003193133086588632,2.6063532048373956e-06,0.0003664134266421499,0.05047367307482853,1.2446594823814868e-07,0.0005002894554893872,0.016762313176963736,2.131979800970772e-06,0.0001511570925571868,0.0001743563058685111,1.5428263312009507e-06,1.8941331775412806e-07,0.003243419506401077,0.031716854994227495,0.00046318729762382396,1.2489412340686206e-07,0.8111027473806923
70,6.558466982297832e-06,8.314703953795052e-05,4.788627366988795e-05,0.0005197500216615134,0.00014730024871984008,4.946862565883509e-07,0.09573195258316296,1.3713652508672608e-05,0.00029294549082432294,2.725841530665967e-06,0.0003779776469769095,0.05361795659306762,1.2867103798262426e-07,0.0005404218485598804,0.01706867039173196,2.651635213059482e-06,0.0001358915402365963,0.00017788369164931743,1.1539212500424663e-06,2.242405966855665e-07,0.002814731895992497,0.027862328911882166,0.0004546533984259376,1.1345702799460892e-07,0.8000987378514967
71,5.560549591567339e-06,0.00012264869177674688,3.5701599175507545e-05,0.0005010277110491662,0.00021171363582043762,4.7289711888191364e-07,0.10141658712325587,1.0432387081623532e-05,0.00028816361168662277,3.3356092094678753e-06,0.0003772961496922738,0.05486869194447057,1.4256152222021392e-07,0.0005613570010461845,0.015237431649432837,2.473903201746837e-06,0.000143966011080029,0.0001252196346870728,1.3884957503662682e-06,3.2914577271003974e-07,0.003550165467965818,0.025543599750768416,0.0007666969510448506,1.4931378826841117e-07,0.7962254482040108
