,0,1,2,3,4,5,6,7,8,9,10,11,12,13,14,15,16,17,18,19,20,21,22,23,24
0,0.00015959859804421102,1.2975616760320837e-06,1.864201499937369e-10,2.8705257650996563e-09,4.467376268182712e-08,2.285935728255538e-09,8.113695626549508e-05,3.546169969054037e-09,1.0907608268313054e-05,3.748105403597193e-05,3.7779124631767203e-08,4.7340280403583695e-06,1.953857531421801e-09,0.0005502863593397891,1.2258421402612231e-08,3.498142647301793e-08,7.418618563566456e-06,0.011001662738810987,1.0299720782371608e-07,6.369581815893653e-08,6.309494369039809e-07,0.0006686657345942465,1.6030555854969965e-06,2.2673730521058537e-09,0.9874742672412952
1,0.00024581101885794203,1.5262871612102e-06,2.0835226135930825e-10,3.816831941860766e-09,6.539816634475289e-08,2.1447151709574295e-09,9.344626357686251e-05,4.76895501814988e-09,2.2908550218637587e-05,5.170096569563113e-05,4.161948789307165e-08,3.979214622427541e-06,2.2117268176320086e-09,0.0004726485436261771,1.2008432365844e-08,5.2434580530381364e-08,8.291897494634569e-06,0.010927492220477937,1.2570945993649125e-07,5.9829042692476e-08,4.660507191136761e-07,0.0006112238101160797,1.519036842815901e-06,3.198971555330118e-09,0.987558612791868
2,0.0001030906854882995,7.374477492644624e-07,1.2298984367988107e-10,2.044951796191212e-09,4.072556720343818e-08,1.232055530869876e-09,5.861717748259518e-05,2.6735467845482256e-09,1.244621504574944e-05,3.4266310480065845e-05,2.273054660839703e-08,1.7759595009265465e-06,9.128764781208275e-10,0.0004464520607572475,1.1086160138587816e-08,2.0435623254894264e-08,3.7899296403771307e-06,0.005947073915104899,6.34727516115872e-08,5.756651646723156e-08,3.6362431165201583e-07,0.0006238720022742659,1.402277950971078e-06,2.151863319207616e-09,0.9927658872387647
3,0.00015670324480024155,1.306486424096584e-06,1.7803073767233166e-10,2.8881860116252837e-09,4.69449615576142e-08,1.8380506112176906e-09,7.591473628003685e-05,3.1674351216428747e-09,1.060092343487041e-05,3.172564992890094e-05,3.8458409163754544e-08,4.7002899763130945e-06,1.7999803267948367e-09,0.0005462253244832968,1.1523834559429676e-08,2.9232344677088486e-08,7.263340481181501e-06,0.010781441918814262,8.897991037234818e-08,4.919469724363629e-08,5.678629025117172e-07,0.0006412242714815142,1.436915335432093e-06,2.067667937626372e-09,0.987740612762149
4,0.00016922569453528836,1.6536174615723919e-06,2.0785402884184095e-10,3.361363793212115e-09,5.596285456911767e-08,2.0435938349645324e-09,8.121272074642844e-05,3.4379880693504324e-09,1.0754666396998543e-05,3.321651082276023e-05,4.964883620186e-08,6.968835596916888e-06,2.7090106556183862e-09,0.0006611670323810836,1.0915915897495103e-08,3.361903341211822e-08,8.892027310809734e-06,0.013303028317731249,1.0465013954633555e-07,5.278062031777279e-08,6.546452668825986e-07,0.0006947508682395129,1.4809244604177923e-06,2.083720327522266e-09,0.9850266727181195
5,0.00015386224514526064,7.839104694011964e-07,1.5275023527329805e-10,3.1675749944480597e-09,3.386221138815617e-08,1.3494496052167142e-09,6.37715798545584e-05,2.884762219684435e-09,8.836136032453854e-06,3.3686655874386786e-05,2.808176628882531e-08,3.991588389548465e-06,1.4225537573982182e-09,0.0005200800240518791,7.306028290566723e-09,2.719778091587026e-08,6.983675318449246e-06,0.015370609847771055,5.6029300444430354e-08,5.570905870056894e-08,4.890387724935979e-07,0.00050625622284101,1.3087751501703857e-06,2.2417235122449484e-09,0.9833291208953688
6,0.00015670324480024155,1.306486424096584e-06,1.7803073767233166e-10,2.8881860116252837e-09,4.69449615576142e-08,1.8380506112176906e-09,7.591473628003685e-05,3.1674351216428747e-09,1.060092343487041e-05,3.172564992890094e-05,3.8458409163754544e-08,4.7002899763130945e-06,1.7999803267948367e-09,0.0005462253244832968,1.1523834559429676e-08,2.9232344677088486e-08,7.263340481181501e-06,0.010781441918814262,8.897991037234818e-08,4.919469724363629e-08,5.678629025117172e-07,0.0006412242714815142,1.436915335432093e-06,2.067667937626372e-09,0.987740612762149
7,0.0005400166066336757,5.250589827881125e-06,9.666982620781038e-10,7.030408715274021e-09,1.3382947220467433e-07,3.98006087516366e-09,0.0002033941677840599,1.2506346165162374e-08,1.7964674615128587e-05,5.959043887996818e-05,1.3904363018305615e-07,1.4946022908594428e-05,1.2078372592385285e-08,0.0007662543718556521,2.465897561448971e-08,6.307701031526151e-08,1.6201351004539195e-05,0.021833968313843096,4.0369141848627705e-07,8.68483776755893e-08,1.2939805192674898e-06,0.0013816110428389067,1.4767280623802813e-06,4.1155944641921644e-09,0.9751571398848613
8,6.199844968827465e-05,3.728908482581295e-07,6.970762292415081e-11,1.6737821902456956e-09,2.5942777871397854e-08,5.58180857620433e-10,3.144838963250116e-05,7.816320524449091e-10,9.703399613034171e-06,2.684555293577687e-05,1.7346157006264552e-08,6.760405494519249e-07,2.535203367747918e-10,0.00037784334282827016,9.75290899634475e-09,8.845160881687034e-09,1.9067920917904928e-06,0.003634549713983127,1.8368381966421737e-08,2.3312409746584725e-08,2.076900812916765e-07,0.000382895725554112,8.191356606720124e-07,3.5963887609158495e-09,0.9954706223755252
9,0.00014557140782656816,6.589076038483608e-07,2.4980357895889087e-10,4.253546190541989e-09,4.1262484601209525e-08,1.4894758501853578e-09,4.9629516559622234e-05,2.8445930683968568e-09,1.450977899410156e-05,5.635434633250472e-05,3.863409272503324e-08,2.067924264258139e-06,1.049493338775662e-09,0.0007032324545936227,1.4016437547907927e-08,2.4730874083514078e-08,6.7385643929908225e-06,0.009244445171460714,5.8841629782227326e-08,7.151757088843489e-08,4.6510598533744835e-07,0.000833433729362999,1.5907305985200563e-06,6.386576683864941e-09,0.9889410370854467
10,0.00015670324480024155,1.306486424096584e-06,1.7803073767233166e-10,2.8881860116252837e-09,4.69449615576142e-08,1.8380506112176906e-09,7.591473628003685e-05,3.1674351216428747e-09,1.060092343487041e-05,3.172564992890094e-05,3.8458409163754544e-08,4.7002899763130945e-06,1.7999803267948367e-09,0.0005462253244832968,1.1523834559429676e-08,2.9232344677088486e-08,7.263340481181501e-06,0.010781441918814262,8.897991037234818e-08,4.919469724363629e-08,5.678629025117172e-07,0.0006412242714815142,1.436915335432093e-06,2.067667937626372e-09,0.987740612762149
11,0.00017228119009587143,1.5524173130661683e-06,2.0766649478474728e-10,3.346590901892168e-09,5.219399030303948e-08,2.138953858579339e-09,8.541963866170557e-05,3.896166622104962e-09,1.1393244452429508e-05,3.3731355297250584e-05,4.406134242329589e-08,6.009693951724537e-06,2.467340212928935e-09,0.0005978541611102939,1.1914095852978709e-08,3.470062764124696e-08,8.90244804401963e-06,0.012255062459632902,1.0654488837773426e-07,5.497840968532483e-08,6.267477412569393e-07,0.0007026335317777627,1.5411760318782003e-06,2.1125341102025665e-09,0.9861226733732834
12,7.084300516369799e-05,9.251948568712575e-07,9.28913145480279e-11,1.7016750993412494e-09,5.491745748226434e-08,1.293249285941596e-09,3.59786915804102e-05,8.061879603717947e-10,4.98256057995968e-06,1.3267972026195404e-05,2.038436270724699e-08,3.5900714312348996e-06,8.816040776186486e-10,0.0005589456387250874,4.629568937211252e-09,1.4849637261539935e-08,2.805684336905236e-06,0.010146843442144372,3.0295198771914874e-08,3.3633333383087284e-08,3.4995183849451867e-07,0.00017439438123572425,1.1351791686969095e-06,9.238561265727543e-10,0.9889857738178899
13,0.00024369332053503912,2.8681597030225327e-06,3.86797749816578e-10,6.824872140459728e-09,1.1572972146759184e-07,3.0741778187785115e-09,0.00010603254996247499,4.311709513885431e-09,1.2565119771874982e-05,3.542900924508978e-05,2.0701809623660779e-07,1.2419744988538959e-05,5.467962141601746e-09,0.00114481015579727,3.0360473967443535e-08,5.0129889918863803e-08,1.2652596197729981e-05,0.014871813501028225,1.786207720397708e-07,5.355627774360364e-08,1.3924874964732993e-06,0.0009502965550599585,2.8394564161519166e-06,4.24714431175198e-09,0.9826025276159032
14,0.00020285009042219794,4.272277922842149e-06,2.3710638750315725e-10,2.597514219177439e-09,9.60404332745466e-08,4.27155625638886e-09,0.00010102189000022318,3.0819456120920628e-09,8.57895338124732e-06,2.938948696281031e-05,8.59678520440969e-08,1.5923131765257627e-05,4.958116492493172e-09,0.0008505802066804843,1.4618254184924035e-08,4.7828591974700264e-08,8.819918267505269e-06,0.013717336427311579,2.3597558416331943e-07,5.353636856795926e-08,1.1274895059116045e-06,0.0006674185772300127,1.7418271683468114e-06,1.3931257557674585e-09,0.9843903892169326
15,0.00015670324480024155,1.306486424096584e-06,1.7803073767233166e-10,2.8881860116252837e-09,4.69449615576142e-08,1.8380506112176906e-09,7.591473628003685e-05,3.1674351216428747e-09,1.060092343487041e-05,3.172564992890094e-05,3.8458409163754544e-08,4.7002899763130945e-06,1.7999803267948367e-09,0.0005462253244832968,1.1523834559429676e-08,2.9232344677088486e-08,7.263340481181501e-06,0.010781441918814262,8.897991037234818e-08,4.919469724363629e-08,5.678629025117172e-07,0.0006412242714815142,1.436915335432093e-06,2.067667937626372e-09,0.987740612762149
16,0.00011511791946544214,8.427296094358692e-07,1.108957353063393e-10,2.248217657477015e-09,2.7484298241359516e-08,1.2133843030509743e-09,5.74799243378084e-05,1.8583507611604498e-09,4.827683753063287e-06,3.035601162180925e-05,2.7104641662361654e-08,5.6008970724074216e-06,1.1544971519520276e-09,0.0005506113774840707,6.393226924268832e-09,2.0828643989535507e-08,5.971852881435507e-06,0.015297632893936186,5.162000437784252e-08,4.161493628886384e-08,7.924012747688441e-07,0.0005273430714333191,1.0598096441148615e-06,1.304976607936879e-09,0.9834021804914125
17,0.00017372086965965962,1.4542392298209213e-06,2.2001458269841968e-10,3.395819411881101e-09,5.7036996032116024e-08,2.399897347094592e-09,9.045684092944883e-05,3.480036324925652e-09,1.47916471832511e-05,3.934034192077356e-05,4.613642607102154e-08,3.7286202871095495e-06,1.7200391538394688e-09,0.0005317122278632684,1.78765154570384e-08,3.486445291694817e-08,7.152022299878537e-06,0.008658759802964884,1.0406888266932516e-07,5.224194003519438e-08,5.60548441006938e-07,0.0006932976048875968,1.5103069158961248e-06,3.0627110193583528e-09,0.9897831884236865
18,0.002308764753600049,2.8957352842871698e-05,4.116359062594989e-08,3.3004098835928834e-07,1.1494215794223233e-05,8.921708162814996e-08,0.0016861429624063118,1.5400453668195464e-07,0.00025124843070584423,0.0005000532702681707,3.3198168656770945e-06,1.730943714993616e-05,6.634684348929928e-08,0.003315782566453644,1.972818648354911e-06,1.756255617325958e-06,2.512840310168689e-05,0.015148923400727717,5.701324884189502e-06,5.627636105521009e-07,1.3381802307615553e-05,0.00300528518564485,1.2817343006501958e-05,1.2464049866743482e-07,0.973660592482825
19,0.00019902952385244442,2.0125405494990445e-06,3.468111131769535e-10,4.859028313103576e-09,8.890376339039e-08,2.1834066117784755e-09,0.00012051886997004688,6.8112510453276e-09,1.3144106046163417e-05,3.876089627804851e-05,5.1294672740070446e-08,8.759719096202647e-06,4.035651118703817e-09,0.0007077775938641943,1.3927556957018853e-08,4.3408252540759904e-08,9.591040219890556e-06,0.01555152620485097,1.5031254802035966e-07,7.252666115423235e-08,8.168355966466561e-07,0.0009393595019711275,1.4668696395080433e-06,2.0771906071113173e-09,0.9824067956112716
20,0.00012263129815033165,1.2236039244535862e-06,2.2040354541909605e-10,3.2648110525485517e-09,4.719216931350858e-08,1.8726152861956797e-09,0.00011948605438959138,5.2326456761402805e-09,1.0526849453679298e-05,3.700304213013736e-05,5.459561135913399e-08,3.3600353219474357e-06,1.5184414882453768e-09,0.0005121946517014553,3.8025276403606183e-08,2.696236659385373e-08,6.126094820110272e-06,0.005682623421454628,1.274459598551621e-07,5.512614593799231e-08,9.864252615518255e-07,0.0013960258762570857,1.9132480457750185e-06,2.8675952865342123e-09,0.9921055350750475
21,0.0001933413927076336,1.539773424560617e-06,1.7085282263684444e-10,2.9494250014744117e-09,6.424121843363826e-08,1.5168767580208083e-09,5.179178411888099e-05,2.072961376043184e-09,7.686520360422405e-06,4.014661186529944e-05,4.742607012998171e-08,8.185918205455956e-06,1.863398513408336e-09,0.0006866340084258676,6.9639324464372234e-09,3.070449824194424e-08,6.023575257162651e-06,0.017863447478278265,8.662401287377315e-08,4.8353626570571734e-08,9.168613775836926e-07,0.000491690756316801,1.151139887023235e-06,1.9422157462957837e-09,0.9806471493506862
22,0.00025549216638971533,1.295271845478021e-06,3.506669653406728e-10,6.246238108701497e-09,4.865128760059137e-08,2.6226372230506557e-09,8.33510913868781e-05,4.866249572943449e-09,1.0182167273628539e-05,6.372002039718278e-05,6.961409645297302e-08,8.208603190346561e-06,2.6495058042342013e-09,0.0008454316235310688,1.449162940225032e-08,4.822710258732968e-08,1.5741281279639155e-05,0.021961916403821634,1.1398315275137715e-07,7.555827041086991e-08,1.2180201902642317e-06,0.0010574936829893806,1.7531588992696793e-06,3.973735968787832e-09,0.9756938052742327
23,0.00015670324480024155,1.306486424096584e-06,1.7803073767233166e-10,2.8881860116252837e-09,4.69449615576142e-08,1.8380506112176906e-09,7.591473628003685e-05,3.1674351216428747e-09,1.060092343487041e-05,3.172564992890094e-05,3.8458409163754544e-08,4.7002899763130945e-06,1.7999803267948367e-09,0.0005462253244832968,1.1523834559429676e-08,2.9232344677088486e-08,7.263340481181501e-06,0.010781441918814262,8.897991037234818e-08,4.919469724363629e-08,5.678629025117172e-07,0.0006412242714815142,1.436915335432093e-06,2.067667937626372e-09,0.987740612762149
24,0.00015128227045721983,1.4220834598501294e-06,1.8375861145241703e-10,4.135851985623391e-09,8.643013248947101e-08,1.5880625665039545e-09,7.319329718793948e-05,2.9814783018657057e-09,1.0052172019748885e-05,2.7765833734436198e-05,4.704602626039276e-08,8.269604769327285e-06,2.864902513552446e-09,0.0008279128013315871,7.64126473604846e-09,3.8588234822667975e-08,7.17050029412169e-06,0.01746720372339305,8.419552517745836e-08,5.345929567934798e-08,5.504407307389801e-07,0.00048150045997421464,1.4794297813229621e-06,1.7591343432937085e-09,0.9809418665091989
25,0.00031335835507399307,1.4186878980987776e-06,3.356089262957534e-10,7.525689826789587e-09,7.957339708314852e-08,1.6616718581462458e-09,0.0001611820074242374,9.41195353741337e-09,1.1767638381421404e-05,4.573476299086216e-05,9.365653907041427e-08,9.123975279188457e-06,4.58366068304899e-09,0.0006801179014533223,1.9202787462812438e-08,5.919771281154847e-08,1.1435276270592122e-05,0.022322527711555705,1.7678813541800845e-07,7.576489274336629e-08,1.1956761820351907e-06,0.001010955808143293,2.106957483713204e-06,3.141071663896965e-09,0.9754285443987425
26,0.00021303420293493296,1.0669516707311139e-06,1.5962457120424728e-10,3.6588313622919654e-09,4.63199895869863e-08,1.950048244509796e-09,6.031683588282774e-05,4.025996957085892e-09,2.8215211820445475e-05,2.8833066014018463e-05,3.253305719192694e-08,2.133536886258553e-06,1.4554074170225668e-09,0.00035801234522754875,1.1566814836876732e-08,3.329765395652699e-08,8.019773065282801e-06,0.00738957459392292,6.589076846570011e-08,5.6034513420632676e-08,2.998775860041986e-07,0.0004114961842582466,2.4832047148604395e-06,4.540907230392991e-09,0.9914962527824027
27,9.747881135039262e-05,9.18891667231476e-07,1.1690557750164227e-10,1.9614977398720738e-09,3.2140918827511045e-08,1.5218347908802746e-09,7.170506325352905e-05,2.7478727503814423e-09,1.510913088493343e-05,3.470119045150563e-05,2.7020367169337597e-08,1.971455980396098e-06,1.0177538056507118e-09,0.0004366372118764294,1.534044149145726e-08,2.1896370721529196e-08,5.224274378221996e-06,0.004884969328352588,6.727998123707803e-08,4.781792903748787e-08,3.4950789859788383e-07,0.0008163290851980055,1.4044162135364472e-06,2.487314159456683e-09,0.9936329802833074
28,0.00015670324480024155,1.306486424096584e-06,1.7803073767233166e-10,2.8881860116252837e-09,4.69449615576142e-08,1.8380506112176906e-09,7.591473628003685e-05,3.1674351216428747e-09,1.060092343487041e-05,3.172564992890094e-05,3.8458409163754544e-08,4.7002899763130945e-06,1.7999803267948367e-09,0.0005462253244832968,1.1523834559429676e-08,2.9232344677088486e-08,7.263340481181501e-06,0.010781441918814262,8.897991037234818e-08,4.919469724363629e-08,5.678629025117172e-07,0.0006412242714815142,1.436915335432093e-06,2.067667937626372e-09,0.987740612762149
29,0.00015670324480024155,1.306486424096584e-06,1.7803073767233166e-10,2.8881860116252837e-09,4.69449615576142e-08,1.8380506112176906e-09,7.591473628003685e-05,3.1674351216428747e-09,1.060092343487041e-05,3.172564992890094e-05,3.8458409163754544e-08,4.7002899763130945e-06,1.7999803267948367e-09,0.0005462253244832968,1.1523834559429676e-08,2.9232344677088486e-08,7.263340481181501e-06,0.010781441918814262,8.897991037234818e-08,4.919469724363629e-08,5.678629025117172e-07,0.0006412242714815142,1.436915335432093e-06,2.067667937626372e-09,0.987740612762149
30,0.00015670324480024155,1.306486424096584e-06,1.7803073767233166e-10,2.8881860116252837e-09,4.69449615576142e-08,1.8380506112176906e-09,7.591473628003685e-05,3.1674351216428747e-09,1.060092343487041e-05,3.172564992890094e-05,3.8458409163754544e-08,4.7002899763130945e-06,1.7999803267948367e-09,0.0005462253244832968,1.1523834559429676e-08,2.9232344677088486e-08,7.263340481181501e-06,0.010781441918814262,8.897991037234818e-08,4.919469724363629e-08,5.678629025117172e-07,0.0006412242714815142,1.436915335432093e-06,2.067667937626372e-09,0.987740612762149
31,0.00028802632108262044,1.315171527053251e-06,2.5951740736047803e-10,3.184906364476715e-09,4.9607483456428555e-08,1.1931189736852963e-09,6.80189457169979e-05,6.062359394715832e-09,9.374335982549364e-06,3.1439552505101276e-05,2.9382958169105587e-08,5.8147300545709455e-06,2.7463863187904678e-09,0.00042517848444556343,6.149698547551015e-09,2.9259621854964994e-08,8.061496386939976e-06,0.01879817008439835,1.1659438134751046e-07,6.014553445185861e-08,6.002568444825107e-07,0.0005818893570704567,1.2871812259553264e-06,1.6633601013897426e-09,0.9797805178334329
32,0.00015914117870026215,1.4148148912167959e-06,1.95535317300508e-10,2.7933681974450935e-09,5.021326455142444e-08,1.9919553688600062e-09,7.857291144084121e-05,3.565379251377258e-09,1.0336814730724921e-05,3.277755078507944e-05,4.0657746166631734e-08,5.0676744040906195e-06,1.996505536871489e-09,0.0005638218358502637,1.272403733613016e-08,3.1365370022407306e-08,7.381163152622197e-06,0.010450771467871302,1.1089549415964346e-07,5.4139674826943115e-08,6.177639741450271e-07,0.0007229130582538286,1.5290245662203224e-06,1.9929609636790903e-09,0.9879653422100876
33,0.00019553445983115108,1.8957034495104284e-06,2.0811226443442787e-10,3.961957870731416e-09,3.878216469965639e-08,2.6835682371458494e-09,0.0001309931581089205,6.82095566498838e-09,1.3638431810260538e-05,4.751419563426276e-05,4.455298361085246e-08,1.556621909847328e-05,6.63107717929957e-09,0.0009218363125091366,6.916887342779343e-09,6.165716750761737e-08,2.4988256299923862e-05,0.02570851272069844,1.4469420699320396e-07,7.474576942933515e-08,5.375243745791031e-07,0.001391462711537115,1.315302116751204e-06,1.4764987662014455e-09,0.971545811873182
34,0.0003381565964917438,2.473756934674371e-06,2.4686140402696937e-10,1.8558748338409612e-09,8.25569378295973e-08,1.0375325179612571e-09,4.762217400932053e-05,3.6347092352632533e-09,1.7496894923077263e-05,3.073879380027767e-05,6.943467127604343e-08,3.301485975177943e-06,2.31955672842496e-09,0.0004061605746970497,1.429698696618289e-08,2.0000952540618758e-08,4.1595214708720855e-06,0.005930816993552406,2.222062970265756e-07,3.589742936930919e-08,5.044003173386428e-07,0.0006966696538527733,1.552949025512448e-06,3.2504476979348313e-09,0.9925198894666923
35,7.622440851930415e-05,1.195601576331958e-06,1.7849774434774316e-10,2.8363126727065645e-09,6.263376495102831e-08,2.7843986757209413e-09,7.712487640744549e-05,1.891615638222942e-09,8.512955994296488e-06,2.619617550108648e-05,5.0446036619588036e-08,3.702451942345191e-06,1.3881501367269262e-09,0.0007567446378855806,2.2245545416122214e-08,2.6141778714992064e-08,4.899093408485164e-06,0.006082334610005318,8.079397132427835e-08,5.425654084429849e-08,6.766451839328057e-07,0.0006506837039672543,1.9854173020553464e-06,2.312784015554325e-09,0.9923094115129099
36,0.00017487426944134832,1.2503930741278833e-06,2.6995639777493524e-10,2.7331927415066854e-09,8.894274158715145e-08,1.3533822994127e-09,5.05999487429316e-05,1.5070560407331154e-09,6.15718524001192e-06,3.0889118216343455e-05,5.108007261416947e-08,2.591477259401058e-06,9.287635452989143e-10,0.0004638470749783379,1.481788984824452e-08,1.6524993736577103e-08,2.0982673548171867e-06,0.008478684460429325,8.270584070797609e-08,4.158865462801219e-08,9.641629055386772e-07,0.00031771588752870254,1.1910403366773463e-06,3.1272292510618475e-09,0.9904688311347191
37,0.00023566912578784095,7.983045870694827e-07,2.2762524515150256e-10,4.17021738814325e-09,4.212946674181175e-08,1.1425967442639071e-09,6.055170213276015e-05,2.740214368844884e-09,8.044776689404865e-06,3.727640643638785e-05,4.61489971099706e-08,4.028973496139063e-06,1.5493219950355128e-09,0.0005789873205325761,8.960553780588764e-09,2.6566148032120864e-08,6.6009798760396626e-06,0.018945884363679846,6.491725686101365e-08,5.235964323474388e-08,5.694820087869817e-07,0.0005006668127186083,1.3088857378288305e-06,4.0694261680410136e-09,0.9796193578848491
38,0.00019250496066743408,1.8919609116563095e-06,2.3966106521469407e-10,4.4118814801476565e-09,5.400767873085021e-08,6.608895673744935e-09,0.00018979346300917983,6.32626580464635e-09,9.647574341784158e-06,4.121069191216822e-05,7.183354045672431e-08,9.981180506738947e-06,4.204235885328351e-09,0.0006775181447636834,2.587314821932988e-08,1.0057830077775999e-07,1.4031321242056883e-05,0.014326795977514408,2.3852928341418275e-07,8.926733050216769e-08,1.201129489848194e-06,0.0008635920461639171,3.0460010758439145e-06,2.2037554884616622e-09,0.9836681814644237
39,0.0001246038904473132,8.824764158635907e-07,1.3743219098014416e-10,3.0910793875480965e-09,3.094508516296876e-08,2.0468080277601955e-09,0.00010101693444774528,5.123898772608977e-09,7.361956144900606e-06,2.567533928314585e-05,2.538620214334138e-08,4.3372932275457154e-06,1.698146417342563e-09,0.00038643779280435456,1.2297731420951639e-08,3.637260280402666e-08,8.15517782978036e-06,0.009810785822979865,9.257390926114151e-08,5.5863099714598264e-08,7.670631473674792e-07,0.0006313169431743129,2.0778302352855326e-06,1.3057507959081112e-09,0.9888963146381164
40,0.00011904732013678256,3.102811528653093e-06,4.47329011588962e-10,2.0143769082825604e-09,1.1744802844756661e-07,2.8743535168603666e-09,4.844820290973461e-05,1.584118058103873e-09,5.740555761726521e-06,2.594757155239975e-05,5.901071143959834e-08,8.56643931605517e-06,1.8907332037652467e-09,0.00103195776318965,1.8737547630524646e-08,1.7417337355985417e-08,4.472455616747695e-06,0.00890178774139349,1.3840343838635288e-07,4.765670560974327e-08,8.669289401239609e-07,0.0008617091713637817,9.669002168104148e-07,1.8384928465776161e-09,0.9889869768149017
41,0.00019183683093943016,4.71228628635798e-06,3.1792419197168216e-10,7.03931673634106e-09,1.896703064217278e-07,4.359250279564206e-09,9.037761403971352e-05,3.7503990738827155e-09,6.392771315882298e-05,4.4587792349118316e-05,5.443941150376423e-08,3.855559233220409e-06,3.224411924852766e-09,0.0007636410934631307,1.5003722344558988e-08,5.076177399472365e-08,1.0687173021114447e-05,0.00680117115287273,7.052708210836188e-08,3.69462736085631e-08,3.251371892804282e-07,0.00040083549997055047,1.4967391654181235e-06,3.910376567132378e-09,0.9916221054580624
42,0.00030793382597041075,3.1108949962888994e-06,7.19076781655372e-10,4.6078917625198526e-09,7.655040371085332e-08,3.4089222745593213e-09,0.00016353315916727395,2.089541577250006e-08,1.6866724101720693e-05,9.376937083969523e-05,7.811637616070222e-08,1.3248550462800317e-05,5.459432333362746e-09,0.0007766556242955095,3.891501675954606e-08,6.091825331804689e-08,1.983062378061486e-05,0.011235677604788668,6.555566881769691e-07,1.2258744658807384e-07,2.103345809208694e-06,0.00561615002714353,1.7839144382237067e-06,2.990322463267363e-09,0.98174826560896
43,0.0001781838118797347,8.350802669966455e-07,2.220103733826268e-10,3.2156999598955517e-09,3.8493180531528603e-08,2.558492280661369e-09,7.792380500888488e-05,4.869452598150411e-09,2.2598903504064465e-05,0.0001227483996995116,2.67351524933045e-08,1.7797942927728345e-06,1.0460449547850008e-09,0.00048085184032450705,1.5615030579746646e-08,4.090792804829824e-08,6.66293480696925e-06,0.007337927974267995,1.1661046655151852e-07,1.1757924126304855e-07,6.448882132917435e-07,0.0011761199978928042,1.4705673522691128e-06,4.795996475890298e-09,0.990591879353794
44,0.00015670324480024155,1.306486424096584e-06,1.7803073767233166e-10,2.8881860116252837e-09,4.69449615576142e-08,1.8380506112176906e-09,7.591473628003685e-05,3.1674351216428747e-09,1.060092343487041e-05,3.172564992890094e-05,3.8458409163754544e-08,4.7002899763130945e-06,1.7999803267948367e-09,0.0005462253244832968,1.1523834559429676e-08,2.9232344677088486e-08,7.263340481181501e-06,0.010781441918814262,8.897991037234818e-08,4.919469724363629e-08,5.678629025117172e-07,0.0006412242714815142,1.436915335432093e-06,2.067667937626372e-09,0.987740612762149
45,0.00020786135763676983,1.4981892260826583e-06,4.1835503595045115e-10,7.524327425095138e-09,7.538341218777457e-08,4.894665469397122e-09,0.0003171162599301791,1.484215568069428e-08,2.088070497443014e-05,5.9686942231666826e-05,6.752273139903679e-08,3.989186824749162e-06,3.2612071205452855e-09,0.0005467103553939153,6.796185178714422e-08,9.629876279327778e-08,1.1089902071249248e-05,0.008451455323990194,2.425723403108793e-07,1.082690597945613e-07,9.239719582863825e-07,0.001415245195810179,2.7214539530882014e-06,4.698763458446596e-09,0.9889601275083668
46,0.000297493985397897,1.7753819527026002e-06,2.9297469104308683e-10,6.2379220517282245e-09,3.927926261702485e-08,4.223366288345954e-09,0.00010521804563259454,7.938248226704073e-09,1.526102695194699e-05,4.904939890055544e-05,6.103766350197183e-08,1.053927260411801e-05,3.9352524162341685e-09,0.0006794604954474261,1.5159495428104824e-08,6.76291968776037e-08,2.6988174227010274e-05,0.020203481994235384,1.4314158158003897e-07,7.971533820719652e-08,9.83076098466345e-07,0.0010645538823725298,2.504276205828107e-06,3.513875462516939e-09,0.977542258885796
47,0.00026270645307437823,2.765033381484279e-06,1.6195507523876593e-10,1.2015581064784357e-09,1.963400098068694e-08,1.589102373105925e-09,6.883658827678535e-05,6.331906517612437e-09,9.940419083049635e-06,5.006212863020503e-05,2.263446903616193e-08,1.0228969024451598e-05,2.9297952617989027e-09,0.00037636129935804055,6.33673972092507e-09,2.6944302269143726e-08,1.4721750919293093e-05,0.013125430140193092,1.8052170499951655e-07,4.674129480493038e-08,7.298352841793425e-07,0.001665485014787161,7.526734621690021e-07,1.0092403440682953e-09,0.9844116636584562
48,0.0006348100025080857,7.95700303951737e-06,5.810059732509522e-10,1.1524232130549106e-08,5.772602999733002e-08,2.6055445358585638e-08,0.0005049322225617872,5.222351003257978e-08,3.91035714198705e-05,6.441267357374461e-05,1.1687279247199355e-07,3.499270267542204e-05,2.8643347654280474e-08,0.0007193648079307554,3.8062696628932357e-08,3.24739642545051e-07,0.0001282178791292158,0.023176890688011063,9.018163884374503e-07,1.329200406274235e-07,1.5812676438832633e-06,0.002135733568732736,5.250844622627926e-06,2.709834825878849e-09,0.9725450588931845
49,0.00014043525347195716,1.9183076726877516e-06,3.3117284591156985e-10,2.8913910567378814e-09,4.968092993881532e-08,3.0192656976387847e-09,6.986255682567452e-05,3.1442062616576937e-09,7.609910121523596e-06,3.9229512441805006e-05,4.385209701009196e-08,9.466499854170984e-06,2.4825289762099595e-09,0.0008563008154653779,1.2475244115015194e-08,2.6870282557370853e-08,1.0617591816621453e-05,0.014529539114510492,1.143459786914744e-07,7.014220527136843e-08,8.95488048284628e-07,0.0011438942734774472,1.1776011816044164e-06,2.0097133658299406e-09,0.9831887218300966
50,0.0009318421768679681,2.763529461783697e-05,4.07137723697425e-09,9.934200207514056e-08,6.642304663053999e-07,1.0978154658077938e-07,8.419978414364342e-05,1.0151268805269174e-08,3.568664061355387e-05,3.580451462796488e-05,1.99517566700588e-06,0.0002730274896219607,5.512743054786718e-08,0.006949298639821395,7.150651787934483e-08,3.574487566432736e-07,0.0003021139737479928,0.08073914595731538,3.3797734061354747e-07,1.4186685536958444e-07,8.828255782445972e-06,0.0009103666888363304,2.381384724930689e-05,2.3918154601256824e-08,0.9096743661393706
51,0.0005898160451285834,1.0092300640139644e-05,1.3102868081616354e-09,2.736506760671199e-08,2.5634468477294745e-07,4.4623953555846396e-09,0.0001784426574645602,1.3471439672128746e-08,8.236325585516039e-05,0.00015830615801112113,1.9369498832089745e-07,1.5371625736533636e-05,1.0597096364455179e-08,0.001725256998221558,2.945298749119799e-08,8.058230273304276e-08,3.75566970739712e-05,0.022240186644523076,1.3964260076051068e-07,4.805817807566428e-08,1.4344508745905716e-06,0.0019456109182664834,1.0950273158396428e-06,1.1560389629249393e-08,0.9730136506784708
52,0.00017521161505079186,1.203331486258006e-06,1.9707977289347638e-10,3.333835795909886e-09,4.801793683002111e-08,1.9308815515219593e-09,7.76809998888652e-05,3.3168775122777205e-09,1.1182494350859272e-05,3.688777312889585e-05,4.23977928150391e-08,4.758549117095992e-06,1.9246433557282922e-09,0.0005880935518910478,1.1492419955582629e-08,3.3195996119402853e-08,7.824629364999984e-06,0.012713743755186614,9.001935072284077e-08,5.712124752140883e-08,5.697804380368237e-07,0.0006520605459181567,1.4924181517997655e-06,2.523454536236328e-09,0.9857289950845102
53,5.6967227055800965e-05,4.3133087436167865e-07,4.948445430462389e-11,2.6674742899443613e-09,2.3775000877795655e-08,1.3625656740427252e-09,0.00018917724917023353,3.822378935632883e-09,1.3251196905034213e-05,2.2516735133570706e-05,1.8789911894548134e-08,1.183460601343943e-06,9.991935581566736e-10,0.000306223687244978,1.6956792367363113e-08,3.7189430363781706e-08,3.854628403187005e-06,0.00477522152907398,3.983508088934844e-08,4.715653877202835e-08,2.680746189385109e-07,0.0003997699810620838,2.1909826960030105e-06,1.4838543898966046e-09,0.9942287498294541
54,9.025259812053181e-05,1.5234468322424079e-06,4.130638658231442e-11,7.537571632994199e-10,1.9893055165717677e-08,9.791434651756076e-10,4.962191787744229e-05,1.2130371612897695e-09,8.45140012288097e-06,2.0332123839198944e-05,1.1685622704476218e-08,3.6748155848272015e-06,8.124207132212638e-10,0.00031896431032023525,3.977722669701241e-09,1.7064727510495776e-08,4.549386667260485e-06,0.0067689362674947795,4.1885250341919865e-08,1.6233046962542184e-08,2.2177651446747529e-07,0.00035577638155706505,5.529272841551335e-07,5.911541996979719e-10,0.9923770275175405
55,0.00015247679742087756,1.5221505230078914e-06,1.436662848507517e-10,2.4342742841736524e-09,4.727541689098749e-08,1.4485306326174589e-09,6.556869986180225e-05,2.542151356362405e-09,9.8875378247777e-06,2.5008814090658104e-05,3.405775840856478e-08,5.611549476482312e-06,1.8338934010486185e-09,0.0005096506232424575,8.034338099164218e-09,2.5053425146642112e-08,6.657447523098258e-06,0.01172861554013945,7.244952138478254e-08,3.66665776662281e-08,4.969384001573984e-07,0.0004839494067148185,1.171247257800976e-06,1.5302509369626197e-09,0.9870091497777201
56,0.00017260465652568476,1.5505560991712666e-06,2.0597695498902008e-10,3.225147933032399e-09,5.329916132139431e-08,2.0106882836887826e-09,8.265683047578383e-05,3.6116667863480098e-09,1.130917138139367e-05,3.3339410309255085e-05,4.496685311613822e-08,5.792960432001542e-06,2.3707093536065432e-09,0.0005934359965978214,1.183238001475463e-08,3.30736871781293e-08,8.23862243597838e-06,0.012140599240829249,1.0290734361168808e-07,5.2432536910743643e-08,6.032433409692298e-07,0.0006761010190263545,1.4607660542784872e-06,2.159209425343656e-09,0.9862719954311312
57,0.0002370067436368227,3.032785538972679e-06,4.670359453331275e-10,3.0889431823371442e-09,8.969275811031059e-08,2.939747635678584e-09,8.755213561181352e-05,7.751602653324287e-09,8.431077106018894e-06,4.294983792528204e-05,6.462897899530122e-08,1.7747928404007858e-05,4.974112145616189e-09,0.0008142054919325894,1.5911330312435397e-08,4.575014002572563e-08,1.2108105037399722e-05,0.015326278405111542,3.925611593820741e-07,8.92725069278419e-08,1.700622709227868e-06,0.001777109788957354,1.733131646211287e-06,1.4900473565314794e-09,0.9816694254180202
58,0.00017145510229131904,1.3216972928313234e-06,2.1061111879723845e-10,3.1890194041355346e-09,4.838883879563902e-08,1.968525973839582e-09,7.693840214625601e-05,3.3254650958726254e-09,1.2129863253306164e-05,3.696036180168594e-05,4.5523815278562576e-08,4.351338791702006e-06,1.8421205479206597e-09,0.0005618433797502593,1.4313038473870338e-08,3.109652622017707e-08,7.465757094430198e-06,0.010312039455561446,9.551479674986549e-08,5.3940361085332823e-08,5.789589789375831e-07,0.0007200775898292025,1.501309179295938e-06,2.9911785095229147e-09,0.9880930344797321
59,0.0001641309296814293,1.1911283896863812e-06,2.250086699937622e-10,3.3251762787363595e-09,4.896856798629504e-08,1.915609710273013e-09,7.111920124469588e-05,3.1395699991573682e-09,1.1859919851441481e-05,3.838168379007644e-05,4.451189248828771e-08,3.8801390688714175e-06,1.5553154324947011e-09,0.0005642069585736071,1.5234677996375474e-08,2.887554749492969e-08,6.930248559230084e-06,0.009911964913830059,8.887252351916777e-08,5.6265264672670625e-08,6.028676513837662e-07,0.0007166810971189524,1.5032820045356594e-06,3.387077132153414e-09,0.9885072513540045
60,0.00015670324480024155,1.306486424096584e-06,1.7803073767233166e-10,2.8881860116252837e-09,4.69449615576142e-08,1.8380506112176906e-09,7.591473628003685e-05,3.1674351216428747e-09,1.060092343487041e-05,3.172564992890094e-05,3.8458409163754544e-08,4.7002899763130945e-06,1.7999803267948367e-09,0.0005462253244832968,1.1523834559429676e-08,2.9232344677088486e-08,7.263340481181501e-06,0.010781441918814262,8.897991037234818e-08,4.919469724363629e-08,5.678629025117172e-07,0.0006412242714815142,1.436915335432093e-06,2.067667937626372e-09,0.987740612762149
61,0.0001792106793189405,1.2333403472846279e-06,2.506722047875716e-10,3.5633915700802826e-09,5.091131622600486e-08,2.00310737198416e-09,7.287579819225396e-05,3.4515096295422726e-09,1.142744459087669e-05,3.919592265565202e-05,4.4546608820853345e-08,4.252661973416045e-06,1.6774226866980327e-09,0.000579901047761677,1.4716858484318098e-08,2.961779484764761e-08,7.467185052155569e-06,0.011157270401686887,9.390979142347482e-08,5.898679345562901e-08,6.404964970640091e-07,0.0007376108498321683,1.4785958131819243e-06,3.268093742528532e-09,0.9872071286729179
62,0.00015670324480024155,1.306486424096584e-06,1.7803073767233166e-10,2.8881860116252837e-09,4.69449615576142e-08,1.8380506112176906e-09,7.591473628003685e-05,3.1674351216428747e-09,1.060092343487041e-05,3.172564992890094e-05,3.8458409163754544e-08,4.7002899763130945e-06,1.7999803267948367e-09,0.0005462253244832968,1.1523834559429676e-08,2.9232344677088486e-08,7.263340481181501e-06,0.010781441918814262,8.897991037234818e-08,4.919469724363629e-08,5.678629025117172e-07,0.0006412242714815142,1.436915335432093e-06,2.067667937626372e-09,0.987740612762149
63,0.00015850872109562833,1.4448324224692757e-06,1.7730823731959239e-10,2.762634341076787e-09,4.791737516921146e-08,1.8395299967052157e-09,7.52409273457358e-05,3.0981736617461138e-09,1.0925639795792139e-05,3.1308566948855666e-05,3.87908183434965e-08,4.8393281464159675e-06,1.829280198264815e-09,0.0005401686463495465,1.153498926665379e-08,2.8248799167605945e-08,7.2367558754756175e-06,0.010418863604665771,8.973415772431451e-08,4.620853796984534e-08,5.632412585201329e-07,0.0006433800652288084,1.3689414111098813e-06,2.0152459159084934e-09,0.9881058765726058
64,0.00016356837027682795,1.4663584653746476e-06,2.1738421197448146e-10,3.2872596080094434e-09,5.481370959538991e-08,1.9388215575829667e-09,7.850169892853645e-05,3.4830182221249118e-09,9.5157359051859e-06,3.349304797707834e-05,4.4709556772041195e-08,5.124990206640821e-06,1.7824294232778406e-09,0.0005376266406205273,1.4276906138258671e-08,2.785254100179148e-08,6.744201272892484e-06,0.010429592628628812,1.0089114917547625e-07,5.1580657414068586e-08,8.90418564728693e-07,0.0006840757285107542,1.5716273024833819e-06,2.2191785608349883e-09,0.9880475215007284
65,0.00013493371829793622,1.9044316861967514e-06,4.762175084551141e-10,5.6386407797352485e-09,7.743785218969251e-08,4.828960143929938e-09,0.00013100196983510334,4.9426326059403756e-09,1.1526231998549037e-05,4.093793500610634e-05,7.73810359847089e-08,4.068584144957006e-06,2.0874876760700916e-09,0.00074754779979719,5.596955004675436e-08,3.714819897632886e-08,8.724239873098655e-06,0.006243575053107666,1.465718600510776e-07,6.665061880544385e-08,1.2368360386739746e-06,0.0011379685512851166,2.379595431255436e-06,4.325949728417871e-09,0.9915337115944937
66,0.00019063604253806852,1.559890680387217e-06,3.0709355128398854e-10,4.38129674397126e-09,8.918945624735164e-08,1.6024687746928176e-09,6.19793178313491e-05,2.557392930134245e-09,9.317986294918977e-06,4.989471886804626e-05,6.226814347095958e-08,7.578768697170586e-06,2.295918626409432e-09,0.0008890994822482163,9.820720886411518e-09,3.293493712042578e-08,7.3729149554348645e-06,0.01745294316355225,9.489340602421476e-08,5.3165325188420885e-08,8.96894651804464e-07,0.0007313038381648145,1.0896132077718025e-06,2.709375112133055e-09,0.9805959712427752
67,3.339203441783687e-05,4.607629236186477e-07,7.731366170395893e-11,1.5074200201869185e-09,1.0636460892816636e-08,5.932270362953301e-09,4.5944346948464966e-05,7.83020502853387e-10,2.534193615466677e-06,2.0016832814387893e-05,2.607190302510454e-08,3.984169581695803e-06,8.91620253687322e-10,0.0009566522846543709,1.1214935285690334e-08,2.0415747779742573e-08,8.01376975995232e-06,0.00861036960899333,3.578882574446067e-08,1.0298648553427582e-07,6.709415859767361e-07,0.0005384927635258203,3.181831194804714e-06,1.8274373759369254e-09,0.9897760683265439
68,0.0001579886359408087,1.2366007491780228e-06,1.8159064191004885e-10,3.17100655950779e-09,4.5893884459772286e-08,1.8867521910047134e-09,7.966426907215266e-05,3.282114867201884e-09,9.985479309726608e-06,3.126649299577266e-05,3.889394428171674e-08,5.278040316707042e-06,2.03479385324885e-09,0.0005732987060803822,1.0332558029561434e-08,3.1170825351552795e-08,7.786008569757511e-06,0.012864168142768532,8.577980884046506e-08,5.3162837358167176e-08,5.908913162915005e-07,0.0006047086799463085,1.486777472435102e-06,2.0090566425034286e-09,0.9856622634762888
69,0.0001570055643563667,1.441852934142311e-06,2.1230891796445623e-10,2.8148754398220594e-09,4.161818509561566e-08,2.807845893712947e-09,8.286411695489874e-05,3.669204257785682e-09,8.329811739470864e-06,3.6860605389414695e-05,4.7705750971943146e-08,6.725418916058439e-06,2.4772418956233814e-09,0.000677745860344944,1.3332558688552074e-08,3.4701573641930703e-08,9.436245481181537e-06,0.012434855886618613,1.325250510456189e-07,7.404806079893823e-08,8.649658002476873e-07,0.0008740373953461938,1.8806410281327303e-06,2.0780755236865544e-09,0.9857075936443581
70,0.000132765074487832,1.076852834193691e-06,1.875514247502817e-10,4.6921879491792055e-09,5.3025225706979016e-08,2.72051142831167e-09,8.331591289554137e-05,3.4114577245925414e-09,1.4606448491605896e-05,3.6005559588315435e-05,3.724435968473273e-08,4.92201200084903e-06,2.202827161965677e-09,0.0007326019748432641,1.0104608875905166e-08,4.478519510998798e-08,1.0288950986566546e-05,0.013616115185103701,6.72526792427005e-08,7.06971100892386e-08,4.7619510541633196e-07,0.0005416323681497588,1.9292512504080173e-06,2.6364587079847296e-09,0.9848239652540896
