,0,1,2,3,4,5,6,7,8,9,10,11,12,13,14,15,16,17,18,19,20,21,22,23,24
0,0.0024102481949818543,0.000565940580426168,6.256098154235199e-05,4.2293434677339244e-05,1.4534189220332306e-05,9.275896536632614e-10,1.9379778010764454e-05,0.0009850782422892806,0.00016235956900622836,2.998098930370816e-05,4.847671511229998e-08,9.441087755394127e-05,9.868207922292821e-09,3.0102752800613907e-05,0.00011756861719891053,7.837062876250947e-07,4.22938828874205e-05,2.7765236374743198e-08,0.044493660505319624,1.5795688908973133e-09,2.7543756627258663e-05,8.409388290980088e-05,1.1092368985623432e-07,9.27557977464209e-06,0.9508076909381743
1,0.0014235819026431572,0.0004774891423200661,4.349667643605399e-05,3.7627513413338445e-05,9.987991512379016e-06,8.366218653900618e-10,1.6352410949893237e-05,0.0008951896254886896,0.0001985691285605159,3.87076070696234e-05,2.8273485038958106e-08,5.02003138857092e-05,6.189412299491162e-09,2.3948729038184583e-05,0.00010521551407365279,9.488860766351899e-07,2.353160047163016e-05,1.6070675865575816e-08,0.05558347324325449,1.5270218970652622e-09,2.756871490750446e-05,6.55936135498639e-05,7.470667806643017e-08,5.145477495214913e-06,0.9409732443049584
2,0.0016420657636216252,0.00044413016893887053,2.0964117337534808e-05,2.6249792554189096e-05,7.249874716672292e-06,7.090715218087311e-10,1.2421168534637692e-05,0.0005849703059602741,6.564758513171323e-05,2.2736689821219498e-05,2.4804726100235905e-08,5.396870194820388e-05,4.0932430977668625e-09,2.109464930829646e-05,0.00015844761814077756,8.682581578960599e-07,4.1966623732551676e-05,1.911735059726595e-08,0.030458891247398073,9.758366491261966e-10,2.8246190541358564e-05,0.00010198673162639931,1.9081246549536916e-07,5.785193692365294e-06,0.9663020688061438
3,0.001715182841508457,0.0005561012751504789,3.488774226192718e-05,4.066659487502969e-05,9.798077854230289e-06,6.260925497245089e-10,1.3701454333238037e-05,0.0007587873350850371,8.753389190249269e-05,2.832940112764124e-05,3.1001259280433214e-08,6.389115347799294e-05,6.5138315603455625e-09,2.3761040683218196e-05,8.605348931265891e-05,5.839309442550279e-07,3.8230005299699344e-05,2.7310805145882922e-08,0.030940200922381464,1.1857582747470415e-09,2.7605530702714732e-05,7.674415780648417e-05,1.1586158788879976e-07,7.545642961761184e-06,0.9654902130129966
4,0.0018043011068708975,0.0006526792212321631,4.443648444207538e-05,4.7457692674735397e-05,1.2885298605147334e-05,7.952951942215739e-10,1.5655124130082703e-05,0.0007721535395124555,0.0001007910918646263,3.287733207416609e-05,3.582399230510982e-08,7.458833146805458e-05,9.377273262066691e-09,3.179466496339779e-05,9.237585456724667e-05,6.540256783611631e-07,4.031351998057708e-05,3.158487569224809e-08,0.031886576640943354,1.4219268490910024e-09,2.8626292058167167e-05,8.467621787826013e-05,1.307585058591148e-07,8.661294893768478e-06,0.9642682865042934
5,0.0014787970100718138,0.00060571982140186,3.220015870342909e-05,5.3757885773618245e-05,1.0482749603453139e-05,5.880411547300398e-10,1.2837983222225819e-05,0.0007983332711748312,6.959067367063177e-05,3.2593800040885616e-05,3.059394317717436e-08,6.021002880824261e-05,7.16374672070342e-09,2.416751059719285e-05,6.568507201850117e-05,5.012148497761604e-07,3.985999553964375e-05,3.615340785761355e-08,0.025514913355376173,1.25315466209857e-09,3.064969520636575e-05,7.073653039905325e-05,1.3048403871788657e-07,8.651092261687021e-06,0.9710901059149483
6,0.001715182841508457,0.0005561012751504789,3.488774226192718e-05,4.066659487502969e-05,9.798077854230289e-06,6.260925497245089e-10,1.3701454333238037e-05,0.0007587873350850371,8.753389190249269e-05,2.832940112764124e-05,3.1001259280433214e-08,6.389115347799294e-05,6.5138315603455625e-09,2.3761040683218196e-05,8.605348931265891e-05,5.839309442550279e-07,3.8230005299699344e-05,2.7310805145882922e-08,0.030940200922381464,1.1857582747470415e-09,2.7605530702714732e-05,7.674415780648417e-05,1.1586158788879976e-07,7.545642961761184e-06,0.9654902130129966
7,0.0025546098677532796,0.0010592914918558572,7.660508717395011e-05,4.794051505265077e-05,7.86628261207827e-06,5.121739948690804e-10,2.953126732819667e-05,0.0008774145036414928,0.00017654963691632127,2.6875429122515512e-05,6.357947506359102e-08,6.533080211281241e-05,1.9697349414888136e-08,2.155433151727956e-05,7.979904562572921e-05,3.1705586782895726e-07,4.078847110421138e-05,4.121543153504278e-08,0.02324164205749882,2.144779457411493e-09,1.6960189409063504e-05,6.120712448175776e-05,7.272145256205299e-08,1.7851598449466597e-05,0.9715976653718147
8,0.0011457155289825575,0.00039379850385340534,2.4307267494923167e-05,3.8507388867878364e-05,5.48444766900923e-06,2.2252218463496968e-10,1.0038656242693709e-05,0.0005561560962533472,3.6477680508296926e-05,2.42677675257555e-05,9.086900610884498e-09,2.7096055577801018e-05,4.393687949854981e-09,1.4534075186860544e-05,4.646003783255058e-05,4.777158051728937e-07,2.9132264832837363e-05,1.3409934445553703e-08,0.01314131695277038,7.74735635379099e-10,1.6825350337872183e-05,3.189154185400216e-05,1.0378541926420786e-07,8.84427783899175e-06,0.9844485367173657
9,0.0012177912031492394,0.0006046423619416473,5.174051348718508e-05,4.625165829537285e-05,7.1733531042813555e-06,1.907382468920468e-10,1.2216558549361742e-05,0.0006473083507712924,7.28659897579993e-05,2.4888014542354357e-05,1.2967867930365324e-08,2.7825393941728185e-05,9.954872642191953e-09,1.360098445437481e-05,4.1231102365689864e-05,2.777251844719678e-07,3.0302741349574413e-05,1.553241839916721e-08,0.01156258729364847,1.0137599869815216e-09,1.225513909612992e-05,2.2693163241523422e-05,5.670022380181292e-08,1.666402157663465e-05,0.9855875880716616
10,0.001715182841508457,0.0005561012751504789,3.488774226192718e-05,4.066659487502969e-05,9.798077854230289e-06,6.260925497245089e-10,1.3701454333238037e-05,0.0007587873350850371,8.753389190249269e-05,2.832940112764124e-05,3.1001259280433214e-08,6.389115347799294e-05,6.5138315603455625e-09,2.3761040683218196e-05,8.605348931265891e-05,5.839309442550279e-07,3.8230005299699344e-05,2.7310805145882922e-08,0.030940200922381464,1.1857582747470415e-09,2.7605530702714732e-05,7.674415780648417e-05,1.1586158788879976e-07,7.545642961761184e-06,0.9654902130129966
11,0.0017817641676493418,0.0005981028426772044,3.761731236141172e-05,4.321687206311997e-05,1.0246896241933724e-05,6.554856699058813e-10,1.4522221716664382e-05,0.0007769768014109555,9.068058295341616e-05,2.9488954511422697e-05,3.305192311187474e-08,6.799524550712268e-05,7.72354559146506e-09,2.5346642829331152e-05,8.549163716808147e-05,5.835139198184638e-07,4.034443121095481e-05,3.0049470034662425e-08,0.030076082784549506,1.3131756691921474e-09,2.727293966528739e-05,7.923266416274381e-05,1.2091443647926018e-07,8.248756312954587e-06,0.9662065910250521
12,0.0033592595897614114,0.0010818384733937863,2.4015414869838807e-05,9.033689377648019e-05,5.460099392794866e-05,1.8968857754431595e-09,7.448534597409384e-06,0.0005378553215959188,5.648320910139359e-06,4.726025819331152e-05,3.11317225212533e-08,0.0004910150322477696,1.4446397628131682e-08,0.00020432902887667075,5.665220970354865e-05,1.2862235912495702e-06,0.00022837934742102743,2.998321101584923e-07,0.015195157826968743,1.1608217527482888e-09,8.431564767621353e-05,0.0006636692562855762,1.976535614659405e-06,1.2879563962491075e-05,0.9778517270586881
13,0.0013539478128421433,0.0006025427639707571,2.728206820242525e-05,4.200205401679558e-05,8.604625984452905e-06,5.646020312026985e-10,1.3082283171261717e-05,0.0007042169545040181,7.635546521300756e-05,3.7491855611699225e-05,2.0309075766662194e-08,3.823061611341031e-05,6.0762525961554825e-09,2.0021217795140684e-05,6.943800944714034e-05,5.917780593118006e-07,3.020487206341841e-05,2.5264247362100047e-08,0.026885855700616676,1.0926499165814335e-09,2.3772440107710487e-05,6.396833168478403e-05,1.1209497248716404e-07,7.969191434194627e-06,0.9699942565573614
14,0.0006466820015713932,0.007551187332118936,5.0552821205827826e-05,0.000133925854328296,4.30087648256016e-05,1.5062175263998717e-09,2.0055059804267316e-05,0.001635826892824508,0.0003595643863946521,0.00037440061925072144,5.4057809687535004e-08,1.806570501247637e-05,3.771997498208796e-08,3.2190877565861323e-05,8.706204013413537e-05,3.8663102702688613e-07,3.2285837670627755e-05,7.556059788330137e-08,0.05273548152610907,2.1320522914657388e-09,4.8935646932233266e-05,0.00010525929556839607,7.688510752232768e-08,3.0454946233394716e-05,0.9360944258996626
15,0.001715182841508457,0.0005561012751504789,3.488774226192718e-05,4.066659487502969e-05,9.798077854230289e-06,6.260925497245089e-10,1.3701454333238037e-05,0.0007587873350850371,8.753389190249269e-05,2.832940112764124e-05,3.1001259280433214e-08,6.389115347799294e-05,6.5138315603455625e-09,2.3761040683218196e-05,8.605348931265891e-05,5.839309442550279e-07,3.8230005299699344e-05,2.7310805145882922e-08,0.030940200922381464,1.1857582747470415e-09,2.7605530702714732e-05,7.674415780648417e-05,1.1586158788879976e-07,7.545642961761184e-06,0.9654902130129966
16,0.0017495779349715878,0.000557711263887521,3.708592692434812e-05,3.9885382690356504e-05,1.017337238972253e-05,6.152909227076969e-10,1.3713886655834156e-05,0.0007522916663852839,9.169614073091551e-05,2.652889611334215e-05,3.163794110135068e-08,6.481944739434912e-05,6.832802644679207e-09,2.3997801689153624e-05,8.955222099932172e-05,5.627439175799511e-07,3.875561508394719e-05,2.5920208109459272e-08,0.031030223637770797,1.1693231758213641e-09,2.5674430319098594e-05,7.513829421045693e-05,1.1421513923192331e-07,7.747040442959915e-06,0.9653646839067184
17,0.0015713548221889014,0.0004539009048440647,3.229952265668295e-05,5.354064422722289e-05,9.630790268392903e-06,6.118103003576493e-10,1.2303668334075559e-05,0.0006304207619694153,5.2607344236280167e-05,2.6198329096789302e-05,2.687540118283925e-08,7.560075285225648e-05,6.6283670558907e-09,3.212073593649549e-05,5.322225353166605e-05,5.674721892840078e-07,3.336166069924692e-05,3.4579009658486644e-08,0.021499471951038865,1.2592058690138974e-09,2.8584010417012518e-05,6.634273685796066e-05,1.50789098764048e-07,6.328778429700124e-06,0.9753619221173327
18,0.0004916117683541009,0.000807720640639347,0.00011420468550174981,0.00010409480489971916,8.199413387975602e-05,1.0080629736587235e-08,3.0072254199716875e-05,0.0017298471802332785,0.0020362001497251504,0.0001067133687861238,2.0114602030155197e-07,3.2005485885753455e-05,1.1022283207627967e-08,6.90552327032091e-05,0.0005467018015056243,2.7198895543880737e-06,7.980999376968833e-06,9.058671798107828e-09,0.23453395615744593,4.072283160606272e-09,5.6511117693748486e-05,6.120066166542086e-05,1.4412565183937255e-07,3.45631773450802e-06,0.7591835738446756
19,0.0017649010046831186,0.0007451856886769802,7.657164798522361e-05,6.204502640751388e-05,2.043539124124947e-05,8.788812090872745e-10,1.5633137452239417e-05,0.0010853350378991359,0.0001594275648730572,3.961798613491849e-05,4.337213538175816e-08,0.00010790380155350665,1.3957959858383419e-08,3.974580641225793e-05,8.742850890701063e-05,6.061129897922476e-07,4.615353181358952e-05,3.352422581066666e-08,0.03745920766665212,1.9383286587681747e-09,3.0024299059248573e-05,9.460463029697984e-05,9.713165894008288e-08,9.810101941227579e-06,0.958155172251831
20,0.0017565514297440419,0.0007323567124834653,3.0552374342193624e-05,4.188973414408342e-05,1.2876861973105398e-05,6.756919148752386e-10,1.2650224787545795e-05,0.0013069861435415155,9.612806246976891e-05,3.9465693849309194e-05,3.10946430302336e-08,7.559244994504364e-05,6.541220022394144e-09,2.3335303327464023e-05,0.00013872153720138674,7.055906339671917e-07,7.164677755316917e-05,3.1726733876201355e-08,0.04310790606801403,1.3761236351711112e-09,4.0692685643852217e-05,0.00016763331998361457,1.5313067152466303e-07,9.642728136301152e-06,0.9523344417571421
21,0.0022025446205807993,0.00039233293014074195,4.456477996710807e-05,4.732973751443367e-05,8.443097824143106e-06,7.119874201368823e-10,1.8168617714355144e-05,0.0006010168762257043,6.306713685450606e-05,2.80819624123119e-05,2.9352066572902134e-08,0.00010889282579202774,8.490575421831487e-09,3.5308592127625775e-05,5.4780837761155384e-05,8.713920061244122e-07,2.9867123201357198e-05,3.345463584030222e-08,0.023918564363999674,1.591405057617784e-09,2.833631705211264e-05,6.0842726185526776e-05,1.3665795632871832e-07,6.485991542901483e-06,0.9723502898124707
22,0.0024561869565900875,0.0005321294603071808,4.31261192520499e-05,4.6272450171886734e-05,1.0439268513161505e-05,8.270426871873911e-10,1.625432813842497e-05,0.0009578411178572245,7.925652723919817e-05,2.878543040996916e-05,4.961369373525577e-08,0.00010614773397743462,6.200818805904129e-09,2.898039338739943e-05,8.670250216902123e-05,7.734602015838396e-07,5.734498201294234e-05,4.9836871640696085e-08,0.03371209181884293,1.66490249360312e-09,4.549454767327155e-05,0.00011506539510037888,1.5234157502584022e-07,8.387792960229617e-06,0.9616684592302913
23,0.001715182841508457,0.0005561012751504789,3.488774226192718e-05,4.066659487502969e-05,9.798077854230289e-06,6.260925497245089e-10,1.3701454333238037e-05,0.0007587873350850371,8.753389190249269e-05,2.832940112764124e-05,3.1001259280433214e-08,6.389115347799294e-05,6.5138315603455625e-09,2.3761040683218196e-05,8.605348931265891e-05,5.839309442550279e-07,3.8230005299699344e-05,2.7310805145882922e-08,0.030940200922381464,1.1857582747470415e-09,2.7605530702714732e-05,7.674415780648417e-05,1.1586158788879976e-07,7.545642961761184e-06,0.9654902130129966
24,0.0012032953141999923,0.0007589438951867912,3.595710324629816e-05,6.672973822310037e-05,1.434982285048443e-05,7.929107003220794e-10,1.2780708558875696e-05,0.0007169292263815975,7.855944795400433e-05,4.505196470965561e-05,2.9043224991444176e-08,6.112812225869734e-05,9.515432921231647e-09,3.780618092602607e-05,5.9361099398417614e-05,5.676857741484015e-07,2.9861313525351196e-05,3.606792625701402e-08,0.029162461756812523,1.4333789145649465e-09,3.163196676904952e-05,7.432857678529979e-05,1.2680886649614642e-07,6.8955106859853585e-06,0.9676031569040136
25,0.0028750408899556683,0.0005035620334050367,5.706421199802562e-05,7.836484271451233e-05,1.0733956717844174e-05,5.241937794348053e-10,2.6145984301989004e-05,0.0018000611704904821,8.55273031293512e-05,2.6219648457357087e-05,7.326913683855147e-08,0.00014692185398720934,1.096555087048259e-08,2.7029252439687082e-05,7.328103587440027e-05,6.240456458036233e-07,7.569707295921181e-05,5.429677903155107e-08,0.03793552057865591,2.5001384020884664e-09,4.3761563432776756e-05,8.632835243676352e-05,1.7403697833956718e-07,1.3524136099354613e-05,0.9561342764745213
26,0.003671502556344792,0.0006602351811360374,5.6335888204524126e-05,4.050526032381896e-05,8.312721323773048e-06,3.2182478707974847e-10,1.6120855440792863e-05,0.0010726026559552007,7.846417487089317e-05,2.1688965251426097e-05,3.3584459238880135e-08,8.329230203337101e-05,1.2089783912287646e-08,1.3498463039959828e-05,6.375286245535734e-05,3.3242294775281547e-07,0.00010040881272873086,5.069482271026608e-08,0.017546079161586466,1.287002615939333e-09,1.9236601385771026e-05,7.21799467137862e-05,1.032300263985666e-07,2.6568968055739178e-05,0.9764486809922822
27,0.0015552335889986002,0.0004651761931395846,2.393768816944811e-05,2.4907475276908372e-05,6.24323415928668e-06,6.707348183706443e-10,1.1346100283637427e-05,0.0007040002529418861,0.00011446835661375054,2.636367007594897e-05,2.2671414553144078e-08,3.987138728666914e-05,3.751937730207352e-09,1.4464282339312561e-05,0.0001176382073990336,6.115786964921672e-07,3.0934959712194595e-05,1.9300091135288073e-08,0.030825746556370333,1.0652540895915581e-09,2.2736235870678102e-05,8.873706027258795e-05,8.991514402921278e-08,5.663228211461456e-06,0.9659217825696058
28,0.001715182841508457,0.0005561012751504789,3.488774226192718e-05,4.066659487502969e-05,9.798077854230289e-06,6.260925497245089e-10,1.3701454333238037e-05,0.0007587873350850371,8.753389190249269e-05,2.832940112764124e-05,3.1001259280433214e-08,6.389115347799294e-05,6.5138315603455625e-09,2.3761040683218196e-05,8.605348931265891e-05,5.839309442550279e-07,3.8230005299699344e-05,2.7310805145882922e-08,0.030940200922381464,1.1857582747470415e-09,2.7605530702714732e-05,7.674415780648417e-05,1.1586158788879976e-07,7.545642961761184e-06,0.9654902130129966
29,0.001715182841508457,0.0005561012751504789,3.488774226192718e-05,4.066659487502969e-05,9.798077854230289e-06,6.260925497245089e-10,1.3701454333238037e-05,0.0007587873350850371,8.753389190249269e-05,2.832940112764124e-05,3.1001259280433214e-08,6.389115347799294e-05,6.5138315603455625e-09,2.3761040683218196e-05,8.605348931265891e-05,5.839309442550279e-07,3.8230005299699344e-05,2.7310805145882922e-08,0.030940200922381464,1.1857582747470415e-09,2.7605530702714732e-05,7.674415780648417e-05,1.1586158788879976e-07,7.545642961761184e-06,0.9654902130129966
30,0.001715182841508457,0.0005561012751504789,3.488774226192718e-05,4.066659487502969e-05,9.798077854230289e-06,6.260925497245089e-10,1.3701454333238037e-05,0.0007587873350850371,8.753389190249269e-05,2.832940112764124e-05,3.1001259280433214e-08,6.389115347799294e-05,6.5138315603455625e-09,2.3761040683218196e-05,8.605348931265891e-05,5.839309442550279e-07,3.8230005299699344e-05,2.7310805145882922e-08,0.030940200922381464,1.1857582747470415e-09,2.7605530702714732e-05,7.674415780648417e-05,1.1586158788879976e-07,7.545642961761184e-06,0.9654902130129966
31,0.001824026711754975,0.0007638653967709132,4.961849192544556e-05,6.168241625507296e-05,1.3906161787713982e-05,3.573005455446419e-10,1.1894261228072324e-05,0.0011986025573761066,6.973993988276262e-05,3.850787013494331e-05,2.0374972201201093e-08,6.98678600983898e-05,1.1490745235856733e-08,2.5291973251079502e-05,4.439618896264179e-05,4.487973313453144e-07,5.360700311556263e-05,3.580543470635655e-08,0.02688404296668896,1.4107526698416702e-09,2.472000150781087e-05,6.806351956583872e-05,9.284037030019938e-08,1.417092475630138e-05,0.9687833846780305
32,0.0017091272154850469,0.0005421422532829065,3.392501460130686e-05,3.831727580950183e-05,9.779620634189543e-06,6.54541121576072e-10,1.3552449477014888e-05,0.0007909877769587747,9.665040428511747e-05,2.9092196693480207e-05,3.018182028161855e-08,6.291654181185925e-05,6.104066204874739e-09,2.3590225842606175e-05,9.494494301315216e-05,6.470796805170034e-07,3.7934423933013585e-05,2.4937523170409028e-08,0.03634867753856991,1.2002895872688531e-09,2.877464352359775e-05,8.20142055931966e-05,1.1118958586949186e-07,6.852550897183226e-06,0.9600498993720814
33,0.003273878839622982,0.0016192161169731848,3.934940679084705e-05,6.030059444100318e-05,2.6889573638080206e-05,9.723967996062652e-10,1.613160761661074e-05,0.0014124797237005805,5.505088087084449e-05,5.531458848255265e-05,4.260092710166132e-08,0.00016402042319182017,1.7796518056718903e-08,6.077109683406156e-05,0.00012217030740534288,9.050586847309354e-07,0.00014991647189803155,8.609208168537924e-08,0.05149093251023562,1.903369043215043e-09,4.601866297254352e-05,0.00044395312502651477,3.352948659321157e-07,1.6264233401332047e-05,0.9409459521180548
34,0.0018716115546033906,0.00033742229462350494,4.548271224773634e-05,1.3014333996257712e-05,4.1654172542991205e-06,6.575775134800998e-10,1.5536044988671142e-05,0.0005650656544934031,0.0005930786184042562,1.791085025234121e-05,2.317598244368859e-08,2.5549754204291284e-05,3.746884640699223e-09,1.0709730419180919e-05,0.0001459350048479123,5.34836095646323e-07,1.0528405474341425e-05,6.638449645126203e-09,0.06012972480132887,9.272437254153496e-10,1.1681404472496774e-05,3.7102129895927244e-05,1.8467409982600313e-08,3.296224471450073e-06,0.9361615966143781
35,0.0016138140705493507,0.0006465485632284417,4.5090429115730834e-05,4.430679165341449e-05,1.6542578730212843e-05,9.39713845524772e-10,1.645309805284844e-05,0.0006305078729709904,8.548919359812688e-05,2.764800313858582e-05,4.332420690118559e-08,7.417168236586864e-05,7.65978803480157e-09,4.182638612225603e-05,0.0001486521042991437,8.589692446301602e-07,3.9103231951457365e-05,2.315494416663618e-08,0.03442183673002776,1.1281562590412828e-09,3.3833193321694136e-05,8.485621483931245e-05,2.0684239363315145e-07,7.96898400857324e-06,0.9620202088535789
36,0.0012045899561621948,0.0007995829021911668,2.721958532551734e-05,5.789327826497299e-05,7.907370575876672e-06,2.1208203234057713e-09,2.62097629414351e-05,0.000494861733500532,0.00010689510087796097,4.6923813453213356e-05,7.936948680828139e-08,2.747009165749671e-05,4.858626318649893e-09,2.743182272075985e-05,9.153502312240914e-05,6.620647430673006e-07,1.327218260185659e-05,6.489603819707032e-08,0.019539778555008356,1.6652666933434451e-09,4.071894670855968e-05,6.729524280683841e-05,2.1103469712808017e-07,7.069787342584067e-06,0.9774123188350596
37,0.004836904920681455,0.0005050902410372811,5.779058416693612e-05,2.9636215188147726e-05,6.986066313135664e-06,3.507676311060335e-10,1.7694851865825693e-05,0.0005287003604643126,4.526308955866497e-05,1.2783962127007092e-05,3.246962535626867e-08,0.00013283936881726315,8.045405063720552e-09,3.217140619816261e-05,4.6881230762764055e-05,4.191120104740395e-07,4.91133780277215e-05,4.369520510402568e-08,0.021083078081114714,9.804097981203177e-10,1.9290241565349968e-05,7.78872228046291e-05,9.105496452472027e-08,1.0080321248262484e-05,0.9725072127496703
38,0.0027746457950834813,0.00038252051215215686,2.9146180479177496e-05,2.198032728583408e-05,5.6450213761661216e-06,1.4278585333825904e-09,2.8488681443112034e-05,0.00048481137917085745,9.214794405446421e-05,2.2885900286163997e-05,5.184534819976011e-08,6.786385973295032e-05,3.4974794025647215e-09,2.6796200549007016e-05,0.0001778364845889813,1.4966259786951347e-06,2.5025409681064984e-05,2.7968616455847662e-08,0.038580726839869926,1.237558177576164e-09,3.567341248876692e-05,0.00010530805027108821,2.0446689721622615e-07,5.059992609995798e-06,0.9571316509391401
39,0.0015649449310018936,0.00029011414141106673,3.1723856142299125e-05,4.522245349463982e-05,1.0048537214541275e-05,7.594330528769791e-10,1.1550938895378329e-05,0.0010765609275671356,8.41021646582514e-05,3.077437224537624e-05,2.8736695579815086e-08,8.447940146109543e-05,3.795100542943845e-09,2.1899346395424597e-05,7.743056359351117e-05,1.0656003659624342e-06,3.61625336257843e-05,2.394698771771691e-08,0.04390616317252488,1.4867072084550221e-09,4.6042110865994056e-05,6.930782087263256e-05,1.248148954430897e-07,4.817432734790886e-06,0.9526074061551097
40,0.003992503263206025,0.0005714668437575226,4.244161935476216e-05,1.776546753703388e-05,7.63421134419091e-06,8.469652618594749e-10,1.5102623114945554e-05,0.00048027248065806,8.09952018254585e-05,1.554961425906365e-05,3.764301057177278e-08,0.0001222803123386206,4.547376402137841e-09,3.537624335627341e-05,0.00011871256680082772,6.677610399964957e-07,4.267083246439115e-05,3.503099230734673e-08,0.034742870973214324,1.016908599579959e-09,2.693655464917375e-05,0.00019858245639368835,1.0022537600957047e-07,5.296485301985074e-06,0.9594826951787544
41,0.0006811297695071555,0.0006862057578702973,8.792428893010659e-05,2.9847458516793436e-05,2.543834977958533e-05,1.2305022345143784e-09,9.540181495765562e-06,0.0005989500259608629,0.0006167197127285985,4.610479588766509e-05,1.8471877289633647e-08,1.7939419887486555e-05,6.566462099553522e-09,2.51325005466495e-05,0.0002124065378814128,7.620988233534421e-07,1.1068730191320987e-05,5.142754767977302e-09,0.04298143935356283,9.031127793178201e-10,1.7515166819509403e-05,3.337188232447219e-05,3.461571737583171e-08,6.207923023460435e-06,0.9539122291158361
42,0.0020802199740871294,0.0004948342152589446,2.4121805338282672e-05,2.5450874123363938e-05,8.072672560478494e-06,6.265667436881461e-10,1.404792062121929e-05,0.0017563123964581772,0.00011261557527133726,3.7590004459360186e-05,2.6758779655471414e-08,6.840799120491163e-05,2.928976180417884e-09,1.5757662768514334e-05,0.00020972321098317948,1.5459199295930765e-06,7.439353330689179e-05,1.7374516668354907e-08,0.09201123421931685,1.5459514149184987e-09,5.2068507595644184e-05,0.00022826066817659396,1.3673643908129573e-07,5.930403935870939e-06,0.9027792264733738
43,0.0010153493260647056,0.0006149272726713953,1.6499259406398115e-05,5.1728190319895406e-05,1.6357449395633116e-05,1.4787616211384397e-09,1.0050124174334959e-05,0.001632984850725745,0.00012096364080786363,0.00010280146504110038,2.672869252556069e-08,4.312277408883442e-05,3.44625657129635e-09,1.8693818845266917e-05,0.0001473779598037888,1.5355172877591385e-06,4.768149210313018e-05,3.0357008392693515e-08,0.0711139073690231,1.3721227788975827e-09,8.325276820903432e-05,0.0001591693910300293,1.7505092818946144e-07,6.100035364799947e-06,0.924797258861867
44,0.001715182841508457,0.0005561012751504789,3.488774226192718e-05,4.066659487502969e-05,9.798077854230289e-06,6.260925497245089e-10,1.3701454333238037e-05,0.0007587873350850371,8.753389190249269e-05,2.832940112764124e-05,3.1001259280433214e-08,6.389115347799294e-05,6.5138315603455625e-09,2.3761040683218196e-05,8.605348931265891e-05,5.839309442550279e-07,3.8230005299699344e-05,2.7310805145882922e-08,0.030940200922381464,1.1857582747470415e-09,2.7605530702714732e-05,7.674415780648417e-05,1.1586158788879976e-07,7.545642961761184e-06,0.9654902130129966
45,0.002579679739868366,0.0006865629763466622,7.020810764141106e-05,4.29683292401423e-05,1.794127612078257e-05,7.525204945799816e-10,2.6238486085216893e-05,0.0017506320431488888,0.00021982024464503382,3.640023868440945e-05,4.645767413192623e-08,8.730300411535536e-05,1.3213838828397132e-08,2.697200924890132e-05,0.00021000919701332733,1.029228936662948e-06,6.494784971900494e-05,1.8703047019793496e-08,0.0666568134626484,1.8494049685364977e-09,2.6257941183131166e-05,0.00010943644477264699,1.3652047897335102e-07,1.5072477186477556e-05,0.9273714894464307
46,0.0021974633216950185,0.0005718627985048199,3.410342971447647e-05,4.2002546805030944e-05,1.0043518693763354e-05,4.676761209024187e-10,1.209326083016739e-05,0.0009607092569988178,6.736530842880713e-05,2.5508356666204187e-05,3.136851448619433e-08,8.45711381525427e-05,7.4050429340391e-09,1.978411878903297e-05,8.637789671749198e-05,5.279439122102821e-07,7.373096202454813e-05,3.320301374365141e-08,0.02931613438125627,1.199323277256666e-09,2.9899585140754805e-05,9.279704518543227e-05,1.3433482479083627e-07,1.0685426568148898e-05,0.9663641317255212
47,0.005869787815127966,0.00040280517285783796,2.8604219290250972e-05,1.5030402610404034e-05,3.4993785209025114e-06,4.018513287793183e-10,1.3560371245968733e-05,0.0005831225166205084,4.174867433885495e-05,1.3376269544505714e-05,2.5661031134937435e-08,0.00016402248664285426,4.099487268342666e-09,1.623058167837079e-05,7.181682126631265e-05,6.210474026361473e-07,7.345970986820777e-05,4.409543914511338e-08,0.025381569999081997,1.1068682594317652e-09,2.408881095645206e-05,0.0001840242410554165,8.998540621674253e-08,6.689903488111357e-06,0.9671057762283192
48,0.0024845697377651964,0.0011704638989289747,1.8503455773861197e-05,4.1310855695897355e-05,9.904648202557888e-06,2.906867239655839e-10,1.6028060991985977e-05,0.0020266248578178023,5.504501417409941e-05,5.176383622963371e-05,1.940986835276535e-08,5.994037916705633e-05,9.61254070497037e-09,1.7635418942852374e-05,0.00013123864753197665,7.580611144737527e-07,0.00016360330585746824,3.078078468916772e-08,0.07053985600626328,1.2256084427656026e-09,3.537180075846934e-05,0.0002269002356476544,1.9770585005914404e-07,1.6871213710581456e-05,0.9229333515400873
49,0.002269602657782427,0.0005553989748329997,5.1204086669676176e-05,4.616709545024112e-05,1.5264683388941317e-05,1.141598553782021e-09,1.4816569442632972e-05,0.0008774279824570115,0.00010181631195957367,3.076898953552064e-05,4.791899520450506e-08,0.00014305655623178662,8.781443169330173e-09,3.85252564970413e-05,0.00010256733022461249,8.243172116932939e-07,5.204028144766418e-05,4.2372314025746114e-08,0.03633992736156376,1.7930116579203184e-09,3.699526120460021e-05,0.00013516810991780442,1.545838917398582e-07,7.206319243687266e-06,0.959180965263684
50,0.0026274478798154967,0.00047478322406722186,4.6151759889731975e-05,4.120601951851714e-05,1.2510590001435644e-05,3.781964636712458e-10,4.911481422933476e-06,0.0007161739000243627,3.96709834537406e-05,6.079825970174437e-06,1.0906585304251088e-07,0.0002688764725912624,7.664492031077854e-09,1.3271518750123544e-05,0.00010966778905577702,1.4325456012954259e-07,0.00022551757210947864,7.204045965409266e-08,0.00929934449801026,9.155407029964404e-10,3.7977887835903265e-05,7.43892663309032e-05,1.9513802204511812e-07,1.7182129171041436e-05,0.9859843087448577
51,0.0018296016682690602,0.0008844564042549939,3.911896828800562e-05,8.645721361859027e-05,1.0843161271843108e-05,9.202452238498886e-10,2.34108209753822e-05,0.0011151141089327267,8.655335506719213e-05,5.524800125373204e-05,5.429723573417733e-08,8.643395117101998e-05,9.991094063425526e-09,3.7555200040910454e-05,5.406781518825826e-05,4.688869016752431e-07,3.844555808972627e-05,9.798143517676007e-08,0.027942636875026315,2.0541252206470877e-09,5.214694787982358e-05,0.0001244367633605467,1.4389394344793554e-07,9.932227363453625e-06,0.9675227629349679
52,0.002711320556259701,0.00067141135172822,3.539056497625599e-05,4.716698236155826e-05,6.4041224564514e-06,5.293009683845004e-09,3.3269768101891094e-05,0.00047401622703933043,0.0001605813774699705,4.747783987161516e-05,1.166285143442454e-07,7.068966597679797e-05,8.586520119303152e-09,3.374859572443131e-05,9.500843231221682e-05,8.206269495015835e-07,2.0205171809435342e-05,2.206092413486415e-07,0.015021747867887694,3.3768046301491542e-09,3.8605052178904386e-05,0.00016890849318584384,2.459287040561821e-07,7.69876796522566e-06,0.9803549281129509
53,0.001717791790813416,0.0003552887299579067,2.990968211031315e-05,2.7300350751100933e-05,2.4908595399628694e-06,6.981949373965564e-10,3.772802210073232e-05,0.0004786578725049624,0.00011076700747957083,1.945161275143938e-05,4.158378275866696e-08,2.8698758139187028e-05,4.307349876552953e-09,1.3993008899418965e-05,0.00011815046404530703,8.182829280643773e-07,1.7080021924422516e-05,2.0340028380421682e-08,0.018680101053414482,1.8053041580881502e-09,1.68792055381186e-05,4.8199663650178144e-05,1.5392535054713365e-07,6.792385751299703e-06,0.9782896785676896
54,0.00105914158238914,0.0003425932101439179,1.721955085898447e-05,1.6642286394808497e-05,2.29127372156836e-06,3.6563687698988696e-10,1.1981399751928636e-05,0.0001802642825832469,4.930920821444628e-05,1.7203664622907505e-05,8.450744516905102e-09,2.3091956801381742e-05,2.7025436634331513e-09,1.9698992914099573e-05,4.847689904857085e-05,5.080699193583166e-07,7.402879168720624e-06,9.09613701784565e-09,0.014435097257599581,6.456516309511032e-10,1.0453189020990818e-05,3.570864193245746e-05,5.559169967598228e-08,2.218511976164862e-06,0.9837206202905243
55,0.001999259367010434,0.000450062021635378,4.3114837850963286e-05,3.457127108627733e-05,5.574475951201528e-06,3.772729185595142e-10,1.1953060121775558e-05,0.0005851896152802046,0.00010433019675756177,1.773262022990294e-05,2.7864340618557853e-08,7.63615755602935e-05,8.735287824380053e-09,1.556932766988564e-05,4.2899819603579026e-05,2.5030517710324595e-07,2.918917953491407e-05,3.0722437776066534e-08,0.01811889396612679,1.2081124857103036e-09,1.4343372155102164e-05,4.4360992443155016e-05,4.725413638155302e-08,7.308286053048515e-06,0.9783989195481645
56,0.0018054561317894994,0.0006149541184241511,3.897605764620436e-05,4.336359161716254e-05,1.06350907368128e-05,6.588862482527909e-10,1.4619601794927557e-05,0.0007986526537526251,9.575441032482623e-05,3.0149703885583292e-05,3.33514099979095e-08,6.809270928611102e-05,8.146710655074476e-09,2.512686640985296e-05,8.855154193204419e-05,5.883648605939845e-07,4.171094194664356e-05,2.980570492228842e-08,0.031134050172349628,1.3316964061646317e-09,2.7183193050837686e-05,7.935288031934935e-05,1.188823767514371e-07,8.62580799422669e-06,0.9650739639850939
57,0.002058386988600515,0.0005322193468036344,5.510483711322021e-05,4.643836855598874e-05,2.0960443493713683e-05,5.806574251572359e-10,8.928217926355723e-06,0.001578672147365848,0.00012421406828193858,3.6428037006885875e-05,2.6922490656305098e-08,0.00015959894325802044,9.15359993023811e-09,2.9974845309036375e-05,9.445511826673915e-05,8.170436546169349e-07,8.877562423541332e-05,2.3957315346012382e-08,0.06834711704785883,1.5140705875932627e-09,4.1255043007564704e-05,0.0001270158107806203,8.284256918247563e-08,7.424661293790741e-06,0.9266420684364842
58,0.001922187276758446,0.0006262459914161541,3.754956352953302e-05,4.2058133040187444e-05,1.0102066082783122e-05,5.399222816058402e-10,1.4573478643550627e-05,0.0008617567537790316,8.3070334875256e-05,2.8921270241610295e-05,3.143688083792991e-08,6.59439070559532e-05,7.760188810783787e-09,2.187614250777792e-05,8.766025321467366e-05,5.482374060526125e-07,5.0313360974582966e-05,3.088617407218183e-08,0.02873723435445868,1.216871892823403e-09,2.74606035924342e-05,8.025906376048328e-05,1.2595057890369267e-07,1.0629468420155065e-05,0.9672914119496258
59,0.002012384039676431,0.0006022723625085298,4.527461315384927e-05,4.2757116562145546e-05,1.0302139733220075e-05,4.93741939762267e-10,1.4972727823378563e-05,0.0008806523487776368,8.471009745838611e-05,2.6842331400200333e-05,3.1682655446253954e-08,6.909015347034714e-05,8.22645265619897e-09,2.1695595104712577e-05,8.234975861393391e-05,5.284540096614339e-07,5.1183929833446934e-05,3.082794849116413e-08,0.02611063701585841,1.2677730273323052e-09,2.6184812403188147e-05,7.173166482020921e-05,1.1604235390941651e-07,1.2025718945501674e-05,0.9698342165789214
60,0.001715182841508457,0.0005561012751504789,3.488774226192718e-05,4.066659487502969e-05,9.798077854230289e-06,6.260925497245089e-10,1.3701454333238037e-05,0.0007587873350850371,8.753389190249269e-05,2.832940112764124e-05,3.1001259280433214e-08,6.389115347799294e-05,6.5138315603455625e-09,2.3761040683218196e-05,8.605348931265891e-05,5.839309442550279e-07,3.8230005299699344e-05,2.7310805145882922e-08,0.030940200922381464,1.1857582747470415e-09,2.7605530702714732e-05,7.674415780648417e-05,1.1586158788879976e-07,7.545642961761184e-06,0.9654902130129966
61,0.0019502238601759696,0.0005881132165801912,4.683909614650503e-05,4.174469790594233e-05,1.0759279500371335e-05,5.33422882186281e-10,1.4357724523138662e-05,0.0008227372266290703,9.012281571930511e-05,2.5687211021162763e-05,3.335247366297923e-08,7.289711932111743e-05,7.986572086630728e-09,2.3262524747683418e-05,8.457385663029176e-05,5.334580085415196e-07,4.717430719364583e-05,2.887900784458577e-08,0.027695120225713372,1.2556943870813157e-09,2.6333021648945037e-05,7.121048521617485e-05,1.0920601789491986e-07,1.0383690296203301e-05,0.9683777449698335
62,0.001715182841508457,0.0005561012751504789,3.488774226192718e-05,4.066659487502969e-05,9.798077854230289e-06,6.260925497245089e-10,1.3701454333238037e-05,0.0007587873350850371,8.753389190249269e-05,2.832940112764124e-05,3.1001259280433214e-08,6.389115347799294e-05,6.5138315603455625e-09,2.3761040683218196e-05,8.605348931265891e-05,5.839309442550279e-07,3.8230005299699344e-05,2.7310805145882922e-08,0.030940200922381464,1.1857582747470415e-09,2.7605530702714732e-05,7.674415780648417e-05,1.1586158788879976e-07,7.545642961761184e-06,0.9654902130129966
63,0.0017319024281523322,0.0006373974493564144,3.410461901741965e-05,3.848552510157568e-05,8.994763966855058e-06,5.908278174017422e-10,1.3850854674605426e-05,0.0007341193722424749,9.030189351798593e-05,2.809799986910731e-05,3.1450818654433963e-08,5.817978242996131e-05,6.904908854461709e-09,2.199227313026587e-05,8.85668552384988e-05,5.205305588190211e-07,3.926897960306649e-05,2.8251939398854673e-08,0.02933898918953098,1.1935319837164572e-09,2.594811141644398e-05,7.928859490499105e-05,1.0882107472938643e-07,8.179475860892297e-06,0.9670216340883259
64,0.0016168065001840193,0.0005158386514964385,3.0260878891861173e-05,4.152923536941315e-05,9.801076531338902e-06,6.199040709517646e-10,1.2221445497493639e-05,0.0008143613157675245,7.603456544909079e-05,2.8952751625745486e-05,3.3120188711535405e-08,6.736869045783893e-05,5.03604004875505e-09,2.187403924779013e-05,8.906358395509534e-05,6.215191405856815e-07,4.193709180481317e-05,2.8841808999849512e-08,0.033205497488344046,1.0995144505005872e-09,3.9377308471193365e-05,7.639840164816694e-05,1.2150425688176395e-07,7.089438240648725e-06,0.9633047757961636
65,0.0012617206415044924,0.00023963629510863335,2.7535059429504205e-05,9.421883344429081e-05,3.895103646454577e-05,3.8475146977705075e-09,6.766125839010539e-06,0.0004946792418833292,2.7958828708025947e-05,4.697690622494396e-05,4.450424605513382e-08,0.00030802392884279406,3.85737341238007e-09,0.00012643170317328602,4.889402276067109e-05,1.911305516376983e-06,2.8892823076503428e-05,8.54708453919203e-08,0.03776834179179801,1.2357923729251525e-09,0.0001389083228917567,0.00011523456876605966,3.813710862861998e-07,1.919423874812815e-06,0.9592224788538347
66,0.001687630129102352,0.0005313669241103565,3.792822120842255e-05,4.3079975111204766e-05,1.0210167231903119e-05,7.10071648909117e-10,1.5029964956951329e-05,0.0008259145440541781,0.00010671859456423925,3.3556074518479544e-05,2.9773967204424862e-08,6.526229857501332e-05,7.081287477257925e-09,2.582975035095963e-05,8.144031775543646e-05,7.089478425275776e-07,3.306283287774138e-05,2.5479333630036652e-08,0.03733659256437988,1.3934576566210524e-09,2.758414817465431e-05,7.539027011725108e-05,1.0434502746241443e-07,6.697393322609282e-06,0.9590558280986007
67,0.0012776728180183149,0.00022738919714840384,2.9203831216050937e-05,3.257221689994938e-05,5.7976244372220164e-06,1.0318832600842213e-09,1.4393078298848543e-05,0.00019182344088446206,2.964716934568342e-05,1.1947582463022332e-05,2.7524548269628485e-08,7.647160099266235e-05,4.255199453604786e-09,4.7033245478014484e-05,8.031184426304305e-05,1.0980206867601386e-06,1.6810033866162136e-05,2.175190787210163e-08,0.012162002762598259,1.278429144335774e-09,2.1901435738110964e-05,4.5610141614101805e-05,3.2700255154281253e-07,2.9691991502791177e-06,0.9857249619123811
68,0.0019601737959462845,0.0002450063766142667,6.9508601004602315e-06,2.6591550991263564e-05,1.3165792577707507e-06,6.975560478239317e-10,8.103107023130392e-06,0.00021518531639021379,1.2193334265188596e-05,8.577386699258194e-06,5.6189412353198326e-08,7.160262826219701e-05,1.611770730458189e-09,7.340067915652743e-06,3.8448552083951345e-05,2.3118227216268567e-07,4.107230732366326e-05,1.5770990786737527e-07,0.003796854743337245,1.0370009138182098e-09,3.625501307736033e-05,7.627048724088505e-05,3.1082526542992466e-07,4.687759118471944e-06,0.9934426108811674
69,0.0009466927379831625,0.00029269621160677724,2.5653284896724796e-05,3.890947555077812e-05,3.076388408170761e-06,1.6631824543280252e-10,9.681510363974431e-06,0.0006723468461149696,5.5724492932989474e-05,2.0328637842740847e-05,1.1134649330596958e-08,2.348463360871249e-05,4.243656699523289e-09,7.177279806831442e-06,3.3841630737698646e-05,3.63479015220913e-07,2.4496498295580834e-05,1.399119092593228e-08,0.013881105008562131,1.2305536076708492e-09,1.490227854575641e-05,1.8191632550892144e-05,5.2527740648286376e-08,7.83886332103604e-06,0.9839234058157463
70,0.0017069737983278106,0.00042812840972021745,3.9492637556473273e-05,3.663282260648404e-05,8.618206250278324e-06,6.8690693378696e-10,1.2740944122447729e-05,0.000461336452609267,6.99775821041377e-05,2.1296608007092977e-05,2.6672017677247474e-08,7.19145623053967e-05,5.879985241810679e-09,3.1592417472709944e-05,6.620276827331946e-05,5.965832287766015e-07,2.605842005065475e-05,2.575409855022e-08,0.022034180855361196,1.128948217577701e-09,2.3365816999290246e-05,6.276464869583507e-05,1.0877829590163368e-07,5.290234105434682e-06,0.9748926673319507
