,0,1,2,3,4,5,6,7,8,9,10,11,12,13,14,15,16,17,18,19,20,21,22,23,24
0,9.989279462250921e-06,9.387029735030389e-05,2.7811540587362403e-05,1.1182364931070773e-07,1.27994527583617e-05,1.0115958553592717e-05,3.824151599362728e-05,2.3125365252794e-06,0.004415390157943423,4.521586037532872e-06,0.0003010424529234862,0.0033848925496807233,4.624941672216339e-08,0.04724578743913739,7.179744748264041e-05,6.25270430740593e-05,0.0012989600380795769,1.016673419401072e-06,1.8970358321019736e-06,5.4900347397530347e-08,4.960056992010673e-05,3.663100969467728e-05,0.00029747015581946295,0.0001267000240497769,0.9425064122622615
1,5.141868533013896e-06,6.333951669101434e-05,2.196650272189859e-05,8.261661759073391e-08,6.253390768654804e-06,2.3086425987169064e-05,2.421581833115439e-05,2.628470765899586e-06,0.018604743536054038,1.9117650898851612e-05,0.0001910560126668901,0.000938946908474864,4.331406147986133e-08,0.08380713615187078,0.00010580165540655613,4.323752072295873e-05,0.00021649701023648376,1.307537050244221e-06,3.193710130158332e-06,9.200558603022588e-08,3.3717640107762574e-05,5.4372292182435195e-05,0.00024543506339600964,9.247270447017507e-05,0.895496114676268
2,3.5657233470564896e-06,5.881258482041668e-05,1.3889971966775025e-05,5.6565160975085835e-08,5.7875595815726986e-06,1.1708802859083474e-05,1.335321490512876e-05,1.9219512791310063e-06,0.011853041034128892,1.0858474344807365e-05,0.00019233881634858347,0.0008635714165750714,2.5552767505381707e-08,0.09409756998059451,0.00010230924446018912,2.1314457954704983e-05,0.00017878531131476183,6.629317654513658e-07,1.50136117792006e-06,6.482517171143873e-08,2.0248189203671742e-05,4.76001486705715e-05,0.000153261603981755,5.6995494481205655e-05,0.8922907547831386
3,6.359365418425582e-06,7.448300638338445e-05,1.833130527931754e-05,7.658666449577788e-08,6.689231721019963e-06,1.8814775104199794e-05,2.0798684583001706e-05,2.548121144739238e-06,0.012695474015376379,1.2254416514195253e-05,0.00026444235508039617,0.001182630482355282,3.8035471520022594e-08,0.08389097939329362,0.0001047064971506397,3.063778531525367e-05,0.0003008626409450806,1.0617507610991451e-06,2.335245866688454e-06,6.70676887868078e-08,3.122267889767371e-05,6.300066170757479e-05,0.0002290717274496859,7.230560102221317e-05,0.9009708085688053
4,6.407435609731173e-06,8.205429055354545e-05,1.9658956960552485e-05,7.673642200870324e-08,7.2741863074065175e-06,1.634672516545012e-05,2.2090687596409606e-05,2.716361592873881e-06,0.013191188196889086,1.2644525622476157e-05,0.0002742696957117368,0.00124554150836648,4.529434480908774e-08,0.10115971666328802,9.354331740928056e-05,2.9343250907072947e-05,0.00029850149129065134,1.1824132274392676e-06,2.3619396227026487e-06,7.722004509833067e-08,3.6944800742605466e-05,6.82739535276451e-05,0.00021963343691566503,7.698506120981117e-05,0.8831331218506714
5,8.317885951597092e-06,8.62761326233846e-05,2.6827855398880816e-05,1.2824130352880468e-07,9.689454581783264e-06,2.4895897068585296e-05,2.615529881150275e-05,3.1247485915638695e-06,0.016743209876037973,1.8393100332179842e-05,0.0003091924750143108,0.001216929605590587,5.394572561150669e-08,0.1155230294658685,0.00010351214669144292,3.666247703011617e-05,0.0003679343508030715,2.1893182384153513e-06,3.1069416405559464e-06,1.0829213873966987e-07,4.727825485640157e-05,6.202525394261786e-05,0.0004015604228242874,0.00011085717181820681,0.8648685413871161
6,6.359365418425582e-06,7.448300638338445e-05,1.833130527931754e-05,7.658666449577788e-08,6.689231721019963e-06,1.8814775104199794e-05,2.0798684583001706e-05,2.548121144739238e-06,0.012695474015376379,1.2254416514195253e-05,0.00026444235508039617,0.001182630482355282,3.8035471520022594e-08,0.08389097939329362,0.0001047064971506397,3.063778531525367e-05,0.0003008626409450806,1.0617507610991451e-06,2.335245866688454e-06,6.70676887868078e-08,3.122267889767371e-05,6.300066170757479e-05,0.0002290717274496859,7.230560102221317e-05,0.9009708085688053
7,2.6032041530340836e-05,0.00011504424094654565,3.872656309103833e-05,9.832463862570586e-08,9.664993144334137e-06,3.271243696829556e-05,4.770568779116668e-05,7.089567527486874e-06,0.014685914167954246,1.577340844145129e-05,0.0007904777880959482,0.0022641279740129787,1.3735885361480823e-07,0.0941285618605244,0.00014652692615832135,4.5877048765078484e-05,0.0004963850789385263,2.4677718116249776e-06,4.1858232845807436e-06,1.1785885177944254e-07,6.688415258933602e-05,0.0001744287064058058,0.00022467259358310626,7.407414830281573e-05,0.8866023134777885
8,4.489241128616145e-06,5.60189891223889e-05,2.422662751030968e-05,6.20410825294263e-08,4.174758916639978e-06,8.791416615051759e-06,4.833811695604174e-06,7.967835285875577e-07,0.008564802902054575,1.2348394418168921e-05,9.261417370824368e-05,0.0006486646463593657,1.9294223214197495e-08,0.06898396212582815,6.140567362581261e-05,2.1735729537149107e-05,0.0002324020104226606,4.173725990692365e-07,6.02976446497927e-07,5.224020708583604e-08,1.0961175793602576e-05,2.21847463309761e-05,0.00022147544609401945,0.00011416642541039459,0.9209087909973412
9,2.1073383940701994e-06,6.252556972523846e-05,2.0325617162903515e-05,5.355549303700263e-08,3.0384123134693135e-06,6.896781723609163e-06,4.568417330529683e-06,9.529783658506836e-07,0.009842909856479527,2.029996028563089e-05,6.53036951939021e-05,0.00046580068568008215,1.7970758074063312e-08,0.10359187835831936,5.411331317475119e-05,2.4843082562371716e-05,0.00015878709024687502,4.88778168388603e-07,8.875077475566817e-07,6.64221028510189e-08,1.3524113433070269e-05,2.1568787092834415e-05,0.00017328997293624267,9.474756037558015e-05,0.8853710041749342
10,6.359365418425582e-06,7.448300638338445e-05,1.833130527931754e-05,7.658666449577788e-08,6.689231721019963e-06,1.8814775104199794e-05,2.0798684583001706e-05,2.548121144739238e-06,0.012695474015376379,1.2254416514195253e-05,0.00026444235508039617,0.001182630482355282,3.8035471520022594e-08,0.08389097939329362,0.0001047064971506397,3.063778531525367e-05,0.0003008626409450806,1.0617507610991451e-06,2.335245866688454e-06,6.70676887868078e-08,3.122267889767371e-05,6.300066170757479e-05,0.0002290717274496859,7.230560102221317e-05,0.9009708085688053
11,6.931611771141205e-06,7.64254198991717e-05,1.9372695623621107e-05,7.827490355103474e-08,7.1320757793422235e-06,1.8276658830983793e-05,2.2787286846303133e-05,2.6610459434275284e-06,0.012827879905874175,1.1921831271355305e-05,0.00027621097054675813,0.0013023478838000418,4.4654300697356515e-08,0.08472489578971684,0.00010271745692715068,3.2690673570398365e-05,0.00031215461136614747,1.1298286139036854e-06,2.387091928083647e-06,7.518407475458967e-08,3.370254928669513e-05,6.743829058824681e-05,0.0002281133110149128,7.999536933479354e-05,0.8998426295281875
12,5.374992528057786e-06,5.994849197031292e-05,1.9554766161408228e-05,5.986873861595363e-08,8.96726263853586e-06,1.397854509746602e-05,1.5970644417161344e-05,1.5514449091960981e-06,0.011628790216611588,9.251002206200619e-06,0.00025373249492069715,0.0009445791597769542,3.051685782266932e-08,0.0916935429271177,7.480746088750168e-05,1.8195927509840946e-05,0.00028222523608156395,8.229969857844721e-07,1.3195477470842735e-06,6.692662986427737e-08,2.9484150451253202e-05,4.4915534762814745e-05,0.00023072069342314433,8.51471959251568e-05,0.8945769619956443
13,7.143509231095243e-06,8.124198229178623e-05,2.3952412448676992e-05,1.0886999762138036e-07,7.199848279440173e-06,3.0063574190488454e-05,2.5688357376159924e-05,2.4624318601011106e-06,0.016529313141435846,1.891193916238137e-05,0.0002172414901488855,0.0010535416542926546,4.505592367468496e-08,0.07883689084542143,0.00011157231789299217,4.419601143708043e-05,0.00036040501023926045,1.464662492446564e-06,3.1380686513119038e-06,8.647641010470805e-08,3.633311101939512e-05,5.770096403335368e-05,0.00037746866305156553,0.00010474661620993615,0.9020690829865022
14,1.042420914150949e-05,0.0004890409117746824,3.340826814141432e-05,1.948475644609855e-07,3.6769487075181295e-05,1.4241177503861744e-05,3.084810545312694e-05,4.682459414698996e-06,0.011270438611117395,2.990069245548506e-05,0.001090738053445278,0.001262553281068848,1.2029561727950353e-07,0.3215221657799023,6.024616978617093e-05,1.9647597116451092e-05,0.0010687654206927304,5.3959783075399275e-06,9.370706559356651e-06,1.119002891994605e-07,0.0003591166584552294,0.00012490695339298797,0.0004103278695940705,0.0001205163007760992,0.6620260682653548
15,6.359365418425582e-06,7.448300638338445e-05,1.833130527931754e-05,7.658666449577788e-08,6.689231721019963e-06,1.8814775104199794e-05,2.0798684583001706e-05,2.548121144739238e-06,0.012695474015376379,1.2254416514195253e-05,0.00026444235508039617,0.001182630482355282,3.8035471520022594e-08,0.08389097939329362,0.0001047064971506397,3.063778531525367e-05,0.0003008626409450806,1.0617507610991451e-06,2.335245866688454e-06,6.70676887868078e-08,3.122267889767371e-05,6.300066170757479e-05,0.0002290717274496859,7.230560102221317e-05,0.9009708085688053
16,6.3547145572526205e-06,7.37413919380506e-05,1.9251536333505042e-05,7.845249658546097e-08,6.901806344914049e-06,1.9713333183865357e-05,2.1124784813347085e-05,2.4790045516325367e-06,0.013232880346852799,1.2792719276325162e-05,0.00025847745493240773,0.0011392975931646563,3.8627261106710924e-08,0.08363835898164573,0.00010305783192304244,3.1258286644853135e-05,0.0003022591462064645,1.0921248720486725e-06,2.3436719065428025e-06,7.061634332030781e-08,3.2033984781180684e-05,6.038238604365358e-05,0.00024539328839897457,7.752964569726502e-05,0.9007130882698305
17,5.35234222657829e-06,7.192753139738878e-05,1.6415607993675077e-05,8.269820921239394e-08,5.0190642222857355e-06,2.2533228830240356e-05,1.694089062012627e-05,2.582720639757435e-06,0.012446670399446788,1.604597884253347e-05,0.00021474563249930065,0.0009649520832885369,3.213072230958641e-08,0.06983223151039245,0.00014357068598444601,3.850049076347245e-05,0.0002652891983056904,9.350329248709422e-07,2.740634760639556e-06,6.60123872951022e-08,2.336866199536183e-05,6.012752179514945e-05,0.00022145110210529186,6.238248710234967e-05,0.9155660363525442
18,0.00013245411252570146,0.00037463244448380785,7.444062886396193e-05,1.9590918310024485e-06,8.373262290808757e-05,0.0004678870473982648,0.0001269868348142922,4.10002111747698e-05,0.12912202633471875,0.00011919184863670194,0.0032870911801616692,0.002931304706943107,5.10629590065672e-07,0.20343116666845518,0.0006623873331418085,7.008627229146896e-05,0.0007486146804136471,2.169583642336569e-05,2.254037116652652e-05,4.3097973996868585e-07,0.00012262338001047156,0.0007524486446009111,0.0013016292659051637,0.00017037200888439708,0.6559327868649169
19,4.528884388736171e-06,9.422518519005586e-05,1.4955479451155406e-05,1.2526280213009322e-07,7.753043068304406e-06,2.655299027449968e-05,1.9951659559374692e-05,2.3823798750689237e-06,0.01858474701712188,1.8453860620431986e-05,0.00017101440550207909,0.0012182457101244145,3.602214350783773e-08,0.08148172815108014,0.00013695812115311544,3.428501936605207e-05,0.00024476795191763067,7.862020212866111e-07,2.3939863432761213e-06,7.240077400220803e-08,1.821421368777751e-05,7.331283366539382e-05,0.00021419546193117113,7.553604057468064e-05,0.8975547777173638
20,5.963439207466438e-06,0.00010364360686611413,1.3336466388971267e-05,7.724866216023669e-08,6.671660251760295e-06,1.9309860731050562e-05,1.8848251464249654e-05,4.082795750016366e-06,0.014696031729674026,1.5802299332292316e-05,0.00034516255211272087,0.001133970059126543,4.629664136097815e-08,0.11520180719644461,0.00014929503071851248,2.551029112675869e-05,0.00025320599001649353,9.592644929311258e-07,2.9612810561245852e-06,7.615328218244545e-08,3.08824181716929e-05,0.00013737516842405063,0.0001486344021928601,4.646380093730861e-05,0.8676398827369277
21,9.549735944540045e-06,6.752339196377521e-05,3.694261867182002e-05,6.743764415630069e-08,5.856181601688233e-06,7.314660782712593e-06,2.010865520949033e-05,2.655463981948496e-06,0.008789703176689466,9.133417270894079e-06,0.00024495036322813487,0.0019126694506098843,5.8017491841167056e-08,0.1254577668127588,4.428803023512919e-05,3.704751190312982e-05,0.00036932683997899777,1.7733617648923982e-06,1.3687508030371243e-06,8.384833773481649e-08,4.51652588329615e-05,4.088641046447388e-05,0.0002132738669976172,0.00011457662654380942,0.862567910110289
22,1.4810346328921332e-05,0.00012299041900374206,4.318003632088086e-05,1.3339587129584494e-07,8.443622489477589e-06,2.987322016612998e-05,2.4442501629759186e-05,5.63312966950404e-06,0.011140727261026715,2.6831331038556564e-05,0.0005137148268692368,0.001229134644384825,7.313698582544062e-08,0.140645091700082,0.00010270332106594024,4.101722689136437e-05,0.0008019082628981605,3.1734633708512614e-06,4.128856351679944e-06,1.1410211232323772e-07,8.077583895880625e-05,0.00010484297728591873,0.00044870933615750986,8.340945342697849e-05,0.8445241375896136
23,6.359365418425582e-06,7.448300638338445e-05,1.833130527931754e-05,7.658666449577788e-08,6.689231721019963e-06,1.8814775104199794e-05,2.0798684583001706e-05,2.548121144739238e-06,0.012695474015376379,1.2254416514195253e-05,0.00026444235508039617,0.001182630482355282,3.8035471520022594e-08,0.08389097939329362,0.0001047064971506397,3.063778531525367e-05,0.0003008626409450806,1.0617507610991451e-06,2.335245866688454e-06,6.70676887868078e-08,3.122267889767371e-05,6.300066170757479e-05,0.0002290717274496859,7.230560102221317e-05,0.9009708085688053
24,5.090506100901133e-06,0.00013145464621122332,1.6761785379686166e-05,1.4055245029066607e-07,7.4388627719633846e-06,1.966753061692461e-05,2.011350759054266e-05,3.4807015249478964e-06,0.013860054025970703,2.213167748988005e-05,0.00023598064021700737,0.001120717428315336,3.928062390908541e-08,0.12468012199631298,0.00012286356423787877,3.7552745216574175e-05,0.0003861314976525505,1.5514320704887896e-06,4.023461462945389e-06,7.456554924429723e-08,3.953206747825768e-05,7.421019577810389e-05,0.00029979017115131814,7.021502945396645e-05,0.8588408621283723
25,1.383090425772288e-05,6.901643774441014e-05,2.6592934516226e-05,9.58439644012308e-08,1.4833806239843325e-05,1.7368056662788567e-05,5.755291411029549e-05,9.621584809768082e-06,0.013453132971572104,7.663400728465006e-06,0.0010195600238043848,0.0029179360048796044,7.552408677733197e-08,0.17287303726900624,7.517796792887007e-05,2.473319281346594e-05,0.0004007867029694513,3.840537596797173e-06,2.883458579298306e-06,1.0573943523685083e-07,8.85745777352734e-05,0.00010643279371086265,0.00025225779249135003,6.436278317964088e-05,0.8085005267771767
26,1.1546152525634181e-05,7.25312664474301e-05,4.9495884136376815e-05,1.69320371785885e-07,1.4053808779416582e-05,2.894479027949693e-05,2.1722501933875925e-05,1.6934582084538894e-06,0.027598350871557643,2.2688375930370174e-05,0.000214825915736851,0.0009196111303313393,6.20452622000713e-08,0.11853405192598543,6.816496617784112e-05,3.5228679732668334e-05,0.0003560024738985026,2.6620880098585796e-06,1.9073876463505493e-06,1.5249384912335113e-07,4.460178985400612e-05,3.5380028827106246e-05,0.0008125373629676983,0.0002971409681017822,0.8508564743134487
27,5.01747984653224e-06,7.001235076445685e-05,1.0769284321898404e-05,7.648841880770939e-08,5.821261605440648e-06,2.5588181692867714e-05,1.6700727164359474e-05,2.646403743393007e-06,0.020449487392445617,1.3969538914853935e-05,0.00022000767089081982,0.001057191498200645,3.1761357870113735e-08,0.07076448772223413,0.00015511632899268638,2.6288545548945537e-05,0.0001549220969837211,6.748180757992789e-07,2.3856560282839255e-06,5.8516295424704766e-08,1.5595177658604925e-05,9.686782799927667e-05,0.00015220916957325184,5.839686982029777e-05,0.906695677231422
28,6.359365418425582e-06,7.448300638338445e-05,1.833130527931754e-05,7.658666449577788e-08,6.689231721019963e-06,1.8814775104199794e-05,2.0798684583001706e-05,2.548121144739238e-06,0.012695474015376379,1.2254416514195253e-05,0.00026444235508039617,0.001182630482355282,3.8035471520022594e-08,0.08389097939329362,0.0001047064971506397,3.063778531525367e-05,0.0003008626409450806,1.0617507610991451e-06,2.335245866688454e-06,6.70676887868078e-08,3.122267889767371e-05,6.300066170757479e-05,0.0002290717274496859,7.230560102221317e-05,0.9009708085688053
29,6.359365418425582e-06,7.448300638338445e-05,1.833130527931754e-05,7.658666449577788e-08,6.689231721019963e-06,1.8814775104199794e-05,2.0798684583001706e-05,2.548121144739238e-06,0.012695474015376379,1.2254416514195253e-05,0.00026444235508039617,0.001182630482355282,3.8035471520022594e-08,0.08389097939329362,0.0001047064971506397,3.063778531525367e-05,0.0003008626409450806,1.0617507610991451e-06,2.335245866688454e-06,6.70676887868078e-08,3.122267889767371e-05,6.300066170757479e-05,0.0002290717274496859,7.230560102221317e-05,0.9009708085688053
30,6.359365418425582e-06,7.448300638338445e-05,1.833130527931754e-05,7.658666449577788e-08,6.689231721019963e-06,1.8814775104199794e-05,2.0798684583001706e-05,2.548121144739238e-06,0.012695474015376379,1.2254416514195253e-05,0.00026444235508039617,0.001182630482355282,3.8035471520022594e-08,0.08389097939329362,0.0001047064971506397,3.063778531525367e-05,0.0003008626409450806,1.0617507610991451e-06,2.335245866688454e-06,6.70676887868078e-08,3.122267889767371e-05,6.300066170757479e-05,0.0002290717274496859,7.230560102221317e-05,0.9009708085688053
31,1.0479887025847714e-05,9.333947831605194e-05,3.463024212203042e-05,8.147295239836522e-08,4.682135484675582e-06,1.6779508707656528e-05,2.3315139060592715e-05,4.931386694852694e-06,0.009874501508576342,1.6498558815547113e-05,0.000279128032742408,0.0014198035758308872,5.3379203196039416e-08,0.09928640330149185,7.686751203343646e-05,5.135136620777103e-05,0.0004555607872791332,1.8619346725833833e-06,2.4817931249377457e-06,8.394465844187495e-08,4.4110158853824114e-05,6.668978789531858e-05,0.0002530768660043587,7.298833999132066e-05,0.8879102999022545
32,6.198749013912315e-06,7.697462010790449e-05,1.7610983023702474e-05,8.394327455122005e-08,6.84241484191794e-06,2.10448733032037e-05,2.273672673563298e-05,2.7572323257212366e-06,0.012911176789598949,1.3493233642769056e-05,0.00027001416238896936,0.0011576923925803381,4.01657896918593e-08,0.08008163504951729,0.00012204201656626471,3.5368690524431916e-05,0.00032106126171482574,1.1376632714444907e-06,3.025373076678087e-06,7.124433311359067e-08,3.484784831885132e-05,6.821060354621932e-05,0.0002456532407569776,7.321091581502577e-05,0.9045070698059317
33,1.508894796155719e-05,0.00012017321097670649,2.021840732288559e-05,1.063227923950521e-07,8.387354607884924e-06,1.6674966657262885e-05,4.583741639964268e-05,6.882910970354714e-06,0.007757392539047048,7.878127891524482e-06,0.0006405791627091619,0.004060367912010234,8.593573676796121e-08,0.08779861402568712,9.222272181131833e-05,5.930589793905903e-05,0.0008402276400391347,2.2806159226201973e-06,4.0551108038699205e-06,7.07069003501184e-08,6.533365818864227e-05,0.00014232975360711086,0.00021669901042864945,7.376752882763744e-05,0.8980054201147609
34,7.359120873594623e-05,6.176799259718208e-05,5.398273634705546e-05,1.7518757018976867e-07,2.6956961199612604e-05,5.2746470460433786e-05,7.422932715588733e-05,6.828565017404104e-06,0.03516880351461838,1.3079078109180488e-05,0.0015353357281682352,0.0018447878279718387,1.7105576243706935e-07,0.09123245006696269,0.0002668402011269752,3.8607475628594146e-05,0.0003913497066267499,6.84283331491229e-06,7.740411769338276e-06,1.3665795585839552e-07,0.00012646818149113172,0.00014164297602891864,0.0006000858828784321,0.00016650171545439505,0.8681088782370482
35,2.923061340049318e-06,5.967990028991804e-05,1.383559339901843e-05,4.929364149013732e-08,7.334627081929623e-06,1.0713111165697918e-05,1.3736881463739121e-05,1.2005459792910018e-06,0.009340232039731427,8.375413646965276e-06,0.0001954952140898097,0.0007223606763179162,2.234587213106828e-08,0.08771792778747926,9.516038632831587e-05,1.544288190344629e-05,0.00022009561001674557,4.774413295646483e-07,1.3067895224420797e-06,5.678190649243928e-08,2.6210199315124702e-05,3.466198795111909e-05,0.00018530092500754162,5.787188375831577e-05,0.9012695286214623
36,4.528226344260399e-06,4.280276436034773e-05,1.873881211970735e-05,5.2422901115977826e-08,1.633896327966681e-05,1.6061857534915403e-05,1.981874087111803e-05,7.726383949641367e-07,0.010041821929525782,5.702053988592394e-06,0.0003248763224576295,0.0007498412776648374,2.9671597419115816e-08,0.054786458084040944,8.735097900871217e-05,1.4770770965415926e-05,0.00023462584589514811,6.11911080600954e-07,1.4124568739608845e-06,6.959053929734965e-08,4.3572967547190623e-05,2.3768386993514417e-05,0.0003092085335520208,0.0001332937771786489,0.9331234710152843
37,1.1768232985046691e-05,6.912658367865879e-05,4.066823623742523e-05,8.074934439370003e-08,1.1097595831122768e-05,1.2746059116382924e-05,3.0399597026452434e-05,1.991138422615763e-06,0.014500762767263614,9.962777834569053e-06,0.0002781193645720184,0.0016838918700983257,7.499987543270274e-08,0.11176834875093528,4.91067465011723e-05,3.2437777342145705e-05,0.00038446944751504284,1.875152604343611e-06,1.5934834950653145e-06,1.0388665417595333e-07,5.583776462103744e-05,4.6095208787478055e-05,0.000316798661403148,0.0001778224384154838,0.8705148207094396
38,1.5282077122054928e-05,7.324124748797918e-05,3.1993164308176606e-05,1.702815149619791e-07,6.6239261346967875e-06,8.77451766029984e-05,7.901208795187948e-05,6.004070257045236e-06,0.017323630608728366,2.546458818765081e-05,0.00035115434266029343,0.0015981203378018292,9.379994632348685e-08,0.049636446837812896,0.0002478812463199087,0.00014436756979667676,0.0006408833413220513,3.6527001165925196e-06,1.0794100979645104e-05,1.4079084433367944e-07,7.149721195265592e-05,0.00010231290512455208,0.0006249626655856302,0.00011013691306315331,0.9288083880083775
39,9.963539688843948e-06,5.761301813106411e-05,2.1347882546852087e-05,7.490420892315678e-08,4.735076572406551e-06,3.395582616017158e-05,4.8191373842708194e-05,6.3946723045513035e-06,0.00905174325267154,9.777727903849265e-06,0.00037638523823768655,0.0022949333859644816,5.53554844228081e-08,0.049649792992909204,0.000108033108664044,7.368483124524506e-05,0.0005022893455623131,1.5360764001238347e-06,3.8875070148505e-06,7.230304806944816e-08,4.674578696909128e-05,9.993132817910099e-05,0.00024040282525283443,6.506892043823119e-05,0.9372933837205993
40,7.1696748209946825e-06,6.594026238940271e-05,1.647560190640011e-05,3.8468518432728e-08,5.354775167659771e-06,1.2593034357705044e-05,1.51503747197844e-05,1.766361312339698e-06,0.008259107847800646,5.671622323469082e-06,0.00026915288923329343,0.0014531168030641973,3.237823136379423e-08,0.06228958102530735,8.931528669910297e-05,1.7178840728947405e-05,0.00025699027308356847,3.8010216191321547e-07,8.90125816678767e-07,4.1263666687106335e-08,1.7214025218526867e-05,7.30430938406374e-05,9.931517568023465e-05,4.321883195612793e-05,0.9270012618619946
41,4.1436965857506275e-06,3.987578918119166e-05,9.023902725925168e-06,1.8824782368577934e-07,1.3247868072733138e-05,5.797129610105265e-05,1.3189918073085789e-05,1.3635209155427077e-06,0.03526970211210648,1.4729367589365924e-05,0.00017562935426725063,0.000772013349644649,1.4446820951848537e-08,0.0381608635053344,0.000489681755979072,1.9430885799995605e-05,9.461278479195617e-05,3.6523071488835364e-07,1.850311821912295e-06,4.7325019566806944e-08,4.881831919069055e-06,4.424590289030352e-05,0.00023517414112000446,6.437682126719964e-05,0.924513376633434
42,7.420711782415212e-06,0.00010106585523908351,1.0793799713721258e-05,8.367327720517758e-08,5.787010779561852e-06,3.574811173760514e-05,2.74598397137691e-05,5.131468883938915e-06,0.01434634588647347,1.4897584355505707e-05,0.00034948079678599926,0.0016559366861619612,5.534898576913355e-08,0.052700896458984556,0.0002130238752639807,5.209112000905579e-05,0.0003539759139904578,7.420308515927406e-07,5.027118856970207e-06,6.298937205419486e-08,2.539103206591057e-05,0.00023369607255835435,0.00012583894833227897,4.7189898327609116e-05,0.9296818577674971
43,6.836440681888113e-06,9.0889210958109e-05,2.2926643613217616e-05,1.4149776146342207e-07,7.216705161143262e-06,6.174081393389948e-05,2.1984680448461887e-05,4.731708621850478e-06,0.023553013369215618,4.527412909129682e-05,0.00028004244852785737,0.0006398888132123582,5.0883540188225306e-08,0.09516282073420554,0.00022695725867510005,4.3159361972718405e-05,0.00027906298243598115,1.5707617457170933e-06,6.019530562632346e-06,1.1389782399075762e-07,4.2257375936147384e-05,0.00012379034074658715,0.00034267091170077694,7.335764681442608e-05,0.8789634818526131
44,6.359365418425582e-06,7.448300638338445e-05,1.833130527931754e-05,7.658666449577788e-08,6.689231721019963e-06,1.8814775104199794e-05,2.0798684583001706e-05,2.548121144739238e-06,0.012695474015376379,1.2254416514195253e-05,0.00026444235508039617,0.001182630482355282,3.8035471520022594e-08,0.08389097939329362,0.0001047064971506397,3.063778531525367e-05,0.0003008626409450806,1.0617507610991451e-06,2.335245866688454e-06,6.70676887868078e-08,3.122267889767371e-05,6.300066170757479e-05,0.0002290717274496859,7.230560102221317e-05,0.9009708085688053
45,6.474995215845517e-06,3.974578067222859e-05,9.407504328943816e-06,1.4997883894978793e-07,1.1851458351863094e-05,7.304251750753004e-05,7.17641935679668e-05,4.5554373850412065e-06,0.03017873295193044,1.1122372488271011e-05,0.0003243560352272286,0.0017229912292484923,4.721820691364166e-08,0.032918239661493036,0.00047883972624917587,6.977103866646705e-05,0.00017201997897443744,1.0776228166028393e-06,6.499962008515262e-06,9.999158032667043e-08,1.8856653467306214e-05,0.00010474051054721364,0.00024081624738501607,6.959124950507276e-05,0.9334652056843371
46,1.4701616581572536e-05,0.00011254774647727547,1.4848203219125432e-05,8.715268874257307e-08,4.934486728819882e-06,2.016231473630583e-05,2.149900592534802e-05,3.2922183512172154e-06,0.003332334817069081,5.4216219597477705e-06,0.00038112392850704103,0.0033521962132962058,4.384939859022822e-08,0.03023879000284672,0.0001337384956433768,5.732914790548631e-05,0.0015342192023236807,5.506388020859327e-07,2.193301150533466e-06,3.273621959349942e-08,2.240030341511855e-05,0.0001346256097616515,0.00018569176149080992,4.966818538695802e-05,0.9603775674401149
47,9.202573573395107e-06,0.00012202111968573489,1.1543433842476246e-05,3.8251244521995927e-08,2.987462032134961e-06,1.091679613155644e-05,1.7239661292130036e-05,2.564285158445464e-06,0.007632047786929249,6.408544137212303e-06,0.0002155118364559916,0.0026850636516081916,4.834811930432447e-08,0.04196009820967473,7.88365585288457e-05,4.150324972693635e-05,0.00033342131414960344,3.996386733928048e-07,1.4317538456296957e-06,3.3947870858915885e-08,1.2601453063158466e-05,0.00013744931197856762,6.357863623131273e-05,4.9710818919103865e-05,0.9466053413571276
48,6.4483736606149685e-06,0.00030625811365558674,1.5769002457941187e-05,1.5132999743578403e-07,3.7861333060941252e-06,2.349067836239308e-05,1.9635871096514732e-05,5.068961974342726e-06,0.0063533884969929275,2.8597855545179976e-05,0.00019667523192636242,0.0014909021965752282,4.1498681805984216e-08,0.08487593994252787,0.00015073731117286985,7.271665936620515e-05,0.0013195317155559503,1.020968610684859e-06,5.57754795004088e-06,4.975616471765138e-08,3.545407970134055e-05,0.00014672101896915342,0.0002718740007348551,4.0068121358589603e-05,0.9046300951336554
49,9.456762441293783e-06,7.42103784723689e-05,2.543131369728571e-05,8.106298780280677e-08,7.0887704220509984e-06,2.608911321917679e-05,2.4204222386261953e-05,3.0418652994157145e-06,0.014212031208192623,1.1786200790845151e-05,0.0003201755196915664,0.0016405438127219142,4.898476945954976e-08,0.07922323712037861,8.666634067729967e-05,3.128205127582418e-05,0.0003178389557095576,1.1756159811093522e-06,1.7268538232604944e-06,7.836165867658272e-08,2.8129030263245904e-05,7.250267619219935e-05,0.00023623765428177983,8.396093193241023e-05,0.903562975192734
50,5.016757177835918e-06,9.06120327743818e-05,1.7287586669066248e-05,7.62272707758311e-08,5.640192657302496e-06,1.8677602604568188e-05,2.393378682057368e-05,3.4192204201250193e-06,0.013507821503645455,1.7100723055090118e-05,0.00022779749085201123,0.0011123225388499954,4.1547792955218645e-08,0.10046526446974521,0.00011163968158634099,3.3214212423875505e-05,0.0002727263650314488,1.0138803292042955e-06,3.1801339849499926e-06,6.65821806905355e-08,3.5463020098867085e-05,8.19308887871637e-05,0.00017837202537703887,5.301300097186577e-05,0.8837343685288932
51,3.786243789520713e-06,0.0008066559097953817,7.938225607864263e-06,1.617001322826347e-07,3.1624397629877434e-06,5.972490384294943e-06,4.364902656206658e-06,8.977905735913181e-06,0.008337794802621564,3.384822038864047e-05,0.00021907401192685738,0.0017153838386738084,3.105657422490779e-08,0.27818830807504946,0.00014540559689195064,1.714914287385219e-05,0.00022050497979702157,5.292837978154013e-07,2.175035985984329e-06,3.101737715811318e-08,1.0226429299494526e-05,0.000256808339164504,3.897742658955934e-05,1.1593449943261257e-05,0.7099611394751804
52,7.385670757778771e-06,8.096907114129417e-05,2.082279115882109e-05,1.0502432213777742e-07,6.533060191285699e-06,2.5226946442114756e-05,2.059047053621661e-05,3.3690052428646085e-06,0.015378038766234428,1.9481643860677812e-05,0.00027822578887299823,0.0010987665757645102,4.516336582749552e-08,0.0950565143681854,0.00013490361830825073,3.9742564975979933e-05,0.00031057747190959043,1.5509800769892792e-06,3.239715667676123e-06,8.778374781624024e-08,3.265268743741278e-05,7.602367500299271e-05,0.0002757822907623964,7.72797686065053e-05,0.8870520850974281
53,6.478347407047166e-06,7.962591374346992e-05,1.9154822017213314e-05,8.008395606632612e-08,6.7584398693483635e-06,1.8701335532341697e-05,1.9072128302938196e-05,2.577392309097389e-06,0.012614987130085168,1.3580434581216654e-05,0.0002644928647863143,0.0011271644982412232,3.894609108431955e-08,0.08732873952753734,0.00010581202110950966,3.0879553499630346e-05,0.0003124539794268569,1.0827129204074647e-06,2.4078165792759283e-06,6.880017797400172e-08,3.189214278473646e-05,6.54042202363346e-05,0.00022983125266700036,7.390309735797811e-05,0.8976448125387804
54,9.265101760273762e-07,4.577611227485858e-05,5.016844488226839e-06,1.5554208663365117e-08,1.4002239025323992e-06,3.045160279601052e-06,4.422842006717817e-06,6.153487982272499e-07,0.005840628471697287,4.956702830297837e-06,4.757230216688617e-05,0.0007060911604471146,7.919191563600363e-09,0.04966272662370384,5.8012095835723566e-05,1.4681016940590973e-05,6.959536706808444e-05,9.53398457107417e-08,4.680862914818839e-07,1.9013129619368654e-08,3.9491355372342144e-06,2.3609139637178465e-05,3.352192949458744e-05,2.556123852188809e-05,0.943447285861526
55,6.150573603392544e-06,6.47013254184795e-05,1.6758977210999208e-05,7.298887683613067e-08,7.2156630338132535e-06,1.796354810836018e-05,2.419554873383237e-05,2.2765150641132552e-06,0.01357497900668732,9.395635056749775e-06,0.00025838469341472897,0.001416440676689978,3.6937655920733895e-08,0.0754123360796261,9.380957190485359e-05,2.9957639421234725e-05,0.00026488728228836423,1.0180210887719e-06,2.095970850442711e-06,6.253524185110953e-08,2.8687774958749904e-05,5.5229177617044224e-05,0.00022242338875236363,8.080349869637856e-05,0.9084101169699993
56,6.697072751198155e-06,7.676589135418332e-05,1.8614430386563294e-05,7.695765531046174e-08,6.839655675753649e-06,1.8690031943013934e-05,2.1970137839786204e-05,2.646741345381158e-06,0.01271677258377827,1.197552044509057e-05,0.00027477506271819126,0.0012642042557676524,4.13066962200046e-08,0.08455885655656416,0.0001034324761960375,3.12758827977869e-05,0.0003084526296030702,1.0937471939323048e-06,2.3771654976189075e-06,6.98137976859635e-08,3.2576369670275444e-05,6.688191024703112e-05,0.00022692757989137467,7.457415772061041e-05,0.9001734120624638
57,4.7738316338573005e-06,9.172983898873688e-05,1.5177127361170844e-05,5.461334612372966e-08,5.0836771571521264e-06,1.2019864348377771e-05,2.5035222554857894e-05,2.827464452463209e-06,0.008851717865656103,1.0662546718629665e-05,0.00023144553091517585,0.0013744080580901698,4.51325342891639e-08,0.07005632313625494,8.776667248166908e-05,4.452456070830992e-05,0.0003451215780691338,8.908261763592125e-07,3.837495364163328e-06,5.586129540144921e-08,4.6889896067334825e-05,7.447371747119621e-05,0.00014502594275730903,6.494288036385235e-05,0.9185051666592333
58,5.519898648319131e-06,6.67064616688813e-05,1.8217968111231814e-05,7.186523985718409e-08,7.664864262199782e-06,1.6768124310950303e-05,2.0407331370361292e-05,1.8266436306310091e-06,0.013159744639871273,1.0703856396275544e-05,0.00022935152539186349,0.0011336777788012776,3.9200743621776865e-08,0.07497921160068174,9.257608130669932e-05,3.0557906701168464e-05,0.0002696849260072952,9.53805844809819e-07,2.096116848350922e-06,7.61172503541731e-08,3.14263010658877e-05,4.969615628889685e-05,0.0002437256553055553,0.00010256490089741101,0.9095267302733552
59,5.309071315001112e-06,6.792020096196052e-05,2.0368255599534734e-05,6.799133228855547e-08,6.942412072944514e-06,1.5750198970898263e-05,1.8040393736861037e-05,1.8024713125504226e-06,0.012317609703017865,1.1893116456849506e-05,0.000211787142201355,0.0010222484742555605,3.717146527228191e-08,0.08121511055348313,8.33528233051417e-05,2.9850577369790016e-05,0.0002758393759414213,9.533162995756633e-07,1.9001188907712033e-06,7.623748485748834e-08,3.147155848500444e-05,4.646913094447418e-05,0.00023775104946970974,9.760586867543523e-05,0.9042798427869517
60,6.359365418425582e-06,7.448300638338445e-05,1.833130527931754e-05,7.658666449577788e-08,6.689231721019963e-06,1.8814775104199794e-05,2.0798684583001706e-05,2.548121144739238e-06,0.012695474015376379,1.2254416514195253e-05,0.00026444235508039617,0.001182630482355282,3.8035471520022594e-08,0.08389097939329362,0.0001047064971506397,3.063778531525367e-05,0.0003008626409450806,1.0617507610991451e-06,2.335245866688454e-06,6.70676887868078e-08,3.122267889767371e-05,6.300066170757479e-05,0.0002290717274496859,7.230560102221317e-05,0.9009708085688053
61,5.8550774930775235e-06,6.65180559092339e-05,2.225675869624939e-05,7.11248816385422e-08,7.5422021674374835e-06,1.6800881146185708e-05,1.9036834382679386e-05,1.8604380426377639e-06,0.01382789786333208,1.2334092497672662e-05,0.00022352615182882896,0.0010362612991613336,3.951935340406829e-08,0.08526414490070697,8.02647939027873e-05,2.8682068636009752e-05,0.00026350503765538617,1.0572101088153093e-06,1.9051086309155928e-06,7.91405138612624e-08,3.328147022689353e-05,4.656469810136729e-05,0.00025321683468714385,0.00010609004103384987,0.8986812083969036
62,6.359365418425582e-06,7.448300638338445e-05,1.833130527931754e-05,7.658666449577788e-08,6.689231721019963e-06,1.8814775104199794e-05,2.0798684583001706e-05,2.548121144739238e-06,0.012695474015376379,1.2254416514195253e-05,0.00026444235508039617,0.001182630482355282,3.8035471520022594e-08,0.08389097939329362,0.0001047064971506397,3.063778531525367e-05,0.0003008626409450806,1.0617507610991451e-06,2.335245866688454e-06,6.70676887868078e-08,3.122267889767371e-05,6.300066170757479e-05,0.0002290717274496859,7.230560102221317e-05,0.9009708085688053
63,5.812308067396847e-06,8.834791510230028e-05,1.694391488320962e-05,7.440007494585062e-08,5.9892350549355145e-06,1.6768081815234037e-05,1.8180045013175972e-05,2.4876759647604047e-06,0.011811531610858626,1.2926206167653046e-05,0.00024027760215494183,0.0011638076935954866,3.6856005380628344e-08,0.08509064290835634,0.00010309781388936325,3.0580526064765204e-05,0.00030421603288636816,9.345414582407446e-07,2.3033913443666587e-06,6.293102708854475e-08,2.8680918637838965e-05,6.644677103711873e-05,0.00020370353488956074,6.751423446997857e-05,0.9007186328511809
64,6.8112601422050615e-06,7.882146937157417e-05,2.391399356652649e-05,7.273156237942286e-08,7.655673173704765e-06,1.6040971826942815e-05,2.488845077904498e-05,2.6254481817924765e-06,0.01120566422597887,1.2082935197222279e-05,0.0002885493588645654,0.0011525663880266668,4.670769096745096e-08,0.09755444954284295,8.405243005025376e-05,3.1982049097087384e-05,0.0003769339014860497,1.3301752306978748e-06,2.61338011418194e-06,7.780872226218189e-08,5.339665660740642e-05,5.79020619041e-05,0.0002652744339801005,8.452681729010812e-05,0.8886677211283124
65,1.740965182440323e-05,4.565776772989248e-05,1.4849291091453611e-05,2.5944878791939884e-07,1.5119130758997079e-05,0.00015602002865231082,0.00010629058252801995,5.8743294091491406e-06,0.013464496146242849,1.0395530549051054e-05,0.0008967104533886485,0.002097019998790857,4.950286965367544e-08,0.02953836534652659,0.0004884079343783996,8.579918337977299e-05,0.0009375946550669481,3.6505081597312796e-06,1.563665258532195e-05,7.219805209284529e-08,7.39195532760819e-05,9.94098632264031e-05,0.001105644191842957,8.413316889670744e-05,0.9507372148819858
66,2.2278908450861353e-05,7.410432416004804e-05,8.322738626448316e-05,6.980000996542769e-08,1.2423107793804359e-05,1.4951104058928483e-05,6.289113151310864e-05,8.08422927218984e-06,0.01855150605302598,1.6088004737635888e-05,0.0006251433249089104,0.002248144528523797,2.1742460573054895e-07,0.1708009240727408,6.238022307246505e-05,4.6797280568854546e-05,0.00028924666210056074,3.7244713015755395e-06,2.491435809744566e-06,2.3060202567464716e-07,0.00010290210206879028,0.00011097265162564864,0.00013898268848166307,0.00010272879424347937,0.8066194896886353
67,8.00089243534814e-06,7.20822207831006e-05,3.143463689420837e-05,9.4830762622592e-08,7.836106958507358e-06,2.0239407805871202e-05,2.2438196099379076e-05,2.6189423015986685e-06,0.011568472700296662,1.549454771623609e-05,0.000287354303550563,0.0010083097367314816,4.732649682213225e-08,0.1046148299817587,8.827645296538168e-05,3.4459982825491425e-05,0.0004328420863329534,1.7882709873392858e-06,2.5448845614242e-06,9.805141228556417e-08,5.484949267392846e-05,4.79128842943531e-05,0.0004175695594802111,0.00010381419111026744,0.8811565903127654
68,4.6718335368317165e-06,5.6063006086064705e-05,1.9391048559141677e-05,6.658070793823582e-08,6.698504565139304e-06,1.5673505004703745e-05,1.697948914390004e-05,1.5972729850042685e-06,0.01423005486506665,1.0893033858014037e-05,0.00019039557432285853,0.001020389209378165,3.0015943042873156e-08,0.09000562602364039,7.760405419114461e-05,2.2197351363662647e-05,0.00020644433993814964,8.333431441029703e-07,1.3527816427442755e-06,6.746668162503432e-08,2.3144783071476275e-05,3.7951142584189406e-05,0.00023141634662693432,8.44693756307257e-05,0.8937359890523273
69,6.403211995126828e-06,7.842054758244504e-05,1.5242492508150466e-05,7.588214064704983e-08,6.796464557459966e-06,1.948135709455868e-05,1.9650020898979782e-05,2.3368889244816798e-06,0.01245595039651629,1.1069325972281865e-05,0.00026785211114231736,0.0012414763504302276,3.553624097905215e-08,0.07124549611077699,0.00012094488687514277,2.9983548277015027e-05,0.0003057975133600392,8.472163232888425e-07,2.2796572412107322e-06,5.811188969510879e-08,2.50823535917078e-05,6.997272778668397e-05,0.00020384672506283528,6.667965184458583e-05,0.9138042209109669
70,5.844109647946586e-06,5.834397834673884e-05,1.7999369673726338e-05,8.7568638671424e-08,1.0308531472745484e-05,2.065866352372209e-05,2.319719863572806e-05,2.113962483697428e-06,0.017345562101962007,9.843116641048598e-06,0.00027198428180693365,0.0011358499185774769,3.214542867103455e-08,0.09038061387776561,0.00010971317270548714,1.9843125063742456e-05,0.00022412531555737392,9.185215908740672e-07,1.7243354495750343e-06,6.666105169242759e-08,2.7213378812620366e-05,4.901201127546201e-05,0.00026946468070850125,7.713750820983045e-05,0.8899383424649701
71,4.0949884702772666e-06,7.106451549088694e-05,1.903405469569272e-05,6.495835439754773e-08,8.529695286592644e-06,1.2326464719715868e-05,2.319433595649689e-05,2.066276202689558e-06,0.016091685311073217,1.1812810179431323e-05,0.0002101825888490699,0.0009600557445264285,3.7192726838285763e-08,0.1234815844533584,6.668922718430088e-05,2.3526831975378708e-05,0.0002120354669080385,1.1793305695109742e-06,1.969830112522432e-06,8.291193779962669e-08,4.106357537997488e-05,4.393418502913493e-05,0.0002251968487109859,8.876785748246837e-05,0.8583998205448198
