,0,1,2,3,4,5,6,7,8,9,10,11,12,13,14,15,16,17,18,19,20,21,22,23,24
0,5.3924219392390084e-06,6.171743789383155e-05,3.7851614552649403e-06,5.566767573734826e-05,5.313769361595041e-05,6.740572810552953e-07,0.002178698742541212,1.8771908924333707e-07,0.003176392341510852,3.4879730912665155e-08,0.00033348344695685985,0.023582280115846593,9.424891489085173e-08,0.00010897844371247923,0.09003462216524545,4.4738190368023627e-07,0.0002927078359979236,0.00030722798245474313,2.144987884980157e-06,2.064994509305493e-08,0.0023456394764702713,0.14725968529470745,2.679233452401443e-05,1.0212323424007658e-07,0.7301700853814064
1,7.15932013719519e-06,7.112206903117733e-05,5.893989852680509e-06,5.825580186645056e-05,3.995085142067046e-05,6.408138639592619e-07,0.0027551056970471777,1.9509181477100652e-07,0.0036493016473782332,5.5373798631542205e-08,0.0002113977918628473,0.027071997945432302,8.9634809609249e-08,8.58814110392035e-05,0.08301083710724548,5.215168082231935e-07,0.00017211654964750296,0.0003302167070401845,2.2597820508120707e-06,1.8908195508799154e-08,0.002299194715116474,0.11840712506055022,2.1525492553154796e-05,1.0275115626249999e-07,0.7617990339702814
2,4.279820791897652e-06,4.857442036155854e-05,2.4710495055636666e-06,3.337086579256529e-05,4.79639504061801e-05,3.2141217978657293e-07,0.0020089223246260194,1.0649813204662455e-07,0.0017412993472264372,2.7839201031746398e-08,0.0001811936680760649,0.016365166920094633,5.284645815102446e-08,9.383697828558957e-05,0.07212267748903042,2.3074082146811302e-07,0.00015662878898096147,0.00020530820949276325,8.738124208631434e-07,1.5096593203769745e-08,0.0011386195674677017,0.07585793268532186,2.000026969204723e-05,4.357523709235517e-08,0.829970081823804
3,5.198031129691136e-06,5.875939863067071e-05,3.879665898854603e-06,6.370370290246721e-05,4.0234493945071797e-05,5.03566981550738e-07,0.0023676131393973537,1.5513240294924165e-07,0.0022231918454276387,4.07986231535149e-08,0.00026253447562192165,0.02413139485220451,7.062249865585745e-08,0.00012030934191381181,0.05812584028661664,2.9847544075386873e-07,0.00021778511673675805,0.00029960193544662715,1.3941531825785035e-06,1.6910386355637484e-08,0.001984114133097709,0.11382028731809239,3.059453332860477e-05,8.411701366978517e-08,0.7962423939530795
4,5.223840373734373e-06,5.751716388551975e-05,3.6630325202352635e-06,6.272212793434961e-05,3.8950505437516315e-05,4.714512516148249e-07,0.002292907106895884,1.4533184810012652e-07,0.0022333685889605343,3.742669079578803e-08,0.00025667710510031086,0.02740066433173008,8.495873090721743e-08,0.00012334187645181066,0.05402430992155276,2.798460369369262e-07,0.00022913992970446896,0.0002906095427375942,1.4139843646629417e-06,1.6948735064447147e-08,0.0019928905919367273,0.11602698905502812,3.0047017990101734e-05,8.626193487519095e-08,0.7949284420521674
5,5.269532881443194e-06,5.268368468914777e-05,3.4023405097685036e-06,7.989672915294139e-05,2.959395276092232e-05,4.3902028554275637e-07,0.00202192312836685,1.3101611805158417e-07,0.0019409506508255101,4.246488237011336e-08,0.00022795228674122938,0.025882285301599715,7.026923966498121e-08,0.00013149831636252528,0.041934787705793834,2.4662942326228206e-07,0.0002247932951334725,0.00039528782152308326,1.08762143251698e-06,1.6247002791531336e-08,0.0019762369133883555,0.11660804681475191,3.00510323664029e-05,8.645110754230168e-08,0.8084532207736611
6,5.198031129691136e-06,5.875939863067071e-05,3.879665898854603e-06,6.370370290246721e-05,4.0234493945071797e-05,5.03566981550738e-07,0.0023676131393973537,1.5513240294924165e-07,0.0022231918454276387,4.07986231535149e-08,0.00026253447562192165,0.02413139485220451,7.062249865585745e-08,0.00012030934191381181,0.05812584028661664,2.9847544075386873e-07,0.00021778511673675805,0.00029960193544662715,1.3941531825785035e-06,1.6910386355637484e-08,0.001984114133097709,0.11382028731809239,3.059453332860477e-05,8.411701366978517e-08,0.7962423939530795
7,1.865518054493723e-05,7.888306965332228e-05,1.3485144939660541e-05,5.4289548209372586e-05,4.84702860530608e-05,7.249447382575228e-07,0.0038331266142851775,1.9780934172984751e-07,0.0023121137576922134,6.579222762962373e-08,0.0003137353571611763,0.02682786634000162,1.1228248081782576e-07,9.343748408413174e-05,0.03804060076224512,2.4126493245078535e-07,0.0001700584476265283,0.00036470453113727125,2.848700443597017e-06,1.685179048581743e-08,0.0014599725719162632,0.05878045636720492,3.899994588311874e-05,1.8959643468692825e-07,0.8675467473489724
8,6.916583717136685e-06,9.077430700207507e-05,6.7610326862685835e-06,0.00010399916538535478,3.800060840361379e-05,4.518958786480686e-07,0.003477771889027804,1.602221894518645e-07,0.0013691473711982683,7.159823719125671e-08,0.00024378442220281482,0.028621059274694317,5.970730583694874e-08,0.00017767164091549135,0.026648725906151693,1.8401569104002508e-07,0.00012831416008477254,0.0002114609852606813,1.0735457712074116e-06,1.9154430699982782e-08,0.0014252209042104474,0.05263733311395009,6.901755418073766e-05,1.0344063156758023e-07,0.8847419175007928
9,4.553016862991996e-06,7.875602049628551e-05,6.7382992070193984e-06,0.0001314176096360149,2.562249098451891e-05,4.5826599867566005e-07,0.003124552193999385,1.3752929020008886e-07,0.001986240648951859,7.552907766726228e-08,0.00017320072286623506,0.035833451662802336,7.076177335992503e-08,0.0001285917395184622,0.03318162252064809,2.5884461081630603e-07,0.00012745827404939673,0.00023675072255197039,9.684410738831637e-07,2.076031790571428e-08,0.0026918884385581108,0.07651110969562433,4.9815693426667306e-05,1.0369954039403664e-07,0.8457061364181335
10,5.198031129691136e-06,5.875939863067071e-05,3.879665898854603e-06,6.370370290246721e-05,4.0234493945071797e-05,5.03566981550738e-07,0.0023676131393973537,1.5513240294924165e-07,0.0022231918454276387,4.07986231535149e-08,0.00026253447562192165,0.02413139485220451,7.062249865585745e-08,0.00012030934191381181,0.05812584028661664,2.9847544075386873e-07,0.00021778511673675805,0.00029960193544662715,1.3941531825785035e-06,1.6910386355637484e-08,0.001984114133097709,0.11382028731809239,3.059453332860477e-05,8.411701366978517e-08,0.7962423939530795
11,5.39290838250234e-06,5.9225126205183494e-05,3.975328391834431e-06,6.509956579686526e-05,4.158869270810539e-05,5.025507176007679e-07,0.0024068411201565087,1.5661227881583842e-07,0.0022754869539740696,4.076754884414627e-08,0.00026761171151522305,0.026372699582540453,8.412801376719692e-08,0.00012054943233807056,0.056830240262543345,3.071846629404683e-07,0.00022919771904875882,0.0002960272120216282,1.4606155324598437e-06,1.8398628087529214e-08,0.0020203652901337682,0.11410633882984936,3.188321960562073e-05,9.202445606296761e-08,0.7948648147629501
12,4.659199554761034e-06,5.275865011385669e-05,2.755705948874904e-06,5.485688904894696e-05,3.862679379624414e-05,4.487042625636029e-07,0.0017613967818260732,1.0707480291242788e-07,0.0016767274218259032,3.7494290843162296e-08,0.00019437455672156748,0.01709713645955714,5.992229216457015e-08,0.00013382477023207647,0.04152272418298386,2.1477505228070054e-07,0.0002470524920304688,0.0003036926758802389,9.415411776406887e-07,1.6089661586706127e-08,0.0016835346051659395,0.0905715273938978,2.8187308772250274e-05,5.951732266732555e-08,0.8446242789937813
13,6.525493209073092e-06,6.284456813207435e-05,3.9336165105495955e-06,4.9796343117499625e-05,3.769879777886562e-05,5.196912876089742e-07,0.00201194629210245,1.1203060424294422e-07,0.002350734075581982,4.982092556052909e-08,0.00014236513874083502,0.016396708532299586,6.477582295433336e-08,8.078816627880817e-05,0.05355394176602459,2.984220197802769e-07,0.00020134039215343515,0.0003264997704142964,1.3601885089013855e-06,1.666300357788736e-08,0.001816611034439772,0.08666008208841824,2.108590432010358e-05,7.183972943486271e-08,0.8362746045885757
14,6.182230725679146e-06,0.00011471987470281675,2.9284706499236476e-06,7.103750520427854e-05,6.220131711112436e-05,5.151046438739878e-07,0.0030728466181722974,1.8456744482058364e-07,0.0020811127241122528,6.670223092426121e-08,0.0003484937108518364,0.021847317376124418,5.232018908248109e-08,0.00018787189868692974,0.058031051658104724,3.2215712885881293e-07,0.00021610652398754496,0.00031485932199789196,1.8757797184689287e-06,2.133311201664206e-08,0.0016710806329938686,0.11625883224636512,4.15832198704215e-05,9.545598172674008e-08,0.795668641249889
15,5.198031129691136e-06,5.875939863067071e-05,3.879665898854603e-06,6.370370290246721e-05,4.0234493945071797e-05,5.03566981550738e-07,0.0023676131393973537,1.5513240294924165e-07,0.0022231918454276387,4.07986231535149e-08,0.00026253447562192165,0.02413139485220451,7.062249865585745e-08,0.00012030934191381181,0.05812584028661664,2.9847544075386873e-07,0.00021778511673675805,0.00029960193544662715,1.3941531825785035e-06,1.6910386355637484e-08,0.001984114133097709,0.11382028731809239,3.059453332860477e-05,8.411701366978517e-08,0.7962423939530795
16,3.7344998068116455e-06,5.412863568666333e-05,2.832707686176122e-06,5.90805553178847e-05,3.0343062288047733e-05,3.5802903220960695e-07,0.002429945940179143,1.503837054858626e-07,0.001909490776010005,4.704861913048385e-08,0.00019054618833689837,0.02958155999236975,6.465925140083543e-08,0.00011598529020243238,0.05719943274041483,3.0583274386647085e-07,0.00019331826151706692,0.0002789920017244342,1.2887020868164326e-06,1.5899436589245344e-08,0.0025946185828221256,0.14438934961733588,2.6570775788417855e-05,6.46772999051947e-08,0.760937775140338
17,6.4826486019210086e-06,6.700580434925798e-05,4.949816755789918e-06,6.165743706582216e-05,4.180668534074149e-05,6.107755731209281e-07,0.0025494189223947013,1.6066403829036162e-07,0.002777749294865172,4.451849680462428e-08,0.00025873319548184325,0.02293241349562371,6.867441624870786e-08,0.0001034578208006419,0.06711856351294278,3.3861195380684296e-07,0.00018697244630933813,0.0003177579968009969,1.7123525485602525e-06,1.603169895306431e-08,0.0019913551685482914,0.10383417001181125,2.64135215919831e-05,9.545595330978474e-08,0.7977180451360366
18,5.544894240127797e-06,6.536730384073001e-05,4.400497953474525e-06,6.986203509551656e-05,4.2357708045061324e-05,5.590091412512026e-07,0.0025735124988418914,1.7888198136177022e-07,0.002500691800220844,4.330492907375168e-08,0.0002998370502869496,0.026053638161970514,7.298280160550036e-08,0.00012341946175703405,0.06454508014040918,3.3747012446326454e-07,0.00021376046892581098,0.00030157491493188355,1.6341952248349365e-06,1.7715751209395208e-08,0.0020791243319544595,0.12110335678602503,3.2650185827227745e-05,9.667033187432991e-08,0.7799828815293885
19,3.7989189770952957e-06,5.398128653860563e-05,4.2740219649195836e-06,7.491957921791202e-05,2.8991222559808074e-05,2.857008369200417e-07,0.0036379368841510306,1.769496898227641e-07,0.0022701349942178986,4.029608150480998e-08,0.00019942349240403275,0.045596916370045405,7.793344476156021e-08,9.969214392095222e-05,0.05907319812063533,3.214952424478438e-07,0.00014816460177228158,0.00021887343175681974,1.134133678792205e-06,1.430879801914004e-08,0.0023924534241073427,0.13636377008146888,2.6263161350177443e-05,6.737618783935957e-08,0.7498050900709513
20,3.001443114731961e-06,4.1623404591614685e-05,3.4239206959053543e-06,6.416907038046612e-05,2.6885171816037002e-05,3.8062345662708567e-07,0.0024973677701708836,2.6863592307524827e-07,0.002169202763683088,3.2528796279774765e-08,0.0003187843880266196,0.031259666109158854,5.482048462215457e-08,0.00010030874817257958,0.1149667917706238,4.050827402758424e-07,0.00017736905306656937,0.0002586968575250068,1.4720913968748942e-06,1.3434332858336957e-08,0.0021401417100756367,0.21999234328617395,2.3256368603514982e-05,6.283537844565748e-08,0.6259542781116116
21,6.209334817553304e-06,8.769715145329118e-05,4.2624806608102836e-06,9.784909036879326e-05,3.3927892020411084e-05,4.844834026756235e-07,0.0030719498226676524,2.495091346151297e-07,0.0033093256140464856,6.351137740782537e-08,0.00024075930762320342,0.044701816812953925,8.24297666196669e-08,0.0001976477744231706,0.061368651372386764,5.622183757575301e-07,0.00015029993121678004,0.00039732447494814495,1.6803499613367294e-06,2.059037821469715e-08,0.002440243153434361,0.1404748661920104,2.3734528058106814e-05,9.106659386546819e-08,0.7433902009079196
22,6.76503314340856e-06,3.6440074085776004e-05,3.2655896912797365e-06,4.570283369131714e-05,3.472537161322944e-05,5.551237448907226e-07,0.0012803149114677627,1.205107157635658e-07,0.0018177207872260778,3.288224092113276e-08,0.0002468399690502681,0.013148136619451918,6.395840029688771e-08,9.877524881994589e-05,0.05108608189040233,2.478996366141828e-07,0.0003535120086789869,0.0005620156914120949,1.1404267235140113e-06,1.5039786841181302e-08,0.0016461826759472634,0.12503478224654388,2.0680015826881406e-05,7.50057124985822e-08,0.8045758081859863
23,5.198031129691136e-06,5.875939863067071e-05,3.879665898854603e-06,6.370370290246721e-05,4.0234493945071797e-05,5.03566981550738e-07,0.0023676131393973537,1.5513240294924165e-07,0.0022231918454276387,4.07986231535149e-08,0.00026253447562192165,0.02413139485220451,7.062249865585745e-08,0.00012030934191381181,0.05812584028661664,2.9847544075386873e-07,0.00021778511673675805,0.00029960193544662715,1.3941531825785035e-06,1.6910386355637484e-08,0.001984114133097709,0.11382028731809239,3.059453332860477e-05,8.411701366978517e-08,0.7962423939530795
24,6.053392162667416e-06,8.86646485985941e-05,3.2066437854348627e-06,9.428375749376025e-05,3.905715516407861e-05,4.981668151780534e-07,0.0021874922811986708,1.7092199219305797e-07,0.0020255310920681354,5.686648148453525e-08,0.0002603736231130663,0.026906074074412128,7.208110706144557e-08,0.0002127462638303618,0.04091894569833971,2.985348714927246e-07,0.0002582691372277099,0.0003721797126217411,1.422796641438105e-06,2.2187100613585582e-08,0.0018879701053782089,0.12130618968511205,3.855407306403466e-05,9.125026628362393e-08,0.8033917758511538
25,4.208476604660903e-06,8.143785053336268e-05,4.1531793256232415e-06,0.0001738932150097779,5.8216388512423194e-05,6.565456165143966e-07,0.004545541295749457,7.012054076400664e-07,0.0021980725144172064,5.235710396064752e-08,0.0012577250325405132,0.04866611926527732,6.53842054461828e-08,0.00047365687517809144,0.07215293481431985,5.294084047407391e-07,0.00028889481330358907,0.00037943195517327273,2.103281800794502e-06,2.3048025448026176e-08,0.0025651059847856296,0.2504103229220451,7.657282519870827e-05,1.3663456746140462e-07,0.6166594447268934
26,1.5854450370096117e-05,7.593387340940099e-05,7.380390370091744e-06,7.318036632257907e-05,6.451804494879292e-05,1.0382635481625172e-06,0.0017022359478759885,9.819533690720927e-08,0.003426614578688954,4.63283541760727e-08,0.0003542532713310911,0.01934754690146083,1.6803553950881148e-07,9.0383506524137e-05,0.031700901200906136,2.63787457471597e-07,0.0004390571827547562,0.0005442146183648813,2.4070899495420516e-06,2.876547174929296e-08,0.002257683474976382,0.08437832946930929,5.4690766234720604e-05,3.314556290098549e-07,0.8554628400348653
27,4.371945684445942e-06,5.314781492939934e-05,3.340573388176249e-06,6.509815834150755e-05,3.512274131239078e-05,4.838316943720652e-07,0.0021472630566472385,1.8310611872541808e-07,0.002448182335556575,3.537326108362637e-08,0.0003024477515812035,0.025773795552433573,6.598135848756704e-08,0.00011801478040327137,0.07734159994892173,3.445195834696001e-07,0.00023556849419173755,0.00031969806229882684,1.5290146593970277e-06,1.5652038327513712e-08,0.0021157405147515483,0.17443755578234713,2.7341320657724346e-05,8.191022733489262e-08,0.7145689717776124
28,5.198031129691136e-06,5.875939863067071e-05,3.879665898854603e-06,6.370370290246721e-05,4.0234493945071797e-05,5.03566981550738e-07,0.0023676131393973537,1.5513240294924165e-07,0.0022231918454276387,4.07986231535149e-08,0.00026253447562192165,0.02413139485220451,7.062249865585745e-08,0.00012030934191381181,0.05812584028661664,2.9847544075386873e-07,0.00021778511673675805,0.00029960193544662715,1.3941531825785035e-06,1.6910386355637484e-08,0.001984114133097709,0.11382028731809239,3.059453332860477e-05,8.411701366978517e-08,0.7962423939530795
29,5.198031129691136e-06,5.875939863067071e-05,3.879665898854603e-06,6.370370290246721e-05,4.0234493945071797e-05,5.03566981550738e-07,0.0023676131393973537,1.5513240294924165e-07,0.0022231918454276387,4.07986231535149e-08,0.00026253447562192165,0.02413139485220451,7.062249865585745e-08,0.00012030934191381181,0.05812584028661664,2.9847544075386873e-07,0.00021778511673675805,0.00029960193544662715,1.3941531825785035e-06,1.6910386355637484e-08,0.001984114133097709,0.11382028731809239,3.059453332860477e-05,8.411701366978517e-08,0.7962423939530795
30,5.198031129691136e-06,5.875939863067071e-05,3.879665898854603e-06,6.370370290246721e-05,4.0234493945071797e-05,5.03566981550738e-07,0.0023676131393973537,1.5513240294924165e-07,0.0022231918454276387,4.07986231535149e-08,0.00026253447562192165,0.02413139485220451,7.062249865585745e-08,0.00012030934191381181,0.05812584028661664,2.9847544075386873e-07,0.00021778511673675805,0.00029960193544662715,1.3941531825785035e-06,1.6910386355637484e-08,0.001984114133097709,0.11382028731809239,3.059453332860477e-05,8.411701366978517e-08,0.7962423939530795
31,1.1580837085360112e-05,8.883807141149249e-05,8.105149429831667e-06,8.007127918604525e-05,4.29059387115696e-05,5.811029096878045e-07,0.003630180053277111,2.9860270728486725e-07,0.0019606027859309966,8.20036501870555e-08,0.0002782196439449477,0.023988692584879016,6.719455261823694e-08,0.00014170741609580915,0.04370632048152841,2.8152674468604565e-07,0.0001936750503711988,0.0004113936368198092,2.081666611784483e-06,1.8655027864803145e-08,0.0017060933065126448,0.08738334385641257,4.018352847525021e-05,1.0801389760575256e-07,0.8363245676138261
32,5.91159964140863e-06,6.504666750837606e-05,4.1234767005220825e-06,6.192388714658755e-05,4.151456829142172e-05,5.56835582133594e-07,0.002414207513896254,1.6703899351959705e-07,0.0024430881895841938,4.317683011988107e-08,0.0002817405106522815,0.0253093298216681,7.681157820721768e-08,0.00011790149019674791,0.06293861372218033,3.2119582398729047e-07,0.00022731707214016477,0.0003112190071341776,1.8047280752603474e-06,1.728562122010043e-08,0.002071590979463169,0.1238064270878531,3.086843860110801e-05,9.757718454590319e-08,0.779866091317653
33,4.0563069295617926e-06,7.450893171975884e-05,2.688398523920188e-06,0.00013899833345250567,5.463364447175012e-05,8.588588341968311e-07,0.0022767485488902612,3.743311110795111e-07,0.0016718032739256512,7.415658266249533e-08,0.0006775718964081158,0.02870836740703472,1.1858262112122959e-07,0.00038264158799014716,0.043208175076539554,5.265941793130901e-07,0.0007102769706025208,0.00043666280556241147,2.464867580018241e-06,3.783494815658224e-08,0.0029931198091439635,0.2843406826340445,9.505948743743757e-05,1.6885928686137641e-07,0.6342193808021799
34,4.735600390068888e-05,0.00018824604062065434,1.3183374976732076e-05,2.9124806380117808e-05,6.417090936141836e-05,1.081473933756848e-06,0.0028993846274199776,2.451611769956594e-07,0.015157783039285411,2.304562517123966e-08,0.0004840275520428484,0.045258375601866775,1.651530589110531e-07,5.800523448492252e-05,0.14674414929410223,3.8994596998429904e-07,0.0001760906649054725,0.000476893411457466,1.7369908171868148e-05,9.716520224993745e-09,0.0018863456900009283,0.14142816441964354,1.0413057474402589e-05,3.0003244256530893e-07,0.645058701835177
35,2.7512054279897715e-06,5.9645376359189665e-05,3.055157553899553e-06,6.322690222530507e-05,5.309324182863868e-05,6.234902484420853e-07,0.0021310628400535297,1.418839408475555e-07,0.00169794834728132,3.7737696244222474e-08,0.0003656446393026702,0.02077498413351753,7.132713248739784e-08,0.00015494247040592486,0.07323141087946836,3.266765853600186e-07,0.00025484553015847026,0.00015856609133635809,1.3327478252020573e-06,2.395558433511887e-08,0.0019763468759425203,0.11016439916032605,5.394837825037006e-05,8.348036602953631e-08,0.7888514874711829
36,5.68052221054015e-06,6.588215960503239e-05,4.535977156268747e-06,6.84806036148702e-05,5.1665413912742264e-05,7.53387427559507e-07,0.0020500995491096775,9.776364950096506e-08,0.0021378606816515435,5.158635282350515e-08,0.00026156359449721055,0.013794166723737507,5.676053262111993e-08,0.00011200172191086406,0.043022767387097385,2.3252067194214447e-07,0.0002242696896244152,0.0003219647611289523,1.1491321494868485e-06,1.97597254595801e-08,0.0021612206814939127,0.07293950470758971,4.6552515347547145e-05,1.1404045530531719e-07,0.862729308359347
37,1.2163142618690397e-05,7.977287408850283e-05,6.7081211458351475e-06,8.725421055531318e-05,3.724145846203398e-05,4.692621795958735e-07,0.0030398717563773726,1.3014456441282974e-07,0.002191365380509514,6.88829293125906e-08,0.00024600499942716383,0.027597536932084592,7.980622247633392e-08,0.00010149471977050583,0.027858335581419924,2.1095601156097876e-07,0.00019949121972665174,0.0004925195172059703,1.6050439335420135e-06,1.800076617525213e-08,0.0019188651672719897,0.088864438824059,4.4008470239225084e-05,1.7806442051921784e-07,0.8472201674640102
38,1.0534443284295167e-05,6.121137140361563e-05,6.322559889966968e-06,2.6774780460927505e-05,5.129427047817448e-05,7.207327162510307e-07,0.002949808932924908,1.237433116224458e-07,0.0028832157060136553,4.313247122341865e-08,0.0001875187689775237,0.015423365665616234,6.240995092491308e-08,6.53104857866163e-05,0.08129754845342853,3.1228967831237754e-07,0.00010516185284797645,0.000263474880039431,2.150506942239838e-06,1.0426546877683738e-08,0.0011984081132532438,0.055192127615135506,1.5421805023913433e-05,8.368220533519554e-08,0.8402589933716127
39,5.105036578671244e-06,5.33934129424852e-05,4.109846452526771e-06,6.264214360151462e-05,3.938812412316562e-05,5.486433545295575e-07,0.002317370878201478,1.6304797339166827e-07,0.002242750763352487,4.1151527449834464e-08,0.0002587100213546412,0.02357344393738191,7.681148297959612e-08,0.00011248513470419939,0.060190019267149855,3.1798859635737585e-07,0.00023489375642541698,0.0003085491853689717,1.4580994793692604e-06,1.719216388233859e-08,0.0021683820847643435,0.1170690037219584,2.989109026493321e-05,8.581017643261248e-08,0.7913271528506206
40,4.756569409663849e-06,4.534626041175187e-05,4.418971370619878e-06,2.9078751951812454e-05,2.9701447411859473e-05,3.209353181000622e-07,0.0023510392198532997,1.0209873476788984e-07,0.0021689031126684755,2.1710161065641174e-08,0.00016919114744058146,0.02564429695320244,5.633233442910209e-08,7.200832556619139e-05,0.07575598283558094,1.7440122873120914e-07,0.00010141626460612613,0.00016070379035403913,1.1272549222052227e-06,8.232819939028162e-09,0.0012567764790885425,0.07836166296476936,1.57262810970002e-05,4.4619890642125364e-08,0.8138271350398074
41,8.57766431033084e-06,4.9922210156630055e-05,5.111275213047367e-06,2.5727555703268797e-05,0.00010787138416687904,4.437875359449594e-07,0.0028241662721828335,1.0909987534282609e-07,0.0051247169240135415,1.4933741030410432e-08,0.00019411535656363853,0.014752128250709987,7.924845207759263e-08,4.6000919725774815e-05,0.13383626632404283,4.712795373895574e-07,9.852387068682536e-05,0.000191798748455814,8.223215054049096e-07,1.3497045299350959e-08,0.0007518354243691539,0.03876685745142746,8.760099791902764e-06,5.142607529768988e-08,0.8032056146747124
42,3.208808814248139e-06,4.2146406502336884e-05,3.9002542542584594e-06,7.517250214051368e-05,1.95509829878478e-05,5.72771681537042e-07,0.002044493995835401,3.9106673318019014e-07,0.0025309365461536554,5.02757961634129e-08,0.0003001537055886426,0.03954905048006704,1.0236133467430713e-07,8.220468607374046e-05,0.1093895826912818,7.392458875319301e-07,0.00028311780115913084,0.0003137148086969126,3.5731032278687095e-06,1.913066363068331e-08,0.0037596643244248327,0.35459447565503655,2.520565424996268e-05,1.1244975591687455e-07,0.4869778602916527
43,3.081352317502188e-06,5.066051035674794e-05,3.3850376187845466e-06,7.09606859602631e-05,3.066021513291561e-05,9.246077913414579e-07,0.0018513231718906616,1.8906767771490396e-07,0.0017562783953195924,1.3400662912975882e-07,0.0001632473118306666,0.014352589342043238,7.656854703121563e-08,0.00011530843879396078,0.05779703497678746,5.380998975094535e-07,0.0003632580858151376,0.000433910527001911,1.8872222521499311e-06,3.097248702940521e-08,0.004871248159814845,0.18914565753210497,4.147522346575378e-05,9.578973158640111e-08,0.728946044698732
44,5.198031129691136e-06,5.875939863067071e-05,3.879665898854603e-06,6.370370290246721e-05,4.0234493945071797e-05,5.03566981550738e-07,0.0023676131393973537,1.5513240294924165e-07,0.0022231918454276387,4.07986231535149e-08,0.00026253447562192165,0.02413139485220451,7.062249865585745e-08,0.00012030934191381181,0.05812584028661664,2.9847544075386873e-07,0.00021778511673675805,0.00029960193544662715,1.3941531825785035e-06,1.6910386355637484e-08,0.001984114133097709,0.11382028731809239,3.059453332860477e-05,8.411701366978517e-08,0.7962423939530795
45,4.842462270013008e-06,4.161422396375498e-05,5.736697568181303e-06,5.8939637280636186e-05,4.327550990968108e-05,6.142991407309414e-07,0.0035352855798128115,4.3329878588399877e-07,0.003151012989044144,3.162327655015595e-08,0.0004615193914631346,0.02797528912871209,7.055896492946403e-08,8.6045635868712e-05,0.18289312683369902,7.292890764733785e-07,0.00015401040546701578,0.0002841256156026314,2.1034579902004086e-06,1.429869793250272e-08,0.0015197338792973742,0.16244134396406354,1.7463484470060107e-05,8.226470051842416e-08,0.6173225554708739
46,2.868241198865154e-06,3.10144016101985e-05,2.2822033875127476e-06,8.962274296589313e-05,2.7785357999391236e-05,7.248483239249616e-07,0.0009309215833650002,1.5646377298279357e-07,0.0012306001294067645,3.327577773052382e-08,0.0003528015140938817,0.01920534756331655,1.4287100536090467e-07,0.00014814195015543582,0.040007508808232596,2.999977611793406e-07,0.0010724952337141974,0.00037240558216786786,1.5355827191334742e-06,2.859000877013634e-08,0.0030821317045997883,0.25854025027000854,5.468134008330417e-05,1.1502280090486374e-07,0.6748461047215242
47,6.092916161234463e-06,4.021155582868937e-05,3.1411719925856963e-06,3.306074678919969e-05,2.4252954787525285e-05,2.4806919617966164e-07,0.0018811713674052911,8.785648382182135e-08,0.0023052265434616174,2.9492435132958636e-08,0.0001013213258980494,0.03189983268164516,1.0591784095499239e-07,4.95497522332721e-05,0.05221975936622399,2.79771820852683e-07,0.00019785596155155762,0.0002755797093854698,1.376724361685485e-06,1.2624758636651398e-08,0.002023513242934444,0.12590279839522242,1.2854281727074272e-05,6.306794070852419e-08,0.7830215745019145
48,9.88456323692222e-06,0.0001940573401059034,4.8695466754251145e-06,9.545735663123732e-05,5.448066060781698e-05,1.2742488524951242e-06,0.0028031896061904145,3.2712468383352026e-07,0.002659793041090966,1.1211178528850046e-07,0.0006146658049598345,0.028038614256418005,1.0317136244086558e-07,0.0002256824679815547,0.0539528320485208,4.0835524720517097e-07,0.0005182071889646868,0.00038221761289564403,9.601423113919029e-06,2.7968212237562722e-08,0.0030299721321977286,0.24761526976463435,8.292075211781288e-05,2.8892156755156656e-07,0.659705742531946
49,4.4622351431679975e-06,5.0977095744045264e-05,4.4854374797176e-06,7.466491898527324e-05,2.9036039842033696e-05,4.970803466413098e-07,0.0022164494005883053,1.3992853869153782e-07,0.0020262726151340765,4.277079751389509e-08,0.00023707396284851698,0.0287436603751181,7.759637774088919e-08,0.00011725237204082826,0.050082597683367557,2.6673483444825753e-07,0.00019540342309028308,0.0002823665647434314,1.2252052604196783e-06,1.6462755380418138e-08,0.0022048234907459086,0.11501002623822171,3.480569852249182e-05,9.110236694027641e-08,0.7986832855671069
50,3.982393509294388e-06,4.9155875254508254e-05,3.210412015293054e-06,4.233359484189974e-05,3.373242285793578e-05,2.600868796470218e-07,0.00398495575654421,1.7989086350545332e-07,0.0009240147044948128,6.244781088626453e-08,0.0001660031884787465,0.023216057857256528,4.4600174246924806e-08,0.0001281019147264033,0.04342401949790047,1.9789457382600999e-07,0.00012503922117722656,0.00019325108482814665,9.920887549604e-07,1.2166115585171752e-08,0.0013432317378520772,0.08034139310326771,3.0968590009906484e-05,4.0415735421579674e-08,0.8459887590540768
51,7.381368961342081e-06,0.00024702481624393007,3.340997265947115e-06,0.00017393984375552545,1.4943422590067385e-05,3.2238866554650263e-07,0.002191985963896057,2.6760995867952266e-07,0.0028372810798209637,6.015202874630706e-08,0.0002829296257859414,0.047855776125348436,2.6697642241327178e-08,0.00029539621892263763,0.053028159344599375,2.0321922002927244e-07,0.00014544059304983192,0.00041572580513454804,2.5363373235750373e-06,1.102884997153782e-08,0.0016812150267882398,0.26950157697812477,2.524318398029483e-05,7.456121761790285e-08,0.6212891376108257
52,6.4487852176945205e-06,3.034860148097553e-05,3.27735918352572e-06,3.729323036941133e-05,3.895224617671914e-05,8.934057205811507e-07,0.0012432945135180482,1.4822622125622225e-07,0.002322705769884209,3.323058512381332e-08,0.00028106897124984947,0.009139497555419108,4.9706879646159085e-08,0.00011253516492811029,0.0862128119705355,3.6713957597461033e-07,0.00023392182019606615,0.000666949816164264,1.1502589838195702e-06,1.3114937544692584e-08,0.0011181333972649992,0.10453186204657738,1.436038252218401e-05,6.369882338213823e-08,0.7940038195875845
53,5.702387740332427e-06,6.193786893354788e-05,3.9054073549955594e-06,6.482881616269419e-05,3.919988272751614e-05,5.544536398042859e-07,0.0021026093480325946,1.5060665579664633e-07,0.0023193326698204165,4.155339076230763e-08,0.00025835496734012,0.02287427105823508,7.323424114046778e-08,0.0001235470628498081,0.05596035848492503,2.9913700045655413e-07,0.00024144530685238073,0.0003293202058106666,1.5103035586925796e-06,1.748299677976287e-08,0.0020256976940124048,0.11644219808279309,2.9973585098577867e-05,8.896940561888108e-08,0.7971145814304218
54,4.540138503636689e-06,6.0666030983917395e-05,1.8364687305389687e-06,2.3345035128972797e-05,2.35893240904652e-05,1.9487378560548574e-07,0.0014902222402015557,4.7979404453467445e-08,0.0012456950264233544,2.8648348724633326e-08,6.0976067173690953e-05,0.01398798097177683,2.8716631942363756e-08,8.580247420575718e-05,0.04138739674780353,1.1649795597516627e-07,7.431867555485959e-05,0.00015030502065091887,5.843825626765185e-07,7.555450714584376e-09,0.0006674340289277856,0.043330424619674,1.050622576700974e-05,2.0057462000156328e-08,0.8973939321928011
55,5.719593886776729e-06,5.729566660588945e-05,4.118937039687271e-06,6.375026484486063e-05,3.687601907595091e-05,4.59108743403271e-07,0.0024313677873416925,1.4455114913587562e-07,0.002644265616298151,3.648145577963532e-08,0.00023479460745061756,0.02870967691116686,7.951429377700213e-08,0.00010470854166060787,0.05769890796737428,3.013016236633416e-07,0.00019387219477501745,0.00031340261109571467,1.3831909399104512e-06,1.5449054874079168e-08,0.0020323956296473314,0.11203494124245601,2.526672155036223e-05,8.699220690131493e-08,0.7934061330982627
56,5.27856686460369e-06,5.7564492473183645e-05,3.909265498591764e-06,6.301342328297952e-05,3.940503800528759e-05,4.923639863610913e-07,0.0023783215269270563,1.5407632738205485e-07,0.002231560977344709,3.9464436047804576e-08,0.00026381448558594295,0.026604772872116895,8.12903280812938e-08,0.00011923508690009509,0.05717412963893694,2.9319262383729946e-07,0.0002222607299192195,0.0002909908736981455,1.4655859216854818e-06,1.718399363328247e-08,0.002001466691849626,0.11544046207435303,3.075117530985781e-05,8.850467065419226e-08,0.7930704314186461
57,4.094129707814742e-06,4.971485185417978e-05,2.9156756915666535e-06,5.256198002780907e-05,2.8536423466609268e-05,2.9723238885893133e-07,0.0020990650200379338,1.3875855996885563e-07,0.002064007989832194,3.508814429488484e-08,0.00016670991241677586,0.039602887748804626,1.1998604665226511e-07,8.843233498185322e-05,0.055524724421813915,3.194528757748438e-07,0.00025211206061321147,0.00022481959247797384,1.551741446762665e-06,1.9169810461447732e-08,0.0022326243792745813,0.15478119836996534,2.448863600152105e-05,7.227696930204716e-08,0.74279855276679
58,6.572981836233527e-06,6.648860356004979e-05,4.664195614814405e-06,7.259670115454645e-05,4.3456448503861354e-05,5.768776800058171e-07,0.002645626712793024,1.6671599062629204e-07,0.002669565370982488,4.2079922025134695e-08,0.000331864201550336,0.030931901654670142,9.165955765903481e-08,0.00012197504984532074,0.05639119530435974,3.176350969662976e-07,0.000223842082403172,0.000323944186456905,1.8758916548621774e-06,1.8014855382311583e-08,0.002183236057041188,0.1208869912430666,3.6740098758464186e-05,1.3000168593099432e-07,0.7830561202309596
59,6.220584302489915e-06,6.532627644467167e-05,5.239144727756077e-06,7.451694021163792e-05,4.3661898690100636e-05,5.873622535531271e-07,0.002721877926061512,1.680793892357417e-07,0.0027040129978654777,4.4123543591033315e-08,0.00031954673349686365,0.029100468049944317,8.609360732086045e-08,0.00011156518579771111,0.05979718498905233,3.2988582603497817e-07,0.00021297834863166708,0.00030888412133171875,1.7373332113173343e-06,1.8960487583774994e-08,0.0023113058015865073,0.11719234981975128,3.7759772576872724e-05,1.2800211197043886e-07,0.7849840015690964
60,5.198031129691136e-06,5.875939863067071e-05,3.879665898854603e-06,6.370370290246721e-05,4.0234493945071797e-05,5.03566981550738e-07,0.0023676131393973537,1.5513240294924165e-07,0.0022231918454276387,4.07986231535149e-08,0.00026253447562192165,0.02413139485220451,7.062249865585745e-08,0.00012030934191381181,0.05812584028661664,2.9847544075386873e-07,0.00021778511673675805,0.00029960193544662715,1.3941531825785035e-06,1.6910386355637484e-08,0.001984114133097709,0.11382028731809239,3.059453332860477e-05,8.411701366978517e-08,0.7962423939530795
61,6.281039608431014e-06,6.341272679972577e-05,5.166230361568359e-06,7.114567341643257e-05,4.327691861853983e-05,5.65303005651088e-07,0.002738499175926229,1.6792363206908277e-07,0.002628820542541801,4.3823738885773725e-08,0.00030880504650428273,0.029124022245315153,8.898152692038997e-08,0.0001094873470992869,0.05918794248284725,3.2147405207389474e-07,0.00021165269664959657,0.0003112697360978393,1.7163973314756953e-06,1.8683903266079194e-08,0.002243108811043575,0.11548414548798765,3.625732610546159e-05,1.2393068899995803e-07,0.7874236599951978
62,5.198031129691136e-06,5.875939863067071e-05,3.879665898854603e-06,6.370370290246721e-05,4.0234493945071797e-05,5.03566981550738e-07,0.0023676131393973537,1.5513240294924165e-07,0.0022231918454276387,4.07986231535149e-08,0.00026253447562192165,0.02413139485220451,7.062249865585745e-08,0.00012030934191381181,0.05812584028661664,2.9847544075386873e-07,0.00021778511673675805,0.00029960193544662715,1.3941531825785035e-06,1.6910386355637484e-08,0.001984114133097709,0.11382028731809239,3.059453332860477e-05,8.411701366978517e-08,0.7962423939530795
63,5.613014474737568e-06,7.2699028336384e-05,3.901490873165289e-06,6.359906467721504e-05,4.166863130447703e-05,4.991729858220148e-07,0.002352739445577373,1.4857261190638453e-07,0.0022894498556749587,4.436591931877092e-08,0.000251188883852595,0.024251772594661703,6.930131765099374e-08,0.00012226810799814773,0.057941169946737064,2.890792350071317e-07,0.0002135076626393783,0.0002799308349826097,1.5576937328535217e-06,1.7885988166041425e-08,0.0019614899672408233,0.11207309804465233,3.2124517060543876e-05,8.706135420806462e-08,0.7980410657761116
64,4.290414531536443e-06,5.647403081233617e-05,3.6570593595025092e-06,6.534107387553505e-05,3.573581512503194e-05,4.919034551381377e-07,0.0022506049510060445,1.3807949397288573e-07,0.00214118048044114,4.4299840531851235e-08,0.00022114782482366124,0.025686669646893853,7.635338230817611e-08,0.00011685704067108198,0.053785534664827765,2.863020478508494e-07,0.00022170625378757617,0.00028041918646894186,1.3228937600394437e-06,1.7967246189868275e-08,0.0025880994137528076,0.11927318789041019,3.267969498313096e-05,8.306242432166731e-08,0.7932339536965796
65,4.221221066442589e-06,5.640068104537853e-05,3.870331199216231e-06,6.715351809294067e-05,3.646444460063809e-05,4.802125509629798e-07,0.0025386180242172574,1.6520568279099612e-07,0.0016498856664763574,5.251475681352731e-08,0.00022730275874165945,0.021655292046601677,5.8423637461303084e-08,0.00013087103229723283,0.05309078109918869,2.7794366504232885e-07,0.00019914124047408754,0.00026682788419091067,1.1712816819112982e-06,1.78289844944787e-08,0.0020734537368832626,0.10294461481167215,3.5366274485039786e-05,6.959955223305667e-08,0.8150174422182553
66,5.78939059367546e-06,5.467854212438742e-05,4.389003311400536e-06,5.594286750086786e-05,4.702878677434744e-05,5.862196240860756e-07,0.002280389854565772,1.3263892635642903e-07,0.002243873808763375,4.357283364246783e-08,0.0002532264617866054,0.02012723790688591,8.179988830602843e-08,9.813111218311421e-05,0.055206455659977,3.002731896656163e-07,0.00024085438447195604,0.00030734388458136775,1.433314277273585e-06,1.92814348852171e-08,0.002131326577610057,0.09745333447466435,3.288966842088963e-05,1.0054267284407133e-07,0.8194544099729378
67,1.642774688709778e-06,1.7708987216855072e-05,3.133996187696281e-06,0.0001995051524912993,2.992697145447843e-05,2.417819071535487e-06,0.0006691967080457768,1.1047842417810762e-07,0.0006873219312654679,7.282470958647867e-08,0.0003608851761522478,0.010880398270624283,2.0086114045488985e-07,0.00042117815597580435,0.01586575411327305,3.204015753800829e-07,0.0010265854949528018,0.00044782084637966897,5.549375451393481e-07,6.595335742908959e-08,0.004355788088132517,0.08053928817908163,0.00018922608634815602,1.7561302611395665e-07,0.8843007201788797
68,5.808291194009602e-06,6.197772150217805e-05,4.75126975792074e-06,7.749384359750496e-05,3.7076230987953715e-05,5.390398508305883e-07,0.002476514139858039,1.6226374701529573e-07,0.00239144844304339,4.650694915853837e-08,0.0002615692925158648,0.02711491321085016,7.488463544954761e-08,0.00012493335808844546,0.04949922284105108,3.01932778199014e-07,0.0002162462182012017,0.00033575205908026394,1.4235798119149126e-06,1.7584059850147487e-08,0.0023209750188185768,0.11371018582932295,3.452752355135964e-05,9.997594788344187e-08,0.8013239389407988
69,5.266627288373204e-06,5.170577147600416e-05,3.193594759659653e-06,5.050004906135571e-05,3.4863636300885837e-05,4.289740543012724e-07,0.0019481173951161456,1.21455336827158e-07,0.002087297846993152,3.522774136075995e-08,0.00019316071139281523,0.020566904964331282,6.502343561029975e-08,0.00010686411837391302,0.053265434393036964,2.5626283728112586e-07,0.00021442726652734118,0.00031531040323220583,1.169808309451281e-06,1.4103863938063857e-08,0.0016463597093657988,0.10566707862195397,2.158297273572377e-05,6.232304428832224e-08,0.8138197787394315
70,4.9868189751851175e-06,2.3740085375130288e-05,3.6781671925876755e-06,5.185082751673938e-05,2.4216916648080814e-05,1.9846316349688645e-07,0.0018464524641328827,1.6443716100185332e-07,0.0012720031273886255,2.5626579184092546e-08,9.168502361401347e-05,0.016741946776651414,5.340141741787023e-08,0.00011261783583381195,0.044715254779061936,2.8792124900314946e-07,0.00013361019945873711,0.00034463455329706433,2.4909362593656024e-07,1.3520050556941978e-08,0.0005894386270582952,0.0533001499395727,7.914831309853684e-06,1.7078942654908966e-08,0.8807348094847237
71,2.6072345441412285e-06,9.708835769375129e-05,1.1775859042235352e-06,4.918886089693771e-05,9.067385657237425e-05,1.567142038608784e-07,0.002204827367897387,5.927156206921526e-08,0.0011280170348683418,6.094940333717646e-08,8.33993016871049e-05,0.017162829057856398,7.411418809530609e-08,0.0001305763364941638,0.030894555613694093,2.5327565425193514e-07,0.00016482436050893623,0.00010320311326244422,4.086949687627959e-07,6.329635944608568e-08,0.0013353056381829492,0.03923722959932523,5.253768367629712e-05,4.292595529797946e-08,0.9072608397546401
