,0,1,2,3,4,5,6,7,8,9,10,11,12,13,14,15,16,17,18,19,20,21,22,23,24
0,8.772488586441576e-05,0.00019077190344808295,4.6679454077449217e-05,8.677911089451359e-07,6.03840489148651e-05,0.00024248562089891138,8.728241571016368e-05,2.079978144558338e-06,0.016613553876414302,1.3380685935730859e-05,0.000594375798337824,0.004151228504638786,1.2573894391722222e-07,0.008514463836586992,0.000476386866156548,0.00022107346616244127,0.004343771019231588,1.4709272082430148e-06,6.414266887423482e-06,8.598133637361745e-08,2.7949362022130836e-05,9.625940840684703e-05,0.0016380470248709398,0.0005502551210939285,0.9620328820175986
1,3.962040881974814e-05,0.00011779172575320971,3.283276484601336e-05,5.962367101830835e-07,2.7075538039373167e-05,0.0005222585505290212,5.6555750265900876e-05,2.013870038501588e-06,0.06731666631711218,4.943788719307341e-05,0.0003283750388744146,0.0011645056488463806,1.05036878964255e-07,0.014285674631587983,0.0006731360919478449,0.00014250741548100338,0.000674227144248044,1.6730450055494815e-06,9.885551643867706e-06,1.2908430879308195e-07,1.7281965941256746e-05,0.0001259867494759883,0.00134962082446963,0.0003864797134701412,0.9126755630085129
2,2.9098171312035946e-05,0.00011648458091684523,2.1302275088207774e-05,4.291586635890064e-07,2.585927422958136e-05,0.000286108283913301,3.397405740858342e-05,1.611899016507827e-06,0.04488958242185412,2.929563766732198e-05,0.00035230908220412977,0.0011642651257388456,6.675579363419982e-08,0.01669115508262029,0.0006968482065508993,7.41855914175949e-05,0.0005827130577732115,8.863505998832979e-07,4.909306874866254e-06,9.517993248081815e-08,1.068478387153158e-05,0.0001226927100206148,0.0008377793707356722,0.00023456692369417463,0.9337930967121021
3,4.99572535947466e-05,0.0001431243499319653,2.8232798513313336e-05,5.71324688140591e-07,2.919685882167473e-05,0.0004400252809723819,4.8660093782276986e-05,2.0905687946018483e-06,0.04662141676386289,3.3575322267477545e-05,0.00047053564491268685,0.0015013795043716303,9.540690349684722e-08,0.014813637347918728,0.000700856575835831,0.00010535106402551708,0.0009551175650172817,1.4007945378178035e-06,7.377408851248073e-06,9.958202275939477e-08,1.5905204113781315e-05,0.00015465701643742037,0.0012338542305521103,0.00029665620919539437,0.9323462258300748
4,4.956714999769772e-05,0.00015605515789811835,2.9901915369309404e-05,5.78958043980311e-07,3.149174057061518e-05,0.00039096097950182853,5.0244461167277016e-05,2.2001515665243684e-06,0.048824998434941265,3.532819988381481e-05,0.0004835550155271413,0.001556776126265482,1.1023352217176357e-07,0.017738347630143984,0.0006444682600176955,0.00010108886652619945,0.0009390729787464948,1.5482460601524406e-06,7.49893725779633e-06,1.1440640266264164e-07,1.816842688442734e-05,0.00016623609924460892,0.00120239161755758,0.00031630686293652413,0.9272529891439666
5,6.641537290272252e-05,0.00016855415274710182,4.255729007424252e-05,9.424054514935077e-07,4.215015147345058e-05,0.0005703284646963352,6.239433758413244e-05,2.620588131233335e-06,0.062345771680894606,5.079174558039474e-05,0.0005537136286241282,0.001563981809255726,1.3767148937241597e-07,0.021171755839424652,0.0006805135051950965,0.0001263908315741784,0.0011766692489717427,2.903950051018439e-06,9.8488191981119e-06,1.5956537759537208e-07,2.522738578997926e-05,0.0001539385601877232,0.0021570649548054662,0.00045892372018377733,0.9085662443203357
6,4.99572535947466e-05,0.0001431243499319653,2.8232798513313336e-05,5.71324688140591e-07,2.919685882167473e-05,0.0004400252809723819,4.8660093782276986e-05,2.0905687946018483e-06,0.04662141676386289,3.3575322267477545e-05,0.00047053564491268685,0.0015013795043716303,9.540690349684722e-08,0.014813637347918728,0.000700856575835831,0.00010535106402551708,0.0009551175650172817,1.4007945378178035e-06,7.377408851248073e-06,9.958202275939477e-08,1.5905204113781315e-05,0.00015465701643742037,0.0012338542305521103,0.00029665620919539437,0.9323462258300748
7,0.00020493886860764867,0.0002322968714196667,5.873224173246373e-05,7.994934883045419e-07,4.344320472594131e-05,0.0007751588755431871,0.00010888634812256857,5.901253344358934e-06,0.054144986957826824,4.45105757486026e-05,0.0014283390111757429,0.002820171466357585,3.4002659506122576e-07,0.01650917370384958,0.001012156920156488,0.00015782668624769578,0.0016364223295014823,3.2682278156526335e-06,1.398278664779659e-05,1.70117568828033e-07,3.3766523882689754e-05,0.0004362293963108029,0.0012491561082961875,0.0003127569069932531,0.9187665850980415
8,3.445543528577711e-05,0.0001031308839246842,3.478566322612569e-05,4.4183782613274234e-07,1.8671361295544468e-05,0.00021166054817555965,1.3125995171270313e-05,5.991549590242953e-07,0.03240716110404315,3.0141943603842047e-05,0.00016173644745575398,0.0008660553171470239,4.9706481784805764e-08,0.011232833262213512,0.0004062108523190059,7.480694522519625e-05,0.0007161266640936338,5.378278980766043e-07,1.9813287076374317e-06,7.570255142218151e-08,5.736993110322817e-06,5.2928037474713144e-05,0.0012213158588648694,0.0004839654774167928,0.9519214656515291
9,1.7434221607159384e-05,0.00011770206405038047,3.048858436251907e-05,3.94788949435146e-07,1.4460355404275126e-05,0.000172618746808633,1.3037544503064608e-05,7.040203065647435e-07,0.036997134676051466,4.807883775310847e-05,0.00011800549797421,0.0006556282566932938,4.8718429136550434e-08,0.015960727741389773,0.00036786083591410927,9.176980475624825e-05,0.0005336540788309455,6.343578121299255e-07,2.9637720947404572e-06,9.961634915177137e-08,7.268546939158826e-06,5.150375242450968e-05,0.0010188306175696387,0.0004391437682288589,0.9433398067947975
10,4.99572535947466e-05,0.0001431243499319653,2.8232798513313336e-05,5.71324688140591e-07,2.919685882167473e-05,0.0004400252809723819,4.8660093782276986e-05,2.0905687946018483e-06,0.04662141676386289,3.3575322267477545e-05,0.00047053564491268685,0.0015013795043716303,9.540690349684722e-08,0.014813637347918728,0.000700856575835831,0.00010535106402551708,0.0009551175650172817,1.4007945378178035e-06,7.377408851248073e-06,9.958202275939477e-08,1.5905204113781315e-05,0.00015465701643742037,0.0012338542305521103,0.00029665620919539437,0.9323462258300748
11,5.382663922151214e-05,0.00014636543733532374,2.964033373909861e-05,5.874565162852269e-07,3.083845526773778e-05,0.00042883327992824643,5.1641309784957116e-05,2.183852507923386e-06,0.046991209052022594,3.324458796563462e-05,0.0004887208902881718,0.0016196598967803948,1.0923555807833349e-07,0.01499534208166509,0.0006926413557611834,0.00011150114131045666,0.0009845942035864117,1.4865875961312185e-06,7.5375734689572975e-06,1.106352613795471e-07,1.6852920656428136e-05,0.00016462684624862743,0.001232160685553803,0.0003249130026117747,0.9315913725393639
12,4.26357141462339e-05,0.00011655625518610672,3.0057410267628444e-05,4.4533869680083055e-07,3.875594489529537e-05,0.0003307750228951327,3.970380334565934e-05,1.289102917219261e-06,0.04394470020437109,2.520994396642667e-05,0.00044980459586106756,0.0012407338315045561,7.871127595407206e-08,0.016410197955502477,0.0005026628889702394,6.35135880104117e-05,0.0008901021468853803,1.0952270135033764e-06,4.281226301741085e-06,9.862075921347722e-08,1.547604260303438e-05,0.00011237058138069864,0.0012475268671632127,0.000349953386153523,0.9341419755899273
13,3.325156909237914e-05,0.00010761795591380759,9.439724121263018e-06,1.6769197514281005e-07,2.42383659307605e-05,9.407487313491151e-05,2.6768425846203164e-05,2.268921427335713e-06,0.018880599783788726,6.32410367290015e-06,0.0010025878091149626,0.0026121677938077074,5.321619386696454e-08,0.016584606075628103,0.0006371699862631224,2.8688672093602852e-05,0.0005106653296158146,4.0814462785200027e-07,2.692698267505659e-06,3.877214742739121e-08,8.514020184979202e-06,0.0002337167608614897,0.00020522216766488016,7.666390811486962e-05,0.9589120532305104
14,0.00012146738801666553,0.0011745642276196936,7.639113788194811e-05,1.8834077555402136e-06,0.00022334333909635162,0.00040572491645109686,9.832308202887503e-05,4.906023621916066e-06,0.047275777066856456,9.321211628002452e-05,0.0026137142637715047,0.002259361583598588,4.4371876607991033e-07,0.06253864248727409,0.0005044447528061487,0.00010504181434369324,0.005032623691018326,9.451437495700193e-06,3.5547436847638504e-05,2.45555226781122e-07,0.0002390868303437916,0.0003642372820723478,0.0028509829412830274,0.0007245728949880139,0.8732460106045558
15,4.99572535947466e-05,0.0001431243499319653,2.8232798513313336e-05,5.71324688140591e-07,2.919685882167473e-05,0.0004400252809723819,4.8660093782276986e-05,2.0905687946018483e-06,0.04662141676386289,3.3575322267477545e-05,0.00047053564491268685,0.0015013795043716303,9.540690349684722e-08,0.014813637347918728,0.000700856575835831,0.00010535106402551708,0.0009551175650172817,1.4007945378178035e-06,7.377408851248073e-06,9.958202275939477e-08,1.5905204113781315e-05,0.00015465701643742037,0.0012338542305521103,0.00029665620919539437,0.9323462258300748
16,5.006629466140525e-05,0.00014205947532235352,2.957482314613803e-05,5.865020219580687e-07,3.019750417384928e-05,0.00046045373669135353,4.94143808457851e-05,2.039021244035545e-06,0.048537789645596935,3.499166530068171e-05,0.00046095771218209776,0.001446021203855657,9.668798678525103e-08,0.014747251790881571,0.000688141513683032,0.000107210924438587,0.0009620300523430066,1.4414899122123695e-06,7.43294677741335e-06,1.0400343046157334e-07,1.6383688747001298e-05,0.00014844177999030653,0.0013237653416567927,0.00031798402990957487,0.930435563785201
17,5.6498741013758804e-05,0.00014523435907565384,3.119057218489553e-05,5.360978992919194e-07,3.617179493585847e-05,0.0003799412841639338,5.552839295906636e-05,2.047890072319011e-06,0.04718151349822272,2.7650322152472014e-05,0.0005488773736468597,0.0017335784322327784,1.0809139515630128e-07,0.017214498722407077,0.0005506501167889821,8.887340503420781e-05,0.001046662114800954,1.5545390854999594e-06,6.4376435478284834e-06,1.0343055217817024e-07,1.9629308754026958e-05,0.00015775953984831491,0.0012718662735449093,0.0003361935244468474,0.9291068945312344
18,0.0009721658058613514,0.000698170263620474,0.00011062981116337855,1.4200454917263849e-05,0.0002979550308077218,0.00737802829924717,0.00027382808928118276,2.7482703770832354e-05,0.38948769230007435,0.0002665569390184948,0.0051531664442965785,0.003004991640492969,1.431003167585123e-06,0.031166253791918067,0.0034556053684423405,0.0001949565400979454,0.002090349894616422,2.495669830369128e-05,7.016370932157034e-05,5.352193462810825e-07,6.093101436546106e-05,0.0016198737563953157,0.0055611493299393714,0.000719737896765027,0.5473491879947692
19,3.4083099888696726e-05,0.00017067373917086965,2.2287650846313606e-05,8.657300923832291e-07,3.1869641576866045e-05,0.000592257308516753,4.6227312412821256e-05,1.8470126891809307e-06,0.0663567180041487,4.7659759947049895e-05,0.00029303593897366724,0.0015140290972659053,8.780785181259493e-08,0.014148571011307553,0.0008845176231073538,0.00011293782814117722,0.00073507028110696,1.0008070293973023e-06,7.202643093158811e-06,1.0480907810096573e-07,9.04023002659884e-06,0.00017193510860706463,0.0011105894918402718,0.0002984607024057718,0.9134089273608754
20,4.621276865632763e-05,0.00019795677403494438,1.9639107732915606e-05,5.860856164709883e-07,2.92641484816425e-05,0.0004790888251252525,4.5357213908542415e-05,3.2666818281963005e-06,0.05473600883958634,4.237603268196996e-05,0.0006152661147040187,0.0015031239074970325,1.1394710477904623e-07,0.019701207877838144,0.0010647685169916006,8.837453919015984e-05,0.000801515427971287,1.228197908678661e-06,9.356513156781214e-06,1.1249055465031775e-07,1.4674177020764831e-05,0.00034289202859824234,0.0008024351279017585,0.00018721692058423187,0.9192679577353252
21,7.442120689781881e-05,0.00012741029685846983,5.308509326195413e-05,4.91276414636906e-07,2.6331118219431236e-05,0.00018689526415820493,4.828517556916546e-05,1.905586351460074e-06,0.03346029153863799,2.32916342612653e-05,0.00043472551038786805,0.002436464075543564,1.338471976524801e-07,0.019930814111648005,0.000310304919244465,0.0001230499416629966,0.0011639682847244,2.231292062960482e-06,4.426141907456157e-06,1.1615042704005994e-07,2.1674202485775003e-05,9.484676222403154e-05,0.001256011862327489,0.0005007221258043513,0.9397181025817215
22,0.00012399462248135234,0.00025028357240728023,6.803681229499162e-05,1.0440360748222774e-06,4.06255892817364e-05,0.0007411543545211396,6.425071123651508e-05,4.765237694063484e-06,0.04319316502342168,7.212214847211316e-05,0.0009762275866396977,0.0017256483838015244,1.9780448000679173e-07,0.024650446946823622,0.0007298681545570575,0.00015178823103396329,0.0027114158960864342,4.256971662484151e-06,1.379268735749404e-05,1.7649618535768531e-07,4.331070839902506e-05,0.0002723568284427263,0.002511488578525513,0.0003688749945922601,0.9212807076235271
23,4.99572535947466e-05,0.0001431243499319653,2.8232798513313336e-05,5.71324688140591e-07,2.919685882167473e-05,0.0004400252809723819,4.8660093782276986e-05,2.0905687946018483e-06,0.04662141676386289,3.3575322267477545e-05,0.00047053564491268685,0.0015013795043716303,9.540690349684722e-08,0.014813637347918728,0.000700856575835831,0.00010535106402551708,0.0009551175650172817,1.4007945378178035e-06,7.377408851248073e-06,9.958202275939477e-08,1.5905204113781315e-05,0.00015465701643742037,0.0012338542305521103,0.00029665620919539437,0.9323462258300748
24,4.184552248910596e-05,0.0002480387828725179,2.73702805756523e-05,1.0177907832737252e-06,3.377968570242384e-05,0.00046415719583192363,5.1525356951117595e-05,2.7625397059507993e-06,0.05184435852431103,5.771149473836847e-05,0.0004293404150784055,0.0015049043655791675,1.0632657884748153e-07,0.021542998440576624,0.0008173805645684617,0.00013647106629814882,0.001258978374551226,2.0731913564281738e-06,1.2619811432034983e-05,1.1827733428773541e-07,2.1199974497852128e-05,0.00017885165771168156,0.001660506437226891,0.00031342196274233006,0.9193484619605062
25,0.00012567299597135014,0.00014982850759957518,4.805287770276052e-05,7.743504813532745e-07,7.362870118568674e-05,0.0004366804876294225,0.00015438805378788722,8.432841525466637e-06,0.05171485612208532,2.2228128569623956e-05,0.0020013704905572963,0.004152356321714628,2.2715427475488954e-07,0.0311982085460714,0.0005365500833336759,0.00010216860930345342,0.0015125187632013988,5.518556411489286e-06,9.9510161557936e-06,1.8259445497574538e-07,5.235943758097509e-05,0.0002811617703986804,0.0014839630818839886,0.00031074510496389773,0.9056181754031551
26,8.920873570852599e-05,0.00013106574635043792,7.33869911618271e-05,1.0591101296562533e-06,5.6487489025191635e-05,0.0006098873072289908,4.926182821149336e-05,1.2189506328347213e-06,0.09644014951692818,5.332392467181669e-05,0.0003723429763435519,0.0011231900734936207,1.360986177912777e-07,0.019949830102958893,0.0003939440022272842,0.0001037743882566313,0.001052796178535312,3.3742347590758143e-06,5.595783242618233e-06,1.87738011021548e-07,2.3101775180358513e-05,7.540927900114284e-05,0.004321193317573307,0.0011983999809623395,0.8738716744707882
27,3.913207474680804e-05,0.00012956687311297709,1.712530095609427e-05,5.256568585831826e-07,2.4670004827302535e-05,0.0005530525099014438,4.148755674779339e-05,2.07354040007306e-06,0.07117656293623759,3.508577349331133e-05,0.00038182466777502685,0.0013753281459434614,8.396896722338051e-08,0.012331878849965896,0.0009581624683115984,9.07703566046304e-05,0.0004904180789633474,8.825917592611253e-07,7.070454284543077e-06,8.937127322398075e-08,8.305246519367658e-06,0.00022485845297983152,0.0007832289149681679,0.0002384583080390725,0.9110893578963635
28,4.99572535947466e-05,0.0001431243499319653,2.8232798513313336e-05,5.71324688140591e-07,2.919685882167473e-05,0.0004400252809723819,4.8660093782276986e-05,2.0905687946018483e-06,0.04662141676386289,3.3575322267477545e-05,0.00047053564491268685,0.0015013795043716303,9.540690349684722e-08,0.014813637347918728,0.000700856575835831,0.00010535106402551708,0.0009551175650172817,1.4007945378178035e-06,7.377408851248073e-06,9.958202275939477e-08,1.5905204113781315e-05,0.00015465701643742037,0.0012338542305521103,0.00029665620919539437,0.9323462258300748
29,4.99572535947466e-05,0.0001431243499319653,2.8232798513313336e-05,5.71324688140591e-07,2.919685882167473e-05,0.0004400252809723819,4.8660093782276986e-05,2.0905687946018483e-06,0.04662141676386289,3.3575322267477545e-05,0.00047053564491268685,0.0015013795043716303,9.540690349684722e-08,0.014813637347918728,0.000700856575835831,0.00010535106402551708,0.0009551175650172817,1.4007945378178035e-06,7.377408851248073e-06,9.958202275939477e-08,1.5905204113781315e-05,0.00015465701643742037,0.0012338542305521103,0.00029665620919539437,0.9323462258300748
30,4.99572535947466e-05,0.0001431243499319653,2.8232798513313336e-05,5.71324688140591e-07,2.919685882167473e-05,0.0004400252809723819,4.8660093782276986e-05,2.0905687946018483e-06,0.04662141676386289,3.3575322267477545e-05,0.00047053564491268685,0.0015013795043716303,9.540690349684722e-08,0.014813637347918728,0.000700856575835831,0.00010535106402551708,0.0009551175650172817,1.4007945378178035e-06,7.377408851248073e-06,9.958202275939477e-08,1.5905204113781315e-05,0.00015465701643742037,0.0012338542305521103,0.00029665620919539437,0.9323462258300748
31,8.848682782832146e-05,0.00019546415864714591,5.306973446340403e-05,6.72955098047533e-07,2.2845720784635495e-05,0.0004251793526035628,5.671324538140766e-05,4.3625065498039496e-06,0.038079589512774466,4.708824071517393e-05,0.0005438436986036735,0.0018691672549734607,1.360212324656575e-07,0.01780367822962006,0.0005444861069341136,0.0001776440668703166,0.0015664381974468762,2.548161427521037e-06,8.632732092922732e-06,1.202121754049212e-07,2.395698528726654e-05,0.00017878762943499162,0.0014538921071663912,0.00030939233538382333,0.9365438040065048
32,4.8057742003021435e-05,0.00014548180226154104,2.7493019369046463e-05,6.138419607610045e-07,2.9219334544016736e-05,0.00047759609287144236,5.176253632427947e-05,2.2312923352784324e-06,0.04721821975204676,3.716192261218798e-05,0.0004700309352693968,0.001434482177159587,9.938363642275908e-08,0.01437029069733163,0.0007924346882662055,0.00011969274933675587,0.0009984933585706211,1.5005894256412043e-06,9.321972834342435e-06,1.0541641855874308e-07,1.775599846732536e-05,0.0001626573416524785,0.0013181693762026356,0.0003010827583397106,0.9319660452207603
33,0.0001270716728528773,0.00024383900170838623,3.373900427093481e-05,8.415707466069722e-07,3.9844215663518944e-05,0.00040627217913945815,0.00010794117758871446,5.939785411284904e-06,0.02879358621887498,2.2768465893052283e-05,0.0012139511918439476,0.005151027132302431,2.2715581455371376e-07,0.015514952964014695,0.0006363480708682325,0.00021657854780052053,0.0028864087755766208,3.1513050107136244e-06,1.3280816531276212e-05,1.1222545567045073e-07,3.52036885698588e-05,0.00035763658477325845,0.0012214927251785303,0.0003223009243871134,0.9426454845997227
34,0.0005562360149314433,0.00012955194588624476,7.84248008081679e-05,1.4679153825198163e-06,0.00011195229821124974,0.0011640510202024956,0.0001646567685715795,5.485843511999701e-06,0.12157938929948554,3.6094059226958465e-05,0.0026513281462949368,0.002185418375776123,4.3167050907268945e-07,0.01519266170107844,0.0017585193543943863,0.00012685130254754323,0.0012721635198415832,8.553867142649213e-06,2.644626730573487e-05,1.8433757760542592e-07,6.098875195990493e-05,0.00035352161611288427,0.0031325301827117256,0.0006891495456687965,0.8487139413948603
35,2.303698784233925e-05,0.00011529594297956374,2.0880095388867324e-05,3.8265355816091576e-07,3.140076390375529e-05,0.0002624809158372544,3.104957129490612e-05,1.0114161462319605e-06,0.03543872174982005,2.42566994795862e-05,0.00034657239660425943,0.000905939249877207,5.410076001580291e-08,0.015669498834481287,0.0006589048562002257,5.3139301898938005e-05,0.0006900013410076828,6.443343316638932e-07,4.28220138280009e-06,8.227062222276297e-08,1.2877378779116697e-05,8.731231850616602e-05,0.00102561081840197,0.00023580123161867907,0.9443607625692771
36,3.871009582682192e-05,7.986019111086509e-05,3.3677929009769174e-05,3.3597395364415924e-07,6.36094708115974e-05,0.00031874509231969166,4.0086900653046604e-05,6.346957552555444e-07,0.033780974510219705,1.5274795415277104e-05,0.0005917686518002876,0.0008866364595042853,6.993265669113326e-08,0.01015943404844292,0.0004747653233643181,4.787351160371364e-05,0.0007480825595161469,9.162650628333489e-07,4.022448436000455e-06,9.935858234995091e-08,2.3848005015053923e-05,5.0629793039386865e-05,0.001652335473473826,0.0005637726079637978,0.9504238359064627
37,9.048924758593848e-05,0.00012240946965943976,6.569869479963007e-05,5.148921488147415e-07,4.4475041831499714e-05,0.00027368905159694224,6.527362228433465e-05,1.4135233135714288e-06,0.05080997822417507,2.5191929493986086e-05,0.00047790163611567275,0.0019970387718475833,1.7024511833082333e-07,0.019119920546067714,0.00029632450018127,0.0001038284082288404,0.0011510942886999974,2.48532748014961e-06,4.558610668321686e-06,1.4894959398126054e-07,2.7980008750997234e-05,9.435542394716542e-05,0.0017441052872877113,0.0007649869505442654,0.9227159673485789
38,0.0001034591173334028,0.0001264756498715142,4.411249773914596e-05,1.1483132494892922e-06,2.6622990675786567e-05,0.001826980329744855,0.00015756222253450334,4.153700328043652e-06,0.06025581974151393,6.439735337811144e-05,0.0005498380512505207,0.0017923025125803503,2.0082827208593367e-07,0.008253282206611555,0.0015148310095009704,0.00043120106599004983,0.0017732349316852444,4.224697614798492e-06,3.0130589780760485e-05,1.8781447622579227e-07,3.169445114993942e-05,0.00021731110599312048,0.0031812130309364895,0.00043258635457849796,0.9191770294332106
39,7.852681187688987e-05,0.00011475713166430724,3.173894284556026e-05,5.798044929275942e-07,2.153077796215041e-05,0.0007964907197561795,0.00010725146322655632,5.226607293928078e-06,0.03293649427854097,2.696727279441907e-05,0.000683761888053363,0.002845501627476193,1.3503137038524224e-07,0.008643627339705438,0.0007384158386517006,0.00024381708489352254,0.0016137635453651379,1.9871363563557557e-06,1.228715435423042e-05,1.040176532005344e-07,2.2997483932169128e-05,0.0002496735159534545,0.001282172095516095,0.00026067032842678036,0.9492815221018381
40,5.32033808614998e-05,0.00012836403631160607,2.275779449948727e-05,2.991908025217576e-07,2.254187400732738e-05,0.0003140183070339067,3.443653657315317e-05,1.5036258616210395e-06,0.03114215947950197,1.6183127819085127e-05,0.0004766046121946361,0.0018396004470184386,7.573328261171746e-08,0.011187760336791731,0.000650591453490691,5.6444622184678104e-05,0.0007779725310035781,4.900057217983248e-07,2.897350331983034e-06,5.820793743292423e-08,7.938925961937574e-06,0.00019209807800834545,0.0005176105536814095,0.0001587477114825855,0.9523956420776359
41,3.38381855068195e-05,7.669578666674806e-05,1.405751583204802e-05,1.2619553983146085e-06,5.737415645564504e-05,0.0011918275843545358,3.3519614841979395e-05,1.126099480664869e-06,0.11653411048973195,3.515035083184037e-05,0.0003228097555269478,0.0010156136320158163,3.947584052934695e-08,0.006532609591114659,0.002711397557475808,6.438240462295139e-05,0.00031016829035628534,4.98229203952864e-07,5.594799974214481e-06,6.818306519266601e-08,2.8044210498082234e-06,0.00010695963184952007,0.001159209911199528,0.0002541355817468697,0.8695347467958574
42,6.141416262740882e-05,0.00019968873332914714,1.7566907753913843e-05,6.30386304775662e-07,2.6321729604679804e-05,0.0007948408525745307,6.567874345110664e-05,4.333421839266695e-06,0.051597192165410324,4.0087500999642886e-05,0.0006391589464236386,0.0020994677842253776,1.421926112304675e-07,0.009568959808106731,0.0013122080920166328,0.00017518089504259268,0.001172753148269152,1.0268934442028917e-06,1.5717501536817318e-05,9.110725315695154e-08,1.4266979878166414e-05,0.0005566022541732361,0.0006944607656198733,0.00019809106696633245,0.9307441179605381
43,5.1019556131900026e-05,0.00016270129853759434,3.288955797440315e-05,9.77363781372519e-07,3.089348621218077e-05,0.0013744491822196402,5.2483839436017576e-05,3.4243704687359304e-06,0.08131935425047195,0.00010674605285860521,0.00047821980239725416,0.0008416887107546101,1.2515162467935771e-07,0.015077631143934204,0.0014817545323292734,0.00014678311852559095,0.0008570224697369098,1.9068443451261663e-06,1.7504198187179067e-05,1.67561462033629e-07,1.959417763129101e-05,0.0002818344873162183,0.001751910004228321,0.00029833455564789264,0.8956105842837869
44,4.99572535947466e-05,0.0001431243499319653,2.8232798513313336e-05,5.71324688140591e-07,2.919685882167473e-05,0.0004400252809723819,4.8660093782276986e-05,2.0905687946018483e-06,0.04662141676386289,3.3575322267477545e-05,0.00047053564491268685,0.0015013795043716303,9.540690349684722e-08,0.014813637347918728,0.000700856575835831,0.00010535106402551708,0.0009551175650172817,1.4007945378178035e-06,7.377408851248073e-06,9.958202275939477e-08,1.5905204113781315e-05,0.00015465701643742037,0.0012338542305521103,0.00029665620919539437,0.9323462258300748
45,4.679983501089206e-05,7.409993114145678e-05,1.3646429448725061e-05,1.0202796424686807e-06,4.5520351012804954e-05,0.0014937534744715701,0.00014110011140213124,3.57600567640534e-06,0.09857305733692223,2.954024578936972e-05,0.0005368047821382597,0.0019742017278253977,1.0626011768328814e-07,0.0058467752028087275,0.0028418057304990673,0.00020923446913368856,0.0005119124635038317,1.3165851669444125e-06,1.8090147695451807e-05,1.3302332221513537e-07,8.841502347368593e-06,0.00024392454067051318,0.0011511464733464732,0.0002474507166889691,0.8859861423742174
46,0.000124062982516084,0.00022647866957055456,2.8285747379313928e-05,6.429578201818108e-07,2.1971304671545998e-05,0.00041848024064687763,4.929656219341835e-05,3.103481975676918e-06,0.012392864323963646,1.670076105278186e-05,0.000711438153701342,0.004036746518897517,1.2310419088772691e-07,0.0063745389994425096,0.0007892549074964055,0.00020364202291658996,0.00497238865467693,8.509986615068901e-07,6.8283821210659165e-06,5.493363400766631e-08,1.4019023894123787e-05,0.0003240651528500595,0.0009882102171013625,0.0002146772062024409,0.9680812746924232
47,7.142121454599713e-05,0.00023240166904146204,1.9580974339771576e-05,2.887059667127917e-07,1.268142495198251e-05,0.00024200100620896023,3.6504525324382215e-05,2.291821193633835e-06,0.027342983966020726,1.956203116568026e-05,0.00038962278414482845,0.0031380172456196885,1.2063539695313065e-07,0.008357963677242028,0.0005154108329005576,0.00014076174360049343,0.0010510611819345608,5.725191431818595e-07,4.3862710348805615e-06,5.43839103013591e-08,6.728699448251909e-06,0.0003300438816204447,0.00033770547403799396,0.00019544641885994944,0.9575523869123467
48,5.541544978167222e-05,0.0005878424675670774,2.9043049863228834e-05,1.120365425173636e-06,1.7345363839419158e-05,0.0005155118442747815,4.4780005471125656e-05,4.451330136877789e-06,0.022847876838233472,8.158377041772974e-05,0.00037603176028287407,0.0019011821057502813,1.1557792139528208e-07,0.01595144978407595,0.0009660082642979537,0.0002710617699270108,0.004405066191801017,1.487825293548602e-06,1.6844355552771456e-05,8.622291518939773e-08,1.9857464848613733e-05,0.0003512231829972842,0.001460845443462498,0.0001806299374029276,0.9499131396284601
49,7.313553233266558e-05,0.00014579559498241828,3.7194642539975704e-05,6.078291601031702e-07,3.0713693980522925e-05,0.0006093672506340703,5.7388186276859125e-05,2.5487383766973196e-06,0.052863169244801986,3.2214451705582024e-05,0.0005695014901194206,0.0020873342587403292,1.1979917353768587e-07,0.01430205782215317,0.0005871388976098855,0.00010318735818648384,0.000994480394997939,1.5216601921953777e-06,5.583078234278685e-06,1.091631201520196e-07,1.4395564211824625e-05,0.000184755608654677,0.0012459179351381655,0.0003259837712143726,0.9257257780334626
50,3.9285189492899366e-05,0.00016859189811672208,2.7151042872740827e-05,5.564652150710406e-07,2.4578219447821765e-05,0.000434772389508633,5.593583946439846e-05,2.6843674836765726e-06,0.04896034992916934,4.560190610444554e-05,0.00040354050543058706,0.0014288948344935173,1.0605856809781393e-07,0.017338330070803414,0.0007547820790198979,0.00011764228487455092,0.0008647736945321083,1.3335585766802245e-06,9.6903917777939e-06,1.0485718881269387e-07,1.756390557609683e-05,0.0001944064643374713,0.0009629176280519392,0.00022474828610486453,0.9279216581337884
51,3.9657429183838686e-05,0.0017999443210056816,1.6358635154166575e-05,1.4308175216523819e-06,1.7587720996952164e-05,0.00017130456972919391,1.5161129091878334e-05,8.322454225048298e-06,0.03653630389044162,9.937410636544054e-05,0.0004890422914916965,0.0028707654744327105,1.1273910149564318e-07,0.05402075850690348,0.0011603401399722833,8.022109102713008e-05,0.0009292467637751043,8.712723948752843e-07,8.456161874112205e-06,6.26529654149058e-08,6.958023691424783e-06,0.0007422816765995138,0.00026554571150132894,6.717895228279957e-05,0.900652713468271
52,5.835649923486916e-05,0.00015577392444797984,3.131887653526509e-05,7.736154722774273e-07,2.9272171393132258e-05,0.0005950134343002776,5.107583211513878e-05,2.6893170910825346e-06,0.05654961846191231,5.0315333671677326e-05,0.0004987109230691291,0.0014495986574860442,1.1491010011049017e-07,0.01621131699888561,0.0009000107784846823,0.000136224651504893,0.0009957082215186137,1.9911317752829307e-06,1.0230219250824925e-05,1.2792984619306245e-07,1.6769796862017342e-05,0.00018711202430184108,0.0014844264483908631,0.000320229455168464,0.9202632203871814
53,5.157047894878365e-05,0.00015428423921914222,2.9574774875634183e-05,6.014969041793458e-07,2.993589407679205e-05,0.00044128434054943074,4.5649583895611274e-05,2.1313786766978427e-06,0.046609799298557346,3.695505803419465e-05,0.0004762750306779985,0.001452933270395311,9.881826993127403e-08,0.015388409319288657,0.0007099377272698779,0.00010688704534966674,0.0010038249325362229,1.4366632013679746e-06,7.684555123368573e-06,1.0207288600017053e-07,1.6486934614466034e-05,0.00016198047134257954,0.0012478478546961798,0.0003056310211654699,0.9317186777394451
54,7.189160131254272e-06,8.252688347729598e-05,7.739986876184032e-06,1.1152889752964356e-07,5.980567273873794e-06,7.227009823392258e-05,1.1190506227367525e-05,4.6828241344570813e-07,0.021956056036723036,1.2939094710729457e-05,8.119758403534071e-05,0.0009011134133226562,2.0511581675359288e-08,0.00864203489034871,0.00037816665023847524,5.003147391012912e-05,0.00021280839483649955,1.276798349046882e-07,1.4597630681930556e-06,2.905053875086476e-08,2.0618893800008027e-06,5.5216256755703044e-05,0.0001875522582912079,0.00010820822270274896,0.9672234998161903
55,4.686761845075495e-05,0.00012160712362434049,2.5794303377286777e-05,5.322000529141304e-07,3.0281654154666718e-05,0.00040899476915150473,5.395577659259774e-05,1.8340658015051326e-06,0.049128165213901606,2.613774333180367e-05,0.00044533454451304173,0.0017231905219653105,9.022302424273633e-08,0.013439341395535336,0.0006181107238654829,0.00010111620685484694,0.000817467716610815,1.3292040504612285e-06,6.4734458420109985e-06,9.261250194173958e-08,1.432952265596752e-05,0.0001319453707609066,0.001182376588515903,0.0003255559297398816,0.9313490755251248
56,5.207168317206231e-05,0.000146756531048275,2.8657580605258506e-05,5.742117282260108e-07,2.9535549611572776e-05,0.00043570630847104233,5.019105641338939e-05,2.170012581647261e-06,0.04662215191899183,3.326990762535136e-05,0.0004853085345480255,0.0015794737332617652,1.0200335170253864e-07,0.015031047631451303,0.0006937572707917273,0.00010695430897225438,0.0009711496213618149,1.4416416143801785e-06,7.474607789284723e-06,1.0347652336782934e-07,1.639628641285361e-05,0.00016306385135861056,0.001221247062895036,0.00030389040615808884,0.9320175048032611
57,3.7065509790312074e-05,0.00017333692727351758,2.235481251899923e-05,4.204428810506973e-07,2.2424343760920853e-05,0.0002949753350055562,5.65344507230989e-05,2.262130996764447e-06,0.03311294931137353,2.9378716830866223e-05,0.0004097128669234742,0.001703249369277583,1.0706745654363176e-07,0.01207639207750227,0.0006087224880711053,0.00014746619465103126,0.001073181601813565,1.1532648400317783e-06,1.2033902883622281e-05,8.037247643659745e-08,2.2334423808818135e-05,0.00018157504588923562,0.0008048218906209056,0.0002633868013597575,0.9489440806512711
58,4.2653268813147624e-05,0.00012691126901325677,2.795838868634679e-05,5.326029074830857e-07,3.236399607275463e-05,0.0003858193610886178,4.561733648811884e-05,1.5110851754448222e-06,0.047954912232559405,3.0036376571514492e-05,0.0004012129735273741,0.001388968258564367,9.50788824695159e-08,0.013479641644798932,0.0006123541799686833,0.00010266012274652366,0.0008393118606276077,1.2589201541870968e-06,6.562186680402633e-06,1.1047745953584424e-07,1.5784213340608868e-05,0.00012070410914829541,0.0013022725195972439,0.00040872611691571056,0.932672021420212
59,4.254052986882011e-05,0.00013244938653704104,3.105783500506295e-05,5.171487083189079e-07,3.0829978273032e-05,0.0003748387817826295,4.306237224382292e-05,1.505243043450214e-06,0.045775292496584435,3.256236462080213e-05,0.0003827561555313521,0.001307331562972176,9.304412346225954e-08,0.01428791031484786,0.0005597014329080939,0.00010211644549618542,0.0008883486077187797,1.2696897227412026e-06,6.182285386229284e-06,1.0981727511791122e-07,1.6375936443686973e-05,0.000115918514509176,0.0013067615757795252,0.000400850920702278,0.9341596175599161
60,4.99572535947466e-05,0.0001431243499319653,2.8232798513313336e-05,5.71324688140591e-07,2.919685882167473e-05,0.0004400252809723819,4.8660093782276986e-05,2.0905687946018483e-06,0.04662141676386289,3.3575322267477545e-05,0.00047053564491268685,0.0015013795043716303,9.540690349684722e-08,0.014813637347918728,0.000700856575835831,0.00010535106402551708,0.0009551175650172817,1.4007945378178035e-06,7.377408851248073e-06,9.958202275939477e-08,1.5905204113781315e-05,0.00015465701643742037,0.0012338542305521103,0.00029665620919539437,0.9323462258300748
61,4.6922845931111485e-05,0.00012956798022855273,3.464282771574474e-05,5.343972644817744e-07,3.3182872746165323e-05,0.00039112037797651,4.534087299061606e-05,1.5579238545586545e-06,0.051040758312295896,3.3895907475061404e-05,0.00040167930097088813,0.0013189474411917802,9.991646876521778e-08,0.015218887802742106,0.0005294809178502855,9.875046716867385e-05,0.0008503652493138541,1.4188097230941362e-06,6.148613157493243e-06,1.1531673889614268e-07,1.7652951116661737e-05,0.0001149604202871186,0.0013862605184711857,0.0004382541459474179,0.927859453810373
62,4.99572535947466e-05,0.0001431243499319653,2.8232798513313336e-05,5.71324688140591e-07,2.919685882167473e-05,0.0004400252809723819,4.8660093782276986e-05,2.0905687946018483e-06,0.04662141676386289,3.3575322267477545e-05,0.00047053564491268685,0.0015013795043716303,9.540690349684722e-08,0.014813637347918728,0.000700856575835831,0.00010535106402551708,0.0009551175650172817,1.4007945378178035e-06,7.377408851248073e-06,9.958202275939477e-08,1.5905204113781315e-05,0.00015465701643742037,0.0012338542305521103,0.00029665620919539437,0.9323462258300748
63,4.6234147192729344e-05,0.00017035340009836927,2.645971440014795e-05,5.61382003070302e-07,2.6375288515733078e-05,0.00039526140954945007,4.250146940318935e-05,2.0788345442855965e-06,0.043572583223247446,3.58991253488428e-05,0.0004336194404316509,0.001479360203420734,9.291554182510067e-08,0.015198586521143554,0.0006943631567673182,0.0001057338643124542,0.0009745752306179222,1.2527748355768572e-06,7.323550576050123e-06,9.428014926195488e-08,1.4755423622484881e-05,0.00016442371577363505,0.001105499725472874,0.0002778450238698064,0.9352241661791615
64,5.356489609373151e-05,0.0001533118537940805,3.62224708247758e-05,5.590728895233261e-07,3.360633715524327e-05,0.00038802160448824093,5.7170715386904124e-05,2.1821193500289697e-06,0.04212546838740165,3.408383122009338e-05,0.0005169973984326886,0.0014627465913106305,1.145309465116983e-07,0.017316960431408353,0.0005837016368407866,0.0001098278848094008,0.0011940544557416434,1.7524722870828188e-06,8.406232611487435e-06,1.1409196702198551e-07,2.6412847353949516e-05,0.00014509427954606798,0.0014515947299444407,0.00034591892181662994,0.9339521122063791
65,0.0001421219350385014,9.21951448902308e-05,2.5665025543995134e-05,1.8045456860712272e-06,6.537162983787446e-05,0.003055565466101323,0.00023655280965449076,5.0092501302612535e-06,0.04618067950364647,2.822158097861669e-05,0.0015846409415145469,0.002595658160244344,1.3396030362007317e-07,0.0055347340386071074,0.0027405519202236116,0.00029196744007048224,0.003050659888588189,4.879923848018993e-06,4.4906057450740407e-05,1.1006506201011568e-07,4.163598002902711e-05,0.0002370481684940491,0.005423859136210761,0.0003506114933539712,0.9282654159344916
66,0.00018749990510442103,0.00016436672044923856,0.00011291131386510675,6.274864962065716e-07,6.133524874776596e-05,0.0004290303224573748,0.0001532113057406101,7.166181838168297e-06,0.07293728126095274,4.5714418406693335e-05,0.0012371392149457883,0.003125320921833773,5.068379806178325e-07,0.028855686891934094,0.0005040709073650956,0.00016223708296015467,0.0010452818559245456,4.805009370074471e-06,9.172746437791908e-06,3.003356894520132e-07,4.9890073335858414e-05,0.0003202772310472784,0.0008409645609520829,0.0004176169471367523,0.8893275852190283
67,6.24905016559252e-05,0.00013929290442921003,4.742710651723045e-05,7.135733717770022e-07,3.455849518026124e-05,0.0004824540635504808,5.294021559594943e-05,2.1259405992160436e-06,0.0437610730186873,4.2595567953495386e-05,0.0005094470371884409,0.0012907195972757261,1.1711782208962094e-07,0.018375665386022016,0.0006028673436736818,0.00011863398634045673,0.0013600247296669146,2.3295703360236298e-06,8.202712081620852e-06,1.4295001194412016e-07,2.7592751223198044e-05,0.00011848892480196294,0.002279617994985054,0.00043299895233819916,0.9302474795586918
68,3.5019796162098086e-05,0.00010445736833623112,2.8617559735362468e-05,4.855285553966156e-07,2.787163153120466e-05,0.00036552294138151534,3.8470805011007794e-05,1.2669152308743077e-06,0.05236304494745344,2.9920641112230078e-05,0.00032544538882809857,0.0012561891516764555,7.19654957612547e-08,0.015797542893839726,0.0005258970363185744,7.451128968720159e-05,0.0006256142578220578,1.0708521658723243e-06,4.256051103326976e-06,9.772097531081115e-08,1.1260908221580456e-05,9.164019117410284e-05,0.0012350315462587062,0.00033698831622327736,0.9267197042957006
69,4.372324024240595e-05,0.0001000364654520267,6.238197217954502e-05,5.747604294805718e-07,2.7072443375993232e-05,0.00040138044920205956,7.117981771226754e-05,2.60352497716455e-06,0.05428354222811629,4.948045639621617e-05,0.0004027119254125569,0.0012122736177176692,1.2747571133096116e-07,0.0292911755661228,0.00036225287276310183,0.00011652596183557192,0.0008082590186221551,3.915965450275271e-06,8.357408779988759e-06,2.003171484167413e-07,4.244424467825251e-05,8.378602046506496e-05,0.0023638417052003163,0.00047638629045011917,0.909785766251559
70,4.554933045413873e-05,0.00011295246353759875,2.715992101176428e-05,6.515510349840421e-07,4.378378074224711e-05,0.00048476453144383165,5.2814910774380196e-05,1.7534880664267294e-06,0.06212918512401981,2.7233912135224114e-05,0.0004840414301097888,0.0014376663006778487,7.985634579688283e-08,0.01573703502275595,0.0007463927409483512,6.89589203923451e-05,0.0007155246977922751,1.2018495034791468e-06,5.472121976571915e-06,9.85831734023728e-08,1.3442188861912985e-05,0.00012285474392151655,0.0014140249412429302,0.0003067649407405283,0.916020592648337
71,3.19544613384401e-05,0.00013587971642077483,2.8411844103254694e-05,4.921752061084641e-07,3.66172866910825e-05,0.0003033239113217275,5.401208795544035e-05,1.6742598119152992e-06,0.06028857248225289,3.279495079402343e-05,0.00037277059651782024,0.0012355044603376045,9.11214878298378e-08,0.021553791429572575,0.0004742677597222066,8.119889327218204e-05,0.000667222759428061,1.524012445889618e-06,6.322509670946427e-06,1.215949185079078e-07,1.9866663288619937e-05,0.0001102049471008876,0.0012311374848592333,0.00036017556064640643,0.9129720670308357
