,0,1,2,3,4,5,6,7,8,9,10,11,12,13,14,15,16,17,18,19,20,21,22,23,24
0,0.00034915256685198384,4.0682768445176255e-07,3.6135253623160454e-10,6.829283037021148e-09,1.067094585424338e-07,8.23184014312038e-10,4.889769434137659e-05,2.757984406447625e-09,1.6751316599897743e-05,7.027883595372884e-05,4.3313054031807374e-08,6.845578292816141e-07,5.046442245179178e-10,0.0002924870848362624,1.545578047451139e-08,2.6065108942099416e-08,1.3981888376837424e-06,0.010250256448048087,5.492558779476544e-08,8.252609633588307e-08,7.396533139257815e-07,0.0002110616245100008,1.6334339282621276e-06,1.5112629596625764e-08,0.9887558963831011
1,0.00047356417828512104,4.5667763389420524e-07,3.8746283028217754e-10,7.739744205562445e-09,1.3790244234181075e-07,6.876942643790838e-10,5.172597145842838e-05,3.374486532924325e-09,3.166199266307511e-05,9.26064325662169e-05,4.13410499084916e-08,4.974978678780181e-07,5.051356376358494e-10,0.00024190864396172538,1.466853790875939e-08,3.365920272763693e-08,1.3940573944680085e-06,0.009158395067468012,6.048384892816678e-08,7.216893651193482e-08,4.987348699639013e-07,0.0001871420692301439,1.4252845326445933e-06,1.944798034019126e-08,0.9897583310255462
2,0.00021366897582910836,2.4106639972658384e-07,2.0205782989815752e-10,4.844403929401134e-09,9.495371013330717e-08,4.3914842446269004e-10,3.454499920641715e-05,1.896077210566994e-09,2.014927112242382e-05,6.065338394845552e-05,2.6885147978080223e-08,2.729525527855587e-07,2.472942377076785e-10,0.00023805873569881508,1.2413797105578357e-08,1.5248327766042804e-08,7.825362502816013e-07,0.0055491544218110676,2.9421238485425975e-08,6.607502867850364e-08,4.04600594018004e-07,0.00018669513835529054,1.409459148154919e-06,1.3272136541491249e-08,0.9936936985607152
3,0.00032973729089273224,3.8749151531474704e-07,3.330309202954737e-10,6.482523861650747e-09,1.0411082710335744e-07,6.150479011999836e-10,4.422631398529975e-05,2.349321396310075e-09,1.5538442730174197e-05,5.783777385025852e-05,4.181276738160029e-08,6.361473444056642e-07,4.400212908343005e-10,0.0002825198188176428,1.4076485469206268e-08,2.0480245480204293e-08,1.309726419772206e-06,0.009851939888740129,4.4454815528452785e-08,6.190216665962787e-08,6.288232369261815e-07,0.00019714501212681794,1.4186288365237563e-06,1.3605106042045188e-08,0.989216363979145
4,0.00035639153458072475,4.755824356714333e-07,3.777948900697108e-10,6.9415615473412614e-09,1.1682885509858434e-07,6.121554592331351e-10,4.5850775458710343e-05,2.555191798371322e-09,1.485831066635723e-05,5.566226515357559e-05,5.0432401419593914e-08,8.915538866373322e-07,6.23997956675095e-10,0.00032213362741968305,1.3132671219181544e-08,2.1500276501395845e-08,1.5072755054139462e-06,0.0119153845997807,5.093399277871174e-08,6.33238416124439e-08,6.812415907619842e-07,0.00020619102631616102,1.428117906258592e-06,1.2829572302395415e-08,0.9870782039969868
5,0.0003438993170723729,2.3688110809700868e-07,2.7898551303032447e-10,7.523194711123794e-09,7.630334637124996e-08,4.4768167193758827e-10,3.716724338059328e-05,2.1541672975373148e-09,1.3424497439046177e-05,5.94272256785221e-05,3.334156093359112e-08,5.656372440291685e-07,3.636921005857936e-10,0.00027031247980558386,8.913784985564104e-09,1.9439186871164154e-08,1.3448775833187859e-06,0.014573114989081216,2.7485556896079675e-08,6.696270958105882e-08,5.434692338337282e-07,0.00015396287257285322,1.3456364919971105e-06,1.5485351163062748e-08,0.9845443961740903
6,0.00032973729089273224,3.8749151531474704e-07,3.330309202954737e-10,6.482523861650747e-09,1.0411082710335744e-07,6.150479011999836e-10,4.422631398529975e-05,2.349321396310075e-09,1.5538442730174197e-05,5.783777385025852e-05,4.181276738160029e-08,6.361473444056642e-07,4.400212908343005e-10,0.0002825198188176428,1.4076485469206268e-08,2.0480245480204293e-08,1.309726419772206e-06,0.009851939888740129,4.4454815528452785e-08,6.190216665962787e-08,6.288232369261815e-07,0.00019714501212681794,1.4186288365237563e-06,1.3605106042045188e-08,0.989216363979145
7,0.0010576116192926128,1.3442785146221414e-06,1.5844327586441988e-09,1.4444305990887165e-08,2.564437212964549e-07,1.0855667456547402e-09,0.00010544729084470565,8.119256170401925e-09,2.3062393417895907e-05,9.593785782817068e-05,1.398730503365896e-07,1.8230485161554398e-06,2.5559852952097554e-09,0.00038038113053164404,2.715808107713973e-08,3.784060405653955e-08,2.7426578785026805e-06,0.019951850454910162,1.6435177879318828e-07,9.78207287216035e-08,1.286662237123223e-06,0.0003882603485232244,1.4152420618471846e-06,2.5903958930551764e-08,0.9779880598339731
8,0.00014990825550774365,1.2521500607294417e-07,1.372589672268271e-10,5.0446208848958795e-09,6.384260870662987e-08,2.22943383736629e-10,1.931228695323637e-05,6.543240423581584e-10,1.6229907498815163e-05,5.2151422367054034e-05,2.5278209056324257e-08,1.1214707423320165e-07,8.34459905267463e-11,0.00023241619521945079,1.2039580125456865e-08,7.790002798406554e-09,4.746377510935968e-07,0.003966932597390114,9.118901312777923e-09,2.9905643604405824e-08,2.6199894433411963e-07,0.0001184999420237239,1.0028783159190148e-06,2.7057082460884015e-08,0.995442391341327
9,0.0003264018967479891,2.2253905596064015e-07,4.759427565736019e-10,1.1885241859965063e-08,1.0270349983683287e-07,6.014177494646097e-10,3.06098591502336e-05,2.2495154525505172e-09,2.40592619963215e-05,0.00011161326604013928,5.211471055365513e-08,3.2618570812025934e-07,3.245383381633661e-10,0.0004202142234267093,1.7168253195959345e-08,2.1253605855223345e-08,1.5348427807754668e-06,0.009261530219246894,2.9433069134037913e-08,9.0542421726491e-08,5.787035437613924e-07,0.00025830984592992986,1.8188727287008745e-06,4.522825470900019e-08,0.9895624063031732
10,0.00032973729089273224,3.8749151531474704e-07,3.330309202954737e-10,6.482523861650747e-09,1.0411082710335744e-07,6.150479011999836e-10,4.422631398529975e-05,2.349321396310075e-09,1.5538442730174197e-05,5.783777385025852e-05,4.181276738160029e-08,6.361473444056642e-07,4.400212908343005e-10,0.0002825198188176428,1.4076485469206268e-08,2.0480245480204293e-08,1.309726419772206e-06,0.009851939888740129,4.4454815528452785e-08,6.190216665962787e-08,6.288232369261815e-07,0.00019714501212681794,1.4186288365237563e-06,1.3605106042045188e-08,0.989216363979145
11,0.00036613000539848477,4.5199992708243396e-07,3.87324203706851e-10,7.371427587247049e-09,1.1328956764782674e-07,6.879578535639252e-10,4.915499497564723e-05,2.8860775825316475e-09,1.6468485376682252e-05,6.034605507500678e-05,4.71308268884446e-08,7.904800424222572e-07,5.85877476223877e-10,0.000302454295384528,1.4577103325294768e-08,2.35979828470574e-08,1.5689503986331647e-06,0.011133816437486158,5.261792209727088e-08,6.811496586103622e-08,6.812889003913724e-07,0.00021403761792205178,1.508609289100501e-06,1.3959401419648316e-08,0.987852245573389
12,0.00013982516435472747,2.9800588262459124e-07,1.5550963900148507e-10,3.3097005929694198e-09,1.1948612399878757e-07,4.138207897571036e-10,2.0502622100230777e-05,5.935442484618466e-10,7.264607572282087e-06,2.232634229744165e-05,2.0405567504550844e-08,4.960252019878366e-07,2.131305181359289e-10,0.0002741979931648708,5.3969594272641374e-09,9.76939130059723e-09,4.964190774465795e-07,0.008509881402162139,1.530489501344978e-08,3.87440051538531e-08,3.6881822682969795e-07,5.3491752031106184e-05,1.0698510751891105e-06,4.887942058921784e-09,0.9909695623162629
13,0.00047982166840663105,7.476811927812332e-07,6.121657427172539e-10,1.2882340141424833e-08,2.087765580485723e-07,7.94855850295799e-10,5.2971244925325896e-05,2.740817081445093e-09,1.5499756193105453e-05,5.348647540120444e-05,2.0330139497765255e-07,1.5011549677690241e-06,1.1815515802336367e-09,0.0005548786378618423,3.1977926715139845e-08,2.909933844880613e-08,2.130964033140801e-06,0.013541324353113065,7.282198480430721e-08,5.6905350765653434e-08,1.2757951212978533e-06,0.0002542015970657877,2.694723880583343e-06,2.4768691094858273e-08,0.9850388200848622
14,0.0005659555712899701,5.3969816559496495e-06,6.696979244907973e-10,4.717407156853475e-09,4.981204640207167e-07,3.8650651846378294e-09,8.334115134753734e-05,2.224207438774754e-09,8.653419480291918e-06,4.5790579359120256e-05,2.344699487350436e-07,9.287732581948992e-06,4.096565561964111e-09,0.0007461267593973389,2.451951825017314e-08,5.539375522985704e-08,1.8633494708567398e-06,0.016252521346465734,4.0861295493055794e-07,7.501626465244047e-08,2.8518841690570233e-06,0.00021889035168702988,2.104402760261493e-06,5.229791214481373e-09,0.9820558995346946
15,0.00032973729089273224,3.8749151531474704e-07,3.330309202954737e-10,6.482523861650747e-09,1.0411082710335744e-07,6.150479011999836e-10,4.422631398529975e-05,2.349321396310075e-09,1.5538442730174197e-05,5.783777385025852e-05,4.181276738160029e-08,6.361473444056642e-07,4.400212908343005e-10,0.0002825198188176428,1.4076485469206268e-08,2.0480245480204293e-08,1.309726419772206e-06,0.009851939888740129,4.4454815528452785e-08,6.190216665962787e-08,6.288232369261815e-07,0.00019714501212681794,1.4186288365237563e-06,1.3605106042045188e-08,0.989216363979145
16,0.00025384112434967735,2.540579568465264e-07,2.113981626223094e-10,5.0379535825712675e-09,6.157936506327636e-08,3.944102862274373e-10,3.364109263393416e-05,1.4387952973126281e-09,7.2666513073533355e-06,5.36298423536261e-05,2.966233464621196e-08,7.46705142155115e-07,2.8312616378857627e-10,0.00027645708993639674,8.01698007319229e-09,1.4338418617043279e-08,1.0723548321010904e-06,0.013874993461917624,2.63640374075318e-08,5.1646286573729267e-08,8.542515863827389e-07,0.00016189374103413014,1.0550341700594235e-06,8.728342395243985e-09,0.9853340868913314
17,0.00036358496460594874,4.508615355296003e-07,4.4023204217677617e-10,7.945965472001593e-09,1.293625878477528e-07,8.463241988374176e-10,5.293243769074102e-05,2.7149343519690716e-09,2.1993072479670785e-05,7.67872795833922e-05,5.082659867102276e-08,4.995008393867884e-07,4.374643963710702e-10,0.0002882671389671397,2.2735614224155856e-08,2.5559233634428765e-08,1.3266580438044506e-06,0.00781404862932509,5.315875356691533e-08,6.754753514976385e-08,6.566775876376108e-07,0.0002190303123219798,1.5382658690459906e-06,2.057176631085082e-08,0.9911585020541407
18,0.002652967275511722,4.038115136320702e-06,2.4507795862555972e-08,2.6121960933984954e-07,7.141562249345487e-06,1.1445076783980702e-08,0.00046772599284474923,4.752259691211754e-08,0.00017049689514199247,0.0005038692434687893,1.3149696970188899e-06,1.5703879245609328e-06,6.76841436838755e-09,0.001159927868688167,7.897931530957952e-07,4.6369820083737803e-07,3.30785845873917e-06,0.012787625502934396,1.0414240618411662e-06,4.0657069689377736e-07,7.288635167239931e-06,0.0006513173821294787,7.700994806532841e-06,3.6008227780138786e-07,0.9815702942839571
19,0.000417659340280837,5.840673729543964e-07,6.11268429867686e-10,1.0762708950830532e-08,1.9007235825948315e-07,7.060806352933793e-10,6.776034060474207e-05,4.7820558396509505e-09,1.919022061725234e-05,6.826381454582595e-05,5.628829166538671e-08,1.1680440670354083e-06,9.538446113110523e-10,0.0003604997696392951,1.648928144288246e-08,2.93692733211594e-08,1.7434287593541518e-06,0.014149192957091215,7.052621568401138e-08,8.645902790275117e-08,8.787203681106824e-07,0.00028106192034190125,1.4441773142337931e-06,1.3795624182222382e-08,0.9846300723829663
20,0.0002729591523565123,4.0074623613271396e-07,4.192177899992136e-10,8.920020199117352e-09,1.2040536244029401e-07,7.728629527134357e-10,7.45941171711368e-05,4.111842898924547e-09,1.7204740562836176e-05,7.212285101652886e-05,7.043069038194002e-08,5.518082015727952e-07,4.525759333338433e-10,0.00029985986275139813,4.5925187462195895e-08,2.3117967120313098e-08,1.3518906987064478e-06,0.005774324628428861,6.747339302968482e-08,7.343985310222781e-08,1.225901815510904e-06,0.00043728603006813396,2.1349252784017144e-06,1.9546182470767747e-08,0.9930455483302585
21,0.0003785400184728986,4.1909407445603315e-07,2.9191033056351276e-10,5.726988910615353e-09,1.229846728850024e-07,4.2620423092941787e-10,2.826395268762081e-05,1.4237029550409047e-09,1.0366768166134148e-05,6.521648803716181e-05,4.606074493816305e-08,9.62529300161186e-07,4.112932729444222e-10,0.00032909738229738525,8.053400529841255e-09,1.8669290402808053e-08,1.0004539754881229e-06,0.015260627959261308,3.8480524176564375e-08,5.466510859982105e-08,8.62381605517089e-07,0.00014167492027690934,1.0753131707995358e-06,1.183153581850536e-08,0.983781583713297
22,0.0004966504898977525,3.544340504676379e-07,6.134319493111168e-10,1.2757240864168419e-08,9.482504355587085e-08,7.693710773450932e-10,4.438636176779407e-05,3.2854202253732265e-09,1.3666382088918974e-05,0.00010723883831289253,7.064373921281986e-08,9.806293177735466e-07,6.003514146132711e-10,0.0004331138856984288,1.678407130173511e-08,3.0256004567116276e-08,2.687222739340233e-06,0.019339028964838474,4.9543940704586276e-08,8.784841961741869e-08,1.190908284359272e-06,0.0003004324158935822,1.7120430789006362e-06,2.5135527969073066e-08,0.9792581643614688
23,0.00032973729089273224,3.8749151531474704e-07,3.330309202954737e-10,6.482523861650747e-09,1.0411082710335744e-07,6.150479011999836e-10,4.422631398529975e-05,2.349321396310075e-09,1.5538442730174197e-05,5.783777385025852e-05,4.181276738160029e-08,6.361473444056642e-07,4.400212908343005e-10,0.0002825198188176428,1.4076485469206268e-08,2.0480245480204293e-08,1.309726419772206e-06,0.009851939888740129,4.4454815528452785e-08,6.190216665962787e-08,6.288232369261815e-07,0.00019714501212681794,1.4186288365237563e-06,1.3605106042045188e-08,0.989216363979145
24,0.0003238315122452069,4.03857661818084e-07,3.580366115309935e-10,9.105412073668201e-09,1.773466585369827e-07,5.019826325034201e-10,4.100905823109279e-05,2.2194401517779556e-09,1.3980215486392727e-05,5.094772443919572e-05,5.089145542594788e-08,1.0244695024659507e-06,6.721232281352461e-10,0.0004245833826835837,9.7036749832437e-09,2.6154274744192588e-08,1.2698520110630785e-06,0.01575809232728708,4.1195964233259965e-08,6.59852766700083e-08,5.985533118963413e-07,0.00014689630829984267,1.4873002134098936e-06,1.227442783858264e-08,0.9832354790298998
25,0.0006300882718934365,4.025970299635513e-07,6.228245567103209e-10,1.614461690760397e-08,1.60181395901747e-07,5.058130223811728e-10,8.81418530921885e-05,6.763578587915201e-09,1.5346764109537066e-05,7.626408105657374e-05,9.79745364945172e-08,1.1543632201508844e-06,1.0812419793189406e-09,0.00035311701268689647,2.296387827286377e-08,3.7255088766621026e-08,2.031654820825963e-06,0.020174923220775277,8.026338358412446e-08,8.908698805610788e-08,1.2667783576357673e-06,0.00029947021724551474,2.1084154385914127e-06,1.97413510291028e-08,0.9783551521855762
26,0.0004302199718563695,2.839736695914716e-07,2.7384367337197583e-10,7.784359799360797e-09,9.229520358065234e-08,5.789940869162194e-10,3.417603658083901e-05,2.728429309229033e-09,3.6511430236686775e-05,4.825659514317738e-05,3.5208355815637304e-08,2.8768551181359317e-07,3.543599873588855e-10,0.0001865255450638122,1.2921726025878207e-08,2.233422218557598e-08,1.4262062863090422e-06,0.007237290870115116,2.998018196263453e-08,6.735988867163758e-08,3.045842752665442e-07,0.00011816157348726673,2.428006772188466e-06,2.8325576629955045e-08,0.9919038273758598
27,0.0002103066021412236,2.9828292252881983e-07,2.0730402506125243e-10,4.750139757892589e-09,7.682010474070726e-08,5.524068677213107e-10,4.1879959856766115e-05,2.0311271741054647e-09,2.417997641665781e-05,6.29341744332536e-05,3.1923902653845395e-08,3.0127916057028746e-07,2.699731379233107e-10,0.00023546602309608696,1.794827738489047e-08,1.625154607308116e-08,1.0544444346043706e-06,0.004650079830106494,3.282923444061893e-08,5.8299355521231216e-08,4.044795660368157e-07,0.000248208110789636,1.435970752976224e-06,1.596616582153266e-08,0.9945231930167856
28,0.00032973729089273224,3.8749151531474704e-07,3.330309202954737e-10,6.482523861650747e-09,1.0411082710335744e-07,6.150479011999836e-10,4.422631398529975e-05,2.349321396310075e-09,1.5538442730174197e-05,5.783777385025852e-05,4.181276738160029e-08,6.361473444056642e-07,4.400212908343005e-10,0.0002825198188176428,1.4076485469206268e-08,2.0480245480204293e-08,1.309726419772206e-06,0.009851939888740129,4.4454815528452785e-08,6.190216665962787e-08,6.288232369261815e-07,0.00019714501212681794,1.4186288365237563e-06,1.3605106042045188e-08,0.989216363979145
29,0.00032973729089273224,3.8749151531474704e-07,3.330309202954737e-10,6.482523861650747e-09,1.0411082710335744e-07,6.150479011999836e-10,4.422631398529975e-05,2.349321396310075e-09,1.5538442730174197e-05,5.783777385025852e-05,4.181276738160029e-08,6.361473444056642e-07,4.400212908343005e-10,0.0002825198188176428,1.4076485469206268e-08,2.0480245480204293e-08,1.309726419772206e-06,0.009851939888740129,4.4454815528452785e-08,6.190216665962787e-08,6.288232369261815e-07,0.00019714501212681794,1.4186288365237563e-06,1.3605106042045188e-08,0.989216363979145
30,0.00032973729089273224,3.8749151531474704e-07,3.330309202954737e-10,6.482523861650747e-09,1.0411082710335744e-07,6.150479011999836e-10,4.422631398529975e-05,2.349321396310075e-09,1.5538442730174197e-05,5.783777385025852e-05,4.181276738160029e-08,6.361473444056642e-07,4.400212908343005e-10,0.0002825198188176428,1.4076485469206268e-08,2.0480245480204293e-08,1.309726419772206e-06,0.009851939888740129,4.4454815528452785e-08,6.190216665962787e-08,6.288232369261815e-07,0.00019714501212681794,1.4186288365237563e-06,1.3605106042045188e-08,0.989216363979145
31,0.000578615220876994,4.443958598494589e-07,4.5919622439262957e-10,7.893241635387828e-09,1.2433001945393045e-07,4.707970588333674e-10,4.139236483665122e-05,4.447327765204383e-09,1.4382454527776974e-05,5.604919808576671e-05,3.642428894886154e-08,9.536437972550992e-07,7.763374768708302e-10,0.0002452198182450889,7.440516753137846e-09,2.234651057377143e-08,1.686656778244753e-06,0.017604448717429864,5.8678018179962695e-08,7.417498029117061e-08,7.394286108252406e-07,0.00018378109616965662,1.3749690771957026e-06,9.961341100596755e-09,0.9812705646331293
32,0.00033397648894835293,4.266697752942722e-07,3.594488280938937e-10,6.414707005134377e-09,1.1377493532338089e-07,6.87523100701412e-10,4.597117756560449e-05,2.6070436956660075e-09,1.554996064607492e-05,6.032629771398298e-05,4.5247325449318397e-08,7.057842856267615e-07,4.95712071888542e-10,0.00029547218229596795,1.5381679259304746e-08,2.2435175474253057e-08,1.366767569984615e-06,0.009593062381177447,5.496651905177111e-08,6.774425985840639e-08,6.934481638509996e-07,0.0002227287905454365,1.5157375388589172e-06,1.3172681147326635e-08,0.9894278610267634
33,0.0004283287749676143,5.476676398124319e-07,3.8909001247709516e-10,8.404790482506949e-09,8.244564461743006e-08,7.924927986099853e-10,7.162710028862338e-05,5.05919592558837e-09,1.804878301153855e-05,7.694363274675515e-05,4.838528422587644e-08,2.0056666067963456e-06,1.5456099560524991e-09,0.0004588243089733068,8.611713588730666e-09,3.94778752197079e-08,4.252410953363152e-06,0.023516730967802792,7.129803520407099e-08,8.788420094728244e-08,5.752353276319193e-07,0.00039845954406062233,1.3491828819707563e-06,9.364797797145952e-09,0.9750219430660084
34,0.0007356794275158294,7.739620032671022e-07,4.240292680569399e-10,4.478580014239012e-09,1.9242455496456348e-07,3.8724507734515817e-10,2.7552732765639765e-05,2.497433872432963e-09,2.6087576770725313e-05,5.655826976100885e-05,8.851374183181738e-08,5.461198256477767e-07,6.49292866814859e-10,0.00023571601767068825,1.609167203043589e-08,1.6249498979472056e-08,8.905760977429408e-07,0.006125971465531627,1.1287494079579973e-07,4.4370011291530106e-08,5.719979932524047e-07,0.00020861417682873986,1.6457704416211888e-06,2.1133248518528326e-08,0.9925788918125448
35,0.0001894242838425091,3.984411778226313e-07,3.894155755962966e-10,7.649198884969341e-09,1.5338004582343365e-07,1.0296260829032844e-09,4.859613064052389e-05,1.7645190582284382e-09,1.3920604591554064e-05,5.313465096923039e-05,6.252147664236618e-08,5.323573681090448e-07,4.0230052277056695e-10,0.0004129558521861201,3.029834695458831e-08,2.1816448904588772e-08,1.0194842555168005e-06,0.0059442061476397655,4.596428364155367e-08,7.184203866078547e-08,8.487518013222953e-07,0.00021069305496569,2.226831226455234e-06,1.7016726777076206e-08,0.9931216293349078
36,0.00028691057965603197,3.792667547507406e-07,2.427088381425891e-10,5.895284508155402e-09,6.409581935184024e-08,6.741296314793701e-10,5.5024658111962625e-05,3.547324304362671e-09,2.0713838538150788e-05,5.6194562232076784e-05,3.086111407944825e-08,8.431424200625766e-07,6.039157337828649e-10,0.00029308543936288234,1.1534547821199812e-08,2.642652278396343e-08,2.58857074068369e-06,0.010739596065954897,4.4140655523128465e-08,6.608459022522002e-08,4.131806486194859e-07,0.00029933876129455876,1.472579666122577e-06,9.674237344788368e-09,0.988243175573769
37,0.000498702919917501,2.3336263594497544e-07,3.8467417297773646e-10,9.60246619929281e-09,9.076934692557074e-08,3.7416212726851407e-10,3.338807179495051e-05,1.8524146401758354e-09,1.1731265863312055e-05,6.364294319196645e-05,5.5401461613025324e-08,5.794162739989068e-07,3.983569128249486e-10,0.0003138172294681159,1.0135197864573596e-08,1.8887228448066975e-08,1.2997302576677226e-06,0.018420816685570426,2.9498770279183953e-08,6.135663264717718e-08,6.014506191888169e-07,0.00014410908933058526,1.3663906997873686e-06,2.7050055398023407e-08,0.9805094057336093
38,0.0003979743913018205,5.949189437861968e-07,4.875934590042409e-10,9.429719145265205e-09,1.2180533604959124e-07,2.0891155768481417e-09,0.0001094457043253893,5.074449593157925e-09,1.3691142927017618e-05,7.227496391428947e-05,7.173509075680952e-08,1.2706683966266922e-06,1.007868832617353e-09,0.00034402329800384767,3.2924123440375765e-08,6.338234760273828e-08,2.3786852960576023e-06,0.012234327415394703,1.223555719174122e-07,1.1021852339825779e-07,1.3263846236938163e-06,0.0002724869391031901,2.9072276240192244e-06,1.329181434312792e-08,0.9865467444585914
39,0.0002492858105805404,2.937881657494336e-07,2.448980959451798e-10,6.9880744692827745e-09,7.424203786495178e-08,7.395844517197142e-10,5.926439738020129e-05,3.76334745226596e-09,1.1125553619595396e-05,4.5486306402362444e-05,2.8355402323412436e-08,6.514656346560466e-07,4.4265818127371086e-10,0.00020767530095545104,1.4611722582266927e-08,2.558678335022568e-08,1.561645995510235e-06,0.008719951445403187,4.626506504980402e-08,6.735961373147005e-08,8.961305853799328e-07,0.00019812463228503622,2.0579927949134547e-06,7.589986105199824e-09,0.9905033493410238
40,0.00023979500149399807,1.0972388830384368e-06,7.51941298711594e-10,4.777361035500112e-09,2.969683034793651e-07,1.1436559297275313e-09,3.148058161138468e-05,1.2950435044948268e-09,9.681538859132145e-06,4.834739701126145e-05,6.598427833966612e-08,1.3490816514785454e-06,5.41492181064559e-10,0.0005425046517871779,2.2232229607287647e-08,1.4223142690347934e-08,9.258028347434165e-07,0.007716030893711968,7.473724619320833e-08,5.8344729082360415e-08,1.0502444060423564e-06,0.00027581344857558783,1.006753149242554e-06,9.917613659741203e-09,0.9911303664489881
41,0.00034556535767631667,1.2815911440241447e-06,5.461083360021169e-10,1.2827187890587644e-08,3.562070210387047e-07,1.2106135676631054e-09,4.830505578442198e-05,2.508825483045566e-09,8.246972769871914e-05,7.553849452770235e-05,4.81073513877199e-08,4.364452551203888e-07,6.70198783830751e-10,0.00036569032950653144,1.701481548571167e-08,2.9077497656318254e-08,1.6569161474071003e-06,0.005548987865603685,3.046391445264947e-08,4.276284943712755e-08,3.161810785582176e-07,0.000118618352594405,1.302976608513378e-06,2.2277085526361248e-08,0.9934092670329056
42,0.0006272493784393024,1.0256445969188143e-06,1.303395445966617e-09,1.1836180217552813e-08,1.9471666532416296e-07,1.3572923927056272e-09,9.906863731286604e-05,1.491962847479612e-08,2.6349902781005345e-05,0.00016909942319359183,9.616787416841908e-08,2.0983447229243964e-06,1.5348716345751785e-09,0.0004508261123594148,4.5856801399603117e-08,4.6726842520633805e-08,4.083960243111029e-06,0.01077154697885946,3.1846996144967786e-07,1.5354979794858132e-07,2.509976417706225e-06,0.0016877132785058308,1.8918691445100677e-06,1.8972748234035785e-08,0.9861556310813642
43,0.00039240816637186796,2.98800623624417e-07,4.588581739701372e-10,8.86231767942562e-09,9.911533225892562e-08,1.0318369958009435e-09,5.025873521727366e-05,4.325921593466088e-09,3.791364066193646e-05,0.0002338093101072127,3.3479953281795766e-08,2.7011838630152325e-07,3.187829217397085e-10,0.00027724155791296996,2.0996172469185718e-08,3.3430468407896735e-08,1.4685773203892994e-06,0.0067654004557699595,6.230957559590528e-08,1.480947523095475e-07,8.072392424406222e-07,0.00038330703975725266,1.6595684314677768e-06,3.173525368568441e-08,0.9918547126309719
44,0.00032973729089273224,3.8749151531474704e-07,3.330309202954737e-10,6.482523861650747e-09,1.0411082710335744e-07,6.150479011999836e-10,4.422631398529975e-05,2.349321396310075e-09,1.5538442730174197e-05,5.783777385025852e-05,4.181276738160029e-08,6.361473444056642e-07,4.400212908343005e-10,0.0002825198188176428,1.4076485469206268e-08,2.0480245480204293e-08,1.309726419772206e-06,0.009851939888740129,4.4454815528452785e-08,6.190216665962787e-08,6.288232369261815e-07,0.00019714501212681794,1.4186288365237563e-06,1.3605106042045188e-08,0.989216363979145
45,0.00044222499390730543,5.211597082072316e-07,7.861741111970887e-10,1.964665256586324e-08,1.9309079387338772e-07,1.999544989180808e-09,0.0001839174545249831,1.1064186220548138e-08,3.5140015305824336e-05,0.0001214411613151456,8.45330491406637e-08,6.266549698551858e-07,9.212209056618246e-10,0.0003223235888905435,8.133338793958395e-08,7.832316586399531e-08,2.3759023607119567e-06,0.007944076354264414,1.2175996359559955e-07,1.371807660039144e-07,1.169147029645007e-06,0.0004478815849265365,2.9032437455260496e-06,3.186785048059679e-08,0.9904946362322955
46,0.0006101015999856649,4.932028884579909e-07,5.580214376477844e-10,1.3782447063768939e-08,8.104842687101585e-08,1.2790222503708516e-09,5.865889182206447e-05,5.729031446858149e-09,2.0873668259179284e-05,8.831392886101957e-05,6.534209091724594e-08,1.278814469145448e-06,9.319857635060567e-10,0.0003564712926365075,1.8493542608828528e-08,4.498553878538315e-08,4.653827571448927e-06,0.01838627864679411,6.567862274452954e-08,9.715229592177301e-08,1.0368964933375569e-06,0.0003133432469223502,2.4946235315353283e-06,2.3943016147786394e-08,0.9801555824357232
47,0.0005410708889673092,8.876000506259639e-07,2.592555826975561e-10,2.8551495596757296e-09,4.6713537514201805e-08,5.610129478779104e-10,3.9045452460594324e-05,4.2982735331423166e-09,1.570570042472407e-05,8.169605535951058e-05,2.78669227505412e-08,1.5718451323638434e-06,8.002086452200325e-10,0.00020874870895891615,7.059746505566944e-09,1.9843658212628423e-08,3.0401574021520246e-06,0.012415110936063787,8.210679750140441e-08,5.284436398012806e-08,7.634131595571919e-07,0.0004675751412101027,8.031471044556714e-07,6.171102765655302e-09,0.9862237295736765
48,0.0010774739643839083,2.1532929752670346e-06,1.0140375477938648e-09,2.0132665775284672e-08,1.1728069468744108e-07,7.325496439026089e-09,0.0002666471535687771,3.355681154835485e-08,4.7677843223519435e-05,0.00011102944734058421,9.824706871385752e-08,3.9784647844350355e-06,5.68267648851505e-09,0.00035386075881231745,4.281743512869864e-08,1.8393940868089873e-07,1.8000614456387715e-05,0.01853801331085418,4.068711927736067e-07,1.6191539533264094e-07,1.5964076206983433e-06,0.0006298250975063091,4.450087915695979e-06,1.4234232718229013e-08,0.978944200539442
49,0.00031209469506662043,6.131528568929135e-07,6.245714463846742e-10,6.977508261005996e-09,1.217118464329561e-07,1.1153621405736365e-09,4.4710193762729735e-05,2.6384841373776025e-09,1.2352224642577199e-05,7.396834659388477e-05,4.960385319992435e-08,1.3633091243247143e-06,6.662332609209885e-10,0.0004420349339723918,1.5928322816076013e-08,2.1379800745603438e-08,2.0282980059930627e-06,0.013282174894798764,6.393240880022756e-08,9.190557450824201e-08,1.0475020222683388e-06,0.00035914184222802625,1.241865778725213e-06,1.2820652784197164e-08,0.9854668394365282
50,0.001838360865733301,6.7681312194804704e-06,6.49068311922134e-09,1.9395145676306835e-07,1.2213488694923101e-06,2.9204411887394924e-08,4.534544134812306e-05,6.861593235703797e-09,4.420494155545354e-05,6.038420602505908e-05,1.981666924622134e-06,3.102957700521347e-05,1.205814557160121e-08,0.0034456766970090273,7.889481628540873e-08,2.279583134474219e-07,5.0170397062403894e-05,0.07215642583790925,1.5233392085291887e-07,1.6185391372552778e-07,8.322543561549801e-06,0.0002603880216450474,2.339825904730744e-05,1.4175468941393941e-07,0.9220253107031403
51,0.0011653392082010038,2.5612682535348177e-06,2.316588087876645e-09,5.8378052892981406e-08,4.848447766083101e-07,1.3370741742956765e-09,9.574375077459625e-05,9.093908787387844e-09,0.00010401656132425508,0.0002695147135817816,2.0439272720461384e-07,1.8497106016647784e-06,2.503239157533605e-09,0.0009156765554935135,3.3232720900373015e-08,5.2761575336981774e-08,6.578473468981894e-06,0.021106874022796197,6.030793031603932e-08,5.981189372847327e-08,1.4440097699952781e-06,0.0005428767140033616,1.1405483234448786e-06,7.62056515090686e-08,0.9757853392772691
52,0.0003763986688370084,3.593302081121388e-07,3.8093904681949353e-10,7.70815959066338e-09,1.0592729038436826e-07,6.427643923546985e-10,4.4950882039727825e-05,2.522372265575738e-09,1.6401829815365223e-05,6.813925010434325e-05,4.72138580567114e-08,6.329991581066985e-07,4.762921675017768e-10,0.00030824787487165954,1.4403332653852327e-08,2.3424515801088743e-08,1.436619110081114e-06,0.011657211246341491,4.4697185687228445e-08,7.130528240530514e-08,6.410675893373574e-07,0.00020115048709770327,1.5095643306071641e-06,1.7278082065820125e-08,0.9873225842004221
53,0.00014180657730181761,1.5419776416893557e-07,9.29812499179465e-11,6.965287120910666e-09,6.045087696745946e-08,4.878381571875574e-10,0.00010949604460073804,3.1205880296629065e-09,2.1860724945998537e-05,3.839275594016293e-05,2.4906426523916872e-08,2.0039025164964724e-07,2.929636163417779e-10,0.00016699505661937146,2.0359802457051452e-08,2.767635212387816e-08,8.59394135920165e-07,0.004860666780457613,2.05054443997129e-08,5.5041103036907614e-08,3.2388641132144935e-07,0.00012376097228731703,2.385715812601513e-06,9.872707208956807e-09,0.9945328677311004
54,0.00018152308292462735,5.099000195160806e-07,7.447843810723555e-11,1.5691825338855333e-09,4.5035578156002715e-08,3.2699161388927855e-10,2.8161911258972892e-05,8.672907910814468e-10,1.3038041547617793e-05,3.600641177692348e-05,1.2391235561896548e-08,5.10974395167558e-07,2.0426913143541568e-10,0.00016548128260915638,4.6181544892914265e-09,1.093228530024066e-08,8.370408373910189e-07,0.005761756279823525,2.0538516160764945e-08,1.8929476612358512e-08,2.3624425214626734e-07,0.00011307553242999767,5.049026755113623e-07,3.512339841835136e-09,0.9936982393956508
55,0.0003123278614513341,4.3836584235312394e-07,2.6068820426604494e-10,5.157376399232588e-09,1.0114702811386291e-07,4.636946957720301e-10,3.811558642870697e-05,1.868740197177237e-09,1.4120338092711227e-05,4.4121869945740025e-05,3.50664451709839e-08,7.350536418535196e-07,4.3552741438572736e-10,0.0002561499199186329,9.618722331854359e-09,1.6931927024313004e-08,1.1532774405583143e-06,0.010561135527141694,3.57242975723271e-08,4.6076962937915e-08,5.251678716696143e-07,0.00014633300779683995,1.1326394479202204e-06,9.544402856901477e-09,0.9886234490891671
56,0.0003571084487661493,4.506575177236017e-07,3.7186894015535963e-10,6.897244222541966e-09,1.1440319153206671e-07,6.405740549540923e-10,4.726693891024499e-05,2.6174638192166015e-09,1.6320577844595425e-05,5.884221865399622e-05,4.6827642548728304e-08,7.588754959404658e-07,5.555322386874373e-10,0.0002971983533890006,1.4135288459538783e-08,2.2125962378905148e-08,1.4353471156200615e-06,0.010873117159705674,4.988347134998063e-08,6.42347194059174e-08,6.425907537126208e-07,0.0002041195969907505,1.4045136621316732e-06,1.374928498974793e-08,0.9881409982789504
57,0.00047476646817409395,9.807965744832751e-07,7.895907814979884e-10,6.897277122743407e-09,2.0942305674807107e-07,1.0363347223293805e-09,5.106740976961778e-05,5.510482300892626e-09,1.2925743136348538e-05,7.435152296051816e-05,7.177987048389935e-08,2.5374068750431298e-06,1.2637604745097534e-09,0.0004262085525414695,1.8699064381364635e-08,3.25153380732888e-08,2.2999293839382243e-06,0.013353567448193904,1.90315079968971e-07,1.0290991934121054e-07,1.8619968837019823e-06,0.0005304276676009757,1.7307486929668473e-06,8.756279428160196e-09,0.9850666244131592
58,0.0003752094240978922,4.02965436995628e-07,3.984369012314734e-10,7.560355895966704e-09,1.1044771218715198e-07,6.747060421429602e-10,4.52825386932866e-05,2.5485982141616103e-09,1.8232904007270454e-05,6.753555874622616e-05,5.222091781509266e-08,6.139101214883027e-07,4.741041524884946e-10,0.00029803047271932556,1.757740235281968e-08,2.2668388845132115e-08,1.418770428360577e-06,0.009768649180554074,4.809273311523855e-08,6.78914614042155e-08,6.586777377902146e-07,0.00022053217515145937,1.5453449012903131e-06,2.0066568455399477e-08,0.9892015374560192
59,0.0003659579328262863,3.799748790080743e-07,4.3798339072343565e-10,8.449686052637276e-09,1.1618595645007804e-07,7.007543325727726e-10,4.317661006531495e-05,2.526609263423788e-09,1.865615313892802e-05,7.374546657784483e-05,5.394854231309429e-08,5.633482280650358e-07,4.306095344704531e-10,0.0003116367181635522,1.920181677772653e-08,2.2812793255042663e-08,1.4052880591024687e-06,0.009488983542364228,4.583858468435012e-08,7.173326553867613e-08,7.182317603662383e-07,0.00022365163737171097,1.6218567791784695e-06,2.3385246514056943e-08,0.9894691375879384
60,0.00032973729089273224,3.8749151531474704e-07,3.330309202954737e-10,6.482523861650747e-09,1.0411082710335744e-07,6.150479011999836e-10,4.422631398529975e-05,2.349321396310075e-09,1.5538442730174197e-05,5.783777385025852e-05,4.181276738160029e-08,6.361473444056642e-07,4.400212908343005e-10,0.0002825198188176428,1.4076485469206268e-08,2.0480245480204293e-08,1.309726419772206e-06,0.009851939888740129,4.4454815528452785e-08,6.190216665962787e-08,6.288232369261815e-07,0.00019714501212681794,1.4186288365237563e-06,1.3605106042045188e-08,0.989216363979145
61,0.00038882887285943493,3.807940185664914e-07,4.775139553130347e-10,8.950020042871635e-09,1.174320295701799e-07,7.197678280711959e-10,4.3932124572961e-05,2.6923613632631653e-09,1.7542947644241252e-05,7.462756472780215e-05,5.360735573657674e-08,6.085221864660625e-07,4.616190626830668e-10,0.0003223837430737066,1.8174465501772624e-08,2.3237599487081532e-08,1.50458454869236e-06,0.01073228988767473,4.694734429410483e-08,7.495037817373362e-08,7.457472916413134e-07,0.00022671743734544095,1.593283495478014e-06,2.2468925638752208e-08,0.9881884743711803
62,0.00032973729089273224,3.8749151531474704e-07,3.330309202954737e-10,6.482523861650747e-09,1.0411082710335744e-07,6.150479011999836e-10,4.422631398529975e-05,2.349321396310075e-09,1.5538442730174197e-05,5.783777385025852e-05,4.181276738160029e-08,6.361473444056642e-07,4.400212908343005e-10,0.0002825198188176428,1.4076485469206268e-08,2.0480245480204293e-08,1.309726419772206e-06,0.009851939888740129,4.4454815528452785e-08,6.190216665962787e-08,6.288232369261815e-07,0.00019714501212681794,1.4186288365237563e-06,1.3605106042045188e-08,0.989216363979145
63,0.0003296030965147382,4.221857196077769e-07,3.265129630857491e-10,6.0651777323380284e-09,1.0490363327712574e-07,6.050261010574606e-10,4.373678789879623e-05,2.2744779839622653e-09,1.58101995780843e-05,5.621490778683396e-05,4.130626567264039e-08,6.500541508672526e-07,4.414803649518753e-10,0.0002763461160754708,1.390065244205428e-08,1.9504693900426903e-08,1.28363723570363e-06,0.009501268692410985,4.451986691639183e-08,5.810230643807994e-08,6.125352377046635e-07,0.00019606586447364055,1.3375226100892986e-06,1.2976944657332199e-08,0.989576343473269
64,0.00034449868520848413,4.4168209629898574e-07,4.150950326713029e-10,7.437162456770699e-09,1.2548873304522368e-07,6.791597992579246e-10,4.7504672067294006e-05,2.679684333125664e-09,1.4003142987531954e-05,6.181178045687574e-05,4.846784817987915e-08,7.162400907158957e-07,4.5212327124365253e-10,0.0002819198949053226,1.7651501379874906e-08,2.0369893248301176e-08,1.225111799083423e-06,0.009630972377937502,5.345485880766717e-08,6.776467241410983e-08,1.001058261804865e-06,0.00021355812466989765,1.5727336163531632e-06,1.415787306252234e-08,0.9894004154772978
65,0.0002417630438972227,1.057989219583866e-06,2.2681874051555647e-09,2.9395080496859897e-08,3.4179408464785673e-07,5.194769343923747e-09,0.00014749312848417193,6.82547305787893e-09,1.9285660928851073e-05,9.307132997566026e-05,1.974069456272772e-07,6.484745721599659e-07,8.531100153123553e-10,0.0006161249700698989,3.0851380963428633e-07,4.076495209602302e-08,2.507471806321289e-06,0.0035797465466939514,1.3080476531705556e-07,1.0942809429737838e-07,3.5789261113380586e-06,0.0006423026358433537,4.6246210595037584e-06,4.506923850865576e-08,0.9946465768828274
66,0.0004427704742872159,5.031810817512482e-07,7.385518852920337e-10,1.1585939294844626e-08,2.377265270042685e-07,4.835171903579438e-10,3.203638973434746e-05,1.8284547286333035e-09,1.2688061717881683e-05,0.00010410372595905116,8.266657354247776e-08,1.135088890387229e-06,6.230945005708173e-10,0.0005604316681273006,1.186106144386009e-08,2.327974363865474e-08,1.3734055869376473e-06,0.018705580906374544,4.673126839806156e-08,6.509964935117048e-08,1.141730046464255e-06,0.00023008414773163872,1.0286154912421686e-06,2.0468607391994817e-08,0.9799066195119829
67,8.449237544495757e-05,1.4404156522862655e-07,1.4567056168707664e-10,4.009214185218093e-09,2.5104359170665187e-08,1.9164847433994757e-09,2.7874348494425735e-05,6.828415344571023e-10,4.133121352250547e-06,3.544132653812988e-05,3.2953155288489744e-08,5.831633020069122e-07,2.472881707561136e-10,0.0004928268527685253,1.3980266141031896e-08,1.564031123013624e-08,1.7027098853483529e-06,0.008623088150864214,1.838046421836452e-08,1.204815003810728e-07,7.62999339236944e-07,0.0001665151903067613,3.481632196439096e-06,1.289461422778926e-08,0.9905587076517727
68,0.0003313467313383947,3.6640507364439104e-07,3.330425235095221e-10,6.890622811258668e-09,9.956657356778252e-08,6.057544337881007e-10,4.5500247080788285e-05,2.412103798394383e-09,1.4634651017182355e-05,5.586838748811945e-05,4.123001078071675e-08,6.921392470846498e-07,4.821068611056529e-10,0.0002889074991093798,1.2538078875962336e-08,2.1025033445969946e-08,1.374897012491138e-06,0.01147717901098607,4.1813195744868245e-08,6.476814758846053e-08,6.368696269827001e-07,0.0001841572063785778,1.440225012717036e-06,1.3048954173149539e-08,0.987597591017004
69,0.00035284285841603164,4.3325674602156234e-07,4.112877441820366e-10,6.775601881171027e-09,9.637823258598115e-08,9.57077602960218e-10,4.9138695267880455e-05,2.8307779129053995e-09,1.2588341314239547e-05,6.764115149242564e-05,5.522527454338016e-08,9.421236285074357e-07,6.257462166201907e-10,0.0003543831326761427,1.6752699380795726e-08,2.527202348396611e-08,1.7652429002504302e-06,0.011805163845260385,6.81912004776245e-08,9.369561676848322e-08,9.864012618120384e-07,0.0002701608157172569,1.9208728651035915e-06,1.4532735356780003e-08,0.98708165161418
70,0.00027566509577787817,3.244458197038611e-07,3.613607844140313e-10,9.661802382657868e-09,1.1177223164671039e-07,8.392909748803566e-10,4.730922416224979e-05,2.6338427219729926e-09,2.0749731960095068e-05,6.533205094432016e-05,3.707293127332886e-08,6.011165618672085e-07,5.1055000893923e-10,0.00036218924035459236,1.2706807792939078e-08,2.920100785294243e-08,1.7191599584890254e-06,0.011634961919152831,3.35397303250021e-08,8.64204070886904e-08,5.123549066086957e-07,0.00016602504690833787,1.8385426363413381e-06,1.648992914841062e-08,0.9874224308609647
