,0,1,2,3,4,5,6,7,8,9,10,11,12,13,14,15,16,17,18,19,20,21,22,23,24
0,1.658135303728289e-05,0.00012942454298319302,1.1993628322807063e-05,5.15471722852428e-05,6.240383741214933e-05,1.4614619739584941e-06,0.0034950150208925813,2.4867144027645805e-07,0.010018646496255631,5.335116945145264e-08,0.0003130488422918819,0.02285413098162819,8.233683884786504e-08,6.046659004154574e-05,0.16420829702635412,8.1555700041194e-07,0.00012361703492757447,0.00041866461974411704,5.822995031230966e-06,1.5173533625414596e-08,0.00240506202763991,0.09900162444976757,1.2925170735236015e-05,1.8662786583639372e-07,0.6968078650308274
1,2.197827440038858e-05,0.00014803953114523626,1.86621199888257e-05,5.3630387345735564e-05,4.699364417544525e-05,1.3905568289352467e-06,0.004414446737573922,2.593113711243556e-07,0.01149647836113436,8.441894131821639e-08,0.0001990986466696364,0.026170149579126653,7.867426014876877e-08,4.743969996835379e-05,0.15115840194496805,9.499471806681391e-07,7.296109834202058e-05,0.00045026054399228835,6.15927509051815e-06,1.392399236582006e-08,0.0023594156895747507,0.07966069478415566,1.0384016333267752e-05,1.8861577487426474e-07,0.7236618402176653
2,1.3304831113841062e-05,0.00010180624928506946,7.95004483140607e-06,3.094000869531487e-05,5.659619760300723e-05,7.058622312485899e-07,0.003249059569927853,1.4371749171772037e-07,0.005553394847929444,4.304490685841011e-08,0.00017173046301660174,0.015965677754626213,4.694022071156184e-08,5.195560500336474e-05,0.1318969223431082,4.258699449629858e-07,6.674594756349774e-05,0.000283294705618683,2.425625155320944e-06,1.1211841181315094e-08,0.0011821050123335926,0.05148033116183539,9.691634495654001e-06,8.125639440786214e-08,0.7898746100948265
3,1.6254709469693152e-05,0.00012541678489459113,1.2522332206120297e-05,6.013231303015848e-05,4.831510907687084e-05,1.1166696789367369e-06,0.0038676959764726133,2.0921906306511487e-07,0.007176248071492625,6.335719790521726e-08,0.0002519123905431107,0.023855756380162234,6.318236269458649e-08,6.783580108391375e-05,0.10877168201190922,5.571918483553393e-07,9.412126301817973e-05,0.0004154979357751596,3.865227892941674e-06,1.2691714288295606e-08,0.0020805929264803495,0.07824518674037405,1.5046031441861843e-05,1.5712550278945802e-07,0.7748897385573082
4,1.6404667927743144e-05,0.00012331594527688474,1.1880119114963511e-05,5.946807744941907e-05,4.698785663384815e-05,1.0505760093432678e-06,0.003762830590286059,1.9696095768012629e-07,0.007239685059873119,5.841673593231541e-08,0.0002473993750952735,0.027171662771517963,7.620298782837553e-08,6.982756193516201e-05,0.10159875880398528,5.249677886421127e-07,9.940594983142594e-05,0.00040486882447052117,3.9364923184920844e-06,1.2774741095058668e-08,0.0020986659258401563,0.08008970071990174,1.4842586935937377e-05,1.6178475534833452e-07,0.7769382769876302
5,1.674499933189701e-05,0.00011439916293470737,1.1174456804455815e-05,7.64866844201784e-05,3.622054947825473e-05,9.906804077305317e-07,0.00336179430583233,1.7985945682725037e-07,0.006375449836007843,6.69956538567521e-08,0.00022258971681310825,0.025987139498208675,6.38948866682599e-08,7.529197211661222e-05,0.07999571980551136,4.687475607019854e-07,9.870584805584943e-05,0.0005557081646106616,3.0716548731013092e-06,1.2397364599769778e-08,0.002106218177331343,0.08145103894392944,1.502234404344339e-05,1.6407814717234177e-07,0.7994952772262193
6,1.6254709469693152e-05,0.00012541678489459113,1.2522332206120297e-05,6.013231303015848e-05,4.831510907687084e-05,1.1166696789367369e-06,0.0038676959764726133,2.0921906306511487e-07,0.007176248071492625,6.335719790521726e-08,0.0002519123905431107,0.023855756380162234,6.318236269458649e-08,6.783580108391375e-05,0.10877168201190922,5.571918483553393e-07,9.412126301817973e-05,0.0004154979357751596,3.865227892941674e-06,1.2691714288295606e-08,0.0020805929264803495,0.07824518674037405,1.5046031441861843e-05,1.5712550278945802e-07,0.7748897385573082
7,6.05335382496895e-05,0.00016892767354201088,4.522108616043007e-05,5.0926464531568105e-05,5.9295612536884313e-05,1.6465755746801153e-06,0.006458823058206112,2.842241672005682e-07,0.007655216337927779,1.0673510158548027e-07,0.00030682161598593233,0.026950136133244786,1.042293836844555e-07,5.3033116678182834e-05,0.07165147957913644,4.6394596282760205e-07,7.485339693095796e-05,0.0005285365188782392,8.371265904964376e-06,1.310305445026907e-08,0.001570815041127779,0.04138037418632464,1.933724370008061e-05,3.6891149911077203e-07,0.84295431040619
8,2.1850607546462824e-05,0.00019515862432710162,2.1969641221483567e-05,9.889645482610234e-05,4.621491662240399e-05,1.0159659837136086e-06,0.005727943460942413,2.1865598907666067e-07,0.004496086509024121,1.120637591398614e-07,0.00023673423100102422,0.028582267638001396,5.422693624951655e-08,0.00010099056468150783,0.05083827738752573,3.498864437646271e-07,5.646248186508725e-05,0.0002984384663987724,3.0204184020991367e-06,1.4545329121320572e-08,0.001518223740465362,0.03690728805729361,3.4056244186007854e-05,1.9529328399988374e-07,0.8708141599179443
9,1.4422475833593582e-05,0.00016960757077434118,2.1891638656688685e-05,0.0001246634941496004,3.126026600240938e-05,1.0290371517204142e-06,0.005150804484840495,1.878648500569428e-07,0.006493408330180893,1.1798971523099392e-07,0.00016879407863661198,0.0357082828543158,6.404850205547718e-08,7.331104071690255e-05,0.0631498819267658,4.8952598249807e-07,5.600869096306931e-05,0.00033291347567932205,2.7256742175177107e-06,1.5733967842558856e-08,0.0028478136233042353,0.05341104881397676,2.4674135733676175e-05,1.9559615891472752e-07,0.832216387628924
10,1.6254709469693152e-05,0.00012541678489459113,1.2522332206120297e-05,6.013231303015848e-05,4.831510907687084e-05,1.1166696789367369e-06,0.0038676959764726133,2.0921906306511487e-07,0.007176248071492625,6.335719790521726e-08,0.0002519123905431107,0.023855756380162234,6.318236269458649e-08,6.783580108391375e-05,0.10877168201190922,5.571918483553393e-07,9.412126301817973e-05,0.0004154979357751596,3.865227892941674e-06,1.2691714288295606e-08,0.0020805929264803495,0.07824518674037405,1.5046031441861843e-05,1.5712550278945802e-07,0.7748897385573082
11,1.6876270001094124e-05,0.0001265359986705258,1.2841839304267341e-05,6.150288405700284e-05,4.997901782770541e-05,1.115622276569275e-06,0.003935358738448534,2.114208756973092e-07,0.00735127471455943,6.337672281574924e-08,0.00025701154580191996,0.026077652963041358,7.522266687596712e-08,6.804220473126465e-05,0.10648262007979183,5.739066204878583e-07,9.911179066314338e-05,0.00041102287216641877,4.052044377495836e-06,1.3812534609113403e-08,0.002120503193195512,0.07852342627454692,1.5690450495284164e-05,1.7193531373388947e-07,0.7743842718213094
12,1.4732725319217623e-05,0.0001138666455242739,9.013516252302905e-06,5.238025725513172e-05,4.687350115702764e-05,1.0061969558174504e-06,0.002914622925589759,1.4637679856393952e-07,0.005481650737541758,5.886351962882297e-08,0.00018893205575207128,0.01712832217867813,5.4236805316123574e-08,7.6147576345135e-05,0.07873718537113951,4.062543979073434e-07,0.00010772823312352131,0.00042539614040475404,2.6465374389324694e-06,1.2204056096943623e-08,0.0017860570250446193,0.06302917270497668,1.4013681436745948e-05,1.1266585195220854e-07,0.8298694613886352
13,2.0478843791409543e-05,0.00013370133290878616,1.2769572992516088e-05,4.6863317608083844e-05,4.530403482608147e-05,1.1538335433228933e-06,0.0033018442023120278,1.529089877224459e-07,0.0075931425855547,7.765452129252104e-08,0.00013741406280712027,0.016259726759565104,5.8242532027962375e-08,4.558522199658914e-05,0.09996246947414768,5.579714911899584e-07,8.701790648005408e-05,0.00045475278174671256,3.8052434840518594e-06,1.2546133089859665e-08,0.001907724480661218,0.059702820079970034,1.0387322062154217e-05,1.351432667498644e-07,0.8102720444766104
14,1.9313796498196882e-05,0.0002434997151690145,9.483073494619543e-06,6.703060257073693e-05,7.444020192621872e-05,1.142756042856317e-06,0.0050108580859258185,2.4867640494899195e-07,0.0067261213866038096,1.031783460273642e-07,0.00033373125479162067,0.02163178067598286,4.69693886508576e-08,0.00010556122843211911,0.10866649301580593,6.013644223355404e-07,9.346320749155818e-05,0.00043673936584825003,5.189562014395472e-06,1.5986934536138697e-08,0.0017562767843306763,0.07995771363182154,2.0405140257320513e-05,1.7821225748712043e-07,0.7748395621272385
15,1.6254709469693152e-05,0.00012541678489459113,1.2522332206120297e-05,6.013231303015848e-05,4.831510907687084e-05,1.1166696789367369e-06,0.0038676959764726133,2.0921906306511487e-07,0.007176248071492625,6.335719790521726e-08,0.0002519123905431107,0.023855756380162234,6.318236269458649e-08,6.783580108391375e-05,0.10877168201190922,5.571918483553393e-07,9.412126301817973e-05,0.0004154979357751596,3.865227892941674e-06,1.2691714288295606e-08,0.0020805929264803495,0.07824518674037405,1.5046031441861843e-05,1.5712550278945802e-07,0.7748897385573082
16,1.1832995507106836e-05,0.00011679491982698354,9.262951469481111e-06,5.637403472120673e-05,3.690370311378311e-05,8.045439475115879e-07,0.00400885653092731,2.0493314841260193e-07,0.006235040061498201,7.370708192442655e-08,0.00018524406022755378,0.0294847246119591,5.848261038673853e-08,6.608417527675244e-05,0.10814100005689184,5.765925830216513e-07,8.448909647108416e-05,0.00039110277835775493,3.6117844473669308e-06,1.2061033511536669e-08,0.0027415637928681477,0.10004608136141016,1.3217178386075531e-05,1.2233837154899833e-07,0.748365963247864
17,9.03879282696632e-06,8.910235675070008e-05,6.542951686653833e-06,6.691753240389751e-05,4.427408764276881e-05,6.701029163564514e-07,0.003214730280141185,1.9345695374996832e-07,0.003970382882953944,5.078224498670429e-08,0.00026681569771287104,0.027912074836285636,6.941753071005596e-08,0.00010433829329057956,0.0746733820522513,4.0148795263695476e-07,0.0001454213332146056,0.0003599691579813899,2.2410613189381285e-06,1.4947518084732638e-08,0.002096446671611446,0.10238246618905783,2.289304519807118e-05,1.1312823335158594e-07,0.7846314494543214
18,1.7252349682639002e-05,0.00013876633540001437,1.4124062993298809e-05,6.559751348559334e-05,5.061563513732322e-05,1.232934993599687e-06,0.004182217999948389,2.3986437118783057e-07,0.008027517966446029,6.691485406280534e-08,0.00028608007383281613,0.025623896331027927,6.498543192887284e-08,6.926528552192448e-05,0.12013299568139475,6.264858203411193e-07,9.198936645598673e-05,0.00041635939601254073,4.504044776641428e-06,1.3231647530914826e-08,0.002169639208020957,0.08283601051753009,1.5976318019303726e-05,1.7954362047033546e-07,0.7558547679535746
19,1.1992021520642381e-05,0.00011621739288796716,1.383725526141996e-05,7.095724442704152e-05,3.5071027839433426e-05,6.393434134596196e-07,0.0059453216803147186,2.3979477646535934e-07,0.0073550210843761985,6.298562103900561e-08,0.00019266733670468658,0.04499148418336632,6.977496674626445e-08,5.6770727752796075e-05,0.11086241421062724,6.019124191124838e-07,6.450946712414068e-05,0.00030617469966846123,3.166346134847637e-06,1.0798685625007255e-08,0.0025114985811381654,0.09398156267544207,1.2985351125264621e-05,1.2642347328437793e-07,0.7334665976809327
20,9.330119532896675e-06,8.858179606840833e-05,1.0839858016867834e-05,5.954079339702434e-05,3.179242368539393e-05,8.287617791898023e-07,0.00400171928722725,3.558737340221386e-07,0.00686059856761533,5.004438391398464e-08,0.00029951405433515787,0.030213453154245853,4.7760811578200786e-08,5.6373694205907186e-05,0.2087358857342296,7.378326035997597e-07,7.521293974650537e-05,0.00035428369932804295,4.012935753553465e-06,9.900711887952e-09,0.002188085931458472,0.14741416073370583,1.123386246087836e-05,1.1467178757061133e-07,0.5995832355691754
21,1.9413257704217495e-05,0.00018675749571933932,1.3765882443114316e-05,9.212939721831584e-05,4.086580325286153e-05,1.0762989169671135e-06,0.00501343136110093,3.3550390464970056e-07,0.010658225003184661,9.836625898435052e-08,0.0002315401691908107,0.04400257087659945,7.374683866023894e-08,0.00011109086374407866,0.11494884862502283,1.0449027737432258e-06,6.527485718073779e-05,0.0005503775011657671,4.657375633127934e-06,1.544780937658943e-08,0.0025576959059588488,0.0965201218994452,1.1716937848571145e-05,1.702284268526501e-07,0.7249687022926579
22,2.134368726918248e-05,7.901487312780187e-05,1.067752899914468e-05,4.3767276985074027e-05,4.223266051447316e-05,1.2439031521888562e-06,0.0021274660337910734,1.6476558286997338e-07,0.00594542892805594,5.1749400221133936e-08,0.00023969016860727496,0.013220527141868997,5.7925952961481025e-08,5.643214246933617e-05,0.09680393882469647,4.688610960146147e-07,0.000153826503724763,0.0007837114792054728,3.203801430659318e-06,1.142889810989251e-08,0.001748939907545627,0.0868584794764088,1.0323634518443133e-05,1.4185435298079374e-07,0.7918488554423462
23,1.6254709469693152e-05,0.00012541678489459113,1.2522332206120297e-05,6.013231303015848e-05,4.831510907687084e-05,1.1166696789367369e-06,0.0038676959764726133,2.0921906306511487e-07,0.007176248071492625,6.335719790521726e-08,0.0002519123905431107,0.023855756380162234,6.318236269458649e-08,6.783580108391375e-05,0.10877168201190922,5.571918483553393e-07,9.412126301817973e-05,0.0004154979357751596,3.865227892941674e-06,1.2691714288295606e-08,0.0020805929264803495,0.07824518674037405,1.5046031441861843e-05,1.5712550278945802e-07,0.7748897385573082
24,1.924932959754969e-05,0.00019198157720429305,1.0558495081686115e-05,9.030024573441197e-05,4.777451369375921e-05,1.1250638283534517e-06,0.0036416556427291157,2.345291362911855e-07,0.00666387171203958,8.96515599535371e-08,0.00025443971695395293,0.02705908762920398,6.565730973120246e-08,0.00012150999701432102,0.07823106920514136,5.675208039637499e-07,0.0001134841593292269,0.0005245570506657683,4.016212856348567e-06,1.6914627987478646e-08,0.002017007168791363,0.08487019030060627,1.9266657620637773e-05,1.7344420364805853e-07,0.7961177076042665
25,1.3535896073860205e-05,0.00017761270697995308,1.3738597552634337e-05,0.0001667797676448257,7.146607087114743e-05,1.490674231279072e-06,0.007568107376125471,9.565552136153584e-07,0.0072828351733941815,8.328880582536993e-08,0.0012189973023055325,0.04900944831595086,6.012826238172033e-08,0.000270366849885461,0.138207852302999,1.0101420502898324e-06,0.00012785980833261427,0.0005397385437522127,5.959559983792676e-06,1.770622286976745e-08,0.0027540487655589164,0.17537180513058626,3.825404560507073e-05,2.607463067659715e-07,0.6171577145453053
26,5.158667377974973e-05,0.00016475051444058566,2.487470487451361e-05,6.944663803517604e-05,7.927333919100392e-05,2.362098760801481e-06,0.0028995370820364737,1.415550157806657e-07,0.01136526458687665,7.550487653023306e-08,0.00034845676282966177,0.019645129093639628,1.5543322611831217e-07,5.2005324801078226e-05,0.06045324279911555,5.092523070933232e-07,0.000193061871128678,0.0007869420426075678,7.058885058221914e-06,2.2324115788895718e-08,0.002432590813212746,0.05965566252955537,2.7283723206972996e-05,6.408909126773763e-07,0.8417399255563957
27,1.3691494410555526e-05,0.00011352880207748935,1.0795753380598728e-05,6.142733830102003e-05,4.222390999843187e-05,1.0731497620541496e-06,0.0035104138437040498,2.465298816580529e-07,0.007894276029777417,5.499696055559583e-08,0.00028978736854842795,0.02546012505438309,5.905893151619502e-08,6.654430641713287e-05,0.1443258164770524,6.421968194359872e-07,0.0001017178306657667,0.0004430363607717296,4.234876167102609e-06,1.175403422214912e-08,0.002216974845583491,0.11942404299807405,1.3458249396646271e-05,1.530190285928151e-07,0.6960056637558726
28,1.6254709469693152e-05,0.00012541678489459113,1.2522332206120297e-05,6.013231303015848e-05,4.831510907687084e-05,1.1166696789367369e-06,0.0038676959764726133,2.0921906306511487e-07,0.007176248071492625,6.335719790521726e-08,0.0002519123905431107,0.023855756380162234,6.318236269458649e-08,6.783580108391375e-05,0.10877168201190922,5.571918483553393e-07,9.412126301817973e-05,0.0004154979357751596,3.865227892941674e-06,1.2691714288295606e-08,0.0020805929264803495,0.07824518674037405,1.5046031441861843e-05,1.5712550278945802e-07,0.7748897385573082
29,1.6254709469693152e-05,0.00012541678489459113,1.2522332206120297e-05,6.013231303015848e-05,4.831510907687084e-05,1.1166696789367369e-06,0.0038676959764726133,2.0921906306511487e-07,0.007176248071492625,6.335719790521726e-08,0.0002519123905431107,0.023855756380162234,6.318236269458649e-08,6.783580108391375e-05,0.10877168201190922,5.571918483553393e-07,9.412126301817973e-05,0.0004154979357751596,3.865227892941674e-06,1.2691714288295606e-08,0.0020805929264803495,0.07824518674037405,1.5046031441861843e-05,1.5712550278945802e-07,0.7748897385573082
30,1.6254709469693152e-05,0.00012541678489459113,1.2522332206120297e-05,6.013231303015848e-05,4.831510907687084e-05,1.1166696789367369e-06,0.0038676959764726133,2.0921906306511487e-07,0.007176248071492625,6.335719790521726e-08,0.0002519123905431107,0.023855756380162234,6.318236269458649e-08,6.783580108391375e-05,0.10877168201190922,5.571918483553393e-07,9.412126301817973e-05,0.0004154979357751596,3.865227892941674e-06,1.2691714288295606e-08,0.0020805929264803495,0.07824518674037405,1.5046031441861843e-05,1.5712550278945802e-07,0.7748897385573082
31,3.659700094510856e-05,0.0001900913744254452,2.6459874790169402e-05,7.561793789236691e-05,5.202057836826381e-05,1.3025892498419839e-06,0.005991919534055594,4.093781430727754e-07,0.006410532525158702,1.2878999776820297e-07,0.00026958402662229195,0.023938005447871967,6.110629347538384e-08,8.024774180847019e-05,0.0824491122541297,5.322973166064242e-07,8.455417208161411e-05,0.0005786883468465868,5.879532856994311e-06,1.418966272733844e-08,0.0018111985020624179,0.060792778797275356,1.9860777288674824e-05,2.0491620080709134e-07,0.817184198308656
32,1.8427083145477585e-05,0.0001384278687015538,1.3275133789925806e-05,5.835073111068674e-05,4.9738078868069414e-05,1.2311729335843891e-06,0.003935210777964182,2.2467181279877546e-07,0.00786338271260121,6.688103753967537e-08,0.0002696236445481716,0.024959134183613417,6.852844285044886e-08,6.635764808576076e-05,0.11745544531227359,5.97998913739518e-07,9.800521230333242e-05,0.000430593325436995,4.981555432376687e-06,1.294474920579783e-08,0.002167109262158281,0.08487351045837821,1.514911622811607e-05,1.8165294728965637e-07,0.7575808940445236
33,1.3675150055816121e-05,0.00016954242790460193,9.366752442748252e-06,0.00013887250359526576,7.005328512593388e-05,2.0315754455000454e-06,0.003993602758307582,5.400064900830999e-07,0.005798908818697772,1.2316879644000406e-07,0.000690138023591534,0.03032594158448199,1.1342858004185662e-07,0.00022798665703032002,0.08658126435969865,1.048336853182943e-06,0.0003248952574326093,0.0006487906400101058,7.330032119389565e-06,3.025175344225816e-08,0.003349478041869037,0.20745258784281875,4.945907661366926e-05,3.3705658545625226e-07,0.6601438829637
34,0.0001358490858227437,0.00036443535222294523,4.07818264075731e-05,2.6092498248481905e-05,7.016787363877017e-05,2.2381712024886706e-06,0.0043769444024509205,3.187631461862479e-07,0.04591082242097291,3.2256354006689186e-08,0.00043917159467082536,0.04334658035970964,1.4299118394298231e-07,3.116778559256561e-05,0.2467081110774913,6.775967599838693e-07,6.907678506455754e-05,0.0005942710031409563,4.479755772141645e-05,6.823909036802077e-09,0.0018246888067276763,0.08884193980508004,4.896605411044332e-06,5.334388434052282e-07,0.5671662551182266
35,8.703618463169313e-06,0.00012923648185836757,9.721324110817743e-06,5.916205212409367e-05,6.276147923991708e-05,1.3572804994749157e-06,0.003440290764990838,1.9171620595704339e-07,0.005407235073800752,5.893972128945821e-08,0.00034479321935628854,0.020241715326248928,6.168665982863588e-08,8.875949915335283e-05,0.13350387552107634,5.988301941912268e-07,0.00010821014675633372,0.00022133743425606928,3.671084338755696e-06,1.765007278172017e-08,0.0020212999634890098,0.07474179121274527,2.593461712969411e-05,1.5161496078932198e-07,0.7595790634625477
36,1.7793933278450317e-05,0.00014082701035254914,1.4656576478310909e-05,6.476205085406503e-05,6.205497621619502e-05,1.668635048930159e-06,0.0033620131543173723,1.3275213578846825e-07,0.006920851481205454,8.013826607495693e-08,0.00025162691111469765,0.0137424870334308,5.1013237442314796e-08,6.335410640433165e-05,0.08093960457914419,4.361815614728049e-07,9.714341084392708e-05,0.00044734611674765695,3.199752577103781e-06,1.4846386582960993e-08,0.0022702626858389003,0.05047758737416636,2.2862756772510454e-05,2.1295848881232407e-07,0.841098969565132
37,4.0315429686889235e-05,0.00017880939735773327,2.2521282482732257e-05,8.357917242767941e-05,4.610781221353577e-05,1.0729519731854766e-06,0.005155361521142235,1.889704264030236e-07,0.0072867444124250814,1.1356974926523386e-07,0.00024332265618859863,0.027949243320248455,7.271841979442703e-08,6.0464815478258965e-05,0.052903599939609594,4.0632613341305087e-07,8.829611326543744e-05,0.0007201141464617878,4.734216923076193e-06,1.3996886472220694e-08,0.0020501418574953986,0.0629320214622095,2.2018945481527802e-05,3.405755765910392e-07,0.8402103943897374
38,3.192830339360634e-05,0.00012902613238119514,1.978562995277655e-05,2.5232466753757465e-05,5.960378736845372e-05,1.5492586484007267e-06,0.004613899525878234,1.659523922469453e-07,0.009070957517088892,6.486680605105846e-08,0.00017661255036087776,0.015029173011424602,5.419304185252645e-08,3.754584653572366e-05,0.1449007702585741,5.702737039899133e-07,4.398609012007258e-05,0.0003528984467207955,5.734183919339875e-06,7.740791456242949e-09,0.001204526526435793,0.036731613764212606,7.504346560253967e-06,1.5104106014827485e-07,0.7875566382858749
39,1.5951844511115265e-05,0.00011395972557045367,1.324593715351243e-05,5.908490207982555e-05,4.7264425342059744e-05,1.2145360111911464e-06,0.0037828799306769603,2.1958977300462043e-07,0.0072321097234542865,6.384111986814137e-08,0.0002480473083517648,0.023287725376504916,6.860230332299154e-08,6.340522059018633e-05,0.11249392576668366,5.927218337023923e-07,0.00010135020134580544,0.0004273943025681093,4.037100782704452e-06,1.288930323588884e-08,0.002269847358739849,0.08038316954510553,1.4689689841247054e-05,1.6011058160460866e-07,0.769439579349772
40,1.4525153234193267e-05,9.45173530981954e-05,1.3886457518995719e-05,2.69534494947952e-05,3.4874470585378206e-05,6.972417746910146e-07,0.0037435332089243508,1.347788549194043e-07,0.006831428020557619,3.309682462201814e-08,0.00015880013120714466,0.02469385221466993,4.930874916148123e-08,3.9758932381813813e-05,0.1378662352448787,3.195819083289402e-07,4.308105549715089e-05,0.00021902937404390875,3.053622944878278e-06,6.069530456561853e-09,0.0012911095982981956,0.05273021525301308,7.578391020380134e-06,8.178286871869317e-08,0.7721862462081204
41,2.4396990588208965e-05,9.751662499436413e-05,1.5036818927136337e-05,2.2379489615194695e-05,0.00011728933677509935,9.003291756974586e-07,0.004208901451636911,1.34893969148779e-07,0.01499919949871178,2.13906732103957e-08,0.00017068307561282438,0.01338753258211478,6.471829577474257e-08,2.3914176681581873e-05,0.22709242594103107,8.00533834724854e-07,3.9196872647786506e-05,0.00024407256629623816,2.0935618594635964e-06,9.276073137868497e-09,0.0007269573192905048,0.024597710073354505,3.982757583584231e-06,8.818222620494692e-08,0.714224691538031
42,1.0827283538703335e-05,9.546958611924106e-05,1.3232865319894336e-05,7.241768103601793e-05,2.4470181088088844e-05,1.313783067265134e-06,0.0034981976981073824,5.653236619277445e-07,0.008446685995035456,8.358848315432698e-08,0.00029778465801740103,0.040111989208276855,9.354985178401805e-08,4.929295405009953e-05,0.20603852085484137,1.4144738043814073e-06,0.00012550290086570538,0.0004631039617825422,1.052178077759505e-05,1.494435289645738e-08,0.004011583231547947,0.24910699197315814,1.273621779239548e-05,2.1717887972492558e-07,0.487606968126544
43,1.0318183035427886e-05,0.00011197223906133337,1.2022416939026925e-05,7.141312968069523e-05,3.898106235755911e-05,2.192873316611817e-06,0.0031707649094469183,2.8676574336863566e-07,0.006153763469604442,2.164534367599031e-07,0.00016933083565164213,0.015443084437627734,7.61902875995721e-08,7.0491315351223e-05,0.11091223992701021,1.091898663447793e-06,0.00016246236393480896,0.0006292442366949454,5.628665590861817e-06,2.563692678863992e-08,0.005287304291848581,0.13416064770670139,2.2000065426320187e-05,1.9679932603252266e-07,0.7235642441263364
44,1.6254709469693152e-05,0.00012541678489459113,1.2522332206120297e-05,6.013231303015848e-05,4.831510907687084e-05,1.1166696789367369e-06,0.0038676959764726133,2.0921906306511487e-07,0.007176248071492625,6.335719790521726e-08,0.0002519123905431107,0.023855756380162234,6.318236269458649e-08,6.783580108391375e-05,0.10877168201190922,5.571918483553393e-07,9.412126301817973e-05,0.0004154979357751596,3.865227892941674e-06,1.2691714288295606e-08,0.0020805929264803495,0.07824518674037405,1.5046031441861843e-05,1.5712550278945802e-07,0.7748897385573082
45,1.4363857456429732e-05,8.394091462794925e-05,1.711079743516488e-05,5.081631913827038e-05,4.7729430389214024e-05,1.2481914727537231e-06,0.005325710911495924,5.502849418842115e-07,0.009305882562297143,4.660359449426099e-08,0.0004048184594387162,0.025286592627779554,5.71932732191762e-08,4.593801936468074e-05,0.30548258751048785,1.2370102198059286e-06,6.100501401788331e-05,0.0003706961556135999,5.4746142868239805e-06,9.911419056080087e-09,0.0014509138018915853,0.10210015257900774,7.876485850389123e-06,1.4062653919636026e-07,0.5499351001179607
46,9.074987590918603e-06,6.756251228414295e-05,7.311136956123304e-06,9.426607262006463e-05,3.3900954400228414e-05,1.7767459623589825e-06,0.0014441829779648961,2.2861267973646006e-07,0.003911883935457634,5.4763875365856125e-08,0.00037281283751963414,0.019568182096000263,1.4391432764608068e-07,9.481668474805566e-05,0.07500695496831258,5.910907476417902e-07,0.000594954725909225,0.0005720231151492865,4.614118101957005e-06,2.4222049018576388e-08,0.0035672898482966404,0.20851205829090905,3.05513800175743e-05,2.325820533853587e-07,0.6861045074260665
47,1.931941298733164e-05,8.820974240141692e-05,1.0148021558626229e-05,3.223725154284235e-05,2.9526353611939306e-05,5.581079082701566e-07,0.0030971969105562814,1.2423464973620085e-07,0.0073624205934596,4.685167674563214e-08,0.00010042457071024245,0.03180902649474726,9.371564215039903e-08,3.064171907536463e-05,0.09559729199540674,5.202359364829094e-07,8.697611351268322e-05,0.0003923864230047503,3.7955743459470685e-06,9.59078544384519e-09,0.0020949561629711975,0.08690664788479197,6.515439403073787e-06,1.158444908175691e-07,0.7723308107548231
48,3.2531647377844525e-05,0.0004273237919459555,1.6611394963612008e-05,9.320064034371438e-05,6.839353283150416e-05,2.944061932016106e-06,0.004818414646466913,4.6657648743039507e-07,0.009002789168583459,1.8256563330121324e-07,0.0006135317727511866,0.028985519858279542,9.712623655352656e-08,0.00013189213813982542,0.10527153178043165,7.988945567758389e-07,0.00023255863246146935,0.0005593720480547673,2.7836757396319435e-05,2.2017721786288783e-08,0.00332081842178285,0.17700645178347518,4.2213065169128595e-05,5.64798671867777e-07,0.6693439328783053
49,1.4171998574408763e-05,0.00011092319056426243,1.4555443211258009e-05,7.103718442163739e-05,3.5246770727290414e-05,1.1095079725597632e-06,0.00365220616158059,1.9131802559959501e-07,0.006589602071365711,6.731169703608922e-08,0.0002294530673063688,0.028567750155423392,6.936983469729958e-08,6.738727278663186e-05,0.09423151541758583,5.013157575021022e-07,8.507567680272546e-05,0.0003964740838538952,3.434806991474118e-06,1.24432029078997e-08,0.0023178016836003096,0.07965235625052183,1.7211604711300645e-05,1.7045606165435393e-07,0.783941675437419
50,1.2761635147155705e-05,0.00010586064408098549,1.0614716059310252e-05,4.021499648822704e-05,4.107064491321611e-05,5.88839075361041e-07,0.006591920156521272,2.4909587457696945e-07,0.0030496505354914998,9.871645100488719e-08,0.00016194876529391586,0.023214511039587087,4.0856391451554205e-08,7.267122210653096e-05,0.08197757374579884,3.7634217056402376e-07,5.490257264624475e-05,0.0002747955952077099,2.8361096225381554e-06,9.319375270802537e-09,0.0014322280512579727,0.05603644462064913,1.5362887796168977e-05,7.768802778886298e-08,0.826903191203966
51,2.416910474784654e-05,0.000545680894006697,1.133301991488939e-05,0.0001707214871023924,1.901180395958763e-05,7.540461426527113e-07,0.00376021644452744,3.7695083191715875e-07,0.009597539931492333,9.779813091029028e-08,0.00028454223707917854,0.04932699997863089,2.533515928954181e-08,0.00017331248950152345,0.10424562001064563,4.0035997589705806e-07,6.629481985118388e-05,0.0006046683611069215,7.341714583979555e-06,8.730256763728503e-09,0.0018544894519346418,0.19301974964222812,1.3039336114341986e-05,1.4643499122220622e-07,0.6362734596170837
52,2.0488386384052948e-05,6.37440172557627e-05,1.0795400107526028e-05,3.415719106000918e-05,4.637633076799076e-05,1.9661721082973034e-06,0.0020541597514786526,2.0681704459522254e-07,0.007466337266476618,5.2600826566373483e-08,0.0002672410854306441,0.009008836752530171,4.509625808888544e-08,6.199281834151475e-05,0.1567007644907535,6.827164431544389e-07,9.973550317623066e-05,0.0009320076860642156,3.3014444630806323e-06,9.91798912304532e-09,0.001171155992928589,0.07110409117990686,6.984514543327786e-06,1.2139050914194112e-07,0.7509447454771524
53,1.7863730945563897e-05,0.00013248625419982375,1.2638031232713842e-05,6.134646461581035e-05,4.720882878400453e-05,1.231666209528618e-06,0.003447689933859161,2.0370950401388498e-07,0.0075034595716856915,6.468920524004726e-08,0.0002485957293462739,0.022684168566753475,6.567034116243012e-08,6.982866269168169e-05,0.10503383502825654,5.598945420209331e-07,0.00010452276907447466,0.00045751966799601303,4.19521990141481e-06,1.3152160551588531e-08,0.002129414771676779,0.08024265802827106,1.4782519961561835e-05,1.6654286414060783e-07,0.7777854808959213
54,1.4198607997742024e-05,0.0001290929822291193,5.9560711487014335e-06,2.2196343098560344e-05,2.841432335604526e-05,4.3540644007681997e-07,0.0024393550096766838,6.529294503879018e-08,0.004037227326687853,4.459285923213173e-08,5.914442603136311e-05,0.01386632799314358,2.5892934402820962e-08,4.8417924752958393e-05,0.07753737491049657,2.193519012937092e-07,3.241106552720217e-05,0.0002098367548588636,1.6304377000069377e-06,5.706571072165192e-09,0.0007060407085262997,0.030012499420598235,5.2022075410657425e-06,3.791395393874519e-08,0.870843839329024
55,1.7853744977034248e-05,0.00012223461659142512,1.3270462064942523e-05,6.010777287937971e-05,4.426442308689908e-05,1.017656503240439e-06,0.003966111126938337,1.948884946749871e-07,0.008510882828096113,5.6660051902395966e-08,0.000225254940872428,0.028300560377198487,7.09463171228105e-08,5.90764258100601e-05,0.10782974972272112,5.61681023516209e-07,8.377013982804792e-05,0.00043401655836376756,3.830882601932333e-06,1.159009473384308e-08,0.0021277166779560073,0.07693503691308756,1.2432280438820965e-05,1.6220590832022962e-07,0.7712517544780941
56,1.6524831245843506e-05,0.00012304349537241755,1.2632756087480863e-05,5.956114149054273e-05,4.738741129446838e-05,1.0934207225498906e-06,0.0038898841612638015,2.080678373091788e-07,0.007212018362802565,6.138090542438424e-08,0.000253445697124818,0.02630989935127538,7.27221230949979e-08,6.731976830646353e-05,0.10714095881038749,5.481053027096815e-07,9.615744267627657e-05,0.0004041699940233348,4.06646400051895e-06,1.2911265241849e-08,0.0021012436566023836,0.07944776571326968,1.5141258256863414e-05,1.654499024789399e-07,0.7727966176264608
57,1.3458282054333544e-05,0.00011125241795106808,9.682419200547177e-06,5.048235207478004e-05,3.506011771541402e-05,6.742319297661329e-07,0.003520557526979293,1.9673045152321642e-07,0.006786996221598992,5.716487692029281e-08,0.00016380021536052948,0.03960693346773574,1.0716640552710014e-07,5.246042019943129e-05,0.10424319890286426,6.054524154316342e-07,0.00011035578230812203,0.00032535980333812416,4.474202718685624e-06,1.4682765171613838e-08,0.0023562158342374405,0.10803092564741391,1.2229813265802894e-05,1.368807191920858e-07,0.7345647642634199
58,2.0608547481729277e-05,0.0001421003253784533,1.5102147808943503e-05,6.856006294309677e-05,5.2316269471160364e-05,1.2822730128067486e-06,0.004335048159650796,2.2598429589689577e-07,0.00863300881231663,6.564109063110946e-08,0.00031878346414806937,0.030601728697754307,8.21650925917938e-08,6.892875598546923e-05,0.10579509548812845,5.947836244617824e-07,9.700569889437463e-05,0.00045102317759601276,5.216137145135985e-06,1.3567845891165746e-08,0.0022951188636769425,0.08331432381275576,1.8086429751847518e-05,2.4301621317215536e-07,0.7637654377179374
59,1.9521686452941844e-05,0.0001391097114949607,1.6953999304427007e-05,6.999473246715763e-05,5.2435471242289265e-05,1.3031389505700738e-06,0.0044547825469535025,2.2828516049709725e-07,0.008727121234117508,6.882223697927961e-08,0.0003063357198028597,0.02872796062183775,7.719440826652336e-08,6.284805588199295e-05,0.11166072983551932,6.164752281037866e-07,9.208056635998731e-05,0.00043029493874972814,4.843914868296099e-06,1.4260168047252683e-08,0.002423258770823201,0.08057676036982357,1.8521205725221852e-05,2.3940025920567837e-07,0.7622138990421636
60,1.6254709469693152e-05,0.00012541678489459113,1.2522332206120297e-05,6.013231303015848e-05,4.831510907687084e-05,1.1166696789367369e-06,0.0038676959764726133,2.0921906306511487e-07,0.007176248071492625,6.335719790521726e-08,0.0002519123905431107,0.023855756380162234,6.318236269458649e-08,6.783580108391375e-05,0.10877168201190922,5.571918483553393e-07,9.412126301817973e-05,0.0004154979357751596,3.865227892941674e-06,1.2691714288295606e-08,0.0020805929264803495,0.07824518674037405,1.5046031441861843e-05,1.5712550278945802e-07,0.7748897385573082
61,1.957294806983677e-05,0.00013501916373130014,1.6601867473057134e-05,6.697212029069262e-05,5.1843559499145566e-05,1.2500583140757733e-06,0.004459796919164193,2.259118641441038e-07,0.008457719251793963,6.789213424959873e-08,0.00029535249556862956,0.028691375094241287,7.92990878165398e-08,6.168112683638124e-05,0.11054905862332363,5.986744860581107e-07,9.133704152981574e-05,0.00043077970647882206,4.741234080871538e-06,1.3985567393379782e-08,0.002345437538920061,0.07924101607612698,1.7772017454531024e-05,2.3026387985324073e-07,0.7650614571300832
62,1.6254709469693152e-05,0.00012541678489459113,1.2522332206120297e-05,6.013231303015848e-05,4.831510907687084e-05,1.1166696789367369e-06,0.0038676959764726133,2.0921906306511487e-07,0.007176248071492625,6.335719790521726e-08,0.0002519123905431107,0.023855756380162234,6.318236269458649e-08,6.783580108391375e-05,0.10877168201190922,5.571918483553393e-07,9.412126301817973e-05,0.0004154979357751596,3.865227892941674e-06,1.2691714288295606e-08,0.0020805929264803495,0.07824518674037405,1.5046031441861843e-05,1.5712550278945802e-07,0.7748897385573082
63,1.753147712450126e-05,0.00015478886106853827,1.2586091602794212e-05,6.0005718372738654e-05,4.999704389172087e-05,1.1064861195739938e-06,0.003841783626349589,2.0035672741691405e-07,0.0073845687873412575,6.881032903927282e-08,0.0002410093905589759,0.023962173571383433,6.19815661263238e-08,6.889689550228215e-05,0.10837740489311898,5.395531152860539e-07,9.224548649272078e-05,0.00038827654963097095,4.3121216769398915e-06,1.3410511288282755e-08,0.002056103116728892,0.07701827997405179,1.578373610611476e-05,1.624955322246261e-07,0.7762520995650968
64,1.3516380470914174e-05,0.00012126444191241069,1.1877024537032108e-05,6.2011652004602e-05,4.320290581378308e-05,1.0972060166185076e-06,0.0036990625550367188,1.87475361542241e-07,0.0069529920482766855,6.912999485125835e-08,0.000213739383892926,0.025521881858636568,6.864554611215963e-08,6.627935143329401e-05,0.10129116820728261,5.376936696585704e-07,9.634112278113017e-05,0.00039133195029110733,3.690180344388502e-06,1.3553448656739756e-08,0.0027225443961212984,0.08242104773371459,1.6152369159191816e-05,1.5605029753796546e-07,0.7763497666839557
65,1.3260574393640917e-05,0.0001207457179537152,1.2525424241988945e-05,6.352472918316629e-05,4.3943521210981976e-05,1.068160129309323e-06,0.0041552882079694,2.2326131080036394e-07,0.005354536317490772,8.157489559415182e-08,0.00021897434678959238,0.021485996831633526,5.249893528178138e-08,7.392769758808707e-05,0.09969540491140244,5.205761922225155e-07,8.636259698759195e-05,0.0003714212868153773,3.261164907117801e-06,1.3409838360755027e-08,0.002179117937885835,0.07102163429668261,1.7415105537228064e-05,1.3058030642004194e-07,0.7950805692697189
66,1.805048586199301e-05,0.00011655647755820843,1.412243286571139e-05,5.276706779114998e-05,5.628193156104793e-05,1.2955822983543515e-06,0.0037192281771567604,1.7879388352333267e-07,0.007228233600716348,6.749185169613607e-08,0.0002425876048419773,0.019891976631804205,7.293954598951853e-08,5.532729338557218e-05,0.1031561416594782,5.594214245249616e-07,0.00010379067266970459,0.0004253010712661154,3.9650150799144774e-06,1.4425374303211074e-08,0.002229113570202369,0.06695945774107227,1.6132299143328548e-05,1.8713020425892639e-07,0.7957085904829624
67,5.425342346244422e-06,4.0187836926582236e-05,1.0463887879669783e-05,0.00019319891739383552,3.726845221893063e-05,5.452390974394548e-06,0.001144384552864532,1.5582945085500155e-07,0.002315163489843258,1.174691141500809e-07,0.0003570038397806399,0.011191753594305832,1.817694399267482e-07,0.0002471698566282854,0.030889688391845076,6.160858474379152e-07,0.00045124420737684796,0.0006441165091811957,1.6104006161474153e-06,5.046799100332062e-08,0.004656561878629922,0.057419048337831895,9.445898155932367e-05,3.339972370214759e-07,0.8902943435127171
68,1.827448574606315e-05,0.00013316902111917294,1.5416545334919237e-05,7.354006155954425e-05,4.487603651467812e-05,1.2031453545252057e-06,0.004072915508242059,2.203146305655838e-07,0.007769473040116772,7.265144197997316e-08,0.0002527954951791154,0.02696826295141911,6.743936724678598e-08,7.09235243086822e-05,0.09343249954861244,5.676288328410984e-07,9.413285107363694e-05,0.0004684763111204287,3.974354835310567e-06,1.3287177793885242e-08,0.0024477241807414336,0.07873099654205386,1.7082834454877795e-05,1.877870789838768e-07,0.785383134453684
69,1.6511412969091342e-05,0.00011078928724097253,1.0354292699097916e-05,4.790014280032021e-05,4.2033899751644266e-05,9.552342039881525e-07,0.0031967460095552727,1.6461424783745585e-07,0.006759642975891618,5.492778669659527e-08,0.00018637379261457498,0.02041686657818769,5.837412016328769e-08,6.048310848268817e-05,0.10002505165080065,4.803541123355465e-07,9.293226367104882e-05,0.0004382485826192222,3.2572548030122767e-06,1.0631673589877146e-08,0.0017340541616973596,0.07288562976665941,1.0677313975604674e-05,1.1705397599657975e-07,0.7939606063154602
70,1.5564021810528856e-05,5.098110236338453e-05,1.1850265887671226e-05,4.892382085598969e-05,2.915029237483579e-05,4.428903577222141e-07,0.003016294183526945,2.2113324349719e-07,0.004117682780493509,3.9875722448628416e-08,8.863361698339435e-05,0.016568488240162226,4.778859398048923e-08,6.339046095490606e-05,0.08368574836297536,5.364208346968724e-07,5.787110153859443e-05,0.0004762207393370552,7.001148562401425e-07,1.0144688041019058e-08,0.0006236612679139672,0.036814525921744494,3.932492043257712e-06,3.230351787309751e-08,0.8543250506572193
71,8.377242535022676e-06,0.00020790796293284312,3.924764464993169e-06,4.672188481721624e-05,0.00010939169805483598,3.5636864186856384e-07,0.0036649356748107097,8.275533671154728e-08,0.003715179334032458,9.62509096168e-08,8.188436313310978e-05,0.017212681149977847,6.750961454019503e-08,7.411619998645417e-05,0.05855753070019386,4.804027874444135e-07,7.22019418129336e-05,0.0001474427830334653,1.1756689434411599e-06,4.771591374327588e-08,0.0014237296637030744,0.02755417193515768,2.5947001509497833e-05,8.23631155795488e-08,0.8870914666645809
