,0,1,2,3,4,5,6,7,8,9,10,11,12,13,14,15,16,17,18,19,20,21,22,23,24
0,0.17001894499565862,0.007063954962808825,0.0005081813417830032,2.0335457210732478e-05,0.0005311279373472681,2.5241603033697007e-07,0.00047958261960680314,0.0024216552281664068,0.0006487058993334408,2.3119656408254032e-05,6.667587728085958e-05,0.020600180452907565,1.3673614941901362e-07,0.001087098815061391,0.02729648025958903,8.634309555954287e-06,0.002758177002758205,2.709209191016957e-06,0.45232464858405264,6.031595769033374e-09,0.0005827620640277477,0.047866402440808836,1.1205926057975995e-05,9.136949786092081e-05,0.26558765227874886
1,0.09325977840941174,0.005803408361432823,0.0003694395893614389,1.7675644749278373e-05,0.0003662163157798817,1.9187874941431082e-07,0.0003801213969720346,0.002352043171966947,0.0008232320521838376,2.9977510800115538e-05,3.504303185308626e-05,0.01057279321805812,8.685724890545537e-08,0.0008057384139782917,0.023130006749541975,9.383599149270331e-06,0.0015644206522378427,1.3920923219072576e-06,0.5598205097560658,5.481222066151609e-09,0.000538680703418107,0.03649194732351522,6.728268001623365e-06,5.258204299799269e-05,0.2635685974789823
2,0.13937212958881334,0.006819213718371817,0.00021797270645343935,1.560492196570452e-05,0.00033518180204115516,2.1975991109469537e-07,0.0003661267187658867,0.0018150657284836196,0.00033709221821466145,2.173806668031425e-05,3.9744955722835966e-05,0.014267671198524607,7.299344570201328e-08,0.0009139794659152285,0.043436145801940135,1.111236658912015e-05,0.0033749754754505523,2.14333144913558e-06,0.3878255566966282,4.4204858984738835e-09,0.000693059800962849,0.06779142465842274,2.1844106684461087e-05,7.141398100609407e-05,0.33225050551707147
3,0.14913419460428298,0.008539077962803539,0.0003665980943343473,2.416838287517797e-05,0.00044735150039215216,2.0339814711675257e-07,0.0004238169043805981,0.0024245771907400755,0.00045627593718495515,2.761373953560084e-05,5.182947920889111e-05,0.017388197186811713,1.1411670468273825e-07,0.0010523263070350208,0.024691365234007587,7.912016454982601e-06,0.0031113978061139834,3.187021717332245e-06,0.39881073433761743,5.6543465086135005e-09,0.0007103862332721595,0.05466588619235234,1.3925622668881177e-05,9.400266398908954e-05,0.33755485241302285
4,0.15258183142799697,0.009654987372654507,0.000445754458752067,2.718028003535494e-05,0.0005593329488347108,2.4945654330991646e-07,0.0004702672643355342,0.002385119642841335,0.0005048897198263857,3.09884826717923e-05,5.763256905675236e-05,0.019632263216423175,1.5753853189785846e-07,0.0013532398357259854,0.025477348766141796,8.612516701922708e-06,0.0031570718548926697,3.5690594967111404e-06,0.39849931245805753,6.5797507567369865e-09,0.0007105694139114817,0.05835493849826072,1.5175869700137822e-05,0.00010325234621494414,0.32596624842264155
5,0.14666505326601403,0.010138937037359377,0.0003678017236429126,3.509305256075658e-05,0.0005254887390827884,2.200551453195893e-07,0.0004446549859779531,0.0027581830038435604,0.0003945397301506734,3.472042332409849e-05,5.7529848620649085e-05,0.01819092205163634,1.3588293964916326e-07,0.001186362576157749,0.021269321186568227,7.750880770792163e-06,0.003575798443801568,4.803775921407268e-06,0.36102811028305626,6.5650310051415276e-09,0.0008895932749441191,0.05549301246082532,1.8008474428135457e-05,0.00011927943834607178,0.37679467283985113
6,0.14913419460428298,0.008539077962803539,0.0003665980943343473,2.416838287517797e-05,0.00044735150039215216,2.0339814711675257e-07,0.0004238169043805981,0.0024245771907400755,0.00045627593718495515,2.761373953560084e-05,5.182947920889111e-05,0.017388197186811713,1.1411670468273825e-07,0.0010523263070350208,0.024691365234007587,7.912016454982601e-06,0.0031113978061139834,3.187021717332245e-06,0.39881073433761743,5.6543465086135005e-09,0.0007103862332721595,0.05466588619235234,1.3925622668881177e-05,9.400266398908954e-05,0.33755485241302285
7,0.23106363087002194,0.01764354802557053,0.0007847521749175549,2.943187198679912e-05,0.0003757714806234438,1.8723466731089495e-07,0.000943218373302304,0.002704058159576733,0.0009060653025248574,2.6326281593644563e-05,0.00011441355650073763,0.019178429611339032,3.708219801946171e-07,0.0010660163842435432,0.023727301547610154,4.641965755653239e-06,0.0033506622866559836,4.916655598726554e-06,0.3239984146519937,1.114173585636453e-08,0.00043985418242388117,0.04570157488104959,9.222591020252877e-06,0.00020376045131107192,0.3277234194959965
8,0.13217586000886572,0.0075736728825503115,0.0003670149773001719,3.0262582687896732e-05,0.0003460372954720436,9.21540443751003e-08,0.0003891680658540192,0.002512723615740146,0.0002883856965360375,3.445601238189396e-05,1.8347516683346738e-05,0.010241322130868195,9.516773462969148e-08,0.0008585468373150902,0.018328613881384563,8.496876430529912e-06,0.0032365386000684612,2.02164650838578e-06,0.2430925496184387,4.3556648157813175e-09,0.0006198357189128812,0.032005689577157846,1.5626575797100723e-05,0.00014709364702417515,0.5477075445585786
9,0.13794769138394852,0.012198554532159317,0.0008102863008860492,3.7063244470617436e-05,0.0004743116142984415,8.193742319930034e-08,0.00047647821600136834,0.00300432962940386,0.0005978202250253489,3.661969608165642e-05,2.7393534727262608e-05,0.011052471741359357,2.1848207208446002e-07,0.0008539034397642242,0.01692750616771385,5.049282272291123e-06,0.0034601920471685308,2.3511004170326264e-06,0.22640480399933038,5.9288751365224555e-09,0.0004722025521448986,0.024682725655740666,8.660587408290329e-06,0.0002699221054333529,0.5602493565958742
10,0.14913419460428298,0.008539077962803539,0.0003665980943343473,2.416838287517797e-05,0.00044735150039215216,2.0339814711675257e-07,0.0004238169043805981,0.0024245771907400755,0.00045627593718495515,2.761373953560084e-05,5.182947920889111e-05,0.017388197186811713,1.1411670468273825e-07,0.0010523263070350208,0.024691365234007587,7.912016454982601e-06,0.0031113978061139834,3.187021717332245e-06,0.39881073433761743,5.6543465086135005e-09,0.0007103862332721595,0.05466588619235234,1.3925622668881177e-05,9.400266398908954e-05,0.33755485241302285
11,0.15503481792067902,0.009116351233592722,0.0003916824560021539,2.5486420410143502e-05,0.000464131900257116,2.1393211800315034e-07,0.0004466591650540702,0.002449737913380983,0.00047047190221127745,2.8616018318154738e-05,5.490066166279155e-05,0.018521850126431403,1.3350915617221815e-07,0.0011251429459905166,0.024489358840385944,7.923664097951893e-06,0.003251093526209794,3.4927139662798157e-06,0.3882494264565899,6.2023125970155186e-09,0.0007019248682762729,0.05633231576469399,1.447007008293386e-05,0.00010082989261132746,0.33871896189550854
12,0.20672477858693886,0.01173138462562048,0.0001695012997075094,3.7808645326019945e-05,0.0016511209805011042,4.934016975617707e-07,0.0001771718354469493,0.0011525900784093025,2.0694693697772597e-05,3.077441897839054e-05,4.330962526798126e-05,0.08747570017355555,1.715840199135338e-07,0.0059803859373100425,0.0118918568098923,1.2772006638200485e-05,0.012108807225356856,2.687602768232356e-05,0.13200383645705405,4.265836206156095e-09,0.001581076993965405,0.3075817746339974,0.00017565225338116606,0.00011347386735398073,0.2193079835723649
13,0.1366401095331853,0.010029149321208802,0.000312842349211994,2.7778169450783375e-05,0.0004328892524883195,2.1063463155368806e-07,0.0004554145823734236,0.0024611906125007956,0.0004314194143553644,3.987156797819706e-05,3.837777214072691e-05,0.01174272956001234,1.1616909502653205e-07,0.0009859795457407038,0.022449791852689374,9.165226874387115e-06,0.0027507146375656518,3.4054995335384713e-06,0.38038871206648955,5.733528591729254e-09,0.0006959102996813468,0.05010920914398503,1.5652304604662073e-05,0.00011134325987138222,0.3798680114908032
14,0.043676519758397245,0.08901095378320442,0.00042460517140611157,6.0310375392452925e-05,0.0015270676294767871,4.0511085963356947e-07,0.0004868657814704282,0.003890355408874682,0.0014003881088024755,0.0002562713165240485,7.967390514633623e-05,0.004242533920863462,5.020568819885095e-07,0.0011806027598684403,0.020078441569160988,4.143678003251469e-06,0.002073900006922349,7.009649199264236e-06,0.5268624259284427,8.53196472290938e-09,0.0010012710957939327,0.06218272881053502,7.475038361243442e-06,0.0002709454310250313,0.24127459517342306
15,0.14913419460428298,0.008539077962803539,0.0003665980943343473,2.416838287517797e-05,0.00044735150039215216,2.0339814711675257e-07,0.0004238169043805981,0.0024245771907400755,0.00045627593718495515,2.761373953560084e-05,5.182947920889111e-05,0.017388197186811713,1.1411670468273825e-07,0.0010523263070350208,0.024691365234007587,7.912016454982601e-06,0.0031113978061139834,3.187021717332245e-06,0.39881073433761743,5.6543465086135005e-09,0.0007103862332721595,0.05466588619235234,1.3925622668881177e-05,9.400266398908954e-05,0.33755485241302285
16,0.1515412106099231,0.008483395530735639,0.0003853681156730625,2.3575252940477845e-05,0.0004585379831387016,1.993661529201108e-07,0.0004226411071913919,0.0023881790316190245,0.00047392249891550477,2.5885679529447615e-05,5.2299715756110246e-05,0.017565797718321566,1.1847910211857658e-07,0.0010569219842164938,0.025419073346778013,7.62549215326075e-06,0.0031231130108978684,3.024027062463469e-06,0.3977290267021012,5.548865988021732e-09,0.0006594077577935597,0.053342233265648055,1.3662267171789274e-05,9.544905926934072e-05,0.336729326449043
17,0.1643364509783559,0.008160751773869816,0.00038922774997677086,3.665530406356653e-05,0.0005047007752956963,2.3389731450829195e-07,0.0004525941775027512,0.0023430014941463856,0.00032105475021080703,2.952394204949989e-05,5.253844919318641e-05,0.02380206587206679,1.364160224774918e-07,0.0016390538904435693,0.018117169339029807,9.127356984736094e-06,0.003169871456559672,4.680109639502e-06,0.32717504180303764,7.0324062834543464e-09,0.0008450595030024163,0.054664543394643064,2.1177121393637415e-05,9.235022362706379e-05,0.39383298318916454
18,0.017312222465872853,0.004247284995301701,0.00029603526971982785,1.9114510193089924e-05,0.0010569179555908917,1.266993780350341e-06,0.0003321818545780874,0.0013886384813147437,0.002383731545625274,2.8665611971981975e-05,0.00012108648192067515,0.0028867613304980316,6.671761609967996e-08,0.0010013069683899025,0.04894193831021682,1.3322912691899224e-05,0.00021590498329138587,4.3625527963973444e-07,0.8360425994134965,6.560815168202647e-09,0.0004473729138538359,0.01309847790343471,7.147773987941621e-06,1.3872943792410628e-05,0.07014363884676625
19,0.11942832064982563,0.009587515615000248,0.0007458446944567707,3.0325350615931652e-05,0.0007976606974942096,2.1157512551596678e-07,0.00038491697534985905,0.00318188564919788,0.0007962880364401069,3.4838937744390014e-05,5.573819895455965e-05,0.024985884369227555,1.979668681915367e-07,0.0014703274332264473,0.02131428020410332,6.461964913140164e-06,0.003224891884828831,2.9406845760785204e-06,0.43613789523184987,7.339517829442358e-09,0.0006575390125725768,0.061165920490253364,8.654282784988892e-06,0.00010168848158168496,0.3158797642734912
20,0.10833296955470297,0.00842697449453948,0.00027136787120113934,1.9098516081124273e-05,0.00046273852695495355,1.5874657020256784e-07,0.0002845214523894939,0.0033292448119559893,0.0004280489498972864,3.20982474689414e-05,3.722179281099195e-05,0.01620611906340995,8.405530114589399e-08,0.0008044748918363007,0.029875583019089613,6.983655936273581e-06,0.0043966851191346,2.7132300547442325e-06,0.4424202778682565,4.744624256071476e-09,0.0008344484480243963,0.09581837369498143,1.282384637852192e-05,8.967199323078973e-05,0.287907313405169
21,0.22146537388353146,0.006823980408856898,0.0004699241847723712,3.152229541269051e-05,0.00041837690621606435,2.6351953249686197e-07,0.0006411486817887503,0.002065235673450432,0.0003323486422121741,2.8701787848723264e-05,5.616639747709917e-05,0.03078868140838843,1.7124763179865856e-07,0.0016506454576687218,0.01736002381740256,1.3294242402266245e-05,0.0027125039288154887,4.457415144612108e-06,0.3287732933201432,8.614273970059402e-09,0.0007660086337727223,0.044482090754340176,1.9591573383152433e-05,9.30878064667074e-05,0.3410030993990669
22,0.19126962775986353,0.007314109629205357,0.0003925963841044454,2.503223146273389e-05,0.00042475020185915916,2.463653663485065e-07,0.00045830053701127066,0.0027223055736229564,0.00035728471808760476,2.531540338579911e-05,7.488630934957539e-05,0.025072035941024487,9.750701867868359e-08,0.0011224887331901363,0.022156311950821888,9.53698065485332e-06,0.004135912725212731,5.40364531827765e-06,0.37682763520582024,7.168342153670471e-09,0.0010505231517404126,0.07141021405116578,1.722936026269278e-05,9.67636876637341e-05,0.29503138477844526
23,0.14913419460428298,0.008539077962803539,0.0003665980943343473,2.416838287517797e-05,0.00044735150039215216,2.0339814711675257e-07,0.0004238169043805981,0.0024245771907400755,0.00045627593718495515,2.761373953560084e-05,5.182947920889111e-05,0.017388197186811713,1.1411670468273825e-07,0.0010523263070350208,0.024691365234007587,7.912016454982601e-06,0.0031113978061139834,3.187021717332245e-06,0.39881073433761743,5.6543465086135005e-09,0.0007103862332721595,0.05466588619235234,1.3925622668881177e-05,9.400266398908954e-05,0.33755485241302285
24,0.11524437579158571,0.012648665932849348,0.00040769912743256274,4.2081590595548845e-05,0.0006955346204915625,2.792422987846911e-07,0.0004353348426611932,0.0024790999141248993,0.0004438008806216753,4.632809472387399e-05,5.376939776409069e-05,0.018165931349183498,1.8095306681584892e-07,0.0017973907751650333,0.018690467948218853,8.370711184537303e-06,0.0026469811268459375,4.520009790018095e-06,0.4091810126827545,7.547813623107035e-09,0.0008675736879724045,0.057804530304599214,1.642731926379568e-05,9.242235999757756e-05,0.358227213788995
25,0.20158884824020715,0.00670392433651912,0.0004706921578208435,3.625780465457669e-05,0.00040988996552472157,1.5094902664894873e-07,0.0006226861742690914,0.0040378955087523585,0.00036137519366042514,1.9656797992931797e-05,0.00010170193376142118,0.033053195268832145,1.592923659121268e-07,0.0010653405112689943,0.01776339551292487,6.8106730655653774e-06,0.004765610010930345,4.855217139499034e-06,0.41294607655108173,9.390760208662117e-09,0.0008751207536085403,0.04949162767280501,1.6381620438627183e-05,0.0001180603698507728,0.26554027809273845
26,0.3042651932977895,0.009557196474759867,0.0005803446346948271,2.373398249378694e-05,0.0003748801896201434,1.0363093999078009e-07,0.0004831495811005225,0.003422018369280773,0.00041120247804259157,2.169107096199742e-05,5.317146655432041e-05,0.021941640113280026,1.9463745682191623e-07,0.0005887895032356435,0.018258480342163458,4.555665211215569e-06,0.007797762990959257,5.750885367224221e-06,0.22607820311861357,5.81223456903267e-09,0.0005123088526012388,0.051254579529227594,1.233263004034656e-05,0.0003196659975762466,0.3540330447457946
27,0.12446210640406058,0.0068935853545074215,0.00026366515539611596,1.4788936134400788e-05,0.0002887652247664089,1.9502596532146284e-07,0.00032897139416157773,0.002339668251674958,0.0006200770296489275,2.7037936344633375e-05,3.434419173928452e-05,0.010774317768131548,6.425270411858669e-08,0.0006243115526616781,0.03182150066540917,7.724222112369329e-06,0.0025022894946673683,2.1069761439218605e-06,0.3995071651883394,4.730134049797946e-09,0.0005802934907561803,0.06290262034890866,9.896565634052864e-06,7.026665567883616e-05,0.3559242331843191
28,0.14913419460428298,0.008539077962803539,0.0003665980943343473,2.416838287517797e-05,0.00044735150039215216,2.0339814711675257e-07,0.0004238169043805981,0.0024245771907400755,0.00045627593718495515,2.761373953560084e-05,5.182947920889111e-05,0.017388197186811713,1.1411670468273825e-07,0.0010523263070350208,0.024691365234007587,7.912016454982601e-06,0.0031113978061139834,3.187021717332245e-06,0.39881073433761743,5.6543465086135005e-09,0.0007103862332721595,0.05466588619235234,1.3925622668881177e-05,9.400266398908954e-05,0.33755485241302285
29,0.14913419460428298,0.008539077962803539,0.0003665980943343473,2.416838287517797e-05,0.00044735150039215216,2.0339814711675257e-07,0.0004238169043805981,0.0024245771907400755,0.00045627593718495515,2.761373953560084e-05,5.182947920889111e-05,0.017388197186811713,1.1411670468273825e-07,0.0010523263070350208,0.024691365234007587,7.912016454982601e-06,0.0031113978061139834,3.187021717332245e-06,0.39881073433761743,5.6543465086135005e-09,0.0007103862332721595,0.05466588619235234,1.3925622668881177e-05,9.400266398908954e-05,0.33755485241302285
30,0.14913419460428298,0.008539077962803539,0.0003665980943343473,2.416838287517797e-05,0.00044735150039215216,2.0339814711675257e-07,0.0004238169043805981,0.0024245771907400755,0.00045627593718495515,2.761373953560084e-05,5.182947920889111e-05,0.017388197186811713,1.1411670468273825e-07,0.0010523263070350208,0.024691365234007587,7.912016454982601e-06,0.0031113978061139834,3.187021717332245e-06,0.39881073433761743,5.6543465086135005e-09,0.0007103862332721595,0.05466588619235234,1.3925622668881177e-05,9.400266398908954e-05,0.33755485241302285
31,0.1516782938598881,0.011507801459128329,0.0005517483135303338,3.468843676034394e-05,0.0006364496564091144,1.095196276629026e-07,0.00034692301043398604,0.0038562135825296676,0.00040110345158669267,3.879381466537404e-05,3.154978435814474e-05,0.019168531881949936,1.883872429564984e-07,0.0011160819067455436,0.013374814316855256,5.858891511619547e-06,0.004418215864716502,3.875704623752547e-06,0.3622587229359986,6.146415258711019e-09,0.0006516648135831676,0.05173494307186511,1.0333024311307834e-05,0.0001719504660001257,0.37800113769926325
32,0.1361763973221424,0.0077925817393014515,0.00033709941048127266,2.1401041701152508e-05,0.00041944991538868837,1.930696295394813e-07,0.00038811823143584956,0.0024020988836397075,0.00047495453259690753,2.6858083413311332e-05,4.631965739802401e-05,0.01590192007103877,1.0072722039253973e-07,0.0009655740717136128,0.02508956398636362,8.035265203136414e-06,0.0028969745051871886,2.6817949836464107e-06,0.4367144327337433,5.318456667756645e-09,0.0006852604078818063,0.05443252082915506,1.227719528618735e-05,8.07260206789577e-05,0.3151244551859595
33,0.16955644782097073,0.016922498749508675,0.0002051555712414477,2.0015750904061923e-05,0.0007573975269646122,1.898384773114933e-07,0.00027651075287349607,0.0024906069412788476,0.00012477254916307183,3.098699303832159e-05,4.1430697087515134e-05,0.027752953007999064,2.1039767438847375e-07,0.001695314159366525,0.018986131352964383,7.074298685998428e-06,0.008208727848870546,6.927816205124409e-06,0.3693766709099382,5.5721224965541736e-09,0.0006500143155033542,0.23041952972620788,2.7047400849968805e-05,0.0001198124258614153,0.15232356757624244
34,0.111669848877613,0.003825504087954903,0.0003629715485281823,6.396879570574196e-06,0.00015263649897148402,1.2686761959398118e-07,0.00033278857053849285,0.0015774603334689733,0.0022388365057239754,1.4805046777753696e-05,2.375913544663165e-05,0.004874204823561724,5.26003811747385e-08,0.00031791210397058827,0.028176424525007446,4.98795805229411e-06,0.0007154337210626995,5.407208012369793e-07,0.5677776338053144,3.018020862038906e-09,0.00021499238608971305,0.018419754671577054,1.6632075367879243e-06,3.6596477663605135e-05,0.2592546656287469
35,0.15846254060017556,0.006637704925688411,0.00027297970864039036,2.1839996167822906e-05,0.00021097298494414182,9.974575384777214e-08,0.0003038235275915032,0.0036124642846473345,0.0005342823548484544,3.1873289004289716e-05,2.8502658927087477e-05,0.013962574608189457,8.538907135015697e-08,0.00042735060539180543,0.010804412872485954,4.197498262513907e-06,0.0031987750689296862,4.028908399466352e-06,0.354931829389067,5.6736706907533674e-09,0.000557512524139109,0.04918350794748883,5.40108027210894e-06,9.36139966787573e-05,0.39670962036156443
36,0.17983601561307302,0.018756029438130276,0.0003238705431803511,5.213042229246477e-05,0.0005069094664489035,1.2229100322280578e-06,0.0013091321175477048,0.0019369382391096867,0.0005779024137854801,5.448440978421605e-05,0.00023310652080345943,0.010478741431697814,1.408475511636911e-07,0.001727826489725195,0.03748788713371323,1.4753712030979141e-05,0.0016022131574237816,1.3269337895690185e-05,0.32074881595762283,1.323744304143329e-08,0.0014067418330462914,0.05789579505302802,4.8816981188477006e-05,0.00013387118252778564,0.36485337155091796
37,0.40321645000963946,0.00699760969751033,0.0004550597219599547,1.6692224980000713e-05,0.0002712675540085803,1.1223273489270086e-07,0.0005304130941156026,0.0014547852622252453,0.00018281657730311805,1.0990993989183515e-05,4.965610941405324e-05,0.02977271905291874,1.3600133943141721e-07,0.0012009504184518087,0.011696134691283113,5.626994288123763e-06,0.0034997806639452556,4.9237410352039484e-06,0.23043923542286163,4.531000380467096e-09,0.0004182877371634634,0.04360127123140006,1.1476439921702324e-05,0.00011675748139300762,0.26604684211511764
38,0.24436467445778765,0.005373809717732605,0.00021997477307436755,1.2182612560969867e-05,0.00021537552269746934,4.504049305648021e-07,0.0008463212706163366,0.0012327444459484021,0.000331856386603862,1.7298706426208298e-05,8.249362773867849e-05,0.015208130663524137,6.152212701614916e-08,0.0010052889026191223,0.04237716567532725,1.9170564615335125e-05,0.0017902058995843233,3.2251308016614545e-06,0.3937104981969618,5.743020724101636e-09,0.0007229776530540147,0.05492743189431785,2.5874094919620964e-05,5.859084155228822e-05,0.23745419129145776
39,0.1136986352665388,0.0037674380230040476,0.0002969782244619967,2.2903496353372622e-05,0.00040667246846879903,2.1098580368788094e-07,0.00029226106548877585,0.0029059719962441295,0.0003887597922192829,2.6568067028054467e-05,4.026583658632115e-05,0.019617402317442065,5.353794520538483e-08,0.0008334691261010313,0.01962888465817928,1.1942881047022162e-05,0.0025541413263904145,2.4569765993264184e-06,0.4770233926872346,5.536419531081683e-09,0.001080745837271336,0.043484546535656095,1.2896243145285822e-05,5.2947451380201906e-05,0.31385044966299147
40,0.2510029858954224,0.006985940662046578,0.0003325387251591281,8.823189770237871e-06,0.00027525563164493,2.1014832820320403e-07,0.0003641460388952611,0.0012348420410066886,0.0003150159757408175,1.2501083816897643e-05,4.837956831107867e-05,0.024458942699213643,6.617708291150942e-08,0.0011565438778000032,0.02471175013044385,6.943381972498323e-06,0.0026879487359069945,3.234142628774692e-06,0.33810405934623766,3.9366426582589685e-09,0.0005238987655151655,0.10211657728470042,9.666570324637911e-06,5.354729719547689e-05,0.24558617869419302
41,0.047659306053810316,0.00813518158414923,0.000873866517808057,1.5370179198408557e-05,0.0009605902865144775,2.729333177405973e-07,0.00023659942734238006,0.0019684664882587887,0.003059983827154025,4.5621460187531605e-05,2.1386365068026558e-05,0.004408961589431117,8.917591834607148e-08,0.0008909497168390231,0.04822709799929178,8.227993565784345e-06,0.0008281436512091369,4.968517637092218e-07,0.4980138658658438,3.2769584242757833e-09,0.0004156646248425501,0.02288913190923705,3.207028619013647e-06,7.019236755344797e-05,0.36126732282611784
42,0.08648030768598601,0.0038555328300340307,0.00013998539862904432,7.874617750519805e-06,0.00019735689919554377,1.031566129127792e-07,0.00020984160537834137,0.0028183658011124223,0.00031949635781684994,1.9798283336611296e-05,2.222521462425664e-05,0.009797843023740371,2.5640330671806546e-08,0.0003714279190240952,0.029982012447293014,1.0027901948933017e-05,0.0030190805299302576,1.0470867499995806e-06,0.5991077379072868,3.521456191947009e-09,0.0007131578335651298,0.08430845577521154,7.978807580541059e-06,3.708672720979581e-05,0.178573227028196
43,0.053649126081804374,0.005786544302515484,0.00012735690853397406,1.9656786476883472e-05,0.0004937358094470855,2.823223012268399e-07,0.0001906872494584907,0.003534124740999882,0.0004439743394449018,6.738854156447562e-05,2.7381548163298743e-05,0.00776394245394058,3.614505135371578e-08,0.0005283457529898826,0.027171654779964763,1.2398723002392919e-05,0.002543165301817412,2.2663004195859814e-06,0.5795633698506164,3.8639116394272014e-09,0.0014671761917567328,0.07665855471785037,1.2741072015696138e-05,5.165310796485635e-05,0.23988443310798838
44,0.14913419460428298,0.008539077962803539,0.0003665980943343473,2.416838287517797e-05,0.00044735150039215216,2.0339814711675257e-07,0.0004238169043805981,0.0024245771907400755,0.00045627593718495515,2.761373953560084e-05,5.182947920889111e-05,0.017388197186811713,1.1411670468273825e-07,0.0010523263070350208,0.024691365234007587,7.912016454982601e-06,0.0031113978061139834,3.187021717332245e-06,0.39881073433761743,5.6543465086135005e-09,0.0007103862332721595,0.05466588619235234,1.3925622668881177e-05,9.400266398908954e-05,0.33755485241302285
45,0.13634718929514772,0.006398355194839816,0.0004479985241195005,1.5348395362389992e-05,0.0004990812492192444,1.5057429694321187e-07,0.0004628205647772053,0.0031893898610577858,0.0007024161457985783,2.211816574732021e-05,4.449245136933169e-05,0.014822517334922255,1.3333435478968186e-07,0.0007544624494218438,0.03669569399925624,8.362321312697122e-06,0.0032021755482383803,1.3464577402784906e-06,0.5286591169853346,4.927837946529404e-09,0.0004292829453557269,0.04836966577531189,9.822897732741134e-06,0.00010792155977239573,0.21881013304167216
46,0.17533328270751725,0.00822197103758236,0.0003493603240280683,2.3664822545857848e-05,0.00043236856573194965,1.4097037309536813e-07,0.0003541346305546473,0.0029921911690917328,0.00034884580400195195,2.469227510332324e-05,4.7878310126997336e-05,0.021708154461672798,1.210287950733304e-07,0.000829986342391841,0.02315091268703,6.749405069036595e-06,0.005539591303505968,3.5960562805398585e-06,0.3639731820933598,5.386537025743959e-09,0.0007330888878665601,0.06384175938107355,1.4733215030949772e-05,0.00012484930471789044,0.33194473983001177
47,0.3709570948164873,0.004853959108395606,0.0002176874727608168,7.0827507543292875e-06,0.00012593574956230264,9.385255238721602e-08,0.0003137388911353821,0.001411981893770287,0.00016095558556321766,9.739627102132595e-06,3.120238308603791e-05,0.03056014350344497,5.976134466803555e-08,0.0005238013786444741,0.015261404811453688,6.157340547201133e-06,0.0045019053894991765,3.5815087437119e-06,0.24568067966210763,3.948230960806096e-09,0.0004253645954841624,0.08676870441070961,8.246246508386347e-06,6.605408389078322e-05,0.23810442122822076
48,0.11453805781336461,0.010634397599489058,0.00012214414034623328,1.3089125495861336e-05,0.0002558498712209876,4.9267346987775013e-08,0.0002664650655645845,0.0035921433158570487,0.00018558377802778354,2.8832549200370593e-05,1.6973048879522396e-05,0.009576771990727333,9.951592941604601e-08,0.0004626372966638854,0.02104263789580172,5.361273122623018e-06,0.007280631670655001,1.7731347981387788e-06,0.5432470891189282,3.264379069142551e-09,0.00047305519670620455,0.09565214385481838,1.1197029489992775e-05,0.00010877719234126528,0.19248423599084596
49,0.15994243611129003,0.007459223681517021,0.0004677443805954468,2.3913027948137822e-05,0.0006120142323581419,3.0466960237786407e-07,0.0003855057552662136,0.002472977867381838,0.00045914339220937285,2.6222584029939767e-05,6.854842070531922e-05,0.031927931637818284,1.3180925197566016e-07,0.0014131320775832117,0.02508608586057811,9.191251204350722e-06,0.003674929766377758,4.178690179289993e-06,0.3973443560866992,7.22810537824742e-09,0.000820172850035378,0.08122250954211026,1.5773940136710417e-05,8.044635680140995e-05,0.2864831187802147
50,0.27082429338857933,0.008260844179458396,0.0005123726388607578,2.8114002581475217e-05,0.0006492713442407716,1.6547599763612588e-07,0.00019001388387807847,0.0024996135712205747,0.00022214780600211028,7.317941949463148e-06,0.00021613708724112481,0.07759254454402767,1.4395553820413143e-07,0.0006763462545333276,0.03741699288244004,2.581820003234259e-06,0.019830496474394534,1.0999202901349586e-05,0.1336696416836792,4.989196094062756e-09,0.001233205275322806,0.06117680867043332,3.1331901222383845e-05,0.00025679006269477885,0.38469182096360344
51,0.15530101878782168,0.013792819419789923,0.00040894388742556244,4.879781851456217e-05,0.0004946864217554014,2.9682978625117434e-07,0.0007008697785795814,0.003381144878993384,0.0004532633761381653,5.086094579107237e-05,9.101772276460385e-05,0.0235518803295215,1.7698343545342458e-07,0.0016847053778036834,0.01579918682900515,6.262260235490802e-06,0.0030725087791570868,1.046263994423737e-05,0.367755387100823,9.757412648393026e-09,0.0012622779544634631,0.08762060449923698,1.6451162696959514e-05,0.00011509053748299768,0.32438127592142113
52,0.31035063151323444,0.012800834415513758,0.0003439270710002459,3.519498525671546e-05,0.00034375423847157727,2.1241686785422345e-06,0.0012841716296673135,0.0015904710155578011,0.0007139751144332472,4.547149715812174e-05,0.0002491781980444814,0.020152110216045658,2.0449620619695783e-07,0.0016234161013362932,0.030878611549081027,1.3987439168912547e-05,0.002009064609945489,3.166407110237628e-05,0.20575656755465502,2.0036439412369705e-08,0.0010216174555863207,0.10748147227139197,4.353467794949834e-05,0.00012423044580649032,0.30310376522826893
53,0.21225730334012172,0.007670227677480415,0.0003508502103800349,2.2390190429765206e-05,0.0001624719780504897,3.4647179240198886e-07,0.0014814369387367609,0.0017068863062168133,0.0006100248677330267,2.195302306992948e-05,0.00010182418121736874,0.010057091788416515,1.0811833537343168e-07,0.0008382433004157183,0.044572008792145755,1.498214822404111e-05,0.0018796061142772947,3.445719600437995e-06,0.2984416775326528,1.1161801251343081e-08,0.0005548653475370716,0.0386595742633484,2.8741030183946195e-05,0.00011096434885237612,0.3804529651489803
54,0.14478886861529328,0.008734474985471525,0.0002715109298659361,1.549356902175383e-05,0.00016799522141389402,1.598006056666541e-07,0.0005598021639629324,0.0009427843749387255,0.0003866532952926543,2.4983838160258407e-05,2.0429952361584485e-05,0.0091763445285336,8.596984084324926e-08,0.0012405567349035793,0.020993111945960773,9.95808930231611e-06,0.0010381892374694737,1.4943554858357787e-06,0.2933911137634949,4.751169754070853e-09,0.00035854199924931267,0.03608492535356773,1.0041662980241543e-05,4.7816907248462606e-05,0.48173465795440484
55,0.20308201514157373,0.008527133620700638,0.0005512789078522682,2.5656239942046568e-05,0.0003272469284945186,1.4125520042146807e-07,0.00043786656690673154,0.00238585358391519,0.00066050511055317,2.16411549882684e-05,5.443982365129075e-05,0.024048615199544404,1.894074190503612e-07,0.0008144734416871485,0.01515741097924978,4.08660585367432e-06,0.003008668265210914,4.126501518250132e-06,0.2893465007750298,6.770422503052205e-09,0.00044547839045607456,0.03745917520873949,7.034248642550293e-06,0.00011728996922874402,0.41351316590321935
56,0.1541298673142696,0.009331873865215501,0.0004026879473932881,2.537131047490634e-05,0.0004764848962417865,2.1096496658854922e-07,0.00044687506630191747,0.002517112275164016,0.0004915008350634009,2.8985020075902242e-05,5.50495129736284e-05,0.018295523754708297,1.4056898827334495e-07,0.001099045139844362,0.02494407495261426,7.862360501814277e-06,0.0033294657295320916,3.4178960968964155e-06,0.39690071276662175,6.303203584944063e-09,0.0006874751360759221,0.05596227683928783,1.4020549888000681e-05,0.00010489263201810757,0.3307450663624783
57,0.08564631078498461,0.004706976422273397,0.00041984512558235193,1.5560266591008932e-05,0.0005813710771547168,8.738046402999383e-08,0.0001442253271984751,0.0034401429437010793,0.0004916654740686105,2.4532987583334435e-05,2.20223082039787e-05,0.02538435602189745,8.620430684009361e-08,0.0007590850652974787,0.015700153239309924,5.5158581114312535e-06,0.004251663524560708,1.3714027541947536e-06,0.5583525830065029,3.738099785676151e-09,0.0006414778724351929,0.06122091180307972,4.544975036416332e-06,5.430495645220048e-05,0.23813120223435028
58,0.16238951200555118,0.00954903776857136,0.00039985541071988547,2.4710431910976906e-05,0.0004641458332184879,1.7551880737031898e-07,0.0004405985585859535,0.0027267416396744722,0.0004415671789865761,2.8264864349809065e-05,5.238639636233604e-05,0.0180434387921579,1.3263143451379608e-07,0.0009795444875303138,0.025198975299872584,7.3220137415389596e-06,0.004027078605492015,3.5424670490798377e-06,0.3734917699130405,5.711974191860084e-09,0.0007141982492310477,0.05798243920232126,1.4737442529461646e-05,0.00012807362313018434,0.342891745953757
59,0.17495864891020643,0.009305809792977682,0.0004898564119895775,2.583386027358567e-05,0.00048649105579004324,1.6676454328160143e-07,0.0004612778992098884,0.0028477907966334643,0.00046011326674152877,2.722425638683886e-05,5.378377285055203e-05,0.019343153596791833,1.4097613707831984e-07,0.000993445556278809,0.024463024494377088,7.307969074718816e-06,0.004209143232294907,3.688336549338283e-06,0.3474144421954383,5.980845292814038e-09,0.000715030520227355,0.05332316228497741,1.4201093529349638e-05,0.00014919232016371442,0.3602470646557119
60,0.14913419460428298,0.008539077962803539,0.0003665980943343473,2.416838287517797e-05,0.00044735150039215216,2.0339814711675257e-07,0.0004238169043805981,0.0024245771907400755,0.00045627593718495515,2.761373953560084e-05,5.182947920889111e-05,0.017388197186811713,1.1411670468273825e-07,0.0010523263070350208,0.024691365234007587,7.912016454982601e-06,0.0031113978061139834,3.187021717332245e-06,0.39881073433761743,5.6543465086135005e-09,0.0007103862332721595,0.05466588619235234,1.3925622668881177e-05,9.400266398908954e-05,0.33755485241302285
61,0.1650670560873162,0.00912602117533023,0.0005048649021865237,2.4905545741732055e-05,0.0005022213871668369,1.7612093948506367e-07,0.0004377645946893715,0.0026496565626743422,0.0004879644669957101,2.5857242870403317e-05,5.6125209776573454e-05,0.020239438408098342,1.3764331222881465e-07,0.0010573865228638128,0.02463150574997256,7.205274179458641e-06,0.0038322437435770076,3.373880741209823e-06,0.366717142690153,5.956618609155666e-09,0.0007010177399491567,0.05289539914998655,1.295468321125883e-05,0.0001262345497115446,0.35089334071193784
62,0.14913419460428298,0.008539077962803539,0.0003665980943343473,2.416838287517797e-05,0.00044735150039215216,2.0339814711675257e-07,0.0004238169043805981,0.0024245771907400755,0.00045627593718495515,2.761373953560084e-05,5.182947920889111e-05,0.017388197186811713,1.1411670468273825e-07,0.0010523263070350208,0.024691365234007587,7.912016454982601e-06,0.0031113978061139834,3.187021717332245e-06,0.39881073433761743,5.6543465086135005e-09,0.0007103862332721595,0.05466588619235234,1.3925622668881177e-05,9.400266398908954e-05,0.33755485241302285
63,0.15464225570524903,0.009888108177658391,0.00036233756081451447,2.3307124573196975e-05,0.0004129918553981144,1.949387062659917e-07,0.0004414985117397958,0.002402597124691082,0.00047659157628526365,2.7916918788380997e-05,5.3115152805116923e-05,0.016167782136465483,1.2385194157514325e-07,0.000990914618507038,0.0255971172959944,7.265118446077412e-06,0.0032332273114072064,3.3470819361676916e-06,0.38580292076968464,5.8667349086316615e-09,0.0006726937092592142,0.057332006436484104,1.3314936483501704e-05,0.00010319739721387543,0.3413451688227327
64,0.13489315493190235,0.007718912059365294,0.0003195043806691745,2.4590569153448506e-05,0.00044747893149886753,1.9129996655829112e-07,0.00036789468221656786,0.0026492625827591303,0.00039560894531311455,2.8492346638906013e-05,5.308294492099631e-05,0.01760630822840351,8.66332839715021e-08,0.0009244166424071243,0.02490869234718021,8.124175059642579e-06,0.0034039023860540445,3.303081788221378e-06,0.4148583820743834,5.065259602136157e-09,0.00099701488022797,0.05321779200405638,1.4367822251831647e-05,9.136764498007058e-05,0.3370680633402596
65,0.0970216354829247,0.0036577945051406405,0.0002735487403765697,5.272685278960363e-05,0.001678675269887943,1.0992574830628607e-06,0.00019596367514634915,0.0015309062185776808,0.0001371991318526727,4.2760181969661e-05,7.178066726183317e-05,0.07102163658375414,6.620405843424902e-08,0.004701453359633206,0.013246877199177458,2.260134078108939e-05,0.0022904984344980445,9.247806265016732e-06,0.4309250903678876,5.612157400944785e-09,0.0031760779504162078,0.07356283856807243,4.2963256361151195e-05,2.5345999443387607e-05,0.2963112073340837
66,0.13376194194529356,0.007590165782639872,0.0003721320580597103,2.3528388101045617e-05,0.0004366279372951072,2.0813071497336356e-07,0.00041859261569751946,0.002426935988040428,0.0005197595043665048,3.0048357763066786e-05,4.534276999711548e-05,0.01642221439377703,1.145665531267903e-07,0.0010592083210214424,0.021721759987627726,8.639816923173215e-06,0.002510798752029483,2.6714028849912367e-06,0.4478718246970073,5.970693914839522e-09,0.0006509969610097993,0.04953492855309584,1.1346198087264549e-05,7.662636473615615e-05,0.31450358053658384
67,0.1775379932654641,0.006446228238584842,0.0004538341961122908,3.411734826379452e-05,0.00047317531083201686,5.679797131633625e-07,0.0007294634086299766,0.0009979151228379744,0.00022180791670195312,1.8062095462586486e-05,8.614087265315105e-05,0.03066587765497092,1.3925344485058064e-07,0.0031182318342376485,0.03675423225217236,2.3066805257439192e-05,0.0023880386830697395,4.477341338131111e-06,0.24121222182714067,1.0573381659407151e-08,0.0008731441076012366,0.046745420739607635,7.085843154910841e-05,6.898252723578072e-05,0.4510759922137371
68,0.3217925095667133,0.0068083060852172726,9.561654924191386e-05,2.8708237074168467e-05,0.0001033714783305418,4.927003450678139e-07,0.0004565564689190412,0.0009850895350113702,7.786015885819372e-05,1.2416648014151592e-05,0.00020085059380938096,0.030684379782583353,5.05655823222942e-08,0.0005392045835829937,0.019170600814684576,5.93400270783366e-06,0.0057728043052943665,3.9478616440242625e-05,0.07218165574501594,8.957533997950573e-09,0.001617324926286857,0.07772884009467299,8.921222120095795e-05,0.00010599794086376473,0.4615027294220154
69,0.10708919096444082,0.006613941815652699,0.00042830231980889376,3.159959117556549e-05,0.00023219701821768475,7.945715894109936e-08,0.00037675650757864286,0.0029694533239159435,0.0004717971146973423,2.991508830943886e-05,2.663235328214405e-05,0.00975524826744161,9.917483896993894e-08,0.0004975217610470369,0.015268803920666298,6.570002621523306e-06,0.002931847248487179,2.2101953260910012e-06,0.277465035268435,7.152544635858445e-09,0.0006061442737540484,0.02090646852652174,8.43031039899996e-06,0.00013065774631521924,0.5541510905973634
70,0.1974313930338583,0.006197823638068659,0.0007956289128766975,2.682775331333343e-05,0.00046938190507912097,3.595054751011092e-07,0.0004914173382836708,0.0008697130896042047,0.00035402493051773793,1.79040029186227e-05,4.825848237320129e-05,0.03502606349620628,1.3678564615702946e-07,0.003467063922332853,0.015966234755187145,1.1488427293611424e-05,0.0015080823051169252,3.648326203870277e-06,0.2189892048438779,7.486721704858565e-09,0.0005893445715207334,0.0434221931441967,1.589876047183387e-05,4.970406462985065e-05,0.47424819651822575
71,0.1930512175017328,0.007109770121933743,0.0003468603725155701,2.3949852463050992e-05,0.0003295464596035244,1.9163306708467567e-07,0.000551164606154248,0.002501350961657976,0.0003681200528321021,2.244604877297925e-05,6.098275457072888e-05,0.019540963816491272,1.0913253220190546e-07,0.0009423461159862326,0.0243582147925454,9.321449180725844e-06,0.003508006090103238,3.764735886661466e-06,0.37051024233199487,6.7772681805125474e-09,0.0007358411398700361,0.0515429476767688,1.7758967225030508e-05,0.00010353627117992866,0.32436134033766356
72,0.18992847594777734,0.012201691360434006,9.424824317073027e-05,2.8188311010022096e-05,0.00025286143928340295,9.210260546917487e-08,0.0006458567748153796,0.008058176721808889,0.00012396306475926755,4.389450182891953e-05,9.063816607143859e-05,0.014002161896467635,1.1956293479573012e-07,0.0003004148212541351,0.017589022893726033,5.964948935421591e-06,0.016230072377530765,1.3382011146336495e-05,0.5007796794103387,6.573786182371327e-09,0.0016621182300855437,0.10927891334368474,2.6763214804299698e-05,0.00032058148927875023,0.12832271259246172
