,0,1,2,3,4,5,6,7,8,9,10,11,12,13,14,15,16,17,18,19,20,21,22,23,24
0,0.014034817794300568,5.283149329566081e-07,0.9453428794030633,7.917823229817343e-05,0.0018305673221598027,1.5828922604311497e-06,0.00013870778538748471,0.003755884274223016,0.0011912974895074218,0.013845069624698517,0.0007894193931729447,0.015650268319282727,3.75722522225641e-05,6.438008456162528e-05,2.711575898491583e-05,0.00014538335803461976,0.0015783191182181743,2.9395154822797924e-08,3.520342385287303e-05,2.189700219858331e-05,0.0010661714225137968,0.00010943264331389532,6.360281672844114e-05,5.691832678952861e-05,0.00013377355213875223
1,0.016716926613137287,8.210484958437935e-07,0.9208689636644447,0.00011598023048550538,0.001979776066684559,2.2147968924628392e-06,0.00024399945313519167,0.0045759276248075,0.0009971049946975975,0.014922741518409844,0.001090459550438101,0.03258742692346328,4.68335590817722e-05,0.00015750521111088382,4.726823984522318e-05,0.00017505486707155554,0.002739425170472369,6.061712691791817e-08,3.4104861096895486e-05,3.4430539943640574e-05,0.0019674666036769376,0.0001867645108808373,0.00012100199496005447,0.00011326728282126742,0.00027447405681944816
2,0.012769074368767817,4.802886783118782e-07,0.9449155413364313,6.736618813273238e-05,0.0021344663883331866,1.201274100855165e-06,0.00010919768048426723,0.004178512782813725,0.0015119950414763377,0.015110296651129866,0.0011472223875123888,0.015276059916096495,3.327889685582742e-05,7.022351839279274e-05,3.855033240980088e-05,0.0001039670357915184,0.0011417768337483078,2.758180607924734e-08,2.5383266461151603e-05,2.8346911419899627e-05,0.0010057746342790259,7.735313781406144e-05,6.904067320127239e-05,3.946977336808459e-05,0.00014539310049511354
3,0.014250395147756844,5.07421760076469e-07,0.945294486525122,8.108108793020984e-05,0.0018001136526758282,1.5531316569577193e-06,0.0001370492042801956,0.0038732612142584697,0.001210512394673743,0.014175103647389877,0.0007853347896762189,0.015098465917049053,3.882210352066494e-05,6.157556898893798e-05,2.6224877825627643e-05,0.00014682437175840687,0.001569924956639745,2.8998464732564814e-08,3.501654316643485e-05,2.2109552976685405e-05,0.001038506341521759,0.00010620894230390858,6.281071888288577e-05,5.606508086686544e-05,0.00012801780885377404
4,0.015272827803076443,4.946882088035014e-07,0.9440171166146796,8.172124769133291e-05,0.0018334590113599032,1.606870392137243e-06,0.00014410137953614152,0.00395177724020716,0.0011489347136108886,0.014306835413182293,0.0007687502702742883,0.015121813413108908,4.525813280381197e-05,6.713310437350677e-05,2.537913393155813e-05,0.00016029190083389163,0.0016185718710660275,3.264903204142817e-08,3.8154153079486716e-05,2.37297337787604e-05,0.0010210900048713478,0.00010114106173104836,6.343737140984908e-05,6.283807571017821e-05,0.00012350414205058687
5,0.016101114117399416,6.195736821822059e-07,0.9389219831203808,0.00011543227104312821,0.0018960088743683729,2.001629071483399e-06,0.0001559253545524446,0.004585612835966471,0.0013260929106116432,0.015541672923514471,0.0009090349952528058,0.0166434918025874,4.728580661200856e-05,7.047074827262456e-05,3.018523156303481e-05,0.00018943021053358786,0.0017784068691490155,4.284126880415266e-08,4.05616586830883e-05,2.7286358063142842e-05,0.0012117993882253017,0.00012779717145633301,7.631928224369054e-05,6.508470694848642e-05,0.0001363393185502178
6,0.014250395147756844,5.07421760076469e-07,0.945294486525122,8.108108793020984e-05,0.0018001136526758282,1.5531316569577193e-06,0.0001370492042801956,0.0038732612142584697,0.001210512394673743,0.014175103647389877,0.0007853347896762189,0.015098465917049053,3.882210352066494e-05,6.157556898893798e-05,2.6224877825627643e-05,0.00014682437175840687,0.001569924956639745,2.8998464732564814e-08,3.501654316643485e-05,2.2109552976685405e-05,0.001038506341521759,0.00010620894230390858,6.281071888288577e-05,5.606508086686544e-05,0.00012801780885377404
7,0.018111219672698877,2.458811832573246e-07,0.9492772945649898,6.910532132656357e-05,0.0012807683749918206,7.406160044617603e-07,0.00011112069892841019,0.004170578803281944,0.000845021980232486,0.014780225895839315,0.0006448319936087633,0.008727829963484117,5.0426248000258324e-05,3.3120760782938175e-05,1.1736972350460917e-05,0.00011619016015821923,0.0011346389850932907,1.495493336423915e-08,3.0533288873531995e-05,1.786760352009232e-05,0.0003934218766094733,6.695463102587413e-05,2.4476791351119908e-05,3.861186516554242e-05,6.302209556605208e-05
8,0.055736280613879995,2.024324149958439e-05,0.7524638591831428,0.0014108491328108836,0.019557205141274858,6.597667763888224e-05,0.000444922218728098,0.04554528146957829,0.023273512357286155,0.025435178586931756,0.007318166108698006,0.05314086804618253,0.0001839534165978158,0.00010532102388015185,0.0002861120613704676,0.002426682777856535,0.005969859664364657,2.300201527639458e-06,0.0010355105287666562,8.625663709537962e-05,0.002285156529327623,0.002708666906082839,0.0001239201524725975,5.488382352232132e-05,0.00031903349948339055
9,0.017217893315186368,8.79991071201201e-07,0.934702584067899,0.00013138969257688016,0.003281018781552903,3.887848699917352e-06,0.00018958353450051,0.006607256757633857,0.0019466831598277255,0.01285993400833397,0.0008413997098706484,0.01807671965492532,7.709675027218727e-05,4.638449530502283e-05,2.3240938686088827e-05,0.0003753478174374885,0.002189560522235645,7.229531366163327e-08,9.471530903527593e-05,2.786088178480392e-05,0.0009165151676307326,0.00021080572939268202,3.8599478285373594e-05,5.136838202700297e-05,8.920171051596685e-05
10,0.014250395147756844,5.07421760076469e-07,0.945294486525122,8.108108793020984e-05,0.0018001136526758282,1.5531316569577193e-06,0.0001370492042801956,0.0038732612142584697,0.001210512394673743,0.014175103647389877,0.0007853347896762189,0.015098465917049053,3.882210352066494e-05,6.157556898893798e-05,2.6224877825627643e-05,0.00014682437175840687,0.001569924956639745,2.8998464732564814e-08,3.501654316643485e-05,2.2109552976685405e-05,0.001038506341521759,0.00010620894230390858,6.281071888288577e-05,5.606508086686544e-05,0.00012801780885377404
11,0.014928846742391484,4.626984275271071e-07,0.9433433371672008,7.959187544799818e-05,0.0017253454527448818,1.5686149296377577e-06,0.0001450563357699403,0.004306984663418322,0.0012023811515797084,0.015055818623459045,0.0007405675144222122,0.015160646381008246,4.6187606403941645e-05,5.923187639780721e-05,2.444602597028408e-05,0.00015910705079159545,0.0016403524622710132,3.056831573199517e-08,3.6937994660003087e-05,2.3093713195380476e-05,0.0009779202111361311,0.00010360838960251534,6.0058457091953365e-05,6.184406592279699e-05,0.00011657435744144913
12,0.013747106354445803,4.3974409325048656e-07,0.9481579759346153,8.02001339070553e-05,0.0010240947966507206,1.1414483421257164e-06,9.780197861706617e-05,0.005562987240138719,0.0010654523722452677,0.01425109678254234,0.0006731726302497242,0.012811897827284747,3.922143585356618e-05,3.0996881378001886e-05,2.152549180535976e-05,0.00013728974683520104,0.0012943803230261223,1.8303579985923737e-08,3.411539613692631e-05,1.541527046030474e-05,0.0006858642984416279,0.00011910427412539112,3.2790438364249884e-05,4.010401141079181e-05,7.580688545018626e-05
13,0.01267060503420725,2.612968905379266e-07,0.9436359263479629,7.330970025542247e-05,0.0012978807175933376,5.815799156321627e-07,9.808944117602105e-05,0.004014179739571341,0.0008421192569560178,0.0122124372383227,0.0017256274796649278,0.020994969676232857,3.2863294633547384e-05,0.0001006539438724319,3.773952855302747e-05,0.00010404621667766051,0.0009312072038946874,2.434793730783714e-08,1.347042295498641e-05,2.889381093843049e-05,0.0009385365208670749,5.7343867497940124e-05,5.824834272542486e-05,2.8296197282490015e-05,0.00010268879341614756
14,0.011552483001799764,8.615616516020836e-07,0.9558842352951037,0.00010115432970288508,0.00252093539325403,1.9995364433862884e-06,8.812276907409906e-05,0.003059976463877433,0.0011729982136569439,0.011675122965943413,0.0009743683460034195,0.010241491472551514,4.16953276449695e-05,5.368562485037281e-05,2.7914560264937218e-05,0.0001689413995293983,0.001165070012377561,4.17216490771173e-08,5.43322488024506e-05,2.6231417004953063e-05,0.0008996036910557209,0.00010303686983745209,5.121708890505607e-05,3.743520327741986e-05,9.704548573839372e-05
15,0.014250395147756844,5.07421760076469e-07,0.945294486525122,8.108108793020984e-05,0.0018001136526758282,1.5531316569577193e-06,0.0001370492042801956,0.0038732612142584697,0.001210512394673743,0.014175103647389877,0.0007853347896762189,0.015098465917049053,3.882210352066494e-05,6.157556898893798e-05,2.6224877825627643e-05,0.00014682437175840687,0.001569924956639745,2.8998464732564814e-08,3.501654316643485e-05,2.2109552976685405e-05,0.001038506341521759,0.00010620894230390858,6.281071888288577e-05,5.606508086686544e-05,0.00012801780885377404
16,0.01206610832435506,3.2552464511727127e-07,0.9466760805058289,7.571389137129627e-05,0.0014963589024981024,1.305378296939884e-06,0.00013204968388156308,0.0035363035089387707,0.0006971531750446524,0.011476132379877189,0.0008539731930922249,0.019619168884494814,4.683600097027872e-05,8.640636895337787e-05,2.612239223347872e-05,0.00018720033013155973,0.0013944933533934258,3.9467070276566926e-08,2.7809183093236865e-05,2.763191669573792e-05,0.0012971120902847534,7.832866000256273e-05,5.83170235131642e-05,5.538469350039775e-05,8.364516783335173e-05
17,0.016347360819685148,3.9939586995650104e-07,0.9418497520734812,8.433666747412691e-05,0.0018240411727361626,1.1027109048659821e-06,0.0001730983230704593,0.0037934903057539483,0.0010432646878350067,0.011781054425688348,0.0008827892282981367,0.018844352843436708,3.8880428250190274e-05,8.341146052685476e-05,2.327657488889745e-05,0.00013549998342718146,0.0016649294696675747,2.6044874655581408e-08,2.4270736960788547e-05,2.2990412580658645e-05,0.0010261189048952877,9.935459155861817e-05,6.0218344691179996e-05,5.297603122753617e-05,0.0001430043622165122
18,0.029786284304086617,9.613447143486161e-07,0.9146789343348751,9.848281494431994e-05,0.002987545856545915,2.2186687975628977e-06,0.0002945524402445802,0.003968042032239222,0.0019832002067047155,0.01807519253305242,0.0010933214552356501,0.01966872594690303,4.2405230102164595e-05,0.00011966024100742994,3.447920390855509e-05,0.0001414553996210075,0.0046613553939218524,5.2395400098646836e-08,5.635495821167024e-05,2.8456983376929674e-05,0.0013465785713146503,0.00023009682830877053,0.00012762910976515796,0.00011458533097839081,0.0004594284157397684
19,0.010683261842631832,2.687436480346374e-07,0.9455138173831887,6.835384803123058e-05,0.0013561271721630663,1.472675632117117e-06,0.00015758820478833848,0.0043054208202375965,0.001060934869831941,0.017955270893060194,0.0005125412169399754,0.015649050644871272,4.397903720850417e-05,3.280549030293521e-05,1.4899922687081934e-05,0.00013728085039245547,0.001412257717200078,1.681167121980406e-08,2.489215431460065e-05,1.9936649448944513e-05,0.0007712135477626705,0.00010100577133009722,3.933942005640868e-05,5.3443554774264535e-05,8.482075782652246e-05
20,0.010027475532206908,8.924693449875463e-07,0.9380955690845268,9.902819770461936e-05,0.0012027925968169887,1.8207792445081375e-06,0.00010920076031962333,0.006082532576048483,0.0012205805509115228,0.013202641686392631,0.001015023760544461,0.02530828392244416,3.181831402071157e-05,5.696660935539421e-05,5.451465934899689e-05,0.00015414204356943548,0.0013482324580346423,3.47791821956739e-08,3.0400506380532304e-05,2.0897712492486485e-05,0.0015055367586944096,0.00019871323985352793,5.979832639579276e-05,4.6153376354043596e-05,0.00012694929981223963
21,0.013279500333397573,5.898571195327756e-07,0.9446315783397619,6.774886915434259e-05,0.0018786791671019916,2.0975369283013586e-06,0.0001613950992100213,0.00418821520385269,0.0014656617420369259,0.016305934087296286,0.0005467375387448238,0.013663426627793011,3.974109088670764e-05,4.258021937377189e-05,2.3207327194924332e-05,0.00014103034247890493,0.002011833508892228,2.7376479653333294e-08,4.310633252654579e-05,1.9705248029637876e-05,0.0010631512181528068,0.0001366891741734212,6.574212705817547e-05,7.666134623274483e-05,0.0001449602861231071
22,0.011971813444813923,2.808378973085053e-07,0.9522305196734756,8.989060891440336e-05,0.001329762819721954,8.981737004276275e-07,0.0001009948073127559,0.003143308433405461,0.0007936735340099373,0.014048759724793669,0.0010439642727149057,0.01225158400812765,3.704949060702392e-05,4.8453257168482966e-05,1.8821791042925047e-05,0.00012730178156075564,0.0015302878219158487,2.5502867542079206e-08,2.1610025311396315e-05,2.6239409573477378e-05,0.0009381201785212636,8.018324609299841e-05,5.0422825501563664e-05,3.445137108470741e-05,8.158295986386757e-05
23,0.014250395147756844,5.07421760076469e-07,0.945294486525122,8.108108793020984e-05,0.0018001136526758282,1.5531316569577193e-06,0.0001370492042801956,0.0038732612142584697,0.001210512394673743,0.014175103647389877,0.0007853347896762189,0.015098465917049053,3.882210352066494e-05,6.157556898893798e-05,2.6224877825627643e-05,0.00014682437175840687,0.001569924956639745,2.8998464732564814e-08,3.501654316643485e-05,2.2109552976685405e-05,0.001038506341521759,0.00010620894230390858,6.281071888288577e-05,5.606508086686544e-05,0.00012801780885377404
24,0.015247006306082948,6.201428030076893e-07,0.9418256245540088,0.0001270050810680258,0.002223457756333404,1.7083495472885618e-06,0.00014169680959390607,0.0038438543110041272,0.0011990305846205182,0.013858144590118828,0.001029190192011621,0.017247795762263752,4.2924001874254e-05,7.965406603709568e-05,2.70752415716693e-05,0.00017250231628914456,0.0014789311794108039,3.6574321743804056e-08,3.5126761264739e-05,2.737864515099616e-05,0.001021755682765196,0.00011953562981652903,6.190751468469873e-05,4.867935025026118e-05,0.00013935859710677813
25,0.014114099761652283,5.454129582992958e-07,0.9456076344546862,8.084291397339036e-05,0.0018404770597653195,1.6675004577197766e-06,0.00013626455487608018,0.0037907173534070283,0.0012482944380514168,0.014178357510813809,0.0007572667750427404,0.014879839701778095,3.802563219895816e-05,6.07410238730825e-05,2.6675817422591845e-05,0.00014873973700595507,0.0015945385659215585,2.9551528249631807e-08,3.726072148406661e-05,2.1627198187986897e-05,0.0010710147794915812,0.0001104504336913685,6.484624639504862e-05,5.797446009779293e-05,0.00013206839523939958
26,0.018448807296203462,4.6076070884319343e-07,0.9402285458875914,7.56262282567631e-05,0.0020989609279949703,1.9251693947262324e-06,0.00017240250246238666,0.003873600847109807,0.0017046887113863585,0.017733757747007216,0.0006073446777529463,0.010983080331786892,4.757501614389738e-05,5.184145657263636e-05,2.0688461948475795e-05,0.00015844223163910144,0.0022164338584415807,3.2924599268172993e-08,4.564357879790752e-05,2.3132245478743718e-05,0.0010934177629839878,9.614734468783108e-05,8.998891796965834e-05,8.385559602795139e-05,0.00014359951705334833
27,0.016913110153553283,9.937561574365316e-07,0.9321803258593514,0.00011211241100886064,0.0020584981888334885,2.1569327342886756e-06,0.00015240930563064929,0.005697335674198427,0.0020969044926318074,0.017660629940133718,0.0010790795762561129,0.01835503939781378,3.628714562398226e-05,6.361412678021349e-05,4.3025489066442626e-05,0.0001524627457890583,0.0017824141914561222,3.351119086850826e-08,4.733403228573006e-05,2.1269102945743302e-05,0.0010176107706570876,0.00019325576831653163,7.086829673276394e-05,5.455826623566368e-05,0.00020867086461663116
28,0.014250395147756844,5.07421760076469e-07,0.945294486525122,8.108108793020984e-05,0.0018001136526758282,1.5531316569577193e-06,0.0001370492042801956,0.0038732612142584697,0.001210512394673743,0.014175103647389877,0.0007853347896762189,0.015098465917049053,3.882210352066494e-05,6.157556898893798e-05,2.6224877825627643e-05,0.00014682437175840687,0.001569924956639745,2.8998464732564814e-08,3.501654316643485e-05,2.2109552976685405e-05,0.001038506341521759,0.00010620894230390858,6.281071888288577e-05,5.606508086686544e-05,0.00012801780885377404
29,0.014250395147756844,5.07421760076469e-07,0.945294486525122,8.108108793020984e-05,0.0018001136526758282,1.5531316569577193e-06,0.0001370492042801956,0.0038732612142584697,0.001210512394673743,0.014175103647389877,0.0007853347896762189,0.015098465917049053,3.882210352066494e-05,6.157556898893798e-05,2.6224877825627643e-05,0.00014682437175840687,0.001569924956639745,2.8998464732564814e-08,3.501654316643485e-05,2.2109552976685405e-05,0.001038506341521759,0.00010620894230390858,6.281071888288577e-05,5.606508086686544e-05,0.00012801780885377404
30,0.014250395147756844,5.07421760076469e-07,0.945294486525122,8.108108793020984e-05,0.0018001136526758282,1.5531316569577193e-06,0.0001370492042801956,0.0038732612142584697,0.001210512394673743,0.014175103647389877,0.0007853347896762189,0.015098465917049053,3.882210352066494e-05,6.157556898893798e-05,2.6224877825627643e-05,0.00014682437175840687,0.001569924956639745,2.8998464732564814e-08,3.501654316643485e-05,2.2109552976685405e-05,0.001038506341521759,0.00010620894230390858,6.281071888288577e-05,5.606508086686544e-05,0.00012801780885377404
31,0.017836531170622696,1.834195236076523e-06,0.851859232715087,0.0003529454079845567,0.010682380117243427,1.2859690494292232e-05,0.0005895025203192574,0.0022626130799206444,0.005102724789093431,0.06173152605595615,0.003526947013375803,0.036646598426886154,2.812258777244422e-05,0.0003180098718830296,9.18847167973489e-05,0.00021774351812043637,0.0035929876750168377,1.1088569310296132e-07,5.429941826633245e-05,7.617849897144222e-05,0.002667571544430146,0.00037523549365130237,0.0004955572716152923,0.000112215950463205,0.001364387385099716
32,0.014869505180755905,5.613475895414495e-07,0.9465147647617802,8.032798353219608e-05,0.0018115103646453457,1.6586103009106866e-06,0.0001283926394773632,0.00385839148203335,0.0012054554613183126,0.013684210804094321,0.0007300329447727887,0.013795261389506382,4.16590538684496e-05,5.854270658298895e-05,2.5289503685674107e-05,0.00015775167668622133,0.0016173940981807481,3.1776933379525694e-08,4.243779205466475e-05,2.139992284333334e-05,0.0010065311004515544,0.00010877503558056017,6.050772056685651e-05,5.915681261690461e-05,0.00012044983014217588
33,0.02039197320565112,7.42706021537027e-07,0.9356433961174951,0.00010178866807388633,0.0017476240744967223,2.445539120731007e-06,0.00019700331053676862,0.005105569412525474,0.0009528500107390086,0.014179041356752239,0.0004792639208458267,0.01631143064805704,7.735284304239636e-05,6.25530799382225e-05,1.8701624676137365e-05,0.0002749401828867175,0.0029000629950115668,5.230046031339585e-08,8.28224986137314e-05,2.1539673605481742e-05,0.0009644740203658354,0.00018929157756003098,5.23384390322397e-05,0.00012854767638982123,0.00011419411810210339
34,0.003440713638945752,1.31343467276357e-06,0.8767134090617364,0.00018562789794447906,0.001766978763646205,1.1167015428786529e-05,0.00036152582223336773,0.006235255825752978,0.0019944810228756907,0.03109293428269631,0.0008226078669563881,0.06949850298670038,3.308581912071724e-05,6.394055017210763e-05,7.432936934444133e-05,0.0002646235690431746,0.002355189161106691,6.560167474218715e-08,2.285611193902779e-05,4.948282947562048e-05,0.003819059463726832,0.0005455177889490496,0.0001898133078971124,0.00012257710682664295,0.00033494170113449546
35,0.03143874226627939,9.96961064532661e-07,0.9184913190175485,0.00011419790480213471,0.001778774255431243,1.5972210324590501e-06,0.00012978278907332727,0.011921383401206234,0.003591869108902086,0.015955867187416827,0.0008639465467409178,0.01239519284698315,4.994184288310548e-05,2.8437258638441575e-05,2.9984994185326027e-05,0.00016660240838823717,0.001960485611443706,2.6106435337862135e-08,7.037422926955362e-05,1.3768932950256533e-05,0.0005689718150448684,0.00021321925928732876,3.822705478580588e-05,4.121631618570713e-05,0.00013507466402142902
36,0.01924078686418336,5.102741802282518e-07,0.9049017364091004,9.949110469977378e-05,0.001377161047576116,1.4057718900526063e-06,0.00024765633947748433,0.008384613339682738,0.0011640400925082052,0.014684247202008663,0.0010519731654796435,0.043685035278315916,5.8950088916834734e-05,9.573501494243161e-05,3.3843459044752095e-05,0.00019836276052373836,0.003064048000415291,4.311488488467304e-08,3.2708217365239095e-05,2.579733217802102e-05,0.0011066828592311184,0.00024318984321418597,5.294546696044459e-05,7.513904244565208e-05,0.0001738979107748732
37,0.013615139591283028,5.417806157957257e-07,0.9448098059094493,8.246876244003363e-05,0.0018174343372185937,1.6310497034191732e-06,0.00013073075806406385,0.0041972175568125705,0.0013685464368930402,0.015004086092633824,0.0008112895507699446,0.014945814789816797,3.773710123762482e-05,5.433765957125408e-05,2.7595158688119617e-05,0.00014329561916986004,0.0015373964616714488,2.789724817464273e-08,3.580537292495224e-05,2.1760426626519673e-05,0.0010026633530859012,0.00011392793047378551,6.0706420274837675e-05,5.139704744692716e-05,0.0001286429358803435
38,0.014048529206376293,5.211250377586612e-07,0.9443879809876236,8.1557100920425e-05,0.001799903419548137,1.7229425976162504e-06,0.00014083410607792932,0.00396157874220035,0.001205879868445093,0.014508837921129048,0.0007852408493164625,0.015655069338035826,4.113581679253897e-05,6.367638998301335e-05,2.7864241206473106e-05,0.0001601515844018529,0.0015981009897460777,3.250653155554326e-08,3.788477687322613e-05,2.27912959856027e-05,0.0011113265864291263,0.00010871897821979164,6.607199330276839e-05,6.0163482202773763e-05,0.00012442575101686618
39,0.007296968174813501,5.018229670041697e-07,0.9594923019397114,5.858264216924448e-05,0.001081444230347677,1.7954272872666061e-06,8.551840969783053e-05,0.004154574220734683,0.0008920044596100782,0.00879298316226211,0.00035900950815039967,0.014542155947846703,3.214400983997562e-05,2.5451329915072916e-05,1.9671409186503317e-05,0.00015961211386494924,0.0013405031055597236,2.198799606302218e-08,3.272576581572362e-05,1.5085155086614207e-05,0.0013457565079834203,0.00011980289942392464,3.945035696544561e-05,4.66210084178437e-05,6.531440434677491e-05
40,0.017026708169390885,6.214820122438242e-07,0.9274796549776212,0.00013122077562805894,0.0016801250365417162,2.5582778645746876e-06,0.00016887532913390074,0.006437386146701601,0.0018819576981709066,0.024583205690499453,0.0009104974698547368,0.015693138150797644,5.288946454732164e-05,4.8618198334729236e-05,3.192410138774176e-05,0.00019979566993273587,0.0020325300215212295,4.0863049025525145e-08,4.5841240267135225e-05,2.7612021048342705e-05,0.0011132735024967592,0.0001564176612507782,8.250678122309182e-05,7.347222678723164e-05,0.00013912904393678419
41,0.010093974550082555,1.6664199287784881e-07,0.9221022793091946,2.2537744589088795e-05,0.0004989251771227762,1.6194126528799061e-06,0.0004817418342851518,0.0014897366467060617,0.00030630833435340676,0.014383611171668979,0.00015524196795284903,0.03781811539704842,2.4395878709018132e-05,5.137369952802674e-05,9.00946403675501e-06,8.040110372807968e-05,0.008736050970587437,1.3518673603215983e-08,1.598407462571162e-05,1.3379221112722726e-05,0.002658816123399049,0.00024965669683176846,0.00011400902714434237,0.00037273112950953114,0.00031992090446436567
42,0.007814131183992816,9.57584526833377e-07,0.9627616551725381,8.986372049736287e-05,0.0007632286674096168,1.4747279356404611e-06,5.292185118269976e-05,0.006458070818408201,0.001177049185263831,0.00737534117302271,0.00040683574706595394,0.010710779170870162,2.547132693935762e-05,1.1074837429229303e-05,1.836816783250927e-05,0.00016141120737706778,0.0011200905931276243,1.4890079685916862e-08,4.694159918354701e-05,8.653563720881862e-06,0.0006703589111364069,0.00023815421583079795,1.6788782810596038e-05,2.2534354359035406e-05,4.7828547459349586e-05
43,0.008726518304475649,3.7989194696135763e-07,0.9439568208598506,6.765920476057605e-05,0.00145639906571417,2.7286781207675656e-06,0.00012835833123533315,0.004939259883802109,0.0013399261643132546,0.0219396854046933,0.0004142752640428426,0.013160168965841702,4.6614091580029616e-05,2.4055566375679486e-05,2.0853098967123456e-05,0.00017266561544407153,0.0017706367727361686,2.794571862971565e-08,3.852089322125352e-05,2.2462128665135816e-05,0.001448534873944635,0.00012228250805188488,5.828953057951635e-05,7.101847240338268e-05,7.185848351514584e-05
44,0.014250395147756844,5.07421760076469e-07,0.945294486525122,8.108108793020984e-05,0.0018001136526758282,1.5531316569577193e-06,0.0001370492042801956,0.0038732612142584697,0.001210512394673743,0.014175103647389877,0.0007853347896762189,0.015098465917049053,3.882210352066494e-05,6.157556898893798e-05,2.6224877825627643e-05,0.00014682437175840687,0.001569924956639745,2.8998464732564814e-08,3.501654316643485e-05,2.2109552976685405e-05,0.001038506341521759,0.00010620894230390858,6.281071888288577e-05,5.606508086686544e-05,0.00012801780885377404
45,0.014207245347486365,4.5067021762895547e-07,0.9412065743106082,7.756146822248028e-05,0.0014367611484255684,1.5950451994547836e-06,0.00014777215991212568,0.006006148315486078,0.0011694779806151526,0.015587557844839447,0.0006803101755240423,0.016334484913238845,5.2076944551181527e-05,4.869420532079624e-05,2.6521660452078944e-05,0.0001824024931687979,0.0015314185328632489,3.0665809291408345e-08,3.9353953923522585e-05,2.124172892166572e-05,0.0009284365284436748,0.00011633763391567296,4.6594148269009864e-05,6.261126748909075e-05,8.83408570965284e-05
46,0.008872966309603396,1.3488476005646387e-06,0.9522917712387114,6.510345483987363e-05,0.004521261055386527,1.510984092736978e-06,7.204998181170349e-05,0.002756596795877912,0.002466055673064965,0.012318657025811657,0.0022200309990266912,0.012276927207764654,2.1892156590091442e-05,0.00021271046831637582,0.00013921895777379504,0.00010234339304262794,0.00027530019326565903,4.483997187406197e-08,3.273009743894915e-05,3.3006784422737624e-05,0.0008876532483645367,3.67894776249875e-05,0.00013835634390429427,3.1262077268591265e-05,0.00022441238842330454
47,0.022899420484691225,3.6825595939415074e-07,0.9392383627192809,8.345776613136634e-05,0.0010821905840980178,1.2133503848405636e-06,0.00015040795962236974,0.005077950446744516,0.0007896735648315144,0.01251065911885849,0.0004393890988011218,0.014042289512094694,6.232253358363132e-05,3.911777074275949e-05,1.2144849199397397e-05,0.00019517948473038931,0.002298505064992315,2.3983924667128937e-08,4.934442503421918e-05,1.491978646677258e-05,0.0006942519672284837,0.00013361352320989076,3.2534173326325694e-05,7.61909608606771e-05,7.64686152021355e-05
48,0.022324774738039566,6.192653039763534e-07,0.9309559024607733,7.071228092744825e-05,0.0015204104491955092,2.7335171040406533e-06,0.00019927681661830075,0.006092716057888533,0.0012542500307151272,0.019423125720267897,0.00034522166962348404,0.012200614040056911,7.766120353817218e-05,3.5988387171254944e-05,1.6252152854650676e-05,0.0002267896522109308,0.003706281235740417,4.2108704931218104e-08,9.598151425792959e-05,1.8706117115609677e-05,0.0009163007961320067,0.00018705709740695468,5.375988185768202e-05,0.0001613623664038967,0.0001134604400913573
49,0.9314243577206838,2.6833898802021227e-08,0.02658353033202858,3.0515382821945197e-05,0.007346289581521548,3.144696862095754e-08,0.0001120626809542415,0.0001394375033320364,0.0005782254086084633,0.004694050277767047,0.007397743624844467,0.00015019968133812424,2.8649391416306677e-05,0.018434999899605106,2.262336789620918e-05,2.0339797218695535e-05,0.0004980421250146489,5.191955864019614e-07,1.7328191262632747e-05,3.728520781983461e-05,5.17565356205244e-05,9.220397812835017e-08,0.0017772847443733994,8.917052959389845e-05,0.0005654383358467384
50,0.009491212171935737,1.063068486877854e-06,0.9533432892668969,9.858871288426913e-05,0.0019454320824341938,2.178544868305553e-06,9.25287944554846e-05,0.003218487227753229,0.0014800254356108493,0.010147643108946605,0.0008484048246677878,0.015817202194893774,2.4520225321771592e-05,5.18979041495229e-05,3.758997425632805e-05,0.00014798455081147538,0.0012981796012965796,3.1996393244902974e-08,3.745189849718783e-05,1.9210713643820363e-05,0.0014862472550800955,0.00015471924871136706,7.307390510414555e-05,3.835406479464108e-05,0.00014468322810588563
51,0.009525644549000806,6.92673284319476e-06,0.926621232564176,0.0005403303436507607,0.001283845985909304,3.2252428852576764e-06,6.778612318966804e-05,0.010269194584510742,0.002424313889947359,0.009006371727651426,0.0026713989032032125,0.033603297347631234,2.0063223278068873e-05,5.5201124670523785e-05,0.00014615438477715405,0.00021580628002815003,0.0008746270708594448,5.1611582803986976e-08,4.156276184284048e-05,1.9901209416787725e-05,0.0015390225685966395,0.0007725865691776408,5.595594102334927e-05,1.6808315625414587e-05,0.00021869094452212377
52,0.017911020569475772,4.444475337188879e-07,0.9020108912003412,0.00013237262513040324,0.002113175676252175,2.9433472475133484e-06,0.00015024818759802326,0.00834771955946219,0.0018422035595322952,0.04234949858618622,0.0013647434230265802,0.020670918035274734,7.729610073094684e-05,7.096793739740959e-05,4.6179337164483886e-05,0.00022343285628379715,0.001309454184526485,5.764764722523448e-08,5.2069504610947854e-05,4.203217527028272e-05,0.0009345013970216383,0.00011653682694248528,6.545037847193869e-05,6.607881663514992e-05,9.976362023649874e-05
53,0.011376574098020788,2.590557039704265e-07,0.9376228107897772,9.118349978253924e-05,0.002055232436432387,1.4050131606365063e-06,0.00023726149379124005,0.003041237052263201,0.0011530842025634465,0.016764617370660404,0.0012148441496436433,0.022607294601809748,3.861375119340518e-05,0.00010408141316459293,2.8496452750551815e-05,0.00014331024709164061,0.001529863066826828,3.425287721153991e-08,1.4600349938315811e-05,4.040270941800375e-05,0.0015220541827295926,7.344042832217862e-05,0.00012048606309670463,5.8170616379853754e-05,0.00016064270260208525
54,0.021287088116735506,2.498180891744569e-06,0.9239894996762422,0.00013879225764959062,0.002575823443547321,2.986031720640553e-06,0.00018917012707678088,0.005474709357224381,0.002221639465558355,0.014405773575332013,0.0012918439162448228,0.023851717092644137,3.062362841854425e-05,0.0001283519180465123,7.830956482731244e-05,0.00017556810412253283,0.0019162886112358514,4.747548326798508e-08,7.169531087494541e-05,1.9230571730853745e-05,0.0012580516676560997,0.00030881781149136436,9.308845345761088e-05,7.584089686332993e-05,0.00041254474492433124
55,0.014187692140832497,6.128896595593903e-07,0.9539140683097177,9.347408310909233e-05,0.001683269013999251,1.5049190102540715e-06,9.919857473634319e-05,0.002582585188310113,0.0010759150962583793,0.013815059283142805,0.0008502633874460886,0.00847489979209003,2.7510161568173783e-05,4.8618886375556e-05,2.4397201935129565e-05,0.0001234146785859324,0.0015344262032884598,2.6212053666701847e-08,3.8729555205697506e-05,1.9645439478899455e-05,0.0010647582518946805,0.00010101977623792331,6.896870354200351e-05,4.6574627322349196e-05,0.00012336762419939816
56,0.014650394098106586,4.788238250938334e-07,0.9438840145719981,8.211845520657059e-05,0.0017674196433646624,1.5967044783864518e-06,0.00014231704953454014,0.004180374769800368,0.0012005060935167224,0.014833829243255414,0.0007559046781528932,0.015191684455974559,4.467222132085842e-05,6.0103735904243065e-05,2.4908172023489867e-05,0.0001570135935713497,0.0016114044700927782,3.061118817029899e-08,3.649727997931243e-05,2.326057773507723e-05,0.0010069370340998517,0.00010451476608818816,6.088460661209295e-05,5.976744686046287e-05,0.00011936689731023722
57,0.006662187585505504,2.4821428920699015e-07,0.9626144472569895,3.869620941042186e-05,0.0012946442065259356,1.0153283168945734e-06,9.25831209505847e-05,0.002752662157363698,0.0007387067397165015,0.009646334948452727,0.0003862357344171171,0.013576910882470889,3.11380580956946e-05,2.865961497448106e-05,1.2776257655430248e-05,0.00010766846648420429,0.0009998151948787475,1.320233910627932e-08,2.0139465497531002e-05,1.6636512590271164e-05,0.0007826496817224813,6.896370612497232e-05,2.9516282388231085e-05,3.64263567958197e-05,6.092481604396842e-05
58,0.014475404287355817,4.69156635871454e-07,0.9427845691486142,7.246004284179197e-05,0.0017095742555770753,1.8191914431736183e-06,0.0001562820033852395,0.0040358290757547865,0.0011335516038102984,0.015674964636776808,0.0006096421167781481,0.01565728584460659,4.749612038181495e-05,6.022592530504984e-05,2.383725607881214e-05,0.00016452363989020915,0.001819581212102431,3.282888827344768e-08,3.9797177093583564e-05,2.2978786044849523e-05,0.0011309677472102055,0.00010797807668582268,6.85146268931141e-05,8.106016595966929e-05,0.00012115507388642049
59,0.012389070771556798,4.023568842917372e-07,0.9500833746005288,6.479259000097613e-05,0.0015486723337774656,1.4873529139082803e-06,0.00013687736749385144,0.0035384024411249694,0.0009774711449055586,0.01325902703715936,0.0005620463341971218,0.014164234743166505,4.156091240933214e-05,5.195129215909541e-05,2.0462597795070117e-05,0.00014739712516910356,0.001580884679319999,2.6536965266344855e-08,3.2954674851825975e-05,2.1112171715406682e-05,0.0010573056296597839,9.342392238091547e-05,5.83028526818535e-05,6.622286010219044e-05,0.00010253567108031628
60,0.014250395147756844,5.07421760076469e-07,0.945294486525122,8.108108793020984e-05,0.0018001136526758282,1.5531316569577193e-06,0.0001370492042801956,0.0038732612142584697,0.001210512394673743,0.014175103647389877,0.0007853347896762189,0.015098465917049053,3.882210352066494e-05,6.157556898893798e-05,2.6224877825627643e-05,0.00014682437175840687,0.001569924956639745,2.8998464732564814e-08,3.501654316643485e-05,2.2109552976685405e-05,0.001038506341521759,0.00010620894230390858,6.281071888288577e-05,5.606508086686544e-05,0.00012801780885377404
61,0.012986124302693301,4.193306168631723e-07,0.9495812321674688,6.536693933005597e-05,0.001635457398017678,1.4711870296990572e-06,0.00013498259811715947,0.0034527409452401662,0.0010350114845513075,0.013243904397760652,0.0006051510920398614,0.014032724452508609,3.933665740824049e-05,5.444403119003941e-05,2.1413704975356235e-05,0.00014233614222718827,0.0015516942366335157,2.6137744730636558e-08,3.3377719707117114e-05,2.06468396948094e-05,0.001037648795099509,9.32999331047795e-05,5.89840725373986e-05,6.2376464435264e-05,0.00010982896986774533
62,0.014250395147756844,5.07421760076469e-07,0.945294486525122,8.108108793020984e-05,0.0018001136526758282,1.5531316569577193e-06,0.0001370492042801956,0.0038732612142584697,0.001210512394673743,0.014175103647389877,0.0007853347896762189,0.015098465917049053,3.882210352066494e-05,6.157556898893798e-05,2.6224877825627643e-05,0.00014682437175840687,0.001569924956639745,2.8998464732564814e-08,3.501654316643485e-05,2.2109552976685405e-05,0.001038506341521759,0.00010620894230390858,6.281071888288577e-05,5.606508086686544e-05,0.00012801780885377404
63,0.0147307865848283,7.108796749481308e-07,0.9443850932709957,8.987446830073043e-05,0.0019252475721962428,1.8184034344233538e-06,0.0001337272289709672,0.004079899895889678,0.0013979524087242602,0.013962261840475493,0.0008433529549448693,0.014960855652830495,3.805821704639156e-05,6.283470205221271e-05,3.1405348187783315e-05,0.00015356485488810396,0.0016327523103083202,3.322076405557201e-08,4.202798085538705e-05,2.178893177119497e-05,0.0011049903457687716,0.00012825646598403853,6.832626007164951e-05,5.697333278171819e-05,0.00014740686825435255
64,0.010599797309843407,4.3673160072651827e-07,0.9538295617538158,6.548655939062581e-05,0.0015467958910854861,1.437680780473812e-06,0.00011148500914623829,0.0030319952810517895,0.0009752578706618906,0.011386923814885026,0.0006376044437074407,0.01449753836709881,3.199212024779654e-05,5.155374876005128e-05,2.3257089318440483e-05,0.00013303774758554037,0.001438827027431915,2.489828743949854e-08,2.812408117203858e-05,2.024794444547694e-05,0.001279776633290393,9.289483864481448e-05,6.147020604423e-05,4.967760410044835e-05,0.00010479534760373859
65,0.010624677864528807,9.416952063571053e-07,0.9503668437307556,8.306299828241871e-05,0.0019854215674071423,2.3173401305500733e-06,0.00013585119966237912,0.002916308370858552,0.0012056630791070426,0.011057684563819994,0.0006562287708000032,0.016506802149022795,3.014347964045128e-05,7.215706293451813e-05,3.492031214741351e-05,0.00014329554714779798,0.0017778921303127605,3.784861418010454e-08,3.733770372682655e-05,2.3340429569691416e-05,0.0018256250753121781,0.00014080808250581752,0.00010273898955574405,7.308945708930157e-05,0.00019681055186153128
66,0.011483019725007582,2.9387642176600612e-08,0.9690896635398283,2.4171821656137225e-05,0.001989215373767634,4.940365992832082e-07,0.0001255815006838032,0.0012648504864971157,0.00041771180187285666,0.010289663989972123,0.00018888275627824147,0.0035170080258317424,7.091673378235798e-05,1.791443241179206e-05,1.5626312206104855e-06,0.00011256956879592717,0.0009667003901296016,8.213627398043152e-09,1.722309312398445e-05,2.176479361023295e-05,0.0003169206809550628,1.1144438374955179e-05,1.6902845163960184e-05,3.819809867461827e-05,1.7881634492561078e-05
67,0.011057898364102772,7.455757345713027e-07,0.9477950574633907,8.956450348175927e-05,0.001612251681443433,2.2146873476383635e-06,0.00013823015242521553,0.003110773702925111,0.0011197126974155144,0.012701540520624659,0.0007088679273991151,0.01738075357594829,3.197031687069875e-05,6.531917696520409e-05,3.1064380784420094e-05,0.00014707760060746273,0.0018598780561544905,3.3469639007930977e-08,3.479218864507503e-05,2.3112817143633637e-05,0.0016064373336199867,0.0001428824857605202,9.272488518752829e-05,6.889049633884009e-05,0.00017820594004432203
68,0.004013523242249872,4.159867458668788e-07,0.9226065727590419,6.291218971262598e-05,0.0011123868891156554,3.626013633488733e-06,0.00014883504026118425,0.0052308028536160595,0.0008657101916510737,0.013659616769767562,0.0004539064433376807,0.04660112197670942,3.270397981264296e-05,3.7917611185654776e-05,3.785922790155534e-05,0.00016260675789612477,0.0013260218799300719,3.2528445144250894e-08,1.5186135627575626e-05,3.0414830811649875e-05,0.003200256789166834,0.00016525207334060197,7.113228152529889e-05,6.566222851326487e-05,9.552332000111302e-05
69,0.014503077737253034,5.091947830899221e-07,0.9452467324194931,8.057076010891751e-05,0.0018000666056207381,1.560818524661917e-06,0.00013887909447788811,0.0038828016332317404,0.0011941359300982402,0.014059194183835453,0.0007598956161172998,0.0150496920890622,3.960585291018791e-05,6.202366176074349e-05,2.5646473762934233e-05,0.0001499625236562193,0.0015754850320524561,2.9054276371062332e-08,3.607879657221926e-05,2.1766259211952485e-05,0.0010197037716241008,0.00010629148713563587,6.166546638491833e-05,5.79413371420272e-05,0.00012668420090409643
70,0.005774734593129077,3.144699979569717e-07,0.9611786844074628,0.000146273964217246,0.001331217436376121,1.5001156480449993e-06,8.270457919988185e-05,0.002965139744167385,0.0012413634920879133,0.012094154986950302,0.0009665518181701303,0.012573962551597555,2.192909798834979e-05,2.6542645716433e-05,1.859587876002518e-05,0.00014238596785027464,0.0004465566618277484,1.338050378236118e-08,1.256091711107284e-05,2.285481063493231e-05,0.0007734986682605087,6.760914487142906e-05,3.8703953202989344e-05,1.3920831761827254e-05,5.822588250620641e-05
71,0.015759752328391424,4.3077138589329273e-07,0.9409669206201274,7.955136926954749e-05,0.0019275459620949236,1.581373788122152e-06,0.00016922301279358192,0.0041509609265565975,0.0012881809683552771,0.016254927245288965,0.0007636891160201004,0.015235263499290172,4.428052929853686e-05,6.284960249447785e-05,2.3810768185520773e-05,0.00014919879398648123,0.0017224625596314626,2.8923303303633774e-08,3.4337881365061e-05,2.3950585353000293e-05,0.000978075122723093,0.00010194840652036635,6.421006891072727e-05,6.417943890630741e-05,0.00013264012595951883
