,0,1,2,3,4,5,6,7,8,9,10,11,12,13,14,15,16,17,18,19,20,21,22,23,24
0,4.602228360864124e-05,0.0009285859002600923,3.4403248936132384e-05,9.6577760537129e-05,0.01749242626505746,4.92734010762728e-05,1.0671348186007023e-05,1.9510474251995567e-06,0.04342987638124513,2.2317884735280223e-05,0.04020226574088262,0.00018962624755401933,3.741210604805294e-10,0.006752524074546609,0.10392182016787996,5.450683666973165e-07,1.9718041882440004e-06,1.2517002948184701e-05,8.483625782367777e-07,3.141996258966555e-06,0.0005831214993524316,7.322352821818604e-06,0.2806589708904362,1.6491320754081542e-07,0.5055530539837901
1,1.6748835230804183e-05,0.00164406902317861,2.7451748787414172e-05,1.655928445549322e-05,0.01758283664333065,2.0611436911694865e-05,3.1866591282955513e-06,3.665265897060475e-07,0.01636775954877736,7.920775640993782e-06,0.023985029280607452,0.00011117768656942463,5.985162520564226e-11,0.0070307119784056935,0.11188926781603564,1.0756924018302962e-07,8.314110154914865e-07,2.8220549764294963e-06,7.396380476440974e-07,7.800707508204269e-07,0.0003096922205412873,5.729592680839035e-06,0.0967354913407078,6.895075357193311e-08,0.7242400398477851
2,1.6278691418238844e-05,0.0021044072715231538,1.279371799924725e-05,2.9624766700905715e-05,0.007484834474808811,6.282013564526462e-05,1.0411768082862838e-05,1.9183424525662677e-07,0.005506004254805364,3.2565748353282127e-06,0.006958189698615448,0.00017328859369702517,6.161203888274185e-11,0.009595691012832051,0.04894444364795531,3.4002983429814696e-07,2.2999269538751977e-06,8.623353040125493e-06,1.1616370340847252e-06,3.915473281135305e-07,0.0005345342383843223,1.7975150989800256e-05,0.14440983738680616,2.822513827636567e-07,0.7741223179734702
3,1.0489561126760056e-05,0.0013656324655487633,1.24415954374521e-05,1.1589635249807147e-05,0.010012957584982218,1.4070768600014892e-05,2.689498702514409e-06,2.2895078339972594e-07,0.006771987315519773,4.518290211799831e-06,0.017193973480825367,0.00011443461785360257,3.73849950450622e-11,0.009472247596409853,0.10421683774194916,6.194305009208323e-08,7.377505490031816e-07,3.3639786399867337e-06,3.972875189675703e-07,6.183620520436279e-07,0.0002566632757024705,5.107433020367122e-06,0.08706033106703408,7.22925934663487e-08,0.7634685474692541
4,1.229947394621822e-05,0.0013921096408007969,1.3442499787722671e-05,1.2391294372238349e-05,0.010729453386108572,1.5038774025512612e-05,2.9941458098984706e-06,2.47492757817794e-07,0.006367797250276756,4.806054347411393e-06,0.017413217705474365,0.00011755396309986949,5.0140695452680886e-11,0.01123302511473003,0.1023251986238453,7.242788197474661e-08,8.205457146625856e-07,3.953048458918575e-06,4.7658893054802554e-07,7.158725121028266e-07,0.00026232457741878594,4.940001592929217e-06,0.09039118764979254,8.941963929358685e-08,0.7596958443985351
5,1.1490622564777466e-05,0.0016986349740614208,1.0761708994391087e-05,1.6755154744402735e-05,0.009541206857464542,1.8222979487881505e-05,2.5490564056357495e-06,2.5553413819814826e-07,0.0068758876137823026,4.442017495498366e-06,0.019283041622182025,0.00011244766926232597,4.534761578411433e-11,0.010312441765597664,0.11801236118636932,7.840721135632767e-08,7.885012283618207e-07,5.866983142924321e-06,4.651391862563897e-07,7.722334835771914e-07,0.0002951124292987779,5.7084999983796925e-06,0.1078532555331451,7.9283273413351e-08,0.7259373741821339
6,1.0489561126760056e-05,0.0013656324655487633,1.24415954374521e-05,1.1589635249807147e-05,0.010012957584982218,1.4070768600014892e-05,2.689498702514409e-06,2.2895078339972594e-07,0.006771987315519773,4.518290211799831e-06,0.017193973480825367,0.00011443461785360257,3.73849950450622e-11,0.009472247596409853,0.10421683774194916,6.194305009208323e-08,7.377505490031816e-07,3.3639786399867337e-06,3.972875189675703e-07,6.183620520436279e-07,0.0002566632757024705,5.107433020367122e-06,0.08706033106703408,7.22925934663487e-08,0.7634685474692541
7,4.65636460350796e-05,0.0009647297870063635,3.842625524380423e-05,1.613060328137637e-05,0.015772026598807064,5.767381637510071e-06,4.9915254108168125e-06,6.040286358988269e-07,0.009025364826159989,1.3350164467190156e-05,0.03415915710402489,9.233782819562744e-05,1.3260016699426587e-10,0.00871675553520163,0.06366639712035861,5.791212963250792e-08,1.181514343386217e-06,1.2260274597615264e-06,6.909624063246961e-07,8.451128130085364e-07,9.8001626515039e-05,5.190542647377448e-06,0.0362700272361614,8.550988390724795e-08,0.8311000910185742
8,8.915401328735026e-06,0.0004704880261398672,1.7596650721359076e-05,4.657772894859323e-06,0.004932424898675096,3.8062058327971495e-06,2.0040360061212724e-06,1.1555184647587638e-07,0.002798546398871998,5.48695240849066e-06,0.00862963506073722,9.160002213971415e-05,2.6940681123716944e-11,0.009458171517313917,0.04682352400043669,2.1094734445910383e-08,6.57737675131334e-07,5.903609207448837e-07,1.4546561569522973e-07,4.337117815710628e-07,0.0001923369010019021,2.2015957098073006e-06,0.0745318325641811,1.0335279833591076e-07,0.8520247046932872
9,7.067237648390457e-06,0.000614772997394641,9.292053116496961e-06,4.736589600050368e-06,0.0040076805203733586,3.814732062238781e-06,1.3149010568066116e-06,1.1025090839299812e-07,0.0029087926096007617,4.405415731232707e-06,0.010212450043142514,7.406228952788854e-05,1.674431068616803e-11,0.008354394761777498,0.0699445906932687,1.5571175359443477e-08,4.668087547045034e-07,8.19490279883799e-07,1.272492726420087e-07,3.406957309539682e-07,0.00015616644217465467,2.274626199996243e-06,0.07625205709781611,6.74502226270329e-08,0.8274401794564198
10,1.0489561126760056e-05,0.0013656324655487633,1.24415954374521e-05,1.1589635249807147e-05,0.010012957584982218,1.4070768600014892e-05,2.689498702514409e-06,2.2895078339972594e-07,0.006771987315519773,4.518290211799831e-06,0.017193973480825367,0.00011443461785360257,3.73849950450622e-11,0.009472247596409853,0.10421683774194916,6.194305009208323e-08,7.377505490031816e-07,3.3639786399867337e-06,3.972875189675703e-07,6.183620520436279e-07,0.0002566632757024705,5.107433020367122e-06,0.08706033106703408,7.22925934663487e-08,0.7634685474692541
11,1.2525033131047528e-05,0.0013687700815652255,1.4049389070915597e-05,1.2471414584945453e-05,0.01025552345164749,1.5219378736009955e-05,3.1449467415792924e-06,2.898981110622917e-07,0.007419198687879238,5.309153329209261e-06,0.01768381002033385,0.00012328080147849585,5.1589202474634585e-11,0.009549333258804272,0.10378712910732173,7.250855542546038e-08,8.724581883803788e-07,3.6869858715687463e-06,4.6822072651427206e-07,7.003044255415056e-07,0.0002615351330643763,5.528827937773714e-06,0.089288655294388,8.792181622284981e-08,0.7601883376707019
12,2.3556427051154797e-05,0.0027045681914335687,2.9281230238097183e-05,2.457502990601044e-05,0.006479071277743884,1.6127655672443063e-05,3.109943133118777e-06,1.3231448729134175e-06,0.01351752669873233,1.0627180176192893e-05,0.03431359284798164,0.00019110008382755065,8.126758089029579e-11,0.005000340012825972,0.20780653002430693,1.0904104230628047e-07,1.182385877512478e-06,2.7544875494228334e-06,8.88519333204158e-07,6.056772182578404e-07,0.0002544632824203931,1.719828335699554e-05,0.05236715074068598,7.544872300336988e-08,0.6772342423046236
13,1.0540787115354849e-05,0.0013518475303318977,1.2506459052003323e-05,1.1621490362515617e-05,0.00999061319030968,1.3815642742187323e-05,2.6751245831582693e-06,2.3025096645819813e-07,0.006738190967523299,4.53593814879542e-06,0.01755844832193337,0.00011555739223979187,3.7519133392635896e-11,0.00961112684971326,0.10524315859823885,6.172525381843155e-08,7.346015877880798e-07,3.3637248478068947e-06,3.923016360685807e-07,6.248057003171915e-07,0.00025668454446696703,5.063663884242452e-06,0.08707789197636508,7.163629041536435e-08,0.7619902424391877
14,1.0711098832663463e-05,0.003273057478353676,1.6809885563785765e-05,1.9279665823803867e-05,0.019221758839310425,2.512745204190349e-05,2.1218590403045325e-06,2.0793804246758684e-07,0.008099994713807606,4.505376669342002e-06,0.028107573419130883,9.635533659273984e-05,5.2052660858544685e-11,0.010145714043339912,0.13941658476798985,9.725248353124736e-08,7.04492148747898e-07,6.518815857798951e-06,8.617086659697636e-07,9.228263155883504e-07,0.0003065528176112852,6.6754831377757e-06,0.09140066408407155,5.909907618502099e-08,0.6998371414940396
15,1.0489561126760056e-05,0.0013656324655487633,1.24415954374521e-05,1.1589635249807147e-05,0.010012957584982218,1.4070768600014892e-05,2.689498702514409e-06,2.2895078339972594e-07,0.006771987315519773,4.518290211799831e-06,0.017193973480825367,0.00011443461785360257,3.73849950450622e-11,0.009472247596409853,0.10421683774194916,6.194305009208323e-08,7.377505490031816e-07,3.3639786399867337e-06,3.972875189675703e-07,6.183620520436279e-07,0.0002566632757024705,5.107433020367122e-06,0.08706033106703408,7.22925934663487e-08,0.7634685474692541
16,1.703218355501306e-05,0.0012227082645084452,2.6096982679420345e-05,2.644342927640179e-05,0.014129403420520081,2.3243245863569288e-05,4.656825800752942e-06,4.01355538704851e-07,0.004575057931860156,5.668788922276151e-06,0.043700648641720824,0.00036320504630412955,1.1491280677927395e-10,0.03419607534050129,0.20819707264847312,2.536072652263223e-07,1.2128706430820948e-06,1.5883549759061954e-05,5.950135684004907e-07,2.063493714019959e-06,0.000945513166908859,6.079841021022807e-06,0.15502627215139125,1.3149546111652887e-07,0.5375142805898311
17,1.3929519745509013e-05,0.000525701132800031,1.0659380279945758e-05,9.04939891052068e-06,0.00854368200489672,3.8751310160984306e-06,4.046203858179639e-06,1.7635270367661315e-07,0.003840963896603664,2.7400664735019556e-06,0.015369615741120104,0.00015846135700395983,3.2833745566270536e-11,0.014565410174343273,0.044329357277864044,3.4656364364280945e-08,7.539684611571216e-07,1.3274074161951286e-06,1.2656375636170772e-07,4.746066680322241e-07,0.0001425694515643623,3.585056720356417e-06,0.04817763953606979,5.521236091877786e-08,0.8642957658701654
18,5.809959451416377e-06,0.0005263068573615844,2.325465300384492e-06,2.0769017847497017e-06,0.003536525310705201,2.2767063649099653e-06,1.3049258200839374e-06,3.767644130024082e-08,0.001835593052049938,1.2584077944675164e-06,0.004819702231281037,2.4144054648512337e-05,7.121811093393476e-12,0.004416986195706046,0.022118307168257106,6.584080306655643e-09,7.176405533493784e-07,8.276992023651575e-07,1.2587419595110455e-07,1.322191286786625e-07,4.738861008734744e-05,2.536584726598065e-06,0.03039726013612447,3.4978713117364114e-08,0.9322583147530993
19,1.1799244551775598e-05,0.000902022745951167,2.1825240612050692e-05,1.3090931358566733e-05,0.011192159164270405,1.7973490779396715e-05,5.591935769910913e-06,4.7322654759261075e-07,0.01069396915489738,1.1423209335583514e-05,0.014180633443139874,0.00019042683783756478,6.885663309650499e-11,0.00526129488020601,0.06738168738350811,6.919070626237227e-08,9.981306258077027e-07,1.5698951177751944e-06,3.5724078245728436e-07,7.613337567438569e-07,0.00020985224544635368,8.251360869124787e-06,0.05827671312204932,1.0025502163521101e-07,0.8316169562680026
20,5.791855669297261e-06,0.0032971327014244666,1.0463146010437627e-05,1.3628526317890955e-05,0.004582289681874441,1.9825023994327346e-05,1.3662424596110001e-06,4.3333962037125405e-07,0.006358000312411667,4.1023588246736856e-06,0.01987088966633839,0.00023208522574610753,2.7852409395394295e-11,0.006338680355763938,0.27956925413908906,6.439653288830365e-08,5.853545725312877e-07,4.525279997353096e-06,3.843373089526058e-07,4.7629255045666137e-07,0.00041019297802612393,1.4258785334183858e-05,0.06954620589047524,5.4545495602307346e-08,0.6097193095363096
21,1.823531527623682e-05,0.0012413902528885551,1.857324540013302e-05,2.9112765341932857e-05,0.012202413738520863,1.2717816304810336e-05,2.6225796681759305e-06,2.8589524367101917e-07,0.006060884362449027,4.656892418960481e-06,0.05150178823395482,0.0002491179554120787,6.182243651135465e-11,0.027921274053045564,0.16556508196765266,1.395536451233204e-07,6.225057644202996e-07,6.9739385502886465e-06,3.802297098903901e-07,1.296183217229124e-06,0.0003906789444633351,4.492958168887926e-06,0.11132071404411195,5.448617131338387e-08,0.6234464920207976
22,1.5195085799664363e-05,0.0009539223998264005,1.9182457405695694e-05,2.4152436475260488e-05,0.011702664082362778,1.1792963420385268e-05,3.0908907646870092e-06,2.8067571451413647e-07,0.006190079480957305,7.743350813420872e-06,0.05240350269247099,0.0001453837991240107,6.393055705686923e-11,0.01260463815532506,0.11526590615932981,9.134225625896322e-08,1.4255066827484835e-06,6.771348702667268e-06,3.768891762295135e-07,1.5511181420949848e-06,0.00038967979659793175,6.194454319639342e-06,0.11659236688993617,6.058474637520488e-08,0.6836539473757194
23,1.0489561126760056e-05,0.0013656324655487633,1.24415954374521e-05,1.1589635249807147e-05,0.010012957584982218,1.4070768600014892e-05,2.689498702514409e-06,2.2895078339972594e-07,0.006771987315519773,4.518290211799831e-06,0.017193973480825367,0.00011443461785360257,3.73849950450622e-11,0.009472247596409853,0.10421683774194916,6.194305009208323e-08,7.377505490031816e-07,3.3639786399867337e-06,3.972875189675703e-07,6.183620520436279e-07,0.0002566632757024705,5.107433020367122e-06,0.08706033106703408,7.22925934663487e-08,0.7634685474692541
24,1.0273026488365446e-05,0.001582924357617329,1.0396514647610201e-05,1.766000247860838e-05,0.011514083549822302,1.2692563968115802e-05,2.0958698109529532e-06,1.7469798237671214e-07,0.005582977222094736,3.6182970011211356e-06,0.021859761250398672,0.0001176330512682615,3.646609481293033e-11,0.01147358875787274,0.08577031559685971,5.731633164911824e-08,5.965509482216809e-07,3.656679529662575e-06,3.2992553457051607e-07,7.201068053768863e-07,0.00019921368677247684,5.10857032886151e-06,0.07134557012168664,4.7462879069160965e-08,0.7904865047844064
25,2.838875319484662e-05,0.00039388780118388767,1.9076806559042202e-05,1.7784437577296162e-05,0.01053029762536203,3.9057743927735675e-06,4.953721333453955e-06,5.657562810758045e-07,0.005952123376492229,8.917793150587e-06,0.06433081070117284,0.00024296446549586101,9.983628647381237e-11,0.021390337004672674,0.10189071718189173,5.919787116499042e-08,9.971252415850763e-07,2.804166903467359e-06,1.6012335089537678e-07,1.4622967344074728e-06,0.00017824137647561004,3.3615597391570466e-06,0.0695210451254955,5.98168776244878e-08,0.7254770779127141
26,1.4412272240755372e-05,0.000915709542222441,7.851126291908031e-06,7.93988702385883e-06,0.009973916678022185,1.949704181124371e-05,3.279426266294539e-06,1.721085816293796e-07,0.011747865302321832,5.293311859184298e-06,0.007422119791467763,3.561256002466461e-05,4.171600823066282e-11,0.004049256898080972,0.04734582734667104,5.071777270819969e-08,1.2482938811194532e-06,3.909521679212969e-06,5.804733128986258e-07,4.984897986141147e-07,0.00021181349034502341,3.3717787576874833e-06,0.1537715497779996,1.2236914233286588e-07,0.764458101752709
27,2.497880942495036e-05,0.00025493498564316134,6.865366040877275e-05,1.5248376041180804e-05,0.03553692385755734,1.8561946020908956e-05,1.1015824592168709e-05,1.661975272480118e-07,0.002352953141503614,7.735349565636304e-06,0.027263676685730435,0.00023000753306488039,3.066885910890263e-10,0.06260069196485543,0.06157513826795747,3.2160700637980875e-07,2.6034945734400246e-06,1.5876498147780355e-05,5.101463202462178e-07,6.0302209741162345e-06,0.0022490224907838014,1.2989706963700263e-06,0.3941770739023412,4.5548736256756054e-07,0.4135861202752123
28,1.0489561126760056e-05,0.0013656324655487633,1.24415954374521e-05,1.1589635249807147e-05,0.010012957584982218,1.4070768600014892e-05,2.689498702514409e-06,2.2895078339972594e-07,0.006771987315519773,4.518290211799831e-06,0.017193973480825367,0.00011443461785360257,3.73849950450622e-11,0.009472247596409853,0.10421683774194916,6.194305009208323e-08,7.377505490031816e-07,3.3639786399867337e-06,3.972875189675703e-07,6.183620520436279e-07,0.0002566632757024705,5.107433020367122e-06,0.08706033106703408,7.22925934663487e-08,0.7634685474692541
29,1.0489561126760056e-05,0.0013656324655487633,1.24415954374521e-05,1.1589635249807147e-05,0.010012957584982218,1.4070768600014892e-05,2.689498702514409e-06,2.2895078339972594e-07,0.006771987315519773,4.518290211799831e-06,0.017193973480825367,0.00011443461785360257,3.73849950450622e-11,0.009472247596409853,0.10421683774194916,6.194305009208323e-08,7.377505490031816e-07,3.3639786399867337e-06,3.972875189675703e-07,6.183620520436279e-07,0.0002566632757024705,5.107433020367122e-06,0.08706033106703408,7.22925934663487e-08,0.7634685474692541
30,1.0489561126760056e-05,0.0013656324655487633,1.24415954374521e-05,1.1589635249807147e-05,0.010012957584982218,1.4070768600014892e-05,2.689498702514409e-06,2.2895078339972594e-07,0.006771987315519773,4.518290211799831e-06,0.017193973480825367,0.00011443461785360257,3.73849950450622e-11,0.009472247596409853,0.10421683774194916,6.194305009208323e-08,7.377505490031816e-07,3.3639786399867337e-06,3.972875189675703e-07,6.183620520436279e-07,0.0002566632757024705,5.107433020367122e-06,0.08706033106703408,7.22925934663487e-08,0.7634685474692541
31,8.859806506472783e-07,0.0005169428460259824,9.391185173487205e-07,3.4716727396865524e-06,0.007862572059736079,1.5604716648954754e-05,9.238201299498619e-07,6.797584886821015e-09,0.0031677963693259635,2.214254254806576e-06,0.00486345085363677,2.277973226196508e-05,1.7464991284063752e-12,0.004939510957839063,0.029247826800749513,8.467660914947608e-09,1.5100134193675484e-07,1.1535621828322957e-06,6.594135717978697e-08,1.898905055684129e-07,6.267806991308788e-05,1.5554808182963106e-06,0.08435934790614455,1.8042553541124055e-08,0.864929905655674
32,1.1565574027306533e-05,0.001742798683735195,1.2994412892063424e-05,1.201558347160046e-05,0.010367634682285772,1.6278636857061992e-05,2.549083605566671e-06,2.3025261878245696e-07,0.006970820290174593,4.3341750095802635e-06,0.01633249819615937,0.00010113497465930216,4.156384634055115e-11,0.008900856404509123,0.10473228762686272,6.831727275198555e-08,8.110693899030294e-07,3.822993415361385e-06,5.512813436446505e-07,5.909003503476503e-07,0.0002592035796638809,5.700631017399538e-06,0.08690008082053578,7.884220469218346e-08,0.7636210929463744
33,3.897041429054942e-05,0.009042096434978879,1.5212273390849346e-05,2.8093208769493928e-05,0.01001983895426958,9.08340084602452e-05,7.709545577930308e-06,4.913149718683765e-07,0.004023789121930068,3.7725312003956232e-06,0.003893484023959575,0.0001422999005614216,3.492238199159434e-10,0.011452648356856542,0.05037995155293751,5.382076627492967e-07,7.251440246490903e-06,2.861702650990108e-05,9.888949120102259e-06,5.998490322152615e-07,0.0003809004176022154,4.0336592900378236e-05,0.09320941279785586,1.2606774096754357e-06,0.8171820020502818
34,0.0001710241203342822,0.0009990126196945059,3.855257180287439e-05,1.7488698981298723e-05,0.02823246410426232,3.496738232384052e-06,3.369072723130355e-06,4.105297780247489e-07,0.008999363854132128,5.127557993795023e-06,0.06563401194575481,5.439283959119076e-05,1.4994252027373214e-10,0.028690292607396695,0.08492947928925787,8.991076868470096e-08,1.370667172919404e-06,4.012022036991003e-06,1.4426822355007985e-06,9.444625896666513e-07,0.00015263397625546837,2.0027784281950503e-06,0.06765271895698094,6.982447359715673e-08,0.7144062280191803
35,2.2489331723375173e-05,0.0023982653308285144,1.1304286499297592e-05,1.6796806386562145e-05,0.009095122341007044,1.3320814813287513e-05,2.8017355670544373e-06,6.948184393830235e-07,0.020152325044422263,4.6490331808351215e-06,0.01920586197876188,8.774780224554208e-05,4.389563600860119e-11,0.00361265761747097,0.10658533537524542,6.326721584391861e-08,8.290414473650164e-07,2.536052788503765e-06,6.713572587447285e-07,3.4431366087828384e-07,0.0001213422776792777,1.0446245679326216e-05,0.04558402831886497,4.241367599581505e-08,0.793070324351242
36,1.0709319438447267e-05,0.0007282077448586872,6.355715443200522e-06,9.714778193426557e-06,0.0037208887241637805,6.969568202479792e-06,5.587667076595841e-06,4.7266439329072384e-07,0.004193789636489678,2.8113268562425243e-06,0.01731447798869133,0.0003999693215104289,3.773064834411353e-11,0.011087564171491655,0.09440962769273943,5.934592444903227e-08,1.2519141900761132e-06,3.305159187837808e-06,1.7976305100075777e-07,3.8580934132889345e-07,0.00016159568729022777,1.2757759575549251e-05,0.03879943263621586,6.288995556082376e-08,0.8291238226779889
37,2.0422062013366944e-05,0.0006143166847375071,1.3068161889340543e-05,8.231685018150756e-06,0.01013536151573364,8.03230748006106e-06,4.699686602746657e-06,9.023112700178263e-08,0.0017968815391893238,2.6601152256612115e-06,0.011706132006775219,0.0001217566884077976,5.864167726100774e-11,0.0394708747823347,0.05500089668901419,8.073813758279391e-08,1.210809050009291e-06,5.0184219735873454e-06,3.949721937792803e-07,7.20121854913033e-07,0.0003804126148944598,2.3516315099083335e-06,0.12834539369072984,2.116966724239557e-07,0.752360781088793
38,1.0092783998713734e-05,0.001986100021196083,1.5600261031301866e-05,1.664579821505152e-05,0.010563766981799859,4.0709972713244146e-05,3.937633954767822e-06,2.95350262105711e-07,0.00728658816602503,5.644727734828426e-06,0.019188086620131495,0.00020080869045215998,6.273487402560083e-11,0.013707096517618787,0.19364318307872802,1.903493798975685e-07,9.061362223998038e-07,1.0214759120081549e-05,8.010307267753494e-07,8.773142015388255e-07,0.0006390936764751407,7.811340433124325e-06,0.16294918051771326,1.4571000712085026e-07,0.5897222224991242
39,6.9915088898681565e-06,0.004305100032841564,3.615411951577823e-05,1.8422946582065427e-05,0.009904796624841334,8.684180730032824e-05,3.2541678443417074e-06,6.8741845616766e-07,0.012140540731017922,4.308649401860731e-06,0.010259496449892836,0.0003683857807224616,7.095727735121316e-11,0.004807154014628584,0.21342296229922975,2.9564966940748256e-07,1.637601371195894e-06,8.390340784059118e-06,1.0776077508773072e-06,8.874895955721806e-07,0.00213055147142372,2.010565925870395e-05,0.16517553850921118,1.6424427755809487e-07,0.5772962548045355
40,1.0481519384457243e-05,0.0013531086113663243,1.2596339861787485e-05,1.121412450321419e-05,0.010172148785973978,1.3400362465263366e-05,2.6546866456459765e-06,2.2061253906246774e-07,0.006530395621137813,4.364324768191578e-06,0.01715592120598211,0.00011457909962228617,3.667822043255563e-11,0.009768159033655941,0.10265635495114649,6.008369944522555e-08,7.272799544338741e-07,3.242269870914292e-06,3.9083431200806665e-07,6.092803385096761e-07,0.0002537031193884944,4.982453496889866e-06,0.08462276756786852,7.096632985038866e-08,0.7673078468290102
41,1.2948836089097816e-05,0.00266135073548013,1.3067378533281641e-05,2.201891775109363e-05,0.018363651228102535,1.91404153493956e-05,1.9012313003360742e-06,3.457905063719983e-07,0.013833009053121105,4.455069784593766e-06,0.03436749774627769,9.229896841497515e-05,4.890541068896277e-11,0.010567408370682077,0.1741372844368174,9.13131079926642e-08,4.4253331669095796e-07,5.587367421746258e-06,6.262071068906572e-07,8.567825256751067e-07,0.00021356920360583089,4.4830439380948686e-06,0.08769187516424552,3.9038078702634126e-08,0.6579860511195373
42,1.1930209107961624e-05,0.013315600375610836,4.898399771034491e-05,4.576613654170482e-05,0.008416015992290759,6.288311651708285e-05,2.3632525784563005e-06,1.6222951215832064e-06,0.02656427498585687,4.65013625959276e-06,0.02090271491215115,0.00027009879719256676,6.337818944591623e-11,0.002029277364008232,0.24770995176386829,2.9451878019920054e-07,1.4458244576613208e-06,4.237783107552712e-06,1.9916975275731194e-06,5.007079951352975e-07,0.0007285186604713362,6.061796702913796e-05,0.05966698946631677,5.949335709529525e-08,0.620149210482764
43,9.216937321843463e-06,0.0019669297784217924,3.223196470544263e-05,1.9812745424975824e-05,0.013585712932137959,7.491834900585466e-05,4.218979575087988e-06,6.769927938545052e-07,0.016525654428612507,1.7043249408186618e-05,0.013452302872439387,0.00020254899624293836,9.977440699169103e-11,0.0038842447296004185,0.16284804358428107,1.7611206655808135e-07,1.7979388176464823e-06,6.021419806249969e-06,8.711218408359048e-07,1.3928160715749437e-06,0.0013190367334984297,1.3225843790983428e-05,0.19284958659190324,1.995789459143464e-07,0.5931841352035128
44,1.0489561126760056e-05,0.0013656324655487633,1.24415954374521e-05,1.1589635249807147e-05,0.010012957584982218,1.4070768600014892e-05,2.689498702514409e-06,2.2895078339972594e-07,0.006771987315519773,4.518290211799831e-06,0.017193973480825367,0.00011443461785360257,3.73849950450622e-11,0.009472247596409853,0.10421683774194916,6.194305009208323e-08,7.377505490031816e-07,3.3639786399867337e-06,3.972875189675703e-07,6.183620520436279e-07,0.0002566632757024705,5.107433020367122e-06,0.08706033106703408,7.22925934663487e-08,0.7634685474692541
45,1.9405040427836637e-05,0.0020156141511709002,2.208813226494176e-05,1.9566290915033327e-05,0.010940309716958816,3.5106926618944815e-05,9.579527161053256e-06,1.8108629093229225e-06,0.014997705424135933,1.0607810053316813e-05,0.023111668425571018,0.0002956495675426985,1.5374842272722004e-10,0.009698539294657015,0.2636709632327272,2.4197555920054435e-07,1.2796654829703412e-06,8.373199668200736e-06,1.0353598705523756e-06,9.767850938200496e-07,0.00040093722428568147,1.4333086740662817e-05,0.08064462664673003,1.9341199262575293e-07,0.5940793880877137
46,3.748549429323773e-05,0.0007310427263426856,3.2886149569045026e-05,2.64869635929875e-05,0.007299518290563262,1.999290491163505e-05,7.81485989012107e-06,5.168870475479952e-07,0.0059538781587444,9.65795017177735e-06,0.013794538526358409,0.000264063512568077,1.490786337722734e-10,0.0045322238229747085,0.02914669469408653,1.3573103490349254e-07,8.415574049766338e-06,2.8984662278655816e-06,5.99920220446943e-07,1.012156569895207e-06,0.0006595632002569186,2.04005846308634e-05,0.08917454223068558,2.0127296773662206e-07,0.848275429773163
47,9.973067736790524e-07,0.0005768711414145942,2.835992431045996e-06,2.2272462716702134e-06,0.015394894727161584,1.2076611466153431e-05,7.260369226419268e-07,4.2067299680733e-08,0.006056914005335786,3.9941653031836594e-06,0.01573009005811542,4.3873021876161444e-05,6.262573894863702e-12,0.009710178213725917,0.16568321845452713,1.1455325368163448e-08,1.1986870099031958e-07,2.497395305100278e-06,8.235321320011115e-08,6.295775150646492e-07,0.00015135822268524016,7.408016567246766e-07,0.11943273099290304,2.0236630098007005e-08,0.667192870041178
48,1.8852968138527874e-05,0.0020748425104411055,1.289173131905337e-05,7.511205850950877e-06,0.007188735017318697,2.5185872839425774e-05,4.440076732857064e-06,3.647833789741723e-07,0.006501801767460622,5.778113762773348e-06,0.0052574016437406616,6.421509182918286e-05,7.94861072173338e-11,0.003711004040990429,0.055494255878268756,7.145960579797832e-08,2.7515586007368223e-06,3.576683602038051e-06,1.516555480078373e-06,3.8115791652484207e-07,0.000233987031670984,1.1200369813661058e-05,0.07282005558232642,2.788619620909894e-07,0.8465588999574635
49,7.6552821718155e-06,0.00222553556296195,2.155853576521534e-05,1.561814093268998e-05,0.009773629735646909,2.873059712570215e-05,3.1391938153902756e-06,3.851519560032736e-07,0.00951574131010926,6.069653172762362e-06,0.01447946443800604,0.00022588377878982475,4.547946421821104e-11,0.005119139337644447,0.11516290667506555,9.201819973810129e-08,9.746131041832194e-07,2.8558473333055145e-06,4.872391038031279e-07,7.063402705286435e-07,0.00043389489355886963,1.327581020198315e-05,0.076584434329855,8.201519103683897e-08,0.7663777394545385
50,2.8785205318453824e-05,0.00025492185564365805,1.2145240343931832e-05,6.979601477029353e-06,0.00909522945039821,4.081977829422268e-06,7.89861409070138e-06,3.1050354854246387e-07,0.004414487565403,9.35933143150167e-06,0.01655501874864234,8.892105555877283e-05,7.556977561838633e-11,0.014787799500500723,0.04292883778118496,3.644800024647391e-08,1.0503076523079134e-06,1.4267510813819123e-06,2.427980117669622e-07,6.673805684562953e-07,7.9548940176411e-05,2.2152571427517536e-06,0.049192773551168856,1.3217927865737236e-07,0.8625271298799781
51,7.990636110845458e-06,0.003394708009230982,1.0575488225077047e-05,1.992719708298845e-05,0.00696013107931893,1.6978104609659946e-05,1.4488748450073454e-06,3.0777141889116407e-07,0.007651584464637614,3.5532626445711958e-06,0.021538064774104117,0.00014359263123044398,2.8132219669389774e-11,0.007046233298771833,0.1696274001268094,6.556906711464844e-08,5.23610218111083e-07,3.629779366955094e-06,4.1287623111637064e-07,4.778794565342858e-07,0.0002571067043003591,1.0110405108571342e-05,0.067826605855257,4.204276905580302e-08,0.7154785295310525
52,9.594230818671022e-06,0.0008915038444067297,8.300390839225789e-06,2.6194960969687766e-05,0.010312570271619016,5.811421158497519e-05,2.330548243396662e-06,9.414247923714456e-07,0.014366643890267856,2.9187268241430072e-05,0.05349798589972415,0.00021701271599670085,1.0551052563826712e-10,0.011657862731176338,0.4461176702523112,1.3383560949774143e-07,3.3408281957237674e-07,1.8395622776552854e-05,5.953042095277096e-07,2.472031874052089e-06,0.00028117615003134407,4.661500645169305e-06,0.11193313107896681,6.975229433474032e-08,0.35056311789427086
53,7.661800806721062e-06,0.0003381127206250733,1.0734733768345041e-05,1.3077575523252131e-05,0.011822165409264371,1.1064809363223387e-05,6.2254850409526155e-06,1.640297083890832e-07,0.005566419235344945,6.529032231941835e-06,0.024444138912284665,0.00019777774199976236,4.288622148117958e-11,0.018955558371218907,0.0799280988173871,7.470334942299913e-08,6.874166782783662e-07,4.736571490016736e-06,1.1131998334906398e-07,1.4453395817741609e-06,0.00033941250761226855,2.6136431079685996e-06,0.16994080899520803,8.813927299599981e-08,0.6884022926462621
54,4.686388073408851e-06,0.0024303713018014256,2.6173700440782547e-06,4.0792464223699254e-06,0.0036584603091808724,6.414323590140759e-06,1.068115303446311e-06,7.903998554297627e-08,0.0032811238304594355,1.1877622628419313e-06,0.005158714726561133,4.757995527534545e-05,6.222092644667022e-12,0.005455077326670657,0.07389691463273869,1.601095979852287e-08,2.391428895713444e-07,8.859837848494739e-07,2.581448859688106e-07,7.574116898645087e-08,5.1621662440969245e-05,5.333846630412653e-06,0.023260267957417712,3.131417975549519e-08,0.8827328958610504
55,1.0242551351545966e-05,0.0012456578557769405,1.1674817556180485e-05,1.1746749119660554e-05,0.009872684739317647,1.5045676779715553e-05,3.1613209378207044e-06,2.6788667668991173e-07,0.007254089570046296,4.348433104235385e-06,0.01653116965363573,0.0001500836590367118,4.1416241015145443e-11,0.0099960446253255,0.10489189775348765,6.913536137031172e-08,7.054603815852806e-07,3.6344144384054115e-06,3.567877511342692e-07,6.487171508258385e-07,0.0002517097382026022,5.380766480328881e-06,0.08459779376820546,7.3950276790863e-08,0.765141511928183
56,1.183909276110027e-05,0.001397028531983968,1.3641037792662842e-05,1.2887341634554297e-05,0.010440457481503138,1.5771035028591456e-05,2.9911892855078634e-06,2.7716343981464903e-07,0.007360724247355015,5.158928625260718e-06,0.017651089613080484,0.00012375344009344375,4.9164003457060934e-11,0.00963565001876435,0.10485687475712174,7.221560328418999e-08,8.226635570418577e-07,3.7863388530034325e-06,4.5138886749887645e-07,7.159769278509207e-07,0.0002681846594309249,5.41911423623961e-06,0.09052561622382396,8.386148130220079e-08,0.7576667036295852
57,9.213314894095045e-06,0.001569203827050324,4.122029036531947e-05,1.0978311672664264e-05,0.0171352941965872,2.162467987802085e-05,3.766738918699369e-06,3.665058732828783e-07,0.009827088487506134,6.821748576360733e-06,0.015794598020698436,0.00025281741709683566,6.824973159825826e-11,0.006518780085525272,0.0929195536632778,9.409775810864869e-08,1.1096602828538658e-06,1.991781746353494e-06,5.092559898866783e-07,9.85402176709768e-07,0.0004978720894671987,8.648087380042916e-06,0.07335481885003495,9.010461688458157e-08,0.7820225533143769
58,1.0608588792555589e-05,0.001269332448648541,1.2563579079551268e-05,9.831495930516254e-06,0.009145748624167874,1.7343601206277243e-05,3.291788659745775e-06,2.3507397974868203e-07,0.006112585202533293,5.114360848567183e-06,0.011991052798469399,0.00011709586740742275,4.798108276805591e-11,0.00895726626629544,0.09183819880901686,6.649677269033168e-08,9.16447255837541e-07,3.6395217721925287e-06,4.5760806932811485e-07,6.402823390951759e-07,0.0002958594596288057,5.300636770042395e-06,0.10138903280847636,1.2011408072656507e-07,0.7688136980718181
59,1.1397910493930564e-05,0.0013160810847031865,1.7147641029427795e-05,1.0670439814274094e-05,0.010413283558103713,1.6506699505522375e-05,3.3608321737626306e-06,2.604436542032662e-07,0.006522280564785323,5.406678028807607e-06,0.013705310456279355,0.00012675779213084626,5.3377326104511454e-11,0.00911736840471468,0.09415745312919566,7.29296409115257e-08,9.863264448718546e-07,3.3696783899982846e-06,4.734794903529828e-07,7.4177252275156e-07,0.0003440673233495797,5.426416051826562e-06,0.10205587325333336,1.1734796176498595e-07,0.7621655857848246
60,1.0489561126760056e-05,0.0013656324655487633,1.24415954374521e-05,1.1589635249807147e-05,0.010012957584982218,1.4070768600014892e-05,2.689498702514409e-06,2.2895078339972594e-07,0.006771987315519773,4.518290211799831e-06,0.017193973480825367,0.00011443461785360257,3.73849950450622e-11,0.009472247596409853,0.10421683774194916,6.194305009208323e-08,7.377505490031816e-07,3.3639786399867337e-06,3.972875189675703e-07,6.183620520436279e-07,0.0002566632757024705,5.107433020367122e-06,0.08706033106703408,7.22925934663487e-08,0.7634685474692541
61,1.1137098768496157e-05,0.0012805452643286782,1.6218472755531706e-05,9.891642121473146e-06,0.010635013197653365,1.532568556008061e-05,3.140348605856761e-06,2.3127247494806757e-07,0.006448653524086647,5.022061019409619e-06,0.013956761870192009,0.00012118814535579167,4.6793435379352473e-11,0.0092523638915337,0.0922330551144364,6.730299843382666e-08,9.126383631252431e-07,3.0996334752351054e-06,4.5625496766787663e-07,6.670509688474557e-07,0.00031732015930539755,5.117191427560432e-06,0.09581587822617499,1.02983931859833e-07,0.7698678309227011
62,1.0489561126760056e-05,0.0013656324655487633,1.24415954374521e-05,1.1589635249807147e-05,0.010012957584982218,1.4070768600014892e-05,2.689498702514409e-06,2.2895078339972594e-07,0.006771987315519773,4.518290211799831e-06,0.017193973480825367,0.00011443461785360257,3.73849950450622e-11,0.009472247596409853,0.10421683774194916,6.194305009208323e-08,7.377505490031816e-07,3.3639786399867337e-06,3.972875189675703e-07,6.183620520436279e-07,0.0002566632757024705,5.107433020367122e-06,0.08706033106703408,7.22925934663487e-08,0.7634685474692541
63,9.472098585502663e-06,0.0019662870454422317,1.0405162136367652e-05,1.1633064101826063e-05,0.009117451335790581,1.5297099752940804e-05,2.1004280463415145e-06,2.1328893122679224e-07,0.00701488102925054,3.797611848531164e-06,0.015595834706794265,9.405054900406361e-05,3.149244076801097e-11,0.00785778115504597,0.11160483925163514,5.668700828635774e-08,6.609161417750241e-07,3.4802501489321974e-06,4.618004197429687e-07,5.003196216100083e-07,0.0002282836387302815,5.9101273189139e-06,0.07941094997193414,6.34569904551414e-08,0.7670455889738278
64,9.661434048394316e-06,0.001471729832608888,1.9851422702057266e-05,1.2342253890811115e-05,0.011114347136259443,1.8446463973704884e-05,2.7756270670739064e-06,2.2415902459883482e-07,0.006558867701044815,4.81798494149641e-06,0.01629462560009225,0.00016239950477392549,4.350211104078212e-11,0.009679546464140668,0.10962470365983921,8.476464434515421e-08,9.936111390079106e-07,3.600660257776628e-06,4.227108567352972e-07,7.818102361666143e-07,0.00054123746531419,6.1476798142365325e-06,0.11725350317867303,9.298639238753216e-08,0.7272187958447627
65,7.961304128760545e-06,0.0015534886709695395,1.0919692363444322e-05,1.016700883960367e-05,0.009136936037099306,1.545986617305329e-05,2.303854899687545e-06,1.7681846208094972e-07,0.005839067696288246,3.6027315173785595e-06,0.01316396694008772,0.00010735727897084379,3.0695951067458424e-11,0.00881725434647981,0.09981371033191082,5.7303649034115634e-08,6.929056353119021e-07,3.523603332465912e-06,3.744001439916543e-07,5.652871076754696e-07,0.0002907479909070501,5.110749132272646e-06,0.09450920135908239,7.547895326397641e-08,0.7667072783131702
66,1.0462534434105917e-05,0.0013684845450564088,1.2401871670266237e-05,1.1582633252486132e-05,0.00998013176381456,1.4065224811741004e-05,2.6809815294585435e-06,2.2877718859239103e-07,0.006764192110624194,4.507966844040388e-06,0.01718349703918602,0.00011440996270038132,3.725118259385496e-11,0.009464341617608105,0.10442940962229048,6.183264965912331e-08,7.361842618199833e-07,3.3650634551094327e-06,3.968018802012376e-07,6.167493532307606e-07,0.0002564739313430359,5.112877501499358e-06,0.08701155319986979,7.21515561497586e-08,0.7633612145198675
67,1.7299285570797496e-05,0.0012427973269479925,1.6161042672137315e-05,1.32810189017638e-05,0.01387553446626917,1.0495528170961664e-05,3.15072065576579e-06,3.4847786018268105e-07,0.00964581475585748,5.888305465806195e-06,0.025851929167401942,0.00010984125454761055,4.8558655741910515e-11,0.010147624062726355,0.11254431284477923,6.236235195169741e-08,7.128931611235257e-07,2.6939888681114672e-06,4.468811725624065e-07,6.558376629892747e-07,0.00019405385634798462,4.665288163489741e-06,0.06853362489023317,5.872877881377691e-08,0.7577785469668741
68,1.2745632376613975e-05,0.00136541707311709,1.1987659853557839e-05,1.1384508998619257e-05,0.010137570644118478,1.056272623382742e-05,2.438690337196492e-06,1.9113427111357817e-07,0.006742348945752701,4.0638666932402215e-06,0.01789883314584962,8.286746430448083e-05,3.452436692453894e-11,0.009508765820853792,0.08769138170918096,5.4270310958653866e-08,7.095643436791427e-07,2.7430715295099863e-06,4.278208609836624e-07,5.126632544001254e-07,0.00018907183378927836,4.387061237949502e-06,0.07899096926638632,6.27335722307462e-08,0.7873305026582491
69,9.048308319721706e-06,0.0012523603381806904,1.1772864798849453e-05,1.2085648788172134e-05,0.009657947869779948,1.350637544135885e-05,2.3095869710443e-06,2.2424485852350818e-07,0.007150863087859271,4.880237961099689e-06,0.020860458046117632,0.00011842478063486968,3.300812544478136e-11,0.00884345780505402,0.1150613151683972,5.5570656239030115e-08,7.044052326133156e-07,3.6300099103598595e-06,3.193339011357564e-07,7.045673853274841e-07,0.00027589863077256597,5.0212363436156275e-06,0.09416428683404916,5.8168816306983623e-08,0.7425506668467622
70,9.89830167160272e-06,0.0014700066688225063,1.5218799233136775e-05,1.5494026307360364e-05,0.011640690241003991,1.7728507623773457e-05,2.802561530032559e-06,2.6301678266903443e-07,0.00871249230981046,5.355618687373208e-06,0.02087324884779444,0.00013719472914661682,4.0554375123397877e-11,0.009230760486226834,0.11407516993045554,7.831366690815829e-08,6.55085239374152e-07,3.4923126861777974e-06,3.8909613729862673e-07,7.654614328291538e-07,0.0002881948737823865,5.509198889019087e-06,0.09338408231302717,6.418466242596815e-08,0.7401104450748256
71,1.5140417973629897e-05,0.0005455382539906817,1.197334863422631e-05,9.358849005172891e-06,0.012948005841822612,1.1570752929191572e-05,6.876762752214692e-06,2.7870206055560717e-07,0.00799733248159352,7.513137155330474e-06,0.013422332398144166,0.0001054142732630273,5.828302054938264e-11,0.009577463948067579,0.056148860158823,5.7279860754237036e-08,9.580637074540018e-07,2.358546879851273e-06,2.9721489569718977e-07,7.329445304820368e-07,0.00016291958677589247,3.6565473943229006e-06,0.07691873499551563,1.1389822697776576e-07,0.822102511537715
72,1.894582020963809e-05,0.0011941513354907219,2.631122241637174e-05,2.3290256212960142e-05,0.020130581770812443,4.164079859825246e-05,1.3023997815913524e-05,6.996853362502186e-07,0.011949504167004776,7.431189975224588e-06,0.017927402589046248,0.000285703471892934,1.507372740074961e-10,0.01433456812920255,0.10900237981192226,2.962232947588785e-07,1.6012502451215798e-06,8.915701786115176e-06,7.40922649823901e-07,1.4895924340859152e-06,0.0006055040592094126,8.130984120532289e-06,0.1354615314256442,2.1847141233039614e-07,0.6889559369725298
