,0,1,2,3,4,5,6,7,8,9,10,11,12,13,14,15,16,17,18,19,20,21,22,23,24
0,0.00011585399335698477,0.0007599972728470572,0.0037845510353382798,6.244388070849338e-07,0.00210271149750743,1.9768793393528513e-05,3.5498094611956072e-06,3.4025852721027965e-06,0.0013378467070757245,2.5684892902996912e-05,0.004829021266918338,0.0004531893417914122,2.188542587914667e-07,0.028635605996004145,0.0002056923233839129,1.1757635095251059e-05,0.0025581895713803157,1.438411709569314e-07,8.669888516123886e-08,1.0218010215775885e-06,9.172164920942915e-05,1.0442945687419937e-05,0.0002772863396523385,0.0006973368950002567,0.9540742938145783
1,5.086999928030092e-05,0.0003977075297296704,0.00309539548103261,3.5809857530271383e-07,0.0008876163368967941,3.5645500789646414e-05,3.0532953276688136e-06,2.7515060861876264e-06,0.004522073574829057,6.964048463069845e-05,0.0022700542274783865,0.0001561070018602607,2.0220658717541818e-07,0.040946706285891955,0.0002304548990697462,9.807313356163848e-06,0.0004760362151660397,1.588304735902891e-07,1.2436888491348183e-07,1.6119154043793002e-06,6.978448322214937e-05,1.0626507253868627e-05,0.00023914457694670292,0.0006157455074962896,0.9459083238537305
2,5.5605108546399205e-05,0.00043533171765361704,0.002281080273182866,3.1521193257063995e-07,0.0009164790572946925,2.6715445540478786e-05,2.4217431986205976e-06,2.5814139499109294e-06,0.002916652952553431,4.167093068447176e-05,0.003030162558248839,0.00019776351627228992,1.6242124952726988e-07,0.03914779964152094,0.00024148812498203887,6.5577255990518665e-06,0.0005830766295672817,1.1091532432961401e-07,8.420392125414336e-08,1.10948387663183e-06,5.407964445291085e-05,1.2148882513567952e-05,0.0001865840908162054,0.0004240186205010757,0.949435999686617
3,6.50799903115987e-05,0.0004665629643136012,0.0024548615436440764,3.423541773552903e-07,0.0009678636346498729,2.971704231943374e-05,2.6309096021026273e-06,2.7923564274045084e-06,0.002959071755820424,4.317821294394464e-05,0.0033471031128640364,0.00021180437261509368,1.7901903348549725e-07,0.03840454767147921,0.00024318303652671064,7.0517186682947464e-06,0.0006657129893341784,1.250601566276413e-07,9.328753173224877e-08,1.1214484483487977e-06,6.016931313674183e-05,1.3119710787550689e-05,0.00020586825911505735,0.0004516896257840337,0.949396130610309
4,6.57861465278645e-05,0.0005001504746034011,0.0026445574865506466,3.5210131502979077e-07,0.0010458687260858784,2.7099847974831408e-05,2.786701126421031e-06,2.946518976017044e-06,0.003183876494291454,4.643399927676595e-05,0.0034434612410324163,0.00022093635349624443,2.147690547666387e-07,0.04627712010164185,0.00022508337175415033,6.848292273760593e-06,0.0006464036928234411,1.4215508559230942e-07,9.756966569020381e-08,1.3134069815034105e-06,7.01266160434446e-05,1.4296064701542113e-05,0.00020324693497699903,0.0004897481675478787,0.9408811027661925
5,8.532395687979436e-05,0.0005536495231011503,0.0036384057189082592,5.970731907107888e-07,0.0014454929032579817,3.919601353549155e-05,3.4367841009212235e-06,3.578325040931564e-06,0.0039239621309090575,6.687458901156384e-05,0.00395563079256992,0.0002226253431871913,2.616681674437144e-07,0.053739502654975256,0.0002455413425559223,8.939606863643939e-06,0.0008430977553346397,2.6305567523865467e-07,1.3258072717125196e-07,1.8281317404697675e-06,9.640589466615736e-05,1.3151934943621825e-05,0.0003676319228224548,0.0007104628873412834,0.9300340074104937
6,6.50799903115987e-05,0.0004665629643136012,0.0024548615436440764,3.423541773552903e-07,0.0009678636346498729,2.971704231943374e-05,2.6309096021026273e-06,2.7923564274045084e-06,0.002959071755820424,4.317821294394464e-05,0.0033471031128640364,0.00021180437261509368,1.7901903348549725e-07,0.03840454767147921,0.00024318303652671064,7.0517186682947464e-06,0.0006657129893341784,1.250601566276413e-07,9.328753173224877e-08,1.1214484483487977e-06,6.016931313674183e-05,1.3119710787550689e-05,0.00020586825911505735,0.0004516896257840337,0.949396130610309
7,0.00040808576643827676,0.000729871548924576,0.0058404336133534756,5.205760407215424e-07,0.001641271010828709,6.165829123843583e-05,5.875008515718903e-06,9.741814920739605e-06,0.0038931961613333597,6.329892895767947e-05,0.014343619742794701,0.0004247512578495125,7.4904999200495e-07,0.04520333337350113,0.0003948194187689066,1.0011721277314762e-05,0.0011587954977047234,4.0281544927782184e-07,2.0523428737736512e-07,1.9851306382726983e-06,0.00013875511612755254,4.570425653035409e-05,0.00022324195831737386,0.00047933478885519806,0.9249203379173546
8,4.8475426060441335e-05,0.00031996261487918795,0.003461836612938897,3.245988076370886e-07,0.0006387424058622594,1.5541858027132494e-05,8.23246987193737e-07,1.0705638592760352e-06,0.0020658434093542262,4.4246615838772816e-05,0.0011743284287113608,0.00013655403951001702,1.0854922480582141e-07,0.029188957886247213,0.0001430150172294234,7.036682193471211e-06,0.000585000921042273,5.798023457870028e-08,2.842347556924097e-08,1.0167665707102441e-06,2.375763106578075e-05,4.697875278750562e-06,0.00022412922500954132,0.0007990328846320866,0.9611154103369594
9,1.918817330701919e-05,0.0003566134462112563,0.003008446328529787,2.524123497970674e-07,0.00043552327114639814,1.1470236105087423e-05,7.356662464541405e-07,1.0417853568381598e-06,0.002215136883667849,6.977810130249516e-05,0.0006974854779264754,8.921815473256118e-05,8.929379922278653e-08,0.041412391922352326,0.00011282153743851982,8.031487200894489e-06,0.0003978775934329296,6.028522640335577e-08,3.660898767564143e-08,1.2981087575793659e-06,2.8566097441724944e-05,3.577239638275522e-06,0.00018543220343844458,0.0007169155764910285,0.950228012108913
10,6.50799903115987e-05,0.0004665629643136012,0.0024548615436440764,3.423541773552903e-07,0.0009678636346498729,2.971704231943374e-05,2.6309096021026273e-06,2.7923564274045084e-06,0.002959071755820424,4.317821294394464e-05,0.0033471031128640364,0.00021180437261509368,1.7901903348549725e-07,0.03840454767147921,0.00024318303652671064,7.0517186682947464e-06,0.0006657129893341784,1.250601566276413e-07,9.328753173224877e-08,1.1214484483487977e-06,6.016931313674183e-05,1.3119710787550689e-05,0.00020586825911505735,0.0004516896257840337,0.949396130610309
11,7.217381745154327e-05,0.0004746604090313092,0.0025794319836248913,3.578833427782133e-07,0.001039427723688783,2.9933571422290954e-05,2.849603949987086e-06,2.9351236128871757e-06,0.0030593569662153365,4.303661630828534e-05,0.003568787005411825,0.00023219500345830535,2.1074084499914793e-07,0.03887867371185422,0.00024435118810519046,7.4400749304362385e-06,0.000681211599725249,1.3638098475712022e-07,9.819996052448293e-08,1.2546276290905347e-06,6.454913748181209e-05,1.43536904268112e-05,0.00020785834724406637,0.000500897827793443,0.9482938187655012
12,0.00010012700926917088,0.0007667159071112873,0.0022068605667218493,5.613689893815613e-07,0.0005742855388739138,4.9830269208641716e-05,3.5660766900836093e-06,7.620530055127609e-06,0.003400882681711658,7.841155747042558e-05,0.0041165785654833816,0.00029724446756965254,2.702081346340886e-07,0.03456580597168764,0.0005047652974709067,1.723390510032377e-05,0.0007728727671244147,2.0665260589698914e-07,2.7386335128354076e-07,1.1446530768953401e-06,6.626698974078354e-05,2.736835688628516e-05,0.00020153695123658165,0.0003214100655500017,0.9519181597788798
13,4.99285509768969e-05,0.0003165171830905308,0.0011009592824698304,1.2069548621783903e-07,0.0007110136770284783,8.513656328945132e-06,1.765308975889666e-06,2.9565041402906316e-06,0.001303321791731845,1.0919075062935133e-05,0.005805078365262107,0.0003428982854736735,1.1796727172984768e-07,0.03820576836029786,0.0002233595322457209,2.839423617298896e-06,0.0004082167366238363,4.927666563500965e-08,4.31809574664346e-08,5.145288890639636e-07,3.6901202762304455e-05,1.6827167371222506e-05,4.754895941247211e-05,0.00014437367799113773,0.9512594476098667
14,8.727110830750897e-05,0.0010722249494019068,0.0030874430144038427,6.083634348870937e-07,0.002528268547516842,3.22402392738276e-05,3.5404576242357147e-06,3.4986946672832354e-06,0.0032616468550633925,6.374986675612629e-05,0.006730455273045362,0.0002393636912521314,3.141900127325875e-07,0.0630512515160899,0.00024051718202588985,6.468640517954612e-06,0.0012346380923290252,2.526536692520534e-07,1.9283916391301685e-07,1.5272362490261666e-06,0.00016558348520860042,1.8928841192263346e-05,0.00030909647516051334,0.0006638557092887809,0.9171970620783447
15,6.50799903115987e-05,0.0004665629643136012,0.0024548615436440764,3.423541773552903e-07,0.0009678636346498729,2.971704231943374e-05,2.6309096021026273e-06,2.7923564274045084e-06,0.002959071755820424,4.317821294394464e-05,0.0033471031128640364,0.00021180437261509368,1.7901903348549725e-07,0.03840454767147921,0.00024318303652671064,7.0517186682947464e-06,0.0006657129893341784,1.250601566276413e-07,9.328753173224877e-08,1.1214484483487977e-06,6.016931313674183e-05,1.3119710787550689e-05,0.00020586825911505735,0.0004516896257840337,0.949396130610309
16,6.998022644839543e-05,0.0004813457333041061,0.0014975706451071458,2.6193070112710266e-07,0.0007277679843078076,1.8325438529522552e-05,2.251366775895457e-06,3.258274201376996e-06,0.002092102532499347,2.6400754927830604e-05,0.004331016125007,0.0003004752304570789,1.5443257552797058e-07,0.04135324415654992,0.00029608496904420675,5.088042063711795e-06,0.0005983059193409551,9.919576730977566e-08,8.623165554692935e-08,6.804226035609021e-07,4.5548576234516454e-05,1.9183964630258706e-05,0.00011098504742706218,0.000229973801927853,0.9477898089979129
17,9.737686790784277e-05,0.0005042415791339922,0.0031036258163866254,3.984798042680022e-07,0.0022120174286759005,2.5065634067644057e-05,4.491462003294661e-06,2.8586540147018173e-06,0.0034847707907407037,2.9090607674309182e-05,0.005430533597526961,0.000340954745748934,3.1005223343376536e-07,0.057621758159186534,0.00015492697065368444,5.0080052599255096e-06,0.000949775222119118,1.7528036432380853e-07,8.195128704866378e-08,1.3909361961506464e-06,0.00011577269357144353,1.7003794965703485e-05,0.00025771117570473357,0.0006947673746190296,0.9249458927201536
18,1.530755211113967e-05,0.0002250219886252118,0.0010814605527813418,9.52580444126922e-08,0.0003292012011752376,8.847245772939106e-06,1.227638506980506e-06,8.855933321249217e-07,0.0012142956290963048,1.8419758580581537e-05,0.00105541714327387,0.0001261672883925028,6.526136046402406e-08,0.02494216471666734,0.00013324405352102114,5.059287803686218e-06,0.0003918527360768589,3.102478782424504e-08,4.151526665903432e-08,5.621997220441154e-07,3.1123194994823904e-05,5.7603863735393495e-06,8.967134074953468e-05,0.00027585320126646503,0.9700482242317171
19,3.947725502601312e-05,0.0006025039226672304,0.0017617423145551575,6.066076335660138e-07,0.001281559046195351,4.377064671826553e-05,2.5934699758858167e-06,2.5231396435072617e-06,0.004827669662202826,6.618049279474135e-05,0.0021511420187176394,0.00021287394663184746,1.6778685093985262e-07,0.039839881559098914,0.0003354769565309607,7.521523914789627e-06,0.000512273870072019,9.058659192004576e-08,9.971543566934353e-08,1.3267442202641015e-06,3.49795674957004e-05,1.580104612314453e-05,0.00020208722905447874,0.0004927486678219164,0.9475649022240271
20,5.6646846459990594e-05,0.000587396578238206,0.0017311182934525834,3.405943407723964e-07,0.0008674240469317577,3.350317510583171e-05,2.5375516146643187e-06,3.906421743109437e-06,0.003433522632923538,5.533508084466192e-05,0.003843485594491641,0.00020576041014919112,2.1107850573747878e-07,0.04776165930895291,0.00037355986761823033,6.33696972583804e-06,0.0005368249178896913,1.0780570217630171e-07,1.2106851572673227e-07,1.2644927191317283e-06,5.371070671102506e-05,2.620746153133722e-05,0.00013794498628345506,0.0002861615549434629,0.9399949125546052
21,0.00010145865626729771,0.000486951753823514,0.005086684758158278,3.8904036938341794e-07,0.0010106527505466356,1.290412280191849e-05,2.5257083157241005e-06,3.6308336628806533e-06,0.002159229536739606,4.050910236426998e-05,0.003396648331736236,0.0003312617639220207,3.16021587809952e-07,0.06162520851084268,0.00012475922362020076,1.0347247106611927e-05,0.000965366603590445,2.240590114738187e-07,6.59684300194217e-08,1.7418133936047137e-06,9.491098267233703e-05,1.0525688515935224e-05,0.0002113670656479219,0.0007686599444628948,0.9235536605124104
22,0.0001693949588952152,0.0008519998033317981,0.00668303347568317,6.234137000470757e-07,0.0013108861704265115,4.231067810182095e-05,3.3145830689474915e-06,6.712102229568092e-06,0.0023614233850651717,9.419812836459953e-05,0.006672037051886145,0.00023640545047494448,3.8345026674982217e-07,0.06497447947770546,0.00023624973160977884,1.1106161090178376e-05,0.0021699352636119482,3.855248178134662e-07,1.6354361022445673e-07,2.0708006662692987e-06,0.0001723623471554946,2.155975409862778e-05,0.00041250107704514437,0.0005561772515948804,0.9130102864154994
23,6.50799903115987e-05,0.0004665629643136012,0.0024548615436440764,3.423541773552903e-07,0.0009678636346498729,2.971704231943374e-05,2.6309096021026273e-06,2.7923564274045084e-06,0.002959071755820424,4.317821294394464e-05,0.0033471031128640364,0.00021180437261509368,1.7901903348549725e-07,0.03840454767147921,0.00024318303652671064,7.0517186682947464e-06,0.0006657129893341784,1.250601566276413e-07,9.328753173224877e-08,1.1214484483487977e-06,6.016931313674183e-05,1.3119710787550689e-05,0.00020586825911505735,0.0004516896257840337,0.949396130610309
24,5.1003118409187247e-05,0.0008917019676456436,0.002220917848115655,7.042579091264828e-07,0.0012291222569095965,3.2482397788388836e-05,2.7499387906942994e-06,3.7220296464072173e-06,0.0032204766612913666,7.796600961784671e-05,0.0030587896386447557,0.00021283219336013803,1.9473857855657088e-07,0.05565031484102264,0.00030827734485177455,9.36145787025411e-06,0.0009401397323656132,1.8201311163639426e-07,1.7204024798837812e-07,1.3365800299528514e-06,7.943159038647569e-05,1.5369186801453024e-05,0.0002917177617067792,0.00047595578642554634,0.9312250786084725
25,0.00013817685823743568,0.0005520045534276351,0.00392672594316818,5.225470737559503e-07,0.00254978940672492,2.851257151746356e-05,7.713633180512401e-06,1.0722274589010384e-05,0.0028798826707370512,3.0858977684309645e-05,0.012274523465476693,0.0005301079142523081,3.778849170458764e-07,0.07615994289813338,0.00019616418417131912,7.1469438372941235e-06,0.0011895085597129484,4.170332419071443e-07,1.230107930689591e-07,1.961386959012795e-06,0.00018117262181814196,2.1961669443815146e-05,0.00024826125782001653,0.0004373063376623364,0.8986261153954205
26,0.000121683288665099,0.00043660465880529704,0.007814257263258548,9.565067667318863e-07,0.0021795596127468834,5.362364735425673e-05,3.4707236197484606e-06,2.299234496751415e-06,0.007132410990361544,9.866448019997905e-05,0.002581519718464205,0.00017314377314155857,3.466583028775674e-07,0.055739752766092804,0.00016186559302191263,1.1628485427956954e-05,0.0009190695553960832,3.7807203956870325e-07,9.522230446466779e-08,3.0756128867136665e-06,0.00010631681936407075,7.36944174072273e-06,0.0009198339864228881,0.0022507384819270065,0.9192813354071923
27,0.00019054204707757977,0.0010498960086752576,0.025753117669665742,8.323527436942214e-07,0.002397722236200319,8.505959936431002e-06,3.654090543275137e-06,5.795516118196051e-06,0.00038114897363526084,6.459132885235192e-05,0.009320222907950522,0.0002580189159117069,4.3226498779546634e-07,0.12613723567095778,6.315466536769615e-05,1.766545020021986e-05,0.016720257849647112,1.1707174477425001e-06,1.3066893913769877e-07,2.613386459435883e-06,0.0012504349511165695,3.797994547434272e-06,0.0012423322966191135,0.0009626539825347566,0.814164072093865
28,6.50799903115987e-05,0.0004665629643136012,0.0024548615436440764,3.423541773552903e-07,0.0009678636346498729,2.971704231943374e-05,2.6309096021026273e-06,2.7923564274045084e-06,0.002959071755820424,4.317821294394464e-05,0.0033471031128640364,0.00021180437261509368,1.7901903348549725e-07,0.03840454767147921,0.00024318303652671064,7.0517186682947464e-06,0.0006657129893341784,1.250601566276413e-07,9.328753173224877e-08,1.1214484483487977e-06,6.016931313674183e-05,1.3119710787550689e-05,0.00020586825911505735,0.0004516896257840337,0.949396130610309
29,6.50799903115987e-05,0.0004665629643136012,0.0024548615436440764,3.423541773552903e-07,0.0009678636346498729,2.971704231943374e-05,2.6309096021026273e-06,2.7923564274045084e-06,0.002959071755820424,4.317821294394464e-05,0.0033471031128640364,0.00021180437261509368,1.7901903348549725e-07,0.03840454767147921,0.00024318303652671064,7.0517186682947464e-06,0.0006657129893341784,1.250601566276413e-07,9.328753173224877e-08,1.1214484483487977e-06,6.016931313674183e-05,1.3119710787550689e-05,0.00020586825911505735,0.0004516896257840337,0.949396130610309
30,6.50799903115987e-05,0.0004665629643136012,0.0024548615436440764,3.423541773552903e-07,0.0009678636346498729,2.971704231943374e-05,2.6309096021026273e-06,2.7923564274045084e-06,0.002959071755820424,4.317821294394464e-05,0.0033471031128640364,0.00021180437261509368,1.7901903348549725e-07,0.03840454767147921,0.00024318303652671064,7.0517186682947464e-06,0.0006657129893341784,1.250601566276413e-07,9.328753173224877e-08,1.1214484483487977e-06,6.016931313674183e-05,1.3119710787550689e-05,0.00020586825911505735,0.0004516896257840337,0.949396130610309
31,1.131244821518736e-05,0.0001836779504976187,0.0002778979927621859,1.9336048591249678e-07,0.0023950290413354246,3.248784856450827e-05,1.9913048208641117e-06,3.5001358322882804e-07,0.005965241985635573,1.3136524898428477e-05,0.0025930449067076327,0.00012318458122056536,6.664581380180283e-08,0.021045811053042422,0.0005412301266042814,1.4473077244299837e-06,0.00014738469535932936,1.980470574738254e-08,7.067294162608432e-08,6.271432038108555e-07,1.899291155985399e-05,1.1560170029059332e-05,0.0001120434945357755,0.0004013670979740825,0.9661218309177787
32,6.209609984905537e-05,0.00048409970524930567,0.002338122967960714,3.7984484615274306e-07,0.0009865020688649526,3.3828531620180496e-05,2.8325438150099855e-06,2.923665394098377e-06,0.003048921926499704,4.861068473803266e-05,0.003341088210590061,0.00020169743817604623,1.864140119471895e-07,0.03698403607644827,0.00028610437973406025,7.972788638889588e-06,0.000701552816714731,1.332981773226816e-07,1.21993005504599e-07,1.1839994163217743e-06,6.717497049663956e-05,1.4048233451713607e-05,0.0002258944694227356,0.0004590120271918402,0.9507014748456868
33,0.00025347836778017574,0.0011894757394875315,0.0031290009604539744,7.203601792281459e-07,0.0018575493563475344,2.792320192573786e-05,6.3563253257524125e-06,1.1160605107267847e-05,0.0015353723871568215,2.8132807476552115e-05,0.013962206082243571,0.0010889794964278816,5.835905591812767e-07,0.045430988836118645,0.0002357281725474496,1.512665177580356e-05,0.0033010672195022293,3.6756797992936225e-07,1.9399731005577614e-07,1.3331731947098546e-06,0.00016982920253750988,4.5097432533880774e-05,0.00021919330499865279,0.0005187912545404204,0.9269713439064894
34,0.0014272416557075153,0.0003891591896488857,0.008757402840516274,1.1116462536740528e-06,0.004280886240494952,0.00010550162086368512,1.1716245961278128e-05,1.1460152184887546e-05,0.008671908977042802,5.526680725387737e-05,0.027012152776595588,0.0004375325572712045,1.1297033486123405e-06,0.038176386453414805,0.0007903502007601859,1.243972252758111e-05,0.0011271040771936986,1.2597709574479028e-06,5.053168078971602e-07,2.0748975655878364e-06,0.00028445225583225483,4.237454940297709e-05,0.0005790700797136845,0.0010387326315500506,0.9067827796311306
35,0.00019221384839690283,0.0006009317341840327,0.00377374442377841,4.846227179255155e-07,0.0008347319763385717,5.183994104122798e-05,4.580723738424063e-06,6.287448129852221e-06,0.0041891692779405685,6.086027673891891e-05,0.004778355166014046,0.0003912473755535438,3.749450699052089e-07,0.03454116614176423,0.00025075219847959027,1.5369817825828514e-05,0.0009521656838929676,3.0146937794588977e-07,1.7097707229827578e-07,1.289058759345442e-06,7.772221876145365e-05,2.6909684471197273e-05,0.00023749130282618898,0.000604622188373435,0.9484072174987531
36,7.409531144609358e-05,0.0008429692239763285,0.0021784200643208754,5.130719781591324e-07,0.0003671526747235321,3.8101878846166394e-05,3.2314528929717006e-06,9.255822269110704e-06,0.0037039727161738535,9.831417330966392e-05,0.0022768274924044748,0.00033233951264400756,2.4041974677739303e-07,0.05710838612823189,0.00033378793456098464,1.75589561350115e-05,0.0008891894491229442,1.8307481302993637e-07,1.649121514429942e-07,1.1885458007440543e-06,4.272815771972626e-05,3.7740201928304326e-05,0.00014668340529619262,0.00022162359213549667,0.9312753318273722
37,0.00014509495652512955,0.0004379874714412463,0.005680909598131195,4.581210883432976e-07,0.001980370452785985,2.436125170266667e-05,3.920438338228968e-06,2.5276734585269752e-06,0.004031712628842284,4.4655757407758526e-05,0.004076193627738508,0.00029179053538632663,4.47246125941842e-07,0.05136830490710024,0.00014568277706219042,8.467241153977794e-06,0.0008774760807849235,2.444339341101689e-07,8.318039156835062e-08,2.0463119419581203e-06,0.00011404991533692571,1.2561569364322739e-05,0.0003065542976324043,0.0012601209323254655,0.9291839785939998
38,0.00013134851004367425,0.0004328251141835952,0.003929586102727907,6.076238101562256e-07,0.0008450954157106584,0.00010936812774591347,7.421802646019234e-06,5.680107580533785e-06,0.0038691499531198956,8.72062658006041e-05,0.003906338960395279,0.00022351702469072864,3.7341687130477357e-07,0.024055086280084598,0.0005181591545226977,2.7232668204193616e-05,0.0011965391138206495,3.632346368895881e-07,3.5578618718775493e-07,2.2943108779823212e-06,0.00012287665963548863,1.9786606495321843e-05,0.0004942130119648285,0.0006537257298840817,0.9593608490183598
39,9.452555406119667e-05,0.0003889370458633356,0.0029622253579621623,3.098185611836025e-07,0.0006151660253758429,4.74571606371233e-05,5.0610455389236066e-06,7.221807061402153e-06,0.0018169193611528693,3.656330783430758e-05,0.004296816952495701,0.000350207421475552,2.317385732644029e-07,0.022749728836192713,0.0002359709536209433,1.710308871885318e-05,0.0012175957484043306,1.6026320553949091e-07,1.3691724143190698e-07,1.1907321340660825e-06,8.614912432732052e-05,2.004070778868097e-05,0.00020292542130005017,0.000372321905016619,0.9644750337054566
40,6.426148400613396e-05,0.000471303583273864,0.002474642606873445,3.529973156175166e-07,0.0009802966241647987,3.0105862073076204e-05,2.669106332348083e-06,2.821860739720466e-06,0.0030067702102911944,4.471193498912307e-05,0.003318756620639221,0.00020899363080212804,1.8011840011310565e-07,0.03891304770134239,0.00024376415652923518,7.265642073575011e-06,0.0006740909373586629,1.302642405663911e-07,9.70149709499157e-08,1.1508823359748198e-06,6.204939051865538e-05,1.2925237455368162e-05,0.00021458039458727222,0.0004651678664535841,0.9487998638722329
41,6.711187613575272e-05,0.00036297200049803773,0.0018457987237073643,6.630598582638074e-07,0.0017616821141890422,5.679554828251248e-05,2.4190692318338905e-06,2.46396117427687e-06,0.005273282045464375,4.652313820237928e-05,0.0034299695868735764,0.00020488003599670874,1.2461944700496162e-07,0.02560538435750822,0.0005845205870558746,5.9708952526912365e-06,0.00042024872643104137,8.536474713826359e-08,9.105871623316408e-08,9.645235256603458e-07,2.4928457675577313e-05,1.213176547528722e-05,0.00022062029476644103,0.0004539993698555694,0.9596163688199291
42,6.913398586257212e-05,0.00068738087145312,0.0014538402264529494,3.5695327626172556e-07,0.0007330410019066454,5.697631578421879e-05,3.587082240482367e-06,5.847656866097434e-06,0.0030591889153933688,5.47684619894441e-05,0.0038909262240640896,0.0002840090045264587,2.5224065816945603e-07,0.02345866554378808,0.00047225528021744407,1.3504696820024963e-05,0.0008705821081078738,8.186913640640966e-08,2.0227618390795733e-07,1.040012219083759e-06,5.116473897605141e-05,4.9140087736440665e-05,0.0001103227976172041,0.0002722715193891676,0.9644014601293345
43,5.6238566660125296e-05,0.000533167979644303,0.002952757559311883,6.280228559933183e-07,0.0010139492085078595,9.895256755385311e-05,3.31912171581882e-06,5.096403921099814e-06,0.005409815405752086,0.00014947518743953266,0.0030373011306835153,0.00012072965901976221,2.379448807022106e-07,0.04137596903591847,0.0005019879214085288,1.2377468923018242e-05,0.0006492015220090289,1.8430115405832317e-07,2.365880978090617e-07,2.2691978552360047e-06,8.13117734542621e-05,2.2769757090113832e-05,0.0003309553580462226,0.0004897634145459719,0.9431513049035508
44,6.50799903115987e-05,0.0004665629643136012,0.0024548615436440764,3.423541773552903e-07,0.0009678636346498729,2.971704231943374e-05,2.6309096021026273e-06,2.7923564274045084e-06,0.002959071755820424,4.317821294394464e-05,0.0033471031128640364,0.00021180437261509368,1.7901903348549725e-07,0.03840454767147921,0.00024318303652671064,7.0517186682947464e-06,0.0006657129893341784,1.250601566276413e-07,9.328753173224877e-08,1.1214484483487977e-06,6.016931313674183e-05,1.3119710787550689e-05,0.00020586825911505735,0.0004516896257840337,0.949396130610309
45,5.7536084223191544e-05,0.00030672802000129655,0.001184337793456759,8.349110242786923e-07,0.002126756545790634,0.00011529836881282209,8.28149378403264e-06,5.003061370984291e-06,0.007537685319821357,4.449885505722675e-05,0.004004960114822455,0.00029419083961068203,2.1093638469880882e-07,0.017441068511227845,0.0011890167656301038,1.4613873903541014e-05,0.0003928493602733172,1.1919060094451542e-07,2.498035055464004e-07,1.77229098342012e-06,3.458398942403628e-05,2.2464036627983047e-05,0.00022351211259741583,0.0004362904623859721,0.9645571372586794
46,0.00017464835351476053,0.0009750170623601264,0.0021135047624490145,5.007892973261154e-07,0.0008939321741259633,3.2014277435201374e-05,2.6304257570611723e-06,4.710614557385093e-06,0.0007588588171250671,2.160567937642049e-05,0.005874418157603386,0.0006319102503784642,2.2123793001315132e-07,0.01641337498684609,0.00031683816898046065,1.3040438605812054e-05,0.004432826212160313,7.423193629815084e-08,9.319647265518615e-08,5.627993018016207e-07,5.024683737050845e-05,3.41769927587208e-05,0.00017834679486928822,0.00030240893364493355,0.9667740378051429
47,7.371402467174638e-05,0.0005426503753997682,0.002005407068802501,2.5314605141437866e-07,0.0006478251544002058,2.447757274384172e-05,2.2898888729968758e-06,2.79704493768193e-06,0.002344412979174089,3.464045639519181e-05,0.0029991545819137307,0.00027476796621922673,1.8474295418025922e-07,0.028327220711577474,0.00022452303989993044,7.943853037624397e-06,0.0006778404580198085,8.434004695191518e-08,7.775141808066334e-08,8.287798387105514e-07,3.9608474174123005e-05,1.7711865565592352e-05,0.00012136188257120258,0.00036234335709881975,0.961267880484215
48,8.77712200378915e-05,0.002344045398698478,0.0026265791289949666,9.048576769381309e-07,0.000686263021811368,4.0768317621957e-05,2.6805840327517687e-06,6.886100466292097e-06,0.0014948775676640945,0.00011032102425758648,0.0030970542840359763,0.00031039128014818306,2.2673966086982453e-07,0.04369846542531085,0.0003604504479299857,1.814651620987325e-05,0.0038573592282876786,1.570753773356382e-07,2.3194290952602563e-07,9.418895147506727e-07,7.993891244387226e-05,3.2277004508228334e-05,0.0003045986164508283,0.00028190568418458853,0.9405567577317651
49,8.19940709821786e-05,0.0004535804045306837,0.00317718090944014,3.6669578466238175e-07,0.0009746305419942831,3.988445910919162e-05,3.0917497873271405e-06,3.207128058477572e-06,0.0032994909514331454,4.339120305868118e-05,0.0035111284453873117,0.0002749986084829706,2.2464612588840383e-07,0.036409517723379387,0.00020620456679458946,7.717316260427095e-06,0.000690112744804391,1.2705408793118566e-07,7.247756231391772e-08,1.3246478749252922e-06,5.451720345670217e-05,1.4678151301936131e-05,0.00021172746957611152,0.000512985826639287,0.950027845004087
50,4.2053120006203067e-05,0.0005846759638801954,0.002252033826829677,2.929789741032975e-07,0.0007584000350824486,2.7287343994265505e-05,2.952101184024081e-06,3.6543938067812395e-06,0.003588566383172658,7.17679025337782e-05,0.0024725122058326253,0.00016714929749842583,1.9832147588896785e-07,0.05200594161751453,0.0002592741940796646,6.85931049721038e-06,0.00048652874661163966,1.045912631644797e-07,1.2883308454472748e-07,1.1971208443464335e-06,6.553421614752039e-05,1.8335054114638673e-05,0.00013357386735900613,0.0002976115973858618,0.9367533669768269
51,5.9555805860490644e-05,0.0008161661464344011,0.0021146443285919633,4.5063595291510565e-07,0.0008780122244633807,2.5024042684018947e-05,2.114052299649224e-06,3.775421575429583e-06,0.002733280998707481,5.558845175581236e-05,0.00326185373173893,0.00024962682188470924,1.8197089151167004e-07,0.04898051614467314,0.0002826589781701199,7.1684274824723e-06,0.0006959966504705744,1.1463818601560945e-07,1.0208168981048882e-07,1.0084133753744818e-06,4.981716633905787e-05,1.775471203313871e-05,0.00015531981168059498,0.00032414009724528344,0.9392851282458138
52,0.00024750155180860875,0.0007986043958892148,0.0067663254891968255,2.305235419017961e-06,0.00098452405406886,0.00017332487059926145,3.5713839569536325e-06,1.726350880165246e-05,0.01160280272315508,0.000681783421873138,0.005576817370417237,0.00017151379928588944,7.825381913920314e-07,0.08703994173498816,0.0011166778181400828,4.023846201246051e-05,0.0008377143505478749,1.7172309061267917e-06,7.749089043978899e-07,7.095877410002552e-06,0.00010236658867246932,4.729798272276661e-05,0.0006587502659308762,0.0008652370076138085,0.8822550674294879
53,3.7587158064004944e-05,0.00022624129262136086,0.0012428924235453399,1.9589159212907185e-07,0.0006953427797335239,3.134156928890168e-05,4.736633608148364e-06,2.391538710423199e-06,0.003080936861484144,1.7565841449827325e-05,0.002669632010839598,0.0002646312764238059,1.1208796682730257e-07,0.02569226891230747,0.00023563731297889255,6.01751308783698e-06,0.0003749608467773815,7.732022585390106e-08,6.28361900378252e-08,8.457432262098779e-07,3.696531351863549e-05,9.602239529418046e-06,0.000164897213599675,0.0002880261680517755,0.9649170312151789
54,8.000366181730074e-06,0.00026631323232864917,0.0006172522414800427,6.715523708382686e-08,0.00018451006008498005,4.998163918360601e-06,6.02327991413821e-07,5.875938301255697e-07,0.0014221437428106039,1.723713345191662e-05,0.0005026998232357817,0.00011639679221589271,3.535372346442276e-08,0.022495284997802956,0.00013464593786344432,3.455273064189684e-06,0.00014669354472712827,1.0909698236039036e-08,1.8627588429409547e-08,3.3266715452994974e-07,7.392705731537547e-06,4.454099401651979e-06,3.294479449376528e-05,0.0001573424251208827,0.9738765800308633
55,6.308078699122577e-05,0.00039167973172452237,0.0021691721278073216,3.3477862893246065e-07,0.0010757239696115046,2.8912139649040992e-05,3.0528703171756283e-06,2.4812541081934113e-06,0.0033221272419515706,3.312055212919671e-05,0.003281583582637837,0.00025597796095347603,1.759028002193069e-07,0.03419285791452435,0.00022393683215761904,6.761701033911098e-06,0.0005528982444534091,1.1745335144050219e-07,8.422745108038204e-08,1.0386494644322496e-06,5.3065219070679275e-05,1.1820360013302946e-05,0.00019615816221843027,0.0005114856906339586,0.9536223526463171
56,6.893226426990324e-05,0.0004754188894889985,0.002497419347632361,3.4603968249269477e-07,0.0009831595962745045,3.00357395420555e-05,2.742903459289583e-06,2.8792084334612457e-06,0.003007274839407797,4.298100636448479e-05,0.0034712440436477257,0.00022366004514103025,1.939923167111397e-07,0.03883412952425328,0.00024292966435337127,7.117145585873978e-06,0.0006718361854166176,1.2943553078905075e-07,9.560057747788484e-08,1.1637418192423973e-06,6.221567638610496e-05,1.3979153806470736e-05,0.00020544617944602157,0.00046621007714046274,0.9486884597000235
57,4.981858741224445e-05,0.0005946114689004262,0.0019775906992230263,2.734631344469525e-07,0.000787714920605965,2.206189825127531e-05,2.9910929333097105e-06,2.982291250672472e-06,0.0022515374778061623,4.1508830933910156e-05,0.0030694011900378455,0.000236391143483747,2.1204396299587547e-07,0.033070124302941456,0.00022387189974076494,9.393784520721384e-06,0.0007410768518116202,1.0991923652453233e-07,1.6267945882302228e-07,9.509124220869213e-07,8.727322174690216e-05,1.6497185837288153e-05,0.00014085372749156363,0.0004113241811675734,0.9562612662256885
58,5.6094487596293286e-05,0.0004062320053691284,0.0024036039419039422,3.4397011460785897e-07,0.001127826791178408,2.854846112241875e-05,2.63409261646787e-06,2.045440110716497e-06,0.003269065893860949,4.035698288271139e-05,0.00288834246696394,0.00020097179933130087,1.9037517954058283e-07,0.034636107983855274,0.0002247676279513337,7.214599123821974e-06,0.0005792283210275406,1.1634670776494177e-07,9.075875609354959e-08,1.3007852622869868e-06,6.133520377099259e-05,1.0764736629814523e-05,0.00022745666838068008,0.0006548580619229439,0.9531705021983811
59,5.3796520925156396e-05,0.0004185349149099322,0.002745798337647427,3.22224050355466e-07,0.0010337928317834628,2.6230595061887773e-05,2.414302339042316e-06,2.0890293359065027e-06,0.003023543339910916,4.4474935288995396e-05,0.0026661231168441323,0.00018356142557554835,1.852903676219054e-07,0.037431633693531044,0.0001965431626116131,7.397428083528994e-06,0.0006128038573778288,1.163359363659489e-07,8.261786585132431e-08,1.3356761808108072e-06,6.42122134721887e-05,1.008202852723087e-05,0.0002211528839038905,0.0006370936544999725,0.9506166795839692
60,6.50799903115987e-05,0.0004665629643136012,0.0024548615436440764,3.423541773552903e-07,0.0009678636346498729,2.971704231943374e-05,2.6309096021026273e-06,2.7923564274045084e-06,0.002959071755820424,4.317821294394464e-05,0.0033471031128640364,0.00021180437261509368,1.7901903348549725e-07,0.03840454767147921,0.00024318303652671064,7.0517186682947464e-06,0.0006657129893341784,1.250601566276413e-07,9.328753173224877e-08,1.1214484483487977e-06,6.016931313674183e-05,1.3119710787550689e-05,0.00020586825911505735,0.0004516896257840337,0.949396130610309
61,6.142409109072014e-05,0.00040834140017931823,0.0030812043790006765,3.4173348167700316e-07,0.0011221313608961922,2.8283524574356958e-05,2.6085884414947907e-06,2.2225330115664e-06,0.0034267573222876223,4.737984121213475e-05,0.0028215840392846565,0.00018676695911230476,2.0406606943093617e-07,0.03920042945272667,0.0001923931702259809,7.39127617193376e-06,0.0005949349972635454,1.3076585776536865e-07,8.535546245373536e-08,1.4006709705977557e-06,6.936312114292984e-05,1.0337041909520196e-05,0.00023651674462840888,0.0006979332902239076,0.9477998342747741
62,6.50799903115987e-05,0.0004665629643136012,0.0024548615436440764,3.423541773552903e-07,0.0009678636346498729,2.971704231943374e-05,2.6309096021026273e-06,2.7923564274045084e-06,0.002959071755820424,4.317821294394464e-05,0.0033471031128640364,0.00021180437261509368,1.7901903348549725e-07,0.03840454767147921,0.00024318303652671064,7.0517186682947464e-06,0.0006657129893341784,1.250601566276413e-07,9.328753173224877e-08,1.1214484483487977e-06,6.016931313674183e-05,1.3119710787550689e-05,0.00020586825911505735,0.0004516896257840337,0.949396130610309
63,5.9451504661117404e-05,0.0005619629737620436,0.0022355139158635753,3.450842415812566e-07,0.000863651134500676,2.7262520812164684e-05,2.3154218274717596e-06,2.816338615876114e-06,0.0027139520818938866,4.6389327691213905e-05,0.003075096991362181,0.00021172775446116825,1.7319281858596787e-07,0.038486937204377895,0.00024706128304577185,7.297076702689192e-06,0.0006922343518641088,1.1203721157753021e-07,9.610523915236476e-08,1.0483215137674205e-06,5.51900129994809e-05,1.4134634292824946e-05,0.0001847171802137324,0.00041418028111514895,0.9500963332689124
64,6.810697728690249e-05,0.0004887179610149023,0.0031143388663695372,3.366642820301762e-07,0.0010880249195595402,2.669671384297102e-05,3.1669753256591637e-06,2.9816932471521537e-06,0.0026485756348888817,4.480963566689482e-05,0.0036393761317698426,0.00020444382010744163,2.217238481547614e-07,0.044476538794817014,0.00020544127059075103,7.725208972696775e-06,0.0008347374003283239,1.5951458186348725e-07,1.1310100063660486e-07,1.3194532340475027e-06,0.00010363006692096845,1.2648519848383256e-05,0.00024093445170284935,0.0005202139832418204,0.9422667405175508
65,0.0002763948850972699,0.00039246377684961774,0.0023455169765474967,1.7652845620137645e-06,0.003829671459091243,0.0002776970968503359,1.556513445500045e-05,8.819197191313191e-06,0.0031672679322559496,3.6209010040801746e-05,0.01853313355417078,0.00045447422943251526,2.8729263461019025e-07,0.01506007644730633,0.001274560925849335,1.9214148065241582e-05,0.003111821301959888,5.812743289992082e-07,6.948016754455769e-07,1.3467929261566477e-06,0.0001936170619393502,2.4759738444833915e-05,0.0013090951528300881,0.000620879889399868,0.9490440866360955
66,7.947495533091655e-05,0.00047947153155305036,0.003077857292311062,3.4935897372695224e-07,0.00106471718831699,2.9605787267972498e-05,2.947707148169522e-06,3.3502826284185317e-06,0.003148623328826537,4.6618073247075384e-05,0.003837255099478723,0.00022925546315809693,2.2239296578334828e-07,0.043061767749858856,0.00023068042687613647,7.400033596953734e-06,0.000678528784210649,1.5009584658469707e-07,9.311527176952556e-08,1.3208788139795526e-06,6.934351157442138e-05,1.4351981025869584e-05,0.00019731870083098307,0.0004749891852811278,0.9432643070756062
67,4.550178279258468e-05,0.0004899104975613262,0.001007833386378754,2.4080892162847997e-07,0.0008124301949800915,2.5745704645693928e-05,2.281225659213137e-06,2.350305089321049e-06,0.0035242089027508338,2.8518246896126408e-05,0.0029639604940635677,0.00026001930644348133,1.2807050355156716e-07,0.02704472572708095,0.00032496369018995857,5.219094728061262e-06,0.00035971760608500175,5.303110472696359e-08,8.020587321777292e-08,6.084060121192825e-07,2.458436625187853e-05,1.9966880551267764e-05,8.000020832631813e-05,0.0002600201966061195,0.9627169316605042
68,7.73205931393936e-05,0.0005417130204222637,0.002465458543097644,3.753931371570227e-07,0.0009918825341733728,3.261335213114286e-05,2.9502687040807298e-06,3.4934707466226616e-06,0.0027879317099824075,4.5584779456107334e-05,0.00393987394391179,0.00023152156709131374,2.0330464374120355e-07,0.037026565469835196,0.0002778054876428763,8.324918702157e-06,0.0008199908541642256,1.423273630173958e-07,1.1974246985052346e-07,1.1251198819889127e-06,7.021928038116299e-05,1.6409161000398606e-05,0.00020910854273819147,0.0004273401142381708,0.9500219265009456
69,5.0537151335629034e-05,0.0003445780576709605,0.005293576714464187,3.576322871440937e-07,0.0007951078953556508,2.584405004773951e-05,3.451780431311705e-06,3.7367459158616446e-06,0.0030841638134106683,7.404428079725726e-05,0.0023057227456182165,0.00015634747338697503,2.4458220270543395e-07,0.06690119522256023,0.00014480544311789865,1.0385075055419448e-05,0.0006286106383968525,2.5362332480074864e-07,1.0128834187356385e-07,2.373705616916337e-06,0.00013294702821705997,7.827098844905722e-06,0.00032791670699253454,0.0006541718255410261,0.9190516994210661
70,6.160007742985367e-05,0.0004053475614024689,0.0023891428241154277,3.9138856839608066e-07,0.00129236838634707,3.248617436072207e-05,2.842688426012769e-06,2.520963756196423e-06,0.0035352096231764346,3.8204997413677796e-05,0.003442452903971075,0.00021149911378360757,1.6113596822309809e-07,0.03905848500217982,0.0002621170446236661,5.60958811144337e-06,0.0005705266672883203,1.1482185066720672e-07,8.038598331208275e-08,1.117051731845458e-06,5.4086501084678325e-05,1.1297737808589444e-05,0.0002296964895321073,0.0004672688739686591,0.9479253719971177
71,2.1392570012741368e-05,0.0004170195836380162,0.002703807666528476,2.8623370125151497e-07,0.0014357055822320937,1.556533155964948e-05,3.6046302029634587e-06,1.946499073014833e-06,0.005225975353244278,5.210650142251943e-05,0.0016650701836999748,0.00013116504831854725,1.7221820513908036e-07,0.08720200612727454,0.00011032988413484297,5.394111004585398e-06,0.0003374069104094034,1.5090338394279958e-07,7.24576996044764e-08,2.0794169319155254e-06,0.00010044251039219205,6.290418343659203e-06,0.00022508140946721523,0.0006921990239061311,0.8996447294252133
