,0,1,2,3,4,5,6,7,8,9,10,11,12,13,14,15,16,17,18,19,20,21,22,23,24
0,0.0006430235816025754,0.013001237633845406,5.845407600290859e-05,1.9670570159561166e-06,0.0007019658810388473,0.00011020137336525367,2.713032319124283e-05,8.421102786833059e-05,0.003157442984097582,1.8115512077153726e-05,0.042591713648079524,0.0047078306797612305,1.5115422015034202e-06,0.002393965837493619,0.030244938714145266,8.25301905686862e-05,0.0023213657828222573,4.1371585461164975e-08,1.4193083248161068e-05,1.2250372708434586e-07,1.2416898056292164e-05,0.006958943547956689,5.8300065298186145e-06,3.270615350097424e-05,0.8928281405902181
1,0.00027748979959379126,0.006952582149126843,4.594116292586351e-05,1.0923093549375295e-06,0.0003125799592387186,0.00019709697073742503,2.241037895997591e-05,7.186123387167999e-05,0.009964617612671405,4.8415889503458517e-05,0.02098726522834604,0.001731784926221286,1.3045016551164288e-06,0.0033852704017271348,0.03355508099366779,7.335458251612726e-05,0.0004827445724929376,4.5230188630092876e-08,2.0503871054537388e-05,1.8714146650730637e-07,9.711658234401485e-06,0.007336392816865385,4.955661007398765e-06,2.8061176838956714e-05,0.9144892497717336
2,0.00028449193787506233,0.007512509031767417,3.336432013960582e-05,9.19491418248842e-07,0.000306385249255923,0.00014362080687537634,1.7005200759643407e-05,6.432758381464617e-05,0.006325149357681229,2.9121444283297825e-05,0.025810346914903436,0.002117412609845009,1.0071457215697891e-06,0.0031340333404001226,0.034444836482628215,4.917559798995877e-05,0.0005649612342315513,2.9102756039428498e-08,1.3153238119173457e-05,1.265149040959087e-07,7.038699867279182e-06,0.0080607541586499,3.650531026175421e-06,1.8847647980531853e-05,0.9110577323571064
3,0.00032981734083147843,0.008133439594010231,3.5656832334402083e-05,1.0055268615071566e-06,0.00031747851903274587,0.00015623171825828242,1.8473793426094795e-05,6.831007458719219e-05,0.0063847820288064315,2.9834201270224123e-05,0.028132405689334745,0.0022610079300783986,1.1263853273334762e-06,0.003048676279630172,0.034803863399582836,5.2139946001737445e-05,0.0006334449768040639,3.190914107722944e-08,1.4527481324468827e-05,1.2663355709671147e-07,7.638610294967242e-06,0.00872995193684286,3.9103743853330995e-06,2.0084229693436827e-05,0.906816034588583
4,0.000335434839609694,0.008829011662218143,3.880387276704893e-05,1.0514150566435288e-06,0.0003416709395502272,0.0001437390826815195,2.001645591925604e-05,7.203974180595304e-05,0.006880173968647785,3.214824347809663e-05,0.02910725172922544,0.0023422358500594935,1.3573160815000439e-06,0.00365887206206947,0.032458161805898285,5.134573553663063e-05,0.0006290377045030445,3.714330137717978e-08,1.563993973407833e-05,1.4892191684349717e-07,9.033183625336295e-06,0.009431067275599184,3.971585050449378e-06,2.2194586591565294e-05,0.9055755549390729
5,0.00041801791510596905,0.009701032368119167,5.153539464460499e-05,1.6535801634020714e-06,0.0004483690071945281,0.00019602715377571353,2.3115633381412353e-05,8.203841747132295e-05,0.008207649127209737,4.4121963070494453e-05,0.031779109969283126,0.0023786752818701854,1.5896443547636417e-06,0.004125100470733012,0.034990463692036754,6.351341011150003e-05,0.0007715537913962394,5.958125208192313e-08,1.9143536154726193e-05,1.9483307003276355e-07,1.122101159196016e-05,0.008608797182838796,6.412985729386662e-06,3.047437391775907e-05,0.8980401296755234
6,0.00032981734083147843,0.008133439594010231,3.5656832334402083e-05,1.0055268615071566e-06,0.00031747851903274587,0.00015623171825828242,1.8473793426094795e-05,6.831007458719219e-05,0.0063847820288064315,2.9834201270224123e-05,0.028132405689334745,0.0022610079300783986,1.1263853273334762e-06,0.003048676279630172,0.034803863399582836,5.2139946001737445e-05,0.0006334449768040639,3.190914107722944e-08,1.4527481324468827e-05,1.2663355709671147e-07,7.638610294967242e-06,0.00872995193684286,3.9103743853330995e-06,2.0084229693436827e-05,0.906816034588583
7,0.0018318880203516182,0.01370438412498336,8.255168149114401e-05,1.8404917751391568e-06,0.0004718855711636324,0.0002719210375148923,4.521976037399252e-05,0.0001856408638868072,0.007955902814138558,4.038264623631979e-05,0.10013847399844235,0.0038126863882793007,5.34664824947593e-06,0.0032643092356264025,0.053461449672406826,6.758304992805466e-05,0.0010592017481574256,9.826081629347597e-08,3.605439986911228e-05,2.148053662581678e-07,1.679479776806395e-05,0.026214174160188543,4.302442539087053e-06,2.4573395675301348e-05,0.787303119984772
8,0.0002584919417974036,0.005507816207325636,5.4634089959897725e-05,7.744365530634052e-07,0.00021408785265843264,8.078297959905865e-05,5.49231343643853e-06,2.4565442762799822e-05,0.004466688990292982,2.873716428945957e-05,0.010316850003162863,0.001529871438319486,6.052440623303905e-07,0.002513911881313413,0.01754432803829745,4.468421136726879e-05,0.000528535683269033,1.5420947419239777e-08,3.698876900758418e-06,1.0682830114240638e-07,3.253325919570355e-06,0.002809538674387932,4.288630501663802e-06,3.4558179073748584e-05,0.9540236821455007
9,0.00011874871310567852,0.006288280518213952,4.99547998352129e-05,7.017992394841469e-07,0.0001668627770453199,6.687538710145245e-05,5.587089271001452e-06,2.926973850913487e-05,0.005044396520049258,4.8455834054494e-05,0.007063325036679004,0.0011213549570514032,5.805702278421142e-07,0.0037043615030274593,0.015347940741197991,5.915349175720934e-05,0.00041249830156908705,1.843174926064993e-08,5.476443976949056e-06,1.5280341880493817e-07,4.3971498628294405e-06,0.0025413809232062586,3.85416885237558e-06,3.264046611469758e-05,0.9578837318348838
10,0.00032981734083147843,0.008133439594010231,3.5656832334402083e-05,1.0055268615071566e-06,0.00031747851903274587,0.00015623171825828242,1.8473793426094795e-05,6.831007458719219e-05,0.0063847820288064315,2.9834201270224123e-05,0.028132405689334745,0.0022610079300783986,1.1263853273334762e-06,0.003048676279630172,0.034803863399582836,5.2139946001737445e-05,0.0006334449768040639,3.190914107722944e-08,1.4527481324468827e-05,1.2663355709671147e-07,7.638610294967242e-06,0.00872995193684286,3.9103743853330995e-06,2.0084229693436827e-05,0.906816034588583
11,0.00036350671029529696,0.008473802617130266,3.756882980144868e-05,1.0864930055873068e-06,0.0003363219874110439,0.000155987648936596,2.0376957674079388e-05,7.081590246038351e-05,0.006601454469867959,2.9871626939655307e-05,0.029648061363747213,0.002444812191093883,1.3572698579286625e-06,0.003069184232206518,0.03541709618108298,5.516301430768608e-05,0.0006524351505039695,3.4667774505435125e-08,1.572621524165579e-05,1.417743350810862e-07,8.154456763943538e-06,0.009548666513777388,3.959099590826728e-06,2.2621759964096562e-05,0.9030217928662301
12,0.00022034460032773628,0.004412983753711886,3.759186012984053e-05,4.848011823374042e-07,0.0005253945135647734,0.00010876540745215091,1.164538660485058e-05,3.179053175723261e-05,0.005469461910829791,1.798770433960268e-05,0.02376950886806905,0.0017810226429859212,5.782097342064957e-07,0.00344818277329474,0.01691204323633975,2.4683712355711386e-05,0.0005425902681745802,2.0249721571521366e-08,4.426402882627932e-06,1.18879642731684e-07,7.0324484280158934e-06,0.004303534870747733,3.970007056401992e-06,2.2038320929446394e-05,0.9383437986397373
13,0.00024324647600369292,0.0054310608903937845,1.604756367405905e-05,3.477829011273645e-07,0.00022686868941721464,4.758803758232322e-05,1.2060565195744344e-05,7.314820966332137e-05,0.0028344376744331642,8.023048739287487e-06,0.04682269598468882,0.003390907775357518,6.908980549261826e-07,0.002983680496297844,0.030352317153653344,2.1770409523020428e-05,0.0003922881231152402,1.3582915832533566e-08,6.943842476633954e-06,5.886346825719752e-08,4.8354357939841126e-06,0.010616188680642338,9.77640461170161e-07,6.486785802258299e-06,0.8965073153897452
14,0.0004321448039716686,0.01863752719978158,4.558837956120099e-05,1.8531874920466834e-06,0.0007223431370260852,0.00015488536752321106,2.44900566352478e-05,7.829982821449037e-05,0.006949172968611272,4.3186758896127055e-05,0.051805350689286635,0.002422136850269995,2.120653811403566e-06,0.004825532954592953,0.035673012454220145,4.7195708032934824e-05,0.0010950869255756412,5.905728611723848e-08,2.9760552357110798e-05,1.721829933313979e-07,1.8719548398309597e-05,0.01225488628233685,5.445230228131742e-06,3.0362004219382017e-05,0.864700667218678
15,0.00032981734083147843,0.008133439594010231,3.5656832334402083e-05,1.0055268615071566e-06,0.00031747851903274587,0.00015623171825828242,1.8473793426094795e-05,6.831007458719219e-05,0.0063847820288064315,2.9834201270224123e-05,0.028132405689334745,0.0022610079300783986,1.1263853273334762e-06,0.003048676279630172,0.034803863399582836,5.2139946001737445e-05,0.0006334449768040639,3.190914107722944e-08,1.4527481324468827e-05,1.2663355709671147e-07,7.638610294967242e-06,0.00872995193684286,3.9103743853330995e-06,2.0084229693436827e-05,0.906816034588583
16,0.00032601352688777115,0.008222523505951538,2.151621374386162e-05,7.436223404001013e-07,0.00022542277943766976,9.457771630044513e-05,1.5151920561159937e-05,8.201716355740595e-05,0.004333402076595191,1.890699395724525e-05,0.03436441560659615,0.0029945105749810534,9.356439776225515e-07,0.003190843792654564,0.04113597812027476,4.005160618866021e-05,0.0005696965785001505,2.4790531853722356e-08,1.3361576087264909e-05,7.954177463577185e-08,5.661435414900089e-06,0.012452837407562286,2.042554557841098e-06,9.947527839598549e-06,0.8918793377237259
17,0.0004200538815502435,0.007737222233231553,4.2235735572534027e-05,7.797813961153467e-07,0.000555500245536884,0.00011136344149705782,2.4893897327050863e-05,5.883514457774045e-05,0.006364331798837816,1.7068693260298343e-05,0.03984766278818682,0.003283115792986004,1.3742342950302303e-06,0.004179025032785794,0.01846165930229286,3.26278561237973e-05,0.0007938733024796865,3.7980566510096795e-08,9.501473294224758e-06,1.303808577845622e-07,1.2150064240813987e-05,0.00879394462573306,4.182611618643762e-06,2.5987551534299223e-05,0.9092224421502173
18,7.781041500055936e-05,0.003383307503822848,1.6267769767406628e-05,1.8066381736016503e-07,0.00010173181299559243,4.401061384289653e-05,6.897320057619551e-06,2.0306498350164102e-05,0.0023770470745643896,1.1041439763317929e-05,0.008873462773298639,0.00139274389206094,2.874486581573532e-07,0.0020018397001665784,0.014643385741330823,3.179612613275342e-05,0.00034427436893892806,7.658766166011785e-09,4.3022690046559754e-06,5.456630442836289e-08,3.727641558894106e-06,0.003087924999308348,1.5934557213667285e-06,1.0480317317674413e-05,0.9635655179294494
19,0.0002100933313529172,0.010527589378012367,2.757474586613746e-05,1.8200680586094054e-06,0.0004278922460665367,0.000225818274923533,1.8781658326673433e-05,5.8087557670074915e-05,0.010381717440051239,4.547227008929206e-05,0.018125723670667695,0.0021976025228409436,1.0945263871193317e-06,0.003222706732286996,0.046620846515489145,5.437654841723376e-05,0.0005056345309425218,2.4649886854681306e-08,1.570943091775326e-05,1.523741907817142e-07,4.806941072562567e-06,0.009760693629057097,4.206395198028119e-06,2.3492065983915653e-05,0.8975380824962439
20,0.00028841340480266725,0.010465512516207861,2.4383324219425718e-05,1.0960354242961495e-06,0.00027079292142230874,0.0001721904664260928,1.9072589522065614e-05,9.843028094904455e-05,0.007278930737506779,3.735778202191246e-05,0.03296185689668199,0.002153586251737228,1.44173574142399e-06,0.0035968322629070615,0.054647591409214075,4.836555162933189e-05,0.0005175840528541289,2.87422359454537e-08,2.156855159748238e-05,1.42228669411187e-07,6.83570041776574e-06,0.018156706740945636,2.591826226420233e-06,1.3151002033130239e-05,0.8692155369886065
21,0.0005095726017473792,0.00749604318407365,7.707906032072712e-05,8.200717245896355e-07,0.00030534608381019193,6.401694532963441e-05,1.547891993869621e-05,6.692695678989207e-05,0.004511725664883108,2.3645207186123213e-05,0.02718954850891473,0.0033335560689107353,1.4886304158715733e-06,0.004852176362540472,0.014913438596704,5.983376409014778e-05,0.0008344800660592445,5.5055525824688983e-08,7.682372329648772e-06,1.669966790118357e-07,1.1435650951025098e-05,0.005169189257870934,4.288628240128409e-06,3.355963190219565e-05,0.9305184457130622
22,0.0007559653253117862,0.012669603408970179,8.197901093949515e-05,1.447229701032773e-06,0.00038865603494348135,0.0002113165197117766,1.943248497150934e-05,0.00014862986893480863,0.00491575824954032,5.731861566459091e-05,0.05261166522078239,0.002440496627712578,1.8911432955858489e-06,0.0047694930704596855,0.03244197447360177,7.263180061132791e-05,0.0017172731709076676,8.247157507583197e-08,2.115118652520183e-05,2.0080125955240539e-07,1.8086025000182638e-05,0.013215421556267221,6.802612237289272e-06,2.1133851954518423e-05,0.8734115892391209
23,0.00032981734083147843,0.008133439594010231,3.5656832334402083e-05,1.0055268615071566e-06,0.00031747851903274587,0.00015623171825828242,1.8473793426094795e-05,6.831007458719219e-05,0.0063847820288064315,2.9834201270224123e-05,0.028132405689334745,0.0022610079300783986,1.1263853273334762e-06,0.003048676279630172,0.034803863399582836,5.2139946001737445e-05,0.0006334449768040639,3.190914107722944e-08,1.4527481324468827e-05,1.2663355709671147e-07,7.638610294967242e-06,0.00872995193684286,3.9103743853330995e-06,2.0084229693436827e-05,0.906816034588583
24,0.0002725658382159748,0.016474098333208963,3.304145357561934e-05,2.190521255110584e-06,0.0003819607404608934,0.0001626577874390676,2.076721073074983e-05,8.852236824096693e-05,0.006971440449966633,5.122749315141418e-05,0.02616681724562555,0.0023472056409556182,1.4094909697860027e-06,0.004256835920921992,0.04514409636815691,6.734164172288667e-05,0.0008674099254199003,4.406425171532059e-08,2.7900575995220457e-05,1.4854121227682626e-07,9.646827805994136e-06,0.01092158842387751,5.0513130739067375e-06,2.2293956976644408e-05,0.8857037378667887
25,0.000657903628541252,0.007794004719158158,5.163585765025569e-05,1.1805729114349149e-06,0.0007362057308477989,0.00014169648554329765,4.407034731132767e-05,0.00023782257476713696,0.00571817547112683,1.8945060518664985e-05,0.09868017352415369,0.005249885027402226,1.9401644161601546e-06,0.0054763959018062835,0.02633778394954298,4.8013156441177235e-05,0.0009794613660014835,9.403351812158366e-08,1.5750254452486533e-05,2.0067302127076264e-07,1.99939047991687e-05,0.01307552745795191,4.273846365278865e-06,1.7063074163275848e-05,0.8346918032175883
26,0.0005822023010425688,0.0069804700495920005,0.00010686587333250203,1.737061214580507e-06,0.000577730476526835,0.00023049288616418912,1.9533087102750947e-05,4.490248614179672e-05,0.013259204773111245,5.1147480983538395e-05,0.021116269843448204,0.0019206626409409369,1.5874714741765938e-06,0.0042095985200181355,0.018500383858335193,6.268123235178552e-05,0.0007153447062146455,7.64420229255699e-08,1.0007044478886895e-05,2.560990792056868e-07,1.1201960971013618e-05,0.004057363768789075,1.3452679926370922e-05,8.248281378261114e-05,0.9274443444429549
27,0.001019300828951754,0.012507081173936499,0.0003775589602886369,7.644179690312426e-07,0.0006360698277321796,3.194704006363727e-05,2.1903357423904103e-05,9.293341166509246e-05,0.0007027821181715002,2.01069177876786e-05,0.07645919238484214,0.003622126984729283,1.6270318528643484e-06,0.00856715902243502,0.0049969868007351615,7.397681528537613e-05,0.010188351469553053,1.7681852174451808e-07,7.2020968916670925e-06,1.813540822574145e-07,0.00012921017899652395,0.001663919701040102,1.4687966394197898e-05,3.4798788758352145e-05,0.8788299545318924
28,0.00032981734083147843,0.008133439594010231,3.5656832334402083e-05,1.0055268615071566e-06,0.00031747851903274587,0.00015623171825828242,1.8473793426094795e-05,6.831007458719219e-05,0.0063847820288064315,2.9834201270224123e-05,0.028132405689334745,0.0022610079300783986,1.1263853273334762e-06,0.003048676279630172,0.034803863399582836,5.2139946001737445e-05,0.0006334449768040639,3.190914107722944e-08,1.4527481324468827e-05,1.2663355709671147e-07,7.638610294967242e-06,0.00872995193684286,3.9103743853330995e-06,2.0084229693436827e-05,0.906816034588583
29,0.00032981734083147843,0.008133439594010231,3.5656832334402083e-05,1.0055268615071566e-06,0.00031747851903274587,0.00015623171825828242,1.8473793426094795e-05,6.831007458719219e-05,0.0063847820288064315,2.9834201270224123e-05,0.028132405689334745,0.0022610079300783986,1.1263853273334762e-06,0.003048676279630172,0.034803863399582836,5.2139946001737445e-05,0.0006334449768040639,3.190914107722944e-08,1.4527481324468827e-05,1.2663355709671147e-07,7.638610294967242e-06,0.00872995193684286,3.9103743853330995e-06,2.0084229693436827e-05,0.906816034588583
30,0.00032981734083147843,0.008133439594010231,3.5656832334402083e-05,1.0055268615071566e-06,0.00031747851903274587,0.00015623171825828242,1.8473793426094795e-05,6.831007458719219e-05,0.0063847820288064315,2.9834201270224123e-05,0.028132405689334745,0.0022610079300783986,1.1263853273334762e-06,0.003048676279630172,0.034803863399582836,5.2139946001737445e-05,0.0006334449768040639,3.190914107722944e-08,1.4527481324468827e-05,1.2663355709671147e-07,7.638610294967242e-06,0.00872995193684286,3.9103743853330995e-06,2.0084229693436827e-05,0.906816034588583
31,6.744979885029147e-05,0.0038226157331368374,5.975172995039117e-06,6.745462451960438e-07,0.0007034340540300893,0.00014203105324368508,1.4543468216431898e-05,8.280844277419762e-06,0.012428158290934284,1.0507592366789367e-05,0.02025906717046174,0.0012233632683497284,5.706796685912717e-07,0.0019340781530642619,0.06737757377179278,1.1096559752844472e-05,0.00015056116740053453,6.0636001755579996e-09,1.1196629726520794e-05,8.310419872245103e-08,2.8439283861058696e-06,0.006809303755267114,2.275759560831701e-06,2.2399415746060405e-05,0.884991910018728
32,0.00031925973892865,0.008578177255520583,3.385600398389886e-05,1.1371576090221734e-06,0.00031859322538424647,0.00017460675062267592,2.0302444544890096e-05,7.257694157587099e-05,0.006549025174111904,3.304423346678389e-05,0.028527385870324534,0.002178813004084893,1.2195446662955914e-06,0.0029163868199975685,0.040760209029078245,5.8500726599427705e-05,0.0006624472724062327,3.4097054253172525e-08,1.938033752104119e-05,1.3282666317276626e-07,8.47724472762407e-06,0.009617949222164253,4.158720532020982e-06,2.0498618231038804e-05,0.8991238277402009
33,0.0011189325632400332,0.020947840646430193,3.8942885719290284e-05,2.293092083616046e-06,0.0004692477054256697,0.00012509089911063068,4.567586475560485e-05,0.00024299991271389202,0.0030983192642014975,1.7526972709165708e-05,0.10394863679404914,0.009848667405432337,4.135082845724552e-06,0.003006386219004091,0.035277550126964395,0.00010187157800598734,0.0025988045730254658,7.826352815780605e-08,3.4398180958149607e-05,1.3747291059484429e-07,1.7296627322569727e-05,0.031091746852037753,3.2718502468854337e-06,2.223226462482839e-05,0.7879379169026544
34,0.005163682546262584,0.006413330118457758,9.67425045334666e-05,2.2740817063571877e-06,0.000783162178977752,0.00031888201757538124,6.550342549691183e-05,0.00018106887114294779,0.012350919660168666,2.30093440625423e-05,0.16805523256844898,0.003872442725020071,6.3124879237906236e-06,0.002110033592363445,0.080130255091848,5.9709464227133806e-05,0.00071889314872422,1.8263928317952132e-07,5.44612105784219e-05,1.5910051821916227e-07,2.1822111742290902e-05,0.022268057082432798,5.796903752321535e-06,3.690403101649489e-05,0.6972611630937363
35,0.0009032884390943779,0.00998391058031002,5.0070950414745575e-05,1.3276571854993825e-06,0.0002529055091656829,0.00024873473574206164,2.9974584774630454e-05,0.00014762211456285216,0.008520686028407014,3.857906509368811e-05,0.03992432002845696,0.00401752053355082,2.258549002901168e-06,0.002635869370226986,0.03535982012948749,0.00010319510955169083,0.0008216136717803631,6.96031512926457e-08,2.5530124827437437e-05,1.3580085832804038e-07,9.03850706202934e-06,0.017838892882327675,3.9633326583355245e-06,2.4803196427625474e-05,0.8790558694958794
36,0.00039392563013936413,0.013771182750133087,3.131923536393393e-05,1.4120118943540858e-06,0.0001221272576717433,0.00019318049289488852,2.150436098964973e-05,0.0002282648359022119,0.007733314849382053,6.296792620847023e-05,0.020891492446822264,0.0036539716083506943,1.514357992638806e-06,0.004483410323806433,0.04554746521291614,0.00011939226051763074,0.0007940890039196236,4.6896707478810284e-08,2.4455249833464913e-05,1.2983366321248874e-07,5.461447260310379e-06,0.02553726261568129,2.6108349879464852e-06,9.789649292137118e-06,0.876369708907669
37,0.0006790965556755771,0.006791234575921826,8.358477237925423e-05,8.725731461356534e-07,0.0005085292183205128,0.0001038598507461459,2.2876992130598328e-05,4.2664412390882195e-05,0.00763807745200416,2.3370353008504503e-05,0.030694347142023896,0.0028301391357369796,1.991379283691683e-06,0.0038614544528569454,0.016076935191524068,4.5465137510480466e-05,0.0007152315561464935,5.5322655193178884e-08,9.035900318143794e-06,1.7840449342004208e-07,1.2569914928629521e-05,0.005657744606133877,5.514958323453073e-06,5.238884141193162e-05,0.9241427813009292
38,0.0006437252094366235,0.007494714365117728,5.243872468518279e-05,1.8503082714070077e-06,0.0002536097835580913,0.0004934927603608952,4.934096002543343e-05,0.00011580773563106718,0.008130263326117135,5.305362269783375e-05,0.031522979507799566,0.0022426535161322934,2.477543380348213e-06,0.0017922291850619564,0.07482575218301366,0.00016670820450525922,0.0009887302085458236,7.980907952105689e-08,5.3489270932474774e-05,2.3369139150585828e-07,1.3287581132708829e-05,0.012755316245319294,8.276484594028508e-06,2.9150905317829746e-05,0.8583103388678922
39,0.0004600676610769063,0.005720925037542147,3.882765505613115e-05,7.591428240500188e-07,0.0002027103228301033,0.00024206881862040127,3.0110716787144716e-05,0.0001667176948921094,0.003828772172221981,2.3040311155228522e-05,0.036726941653592755,0.003619967115239842,1.2277262418065216e-06,0.0017602834823020397,0.03286093971692236,0.00011189613000343376,0.0010211826327392109,3.7766970712278383e-08,1.792186192663647e-05,1.2605998388956387e-07,9.910073538539656e-06,0.012442987162913222,3.6354539656149886e-06,1.4690895081912665e-05,0.9006942527355718
40,0.0003274559345410194,0.008226700599571363,3.580428832045795e-05,1.0368826811316314e-06,0.0003201692166241161,0.00015790740245134823,1.8742441590210438e-05,6.915162186968422e-05,0.006491775234668472,3.071220302641871e-05,0.02806471785530585,0.002245985846706733,1.140966583496071e-06,0.0030814526942966485,0.03503968208568519,5.3412919623749835e-05,0.0006370726085076061,3.30024880132872e-08,1.5113276020881882e-05,1.2921316325224558e-07,7.815312359162411e-06,0.008695701922952694,4.023077138832652e-06,2.061262087007632e-05,0.9064536507729536
41,0.00032163504313548576,0.006253623280277341,2.7468924417253034e-05,1.8196302525526542e-06,0.0005546175117124235,0.00027956520672597733,1.6059203331760557e-05,5.604730343990297e-05,0.01067541107561683,3.204727268213374e-05,0.026733049953362814,0.0020046969029953532,7.496550994874942e-07,0.002068251348770624,0.07252300608389341,4.1795388647944375e-05,0.0003976293971993997,2.237601039463076e-08,1.339303907839912e-05,1.0748032800080237e-07,3.3909217013297714e-06,0.007237710534180378,4.33498057598847e-06,2.0133406656490503e-05,0.8707334340799083
42,0.0004121369780181684,0.011824777878773719,2.2460219468298998e-05,1.3029621649274535e-06,0.00025460722682401325,0.0002939703454015577,2.992471054423305e-05,0.00014099430222561316,0.007109969307769484,3.603109280937536e-05,0.03755493657819469,0.002945350508736547,2.0051691764897154e-06,0.0019236152268350447,0.06625318585753572,8.993764997483421e-05,0.000810286070058209,2.762836412403606e-08,3.9744189351787726e-05,1.2184696877890618e-07,7.72546306911702e-06,0.032558105359947895,2.4470567376279508e-06,1.446630003266365e-05,0.8376718700710171
43,0.00027911159295590586,0.008012672263046201,3.9313608708848044e-05,1.5639214397162419e-06,0.00032860726706558446,0.00048765668330612706,1.9893238434500697e-05,0.00011419131930310475,0.011147965035313977,9.160305013038904e-05,0.025431040232874576,0.0012763390042447725,1.2663591318168575e-06,0.003202906696706486,0.06571306375700779,7.923562354444616e-05,0.0005539325742821415,4.414439875001556e-08,3.088098889669252e-05,2.2689227403426114e-07,9.565140500515296e-06,0.013726821700573138,5.997850480814696e-06,1.965889304850225e-05,0.8694264421623312
44,0.00032981734083147843,0.008133439594010231,3.5656832334402083e-05,1.0055268615071566e-06,0.00031747851903274587,0.00015623171825828242,1.8473793426094795e-05,6.831007458719219e-05,0.0063847820288064315,2.9834201270224123e-05,0.028132405689334745,0.0022610079300783986,1.1263853273334762e-06,0.003048676279630172,0.034803863399582836,5.2139946001737445e-05,0.0006334449768040639,3.190914107722944e-08,1.4527481324468827e-05,1.2663355709671147e-07,7.638610294967242e-06,0.00872995193684286,3.9103743853330995e-06,2.0084229693436827e-05,0.906816034588583
45,0.00030614047052002636,0.005205825513088047,1.611612418595038e-05,2.6727316855364784e-06,0.0005759513551241858,0.0004899289894062702,6.010030177821259e-05,0.00010700702378672956,0.014476626171509374,2.55591718167121e-05,0.03432244217045292,0.0027814195551301678,1.6184123321794269e-06,0.0012329900727344294,0.15500992579025966,8.868989979029089e-05,0.0003384931371808085,3.132489065763537e-08,4.415420324900652e-05,1.8040654120293926e-07,4.281197880494899e-06,0.014777783093193973,3.858105605083533e-06,2.017333257568353e-05,0.7701080314452824
46,0.0009160181586051547,0.015664667505441866,3.520437772742992e-05,1.5249659915784733e-06,0.00027890030082656895,0.00014775449168370942,1.9164777683585076e-05,0.00010687574947468736,0.0017407928132743803,1.507553452037442e-05,0.0494873369095621,0.0059109422062756335,1.6589846788537262e-06,0.0014140398937804882,0.0423075712715496,8.83901422446166e-05,0.003632214747485498,2.2159475944456635e-08,1.5182653218290944e-05,7.241768874629921e-08,7.040652835795217e-06,0.020225211088920274,3.4777949399690984e-06,1.5424154476248077e-05,0.8579654362476387
47,0.00038654611801560275,0.009554893689249661,3.064632764399054e-05,8.140975299809598e-07,0.00022092470258930176,0.00013064276396413128,1.7104915289319445e-05,6.834447724352413e-05,0.005271127180943164,2.4671169958483354e-05,0.02602681082423417,0.0028512888969575057,1.2531342798120948e-06,0.002336378477558219,0.03275520834390545,5.857179945052982e-05,0.0006567519858209824,2.3773332823775875e-08,1.3208277237413749e-05,9.889229248816236e-08,5.450674744226879e-06,0.011620572753127842,2.5188060660715435e-06,1.7398874531928637e-05,0.9079487490440333
48,0.00042377394095465627,0.03819852318098665,3.880100648898111e-05,2.6018165457457596e-06,0.00019630687980562182,0.00018373133578437656,1.8409053856193335e-05,0.00017007845638689032,0.0031031821429316326,7.351589180315396e-05,0.02537805645240308,0.0030242978537244887,1.565944964338318e-06,0.0034452148679484994,0.04910076409995364,0.00013257742894904467,0.003241003261180715,4.0625931277576486e-08,3.662670541189168e-05,1.1279115337373649e-07,9.790237366057109e-06,0.02117445060844152,5.027826780598427e-06,1.2678254228249314e-05,0.8520288693360192
49,0.00039549888466097294,0.007219857122139983,4.592650735349857e-05,9.077420489728153e-07,0.00032083771220309807,0.00020449669504801732,2.0169653367148023e-05,7.627468285227284e-05,0.006723096528501317,2.865111831344117e-05,0.028978306192687354,0.0028099024996020264,1.1858555333422808e-06,0.0029030252513855192,0.026715890729132576,5.5647969189601164e-05,0.0006630929330055848,3.340360078048179e-08,1.0085981961550739e-05,1.4564590760875349e-07,7.222889290449793e-06,0.00853447230861128,4.221839339199097e-06,2.1601464165034352e-05,0.9142594483900993
50,0.00024241679880979041,0.009942690632313227,3.533977716439017e-05,9.22523958879994e-07,0.0002670568106084217,0.0001498917051261223,2.1831474471540953e-05,9.48250000045654e-05,0.008141847971046723,5.0061290622882355e-05,0.02351481308631616,0.0018533543789473583,1.3634234522195722e-06,0.004358277207021577,0.03759495297725024,5.170369078815376e-05,0.0004835070073588593,3.1796696503195506e-08,2.1666296444982706e-05,1.449235197360595e-07,9.37515447956213e-06,0.012464041181958173,2.8467408274842036e-06,1.4563846409424092e-05,0.900682474304403
51,0.00031013944583469075,0.014598875578742107,3.1877111357579584e-05,1.4524445937029858e-06,0.000291586526301466,0.00013423603918556105,1.6135700260351045e-05,9.080764626420785e-05,0.006091051328117175,3.9119831835695624e-05,0.02779033118057483,0.0025775640647053015,1.2515619577905333e-06,0.0038788497055860646,0.04134450016707814,5.3902469332080395e-05,0.000681285684156986,3.148893900879507e-08,1.7726971500764776e-05,1.189793186844796e-07,6.724579247878594e-06,0.011822724529347977,3.179465364257023e-06,1.579830120834833e-05,0.8902007291991894
52,0.0010312952565110743,0.012263990582702639,7.65600085703775e-05,5.2917175039274445e-06,0.0002381833127891941,0.0007023334351976854,2.0175038822964018e-05,0.0003459273985786131,0.01937942983584753,0.00035114701944745277,0.039885343267151464,0.0017191511923637486,4.189536816597971e-06,0.005435973539046361,0.13899931616793287,0.00023581514766761943,0.0006320430882707422,2.8828775120529897e-07,9.472482700150719e-05,5.85596917755226e-07,9.272449122919641e-06,0.02973068270094766,8.236543765034216e-06,2.9767063409652005e-05,0.7488002769858634
53,0.00021415021512205355,0.003759708194736021,2.115834000192276e-05,5.026918635979898e-07,0.00023346557353175247,0.00015160774062606566,3.0642265490234136e-05,5.355353446618035e-05,0.0064073759710191166,1.1467029523123982e-05,0.02346682757032454,0.00286621377286879,7.004010724989319e-07,0.0021504111936939,0.029479261370367195,3.9910679110741026e-05,0.00035106780789006994,2.0624513847788882e-08,8.14839514706931e-06,9.618202685002678e-08,5.014514829584391e-06,0.005622699923958071,3.1862282852414557e-06,1.362822989862578e-05,0.925109181549633
54,4.927223928561388e-05,0.004406344181990483,1.0653009780978781e-05,1.9761090716391976e-07,7.573449113244197e-05,3.230748054952417e-05,4.558967773676432e-06,1.748943875253175e-05,0.0033254349713165076,1.3274986265818181e-05,0.005197919161297449,0.0013191712060480196,2.1925186711050723e-07,0.002062079423149414,0.018152386943507286,2.757468893317067e-05,0.00016563401861482402,4.057199718844651e-09,3.0862382277381143e-06,4.328126332318876e-08,1.3042037085844149e-06,0.0029475245556114184,8.522163662730661e-07,7.6008625327738344e-06,0.9621793325139181
55,0.00031591704435913223,0.006810351209216462,3.173620196177463e-05,9.275034381198192e-07,0.0003374503827982676,0.00014667128781904216,2.0742115193429477e-05,5.769385600128498e-05,0.006962365485739512,2.224228228215891e-05,0.027019049016487672,0.0026665427065632762,1.0607994162257642e-06,0.0026945990050313887,0.030930642604540457,4.7933756395379e-05,0.0005199892935195717,2.9320579257952042e-08,1.251732287024274e-05,1.1333871767487376e-07,6.6044822073499715e-06,0.007496709995994784,3.6741687095024568e-06,2.242400892752041e-05,0.9138720128112304
56,0.00034661035596635314,0.008335884865669335,3.618132414494076e-05,1.0270401742971336e-06,0.0003198319231217288,0.00015737139366450747,1.9394309911946404e-05,7.020258996191289e-05,0.006471325299033846,2.9740486797654063e-05,0.029031000459903773,0.0023600120385774935,1.2232828074265076e-06,0.0030694280207702847,0.03490899261457748,5.2886287643341215e-05,0.0006427148096371816,3.31823571772043e-08,1.5132480487241125e-05,1.3154687756362749e-07,7.900687784947385e-06,0.009260623172017502,3.9250220387715126e-06,2.0819469116419954e-05,0.9048376073369568
57,0.00026234609148711877,0.011080181437959621,2.8682348839576594e-05,9.107886694750729e-07,0.000249548505127058,0.0001154764395137829,2.2659681460224934e-05,7.502285622555656e-05,0.004975270321625953,2.8695779278865838e-05,0.026694220733812096,0.002540623561148911,1.510285103519463e-06,0.002588204114272237,0.034212095626357936,6.981959823932601e-05,0.0007039700490974431,2.8469243651173773e-08,2.8068043404384707e-05,1.0929478064696903e-07,1.0692679429548833e-05,0.011928632755076267,2.6003839375175814e-06,1.9113056215374774e-05,0.9043615170996939
58,0.00028804193371260653,0.007289563083815318,3.559537895942355e-05,1.0014495792220313e-06,0.0003564667648893335,0.00014621925849859937,1.8846017459591253e-05,4.912064544143554e-05,0.006950642107092533,2.7280174203559448e-05,0.024341528955664972,0.0021392471408957997,1.2034890930984806e-06,0.0027532826281118548,0.031633401837703266,5.217939738044728e-05,0.0005567643728731709,2.9990654497456616e-08,1.4175153894165104e-05,1.4362676319146802e-07,7.783649858606623e-06,0.007047747517662712,4.301765910090649e-06,2.9223904692588843e-05,0.9162562097551898
59,0.00027867594294539054,0.007243241607979594,4.136235692842363e-05,9.071243731639168e-07,0.00034174471137243573,0.00013839980413538294,1.702260723992642e-05,4.955372175689877e-05,0.0065312921973312045,3.0216860799510688e-05,0.02259658150165992,0.0019528235602947314,1.1132709699803625e-06,0.003037932628444372,0.027164834441066772,5.319469008687259e-05,0.0005957457429210665,3.105466721676146e-08,1.2445716313467064e-05,1.4897837640566693e-07,8.440762144194627e-06,0.006297011535852563,4.461047567716833e-06,2.8634979731762407e-05,0.923574183155041
60,0.00032981734083147843,0.008133439594010231,3.5656832334402083e-05,1.0055268615071566e-06,0.00031747851903274587,0.00015623171825828242,1.8473793426094795e-05,6.831007458719219e-05,0.0063847820288064315,2.9834201270224123e-05,0.028132405689334745,0.0022610079300783986,1.1263853273334762e-06,0.003048676279630172,0.034803863399582836,5.2139946001737445e-05,0.0006334449768040639,3.190914107722944e-08,1.4527481324468827e-05,1.2663355709671147e-07,7.638610294967242e-06,0.00872995193684286,3.9103743853330995e-06,2.0084229693436827e-05,0.906816034588583
61,0.00031322334413320897,0.006963393535992482,4.578936607150823e-05,9.181065377551867e-07,0.000359954050775056,0.00014563919409292154,1.7876108043982133e-05,5.064455683322647e-05,0.007266326437449809,3.1142588192407826e-05,0.023613190451603792,0.001966422350472047,1.1771469921123413e-06,0.003144364379667239,0.026030704416957335,5.1323129513700704e-05,0.0005664887969133268,3.409915666873634e-08,1.2389907196901945e-05,1.5125928082309829e-07,8.882308347696349e-06,0.0062404263882768485,4.697763846980655e-06,3.0881791510825094e-05,0.9231339585221413
62,0.00032981734083147843,0.008133439594010231,3.5656832334402083e-05,1.0055268615071566e-06,0.00031747851903274587,0.00015623171825828242,1.8473793426094795e-05,6.831007458719219e-05,0.0063847820288064315,2.9834201270224123e-05,0.028132405689334745,0.0022610079300783986,1.1263853273334762e-06,0.003048676279630172,0.034803863399582836,5.2139946001737445e-05,0.0006334449768040639,3.190914107722944e-08,1.4527481324468827e-05,1.2663355709671147e-07,7.638610294967242e-06,0.00872995193684286,3.9103743853330995e-06,2.0084229693436827e-05,0.906816034588583
63,0.0003035091728970927,0.00987378726952144,3.2926081674883466e-05,1.0387027898904967e-06,0.000283878122565273,0.0001430484369266165,1.6630619528764737e-05,6.786419643560682e-05,0.005903650165205387,3.200623268649815e-05,0.025770093021522472,0.002249409452743989,1.1182625033714146e-06,0.0030496494650288247,0.035611717700388616,5.386963988363331e-05,0.0006601542103207311,2.870555372748472e-08,1.5177470378231966e-05,1.1939116367272772e-07,7.030746421309844e-06,0.009358084968302972,3.5441152255238934e-06,1.8861969488946132e-05,0.9065428018808426
64,0.00033806410182714644,0.008450546924967765,4.471196197696306e-05,9.525364574700093e-07,0.00034703762175625403,0.0001385902980392935,2.143559433920434e-05,6.919929775831513e-05,0.005693859750746273,3.03758463775178e-05,0.029609921707476353,0.0021607550679567955,1.3244947124634993e-06,0.0034808562315850238,0.029295203332182853,5.559208364656885e-05,0.0007757042281240976,3.882524786583653e-08,1.6636223022119118e-05,1.4462929216869425e-07,1.2381152100299819e-05,0.00808100034073422,4.517897191103126e-06,2.285790049709177e-05,0.9113482919519847
65,0.0009869998774312588,0.00611819248028507,2.4916707602435562e-05,3.885475976278877e-06,0.0007163496986264273,0.0008870630013456559,7.43061393517468e-05,0.00016020838692706467,0.004948291189384314,1.9096621649982825e-05,0.10893377749755995,0.0038338435357901227,1.62895410889303e-06,0.0009118723351725804,0.14788754734170237,0.00010012165915824056,0.0018406920236027475,8.1129031956163e-08,7.88248841791297e-05,1.0604536359176766e-07,1.408765729570343e-05,0.015475104247433927,1.1853723935162076e-05,1.8953083810289495e-05,0.7069521963032751
66,0.0004051792443942167,0.008270265066298228,4.452986801056606e-05,1.0454801992087888e-06,0.0003552364143405545,0.00015920940069358416,2.090209073990298e-05,8.182847972128643e-05,0.006897142320559752,3.245956757083704e-05,0.032629105077666046,0.002423881006768362,1.3926956449057354e-06,0.003439618963854827,0.03342325035645558,5.488435252538755e-05,0.0006536785190209633,3.969677104566839e-08,1.4949563288797412e-05,1.5029570052179192e-07,9.030277261737497e-06,0.00947501185903725,3.93791815011261e-06,2.1467254946866013e-05,0.9015818042303795
67,0.0007623816748370559,0.00621290178086562,0.000347323517910221,1.8075289514196328e-06,0.0004984515852578767,0.00022052614617943606,2.018600194806361e-05,9.471351350282669e-05,0.00384033897569523,8.298979065751635e-05,0.03450803311205616,0.00137513475343586,1.9620320485851602e-06,0.007572908032991285,0.014976764748690226,0.00010274974432251282,0.002788805042821598,2.253669318066461e-07,1.3972458481940934e-05,5.509988646484696e-07,6.47398800826949e-05,0.00255017567845265,3.990071465010783e-05,7.050540403488449e-05,0.9238519515163298
68,7.341897092409039e-05,0.0019523048024902153,4.085923037458583e-05,3.5408249381066077e-07,0.0003180470961313715,7.513918375134065e-05,6.433492608212394e-06,9.939931341016977e-06,0.01058625997926215,1.9560923424727708e-05,0.006559539547261242,0.0010902378105844056,2.8963704871563043e-07,0.004753701158342291,0.008898762790295852,1.3314775266312415e-05,0.00011959177214416454,1.151959305355167e-08,1.2182807681079374e-06,1.3577527168282766e-07,2.433148016122729e-06,0.0009803340895612295,4.24877258150412e-06,3.258522151920293e-05,0.9644612780089445
69,0.00023978654799709618,0.003873590601899074,9.875394060195007e-05,5.566822078652679e-07,0.00022989168060552344,0.000124158922169435,2.0044655450659924e-05,8.971482849156947e-05,0.006284259341926163,4.751002905581915e-05,0.018603572929277605,0.001575537816794738,1.0124830171196463e-06,0.006654145028168268,0.012553722182196275,6.643194680488164e-05,0.0005002529403969611,8.54057477786139e-08,1.0053667049816421e-05,2.747221169329377e-07,2.193989307055475e-05,0.0032123931999003845,7.313846068095543e-06,2.7236115333375843e-05,0.9457577605936521
70,0.0003175796470166164,0.00719880881231117,3.563650937711087e-05,1.1376531239865162e-06,0.000424215745247101,0.0001699854566269003,2.020995827387053e-05,6.318876333668331e-05,0.007529121790158837,2.666463236454823e-05,0.029170659583945248,0.002290459223798717,1.0320835797461082e-06,0.003137589194261319,0.03637758724352163,4.233688474516106e-05,0.000556570226494521,3.0145103157427915e-08,1.256408849748146e-05,1.2754588517094086e-07,7.1445146955221945e-06,0.00757596252500113,4.364981227804181e-06,2.096631535369543e-05,0.9050160564760528
71,0.00011472287904196363,0.006067328699354665,3.762770914736282e-05,5.702186213749957e-07,0.0004547565995442454,8.619619502953167e-05,2.0129541402744925e-05,4.8388641684886e-05,0.010544805175113397,3.195155920132577e-05,0.015404147449656666,0.0015476701243376176,7.720353719890471e-07,0.006802153255263308,0.014497187574598903,3.636643454370435e-05,0.00030633780944996236,3.6133016058617474e-08,8.353939252858816e-06,1.997510513847537e-07,1.1712558280129729e-05,0.003919454321436458,4.034755882460915e-06,2.5326881557915396e-05,0.9400297697581591
