,0,1,2,3,4,5,6,7,8,9,10,11,12,13,14,15,16,17,18,19,20,21,22,23,24
0,0.0018562703244474129,0.1083066702816835,0.002198532008746297,0.0001112011756943882,0.0020549535311724745,1.8857988420176492e-05,8.823207798793325e-05,0.00030279015235254464,0.008983928493760394,5.4240663455518154e-05,0.00042912184717998055,9.271345661460973e-05,8.47085407976778e-08,0.0003643374717251135,0.06217761863322631,1.0370263544997146e-06,2.149821371854866e-05,1.1054928321179913e-05,0.0030440207315686743,9.30411713703616e-08,0.00023405651742547178,0.0033873120106346234,1.4372055763773669e-05,0.0003029256259635727,0.8059440770340708
1,0.0011282976893598564,0.08779489557393501,0.0019048357905538677,8.287675239369303e-05,0.0015266606366385433,1.7467448177173125e-05,7.505539575273689e-05,0.0002766293514345326,0.016131199621987186,6.868402830791265e-05,0.00023462461044403572,5.117045443607442e-05,5.8097175426459556e-08,0.0003089130344811456,0.06528812969788524,1.3165008671273778e-06,1.1049427766999818e-05,4.714611110665183e-06,0.004779633586015439,8.461098393575251e-08,0.00020119075344017802,0.002644250217895519,7.533476102689391e-06,0.00015025107146152147,0.8173104775613935
2,0.001534684882302275,0.1646713664984536,0.00438941665745762,0.00021794839017614235,0.0028653559247437603,1.1143361932931194e-05,7.01232838871182e-05,0.0003162158584672925,0.011014938842736004,6.503783726615005e-05,0.00046343905670883257,0.00010155309983816532,1.6245123936301034e-07,0.0004112115262877389,0.013620987548006643,2.7839112637331394e-07,1.4653445594557851e-05,2.086239842440678e-05,0.0021374992310461,8.839451324414927e-08,0.0001856097055571173,0.00163166298478162,4.386660950237676e-06,0.00037456431132447285,0.7958768092571782
3,0.0014610347755335724,0.10552356097169266,0.0014957493979691867,0.00010505209003162791,0.0015820985495361801,1.352821540768545e-05,6.759734181010569e-05,0.0002519195110673831,0.006149838173328283,5.0292933689326056e-05,0.00030819973842085695,7.016254477089292e-05,6.260073798306116e-08,0.00031077775174233785,0.05050327385174727,7.832930714568892e-07,1.988572175777967e-05,1.026018753002122e-05,0.002449911644193539,6.929375567702741e-08,0.00023111355720499072,0.003094372621020241,1.3786984402420344e-05,0.0002579176049243805,0.8260287506446541
4,0.0015772542768332243,0.12198021452901012,0.001901239765338168,0.00012058302245036947,0.0021509187453818608,1.6939869783269485e-05,7.802308145784375e-05,0.0002632074721773868,0.0071781789748631775,5.8865797682209145e-05,0.00036826039530223694,8.108175344128472e-05,8.977009283115682e-08,0.0004014047054818069,0.055877646622348114,8.760506476148619e-07,2.2025858822301364e-05,1.1901837153416833e-05,0.0025894709648463105,7.749023297610851e-08,0.0002493288896328164,0.0033559325775980734,1.544516864600586e-05,0.00031654392617619316,0.8013844884546003
5,0.0012693819621127126,0.11564345607506907,0.0013288258112735605,0.0001402198680405008,0.0015774358974779553,1.2306045466216316e-05,6.143530931754513e-05,0.00024872904189613,0.004516017894043015,5.356521874137748e-05,0.0002942078188102477,6.466032124501707e-05,6.951080096117888e-08,0.0003112734976476351,0.03566008941046179,6.071013707420742e-07,2.055190479080626e-05,1.4766419368155842e-05,0.0018088580265213147,7.38153186070453e-08,0.00024352088308420122,0.002788339744358648,1.5856816121720926e-05,0.0002950715668161931,0.8336306800398458
6,0.0014610347755335724,0.10552356097169266,0.0014957493979691867,0.00010505209003162791,0.0015820985495361801,1.352821540768545e-05,6.759734181010569e-05,0.0002519195110673831,0.006149838173328283,5.0292933689326056e-05,0.00030819973842085695,7.016254477089292e-05,6.260073798306116e-08,0.00031077775174233785,0.05050327385174727,7.832930714568892e-07,1.988572175777967e-05,1.026018753002122e-05,0.002449911644193539,6.929375567702741e-08,0.00023111355720499072,0.003094372621020241,1.3786984402420344e-05,0.0002579176049243805,0.8260287506446541
7,0.0023819231810513794,0.22304683451124585,0.003810344223946485,0.00015782546287275139,0.0015081253364375856,1.085708612511302e-05,0.00019331004031796663,0.00038282449052341337,0.013146493828633426,5.526551226986336e-05,0.0008875787516428496,7.201134493197873e-05,2.553639570622632e-07,0.000255475078339838,0.04593934673213453,4.446847595479286e-07,2.5057494652596723e-05,1.8273291832405375e-05,0.0018993273287199386,1.4987743237670262e-07,0.0001560300978189888,0.002073957085441112,8.965630069452402e-06,0.0009561304338748302,0.7030131931309688
8,0.0008255483289528884,0.05285025531044431,0.0008533071915787216,7.236190426412539e-05,0.0005520549573887224,2.4416319866700817e-06,3.451282231400029e-05,0.00016098422347279854,0.0020605026073295687,3.242367843217648e-05,4.6176123408900015e-05,2.076217334749625e-05,2.8238653767064157e-08,0.00012184083711504369,0.0205055498852943,4.322098600801683e-07,1.3610220828228945e-05,3.3589772398496686e-06,0.0007531461864243151,2.961996214326875e-08,9.902560166305432e-05,0.0009957515203174764,8.678263199784892e-06,0.000272084568718654,0.9197151329178029
9,0.000810367031505256,0.08947040859368874,0.0021877468004508297,0.000100908336401731,0.00084944130360142,2.032182276671156e-06,4.547802361126793e-05,0.00023010896267469173,0.004789034369461369,3.811713287561082e-05,7.785267976118201e-05,2.214150471893289e-05,7.542566772482845e-08,0.00011579604460238601,0.017690161516044425,2.4824905416106694e-07,1.4569410641450313e-05,3.910889121527974e-06,0.0007157348546158546,4.569028998614418e-08,7.597222858243004e-05,0.000690180779509894,4.257525119915509e-06,0.0005964638129962375,0.8814689466527263
10,0.0014610347755335724,0.10552356097169266,0.0014957493979691867,0.00010505209003162791,0.0015820985495361801,1.352821540768545e-05,6.759734181010569e-05,0.0002519195110673831,0.006149838173328283,5.0292933689326056e-05,0.00030819973842085695,7.016254477089292e-05,6.260073798306116e-08,0.00031077775174233785,0.05050327385174727,7.832930714568892e-07,1.988572175777967e-05,1.026018753002122e-05,0.002449911644193539,6.929375567702741e-08,0.00023111355720499072,0.003094372621020241,1.3786984402420344e-05,0.0002579176049243805,0.8260287506446541
11,0.0015283301007961967,0.1136218099632793,0.0016137041568202565,0.00011276292646695123,0.0016705470917740863,1.3980096309858743e-05,7.296644036756923e-05,0.0002664196014212309,0.006403605943010344,5.35862945613481e-05,0.00033424145990351353,7.426714688106509e-05,7.509178120190561e-08,0.000325464202329641,0.05031987624329208,7.893337494225475e-07,2.1513215769174746e-05,1.142572191736958e-05,0.002406419428061517,7.6424971237061e-08,0.00023340132472457936,0.0031852812884177024,1.4417912081700388e-05,0.0002945832733366934,0.8174204553179759
12,0.002579765520327455,0.1579459164503804,0.0009509724785259205,0.00016191479447494428,0.005473465256286826,3.508463518716618e-05,3.969824917514065e-05,0.0001689952893430231,0.0007274918758073548,6.734153659111914e-05,0.0003506896649458776,0.000296528897766052,9.076014377268176e-08,0.0012659223209121806,0.04242368564420348,1.4884104777694515e-06,7.988153452271982e-05,6.518550098727992e-05,0.0013991244200048727,5.487722165391073e-08,0.0005925308728043174,0.01417864131557604,0.00012270901955166569,0.00039139700496880356,0.7706814236698142
13,0.0015673607166885916,0.10252560288094545,0.0016349147011609903,0.00010447194459657744,0.0016654292571590403,1.3676225568225073e-05,6.865264253588641e-05,0.0002663725748454187,0.006516471209930465,4.597384510085868e-05,0.000360961391247616,8.377270343734224e-05,6.333583291115036e-08,0.00032728280792746557,0.05454628793259697,7.737787184201184e-07,2.182213982669009e-05,1.0402013845764192e-05,0.0026330997727795945,7.085393024683103e-08,0.00024824746403843755,0.003311703980621268,1.3708709021863497e-05,0.0002542872812785641,0.8237785898363654
14,0.0008960488577527412,0.24088276593981775,0.001404192834211818,0.00011898568474412608,0.002067246152259486,1.6989292597063802e-05,6.108116381021532e-05,0.00024467699996021894,0.008834675044603463,0.00010032138094880012,0.0003155406980709831,3.614629611595307e-05,9.792009702854498e-08,0.0002701287230913337,0.04459323624757996,5.45695488747826e-07,1.597673551648714e-05,1.3233368405885746e-05,0.002328152924051945,7.360988464702701e-08,0.00021937675360677276,0.0030855354640824686,9.75320201216699e-06,0.00034536887754959113,0.6941398501337404
15,0.0014610347755335724,0.10552356097169266,0.0014957493979691867,0.00010505209003162791,0.0015820985495361801,1.352821540768545e-05,6.759734181010569e-05,0.0002519195110673831,0.006149838173328283,5.0292933689326056e-05,0.00030819973842085695,7.016254477089292e-05,6.260073798306116e-08,0.00031077775174233785,0.05050327385174727,7.832930714568892e-07,1.988572175777967e-05,1.026018753002122e-05,0.002449911644193539,6.929375567702741e-08,0.00023111355720499072,0.003094372621020241,1.3786984402420344e-05,0.0002579176049243805,0.8260287506446541
16,0.0013015002970619036,0.10027314654240373,0.0006877625853608791,9.172298858160244e-05,0.0007841470661770319,1.2288029112596197e-05,5.159657336482426e-05,0.0002013672264706019,0.003315807417391185,6.19165639283986e-05,0.0001975224234011673,5.575560222095904e-05,3.3775908065980466e-08,0.00024135698287758577,0.03293430322046181,7.473164995167723e-07,1.848946226533242e-05,1.604024152913585e-05,0.0019606871396585803,6.02283672844303e-08,0.0003559186389061174,0.003808770318309799,1.3760337324449864e-05,0.00016750960494850905,0.8534477894174689
17,0.0014749749008267927,0.07553266373522449,0.001356173039180123,0.00016958956750980309,0.0014540487775301803,1.1402665705214708e-05,6.0209091268457214e-05,0.00020706306237193938,0.002757690600325658,3.9995372482882475e-05,0.00025902068469725673,9.395768811308293e-05,6.409515138764881e-08,0.0004684863137558733,0.023424164666171407,6.684096475044574e-07,1.8576559994452366e-05,1.651750357970621e-05,0.0013906160664140077,7.387683972778292e-08,0.00025484676823168674,0.0024209200327999485,2.1126979623301648e-05,0.0002256765769609469,0.8883414729655942
18,0.002073045434001792,0.0834864033498211,0.0008814573869229021,7.053324724048287e-05,0.0006833124767944,3.3320463266536597e-06,4.465666157706089e-05,0.00019827619108872617,0.001573537559723857,3.2808876103785495e-05,0.00012589755651284455,8.541849692643774e-05,4.4579486113986337e-08,0.00017784906031306967,0.021080422602617156,3.7083177113534317e-07,3.875505016085309e-05,1.4740588089347175e-05,0.0010498320761936494,3.266623129676614e-08,0.00018976733308473623,0.0032531515895061884,1.0995199290938528e-05,0.0003906117204397636,0.8845347474197758
19,0.0012583848560842827,0.11697351948148572,0.003768355814845573,0.00014735867357995271,0.0034987599280271874,1.599737771245501e-05,6.261441884479567e-05,0.0003781906340184124,0.012685050559161665,6.997717801277891e-05,0.0003835059481562966,0.00011899843417796351,1.2079265900728665e-07,0.00044841250110321093,0.04567642724420249,6.780079289089395e-07,2.3508797433919162e-05,1.0608812172825223e-05,0.0028362012513877518,9.666507087016481e-08,0.00024008220804306975,0.003543412114893806,8.545194432881256e-06,0.0003242513792610102,0.8075269417273032
20,0.001123555419010664,0.11545765800066381,0.0012277806562151679,8.916218495870724e-05,0.0017050417269313203,9.361698546291155e-06,4.655700336817629e-05,0.0004425259325203642,0.006747523584882405,5.9477044073774266e-05,0.00022918252634541715,6.962403963455305e-05,4.730521123225092e-08,0.00023788828197028096,0.06847176728468155,6.236999499727847e-07,3.499263580916458e-05,9.296811169226484e-06,0.003067281489001437,6.249311353429794e-08,0.00030344452558014813,0.0067395137323167185,1.2563199053906797e-05,0.0002838008881214016,0.7936312678368708
21,0.0027264162554154806,0.07701589038566851,0.0020093588340990487,0.00012748734262297987,0.0013885026868987744,2.0918670200991887e-05,0.00011111164524991097,0.0001947390995034822,0.004138752371666666,5.0641306955339915e-05,0.000342616222214809,0.0001529104918107157,9.862516639931975e-08,0.0005149808579947624,0.0372937796036234,1.721504996130067e-06,1.8463058406015094e-05,1.588877622054656e-05,0.0019369899802095475,1.187049343926467e-07,0.0002483784649560076,0.0026211407359594966,2.2603247163705362e-05,0.0002539694991909632,0.8687925216288718
22,0.002338144026387902,0.10633616128079575,0.0020221682635961752,0.00011711992770914343,0.0017649053351642965,2.356512463242217e-05,8.825794412452955e-05,0.0002885138360263885,0.0056097260408189565,5.156926195753161e-05,0.0005746844375709932,0.00013571776583412598,6.385541587601654e-08,0.0004396677563223878,0.05595060859318057,1.2495771757132957e-06,3.088829542334312e-05,2.243166012959938e-05,0.002620989681804264,1.1376648807909363e-07,0.0004145459651310747,0.00534031688631675,2.104170084317527e-05,0.0002828467678632984,0.8155247022492876
23,0.0014610347755335724,0.10552356097169266,0.0014957493979691867,0.00010505209003162791,0.0015820985495361801,1.352821540768545e-05,6.759734181010569e-05,0.0002519195110673831,0.006149838173328283,5.0292933689326056e-05,0.00030819973842085695,7.016254477089292e-05,6.260073798306116e-08,0.00031077775174233785,0.05050327385174727,7.832930714568892e-07,1.988572175777967e-05,1.026018753002122e-05,0.002449911644193539,6.929375567702741e-08,0.00023111355720499072,0.003094372621020241,1.3786984402420344e-05,0.0002579176049243805,0.8260287506446541
24,0.000962633584505089,0.1378654885140194,0.0014412101550301398,0.00017391663227923527,0.002088751112473087,1.4942412104708513e-05,5.5720377498247005e-05,0.00022750324061088622,0.005063908792897949,6.999894130123599e-05,0.00027228895796959875,6.328758527400261e-05,8.527474699541007e-08,0.0004631456282615493,0.029682740332842877,6.151199664340582e-07,1.4878236373615714e-05,1.3749403906843782e-05,0.0021187279904155984,8.110480629445309e-08,0.0002468447229774324,0.0027739404389050303,1.3587812935281522e-05,0.00021423405497110319,0.8161577195729274
25,0.002856287395125906,0.10819103688212618,0.0028415843511093745,0.00023320319223977986,0.0015264534392171326,9.255679004720356e-06,0.00015149277173327112,0.0006759544281390848,0.006049981909569058,3.664691835009926e-05,0.000799433804363635,0.00019262594831534404,1.407669135897365e-07,0.00040523134697925813,0.03870396544783973,6.912060743908935e-07,4.410015674130903e-05,2.1944185540241827e-05,0.003044219959435947,2.037318559073574e-07,0.0003087569666838187,0.0036818145140086,2.0304222199432523e-05,0.00046925289851593437,0.8297354178779182
26,0.003251340884490688,0.13943752763079456,0.002722546759959675,0.0001197801626914167,0.0015675346628173372,6.104650001113277e-06,8.890094002732007e-05,0.0004394752755709789,0.0054669258965942165,4.621349166959027e-05,0.00034947260985140324,9.388070588948627e-05,1.4166895619747908e-07,0.0001724677970253964,0.035459104567709995,4.3248369831387085e-07,6.254207900681866e-05,2.1616684338760445e-05,0.0013388742690992746,7.480923495223394e-08,0.00017358826418423915,0.0029892113491843415,1.2746803858874547e-05,0.0013238906756958954,0.8048556048776491
27,0.004479527775836299,0.2518020480824734,0.0055992545245281316,0.0005854801937279048,0.0068086196922356864,1.2570442375483143e-05,0.00016924754294893364,0.00020882044945302625,0.0014314842990407319,3.1791320521466405e-05,0.001580818644885453,0.0005771249855444184,6.898543577240246e-07,0.002205018443026724,0.016228063899614162,5.589099831447718e-07,6.46491821352937e-05,7.084626135569473e-05,0.001923038971866767,1.1156580542547842e-07,0.000401254314682226,0.0016898467226570326,5.506522448308159e-05,0.0009016990486735813,0.7031723696477882
28,0.0014610347755335724,0.10552356097169266,0.0014957493979691867,0.00010505209003162791,0.0015820985495361801,1.352821540768545e-05,6.759734181010569e-05,0.0002519195110673831,0.006149838173328283,5.0292933689326056e-05,0.00030819973842085695,7.016254477089292e-05,6.260073798306116e-08,0.00031077775174233785,0.05050327385174727,7.832930714568892e-07,1.988572175777967e-05,1.026018753002122e-05,0.002449911644193539,6.929375567702741e-08,0.00023111355720499072,0.003094372621020241,1.3786984402420344e-05,0.0002579176049243805,0.8260287506446541
29,0.0014610347755335724,0.10552356097169266,0.0014957493979691867,0.00010505209003162791,0.0015820985495361801,1.352821540768545e-05,6.759734181010569e-05,0.0002519195110673831,0.006149838173328283,5.0292933689326056e-05,0.00030819973842085695,7.016254477089292e-05,6.260073798306116e-08,0.00031077775174233785,0.05050327385174727,7.832930714568892e-07,1.988572175777967e-05,1.026018753002122e-05,0.002449911644193539,6.929375567702741e-08,0.00023111355720499072,0.003094372621020241,1.3786984402420344e-05,0.0002579176049243805,0.8260287506446541
30,0.0014610347755335724,0.10552356097169266,0.0014957493979691867,0.00010505209003162791,0.0015820985495361801,1.352821540768545e-05,6.759734181010569e-05,0.0002519195110673831,0.006149838173328283,5.0292933689326056e-05,0.00030819973842085695,7.016254477089292e-05,6.260073798306116e-08,0.00031077775174233785,0.05050327385174727,7.832930714568892e-07,1.988572175777967e-05,1.026018753002122e-05,0.002449911644193539,6.929375567702741e-08,0.00023111355720499072,0.003094372621020241,1.3786984402420344e-05,0.0002579176049243805,0.8260287506446541
31,0.0013165329718805442,0.03716864871374528,0.00033465134843853426,2.759872489646672e-05,0.0006320839587054343,0.0001483386343215983,0.00011691201968554782,4.826776450097571e-05,0.008146508243889534,2.28413971005821e-05,0.001555259950758231,5.084800838360888e-05,1.0952361570714169e-08,0.00024495600460536416,0.4478995804662302,3.413888555245416e-06,6.5788388261622725e-06,5.336094957460006e-06,0.0035013616507420845,4.421086179574532e-08,0.0003669761506793037,0.003861160423373178,4.4028393898491636e-05,3.656590019436703e-05,0.49446149528840844
32,0.0014207088083752909,0.10376573675856181,0.0014356840962188866,9.539159555616381e-05,0.001585124288756767,1.3586372661403005e-05,6.511289514557502e-05,0.00026301851957156113,0.006961135526993317,5.187196865294954e-05,0.00028877634785228883,6.774593681940479e-05,5.773797531324211e-08,0.00030890349511943386,0.056949547678709106,8.499491254714545e-07,1.9687376953331816e-05,8.788058371449866e-06,0.0030051165738700005,6.635375239975005e-08,0.0002393600584774405,0.003372235545718486,1.2654553628349312e-05,0.00022767811867959213,0.8198411613844542
33,0.0029254595078233915,0.35914442455477813,0.001281420133505734,0.00015795570642570004,0.005230012737350637,2.0525587460166525e-05,7.103290884726082e-05,0.0005059051542494156,0.0021894974340914723,9.672467468802984e-05,0.0004579564372256089,0.00020629676509044843,1.9476681384108495e-07,0.0008643080889406806,0.06021685412366701,1.142016112974441e-06,0.00011203517415824087,4.829090577371785e-05,0.0038721897563769436,1.1309733502705494e-07,0.00042133056189336087,0.027111314085162746,5.215515366356922e-05,0.000641453116656372,0.5343714075519096
34,0.0012810134790496304,0.05372441988475774,0.001792156891794419,2.906511913765999e-05,0.0007509277505524469,1.2064725986340277e-05,7.346206392717342e-05,0.00019910624245097854,0.05833079661842471,4.075723577353396e-05,0.00018430369662750023,1.941181400642447e-05,2.8086196086337357e-08,0.00012312430867934994,0.09605866129013078,7.482722398036976e-07,3.998135963806255e-06,1.4440150316754491e-06,0.006593230574879061,3.0700078861560094e-08,0.000108462463418255,0.00107056579552635,1.4489215029747406e-06,0.00010420696656637277,0.7794965649472981
35,0.001364936304532491,0.08565807009332033,0.0010057520252899862,9.056006560236475e-05,0.0007595346439943707,5.300398022196185e-06,4.496096835373386e-05,0.0003474435811469153,0.006611821817061114,5.528535149453542e-05,0.0001443048674616483,4.9473484685916984e-05,4.84269752684423e-08,0.00013250138353401744,0.020245291992470986,3.2842629129674426e-07,1.8703647457040137e-05,1.0899492891078889e-05,0.002135907031185214,5.2978695682917143e-08,0.0001644796114427478,0.0025051599988311205,4.681936274023415e-06,0.00024510780105084355,0.878399393671935
36,0.0015354639591834724,0.044874747901091055,0.001816713058512967,4.8231560582506514e-05,0.001859444943958856,1.8857068604238342e-06,1.9815578454322642e-05,0.00042188836895850934,0.00538244250526079,2.769908075009296e-05,6.590153996374007e-05,0.00014211066418431934,4.9475806199372633e-08,0.00017236223432191331,0.04361985060183203,4.7501530804378414e-07,6.26979248221409e-05,2.140580986958417e-06,0.004280122297426209,2.1022061298867596e-08,0.00014760378055337834,0.003006604003313342,4.055523177973417e-06,0.0002407740409108086,0.8922668986317187
37,0.006739126254452447,0.11002959574521672,0.0026298444630806403,9.985448165314176e-05,0.0013376456478189271,9.29603677580804e-06,0.00012987695311724408,0.00021827059207045745,0.0027750732952741457,2.6012523201604116e-05,0.0004578892496932254,0.0001867812404886314,9.72338489972864e-08,0.000499625374746653,0.030171075495185048,8.336003185600807e-07,3.349843934295605e-05,2.4253643088536375e-05,0.001974684335306317,7.004480907158952e-08,0.00021063418510812814,0.0032493674765625567,1.5800780863961238e-05,0.0005096296532597362,0.8386711632547165
38,0.003726563515033444,0.08713878514250414,0.0011040557533704375,5.9015498941507396e-05,0.001028875704873125,6.701862674666077e-05,0.0002249441116263635,0.00012800411119568426,0.005812125863377871,4.544880542497252e-05,0.0007685225227986494,8.768358815493859e-05,4.3068266040354394e-08,0.0004829997794879147,0.15639428448695972,4.135046065465609e-06,1.3111234525081483e-05,1.4339785305024494e-05,0.0034631298870732696,9.376010298710108e-08,0.0003475453363983648,0.004550548865640713,4.6043408640814986e-05,0.00018600805164639995,0.7343066740458405
39,0.0011791833062571328,0.04086497557786832,0.001501151477811385,0.00010254520578640377,0.0016375821037961033,1.825315544028103e-05,4.355165844529469e-05,0.00031204092464182505,0.005895662259967939,4.8719810466450305e-05,0.0002074314561303009,0.00011336456356489239,3.1432120414338413e-08,0.0003207906371793312,0.043507338067064985,1.6608288661733044e-06,1.7024534808677702e-05,7.4976428553458945e-06,0.0033909886307899586,9.08366756008684e-08,0.0003757326686155477,0.002860336051407581,1.476584987160098e-05,0.00011308788444027275,0.8974661934351281
40,0.001514019262186962,0.10565348153975859,0.001501047396505088,0.0001019165774563779,0.0015859419855632371,1.3743758620006818e-05,6.797517495652255e-05,0.00024908398111508326,0.0061182722508736275,4.9559268092598615e-05,0.00031357802173607264,7.210940975456887e-05,6.118820196703288e-08,0.00031668466236173227,0.051586315920997446,7.951122128271454e-07,2.0082337613933265e-05,1.036511576141173e-05,0.0024940712825257997,6.801288247187549e-08,0.00023529249496725464,0.0032187000761756423,1.376766442613768e-05,0.00025545526252221076,0.8246076122427325
41,0.0005763195982744939,0.08292380093727772,0.002494141192831103,5.666666249807204e-05,0.0026035277767175492,1.6399359308224622e-05,3.4161150409191436e-05,0.00017746246068597933,0.02383271445619333,6.27219552735026e-05,0.00013505517461707032,2.191962119259533e-05,4.079887734407953e-08,0.00022429222547939366,0.08803858985377222,8.160163299866643e-07,6.782273144719363e-06,1.925680812703862e-06,0.0026911427200293323,3.5951290576844586e-08,0.00013410706757408444,0.0013813815931624312,4.0204927840175945e-06,0.0001750554515588446,0.7944069195299054
42,0.0013335821588211206,0.08531499624586458,0.0010158958312530776,5.1955298642061086e-05,0.0010008537962397691,1.0363994843901351e-05,5.548005435603393e-05,0.000528231474854702,0.008136719140548402,5.5958695657285495e-05,0.00018416495392773436,6.685563655038842e-05,2.2981139109726558e-08,0.00019727554955403692,0.11144641725487646,1.710787761769335e-06,3.215558549064639e-05,4.690185019669596e-06,0.007004511095325089,9.30776967470706e-08,0.0003489717692542701,0.01061746583230279,1.2109075407349456e-05,0.0001374029319220989,0.772442116592691
43,0.0006510095870818195,0.1029641930492317,0.0005550054533060676,8.121013079496637e-05,0.0021512422306232512,2.940203398085523e-05,2.9435442263519537e-05,0.00035647524403700526,0.007991278958333613,0.00015364891561640923,0.00015473073700078208,3.860922313941127e-05,2.4561368072881576e-08,0.00020820346785644915,0.08646557178248054,1.5851385699273422e-06,2.1007435758092655e-05,8.224348462322177e-06,0.004578618267045571,5.355402913665252e-08,0.000511762780589068,0.007228928096125742,1.6469984557416207e-05,0.00013506732745980734,0.7856682422502884
44,0.0014610347755335724,0.10552356097169266,0.0014957493979691867,0.00010505209003162791,0.0015820985495361801,1.352821540768545e-05,6.759734181010569e-05,0.0002519195110673831,0.006149838173328283,5.0292933689326056e-05,0.00030819973842085695,7.016254477089292e-05,6.260073798306116e-08,0.00031077775174233785,0.05050327385174727,7.832930714568892e-07,1.988572175777967e-05,1.026018753002122e-05,0.002449911644193539,6.929375567702741e-08,0.00023111355720499072,0.003094372621020241,1.3786984402420344e-05,0.0002579176049243805,0.8260287506446541
45,0.002047008219140431,0.11105297359288215,0.0033389804213661586,9.679008761749514e-05,0.0028128055840137894,1.4548223137093252e-05,0.00012602755690223596,0.0005675051871994177,0.01770317580667984,5.667292963929338e-05,0.00042101294904893114,9.088050023192729e-05,1.2560304170294513e-07,0.0003186564674134647,0.12208737244813882,1.2334529413076396e-06,3.081820466916368e-05,5.608171300040802e-06,0.005124798691934593,9.916658790022091e-08,0.00018564429566797998,0.0039043417205136457,1.3233693723914219e-05,0.0004982531164626722,0.7295014339097461
46,0.0028991292087013273,0.11559896134034693,0.0014095782477870967,0.00012014811710480983,0.0018427146565556784,2.563120722303737e-06,3.117098878992377e-05,0.0007326352122030936,0.0019352388790265,3.532167357274993e-05,0.00023018632565630903,0.00021694242877015436,1.084855332598487e-07,0.00014388948555214064,0.04056189143492676,3.7811928717802405e-07,0.00030717191962986815,1.767379256806801e-05,0.001841900500907277,5.989200591020268e-08,0.0002950280280745322,0.007039332777832525,1.93829744236152e-05,0.001036462925980367,0.8236821294640417
47,0.0002013331136003768,0.12342140384047239,0.0017963345325329142,0.00026420960791061866,0.004269853184634766,1.7035518779763345e-05,4.271393463375825e-05,0.00022549411998139477,0.01713654200807739,7.351472302829669e-05,0.00028377399224982746,1.4078126139432094e-05,8.319814765061332e-08,0.00038418974007450467,0.05302636661139158,3.4064892649560834e-07,6.066549414241597e-06,3.782577623516126e-06,0.002165725531655358,5.061398763564283e-08,0.00017042253579025094,0.000708116839406614,1.2133777634040234e-05,0.00019988594584461716,0.7955765487280626
48,0.0018481126758923877,0.20661040032678815,0.0005558366324836742,7.447158915071736e-05,0.001183696524066307,3.5189632353515215e-06,5.785205342295311e-05,0.0005801838605342783,0.003141513463590409,7.173015013595322e-05,0.00011883635579840399,4.9065700887416205e-05,7.513222329722766e-08,0.00017478344886549859,0.06825470761572458,6.608871245128172e-07,8.839806377629741e-05,7.820093665501385e-06,0.005535427472976911,4.2584664750977875e-08,0.0002236523719743136,0.008543885408732415,1.6845305003592443e-05,0.00048212628088710783,0.7023763570383953
49,0.0018485441717627528,0.100729123048766,0.00243333104628136,0.0001345765606394879,0.002882560422409207,2.970130439193761e-05,7.414167564322645e-05,0.00031970582027367786,0.007290767221370713,6.141225064913098e-05,0.0005597185476115287,0.0001834206248095911,8.448796060650988e-08,0.0005465414773732721,0.05998616756503817,1.2707476477869295e-06,2.789513280536012e-05,1.840608869502527e-05,0.0029439888939772505,1.2205686402846804e-07,0.00037018609068156593,0.005942538133805298,2.0185375672996316e-05,0.0002486846888378473,0.8133469265660321
50,0.0012433193555813485,0.10710402796110863,0.0010891859614755182,7.49271024653551e-05,0.0009459594269689001,1.2712595857114004e-05,0.00011483861559000101,0.0002372825856654076,0.009722013962650367,9.897792284425461e-05,9.904787366942702e-05,2.3865221833357472e-05,5.0732294067227385e-08,0.00034830483038949,0.04293662357465708,1.5247324152815192e-06,6.8582545161197635e-06,4.336297186249521e-06,0.004931831030563631,6.651769485185355e-08,0.0001341078635677503,0.00308496354999203,8.067635154569214e-06,0.00014487976506103928,0.8276322266307982
51,0.0015237444729118658,0.12683413688407083,0.0014740142327957304,0.0001410192639034221,0.00147101965199098,1.284014694030293e-05,7.93438837807661e-05,0.0003008548240819656,0.005826009154135613,5.678233062255889e-05,0.0003791873807578279,7.700653279518907e-05,7.075617033296071e-08,0.00035161788737853375,0.03770831543236944,5.428434171105806e-07,2.0550000293550535e-05,1.761327618451428e-05,0.0022773172104604156,7.81355668782131e-08,0.0002859741595560013,0.0036707160746591552,1.3352948062689236e-05,0.00028100431196695754,0.8171968882051274
52,0.004418863839301189,0.1906025732070648,0.0017771131477275258,0.00024535967881648664,0.001774021795575861,0.0006117104995614337,0.0004646778648188208,0.0001970377701014035,0.012421381172265709,0.00017954399987033542,0.0040677545254800464,0.00011614900410302397,1.7486219309576592e-07,0.0007098004345638469,0.08609090499401023,3.765039652954419e-06,1.2782827220378423e-05,0.00033220044381833766,0.0012057119531851386,6.105361698599799e-07,0.0006188759335678028,0.009344844021619017,0.00010111803996029343,0.0005460569896782469,0.6841569674196741
53,0.0019672377522368546,0.08773345812998279,0.0013004785895775624,0.00010125773204140244,0.00041598614608774165,2.5033557929876066e-05,0.000365443104482712,0.00017881395914578978,0.007850869088414767,4.314901858384649e-05,0.0006860012533940646,3.262154583546715e-05,5.8701208250664066e-08,0.00023793860558991059,0.08974010008441162,1.950498098264934e-06,8.861927726610605e-06,1.100053279667816e-05,0.0016381595739059806,1.8826271413901295e-07,0.0001702170877422823,0.0019917717737600966,3.342523552627197e-05,0.00030675048636092826,0.805159227352446
54,0.0011904587782315143,0.06594204940250792,0.0007431318361045949,4.632390249787012e-05,0.0003964717015703709,8.803857315542507e-06,8.164491308468769e-05,7.459231840913704e-05,0.0035258406923559887,3.972726400564566e-05,9.294242661046297e-05,2.5223511251314997e-05,2.7179401994127415e-08,0.00023796493509394505,0.036745577950431055,1.1650051738320387e-06,4.7029986049736594e-06,3.4152576718607913e-06,0.0014190957460905854,4.154963259276964e-08,0.0001058031551662693,0.001382808987570196,8.364872010261706e-06,0.0001078295637560994,0.8878159921954513
55,0.0015556021949596542,0.10013658000634301,0.0017066267824495604,0.00011070248698670774,0.0014002007006717015,1.155553549401002e-05,6.933120938757614e-05,0.00025651976509000077,0.006868788857298364,4.788784614421383e-05,0.00031860862051991156,7.784471506261938e-05,7.427798098336306e-08,0.00027349559323863867,0.03886286626403977,6.150586013579027e-07,1.8423223034581705e-05,1.1314791716345251e-05,0.0021245593185557246,7.428274737791676e-08,0.00019899508151465374,0.0025077097249317404,1.0152872033842938e-05,0.00028005007233917,0.8431514207188585
56,0.001518029126826463,0.1184912256910057,0.0016864633060369588,0.00011444871869089048,0.001774277422739678,1.407834040558969e-05,7.314834281351214e-05,0.0002737143465157586,0.006831371511709822,5.510625019188374e-05,0.00034066880091774854,7.432859396546902e-05,8.02883705964217e-08,0.0003287987554390251,0.05210095100657719,7.855381560113441e-07,2.2043679668983857e-05,1.1214096834085209e-05,0.002520455414987564,7.725488477718885e-08,0.0002337915997042388,0.003168929800572852,1.4006273792130609e-05,0.0003053740256192049,0.8100466318135738
57,0.0012076491949703757,0.0731618525001003,0.002712867148156504,8.654583588286337e-05,0.0032621196799471246,8.607985900743513e-06,2.7054321289934794e-05,0.0004984487272728273,0.010280468455217982,6.228574466536129e-05,0.00016258496794800613,0.00017253890659663595,6.600136475230807e-08,0.000322234395530061,0.0470623954892263,8.377476200450013e-07,4.2519779687166254e-05,5.694206298118808e-06,0.005246595725861118,6.246217227587374e-08,0.00030076307298904125,0.0051950245074323465,5.671573970796322e-06,0.00019090317374050888,0.8499842083961587
58,0.0015664290209401383,0.12083513685775783,0.00161904901167577,0.00010567395618118848,0.0016782931128947656,1.1128723192739163e-05,6.911495672108428e-05,0.0002797774398982475,0.005774398171935791,5.1754676903229594e-05,0.00030431297184349153,7.098850591014817e-05,7.545797123680235e-08,0.00028186173873151016,0.050922047575160785,6.886960181147757e-07,2.6655329278865484e-05,1.1373505618755663e-05,0.00220795325497117,6.561126525278769e-08,0.00022824258465009727,0.0032151709978768686,1.4526966919457106e-05,0.00037534703226409775,0.8103499338434194
59,0.001632431322140036,0.11603540759399561,0.0020435436735070723,0.00010982671529606485,0.001703211727300636,1.0249510523608425e-05,7.273013154457717e-05,0.0002899146237238161,0.005849293454274197,4.902279960954302e-05,0.00030090401619863467,7.530108975795446e-05,8.267229548549318e-08,0.00028381487963998565,0.04664740393727703,6.917876881730176e-07,2.6694852113234508e-05,1.1570304755081594e-05,0.0019267260005076134,7.402347026983927e-08,0.00021326770856570457,0.002899524321983742,1.361793022503455e-05,0.00043569019883167153,0.8193690047247751
60,0.0014610347755335724,0.10552356097169266,0.0014957493979691867,0.00010505209003162791,0.0015820985495361801,1.352821540768545e-05,6.759734181010569e-05,0.0002519195110673831,0.006149838173328283,5.0292933689326056e-05,0.00030819973842085695,7.016254477089292e-05,6.260073798306116e-08,0.00031077775174233785,0.05050327385174727,7.832930714568892e-07,1.988572175777967e-05,1.026018753002122e-05,0.002449911644193539,6.929375567702741e-08,0.00023111355720499072,0.003094372621020241,1.3786984402420344e-05,0.0002579176049243805,0.8260287506446541
61,0.0015582038550202141,0.11600755813883781,0.002211052583586779,0.00011052864328267892,0.0018732506283214705,1.1283257782741498e-05,7.098143166906824e-05,0.0002810298260714052,0.006550024503577852,4.8134430619451796e-05,0.00033627938554771564,8.204706429582054e-05,8.193589914150537e-08,0.00031463358907966204,0.04876961909965938,7.040257328104416e-07,2.4770102017220092e-05,1.0751819885187983e-05,0.002157822930302172,7.532946425839248e-08,0.00022286148089164614,0.0029285148838298974,1.2526747747216538e-05,0.0003745246441100877,0.8160427396627683
62,0.0014610347755335724,0.10552356097169266,0.0014957493979691867,0.00010505209003162791,0.0015820985495361801,1.352821540768545e-05,6.759734181010569e-05,0.0002519195110673831,0.006149838173328283,5.0292933689326056e-05,0.00030819973842085695,7.016254477089292e-05,6.260073798306116e-08,0.00031077775174233785,0.05050327385174727,7.832930714568892e-07,1.988572175777967e-05,1.026018753002122e-05,0.002449911644193539,6.929375567702741e-08,0.00023111355720499072,0.003094372621020241,1.3786984402420344e-05,0.0002579176049243805,0.8260287506446541
63,0.0014411070783867852,0.12257236792374222,0.001442772831513821,0.00010216540851752068,0.001479801177862417,1.263861071691846e-05,6.970984391485338e-05,0.0002514031466992164,0.006340236874043269,5.232523085569885e-05,0.0003187782916166437,6.179354542734269e-05,6.683512537235167e-08,0.00028211378575087546,0.051575019640583614,7.047051286688792e-07,2.035622871969753e-05,1.0633615889183201e-05,0.002349659786881676,6.93964312792855e-08,0.00022403558437688025,0.0031203195152847796,1.2854604354989133e-05,0.00029053871589049176,0.8079685276222858
64,0.0013253539859560365,0.09658265755962524,0.0012028469977230726,9.127915595802592e-05,0.0014251776388046974,1.1959273684689102e-05,5.211371752275027e-05,0.0002270179400798942,0.00506682820737146,4.361147205652823e-05,0.00028966135710618596,7.045742474991899e-05,4.3786269564700344e-08,0.00027949058043831603,0.05181440577802665,6.815901453013691e-07,2.102207511169783e-05,1.0033172506611836e-05,0.0024341418191141354,5.222561591234739e-08,0.0003059024753808829,0.0030743869587025476,1.3122359673228245e-05,0.00021392516916201156,0.8354438272792146
65,0.001230183097871589,0.04464952085319673,0.001356182402826709,0.00027199487458948315,0.010476456501479416,0.0002348783055103653,2.6030938543311936e-05,0.00010291185959706537,0.0013865004801276257,8.497201253695559e-05,0.0005626446991894421,0.0007847282765386487,4.2989597007678615e-08,0.0035559391788104007,0.030601871446957165,4.3788568159579895e-06,1.6764820194425314e-05,6.0786661780187775e-05,0.002706927488926684,1.0250264530068817e-07,0.0016025541179193038,0.007750849293485902,8.772507128445091e-05,4.111442291762708e-05,0.8924039388466583
66,0.001459659503885681,0.10425387154536321,0.0015376744012233646,0.00010614084076922571,0.0015857241763196823,1.3922740821006873e-05,6.911791855096518e-05,0.0002577198221893219,0.006488010741437425,5.222550106675414e-05,0.00030410789971101545,7.088629793802185e-05,6.411700108553463e-08,0.0003158983666099279,0.04974136990934069,8.218909515622153e-07,1.9244137029600202e-05,1.0080270768400863e-05,0.0025575294575885996,7.310807989422278e-08,0.00022877793901735646,0.003102658669484527,1.337691618063281e-05,0.00025008690579040075,0.8275609569228817
67,0.0014572132552461308,0.11958016015018846,0.0014454328998591772,9.485173090360818e-05,0.0015649483061481442,9.779866685035602e-06,5.74506508470272e-05,0.00031187234187741314,0.007686672826881038,5.301190165538473e-05,0.00026503282559072616,6.05175306711606e-05,6.128813449314761e-08,0.00023740364931801897,0.047447631526270816,5.393086787881899e-07,2.2604425257787035e-05,9.298540994839592e-06,0.002836101931516495,5.4818587462773076e-08,0.00021333153383093042,0.0032432527284719827,8.991169694427258e-06,0.00028802314570652393,0.813105761646984
68,0.001379907541375386,0.10718596396421061,0.0017279397018598811,9.907305132085947e-05,0.0018192319968033176,1.1589740261716577e-05,6.485899332569739e-05,0.00027668007230108343,0.007637051169732364,5.21659589514577e-05,0.000257515621568062,6.483167173192963e-05,6.650906887105983e-08,0.00032308740336701774,0.052946416162210144,7.616890091499226e-07,1.915378164379223e-05,7.5283949560046635e-06,0.003004789475768646,6.12849540072228e-08,0.00020669788105090857,0.002936586843858403,1.0818317621345565e-05,0.00025552260622414743,0.8197117001668253
69,0.0015922791351225065,0.11170196905975664,0.001498752098112741,0.00010330405992995607,0.0017785552691145698,1.5525467823832195e-05,6.998228340597478e-05,0.00025289790731500137,0.006351402093241541,5.117982507866639e-05,0.0003458315321561207,7.720808339916122e-05,6.414046978486573e-08,0.00034579725155012384,0.05668152868590054,8.242087499733947e-07,2.1122598101032306e-05,1.0972130543898012e-05,0.0026888405811917515,6.610381817291392e-08,0.00024848168294766944,0.003553502550772225,1.5087197948480725e-05,0.0002586644072174447,0.8123361616463322
70,0.0015108435721607044,0.09110263617707413,0.0016888706515342988,0.00010517871559885693,0.0015782810335578652,1.5250051373223458e-05,6.906591835782588e-05,0.00020692671322200136,0.005597085850328423,4.6466421204323554e-05,0.00030943925999349614,7.927020996250344e-05,5.950902029115472e-08,0.0003735181513317866,0.0455934801922839,8.956730828075099e-07,1.6840940367581365e-05,1.0379027204728816e-05,0.002156678301282766,7.192935460083698e-08,0.00023311018282413934,0.002844340058464502,1.4053404909629964e-05,0.00022496994308651241,0.8462222881124191
71,0.005727279133806448,0.059916711242289394,0.0017664634409401774,0.00016076930039917229,0.00037840496735807054,1.3031377526148468e-05,0.00040298202599886764,0.0004238451297057701,0.002973980412958347,2.4314696661092663e-05,0.0008984247501682566,0.00016972596619513238,7.590131817687419e-08,0.0003028413621775401,0.046594970271942315,2.2874547469877472e-06,3.38567581559764e-05,3.321904573030104e-05,0.0020448795514906044,4.075817098403953e-07,0.00032402116976161836,0.0035240972967643717,5.281237000025835e-05,0.00043791518030002294,0.8737926836118951
