,0,1,2,3,4,5,6,7,8,9,10,11,12,13,14,15,16,17,18,19,20,21,22,23,24
0,0.0004333543500622385,0.047564399334311905,1.559618054729893e-05,0.00022324025017062462,0.0012000164972138575,0.00011934748294882158,5.643578042857082e-06,9.257136302055377e-05,0.04315672146646372,3.0205237882762282e-05,0.046849382051464564,0.0003146321001643152,1.3266211132560713e-09,0.0013767690317957975,0.7410263646354911,6.768491953694394e-06,2.4235532463605665e-05,0.00010209813848283375,0.0002677900505090946,9.632575341226151e-08,0.0001177762399947277,0.0024540645247411366,0.008501698314019758,4.044194311529842e-07,0.10611682307644911
1,0.00017505161195175442,0.07151719750364592,1.2807004065618205e-05,5.763910438531361e-05,0.001386614388093518,7.9778970923751e-05,2.636958512802219e-06,2.353642536801604e-05,0.020433187978715957,1.3658261687211113e-05,0.028796944760030457,0.00022980630956049347,3.312541604918381e-10,0.0013412176335913532,0.726128367810125,2.079041657345195e-06,1.364027190710578e-05,3.760220710157174e-05,0.000236557873215449,3.725923827136579e-08,8.48629956799415e-05,0.002218299761546252,0.004099762444185192,2.2539940719160636e-07,0.14310848769415027
2,8.819081633005461e-05,0.04794416799353869,5.4104776822110106e-06,2.9485833529125116e-05,0.0007275780008759765,3.10039026662405e-05,1.4886562862872815e-06,1.3112914693242904e-05,0.008415004330465273,6.8865018274195015e-06,0.02626575755523093,0.0001807689995507313,1.5086301174200512e-10,0.0015705882845798878,0.7701095760912919,6.755043267036057e-07,7.105114973435782e-06,2.697937473890706e-05,7.849372734307755e-05,2.73998725346242e-08,5.100800299559923e-05,0.0012023006283675226,0.0030270440928932903,1.2720891923106266e-07,0.1402172184361585
3,0.00011720104080559532,0.06120093369212085,6.529955319788028e-06,4.422249585758684e-05,0.0008414673607954484,5.632784451278117e-05,2.493139781619348e-06,1.5588997932145367e-05,0.009690782644194961,8.143084076243776e-06,0.024197208993555517,0.00024318676274512224,2.1398947901669762e-10,0.0018127467610499957,0.7348667378018189,1.265498062238132e-06,1.1696693825418176e-05,4.217404456289045e-05,0.0001267897789938386,3.056969346531691e-08,7.31600908925016e-05,0.001999248556416761,0.003958834897559732,2.2061288793832648e-07,0.16068300846854916
4,0.0001361590465445283,0.06329731664852617,7.1341834994882524e-06,4.713678274281691e-05,0.0009146091118256354,6.0090301830831795e-05,2.7123569364997644e-06,1.7052046347058744e-05,0.009418117266614701,8.793495321793e-06,0.024703754590048997,0.0002516719313638932,2.807343444936937e-10,0.002110132606630239,0.7321680036328903,1.463810218575951e-06,1.2932559835899431e-05,4.9052113718212504e-05,0.0001513778817556757,3.532038668968838e-08,7.506372609688978e-05,0.001958424933860785,0.004109205975193899,2.6797915624797827e-07,0.16049949141791992
5,0.00011316094606690093,0.06821851167457856,5.053896019416285e-06,5.5077741321441714e-05,0.0007361478601633669,6.553829887705544e-05,2.1887118674912624e-06,1.5615789353934418e-05,0.009054040199906478,7.299689546244653e-06,0.024160428382508314,0.00021791407508208908,2.2642384787412762e-10,0.0017406275743942002,0.7464488293500451,1.371853791135482e-06,1.1169602249079907e-05,6.222671946311537e-05,0.00012991470350457373,3.369471772500699e-08,7.319205752751045e-05,0.002033314216911054,0.0043296481794781036,2.1622721315089675e-07,0.14251847832898998
6,0.00011720104080559532,0.06120093369212085,6.529955319788028e-06,4.422249585758684e-05,0.0008414673607954484,5.632784451278117e-05,2.493139781619348e-06,1.5588997932145367e-05,0.009690782644194961,8.143084076243776e-06,0.024197208993555517,0.00024318676274512224,2.1398947901669762e-10,0.0018127467610499957,0.7348667378018189,1.265498062238132e-06,1.1696693825418176e-05,4.217404456289045e-05,0.0001267897789938386,3.056969346531691e-08,7.31600908925016e-05,0.001999248556416761,0.003958834897559732,2.2061288793832648e-07,0.16068300846854916
7,0.0005555490522884468,0.06562735124086759,2.3417399088244832e-05,8.039253337764484e-05,0.0018403012702170492,3.895364547916085e-05,5.305289051748302e-06,5.314375352021485e-05,0.01723068359457423,2.9974578081360346e-05,0.05491091982587583,0.00027435876186714337,9.739126770312605e-10,0.0022657385514073375,0.638832347282426,1.745412916939836e-06,2.3803418330157067e-05,2.895968746381133e-05,0.00031602604469712844,6.087323938989477e-08,4.1502309743531744e-05,0.0027659614348742043,0.002407991803834776,3.800251221067766e-07,0.21264513123774317
8,0.00016180783487832284,0.041266007170712056,1.45423121700171e-05,3.16844550894568e-05,0.000835596698442626,3.032768193744354e-05,2.8838931804235816e-06,1.4089762740379657e-05,0.007970873138616344,1.5214632574437546e-05,0.02277125545109013,0.0003018381351176535,2.735058081340588e-10,0.0028912226013894375,0.6379057072179866,7.829511890165589e-07,1.5654288659354235e-05,1.6508265807416986e-05,8.73974702958643e-05,4.002701227650776e-08,9.568037288207436e-05,0.0013678819517765582,0.006020555696374042,4.5420386426488903e-07,0.27818199351270817
9,9.353499319111075e-05,0.04069484010515615,5.934597653004686e-06,2.3354983989802074e-05,0.00048468811161885857,2.1248592117560966e-05,1.4131702631719211e-06,9.318756414486732e-06,0.006137362118780779,8.490790897590485e-06,0.020229925107891792,0.00017428129386888423,1.1557817193108095e-10,0.001887326174050972,0.7069159094661445,3.960307559433426e-07,8.118754457494577e-06,1.4678452863545908e-05,5.3057552860998136e-05,2.23234786654061e-08,5.8833021524058236e-05,0.0010270422274487633,0.004681208474110344,2.075259385128388e-07,0.21746880725894494
10,0.00011720104080559532,0.06120093369212085,6.529955319788028e-06,4.422249585758684e-05,0.0008414673607954484,5.632784451278117e-05,2.493139781619348e-06,1.5588997932145367e-05,0.009690782644194961,8.143084076243776e-06,0.024197208993555517,0.00024318676274512224,2.1398947901669762e-10,0.0018127467610499957,0.7348667378018189,1.265498062238132e-06,1.1696693825418176e-05,4.217404456289045e-05,0.0001267897789938386,3.056969346531691e-08,7.31600908925016e-05,0.001999248556416761,0.003958834897559732,2.2061288793832648e-07,0.16068300846854916
11,0.00013822552484835413,0.06175446473127236,7.372857470856175e-06,4.77005174538771e-05,0.0008789282015099705,6.125396206615171e-05,2.8578323683592556e-06,1.9682798616699043e-05,0.010553134871467381,9.67080159409905e-06,0.02485252037287972,0.000266333408713628,2.9462672283527117e-10,0.0018644741341180314,0.7349293002411099,1.4981494245775067e-06,1.367525406391656e-05,4.743666528348438e-05,0.00014976318125102224,3.522659517840465e-08,7.441758009208196e-05,0.002156235117065269,0.004044391108001177,2.709756666064683e-07,0.15812635619244056
12,0.00015589627528763897,0.07085068550010779,9.069187498899442e-06,5.523095201343476e-05,0.00042947445009586303,4.798045001703809e-05,1.8728177605246922e-06,4.635210223886478e-05,0.011896721279725355,1.2121390316297876e-05,0.025568799803172924,0.0002501053359671656,3.059910919317225e-10,0.0006851700688654078,0.7942071077441545,1.505026917128878e-06,1.2673877574712864e-05,2.6845981360101443e-05,0.00018857208812788753,2.1650244413261178e-08,5.015872848931402e-05,0.0037416037818459435,0.0017224669001572911,1.739331489544453e-07,0.09003939036892152
13,0.00011675593511081993,0.06029208418952822,6.515455112244736e-06,4.3980606430798226e-05,0.0008347901087576954,5.509404265872302e-05,2.4650835998040916e-06,1.554261894630029e-05,0.009592623232643444,8.106849493199873e-06,0.024472932050701817,0.00024338440917690682,2.1298978845661837e-10,0.0018228220208930277,0.7368002533844547,1.2514381691709667e-06,1.1562467144004464e-05,4.187017387758681e-05,0.00012441170261895694,3.064856636405762e-08,7.275920296673085e-05,0.00196807458904369,0.0039409413871011436,2.1729607327288963e-07,0.1595315308939417
14,8.654744262657974e-05,0.09967469992063199,6.188233297538922e-06,4.9718500902129095e-05,0.0010437091908522807,6.0077696441562095e-05,1.4122629994127079e-06,1.0759541296097809e-05,0.008132527055575078,5.712480268124046e-06,0.029028125082350635,0.00014990377578703846,1.9834174978204895e-10,0.0014766151207595572,0.7416563141297255,1.236696377152829e-06,7.578898319185957e-06,5.2086970971283555e-05,0.00017014529901869578,3.137472403226972e-08,5.7686986910393675e-05,0.0017781027399334421,0.0029183116247319834,1.2651958540160458e-07,0.11363238225757309
15,0.00011720104080559532,0.06120093369212085,6.529955319788028e-06,4.422249585758684e-05,0.0008414673607954484,5.632784451278117e-05,2.493139781619348e-06,1.5588997932145367e-05,0.009690782644194961,8.143084076243776e-06,0.024197208993555517,0.00024318676274512224,2.1398947901669762e-10,0.0018127467610499957,0.7348667378018189,1.265498062238132e-06,1.1696693825418176e-05,4.217404456289045e-05,0.0001267897789938386,3.056969346531691e-08,7.31600908925016e-05,0.001999248556416761,0.003958834897559732,2.2061288793832648e-07,0.16068300846854916
16,0.00010391832459752107,0.03113685959880131,8.278097191395273e-06,5.4895290235265084e-05,0.0007385348910847673,6.118222577275318e-05,3.0555002836918994e-06,1.5032449989147072e-05,0.004524682061400473,6.578939569013234e-06,0.03246678076070108,0.0004634927239323297,3.4312673098201563e-10,0.003608276625294522,0.8384735564746094,2.9158643183154286e-06,1.2395262133142294e-05,0.00010328740950722849,0.0001022831837622815,5.852491610507012e-08,0.00017548477539704475,0.0014558095928102477,0.005012276411986368,2.6780844439210366e-07,0.08147009686013515
17,0.00021471944700762928,0.04159343241137728,8.854703924483678e-06,5.625517507527137e-05,0.0011833099808235036,3.186605783590972e-05,5.963101989084011e-06,1.813955291967998e-05,0.00956640422364133,7.988127007432482e-06,0.03572859111076818,0.0005130833054553585,2.8043452569438507e-10,0.00425315314163863,0.60221400561452,1.2078771564065094e-06,1.785671683115156e-05,3.175692303146958e-05,6.772573590467421e-05,4.047537601741812e-08,8.045338473762592e-05,0.002187546876724993,0.004447216012492872,2.718682374397736e-07,0.29777015789508915
18,0.000142415848956738,0.06506125832355869,3.0799767991955756e-06,2.357591201436361e-05,0.0007557945589657463,2.9546656516530187e-05,2.8920913948132102e-06,6.650713414268592e-06,0.007528532542866626,5.460281051184618e-06,0.017753330066713098,0.00013303355184160435,9.39563526713748e-11,0.001888909836866783,0.44915211364189195,3.824961745470577e-07,2.373610012707561e-05,2.756912937407061e-05,9.900580725500299e-05,1.678210689740391e-08,4.062054227321438e-05,0.002552672167335807,0.003828936399786854,2.2850701845593466e-07,0.4509402379717401
19,0.00017413268771091322,0.054913324481240255,1.4023448778853819e-05,6.76380730084641e-05,0.0012346397513434725,9.66847147607964e-05,6.67602658819853e-06,3.88475964328012e-05,0.017946207034579748,2.4325749457251303e-05,0.027171276882075254,0.0005423992862530397,5.120831936084465e-10,0.0015897144918319,0.6659807873220128,2.0790893799943572e-06,2.1177697930113036e-05,3.306274910196598e-05,0.0001573490595110026,5.1144243292501605e-08,8.571189707805558e-05,0.004101116448124132,0.0038400774180827523,4.294255005190652e-07,0.22195826701289117
20,2.8121008629738475e-05,0.05804608850767409,2.4255558169334756e-06,2.178539363537155e-05,0.00019285666115893355,3.258416834433366e-05,6.425238732801863e-07,1.1552346025809535e-05,0.00423883531260949,2.9979180718026265e-06,0.01310019147759096,0.00019035199185754898,6.708198545721105e-11,0.0006048892284530771,0.856726679032221,5.341257834802799e-07,3.8375681300602856e-06,2.530815198460199e-05,4.650626861036572e-05,1.177077825890483e-08,5.155084440182296e-05,0.0018649854719523628,0.0016789420395421524,7.139290599282514e-08,0.06312825117286651
21,0.00011238462275987153,0.0407223736738056,5.704009799975032e-06,6.167620527735144e-05,0.0006555872694949248,3.4619590309686707e-05,1.5762740125418728e-06,1.145586289068639e-05,0.006212136940343452,5.077192607844049e-06,0.04122388167935186,0.00028611990486096485,1.8077869937368422e-10,0.0029450767253505193,0.8003089839385764,1.4416324077812926e-06,6.307911981957034e-06,5.052654298347108e-05,7.257772153746588e-05,3.725450188230998e-08,7.420544432228071e-05,0.0011419647208129637,0.0037224795641665055,1.0706649066430865e-07,0.10234369807057477
22,0.0001421072544824348,0.04020275923757754,9.474893472220298e-06,7.045768778420964e-05,0.0009275879447549817,4.836231880019698e-05,2.6094299911067215e-06,1.6861068661724333e-05,0.00885683359205814,1.2329607679749202e-05,0.052587979678529774,0.0002806115918444955,3.0715440649420846e-10,0.0021286210329249716,0.7507336208594453,1.7225572615773475e-06,1.9782604975377507e-05,7.050557683025254e-05,0.0001145900713566642,6.361540256100775e-08,0.0001140032765287546,0.002065205318611777,0.005277270817519629,1.9352106915233357e-07,0.13631644613528304
23,0.00011720104080559532,0.06120093369212085,6.529955319788028e-06,4.422249585758684e-05,0.0008414673607954484,5.632784451278117e-05,2.493139781619348e-06,1.5588997932145367e-05,0.009690782644194961,8.143084076243776e-06,0.024197208993555517,0.00024318676274512224,2.1398947901669762e-10,0.0018127467610499957,0.7348667378018189,1.265498062238132e-06,1.1696693825418176e-05,4.217404456289045e-05,0.0001267897789938386,3.056969346531691e-08,7.31600908925016e-05,0.001999248556416761,0.003958834897559732,2.2061288793832648e-07,0.16068300846854916
24,0.00012567460612460018,0.07713086439595425,6.208494766517187e-06,6.718354887401058e-05,0.0010643127180099898,5.474363346906159e-05,2.1222375906061617e-06,1.3699136929932012e-05,0.009000878200022024,7.380194537984426e-06,0.03283885109434564,0.00026687255914526305,2.36387109867907e-10,0.0023500166195641456,0.6929611173086372,1.2548700494238038e-06,1.0242374745452588e-05,4.9778919040621976e-05,0.00011837919281348442,3.902665335923648e-08,6.283474334647379e-05,0.002080721375531634,0.0036402795876885525,1.6819162006507706e-07,0.17814637673415284
25,0.00021902806412776692,0.021529911596653174,9.195054101914501e-06,5.904092037355107e-05,0.0008903143542704793,1.8664803217240288e-05,4.132907055470282e-06,3.1249306712558344e-05,0.008105406104469116,1.2614223230275161e-05,0.07259561947643453,0.00043063376377199485,4.492684090541728e-10,0.0034872874377734598,0.7380898370879485,1.1052794035497762e-06,1.2867225495695627e-05,3.767881229172531e-05,5.191786681571352e-05,6.808896234352512e-08,5.246302007052802e-05,0.0012674159065377772,0.0032133249789791842,1.7056754755265858e-07,0.1498800527044874
26,0.00023807780486000655,0.07183932669024595,6.808987548584025e-06,4.982572625451312e-05,0.0012519366940340402,9.973479157731665e-05,3.977735116961548e-06,2.0396397217422744e-05,0.022941557661411666,1.4579383977168094e-05,0.01976367725693852,0.00014726742962762327,3.7465934201539804e-10,0.0015172599601941021,0.6300144979061941,1.610346229047149e-06,2.5372840601708273e-05,7.454957021236008e-05,0.00026373135516117083,4.044320342149892e-08,8.462628435990861e-05,0.0020924466219095893,0.009069785074398843,5.193978976539967e-07,0.24047839326616893
27,0.00043130692469974376,0.022061612366761924,5.3240671641746605e-05,9.259345805685715e-05,0.004052681836252395,0.00011131366155688497,1.3987793460960984e-05,2.2045749382867422e-05,0.006144304994024339,2.4957569054299496e-05,0.05632600709801766,0.0008482667797952832,2.5328684266239744e-09,0.01647146044636392,0.7308711198913338,1.0433090579048427e-05,5.927956311666599e-05,0.0002650628987364118,0.00028520027506446675,3.605080997949676e-07,0.0007452451263813689,0.0010521888604230667,0.021223137121620165,2.0954027659443114e-06,0.138832095379942
28,0.00011720104080559532,0.06120093369212085,6.529955319788028e-06,4.422249585758684e-05,0.0008414673607954484,5.632784451278117e-05,2.493139781619348e-06,1.5588997932145367e-05,0.009690782644194961,8.143084076243776e-06,0.024197208993555517,0.00024318676274512224,2.1398947901669762e-10,0.0018127467610499957,0.7348667378018189,1.265498062238132e-06,1.1696693825418176e-05,4.217404456289045e-05,0.0001267897789938386,3.056969346531691e-08,7.31600908925016e-05,0.001999248556416761,0.003958834897559732,2.2061288793832648e-07,0.16068300846854916
29,0.00011720104080559532,0.06120093369212085,6.529955319788028e-06,4.422249585758684e-05,0.0008414673607954484,5.632784451278117e-05,2.493139781619348e-06,1.5588997932145367e-05,0.009690782644194961,8.143084076243776e-06,0.024197208993555517,0.00024318676274512224,2.1398947901669762e-10,0.0018127467610499957,0.7348667378018189,1.265498062238132e-06,1.1696693825418176e-05,4.217404456289045e-05,0.0001267897789938386,3.056969346531691e-08,7.31600908925016e-05,0.001999248556416761,0.003958834897559732,2.2061288793832648e-07,0.16068300846854916
30,0.00011720104080559532,0.06120093369212085,6.529955319788028e-06,4.422249585758684e-05,0.0008414673607954484,5.632784451278117e-05,2.493139781619348e-06,1.5588997932145367e-05,0.009690782644194961,8.143084076243776e-06,0.024197208993555517,0.00024318676274512224,2.1398947901669762e-10,0.0018127467610499957,0.7348667378018189,1.265498062238132e-06,1.1696693825418176e-05,4.217404456289045e-05,0.0001267897789938386,3.056969346531691e-08,7.31600908925016e-05,0.001999248556416761,0.003958834897559732,2.2061288793832648e-07,0.16068300846854916
31,2.9253990479139874e-05,0.04550788660589429,1.4008261340689332e-06,2.7341723550890414e-05,0.0007662629567864257,7.726059190677922e-05,2.7022837718661882e-06,1.572203811395947e-06,0.008217410531315424,5.532753275908713e-06,0.015944155398974896,9.737226066705196e-05,2.3789990804696703e-11,0.0015720243465866541,0.5138806928887247,3.2328728601220895e-07,5.763611636343645e-06,1.9790249840151167e-05,3.177698583827004e-05,1.7049269277318344e-08,4.6257024033001244e-05,0.0012651282315125124,0.009354682805652631,1.2354536701648262e-07,0.4031452678238953
32,0.0001284791209693511,0.07477893275781136,6.877311164081365e-06,4.4963531594971496e-05,0.0008788236046728948,6.186565094628676e-05,2.2826006367649196e-06,1.6045436458528427e-05,0.009922420928957055,8.085179056256684e-06,0.02291302705028137,0.00022018247140910164,2.4269970106808705e-10,0.0017370588099761167,0.7273473855380875,1.3846833191342827e-06,1.2576453430528958e-05,4.7255233280970476e-05,0.0001701561915143708,3.001476850939911e-08,7.139065320565406e-05,0.0021476076894861107,0.003830806139652048,2.416627393135356e-07,0.155652121043882
33,0.0005878685254062163,0.34558131891174837,1.3617273079547863e-05,0.0001477210181637115,0.001408151973053402,0.0004804665825999534,1.0276225549209141e-05,5.3081587730948316e-05,0.008599523455108041,1.4364892113948793e-05,0.008016178464461217,0.000523291164245972,3.0364256175210294e-09,0.0029733133661203866,0.42234529264393,1.7529685103153093e-05,0.00015256133726911471,0.0004421752588017463,0.0037607064059000045,4.949149312901801e-08,0.0001503914669910078,0.019572998158989528,0.004796745435164065,5.1133476278685975e-06,0.18034726029292392
34,0.0014294358118121975,0.06788759212647925,1.8598510464964874e-05,7.006192203076079e-05,0.002587876352163908,2.0060714248145628e-05,2.1902239806193073e-06,2.9896650021213308e-05,0.015863609023319295,1.213865215998537e-05,0.0752602650560145,0.00012382417721688643,8.157459815014808e-10,0.004646427177163794,0.6673969584117184,1.7628521729323705e-06,2.0817101021850672e-05,5.715924627276464e-05,0.0005457985839523965,5.066318744337198e-08,4.305550929493286e-05,0.0010181111876877021,0.003162108478698951,2.4373040959246273e-07,0.15980195702276156
35,0.00020668282271161666,0.09974582255917121,5.235776187450129e-06,5.61124286555393e-05,0.0007285815553271887,4.929934933240481e-05,2.027920991454036e-06,3.8029372693992785e-05,0.02277912452200339,8.061006773070592e-06,0.023645104744160563,0.00017227810952348394,2.3250547673340165e-10,0.0007560497128718364,0.6983373931059943,1.1608464308487628e-06,1.151784969006158e-05,3.322056978947426e-05,0.0001961639337492901,1.780921892254252e-08,3.2453332272312064e-05,0.0033328322974590543,0.0020273025780753805,1.344477828817904e-07,0.14783539311662877
36,0.00012962442332349792,0.04389904480910631,4.229055358544899e-06,4.554277987565444e-05,0.0004590978883091742,4.0191607368529265e-05,5.194315434329012e-06,3.131886709395166e-05,0.007582223495466376,6.360989212807379e-06,0.025383870026868288,0.000750387460695031,2.370807005400563e-10,0.0022399338243974725,0.7176254013694611,1.4521836586699576e-06,2.1667329778436127e-05,5.1876709081886275e-05,8.225859911266739e-05,2.4428966333658463e-08,5.701612083277516e-05,0.005283968953380381,0.002226176937331305,2.317559683124681e-07,0.19407290583283754
37,0.00027727475444662766,0.04562906195025084,1.0769406330786292e-05,4.856570262342835e-05,0.001365409368619525,5.799449216155381e-05,6.005673333540016e-06,1.011094209577338e-05,0.005039525764630502,8.086185068870446e-06,0.025582022058489418,0.00039930043476982474,4.482384585701134e-10,0.008940295952847215,0.6588939717192726,2.4590885040864373e-06,2.7054995439368408e-05,9.261582007244415e-05,0.00018005796458283628,5.677231811446617e-08,0.00018148332255460848,0.001512946983011101,0.009451803318126473,8.46255081278033e-07,0.24228228062713084
38,7.960997999241887e-05,0.05177694126323961,5.664941599374637e-06,4.36443129586163e-05,0.0005980837433721472,0.00010479457008026156,2.9187418939452192e-06,1.3511812671815854e-05,0.0069612065537617476,6.897235176169805e-06,0.018147519312973762,0.0002865438409179621,2.347309350263901e-10,0.00167972805330304,0.8230185184008909,2.4734641230347136e-06,1.0549101515032817e-05,7.45100033397559e-05,0.00015434509461794443,2.84547379474339e-08,0.00012311518042902787,0.0020885433361504976,0.004869037273775736,2.896838508514433e-07,0.08995152540989738
39,6.288732297732207e-05,0.09555216198296039,1.1776438309645674e-05,4.400790259207931e-05,0.0005539274460980295,0.00016224224776922522,1.9892927272949434e-06,2.750907178673777e-05,0.009961407499544607,5.857726403169343e-06,0.009924478547153255,0.0004406797294261974,2.730353473042222e-10,0.0007154514821180176,0.7976336918332918,3.6128988810002412e-06,1.6853687716972026e-05,5.871337525260741e-05,0.00022492179035045156,2.6663944656787e-08,0.0002757623879790699,0.004284648325650488,0.003982289029226,3.2614673013042543e-07,0.07605477689807545
40,0.00013338093269838042,0.0621329290237748,9.893691362996686e-06,2.6001934253164452e-05,0.00142663840705761,2.3455107242519357e-05,2.1457439637288773e-06,8.505820407868608e-06,0.00565574518725552,4.609517035494297e-06,0.029030268424005558,0.00028578658914694906,1.693894365397469e-10,0.004071007294363126,0.673971087028804,7.354497873190265e-07,9.546807257998384e-06,2.3211265949853806e-05,0.00010082974618664584,2.7842592942610834e-08,6.694935445367604e-05,0.001317118560135788,0.0027427030566224554,1.6769043995992864e-07,0.2189572553558123
41,9.384818534487949e-05,0.08700058562778969,4.267399726500106e-06,5.610984035128546e-05,0.0010356263449730256,3.852792904856287e-05,7.341187692387742e-07,1.640633258094107e-05,0.012723793718447311,4.746997128546249e-06,0.033582660629371965,0.00010091683344325181,1.907514952497797e-10,0.0012781461331459664,0.7940469206272599,1.1723895629487112e-06,3.2048468656305197e-06,4.512748667273173e-05,0.00014406410540370468,2.646784341471449e-08,2.7219026596128808e-05,0.0009036238633138177,0.0018649681701197517,5.7633057171713324e-08,0.0670272451024324
42,8.046619813664272e-05,0.2198885962587135,1.1513718465540145e-05,7.66508371640296e-05,0.00043346952976062916,0.00012250328224845347,1.0977878466173994e-06,4.908269436815901e-05,0.01716923517853092,5.80067637222617e-06,0.012322794175957167,0.00026749013995069665,2.229732284723842e-10,0.00025674812503055275,0.6762543368601589,3.1145684442896197e-06,1.381167608927105e-05,3.257622819570186e-05,0.00037510309557620234,1.4586997658369503e-08,8.846146464696163e-05,0.009545370332985414,0.0013514233010929106,1.3299221675730208e-07,0.06165020606807764
43,9.740884378759481e-05,0.06486155193307042,1.2408503591423408e-05,6.058916375775746e-05,0.0008353771289857325,0.00018730672773844038,3.135477319963289e-06,3.414110128550845e-05,0.015709639582840617,2.1743262916906093e-05,0.015137972529610319,0.0003355601106417822,4.304428158763244e-10,0.0007200462728044058,0.7946715499843818,2.969805359825975e-06,2.2941232155309665e-05,5.6637844269864726e-05,0.00023803639524181444,4.522462255332271e-08,0.00022489379882815162,0.004108719526626848,0.005455966528815017,4.695053950818675e-07,0.09720088908551024
44,0.00011720104080559532,0.06120093369212085,6.529955319788028e-06,4.422249585758684e-05,0.0008414673607954484,5.632784451278117e-05,2.493139781619348e-06,1.5588997932145367e-05,0.009690782644194961,8.143084076243776e-06,0.024197208993555517,0.00024318676274512224,2.1398947901669762e-10,0.0018127467610499957,0.7348667378018189,1.265498062238132e-06,1.1696693825418176e-05,4.217404456289045e-05,0.0001267897789938386,3.056969346531691e-08,7.31600908925016e-05,0.001999248556416761,0.003958834897559732,2.2061288793832648e-07,0.16068300846854916
45,0.00011275361235010568,0.045946696962869564,6.2501000195401e-06,4.0247385074782725e-05,0.000544658927521486,7.757553766457583e-05,4.156469256568659e-06,5.441157096433069e-05,0.010671166784207679,1.0723767501991527e-05,0.01644147183664007,0.00033110930157412136,4.745642768474576e-10,0.001058626401816504,0.8531272375052421,2.621764063116564e-06,1.1253141857679675e-05,6.0438370304174056e-05,0.000176049406751322,2.9202250263935456e-08,6.23671020994436e-05,0.0027135248680251922,0.0021179048482731504,3.3679957125223045e-07,0.06642838785953661
46,0.0007184314741974404,0.08574529573023953,2.6805844818665143e-05,0.00020092695317811907,0.0013832917546339105,0.000190846707804256,1.2148152978065241e-05,6.940954949191269e-05,0.018823579355446658,3.6698861267166425e-05,0.036111261334318044,0.0010649421637459317,1.502350448069448e-09,0.001977546735329439,0.48462930309898805,5.8626668356429385e-06,0.0002069844654508616,9.549922094559513e-05,0.0004657476525595256,9.626577718519245e-08,0.00029070453727801036,0.016549764340655682,0.007446056784793347,1.2889670362823086e-06,0.34394750587988016
47,4.952691998304422e-06,0.021808942420256786,7.013496424489272e-07,4.610499736135288e-06,0.0003895819840771612,1.0015936545824426e-05,2.259537140757358e-07,1.2836362654021783e-06,0.0033126727982047658,1.531121420045711e-06,0.017152027632028905,3.0439876565685964e-05,9.242625055744456e-12,0.0009084180778370704,0.8625111646668133,5.412532385360918e-08,5.409270079265096e-07,1.0068610037485705e-05,7.864089163905542e-06,1.1598010128900262e-08,1.5330110624866683e-05,0.00012982214604742362,0.0021880388785745727,1.3032750002229597e-08,0.09151168782811152
48,0.00033321557854404,0.1309056608288566,1.1722903589958296e-05,5.170207444459003e-05,0.0010678927601158747,0.00016211311488403075,5.649807477130377e-06,4.458136813691873e-05,0.015102754775243437,2.049716152949229e-05,0.012294909466434889,0.00026529021444180877,8.359257610436705e-10,0.001320424943222659,0.6041186240778414,3.0375344726395593e-06,6.497923483443856e-05,8.507087220493894e-05,0.0008065536190803213,3.624338342929897e-08,0.00010362082554834515,0.006671333461652323,0.004716649955442456,1.412949237729655e-06,0.22184226539345483
49,8.721861005210248e-05,0.08570054050398346,9.203874985145824e-06,5.3510598296692795e-05,0.000743456460241722,8.806304681986214e-05,2.59525111845107e-06,2.2211495741668112e-05,0.011344272548955169,9.489911676181742e-06,0.01985475980220712,0.00039247720685373376,2.340899777100939e-10,0.001047217713425085,0.7251626534813704,1.6077905794707999e-06,1.338503072187642e-05,3.36059383080999e-05,0.00014067053895101334,3.024982365658313e-08,9.45762782846558e-05,0.004144147441695176,0.0030535471928733546,2.2270371411443942e-07,0.1480005360952317
50,0.0005140762026480941,0.025816359334609816,1.257938915770126e-05,5.588318267110162e-05,0.0014920247496904692,4.1372039639431016e-05,1.2321110267148666e-05,4.1193242591438274e-05,0.01221008208371745,3.07133857603264e-05,0.04142566671620112,0.00040134299176016266,8.765430277869146e-10,0.004928127227403686,0.6163242351038221,1.7963622382802109e-06,3.0421982031289294e-05,4.398648487417466e-05,0.00016726520152031258,6.761434436810636e-08,5.3238395599597176e-05,0.0018433163666006058,0.004543112697593278,7.887231204733421e-07,0.2900100285355945
51,5.422266703096923e-05,0.09291313935873398,3.301972553388319e-06,4.4145988851800524e-05,0.0003872421699908852,3.8998415510392886e-05,8.915925577761312e-07,1.1975230827528234e-05,0.0068952088039564916,3.694269716192712e-06,0.019999096051191812,0.00016455417734923783,8.920201796803861e-11,0.0008826456840522962,0.7678749542618144,6.963063309790241e-07,4.895189859169331e-06,2.77983687653092e-05,7.550646572449902e-05,1.5242088510216364e-08,4.2556822144913154e-05,0.0021832847049088485,0.0020204880859128883,7.42286316906815e-08,0.10637061385229386
52,5.915950992956847e-05,0.020125474812357654,1.9779513940137965e-06,3.861640543715662e-05,0.0003563653708357436,7.687358205874954e-05,7.5811441680162e-07,2.7090587550443038e-05,0.007800221890673769,1.8339168005635982e-05,0.02308420452602708,0.0001419295172423443,2.8206027669817046e-10,0.000735729964910229,0.9169937105094637,1.0522507693001179e-06,2.483229448595107e-06,7.329059246853898e-05,0.0001059161031685486,3.841438806451426e-08,2.4735278321706674e-05,0.0007753169308964056,0.0015578189611861032,9.633524944641135e-08,0.02799879971174042
53,8.112631933673445e-05,0.018387277779309777,5.985210567545725e-06,4.937411468291172e-05,0.0009565754750037709,4.904565462713517e-05,6.710460108510225e-06,9.869649814748565e-06,0.00837001388249958,9.426067096244673e-06,0.03908992813120457,0.0004224731013306245,1.9072719628530706e-10,0.003661992461180075,0.7213719616715052,1.3679247973841355e-06,1.0856071681933375e-05,5.2250498323510355e-05,3.285485453968787e-05,6.28397032722806e-08,0.00012910569750781942,0.0011139132866199533,0.00982090350670996,2.3709119384348338e-07,0.1963666880599281
54,4.95548964951872e-05,0.1093050297259765,1.641111158954786e-06,1.913269084187332e-05,0.0003557711124018784,2.933679194674096e-05,1.1256075664149966e-06,5.611351720971264e-06,0.005529642279722722,2.1909274557280674e-06,0.01010411066051749,0.00010690708321422936,3.518572609523945e-11,0.0011234470986212373,0.6586984571871223,3.379209366379443e-07,3.844307662781341e-06,1.3798555404815117e-05,7.12809823340629e-05,5.376781729991784e-09,2.113501278285823e-05,0.001983766647231575,0.0015167368339242503,8.447574429591569e-08,0.2110570513272489
55,0.00011733357724069849,0.05651563176004449,6.455918304321157e-06,4.538972649445157e-05,0.0008625950842272476,6.129723807776266e-05,2.9359887964343982e-06,1.8174065612557985e-05,0.010376399565933263,8.221517645665142e-06,0.023532233267018067,0.0003152759746442777,2.451247977858249e-10,0.0019493014288682242,0.7389968736461456,1.4558786440926435e-06,1.1693490607593454e-05,4.669118757027492e-05,0.00011964949305167867,3.3239588575284634e-08,7.460202300500793e-05,0.002112271719288664,0.003952330691947271,2.3723941078449045e-07,0.16087291603270826
56,0.00013187945117399685,0.06221081952061765,7.158875541220845e-06,4.900649718957965e-05,0.000881568051107388,6.286491691339573e-05,2.771343410065929e-06,1.876785132249893e-05,0.01038326272956541,9.317143246387956e-06,0.02474449371111314,0.0002650068745556242,2.793372671815347e-10,0.0018587421862233304,0.7353726468065619,1.4858377645773807e-06,1.302211304701799e-05,4.768259482374212e-05,0.0001444733319610288,3.5167588402361484e-08,7.595196875294695e-05,0.002128894306941319,0.004058550982972874,2.570571217360729e-07,0.1575313404011474
57,0.00012738698790964054,0.06756849252637159,2.3341580684586098e-05,4.7314372868325925e-05,0.0015470784596374387,8.696255193584176e-05,3.945549376793367e-06,2.7856418612032583e-05,0.013980605973172099,1.4738724421709795e-05,0.02484897947239756,0.0006098890440924633,4.790748332648067e-10,0.0017467050649979557,0.7147798419211687,2.490543424155932e-06,2.025038932173281e-05,3.326296882184082e-05,0.00018851905936217574,5.6301466706866754e-08,0.00015340046908633625,0.0033421550814341098,0.0038538393118666896,3.6593317633903576e-07,0.16699252081531848
58,0.00013659854889154727,0.06503739636136426,7.43526757520603e-06,4.373618380817876e-05,0.000880561156905547,7.40244718798343e-05,3.1544833753813575e-06,1.909398021954391e-05,0.009927980099691865,1.0625669814210162e-05,0.019827685245268775,0.00028066059706005413,3.197945353348522e-10,0.0019437110337677352,0.7247512399896867,1.5670609175401446e-06,1.5692016692149634e-05,5.250018256944185e-05,0.00016941641329685895,3.618849241476515e-08,8.613148176420716e-05,0.0023181495015343074,0.004700974711528302,3.907500468423696e-07,0.16971123828405485
59,0.00014114224690841117,0.06442532294795904,9.452041746322415e-06,4.5887183888791784e-05,0.0009649794831007957,6.956878985675274e-05,3.2581331908763734e-06,1.9947166263755324e-05,0.010119072141290205,1.082213057932281e-05,0.02189829089728745,0.0003011291154382679,3.4016802819451876e-10,0.0019865067196862857,0.7246817707065359,1.6685825472380422e-06,1.639839986371991e-05,4.833326090094146e-05,0.00016637448367297646,4.029747359190768e-08,9.745722448461885e-05,0.0023138181129403177,0.004720605487589843,3.7876646323700435e-07,0.1679577753401634
60,0.00011720104080559532,0.06120093369212085,6.529955319788028e-06,4.422249585758684e-05,0.0008414673607954484,5.632784451278117e-05,2.493139781619348e-06,1.5588997932145367e-05,0.009690782644194961,8.143084076243776e-06,0.024197208993555517,0.00024318676274512224,2.1398947901669762e-10,0.0018127467610499957,0.7348667378018189,1.265498062238132e-06,1.1696693825418176e-05,4.217404456289045e-05,0.0001267897789938386,3.056969346531691e-08,7.31600908925016e-05,0.001999248556416761,0.003958834897559732,2.2061288793832648e-07,0.16068300846854916
61,0.00013478991407751335,0.063163689220141,8.886597734519718e-06,4.22721155877261e-05,0.0009690305551276647,6.51521751693076e-05,3.0189708379346337e-06,1.7591290865617194e-05,0.010119011292276797,9.933659716533133e-06,0.02214408940844594,0.00028229165452461663,2.908324167386018e-10,0.0019706498081505115,0.7219560443310069,1.5052795689579117e-06,1.5129714915991031e-05,4.414111096222451e-05,0.00015680560079058684,3.638102301892872e-08,9.266901625533996e-05,0.0021621820726883834,0.004593642205014568,3.300587865349195e-07,0.17204710727549954
62,0.00011720104080559532,0.06120093369212085,6.529955319788028e-06,4.422249585758684e-05,0.0008414673607954484,5.632784451278117e-05,2.493139781619348e-06,1.5588997932145367e-05,0.009690782644194961,8.143084076243776e-06,0.024197208993555517,0.00024318676274512224,2.1398947901669762e-10,0.0018127467610499957,0.7348667378018189,1.265498062238132e-06,1.1696693825418176e-05,4.217404456289045e-05,0.0001267897789938386,3.056969346531691e-08,7.31600908925016e-05,0.001999248556416761,0.003958834897559732,2.2061288793832648e-07,0.16068300846854916
63,9.769791326142743e-05,0.07708942101154832,5.122657719904845e-06,4.0246411258275e-05,0.0007164521607087369,5.460740123044371e-05,1.829680063160073e-06,1.3281263382819076e-05,0.009309766060615971,6.357471094873697e-06,0.02089537732258041,0.00018615380357735504,1.6488973072716961e-10,0.0014244327104827158,0.7322968169654441,1.0344391841937296e-06,9.585781412953719e-06,3.912798070145092e-05,0.00012823567591238575,2.352585076817493e-08,6.115035250891669e-05,0.002026539085435323,0.003449758787659676,1.7598914202692007e-07,0.15214680538433414
64,0.00010251494295422654,0.060918677891005864,9.246133532336654e-06,4.315324267953951e-05,0.000851294823055945,6.361470817200485e-05,2.379622499772124e-06,1.404906848121287e-05,0.008869509112701604,7.885764523512833e-06,0.022504822298013417,0.0002993500338040833,2.1851567388886514e-10,0.0017741434557131106,0.748715408320048,1.5035476607864883e-06,1.3723125587194514e-05,4.025505756062081e-05,0.00012194515937031466,3.426906488861734e-08,0.0001314340566395036,0.0021070879264702773,0.004913781787326235,2.466302399011751e-07,0.14849393880437997
65,2.9328650293844348e-05,0.1070724825483059,3.4578096213794625e-06,2.2950823606057644e-05,0.0004741328081835318,7.770266807527809e-05,1.2885189033243004e-06,3.7763905073543464e-06,0.004559962863459302,2.2820902765161645e-06,0.0076308324320376346,0.00017135757712119138,6.152035895968913e-11,0.0013541365564704675,0.6772856473812295,7.582666403914191e-07,7.976928200495516e-06,4.2295965843988955e-05,7.561114909202561e-05,1.6889477940548078e-08,0.00015282554887984502,0.001881447342451403,0.0067208743034473445,2.2112271263949392e-07,0.19242863330364243
66,0.00011676297400592762,0.06121922738691112,6.502614601964101e-06,4.41358031521566e-05,0.0008380024223472899,5.623914934720186e-05,2.483477231162305e-06,1.5552805817625544e-05,0.009669083316675285,8.114687297629432e-06,0.02415161734174895,0.00024276951272907994,2.1297194582023979e-10,0.0018087241451327802,0.735132187758117,1.2615504394986555e-06,1.1659493954754701e-05,4.212147473665121e-05,0.00012644631044688017,3.045949673395257e-08,7.303170996034737e-05,0.0019980953608372868,0.003952811740377014,2.199050118024467e-07,0.16048291838665207
67,0.00018190394841658146,0.055134026835532854,8.32199974487173e-06,5.062960972315944e-05,0.001130499705134705,4.5936146669244785e-05,2.897317566559032e-06,2.3786651727326802e-05,0.012617209662196623,1.1034204009320232e-05,0.03244906917128662,0.000253399554750232,3.0636180975816554e-10,0.0019835388799565095,0.7430783252450522,1.4216538899080316e-06,1.1914214147497401e-05,3.880796682672779e-05,0.00014984166321832935,3.4615140883289545e-08,5.6450386012742966e-05,0.0019048957343293892,0.003103924521562768,2.1065437030877908e-07,0.1477619193523727
68,2.5902156941675957e-05,0.0314441386732981,3.4492242179972403e-06,2.4608818872443834e-05,0.000340269943582519,7.555405175040998e-05,1.992123071713352e-06,1.523301839316214e-05,0.004510169501216256,5.329620032177385e-06,0.01261372921345088,0.0004528353462806053,1.248472113162973e-10,0.0009921676831809007,0.8631899413429341,9.221160606066314e-07,5.857667737299361e-06,4.229230609378053e-05,3.727069133413002e-05,2.9289943047387918e-08,0.00011601544235549023,0.0018078923529411953,0.0030040685488712197,1.6232025674450296e-07,0.0812901684223362
69,6.087235574118048e-05,0.04054259455550711,3.992129470454229e-06,3.5860988568541784e-05,0.0005460711397008553,3.474887976417751e-05,1.3308651034602055e-06,1.0177718445886212e-05,0.008224660679402323,6.0088063474909846e-06,0.03215306302546502,0.00017515583814658634,1.0115119596811367e-10,0.001145855986817708,0.7822738906175668,5.928353424848872e-07,6.713425374562087e-06,3.216575129611928e-05,4.9248918492226795e-05,2.7565843329155918e-08,6.229464015985984e-05,0.0013348336511544497,0.003733550162927683,7.976183718861764e-08,0.12956620960037335
70,0.00010284737567635515,0.05885727298901239,7.1733953479731485e-06,5.233985565495366e-05,0.0008738149164325503,6.444979776845249e-05,2.539526916488311e-06,1.595528612922087e-05,0.010981009913403771,8.528751586134373e-06,0.02669881662264619,0.0002647069530281305,2.0836480810008475e-10,0.0016542501151204042,0.7454603089234332,1.4297982728687368e-06,9.946964844143153e-06,4.0126753051236117e-05,0.00011214197480670095,3.3650569433497896e-08,7.854979923454744e-05,0.0019775807738201664,0.004052016167018116,1.8501080583468148e-07,0.14868397447705606
71,0.0010591125323789036,0.010301543403302745,1.5202392430065278e-05,7.537389628941282e-05,0.0042171770699512,8.612481636052138e-05,0.00014664207315621445,8.455320844800373e-05,0.038939182967934166,0.00010556665038479596,0.03487633222027507,0.0006077968566386029,2.309273946673756e-09,0.005798754071438429,0.32667094241207,3.14991516616287e-06,7.468031532675392e-05,4.093696094066932e-05,0.00014258832866657347,1.2952910852258483e-07,4.828603331555781e-05,0.0024174930614667086,0.007058974350204176,2.5456936418894944e-06,0.5672269089318309
