,0,1,2,3,4,5,6,7,8,9,10,11,12,13,14,15,16,17,18,19,20,21,22,23,24
0,0.0015678503792108261,0.05349878624011691,2.0442405454630257e-05,0.00013222518864175632,0.0014216115505410291,0.00011113128409442132,1.4487808295101433e-05,0.00013449946101312487,0.0268325288435449,5.0772658835656266e-05,0.027371808840883468,0.00041951810989347764,3.90537346217237e-09,0.003406280981110341,0.6384265542162683,7.720094923138891e-06,0.0001471764616982121,0.00018942934010977044,0.0008335008397264087,1.0963108498489637e-07,0.00016783889716418345,0.004395472626215474,0.012467698468873696,3.357076987223924e-06,0.22837919468993959
1,0.0005891494732298378,0.07560635166318447,1.565357549531784e-05,3.3265832984666027e-05,0.001511626876715451,7.04802821599956e-05,6.4299808286360554e-06,3.326698709048065e-05,0.012059295411828956,2.1323358739708928e-05,0.016059044459287266,0.00029341504099028527,9.302506990813276e-10,0.0030927841006541954,0.5950642537384538,2.2973541207529473e-06,7.814495494905418e-05,6.784094201046254e-05,0.0006786464704130314,4.077305321456888e-08,0.00011563978052179328,0.003790774001293519,0.0057197563598759636,1.7406609789440775e-06,0.2850887769908897
2,0.00028599680405238506,0.052337538346968596,6.896453411885371e-06,1.8269418240483534e-05,0.0008056208239486356,2.942175478850571e-05,3.637367819554442e-06,1.861748546260708e-05,0.005201417773439395,1.111732211352062e-05,0.015257339213571,0.00023315893796426487,4.2439552600244914e-10,0.0034833808710531696,0.6388958245609755,7.907123183243333e-07,4.112480275213937e-05,4.983340482919829e-05,0.0002293504610687723,3.114961991341273e-08,7.271823098021283e-05,0.002149465607221948,0.004367718876330741,9.557522870838354e-07,0.2764997734443867
3,0.0003728668479700797,0.06428513044733689,8.012060224211442e-06,2.5938903920544187e-05,0.0009035850367065213,5.0447497264069365e-05,5.868367520829739e-06,2.1535072167124408e-05,0.005768153456345359,1.264931091347035e-05,0.013562231450061404,0.0003029696124259985,5.832119350215734e-10,0.003941579866121073,0.5928437312141301,1.4052463226910302e-06,6.511931621916149e-05,7.461909229295305e-05,0.00035679595264393,3.342229099818408e-08,9.965289952945024e-05,0.0034050540107953753,0.005473473065096473,1.6080973330943058e-06,0.3084175391711563
4,0.0004369386551187027,0.06625161378506968,8.821624344333666e-06,2.7862242789491523e-05,0.000989059479051346,5.414470023630648e-05,6.402829893885168e-06,2.3552771933441092e-05,0.005666774618282485,1.3920400254372984e-05,0.013912331346917287,0.0003121562894372304,7.681115760237265e-10,0.004574605649330383,0.5889350623059585,1.6291112556123678e-06,7.227930074729875e-05,8.644004477229012e-05,0.00042863051430050853,3.8742763659834363e-08,0.00010227102219966834,0.003331868061260347,0.005727110223412385,1.961225295534745e-06,0.30903452428726363
5,0.00036203645812314764,0.07286055563971561,6.314179877448279e-06,3.249326233686972e-05,0.00080163951572794,5.9199515069290143e-05,5.23613979566398e-06,2.1886618225385612e-05,0.005455978913889254,1.1392570095756105e-05,0.013745788257199819,0.0002777731539362237,6.205699460822118e-10,0.0038436609386569877,0.6139296746157051,1.5404802724034498e-06,6.300740155469855e-05,0.00011075398983274396,0.00036826711959991735,3.7212733371183994e-08,0.00010150743498693632,0.003529690431527313,0.006037292576542075,1.5888907987627938e-06,0.2783726840632273
6,0.0003728668479700797,0.06428513044733689,8.012060224211442e-06,2.5938903920544187e-05,0.0009035850367065213,5.0447497264069365e-05,5.868367520829739e-06,2.1535072167124408e-05,0.005768153456345359,1.264931091347035e-05,0.013562231450061404,0.0003029696124259985,5.832119350215734e-10,0.003941579866121073,0.5928437312141301,1.4052463226910302e-06,6.511931621916149e-05,7.461909229295305e-05,0.00035679595264393,3.342229099818408e-08,9.965289952945024e-05,0.0034050540107953753,0.005473473065096473,1.6080973330943058e-06,0.3084175391711563
7,0.0017585327117794177,0.06375180928281983,2.7381859537589498e-05,4.3880565264281305e-05,0.001911686539352066,3.3971215951862794e-05,1.2266330575201038e-05,6.877381841693532e-05,0.009799780542768713,4.538488254960002e-05,0.028081454443307497,0.00032725470394469856,2.5507241224430984e-09,0.0048594621164831184,0.48434048238771843,1.883819605528577e-06,0.0001310555963546271,4.934048313879778e-05,0.000874368791346251,6.236271293650444e-08,5.583391890400355e-05,0.004419626642735498,0.0033011872822725523,2.8332831962187074e-06,0.39610168386854017
8,0.000493726729347784,0.03776556003971506,1.629425221184401e-05,1.6804828863025802e-05,0.0008323166684892756,2.526985787925526e-05,6.368714719509162e-06,1.7613877894704925e-05,0.004361956661819913,2.2269354152391837e-05,0.011196867731067895,0.00033538414209870616,6.94022239820152e-10,0.005710646939580145,0.44983548666932194,8.191692368166848e-07,8.219244235663967e-05,2.6721274412213998e-05,0.00023562026841531593,3.9020543464356404e-08,0.00011903812069305808,0.0020953257517976787,0.007590268245740556,3.151390175869568e-06,0.47921025715544463
9,0.00030973044384806234,0.03971493055600598,7.259424326500302e-06,1.3262549475811086e-05,0.0005224274713411333,1.9000179265506317e-05,3.399226989506704e-06,1.258337531089183e-05,0.0035983781478139813,1.3416516109089475e-05,0.010610440138560495,0.00021004876400703427,3.2054490815961916e-10,0.004034659900029865,0.5300430965983063,4.496334658265346e-07,4.632134442878776e-05,2.540899123744522e-05,0.00015462670375191164,2.353592912086749e-08,7.903513860262629e-05,0.0016900846413776234,0.006320496242629012,1.5731660399367492e-06,0.4025693469906027
10,0.0003728668479700797,0.06428513044733689,8.012060224211442e-06,2.5938903920544187e-05,0.0009035850367065213,5.0447497264069365e-05,5.868367520829739e-06,2.1535072167124408e-05,0.005768153456345359,1.264931091347035e-05,0.013562231450061404,0.0003029696124259985,5.832119350215734e-10,0.003941579866121073,0.5928437312141301,1.4052463226910302e-06,6.511931621916149e-05,7.461909229295305e-05,0.00035679595264393,3.342229099818408e-08,9.965289952945024e-05,0.0034050540107953753,0.005473473065096473,1.6080973330943058e-06,0.3084175391711563
11,0.000446726814621769,0.06485287742374794,9.140512525959236e-06,2.8234688234905248e-05,0.0009559231117983422,5.5274246931359e-05,6.768918845501834e-06,2.719734147031283e-05,0.006349851101817565,1.5333527307705e-05,0.014024048120329874,0.00033093233494088507,8.095141737337733e-10,0.0040798078021927996,0.5928142186975216,1.671085624780417e-06,7.666253861021342e-05,8.393768795740298e-05,0.0004264087200540748,3.87496599937714e-08,0.00010165154150033418,0.003666522345827821,0.0056567970305061175,1.9957739294069847e-06,0.30598797907452924
12,0.0005641225610934956,0.0796507390519365,1.1953875884422675e-05,3.4016034930487763e-05,0.0005175720805348517,4.584741043168087e-05,4.9227465412612144e-06,6.847350927169263e-05,0.0076132722270209185,2.0342958128350188e-05,0.015238358669688905,0.00033878405790645444,9.212720741571494e-10,0.0017189836883560734,0.6901824688861429,1.7895815302672523e-06,7.767161585858251e-05,5.206477815080235e-05,0.0005822545505450613,2.566273023141197e-08,7.384599821549579e-05,0.006693848832609388,0.0026296330285571646,1.4480479411792416e-06,0.19387755922472164
13,0.0003717014538283675,0.06346857148152381,8.008123323597608e-06,2.5857556643763364e-05,0.0008978533734340977,4.947706747352624e-05,5.811260820709429e-06,2.1499536451850097e-05,0.005721262079479124,1.2614870835225003e-05,0.013739549905619732,0.00030365881494516663,5.812052004769752e-10,0.0039664911000683156,0.595336345772109,1.3925800985976586e-06,6.447703651517348e-05,7.42185726242447e-05,0.00035072185781529413,3.356821740445975e-08,9.930945646920698e-05,0.003359680521441847,0.005459212384767991,1.585830651165802e-06,0.3066606652136376
14,0.0002900496715836038,0.10737555085213367,7.830974396621298e-06,2.9330387897135496e-05,0.0011488732218189804,5.505440396031363e-05,3.569230461549375e-06,1.5724507478918802e-05,0.004965606046283355,8.983037418395278e-06,0.016445467454210015,0.00020173565040740814,5.578668079900244e-10,0.0034316386307357786,0.6268057397571791,1.4297739549434389e-06,4.504657825949565e-05,9.571310294382004e-05,0.0004915437321186017,3.4996583721556095e-08,8.361261697340193e-05,0.003194713805757148,0.0041839954975620465,9.91058383892173e-07,0.23111776445363136
15,0.0003728668479700797,0.06428513044733689,8.012060224211442e-06,2.5938903920544187e-05,0.0009035850367065213,5.0447497264069365e-05,5.868367520829739e-06,2.1535072167124408e-05,0.005768153456345359,1.264931091347035e-05,0.013562231450061404,0.0003029696124259985,5.832119350215734e-10,0.003941579866121073,0.5928437312141301,1.4052463226910302e-06,6.511931621916149e-05,7.461909229295305e-05,0.00035679595264393,3.342229099818408e-08,9.965289952945024e-05,0.0034050540107953753,0.005473473065096473,1.6080973330943058e-06,0.3084175391711563
16,0.0003572763729854625,0.03686731237723559,1.1030031974565512e-05,3.526112170393603e-05,0.0008688967844805309,6.02497227034386e-05,7.805228987240643e-06,2.2729354461636555e-05,0.0030150875625718984,1.1157089607967551e-05,0.01989427606345448,0.0006250526649701639,1.0003523412658132e-09,0.00839557948472934,0.7440550956818989,3.472785838744524e-06,7.519688410270237e-05,0.00019616771417637233,0.0003149775187382224,6.895349250893643e-08,0.00025729038363453096,0.0027691911324648857,0.007543376910777201,2.0996082157138896e-06,0.1746113475664416
17,0.0005655857214427704,0.039284256427001736,9.872482522772614e-06,3.1223634718040383e-05,0.001122476814425386,2.7281851587462323e-05,1.190364302011307e-05,2.1589618009273473e-05,0.005230204439930667,1.1637450678744378e-05,0.018370853121514104,0.0005432015495949387,6.657584905588435e-10,0.007582822063435316,0.43039960004739547,1.230116232010245e-06,8.641359446250117e-05,5.0364857033860486e-05,0.0001717646471181957,4.051542098636194e-08,9.934576797886327e-05,0.0033387912286789714,0.005644197951296721,1.6709944399083626e-06,0.4873936707963028
18,0.000347938030755543,0.05224836931794166,3.0938680105866562e-06,1.14938805993334e-05,0.0006418801951546747,2.1774448688830497e-05,5.2272990447844095e-06,7.19905240922321e-06,0.003618148514380954,7.132861950569653e-06,0.008003317708999695,0.00012743412496377674,2.0630558177463522e-10,0.0030819614464249272,0.2799669338464843,3.491497607216305e-07,0.00010071671589611255,3.808325821068366e-05,0.00022131496904914146,1.4916017677239176e-08,4.394605425063818e-05,0.0033305112307036077,0.004245777253594637,1.2800442748010296e-06,0.6439261016061276
19,0.0005550176502761351,0.05350901000184282,1.6070926734290253e-05,3.644090461667448e-05,0.001267809799870528,7.939963283683382e-05,1.4744389336589728e-05,5.005263792546401e-05,0.00998621976295984,3.592007479351287e-05,0.014113008169225434,0.0006167120987462386,1.3400864554316676e-09,0.003368613352566182,0.49998538083392885,2.141926260677173e-06,0.00011181227302735283,5.5117452060841764e-05,0.0004306895297555596,5.180107681291094e-08,0.00010758002838875917,0.006305759607540491,0.005032106933838584,3.058878803494548e-06,0.40431727999350164
20,0.00010329151762940369,0.06923172174459466,3.6278598182118457e-06,1.5480091490018067e-05,0.0002500353248863264,3.476567711680297e-05,1.7766297947720571e-06,1.800511799860434e-05,0.0029861528776113284,5.601994556732839e-06,0.00877285191171205,0.00026704685290529387,2.1543938437841e-10,0.0014926342268659306,0.7715672180569308,7.120486556199803e-07,2.52793752902693e-05,5.166242212383064e-05,0.00015441493750760553,1.5526859470442885e-08,8.271228766769514e-05,0.0036352353311629136,0.002749293642470849,5.931603956159286e-07,0.13854987116851566
21,0.0003937554975586046,0.04661746483154116,7.582313691316668e-06,3.754518421655608e-05,0.0007745350383539331,3.312012836272643e-05,4.105743954066267e-06,1.7285062991622228e-05,0.003952348472153308,8.338628295171724e-06,0.02424801280480818,0.0003877457076031554,5.368694885816453e-10,0.007003874993233943,0.6931355353091172,1.716884358980875e-06,3.904596938803623e-05,9.624894963003207e-05,0.00022597805924892567,4.3116075372788466e-08,0.0001091793416575921,0.0021297086547806504,0.0054143517588782965,8.673559486224714e-07,0.21536160965728307
22,0.00046206780909422747,0.04437880519665975,1.1581556959738659e-05,4.062188340622208e-05,0.0010098049348097732,4.364423596356865e-05,6.325372262565643e-06,2.411472900071957e-05,0.0053218660783229095,1.8582991519345628e-05,0.029144440802322893,0.00036439744909412346,8.427183716891708e-10,0.004829699157709099,0.6304728966460724,1.921542934162222e-06,0.00011120132488358729,0.00012693257119085637,0.0003285765164356246,6.87257811792067e-08,0.00015716483477794683,0.003631021123743754,0.007287679137454125,1.4603783040566052e-06,0.272225124158579
23,0.0003728668479700797,0.06428513044733689,8.012060224211442e-06,2.5938903920544187e-05,0.0009035850367065213,5.0447497264069365e-05,5.868367520829739e-06,2.1535072167124408e-05,0.005768153456345359,1.264931091347035e-05,0.013562231450061404,0.0003029696124259985,5.832119350215734e-10,0.003941579866121073,0.5928437312141301,1.4052463226910302e-06,6.511931621916149e-05,7.461909229295305e-05,0.00035679595264393,3.342229099818408e-08,9.965289952945024e-05,0.0034050540107953753,0.005473473065096473,1.6080973330943058e-06,0.3084175391711563
24,0.00041067754525626096,0.07807455938900128,7.840139849339614e-06,3.796137443082751e-05,0.0011532768591124432,4.8435652661669724e-05,5.143613154437239e-06,1.8894526550957745e-05,0.005282749649532947,1.1415205675064687e-05,0.01778629136164066,0.0003312614996801121,6.508277477386493e-10,0.00512476615393218,0.5444386105571519,1.4187245727300857e-06,5.935451181958707e-05,8.666396805671712e-05,0.000341217428326058,4.1991952042087394e-08,8.795372861779245e-05,0.0035045437266115953,0.004991359114824981,1.271071584090346e-06,0.33819429155517644
25,0.0006886685014151519,0.024045114279881763,1.1982329508161392e-05,3.7148934858557595e-05,0.0009952588526953323,1.885312320937413e-05,1.0046307935713102e-05,4.316202275703449e-05,0.005137378406929394,2.075268020576866e-05,0.04151451238900264,0.00055113725285259,1.229292810361411e-09,0.007530130059037263,0.6148534813051444,1.33554274021937e-06,7.577746221288728e-05,6.988486993893743e-05,0.00015658756493104134,7.710493785691484e-08,7.883287680426638e-05,0.002328276068207172,0.004802950622399643,1.2909361245163326e-06,0.2970273592769776
26,0.000730464181020065,0.06699338859921482,7.870041440464852e-06,2.6182479603638492e-05,0.0012500825488703422,8.095440715599068e-05,8.92226961722193e-06,2.600727531850637e-05,0.01228019839380927,2.1086933457671844e-05,0.009908280597042983,0.00017394887893870057,9.53953154105465e-10,0.0031683399293049694,0.46130588858778054,1.6750332831843417e-06,0.00013411669587139072,0.00011897215111941613,0.0006968576575083289,3.990745806503026e-08,0.00010842967892750024,0.0032684849773494105,0.011410152730225233,3.667075756934697e-06,0.42827598801597216
27,0.0014598885967062917,0.023741412595236346,6.296699920564037e-05,5.264471331688327e-05,0.004333402971989331,9.715643443345404e-05,3.2706576718285414e-05,3.125188318984943e-05,0.003784017922352507,3.946342391842566e-05,0.03061759386468148,0.001027649917288402,6.843738479058784e-09,0.03544183421509391,0.5892579909052064,1.0991012567430136e-05,0.00032801756839981094,0.00044732675563584253,0.0008288383158845111,3.6922336953699465e-07,0.0009410674167994258,0.0018072710034584662,0.028342399578860342,1.5503584455974998e-05,0.27729822767749296
28,0.0003728668479700797,0.06428513044733689,8.012060224211442e-06,2.5938903920544187e-05,0.0009035850367065213,5.0447497264069365e-05,5.868367520829739e-06,2.1535072167124408e-05,0.005768153456345359,1.264931091347035e-05,0.013562231450061404,0.0003029696124259985,5.832119350215734e-10,0.003941579866121073,0.5928437312141301,1.4052463226910302e-06,6.511931621916149e-05,7.461909229295305e-05,0.00035679595264393,3.342229099818408e-08,9.965289952945024e-05,0.0034050540107953753,0.005473473065096473,1.6080973330943058e-06,0.3084175391711563
29,0.0003728668479700797,0.06428513044733689,8.012060224211442e-06,2.5938903920544187e-05,0.0009035850367065213,5.0447497264069365e-05,5.868367520829739e-06,2.1535072167124408e-05,0.005768153456345359,1.264931091347035e-05,0.013562231450061404,0.0003029696124259985,5.832119350215734e-10,0.003941579866121073,0.5928437312141301,1.4052463226910302e-06,6.511931621916149e-05,7.461909229295305e-05,0.00035679595264393,3.342229099818408e-08,9.965289952945024e-05,0.0034050540107953753,0.005473473065096473,1.6080973330943058e-06,0.3084175391711563
30,0.0003728668479700797,0.06428513044733689,8.012060224211442e-06,2.5938903920544187e-05,0.0009035850367065213,5.0447497264069365e-05,5.868367520829739e-06,2.1535072167124408e-05,0.005768153456345359,1.264931091347035e-05,0.013562231450061404,0.0003029696124259985,5.832119350215734e-10,0.003941579866121073,0.5928437312141301,1.4052463226910302e-06,6.511931621916149e-05,7.461909229295305e-05,0.00035679595264393,3.342229099818408e-08,9.965289952945024e-05,0.0034050540107953753,0.005473473065096473,1.6080973330943058e-06,0.3084175391711563
31,7.935299585576143e-05,0.03722760785131668,1.521935459608839e-06,1.48592643716721e-05,0.000880733575558088,6.568525141765227e-05,5.446108941244429e-06,1.4990150784270063e-06,0.0036912208953453294,7.48079439509949e-06,0.008348824630704367,0.0001193026322370601,5.429749371375502e-11,0.0035989847173566055,0.3186572161900822,3.669871984050907e-07,2.777679350037689e-05,3.325537612598594e-05,9.105518954678823e-05,1.4694377564783e-08,5.5962266086696815e-05,0.0020062478513662575,0.00862953307418283,6.471858574199173e-07,0.6164554046693403
32,0.0004115657603223332,0.07815857164929839,8.485476026662483e-06,2.6523936497616126e-05,0.0009491269840919018,5.5561192722512535e-05,5.4150516972622715e-06,2.22322231584289e-05,0.005942566174737151,1.271716145515483e-05,0.012919694343365564,0.0002753298923546471,6.646014705078806e-10,0.0037958520362514044,0.5874211150135211,1.5414593667701962e-06,7.02775623697324e-05,8.353371738308526e-05,0.00047856855391567284,3.3016002204562047e-08,9.75511273977483e-05,0.0036544976910004075,0.0053355105701373175,1.7705661418090153e-06,0.30027195817618363
33,0.0015780758445065098,0.31519769684843535,1.5820315567274874e-05,8.135839916636277e-05,0.0013955560420083545,0.0003875950497445601,2.105459752984696e-05,6.33907562343899e-05,0.004831472597473259,2.1050410789736662e-05,0.004436913870497496,0.0005705824951833553,7.031140361536412e-09,0.005572437761547377,0.31208998834480833,1.7135683860554845e-05,0.0007274482669679971,0.0006676629758872188,0.008871311199070947,5.10134295132289e-08,0.00018998361565020143,0.028745355964780776,0.0062093381197397615,3.0006190885946888e-05,0.30827870660509465
34,0.004524874106207569,0.0703991154911241,2.4781203187387287e-05,4.54246145677087e-05,0.002909844859469438,2.0769473075804093e-05,5.4989295509341704e-06,4.1072020860485874e-05,0.010249909973507927,2.230797003035563e-05,0.04334868811794469,0.0001575377454147435,2.3112225912173344e-09,0.009839168178522626,0.5343862044110629,2.1423245955327064e-06,0.00012370051500941326,0.00010262976987635887,0.0016153530981393694,5.92150237836459e-08,6.414792489612733e-05,0.0018212606308652692,0.004894606854638908,1.9041789426439733e-06,0.31539899608226346
35,0.0006445515922675797,0.10415808516185432,6.880973670631883e-06,3.534650519737303e-05,0.0008121285071125507,4.797963563551405e-05,4.922485938925159e-06,5.118344882900779e-05,0.013947787113762421,1.360988763721394e-05,0.013889514054848465,0.000219088788738086,6.450452441364932e-10,0.0016616753737084336,0.567892497110351,1.3784495018380842e-06,6.665872133551951e-05,6.050032173873534e-05,0.0005640068899078458,2.0841619520469013e-08,4.8118055606951636e-05,0.005793665900711928,0.0030460421782594524,1.0057247217281038e-06,0.28703335163199983
36,0.0003813957289885956,0.045588123337927,5.290462783939304e-06,2.7951243982218544e-05,0.0004921286432455202,3.757946826301448e-05,1.1457281619189117e-05,4.039636222431839e-05,0.004590861730093755,1.0252080223342552e-05,0.014492382195152947,0.0008655619058178826,6.219666809871984e-10,0.0044838906310281,0.5622376976533169,1.6166471900925707e-06,0.00011464556579405508,8.927786788269742e-05,0.00022805904995341737,2.727595151228616e-08,7.819743554535088e-05,0.00865195266207495,0.003171963266913038,1.576153439800083e-06,0.35439771472862175
37,0.0007926583381743025,0.044149639024589966,1.244652693700405e-05,2.7673080625165087e-05,0.001360006137459336,5.001377665395708e-05,1.2673457984312824e-05,1.2892772269563678e-05,0.0029251268540627837,1.2474611916412314e-05,0.013615047061926922,0.0004415053365774285,1.1219383254033418e-09,0.016616157211076097,0.4841910585758482,2.5361921074562312e-06,0.00013643548019625943,0.00014724564100776575,0.000471997872773172,5.8103657995478305e-08,0.00022412706369668895,0.0023904141366585855,0.012181927498922692,5.442292357741602e-06,0.4202204418305818
38,0.0002727556981114047,0.05932203508326769,7.469152106819434e-06,2.745532692020732e-05,0.0006944591880670103,9.895451161270603e-05,7.351363492249752e-06,2.0214489402051088e-05,0.004479588051178051,1.1385191225277575e-05,0.011043440290506362,0.0003857876348386401,6.808798663899385e-10,0.003949564381897149,0.7185267883994298,2.894661364248554e-06,6.323680709488839e-05,0.00014023893979854104,0.0004611974019921424,3.34769370213776e-08,0.0001786160481552296,0.0038531518607424695,0.007171657028462333,2.2393053022435913e-06,0.18927948502721556
39,0.0002156822064699217,0.10822502771186669,1.5489437300114665e-05,2.8556607862178533e-05,0.000651484253170096,0.00015533997146550114,5.0763755444257285e-06,4.028505233254342e-05,0.00647108457820326,1.0006526979754632e-05,0.006282584904840669,0.0005853156772760545,7.935144845047434e-10,0.0017082499106498678,0.6995075553247232,4.256915708120022e-06,0.0001002103456803853,0.00011209026869787595,0.0006704310691028777,3.208664644307269e-08,0.00039624989022405,0.007817477659332854,0.006024052418906898,2.5009175826331246e-06,0.160970959095919
40,0.0003843464568266672,0.06133087503068612,1.2055025715769072e-05,1.5887052407298555e-05,0.0014514529106989433,2.227257258518311e-05,4.871655964689406e-06,1.1061076914868534e-05,0.0033839217896097433,7.415744643925017e-06,0.01589329230582314,0.00033673724570461235,4.3711673082088184e-10,0.00785132207184504,0.5122331749798873,8.430064793042345e-07,5.2335825077503375e-05,4.004709830116714e-05,0.0002751368752177524,3.022533293737937e-08,9.332188624667229e-05,0.0022310353946600075,0.0038639347671772647,1.1542029376923614e-06,0.3905034743621397
41,0.0003349581166507115,0.11274759933680964,5.850086002518503e-06,3.8874958402176415e-05,0.001427975545080991,3.553507084358661e-05,1.4681242398211984e-06,2.6184483146335316e-05,0.009318387890572733,7.364613412767364e-06,0.02292154540648425,0.0001121786652521086,5.904455546532442e-10,0.002923410307744013,0.7294217925261375,1.5007158467211158e-06,1.5150858028122937e-05,9.028178656211841e-05,0.0005057130703596017,3.1947865007558554e-08,3.4640379889429505e-05,0.0013950466205123102,0.0024118711978640068,3.4999008675290495e-07,0.11622228771176125
42,0.00027280640637608914,0.23985504491764864,1.4782926437058277e-05,4.725807070162103e-05,0.0005045120229832769,0.00011466307023074519,2.822317864634058e-06,7.011649297756905e-05,0.010700110428967544,9.576298133520117e-06,0.007548179829929462,0.0003580456097483311,6.425798100173299e-10,0.0006317142564917801,0.5896035345614469,3.600254806923531e-06,8.151374430163545e-05,6.239445670658984e-05,0.0010837362968663632,1.741095717769698e-08,0.0001288541238988802,0.016738587507228703,0.0020558851720035454,1.0416993039291132e-06,0.13011120148140926
43,0.00036680792976024967,0.07296841302554287,1.719953222750755e-05,3.736200114515735e-05,0.0010309796663130239,0.00017108498124547634,8.301125188332103e-06,5.126810213157248e-05,0.009932199078627293,3.563481301709243e-05,0.00932673323771857,0.000450327738703094,1.3244370670606315e-09,0.0018200734693630048,0.6805964594928924,3.572936303054451e-06,0.00014380012114535004,0.00010798150073176879,0.0007551559369495364,5.381982627993949e-08,0.0003272312772049023,0.007326277931927879,0.00797314440869907,3.813757100680249e-06,0.20654612279179893
44,0.0003728668479700797,0.06428513044733689,8.012060224211442e-06,2.5938903920544187e-05,0.0009035850367065213,5.0447497264069365e-05,5.868367520829739e-06,2.1535072167124408e-05,0.005768153456345359,1.264931091347035e-05,0.013562231450061404,0.0003029696124259985,5.832119350215734e-10,0.003941579866121073,0.5928437312141301,1.4052463226910302e-06,6.511931621916149e-05,7.461909229295305e-05,0.00035679595264393,3.342229099818408e-08,9.965289952945024e-05,0.0034050540107953753,0.005473473065096473,1.6080973330943058e-06,0.3084175391711563
45,0.00038710468606706436,0.05493192599533726,8.817543987621706e-06,2.802409608508812e-05,0.0006669772191470763,8.071261420131044e-05,1.0668649247967168e-05,7.999007812130937e-05,0.007292232734778174,1.9247538584259426e-05,0.0108281202671406,0.0004535460080398465,1.4047286521258388e-09,0.002527053077680884,0.7683382083695062,3.2761126213993496e-06,6.996530571097249e-05,0.00011927380674947496,0.0005487389385638661,3.696425802213668e-08,9.776084328183784e-05,0.005209160502417045,0.003443437391648006,2.6308440053992703e-06,0.14485308900809052
46,0.0019432132078536905,0.07256247499533183,2.6677363932248228e-05,9.135239759693277e-05,0.001247302506112856,0.00013420862554914403,2.3256927255231242e-05,7.8672240670322e-05,0.00911992877536681,4.6523614126132e-05,0.016247315329723167,0.0010557426627620524,3.404484937122346e-09,0.003681459414253823,0.32360038678619374,5.200807655025165e-06,0.0009017091214983328,0.0001366853558069168,0.0010950232714887047,8.417234554464068e-08,0.00031054491312485557,0.021527974207566018,0.008279615686618315,7.866860340717558e-06,0.5378767773523426
47,2.060255938140401e-05,0.026056634652713857,1.1701216481711506e-06,3.299999577881731e-06,0.0005526016683317809,1.101978054885987e-05,6.995711486751732e-07,2.0763077678123663e-06,0.0022237399722667226,2.7692510931738093e-06,0.011322708047412715,4.846169781723695e-05,3.239084522544552e-11,0.0024907411301862614,0.7527203276925416,8.368354484453126e-08,4.176709612994856e-06,2.1921905977928087e-05,3.0118647097322817e-05,1.5064776370825314e-08,2.7758454137502985e-05,0.00028310496896155325,0.0033208890332476816,1.1775046281367216e-07,0.20085496129735386
48,0.0010067032286863022,0.1223020780142458,1.383057412510921e-05,2.9596133954874326e-05,0.0011041080143812927,0.0001365351731121322,1.226969994305654e-05,5.554142811225001e-05,0.00866649853090314,3.221520917448172e-05,0.006711806060629,0.0002973908312244722,2.1439801053476684e-09,0.0026689892866437206,0.4440629552186405,3.1510686530019654e-06,0.00032818327680553196,0.0001362230886336883,0.0021027049646974087,3.803995515598704e-08,0.00012991698029441467,0.010037203544380213,0.006311382924804042,9.395243907601956e-06,0.39384128132011287
49,0.0002774926679472058,0.08987764797822152,1.1039940598572128e-05,3.074030854094457e-05,0.0007941773823347648,7.693605844037045e-05,6.096752593525521e-06,3.0479513039404167e-05,0.006638792325015437,1.4241316560024553e-05,0.011117438663186987,0.00048779897607803703,6.295004501118523e-10,0.002332174633921684,0.5910218517887219,1.760211042480832e-06,7.393894943809591e-05,6.010632898929325e-05,0.00039041597883299596,3.277687320525973e-08,0.00012802575175571143,0.006951147124217053,0.0042057595241041445,1.6153797358931104e-06,0.28547028904031024
50,0.001479219269005722,0.024243818516490302,1.4131714567957316e-05,3.0236591798697358e-05,0.0014620716029967093,3.44856431311132e-05,2.5178766108899022e-05,4.948569501118943e-05,0.006716425174111263,4.522996586127115e-05,0.020752219973652723,0.00042843736023361723,2.1519275233268817e-09,0.009267706946310211,0.4347747411635206,1.8083550163302084e-06,0.00015105171754901362,6.887118338953965e-05,0.0004377296995455588,6.634740936530851e-08,6.523173064366753e-05,0.002761149001106505,0.0058011659122286395,5.151265066486294e-06,0.49138438425331715
51,0.00018570607271829696,0.1018783167988469,4.366071754971822e-06,2.6861754751124323e-05,0.0004484822681839202,3.680167204415226e-05,2.2961266268732526e-06,1.7625060455469178e-05,0.004309363936424005,6.013255649152863e-06,0.011792139259815782,0.00022115899451925146,2.6173329322073247e-10,0.002085723211271157,0.6539856423064149,8.317371116683381e-07,2.9737364150963954e-05,5.2657500838436785e-05,0.00022699215752236668,1.7823795546362346e-08,6.285504949397662e-05,0.003932220879789692,0.0029674071000084907,5.893158410345598e-07,0.21772619402023863
52,0.00027292068619475603,0.026076137824423657,3.5615125793366343e-06,2.8864554048302087e-05,0.000567987923327204,8.850916068435187e-05,2.5512996378600306e-06,4.523329283998716e-05,0.005840458393575091,3.705714770280035e-05,0.016507417505046133,0.00023350024938073583,1.0386060985482984e-09,0.0022733537064168648,0.8709647775851773,1.6373520672634023e-06,2.0555764398906266e-05,0.00016416891581257494,0.0004303997866026449,5.3494449457471606e-08,4.732886272296052e-05,0.0017253408356736012,0.0027285509847466854,9.713728774489653e-07,0.07193866075100781
53,0.00025224511619602064,0.019498632366484546,7.082214148469708e-06,2.74922280968242e-05,0.0009857558620908777,4.217379757144112e-05,1.4883338504286875e-05,1.3533911063091233e-05,0.004781658911000169,1.3731169214306763e-05,0.02073663967581339,0.0005086190437098634,5.051566263783935e-10,0.007627724404182978,0.5685660729895332,1.4653266741982821e-06,5.861349709972477e-05,8.95270372968166e-05,9.282435859910971e-05,6.465805655629356e-08,0.0001678003207212983,0.0018788007537612675,0.012598665431356477,1.6718920939364428e-06,0.36203432119157447
54,0.00014729945377392475,0.10702478720194776,2.062115808991275e-06,1.1741549285377211e-05,0.00037550584452650417,2.6967796347076556e-05,2.532325676267127e-06,7.4087103216326036e-06,0.0032998153696308374,3.5852787581582597e-06,0.005765106369829866,0.00012649105674399894,9.564121803388446e-11,0.002234348789057215,0.5010429388580417,3.8246305179618773e-07,2.0883108866166444e-05,2.3963984325686607e-05,0.00019429252950402512,6.116143568116757e-09,2.8956370024828786e-05,0.003238314358999123,0.0021325566118006616,5.795808154096692e-07,0.37428947406107815
55,0.00036954632884746386,0.05968818452602975,7.969790630972415e-06,2.6960008695264072e-05,0.0009265786956222568,5.5379119815046156e-05,6.859788774590117e-06,2.4920550797619725e-05,0.0062038306642565105,1.2869583690222701e-05,0.013322713995512126,0.00038941774239155104,6.638640538263525e-10,0.004195670639583389,0.597009813185262,1.62054696159511e-06,6.504369371959316e-05,8.256645142948053e-05,0.00033699889653971657,3.653586313882936e-08,0.00010219926685183559,0.003609297208338023,0.005504518209366828,1.711802581974832e-06,0.30805529210457494
56,0.00042212934703421607,0.06549028058196352,8.873280676557198e-06,2.9084900601474786e-05,0.0009554832873584326,5.68503313893397e-05,6.545350235234786e-06,2.589738811492509e-05,0.006247214726309702,1.4726648593716725e-05,0.01400481102235306,0.00032956049154074003,7.639334598169728e-10,0.0040464129834075595,0.5943262214617996,1.659214158815973e-06,7.285842421167543e-05,8.444963103625659e-05,0.0004096496095978974,3.8732866473979974e-08,0.0001039941581106548,0.003633263041116961,0.005677398703977363,1.880039611742543e-06,0.30405071588000065
57,0.00040473294087499086,0.0700108891343004,2.7343845132138207e-05,2.7325187603592278e-05,0.0016215131019297116,7.592569093909244e-05,9.114353466331997e-06,3.760988255450436e-05,0.008155476307648131,2.2335631620705515e-05,0.013747363366279406,0.0007332658940812584,1.2704021144779852e-09,0.003790226019864871,0.5713840008243377,2.683233482774938e-06,0.00011028480148747703,5.8699724606471865e-05,0.0005218837019721651,5.980984547078697e-08,0.00020208419015421822,0.005542579172129966,0.005278986019857768,2.6255491352564855e-06,0.3182329903462935
58,0.0004364011231335816,0.06722144948031107,9.247196658630554e-06,2.6249099153556607e-05,0.0009547222942161515,6.689415849540106e-05,7.36101451942598e-06,2.5997284451252895e-05,0.00600704509440357,1.711091330976606e-05,0.011282757231873759,0.00034125905014490196,8.728249016089901e-10,0.004152581787360286,0.5751260101250358,1.7454846438682784e-06,8.68844056873467e-05,9.153546860670797e-05,0.0004791487086794627,3.9876630617310936e-08,0.00011637097866073551,0.0038889642369443786,0.006570514178111836,2.8094526049768394e-06,0.32308690048353794
59,0.00044343891605975083,0.06688172198318777,1.1431357765253018e-05,2.684177542514596e-05,0.0010265252941922536,6.173426997840415e-05,7.545755538342599e-06,2.709146701067914e-05,0.00599423099597058,1.6704681757002968e-05,0.01225088445379113,0.000368415646057412,9.097363973106451e-10,0.0042575557549304685,0.578512368587458,1.828540641955287e-06,8.974827901015146e-05,8.440462278822258e-05,0.0004621209273364586,4.351648976901893e-08,0.00013063010508719547,0.0038875418137857406,0.006469170959137947,2.6958300622556583e-06,0.3189853235568016
60,0.0003728668479700797,0.06428513044733689,8.012060224211442e-06,2.5938903920544187e-05,0.0009035850367065213,5.0447497264069365e-05,5.868367520829739e-06,2.1535072167124408e-05,0.005768153456345359,1.264931091347035e-05,0.013562231450061404,0.0003029696124259985,5.832119350215734e-10,0.003941579866121073,0.5928437312141301,1.4052463226910302e-06,6.511931621916149e-05,7.461909229295305e-05,0.00035679595264393,3.342229099818408e-08,9.965289952945024e-05,0.0034050540107953753,0.005473473065096473,1.6080973330943058e-06,0.3084175391711563
61,0.0004259383922916334,0.06530186279401722,1.0814649144551508e-05,2.490484646835756e-05,0.001034091012309506,5.812408921575474e-05,7.007846091944262e-06,2.3933360343761367e-05,0.006019605109315043,1.555814972429011e-05,0.012401829557743584,0.0003440361560024402,7.849219765754255e-10,0.0042109844866975304,0.5734012150375881,1.6576934093276128e-06,8.310359274774056e-05,7.70767303260026e-05,0.00043820764380127057,3.9511996068758854e-08,0.0001241580549499757,0.0036257634495671103,0.006323793950121815,2.36434605436559e-06,0.32604392875515037
62,0.0003728668479700797,0.06428513044733689,8.012060224211442e-06,2.5938903920544187e-05,0.0009035850367065213,5.0447497264069365e-05,5.868367520829739e-06,2.1535072167124408e-05,0.005768153456345359,1.264931091347035e-05,0.013562231450061404,0.0003029696124259985,5.832119350215734e-10,0.003941579866121073,0.5928437312141301,1.4052463226910302e-06,6.511931621916149e-05,7.461909229295305e-05,0.00035679595264393,3.342229099818408e-08,9.965289952945024e-05,0.0034050540107953753,0.005473473065096473,1.6080973330943058e-06,0.3084175391711563
63,0.00030715093436978067,0.08122460619286309,6.367426407731387e-06,2.406712870601211e-05,0.0007729504961032803,4.9672654179533916e-05,4.334833610216287e-06,1.840956889182839e-05,0.005586905170044519,9.971737762542554e-06,0.011921742587618356,0.00023487232130442839,4.5011553406549173e-10,0.0030954696010542424,0.5956034152267664,1.1660845618901481e-06,5.361960133272868e-05,6.988346882109999e-05,0.0003594048690994178,2.6187309583170634e-08,8.475051772833327e-05,0.003490931297691082,0.004830229550304484,1.2752865477885336e-06,0.29224877680680594
64,0.000325274625482221,0.0649349007833576,1.1220267321715253e-05,2.5363451032956783e-05,0.0009133739033020066,5.6938953241333086e-05,5.631086650317299e-06,1.9612105733179344e-05,0.005291806027585278,1.2094564889406022e-05,0.01271424763556348,0.0003762527302200279,5.928339186913546e-10,0.003890428199312854,0.6127407719075925,1.6677958539894408e-06,7.622959622628504e-05,7.209615094113349e-05,0.0003424852979599087,3.7452835335601854e-08,0.00017786827863425878,0.0036328900664052972,0.006757136409448024,1.7878684110527508e-06,0.2876198842491658
65,9.85155803003911e-05,0.10789847362388837,4.905611754597689e-06,1.4385823242154063e-05,0.0005596202697803458,7.027885372533429e-05,3.144732296818813e-06,5.34018640731036e-06,0.002799945460583948,3.801973089639379e-06,0.004651439593941601,0.00020745341685954744,1.8266494825277e-10,0.0028664461295849234,0.5182539925053997,9.156952975206635e-07,4.764045511252563e-05,7.418871854603252e-05,0.00022879061112639234,2.003227906281134e-08,0.0002158142920242309,0.0031636538584508887,0.009138690551221254,1.5695255981241084e-06,0.34969097231682433
66,0.000371539002103822,0.06431903615354928,7.981190863252507e-06,2.589678435350076e-05,0.0009001310247983541,5.038386537609977e-05,5.847220791210438e-06,2.149013178311858e-05,0.0057568801550738225,1.2608900840673297e-05,0.013540949444472794,0.00030252718611655774,5.805997692539811e-10,0.0039335898046122635,0.593185484942477,1.401317451390135e-06,6.492921147838513e-05,7.454524544975491e-05,0.0003559118780102463,3.3313337388835385e-08,9.950814839206598e-05,0.003403995319311314,0.0054666439784265535,1.6032436786725702e-06,0.3080970819566526
67,0.0006071886088452314,0.05879243602798316,1.0552848602804608e-05,3.051970763231516e-05,0.0012555155336063384,4.262377730511095e-05,7.0383861194311054e-06,3.3425279599206736e-05,0.007744704479314241,1.8103182450056744e-05,0.018490192664355542,0.00031967638330608145,8.695218365116064e-10,0.004440612447105428,0.6066878904358959,1.6216899653808751e-06,6.88520197639627e-05,7.019701370542501e-05,0.00044048054131092543,3.891355618767942e-08,7.884793731865406e-05,0.0032895698697999265,0.004479637231888484,1.6184786397102888e-06,0.29308865567240855
68,0.00010236648091385864,0.037649018862473994,5.756547885096201e-06,1.7873726978439595e-05,0.00046998368891113245,8.129521747673103e-05,5.710478372008207e-06,2.4314576901493287e-05,0.003229929039005593,1.0224999650448633e-05,0.008618312599191262,0.0006353946872651614,4.2639645005259866e-10,0.002482732621486667,0.7617163269404537,1.3293611185364955e-06,4.2080144186806805e-05,8.703137665703613e-05,0.00013601756733083262,3.957169806361581e-08,0.00019845440432718668,0.0036015560380981367,0.00491417154441439,1.3995111186045056e-06,0.1759686795876886
69,0.00017734731718002894,0.04031183156807183,4.68046759673743e-06,2.055606019410462e-05,0.0005584560963944423,2.9729320445955513e-05,2.99308212544662e-06,1.3460261084809767e-05,0.004882364987282833,8.933011967724774e-06,0.01939278773796745,0.0002224633294809951,2.427831219154897e-10,0.002428361220614609,0.6717782867978334,6.070411683181758e-07,3.651282785329429e-05,5.6831688410256824e-05,0.0001196361259266994,3.037098275598538e-08,9.15099157430639e-05,0.0022525708369021537,0.005385914480675307,5.104399686590895e-07,0.2522236247713461
70,0.0001818432897187849,0.05422972891303287,1.4327315213075919e-05,7.110860673156997e-05,0.001172044366687513,0.00011413061480811328,6.893561459488763e-06,2.618253079553701e-05,0.012371954633601315,1.666662565549913e-05,0.024996634399439405,0.0005334764151355617,5.186908811267589e-10,0.0024678015061321613,0.6866248767349343,2.982972738580184e-06,2.634582928670839e-05,5.882046475314503e-05,0.00018013895107691486,6.063426309296285e-08,0.00015858686966512526,0.003373531700394594,0.006461162975282585,6.028520881858338e-07,0.20691009671841493
71,0.002438002185170163,0.007855422581711636,1.3069574786027068e-05,3.0038428920681558e-05,0.0031428204613365095,5.275173032199739e-05,0.00022266747787930437,8.056961431645713e-05,0.01580257492471952,0.00011190581081814335,0.01336243913453902,0.0005169565699760846,4.397002394982875e-09,0.008926602415306916,0.1868522581692494,2.406716827056129e-06,0.0002859748269813368,5.080578900286473e-05,0.00029616168213234705,9.539541169230373e-08,4.597963512571463e-05,0.002812978440501833,0.00674700144968551,1.3061315956876743e-05,0.7503374512723205
72,0.0008869031721242001,0.05093680403387684,2.67682876186105e-05,7.065389580184015e-05,0.002492891456100274,0.0002424949788400661,5.243914368203957e-05,0.00010752175353594277,0.012370954466692624,3.196617877300569e-05,0.014473716780142915,0.00127190482676988,4.682489135688305e-09,0.007869281901618456,0.6322616592104059,1.4984046495068721e-05,0.00022542624526500344,0.00032691685945828613,0.0009673782565648979,1.2971555960406531e-07,0.0003744734232199962,0.006997027158936262,0.010698023318704111,9.415464273657031e-06,0.2572902607430515
