,0,1,2,3,4,5,6,7,8,9,10,11,12,13,14,15,16,17,18,19,20,21,22,23,24
0,0.00011760238545868554,0.005570765607892689,4.552435654501733e-06,6.232166677493601e-06,0.003176621704450542,2.644825419335424e-05,5.293510055894049e-06,7.532997660274878e-06,0.013618125969511551,2.7310821960198474e-05,0.02510046032526972,5.8939906339574544e-05,3.5840660390963795e-10,0.006115910648590638,0.6667088248296709,4.290262217582013e-07,1.700139684056094e-05,7.101511806699608e-05,6.811677133364153e-05,1.2762078706080892e-07,7.264527159797448e-05,9.812807598901038e-05,0.02266301655088454,7.279584949568714e-07,0.25646417028799084
1,4.771406965688968e-05,0.008027712076065298,3.445801360667556e-06,1.77760105591011e-06,0.0030398799740233803,1.626792303738422e-05,2.4322113194241508e-06,1.9764741537587986e-06,0.005986044664971327,1.1130773895981499e-05,0.016054839769004247,4.5790774744943906e-05,8.601683169834725e-11,0.0058203514924005835,0.636093220939492,1.3968543145049717e-07,8.448327664194747e-06,2.6331273801340998e-05,5.324066648759256e-05,4.634261634146545e-08,4.6586544888353104e-05,9.2071496134929e-05,0.00986551921957979,3.6475092470970164e-07,0.31475466706127275
2,2.411578882941325e-05,0.0054501852219932465,1.4735883461060289e-06,9.848203040131833e-07,0.0016123038263405175,7.091987091241821e-06,1.4316469626026212e-06,1.113582372017727e-06,0.0026124043377548445,5.503668671839787e-06,0.014619446258950052,3.8006655755998407e-05,3.928829624083967e-11,0.006460923489611683,0.6586659209166844,5.009155461933172e-08,4.449256120062957e-06,2.0631691319156912e-05,1.7606234592405184e-05,3.580946564364405e-08,2.993976304064225e-05,5.326368532660551e-05,0.007604039423409555,2.0515040164794313e-07,0.3027688730658135
3,3.1079786315767833e-05,0.006701068358779363,1.7646904605311366e-06,1.3324830257915498e-06,0.0018278122476345744,1.1197543580979099e-05,2.2418444528550524e-06,1.2805168518140458e-06,0.002778391187423016,6.36445215387898e-06,0.013229448810796646,4.710396672832905e-05,5.448639683299078e-11,0.007542517370467362,0.6207423897331398,8.459955392503784e-08,7.118531471041163e-06,2.8714825538959885e-05,2.8132067464996078e-05,3.73789001007652e-08,3.976408433889196e-05,8.105896144373812e-05,0.00914681575231186,3.416029332025059e-07,0.33774393914974643
4,3.629837001365204e-05,0.006961258121221125,1.9064773345851505e-06,1.4591789282186795e-06,0.0019685273734524468,1.2261176013273928e-05,2.459597286060008e-06,1.40870808753988e-06,0.0027473764522599783,6.860416134229762e-06,0.013570190617526784,4.968885404540502e-05,7.110157637359029e-11,0.008687449962152604,0.6184028540072648,9.962240857944473e-08,7.7874108385781e-06,3.4190485826649373e-05,3.315924019837329e-05,4.353704771158348e-08,4.0920692514835584e-05,8.09264318632706e-05,0.009614550705924454,4.1343431462198735e-07,0.33773790905624074
5,3.098128992480207e-05,0.007491780451316108,1.5077456988680482e-06,1.5683706962680168e-06,0.0017326555078213527,1.2451986845663483e-05,2.0222015610457876e-06,1.2979034932415712e-06,0.0025715380719348686,6.051631497624107e-06,0.013420541532815541,4.1269120406292895e-05,6.046732621951965e-11,0.007739387860223868,0.6457636635616781,9.068060127242553e-08,7.456931666176565e-06,3.9904234928145937e-05,3.141586958834337e-05,4.136532888121723e-08,4.169471605563185e-05,8.065454363213564e-05,0.010016611535485212,3.5482649481395355e-07,0.3109650579998384
6,3.1079786315767833e-05,0.006701068358779363,1.7646904605311366e-06,1.3324830257915498e-06,0.0018278122476345744,1.1197543580979099e-05,2.2418444528550524e-06,1.2805168518140458e-06,0.002778391187423016,6.36445215387898e-06,0.013229448810796646,4.710396672832905e-05,5.448639683299078e-11,0.007542517370467362,0.6207423897331398,8.459955392503784e-08,7.118531471041163e-06,2.8714825538959885e-05,2.8132067464996078e-05,3.73789001007652e-08,3.976408433889196e-05,8.105896144373812e-05,0.00914681575231186,3.416029332025059e-07,0.33774393914974643
7,0.0001426055989152965,0.006943769385078582,5.173318309171351e-06,2.9096466751827754e-06,0.003348336549820623,9.77030092846405e-06,4.908119695476322e-06,4.227001242508882e-06,0.005390780308573808,2.206301171672643e-05,0.02807558200021927,6.089741054965341e-05,2.2087402291602582e-10,0.008284120340884724,0.5111484439431826,1.3336464841178184e-07,1.253149118265881e-05,2.3839740313027146e-05,5.909048154216101e-05,7.459631118530043e-08,2.2727886245333133e-05,0.00012626006834344093,0.0062046172391928296,5.70694391463237e-07,0.4301065672811635
8,4.201998585099039e-05,0.004006632154859252,3.2933165412974734e-06,1.1149587137200074e-06,0.0015265591807635465,7.194618546517866e-06,2.6311463419730265e-06,1.0811671635626079e-06,0.002364152684475191,1.0509630761406633e-05,0.011219252120889277,6.233611220260999e-05,6.247537653072876e-11,0.009741156370722048,0.45213669397787465,6.077417264940337e-08,8.197033999862807e-06,1.3041014054945017e-05,1.6407870564734214e-05,4.7984320802418674e-08,5.0179304938686994e-05,5.906915819415855e-05,0.013980667118038921,6.393222413224143e-07,0.5047470629312925
9,2.6040186896355808e-05,0.004191182470509967,1.4932327698691493e-06,8.383432939285069e-07,0.000974798677074704,5.163684701949221e-06,1.3770570440688167e-06,7.631978046099092e-07,0.001906596921632754,6.438610833888136e-06,0.01058994910925914,3.752025673983505e-05,2.8885178770025116e-11,0.007003175460992854,0.5370664895770415,3.1982385908877306e-08,4.701599318099774e-06,1.1790483866790469e-05,1.1015454615217928e-05,2.838049484181978e-08,3.306613615959025e-05,4.605720610327937e-05,0.011461607885115068,3.205264490314473e-07,0.4266195535300116
10,3.1079786315767833e-05,0.006701068358779363,1.7646904605311366e-06,1.3324830257915498e-06,0.0018278122476345744,1.1197543580979099e-05,2.2418444528550524e-06,1.2805168518140458e-06,0.002778391187423016,6.36445215387898e-06,0.013229448810796646,4.710396672832905e-05,5.448639683299078e-11,0.007542517370467362,0.6207423897331398,8.459955392503784e-08,7.118531471041163e-06,2.8714825538959885e-05,2.8132067464996078e-05,3.73789001007652e-08,3.976408433889196e-05,8.105896144373812e-05,0.00914681575231186,3.416029332025059e-07,0.33774393914974643
11,3.691052730704314e-05,0.006793355929175031,1.9805462986353636e-06,1.4610962612278707e-06,0.0019057567724350818,1.2376107377768801e-05,2.584374129421241e-06,1.620399773775113e-06,0.0030612204563533496,7.590165201399761e-06,0.013646376294594139,5.212975464320941e-05,7.484282447781996e-11,0.007757242297973697,0.6226866749425989,1.0105241458712997e-07,8.2794709085062e-06,3.274102200617174e-05,3.309416770336519e-05,4.3290492326956124e-08,4.053289660143165e-05,8.828273766781779e-05,0.009454266305789636,4.2052606596258565e-07,0.33437495879138457
12,4.57041527257648e-05,0.00858765187134856,2.569465727462335e-06,1.8831429819002736e-06,0.001017299260675216,1.0953052074792236e-05,1.8760529455524133e-06,4.131953777189203e-06,0.0038548737142251625,1.0614883812864669e-05,0.015343310995916796,5.4531800316384484e-05,8.461075445433733e-11,0.003205389245186071,0.7475281064445283,1.1086401630034132e-07,8.26236827556843e-06,2.0902799069355244e-05,4.485753333081135e-05,2.9407261317707848e-08,2.9774338057993687e-05,0.00016792996317737007,0.004612305823163618,3.0305546170530704e-07,0.21544662772733317
13,3.1005049474603415e-05,0.006611024562090399,1.7622811402627105e-06,1.3282000705894696e-06,0.0018150348933687447,1.0980321479680985e-05,2.2203724731725194e-06,1.278348369150733e-06,0.002755077054295521,6.341056290242622e-06,0.01339252549502463,4.7223829170834713e-05,5.429379830275038e-11,0.0075875508656145264,0.6227954610252409,8.38502874933492e-08,7.043709555067895e-06,2.8572729821625683e-05,2.76337240686271e-05,3.752987541370804e-08,3.960053899144409e-05,7.995998764733487e-05,0.009118600984332122,3.3686401548537324e-07,0.3356393166730085
14,2.468233520488344e-05,0.011684170193259224,1.7969543885549201e-06,1.6389408560935438e-06,0.002426363408958726,1.3621444847638857e-05,1.4241973819775298e-06,9.619254998173878e-07,0.002596919404469963,4.97085072651493e-06,0.016803389358076057,3.273909535092643e-05,5.384157144449138e-11,0.006668703973664447,0.6856935034072875,9.183792475787067e-08,5.144581913272017e-06,3.9089035480815746e-05,4.0497962752970264e-05,4.16515792261946e-08,3.573723819295517e-05,8.078804218861016e-05,0.007681742895291193,2.2113431394986113e-07,0.2661617600765483
15,3.1079786315767833e-05,0.006701068358779363,1.7646904605311366e-06,1.3324830257915498e-06,0.0018278122476345744,1.1197543580979099e-05,2.2418444528550524e-06,1.2805168518140458e-06,0.002778391187423016,6.36445215387898e-06,0.013229448810796646,4.710396672832905e-05,5.448639683299078e-11,0.007542517370467362,0.6207423897331398,8.459955392503784e-08,7.118531471041163e-06,2.8714825538959885e-05,2.8132067464996078e-05,3.73789001007652e-08,3.976408433889196e-05,8.105896144373812e-05,0.00914681575231186,3.416029332025059e-07,0.33774393914974643
16,2.8050130411799087e-05,0.003656283346819456,2.3153306766860154e-06,1.5777881037615297e-06,0.001703481303755192,1.1782685046014732e-05,2.7458030126958274e-06,1.2689777331864562e-06,0.0013324812935034181,5.564054780394176e-06,0.018093351359260275,8.694003725276946e-05,8.904873545835925e-11,0.015971555057820472,0.7596840140173656,1.8214319898993635e-07,8.034093656774811e-06,6.589192300647313e-05,2.466101302430373e-05,6.981123494730626e-08,9.468053195108294e-05,5.972926252284033e-05,0.011701518180829066,4.363068840206985e-07,0.18746338545910096
17,4.794486393135961e-05,0.003949531127695419,2.146290559546133e-06,1.5891746538878123e-06,0.0022426339930012116,5.951807279115111e-06,4.5564259085484755e-06,1.266397884863122e-06,0.002475579564430229,5.680396458347401e-06,0.017477109055981765,8.377014384002448e-05,6.204464443367028e-11,0.014239387910956773,0.4307593709049485,7.415516757659255e-08,9.31515723924724e-06,1.92787165342031e-05,1.3279993606765251e-05,4.479473733065841e-08,3.881867194082869e-05,7.789640466811537e-05,0.009201486009557577,3.5165207051702636e-07,0.5193429363249037
18,2.8141368975321146e-05,0.005473131503830618,5.926750593959525e-07,6.570084829944072e-07,0.0011532399851347606,5.384998880747288e-06,2.0053004041043704e-06,4.264022206257774e-07,0.0018097274274558517,3.2764155175986756e-06,0.007624568023568269,2.1653355263749538e-05,1.7840460834902803e-11,0.005411380267166411,0.2858675510415085,2.2278827553254735e-08,9.839300240745499e-06,1.6533489011802943e-05,1.5313371536158624e-05,1.673068135082409e-08,1.7045742193060937e-05,8.608557734296452e-05,0.00727381384382318,2.5594150270683364e-07,0.6851793379335311
19,4.4484829520228674e-05,0.005547986110863504,3.4547297989468596e-06,1.9029206916133133e-06,0.0024924424991942177,1.791889887655743e-05,5.5282834560210075e-06,2.9336628046986227e-06,0.004832796020005035,1.8133083279753066e-05,0.013735550749398572,9.550963665124382e-05,1.2193506118349578e-10,0.006234090514542274,0.5209017807207669,1.2820055485198014e-07,1.1871055144428749e-05,2.1109702618473552e-05,3.293745805408846e-05,5.7688375712802e-08,4.244153739370263e-05,0.0001508886568069257,0.008442586047577758,6.319506839516675e-07,0.43736283492100536
20,8.987506033673254e-06,0.007195117756806363,8.61557166366344e-07,7.495867459415582e-07,0.0005394579092671589,7.366044223605592e-06,6.939730923191901e-07,1.0835927186758693e-06,0.0014147946328959507,2.951134253867272e-06,0.008544083869936414,4.048236006667731e-05,2.1076521205105628e-11,0.003031097068265316,0.8183758902402717,4.2249188840074105e-08,3.0019427348213444e-06,1.8902614044004506e-05,1.320597797753427e-05,1.7238429137821518e-08,3.4108789271820216e-05,8.447899351162808e-05,0.0045615718798439125,1.3397285565636343e-07,0.1561209190893221
21,3.1955843089826185e-05,0.004691621812214349,1.7798302679232944e-06,1.7866741421893885e-06,0.0016379215362974846,6.7475606485911426e-06,1.5037183850013148e-06,9.86840831417987e-07,0.0018186801311238377,4.389542361108517e-06,0.02365884910755899,5.475736739418435e-05,5.074628703619301e-11,0.013549113350312952,0.7135427602780702,9.703450937395488e-08,4.42861390408372e-06,3.3225195670954836e-05,1.869981319937392e-05,4.717950521827928e-08,4.318541578892251e-05,4.670397240774721e-05,0.008752792078765477,1.8276137488831607e-07,0.2320977842914299
22,3.730963632787129e-05,0.004491357710412997,2.546955662298365e-06,2.054826596867817e-06,0.0020257534096663208,9.488779293860358e-06,2.3296578721309513e-06,1.3868109584942174e-06,0.002536388689649512,9.723861011407789e-06,0.028288164840302665,5.3685956859270934e-05,7.768806252624812e-11,0.009012492028020734,0.6479494677421288,1.1163637694027887e-07,1.2013642504996311e-05,4.6477637556202936e-05,2.58288070722494e-05,7.57707336784477e-08,6.121225519305847e-05,8.306936680312112e-05,0.012147038581025142,3.0456336226014895e-07,0.293201716756921
23,3.1079786315767833e-05,0.006701068358779363,1.7646904605311366e-06,1.3324830257915498e-06,0.0018278122476345744,1.1197543580979099e-05,2.2418444528550524e-06,1.2805168518140458e-06,0.002778391187423016,6.36445215387898e-06,0.013229448810796646,4.710396672832905e-05,5.448639683299078e-11,0.007542517370467362,0.6207423897331398,8.459955392503784e-08,7.118531471041163e-06,2.8714825538959885e-05,2.8132067464996078e-05,3.73789001007652e-08,3.976408433889196e-05,8.105896144373812e-05,0.00914681575231186,3.416029332025059e-07,0.33774393914974643
24,3.462149502900634e-05,0.008179617298700972,1.8540424759145764e-06,1.9639007587784037e-06,0.002453337045958092,1.085191752356307e-05,2.009714914921321e-06,1.1271688977585245e-06,0.0025682074018039415,5.993887007768193e-06,0.0177903104263264,5.131670040095789e-05,6.258621761885732e-11,0.0100367846100516,0.5748036364267286,8.77582321829629e-08,6.884863922042633e-06,3.298548369146517e-05,2.8304110458485137e-05,4.8162603561110314e-08,3.6950697622001064e-05,8.395033014306774e-05,0.008503584328136351,2.7664366799621767e-07,0.37536529552235826
25,5.554444709206019e-05,0.002377557304031903,2.436344949106334e-06,1.8652797394797178e-06,0.0018691795173012933,4.124721432446179e-06,3.741819648386513e-06,2.479211747883619e-06,0.0024064610620316484,1.0034194451600268e-05,0.038252066420799376,8.507210364060009e-05,1.0871659181354653e-10,0.01380721303229331,0.6181700935779204,7.823079914544004e-08,7.827780647367971e-06,2.646061103275909e-05,1.1513384163409752e-05,8.22108322470543e-08,3.0129699766880735e-05,5.430997557908064e-05,0.007853784986679362,2.672353957223822e-07,0.314967676739308
26,5.833634256537665e-05,0.006898182070421287,1.7754656468060767e-06,1.3248393324076523e-06,0.002585599474033665,1.8324530904020588e-05,3.364208494641559e-06,1.499434720979771e-06,0.005975605083061852,1.105038177512589e-05,0.009568955073999933,2.6014749125569183e-05,8.805736568912752e-11,0.005922012105339445,0.4798025237485839,9.975512247787107e-08,1.5079971008053261e-05,4.4537662049425695e-05,5.595341720355249e-05,4.4888469344887866e-08,4.478630659590354e-05,7.657346295545677e-05,0.01961119043037208,7.808025876785261e-07,0.4692763857075736
27,0.00010188366502109738,0.0022983300350697573,1.1458848588154882e-05,2.634288243967906e-06,0.007494214269957105,2.19449412634323e-05,1.1089545009985965e-05,1.6590434502219205e-06,0.0017528616776344055,1.8379164994648615e-05,0.026971705649796337,0.0001504863254798122,5.469867160647294e-10,0.05819015564238642,0.5764190416919943,6.053538463242096e-07,3.0364968204366367e-05,0.00016761515178408844,5.4901951679606616e-05,3.839490268309203e-07,0.00034425140396658675,4.0842089567354435e-05,0.04666018873647427,2.91785274489373e-06,0.27925208320682926
28,3.1079786315767833e-05,0.006701068358779363,1.7646904605311366e-06,1.3324830257915498e-06,0.0018278122476345744,1.1197543580979099e-05,2.2418444528550524e-06,1.2805168518140458e-06,0.002778391187423016,6.36445215387898e-06,0.013229448810796646,4.710396672832905e-05,5.448639683299078e-11,0.007542517370467362,0.6207423897331398,8.459955392503784e-08,7.118531471041163e-06,2.8714825538959885e-05,2.8132067464996078e-05,3.73789001007652e-08,3.976408433889196e-05,8.105896144373812e-05,0.00914681575231186,3.416029332025059e-07,0.33774393914974643
29,3.1079786315767833e-05,0.006701068358779363,1.7646904605311366e-06,1.3324830257915498e-06,0.0018278122476345744,1.1197543580979099e-05,2.2418444528550524e-06,1.2805168518140458e-06,0.002778391187423016,6.36445215387898e-06,0.013229448810796646,4.710396672832905e-05,5.448639683299078e-11,0.007542517370467362,0.6207423897331398,8.459955392503784e-08,7.118531471041163e-06,2.8714825538959885e-05,2.8132067464996078e-05,3.73789001007652e-08,3.976408433889196e-05,8.105896144373812e-05,0.00914681575231186,3.416029332025059e-07,0.33774393914974643
30,3.1079786315767833e-05,0.006701068358779363,1.7646904605311366e-06,1.3324830257915498e-06,0.0018278122476345744,1.1197543580979099e-05,2.2418444528550524e-06,1.2805168518140458e-06,0.002778391187423016,6.36445215387898e-06,0.013229448810796646,4.710396672832905e-05,5.448639683299078e-11,0.007542517370467362,0.6207423897331398,8.459955392503784e-08,7.118531471041163e-06,2.8714825538959885e-05,2.8132067464996078e-05,3.73789001007652e-08,3.976408433889196e-05,8.105896144373812e-05,0.00914681575231186,3.416029332025059e-07,0.33774393914974643
31,5.756847126268704e-06,0.0036651014964674596,3.3928289029861644e-07,6.276473486202808e-07,0.0019644222423913704,1.5118936868583534e-05,1.928046524203617e-06,8.152514901591181e-08,0.0018655164547400904,3.8090489563802496e-06,0.0068485506895670355,1.4806127052363783e-05,4.932610571182478e-12,0.00566545153365447,0.3053255301890251,1.884263388089421e-08,3.2464267899147164e-06,1.1765015958769227e-05,7.15623840904635e-06,1.738793652849183e-08,2.4407902454207905e-05,4.020087278467495e-05,0.016086680267254554,1.4290915025655901e-07,0.6584493240639343
32,3.428125125003953e-05,0.008298746301197202,1.8463424399901018e-06,1.3940494070723481e-06,0.0019038011230706603,1.2647981006741921e-05,2.084859694071293e-06,1.337788575001183e-06,0.0029066969311530235,6.379539760139964e-06,0.01270826103484621,4.389676909162059e-05,6.18719877934627e-11,0.007277914051717123,0.625230364536215,9.417881102961009e-08,7.631983730611795e-06,3.3034099043575874e-05,3.742845283466148e-05,3.7252453343950504e-08,3.922723849305441e-05,8.921338061421633e-05,0.009052004104079922,3.7674105617422477e-07,0.3323112999475873
33,0.000194212870213589,0.04545757373468291,4.815389288312075e-06,5.931988284423678e-06,0.003974365630197808,0.00011999125248772234,1.1460314761638161e-05,5.37266823805252e-06,0.0032366611901913263,1.4729444251958677e-05,0.006029130103440693,0.00012456810202608133,9.605727429643141e-10,0.015174824037998098,0.44509569323952974,1.494581188069467e-06,0.00011390965759167768,0.00037226172408521223,0.0010129291748184478,8.01284981383275e-08,0.00010339222785189184,0.0009598516012915459,0.014218051906479814,9.110883757876827e-06,0.4637595871882721
34,0.0003539906429327678,0.007547854636016049,4.406117570355755e-06,2.710206559703556e-06,0.0049199841180552805,5.538263470634785e-06,2.138783041499433e-06,2.455707617008839e-06,0.005350064963945252,1.0311724338196385e-05,0.04063593668748106,2.8488182453668675e-05,1.912311279706566e-10,0.017231553022319553,0.5704520124268143,1.4080997400076385e-07,1.153834876160508e-05,4.66880755962608e-05,0.00010700783029073157,6.503946571748328e-08,2.514069157651968e-05,4.973296199901459e-05,0.008862413691387912,3.8572529291427606e-07,0.344349441151809
35,5.580862852577159e-05,0.011137551083055914,1.6377822403716818e-06,1.7169579314345177e-06,0.001765124019439831,1.0222679844228054e-05,1.935231141248992e-06,3.137689305709323e-06,0.006710570953222757,7.263257016067784e-06,0.013754621857480847,3.373443308501371e-05,6.323594906190904e-11,0.0034521802608290498,0.6249320869432664,8.152327460507551e-08,7.996351439785166e-06,2.227190684147196e-05,4.8627898707827375e-05,2.325756449873694e-08,2.005094214193554e-05,0.00013707997238581327,0.005135365355181085,2.295040293493917e-07,0.3327606814488129
36,3.06356164579932e-05,0.0045499903124826095,1.1251052292496245e-06,1.2740456201256653e-06,0.0009715600939062739,7.465277814452346e-06,4.146545681454512e-06,2.311653361464809e-06,0.0020637242241588697,5.114248629410254e-06,0.013359475359048464,0.0001247907718413868,5.6376093242553825e-11,0.008660160984167027,0.580056126767037,8.724529610919756e-08,1.2386944496306711e-05,3.085977436171454e-05,1.78396545597331e-05,2.8207525294392522e-08,2.9291781874827897e-05,0.00019029927790997203,0.004995743143189095,3.332426981108626e-07,0.3848852296662771
37,6.33940308732389e-05,0.004474587963569373,2.4951448366169894e-06,1.4400883942688847e-06,0.0025281758214337527,1.1264744616105109e-05,4.726184747716803e-06,7.43132359634732e-07,0.0013787596097841884,5.780995220975117e-06,0.012710376751788514,6.987634722687473e-05,9.844636803706296e-11,0.030024773913536397,0.4877375426295006,1.5257245834499545e-07,1.3769491352463472e-05,5.841671329065015e-05,3.398632369575905e-05,6.315406689236173e-08,8.614727242861569e-05,5.723110960159601e-05,0.01996543852250249,1.0983638271044738e-06,0.44076975902044147
38,2.1108505172441132e-05,0.005961396778962052,1.5564866424604887e-06,1.2488714345162066e-06,0.0013477431344655058,1.9808576508863354e-05,2.591346355796759e-06,1.1387519795034114e-06,0.002020381802718554,5.807992881376009e-06,0.010170755366436302,5.462869344281297e-05,6.039394966889135e-11,0.00755932068654523,0.7546843121928232,1.5270116086178899e-07,6.68201270150451e-06,4.774314165817519e-05,3.572809975750822e-05,3.425144245525254e-08,6.635463130871029e-05,8.404546062205791e-05,0.01147695308043043,4.692490211204687e-07,0.20643003812513483
39,1.8500503184154187e-05,0.011750765848471031,3.692579228504099e-06,1.3696425093618069e-06,0.0014885768168124234,3.4958711688072976e-05,1.9926325435062434e-06,2.4596896404059664e-06,0.003235198589812068,5.485707028250929e-06,0.00610224288080152,8.874603179378792e-05,7.909723438351281e-11,0.003492153341990464,0.7724671387169084,2.485261318172152e-07,1.2237230573888438e-05,4.245214186614466e-05,5.895324781813503e-05,3.718334703613409e-08,0.00017081531344244623,0.0001826454495226878,0.010654997222989434,5.870933629940098e-07,0.19018374481943628
40,3.252657998773622e-05,0.006520415724487471,2.316765436508102e-06,9.90134787004724e-07,0.00260925226054954,6.04945722417046e-06,1.9663178241478466e-06,6.766424162973752e-07,0.00179752305382309,3.5248095177963455e-06,0.015435781427914139,6.14749802448858e-05,3.865351782573457e-11,0.013857237128403477,0.5288261183518111,5.834920538890839e-08,5.1304589876868826e-06,1.879039108336148e-05,1.9079362337157543e-05,3.5354261184083064e-08,3.762861483682839e-05,6.121397916243616e-05,0.007028411803150845,2.3941967402486216e-07,0.42367355859422
41,2.933879693315211e-05,0.012463539737920967,1.4174146658620861e-06,2.0878257214429116e-06,0.003352929179441378,8.707746645057987e-06,5.961564071820479e-07,1.635077699900866e-06,0.004938181889192806,4.134941668280027e-06,0.023819458444648178,1.7734997004069418e-05,6.066898046824817e-11,0.005959441343238102,0.8090885579857344,9.709026234709003e-08,1.8966547867285897e-06,3.7541935280038873e-05,4.545760928780316e-05,3.966519642004803e-08,1.5500630881852443e-05,3.445066142778522e-05,0.004445073782895905,8.052071113235065e-08,0.13573209985168025
42,2.7384009058655685e-05,0.030460365896184748,4.060517579516741e-06,2.7158047987727263e-06,0.001272124703243337,2.8767592549456256e-05,1.2698042234709387e-06,5.048296534733773e-06,0.006100633193933692,6.1588870536864185e-06,0.008818042205912835,6.370046520995429e-05,7.382485173256459e-11,0.0015233615381298753,0.7694297208392739,2.4448862753534815e-07,1.1199114695407102e-05,2.6676828546927217e-05,0.00010935131392641834,2.2721152065378887e-08,6.128565184087024e-05,0.0004617494006745038,0.004089118882938351,2.770989449919855e-07,0.17749672067114158
43,3.0232420718157694e-05,0.007898913260563249,4.0643322379914785e-06,2.0045238063308614e-06,0.002324639914507074,4.343666234007539e-05,3.282720563096519e-06,3.0714979568527834e-06,0.0052512890014611395,1.9332135344111177e-05,0.009262598766738848,7.018260722358597e-05,1.2893697945707275e-10,0.0033808195701363563,0.7228218849303883,2.262811895625369e-07,1.6980815785229425e-05,4.446460693688658e-05,6.328262972990175e-05,6.65300578537306e-08,0.00014697833325187738,0.00017976590405134585,0.014780981667600347,8.44557743762419e-07,0.233650656200731
44,3.1079786315767833e-05,0.006701068358779363,1.7646904605311366e-06,1.3324830257915498e-06,0.0018278122476345744,1.1197543580979099e-05,2.2418444528550524e-06,1.2805168518140458e-06,0.002778391187423016,6.36445215387898e-06,0.013229448810796646,4.710396672832905e-05,5.448639683299078e-11,0.007542517370467362,0.6207423897331398,8.459955392503784e-08,7.118531471041163e-06,2.8714825538959885e-05,2.8132067464996078e-05,3.73789001007652e-08,3.976408433889196e-05,8.105896144373812e-05,0.00914681575231186,3.416029332025059e-07,0.33774393914974643
45,3.0971591672351615e-05,0.0055692815298948335,1.8423896865051535e-06,1.3126762412938284e-06,0.0012969948085555082,1.6706496656203227e-05,3.9024676347059855e-06,4.640590310760027e-06,0.003359123246625635,9.728401301297049e-06,0.009994522062767523,6.719295786026733e-05,1.266122631522282e-10,0.004873235182671015,0.809735570881037,1.8051728361536334e-07,7.4843946477508e-06,4.246181058911262e-05,4.260964035809618e-05,3.8482287959831923e-08,3.709482116846813e-05,0.00011781300969734753,0.005576459196767923,5.634132249290315e-07,0.15921026930444757
46,0.0001444281002876551,0.007560315546387516,5.3517280124761286e-06,4.458336684045676e-06,0.002328003586684912,2.8762874000604345e-05,8.160945701155766e-06,4.476394284422357e-06,0.004285131311752023,2.4110875980688805e-05,0.015351925878973521,0.00015609081279523287,2.930309214944743e-10,0.006855484085587405,0.35084266252978813,2.8004293351865104e-07,9.276824200177458e-05,4.860567000937188e-05,8.148710449428554e-05,8.787615758668668e-08,0.00011666438210107815,0.000498981661991474,0.013841324302212708,1.6117519484489897e-06,0.597718825666199
47,8.083242271414266e-05,0.008745229054826416,3.407569000726202e-06,2.4578218319646385e-06,0.0021688737642888076,1.745086505738007e-05,4.468638821349454e-06,2.7232016303948057e-06,0.0036646524241831357,1.0771707168941128e-05,0.013553092659211615,8.227679242960507e-05,1.426338561614114e-10,0.008901540107284436,0.5636930596756953,2.0622104818988106e-07,1.8295882544482333e-05,3.9952707232220574e-05,6.586985215147666e-05,4.6711175528566784e-08,6.021147756759675e-05,0.00017674942974618015,0.010510896933472366,8.330371773772766e-07,0.3881961009011065
48,8.408350549073323e-05,0.013883565435464863,2.710549918535105e-06,1.768327744810804e-06,0.00204974962028093,3.589100362616416e-05,4.9013285181726315e-06,3.523924803081311e-06,0.0046193348854173776,1.606200529889163e-05,0.006715395231443144,5.376726756151882e-05,1.9384792751179273e-10,0.005025119503475176,0.5002511409308973,2.0669861310623266e-07,3.345078536724733e-05,6.211682129680677e-05,0.0001534189414661193,4.431587859758315e-08,5.262564205378276e-05,0.0002770580113475402,0.011617413157536128,2.021294850850121e-06,0.45505463061780105
49,2.312055983098607e-05,0.009542722093477,2.548424404878021e-06,1.5367460533756935e-06,0.0017240965961399252,1.74718865875099e-05,2.341892985008649e-06,1.8169744889489773e-06,0.0033081426762038616,7.768832043126381e-06,0.010873280690635914,7.359264335661184e-05,6.067859222852704e-11,0.0045578509652642474,0.6356355918237507,1.035260639585289e-07,8.57672899774357e-06,2.2650449669571762e-05,3.274097605518665e-05,3.760028266369263e-08,5.328482041595245e-05,0.0001630383733147107,0.007368403106136968,3.6102366130471505e-07,0.32657892052950116
50,0.00011687493002263564,0.002459392122289563,2.631463105497805e-06,1.720729807307119e-06,0.002533944005707822,8.568922858327932e-06,9.605129760824619e-06,2.8851430320323083e-06,0.0033202149055307282,2.053273214690721e-05,0.019224909952891375,7.295537208614633e-05,1.8151537383813703e-10,0.015881883576752378,0.43486556993719777,1.1566307055261679e-07,1.4422633296463322e-05,2.9702386043427075e-05,2.934309229889126e-05,7.307950173901688e-08,2.5134530302450302e-05,7.094312368501266e-05,0.00988206352202346,1.0202339826297919e-06,0.5114254926310907
51,3.946158090353728e-06,0.028868548533831057,3.251217556016059e-07,1.5721989928037147e-06,0.00023363264292242876,4.568358050624576e-06,1.2487089106117508e-07,6.970016596533727e-07,0.0011963686192206593,7.510204505437729e-07,0.008786604246710322,1.735156900259651e-05,4.985953422359276e-12,0.0010519205891013435,0.8414871953819498,1.8548940425235706e-08,7.622222937213751e-07,9.016069646970143e-06,8.511869351810451e-06,5.2626002374534945e-09,1.1359026693037716e-05,0.00013412401839204362,0.0014641605452901981,1.6582383740623846e-08,0.11671841953679304
52,2.1730510775125653e-05,0.0025894896127895734,8.325972874504322e-07,1.363860580191176e-06,0.00118775497622056,1.821871166684323e-05,9.344028492546697e-07,2.5679166397100172e-06,0.0026709883220908098,1.9445745049500157e-05,0.01587434945723683,3.304704569789351e-05,9.69684877931335e-11,0.004337210128430817,0.8921571062654953,9.33044135165697e-08,2.3377340408667636e-06,5.6666302179218845e-05,3.548936589786615e-05,5.8149707807978426e-08,1.8972573114767365e-05,3.8026674863118674e-05,0.004393310005663083,2.0421977514208026e-07,0.07653980202056633
53,2.0073564687509127e-05,0.001879553732189099,1.5891996596195594e-06,1.24402465127713e-06,0.002016254148785959,8.216513605000715e-06,5.317054764526672e-06,7.465243567547851e-07,0.0021165112784539615,6.971180084466388e-06,0.01926167392344617,6.916730947828768e-05,4.624452690335921e-11,0.01434944216851527,0.5609235984760647,7.90797000486004e-08,6.451214171410347e-06,2.966887373338229e-05,7.4259716258008786e-06,6.761084821559158e-08,6.337896084027639e-05,3.9577612057542206e-05,0.019567447893318022,3.4526612377337707e-07,0.3796251983725944
54,1.3313153847884517e-05,0.011801769281008666,4.7246411155126764e-07,6.630512201088905e-07,0.0007927756699639154,6.556182972755745e-06,1.0454152799557994e-06,4.692354495831326e-07,0.001705246357339887,1.8446384050857025e-06,0.0059210704544273235,2.146777279802234e-05,9.42793828289589e-12,0.004436936839909255,0.5430583359132559,2.536094543126375e-08,2.3745909900406726e-06,1.0209970037999015e-05,1.5903345798896374e-05,7.310974942371371e-09,1.2230432674212339e-05,8.377312890904213e-05,0.0037727301196644647,1.293330763878973e-07,0.42834064996751064
55,3.124484587643248e-05,0.006123947488820373,1.8152369022617078e-06,1.3005151905006434e-06,0.0019345469649621571,1.1558495885164416e-05,2.6088509487103964e-06,1.4740897958495022e-06,0.0028922369448843507,6.499961663226969e-06,0.012829040817285685,5.837012234995966e-05,6.325859617825441e-11,0.008264482905488032,0.6208892286779223,9.426719286899315e-08,7.351045514614586e-06,3.0183939524632415e-05,2.7525839780732887e-05,4.010625070894478e-08,4.057800974826649e-05,8.241466514798422e-05,0.008923898628086416,3.705065781369425e-07,0.33783918701094207
56,3.508974900031842e-05,0.006843304815942296,1.9440885775767266e-06,1.4802380846109684e-06,0.001925590820879797,1.2522817734942722e-05,2.500111516293647e-06,1.5431422776298734e-06,0.002987001662558671,7.299078485601334e-06,0.013597638776865855,5.147184783570329e-05,7.11242617942368e-11,0.007773913330511605,0.6241718697760631,9.951557341555148e-08,7.957018432556124e-06,3.2527787668009364e-05,3.216587544300497e-05,4.31048884435149e-08,4.14897165429837e-05,8.660099842117717e-05,0.009417796828319721,3.9885495136121144e-07,0.3329677499723011
57,3.46718789499952e-05,0.00752009653685228,6.145975642306844e-06,1.5336768930152815e-06,0.0033417396690377335,1.8541557877033266e-05,3.6464847263433952e-06,2.310154399315282e-06,0.004168485294335923,1.1324919309432473e-05,0.013855713740278112,0.00012186287408171152,1.216085137568422e-10,0.007157267875176296,0.6025933202893614,1.7569254217389863e-07,1.218720315508061e-05,2.465760600929582e-05,4.121333132792691e-05,7.120418177182908e-08,8.48767422674119e-05,0.00014088210197539457,0.009266415641259776,5.635169327741992e-07,0.3515922959118192
58,3.728981779432302e-05,0.007047513283157619,2.0819714035105566e-06,1.378388511651565e-06,0.001956238167424769,1.5300238095829147e-05,2.916969965610634e-06,1.5718312029114594e-06,0.002926745784304875,8.518190011543856e-06,0.01104273842360728,5.510048059615734e-05,8.277123845702159e-11,0.008030755534782687,0.6019575863399821,1.1014518893433422e-07,9.764631035077936e-06,3.652730747974441e-05,3.824152367781412e-05,4.5471255733968424e-08,4.83103264667273e-05,9.555355414662657e-05,0.011127244404754112,6.09730214693612e-07,0.3555578574021684
59,3.7305891654636305e-05,0.007015201215950643,2.505857350860345e-06,1.4193057524726827e-06,0.0020602252495550816,1.4186180999596815e-05,2.9446030579342724e-06,1.6287251470151746e-06,0.0029311442346669657,8.324678971241376e-06,0.011959508214324921,5.927452730787981e-05,8.499805291487431e-11,0.008119723653298303,0.6064138559099951,1.1392532066323478e-07,9.824460622078987e-06,3.367086700339521e-05,3.613344670819149e-05,4.9304412186944646e-08,5.318116926866295e-05,9.536875105937052e-05,0.010983510363472027,5.771727039095736e-07,0.35016032220639887
60,3.1079786315767833e-05,0.006701068358779363,1.7646904605311366e-06,1.3324830257915498e-06,0.0018278122476345744,1.1197543580979099e-05,2.2418444528550524e-06,1.2805168518140458e-06,0.002778391187423016,6.36445215387898e-06,0.013229448810796646,4.710396672832905e-05,5.448639683299078e-11,0.007542517370467362,0.6207423897331398,8.459955392503784e-08,7.118531471041163e-06,2.8714825538959885e-05,2.8132067464996078e-05,3.73789001007652e-08,3.976408433889196e-05,8.105896144373812e-05,0.00914681575231186,3.416029332025059e-07,0.33774393914974643
61,3.518867001730351e-05,0.00684889179023459,2.2958131526122227e-06,1.3017714799772515e-06,0.002027647867871339,1.3190728586220123e-05,2.6861729544638362e-06,1.4290501134532505e-06,0.002912454617985151,7.580817295813569e-06,0.011978856924857093,5.513010218077299e-05,7.187485136521765e-11,0.007955247057394154,0.6014684019159249,1.0106827205042031e-07,8.852055474979586e-06,3.061200183935579e-05,3.342758166998522e-05,4.406013579035304e-08,4.9405152309796345e-05,8.839271671817148e-05,0.010601775756696118,4.971726167485994e-07,0.3558765890623444
62,3.1079786315767833e-05,0.006701068358779363,1.7646904605311366e-06,1.3324830257915498e-06,0.0018278122476345744,1.1197543580979099e-05,2.2418444528550524e-06,1.2805168518140458e-06,0.002778391187423016,6.36445215387898e-06,0.013229448810796646,4.710396672832905e-05,5.448639683299078e-11,0.007542517370467362,0.6207423897331398,8.459955392503784e-08,7.118531471041163e-06,2.8714825538959885e-05,2.8132067464996078e-05,3.73789001007652e-08,3.976408433889196e-05,8.105896144373812e-05,0.00914681575231186,3.416029332025059e-07,0.33774393914974643
63,2.6823192699126675e-05,0.008598220522523263,1.4420384221395217e-06,1.2458092102585737e-06,0.0016142211193295418,1.1120335558982055e-05,1.7051768137577024e-06,1.1240646859731454e-06,0.0027382917109663673,5.133186154719825e-06,0.011784575799137583,3.71456441336403e-05,4.358141392710912e-11,0.0061253627181816084,0.6327051698541594,7.152110104671905e-08,6.052442141591034e-06,2.7340390357514124e-05,2.9365562782675406e-05,2.978733296391998e-08,3.436795785423803e-05,8.408886002650593e-05,0.008189501763906941,2.8155261530936395e-07,0.32797731894632337
64,2.6853057229675485e-05,0.00674278506889344,2.402903810603537e-06,1.3133265900970402e-06,0.0018133987168801125,1.286004364333607e-05,2.13015553300572e-06,1.1582926636302907e-06,0.002579170405913234,6.177644439972734e-06,0.012272791442239589,5.840732965428096e-05,5.470007021781892e-11,0.007344248790606248,0.6414014958518418,9.947975239719682e-08,8.166260913252063e-06,2.7815559779865935e-05,2.6574495040811864e-05,4.165373291500954e-08,7.009817433693641e-05,8.644132899143606e-05,0.011470935348082332,3.802532418653725e-07,0.3160442543614892
65,8.262606817559053e-06,0.011516867120546155,1.1631997758306893e-06,6.786067217579443e-07,0.0013146265211515617,1.6329947431032098e-05,1.2285048656456984e-06,3.1448872353510897e-07,0.001412655246449253,2.0423266222639987e-06,0.004372335974469833,3.060971187741474e-05,1.7960283972648398e-11,0.005628157653336885,0.5511582790665167,5.3138327692230355e-08,5.850936123717505e-06,2.852422005615935e-05,1.995139109137483e-05,2.3659646617911062e-08,9.54751933689256e-05,7.235642081279956e-05,0.01645668742936739,3.6568123908434735e-07,0.40785716093670066
66,3.0975161850790366e-05,0.0067044489587683226,1.7582761080790569e-06,1.3299605181183048e-06,0.0018212366617750546,1.1180529601964632e-05,2.2338659965017855e-06,1.2779022047100724e-06,0.0027727026775645636,6.344881743730478e-06,0.01320842397330838,4.702870744050078e-05,5.425223843143633e-11,0.007528987791946735,0.6211175654758181,8.435202448759398e-08,7.099443674820984e-06,2.868053577475763e-05,2.806994295428133e-05,3.7255128574150106e-08,3.970673383585869e-05,8.102037867698031e-05,0.0091346768728485,3.4064224630014216e-07,0.3374247889639376
67,5.1441186245663603e-05,0.006170548141181045,2.3326520270853257e-06,1.653318349998902e-06,0.002529542305723055,9.994898473674833e-06,2.779198557282277e-06,2.0189322763373546e-06,0.003831870180061311,8.999066554768563e-06,0.018224933853280115,5.215012125709882e-05,8.149753120303451e-11,0.00840741871919807,0.6327987080443346,1.036612517691389e-07,7.557268759277254e-06,2.8544820302713315e-05,3.440775683916381e-05,4.469550845053371e-08,3.251645810545382e-05,8.188492899422161e-05,0.0076557723475769845,3.448386570674841e-07,0.3200644325249873
68,8.102256827999753e-06,0.0038125620779297245,1.3261245748306156e-06,7.9573500353216e-07,0.0010941098242473084,1.8896397768786083e-05,2.1705118213692227e-06,1.3642239060042971e-06,0.0015972179547832758,5.379653075624061e-06,0.0075969058350720455,8.981343348507961e-05,4.0270563200307856e-11,0.004609668144939241,0.7737006377345649,7.441160139355094e-08,5.128008986666164e-06,3.2454495097338016e-05,1.1525366528664821e-05,4.5760247442675323e-08,8.851491215131837e-05,7.89726523278524e-05,0.008767533324429104,3.2027684176738086e-07,0.19847648084351838
69,1.3553811487371385e-05,0.003999278245006005,1.0260878623612583e-06,9.538421017563793e-07,0.0011549225724201467,6.404345603013319e-06,1.0733641401159723e-06,7.413421478817753e-07,0.002305791082564851,4.742741582016692e-06,0.017811178990981297,3.094762944405724e-05,2.176833721325458e-11,0.004462773121337264,0.6861228230833349,3.3093501005223865e-08,4.05759908618705e-06,1.9774958816070344e-05,9.524972080515834e-06,3.2799496603991204e-08,3.666810914813425e-05,4.9161514429281615e-05,0.009107816657003356,1.081081810115532e-07,0.2748566119064763
70,1.2441317989104532e-05,0.0053693220336942325,2.58393816099319e-06,3.218834563652012e-06,0.0020133194989414896,2.2990510590021562e-05,2.2265642474487187e-06,1.3993271757363138e-06,0.005549722816654379,8.424759517476485e-06,0.022064866578812355,7.366378249348035e-05,4.107958190359155e-11,0.004391969365105266,0.7272790968943231,1.4468684077051835e-07,2.454242672902492e-06,1.9288229349878867e-05,1.2410535963096571e-05,5.8132699590876435e-08,5.4292328006874206e-05,7.255218036742353e-05,0.010376180923742356,1.1725288707573766e-07,0.22266725522412165
71,0.00017275749542295285,0.0007712480148811244,2.4968828209905387e-06,1.568061568110275e-06,0.00627319168971143,1.4473636480870213e-05,8.150586153744451e-05,4.28302187705872e-06,0.008322281286180762,5.33149562085932e-05,0.011407106788131666,7.670920365742345e-05,3.669682155059253e-10,0.013540398078062376,0.1743971256146692,1.4327219114386309e-07,2.8888963770705632e-05,2.1624518693829568e-05,2.048389808477515e-05,1.1308621087605848e-07,1.93746610253773e-05,6.579421829006537e-05,0.012472353128761696,2.5824264938479294e-06,0.7722501808682996
