,0,1,2,3,4,5,6,7,8,9,10,11,12,13,14,15,16,17,18,19,20,21,22,23,24
0,0.002476006372542654,0.0007048343786028537,7.169344293149737e-05,1.5011975365839972e-05,0.00015276337897355684,0.003048167563741151,0.0024541191676170984,3.1833506195278692e-06,0.00471771891750673,0.018871442474780713,0.00266256672540521,1.168400143232319e-05,1.7162142322266562e-06,0.05546913928813389,0.0379414645181986,2.6082104911954817e-05,0.0006416011797175995,0.00010217180464678572,0.0021054081359586116,0.00021373412610745164,0.00517680003694684,0.6615623817145492,0.005712942767533042,0.000636179709944879,0.19522118664959984
1,0.0035884175099216474,0.0013200090619273186,7.218730666034007e-05,2.0838637684682307e-05,0.00029407911191255587,0.001924052758786341,0.0020082850645274223,2.80825663273313e-06,0.010842013984752567,0.018842629580806344,0.004614382286606398,1.2610891770877633e-05,1.9028981757540498e-06,0.06678217976532802,0.036914042456019765,2.902662893522571e-05,0.0008608494038277674,9.965439558303098e-05,0.0015345198486899757,8.613354004951235e-05,0.0034878110564161152,0.6382155847603938,0.005039112902852246,0.0008250910957823871,0.2025817767959571
2,0.00490689231373472,0.0032810780139759014,0.0001337753784256915,4.632062208459891e-05,0.00031196844218376956,0.004400671234669395,0.0021209684290298793,2.43333815899707e-06,0.004137496088734096,0.011377641179471855,0.015736530879833652,7.467758459112256e-05,5.840661962374238e-06,0.13407508668732754,0.04172392707511884,3.803267222496256e-05,0.0029303272370420587,0.0002617837976441055,0.0015210465435532266,4.741125342396832e-05,0.010855125107671813,0.5966873321584523,0.006169074324195469,0.0007489549013685411,0.15840560407512105
3,0.0025295495016905527,0.0011025724124428037,6.357014260096228e-05,1.7540873142307877e-05,0.00022948306965293056,0.0015455216704222151,0.0016857424142499395,1.9307813363608024e-06,0.0050924940997145295,0.010990307749948565,0.004650409369187641,1.5107120993056543e-05,1.6795591768507609e-06,0.0787305418132886,0.034192290849301865,1.605721461556849e-05,0.0007619889215706325,0.000107779663414946,0.0010719574527351145,7.23927879117987e-05,0.004246186183617001,0.6388921084066292,0.005126193478464564,0.0005792508909620633,0.20827734357293012
4,0.0024800674447284753,0.0013000466859002025,6.57856179503531e-05,1.9305048289879168e-05,0.00025480542926014364,0.0015761871832192579,0.0016817195789742435,1.9161198904448597e-06,0.004811142396230243,0.01005867630110325,0.005618466182549749,2.019840332946876e-05,2.2681223767343418e-06,0.0925873831345549,0.03103054257746307,1.6445553021486307e-05,0.0008644955164081533,0.00012448175694859405,0.0010732805191541836,6.951504715542926e-05,0.004425881457537414,0.6350978903459183,0.0052387408174521055,0.0005373659029378573,0.20104339285764602
5,0.00302657075587207,0.0008101142325518921,6.011764219057539e-05,2.2136826506481967e-05,0.00021428036449140116,0.0012643718414810333,0.0016062782914678991,1.8627921314879087e-06,0.0050566460871551795,0.012942707589531519,0.00443933257866751,1.6607752128477462e-05,1.5845722216664874e-06,0.09379557781114144,0.024567375739113825,1.741962367519126e-05,0.0008372791177097929,0.00019545183882193088,0.0007646970426010047,9.418242746068927e-05,0.00423909241514993,0.5848165382767424,0.005721964657884274,0.0007677512522073867,0.25472005847109497
6,0.0025295495016905527,0.0011025724124428037,6.357014260096228e-05,1.7540873142307877e-05,0.00022948306965293056,0.0015455216704222151,0.0016857424142499395,1.9307813363608024e-06,0.0050924940997145295,0.010990307749948565,0.004650409369187641,1.5107120993056543e-05,1.6795591768507609e-06,0.0787305418132886,0.034192290849301865,1.605721461556849e-05,0.0007619889215706325,0.000107779663414946,0.0010719574527351145,7.23927879117987e-05,0.004246186183617001,0.6388921084066292,0.005126193478464564,0.0005792508909620633,0.20827734357293012
7,0.004611315543903306,0.0022922607520507073,0.00019111363556668942,2.1870686191472647e-05,0.0002972699804549968,0.0018396444358812678,0.0020378224814989456,3.891776548001842e-06,0.00416334824474392,0.009793242190237828,0.009130920219318642,2.446353483625297e-05,5.623875819113167e-06,0.05956863181039708,0.04027218418682668,1.5530723672227403e-05,0.0009577635938110288,0.00011180020296609236,0.002401827275999073,6.634226859011868e-05,0.005243370394782895,0.7476288157700595,0.003087292962073368,0.0006379401979289231,0.10559571325584179
8,0.0018703570996463006,0.00046667281557157,4.4810029787853024e-05,1.555839265369694e-05,0.00017239379097585444,0.0005560595799171276,0.0010410705146075296,8.07720536071233e-07,0.00631298519628378,0.013294472312822976,0.0032968559980941442,3.194380803651128e-06,4.329212893056792e-07,0.0783261729848619,0.03890507381882528,6.7796173120925896e-06,0.0003336285652162803,6.488757499737787e-05,0.00033813760520607614,4.982030916905712e-05,0.002101973515947883,0.5304809113810984,0.0041752992626235205,0.0015948933163094496,0.3165467512954427
9,0.0023278200076139633,0.0005381273679538429,8.730411884148668e-05,2.4595423334509663e-05,0.00018501589987163244,0.001239178435455449,0.0009286384420350578,1.7347386800013822e-06,0.005984063873709996,0.017231928148072295,0.004682840704557402,6.3586739074907956e-06,1.0880687570633486e-06,0.08664189112099187,0.03576718474170373,1.3961881866307936e-05,0.0006831261387892943,8.272554148702654e-05,0.0006998742902366703,9.451157206561081e-05,0.0033957985436722346,0.6724538249400146,0.0054383637699786155,0.0015717051768207807,0.1599183383795832
10,0.0025295495016905527,0.0011025724124428037,6.357014260096228e-05,1.7540873142307877e-05,0.00022948306965293056,0.0015455216704222151,0.0016857424142499395,1.9307813363608024e-06,0.0050924940997145295,0.010990307749948565,0.004650409369187641,1.5107120993056543e-05,1.6795591768507609e-06,0.0787305418132886,0.034192290849301865,1.605721461556849e-05,0.0007619889215706325,0.000107779663414946,0.0010719574527351145,7.23927879117987e-05,0.004246186183617001,0.6388921084066292,0.005126193478464564,0.0005792508909620633,0.20827734357293012
11,0.002535124424865885,0.001209257969609195,6.708112634056104e-05,1.867247298037847e-05,0.00023707416570473947,0.001663434377383189,0.001748296483057549,2.1622498570883398e-06,0.00509135036064743,0.010699211099516645,0.004900342614226335,1.756206559217767e-05,2.0431471636587236e-06,0.08062509695330007,0.033456890389181704,1.750325762375143e-05,0.0008434959098002122,0.000112532257981115,0.0011553832544700536,7.386087385576546e-05,0.004307419782682947,0.650464214780411,0.005172665908702508,0.0005500306841511888,0.1950292933908947
12,0.001250946079944029,0.0010298273204475575,2.5977068738612406e-05,1.3453645002058672e-05,0.0004922339876842986,0.0013700156436350576,0.0016206708699893252,3.9416396754475036e-07,0.002926308201685969,0.004068554971966153,0.0026759533051466926,2.2491727484451377e-05,1.1171515319548112e-06,0.1703658140807246,0.012316389767898195,9.156826294985232e-06,0.00036606119482437765,0.0002585119234544309,0.0003365679751764101,8.362501793022606e-05,0.0029421457325011446,0.14330754020307687,0.007593498870659509,0.00020915499731338015,0.6467135892729222
13,0.0026483039758514663,0.0014777173563266315,8.121142555576194e-05,2.4583846129689e-05,0.0003252768204977361,0.0016075659410820793,0.0014586466639188748,1.6431480533371802e-06,0.004215874001156093,0.008431273683077962,0.012312301555292445,2.3100778306549596e-05,2.712046559275219e-06,0.11084091319911411,0.049846763676085384,1.636122698145386e-05,0.0008971315741834662,0.00011093787364984065,0.0011457862722231028,5.5118937806024375e-05,0.005912107986280714,0.6230394900219854,0.006782143074275419,0.0007621668404105232,0.16798086807519658
14,0.004390094194909207,0.0070804984389604,0.00010814071567963282,1.2041982476486104e-05,0.0007391690105219814,0.00455909169866887,0.002727861603440354,1.8014860118604053e-06,0.0028519294937906906,0.008421274316378497,0.012924558556174541,0.0001057440028602079,8.725718144011831e-06,0.1270603514446312,0.03525030777452584,2.7965004794121345e-05,0.000838186191260503,0.00016810576877665656,0.006524421431986944,7.274796844976578e-05,0.010064610887834358,0.574549414355657,0.004376333483598486,0.00021156529711533763,0.19692505917335312
15,0.0025295495016905527,0.0011025724124428037,6.357014260096228e-05,1.7540873142307877e-05,0.00022948306965293056,0.0015455216704222151,0.0016857424142499395,1.9307813363608024e-06,0.0050924940997145295,0.010990307749948565,0.004650409369187641,1.5107120993056543e-05,1.6795591768507609e-06,0.0787305418132886,0.034192290849301865,1.605721461556849e-05,0.0007619889215706325,0.000107779663414946,0.0010719574527351145,7.23927879117987e-05,0.004246186183617001,0.6388921084066292,0.005126193478464564,0.0005792508909620633,0.20827734357293012
16,0.0021048892301474523,0.0006624876997832783,4.171945598703451e-05,1.6591120140245572e-05,0.0001563969699118909,0.0008723837618938923,0.0013797391329532721,1.0399706939460967e-06,0.0020670026858723347,0.013583611506644317,0.0034352744931218098,2.3927612067552867e-05,1.0599346824970267e-06,0.10387233047951337,0.015917326063854716,1.2025190597009822e-05,0.0006662217017738199,0.0002568807644601186,0.0005558877612735081,7.261360177078833e-05,0.007923657811108388,0.5663193177115928,0.0036488624458977177,0.00039358402919197934,0.27601516886506616
17,0.0021842520093045444,0.0008360259052060567,3.769508335419069e-05,1.1485546813393887e-05,0.00014508342927354036,0.0006958885466741318,0.0010673986203323883,1.361650971063525e-06,0.0020890771439096563,0.005693904996105862,0.003057646882157816,3.3700473582102915e-05,1.7922043516901971e-06,0.0977016701322077,0.010504366497057972,8.112113242694037e-06,0.0008404370452676491,0.00025568116287640605,0.0006700468016429561,6.848005471405879e-05,0.004503091592033963,0.5935259755522975,0.004844384873878793,0.00022952395355756947,0.2709929177291864
18,0.001953711907879514,0.0007132788276889967,1.7575758261155718e-05,6.535971673728157e-06,7.645977651996117e-05,0.0005967302822204967,0.0011046354235235633,9.397726817188647e-07,0.003107061233141281,0.006872235535910592,0.0018176218481962293,1.7723283923343027e-05,9.997505222468796e-07,0.06944652833303462,0.00891667968072315,7.415452992854514e-06,0.0008284101405295885,0.0001803620972352162,0.00045784848345968213,4.751135231699865e-05,0.0022074187236276787,0.5489088803886628,0.0036250606359604885,0.0002209756410235475,0.3488673996982905
19,0.002041238009837309,0.0011360755554092024,7.586955520828979e-05,1.9276875174406398e-05,0.0002846914862123593,0.0013653799116967904,0.0017588222254021257,2.397178137481827e-06,0.004451624099576499,0.009028376461943642,0.004449824899377884,1.9400063608573074e-05,2.2324318125158644e-06,0.0780521021664799,0.03088609373381786,1.5161235637655048e-05,0.0006962382325572483,0.0001077267355994446,0.0011114151378847493,7.712537669391924e-05,0.004232875037185397,0.692800518968549,0.004172984610081206,0.00044605394488996544,0.16276649606722654
20,0.0012387012697645475,0.0006476405160763453,5.222886830388404e-05,1.2601356478600286e-05,0.0001532385684034777,0.0008976680144271915,0.0016794243627329191,2.1459701218954576e-06,0.002887922342189371,0.006792554631739519,0.003863529937876719,6.621426655831671e-06,9.981790811908232e-07,0.04158464400003608,0.06313244422127073,8.791505401999698e-06,0.00038150475849988737,3.396698672588753e-05,0.00100143975347383,4.6429211047738136e-05,0.004311066045389823,0.7470830503146609,0.003988525630979416,0.00041413991540042945,0.11977872221326173
21,0.003603019695736406,0.0013079676121792287,6.515847253421681e-05,2.1277843539290766e-05,0.00032915680171352287,0.0012764438909516236,0.0013842790980372682,1.4672552207576827e-06,0.004330951183745775,0.016308653952212458,0.0061546062821870836,2.6479286136369053e-05,1.8990869735296622e-06,0.1128120160130893,0.02242281394324425,1.877611032638613e-05,0.0007663351594683005,0.00021398314165149427,0.0010850602298202935,7.994774276540696e-05,0.007072085392111458,0.5515904058679888,0.0048164934460422125,0.0006320928337845284,0.26367862965854016
22,0.0028991317077779726,0.0008035569648234782,8.077188676740282e-05,2.4593514043541992e-05,0.00017461903843415705,0.0014660466576224128,0.001162992803925011,1.7926190671119536e-06,0.003484697158486927,0.01529925364162431,0.006238146023046109,1.900468363196405e-05,1.6806650505387372e-06,0.08904897585908315,0.028352456596619172,1.8901639893004334e-05,0.0011189502243587493,0.00015936176113621111,0.0008773395860864612,7.34119565005308e-05,0.006062930017682079,0.6892343702095605,0.004428649809291796,0.000793915475814173,0.14817444949967315
23,0.0025295495016905527,0.0011025724124428037,6.357014260096228e-05,1.7540873142307877e-05,0.00022948306965293056,0.0015455216704222151,0.0016857424142499395,1.9307813363608024e-06,0.0050924940997145295,0.010990307749948565,0.004650409369187641,1.5107120993056543e-05,1.6795591768507609e-06,0.0787305418132886,0.034192290849301865,1.605721461556849e-05,0.0007619889215706325,0.000107779663414946,0.0010719574527351145,7.23927879117987e-05,0.004246186183617001,0.6388921084066292,0.005126193478464564,0.0005792508909620633,0.20827734357293012
24,0.0025978130281792706,0.0013174950858237033,7.328274243373245e-05,3.073614345426372e-05,0.00044384912526526557,0.0016169361600496574,0.0017031184957797235,1.8674248026477304e-06,0.005366008184457153,0.010736216236826907,0.007032550425864565,2.782058087890005e-05,2.847031809794516e-06,0.14852036507877583,0.0279412081701503,2.245698481812309e-05,0.000912714720249842,0.0001897981846039493,0.0009846189191918097,8.593080386690658e-05,0.004782870672750964,0.5393819205191894,0.006756329400600199,0.0006418708472697955,0.23882937503290724
25,0.0038897972274177634,0.001010474914673026,9.673256845693713e-05,3.1313608654178236e-05,0.0003076548332904234,0.0010959348871412808,0.0021851308069000823,4.184014007063163e-06,0.0037140320450111887,0.010534296791426635,0.008872099510770394,2.370135607743288e-05,3.3250599756284086e-06,0.07168053156603785,0.0416056593782264,2.3046989129020212e-05,0.0008494338276381381,0.0001585447268994192,0.0017011777702761158,8.065322658047937e-05,0.00737128636974498,0.6991505506059934,0.005935623799603297,0.0006035907996644111,0.13907122331640467
26,0.004460200164617599,0.001113298265135578,7.080433431358244e-05,3.033786116749675e-05,0.00028255202957150783,0.0018778416508384867,0.0016757291374436926,2.911027934158365e-06,0.016975485729181467,0.012318478147173031,0.00548775096700422,8.857949382590658e-06,1.7088107496860016e-06,0.072560319117816,0.04318600756875454,2.167812251523106e-05,0.0011404676306418931,0.0001050177337973662,0.0008519719147688902,9.676982187536966e-05,0.0027699743301554877,0.5379195050949267,0.011462251010581098,0.0017773868755934174,0.28380269470406094
27,0.015737878731105426,0.004444803321393785,0.00042212406704994607,0.00011157962645376297,0.0007939628525476086,0.006585947923602025,0.002155850473168965,4.99614780389842e-06,0.0020937899557977235,0.013522822688657147,0.025738197734871564,0.0002806850022350407,1.6386246445957068e-05,0.24219130521217938,0.024055249000080426,6.814774127451476e-05,0.003953777947475759,0.0014361881206888538,0.0039615100236620095,0.00011948863916334303,0.03732086498937435,0.4136493799107192,0.010840125212127287,0.0006226075795436516,0.18987233085257832
28,0.0025295495016905527,0.0011025724124428037,6.357014260096228e-05,1.7540873142307877e-05,0.00022948306965293056,0.0015455216704222151,0.0016857424142499395,1.9307813363608024e-06,0.0050924940997145295,0.010990307749948565,0.004650409369187641,1.5107120993056543e-05,1.6795591768507609e-06,0.0787305418132886,0.034192290849301865,1.605721461556849e-05,0.0007619889215706325,0.000107779663414946,0.0010719574527351145,7.23927879117987e-05,0.004246186183617001,0.6388921084066292,0.005126193478464564,0.0005792508909620633,0.20827734357293012
29,0.0025295495016905527,0.0011025724124428037,6.357014260096228e-05,1.7540873142307877e-05,0.00022948306965293056,0.0015455216704222151,0.0016857424142499395,1.9307813363608024e-06,0.0050924940997145295,0.010990307749948565,0.004650409369187641,1.5107120993056543e-05,1.6795591768507609e-06,0.0787305418132886,0.034192290849301865,1.605721461556849e-05,0.0007619889215706325,0.000107779663414946,0.0010719574527351145,7.23927879117987e-05,0.004246186183617001,0.6388921084066292,0.005126193478464564,0.0005792508909620633,0.20827734357293012
30,0.0025295495016905527,0.0011025724124428037,6.357014260096228e-05,1.7540873142307877e-05,0.00022948306965293056,0.0015455216704222151,0.0016857424142499395,1.9307813363608024e-06,0.0050924940997145295,0.010990307749948565,0.004650409369187641,1.5107120993056543e-05,1.6795591768507609e-06,0.0787305418132886,0.034192290849301865,1.605721461556849e-05,0.0007619889215706325,0.000107779663414946,0.0010719574527351145,7.23927879117987e-05,0.004246186183617001,0.6388921084066292,0.005126193478464564,0.0005792508909620633,0.20827734357293012
31,0.003486865885311707,0.001057002953268688,7.797843857472221e-05,1.4931996915323487e-05,0.0002100070616868445,0.0011476633764685945,0.0015305512853296696,2.7838738396974277e-06,0.004171413058206425,0.009471767775211673,0.0034316649535949665,1.7407489227001976e-05,1.8882245262434388e-06,0.06193755036160359,0.023895649128987582,1.2936199191459845e-05,0.000730421836658258,0.0001436727856952647,0.0013789235556807724,8.66994272204436e-05,0.004301936924764618,0.6642365807431244,0.004649499359015274,0.0004429359955614052,0.2135612673103355
32,0.0024680301867015765,0.001095647279666842,6.342807679013217e-05,1.5380941260647992e-05,0.00022758134391139201,0.001513204879076567,0.0017100723069971029,2.0998955165728817e-06,0.004614638636071753,0.010290374090457506,0.004383899738808801,1.5334195482080893e-05,1.7441237209944347e-06,0.07149188074782227,0.03429347559276545,1.6041131423957882e-05,0.0007022713338455225,9.831328148925251e-05,0.0013181140267680329,7.442075598539959e-05,0.004198107055980084,0.6607710227863283,0.004929441959969399,0.000491447579201911,0.19521402805395854
33,0.0015272994910137082,0.0008117172762903207,3.22893191905684e-05,1.1338783931154817e-05,6.94032661623345e-05,0.0010780608428485894,0.0012215916908192336,1.9489976142673913e-06,0.0028380662299349354,0.007752165937386818,0.0026753552530081517,3.611964350269615e-05,4.175120929548702e-06,0.0826682787025036,0.006415779241159969,1.6659682640110997e-05,0.002056867195868697,0.0001777520107553262,0.0007443672166941556,5.019328395202699e-05,0.0015333694933899545,0.7941859672961559,0.0020074353598200172,0.0001656082357115922,0.09191819042871636
34,0.00553632852740283,0.0017317444202406844,8.01502234146761e-05,8.51808393317821e-06,0.00031677047648383916,0.0006951491426241288,0.0009546391153602523,1.9800735674865364e-06,0.006882221400980014,0.008463395602971342,0.006383273237734829,9.761638856403428e-06,1.7351309859348702e-06,0.04665616029724709,0.034192595988151664,8.107779846688796e-06,0.0003884014723098089,5.850369301980033e-05,0.002719352010652575,4.580972221241979e-05,0.0028392397333356517,0.6772116620963148,0.0041944049255263505,0.0007209743348562052,0.19989912087197131
35,0.010353847411328465,0.001309494126589159,5.7333236256283954e-05,1.281714079722565e-05,0.0001243724379299411,0.0006383496803740938,0.001491319140584079,4.305737632087594e-06,0.007757387991497282,0.016174187230064335,0.002319124284951974,2.646695726553914e-05,2.2502417649312945e-06,0.0377416032374355,0.008499599323509032,1.741611307092405e-05,0.00142040339529883,0.0003413606049754088,0.0014310783540066277,6.45028028987917e-05,0.002747794839503381,0.6760630947322432,0.002251680533603009,0.0004198158522884821,0.22873039459413141
36,0.0008634448535246376,0.0005599727500049906,1.8254302448892464e-05,7.055929086647846e-06,4.644122726377237e-05,0.0010735525975647433,0.0010959837247657184,2.203944336960859e-06,0.004796716734311267,0.005586755102196089,0.0011219563391228148,1.656779552546273e-05,1.5932397082859237e-06,0.04345490149684735,0.010145111904398919,1.4916116621767798e-05,0.0017340845665586783,6.52530356403408e-05,0.0005304549910230648,4.3669016804171754e-05,0.0008916336717269358,0.8327314830970405,0.0023340818671267077,0.00012751721794958699,0.09273639447840162
37,0.005024754658865641,0.0008696971750890394,0.00010302068165277672,2.7987257308746265e-05,0.00024388808332315417,0.001058828215221638,0.0012833601012978415,1.7437750671652655e-06,0.004445508787856827,0.014601269489599151,0.007332781921184096,1.701893200560205e-05,1.736763528082123e-06,0.10093536792627443,0.028446061146561407,1.5463108244124158e-05,0.000868159726448247,0.0002417822538583901,0.0008889625033265696,8.388385206697565e-05,0.004918441618668856,0.5860520873278142,0.005128539495899142,0.0014595640693613587,0.2359500911294765
38,0.002539077591061796,0.0013265857415098187,9.102143599852649e-05,2.1739145484085434e-05,0.00022603420525443117,0.0043097070029824176,0.0029196615132708976,3.531832525834622e-06,0.003390378827940529,0.011549727575679769,0.006015859185331899,2.4133456282362043e-05,3.0854853647913433e-06,0.07059395368237838,0.05965903400845681,3.8378969218587235e-05,0.0010878964952760256,0.0001032536794831033,0.0025623393737443365,0.00010545633520027035,0.007794196144696522,0.6732414402442161,0.007238505877758335,0.00043828526648001374,0.14471671692440435
39,0.001924887848116626,0.0007708577565635111,5.164636324655427e-05,1.5922093777141293e-05,0.00015577894526292325,0.001666445720491557,0.0021089522088855316,2.9431739322817235e-06,0.0031973753620958803,0.008413663415936188,0.0027143396231490784,1.541871329280888e-05,1.4574117646604544e-06,0.05297416256520898,0.03504666390870805,1.687903229133781e-05,0.0007766152117108099,9.70962283994941e-05,0.0012287632010725186,8.737444644315476e-05,0.005982590750241641,0.6606479821570421,0.0064956644772661285,0.0003115176560239644,0.21529500172907698
40,0.001774908412879197,0.0015156915965075849,9.64692273966831e-05,9.985515838909592e-06,0.00029644414453405235,0.0015868671778113137,0.0012877519512269492,1.1890882585492284e-06,0.00248923856351981,0.007157445678829153,0.004143063220458617,1.819984697503836e-05,1.5170507360829532e-06,0.08263849107053578,0.037433270368789115,8.553043648690105e-06,0.00046354263547790326,7.66396476708054e-05,0.001443549891859151,5.847710134770805e-05,0.004103927859101749,0.6751229735868189,0.002745777260929685,0.0003357606689035924,0.175190265389945
41,0.0036232220147273215,0.0045970220871318955,0.00012715030222238235,4.460423447302976e-05,0.0009157909298979116,0.004800905141243089,0.002452386235648342,3.0793733452170284e-06,0.03378165456816806,0.0202498473899192,0.007044561571936824,1.503757636440569e-05,3.4941065964782097e-06,0.11709031869830429,0.05606397692172788,3.759731099959155e-05,0.0013252593224470802,7.71750681252741e-05,0.0011781575558742663,7.135908791508751e-05,0.0032303464415259268,0.5007305111524346,0.006388256762347176,0.0011716610973451639,0.23497662504927952
42,0.0009645728839415957,0.0004574877201322015,4.7110141901605566e-05,3.956972662687436e-06,6.079675921903367e-05,0.0005187524422661118,0.0006673992443670936,2.930462998656277e-06,0.0012720559063437347,0.005126608400431281,0.0012610498917073043,7.218535087611098e-06,8.387798091995845e-07,0.013462132712386962,0.020957321938937238,6.033890340095274e-06,0.00030467571808282223,1.6908664119299415e-05,0.0020175732552921285,3.3520913138720634e-05,0.002929879850106765,0.9164175092933072,0.0010450936796167958,0.00010778211629347044,0.032310789827510476
43,0.0018780672086526936,0.0004569789125017459,4.7803006157520867e-05,1.554832826438571e-05,0.00013360932155045475,0.0012938236727456315,0.0014701168084890056,2.287931679458003e-06,0.007786159012611114,0.029200695018214807,0.0021792634423380454,3.855336019114095e-06,7.904905087483914e-07,0.04787677790745702,0.02879828215458196,1.800920620820057e-05,0.0005212961338431518,5.262968694941395e-05,0.0008972812255574206,0.00010888473732548914,0.003028513991162117,0.7246428822593356,0.0035355195937362125,0.0008066631281960054,0.14524426148591474
44,0.0025295495016905527,0.0011025724124428037,6.357014260096228e-05,1.7540873142307877e-05,0.00022948306965293056,0.0015455216704222151,0.0016857424142499395,1.9307813363608024e-06,0.0050924940997145295,0.010990307749948565,0.004650409369187641,1.5107120993056543e-05,1.6795591768507609e-06,0.0787305418132886,0.034192290849301865,1.605721461556849e-05,0.0007619889215706325,0.000107779663414946,0.0010719574527351145,7.23927879117987e-05,0.004246186183617001,0.6388921084066292,0.005126193478464564,0.0005792508909620633,0.20827734357293012
45,0.0015514744357338884,0.000688450551189703,8.225796319554418e-05,2.054924309932034e-05,0.00018089858077474235,0.002398106530579661,0.002994227869169429,4.523866794649357e-06,0.0048163791799340945,0.011035090405684655,0.003779302526382636,6.633890165431737e-06,1.4532367836169604e-06,0.03803480134235271,0.10393812260320873,2.6703462140985648e-05,0.0005536005135484788,3.6973381786510236e-05,0.0016192288857029146,8.421113867419035e-05,0.003920354992867034,0.7257605136964573,0.004658269122719113,0.0006097569742101945,0.0931981156068444
46,0.0046410812258659406,0.0010307122119783563,9.562453180512685e-05,5.090588398144112e-05,8.35825054445119e-05,0.0036800890324807374,0.00132826485247883,5.509705819745655e-06,0.004969781007104152,0.012458763975353386,0.006900442336492282,3.765157007134974e-05,4.391865555368086e-06,0.068596964653606,0.02635146036494108,4.291308851271872e-05,0.006031533823664257,0.00021129470489834185,0.0009853632266416726,7.634748002476785e-05,0.005963212134581312,0.7576797867760515,0.007487916451693262,0.0009780438130950234,0.09030836277785868
47,0.0014502968847987646,0.0007029698884791901,0.00015600553576976234,0.00023626083315927992,0.0012407179907060614,0.005566144082582826,0.002196551993524394,1.3994540776022744e-06,0.008999453539959762,0.01262831833116859,0.030224183629412413,5.770789978255482e-06,2.252610875062805e-06,0.33687258566165107,0.16971153746137319,4.609693661904947e-05,0.0007154046387523846,8.644959244990458e-05,0.0003882933687912456,0.0001092476337574029,0.008466528596936947,0.1935277769246915,0.03871874046123345,0.004417774445397169,0.18352923871385465
48,0.0033177626934630046,0.002733379243622078,0.00010417119244569527,1.8155980316758856e-05,0.00010522821870856537,0.0072296906775443535,0.0026246199759659347,1.0145820944280585e-05,0.005423321107939393,0.007559049346921027,0.0038363114829548916,3.631360349071692e-05,7.383698803547523e-06,0.03311651645579091,0.03790827682198706,3.981605623810555e-05,0.003566041596279587,6.372135382343443e-05,0.004338224172741268,6.658931737685324e-05,0.004548545081193492,0.814485910764255,0.004744262945890534,0.0002159261554029007,0.06390063623590071
49,0.001636844506248016,0.001036729691368301,7.275173394845695e-05,1.163543081163321e-05,0.0001580917082675954,0.001634869016069884,0.0013052476776763428,1.561957640600691e-06,0.0025598349274376505,0.008386737426254943,0.0032954164145575144,2.0420391591161435e-05,1.6978884763441308e-06,0.0698229556918765,0.0248632678461403,1.0925643405564312e-05,0.0007493029863494756,9.679824678821972e-05,0.0010806194517546412,6.918659002187946e-05,0.0041070298544799615,0.7392915286950917,0.002774708213113917,0.000325094511498808,0.13668674349913046
50,0.0011599735666445658,0.00029790085848922424,1.5328204574701495e-05,2.874378958903316e-06,7.23488395837088e-05,0.0002298150380678621,0.001665902821968789,1.115131643049861e-06,0.003397327039361269,0.013464749701747675,0.0006923833047322825,2.4295961652850448e-06,3.0523051646444067e-07,0.024563479504024335,0.015510392723943214,5.0496191315927485e-06,0.00012162962958792059,4.3170647468064645e-05,0.00067038083204299,5.163741295940389e-05,0.001276275710213023,0.687905893464551,0.0012142051733619486,0.00020127423779650556,0.2474341573324662
51,0.002690985347888191,0.0014491921527173524,7.660085355397139e-05,2.284972101564288e-05,0.00027337540517651557,0.001604189537348953,0.0015857779553862454,2.0545124265170738e-06,0.006531528727976897,0.012381091559537809,0.005681650481386207,1.605297736576492e-05,1.998418628698301e-06,0.08611804304272824,0.035270549970533104,1.6367125494162057e-05,0.0008811822814710308,0.00010074708616154057,0.0009380283401093703,5.899190730108659e-05,0.004326901317792226,0.6635570827538517,0.0043445966862254845,0.0007053476234739523,0.17136481421444938
52,0.006105265798885875,0.00038462024009785047,0.00012863428097770803,7.681163301114729e-05,0.00022643279482308958,0.0019310179772052565,0.0016105865932634807,2.3129137346992735e-06,0.0072667987182077265,0.04765355510317838,0.012060259786779262,1.2644363394031561e-05,2.6874791492688992e-06,0.15762842774670016,0.026994803656371573,6.098091794891671e-05,0.0015875675016966903,0.00048344686439647075,0.0006818429319444369,0.00020000356648032568,0.0036572046788301876,0.5588685951458829,0.006534433078032787,0.0042952207595546256,0.1615458454694531
53,0.001276094845366908,0.000519555276562212,2.474016926964305e-05,1.9020362202137868e-05,0.0001847137609509126,0.001200723477554335,0.0050452386698515515,2.6108780915480897e-06,0.007828040796986308,0.009038458659259606,0.002933801746344962,6.115538070285995e-06,1.1544802469309123e-06,0.06183216284954434,0.05905701233395975,2.1280488627294347e-05,0.00047302463826698007,7.489237006221599e-05,0.0006250633957281165,9.038627063098957e-05,0.0025290059065154994,0.5203396304454908,0.008836222593989848,0.0005037246793522775,0.3175373253670746
54,0.002398171017341109,0.0020889789655151756,2.440620537040231e-05,5.967603841031032e-06,0.00017633837980120693,0.0009559840483669757,0.0018536127104835465,1.0208751430137382e-06,0.00607624747314298,0.010046355281778588,0.0018570659971962563,2.0538643709525864e-05,1.20827541694367e-06,0.0649437904625314,0.014338350627245674,1.1511320405525008e-05,0.0006448084095066013,0.00011865081000156677,0.0008645391596620371,3.535296871530203e-05,0.002083809198644608,0.5226551172037734,0.0020338397275611216,0.0002043189965832437,0.36656001563826274
55,0.004117001043409786,0.0030903774514866736,2.7348972232823044e-05,8.824982778286371e-06,0.0003502325686161166,0.0006963714407811268,0.001968891036484151,1.054364806901648e-06,0.006967569322632967,0.0057853455879858726,0.0031792005540609153,6.482818433425967e-05,2.0596315443856247e-06,0.0749353099805574,0.01064895205456061,1.201863022304831e-05,0.0007432976022010152,0.00033701834748201654,0.0007865481569569417,3.731936483045189e-05,0.002954849498665662,0.35069083995719763,0.002847470532289214,0.00020860281698245516,0.5295386679168993
56,0.002556203067444693,0.0012368380925039198,6.685878419223151e-05,1.808358711601209e-05,0.0002451454617750619,0.0015903984549187824,0.001728953298442732,1.992252651534196e-06,0.0051891086824639755,0.010691707847454305,0.005069693128880398,1.7270462144403552e-05,2.0013187213262596e-06,0.08255456330177477,0.033483204549657294,1.6620459636787517e-05,0.0008023030340994696,0.00011427804479835268,0.0011103681039079639,7.195956668093934e-05,0.004142290003169745,0.6403408078997451,0.0049916044787472694,0.0005705094709255326,0.20338723664814748
57,0.001641094473502114,0.0008892817914044514,5.680413557562423e-05,6.428928215664746e-06,0.00015021827746503985,0.0009457594708833878,0.0010684927130170435,2.1505405501596284e-06,0.001678309907913944,0.005639533147329939,0.0024705912019765052,2.3801750857521637e-05,1.603395225024207e-06,0.03928606791361263,0.020128267653819965,9.620131877292609e-06,0.0005069245971503939,6.693994552173003e-05,0.002350994513186427,6.03516987537961e-05,0.004643805765446607,0.811122294682884,0.0024170410393764504,0.00014191506734767849,0.10469170725710665
58,0.0025420472454861214,0.0010001554959049293,6.859576004085077e-05,1.8527315385979123e-05,0.0002186416346484053,0.0014510290890216119,0.0015802531809719796,1.8691164552907617e-06,0.005354460681368697,0.011630464833403322,0.0050671266133563595,1.2603579141625347e-05,1.5690179163845247e-06,0.07585853644947167,0.038431551079205165,1.556388204336762e-05,0.0007293031733049074,9.759662465535856e-05,0.0009937000280251464,7.089459669755339e-05,0.003890537358740676,0.6513958593094513,0.004929588891349273,0.0007745310947968432,0.19386499394915715
59,0.002501535399651438,0.0009364654836666423,7.31746654338726e-05,2.0229645752628144e-05,0.00022482896846560526,0.001434985542666743,0.0015323598249868777,1.8425074813387133e-06,0.005414435705799456,0.01253814235873146,0.005193241138527289,1.1615504125115869e-05,1.4443427526005681e-06,0.07786616862952911,0.040713377658332765,1.5740011677391186e-05,0.0007180639193384313,9.656148990972298e-05,0.0009347362228995707,7.274877324358336e-05,0.00406834516733624,0.6474470264717848,0.004973383270085059,0.0008891983997434427,0.19232034889807875
60,0.0025295495016905527,0.0011025724124428037,6.357014260096228e-05,1.7540873142307877e-05,0.00022948306965293056,0.0015455216704222151,0.0016857424142499395,1.9307813363608024e-06,0.0050924940997145295,0.010990307749948565,0.004650409369187641,1.5107120993056543e-05,1.6795591768507609e-06,0.0787305418132886,0.034192290849301865,1.605721461556849e-05,0.0007619889215706325,0.000107779663414946,0.0010719574527351145,7.23927879117987e-05,0.004246186183617001,0.6388921084066292,0.005126193478464564,0.0005792508909620633,0.20827734357293012
61,0.0026790447939556033,0.0009683253564773534,8.00171985664935e-05,2.0495550389987505e-05,0.00022328097242596393,0.001563700398188111,0.0015045043623513185,2.012138115125445e-06,0.005075990796886387,0.01224789333769482,0.005180754051114902,1.2567374654996748e-05,1.5383040999571408e-06,0.07642328493589513,0.04019543219128929,1.6048150082175362e-05,0.0007579025379089293,0.00010196281099774465,0.0010185464929488555,7.631178302632491e-05,0.00436671343422132,0.6578326791033746,0.005087746518548202,0.0008366964090506726,0.18372655099773563
62,0.0025295495016905527,0.0011025724124428037,6.357014260096228e-05,1.7540873142307877e-05,0.00022948306965293056,0.0015455216704222151,0.0016857424142499395,1.9307813363608024e-06,0.0050924940997145295,0.010990307749948565,0.004650409369187641,1.5107120993056543e-05,1.6795591768507609e-06,0.0787305418132886,0.034192290849301865,1.605721461556849e-05,0.0007619889215706325,0.000107779663414946,0.0010719574527351145,7.23927879117987e-05,0.004246186183617001,0.6388921084066292,0.005126193478464564,0.0005792508909620633,0.20827734357293012
63,0.0025531711826243587,0.0012074418025977264,6.25917497712747e-05,1.658842303944587e-05,0.00023215220486594526,0.0015163987493457191,0.0016867602986200898,1.8922719319158667e-06,0.005247266396259004,0.010738128006045759,0.004588733745423649,1.5359251873754993e-05,1.694191892592245e-06,0.07701971492782766,0.03378156321814084,1.5300909406982847e-05,0.0007541368181283463,0.00010418963309115027,0.0010765890649014733,6.748678758277437e-05,0.004114424130219545,0.6395401779858025,0.004821612224108552,0.00055396654167397,0.21028265948482494
64,0.0025641166375645415,0.0011604345155091164,7.418684867889875e-05,1.91538118459014e-05,0.0002598929224751848,0.0015088003262393303,0.0017755431287232834,2.198791936590857e-06,0.004359534865374829,0.010986741911829578,0.004862608981749559,1.53721772614226e-05,1.6144758976034948e-06,0.07094409540826431,0.039928625008920936,1.4824546259433413e-05,0.0006624764289061266,9.882873677734243e-05,0.0012356948864944612,7.329487968367522e-05,0.006259081193467687,0.6467822307980692,0.005283668892651902,0.0005525144003627477,0.2005744654250565
65,0.0006055388457535708,0.0008857627239849449,0.00018871113088147663,2.5276450393883996e-05,0.00018928077560201103,0.005262965666812816,0.0018031575570552681,2.5077737737899433e-06,0.0015441389624560558,0.004718709866669244,0.00708097304601158,4.460598331303337e-06,1.335653975995512e-06,0.040424282993571495,0.29894426739231633,1.1224480205151743e-05,0.00045833708580875096,9.716992864506544e-06,0.00139007821315169,4.737717397250832e-05,0.008788022403724774,0.5758354800499906,0.006029544520312486,0.0005888976031405723,0.045159952039239226
66,0.0025157443303842845,0.0010850016005620943,6.488331995905444e-05,1.8443932781636717e-05,0.00024029005681443474,0.0014986202910117212,0.0016180620207953188,1.8058368223983402e-06,0.004930151213205645,0.01159928094923143,0.00493524844146687,1.561180393255634e-05,1.6794292740389e-06,0.08412006705336628,0.03310778073936522,1.629976274352605e-05,0.0007598275637528446,0.00011386954149273558,0.0010225309634379932,7.17408084523836e-05,0.004409900571624898,0.635967159084788,0.0049715817047444495,0.0006042618033912314,0.20631015717659898
67,0.004203703333499611,0.0016249083088769216,8.163648632520762e-05,1.918936759537748e-05,0.0003556832888159057,0.0010897699981175528,0.0018374365573796056,3.1370967837769425e-06,0.008266122496429612,0.012392187405472554,0.004996990848277152,1.5429933821144954e-05,1.938732566397577e-06,0.056987754616151826,0.03627353349781663,1.7746816225127583e-05,0.0006813396878719874,0.00010028150333909773,0.001569541228475644,5.447239988485911e-05,0.004041758869479287,0.6745463159358678,0.0037799230473450165,0.0005709325687836634,0.1864882659747984
68,0.0026738717466037935,0.0010865784879579286,6.868160002825292e-05,2.068108526730108e-05,0.00022262104760576503,0.0017902908126970335,0.0018663803519101657,2.207746859137264e-06,0.0048603427507307746,0.011106009409711263,0.004925812778260309,1.9713182206393903e-05,2.124944329923716e-06,0.08842185589930174,0.031136781874231287,1.8864937822313996e-05,0.0009032986720796022,0.00014939352253425428,0.00107279193635606,8.816757663233869e-05,0.004936676139098093,0.6242264671296579,0.0059315957223451685,0.0005703564638449579,0.21389843418192828
69,0.0024393032740939635,0.0010519383182519655,6.473133590487976e-05,1.6656647600141943e-05,0.0002109983536901248,0.0016247021879072915,0.0016420118988407222,1.9360800248225223e-06,0.004420781041862226,0.010636250061423514,0.004646686422440168,1.5797291814446588e-05,1.7450458849115032e-06,0.07772613084626981,0.033480804099288414,1.5690191704766364e-05,0.0007690548165156651,0.00010711629978420608,0.0011564221829747905,7.72921226074735e-05,0.0045186268898021785,0.654519428804558,0.005177268684614622,0.0005457076385595305,0.19513291946358138
70,0.0016398115827285494,0.0005843054191708982,8.102863056482363e-05,0.00015767264892722413,0.0003577958407287368,0.00958298358084643,0.0030407186397249197,3.972255755249207e-06,0.02202614911627398,0.029239522252546262,0.004844263667151594,1.7880932186618842e-05,4.321497766441269e-06,0.2767119086774947,0.028289732541134902,0.00014701659275546491,0.003942930749437297,0.0003060092221698817,0.0003874417915728323,0.0003686418843555321,0.0030126594974442616,0.37085944639198193,0.022062465311774224,0.0019662770616070955,0.22036504421390019
71,0.003870711105651353,0.0011624974477745325,3.464073796933127e-05,1.8778859442828918e-05,0.0003416144354059992,0.0008476121876370493,0.001835628260455905,2.0288694289788065e-06,0.009301844073522655,0.013087705803022674,0.004629689335697327,1.907602595678279e-05,1.7501227648568773e-06,0.08313677240588953,0.022160130875875803,2.3137409830951584e-05,0.0007506947428168962,0.0001847522103180893,0.0008769375832467839,7.522441328823477e-05,0.0035274671668081275,0.4974134422049663,0.006418662475983503,0.0005993232197430801,0.34967987802650236
72,0.004729660128432273,0.0018229538773222483,0.00010579626427970325,5.676270483193017e-05,0.0005068172266523259,0.004567791061388786,0.003710642959453575,3.5232910113717406e-06,0.012899392240208842,0.023757888733732625,0.009391588209886942,2.199492314643325e-05,3.536488753509066e-06,0.11655042291262459,0.05567984555152911,5.7501048615670596e-05,0.001378350917329539,0.00021325451528244116,0.0013095493857092362,0.00014540760978868183,0.006989337219206973,0.4857757573410776,0.009901571482487435,0.0015473382910790288,0.25887331561616933
