,0,1,2,3,4,5,6,7,8,9,10,11,12,13,14,15,16,17,18,19,20,21,22,23,24
0,0.0022746640862994568,0.005813009122733018,3.14506997107807e-05,8.757760803053404e-07,0.00017634716981192533,4.399735532705458e-05,1.0049430834367253e-05,8.285256391534335e-05,0.0010312558677199614,3.6082677409528974e-06,0.08378805094058733,0.010560914663808263,1.2962477338336062e-06,0.0008924493015360509,0.032143962475299874,4.85178349018051e-05,0.0018143147401128176,1.8765781963218406e-08,5.815599700961856e-06,2.955505313475437e-08,2.876023155113432e-06,0.011835395873343348,1.6856894183485426e-06,1.6252429057039226e-05,0.8494203095203369
1,0.000844371725803701,0.002844978954321203,2.0945744680014813e-05,4.170390784776165e-07,6.713248644245403e-05,8.767164716643175e-05,7.710795818904666e-06,6.610873185356076e-05,0.0037848601019067076,1.0411629702133763e-05,0.03871403593034147,0.0034173942554394125,1.0224171562653027e-06,0.001293813388371897,0.0384613271133769,3.8572203895177085e-05,0.0002915145798938524,1.847687745531362e-08,8.549205398672862e-06,4.379356063728619e-08,1.9646305761136025e-06,0.013606172412057782,1.315563775099984e-06,1.2386306751297897e-05,0.8964172608657545
2,0.0008622615011822434,0.003020147194496146,1.573809047299464e-05,3.498804054097979e-07,6.516612039672641e-05,6.400997289265496e-05,5.918155816326903e-06,5.989357286520733e-05,0.002442310319388399,6.4672951699137085e-06,0.04666934009316953,0.004091141140558215,8.040633238733281e-07,0.0012076506181664844,0.038753074564955504,2.6765255861202365e-05,0.00033837011622974274,1.2320499856221993e-08,5.576843749602049e-06,3.0706399721556407e-08,1.465514640513264e-06,0.014671316184193992,9.819785470799875e-07,8.521894697898684e-06,0.8876826866019207
3,0.0009834665151931478,0.0032344149932565245,1.67434002884772e-05,3.781615254922192e-07,6.662727326838954e-05,6.88447941473166e-05,6.303839376713571e-06,6.336090265614332e-05,0.0024421372752623247,6.634634577881651e-06,0.05013536841397048,0.004309830864260434,8.841975312354225e-07,0.0011749732131304854,0.039050640665432096,2.835613916561077e-05,0.00037662151621748624,1.3352038423009132e-08,6.077454022185404e-06,3.0698519491664216e-08,1.5749917937359259e-06,0.015717179824680252,1.044636909756414e-06,8.994471962858759e-06,0.8822994977708131
4,0.0009894083961177905,0.0034804215763705724,1.786203530965554e-05,3.946024014244348e-07,7.053595033331703e-05,6.408631216184673e-05,6.6844678136619e-06,6.64644227173139e-05,0.002598440005648681,7.1311853508375885e-06,0.05117904064505215,0.004413481340572464,1.0316398548541073e-06,0.0013779170335136647,0.03696570062173406,2.8022654840979073e-05,0.00037506631134203545,1.5145991589429624e-08,6.507624219157291e-06,3.525948389603139e-08,1.815552969685899e-06,0.01689716727443904,1.0622383683460236e-06,9.779387408362676e-06,0.8814419283159847
5,0.0012285701391193875,0.0037840600284925682,2.3850426000782153e-05,5.970211432506826e-07,9.129377880414054e-05,8.433770746054921e-05,7.749824016750433e-06,7.597772295808653e-05,0.0030541724694782796,9.575121887316452e-06,0.0560564256819933,0.004510820695993686,1.2193073261620099e-06,0.0015617224455644475,0.03904972138445284,3.460869244795416e-05,0.000457970992310665,2.4045749410030004e-08,7.821945852884336e-06,4.6325127136262584e-08,2.2717737638279427e-06,0.015453239328436391,1.6576719260723737e-06,1.3261494717237527e-05,0.8744890039749769
6,0.0009834665151931478,0.0032344149932565245,1.67434002884772e-05,3.781615254922192e-07,6.662727326838954e-05,6.88447941473166e-05,6.303839376713571e-06,6.336090265614332e-05,0.0024421372752623247,6.634634577881651e-06,0.05013536841397048,0.004309830864260434,8.841975312354225e-07,0.0011749732131304854,0.039050640665432096,2.835613916561077e-05,0.00037662151621748624,1.3352038423009132e-08,6.077454022185404e-06,3.0698519491664216e-08,1.5749917937359259e-06,0.015717179824680252,1.044636909756414e-06,8.994471962858759e-06,0.8822994977708131
7,0.004431400809719095,0.004971195724959569,3.318369423682726e-05,6.314080263710871e-07,8.785961921517111e-05,0.00011106585454165474,1.2837612475828464e-05,0.0001489952506100044,0.00279781794709553,8.471038278458114e-06,0.148832060564225,0.006384977013854698,3.356196451269748e-06,0.001156308466637935,0.05676087447234246,3.3691636792935704e-05,0.0005664528077187395,3.4098609716595615e-08,1.3324060622308917e-05,4.5528660018945197e-08,2.947393763565095e-06,0.04130372246793146,1.0814133174417451e-06,9.985872231730476e-06,0.7323276790476823
8,0.0008751184768213635,0.002313496312038668,2.6216699281130452e-05,3.0834358361579634e-07,5.285802441584127e-05,3.845203426082207e-05,2.55992533329127e-06,2.5992873542223397e-05,0.0018696267566227,6.032191506209762e-06,0.02236959300547184,0.0034487192229312527,5.755899713950792e-07,0.0010065519021188714,0.02046102949184098,2.5674193161088085e-05,0.0003412530606555156,7.67938166379666e-09,1.8328905661112924e-06,2.811437295571254e-08,7.970657895529992e-07,0.005803172860122425,1.178191181910407e-06,1.6059788069700856e-05,0.9413128653069588
9,0.0004141667166309118,0.0026644814043046703,2.3893908798967202e-05,2.8381678034867527e-07,4.114291572406332e-05,3.254887350344011e-05,2.454065231706e-06,2.981467396150479e-05,0.0021189814439097243,1.0141251944861112e-05,0.015357052822009486,0.0025038913644208913,5.387113128503025e-07,0.0014592351209697261,0.01835543589736536,3.2357480769652634e-05,0.0002616881561042348,8.792442017763221e-09,2.621127767035353e-06,3.855428445462488e-08,1.023667473744812e-06,0.005265374466847218,1.063916655509008e-06,1.5140687297289479e-05,0.9514066201634903
10,0.0009834665151931478,0.0032344149932565245,1.67434002884772e-05,3.781615254922192e-07,6.662727326838954e-05,6.88447941473166e-05,6.303839376713571e-06,6.336090265614332e-05,0.0024421372752623247,6.634634577881651e-06,0.05013536841397048,0.004309830864260434,8.841975312354225e-07,0.0011749732131304854,0.039050640665432096,2.835613916561077e-05,0.00037662151621748624,1.3352038423009132e-08,6.077454022185404e-06,3.0698519491664216e-08,1.5749917937359259e-06,0.015717179824680252,1.044636909756414e-06,8.994471962858759e-06,0.8822994977708131
11,0.0010722999543548652,0.0033542967852153026,1.747561943612449e-05,4.060841469629324e-07,7.00373178870738e-05,6.876809379229944e-05,6.870113089987204e-06,6.531779480392656e-05,0.002512839124437985,6.6338437403319266e-06,0.05242871983314735,0.004618049393484238,1.045417829665028e-06,0.0011771658774919834,0.03973084980956813,2.98077713074515e-05,0.00038623275480122307,1.4340148606162184e-08,6.533940051344569e-06,3.3918928952263574e-08,1.6643621163699286e-06,0.01706346720289363,1.0553555044136448e-06,1.0010215979201214e-05,0.8773704050758425
12,0.0006648706317473275,0.0018498402884357858,1.7308378740118807e-05,1.9391445215736615e-07,0.00010504288896676965,5.003194742498828e-05,3.9493520200464156e-06,3.0784242959811336e-05,0.0021223349456092632,4.2353954114327615e-06,0.04214132652216515,0.0033901224322302895,4.6154190991138017e-07,0.0013145890204601337,0.020444151797697572,1.4033026261540566e-05,0.00032341743454239853,8.512644179465642e-09,2.013299991540576e-06,2.843200606923346e-08,1.422386766201391e-06,0.008173821408190632,1.067296088806019e-06,9.734897744966201e-06,0.9193352100055329
13,0.0007244147351258148,0.0021323886388083793,7.610152694172534e-06,1.3776281413954481e-07,4.710640071823546e-05,2.259544618053773e-05,4.186282722520789e-06,6.798552051212881e-05,0.0010908434530908374,1.886795101285459e-06,0.07843026541944056,0.006195639868777961,5.3452514118086e-07,0.0010920395259713144,0.03441427799074875,1.2865797880988653e-05,0.00024734970918301245,5.8392340320313e-09,3.026521910676568e-06,1.4549343948081459e-08,1.001176908399121e-06,0.018666542471898907,2.856518300912631e-07,3.0242472925811445e-06,0.8568339715166695
14,0.0016152737101156796,0.01728901973192138,2.7435648520049464e-05,1.2597331904474501e-06,0.0003462124825976237,5.9740059306097245e-05,1.0250487852410594e-05,8.134733780218425e-05,0.0025771526913002346,1.3877592181436562e-05,0.1685944856509053,0.004494384908497861,3.1516068372199835e-06,0.0029630649055587288,0.03712175949492207,2.2298300973705074e-05,0.0011719718341558515,4.711891497824155e-08,2.5496513819027213e-05,5.702902025804841e-08,1.025857100656028e-05,0.029367744718848843,1.9624377745736938e-06,2.008233970910582e-05,0.7341816650942684
15,0.0009834665151931478,0.0032344149932565245,1.67434002884772e-05,3.781615254922192e-07,6.662727326838954e-05,6.88447941473166e-05,6.303839376713571e-06,6.336090265614332e-05,0.0024421372752623247,6.634634577881651e-06,0.05013536841397048,0.004309830864260434,8.841975312354225e-07,0.0011749732131304854,0.039050640665432096,2.835613916561077e-05,0.00037662151621748624,1.3352038423009132e-08,6.077454022185404e-06,3.0698519491664216e-08,1.5749917937359259e-06,0.015717179824680252,1.044636909756414e-06,8.994471962858759e-06,0.8822994977708131
16,0.0009706031685183847,0.0031957397327611325,1.0621730152739792e-05,2.790219111166989e-07,4.757727189744668e-05,4.1953059030992445e-05,5.203201124623942e-06,7.606140937478742e-05,0.0016574931114249696,4.308630841212563e-06,0.05989211137323799,0.00555102780811135,7.427922687020457e-07,0.0012253144718286275,0.044616002195391066,2.2606326175215645e-05,0.00034546919364232065,1.0644062908115803e-08,5.5210971209402185e-06,2.0185593643790646e-08,1.2046105145825625e-06,0.021521478029460944,5.653802700943077e-07,4.6429485609884206e-06,0.8608034426067233
17,0.001185990335144966,0.0030512216248185474,1.956926086827578e-05,2.928989403132878e-07,0.00010616588754752339,4.926112233036588e-05,7.594622410265121e-06,5.442091067670936e-05,0.0023653014948184148,4.0745292413666986e-06,0.06608567856232744,0.0057746796784797095,1.0104374074633172e-06,0.001578995078094318,0.021619517473677217,1.8255350606752544e-05,0.0004565388430094176,1.5122685442170364e-08,3.959567576580527e-06,3.1166182374468225e-08,2.349378626545417e-06,0.015430274225744658,1.1004076294648675e-06,1.1170377008392016e-05,0.8821725316441474
18,0.00026129726043830153,0.0014778180682867592,8.057401053933491e-06,7.901906547709383e-08,2.3969333014180237e-05,2.1937454117400127e-05,2.6048193527141033e-06,2.0460393989292875e-05,0.0010141981786901393,2.6568714306349162e-06,0.017600014726579006,0.002823816903466999,2.5385778642137e-07,0.0008051391906810265,0.017927058064854638,1.7719218122951105e-05,0.00021318054248569855,3.5738913929278258e-09,2.0184065775325204e-06,1.403841305661507e-08,8.138238681155076e-07,0.00614412139251945,4.611491263881242e-07,5.017971167863337e-06,0.9516272883410207
19,0.0006630394380301717,0.0041172932274941045,1.3523421078303267e-05,6.6016219457938e-07,8.97088750627287e-05,9.723240901023622e-05,6.6688065306328625e-06,5.6193858505953226e-05,0.0038521329647316395,9.811542542210322e-06,0.03409791166592204,0.004313348596751099,8.865022655877402e-07,0.0012521518051965951,0.0512827340537255,3.052308876936316e-05,0.00031595668900563054,1.0855092458821341e-08,6.624993910863293e-06,3.7553030984280775e-08,1.0582602568456033e-06,0.017646961315333432,1.1333775462876616e-06,1.0586982668941125e-05,0.8821338095553438
20,0.0008776352482263098,0.004064377411351225,1.1516094460569166e-05,4.098708605999195e-07,5.891874105548551e-05,7.55741788861888e-05,6.839969596706183e-06,8.842412319450271e-05,0.0027759159010744845,7.852759148579132e-06,0.05923144701389328,0.0042234299897550625,1.1341073677424356e-06,0.0013424935587947734,0.05879289874707958,2.607916564845464e-05,0.00031141122805870874,1.2215282027538561e-08,8.878668360079553e-06,3.382029348586997e-08,1.4267032806001822e-06,0.03125466289300179,7.074799838074032e-07,6.060890475339336e-06,0.8368318592208706
21,0.0014769813279802045,0.003051175268763606,3.374941194383292e-05,3.185554096944676e-07,6.533119885885042e-05,3.065996916822715e-05,5.3962058788216106e-06,6.127207223214077e-05,0.001808053041834205,5.342768748797326e-06,0.048949803420722006,0.006239600757668583,1.1486478499121121e-06,0.0018067682717574853,0.018021612834425813,3.154255611759292e-05,0.00047984407373834014,2.200761993145556e-08,3.4068245307900945e-06,3.9116069632027116e-08,2.2682006219243753e-06,0.00977260598211821,1.1438892255526117e-06,1.4574034642957978e-05,0.908137339562073
22,0.0021264986774406675,0.004753132223356232,3.549338302084388e-05,5.221456928748566e-07,8.029414182137299e-05,9.014230405721633e-05,6.796438867395476e-06,0.0001308919697775352,0.0018683662737022629,1.1671017875603925e-05,0.08979300843381628,0.004664524558767019,1.4257517633812879e-06,0.001723034354795194,0.0359546981115094,3.881580120951491e-05,0.0009651266811702507,3.2260476986634855e-08,8.593411662851565e-06,4.6473617098654884e-08,3.5060927781430825e-06,0.022955925754510026,1.7318344548874692e-06,9.278235656587761e-06,0.8347764436682005
23,0.0009834665151931478,0.0032344149932565245,1.67434002884772e-05,3.781615254922192e-07,6.662727326838954e-05,6.88447941473166e-05,6.303839376713571e-06,6.336090265614332e-05,0.0024421372752623247,6.634634577881651e-06,0.05013536841397048,0.004309830864260434,8.841975312354225e-07,0.0011749732131304854,0.039050640665432096,2.835613916561077e-05,0.00037662151621748624,1.3352038423009132e-08,6.077454022185404e-06,3.0698519491664216e-08,1.5749917937359259e-06,0.015717179824680252,1.044636909756414e-06,8.994471962858759e-06,0.8822994977708131
24,0.0008413440599455582,0.006228812315394746,1.6166614947353568e-05,7.770547502956156e-07,8.013399970905615e-05,7.054623921324055e-05,7.231665159536915e-06,8.26936143709066e-05,0.002648948192257567,1.0993747971600538e-05,0.04774295120543412,0.004542364860021214,1.1245267675864934e-06,0.0016356308189061205,0.0490609858205142,3.694578462332896e-05,0.0005161987341446632,1.86795410125834e-08,1.1176068389374563e-05,3.687227809876527e-08,2.028272937428263e-06,0.019378842584433207,1.3318557753312622e-06,1.0078280163269798e-05,0.8670726381323511
25,0.001732413393428373,0.0029543080209656664,2.2693181805228655e-05,4.1456230082496547e-07,0.00013272719955670842,5.9293849874920184e-05,1.2434154525137501e-05,0.00019233673417650703,0.0020586118287897965,4.318409576245989e-06,0.14794811248354298,0.00859971245237843,1.3398886771244414e-06,0.001953543348673904,0.02895116118539694,2.515926941140869e-05,0.0005338937181036062,3.3847136068061905e-08,6.098127678670725e-06,4.4791154154907374e-08,3.593482649200152e-06,0.021474302065230565,1.0796416386569474e-06,7.257526719995385e-06,0.7833251168366088
26,0.0017418568537593874,0.0028152852576724687,4.692541056514258e-05,6.42428808976667e-07,0.00012148388496783621,0.00010168639292944411,7.244011334932668e-06,4.484089034481291e-05,0.004873858995954393,1.0741705894919897e-05,0.04010807035197868,0.003918363328113117,1.2639066070720887e-06,0.0015773810463270638,0.022097011077636095,3.541855654327086e-05,0.00044824662006815493,3.13818650112549e-08,4.467786983109614e-06,6.048451607747362e-08,2.341751287147864e-06,0.007960240434283594,3.401273129191644e-06,3.4250163153256746e-05,0.9140448860052768
27,0.0024042693048588193,0.004455753775636339,0.0001376295272875407,2.902548218460116e-07,0.00011722401073212241,1.638732061481873e-05,5.447700362723542e-06,7.543196629274489e-05,0.00029181927609945625,5.059405252650287e-06,0.11150445378367371,0.0055889925532359224,9.582665827804203e-07,0.0028938065032279286,0.006930648584761385,3.764284490358254e-05,0.004740038794169504,5.890001140788026e-08,2.847846927333559e-06,4.144663306964795e-08,1.735091821273778e-05,0.002970312915460966,3.708312614375047e-06,1.3714581128065353e-05,0.8577861112064982
28,0.0009834665151931478,0.0032344149932565245,1.67434002884772e-05,3.781615254922192e-07,6.662727326838954e-05,6.88447941473166e-05,6.303839376713571e-06,6.336090265614332e-05,0.0024421372752623247,6.634634577881651e-06,0.05013536841397048,0.004309830864260434,8.841975312354225e-07,0.0011749732131304854,0.039050640665432096,2.835613916561077e-05,0.00037662151621748624,1.3352038423009132e-08,6.077454022185404e-06,3.0698519491664216e-08,1.5749917937359259e-06,0.015717179824680252,1.044636909756414e-06,8.994471962858759e-06,0.8822994977708131
29,0.0009834665151931478,0.0032344149932565245,1.67434002884772e-05,3.781615254922192e-07,6.662727326838954e-05,6.88447941473166e-05,6.303839376713571e-06,6.336090265614332e-05,0.0024421372752623247,6.634634577881651e-06,0.05013536841397048,0.004309830864260434,8.841975312354225e-07,0.0011749732131304854,0.039050640665432096,2.835613916561077e-05,0.00037662151621748624,1.3352038423009132e-08,6.077454022185404e-06,3.0698519491664216e-08,1.5749917937359259e-06,0.015717179824680252,1.044636909756414e-06,8.994471962858759e-06,0.8822994977708131
30,0.0009834665151931478,0.0032344149932565245,1.67434002884772e-05,3.781615254922192e-07,6.662727326838954e-05,6.88447941473166e-05,6.303839376713571e-06,6.336090265614332e-05,0.0024421372752623247,6.634634577881651e-06,0.05013536841397048,0.004309830864260434,8.841975312354225e-07,0.0011749732131304854,0.039050640665432096,2.835613916561077e-05,0.00037662151621748624,1.3352038423009132e-08,6.077454022185404e-06,3.0698519491664216e-08,1.5749917937359259e-06,0.015717179824680252,1.044636909756414e-06,8.994471962858759e-06,0.8822994977708131
31,0.00022742761916491952,0.0015749627427855334,3.3451586818238057e-06,2.587686949213669e-07,0.00013854478703579498,6.154701639653642e-05,5.116509248810921e-06,9.01052604551595e-06,0.0043813694670473335,2.5234211081240914e-06,0.03609740024010566,0.0024328097473014783,4.714514183413499e-07,0.0007723449658511208,0.07165064041446802,7.1799904935769675e-06,0.00010627871055138215,2.8849861061313964e-09,4.662840694760609e-06,2.15592167497425e-08,6.481831164664095e-07,0.012071586140716758,6.530810138823934e-07,1.0198071860326798e-05,0.8704409957019961
32,0.0009611414755676815,0.0033993019304185044,1.6212866001641085e-05,4.221730347436132e-07,6.726691684855597e-05,7.558299489345382e-05,6.952627083159119e-06,6.720953457024613e-05,0.002508271953340818,7.289063009706552e-06,0.051171533884765044,0.004184521557154519,9.680819137358235e-07,0.0011398472932754183,0.04467458410826908,3.155558836691296e-05,0.0003919201916970971,1.44099696807315e-08,7.922194537173711e-06,3.2538394475547964e-08,1.7594701658077392e-06,0.01713873513737905,1.1022048230860556e-06,9.236439307504609e-06,0.874136615365213
33,0.0028037394032989172,0.007324099117177797,1.7212760501411825e-05,7.593416012891623e-07,8.606254403444914e-05,5.2083546392261584e-05,1.2683506300233143e-05,0.00019360612988644736,0.001147346259186357,3.9625478393419e-06,0.1532150434750061,0.01524958354591221,2.6760203553528753e-06,0.0011021424074073056,0.037504922718743,5.003785885864587e-05,0.0013078006135627868,2.8142611537592324e-08,1.2459422657330098e-05,3.106275029561503e-08,3.0974384271103992e-06,0.047494653785559796,8.304057400406944e-07,9.162928799675239e-06,0.7324059750173904
34,0.011618510940660569,0.0022892006010102636,3.7817555540832806e-05,7.32799724659213e-07,0.00013891387341760715,0.00012270890952535032,1.9102515293640143e-05,0.00014682631846991872,0.003966798918004071,4.6467815460749615e-06,0.23910319164011223,0.0064536571544271835,3.9419925238895995e-06,0.0007268652420631496,0.07840516604747466,3.089063846991793e-05,0.0004058725432112813,6.182476517992442e-08,1.9292042503572738e-05,3.4496910800883964e-08,3.834049711003262e-06,0.0342545508199011,1.3967817730258588e-06,1.424304363845092e-05,0.6222317424693217
35,0.002439538270444939,0.003859557735293151,2.29527303632728e-05,4.784564835095033e-07,5.181501449963116e-05,0.00010316761172913532,9.286653407717041e-06,0.00012710674701192848,0.0031258957983647836,8.525033951469246e-06,0.06704147714806155,0.007054818564775399,1.6399042767319853e-06,0.001026494787695564,0.038858874644820164,5.249789882653123e-05,0.00046568219226150905,2.691634056483413e-08,9.936270554085521e-06,3.243382381707173e-08,1.799348030982151e-06,0.029713271817038946,1.0355437128511447e-06,1.074332266243344e-05,0.8460133451555694
36,0.001210551937779731,0.005432146212036135,1.4882863770330524e-05,5.297530437564526e-07,2.9700834524398553e-05,8.486946822118038e-05,8.119073233749976e-06,0.00019053359604076736,0.003104105079228488,1.2695511526305102e-05,0.04048003819738875,0.007175489028112584,1.2662477935512474e-06,0.0017027180443171608,0.049013908215221474,5.815832381270555e-05,0.0004498899158324441,2.0003926379747096e-08,1.0171080181925547e-05,3.167869770330825e-08,1.191468784653824e-06,0.04357401309308316,7.105000253014075e-07,4.770155436036873e-06,0.8474394897179812
37,0.0018719276486539537,0.002725960372412084,3.729421321529524e-05,3.281246766080211e-07,9.863179565176867e-05,4.6567690758766426e-05,7.080304604532366e-06,4.0687452929036675e-05,0.0028284616567619235,5.509270353560855e-06,0.05227063374330005,0.0050723441347110595,1.4401888197695497e-06,0.0014798274316401947,0.01917274319456941,2.5086103399966415e-05,0.0004178414127282608,2.1658361338506854e-08,3.811605686630214e-06,4.2110532554641166e-08,2.446091526742614e-06,0.01031970412636586,1.4363928083956386e-06,2.1658148769279287e-05,0.9035485151267629
38,0.001772104589653381,0.0029776110941994866,2.2923260689044194e-05,6.659870513199656e-07,5.2527768314169455e-05,0.000202735470422546,1.5003270689344561e-05,0.00010042470697392803,0.0030233418128296826,1.1325016544607099e-05,0.05390761933868584,0.0041416585914105485,1.75478631239025e-06,0.0006954717500764474,0.08063978323925965,8.136619802545773e-05,0.000554774280695799,2.9875513983898704e-08,2.027050431538552e-05,5.1957198902045484e-08,2.5133711305638648e-06,0.022167403012609516,2.080197425938336e-06,1.2373545312000989e-05,0.82959418637466
39,0.001368541317388739,0.0023606198552465468,1.7872707707233996e-05,2.932826477434461e-07,4.632318082592732e-05,0.00010370573160404283,1.0715241354354594e-05,0.0001407068748892421,0.0015780964497427406,4.967570768521158e-06,0.066765897981689,0.006937077341114197,1.0091009840134506e-06,0.000701299012178626,0.03604553793048155,5.4478491282838185e-05,0.0005641137871435096,1.594462175763209e-08,7.493575652139329e-06,3.0271601570177406e-08,2.029056959127586e-06,0.02198938390685646,9.584284555997925e-07,6.8273642572410456e-06,0.8612920055945473
40,0.001068021689708602,0.0027060308125647953,1.5205621666399342e-05,2.420253659982276e-07,5.7437903525154006e-05,5.9664159188897006e-05,4.963003405161483e-06,5.2928498774901384e-05,0.0018766138458293949,4.343651007306493e-06,0.050642497367264734,0.0046609463369255075,7.014464237440514e-07,0.0009753320725681251,0.03612248016385252,2.0154522921668735e-05,0.0003499612541550423,7.911277018626191e-09,3.4222913693975127e-06,2.2220878175418245e-08,1.0951341329604168e-06,0.01663667209597667,6.943986502050198e-07,6.023231121286836e-06,0.8847345383414464
41,0.001034673971414449,0.002521600180979539,1.3785937238367707e-05,6.578774301565525e-07,0.00012149991433169653,0.00011714196059619385,6.48325186746151e-06,5.5225978472294725e-05,0.004030328919431195,6.694323455672624e-06,0.051911195106985476,0.004217921588640922,6.743793379866273e-07,0.0008312215601991471,0.07454140019239495,2.3958833189483383e-05,0.00025667563292832986,1.0562485864718824e-08,5.816405717875475e-06,2.7998288837260304e-08,8.087815438570304e-07,0.013479494334800874,1.1592510813693038e-06,9.427914765884353e-06,0.846812115142422
42,0.0012163821588425988,0.004571134057361346,1.0764777424989252e-05,4.7567584135260593e-07,5.589746823454947e-05,0.00012139066061461079,1.0331639578237812e-05,0.00011958133211211986,0.002752474604372936,7.5375995068913744e-06,0.06683479107030565,0.005595462238260305,1.569986355943362e-06,0.0007601952492850474,0.06805327881260928,4.4298333068661845e-05,0.00045032738941677664,1.1801792378642558e-08,1.5394874428780512e-05,2.9294231994168322e-08,1.596339225396073e-06,0.05283208850184928,6.537085922444224e-07,6.648861252485302e-06,0.7965376835654361
43,0.0009064316645012933,0.0032068587317054054,1.917289139413149e-05,5.745828027405154e-07,7.532330907314968e-05,0.00019783463119818072,7.949298557980985e-06,0.00010561967295584196,0.004258580501286093,1.7798064515460616e-05,0.04975524106352369,0.002774898940721439,1.1067748443329296e-06,0.0012528253868999224,0.06794029113753353,4.2562628626192106e-05,0.0003430671310523182,1.985831975590072e-08,1.2705559881625079e-05,5.5838350253301946e-08,2.1162416448127345e-06,0.024503473511940273,1.5628477841412394e-06,9.251819874718902e-06,0.8445646779110128
44,0.0009834665151931478,0.0032344149932565245,1.67434002884772e-05,3.781615254922192e-07,6.662727326838954e-05,6.88447941473166e-05,6.303839376713571e-06,6.336090265614332e-05,0.0024421372752623247,6.634634577881651e-06,0.05013536841397048,0.004309830864260434,8.841975312354225e-07,0.0011749732131304854,0.039050640665432096,2.835613916561077e-05,0.00037662151621748624,1.3352038423009132e-08,6.077454022185404e-06,3.0698519491664216e-08,1.5749917937359259e-06,0.015717179824680252,1.044636909756414e-06,8.994471962858759e-06,0.8822994977708131
45,0.0008730063860527059,0.0020905946640697,7.789740879375634e-06,9.182650390704526e-07,0.00010906035605224791,0.00019560681418789302,1.7177760075633094e-05,9.369040095668678e-05,0.0050494245127089225,5.841649527667427e-06,0.05695962015599445,0.004911834510722468,1.1595929164887929e-06,0.0004966833460893768,0.15650089446605459,4.567615537549298e-05,0.00020397990136970413,1.2427590374768193e-08,1.6497798075731692e-05,4.1327449450827785e-08,8.734661392960495e-07,0.024888078872127312,1.0118956133198541e-06,8.707148008966687e-06,0.7475218183869232
46,0.002501495217071699,0.0058596689658262984,1.6572910699370326e-05,5.412422663177527e-07,5.8108339144056974e-05,6.273851843069476e-05,6.372324535739682e-06,9.304357966039736e-05,0.0007192442006740158,3.4510039688814924e-06,0.08344594423467151,0.010295650031867236,1.2685040926890003e-06,0.000574380655168814,0.04478372400678193,4.4471819070314226e-05,0.001832501646562275,9.432224158626537e-09,6.1212167685176225e-06,1.8125665918308624e-08,1.4455558689749887e-06,0.03326793917866485,9.048136534552482e-07,6.952860538206674e-06,0.8164174316161237
47,0.0011261736593036963,0.003745072751420964,1.4757190859449421e-05,3.0718496764224965e-07,4.6444840415993577e-05,5.734777464127441e-05,5.636464804892469e-06,6.324490179617249e-05,0.002020825829157132,5.671986082336126e-06,0.04579980751011186,0.0052244819082922205,9.643048034052074e-07,0.0009286251316392833,0.036629093508391775,3.16227737563899e-05,0.00038616452092350695,1.0082905784567586e-08,5.461422103448712e-06,2.4557136150445648e-08,1.1450786247703214e-06,0.020230789360015912,6.891464843984884e-07,7.836064381359831e-06,0.8836678020469801
48,0.0012581613153314231,0.013868465722271925,1.8778477048668243e-05,9.114390827598859e-07,4.372189906858942e-05,7.903567632920582e-05,6.419603359423348e-06,0.0001465399307630441,0.001277644568592706,1.54696304111588e-05,0.046528164788680236,0.005734068868741208,1.2523955830868338e-06,0.0013592964786857096,0.05273427486095585,6.689072231538917e-05,0.001700345402301709,1.71788762884109e-08,1.4376062816875619e-05,2.8456231131470982e-08,2.0447403011121527e-06,0.03570423429662787,1.313796631091594e-06,6.040891635981321e-06,0.8394325027973575
49,0.001160057035600496,0.0028704429061357337,2.067300845497191e-05,3.4509852758681e-07,6.69588504923652e-05,8.972034044956581e-05,6.87623920611193e-06,7.069597479022781e-05,0.0025330385854556584,6.317309270939199e-06,0.0512995401813489,0.005293258924934086,9.098311813631071e-07,0.0010956165718489339,0.031011521660323046,3.055520343176046e-05,0.0004002911819483895,1.3746326606684049e-08,4.364874671562925e-06,3.437460315727521e-08,1.4769145807234275e-06,0.015508145382679377,1.130608447734571e-06,9.51408414776645e-06,0.8885185011111428
50,0.0007235529797314862,0.0038652477520783337,1.6797987139110232e-05,3.449068839903944e-07,5.445546012488902e-05,6.544786025431312e-05,6.922335951408435e-06,8.677723687272646e-05,0.0029870198822031903,1.1099852159234326e-05,0.041132916449328726,0.003459766084847589,1.0211937009952227e-06,0.0016514205551060883,0.042192791796488424,2.873243899642666e-05,0.0002950789466321204,1.3082483277820225e-08,8.649634252229578e-06,3.497556908330096e-08,1.8842692482845552e-06,0.021611083561397095,7.783028993050954e-07,6.586464635976705e-06,0.8817915759910157
51,0.000948686874085106,0.005519469255040635,1.538698715476502e-05,5.29508681080437e-07,6.236288481573314e-05,5.925726594196476e-05,5.789795176483287e-06,8.49184851563936e-05,0.002317991461682171,8.417422588185783e-06,0.05052466450816507,0.004985063222179739,1.0002887629636741e-06,0.0014739920201290375,0.045342216988980215,3.0198277159001304e-05,0.0004162519134914635,1.3594567469042158e-08,7.3588204275716535e-06,2.9677464799583645e-08,1.4425515509322288e-06,0.02092758662330684,8.662737650062276e-07,7.259921155267689e-06,0.8672592453785722
52,0.0029760515570445003,0.004779741760418034,3.453107202864503e-05,1.8035331790843898e-06,5.5168991092675916e-05,0.00028054438409585866,7.84387615315694e-06,0.00028213483481702396,0.0071864474822667225,6.277521659283535e-05,0.07333579440869019,0.003475217019187906,3.3207951778360188e-06,0.0019943641303740486,0.13787618834299384,0.00011331614870759945,0.00037084220162971176,1.1129171698158321e-07,3.6593467763284216e-05,1.3223817725814134e-07,2.0026904194009007e-06,0.04936155565093995,2.098677177540159e-06,1.3541872468953444e-05,0.7177478783568868
53,0.0006384326843066057,0.0015708351635831484,1.0364047900602431e-05,1.9623100376457182e-07,4.773777229633502e-05,6.623828964654389e-05,9.295366384893043e-06,5.027991802202524e-05,0.0024008729886859873,2.836956856237774e-06,0.040692936684884655,0.0051317464888439,5.437824810526938e-07,0.0008574578279510877,0.033729381397897086,2.221390596108004e-05,0.00021523753553085627,8.633727617950981e-09,3.4609409281043477e-06,2.3673819028714446e-08,1.0386267191248958e-06,0.010258467479832363,8.612962867777392e-07,6.173754464599328e-06,0.9042833585519865
54,0.0001753306471707175,0.001858822987864641,5.657137639538037e-06,8.481158456554897e-08,1.831791729945455e-05,1.6148601775918293e-05,1.8401275956757443e-06,1.8645271813465516e-05,0.0013604524119050219,3.1375038568594386e-06,0.010898968244807574,0.002747158581752856,2.0311771929124592e-07,0.0008377980899040365,0.021566218911942107,1.6423657705430816e-05,0.00011345207252569171,2.06427579195798e-09,1.4829332654214723e-06,1.1814246538217036e-08,3.202704619072885e-07,0.005887975119036243,2.59898142377292e-07,3.7690475198197173e-06,0.954467518758189
55,0.0008777928921033167,0.0022501960042205023,1.3538400068660253e-05,3.161815341259757e-07,7.152541268665115e-05,5.9351419324649474e-05,7.2956694119380504e-06,4.526815397116338e-05,0.0028280780855048024,3.854009107841226e-06,0.04442780289338128,0.005708756201027298,7.550740274229136e-07,0.0009340732757994832,0.03079746098002042,2.4259723098744e-05,0.0002523493191450178,1.1040273196788067e-08,4.3748755229202955e-06,2.4788586167932793e-08,1.159962814028076e-06,0.01133270626059634,9.17834505272227e-07,1.106631630774716e-05,0.9003470652269611
56,0.0010253981060543886,0.00330119771967389,1.6975379310365966e-05,3.845116950258193e-07,6.660134494606102e-05,6.909154888354698e-05,6.5252118623029505e-06,6.494785795889573e-05,0.0024613137888904904,6.637589315000905e-06,0.051317093874509265,0.004455663978480697,9.488399088795603e-07,0.001182200686650623,0.039131542918894056,2.8757664887043533e-05,0.0003813374366729044,1.3790586804160263e-08,6.285237191407628e-06,3.177637372163116e-08,1.6197678257014492e-06,0.01654780264054599,1.0467772511642562e-06,9.271621556709201e-06,0.8799173099300751
57,0.0007816763003685124,0.0043389581786712084,1.3255511638206668e-05,3.478868330987953e-07,5.284991622147003e-05,5.278920875908595e-05,7.46343865401518e-06,6.780399583653028e-05,0.0019437871288266117,6.4073512671862365e-06,0.04710887759908141,0.004745999323333253,1.1327780918355919e-06,0.000993112871512851,0.039084501507652955,3.6450781433535486e-05,0.0004085340212037752,1.1662111733372175e-08,1.1261877020442605e-05,2.5993600876679507e-08,2.0921722122704204e-06,0.021091922166286758,7.139075645504751e-07,8.486594705976548e-06,0.8792415378271118
58,0.0008709511515553554,0.0029201073719166155,1.6830978499053857e-05,3.7731446465054166e-07,7.423886977824806e-05,6.48565624531196e-05,6.443985497827582e-06,4.7111475999014005e-05,0.0026372467319066588,6.132192266267562e-06,0.043928772272311574,0.0041086490923701955,9.423222248126713e-07,0.0010717281881994544,0.03587619882774705,2.8783670762337894e-05,0.0003382733030388965,1.2676586271946051e-08,5.958906577534096e-06,3.477869439029683e-08,1.6139328203162524e-06,0.012920163246912319,1.1486022576958873e-06,1.2794312524317985e-05,0.8950606292326361
59,0.0008581100726048722,0.002927892318776982,1.909555041116368e-05,3.493335714488433e-07,7.354759384151353e-05,6.283319551130127e-05,6.142419786350669e-06,4.7527615740607747e-05,0.0025339330559076504,6.610541669351323e-06,0.04194673882972868,0.0038827774491657268,8.930896471615221e-07,0.0011634377298975762,0.03140150638269172,2.916238132390782e-05,0.00036238659581838847,1.322282235742231e-08,5.395138912201042e-06,3.576401529414453e-08,1.7519818897702604e-06,0.01183546955827459,1.1966414608347422e-06,1.2657224127651115e-05,0.9028205363124029
60,0.0009834665151931478,0.0032344149932565245,1.67434002884772e-05,3.781615254922192e-07,6.662727326838954e-05,6.88447941473166e-05,6.303839376713571e-06,6.336090265614332e-05,0.0024421372752623247,6.634634577881651e-06,0.05013536841397048,0.004309830864260434,8.841975312354225e-07,0.0011749732131304854,0.039050640665432096,2.835613916561077e-05,0.00037662151621748624,1.3352038423009132e-08,6.077454022185404e-06,3.0698519491664216e-08,1.5749917937359259e-06,0.015717179824680252,1.044636909756414e-06,8.994471962858759e-06,0.8822994977708131
61,0.0009513856076637235,0.002796317373619862,2.1194014300355056e-05,3.4988478478115654e-07,7.583535250558971e-05,6.518765559122528e-05,6.2983559453165535e-06,4.895864959107513e-05,0.0027538437201584673,6.863189049929397e-06,0.04320434146984735,0.003860541655173681,9.305972876410134e-07,0.0012044805217636281,0.03008201382437192,2.8664845272853365e-05,0.00034917693551257017,1.4404195683576584e-08,5.317979381913362e-06,3.653648706209215e-08,1.8393474596641043e-06,0.011644801905071082,1.2554752195738605e-06,1.351220595517904e-05,0.9028768384937899
62,0.0009834665151931478,0.0032344149932565245,1.67434002884772e-05,3.781615254922192e-07,6.662727326838954e-05,6.88447941473166e-05,6.303839376713571e-06,6.336090265614332e-05,0.0024421372752623247,6.634634577881651e-06,0.05013536841397048,0.004309830864260434,8.841975312354225e-07,0.0011749732131304854,0.039050640665432096,2.835613916561077e-05,0.00037662151621748624,1.3352038423009132e-08,6.077454022185404e-06,3.0698519491664216e-08,1.5749917937359259e-06,0.015717179824680252,1.044636909756414e-06,8.994471962858759e-06,0.8822994977708131
63,0.0009182719071590365,0.0038752679748849197,1.5693583459028325e-05,3.898556388156018e-07,6.047844276024276e-05,6.331994187251284e-05,5.801414900956934e-06,6.351068312564909e-05,0.0022739047683593967,7.0684056259555255e-06,0.04660485549228559,0.0043291053954094836,8.888440074387692e-07,0.0011808552050743648,0.03977392249276016,2.948188953412382e-05,0.00039478808140839644,1.2247229260411246e-08,6.35103415496513e-06,2.9355558159711592e-08,1.475540891948822e-06,0.016811727759354748,9.556079946009428e-07,8.535085625656392e-06,0.8835733089909247
64,0.001003366254658247,0.003393654199240821,2.0269676988825955e-05,3.6405558024101227e-07,7.325118689260994e-05,6.254340172154827e-05,7.2760332881873255e-06,6.293505104281125e-05,0.0022343277564210793,6.715824730858067e-06,0.052763865746875936,0.00414536498985077,1.02696695752473e-06,0.0013214321102016072,0.03357705311382444,2.9321437403157662e-05,0.00044604055140264444,1.5844737657654283e-08,6.958056431365456e-06,3.411542542265968e-08,2.435057390109221e-06,0.014733232193822126,1.194109646047256e-06,1.0147395003226137e-05,0.8860971748704626
65,0.0025613186792760373,0.002266730725195547,1.1348848350397525e-05,1.215720160988301e-06,0.00012966892329047464,0.00031571066100522145,2.1642315676963042e-05,0.00013447466704735804,0.0017425685970324858,4.040284914185326e-06,0.16470602963518968,0.006650312115726823,1.1708790737357355e-06,0.0003534932468392077,0.14007688886301828,5.082479119944227e-05,0.0009786748699348751,2.960508023246615e-08,2.7018794096489334e-05,2.4724489867102606e-08,2.600167081851641e-06,0.025048044141725317,2.687535889668882e-06,7.874171190602736e-06,0.6549056070375142
66,0.0011686649110343693,0.003283656221319756,1.99115114371867e-05,3.9400358074040015e-07,7.301142155089466e-05,7.100317219173035e-05,6.898855006219962e-06,7.36794030489833e-05,0.0026147935787274425,7.16604976966812e-06,0.05655811116328367,0.004528673037162558,1.0440165677336567e-06,0.0012875880935666073,0.03819893860004975,2.92703451159928e-05,0.0003829044098491917,1.5850198172482576e-08,6.244122198047836e-06,3.490502539715779e-08,1.7834424784059914e-06,0.016974915340057618,1.0500836574404658e-06,9.413512535009103e-06,0.8747008339505875
67,0.002226102510629385,0.0025525169755932758,0.000138521165460686,6.6081843952516e-07,0.00010687879906127979,9.561573766304665e-05,7.549961162586303e-06,8.582133228140145e-05,0.0015715118079945652,1.6380799264699573e-05,0.06376456917656945,0.00289576038667443,1.5797554978693382e-06,0.0027209118542892183,0.017833201552046027,5.273950278991992e-05,0.0014957138253778887,8.393510150949971e-08,6.002633173623477e-06,1.2132514386372505e-07,1.166126631709476e-05,0.005153399602909387,8.929730834156709e-06,2.9489981291670603e-05,0.8992242755644334
68,0.0002324804529766513,0.0007910665108982823,1.943353457869895e-05,1.3838908499098508e-07,6.898429460147916e-05,3.474459205387515e-05,2.3957974205968477e-06,1.0093458744160363e-05,0.004031166371582933,4.3663575866910056e-06,0.01235548367254867,0.0022159592687165264,2.3617885488423827e-07,0.0018159376130270689,0.010564300445964816,8.01883893521362e-06,7.942878574923048e-05,5.071645664820428e-09,5.483740900133003e-07,3.3902554112828474e-08,5.302708644348075e-07,0.0018862375403064752,1.189735529745406e-06,1.4830869904765511e-05,0.96586238967178
69,0.0007159529739068805,0.0016458134170703612,4.2148152900528505e-05,2.226624744043783e-07,4.8311607934570346e-05,5.749195729617445e-05,6.464299863072451e-06,8.131611112808615e-05,0.0024136643498389883,1.0593635737555076e-05,0.033324272622279924,0.003011603058640956,7.649917107914628e-07,0.002413501600203439,0.015809793208498086,3.563615152135236e-05,0.0003025989157615596,3.215948867839017e-08,4.35581134587676e-06,6.154372423013962e-08,4.063698174422358e-06,0.0062754932826855694,1.9057359219747367e-06,1.1812645043690967e-05,0.9337821254068488
70,0.0009450921565831005,0.002872962943283599,1.6681622152897053e-05,4.233149177997083e-07,8.648830752545572e-05,7.447154860075059e-05,6.7860322336347464e-06,5.9158882333210135e-05,0.002823261659956462,5.991261671897277e-06,0.05149797641502495,0.004337264119413754,8.063010019952469e-07,0.0012013271582882899,0.04084842707763892,2.3548598959998602e-05,0.0003360761737645038,1.2589722442848444e-08,5.297151041157158e-06,3.082610356951004e-08,1.473432047043531e-06,0.013754373633836019,1.1594736569787578e-06,9.312956054979686e-06,0.8810915963641867
71,0.00016703409651145683,0.0020205069429125194,1.783789522103508e-05,1.5071866389215755e-07,0.00011852729586106439,2.6547110444791684e-05,6.90958328208005e-06,3.559680321288282e-05,0.005634224486582284,7.695525348361137e-06,0.018034361288353527,0.0022482895667645005,4.5145518269332875e-07,0.0044187799907360265,0.009560076703139915,1.563990803534647e-05,0.00011293735669173914,1.5795450291470477e-08,2.450818422609091e-06,6.373045790562034e-08,3.090891852650438e-06,0.004218308256476252,1.1202136183199704e-06,1.307161389493948e-05,0.953336311952883
