,0,1,2,3,4,5,6,7,8,9,10,11,12,13,14,15,16,17,18,19,20,21,22,23,24
0,0.00012020331287378308,0.005062537303153038,5.454503467017049e-06,5.901339644391123e-06,0.0026461913938840994,2.4819156528867037e-05,3.317083150884257e-06,9.912833232541684e-06,0.020544365374302907,3.499141347100299e-05,0.026834286117446357,4.684652803364337e-05,3.422827703456254e-10,0.002993002868024974,0.7288194108580462,3.7329147503692495e-07,1.598821911862995e-05,5.1617713254547266e-05,6.524447964004322e-05,1.1351540187036666e-07,8.772122555147482e-05,9.181046952644136e-05,0.023388587447450666,5.056155124706427e-07,0.18914679759552633
1,4.653856403457004e-05,0.0075200510986648955,3.946488916919206e-06,1.6003519263173691e-06,0.0024359793977849035,1.4577449088344904e-05,1.491186666394239e-06,2.414389634014577e-06,0.008247371880162108,1.322197289228995e-05,0.017140706026656672,3.737311296862595e-05,7.513109556564134e-11,0.002997411353939227,0.7110704458088835,1.138596444528918e-07,7.634255605996067e-06,1.867487870625072e-05,4.866836824200499e-05,3.894025657104922e-08,5.463046051448027e-05,8.795115838828065e-05,0.009760112924702137,2.466038549941074e-07,0.2404887993927348
2,2.3073776981641712e-05,0.0051385785945335695,1.704798465594219e-06,8.796657062608406e-07,0.0013160765925704413,6.5692731194742575e-06,8.820191889330306e-07,1.354311579922635e-06,0.0036617829230072996,6.516473902520271e-06,0.015288461502489784,3.096166302902188e-05,3.418232907188872e-11,0.00325782343091416,0.7326710905044057,4.141667142438535e-08,4.100811605145709e-06,1.475042492079144e-05,1.6338137375542076e-05,3.0253212687937185e-08,3.634277550614461e-05,5.141253433768942e-05,0.007624503718427906,1.3958891672303908e-07,0.23084658477494904
3,3.0452586923132825e-05,0.006372487351460761,2.0615198375814914e-06,1.2106036396756387e-06,0.0014964188513763685,1.025059656861297e-05,1.38266268351553e-06,1.5855618516512702e-06,0.003928622310320418,7.663220481827083e-06,0.0142389609579211,3.8667807492382666e-05,4.813127630838505e-11,0.003869002926133502,0.7010153794235199,7.002444255036802e-08,6.508776748852817e-06,2.053425433117579e-05,2.6194865812292612e-05,3.186643526049328e-08,4.751201122927957e-05,7.830732807055046e-05,0.009160082990963015,2.3203287816185704e-07,0.2596463794207473
4,3.5967519033936656e-05,0.006605346349037485,2.238142634826554e-06,1.3324099242520128e-06,0.0016120802549497387,1.1200130096082796e-05,1.524583655698684e-06,1.7505951185654293e-06,0.0038974341333837363,8.332248309527161e-06,0.014670810609327074,4.089500605212342e-05,6.29988717514592e-11,0.004474965876212601,0.6984169969212641,8.275622650763537e-08,7.1376911069701754e-06,2.4365857711686168e-05,3.098498601835571e-05,3.703923920278906e-08,4.8776810489374225e-05,7.835620616753977e-05,0.009634230969027541,2.819981374476287e-07,0.26039487084387675
5,2.9798122756682506e-05,0.007028764879971467,1.752439336126854e-06,1.4059516386552195e-06,0.0013920347972521188,1.1209569136690722e-05,1.2395682838985226e-06,1.5878247152630154e-06,0.003575279380852849,7.150285672369426e-06,0.014305478349421405,3.3910739814286695e-05,5.228766542990845e-11,0.003935666898356096,0.7232367249938549,7.465219183433769e-08,6.7499891817219145e-06,2.7963256975597658e-05,2.8732626703357946e-05,3.4607096501753106e-08,4.958937873525401e-05,7.775574947506604e-05,0.009857729387997553,2.3713121055330342e-07,0.23638912936708228
6,3.0452586923132825e-05,0.006372487351460761,2.0615198375814914e-06,1.2106036396756387e-06,0.0014964188513763685,1.025059656861297e-05,1.38266268351553e-06,1.5855618516512702e-06,0.003928622310320418,7.663220481827083e-06,0.0142389609579211,3.8667807492382666e-05,4.813127630838505e-11,0.003869002926133502,0.7010153794235199,7.002444255036802e-08,6.508776748852817e-06,2.053425433117579e-05,2.6194865812292612e-05,3.186643526049328e-08,4.751201122927957e-05,7.830732807055046e-05,0.009160082990963015,2.3203287816185704e-07,0.2596463794207473
7,0.0001418571466189969,0.006794855962816953,6.16757912801418e-06,2.7086164495565596e-06,0.0028015247966585695,9.308605134233541e-06,3.113393281963685e-06,5.2948285594673645e-06,0.007787476444350296,2.7046476544902963e-05,0.03082823275438275,5.179705667504265e-05,1.971835279399379e-10,0.0044268078877131665,0.5990693825188528,1.1460034319136857e-07,1.1824530073315295e-05,1.772016046885662e-05,5.650651275038664e-05,6.479098275238042e-08,2.8615476071778014e-05,0.00012561866645508502,0.006512710746203441,4.0153553131634666e-07,0.3412908487167694
8,4.424942504115068e-05,0.004086623867391802,4.08313826586976e-06,1.0921177831054993e-06,0.00133856829308271,7.104604592259809e-06,1.7426157884672566e-06,1.4383615392793788e-06,0.0035823773830277548,1.3488244788078356e-05,0.012949909318112776,5.453806808813108e-05,5.909922496551574e-11,0.0053372616362093355,0.5469119873386504,5.473064039304389e-08,8.038607506135471e-06,1.0116088838532733e-05,1.663280321078255e-05,4.33318639205879e-08,6.384324760872056e-05,6.155335163141314e-05,0.01482241185353395,4.61731732311809e-07,0.41068237978197336
9,2.6864537649066275e-05,0.004137682401498591,1.8268537244235888e-06,8.008991122779779e-07,0.0008368063999135377,4.978558293833511e-06,8.969865069217786e-07,9.917231171551348e-07,0.002813181556661324,8.097644928929687e-06,0.011859385036885096,3.218115671801126e-05,2.6950576508537798e-11,0.003746259159065431,0.626955867123937,2.8323350328321773e-08,4.525106336752007e-06,8.882398147951756e-06,1.0919350737127763e-05,2.5135026321701828e-08,4.115681023995779e-05,4.677024531615739e-05,0.011828098003268648,2.2789872630893802e-07,0.3376335466638881
10,3.0452586923132825e-05,0.006372487351460761,2.0615198375814914e-06,1.2106036396756387e-06,0.0014964188513763685,1.025059656861297e-05,1.38266268351553e-06,1.5855618516512702e-06,0.003928622310320418,7.663220481827083e-06,0.0142389609579211,3.8667807492382666e-05,4.813127630838505e-11,0.003869002926133502,0.7010153794235199,7.002444255036802e-08,6.508776748852817e-06,2.053425433117579e-05,2.6194865812292612e-05,3.186643526049328e-08,4.751201122927957e-05,7.830732807055046e-05,0.009160082990963015,2.3203287816185704e-07,0.2596463794207473
11,3.657722774821417e-05,0.006422230303374067,2.3310544246954393e-06,1.3344071869446074e-06,0.0015598378802209282,1.132368453368495e-05,1.6065749074904784e-06,2.0037813817997286e-06,0.004326227156477164,9.20853836309837e-06,0.01471180981973193,4.296821282612064e-05,6.614874887150142e-11,0.004008735313637529,0.7014843775160574,8.438595188612008e-08,7.616150440907601e-06,2.3327858280732085e-05,3.096996689804275e-05,3.676559720210218e-08,4.8623613190784e-05,8.551606203165882e-05,0.009489637401432965,2.8772078726069216e-07,0.2576933285383687
12,4.3075200591170285e-05,0.007753561460051782,2.8600849909049576e-06,1.634406248887521e-06,0.00080707338097403,9.561449120615388e-06,1.116997377915458e-06,4.790192864448163e-06,0.0051793011568037044,1.2185281766186663e-05,0.01582959991443865,4.279110876361965e-05,7.136754717847973e-11,0.001615591140628105,0.8036646758990449,8.769999222755409e-08,7.2110302402316615e-06,1.4387272034027874e-05,3.97401856058136e-05,2.410492931395407e-08,3.40547555080948e-05,0.00015271924187936566,0.0044827906056316685,1.9863546727299962e-07,0.16030096872367966
13,3.0344190592539085e-05,0.006284415520103212,2.056630969006462e-06,1.2058895829359977e-06,0.001483793992593953,1.004052941449615e-05,1.368257311176211e-06,1.5817163289956933e-06,0.003890694970987043,7.623700478375308e-06,0.014403121684760701,3.874331444632402e-05,4.790473337794951e-11,0.0038889836960279544,0.7028784002927888,6.935938392000553e-08,6.433495399139669e-06,2.0412712830434664e-05,2.570709091202995e-05,3.1950823420766296e-08,4.7263031592079075e-05,7.722507936380912e-05,0.009118558296055361,2.2854379881600853e-07,0.25778169600555056
14,2.322264401731028e-05,0.010714509305327025,2.0468382559113566e-06,1.4329754695976073e-06,0.0019381798849472144,1.2305714279583456e-05,8.661243555505443e-07,1.159046423174828e-06,0.0035996992900026296,5.829034213364241e-06,0.017348833039850096,2.6453993295175334e-05,4.587183435823421e-11,0.00331478854705271,0.7541699541980316,7.406113255650867e-08,4.6678400669938575e-06,2.7225856112093097e-05,3.6391051774068605e-05,3.470078935771016e-08,4.2782650608649276e-05,7.645481216550936e-05,0.007617496554726168,1.4797329960879265e-07,0.20103544381793256
15,3.0452586923132825e-05,0.006372487351460761,2.0615198375814914e-06,1.2106036396756387e-06,0.0014964188513763685,1.025059656861297e-05,1.38266268351553e-06,1.5855618516512702e-06,0.003928622310320418,7.663220481827083e-06,0.0142389609579211,3.8667807492382666e-05,4.813127630838505e-11,0.003869002926133502,0.7010153794235199,7.002444255036802e-08,6.508776748852817e-06,2.053425433117579e-05,2.6194865812292612e-05,3.186643526049328e-08,4.751201122927957e-05,7.830732807055046e-05,0.009160082990963015,2.3203287816185704e-07,0.2596463794207473
16,2.5478441405048606e-05,0.003396959409970745,2.5277887384350867e-06,1.3366335514705148e-06,0.001310661348343419,1.0009383765640653e-05,1.5743039566920626e-06,1.4820451867830444e-06,0.0017823626207741211,6.213919275581914e-06,0.018359004250472852,6.633328020604099e-05,7.222857004894621e-11,0.007627984576898014,0.8179962263108979,1.379934515540302e-07,6.928470417968694e-06,4.3133515584916146e-05,2.1762898991497234e-05,5.454655197065322e-08,0.00010441110666630335,5.5641437718497005e-05,0.010783539929867516,2.7294103627795736e-07,0.13839596277404226
17,4.8706467587044534e-05,0.004105013654979874,2.627644394418494e-06,1.5145872188258538e-06,0.001914836501270019,5.786092222801713e-06,2.9336907218246803e-06,1.6789996664823402e-06,0.0036715260162044428,7.0394034055035825e-06,0.019935880124629653,7.347893202669752e-05,5.726852155631796e-11,0.007744030195468517,0.531341780826018,6.521205281257646e-08,8.945706766807373e-06,1.485314102182271e-05,1.3192070681285618e-05,4.003147280276965e-08,4.9470451075648403e-05,8.120657236361148e-05,0.00964722536151563,2.5062153881161037e-07,0.42132791763842814
18,3.2165211528502154e-05,0.005956874748341819,8.082504544173275e-07,6.886942064360425e-07,0.0010850352252381348,5.645496050895702e-06,1.4250332396727088e-06,6.234586300858654e-07,0.0029313864522744607,4.551633540351865e-06,0.009462357436635071,2.0793597182024618e-05,1.8592292030096507e-11,0.0032381301719060143,0.3753407914214468,2.1698801982733132e-08,1.019816692095054e-05,1.3652577945396873e-05,1.655358371918819e-05,1.6455416711917866e-08,2.3469175569673226e-05,9.472507393135339e-05,0.008284189725335036,2.0181649042964628e-07,0.5934756948766023
19,4.5294314078837255e-05,0.005477053464682815,4.13203515577268e-06,1.7834417072576923e-06,0.0021034490275998797,1.6806595659216275e-05,3.473470993528391e-06,3.7039496351536365e-06,0.0070078403197385225,2.226685391292386e-05,0.015335118105886593,7.992883402519057e-05,1.1031979464485358e-10,0.003340505320182292,0.6107372144113367,1.0925268334428346e-07,1.113832207636565e-05,1.5745293690286093e-05,3.182663786152633e-05,5.04933015320914e-08,5.2287039604975694e-05,0.00014872374925116783,0.008786267010873637,4.412422175697773e-07,0.3467748407035251
20,8.307831125494657e-06,0.006457357200601138,9.392613859316402e-07,6.370286178340156e-07,0.0004161770042713932,6.27654480639497e-06,4.0886740775087925e-07,1.2542315929765185e-06,0.0018593245933789615,3.243768151683424e-06,0.008594153909359485,3.146529495112517e-05,1.732839684846553e-11,0.0014824867291884185,0.8628240765080505,3.298522183386181e-08,2.6092298935830973e-06,1.2706032456551925e-05,1.1560338336983804e-05,1.365130343031997e-08,3.818316974712304e-05,7.767342993457827e-05,0.004232085497818107,8.535956048921383e-08,0.11393894151550993
21,3.0133146688722175e-05,0.004334553624420197,2.01893491254832e-06,1.5320487303695436e-06,0.0012967757661579054,5.886531308339718e-06,8.978108517699248e-07,1.1848484286995552e-06,0.00247175722031943,5.148766659454452e-06,0.024293651651714994,4.283289154609902e-05,4.334472247556817e-11,0.006688619316918695,0.7785566782913332,7.628184999287506e-08,3.964027514892705e-06,2.239915168803367e-05,1.7055654449291196e-05,3.8191834338193557e-08,4.9337640759890485e-05,4.369109068025493e-05,0.008362020437719195,1.2142426969560237e-07,0.1737696252058992
22,3.5194948175763404e-05,0.004258533352112495,2.881714240880821e-06,1.8132300292981688e-06,0.0016033838481074659,8.47662796171321e-06,1.4010116901901444e-06,1.6821943731279147e-06,0.0034898546623971897,1.1175600174702368e-05,0.029521163480100157,4.3418357784469454e-05,6.602884601757633e-11,0.00452368854915214,0.7233987528049071,8.998056556888775e-08,1.0568559492924776e-05,3.220504175271166e-05,2.3388233125546855e-05,6.198282512670223e-08,7.09942148542501e-05,7.928000786111005e-05,0.011739879421478147,2.0055984426087234e-07,0.22114191155096471
23,3.0452586923132825e-05,0.006372487351460761,2.0615198375814914e-06,1.2106036396756387e-06,0.0014964188513763685,1.025059656861297e-05,1.38266268351553e-06,1.5855618516512702e-06,0.003928622310320418,7.663220481827083e-06,0.0142389609579211,3.8667807492382666e-05,4.813127630838505e-11,0.003869002926133502,0.7010153794235199,7.002444255036802e-08,6.508776748852817e-06,2.053425433117579e-05,2.6194865812292612e-05,3.186643526049328e-08,4.751201122927957e-05,7.830732807055046e-05,0.009160082990963015,2.3203287816185704e-07,0.2596463794207473
24,3.493074453790224e-05,0.007827672607320892,2.2218178568786222e-06,1.8110235613449293e-06,0.0020295373095078587,1.01248209516102e-05,1.2774996896689132e-06,1.4289445289115825e-06,0.0037048007413534173,7.433179659023303e-06,0.019379104717565498,4.301675214874574e-05,5.646803770463856e-11,0.005241694890134568,0.6595226971784272,7.47454930380065e-08,6.466019910575087e-06,2.3888596048257337e-05,2.702500680091955e-05,4.148104172595151e-08,4.515953765575538e-05,8.276723271882925e-05,0.008698530407151558,1.9429281992770048e-07,0.29330810039664773
25,5.211363773030828e-05,0.002306254505689522,2.768612874699751e-06,1.641134568564141e-06,0.0014858841721169887,3.7647922391738737e-06,2.254712654312372e-06,2.9922738387195285e-06,0.0033095551019303414,1.1399539668584659e-05,0.039553587308618,6.932770678577384e-05,9.167392226599653e-11,0.006964564051189052,0.6988596269513359,6.410735183072289e-08,7.046318366863816e-06,1.8748528137784995e-05,1.0660791209653284e-05,6.707881257143539e-08,3.61352116337581e-05,5.3066918714148014e-05,0.007685847125819199,1.7855538060631405e-07,0.2395624507716599
26,5.934904974435734e-05,0.006848317240530029,2.1953035625814656e-06,1.2607056525395308e-06,0.002242776326110962,1.7789739982263028e-05,2.178675303351545e-06,1.9344431593918794e-06,0.008832043443457225,1.3997899278005521e-05,0.010778276320389734,2.2678472790586963e-05,8.118844135201182e-11,0.003193898634267713,0.5688681035530727,8.693854539431251e-08,1.4479101267394611e-05,3.331742113218541e-05,5.4468095928254206e-05,4.0392594573085346e-08,5.720477025795941e-05,7.772559121258424e-05,0.020642400985402806,5.558442570006586e-07,0.3782349209709121
27,9.975657584138858e-05,0.0023008021798769703,1.3081924424063818e-05,2.407922671977219e-06,0.006172335002377962,2.061361557059229e-05,6.751278678287461e-06,2.0798939305915127e-06,0.0025966548200599157,2.230286898989957e-05,0.028911251078868837,0.00012173133970686343,4.696620155971802e-10,0.028815523932084974,0.6618878971645596,4.878252585351256e-07,2.7755933783838272e-05,0.0001182647971037458,5.215483902961839e-05,3.18534923379264e-07,0.0004021529836256184,4.108521097749336e-05,0.04643544780842739,1.9439568787815476e-06,0.22194719804268764
28,3.0452586923132825e-05,0.006372487351460761,2.0615198375814914e-06,1.2106036396756387e-06,0.0014964188513763685,1.025059656861297e-05,1.38266268351553e-06,1.5855618516512702e-06,0.003928622310320418,7.663220481827083e-06,0.0142389609579211,3.8667807492382666e-05,4.813127630838505e-11,0.003869002926133502,0.7010153794235199,7.002444255036802e-08,6.508776748852817e-06,2.053425433117579e-05,2.6194865812292612e-05,3.186643526049328e-08,4.751201122927957e-05,7.830732807055046e-05,0.009160082990963015,2.3203287816185704e-07,0.2596463794207473
29,3.0452586923132825e-05,0.006372487351460761,2.0615198375814914e-06,1.2106036396756387e-06,0.0014964188513763685,1.025059656861297e-05,1.38266268351553e-06,1.5855618516512702e-06,0.003928622310320418,7.663220481827083e-06,0.0142389609579211,3.8667807492382666e-05,4.813127630838505e-11,0.003869002926133502,0.7010153794235199,7.002444255036802e-08,6.508776748852817e-06,2.053425433117579e-05,2.6194865812292612e-05,3.186643526049328e-08,4.751201122927957e-05,7.830732807055046e-05,0.009160082990963015,2.3203287816185704e-07,0.2596463794207473
30,3.0452586923132825e-05,0.006372487351460761,2.0615198375814914e-06,1.2106036396756387e-06,0.0014964188513763685,1.025059656861297e-05,1.38266268351553e-06,1.5855618516512702e-06,0.003928622310320418,7.663220481827083e-06,0.0142389609579211,3.8667807492382666e-05,4.813127630838505e-11,0.003869002926133502,0.7010153794235199,7.002444255036802e-08,6.508776748852817e-06,2.053425433117579e-05,2.6194865812292612e-05,3.186643526049328e-08,4.751201122927957e-05,7.830732807055046e-05,0.009160082990963015,2.3203287816185704e-07,0.2596463794207473
31,6.140092488654654e-06,0.003939632284107591,4.398365041950391e-07,6.581635491904193e-07,0.001889785235306164,1.6281275932622148e-05,1.3114097381392402e-06,1.0831102938229472e-07,0.002915563536750739,5.212005977377051e-06,0.008541760399641538,1.4395597917910144e-05,4.780948828716074e-12,0.003450775703660279,0.3915946220354167,1.811439243612181e-08,3.321021351399675e-06,9.856007191293146e-06,7.76126962231632e-06,1.6298773473000217e-08,3.3492506644303975e-05,4.561220930070193e-05,0.017291360865928473,1.0345839162025834e-07,0.5702317723556026
32,3.385831028047206e-05,0.007808741714159145,2.172015265052329e-06,1.2705648964823443e-06,0.0015599024789929145,1.1588238448256233e-05,1.299639236352373e-06,1.6572609685006217e-06,0.004113846321180241,7.752726614269287e-06,0.013681323649379767,3.6243509566445454e-05,5.477491588987623e-11,0.003753511784688141,0.7036974638277237,7.85558307648748e-08,7.030315183359744e-06,2.3538383916126175e-05,3.4867408217027134e-05,3.176090266348196e-08,4.718014221955959e-05,8.626563606658067e-05,0.009104190581450206,2.579804945855577e-07,0.2559859271395443
33,0.00019088483857583794,0.044072952026970855,5.7443603468473476e-06,5.440022797573251e-06,0.0033273864163682254,0.00010791690452713,7.173558212024631e-06,6.830531563874649e-06,0.004739125886616653,1.7825600895399373e-05,0.0069754914501246506,0.00010700004065853615,8.290989340480586e-10,0.008171164675375524,0.5413619895410773,1.2162911795925393e-06,0.00010248368284296948,0.0002651303527231328,0.0009058895905261232,7.005500508989662e-08,0.0001272765549571041,0.0009325497849081757,0.014647658641941346,6.001903066975265e-06,0.37391479645964004
34,0.0003379981541762555,0.007191627217256672,5.1107967184915065e-06,2.4354325262604347e-06,0.003971615771307513,5.176263369133259e-06,1.3560954728033778e-06,3.047479085318418e-06,0.0074961837953098605,1.2382923235927938e-05,0.042763721101232,2.4196318704591208e-05,1.6693819057392936e-10,0.008903802286478031,0.651514816413669,1.1761571581650944e-07,1.0645786441427179e-05,3.3351422167717654e-05,9.834306088133634e-05,5.481430339097761e-08,3.076439653175083e-05,4.931407230270081e-05,0.008946376724075803,2.6883670419773097e-07,0.2685972930553958
35,5.422534480381669e-05,0.010368492428247998,1.9041985865095035e-06,1.530357519030712e-06,0.0014283355766681785,9.227156927812821e-06,1.201794052962475e-06,3.8023333429199557e-06,0.009157059643689418,8.583021503096167e-06,0.014614296031655403,2.8056506470248597e-05,5.535899853913318e-11,0.001815764285590482,0.7021387926959205,6.746266138886491e-08,7.290265487949058e-06,1.590763945748301e-05,4.448815064369347e-05,1.9729254886176364e-08,2.4231269760424528e-05,0.0001306732111840612,0.00514173804692363,1.5791791109062574e-07,0.2550041548763781
36,2.9679599363404375e-05,0.004448953178262189,1.3196011455785155e-06,1.1519145148723544e-06,0.0007982252769375525,6.814096673005499e-06,2.525331756107619e-06,2.852775615943692e-06,0.002900965013175921,5.996371798565993e-06,0.014472564208450502,0.00010236646978126809,4.922255106307658e-11,0.004496593803360332,0.6706922164067267,7.214328261601962e-08,1.115395100841758e-05,2.2198005664792183e-05,1.6612680758052973e-05,2.404766533545262e-08,3.5462622727017176e-05,0.00018342306143127684,0.005013768831694826,2.2444085791742867e-07,0.29675483611812503
37,6.564947575710875e-05,0.004516871787092755,3.0387727427533452e-06,1.36854990011246e-06,0.0021564820702172603,1.0718204446260946e-05,3.0397991792297007e-06,9.903044041380087e-07,0.002074712221413754,7.31748145414608e-06,0.014391380319391182,6.029387031960744e-05,9.105152725056348e-11,0.01594306355379292,0.5839482830190696,1.3122463254350285e-07,1.3073435233621475e-05,4.3253088864714104e-05,3.329786894078539e-05,5.561137459753573e-08,0.00010547878552432138,5.8687009470187515e-05,0.020508205204404547,7.731132583070185e-07,0.35605383513806377
38,1.9468631732962007e-05,0.005428278870064168,1.7358497453629563e-06,1.060996734637464e-06,0.001058725903627947,1.6805807470899656e-05,1.5007991261960628e-06,1.3368679853431172e-06,0.002708714394952289,6.602828733048372e-06,0.010445842942530875,4.217708991343904e-05,5.0158277303205605e-11,0.0036942439338926566,0.8127735989509167,1.1684945528804628e-07,5.835350288367131e-06,3.1710745608280886e-05,3.142931037309174e-05,2.7659531814884004e-08,7.484309966819029e-05,7.674333220018372e-05,0.01080335386454372,2.9874188476531104e-07,0.15277554712886124
39,1.666035625209181e-05,0.010486610192013858,3.955805695988707e-06,1.1376385447160634e-06,0.0011552771860378133,2.9167551353320378e-05,1.145586706178279e-06,2.7971669162195144e-06,0.004243946123468551,6.0687869568323225e-06,0.006217785868423217,6.727715481260894e-05,6.389149516703788e-11,0.0017088920355900245,0.8259220919823578,1.850864160675311e-07,1.0417847756233262e-05,2.821111076897202e-05,5.029721405264027e-05,2.968899633304015e-08,0.0001885133059972316,0.00016264873740303828,0.009964737626248268,3.661517529594051e-07,0.13973177973158774
40,3.242439889491504e-05,0.006420936952578792,2.7517030064730674e-06,9.222620522256833e-07,0.002150253191010325,5.708226394096362e-06,1.2558341641837326e-06,8.776212921660167e-07,0.002599618227046245,4.301807094606724e-06,0.016973553560380515,5.250588781779091e-05,3.49454629207389e-11,0.007289746494123286,0.6234016976843041,5.022059938879382e-08,4.868052921681763e-06,1.3976595823087391e-05,1.8263124732597956e-05,3.067816544100061e-08,4.6695519172908894e-05,6.201259916470315e-05,0.007197888694812078,1.67927664952245e-07,0.333719492701838
41,2.703269862210146e-05,0.011023882734141085,1.56568543854262e-06,1.7698592122987835e-06,0.002611659318767271,7.640254520944918e-06,3.4943536860804987e-07,1.8874832959345998e-06,0.006617977212567734,4.742567722468349e-06,0.023709629901627328,1.3654291742887171e-05,5.045805832676758e-11,0.0028542567360297765,0.8500563685983371,7.577624826565243e-08,1.6617263082091316e-06,2.529649216619231e-05,4.006420480806505e-05,3.198505349432627e-08,1.7782965143138834e-05,3.125669852204497e-05,0.004261688693630996,5.2418276859712774e-08,0.09868967221199056
42,2.451683981258053e-05,0.026421826115091626,4.348296422391231e-06,2.2353133345638176e-06,0.0009724761215216599,2.3544370577240196e-05,7.33339284226436e-07,5.648711364086953e-06,0.007767153651773565,6.789904729993317e-06,0.009009406051181819,4.8585444030605134e-05,5.961871828162885e-11,0.0007635191949198106,0.8211907550112871,1.8225898707838784e-07,9.444445777728874e-06,1.7625918538814615e-05,9.149896568840845e-05,1.8110030534433398e-08,6.786738204176275e-05,0.0004016483217875536,0.0038376423608867056,1.7370630652972006e-07,0.12933236010500496
43,2.867978538714421e-05,0.007213057399914639,4.507478847997167e-06,1.7354309645166065e-06,0.0018556351615721084,3.779095210338436e-05,1.943237193714726e-06,3.587809360301977e-06,0.007149631549178175,2.2150716437921497e-05,0.00962735156047615,5.4758898021622233e-05,1.0836842578219499e-10,0.0016961733099259374,0.7817881921576946,1.7652872616263548e-07,1.4822950993183356e-05,3.056003232772889e-05,5.6273789065048e-05,5.4532111225587744e-08,0.00016615648172832418,0.00016381872838572842,0.014331566492618037,5.48293167273782e-07,0.1757508266154306
44,3.0452586923132825e-05,0.006372487351460761,2.0615198375814914e-06,1.2106036396756387e-06,0.0014964188513763685,1.025059656861297e-05,1.38266268351553e-06,1.5855618516512702e-06,0.003928622310320418,7.663220481827083e-06,0.0142389609579211,3.8667807492382666e-05,4.813127630838505e-11,0.003869002926133502,0.7010153794235199,7.002444255036802e-08,6.508776748852817e-06,2.053425433117579e-05,2.6194865812292612e-05,3.186643526049328e-08,4.751201122927957e-05,7.830732807055046e-05,0.009160082990963015,2.3203287816185704e-07,0.2596463794207473
45,2.776884677567156e-05,0.004984164104982769,1.984590780389952e-06,1.0964463166187615e-06,0.0009793999874398468,1.3902400884203895e-05,2.2126740385129535e-06,5.198161478253908e-06,0.004318021629581063,1.0425962874915623e-05,0.010034422811818865,5.1814921627850855e-05,1.0025523152197336e-10,0.0023709730910623675,0.8559692793443116,1.3663672820815424e-07,6.351617573036158e-06,2.8014325647424496e-05,3.606652317176984e-05,3.008885982808573e-08,4.166712017553414e-05,0.00010640700318889061,0.005180297445689052,3.4870442673516664e-07,0.11583001546031137
46,0.00015025975158847594,0.007877504888566292,6.624040160205148e-06,4.327260443656814e-06,0.0020622922830137143,2.8016976896816083e-05,5.360671230028705e-06,5.859331089975506e-06,0.006568197662734917,3.0847152475272566e-05,0.01815973380320361,0.0001364695437747072,2.696263351858548e-10,0.0038949291683017164,0.44179207239610246,2.4489678499024346e-07,8.733343789262384e-05,3.738092461409445e-05,8.051947486482415e-05,7.99023378079072e-08,0.00014777857765166478,0.0005071971382393387,0.01510988421147575,1.1555486562442609e-06,0.5033059306882744
47,8.036865233661436e-05,0.008402671407237737,3.9896102053833395e-06,2.2363948228059764e-06,0.0017959499965658752,1.5925269998749904e-05,2.780670945663375e-06,3.4019070353422278e-06,0.005220117202017606,1.3030864551726193e-05,0.014839113102304066,6.830378495666728e-05,1.264628425974943e-10,0.0046913334240438346,0.6500316242996165,1.7048400277503013e-07,1.6684246894909056e-05,2.8846531103560427e-05,6.147133706670472e-05,4.010639989125189e-08,7.192204696626529e-05,0.0001707553862620622,0.010610667472990606,5.698511467334872e-07,0.30386802582406497
48,8.553286863963198e-05,0.01349913010408317,3.257620148659542e-06,1.6536613424855082e-06,0.001737052578504276,3.2873089900909134e-05,3.1142529470327853e-06,4.47916658073875e-06,0.006683426772265516,1.9632954018760334e-05,0.007629252644264864,4.614860774239517e-05,1.7451275038959765e-10,0.002749340208592788,0.591824557923158,1.745435421829911e-07,3.076457318655083e-05,4.540923919062033e-05,0.00014353337699333824,3.8899436563118386e-08,6.443654255404637e-05,0.00027085779410927855,0.011946951069284286,1.3870213323098556e-06,0.3631769943136688
49,2.1763866731369264e-05,0.008970679390551456,2.908846708150411e-06,1.3612181794643635e-06,0.0014002511051659466,1.588614103597621e-05,1.4214147319175694e-06,2.184223375504803e-06,0.004601320011113585,9.02234512947883e-06,0.011516024692672471,5.94123492580118e-05,5.1774655227983783e-11,0.0023134802975484335,0.7147718717095668,8.423519054822368e-08,7.771029326916196e-06,1.622070796968144e-05,2.974993115639565e-05,3.178534625351583e-08,6.436698677164534e-05,0.00015473121042258213,0.007390890070129683,2.397701812522903e-07,0.24864832660996197
50,0.00012143553885748141,0.0025495549884412,3.2720151081544937e-06,1.6569734328993342e-06,0.0022002911639453,8.387560489871085e-06,6.2173440724469415e-06,3.7830863037364246e-06,0.0049819056601500674,2.574449336984851e-05,0.021852968126005227,6.418024971469032e-05,1.6821370017841856e-10,0.008709916675800022,0.5297730427485385,1.0257061984698716e-07,1.4022963450087728e-05,2.2724051525071622e-05,2.9428208414127275e-05,6.520725035774254e-08,3.2528636363851985e-05,7.388474122022745e-05,0.010535614832863657,7.358529385062636e-07,0.4189885361429111
51,3.3406500439806395e-06,0.0246062422317101,3.5754952675716397e-07,1.250062279632705e-06,0.00017663602007099514,3.5731867574868467e-06,7.203183626258353e-08,7.791241064879253e-07,0.001479628026823789,7.99500594625438e-07,0.008811062547405216,1.2854850893524298e-05,3.9006174695317345e-12,0.0005153098018573314,0.8801070549493264,1.3618519000028976e-08,6.285279093994881e-07,5.8694969689210885e-06,7.029648838213831e-06,4.225258562226081e-09,1.2157531546981902e-05,0.00011481311031254195,0.0012985954397336178,1.0135282499780473e-08,0.08284191772849699
52,1.979933403725881e-05,0.002296060822705376,9.227602382402794e-07,1.1194952367394785e-06,0.0009195769854304059,1.5175021440510238e-05,5.429934965643544e-07,2.860271000300748e-06,0.0034828414507537273,2.1353339650156487e-05,0.015479534947879537,2.4842125682760823e-05,7.822897729937786e-11,0.002081290476866329,0.9150229252223706,7.047931030105526e-08,2.059584615174018e-06,3.625344247162449e-05,3.0757299637009124e-05,4.513235685886396e-08,2.149989170938233e-05,3.4010365513529635e-05,0.004149827444453147,1.3142573199016895e-07,0.05635649960918372
53,1.9434901450999483e-05,0.001898273410516537,1.8540939181171137e-06,1.1276908060023083e-06,0.00165448606679029,7.581684863850794e-06,3.2004436870736204e-06,9.341519056363046e-07,0.0030065522868612934,8.240836664193819e-06,0.020740365666744625,5.6455410192300313e-05,4.022307059097013e-11,0.0072945259678391635,0.6496135827050074,6.475292764221479e-08,5.971293549256571e-06,2.118743335194161e-05,7.149599487193135e-06,5.6555353454416106e-08,7.57770293207286e-05,3.973491950476211e-05,0.019218125280696302,2.3142710630873836e-07,0.2963250863512319
54,1.3716165420378147e-05,0.011412948618959676,5.801032347989057e-07,6.232042443999799e-07,0.0006729110960681042,6.140350183503519e-06,6.750409718889556e-07,6.14454419986328e-07,0.002474583313291301,2.304330760689282e-06,0.006654216952189178,1.860638247709374e-05,8.879368991614609e-12,0.002393559013379169,0.6355562526591707,2.2090195040847658e-08,2.2784457047147974e-06,7.673232784604175e-06,1.532513815094526e-05,6.577776772876594e-09,1.531832791528781e-05,8.33326212324714e-05,0.003908444630093055,9.22172588661433e-08,0.33675977502523785
55,3.0509845187809902e-05,0.005837884955726337,2.113887143777796e-06,1.183028536596502e-06,0.0015672696434107126,1.0478788250115849e-05,1.5988995316612398e-06,1.8200509023705942e-06,0.004055513703229582,7.76243943342839e-06,0.013862064216768801,4.780466199024933e-05,5.5442393066124117e-11,0.0042375907532958,0.7024804790090345,7.779554874320576e-08,6.67798408771064e-06,2.1480942037887727e-05,2.5501182939544185e-05,3.394097537389275e-08,4.818921565186227e-05,7.973745713802692e-05,0.008868235822364748,2.4937608201822127e-07,0.2588057423452899
56,3.456810832395909e-05,0.006488124051426689,2.271585213385874e-06,1.344332207478834e-06,0.0015784745203706388,1.1442101961778184e-05,1.5423173164122678e-06,1.905533569556341e-06,0.004227070819662069,8.821301943902199e-06,0.014629532808394907,4.212327700044327e-05,6.277567480393128e-11,0.0039922111046947215,0.7030380347207522,8.221582605906304e-08,7.271185227829499e-06,2.3186093749392833e-05,2.9983365395559164e-05,3.666384972546593e-08,4.9420847671002894e-05,8.338690350574692e-05,0.009440665859368652,2.713834788479088e-07,0.2563082288363135
57,3.410489192741507e-05,0.007170484919668229,7.032616408896939e-06,1.3919303107434171e-06,0.0027549840535433068,1.7141596208673025e-05,2.2428741547047176e-06,2.8302510264553986e-06,0.005942591911820617,1.3667997346352227e-05,0.014872570343192906,9.788513085236325e-05,1.0653146160774709e-10,0.0036771827664936487,0.68265349255212,1.4363807425132776e-07,1.1167254051984517e-05,1.7906347638520585e-05,3.8536172786633856e-05,6.071565962295109e-08,0.00010132845328475541,0.00013464015278534462,0.009460827087476273,3.843459750447769e-07,0.2729874018906616
58,3.724085095111666e-05,0.006704752871781219,2.4453833931434325e-06,1.2499860681925894e-06,0.001615780154286244,1.3989117416962227e-05,1.823429807928561e-06,1.9592995298763914e-06,0.0041575454207161315,1.0258816210296075e-05,0.011898442116220407,4.572437203159718e-05,7.336168913836337e-11,0.004187896826821253,0.6833837744456964,9.173175719634648e-08,9.031400876810087e-06,2.621198394441029e-05,3.5872019711189046e-05,3.870001178607258e-08,5.823217595238888e-05,9.274520895336104e-05,0.011183920414964963,4.191344354457982e-07,0.27653055406509985
59,3.679447289839396e-05,0.006676872016435948,2.9433289001223967e-06,1.2972672329998214e-06,0.0017025735404665138,1.3120518618394506e-05,1.8310373514267424e-06,2.0162102816454787e-06,0.0041852139038741215,1.0107615277600465e-05,0.012930080113601364,4.88353107186665e-05,7.500190962429883e-11,0.004188403067386434,0.6874355300351402,9.50469634904085e-08,9.074383554621659e-06,2.419292878611512e-05,3.3895769287063284e-05,4.214556732071471e-08,6.430489615661678e-05,9.26308283377766e-05,0.011114741925792412,3.939212433847036e-07,0.2714250096411254
60,3.0452586923132825e-05,0.006372487351460761,2.0615198375814914e-06,1.2106036396756387e-06,0.0014964188513763685,1.025059656861297e-05,1.38266268351553e-06,1.5855618516512702e-06,0.003928622310320418,7.663220481827083e-06,0.0142389609579211,3.8667807492382666e-05,4.813127630838505e-11,0.003869002926133502,0.7010153794235199,7.002444255036802e-08,6.508776748852817e-06,2.053425433117579e-05,2.6194865812292612e-05,3.186643526049328e-08,4.751201122927957e-05,7.830732807055046e-05,0.009160082990963015,2.3203287816185704e-07,0.2596463794207473
61,3.513376426443439e-05,0.006525833999436168,2.713788719666155e-06,1.200044605655376e-06,0.0016741204087582509,1.217928068362372e-05,1.6813448551685459e-06,1.7845626581664387e-06,0.004160056604539782,9.274924744355855e-06,0.013034179567466083,4.569323118450092e-05,6.407122028740292e-11,0.004134878113147042,0.6832268860839183,8.500395750814998e-08,8.204039257601975e-06,2.2040433192439384e-05,3.153699747464395e-05,3.7753156636828696e-08,5.9597517171850476e-05,8.624611470238709e-05,0.01072045222172324,3.417999172186868e-07,0.27620584233639406
62,3.0452586923132825e-05,0.006372487351460761,2.0615198375814914e-06,1.2106036396756387e-06,0.0014964188513763685,1.025059656861297e-05,1.38266268351553e-06,1.5855618516512702e-06,0.003928622310320418,7.663220481827083e-06,0.0142389609579211,3.8667807492382666e-05,4.813127630838505e-11,0.003869002926133502,0.7010153794235199,7.002444255036802e-08,6.508776748852817e-06,2.053425433117579e-05,2.6194865812292612e-05,3.186643526049328e-08,4.751201122927957e-05,7.830732807055046e-05,0.009160082990963015,2.3203287816185704e-07,0.2596463794207473
63,2.5859145336098053e-05,0.008091434950910066,1.6792901502464686e-06,1.124573111548312e-06,0.0013038968371464372,1.0072108266375196e-05,1.050171860888728e-06,1.3838531773442726e-06,0.0038144309413951495,6.087057380569559e-06,0.012642101830407572,3.0677807560196575e-05,3.802409320014477e-11,0.0031377236712216085,0.7127235249614969,5.921336275824604e-08,5.512262456066047e-06,1.9414980640333786e-05,2.693213792285074e-05,2.5214811802924657e-08,4.11894667022092e-05,8.12411739702304e-05,0.008122053669981845,1.8922564079107225e-07,0.2499123354170658
64,2.5274675785088427e-05,0.0063912944855760686,2.7320062561628638e-06,1.1662546028010077e-06,0.0014701031258533277,1.170464699455116e-05,1.2882342081409598e-06,1.4080256012998633e-06,0.0036069292655633673,7.2154943752981855e-06,0.012978845084918159,4.71009957426745e-05,4.6914266545137824e-11,0.0036810507177422406,0.7198281980460883,8.036659980963257e-08,7.346817785388132e-06,1.978070479464676e-05,2.421902162851478e-05,3.5106677616725646e-08,8.30357889108885e-05,8.266568022222304e-05,0.011338957030526734,2.513170649428426e-07,0.24038931705956726
65,8.239972737296294e-06,0.011145816402453339,1.375079158800029e-06,6.229684369022943e-07,0.0011018849179340658,1.5087124584326933e-05,7.76335488647334e-07,4.073872645642023e-07,0.002048023174687022,2.4796116930449405e-06,0.004848222808792252,2.598516119261878e-05,1.6228360251495698e-11,0.0029466477290050835,0.6424923290978588,4.463698253653955e-08,5.460920621719745e-06,2.0922247819398094e-05,1.878167208649362e-05,2.0672757048687108e-08,0.00011554665944547558,7.169904775457026e-05,0.016494653441098395,2.4968251924839927e-07,0.31863472323139985
66,3.034654008086044e-05,0.006374859847240331,2.0538470231551435e-06,1.2082138409390357e-06,0.0014907604239423626,1.0232708206784015e-05,1.3776122758761676e-06,1.5821964233566478e-06,0.003919812985147726,7.638249564165486e-06,0.014215643653006437,3.860394360096366e-05,4.791938095737211e-11,0.003861798731533335,0.7013598540294749,6.981443787534743e-08,6.490317648895875e-06,2.050654990789256e-05,2.6132634161398602e-05,3.1756517875291177e-08,4.743521947177332e-05,7.826309854501033e-05,0.00914589312711418,2.313385628293491e-07,0.2593591731143517
67,5.0351351714199214e-05,0.005819106841656285,2.7223515006107457e-06,1.498629204562433e-06,0.0020473051736410743,9.147267681133929e-06,1.7167369656260985e-06,2.472365863879936e-06,0.0053621847901718705,1.0824236137690156e-05,0.019425922016256317,4.278388056063851e-05,7.155321774814506e-11,0.004316413242631403,0.7092832255721716,8.610959581100424e-08,6.933936751311118e-06,2.030729093711925e-05,3.202009337820071e-05,3.775373807115714e-08,3.902285474436084e-05,7.908555549118764e-05,0.007685872440868796,2.359122910617639e-07,0.24576072352449396
68,7.3675396408818096e-06,0.003486211190759808,1.4342141763630723e-06,6.625951176864948e-07,0.0008468360406718567,1.5925575860207837e-05,1.2472016505224242e-06,1.5496654187587483e-06,0.0021171281323667623,5.867748911510929e-06,0.007637787844723251,6.813625868133018e-05,3.2261304639245064e-11,0.0022474078949886794,0.8278380679727546,5.6391591412393414e-08,4.456138678380683e-06,2.15801592345732e-05,1.006882698723485e-05,3.5918169452343786e-08,9.957372878718014e-05,7.187396686458114e-05,0.008274078639083778,2.021242412891421e-07,0.14724244419837842
69,1.2682302329806053e-05,0.0037661527766756934,1.1743523819486855e-06,8.387419672265993e-07,0.0009295206514569629,5.85139496424097e-06,6.512787143459564e-07,8.933030781875139e-07,0.003175279557457525,5.469978554358837e-06,0.01831187322147095,2.502641944858701e-05,1.8673628916597967e-11,0.002225190371169362,0.7562062922439468,2.7143425940018626e-08,3.67260523775368e-06,1.3948094126535521e-05,8.74340676259822e-06,2.7309747927821696e-08,4.3867220294797004e-05,4.709520987925893e-05,0.008926033264873887,7.248547601585918e-08,0.20628961664788587
70,1.1394112531572781e-05,0.004934367376710175,2.8285529273656353e-06,2.6678473268131013e-06,0.0015696246582218311,1.9692061957867612e-05,1.2891933999835755e-06,1.627299438046304e-06,0.007297590475524737,9.39061678782821e-06,0.022151485689123153,5.661041122965902e-05,3.404983098871664e-11,0.002152780872167147,0.787121814652647,1.1059946313415278e-07,2.1907067468138248e-06,1.3202213333639291e-05,1.109972396660029e-05,4.660680077391163e-08,6.230028048847038e-05,6.68064700305181e-05,0.009858267695088128,7.653867593565304e-08,0.16465273531136315
71,0.00019295412160758051,0.0009177181563901753,3.4285380325524753e-06,1.6787505604505033e-06,0.006010864523415839,1.5882869074699987e-05,5.509993703178686e-05,6.078791358868131e-06,0.013802271520541826,7.321528362115523e-05,0.014545532667365657,7.34672922811827e-05,3.6722767437819646e-10,0.008112473581360058,0.24074502897614733,1.381933285395589e-07,3.062744967276045e-05,1.8569459175734044e-05,2.2887621261947827e-05,1.1243295469465625e-07,2.8248121237083555e-05,7.563247607843923e-05,0.015001888179081305,2.0055015052401054e-06,0.7002641951896875
