,0,1,2,3,4,5,6,7,8,9,10,11,12,13,14,15,16,17,18,19,20,21,22,23,24
0,0.004427640263361237,9.01488361707131e-05,0.7407878570943539,0.04273560522337657,0.0027434487403827728,4.043872507405034e-05,0.0007945400442179281,0.013477582907023371,0.00023356360808750735,0.0015983458648048893,4.011200470610059e-05,0.13284747725842766,0.00026981458365494274,0.013548310508294482,3.552870708694023e-07,0.00754492156680927,6.0282106454043114e-05,0.0008398549683153592,0.001054518829886325,0.027445310947512836,0.0005607522458485037,0.00012502628102258243,2.2049022156536797e-05,0.0001303975483220191,0.0085816455346655
1,0.003432512870443681,5.47222236698352e-05,0.8215835963833696,0.01798134603302618,0.002032763403903271,5.676358617317325e-05,0.0009035948804255081,0.009336302113126606,0.00042360384928660284,0.001298320508805627,3.8030994801541016e-05,0.08802509409451044,0.0002529997853416123,0.00861291771043313,3.716288480996355e-07,0.010327296050383373,2.3942225149683232e-05,0.0003786296622158309,0.001128466680503317,0.029729803233528286,0.00025512925227662026,8.030605324534997e-05,9.924350762923727e-06,7.852121891024187e-05,0.003955041206859553
2,0.0044643766016917415,7.979688563038609e-05,0.7682252686594261,0.024303248936328646,0.0023779415626917293,6.0084883217539445e-05,0.0010268552456953713,0.012253045849257873,0.00034893228205932743,0.0013659634867684458,4.6232195921229334e-05,0.1169772295705892,0.0003670377021591204,0.010975706675029508,5.317720424500901e-07,0.010607874519343032,4.6238638876249735e-05,0.0006110993102828225,0.0011237107097129381,0.03915739231949079,0.00030543405788279783,0.00014023327162429957,1.966522417763144e-05,0.00011884919231336983,0.004997250447787398
3,0.003764300386003168,6.393079869874312e-05,0.8003430711974531,0.02324263972585586,0.0023561014883524338,4.853145299490558e-05,0.0007941091890585888,0.00993953504927655,0.0002995946744860583,0.0011430687851031475,4.3186140966680646e-05,0.10684867185191715,0.00031187606237432255,0.009243819903597203,3.086522608941015e-07,0.006825637323515335,3.476817044396612e-05,0.0006015306229531517,0.000836418852821933,0.028675831056884107,0.00026527017492073237,9.04257721395663e-05,1.2544767018356338e-05,0.0001067331350056931,0.00410809476589827
4,0.0035415662839927446,6.865216194605244e-05,0.8120155874820626,0.022263129155240598,0.0024617227742240147,4.8669506885083384e-05,0.0007993759219547124,0.008330615717233881,0.00029007559776995695,0.0010615303045401789,4.3363263921312727e-05,0.1003084847201598,0.0003833196629523849,0.010106213169396904,2.9372426364509814e-07,0.005959731749057976,3.179279226262872e-05,0.0005797649403706183,0.0007435623117380628,0.02699913918946328,0.00022115853431382758,8.379380916876853e-05,1.2013660413907722e-05,0.00010677852076054024,0.0035396650459068057
5,0.003498505082126441,6.95567559646123e-05,0.7908219160351786,0.029352915102729343,0.0025222286236136334,4.755236008428174e-05,0.0007805065283209602,0.010834000548426828,0.00026440033884899626,0.0012532169641879887,4.665951093217158e-05,0.10696467563150311,0.00033311015563516986,0.009299486057020613,2.7014303063007e-07,0.00617654968369473,3.8225708476842725e-05,0.0007586344257447298,0.0007449312974443882,0.031439187513047695,0.00030284427156830596,8.917902783993769e-05,1.427302979632038e-05,0.00012257441180159157,0.00422460079298201
6,0.003764300386003168,6.393079869874312e-05,0.8003430711974531,0.02324263972585586,0.0023561014883524338,4.853145299490558e-05,0.0007941091890585888,0.00993953504927655,0.0002995946744860583,0.0011430687851031475,4.3186140966680646e-05,0.10684867185191715,0.00031187606237432255,0.009243819903597203,3.086522608941015e-07,0.006825637323515335,3.476817044396612e-05,0.0006015306229531517,0.000836418852821933,0.028675831056884107,0.00026527017492073237,9.04257721395663e-05,1.2544767018356338e-05,0.0001067331350056931,0.00410809476589827
7,0.006609915023949985,4.1770008746337084e-05,0.5689265517606401,0.032084194570038006,0.005408617983105558,0.0001113248592615736,0.0007015295200775056,0.022095397012761062,0.0002056213830827089,0.002455421195229272,3.4340605975949724e-05,0.25516418416175984,7.021160351333734e-05,0.017139199439437924,1.1001112623866553e-06,0.04949325959895134,9.218251939359812e-05,0.000687412209415005,0.0032142796625418274,0.02052875826147748,0.0019090102025752433,0.00029336384481078414,6.30845164332315e-05,8.839251434177832e-05,0.012580877431218182
8,0.003935476807801856,6.045239408435358e-05,0.7670444089190834,0.01875695622762425,0.002560169831301701,7.74667684932181e-05,0.000721742634595212,0.008614727440510334,0.0003533686184419496,0.0010876288180048247,6.161852564898746e-05,0.14307719715186018,0.0002971402947748708,0.009388970202165276,3.383636419148995e-07,0.00730564693076227,3.261671871031327e-05,0.0007497321246376102,0.0009682589643692675,0.030880386324294632,0.00029574116637695017,0.00011319729284609738,1.1137151430860483e-05,8.094800316950316e-05,0.0035246723253700724
9,0.004639447551980968,6.275740784118355e-05,0.7369652240775043,0.022751855917848413,0.002779815596361937,8.61977496740367e-05,0.0008281727836495922,0.01070899290419862,0.0003378728729677314,0.0013393703328415405,5.996962253098045e-05,0.15737468729075402,0.0002680268694773841,0.010951883920684417,4.206024012521435e-07,0.010549646347769205,3.9785204509934804e-05,0.000794286304843451,0.001214430082142732,0.033084631460501134,0.00040392397254862,0.00013756990800436908,1.6509510162137884e-05,8.667994745546777e-05,0.004517841761346477
10,0.003764300386003168,6.393079869874312e-05,0.8003430711974531,0.02324263972585586,0.0023561014883524338,4.853145299490558e-05,0.0007941091890585888,0.00993953504927655,0.0002995946744860583,0.0011430687851031475,4.3186140966680646e-05,0.10684867185191715,0.00031187606237432255,0.009243819903597203,3.086522608941015e-07,0.006825637323515335,3.476817044396612e-05,0.0006015306229531517,0.000836418852821933,0.028675831056884107,0.00026527017492073237,9.04257721395663e-05,1.2544767018356338e-05,0.0001067331350056931,0.00410809476589827
11,0.0037088814606595468,6.679385222001687e-05,0.8033444628200096,0.022984466195265597,0.0022899983001748035,4.6923090546580295e-05,0.0008095720687142415,0.009555259744430153,0.0002980346547737303,0.0011025724258341288,4.423670299271855e-05,0.10489432221099534,0.0003500315889639462,0.009263733547912266,2.9620282423585685e-07,0.0062479694061075425,3.4638803010142914e-05,0.0006153676372810531,0.0007876266414192445,0.029246538078256567,0.0002430069071420952,8.881074909670941e-05,1.2248236515744009e-05,0.00010974178663319033,0.0038544668882208224
12,0.002276941690456801,2.4484174397231812e-05,0.9041067505253876,0.011447444685105035,0.0007811670373718044,2.4247204504813864e-05,0.0009231657375521725,0.010993268125676574,0.0011738731599869358,0.0007685896426023954,2.7918951614352354e-05,0.032204944315971755,0.00012638307523528495,0.0024958023415026704,2.874552298992892e-07,0.004887055292198762,9.133670328085115e-06,0.0001120824150234276,0.0010581436066814925,0.022909305771973764,0.00012622427375852548,2.3072378671116733e-05,2.1301065012183997e-06,5.635825130333215e-05,0.0034412261109649646
13,0.0037270509409798157,6.061127832651202e-05,0.7967233264242054,0.022532519100217713,0.0023412012919740576,4.63435590080507e-05,0.0007493503898410402,0.009736776401390014,0.00029530859451547904,0.0010443839813847869,4.356087837754127e-05,0.11311061329698417,0.0003066498280639127,0.009357095519342792,2.9991309138523533e-07,0.006369666239223209,3.4741324538504806e-05,0.0005794857684471844,0.0008372576387156952,0.027664323264644856,0.00025859852559086073,9.011360785022282e-05,1.1809378150663545e-05,9.885034450034138e-05,0.003980062510635979
14,0.0029328871237249213,9.641146135802676e-05,0.8152629364460303,0.02739315351635973,0.003154476297748374,6.265543159143437e-05,0.0008112927628847622,0.009948487007236488,0.00035417681450686814,0.0018102040200475083,4.863465416200486e-05,0.08347426767668195,0.0004771779057010039,0.009262431439531543,2.9198486499603564e-07,0.006648726295550227,3.283061983288486e-05,0.0007303311092832415,0.0007946008030623067,0.0327137374374761,0.00025902161511030125,8.998758421936558e-05,1.2205028615993507e-05,0.00013784645363416442,0.003491228510785404
15,0.003764300386003168,6.393079869874312e-05,0.8003430711974531,0.02324263972585586,0.0023561014883524338,4.853145299490558e-05,0.0007941091890585888,0.00993953504927655,0.0002995946744860583,0.0011430687851031475,4.3186140966680646e-05,0.10684867185191715,0.00031187606237432255,0.009243819903597203,3.086522608941015e-07,0.006825637323515335,3.476817044396612e-05,0.0006015306229531517,0.000836418852821933,0.028675831056884107,0.00026527017492073237,9.04257721395663e-05,1.2544767018356338e-05,0.0001067331350056931,0.00410809476589827
16,0.004925627319659031,8.918467854157408e-05,0.70949719714221,0.04105091606742142,0.0025720064447141977,7.692535471233971e-05,0.0011222425070404373,0.014941987152137475,0.0002803883325639843,0.002223748025389138,5.842941033025064e-05,0.14327425712020367,0.0003148874445150661,0.012643867740501838,3.396267731692414e-07,0.011950308263631238,4.571301785747884e-05,0.0012081469042122793,0.0011606060503844425,0.04573069665656897,0.0005941204435742788,0.00014402654069771176,2.314235355644735e-05,0.0001205281320298463,0.005950707270773733
17,0.0037136185310132895,5.935220550860114e-05,0.8114719445361579,0.01961266854393788,0.0024097372093140703,5.458321038117848e-05,0.0007988406534238017,0.010147433902101264,0.0003607385299117897,0.0012381598381276688,4.2295994332772336e-05,0.10015682298131809,0.000288998905130834,0.008118118907075363,3.6452893279124226e-07,0.008049904204125742,3.319101610541773e-05,0.0005181712257705063,0.0009474425262949253,0.027594281819536205,0.00026021305398817805,8.9923578074084e-05,1.1242347913164146e-05,0.00010525342175127406,0.003916698329773232
18,0.006063939485703874,8.457960520111655e-05,0.7499505178618487,0.02262263553161725,0.001704079958404395,3.261728281424692e-05,0.000831660651552834,0.010264705450315628,0.00021302340901716292,0.0010581498496124643,3.7743194166421955e-05,0.1566438473144744,0.0003510460749030275,0.00934659322035883,3.032102039624126e-07,0.0053741572686154026,6.713044083114911e-05,0.001032074319897555,0.000701363766167543,0.026904318830741545,0.000292973947784692,0.00014693116251066917,1.568932812852058e-05,0.00015516286596325185,0.006104755969165219
19,0.003218064026330477,6.121218916582685e-05,0.8099818029319739,0.022670104558274107,0.0024419792098769465,4.4553035097319994e-05,0.0007049317252614321,0.009119026121660974,0.0002886354383366486,0.0010640194591692883,4.0524862261038104e-05,0.1028865067123014,0.00032617094935052487,0.009255346342046318,2.6968739959524686e-07,0.005738825149255522,3.143740639791225e-05,0.0005437598808784607,0.0007504813595783211,0.02677451036990899,0.00023104683496955142,8.216889590054466e-05,1.0848788945366682e-05,9.786076510559969e-05,0.003635913300553877
20,0.003586537404069623,7.740803630686123e-05,0.7715543840090225,0.027009182951743413,0.0028260085642815447,4.3133266159126153e-05,0.0007322840591971927,0.014807176778419785,0.000315419336028627,0.001381455165413841,4.1118036396831216e-05,0.122171105526008,0.0003573687072702317,0.009909868255857216,3.629743194854555e-07,0.00631915238437919,5.325715342119292e-05,0.0006936622916961058,0.0009634345230939871,0.0321674060816706,0.00031007786291878365,0.0001511663692937966,1.4478688230292913e-05,0.00012795625444029924,0.004386595320361435
21,0.004747945858504501,6.754760472513433e-05,0.7617171789494006,0.023346942586251335,0.001938034129104924,6.232336911484112e-05,0.001087194293732148,0.0070918309092899414,0.00021134222352368502,0.0011254298474521684,4.8375619627526815e-05,0.1346681448435464,0.00041983152165371687,0.01171921509693436,2.6931872776015227e-07,0.009309344128097531,2.9466650766167135e-05,0.0007709819017119539,0.0006731651841495762,0.03691596401815155,0.00024214138227509564,8.557655020134925e-05,1.7232324203687697e-05,0.00010043938178017997,0.0036040823070739277
22,0.0014129067125245845,0.00016678921234949913,0.9110085268298809,0.020387236700741412,0.0036924457297866607,1.8753334442948685e-05,0.0008525011627933313,0.011434965204768475,0.0018905392999006181,0.002879251500429616,1.2027938183209148e-05,0.019722344624718523,0.0013647974497773341,0.004998816188681819,5.81709855025938e-07,0.002552313557964918,1.6669540472619227e-05,9.566512421199683e-05,0.0013164950183066895,0.010653379531957394,5.295546559867847e-05,3.169479656029136e-05,3.7584816529884735e-06,0.000253873782356774,0.005180711102083709
23,0.003764300386003168,6.393079869874312e-05,0.8003430711974531,0.02324263972585586,0.0023561014883524338,4.853145299490558e-05,0.0007941091890585888,0.00993953504927655,0.0002995946744860583,0.0011430687851031475,4.3186140966680646e-05,0.10684867185191715,0.00031187606237432255,0.009243819903597203,3.086522608941015e-07,0.006825637323515335,3.476817044396612e-05,0.0006015306229531517,0.000836418852821933,0.028675831056884107,0.00026527017492073237,9.04257721395663e-05,1.2544767018356338e-05,0.0001067331350056931,0.00410809476589827
24,0.0029935239600563657,7.376942743810296e-05,0.787143760992312,0.03328863987814615,0.00278601423422278,4.679655896175709e-05,0.0007357448724587152,0.008899517026476811,0.00022335717705778915,0.0011552068280646067,4.5173779449434056e-05,0.10720262826175095,0.00040967902540837195,0.01226874822682173,2.0807102626228325e-07,0.005297908243066648,2.9861910030106153e-05,0.0006976898143775325,0.0006906398044141087,0.03193970808282228,0.00024779077610238127,7.809292900167016e-05,1.3563909203803532e-05,9.607646563399063e-05,0.0036358997456957106
25,0.003253551488435952,5.063315345278316e-05,0.7523785979968723,0.03391951709622757,0.001973621112560477,2.924841561952765e-05,0.0007821754210123043,0.01706187074195007,0.0002407286218261481,0.0009391679565969107,5.159387379102437e-05,0.128372931614628,0.0003444954201075624,0.00792094341863945,1.759667543037567e-07,0.004620887652289955,4.106968244707996e-05,0.000706661563866513,0.0008144131708508882,0.042850954902757254,0.0002605268260089865,8.497069449607604e-05,1.1388121663250346e-05,0.00010150128523382624,0.003188373801911766
26,0.004779927447398317,6.705521321047755e-05,0.8408914192871925,0.01824075764013252,0.0014888106090827076,2.6353338933183128e-05,0.0008279502383389877,0.00930989070177484,0.00025899162408321124,0.0007916264552399375,3.8788670769720965e-05,0.08504068112282528,0.0003675155909654516,0.005408721427166001,2.4188411697559137e-07,0.0033974586586317454,4.8111466766903246e-05,0.0007989449057703599,0.00045527043885093457,0.023558048258930445,0.00016888909661826753,7.851180800779733e-05,9.895283304889069e-06,0.00020076327225004192,0.0037453755596385005
27,0.004071791004413793,6.728038756118504e-05,0.8075086074828602,0.01995889774091034,0.0019521173944431476,5.331095672256437e-05,0.0008839747324143208,0.01236338805068281,0.0004325341291110401,0.0013549359682051205,4.0553285567047476e-05,0.09413199705434977,0.00024824266007123446,0.007816494407572835,4.3691788597032386e-07,0.00847945916176778,3.5477716234302186e-05,0.0005430303892603221,0.0010167584928192884,0.033439152261951495,0.00028885747446387623,0.00011978444631096913,1.1668765927625664e-05,0.00010776781615982057,0.005073481302332904
28,0.003764300386003168,6.393079869874312e-05,0.8003430711974531,0.02324263972585586,0.0023561014883524338,4.853145299490558e-05,0.0007941091890585888,0.00993953504927655,0.0002995946744860583,0.0011430687851031475,4.3186140966680646e-05,0.10684867185191715,0.00031187606237432255,0.009243819903597203,3.086522608941015e-07,0.006825637323515335,3.476817044396612e-05,0.0006015306229531517,0.000836418852821933,0.028675831056884107,0.00026527017492073237,9.04257721395663e-05,1.2544767018356338e-05,0.0001067331350056931,0.00410809476589827
29,0.003764300386003168,6.393079869874312e-05,0.8003430711974531,0.02324263972585586,0.0023561014883524338,4.853145299490558e-05,0.0007941091890585888,0.00993953504927655,0.0002995946744860583,0.0011430687851031475,4.3186140966680646e-05,0.10684867185191715,0.00031187606237432255,0.009243819903597203,3.086522608941015e-07,0.006825637323515335,3.476817044396612e-05,0.0006015306229531517,0.000836418852821933,0.028675831056884107,0.00026527017492073237,9.04257721395663e-05,1.2544767018356338e-05,0.0001067331350056931,0.00410809476589827
30,0.003764300386003168,6.393079869874312e-05,0.8003430711974531,0.02324263972585586,0.0023561014883524338,4.853145299490558e-05,0.0007941091890585888,0.00993953504927655,0.0002995946744860583,0.0011430687851031475,4.3186140966680646e-05,0.10684867185191715,0.00031187606237432255,0.009243819903597203,3.086522608941015e-07,0.006825637323515335,3.476817044396612e-05,0.0006015306229531517,0.000836418852821933,0.028675831056884107,0.00026527017492073237,9.04257721395663e-05,1.2544767018356338e-05,0.0001067331350056931,0.00410809476589827
31,0.006894505347832222,5.633556857314769e-05,0.6487284707200913,0.02194101462554435,0.003151543427311733,0.00034958949451095115,0.0015857077694619414,0.007739417693791789,0.0006148558005895964,0.0014820210301136553,0.00016406145157856432,0.21123593252714232,0.00021534639871788772,0.015245097227512333,1.8201898257766744e-06,0.032283189622577396,4.046413520057986e-05,0.0007541462760376928,0.0020364461718717156,0.03793018498682665,0.0007256166684704052,0.00018310110435975057,4.444844040941661e-05,6.404772881705554e-05,0.006532635592831677
32,0.003929043505579016,6.434886942032629e-05,0.7969518894051002,0.022360147732857452,0.002356795126301685,5.024796952613262e-05,0.0008070522676764654,0.01035546716778266,0.0003263471858456551,0.0011752492431719172,4.314529410779131e-05,0.10951681255981097,0.00030346185774090265,0.00935491241814526,3.3937725507650365e-07,0.00732658071988297,3.586521899430237e-05,0.0005820238783001763,0.0009451371455728933,0.028755398759784532,0.0002766020303369931,9.827687511680364e-05,1.24211029628415e-05,0.00010309153877566063,0.004269342749951307
33,0.003661701764795742,5.793524638051799e-05,0.8106088384680022,0.0226520134880022,0.0022017158431529124,4.747468869035327e-05,0.000793186996565049,0.009992737201238321,0.0003281785533118596,0.0011297390396017883,4.220618844775831e-05,0.09943587698501621,0.0002721874763553165,0.008286870670218544,3.1703506582017605e-07,0.006937322855275167,3.197453214611259e-05,0.0005370499437104802,0.0008406622435397955,0.027328396422991865,0.0002710414458215591,7.862114064932287e-05,1.1619530529995901e-05,0.00010352907465066594,0.004348803165840358
34,0.0009662091796498375,8.254379996516625e-05,0.35363499957202643,0.19628272934248542,0.008407154704241655,6.374607101166012e-05,0.00038251189987921946,0.020287316740892163,1.1195524647079323e-05,0.002589751599557405,7.558851482960649e-05,0.26727446425342627,0.0004237541484755865,0.0200639879011315,8.371229591487371e-08,0.008975864146255837,0.00016891137233298838,0.006209061305490331,0.00019597917301278204,0.1098410266580374,0.001107716809891183,0.0002825434921508129,0.00024189531614540394,0.00021112008205640656,0.0022198446801120447
35,0.0027761616841175544,5.8900885752274703e-05,0.8177347731938414,0.020605556222845763,0.0029977145288953774,5.98469896529166e-05,0.0007222920144670793,0.007307232784396958,0.0002677828220338796,0.0010531239924379157,4.261318328347705e-05,0.09548815106301085,0.00034321162823568527,0.010980355781804806,3.365918719381316e-07,0.007956043869544654,2.7470975238024623e-05,0.0004619957833966664,0.0007387279206531141,0.026952326916499764,0.00022257306406082468,7.863456997677184e-05,1.3746969662081458e-05,9.122205254631402e-05,0.003019204511773788
36,0.003765624945753351,6.408722389440386e-05,0.80022916011808,0.023345286110706603,0.002355640439225301,4.902699731407668e-05,0.0007981179417122489,0.009940560228117798,0.0002995505348521918,0.0011481872934062407,4.349688945836083e-05,0.10657261229133103,0.00031164641792728653,0.00924992770462009,3.0849191162909675e-07,0.006860507048372378,3.461912904709095e-05,0.0006065966161742208,0.000833871773438689,0.028909714035343512,0.0002664584166297659,9.049090340259077e-05,1.2621096557633818e-05,0.00010691477814849696,0.004104972574575041
37,0.006455833655723628,5.1624777415755e-05,0.798675242159589,0.015313655482671117,0.0015214808329343371,3.371247144904736e-05,0.0007498789960462113,0.0056748619968572,0.00016895351026922678,0.0005121685296560246,3.7408252708070065e-05,0.1300335294059974,0.000275351982023034,0.010252481106400112,1.8758885825185555e-07,0.004611387401359066,2.848606875891951e-05,0.0006785083517723939,0.0005607985213460042,0.02055167347974229,0.0001632545403440713,7.481491136612048e-05,9.419714204407665e-06,8.687418475539666e-05,0.003478412077752883
38,0.0070045733445824945,6.413560817475494e-05,0.7513716302680039,0.01705357523113313,0.002149712479554436,0.00013697991106276916,0.0015569667537228716,0.008216708247835866,0.00037561692478847844,0.0014641750778092767,6.449552303763572e-05,0.13064129540101913,0.0002879049002518768,0.011417938255273588,6.540244136299296e-07,0.0223048198070601,3.068150826677913e-05,0.0007100472547073755,0.0012670212138023414,0.03899055800344717,0.00035275965920963855,0.00012962467481934995,2.3178833666328005e-05,9.942600288340698e-05,0.004285521091473509
39,0.0036620823819223506,5.63709313318543e-05,0.7911503927785472,0.023997843826221332,0.0023683175678234887,5.0422677644628154e-05,0.0007893744420844636,0.010841698213694562,0.0002953674114881039,0.001162136688933676,4.3898315971706264e-05,0.11214043834703825,0.0002763316759267679,0.009094896163635029,3.0187837201780476e-07,0.007678056499180161,3.3821897164509805e-05,0.000584820750781179,0.0009000511046799012,0.030348679809469783,0.00029441161545782474,8.847304915153174e-05,1.284260871978245e-05,9.777754872599422e-05,0.004031191816033847
40,0.0009272582293383665,9.529212291055715e-05,0.6435921455592557,0.10270777931053224,0.0027415706633725717,4.54862096881602e-05,0.0015542622807282536,0.06356484773647057,0.0005566967626889633,0.01060369158676745,5.6772930163877e-05,0.030236920587254412,0.000586144203904506,0.001727490629074747,2.8029039062960977e-07,0.012630537093875432,5.3712506273406454e-05,0.0009766883520850845,0.0008093503873194518,0.1212296167733813,0.0005836563160678123,4.1956173654486e-05,2.372601272902561e-05,0.0006443193664785919,0.004009797915594513
41,0.007803434412686792,8.747913874851396e-05,0.5097699842233959,0.040223370964819385,0.0014706964218705757,4.776108116517908e-05,0.0012248351582386388,0.018414718774296315,0.0001440601995775156,0.0013379679386755082,8.275367505912124e-05,0.3200174341390729,0.0004698535351028331,0.010079023276444415,2.011711315879062e-07,0.007159759217907217,0.00010410907137339388,0.0030263457029064797,0.0010174857780365387,0.07166960089534452,0.0005165486169210376,0.00026251014171076506,2.919128963973501e-05,0.00013878966307623184,0.004902085512798895
42,0.003818897482451962,6.0364896633684224e-05,0.7895768576899314,0.023388082664703578,0.002279558346935668,4.872570473025572e-05,0.0008178330829539203,0.011841422011716205,0.00031724640077134887,0.00122236018497512,4.243121875612016e-05,0.11061660820698718,0.0002747920791966714,0.00904256996668179,3.396557843138545e-07,0.00813786133030836,3.7558518063376644e-05,0.0005767008842113734,0.000985338266888321,0.0321056922686295,0.0003010341488172441,0.00010522037183702165,1.3033620022519521e-05,0.00010139784192163754,0.0042880731560913125
43,0.0035483942422256795,9.841141032683058e-05,0.717331706632888,0.03882390402438483,0.004912597678439139,0.00013152518365761652,0.0009704414209351281,0.023814376337298257,0.0005306831700688095,0.004453804983691523,5.711662273157807e-05,0.11532991075501606,0.00027736334430780143,0.010827709502950061,7.576244443026791e-07,0.02284673061866144,5.917707880409023e-05,0.0008338827419509866,0.002065357414191838,0.04554315463450196,0.0008546616266727152,0.00021440586834147894,2.7853105364616042e-05,0.00014422079607223133,0.006301853182072951
44,0.003764300386003168,6.393079869874312e-05,0.8003430711974531,0.02324263972585586,0.0023561014883524338,4.853145299490558e-05,0.0007941091890585888,0.00993953504927655,0.0002995946744860583,0.0011430687851031475,4.3186140966680646e-05,0.10684867185191715,0.00031187606237432255,0.009243819903597203,3.086522608941015e-07,0.006825637323515335,3.476817044396612e-05,0.0006015306229531517,0.000836418852821933,0.028675831056884107,0.00026527017492073237,9.04257721395663e-05,1.2544767018356338e-05,0.0001067331350056931,0.00410809476589827
45,0.003832314460060554,6.484182963065473e-05,0.7964672267325351,0.023779760261332154,0.002354941972248604,4.9118082060240825e-05,0.000790558537697515,0.0099243215859039,0.0002929266807430483,0.001154817812566862,4.363940846195449e-05,0.10952099393445988,0.0003072511797623588,0.009414271848441123,3.0688691418083385e-07,0.006885637231739766,3.543313055554202e-05,0.0006260471280324408,0.000836263958721829,0.028889942128662256,0.0002756690312768955,9.228980416416771e-05,1.2892841927586987e-05,0.00010642950127035906,0.004242104030831194
46,0.0032907956801518537,5.8341701688153175e-05,0.8268262936701734,0.02045675752492578,0.0023516635830489745,7.532700730805505e-05,0.0009308849870458397,0.007341144880032912,0.00037100129816156936,0.0012743966922659224,4.262500190179671e-05,0.08296443925344713,0.00025244011929835786,0.010738768133461786,3.20569984936165e-07,0.009354374462016606,1.6983316186081034e-05,0.00047124120338078293,0.000889445982036187,0.028033156351960166,0.0002528366183069974,7.002229059822196e-05,1.1263527260027926e-05,7.512765386136601e-05,0.0038503484914969677
47,0.003253711660450503,6.245334049136285e-05,0.8113747482465703,0.024958663907417224,0.0025658666962441483,4.747064567853467e-05,0.0007609517012362862,0.010101398800460858,0.000310558027515535,0.001171106496935866,4.273331383668149e-05,0.09612379171149411,0.00031356269772443897,0.009111025033658885,2.989416546748983e-07,0.006434326534146909,3.2301947675387255e-05,0.0005464118354806713,0.0008217327002295328,0.027535147268652655,0.00026253053976330645,7.8652719904364e-05,1.2217809390935258e-05,0.00010694915648949279,0.003971388266897412
48,0.006120510949744244,0.00012040660109810047,0.7123345840827618,0.03386780555998798,0.0031056383847758383,3.541444767431209e-05,0.0011088123936643217,0.02752215623057269,0.0003782795284740125,0.002172014601893462,4.004832535518532e-05,0.14595772062848647,0.0005809070553658485,0.010849965149597922,5.591830770789314e-07,0.009456916009146301,0.00012553978607049928,0.0008110530923439521,0.002169921830101456,0.0360755375779963,0.00040345886661795647,0.0002360397902646319,2.2189779545892516e-05,0.00021658496514798012,0.006287935180235591
49,0.003126128681988948,4.995796479179064e-05,0.7894105874350872,0.019373397097218158,0.002132019254508107,4.89658761805711e-05,0.0006411480791274282,0.008138602073653653,0.0002529666910540178,0.0008688227919442324,4.420733962212922e-05,0.12593561408410212,0.00028351116222988964,0.00910259987886464,2.443033666991371e-07,0.005642992596569727,2.9770400982236335e-05,0.0006021841103553719,0.0006633981684928968,0.030169095218129174,0.00022850895816553453,9.351629763285348e-05,1.0130793025510163e-05,7.589572525550823e-05,0.0030757350176517577
50,0.003795398601721141,6.549353168424888e-05,0.8017203022238238,0.023247896101053378,0.0023646509297764826,4.9305680838165234e-05,0.0008220772686382945,0.01014509798863646,0.0003101318207109668,0.001201779463665408,4.230379620697237e-05,0.10418624889388936,0.0003148782111111031,0.00935003587403261,3.1496946929759386e-07,0.007178035928245121,3.415201379023952e-05,0.000586218030125365,0.0008773364585086717,0.02907792284523011,0.0002653021430357704,9.178594899064192e-05,1.2531217452038915e-05,0.00010693637516204525,0.004153863684202229
51,0.003900619839087292,6.533729642178358e-05,0.785196051691797,0.02786638802668472,0.0023705078507962095,4.302719643183098e-05,0.0007799595834828172,0.011053687609802987,0.0002676378332597837,0.001135191747988668,4.446847288901211e-05,0.11628849598703313,0.00033062833044661595,0.009633703546886706,2.4774815200594945e-07,0.005611278555668521,3.683776423197375e-05,0.0007153445282850109,0.0007947059757792141,0.02928728229440353,0.000279700763536547,8.988686022468411e-05,1.232651605225458e-05,0.00010990481224757632,0.0040867791684103235
52,0.004151804019788397,7.002234019586017e-05,0.7914257090802497,0.023511902765712984,0.0021984284304432987,6.067115029037738e-05,0.0009180456630718712,0.009261926757375208,0.0002966144950195457,0.0012051164571684663,5.067632034229004e-05,0.10942352830422655,0.00034265322733744,0.009386113633459444,3.141191404114197e-07,0.007465250503115522,3.336448214564273e-05,0.0007536767109702122,0.000762604661528059,0.03421312815588278,0.0002686409379939269,9.661302372066281e-05,1.4251716649901497e-05,0.00011274565502345375,0.003976197389148172
53,0.004499127013191086,7.195377407059799e-05,0.8055585858218016,0.02165962026808599,0.0011065019594810987,6.683307760376493e-05,0.002027559925620537,0.010150526019987092,0.000438856047067887,0.001388789588896746,5.793794905167242e-05,0.0660687529239302,0.00033653964935418876,0.0068989799951220095,4.620982468055918e-07,0.012674393785155785,2.5574523941133727e-05,0.0006230216172463038,0.0007993901097324947,0.06068291728981792,0.0002383612753668818,8.583651736031351e-05,1.7806005573811956e-05,0.00013689933587551897,0.00438477342841849
54,0.005106562884841018,7.169957813133482e-05,0.810837164537903,0.015400083584155606,0.0012102688076910495,6.623892835523112e-05,0.0013584144204174188,0.005610777868803776,0.0003527198444707004,0.001281407022842489,3.2188272097774844e-05,0.09280855066656575,0.00024884684347598106,0.011854203707877655,4.1742479554720077e-07,0.013120476634148415,1.8435674595919092e-05,0.0004440553131639938,0.0008601598591904793,0.033113659834174906,0.00023056608615120084,0.00010076516955106084,1.2530900928543987e-05,7.087153262061305e-05,0.0057889346030506
55,0.0046840236020885585,5.229002898890636e-05,0.807073441046568,0.015097105873276593,0.0010441565647383013,3.1712910839637164e-05,0.0007956289037510454,0.005738758108128309,0.00027437650787341184,0.0005748380079945962,4.587768182705216e-05,0.12414381122995378,0.00034481515393388376,0.006064344878998633,1.777783355259199e-07,0.0029913391813903914,2.5075853079888017e-05,0.0007170704175433805,0.00043347431136751423,0.026016221006315274,0.00014205617476290087,5.951761022854862e-05,6.211082521792256e-06,9.260264990936548e-05,0.0035510734355848218
56,0.003689500942119955,6.761138698845226e-05,0.8042125816202311,0.0228306847252472,0.002335432236240595,4.704405228888685e-05,0.000804345097173289,0.009365259324903362,0.0002962760628852247,0.0010936749762871375,4.441864057080174e-05,0.10480664181228641,0.0003600656626633659,0.009364418042959625,2.99512862077587e-07,0.006176366035778867,3.486015644203735e-05,0.0006134634716029862,0.000782682405610192,0.02882691222091254,0.00024087687953547812,8.783762088326783e-05,1.2207317443427915e-05,0.00011093756622989423,0.003795602229853549
57,0.008615180481139472,0.00013097699414370384,0.7855608118439075,0.05469609230403156,0.0018836146846493834,0.00011251776198431955,0.0030053970168132447,0.010445252598652676,0.0003431857706912942,0.0014084105094354068,0.00011116042109831868,0.05367365112719824,0.0003767681067808268,0.012755739262507611,5.253663768939316e-07,0.009096234489571222,2.645144692402181e-05,0.0018181410467050046,0.0006218023842148677,0.04667065949971704,0.00037177182301941,7.108291283931646e-05,5.157427460320025e-05,0.0002872698024176323,0.007865728070577832
58,0.0037404087866318024,6.670921125869614e-05,0.8100104610329638,0.022945739950663874,0.0023326910022614783,4.3248573271558306e-05,0.0007936845194016233,0.010148488588278406,0.0002950331015976279,0.0011257880503173995,4.2747327982835616e-05,0.1006234533520349,0.0003390260660160953,0.008459478623370592,3.0603167667220586e-07,0.006015129250951653,3.9017561473966654e-05,0.0006330155503107122,0.0007581871186540012,0.02711935673740155,0.000253339111478796,8.825712495094298e-05,1.2541036484120476e-05,0.00012832275767765035,0.003985569532889189
59,0.003945507478270456,6.605602488574965e-05,0.7864068323460419,0.024737122187130152,0.0024955383165421617,5.386746207881303e-05,0.0008110450167399088,0.010240224468542307,0.00031268224724414253,0.0012003240299212545,4.564373718893221e-05,0.11547868948401188,0.000316416398716297,0.010118449589431252,3.2558898674798633e-07,0.007416379205621672,3.4941886045884994e-05,0.000607407584142295,0.0009475157442293222,0.02992971803424964,0.000283820660591048,9.602943364857562e-05,1.3285922557621206e-05,9.848289784763808e-05,0.004343694255334226
60,0.003764300386003168,6.393079869874312e-05,0.8003430711974531,0.02324263972585586,0.0023561014883524338,4.853145299490558e-05,0.0007941091890585888,0.00993953504927655,0.0002995946744860583,0.0011430687851031475,4.3186140966680646e-05,0.10684867185191715,0.00031187606237432255,0.009243819903597203,3.086522608941015e-07,0.006825637323515335,3.476817044396612e-05,0.0006015306229531517,0.000836418852821933,0.028675831056884107,0.00026527017492073237,9.04257721395663e-05,1.2544767018356338e-05,0.0001067331350056931,0.00410809476589827
61,0.008866368739430803,0.00013955077109457494,0.486578625891752,0.08629832456142737,0.005134337283114704,0.0002532225151930729,0.0020006833766139306,0.021324862199225653,0.0004516298763140729,0.004386651027505986,9.643265276356094e-05,0.2325569265100114,0.00038625178099414007,0.03921659144144932,9.185054364340079e-07,0.03666201609409335,4.7121533007732675e-05,0.0011834103590628684,0.005455566460170515,0.054928037541453555,0.0012420080913111515,0.00024964173096899436,7.112085995595062e-05,6.42234026487564e-05,0.012405476794999957
62,0.003764300386003168,6.393079869874312e-05,0.8003430711974531,0.02324263972585586,0.0023561014883524338,4.853145299490558e-05,0.0007941091890585888,0.00993953504927655,0.0002995946744860583,0.0011430687851031475,4.3186140966680646e-05,0.10684867185191715,0.00031187606237432255,0.009243819903597203,3.086522608941015e-07,0.006825637323515335,3.476817044396612e-05,0.0006015306229531517,0.000836418852821933,0.028675831056884107,0.00026527017492073237,9.04257721395663e-05,1.2544767018356338e-05,0.0001067331350056931,0.00410809476589827
63,0.003845211040973822,6.950018211030564e-05,0.8052434543742427,0.022847877175475005,0.0022736013133931848,4.8214093736404045e-05,0.000809645531638732,0.009755528426468145,0.00031389630558038357,0.0011415873443237708,4.455638505193181e-05,0.10262717415231448,0.00033314260785069163,0.009068989065682376,3.1626466826834765e-07,0.006355820231706165,3.578078265491152e-05,0.0006354793073468464,0.0008108137067128737,0.02912537821685311,0.0002566397591031728,9.355537115973453e-05,1.22378081802479e-05,0.00011328262170730859,0.004138317931065465
64,0.004039046384983499,6.296555318800715e-05,0.7786216038273995,0.025742447686027375,0.002662165463901009,5.2749956514854673e-05,0.0007673567871669381,0.011537775633266061,0.0003019605582798468,0.0012459121114346025,4.861657806940199e-05,0.12302862383503003,0.00028608849091862665,0.009374130494412967,3.4874590093394726e-07,0.007536485002678508,4.271534333181131e-05,0.0006993822930072567,0.0009450248389250914,0.027857145492848543,0.00036348316695252434,9.975660029716851e-05,1.446756793622013e-05,0.00011535166219659616,0.004554395925332362
65,0.004191721038334769,6.794379759876017e-05,0.8721304160142205,0.016966095731183562,0.0013494679659495684,2.0247396114955813e-05,0.0010343229219175896,0.011263185403185966,0.0004449358682070813,0.0008485605037484115,2.9751525833883028e-05,0.05426239556309005,0.0003645687130520285,0.005540557301422448,3.242806945036119e-07,0.003946638720130658,3.466238869204765e-05,0.00034701106083244156,0.0007423128811414023,0.021931197143509797,0.00013417077271927832,6.25313546369039e-05,7.44718343447984e-06,0.00016921404685028683,0.0041103204234985095
66,0.005543236058586042,6.269302568244732e-05,0.7762066507027635,0.02532929138053633,0.0033344423572075413,3.3067063812182216e-05,0.0004954248775888193,0.009160276237058965,0.00016881120593549765,0.000678371407634966,4.542167358086957e-05,0.14485967511254877,0.00023894748816018533,0.009456837453349942,3.9394556442093583e-07,0.0037207083297749423,8.485105724374923e-05,0.000974413850691293,0.000519637328971464,0.012163343410984063,0.00038985971261557684,9.631562378641117e-05,2.0853284087495026e-05,0.00021021741304177172,0.006206259998792954
67,0.004209179562618823,7.257629930040463e-05,0.8057014138581371,0.025393628190863132,0.002866767966256858,3.896425014766806e-05,0.0006875496300639743,0.014014061794859261,0.000395969029855072,0.0014108481798196012,3.7845500068823916e-05,0.10249098003579317,0.0003028741792780082,0.008158306033245053,3.1508881924637955e-07,0.00547854407509644,4.345200198389247e-05,0.0005728036268388856,0.0011140207806609951,0.021483784880691987,0.0002975638649442482,9.61768173518733e-05,9.51997574551975e-06,0.00012910440361278518,0.0049937499739469505
68,0.0017988437500157577,4.4582433868920135e-05,0.8858966781850434,0.017225404959196274,0.004921569999105673,2.192823279771999e-05,0.00047323201336216063,0.008402504447511262,0.00035385382270967583,0.0010198595670092008,1.341563114200512e-05,0.04913861621730008,0.0002798141923439716,0.012507698887757606,2.6013195229032724e-07,0.005307919135594811,1.615493758042396e-05,9.379356001921223e-05,0.0013490199809898882,0.0081804017909284,0.0001244771572309478,3.7825242619872636e-05,5.092364082367759e-06,6.66317208885488e-05,0.0027204216389495467
69,0.0030659766640927376,6.780323858992133e-05,0.8159936167943689,0.025491333489286765,0.0014849578943635826,3.718257185705563e-05,0.0009426597262124323,0.011124692486394182,0.00029581941294164237,0.001337575360976291,3.861482875372083e-05,0.07663914596007172,0.0003014977012180717,0.006315841671362857,2.571049145173558e-07,0.006959644335588329,3.23519095333937e-05,0.0006491920147787406,0.0006787745320299492,0.04355551045310654,0.00025472901683916784,7.478054277843823e-05,1.1400692902193765e-05,0.00012890806839254787,0.004517733528646281
70,0.0036980009445119998,6.312915087951327e-05,0.8027169443981879,0.022697988226571125,0.0022918172488635064,4.795320368255411e-05,0.0007819713486976738,0.009244718027012195,0.0002893688429818636,0.001085088621422501,4.239910133112495e-05,0.10631554601009306,0.0003107339680444709,0.009478928292334968,2.971722263535271e-07,0.006638085924803408,3.286630639007656e-05,0.0005859243701340262,0.0007996305589860017,0.0283938062428577,0.0002528776640800332,8.770684910652274e-05,1.2217921350814576e-05,0.00010108311948843577,0.004030916485962421
71,0.0032022863050596494,6.90176837121688e-05,0.8242187577054415,0.020970533283048168,0.003377700824106394,5.2845996170986486e-05,0.000575658468069983,0.008347747959363909,0.0003399794675868138,0.0012592071908520946,3.7165180790561294e-05,0.09754902556999885,0.0002957005438613938,0.009938839218818104,3.3064036993182223e-07,0.005587550951141401,3.2230102559934186e-05,0.0005027803369313365,0.0008333929008847433,0.018100316705238834,0.0002563804871601498,8.712176054933724e-05,1.0153282336774786e-05,0.00010234965560360112,0.004252927780343206
72,0.0035797307284475533,5.981492884413089e-05,0.8142554722148481,0.020842832936458482,0.002304418393078114,4.74624701580516e-05,0.0007373898087013669,0.008281458699014732,0.0002942430688039,0.0010210677624594043,3.8873626385421856e-05,0.10109967046842787,0.00028619121741820886,0.009659122287373574,3.0436034900112063e-07,0.006598540083763538,2.94635466260433e-05,0.000504255629495309,0.0007840506175318361,0.025077670275145666,0.0002375531962378397,8.13135137417215e-05,1.1404173378237993e-05,9.27659914911219e-05,0.004074930001820716
