,0,1,2,3,4,5,6,7,8,9,10,11,12,13,14,15,16,17,18,19,20,21,22,23,24
0,0.002333789342290827,0.0005847050951493744,0.9579670329739125,0.0013180721984898682,0.0049524367360839795,4.260520416275275e-07,9.834360132829926e-05,0.012269139477099383,0.008143406051518882,0.0005217980388342139,3.113813845715242e-06,0.0036265498507443163,0.00026338132774053255,0.0010087104725403431,1.19270594217929e-06,1.970906980997077e-05,6.961259244165052e-05,1.2277650465817097e-05,0.002337029907196141,5.7029465823484284e-05,2.37247250007725e-05,6.533122619351474e-05,3.932169584448157e-08,0.0007014055142535927,0.003621742789557238
1,0.0014791017476937411,0.00020850174993180864,0.9656633704430088,0.0004938948287986309,0.002959098583763966,5.435976083692442e-07,8.78066387250624e-05,0.007625801268613304,0.013976922602086871,0.0003595737145997302,2.6354186284500866e-06,0.00250132231433229,0.00018181915488498922,0.00047279218931174313,1.0275046739405331e-06,2.5099487252671755e-05,2.399057035235385e-05,4.63949907880433e-06,0.002034871499687613,5.479134699623733e-05,1.0401078481139016e-05,3.3479127027336006e-05,1.4515025224106744e-08,0.0003154564363678604,0.0014830446830690553
2,0.0020483210456683876,0.0003072712724048774,0.9630564827647645,0.0006586827847535917,0.003564240487559391,5.22782346648334e-07,0.00010017633606676926,0.010331317909572549,0.010474808239105324,0.00035864304997362297,2.987555627209659e-06,0.003422433366583686,0.000259930537391606,0.0006254647847343046,1.5076822771113363e-06,2.7103990637258346e-05,5.0296001083354714e-05,6.98564971007407e-06,0.0019783464992747094,7.171079257732054e-05,1.2277570191977517e-05,5.796324087459259e-05,3.103176562324372e-08,0.0005294976520912963,0.0020529969729643255
3,0.0015941644215387684,0.00025339078139259563,0.9698614210818279,0.0005855701385046383,0.003404324799403973,3.8855871080310885e-07,7.500278373231461e-05,0.008050075178975056,0.008810602615649045,0.000284817402446726,2.781741023651299e-06,0.0028671300358956552,0.00022816677118706557,0.000501141457380002,7.903068639206116e-07,1.5218262585731276e-05,3.485774256535373e-05,6.609936414391305e-06,0.001440567257836308,5.042054437648276e-05,9.59375915107761e-06,3.548532619198222e-05,1.7126351347600067e-08,0.00045485222011806413,0.0014326097498771118
4,0.0014257726917885068,0.0002506444632723547,0.9729570136524317,0.000552245550318782,0.0035788941613419086,3.877222946076252e-07,7.067348812298209e-05,0.006306181906263423,0.00799508491346899,0.0002574346235574085,2.657002545891526e-06,0.0028045820975467696,0.00027197629414728606,0.0005590373663036319,7.174664416944796e-07,1.3100405694924554e-05,3.0799020505319516e-05,6.157788035727563e-06,0.001202031574744253,4.497383269041211e-05,7.991357997670142e-06,3.1823531832469594e-05,1.627964119644925e-08,0.000423447153345253,0.001206355655666947
5,0.0015150455621109132,0.00028967058937969117,0.9694483613508929,0.0007703879031302198,0.0037297388219259095,3.811204946316929e-07,7.63074647036581e-05,0.008849323741229494,0.007827661006918462,0.0003236665779501297,2.936212805462351e-06,0.002799615789353404,0.00025494914330774103,0.0005394646778347053,6.850866509005274e-07,1.3996517833482306e-05,3.76987815676113e-05,8.61190155362595e-06,0.001311619188066268,5.552464723714819e-05,1.0897576752529759e-05,3.47943315445827e-05,2.0026482505988063e-08,0.0005409591533112562,0.0015576828269629045
6,0.0015941644215387684,0.00025339078139259563,0.9698614210818279,0.0005855701385046383,0.003404324799403973,3.8855871080310885e-07,7.500278373231461e-05,0.008050075178975056,0.008810602615649045,0.000284817402446726,2.781741023651299e-06,0.0028671300358956552,0.00022816677118706557,0.000501141457380002,7.903068639206116e-07,1.5218262585731276e-05,3.485774256535373e-05,6.609936414391305e-06,0.001440567257836308,5.042054437648276e-05,9.59375915107761e-06,3.548532619198222e-05,1.7126351347600067e-08,0.00045485222011806413,0.0014326097498771118
7,0.0035988941460345534,0.00022746656277932784,0.9200283692190226,0.001130156202919749,0.01183056843888849,1.3633977776312382e-06,9.163608160716525e-05,0.02696424756826011,0.009329430775501373,0.0008841078227531663,2.4266929971652353e-06,0.007638755072201046,7.099207562995289e-05,0.001544275031147627,3.4041000336526153e-06,0.00019141921679067652,9.563026130878105e-05,8.541191515312328e-06,0.010172777491989318,6.05473339504677e-05,8.038511725278745e-05,0.00015005964476237735,1.0850562110623937e-07,0.0004088788239905523,0.005485559225264796
8,0.0015182070438225146,0.00023726904802178747,0.9675407681518953,0.00042076234232851675,0.0035895875445211447,5.659315975991904e-07,6.79322212666459e-05,0.0071907714855538344,0.011576949615244055,0.0002499783519433192,4.208236373554521e-06,0.0035625588980204835,0.00020548567808722538,0.0004916850583044982,8.63345161424598e-07,1.4087310992748492e-05,3.0613229679210004e-05,7.609771179822482e-06,0.0017924261333481873,5.065687159200201e-05,1.0182585075185159e-05,4.585075213356302e-05,1.2869767208720185e-08,0.00032111996857774993,0.0010698475555124328
9,0.001927126788286107,0.0002677802576185391,0.9617697874160811,0.0005744561433852065,0.0043135586418826845,7.115056280412884e-07,8.489620076751109e-05,0.009647363802633365,0.011515406788059283,0.0003531590839370661,4.150820175930239e-06,0.00414236390770702,0.0002042191413485882,0.0006562176090039182,1.14216840553411e-06,2.3577265290970708e-05,3.977489957438333e-05,8.84819977445592e-06,0.0024465283956449464,6.0199727246013265e-05,1.4949900609551044e-05,6.134619153252478e-05,2.191307201818346e-08,0.00036723790841020564,0.0015151753239249157
10,0.0015941644215387684,0.00025339078139259563,0.9698614210818279,0.0005855701385046383,0.003404324799403973,3.8855871080310885e-07,7.500278373231461e-05,0.008050075178975056,0.008810602615649045,0.000284817402446726,2.781741023651299e-06,0.0028671300358956552,0.00022816677118706557,0.000501141457380002,7.903068639206116e-07,1.5218262585731276e-05,3.485774256535373e-05,6.609936414391305e-06,0.001440567257836308,5.042054437648276e-05,9.59375915107761e-06,3.548532619198222e-05,1.7126351347600067e-08,0.00045485222011806413,0.0014326097498771118
11,0.0015805703866266282,0.00026094727389945507,0.9707331226333469,0.0005899475496074086,0.0033464740242566855,3.770986212648864e-07,7.534806613374884e-05,0.007670190797096828,0.008487607300778851,0.00027771783923156816,2.8004770989976365e-06,0.0028963142757178406,0.0002571492863666916,0.0005074408085462545,7.461411685195704e-07,1.4050069182016106e-05,3.5190891643676875e-05,6.880204844967027e-06,0.0013233674615268,5.1070886654241304e-05,8.933641415973234e-06,3.473274546681462e-05,1.706327932163284e-08,0.00047042846408958436,0.0013685746133987775
12,0.001006077645695652,0.00010070656280530478,0.9528711142625855,0.0002926558982979479,0.0008622713438380367,2.0269798366995203e-07,9.687626519900733e-05,0.007318102054330679,0.033299193546867105,0.0001650932136658575,2.3866312396924953e-06,0.0007825592503632451,8.85084511367369e-05,0.00011082985174968079,8.063454873010401e-07,9.486961567395104e-06,8.910982859070917e-06,1.4425060372853651e-06,0.0015159303941517457,4.031560534377488e-05,4.482142206494468e-06,7.866146685020859e-06,3.1029391805344035e-09,0.00024216103890749405,0.0011720170980570072
13,0.0015661523944319373,0.00023798106130477992,0.9705620641590229,0.0005504051361537873,0.003347337550983095,3.667346142693546e-07,7.063786004872791e-05,0.007757193478766742,0.00856760081893373,0.0002497499669574201,2.8760455159572337e-06,0.003044453520439675,0.0002212830144133024,0.0005008924766505133,7.700246224212113e-07,1.389616849702971e-05,3.461348228799647e-05,6.250646241491026e-06,0.0014216242057864092,4.805144436761276e-05,9.2651079520175e-06,3.495748911261301e-05,1.590871596824304e-08,0.0004168757720151085,0.0013346855321644101
14,0.001210292281650807,0.0004622979162097301,0.9677412796179559,0.0007040992035140647,0.004596547118615019,4.6374815994353705e-07,7.624318050587829e-05,0.007709898541469994,0.010531041871225161,0.0004869414849854888,3.119038568048491e-06,0.0021484309482884567,0.0003750638704052757,0.0005064276879833578,7.909531646390926e-07,1.3080320845701061e-05,3.400168089748207e-05,8.046379805869811e-06,0.00136879560051894,5.166404412785157e-05,9.541677376249192e-06,3.63756509334429e-05,1.6173961682254924e-08,0.0006246372106798428,0.00130090379815156
15,0.0015941644215387684,0.00025339078139259563,0.9698614210818279,0.0005855701385046383,0.003404324799403973,3.8855871080310885e-07,7.500278373231461e-05,0.008050075178975056,0.008810602615649045,0.000284817402446726,2.781741023651299e-06,0.0028671300358956552,0.00022816677118706557,0.000501141457380002,7.903068639206116e-07,1.5218262585731276e-05,3.485774256535373e-05,6.609936414391305e-06,0.001440567257836308,5.042054437648276e-05,9.59375915107761e-06,3.548532619198222e-05,1.7126351347600067e-08,0.00045485222011806413,0.0014326097498771118
16,0.0022775010299983986,0.000399999751919927,0.9577048231184311,0.001107164213163197,0.004228395796547011,6.503358719156972e-07,0.0001197484267684344,0.01367581814509064,0.009161203863440734,0.0006565540913764628,3.817262811131679e-06,0.004115848093383847,0.00026644041412906855,0.0008115082194505691,9.732838948699457e-07,3.058908393872871e-05,5.060217856022951e-05,1.4171193882795581e-05,0.0022915572193001783,8.296868166766576e-05,2.3520216459365963e-05,6.324824423657008e-05,3.485016453666435e-08,0.0005906219848829049,0.002322240300629935
17,0.0015657615352016522,0.00025073677807714513,0.9682803144784109,0.00046474189777183687,0.003271251735413469,3.993778458452277e-07,7.47165523542333e-05,0.008347889785356761,0.010786715358459523,0.00029192165984144407,2.8005939251435583e-06,0.0025141440453310022,0.0002053338883721941,0.00039331686534294997,9.528605967007843e-07,1.614034365062262e-05,3.428130609823078e-05,5.501841277860185e-06,0.001620710850636716,4.7681376516688324e-05,8.956406846335374e-06,3.574966988730948e-05,1.4228417721809619e-08,0.00046608321565076743,0.0013138833487167172
18,0.0030598777720559325,0.0004145507961292762,0.9672392466259211,0.0006226661581895532,0.002856897977688961,2.574114109389353e-07,8.736262507966948e-05,0.009915616569450034,0.0058018546835110155,0.0003009662611615962,2.2960197504571365e-06,0.0042520912321002986,0.0003055731139663018,0.0005716498250762234,7.193107048396761e-07,1.3309370123794266e-05,7.737904517045469e-05,1.3083261933706958e-05,0.0013038929203938283,5.3349839719718625e-05,1.0448466538250255e-05,6.516883998367326e-05,2.357405499333939e-08,0.0008553733247540623,0.0021763449751314935
19,0.001346643459395547,0.00023636545961079,0.9718859312931106,0.0005647583178883553,0.003534602876712205,3.6314965611983895e-07,6.523714953220557e-05,0.007208251272199709,0.00831202765831082,0.0002603489460334728,2.617825821288709e-06,0.002821663552151005,0.00023948011190646703,0.0004998962903321417,6.800876514802283e-07,1.27348546641032e-05,3.1311674967199556e-05,5.9538706827253304e-06,0.0012583548147686954,4.717886840034951e-05,8.243507929577757e-06,3.2073662530232624e-05,1.4752630808006547e-08,0.00040550095708306264,0.0012197655860310477
20,0.001712409601099726,0.00035916383685152754,0.9613043135760359,0.0006985164429888445,0.004643344127195602,4.0959762855630724e-07,7.483614791753117e-05,0.01240699510687512,0.009607075030166334,0.00037028175208703233,3.018013232821064e-06,0.003716650991411641,0.00027942775695258135,0.0005981587239608629,1.132673618471414e-06,1.6211930524992795e-05,6.121623556001143e-05,8.077557998626425e-06,0.0018718958524279895,5.958078983506973e-05,1.2840662661580262e-05,6.906002823206186e-05,2.3020835430351363e-08,0.0005760126707182222,0.0015493478731836642
21,0.0017136967975431808,0.00018203304209476464,0.9753920045598304,0.0005671653288066164,0.0027640241632393013,4.300246069082748e-07,8.429829192909212e-05,0.005789076432278651,0.005828951222720462,0.0002759073310440058,2.284096141287012e-06,0.0037147561293272417,0.00027521963779574075,0.0006175123814576165,5.064423351580654e-07,2.1182886117783843e-05,2.519201547533597e-05,7.107952497961719e-06,0.0010326030210654194,6.067041697978167e-05,7.864070566563751e-06,2.8398484298956283e-05,1.9728524993955608e-08,0.0003669909474275448,0.0012421045958951645
22,0.000760077523899509,0.0015062549294149704,0.8967831057997779,0.0010687247628743412,0.0073911372559627075,2.4359022824886316e-07,9.045813440342899e-05,0.012267537916292271,0.06759450684432786,0.0017035656566383825,7.825457877679673e-07,0.0006672867340193635,0.0018555623776477894,0.00031950843717904885,1.8960925848977947e-06,8.155313132464376e-06,2.405823185452484e-05,1.8388191270678197e-06,0.0032140513792149957,3.364540917039705e-05,2.5413429977012892e-06,1.945747742421195e-05,7.788358153238375e-09,0.0014302208017323275,0.003255374835949713
23,0.0015941644215387684,0.00025339078139259563,0.9698614210818279,0.0005855701385046383,0.003404324799403973,3.8855871080310885e-07,7.500278373231461e-05,0.008050075178975056,0.008810602615649045,0.000284817402446726,2.781741023651299e-06,0.0028671300358956552,0.00022816677118706557,0.000501141457380002,7.903068639206116e-07,1.5218262585731276e-05,3.485774256535373e-05,6.609936414391305e-06,0.001440567257836308,5.042054437648276e-05,9.59375915107761e-06,3.548532619198222e-05,1.7126351347600067e-08,0.00045485222011806413,0.0014326097498771118
24,0.0012016815698627442,0.0003218394049451029,0.9702031431742046,0.0009889121243458053,0.004711757874138971,4.304052105182963e-07,6.824761056059804e-05,0.007310421021346718,0.007292376659003316,0.0003667353941890248,2.7888737057397616e-06,0.003058379356629654,0.0003328650601082455,0.0007956640306907445,5.630747397027496e-07,1.2766633366896256e-05,2.983518228001112e-05,8.331558940615812e-06,0.0013040312974921544,5.562283654547967e-05,1.0449252614548164e-05,3.268782321477488e-05,1.980895436415768e-08,0.0003996587175981765,0.001490791255311456
25,0.0016097556546600428,0.00017790708085378934,0.9684151832383352,0.0008029361819733348,0.002498633495918193,2.3626821170865268e-07,8.439640193755133e-05,0.012668538485350128,0.0060035218784633675,0.0001900226489830934,4.266847811290173e-06,0.003986986266769083,0.00022927799434209652,0.00040797895690590085,4.6627367032843626e-07,1.0390262642655212e-05,4.48988535544319e-05,9.082541489873618e-06,0.0012051037239607354,7.501772436474229e-05,1.0716321228521244e-05,3.17491300910503e-05,1.770300228763932e-08,0.0004721906184761564,0.0010607254470043194
26,0.002001307663288325,0.0002231127546409533,0.9770643554866779,0.0003607736125396839,0.0017828381546615406,1.5449337110010627e-07,6.964780027027929e-05,0.0073561834062749465,0.00586579381353181,0.0001479100892083535,2.210411046695082e-06,0.0020219014204352864,0.00023039917695220238,0.00021974385302634162,4.528780424077835e-07,6.272126843216652e-06,4.5779153999847566e-05,7.8361782060432e-06,0.0006356849343037357,3.8852916303156825e-05,4.798592036803234e-06,2.5654449533674145e-05,1.0697190244391204e-08,0.000893769359943391,0.0009945565776720287
27,0.0019767592296581946,0.000267793914062817,0.961542067780156,0.0005349280049021845,0.0028433053703257574,5.162417121434593e-07,8.919275110670195e-05,0.010561998430988803,0.014120886880221922,0.00035318761230080856,2.84553191380904e-06,0.0026574308790088892,0.00018399273169298545,0.00041652082254294644,1.2621135344592409e-06,2.1626232969286213e-05,3.8490906654282215e-05,6.729553789151787e-06,0.0018514686812405934,6.685045160758539e-05,1.095095609783265e-05,5.14735467286132e-05,1.801786640697469e-08,0.00047715054684544146,0.0019225528120723676
28,0.0015941644215387684,0.00025339078139259563,0.9698614210818279,0.0005855701385046383,0.003404324799403973,3.8855871080310885e-07,7.500278373231461e-05,0.008050075178975056,0.008810602615649045,0.000284817402446726,2.781741023651299e-06,0.0028671300358956552,0.00022816677118706557,0.000501141457380002,7.903068639206116e-07,1.5218262585731276e-05,3.485774256535373e-05,6.609936414391305e-06,0.001440567257836308,5.042054437648276e-05,9.59375915107761e-06,3.548532619198222e-05,1.7126351347600067e-08,0.00045485222011806413,0.0014326097498771118
29,0.0015941644215387684,0.00025339078139259563,0.9698614210818279,0.0005855701385046383,0.003404324799403973,3.8855871080310885e-07,7.500278373231461e-05,0.008050075178975056,0.008810602615649045,0.000284817402446726,2.781741023651299e-06,0.0028671300358956552,0.00022816677118706557,0.000501141457380002,7.903068639206116e-07,1.5218262585731276e-05,3.485774256535373e-05,6.609936414391305e-06,0.001440567257836308,5.042054437648276e-05,9.59375915107761e-06,3.548532619198222e-05,1.7126351347600067e-08,0.00045485222011806413,0.0014326097498771118
30,0.0015941644215387684,0.00025339078139259563,0.9698614210818279,0.0005855701385046383,0.003404324799403973,3.8855871080310885e-07,7.500278373231461e-05,0.008050075178975056,0.008810602615649045,0.000284817402446726,2.781741023651299e-06,0.0028671300358956552,0.00022816677118706557,0.000501141457380002,7.903068639206116e-07,1.5218262585731276e-05,3.485774256535373e-05,6.609936414391305e-06,0.001440567257836308,5.042054437648276e-05,9.59375915107761e-06,3.548532619198222e-05,1.7126351347600067e-08,0.00045485222011806413,0.0014326097498771118
31,0.002194799439281312,0.00023378731445190113,0.9429299373176818,0.0004374950768582022,0.0037094084716867235,2.511338514345087e-06,0.0001901260753131995,0.0075090305796862355,0.03027260824284207,0.0003520839651783042,1.0637905656672571e-05,0.0033837769378540225,0.00011659206483528731,0.0008508650672453201,5.386078323893464e-06,7.164056883874112e-05,2.5373909894328376e-05,5.2294399932404676e-06,0.005073319724011597,7.773167097564702e-05,2.212286844822341e-05,7.843105051840319e-05,4.35669064492983e-08,0.00021035543678023325,0.0022367058882237067
32,0.0017030970002393133,0.0002623753324872073,0.9677250579469981,0.0005788628897309913,0.0034471809136096413,4.1854966691750546e-07,7.866799493290902e-05,0.008551682804621532,0.009790039165690718,0.00030027851290820155,2.8951643027465534e-06,0.0029903587598262265,0.0002218199638346255,0.000515488679356982,9.139637555552461e-07,1.702004280531267e-05,3.6900261724264876e-05,6.555114278748406e-06,0.0016973149891186185,5.189907158250089e-05,1.055492763789302e-05,3.9573443267045874e-05,1.7704643144270355e-08,0.00044284295433292615,0.001528183848648095
33,0.0015069669225096433,0.00021929775587747563,0.9701441785565342,0.0005601443528984512,0.0030442009617173884,3.8761029914613715e-07,7.579574767200203e-05,0.00777946662769804,0.009775260369026198,0.00027027627185987436,2.7301619880454707e-06,0.0025240517222200184,0.0001922728523389841,0.0004468817541140068,7.961811577590633e-07,1.56039598319419e-05,2.934574041468582e-05,5.713340898085778e-06,0.00142306094774268,4.867673116382589e-05,9.446060850407913e-06,2.893578069305136e-05,1.5535334461997905e-08,0.00041709215018923094,0.0014794019049703343
34,0.0005691054203285216,0.0005845407198254306,0.9188366471277061,0.006931568635161985,0.02110767461030486,2.8749480788782315e-07,4.4381675584140735e-05,0.031540379233138564,0.0002867464681826475,0.000817532824430565,4.825759938419492e-06,0.012377084743439364,0.00071028000482576,0.00190178199987548,1.5987861197492636e-07,1.850078638444552e-05,0.0003751830264053957,9.471830618583843e-05,0.0004222815301869739,0.0002677457697659058,4.302774203736441e-05,0.0001629981001798394,3.336589579748108e-07,0.0020299534616734665,0.0008722610220612116
35,0.0010645349814492565,0.0002200744019318319,0.9758109071302216,0.0004785969541237226,0.004054506804530328,4.2061126037372626e-07,6.307125742381201e-05,0.005188407324406922,0.0069192583359602945,0.000236388183697244,2.572396018442206e-06,0.0025045697039616983,0.00022388564414717557,0.0005828262928699861,8.34520874586443e-07,1.6117668269331885e-05,2.566109455494344e-05,4.396025142390668e-06,0.0011341341819133643,4.1030491186761476e-05,7.980415125275273e-06,2.8199723597917213e-05,1.789546642905579e-08,0.00035816001339678276,0.0010334479484695363
36,0.001718947816751287,0.00023606038864987944,0.9686469457290151,0.0004843807950114045,0.00399839355017475,2.4011911771551137e-07,5.4391249873791e-05,0.008442064885695155,0.007749013877498504,0.0002285181544171813,1.8708878872033812e-06,0.003959675238251618,0.00027219788945898635,0.0005112911852917786,7.958815980904156e-07,1.2964699565861025e-05,5.113900023599877e-05,4.327620729473614e-06,0.0017539818178126775,3.648107167738532e-05,7.643643317817375e-06,3.707276645062494e-05,1.3606394936687612e-08,0.0004305991348445642,0.0013609889902781679
37,0.002519251786971845,0.00017571331920854198,0.9802290256081397,0.00035348021696952723,0.0020004786431445905,1.9921341573036247e-07,6.340660725118585e-05,0.004286798124026957,0.0037569692065972807,0.00011236688255243492,2.123474162534471e-06,0.0034955555440671486,0.0001887810855764078,0.0005015561925508076,3.539360976214894e-07,8.165371586137803e-06,2.851664015784717e-05,7.448733680160418e-06,0.0007507228496975887,3.05640853811175e-05,5.4414451368051314e-06,2.6330384407241773e-05,1.1143199868229194e-08,0.00038930617757769546,0.0010674333284433706
38,0.0027322171370613257,0.00021657146491125035,0.9678258270250919,0.000390250890157789,0.002589046512117096,1.0050365967319545e-06,0.00016402313169455748,0.006478520109008524,0.011284183431068856,0.00032595298571723306,4.346273066197928e-06,0.0030155157437623216,0.00016464288163486453,0.0006025541439494116,1.6348254086924669e-06,4.7185154108178634e-05,2.581176610657521e-05,7.519447563637102e-06,0.0020304297916495856,6.3852028197467e-05,1.3161466590540306e-05,4.679415882819998e-05,3.0541989602904846e-08,0.0004084030145892953,0.0015605210391302037
39,0.0015968300190069358,0.0002138828734017672,0.9688970345533529,0.0006141611628009249,0.0034521343368369858,4.140788238748046e-07,7.501930123591349e-05,0.008827359544910153,0.008602390029397661,0.00028789561401956613,2.805767346027617e-06,0.0031233213893417707,0.0001978858661395502,0.0005064516463640413,7.81733665638889e-07,1.8151547347533047e-05,3.413842549766976e-05,6.464165090796789e-06,0.0015709897256241034,5.388866474127026e-05,1.100158825675003e-05,3.444275265776543e-05,1.8334533886358876e-08,0.00041281932923279124,0.0014597175503737955
40,0.0004034144380946255,0.00027935654352726944,0.9217508264935794,0.003062615513922748,0.004374630721770758,3.7120502916489616e-07,0.00013038862917467292,0.042556505795912865,0.018032874168509676,0.0023425583640149087,2.4938653134757282e-06,0.0008604958053273536,0.0005040984486232533,0.00013623736266082977,6.140173114700899e-07,3.720426889141381e-05,3.867080117130357e-05,7.233819551537049e-06,0.001354147574969005,0.00022418066389195295,1.5248537680820984e-05,1.0446241226690073e-05,3.1017623407525665e-08,0.002057443420534759,0.0018179122816866548
41,0.004622506485464056,0.00043593874248548783,0.9484839980166027,0.0010895639289397426,0.0026338278131615785,3.626799275577688e-07,0.0001551695871108873,0.01994987337065905,0.004970457280713865,0.0003695359331858368,6.347214184740379e-06,0.010496828402805308,0.00043131407290251055,0.0007139757208554624,5.766969559568987e-07,1.8108141318944543e-05,0.00014219281148439373,4.01718564615273e-05,0.0021462756396672736,0.0001397002964996862,2.07035796504302e-05,0.00012968462307006893,4.4714809354480075e-08,0.0009078185013448064,0.0020950238897387754
42,0.001741810407222282,0.0002576909769813861,0.9660577928694681,0.0006032145163302322,0.003368954257801812,4.073326730284007e-07,8.131794120943021e-05,0.010118392083868376,0.009619137237984203,0.0003172932700884502,2.9253480727563937e-06,0.0031174435661112687,0.0002038559330108827,0.0004906578032255772,9.60856591937071e-07,1.9100184344090455e-05,4.1608637990214585e-05,6.662696844664862e-06,0.001809223273401864,5.851875517417071e-05,1.1739272033810128e-05,4.500150929471576e-05,1.909659763528786e-08,0.0004598938502355947,0.0015663783234435489
43,0.002021528508668227,0.00045043992966158845,0.9302571270661002,0.001127519712012615,0.008539157762110975,1.366629573109104e-06,0.00011103441695010005,0.024722767576900343,0.018282823752927085,0.0013735181106228171,4.102410975271132e-06,0.0037591176400563462,0.00023721628681397115,0.0007046324313537062,2.3778735034892037e-06,7.04846091122582e-05,7.53993981730921e-05,1.1651109848355497e-05,0.004781576541632694,9.746149940639561e-05,3.782276427080503e-05,0.00010941019408841561,4.838382245844734e-08,0.0007234150651574842,0.0024980003262580265
44,0.0015941644215387684,0.00025339078139259563,0.9698614210818279,0.0005855701385046383,0.003404324799403973,3.8855871080310885e-07,7.500278373231461e-05,0.008050075178975056,0.008810602615649045,0.000284817402446726,2.781741023651299e-06,0.0028671300358956552,0.00022816677118706557,0.000501141457380002,7.903068639206116e-07,1.5218262585731276e-05,3.485774256535373e-05,6.609936414391305e-06,0.001440567257836308,5.042054437648276e-05,9.59375915107761e-06,3.548532619198222e-05,1.7126351347600067e-08,0.00045485222011806413,0.0014326097498771118
45,0.0016194896375637774,0.0002591723910221635,0.9698167834460769,0.0006027943090333987,0.0034086393422291146,3.9492100134989446e-07,7.534068619444264e-05,0.008044293261096234,0.008689487191484286,0.00028914285235536645,2.817958751896357e-06,0.002906842781526416,0.00022594382624484057,0.0005161491606255785,7.83098267371292e-07,1.535165955394882e-05,3.50812543212692e-05,6.914194547853903e-06,0.0014476771178303705,5.1076465483265204e-05,9.952648589146394e-06,3.608441193348677e-05,1.7572982145202248e-08,0.0004538715062606573,0.0014858983050247394
46,0.0012090905217957274,0.00022577685146022184,0.9701096463095132,0.0005497384499144862,0.003364800447705278,6.663140501402926e-07,8.521961216958069e-05,0.005307148870165496,0.012534598602742765,0.0003474263905286984,2.7028076804102554e-06,0.0020722797321529314,0.00018157195281971722,0.0006271395772569083,8.466523461807258e-07,1.967622898973821e-05,1.4520238246437413e-05,5.249285572474437e-06,0.0014874674145037602,4.532455352056591e-05,9.31993127700226e-06,2.6576174463287795e-05,1.512359780653019e-08,0.00027976133393581813,0.0014934366235911127
47,0.0013597232403712654,0.00025047825517600836,0.969798673316813,0.0006378909770278285,0.0037166754703642406,3.955849120814834e-07,7.227495569933558e-05,0.007883137883339253,0.00929591788626691,0.00029268276742577343,2.8153574323001033e-06,0.0025616755472850955,0.00023235779867736473,0.0005077485122414729,7.844218451798492e-07,1.4295511107799378e-05,3.1546242492432614e-05,6.076199862813941e-06,0.001410189711057506,4.8012521663857945e-05,9.537115386083968e-06,3.0487804519568435e-05,1.6941298481204458e-08,0.0004433453750952921,0.0013932606026389475
48,0.003855275599383759,0.0008333122813505401,0.9347686789483355,0.0010562823860368698,0.005767192442534957,3.45331921589389e-07,0.0001341960338088364,0.026869387160496434,0.010333155198720353,0.0007268476297405414,3.5683043037064973e-06,0.005368653298849785,0.0005664074125180938,0.000688984372759483,2.025301121397906e-06,2.5815654400950342e-05,0.00021869908009557778,1.3099104009998972e-05,0.004510413335697226,7.479374140968386e-05,2.1458252031681105e-05,0.00014154891368149032,4.4717471926387464e-08,0.0014284538086157634,0.002591361690703689
49,0.001261338617193343,0.00017329475132684896,0.9744175092031252,0.0004620123376730879,0.0032202253399159966,3.799229171051751e-07,5.487476602530254e-05,0.006441440873796545,0.006930295786558737,0.00020199568316687125,2.6125262275537515e-06,0.0036302698688027773,0.00020597743959747337,0.0005007540583423172,5.563095297713633e-07,1.2576691563080161e-05,2.8618182462802415e-05,6.065583887771827e-06,0.0011069573622219295,5.191929216299624e-05,7.741384229818703e-06,3.5246186610627065e-05,1.2959110671064565e-08,0.0002943919680663104,0.0009529329054851366
50,0.001627237096393988,0.0002599043453027845,0.9691170543971751,0.000598340089386295,0.003446636508535249,4.08192438685291e-07,7.84255102925849e-05,0.008174873325642358,0.00918807860651392,0.0003062424431145255,2.7549207477348833e-06,0.00284936125471902,0.00023268317317114712,0.0005159308401522991,8.183504798591048e-07,1.6313952006440766e-05,3.458221679149755e-05,6.631304484599713e-06,0.0015139568864685666,5.1413352206064095e-05,9.81006658914845e-06,3.660183300066066e-05,1.7579998908429805e-08,0.0004556651469205253,0.001476258607467826
51,0.001663570898161375,0.000278212361801321,0.969146088919179,0.0006958085009884446,0.00349110536744395,3.6937723782132155e-07,7.933114765258645e-05,0.008734092184292977,0.008258879206204406,0.0002916606215936971,3.0701507975913213e-06,0.0030721630368302083,0.00024601962018496647,0.000570367825612204,6.881452487449534e-07,1.2621640285287179e-05,3.650479433562847e-05,8.253276906240237e-06,0.001424092813561928,5.0657544745126306e-05,1.0581085011738913e-05,3.807641737708665e-05,1.7528293084078145e-08,0.00046790478348420335,0.0014198627527702969
52,0.0016401167921138782,0.00025294859299608764,0.9707485121027022,0.0005665130667027279,0.003063385780008592,4.746580090558861e-07,8.379250287504771e-05,0.007360646938035026,0.009244795159724121,0.000294609041409395,3.0803371155076006e-06,0.0027491408987564024,0.00023832884877203147,0.0005021097872386921,7.583377762780661e-07,1.5706140858120495e-05,3.0577516030622633e-05,8.067059412246725e-06,0.0012635092306088106,5.752030746214048e-05,9.105732909839868e-06,3.723564029102038e-05,1.7882395947841417e-08,0.00045568609913677975,0.0013733615466592754
53,0.0017216586493157848,0.00018695464905949438,0.9698548657769228,0.0004597391306098678,0.001186789229175799,5.327304300154733e-07,0.00018445346296695972,0.006845139355561992,0.013950929587785892,0.00028169211044369526,3.6935724150587736e-06,0.0014999096197079963,0.00016835918865259485,0.0003080986486685066,1.1205147586182505e-06,2.628065669696907e-05,2.0218392430684925e-05,6.3977969923173325e-06,0.0010832823921145495,9.229274436528369e-05,8.057645331667918e-06,2.797672210048861e-05,2.159864322416499e-08,0.0004918978478326307,0.0015896379770171981
54,0.0023135414848711113,0.0003419741602583459,0.9696581295587674,0.000527504491630568,0.0020787344948800888,6.317341630243168e-07,0.000135448547549279,0.0049654964598740935,0.010834241260178517,0.00046627852136170016,1.9101709704589325e-06,0.0026253454263994837,0.00021014238639628256,0.0007887207179755852,1.1415881321447261e-06,3.491745728281511e-05,2.070345609174282e-05,6.299401832371629e-06,0.0015684727633598842,6.182308715522512e-05,1.0227635862302823e-05,4.554022230218364e-05,2.2329139288819738e-08,0.0003568726929020965,0.0029458799506640013
55,0.0015340720578936574,0.00017413668257041488,0.9775203905931363,0.0003587312124836405,0.0015712971706493526,1.9739956300512768e-07,5.495459511109098e-05,0.004779861191486991,0.008312006253840308,0.00013902515070898593,2.010686006685839e-06,0.002786788814873237,0.0002602607759801432,0.00029402390559946654,3.0513023163985507e-07,5.409444897217751e-06,2.024013244766013e-05,6.2201200482542275e-06,0.0006954141730144103,4.3012952898239326e-05,3.6496303507181285e-06,1.909564648387525e-05,5.68630742466126e-09,0.000345097266245878,0.001073793327171335
56,0.001542442536176474,0.0002624310991125262,0.9710035569367167,0.0005775588174545378,0.003367964367171934,3.7951249450419936e-07,7.447868419565884e-05,0.0074376067459218,0.008575110663208508,0.0002739058475786704,2.8226211907810917e-06,0.002847444373717031,0.0002582958398943736,0.0005062996263207367,7.586216691560256e-07,1.3750519378613592e-05,3.4633809501781496e-05,6.736504791869697e-06,0.0013163381960570597,5.011805306874507e-05,8.8391240672449e-06,3.4333503714652005e-05,1.6697566206624525e-08,0.0004645077676813263,0.0013396695313491142
57,0.0038342018381041895,0.0005016565190230288,0.9639280512533686,0.0012261336803486374,0.0016895878797037061,7.73055949967493e-07,0.0003670043102002663,0.00787896463819384,0.01291792002387553,0.00031870960868481916,8.016940521361854e-06,0.0009016921125696575,0.00022352027129294145,0.000514923836038581,1.3310163811841207e-06,1.701487129021717e-05,2.1267524714035125e-05,2.1201714954584365e-05,0.000932313733929692,7.980421792092723e-05,1.1876752822083666e-05,2.2355016874708687e-05,5.555271629153684e-08,0.0014013465745922444,0.0031802770559289763
58,0.0016195600798231573,0.0002715915579488226,0.9707753626622699,0.0005591415367021874,0.0033420170315185595,3.2869640620793734e-07,7.443267057147719e-05,0.008234909242996991,0.008101631700842889,0.0002719042725658578,2.722011238845636e-06,0.00270159929091846,0.0002452157892123287,0.00044483612726229217,7.753918663247016e-07,1.324223066102594e-05,4.0449965504458114e-05,6.824480103281672e-06,0.001286342362869245,4.6913679074002545e-05,9.079609993616864e-06,3.4535938453128196e-05,1.7136773990963688e-08,0.0005671548746655413,0.0013494116597575182
59,0.0016368500035589871,0.00026680761231911494,0.9674945144589604,0.0006394689248071567,0.0037267336168581573,4.513968307466081e-07,7.733514880674811e-05,0.00829107903206847,0.009805579341823313,0.00031391967835084816,2.9388312617060565e-06,0.003097755288458129,0.00023704410794562857,0.0005791612185219147,8.647814496029878e-07,1.688306508801217e-05,3.435230722917773e-05,6.6577370523605065e-06,0.00169865150071244,5.2773367073240555e-05,1.0423648412948783e-05,3.880508599567648e-05,1.8277489633396457e-08,0.0004082250509841326,0.001562706517941273
60,0.0015941644215387684,0.00025339078139259563,0.9698614210818279,0.0005855701385046383,0.003404324799403973,3.8855871080310885e-07,7.500278373231461e-05,0.008050075178975056,0.008810602615649045,0.000284817402446726,2.781741023651299e-06,0.0028671300358956552,0.00022816677118706557,0.000501141457380002,7.903068639206116e-07,1.5218262585731276e-05,3.485774256535373e-05,6.609936414391305e-06,0.001440567257836308,5.042054437648276e-05,9.59375915107761e-06,3.548532619198222e-05,1.7126351347600067e-08,0.00045485222011806413,0.0014326097498771118
61,0.004758455108006763,0.0007701471161192901,0.8776598186159457,0.00346117584688287,0.01234122138719724,3.87143994653321e-06,0.0002449393358431059,0.02568047146410004,0.03508892362596407,0.0023480782991772667,6.518290061118633e-06,0.008136397277316024,0.0005056657625179297,0.0037209537997954056,3.7081287220950027e-06,0.00012803224527716382,5.8090468249949185e-05,1.7931478196302185e-05,0.01620632290155152,0.000142545021571726,5.1580226455818586e-05,0.0001831984676783999,1.2108449865126662e-07,0.00032134993379404525,0.00816048267513072
62,0.0015941644215387684,0.00025339078139259563,0.9698614210818279,0.0005855701385046383,0.003404324799403973,3.8855871080310885e-07,7.500278373231461e-05,0.008050075178975056,0.008810602615649045,0.000284817402446726,2.781741023651299e-06,0.0028671300358956552,0.00022816677118706557,0.000501141457380002,7.903068639206116e-07,1.5218262585731276e-05,3.485774256535373e-05,6.609936414391305e-06,0.001440567257836308,5.042054437648276e-05,9.59375915107761e-06,3.548532619198222e-05,1.7126351347600067e-08,0.00045485222011806413,0.0014326097498771118
63,0.0016401575074445859,0.00028704405036526293,0.9698468263201468,0.0005808189303404119,0.003281298196502402,3.827856394080845e-07,7.717242730150794e-05,0.007888665335731855,0.009119836901092452,0.0002883691371449358,2.903339871824756e-06,0.0027416073472578,0.0002445473139567722,0.0004888811099750547,8.222363273194759e-07,1.4068423530578638e-05,3.639929053995624e-05,7.030129264662266e-06,0.0013966484479281474,5.0946708994495095e-05,9.471229100106327e-06,3.68830519529109e-05,1.6877931188058875e-08,0.0004936032468375523,0.0014655996548219273
64,0.0017535443210388519,0.0002724858819368392,0.9669640518527269,0.0006440314981727389,0.00391227383949016,4.2017663643717813e-07,7.790493703569886e-05,0.00938768284633569,0.008659628875729094,0.0003051335348354241,3.2663090465520787e-06,0.003228718776276974,0.000203924357040076,0.0005528874745710718,9.445038362438118e-07,1.7602931838427196e-05,4.185339749394363e-05,7.4281708378927645e-06,0.0017704918411073523,4.921965726378902e-05,1.3937266100422701e-05,3.9498951495343494e-05,2.0661698302273603e-08,0.0004903904312425172,0.0016026575062131339
65,0.0011696585670484172,0.00015566722178615586,0.9600884547268327,0.001105400305392865,0.010383053347552535,1.6820912118454926e-06,4.921898899069481e-05,0.007146735633125059,0.0040151439974240475,0.0004762848977766063,3.7610372113257736e-06,0.009366882997231913,0.00016603257797620733,0.0019523226683865263,5.206155849265205e-07,5.076753381677441e-05,2.5887188766693453e-05,1.543045575735793e-05,0.0020510794256626916,8.146019657439719e-05,2.977765344434886e-05,5.9494012185205525e-05,4.5264631258216075e-08,0.00016225614747729004,0.0014429824481519329
66,0.002157166844723719,0.000376416242776596,0.9739377862693638,0.0004637496027005612,0.004008587268374014,1.8834762297877608e-07,5.733533657760485e-05,0.007424854114375327,0.004659453510140003,0.00012749586644673577,3.450867727343365e-06,0.002456470803546436,0.00015740582531592777,0.00046601174743073206,1.0491141706987583e-06,6.238188008512082e-06,7.128861338987383e-05,8.212384458420839e-06,0.00096418913410094,2.0981583041377593e-05,1.1375446182682976e-05,3.606018238877269e-05,2.2366328196728698e-08,0.0009967768551023867,0.001587433485706213
67,0.0009149962342494938,8.994989135299414e-05,0.9844442915009658,0.0004949435773744044,0.001789898543784755,6.24037988020012e-07,8.079183131248011e-05,0.0024589847751102594,0.0035208363776757425,0.00012586297601511996,2.4729881080756192e-06,0.0031362231056410246,0.00017535699431920775,0.0007799066782321766,5.284578918952881e-07,3.147114226741071e-05,1.2230271190048323e-05,5.1452316701095554e-06,0.0005301300167512876,0.00010049376084455717,6.1603701815525125e-06,1.7594190224703734e-05,3.3987856103375686e-08,0.00017115672336340498,0.0011099163356292092
68,0.0018741674129655736,0.00025466137418444834,0.9705249374337789,0.0006062112654218575,0.002514673922582952,4.379727205598866e-07,8.627785678318933e-05,0.008515759250352284,0.008031363866316548,0.00027277840929576167,3.4962727959814397e-06,0.0031509573195850475,0.0002111737739964432,0.0004410990839272827,7.090808513363197e-07,1.5970795548721688e-05,3.8063326171760165e-05,1.0743275124043195e-05,0.0011749937374684212,7.39289198832028e-05,1.0857975027089999e-05,4.1071097592085665e-05,2.053193649630679e-08,0.0005183359325126027,0.0016273101131773651
69,0.0012061650234254948,0.00019974986140881333,0.9756834128063296,0.0007042651447679495,0.0014190593168333517,2.1994544559880836e-07,8.82723345119195e-05,0.00788271278775517,0.006922805390866825,0.0003059899952301006,1.7206684090171994e-06,0.0016414384858547439,0.0002021856564368509,0.0002664363354629022,4.8318408440131e-07,1.7265162417083887e-05,2.7468925967849857e-05,6.3296149040671055e-06,0.0007790218681984485,9.040741828766505e-05,7.211177360529664e-06,1.7599911812630034e-05,1.5369673785472568e-08,0.0005872421561930848,0.001942521458362095
70,0.0015534391936946675,0.00024336561311931102,0.9712279287262091,0.000572358825660186,0.0033086805695348395,3.8540863497484416e-07,7.293429497409316e-05,0.007381620933731071,0.008420559864587446,0.0002691635852426493,2.686147673567899e-06,0.0028687186453095104,0.00022524642382367008,0.0005175479396947109,7.49079022950798e-07,1.4841332380667447e-05,3.251154221610195e-05,6.423340642569283e-06,0.0013536854118328845,4.950514884143538e-05,9.120537401451877e-06,3.406263047049751e-05,1.6700769417256167e-08,0.0004241268069907409,0.0014103212975413153
71,0.0014067733291426797,0.00034148573115242554,0.9671395958450213,0.0005585593676997809,0.005353487840888412,4.6467938969532036e-07,5.793184560351983e-05,0.00702267803840767,0.010563890823121126,0.00034431420534799124,2.541951333489119e-06,0.0026211965654971614,0.00024307542745682215,0.0005944954641146092,9.84825155258682e-07,1.3542082989856503e-05,3.417196806621884e-05,5.464365638308406e-06,0.0016872970108998103,3.432970922752899e-05,9.666067267387485e-06,3.775360663109291e-05,1.505491294387946e-08,0.00043882271900409124,0.001487461476030722
