,0,1,2,3,4,5,6,7,8,9,10,11,12,13,14,15,16,17,18,19,20,21,22,23,24
0,0.17858815664271555,1.5159795502630167e-05,0.7979753510868651,0.00012245734062874081,6.35562691260652e-07,1.312750086439057e-05,2.980408180631637e-06,0.007079853671485926,4.452871907686571e-06,0.0007985465600666248,0.00022071797394626575,1.2429792960687824e-05,0.007721189102300709,6.894112428393718e-05,2.00888094518289e-07,0.0006365956200768173,0.0003317734039872747,0.00613676465081269,1.0409248846958307e-06,0.00010725440467520518,0.00011892038472283332,2.063702417588889e-05,5.706951433228146e-06,1.5977225034992752e-05,1.1290877014540796e-06
1,0.13470498507503637,1.5753657656795358e-05,0.8451158542570024,0.00011699819009975638,5.14924750096206e-07,7.849774886014423e-06,2.628033614887208e-06,0.005569482279745862,2.7482531954689193e-06,0.0007091273643198989,0.00013301984387280525,1.1755860956844705e-05,0.0074948238017395925,4.895111029867591e-05,1.422683917576932e-07,0.0008365530347145285,0.0003620718618596977,0.004645628421597649,8.466667009319461e-07,9.634923368825787e-05,9.177448626676953e-05,1.3476631716338422e-05,3.8213550965744824e-06,1.3939498718437109e-05,9.04114073392406e-07
2,0.1603672928299766,1.9178663836818782e-05,0.8170374343334732,0.00014602346214616764,7.621953042859295e-07,8.608848618419359e-06,2.863624692258446e-06,0.006798947087605032,3.2969639929273535e-06,0.0006789122434607631,0.0001958772600999263,1.5461671670565913e-05,0.00817147547416736,7.109796719352884e-05,1.9646676812327346e-07,0.0007139728629856598,0.00039485310160719344,0.005120536559394572,7.731699424257065e-07,0.00011944539882170059,9.443775315260299e-05,1.833107021884651e-05,4.400365934485128e-06,1.4711819023983933e-05,1.1088059123253313e-06
3,0.18816590636611302,1.923982016317242e-05,0.7895990118651706,0.00014862359610843783,6.396258794279649e-07,8.582588028655428e-06,2.8048654908352312e-06,0.00622999508017139,2.695706506195032e-06,0.0006097174190328428,0.000188112382497869,1.439535159137865e-05,0.00850021421378982,5.168552776048279e-05,1.6280150190335253e-07,0.0006715857707796703,0.0004303850014789682,0.0051392221921569,8.45991058652616e-07,8.853610392786403e-05,9.163182053358008e-05,1.7572227576763807e-05,4.148935939587672e-06,1.3409143484049085e-05,8.756032582644009e-07
4,0.1881903944447333,2.0238843178484744e-05,0.7885310567275206,0.0001479429593577781,6.415926500412025e-07,7.4747608265968245e-06,2.839585588677862e-06,0.006144266918762677,2.7028412421923325e-06,0.000582417768768283,0.00019083723730049592,1.4740812006789097e-05,0.009602970378455682,5.617583173832518e-05,1.4893240014908497e-07,0.0006053867907656641,0.0003995200853409912,0.005276235045236817,8.241903892056997e-07,9.248207659761729e-05,9.426554412084988e-05,1.8309209501762574e-05,3.8006615398034415e-06,1.3493312237052678e-05,8.334497401927566e-07
5,0.17993749317743954,1.8625554567312372e-05,0.7976169113099633,0.000164602462090202,6.910179526111591e-07,7.902774945642455e-06,2.5745337865151557e-06,0.005644874234822466,2.6324063502454726e-06,0.0006160756489948228,0.00018172711583737804,1.2799670021359892e-05,0.008655334534207386,5.397268973256218e-05,1.4174095080210645e-07,0.000584133520015064,0.00039970867816329844,0.005876829991600349,7.909169306861348e-07,9.576027189449834e-05,9.21304860353481e-05,1.493882425424551e-05,4.4877558589726515e-06,1.4108091023169146e-05,7.525925623533824e-07
6,0.18816590636611302,1.923982016317242e-05,0.7895990118651706,0.00014862359610843783,6.396258794279649e-07,8.582588028655428e-06,2.8048654908352312e-06,0.00622999508017139,2.695706506195032e-06,0.0006097174190328428,0.000188112382497869,1.439535159137865e-05,0.00850021421378982,5.168552776048279e-05,1.6280150190335253e-07,0.0006715857707796703,0.0004303850014789682,0.0051392221921569,8.45991058652616e-07,8.853610392786403e-05,9.163182053358008e-05,1.7572227576763807e-05,4.148935939587672e-06,1.3409143484049085e-05,8.756032582644009e-07
7,0.06355042450877081,2.2922871366410388e-05,0.9179211764069133,0.0001938892132567795,1.454852818563132e-06,2.437192251102668e-05,2.962147935245621e-06,0.004592109805029686,7.111017269869752e-06,0.0021110575453975136,0.0001083564861295149,1.4919664514782932e-05,0.00264411793239189,0.00012017990516161392,4.744241870948302e-07,0.002167725133051639,0.0008761775155226363,0.005256385362104603,1.45585948666547e-06,0.00017337735780697413,0.00013558938070335638,1.1387698746703439e-05,2.1106926143172384e-05,3.7096378739854026e-05,4.169684040266474e-06
8,0.13697739950762938,1.7342949471038173e-05,0.8491264957302253,0.0001228005745299945,5.566473627271884e-07,6.380279780268661e-06,1.4900149769544128e-06,0.00335134141401871,2.46832403317232e-06,0.0006228529547240137,0.00010644880730176021,9.87989554035291e-06,0.005272167413965738,4.684242813675578e-05,1.1125997686462636e-07,0.0005200420150007913,0.00034599442388139783,0.0033077188100363113,4.3184804685677515e-07,7.396011804855603e-05,5.719714366410106e-05,9.275165745966707e-06,4.200531654426083e-06,1.57527309610898e-05,8.490112877422891e-07
9,0.2909670237276267,1.924269171465713e-05,0.6803656598577428,0.0001797414347642018,7.768977057494967e-07,1.1051279896810048e-05,4.447953846099536e-06,0.008450398191110728,2.8343035229017843e-06,0.0004704772494502867,0.00030110291063090497,1.874212987645803e-05,0.011218501019467884,4.575786724677571e-05,2.1111760217191368e-07,0.0006355125292454838,0.0005025733370479353,0.006569883734666203,1.2395596615123345e-06,7.763639960090471e-05,0.00011332713811096396,2.7177835484336195e-05,4.298156454584882e-06,1.158000618046026e-05,8.02671342695995e-07
10,0.18816590636611302,1.923982016317242e-05,0.7895990118651706,0.00014862359610843783,6.396258794279649e-07,8.582588028655428e-06,2.8048654908352312e-06,0.00622999508017139,2.695706506195032e-06,0.0006097174190328428,0.000188112382497869,1.439535159137865e-05,0.00850021421378982,5.168552776048279e-05,1.6280150190335253e-07,0.0006715857707796703,0.0004303850014789682,0.0051392221921569,8.45991058652616e-07,8.853610392786403e-05,9.163182053358008e-05,1.7572227576763807e-05,4.148935939587672e-06,1.3409143484049085e-05,8.756032582644009e-07
11,0.1932309899816031,2.0206425307802193e-05,0.7837205323802084,0.0001496500214596384,6.535308646066084e-07,8.024827188623785e-06,2.9208403949575134e-06,0.006157536315876001,2.7329082395452657e-06,0.0005807728014096096,0.00019406116171218003,1.539161992638464e-05,0.009500659102148458,5.271290179995672e-05,1.607976899469791e-07,0.0006567653596970077,0.0004195027424501898,0.005064849320095416,8.484163205788708e-07,9.165587493052356e-05,9.185808366533121e-05,1.8771767679228414e-05,3.866365980524469e-06,1.4002267729791967e-05,8.741856220886262e-07
12,0.10655867699852885,8.0799750255153e-06,0.8828042604045291,5.434947147515344e-05,1.6172960140411968e-06,8.492863285698663e-06,1.7060183833193883e-06,0.001832198929573442,2.855219162483237e-06,0.0003734933466072514,0.00013529579512381774,8.9120164055725e-06,0.003968677838499589,5.289484547841532e-05,6.80599828914826e-08,0.00033583906908266526,0.00033807370143637674,0.0032477304683535056,1.626708705056188e-07,0.0001498391832248306,7.980301506052475e-05,6.893542149488352e-06,5.868916636452658e-06,2.321494867176711e-05,9.954064387936698e-07
13,0.19318944481904893,1.9381565118001266e-05,0.784047494099671,0.00014772111416252141,6.466298987537036e-07,8.392154227347805e-06,2.85154051258663e-06,0.006472172038044168,2.708922372738731e-06,0.0005926645468452977,0.0001979139493909464,1.4944663434951906e-05,0.008737516674063714,5.349229459215923e-05,1.6511365467838135e-07,0.0006572856228179465,0.00042448180741469575,0.005211416308814353,8.429787610444382e-07,8.925068447993622e-05,9.273824806610882e-05,1.837990595011927e-05,4.019093368108026e-06,1.3191901905337861e-05,8.833233842597117e-07
14,0.2777027925957766,3.408483599087916e-05,0.6794206001837753,0.0004238445316668259,1.5359506972677268e-06,8.150749974938922e-06,3.892374451394323e-06,0.0065792858187061435,2.173362278442074e-06,0.0006178291448873294,0.0003534187492395701,1.2271733455899177e-05,0.018618757640521406,6.122388103147811e-05,1.528187273223919e-07,0.0004884265411169685,0.0007160279983941026,0.01453051914147351,2.1823846761330523e-06,0.00011304216511870538,0.00025779116333579893,2.394293158033032e-05,7.275804442429866e-06,2.0302143399903175e-05,4.753552812629849e-07
15,0.18816590636611302,1.923982016317242e-05,0.7895990118651706,0.00014862359610843783,6.396258794279649e-07,8.582588028655428e-06,2.8048654908352312e-06,0.00622999508017139,2.695706506195032e-06,0.0006097174190328428,0.000188112382497869,1.439535159137865e-05,0.00850021421378982,5.168552776048279e-05,1.6280150190335253e-07,0.0006715857707796703,0.0004303850014789682,0.0051392221921569,8.45991058652616e-07,8.853610392786403e-05,9.163182053358008e-05,1.7572227576763807e-05,4.148935939587672e-06,1.3409143484049085e-05,8.756032582644009e-07
16,0.26030612593827385,2.3664943804705805e-05,0.7094907741253427,0.00019260852133114745,7.833405207339363e-07,9.459753191399243e-06,3.879439408375292e-06,0.009622136469444455,3.1039669061530066e-06,0.0005569529870564307,0.00031197557192786155,2.216878987093276e-05,0.011063210576002503,6.665484539151435e-05,2.405951589742761e-07,0.0006949537170641655,0.00048412742965612583,0.006894661039579581,1.192438828638223e-06,9.390604144911961e-05,0.00011117899905234077,2.8372026190575376e-05,4.350639770561852e-06,1.2509873816223406e-05,1.0079309607213047e-06
17,0.17261116957260617,2.036919651551917e-05,0.8051663403267407,0.00015579194727036698,5.548927552405774e-07,9.790863764018469e-06,2.660224600000896e-06,0.007053515052618604,2.7155326541864283e-06,0.0007504557804347956,0.00017496305716142204,1.4087659198363283e-05,0.0075937525518428575,5.012661929530736e-05,1.974728844470649e-07,0.0008639707086492818,0.0004642469580602812,0.00485292828756479,9.689434823915375e-07,8.835905571294667e-05,8.705373124410878e-05,1.760820766341498e-05,4.336884716605919e-06,1.3054250396309372e-05,9.82222167739708e-07
18,0.13391682323259396,1.9442080754922082e-05,0.8452414353263051,0.00010802889348121006,6.571085253811306e-07,9.471759105001695e-06,3.6839837183165902e-06,0.005136264183814379,3.5984124649208773e-06,0.0007315539415491692,0.00016159597206286466,1.6636983278285286e-05,0.007574139620680714,6.957572577586001e-05,1.8811000869170255e-07,0.0009769319211759098,0.00045111184178694627,0.005296174594329279,1.0318279513105971e-06,0.0001170409170057076,0.00012197120160114774,1.6072902652121063e-05,5.490786088745682e-06,1.9532917364022974e-05,1.5457559258244752e-06
19,0.29994345637835135,7.112953336033405e-06,0.6763084260436673,3.343938412197551e-05,2.450578998999883e-07,3.805812580009616e-06,2.1260059390928896e-06,0.006910244205796833,1.2925248926427853e-06,0.00023785082534462642,0.0002993127285558161,7.1388331706053965e-06,0.005560282499398542,3.69715168321053e-05,4.6352067702789346e-08,0.0002886843986740661,0.00024656333752482747,0.009886738183459514,6.72045295208205e-07,3.509656953751e-05,0.00017057820209651043,1.0329120846067555e-05,2.762950969985528e-06,6.374705481808778e-06,4.493641601429902e-07
20,0.23607963693346276,2.4358505502078608e-05,0.7331274591733166,0.000193379317515669,7.55399720310518e-07,9.711635701888925e-06,3.351848756055215e-06,0.009941060186986234,3.4693719258509034e-06,0.000662131029873806,0.00029246004019469764,1.7287093354800828e-05,0.012186811701333036,7.24954734921833e-05,2.33039819074495e-07,0.0005940479937399107,0.00041551270693447167,0.006106604844539592,1.1212126947218949e-06,0.00010835948333810693,0.0001095028462694533,3.2788117532825024e-05,3.92397116499996e-06,1.2619765885817681e-05,9.183069452190004e-07
21,0.14259412299572058,1.8088611501023636e-05,0.8384377290110909,0.0001093999782536065,4.715488108679731e-07,4.045304296776967e-06,2.021245510114105e-06,0.0042590099031078665,1.9014434804618573e-06,0.00048333473003040806,0.00012402624581312244,1.3739198971186588e-05,0.008343988382642959,5.059975600767903e-05,8.663961933872891e-08,0.0006052076873347088,0.0003341400781150147,0.004434551439895727,5.029771524374037e-07,8.625612020667779e-05,7.004423407490995e-05,1.0562604265409906e-05,2.7078972066768612e-06,1.275681406263103e-05,7.051528287758643e-07
22,0.15617319807476795,1.8300709352655744e-05,0.798933914258943,0.0005931665730945388,3.860038339393873e-06,3.433229053811789e-05,5.46137440423674e-05,0.0028484095973626486,0.00010990063824538939,0.0007732667625477974,0.00023764042357938411,0.00010974095589995103,0.0291805226401461,0.0001789451827089467,5.673528631287429e-06,0.0044285098632071765,0.00017902182958765494,0.005110462604831054,7.139939772369499e-06,0.00045532090709512183,0.00012840023203830464,3.6779821774874435e-05,2.090854348405754e-05,0.000356571019207563,2.1399820802151974e-05
23,0.18816590636611302,1.923982016317242e-05,0.7895990118651706,0.00014862359610843783,6.396258794279649e-07,8.582588028655428e-06,2.8048654908352312e-06,0.00622999508017139,2.695706506195032e-06,0.0006097174190328428,0.000188112382497869,1.439535159137865e-05,0.00850021421378982,5.168552776048279e-05,1.6280150190335253e-07,0.0006715857707796703,0.0004303850014789682,0.0051392221921569,8.45991058652616e-07,8.853610392786403e-05,9.163182053358008e-05,1.7572227576763807e-05,4.148935939587672e-06,1.3409143484049085e-05,8.756032582644009e-07
24,0.19875220976749497,2.9058298530734945e-05,0.7738270373278464,0.00026401917960125845,7.60039410368039e-07,8.605887732890232e-06,3.141727783479642e-06,0.0070245257145397895,2.8397682037702954e-06,0.0007504508750910105,0.00020003386134648433,1.5942709291939037e-05,0.010932457731348514,6.130665578144682e-05,2.083432968661617e-07,0.0007554688477851577,0.0005276021257339046,0.00659893416710494,1.265210758138853e-06,0.00010000202700131166,0.00010236442508038773,2.051163170327899e-05,5.106763173401838e-06,1.528305440993871e-05,8.638599495787492e-07
25,0.22213494114985563,1.581933018480605e-05,0.7458547437941644,0.00015150520342945478,8.177388289097943e-07,6.6921751081495004e-06,3.5976690429791354e-06,0.010298162117643641,2.2416829268825844e-06,0.0004396374800967136,0.0003056547834928998,1.661801159793067e-05,0.011674369394225444,6.201061359508536e-05,1.4174758903964704e-07,0.0005211844199827618,0.00038020637307408265,0.007869138095044652,7.72396691407749e-07,0.00012025503380349992,0.00010731793448409097,2.156076250139554e-05,3.1281167673922297e-06,8.851854754273705e-06,6.321211145759287e-07
26,0.13779536796144295,1.172749956872025e-05,0.8487855794220464,9.676249349998092e-05,5.736360589383262e-07,5.8540435806464465e-06,1.4967473994892124e-06,0.0024377348064795194,2.394215392960442e-06,0.000486670923497095,9.86277163692627e-05,7.58110955049259e-06,0.00533175110224157,3.940519499226526e-05,7.011375607403558e-08,0.00039960731734048756,0.00027982343854474095,0.004051079770278043,3.62815429859648e-07,7.561932354973846e-05,6.334143114084407e-05,6.6880342978921505e-06,4.501603785823073e-06,1.676282474149549e-05,6.16455014637791e-07
27,0.22900062339593621,2.080087124745558e-05,0.745343668509386,0.0001809810763871272,8.01551189214071e-07,1.1412110150951608e-05,3.4784232208729614e-06,0.008030046634354684,4.23773803860407e-06,0.0006518146186607535,0.00024691719727391946,1.8812511782429284e-05,0.009947398551280833,6.119034223719129e-05,2.582494897453452e-07,0.0007046257827063319,0.00040649982451164456,0.005127624862485148,1.0558747824308572e-06,9.996604668713029e-05,8.915111818951167e-05,2.727488330400369e-05,4.5443228654796715e-06,1.567916637495998e-05,1.1363374571528592e-06
28,0.18816590636611302,1.923982016317242e-05,0.7895990118651706,0.00014862359610843783,6.396258794279649e-07,8.582588028655428e-06,2.8048654908352312e-06,0.00622999508017139,2.695706506195032e-06,0.0006097174190328428,0.000188112382497869,1.439535159137865e-05,0.00850021421378982,5.168552776048279e-05,1.6280150190335253e-07,0.0006715857707796703,0.0004303850014789682,0.0051392221921569,8.45991058652616e-07,8.853610392786403e-05,9.163182053358008e-05,1.7572227576763807e-05,4.148935939587672e-06,1.3409143484049085e-05,8.756032582644009e-07
29,0.18816590636611302,1.923982016317242e-05,0.7895990118651706,0.00014862359610843783,6.396258794279649e-07,8.582588028655428e-06,2.8048654908352312e-06,0.00622999508017139,2.695706506195032e-06,0.0006097174190328428,0.000188112382497869,1.439535159137865e-05,0.00850021421378982,5.168552776048279e-05,1.6280150190335253e-07,0.0006715857707796703,0.0004303850014789682,0.0051392221921569,8.45991058652616e-07,8.853610392786403e-05,9.163182053358008e-05,1.7572227576763807e-05,4.148935939587672e-06,1.3409143484049085e-05,8.756032582644009e-07
30,0.18816590636611302,1.923982016317242e-05,0.7895990118651706,0.00014862359610843783,6.396258794279649e-07,8.582588028655428e-06,2.8048654908352312e-06,0.00622999508017139,2.695706506195032e-06,0.0006097174190328428,0.000188112382497869,1.439535159137865e-05,0.00850021421378982,5.168552776048279e-05,1.6280150190335253e-07,0.0006715857707796703,0.0004303850014789682,0.0051392221921569,8.45991058652616e-07,8.853610392786403e-05,9.163182053358008e-05,1.7572227576763807e-05,4.148935939587672e-06,1.3409143484049085e-05,8.756032582644009e-07
31,0.2276237008185863,2.9017542928127746e-05,0.7364845042541055,0.0004804639072440738,2.7653361801192165e-06,2.4725086351416707e-05,7.591437821633681e-06,0.005805665316819139,8.643957311692181e-06,0.0008282795029647472,0.0003778075963075924,2.8765358760995914e-05,0.01711961017700098,9.849890986050559e-05,6.795592191066214e-07,0.0010891342219537376,0.0006035975340270251,0.00885980744983122,2.131858728505297e-06,0.0002573586461917391,0.0001674237649047253,3.591522028779947e-05,1.2952011432980541e-05,4.8945789727610536e-05,2.0147414527590097e-06
32,0.19376114807956069,2.082025632866422e-05,0.7821748549573426,0.00016717551496585472,6.794912557517177e-07,9.47264877043478e-06,3.150738775075367e-06,0.006710352386372875,2.935447672993803e-06,0.0006619518732150042,0.00019931959528006002,1.5149077305086295e-05,0.009132015502354898,5.3410862227525176e-05,1.8748499447469515e-07,0.0007491228262660654,0.0004611423552608456,0.005641748152545454,1.0617511240146495e-06,9.26275145523404e-05,0.00010217074047076094,1.9470774459968122e-05,4.584425181143972e-06,1.4513009511785097e-05,9.34534205324871e-07
33,0.17494057319887213,1.8024074531315936e-05,0.8043324393074371,0.00013847581078674616,6.30661134798161e-07,8.773296306513916e-06,2.6290616665804903e-06,0.0059039641477288485,2.789144254221291e-06,0.0006321993496541402,0.0001752853553582598,1.327554640708568e-05,0.00763504749284327,5.258385268170904e-05,1.6024705147557995e-07,0.0006534923814491906,0.0004073711573037087,0.004868341619302824,7.829196064286444e-07,8.84138086640462e-05,8.994636744174173e-05,1.6114874772007176e-05,4.296229649298078e-06,1.3488339891811143e-05,9.017552047521866e-07
34,0.004927118315400175,5.9230671932356e-05,0.9676006542003993,0.00013862829126426972,9.841219147416973e-07,1.9956544985919654e-05,1.9051364337352378e-06,0.0026505758780470123,2.7144890560029376e-06,0.006756988082308782,2.8306826297345745e-05,1.7068688794033413e-05,0.0018259238998057877,0.00023422530950058826,3.974829775533139e-07,0.009897410886570054,0.003096351568677888,0.0017195300354517131,7.783128420158516e-07,0.0008476373712941694,0.00010039692017934023,7.3312207128563935e-06,2.0047965856054708e-05,3.607548923135774e-05,9.76229006699392e-06
35,0.1425626928188945,2.1478608070770053e-05,0.8373429245369334,0.00017731244586867445,8.075075204266231e-07,8.307757386972842e-06,2.612518253641884e-06,0.005014097979458861,2.7612351862795703e-06,0.0006595293697059148,0.0001646740417312644,1.3281068583566567e-05,0.008102554279216053,6.6203014423435e-05,1.8965561858588642e-07,0.0006516396602227949,0.00042841002437141103,0.004532612814674838,6.870649307016667e-07,0.00011942647722761611,9.167806769510903e-05,1.4682999250006395e-05,4.952455604358869e-06,1.5474586835930213e-05,1.0090123348663896e-06
36,0.18831471683084658,1.9028888215010935e-05,0.7896158641219737,0.0001484207490396964,6.462567334810221e-07,8.574381178517913e-06,2.7963851083597224e-06,0.0061353981324191705,2.6992664566762533e-06,0.0006044381846347458,0.00018808116972186405,1.4260972786212864e-05,0.008441815985455394,5.152561248406532e-05,1.6193163930533583e-07,0.0006617866745007688,0.0004266901720052468,0.005146309997861469,8.391377481845029e-07,8.818014744974045e-05,9.187577319445052e-05,1.731264826695071e-05,4.183459908204157e-06,1.35203246711234e-05,8.727957010439225e-07
37,0.19341776950566547,1.3283501100542442e-05,0.7894246003730611,9.479766373523442e-05,6.31407721224759e-07,4.402377916365897e-06,2.370835219748146e-06,0.003140768809819405,2.34871050561899e-06,0.000325114726516512,0.0001455111520502056,1.2819249875916554e-05,0.008245578378176289,4.401226517687685e-05,7.426614151432172e-08,0.00035544767759933266,0.0002736966894224121,0.004328255344702126,4.1444588807242764e-07,6.742077800208635e-05,7.201203371032532e-05,1.0301426378463756e-05,3.0091708804568707e-06,1.471757988981067e-05,6.416308449223213e-07
38,0.18590553582031058,1.9468357665134852e-05,0.7893641959766958,0.0001483359272068203,5.007013626234935e-07,1.263689740548002e-05,4.166324921313883e-06,0.006769692124942431,2.6559115900393406e-06,0.0006655830628361112,0.0001812019768527252,1.738309176745164e-05,0.009818911081610246,3.471420908966237e-05,2.168752554972047e-07,0.0012601730554673914,0.0005582927224982911,0.005007968813728622,1.3477863480346463e-06,9.640348790885544e-05,9.184490595247384e-05,1.889551446747812e-05,4.579904824427832e-06,1.428696335081648e-05,1.0085059416221832e-06
39,0.1854255852335188,1.8668567297829824e-05,0.7915219517777049,0.00013573173162054138,5.932725957323218e-07,8.994911519323865e-06,2.9704585474977003e-06,0.007102854257188697,2.550797107936046e-06,0.0006226983813457665,0.0001921056624626929,1.4908360306486903e-05,0.008390409497737976,4.900016060972046e-05,1.6492214159802618e-07,0.0007544336569155914,0.0004552395767825232,0.0050822258856272244,9.030112581797392e-07,8.811897752169098e-05,9.43298722486468e-05,1.8770390245484295e-05,3.869695096663076e-06,1.202927628590132e-05,8.916663125159288e-07
40,0.1498758475430209,3.0685085877158475e-05,0.7807963481146153,0.0009343643396301599,1.1142307522045653e-06,2.224429622692694e-05,6.299709854295897e-06,0.013958789254574574,6.500505188268466e-06,0.0030203472388778754,0.00020239693259598612,1.1463545610047245e-05,0.016142260754321815,7.301966562102224e-05,5.753720901143772e-07,0.0038194366103714685,0.0007636083395620401,0.02971875007708311,9.406697575902118e-06,0.0003240037927667126,0.0001990728612350411,2.0735911486774564e-05,2.1055769302265982e-05,4.0507807937083715e-05,1.1655438229173204e-06
41,0.21592173667680764,1.7559661542561337e-05,0.7639481835273535,0.0002569745633412047,9.556512861274263e-07,1.2504876561636033e-05,2.686613920350159e-06,0.0065426995602659264,3.382637887084572e-06,0.0006112640218625551,0.00020066053709516765,1.5219701061735643e-05,0.006945130157888414,4.214322653991404e-05,2.787586037023013e-07,0.0006600435873218416,0.00042712059487904106,0.004210836393469428,7.852693021252255e-07,8.316604359833074e-05,5.994971481037325e-05,1.6512912869579377e-05,5.134225440237469e-06,1.4170568643361492e-05,9.005176478200742e-07
42,0.13928323432752385,9.5348915536036e-06,0.8469629166165363,0.00010737071528014349,6.635406859087339e-07,4.771447003620591e-06,1.6897725708853586e-06,0.0022821430221123605,2.687729454548013e-06,0.0004005507084861286,0.00011704316482691428,8.894262636707224e-06,0.004399151846652719,6.053583265113118e-05,7.48445422053274e-08,0.000277330280739161,0.00020206909744097554,0.005714475413439642,3.1913695499328854e-07,6.849329604362037e-05,6.885692338094558e-05,4.431859035204862e-06,5.832756462744933e-06,1.6224954334712983e-05,7.035596509913689e-07
43,0.14974987326182626,1.8596689830596057e-05,0.8251489361663171,0.00014852592546350327,6.314820794864439e-07,1.818100347098668e-05,2.6550961598127937e-06,0.009570491732462256,3.423802725828293e-06,0.0011979096343351153,0.00019374891307099827,1.0710873744941358e-05,0.006925470903422086,5.438888069176493e-05,2.3633615902523703e-07,0.0009383186676983835,0.0004968238551004151,0.005243503486324035,1.234740359606323e-06,0.00011661329597228444,0.00011725264161955785,2.320021085804171e-05,5.685035510860746e-06,1.2566046872119412e-05,1.021317924869915e-06
44,0.18816590636611302,1.923982016317242e-05,0.7895990118651706,0.00014862359610843783,6.396258794279649e-07,8.582588028655428e-06,2.8048654908352312e-06,0.00622999508017139,2.695706506195032e-06,0.0006097174190328428,0.000188112382497869,1.439535159137865e-05,0.00850021421378982,5.168552776048279e-05,1.6280150190335253e-07,0.0006715857707796703,0.0004303850014789682,0.0051392221921569,8.45991058652616e-07,8.853610392786403e-05,9.163182053358008e-05,1.7572227576763807e-05,4.148935939587672e-06,1.3409143484049085e-05,8.756032582644009e-07
45,0.17978046635734155,1.882059869566589e-05,0.7995313862466408,0.00013176051943652813,5.883809112552276e-07,7.786254286693301e-06,2.4359173060651497e-06,0.005575571956191828,2.4729404483160558e-06,0.0005979215808917888,0.00017468801474832733,1.307521555615891e-05,0.007866860946528697,5.2110013346378514e-05,1.3607871980414015e-07,0.0006047623309447701,0.0004154887624927843,0.005014254081755388,7.400409978346496e-07,8.340168402359475e-05,9.149779229406062e-05,1.5733465336491355e-05,4.076124975989335e-06,1.3132583510618016e-05,8.321126187055836e-07
46,0.12331717735487517,1.0629797042262539e-05,0.857492605302086,9.84479627360311e-05,5.760855068813952e-07,7.09814901681829e-06,2.3221089576249227e-06,0.005106828148865651,3.7007098416567004e-06,0.0006610754734719459,0.00014713747570140303,8.78890339820524e-06,0.006333184285527065,7.103579037926535e-05,1.3047315825207001e-07,0.0005028520918523145,0.00020594819251843616,0.005784562624905663,6.783509753740481e-07,0.00010736267118664353,0.0001073369053414642,1.0424296481384813e-05,4.419499242353647e-06,1.478962543682254e-05,8.87721495345871e-07
47,0.17869268558472634,1.802492310030945e-05,0.799514836873494,0.00015112695595379303,6.538511432543854e-07,8.667726060005714e-06,2.73432853119837e-06,0.006080684044986453,2.729451326469543e-06,0.0006253105924923048,0.0001829384452626542,1.3255584041911412e-05,0.00801803317174512,5.3543853404710207e-05,1.6048861507870305e-07,0.0006390540896960932,0.00040879488207092794,0.005367116039517961,8.340043104137877e-07,8.967275163725925e-05,9.456420862109078e-05,1.6046514437903482e-05,4.405720344869431e-06,1.3272447552756724e-05,8.534669273449459e-07
48,0.26927398214568377,4.983820760855555e-05,0.6980219611424666,0.0002943049815981315,5.903905624476631e-07,1.2403324809687852e-05,3.924703301423883e-06,0.011848274172053724,1.984062953506928e-06,0.0008761284686740452,0.00024426672086891066,2.0895616795319787e-05,0.010613213927700359,4.6644370042041675e-05,2.760071103662225e-07,0.001105578888020844,0.0011818052662414692,0.006173742702421885,2.038832795820367e-06,6.793420421022317e-05,0.00010879190827467563,3.5858366847607e-05,5.228032344230658e-06,9.421436978944115e-06,9.121196355730098e-07
49,0.16226709412704712,1.6465489057438514e-05,0.8190634348385221,0.00011219597989007297,5.413025757024396e-07,7.875606775276937e-06,2.1942767990697003e-06,0.005063794667695985,2.3063049392095836e-06,0.0005499227704070958,0.00015676981499222035,1.2599906508974587e-05,0.007529692249141133,4.6993160242093116e-05,1.1652860849060965e-07,0.0005474140603759134,0.0003820791145200374,0.004046202045192349,5.391001511809308e-07,8.669164846251821e-05,7.474087925800118e-05,1.4673862908964936e-05,3.452964239425478e-06,1.1457824508066938e-05,7.514771817618492e-07
50,0.18745251196103416,1.936785202613788e-05,0.7898977108863096,0.00014774801500985315,6.353458150369194e-07,8.606050678741643e-06,2.8839122139899166e-06,0.0064346627189672085,2.7263103501676042e-06,0.000619351455637478,0.00018896586118221354,1.444175239290778e-05,0.0086468295562203,5.240583263128493e-05,1.641381578951255e-07,0.0006784648878086619,0.00042933620231455877,0.0051830027864292775,8.724093906607553e-07,8.932434277347458e-05,9.37550111154146e-05,1.8023091925631735e-05,4.114690420248423e-06,1.3215486373538502e-05,8.79442821692019e-07
51,0.2363506596790838,5.0640875211784024e-05,0.7281712257256651,0.0003837956170989934,6.401718224250154e-07,6.831585440784623e-06,2.458016380083892e-06,0.012186613682680774,2.3889684740215618e-06,0.0008654057293816789,0.00025351515198939975,1.7173514641889214e-05,0.01353188001135961,8.570312056009548e-05,2.413139921924703e-07,0.0005731329093750211,0.0005596877858925945,0.0067207544939991495,1.3587238060955093e-06,9.002798047203699e-05,9.822005517808764e-05,3.3849785630230475e-05,3.7401762652106113e-06,9.356419440201775e-06,6.985061588639156e-07
52,0.19083046063094042,1.912196211183227e-05,0.7847765737082067,0.00016393767744414325,6.318213853169571e-07,9.601634712481333e-06,2.7819121373567583e-06,0.007079666359873514,2.8853725492713942e-06,0.0006983583509670867,0.000200215998911735,1.403995230537816e-05,0.008864151538833806,5.236963066491849e-05,1.7452884006779434e-07,0.0007296907413925826,0.0004292830515784174,0.00589709946362152,9.687033672844629e-07,9.742618113556133e-05,9.290347206306846e-05,1.8552659821781005e-05,4.444972453968948e-06,1.3812251370240047e-05,8.474233114906423e-07
53,0.19064311271130646,1.5647418811807213e-05,0.7863876679461967,0.00012710171468662676,7.493346634162559e-07,1.0388346273863791e-05,5.321208692217901e-06,0.006366827309469949,3.6306921488184783e-06,0.00048083691766867353,0.00021441043337376106,2.0790605389526628e-05,0.008895066624612164,5.7080847438995146e-05,2.281464713875171e-07,0.0008176325342827694,0.0004212876065179203,0.005289585803433713,9.240987283677322e-07,0.00010482288974510343,9.874247432561669e-05,1.7996210422913257e-05,4.877043607810925e-06,1.3985284527113949e-05,1.2857972040995753e-06
54,0.10984180573298838,2.2899722227200122e-05,0.8718476962985583,0.00010839001919394576,5.441433495950969e-07,7.564162116892577e-06,2.9592938299786095e-06,0.0052909980697472625,3.477109227035135e-06,0.0008034302668656778,0.00012004282566960372,1.8814453210697947e-05,0.006650720195858495,7.007220423067549e-05,2.258606055261782e-07,0.001252602782266221,0.00042523491461811684,0.003298549612796752,8.070221353802391e-07,0.00011288563993288499,8.110743822257957e-05,1.5170742532086838e-05,4.0648937988515624e-06,1.806298587041366e-05,1.87361014729629e-06
55,0.22309865410798693,1.4477383729893894e-05,0.7535671191408916,0.0001624537104774559,8.924017923793534e-07,7.080534187348581e-06,4.931226244312843e-06,0.0037832742678179892,3.8773781904207435e-06,0.0003393310530389929,0.00019159037119760382,2.613681598758964e-05,0.01221263333370422,4.3879214323528e-05,1.688940899830666e-07,0.0007090697538114864,0.0003192473713839902,0.005305233510640748,8.303768469666448e-07,9.375631267410633e-05,7.279277966788486e-05,1.4307904443698499e-05,3.9863138828037475e-06,2.322754389552586e-05,1.0482990925395836e-06
56,0.19348710201902644,1.9822022000659938e-05,0.7836579705890896,0.00014968731034849657,6.42656529328465e-07,8.398977260135603e-06,2.890686183609117e-06,0.006294122226592134,2.7396247111755526e-06,0.0005978973848871438,0.0001937133402069853,1.495083144356078e-05,0.009009770760728527,5.269877620421257e-05,1.6169496883488145e-07,0.0006557364619653934,0.0004265773025665219,0.00520559020666878,8.618810709376971e-07,8.915986265932466e-05,9.259771634371371e-05,1.8444589455261713e-05,4.055360709953966e-06,1.3535971864199899e-05,8.717465148703483e-07
57,0.18235353401183144,2.2868441432288823e-05,0.7920997105193146,0.00015507797540393334,6.064889028910646e-07,7.816354662328036e-06,3.3387632967162273e-06,0.006641408838245222,2.6502685358178033e-06,0.0006421913107437811,0.00018656067329662288,1.5903387591235084e-05,0.010805625286735808,5.2895832497611084e-05,1.709289340755179e-07,0.000830477696740628,0.0004579836379871965,0.005472880138492099,1.1582969379439788e-06,9.516497101390902e-05,0.00011231416506087985,2.042963929153403e-05,3.760464632043993e-06,1.455933828413762e-05,9.125701353105523e-07
58,0.18366662362954145,1.940349605617565e-05,0.7943623197125498,0.000152164981750684,7.368970247744132e-07,8.431073520732736e-06,2.970647687263286e-06,0.005147206636737987,3.0876539856250764e-06,0.0005902598938355051,0.00018455678151951233,1.5113522323512224e-05,0.009292774076349982,5.360599188892972e-05,1.6518762366281164e-07,0.0006783725936221248,0.00040494029939379026,0.005181751828468721,8.638495513147458e-07,9.912233665283926e-05,9.542815061677667e-05,1.6914377389320455e-05,4.5136888382794455e-06,1.7709236803832432e-05,9.634562672756972e-07
59,0.23578090894937936,2.1139273505281566e-05,0.7375622730591397,0.00017917256906122952,6.208267538948497e-07,1.0017112540337568e-05,3.3351107260219485e-06,0.008973347047900686,2.635804637349329e-06,0.000609868452950413,0.000240998744319301,1.678300274785156e-05,0.009253418169980359,5.0551830923266686e-05,2.0408105996371683e-07,0.0007083448453615635,0.0004999647483225437,0.005873579282634734,1.0819302344307226e-06,7.947333084369515e-05,9.344612307523335e-05,2.332471356190542e-05,4.132074928227048e-06,1.0534286816889674e-05,8.446285958690199e-07
60,0.18816590636611302,1.923982016317242e-05,0.7895990118651706,0.00014862359610843783,6.396258794279649e-07,8.582588028655428e-06,2.8048654908352312e-06,0.00622999508017139,2.695706506195032e-06,0.0006097174190328428,0.000188112382497869,1.439535159137865e-05,0.00850021421378982,5.168552776048279e-05,1.6280150190335253e-07,0.0006715857707796703,0.0004303850014789682,0.0051392221921569,8.45991058652616e-07,8.853610392786403e-05,9.163182053358008e-05,1.7572227576763807e-05,4.148935939587672e-06,1.3409143484049085e-05,8.756032582644009e-07
61,0.47284531845558136,4.522001709466302e-05,0.44482089798414315,0.0007337453727556219,6.521883406043814e-07,2.528932779271775e-05,9.907733592636214e-06,0.045876327602259154,2.5612537525527694e-06,0.0007693542362720283,0.0006764170145802954,3.377661799167488e-05,0.017931252806941703,4.9252058048736305e-05,9.958271709551137e-07,0.0015542289932994325,0.001315085772599582,0.012996871003522354,5.4916534956798785e-06,8.857353937405916e-05,0.00011421183801171102,9.345640324465333e-05,5.941392731373904e-06,4.393313178986671e-06,7.775942242879151e-07
62,0.18816590636611302,1.923982016317242e-05,0.7895990118651706,0.00014862359610843783,6.396258794279649e-07,8.582588028655428e-06,2.8048654908352312e-06,0.00622999508017139,2.695706506195032e-06,0.0006097174190328428,0.000188112382497869,1.439535159137865e-05,0.00850021421378982,5.168552776048279e-05,1.6280150190335253e-07,0.0006715857707796703,0.0004303850014789682,0.0051392221921569,8.45991058652616e-07,8.853610392786403e-05,9.163182053358008e-05,1.7572227576763807e-05,4.148935939587672e-06,1.3409143484049085e-05,8.756032582644009e-07
63,0.19195021077782945,2.2445765945085124e-05,0.7850149181453662,0.00015731297632540022,6.430194283724702e-07,8.649333292893255e-06,2.8091506645855288e-06,0.006595749186457004,2.7078124571978473e-06,0.0006551240031410739,0.0001930863244294007,1.5280561833374884e-05,0.008786062197298551,5.4198633263839924e-05,1.748898420067216e-07,0.0007152535124367135,0.0004715705398518592,0.005130973208615666,9.285370709213286e-07,8.858064157809463e-05,9.48851942897558e-05,1.9493994059297768e-05,4.203694468825232e-06,1.3806600949811948e-05,9.312991046022708e-07
64,0.17271613173389405,1.825052968050559e-05,0.8057868857287485,0.00012717611953461157,6.184632720950284e-07,7.595785810799339e-06,2.8138645683085996e-06,0.005597051552192666,2.528810619369344e-06,0.0005913585546683877,0.00017349385736485946,1.2660052230646014e-05,0.008286897737089256,5.4123975326822496e-05,1.3460685065128077e-07,0.000609679492914519,0.0004078694684964703,0.0053747517847681945,8.3339284345146e-07,8.599793987073754e-05,0.00010932070305672771,1.5689480088601508e-05,4.114243340474911e-06,1.3195399093964466e-05,8.267236755347987e-07
65,0.11388704649236556,1.6303294922513555e-05,0.8705526229808487,7.268681092291665e-05,4.5663495694621803e-07,4.106926280984716e-06,1.4924798167387798e-06,0.004107732954483091,2.5583519661377407e-06,0.0006005816395295192,0.00010650611228148764,9.636420944068013e-06,0.006397557153921318,7.131439263406376e-05,7.782134214176825e-08,0.0004191121319346814,0.0002445967393380306,0.0033147454764249572,3.630451253141018e-07,8.859455350825082e-05,7.449976822818271e-05,1.1654475764392047e-05,2.555374132972913e-06,1.2388701131720488e-05,8.092671952950561e-07
66,0.1723520730022542,1.5714236173102524e-05,0.8057039904265773,0.00011338567496487095,5.173186139211332e-07,6.05160681887331e-06,2.484934987012538e-06,0.006168115757232062,2.087775470332746e-06,0.0004991754461500885,0.00016908308786489114,1.2638175599423459e-05,0.009068489311058482,4.625583111815475e-05,1.1149658655977169e-07,0.0005829313045921746,0.0003462779500216829,0.004710209611417573,6.090779826865451e-07,9.006519344909452e-05,8.081023082259265e-05,1.5072019575441083e-05,2.7769600453125993e-06,1.0413530655810199e-05,6.600399683173431e-07
67,0.29108633604970524,2.3011395883115793e-05,0.6817814649310078,0.0001729236846497252,8.32771595658428e-07,1.1629128259092401e-05,4.590991310338676e-06,0.009195299707729398,3.8041450270795437e-06,0.0005406273713181891,0.0002940408848346346,2.514267602895718e-05,0.01011439576108402,4.9502521032204484e-05,3.0762369286030124e-07,0.0008762302912161589,0.0005286593834099384,0.005061729074411787,1.417334229795996e-06,7.342249597827585e-05,0.00010011147389626848,3.422770200522845e-05,3.945776265981851e-06,1.5061078095381738e-05,1.2857473328995833e-06
68,0.5478732096561637,3.387172660726168e-05,0.40694640141746324,0.00020294675161805476,4.814436133395935e-07,1.2740704177468699e-05,4.964175380322547e-06,0.022666504883552,1.562704841552866e-06,0.00043987635946873957,0.000517448397429385,2.1289463418922274e-05,0.011858315638518585,2.2432792157502464e-05,3.411313659918521e-07,0.0009923634335584095,0.0010126785675485914,0.007133512178268493,3.820492923417509e-06,3.36865780652666e-05,0.00013881181334503878,7.339490624642475e-05,2.8508269157209764e-06,5.865064781483547e-06,6.288925710435597e-07
69,0.17238074138926684,1.8234853089416147e-05,0.8058976792819215,0.00013670247107952952,6.044939609299431e-07,8.108898279198684e-06,2.674635278940384e-06,0.006037070733840613,2.6370658319862165e-06,0.0006184759180042281,0.00017696957688842675,1.3530835802779204e-05,0.008244425661661205,5.3641058860645785e-05,1.4909668981216874e-07,0.0006540775144362087,0.0004021535225694058,0.005132773667351019,7.858593869036052e-07,9.255024453447662e-05,9.189769335656558e-05,1.6168777538385892e-05,4.047984114620159e-06,1.3041411976090984e-05,8.573542802104549e-07
70,0.17511143159164005,1.414326025737468e-05,0.8066837881515054,0.00020553701498280788,9.314050445002281e-07,7.06073414303515e-06,2.509841867389293e-06,0.004302628923436681,2.9580682503788964e-06,0.0004231079241557714,0.00016126567029274357,1.1060816225162033e-05,0.008006221539777262,5.65720544684943e-05,1.4507698589300573e-07,0.0003122757756064868,0.00027576613443655335,0.0042393952614740785,4.247094940832269e-07,9.273621717557185e-05,6.214530315445358e-05,1.1585186793484223e-05,4.25137340400375e-06,1.1439861125980983e-05,6.181043022951786e-07
71,0.28556625473881503,2.3904928528537756e-05,0.690372759611979,0.00019699218815971069,5.780486241114849e-07,1.1217277093870343e-05,2.8418190817805757e-06,0.007684594260366125,2.3487257104552094e-06,0.0005734158292750296,0.0002501266708524874,1.7142889888224717e-05,0.00879244778253508,3.766437115725875e-05,2.0983591065273226e-07,0.000676636089647188,0.0005785344709386195,0.005031017080270809,1.127882337357129e-06,5.8374561777352156e-05,8.067195240160941e-05,2.4476305363404346e-05,4.205591987839356e-06,1.1651425930541551e-05,8.056613680506224e-07
