,0,1,2,3,4,5,6,7,8,9,10,11,12,13,14,15,16,17,18,19,20,21,22,23,24
0,0.04731834146424176,7.916423307127046e-07,0.9448208814329376,5.844692628411331e-06,1.9256783643726654e-05,4.683314205998259e-05,7.804693247458927e-05,9.656202702577163e-06,0.0037598877163112316,1.7547226104609327e-07,1.6702309784085848e-06,2.5868174888299745e-05,0.001703533177126956,1.9003082081093597e-09,4.2394742570130994e-07,7.714820090601847e-05,1.0601545783245256e-06,4.0495850530918994e-05,4.078333337305339e-05,5.858349995521766e-06,1.7511381367396399e-06,1.099065870106144e-08,9.535594386273249e-08,0.0020349432991978817,6.6404143597527515e-06
1,0.051637355905397773,1.0429688667647756e-06,0.9358054369653266,5.084022075175115e-06,2.7571713797320612e-05,6.608382077409556e-05,7.21637702849537e-05,1.368248899516606e-05,0.006932591684085392,1.5973233845378056e-07,1.810024171398662e-06,2.8171578358960267e-05,0.0028491623530111526,1.7771420960012763e-09,8.364463569172859e-07,0.00017473028335833287,1.461326078513709e-06,3.905414327772654e-05,7.881787535316838e-05,8.785523570282888e-06,2.139083593651532e-06,1.499558443166699e-08,6.619273974397934e-08,0.002247610689105912,6.164636356406413e-06
2,0.0633824635414771,1.3593769159993471e-06,0.9220959484147244,5.788615737982782e-06,5.026143790105067e-05,7.544881798001674e-05,9.824063206941011e-05,1.767211396114686e-05,0.007718168636431324,1.8424879314103944e-07,2.7643999509653374e-06,3.432179367641393e-05,0.003793723264791306,3.2532002374788607e-09,1.1519848548378262e-06,0.00017573361447294322,2.362435727589001e-06,5.093823000961119e-05,8.494442946435254e-05,1.4587162416262618e-05,2.214092530142375e-06,1.8285369384610592e-08,1.0083222113974219e-07,0.00238190797206818,9.692413255122559e-06
3,0.056048207672889386,1.1044673386339077e-06,0.930698668858753,5.957883853326709e-06,3.4392723888455626e-05,7.109399210980092e-05,7.961825352235953e-05,1.503868856990091e-05,0.006877268416942011,1.5842572595795726e-07,2.5219826073563877e-06,3.295200993043016e-05,0.003195642152750851,2.428820667109272e-09,8.760442794361067e-07,0.00016051954042840184,1.9230894493303437e-06,4.5236076931614764e-05,7.956478383957834e-05,1.0498872775122143e-05,2.334470798326341e-06,1.7324058137524374e-08,9.293871932052998e-08,0.002628916015697027,7.392885321420539e-06
4,0.05710516506154765,1.1062695355104187e-06,0.928402102001888,6.378408120328672e-06,3.510030764798105e-05,7.323217158497048e-05,8.071713980860236e-05,1.5104432931083694e-05,0.007180241507378416,1.58112175736377e-07,2.55983956125426e-06,3.7594065781405e-05,0.003971179526352783,2.639239239943478e-09,8.642421008131489e-07,0.00016315970329566063,2.207583219511138e-06,4.741304877987862e-05,8.24424999946284e-05,1.1358846861765282e-05,2.587824098674852e-06,1.8510876405798592e-08,9.752736898240035e-08,0.002771309222388951,7.899507462076233e-06
5,0.05849147926817055,1.1004632300422705e-06,0.9275671461395392,6.860648781144144e-06,3.1638520855587865e-05,7.028966768034151e-05,7.832556183049541e-05,1.418228229545697e-05,0.007151354443880513,1.6145859683369782e-07,2.54016193863025e-06,3.644293972294939e-05,0.0033537800542317135,2.4689204511702798e-09,8.460304041761244e-07,0.0001501837490111547,1.9460929224362608e-06,5.139542007712967e-05,7.623241069852692e-05,1.0541512943550148e-05,2.476777398587732e-06,1.831005409469779e-08,9.689186629574608e-08,0.00289310397108503,7.854753864961939e-06
6,0.056048207672889386,1.1044673386339077e-06,0.930698668858753,5.957883853326709e-06,3.4392723888455626e-05,7.109399210980092e-05,7.961825352235953e-05,1.503868856990091e-05,0.006877268416942011,1.5842572595795726e-07,2.5219826073563877e-06,3.295200993043016e-05,0.003195642152750851,2.428820667109272e-09,8.760442794361067e-07,0.00016051954042840184,1.9230894493303437e-06,4.5236076931614764e-05,7.956478383957834e-05,1.0498872775122143e-05,2.334470798326341e-06,1.7324058137524374e-08,9.293871932052998e-08,0.002628916015697027,7.392885321420539e-06
7,0.04945427198025682,2.8478029826870793e-06,0.9103626342358533,2.831503525677405e-05,0.00010236567398222578,0.00019148069057688076,0.00016997404309314118,5.8450326510713484e-05,0.02833075090944865,3.8297929572490307e-07,1.0751579322856476e-05,0.00010934224964413299,0.0051966234907961225,1.0582309324788028e-08,7.413768367244882e-06,0.0008519083101843382,8.214884619770324e-06,0.0001485240445080811,0.00015852205958998805,4.6516221899681586e-05,1.1444102602356111e-05,1.5905970125743822e-07,2.90143483572243e-07,0.004726447556026228,2.2358269688004667e-05
8,0.055023306452640856,1.0957589390015763e-06,0.9321422483769709,5.970055097020873e-06,3.329808961547656e-05,6.912726216693357e-05,7.904889112511098e-05,1.4644237295671386e-05,0.0066090218184501875,1.583808079927665e-07,2.433298288473529e-06,3.240566496599448e-05,0.003103130553087841,2.3916503367064666e-09,8.245658239430456e-07,0.00015387150587003624,1.840089511290982e-06,4.347328471738785e-05,7.656229579910474e-05,1.0279359190606521e-05,2.2682966439651294e-06,1.642219748069371e-08,9.341323209333204e-08,0.0025876508225158856,7.228713396313079e-06
9,0.03846379101093176,1.0090659345428118e-06,0.9514164861576995,7.12142088383368e-06,2.0574817816420832e-05,5.2413867102536706e-05,7.11066864448826e-05,1.1089008162578657e-05,0.005166449293303543,1.7102916329960638e-07,1.5965702075866363e-06,3.110866499101024e-05,0.0022967215695318443,1.8420483215116602e-09,5.57951268321179e-07,0.00011883744934101097,1.1779837923178172e-06,3.159284304925058e-05,5.074675067097256e-05,8.859512324010116e-06,2.2545581513440494e-06,1.239661530852372e-08,9.352683006349563e-08,0.002240278651494085,5.947372241760733e-06
10,0.056048207672889386,1.1044673386339077e-06,0.930698668858753,5.957883853326709e-06,3.4392723888455626e-05,7.109399210980092e-05,7.961825352235953e-05,1.503868856990091e-05,0.006877268416942011,1.5842572595795726e-07,2.5219826073563877e-06,3.295200993043016e-05,0.003195642152750851,2.428820667109272e-09,8.760442794361067e-07,0.00016051954042840184,1.9230894493303437e-06,4.5236076931614764e-05,7.956478383957834e-05,1.0498872775122143e-05,2.334470798326341e-06,1.7324058137524374e-08,9.293871932052998e-08,0.002628916015697027,7.392885321420539e-06
11,0.05589404428570901,1.0987675054956106e-06,0.9299605467327103,6.237113816314453e-06,3.504552411452096e-05,7.246763854833963e-05,8.117565756803504e-05,1.516354523580589e-05,0.007073708469892766,1.609009827200211e-07,2.536547527845239e-06,3.604833662099191e-05,0.003749946615522376,2.5348681065830468e-09,8.719169826508785e-07,0.0001659261983355695,2.0971895751909403e-06,4.662296436960609e-05,8.14358997129259e-05,1.1263820781624008e-05,2.5305717663158144e-06,1.8114840151880944e-08,9.635765276034436e-08,0.0027532817352773093,7.672560083005604e-06
12,0.10468881366933692,1.4736198789113974e-06,0.878275381635786,7.256724173257997e-06,8.245198874004004e-05,0.00011792679889800306,0.0001050931393612786,1.2605516327058918e-05,0.007767102572463332,2.456403353544422e-07,2.8021738388780574e-06,3.399798228410746e-05,0.0063203770255778535,7.137334960219814e-09,9.672817411079107e-07,0.00012157516940222936,5.979679370937885e-06,0.0001147661488461767,6.231773449225214e-05,1.811287767099945e-05,3.135079113392137e-06,1.9686412137552202e-08,1.5642156240780515e-07,0.0022319746128367547,2.5459684215709485e-05
13,0.0557023427149615,1.1045342485678226e-06,0.930922484724965,6.09202435725524e-06,3.495556874235812e-05,7.130112645841516e-05,8.049424874114498e-05,1.550982738819167e-05,0.006902570858094214,1.5680707917922416e-07,2.6324431642231837e-06,3.3987561694650046e-05,0.003250044633235456,2.5138056739318144e-09,8.804326217223139e-07,0.00016205975550197287,1.972422917499324e-06,4.5501755435577954e-05,8.003630252337624e-05,1.0669625631164024e-05,2.380236443199669e-06,1.7738806451266542e-08,9.583016335306174e-08,0.002665302258067934,7.404054952153029e-06
14,0.11883634766154295,4.790580602364979e-06,0.8581407941820406,1.025798867966109e-05,0.00013351925430002493,0.0001330072877305031,0.0002737726709970968,4.142464648937746e-05,0.011374133082489263,6.573885040626391e-07,7.495206701569162e-06,6.367364112771724e-05,0.004764233955324521,9.759334256582776e-09,1.8847495404881157e-06,0.00033158304727865667,3.915979206345046e-06,0.00010043635845522053,0.00029340657044066504,2.77590537809642e-05,4.019707933644824e-06,3.879263875487145e-08,2.428427126315231e-07,0.005437361157421836,1.523443472680579e-05
15,0.056048207672889386,1.1044673386339077e-06,0.930698668858753,5.957883853326709e-06,3.4392723888455626e-05,7.109399210980092e-05,7.961825352235953e-05,1.503868856990091e-05,0.006877268416942011,1.5842572595795726e-07,2.5219826073563877e-06,3.295200993043016e-05,0.003195642152750851,2.428820667109272e-09,8.760442794361067e-07,0.00016051954042840184,1.9230894493303437e-06,4.5236076931614764e-05,7.956478383957834e-05,1.0498872775122143e-05,2.334470798326341e-06,1.7324058137524374e-08,9.293871932052998e-08,0.002628916015697027,7.392885321420539e-06
16,0.0577100922967168,1.5385275835892401e-06,0.9273591567774805,8.062622525925828e-06,3.485182205097483e-05,6.338075559025526e-05,0.00011005192085695019,2.1015995775871564e-05,0.007636456957651553,2.4765463906987086e-07,2.691191585648299e-06,5.301428276975995e-05,0.0036681347677348514,3.202249114519917e-09,1.0760857815718384e-06,0.00020620025303056134,2.124259168853768e-06,5.486817355686181e-05,0.0001013136637084047,1.4094176176973417e-05,3.34745878376938e-06,2.7239424291260888e-08,1.1238880210691079e-07,0.0029396395989758407,8.497927379954194e-06
17,0.05621861207939808,1.0869372367311284e-06,0.9317618591607871,5.1168636787610945e-06,2.871467245487999e-05,6.73261117764798e-05,7.10749090527456e-05,1.3006572301509531e-05,0.006645470084767437,1.5114697279906402e-07,2.053135067410685e-06,2.7364044344854057e-05,0.0025320107783076114,1.9211130436508436e-09,8.234047826797433e-07,0.00014591360695584483,1.5008971908089297e-06,4.139748994517594e-05,7.789818431756154e-05,8.301031391928059e-06,2.0399903034181273e-06,1.4814716743842557e-08,7.262748875565185e-08,0.002341642121697839,6.547413949894405e-06
18,0.06856793474690297,1.0674706279856925e-06,0.917208262400311,5.822636936273824e-06,4.523371869884374e-05,7.091010368463268e-05,0.00010495044925377259,1.4688363848261601e-05,0.006599438522011564,2.0168637123770642e-07,2.5921930457023144e-06,3.8782509840260595e-05,0.004554160683381557,3.455307852615222e-09,9.274919184138526e-07,0.00013734103373837852,2.8249169315535995e-06,6.722672917629265e-05,7.179288802248715e-05,1.3683065544561785e-05,2.5748143242120024e-06,1.970401024706594e-08,1.1208561980897517e-07,0.002477141611946771,1.2306718545405226e-05
19,0.09518384643002382,1.0983149037279563e-06,0.8919192274680243,4.154914979369171e-06,5.345877246147172e-05,0.00013036333891127747,6.336444397327058e-05,2.1175309000600324e-05,0.0062890204066722456,1.4916462505284283e-07,4.988516617855904e-06,1.9895737876673176e-05,0.002920562900743786,3.751787521076609e-09,1.167303570734787e-06,0.00013252532799624806,3.3548550260751576e-06,7.540834291529382e-05,0.0001399764988259487,1.112176766609708e-05,1.6333031664712692e-06,1.806456958637166e-08,1.139041412988469e-07,0.003013744355510434,9.626806010703488e-06
20,0.048395160291319454,1.1810875031267035e-06,0.9375879859487242,7.598190808136441e-06,3.184732192615151e-05,7.238464393571282e-05,8.202147711901597e-05,2.2868538639244822e-05,0.007558220348095096,1.7631986899466394e-07,3.1380281985501173e-06,4.19594836718722e-05,0.0030695181100222784,2.7939783351793216e-09,1.2572591529582404e-06,0.00021962125050602072,2.149293939961663e-06,5.133663262571592e-05,9.371540044290707e-05,1.2284732409369311e-05,3.139902190204387e-06,2.770348047927171e-08,1.0350872268553824e-07,0.0027351972702328747,7.10446248659037e-06
21,0.054820958577153536,1.2140086636334956e-06,0.9296402406975894,7.686708428013899e-06,3.213705121415763e-05,6.385118051844906e-05,9.095761781623048e-05,1.7778332610894398e-05,0.008230035762909007,1.8052748689315638e-07,2.2596570743512502e-06,4.4426976206024164e-05,0.003903806785691286,2.6643489109149e-09,8.454041858161252e-07,0.00021357730121068368,1.6517121832915528e-06,4.750407106511341e-05,7.709600846426624e-05,1.2264901232740982e-05,2.621905545963548e-06,1.8016720309753423e-08,8.164974181354975e-08,0.002781918204504352,6.8842774349543245e-06
22,0.014748655498533684,3.889907799826491e-06,0.9616571890162102,2.16682475924156e-05,2.442982563400953e-05,4.007984985672777e-05,0.0002770054194854297,2.5058741697878346e-05,0.00843265961611345,4.667757418890763e-07,9.78949185482334e-07,0.0002840328940942703,0.010898689505672741,5.939368089540474e-09,3.2268267796234536e-07,0.0003447525455055807,5.622723841989226e-07,6.24178524966778e-06,0.00011242330329796562,3.466185680830408e-05,4.582720119528441e-06,7.577177856737434e-09,2.396544120324702e-07,0.0030765952605306935,4.800154850019413e-06
23,0.056048207672889386,1.1044673386339077e-06,0.930698668858753,5.957883853326709e-06,3.4392723888455626e-05,7.109399210980092e-05,7.961825352235953e-05,1.503868856990091e-05,0.006877268416942011,1.5842572595795726e-07,2.5219826073563877e-06,3.295200993043016e-05,0.003195642152750851,2.428820667109272e-09,8.760442794361067e-07,0.00016051954042840184,1.9230894493303437e-06,4.5236076931614764e-05,7.956478383957834e-05,1.0498872775122143e-05,2.334470798326341e-06,1.7324058137524374e-08,9.293871932052998e-08,0.002628916015697027,7.392885321420539e-06
24,0.06292679843991586,1.4106301759572884e-06,0.922015342796521,7.808264254833336e-06,3.879462144860632e-05,7.62279963706474e-05,9.293536803542289e-05,1.8652379601336184e-05,0.0074525058800869225,2.0344085182786567e-07,2.834998309282295e-06,4.226664346036766e-05,0.003931168654662194,3.4816155564919455e-09,8.844628763831446e-07,0.00017902746050169483,2.1941416270429113e-06,5.201771103492255e-05,9.13336900729178e-05,1.3845359852230605e-05,2.5837353681219134e-06,1.953558386433896e-08,1.151368377148738e-07,0.0030425744189072203,8.450752028199754e-06
25,0.05183734450143872,1.3505989552353184e-06,0.9329232201631231,1.0556345987216132e-05,5.3440606730896674e-05,8.094369179047143e-05,0.00011347381042256147,3.654962541906055e-05,0.007319490390281522,1.7542146591529135e-07,5.8500334438184805e-06,5.167348647228342e-05,0.003695002249690811,5.162241164566086e-09,1.012823835636029e-06,0.00024639422692507485,2.856218416089556e-06,5.157739718063205e-05,9.805744486299029e-05,1.6614186901363713e-05,3.0958240801483055e-06,2.5876995373707964e-08,1.7211422074462881e-07,0.0034441666974204116,6.951101698699661e-06
26,0.062111020127496266,7.90767728748278e-07,0.9257596498075905,4.567317525660037e-06,2.4811530074465584e-05,6.0650125900053285e-05,5.212302346503963e-05,8.176798600486697e-06,0.0054045893105375935,1.0944731386909615e-07,1.7904053504435884e-06,2.315073152926417e-05,0.003364560130765732,1.4562891730418752e-09,4.0711993330062663e-07,7.988275066667017e-05,1.7079552623596482e-06,3.944037398566664e-05,6.535447526901998e-05,7.671829386352487e-06,1.750381335490702e-06,9.86218124165601e-09,8.329756455762114e-08,0.002981843167238028,5.857807009836123e-06
27,0.05701539483107399,1.180719972166973e-06,0.9284522455429711,6.628405972709202e-06,3.517615460877932e-05,7.586945356602465e-05,7.784763598750684e-05,1.7662003886417275e-05,0.007958723781652634,1.533604510006889e-07,2.945805162276725e-06,3.610753244016729e-05,0.003181181963319061,2.5986388673955993e-09,1.0566616585488443e-06,0.00018119655286199366,2.136875021471733e-06,5.014280762005051e-05,8.977174190380093e-05,1.080905828359395e-05,2.618023401051304e-06,2.2009896451226842e-08,9.560070049440357e-08,0.0027936580832444696,7.372795705253999e-06
28,0.056048207672889386,1.1044673386339077e-06,0.930698668858753,5.957883853326709e-06,3.4392723888455626e-05,7.109399210980092e-05,7.961825352235953e-05,1.503868856990091e-05,0.006877268416942011,1.5842572595795726e-07,2.5219826073563877e-06,3.295200993043016e-05,0.003195642152750851,2.428820667109272e-09,8.760442794361067e-07,0.00016051954042840184,1.9230894493303437e-06,4.5236076931614764e-05,7.956478383957834e-05,1.0498872775122143e-05,2.334470798326341e-06,1.7324058137524374e-08,9.293871932052998e-08,0.002628916015697027,7.392885321420539e-06
29,0.056048207672889386,1.1044673386339077e-06,0.930698668858753,5.957883853326709e-06,3.4392723888455626e-05,7.109399210980092e-05,7.961825352235953e-05,1.503868856990091e-05,0.006877268416942011,1.5842572595795726e-07,2.5219826073563877e-06,3.295200993043016e-05,0.003195642152750851,2.428820667109272e-09,8.760442794361067e-07,0.00016051954042840184,1.9230894493303437e-06,4.5236076931614764e-05,7.956478383957834e-05,1.0498872775122143e-05,2.334470798326341e-06,1.7324058137524374e-08,9.293871932052998e-08,0.002628916015697027,7.392885321420539e-06
30,0.056048207672889386,1.1044673386339077e-06,0.930698668858753,5.957883853326709e-06,3.4392723888455626e-05,7.109399210980092e-05,7.961825352235953e-05,1.503868856990091e-05,0.006877268416942011,1.5842572595795726e-07,2.5219826073563877e-06,3.295200993043016e-05,0.003195642152750851,2.428820667109272e-09,8.760442794361067e-07,0.00016051954042840184,1.9230894493303437e-06,4.5236076931614764e-05,7.956478383957834e-05,1.0498872775122143e-05,2.334470798326341e-06,1.7324058137524374e-08,9.293871932052998e-08,0.002628916015697027,7.392885321420539e-06
31,0.042797473629364265,1.9078744473472697e-06,0.924001659391649,1.3799001256972387e-05,7.643531069259403e-05,0.00016940796738569572,0.0001099176141594191,1.9849937422080108e-05,0.021550834895338863,2.030987759480739e-07,5.931015683577488e-06,6.969157074776401e-05,0.005909829422175209,4.847359996473678e-09,3.0581793978059005e-06,0.0004103647735101102,4.858063420188526e-06,6.812591608038489e-05,0.00012308892191866032,2.748397574644142e-05,6.63758118245486e-06,5.1807394754690377e-08,1.9273984862268494e-07,0.004613963032457145,1.5229432584909904e-05
32,0.059637343815929174,1.1826154361786356e-06,0.926786146659173,5.86325457059734e-06,3.413991315141106e-05,7.380832881983197e-05,7.951328274371941e-05,1.5673935490825505e-05,0.007027076812873276,1.6413200513422428e-07,2.602954193749136e-06,3.412211657789634e-05,0.0032421489280837646,2.5015980453139986e-09,9.11095450321931e-07,0.00016245194505797877,1.979204305549942e-06,4.680565914546533e-05,9.152176125301151e-05,1.029263109711182e-05,2.410539311546949e-06,1.8550372704382e-08,9.319254358768323e-08,0.0027363012684623843,7.424902353687526e-06
33,0.05502146617784878,1.0958104595614652e-06,0.9328131014209473,5.296369742788808e-06,3.108773450137943e-05,6.422505368892393e-05,7.56037394101951e-05,1.2657458655026428e-05,0.006752770087549824,1.4711183183134041e-07,2.1683185285348496e-06,2.9302463628826996e-05,0.00260476538038529,2.038424845352143e-09,8.59453933032683e-07,0.00014185448924527105,1.567782922600974e-06,4.15004738807905e-05,7.145295756682143e-05,8.962727044576854e-06,2.071059108094326e-06,1.508201725055454e-08,7.807116096228884e-08,0.002310837281315294,7.11145620218015e-06
34,0.007942256086083026,8.831831458008405e-07,0.9815930383834843,0.00011304457417913831,9.206986334831931e-05,0.00016526157311573823,0.00029120005484964997,7.352050002088094e-05,0.0020471769940507015,4.317630664782845e-06,5.389602955428326e-06,4.642197331058203e-05,0.0034352887523844376,2.789234853658341e-08,1.4574388753685638e-06,0.000986916891342883,1.1580353217602446e-05,0.00011267745066153177,1.1373048622935715e-05,0.00030569628738409487,1.358006859531134e-05,5.973969559826977e-08,3.722714273346952e-06,0.002703021087423849,4.001785596612968e-05
35,0.06193377753093016,1.0521362938358027e-06,0.925126223836503,5.47749387285056e-06,3.122738601166734e-05,6.293547602332776e-05,8.026075879036357e-05,1.4780803022239827e-05,0.006979808929844268,1.4832430379211913e-07,2.315984914145677e-06,3.2420255855476594e-05,0.0029149511772059997,2.1437896026403973e-09,8.163183255550255e-07,0.00014906332256051826,1.6775233493950597e-06,4.846175370945444e-05,7.832020265028691e-05,8.683608846900984e-06,2.1224717016188124e-06,1.6789434477504225e-08,7.656455420954971e-08,0.002518481465494645,6.897742012210741e-06
36,0.0621862407336399,1.122195023887696e-06,0.921869528942937,6.09027140482411e-06,3.517669014588315e-05,6.336631605028638e-05,9.105492332917737e-05,2.145293849801205e-05,0.00779671751636641,1.4512987342651393e-07,2.7230901146050155e-06,5.185174008207854e-05,0.004850655950330751,2.869438501597183e-09,9.761579649330166e-07,0.00021225367689326974,2.302112403941079e-06,4.738961547949086e-05,0.00010301813217388152,1.1777304962869113e-05,2.5240828484144292e-06,2.221417290073839e-08,8.148248558237343e-08,0.0026361411188108004,7.384794569047877e-06
37,0.06952256136735897,9.174438478557221e-07,0.9196669567906843,4.853376880892354e-06,2.387476979628758e-05,4.848403178445469e-05,7.073903651159639e-05,1.0426597763153622e-05,0.005122044603706481,1.533510781532033e-07,1.6901403234634932e-06,2.6878056931870523e-05,0.00261638342309619,1.6142675846598207e-09,4.636796656777429e-07,9.166687417389142e-05,1.4238553518100815e-06,4.779158645296904e-05,6.513327946921333e-05,7.5226019057852785e-06,1.7658501656014627e-06,1.2048088285136714e-08,7.479932331322446e-08,0.002661922292813479,6.258528558554902e-06
38,0.06940523638170946,9.463969714753884e-07,0.9195388668948714,3.3592357134163093e-06,2.9091818858528642e-05,7.470849723786543e-05,6.897545981876119e-05,9.672340212902926e-06,0.006167172578339965,1.325544751520989e-07,1.6315696847357609e-06,2.1090841063247188e-05,0.00250994179706726,1.7193095338554827e-09,7.898401198997109e-07,0.00012469346209272438,1.2323009463591588e-06,4.1156054673276516e-05,7.639342242997257e-05,5.601237981853437e-06,1.4719940665323976e-06,1.0417400898854443e-08,4.912870806114832e-08,0.001910713583746835,7.060472499965719e-06
39,0.0427760747270342,7.497206953774384e-07,0.9457529282133387,5.338560628512599e-06,2.5582544423784575e-05,7.566196925176352e-05,6.602993908762858e-05,1.6101102268757584e-05,0.005616894957990747,1.4424835428104476e-07,2.1673464260254652e-06,2.7681342605640707e-05,0.0030870481573697286,1.915793936858647e-09,8.171531551130932e-07,0.0001737419469074424,1.912846648036021e-06,4.153609145437455e-05,7.529196781497716e-05,8.489925506313715e-06,2.5966077072571443e-06,1.7132598051259998e-08,7.72002217517605e-08,0.0022371404431876718,5.973939529964e-06
40,0.06265387973401439,1.4155881828739006e-06,0.9194972745053591,1.2037410230683899e-05,4.420699691094625e-05,9.007231129470383e-05,0.00010163749335405316,3.1382449597924854e-05,0.00829061420465662,2.736093987895782e-07,4.324365243879057e-06,4.52696138096233e-05,0.004162289566923365,3.5663836744764416e-09,1.0788303096081102e-06,0.0002805627055315227,3.3575765309501906e-06,7.352589935097634e-05,0.0001226454232141567,2.19850075189123e-05,3.4018327939240905e-06,3.02662938573329e-08,1.6606790683235813e-07,0.004550347323766593,8.217651421760165e-06
41,0.051157541091737695,1.6453622562596078e-06,0.9375549778610318,9.734764920899831e-06,2.2598745480675257e-05,8.44388081186968e-05,8.31723237912121e-05,2.458310078280214e-05,0.0041742107078442,3.9419206255389917e-07,3.450392766938204e-06,4.657198002295513e-05,0.002550893124456809,4.1075727829226955e-09,6.999697703325214e-07,0.00011091457410928091,3.3761562896980506e-06,5.798677939966287e-05,0.0001677660143977755,1.4194623570400942e-05,5.052809971215401e-06,3.725836797914972e-08,2.7698889232223976e-07,0.003916859213573252,8.619048811764643e-06
42,0.05820247680515305,1.103253408743147e-06,0.928854812729697,5.711081532113797e-06,3.663058787565525e-05,6.979610284220705e-05,8.173692386599115e-05,1.3792719608222163e-05,0.006754130914123868,1.5378843524189103e-07,2.4883167300964837e-06,3.1209256019186576e-05,0.003124603691832355,2.486449665711632e-09,8.299573814571644e-07,0.00014509099730858975,1.862619574730163e-06,4.508008468433059e-05,7.26009953475079e-05,1.0271118859966012e-05,2.1449759961842834e-06,1.5497684969734967e-08,9.265690930251599e-08,0.002535616047272066,7.746391407504627e-06
43,0.04059438006730926,1.232916533058856e-06,0.9474315723766401,7.339296602318115e-06,3.0818647760648596e-05,9.421143678762557e-05,9.48776250913189e-05,2.0366930406941413e-05,0.005579076860547388,4.234635048059728e-07,2.1285229233357442e-06,2.9375399386249193e-05,0.0030308121709401612,2.89086212268662e-09,1.0477619354038298e-06,0.0002245828611541625,2.2792969831597814e-06,5.589664890519226e-05,9.62866822346232e-05,1.4972923055652e-05,4.17659148084184e-06,2.6715256106597078e-08,1.3939069157046224e-07,0.002675553911031829,8.418611976215991e-06
44,0.056048207672889386,1.1044673386339077e-06,0.930698668858753,5.957883853326709e-06,3.4392723888455626e-05,7.109399210980092e-05,7.961825352235953e-05,1.503868856990091e-05,0.006877268416942011,1.5842572595795726e-07,2.5219826073563877e-06,3.295200993043016e-05,0.003195642152750851,2.428820667109272e-09,8.760442794361067e-07,0.00016051954042840184,1.9230894493303437e-06,4.5236076931614764e-05,7.956478383957834e-05,1.0498872775122143e-05,2.334470798326341e-06,1.7324058137524374e-08,9.293871932052998e-08,0.002628916015697027,7.392885321420539e-06
45,0.04927831735481045,8.82268272346403e-07,0.9381601204224642,5.804371210661729e-06,3.0177770087372535e-05,7.088963402581113e-05,7.24999855999525e-05,1.9011977257572068e-05,0.006797836851845591,1.3626340804260036e-07,2.6093278913793587e-06,3.0473107408427873e-05,0.002867413165253124,2.0688844069475393e-09,1.042911053368185e-06,0.00021210171332311636,1.7299885666598336e-06,4.504858639496101e-05,7.716488787445268e-05,9.358416500939224e-06,2.1750422015787535e-06,1.7981143191902044e-08,7.058942027412931e-08,0.0023090615418949884,6.053773207184475e-06
46,0.05800561835654631,1.270666092269403e-06,0.9300352229188388,5.03424202891945e-06,3.273788850195862e-05,5.620188788082213e-05,9.576742806466009e-05,1.3317661193927236e-05,0.007209333434107382,1.6677592993473182e-07,2.032337512525083e-06,3.0062369777663687e-05,0.002115825161028183,2.13377113235221e-09,7.98899527859116e-07,0.000140387147431731,1.0883939898509462e-06,4.0788255044826434e-05,6.957900309737963e-05,7.760056952201463e-06,1.8193791685281313e-06,1.2999178909238602e-08,6.9869364426892e-08,0.002128464858924804,6.637876044982894e-06
47,0.05224541133236071,1.1206542714973442e-06,0.935269645008228,6.320510212920253e-06,3.608603732719363e-05,7.785410461577673e-05,8.078521685966421e-05,1.6078845555654114e-05,0.006567593519579102,1.6427930098972898e-07,2.8473335313126047e-06,3.0330240902638928e-05,0.0027872747346904822,2.71521813263972e-09,8.810418430248101e-07,0.0001551727926543235,1.9089623544322022e-06,4.5329283729445685e-05,7.652751366518261e-05,1.0237504831929581e-05,2.372488424438189e-06,1.704552158544363e-08,1.0450872139570856e-07,0.002578607443082356,7.326882517841982e-06
48,0.08484022327879782,2.0917011714285215e-06,0.8974731169744237,6.209473887438749e-06,4.221805529193708e-05,0.00011117978266978028,8.48039248408187e-05,2.1061149290797745e-05,0.007186540238603114,2.5819936737403985e-07,3.359155992028182e-06,4.1279633180052195e-05,0.005040454017307256,3.559392991602953e-09,8.048451533355262e-07,0.00016921808102735378,3.274371503306615e-06,4.930907102061373e-05,0.00025408669043226745,1.401059419890901e-05,3.195335771161028e-06,2.332120676739973e-08,1.5145897428597473e-07,0.004645435176612936,7.691909882543136e-06
49,0.04580797005865071,9.68329022846491e-07,0.942485063904367,6.482089779123746e-06,2.602183754720621e-05,6.568872035342456e-05,6.850300374951062e-05,1.2733546513525051e-05,0.005735242437766557,1.5752192958041986e-07,2.086545501380361e-06,3.1956253076239764e-05,0.002969339129084699,2.2014263051273448e-09,6.935081659551807e-07,0.00013533680096611004,1.7010824009502475e-06,3.887502561520349e-05,6.410106941958705e-05,9.974463555163238e-06,2.422365188094801e-06,1.537352928368738e-08,9.94813988953042e-08,0.0025277543543847213,6.810896607889395e-06
50,0.056031669787926584,1.1339328447295361e-06,0.9311330099206355,5.9421796276222435e-06,3.49262599745675e-05,7.015579891465719e-05,8.490488993983587e-05,1.5578648362722864e-05,0.006557189561930228,1.7119699543897996e-07,2.4934738296879404e-06,3.3354206407446025e-05,0.003157115432491302,2.5499846717803738e-09,8.575117819907482e-07,0.00015906026306179325,1.9051382478908594e-06,4.4987994506767345e-05,8.032907353166465e-05,1.0598488105188996e-05,2.3253270142165253e-06,1.7185265179906066e-08,9.643450932522221e-08,0.0025646295987470603,7.545145364067585e-06
51,0.06003058292932121,1.3392788081390333e-06,0.9264421438681023,6.603317416364718e-06,3.154110127716403e-05,6.918873891786966e-05,7.772643298756546e-05,1.571801684496269e-05,0.007322093600602535,1.646294200870207e-07,2.5388839309083152e-06,3.577234976614487e-05,0.0029053841228153664,2.5476932675430525e-09,8.716359786201356e-07,0.00015052432206668064,1.8201235958744473e-06,4.5899114785919365e-05,8.985706697141304e-05,1.0206207274646614e-05,2.4179311553115046e-06,1.8507789597853557e-08,9.346901578424408e-08,0.0027503230620364422,7.168741425970882e-06
52,0.05832694138994566,1.045734772482126e-06,0.9284036705920979,5.666574752506991e-06,3.5335204101819064e-05,7.647476662220021e-05,7.785405619578662e-05,1.534324129782403e-05,0.007020983748265343,1.581514515234006e-07,2.5912782723995438e-06,3.0530464430488934e-05,0.0031449891827278237,2.4827446999716665e-09,9.428215757607054e-07,0.00016289555293722737,1.9777114426425007e-06,5.0300558186617854e-05,7.941475252456777e-05,1.0177280672625877e-05,2.2765553013032474e-06,1.763713217034128e-08,8.775759672286995e-08,0.0025425859819657717,7.736522985889985e-06
53,0.042217081856553554,1.1275593681758178e-06,0.9443574565469507,7.505564950787352e-06,5.289099583538249e-05,6.285167954268558e-05,0.00014738146342769932,2.138354749969852e-05,0.006713830427016786,2.1011276332083094e-07,3.0899001670215436e-06,4.394127760230686e-05,0.003603151650014139,3.380001301839588e-09,9.935778090173057e-07,0.00022702013823965343,1.968403444687964e-06,4.239217589332431e-05,6.166314657239221e-05,1.507595574537358e-05,2.7057779430837806e-06,1.8202618558683253e-08,1.2834321429177477e-07,0.0024077230080971693,8.405308728761704e-06
54,0.07114293219268827,1.5546011970903813e-06,0.9168446530557393,4.8530737152705896e-06,3.32136176245195e-05,6.929257157431662e-05,8.238127868147947e-05,1.0551373549012534e-05,0.006913820514121276,1.8063327835803397e-07,1.8695166358692997e-06,3.0050433070954337e-05,0.0024726669907291204,2.4711985999825885e-09,9.985541164863657e-07,0.00012633628803227937,1.4119030065437916e-06,4.0550315812811046e-05,8.194407274598659e-05,8.52960256162188e-06,1.6715519854399282e-06,1.426174081203642e-08,7.798458969757249e-08,0.002120960876948439,9.482264656439926e-06
55,0.06832938766586309,8.808798886112325e-07,0.9115599196309994,5.3109088573332885e-06,2.2176239853421252e-05,4.293991256389275e-05,7.858217437192974e-05,9.555804357830412e-06,0.012014332232297531,8.026035502651811e-08,1.4140056358781328e-06,5.79794693184793e-05,0.005098544711033216,1.417931717632896e-09,6.2239089654028e-07,0.0001388511065593203,1.1187594523129241e-06,4.6051980365678934e-05,6.531284236614e-05,6.073711530861967e-06,2.0718199458382116e-06,1.315063543510235e-08,3.528449555142001e-08,0.0025126103571869213,6.133283238118278e-06
56,0.05672069465199051,1.1174215197246618e-06,0.929291297695763,6.18323522490248e-06,3.5063333095052286e-05,7.261167644105048e-05,8.092154652311473e-05,1.51780031818037e-05,0.006957084034595979,1.6165266484404107e-07,2.5457264506189647e-06,3.591127404309544e-05,0.0037048961031409247,2.55723617248639e-09,8.682340301170645e-07,0.00016392309492995193,2.102642203304752e-06,4.5976509959092994e-05,8.31962815861564e-05,1.1207778562602985e-05,2.490855709245754e-06,1.8068716105936813e-08,9.773914822478049e-08,0.0027587718665681962,7.6780167160967e-06
57,0.05446311690097267,7.335820857274003e-07,0.9375312082386423,4.417427794836872e-06,3.732793384469578e-05,0.00010815373735329529,5.449965171508171e-05,9.382176719563344e-06,0.004966809699800704,1.084857739658234e-07,3.399883844812693e-06,7.67065135983418e-06,0.0007329167173527978,1.9219173742052973e-09,8.021920159692888e-07,7.662056220083467e-05,1.120182157143078e-06,5.534797651682838e-05,3.7212015598015916e-05,4.2416388045357195e-06,1.2662875910537775e-06,8.241403114143573e-09,7.879726208298466e-08,0.0018971169688928413,6.438128379955619e-06
58,0.05904297325780527,1.0758128378962337e-06,0.9270211998412339,5.947258268156088e-06,3.217841174970023e-05,6.864360178844832e-05,7.597532092517895e-05,1.3924977805782514e-05,0.006897569535833766,1.4282609432149367e-07,2.4810865751827427e-06,3.5356294819958545e-05,0.003550672074910951,2.267214667418314e-09,7.423359791136393e-07,0.0001466117886277576,1.8623812328792042e-06,4.376441266825824e-05,8.352143517551872e-05,9.777090370030562e-06,2.2959805742950793e-06,1.606185057913188e-08,9.205503333210883e-08,0.002956343422802228,6.8304678226467525e-06
59,0.10064661482218078,2.5243308059780676e-06,0.8800836539326234,8.694289784880559e-06,0.000136731397722173,0.00017534381014954983,0.000211028459852893,5.333328725936664e-05,0.011261869856273178,4.865290768300626e-07,5.986110970472062e-06,4.688244291141201e-05,0.004801146525495506,1.4166966297710397e-08,3.424171836946277e-06,0.00037677651285931036,7.853508001697117e-06,0.00015278634187941304,0.00015882717243858102,2.427722597249282e-05,4.2510713996364385e-06,5.3583818673004496e-08,1.751465923997754e-07,0.0018077177603688334,2.9547542759406806e-05
60,0.056048207672889386,1.1044673386339077e-06,0.930698668858753,5.957883853326709e-06,3.4392723888455626e-05,7.109399210980092e-05,7.961825352235953e-05,1.503868856990091e-05,0.006877268416942011,1.5842572595795726e-07,2.5219826073563877e-06,3.295200993043016e-05,0.003195642152750851,2.428820667109272e-09,8.760442794361067e-07,0.00016051954042840184,1.9230894493303437e-06,4.5236076931614764e-05,7.956478383957834e-05,1.0498872775122143e-05,2.334470798326341e-06,1.7324058137524374e-08,9.293871932052998e-08,0.002628916015697027,7.392885321420539e-06
61,0.10874423581570582,2.6254850008328696e-06,0.8692304769869857,8.641997837802546e-06,0.0001509646073393622,0.00019765974333955876,0.0001670994006382676,4.8444420898474344e-05,0.013655665879492442,4.321896906246941e-07,5.963617242599035e-06,4.199351554573784e-05,0.004904094021745886,1.3442056696353787e-08,3.5344803415026547e-06,0.00044787989015815784,8.326682019142132e-06,0.00015509360653261856,0.0001646214271575585,2.9816522610411107e-05,4.194532436344732e-06,4.8415447561871405e-08,1.655322956608485e-07,0.0019991898986772166,2.8817888804021442e-05
62,0.056048207672889386,1.1044673386339077e-06,0.930698668858753,5.957883853326709e-06,3.4392723888455626e-05,7.109399210980092e-05,7.961825352235953e-05,1.503868856990091e-05,0.006877268416942011,1.5842572595795726e-07,2.5219826073563877e-06,3.295200993043016e-05,0.003195642152750851,2.428820667109272e-09,8.760442794361067e-07,0.00016051954042840184,1.9230894493303437e-06,4.5236076931614764e-05,7.956478383957834e-05,1.0498872775122143e-05,2.334470798326341e-06,1.7324058137524374e-08,9.293871932052998e-08,0.002628916015697027,7.392885321420539e-06
63,0.057017527954032886,1.2468590037626953e-06,0.9296746162357951,6.174553624689845e-06,3.3531938765951085e-05,7.173029596056592e-05,7.91879776011358e-05,1.4389666357640057e-05,0.006961044381468082,1.6951874050082605e-07,2.45165376365753e-06,3.3685130805196475e-05,0.003113890666293412,2.4723937134259358e-09,8.887046945928549e-07,0.0001544071216137307,1.8992770590720923e-06,4.4284405566302945e-05,8.445709321125238e-05,1.060980865288844e-05,2.4319149671753965e-06,1.7745359832239652e-08,9.657622840637235e-08,0.0026836846781742316,7.573369866301612e-06
64,0.05018612291352257,1.1297468721937494e-06,0.9365693370290743,6.590553387736767e-06,3.1635455454337146e-05,7.202422414001835e-05,7.922986582866123e-05,1.4441460607465709e-05,0.006738614882973686,1.7402875906853876e-07,2.389504612495304e-06,3.508710601142729e-05,0.0032921479005373513,2.5117911256173315e-09,8.579998775600625e-07,0.00015752242091082643,1.940806404117869e-06,4.4507315075026303e-05,7.673783283700945e-05,1.0881600882615486e-05,2.7761291000409706e-06,1.8501787980644838e-08,1.0183431189944385e-07,0.0026682043012803513,7.524073960226283e-06
65,0.033011688372536596,1.2198527046782963e-06,0.9592145387674973,7.639387534955914e-06,3.0076248322280773e-05,6.780065343980167e-05,0.0001035800214456195,1.9650477720045593e-05,0.0034327841206919433,3.655780150104377e-07,1.8870751233581897e-06,2.552685648012849e-05,0.002078484127918134,3.4423547042662304e-09,7.699466927121641e-07,0.000148685664750407,1.5926558091961306e-06,3.544861928595195e-05,5.573713369048464e-05,1.494685928243733e-05,2.5520232457031642e-06,1.4070909858407354e-08,1.5106653186736714e-07,0.001736797998096776,8.058979920033834e-06
66,0.061148486185660864,1.2886119571889615e-06,0.9247460342606545,6.947856674381782e-06,3.2948552721485094e-05,6.81263695489147e-05,8.938722934945063e-05,2.0318075069664394e-05,0.008086134259929784,1.4307115330630987e-07,3.0808371462091507e-06,4.470363743167309e-05,0.0029027296312881153,3.1447519740236545e-09,9.843867505843459e-07,0.0001722814015418122,1.7440060503371493e-06,4.8265883985691944e-05,9.19816862249293e-05,8.974779293951495e-06,2.32975806014023e-06,2.0581588757794264e-08,8.666000760143362e-08,0.002515802724351618,7.196408807103806e-06
67,0.0417713901394218,7.715026903028604e-07,0.9437627066289604,7.935852278001485e-06,3.536509750858463e-05,9.861252320182496e-05,6.54806831862271e-05,1.5012436048975552e-05,0.005360583958134854,1.75950687761037e-07,2.758546473226126e-06,3.217088586157713e-05,0.005362890977146533,3.259463259193531e-09,7.352154409344625e-07,0.00016683488449399807,2.9667506670363928e-06,4.644461070184206e-05,6.252935998181565e-05,1.7377423762166643e-05,2.885151102310972e-06,1.611765846089494e-08,1.5845600850462298e-07,0.0031755377534753975,8.655835644098144e-06
68,0.032736128272228736,4.899632047507589e-07,0.9605067955083774,5.232702753109296e-06,7.46741963430773e-06,2.5828886848289515e-05,4.538385525299255e-05,6.2400557285607766e-06,0.003456958786812543,9.438484637650795e-08,7.81448584473224e-07,2.4846525031345906e-05,0.0014033994729608064,8.822978654874572e-10,1.8925181837242893e-07,5.2596842818294975e-05,4.816724197404662e-07,2.4580333635462053e-05,2.5118458179574378e-05,3.4979857802225387e-06,1.5422454578836464e-06,6.227853349942385e-09,4.9059552461157447e-08,0.0016690533624322964,3.2363954906469655e-06
69,0.03715063387621408,9.413319101448016e-07,0.9493587370388824,9.041733925500149e-06,3.017760573091223e-05,6.647929974217279e-05,7.525224117397294e-05,1.926350321401869e-05,0.005376192270221084,1.6865974647091224e-07,3.042672718740445e-06,4.20800434690368e-05,0.004076855995888586,2.717547979024877e-09,6.965937652471327e-07,0.00019159433165912322,2.1325840553862284e-06,3.8392300027439634e-05,7.028802633798794e-05,1.642332986123054e-05,3.3208114925790574e-06,1.767588458065225e-08,1.4268443636119192e-07,0.0034623348801768707,5.787791917845037e-06
70,0.06089248703331936,1.5107213429494457e-06,0.9245937389747795,6.147439720494413e-06,3.522933761150727e-05,8.799421305962002e-05,8.39139606125449e-05,1.453438076209958e-05,0.007345561305945986,1.9351079905437915e-07,3.381813396962313e-06,3.554955583965545e-05,0.002731545576710796,2.5568544585387188e-09,8.729933042647117e-07,0.00014028338134953788,2.0570595590226464e-06,4.770836896564883e-05,0.00013213158249871643,8.960726317143487e-06,3.2491343239005528e-06,2.258229042303782e-08,1.3429425605745949e-07,0.0038256789351717897,7.110561208410631e-06
71,0.05416278462028944,8.895443087679779e-07,0.9347588868640461,4.957432871290969e-06,2.4028585390532104e-05,7.133722687044768e-05,6.38108309588877e-05,1.3157890363230934e-05,0.00618472236881332,1.1995907902961012e-07,2.4352514427290417e-06,2.7308138609755696e-05,0.002114568264300085,1.893077226782951e-09,7.85184104420334e-07,0.00012511868206896047,1.4647682623006253e-06,4.3289904210902955e-05,7.86813047458336e-05,5.700941362767461e-06,2.1019983098236227e-06,1.600819009763712e-08,7.151110959743894e-08,0.0023077590469204306,6.001780294166394e-06
