,0,1,2,3,4,5,6,7,8,9,10,11,12,13,14,15,16,17,18,19,20,21,22,23,24
0,0.4568684497033885,9.042631299581578e-06,0.5160588878503442,0.000356892643354731,2.169043572986936e-06,1.8234585992807655e-05,7.978425087221408e-06,0.00483524480133845,1.240096876786345e-05,0.00035995789220150197,0.0004129936531530245,1.641151018489719e-05,0.009504088101267107,5.087746289402886e-05,4.860684251847995e-07,0.00033965485931311735,0.00021087264218712552,0.010680816750975567,2.333094783095924e-06,5.896393254913355e-05,0.00012212791212588682,2.10018511638976e-05,1.1683506486375755e-05,3.728142901109422e-05,1.148680132662438e-06
1,0.38207992760126186,1.1264705530199378e-05,0.5919319383879521,0.00042529381983839664,2.0704281200542e-06,1.3193063335957061e-05,7.923585444085304e-06,0.004250374841321358,8.747114668232394e-06,0.000360758523352871,0.0003023779997406391,1.8427797440225342e-05,0.01017076419751161,4.4779938301100763e-05,4.150893888572799e-07,0.00047919739103975407,0.0002841674263902746,0.00937396749876423,2.1947020118884017e-06,5.983586010757552e-05,0.00010866376042978934,1.6065145416794633e-05,1.0099307341298834e-05,3.645704263341158e-05,1.094772657415909e-06
2,0.40940516688855827,1.1611890388168206e-05,0.5641264139662582,0.00043772866215276856,2.89550274087671e-06,1.1994366134858077e-05,8.165244968174157e-06,0.004687993136231227,9.868953492929338e-06,0.0003185255353140242,0.0003842178100087133,2.0472682477048104e-05,0.010327590567741773,5.415216211712915e-05,4.792170783469407e-07,0.00039701016005703744,0.00026726553649642946,0.009280936108305105,1.8908248612893855e-06,6.912858508509893e-05,0.00010854169722450178,1.7920076285134454e-05,9.859028250511402e-06,3.899843262891587e-05,1.1729651435797186e-06
3,0.46850467276948726,1.1003664313646476e-05,0.5058854886107758,0.00043126837661907306,2.2243948406046385e-06,1.159987530907683e-05,7.859979499629137e-06,0.00408432101633617,7.489002526493467e-06,0.0002632499162332786,0.00035308943834509363,1.8440767313061532e-05,0.010458011976868393,3.689571200623634e-05,3.7797099358574614e-07,0.0003488824482948151,0.00027656193323497805,0.009091766317088875,1.9867929692039782e-06,4.746276768945473e-05,9.90808195506146e-05,1.669914970079428e-05,8.784150650065974e-06,3.192796453765871e-05,8.541848162188817e-07
4,0.4680159742516809,1.1680753048770695e-05,0.5049503837600954,0.0004236045859429636,2.219963890193841e-06,9.878192865445334e-06,8.01323495185216e-06,0.0039828374817777856,7.452948913232713e-06,0.0002481907049264195,0.0003553173566849435,1.886026437323501e-05,0.011955832452328076,4.014803077995082e-05,3.42083307244576e-07,0.00031229170007811947,0.0002563581299021106,0.009188451063290432,1.9208468598098352e-06,4.930996043024004e-05,0.00010268472313752568,1.7448349309977017e-05,7.918549720553647e-06,3.206923990502419e-05,8.113717999505546e-07
5,0.45249458282442984,1.0518530772714244e-05,0.5202957915030771,0.0004906672623975854,2.3798539254769464e-06,1.1126337549747671e-05,7.074666462643409e-06,0.003806436773134973,7.380570180030464e-06,0.00028045106412159706,0.00033588202211824026,1.639729590874586e-05,0.010611761394691084,3.808527165185035e-05,3.304531944108932e-07,0.00031637295310110887,0.00025445397776432954,0.010811216896993093,1.8677966650987255e-06,5.2636664249230275e-05,9.653253000364024e-05,1.4142301651388394e-05,9.5567306022547e-06,3.3627854744480816e-05,7.264706094127111e-07
6,0.46850467276948726,1.1003664313646476e-05,0.5058854886107758,0.00043126837661907306,2.2243948406046385e-06,1.159987530907683e-05,7.859979499629137e-06,0.00408432101633617,7.489002526493467e-06,0.0002632499162332786,0.00035308943834509363,1.8440767313061532e-05,0.010458011976868393,3.689571200623634e-05,3.7797099358574614e-07,0.0003488824482948151,0.00027656193323497805,0.009091766317088875,1.9867929692039782e-06,4.746276768945473e-05,9.90808195506146e-05,1.669914970079428e-05,8.784150650065974e-06,3.192796453765871e-05,8.541848162188817e-07
7,0.20309376121759326,1.5344787283092187e-05,0.7740278962315708,0.0006047692745969618,6.310196609756952e-06,3.309443349612917e-05,9.884575388933218e-06,0.003899870091764313,2.152451266488804e-05,0.0009693609071217471,0.00028606838501222804,2.4762227917104397e-05,0.004495923045812826,9.490707036387765e-05,1.0646127745078343e-06,0.001204011459976675,0.0006864375210896894,0.010059066735837641,3.890515088758681e-06,0.00010481788333449052,0.00019011896499120676,1.3161916230257386e-05,4.267757150645872e-05,0.00010697587841718831,4.29998355748472e-06
8,0.371700942398686,1.1078209023366805e-05,0.611121387208511,0.0003888742384628583,2.0848934270997696e-06,9.281215884708879e-06,4.081437770805324e-06,0.0023768928660136486,7.556299624649494e-06,0.0003159416801313737,0.00020496820265085284,1.3636225307792927e-05,0.0069867973377749455,3.695462901712051e-05,2.770000522198357e-07,0.00029894020257296137,0.0002295750000956689,0.006121226793495525,1.013382298253573e-06,4.445930021992306e-05,6.192873372430545e-05,9.6427410123502e-06,9.231230183763635e-06,4.2314434323681785e-05,9.143397351772908e-07
9,0.6041366713289117,9.102186943982032e-06,0.3677734557994054,0.0004230250638496081,2.2437926853480904e-06,1.2101646424899203e-05,1.1027797850452234e-05,0.004609828888673632,6.4366711245447536e-06,0.00016451979328954564,0.00047060789824267436,2.0129929388844638e-05,0.011904076684849607,2.6573472029804412e-05,3.946916972828069e-07,0.0002790813669924221,0.0002756914387988542,0.009678986449495632,2.4949309639113255e-06,3.4283467341301803e-05,0.0001071343187258626,2.130248642111001e-05,7.414089583186324e-06,2.2778121650556e-05,6.376846600865222e-07
10,0.46850467276948726,1.1003664313646476e-05,0.5058854886107758,0.00043126837661907306,2.2243948406046385e-06,1.159987530907683e-05,7.859979499629137e-06,0.00408432101633617,7.489002526493467e-06,0.0002632499162332786,0.00035308943834509363,1.8440767313061532e-05,0.010458011976868393,3.689571200623634e-05,3.7797099358574614e-07,0.0003488824482948151,0.00027656193323497805,0.009091766317088875,1.9867929692039782e-06,4.746276768945473e-05,9.90808195506146e-05,1.669914970079428e-05,8.784150650065974e-06,3.192796453765871e-05,8.541848162188817e-07
11,0.4765281488792211,1.161702846156091e-05,0.4970658926536386,0.000431667973246241,2.246130553104943e-06,1.0681097821463129e-05,8.094054548182885e-06,0.00396821391020954,7.506269255227112e-06,0.0002486278516912165,0.0003589456007605199,1.9603626034745306e-05,0.011677085082967302,3.7634124616040386e-05,3.6935588223505393e-07,0.0003367243961992872,0.00026792158765673204,0.008810182157627213,1.9604687957021277e-06,4.871645349409445e-05,9.835024679087016e-05,1.780625032913459e-05,8.097662442857707e-06,3.305949970204812e-05,8.476380548218645e-07
12,0.26774508315891604,5.823854217814997e-06,0.7189125506961203,0.00016189159270347031,8.498208911764967e-06,1.1243686097708705e-05,5.22358140768968e-06,0.0013098912247872872,9.685271281991237e-06,0.00018059322876728167,0.00033144996894447526,1.4024913818985126e-05,0.005319350798047588,5.023304157805545e-05,1.7492052812792216e-07,0.0001882337443985671,0.00028961738813065103,0.005135698370595888,4.089917417868851e-07,9.578365418660486e-05,0.00011941396075598168,7.194309422652303e-06,1.4747212253731751e-05,8.181243747580142e-05,1.3717849097522029e-06
13,0.47414902145544485,1.0978441993474781e-05,0.4999946557925609,0.00042081428965912165,2.2511264423283162e-06,1.1121532109526321e-05,7.940263561511625e-06,0.004197329661824551,7.472481773008026e-06,0.0002524631365223305,0.00036991052846431846,1.8955882388733252e-05,0.010638788636723857,3.788101522546817e-05,3.779483281683616e-07,0.00033781824991240916,0.00027154394528241177,0.009062760043570293,1.965583784258969e-06,4.7401430904693216e-05,0.00010060606738305758,1.720742648550073e-05,8.423939808503964e-06,3.1453555614855006e-05,8.575642317251728e-07
14,0.5405204016481749,1.939945916192454e-05,0.4086970912534906,0.0010280147891895712,6.327335535862967e-06,9.423047247059829e-06,1.1146286683213426e-05,0.0036859335909605728,6.201155479321756e-06,0.0002600203783450481,0.0007204212156630243,1.3860971753032194e-05,0.022323888205470203,4.107094116344375e-05,3.1654917308034555e-07,0.000213234069706064,0.0004424721982267218,0.021545848363369972,5.867624109846549e-06,5.687811326028419e-05,0.00030976693798257556,2.013412864404466e-05,1.3223734386181023e-05,4.862011823817776e-05,4.378845853599868e-07
15,0.46850467276948726,1.1003664313646476e-05,0.5058854886107758,0.00043126837661907306,2.2243948406046385e-06,1.159987530907683e-05,7.859979499629137e-06,0.00408432101633617,7.489002526493467e-06,0.0002632499162332786,0.00035308943834509363,1.8440767313061532e-05,0.010458011976868393,3.689571200623634e-05,3.7797099358574614e-07,0.0003488824482948151,0.00027656193323497805,0.009091766317088875,1.9867929692039782e-06,4.746276768945473e-05,9.90808195506146e-05,1.669914970079428e-05,8.784150650065974e-06,3.192796453765871e-05,8.541848162188817e-07
16,0.5587565276898528,1.1432126581750076e-05,0.4106285382944986,0.0004670307001489728,2.279753784895771e-06,1.1045257433411397e-05,9.855106527642462e-06,0.005586858286576001,7.449488158738613e-06,0.00021970234186546308,0.0004683505973725903,2.311752956151967e-05,0.012278997487285916,3.801396928449518e-05,4.7534168980017806e-07,0.00034675720553279895,0.00026228073631811693,0.010670820544854083,2.5333504140948813e-06,4.5679226363637166e-05,0.00010493277005195154,2.283144367524923e-05,7.5422117733569674e-06,2.6130716229595654e-05,8.178241644232038e-07
17,0.44654816265936526,1.1950171593221415e-05,0.5278919700686757,0.0004783699212266209,1.920788543482457e-06,1.4205708680844384e-05,7.322011612985149e-06,0.004856556866888545,7.765268731602546e-06,0.0003495585036577802,0.0003282432247654049,1.8447109035941613e-05,0.009439919525583476,3.6591840271049513e-05,4.825494628715728e-07,0.0004744153166624845,0.00029839047209903515,0.009034271254707668,2.292992938310022e-06,4.951894104737375e-05,9.056827214406028e-05,1.745251433146829e-05,9.40534753527586e-06,3.12373854910383e-05,9.812849485064898e-07
18,0.3675125646249347,1.3162662108925616e-05,0.6060068999809491,0.00034558964706490766,2.687155931137514e-06,1.412357456252908e-05,1.1564682826700626e-05,0.003819943115240456,1.100735170722032e-05,0.00034006423940853136,0.00037111256718466804,2.6111461353863252e-05,0.010378752474980815,6.0044496669904765e-05,4.921499263481771e-07,0.0005437551275906109,0.00035306431479101443,0.009877117835983653,2.650126429673311e-06,6.8912219814964e-05,0.00015550355154929767,1.8018088255120757e-05,1.3133528986021178e-05,5.191408620416892e-05,1.8109355457062285e-06
19,0.6057537850235023,4.160224672028598e-06,0.37110125389738724,7.894529961262079e-05,8.41323650505624e-07,4.1886535700802565e-06,4.975775609804914e-06,0.00405528499062732,2.911219042998083e-06,7.883579987001788e-05,0.0006241120832338238,1.004499669961846e-05,0.005728226743620131,2.8271706752959688e-05,9.451745758543663e-08,0.00011166849897720437,0.00017436219992919072,0.012011839818957221,1.2363225632349033e-06,1.52147878144748e-05,0.00018144871728458,9.901306828286527e-06,5.084803638995543e-06,1.2847456712945243e-05,4.638319849076656e-07
20,0.5353124402297665,1.2184983271373296e-05,0.4333077272942071,0.00047220907595567867,2.274459293232173e-06,1.1033401321958214e-05,8.654608939026851e-06,0.005795539231560075,8.588537650945044e-06,0.000255436771498711,0.0004588073273526283,1.890971847165759e-05,0.014003582592831982,4.3615162679601494e-05,4.6375734390876255e-07,0.0002881552220524115,0.00022535489192883316,0.009551977846205758,2.3522602674945058e-06,5.235697995202383e-05,0.00010628511137871298,2.7249089030013436e-05,6.814771371166274e-06,2.7217070611141416e-05,7.69605058142033e-07
21,0.3926480662835229,1.167184430976295e-05,0.58177489142634,0.0003780526699805978,1.7151801306775313e-06,6.490977068671371e-06,6.252542802772693e-06,0.00307235293011203,5.748940470670282e-06,0.0002415596423458621,0.0002494103716611114,1.9385659390962847e-05,0.01171241141061901,3.9798645322919986e-05,2.2560086126645098e-07,0.00035089670392320793,0.0002377528358572859,0.009058830685629939,1.333584868392714e-06,5.199165747244232e-05,8.031244265796862e-05,1.1423475616982116e-05,6.5317659748763525e-06,3.2158983190176395e-05,7.337398694939186e-07
22,0.3586037847909092,2.447187621962617e-05,0.5755772347274083,0.0022568975579840347,2.6247023682691294e-05,7.70594073741347e-05,0.00020943995902046288,0.0025421797002578637,0.0005441054992216053,0.0005895386775809899,0.0007299550639428628,0.00021798439080251167,0.04590757427093908,0.000231099615039857,2.379635524551724e-05,0.0029364841522796898,0.00017721947415334864,0.007472278853918003,2.5622849226765257e-05,0.0003485722316335193,0.00018940235000234566,7.304459961041742e-05,5.2067175726629064e-05,0.0011212976889716068,4.264170884882248e-05
23,0.46850467276948726,1.1003664313646476e-05,0.5058854886107758,0.00043126837661907306,2.2243948406046385e-06,1.159987530907683e-05,7.859979499629137e-06,0.00408432101633617,7.489002526493467e-06,0.0002632499162332786,0.00035308943834509363,1.8440767313061532e-05,0.010458011976868393,3.689571200623634e-05,3.7797099358574614e-07,0.0003488824482948151,0.00027656193323497805,0.009091766317088875,1.9867929692039782e-06,4.746276768945473e-05,9.90808195506146e-05,1.669914970079428e-05,8.784150650065974e-06,3.192796453765871e-05,8.541848162188817e-07
24,0.47404190589014883,1.524319585984493e-05,0.494828435104693,0.0007008337974032967,2.5278378418010853e-06,1.0882616765189316e-05,8.496106371774276e-06,0.004550680100287161,7.497631861991729e-06,0.0003155276171112449,0.00035366178636761785,1.944677339400558e-05,0.012952647588148892,3.974121931574569e-05,4.4224063140108565e-07,0.0003955664029682734,0.0003197146327221015,0.01121146491812265,2.8729512747561877e-06,5.1681886525175314e-05,0.00010683292710882833,1.8034143734912912e-05,9.760152168511349e-06,3.5317139373841164e-05,7.853397992329862e-07
25,0.5083245168274646,8.144523645179542e-06,0.45612097879893915,0.00041548403899222653,2.7941464271754875e-06,8.709871668522094e-06,9.979696801196128e-06,0.006550548730012467,5.8460163662591445e-06,0.000176592915962023,0.0005725218835916638,2.0470012590980025e-05,0.01336790396726886,4.106038461401444e-05,3.025325331335639e-07,0.0002581015726844448,0.00024419680205473596,0.013647127038132721,1.8193130601787378e-06,6.064287713397142e-05,0.0001166870685279884,1.85282031005177e-05,6.516809227173414e-06,1.9954051428930378e-05,5.7191777191953e-07
26,0.36987718741989006,7.902638830111221e-06,0.6124344291588115,0.000325702229993384,2.2763964192210393e-06,8.87643854576674e-06,4.038108764427312e-06,0.0017420226996759608,7.378324600400889e-06,0.00025000217337389357,0.00020394460090528979,1.116208235916911e-05,0.007054352126503178,3.385636966568109e-05,1.7882211960816486e-07,0.0002207991713694148,0.00020087661480400635,0.00743393948103974,8.38339535736039e-07,4.608180975100498e-05,7.016429695991048e-05,7.2329196411791045e-06,1.0611790220556322e-05,4.544851302213378e-05,6.974731987280991e-07
27,0.5335574069195093,1.0933017268492646e-05,0.43978138505026093,0.0004914793453893899,2.5129063044592203e-06,1.464303433385343e-05,8.674459540764442e-06,0.004951812222352554,1.0993381066778282e-05,0.0002703506409885594,0.0004148967658325027,2.1862365308114347e-05,0.011136423165067206,3.994666760989892e-05,5.690800608549596e-07,0.00034757933336406903,0.00023202087891383575,0.008501573130904685,2.2491115726420025e-06,5.048047750397832e-05,8.402206297432908e-05,2.4241252440503245e-05,8.778852813385624e-06,3.414154109007447e-05,1.024337528864833e-06
28,0.46850467276948726,1.1003664313646476e-05,0.5058854886107758,0.00043126837661907306,2.2243948406046385e-06,1.159987530907683e-05,7.859979499629137e-06,0.00408432101633617,7.489002526493467e-06,0.0002632499162332786,0.00035308943834509363,1.8440767313061532e-05,0.010458011976868393,3.689571200623634e-05,3.7797099358574614e-07,0.0003488824482948151,0.00027656193323497805,0.009091766317088875,1.9867929692039782e-06,4.746276768945473e-05,9.90808195506146e-05,1.669914970079428e-05,8.784150650065974e-06,3.192796453765871e-05,8.541848162188817e-07
29,0.46850467276948726,1.1003664313646476e-05,0.5058854886107758,0.00043126837661907306,2.2243948406046385e-06,1.159987530907683e-05,7.859979499629137e-06,0.00408432101633617,7.489002526493467e-06,0.0002632499162332786,0.00035308943834509363,1.8440767313061532e-05,0.010458011976868393,3.689571200623634e-05,3.7797099358574614e-07,0.0003488824482948151,0.00027656193323497805,0.009091766317088875,1.9867929692039782e-06,4.746276768945473e-05,9.90808195506146e-05,1.669914970079428e-05,8.784150650065974e-06,3.192796453765871e-05,8.541848162188817e-07
30,0.46850467276948726,1.1003664313646476e-05,0.5058854886107758,0.00043126837661907306,2.2243948406046385e-06,1.159987530907683e-05,7.859979499629137e-06,0.00408432101633617,7.489002526493467e-06,0.0002632499162332786,0.00035308943834509363,1.8440767313061532e-05,0.010458011976868393,3.689571200623634e-05,3.7797099358574614e-07,0.0003488824482948151,0.00027656193323497805,0.009091766317088875,1.9867929692039782e-06,4.746276768945473e-05,9.90808195506146e-05,1.669914970079428e-05,8.784150650065974e-06,3.192796453765871e-05,8.541848162188817e-07
31,0.502403697328802,1.5911052112746394e-05,0.4533330716538117,0.0012034482972120358,1.1695926217639426e-05,3.582295407036245e-05,2.5468684248459865e-05,0.0033760354246698335,2.7571311543923405e-05,0.0003619131581733599,0.0008196076946738537,3.475861115509067e-05,0.022647702846280447,6.223605900877393e-05,1.5620935664654471e-06,0.0005232163561589328,0.00038103114979794796,0.014209993068833407,6.159933789126391e-06,0.00014013792245355828,0.00019671297500273657,3.379779317894499e-05,2.5196692881665045e-05,0.00012133461423529155,1.9163981217798482e-06
32,0.47768530290999794,1.197014909129948e-05,0.49492594957662994,0.0004819013204215036,2.3577469418988043e-06,1.2722193473931303e-05,8.665929062141766e-06,0.004384292018234061,8.059113205869162e-06,0.00028251036123358734,0.0003768667946521104,1.9581726163836325e-05,0.011081190743020662,3.846354533196845e-05,4.350224551116974e-07,0.00038225656001696887,0.00029741357841550506,0.009775801199390683,2.4472160994053223e-06,4.908746168564281e-05,0.00010942566353287715,1.8643719901827384e-05,9.634387246998346e-06,3.4102746429347544e-05,9.183173649403645e-07
33,0.44640071974893925,1.0664349608701863e-05,0.5292580571808102,0.0004145875862250948,2.2638362368299652e-06,1.2263165220753819e-05,7.479880046033591e-06,0.0039920789219584215,7.993574171571045e-06,0.0002829233051639444,0.0003389537576891141,1.7499964984181012e-05,0.009565444854234413,3.8960882790846215e-05,3.8624565226062093e-07,0.00034928404113773785,0.0002697804082723676,0.00882121604435984,1.878153552844629e-06,4.896595823138922e-05,9.936076057102407e-05,1.581913435848721e-05,9.411681245836232e-06,3.309195097421965e-05,9.146135647437328e-07
34,0.013810168643310446,4.510460275017223e-05,0.9573271643177084,0.0006891414242148408,5.320837219524544e-06,4.310498123983088e-05,6.972897892975039e-06,0.002284563248769534,1.2616027121175412e-05,0.005827658886970764,6.173885352068468e-05,2.4924617628346386e-05,0.003216637437651777,0.00023266611959590634,1.15628467151019e-06,0.007871940286809294,0.0028846095734420324,0.004502331201955738,2.9924633364557674e-06,0.0007496488839685466,0.00015751289382638116,8.440828555635935e-06,7.069626484880538e-05,0.00015119894421916324,1.1689478772389348e-05
35,0.3573503480135871,1.289675960118002e-05,0.6184889144510284,0.0004811096948433743,3.428489853510842e-06,1.016732745302023e-05,8.520884110534769e-06,0.003346741432485659,8.401210473952978e-06,0.0002810576872109058,0.00034663991131767046,1.7821304325345202e-05,0.010933732146557141,5.001963114204831e-05,4.251109203005138e-07,0.0003528892347700918,0.0003106112827848779,0.0077265377584278625,1.8003170174864431e-06,6.766390806609613e-05,0.00012897836689164022,1.350378415764164e-05,1.090073551451674e-05,4.58117380806078e-05,1.0788193791265493e-06
36,0.46827823349232095,1.0898623988762148e-05,0.5062605533651625,0.0004303629155349289,2.2558563849809756e-06,1.1570866387587252e-05,7.849136339893833e-06,0.004019902861848423,7.5025801874446484e-06,0.000260511197109658,0.0003542451315189181,1.8300863076276792e-05,0.010387058135465905,3.686899577954107e-05,3.757866983915728e-07,0.0003432135316268935,0.0002752052100787033,0.009087611465453308,1.972833869239668e-06,4.725434235922339e-05,9.980347891934708e-05,1.6448613745511104e-05,8.875539355958185e-06,3.2271802446712813e-05,8.533743411987689e-07
37,0.4772568038955359,8.146550831960158e-06,0.5011049582411868,0.00029973620958008695,2.1918314553957217e-06,6.363460941249563e-06,6.691455455034738e-06,0.002041293015885831,6.4937508785234014e-06,0.00014645785588988223,0.00027589219391802906,1.7100014662925397e-05,0.010458271696982243,3.3329914500190126e-05,1.7754445498262315e-07,0.00018461722430436345,0.00018868935090903368,0.0077944498281255275,9.865146231565673e-07,3.70308954641572e-05,7.800074372316184e-05,1.0286289656740001e-05,6.851630768486081e-06,3.454128144347057e-05,6.386088227721968e-07
38,0.4861337538241181,1.1621299486693379e-05,0.48476038107912595,0.0004807435984786993,1.6423235267326968e-06,1.890354077879561e-05,1.200552421490603e-05,0.004485037343088675,7.236488622378934e-06,0.0002894342926528552,0.00034697589965121525,2.3762269069235118e-05,0.01264353623531063,2.569954532356399e-05,5.288005684561292e-07,0.0006442523018921522,0.00036951452842113686,0.009533927554182546,3.214318940011237e-06,5.118589467897867e-05,9.487102723284042e-05,1.9459139468516252e-05,1.0231740329870981e-05,3.111345528508421e-05,9.679755519201438e-07
39,0.4720344709772342,1.0837360646915499e-05,0.5014335282947628,0.0004120104103548164,2.014958366787015e-06,1.2701698044666702e-05,8.359952549799066e-06,0.004702668081376469,7.067520759937158e-06,0.0002730492446466147,0.00036096397324860167,1.9487411808529133e-05,0.010491807636385653,3.541929276504165e-05,3.9123587619085185e-07,0.00039316339060433596,0.00029382015989825553,0.009303848353123065,2.130267583112215e-06,4.740813857669938e-05,9.947462253898017e-05,1.839448469565614e-05,8.35040109057659e-06,2.776781850846062e-05,8.643145535808584e-07
40,0.3958869218106145,2.0229278962570548e-05,0.5055560808087732,0.0031440018605099623,4.171435514257147e-06,3.4720102259254666e-05,1.8242913593807098e-05,0.011130374818786953,1.7299561272245594e-05,0.001358781314807413,0.0004960746591304022,1.8743513642887155e-05,0.0209949243993271,6.134662028392652e-05,1.4321413555492172e-06,0.0019719817995436863,0.0006208976799050023,0.05805966173888078,2.4575408756344413e-05,0.00017388260722819553,0.00024265072873371475,2.4095019601321538e-05,4.915280386100946e-05,8.852019146286923e-05,1.2367831929189166e-06
41,0.5074225820127088,9.336744371125335e-06,0.471142455075765,0.0007246083782004271,3.090047758587749e-06,1.644628628054124e-05,6.771286717402552e-06,0.004083368200269427,9.037536073437785e-06,0.0002691196316038216,0.0003342487102902021,1.7722720240662142e-05,0.007966246490782133,2.7700371812393888e-05,6.132035593485604e-07,0.000341190633776849,0.0002488569625783897,0.007215706580177464,1.7153773571292698e-06,4.3739994745677664e-05,5.7418702045890685e-05,1.4468327615958989e-05,1.024434685165752e-05,3.249813394057202e-05,8.142444768648336e-07
42,0.3424313742217345,6.000256791457913e-06,0.6381203787787064,0.0003233021423840928,2.6393944076973845e-06,6.748218734246626e-06,5.676767451735114e-06,0.0016150400764606135,7.808799463496316e-06,0.00019486760260756914,0.00022906151518372505,1.189122720565949e-05,0.0062231245767823224,4.5470733535697756e-05,1.7576486858188822e-07,0.000169903012183182,0.0001577854356058789,0.010251788970569664,8.498328894311575e-07,4.262308174623631e-05,9.152776684283457e-05,4.329726119650382e-06,1.3251660259526968e-05,4.364622984470488e-05,7.342076210078452e-07
43,0.40825415475459076,1.2344569642182146e-05,0.5633342854421116,0.0004877151819837039,2.3250949979448936e-06,2.6873406358483323e-05,7.580046617551593e-06,0.006586509986774571,1.0399647685846211e-05,0.0005816606504705904,0.0003790190145226834,1.4822595537823037e-05,0.009359600789485566,4.443212972894871e-05,6.132170555477646e-07,0.000513937854480854,0.0003371526290705244,0.00977358125093732,2.96021611734811e-06,6.873484717315477e-05,0.0001295325511939134,2.5152066875890008e-05,1.3106085710224835e-05,3.240029941231341e-05,1.1056714644852869e-06
44,0.46850467276948726,1.1003664313646476e-05,0.5058854886107758,0.00043126837661907306,2.2243948406046385e-06,1.159987530907683e-05,7.859979499629137e-06,0.00408432101633617,7.489002526493467e-06,0.0002632499162332786,0.00035308943834509363,1.8440767313061532e-05,0.010458011976868393,3.689571200623634e-05,3.7797099358574614e-07,0.0003488824482948151,0.00027656193323497805,0.009091766317088875,1.9867929692039782e-06,4.746276768945473e-05,9.90808195506146e-05,1.669914970079428e-05,8.784150650065974e-06,3.192796453765871e-05,8.541848162188817e-07
45,0.4498537673995049,1.0889347424337892e-05,0.5258940804253304,0.0003805387730451531,2.1182426202904983e-06,1.0484580722583207e-05,6.970905659951049e-06,0.0037074561085612924,6.989215572264842e-06,0.0002600880177643631,0.00033659829100539146,1.7012704640387914e-05,0.009793343095023657,3.7772415681444856e-05,3.165207665926869e-07,0.0003186248690706516,0.0002742244379367174,0.008881656300409503,1.7725046437666514e-06,4.533706480216372e-05,0.00010304769198602904,1.498142280199319e-05,8.740061270710149e-06,3.235958825051042e-05,8.300155049773371e-07
46,0.5830002983276421,1.5177989098918758e-05,0.39252886100965173,0.0005148753953880828,1.9918765631989673e-06,1.1275764479609263e-05,7.846274574899673e-06,0.0040850808177308,4.534237408215641e-06,0.00020591080621213095,0.0003424092622491593,2.2649216155937343e-05,0.011400295336772358,1.986133578899491e-05,3.73763536461167e-07,0.0004107560120539838,0.00044555813564801163,0.006826042920472969,2.104585565900084e-06,3.2735955782091314e-05,6.825869528965888e-05,2.1259867470294603e-05,6.533142446653696e-06,2.4658308225909087e-05,6.50963791764903e-07
47,0.4490525801361536,1.0496708934363409e-05,0.5253496863293258,0.0004423624147757102,2.358402627014506e-06,1.1873595607460871e-05,7.77465704868753e-06,0.0040896041799513005,7.73675879544619e-06,0.000274747048444659,0.00035548646138423455,1.7430494792748193e-05,0.00994419895511061,3.9212555390694416e-05,3.78720276910823e-07,0.00033801013199662806,0.000271340594481302,0.009569697397626071,1.9950438795662407e-06,4.901765376104222e-05,0.00010561844064700371,1.547284580798989e-05,9.526829978982147e-06,3.2534540127645176e-05,8.591030746912056e-07
48,0.5604879002663654,2.419655151736827e-05,0.40928628448745275,0.0006745654180438291,1.6551297758185281e-06,1.2873943703921977e-05,9.228727688634097e-06,0.0065231616917260935,4.6231697849569335e-06,0.00034851163202509694,0.0003396358311965146,2.0853329473849172e-05,0.011722642571798877,2.6208977982178433e-05,4.868280417834325e-07,0.0005377481331889543,0.0006112091959161317,0.009174628012498368,4.114631593168225e-06,3.19575320992206e-05,0.00010100178908598814,2.71304817699184e-05,8.438227861113671e-06,2.0236604286193432e-05,7.06835123788354e-07
49,0.4229710696212612,9.451384173678416e-06,0.554363339310635,0.0003449150005925839,1.8872914387627968e-06,1.1574479104893443e-05,6.276569065149232e-06,0.0035467340245623276,6.67855982620643e-06,0.00026261987103774797,0.0002910983333603184,1.6320664185326343e-05,0.00955231119647914,3.340972329370614e-05,2.8039783077026763e-07,0.0003151269112636515,0.0002475666610923433,0.007838014769599255,1.3271011728625588e-06,4.971696448114455e-05,7.983286824126684e-05,1.4188385588399408e-05,7.547924565653098e-06,2.7975522172193785e-05,7.364649763930977e-07
50,0.46973521525804546,1.1140155629195305e-05,0.5041397839992562,0.0004322367521522679,2.19463804986473e-06,1.1695720847352935e-05,8.1043833545716e-06,0.004215585462508288,7.561587549467873e-06,0.0002671681349730998,0.00035453318042022317,1.858979385258419e-05,0.010711902710602978,3.75519581733869e-05,3.8258633514297665e-07,0.00035134678981469904,0.00027568168064065035,0.009210485557459475,2.0467885040776643e-06,4.781880979641128e-05,0.0001009007704357528,1.7285277566871422e-05,8.720055344434345e-06,3.121152242805398e-05,8.564262592727295e-07
51,0.5142611767287396,2.528588298421718e-05,0.4489856056125279,0.0009610169373058243,1.908363574890597e-06,8.09371656889957e-06,6.084225766062196e-06,0.007634179811519947,5.862115308592996e-06,0.00038116505587986306,0.00038254953345305813,1.813538555746214e-05,0.015295075438465745,5.046636774597006e-05,4.7005351182576255e-07,0.00031115501769450414,0.00031412340800574104,0.01115877158667259,2.9752360261282e-06,4.6935596266912686e-05,9.38836361607505e-05,2.7452617688650477e-05,6.572755001904867e-06,2.048172356680158e-05,5.731940059572042e-07
52,0.48159678341601164,1.0830254953177398e-05,0.487857177784904,0.0005361935034183456,2.0741196348162772e-06,1.5005359274659991e-05,7.234216176044244e-06,0.005289295921791894,8.398521780679822e-06,0.00035416478104056146,0.0003869613350475806,1.7551845566434147e-05,0.011007439683413464,3.773234182605142e-05,4.3901461450235673e-07,0.00041094233867348864,0.0002667241269246584,0.011980275525150014,2.4743610925835395e-06,5.716594203089854e-05,9.33005297768283e-05,1.8882252697809617e-05,9.919676197441508e-06,3.22404386790931e-05,7.927093233052354e-07
53,0.47726621670096325,8.775813319487154e-06,0.49619624990131356,0.00035555263243491295,2.547903660649101e-06,1.3470592254898324e-05,1.5701940742703946e-05,0.004083218052477558,9.636798425886223e-06,0.00019058202794595752,0.0004126727660194707,2.7813201861402952e-05,0.01135491922644228,3.99291854393804e-05,4.997585614724975e-07,0.00040296033325336604,0.0002731947263022635,0.009121059218819052,2.154781150916966e-06,5.302891058214146e-05,0.00010996795842717352,1.7143302037347798e-05,9.814044607442797e-06,3.168320661536764e-05,1.2070163419767225e-06
54,0.3135012069211934,1.693790128910078e-05,0.6634811131940886,0.0003981700782353923,2.3366740067805073e-06,1.2937367406593535e-05,9.3266807488802e-06,0.004134543349483146,1.1886184301242749e-05,0.00044735368231376457,0.00027074187046765555,2.8958254272260432e-05,0.009522367788756543,6.443814101403187e-05,6.752498701402901e-07,0.0007840056676039175,0.0003410860960912111,0.00670562256484948,2.2374105620619032e-06,7.622758089618833e-05,0.00010283726042691928,1.80547716712129e-05,1.1050855325748161e-05,5.351963894236313e-05,2.3648161833480286e-06
55,0.5228623318832152,8.575076162771907e-06,0.449123441179486,0.0004952524043775545,2.956947367911126e-06,1.0122150060507088e-05,1.3495092174857969e-05,0.0024371136671830548,1.0072810468533292e-05,0.00014502326608410086,0.00035858583683941734,3.449575907791389e-05,0.014507119483662855,3.224105604975395e-05,4.016157604254928e-07,0.00035932150361867347,0.00021999949974504468,0.0091790925048407,1.9088365937816635e-06,4.932947947738277e-05,7.530273688134276e-05,1.4101160958559255e-05,8.810873838240691e-06,4.987932418375143e-05,1.0258518916262204e-06
56,0.4782434191617974,1.1232400763871259e-05,0.4956037477287842,0.0004291903374007414,2.1900296607016925e-06,1.1189601297301305e-05,8.022055854812626e-06,0.004067644994472256,7.50109433997926e-06,0.00025485569764971335,0.0003566081990046639,1.890592777370902e-05,0.011032333653856469,3.7090195551838156e-05,3.703849270878654e-07,0.0003368502570761604,0.00026935172824337617,0.009103508667508404,1.994244955044888e-06,4.719392612314748e-05,9.84670698443205e-05,1.7391240871028188e-05,8.422912530529369e-06,3.168193016134574e-05,8.365595519510194e-07
57,0.45726187192841256,1.4436715817074122e-05,0.5129125347262856,0.0004666153366304599,2.2335896915115995e-06,1.0683748076534033e-05,9.580879491603976e-06,0.004427553620468743,7.462672022186312e-06,0.0002775159198540897,0.00037929415060875135,2.2039184123973054e-05,0.013679865025388269,4.189612595854646e-05,4.1486529387844684e-07,0.0004238254927492201,0.0003246141536932333,0.009487198251415058,2.7551312456630564e-06,5.1820398714783786e-05,0.00012995126812672905,2.0925946512072174e-05,8.424683676689849e-06,3.551897507409797e-05,9.672106687305945e-07
58,0.4532527757772872,1.1773234438954627e-05,0.5207574636302094,0.00045080184238580035,2.7042033870191374e-06,1.1492204540549014e-05,8.345819988542584e-06,0.003413917666424924,8.769032665772468e-06,0.0002619053910141075,0.0003600094059581021,2.0092789537365398e-05,0.01149795810158163,4.0810949024994946e-05,3.9400720919201496e-07,0.00035677961588854724,0.00027785638418017865,0.00902989574108369,2.04638957468895e-06,5.471348389256402e-05,0.00010784782413367083,1.653378717118106e-05,1.0007895843043584e-05,4.410450665267114e-05,1.0003159262566115e-06
59,0.4949769131999831,1.0843141634564475e-05,0.4787592883124795,0.00044130769986899354,2.0944232885144264e-06,1.1774300364216151e-05,8.138868357688463e-06,0.004498873440590266,7.1415977533892076e-06,0.0002535230613769042,0.00036768792141050405,1.8701296668658582e-05,0.010526571813225834,3.463778583403585e-05,3.9084540187632893e-07,0.00034578458451614097,0.00027689434966339705,0.009262732393482083,2.096471324250844e-06,4.3942252525762664e-05,9.573258284545045e-05,1.7758076614995125e-05,8.289491493947642e-06,2.8082512307141557e-05,7.995769887194707e-07
60,0.46850467276948726,1.1003664313646476e-05,0.5058854886107758,0.00043126837661907306,2.2243948406046385e-06,1.159987530907683e-05,7.859979499629137e-06,0.00408432101633617,7.489002526493467e-06,0.0002632499162332786,0.00035308943834509363,1.8440767313061532e-05,0.010458011976868393,3.689571200623634e-05,3.7797099358574614e-07,0.0003488824482948151,0.00027656193323497805,0.009091766317088875,1.9867929692039782e-06,4.746276768945473e-05,9.90808195506146e-05,1.669914970079428e-05,8.784150650065974e-06,3.192796453765871e-05,8.541848162188817e-07
61,0.7743284309538893,1.4870905363949853e-05,0.17295043204449032,0.0011657819965315852,1.1589679884355818e-06,1.964923096812376e-05,1.929121363811624e-05,0.019715798921588278,3.834626302831539e-06,0.0001874365919900449,0.0007486823238433116,2.6608568590742137e-05,0.016133121683828886,1.7026720370785656e-05,1.2584820210372997e-06,0.0005146697353678513,0.00047782252786745334,0.013492325166552417,8.689881896323122e-06,2.6328533478389732e-05,7.629561229615588e-05,5.88172750246416e-05,5.727414650132896e-06,5.559925524009513e-06,3.8069593683615756e-07
62,0.46850467276948726,1.1003664313646476e-05,0.5058854886107758,0.00043126837661907306,2.2243948406046385e-06,1.159987530907683e-05,7.859979499629137e-06,0.00408432101633617,7.489002526493467e-06,0.0002632499162332786,0.00035308943834509363,1.8440767313061532e-05,0.010458011976868393,3.689571200623634e-05,3.7797099358574614e-07,0.0003488824482948151,0.00027656193323497805,0.009091766317088875,1.9867929692039782e-06,4.746276768945473e-05,9.90808195506146e-05,1.669914970079428e-05,8.784150650065974e-06,3.192796453765871e-05,8.541848162188817e-07
63,0.4720657127107888,1.2763571063497423e-05,0.5018946275339783,0.00045040353749271336,2.2329999822386555e-06,1.146977559166638e-05,7.814380515484742e-06,0.004264142751538173,7.4838621830345515e-06,0.0002809343843218221,0.00035848443802245745,1.9354602440903033e-05,0.010757895584002074,3.838207391689628e-05,3.9948738854428547e-07,0.0003686488875551795,0.0003010093431542011,0.00894519991075514,2.1665764203363332e-06,4.714946767068068e-05,0.00010270610183157182,1.8249537499596942e-05,8.81514483843612e-06,3.305160188493157e-05,9.017351631913235e-07
64,0.4346591390451013,1.1361922331206022e-05,0.539557652884729,0.0003829675345426928,2.398050277349625e-06,1.0486817683228645e-05,8.330312240004905e-06,0.0037922194701092513,7.359443026900882e-06,0.0002588403881051788,0.00036384782999375394,1.761761103767031e-05,0.010521928977835883,4.2937478133112556e-05,3.2762123261504834e-07,0.0003178509745973963,0.0002959032093013145,0.009506106112914216,2.0588757618478363e-06,4.776575996047179e-05,0.00013286045251551304,1.5717820154516935e-05,9.525909208563524e-06,3.390554107820326e-05,8.899581289279334e-07
65,0.329554264047937,1.1816015895510396e-05,0.6497113553833224,0.00025598029537348397,1.890125353064645e-06,6.466356250126377e-06,4.841873623068182e-06,0.0030450678550333525,8.387089511943579e-06,0.00030566771140542835,0.00023709223091507084,1.4872786024521607e-05,0.009495491171425022,6.430089264391536e-05,2.1419709609976182e-07,0.00024404716420458887,0.00019078026818338686,0.006638071574387001,9.78019348759064e-07,5.600097625262608e-05,9.609053580612078e-05,1.3557850809832498e-05,6.560078516545546e-06,3.524510418726053e-05,9.603964938309127e-07
66,0.45384688767971765,9.607877791325347e-06,0.5199319376794368,0.0003486017614045731,1.7929051437883233e-06,8.480568685864828e-06,7.1661613134541205e-06,0.004099768615289417,5.901479303752812e-06,0.0002189687774670633,0.00032446981078050076,1.6996929206410006e-05,0.01185153679299192,3.49102516614392e-05,2.708192102224194e-07,0.00030285116688139155,0.0002268291695079086,0.008578089092462228,1.4355588588062165e-06,4.924240389579062e-05,8.750673294192616e-05,1.5457084777054058e-05,6.0142217170103235e-06,2.4614765317756226e-05,6.616942360257035e-07
67,0.6125047057420966,1.1683783730661e-05,0.36202049927193036,0.0004482165769983815,2.4731891875471004e-06,1.4126132591391495e-05,1.0880675011539166e-05,0.005250970983320914,8.878564552844142e-06,0.00020047408277020773,0.000489045748682157,2.883339712784183e-05,0.010408605487059975,3.162997886442852e-05,6.368214869374665e-07,0.00038618056310391557,0.0003083542706240338,0.007679055267195589,2.8392666877902932e-06,3.351856115694687e-05,9.139805638375495e-05,2.9122108626091822e-05,7.4712719707651085e-06,2.9291985287383963e-05,1.1082135519669416e-06
68,0.8210411275923452,1.3303080803047146e-05,0.1510352106415068,0.0003765682241947224,9.700171767553517e-07,1.0728592196676667e-05,7.713649035524544e-06,0.009589656158294303,2.52447768639152e-06,0.00012158224499780694,0.0006135938640908969,1.730759095898667e-05,0.008691330970721516,1.0591249037797832e-05,5.078241455586375e-07,0.00030949494879904595,0.00042104960568586144,0.007572237605477952,5.452503260754798e-06,1.0882260894960771e-05,8.844007549317352e-05,4.7681638739389064e-05,3.7044568870025244e-06,7.948685420393666e-06,3.920421496279873e-07
69,0.4431043190581808,1.0744667588976574e-05,0.5309902685062083,0.00041065152755405084,2.1558420087078062e-06,1.135361277364023e-05,7.724573238361553e-06,0.00408233705414958,7.538897370079727e-06,0.00027553645399721184,0.00034196144282235436,1.7886097657555217e-05,0.010465135047608742,3.948095926532939e-05,3.5720634538302214e-07,0.00035011511421357373,0.00026601522270891314,0.009404019721750432,1.901407144998027e-06,5.1136955504349836e-05,0.00010197275989406098,1.5871718206483266e-05,8.845180281292378e-06,3.181118645970855e-05,8.597870671473324e-07
70,0.4289590358412415,7.55751101455244e-06,0.5496035453780665,0.0005147003289644832,3.32505012121733e-06,8.2776971115548e-06,7.384444505910218e-06,0.0027895941544230298,7.9579450034808e-06,0.00016902749903816925,0.0003004757966135786,1.4021118465060708e-05,0.010183413625719614,3.729555806346513e-05,2.9597472320939756e-07,0.00016140419398994954,0.00017264660451900125,0.006891839823699841,9.7699204252307e-07,4.7951373217649875e-05,7.24701591793611e-05,1.023562215493701e-05,7.806315222627585e-06,2.8185733414280857e-05,5.752594844531769e-07
71,0.3500647541954106,1.0706924888733656e-05,0.6234971979702283,0.0003706661991508922,2.8762970493307127e-06,9.886593622023197e-06,8.623987846867818e-06,0.0037133220294916958,9.373609346682433e-06,0.0002949358955205698,0.00032899803363573124,1.83919110542852e-05,0.011083278328665427,5.840302895127823e-05,3.4230675884735714e-07,0.00036255857525353054,0.00025565788727023434,0.00963612986987969,1.6939918592456542e-06,7.472714190790148e-05,0.00013103252032371803,1.4277617348301991e-05,1.0033803908162687e-05,4.10370261386065e-05,1.0942544894213832e-06
