,0,1,2,3,4,5,6,7,8,9,10,11,12,13,14,15,16,17,18,19,20,21,22,23,24
0,0.49598298174525235,3.5043367861289346e-05,0.44451063730880686,0.00040529782966445887,2.1079834340197675e-05,1.4701831589651246e-05,3.744643814147527e-05,0.005019431877720175,5.023762490802479e-05,0.000400105695607341,0.0025382196315693363,7.070691827420815e-05,0.030466919995678552,0.00023284266972336192,2.2359512242578834e-06,0.0007159616132318213,0.0004366009911474393,0.017847272626082034,1.4991093823059145e-05,0.00015801312173960693,0.0007307911682722176,9.054569110254383e-05,1.2807161252751602e-05,0.00019784999660776807,7.277816379243591e-06
1,0.4166889469090866,4.017222966636276e-05,0.5271415356758876,0.0004870066991995333,1.8592061130300506e-05,1.0076305082241845e-05,3.473079784692375e-05,0.004476680314590402,3.240180983220074e-05,0.0003754129778998976,0.0017128437422585937,7.775893912978195e-05,0.03051270161856388,0.0001995107244064064,1.7544283039800334e-06,0.0010244512261912881,0.0006089559751834806,0.015447302551390473,1.2689422581489075e-05,0.00015424876772700085,0.0006608492723800608,6.319806414635098e-05,1.1774568095304507e-05,0.0001997255007820676,6.679418637834994e-06
2,0.4421611903370567,4.275643690905144e-05,0.5002746588705883,0.0005001906932857218,2.673158945583632e-05,9.351263579285741e-06,3.613855543243203e-05,0.004894771794420631,3.771676348327273e-05,0.00034226107435849246,0.002220015014729041,8.645390006434614e-05,0.03135913417646836,0.0002442986181433588,2.08353075981965e-06,0.0008448787648610609,0.0005680921469976054,0.01519737100416426,1.1267469199135063e-05,0.0001803516777947711,0.0006566544188778547,7.231532503648717e-05,1.131272073189267e-05,0.0002127068337820858,7.29701982021969e-06
3,0.5048679949224928,3.791699733461952e-05,0.43984415754366074,0.0004808428471368723,1.942166468677081e-05,8.51695016141544e-06,3.4036181539665554e-05,0.004240085794032195,2.6638877652653906e-05,0.0002616402175218381,0.0019623903576441886,7.652289515645551e-05,0.030777693287080757,0.00016037819535322551,1.5371733159331679e-06,0.0007315103457382812,0.0005855208656902446,0.014903833980267817,1.1180652124971083e-05,0.00011922886148417203,0.0005991897786526025,6.380174698680033e-05,1.0062941575838436e-05,0.00017085642423252275,5.040498476520963e-06
4,0.5030959438538417,3.915037760378739e-05,0.43800904540421515,0.0004717353191618353,1.904900070403479e-05,7.200399342054361e-06,3.427838444981073e-05,0.004100441832044509,2.6056930882438023e-05,0.0002412689195661035,0.001938693801526456,7.764681295267857e-05,0.03468579591661949,0.00017142693950338435,1.363773607866081e-06,0.0006491838693907135,0.0005414832082194054,0.014892004017867963,1.053871744389162e-05,0.00012213510626038043,0.0006147060344092887,6.52843464606579e-05,9.128058278217121e-06,0.00017172765576744167,4.711319880840474e-06
5,0.4881108678593005,3.489987525537527e-05,0.4544472111748998,0.0005430388215201176,2.0452399366819864e-05,8.059146193212574e-06,3.0496823709880646e-05,0.003939702719812422,2.532695710011156e-05,0.00026869978047089577,0.0018313954036633447,6.764180197653695e-05,0.030640238356246505,0.00016210145842672478,1.2951950019951276e-06,0.0006645823756601142,0.0005517265499166894,0.017672590976720224,1.0171753001195478e-05,0.00013038431610639707,0.000590310624687847,5.2478843392744553e-05,1.115832471057642e-05,0.00018096295764881916,4.205505211089391e-06
6,0.5048679949224928,3.791699733461952e-05,0.43984415754366074,0.0004808428471368723,1.942166468677081e-05,8.51695016141544e-06,3.4036181539665554e-05,0.004240085794032195,2.6638877652653906e-05,0.0002616402175218381,0.0019623903576441886,7.652289515645551e-05,0.030777693287080757,0.00016037819535322551,1.5371733159331679e-06,0.0007315103457382812,0.0005855208656902446,0.014903833980267817,1.1180652124971083e-05,0.00011922886148417203,0.0005991897786526025,6.380174698680033e-05,1.0062941575838436e-05,0.00017085642423252275,5.040498476520963e-06
7,0.25635714896460404,4.783766948306336e-05,0.6948077357887442,0.0006670702505767805,5.583395678218565e-05,2.2426230318290757e-05,4.463296051223579e-05,0.005018921997568789,6.803153014603082e-05,0.000832052829744694,0.0017880136078456258,0.00012038718045845085,0.012489207676165414,0.00043461205447235406,4.06252540293204e-06,0.002822744022080425,0.0017025868984878632,0.020399781737145673,2.0853619660649302e-05,0.0002591502898438451,0.0013240381756959728,5.003987756846034e-05,5.377139920893815e-05,0.0005832170298448927,2.58417276380348e-05
8,0.42344620653716825,3.375608894222511e-05,0.5393490340225753,0.0004391611001997826,1.6635259519837453e-05,6.456109841938818e-06,1.7679133434430478e-05,0.002685437767498555,2.3889675389447434e-05,0.0002787083686353629,0.0010905930520820996,5.87686602197652e-05,0.019810349688064964,0.00015350427130261186,1.0405740469024458e-06,0.0006727530860176906,0.0005206885565126928,0.010619356395787356,5.1729849893006e-06,0.00011016166469286651,0.000381766479673268,3.446329255279394e-05,1.1318793075376408e-05,0.00022799224094335283,5.106196833869982e-06
9,0.6300245495846587,3.27875910799899e-05,0.3088689467246437,0.00046204435713407936,2.0473604318638688e-05,9.059430733124236e-06,4.756252886868497e-05,0.004469281154993083,2.4266073004165905e-05,0.00016980680949577886,0.002690397161273118,8.082726318297244e-05,0.03548390711674045,0.00011620149927684435,1.65230048627247e-06,0.0005445743982954812,0.0005469124988717468,0.015458607412188378,1.4795545605069242e-05,8.49284625496981e-05,0.0006334007378592867,8.348419320612023e-05,8.069845714893334e-06,0.00011967619677353647,3.7875090461683187e-06
10,0.5048679949224928,3.791699733461952e-05,0.43984415754366074,0.0004808428471368723,1.942166468677081e-05,8.51695016141544e-06,3.4036181539665554e-05,0.004240085794032195,2.6638877652653906e-05,0.0002616402175218381,0.0019623903576441886,7.652289515645551e-05,0.030777693287080757,0.00016037819535322551,1.5371733159331679e-06,0.0007315103457382812,0.0005855208656902446,0.014903833980267817,1.1180652124971083e-05,0.00011922886148417203,0.0005991897786526025,6.380174698680033e-05,1.0062941575838436e-05,0.00017085642423252275,5.040498476520963e-06
11,0.5113270171764261,3.91025244385947e-05,0.4311548988984285,0.0004811055559123756,1.9273920705620614e-05,7.803106936974463e-06,3.45679433137305e-05,0.004092807929455298,2.6329773511227626e-05,0.0002431399083971463,0.0019580338048106874,8.074795051550286e-05,0.03388245988285323,0.00016099173334238734,1.4801456286285695e-06,0.0007017501943503019,0.0005647695634404381,0.014247690178966158,1.0775572124395781e-05,0.00012095450169778001,0.0005864591244453776,6.682721065652439e-05,9.310696439736803e-06,0.00017676479287947295,4.9379103237771934e-06
12,0.32909827674934533,2.2423266349726175e-05,0.6377165971368971,0.00018324741648066334,8.698897080106234e-05,9.02110058898259e-06,2.390285812145051e-05,0.0016276013482703735,3.9464178374757314e-05,0.0001985000760073713,0.0023168376031545554,6.7672464758064e-05,0.015737302459542902,0.00025465710583377494,8.339642937187867e-07,0.0004188406396883656,0.0006416987692377826,0.010030364266410711,2.6454358840479987e-06,0.0002508279103020504,0.0007781355799325496,3.261399986269456e-05,1.706519267210008e-05,0.0004351227888638991,9.35871832580201e-06
13,0.5091733278642293,3.8133202763105286e-05,0.43485899606599415,0.0004687552072881131,1.9844423805881965e-05,8.233545809480883e-06,3.451522091731611e-05,0.004345042422705461,2.679906679603806e-05,0.00025321302142373834,0.002066954988247845,7.869248456139222e-05,0.03138154635784292,0.00016504396740159882,1.54822999912949e-06,0.0007085366274060306,0.0005760288929192284,0.01480674973614934,1.1145893442321618e-05,0.00011954879394229845,0.0006081109370540599,6.619877682484515e-05,9.626602742339183e-06,0.00016831430432594436,5.093365407991886e-06
14,0.5488640612763918,7.923002635039575e-05,0.33199714022053367,0.0010487068505119273,6.399971309002528e-05,6.902869611897712e-06,5.149342945439051e-05,0.003449286030041457,2.5319143444310906e-05,0.00028733121074225296,0.004454025666854496,5.598043240287788e-05,0.069538923788119,0.00019500152468866807,1.3884811890841961e-06,0.0004103240438627151,0.0008654119404869545,0.03611158929377025,3.979371693708433e-05,0.00014315903142289726,0.0019626705559051623,8.54085836419304e-05,1.329648884234253e-05,0.00024678321607345154,2.772465631079006e-06
15,0.5048679949224928,3.791699733461952e-05,0.43984415754366074,0.0004808428471368723,1.942166468677081e-05,8.51695016141544e-06,3.4036181539665554e-05,0.004240085794032195,2.6638877652653906e-05,0.0002616402175218381,0.0019623903576441886,7.652289515645551e-05,0.030777693287080757,0.00016037819535322551,1.5371733159331679e-06,0.0007315103457382812,0.0005855208656902446,0.014903833980267817,1.1180652124971083e-05,0.00011922886148417203,0.0005991897786526025,6.380174698680033e-05,1.0062941575838436e-05,0.00017085642423252275,5.040498476520963e-06
16,0.5904225305759613,3.81969675645674e-05,0.34606216807260154,0.0004966369849416477,2.0416620871395263e-05,7.952314396930053e-06,4.228678757726501e-05,0.005340207757030708,2.643526609309617e-05,0.00020811875245005802,0.0026177899596376997,9.301550790667228e-05,0.03529424683660049,0.0001604467744096681,1.8413917131157483e-06,0.0006659938289412956,0.000538107925145196,0.016975248383806856,1.4022829244134855e-05,0.000108354290322158,0.0006301167191857387,8.490380620785933e-05,8.360996336872526e-06,0.0001379092618445714,4.691389209209487e-06
17,0.5197937893822419,3.486399859062315e-05,0.4238476555930155,0.00044142867149523767,2.1038404271752868e-05,7.191513163148566e-06,3.525075401547905e-05,0.0037254674844772887,2.5169392330038332e-05,0.00020794968964605795,0.002028826801518745,7.54637027959146e-05,0.032484566185876196,0.00015904876856550322,1.255101795070465e-06,0.0005834773351379052,0.0005544562840501893,0.014960727968923785,9.886014612746395e-06,0.00011343735403637814,0.0006421571921555305,6.018433921143441e-05,9.609527934823728e-06,0.00017262350997679734,4.475030161920131e-06
18,0.4118250914573579,4.36993409131105e-05,0.5299439717975679,0.0003845533410840694,2.2825635700982478e-05,9.857207434355741e-06,5.0331211162333736e-05,0.004049474225534456,3.7370838480161614e-05,0.00031690903645370343,0.002063417981691306,0.0001101767768350114,0.030528135588758554,0.0002612219760172883,1.9040504317201065e-06,0.0011356481739183575,0.000759363957862807,0.016916425655891944,1.4525104128638414e-05,0.00016877042966328482,0.000982599323518572,6.70320604343806e-05,1.5385138120403616e-05,0.0002809174069896877,1.039228404901482e-05
19,0.6339249435135555,1.2451907601743952e-05,0.32265727780777576,7.74142249880498e-05,7.115930513230134e-06,2.7503786022887066e-06,2.0341675164303528e-05,0.003701637582347594,8.61123425478376e-06,6.466702795032137e-05,0.0032594221362435938,3.7864357714440956e-05,0.015140008196243306,0.00011237532500439733,3.0176381239118743e-07,0.00020850277210344238,0.00040015328597651763,0.018956925776677923,6.113126648538318e-06,3.320657788437203e-05,0.0012564580151987988,3.274028987694433e-05,6.000334146119138e-06,7.024334245733931e-05,2.4734172582287853e-06
20,0.5627202281226019,4.401808283976559e-05,0.3682448599378521,0.0005235194588941123,2.090057150557109e-05,8.449900265359353e-06,3.800418554957401e-05,0.005771418124051551,3.2665104049239256e-05,0.00026678142523292624,0.0026407988943694936,7.779829511354144e-05,0.042107820515898495,0.00019115091063206515,1.9825854320288414e-06,0.0005812855823687179,0.000457859121372464,0.015236605208346084,1.3968152128813218e-05,0.00013251857837086306,0.0006229662170498029,0.000108599230801504,7.4949049843613564e-06,0.00014365898867186748,4.6479016177729805e-06
21,0.4284465193178133,3.0950723381694145e-05,0.5200401285614047,0.0003959562283643594,1.2768929162105374e-05,4.07722065190418e-06,2.4566238410413195e-05,0.00309081003547291,1.5639341361617105e-05,0.00018438697788627397,0.0011755153019969487,7.50338999408859e-05,0.029499291961478227,0.00015210284568874444,6.897483257261262e-07,0.000719334769131392,0.0005591919177254753,0.014705128730594597,5.809573033315599e-06,0.00011415364569029816,0.0005236006658614655,3.44654014669771e-05,8.375020985058973e-06,0.00017778714834297923,3.7157958285703176e-06
22,0.3798103024507992,8.170577641142634e-05,0.45441839369773435,0.002155617072232606,0.00023018632498435855,5.862175240257347e-05,0.0007922357711019673,0.001752465961968907,0.002211641428911897,0.0005897572213802449,0.003949591909625591,0.0008481544702498359,0.13143987573701876,0.0008509902000302177,0.00011818825589704857,0.004668700814161297,0.00028821448215090786,0.008581978538000261,0.00014159393176650388,0.0007018497854107789,0.0007715575683257457,0.0002894998973232783,4.2455197816640095e-05,0.004948496178282038,0.0002579255760135768
23,0.5048679949224928,3.791699733461952e-05,0.43984415754366074,0.0004808428471368723,1.942166468677081e-05,8.51695016141544e-06,3.4036181539665554e-05,0.004240085794032195,2.6638877652653906e-05,0.0002616402175218381,0.0019623903576441886,7.652289515645551e-05,0.030777693287080757,0.00016037819535322551,1.5371733159331679e-06,0.0007315103457382812,0.0005855208656902446,0.014903833980267817,1.1180652124971083e-05,0.00011922886148417203,0.0005991897786526025,6.380174698680033e-05,1.0062941575838436e-05,0.00017085642423252275,5.040498476520963e-06
24,0.5073551953508564,5.100040045588963e-05,0.42619887538573703,0.00077087062149979,2.193913873530984e-05,7.905777664270896e-06,3.6769986923664706e-05,0.004637800110383521,2.6084025099319378e-05,0.0003035935443462029,0.0019465375239882485,7.985438378205976e-05,0.03762398955880833,0.00016888117306294495,1.74828480314313e-06,0.0008161392867577175,0.0006803100637594438,0.018211373012758148,1.586253495394352e-05,0.0001275766736747944,0.0006462958895950969,6.748581233313484e-05,1.1193826824121156e-05,0.00018817631777187475,4.541315425630261e-06
25,0.5326502383148938,2.6207531473095183e-05,0.3960773154078948,0.0004391831373085467,2.39199825559975e-05,6.106718201021437e-06,4.161119087927643e-05,0.006423366558240791,1.9130097291390766e-05,0.00016286871510592412,0.0030396098184020844,8.044660336879615e-05,0.03684232913887964,0.00017072604319567501,1.1064123109873606e-06,0.000519045674744977,0.0005369118746257265,0.021864773671807686,9.594700572453627e-06,0.00014365390059458216,0.0007381259969689151,6.546361018918784e-05,7.627900445173196e-06,0.00010741252874131432,3.2244713080777075e-06
26,0.42311248477109886,2.3186552555712768e-05,0.538927858473726,0.00036211513487772757,1.7553373224144474e-05,6.122220839011697e-06,1.715785296149918e-05,0.0020002696036535324,2.2416677603615843e-05,0.00021347233383824568,0.0010678012201326165,4.8163967091149776e-05,0.01925741317064746,0.00013765195593399258,6.555621790284624e-07,0.0005057233788187168,0.00046550180232938793,0.012977956458820841,4.169860003198996e-06,0.0001119170049994158,0.0004342664007049367,2.5287324284293713e-05,1.3238658316683107e-05,0.0002437543119179515,3.861929441945773e-06
27,0.5675606117295666,3.9720734681245845e-05,0.37450035505040735,0.0005549186969542876,2.2395623625476422e-05,1.1959649943731533e-05,3.718734317222862e-05,0.00511398970628465,4.219129974236689e-05,0.0003047215175343857,0.0022942510307718336,8.855366367105399e-05,0.03314155466945885,0.00017175161155205245,2.5424733480939106e-06,0.000752259581913573,0.00046033547067341716,0.014008698414193345,1.3324518058324354e-05,0.000133157794871771,0.0004566091727252464,9.96022651987004e-05,9.45550548823927e-06,0.00017364408761779088,6.208388545425343e-06
28,0.5048679949224928,3.791699733461952e-05,0.43984415754366074,0.0004808428471368723,1.942166468677081e-05,8.51695016141544e-06,3.4036181539665554e-05,0.004240085794032195,2.6638877652653906e-05,0.0002616402175218381,0.0019623903576441886,7.652289515645551e-05,0.030777693287080757,0.00016037819535322551,1.5371733159331679e-06,0.0007315103457382812,0.0005855208656902446,0.014903833980267817,1.1180652124971083e-05,0.00011922886148417203,0.0005991897786526025,6.380174698680033e-05,1.0062941575838436e-05,0.00017085642423252275,5.040498476520963e-06
29,0.5048679949224928,3.791699733461952e-05,0.43984415754366074,0.0004808428471368723,1.942166468677081e-05,8.51695016141544e-06,3.4036181539665554e-05,0.004240085794032195,2.6638877652653906e-05,0.0002616402175218381,0.0019623903576441886,7.652289515645551e-05,0.030777693287080757,0.00016037819535322551,1.5371733159331679e-06,0.0007315103457382812,0.0005855208656902446,0.014903833980267817,1.1180652124971083e-05,0.00011922886148417203,0.0005991897786526025,6.380174698680033e-05,1.0062941575838436e-05,0.00017085642423252275,5.040498476520963e-06
30,0.5048679949224928,3.791699733461952e-05,0.43984415754366074,0.0004808428471368723,1.942166468677081e-05,8.51695016141544e-06,3.4036181539665554e-05,0.004240085794032195,2.6638877652653906e-05,0.0002616402175218381,0.0019623903576441886,7.652289515645551e-05,0.030777693287080757,0.00016037819535322551,1.5371733159331679e-06,0.0007315103457382812,0.0005855208656902446,0.014903833980267817,1.1180652124971083e-05,0.00011922886148417203,0.0005991897786526025,6.380174698680033e-05,1.0062941575838436e-05,0.00017085642423252275,5.040498476520963e-06
31,0.5024431979458811,3.251666556298105e-05,0.45119333776453374,0.00037374591101989134,1.1887229573000199e-05,6.4815623449402e-06,2.4366918052528387e-05,0.004458783064296879,1.8047802474101846e-05,0.00023093576453571312,0.0015190937277134008,6.420428085579606e-05,0.024445911827170156,0.00013512073951063154,1.0232297638579396e-06,0.0006529408617337268,0.0005526892378546977,0.0130696440695534,7.760577514311586e-06,8.796893120683759e-05,0.0004870658514646966,5.181257776504202e-05,8.011278395743524e-06,0.00011950528670232799,3.946894520407324e-06
32,0.5121129202108464,4.1512548828552725e-05,0.4289764597393676,0.0005359158303686239,2.06887526800285e-05,9.37488089890154e-06,3.751013094972232e-05,0.004528522731116229,2.8848491482221764e-05,0.0002827267269609871,0.0020997756042721036,8.10461690597287e-05,0.03262943215314495,0.00016737064282468307,1.778625986234834e-06,0.0007985146543501477,0.0006267497053721116,0.015954457437090338,1.3851151498271219e-05,0.00012339437457206385,0.0006592651289833312,7.153622369191909e-05,1.0969146112622553e-05,0.0001819432913154789,5.4356482267159244e-06
33,0.48477760557385363,3.778856591812004e-05,0.4622971868815605,0.00046735882334261844,2.0209218194406098e-05,9.183797760104948e-06,3.303322590738119e-05,0.0041955644935695756,2.9251818361052062e-05,0.000288713231938135,0.0019287040936552763,7.383665067917058e-05,0.02875971588559971,0.00017234823093581099,1.6197601377080582e-06,0.0007409768658849774,0.0005723087749898394,0.014600256576615423,1.0873938599630534e-05,0.00012543063335334345,0.000601955928276507,6.217746780341911e-05,1.0750732970594642e-05,0.0001776405101695605,5.50831992332639e-06
34,0.018664043145604745,0.00010761403483875272,0.9195434523471379,0.0007758945195456184,3.469928922553277e-05,2.7076492483241362e-05,3.0290711371796735e-05,0.0034307505103859507,3.4656307874432296e-05,0.0044225070737111735,0.000307092241851451,0.00012466254136122638,0.008930365480282889,0.000856991811835445,3.916629589980269e-06,0.02320485325916353,0.007030438051954302,0.00859890289381064,1.3659642073029822e-05,0.0018289480548602144,0.0009687539698352436,2.8825295204557453e-05,8.786475851483354e-05,0.0008816566481081554,6.208428937533351e-05
35,0.3982603036386,4.704508468866192e-05,0.5443951058455748,0.0005441302696298253,3.15628943854765e-05,7.716509183437839e-06,3.983924767365224e-05,0.0036445875380905963,3.163443723872211e-05,0.0002916150348792011,0.0020607361640887748,7.807788485627155e-05,0.03433883530930041,0.00022498831697970282,1.8444040830643726e-06,0.0007764895695970705,0.0006696770206678516,0.013245863105702013,1.0961178158811206e-05,0.00017891124558352207,0.0007991460040417523,5.534125291956417e-05,1.2332687336668316e-05,0.00024661182114774294,6.643535592266433e-06
36,0.5048900907045794,3.765098072096169e-05,0.44001263579311356,0.000479877374740487,1.974329967188191e-05,8.504530303947422e-06,3.4077351356857914e-05,0.0041768203350149614,2.674403892074643e-05,0.0002593299517417066,0.0019743295436752684,7.605949798203913e-05,0.030637345884498724,0.00016049384406235546,1.531944871084954e-06,0.0007201318118062717,0.000582772495938,0.01491703654247173,1.1136540070944861e-05,0.00011889794371579547,0.0006039603699550097,6.301731201114841e-05,1.015666447468925e-05,0.00017261217168566294,5.043072616781061e-06
37,0.5250068279354863,2.39423426124775e-05,0.42733046218572535,0.0003190426362120576,1.720218727792767e-05,4.071860451504047e-06,2.7586685730462254e-05,0.002040234919201564,1.9648690228560677e-05,0.00011994553856805829,0.001415962408040752,6.748383103299099e-05,0.028749951907044786,0.00013450314295540902,6.005329185139407e-07,0.0003629007926939679,0.0004018472695256819,0.01314096509625743,4.869409832188861e-06,8.391063190099801e-05,0.0004975442384556308,3.401143080248508e-05,8.157872524416208e-06,0.0001850066756035118,3.319778917106506e-06
38,0.5414444170630189,3.188247785776168e-05,0.39877856493887476,0.0005190410620905402,1.0926773335091419e-05,1.307120799380736e-05,4.5951589042197554e-05,0.004430031784358885,2.1137631460720174e-05,0.0002505491881303614,0.0015023876707013545,8.613872136244641e-05,0.03400915131561301,9.159908868949637e-05,1.8071777594152674e-06,0.0013375348271456552,0.0006921041913794715,0.015882935240216188,1.4621700564838945e-05,0.0001160896340218939,0.0004899346421946391,6.440735941530892e-05,1.1231223962572208e-05,0.0001498759084277115,4.607582382846706e-06
39,0.5093818524755396,3.511361128875467e-05,0.4353751596294348,0.0004564098442104383,1.6678580884688226e-05,8.975325637019251e-06,3.509534268100782e-05,0.004879543158524104,2.3717788333295937e-05,0.0002563050007435319,0.0019164054497538502,7.963469763243292e-05,0.02984176009575174,0.00014916927222883883,1.5059467172760845e-06,0.0008205848098878676,0.000623997735278798,0.015142920146682339,1.127302321178547e-05,0.00011554760124841955,0.0005985800309546533,6.666195960459176e-05,9.73090049318838e-06,0.0001484740903196258,4.903482957479446e-06
40,0.40188103329498276,5.835975853758427e-05,0.42394910183672113,0.0030293102228857592,3.388238328468776e-05,2.2972196143947465e-05,6.730741457063119e-05,0.011103437448876685,4.9448828843717155e-05,0.0011695414361519196,0.002564174827844009,6.9632329260565e-05,0.050053811381684764,0.00024421568038672335,4.653920550570726e-06,0.003896567640484546,0.0013746719245667858,0.09777103693611171,0.00011796809132504339,0.00039176319329297814,0.001554487452230968,7.764485814644723e-05,5.7476234935299835e-05,0.0004509245067106093,6.576201470266609e-06
41,0.5875883097658962,3.326199604847135e-05,0.3678313053393721,0.0010257802615601958,3.140703509953624e-05,1.5351936114708905e-05,2.878804593264941e-05,0.00452931508983388,3.940202870723739e-05,0.0003153912889303424,0.001922482140480362,7.426258798401013e-05,0.022640245818033963,0.00010990680042953964,3.6280113692421158e-06,0.0007547046689005759,0.0004364264379247873,0.012022852706119266,1.0450484714280515e-05,0.00011513969175106948,0.00023965784417939615,6.115286001091806e-05,1.0878880336729653e-05,0.00015505444968090434,4.843830589578866e-06
42,0.4168095675218789,1.7968518185841768e-05,0.5410712772731358,0.00035112994525139023,2.2232293909487073e-05,4.51662495649416e-06,2.589056434914218e-05,0.0016244349001865428,2.6024884427276804e-05,0.00015445122038984665,0.001320247443380448,5.179647471738369e-05,0.018484524048030148,0.00018781893253630772,6.306978841546328e-07,0.00032141132203733047,0.00032759122037859733,0.018241600068634206,4.483779458671556e-06,9.5040352824288e-05,0.00058534072872414,1.5517212056609208e-05,1.5585711132450487e-05,0.0002369768747440255,3.9413867906515824e-06
43,0.4633533751148271,4.664611360715741e-05,0.475014730520533,0.0005594855425865227,2.0409726541916423e-05,2.1232801502318212e-05,3.491811388097874e-05,0.00708998794516309,4.049825242297438e-05,0.0006442103439808582,0.0021814359822849958,6.318137338447799e-05,0.030441601643786516,0.0001968906237303369,2.8096114028129134e-06,0.0011289502427790075,0.0006500708583571386,0.017294130180279452,1.8477467012300694e-05,0.00018405244797340892,0.0007221653210050696,0.00010901242408181839,1.3652719312315502e-05,0.000161436157741205,6.6384718231356346e-06
44,0.5048679949224928,3.791699733461952e-05,0.43984415754366074,0.0004808428471368723,1.942166468677081e-05,8.51695016141544e-06,3.4036181539665554e-05,0.004240085794032195,2.6638877652653906e-05,0.0002616402175218381,0.0019623903576441886,7.652289515645551e-05,0.030777693287080757,0.00016037819535322551,1.5371733159331679e-06,0.0007315103457382812,0.0005855208656902446,0.014903833980267817,1.1180652124971083e-05,0.00011922886148417203,0.0005991897786526025,6.380174698680033e-05,1.0062941575838436e-05,0.00017085642423252275,5.040498476520963e-06
45,0.4903439722745431,3.6773749266233315e-05,0.4569993435636579,0.00042195640024876905,1.8294805470528774e-05,7.532165204199901e-06,3.0430979567777362e-05,0.0038784109169911845,2.4217240221165617e-05,0.00025039912814484933,0.0018680901676458661,7.088309511911947e-05,0.028800926479718304,0.00016322502346030653,1.2558279727039739e-06,0.0006699259941487987,0.0005884989301513548,0.01482273155051142,9.855752608405843e-06,0.00011309032426041746,0.0006355740122134407,5.644683571740247e-05,1.0103537865477756e-05,0.00017324014606798135,4.8210992233640875e-06
46,0.6241401543170432,4.314179737477712e-05,0.32526482284103997,0.0005351777874396455,1.4680424582641277e-05,7.0012444150488245e-06,3.123728575412231e-05,0.0042154648750572345,1.3385653058022964e-05,0.00016694396926119007,0.0016812751214004631,9.001575970939604e-05,0.03036271612376342,7.720470924159048e-05,1.2726925257297672e-06,0.0008310713948873833,0.0009087195281507888,0.010928870107132088,9.960159400256911e-06,7.324092467355368e-05,0.0003980437088308346,6.963333051503707e-05,7.2914693558822935e-06,0.00012533289571148976,3.341879676318963e-06
47,0.4867646296906844,3.636190680911874e-05,0.45822060855958247,0.0004945114138902845,2.072658502056898e-05,8.736030608562877e-06,3.396355518111949e-05,0.004268559442753296,2.7613037775927685e-05,0.00027359048529469217,0.0019918374382474693,7.276717352143218e-05,0.029470202983916633,0.00017138964352791166,1.5456424475780881e-06,0.0007119336942066635,0.0005779600319014275,0.015823554428074166,1.1309948013942045e-05,0.00012375419957921894,0.0006442720056242336,5.946225125937263e-05,1.0951112936900819e-05,0.00017466994314819828,5.088795994290047e-06
48,0.6092544153291044,7.013618222556196e-05,0.3304039722806734,0.00072069912909498,1.2265240766406107e-05,7.997444883792235e-06,3.7189050755912744e-05,0.006545318433308377,1.4146838755841126e-05,0.00028240114638803683,0.0017100104538953895,8.2115002575329e-05,0.03253016443833754,0.00010349292728385372,1.6937689632248599e-06,0.0010305490859191138,0.0011729809306588407,0.015137345160808028,2.0204279012767092e-05,7.140579747466038e-05,0.0005858650075426187,9.00213189738827e-05,9.382280279937245e-06,0.00010267163430989594,3.5568380082000266e-06
49,0.4714506310520972,3.0507025185304625e-05,0.47898467714699455,0.00038801152789421023,1.5538480141341626e-05,8.162302192751267e-06,2.7203366867936495e-05,0.003776912664337502,2.2496701634041997e-05,0.00024304345668743624,0.001572713155535043,6.850666348655916e-05,0.0280364099498065,0.00014100962731513627,1.0910507366734114e-06,0.0006667483364988399,0.000522301701063084,0.0132210635191999,7.106552321306418e-06,0.00012258476464462406,0.00047940952585323273,5.234575923477877e-05,8.769038209508125e-06,0.0001486154661413082,4.141165921061571e-06
50,0.5053888159355023,3.8730409958842166e-05,0.4381029219219936,0.00048255679222187825,1.9282209676576177e-05,8.640777135989389e-06,3.517109096816621e-05,0.004373639875214774,2.7151348094742692e-05,0.00026812725407587455,0.001980169227561341,7.724052435127903e-05,0.031648463043179934,0.00016387633336560238,1.5703044234548644e-06,0.0007366408852613769,0.0005818162015429133,0.015076087844597321,1.1610426087789889e-05,0.00012059818384560259,0.0006084273286932112,6.653678143296888e-05,9.951268148933847e-06,0.00016689124730277332,5.082785362683813e-06
51,0.5412307760501635,8.311345456141068e-05,0.3806718322418414,0.0009618285665238015,1.668424706175853e-05,6.049421662575266e-06,2.7649988041425693e-05,0.00729533655866591,2.2503825202424193e-05,0.0004025984506906113,0.001995757146138283,6.742535983744836e-05,0.04707816385466886,0.00018835360510128238,1.8971477107843987e-06,0.000655402944245578,0.0005559288788071991,0.017872790261327636,1.8174549538499398e-05,0.00011770780611655005,0.0005122431644247894,0.00010360948903502746,6.2123113328928894e-06,0.00010482860173705812,3.132075563235208e-06
52,0.52351581295393,3.6596447151601025e-05,0.41344886870538083,0.0006011930041000939,1.681708658976076e-05,1.1540585483257111e-05,3.0239400724526014e-05,0.005365508014663221,2.9854538600486895e-05,0.00036804551891536093,0.001977831707773375,6.922513573741758e-05,0.03239118258828674,0.0001542900165132568,1.8112309192556065e-06,0.0008737120310433748,0.0005153814949074092,0.01968527201802191,1.3563621498717521e-05,0.000143488762955919,0.0005000017537466924,7.311890769310937e-05,1.0648508234301536e-05,0.00016153154689412528,4.464420235139634e-06
53,0.5051970584318162,2.7719784988667076e-05,0.4395702416565876,0.0003937846040105512,2.109412610094333e-05,9.776940000057895e-06,6.447776116623811e-05,0.0041581558252022175,3.1955970002903935e-05,0.00017939741363728805,0.0021238309765606645,0.00011168815654221409,0.0311906763427565,0.0001643714147829812,1.8891102792906273e-06,0.0008457077835628208,0.0005989904283797408,0.014261287857947155,1.1008024211325536e-05,0.0001283286460516076,0.0006566027451644257,6.060665216845488e-05,1.176537835357595e-05,0.00017270593706103702,6.878032665668197e-06
54,0.3506422466271639,6.277578688570359e-05,0.5978284522165397,0.0004556803386253028,2.2422661136326122e-05,1.0342088051880657e-05,4.2124981317083276e-05,0.0046112211809480235,4.615226545393032e-05,0.00048609124603095897,0.0016492953593063976,0.00013127184927058812,0.02866927409075743,0.00029826228760786313,3.028529717699303e-06,0.0017545604476116483,0.0007600288716915391,0.011295353102643986,1.3365861528230903e-05,0.00020249318410570032,0.0006196345244670615,7.593617488232242e-05,1.27169508171253e-05,0.00029182112685411976,1.5448246585544276e-05
55,0.5543800651560797,2.618029285513912e-05,0.3842371416111304,0.0005432935200577371,2.4185115809640974e-05,7.1665234881723725e-06,5.472172649379638e-05,0.002355264735131254,3.3471647848280933e-05,0.00013019894316613042,0.0018425514720028905,0.00013572423943466862,0.039829391553781096,0.0001293980777483498,1.4765309271415301e-06,0.0006979903858015131,0.00045223689213391537,0.014224281563013256,9.63645724154421e-06,0.00011401619902916366,0.00043809305132995116,4.868605285624332e-05,1.030957189096022e-05,0.00026891470695535865,5.603973793739286e-06
56,0.5133251394180938,3.818570704288273e-05,0.43021375303464887,0.0004769649691712527,1.8967234338543277e-05,8.180402637224403e-06,3.445787938376276e-05,0.0041927849049321255,2.6420081319862944e-05,0.0002506168252330542,0.0019613316052694285,7.791044187252996e-05,0.0321597329544803,0.00015969413705763216,1.4885076290403555e-06,0.0007020948719471008,0.0005698219204461985,0.014811003898233734,1.1076515594379776e-05,0.00011756271286223786,0.0005930823529886563,6.565888022123593e-05,9.671067476782972e-06,0.0001695036037481692,4.896073371227368e-06
57,0.4881295591332552,5.10267280741167e-05,0.44537054913622404,0.0005246301304425629,1.9924746482258044e-05,8.07137521680994e-06,4.134470460283537e-05,0.004512607828332305,2.7605486760683793e-05,0.0002857185709397641,0.0021294350151093693,9.095624054399514e-05,0.04058113741728859,0.00018356074674370884,1.7371858242095285e-06,0.0008744098644589665,0.0006724199632290182,0.015289575604780482,1.585299829991813e-05,0.00013084747767947395,0.0007714056744110733,8.146189213137944e-05,9.556182855528456e-06,0.00019080358622716568,5.802310086588866e-06
58,0.49191711320186726,3.976613596344174e-05,0.4503016658790225,0.0005054412077532839,2.3360258813076585e-05,8.398819280557516e-06,3.6157421677278015e-05,0.0035318220140930956,3.104317590658105e-05,0.0002551001235188378,0.001992033214023398,8.355385218323514e-05,0.033870082845679605,0.00017539676941670485,1.5889934845148243e-06,0.0007402331944512149,0.0005822489665889348,0.014795795932868398,1.1382878663445866e-05,0.00013620342155527528,0.0006455462188524886,6.259535962616317e-05,1.1496323736779529e-05,0.0002361532133412846,5.820577632663174e-06
59,0.5293529247467261,3.776658142075206e-05,0.41460024427134157,0.0004917357174983377,1.8358761620826952e-05,8.69860440412544e-06,3.503568754882318e-05,0.004636556716381005,2.5717405691114604e-05,0.0002555536266160695,0.0020451246760150228,7.7211316065983e-05,0.03098349946486433,0.00015097052645638917,1.606675821276554e-06,0.0007201529773546014,0.0005786954255388229,0.015052931956847041,1.1883280492449579e-05,0.00011044650011949377,0.0005727872227909101,6.825808014320159e-05,9.404893715918318e-06,0.00014969280238906596,4.7420821368851895e-06
60,0.5048679949224928,3.791699733461952e-05,0.43984415754366074,0.0004808428471368723,1.942166468677081e-05,8.51695016141544e-06,3.4036181539665554e-05,0.004240085794032195,2.6638877652653906e-05,0.0002616402175218381,0.0019623903576441886,7.652289515645551e-05,0.030777693287080757,0.00016037819535322551,1.5371733159331679e-06,0.0007315103457382812,0.0005855208656902446,0.014903833980267817,1.1180652124971083e-05,0.00011922886148417203,0.0005991897786526025,6.380174698680033e-05,1.0062941575838436e-05,0.00017085642423252275,5.040498476520963e-06
61,0.7848341892471086,4.263769174033105e-05,0.13283713330679262,0.0009687169230724294,8.915969188301756e-06,1.3527334756161646e-05,7.074760194209916e-05,0.01656056556681366,1.4665583040326121e-05,0.00019077922878145436,0.003189454286352913,9.116625818852712e-05,0.04107955485326503,5.630397024362711e-05,4.742474087067556e-06,0.0009556509315232255,0.0006223419405343799,0.017836820506757625,4.075448250649878e-05,5.4569125500432263e-05,0.0002885616610008617,0.00020906721556078405,3.975686901956918e-06,2.3187296681662676e-05,1.9708576596294186e-06
62,0.5048679949224928,3.791699733461952e-05,0.43984415754366074,0.0004808428471368723,1.942166468677081e-05,8.51695016141544e-06,3.4036181539665554e-05,0.004240085794032195,2.6638877652653906e-05,0.0002616402175218381,0.0019623903576441886,7.652289515645551e-05,0.030777693287080757,0.00016037819535322551,1.5371733159331679e-06,0.0007315103457382812,0.0005855208656902446,0.014903833980267817,1.1180652124971083e-05,0.00011922886148417203,0.0005991897786526025,6.380174698680033e-05,1.0062941575838436e-05,0.00017085642423252275,5.040498476520963e-06
63,0.5070180179919745,4.4293902122218416e-05,0.43661955068184427,0.0005022437852874118,1.968377927173674e-05,8.509595160860251e-06,3.4026506374062516e-05,0.004424494433010979,2.6845343110623305e-05,0.00028181298075315,0.0020031636885881887,8.053891232938186e-05,0.03174311050109443,0.000167041802248486,1.639372480047722e-06,0.0007756427391208541,0.0006398457576084514,0.014596365677519693,1.2276469614842536e-05,0.0001191081688482822,0.0006192764358545394,7.029688018643337e-05,1.007667060263803e-05,0.00017677715695180643,5.360768042078158e-06
64,0.47093147886329634,3.8896846600760235e-05,0.47304351102417264,0.0004274554009995836,2.091310480559792e-05,7.658841141326244e-06,3.589282104658561e-05,0.003916015609626183,2.596612147817913e-05,0.0002552561749290214,0.0020136553708919136,7.264038630917002e-05,0.03083038858308282,0.00018681939282033303,1.3121913401378597e-06,0.0006625854963984561,0.0006310955155130545,0.015690509795583927,1.1515460859463255e-05,0.00011919340385326369,0.000817903259826372,5.935301715998772e-05,1.1073624441088734e-05,0.00018368357564436334,5.226118179408148e-06
65,0.3675806389856598,4.2756547285667226e-05,0.5843909912118014,0.00029795447395100557,1.7077723951024704e-05,4.947672172263057e-06,2.1574800080767606e-05,0.00328044242173449,3.1443357345220794e-05,0.0003204530646481431,0.0013666163454655717,6.399672016644991e-05,0.029110604769638667,0.00029195543596666955,9.184001589799928e-07,0.000528873746962511,0.0004105926705487954,0.011230004819466179,5.745900392102665e-06,0.0001463974985765274,0.0005931649453666562,5.41797685050053e-05,7.720711234971321e-06,0.00019503569055604822,5.9123183650288285e-06
66,0.4873730691285311,3.351188535394243e-05,0.454843281961998,0.0003919647637933541,1.574441480253302e-05,6.326172423706642e-06,3.080384709812563e-05,0.004245249001759264,2.1355490538458846e-05,0.0002224487789816743,0.0018015159441307337,7.039685264935048e-05,0.034891771253482716,0.00015262083950274178,1.1179994455453343e-06,0.0006351650033690358,0.000477360211053415,0.013926859911596869,8.120420172015497e-06,0.0001243516533838441,0.0005241417850021571,5.947831260979873e-05,6.898005548787304e-06,0.00013249769982640554,3.948662946371276e-06
67,0.6365671413671222,4.611790833432356e-05,0.3072080406414472,0.0005022791015938112,2.4072334297161604e-05,1.134517620705387e-05,4.8388697755843845e-05,0.0051717911241108165,3.677016247394345e-05,0.00022928820484342463,0.0029465093472258873,0.00011911642392019097,0.03242959345947056,0.00014497355188143398,2.9424874674417384e-06,0.0007721483885693911,0.0006059163563424505,0.012204660853303956,1.8220207995341713e-05,8.751264613739203e-05,0.0005299712150700042,0.00012371802642725438,7.960825454420383e-06,0.00015447578794982716,7.04570459833365e-06
68,0.8216241760299012,4.654732453503861e-05,0.12665550089363117,0.00038250254493401166,8.966502036301832e-06,7.70294932372809e-06,3.260905966607998e-05,0.00879079754397248,8.815744613467484e-06,0.00011980312461592833,0.0034305082620886412,6.546651948090413e-05,0.024450290385157895,4.516105265416358e-05,1.9361204606918765e-06,0.0005879565577545271,0.0008879277633485445,0.012005902548686765,3.147597718253482e-05,2.592980585197421e-05,0.000565464495758222,0.00017648321948973697,4.080642400898954e-06,4.172518199828483e-05,2.2697504567830283e-06
69,0.4791195092869408,3.671598310471471e-05,0.4652904724236576,0.0004595280563109883,1.8730662789456966e-05,8.331518780519677e-06,3.327483819763739e-05,0.004242334836723426,2.6623882460388433e-05,0.000272527522132045,0.0018865444778944777,7.407710126019642e-05,0.030625555500044237,0.000171265443790766,1.439810684970168e-06,0.000735849608588601,0.0005676926023351732,0.015423323919222093,1.0593807054168434e-05,0.00012811627032112633,0.0006203767460786427,6.009816778482472e-05,1.025857006138576e-05,0.0001716971802948176,5.0617834870685405e-06
70,0.4767655443976791,2.620255634860822e-05,0.472727065434433,0.0005676439247134991,2.9064069724455652e-05,5.928519188764494e-06,3.354859984489057e-05,0.002967204518195887,2.9125965945404585e-05,0.00016698165992847606,0.0017202356797974005,5.937993715183063e-05,0.03152421531301733,0.00016143282021724206,1.2258941411913776e-06,0.00034209238984101,0.00034852622279712736,0.0117560955439209,5.7856366081752926e-06,0.00012165020032210573,0.00043961228128128486,3.9939401615771345e-05,8.542578961130825e-06,0.00014960094324516592,3.355511080334795e-06
71,0.38290417346190636,3.8303978701395435e-05,0.5580490674113635,0.00041905167022409295,2.6268758580892092e-05,7.475159775705088e-06,3.815212682933323e-05,0.003861409780231465,3.437907695528502e-05,0.0003036813307248739,0.0018839030843002932,7.694879729460909e-05,0.033279708879219695,0.00026174682703247997,1.4165275853851384e-06,0.0007669228936652391,0.0005581358602106226,0.016156476742864426,9.883241722762942e-06,0.00019156233280742622,0.0008299940363670874,5.580123741742797e-05,1.1818842227988272e-05,0.00022706256720822252,6.655374783355262e-06
