,0,1,2,3,4,5,6,7,8,9,10,11,12,13,14,15,16,17,18,19,20,21,22,23,24
0,0.37015610858749437,3.933711264779832e-06,0.5930681268612297,7.029520617913517e-07,0.00015928994117676729,9.820063981415122e-05,0.00024603547347234913,1.6531667974893265e-05,0.03313246292849306,5.246239675678648e-07,1.7897976550759662e-06,2.4684855278213103e-05,0.0009003051202981013,2.2240047880193117e-09,0.00011014709752279556,0.0003024652735544023,1.585394316648842e-05,0.0008062771086700528,0.0004292615353704624,6.827618491140221e-06,4.772670164948138e-06,4.975401991435189e-07,1.8243742186261074e-08,0.00028027806991295917,0.00023490151501994158
1,0.3468438896865488,4.36691938964764e-06,0.5839885370482099,4.678475103785153e-07,0.00019413092664045164,0.00014891853478654022,0.00020934206602098642,2.2096916376197638e-05,0.06410285949128487,3.6573658139140675e-07,2.1810926597465942e-06,2.4305752296709962e-05,0.0014370370598198695,1.5739509027179118e-09,0.00019640749385608114,0.0006336398054499475,1.558275403836126e-05,0.0005924952992619124,0.0010510108181655694,7.354393457168809e-06,5.00094367355634e-06,5.925339621254142e-07,1.0401760351087802e-08,0.00037524191190924235,0.00014416299238944954
2,0.42632537633620565,6.155054039446141e-06,0.5008557675257037,5.243685563475655e-07,0.000358600818918868,0.0001542862712675841,0.00026093002386794596,2.316731776444358e-05,0.06724645610697809,3.9815466897760217e-07,2.7319677197667183e-06,2.7078839646612384e-05,0.0016483957256557334,2.965759876536116e-09,0.0002560201424417438,0.0005436728080391792,2.4957994829326527e-05,0.000767975134746786,0.0009126472772486748,1.115463579280269e-05,5.0274153687704436e-06,6.411865016087956e-07,1.5001835797089818e-08,0.0003138365149457823,0.000254180411496501
3,0.37935685019358206,4.787421831820201e-06,0.5529880345170619,6.036024684663802e-07,0.0002490963232406212,0.0001592582720550054,0.00022780033547757644,2.4578451424714616e-05,0.06218031027544132,3.853771724893759e-07,2.891908216563865e-06,2.8551408698464155e-05,0.0016066446471913124,2.3484942013505305e-09,0.00021222908344680012,0.0005805439124159397,2.3707549739530514e-05,0.0007602629943932862,0.0009792636038243425,9.561060003778952e-06,5.951842267432941e-06,7.270821993843408e-07,1.5330673821280606e-08,0.0004018494745506226,0.00019609298412856592
4,0.38545916648187867,4.8547102732037374e-06,0.545312933996228,6.299258466985986e-07,0.000249679377957339,0.00015845582281410822,0.0002280970721412643,2.3261232604721877e-05,0.06340090464700113,3.772134722129717e-07,2.8519622491796478e-06,3.24211465542148e-05,0.0019532482140913903,2.5174853592458815e-09,0.0001964804755660754,0.0005518491142362128,2.60426937928454e-05,0.0007674558574721655,0.000990996113174147,9.885479924446573e-06,6.423140715561812e-06,7.378418890615145e-07,1.60380505296442e-08,0.000417019855256508,0.00020620906932503817
5,0.3994072598837227,4.491643152649702e-06,0.5343926140617412,7.265502421393726e-07,0.0002257081837494884,0.000151915505089585,0.00021746681148700363,2.414073019223487e-05,0.06063906638918714,3.9134284722851563e-07,2.8788714856609693e-06,3.179120555007217e-05,0.0017003969247463373,2.542630586455359e-09,0.0001917354367679621,0.0005305051140687315,2.6236817934735385e-05,0.0009427357404092825,0.0008596830701253928,9.666118818764715e-06,6.557779424145912e-06,7.878821437619397e-07,1.6310860267692638e-08,0.0004177240488490598,0.00021550103477382466
6,0.37935685019358206,4.787421831820201e-06,0.5529880345170619,6.036024684663802e-07,0.0002490963232406212,0.0001592582720550054,0.00022780033547757644,2.4578451424714616e-05,0.06218031027544132,3.853771724893759e-07,2.891908216563865e-06,2.8551408698464155e-05,0.0016066446471913124,2.3484942013505305e-09,0.00021222908344680012,0.0005805439124159397,2.3707549739530514e-05,0.0007602629943932862,0.0009792636038243425,9.561060003778952e-06,5.951842267432941e-06,7.270821993843408e-07,1.5330673821280606e-08,0.0004018494745506226,0.00019609298412856592
7,0.3568958528723,7.986444195336947e-06,0.4986728353123614,1.3352059600424594e-06,0.0004739855466482413,0.0002641440817354507,0.00032437795902548537,4.527119584900802e-05,0.13519621177247662,5.904068469757835e-07,5.094800714897071e-06,5.2733935636771623e-05,0.0021622046197338905,5.013401640606918e-09,0.0007114870968752104,0.001475729490044678,5.830640922716256e-05,0.0014788990748920512,0.0012683268260651548,2.1359846512097984e-05,1.53274873582503e-05,2.359137415341955e-06,2.5786811959498677e-08,0.00045670845469789815,0.00040884122321421
8,0.3770009142408634,4.764771692627323e-06,0.5576200439778272,6.052826759149888e-07,0.00024376661574160028,0.00015553894505882367,0.00022622834331546804,2.383987978357054e-05,0.06005118888902941,3.836731482096059e-07,2.812584765543201e-06,2.8078937901028432e-05,0.0015740829261726356,2.3106910084904816e-09,0.00020136235328964717,0.0005609275550954608,2.2747799914842925e-05,0.0007321307070188349,0.0009422979671176633,9.4247550398251e-06,5.750627109838385e-06,6.881385156079908e-07,1.5425314715625885e-08,0.0003999245821657474,0.00019247871075134485
9,0.289795854344607,4.5138244946608195e-06,0.653693153067022,7.614293963594168e-07,0.00016822875671418814,0.00013174805928867274,0.0002214087519838734,1.887026390408246e-05,0.052077028321976186,4.1577434692672335e-07,2.1111117860526043e-06,2.9311601366788355e-05,0.0013841966587724588,1.8205003471949526e-09,0.0001495508651814648,0.00047900784934918066,1.5618200943395592e-05,0.0005578491713064984,0.0006807376413844035,8.881861514735593e-06,6.0426675046147795e-06,5.35773349849983e-07,1.6477186397423348e-08,0.0004069203686780372,0.00016723533744168886
10,0.37935685019358206,4.787421831820201e-06,0.5529880345170619,6.036024684663802e-07,0.0002490963232406212,0.0001592582720550054,0.00022780033547757644,2.4578451424714616e-05,0.06218031027544132,3.853771724893759e-07,2.891908216563865e-06,2.8551408698464155e-05,0.0016066446471913124,2.3484942013505305e-09,0.00021222908344680012,0.0005805439124159397,2.3707549739530514e-05,0.0007602629943932862,0.0009792636038243425,9.561060003778952e-06,5.951842267432941e-06,7.270821993843408e-07,1.5330673821280606e-08,0.0004018494745506226,0.00019609298412856592
11,0.37668540487296714,4.842168779330626e-06,0.5545540347043082,6.293869058440086e-07,0.0002521399955945668,0.0001595318791201541,0.00023329892445945785,2.442690551531986e-05,0.06302191369266932,3.8788242026464834e-07,2.9165641303849645e-06,3.1238233035692476e-05,0.0018392691009916742,2.4686656686646545e-09,0.00020359280402906834,0.0005799434481543521,2.4658910028939276e-05,0.000756545899752219,0.000990153855770665,1.0007771604321414e-05,6.243181801595607e-06,7.286853113885657e-07,1.5988290518373146e-08,0.00041879562773924797,0.00019927704795458332
12,0.5947108570129084,6.154094619872596e-06,0.34523635633370686,6.296782909004414e-07,0.0005801893827505333,0.00017977490865695242,0.0002298747383058141,1.3342341895065468e-05,0.053122343490841294,4.949394126577288e-07,1.8989113532499153e-06,2.2479466868624848e-05,0.0022333318856859164,6.365805265645418e-09,0.00019671360649168473,0.00032296482650772686,7.431792195301274e-05,0.0016642841968403938,0.0004251918233492378,1.433484841354383e-05,7.337106841417556e-06,6.507985633508827e-07,2.1923216044530213e-08,0.0001813378421575387,0.000775111554564728
13,0.3255505003518886,4.737776267273455e-06,0.6045842175962319,9.384960348013232e-07,0.00028576154811004096,0.00016716701223158802,0.00026765955088764513,4.4142663269626226e-05,0.06349124172527075,3.1108099664662227e-07,7.4815257386295024e-06,5.089326436374416e-05,0.001923821740405032,4.216990685798764e-09,0.0002267876392720158,0.0006356409063582424,3.188593314223677e-05,0.0007544720293216412,0.0011792095467518492,1.1801886049245198e-05,7.588413258996403e-06,1.1582676605010376e-06,2.8720974347598834e-08,0.0006001279506325205,0.00017242015789141281
14,0.572102063908733,2.0408352726555228e-05,0.3430063088210542,8.3967820822048e-07,0.0008081384533246271,0.0002078364041910045,0.0005806142684426651,4.742078375169178e-05,0.07630396331746754,1.2906661311792051e-06,5.913344354730939e-06,3.7583204859781715e-05,0.0013230064859081922,7.79123057935914e-09,0.00036566546639461123,0.0009421672660263058,3.1837328379261114e-05,0.0010717095740040649,0.0023048689321758784,1.8668210721082888e-05,6.6153976178902904e-06,1.1284757077456117e-06,3.199570931099029e-08,0.0004955122402686764,0.0003163996326112049
15,0.37935685019358206,4.787421831820201e-06,0.5529880345170619,6.036024684663802e-07,0.0002490963232406212,0.0001592582720550054,0.00022780033547757644,2.4578451424714616e-05,0.06218031027544132,3.853771724893759e-07,2.891908216563865e-06,2.8551408698464155e-05,0.0016066446471913124,2.3484942013505305e-09,0.00021222908344680012,0.0005805439124159397,2.3707549739530514e-05,0.0007602629943932862,0.0009792636038243425,9.561060003778952e-06,5.951842267432941e-06,7.270821993843408e-07,1.5330673821280606e-08,0.0004018494745506226,0.00019609298412856592
16,0.390780762670114,6.452013617075502e-06,0.5374487376180366,7.978091615049968e-07,0.00023738455189568265,0.00014352271144725884,0.0002992950572008509,3.184284168264998e-05,0.065390625145023,6.289768498740665e-07,2.767498779008225e-06,4.49966283431657e-05,0.0017844681092828508,3.14314489290037e-09,0.00024510102453621823,0.0007062953967614917,2.7492413644669075e-05,0.0009712505764962864,0.0011940107130532242,1.2059890602299114e-05,9.44138657702372e-06,1.1723005846501778e-06,1.8724796886561915e-08,0.00042078317387755725,0.00024008962449131177
17,0.3936347778050551,5.131788020349838e-06,0.5344076035392195,9.391922251108817e-07,0.00035713518647937265,0.00016730707646574308,0.0002941398924290338,3.527106772727884e-05,0.06459660306133669,4.7096828044946183e-07,4.116198907258297e-06,4.715805197064194e-05,0.0026861035578111285,4.4412845688281416e-09,0.0002260144253418945,0.0006876961067435161,4.6585005132138436e-05,0.001074684301638261,0.0009454173809029043,1.643074777503408e-05,9.272396566672706e-06,1.1312027559684642e-06,2.7970095038654238e-08,0.0004662963471334209,0.0002896822887028963
18,0.47870073275224895,4.746532042207187e-06,0.4627320103846855,5.957615277370076e-07,0.00032896250475743173,0.00013923634012808414,0.0002639479574781777,1.8961924315927512e-05,0.05241412792728532,4.95107871836075e-07,2.255433823061602e-06,3.155142813758581e-05,0.0020636389319980894,3.512523883694488e-09,0.0001973965858670699,0.00044017516453542305,4.015814812941953e-05,0.0012486303663163344,0.0006629130871309818,1.1909822339600829e-05,7.433120441658368e-06,7.996024016185644e-07,1.8765030625182656e-08,0.00029345271000885453,0.00039584612897480137
19,0.3766986891341923,4.792327915961758e-06,0.555496613954067,6.09945736541069e-07,0.0002464244391702927,0.00015677346899359415,0.00022994864837020402,2.441789449875396e-05,0.062339545913724995,3.8752753111948646e-07,2.8476300796244255e-06,2.9075937865187162e-05,0.0016171217806693805,2.3315455991904145e-09,0.00021022229603368003,0.0005824971728335322,2.3417940308684303e-05,0.0007545728582314008,0.0009678164830386127,9.572293932720222e-06,6.010085810523403e-06,7.278463217044904e-07,1.5304786914559736e-08,0.0004023542810976345,0.00019554250324414584
20,0.3202712195532217,4.8430492408292935e-06,0.6056511479164849,7.706861933606945e-07,0.00021039710915366942,0.00017255420829914185,0.00024820844836282303,4.254935130837109e-05,0.06799260141630088,4.539965835334457e-07,3.914299964377165e-06,3.600772843780775e-05,0.0014141557410724463,2.639318192159964e-09,0.0003304702058417894,0.00079938597011815,2.5518128487035815e-05,0.0008696395963994719,0.0012887715539471256,1.0587230763088946e-05,7.838176216059362e-06,1.2942253274372824e-06,1.7162830165200133e-08,0.00043666118218441856,0.00018099042394337123
21,0.3767917280073204,5.345451444140115e-06,0.5496499839723108,7.536713801255011e-07,0.0002145873236252339,0.0001392321317217508,0.0002429477994795082,2.58506270676239e-05,0.06816206337056545,4.0603800846246895e-07,2.6107601354921863e-06,3.65953481778552e-05,0.0016542291026171094,2.593867631249372e-09,0.0001628042655169825,0.0006782827158249652,1.6040336942543513e-05,0.0007060149974265606,0.0008957729458696148,9.010390260393246e-06,6.003624009857109e-06,6.206633879599237e-07,1.3732355706137117e-08,0.00044007308007260894,0.00015902705061112923
22,0.10744602743496057,4.82458083253459e-05,0.7070801517349845,2.0581163637792724e-06,0.00035516294134460596,0.0001133298125463629,0.0015283396447568485,5.3460533419944466e-05,0.17201256723885772,1.1961190691667176e-06,1.5260401562279358e-06,0.00033343283444190255,0.004844718164389068,6.813086525842839e-09,0.00024170256494150414,0.0023655553012193937,4.8736594796308664e-06,5.341866930459578e-05,0.0028404855755916098,3.474975620175889e-05,1.0698334302497372e-05,4.4594623187569726e-07,3.8831563829021655e-08,0.0004959356424240207,0.00013187248203683523
23,0.37935685019358206,4.787421831820201e-06,0.5529880345170619,6.036024684663802e-07,0.0002490963232406212,0.0001592582720550054,0.00022780033547757644,2.4578451424714616e-05,0.06218031027544132,3.853771724893759e-07,2.891908216563865e-06,2.8551408698464155e-05,0.0016066446471913124,2.3484942013505305e-09,0.00021222908344680012,0.0005805439124159397,2.3707549739530514e-05,0.0007602629943932862,0.0009792636038243425,9.561060003778952e-06,5.951842267432941e-06,7.270821993843408e-07,1.5330673821280606e-08,0.0004018494745506226,0.00019609298412856592
24,0.4225389321764277,6.0272616174604106e-06,0.5092538509491299,7.848268022187003e-07,0.00027046433175988464,0.00016007365598315668,0.00023919365289253955,2.7046436942562442e-05,0.06241865157423552,4.485445595120354e-07,2.9993027583294186e-06,3.3664940574374715e-05,0.001763889721504959,3.279865490183221e-09,0.00019300271519748308,0.0005916327322231756,2.5684707828821828e-05,0.0008417820518362761,0.0009717477546707108,1.1269419214116984e-05,6.272692322157182e-06,7.37114348059103e-07,1.8280071653898975e-08,0.00042438262418333507,0.00021743925305058753
25,0.3335958551087033,5.067809482666869e-06,0.5987866066023761,1.08584154739598e-06,0.0002954737706929664,0.00019262431018913874,0.00028938149211747954,6.760895688936223e-05,0.06112667997261782,4.0786922831943314e-07,7.595977036363219e-06,3.955217191710481e-05,0.0015453781894704795,4.368645865443526e-09,0.00023117554192109355,0.0008641993795869052,2.856937896874237e-05,0.0008107244741366684,0.0013432166882339953,1.2475251375545545e-05,6.768959142241631e-06,1.1089841574536936e-06,2.670813073473862e-08,0.0006099013363837177,0.0001385108570484527
26,0.4169195378156228,3.2022729169324865e-06,0.5343811085822942,4.5723957714264674e-07,0.00016300380897659868,0.00012253403616917634,0.00013295238044538026,1.226700281284994e-05,0.044325965032689256,2.3043259657599342e-07,2.0249134029408757e-06,1.9301334538113212e-05,0.0016394048667568667,1.3510765558392164e-09,7.401915262392871e-05,0.0002419511979852985,1.825714955210088e-05,0.0006260265663391308,0.0007138491218115012,6.074305598106283e-06,4.0047746972634325e-06,3.3604594190872033e-07,1.3334851051595229e-08,0.0004608990509372062,0.00013257822978709105
27,0.36962705755941283,4.7559991123974135e-06,0.5552864912057086,6.582310019566761e-07,0.00023690467449418172,0.00016767209197250405,0.0002219075065812923,3.0898264523336023e-05,0.06932980437002095,3.7301917918061154e-07,3.4449617023612077e-06,3.0697694903971186e-05,0.0015189295361344908,2.424527443698183e-09,0.00025820098456877475,0.0006560602931999617,2.606530696850457e-05,0.0008334797008044988,0.0011385340264164383,9.592275581978486e-06,6.594245269834059e-06,9.78182537968751e-07,1.543701595022659e-08,0.0004264018472158311,0.0001844801611446444
28,0.37935685019358206,4.787421831820201e-06,0.5529880345170619,6.036024684663802e-07,0.0002490963232406212,0.0001592582720550054,0.00022780033547757644,2.4578451424714616e-05,0.06218031027544132,3.853771724893759e-07,2.891908216563865e-06,2.8551408698464155e-05,0.0016066446471913124,2.3484942013505305e-09,0.00021222908344680012,0.0005805439124159397,2.3707549739530514e-05,0.0007602629943932862,0.0009792636038243425,9.561060003778952e-06,5.951842267432941e-06,7.270821993843408e-07,1.5330673821280606e-08,0.0004018494745506226,0.00019609298412856592
29,0.37935685019358206,4.787421831820201e-06,0.5529880345170619,6.036024684663802e-07,0.0002490963232406212,0.0001592582720550054,0.00022780033547757644,2.4578451424714616e-05,0.06218031027544132,3.853771724893759e-07,2.891908216563865e-06,2.8551408698464155e-05,0.0016066446471913124,2.3484942013505305e-09,0.00021222908344680012,0.0005805439124159397,2.3707549739530514e-05,0.0007602629943932862,0.0009792636038243425,9.561060003778952e-06,5.951842267432941e-06,7.270821993843408e-07,1.5330673821280606e-08,0.0004018494745506226,0.00019609298412856592
30,0.37935685019358206,4.787421831820201e-06,0.5529880345170619,6.036024684663802e-07,0.0002490963232406212,0.0001592582720550054,0.00022780033547757644,2.4578451424714616e-05,0.06218031027544132,3.853771724893759e-07,2.891908216563865e-06,2.8551408698464155e-05,0.0016066446471913124,2.3484942013505305e-09,0.00021222908344680012,0.0005805439124159397,2.3707549739530514e-05,0.0007602629943932862,0.0009792636038243425,9.561060003778952e-06,5.951842267432941e-06,7.270821993843408e-07,1.5330673821280606e-08,0.0004018494745506226,0.00019609298412856592
31,0.28513615828171573,8.866254675557955e-06,0.4931245487357505,1.1951767379810306e-06,0.0006576175925121901,0.00035444297558236246,0.0003253176244579363,2.3571292218007192e-05,0.21132394762293796,4.3044516312443e-07,5.77824534383819e-06,6.492272229294675e-05,0.003207116891510767,4.583080229198672e-09,0.0007801158664342005,0.0013958068017645982,6.340070186606173e-05,0.0010492281544740988,0.0013434635205852275,2.3026325990401888e-05,1.918199697252551e-05,2.04101776982145e-06,3.0350353298832443e-08,0.0005913586212557616,0.0004984281985549635
32,0.39034771239888255,4.9597795539595166e-06,0.5416035819673292,5.693946049510946e-07,0.00024178857570017012,0.00016258704017557652,0.00022460755739097093,2.561894404977617e-05,0.06241400850728638,3.8667302366814103e-07,3.001875855806465e-06,2.889271924058685e-05,0.0016079692806297567,2.3337502168940086e-09,0.00021735948860813285,0.0005818128325706892,2.3440977645038905e-05,0.0007503962788708216,0.0011402493981156985,9.14477481417042e-06,5.8954221704950044e-06,7.644029011970829e-07,1.4917930762014847e-08,0.00041947937022268346,0.000185755088676676
33,0.37890941444577314,4.713002660184859e-06,0.5548087151348223,5.189781067578112e-07,0.00023324180085130763,0.0001437450994478175,0.0002171973276223387,1.9567865525510947e-05,0.06146910575431649,3.442937002697268e-07,2.4707778862750504e-06,2.505651613197968e-05,0.0013341429033561344,1.9455623092752734e-09,0.00020923223016269666,0.0005018813871636042,1.9217181708997478e-05,0.0006920887389215559,0.0008518554742173896,8.06087132761935e-06,5.140345414897112e-06,6.066195647742925e-07,1.2629032579370354e-08,0.00035040030414089536,0.000193268372582074
34,0.09190687262067415,8.959427294636289e-06,0.8449025811246199,3.164536446483702e-05,0.002228347160433891,0.0004789592413425042,0.002933421171505196,0.00027150423287885096,0.031881108660984925,2.5314676349377497e-05,1.2198160410853104e-05,0.00013782265999858162,0.0035959684103786414,1.0713505278353424e-07,0.0012462144496695978,0.008342324068843172,0.0005356341490513864,0.0045787675354620255,0.0001456737697941338,0.000643936893659095,0.0001204553591368174,1.0710728285037905e-05,1.8847669122036297e-06,0.0004064808419043024,0.0055531073908929715
35,0.4062843146178975,4.273114797040376e-06,0.5292611885614259,5.480001020593839e-07,0.00021349659415258705,0.00013425395147039797,0.0002164588096117575,2.3614443555077505e-05,0.05938499802350558,3.512217652800652e-07,2.5307488273405593e-06,2.7159385577245644e-05,0.0014408240948404175,2.014248309413555e-09,0.00018399828422252978,0.0005113174177104889,2.087844269693037e-05,0.000820020658273977,0.0009067034485408788,7.794241023957125e-06,5.364488282361188e-06,6.912169614067524e-07,1.2369040329069628e-08,0.0003710609998845529,0.00017814485158603894
36,0.391252525700882,4.637087893063487e-06,0.5372766062441037,6.015462682851679e-07,0.00022324167869187456,0.00013356956307972368,0.00025096484668538397,3.62057598897886e-05,0.06511177031565259,3.572984024947365e-07,3.059095588687927e-06,4.245246021963243e-05,0.0020772965166903604,2.579331220864336e-09,0.0002233516664954637,0.00073482732045421,2.546874529269385e-05,0.0007358966292227212,0.001278479241233681,9.919650416520213e-06,6.015282521849826e-06,9.501944332535016e-07,1.3272766082918982e-08,0.0003986873221117907,0.00017309998167309976
37,0.441499239088419,3.468959878722629e-06,0.5150673384260913,4.769159186081283e-07,0.00015018745848081118,9.311371380366353e-05,0.00017497859603021805,1.4534298818126901e-05,0.039433924600479404,3.233772474691224e-07,1.7621628289829958e-06,2.1779740024687802e-05,0.0012384453423139453,1.4386554667300981e-09,8.063138433857459e-05,0.0002713165920633401,1.5108371442198885e-05,0.0007443679105629389,0.0006447251995881638,5.985686083021189e-06,4.090009193619336e-06,3.982171813252798e-07,1.1922002822937341e-08,0.00038997501343005636,0.00014381557512360541
38,0.40879316922650355,4.230008087849608e-06,0.5307888885394363,2.7791762613275236e-07,0.00021215204317418158,0.00016186706077925787,0.00020438161070180614,1.4130579167151909e-05,0.05613989303064205,2.9309885860962934e-07,1.8588114292821689e-06,1.6567185722327737e-05,0.0010987007902530906,1.474154774510141e-09,0.00019199256362292558,0.0004324532816012765,1.0988802602873492e-05,0.000506604052963046,0.0009773341458975747,4.461987322116175e-06,3.0060876791838915e-06,3.5462240483274553e-07,7.197319749533268e-09,0.00028025942822185754,0.00015612645382821156
39,0.28539775543554147,3.11472058339365e-06,0.6526457501127539,5.994455838624354e-07,0.00018292737488174028,0.00021026747497668793,0.00020683920620096543,3.325354970599646e-05,0.05588821576762916,4.028000672297867e-07,2.893615051421686e-06,2.5692177716810696e-05,0.0018597826334466275,1.8628322235502896e-09,0.00023025442447184984,0.0007292764055407191,2.7893554839499803e-05,0.0007734505704566577,0.001189994831237682,8.75578467497574e-06,7.856002113841399e-06,8.887905842056742e-07,1.3933898786189566e-08,0.00041461240775320194,0.00015950711745724356
40,0.41413549267615535,5.426889564071869e-06,0.510887304361351,1.2712408030642224e-06,0.00030298856128865143,0.00020577686813237481,0.00025448677852217766,5.3716546837874934e-05,0.06728229010084823,6.53149409671384e-07,4.716401144166402e-06,3.5652524748208485e-05,0.0019220494992393438,3.6273233726118366e-09,0.000233580635688127,0.0010445225195741233,4.6267372642704e-05,0.0013699724902245965,0.001335190976144966,1.8553208051024983e-05,9.703497227375328e-06,1.3269024604858693e-06,2.7970697522341947e-08,0.0006360846914355789,0.00021294051048575418
41,0.3393775518481232,5.767531932184257e-06,0.619964402288885,1.1161140555868473e-06,0.00013296648963941255,0.00019859013464059734,0.00023288329062795117,5.3596715889316604e-05,0.033594424118592134,1.121153799367876e-06,4.360672342888994e-06,4.314696647367997e-05,0.0013275286989712885,4.039197554731e-09,0.0001678386306568238,0.00045223819399395826,5.1053098670593615e-05,0.00118321796587844,0.00229667649661046,1.3710638237798155e-05,1.5781715657568576e-05,2.1212675057858857e-06,5.058100587016125e-08,0.0006589787858443603,0.00022087256276803584
42,0.3948718452666933,4.974687093486888e-06,0.5386068078366045,5.776505135072982e-07,0.00027231588482693744,0.00015306498109711656,0.00023212759446669456,2.1496280935635204e-05,0.06133194027220016,3.7040240528640304e-07,2.7409516512909115e-06,2.6843117624965195e-05,0.0015414572256844115,2.4491749633993404e-09,0.0002006557443844709,0.0005122071937978853,2.287970597318291e-05,0.0007515686822250551,0.0008518663336141813,9.315851849541636e-06,5.449465513649074e-06,6.282625467867923e-07,1.5150235051902088e-08,0.0003659859975416721,0.0002128630113462494
43,0.2890635123903547,5.140395988793416e-06,0.6505641934171311,8.493505215425699e-07,0.0002226339212993931,0.00025599320227910025,0.00029487394519259517,4.0979469774416486e-05,0.053259150839665106,1.2074603078381584e-06,2.788547078399282e-06,2.7919039890545448e-05,0.0017333770235856585,3.053690638029943e-09,0.00027832656825477024,0.0009231810681087708,3.536218511216611e-05,0.0011373544973764423,0.0014089383735830404,1.473787980740839e-05,1.3749345138922879e-05,1.4284064985005681e-06,2.653477569672008e-08,0.00047045813188130973,0.00024381495270294455
44,0.37935685019358206,4.787421831820201e-06,0.5529880345170619,6.036024684663802e-07,0.0002490963232406212,0.0001592582720550054,0.00022780033547757644,2.4578451424714616e-05,0.06218031027544132,3.853771724893759e-07,2.891908216563865e-06,2.8551408698464155e-05,0.0016066446471913124,2.3484942013505305e-09,0.00021222908344680012,0.0005805439124159397,2.3707549739530514e-05,0.0007602629943932862,0.0009792636038243425,9.561060003778952e-06,5.951842267432941e-06,7.270821993843408e-07,1.5330673821280606e-08,0.0004018494745506226,0.00019609298412856592
45,0.3179013384664055,3.756484308613398e-06,0.6104384127663561,5.668989798967111e-07,0.00020885895968877216,0.00018050863098716284,0.0002181859106234787,3.604697390613427e-05,0.0660300134909839,3.350629238015788e-07,3.3855655291117372e-06,2.531846870732118e-05,0.0014032175883681634,1.8755776312456536e-09,0.0002974849886474634,0.0008331366084088082,1.9117666854787648e-05,0.0006936765140434939,0.0011593582805244568,8.378428954334821e-06,4.992457769216847e-06,7.904195168285162e-07,1.1014406795056937e-08,0.00039012958084197946,0.00014297689668616676
46,0.38952037978452053,5.110379450790487e-06,0.5406912875595155,5.125250352248483e-07,0.00025114091042382125,0.0001386382418934866,0.0002439282723697308,2.1499380198441413e-05,0.06486502508418784,3.6653930129027814e-07,2.534262309057261e-06,2.6527528546296098e-05,0.001331734324609219,2.1090693449234568e-09,0.00020803205436134797,0.0005419278137534895,1.7137059844112388e-05,0.0006868016634355701,0.0008960963996163434,8.043310295923881e-06,4.9160829223736e-06,5.985763063967701e-07,1.2378431228599694e-08,0.00035420047059077326,0.00018354728901201457
47,0.3590657311069806,4.993461721267957e-06,0.5729363042759139,6.577399769765254e-07,0.0002725717234641674,0.00018394338672291337,0.00023507471998599798,2.7138454818649468e-05,0.06254510179908941,4.06076058007855e-07,3.456593254810922e-06,2.6206748804273347e-05,0.0014447620921934597,2.601949383901195e-09,0.00023675777050974066,0.0006013244842376155,2.4280779456521985e-05,0.0007698905047090548,0.0009908959547325232,9.934569331047615e-06,6.043123801351435e-06,7.483651471896836e-07,1.7452931465070896e-08,0.0004161590776864014,0.00019759713652334616
48,0.4506498122361767,7.754634511912832e-06,0.48501817598782754,5.281003747009571e-07,0.00023207669371315954,0.00021952794795604728,0.00021219713725222872,3.329647045770236e-05,0.05630043540679196,5.668252967565693e-07,3.5760019540099495e-06,2.9069543305823435e-05,0.0018830459429121018,2.5886841189910514e-09,0.00017816757188063333,0.0005466753050143977,3.0403783095741403e-05,0.0006320769923852027,0.003198605698824468,1.0181756097959466e-05,6.582683136368792e-06,9.191403771218559e-07,2.1281269111334017e-08,0.0006603075032018667,0.00014599276750236693
49,0.3274840712613267,4.2850344157894e-06,0.613802823194581,6.887347139648623e-07,0.00019485412960461082,0.0001538579114318572,0.000209867576087754,2.209665857886999e-05,0.05367724537271603,4.025772184070478e-07,2.6149777681450635e-06,2.9504997783298625e-05,0.0015681866184198152,2.186824480688065e-09,0.0001738237578913238,0.0005186167771160371,2.1437688342613467e-05,0.0006773143368372933,0.0008330380809920777,9.356991075126333e-06,6.391461572473014e-06,6.820162021221792e-07,1.75763108717381e-08,0.00042417247322415545,0.00018464760896516459
50,0.3819689523327229,4.879273666096134e-06,0.5535466980176517,5.920481382680386e-07,0.00025495434919898586,0.00015710221906664463,0.00024257706675074074,2.5291381217794842e-05,0.05899080231429176,4.174302023384457e-07,2.8467735362887774e-06,2.8717152090535586e-05,0.0016033308982381542,2.4458171995518005e-09,0.00021039754406204205,0.0005833209972310491,2.368201516923932e-05,0.0007549477804006863,0.0009899911577057404,9.745498870105179e-06,5.89095852341761e-06,7.262555055036616e-07,1.5811867703594724e-08,0.00039300945648603456,0.0002011088215892007
51,0.4000199463727673,5.591351985525545e-06,0.5323062638725674,6.685682209005591e-07,0.00022136879697573852,0.0001506032695098518,0.00021351902238981015,2.5997570852166883e-05,0.062487244582209285,3.869833398084928e-07,2.9177845110109183e-06,2.9510879335013557e-05,0.0013574072471785618,2.4732430325338934e-09,0.000205243276015294,0.000525486468806568,2.2343320258362892e-05,0.0007692768176597519,0.001052959827906171,8.988878481405547e-06,5.90184081763538e-06,7.671891765819297e-07,1.5200608019013278e-08,0.0004024476628191553,0.00018514074236581257
52,0.42566140792287854,3.220494112649256e-06,0.5082465961473599,4.3494175356503663e-07,0.00024259203738175654,0.00020772737484991817,0.00017982364435514177,2.4042113772283984e-05,0.06082025937529013,3.4126233716314133e-07,2.9927821197598982e-06,1.6613258297438446e-05,0.0011862547336508144,2.3020627668004426e-09,0.00027205127809220263,0.0005248350569085297,2.338596077886387e-05,0.0012372504965087096,0.0008234251362791447,6.5419524409526966e-06,4.6331847191355084e-06,6.939051063915718e-07,1.0148979096042194e-08,0.00029009931421773304,0.00022476517574734212
53,0.3150009940996514,5.439332719223361e-06,0.6119600713114447,7.056778550665482e-07,0.0003939278694838963,0.00013894949616920425,0.0004716416114124553,3.0410264967744304e-05,0.06689529406299373,5.352582165413211e-07,3.381350990897472e-06,4.120506752297605e-05,0.0018377971849765958,3.062799471492028e-09,0.0002556623439143041,0.0008065299618708498,2.1075593285207455e-05,0.0006779420529032833,0.0008060129437009781,1.29560955247081e-05,6.623434899052823e-06,7.493395171053208e-07,2.076145995491681e-08,0.0003940810283005936,0.0002379907934202669
54,0.4656819565746209,7.225771575745425e-06,0.47193389948093145,4.2968268864814324e-07,0.0002730836579212072,0.00013131908572400138,0.0002405088923574102,1.562684053016626e-05,0.0579038621898811,4.216770594651466e-07,1.7772296253264936e-06,2.4996104564689927e-05,0.0011205312556535692,2.644537195387332e-09,0.00024755375337213396,0.0004375593458011078,1.7316866707025317e-05,0.0006147405553242124,0.0008190304606554108,7.840477692277855e-06,3.821479544341698e-06,5.43487450625621e-07,1.1855392840015814e-08,0.00023165202291385332,0.0002842886074752425
55,0.42099041109392804,3.7030430250103178e-06,0.4723286110569364,4.92597954901544e-07,0.00014731107367550468,7.675594427096134e-05,0.00019728909884715677,1.1820765121665562e-05,0.10159719817127913,1.616230265694219e-07,1.3095482671574469e-06,4.8186338576318995e-05,0.0022820555081595785,1.221011865451121e-09,0.00011602021893603758,0.00041661068653956764,1.1047998313470044e-05,0.0006604289644883944,0.0006203935740658069,4.701809622832214e-06,4.876594141147726e-06,4.305825942714475e-07,5.226789412637656e-09,0.0003347817304641252,0.00014539552996481003
56,0.3796103533686539,4.812850487930372e-06,0.5534235536826667,6.161793428447988e-07,0.0002482649131113176,0.00015899435066551724,0.00023111845624313232,2.4398558845828096e-05,0.061280476162209545,3.8687134858430576e-07,2.9239134139178605e-06,3.0793023491258785e-05,0.0018021245584451302,2.4516009654666826e-09,0.00020119147647526891,0.0005653382538182648,2.4730080393124184e-05,0.0007471138645277901,0.0010097052216677506,9.811184487788539e-06,6.129091473343742e-06,7.310006529869813e-07,1.609521811080846e-08,0.0004189288115074915,0.0001974855792514748
57,0.35856718002675986,3.683798236001545e-06,0.5776059549363867,5.102483952844735e-07,0.00031136242241773965,0.00030337035766297174,0.00014939732583060718,1.607805303961942e-05,0.060102566912558664,2.4864424446058684e-07,4.237443824750101e-06,6.4522739053143565e-06,0.0003892106743445324,1.9750875119702267e-09,0.00027704722279569015,0.0003595391169051956,1.3856068957693475e-05,0.0009407498849181646,0.00047430601706227067,4.315229174502808e-06,3.362191846513479e-06,3.5430765654221165e-07,1.1832250214170692e-08,0.00028518670079846813,0.00018101633494067363
58,0.38446314080715044,4.58718111375238e-06,0.5497110683721232,5.804775340402332e-07,0.00022291972024341867,0.00014734447242650456,0.00021587028954053858,2.2486992694353363e-05,0.060422491624208506,3.3856504989713556e-07,2.854111187024151e-06,3.0287254682430767e-05,0.001718230019446983,2.1278947887985568e-09,0.00016820913558811092,0.0005042813574255739,2.08820751915235e-05,0.000682663450974786,0.0010260468736789825,8.525372476093006e-06,5.493787677310232e-06,6.369983777681179e-07,1.494068956405966e-08,0.00045399019914288353,0.00016705379348138475
59,0.35961320871749675,4.406130118274468e-06,0.5758164624046667,5.89089301301745e-07,0.00021277243778422607,0.0001471759319695506,0.00021122605607468628,2.2518876332660247e-05,0.059436348207680074,3.4726936275687833e-07,2.7618779104777934e-06,2.812824223743061e-05,0.0015497649665909957,1.9930474397146277e-09,0.00018041022307357653,0.0005223528685401829,2.0039971594970825e-05,0.0006737372619642706,0.0009455445789258222,8.643135233878105e-06,5.567655133993185e-06,6.459263629487403e-07,1.4580627475701745e-08,0.0004314710389838995,0.0001658605589858595
60,0.37935685019358206,4.787421831820201e-06,0.5529880345170619,6.036024684663802e-07,0.0002490963232406212,0.0001592582720550054,0.00022780033547757644,2.4578451424714616e-05,0.06218031027544132,3.853771724893759e-07,2.891908216563865e-06,2.8551408698464155e-05,0.0016066446471913124,2.3484942013505305e-09,0.00021222908344680012,0.0005805439124159397,2.3707549739530514e-05,0.0007602629943932862,0.0009792636038243425,9.561060003778952e-06,5.951842267432941e-06,7.270821993843408e-07,1.5330673821280606e-08,0.0004018494745506226,0.00019609298412856592
61,0.45408249621065816,7.22571653374598e-06,0.45924972909012485,7.040294987264752e-07,0.0004739830699413447,0.00024104132030275567,0.00028458328360873885,3.723380444722014e-05,0.07939546443784315,6.169081555340339e-07,3.3883680537346377e-06,2.809037116734527e-05,0.0016430056461954393,4.914032151493737e-09,0.0004390225715751186,0.0009592411438299677,4.876907154732123e-05,0.0012449077524108144,0.0011650650349101044,1.5353411372777866e-05,8.074867413425285e-06,1.1814910673831712e-06,1.892268355546664e-08,0.00027193328201809884,0.00039886528060835
62,0.37935685019358206,4.787421831820201e-06,0.5529880345170619,6.036024684663802e-07,0.0002490963232406212,0.0001592582720550054,0.00022780033547757644,2.4578451424714616e-05,0.06218031027544132,3.853771724893759e-07,2.891908216563865e-06,2.8551408698464155e-05,0.0016066446471913124,2.3484942013505305e-09,0.00021222908344680012,0.0005805439124159397,2.3707549739530514e-05,0.0007602629943932862,0.0009792636038243425,9.561060003778952e-06,5.951842267432941e-06,7.270821993843408e-07,1.5330673821280606e-08,0.0004018494745506226,0.00019609298412856592
63,0.38897206180584437,5.5144795951882955e-06,0.5432064290234441,6.150776738910678e-07,0.00025056806111786566,0.00015683467010036317,0.00022734220053952529,2.3136760688222295e-05,0.06240970547145638,4.0584646633002737e-07,2.8123300662771625e-06,2.9165021301293858e-05,0.0015594552734870815,2.435929738825518e-09,0.00021223189687053794,0.0005528166333232119,2.313387319282173e-05,0.0007275298550923378,0.0010184599719372433,9.727560949388243e-06,6.0236898750759164e-06,7.239621462358978e-07,1.594309582335326e-08,0.0004045705970187797,0.0002007175587879167
64,0.3528102345959114,5.113602144345137e-06,0.5770995876844361,6.893398499058784e-07,0.00024074614954602212,0.00016380322649784857,0.00024059429873526364,2.4433075600694258e-05,0.06433018304032896,4.421071216254956e-07,2.8197204739941633e-06,3.285642942194532e-05,0.0017836422923876874,2.5109936995035983e-09,0.00021488378141767983,0.0005990238995324339,2.5142453600159774e-05,0.0007749298743982789,0.000992849169887911,1.0553438717709307e-05,7.58674546583971e-06,8.238336186719535e-07,1.7564456006425116e-08,0.0004311867657740313,0.00020785439968181257
65,0.25283379924893185,6.06919987568781e-06,0.7079355544898587,9.656370701922487e-07,0.00024759172851571257,0.00019054450377851861,0.0003733521445744295,4.35801858483663e-05,0.03420957948278322,1.142602820683512e-06,2.7652180280689734e-06,2.5778020650924936e-05,0.0010985219748678708,4.266449347752553e-09,0.00023065546423710388,0.0006418506794981578,2.4106264136948166e-05,0.0007119231488544417,0.0008372758686642479,1.5578622592006425e-05,8.08113600618882e-06,7.732979360374428e-07,3.203950218604171e-08,0.0003052660633720338,0.00025520871114708966
66,0.3886036006230841,5.842098133679639e-06,0.5303579433268049,7.627540909215361e-07,0.00023927871314952,0.00015522662252648477,0.00026096228565380297,3.6935675348863466e-05,0.07531984451598661,3.8509663933532733e-07,3.3529473572193746e-06,3.905433723019142e-05,0.0013981039806743823,3.1114144787447685e-09,0.00027582522254037176,0.0007115945513972852,2.3449989370747176e-05,0.0008286607907448263,0.0011620837885436114,9.181471749774423e-06,6.469027617020532e-06,9.835624926766466e-07,1.4594339738222622e-08,0.0003584562072161796,0.0002019847058933571
67,0.2568083730734253,2.8374568215169293e-06,0.6931439855439174,1.6775488010247322e-06,0.0003247057590219878,0.0004125091676607142,0.00017019524209388145,3.090393422559295e-05,0.04022262389592548,5.925078662876174e-07,4.586691235423622e-06,3.049136065511379e-05,0.00508196670517717,5.950288133500722e-09,0.00016082039302345685,0.0007539627061910322,8.176273165697529e-05,0.0010683677451767412,0.0006200800589624538,3.0738893810443535e-05,1.2117792408940345e-05,7.545690778515067e-07,6.676114995147159e-08,0.0006911469169915349,0.0003447265944357324
68,0.2618910090360478,2.3845792513829447e-06,0.6992477269210209,7.209894646570129e-07,5.2177190806478045e-05,5.996526895015807e-05,0.00013501260969319358,1.2600832150295285e-05,0.03610327613696675,2.785246060805374e-07,1.0411440469905182e-06,2.8010294632175775e-05,0.0008329143645093931,8.884357910551809e-10,4.744906765215522e-05,0.0002501573073542654,7.1888600926956914e-06,0.0005120851975497471,0.0003670635052648744,3.8950831225629844e-06,5.619762501534609e-06,3.7105584426117096e-07,9.995166999131091e-09,0.0003531102287806924,8.593115608802587e-05
69,0.2350668512245449,5.035839069699192e-06,0.7045200369194381,1.1010424063472225e-06,0.00021305701703621465,0.0001744225541893357,0.000229457052127122,3.464003370799848e-05,0.05471721034766507,3.994259872299624e-07,4.870905748302473e-06,3.723305897506442e-05,0.0016787269332607289,2.6074708833282175e-09,0.0001854703687968271,0.0007272595345254805,1.9205768787973074e-05,0.000491311330568592,0.001033392637904007,1.3791052487861526e-05,8.063532134666788e-06,7.271141077480898e-07,2.8334816838569073e-08,0.0007193723370727164,0.0001183330271700807
70,0.38051632572844263,6.653680387215522e-06,0.537490781445694,5.858039859967494e-07,0.0002804229184797519,0.00021445227196070706,0.0002421715201312847,2.4650868714419637e-05,0.07528552713098231,4.5817581899254036e-07,4.062822767719272e-06,3.09550058584127e-05,0.0016000103824914257,2.375914276110672e-09,0.0002543973654527872,0.0005863832077139068,2.7162852713733542e-05,0.0007461541179155897,0.0018674703805073888,9.456555241893477e-06,8.598263630216203e-06,1.0174981649612565e-06,2.1154776939885785e-08,0.0006184634367276989,0.00018381503552576778
71,0.34948713717927077,3.4220087947187828e-06,0.5899960767794633,5.099361648143212e-07,0.00015874935520702682,0.00017091088362318878,0.00018183563553233497,2.51213941194101e-05,0.05572752262849885,3.052955162796293e-07,3.0663440149723582e-06,2.3497840874082436e-05,0.001124452696481532,1.756274274617256e-09,0.00020671196199414932,0.0004784384617085678,1.91296732771214e-05,0.000764489767596092,0.0010829010238262609,5.554383444767007e-06,5.33260720098492e-06,7.630918577996029e-07,1.1672440448157977e-08,0.00038276800925423607,0.00015128961356411697
