,0,1,2,3,4,5,6,7,8,9,10,11,12,13,14,15,16,17,18,19,20,21,22,23,24
0,0.9432974522504655,2.045881666650234e-05,0.0067432901102809075,0.0003505976261918131,9.835181015372525e-06,3.5428859358617734e-05,0.00018262313716902614,0.005531661525641057,3.6432560137527805e-05,3.0237370936204223e-05,0.010785849192661363,7.911702566381493e-05,0.02359774179471461,8.138933112930965e-06,3.214521705165847e-05,0.00042902519904668504,0.00025008793563688125,0.006335523051913166,0.0006734699674467327,5.021845065814231e-06,0.00036938711811539674,0.001161290169955359,2.8436109941698314e-06,2.8766789472671256e-05,3.5747112863184407e-06
1,0.9363661771318311,2.8019929554773324e-05,0.009958434783024698,0.0005271236708266317,1.0866119047046523e-05,2.669973746493207e-05,0.00019923393108458416,0.005802167889366928,2.748204367400728e-05,3.313229192025114e-05,0.008555720660826912,0.00010395093108296568,0.028401364651333652,8.760887409985143e-06,2.809921476459043e-05,0.0007064467421853438,0.000424865109735246,0.006779925180721434,0.0006478473070196592,5.99547048569643e-06,0.0004117573252262228,0.0009024954250223986,3.2394972596488196e-06,3.636893303166278e-05,3.825136099463021e-06
2,0.9391849618957675,2.8760439901840102e-05,0.008835009944423058,0.00048376463327403057,1.493936096302993e-05,2.425334321544868e-05,0.0002011145456517755,0.0064296998565054626,3.0271273983980335e-05,2.85916443751103e-05,0.010985630743887462,0.00011706009871035085,0.02459091887140672,1.0460914021358305e-05,3.447033296354045e-05,0.0005732131307068427,0.0004059956980582215,0.005973381102480736,0.0005702712268175513,5.9376925031826935e-06,0.00040943949878704996,0.0010195546281150986,2.9538075623778505e-06,3.491571355329268e-05,4.42960236497313e-06
3,0.949105303953598,2.2634857527154354e-05,0.006786581543409155,0.0004068134496303168,9.579353280825769e-06,1.8726929604416383e-05,0.0001646269888973485,0.004659863130336828,1.853057011949174e-05,1.873744023086181e-05,0.008481482976964789,8.720352420931944e-05,0.022608792856033726,5.897793715338756e-06,2.127792793371689e-05,0.0004219370267386617,0.00035907657886768697,0.005164215196038818,0.00048679558999328707,3.601713668958419e-06,0.0003277637799214642,0.0007902761633711222,2.2734813008845093e-06,2.5448895714758933e-05,2.5582788930200456e-06
4,0.9465374676475196,2.3443675614393927e-05,0.006917832556130408,0.00039762221007263624,9.378337166508342e-06,1.6038840472290907e-05,0.00016547423616827936,0.00458186376614526,1.7865292174921785e-05,1.7472618798953604e-05,0.008385204302920148,9.043673952328004e-05,0.02530939250528787,6.334276539199371e-06,1.8688060385126544e-05,0.00038270433422913063,0.00034228781713761347,0.005142127644336138,0.00045439083911767795,3.70061237307172e-06,0.00033974000997818126,0.0008103569915871968,2.077296802764897e-06,2.5665421232687368e-05,2.433968286595931e-06
5,0.9474904226769855,2.1554016950872652e-05,0.007466505415830538,0.0004742412662882551,1.0525079831495843e-05,1.8343001968560833e-05,0.00014901778954059093,0.004488819380143794,1.7746806556105015e-05,2.0481543846790528e-05,0.008110303422676018,7.7712129187976e-05,0.022720866052216123,6.287771251214922e-06,1.7475449403131697e-05,0.00039079986831262,0.00035871725340666315,0.006677567449230599,0.00045256949098787584,4.076745316251659e-06,0.00034891277140365097,0.0006443358057160163,2.7208998545864227e-06,2.7835357237566843e-05,2.1625558572652807e-06
6,0.949105303953598,2.2634857527154354e-05,0.006786581543409155,0.0004068134496303168,9.579353280825769e-06,1.8726929604416383e-05,0.0001646269888973485,0.004659863130336828,1.853057011949174e-05,1.873744023086181e-05,0.008481482976964789,8.720352420931944e-05,0.022608792856033726,5.897793715338756e-06,2.127792793371689e-05,0.0004219370267386617,0.00035907657886768697,0.005164215196038818,0.00048679558999328707,3.601713668958419e-06,0.0003277637799214642,0.0007902761633711222,2.2734813008845093e-06,2.5448895714758933e-05,2.5582788930200456e-06
7,0.8949932170052814,6.313887232036162e-05,0.023565306929831498,0.001410142173966176,6.762061789770198e-05,0.00010496572167807904,0.0004995088109522812,0.011076392777964583,0.00011781402392540042,0.0001476148278942116,0.015529845757316325,0.0002513073817662777,0.02174220099283199,3.967201752106212e-05,0.0001339454075117746,0.003961035181589575,0.0021166964847455895,0.018524290847011203,0.002316634211144488,2.264942009799722e-05,0.0018603910705206619,0.0011726649784402374,3.207513078448546e-05,0.00022287307792382373,2.7996279082615532e-05
8,0.9554559194930441,2.4442468367789428e-05,0.010288545574305466,0.0004660295324565348,9.435333357072165e-06,1.7199977266407615e-05,9.917077283729556e-05,0.0035508452378701046,2.0760427122651688e-05,2.5267608951387603e-05,0.005518558398560726,8.272049336014146e-05,0.01809232879120919,6.899444591075528e-06,1.7480132638493127e-05,0.00047655711750948084,0.0003621625602816124,0.004418824131242994,0.0002689544776848849,4.100815481014504e-06,0.0002342270370326797,0.0005118030864521217,3.0078632549218267e-06,4.161451393531991e-05,3.144711186697743e-06
9,0.9334004381616603,3.811691857829914e-05,0.015180725432267754,0.0006085569485801206,1.1460941954733808e-05,2.3876157231344602e-05,0.00014411707146241322,0.006030606349487762,2.826644449496879e-05,4.830773299808575e-05,0.00737684572668125,0.0001113922617723131,0.026844132504327538,1.246755373982747e-05,2.605688443883173e-05,0.0009056984514714815,0.0005375965422503679,0.00695148307180656,0.00047757951051798705,8.156399785141997e-06,0.0004161689176070905,0.0007518248627104118,4.209256873340284e-06,5.6839855991835196e-05,5.076041310179551e-06
10,0.949105303953598,2.2634857527154354e-05,0.006786581543409155,0.0004068134496303168,9.579353280825769e-06,1.8726929604416383e-05,0.0001646269888973485,0.004659863130336828,1.853057011949174e-05,1.873744023086181e-05,0.008481482976964789,8.720352420931944e-05,0.022608792856033726,5.897793715338756e-06,2.127792793371689e-05,0.0004219370267386617,0.00035907657886768697,0.005164215196038818,0.00048679558999328707,3.601713668958419e-06,0.0003277637799214642,0.0007902761633711222,2.2734813008845093e-06,2.5448895714758933e-05,2.5582788930200456e-06
11,0.9478281883657104,2.3162313756241687e-05,0.006676938310679609,0.00040420115089927547,9.36976079764231e-06,1.707192969138636e-05,0.0001652521760045741,0.00450379191529517,1.78518755931427e-05,1.7414181656221945e-05,0.008329811572051815,9.188757599946699e-05,0.02458036927166835,5.870617215132058e-06,2.003521002443149e-05,0.00040767497553827973,0.0003503297123025344,0.004917144694449386,0.0004629365146381836,3.640216083577204e-06,0.0003201937100074322,0.0008162062129261241,2.098114044080329e-06,2.607118807113119e-05,2.488434896648741e-06
12,0.9447798161172805,1.5286128296250525e-05,0.014964613354292198,0.00020962322684885262,6.547000362554815e-05,2.679367000985666e-05,0.00016287019895931527,0.0024174892011182185,3.5898727490857534e-05,1.742094876084236e-05,0.014190118964081417,0.00010785884897949997,0.014528175383155026,1.3495962969478299e-05,1.2974757719976127e-05,0.00030835354023256016,0.0005542845189849203,0.006205621583697363,0.0001393057488111162,1.021083330252991e-05,0.0006879301464924558,0.00044237006236259635,6.392383877059422e-06,9.161125582118696e-05,6.014432830446285e-06
13,0.9484472906902054,2.268048535847973e-05,0.006624700400817986,0.0003865755684920916,9.784707958868312e-06,1.7655141569207694e-05,0.00016595657239000034,0.0048548056528142855,1.8476903714461165e-05,1.774388649009755e-05,0.009108859012603738,9.130651969330756e-05,0.02276130658045157,6.130540724670309e-06,2.1598431148255975e-05,0.0004035083697267204,0.00034897797878067374,0.005016897104317893,0.0004804082741921462,3.5563317451915137e-06,0.0003313715701056695,0.0008312532497636584,2.0895318284579135e-06,2.4450064612064124e-05,2.616430495017041e-06
14,0.9141378855026978,4.409755311008194e-05,0.005112751391468697,0.0007775287351788348,3.41385132704589e-05,1.4858968212866141e-05,0.0002238642428298524,0.0033600198674755464,1.4825226306134108e-05,1.9647132250689644e-05,0.01874039074289861,5.410525244931161e-05,0.04012416665075294,6.9389241280947805e-06,1.5508767360014433e-05,0.00020030333872816152,0.0005904295676601361,0.012708845182884582,0.0016297957721787156,3.7920294951149913e-06,0.001302692921326748,0.0008433529871856238,3.4747445245833796e-06,3.5269093395731027e-05,1.3168922306218978e-06
15,0.949105303953598,2.2634857527154354e-05,0.006786581543409155,0.0004068134496303168,9.579353280825769e-06,1.8726929604416383e-05,0.0001646269888973485,0.004659863130336828,1.853057011949174e-05,1.873744023086181e-05,0.008481482976964789,8.720352420931944e-05,0.022608792856033726,5.897793715338756e-06,2.127792793371689e-05,0.0004219370267386617,0.00035907657886768697,0.005164215196038818,0.00048679558999328707,3.601713668958419e-06,0.0003277637799214642,0.0007902761633711222,2.2734813008845093e-06,2.5448895714758933e-05,2.5582788930200456e-06
16,0.9499734234213277,2.1961379673290625e-05,0.004833719971077225,0.00033544453128965816,8.853647575220958e-06,1.5030870169048196e-05,0.00018034360019514623,0.005650889398710147,1.6188149761006955e-05,1.378906537825231e-05,0.010345508917283636,0.00010255310803356313,0.02106012460548381,5.723440063211266e-06,2.4224881789798525e-05,0.0003718130406485892,0.00031617620664595587,0.004832387417841092,0.0005532901056177866,2.770175454533549e-06,0.0003244857086603217,0.0009895022460288702,1.6054017408401555e-06,1.768297440034636e-05,2.507735151011784e-06
17,0.9506873279245764,2.0077734223500254e-05,0.006473619071914781,0.00035032574368459927,1.013198803858698e-05,1.564089953220933e-05,0.0001662100738403933,0.004071354521526889,1.651420338210384e-05,1.4483898811517952e-05,0.008579952016726726,8.50024542041861e-05,0.0222450829645086,5.69479192098062e-06,1.6558409623785313e-05,0.0003347077911191835,0.0003496924748050041,0.005037126117136879,0.0004133216056183693,3.2657044826271397e-06,0.0003541516396312122,0.0007206995229509945,2.1537122680370605e-06,2.4640768653868756e-05,2.263966818542998e-06
18,0.9336076395914044,3.327536091508954e-05,0.010721798229991706,0.0003885133536084992,1.473620838170629e-05,2.612682109850254e-05,0.0003041033433177091,0.005692810687777093,3.2487130568297537e-05,2.760769418509958e-05,0.011325041811927995,0.00017451927526595165,0.02672638087661648,1.2810817847549997e-05,3.529296256705369e-05,0.0009212655271374886,0.0006301919239741862,0.006727230930920588,0.0007649300414542752,6.627995323634142e-06,0.0007087170350600053,0.0010478473820269912,4.430445679533406e-06,5.7773625753250435e-05,7.840927196860801e-06
19,0.9637707017295802,5.618203170982895e-06,0.004233858167576495,5.7740973610208316e-05,2.8644382695951964e-06,5.570554486726325e-06,8.864039177235308e-05,0.003541171366916157,4.748442042499427e-06,4.0060277986329484e-06,0.011236896938521503,3.3242166816544774e-05,0.009015572784534848,3.171544888483672e-06,3.687021157573938e-06,0.00012769391731137737,0.00022502637975131112,0.00645373862239657,0.00024845015541384926,9.445988862741153e-07,0.0006274760773679342,0.00029784222817521417,1.3553426478088644e-06,8.955533015014589e-06,1.02639389199483e-06
20,0.9409618543194661,2.4962890126687296e-05,0.005106172190608525,0.0004103036590788571,8.795482689626982e-06,2.0431204476486583e-05,0.00017853437923310924,0.0062880919868764755,2.0815053083622736e-05,1.95271682627444e-05,0.010533634804661404,8.245959278926883e-05,0.02870209892639154,6.0525081068775766e-06,2.85526507450101e-05,0.0003511522328471247,0.00027634929278902404,0.004624489385330528,0.000634802661598561,3.755150923078852e-06,0.000312310713254346,0.001382238849637744,1.5728078166106754e-06,1.8760560419183292e-05,2.2815287873176903e-06
21,0.9491130302448165,2.0072759584516054e-05,0.009833051482964225,0.00034300328502306687,7.2389037522995645e-06,8.561189265303977e-06,0.0001249639690223699,0.0037143638655383155,1.1482481632592454e-05,1.3504189449140056e-05,0.005758058639141166,0.00010292227499111285,0.023141967330290926,6.846285628189095e-06,8.837978245609506e-06,0.0004283924305829772,0.00039127562852308656,0.005921866542184045,0.00023967052308577997,3.6375943601646695e-06,0.00034001578167823293,0.0004322300932773528,2.100974068524935e-06,3.0750388547443184e-05,2.1551643471969505e-06
22,0.8979984166264097,4.1452443718332444e-05,0.007642068180048415,0.0013357528996496583,4.049574550704819e-05,7.84246141160609e-05,0.001293451204975447,0.0038716622780935253,0.0002463137281656395,4.126989027530001e-05,0.013014958079711064,0.00036508372608281555,0.06061426414710199,1.5613999131350602e-05,0.00035562751499998885,0.001860162283037051,0.00028889988928905,0.005296853292931431,0.002896304425087687,1.2949594080151732e-05,0.0004074159276363348,0.002093534848160901,6.233563074946059e-06,0.0001586011226425308,2.4189976073629787e-05
23,0.949105303953598,2.2634857527154354e-05,0.006786581543409155,0.0004068134496303168,9.579353280825769e-06,1.8726929604416383e-05,0.0001646269888973485,0.004659863130336828,1.853057011949174e-05,1.873744023086181e-05,0.008481482976964789,8.720352420931944e-05,0.022608792856033726,5.897793715338756e-06,2.127792793371689e-05,0.0004219370267386617,0.00035907657886768697,0.005164215196038818,0.00048679558999328707,3.601713668958419e-06,0.0003277637799214642,0.0007902761633711222,2.2734813008845093e-06,2.5448895714758933e-05,2.5582788930200456e-06
24,0.9412440081681273,3.406476139808783e-05,0.006846588920876515,0.0006944714518426715,1.1070618982141629e-05,1.8634148512371243e-05,0.0001821400107530819,0.005496524857632973,1.8358430210823118e-05,2.4529820990680328e-05,0.008512793439493889,9.364105837537347e-05,0.02737418683251246,6.530402865935669e-06,2.6637774962493604e-05,0.0005221431260230017,0.00046610678938537156,0.00636250223328434,0.0007676733383543042,3.94175518762814e-06,0.000379002040991826,0.0008805454386876639,2.6975655854834273e-06,2.8698013911799933e-05,2.509001052177809e-06
25,0.9421478855461751,1.305766868272519e-05,0.0058423459135607154,0.0003055064574778669,1.0830343140725772e-05,1.166981929366858e-05,0.00017984403895246936,0.006690075906359626,1.0651556724312343e-05,9.874071521354222e-06,0.012508464049309567,8.52317725135572e-05,0.02246701453126954,5.831870416276594e-06,1.143605069265786e-05,0.0002529925409661023,0.0003227199372242504,0.007666164417835228,0.0003502926727147803,3.6238706308942907e-06,0.00041817320654119645,0.0006696987637989366,1.6360854748124087e-06,1.3557642542590189e-05,1.4212661811011784e-06
26,0.9568342910284409,1.5358520225043437e-05,0.010851053792740845,0.000371201263396553,1.0482825803724074e-05,1.6808476497470576e-05,9.228898192846635e-05,0.002501718336950142,1.8578414800013887e-05,1.9559386285677606e-05,0.005251450974839358,6.007098458363356e-05,0.016280599755034597,6.185551499613729e-06,9.32735152654752e-06,0.0003291974060035983,0.0003326619733849134,0.006123621502622535,0.00020107922749776792,4.1638009725677784e-06,0.00029513124368578224,0.0003247626908887658,3.969880351362631e-06,4.428710121891367e-05,2.1495288213054754e-06
27,0.9507857495995241,2.1814206139734302e-05,0.005258902691725545,0.0004421923095632761,1.0079028442399169e-05,2.874022082700795e-05,0.0001669581158614464,0.005226129415428156,2.9007948175591694e-05,2.2085001654076998e-05,0.009142047960048081,9.117231571013943e-05,0.021844206244866306,5.630745215017794e-06,3.6532547269107576e-05,0.00041407035347447956,0.00025875766830318116,0.00417537663154919,0.0005734981998805392,3.7322049874119613e-06,0.00022325908946179527,0.0012110175975905203,2.0435066936731214e-06,2.392609583342682e-05,3.070301775721563e-06
28,0.949105303953598,2.2634857527154354e-05,0.006786581543409155,0.0004068134496303168,9.579353280825769e-06,1.8726929604416383e-05,0.0001646269888973485,0.004659863130336828,1.853057011949174e-05,1.873744023086181e-05,0.008481482976964789,8.720352420931944e-05,0.022608792856033726,5.897793715338756e-06,2.127792793371689e-05,0.0004219370267386617,0.00035907657886768697,0.005164215196038818,0.00048679558999328707,3.601713668958419e-06,0.0003277637799214642,0.0007902761633711222,2.2734813008845093e-06,2.5448895714758933e-05,2.5582788930200456e-06
29,0.949105303953598,2.2634857527154354e-05,0.006786581543409155,0.0004068134496303168,9.579353280825769e-06,1.8726929604416383e-05,0.0001646269888973485,0.004659863130336828,1.853057011949174e-05,1.873744023086181e-05,0.008481482976964789,8.720352420931944e-05,0.022608792856033726,5.897793715338756e-06,2.127792793371689e-05,0.0004219370267386617,0.00035907657886768697,0.005164215196038818,0.00048679558999328707,3.601713668958419e-06,0.0003277637799214642,0.0007902761633711222,2.2734813008845093e-06,2.5448895714758933e-05,2.5582788930200456e-06
30,0.949105303953598,2.2634857527154354e-05,0.006786581543409155,0.0004068134496303168,9.579353280825769e-06,1.8726929604416383e-05,0.0001646269888973485,0.004659863130336828,1.853057011949174e-05,1.873744023086181e-05,0.008481482976964789,8.720352420931944e-05,0.022608792856033726,5.897793715338756e-06,2.127792793371689e-05,0.0004219370267386617,0.00035907657886768697,0.005164215196038818,0.00048679558999328707,3.601713668958419e-06,0.0003277637799214642,0.0007902761633711222,2.2734813008845093e-06,2.5448895714758933e-05,2.5582788930200456e-06
31,0.9562552100191674,1.867889744897328e-05,0.007154964750836638,0.00032230163356023644,5.621750897478735e-06,1.3469282807258532e-05,0.00011458370408455734,0.005036830935003367,1.1616297834419183e-05,1.6071661061508647e-05,0.006315536240595155,7.393450174831652e-05,0.017907356133899235,4.875832799244978e-06,1.3202369632067093e-05,0.00039265363947326576,0.00034252037799073953,0.004798766670099493,0.00031851361396788806,2.7025159164218403e-06,0.0002611790262978489,0.0005983700353013088,1.8012097752377804e-06,1.7345274413836053e-05,1.8936253880373903e-06
32,0.9457983655292739,2.524220972455765e-05,0.0065770445728778595,0.0004632526975726636,1.0105203497171173e-05,2.134262061767753e-05,0.0001847364894771473,0.005038624333627831,2.0182254011263464e-05,2.087525024394112e-05,0.009033799183738497,9.265366345926045e-05,0.024401552127311748,6.087174194197208e-06,2.5624088036080335e-05,0.00048079369459635155,0.0003903225557140769,0.005474770540771131,0.0006293027320167172,3.8188517081782095e-06,0.0003599293507104155,0.0009090285639931191,2.4942997653992963e-06,2.7253448588431356e-05,2.798564472486805e-06
33,0.9483170306403826,2.3487115182342926e-05,0.007426801276528681,0.0004185554080788981,1.0415606449119368e-05,2.1363791717553684e-05,0.00016717608763686093,0.004772973841631329,2.1612529967426473e-05,2.1791384828528814e-05,0.008668331286418956,8.702320360345557e-05,0.022235749105875224,6.601613185885961e-06,2.3733005350275186e-05,0.00044509764714440256,0.0003600560342317166,0.005292812761273267,0.0004988158892475674,3.9947299608693534e-06,0.00034039828658820093,0.0008029484465880824,2.5486259148972775e-06,2.7776357171941823e-05,2.905325042009097e-06
34,0.30555137913839925,0.001001734625212849,0.13106360095538588,0.005285067444179196,0.00012409327238443508,0.0005498900009496266,0.002353443697708282,0.06264779849831795,0.0002711438731629071,0.004152369606616472,0.012459570336027874,0.0018014011548395854,0.09643593173428872,0.0002952826201073921,0.0006004318794124397,0.2784275547721595,0.042365118999767505,0.030822288135098432,0.010151120078215243,0.0007284119888941316,0.006017928025666411,0.005116298866647071,0.00013388972517582964,0.0012903202855176746,0.00035393028586536406
35,0.9303447750753543,3.8056588369104213e-05,0.011175505622767517,0.0006020806148990565,2.0744599474516245e-05,2.3581622716309802e-05,0.0002526246275390129,0.005302310062079077,2.9879917983833828e-05,2.9083984077742125e-05,0.011753953165410422,0.00011793549555779952,0.0312688314516388,1.1206895663182997e-05,3.590354090446442e-05,0.0005952844554165151,0.0005569528545132568,0.005612890368258265,0.0006581660338154035,6.874939618257785e-06,0.0005910082429903935,0.0009153752940483622,3.747334281078819e-06,4.841756438022501e-05,4.809648243159265e-06
36,0.9491660968044985,2.2521337212921306e-05,0.006805983306810248,0.000406380499757987,9.775197628078115e-06,1.872922040443419e-05,0.00016492940245456646,0.004590164956976464,1.8640303904738215e-05,1.8603378023458925e-05,0.008550334787357856,8.678992800461075e-05,0.0225415864045629,5.9138583475389485e-06,2.1246059032718888e-05,0.00041608661359811153,0.0003580608798752203,0.005166139056354915,0.0004852140626273986,3.6043315761367735e-06,0.00033114821551422097,0.000781370828502554,2.299343877038236e-06,2.581306410969695e-05,2.5681589875388627e-06
37,0.9603893603034939,1.3141878215244127e-05,0.006620933107550128,0.00022579680741127765,7.881714362592896e-06,7.947169654039571e-06,0.00012383900092034566,0.0021674210855978037,1.1610027552630891e-05,7.5804101386134835e-06,0.005876367553742259,7.961181476321373e-05,0.018831527508414686,4.7423463979292705e-06,6.923715196373362e-06,0.00020465011569738802,0.0002566175255537405,0.004294320156323703,0.00018060204476634124,2.277395553753076e-06,0.0002750226663600494,0.000382528092294681,1.7255927611338726e-06,2.589266691964527e-05,1.6793003585362123e-06
38,0.9490400711241911,1.84677957251818e-05,0.0059053660893689415,0.00045332374745030466,5.062625271911855e-06,3.2226849546179945e-05,0.00023082393518920874,0.004621809190248607,1.4529416985390472e-05,1.9132596384693145e-05,0.005985828521838334,8.624190761704407e-05,0.024912480767152065,3.099383314659819e-06,2.550897642123731e-05,0.000796328608557265,0.0004251276288832618,0.005662716511362549,0.00069519278693288,3.64541152740607e-06,0.0002720273238927691,0.0007638576414286426,2.7980634626605584e-06,2.2142621746323052e-05,2.190475501290249e-06
39,0.9490435053165932,2.0502851110095295e-05,0.006600272192868343,0.00038152506908339814,8.074563332420233e-06,1.9653045255740378e-05,0.00017097075405463747,0.005294414583060248,1.621245199813859e-05,1.7963477377849958e-05,0.0082476041496966,8.895072281190856e-05,0.022274445040651715,5.3707005455695296e-06,2.0345297905893306e-05,0.00046647939824700916,0.00037819555805049867,0.005269831524439273,0.0004921813884698604,3.5136679730994943e-06,0.00032973218032454637,0.0008236232413947476,2.196934201094638e-06,2.201711685320322e-05,2.418773700904043e-06
40,0.8716059245117096,3.9630204398046765e-05,0.008262194676905713,0.002565406184036218,2.1292608978285e-05,5.972228393719216e-05,0.00040576391667860597,0.013207219389496653,3.682079275423347e-05,9.204197128746258e-05,0.013180402119313192,8.540526395023542e-05,0.03796249102484299,1.08293643626049e-05,6.281147599208032e-05,0.0023138948758010948,0.001168548148593048,0.0410534359283213,0.005529824188238755,1.2956993123061259e-05,0.001260400995080541,0.0009652414937255201,1.795381699579648e-05,7.59963060620452e-05,3.7914654156995802e-06
41,0.9624302537071413,1.866515806885538e-05,0.005309221851429513,0.0008146801556888349,1.4887156100229932e-05,3.3617414728326246e-05,0.00011413355901273965,0.004626784896866095,2.8570661207235417e-05,2.384118948207038e-05,0.007582265687993377,7.472422933257115e-05,0.013575618245902598,3.977899931315346e-06,5.1606253574534316e-05,0.0003699351777297461,0.000219841271925901,0.003475932488957963,0.00040507009988154764,3.0599990342671614e-06,0.00010834289495096384,0.0006903409936208124,2.1915595159849965e-06,2.003160508274827e-05,2.4058428403393513e-06
42,0.954180428214254,1.3377987018392412e-05,0.012487287775999209,0.00034978013499775115,1.637909498028048e-05,1.1702066003866071e-05,0.0001402588632805263,0.0022978433233806148,2.0934282934487366e-05,1.4436944398128156e-05,0.006896496086019114,7.205280877351088e-05,0.0132515782717084,9.977871670495813e-06,9.75207753597504e-06,0.0002488595721152538,0.0003067835601629426,0.008731309356061989,0.0002065560307561323,3.71107003678678e-06,0.00048487873193305773,0.00019039986205199926,5.42191374636344e-06,4.7013769792653326e-05,2.7803303880746134e-06
43,0.9330589880747865,3.0856953099648396e-05,0.008455064179111856,0.0006130534962331445,1.1683789720434136e-05,6.0237009382751e-05,0.00019449773695413077,0.008627684039012524,3.4006198070585364e-05,5.892250494816401e-05,0.010149947589611573,7.398471723401116e-05,0.027057163068998785,8.02005876448509e-06,4.617406269254889e-05,0.0007736241170085746,0.0004328010867268638,0.0073696330590698874,0.000985881572694566,7.303576843813357e-06,0.00044369970007566203,0.0014707735672340753,3.876684910973254e-06,2.855295461398535e-05,3.5702022005823242e-06
44,0.949105303953598,2.2634857527154354e-05,0.006786581543409155,0.0004068134496303168,9.579353280825769e-06,1.8726929604416383e-05,0.0001646269888973485,0.004659863130336828,1.853057011949174e-05,1.873744023086181e-05,0.008481482976964789,8.720352420931944e-05,0.022608792856033726,5.897793715338756e-06,2.127792793371689e-05,0.0004219370267386617,0.00035907657886768697,0.005164215196038818,0.00048679558999328707,3.601713668958419e-06,0.0003277637799214642,0.0007902761633711222,2.2734813008845093e-06,2.5448895714758933e-05,2.5582788930200456e-06
45,0.950234957825779,2.2613656481852717e-05,0.007346894103399351,0.0003617582566267984,9.230929198333015e-06,1.697514635972382e-05,0.00014922988233654868,0.004395125086170385,1.7223070394806108e-05,1.861150502827786e-05,0.00828207508126161,8.320513881013679e-05,0.021410715048241127,6.237288470574288e-06,1.7575653228969665e-05,0.00039722055196316164,0.0003732677851224173,0.005312217063281383,0.0004369170922613026,3.472514219820398e-06,0.00036097440516558453,0.0007121823406250186,2.352884462776049e-06,2.643206534539212e-05,2.535625765694396e-06
46,0.9614004570720754,2.2141682002758376e-05,0.004222348752268151,0.0003726757468708075,6.06435659326549e-06,1.2539638182141154e-05,0.00012576509698287002,0.003941771268055208,7.639013666032254e-06,9.917183913798021e-06,0.00618625203636078,8.849041432039727e-05,0.018372146987942706,2.425952711247547e-06,1.4929620698076588e-05,0.0004052727521036599,0.00048583977541046935,0.0030069093117853583,0.0003685906324878992,1.7934163444557328e-06,0.00018949839207715334,0.0007379268877381244,1.355114228756473e-06,1.5764319664631157e-05,1.4845755159392758e-06
47,0.946931441996601,2.258851967309987e-05,0.007419864577049108,0.00044068230288466615,1.0843318175740086e-05,2.0035497309408478e-05,0.0001713373768131792,0.00485902452041927,2.0102853476175948e-05,2.054559474498338e-05,0.00896361889671326,8.529176584008645e-05,0.02274761929435099,6.601999368111312e-06,2.220101791021877e-05,0.0004276865533080246,0.0003692021391595599,0.005783667516244031,0.0005123394674406066,3.993448446990544e-06,0.0003702975155513481,0.0007583243395241327,2.613411698133578e-06,2.740718306446932e-05,2.6688942336414806e-06
48,0.9524579562439246,3.941481655912612e-05,0.004512311542847166,0.0005894876827337699,5.206552227593265e-06,1.690299429768015e-05,0.00016574884780992116,0.006621798114144026,8.177750849617328e-06,1.976704530396205e-05,0.006083228708727266,7.937259690744677e-05,0.02122630933820042,3.1512176400290164e-06,2.194051782540466e-05,0.0006093418503729935,0.000721740936064462,0.004698143212262525,0.0008468109217846366,2.043550010946002e-06,0.00028172211384392917,0.0009727558278229307,2.0054554089275965e-06,1.3111828657628222e-05,1.5503337729026126e-06
49,0.9519114993485605,1.9179740240174096e-05,0.008023386018646874,0.00033541694869169324,8.01156232397115e-06,1.980754412981177e-05,0.00013345196837228666,0.004362519952079321,1.6908896845628786e-05,1.9001444847644564e-05,0.0071318233456542195,8.277842519638468e-05,0.02122660008136537,5.470156271640614e-06,1.573597594193982e-05,0.00039793729117695045,0.0003324960971448005,0.004663193039073353,0.00030809391769584017,3.8691964210330756e-06,0.0002635557172011162,0.0006918431345703219,2.0622084905651438e-06,2.309646552928006e-05,2.261523529125689e-06
50,0.9480376494276682,2.3220570880329403e-05,0.0067450220822880365,0.00040913238806010677,9.493768824217965e-06,1.8942535026188483e-05,0.00017032694199540523,0.0048027297215009705,1.8906670941986663e-05,1.9198448337297868e-05,0.008567232500108646,8.797332178024826e-05,0.023373246963254147,6.040734068108918e-06,2.1782746255122078e-05,0.0004232135016383379,0.0003558240343647939,0.005207531657846726,0.0005078705342330466,3.6454612351410553e-06,0.0003335136917595147,0.0008277596913219429,2.2444414934287182e-06,2.4917559565348483e-05,2.580605552529124e-06
51,0.9309204773593189,8.528025826896928e-05,0.005590975270231492,0.001143291282247196,6.956420981537327e-06,1.2210368637046598e-05,9.995928863711152e-05,0.011459209286417645,1.4336542848173937e-05,4.838056021755653e-05,0.007350691646310033,6.732923534837582e-05,0.03330558240846925,7.788587296139276e-06,3.2226577253203984e-05,0.00040956107668212833,0.0003490926333132821,0.006176756654114523,0.0010509541226366992,3.175709594580381e-06,0.00022804575286853215,0.0016247846355797106,1.0742213228509772e-06,1.043611888916282e-05,1.4239825158031266e-06
52,0.9475714555376985,2.13294006556824e-05,0.006093832119047399,0.000488074957471147,7.795711106097088e-06,2.4936504180646224e-05,0.0001382135493293582,0.0058388973082898555,2.0137137207904242e-05,2.6246545946664967e-05,0.008224782166337177,7.627333445010347e-05,0.02232761360279295,5.498238947516184e-06,2.499243011099598e-05,0.0004971191657699744,0.00030293805139088064,0.006556525220645536,0.0005772322633517714,4.1268235197443805e-06,0.0002593352667904963,0.0008853084154596297,2.3108907288130436e-06,2.2795170874184632e-05,2.230187897067754e-06
53,0.948422252244829,1.6143530733725842e-05,0.006520674577676339,0.0003373346681404882,1.0007575840554892e-05,2.349239949441302e-05,0.0003318442920385236,0.004570298011129018,2.3370120272888926e-05,1.313520368183327e-05,0.009005965952257063,0.00012675600370720287,0.023200297625378084,5.778728024561074e-06,2.8457496285636853e-05,0.0005022447032578543,0.00035090185987645116,0.0048708631696000055,0.00049879022197785,3.9069196956664055e-06,0.00033611616369291195,0.0007705340540710668,2.6575545586554026e-06,2.468915216414718e-05,3.487771615983802e-06
54,0.9263123204227608,5.615694694218034e-05,0.013303048395094648,0.0005988838660525265,1.5284179521522927e-05,3.318021329515547e-05,0.00029329248160297046,0.007482970310113706,5.1240093854897294e-05,5.431994984967801e-05,0.009788147675099303,0.00022715823953575065,0.031136986368768688,1.6530435729556117e-05,6.96381665546507e-05,0.0016094715659507252,0.0006121773841236125,0.005550011993289254,0.0008765565898180259,9.298077742344424e-06,0.0004376760341709803,0.0013858157112275591,3.9941728000944885e-06,6.367309140276132e-05,1.2167634698575177e-05
55,0.952865456413014,1.3693044240076198e-05,0.005995837936860509,0.0003851011303557111,1.1803668333929029e-05,1.4617166347273308e-05,0.00024080744060841363,0.0024609165496450977,2.1116595225067557e-05,8.651629425757143e-06,0.007520295536420037,0.00015305812924340382,0.02382660126563064,4.772201006721338e-06,1.7498684622030973e-05,0.0003803758556954681,0.0002792758055334138,0.004637786230403995,0.00035514830415490965,3.0614093372817112e-06,0.0002446041274445205,0.0005173195020131139,2.2614678358448313e-06,3.7047217925628416e-05,2.8926886771308236e-06
56,0.9489205981538664,2.2650878367504123e-05,0.006612125337085347,0.00039999731712481065,9.21945361452523e-06,1.8033644912999013e-05,0.00016502773109431583,0.004596402690925458,1.8027514765790553e-05,1.7960848668706546e-05,0.008346169281688885,8.824429615340618e-05,0.023305635794887033,5.786849753466896e-06,2.0459957946032182e-05,0.0004087838819093121,0.00035202339995776545,0.0050524422247010614,0.00047834797554043436,3.5394437826994702e-06,0.00032177939055848975,0.0008070850871770894,2.175257143641837e-06,2.5005192994838767e-05,2.478395379815924e-06
57,0.9364515459681954,3.2663725360106854e-05,0.007320754308940392,0.0004673041056611016,1.0007355084858563e-05,1.8770923378228085e-05,0.00021346117074773463,0.005451513393229396,1.9319367477262455e-05,2.2034673496625263e-05,0.009603059844017884,0.00011274033662331559,0.031302097472649025,7.129913369617526e-06,2.5365646182128444e-05,0.0005709337266506019,0.00046164734094680083,0.005577526786475794,0.0007552562918300079,4.193878338812927e-06,0.0004605808105118131,0.0010769887081502915,2.2799565503441714e-06,2.9636862971808324e-05,3.187433160989266e-06
58,0.9450185007933197,2.517551798307743e-05,0.00740578024793332,0.00044805958079410405,1.188852565709966e-05,2.000346682070066e-05,0.00018340177000062216,0.004139622913739381,2.2252934380750835e-05,1.9880009442313907e-05,0.00892008255493546,0.00010139866233004614,0.025680683863743017,6.765928128352968e-06,2.3139412544735417e-05,0.00046942235590670015,0.00039090821239752576,0.005343568613986286,0.0005305740931791542,4.344494739809741e-06,0.00037667470096651494,0.0008148322509542854,2.7796029497311784e-06,3.7069108346113955e-05,3.190384821528423e-06
59,0.9512389162450728,2.1176226814188272e-05,0.0060034801331302875,0.00039227640759828536,8.630914447521476e-06,1.8040710512661354e-05,0.00016116630370073337,0.00482721255116571,1.694409593432711e-05,1.7013953259472912e-05,0.008427076535505068,8.338204296982901e-05,0.02150053315154592,5.214374389558409e-06,2.121287501549978e-05,0.00039170070388511185,0.0003348984150611102,0.004917920994820314,0.00048673825525100443,3.144109776474446e-06,0.00029509631542048694,0.0008029327992789778,2.0023278825187492e-06,2.10179395505093e-05,2.2716180116105394e-06
60,0.949105303953598,2.2634857527154354e-05,0.006786581543409155,0.0004068134496303168,9.579353280825769e-06,1.8726929604416383e-05,0.0001646269888973485,0.004659863130336828,1.853057011949174e-05,1.873744023086181e-05,0.008481482976964789,8.720352420931944e-05,0.022608792856033726,5.897793715338756e-06,2.127792793371689e-05,0.0004219370267386617,0.00035907657886768697,0.005164215196038818,0.00048679558999328707,3.601713668958419e-06,0.0003277637799214642,0.0007902761633711222,2.2734813008845093e-06,2.5448895714758933e-05,2.5582788930200456e-06
61,0.9488916894825015,1.7345510282953517e-05,0.0015556775173361408,0.0005707407139397879,4.039466659092358e-06,2.2698818211838145e-05,0.00027994849628521764,0.01286572584502436,8.786985549228677e-06,1.1024201079518551e-05,0.008866733378716523,6.116460962543317e-05,0.01784478802880533,1.5047818964293326e-06,5.467396646230248e-05,0.0005193212417062513,0.00032933394139236636,0.004635179747162579,0.0016031173149122563,1.32162901106754e-06,0.00013826418311428847,0.001711948969044172,8.729895731999049e-07,3.1748012267933595e-06,9.23380481350909e-07
62,0.949105303953598,2.2634857527154354e-05,0.006786581543409155,0.0004068134496303168,9.579353280825769e-06,1.8726929604416383e-05,0.0001646269888973485,0.004659863130336828,1.853057011949174e-05,1.873744023086181e-05,0.008481482976964789,8.720352420931944e-05,0.022608792856033726,5.897793715338756e-06,2.127792793371689e-05,0.0004219370267386617,0.00035907657886768697,0.005164215196038818,0.00048679558999328707,3.601713668958419e-06,0.0003277637799214642,0.0007902761633711222,2.2734813008845093e-06,2.5448895714758933e-05,2.5582788930200456e-06
63,0.9476147010555379,2.693205627352464e-05,0.006776205301139101,0.0004351179186895966,9.695536401901615e-06,1.9009897062304082e-05,0.00016483236617922728,0.004901628431097424,1.8716909009759373e-05,2.0780817386658393e-05,0.008576369585297285,9.156308990483e-05,0.023559072978253548,6.142758355011576e-06,2.3024921820698308e-05,0.0004589824168920597,0.00039613846331943683,0.005109390156034722,0.0005447927963163899,3.666874574426121e-06,0.00033796764013970063,0.0008738294780433623,2.2971032820348315e-06,2.6421044099618597e-05,2.7204048896969833e-06
64,0.943181418103155,2.4839258809634274e-05,0.00806286652698315,0.0003948570110773777,1.1184147337136144e-05,1.789477873104286e-05,0.00019037830762368707,0.004693911206847298,1.88304686242148e-05,1.9662948059497548e-05,0.009326361754814095,9.003111072167137e-05,0.025115901839950123,7.447978562789008e-06,1.8963058842222725e-05,0.0004309798306485697,0.00043156506924137594,0.006106125973288972,0.0005411440359509715,4.092940255384547e-06,0.0005015284012017099,0.0007743364613877616,2.761647933001009e-06,3.0089091536746932e-05,2.82804841649423e-06
65,0.9381990403851999,3.34925339874441e-05,0.012643255553550036,0.00033094788599541104,1.0863549846339835e-05,1.4633608960401396e-05,0.0001384692412077386,0.005013343505954195,2.9086296240037654e-05,3.12695874387444e-05,0.007748586337222787,0.00010490173829398818,0.0279819521082864,1.4708032378546186e-05,1.680034245975235e-05,0.00043471098451229476,0.000339842016106386,0.005231959846032042,0.0003202680476171618,5.8629268279328275e-06,0.00042504600093493214,0.0008862070066299264,2.2934069952587707e-06,3.8267187239016424e-05,4.191870083276638e-06
66,0.9412941398966688,1.3936194820286854e-05,0.008606618616079378,0.00018115932418292418,4.493449868253857e-06,6.1307389776372016e-06,0.00011434116731103037,0.005316455513938387,7.4577787444241974e-06,9.729416537395995e-06,0.006788376828576606,7.53460449935052e-05,0.03167289093972874,5.339502946179116e-06,5.860857993982839e-06,0.0002538645710561258,0.00020364221256997415,0.004460603969983939,0.00014144131839859047,3.6455643468689647e-06,0.00023440217231779164,0.0005884200903967156,6.211776299248069e-07,9.950437412957718e-06,1.1322145196101754e-06
67,0.9523211866156537,2.2847076261526235e-05,0.0037106824060248755,0.0003720923375935936,9.976208481746561e-06,2.1215627723816516e-05,0.0001974264304375181,0.004587963830778663,2.2651470947321394e-05,1.382239497026081e-05,0.010329900353485306,0.00011005126931350797,0.02200474370594634,4.191252794638493e-06,3.77249951959963e-05,0.0003923249993704381,0.0002788449718969716,0.003314619001793175,0.0006637786753187621,2.524911821182748e-06,0.00021016604689724663,0.0013476138341168846,1.3748524683236815e-06,1.9389608828027422e-05,2.887121880046024e-06
68,0.9158638878024328,2.5871994633338518e-05,0.0289957308666463,0.00060223387520419,2.765455142123332e-05,3.0983691360220136e-05,0.00023028499847369723,0.00347395295280171,6.703909218679174e-05,4.985571160188869e-05,0.008004878978879543,0.00014568529082574069,0.03207060723976609,2.5205337139421666e-05,2.311691141976605e-05,0.0006276165611076636,0.0003912077805289895,0.007934344340435055,0.000263588939743042,1.5286150910600398e-05,0.0005330557235811023,0.00046431266303013945,7.386007217489896e-06,0.00011825865878669947,7.953879866646018e-06
69,0.9467967855606703,2.2827788143413363e-05,0.007602498781736359,0.00040211643280081043,9.64759959564883e-06,1.894121148638017e-05,0.00016771036700609623,0.004911304882869342,1.9182639811941892e-05,2.032705172913954e-05,0.008566670700044724,8.895066331990574e-05,0.02322882664903096,6.6971580809722875e-06,2.0394544197389126e-05,0.0004399492544778445,0.0003676249639179813,0.005662445154481423,0.000478210882522468,3.994750561952615e-06,0.00036301183320178306,0.000769979231195377,2.447775625632825e-06,2.6752265216248984e-05,2.701858275733453e-06
70,0.9525895393900415,1.7214672633699795e-05,0.008365597455214096,0.0005096434688778038,1.6020402054833564e-05,1.5263659932585476e-05,0.00016451117031870635,0.0036819321843649436,2.2486842174065912e-05,1.4058648613628571e-05,0.007881920898453505,7.569817652322706e-05,0.021155520278082447,6.6667262218708864e-06,1.938161813893791e-05,0.00021087275216554314,0.00024090533897581972,0.003960897962746046,0.0002539100010571197,3.587674712757395e-06,0.0002477872267733795,0.00051980180513868,2.1291276782797626e-06,2.2608879775799952e-05,2.043639330780406e-06
71,0.9307272638156736,2.8018807553276882e-05,0.011476799785038152,0.0004559855285589011,1.701112388783049e-05,2.15146856160804e-05,0.00024334131277422815,0.005561304064605428,2.995836303600275e-05,2.822857591025606e-05,0.010397253911635523,0.00011135456936507679,0.02973849397014774,1.271915916648427e-05,2.3437312451979562e-05,0.0005633777830722238,0.0004605707218598749,0.008040965982494012,0.0005532596045724478,7.27866755605576e-06,0.0006342340015616689,0.0008175221671039807,3.7365981440893476e-06,4.217067434300687e-05,4.198813872145993e-06
