,0,1,2,3,4,5,6,7,8,9,10,11,12,13,14,15,16,17,18,19,20,21,22,23,24
0,0.153177269405824,0.06450133039783859,0.5968380662327832,0.005108836485853677,0.0061359183583317625,5.2102880949454625e-06,0.01851371540979613,0.050593336947003846,0.005331419667679275,0.003745804998506717,0.00029346496687074667,0.002865418417442945,0.00014578608319654792,0.004532871031210545,3.471331071920516e-05,7.470936477609619e-05,0.0003403938799483004,0.0018231254463754217,0.013469727828175699,6.317352196077803e-05,0.0005684087712046657,0.0022917300247981102,3.394691845363725e-06,0.04024181895667956,0.029300355513083853
1,0.12804834626818054,0.15278116245031265,0.3997206971503714,0.011271110754405629,0.006176068182794531,5.386023042838185e-06,0.020732381132052675,0.07851504045804678,0.006375152450851194,0.011628144958963303,0.0001945484901845518,0.0020267511851036727,0.00010628672948706642,0.007441884984799684,5.570538094069184e-05,0.00012140800502202375,0.00044950051704447486,0.0023091362303165387,0.027441931378142534,7.183746269759726e-05,0.001658845857605128,0.004469454723830004,6.455195798091107e-06,0.03907761128107185,0.09931515274893452
2,0.18007940471000836,0.18067431821444585,0.2888254209367773,0.011932132937316825,0.0057669434282368245,4.637669562226197e-06,0.02121227885204622,0.07774405418399764,0.003094886089438376,0.008541294579547939,0.00020672494714328465,0.002656449503181171,0.0001049249243744435,0.008618200794049758,8.209423929739766e-05,0.00012101858861863834,0.0009066635583318987,0.003194577879910752,0.021252887406168607,6.692099973551886e-05,0.0019624091058355626,0.007174585151964504,1.550971172687422e-05,0.054699307353089845,0.12106235423519418
3,0.15277846141745924,0.17588344809778086,0.353163385207604,0.013107061233272831,0.0060738597156989056,3.97866555179777e-06,0.01871627125627847,0.07393848261623928,0.003249050256126398,0.008663841515977232,0.00021993468085799948,0.002528564165838906,0.00011814538888363203,0.007414464964757859,4.419257895695972e-05,7.675197820058286e-05,0.0006898954573463074,0.003777901600299239,0.016775721330168948,6.387548062549523e-05,0.0016662308633850116,0.004888433530547019,9.0075772226009e-06,0.056725148086656796,0.09942389233426376
4,0.14290330057793413,0.1816800151207331,0.3828525184323771,0.012978087737416478,0.006820044842316356,4.298115929713876e-06,0.01862356705479585,0.06376463181499112,0.003237119376585493,0.008327807464655203,0.00022162615359339088,0.0025560269629226005,0.0001476578054382716,0.008737330423749076,4.2169151439917236e-05,7.277225021235641e-05,0.0006301692316983712,0.003663452729837809,0.015218179171627814,6.390897691024328e-05,0.001453716535092011,0.004656823992443103,8.845899547650841e-06,0.05508709242746431,0.0862488377502885
5,0.1391663425590981,0.19197226891011182,0.33059399180203536,0.017259699824827748,0.006467381160518321,4.023803339783689e-06,0.01844052445918333,0.07798586308217405,0.0026796394104359623,0.009815678725315632,0.00023185419237025022,0.0024347978616851684,0.00012841375459050924,0.007622647271045341,3.6549406769202026e-05,6.970383263038549e-05,0.0007277137065145684,0.005155055010021177,0.01403295214175595,7.003229264191828e-05,0.0018944446438012193,0.004662110700357012,1.0825060117380328e-05,0.06604022684956516,0.1024972595390948
6,0.15277846141745924,0.17588344809778086,0.353163385207604,0.013107061233272831,0.0060738597156989056,3.97866555179777e-06,0.01871627125627847,0.07393848261623928,0.003249050256126398,0.008663841515977232,0.00021993468085799948,0.002528564165838906,0.00011814538888363203,0.007414464964757859,4.419257895695972e-05,7.675197820058286e-05,0.0006898954573463074,0.003777901600299239,0.016775721330168948,6.387548062549523e-05,0.0016662308633850116,0.004888433530547019,9.0075772226009e-06,0.056725148086656796,0.09942389233426376
7,0.1616983126268146,0.09127636087681561,0.1741211637932252,0.015460528172775136,0.01515285985648123,1.0017865710132635e-05,0.00886946539813668,0.13242372294906818,0.0022795429075236425,0.020129120301639745,0.00011292836963142328,0.00434207975769172,2.283144974846158e-05,0.01144060666111185,0.0001275341968004185,0.00045784012298670095,0.0014701030159672572,0.0036682349342019665,0.05572582822822107,3.413734244792568e-05,0.009668908519182777,0.015092617168915514,3.777874359214419e-05,0.03168872343825566,0.24468875330305498
8,0.16811974353523124,0.1843021607609466,0.3534790464090382,0.010804782564582506,0.006992095326827449,7.011997494511281e-06,0.01988562306037393,0.07235744090717923,0.004406320909924437,0.008227545825824602,0.00041727899961923454,0.0035623451465357095,0.00012183906197651635,0.007808127953194546,5.510875959395287e-05,8.103633597998517e-05,0.000696438908365385,0.005386724343826085,0.02296640192191218,7.517111958708461e-05,0.0020112527738232783,0.0071259541027579535,8.4009413064557e-06,0.045044630292672284,0.07605751804142669
9,0.09629492609204666,0.1574048282737084,0.45039757700366617,0.013560030818792796,0.004290167030646725,1.1478431261794052e-06,0.01383257179041679,0.05923586181157094,0.002492000825009573,0.006357586025486362,8.711033154180292e-05,0.0011896036119841361,0.00015033119235342442,0.004682772331951135,1.9487236681225578e-05,3.1802872034865384e-05,0.0004743185894101881,0.0018378395447855513,0.0068136696565612356,4.619972712035861e-05,0.0006775444752935928,0.001590393480111123,4.1938175487587705e-06,0.08327404506657958,0.09525399055157252
10,0.15277846141745924,0.17588344809778086,0.353163385207604,0.013107061233272831,0.0060738597156989056,3.97866555179777e-06,0.01871627125627847,0.07393848261623928,0.003249050256126398,0.008663841515977232,0.00021993468085799948,0.002528564165838906,0.00011814538888363203,0.007414464964757859,4.419257895695972e-05,7.675197820058286e-05,0.0006898954573463074,0.003777901600299239,0.016775721330168948,6.387548062549523e-05,0.0016662308633850116,0.004888433530547019,9.0075772226009e-06,0.056725148086656796,0.09942389233426376
11,0.15058421268246353,0.17985549878097637,0.35969286844246123,0.013055023296907881,0.005997070852199198,3.8703739368248345e-06,0.0187603833434146,0.07123594925569732,0.003203077688567344,0.008424366569958798,0.00021964756137584496,0.0025303265134951807,0.00013273248433564696,0.007518639661672915,4.176233754341764e-05,7.168215671023306e-05,0.0006858364539979463,0.0038429097884192256,0.015601869464498373,6.558043458657786e-05,0.0015374243938142344,0.004753227942915473,8.776739390138192e-06,0.05816980137004396,0.09400746141061779
12,0.21298144802208085,0.24787399496554458,0.20142521434798302,0.016803385672864567,0.017682281464036942,8.098114063656724e-06,0.009450761372921387,0.043950194402843056,0.000373249953577128,0.009907700584924338,0.00020398017915955311,0.008590998867131973,0.00016112362583729572,0.025886634056189677,3.46795353856927e-05,0.00011763526084132152,0.0023794234266949674,0.017914093161505055,0.008450208273042934,4.5760187282819314e-05,0.0033414020056893867,0.02009694739834403,6.293681261650164e-05,0.07375422603586221,0.07850362227357702
13,0.17095156405216014,0.11332235745382455,0.467469094008483,0.009044265959828929,0.005996442523359682,2.823947391048688e-06,0.0140897720699989,0.06627980724452935,0.0032988238873022688,0.0030787558875875636,0.0003838535422072096,0.005731138812696603,0.00010424834080347699,0.008743086921641087,4.674424594410855e-05,4.284837720697119e-05,0.0008231587796839362,0.0027424116594466108,0.018443565729807907,5.112005891041968e-05,0.0015682371640910282,0.005243237573474451,5.746052906490095e-06,0.03229924487636993,0.07023765083034428
14,0.06630148319813009,0.3866596840412882,0.2679847418728291,0.013444588313960313,0.008173187332872003,4.581677154836747e-06,0.014123432171061597,0.060486113847395766,0.004042538111151171,0.01759661180239075,0.00020417398254720396,0.0009914287604157542,0.00017464012006426766,0.005698407810620578,3.4301737699218066e-05,4.5387030702965226e-05,0.00043870205394045303,0.003897614081084305,0.013727075476927173,5.333095390973772e-05,0.0013942131785472805,0.003915710112124187,5.421504675086756e-06,0.06776042770621325,0.06284220312229483
15,0.15277846141745924,0.17588344809778086,0.353163385207604,0.013107061233272831,0.0060738597156989056,3.97866555179777e-06,0.01871627125627847,0.07393848261623928,0.003249050256126398,0.008663841515977232,0.00021993468085799948,0.002528564165838906,0.00011814538888363203,0.007414464964757859,4.419257895695972e-05,7.675197820058286e-05,0.0006898954573463074,0.003777901600299239,0.016775721330168948,6.387548062549523e-05,0.0016662308633850116,0.004888433530547019,9.0075772226009e-06,0.056725148086656796,0.09942389233426376
16,0.16482675139155625,0.21427046000782377,0.24274196070911983,0.01842440631955934,0.005553673597750088,6.102598322188038e-06,0.022273846226766182,0.0883759186260152,0.0025340604013911615,0.016317768133031756,0.0002490917060596149,0.0027709490217513043,9.489763917701712e-05,0.00895204702955608,4.281337065357503e-05,0.00012553007417429225,0.0007498852771318569,0.007090587031888073,0.01960910745364976,8.179342710128952e-05,0.003580330020823787,0.007150492688983274,1.4288331721524326e-05,0.05243902589800688,0.12172421301798582
17,0.15627952854823898,0.1576184276540387,0.3624352359752639,0.020173785038082943,0.00604086265326276,3.670670723807993e-06,0.018687745831315355,0.06704018547867249,0.0020579805502918065,0.007608271378674339,0.00020772667630826867,0.0032899932618667064,0.0001406222196570147,0.011514695010459274,2.7478947890990956e-05,6.971843325133582e-05,0.0006570598296165822,0.005292190726954254,0.011901139944887791,7.581217307220586e-05,0.0017607869684792559,0.004370541755364651,1.2620407677495032e-05,0.051661441769797055,0.11107247809615194
18,0.23047381285242738,0.17095177394923688,0.26719199118691067,0.009600585022528271,0.0031511126849060353,1.7900588599975748e-06,0.015490863340376323,0.05827050434393768,0.0014300176812646233,0.005981491788706798,0.00013728379006006477,0.0032939663164620165,9.812727352708761e-05,0.005533246544462583,2.990921691216492e-05,4.6379638009613264e-05,0.0012093250398606745,0.005774364767471913,0.009028593676686566,4.2933765609970777e-05,0.0014743609089830068,0.00626438128169299,9.07002554956325e-06,0.0780944671714497,0.1264196476741075
19,0.1349411093549473,0.1700990432391279,0.39385038870246464,0.013055570093300925,0.006718178739967108,3.88080668508083e-06,0.016995428221866622,0.07177122784061983,0.0034110769841567356,0.008563817332827607,0.0002105730522811058,0.0026303873035184227,0.00012984260931993844,0.007784404979306928,3.953804714229854e-05,6.908807280038577e-05,0.000643005072777399,0.0034787208869144458,0.015813722589845678,6.398386732133322e-05,0.001502932177503769,0.004691390140328075,7.676647578310793e-06,0.053185032954966086,0.09033998028243197
20,0.12428077814998287,0.20514455659895595,0.31248092584744774,0.01262852857110247,0.007250856619693121,3.465331093960705e-06,0.015088914859687764,0.10820265498848959,0.0034189342401061943,0.010507180940063934,0.00018924027744685783,0.002656231725083861,0.0001099066063277038,0.007250964915055513,5.731899867672951e-05,7.104783688517593e-05,0.0010049537677413512,0.0035700035799370007,0.02012321335448786,6.290641932974955e-05,0.002027529083679921,0.008946299143894665,9.575633783118723e-06,0.05965657721211663,0.09525743529893027
21,0.2105748475115188,0.12434338587124888,0.38702105449314406,0.01353984827741094,0.00510432372859737,5.204286445342005e-06,0.024155917623537165,0.05156400931956132,0.0021828102133700546,0.007662907797642726,0.00022439056171947395,0.004030064696020904,0.00015180807564336437,0.00998631946481142,3.1789833350036855e-05,0.0001198722555244408,0.0005459181129700684,0.004595087142924845,0.012262145108767254,8.167087714288969e-05,0.0015387768477688518,0.0036820319342969524,1.1699340469840586e-05,0.048238308567933576,0.08834580805817953
22,0.028629701585214412,0.3851615352490603,0.18705043380256917,0.011006940650572712,0.005922701848171205,4.642322257936466e-07,0.009158494454895357,0.06300730436243321,0.01146080346276937,0.014467889134039822,1.556294618263019e-05,0.00020368406207139274,0.00027793065482470717,0.0025420941622182566,5.489472180149949e-05,1.5891719942190286e-05,0.00016286172411366108,0.00013496986669762806,0.02283574795828787,1.3311100531797617e-05,0.0001376371361031737,0.0007457574315136934,1.6789995389235316e-06,0.06607583940083725,0.19091586933338403
23,0.15277846141745924,0.17588344809778086,0.353163385207604,0.013107061233272831,0.0060738597156989056,3.97866555179777e-06,0.01871627125627847,0.07393848261623928,0.003249050256126398,0.008663841515977232,0.00021993468085799948,0.002528564165838906,0.00011814538888363203,0.007414464964757859,4.419257895695972e-05,7.675197820058286e-05,0.0006898954573463074,0.003777901600299239,0.016775721330168948,6.387548062549523e-05,0.0016662308633850116,0.004888433530547019,9.0075772226009e-06,0.056725148086656796,0.09942389233426376
24,0.10695966691861425,0.22563681782555223,0.35626191530076967,0.020583276878298563,0.008211660134740638,4.607884880576766e-06,0.016881987803786955,0.06730891304755106,0.0028598476515595194,0.011326084552709632,0.00021340163561050674,0.002387979833245348,0.0001643104211102376,0.011438204752420519,3.0570831960933285e-05,6.64049905690237e-05,0.0005208814865086343,0.0044948147456337715,0.015283546984088542,7.5060044205229e-05,0.0017116046633648707,0.004406063238152781,9.451141483305799e-06,0.04733499226733298,0.09582793496585015
25,0.1641161349087787,0.11751671418311409,0.38723236357192276,0.018267728711630616,0.004341732328154999,2.1802542526117913e-06,0.02409370780597619,0.11485990690702605,0.002213735105526779,0.0049471663067081,0.0003501878710356868,0.003679602545087085,0.00013424534899646198,0.0064462996668794795,2.4258247367300804e-05,4.912058754886491e-05,0.000811861126232168,0.004719858761913247,0.014293437056559758,9.803830948703208e-05,0.0016325018112770438,0.0037021547322886534,8.550706188313563e-06,0.058503951469705294,0.06795456167634274
26,0.1970028519824419,0.1352998295973402,0.358130200839575,0.00840503443290857,0.003313245100729151,1.5755189340930572e-06,0.014901566139872022,0.06562194241593715,0.002044961856158288,0.004588151057699703,0.00016650225207249302,0.002087776391674983,0.00012488492867177508,0.0029015975989894636,2.430589684215413e-05,3.125326995761856e-05,0.001065314275157382,0.004726690691389336,0.006425905314756742,4.6176144089385774e-05,0.0008589757738668184,0.003375006726352147,5.8093304851735265e-06,0.11805272654758409,0.07079771591651438
27,0.15103097234143004,0.16681902602482893,0.32547810608289685,0.010408006614032772,0.0048792426698362566,4.377157121098e-06,0.017803311302062776,0.09079660766630672,0.005187979100316477,0.010292037475029794,0.0001793090753057059,0.001963629975353505,8.059810390457703e-05,0.005500736291883803,6.263009587076872e-05,8.890035522434924e-05,0.0006627684601124973,0.003087452331744052,0.02052610690946266,6.693580209651568e-05,0.0017313888549992387,0.006479981922807996,7.424735761090559e-06,0.051630976842785774,0.12523149380882564
28,0.15277846141745924,0.17588344809778086,0.353163385207604,0.013107061233272831,0.0060738597156989056,3.97866555179777e-06,0.01871627125627847,0.07393848261623928,0.003249050256126398,0.008663841515977232,0.00021993468085799948,0.002528564165838906,0.00011814538888363203,0.007414464964757859,4.419257895695972e-05,7.675197820058286e-05,0.0006898954573463074,0.003777901600299239,0.016775721330168948,6.387548062549523e-05,0.0016662308633850116,0.004888433530547019,9.0075772226009e-06,0.056725148086656796,0.09942389233426376
29,0.15277846141745924,0.17588344809778086,0.353163385207604,0.013107061233272831,0.0060738597156989056,3.97866555179777e-06,0.01871627125627847,0.07393848261623928,0.003249050256126398,0.008663841515977232,0.00021993468085799948,0.002528564165838906,0.00011814538888363203,0.007414464964757859,4.419257895695972e-05,7.675197820058286e-05,0.0006898954573463074,0.003777901600299239,0.016775721330168948,6.387548062549523e-05,0.0016662308633850116,0.004888433530547019,9.0075772226009e-06,0.056725148086656796,0.09942389233426376
30,0.15277846141745924,0.17588344809778086,0.353163385207604,0.013107061233272831,0.0060738597156989056,3.97866555179777e-06,0.01871627125627847,0.07393848261623928,0.003249050256126398,0.008663841515977232,0.00021993468085799948,0.002528564165838906,0.00011814538888363203,0.007414464964757859,4.419257895695972e-05,7.675197820058286e-05,0.0006898954573463074,0.003777901600299239,0.016775721330168948,6.387548062549523e-05,0.0016662308633850116,0.004888433530547019,9.0075772226009e-06,0.056725148086656796,0.09942389233426376
31,0.26840900298538806,0.1543317667706313,0.22334915938318178,0.008721198888746987,0.005214634642555622,3.254875256613255e-05,0.048836737535153094,0.041889595326349345,0.007597843759603924,0.008061346772814183,0.0011335501297335584,0.003480198388069778,5.9456290581591234e-05,0.010847602693460209,0.0003714116240993685,0.00033191586783428654,0.0005916982139329629,0.003953691753653546,0.041913961849739834,7.516550009947332e-05,0.004044977715352346,0.010104076781388251,3.218353059327092e-05,0.0250087840138754,0.13160749083059567
32,0.15418180296043527,0.1747025102676798,0.3480991285385493,0.012268142542396148,0.0060599731355089415,4.139231842570626e-06,0.018631657855741994,0.07744298493232499,0.0036472279535645206,0.00892874404912854,0.0002172734008340047,0.0025135965792121395,0.00011034197014257758,0.007372570600178901,4.9951440582407664e-05,8.369272897908308e-05,0.0007005143082865136,0.0034995348333309493,0.019674040178768882,6.357094163958445e-05,0.0017596411867524169,0.00536169300203394,8.721040155856015e-06,0.05276551353828418,0.10185303278364648
33,0.15930294995455566,0.26871922774685697,0.27657481858127375,0.012038944372324065,0.008491571492255498,3.872096397762129e-06,0.015101342365868324,0.07303491478593381,0.0017243539906673653,0.008750934455872507,0.00020803195839353024,0.0033372536711097542,0.00018434735836150861,0.010368703129471926,3.9947297838974575e-05,6.761031299506885e-05,0.0011439699918513885,0.00556528264580324,0.015886711768510052,6.520034976400349e-05,0.0015009464456355202,0.010602010563368347,1.2649804592435157e-05,0.06424066381466867,0.06303374104562989
34,0.17214146257458496,0.1215983547565032,0.42202317207800044,0.00450230951820467,0.0030275490631552506,4.328600477362859e-06,0.021127950903171173,0.051182088485426484,0.01741536786643094,0.006411361758317423,0.0001545383657715657,0.0011435988450953065,7.271647585676664e-05,0.004235170367848031,7.801397320185694e-05,7.343575096655159e-05,0.00022111773157252763,0.0010809444766949625,0.0316913647344556,3.988589120636706e-05,0.0008325393708474936,0.002800667945376436,1.985365789221039e-06,0.02756572964670729,0.11057434545433796
35,0.1360479376055083,0.18489683275467114,0.39719720221221777,0.01290692823830122,0.008940399094699463,5.311375544322264e-06,0.019928028398019427,0.055007227691014834,0.002691959491794356,0.007512501244261426,0.0002693193809804195,0.0027118963463148888,0.00013815629347985273,0.011072888386434198,6.0736293492761035e-05,0.00010175081121825851,0.0006450879784495087,0.002988070127637115,0.016424883198134406,5.9824695768882336e-05,0.0016668963031066938,0.004585807484027663,1.3438932700780637e-05,0.05365035797825856,0.08047655768396372
36,0.1559206084321072,0.11189317523197435,0.42465827052755734,0.007331735057733681,0.0067280121104770175,1.1916495174103603e-06,0.008586659143277404,0.08619013012024647,0.0030197358738160087,0.005334237521601058,7.990228333911365e-05,0.004283428870805463,0.000122614222737741,0.006050823354112845,4.113597147571546e-05,5.3109261749079106e-05,0.0013144878069005514,0.0012830407109307956,0.022363688400647178,3.096491438036384e-05,0.001004612113667875,0.005029902254588007,4.17816376185875e-06,0.04806092459866979,0.10061343140392578
37,0.3040534166619089,0.1219773457122977,0.36070505997846114,0.007523876270838709,0.003178437918039597,2.1233705573632866e-06,0.018974914069352894,0.033689751408731775,0.0012434521862786626,0.0026920166362562926,0.00019959272397026247,0.003436295677252789,0.00011152777609680426,0.0077281351797048965,2.0719493584384088e-05,4.358074692976733e-05,0.0005747297566915919,0.00442250516551618,0.008129237272665598,4.187327009823619e-05,0.0008268865664614572,0.0032611951693650317,6.4526945786233295e-06,0.04991989944399018,0.06723697485037092
38,0.3000931634337408,0.13914474913899424,0.2683901175345755,0.007780844595736873,0.0039485974618871595,1.1218916493769607e-05,0.042162215786449644,0.04622043409948381,0.0031090745535838258,0.007724934779996893,0.0003951287376248929,0.0027822453707960133,7.920593630397258e-05,0.008432134461867873,9.585680636825854e-05,0.0002409922866443545,0.0005199336134417532,0.0046629239693207905,0.02114849911612303,7.374631376271895e-05,0.0022380736940720435,0.006188319176343415,1.881052585788679e-05,0.04557690086181967,0.08896187882871083
39,0.14432632549322644,0.08293429385046407,0.39556556489663375,0.017384806537010206,0.007564592011720322,6.37163394109981e-06,0.017176993525963954,0.12038409169111317,0.00363751067705204,0.011055310411039795,0.00023773739479095117,0.004082366654103304,6.897336331783786e-05,0.007913017478600943,4.252690008415758e-05,0.0001801602431904343,0.000646281378363123,0.003742139169577542,0.025764914664852104,9.439020321044284e-05,0.0034521492776035364,0.004525621457974166,1.1401000388764453e-05,0.03692476380339211,0.11227769628238565
40,0.01647997305003441,0.10702607417866572,0.1925331694992705,0.07546696902894844,0.0072574588799144074,1.6479449485183127e-06,0.01457935536502977,0.2679609431285955,0.0032503217401847503,0.04406496203755404,0.00010290234021318222,0.0004208945965729769,0.00023673221253813344,0.0012251686950840834,1.404472812350664e-05,6.68744918643466e-05,0.0005074140346834065,0.0022887449723840735,0.007825366584103988,0.00013004559266942026,0.0014179291548149133,0.0004476069342897147,1.0949246749330168e-05,0.18504718472062914,0.07163726684213367
41,0.1976505758800118,0.17763241431331656,0.29098734619896804,0.014645481563369577,0.004730864579642922,3.563580448299935e-06,0.022267969672053963,0.0802951516698892,0.0021366208996229973,0.007583368811299251,0.00027842667786914983,0.0034542503591026967,0.00012514278020951173,0.007314120155657556,3.6941202386131784e-05,7.234025388117973e-05,0.0009432708096818931,0.006120520504258274,0.015441247798575508,7.675422092974053e-05,0.0018969987305214537,0.006071639904930153,1.2321904294049924e-05,0.06266880946466309,0.09755385806441705
42,0.1543885399898873,0.1683907458407223,0.32730392760541155,0.011749584773286451,0.005804070815977502,4.037307257607736e-06,0.01890867614442049,0.09936968790353957,0.003703699311101345,0.009734546341110073,0.00021471559985730161,0.002589502683344281,8.839354302730832e-05,0.0066907316851078655,5.909164636994541e-05,0.00010332395195834947,0.0008287454575170556,0.0032810644972026204,0.023934017987528432,7.12698630061074e-05,0.002139619352210955,0.0070728215812137655,9.448924268917197e-06,0.05142970486222773,0.10213003233244508
43,0.1040363460484885,0.2000296368037551,0.20952609987342313,0.016125707535275407,0.011221074769165168,1.0877454551042703e-05,0.01465009248146222,0.15761731268177173,0.00528717076129604,0.033278777949176934,0.00022112039657682468,0.0020223907195293833,6.295590305506761e-05,0.006122580682778752,9.789690020430091e-05,0.00022353194378208684,0.0009997558954980361,0.0046498254726243275,0.038172618431855494,7.044067077236427e-05,0.005597086492793072,0.01153749770376716,1.5928206259698012e-05,0.05547181495421996,0.12295145926791838
44,0.15277846141745924,0.17588344809778086,0.353163385207604,0.013107061233272831,0.0060738597156989056,3.97866555179777e-06,0.01871627125627847,0.07393848261623928,0.003249050256126398,0.008663841515977232,0.00021993468085799948,0.002528564165838906,0.00011814538888363203,0.007414464964757859,4.419257895695972e-05,7.675197820058286e-05,0.0006898954573463074,0.003777901600299239,0.016775721330168948,6.387548062549523e-05,0.0016662308633850116,0.004888433530547019,9.0075772226009e-06,0.056725148086656796,0.09942389233426376
45,0.1437655604649756,0.15047316508581926,0.39790658913080074,0.01073481458566109,0.006310345203682264,3.3924568558923136e-06,0.019934462951712546,0.08448790902901268,0.003950147717958621,0.007717568449607845,0.00020331344617333786,0.00233951518748041,0.00013166640264516234,0.006343230618590845,4.9882155842891544e-05,7.775242609689138e-05,0.0006695187131342184,0.002504011860448786,0.0184253484333093,6.277875804800458e-05,0.0012613261199606737,0.004444700386485902,7.39939004651151e-06,0.0604785555738776,0.07771704545177299
46,0.16005957077822555,0.17139506853315384,0.34446060508829934,0.012906816177477961,0.005940979545692727,3.34543730753048e-06,0.01704870997055293,0.07942790303998543,0.0028718725261547384,0.00802402814003968,0.00021276193143289113,0.0027473112976988574,0.00011979981375516862,0.006686749578350897,4.253422451409297e-05,6.932956367230904e-05,0.0008672745547659621,0.003913817140027077,0.01582821066010948,6.160203673409756e-05,0.0016656439182237872,0.005132364092787412,9.10207688631894e-06,0.06285824807069416,0.0976463518034577
47,0.1297931592645962,0.1812450357572507,0.36450551054361763,0.014906024187237436,0.006923525626461075,4.115217746218716e-06,0.01851790817406013,0.07686928864118514,0.0035522489278413073,0.009413934319805781,0.00022280238674696564,0.0022472884989157404,0.00012437614049196633,0.0078062755091926166,4.444848847843719e-05,7.486861374487114e-05,0.0006329398078019644,0.0035070677448058997,0.01721628722559639,6.40366130399091e-05,0.0016843740431138493,0.004354180574978306,9.147165891836469e-06,0.05691330427956748,0.09936785224783211
48,0.15436859790616808,0.2865744466623375,0.1717669398077393,0.009166266503177516,0.004615075378010639,1.486380786941883e-06,0.01642309081326856,0.12910664909466102,0.0021639970795122323,0.01056954163295347,0.00011731525001518234,0.0018124167137216058,0.00013056951638089733,0.004613764819535334,5.992219322271924e-05,6.44314757238003e-05,0.001856544900279372,0.0026854479632207905,0.028733056427668876,4.6299956797229585e-05,0.0014898405622126958,0.010363569851043624,9.643382269260756e-06,0.08224641586737104,0.08101466986192236
49,0.1458949769326687,0.13760447213228985,0.4327116317442983,0.012511906935305423,0.007395325576413467,5.123880289137651e-06,0.015688331982698374,0.07189961268861042,0.0031813220314907634,0.007505267863044692,0.000262844139687129,0.004110755551572193,0.00012251642972132296,0.00899482154381855,3.915498474342069e-05,7.839833753960387e-05,0.0007100082979426183,0.004369404043024594,0.01569748803679107,7.706249119120056e-05,0.0017787636880665179,0.006112101844500529,8.427864093184723e-06,0.04338169423250099,0.0798585867476981
50,0.15190152119891376,0.17785210260603423,0.3509186637472427,0.013023761421927573,0.006020359907278706,4.049538210289193e-06,0.01941159168669569,0.0741805834608532,0.0033690461234122068,0.009062325328166209,0.00021301221007271215,0.002424267683545055,0.00011810010870109826,0.007546527800145164,4.458933989559369e-05,8.015669994811829e-05,0.0006573447160902777,0.0036515583417110003,0.017495660350055484,6.4247039318136e-05,0.001644733268874056,0.004924328049797894,8.888373043611586e-06,0.055537762652585726,0.09984481834748155
51,0.1472624969137353,0.18630588965550268,0.34512794050134177,0.015244471511261215,0.005706751573442825,3.7159004395570193e-06,0.01989012227586074,0.07987761739970949,0.0030683335612532335,0.008993469097218031,0.00023599804970137335,0.002567651822786263,0.00012518322444004986,0.007873548578113962,3.5646382549733906e-05,6.245946854964962e-05,0.0006547204880922843,0.0046854667804256695,0.01578598459798761,6.894287558807426e-05,0.0017627678911018613,0.005051991531221813,8.430355941095587e-06,0.05570172538209571,0.0938986741816399
52,0.16560963450063249,0.18052658729080295,0.34195939823513993,0.013421755420047912,0.005709564319867403,5.451391779365439e-06,0.021400000658586955,0.06792911879662648,0.003344415202459473,0.009333573054343996,0.0002617468361029594,0.002543343358652056,0.00012595017078403183,0.007679795493659675,4.3549896335225795e-05,8.36661030545239e-05,0.0006310989110735581,0.00514552099669448,0.014935241144354088,7.571044821678681e-05,0.0017223493418816464,0.00529013780508563,1.016952031877028e-05,0.05755801899670097,0.09465420210679883
53,0.1998683644947075,0.14642530624924247,0.3127514646974845,0.011394709396242543,0.0019721703719501518,5.4687855495956895e-06,0.0597511388361566,0.057329850542275136,0.004032901964694132,0.007151100919897378,0.0003590262104349408,0.0013841703374014819,9.882066728032814e-05,0.005147261669523849,6.629606834632146e-05,0.00013251235882348202,0.00041103830941886343,0.004035178227274737,0.01237628070762972,0.00012196570682391598,0.0013339651722481115,0.0035936697414422035,1.5065528266046972e-05,0.0656094041649608,0.10463286887192522
54,0.19193607329309584,0.19942858529053373,0.29560186889280027,0.00842639931300361,0.0026451146417510903,4.4347937070353344e-06,0.02934450629537347,0.03273424598412714,0.003357142702848977,0.00885143211027294,0.00012205864484005164,0.0017206830554262148,9.275686457752664e-05,0.009611167435865134,5.296337488037103e-05,0.00012418657662774317,0.0002977907514738283,0.0023396346742209995,0.014813639956930823,5.965161914125635e-05,0.0011193263291987498,0.004329803144085049,8.238706516700671e-06,0.034108303214591636,0.15886999233410978
55,0.17546825443660446,0.1265123013904039,0.4397656746038129,0.010022090645362245,0.0028465610671844247,2.1340306787910114e-06,0.01588694848202518,0.05100948252585091,0.0037994325820251574,0.00471991360985379,0.0001887173638752622,0.003024716100024297,0.0001595662823280914,0.004213674821925629,1.771968798812265e-05,2.6872387014368116e-05,0.0004558820414849487,0.004388520300294887,0.008095943910813762,6.367440660534214e-05,0.0007284106386021693,0.0024177153046831185,2.9647977751844203e-06,0.05283064284036415,0.09335218574241885
56,0.14740846116932269,0.18210145948877646,0.36351801550621693,0.012992368748799723,0.006143695189906368,3.8916819859220095e-06,0.01854096057747746,0.07063326539845961,0.0032749526598621257,0.00841338673161519,0.00022073026801926467,0.0024952065683937494,0.00013645368155740383,0.00752270699739012,4.220446442922071e-05,7.075669031401588e-05,0.0006804827039176111,0.0037551920152696225,0.01574723988062241,6.54697251726858e-05,0.0015117323161315005,0.004678176981455965,8.596640593108146e-06,0.0580862465782554,0.0919483473360555
57,0.11784626604248032,0.13511553299697684,0.44149046733887254,0.01052226962231025,0.009307643759566008,3.2118656139328406e-06,0.010054653189335554,0.0900850106025475,0.003758877382380683,0.00926275044055949,0.00014881670608711287,0.004062250573703569,0.00011997888593668367,0.007662364612144102,3.9691524216095625e-05,7.651744334446772e-05,0.0009190973009070075,0.0024526739968900165,0.02281708815818152,5.344784462516627e-05,0.0017223447098877946,0.006140944931135663,5.4193186999852095e-06,0.041493286081209196,0.0848393946723885
58,0.15031641939432597,0.18081514811802166,0.3499402093406481,0.012200261052419562,0.005821175145126551,3.290609358245383e-06,0.017957058561067194,0.07481763275735079,0.0029340890490377972,0.00828242678522035,0.00020689306482592128,0.002377018614598626,0.00012448038590905311,0.006366977134638178,4.2511888316043425e-05,6.681567819311594e-05,0.000799322350652562,0.0038378088553853956,0.014472962772696678,5.890507323629207e-05,0.0015554106778832555,0.00477598934207685,8.873086179542743e-06,0.06975355103347006,0.09246476922936225
59,0.15348440856721332,0.1833874481831505,0.338793456146794,0.013913123395558927,0.006381842332055307,4.58228303241253e-06,0.019286462599368406,0.0747670790574351,0.0035298496708717946,0.009305491764140167,0.0002317096772194286,0.002609899167960587,0.00011699400309781316,0.008352689359241812,4.77315381933139e-05,8.418721715707956e-05,0.0006518432364282753,0.0037394741161600074,0.0196044304393013,6.653378496548134e-05,0.0017873196749277807,0.0052639241025765025,9.447026584960161e-06,0.04927229961514025,0.10530777304142529
60,0.15277846141745924,0.17588344809778086,0.353163385207604,0.013107061233272831,0.0060738597156989056,3.97866555179777e-06,0.01871627125627847,0.07393848261623928,0.003249050256126398,0.008663841515977232,0.00021993468085799948,0.002528564165838906,0.00011814538888363203,0.007414464964757859,4.419257895695972e-05,7.675197820058286e-05,0.0006898954573463074,0.003777901600299239,0.016775721330168948,6.387548062549523e-05,0.0016662308633850116,0.004888433530547019,9.0075772226009e-06,0.056725148086656796,0.09942389233426376
61,0.1703439004397657,0.237711513050778,0.08488988052381115,0.02650428426885902,0.006366488052059743,1.8556863022931026e-05,0.02977518583828022,0.09579527359918802,0.004546270395028499,0.027201130598790094,0.00024381196313908766,0.001966069650888083,7.255836397593077e-05,0.01811301300562295,9.30193002796499e-05,0.00028256356459175215,0.00035856626497027814,0.0043978621011470315,0.07994924334433905,8.436812433003252e-05,0.0038070453780039027,0.011354210417824974,2.8391182434509492e-05,0.013845318082719573,0.18225147562614985
62,0.15277846141745924,0.17588344809778086,0.353163385207604,0.013107061233272831,0.0060738597156989056,3.97866555179777e-06,0.01871627125627847,0.07393848261623928,0.003249050256126398,0.008663841515977232,0.00021993468085799948,0.002528564165838906,0.00011814538888363203,0.007414464964757859,4.419257895695972e-05,7.675197820058286e-05,0.0006898954573463074,0.003777901600299239,0.016775721330168948,6.387548062549523e-05,0.0016662308633850116,0.004888433530547019,9.0075772226009e-06,0.056725148086656796,0.09942389233426376
63,0.15051508534412777,0.19749358182167712,0.3391784644755042,0.012392422356694884,0.005594211170617207,3.7808464188668687e-06,0.01877781845792558,0.07003179802274188,0.003279711175945197,0.008577500874837676,0.00022019557565015828,0.0022844652362100314,0.00012293154791442627,0.006957438280263531,4.478861735944622e-05,6.891787166419867e-05,0.0006874699195269955,0.003841373128302515,0.01583720158937791,6.314485450187681e-05,0.0015675305149132819,0.004970660074789256,8.501893285519567e-06,0.05951492166274897,0.09796608468700158
64,0.15537453704494444,0.1741411746717177,0.3297164452707617,0.01356645822669276,0.0063765453919774435,4.301012210649912e-06,0.017873551803581817,0.08122119182307644,0.0031433489589751,0.009229318183147248,0.0002538425423362006,0.00278759947487876,9.518949816040086e-05,0.007229504162915466,5.192773030443419e-05,8.516290032875466e-05,0.0008024121918749033,0.004258474597466879,0.018759989586116195,5.986188498149308e-05,0.0024844265835336026,0.00533462921342461,1.0249717677340976e-05,0.05758266652169703,0.1095571910072185
65,0.14140659911012482,0.09405143259020533,0.37865890159998444,0.03154653273023011,0.026572003853842834,3.405356289714101e-05,0.011902388048775234,0.05759437372342036,0.0015855988175014016,0.01602862379005122,0.0004874254105454857,0.013973263602048615,8.727774531145587e-05,0.03567750801113264,3.958068262095335e-05,0.00031191360249632744,0.0006953777714730982,0.014633387654030786,0.0217140567069052,9.5486811347912e-05,0.009191169322289581,0.00901873274830978,3.550336698483967e-05,0.021088657299969144,0.11357015143750133
66,0.18111592291888093,0.23736368194351987,0.22660785873669795,0.010377579053798727,0.005121743976579286,1.912249824121402e-06,0.012593555163639787,0.057981765502749395,0.0012209658626206443,0.004073241861501079,0.000272350439786939,0.0022061231547123895,7.466374796495148e-05,0.004681721627786661,6.210344623938332e-05,2.9326438498929712e-05,0.0016742283433499117,0.005903116809751551,0.007465207027314733,2.5981329840816946e-05,0.002067725360664859,0.005488144300569434,1.5685202468611954e-05,0.12567633297562897,0.10789906252561014
67,0.16280148599900068,0.08917044937412588,0.47529781275246386,0.017301660073642776,0.005411450223516924,1.1536854116341378e-05,0.03085902645454609,0.027202314219311515,0.0013858199086068505,0.00493229712261808,0.0003337682310333119,0.00510417419107799,0.0001328743845736157,0.021136747596463112,4.7435050278935525e-05,0.00025596032918884465,0.0004097835242428667,0.0050916561307063814,0.008390755410527135,0.0001532644656356556,0.0018317141564859534,0.0034678656038186905,3.808335363021341e-05,0.03153259240247469,0.10769947218791368
68,0.32169186482758955,0.1440037159739778,0.14185038243464548,0.01713692777488494,0.0018514456597426218,9.40977689091224e-06,0.022727364283489766,0.04996039364289169,0.0008699767824718881,0.006364661753802879,0.0007542302639818987,0.005240374475269891,6.767131478152114e-05,0.0035107967138511575,3.2864202523417235e-05,8.16065282945013e-05,0.0014879471519938575,0.04491076867541657,0.004443385810647289,0.00014579152184683038,0.004355029197680794,0.007968134835604193,4.11288739985163e-05,0.08486720453569065,0.13562692298803147
69,0.09202796505351035,0.11759612016972808,0.4085263758036914,0.019621806602511855,0.0027357642644928837,1.611114025142506e-06,0.0177110262306448,0.09055714751141068,0.0028003415308329566,0.009711442416616062,0.00011096524276447163,0.0013591283348264925,0.00010735654216184193,0.0032009497401207193,1.9456970156451585e-05,6.583536936933618e-05,0.0005150346254168857,0.0029856452915776347,0.008555342651747245,0.0001134609327140259,0.0012402998806891122,0.0016204424368747006,5.736585844692334e-06,0.07732409964534415,0.14148664505292805
70,0.13672486439416282,0.07792882718978081,0.6024696402677469,0.00930715775764749,0.004387924062113782,4.351275971694766e-06,0.013574449511415574,0.014798392404953066,0.0017212713661050913,0.002906699596116656,0.0001273694712718888,0.0039073962525128765,0.00011294184224729116,0.02059139094589451,1.6486676868022637e-05,6.647311031752179e-05,0.00018857284439964517,0.002305234820743285,0.005909796280910526,5.6479066039289426e-05,0.0007056244397477484,0.0022449763185111863,5.506000822248551e-06,0.015465109350307756,0.08447306475339224
71,0.10853738772488372,0.22348481979723886,0.3566904190363509,0.01193169200513233,0.009551853182123784,4.554149399224981e-06,0.01212297791015273,0.06660074764062084,0.00430718343217029,0.011751365155014369,0.00017198548627664603,0.0020847510201618164,0.00011826425101322978,0.007933158568687895,5.05930744781157e-05,6.525973110297889e-05,0.0006239866975586835,0.002854356133968876,0.01874005674604954,4.350656646490963e-05,0.0016069003649834285,0.005281880520059021,6.72308790246917e-06,0.05107429118620967,0.10436128653199554
72,0.17398748227091027,0.20684725968229908,0.1977428474103129,0.015200222212209168,0.004211524028812796,2.974444152295079e-06,0.025627482996264172,0.1455081579400501,0.0020392931148644185,0.009837560718063066,0.00037526318658817154,0.0023575352058907172,0.00011748735943541676,0.0038246484470690336,4.136476686115527e-05,6.0486374551052076e-05,0.0015123544703985203,0.008765515542429774,0.0171724751692449,8.306822580510053e-05,0.002613386156111549,0.007145856486725662,1.3243302056037572e-05,0.10833249853668499,0.06658001195220956
73,0.10990926726878712,0.05288025833732128,0.543722389418298,0.022446691319224953,0.00270634212441699,7.483994082327459e-06,0.036855772360088655,0.05884741861993091,0.005579759778621999,0.00925737233088233,0.00024331731840090463,0.002409910227819959,0.00011350596304188508,0.008399446678190578,1.9656025988030548e-05,0.00021236471288990308,0.00016041904475963057,0.0027375236842286797,0.01403982481832409,0.00024087342130574583,0.0013805865992787948,0.0013694371446651124,7.732819930014182e-06,0.020297430216175267,0.1061552157733469
74,0.22789868688340476,0.137086758102471,0.262198624902364,0.021512420315879802,0.009862955273048693,6.985757289365383e-06,0.02278590653793795,0.08677687015494057,0.001469455822165698,0.01082125903443184,0.00024493154638139563,0.003465782020406603,0.000133449222677316,0.011024734994094267,4.7307919282539807e-05,0.00021038550874801976,0.000985928188299523,0.005790207060444935,0.018313405613056,7.515215779442373e-05,0.0025138717911116584,0.00471183287819401,3.5351586519126135e-05,0.07484909214007757,0.09717864458897901
