,0,1,2,3,4,5,6,7,8,9,10,11,12,13,14,15,16,17,18,19,20,21,22,23,24
0,0.00037396897497699586,1.4242631190291767e-08,0.9785558922877905,1.469408028019364e-06,0.012907159187092211,2.691052721689844e-07,4.682411107243715e-05,4.72101616913359e-06,0.0005631583798722089,0.004659218002311588,0.00017392141428409456,0.00013311218943841586,1.0448568979971576e-06,5.919155844556604e-05,2.2940290985110784e-06,2.3057475119563204e-06,3.573068233171443e-05,6.842129581479083e-10,4.7280058496577024e-07,2.915585756017805e-05,0.0006028578905275574,4.990508725228037e-08,0.0012839761905124665,1.5278245988468312e-05,0.0005479132323013167
1,0.0003464615648096639,6.293278505304692e-09,0.9823780026964746,1.4037321619533933e-06,0.00992593965961962,1.7764718890872301e-07,2.6305691777916702e-05,5.0995711396589254e-06,0.0006633892110033644,0.005248211130204283,0.00012113548582624521,5.2586368446018576e-05,1.2374715482948536e-06,1.883779275859198e-05,9.93298770463676e-07,2.403688930955936e-06,2.1819114862565188e-05,3.5659665791352536e-10,4.5458559139534796e-07,2.2897388940471248e-05,0.00030441660860141287,2.3305416803506782e-08,0.0006727765452242198,7.757671709885614e-06,0.0001776631191175195
2,0.00041380758201716664,1.2233893187589978e-08,0.9747486190688683,1.8377998306836606e-06,0.014722599513010939,2.153499856250527e-07,3.669136780490974e-05,7.36816658243541e-06,0.0009078013609397284,0.006206854989733306,0.0002785900068248525,0.00010541074965903824,1.2363146199245207e-06,5.012103764193009e-05,2.884165241748324e-06,1.9424199098311654e-06,2.952448515800845e-05,7.31763737934023e-10,3.865238589153639e-07,4.3344775241881206e-05,0.0005197235307786447,3.542180372250189e-08,0.0014138290481152712,9.93554397525867e-06,0.0004972278127408539
3,0.0004075206385494461,9.493879258696983e-09,0.979569060032349,1.7581416053855478e-06,0.011322304539864882,2.3623897940298895e-07,4.4430983819246325e-05,6.018732681528936e-06,0.0006056998251819627,0.005690286215754756,0.00015943693688356492,0.00010238222291115572,1.4248137767771674e-06,4.163584510930324e-05,1.69165119757948e-06,2.656113248311215e-06,3.27021936387576e-05,6.091767012098475e-10,4.451949395111362e-07,3.2014976158708914e-05,0.00048827407834920323,3.727420364112019e-08,0.001121739601405254,1.3920582857856588e-05,0.0003543130634788216
4,0.0004524517812423544,9.489822885188053e-09,0.9792603903019108,1.8546799578961035e-06,0.011544753033193564,2.5239426304585715e-07,4.699796596731262e-05,6.1602539516667035e-06,0.0005663721268719207,0.00570803253917678,0.00015815653568474535,0.0001017804676507154,1.7514606724938852e-06,4.682723105504296e-05,1.6225459898356293e-06,3.0339439638427226e-06,3.5806112470011287e-05,7.463258367445201e-10,5.115617365054952e-07,3.5597320107824984e-05,0.0004951463708801191,3.6127719593426456e-08,0.0011741506751717639,1.62600617166132e-05,0.00034204427249648616
5,0.00046980516146234524,1.0948229188271357e-08,0.9779374776858174,2.3122903007445837e-06,0.01193448424926776,2.749377235341439e-07,4.713539558902181e-05,7.123100066072243e-06,0.0006270144363385594,0.006411616857131159,0.00017956121729622462,0.00010588580432269953,1.8200379117358884e-06,4.919308006855836e-05,1.93173049696872e-06,3.2657146592525037e-06,3.434659078258605e-05,8.221354321130206e-10,5.277982249529e-07,3.8563909128834196e-05,0.0005239572383713248,3.955795723069772e-08,0.0012532426383624516,1.6039097190317463e-05,0.00035436970116571153
6,0.0004075206385494461,9.493879258696983e-09,0.979569060032349,1.7581416053855478e-06,0.011322304539864882,2.3623897940298895e-07,4.4430983819246325e-05,6.018732681528936e-06,0.0006056998251819627,0.005690286215754756,0.00015943693688356492,0.00010238222291115572,1.4248137767771674e-06,4.163584510930324e-05,1.69165119757948e-06,2.656113248311215e-06,3.27021936387576e-05,6.091767012098475e-10,4.451949395111362e-07,3.2014976158708914e-05,0.00048827407834920323,3.727420364112019e-08,0.001121739601405254,1.3920582857856588e-05,0.0003543130634788216
7,0.0005044313896757765,6.617713916876169e-09,0.9827152351383799,1.793772960622271e-06,0.009005685111171436,1.4413699995954387e-07,3.777081668387703e-05,6.315577840336773e-06,0.0004943112347432629,0.005813536290127154,0.0001475222105359611,6.412355605105233e-05,1.695646193095848e-06,2.5612416765467587e-05,9.364438246348167e-07,2.1960426153548254e-06,3.0428319582371065e-05,4.2094357395312027e-10,4.334857328112781e-07,2.8221909711737336e-05,0.0002515728972878862,3.091403343862988e-08,0.0006196305704297789,1.0702269219620428e-05,0.0002376628107771876
8,0.00044721933218057705,1.4385742780383044e-08,0.973755581283322,2.1514271311198303e-06,0.016407950697908857,3.4698834813892045e-07,5.0779383913516317e-05,7.991201479141246e-06,0.0008597407100735689,0.005939524240068816,0.00021364410963161304,0.00011695587202575931,1.6884841418430379e-06,4.6956976272357595e-05,2.438644576847578e-06,3.5906922625440953e-06,3.54078676206028e-05,9.581466052923822e-10,6.699761372246476e-07,3.653067066089306e-05,0.0005297517498173473,4.9342623421447056e-08,0.001143979036339723,1.2972423487673369e-05,0.00038406354608716445
9,0.0004038067350937623,9.750371537355009e-09,0.9792984644385929,1.756616092814626e-06,0.011794512614235335,2.457682961925758e-07,4.461126134865227e-05,6.12615263331486e-06,0.000619351428731215,0.005542165218095891,0.00015886740786972582,0.00010193038042630445,1.4648173596817314e-06,4.073517748185331e-05,1.6806246948990118e-06,2.7765088662120104e-06,3.2834841539197354e-05,6.326371487645267e-10,4.701483382394846e-07,3.208070310384316e-05,0.00048416010524820124,3.79223924663713e-08,0.001076017074244225,1.357423727016988e-05,0.0003423194350361275
10,0.0004075206385494461,9.493879258696983e-09,0.979569060032349,1.7581416053855478e-06,0.011322304539864882,2.3623897940298895e-07,4.4430983819246325e-05,6.018732681528936e-06,0.0006056998251819627,0.005690286215754756,0.00015943693688356492,0.00010238222291115572,1.4248137767771674e-06,4.163584510930324e-05,1.69165119757948e-06,2.656113248311215e-06,3.27021936387576e-05,6.091767012098475e-10,4.451949395111362e-07,3.2014976158708914e-05,0.00048827407834920323,3.727420364112019e-08,0.001121739601405254,1.3920582857856588e-05,0.0003543130634788216
11,0.0004503160610709326,9.026998198999409e-09,0.9796465327336985,1.7971481297121498e-06,0.01086622589246011,2.42064068204791e-07,4.6651778317665334e-05,6.8242711913363215e-06,0.0006159997938587311,0.006101219499990872,0.00015303684546490287,0.00010150828155835563,1.7636021540852612e-06,4.007544833210125e-05,1.5632334163503678e-06,2.9256474316176422e-06,3.610591577291264e-05,6.720019805959159e-10,4.958083932528004e-07,3.3820734695105356e-05,0.00045890517987019037,3.7820662749638316e-08,0.001089648269712153,1.5649389825190447e-05,0.00032864488092512176
12,0.00036804323575204546,7.83061635414812e-09,0.9902671456888464,1.716772603943498e-06,0.002831618665347674,1.1101575175893868e-07,1.7219934190439868e-05,1.3634983497101066e-05,0.00044625337261112725,0.005316319542367849,0.00010773339507919173,6.509489104365384e-05,1.3348588291216462e-06,7.440846288565493e-06,1.0842116364715646e-06,2.1625517473682897e-06,1.9840267463116613e-05,1.944919916042987e-10,4.3773972633932226e-07,1.2267535612873997e-05,0.00018347825396680347,5.2080211840357115e-08,0.0002305322513946541,5.812289915523536e-06,0.00010065759100787833
13,0.0004071821233628452,9.444105465694637e-09,0.979637425326416,1.762420126889117e-06,0.01126791863372599,2.3345501525852337e-07,4.418887870676024e-05,6.032474806760838e-06,0.0006034193874365482,0.005674995555819699,0.00016163602197942343,0.00010287751827957335,1.4219712445574872e-06,4.1936092479947494e-05,1.7036169573071774e-06,2.645883927887612e-06,3.257207724631974e-05,6.100838780007794e-10,4.4013328202607734e-07,3.2174635616315936e-05,0.0004887905398974234,3.708622539874815e-08,0.001123064052943104,1.3784096170089298e-05,0.00035374796414463854
14,0.00033351302095005605,1.4869449072624487e-08,0.9767240524328296,2.122755636533127e-06,0.015673387452340114,2.824357686881911e-07,2.925617529850343e-05,4.6021498871513374e-06,0.000561035910282352,0.004759817483781491,0.00020091163546628383,7.073255095792513e-05,1.5084167915170292e-06,3.728791660169366e-05,1.7429544193210746e-06,2.9315086743930094e-06,2.329192242022405e-05,8.205757057528092e-10,6.480886856459489e-07,3.746651779424097e-05,0.00039288398182977716,3.500473251758916e-08,0.0008652569223891374,9.055618519771285e-06,0.00026816145391833987
15,0.0004075206385494461,9.493879258696983e-09,0.979569060032349,1.7581416053855478e-06,0.011322304539864882,2.3623897940298895e-07,4.4430983819246325e-05,6.018732681528936e-06,0.0006056998251819627,0.005690286215754756,0.00015943693688356492,0.00010238222291115572,1.4248137767771674e-06,4.163584510930324e-05,1.69165119757948e-06,2.656113248311215e-06,3.27021936387576e-05,6.091767012098475e-10,4.451949395111362e-07,3.2014976158708914e-05,0.00048827407834920323,3.727420364112019e-08,0.001121739601405254,1.3920582857856588e-05,0.0003543130634788216
16,0.00031455001322808814,6.624070710290975e-09,0.9840987057429083,1.7605608827906067e-06,0.008997055694612453,2.2798326092199327e-07,3.8036541085606496e-05,5.610665538714565e-06,0.0002911369712984634,0.0037480030589669817,0.0001703987226971023,0.00013700164846793014,1.9051955067352305e-06,6.392365780596044e-05,1.8242632336782705e-06,4.199847074643024e-06,3.036430927676494e-05,1.1362168492198234e-09,4.112420366625009e-07,4.29337082288902e-05,0.0007895716184136442,2.7165257142441608e-08,0.0010612757343961144,1.3906557600183884e-05,0.00018716133793458294
17,0.0005255359938734205,7.845079881802581e-09,0.979427072127694,2.028455585805624e-06,0.012257827592606555,1.5511006302060742e-07,6.753115259109863e-05,6.273025895752466e-06,0.0005507627390477451,0.004549795148100061,0.00019966753467483365,0.00014322472085194653,1.4230799060990668e-06,6.48857804337457e-05,1.5029778410192006e-06,2.2997275366651476e-06,4.068596379150226e-05,5.565082400330118e-10,2.782036221891883e-07,3.493236850780814e-05,0.0004896430254080972,4.017502948451426e-08,0.0011295094390701942,1.3409358850561638e-05,0.0004915078974301979
18,0.0011391042616723727,1.7969192877934223e-08,0.9613444619036317,1.8491586885635339e-06,0.022213498001202835,3.0145677170089085e-07,0.00013138384684072284,6.2394090311137194e-06,0.0011149009366861206,0.008534324387640128,0.00024409470570193508,0.0001579227628284199,1.6193920275369042e-06,0.00010737274648649294,2.299293928150316e-06,2.1870594785982475e-06,0.00011399162447195291,1.0264647570088846e-09,7.167441679587757e-07,4.2415243308916464e-05,0.0005263313202958037,9.059360311553924e-08,0.0023416837213319393,3.5228395673980466e-05,0.0019379640388723918
19,0.0011437948975771802,6.389197288309689e-08,0.9585156853568176,3.373734788579411e-06,0.028382413672970817,3.3629749920916906e-07,3.131831888958443e-05,5.2769632171079056e-06,0.0007585642341432829,0.0025063052552942435,0.0006107852270879487,0.00010822079215544532,1.3733059846626885e-06,0.00043844837875263405,1.2072033297662064e-05,5.751463876781311e-06,3.8019143705458486e-05,5.347435337816012e-09,1.640174269445578e-06,5.340662658851915e-05,0.0014114668250291224,3.333882796858659e-08,0.005058981504417449,2.0611460703068227e-05,0.0008920517546981391
20,0.00027675374990844895,2.0260579173675103e-08,0.9843958633932435,2.2081545387952487e-06,0.006800188389040636,2.801744775389005e-07,3.255843652249205e-05,1.1269315582053025e-05,0.0006085208172568181,0.005330652313934473,0.0002145565193203874,0.00019431490487456892,1.140516906429992e-06,3.6511461937478676e-05,4.2994495776389775e-06,2.7280073896481297e-06,2.689300418511548e-05,6.944227153491446e-10,4.028973973457355e-07,2.7570929270199695e-05,0.0007351004484833174,8.615863840445399e-08,0.0009414950356259452,1.078399018038189e-05,0.00034580097670667404
21,0.0004635836918488644,8.574899095296371e-09,0.9818539287455814,2.945067669264747e-06,0.010360987062036111,1.631404679440053e-07,3.275532776749108e-05,5.756334252389628e-06,0.00045759923538521126,0.0042990133601498925,0.00031138346189626037,0.00011901559852474567,1.4537467682469122e-06,7.714906824757373e-05,2.158691132124018e-06,3.2381174778922477e-06,2.413205660448647e-05,8.144867619615397e-10,3.5353620475891645e-07,4.1125120846958685e-05,0.0005248124475513691,2.7160932765172304e-08,0.0011269258145078587,8.209695219801882e-06,0.0002832741295408273
22,0.00037134489331902684,5.303443407937471e-09,0.9829042297744427,1.855159555237904e-06,0.008771779892428427,1.3790496431845995e-07,3.416689316432598e-05,4.874892091340326e-06,0.0003989611867761545,0.005734623666113452,0.00019968561767983147,8.436958197472855e-05,1.3836747015040827e-06,3.283765595818601e-05,1.155998818494138e-06,2.2892225678217137e-06,2.956292558270758e-05,4.79228597681898e-10,2.968828088778579e-07,3.431039218524161e-05,0.00038272147511845997,2.877875418274975e-08,0.000775455112025866,8.607448992035021e-06,0.0002253151873049541
23,0.0004075206385494461,9.493879258696983e-09,0.979569060032349,1.7581416053855478e-06,0.011322304539864882,2.3623897940298895e-07,4.4430983819246325e-05,6.018732681528936e-06,0.0006056998251819627,0.005690286215754756,0.00015943693688356492,0.00010238222291115572,1.4248137767771674e-06,4.163584510930324e-05,1.69165119757948e-06,2.656113248311215e-06,3.27021936387576e-05,6.091767012098475e-10,4.451949395111362e-07,3.2014976158708914e-05,0.00048827407834920323,3.727420364112019e-08,0.001121739601405254,1.3920582857856588e-05,0.0003543130634788216
24,0.0004572402154045548,1.1620414138383373e-08,0.9760241831081212,2.900974458362535e-06,0.014751304752497005,2.4586727747204737e-07,4.3739052781382945e-05,6.162832786371615e-06,0.0005809822532344232,0.005864827538295359,0.00021638799888298835,0.00011283955922606619,1.7060901523262291e-06,5.5694195398940334e-05,1.676614177255614e-06,3.061719891741041e-06,3.052099483234682e-05,7.489313371612891e-10,4.7115857074514583e-07,4.082804048884409e-05,0.00042995214345602597,4.10470280894933e-08,0.0009871363611638625,1.1613142966700055e-05,0.0003764719695623865
25,0.0005467787115599987,4.182243337240024e-09,0.9829798677168511,2.6017487382455464e-06,0.008281239522314413,8.250963570670467e-08,5.0796233301169385e-05,9.716520148902585e-06,0.0004426214739608372,0.005679687873538744,0.00036082938188338094,0.00012610354835423013,1.9955816410109244e-06,5.307778543614458e-05,1.4052477119862725e-06,2.1433114173780373e-06,3.3185618592572234e-05,5.469046525070745e-10,1.832627043302521e-07,4.887831294576931e-05,0.00031443352028050095,2.7088931610783027e-08,0.0007784333551342353,7.877943575494725e-06,0.0002780290021942905
26,0.0007649279508077061,6.725657914440606e-09,0.9703050301825766,1.2696361873364866e-06,0.015731900658950214,3.004699573790978e-07,6.854355265325046e-05,5.504438692166667e-06,0.0011075855495595072,0.008975131285933927,9.347735540596268e-05,5.6505504029839054e-05,2.0729739386607276e-06,3.18373282870278e-05,1.001417760140702e-06,2.7752295128604767e-06,5.4280822386678845e-05,6.190616738533342e-10,7.224960305213733e-07,3.0459666437328768e-05,0.00044737755381566417,2.718135898737024e-08,0.001866236326608909,2.8914520731095743e-05,0.000424110553658516
27,0.0005093161330488826,2.033991701409592e-08,0.974159503251282,2.507097614817359e-06,0.01332783063594271,3.348505246672265e-07,5.242212015393666e-05,1.0026818922859421e-05,0.0011837148828048763,0.00787573143985943,0.00024266846583865267,0.0001376030707590331,1.3416381017606591e-06,4.5120492482071266e-05,3.1992468110697535e-06,2.752072315048358e-06,3.72374861443188e-05,6.956486679453931e-10,6.225674906204198e-07,3.071538054418326e-05,0.00045738064530485476,7.606497263618464e-08,0.0012580143135447475,1.3552683709418865e-05,0.0006483076062619424
28,0.0004075206385494461,9.493879258696983e-09,0.979569060032349,1.7581416053855478e-06,0.011322304539864882,2.3623897940298895e-07,4.4430983819246325e-05,6.018732681528936e-06,0.0006056998251819627,0.005690286215754756,0.00015943693688356492,0.00010238222291115572,1.4248137767771674e-06,4.163584510930324e-05,1.69165119757948e-06,2.656113248311215e-06,3.27021936387576e-05,6.091767012098475e-10,4.451949395111362e-07,3.2014976158708914e-05,0.00048827407834920323,3.727420364112019e-08,0.001121739601405254,1.3920582857856588e-05,0.0003543130634788216
29,0.0004075206385494461,9.493879258696983e-09,0.979569060032349,1.7581416053855478e-06,0.011322304539864882,2.3623897940298895e-07,4.4430983819246325e-05,6.018732681528936e-06,0.0006056998251819627,0.005690286215754756,0.00015943693688356492,0.00010238222291115572,1.4248137767771674e-06,4.163584510930324e-05,1.69165119757948e-06,2.656113248311215e-06,3.27021936387576e-05,6.091767012098475e-10,4.451949395111362e-07,3.2014976158708914e-05,0.00048827407834920323,3.727420364112019e-08,0.001121739601405254,1.3920582857856588e-05,0.0003543130634788216
30,0.0004075206385494461,9.493879258696983e-09,0.979569060032349,1.7581416053855478e-06,0.011322304539864882,2.3623897940298895e-07,4.4430983819246325e-05,6.018732681528936e-06,0.0006056998251819627,0.005690286215754756,0.00015943693688356492,0.00010238222291115572,1.4248137767771674e-06,4.163584510930324e-05,1.69165119757948e-06,2.656113248311215e-06,3.27021936387576e-05,6.091767012098475e-10,4.451949395111362e-07,3.2014976158708914e-05,0.00048827407834920323,3.727420364112019e-08,0.001121739601405254,1.3920582857856588e-05,0.0003543130634788216
31,0.0005451120738602593,3.1933640339539785e-08,0.8418408394212459,6.276050334721433e-06,0.09623159037253398,2.3602309267381164e-06,0.0002330186431270885,3.2024043578246396e-06,0.003244943028509563,0.03809910603981304,0.0007575217706623842,0.00024229616957520688,1.0188582520597818e-06,0.00030778910457600437,7.575569650534577e-06,3.4809871114536244e-06,6.999777066500555e-05,2.208983134341094e-09,7.601568050579537e-07,0.0001254915886265293,0.0012214840125056702,1.0210569288402578e-07,0.011748360902686545,3.60765131991425e-05,0.005271562082658896
32,0.0004394651218832814,1.054418411249761e-08,0.9797775761727835,1.6997479148272248e-06,0.011441876180339252,2.5328279955529414e-07,4.12581908153111e-05,5.998388206592315e-06,0.0005949335750697236,0.0055217523724776394,0.0001438613386046561,9.191663460567853e-05,1.584007954156307e-06,3.9193271412405675e-05,1.5916289761140183e-06,2.905405725266963e-06,3.3744757264166745e-05,6.748834091520556e-10,5.744152886789489e-07,3.0456015284199732e-05,0.0004546816761640126,3.82765814267882e-08,0.0010353428196871123,1.5053511529067806e-05,0.0003242319895656685
33,0.0008654611802496421,1.5796261811247514e-08,0.9818224319689343,2.018786328325239e-06,0.00986809957269983,4.1079519841023907e-07,6.671999779521524e-05,9.118017637606858e-06,0.0003336455443160037,0.005438019888846938,5.580782324481375e-05,0.00010857624183173739,5.311147078429011e-06,4.299255765533022e-05,8.144866872153599e-07,7.742017299029826e-06,7.720830136149416e-05,1.429881676352355e-09,2.160610468079051e-06,2.7646499270072333e-05,0.0003401520344983842,7.858158650124336e-08,0.0006345113393703763,6.114686231981215e-05,0.00022990851917872323
34,0.0014214017592889092,5.289851556140795e-09,0.9837595232982284,1.2420241280184515e-06,0.01071510784270201,5.9336938188045176e-08,1.9886863958131306e-05,3.9942488359004486e-06,0.00041471577408339354,0.0024918645530053905,0.00015347416247811952,2.7438782298252277e-05,1.7180006350681207e-06,3.646592027151728e-05,6.354065778230193e-07,2.120205057692859e-06,2.8392083151840216e-05,4.867262900276773e-10,7.21580141403524e-07,1.8164174388173265e-05,0.00019491429891132454,1.1810958264044122e-08,0.0005482868852043142,7.855633589043115e-06,0.00015199957859094248
35,0.000851906901902721,1.687694867671366e-08,0.9779154321220189,2.046285878399853e-06,0.011446061739141592,2.0509878187093815e-07,4.236294565452525e-05,1.67589780370918e-05,0.0016503675153325733,0.006477465018832811,0.000172719442510258,8.43408140994682e-05,1.747701002556597e-06,2.003846648416697e-05,1.8808443993306466e-06,2.6112208819412212e-06,3.874651212644732e-05,4.519340529178099e-10,8.216468982662663e-07,1.8647368588207403e-05,0.0002456104150195094,6.965174520900453e-08,0.0006166554528517742,9.897628095266675e-06,0.00038358890083416386
36,0.0006067901683436375,1.2797170560156464e-08,0.9804884746134175,2.181127031465615e-06,0.009443662461564344,2.25424748454269e-07,9.853137950407875e-05,1.551456899164751e-05,0.0006881423293501788,0.005762704419728149,0.00022948938208182336,0.00037296782710548445,2.1809165407415693e-06,7.418775229868109e-05,2.547084206073524e-06,3.5795843644119414e-06,7.428313023919801e-05,9.316986176775195e-10,4.6220806720589755e-07,3.5311409022140865e-05,0.0005006863201140149,1.1919075860903058e-07,0.0009173662264692446,2.0383867361729008e-05,0.0006601948798222828
37,0.0006844770821495294,6.587541529619275e-09,0.9819141493795177,1.7417318332900416e-06,0.01041435051425331,1.7962996734786533e-07,6.150039895618496e-05,3.375764779379174e-06,0.00023606176664296298,0.0036582418501294716,0.00011795917511848487,0.00010254832437355029,1.9764874748153443e-06,0.00010948959335451351,1.0757765992946077e-06,3.4474877851592135e-06,4.7121805235491545e-05,9.721701297046174e-10,4.701732936863598e-07,3.678791877008014e-05,0.0006753565601498251,2.423021932717063e-08,0.0015479097349985341,3.140637606938801e-05,0.00035034067861690007
38,0.00034101664492908375,1.3004696269904235e-08,0.9777344788420851,1.7620132058646599e-06,0.011843325052657307,5.064330591611622e-07,5.015437616364885e-05,6.453826055429386e-06,0.0006180035068777592,0.006063602564391713,0.000159677463982254,0.00012545471994293827,1.915269479459658e-06,5.329722806867994e-05,2.817121724762358e-06,4.663280231276805e-06,3.4628111977312644e-05,1.3598446959571349e-09,7.715079736640403e-07,3.88496459353426e-05,0.0008486386374179199,4.2729761345857124e-08,0.0017401136550037226,2.157349536227055e-05,0.0003082395091727306
39,0.00029613943026274563,8.570855492181368e-09,0.9839638459128563,1.3641967726864835e-06,0.008832137972642708,2.274553076498585e-07,3.457070643147289e-05,5.8801445841297246e-06,0.0004922746451404156,0.004435845102462867,0.00010882289794136532,9.840047363687779e-05,1.2768014181991917e-06,2.8583112136562315e-05,1.4583202955792074e-06,2.636325409785421e-06,2.8018178986418675e-05,4.878362400601595e-10,4.104871593046559e-07,2.567917606604459e-05,0.0005276496812994303,3.501932677283681e-08,0.0008567741863697971,1.2321231515074663e-05,0.00024563948328597734
40,0.0006063751122519586,1.4045107685401103e-08,0.9534805601079557,5.131218316372305e-06,0.009482273034891197,7.769977765190166e-07,7.116908719726754e-05,2.5131298957692285e-05,0.0019484946937770125,0.03073514282798247,0.00022504058159828177,9.441341564572794e-05,3.4322929373461365e-06,2.1954042628842978e-05,3.3156780993567683e-06,5.6100914436684075e-06,5.554459000013279e-05,1.1582380430460408e-09,9.536570995551884e-07,5.24589971852199e-05,0.000559359506254579,7.698495396674679e-08,0.0022108569368091894,2.911814843635275e-05,0.00038279549445586976
41,0.00033577924131943766,4.1190629644103736e-09,0.9839856449005965,6.638809873917814e-07,0.005111336919784023,2.4108715268128886e-07,0.00010962504498166577,3.851609484899604e-06,0.00028855896049692815,0.006529003500927562,5.850235972554457e-05,0.00021640768592119842,1.084151180372897e-06,3.88829357552478e-05,1.0077029668724184e-06,1.7366197059941694e-06,8.516351515792886e-05,3.3943430010859264e-10,2.457013861092878e-07,2.22988414469738e-05,0.0008904973813418473,6.017887789044975e-08,0.00162196715861819,4.7370039660745854e-05,0.0006500661240265075
42,0.00036657800237411127,9.73267643874665e-09,0.9818284754669664,1.6621595831224712e-06,0.010040590872199367,2.2071667258090026e-07,3.833602755335954e-05,6.18936425061886e-06,0.0005765584608055569,0.005135667266602225,0.0001429461866350502,9.704400797896558e-05,1.321249129712449e-06,3.352022023171143e-05,1.5935211373758389e-06,2.601866394010345e-06,2.9513772713298095e-05,5.228760013063956e-10,4.4379908172425705e-07,2.7642130115020355e-05,0.000449464636110607,3.869308298599635e-08,0.0009069327762089234,1.2062653558531439e-05,0.000300585895062609
43,0.00022658485609749546,5.5366129236684705e-09,0.9803095164221479,1.1994284444502043e-06,0.007873383734474047,4.058438407947715e-07,3.44574133029816e-05,7.274522603706025e-06,0.000598107705923676,0.009000761354822005,6.310682838596954e-05,8.021668822192864e-05,1.731489601548975e-06,1.2232479986521817e-05,1.1387330753679973e-06,3.1627050243102904e-06,3.111734130444934e-05,4.762495170992912e-10,4.777646102358069e-07,2.82817770200274e-05,0.0006886026174499554,3.53569957712007e-08,0.000881909614064126,1.720322625403183e-05,0.00013908608348635196
44,0.0004075206385494461,9.493879258696983e-09,0.979569060032349,1.7581416053855478e-06,0.011322304539864882,2.3623897940298895e-07,4.4430983819246325e-05,6.018732681528936e-06,0.0006056998251819627,0.005690286215754756,0.00015943693688356492,0.00010238222291115572,1.4248137767771674e-06,4.163584510930324e-05,1.69165119757948e-06,2.656113248311215e-06,3.27021936387576e-05,6.091767012098475e-10,4.451949395111362e-07,3.2014976158708914e-05,0.00048827407834920323,3.727420364112019e-08,0.001121739601405254,1.3920582857856588e-05,0.0003543130634788216
45,0.00040314789370825575,9.646407927433071e-09,0.9807405610950466,1.7969218862997178e-06,0.010209735827990018,2.466359632012634e-07,4.630026576736208e-05,7.494616677589943e-06,0.0006116676094871772,0.005803718490579051,0.00015234480222320017,0.00010592085175715556,1.6113667079452985e-06,3.7131301338439594e-05,1.7553226607923119e-06,2.9761729013171645e-06,3.327531243651925e-05,6.491280521623657e-10,4.78667021952361e-07,3.14369090271585e-05,0.0004811429492234491,4.102512815775803e-08,0.001005983606773159,1.4565304950146339e-05,0.00030665675520920755
46,0.0003586776347264659,1.3972761236842913e-08,0.9763162209721274,1.8854621402584785e-06,0.01424864964748132,2.7202356108040606e-07,3.9542525181738425e-05,5.735540035083846e-06,0.0007594338138641571,0.0053194871468701214,0.00021261376823305075,9.762404553535545e-05,1.2350880987108056e-06,5.623525248103031e-05,2.700049559119409e-06,2.6383100666343075e-06,2.4722858543766226e-05,8.006353163733021e-10,4.821746802171904e-07,3.6105027951511156e-05,0.0005416138542176357,3.340408098227198e-08,0.0015307678223619968,1.259741890266582e-05,0.00043071138590320345
47,0.0007245900398579898,5.73849678398725e-09,0.987693156906418,1.5261465269353134e-06,0.005393965720604612,1.5031737221712605e-07,3.860671227591288e-05,8.108158073029415e-06,0.00032926624550107454,0.004664261812194754,6.921178638218635e-05,8.458395390200686e-05,2.540594746668355e-06,2.0844996432558757e-05,6.209990941954411e-07,3.5501997763453133e-06,4.65280482881912e-05,4.162148900214938e-10,6.862221705043271e-07,1.8076012405676737e-05,0.00028689891064124725,4.185284179636202e-08,0.00044183019036100397,1.8762395062592223e-05,0.00015218562435839666
48,0.0007868925922379894,1.0180013425848329e-08,0.9793577708256671,1.2218385669227251e-06,0.009149813308757247,3.676557539596843e-07,6.58175066099684e-05,9.44296692484338e-06,0.0005652283830919565,0.008367238917032819,5.613285782191463e-05,8.157869991138048e-05,3.2735888370607724e-06,2.2938553999469248e-05,8.623905691656689e-07,4.004524264794428e-06,7.693694655866365e-05,7.475604881395262e-10,1.4070349675759724e-06,2.3400185453747885e-05,0.000339489225762677,6.376054865232188e-08,0.000751900273604826,4.767798797626325e-05,0.00028652904750721555
49,0.00020571086398377223,8.570857464346431e-09,0.9854420338665354,1.307144626787011e-06,0.007579238940479869,2.3803757285650112e-07,3.316525929712466e-05,5.710394701482479e-06,0.0004751395994364695,0.004662033015859304,9.493799498948439e-05,0.00011395020441786927,1.0555285354066831e-06,1.880742724537738e-05,1.2632373434731802e-06,2.2325487614656614e-06,2.538732022047511e-05,3.333767197572759e-10,3.3561471289293776e-07,2.2459547125376546e-05,0.00046284831492172707,4.7980558534344676e-08,0.0006135529733656927,9.742733099781026e-06,0.0002287925479753704
50,0.0010648757305008242,4.269556605574955e-09,0.9731831445919243,2.1080024589463228e-06,0.011422846331302408,1.7713092138201883e-07,0.00010550495833294817,9.432807939370585e-06,0.0006046143226634419,0.011034173197058926,0.00018806494629745277,9.65066612328438e-05,3.248883079527381e-06,6.062611347215675e-05,1.0073329704487848e-06,2.8190330270770725e-06,7.23113594989774e-05,7.996157437950257e-10,4.798482042314155e-07,5.089884087799891e-05,0.00030982196412548626,3.154452261810381e-08,0.0012883128893141575,3.0474662466211777e-05,0.0004685137786356322
51,0.00024143235713916368,1.1554757932823066e-07,0.9861851042559066,8.935431225650445e-06,0.006673511349044094,3.0134528474547177e-07,1.6600360486354533e-05,1.746645523581088e-05,0.0008668495659753093,0.003505667100907068,0.0005149724602201874,0.00021484462427230107,7.367286152701185e-07,3.768626258028227e-05,1.0483439941284775e-05,3.1877184921588874e-06,1.349765064965983e-05,6.879308900686948e-10,4.874664128491771e-07,2.253387882267462e-05,0.0005736772720587521,2.1703597197549485e-07,0.0006314359107603472,3.4418753810150983e-06,0.00045681321910652793
52,0.0004883195801465841,1.171251135444507e-08,0.9644462353317248,3.676123793968745e-06,0.014022733924335527,5.963802878484396e-07,4.3370830766891525e-05,1.2793045733781399e-05,0.00100442573852798,0.01681367983484656,0.00030935280120584217,0.00013114450085637615,2.874322367709461e-06,5.1339182614321916e-05,3.594976838752639e-06,4.585574313032945e-06,3.3647124575152614e-05,1.708767199367879e-09,8.379709984228494e-07,6.715494022312395e-05,0.0006278895217333775,4.749246920175268e-08,0.001611257105799836,1.7621950990062905e-05,0.000302808323572037
53,0.00030803910718023856,4.9785563394279794e-09,0.9729227692204125,2.0683887119018235e-06,0.014386791524207939,2.2997963337753152e-07,9.416051064542771e-05,4.861986434941437e-06,0.000636813010015365,0.007139437995004192,0.00026536008276598224,0.00015253407839052938,1.3954907464755238e-06,7.787354958975125e-05,2.015580225729942e-06,2.4821367701372885e-06,3.583426805382556e-05,7.27951085420846e-10,1.7797013673906742e-07,6.231720096201165e-05,0.0007937977500211403,2.6360138511089086e-08,0.0025649233131805663,1.5314316554178374e-05,0.0005307704737113103
54,0.0006995627731291819,7.88743271394304e-08,0.9676809362395579,3.73652613520135e-06,0.018582729355705766,5.790923318312716e-07,7.583152862384203e-05,1.0208634052964313e-05,0.0014026806613578152,0.006396700926893162,0.00032915596548806344,0.0002019399388687065,1.0783981291290753e-06,0.00011502377624984403,7.573873833025235e-06,3.3907448198111116e-06,4.5481121127377775e-05,1.2248949917395625e-09,1.1355355878065344e-06,2.8561220044825412e-05,0.0006323683055145866,1.6677969663536608e-07,0.0019544093901712914,2.2029085740166596e-05,0.0018046400277188545
55,0.000456530331638156,1.1430220518542773e-08,0.9753010350345174,2.0059104455202267e-06,0.01412392083521097,3.415350991075533e-07,8.771350333620821e-05,1.5233740723359992e-05,0.0010240973012144384,0.006030227485671574,0.00016297260566013183,0.00030987960476488936,2.752240321604418e-06,6.59251082774786e-05,2.2464837852487435e-06,3.973648045394848e-06,4.9011541802218916e-05,9.977752598545008e-10,4.808903363785523e-07,4.2675606032443833e-05,0.0005417427916241798,6.532699349568825e-08,0.0012063531018465972,2.1108838671716085e-05,0.0005496941059856867
56,0.000427461294966034,9.155650981259109e-09,0.9795382940386562,1.830660183885508e-06,0.011127829414310625,2.4630424574888975e-07,4.544695157696503e-05,6.566024890434482e-06,0.0006065425095210806,0.0059395210466347634,0.0001548583805868502,0.00010193475893065996,1.6887835582116654e-06,4.063620565319922e-05,1.604349069637456e-06,2.8947395735618546e-06,3.4496898463159357e-05,6.698795011716102e-10,4.777149055894872e-07,3.4308274708414095e-05,0.00048152765647973026,3.702892458558025e-08,0.0011073979575576764,1.4939360407300294e-05,0.00032944982066537165
57,0.0003259991577968152,8.062574207954196e-09,0.9820197099305217,1.4369850831755143e-06,0.010197275020176543,2.118281426867201e-07,3.8168222379212766e-05,5.421463547253232e-06,0.0005301142998723702,0.0049302685720036005,0.000127604420803048,9.678585625508214e-05,1.3120060034468958e-06,3.165773778333662e-05,1.3397605432291582e-06,2.4069781232387713e-06,2.968271364118993e-05,4.855963733477036e-10,3.9187975999545267e-07,2.8717602254779006e-05,0.0004520794480805484,3.443066728288361e-08,0.000882882968871711,1.1942225063890703e-05,0.0002845479444553304
58,0.0004296103746277607,8.84437126555795e-09,0.9793503113586342,1.5248369989395943e-06,0.010671766162532938,2.847047944893781e-07,5.201564414824157e-05,6.194372302203413e-06,0.0005611978417420073,0.006422056472588506,0.00011596720559004742,0.00010675667186801079,1.8238413074273923e-06,4.1081871680239716e-05,1.482034086020781e-06,2.992711785549226e-06,3.9914662467749566e-05,7.037338023583919e-10,5.303047669042559e-07,3.3023455132584e-05,0.0005359022917548872,3.869349240379997e-08,0.0012595457584473077,2.235363333149059e-05,0.00034361554781486516
59,0.0005618132326065684,1.6261269236251954e-08,0.9708245036231888,3.2722722338859223e-06,0.01714926607126882,2.7032105101000833e-07,4.9103768053195493e-05,7.795866310304967e-06,0.0010377137381318649,0.007194597513181429,0.0004014481763020146,0.00012923250522166692,1.2333558564825022e-06,6.854111695556946e-05,3.3100320788566245e-06,2.748194748000405e-06,3.160091792253308e-05,7.858560933399329e-10,4.900284506095598e-07,3.880514446042452e-05,0.0004696138142414492,5.1439956822429044e-08,0.001383783480289933,9.187059234087116e-06,0.0006316012811304232
60,0.0004075206385494461,9.493879258696983e-09,0.979569060032349,1.7581416053855478e-06,0.011322304539864882,2.3623897940298895e-07,4.4430983819246325e-05,6.018732681528936e-06,0.0006056998251819627,0.005690286215754756,0.00015943693688356492,0.00010238222291115572,1.4248137767771674e-06,4.163584510930324e-05,1.69165119757948e-06,2.656113248311215e-06,3.27021936387576e-05,6.091767012098475e-10,4.451949395111362e-07,3.2014976158708914e-05,0.00048827407834920323,3.727420364112019e-08,0.001121739601405254,1.3920582857856588e-05,0.0003543130634788216
61,0.000960957897178459,4.427277955298173e-08,0.9479938552059826,1.5268233785889875e-05,0.027976960514020363,3.570765736829996e-07,5.2838554269296616e-05,2.1868479217093618e-05,0.002575795718768383,0.013998802199110181,0.0023408093994720827,0.00023658051505440604,1.4851729409943994e-06,0.00015216644187576007,1.3081874869510698e-05,3.9911232755858915e-06,2.8581348098161613e-05,1.5869036594026364e-09,5.889231527035249e-07,7.686661843404882e-05,0.0004274171444119606,1.0253611042316748e-07,0.0018431753174011844,4.620985700575762e-06,0.001273782860613447
62,0.0004075206385494461,9.493879258696983e-09,0.979569060032349,1.7581416053855478e-06,0.011322304539864882,2.3623897940298895e-07,4.4430983819246325e-05,6.018732681528936e-06,0.0006056998251819627,0.005690286215754756,0.00015943693688356492,0.00010238222291115572,1.4248137767771674e-06,4.163584510930324e-05,1.69165119757948e-06,2.656113248311215e-06,3.27021936387576e-05,6.091767012098475e-10,4.451949395111362e-07,3.2014976158708914e-05,0.00048827407834920323,3.727420364112019e-08,0.001121739601405254,1.3920582857856588e-05,0.0003543130634788216
63,0.0004281265105034488,1.348449143824337e-08,0.978359678823221,1.917611549770055e-06,0.012226671822068732,2.787285359200878e-07,4.3476193907556016e-05,6.453118207079784e-06,0.0007024930123915167,0.005722010468864983,0.00017270349301896372,0.00010328878343716615,1.425109497654327e-06,4.298028673459449e-05,2.0891438890227673e-06,2.8173512366916456e-06,3.3309109170551365e-05,7.01625534985924e-10,5.501606177181929e-07,3.155263879556939e-05,0.000510001236678171,4.554493850147333e-08,0.001188659594595573,1.4240818505649583e-05,0.0004052162535173791
64,0.00027393290234442103,7.675753880465319e-09,0.9833327753390304,1.263858277903722e-06,0.009452491524282243,2.1839308645334348e-07,3.503170926820938e-05,4.297031299634827e-06,0.0004470227910689407,0.004203406544548551,0.00011447255571406241,9.871190324208193e-05,1.105346382437626e-06,3.290358588949332e-05,1.4194184754119226e-06,2.361978711788079e-06,2.798489729015834e-05,4.815664160355404e-10,3.388007364945325e-07,2.7316347254775513e-05,0.0006287924969656468,3.107247552065682e-08,0.0010364005134381995,1.2087447013946546e-05,0.000265625385882806
65,0.00027383251734350853,1.8629292261765535e-08,0.9777981299933874,1.49504186199274e-06,0.013421417661033682,3.858675289140197e-07,5.137817642997561e-05,3.865825209083793e-06,0.0005212369670096918,0.004014190930219924,0.00010619014567975618,0.0001221537704792842,1.0461612973941894e-06,5.696050978327052e-05,2.372742208599435e-06,2.533710466486639e-06,3.369972076376993e-05,7.516841953581535e-10,4.564776154208183e-07,3.263836859173983e-05,0.000976476174588193,4.7350247783266725e-08,0.001946946758462123,2.2433631220898376e-05,0.0006100921175947383
66,0.0004073085239191672,9.412185357500749e-09,0.9795806962092883,1.7526979665275505e-06,0.011331193681808481,2.3542810080066332e-07,4.442481442798091e-05,5.993007666046898e-06,0.0006037492267365628,0.00568167647038153,0.00015871268797084916,0.00010180941293940501,1.427379284011056e-06,4.1453202855843225e-05,1.6747040919202117e-06,2.6536342591310218e-06,3.268682548411857e-05,6.070215524753562e-10,4.44336214542644e-07,3.2014654874021536e-05,0.0004864722711832791,3.70227532003437e-08,0.0011174440530682336,1.3900884915922171e-05,0.0003522288506032528
67,0.00034018436180482747,1.0257394849476097e-08,0.9806469568131897,1.6779067927320553e-06,0.010367884660213074,2.700247438189639e-07,4.658821525261649e-05,5.14747214112547e-06,0.0005254751099587404,0.005358983076347459,0.0001434592070712707,0.00011648161730658893,1.2879689260635412e-06,4.475948651593197e-05,1.8120660734479282e-06,2.640588848727231e-06,3.3385355458868706e-05,6.06500331884519e-10,4.107143897215394e-07,3.215375322688098e-05,0.0006052500658414639,4.0314283405604454e-08,0.0013077252020066144,1.5892313327076862e-05,0.00040152284238473485
68,0.0003428185723372085,9.204640599317679e-09,0.9802113948800183,1.6501367059174497e-06,0.010729450783320646,2.59250198730202e-07,4.5103448927306636e-05,6.220541458225813e-06,0.0005769482021559698,0.0056456802028371075,0.00014753669264986968,0.00011656311342236025,1.3814754912806116e-06,3.953821947774194e-05,1.7903086305984938e-06,2.6379226025523085e-06,3.2234874326362493e-05,6.031838400633862e-10,4.016757861099913e-07,3.2705990015699675e-05,0.0005681173707746251,3.877718586469601e-08,0.001139180965429936,1.4238801498838537e-05,0.0003440979869241586
69,0.00047302303706400783,9.984966817659531e-09,0.9804670690875441,1.7103259762757977e-06,0.011132025015422707,2.4536567315006836e-07,4.741563999737522e-05,6.106007745176557e-06,0.0005431924259760081,0.005229596570007513,0.00012253458609921608,9.635815750110637e-05,1.6750700872142213e-06,4.347290757314037e-05,1.3957222485110104e-06,3.165288995589826e-06,3.5070849345934575e-05,6.393262522430828e-10,5.7999046372431e-07,2.8551128160161708e-05,0.0004311474232751962,3.7693318024482694e-08,0.0009931114099976217,1.8133204139938627e-05,0.0003243724690953009
70,0.00028650357261621884,7.873151412551366e-09,0.9815955281363826,1.91055142869821e-06,0.010224421122754604,2.144946387200508e-07,3.603187697742689e-05,5.49785486700289e-06,0.0005820803807157587,0.005293838804193436,0.00016325798885247984,8.870423513955902e-05,1.168509953533783e-06,3.0905991942311815e-05,1.514133919039329e-06,2.456601850521708e-06,2.2544999594553956e-05,4.416998254164182e-10,3.2565586487275273e-07,3.0755898698303526e-05,0.00044286625891187717,3.026513287481315e-08,0.0009154138570658786,8.701824876768023e-06,0.0002653186687716402
71,0.0012895834013804883,2.82898532165416e-09,0.9376963165282954,2.0272377920631862e-06,0.029765703368098757,4.098244542474803e-07,0.0005658343674485855,1.327042652843059e-05,0.0017592191847100173,0.02452787547239052,0.0001356585627106662,0.00010153376378282224,5.506569047406695e-06,5.289025440078543e-05,6.75462117217366e-07,3.2043493327313195e-06,0.00016071350536286125,9.127304777470659e-10,4.430579840929617e-07,8.803116347028228e-05,0.000361784386769287,3.819781124907519e-08,0.0024766307129802296,7.480222317787038e-05,0.0009178442382381226
