,0,1,2,3,4,5,6,7,8,9,10,11,12,13,14,15,16,17,18,19,20,21,22,23,24
0,0.9110215069841214,1.0862344666136467e-05,0.03216485718729813,0.0002456479673440505,6.159774770088442e-05,1.2064269373135737e-05,0.0002727093244884757,0.002125815865550954,4.424401758170872e-05,1.6818174437660077e-05,0.01582004108622388,5.0500709361379784e-05,0.011086223289926637,4.277871477557362e-05,8.990449741992397e-06,0.00015165262736776202,0.0003868453529154069,0.022078278550513322,0.0002566167898918728,7.154226635509353e-06,0.003909546717118169,9.109062468825632e-05,2.257956616546041e-05,0.00010568942486677898,5.88798724567809e-06
1,0.9006842052356084,1.4424213017323396e-05,0.04405789209946605,0.00033494981800361886,6.216464120381046e-05,9.95456243773096e-06,0.0002925384108023426,0.002226520093105626,3.5007465555965204e-05,1.8464499363035732e-05,0.012801716929060495,6.722364642740309e-05,0.013317675828842995,4.357357648927822e-05,8.506299402417919e-06,0.00024134753046407665,0.0005876244101810982,0.02077946205204957,0.0002466068001173533,8.128625380318819e-06,0.003927455113025303,8.043786529446529e-05,2.2771348043953158e-05,0.0001248096351503871,6.539301506849422e-06
2,0.9062409925510806,1.4085814423284996e-05,0.039039874266873296,0.0003033109656099219,8.57270173129701e-05,8.991061483363239e-06,0.00028810589848635214,0.0023613644237965603,3.770645053613272e-05,1.5601425511170114e-05,0.01604377256397914,7.134364858595224e-05,0.011320423153928965,5.0579276498491215e-05,9.582865980253344e-06,0.00018391259679041477,0.0005494031044045401,0.019050475465080322,0.0002066053656976576,7.984375014812701e-06,0.003878754863564483,8.52707353738626e-05,2.1243859591690226e-05,0.00011786231580607651,7.025934589588612e-06
3,0.9214512188892027,1.1500701015955134e-05,0.031141525585752776,0.00026817865095451224,5.767238668071343e-05,7.010883868694132e-06,0.00024474214795908194,0.001770315830904921,2.373102860267379e-05,1.0599498646273933e-05,0.012649720681075944,5.4509823904798786e-05,0.010620839092237242,2.998161872345495e-05,6.149457075703049e-06,0.00014407775499640298,0.0005138164950177594,0.017325590925645194,0.0001854047054585071,5.113473940457012e-06,0.003299572990254103,6.613431251989176e-05,1.748891913341629e-05,9.086101869982833e-05,4.243127729123403e-06
4,0.920041830567345,1.197978904816201e-05,0.03163300122751536,0.00026041941170112807,5.608400402949825e-05,6.037328820535343e-06,0.0002463803889434347,0.0017528308396604533,2.2901519599717402e-05,9.893096997215744e-06,0.012572186132556866,5.7146808367703475e-05,0.011934918418055865,3.212316621459252e-05,5.47338015548079e-06,0.0001315964586429406,0.0004892974769591647,0.016978856547431163,0.00017357447037316784,5.239318764260249e-06,0.003398134123061815,6.907987100073121e-05,1.5739925938769878e-05,9.119516237372187e-05,4.080566443378699e-06
5,0.9138934258488184,1.123074233465882e-05,0.03409461502384614,0.00031498966754901704,6.365161637496324e-05,7.043747470931065e-06,0.00022606143974919122,0.0017191056466002936,2.3367445019217252e-05,1.1852908139799371e-05,0.012199691798177262,4.881339234641703e-05,0.010782448782038899,3.220864503555172e-05,5.324496949068882e-06,0.0001376516681824292,0.0005196228478393576,0.02199507688199359,0.00017947505859003128,5.878060609579075e-06,0.0035462371060852337,5.572730856876048e-05,2.120191891769332e-05,0.00010157036203687086,3.7275867264054315e-06
6,0.9214512188892027,1.1500701015955134e-05,0.031141525585752776,0.00026817865095451224,5.767238668071343e-05,7.010883868694132e-06,0.00024474214795908194,0.001770315830904921,2.373102860267379e-05,1.0599498646273933e-05,0.012649720681075944,5.4509823904798786e-05,0.010620839092237242,2.998161872345495e-05,6.149457075703049e-06,0.00014407775499640298,0.0005138164950177594,0.017325590925645194,0.0001854047054585071,5.113473940457012e-06,0.003299572990254103,6.613431251989176e-05,1.748891913341629e-05,9.086101869982833e-05,4.243127729123403e-06
7,0.7846329946776258,2.788991168694478e-05,0.09490657076639404,0.0009206209004076563,0.0003812786376921612,3.8339736615988915e-05,0.0006783349733662117,0.0034454091313034355,0.00015114588686997575,7.819532661763771e-05,0.020870436097879152,0.00012455806398762852,0.009490426286584332,0.00017894154374721008,3.601109783543381e-05,0.0011167295508536916,0.0024932328056797197,0.061228974218400005,0.0008686084182816686,3.0095030678102124e-05,0.017137627477993207,8.326048794315372e-05,0.00025500707720777193,0.0007860231227862121,3.928877156298029e-05
8,0.914683541965917,1.2417232956962338e-05,0.04897531835391972,0.00032678947198082684,5.68583456605472e-05,6.842533059739757e-06,0.00014355378288584023,0.001271830551746928,2.850955920169536e-05,1.5492663259080972e-05,0.007737009458788489,4.8720182207300945e-05,0.008472238225982903,3.508561303428841e-05,5.1698111164458884e-06,0.00016688093409365356,0.0005108053839965067,0.014905280922156665,0.00010171913124691978,6.145452550505441e-06,0.0022558693645731006,4.05407648211939e-05,2.5421872529275098e-05,0.00016268361886969673,5.2748034450382685e-06
9,0.8814170126581768,1.8311986182518448e-05,0.06482746401394603,0.0004052752649332443,6.593611366372967e-05,9.096367431112343e-06,0.00021219632717425007,0.002099226357578577,3.713007871660315e-05,2.6516681365252277e-05,0.010489925698540695,6.426113989805762e-05,0.01234575544686056,5.877461412088502e-05,7.594652731202126e-06,0.00028789663668940155,0.0007068716137843352,0.022546530313922526,0.00018446953699059263,1.0984523719101437e-05,0.0038774077948240423,6.041587097807597e-05,3.247498996158478e-05,0.00020055271416438963,7.918603646379747e-06
10,0.9214512188892027,1.1500701015955134e-05,0.031141525585752776,0.00026817865095451224,5.767238668071343e-05,7.010883868694132e-06,0.00024474214795908194,0.001770315830904921,2.373102860267379e-05,1.0599498646273933e-05,0.012649720681075944,5.4509823904798786e-05,0.010620839092237242,2.998161872345495e-05,6.149457075703049e-06,0.00014407775499640298,0.0005138164950177594,0.017325590925645194,0.0001854047054585071,5.113473940457012e-06,0.003299572990254103,6.613431251989176e-05,1.748891913341629e-05,9.086101869982833e-05,4.243127729123403e-06
11,0.9223154196043769,1.1816357578415188e-05,0.0305611745670085,0.0002661851236553479,5.6205230218317596e-05,6.476835410674981e-06,0.0002472502308429021,0.001719398090926205,2.2997554932025835e-05,9.899378125682886e-06,0.012487139790623394,5.773783252561687e-05,0.011612367140470418,2.974449921042727e-05,5.876362032510677e-06,0.00014032865358385425,0.0005018145730696121,0.016366504634835282,0.0001779776519025176,5.177698114912659e-06,0.0032157754016150673,6.939032624664162e-05,1.608500088172481e-05,9.309499170910173e-05,4.162470104075992e-06
12,0.8831702073391515,6.775659333143407e-06,0.05946563378236047,0.00013951704977141827,0.0003492155881473873,1.0233521000111936e-05,0.00023106804052654885,0.0008003389851170183,4.968265924524374e-05,9.5176258458684e-06,0.01993861254897451,5.5766715594228954e-05,0.006293005410017651,6.438217744585473e-05,3.6522318821622235e-06,8.291510629974098e-05,0.0006293152481797426,0.02164525577339818,5.830625547736021e-05,1.2090629379690027e-05,0.006577045273072727,3.400102610089291e-05,5.138042901034912e-05,0.000313323750451519,8.757174216646544e-06
13,0.9218852127764505,1.14286933556603e-05,0.030271329794976782,0.00025344889041352484,5.865125655591226e-05,6.6320039059261105e-06,0.0002457534657607965,0.0018294218058839274,2.3593031038992986e-05,9.986377172439e-06,0.013545185580691281,5.6679730766454826e-05,0.010686877989976078,3.084954141133641e-05,6.188310450006082e-06,0.00013632108050163402,0.0004954227227720629,0.01677610461768293,0.0001814350049573422,5.028419630453069e-06,0.003307948394658281,6.93814093455613e-05,1.60020869163886e-05,8.682351018161991e-05,4.293504544288995e-06
14,0.856693724248451,2.708594699727618e-05,0.019723805553988394,0.0005729395398004342,0.00023506044709616273,5.285522283503499e-06,0.00035437175052761345,0.0013048544947337221,1.633121481200185e-05,1.0929996351643874e-05,0.0341897391118691,3.179738144220525e-05,0.0224967374373519,3.335499157361899e-05,4.575408727257685e-06,6.161378477418605e-05,0.0009477040703989199,0.045310611750906844,0.0008779273152245831,5.153081384296394e-06,0.01686286267266507,8.548807535461478e-05,2.4677055310788086e-05,0.00012150374179350679,1.8654061812253258e-06
15,0.9214512188892027,1.1500701015955134e-05,0.031141525585752776,0.00026817865095451224,5.767238668071343e-05,7.010883868694132e-06,0.00024474214795908194,0.001770315830904921,2.373102860267379e-05,1.0599498646273933e-05,0.012649720681075944,5.4509823904798786e-05,0.010620839092237242,2.998161872345495e-05,6.149457075703049e-06,0.00014407775499640298,0.0005138164950177594,0.017325590925645194,0.0001854047054585071,5.113473940457012e-06,0.003299572990254103,6.613431251989176e-05,1.748891913341629e-05,9.086101869982833e-05,4.243127729123403e-06
16,0.931874600622185,1.0739332034515383e-05,0.020758455252742728,0.0002068494648597651,4.765319123112702e-05,5.491499210697277e-06,0.0002571787095986257,0.0021843649592673915,1.8689196325299632e-05,7.268422181164101e-06,0.01532886116009578,6.453002721854424e-05,0.0099086161203329,2.6479299223175495e-05,6.642804262223712e-06,0.00012240854248663427,0.0004349392467806494,0.015333324398620948,0.00020150751065392916,3.646522632332883e-06,0.0030402450942264825,8.669677331717933e-05,1.081148111031322e-05,5.617150540316557e-05,3.8288639996958116e-06
17,0.9234632678496684,1.0249267600211138e-05,0.029736791362770812,0.00023004290700146465,6.086210560471568e-05,5.822631777279195e-06,0.0002463377605961486,0.00155569031451478,2.1088443040459732e-05,8.186699107968774e-06,0.012829047530949753,5.3577692677794794e-05,0.010454861461636974,2.9057564218020808e-05,4.795027749160205e-06,0.00011455627315704766,0.0005003325438333088,0.016787057750610356,0.0001568858832333045,4.625927770402868e-06,0.003558334094595899,6.070405216519179e-05,1.6388004250367487e-05,8.766104935741032e-05,3.7758021128616984e-06
18,0.8882800944283724,1.6256840346011142e-05,0.047915718648994854,0.00026056136873386693,8.795461431493748e-05,1.0084700077535614e-05,0.00045383840956046315,0.002066928428231777,4.196925493751191e-05,1.563133473113857e-05,0.016358113346581337,0.00010163277385311647,0.01236033217520048,6.237246679161223e-05,1.0101176476011004e-05,0.00030850029540695635,0.000886682320694249,0.023066036129882127,0.00029699875887139203,9.423217477276128e-06,0.00705130533218032,8.37250871707561e-05,3.588562410088762e-05,0.00020744375933575115,1.2409507676952365e-05
19,0.9281694329058522,3.2635433112669084e-06,0.020388554353744304,4.989586154632305e-05,2.0133867901237625e-05,2.548839596784773e-06,0.00014684662094035977,0.001344349418160298,7.3957759477480255e-06,2.7823213669876233e-06,0.015980423363238534,2.1669834208685716e-05,0.004702999117861344,1.695120123764997e-05,1.3228538149483843e-06,5.0512132096482665e-05,0.0003440976701569045,0.022525368756970216,0.00010880272642261215,1.6134896847777905e-06,0.006032519479442155,2.668675654361223e-05,1.2353326010256085e-05,3.7632501303289185e-05,1.843282641081079e-06
20,0.9235042274309596,1.304238004434979e-05,0.024111767123311693,0.0002704365557860496,5.393400808302647e-05,7.293823660276173e-06,0.0002623954027384594,0.002457408551927897,2.6329736515854308e-05,1.1012309163207398e-05,0.01594056197863427,5.383568457342349e-05,0.013493482518880433,3.215700839186368e-05,8.156937534526268e-06,0.00012101642895790977,0.0004027129757932386,0.015587601889647824,0.00023647762198023163,5.328526292366517e-06,0.003201966712640148,0.00011591150755387708,1.1845701578366755e-05,6.721593045862233e-05,3.88125489234005e-06
21,0.9141956414076152,1.0132650681921239e-05,0.042267987619142376,0.00020891046510925426,3.999830924744234e-05,3.180805700694357e-06,0.00018052400899262925,0.0014199620395529437,1.4110190444476875e-05,7.284307464014536e-06,0.008701230065681253,6.573736605295685e-05,0.010933943794655326,3.289272700264898e-05,2.5971707991205742e-06,0.0001424475577049449,0.0005332814813386683,0.017749560894839058,9.017999927614042e-05,4.846938891292552e-06,0.003235177659563351,3.95598833369959e-05,1.4250024466000087e-05,0.00010297832568287603,3.5843067581265364e-06
22,0.8859929169170571,2.3921137372070574e-05,0.03514432895546598,0.0010090432070436008,0.00024712079974453604,3.250871115420137e-05,0.002026945594899726,0.0015073971760732724,0.00037231644802026914,2.6229621607780026e-05,0.01978116493722098,0.0002470439777605213,0.030869540398873192,8.049671329999625e-05,0.00013414631575752866,0.000709306863969238,0.00040846678694165617,0.015677570926436863,0.0012241542989290433,1.9365958410301102e-05,0.0035519847579706157,0.0002007493216096316,4.689060278493164e-05,0.0006202036651519229,4.6185906445003894e-05
23,0.9214512188892027,1.1500701015955134e-05,0.031141525585752776,0.00026817865095451224,5.767238668071343e-05,7.010883868694132e-06,0.00024474214795908194,0.001770315830904921,2.373102860267379e-05,1.0599498646273933e-05,0.012649720681075944,5.4509823904798786e-05,0.010620839092237242,2.998161872345495e-05,6.149457075703049e-06,0.00014407775499640298,0.0005138164950177594,0.017325590925645194,0.0001854047054585071,5.113473940457012e-06,0.003299572990254103,6.613431251989176e-05,1.748891913341629e-05,9.086101869982833e-05,4.243127729123403e-06
24,0.9126288707936516,1.745154002009882e-05,0.03159334063257769,0.00046873223704524685,6.848197841381629e-05,7.203808493116155e-06,0.0002761611479474261,0.0020537367283451507,2.4432303283886607e-05,1.4254376331920475e-05,0.012705258372925734,5.682705773771538e-05,0.012964454063042022,3.347422292010975e-05,7.879356043509756e-06,0.00017949325721897493,0.0006731320312503688,0.02181582574928023,0.00030189565550721274,5.766849235473712e-06,0.0038972635115327547,7.319315320351997e-05,2.1978113595066085e-05,0.0001066915940782675,4.201466319112713e-06
25,0.9144941736485017,6.6713408680014395e-06,0.02511818288295106,0.00019079015059378094,6.131708029178227e-05,4.382213940487525e-06,0.00026291113497016157,0.0024724081489795615,1.3960599798372267e-05,5.432643488995601e-06,0.018819481550045904,5.341954102226243e-05,0.010555023940294266,2.8836528146094353e-05,3.4620738334999274e-06,8.092142788091683e-05,0.0004250467574138368,0.023149070125998455,0.00013513005509223705,4.7351552876922005e-06,0.0039934227594444005,6.0550615734398724e-05,1.1483044186355484e-05,4.678276384637716e-05,2.4038173891727736e-06
26,0.9070924937689229,8.281644067283485e-06,0.04989746607977334,0.0002634286735175895,6.393971876567113e-05,6.842816018806946e-06,0.00014918732385803168,0.0010050193229592514,2.599269995563173e-05,1.223214145659179e-05,0.00799258316188523,3.749898363541836e-05,0.007846727200091176,3.3116138081440595e-05,3.1215838985360848e-06,0.000125706817702835,0.0005020073864573911,0.02140169574976613,9.09857192122409e-05,6.268291768739906e-06,0.0032010679788189856,2.8828649402812154e-05,3.368509387057042e-05,0.00016792881658300214,3.894239530342941e-06
27,0.9307461954850367,1.1541633604669984e-05,0.02496915796938193,0.0002865364602351785,6.124017634517577e-05,1.0106585190121754e-05,0.0002427373455589791,0.002076606739049847,3.647576603274955e-05,1.25097118516532e-05,0.014003619577857096,6.0574619113619075e-05,0.010439085699347506,3.0409942932919296e-05,1.0417973997950414e-05,0.00014193826443853371,0.00037187100421623323,0.013784125538928462,0.00021064989148646566,5.3185273022178045e-06,0.0022802794962800597,0.00010433495809541246,1.4692837360707e-05,8.431909949784797e-05,5.254696858171296e-06
28,0.9214512188892027,1.1500701015955134e-05,0.031141525585752776,0.00026817865095451224,5.767238668071343e-05,7.010883868694132e-06,0.00024474214795908194,0.001770315830904921,2.373102860267379e-05,1.0599498646273933e-05,0.012649720681075944,5.4509823904798786e-05,0.010620839092237242,2.998161872345495e-05,6.149457075703049e-06,0.00014407775499640298,0.0005138164950177594,0.017325590925645194,0.0001854047054585071,5.113473940457012e-06,0.003299572990254103,6.613431251989176e-05,1.748891913341629e-05,9.086101869982833e-05,4.243127729123403e-06
29,0.9214512188892027,1.1500701015955134e-05,0.031141525585752776,0.00026817865095451224,5.767238668071343e-05,7.010883868694132e-06,0.00024474214795908194,0.001770315830904921,2.373102860267379e-05,1.0599498646273933e-05,0.012649720681075944,5.4509823904798786e-05,0.010620839092237242,2.998161872345495e-05,6.149457075703049e-06,0.00014407775499640298,0.0005138164950177594,0.017325590925645194,0.0001854047054585071,5.113473940457012e-06,0.003299572990254103,6.613431251989176e-05,1.748891913341629e-05,9.086101869982833e-05,4.243127729123403e-06
30,0.9214512188892027,1.1500701015955134e-05,0.031141525585752776,0.00026817865095451224,5.767238668071343e-05,7.010883868694132e-06,0.00024474214795908194,0.001770315830904921,2.373102860267379e-05,1.0599498646273933e-05,0.012649720681075944,5.4509823904798786e-05,0.010620839092237242,2.998161872345495e-05,6.149457075703049e-06,0.00014407775499640298,0.0005138164950177594,0.017325590925645194,0.0001854047054585071,5.113473940457012e-06,0.003299572990254103,6.613431251989176e-05,1.748891913341629e-05,9.086101869982833e-05,4.243127729123403e-06
31,0.9279687705858128,9.43147375614795e-06,0.03233849032687579,0.0002109446480142144,3.3420099731167804e-05,5.244340256601048e-06,0.00017233687643183958,0.001901144085617674,1.508265402007726e-05,9.159627240751062e-06,0.009465210890234865,4.58604215078799e-05,0.008529478190543099,2.4231490906491593e-05,3.900757340221393e-06,0.00013419102999722929,0.0004837365275543117,0.015800372478605385,0.00012322513708787184,3.854610582067321e-06,0.0025918614604646356,5.149314903743395e-05,1.3750047519831556e-05,6.166983114827855e-05,3.139259713346505e-06
32,0.9183354562438657,1.2802540349129502e-05,0.030394945965571844,0.00030896361320380093,6.142547547915533e-05,8.038629079764056e-06,0.0002760497878194053,0.001909296916959761,2.6070859064560217e-05,1.1923238960255042e-05,0.013470916632331692,5.7271294987520475e-05,0.011510939081674146,3.116271303131881e-05,7.379081720675134e-06,0.00016407620600965829,0.0005599570638996262,0.01874277525600783,0.00024142278324620165,5.492667209852866e-06,0.0036658295082440916,7.526497137838244e-05,1.9596924264987872e-05,9.832859615321594e-05,4.613949487146933e-06
33,0.9180653530162238,1.1860569535434515e-05,0.03396953539222025,0.0002746251044626149,6.245006504015101e-05,7.954413694970083e-06,0.0002470013449934237,0.0018038027902442734,2.7475047263757216e-05,1.225581170957592e-05,0.012862094010319512,5.414451105195583e-05,0.010390800812387857,3.3367328047804166e-05,6.793378316172493e-06,0.00015092225976598314,0.0005128972086046056,0.017714112823810253,0.00018838392889205052,5.637412746469177e-06,0.0034090186722618987,6.669219498953434e-05,1.950692852908789e-05,9.853542741190116e-05,4.779547476643775e-06
34,0.24703990365832001,0.00032463661594161623,0.47821458449922466,0.002570823803327565,0.0005728567438955356,0.00013594871228880882,0.0022153140135086707,0.012855622328063107,0.00024443637971072304,0.0014169272895431092,0.017354540412708588,0.0007217913349067639,0.03164689178945028,0.0012136936840146046,0.0001264479751741138,0.037303308456204075,0.034219318872126855,0.07804290921100204,0.0023703930468321486,0.0006594157247488815,0.045624178197927204,0.00022494237783220641,0.0009099428014351643,0.0035808644560129943,0.0004103076158002275
35,0.9163387453499614,1.2632554295566713e-05,0.034131968632815674,0.0002876549742194189,6.661377149680872e-05,7.313790653889626e-06,0.00026412767254682657,0.001802153651690184,2.5959647803124335e-05,1.149647655987843e-05,0.01340420324995721,5.7353600673388895e-05,0.011239677646536984,3.376031328567367e-05,6.747192069532886e-06,0.00015200350268823249,0.0005540636854151521,0.0175410529733756,0.0001949604996251226,5.740319443444996e-06,0.0036681451596109475,6.767600035993481e-05,1.9146916569167782e-05,0.00010205047665850154,4.751941688441173e-06
36,0.9213342722772442,1.1433686384900654e-05,0.03121547869618025,0.00026757632990132,5.878965347905223e-05,7.009005603142452e-06,0.0002449298159462987,0.0017430591760785555,2.3842625563493286e-05,1.05156460109377e-05,0.012744662527804389,5.424180065558982e-05,0.010582412211729744,3.0030533249063235e-05,6.1326799983588254e-06,0.00014194587909247604,0.0005119238319643941,0.01731356512580072,0.00018450355090329033,5.111515544741018e-06,0.003329258620818103,6.536847279772063e-05,1.7658329692243876e-05,9.202274522384629e-05,4.25526233347463e-06
37,0.9342560377109583,6.689851117135203e-06,0.030019205316715373,0.0001406328644531137,4.654964325323611e-05,2.9181758756570122e-06,0.00017817548294881967,0.000818737686993562,1.4575130787821816e-05,4.170401668535697e-06,0.008869053394853214,5.091156679014655e-05,0.008877153553943643,2.379571233920624e-05,1.974139135100586e-06,6.769873326972143e-05,0.0003563540071726438,0.01338868961722846,6.525885111431752e-05,3.1581187758725828e-06,0.0026697966382990142,3.334840438829633e-05,1.2230659451786641e-05,9.007105223104287e-05,2.8132862357079556e-06
38,0.9268751012656881,9.733539766501563e-06,0.026799712831374237,0.00029042843137969023,2.9562667271607363e-05,1.066020050643634e-05,0.00032577314498561787,0.0018375037261786564,1.789758975085162e-05,1.0550863434975516e-05,0.009097884199418763,5.538019925598617e-05,0.01149053437540929,1.6913270950841674e-05,7.070082247892473e-06,0.0002543453749018153,0.000587676903256879,0.01904000120598482,0.00026052156867806085,4.79172590757097e-06,0.0028148601339922966,6.511036456524073e-05,1.969817834703503e-05,7.468370496150814e-05,3.604451785397241e-06
39,0.9225724155930237,1.0450154833618989e-05,0.03030927891260201,0.0002474991711360809,4.870065562003525e-05,7.156572342240975e-06,0.00024933183481958823,0.0019976332135293005,2.054080910205988e-05,1.0011630358902801e-05,0.01231523040825986,5.6019652937825023e-05,0.010413262765400744,2.748008494124566e-05,5.777278484291224e-06,0.00015562944329173525,0.0005339946991115346,0.01737132947337701,0.00018217576462709251,4.9156896261351065e-06,0.0032939533856508364,6.8747936096077e-05,1.6441680851289336e-05,7.801703812041669e-05,4.006151856204393e-06
40,0.779668114925225,1.7404227718157686e-05,0.030239566740769826,0.0016914377486445266,0.00010093333492292863,2.0646674640012778e-05,0.0005681038075425896,0.004106964049947945,4.3837539474208585e-05,4.454920858794492e-05,0.017429904346369856,4.398323142344161e-05,0.01801929824571975,4.4653593681418724e-05,1.686209617139598e-05,0.000645226508257536,0.0012894689902989804,0.1321007860756973,0.002255735839753422,1.565823274447327e-05,0.011173684580013792,7.30782362413348e-05,0.00012968415174219121,0.00025543258805153806,4.985026360365791e-06
41,0.9431116374201051,1.0120800928284252e-05,0.023750366186671465,0.000584389747322927,9.005388701241542e-05,1.4342568448802214e-05,0.00017162290947656997,0.0018555402177346965,4.158416205062626e-05,1.5054323184614377e-05,0.011568975038709748,4.878976771372671e-05,0.00643601810662672,2.01500318877103e-05,1.8772719488484506e-05,0.0001344537344590856,0.00029964067521304417,0.010542541550983482,0.0001672714440282056,4.358111800704604e-06,0.0009570177209398974,6.564978959253111e-05,1.610008462845577e-05,7.114990671345809e-05,4.3990942794508825e-06
42,0.9281799284425616,1.5061973880182861e-05,0.02291133938504416,0.0002929488632811434,4.327963657388792e-05,8.99956252887546e-06,0.00026691954724515545,0.002619464971850907,2.190649794026083e-05,1.2178227144887371e-05,0.014119637337692078,6.145989469498011e-05,0.014016426348213776,2.276689070128801e-05,9.1614365796332e-06,0.00019289668453959332,0.0005652838860453838,0.013431058773426121,0.0002898143560696407,5.006002702649936e-06,0.0026959328480380992,0.0001385631671331594,1.1074234448298023e-05,6.485496551261468e-05,4.036066151488095e-06
43,0.9036812614335934,1.4452379357358628e-05,0.03557293342450726,0.00038870627869200817,6.428523889874527e-05,2.145775740744408e-05,0.0002780085246341633,0.0030644536645953323,4.067186967113992e-05,2.979843721834022e-05,0.014795070932548608,4.4442171029631164e-05,0.012633560799718006,3.6939856496234606e-05,1.2385764088354567e-05,0.0002339882959122014,0.0005595345913466167,0.023738138102771464,0.00036079431282231704,9.345610312761937e-06,0.004172522190907552,0.000119728085524404,2.7407096183033384e-05,9.484349155282182e-05,5.269690210818831e-06
44,0.9214512188892027,1.1500701015955134e-05,0.031141525585752776,0.00026817865095451224,5.767238668071343e-05,7.010883868694132e-06,0.00024474214795908194,0.001770315830904921,2.373102860267379e-05,1.0599498646273933e-05,0.012649720681075944,5.4509823904798786e-05,0.010620839092237242,2.998161872345495e-05,6.149457075703049e-06,0.00014407775499640298,0.0005138164950177594,0.017325590925645194,0.0001854047054585071,5.113473940457012e-06,0.003299572990254103,6.613431251989176e-05,1.748891913341629e-05,9.086101869982833e-05,4.243127729123403e-06
45,0.9193882173316931,1.1433576413223466e-05,0.03351899244500677,0.00023854099486384135,5.539536765955572e-05,6.389126744569005e-06,0.00022211797148500814,0.0016610079192643178,2.208732619989249e-05,1.0521252909373765e-05,0.012307505146000423,5.163001099820661e-05,0.010044400495833586,3.1476493463955084e-05,5.090296362414635e-06,0.00013543720336935851,0.0005321707162102137,0.01779052909226463,0.00016694934605756038,4.927079111075976e-06,0.0036190717877927236,5.949076804320671e-05,1.814718448634746e-05,9.428311465333573e-05,4.187953113337038e-06
46,0.9539151577184488,1.075278653230815e-05,0.01625971570906339,0.00023265211159541625,3.029135698019311e-05,4.247956721763243e-06,0.0001701946132294444,0.0013966273085682488,7.443058614876927e-06,4.52535615914892e-06,0.008483804727324044,5.445981887838294e-05,0.00832540241478332,9.074925062895527e-06,3.7618807666655987e-06,0.00012670989643808972,0.0007070059947170385,0.008447476183515238,0.00012714665760150495,1.9887405651021833e-06,0.0015625344234603924,6.222876163782447e-05,8.404558347259252e-06,4.642695800901157e-05,1.9660829793917992e-06
47,0.94580116950375,1.1805132360096953e-05,0.019968388098373403,0.0001744861774600708,3.0047336274661985e-05,5.014533355209954e-06,0.000197853103671116,0.0014668330625574333,1.5409849959802428e-05,6.6951071474957415e-06,0.009653417383675067,6.328562695052644e-05,0.010468977763067619,1.6847559514311693e-05,4.936383388737169e-06,0.00013586071338463136,0.0004453429257051856,0.00948917785034316,0.0001400498986390341,3.0011842381225178e-06,0.0017443876538919213,8.497479184377695e-05,8.137459819151818e-06,6.045542672893992e-05,3.445473900373191e-06
48,0.9364605195626609,2.027903669958235e-05,0.02022433489723032,0.0003902875604902655,2.9805790505301887e-05,6.331464800477662e-06,0.000249763122585822,0.0026596879529222055,1.0087779764488058e-05,1.1089849106949337e-05,0.009229854334234098,5.113628598089708e-05,0.01016272680198841,1.5710119700351414e-05,6.496483878452806e-06,0.00021701409643706,0.001054243109935715,0.015865871484716954,0.00033657923973089024,2.8624327356200507e-06,0.002847098062297244,8.562807659475055e-05,1.4907875934294192e-05,4.513255100581102e-05,2.552028063304629e-06
49,0.9219885164856935,1.0305385650352512e-05,0.03680734374464151,0.00021304050852272142,4.767724439220625e-05,7.023715064726059e-06,0.00019319150218177945,0.001720893618710771,2.1677878621399838e-05,1.079337964838326e-05,0.01085302192286984,5.466685539984555e-05,0.009916297983318839,2.924985600842736e-05,4.694677996737468e-06,0.00013548939064594032,0.0004696027422793488,0.014609283070700963,0.00011565841304456524,5.305671544160682e-06,0.002625615264861649,6.166876350437217e-05,1.4505415641037634e-05,8.048540958001118e-05,3.991099477001043e-06
50,0.9210221818756131,1.1780218410194548e-05,0.030937830863953516,0.0002686975307398094,5.6964649064059666e-05,7.108225640807561e-06,0.0002525613644103644,0.0018252252824404163,2.412430201994073e-05,1.0853391098009936e-05,0.012767730408995218,5.5103562180718235e-05,0.010960924216729746,3.0584635653073015e-05,6.286401592844006e-06,0.0001444605444127352,0.0005085392767675614,0.017389581102818862,0.0001925681238494436,5.156978254839617e-06,0.0033424160373477394,6.93753501357956e-05,1.716337383924456e-05,8.850587604435692e-05,4.276407987613804e-06
51,0.9239401168304867,4.6236860703180625e-05,0.023571977092907936,0.0007168787495068615,3.5872985663573335e-05,4.884666107653347e-06,0.00014785341712950112,0.00460684809249968,1.8196950788492663e-05,2.6675398105419173e-05,0.011562905704447853,4.864148319373542e-05,0.016362309945433962,3.5833317018293006e-05,1.1349306302523541e-05,0.00014246656048413523,0.0004587878310370665,0.015766255265415783,0.00039752573841810533,4.030007588093072e-06,0.0018873618372566463,0.00016525934025739473,6.357440495151711e-06,3.287278165506976e-05,2.502397097050626e-06
52,0.9168916556793754,1.0228819522428849e-05,0.025087897015184622,0.00039835550212917817,3.823467138282241e-05,1.250486345004853e-05,0.00017697402503514522,0.0027984715091520086,2.78119610408511e-05,2.088431308358136e-05,0.011821130467409851,4.113340005643166e-05,0.010354770003686587,2.593892437377142e-05,8.528029508176405e-06,0.00020513375509202594,0.00037816336908008886,0.029111302896950783,0.00027205713342608607,6.752951084608381e-06,0.0021349162034350177,8.129476066142348e-05,1.898524818697843e-05,7.368790624228124e-05,3.186591450010958e-06
53,0.9202064798623873,8.454873983138867e-06,0.030579834474824576,0.00023289408447020653,6.355645442423086e-05,8.416818903928892e-06,0.0004953118546593976,0.0017084467337992134,3.1275558747714195e-05,7.532753502353174e-06,0.013660438854604497,7.813682403160151e-05,0.011121925956093131,3.151457258942414e-05,8.259807387139052e-06,0.0001664470759657998,0.0004970362675924342,0.017110174572941474,0.00019612171411802866,5.676385564893469e-06,0.0035976662642617013,6.269333304631866e-05,2.155303748948078e-05,9.428923578054331e-05,5.862628831356611e-06
54,0.8902895837922638,2.7337168628548495e-05,0.05595764980393531,0.0003640106291125209,8.284589565706874e-05,1.190268814397524e-05,0.0004032196433035381,0.0026592922239305336,6.359021858603154e-05,2.8332683284504138e-05,0.014124892606103513,0.00014153192284247252,0.014343585997910933,7.650305460163796e-05,1.976304982982742e-05,0.0004873192143073004,0.0007597448987752047,0.01577251900545448,0.00030273303205263227,1.1647426512284887e-05,0.003701839288922256,0.00012029213613270636,2.535200711079028e-05,0.00020535901810950127,1.915259448855179e-05
55,0.9288544659817546,7.384427396624162e-06,0.027676628707814465,0.00025158412394745994,7.100517879408916e-05,5.712500292659171e-06,0.00036509640494374675,0.0009743679713345272,2.8868630948269934e-05,5.2245257914817675e-06,0.011653629095941717,9.73561006374398e-05,0.011439405330269754,2.5657723002704616e-05,5.489951739991387e-06,0.0001326479609963582,0.00040012655407670346,0.015103729963711182,0.00014486177500120875,4.3862716703180285e-06,0.0025471748573831373,4.7655287225920955e-05,1.7288634513001668e-05,0.00013504602107171137,5.20601974100151e-06
56,0.9226869460219232,1.1529807982190142e-05,0.03033256892547914,0.00026249340025418395,5.5384564362278566e-05,6.741735179671715e-06,0.0002449446099048954,0.0017511341840574875,2.3045503481300787e-05,1.0142440618166546e-05,0.01248097225648893,5.546283377698878e-05,0.01096329950497459,2.942127104610072e-05,5.919206670311089e-06,0.00013954461830217817,0.0005030033445492786,0.016842954012977966,0.00018157787182970667,5.013841758695926e-06,0.0032302519260221734,6.797733333402422e-05,1.6581670850622458e-05,8.896719956036754e-05,4.1219146153878094e-06
57,0.9103869670555967,1.6222321745707633e-05,0.03321026672171023,0.00030690184961644165,5.983757301400626e-05,7.1815859131539085e-06,0.0003168940664581108,0.0020257405963091256,2.480808016220814e-05,1.2400708333929266e-05,0.01420282864202885,6.86546666674797e-05,0.014677524925958895,3.528378368027834e-05,7.2491676758692105e-06,0.00019106716987166676,0.0006500789248657122,0.018730273128121536,0.00028565286623162734,5.935609738161391e-06,0.004560895275288287,8.92045382091296e-05,1.7685709551773644e-05,0.00010529082870721746,5.154204544016929e-06
58,0.9154325957707005,1.2741376885565591e-05,0.033859971441400606,0.0002951240705418363,7.118701553910845e-05,7.614362299647275e-06,0.0002738397961752702,0.0015708167096323811,2.868877007071486e-05,1.133787776963946e-05,0.013322991046114143,6.27752355845783e-05,0.012155452975510617,3.4196554494097884e-05,6.72654897063681e-06,0.00016014667791994076,0.0005555164274527861,0.0179149836726558,0.00020373681681468207,6.21179254820356e-06,0.003785919325542102,6.874913154116319e-05,2.138918671969276e-05,0.00013202200225009492,5.2654148663746045e-06
59,0.9261590008864311,1.082676980828871e-05,0.027869090571596897,0.0002616732190428924,5.2567839528588744e-05,6.745816717903195e-06,0.0002404701344142324,0.00184422530010076,2.1776524004932652e-05,9.706850793013011e-06,0.01258650036932237,5.230503205868891e-05,0.010097935230919279,2.6844112217855897e-05,6.129355329782959e-06,0.0001348633080467681,0.000484734276391528,0.01677235964902518,0.00018628354088384003,4.49789292703537e-06,0.0030095907487559435,6.665023219467205e-05,1.5656674839890055e-05,7.577916968492167e-05,3.786494963473164e-06
60,0.9214512188892027,1.1500701015955134e-05,0.031141525585752776,0.00026817865095451224,5.767238668071343e-05,7.010883868694132e-06,0.00024474214795908194,0.001770315830904921,2.373102860267379e-05,1.0599498646273933e-05,0.012649720681075944,5.4509823904798786e-05,0.010620839092237242,2.998161872345495e-05,6.149457075703049e-06,0.00014407775499640298,0.0005138164950177594,0.017325590925645194,0.0001854047054585071,5.113473940457012e-06,0.003299572990254103,6.613431251989176e-05,1.748891913341629e-05,9.086101869982833e-05,4.243127729123403e-06
61,0.9468913928636052,9.008614977289684e-06,0.006256233903397493,0.00040401909960281843,1.860967688376252e-05,8.177625905108458e-06,0.00040281839715086335,0.005326628083226566,8.906466987463497e-06,5.628778717343451e-06,0.013776206082835607,3.794500837265042e-05,0.008455253648205444,6.534381719698109e-06,1.6424718569938846e-05,0.0001588846101422294,0.0004355756878861424,0.015587409809854109,0.0006593633704536244,1.5107185286969583e-06,0.0013833846438441343,0.0001343172082729447,5.8850819413850224e-06,8.72309567817585e-06,1.1584232411453978e-06
62,0.9214512188892027,1.1500701015955134e-05,0.031141525585752776,0.00026817865095451224,5.767238668071343e-05,7.010883868694132e-06,0.00024474214795908194,0.001770315830904921,2.373102860267379e-05,1.0599498646273933e-05,0.012649720681075944,5.4509823904798786e-05,0.010620839092237242,2.998161872345495e-05,6.149457075703049e-06,0.00014407775499640298,0.0005138164950177594,0.017325590925645194,0.0001854047054585071,5.113473940457012e-06,0.003299572990254103,6.613431251989176e-05,1.748891913341629e-05,9.086101869982833e-05,4.243127729123403e-06
63,0.920885597616028,1.3662854050229687e-05,0.031013890223723632,0.00028641740353516906,5.821566990764326e-05,7.170991287982681e-06,0.00024574108615696807,0.0018610243265070236,2.4034573244726505e-05,1.1762186145039763e-05,0.01280773029512912,5.720661185452003e-05,0.011094964788238878,3.108444966085121e-05,6.686558073433782e-06,0.0001568628879550152,0.0005657006690475536,0.01707679174630156,0.00020807435040179925,5.208057511863278e-06,0.003392195026187423,7.35417262700512e-05,1.7648293523683265e-05,9.427215547427455e-05,4.515453783517496e-06
64,0.9096887507572562,1.2331881144756527e-05,0.036258568991189705,0.0002552226311731687,6.597884477190215e-05,6.7262857846289884e-06,0.0002791852120136732,0.0017453021615689616,2.383659492549777e-05,1.0938593664292733e-05,0.01373683892063654,5.519152742716979e-05,0.01170218034759986,3.669493687241435e-05,5.394252453496901e-06,0.00014358566396003994,0.0006024936825875481,0.020062339451040773,0.00020205575854121693,5.7145948553312246e-06,0.004905599986545206,6.444189632141228e-05,2.0807228448380878e-05,0.00010524435864643282,4.575440571351234e-06
65,0.8990614374808205,1.6769616043592893e-05,0.05452030184438214,0.00020290142504783226,6.03233608160882e-05,5.337282576559192e-06,0.00019368138719608004,0.0018371907701693422,3.6109518238892524e-05,1.6750891206018695e-05,0.011307283556359241,6.701154246812652e-05,0.01306072650479569,6.917858678412759e-05,4.894421507586861e-06,0.00014027618877238954,0.0004432122292132179,0.014941863275857321,0.00011189059964415032,7.7165824523885e-06,0.003669122444601675,7.837502251197905e-05,1.4803454369582361e-05,0.0001259985956379761,6.843418527341787e-06
66,0.9228193037428355,6.7038922467466955e-06,0.034976637731697076,0.00011018933888407843,2.3422603660949343e-05,2.234955219206685e-06,0.00016039389035963207,0.0018860392332226408,9.692216160782372e-06,5.054458972800073e-06,0.00999867662089574,4.690709927121877e-05,0.014474974772337904,2.5242326118340062e-05,1.7034791319538034e-06,7.25288346321738e-05,0.00024011188006678075,0.012946571292665661,5.271696386609548e-05,4.2213833798586795e-06,0.002046064564140908,5.272221555219479e-05,4.008099440458851e-06,3.2071626150643316e-05,1.8067790907450948e-06
67,0.9395711023556845,1.256650707506248e-05,0.017702290299348274,0.00024109897822566944,6.0676009649392484e-05,7.5090280748637885e-06,0.00028568658229073706,0.0018406623121048926,2.9223740432063963e-05,7.976187586697397e-06,0.015996507467830427,7.555148755606916e-05,0.01069899502268038,2.291158935500979e-05,1.1277536459571078e-05,0.00013623810816812895,0.0003972377348576874,0.010375480996883011,0.00024269816153994154,3.6085966408487513e-06,0.0020752611809441365,0.00012187363425336427,9.496113406681361e-06,6.891396962378909e-05,5.156399328789317e-06
68,0.7470550381177848,1.3546835723172208e-05,0.19418065788196612,0.00040150929133692283,0.00020503560661725331,1.1962888223882467e-05,0.00033762878508203814,0.0011072354143740152,0.0001331141945256112,3.851026393739326e-05,0.010267040336795291,0.00010267859321984008,0.014392334445525698,0.0002117838326757561,7.14849668019207e-06,0.00022656759418143984,0.0004936759066315684,0.024482053528967342,7.746165707118053e-05,2.979708976538256e-05,0.005453952846298689,3.151831858507206e-05,7.156352224122968e-05,0.00064745729617746,2.0727255612747728e-05
69,0.91574605978551,1.1533984367914786e-05,0.034567691286559205,0.00026374115848017555,5.762012315618971e-05,7.136971296743159e-06,0.00024919032250117625,0.0018546486497482474,2.4549144980787018e-05,1.1464474965312749e-05,0.012732560370067923,5.525588203160811e-05,0.01089696263592902,3.364751373419722e-05,5.9125266148187885e-06,0.0001498156510581873,0.0005226864193325541,0.01881616201763689,0.00018236545392153275,5.647194923103308e-06,0.003622466948663679,6.463520106226183e-05,1.8735866748165183e-05,9.504666114818638e-05,4.4637555621337904e-06
70,0.9221135467423912,9.327911929266754e-06,0.03755306479920791,0.00035956690771302797,9.496422870821527e-05,6.349690209858549e-06,0.00026097526456499913,0.001430392617630595,3.2116631965560736e-05,8.695233599672048e-06,0.011842387016141835,4.7939657876619585e-05,0.01026411718078417,3.39563703041959e-05,6.678194898591089e-06,7.877073706475922e-05,0.0003486444065945572,0.012817933996447815,0.00011100413938291315,5.214183596933987e-06,0.0024210010257932728,4.770359889736622e-05,1.7043291176245373e-05,8.489579152173324e-05,3.710381598670965e-06
71,0.8850806407933905,1.3875433963488815e-05,0.049722096074099685,0.0002939977492932159,9.66922313243244e-05,8.204952907065886e-06,0.0003598192526256767,0.002061924579567417,3.86598318378517e-05,1.5786733214766477e-05,0.01519182977203797,6.715117091627069e-05,0.013620791544921431,6.20334879266368e-05,6.940004336788324e-06,0.00018626002093715576,0.000627430308955881,0.0259103280286156,0.00021723052503918127,9.746699627125427e-06,0.006158989150975699,6.941134773254487e-05,2.8045237176571558e-05,0.00014525024279644217,6.864825780625134e-06
