,0,1,2,3,4,5,6,7,8,9,10,11,12,13,14,15,16,17,18,19,20,21,22,23,24
0,0.2587048884632495,0.11643797813350946,0.2330936006191362,0.00565366198435226,0.010895617112407802,9.03913549749262e-05,0.03682311950552756,0.06881879963440946,0.023813141499625223,0.010228730899479576,0.001660319954230107,0.005679239940174651,0.00011518069499607137,0.011766555498544403,0.00018342125876811514,0.00033993145888413243,0.0002415449199823082,0.004163611251520335,0.15152087112085966,0.0001271487557779109,0.0019290482302691029,0.013926595379597765,7.960657383654497e-06,0.008413494771215857,0.03536514690112384
1,0.15626165091337602,0.19985716304787876,0.11427809340921023,0.009174838947488018,0.007940065038142628,6.1009004683004254e-05,0.030902948041436836,0.08420489541291268,0.02017550662947878,0.02338371961257419,0.0007636226691906682,0.0028181166712143418,6.492650632951603e-05,0.013239759583240075,0.00020616287325072363,0.00039416918001454704,0.0002424025487746989,0.0037215672943208817,0.21987376535913467,0.00010663653752533808,0.0038822072673892543,0.01921954781303427,1.0899965595464157e-05,0.006588594943085028,0.08262773073071947
2,0.2117935753147884,0.22776815792571845,0.07749072576596887,0.009259515607255343,0.00702963907572357,5.514816761961727e-05,0.029836349796602567,0.0750639833053152,0.009465932462230483,0.016409522706574788,0.000806019017266366,0.0036258940589338636,5.7966340809377546e-05,0.015426612868351114,0.0002998441593593939,0.00038615536330189156,0.0004503710451364028,0.005102833071165278,0.16513030147352348,9.506405874604291e-05,0.004616783302850166,0.030571940339628182,2.5785011855287417e-05,0.008107160348267696,0.1011247194130082
3,0.19787316251197265,0.24347648661876764,0.10369361629240152,0.011280246506595797,0.008043122967326066,4.9691849533039946e-05,0.02937906000263634,0.0816919230241798,0.010734901064581907,0.018624632639315783,0.0009147084462129574,0.003739285843918739,7.320450315304854e-05,0.014224993500105138,0.00017119963603355338,0.00026892639751424803,0.0003811764368880774,0.006624141128380598,0.14252998157903873,0.00010155351298227501,0.004227717616822482,0.02284923065439639,1.6298057368935715e-05,0.009587053911496257,0.08944368529837812
4,0.19122789855796182,0.2599816734679028,0.11549913036540939,0.011563805835684615,0.009281827622904356,5.522006694268609e-05,0.03014487148300101,0.07282672925778128,0.010987214975808181,0.018596050373110656,0.0009409042240780794,0.003900954891538124,9.448003979730201e-05,0.017364910993507312,0.00016659621793368442,0.0002638897835418699,0.00035790285137620223,0.006641945714247637,0.13386701978956364,0.00010541497105076535,0.003804161584506374,0.02255539682928574,1.6442591680515095e-05,0.009547279839094898,0.08020827767229098
5,0.18195668547814153,0.26944286519385435,0.09793760515689985,0.015107659360894738,0.008779747123717865,4.996138523085065e-05,0.028860389001224337,0.0866502439236902,0.00876957802739379,0.021354559757161135,0.0009541638973594699,0.003653708426700718,8.153885866088203e-05,0.014941093672723657,0.00014020134189064883,0.000244883692441415,0.000408836441706326,0.009099061992710522,0.12062455286496568,0.00011104793086451907,0.004824634194475529,0.021846616032506313,1.967394405642766e-05,0.011283297054948767,0.09285739524578064
6,0.19787316251197265,0.24347648661876764,0.10369361629240152,0.011280246506595797,0.008043122967326066,4.9691849533039946e-05,0.02937906000263634,0.0816919230241798,0.010734901064581907,0.018624632639315783,0.0009147084462129574,0.003739285843918739,7.320450315304854e-05,0.014224993500105138,0.00017119963603355338,0.00026892639751424803,0.0003811764368880774,0.006624141128380598,0.14252998157903873,0.00010155351298227501,0.004227717616822482,0.02284923065439639,1.6298057368935715e-05,0.009587053911496257,0.08944368529837812
7,0.1476188930786065,0.08804070353094454,0.034532895923862494,0.009650926216552955,0.014215141527049974,9.424169430677869e-05,0.010033604934855294,0.09639431557331028,0.004805910358691559,0.03063450086876746,0.00032252070995239664,0.004692942844532233,1.0610212399339844e-05,0.017203125542881084,0.0003131700828109886,0.00118572995915082,0.0005129221768933189,0.004616140098765278,0.3208586805061502,3.97006244461695e-05,0.01610489489029281,0.04859350709634524,5.12821073397568e-05,0.0034312428683281665,0.1460423965727644
8,0.1854832847456113,0.24442299024749126,0.1080917778073633,0.015673800191444594,0.007004869306639331,2.5716675599412463e-05,0.028170496642694696,0.08535691137730946,0.007508456193423708,0.02140927079472301,0.0004048355100624066,0.002543004312015973,7.225917271210898e-05,0.014788315810711791,0.00013307808511140554,0.00027008580484676463,0.00038444763832509574,0.004428148995396538,0.1005295066598872,8.660902537695699e-05,0.003568485244576368,0.014824975670341287,1.9025309526299138e-05,0.01288126278221769,0.14191838599659198
9,0.15895344699746258,0.2790843072399062,0.1690754486636115,0.014876080615035146,0.007168530603259116,1.9464269303707168e-05,0.02725058512974431,0.07915366605436899,0.010835671178610038,0.017251089911164922,0.0004736242890152416,0.0022831990170426807,0.00011505869077654695,0.011931580595542158,9.762106007951776e-05,0.00014257188800468574,0.0003188639373032036,0.004153599591328185,0.07445617330721477,9.408066882036111e-05,0.0022402616581416075,0.009526816449465049,9.581122331731044e-06,0.01660729051199904,0.11388138655046876
10,0.19787316251197265,0.24347648661876764,0.10369361629240152,0.011280246506595797,0.008043122967326066,4.9691849533039946e-05,0.02937906000263634,0.0816919230241798,0.010734901064581907,0.018624632639315783,0.0009147084462129574,0.003739285843918739,7.320450315304854e-05,0.014224993500105138,0.00017119963603355338,0.00026892639751424803,0.0003811764368880774,0.006624141128380598,0.14252998157903873,0.00010155351298227501,0.004227717616822482,0.02284923065439639,1.6298057368935715e-05,0.009587053911496257,0.08944368529837812
11,0.19769221772654563,0.2530638954992754,0.10714600004006021,0.011395118767033453,0.008129595046755003,4.877659866054561e-05,0.029648819180179982,0.07960425770873328,0.010665405440078638,0.01836730097125762,0.0009216506817886547,0.003799822413716534,8.35829587830075e-05,0.01466791675185446,0.00016411807699723415,0.0002539210924961485,0.00038756352931443414,0.006821700691527253,0.13468592885721495,0.00010460467795691029,0.003964808745124733,0.022509800164553197,1.610840605957151e-05,0.010011893547243068,0.08584519242679022
12,0.24451168752831645,0.29644231484943595,0.04917507830009504,0.012870205384592137,0.020054825687302456,9.462222042331427e-05,0.013248120356264896,0.03902446641740694,0.0009494226499290461,0.018537674901920306,0.000728100006298346,0.011525353769113695,9.110997610354489e-05,0.04750353335997139,0.00010412060727931722,0.00037307210242392406,0.0010382420328517547,0.029106889365644168,0.058131316611405234,6.581923586749829e-05,0.006964868885020633,0.08085149936545968,0.00010694116158944634,0.010065494216824402,0.05843522100846046
13,0.23682531111490154,0.1673623570685671,0.15107739262421174,0.008302042124833596,0.00868400113433156,3.549934337694883e-05,0.023900697360108088,0.08224861231168336,0.011750379071626106,0.006990249124388379,0.001715030554466155,0.008997222004274791,7.155538720608209e-05,0.01722840748514892,0.0001975635454289424,0.00015670001228312999,0.0005152127230833961,0.005022549494068271,0.16668914737989426,8.58311242291977e-05,0.004186336659679881,0.0257936865306332,1.1055243441906956e-05,0.006338573254549172,0.0658145873235843
14,0.07871009532868864,0.49478438460280455,0.0704009262940792,0.010700103681885566,0.009972017830466829,5.2706468391603755e-05,0.020588869087011043,0.06138933587949534,0.011670350698182286,0.03557136676096356,0.0007656973295729807,0.0013352822647167484,0.00010072095250350142,0.01011997904801316,0.00011790623151927656,0.0001486730871290421,0.0002206983629743558,0.006391520157849154,0.10555123227312856,7.820564602033942e-05,0.003214769493792621,0.016915092046345188,9.28652918453577e-06,0.010626381590120018,0.050564398355161966
15,0.19787316251197265,0.24347648661876764,0.10369361629240152,0.011280246506595797,0.008043122967326066,4.9691849533039946e-05,0.02937906000263634,0.0816919230241798,0.010734901064581907,0.018624632639315783,0.0009147084462129574,0.003739285843918739,7.320450315304854e-05,0.014224993500105138,0.00017119963603355338,0.00026892639751424803,0.0003811764368880774,0.006624141128380598,0.14252998157903873,0.00010155351298227501,0.004227717616822482,0.02284923065439639,1.6298057368935715e-05,0.009587053911496257,0.08944368529837812
16,0.1854915458228998,0.2606190410884684,0.06262489463484243,0.013890107923369702,0.006769829783799662,6.0626070297068255e-05,0.030030486343830362,0.08929741457496848,0.006946527182096048,0.030944482517573566,0.0008634915132308651,0.0035146078685214834,5.343093578252664e-05,0.014455162697910766,0.0001439570935393812,0.0003753532404916263,0.0003955216694085065,0.01059982007185137,0.14504165586503728,0.00010740528621885151,0.007861147100809302,0.028664612754387548,2.2715748123365366e-05,0.008611656719332079,0.09261450549320965
17,0.21364389215971133,0.2306346849087751,0.11101210876802722,0.018418806257353818,0.008735784422406908,4.724689141121765e-05,0.030684372480541088,0.07812300363224177,0.0067463858706552846,0.017364666628788227,0.0008901858366586414,0.005141419773039447,9.370512213900027e-05,0.023494872819432588,0.00011033233245680551,0.00025832664759676177,0.0003955415276149634,0.00983673355477949,0.10536313745917741,0.0001229778403313156,0.004696117541400959,0.021450440298131056,2.49314169207648e-05,0.00956585589634201,0.10314446991406673
18,0.302630296249378,0.23748950292606538,0.07803776097568481,0.008401144056250864,0.0041099447181753125,2.1978591821961147e-05,0.02450291269176278,0.06445040269854918,0.004610785077589425,0.012961022678881266,0.000551469790781044,0.0049493709499601485,6.287619956934616e-05,0.010885518684573638,0.00010907574487610829,0.0001628018590238043,0.0006530672824346328,0.010194634426137302,0.07647802679812794,7.016333192009373e-05,0.003629358524767042,0.029185932566811512,1.6168925800188226e-05,0.01291760432423484,0.11291817992682332
19,0.18182672507275366,0.24507216086062017,0.1214407201695348,0.01170637217787044,0.00925207738609378,4.990809927579787e-05,0.02793243880178747,0.08371070795981507,0.011867916239215974,0.019155478652495717,0.0009139573266822727,0.004035987016215973,8.439516561161112e-05,0.015380797992602304,0.0001600984585722116,0.0002508196814530193,0.00037240528465385563,0.006317670834581032,0.13980318102695713,0.00010655597527650026,0.003951129097936416,0.022763439718165277,1.4364324136959688e-05,0.009497963395836135,0.08433272928185646
20,0.14908094588575982,0.26530974388601924,0.08513767177403356,0.010089687909120598,0.009101160639817663,3.9914847908327485e-05,0.021575546955508285,0.11043006906455888,0.010390822214692605,0.021013959728899412,0.0007229262898083042,0.003664986426683406,6.314080466008378e-05,0.013023685654035137,0.00020724159192743368,0.0002298280868601583,0.0005249941114381718,0.0057905272609768636,0.16017761180983134,9.075619979804601e-05,0.004826492815094893,0.039026534935620215,1.608140148457289e-05,0.009380121028283598,0.08008554867717935
21,0.2895668535368931,0.18252193811512124,0.1205421698822636,0.012406048540152427,0.007352072669047369,6.447048565894613e-05,0.03997075284642047,0.06240109328251724,0.007324135961661486,0.01764184044225756,0.0009482927525752125,0.006257787221726511,0.00010281781803879876,0.01985898832863973,0.00012781492470572607,0.00044151137006540904,0.0003367263141583709,0.0084218909945629,0.10997610669407384,0.00013409027692140612,0.004083243271616787,0.018029472020451204,2.24922239186563e-05,0.00923809976441103,0.08222929026214107
22,0.03091361620926809,0.46716681204241217,0.04215282362393577,0.007703052489524227,0.006585634794996181,5.624421608447575e-06,0.011203745171584881,0.04646477377722495,0.030051307127364514,0.023963144878427316,5.6271321259954874e-05,0.0002590188861851841,0.00013390461665092944,0.004794329588945768,0.0001889869565464996,4.471913964774017e-05,6.81293393815555e-05,0.0002018684621071571,0.159331664053471,1.5869485221465617e-05,0.0002927793351128321,0.003047176241484973,2.798839508274956e-06,0.007624201630807546,0.1577277475673227
23,0.19787316251197265,0.24347648661876764,0.10369361629240152,0.011280246506595797,0.008043122967326066,4.9691849533039946e-05,0.02937906000263634,0.0816919230241798,0.010734901064581907,0.018624632639315783,0.0009147084462129574,0.003739285843918739,7.320450315304854e-05,0.014224993500105138,0.00017119963603355338,0.00026892639751424803,0.0003811764368880774,0.006624141128380598,0.14252998157903873,0.00010155351298227501,0.004227717616822482,0.02284923065439639,1.6298057368935715e-05,0.009587053911496257,0.08944368529837812
24,0.13800881804904158,0.3119724786815436,0.10291071584823108,0.017864975474340055,0.010749744663752354,5.535722593064784e-05,0.02658699637452808,0.07617175085370369,0.009164600722480251,0.024786764169390896,0.0008527375801256216,0.00348053896331243,0.00010296849293022572,0.021661276806839894,0.00011350284716742371,0.00023278641552269093,0.0002884321001081095,0.007865565868130192,0.12926352107974926,0.00012057651391621386,0.004274301541807871,0.020592452938877678,1.696800608839114e-05,0.008122207894532909,0.08473996088794886
25,0.22599451537554507,0.1755923192986025,0.12655191481326983,0.016721541967379783,0.006684016214743688,2.912213745944426e-05,0.03846806378550941,0.12984187973051792,0.00785821156385452,0.010894848622573011,0.001603251705514167,0.0059894385931281964,9.067810854157298e-05,0.013638398475133106,0.00010596882753882825,0.00017639538720441825,0.0005051630301921452,0.00864990193301531,0.13104831997464,0.0001531514783121661,0.004506311888764858,0.0179179549596676,1.6550900912432945e-05,0.010750626789300005,0.06621145443867989
26,0.30494860764622395,0.22123107820497692,0.12330061661212771,0.008659708578505253,0.005055655967047385,2.3349138336008884e-05,0.027761112060807575,0.08442353727463872,0.00787521025417241,0.01168461872843294,0.0007978738068881936,0.0037062024742720657,9.338719383945323e-05,0.0067762699996031335,0.00010464586721335359,0.0001296797790428084,0.0006651601750572446,0.009893153387374145,0.06421229406902411,8.972800704735604e-05,0.0025006959340528904,0.018551906590188016,1.2159689772779908e-05,0.02247248599669461,0.07503086256466099
27,0.1845383299643125,0.21862002474062864,0.09268046940059088,0.008450875535527957,0.0062600517758330315,5.067748568908613e-05,0.026284586511001694,0.09550001185297223,0.016484295717175954,0.02059719275193945,0.0007094876991359066,0.002750467221575646,4.8479527976689374e-05,0.009912900273132918,0.00023349916318565018,0.00028856276801448547,0.00035387458498705826,0.005013196342051825,0.1647391390366707,9.894925234524196e-05,0.004094608161132668,0.02806656515397756,1.2556653076977232e-05,0.008489410368419976,0.10572178805864524
28,0.19787316251197265,0.24347648661876764,0.10369361629240152,0.011280246506595797,0.008043122967326066,4.9691849533039946e-05,0.02937906000263634,0.0816919230241798,0.010734901064581907,0.018624632639315783,0.0009147084462129574,0.003739285843918739,7.320450315304854e-05,0.014224993500105138,0.00017119963603355338,0.00026892639751424803,0.0003811764368880774,0.006624141128380598,0.14252998157903873,0.00010155351298227501,0.004227717616822482,0.02284923065439639,1.6298057368935715e-05,0.009587053911496257,0.08944368529837812
29,0.19787316251197265,0.24347648661876764,0.10369361629240152,0.011280246506595797,0.008043122967326066,4.9691849533039946e-05,0.02937906000263634,0.0816919230241798,0.010734901064581907,0.018624632639315783,0.0009147084462129574,0.003739285843918739,7.320450315304854e-05,0.014224993500105138,0.00017119963603355338,0.00026892639751424803,0.0003811764368880774,0.006624141128380598,0.14252998157903873,0.00010155351298227501,0.004227717616822482,0.02284923065439639,1.6298057368935715e-05,0.009587053911496257,0.08944368529837812
30,0.19787316251197265,0.24347648661876764,0.10369361629240152,0.011280246506595797,0.008043122967326066,4.9691849533039946e-05,0.02937906000263634,0.0816919230241798,0.010734901064581907,0.018624632639315783,0.0009147084462129574,0.003739285843918739,7.320450315304854e-05,0.014224993500105138,0.00017119963603355338,0.00026892639751424803,0.0003811764368880774,0.006624141128380598,0.14252998157903873,0.00010155351298227501,0.004227717616822482,0.02284923065439639,1.6298057368935715e-05,0.009587053911496257,0.08944368529837812
31,0.25547923980042153,0.1533529135367762,0.048299133883251064,0.005530232523087738,0.004874786708209103,0.00030516981064259525,0.05809581351268329,0.0328843432615847,0.018542499838008406,0.012285057050147543,0.003489115983590268,0.003839902468870856,2.8579857473403414e-05,0.01580865000913799,0.0009941353490906504,0.000850424721307733,0.00021833107910353467,0.004995573339041906,0.2541406443270767,9.27944854400536e-05,0.006936958480832174,0.03310590409987407,4.169424244237643e-05,0.0028887693607565043,0.08291933227114956
32,0.19344287547955674,0.23433008878798164,0.09919412398128684,0.01024556298534616,0.007793349440205399,4.9188769772062814e-05,0.028311090720802748,0.08371269471641005,0.011628000020646005,0.01862727606207914,0.0008650483176055183,0.0035915702641809316,6.68845523655155e-05,0.013631812758143368,0.00018592364048904434,0.000282896924908264,0.0003777957133496102,0.005905281793803251,0.16216694775293616,9.77980903241439e-05,0.004293149491287831,0.024183143505087688,1.517833372156925e-05,0.008733711557252865,0.08826860634045729
33,0.18812793370479583,0.3387920928901743,0.07152959612206829,0.009438942730964675,0.010093701125531306,4.527728423296037e-05,0.02146876697720821,0.07143032035740571,0.0049840457008574765,0.01730167057171685,0.0007753243452298331,0.004528491655750302,0.00010250145247952236,0.01864631170195274,0.0001360866520417228,0.00021980744059427014,0.0005569634286589342,0.009079847814431068,0.1223185750767518,9.518225941252077e-05,0.0034697254365711355,0.04599280588012759,2.118682031698526e-05,0.009422447237833085,0.05142239533289309
34,0.20487681031097751,0.15398122470001002,0.1161045163493443,0.0035534014382262408,0.0037005026656430438,4.8737788642338884e-05,0.03097688618118608,0.053842773581414455,0.05414759210318661,0.012769304028978178,0.0005926577985213215,0.0015324713773163397,4.241219984646136e-05,0.007185421595063546,0.0002817572954910382,0.00023733751231513325,0.00011458492267211497,0.0017184895012924625,0.24604290769914802,5.909442402459097e-05,0.0019067532811422698,0.011874676677361253,3.281344590508373e-06,0.004510028311931349,0.08989637691167478
35,0.18364616515247506,0.26359809486637653,0.1193291792516113,0.011552753682202441,0.011792169038362816,7.244191522058524e-05,0.033605015898041775,0.06239199626844146,0.009295020608864448,0.016820458315750325,0.0011927318330950832,0.004175176396619246,8.787838061199253e-05,0.022361058352529658,0.00024128529398768355,0.00038118708998797476,0.00034930643193265183,0.005557652814676868,0.1428909360416984,0.00010405485840992352,0.004355181770200468,0.0225138913704352,2.5744529419777067e-05,0.009011198897411418,0.07464942094163707
36,0.21077245162055092,0.16013324815024543,0.1265630063388382,0.0065664696545185445,0.00896900918373366,1.556109619049982e-05,0.013939115121957618,0.09812874794028167,0.010237600195782248,0.012067854027346978,0.00033483053734483317,0.0066314742690130254,7.755478611529413e-05,0.012255451005213426,0.00015921849688114772,0.0001963591193547102,0.0007295706083905644,0.002351330838800586,0.19923776740496255,5.230131778087539e-05,0.002641515721856139,0.024858803490489644,7.739798649422618e-06,0.0080049900859637,0.09506802918973842
37,0.4222525207795551,0.1786314621836987,0.11074201165115219,0.0068968476671643604,0.0043684902806812925,2.7252441209519768e-05,0.03190134014127312,0.04015500728564508,0.004226615893484216,0.006199515788061022,0.0008513638829017237,0.005364851465428051,7.382730130217862e-05,0.015616244794879266,8.152162776406563e-05,0.00016270826309543513,0.0003360038739036755,0.008273286622946205,0.07291315090938226,7.171206430586586e-05,0.0021898381147668474,0.016243003286497703,1.2291748274368262e-05,0.009011595123144733,0.06339753680948311
38,0.3425751967773881,0.1673973325690052,0.06847398632067067,0.005799856070184642,0.0046961199271681915,0.00012924553744227122,0.05939661018300475,0.04322469300255518,0.008620763198655892,0.014321982112663712,0.0015036861191434886,0.003643475070556508,4.351935795233418e-05,0.014473942781039393,0.00033279825478375815,0.000759458511008027,0.00025013796970942105,0.00729954666806566,0.15241621927373059,0.00010090236721698691,0.0049372924471993655,0.02513518566577843,3.215987776700784e-05,0.006857694629115394,0.06757819530819507
39,0.18023647588061925,0.11258857796602557,0.11540841351460997,0.014509919365744816,0.010846311048782604,7.237512112920661e-05,0.024715712267862212,0.1299006250564097,0.011109182124543602,0.02293062953816835,0.0009306085430445201,0.005907206968075468,4.2673815273454096e-05,0.01469975236122486,0.00016523344161363174,0.0005953239154709382,0.00038801334821306286,0.00617741288969685,0.2157954625565357,0.00013038516202990577,0.008695035024638344,0.020065165401428307,2.0346094201877626e-05,0.00663818994139521,0.0974309686532624
40,0.02415694341952689,0.17937833932535038,0.06795001485928309,0.08264193351012275,0.012861968194544252,2.963842930595865e-05,0.0256288379204908,0.28508844301784225,0.01232701225171829,0.10672548992305408,0.0005489033714136685,0.000801510891845868,0.00018237784008744544,0.0035729364299606,6.333684716871314e-05,0.000276843644898691,0.00028471240252463836,0.004751062121186044,0.07825303217044775,0.00023425212034787986,0.004238455067747516,0.0022946249952019602,2.5162549633516242e-05,0.0296177673836611,0.07806640131263595
41,0.2459589813415328,0.23630498968867078,0.08029459973783941,0.012086659271441424,0.006190675232154809,4.291249563635374e-05,0.03307811050348077,0.08304713943552672,0.0063602854749169,0.0156685427791698,0.001097647979859982,0.004946797191259492,7.465253457452713e-05,0.013759150860034298,0.00013546134140566497,0.0002451549595043472,0.0005077225511994535,0.010434481363389399,0.12455308164018282,0.00011291703940115759,0.00463793700493114,0.02727233898857153,2.2257407635041784e-05,0.01023137464000821,0.08293612853767313
42,0.18387974763668152,0.2150371244717289,0.08942486763704352,0.009326818941359514,0.007247917448610884,4.566787730762144e-05,0.02695930495601065,0.10050426799407337,0.011172275855268124,0.019090609477653828,0.0008133684611569179,0.0035551508442936987,5.1565034644123214e-05,0.011949903384745544,0.00020952041618543061,0.00032911093785300096,0.000426483004768558,0.005219828065076678,0.1877211523541364,0.00010237649312319123,0.004938159814005433,0.02998953188430491,1.5606901234353194e-05,0.00804829404574541,0.08394134606298846
43,0.10181164619781194,0.2106391799508224,0.04760958198562124,0.010729685836000535,0.011914845093822563,9.635101559934968e-05,0.017097722231990145,0.1331524966182399,0.012688170057114584,0.053880076042781916,0.0006596447639157496,0.0023002629435721366,3.247437586833924e-05,0.009122523757268096,0.0002703906344705509,0.0005765832341524061,0.00042716738824956363,0.005955669965101128,0.2446035062452289,8.277667637519532e-05,0.010116395135490275,0.03887076743313948,2.1305989503702053e-05,0.007335472940970712,0.08000530348688926
44,0.19787316251197265,0.24347648661876764,0.10369361629240152,0.011280246506595797,0.008043122967326066,4.9691849533039946e-05,0.02937906000263634,0.0816919230241798,0.010734901064581907,0.018624632639315783,0.0009147084462129574,0.003739285843918739,7.320450315304854e-05,0.014224993500105138,0.00017119963603355338,0.00026892639751424803,0.0003811764368880774,0.006624141128380598,0.14252998157903873,0.00010155351298227501,0.004227717616822482,0.02284923065439639,1.6298057368935715e-05,0.009587053911496257,0.08944368529837812
45,0.1928188337012746,0.2160942066747537,0.12110177820579134,0.009517446375330316,0.008669900163107598,4.637218582079527e-05,0.03193191527707154,0.09249740013637464,0.013812355866326816,0.01699511606540871,0.0008984907425699513,0.0036482239450562714,8.235556662594935e-05,0.01303715958609879,0.00020435597251183487,0.0002837870257736482,0.0003718435553478859,0.004580629162450653,0.16388408590853085,0.00010279878319398602,0.0033828371255637344,0.021671393110002938,1.3862265401257141e-05,0.009978005088213131,0.0743748475113992
46,0.20914725250902408,0.23869564774343224,0.10103267636191414,0.011215731914016413,0.007805562010012309,4.204224655404031e-05,0.026997229492309927,0.08859788845597752,0.009532407678133136,0.01747680335624367,0.0008823099289059496,0.004089777697088853,7.438149136607805e-05,0.012931345043169458,0.0001633884683753743,0.0002457149459074899,0.0004772377076629499,0.00693918781972325,0.13571290918311948,9.993984531286243e-05,0.004250413592175528,0.024304580790795643,1.6475191205197526e-05,0.010548283489835676,0.0887208130377388
47,0.16960687778098396,0.2531685912669904,0.1083532400727739,0.01295910264217544,0.009209476564703454,5.266455726317695e-05,0.029506932038460634,0.0854250691905065,0.011997358762576345,0.02038903390102083,0.0009476299485938307,0.0033598589987727102,7.756313177385516e-05,0.015170763087402984,0.00017501142250709456,0.00026554508284968605,0.00034919970121189564,0.006225311285388426,0.14758790491104826,0.00010371499269899235,0.0043217186248706565,0.0205557617112919,1.6734664448833705e-05,0.009617869975670741,0.09055706568401546
48,0.15861264317954532,0.31611360383912496,0.03869688825697626,0.006238613131228121,0.004754650649385885,1.5219025540265747e-05,0.020005797101581426,0.10869115836610944,0.005573051964433353,0.018160980138441696,0.0003799310830833401,0.0021467462430014676,6.207489364332763e-05,0.007267917321256244,0.0001801639429822043,0.0001813586814186116,0.0007846463675672981,0.0037824176814074575,0.19661673556933068,5.8333355451705984e-05,0.0030443235596136677,0.03929458454132294,1.3776054109471654e-05,0.010211448864568675,0.05911293618887616
49,0.2042089129107339,0.20390426476641094,0.1336009901059415,0.0116375247515398,0.01057086240331533,6.935010835753454e-05,0.026941586290826294,0.08551381589428857,0.010679035958273133,0.017593741390539434,0.0011637225597626961,0.006563409715892824,8.27044223774796e-05,0.018764717896857727,0.00015812071347110675,0.00030286293495877543,0.00041989175230318224,0.008414932607866172,0.14062409643651233,0.00013276581058464744,0.004797914849407694,0.030985000700782157,1.7133555712149725e-05,0.007979721900906182,0.07487291956237843
50,0.19475972695600482,0.2441488262275301,0.10178603203231444,0.011105390346385805,0.007940581726150555,4.9759974496149854e-05,0.030009800785719038,0.08111543185715832,0.010930057231162554,0.019340217334203866,0.0008696108907323397,0.003548900746025067,7.25330894464145e-05,0.014361299082689748,0.00017036308140028168,0.00027789782825371115,0.00036172186838854745,0.006330538541560564,0.14751804687069833,0.00010035876616135973,0.004136583488640897,0.02279438435733648,1.592242389913993e-05,0.009320660546995973,0.08893535394664548
51,0.1798651726954675,0.2725863393380899,0.09763908861027118,0.01535953594349068,0.007204784904732621,4.06830975871165e-05,0.03253201048166988,0.09613157833201157,0.009057618150406939,0.01990802167669002,0.0010273017915160198,0.003792169874169051,8.333802409635973e-05,0.01579383326407511,0.000106669547095302,0.00016858569546375664,0.0003520205774372956,0.010235621558267564,0.12303116525319525,0.00011330216442945201,0.004686800035968049,0.023926444164375272,1.4099157175887878e-05,0.009569649379786032,0.07677416628253217
52,0.21396568777515124,0.24917323975862454,0.10094940473141949,0.011477160741018932,0.007659466043540526,6.90810405712382e-05,0.03370978821434957,0.0742392809690662,0.01102639769207384,0.01982489631426296,0.0011137967057746937,0.0037657727315996803,7.837263338167686e-05,0.014730437246283597,0.00017202642995292383,0.00029257464381084435,0.0003503222884340473,0.009039260846131684,0.12525533753344076,0.00011892436000032965,0.004362611445300902,0.0245348021187328,1.8761520677822644e-05,0.009853972807922577,0.08421862340847718
53,0.2602477355270133,0.20484734407415403,0.09478276701393325,0.009811112531468802,0.002842885772380512,7.404318722083199e-05,0.09125512361905522,0.05702679385609714,0.01309695467190517,0.014641647017520175,0.0015778173202976938,0.0021628839568787143,6.379886037906811e-05,0.010875332602794219,0.00026611120440956027,0.0004601067892686598,0.00022393379518628035,0.007081069531192288,0.10408045399886995,0.00018190710979584053,0.0033671476612720974,0.016145271830771028,2.8500798869713164e-05,0.010624936159699313,0.09423432110956712
54,0.23511932247500242,0.26483818598547554,0.08536394192446403,0.006909833952549777,0.003656931769464027,4.621666869864644e-05,0.042439105820040554,0.03535446023261649,0.009868794632840211,0.017791111057487076,0.00045109778549075016,0.002400779258076209,6.020606747826219e-05,0.01722739837075898,0.0001914063640018342,0.0003925766654433431,0.00017321764856796694,0.0036730954869329084,0.11821751627280208,8.227143592159641e-05,0.002557880089182201,0.018099568167710044,1.4021673768755198e-05,0.006227946696486589,0.12884311349873978
55,0.2669711224762591,0.2101017803172313,0.1538319568727236,0.010310574857345926,0.004663146820022976,2.9729303016741117e-05,0.029049823565318985,0.06784396558891949,0.014353870805510148,0.012110747747734626,0.0008959035577958201,0.0052515044636233695,0.00012213830358588206,0.009504791713340389,8.031687797152877e-05,0.00010903802161304192,0.0003132708850346885,0.008928679994619042,0.08116288928161766,0.0001151696721905556,0.002153064184779167,0.013143337141418404,6.354642218656465e-06,0.011229348512074777,0.09771747439403403
56,0.1938356753774195,0.2562398683361016,0.10854336940451056,0.01136923440536172,0.008267780847415326,4.8702288067745394e-05,0.029551863736541745,0.07995444345304392,0.010974914688589332,0.018411015402109973,0.0009251912793646968,0.0037352491875499412,8.63438081885724e-05,0.014566791682046734,0.000165356428323237,0.000250920595496925,0.00038465030660339344,0.006663413879842709,0.1359899401601557,0.00010569960437591315,0.0038824125433384368,0.022177054774026327,1.5715344323112544e-05,0.010072884314263831,0.08378150815293905
57,0.15639976372467998,0.19105139234374396,0.1318125434653791,0.009313025937561933,0.012497058559637802,4.019189309448767e-05,0.016208133113618208,0.10411642822105265,0.01258316914051744,0.020689702443844216,0.0006176768198963864,0.00613822485088647,7.657787766038112e-05,0.014937825856091913,0.00015337643311354334,0.00027618102472884307,0.0005207579319374262,0.004395810315548916,0.1992618621836574,8.830596145365581e-05,0.00443999747553401,0.02960844137262185,9.941320285164605e-06,0.00720998113200459,0.07755363060144976
58,0.2006286905811297,0.25774065111827676,0.10481916630624266,0.010836683772354428,0.007868828339601385,4.264489506612663e-05,0.02885665208026164,0.08395923198713331,0.009897168367526602,0.018377240608770284,0.0008759208261237873,0.0036375207798860962,7.912649620086104e-05,0.012763909278748322,0.00016620800777914806,0.00024176993076167755,0.0004461262896627642,0.00695766518473831,0.12680745500421783,9.695828941584971e-05,0.004052492769050379,0.02303663354372354,1.6422339435137746e-05,0.011798222311764087,0.0859966108921292
59,0.19065259505607732,0.24341663940283603,0.09526265254056558,0.011489929071605216,0.008183301720981225,5.4409019681167774e-05,0.029156820866110204,0.07975322669779102,0.011017651118773996,0.01921775575415487,0.000922016934976466,0.0036922766471777007,7.021097578545215e-05,0.015307945538788914,0.00017714945176019954,0.0002833472687600907,0.0003494462193524429,0.00628582651936282,0.15884153721472702,0.0001007841142098167,0.0043274281396088205,0.02353244366224959,1.6607596246487478e-05,0.008152421017074868,0.08973557745134265
60,0.19787316251197265,0.24347648661876764,0.10369361629240152,0.011280246506595797,0.008043122967326066,4.9691849533039946e-05,0.02937906000263634,0.0816919230241798,0.010734901064581907,0.018624632639315783,0.0009147084462129574,0.003739285843918739,7.320450315304854e-05,0.014224993500105138,0.00017119963603355338,0.00026892639751424803,0.0003811764368880774,0.006624141128380598,0.14252998157903873,0.00010155351298227501,0.004227717616822482,0.02284923065439639,1.6298057368935715e-05,0.009587053911496257,0.08944368529837812
61,0.19330991161002953,0.24282342397040546,0.08658162255908737,0.011716169907551552,0.007912668521974817,5.567781291214015e-05,0.029766410275931424,0.08140834855186675,0.010581813070580228,0.02024804016094217,0.0008902950488236759,0.003516037800654467,6.788895937739678e-05,0.015019755860544217,0.0001787288987132266,0.0002967567244344425,0.0003495847897412623,0.006491833655196712,0.16096401614421874,9.980633171969059e-05,0.004434303631034158,0.023990974822444448,1.790995621806773e-05,0.008182906058574142,0.09109511487702386
62,0.19787316251197265,0.24347648661876764,0.10369361629240152,0.011280246506595797,0.008043122967326066,4.9691849533039946e-05,0.02937906000263634,0.0816919230241798,0.010734901064581907,0.018624632639315783,0.0009147084462129574,0.003739285843918739,7.320450315304854e-05,0.014224993500105138,0.00017119963603355338,0.00026892639751424803,0.0003811764368880774,0.006624141128380598,0.14252998157903873,0.00010155351298227501,0.004227717616822482,0.02284923065439639,1.6298057368935715e-05,0.009587053911496257,0.08944368529837812
63,0.1934341467712917,0.2714576348012355,0.0992750280127957,0.010611974302363212,0.007358839697309761,4.5751546801931936e-05,0.029336195623566798,0.07783749244577709,0.010716614182635162,0.01830169865745307,0.0008980210910274721,0.0033381004337412396,7.691563900252012e-05,0.013133930290559476,0.0001702080086605321,0.00023775588146100318,0.0003798803496370371,0.006630219194294452,0.13317418844212323,9.985425060564872e-05,0.003890467217325833,0.02287011921360896,1.5125265533959968e-05,0.010156689594992654,0.08655314908619603
64,0.19496311742830852,0.2330616075341883,0.09244585554754872,0.011366286424658126,0.008109536057171964,5.035352186303688e-05,0.0271914642900813,0.08860863351894699,0.00979185235692469,0.019485152925055687,0.0009881852151048375,0.003958230535043704,5.7501520481244784e-05,0.013295263393324963,0.00018846804094677943,0.0002896562043651037,0.000431840620862373,0.0072185536450015955,0.15429463364707932,9.261458247767465e-05,0.006047504028323251,0.024182093289123487,1.784997230229169e-05,0.009538977630303425,0.09432476807051259
65,0.1713461341548742,0.12061916858846311,0.10233550838191106,0.025666034314802355,0.03549461768467419,0.0003947034012701624,0.017610680509359686,0.05916841688152462,0.004327448787740452,0.032394652293001834,0.001873436686492656,0.01966838775106225,5.3692099063488505e-05,0.06572561330785867,0.0001386486242335981,0.0010461142744855254,0.00037388838227387207,0.0244489322350951,0.1651106939013784,0.00013587188688146286,0.02127266035040015,0.03864968048277561,6.613727609602329e-05,0.003584880730389001,0.08849399701389256
66,0.24508287952920624,0.339180743028642,0.06600754370567911,0.009259482164004377,0.006571026366092579,2.6296710995474566e-05,0.02133688036334854,0.061454174755007786,0.003921803438838423,0.008776482268398209,0.001212883561954894,0.003329961985468982,4.738144164477332e-05,0.00955231970990933,0.0002411334981257076,0.00010759107613238251,0.000878810855679169,0.011264158579915562,0.06060481227531513,4.446795210444253e-05,0.005255819118618098,0.02610546608416185,3.1224122675469485e-05,0.020984918872960712,0.09872173853512074
67,0.26007457976382153,0.14842354512817627,0.15323288907341887,0.01763069654671813,0.007850208225855713,0.00019678201037367807,0.06236069364782414,0.03030431800999032,0.004795245125409031,0.011870564016637893,0.0017893083977105805,0.008841069398047144,9.154931376034022e-05,0.05300457274441431,0.0002226153027959875,0.0011325813359438755,0.0002394406616392439,0.01155153473818877,0.07758199538268633,0.00029241560040565485,0.005632069915942042,0.019074208705117474,9.688770823802992e-05,0.005821082050035077,0.11788914719684948
68,0.38773759050480733,0.19382200658076984,0.03543947345077445,0.013237116508802445,0.0024540442189737344,0.00010334377600987015,0.03225577670503273,0.04236906333036438,0.0020623414841512326,0.011123938671869334,0.002896323750133428,0.0068334248926341335,4.3422131626187596e-05,0.006615654514792182,0.00012091175150353477,0.000252204889493076,0.0007930463031965892,0.07129755553249012,0.030916032064816155,0.0001779879673466442,0.009111382933035941,0.030172886510377413,8.348626875108305e-05,0.014608858994126202,0.10547212626412211
69,0.1444575931377705,0.2000429037606492,0.14806350213841568,0.020467905600882845,0.004529380591349153,2.7003168296714986e-05,0.03225654784643527,0.11093046383600269,0.011726119452926866,0.024801899766551453,0.0005901698523438836,0.00254011791513945,7.714996081401817e-05,0.007991962020337657,9.678412288863618e-05,0.0002804857383681432,0.0003351867879696863,0.0064511847513108785,0.09043085269670666,0.00021187779743939814,0.00404362994204116,0.009232073346883543,1.2630314853074588e-05,0.01441903290976674,0.16598354254385675
70,0.2553584902111793,0.15470357083141434,0.2421643056467869,0.011161733817228328,0.008410475223382407,7.136396007275552e-05,0.03073671094431118,0.022104085757569256,0.006888529821246064,0.008409646466175803,0.0007316846685508797,0.007826422161475746,0.00010214890581780772,0.055581059459270096,9.015283027654989e-05,0.00032142960674001796,0.00015648777175991186,0.005771159405951032,0.06561064770718668,0.00011582841837799257,0.00244326709246654,0.014198568015367938,1.5565281820915418e-05,0.0041675544364257406,0.10285911155914587
71,0.1376542014506935,0.3027151326466013,0.10217610741505924,0.01015267793540105,0.012342891807211365,5.462517271862185e-05,0.018734163068578086,0.07243000370022647,0.01365567201695808,0.024875754983816015,0.000680587340644553,0.003023099312072568,7.417163641638306e-05,0.015063637698726925,0.00018314207238516198,0.0002233915259571747,0.0003310731814102145,0.00486769031329948,0.15466458187855397,6.879789283747892e-05,0.0038551207117516755,0.023864066846736497,1.1767002892511886e-05,0.008402095285240684,0.089895547103811
72,0.2038882851755741,0.262185540353897,0.05167795788476911,0.012045514930998483,0.005078103878208112,3.4908516938226456e-05,0.0356000613382055,0.1377042258575694,0.0059644607711012935,0.019153076955341387,0.001391135170791595,0.003244818153028084,6.670072813601571e-05,0.007118583815243031,0.00013873967267324867,0.0001921966127348736,0.0007190613225104081,0.014050187442605215,0.13345861966118577,0.00011987258611337132,0.005962727727572527,0.030148211648050417,2.1494547889355786e-05,0.015196172143118327,0.054839343105745175
73,0.1732414938103815,0.09268405686186876,0.20387696609159234,0.02350869361659436,0.005494396920113787,0.00010480044338454058,0.06261971696271414,0.07718194334186256,0.020532083668910052,0.02401930668009202,0.0011851696140380103,0.0044951346192782255,9.392910010535008e-05,0.02000644374039935,0.00010059232565192493,0.000880275990155713,0.00013336163611903112,0.005553665254649508,0.14959906138226725,0.0003761083181759144,0.004373864974789332,0.007317284600207427,1.8229584307784033e-05,0.004948775696180984,0.11765464476616014
74,0.29511729929709,0.16673822447611478,0.06473905369615025,0.018782329360086877,0.013746424520391919,9.986398595062887e-05,0.033758745530255214,0.08135391276282357,0.003514162770410754,0.022065971176188793,0.0009800481955799586,0.005259194060907824,7.837083805909147e-05,0.023407572078837095,0.00016604278215369045,0.000853415332765374,0.0005038364716942143,0.010576612585566587,0.1417078633395621,0.00010997281824393997,0.006330806051020141,0.02008986403837627,8.31622546287071e-05,0.011248990797197444,0.07868826077994479
