,0,1,2,3,4,5,6,7,8,9,10,11,12,13,14,15,16,17,18,19,20,21,22,23,24
0,1.4771006301282774e-06,1.9892642625405116e-08,0.9917536874457163,2.9037900119489284e-06,0.00018897137819137353,1.4251191331184174e-05,3.742209313086273e-06,6.0866859183839874e-05,0.0062634935474493395,4.842635473958323e-06,8.768438330230416e-06,0.0013789481549607665,7.326857143389983e-07,3.528972402221916e-06,7.741615742063611e-08,0.00011164121012651292,9.11851550670997e-09,8.981839886874184e-08,7.346042658366646e-06,0.0001911910891841068,7.120574453976189e-07,1.346966455595275e-07,8.483717293334735e-10,4.908430064735827e-07,2.0725581386290882e-06
1,2.551694516533933e-06,4.964000101611896e-08,0.9959320608265197,6.1519032957726e-06,0.0004724743808125343,1.851144402373882e-05,2.9433729926348384e-06,4.1595572175684834e-05,0.0010246391747037707,2.2700835743581306e-06,2.6883053009789775e-05,0.0022840197847384808,2.3700084313369988e-06,4.660336816650906e-06,5.766632834356444e-08,1.8332228099585708e-05,4.1629745205034666e-08,1.1118691533312978e-06,6.574106884006528e-07,0.00015249448723613412,5.910641551541619e-07,2.162007178720341e-07,4.273076608406501e-09,3.911945787972084e-06,1.3999493991213844e-06
2,1.515939710366285e-06,1.9041228190374342e-08,0.9889794970228225,2.5777625720877483e-06,0.00016704358753380586,2.786006427060724e-05,5.923219439770143e-06,5.752301638033265e-05,0.008655799940247929,5.118625772727534e-06,1.2782944083330928e-05,0.0015164112068294844,9.665293591145526e-07,4.125145683140308e-06,9.379657574173473e-08,0.00019603043241653032,5.960353006507608e-09,9.22925863760453e-08,8.986169859860701e-06,0.0003548955996571819,5.578820904426247e-07,1.604489765320195e-07,1.1457186625603937e-09,3.6617693674733486e-07,1.646048895735384e-06
3,1.067464860138033e-06,1.5380855943620505e-08,0.990808979351177,2.1166613755753414e-06,0.00015551880135638912,1.827279805715335e-05,4.098407521517225e-06,4.3488086804214154e-05,0.00748914409179745,4.382587205665199e-06,9.157809069642907e-06,0.0011037196034893197,8.52338566963709e-07,2.9677818089367886e-06,5.322870870252506e-08,0.00011526185524771428,4.073093943241508e-09,7.017005744918554e-08,6.101816914960943e-06,0.0002327120640891614,3.961107582769939e-07,9.239014059522492e-08,5.821541113029402e-10,3.347898021924514e-07,1.1917550870587468e-06
4,1.0349625294024753e-06,1.6725939799124606e-08,0.9912719074866242,2.107650472016124e-06,0.00015942536712119937,1.770773159738123e-05,4.1208213915162486e-06,3.903030754544777e-05,0.007107431203322089,4.282486635149412e-06,8.830857072679768e-06,0.0010493137980587815,9.986692005823459e-07,3.2325489219178062e-06,4.884358706686021e-08,0.00010160405106420863,3.85292326236072e-09,7.120250057973109e-08,5.593663454259067e-06,0.00022135643343100284,3.53152546458461e-07,8.926698000980711e-08,5.612511985979026e-10,3.40427224765397e-07,1.0979286048924402e-06
5,1.0718385609550152e-06,1.5500656710306626e-08,0.9915946911630285,2.388881715173601e-06,0.00016039476124936984,1.6933709523620564e-05,4.015944559117914e-06,4.7397385327725924e-05,0.006726156497036123,4.556450579474546e-06,8.965084902016583e-06,0.0010798078673447354,8.736178591130016e-07,2.8346873823397812e-06,4.91398712748583e-08,0.00010738866865311009,4.607870724208837e-09,7.985202470774001e-08,5.4695886008074946e-06,0.00023479148942662792,4.135999675939124e-07,8.80809222860002e-08,6.068647195755697e-10,3.9255193233877143e-07,1.2184241409596593e-06
6,1.067464860138033e-06,1.5380855943620505e-08,0.990808979351177,2.1166613755753414e-06,0.00015551880135638912,1.827279805715335e-05,4.098407521517225e-06,4.3488086804214154e-05,0.00748914409179745,4.382587205665199e-06,9.157809069642907e-06,0.0011037196034893197,8.52338566963709e-07,2.9677818089367886e-06,5.322870870252506e-08,0.00011526185524771428,4.073093943241508e-09,7.017005744918554e-08,6.101816914960943e-06,0.0002327120640891614,3.961107582769939e-07,9.239014059522492e-08,5.821541113029402e-10,3.347898021924514e-07,1.1917550870587468e-06
7,9.549212897170636e-07,1.6636128895658235e-08,0.9911743330455876,1.8592729803603127e-06,0.00011548506573374638,1.31644983538154e-05,4.166941324507217e-06,3.554605615671191e-05,0.007495714493015131,3.532106500327865e-06,8.758109441829072e-06,0.0008388498484449609,1.118761777534782e-06,2.4118251223608845e-06,3.7558464677942004e-08,7.033757951345204e-05,3.2350232695660596e-09,6.47974984488894e-08,4.453423623640393e-06,0.00022760199750529943,2.4008748061362925e-07,6.584922625403365e-08,3.843146615017528e-10,3.4722546130226166e-07,9.362800307636835e-07
8,1.2849899211383988e-06,1.9983628105511783e-08,0.9883411204534351,1.9562062027206987e-06,0.00019049013209059012,3.1128380504840754e-05,4.250596156539861e-06,4.120148923940991e-05,0.009359483754942529,5.073784564483667e-06,1.378676437845799e-05,0.0015786973195355378,9.699726848706305e-07,3.4745374408196046e-06,7.273687254322896e-08,0.00014436626548769188,4.506674712954501e-09,9.351591844916308e-08,8.045241050724921e-06,0.00027228098747647257,4.901552083350557e-07,1.441061044580807e-07,6.877847603358017e-10,3.06415484418358e-07,1.2570172121479984e-06
9,1.3424982910839267e-06,1.8110928792338368e-08,0.9887348699563522,2.3210498483283336e-06,0.00019836178276606598,3.114514967508314e-05,4.6568345444228465e-06,4.992466780093024e-05,0.008912967429037692,5.689489971812245e-06,1.2730274214437768e-05,0.0015600831907887187,8.959125648922731e-07,3.6628138882401252e-06,7.802151270995666e-08,0.00017963829634982625,5.119449297368267e-09,9.292379644732409e-08,8.742233473719679e-06,0.0002903182242844551,5.738374719549505e-07,1.4657407459528806e-07,8.627146431622765e-10,3.309889645268283e-07,1.403757234765468e-06
10,1.067464860138033e-06,1.5380855943620505e-08,0.990808979351177,2.1166613755753414e-06,0.00015551880135638912,1.827279805715335e-05,4.098407521517225e-06,4.3488086804214154e-05,0.00748914409179745,4.382587205665199e-06,9.157809069642907e-06,0.0011037196034893197,8.52338566963709e-07,2.9677818089367886e-06,5.322870870252506e-08,0.00011526185524771428,4.073093943241508e-09,7.017005744918554e-08,6.101816914960943e-06,0.0002327120640891614,3.961107582769939e-07,9.239014059522492e-08,5.821541113029402e-10,3.347898021924514e-07,1.1917550870587468e-06
11,1.0954262972842936e-06,1.6128133172380856e-08,0.9909044670926946,2.1389104093160186e-06,0.00015182487286869933,1.7963509290056112e-05,4.250031989327213e-06,4.297620800270282e-05,0.007399236438512496,4.361945183002195e-06,9.263794475528123e-06,0.0011017775577640534,9.40100864962504e-07,3.0224535478641036e-06,5.1543667693481906e-08,0.00010987500566561576,4.1552967227763835e-09,7.407191870505299e-08,5.878807812664525e-06,0.0002387901041621132,3.7641915453368283e-07,9.3052199997663e-08,5.873864452047215e-10,3.4994600158480026e-07,1.1718367009127183e-06
12,1.4523935289540588e-06,2.1805580316576505e-08,0.992601417521965,2.6416933924191765e-06,0.0002568280512681953,3.0089349068150703e-05,4.137082780363921e-06,4.3357837839245626e-05,0.004803931448079721,5.526959935213751e-06,1.1626235474704328e-05,0.0018235625545995997,1.1173224886106599e-06,4.964709677203449e-06,6.345787782974294e-08,0.00014847545035430947,7.209455290653909e-09,1.5019479311926152e-07,5.681195198667073e-06,0.0002524208040225337,5.912621520026301e-07,1.7578697518482034e-07,1.2457537214245506e-09,4.644603211308661e-07,1.2939674187962533e-06
13,1.0030149505227112e-06,1.5774618669351793e-08,0.989925427613803,1.8143574449009247e-06,0.00014572161910279108,1.556249144987429e-05,3.4478545980661883e-06,4.177367315384422e-05,0.008319013833399128,3.5713114377009883e-06,9.49157985429717e-06,0.0012140782117257463,7.915476664176731e-07,2.9544278519686156e-06,5.763606954945419e-08,9.297434364769363e-05,3.972550997859962e-09,5.77537068833369e-08,6.489251120712286e-06,0.0002138070081518457,3.8627683758521194e-07,1.0196112625581215e-07,4.6328314988019643e-10,2.6997808348320913e-07,1.1840443650507573e-06
14,8.894437825032108e-07,2.028722384588538e-08,0.9910344332922708,2.1505105669235992e-06,0.0001829479948595251,1.980611785878262e-05,3.98975634313177e-06,4.030497580476668e-05,0.007455230913857612,5.378265479677103e-06,1.0473605753813398e-05,0.0009116342813988719,1.0950228387381769e-06,2.776966295208428e-06,4.421021152529927e-08,9.597994575463084e-05,3.774999135627182e-09,8.114110456611605e-08,5.465773134726951e-06,0.00022553087869256998,3.7006029796637813e-07,8.303818785013066e-08,4.974540796948681e-10,3.952728570026273e-07,9.139729717831474e-07
15,1.067464860138033e-06,1.5380855943620505e-08,0.990808979351177,2.1166613755753414e-06,0.00015551880135638912,1.827279805715335e-05,4.098407521517225e-06,4.3488086804214154e-05,0.00748914409179745,4.382587205665199e-06,9.157809069642907e-06,0.0011037196034893197,8.52338566963709e-07,2.9677818089367886e-06,5.322870870252506e-08,0.00011526185524771428,4.073093943241508e-09,7.017005744918554e-08,6.101816914960943e-06,0.0002327120640891614,3.961107582769939e-07,9.239014059522492e-08,5.821541113029402e-10,3.347898021924514e-07,1.1917550870587468e-06
16,1.3943996769708715e-06,1.7636687354286248e-08,0.9899539696469781,3.009079207382943e-06,0.0001761950597289502,2.1958529300241097e-05,5.041298444798771e-06,6.960207923945492e-05,0.007706655807982993,6.767312864662933e-06,1.0989213316305354e-05,0.0015105891823555624,9.955679022440976e-07,3.2579007645305543e-06,6.097068734098706e-08,0.00018108878348231373,6.360115898145877e-09,1.0065450567132033e-07,8.752390392806232e-06,0.0003369724345480758,6.347168836082345e-07,1.224286199649756e-07,7.853398419917385e-10,4.0836455283250896e-07,1.4093964222399805e-06
17,1.0965888703696535e-06,1.5482839925796637e-08,0.9921768651389163,2.5301483179372872e-06,0.0001567415642724506,1.4559642754510829e-05,3.7701150968848405e-06,4.589458006533146e-05,0.0061718417640836765,4.163756035559476e-06,7.421409245444108e-06,0.0010808147385725974,9.646712521553407e-07,3.263590764540396e-06,4.362169071231505e-08,9.408743355397496e-05,4.622061505796356e-09,7.787489889192695e-08,5.045717254825774e-06,0.00022868901737889703,3.6169342592072353e-07,8.583946833151237e-08,5.855826478781183e-10,3.7722107680754255e-07,1.2831825199579054e-06
18,1.5457466613470762e-06,1.8444193315672525e-08,0.9920986146140862,2.098901753448146e-06,0.00012922529225253468,1.183853934925953e-05,4.003764246440734e-06,5.053491659642708e-05,0.005886565874902028,4.246452521948679e-06,7.777879746457764e-06,0.0014938881803360671,1.0208649761578497e-06,2.819770550243142e-06,4.5671366299120656e-08,8.365298318087817e-05,7.785984051226446e-09,1.1556311822588286e-07,5.4171253365730896e-06,0.00021400716712749378,4.1574491408341176e-07,1.3649594762803395e-07,5.965768524996014e-10,5.036575914326921e-07,1.4979666845994109e-06
19,7.090775201371465e-07,1.3471703837700424e-08,0.9917123099100412,1.846620652295637e-06,0.0001512005384281233,1.3067574338902377e-05,2.900007289565869e-06,3.3823427128824176e-05,0.006925941555329278,3.716733186195533e-06,6.597347104420536e-06,0.0008973068235218558,8.611280584419498e-07,2.6638765620661426e-06,3.484768047642371e-08,6.791502095523688e-05,2.849758410525595e-09,5.211778958030846e-08,4.2988302873169755e-06,0.00017319390442185464,2.7018911261261983e-07,6.621461816181126e-08,3.4631377469702797e-10,2.718650853932749e-07,9.357231120883352e-07
20,1.1580962855607118e-06,1.8570285236651852e-08,0.9895766287719082,2.3895347680603016e-06,0.00018304646385894504,1.6426610263437957e-05,4.09589599665546e-06,6.792097566197715e-05,0.00843868054356357,5.23592991582144e-06,9.49882993033975e-06,0.0013211163650350838,8.45235564711294e-07,3.172669686786457e-06,6.714986128351396e-08,0.00011703421414719884,6.384774371488217e-09,7.907788461030246e-08,8.476969080924409e-06,0.00024160366458143812,5.477915513720757e-07,1.5104952433734028e-07,6.866090291560803e-10,3.962682460538596e-07,1.4022510148437063e-06
21,1.1955540686298197e-06,1.4073106286136035e-08,0.9919809903364541,2.295810856309065e-06,0.00014649379195754442,2.2483224599046197e-05,4.897832417518019e-06,3.822651680609049e-05,0.0059208213442512175,4.8555152207957265e-06,9.053475192132508e-06,0.001391888622576549,1.1860255001306033e-06,3.641313573180105e-06,4.104159083225791e-08,0.0001546104388327649,3.645400696335357e-09,8.814170923081056e-08,5.4084472585498776e-06,0.00031005120204747374,3.58601236779662e-07,8.496563398538064e-08,6.650221926202305e-10,3.1053052720466086e-07,9.988841607609875e-07
22,1.14724293023887e-06,1.4694465662023951e-08,0.9920402376461025,2.0776698567400844e-06,0.0001450210141833611,1.8951147137656777e-05,4.2077522005385054e-06,4.08659016230173e-05,0.006185805435632799,3.96757022402201e-06,1.0337396196853213e-05,0.0011515397185001125,7.796541684642654e-07,2.919446956957229e-06,5.340939404707218e-08,0.0001302908228503633,4.4293184735654104e-09,7.770991079871412e-08,5.523715267035487e-06,0.0002541749831345451,4.339885392491777e-07,9.104851072909918e-08,6.521114923238843e-10,3.427111078166111e-07,1.1342396764437112e-06
23,1.067464860138033e-06,1.5380855943620505e-08,0.990808979351177,2.1166613755753414e-06,0.00015551880135638912,1.827279805715335e-05,4.098407521517225e-06,4.3488086804214154e-05,0.00748914409179745,4.382587205665199e-06,9.157809069642907e-06,0.0011037196034893197,8.52338566963709e-07,2.9677818089367886e-06,5.322870870252506e-08,0.00011526185524771428,4.073093943241508e-09,7.017005744918554e-08,6.101816914960943e-06,0.0002327120640891614,3.961107582769939e-07,9.239014059522492e-08,5.821541113029402e-10,3.347898021924514e-07,1.1917550870587468e-06
24,9.168541040661937e-07,1.6249305639094038e-08,0.9918529040174485,2.5314682052387714e-06,0.000180696472176269,1.6963955690580625e-05,3.5960057666332574e-06,4.3378618954437736e-05,0.006508515219239342,4.714580818819212e-06,7.888518220498597e-06,0.0010351644741796863,1.0093652112187943e-06,3.3902644760491396e-06,4.13043668528397e-08,9.733953275517267e-05,3.7218691456396347e-09,7.050701602177979e-08,5.462304568275172e-06,0.00023355599511433957,3.5477197812022084e-07,8.169228147948942e-08,5.102442431803681e-10,3.195292336292239e-07,1.084066775920768e-06
25,1.0517918059523232e-06,1.4827998934699803e-08,0.9912920673374804,2.5884132486469827e-06,0.0001218513226507566,1.0582054714225836e-05,4.802205482516585e-06,7.382067281394042e-05,0.007037373729111437,4.2238028402471755e-06,9.149668287520363e-06,0.0010301498709761074,9.368019059852497e-07,2.281220837085483e-06,4.357875151219109e-08,9.418971275922659e-05,4.977592204789574e-09,6.779466276624813e-08,6.190792053455342e-06,0.000306636798545615,3.813055431064479e-07,8.213324814639143e-08,4.930093180951121e-10,4.2299889859771456e-07,1.0856947822831995e-06
26,8.749936268790607e-07,1.7436195991453978e-08,0.9740012150467601,4.56406794799478e-06,0.0006351087303612909,0.00024966207872094214,6.134405519486783e-06,6.164249343918783e-05,0.019824528180379282,1.4436164697653605e-05,2.3725949080515737e-05,0.0028342929992854803,5.973715174691852e-07,1.9046213765612172e-05,3.141649516675385e-07,0.0015865205246704613,2.1549761455322502e-09,5.003444825601607e-08,5.107681817854249e-05,0.0006814674295677354,1.9963025558371107e-06,2.789840866336955e-07,2.2822227822998297e-09,6.434973568086602e-08,2.380823308413944e-06
27,1.1820704627626328e-06,1.6239907388922194e-08,0.9878131257456894,2.108104257325536e-06,0.0001462341547871875,2.2002829030836e-05,4.497143275978315e-06,5.027131261437469e-05,0.010397289272249234,4.875091670412993e-06,9.712064360306633e-06,0.0011212576856432551,7.625762186591093e-07,3.0049240892290337e-06,7.360160933887088e-08,0.00014455956987476307,4.235863479693989e-09,6.736959661045518e-08,7.866964447611384e-06,0.000268611659056248,4.3968625833930146e-07,1.156736042689621e-07,6.577596319411064e-10,3.138217427823147e-07,1.6075459302464805e-06
28,1.067464860138033e-06,1.5380855943620505e-08,0.990808979351177,2.1166613755753414e-06,0.00015551880135638912,1.827279805715335e-05,4.098407521517225e-06,4.3488086804214154e-05,0.00748914409179745,4.382587205665199e-06,9.157809069642907e-06,0.0011037196034893197,8.52338566963709e-07,2.9677818089367886e-06,5.322870870252506e-08,0.00011526185524771428,4.073093943241508e-09,7.017005744918554e-08,6.101816914960943e-06,0.0002327120640891614,3.961107582769939e-07,9.239014059522492e-08,5.821541113029402e-10,3.347898021924514e-07,1.1917550870587468e-06
29,1.067464860138033e-06,1.5380855943620505e-08,0.990808979351177,2.1166613755753414e-06,0.00015551880135638912,1.827279805715335e-05,4.098407521517225e-06,4.3488086804214154e-05,0.00748914409179745,4.382587205665199e-06,9.157809069642907e-06,0.0011037196034893197,8.52338566963709e-07,2.9677818089367886e-06,5.322870870252506e-08,0.00011526185524771428,4.073093943241508e-09,7.017005744918554e-08,6.101816914960943e-06,0.0002327120640891614,3.961107582769939e-07,9.239014059522492e-08,5.821541113029402e-10,3.347898021924514e-07,1.1917550870587468e-06
30,1.067464860138033e-06,1.5380855943620505e-08,0.990808979351177,2.1166613755753414e-06,0.00015551880135638912,1.827279805715335e-05,4.098407521517225e-06,4.3488086804214154e-05,0.00748914409179745,4.382587205665199e-06,9.157809069642907e-06,0.0011037196034893197,8.52338566963709e-07,2.9677818089367886e-06,5.322870870252506e-08,0.00011526185524771428,4.073093943241508e-09,7.017005744918554e-08,6.101816914960943e-06,0.0002327120640891614,3.961107582769939e-07,9.239014059522492e-08,5.821541113029402e-10,3.347898021924514e-07,1.1917550870587468e-06
31,1.4742452924786466e-06,1.902319400301153e-08,0.9846774296486661,2.5742349885725305e-06,0.00020963187877306785,5.3090263329378446e-05,6.081425575712574e-06,4.912238770910281e-05,0.012709432132355557,6.312841631320166e-06,1.9836242071374147e-05,0.0016079966234861431,8.158253413237753e-07,3.943750591819519e-06,1.4667966437864447e-07,0.000285352257674803,5.149898568656166e-09,8.774912921372664e-08,1.1518204157489429e-05,0.00035201387615667155,7.95005453410106e-07,1.5656809907744173e-07,1.3113989692039586e-09,3.115518054691668e-07,1.851123556000758e-06
32,1.1316037594385647e-06,1.6019197443432772e-08,0.9901947423017262,2.110475256757053e-06,0.00015593994779837525,1.8835672089406086e-05,4.295872555964236e-06,4.5963670843020714e-05,0.00803246475341998,4.560884892879768e-06,9.392174890448634e-06,0.001152106307347456,8.403836826183041e-07,3.077081773356088e-06,5.880548207885257e-08,0.0001257173425066939,4.281019539893108e-09,6.906261311585477e-08,7.04920214529356e-06,0.00023950241831080524,4.2632967993999823e-07,1.0219390488786237e-07,6.023328661710427e-10,3.269933406920252e-07,1.2656194309659847e-06
33,1.538244770439282e-06,2.459064242612269e-08,0.9920042807518941,2.3547244691424665e-06,0.00021029267482869295,2.272064478012009e-05,4.897974885150877e-06,4.869159514411293e-05,0.005641768693663474,5.229841900670826e-06,1.1040806051753377e-05,0.0016282479028543195,1.3109213012646308e-06,4.674640990551616e-06,5.701958254969103e-08,0.0001301681746378881,6.685528710586354e-09,1.280809683408887e-07,7.194248526650847e-06,0.0002731485637422947,4.697133343408086e-07,1.869690061440209e-07,9.166353504860166e-10,4.4258406317611875e-07,1.1230357983673024e-06
34,1.1048699957432366e-06,1.8433958902535848e-08,0.9938591055847384,3.563838878874241e-06,0.00027431799138561943,2.6907210102960978e-05,4.244012110836899e-06,6.267377287883466e-05,0.0034820146915967,6.322269553367367e-06,1.2759274973772624e-05,0.0017468075962288213,1.0465678449982227e-06,4.219004667203852e-06,5.083309771749564e-08,0.00016270638801471114,8.402422131844012e-09,1.6755447844294448e-07,4.526419857473402e-06,0.00034497413005121514,6.65272955237904e-07,1.5528505903310928e-07,1.4698934552657059e-09,5.66494857292237e-07,1.0726303982693817e-06
35,1.2644289277435873e-06,1.5274666938251076e-08,0.9888303947117727,2.278871166813529e-06,0.00012244525064828872,1.192625044003154e-05,3.907836761642473e-06,6.21059985418173e-05,0.009502911103184932,4.8129464012606365e-06,7.4038652927047385e-06,0.0011147323784280344,9.10039681143692e-07,2.179134783116478e-06,4.321722117004233e-08,8.654105966727444e-05,5.091151480562595e-09,7.667317744681043e-08,6.851869521262339e-06,0.00023684334340666423,3.7580636091030166e-07,9.128005277540172e-08,3.971254190872096e-10,3.9866150127859844e-07,1.484510117150683e-06
36,1.0638677952472892e-06,1.506361314027145e-08,0.9894454457364216,1.8528251161472678e-06,0.00013772834196369634,9.45094106879547e-06,3.275390454811883e-06,5.2985547552241885e-05,0.008777459305995926,4.281527269537246e-06,5.20792043957202e-06,0.001302968116601736,7.622009078707594e-07,3.0130065362535405e-06,5.083871333098911e-08,8.252278441572067e-05,5.091332372420128e-09,4.87410691180748e-08,8.305421799814343e-06,0.00016118530400923385,4.112699216472208e-07,1.1804902967249516e-07,3.800410854767339e-10,2.8637894702328445e-07,1.5559489845383464e-06
37,8.051706700568316e-07,1.8935131965916757e-08,0.9819600499709928,3.3442644834545457e-06,0.00026101433828967736,4.101347728274609e-05,4.9940981075596255e-06,8.062669377589448e-05,0.015783650014457876,9.237451023510967e-06,1.6334498554266233e-05,0.0012638884986755465,8.554314848233758e-07,3.1012082198273745e-06,1.2543392647704748e-07,0.00021026668436138578,5.353148143449973e-09,7.37616390755668e-08,1.0908087456245768e-05,0.00034660259283321947,8.479892436180921e-07,1.3749293236508006e-07,1.1195398656166697e-09,3.720411186619553e-07,1.7253926509361398e-06
38,1.9253051094263623e-06,2.011685121361636e-08,0.9881773525916618,2.2276830155448025e-06,0.00017424152620832624,5.879622654818493e-05,9.047880234799009e-06,3.995792760412863e-05,0.009173888459225277,6.487885511327315e-06,1.8039855484570385e-05,0.0015200241844670584,1.0000619934169397e-06,4.639569467109402e-06,1.213131533305923e-07,0.00039755160197922233,4.167607018446879e-09,1.0123095024417222e-07,9.911880086143418e-06,0.0004020887711197136,6.292876428531007e-07,1.4917824828754565e-07,1.5465360372893182e-09,3.500330039102791e-07,1.441716291205436e-06
39,1.1970902933520307e-06,6.015571551286353e-08,0.9896497860221749,1.2006796206985078e-06,0.00012869288885891425,1.2721772912848868e-05,3.4791001473432475e-06,1.3681883939809993e-05,0.009565762796325908,3.158282787287552e-06,9.305186921603374e-06,0.000493347655716979,2.2607039471279137e-06,2.739893210752397e-06,4.3725655252633416e-08,1.8198163467329555e-05,3.5892670592124774e-09,1.0933652928297002e-07,2.4678366578079684e-06,8.970282120132258e-05,1.1885811405290909e-07,9.251524006313372e-08,2.7791794680968683e-10,6.6824209643065e-07,1.2005212801691346e-06
40,8.496474551821053e-07,1.322633876457802e-08,0.9899509961537175,2.9580937461359713e-06,0.0001525861365151943,2.0274974705670413e-05,5.0354959458341245e-06,6.205148444136381e-05,0.008386390994442315,6.3795308114683446e-06,1.0713169861020934e-05,0.0009323821666119797,9.79439115761602e-07,2.0756440775107975e-06,4.5964134597871936e-08,0.00013295930630640514,4.037289494325488e-09,8.454042738331133e-08,5.105048243957461e-06,0.00032602418382684584,4.3034234210420326e-07,6.374728122340805e-08,6.474803739602782e-10,4.745244844316926e-07,1.1215003973710869e-06
41,9.239961774917877e-07,1.411670040186721e-08,0.9907446474473599,1.9953456660248545e-06,0.00015532842149064253,1.727327573559421e-05,3.7112637468821877e-06,3.945917407689179e-05,0.007753340164500225,4.084439799333294e-06,8.318576622464194e-06,0.0009492794703480383,7.592405601971946e-07,2.8408431187845866e-06,5.1559954320579635e-08,0.00010619415031395596,3.408819864057725e-09,5.742681552690697e-08,5.7585599478391825e-06,0.0002040628146811654,3.643310284964209e-07,7.85761321302851e-08,5.129916541962405e-10,3.0193266728624784e-07,1.1509507448323697e-06
42,6.461094212305287e-07,1.5769897367188626e-08,0.9945193646002027,1.6361031600113394e-06,0.00014030763579921178,1.5569679858319316e-05,2.5984889898368876e-06,1.0488598887412401e-05,0.00456674841818868,2.415957103531366e-06,7.060870802939297e-06,0.0005794818189183139,1.8295864104806921e-06,2.6003236860753763e-06,1.7596810227923104e-08,2.7363739579941538e-05,1.524041757284332e-09,8.214983619411174e-08,1.1032057565241717e-06,0.00011954394677609079,1.0194936445600997e-07,2.5375022330014943e-08,2.836077204656006e-10,3.843744356579866e-07,6.118934426871638e-07
43,1.5003876726791055e-06,2.3846021217440816e-08,0.9837152286897207,3.7750063270873524e-06,0.0003398039884755276,5.099028888316049e-05,5.749846445399447e-06,0.00011802132069423419,0.013129396665813807,1.4683173382679404e-05,1.538425387327961e-05,0.0018058304795070597,8.140005724676824e-07,4.120092297908009e-06,1.344647741871963e-07,0.00039167182687529204,9.110390782938744e-09,1.2375965835879915e-07,1.818446024144805e-05,0.00038031111436401195,1.4277718460517578e-06,2.6911376581113056e-07,1.5568500588991582e-09,4.777191765369429e-07,2.067062370571276e-06
44,1.067464860138033e-06,1.5380855943620505e-08,0.990808979351177,2.1166613755753414e-06,0.00015551880135638912,1.827279805715335e-05,4.098407521517225e-06,4.3488086804214154e-05,0.00748914409179745,4.382587205665199e-06,9.157809069642907e-06,0.0011037196034893197,8.52338566963709e-07,2.9677818089367886e-06,5.322870870252506e-08,0.00011526185524771428,4.073093943241508e-09,7.017005744918554e-08,6.101816914960943e-06,0.0002327120640891614,3.961107582769939e-07,9.239014059522492e-08,5.821541113029402e-10,3.347898021924514e-07,1.1917550870587468e-06
45,1.19274635202172e-06,1.6063883069820006e-08,0.9915636587457772,2.2573259210800674e-06,0.00016258120565629198,1.9936497238566884e-05,3.6337537193435525e-06,4.0928349312984515e-05,0.00655976219556221,4.386630014954647e-06,9.481642594570307e-06,0.001262444500148128,8.13631112206593e-07,3.1765996445363156e-06,5.384406029433009e-08,0.00011995680797375183,4.794374542457026e-09,8.504357330422224e-08,5.745708320590804e-06,0.00023763275808324816,4.483081685789314e-07,9.93724528141057e-08,6.305515459352612e-10,3.3547588618511306e-07,1.3673696178390713e-06
46,1.6890029775030973e-06,2.535708394289334e-08,0.9911886302669016,3.0255175017949933e-06,0.00015563116250598034,1.1044389079980099e-05,4.61974262339803e-06,8.857100044495316e-05,0.00654007181851293,5.33530570769621e-06,1.0900058201813136e-05,0.00164076248165887,1.086408733611156e-06,2.7978715834327037e-06,6.942713081352644e-08,8.450160095975864e-05,1.5107245438469053e-08,1.375492619653485e-07,6.99210532528773e-06,0.00025059521010148606,7.01814181116099e-07,1.937648625968875e-07,8.71444062916235e-10,7.458001401002407e-07,1.856365829815903e-06
47,2.757964827126422e-06,2.3524830143990697e-08,0.9896670771188094,1.8793093240760302e-06,0.00012917158499848366,2.55400345553678e-05,6.1417567324672526e-06,5.225340062402854e-05,0.007080393262347539,5.540114941851058e-06,1.1357739770361698e-05,0.002432856468414538,1.0215429629612031e-06,4.1182962302520475e-06,7.825020919795465e-08,0.0002161005572070845,8.286090653905016e-09,1.4808855934437079e-07,1.0080094385739786e-05,0.00035036552109771695,5.875136407662579e-07,2.703472818147107e-07,9.226202336091773e-10,3.9042253161218686e-07,1.8378770072158769e-06
48,2.101016155500007e-06,3.189576989095165e-08,0.9886332305660026,3.3088432369077556e-06,0.0001884682576319658,1.5627895427011202e-05,7.5033552445586494e-06,0.00011468789635564198,0.008850858884352053,8.251792325405902e-06,1.1475875505328272e-05,0.0016745203115342785,1.3237494254631713e-06,3.955933267318329e-06,9.610420437101923e-08,0.00015913222814302057,1.3900367314893549e-08,1.222985691669231e-07,1.4879129062632922e-05,0.00030665454000351506,8.36685665997549e-07,2.6233855145695404e-07,1.1483311176532707e-09,7.100162983060926e-07,1.9453385692695927e-06
49,2.40369821316856e-06,5.3337652510602584e-08,0.9599769949162111,4.9435103552561594e-06,0.00011649569775810976,1.0952441306801314e-05,2.075123658714772e-05,0.00014730922957320507,0.0393268809706382,1.2518597607607086e-05,1.1629050603867977e-05,9.348734788948813e-05,6.492047791902945e-07,1.2775605800336389e-06,2.4288356561886935e-07,0.00012213629180237784,4.877512637761817e-09,4.4981114972501285e-08,1.5227483830396786e-05,0.00012732065617907505,7.281630291846461e-07,3.142466119101983e-08,7.191432973923013e-10,2.870715039636396e-06,5.045004365900921e-06
50,1.1053274315423202e-06,1.7429071916736205e-08,0.9886743952249909,2.0978557001645295e-06,0.00014653347132943383,1.8221925622897575e-05,5.862029534815726e-06,5.262134567659254e-05,0.009816702025772745,6.9172263375538644e-06,6.5612095513813524e-06,0.0008116106562078637,9.833411923924068e-07,3.381010436396471e-06,4.6085584613068544e-08,0.0001719379439207327,2.876769231036041e-09,5.222785436033088e-08,9.827034662452693e-06,0.00026924460868219853,3.3086310693068293e-07,9.571210474243588e-08,4.590652471741867e-10,3.0096600209895095e-07,1.1511433909985683e-06
51,1.0764485290550802e-06,1.6477240409859447e-08,0.9916840366968396,2.4262391849585283e-06,0.00016259886102515308,1.4167939612350858e-05,3.867863393858319e-06,5.027552137663121e-05,0.006646702647224477,4.374415007932368e-06,8.456478327169336e-06,0.0010993486618925043,9.853500419150838e-07,2.928461531461143e-06,4.4011414027142346e-08,8.79381713373943e-05,4.604930090650889e-09,7.411882475217308e-08,5.590122504824111e-06,0.00022313544414227345,3.737462097038062e-07,8.919521387630273e-08,5.198916721833521e-10,3.8162227838351577e-07,1.1063820257342177e-06
52,7.790141979521989e-07,1.3929388753719495e-08,0.9910351698649362,1.910424198257175e-06,0.00015348151459127315,8.969574315914323e-06,3.024351155131267e-06,5.3329843128190295e-05,0.007605221803367396,3.983023789941998e-06,6.039567820845495e-06,0.0008871728709530957,5.558382795251922e-07,2.4866095923025374e-06,5.096673573551612e-08,8.060670543835871e-05,4.099999528563951e-09,3.869319168354593e-08,7.278567852680671e-06,0.00014779879243189046,4.4050643374136855e-07,8.252311265173253e-08,3.5623045484140557e-10,3.000068007147104e-07,1.2605520579254615e-06
53,1.5555778581991539e-06,1.6487926527375516e-08,0.9876807544603419,2.184475906347868e-06,9.793771026176079e-05,2.8661215953447808e-05,9.286979022145465e-06,4.804822030217086e-05,0.010525739579968335,4.985482874301149e-06,1.4393109149601452e-05,0.0009123323625439358,9.998612951013084e-07,2.642405484060595e-06,8.408373776446809e-08,0.00022919116222570453,3.810580889012084e-09,8.103757484273452e-08,7.093923930814263e-06,0.000431687877712517,3.778768635561269e-07,8.947951495899861e-08,9.875327365994952e-10,4.256141022746177e-07,1.4262173361332516e-06
54,1.7312493795476287e-06,1.7235437581503767e-08,0.989064738835386,1.7633826838779512e-06,0.00010565552187741885,2.535101284453541e-05,6.299802112635206e-06,3.32018161834035e-05,0.009035047746907972,5.128644927221799e-06,7.410077621313174e-06,0.0011918303328241888,8.649936494112521e-07,3.993913161105308e-06,7.078578203637963e-08,0.00021882602269584402,3.1544395222828266e-09,6.657654186541118e-08,7.740735976573454e-06,0.00028762782181018576,3.5651468889980836e-07,1.1171638748267869e-07,6.491119396293518e-10,2.66482720114259e-07,1.8949748492036591e-06
55,1.0631902892804906e-06,1.4857321790709678e-08,0.9907979844366049,2.003203966680414e-06,0.00014116079373648698,1.6782806830647662e-05,3.936305959755809e-06,4.056018614044786e-05,0.007539026830755667,4.092461476392847e-06,8.67364222440203e-06,0.0011039624888055882,8.915541409973236e-07,2.7870487378419036e-06,4.753300507649526e-08,0.00010144487289004461,3.832649451379937e-09,7.008739678655373e-08,5.5694234460182766e-06,0.00022799598355343592,3.4929943140995345e-07,8.560462774641822e-08,5.052958214390678e-10,3.2551218133903196e-07,1.167538532081176e-06
56,1.0874911344874675e-06,1.6562558902942143e-08,0.9909509489805358,2.1372430416221256e-06,0.00015346626155799512,1.768034414611014e-05,4.232311511301548e-06,4.265599631553992e-05,0.0073594316430646,4.37481876205175e-06,9.271234116357871e-06,0.0011001981494059886,9.485878361654651e-07,3.054068207127783e-06,5.192081103598948e-08,0.0001080589526471391,4.184237762839795e-09,7.344849548393513e-08,5.930128062412474e-06,0.00023438106185481958,3.8234097594976164e-07,9.291886963444124e-08,5.794476101701127e-10,3.514573074092459e-07,1.169315096661775e-06
57,2.360752762321563e-06,2.2575158497135187e-08,0.9912754919653806,3.154057540241107e-06,0.00013750558524036797,4.475002504612933e-05,1.2463300788745335e-05,3.193337792823991e-05,0.007406228825696909,3.40730723285256e-06,2.4540940676385133e-05,0.0005634028475370508,1.0297767727332026e-06,3.7380389198368345e-06,1.2765663316522705e-07,0.00017996084208402578,3.432706513479288e-09,1.2359134393142942e-07,3.854360769747017e-06,0.00030311664478605704,3.657620876435541e-07,5.6911475797958494e-08,2.133706483897248e-09,7.806756317626459e-07,1.57861209407273e-06
58,1.104933965103175e-06,1.6472561700345155e-08,0.9912461649441843,2.1223679687063802e-06,0.0001538077305827921,1.621869851811367e-05,4.2193934699431455e-06,4.564710376355847e-05,0.007117187490181114,4.404172928574993e-06,9.170086655328189e-06,0.001068561289585349,8.86958004886437e-07,2.7954403561705944e-06,5.247047012079173e-08,0.00010310279691104647,4.656597256034312e-09,7.556624498905754e-08,5.751027955516233e-06,0.00021662580186541794,4.032612367674357e-07,9.416360704813283e-08,5.986038819055789e-10,4.006695132309804e-07,1.1819042693094971e-06
59,2.1648751732750395e-06,4.668017889336188e-08,0.9473763462449988,6.473614476212967e-06,0.0006093149532888215,0.0002741413995108401,8.41968768428893e-06,9.75415093799057e-05,0.046640947850389254,2.036301544300831e-05,3.947179107104417e-05,0.003289546439008185,1.5153200807030733e-06,1.6681872174894886e-05,3.8470712446351846e-07,0.0007411862940329872,5.243317693526371e-09,1.3793182103645297e-07,8.000254323413668e-05,0.000789104699309704,1.810336644570334e-06,6.043331899740764e-07,2.0404798459259336e-09,1.2390326262738623e-07,3.66271472477286e-06
60,1.067464860138033e-06,1.5380855943620505e-08,0.990808979351177,2.1166613755753414e-06,0.00015551880135638912,1.827279805715335e-05,4.098407521517225e-06,4.3488086804214154e-05,0.00748914409179745,4.382587205665199e-06,9.157809069642907e-06,0.0011037196034893197,8.52338566963709e-07,2.9677818089367886e-06,5.322870870252506e-08,0.00011526185524771428,4.073093943241508e-09,7.017005744918554e-08,6.101816914960943e-06,0.0002327120640891614,3.961107582769939e-07,9.239014059522492e-08,5.821541113029402e-10,3.347898021924514e-07,1.1917550870587468e-06
61,1.2949155782567726e-06,1.6581967104654086e-08,0.9888683806350702,2.5612978074767852e-06,0.00018295533783931934,2.632935532998567e-05,4.710107974626903e-06,5.157201752012506e-05,0.009015212989361471,5.5047480886531166e-06,1.065961952486792e-05,0.0013557407887587838,9.302330722744655e-07,3.6799165589529856e-06,6.895121364510348e-08,0.00016849816628628146,4.552876716440968e-09,7.876903117087597e-08,8.476529812949255e-06,0.0002909607951874292,4.977269211657316e-07,1.1684775800525999e-07,7.716142494573464e-10,3.1511678859938717e-07,1.4332280574292233e-06
62,1.067464860138033e-06,1.5380855943620505e-08,0.990808979351177,2.1166613755753414e-06,0.00015551880135638912,1.827279805715335e-05,4.098407521517225e-06,4.3488086804214154e-05,0.00748914409179745,4.382587205665199e-06,9.157809069642907e-06,0.0011037196034893197,8.52338566963709e-07,2.9677818089367886e-06,5.322870870252506e-08,0.00011526185524771428,4.073093943241508e-09,7.017005744918554e-08,6.101816914960943e-06,0.0002327120640891614,3.961107582769939e-07,9.239014059522492e-08,5.821541113029402e-10,3.347898021924514e-07,1.1917550870587468e-06
63,1.1230090399929259e-06,1.6805807801534238e-08,0.9906084622359188,2.114488045049327e-06,0.00015230895093230602,1.8010083139059736e-05,4.228292522695376e-06,4.3426265681841165e-05,0.007716732140976337,4.383043774961304e-06,9.509945677297494e-06,0.0010842218853722146,8.970090845749841e-07,2.9668314529944907e-06,5.5261331286123856e-08,0.00011049412016279381,4.308018047312363e-09,7.343863311085396e-08,6.231530449629072e-06,0.00023266260741077428,3.9544999305911574e-07,9.563632562808855e-08,5.844379507346056e-10,3.538522254685624e-07,1.2322235862673757e-06
64,1.1611461447245436e-06,1.6756429381219724e-08,0.9905068834042116,2.3185373634647187e-06,0.00017550946452177973,1.8996901924878613e-05,4.188801877088236e-06,5.1346428447730384e-05,0.007628456920042201,4.954212553324846e-06,1.0115376563497146e-05,0.0012244652034822836,7.901842813410705e-07,3.045170094431036e-06,6.550901084713059e-08,0.0001306045224538549,5.149017301579811e-09,7.571094579696415e-08,7.243811357861595e-06,0.00022737545709590514,5.515774724211314e-07,1.0655934982313565e-07,6.755351381176e-10,3.7725376063177906e-07,1.3452660628126523e-06
65,1.0654245732353997e-06,1.57083263377644e-08,0.9896455249902655,1.8027791276518119e-06,0.0001114330813350508,1.0682598771002431e-05,4.4136221728061364e-06,4.7450749998383224e-05,0.009128896329258228,3.541349448947911e-06,8.096367541059484e-06,0.0007593560698359392,7.960555994809327e-07,2.1352525757334244e-06,5.2381099458334444e-08,7.819003325348167e-05,4.0624102255167454e-09,5.246324656638414e-08,6.029473898143602e-06,0.0001884760751985093,3.1287127690972704e-07,7.504333292768333e-08,4.282201020093776e-10,3.980126675407052e-07,1.1987765669165127e-06
66,1.1095448711281052e-06,1.6308096799988377e-08,0.9915280572885095,2.1255865011722938e-06,0.00016814972569557837,1.7430545495650563e-05,3.7963461194395365e-06,4.239061499209804e-05,0.006794924107287394,4.046066407417561e-06,9.644778165953334e-06,0.0011170966129567515,7.811242254945066e-07,2.9568467478455753e-06,6.002952901078682e-08,0.0001026329438737374,4.83085671492204e-09,7.531978238913625e-08,5.520557430888799e-06,0.000196970960524013,4.482046566757975e-07,9.67353627752041e-08,6.57264477467054e-10,3.8841320214490446e-07,1.2758514451890805e-06
67,1.0154514872138283e-06,1.65583875683879e-08,0.9892333000268123,2.0689793604170563e-06,0.0001603668914872178,1.319777474384646e-05,3.5820167613332366e-06,5.340968250025146e-05,0.00929902447962543,4.824837822171729e-06,8.017183249413761e-06,0.0009436124983054951,7.983652934819345e-07,2.3533459487875194e-06,4.92670678388843e-08,8.535644096422736e-05,4.400574443061017e-09,6.0797102748506e-08,7.0601715344452285e-06,0.00017981158418897315,4.035849647839822e-07,8.958848424178946e-08,4.0457565935304784e-10,3.75914588818051e-07,1.1997541687032456e-06
68,7.281904691292456e-07,1.2892018774286953e-08,0.990718379951887,1.845107665257364e-06,0.00015585589348731047,1.1115626819508647e-05,3.3050592986724225e-06,4.200211368142758e-05,0.00808995186704115,4.0857344392540385e-06,5.458561987203506e-06,0.0007188308104611757,6.889527994968497e-07,2.706892408293171e-06,4.020228627996208e-08,8.434971831907138e-05,2.6354697497431428e-09,3.615550188556527e-08,6.450025670916639e-06,0.0001525149484389807,3.0154145163744884e-07,6.369031684101975e-08,3.315076792667234e-10,2.6553021953380527e-07,1.0075663537806591e-06
69,1.23859256102038e-06,2.0077004063699303e-08,0.9891358942901317,2.106776466053564e-06,0.0002476616190399844,2.637797559700405e-05,3.783365028538436e-06,4.426535347341924e-05,0.008756918903524162,4.978273702409922e-06,1.13909485561624e-05,0.001439220892198301,8.698785514351454e-07,4.004214700391583e-06,8.073669212550948e-08,0.00012488182602432443,4.954976176569225e-09,7.679169117290753e-08,8.228978955878924e-06,0.00018567919141401228,5.525154498947261e-07,1.475618216505119e-07,7.716993963153084e-10,3.3757926787146357e-07,1.2779314726550342e-06
70,7.406696878261932e-07,9.472459216321274e-09,0.9948198997825831,1.2416703159010744e-06,9.81029738961929e-05,1.4053082215128876e-05,2.3163208331953434e-06,1.1424544954509068e-05,0.003869951044172575,1.609683606084371e-06,4.736778970615257e-06,0.0009242332367057112,7.778419238647797e-07,4.138714673583695e-06,2.4057787700487093e-08,6.641250373155454e-05,1.5148119525588686e-09,4.131278910551352e-08,2.3759245903606247e-06,0.00017675792408539156,1.2954877274185553e-07,4.8247638226466904e-08,3.0181818680281846e-10,1.2197641276440734e-07,8.508705643024703e-07
