,0,1,2,3,4,5,6,7,8,9,10,11,12,13,14,15,16,17,18,19,20,21,22,23,24
0,1.8131188549585277e-05,1.7181386795879344e-07,0.8976756275501317,0.007470786807222918,7.997866346997607e-05,0.03366762473598865,3.632725853330818e-06,0.00014549897977107594,3.865586810536398e-05,0.0007357179569929311,0.00011491718456850958,6.38756460905058e-08,3.314732129892931e-05,0.00024862193509552486,0.000675352366701543,9.462896354234237e-05,8.807997633941294e-05,2.331446530960381e-06,9.902013212298062e-05,0.039513256668515906,0.00020874289294681874,0.00017485914563445429,0.0002603254737702468,0.018650712241388603,1.140859443268602e-07
1,1.4399125013958382e-05,1.4864579901354184e-07,0.8538252577260017,0.00777133270572362,6.476789734027388e-05,0.05099735035539917,5.141909539623089e-06,0.00015711506069870983,2.579029189286454e-05,0.0006921119154914138,0.00012284813958692424,7.439944172803337e-08,3.624870306384673e-05,0.00034549637295618757,0.000868702113614393,8.422219566880956e-05,9.538019436362415e-05,2.7862321791377797e-06,0.00011047568444834028,0.0666572770048041,0.00037294948457362214,0.000247584826407233,0.00047772718944494866,0.017024650770799937,1.610557466929262e-07
2,2.17275480815502e-05,1.5936227340896845e-07,0.8015598950422799,0.00613591431994879,8.845345428205441e-05,0.04753452459447276,6.208297142130132e-06,0.00023465005605126133,5.8530701825561083e-05,0.0013295083767613002,9.414895950583597e-05,6.435274114897387e-08,3.3044720227236965e-05,0.00031496026491090694,0.000935939890760677,0.00014242537348235052,8.339131408953857e-05,3.0351786650167223e-06,0.0001825817722220723,0.12014576401773223,0.0002849023675224588,0.0003012154506218287,0.0005245968527925787,0.019984144848528687,2.128830787533282e-07
3,2.0749422831715896e-05,1.8938766734587027e-07,0.843669693521055,0.007735512923336542,8.704864706462668e-05,0.05212364611095047,5.352657555366169e-06,0.000202786300890513,5.321693948199158e-05,0.0010846393924180703,0.00011252101967725732,6.869407726900744e-08,3.7880130380035744e-05,0.00029006921182488175,0.0008785296519208891,0.00014141871195897724,9.788553556650873e-05,2.585732245907338e-06,0.0001485860125331909,0.07205500017432356,0.0002780979271041535,0.00022699406922259985,0.0004364777052655269,0.02031089110236415,1.5901828345853236e-07
4,2.0811693469655554e-05,2.1584519911531133e-07,0.8447915315669853,0.008377373175677275,9.23362601573895e-05,0.05329760921296915,5.904055548586131e-06,0.0002125024864962839,5.200684173538009e-05,0.0010418005806501688,0.0001253538888424558,8.628293412428347e-08,4.650065464441504e-05,0.00032648676517296705,0.0008557104748840895,0.00014746612150579676,0.00011392095862486478,2.9714766024534183e-06,0.00015023196433568137,0.07045896481501157,0.0002934884449981667,0.00024357492264497364,0.0004553322609619427,0.01888764892349602,1.7032645210303927e-07
5,2.446186261786796e-05,1.5915464261395976e-07,0.8219811618351021,0.009342221172192999,8.436723870334045e-05,0.04639618412813949,5.972545012953625e-06,0.0002164073612012269,5.8974816748146764e-05,0.0012919352455512166,0.00012047283153181759,6.900833853534955e-08,3.907210453856678e-05,0.0003331361012552023,0.0008201491541476781,0.00015294503904426728,0.00010346401467165537,3.673641234598162e-06,0.00012890568745300269,0.09017173858839009,0.0002880330280147758,0.00023305841523229895,0.0005001869058649165,0.027703056048222867,1.9407214803054268e-07
6,2.0749422831715896e-05,1.8938766734587027e-07,0.843669693521055,0.007735512923336542,8.704864706462668e-05,0.05212364611095047,5.352657555366169e-06,0.000202786300890513,5.321693948199158e-05,0.0010846393924180703,0.00011252101967725732,6.869407726900744e-08,3.7880130380035744e-05,0.00029006921182488175,0.0008785296519208891,0.00014141871195897724,9.788553556650873e-05,2.585732245907338e-06,0.0001485860125331909,0.07205500017432356,0.0002780979271041535,0.00022699406922259985,0.0004364777052655269,0.02031089110236415,1.5901828345853236e-07
7,1.9191414405289147e-05,1.6142873634038244e-07,0.916890585239097,0.004906693964670219,6.211727308747638e-05,0.027384257875453014,3.058425840512487e-06,0.0001486321732526605,2.6238229699965095e-05,0.000591213240776357,8.274298842380694e-05,5.0667913734608093e-08,3.47002227272333e-05,0.00014998593841801161,0.00045114618360130666,6.655108414569922e-05,6.467262067305494e-05,1.827962601951432e-06,0.00012714884261647022,0.037198982604183174,0.0001757936223017619,0.0001335676843641635,0.0001859315216160068,0.011294669894499268,7.8896895453252e-08
8,2.3907000467297337e-05,1.3759982271915395e-07,0.8435164449051011,0.008071740284430274,7.021077605291951e-05,0.034082616681674074,4.792099387882323e-06,0.0001604160685596246,6.0377077042098526e-05,0.001321094738950779,0.0001289712958503487,4.3396291195754056e-08,2.355006826475891e-05,0.0003075223327024659,0.0010735420544039022,0.000114292599151388,7.87595726268515e-05,2.8387874018242695e-06,0.00010164916125817262,0.06643228300244323,0.00024594357052072223,0.0002324245483498378,0.00043468685952081953,0.04351156206558924,1.934541363957357e-07
9,2.1280654089976615e-05,2.5065642621226323e-07,0.8340422318541891,0.007950379858663016,0.0001034750571971512,0.06340112629175947,6.540135915419121e-06,0.00021895995238963893,5.600553144078261e-05,0.001074094550091234,0.00011380176151383438,9.648069561389625e-08,4.699800102155531e-05,0.0003166649587258951,0.0008708459516008804,0.00015947641568720132,0.00011293130879130384,2.9358683058524966e-06,0.00017240932704754407,0.0740585925821552,0.00031694726189781625,0.0002423363509046443,0.0004423632091627719,0.016269072885422037,1.830949060696226e-07
10,2.0749422831715896e-05,1.8938766734587027e-07,0.843669693521055,0.007735512923336542,8.704864706462668e-05,0.05212364611095047,5.352657555366169e-06,0.000202786300890513,5.321693948199158e-05,0.0010846393924180703,0.00011252101967725732,6.869407726900744e-08,3.7880130380035744e-05,0.00029006921182488175,0.0008785296519208891,0.00014141871195897724,9.788553556650873e-05,2.585732245907338e-06,0.0001485860125331909,0.07205500017432356,0.0002780979271041535,0.00022699406922259985,0.0004364777052655269,0.02031089110236415,1.5901828345853236e-07
11,2.1512887645204064e-05,2.0707611117189753e-07,0.8444966602810995,0.008054536771704235,8.974165034884424e-05,0.0535126665129376,5.6299278652994895e-06,0.0002161607621421291,5.397915588086514e-05,0.001052935492613138,0.00011670768813425878,7.546414519776454e-08,4.252121051914646e-05,0.0002929333597472124,0.0008686563797594646,0.0001471691507417958,0.00010613473248052449,2.6772112101997145e-06,0.00015445631001949085,0.07033128056956973,0.0002836316390090938,0.00022673106718326417,0.0004487177839154755,0.019474115668959166,1.61246257889593e-07
12,1.8788311884610518e-05,2.2449986432515656e-07,0.8012989405545922,0.007108532760121113,0.00011370523719536552,0.06425499133747016,6.8096543201957295e-06,0.00018535234170421756,5.028229217102146e-05,0.0010769243744672469,0.00010787647129195355,1.0497913374339678e-07,4.0223118250491794e-05,0.00040276870161783356,0.0008993283658340447,0.0001477361016923276,9.40104309518476e-05,3.847656518782929e-06,0.00014676315672623567,0.10600419333402533,0.0003454805766334498,0.0002607972390368814,0.0005219390538597347,0.01691013394865998,2.45501976861404e-07
13,1.7518211393357972e-05,1.7871966880269415e-07,0.8700770266949244,0.008638603200929351,8.249138167822739e-05,0.045657409182589315,4.5198661837496466e-06,0.00017235666895009578,4.069611557609018e-05,0.0008143435478387491,0.0001610825727929679,7.527651184124781e-08,4.360128702235264e-05,0.0003009033546084968,0.000919982698499658,0.0001253026180166191,0.0001131463453616841,2.3509722138526364e-06,0.0001262827194714418,0.051216934389663904,0.0002672029497338495,0.0002303341486292096,0.0004255617302895954,0.020561968857165165,1.2649028721365008e-07
14,2.2733618272086306e-05,3.11632371925799e-07,0.8421947125424836,0.0058586388401436675,0.00010838657184960752,0.06835110358662477,5.7082956580403266e-06,0.00018617592527738136,4.408534910878546e-05,0.0010368435092487558,0.00011284531462565751,1.006870881991049e-07,4.685724230832072e-05,0.000292251757468538,0.000808370050542153,0.0001445906889716117,9.301224519761729e-05,2.549248634982252e-06,0.00022494095680771815,0.06645215548062554,0.00032927576393374376,0.00024278678868878777,0.0003879864944485282,0.013053407579332212,1.6983028753892568e-07
15,2.0749422831715896e-05,1.8938766734587027e-07,0.843669693521055,0.007735512923336542,8.704864706462668e-05,0.05212364611095047,5.352657555366169e-06,0.000202786300890513,5.321693948199158e-05,0.0010846393924180703,0.00011252101967725732,6.869407726900744e-08,3.7880130380035744e-05,0.00029006921182488175,0.0008785296519208891,0.00014141871195897724,9.788553556650873e-05,2.585732245907338e-06,0.0001485860125331909,0.07205500017432356,0.0002780979271041535,0.00022699406922259985,0.0004364777052655269,0.02031089110236415,1.5901828345853236e-07
16,2.3123195566381362e-05,2.0084436560465497e-07,0.7984043225087548,0.010301187094889282,0.00011101622377501961,0.05257573038227281,7.574160360334629e-06,0.00020098297681306814,5.294783865045758e-05,0.001816015378135325,0.0001402248696896468,1.1118561475208758e-07,4.0931875555814446e-05,0.000502857849809419,0.0009098356674040064,0.000181243214894402,0.00010927886380943547,4.9992381254200585e-06,0.00014841594529525437,0.10739122213859344,0.0005417381334483834,0.0003253175077961795,0.0005623762639557793,0.025648058925672085,2.877167528944013e-07
17,2.4059306617393782e-05,2.0403392588656102e-07,0.8348819129375938,0.007416030722968289,8.909373380644503e-05,0.040625368514651546,5.95055743157154e-06,0.00023151295320151006,3.960583880032082e-05,0.000950001826548838,0.0001150151368384234,1.344262025375643e-07,5.504524491904755e-05,0.00040265222395462165,0.0005967344862954876,0.00012228312531984597,0.00012423203618707615,5.219963271874413e-06,0.00015706286061229095,0.09670598910416284,0.00036886932632826283,0.0003175399896806663,0.0005170592731345913,0.01624818076089547,2.4161665133440256e-07
18,3.150252341425732e-05,2.9597115589786316e-07,0.7425272802764669,0.008644170235858816,9.131863533477089e-05,0.07064130590841664,9.654590633578945e-06,0.0002818813000344391,9.645066035813814e-05,0.001816037704501222,0.00013979553686052895,1.4195341548534675e-07,5.648579928523015e-05,0.000607749464898957,0.0010637995179497485,0.00018954806757856476,0.00019361435534413245,6.31815020536098e-06,0.00018513805973996555,0.14206759085423032,0.00038881340071127845,0.0004928909847889929,0.0008515042378420636,0.029616223049719153,4.887612555350259e-07
19,1.8311968632510543e-05,1.8629902867332922e-07,0.8622236509982115,0.008173334194934276,9.386471184824804e-05,0.04410514575861172,5.310517538867218e-06,0.00019851528832228962,4.3721629156833365e-05,0.0008686311771583079,0.00010785279527491382,8.241934311551707e-08,4.3175447604480464e-05,0.0002807998887167746,0.0007093622521431578,0.00012818523834071485,9.642458911410408e-05,2.826408899221948e-06,0.0001307617968983824,0.0660290186442183,0.0002721404886085265,0.00019885622641554028,0.0003700299306470949,0.01589967293607861,1.3839425407698866e-07
20,1.4458715240370653e-05,1.6205979248529048e-07,0.8426080887220116,0.008275951933966054,8.246399014180027e-05,0.054737635870140265,6.119509970912846e-06,0.00020256788446489625,4.4044703742168415e-05,0.0009099076788841123,0.00012920874030026148,5.5407903735759805e-08,3.0550694286416286e-05,0.0002852912922377025,0.001505584551092462,0.00012765168816021883,8.737717474597625e-05,1.7485026290102427e-06,0.00014828727895096678,0.06878916070012397,0.00034099138988426047,0.00024641277079850103,0.0005534279132276388,0.02087270418052731,1.466467769394526e-07
21,2.7945683999729077e-05,2.175376214486384e-07,0.8395458387125503,0.008061397944658983,0.00010831209872264187,0.044935319625830764,5.553602618333401e-06,0.00019333625597398464,5.592046016931682e-05,0.0015437011600619676,0.00012641778844988685,8.993529421370513e-08,3.8553977629941805e-05,0.00033839039441286255,0.0007613619296898828,0.00015975185444623514,9.346509472561589e-05,3.868130965802301e-06,0.00016358446778109317,0.07967035830421637,0.00036562302504545104,0.000251302115819344,0.00040277382980131315,0.02314670688477569,2.0918473892766504e-07
22,2.0100109245011753e-05,1.4910446058688238e-07,0.8628328355862812,0.008372024855723961,7.492188404266676e-05,0.04021340580893966,4.175990068300193e-06,0.0001693941857929553,4.4843291871405216e-05,0.0011474950736810267,0.0001263980769076476,6.092817448178438e-08,3.297589199536202e-05,0.0002919989592375968,0.0007942725481958272,0.00012005641291565568,9.7436595977287e-05,2.576081483426325e-06,0.00012096756881843113,0.06054608463938916,0.00028454074048850207,0.0002288909996572401,0.00036779394795201663,0.024106462108435048,1.3861026557266543e-07
23,2.0749422831715896e-05,1.8938766734587027e-07,0.843669693521055,0.007735512923336542,8.704864706462668e-05,0.05212364611095047,5.352657555366169e-06,0.000202786300890513,5.321693948199158e-05,0.0010846393924180703,0.00011252101967725732,6.869407726900744e-08,3.7880130380035744e-05,0.00029006921182488175,0.0008785296519208891,0.00014141871195897724,9.788553556650873e-05,2.585732245907338e-06,0.0001485860125331909,0.07205500017432356,0.0002780979271041535,0.00022699406922259985,0.0004364777052655269,0.02031089110236415,1.5901828345853236e-07
24,1.9661791615709012e-05,1.970904812460572e-07,0.8390143088233291,0.010716814976182328,0.00011888568583479343,0.05226149837905243,6.371833535149881e-06,0.000222376072504519,5.023176615731256e-05,0.0010599404038376852,0.0001313132763293351,1.0049441179416833e-07,5.1830197537604136e-05,0.00037600149060042465,0.0007938132444656373,0.0001964836168077588,0.00011015667170200461,3.645360376823221e-06,0.00013453355884603243,0.0750118903793341,0.0003048098961516198,0.00021793462727554775,0.0004747307306307172,0.018722304681078404,1.6495192185296529e-07
25,1.9857275768096716e-05,1.1610524425116724e-07,0.8697690993024164,0.009177784681404736,8.368385668496722e-05,0.031283871238637066,5.058760193793925e-06,0.00022596886951763867,3.614567726378529e-05,0.0009469702563146175,0.00011344077452308621,5.567228888809187e-08,3.840897289209944e-05,0.00023637491244599427,0.0007297164553435996,0.00013474516520518484,7.93116198689713e-05,2.6747530569823547e-06,0.00013331119400039382,0.06725346445125811,0.0002677966342858598,0.00018444732634438434,0.0003737341655699236,0.018903845154160645,1.1672531051755793e-07
26,5.474569497444625e-06,2.0154276490010812e-07,0.9240740729648758,0.003424734720776692,0.00014273082871661243,0.028535982928255075,5.091493688984822e-06,8.768225369967344e-05,5.443692096024353e-06,0.0011127609219896836,6.23634993521472e-05,1.3650219805122235e-07,3.826588180802404e-05,0.00041579359358351076,0.0003797063301971426,8.521345943784882e-05,3.4524249808071984e-05,2.195024925350507e-06,0.0002334688844270347,0.038869227686368156,0.0005587270944910856,0.0003129607389470464,7.908825540362716e-05,0.0015340579785530965,9.490413887792973e-08
27,2.0638335089477373e-05,2.1631649682941767e-07,0.7950353312533548,0.008014626481016248,9.373984628445182e-05,0.0650725044099313,7.3666438300098255e-06,0.00022478400623587893,8.388462280753682e-05,0.0014234945856062228,0.00013354979032814674,7.055332954492022e-08,3.798108819843866e-05,0.00038393048340329113,0.0013595024068722681,0.0001700423294304725,0.00011868637941023627,2.6629156592929465e-06,0.00016279808554137617,0.09857851900303488,0.0002897470916785652,0.00033401554397640787,0.0006310257405044324,0.02782065142445223,2.3066352734744094e-07
28,2.0749422831715896e-05,1.8938766734587027e-07,0.843669693521055,0.007735512923336542,8.704864706462668e-05,0.05212364611095047,5.352657555366169e-06,0.000202786300890513,5.321693948199158e-05,0.0010846393924180703,0.00011252101967725732,6.869407726900744e-08,3.7880130380035744e-05,0.00029006921182488175,0.0008785296519208891,0.00014141871195897724,9.788553556650873e-05,2.585732245907338e-06,0.0001485860125331909,0.07205500017432356,0.0002780979271041535,0.00022699406922259985,0.0004364777052655269,0.02031089110236415,1.5901828345853236e-07
29,2.0749422831715896e-05,1.8938766734587027e-07,0.843669693521055,0.007735512923336542,8.704864706462668e-05,0.05212364611095047,5.352657555366169e-06,0.000202786300890513,5.321693948199158e-05,0.0010846393924180703,0.00011252101967725732,6.869407726900744e-08,3.7880130380035744e-05,0.00029006921182488175,0.0008785296519208891,0.00014141871195897724,9.788553556650873e-05,2.585732245907338e-06,0.0001485860125331909,0.07205500017432356,0.0002780979271041535,0.00022699406922259985,0.0004364777052655269,0.02031089110236415,1.5901828345853236e-07
30,2.0749422831715896e-05,1.8938766734587027e-07,0.843669693521055,0.007735512923336542,8.704864706462668e-05,0.05212364611095047,5.352657555366169e-06,0.000202786300890513,5.321693948199158e-05,0.0010846393924180703,0.00011252101967725732,6.869407726900744e-08,3.7880130380035744e-05,0.00029006921182488175,0.0008785296519208891,0.00014141871195897724,9.788553556650873e-05,2.585732245907338e-06,0.0001485860125331909,0.07205500017432356,0.0002780979271041535,0.00022699406922259985,0.0004364777052655269,0.02031089110236415,1.5901828345853236e-07
31,1.143078132025953e-05,3.300609769223103e-07,0.5741778501978267,0.022470981244315052,0.00014395286819996367,0.2451212757114062,1.2434794512724668e-05,0.00016618426977873287,0.00022910453622003611,0.0028895262807293203,0.0003637293434873589,7.241733587641348e-08,4.382601356408166e-05,0.0009268734093433874,0.004207682811301818,0.0005182321161538454,0.00024232171125806025,1.6251102877852688e-06,0.00010321554595540521,0.07807453208094174,0.00039624730333865483,0.00044179694905948936,0.0012687048966904847,0.06818783111168755,2.384343083560988e-07
32,2.090774874812913e-05,1.9657105532520902e-07,0.8435189392354041,0.007008237107078371,8.875628599411805e-05,0.05241011380390524,5.426821324059115e-06,0.0002087777164996248,5.072383077840254e-05,0.0010598398786396874,0.0001097514289735613,7.029306308757521e-08,3.77489194779156e-05,0.0002860772647100676,0.0009141281145399863,0.00013909043556776016,9.448676291673914e-05,2.488742883158356e-06,0.00016918297343164866,0.0743314326641959,0.0002825338679242579,0.00024271081017862637,0.0004455747512500109,0.018572640064133745,1.6390732633343945e-07
33,2.0281070340568122e-05,1.8549199395623445e-07,0.8445109346800299,0.007583063974877256,8.66414346143413e-05,0.05174910885928703,5.3104948537094715e-06,0.00019782764345572693,5.21667506619484e-05,0.0010705470953607664,0.00011192094055227784,6.643399440134839e-08,3.6378131821730096e-05,0.0002854454435693514,0.0008988110060254951,0.00013850136368353454,9.40082672809829e-05,2.518129976290525e-06,0.000147007040601627,0.07169339845558959,0.0002786737125733967,0.00022415898404451896,0.0004342006280291866,0.020378686206735573,1.5776004674017128e-07
34,1.341965980904158e-05,1.7238752606494185e-07,0.7788626366757601,0.013045953338452513,0.00010192181703244313,0.08189958340881417,7.804197318542033e-06,0.00021446332296006805,6.158108397326303e-05,0.0012931283609971423,0.0001188408727156861,7.950128132820882e-08,4.301817711083255e-05,0.0004371792836224901,0.0010990399793131698,0.00021062805117602428,0.0001220721347622276,2.933918328592769e-06,0.00010250216153443404,0.09925337591788437,0.0003796061309985105,0.00022317334623609067,0.0006206560526385574,0.021886052226417194,1.7799333701184364e-07
35,7.343768299289829e-05,2.2804118482798778e-07,0.9022046799833193,0.0047988246067266005,7.541699052843956e-05,0.01622512637386861,3.5937889580597423e-06,0.00023996048718679487,6.92914703031921e-05,0.0016732216825770833,6.90112428552898e-05,8.580023137108408e-08,4.2153840625684684e-05,0.0001800929276344368,0.00022751970944745223,0.00010132357547455117,8.853122623331749e-05,6.573716135379337e-06,0.00019434422719529976,0.05448453876833065,0.00016063770355596925,0.00020397165762631777,0.00013982975447059148,0.018737409307639005,1.9543489906584827e-07
36,2.04184450618665e-05,3.0064264748500587e-07,0.7401836136761779,0.011945146407412687,0.00010759713690614908,0.10986131737135817,8.920530023135417e-06,0.0003638133559520353,0.00013766822082489122,0.0015288619028578604,0.0001429514868822722,1.3277211142087344e-07,7.734493101569405e-05,0.0005305332652114799,0.0012446709392807053,0.0003351882802760332,0.0002796068469639967,3.1617056320355015e-06,0.00019153070179464175,0.10916943010589507,0.00027013286015175567,0.000432166224374558,0.000896173561071355,0.02226907809539969,2.405347169604234e-07
37,2.8665018616348244e-05,1.2296297755344475e-07,0.8757876970697255,0.00721666884187969,6.087787330807048e-05,0.026784649844936153,3.8049231382586975e-06,0.00016427349218177363,4.196512619090103e-05,0.000988529865154472,0.0001094054653354702,4.898786731129355e-08,2.941803263429778e-05,0.00021755409284876216,0.0005998138896051915,9.229546604599673e-05,7.70931193292056e-05,3.1448312352628333e-06,0.00011319755947565265,0.05743416028901198,0.00020668017826595063,0.00017811548044640972,0.00030634943010775803,0.029555327706969847,1.4045271225470753e-07
38,1.625478272931685e-05,2.0022887634838043e-07,0.8196828088086421,0.007768402246257963,9.658687547889092e-05,0.0794492337925665,6.483505068717102e-06,0.0002227611761879229,4.611370610655595e-05,0.00097956329055361,0.00011911583869106708,6.575698892875469e-08,4.427890395009899e-05,0.00028416137578558153,0.0011777493790015698,0.0001936136516653782,9.644434989565832e-05,1.8119521230452979e-06,0.000194401464860402,0.07266415307317055,0.0003139436827782294,0.00022675338584946845,0.0005603093593064301,0.01585465236084895,1.370526167066939e-07
39,3.9686478637184126e-05,2.442407709980471e-07,0.8815497005704257,0.005613524613323273,7.521615445275444e-05,0.019902285283618554,2.2210804711995358e-06,7.745717808600703e-05,0.00011077144335521989,0.00215176990328824,0.0001791995995603621,3.461830642446488e-08,2.490159730976171e-05,0.00032369692654873417,0.0004596595510905985,7.087193154370908e-05,8.714589071112273e-05,2.414757547885053e-06,7.791146151219626e-05,0.026089903774223662,9.073377006135964e-05,0.00027082442523235055,0.00011585077189753569,0.06268385805403458,1.15923990513105e-07
40,2.869053849319749e-05,1.5770033309396682e-07,0.7540283859824971,0.0169532567880483,8.778229490284736e-05,0.06588622553316342,9.246075123433378e-06,0.00032695660821640665,0.00011261088357955937,0.0020533051691032475,0.00016903932462009112,6.757561325761994e-08,5.8787354872097485e-05,0.00043250731981904066,0.0010494786544183556,0.0003123975339557704,0.0001740648200359207,4.3722626545404366e-06,0.00012687837211601004,0.11093670464827345,0.00030687380818040074,0.0002679356942046216,0.0008299492412674793,0.045844099285054965,2.2653145349478676e-07
41,1.956831587443623e-05,2.0620747612728117e-07,0.8519307625317061,0.007807696271288471,9.078071122324861e-05,0.05434463403996779,5.110815579752574e-06,0.00019562525919790535,5.653595474451393e-05,0.0010427478669600419,0.00010784133011551156,6.725295965415904e-08,3.830901352939223e-05,0.00027476306784055205,0.0008330183337610081,0.00014309330749933606,9.698568008488541e-05,2.3689252978233063e-06,0.00013766892796821415,0.06328264044378593,0.000254036568004035,0.00019991557320987139,0.0003858406834764034,0.018749642067091187,1.408513581567025e-07
42,2.2201515969292377e-05,1.9278926555602949e-07,0.827427068038677,0.008873348535414867,8.913885275696855e-05,0.057539892916762286,5.9032655476501295e-06,0.00020202473110874129,6.078825496691306e-05,0.001158442115157502,0.00012269523717722678,7.125231060650077e-08,4.062534971367737e-05,0.0003219228577770312,0.0008933851489564412,0.0001563627820740909,0.0001067214612233513,3.062246649258277e-06,0.0001321041925110337,0.07752402036676709,0.0002723093423511159,0.00021828868001191743,0.00048089594980669516,0.02434835587127176,1.7824577200827545e-07
43,2.0958524262486747e-05,1.979270381083514e-07,0.766052886613942,0.007851159565078262,0.00010092817637020774,0.06934879656981549,7.451647628883323e-06,0.00022367369175805006,9.332100396679302e-05,0.0024047985948862133,0.00011782669164052047,5.7429678934903194e-08,3.344372942051778e-05,0.00041306626945944685,0.001194800042680961,0.00020618737819360516,9.621122460482213e-05,2.7757991475510243e-06,0.0001772202119426741,0.12349086520009435,0.0003268115844135402,0.0003369535456487072,0.0005616727343689757,0.02693770995623158,2.2588772713423766e-07
44,2.0749422831715896e-05,1.8938766734587027e-07,0.843669693521055,0.007735512923336542,8.704864706462668e-05,0.05212364611095047,5.352657555366169e-06,0.000202786300890513,5.321693948199158e-05,0.0010846393924180703,0.00011252101967725732,6.869407726900744e-08,3.7880130380035744e-05,0.00029006921182488175,0.0008785296519208891,0.00014141871195897724,9.788553556650873e-05,2.585732245907338e-06,0.0001485860125331909,0.07205500017432356,0.0002780979271041535,0.00022699406922259985,0.0004364777052655269,0.02031089110236415,1.5901828345853236e-07
45,1.937310281875142e-05,1.807479005860289e-07,0.8448284788895329,0.007804008454981311,8.702851574424636e-05,0.052972007481903054,5.486515100486616e-06,0.00020391981682636604,5.1636840583340386e-05,0.001049728195255933,0.00011120564050464694,6.36491156232006e-08,3.696552277939257e-05,0.0002793248507710578,0.0009336807672473415,0.00014428152915820064,9.337460777603465e-05,2.369036419795339e-06,0.00014834383955813915,0.07054451395702589,0.0002708478549796622,0.00021803092870040567,0.0004359888055942714,0.01975901098016257,1.4946956012870903e-07
46,2.142471529038721e-05,2.356931637007829e-07,0.7845771522212351,0.016173097802858836,6.745656887588745e-05,0.09582390344878366,6.383982062593727e-06,0.0002515343394098702,8.795728250858988e-05,0.0010902155173836809,0.0002102923109458488,9.210572445139322e-08,6.694040845502438e-05,0.0004237021278523007,0.0012632531224750477,0.0002164165651438287,0.0002786222596637667,2.703299156281013e-06,0.00011143614988403657,0.05981429245927717,0.0003024659316975392,0.00028067393382786557,0.0008420472647477669,0.038087526591797774,1.738977787562386e-07
47,4.1396518021079043e-05,3.542240707836481e-07,0.8599902503865534,0.003716314257672042,9.272449408359157e-05,0.0392379960384116,5.482532684212333e-06,0.0002212193569619162,5.984363802898817e-05,0.0014098522520327973,9.460542284591626e-05,1.245193572323046e-07,4.2244319226178224e-05,0.00026366339689202974,0.0006421576769817878,0.00010901231721206866,0.00010131125816349752,3.838837044823242e-06,0.00034245653817008926,0.07842496733583189,0.00029801055281879993,0.0003987948646622507,0.0003048325773895968,0.014198268982202195,2.777026811868903e-07
48,1.905726906291097e-05,3.6374760291602637e-07,0.853190160691238,0.005759115899703301,6.939393516747546e-05,0.08865734327028824,5.676930928674171e-06,0.0002627680491267312,5.1921285413560034e-05,0.0006016435751055473,0.00010016304006308101,7.7615678446735e-08,6.690816484605868e-05,0.00019741952510369097,0.0008678597119873037,0.0001307603074368098,0.00015601129385632882,1.3093488689677545e-06,0.0002406558074352167,0.03934004988017778,0.00019736037869245025,0.00020970107071868453,0.00038565892675328787,0.009488513436925153,1.068378194091741e-07
49,4.792105112967743e-05,1.6003944184401603e-07,0.7768095272439802,0.016017878317206215,0.00012149240868172396,0.04758856430712079,9.035123251459127e-06,0.00036853516653961925,0.00014235304906300297,0.002329664053437793,0.00019449351477480507,5.428245669923299e-08,5.9271145860217265e-05,0.00036102365083086633,0.0010266053193138675,0.0004309166804794344,0.000134648250048051,4.761106812105903e-06,0.00016628343728801397,0.09231569776223483,0.00022809231668078795,0.00022632058712457938,0.0007408006186636447,0.060675664547806124,2.3601977375710263e-07
50,3.7035309161264284e-05,2.241634571188691e-07,0.7847771216822006,0.005860951315258993,0.00011406182009865331,0.038339402865236856,1.0314055611406933e-05,0.0002598140684086689,8.26785709016203e-05,0.0028731148472516854,9.414588783491113e-05,7.888913996356092e-08,3.7042552381585855e-05,0.0003763187088708586,0.0008388212548636929,0.00017615130233491864,8.235021110796856e-05,5.1609933624780625e-06,0.0002662127841172446,0.1425954541191983,0.0003475385298792538,0.0003967950958574768,0.0003925513499427224,0.022036260544281105,3.9907924064530707e-07
51,2.0079574156386408e-05,2.0297427496561863e-07,0.8656832677649993,0.008769512401945574,8.674199614380238e-05,0.04804144699780149,4.71961882763617e-06,0.00018129788455290124,5.495806892060706e-05,0.001044491372521069,0.0001186071031289973,6.413487124992736e-08,3.6709955801256376e-05,0.00027161069716995863,0.0008051832203277878,0.00012944482190359644,9.909383564077333e-05,2.307276504146705e-06,0.0001202884579209071,0.052276315926123654,0.0002601458555794278,0.00019050963859799312,0.0003447275437108977,0.021458144405165788,1.2847340995296788e-07
52,1.967600803959234e-05,2.0389455277483882e-07,0.846176776535534,0.007286054000352491,8.749050246322714e-05,0.05406633484647678,5.389073661392564e-06,0.00020238246677434612,5.150802567643741e-05,0.0010100478868856036,0.00010848975520167847,7.209344256310536e-08,3.797407942164112e-05,0.0002863789012816859,0.000895761679034345,0.00013433345142846106,9.816001172337988e-05,2.440605066021643e-06,0.00015428468601340112,0.07015029244335784,0.00028729399477524985,0.00023098499681692186,0.00043591688146169287,0.018271593756246495,1.594243117524443e-07
53,1.7983289449657412e-05,1.6704422417191605e-07,0.68940063610379,0.015016337107631837,0.00011794782429479326,0.088364461771475,1.545855535325156e-05,0.00034668452747050574,9.909183462630334e-05,0.0016230946565381776,0.00014703313976407122,7.948370373330012e-08,5.141539043674955e-05,0.0005248399165105815,0.0018323419680910252,0.0003314884718364618,0.00013589456640642047,4.058342018301173e-06,0.00014531806881528585,0.16770347891952048,0.000363730213812003,0.0003032564262970803,0.0011815502603654254,0.03227334088644775,3.1123112094408085e-07
54,2.944293994341858e-05,4.954235281133712e-07,0.7919475962291125,0.0073075804396650545,0.00014237017541734063,0.08238488283308916,9.863851506504362e-06,0.00023505356386456874,0.00011194760904468868,0.002112341849948601,0.00012909989124966576,1.3334365932975192e-07,5.1579470071693676e-05,0.0005016907044680699,0.0011684629346954097,0.0002307782331214916,0.00013733932098418213,3.957009614448101e-06,0.00023326524778258606,0.09049204327206467,0.00036239310208550473,0.00039674226161444365,0.000509593896023091,0.021500978930584565,3.674668605864768e-07
55,2.8090760930632293e-05,2.9073506657502564e-07,0.8597343638674586,0.0073914348633023555,0.00011787338529219421,0.0453069537026289,6.083782416227619e-06,0.00020355254082850418,6.164632049558507e-05,0.001067625715224739,0.00011187135626314357,1.2038069589206816e-07,4.6053886035779815e-05,0.00029385327795438396,0.000699851088196513,0.00014908609115995563,0.00010502837044918871,4.0086226259327606e-06,0.00016096717135371768,0.06570303563623764,0.00029348063216032516,0.00022133042554122451,0.0003463252813489191,0.01794686030372219,2.118026109022363e-07
56,2.1409999452125266e-05,2.067816413995392e-07,0.8456596579438025,0.007921396237010683,8.928643724849425e-05,0.0522785106891951,5.554230654224837e-06,0.0002097494546551429,5.437530296665093e-05,0.001067621114991341,0.00011703408825854398,7.525275932018501e-08,4.186632035499115e-05,0.0002969038784567099,0.0008598994342656852,0.00014338239884286342,0.00010510620780851521,2.729181230151479e-06,0.00015024634312414892,0.07036898193777347,0.0002762257849724984,0.0002286014247712068,0.00043564525790924064,0.019665371452051487,1.628458035935121e-07
57,2.2905283897914144e-05,1.2292174522116062e-07,0.657585496612157,0.033932670635246624,6.0359154787131344e-05,0.0810595140434294,9.381801512326497e-06,0.00017434053716338006,0.00019456661547935075,0.002516735682095108,0.00023163879789166145,2.5334798774324033e-08,3.907559784641234e-05,0.0005631108303510023,0.0013582714121531678,0.000281638005543325,0.0001753300329771927,4.130225810681956e-06,2.8563766558770962e-05,0.06535800514692612,0.0001629128312376138,0.00013215762425015942,0.0007158645413928411,0.15539297470150085,2.0786324785337562e-07
58,2.193383223796313e-05,1.82362437676312e-07,0.8477991565006394,0.007959644851182135,8.292978655792774e-05,0.04855052592652775,5.206588985900523e-06,0.0001958166790724606,5.4407717430696146e-05,0.0011016970133028946,0.00012363164226461359,6.37571620927776e-08,3.5826530407929145e-05,0.00028544983978142215,0.0009427928229629499,0.00013731887679901945,9.687732957113704e-05,2.5548887425192248e-06,0.00014402643877658788,0.06754258578675962,0.0002705495196284622,0.000227586840178881,0.0004430523377302108,0.02397602293739291,1.591934669932363e-07
59,2.056823467022032e-05,1.0312643539850345e-06,0.6214150325162514,0.004704914109835868,0.0003925665174846251,0.20475712181675165,1.2230979719202827e-05,0.0004683723905684005,5.743283380054869e-05,0.0006890040559019952,4.749463849415179e-05,9.8272792879099e-07,0.00045663758022269034,0.0005514070878902945,0.0001293323646805959,0.0004022114157977009,0.00017665699697499225,6.8045571203123946e-06,0.0009310699574957072,0.162876496822798,0.0004621486626879475,0.00023711922813122465,0.0004384934005425317,0.0007646105152193345,2.5932467793075807e-07
60,2.0749422831715896e-05,1.8938766734587027e-07,0.843669693521055,0.007735512923336542,8.704864706462668e-05,0.05212364611095047,5.352657555366169e-06,0.000202786300890513,5.321693948199158e-05,0.0010846393924180703,0.00011252101967725732,6.869407726900744e-08,3.7880130380035744e-05,0.00029006921182488175,0.0008785296519208891,0.00014141871195897724,9.788553556650873e-05,2.585732245907338e-06,0.0001485860125331909,0.07205500017432356,0.0002780979271041535,0.00022699406922259985,0.0004364777052655269,0.02031089110236415,1.5901828345853236e-07
61,2.3962169414674172e-05,5.996641138654695e-07,0.6278971336624372,0.009242339555834877,0.0002590778384534362,0.1647887417474634,1.596876117087737e-05,0.00035111217524024484,0.00012455103378674503,0.001758388917965836,0.000131514561131553,2.969793215916905e-07,0.00013686579393452092,0.0007183786437487453,0.0008151929383195671,0.0004669462585598389,0.00017327086998616183,5.400354490341336e-06,0.0004090016228831297,0.18129385494401104,0.0005247189062036184,0.00035623656849387725,0.0010198446917396421,0.00948616958644374,4.3175485152488854e-07
62,2.0749422831715896e-05,1.8938766734587027e-07,0.843669693521055,0.007735512923336542,8.704864706462668e-05,0.05212364611095047,5.352657555366169e-06,0.000202786300890513,5.321693948199158e-05,0.0010846393924180703,0.00011252101967725732,6.869407726900744e-08,3.7880130380035744e-05,0.00029006921182488175,0.0008785296519208891,0.00014141871195897724,9.788553556650873e-05,2.585732245907338e-06,0.0001485860125331909,0.07205500017432356,0.0002780979271041535,0.00022699406922259985,0.0004364777052655269,0.02031089110236415,1.5901828345853236e-07
63,2.118985721785818e-05,2.0036943141484136e-07,0.8477973225303527,0.007542850462957236,8.751094377725976e-05,0.05172307870434458,5.2848879913891305e-06,0.00020085310939678525,5.3879446441951994e-05,0.0010770687346707889,0.00011238398327865179,7.013294907492262e-08,3.808583298143201e-05,0.0002853995213838047,0.0008644106531914734,0.0001377526054823755,9.818997605299307e-05,2.5689457997268118e-06,0.0001506540106874506,0.06901592658765181,0.000275469933494036,0.00022588737228207523,0.00041922249759350174,0.019864580298802725,1.586017871006508e-07
64,1.9210657384706598e-05,1.918816892592232e-07,0.8540701263966624,0.007380439739940392,9.077783839097537e-05,0.04885168632779871,5.3314587867119675e-06,0.00019170479212751,4.444465019656498e-05,0.0010098857089101394,0.0001129292775991209,6.9441985028788e-08,3.446734223457708e-05,0.0002767949352341214,0.0009239344823295921,0.00012683069370662917,8.526036648671605e-05,2.3985343664838294e-06,0.00015357013534338763,0.0672884659573093,0.0003334762427464423,0.00022204506041724324,0.00042007521737063246,0.018355728155196482,1.547057868355318e-07
65,5.982491824687968e-06,1.3532369370716012e-07,0.8914720124109532,0.005213024979415308,5.497449351702578e-05,0.0614351959335316,3.300536963205775e-06,0.00011072794649122093,1.621839716151219e-05,0.00032654291283178697,9.089978381402711e-05,3.0148996646572025e-08,2.018151325387158e-05,0.00015354489709608216,0.0015190861492668513,6.197337996582825e-05,5.1777723048799594e-05,5.478791451616924e-07,0.00010105109821638291,0.0290020867925697,0.0002617189932218719,0.00012281115627639787,0.00033264402896759546,0.009643473792509138,5.7237268624153907e-08
66,2.0895561630638777e-05,1.9336849942161464e-07,0.8408220334982481,0.007429415278696844,8.354199015049136e-05,0.05461601726836416,5.538614187120747e-06,0.00020995640376736963,5.4495921309463465e-05,0.0010313772920561304,0.00011167901341357903,6.69757593550132e-08,3.8536530214589795e-05,0.00028457070604100967,0.0009187331901451289,0.00013856888564017946,0.00010023914594370332,2.494290190075821e-06,0.00015502863403490618,0.07281433450511898,0.0002674183205918609,0.00023232392297919342,0.00046116247423107,0.020201215934104746,1.6227468168355003e-07
67,2.3302132328703694e-05,1.850756880502078e-07,0.8967024983854709,0.006924638105196001,9.373230924305941e-05,0.03259620847862418,3.978299611167105e-06,0.00019013513589109118,5.081233502985457e-05,0.0009676644980679683,9.135001747866128e-05,5.736505570694682e-08,3.387779819947924e-05,0.00019316698073806727,0.0005944515503826421,0.00012471011827481512,7.52651497522823e-05,2.232428670792878e-06,0.00013690832901499272,0.044201790705493876,0.00019692720491572337,0.00015641208149202667,0.00022612799541496366,0.01641346197139287,1.0554857232371112e-07
68,2.0784517715084175e-05,1.916525521660377e-07,0.8436140326046484,0.007719208501339322,8.772626540920794e-05,0.05243990539302373,5.355818353270557e-06,0.00020234564506654715,5.35467030864462e-05,0.0010907194646296743,0.00011328258480886188,6.912480571826984e-08,3.771641134047011e-05,0.0002915932314579609,0.0008892139023399622,0.00014193609882503955,9.799207541715248e-05,2.573599067270574e-06,0.00015000349740625944,0.07173882126878975,0.0002796820813361262,0.00022913747844498762,0.0004372006530844181,0.020356801604779803,1.5982227236016137e-07
69,2.3680202982689864e-05,2.0459523687552218e-07,0.8704599019154133,0.009829143122316489,0.00011104979275271941,0.04008624887208089,5.3733490343376795e-06,0.00020033826612643346,7.417789046929263e-05,0.0012610830267366512,0.00011229691120583195,6.315627867025585e-08,3.597952455156613e-05,0.0002765575536128186,0.0008058471184445926,0.0001739013916920939,9.355715688018099e-05,2.848175753738217e-06,0.00011095982947039136,0.05084820095308107,0.0002140727676249194,0.00017341942065985698,0.00029701736362776565,0.02480392877951599,1.4886445088564052e-07
70,4.59536379622175e-05,2.897576789767282e-07,0.9635073667334311,0.0010507659503345994,5.079618973265948e-05,0.01009260014803344,1.4043965401043979e-06,7.025137020929871e-05,1.0012487390517844e-05,0.0005250459860834569,8.339428533149156e-05,6.322298651911969e-08,1.3268112725884676e-05,7.660923278525196e-05,0.0004134994561708995,1.7303796110904115e-05,2.860748055022035e-05,1.3730666536307654e-06,0.0004057724425290435,0.01475956514188921,0.0003278623253800714,0.0002530560470680991,6.923102961334566e-05,0.00819578878449553,1.1891831350692576e-07
71,2.0684309264679628e-05,1.8916729468060386e-07,0.8439522126543746,0.007721473505950079,8.683131034146506e-05,0.05212339796226669,5.338258645141181e-06,0.00020228587083516417,5.302046757805871e-05,0.0010808889642218479,0.0001123747146261632,6.848970036687157e-08,3.7795930549830184e-05,0.0002894515622003317,0.000878473429911072,0.00014083993712843965,9.770573413753435e-05,2.574160102137164e-06,0.00014834522421312162,0.07183878813525514,0.00027783111976332564,0.00022656829280725353,0.00043558185018750226,0.020267120492836344,1.5845580899142217e-07
