,0,1,2,3,4,5,6,7,8,9,10,11,12,13,14,15,16,17,18,19,20,21,22,23,24
0,0.0006183318630378519,5.220474580870497e-06,0.10060206147009816,0.0001863464812734612,0.0007107464148382427,0.00036735528903199445,6.418963274315838e-05,6.474259509837312e-07,0.005377996982428642,0.0008212709598028314,2.4142198333258017e-05,1.5550508793959743e-06,7.35542487074202e-05,0.00015339802751369627,6.892440701541054e-07,0.0004926099823200275,0.000595419742623457,0.001644053743605303,6.723615240149829e-05,4.2993440301924376e-05,0.012563371596145937,8.980399178037966e-08,0.10168493411239399,0.7735739915900048,0.00032779407292116126
1,0.0004226526359721841,4.156334730713752e-06,0.08588184754483079,0.00015531496359662153,0.0005061536037175398,0.0005955685453367533,6.075633958839492e-05,6.283698546387963e-07,0.010463532760408923,0.0014410906591919323,1.885577238840251e-05,1.04033251799317e-06,6.519987194528363e-05,0.00019628362349980846,9.511865047144757e-07,0.0005063433469835472,0.0003062462879536469,0.0016976691729912638,8.684279840697642e-05,5.589919362393301e-05,0.010856499192571761,1.0254510836307925e-07,0.11406051150903258,0.7722154146127275,0.0004004387965159811
2,0.00037190807098101187,4.07641265139681e-06,0.08132431407518904,0.0001443857644281732,0.0006903735520470137,0.0005518272289385031,6.616688975621885e-05,6.431783984254125e-07,0.011334869103682038,0.0012648387453044014,2.155411392158741e-05,1.211323897936771e-06,6.101185894376418e-05,0.0002306510932266932,1.075000586325945e-06,0.00046070333837634937,0.0002930156267218228,0.0014912475282883597,7.596820808121932e-05,6.345302976280606e-05,0.01103673426669395,1.0592547154896995e-07,0.10657765782629385,0.7834612782523988,0.0004709295859588064
3,0.0005079460503223268,4.336635916541966e-06,0.0838411531678265,0.00016447822882970957,0.0005982366192195154,0.0006021766032612444,6.877427511585572e-05,6.679042536351299e-07,0.00926582131252093,0.0011849399337015554,2.3150016319766556e-05,1.1926827577229797e-06,6.805966602493662e-05,0.0001753982059407477,9.309828341526659e-07,0.0004783575561463276,0.0003754335732705567,0.0017864617054010202,9.031678368557761e-05,5.031675894621089e-05,0.011953222046539806,1.093005203611965e-07,0.11872793830423045,0.769649796186886,0.00038078549952865793
4,0.0005099856046723651,4.568322166816042e-06,0.08557873048514103,0.0001594233076191739,0.0005854347682003955,0.0005000589697601612,6.609287340174997e-05,6.683825959101353e-07,0.008968733874794386,0.001147978819572312,2.3233937336456455e-05,1.2152344940555503e-06,7.623124595247393e-05,0.0001966960465006042,8.556890381543738e-07,0.00043880454942097843,0.0003603759579086823,0.001796972191631231,8.549554932928929e-05,5.327409098377191e-05,0.012440052333664579,1.1575682319181117e-07,0.10741365007127825,0.7792206426328631,0.00037070930485103357
5,0.00046069520794775684,3.900301972639856e-06,0.07798202815233556,0.00017473714695997284,0.0005701399128911381,0.0004904366497320087,5.705285553590305e-05,6.019168521856123e-07,0.008004701755841111,0.0011573753029402362,1.995517403190201e-05,9.391776103162925e-07,6.357648279274078e-05,0.00017218335083554406,7.283775662640327e-07,0.0004148454072040937,0.0003434640349991936,0.0020903230830559634,8.003211920217676e-05,5.1616867308866695e-05,0.011565684074531813,8.486451406807345e-08,0.12656615167667917,0.7694386563888636,0.0002900897177956497
6,0.0005079460503223268,4.336635916541966e-06,0.0838411531678265,0.00016447822882970957,0.0005982366192195154,0.0006021766032612444,6.877427511585572e-05,6.679042536351299e-07,0.00926582131252093,0.0011849399337015554,2.3150016319766556e-05,1.1926827577229797e-06,6.805966602493662e-05,0.0001753982059407477,9.309828341526659e-07,0.0004783575561463276,0.0003754335732705567,0.0017864617054010202,9.031678368557761e-05,5.031675894621089e-05,0.011953222046539806,1.093005203611965e-07,0.11872793830423045,0.769649796186886,0.00038078549952865793
7,0.0004682624706175107,4.191323165782616e-06,0.080455825577075,0.00015886327907496558,0.0005929544793613409,0.0005869437659641982,6.682719531860827e-05,6.322041931110114e-07,0.009215860854664274,0.0011625707379180695,2.1754723111753624e-05,1.1521044366390056e-06,6.281568460890932e-05,0.00017321655596374297,9.052451225542107e-07,0.0004726753687490711,0.0003669489439275237,0.0017121495072027725,8.74568180220378e-05,4.888071713372925e-05,0.011681617039819946,1.0211352350399082e-07,0.12000672437054435,0.7722685561554344,0.0003821127650460285
8,0.00044607887386603317,3.6266180017862436e-06,0.08393347401709429,0.00014081215674331075,0.0005029036122554126,0.00046673889668872595,4.917473257399046e-05,4.898874929533964e-07,0.007925653368312524,0.0010545771713977238,1.710103139657788e-05,1.0084260847389714e-06,5.558949244677695e-05,0.0001547063508482607,7.144460807589241e-07,0.0004166995423067044,0.0003266252315873636,0.0014134228428501377,6.049174446727702e-05,4.454428105331102e-05,0.008982375580872313,7.88584457173575e-08,0.10839601355736415,0.7852606312615561,0.0003464680182131934
9,0.0009426627859143133,5.5505122106094475e-06,0.08252072364633294,0.00023338503383751383,0.0009777826531482867,0.001177881985211845,0.0001511184031628866,1.220434177979296e-06,0.012158633407525302,0.0011570164834623785,5.1258639486202445e-05,1.9141972457504656e-06,0.00010161094105610375,0.00017507870561818346,1.6607784968367076e-06,0.0005710929490220885,0.0005652871494971674,0.0028435254251602533,0.000188412005043735,5.2226059306152346e-05,0.019483240659333604,2.2230918407952931e-07,0.15296596982593488,0.7232366163439014,0.0004359086667296679
10,0.0005079460503223268,4.336635916541966e-06,0.0838411531678265,0.00016447822882970957,0.0005982366192195154,0.0006021766032612444,6.877427511585572e-05,6.679042536351299e-07,0.00926582131252093,0.0011849399337015554,2.3150016319766556e-05,1.1926827577229797e-06,6.805966602493662e-05,0.0001753982059407477,9.309828341526659e-07,0.0004783575561463276,0.0003754335732705567,0.0017864617054010202,9.031678368557761e-05,5.031675894621089e-05,0.011953222046539806,1.093005203611965e-07,0.11872793830423045,0.769649796186886,0.00038078549952865793
11,0.0005241983792299375,4.429168909286325e-06,0.08331932717481465,0.00016471662510084552,0.0005820815311932508,0.0005348715047519743,6.703596091914732e-05,6.564450982443423e-07,0.008842114822271695,0.001115145186596459,2.3179771043014988e-05,1.2429296853164695e-06,7.59363754205871e-05,0.0001769988896587746,9.011187391236857e-07,0.00046330525696509304,0.0003654792855639694,0.0017430130525187939,8.596662816255428e-05,5.2420186740999166e-05,0.011528246468822567,1.1531362166134599e-07,0.10779987362338572,0.7821615866569088,0.00036715764387749804
12,0.00035553740228670027,2.5570331568472183e-06,0.07361101506688633,8.509037451281282e-05,0.0007455826952945532,0.00041383950702747366,4.58826323149646e-05,3.60802016524048e-07,0.007328360901607605,0.0007263668448774976,1.9063309658880996e-05,8.687974743260792e-07,3.8136257464548733e-05,0.00015471733958273974,5.515556302405545e-07,0.00028137443908901415,0.00031612453223495336,0.0011501205417574873,3.85309259219942e-05,4.3917532824863115e-05,0.010158364540767469,6.074263234072201e-08,0.11108741754943889,0.7930379375124554,0.00035822116308567424
13,0.0006844567369820621,5.3942581781443165e-06,0.10475187973766424,0.00016601489780079787,0.0008878100954164524,0.0005409515379022012,0.00010463350104385429,1.139990123116298e-06,0.010433682106797664,0.0010140440974419293,4.702584213232323e-05,2.3707656551767574e-06,0.00010404060769709797,0.000286199796310313,1.2556112813853897e-06,0.000515012336582636,0.00045719246579927874,0.0020810848757332845,0.00011146302876247779,6.339464933223738e-05,0.018601325104806957,1.9125526540631687e-07,0.09437903174580549,0.7641907074799449,0.0005696974755406027
14,0.00042162635175772834,1.0616006779609161e-05,0.04617120276895513,0.0002344776329487324,0.001562539324804728,0.00033741525263949725,6.572234764131011e-05,5.746985915333999e-07,0.0055520634620739116,0.001111565504360411,4.8757090754720316e-05,7.333205320809361e-07,9.816039481730295e-05,0.0001828688536936982,6.264859069499018e-07,0.00022105218246516668,0.00055030674090627,0.002873535420719325,0.00024508372113864007,3.9394221820871854e-05,0.03598366710567823,1.4008189032379787e-07,0.10480637228703386,0.7992926189497098,0.00018887979238012316
15,0.0005079460503223268,4.336635916541966e-06,0.0838411531678265,0.00016447822882970957,0.0005982366192195154,0.0006021766032612444,6.877427511585572e-05,6.679042536351299e-07,0.00926582131252093,0.0011849399337015554,2.3150016319766556e-05,1.1926827577229797e-06,6.805966602493662e-05,0.0001753982059407477,9.309828341526659e-07,0.0004783575561463276,0.0003754335732705567,0.0017864617054010202,9.031678368557761e-05,5.031675894621089e-05,0.011953222046539806,1.093005203611965e-07,0.11872793830423045,0.769649796186886,0.00038078549952865793
16,0.0007754864365175817,6.65196334791045e-06,0.09426368119593571,0.0002191228467101184,0.000793578188517685,0.0008328755514442384,0.00011852417760005476,1.2746424005430048e-06,0.011701319655837542,0.0014456495456318314,4.274030000444916e-05,2.4059228394207925e-06,0.00010795202452862952,0.0002522407279338692,1.7276083755458672e-06,0.0007056651081293054,0.0005409045371492006,0.0024567311014420403,0.0001754433770979092,5.94225596600988e-05,0.018140406788490087,2.4316586341493757e-07,0.11773920900851999,0.7490366852918812,0.0005800582741414465
17,0.0005221368990728453,3.3577027190553365e-06,0.07323674131781364,9.872287312207573e-05,0.0007567683618304825,0.00032125538429317486,6.546833941690641e-05,4.6552408550215247e-07,0.006749315860489984,0.000538306919615882,2.55942723527533e-05,1.2670071021044832e-06,5.81513660205888e-05,0.0001733044833594652,4.440960414586987e-07,0.0002493768302122736,0.0003890949441413713,0.0015303760484993145,4.813373816306198e-05,3.741202291714615e-05,0.013941477851812436,8.525881535253076e-08,0.10203689603297503,0.7989034948098819,0.0003123520552462774
18,0.00025504657239368094,3.215413167963412e-06,0.07141995929015145,6.212799594057713e-05,0.00043086317560289087,0.00038587284860707127,5.760962521530222e-05,3.939818463693016e-07,0.007696302422069339,0.0008827553132891103,1.6385249085726288e-05,1.1888340240058739e-06,3.850013777338923e-05,0.000205870389681458,7.354971796958849e-07,0.00048021218626683165,0.00034650198357453484,0.0010519206687529938,6.871483207462556e-05,4.220794993476177e-05,0.013806096287756484,7.771077334004995e-08,0.10378877266068975,0.7983047309689851,0.0006539380051636694
19,0.00038492790232235835,5.4805303673934324e-06,0.0667962642321717,0.0002412519275921921,0.0007036319845366957,0.0007129913966903792,6.452042897610523e-05,6.395797383507327e-07,0.012437432461667812,0.0015461717886558746,1.7352144834255614e-05,1.3311845359658644e-06,6.468440406154192e-05,0.0001744490663726487,1.3224753300294466e-06,0.0005300489661349993,0.00032442492299226023,0.0012192055118489425,8.69947434968391e-05,5.376003760043988e-05,0.0069277817934531504,1.31546840747612e-07,0.10134600027641467,0.8059475899319041,0.0004116107614606345
20,0.000597893756149174,6.1225859042608e-06,0.08235844273782525,0.00022734016095616019,0.0007349943526439779,0.0008015194374338463,0.00010241087591465598,1.0649890617197775e-06,0.01368154783491756,0.0016041876095666753,3.5172478663145424e-05,1.5252657667197666e-06,0.00011885498142521384,0.0002417899525333929,1.6775018867758435e-06,0.000550405392880056,0.0003691950423032375,0.0021570948456594388,0.00016631479926031094,7.316378656837713e-05,0.015020963981330869,2.3485413359332207e-07,0.10644404185635427,0.7742477015032516,0.00045633941760970734
21,0.0005328404827757932,3.333063757685503e-06,0.11575825336792953,0.00010183954940404126,0.0003587327140741718,0.00019973859470507932,3.904857521459752e-05,5.108284384263982e-07,0.004251481790696125,0.0007057066764807607,1.643649607836373e-05,1.3396720370355736e-06,6.806006996114629e-05,0.00019130272693993652,3.5189172457301426e-07,0.00042518369211104955,0.0003843781326667716,0.0017590732749938674,3.582185782241916e-05,4.723203754808982e-05,0.011221032283448576,6.138791389456365e-08,0.08190378964337107,0.7816939085583658,0.00030054263154116707
22,0.0009119134625176894,5.162190577326482e-06,0.15094773831395886,0.00017901577915567962,0.0005812807533243341,0.0006044508861067682,5.8689184507546984e-05,1.0223134292666414e-06,0.005335980241010727,0.0015055506075569952,3.0995886999535e-05,1.1498773599549205e-06,8.428735013585e-05,0.0001908018271526307,6.80404066087826e-07,0.000554231637138702,0.0008161656165107845,0.003004516355260061,8.697733755435462e-05,5.762860801666776e-05,0.019536760182808633,1.1689298550471574e-07,0.15279476631414562,0.6624082794338569,0.00030183854386331736
23,0.0005079460503223268,4.336635916541966e-06,0.0838411531678265,0.00016447822882970957,0.0005982366192195154,0.0006021766032612444,6.877427511585572e-05,6.679042536351299e-07,0.00926582131252093,0.0011849399337015554,2.3150016319766556e-05,1.1926827577229797e-06,6.805966602493662e-05,0.0001753982059407477,9.309828341526659e-07,0.0004783575561463276,0.0003754335732705567,0.0017864617054010202,9.031678368557761e-05,5.031675894621089e-05,0.011953222046539806,1.093005203611965e-07,0.11872793830423045,0.769649796186886,0.00038078549952865793
24,0.000433686283566572,6.875085559259187e-06,0.0707735019320161,0.0002759598372300864,0.0006540451043723674,0.0005129669709255276,7.116497101206708e-05,7.568902806865941e-07,0.008752501217062668,0.001488112615850094,2.1186596738135404e-05,1.1364004687616768e-06,7.85491381197144e-05,0.00019352929114400047,1.0396584762005085e-06,0.000525146150319268,0.0004396959553882786,0.0021059469217054832,0.00014434646551227402,4.950228696918926e-05,0.013471848616019171,1.2054379431910428e-07,0.12466817160649772,0.7750035905213176,0.00032661893965451347
25,0.0008361224691915142,4.9596618982271605e-06,0.1157719180775071,0.0001992267640616469,0.001218075578551549,0.0005592029741214188,0.00013810662650659794,1.9393448959645805e-06,0.008383136834651691,0.000880622356907358,6.577059928070606e-05,2.4452831554792115e-06,0.00011432082205532384,0.000317049692425786,8.228712849233539e-07,0.00047646099840683074,0.0005866389004610022,0.003926063983065027,9.818069864933048e-05,8.304251861185865e-05,0.02826370030175385,1.7030397166510408e-07,0.13103549640933937,0.7066477611280111,0.00038876480123443594
26,0.0031477371268934756,0.0002057596963091059,0.12350465345605141,0.0014144860197785282,0.003336455001572477,0.013545282716987836,0.003982757899906098,0.00010442367694758115,0.04856715218751562,0.010824914496388683,0.0019330423917427405,8.689994433212195e-05,0.0011488244278358268,0.00181953239413002,0.00026036247354905195,0.015394901165097312,0.007564759732962857,0.0066088074420053156,0.020566147567924836,0.00023815014772714707,0.18024932183760922,4.164844427339633e-05,0.11661251130309055,0.42555011043151214,0.013291358017856731
27,0.0005170780085036969,4.854182773149164e-06,0.06287352235924445,0.0001986731755129116,0.0006508145214549662,0.0009148483044849007,8.240657047219862e-05,7.329537422214059e-07,0.017329633608531073,0.0013816590545169135,2.347871371307591e-05,1.458692740235909e-06,7.751912330337345e-05,0.0001782909710335565,1.5390849723431732e-06,0.00048497853646352985,0.00024919242315789064,0.001455283412785208,0.00011364674158574526,5.1315393673718426e-05,0.00809200603059503,1.8796199986966884e-07,0.09987642570914777,0.8049734012395099,0.00046705322608234776
28,0.0005079460503223268,4.336635916541966e-06,0.0838411531678265,0.00016447822882970957,0.0005982366192195154,0.0006021766032612444,6.877427511585572e-05,6.679042536351299e-07,0.00926582131252093,0.0011849399337015554,2.3150016319766556e-05,1.1926827577229797e-06,6.805966602493662e-05,0.0001753982059407477,9.309828341526659e-07,0.0004783575561463276,0.0003754335732705567,0.0017864617054010202,9.031678368557761e-05,5.031675894621089e-05,0.011953222046539806,1.093005203611965e-07,0.11872793830423045,0.769649796186886,0.00038078549952865793
29,0.0005079460503223268,4.336635916541966e-06,0.0838411531678265,0.00016447822882970957,0.0005982366192195154,0.0006021766032612444,6.877427511585572e-05,6.679042536351299e-07,0.00926582131252093,0.0011849399337015554,2.3150016319766556e-05,1.1926827577229797e-06,6.805966602493662e-05,0.0001753982059407477,9.309828341526659e-07,0.0004783575561463276,0.0003754335732705567,0.0017864617054010202,9.031678368557761e-05,5.031675894621089e-05,0.011953222046539806,1.093005203611965e-07,0.11872793830423045,0.769649796186886,0.00038078549952865793
30,0.0005079460503223268,4.336635916541966e-06,0.0838411531678265,0.00016447822882970957,0.0005982366192195154,0.0006021766032612444,6.877427511585572e-05,6.679042536351299e-07,0.00926582131252093,0.0011849399337015554,2.3150016319766556e-05,1.1926827577229797e-06,6.805966602493662e-05,0.0001753982059407477,9.309828341526659e-07,0.0004783575561463276,0.0003754335732705567,0.0017864617054010202,9.031678368557761e-05,5.031675894621089e-05,0.011953222046539806,1.093005203611965e-07,0.11872793830423045,0.769649796186886,0.00038078549952865793
31,0.0006486839298450496,4.928335882832971e-06,0.11546049600240994,0.000173328531298156,0.0005291607724914411,0.0005743345380575381,6.660165901925869e-05,8.690143650190763e-07,0.008088797824362389,0.0013390966310120522,2.4292736725525994e-05,1.32007588614303e-06,7.685005871539261e-05,0.00019949689989924365,7.908935785613066e-07,0.000543608836464436,0.00045555294376617054,0.002204058640022602,8.386179361845024e-05,5.316069817296077e-05,0.013709575665947825,1.110594986329595e-07,0.12400575096063568,0.7313779122969783,0.00037735920134631426
32,0.0004964987745483444,4.611673913367056e-06,0.07705179377243303,0.00017991248082161886,0.0006016349741438301,0.0006341876828039966,7.367890664815763e-05,6.869842171947626e-07,0.009596910547830505,0.0012449498250738818,2.38254606435799e-05,1.1712072917117793e-06,7.097879256005095e-05,0.0001748300705370587,1.0695149747012484e-06,0.0004987436911218132,0.0003822406103920383,0.0018826349369821186,0.00011221678455621302,5.062620416712421e-05,0.012667046244815511,1.1888652224877827e-07,0.12418829366859323,0.7696787148336804,0.0003826234707281012
33,0.0006054167026109449,4.978572755141812e-06,0.08533663849298678,0.0001877911682276803,0.0006110760876785565,0.0005433167585701148,7.659840556238877e-05,7.772175488090498e-07,0.0077456163897931555,0.0010563666445453888,2.691349957076206e-05,1.4512514826208582e-06,8.397627365773762e-05,0.0001674582023080006,8.757416900246654e-07,0.0005196554296348505,0.00046698819169308057,0.0020200963252465856,0.00010138450942801201,4.941468075619529e-05,0.013429885769201318,1.2640363076218455e-07,0.11206925192898927,0.7745433103944545,0.00035063495797718315
34,0.00012927816355391353,6.619790010832391e-06,0.06252954864591422,0.00012369829529639735,0.0005094252213431019,0.0005864446513360445,4.919304320887528e-05,5.056965246766043e-07,0.008159669229961473,0.001681319406875408,1.2048570122788205e-05,1.548820977116509e-06,3.271559189511014e-05,0.00027006217331270734,8.259930029234137e-07,0.0007045355608261432,0.0004898397382431287,0.0007468082102645397,5.4755355270388046e-05,6.02211709422893e-05,0.008594401591893763,8.5665951047077e-08,0.12084652644694992,0.793666704018395,0.0007432189479282574
35,0.0018189475310911845,5.271058265652628e-06,0.08993735411021976,0.00025357253813577734,0.00035971063682085344,0.0012537758163090646,9.54636476087322e-05,1.4819842793943775e-06,0.012833738583750101,0.001524910248440573,3.616765359969047e-05,2.271068464570444e-06,0.00012539672138084943,0.00014787269777141068,8.851518587470657e-07,0.0007153354865230818,0.0004380996376843859,0.005382497911410135,0.0001818160116745687,3.684884557213579e-05,0.011532340374440725,2.8173595940195497e-07,0.13658531693423892,0.7364145859874803,0.00031605762701999876
36,0.0008325842255874783,8.883672488871963e-06,0.12332077022931326,0.0003603999672770377,0.00038148298919082294,0.0010073950277173528,0.00011856885294379659,1.925559434741721e-06,0.014054756232394761,0.0027528405845191686,2.1878210082583863e-05,2.530642517999593e-06,0.00015431149967671552,0.00026572542388953027,1.6778860355362715e-06,0.0014593613413063761,0.0006241069406808791,0.0030019106542692998,0.00019622800081241904,8.020701715804332e-05,0.011964723946243573,3.140053621964084e-07,0.12017735909160603,0.718720085481272,0.0004899725182195575
37,0.0005099933737925124,3.3906418849614524e-06,0.08039964316189913,0.00011810231461224607,0.0005282092652997288,0.0003907750811488114,5.1354793455537896e-05,4.471581151078347e-07,0.007445889942405533,0.0008151141899780083,1.922595518662285e-05,1.0390650409723559e-06,6.0079061121350025e-05,0.00015824440639866842,5.569941087955781e-07,0.00032619503307082455,0.00031131224199802134,0.001565049065163853,5.31781487322639e-05,4.170344147687265e-05,0.010140853863703466,7.970314502005621e-08,0.10159885578013589,0.7951512165988569,0.0003094907192689448
38,0.000829677564016206,4.401806780646349e-06,0.09318215117643888,0.00022909881318798153,0.0003783042100552289,0.0012984350856014586,0.00010779838636743131,9.794803203537621e-07,0.008762700476714123,0.0016808433144234543,2.4730886163552635e-05,1.2249253433359911e-06,0.00010559010441995758,0.00012360976413484936,1.7539563766803373e-06,0.001023000877882719,0.0005308900220221188,0.0029505745616402127,0.00018363244532915724,6.804679475265132e-05,0.01363119708523841,1.6462735087250014e-07,0.1736737182301216,0.7008391126140656,0.00036836279125261265
39,8.007950021831671e-05,3.272603589339259e-06,0.017974618252991018,0.0001664238618715995,0.0006210536573876046,0.00010908371109761726,9.034626543851237e-06,2.3127149655011158e-08,0.011095257762156054,0.0007987947961628991,3.4234081400880635e-06,8.978601864858015e-08,2.118452010081666e-05,9.988366489964837e-05,6.383784864593061e-07,4.4672528942163895e-05,5.276627629355761e-05,0.0003479549434728491,4.062650282346193e-05,1.765629909791394e-05,0.002198486208601949,1.7294968264020583e-08,0.0708830118672317,0.8953096989429044,0.00012224747885019292
40,0.0005141732901369935,4.354876457444895e-06,0.08487992816129396,0.00016401487253873563,0.0006011717236788249,0.000604553330474258,6.897988533749253e-05,6.724041225350154e-07,0.00928517186108397,0.001185710732993246,2.33515822819259e-05,1.2088325526350952e-06,6.847707410823244e-05,0.00017632754291513027,9.370560641194129e-07,0.0004801629271812439,0.00037820176365364617,0.0017772366238886978,8.970825482270542e-05,5.048688644001717e-05,0.011951227509514085,1.1050201181506303e-07,0.1180793075238832,0.7692297791399624,0.0003847456426025162
41,0.0005449035380556608,4.373855879264745e-06,0.08036769779682679,0.0002069968605122888,0.000725767279750049,0.0007535210899557158,6.992421909475208e-05,6.835657019201316e-07,0.011292369710289255,0.0012857381244881403,2.391885025432642e-05,1.2130468152674108e-06,6.579465217849114e-05,0.00016329820292046698,1.2143118109296426e-06,0.00046996013594544187,0.0003448417231617011,0.0016685011412527402,9.156105699291241e-05,5.017935347240028e-05,0.009518987661879344,1.1617032647016193e-07,0.12177281987264672,0.7701907521315501,0.0003848656482389808
42,0.0002469179949297936,1.4750467989253784e-06,0.08170598759265499,6.507418983390818e-05,0.0005111381597957481,0.00021856576845029636,2.523424872693071e-05,2.1054550974987912e-07,0.0049534460098259354,0.0006056141696703559,1.084318578269702e-05,4.4333125558757663e-07,1.725848694756358e-05,0.00015806431833916376,2.594010389867515e-07,0.00017519899492252327,0.00019539293826902746,0.0015340129305906906,1.9793657461892608e-05,3.1975185809191246e-05,0.009240009150677846,1.3846299938567562e-08,0.16642453461597398,0.7336078492995709,0.0002506869308631695
43,0.00046454568239277707,4.573046112429399e-06,0.08150084772210639,0.00023275862463724642,0.0006391258818580526,0.001605087232149577,7.771037944638574e-05,1.1048762225584998e-06,0.015272885568825804,0.002886598659894535,2.542222636963092e-05,8.904196883292334e-07,6.638547933639318e-05,0.00020823834742694168,1.9022640193414659e-06,0.0006771497285980468,0.0003570493070704802,0.0024575849739335194,0.00016735309513786045,7.65415236496027e-05,0.01356230670385604,1.6749643563153085e-07,0.17967673380344518,0.6996026555260756,0.0004343814313117439
44,0.0005079460503223268,4.336635916541966e-06,0.0838411531678265,0.00016447822882970957,0.0005982366192195154,0.0006021766032612444,6.877427511585572e-05,6.679042536351299e-07,0.00926582131252093,0.0011849399337015554,2.3150016319766556e-05,1.1926827577229797e-06,6.805966602493662e-05,0.0001753982059407477,9.309828341526659e-07,0.0004783575561463276,0.0003754335732705567,0.0017864617054010202,9.031678368557761e-05,5.031675894621089e-05,0.011953222046539806,1.093005203611965e-07,0.11872793830423045,0.769649796186886,0.00038078549952865793
45,0.0006986687343346212,5.586037972546446e-06,0.0621635333040734,0.0005066138946941392,0.0011169580947914337,0.0018773758210243164,0.0001684481790033653,1.3517436229701635e-06,0.024647575049077886,0.001787465681461692,3.716380137688372e-05,1.8760688706852595e-06,0.00011655375132988388,0.0001702996541885274,4.6102128037612364e-06,0.0007474304689067417,0.00029488452255991714,0.0021209936142966416,0.0002270828881611233,8.2001232295107e-05,0.008124446818521862,2.805044643592863e-07,0.13636732373181776,0.7582500781542246,0.00048139803612584745
46,0.0014623153611681124,9.620420620589282e-06,0.10894454213400191,0.0003310320867209176,0.000714579044927417,0.0007418527127786327,9.361309731622432e-05,1.0670695385456973e-06,0.003934742649158102,0.0008039615904415862,4.3302619872811744e-05,4.128619410512527e-06,0.00011521638707094915,0.00011714047140554659,1.3371612548641753e-06,0.0008957206031396709,0.0020830011887198316,0.0015604914127739812,0.00011162972288846798,3.4803041671945224e-05,0.01233957288995913,2.5741030570188937e-07,0.13234981664298429,0.7328256784519558,0.00048057720991435705
47,0.0009471923539611783,7.987419972784273e-06,0.08361679351315754,0.0001544568654451414,0.000424253589808633,0.0006289103793621105,8.245882697483819e-05,8.106071049725677e-07,0.00881214361123549,0.001000437062150624,2.7951858131000805e-05,3.1688676110552306e-06,0.00013237656207469426,0.00012872064478220997,1.1469537878061043e-06,0.0008116811107322444,0.0005117898292780847,0.0011880988976387724,0.0001029369900962074,4.270684539248847e-05,0.007574943279572159,2.96864921655789e-07,0.06041677919032108,0.832826538916934,0.0005554189595531732
48,0.0008578669411726693,1.8222125013696507e-05,0.10308566132430458,0.0004900483352938851,0.0006234264306838293,0.0011807317838159258,0.00010538418077164848,1.5938627545922189e-06,0.007733260634449208,0.0028616810942554433,3.0300023565427924e-05,2.0690298441725354e-06,0.0001170879011740763,0.00020557288844662137,1.744973059688134e-06,0.0011269836813114934,0.0015788062994528261,0.0027509995863023396,0.0003021167003431834,4.956145572003269e-05,0.01912521550964021,3.0801336578531743e-07,0.19461141506775317,0.6626840984665614,0.00045584369094437874
49,0.00046318878991990505,4.471466397818391e-06,0.07116813481985879,0.0001847127020636083,0.0006336277235025043,0.0005804653146969851,7.177261282879759e-05,6.230134663766458e-07,0.009630294884495348,0.0012171346389784228,2.3137339811596443e-05,1.0337467310222983e-06,6.715968697424259e-05,0.0001734016835751902,1.0836592440936743e-06,0.00046117922845524055,0.00036102712766417983,0.0019151225232103078,0.000124237171080367,4.66761679684251e-05,0.013326091617795476,1.0981387446196925e-07,0.12647179559504457,0.7727041069008349,0.0003694117715273859
50,0.0005283839860549527,7.127487187504912e-06,0.0904271309839041,0.00022136392641184207,0.000700346413136019,0.0010056225523774702,0.00010964142424271827,1.248683446906705e-06,0.01615389383218691,0.0023574405675898242,2.9874035732425196e-05,1.5872588451584626e-06,9.412779498392411e-05,0.00030685252735831797,1.7089860239687699e-06,0.0006422207928972922,0.0004063812238675943,0.0022416638014067266,0.00018166456085998568,6.774497284942604e-05,0.0167394404996792,2.3270278733512576e-07,0.13331793069390913,0.7338714536336588,0.0005849166586023537
51,0.0007535188357587529,5.650780095432042e-05,0.11777862510518548,0.0014042181275449447,0.001000394499172849,0.0007806891520448068,0.00011918731425432757,3.9218550791304014e-06,0.016150497146061336,0.005561291626894451,4.6064831256776084e-05,4.4236106971529306e-06,0.0002554035417570059,0.0006939032519497945,3.365255832981029e-06,0.0012162902378409354,0.0008738073851668823,0.003722341512486917,0.0004768366000994923,9.265563418179262e-05,0.017481283104591485,6.442839917492907e-07,0.1049992950355439,0.7258701988514721,0.0006546354001806149
52,0.0004145879868666052,4.472084160467457e-06,0.08282545935269357,0.00010401430810607559,0.000769510012818119,0.0003657669613014826,7.436290226120094e-05,4.7265710025919967e-07,0.0070489125781520575,0.0005768664512431292,2.4042585915959943e-05,1.7096123577192135e-06,5.0027846673257926e-05,0.0001826742883104506,6.448825622627077e-07,0.00034879051020384404,0.000459782889043088,0.0009512466048803089,4.9764679993900306e-05,3.455447643528165e-05,0.012981058328387297,8.343530559925818e-08,0.09896325457473058,0.7932547032397199,0.000513236750777681
53,0.00046521293833920186,3.1223266807746743e-06,0.06894144963200156,0.00013006704260066723,0.0006398384942165204,0.0008318470680655756,0.00014055017939996773,7.427191653474722e-07,0.01263255991035673,0.0007440296201419597,2.7017845572227806e-05,1.927586999007489e-06,5.8821486671809695e-05,0.0001664402924896073,1.2474721928166692e-06,0.0005475419305087557,0.00031869289536496195,0.0015755011405589761,8.648048533862922e-05,5.111225265244339e-05,0.011374883381929712,1.0542797099263531e-07,0.14061774056754608,0.7600883648702084,0.0005547024330271554
54,0.00021502556099127002,5.243982711938275e-06,0.07523017793625175,9.725858832428566e-05,0.00039951199492562986,0.00044547662348762415,5.6565750686451136e-05,4.391143574434873e-07,0.011991518006748457,0.0013787999577203856,1.0979057011682689e-05,1.709103443510753e-06,4.940898360534893e-05,0.0002190052138503635,1.1513237775338275e-06,0.0007339680158524007,0.0002485929182205783,0.0006299754380903446,6.198913475067854e-05,5.224481686894899e-05,0.006426399890974432,1.0230623845676704e-07,0.06727072122271661,0.8336348304553074,0.0008389046030865103
55,0.00048521144410586806,3.865307638614848e-06,0.07423035163703161,0.00014937847506773372,0.0005985280335543094,0.0005441830448654631,6.866955761635159e-05,5.879022484141825e-07,0.009399454927135165,0.0009455775413117027,2.2310141747808178e-05,1.3041452403727042e-06,6.246409441128344e-05,0.00016275638255662466,8.422768815325686e-07,0.00042890883157974965,0.0003245289470598222,0.0016029167494823282,7.653988974125343e-05,4.483248620055161e-05,0.010314111253715626,9.941959581316766e-08,0.10905303673761221,0.7911003656951958,0.00037917507840375174
56,0.0005271720276404342,4.450207131937595e-06,0.08385783334942964,0.00016402087208748815,0.0005881199716820743,0.0005804239580060061,6.9175811586638e-05,6.756607759791196e-07,0.009221376934798034,0.0011586316031995164,2.35441874602442e-05,1.2378913037849206e-06,7.19817462023187e-05,0.00017883408252325903,9.17058372808948e-07,0.00046810781349742046,0.0003726677136233284,0.0017979474116895959,8.960615989541553e-05,5.073934912136874e-05,0.011944181154011755,1.1486836038353815e-07,0.11486315663481766,0.773586868516378,0.0003782150164046523
57,0.0006337793922067237,7.60763276076083e-07,0.06484299205455976,0.00015251557508327715,0.000774451581562088,0.0016981254300888135,4.0216299721267495e-05,3.315984666620646e-07,0.011359290817492276,0.0006141193111327939,1.5753109419635932e-05,5.03544729559804e-07,1.6836635024677827e-05,6.505587130904223e-05,6.873215042801393e-07,0.0001846022294354744,0.00018222170897464715,0.0015820256569963563,1.4757782492843342e-05,3.792583027990195e-05,0.002746782980128023,2.7546933748864258e-08,0.2992599785286759,0.6155887286957917,0.00018752973471440032
58,0.000372615789614988,3.442800418312071e-06,0.06308550952468707,0.0001275936965213906,0.0005231995355617116,0.00042521379015859483,5.268168122563467e-05,4.189693981141196e-07,0.008028835847052088,0.0008625043372692135,1.7576370464631613e-05,9.67223777348651e-07,5.5524816300494274e-05,0.00014448093310587192,7.20431888788007e-07,0.00036443700247582077,0.0002751779770828671,0.0013314476768399018,6.649964483209542e-05,4.366175818205583e-05,0.009233842142974735,7.949632136568976e-08,0.10060240880447147,0.8140509175098646,0.0003302422395108023
59,0.005409864782628388,2.754523486398425e-05,0.12980972232896143,0.0024103525228118708,0.0014867375694361956,0.0135665935739355,0.0007829826191076065,2.0168754255445103e-05,0.032444427457698266,0.00580920643611705,0.00028465093134698104,8.405520042696916e-06,0.000297700834196552,0.00035084465253252525,2.5036960833665346e-05,0.002462166158330464,0.0026740961850602583,0.011515323301548962,0.0025423447488951605,6.618027434620167e-05,0.03471163459549206,2.74275617551713e-06,0.419833659402999,0.3324528877282937,0.0010047246700903903
60,0.0005079460503223268,4.336635916541966e-06,0.0838411531678265,0.00016447822882970957,0.0005982366192195154,0.0006021766032612444,6.877427511585572e-05,6.679042536351299e-07,0.00926582131252093,0.0011849399337015554,2.3150016319766556e-05,1.1926827577229797e-06,6.805966602493662e-05,0.0001753982059407477,9.309828341526659e-07,0.0004783575561463276,0.0003754335732705567,0.0017864617054010202,9.031678368557761e-05,5.031675894621089e-05,0.011953222046539806,1.093005203611965e-07,0.11872793830423045,0.769649796186886,0.00038078549952865793
61,0.0006344565073715411,5.586260707547194e-06,0.09016878069948527,0.0002282326015355557,0.000691404205355804,0.0008697095334183015,9.48516140167024e-05,9.91520095499431e-07,0.010767898153234836,0.0015001844289601037,3.030057310549478e-05,1.4940766023943767e-06,8.423464894982486e-05,0.00019007871518750242,1.3898893905269094e-06,0.0006335877546039123,0.0004914072888332368,0.0022428045842652383,0.00014229431421239642,5.6359051961970026e-05,0.014305685316100972,1.5909075095799312e-07,0.13839863159998422,0.7380255273320454,0.0004339502398247021
62,0.0005079460503223268,4.336635916541966e-06,0.0838411531678265,0.00016447822882970957,0.0005982366192195154,0.0006021766032612444,6.877427511585572e-05,6.679042536351299e-07,0.00926582131252093,0.0011849399337015554,2.3150016319766556e-05,1.1926827577229797e-06,6.805966602493662e-05,0.0001753982059407477,9.309828341526659e-07,0.0004783575561463276,0.0003754335732705567,0.0017864617054010202,9.031678368557761e-05,5.031675894621089e-05,0.011953222046539806,1.093005203611965e-07,0.11872793830423045,0.769649796186886,0.00038078549952865793
63,0.0004892981485245508,5.06645702035957e-06,0.081759567439331,0.00017598613533502166,0.0005814449424250219,0.0005813873988996001,6.784743163752709e-05,6.843664198877317e-07,0.00907972502356312,0.0012753166825216788,2.2424963045557062e-05,1.2372040660433157e-06,7.096848629899789e-05,0.00017794280975449775,9.592042859859066e-07,0.000512337404450353,0.0003957537929661853,0.0017651544083168084,0.00010085783098183976,4.988254527803767e-05,0.011990198987166897,1.1646589282731003e-07,0.1149689661514545,0.7755381341614666,0.00038874155889703836
64,0.0004681604181942228,4.3346824056536915e-06,0.08701024904990816,0.00013870562893520636,0.0006038011881890134,0.0004778824729288146,6.909749737846518e-05,6.54273775755135e-07,0.008007230694812795,0.0011059017255383773,2.3991798174355777e-05,1.0828467999355696e-06,6.747399060800324e-05,0.00020411953666974996,7.478707718042068e-07,0.000431836180724541,0.00040310685924728213,0.002002771900233479,9.066813523484946e-05,5.1039859514952874e-05,0.016502773435246563,9.912494809886834e-08,0.12270680175012424,0.7592601063005473,0.00036736277908827315
65,0.00035138214927346703,4.406173087761687e-06,0.09041761697146114,0.0001126554164367908,0.0004576134322341484,0.0003639453323031403,4.390431658663054e-05,4.842642843041522e-07,0.009234080449790622,0.001237792533945027,1.5076791615819566e-05,1.0522890066865547e-06,6.014294460778153e-05,0.0002231965305680314,6.174169220965173e-07,0.0003965304695945779,0.00026603656987959185,0.0012216035467136044,5.3011605721712904e-05,5.1704264773179515e-05,0.00925453703164241,8.830171157281269e-08,0.08310125254486458,0.8027215109678714,0.00040975768510394424
66,0.0011644861790913558,5.025177134716732e-06,0.256186008573807,0.00017051317134439132,0.0006103886121228064,0.00045415475068117083,7.134685641096293e-05,1.5971291643409134e-06,0.008455144124812426,0.0016542062969068217,4.087513051310879e-05,1.760804664545661e-06,0.00021046257126653044,0.00037854651744396236,7.23885696802256e-07,0.0005204485322573172,0.000366057655675165,0.003073255115521829,4.87898132175632e-05,0.00013346847732715423,0.015694718074211876,1.8856168036878422e-07,0.0659961036610148,0.644408528306158,0.00035320202187490255
67,0.0004294946738277982,3.133567932383393e-06,0.10607203306720896,0.00012603471761764686,0.00044987985713799744,0.00039917438827890813,4.559615812184239e-05,5.559090056498462e-07,0.00559777538653478,0.0011529799706592831,1.738137383396134e-05,7.11507170821154e-07,5.4762486407406135e-05,0.00018255192658936327,5.194203324396681e-07,0.00041176190828595374,0.0004080919465735017,0.0021222303193974834,5.754063694554871e-05,5.700375648769775e-05,0.014517352093722779,5.8049232075533124e-08,0.14586671259821385,0.721752858101963,0.00027380617851865925
68,0.0009749719988784368,8.037462780250867e-06,0.09113712507305231,0.0002978996516561312,0.0007457934445384288,0.0009412644691819708,0.00012274163370998954,1.3945157861865478e-06,0.009179547712948185,0.0015252878333587461,4.506308983500799e-05,1.747191186068828e-06,0.00012868817624678763,0.0001735300026878647,1.6288858485654187e-06,0.0007795319058762362,0.0007371008569289516,0.0032810972394982044,0.0002785890973746239,5.2671503547477916e-05,0.02293333077500952,2.5562693473445757e-07,0.14232427933216538,0.7239302453040445,0.00039817721692555303
69,0.000641066729598923,5.2664611595550934e-06,0.06831699843366881,0.00022537555411874792,0.0007574687177048429,0.000779828869489133,8.462427490397352e-05,6.654564710318318e-07,0.010335383471965859,0.0010763236655893104,2.7983197805722715e-05,1.4635070786466661e-06,7.951348277817835e-05,0.00012813283588299307,1.3202165666140443e-06,0.0005130604527723579,0.00043422541247806613,0.0015863555242902798,0.0001264509364829421,4.122270727521704e-05,0.010068404354615626,1.5300650167399196e-07,0.11156266472009899,0.7928248605476971,0.0003811874630053123
70,0.000537519478918089,4.753193978499531e-06,0.08238766122721868,0.0001473834016103126,0.0004549847621024094,0.0006376317388805454,6.851034794827404e-05,7.21433847753936e-07,0.007819224569359486,0.001322967753588897,2.384797129439615e-05,1.2744064881025277e-06,7.515168975774165e-05,0.00016401651807203678,8.902332163254566e-07,0.000632272808424065,0.00045018935295561307,0.0021604270702733964,0.0001220015771183716,4.9413107444248305e-05,0.014442273577124168,1.276013999944513e-07,0.11925563044678411,0.7688451372544267,0.00039598847776762565
71,0.0004331326734359351,4.1288277224888114e-06,0.08133356294379085,0.0001482445791783256,0.0006013877568906321,0.0005335510279901682,6.55926192606057e-05,6.178370669911896e-07,0.009375187335311843,0.0011513174773862581,2.107224528447223e-05,1.1032178861297707e-06,6.241833233679393e-05,0.00018993641024438147,8.313065925920079e-07,0.00044497277072192266,0.0003396744343297803,0.0017234875651063188,8.049308285360332e-05,5.196217538068869e-05,0.01213692621679171,9.64706190104779e-08,0.1168424968563708,0.774078944626896,0.00037886121055180004
72,0.0008374776852565966,1.4523368062678503e-05,0.16082806232699529,0.0004902399675933779,0.0005715212446794929,0.0036001784599385264,0.00036714252507307984,3.7786910213230498e-06,0.020604519946288348,0.005285606430278746,3.6497189865491276e-05,4.279494849421936e-06,0.000260191822011587,0.0002911997764627712,9.116872377811066e-06,0.004624790708052211,0.0010348352358543246,0.002751578697325948,0.0004724037960417616,0.0002121772829196481,0.01690957967194164,7.098161758352829e-07,0.14220811903595865,0.6374677437739374,0.0011137261810379197
