,0,1,2,3,4,5,6,7,8,9,10,11,12,13,14,15,16,17,18,19,20,21,22,23,24
0,0.0014644650994286477,7.422163411539338e-06,0.8002814212357792,1.2964669064776636e-05,6.663097266923434e-06,0.0013461016138499493,0.00019036310212620412,3.0214483825206714e-05,0.18789926409811153,3.434281240529698e-07,3.9732744537000024e-05,9.344161366567268e-05,4.399662347772402e-06,3.1050502998876927e-09,0.003922981529426001,0.0025208768062783844,1.8506809785633023e-07,3.2639553825605314e-05,0.0012746690506512401,1.873231168326899e-07,0.00010536464134054518,9.727984488388635e-06,1.2340287247011514e-07,0.0007239683238930191,3.247619942081703e-05
1,0.001419460464514889,6.981993268861947e-06,0.9526007353670322,4.352228837743977e-05,9.101922635856871e-06,0.0007455615828929147,0.0005782449597150426,3.307998190844763e-05,0.040548798904219044,5.948530993245988e-07,0.00014063864356301362,0.00019134736566775025,3.0643797419090687e-06,1.8142458291986625e-08,0.0018877955504144396,0.0003857414445735675,4.040732381668942e-07,5.0521885848465836e-05,0.00034701046371232063,2.1116767038476185e-07,9.412319919044701e-05,1.45700266595132e-05,1.528691823871635e-06,0.0007639591163004448,0.0001329835314734378
2,0.001448949044152716,6.414520020504041e-06,0.9299588579187629,1.4522506607911377e-05,4.6981904409715665e-06,0.0006185934392616295,0.00030017930430110225,1.8716161003917306e-05,0.06399880303800826,5.617836045541567e-07,2.567255684603655e-05,8.123423743618644e-05,2.1226962442338835e-06,3.988600150618579e-09,0.0018171859684900475,0.0007752539042730016,9.867245895693242e-08,2.9058254734151435e-05,0.0003863016082277171,1.3752578462705997e-07,4.8532881521968704e-05,5.031306293108768e-06,2.0504301105085324e-07,0.00040521928966480805,5.364616024949463e-05
3,0.0011666608279775191,5.122680534878045e-06,0.9409709997692935,1.6727013841066433e-05,2.953093880441799e-06,0.0005764643462146629,0.0002463349426143387,1.7425103930468473e-05,0.05414701541360399,5.090144157188443e-07,2.3274252311790433e-05,8.321079839446309e-05,1.8191441122578515e-06,3.2309423133973935e-09,0.0011472290110998821,0.0006520155383634766,8.206214677036504e-08,2.487470642480893e-05,0.0003664384556830905,1.0350200741661852e-07,5.4979438860996504e-05,4.60570275971547e-06,2.1397530773344923e-07,0.0004518467352249032,3.909124005358649e-05
4,0.0012302982585987437,5.270589763524918e-06,0.9381719950441728,1.7794333455244803e-05,3.096648952538835e-06,0.0005764183248514516,0.0002516185565339682,1.727870761994133e-05,0.05680169547156407,5.104062123390842e-07,2.394537495984949e-05,9.512943390278256e-05,2.2354986875398078e-06,3.5015111223697333e-09,0.001155856653374164,0.0006576446839643639,9.527348463418976e-08,2.6541080055776067e-05,0.00037584149811670936,1.1365569348433309e-07,5.975300332484938e-05,5.044713776386354e-06,2.2607793081461356e-07,0.0004790623118173634,4.25308976756013e-05
5,0.00124803726030987,4.6027008607578795e-06,0.9429997511572485,1.918971331024068e-05,2.4951987009062873e-06,0.0005483471037136987,0.00023208621875339143,1.6460131068125562e-05,0.052219008930562735,5.089036064034161e-07,2.269803028981939e-05,9.413015252192117e-05,1.9952733303311588e-06,3.2007588450737338e-09,0.0010266838361524411,0.0005871953414796062,8.679371444840157e-08,2.9572125247209303e-05,0.00034045013665072227,1.0181609305074186e-07,5.820534598600413e-05,4.9566240186637975e-06,2.220851181699431e-07,0.0005018791609450204,4.133275955908171e-05
6,0.0011666608279775191,5.122680534878045e-06,0.9409709997692935,1.6727013841066433e-05,2.953093880441799e-06,0.0005764643462146629,0.0002463349426143387,1.7425103930468473e-05,0.05414701541360399,5.090144157188443e-07,2.3274252311790433e-05,8.321079839446309e-05,1.8191441122578515e-06,3.2309423133973935e-09,0.0011472290110998821,0.0006520155383634766,8.206214677036504e-08,2.487470642480893e-05,0.0003664384556830905,1.0350200741661852e-07,5.4979438860996504e-05,4.60570275971547e-06,2.1397530773344923e-07,0.0004518467352249032,3.909124005358649e-05
7,0.0011489529410448262,5.286497334632604e-06,0.9377950513302699,1.759663582038687e-05,3.075336526276728e-06,0.000597570741407439,0.0002554559809083845,1.821732134261499e-05,0.057131392432523354,5.202380077527928e-07,2.451470719222974e-05,8.768266158050927e-05,1.8760036960745279e-06,3.40804270153841e-09,0.0012510277434530708,0.0006937879674906635,8.645655004131145e-08,2.5584337945668026e-05,0.00037744875426945485,1.0800839005908077e-07,5.85851687128597e-05,5.028655803244572e-06,2.2231764378219387e-07,0.00046010754239835775,4.081681164589773e-05
8,0.0012885807732614099,5.69572262488127e-06,0.9097983844368108,1.7218193251325316e-05,3.7088812953280912e-06,0.0007330367972658161,0.0002718996972475263,2.189278928754572e-05,0.08346289194583782,5.086618323264371e-07,3.075359344141671e-05,0.00010719813475856557,2.41131926992488e-06,3.738625249397092e-09,0.002108131420083048,0.0009377232298846698,1.2541269158396916e-07,3.571776561998934e-05,0.0005345477790966858,1.1843991797882925e-07,8.210811589532407e-05,8.480821260994142e-06,1.9847477479150606e-07,0.0004987225668165725,4.9941289148678594e-05
9,0.0018351871479384062,6.393551111329196e-06,0.9130889400222928,1.4789120808988873e-05,5.350787713861331e-06,0.0007936908675168458,0.0003072022965786643,2.8170320698810962e-05,0.07928244434617993,4.823343499940561e-07,4.355778740735786e-05,9.93748711729574e-05,2.4346832198097554e-06,4.969059784650465e-09,0.00227369748389749,0.0008786082704179561,1.578533137839053e-07,4.155860441733438e-05,0.0006639734147318622,1.1918561456375658e-07,6.277375695996983e-05,8.628844321081115e-06,2.2031517499240603e-07,0.0005069137253991259,5.532543970243269e-05
10,0.0011666608279775191,5.122680534878045e-06,0.9409709997692935,1.6727013841066433e-05,2.953093880441799e-06,0.0005764643462146629,0.0002463349426143387,1.7425103930468473e-05,0.05414701541360399,5.090144157188443e-07,2.3274252311790433e-05,8.321079839446309e-05,1.8191441122578515e-06,3.2309423133973935e-09,0.0011472290110998821,0.0006520155383634766,8.206214677036504e-08,2.487470642480893e-05,0.0003664384556830905,1.0350200741661852e-07,5.4979438860996504e-05,4.60570275971547e-06,2.1397530773344923e-07,0.0004518467352249032,3.909124005358649e-05
11,0.001200758926266425,5.20137787049195e-06,0.9406439650943188,1.71119692992846e-05,3.0266935828208914e-06,0.0005652873122286348,0.0002464929674881807,1.7249731866977758e-05,0.054467178032451505,5.083902790841092e-07,2.3133023153349796e-05,8.864570654097541e-05,2.0707042485990087e-06,3.3153789957223863e-09,0.0011046606130345163,0.0006516723787606199,8.728635260435067e-08,2.5082359982708276e-05,0.0003681551635447563,1.1071731912334215e-07,5.6153761838421e-05,4.617164606432307e-06,2.1962372762234051e-07,0.000468980731509219,3.962695435001586e-05
12,0.0017553631108247363,6.870224943730331e-06,0.9429932592428043,1.8021743121868056e-05,6.580298263436312e-06,0.001030608102512929,0.00032738802527415377,1.4453033894782004e-05,0.05105413841124645,7.969916207479563e-07,2.9092355529505066e-05,6.782498067330506e-05,2.6697397715035408e-06,9.040504449259599e-09,0.0013870481535101446,0.0003695289193677696,2.422072100836338e-07,4.354274587688749e-05,0.00032071927391615014,1.7202489160581518e-07,6.516112158575917e-05,5.378893364270747e-06,4.3401531942936643e-07,0.00037736095001832516,0.00012333639395375722
13,0.0009204831409884609,5.456656792246326e-06,0.944155884160862,3.366198209196345e-05,4.610419384575939e-06,0.0005301630265753355,0.000411071648833838,4.020767585127651e-05,0.05029169990821881,4.247276249753545e-07,8.675310651682174e-05,0.00019059471581360518,2.2220754541352406e-06,9.408765388686612e-09,0.0015165059238934667,0.0007146889496409767,1.4004607622313195e-07,3.017544517122059e-05,0.00034602131176670405,1.3122057865491803e-07,8.318470678476607e-05,1.0105815011188612e-05,5.557937568141298e-07,0.0005772516138849794,4.799651966167443e-05
14,0.001806585883031297,1.412354550863487e-05,0.9201752797691779,2.320974120422667e-05,6.576111412047619e-06,0.0008206222893226493,0.00045479407153231616,2.743795166129606e-05,0.072231592171644,1.028105426548593e-06,4.567894716285511e-05,0.00010928274387585069,1.9080564704996904e-06,6.672390410175503e-09,0.0017458358368229053,0.0008984027158192602,1.0692370875863889e-07,3.1231973785974626e-05,0.0007656415586571655,1.6421876681324437e-07,6.333108115801368e-05,6.527237365184068e-06,4.044870148525617e-07,0.0007168343240126224,5.3393583067761704e-05
15,0.0011666608279775191,5.122680534878045e-06,0.9409709997692935,1.6727013841066433e-05,2.953093880441799e-06,0.0005764643462146629,0.0002463349426143387,1.7425103930468473e-05,0.05414701541360399,5.090144157188443e-07,2.3274252311790433e-05,8.321079839446309e-05,1.8191441122578515e-06,3.2309423133973935e-09,0.0011472290110998821,0.0006520155383634766,8.206214677036504e-08,2.487470642480893e-05,0.0003664384556830905,1.0350200741661852e-07,5.4979438860996504e-05,4.60570275971547e-06,2.1397530773344923e-07,0.0004518467352249032,3.909124005358649e-05
16,0.0011043684570596554,6.9878682998945734e-06,0.9292773052908074,2.2742428764916448e-05,2.963758995851074e-06,0.0005606315899123446,0.00038939953340467754,2.6087941725903512e-05,0.06450796033458847,9.243966922560742e-07,2.5047619131546144e-05,0.00015774801964850576,2.3764248797231014e-06,4.641501491425494e-09,0.0017057300044629028,0.0009631942313479324,1.084500937741755e-07,3.388980255834099e-05,0.0005352895043865526,1.3816045466294007e-07,0.00011268136521175324,1.0198945786724294e-05,2.684327588844171e-07,0.0005019840809023727,5.1968716623477926e-05
17,0.001089769955806664,5.808874566518974e-06,0.9435303618421712,3.020500990932984e-05,4.689768352711359e-06,0.0005807603606310342,0.0004067906185983134,3.0963188919235116e-05,0.050678979841678774,6.764727007681589e-07,4.698386140820891e-05,0.0001650201465211924,3.246323623922182e-06,7.583415998079346e-09,0.001528260170569373,0.0007453677440138554,1.989520343344818e-07,3.38140151969034e-05,0.00038406758366058593,1.9459736836795023e-07,9.049624358122631e-05,1.0409590316547648e-05,5.573128129954335e-07,0.0005659461285931883,6.642381354882803e-05
18,0.0014328316749910692,4.671610676754448e-06,0.9463477722459538,1.5860437935207623e-05,3.816547474165193e-06,0.0005496623498430625,0.0003559935723545632,1.6438382510662292e-05,0.04837823541189102,6.660250348119787e-07,2.339790694663478e-05,0.00010910614218810939,2.8510432309559265e-06,5.0130108363762775e-09,0.001376097254777175,0.00048324360109971667,1.5699387190523916e-07,4.119514096422778e-05,0.000318187247784151,1.3040095417914066e-07,7.234939134150984e-05,6.890428375627209e-06,2.73567388350849e-07,0.0003765608728159971,8.360673658543915e-05
19,0.0008679656344676295,5.089181151507143e-06,0.9406823779916477,2.0188877795414437e-05,2.2966559905591927e-06,0.000362703528284744,0.0003250243288586452,1.85254631949085e-05,0.05492810297018582,5.256201154626513e-07,1.7716335932639576e-05,0.0001311992117929928,1.937208067502353e-06,2.9011956635009737e-09,0.001134406671470059,0.0007236966626007973,6.499638926398022e-08,2.008187073087655e-05,0.00029155695340075315,9.765717047884622e-08,6.392670297054082e-05,5.44760466881263e-06,1.9012415315370725e-07,0.0003596206027273766,3.7254245036648334e-05
20,0.0009681967124273017,5.240022793461993e-06,0.9310596181086023,2.2331527117766746e-05,2.692129640159505e-06,0.0005220026491373509,0.00030379228958561,3.334174857555302e-05,0.06258469882505657,5.61548595200614e-07,3.10754250034724e-05,0.00012859977595786932,1.7770485449215469e-06,4.109657052040586e-09,0.0023438545827397213,0.001023367307968815,9.979139497422231e-08,3.265688671865243e-05,0.00042131176975679986,1.1109276293028777e-07,7.809879940522398e-05,1.0640169076812585e-05,2.1109136968549949e-07,0.00038147220832814786,4.424437978378201e-05
21,0.0010886058313924621,5.854203145770163e-06,0.9275860686617303,2.0636067501362393e-05,2.3986308120227832e-06,0.0005223961557016655,0.0002629985907371212,2.1367464546590364e-05,0.06727179591913664,5.825337503754591e-07,1.9517953546069253e-05,0.00011533997857144595,1.8861197408343131e-06,3.5291395286020514e-09,0.001113603057679324,0.001009195518494839,5.428079307368762e-08,2.3274538821949675e-05,0.0003780369625306577,1.0703791269369494e-07,6.112124382246867e-05,4.60518751020484e-06,1.6337124569496478e-07,0.0004595931274984056,3.0794034238457396e-05
22,0.0015485605760410517,3.5094177234304294e-06,0.9486042852582025,1.2608671944796608e-05,2.7588766904820447e-06,0.0006070726045919737,0.00017548914352398873,1.632669039716752e-05,0.04638657058944536,4.1905086687093e-07,2.4456628122651952e-05,5.61691709268079e-05,1.7034201852630958e-06,2.586810768994355e-09,0.0011263528476507208,0.0005241485198034531,1.155321543549663e-07,3.835916160279793e-05,0.00034304373669771364,8.906383325306703e-08,4.892274359632003e-05,5.038792636343164e-06,1.6971956005910213e-07,0.00043324317508946,4.0584021902327414e-05
23,0.0011666608279775191,5.122680534878045e-06,0.9409709997692935,1.6727013841066433e-05,2.953093880441799e-06,0.0005764643462146629,0.0002463349426143387,1.7425103930468473e-05,0.05414701541360399,5.090144157188443e-07,2.3274252311790433e-05,8.321079839446309e-05,1.8191441122578515e-06,3.2309423133973935e-09,0.0011472290110998821,0.0006520155383634766,8.206214677036504e-08,2.487470642480893e-05,0.0003664384556830905,1.0350200741661852e-07,5.4979438860996504e-05,4.60570275971547e-06,2.1397530773344923e-07,0.0004518467352249032,3.909124005358649e-05
24,0.001382747485006364,6.978953239817066e-06,0.9389129778037124,2.1781161120078525e-05,3.339097275556084e-06,0.0006332303412009374,0.00027178707418973796,2.1536991318197657e-05,0.05569018889008117,6.490668539161937e-07,2.697290282679555e-05,0.00010056823545536699,2.1082623269714703e-06,4.553788294256918e-09,0.001079913016716007,0.0007066441836124861,9.338157704293538e-08,2.6467678374621663e-05,0.00045077445801425183,1.314015079227938e-07,5.707452114181348e-05,5.035158594747799e-06,2.859909452633892e-07,0.0005573317210085869,4.137767011154255e-05
25,0.0010010077295782144,6.146301272089708e-06,0.9401798946559209,3.5759015614536534e-05,4.587583756820187e-06,0.0006765775583801293,0.0003913419060187367,5.788664388596486e-05,0.05363465855182328,5.820930682149014e-07,7.542411208176657e-05,0.00013987329648297814,1.8051444367936797e-06,8.434719031204933e-09,0.001402783614412402,0.001139008127447829,1.1347903466773563e-07,3.0002605665960844e-05,0.0004612593838550917,1.432782197889051e-07,7.471697148185254e-05,8.360464500477324e-06,4.7034112703442413e-07,0.0006445141723841175,3.307453483135538e-05
26,0.0011470042432874907,5.213303667682003e-06,0.9401600102959247,1.704747599067784e-05,2.989545782310382e-06,0.0005785353522844888,0.00025526852873752014,1.8125232512587526e-05,0.0548820163002038,5.197634597860501e-07,2.363774018468709e-05,8.583125978497032e-05,1.81694664048884e-06,3.3505114947299987e-09,0.0012108884498248968,0.000674153613790224,8.287155367266331e-08,2.5051097966171055e-05,0.0003694812050190663,1.0445610088243731e-07,5.631378950374885e-05,4.812159940877483e-06,2.1473993142615203e-07,0.00044077697085139866,4.0101306545265295e-05
27,0.0011824001266772513,5.30528378204379e-06,0.9282427204264017,1.9714911352302148e-05,3.1143798038600564e-06,0.000637635027695548,0.00026023202606717316,2.3386055435305675e-05,0.06589743669277837,5.286630393771463e-07,2.935173678335426e-05,0.00010113254219065691,1.9979693455806735e-06,3.7016350973259697e-09,0.0016434585827908182,0.000864563862727007,1.0457295989815602e-07,3.139495008383435e-05,0.0004412294455388607,1.13052283351353e-07,7.010445233068454e-05,7.449252431411179e-06,2.2448539134740564e-07,0.0004938160090136464,4.2581791461709604e-05
28,0.0011666608279775191,5.122680534878045e-06,0.9409709997692935,1.6727013841066433e-05,2.953093880441799e-06,0.0005764643462146629,0.0002463349426143387,1.7425103930468473e-05,0.05414701541360399,5.090144157188443e-07,2.3274252311790433e-05,8.321079839446309e-05,1.8191441122578515e-06,3.2309423133973935e-09,0.0011472290110998821,0.0006520155383634766,8.206214677036504e-08,2.487470642480893e-05,0.0003664384556830905,1.0350200741661852e-07,5.4979438860996504e-05,4.60570275971547e-06,2.1397530773344923e-07,0.0004518467352249032,3.909124005358649e-05
29,0.0011666608279775191,5.122680534878045e-06,0.9409709997692935,1.6727013841066433e-05,2.953093880441799e-06,0.0005764643462146629,0.0002463349426143387,1.7425103930468473e-05,0.05414701541360399,5.090144157188443e-07,2.3274252311790433e-05,8.321079839446309e-05,1.8191441122578515e-06,3.2309423133973935e-09,0.0011472290110998821,0.0006520155383634766,8.206214677036504e-08,2.487470642480893e-05,0.0003664384556830905,1.0350200741661852e-07,5.4979438860996504e-05,4.60570275971547e-06,2.1397530773344923e-07,0.0004518467352249032,3.909124005358649e-05
30,0.0011666608279775191,5.122680534878045e-06,0.9409709997692935,1.6727013841066433e-05,2.953093880441799e-06,0.0005764643462146629,0.0002463349426143387,1.7425103930468473e-05,0.05414701541360399,5.090144157188443e-07,2.3274252311790433e-05,8.321079839446309e-05,1.8191441122578515e-06,3.2309423133973935e-09,0.0011472290110998821,0.0006520155383634766,8.206214677036504e-08,2.487470642480893e-05,0.0003664384556830905,1.0350200741661852e-07,5.4979438860996504e-05,4.60570275971547e-06,2.1397530773344923e-07,0.0004518467352249032,3.909124005358649e-05
31,0.0011351443459943428,5.319604485254782e-06,0.9341476504760502,1.770885439701956e-05,3.2068045142853646e-06,0.0006202283352927778,0.0002578849398797156,1.7496411065571373e-05,0.06063531360024478,5.076823002342331e-07,2.5409019961457156e-05,9.097230475211419e-05,1.9651206431664768e-06,3.4088945311608234e-09,0.0013197909008875136,0.0007241098816396782,8.782321304377298e-08,2.5443020863850652e-05,0.0003823953672630797,1.1031644676973284e-07,6.059100796374702e-05,5.150943194312755e-06,2.2598353711344755e-07,0.00048126296554892785,4.202088096614827e-05
32,0.0012908580872387817,5.515788363785964e-06,0.9383983361737759,1.5926864278243377e-05,2.98015554427482e-06,0.0005989120929105629,0.00024252569850030978,1.7970192064569445e-05,0.05644066644857391,5.285593366698616e-07,2.3444970067801177e-05,8.404914651323593e-05,1.8765078531375916e-06,3.2134463356411467e-09,0.001173436646731693,0.0006669136330637275,8.477260143064437e-08,2.614136355798098e-05,0.0004308506230667019,1.02915434880944e-07,5.6212888540339047e-05,4.835555549364121e-06,2.0782934454343596e-07,0.00047912053029378423,3.849934334791801e-05
33,0.0011445370518702183,7.58030355482212e-06,0.9411562690831164,4.7364155098076075e-05,6.222748441197891e-06,0.0012031645742745145,0.0003913308126740506,6.872917480505514e-05,0.05050356698681723,1.1987417695641126e-06,8.93486695956807e-05,0.00015925439291699576,4.106281062067632e-06,1.2239595921055922e-08,0.0013796084151077104,0.0015114208516880051,3.013889908898464e-07,3.756460877891008e-05,0.0008609130097408008,3.17035423741598e-07,0.0001257799243683944,1.4131430158395302e-05,1.1919430005397564e-06,0.0012392483711244787,4.683780602636421e-05
34,0.003243686950770053,6.969665417252041e-06,0.8913846391884378,5.553961660566271e-06,2.2580997751614823e-06,0.00048229727583228406,0.00011309866313104169,1.0040662706506828e-05,0.1020755503276779,1.8611508625403094e-07,1.4316247193383211e-05,5.36146746883358e-05,1.5422101788029626e-06,1.1915031158545681e-09,0.0008260077478326342,0.0004027383178715535,4.7568302577779295e-08,2.4686132820686558e-05,0.0008392945291304081,3.943716667600762e-08,2.879558207096668e-05,2.484206800027633e-06,4.554884311580207e-08,0.00046355030671707043,1.855538838574145e-05
35,0.0022904843131640856,2.790695666183375e-06,0.941171383338458,9.636988000299397e-06,1.0426041555947509e-06,0.00022873478511311408,0.0001739427071734307,1.3356124413567702e-05,0.05455981457625973,2.986833387914042e-07,8.863185794077868e-06,7.482242787023776e-05,1.248098994579446e-06,1.205832239190156e-09,0.0004942660344231333,0.0002882076849676116,4.361247196061715e-08,4.787541322326217e-05,0.0002723142100066578,3.392800651009232e-08,3.529245842913188e-05,3.4805543911026854e-06,4.885582233176981e-08,0.00029755519129045046,2.4462322733837302e-05
36,0.0014103708290175575,5.55348926600687e-06,0.9202383905495487,2.11237966113755e-05,2.6897187846685273e-06,0.0003781607168314966,0.0003787693676523159,4.926775936938048e-05,0.07235314261367518,5.290637856655998e-07,2.779428360091128e-05,0.00024100663775942452,3.351333637532044e-06,4.6258767837353966e-09,0.0023038592407449133,0.0014735965809165633,1.1927531305256267e-07,3.500713844752423e-05,0.0005881395904942411,1.2595867979416223e-07,6.581674654445385e-05,1.310284977438691e-05,1.4717274012913555e-07,0.0003643209797757924,4.5609681152224065e-05
37,0.0011007975807919167,5.327898788551852e-06,0.9357514754632746,1.764608159108085e-05,3.2346881439793505e-06,0.0006307605672644523,0.0002618271988983089,1.9365539227683354e-05,0.05900210410986813,5.21209497760513e-07,2.5290584982522726e-05,8.799536109424301e-05,1.9004095680138035e-06,3.641926886871055e-09,0.0013941831050053198,0.0007523455894258977,8.85435382259606e-08,2.5380134547399946e-05,0.00037945163464759034,1.1141578750102122e-07,5.95649560978255e-05,5.165489707676593e-06,2.1861542597771767e-07,0.0004329831396167971,4.225704128172287e-05
38,0.0015376859725184195,4.888929209260188e-06,0.9404408219604724,8.014839776808002e-06,2.911237366034126e-06,0.0007344816128499181,0.00018653909928213907,9.24220229848597e-06,0.05457842908918394,4.526373437867959e-07,1.3312640240794224e-05,4.043994033297555e-05,1.2638067432049863e-06,1.9679009462642113e-09,0.00102518726358126,0.0006132463761251448,4.1727043094284975e-08,1.9622972181438474e-05,0.0003621378936058084,6.395859912850269e-08,2.9043521205898322e-05,1.885090683287717e-06,1.0069995960912147e-07,0.0003573300283693133,3.285453312663566e-05
39,0.004346234823153445,0.0001000993685885885,0.8254282132872086,3.7123052282784544e-05,1.9170188845647613e-05,0.0002689302694612579,0.001455216924177836,1.986569084319861e-05,0.16265271175532192,7.214699431961647e-07,0.0001209714623482644,0.0004182072779259451,1.0897423227013923e-06,2.482405170300708e-08,0.0030111076313897775,0.00038837885174989635,5.1271666132021834e-08,2.0092318527835083e-05,0.0006999044423197063,1.7485224805197252e-07,2.5215796690430307e-05,8.825366670215545e-06,9.911616324190175e-07,0.0008457401717315099,0.00013093799889881053
40,0.0012750267269929058,5.570344993791972e-06,0.9390908281136418,2.7769764687534215e-05,3.5225716732083015e-06,0.0007855581090523802,0.0002597015954841033,2.8994542030258548e-05,0.05486517806297216,7.361539546074023e-07,3.845521719306282e-05,9.521558230554112e-05,2.3662369667748483e-06,4.248463146290383e-09,0.0009835663567407259,0.0009460590651650083,1.30506200647495e-07,3.334303905298234e-05,0.0005509537375367062,1.714899279009546e-07,7.883199549962389e-05,6.348163952303017e-06,3.9841741636416423e-07,0.000886690777854561,3.457918024207565e-05
41,0.0013020734331576978,4.4718163497517934e-06,0.914459040956679,9.828134352465444e-06,4.0646636631683235e-06,0.00045452510376016436,0.00021417435351445949,1.0142969365520568e-05,0.08085229136020905,2.3190240734061236e-07,1.5213050922768421e-05,5.204232618711032e-05,1.6130256887835144e-06,1.8152973267803285e-09,0.0013556553285784386,0.0007238280460302866,4.21731646704801e-08,1.7536536942139303e-05,0.0001926539388669542,7.615738942142211e-08,2.34338321378673e-05,1.93300686325968e-06,7.594604522570972e-08,0.00027340657685907154,3.164354556814367e-05
42,0.0013734570259584036,5.623107821636224e-06,0.944867383055423,1.398217752771739e-05,4.129537678970685e-06,0.000549004371855083,0.00025836423530787504,1.0363565697892462e-05,0.050825030488558576,4.021087527252709e-07,2.33006566487546e-05,6.194598676613376e-05,1.530642196020587e-06,3.5522353919661935e-09,0.0008841939586975395,0.0003729719890639728,7.027369895145792e-08,2.161349714442188e-05,0.0002390815395641556,9.159922282607899e-08,3.658372551662442e-05,2.596848931492288e-06,2.3063736842533218e-07,0.00040081853487115485,4.7226883492542964e-05
43,0.0008501297912322338,5.116578420281993e-06,0.9470029220163796,1.946531195924405e-05,2.4596430187107594e-06,0.0009655779051728665,0.000242614264809174,2.438574062049221e-05,0.04718557132778156,1.4944240594326485e-06,1.7588062641511016e-05,6.820090089412576e-05,2.045553429191632e-06,3.5671264343076827e-09,0.0012544986672727112,0.0010532746134403813,1.1771727585977072e-07,3.4541094967431116e-05,0.0005505070909183582,1.679061569201179e-07,0.00012889408720867735,7.586774376340622e-06,3.116408759954252e-07,0.0005422769921807463,4.024832778156327e-05
44,0.0011666608279775191,5.122680534878045e-06,0.9409709997692935,1.6727013841066433e-05,2.953093880441799e-06,0.0005764643462146629,0.0002463349426143387,1.7425103930468473e-05,0.05414701541360399,5.090144157188443e-07,2.3274252311790433e-05,8.321079839446309e-05,1.8191441122578515e-06,3.2309423133973935e-09,0.0011472290110998821,0.0006520155383634766,8.206214677036504e-08,2.487470642480893e-05,0.0003664384556830905,1.0350200741661852e-07,5.4979438860996504e-05,4.60570275971547e-06,2.1397530773344923e-07,0.0004518467352249032,3.909124005358649e-05
45,0.0010786951519819973,4.384104594133374e-06,0.935816354106606,1.6283271389229394e-05,2.8942959931708586e-06,0.000590292332027425,0.00023513841940950007,2.3372143296321263e-05,0.058646449504564276,4.326251467186413e-07,2.52096148964548e-05,7.808366149432204e-05,1.6454029906966342e-06,2.8288958423628564e-09,0.0016165055018913595,0.0009943078308474432,7.209801089962943e-08,2.4906539970289505e-05,0.0003645833953874129,9.635293912671596e-08,4.678718728184583e-05,4.926130658569061e-06,1.543120090662428e-07,0.00039538209082970265,3.304109688798255e-05
46,0.0010691096565113502,3.6258022906959825e-06,0.9526346701296631,2.949526916102126e-05,3.0980023756354247e-06,0.0008995206118983533,0.00019338764610193966,3.0747244925838985e-05,0.04126398795596899,6.191282191838185e-07,4.172802120347068e-05,0.00011224970612249174,4.440207141324886e-06,4.929663629160758e-09,0.001346868006843374,0.0008692239410959653,3.7728225330873765e-07,3.900920714233274e-05,0.0005229753696664313,2.1876157529370725e-07,0.00011448385650423587,1.2754511469771755e-05,5.368069771290287e-07,0.000752251733967954,5.461621125710299e-05
47,0.0014694366669527749,4.639783894046621e-06,0.9328208179444107,1.3211828425477453e-05,2.046132306606588e-06,0.00039313051094518454,0.00023439748921163714,1.2652051414953758e-05,0.06201244108412333,5.00583596930044e-07,1.3328951245069203e-05,0.0001185929042837351,2.6357562004219344e-06,1.9534451659283175e-09,0.0011643510009442975,0.000725945304693182,8.388397385082102e-08,2.68348649377779e-05,0.0004221932709762387,9.717766268450758e-08,6.14983189285543e-05,5.959819477262112e-06,1.3183243090097397e-07,0.0004528163312265558,4.2254554292541566e-05
48,0.0018536586658603439,1.2667021265553365e-05,0.9334385466113705,2.0065424081625948e-05,4.026928683327796e-06,0.0010865425485697758,0.0002745188157619385,2.833199579679382e-05,0.058540575912057746,1.1004215399481852e-06,3.942475803266851e-05,9.401900349472259e-05,2.184962767065791e-06,5.050656706495615e-09,0.0011000689576002032,0.0007963202199158205,1.3336323730318696e-07,2.6742001419139914e-05,0.0015201813697261553,1.4453335474689298e-07,7.700814847032165e-05,7.024727247420023e-06,4.852380997892409e-07,0.0010392913816462284,3.693193934427569e-05
49,0.001221653024921023,5.399845561207966e-06,0.9379194222189812,1.6604164182365605e-05,3.2089059384444315e-06,0.000597460840825748,0.00025515768028630325,1.815398305617894e-05,0.056966749933864545,5.140949727421482e-07,2.4603106123011876e-05,8.326283725624013e-05,1.849475321704974e-06,3.3290751444072254e-09,0.0012210628304464635,0.0006855297975983459,8.536836662031165e-08,2.5537125402352476e-05,0.0003909737398643518,1.0678745806895308e-07,5.500010754059696e-05,4.738124860353287e-06,2.148106710491559e-07,0.00046289036169252037,3.981750573329247e-05
50,0.0011860135857894754,5.967791645255428e-06,0.9637098037792936,1.618161154867527e-05,3.675902633217735e-06,0.00048470587337563233,0.0005225696986905681,2.7629213106900232e-05,0.031207969080091238,1.206860359675287e-06,2.1852503164138813e-05,0.00010121632712179854,1.8658022607783641e-06,5.7410486145792375e-09,0.0012094653078756489,0.0006606273197303413,9.532444976698611e-08,2.832998531813281e-05,0.0003764651610020314,1.2848246150360305e-07,5.511676306378912e-05,5.473576809616853e-06,3.1102311766496503e-07,0.0003116097012616701,6.17135847803628e-05
51,0.0015361093785728256,1.0427124893010139e-05,0.9274559230418218,2.4843031366017408e-05,2.1973999084062395e-06,0.0004467457282220978,0.00026344075120224303,2.7165992307862302e-05,0.06693598582761358,5.671525427128602e-07,2.6199547627658662e-05,0.0001302254151802238,1.2464428621669418e-06,4.471996274766896e-09,0.0014801086056705683,0.0005448070442599328,7.620215694255885e-08,2.8441423740570906e-05,0.0005639710619471036,8.72600967211712e-08,5.820977819670715e-05,8.03340309906607e-06,2.0748992817132582e-07,0.0004146055820800344,4.0370842707330764e-05
52,0.0008610258674664949,8.052528751172141e-06,0.9454643132417564,2.520866020315858e-05,2.7312708418930235e-06,0.00035316560809491357,0.0003432157353599719,1.555512150947246e-05,0.05034025007245022,5.93491625128413e-07,1.982553500936495e-05,0.00015374972086874087,2.343741144283981e-06,3.151393139696469e-09,0.0007586691264011322,0.0005794644295001057,8.00784770327764e-08,1.3153042929994994e-05,0.00038560108365746063,1.388044070203177e-07,7.71439179131891e-05,4.877138703686894e-06,3.549376866198356e-07,0.0005558189039861476,3.46647898630809e-05
53,0.0007624878625165103,5.43323875678702e-06,0.9398726202076307,2.253124495843298e-05,4.792099644967258e-06,0.0004320351911423831,0.0005984938781337121,2.4259689228082196e-05,0.054609676352125526,6.223655848075111e-07,3.392258423938609e-05,0.00014521826217467424,2.0015264411616193e-06,4.763011526757004e-09,0.0017501201938598817,0.0009496832857513599,7.458213224400675e-08,2.1475749006799322e-05,0.0002566592755937467,1.264412977465599e-07,6.423256943154736e-05,6.04829888469198e-06,3.1578696587164153e-07,0.00038520624222631005,5.195830926091532e-05
54,0.001598539197969239,7.621217985934511e-06,0.9330138916830952,1.2711693683073628e-05,3.41495298211252e-06,0.0005914892076810172,0.00028118396441347563,1.1735632630630499e-05,0.06122449589047866,6.768919596281643e-07,1.4554590081423114e-05,7.234389655351187e-05,1.5688394429109886e-06,3.5005407211419963e-09,0.0017749509286176617,0.0006150551205358292,6.603849399025263e-08,2.4825078598363658e-05,0.000342580942494218,1.0638201046521413e-07,3.650744044614893e-05,3.84334072428587e-06,1.5431366038080529e-07,0.0003004249607343164,6.725429418685931e-05
55,0.00120267205761817,4.933120508847134e-06,0.9353957893425721,1.621489941778896e-05,2.645187744831339e-06,0.0005182882006303673,0.00023901465262874194,1.5627094278860273e-05,0.05986529147725596,4.501882660739271e-07,2.0393125040230326e-05,9.102314710164835e-05,1.9058408343957134e-06,2.8309351395753226e-09,0.0010802585974989158,0.0006317927746051737,7.225032503532263e-08,2.472743430236314e-05,0.0003500349311086742,9.279512078985731e-08,5.3462371696484224e-05,4.355454490851278e-06,1.7579469271308743e-07,0.00044357721661376367,3.7199214712137495e-05
56,0.001213093686299808,5.154336446821552e-06,0.9403719318814641,1.6940954472936052e-05,2.961133756714889e-06,0.0005672842636470911,0.0002479413609911317,1.7310310848537796e-05,0.054694476990558835,5.132862508333426e-07,2.2956981476264616e-05,8.965911685392198e-05,2.052941899765743e-06,3.3127122975928946e-09,0.0011271866769675125,0.0006543537542020903,8.68435207298208e-08,2.5692325357421198e-05,0.00037430783221151085,1.0749370676115273e-07,5.6641269868949746e-05,4.7453230039522436e-06,2.1474089686327755e-07,0.00046418727313510944,4.019590945043287e-05
57,0.001204947714204157,5.450335058087844e-06,0.9366892442553317,1.8002974825577856e-05,2.6451615030199814e-06,0.0004695164156685703,0.000280901145283739,1.978834850243648e-05,0.05812643932628096,5.915805463804216e-07,1.9700712060997186e-05,0.0001293219589192277,2.754311806289442e-06,3.2109917644089854e-09,0.0011980920421545786,0.0007774622218811272,9.93911810650525e-08,2.587770886080222e-05,0.0004435132726604559,1.2720967072700876e-07,6.76194322694665e-05,6.339873301947945e-06,2.0956281176465525e-07,0.00046856937170009513,4.2782462524933424e-05
58,0.001275064986632316,4.9880532071516375e-06,0.9403586694062859,1.6935569492407767e-05,2.7998108196711214e-06,0.0005694827034619115,0.00023005352048351143,1.602771978666061e-05,0.054764892243885976,4.821655626833753e-07,2.3788768814268325e-05,8.72447499226882e-05,1.9833120912122894e-06,2.9274213081314793e-09,0.0009365986045415202,0.0006332246524318646,7.622435098874526e-08,2.4953754790034737e-05,0.0003919317967336505,1.0071302820245126e-07,5.349853924324908e-05,4.174384199802652e-06,2.1901748857831278e-07,0.000568454401638689,3.435197368569198e-05
59,0.001536333243518038,1.3226295281127623e-05,0.8952654055341255,2.1123808671411465e-05,1.0184491899447347e-05,0.0010587869224984337,0.0008657443974619896,7.003642706514324e-05,0.08833859720134234,1.1584834987807125e-06,5.2586640173774215e-05,0.0001561156201616149,2.5861562662029507e-06,2.1243936696337154e-08,0.010150313787858894,0.0011697486579598316,3.8802055275856384e-07,5.852895414011494e-05,0.0007381635596385916,1.7542921432777728e-07,9.02757047341887e-05,2.5462016288501704e-05,3.03618255227627e-07,0.000145549829090447,0.00022918395636665646
60,0.0011666608279775191,5.122680534878045e-06,0.9409709997692935,1.6727013841066433e-05,2.953093880441799e-06,0.0005764643462146629,0.0002463349426143387,1.7425103930468473e-05,0.05414701541360399,5.090144157188443e-07,2.3274252311790433e-05,8.321079839446309e-05,1.8191441122578515e-06,3.2309423133973935e-09,0.0011472290110998821,0.0006520155383634766,8.206214677036504e-08,2.487470642480893e-05,0.0003664384556830905,1.0350200741661852e-07,5.4979438860996504e-05,4.60570275971547e-06,2.1397530773344923e-07,0.0004518467352249032,3.909124005358649e-05
61,0.0011969850468180044,1.264985163706048e-05,0.8877098243940693,2.2117396618292938e-05,8.315085433435912e-06,0.0011703991222558408,0.0007573618756970933,6.90951512943295e-05,0.0954850992774848,1.0706488664892536e-06,5.0775962139992875e-05,0.00014774294844989558,1.8217382332692001e-06,2.0036832022430947e-08,0.010701586152105412,0.0014059671870738195,3.0088306350706153e-07,4.4031169655951464e-05,0.0007644800459302815,1.5354272440349123e-07,9.381160541288259e-05,2.5257740904391247e-05,2.954132002793458e-07,0.00013757791121149463,0.00019325981288746702
62,0.0011666608279775191,5.122680534878045e-06,0.9409709997692935,1.6727013841066433e-05,2.953093880441799e-06,0.0005764643462146629,0.0002463349426143387,1.7425103930468473e-05,0.05414701541360399,5.090144157188443e-07,2.3274252311790433e-05,8.321079839446309e-05,1.8191441122578515e-06,3.2309423133973935e-09,0.0011472290110998821,0.0006520155383634766,8.206214677036504e-08,2.487470642480893e-05,0.0003664384556830905,1.0350200741661852e-07,5.4979438860996504e-05,4.60570275971547e-06,2.1397530773344923e-07,0.0004518467352249032,3.909124005358649e-05
63,0.0012276562691690602,6.0786996024994165e-06,0.9396570754111226,1.7015943545567963e-05,3.0458550404339586e-06,0.0005739977362208544,0.0002484982379528374,1.687205074045036e-05,0.055363003781822046,5.475815885879629e-07,2.276215692554317e-05,8.450174421944177e-05,1.8059848516749886e-06,3.3362115831642537e-09,0.0011638643585348892,0.0006294791309425493,8.216433474923306e-08,2.3883246661296594e-05,0.00039744072813673904,1.0928026648549394e-07,5.517823041401907e-05,4.618272713835558e-06,2.245589921338751e-07,0.000462193537420366,4.0061702569745086e-05
64,0.0010321347323887656,5.137385050851481e-06,0.9408517965662548,1.83008886171498e-05,2.7446757509561245e-06,0.000591036757280982,0.0002503110675045757,1.6833660462044538e-05,0.054349214853797935,5.980910614509229e-07,2.10450872049349e-05,9.079972939860497e-05,2.0241738541134595e-06,3.350857081358799e-09,0.001130247209458461,0.0006650844753548909,8.800186981741873e-08,2.575884984690716e-05,0.0003619307225588477,1.1680462798408217e-07,7.214613164602231e-05,5.132353006197018e-06,2.3510005320141206e-07,0.0004661597827419406,4.111954935107087e-05
65,0.0005540666970963049,4.670550972242467e-06,0.9777044666421166,2.0895399393144966e-05,2.224299254376676e-06,0.0005711875208455051,0.0003603098454502951,2.6019080380130323e-05,0.018530801509242575,1.7961370585592819e-06,1.4005925846667487e-05,5.6720791860942403e-05,1.1040196483213965e-06,5.363153648490274e-09,0.0009622535766794855,0.0005791704211934275,7.736750755882167e-08,2.1473515596417255e-05,0.0002257618742273202,1.580126632029727e-07,7.692387216988373e-05,4.141515859242626e-06,3.954792664652566e-07,0.00023154204841789423,4.982853409985177e-05
66,0.0011626146775241867,5.276063711251557e-06,0.9398269629401264,1.7383071765846266e-05,2.9567446934566615e-06,0.0005726763415675394,0.00025448343926918543,1.843029134804716e-05,0.05521632029528693,5.104052265580188e-07,2.4044463478964245e-05,8.755546652872895e-05,1.8047276887556139e-06,3.3897321132360126e-09,0.0011982470531677742,0.0006667528105678359,8.23341362305494e-08,2.5006922041624964e-05,0.00037332937337480524,1.0304100244201444e-07,5.544490425806848e-05,4.842687066591231e-06,2.1611026903928061e-07,0.0004452287755136134,3.972367065388117e-05
67,0.0004594207439131599,1.7041259961952997e-06,0.975263498707794,3.456380006235991e-05,2.4380670380411485e-06,0.0017982894984049683,0.00011777551993671346,1.4832034899900488e-05,0.02000372151873284,7.292556402533058e-07,3.151132871948867e-05,4.805474253326729e-05,3.4743585551929323e-06,6.80081147753957e-09,0.0004911029872001749,0.0006043197688843063,1.7496032832187996e-07,2.2950466954544515e-05,0.0001747048903010513,2.424171106367259e-07,9.393707474423233e-05,2.7725285827858906e-06,1.0007255826936076e-06,0.0007855927291953454,4.318094807771274e-05
68,0.001452836961695103,7.4413432681901725e-06,0.91556087092535,1.723375687160561e-05,5.901085822515474e-06,0.0008656782700141776,0.00032960939033910215,2.378999092606815e-05,0.07666063261259501,6.065216537494826e-07,3.776286813205247e-05,9.413141968985006e-05,2.5210650733183723e-06,4.757592258105294e-09,0.002612378372496104,0.0010891316622408942,1.395769745719322e-07,3.1504938237494636e-05,0.0005681137418991516,1.5647245186493999e-07,6.10513472627917e-05,7.296858550423192e-06,2.588646563652028e-07,0.0005110376411469204,5.990955506009737e-05
69,0.0010270664664064563,5.216604433716021e-06,0.9446904743056312,1.8907117732582273e-05,3.0258956498800883e-06,0.0006008510153446461,0.0002460034882068504,1.8646960267497467e-05,0.050497446073491506,5.340934760999313e-07,2.6689605003446658e-05,8.3521059188529e-05,1.759211125796274e-06,3.364430853622316e-09,0.0010569212636985,0.0007038564246361905,7.831300382960255e-08,2.235816685119559e-05,0.0003688254964021557,1.141651296686097e-07,5.938386475522499e-05,4.441183487516358e-06,2.6358811958966733e-07,0.0005294862922962775,3.412598123083155e-05
70,0.001398416230102913,3.800692767742128e-05,0.8328752560947049,2.9543646807211335e-05,8.720603546379749e-06,0.003262465494124277,0.00041489090292096787,1.532462629398643e-05,0.14496549734917175,1.6553176644985136e-06,0.00014963386048470222,0.00016788029835117517,2.569323922544368e-06,6.5131174896129876e-09,0.001848149309897769,0.0008091949976252774,1.9250018316918621e-07,2.4785843047224933e-05,0.006990032973160315,1.7220580437130648e-07,0.00046230057486598605,1.739979127992042e-05,2.587021534876472e-06,0.006472560217990231,4.275737572050824e-05
71,0.0012043886396932604,7.194113337939965e-06,0.936431064592385,1.9673799728201572e-05,4.383031469641113e-06,0.000581739637884953,0.00031313975111414173,1.7520863111325268e-05,0.05825713150330569,6.982963721847949e-07,2.4191613824812498e-05,9.475146936253846e-05,2.4000296430438165e-06,4.010707710440707e-09,0.0011905747865242375,0.0007869803751857666,9.494217560641395e-08,2.2543401379815965e-05,0.00037926530012177823,1.7854067050465204e-07,5.954836798600736e-05,4.512858383734291e-06,3.083158743480407e-07,0.0005523956097032254,4.531615005446477e-05
