,0,1,2,3,4,5,6,7,8,9,10,11,12,13,14,15,16,17,18,19,20,21,22,23,24
0,3.207440183281848e-05,0.00012708961080158318,0.821226495576128,0.002053064220074934,0.009463570655241237,0.0896104942903762,3.41256664374885e-05,8.517243827722624e-06,0.0011062218618430346,0.0006232903539199547,0.0007692113543391236,7.800901494108136e-08,3.819490503438682e-06,0.0014405930240871654,0.06572533887196474,1.5536855258738862e-05,3.495953949158277e-05,1.5874615159626728e-07,0.00031566891775289214,0.00017079248125441706,0.00044051900507114186,0.0011138152326965875,0.0001124428922699556,0.005560982990107195,1.1138709553440083e-05
1,1.7264619699751796e-05,7.315590643634947e-05,0.7534133742345246,0.002025199059339882,0.005529528863156921,0.14541324672251715,3.7222162207063364e-05,7.41191104808268e-06,0.0003653128608785408,0.000427191834678098,0.0007765423511771484,1.0083963953477668e-07,3.7417798781398493e-06,0.0020139825433862163,0.08245071416063374,1.1878335850695757e-05,3.444211498093893e-05,1.805830985996657e-07,0.00029614954046775307,0.0003120502360068971,0.0009055234728671573,0.0013497225966428784,0.00019867891491046714,0.004326330266977035,1.1054088996392608e-05
2,3.654839884809564e-05,9.526136071105722e-05,0.7504362362879851,0.0016284119787576884,0.008871547199927343,0.13043801750934877,5.474048978920888e-05,1.643988804742747e-05,0.001656176247785886,0.0011470920083723978,0.0005302239244948695,6.001802063763159e-08,3.4626818746807816e-06,0.0013593475370086532,0.09339054937661051,2.4946436444571975e-05,2.950967638874688e-05,1.6380175606021252e-07,0.000628291418916146,0.0005696186412973819,0.000524413926185737,0.0017896827808050295,0.00020118533333143675,0.00655186997172691,1.6203105565570534e-05
3,2.8946277177675953e-05,9.674265301204001e-05,0.7762457162665403,0.0018593663113186598,0.007110123565344533,0.13578192730164695,3.825452126657107e-05,1.18594932894835e-05,0.0010551155777770453,0.0007945192920589642,0.0005760477768359597,6.757875899585826e-08,4.037861089161563e-06,0.0011369449055053968,0.06728469238713387,2.2427824947955566e-05,3.307061162749412e-05,1.3371101527861937e-07,0.00045936606801068704,0.0002940101987052542,0.0004825264825135059,0.0011359849166780191,0.0001274746892237963,0.005411864613997717,8.779114524627315e-06
4,2.9440885373368027e-05,0.00011300447062972362,0.7852139834162806,0.0020103144144622167,0.007806696406270321,0.13467038995045705,3.8395427242631106e-05,1.2018952055756877e-05,0.0009984544685664551,0.0007389055072013495,0.0006731064797886686,9.038270388690303e-08,5.379975734068664e-06,0.0012986613465164993,0.05892537370020589,2.320606956942095e-05,3.7635065795467315e-05,1.558330077553495e-07,0.00048273072524995754,0.0002807410009539444,0.0005042470732175557,0.0011256154624199298,0.00012882563108747113,0.004873989461091102,8.63789411907894e-06
5,3.7567389973753e-05,7.705429035035862e-05,0.7985247466108486,0.0024104303546048935,0.0064383169201841185,0.1165777640217922,4.091940778449748e-05,1.4020824762245822e-05,0.0011395950508694445,0.0009534701966291025,0.0006022116234001434,7.107758532130079e-08,4.068563395913496e-06,0.0012479103506742985,0.06142961833868795,2.42884944292919e-05,3.820220446421426e-05,2.1402772832212907e-07,0.00038083682497166483,0.00038778456352704053,0.0005252637413356429,0.001185185365571083,0.00015213520270917688,0.007797704287649725,1.0620266071113475e-05
6,2.8946277177675953e-05,9.674265301204001e-05,0.7762457162665403,0.0018593663113186598,0.007110123565344533,0.13578192730164695,3.825452126657107e-05,1.18594932894835e-05,0.0010551155777770453,0.0007945192920589642,0.0005760477768359597,6.757875899585826e-08,4.037861089161563e-06,0.0011369449055053968,0.06728469238713387,2.2427824947955566e-05,3.307061162749412e-05,1.3371101527861937e-07,0.00045936606801068704,0.0002940101987052542,0.0004825264825135059,0.0011359849166780191,0.0001274746892237963,0.005411864613997717,8.779114524627315e-06
7,2.2797992252572132e-05,7.732999436606222e-05,0.886883611312621,0.001042548611657011,0.004186239158866211,0.06887234108847451,1.9829548379904196e-05,9.12159795835765e-06,0.0004000676260227862,0.0003745631545554313,0.00044852961948787926,5.063387181041794e-08,4.5366691006067105e-06,0.00046113669450053,0.03290362628575313,1.0110610533277354e-05,1.955433472310219e-05,7.468156849333375e-08,0.00040793659598765204,0.00013954023904628847,0.00029798503913969714,0.0006377933737328968,4.032669750167476e-05,0.002737709968407224,2.638471491998934e-06
8,4.0624033220796295e-05,7.392273648185463e-05,0.7605522657384692,0.0023036950837078502,0.006386270468746438,0.09792522196832608,4.1220483294980596e-05,9.30010313193105e-06,0.0015764197845268347,0.001354912319376897,0.0007222384012280906,4.050133439936768e-08,2.0691167755076525e-06,0.0015404910808850534,0.10811137381514453,2.0341706643955292e-05,2.9327681972465745e-05,1.8753172853606683e-07,0.0002625378758063291,0.0003372652853660241,0.0005048178873403532,0.0013674765369508363,0.00016652790061624038,0.016655330035203093,1.612192372178818e-05
9,2.9168764174379367e-05,0.00010259903986413256,0.771477024225933,0.0018620701095304177,0.007421587914555358,0.13980485407488485,4.016461342791901e-05,1.2074604162182546e-05,0.0010785797287137238,0.0007885110390746108,0.0005769387628676813,7.099066469451344e-08,4.190679201310443e-06,0.0011519731985777516,0.06787866601466229,2.29190006532628e-05,3.357933824378671e-05,1.3536491039465019e-07,0.0004767723763610754,0.00029151706047383344,0.000488728671190141,0.0011487528281403073,0.00012837114373047382,0.005171622728298168,9.12772770438778e-06
10,2.8946277177675953e-05,9.674265301204001e-05,0.7762457162665403,0.0018593663113186598,0.007110123565344533,0.13578192730164695,3.825452126657107e-05,1.18594932894835e-05,0.0010551155777770453,0.0007945192920589642,0.0005760477768359597,6.757875899585826e-08,4.037861089161563e-06,0.0011369449055053968,0.06728469238713387,2.2427824947955566e-05,3.307061162749412e-05,1.3371101527861937e-07,0.00045936606801068704,0.0002940101987052542,0.0004825264825135059,0.0011359849166780191,0.0001274746892237963,0.005411864613997717,8.779114524627315e-06
11,2.8610774048150072e-05,0.00010132559384929776,0.7796775703498494,0.001918259627083552,0.007079688968571418,0.1382075050164975,3.8332363843754264e-05,1.2741579658487456e-05,0.0010066851686932625,0.0007490974992968187,0.0005821671387617888,7.638039842179962e-08,4.687622047342907e-06,0.0011185885790003269,0.06201428219688273,2.3479129566299482e-05,3.5650532827740906e-05,1.3745283460782329e-07,0.00048245653323221796,0.000288553806721491,0.000481968512377911,0.0011035496960005195,0.00012501114744361527,0.004911454324698603,8.120005814542123e-06
12,3.210786409912276e-05,0.0001551120282213878,0.734098666347619,0.0018490467624285324,0.014709964610764032,0.16040669284449885,5.4556499284711344e-05,1.119467454428681e-05,0.001169163158764161,0.0007189718614634005,0.000651174726707362,1.1990679154151968e-07,4.667231663916171e-06,0.001920516453168626,0.07706350587156645,2.3883065283154284e-05,2.8382983451708467e-05,2.2898887086043014e-07,0.0005233582037427432,0.0004339415886408696,0.0006847764638562037,0.0011530293714182558,0.00020938245346997263,0.00407908324010893,1.8472799572045372e-05
13,2.270158721389458e-05,9.923473687559828e-05,0.8029681277147224,0.0022362688078647963,0.008559776849005045,0.09067135116375336,2.2777971101501613e-05,7.224126527901122e-06,0.000586496922625053,0.000386936721682504,0.0019007691732163606,8.848871510019288e-08,6.535384277671065e-06,0.0013437103874319803,0.08301221114869113,1.6396609318813883e-05,3.155566866145647e-05,9.826892437071914e-08,0.0004009825126457262,0.0001448903681241935,0.0005234639897509402,0.0008706090912468309,0.0001415922519551478,0.00604165620881665,4.543846851459893e-06
14,1.777012314084107e-05,0.0005071119603216572,0.6188755101920486,0.0005499709773401548,0.014865322561148796,0.319137513223433,2.717794409344257e-05,3.6906859856687477e-06,0.00033943209780005595,0.0003270101320687667,0.0009468664984091129,3.1301824515653435e-07,1.2292545709402448e-05,0.001509478967191633,0.038728912185172014,1.679462541687094e-05,1.7868531138755027e-05,8.206499871998218e-08,0.0015023912701367464,0.00015555365874699102,0.0006218156623587628,0.0007098869494330254,5.954786219208196e-05,0.0010625502957725228,5.135967697210618e-06
15,2.8946277177675953e-05,9.674265301204001e-05,0.7762457162665403,0.0018593663113186598,0.007110123565344533,0.13578192730164695,3.825452126657107e-05,1.18594932894835e-05,0.0010551155777770453,0.0007945192920589642,0.0005760477768359597,6.757875899585826e-08,4.037861089161563e-06,0.0011369449055053968,0.06728469238713387,2.2427824947955566e-05,3.307061162749412e-05,1.3371101527861937e-07,0.00045936606801068704,0.0002940101987052542,0.0004825264825135059,0.0011359849166780191,0.0001274746892237963,0.005411864613997717,8.779114524627315e-06
16,3.6566242981702e-05,0.00010278218650421056,0.7665639750276767,0.0025334298163481772,0.007284826092234502,0.13808371560327656,5.4070385942742875e-05,1.1347261606023546e-05,0.0009282792535394884,0.0014847450622862677,0.0006904172919666341,1.3038084392275163e-07,3.840449419445937e-06,0.002156985374643723,0.06866622548062248,2.4738025445525992e-05,4.446847422414962e-05,3.4923772489832156e-07,0.0004061151923249011,0.00046257388738729546,0.0011892282332716683,0.0019065915636906044,0.00016578373523067712,0.0071796868868348965,1.9128853972893773e-05
17,4.251144629705029e-05,0.00012574743880871297,0.8198415129650645,0.002229039683531871,0.009072477951438784,0.113882907866564,4.446612917874244e-05,1.6319274935240536e-05,0.0009375910195988533,0.0007611673494781299,0.0006963924076521625,2.0983535730840864e-07,7.896323627334284e-06,0.0021730157924227506,0.04199994991263157,2.258622229874297e-05,5.39325243887606e-05,4.195324588546286e-07,0.0005777784618071413,0.0005121927656541482,0.0008355553311475376,0.001715413957557164,0.0002227808678809717,0.0042103371268201765,1.779781339948127e-05
18,5.923692168090836e-05,0.00018838401357721608,0.6850628662344295,0.002307263638084772,0.0079339564801664,0.2026658073872008,8.652883601038457e-05,2.155980173514398e-05,0.002560683706982488,0.0017330086278149568,0.0007530518408900836,1.9222423635420443e-07,7.577383808631376e-06,0.003086991130697388,0.07929843919253368,3.539916557972323e-05,9.390550568239932e-05,4.90214827604461e-07,0.0006930309865272945,0.0007277456721126381,0.0008220577084185481,0.003569625160809832,0.00034426467357102995,0.007904551384464992,4.33821081573374e-05
19,2.4113711093874513e-05,9.256736411339847e-05,0.8285923751913354,0.0018572490064196522,0.007972737341160533,0.10517873068381334,3.703883246385521e-05,1.3442065121916238e-05,0.0008137526146856138,0.0005937211472299515,0.0005064651204308191,8.360647207446001e-08,5.244621278645295e-06,0.0009515240608590052,0.047542696679696836,2.105963301649034e-05,2.9539414342167706e-05,1.3296698679568068e-07,0.0004667938989471885,0.00026911082416180567,0.00043573265328046817,0.0009782783373204565,9.063004006142491e-05,0.003520933109170189,6.0470765382245555e-06
20,1.7448743819870497e-05,7.08040712434018e-05,0.7121487439493397,0.0017222916022472637,0.005197788741065171,0.1345114606668533,4.6132004958421685e-05,1.283589803251277e-05,0.000763865685576267,0.0006644810898412544,0.0006218122348035544,4.4310034554270874e-08,2.964598274958715e-06,0.0008971753301280257,0.13502628303156908,1.8961831870983404e-05,2.5409739679286222e-05,6.977999035733666e-08,0.0004473192151060362,0.000266247353936564,0.0005919172402714027,0.0014062469359465966,0.0001396120598502659,0.005393423531459137,6.660354102004173e-06
21,4.150812550169009e-05,0.0001257999288453218,0.800492413522556,0.0021828771789682375,0.010032058951800994,0.12040918273851024,3.466287134549106e-05,1.0854636692811037e-05,0.0010964162119779517,0.0011337860829154882,0.0007819630186936149,1.0877313539164554e-07,4.864640609041949e-06,0.0014924818822180557,0.052887669607145,2.6764865406121645e-05,3.402163208169557e-05,2.251443188388516e-07,0.0004909536440376455,0.0003324186874700022,0.000731140837650869,0.0011160937586328547,0.0001284795406926896,0.006402661578598282,1.0592140195821813e-05
22,2.5109244037364585e-05,5.7816842937909696e-05,0.831608778913132,0.0020038460746410495,0.004348847071463107,0.09925284726205463,2.0848849109596824e-05,8.779253240778182e-06,0.0005883787772616814,0.0007886601686063037,0.0005996015125898643,5.850796188071247e-08,3.024169716823298e-06,0.0009644154304314136,0.05131672143563994,1.7207035424754726e-05,3.445984897209426e-05,1.3186251166978884e-07,0.00029261943730753007,0.0002277349029601836,0.0005311946333545323,0.0009778737637960967,8.825124005983923e-05,0.006237623249152996,5.1705136360731445e-06
23,2.8946277177675953e-05,9.674265301204001e-05,0.7762457162665403,0.0018593663113186598,0.007110123565344533,0.13578192730164695,3.825452126657107e-05,1.18594932894835e-05,0.0010551155777770453,0.0007945192920589642,0.0005760477768359597,6.757875899585826e-08,4.037861089161563e-06,0.0011369449055053968,0.06728469238713387,2.2427824947955566e-05,3.307061162749412e-05,1.3371101527861937e-07,0.00045936606801068704,0.0002940101987052542,0.0004825264825135059,0.0011359849166780191,0.0001274746892237963,0.005411864613997717,8.779114524627315e-06
24,3.130277131372842e-05,0.00012029622315200607,0.7942864323241108,0.002662714601965394,0.012674114621012785,0.12473569172599432,4.044723378098272e-05,1.2908746097543941e-05,0.0010903052484877364,0.0007218021342945219,0.0007932591831399721,1.252379031026546e-07,6.6011654765530694e-06,0.0017063100396886247,0.05370526728050738,3.0392050452981e-05,3.5467785680065615e-05,2.1295391789201233e-07,0.0004925933479408302,0.00031912772877251423,0.0005536943247709165,0.0009785022738041593,0.0001536321236999048,0.00483945347519683,9.345398838524e-06
25,2.886209828689889e-05,5.586269977792401e-05,0.8581574544772022,0.0023923530348869577,0.006523252617206877,0.06726124857824332,3.291188987329719e-05,1.5072248164088516e-05,0.000629571148189963,0.0006089531481078465,0.0007050427251088371,6.04637526194626e-08,4.74145167422317e-06,0.0008239633559126441,0.05556197070649172,1.9438310872392372e-05,2.664061883949736e-05,1.372319100814841e-07,0.0004280353224734459,0.0002537042690917665,0.0005093417819074033,0.0009256259084306512,0.00010558177041583587,0.004925138305094425,5.035838085242703e-06
26,3.900638514912159e-06,0.00013065434517376255,0.8362525444043547,0.00039108287247356167,0.0076207170614154265,0.08967117011035665,4.1243297041119726e-05,3.954653264636067e-06,3.648521627149079e-05,0.0006181951768600674,0.00034041818473127064,2.689373618396888e-07,3.546181557862511e-06,0.001660915803134527,0.05681038107178544,7.941378474251124e-06,6.3857546639589195e-06,8.343397527362644e-08,0.0011908409541870515,0.00012715027685800435,0.002132143361350312,0.0027391923549000114,1.1634276985504451e-05,0.0001949387723648571,4.211481943577562e-06
27,3.0543915715518877e-05,0.00010997504499556714,0.6842520156216156,0.0018127135478658032,0.007404853790621422,0.17079149925215353,5.916451439182097e-05,1.4268735135731082e-05,0.0020566084220489385,0.0012160902804143584,0.0006250116100728182,5.792829378591725e-08,3.527052361043905e-06,0.0013992500292934486,0.11815327660994752,2.7743039349431447e-05,3.9123964323355487e-05,1.25078059134273e-07,0.0005268276121443026,0.00043186120286279657,0.0004816810538962533,0.001935430502437393,0.00019107862414332398,0.008422397988439339,1.4874579417574404e-05
28,2.8946277177675953e-05,9.674265301204001e-05,0.7762457162665403,0.0018593663113186598,0.007110123565344533,0.13578192730164695,3.825452126657107e-05,1.18594932894835e-05,0.0010551155777770453,0.0007945192920589642,0.0005760477768359597,6.757875899585826e-08,4.037861089161563e-06,0.0011369449055053968,0.06728469238713387,2.2427824947955566e-05,3.307061162749412e-05,1.3371101527861937e-07,0.00045936606801068704,0.0002940101987052542,0.0004825264825135059,0.0011359849166780191,0.0001274746892237963,0.005411864613997717,8.779114524627315e-06
29,2.8946277177675953e-05,9.674265301204001e-05,0.7762457162665403,0.0018593663113186598,0.007110123565344533,0.13578192730164695,3.825452126657107e-05,1.18594932894835e-05,0.0010551155777770453,0.0007945192920589642,0.0005760477768359597,6.757875899585826e-08,4.037861089161563e-06,0.0011369449055053968,0.06728469238713387,2.2427824947955566e-05,3.307061162749412e-05,1.3371101527861937e-07,0.00045936606801068704,0.0002940101987052542,0.0004825264825135059,0.0011359849166780191,0.0001274746892237963,0.005411864613997717,8.779114524627315e-06
30,2.8946277177675953e-05,9.674265301204001e-05,0.7762457162665403,0.0018593663113186598,0.007110123565344533,0.13578192730164695,3.825452126657107e-05,1.18594932894835e-05,0.0010551155777770453,0.0007945192920589642,0.0005760477768359597,6.757875899585826e-08,4.037861089161563e-06,0.0011369449055053968,0.06728469238713387,2.2427824947955566e-05,3.307061162749412e-05,1.3371101527861937e-07,0.00045936606801068704,0.0002940101987052542,0.0004825264825135059,0.0011359849166780191,0.0001274746892237963,0.005411864613997717,8.779114524627315e-06
31,2.7550533899009996e-05,0.00010133318258950677,0.7502556510512607,0.0019755229634944803,0.007333812815095177,0.15157213512896142,4.03624310870725e-05,1.1438516403656534e-05,0.0011621957892805764,0.000841334963542764,0.0006315913853472006,6.660066254414801e-08,4.031838782034475e-06,0.0012283166627385616,0.07628885466258475,2.417464633501393e-05,3.4744668957692075e-05,1.258965505151342e-07,0.0004473868872577491,0.00028888532778446126,0.0004914676281592494,0.0011780471470260632,0.00013640908012907857,0.005915591214329726,8.968977741126875e-06
32,2.7550351000892426e-05,9.772018476975106e-05,0.7739151343236718,0.0016747677675889995,0.007135283003860848,0.13804659610676953,3.831594270788967e-05,1.223087608812821e-05,0.0009733562886085553,0.0007641529928748393,0.0005604799751738361,7.112374947686061e-08,4.183569924080271e-06,0.0011270050655394065,0.06809514966248117,2.243546286857527e-05,3.179033013523869e-05,1.2747386792387693e-07,0.0005329746336343345,0.0003084175127768642,0.00048517861554115397,0.0012133925726634763,0.00012758529397873168,0.004797444475620143,8.656394104449026e-06
33,2.9086133748957936e-05,0.0001081598558519835,0.785748172188808,0.0019180868519813469,0.006895939210209197,0.1394554062577765,3.8206254648366866e-05,1.298755574409267e-05,0.0010694969961074197,0.0007849140925475341,0.0005882406813893076,9.025874841295679e-08,5.483596230278371e-06,0.0012638918306505263,0.05464989108983335,2.4240721893746205e-05,4.2609510166982056e-05,1.5361620432804884e-07,0.0004927792112987381,0.0002884315450855075,0.0004435902045962005,0.0012785363657538452,0.00011666876309409608,0.004736620869861639,8.316337769796756e-06
34,2.135609793679449e-05,8.399680865263676e-05,0.7426552890449232,0.00220420607770144,0.006218546614437948,0.16570644149229632,4.2674660097814996e-05,1.1914091474155758e-05,0.0009421621733677655,0.0007749668718561335,0.00048344072846395064,6.67623598505269e-08,3.6036920053721334e-06,0.0011708121106699149,0.07229795854504738,2.389829885439223e-05,3.6458226879742026e-05,1.3189728885663948e-07,0.00033534977280240766,0.0003010028251877492,0.0005282930011005454,0.0010897460326375586,0.00012673564784166952,0.004932650562843529,8.297963272764587e-06
35,0.00015861600656829836,0.00013024951239389124,0.9277804553944848,0.0014069202419508986,0.004943344921212168,0.04021668242839016,2.8023227093423387e-05,2.7225176748386995e-05,0.002033045678462141,0.001536300687989785,0.00027309345350524667,1.1599719155736878e-07,5.932821704393324e-06,0.0005966099802791089,0.013044364410949335,1.8869784372830127e-05,5.79639007497736e-05,4.894144352146245e-07,0.0006691179483201687,0.00027408029483519007,0.00030231295014938956,0.0014720251821615058,4.4788461419673654e-05,0.0049667130481995765,1.265907643301199e-05
36,2.605770946597197e-05,0.0001664372543484264,0.6238398099837617,0.00214792363454644,0.006004231732283716,0.2791017893102653,6.824359640662706e-05,3.033671799714165e-05,0.0031287951924172386,0.0009686724733227953,0.0004723353375499416,1.798168271820258e-07,9.769883309260126e-06,0.001781630124270019,0.07270911432525295,4.643051251760486e-05,0.00014085182675680952,1.6155551751953416e-07,0.0007233298334576227,0.0004510210028579228,0.0003638019103657773,0.0035952577838338703,0.00020565822431218355,0.004004404029257981,1.3756229097865072e-05
37,3.993074388631914e-05,5.1759643332030535e-05,0.8684420543621137,0.001999153077902617,0.004679916861197337,0.06761589262455592,2.2027897606284745e-05,8.601366425776065e-06,0.0006478107862049449,0.0007094029911257899,0.0006280326488079258,4.9428321026813666e-08,3.0605233991643486e-06,0.0008462212412000976,0.0433454780145036,1.5655704818063042e-05,2.6089297335114985e-05,1.8373693407908257e-07,0.00027993635286676857,0.0002383762296196667,0.00038569472941767634,0.0007161090679335367,8.666877202904202e-05,0.009205850399517278,6.0434989463634974e-06
38,1.6033012559615678e-05,7.591809212747004e-05,0.6834188645447649,0.001575920807488939,0.004780757809939326,0.22639646556786835,3.498215588847983e-05,1.1972834807656679e-05,0.0005701297306234601,0.0005086319787135755,0.0004596822465431167,5.613072688449466e-08,4.2156035477114765e-06,0.000724296786961827,0.07594323135580852,2.6316414349614834e-05,2.868224077585136e-05,6.544104343530809e-08,0.0005370516495588072,0.00024365878951415837,0.0004844298118902341,0.0008100957027179063,0.0001191252762891888,0.003225160518371715,4.255497119299891e-06
39,4.618735245996115e-05,0.00016694487357691893,0.8631977523883538,0.0013034364768281792,0.014340083031352768,0.052410318011461884,1.7571047962508803e-05,3.7377705973162033e-06,0.0019774142407450474,0.001014661834717841,0.001508444718113611,4.214541720993284e-08,3.902418357975375e-06,0.0016705612747794235,0.0480310815523352,1.2663796337193824e-05,1.673283651467573e-05,1.0115920119663583e-07,0.0003701637854395824,0.00010918943141432917,0.0001561592331883464,0.0008548428759724543,4.2219604229657116e-05,0.012740336853944398,5.4512866984571975e-06
40,6.08316647476762e-05,9.607798485796486e-05,0.6956445726620247,0.005407965908808542,0.007331577000198107,0.17491590683331262,7.783836797372957e-05,2.9384954325662445e-05,0.003627525973468572,0.0017683982005062442,0.0009306829797534024,7.024441601798587e-08,7.029410703781468e-06,0.0016157569585720925,0.0890507857568258,5.630933323363543e-05,8.451669137124532e-05,2.6201979438624994e-07,0.00044371160127974063,0.0005022851142675845,0.0006452192795662643,0.0015318303447108556,0.00037147365223436774,0.01578252576983902,1.7461293207939507e-05
41,2.8038060907355404e-05,0.00011552362427616232,0.7712475373921035,0.0018880610673745375,0.007890743082236107,0.14333517072186094,3.6899602140766515e-05,1.1534115497155502e-05,0.0012414397561636402,0.0007587680117751423,0.0005590845360574771,6.605555193865484e-08,4.146386259041006e-06,0.0010917564174865815,0.06443604138330286,2.244614895306108e-05,3.35170128622782e-05,1.1883253549541399e-07,0.0004180850976560799,0.0002542747808216332,0.0004305129264328462,0.0009974479962162064,0.00011607091130399833,0.005074698744547266,8.017335678017417e-06
42,1.6385940555824475e-05,6.940569258222535e-05,0.8488361550217957,0.0008460342286210988,0.0035916448099364263,0.08745365826534109,2.2302070286918136e-05,1.5253825359403496e-05,0.0004772127108027762,0.0005584528187435484,0.00031054459834806153,5.728868059999105e-08,3.4308101378357764e-06,0.0004984361627756021,0.05198131288645876,1.3573542335099232e-05,2.4584524491549483e-05,5.0711051338230456e-08,0.0007446350976810043,0.0002095423458892254,0.0004178335528854696,0.0016775370429896015,4.895245784116386e-05,0.0021800376154952083,2.965978914537742e-06
43,3.357593021908393e-05,7.906439472875985e-05,0.723489028764771,0.0017182372632737757,0.005708512805526455,0.16909826486787213,4.5004062127026734e-05,1.7317168785347237e-05,0.0018079833241330839,0.002151002068492517,0.0004268105041726312,3.750347615352247e-08,2.7571014474096113e-06,0.0009710099906391749,0.08293653377851352,3.281742508880496e-05,3.116871063209751e-05,1.1269665061013692e-07,0.0005536345602788734,0.0005424256636047342,0.0005526235101664938,0.001663985125233174,0.00013195300534935266,0.007997062990890176,9.076783927624171e-06
44,2.8946277177675953e-05,9.674265301204001e-05,0.7762457162665403,0.0018593663113186598,0.007110123565344533,0.13578192730164695,3.825452126657107e-05,1.18594932894835e-05,0.0010551155777770453,0.0007945192920589642,0.0005760477768359597,6.757875899585826e-08,4.037861089161563e-06,0.0011369449055053968,0.06728469238713387,2.2427824947955566e-05,3.307061162749412e-05,1.3371101527861937e-07,0.00045936606801068704,0.0002940101987052542,0.0004825264825135059,0.0011359849166780191,0.0001274746892237963,0.005411864613997717,8.779114524627315e-06
45,2.5930411867110144e-05,8.701729294928382e-05,0.770408486752841,0.0018271376736319939,0.006620642700997591,0.13839254684365654,3.865343205475629e-05,1.1991038614254234e-05,0.0009905462825552228,0.0007583513530167241,0.000533452859190546,5.889892070837821e-08,3.74250041169469e-06,0.0010186198982181404,0.07158420691862799,2.2581123858034024e-05,3.091178942364158e-05,1.1536115834325577e-07,0.00044873327870777955,0.0002854466346561406,0.00045303562332419577,0.0010770753902887525,0.00012025089372773943,0.005252675175457263,7.789871844334699e-06
46,2.6077061487463685e-05,5.208750481164432e-05,0.737500655936715,0.0032695527191853586,0.0017799497703882218,0.2066086826452937,1.8914769311480038e-05,1.7703683902591164e-05,0.0007140812759884831,0.0006287726346805018,0.0005017686045537004,7.833943920394241e-08,5.734559511867425e-06,0.0006706367503888468,0.038920516656905366,2.9490424761104308e-05,0.00011255228463647498,1.206252145492378e-07,0.00025627098065240624,0.00021439638753869975,0.00044665432663346176,0.0009422301377533347,0.00011626584864989322,0.007163908896423936,2.897175172926057e-06
47,6.159304563813978e-05,0.00019644319864630422,0.8119396558731815,0.0008265389548222359,0.0048835451883520245,0.12415634205481517,4.817028778270866e-05,2.2033179797345358e-05,0.0014872598179546908,0.001298154933436566,0.0003563605918617129,1.6285776092840274e-07,6.108332283437586e-06,0.0008787805474520596,0.04445722466251227,2.050498453935067e-05,5.674461236576446e-05,2.129648422769296e-07,0.0012980383962974068,0.00040802541502867095,0.0005129025171750171,0.003415764124976404,7.426480804164494e-05,0.0035800738575990517,1.509479283722957e-05
48,1.4816916492552031e-05,0.00011240815147956176,0.6576057163283424,0.0010508215842580354,0.0022588453873830807,0.2972122527151187,2.7815871916137815e-05,2.1023606849338137e-05,0.0005961649376993661,0.0003386522828801054,0.0002452034837078978,7.696926407151075e-08,8.493664092936165e-06,0.00036154054658859734,0.036634266528867185,2.3510478789701266e-05,5.717443474290162e-05,4.0025186918149366e-08,0.0007660890347929786,0.00015797720119778246,0.00027749898048739694,0.0008349771422840309,5.857565258095506e-05,0.0013341081459045977,1.9499290925824493e-06
49,0.0001594136402558771,0.000201641348933571,0.5827927759717488,0.007703206948309219,0.02786583707772954,0.1373172112321054,0.00013056802531563713,3.205995194263253e-05,0.011146877208975692,0.0020739761340699083,0.002211155301066384,5.592021980540983e-08,7.470274275874716e-06,0.002365121012317043,0.19071205254740553,9.191179236015922e-05,5.895698689488882e-05,3.10166512202027e-07,0.0006433089952493081,0.0004046010781021761,0.0006899839021412157,0.0011061166832915508,0.0010357868168234066,0.031199140815109605,5.0460168844632165e-05
50,6.471651751827735e-05,0.00013291366207052074,0.7654707220816324,0.0013264415355371275,0.01113794237377785,0.09461138083763737,0.00014271751733869626,2.3692189217956393e-05,0.0026620163338814807,0.0032146153057574707,0.00041707216848678756,5.9384324132529615e-08,3.5318670277863485e-06,0.0014815379339937632,0.10643221730533532,3.377525626963665e-05,2.458813809605121e-05,2.7726248064683473e-07,0.001165197465534287,0.0007510346395694926,0.0006110282716588984,0.00330914805799377,0.00013995122626504606,0.006800013446118184,4.340922247688217e-05
51,2.190326944422108e-05,0.0001405733629304627,0.841602548850722,0.0028994831349327065,0.007818942924974488,0.09452192821714198,2.3114199295326416e-05,7.78510529208492e-06,0.0011895497600382813,0.0006834933191221024,0.0007270835583848753,5.550609771705465e-08,4.305696600239777e-06,0.0008664056495590084,0.042593698220330774,1.652395444715142e-05,3.3162003436179217e-05,7.405316572194848e-08,0.00018887834929638646,8.13137116437989e-05,0.0003620363597635635,0.0005938039070421909,4.217885847991069e-05,0.005578366430056738,2.791597801813578e-06
52,3.8918513514014455e-05,3.9996836670477e-05,0.8446790670257196,0.002593807680452864,0.004680711315980327,0.083085854970786,2.237424374265034e-05,9.628230533691005e-06,0.0007587651838286452,0.001056145144986039,0.0007483198097890549,4.3410664926283715e-08,3.3205241688426066e-06,0.0009761062269667522,0.047433896818097794,2.453028583278754e-05,2.939486894523146e-05,1.9842369517615237e-07,0.00026400792080695653,0.00030661845729870925,0.00035680540588644454,0.0007828342958124258,9.467593959707464e-05,0.01200893887510059,5.039591122972833e-06
53,2.8769113071054563e-05,9.689535984278274e-05,0.5410651632602467,0.003631245508456116,0.010178736544561435,0.21834359560289773,0.0001775221004206061,2.7324406305372835e-05,0.0029334714685159435,0.001192863425991551,0.0007060777158222628,5.992663038563876e-08,5.052557187757674e-06,0.0018162826690846896,0.20682377605121752,5.328573414087217e-05,4.342113199951384e-05,1.8208632712809415e-07,0.0004957759494221267,0.0006459863735780478,0.0005907732259839706,0.0017854447809290306,0.00044841813626258164,0.008883648584037588,2.6228287067040698e-05
54,5.151435517173297e-05,0.0003784363147573039,0.6553111045130914,0.0015844747493401435,0.012130854238976533,0.22755058285455754,8.767279828836634e-05,1.6235941620561023e-05,0.0035488141072484943,0.001784039693029936,0.0005539616645605421,1.5975817370258147e-07,6.012361111680114e-06,0.0021984033384999323,0.08472558873130817,3.6398823798701265e-05,5.8782828817512045e-05,2.3449981364601866e-07,0.0008371765898305092,0.00036674941001474246,0.0005849702938757762,0.0025767521593527023,0.00015184973863924267,0.005427114469870132,3.211576625110044e-05
55,4.725576283369998e-05,0.00021054265014987112,0.7938199056941382,0.002064805484699499,0.013214714474841406,0.1241596207101796,5.387820602200575e-05,1.329549032692505e-05,0.0018313528618385886,0.0008457535533129557,0.0006694986692159066,1.6294690002287835e-07,6.55475173504649e-06,0.0015333403431995755,0.053755963228836995,2.6698760692270158e-05,4.360649005282298e-05,2.67100423703712e-07,0.0005613497718223134,0.0002890367679149936,0.0005316283132975788,0.0012368048074016796,0.00012585887549677562,0.004941096671756376,1.700761291103882e-05
56,2.9183054990706248e-05,0.00010217207623176886,0.7861694443011287,0.001870995761154742,0.007233988974105678,0.13225271976852085,3.795786378771984e-05,1.2200170781090345e-05,0.0010246713011039608,0.0007663775300117,0.0005951182932877184,7.560783294228189e-08,4.6525952560228266e-06,0.0011446604821397871,0.06119360813547542,2.2746117912607082e-05,3.457974062928608e-05,1.4123955470204027e-07,0.0004770896818485305,0.00028807653383062446,0.00046633780266658125,0.001108756649352531,0.00012041489857979144,0.00503570913232643,8.322287490053811e-06
57,2.2351927298407064e-05,9.391386737103548e-05,0.8254780931171208,0.0010644208070581726,0.00668462640323198,0.1104764474657202,2.8077779952432967e-05,1.169491303194005e-05,0.0005969671044405388,0.0005694687993087287,0.0004184740430490759,9.55285237433065e-08,4.22561450964821e-06,0.0008754115316775419,0.04809687745047549,1.7351802639283986e-05,2.6452301085961793e-05,1.0817987082880465e-07,0.0007391534328388311,0.00028872242851981554,0.0004915911754943236,0.0013536076955135174,8.290142671978152e-05,0.0025726993987758647,6.265805772013677e-06
58,2.931713282409647e-05,8.601343216953179e-05,0.7806916063808824,0.0018949274922029549,0.00621442806687627,0.1281374112773728,3.515789236102068e-05,1.1134587620943038e-05,0.0010179941135544717,0.0008185088952777154,0.0006132538764965147,6.056959396309572e-08,3.718979944791682e-06,0.0010719596070844894,0.07022700629288993,2.2053599003066428e-05,3.281607348117892e-05,1.2845354864344066e-07,0.00041937985929186894,0.00028159118756633153,0.0004578459761235925,0.0011064911869257947,0.00012097191080029101,0.006698305197758718,7.917958348663482e-06
59,3.021904387312041e-05,0.0001283052474937336,0.7553001857843941,0.0018717952592168792,0.008869713436931367,0.1615988928450621,4.580343503387692e-05,1.3107104207204264e-05,0.0011977415693781358,0.0007713154253219929,0.0005665434721532154,9.14377995892859e-08,5.278304351203582e-06,0.0013462087612371228,0.061420624564411275,2.4623499026431727e-05,3.741764465349668e-05,1.5450291267182242e-07,0.0005550175829247202,0.0003131137347200554,0.0005181334772917347,0.0012235852491655382,0.00014347030565949512,0.00400780237252281,1.0855940258266104e-05
60,2.8946277177675953e-05,9.674265301204001e-05,0.7762457162665403,0.0018593663113186598,0.007110123565344533,0.13578192730164695,3.825452126657107e-05,1.18594932894835e-05,0.0010551155777770453,0.0007945192920589642,0.0005760477768359597,6.757875899585826e-08,4.037861089161563e-06,0.0011369449055053968,0.06728469238713387,2.2427824947955566e-05,3.307061162749412e-05,1.3371101527861937e-07,0.00045936606801068704,0.0002940101987052542,0.0004825264825135059,0.0011359849166780191,0.0001274746892237963,0.005411864613997717,8.779114524627315e-06
61,2.6575792099509927e-05,7.047052208663875e-05,0.8076824642018916,0.0017533817718280121,0.005463443606906187,0.11138241457740473,2.912335507695823e-05,1.0627222462314891e-05,0.0008030726814234089,0.0007271893881176053,0.0005262014959486394,5.15474675411287e-08,3.1747592305479933e-06,0.0009027431140664442,0.06249375019343683,1.8746259515743083e-05,2.857183006059716e-05,1.1503998204864926e-07,0.000379182127448384,0.0002612699342455681,0.0004345284844770471,0.0009802203501594526,0.00010227187971171202,0.005914032096864937,6.377768087533024e-06
62,2.8946277177675953e-05,9.674265301204001e-05,0.7762457162665403,0.0018593663113186598,0.007110123565344533,0.13578192730164695,3.825452126657107e-05,1.18594932894835e-05,0.0010551155777770453,0.0007945192920589642,0.0005760477768359597,6.757875899585826e-08,4.037861089161563e-06,0.0011369449055053968,0.06728469238713387,2.2427824947955566e-05,3.307061162749412e-05,1.3371101527861937e-07,0.00045936606801068704,0.0002940101987052542,0.0004825264825135059,0.0011359849166780191,0.0001274746892237963,0.005411864613997717,8.779114524627315e-06
63,2.9542697736259116e-05,0.0001060399089021528,0.7738072662163393,0.001819612082570591,0.007343462997167176,0.13805146172191626,3.8891792003409515e-05,1.1736091115103959e-05,0.0011086672298891774,0.0007985572389811686,0.0005821025699025558,6.98358161910993e-08,4.143747796936999e-06,0.0011445831572081187,0.06726345874594655,2.2291491587769227e-05,3.359789353787472e-05,1.3259673734856132e-07,0.00046721610582801373,0.0002833642605977272,0.0004774112154762856,0.0011439081487878704,0.00012423083766804414,0.005329266849196793,8.984567291509613e-06
64,2.5701586760416947e-05,9.080003848875602e-05,0.7806984359577821,0.0018924495767295713,0.006922514554083297,0.13159731995043764,3.632438976589988e-05,1.133576480057046e-05,0.0008339390711029612,0.0007489668363176115,0.0005625369626031302,6.552408205301708e-08,3.5998797940608146e-06,0.0010187246754605895,0.06814937639466231,2.0764355668569693e-05,2.9335493049703366e-05,1.2052108741772126e-07,0.00043949473636231516,0.00027483578048092665,0.0005992656298321665,0.0010303679807754519,0.00012202410626350599,0.004884061006725402,7.63922688350728e-06
65,4.726317975386398e-06,3.917925099988312e-05,0.7474878998356493,0.0008659047236656925,0.0022039300308498468,0.14627687202521047,1.567943093263133e-05,4.908944173098618e-06,0.0001324969869568499,0.0001632413174754845,0.0003044083889387822,1.8670793612006658e-08,1.4502653590507929e-06,0.0003256851827832137,0.09928145275229253,6.760087458749184e-06,1.1536180919548315e-05,1.596307826131858e-08,0.00020882548470313,8.603332828117145e-05,0.00036371808590638077,0.0004253735867835197,4.7490247549758776e-05,0.0017411593928347362,1.2335184287869e-06
66,2.886633814062785e-05,9.824256873462546e-05,0.7538946534150395,0.0018296938388926022,0.006821351086764224,0.15194441602734465,4.2032007634393125e-05,1.2913020382876317e-05,0.0011676372825436053,0.0007897216463163637,0.0005554829687863545,6.460134991980689e-08,4.116449003869066e-06,0.0011103435541757458,0.07351619064205216,2.3547727717740932e-05,3.447769553054113e-05,1.2638335676596135e-07,0.0004888773984972898,0.00031629932109871156,0.00046658162711781746,0.0011803191062573996,0.00014225859108753304,0.0055225169346868885,9.269767487756925e-06
67,3.7164560076389196e-05,0.00011064972194845495,0.8479670287290613,0.0018414179989190455,0.009612300784530224,0.08013661836046655,3.44200213580872e-05,1.3470736219108916e-05,0.0013598523821771312,0.0007794923637410448,0.0005079462048598353,5.8570174229572653e-08,4.015017635094547e-06,0.0007972176084107506,0.050232959718745945,2.1139511184332902e-05,2.638003464797879e-05,1.1909914346819924e-07,0.0004849036485616819,0.00019191285522506695,0.0003562898857825207,0.000901263336567127,7.625482732015411e-05,0.004500113936646529,7.010086598083819e-06
68,2.5691619824465362e-05,6.322021722341133e-05,0.8285504036049194,0.0021116912074349865,0.0051449137310453225,0.11503045162086013,3.475488558364248e-05,1.3739834127041664e-05,0.0007711672256463731,0.000588379905715632,0.000447753740209207,6.757904008240605e-08,5.279272938484093e-06,0.0009484338158985729,0.03992930287900495,2.048907762744588e-05,3.464849227113336e-05,1.729894291673831e-07,0.0003550084116349268,0.0003313909775432164,0.0004031602114098975,0.0008035371710969989,0.00011834414357313864,0.0042613228351844525,6.674550758067727e-06
69,1.3221238963597775e-05,4.334292676039962e-05,0.7226748627974335,0.0009057114817929361,0.002312775072604693,0.21780436112170004,1.9738264905092887e-05,8.212219142602894e-06,0.00023827038882496195,0.00046724491107465166,0.0004581426272312118,6.571862770725518e-08,4.212077734713562e-06,0.0008304834930897014,0.047919887441074914,1.3867897172760105e-05,2.6500683664561276e-05,7.853264166553578e-08,0.0006553475755119949,0.0004924211693679957,0.0006132359139754441,0.0011057924346521686,0.00012390733164085484,0.003264970597167072,3.3460832448405606e-06
70,1.4468241345733015e-05,5.356865042689284e-05,0.6364558197708579,0.005322166567413146,0.00691320979444507,0.28427998828807666,5.3491855772635684e-05,2.58369419352934e-05,0.002171244821288982,0.0008006353430760439,0.000412054716310393,6.402877480902977e-08,7.517267572740063e-06,0.001467749262728473,0.053855515118936936,6.900839333105763e-05,6.692392427824764e-05,1.5299620179184342e-07,0.0002020404004550224,0.0006175413557924824,0.0002967781453316553,0.0007231693892710731,0.0002459655934144856,0.005940078432157841,5.010700804714891e-06
71,7.892696875771819e-05,0.00022434954722557918,0.7258509195288405,0.003415202239705907,0.020289569723368178,0.14110499116346883,8.476472334055778e-05,2.2842552261379954e-05,0.004280739791220129,0.0017012483961864873,0.0011585488271042812,1.771432365951164e-07,9.068330420730577e-06,0.002660958482166413,0.08387311513407217,5.5583756753016635e-05,6.596305325150908e-05,4.245951811829877e-07,0.0007236157504994855,0.000599599870802616,0.0006858704197066934,0.0020053362962719904,0.0003355867058720797,0.010740522840321847,3.207415996430269e-05
