,0,1,2,3,4,5,6,7,8,9,10,11,12,13,14,15,16,17,18,19,20,21,22,23,24
0,0.002691034748390751,1.2156128648346067e-05,0.16459201807017781,0.0005441839280262274,0.0012021236811466753,0.002264408100949226,0.0003109416076715202,4.058650386181479e-06,0.015602064461185432,0.0016817315252419564,9.83070889851187e-05,6.433549556492542e-06,0.00018146546975628247,0.0002623444585153401,3.956478355670316e-06,0.0012629635760238137,0.0014834529208674451,0.003887442871068057,0.0003046077101584016,5.6014641582788025e-05,0.022256241182726948,6.07554776141851e-07,0.18499032367016974,0.5954954034514008,0.0008057144742327684
1,0.0016383611631233064,8.254230662749088e-06,0.1429491659325778,0.0003997003802973684,0.0007858957914317821,0.0033385610454833466,0.00028534768877423034,3.623888382799386e-06,0.030782851632639305,0.0029797427312700797,6.417304535800099e-05,3.6778581929951734e-06,0.00015502074189179972,0.000300737426935707,4.751491072014144e-06,0.0013180518085511548,0.0006332215047873316,0.0038880187055204546,0.00038195983922626934,7.297564219685696e-05,0.018584208724188426,5.817272511569599e-07,0.18653735608498206,0.6039975026463823,0.0008862582688207057
2,0.0016817378918448762,9.87317118665821e-06,0.13674631514912372,0.00042081300059882933,0.0011946139965730291,0.0034376645205283444,0.00031153066032246817,4.097100257996086e-06,0.034023245895625574,0.002688864961930595,9.24223322942871e-05,4.968980284702564e-06,0.00015367083159059856,0.0004189487548856645,6.392945961915483e-06,0.0011255714149851674,0.0007274132183202402,0.003508952849760975,0.0003428006903420723,8.358524448174336e-05,0.019921976741806912,7.564371815566703e-07,0.19279108333352746,0.5991195701652318,0.0011831297113528896
3,0.0022044558286624864,9.980330819069104e-06,0.1377383240728449,0.00047355171056915886,0.001015377594103644,0.0037420835820411707,0.0003238256812432927,4.124869099348668e-06,0.027195778051893018,0.0024518868214644008,9.47414510827884e-05,4.769564996379258e-06,0.00016771881490592374,0.00030211043402948566,5.322465426118687e-06,0.0011692133888000337,0.000906089609977632,0.0041630377458862595,0.0004049434471333718,6.530969273188556e-05,0.02122118129979941,7.449892230916865e-07,0.2126923341217717,0.5827218316016207,0.0009212628298747681
4,0.002202221467506645,1.028850541225651e-05,0.1424728104447119,0.0004592747253300318,0.0010077435305220334,0.0031323478219120945,0.0003149564767138276,4.106865127638437e-06,0.026590873628039316,0.002382361655165401,9.396015817015379e-05,4.799072553682219e-06,0.00018928310159644515,0.0003338630638276201,4.783469359903429e-06,0.0010740325468963897,0.0008563144739409837,0.004245059686219204,0.00038550012209081667,6.989913786559884e-05,0.022390309366291068,7.740609877328319e-07,0.19279255291324474,0.5981016276487002,0.0008802560578144472
5,0.0019663379157403332,8.542388925063998e-06,0.1283347194036756,0.000493187219891524,0.0009788779447971517,0.0030109711259478974,0.0002673956323156135,3.652133300198426e-06,0.023496194625578008,0.002362581673216792,7.885424210000884e-05,3.5881451886679143e-06,0.0001542925700483223,0.00028463149932139617,3.8727515072144314e-06,0.0009889363008693827,0.0007929718095296676,0.004957049849756415,0.00034990769820235395,6.677474350679299e-05,0.02053408464253382,5.459335714027426e-07,0.22404698375636053,0.5861556295668359,0.0006594164272800252
6,0.0022044558286624864,9.980330819069104e-06,0.1377383240728449,0.00047355171056915886,0.001015377594103644,0.0037420835820411707,0.0003238256812432927,4.124869099348668e-06,0.027195778051893018,0.0024518868214644008,9.47414510827884e-05,4.769564996379258e-06,0.00016771881490592374,0.00030211043402948566,5.322465426118687e-06,0.0011692133888000337,0.000906089609977632,0.0041630377458862595,0.0004049434471333718,6.530969273188556e-05,0.02122118129979941,7.449892230916865e-07,0.2126923341217717,0.5827218316016207,0.0009212628298747681
7,0.0020311450833229014,9.689788843528012e-06,0.13202169244426504,0.0004623209145047517,0.0010127008401909267,0.003696647828767823,0.0003147548973931647,3.910912156414733e-06,0.027170253852864427,0.0024159482478842034,8.941862264214156e-05,4.6298994022205145e-06,0.0001547743175876311,0.0003007650270006288,5.201101339378416e-06,0.0011523592471943801,0.0008896557673069851,0.004007915922276058,0.00039224610670990015,6.37320914558917e-05,0.020765314785438024,7.005654941117728e-07,0.2173803726001792,0.5847260330584583,0.0009278160773219775
8,0.0019935285296167984,8.627896455396698e-06,0.14091088770517676,0.00041477878549745287,0.000875101886288074,0.002969594149987605,0.00023321789865872063,3.1006616536516884e-06,0.023846475140103653,0.002242555634087114,7.222992460087197e-05,4.114332220775929e-06,0.00013955977465388014,0.00027619741656659274,4.190951358320857e-06,0.0010247412202001236,0.0008073300318019896,0.0033565841425048024,0.00027390683430824513,5.902628283992281e-05,0.01622784148268628,5.555914912339746e-07,0.19870138160348894,0.6046956918992463,0.0008587802245064407
9,0.0019664170217557455,9.552992662028839e-06,0.13947029739685757,0.00044423148042482434,0.0009316869337418183,0.003310281532258403,0.0002784513153859922,3.6905884453786523e-06,0.026060706714488888,0.0024895506026157235,8.15913823085814e-05,4.348937170664126e-06,0.00015605079104748275,0.00030422224120506963,4.76673180262343e-06,0.0011315199239598755,0.0008379696731419218,0.00382752814154792,0.00035214840065489364,6.541320010819986e-05,0.01943998688833928,6.523386944034837e-07,0.2034325566640637,0.5944970457032323,0.0008993324040868045
10,0.0022044558286624864,9.980330819069104e-06,0.1377383240728449,0.00047355171056915886,0.001015377594103644,0.0037420835820411707,0.0003238256812432927,4.124869099348668e-06,0.027195778051893018,0.0024518868214644008,9.47414510827884e-05,4.769564996379258e-06,0.00016771881490592374,0.00030211043402948566,5.322465426118687e-06,0.0011692133888000337,0.000906089609977632,0.0041630377458862595,0.0004049434471333718,6.530969273188556e-05,0.02122118129979941,7.449892230916865e-07,0.2126923341217717,0.5827218316016207,0.0009212628298747681
11,0.002269934051496038,9.99796218288343e-06,0.13901773276489754,0.0004735983288393619,0.000997475455843648,0.0033297507563797004,0.00032187971043776137,4.0453600611456805e-06,0.026160530258739715,0.002311568946211027,9.370336920068406e-05,4.940975202970734e-06,0.00018929208044109828,0.0002993762001755329,5.069751437211857e-06,0.001150980865332414,0.0008735226007779252,0.0041123031852118705,0.00039059450649523905,6.878456696740256e-05,0.02076434016447213,7.710629959970784e-07,0.19301232569914342,0.603259213490367,0.0008782678866903478
12,0.0015706089165550058,6.110442305216483e-06,0.12192778912281522,0.0002617877407466583,0.0013351450993582805,0.002777155252122067,0.00021842791988791233,2.277517351584265e-06,0.022264523186590307,0.0015468269364864744,8.126644433322927e-05,3.614749750765087e-06,9.474909613715332e-05,0.00028285840590310305,3.2330006773041645e-06,0.0006797962809960849,0.0007930669869346942,0.0027999195775530983,0.00017230513487475675,5.908034537576123e-05,0.01836915428221708,4.3134810550033814e-07,0.21444435192656638,0.6094154846056407,0.0008900356807156573
13,0.003390463406889621,1.5517476249235995e-05,0.16973884276486775,0.0004864063450939528,0.0015045859012396353,0.0033095693608979496,0.0004782439528357857,8.203530429870096e-06,0.03145611136216506,0.0022454466249009334,0.00022662953969914668,1.0642918753901006e-05,0.0002593031464883501,0.000582403382771177,8.593000243732887e-06,0.0013096551259533067,0.0012812315464538907,0.004806826156138651,0.0004992697732009577,8.300141797507222e-05,0.03236724384371461,1.6086158754724147e-06,0.1714045565742443,0.5729142453644652,0.0016113988684524135
14,0.0018071729616041083,3.2605039613598965e-05,0.0655228703677151,0.0007414797190130821,0.0035533793306296727,0.0015866385184280804,0.00030826948730008593,3.2820648537226616e-06,0.013416036074271442,0.002079469059786736,0.00025187944718702113,2.5724223568150985e-06,0.00027890263351355355,0.00033197417132921955,2.5217908094874795e-06,0.00037657479422559774,0.0014669246894989984,0.008623137693649712,0.0013307228304970428,4.607139574025087e-05,0.09281682270126629,9.334495111669704e-07,0.1840569115863299,0.6210293441418765,0.0003335036289928899
15,0.0022044558286624864,9.980330819069104e-06,0.1377383240728449,0.00047355171056915886,0.001015377594103644,0.0037420835820411707,0.0003238256812432927,4.124869099348668e-06,0.027195778051893018,0.0024518868214644008,9.47414510827884e-05,4.769564996379258e-06,0.00016771881490592374,0.00030211043402948566,5.322465426118687e-06,0.0011692133888000337,0.000906089609977632,0.0041630377458862595,0.0004049434471333718,6.530969273188556e-05,0.02122118129979941,7.449892230916865e-07,0.2126923341217717,0.5827218316016207,0.0009212628298747681
16,0.0035403893717033995,1.7507324402663593e-05,0.14582168157268977,0.0006310357363891816,0.0012959038374913494,0.00508892525022199,0.0005453126394855453,8.678363891312115e-06,0.03395346313937645,0.0030577118570143595,0.00018855887807485227,1.0412354018192324e-05,0.00025835682172784327,0.00046838195119315964,1.114972577560962e-05,0.001819607761871936,0.0014453283970353675,0.005566151994844203,0.0007818259484024657,7.607867375520279e-05,0.030533418531166343,1.8845176969669666e-06,0.2110298598178716,0.5522973721709423,0.001551003362957839
17,0.002300969099989771,7.934056144465542e-06,0.12274432384311548,0.00029698265598564866,0.0013376074461645803,0.002102832835259838,0.00031566746233891254,2.9498034034421502e-06,0.020362713944399494,0.0011452964545664176,0.00010738603482777615,5.199587084474307e-06,0.00014611869940802614,0.0003091149111392996,2.533303146189159e-06,0.0006143876507714906,0.0009706950325008475,0.0037400028738588374,0.00021946226281407727,5.0219140305814575e-05,0.025715981354588927,5.95801846170156e-07,0.1931470258470816,0.6235902186122441,0.0007637812870143533
18,0.0011377601742940558,8.223321759172922e-06,0.11510631770604632,0.00018889722891614192,0.000740422072392823,0.002501302425476176,0.00028105398786082837,2.617996456140548e-06,0.022687265068601283,0.0018776331531673938,7.131312677981306e-05,5.302793984875593e-06,9.645730788532057e-05,0.0003761351803798233,4.739503362188798e-06,0.001314454201152231,0.00094582811453958,0.0024607119972592274,0.00031748644144022375,5.791319614266895e-05,0.024247624823203428,5.851649241439865e-07,0.1972879064094906,0.6265120857503781,0.001769962854107434
19,0.0016889715832675194,1.3171851247312276e-05,0.10978676574029016,0.0007566797649123966,0.0012474328363232922,0.004784468998986824,0.0003141307588785498,4.059877281428324e-06,0.03762626328390168,0.003281686191392267,7.300802448398521e-05,5.6658123670386684e-06,0.00016149613202550326,0.0003160551001776949,7.818027934891485e-06,0.0013262771656304337,0.0008233959694617401,0.0029892077331194447,0.00039578076262803384,7.239567648603323e-05,0.012419430346371845,9.295364661459334e-07,0.1971364130618284,0.6237372043428964,0.0010312914216410592
20,0.0027300888329650033,1.5666462420883847e-05,0.13229528488810138,0.000670792668922226,0.0012550821647501257,0.005100700927306401,0.0004755973466342133,7.1185342008871595e-06,0.041048358562178484,0.0034600938000310835,0.0001551154144552927,6.43263412659307e-06,0.0002922403173755349,0.00045065853698653997,1.0512676198414213e-05,0.0013707650143261485,0.0009561161056664643,0.005034657092460749,0.00074697858393139,9.629309347037662e-05,0.02622166168291324,1.789809906059157e-06,0.19480124440041852,0.581613481084058,0.0011832693661960447
21,0.0022865453954276998,6.8452144169997e-06,0.20004763636910122,0.00026740855066116035,0.000597349857601613,0.0010909818979445722,0.00019007819072836842,3.006123988714283e-06,0.012078045518192028,0.0013743754088799622,6.146743925031012e-05,4.999590508694719e-06,0.0001693535072118975,0.0002931862375997921,1.7186024243012327e-06,0.001060086809311399,0.000853891699445154,0.004181230375181859,0.0001577408727129095,5.982195302609869e-05,0.020395350813783533,3.5526651630526474e-07,0.13559630499764758,0.6185648940349529,0.0006573252734848106
22,0.003616699604128398,1.0625426451765091e-05,0.23005442243207283,0.0004664454649114507,0.0009018765523020315,0.0033934301472428817,0.0002488796643092846,5.655221857417186e-06,0.014143914160044754,0.002826122345553539,0.00011510238956446471,4.10217199668755e-06,0.00019051852554312568,0.00029769640974885823,3.4450234230419116e-06,0.0012000571991677609,0.0017684330259149122,0.006405119329301932,0.00035192593801069,6.78394142744759e-05,0.032015243897379524,7.118463290314207e-07,0.24760764313102052,0.4536547289476989,0.000649361731751627
23,0.0022044558286624864,9.980330819069104e-06,0.1377383240728449,0.00047355171056915886,0.001015377594103644,0.0037420835820411707,0.0003238256812432927,4.124869099348668e-06,0.027195778051893018,0.0024518868214644008,9.47414510827884e-05,4.769564996379258e-06,0.00016771881490592374,0.00030211043402948566,5.322465426118687e-06,0.0011692133888000337,0.000906089609977632,0.0041630377458862595,0.0004049434471333718,6.530969273188556e-05,0.02122118129979941,7.449892230916865e-07,0.2126923341217717,0.5827218316016207,0.0009212628298747681
24,0.001867262426197031,1.6412902628300996e-05,0.11340920118218104,0.0008452079659631961,0.00113154235081654,0.0033979759821218727,0.0003340823602947506,4.7410871469324604e-06,0.025964940835289076,0.003134830526497559,8.859542454476809e-05,4.697584086730982e-06,0.00019216050702810906,0.000347681248734484,6.164803057964704e-06,0.0012745312637967826,0.001097886279763861,0.0049939511322316535,0.0006489779761127174,6.529592503899806e-05,0.023746529041082542,8.582071068861152e-07,0.23612723362857724,0.5804908820504089,0.0008083573092920562
25,0.0033833231759176317,9.875239724244944e-06,0.18154901014715202,0.000513163938507636,0.001984751472075464,0.003074672073090152,0.0006156608548844706,1.1047750155318752e-05,0.022868286574376916,0.0016374629838444596,0.00024075212924321897,8.614703982499076e-06,0.0002600679417693011,0.0004785766934931603,3.8090678326332845e-06,0.0010502227477435563,0.0012381698651903862,0.00898388688223346,0.0003922253955966452,9.9853035370588e-05,0.047645429057650415,9.716956969277169e-07,0.2132512005723953,0.5099085790159262,0.0007903869861471757
26,0.010134405149771115,0.0004291985661463184,0.1186624552535437,0.002543305902024491,0.0035484238596442067,0.04631504427086596,0.014285299523814894,0.0005306288953525609,0.08831618211219024,0.013523454576289055,0.00658683690874324,0.00030662371349899096,0.0021050188969964894,0.0023553767120368966,0.0013458757911333121,0.03126912005238086,0.01588449519371499,0.008774621731729056,0.06488312672755639,0.00021099825953050714,0.20560684748291017,0.00026346368918329444,0.12112157099197077,0.21324631815919157,0.02775130757978091
27,0.0023483452022039987,1.1776438466716603e-05,0.10479626866697678,0.0005736768468201104,0.0011284904878003908,0.005770703203795274,0.00039518221298707773,4.819519879564344e-06,0.05295826391904305,0.002981986614450132,0.00010004863191022056,5.973096621217628e-06,0.00019425148331181724,0.0003161394258590855,9.233967192184994e-06,0.0012358175245992633,0.0006208926136292845,0.003441440648454834,0.0005216882783602064,6.830165348251576e-05,0.014506374840599493,1.3584229132939844e-06,0.17952034868148525,0.6273157611390607,0.0011728564800974478
28,0.0022044558286624864,9.980330819069104e-06,0.1377383240728449,0.00047355171056915886,0.001015377594103644,0.0037420835820411707,0.0003238256812432927,4.124869099348668e-06,0.027195778051893018,0.0024518868214644008,9.47414510827884e-05,4.769564996379258e-06,0.00016771881490592374,0.00030211043402948566,5.322465426118687e-06,0.0011692133888000337,0.000906089609977632,0.0041630377458862595,0.0004049434471333718,6.530969273188556e-05,0.02122118129979941,7.449892230916865e-07,0.2126923341217717,0.5827218316016207,0.0009212628298747681
29,0.0022044558286624864,9.980330819069104e-06,0.1377383240728449,0.00047355171056915886,0.001015377594103644,0.0037420835820411707,0.0003238256812432927,4.124869099348668e-06,0.027195778051893018,0.0024518868214644008,9.47414510827884e-05,4.769564996379258e-06,0.00016771881490592374,0.00030211043402948566,5.322465426118687e-06,0.0011692133888000337,0.000906089609977632,0.0041630377458862595,0.0004049434471333718,6.530969273188556e-05,0.02122118129979941,7.449892230916865e-07,0.2126923341217717,0.5827218316016207,0.0009212628298747681
30,0.0022044558286624864,9.980330819069104e-06,0.1377383240728449,0.00047355171056915886,0.001015377594103644,0.0037420835820411707,0.0003238256812432927,4.124869099348668e-06,0.027195778051893018,0.0024518868214644008,9.47414510827884e-05,4.769564996379258e-06,0.00016771881490592374,0.00030211043402948566,5.322465426118687e-06,0.0011692133888000337,0.000906089609977632,0.0041630377458862595,0.0004049434471333718,6.530969273188556e-05,0.02122118129979941,7.449892230916865e-07,0.2126923341217717,0.5827218316016207,0.0009212628298747681
31,0.0027744080770339442,1.1026310008686574e-05,0.1848511103186142,0.0004615725650329983,0.0008546662521616376,0.0033020672979725777,0.0003044423364915872,5.344193180792379e-06,0.022914643587268736,0.002692754607122512,9.580297223456429e-05,5.040944434131246e-06,0.00018276335491244808,0.00032504350103501346,4.3540669142803175e-06,0.0013304858751237462,0.0010638083595418978,0.004925365323956758,0.00036492960911550055,6.640391199744404e-05,0.02346998906367401,7.300223713486031e-07,0.2065644303413666,0.5425470760703046,0.0008817410381300954
32,0.002102064635905808,1.0225264462339761e-05,0.1260316681454992,0.0005116464464238345,0.001010102334283968,0.003897688367506608,0.00035091073853853915,4.156227864735958e-06,0.027851510413440972,0.0025333914933574272,9.435323783724202e-05,4.610982284816569e-06,0.0001740910878875022,0.0002898500674502422,5.959508421037597e-06,0.0012339113269804742,0.0009033540710506597,0.004370301477281687,0.0005065535326143105,6.535567206149853e-05,0.02245372354914137,7.804804558971768e-07,0.21995960788257085,0.5847281818421127,0.0009060012145661241
33,0.002638297108485773,1.1815470733041596e-05,0.13811261973011874,0.0005535024329765934,0.0010281691464057647,0.0034127806438847613,0.00036874213683297944,4.919131977642538e-06,0.022599583102729456,0.002188762011017852,0.00011131838353527993,6.06711242977432e-06,0.00020721311198035395,0.00029198095984627793,5.195698241482772e-06,0.001332535429292123,0.0011767954611575726,0.0047394254537668455,0.0004632941649737973,6.459292159895029e-05,0.023674016349838435,8.840396972526685e-07,0.2053802414789247,0.5907470070687141,0.0008802414508404144
34,0.0005410124404598585,1.6033795783450302e-05,0.09897881327659813,0.000377991238838245,0.0008703111292433362,0.0037451035777023747,0.000247295915984911,3.228384551976768e-06,0.023676805968364304,0.003455632783109267,5.008471926965631e-05,6.78623177481548e-06,8.143035815156695e-05,0.0004840377055680825,4.902041512936932e-06,0.0018612300133125368,0.0012869923940954573,0.001789457693918962,0.00025748404309027266,8.050967665671538e-05,0.01558592636372654,6.066655984844601e-07,0.23014452006958303,0.6145431436941338,0.0019106598189714626
35,0.00801454760719561,1.1222533152516319e-05,0.14079183043770657,0.0006127531854392564,0.0005716776333057813,0.006394500727117282,0.0004477258232547758,9.619603926238837e-06,0.03356321395969249,0.0027899351031068524,0.00014133743614181828,8.718640928226476e-06,0.0002985564874255173,0.00021592691448609784,4.378217945788742e-06,0.001908740801065392,0.0010541271087021865,0.012226633919203644,0.0007405654034847417,4.687940056237287e-05,0.019261920270418058,1.759628153719201e-06,0.21018742104507485,0.5600111674002228,0.0006848407122873307
36,0.003677455986985896,2.1583030234140146e-05,0.18712834841199633,0.0010069870900900706,0.0006089854567451744,0.0058842522123361335,0.0005452964970214805,1.2595601070511654e-05,0.03877697641171328,0.005455308292263521,9.154037421378619e-05,1.0542745072582278e-05,0.00036294874243120206,0.0004619528928901084,9.846279814466397e-06,0.0036486256623521705,0.0016077112895667585,0.00680926944774388,0.000838322012076808,9.996698726273326e-05,0.019821400408767162,2.252651251662641e-06,0.20885027642362572,0.5130618349256714,0.001205720166803012
37,0.0022097393903867052,7.247800551447056e-06,0.13954226252833804,0.0003205043652473711,0.0008932402941243013,0.0022754169735360605,0.00025341770155300273,2.696225725827869e-06,0.021861691289197925,0.0016589908504159707,7.47284479003579e-05,3.988353942533668e-06,0.00015291951877984176,0.0002515424325105424,2.9814379379960957e-06,0.0008363068515859193,0.0007156983636544338,0.0036714983874951914,0.0002464371711717033,5.429751463074719e-05,0.018709845254073754,4.982750052974467e-07,0.17246217006613346,0.6330733646724838,0.0007185158336177381
38,0.0032042944919851673,8.38170854612652e-06,0.14434217357003215,0.0005681817496108834,0.0005768160712980337,0.007037130420458538,0.0004987152358169361,5.462289846918925e-06,0.02335972993276945,0.003123094261059935,8.501038917031254e-05,4.262555146156029e-06,0.00024237365549331183,0.00017028843220898615,8.583218063176613e-06,0.0025281558780679276,0.0011139966221585347,0.006355302138376216,0.0007975203050367787,8.151654662413323e-05,0.022670101005577044,9.25277097656622e-07,0.26931964788259577,0.5131296431371988,0.0007686932257611816
39,0.00043954653418797795,9.444997971339952e-06,0.03430202083242051,0.0005667150990896606,0.001404279415424359,0.0006883437959336246,4.8908834711167136e-05,1.4506416644318794e-07,0.04290276826551447,0.0015823106096550174,1.8436627132490206e-05,5.112282093882471e-07,6.385779792138898e-05,0.00023958282125018562,4.05041917710853e-06,9.578001777490418e-05,0.00012863971461535414,0.0008888039138954507,0.00016745955781229978,2.4822980254705055e-05,0.003984960482622918,1.3772522188158179e-07,0.13411269602481846,0.777960803385272,0.00036497385494707596
40,0.0022356310899647055,1.0066249566120331e-05,0.13930768557485648,0.0004730712970572392,0.0010206587156601809,0.0037626403751519722,0.0003244270679996349,4.162326678854191e-06,0.027265216405952707,0.0024565990779215926,9.58731711099486e-05,4.846983087124348e-06,0.00016870061757407487,0.00030491435149870757,5.37706445542139e-06,0.0011731754723756857,0.0009156135680326769,0.004141279324902557,0.00040194707199240915,6.554768548672434e-05,0.021198888086365126,7.565725573224112e-07,0.21188370692675634,0.5818455350095223,0.0009336799134741724
41,0.0023375025222149176,9.804710071548346e-06,0.1323457420068209,0.0005935112613356187,0.001236933213051716,0.004681135519962629,0.0003279109753002781,4.1411037466255e-06,0.03311981384926511,0.0026396539969394082,9.634981720876379e-05,4.75586365765345e-06,0.000161668723194196,0.00027632706936575526,6.779098750614789e-06,0.0011278702231324847,0.0008122593914021882,0.003883014108381213,0.00040754076155712944,6.485520193778534e-05,0.016888736521184184,7.728400404556448e-07,0.21669427107070705,0.58136962431232,0.0009090258384518523
42,0.001094554428426185,3.263434836866565e-06,0.13744445885660164,0.00017855255245788048,0.0008799236529529703,0.0011758719718329871,0.00010986969573940462,1.1630626186331646e-06,0.013288031551697575,0.0010988661222590386,4.493344070667925e-05,1.7548575534712296e-06,4.315846187126196e-05,0.0002739067607318637,1.2943623620215908e-06,0.00037072669680009716,0.00045012889914940743,0.0034983738702163846,7.472663295842289e-05,4.058978752590648e-05,0.015944443601228268,8.480838841226571e-08,0.2831268112983373,0.5402905761798472,0.0005639350129002115
43,0.001806705973194785,8.865086552296511e-06,0.12612312207002774,0.0005786910743081694,0.0010052140864288015,0.0089132987975402,0.0003442786633029035,6.200325580460909e-06,0.04148149767763955,0.005481387227927497,8.992726345730273e-05,3.023164637563972e-06,0.00015166678254963008,0.0002967831781958934,9.282216111037001e-06,0.0015723354471771883,0.0007395395824887587,0.005254520608832696,0.00070149083444164,9.282765755020886e-05,0.022515575271631925,9.734951300622093e-07,0.2782301384735667,0.5036990909758137,0.0008935640659134691
44,0.0022044558286624864,9.980330819069104e-06,0.1377383240728449,0.00047355171056915886,0.001015377594103644,0.0037420835820411707,0.0003238256812432927,4.124869099348668e-06,0.027195778051893018,0.0024518868214644008,9.47414510827884e-05,4.769564996379258e-06,0.00016771881490592374,0.00030211043402948566,5.322465426118687e-06,0.0011692133888000337,0.000906089609977632,0.0041630377458862595,0.0004049434471333718,6.530969273188556e-05,0.02122118129979941,7.449892230916865e-07,0.2126923341217717,0.5827218316016207,0.0009212628298747681
45,0.002581594645574153,1.0948819421247424e-05,0.0938883290703336,0.0012975608474267346,0.0017918840639317023,0.010293327954063083,0.0008321895492292157,7.627378293349796e-06,0.06942909331719829,0.0033426260169630417,0.00013070008537227157,6.8736611142539186e-06,0.00027720626142385484,0.00024221323720036048,2.4304727251434116e-05,0.0019406501352772255,0.0006164109243331108,0.0044953498875122495,0.0010519165794908893,0.00010318585753177357,0.013726162928807649,1.6487666389013188e-06,0.21061577739869822,0.5822233263742762,0.0010690915126372069
46,0.006852831991945156,2.6727538795734916e-05,0.16358493066709312,0.0009329392563241201,0.0011332412759415557,0.004413070765855294,0.0004299469831138025,7.690971727360845e-06,0.011211233756626771,0.001707342458836661,0.0001940537678560088,1.842253244135578e-05,0.0002698731284995922,0.00021596203801079643,9.025807143418274e-06,0.002465397509465144,0.0059055291195052985,0.0034550550518768846,0.0004970443112069608,4.408104306689477e-05,0.0200427902543368,2.0875017038193247e-06,0.23310777373797154,0.5421393907529016,0.0013335577777542002
47,0.005216769538145212,2.620110317196723e-05,0.14165049438152275,0.0004547099506918009,0.0007364035225103505,0.003862837059768574,0.00040046105514429496,6.752994114047762e-06,0.028156918801863964,0.002421591673061632,0.0001450749761444219,1.5248421735489764e-05,0.0003466781639139868,0.00027325584638045284,8.54112287493958e-06,0.0023890197569293027,0.0015996677976532283,0.00288128504906877,0.0004967100883192219,5.898131054017119e-05,0.013685167498866843,2.786331101293364e-06,0.11110511394192425,0.6823490044623086,0.0017103251522444613
48,0.0036301974478099713,4.715705744125359e-05,0.1437023709482194,0.0012671321576466854,0.0008884254729974562,0.006177568097273839,0.000439779805387067,1.039460022686232e-05,0.019144008858070712,0.005474493367755966,0.00012326805008720538,8.441443728603053e-06,0.0002574599662029895,0.00034898074179650067,1.0042309364323306e-05,0.00283863919077542,0.004245731068479129,0.005717552625185051,0.001215030128859963,5.8503044251954455e-05,0.02949406876303452,2.2229166572262036e-06,0.31905102957432896,0.45472310764489826,0.0011243947195206064
49,0.002032505452379282,1.0464508890504326e-05,0.11688236501394111,0.0005210218822081799,0.001045876862342883,0.0034372655815107962,0.00034421423829552494,3.893727954103939e-06,0.027757796311921785,0.00249014960140765,9.462819479462198e-05,4.223404893585389e-06,0.00016682859382495576,0.00029579918833358513,6.3370850695341235e-06,0.0011858491155571525,0.0008915760387473348,0.004405496433140879,0.0005687519607088567,6.0001498714436586e-05,0.023570972731725603,7.483238581767976e-07,0.2217711747898713,0.5915323997299861,0.0009196597299221678
50,0.002125272936615785,1.4072319134960329e-05,0.14735053196819375,0.000554955227082054,0.001095733421660558,0.005346657432335624,0.0005150658285345204,7.02783980748557e-06,0.04404186339275164,0.0044641195888240354,0.000106881557718168,5.665201135679255e-06,0.00022590976174835926,0.0004448695012228714,8.520373663635664e-06,0.0015749263516254412,0.0008647746218515297,0.004892278683935266,0.0008054680460776892,8.194701776272316e-05,0.029010879719267194,1.3358574749830553e-06,0.20691833425004116,0.5482805142295255,0.0012623948720093048
51,0.003946793714198289,0.00018626019240590503,0.1831755954338882,0.003954681139657142,0.0015999174331058524,0.004135225300882529,0.0004971405800430757,2.938090684517361e-05,0.0467810490567431,0.012024671948092999,0.00022999155016836025,2.0488011112862618e-05,0.0006250139388786126,0.0014888721962006473,2.2516261183277845e-05,0.00291533872261083,0.002491720031803465,0.008125863627729485,0.0019171861970224645,0.00011365422923289546,0.027559848215674965,5.69153514376929e-06,0.1733163856671882,0.5229821805639294,0.0018545335462583047
52,0.0019085035525322563,1.1351090222883764e-05,0.1388450252439018,0.00032023854932806766,0.0013549508218677398,0.0023504700869365182,0.0003588601702114517,3.0639542654560216e-06,0.021174930756958903,0.0012234411377180184,0.00010630078425205666,7.486268561947109e-06,0.00012694756925969814,0.0003468755430192903,3.942019646234775e-06,0.0008680618220721672,0.0012097054620420697,0.0023026070345914117,0.00022543872419628422,4.59257434232775e-05,0.023583722456735862,6.126795765914365e-07,0.1898158093129523,0.6124605415164992,0.001345187699228455
53,0.001949599509041242,7.224743696476745e-06,0.10685454097883708,0.00038133788523835895,0.0010544925905023278,0.005234663381391183,0.0006659914656765203,4.575685213055789e-06,0.03603493777791046,0.001494875645240483,0.0001090088203057638,7.984670001250977e-06,0.00014018826166016244,0.0002837044761103055,7.333318969435429e-06,0.0013736810251995329,0.0007879529268967567,0.0036036787021110467,0.00038604775211335856,6.53323801165742e-05,0.019355098878606168,7.230190386520894e-07,0.2565820303299171,0.5622433731130713,0.001371622663135367
54,0.0011306236740925232,1.622536247468154e-05,0.1304836833742087,0.0002931270324478293,0.0006959592621029676,0.002715331525568862,0.0002822084651384258,3.3302126467952346e-06,0.03815122573718048,0.003175585766293992,5.514557327195152e-05,8.453552596969882e-06,0.00013217494628538969,0.00046720822297682455,8.540832844589842e-06,0.0021077240308870803,0.000745302653558258,0.0014917925956844163,0.00029878461222648296,7.170682426987183e-05,0.01167273759306622,8.991134346907635e-07,0.12497360503987148,0.6783839431379888,0.0026346808588819876
55,0.0020996231286765344,8.73686356705518e-06,0.1241672810290784,0.000434039456340563,0.001028218153937242,0.0034134045069425345,0.00033443101329339514,3.6254036477642747e-06,0.027874823800218492,0.001958672359522785,9.021578654924491e-05,5.260319619061041e-06,0.000156474061905313,0.0002756881287140219,4.774207046935496e-06,0.0010821485760278008,0.0007825147294776559,0.00380431171890087,0.00035143068130060205,5.908842671337672e-05,0.01865912792411998,6.64440056373085e-07,0.1975014732733411,0.6149869752767539,0.0009169967342490268
56,0.0022830180642300054,1.0169678752264699e-05,0.13822738267414827,0.00047172787374818623,0.0010002785330558844,0.003611818564233977,0.0003280778842851119,4.173395151425134e-06,0.027131848034197187,0.0023986335555935766,9.583492656281114e-05,4.941214129220817e-06,0.00017786047608325594,0.0003056168480231212,5.217854706531904e-06,0.0011530882371200612,0.000896669659771109,0.0042044320344393725,0.00040383235449651636,6.610388481003134e-05,0.021282998400830637,7.782266177892811e-07,0.2056731253388051,0.5893506778083348,0.0009116944778737969
57,0.0025478955325821486,1.5448020916075779e-06,0.09306684139644181,0.00039076902285526457,0.001167174822549354,0.008689408333525382,0.00015179140105831774,1.6924719533222945e-06,0.02795611443573499,0.0010266950299339668,5.9070306654786994e-05,1.7913411649080123e-06,3.53693814861601e-05,0.00010533548319781662,3.1957597678744237e-06,0.00033243306439937476,0.0003760351067387456,0.0032862733168171013,4.9974954810520145e-05,4.0440590658711536e-05,0.004087940327085814,1.5823083001473014e-07,0.47432077038373277,0.38191897111569717,0.00038231338823203675
58,0.0016407851713753747,7.776004882513435e-06,0.1084887909877811,0.00036975225083953013,0.0009273840197654423,0.0027193200719488318,0.00026061262780437236,2.6454817650505625e-06,0.024637290278075936,0.0018428236966639819,7.167105775749846e-05,3.844209777284618e-06,0.0001414026179639495,0.00024409568052824522,4.071114231345519e-06,0.0009338156933733629,0.0006601220928033061,0.003227553188661634,0.0003106996676601476,5.916518539964029e-05,0.017143089405488494,5.350589140955515e-07,0.18265087374994363,0.6528589801209437,0.0007929005656515
59,0.00928716023630597,3.168672425576904e-05,0.15810374125324847,0.0019864272148762433,0.0015180333995183017,0.018729610555374056,0.001191676639759393,3.166642861499931e-05,0.04932616921682194,0.005448366552098012,0.00043516577241509055,1.6050237680606452e-05,0.0003662903992419921,0.0004618879467778686,3.8354690340068936e-05,0.0030150843193848804,0.003009599028800556,0.010901444688293543,0.0024483445533942786,6.881905383576219e-05,0.03397175651734285,5.275529530894864e-06,0.38191806357344066,0.3159724042501332,0.001716921218514669
60,0.0022044558286624864,9.980330819069104e-06,0.1377383240728449,0.00047355171056915886,0.001015377594103644,0.0037420835820411707,0.0003238256812432927,4.124869099348668e-06,0.027195778051893018,0.0024518868214644008,9.47414510827884e-05,4.769564996379258e-06,0.00016771881490592374,0.00030211043402948566,5.322465426118687e-06,0.0011692133888000337,0.000906089609977632,0.0041630377458862595,0.0004049434471333718,6.530969273188556e-05,0.02122118129979941,7.449892230916865e-07,0.2126923341217717,0.5827218316016207,0.0009212628298747681
61,0.0027777561333844052,1.3708943110651603e-05,0.14075260508239043,0.0006593423539414507,0.0011235196144161865,0.005276154211741689,0.00043044532157086033,6.229323473553939e-06,0.030507746138433177,0.003057987706560483,0.00012787033069506398,6.216265577769592e-06,0.00020178074082570865,0.0003418250303563229,8.412658107013002e-06,0.0015356069457709489,0.0012419431967837936,0.005046215970959983,0.0006223792301985512,7.077431571220525e-05,0.024216681949709527,1.1454559227397931e-06,0.24731911949864702,0.5335539112976476,0.0011006222840627283
62,0.0022044558286624864,9.980330819069104e-06,0.1377383240728449,0.00047355171056915886,0.001015377594103644,0.0037420835820411707,0.0003238256812432927,4.124869099348668e-06,0.027195778051893018,0.0024518868214644008,9.47414510827884e-05,4.769564996379258e-06,0.00016771881490592374,0.00030211043402948566,5.322465426118687e-06,0.0011692133888000337,0.000906089609977632,0.0041630377458862595,0.0004049434471333718,6.530969273188556e-05,0.02122118129979941,7.449892230916865e-07,0.2126923341217717,0.5827218316016207,0.0009212628298747681
63,0.0021962346914377712,1.2426043852937555e-05,0.1337304095733228,0.0005161109672093186,0.0009967682519957223,0.0036795195657516704,0.00031832386506286864,4.433017100973643e-06,0.0271190818616645,0.002717935970478804,9.597131435159382e-05,5.114116601605626e-06,0.000175392947331921,0.00032146739566843105,5.778410728654711e-06,0.0012725526025557674,0.0009989621393774084,0.004142572465266054,0.0004544923568164331,6.557174401477233e-05,0.02122724721409526,8.457342091285418e-07,0.20980323461963227,0.5891583288878374,0.000981224243636028
64,0.0019999671194726684,9.512086004387595e-06,0.14470293177827295,0.000384848746945692,0.0010163423418873623,0.002860686615944555,0.0003227655519813322,3.9069565426555935e-06,0.023194911254168345,0.002242346302085032,9.525597910732195e-05,4.14748427892458e-06,0.00016617131933482657,0.0003387807683494859,4.060995440808343e-06,0.0010292976989852776,0.000930515313665856,0.0046193486437556405,0.0004024215683758988,6.525738116949422e-05,0.029541657679154735,6.421483018551267e-07,0.21219820205434994,0.5730138415468654,0.0008521806655596096
65,0.0022831853837390185,9.858975085290234e-06,0.13489118029395838,0.0004969122405622066,0.001042946358952865,0.003981928978319922,0.00034213386353864125,4.255271950923485e-06,0.026927642042627074,0.002412161623488026,9.906078580596574e-05,4.831293041778095e-06,0.0001690777737075988,0.00028961573641651486,5.577137591253607e-06,0.00119437729157549,0.0009424406991281822,0.004346648518504791,0.00043215870022466333,6.46068619758538e-05,0.021745504874316562,7.578927126419529e-07,0.22220634816602294,0.5752007033672115,0.0009060858695418307
66,0.004646245724315143,9.02865027708524e-06,0.3993338806989148,0.0003896882296512471,0.0009211598051741077,0.002061629949232412,0.00032200379134714023,8.346658931704527e-06,0.02073446187966381,0.0026665513126956104,0.00014174541431648786,5.963141199884262e-06,0.0004921272329071738,0.0005187149797795824,2.945333048752593e-06,0.0010900093767019338,0.000714527513254293,0.006713646237055159,0.00018367063596386602,0.00014966340924651997,0.025860658092119907,9.595542452802862e-07,0.09269694234625973,0.43968173922907416,0.0006536908046241819
67,0.0017904632359669744,6.785324536571691e-06,0.17070097259816233,0.00034584284105098056,0.0007339083244487765,0.002333501796680752,0.00020408702001110444,3.2135748629323564e-06,0.01561831324850249,0.002266511553403515,6.778367922111786e-05,2.679203652624832e-06,0.00013054133426723552,0.0003016180958488887,2.7577699955828923e-06,0.0009371832250932218,0.0009282630598205282,0.0047738703619690185,0.0002443155782362043,7.063992382116648e-05,0.025088476629229518,3.682107557715996e-07,0.24973416755918987,0.5230914351391305,0.0006223007121423117
68,0.004402691080532225,2.0391340374070036e-05,0.1389588508025093,0.0007862417517996716,0.001189167225860551,0.005375171584781057,0.0005451248529346411,9.485176175357395e-06,0.02594096817794512,0.0031651128469833037,0.00019245112165366008,7.0336543038887815e-06,0.0003010453158884254,0.0002984104863872288,1.003898863958084e-05,0.00201771465791136,0.0018935688558898028,0.007100858456781203,0.0011982882377452658,6.681722681619863e-05,0.03749018621250968,1.9137535903726168e-06,0.23491253738570972,0.5331100193786357,0.0010059114276427666
69,0.002996903756808343,1.4077886192779503e-05,0.11039137628249007,0.0006814306716463648,0.0012964293316137865,0.004989192495372352,0.00040440881789387625,4.565426382977698e-06,0.030963581435169113,0.0023357040303252138,0.00012646926501898905,6.5213711261147234e-06,0.0001991793214159702,0.0002429139646350178,8.70395220443364e-06,0.001360433489659738,0.001192141894065542,0.0037186159035373094,0.0005819181642434775,5.518693027771311e-05,0.017610934013227175,1.20309954575445e-06,0.2090865247655055,0.6106894100836255,0.0010421736480167797
70,0.0024080481536934346,1.1413196707071464e-05,0.13383466306363487,0.00040157175850396323,0.0007402543116753007,0.0036793668840423496,0.00032940244111200404,4.7331871808753394e-06,0.022584230862603014,0.0027466788486637164,9.821668568730622e-05,5.203621877831758e-06,0.00018457584870492202,0.00027522952611763534,5.294216148117004e-06,0.0017046056397990684,0.0011318341298046472,0.004933993509531515,0.0005630683877771646,6.338960549385282e-05,0.025186277318860025,8.897849088848613e-07,0.20280206379072477,0.5953092861309615,0.0009957090957860716
71,0.0018537481285460149,9.236208396328247e-06,0.13441595175909596,0.0004245177060641919,0.001026351114674778,0.003317004656691593,0.0003112605818936864,3.7643308935092987e-06,0.027567930708892553,0.0023694103489428336,8.453180602152465e-05,4.340847815157844e-06,0.00015379518522059247,0.0003202586489982198,4.626698508028746e-06,0.0010864244886902652,0.0008035301470669784,0.004040944846769248,0.0003611260785169315,6.766720850687205e-05,0.021694467585568564,6.392321154616994e-07,0.20876229697442805,0.5904190554732741,0.0008971192344086134
72,0.003005990371713073,2.705276318732795e-05,0.22515308600496461,0.0011299715273981885,0.0008424010465148942,0.017807614285213023,0.001712943279042484,1.995674448905328e-05,0.053315917178061605,0.008916383198434623,0.00012249894927565517,1.4770287637262622e-05,0.0005830948605643586,0.0003863281698646923,4.2916722418736364e-05,0.010667048354117496,0.001999894881815681,0.005518813294868889,0.0019695163396009734,0.00024115431082626687,0.026340945786375025,3.910049922938366e-06,0.19750438213493762,0.4404349528881901,0.002238456570565343
