,0,1,2,3,4,5,6,7,8,9,10,11,12,13,14,15,16,17,18,19,20,21,22,23,24
0,0.00034417916256478863,4.882243920123618e-06,0.5645012774833216,0.00018681632275993967,0.005127936883160918,0.1277476235781674,0.0007007671104390396,0.00046960880289119054,0.1249815245378864,6.947589910319586e-05,0.13407459524482918,0.03002193118640231,9.221388907890331e-07,0.00017546687904081127,0.0014213709410041565,0.0060949295426830944,1.0701233003026732e-06,0.00015903357905998325,0.00038519761428382996,0.0015112052668163354,0.0010871788069927988,5.05971410784128e-05,2.1176714525286488e-05,1.6912390979975145e-05,0.0008443204058981291
1,0.0007762516873309462,1.9849122451293187e-05,0.4321912911763146,0.0008898765631625201,0.009298533626701676,0.13577573658128356,0.0008523085436308896,0.0006505885103824181,0.03140227476230435,9.533135096238147e-05,0.3010791972616581,0.06957338091392913,1.4194115523317262e-06,0.000467438021495655,0.0017936246979401084,0.0034923661568845355,6.436744661352569e-06,0.0015851015248641107,0.00021491455143493254,0.0015658031455183681,0.004549976968086801,0.00014891267431065344,0.0001954541385253314,6.973769236593834e-05,0.0033041941722480594
2,0.0005985335005115643,1.4273984920700347e-05,0.4692900616126426,0.0004708656905626841,0.0067672629906759315,0.16476727896655524,0.0010748770726874428,0.0008829107831548435,0.11348996286178824,0.00014414426893901035,0.17347685004760696,0.04363039273904857,9.891255492732387e-07,0.00038161684422936875,0.004031249789155238,0.010311474095014447,3.5435042417722523e-06,0.0003799316094384091,0.0006950033458203534,0.0021473059882282544,0.003868017491220671,0.00017417459158934056,9.46139315857181e-05,3.158948795754423e-05,0.003273075676875826
3,0.00046054995185073504,1.3056546709740442e-05,0.5246058387503877,0.0004948398291860285,0.007302008807023551,0.13545910978161707,0.0008653851725897147,0.0007654508501016392,0.11489090626736755,0.00014448877766630433,0.15913261116739108,0.03803856105360737,1.076588337247996e-06,0.0003397254859757041,0.00216619787655584,0.006666403129255009,2.4658609617142577e-06,0.0003776319693466751,0.0005789987683610479,0.0017464512303693289,0.0031331198638348836,0.00010563279925427283,5.4389937553979036e-05,2.8869119961855693e-05,0.0026262304147339184
4,0.0004407864003775868,1.3205544803582647e-05,0.5416452820175041,0.0004780491500653539,0.0076999304331652725,0.13182187029426248,0.0008378806405115073,0.0006910192330462791,0.10991465479422971,0.0001380090996853059,0.15240571181872947,0.037488693286781345,1.228950450085717e-06,0.00036553426237585015,0.002020486121747733,0.006104869650930191,2.3849314566174006e-06,0.00036682498740780404,0.0005361509870856711,0.0016481000653204446,0.0028420819020898874,0.00010075435388480304,5.1385245122205875e-05,2.885165934107937e-05,0.0023562541696256316
5,0.00047150802309703957,1.4787573811137161e-05,0.5248443783957883,0.0006798945030823031,0.007948264153919757,0.13813645135629912,0.0009268818725350756,0.0008573076088572851,0.09870615917970028,0.00017178961014499184,0.1678322745195316,0.04037743669522645,1.2191939977210148e-06,0.0003788220383758429,0.001883813103051268,0.006750089510663364,2.7687227341063814e-06,0.0005186399107894779,0.0005397564297658844,0.0020030758210060357,0.0037278135548031656,0.0001065141335775922,6.870822322199045e-05,3.4624920096309316e-05,0.003017020945924067
6,0.00046054995185073504,1.3056546709740442e-05,0.5246058387503877,0.0004948398291860285,0.007302008807023551,0.13545910978161707,0.0008653851725897147,0.0007654508501016392,0.11489090626736755,0.00014448877766630433,0.15913261116739108,0.03803856105360737,1.076588337247996e-06,0.0003397254859757041,0.00216619787655584,0.006666403129255009,2.4658609617142577e-06,0.0003776319693466751,0.0005789987683610479,0.0017464512303693289,0.0031331198638348836,0.00010563279925427283,5.4389937553979036e-05,2.8869119961855693e-05,0.0026262304147339184
7,0.00043483595865777584,1.4242146396779358e-05,0.5748390950632335,0.00043121898204178375,0.005248618113915569,0.09016162197944744,0.0009661862064920467,0.0006579882970999039,0.12205331230150782,0.00010926837268675976,0.16414493296844904,0.02876970294119111,1.5720062231670353e-06,0.00026030702580402725,0.001542337600215574,0.0039291770410916325,2.0384545654378697e-06,0.0003336019004891027,0.00042585587418538467,0.001831807876328159,0.001745239455099512,7.084711917246452e-05,3.4460866961644116e-05,3.317890702420915e-05,0.0019585525417204564
8,0.00043438208482292096,1.2768101064043924e-05,0.4808304652899777,0.00044327577316932243,0.00748975044462644,0.15421617489571288,0.0008095084621532595,0.0006971253378997471,0.1174057468299716,0.000135197401565167,0.180568491040566,0.0398772022562555,1.058653483632198e-06,0.00033656326842705295,0.0022101434232209014,0.006356021219466686,2.309125572113861e-06,0.00038470431218081086,0.0006102127134702028,0.0016767213810408787,0.0030540498505124353,0.00011155994900141806,5.153863123683501e-05,2.4570027700739397e-05,0.0022604595269016237
9,0.00046085359215366025,1.3055208645005944e-05,0.5230662298373346,0.0004943338384095358,0.007313068008822537,0.13626854569915575,0.0008653330048955516,0.0007648937549066175,0.11489976200508234,0.00014459147723406809,0.159708219554364,0.03813771415751866,1.0751418169622224e-06,0.00034030386205771305,0.0021726588752932854,0.0066867511796361795,2.4666332752104736e-06,0.00037852929298720314,0.00058089574002554,0.0017466837391445177,0.003141870900415166,0.00010608778997124544,5.45630194895639e-05,2.8768267202769273e-05,0.0026227454201622155
10,0.00046054995185073504,1.3056546709740442e-05,0.5246058387503877,0.0004948398291860285,0.007302008807023551,0.13545910978161707,0.0008653851725897147,0.0007654508501016392,0.11489090626736755,0.00014448877766630433,0.15913261116739108,0.03803856105360737,1.076588337247996e-06,0.0003397254859757041,0.00216619787655584,0.006666403129255009,2.4658609617142577e-06,0.0003776319693466751,0.0005789987683610479,0.0017464512303693289,0.0031331198638348836,0.00010563279925427283,5.4389937553979036e-05,2.8869119961855693e-05,0.0026262304147339184
11,0.00046854037726636234,1.3379592233321935e-05,0.5332712273873409,0.0004929149213698863,0.0071724396208762186,0.13023219697736066,0.0008719019339902813,0.0007534965908070852,0.11295606904867696,0.00014184544606325129,0.15769896949804652,0.03868546505359589,1.1811116029032215e-06,0.0003425366793791699,0.0020780996609555792,0.006361054196208188,2.5337512876941204e-06,0.0003873582549819747,0.0005539936405378626,0.0017810462734697797,0.0029714614360984264,0.00010513298571160444,5.357550036456828e-05,3.0009583588107554e-05,0.0025735704781870137
12,0.0007265514289364433,1.940239881492079e-05,0.3728051009932423,0.0006762441303257403,0.017726813073514477,0.270876503454198,0.0005815705334326453,0.0004626867107293359,0.01873101031567485,0.00017102429661230685,0.16983596718837654,0.1216508989906839,1.398912778028265e-06,0.0011145887011750728,0.0017682513420042142,0.009241902782259339,7.139071562305309e-06,0.0017797342842123828,0.0003086695998054583,0.0013111511848920645,0.00695518326252264,0.0003563435496778965,0.00029302419399832713,4.013964517160846e-05,0.0025586999553992907
13,0.0004199449074625474,9.540930397202363e-06,0.5353586273696918,0.0003683455983748404,0.006497748592518286,0.09747919259143534,0.0006485345084296777,0.000679772580826934,0.11072365803295695,7.798167860981107e-05,0.1851219379320085,0.048654270268519935,9.103577968297273e-07,0.00030764587336459836,0.0021138298942076665,0.004419529612711091,2.51994394261623e-06,0.00027051576094492245,0.0005642014512956449,0.0013961534526351284,0.002676855095376133,9.568315657950229e-05,3.8554898352123326e-05,2.0151021070053313e-05,0.0020538944904918877
14,0.00023333320043931362,4.22014278031917e-05,0.37929030690544535,0.0005207392218687877,0.010487000497287884,0.2347235796913288,0.0008286031050318912,0.0006963562824749632,0.1549286343730242,0.0004859366077050638,0.18737342021181783,0.014587784845277162,1.6973923903960143e-06,0.00027380923508659035,0.0016894275076430579,0.005400644242617807,1.6011946247255282e-06,0.0006476552267996114,0.0005990187684254457,0.0018040614966353201,0.003459992285771953,0.00011953237217674722,3.58889451114941e-05,4.078235369596348e-05,0.0017279926095163532
15,0.00046054995185073504,1.3056546709740442e-05,0.5246058387503877,0.0004948398291860285,0.007302008807023551,0.13545910978161707,0.0008653851725897147,0.0007654508501016392,0.11489090626736755,0.00014448877766630433,0.15913261116739108,0.03803856105360737,1.076588337247996e-06,0.0003397254859757041,0.00216619787655584,0.006666403129255009,2.4658609617142577e-06,0.0003776319693466751,0.0005789987683610479,0.0017464512303693289,0.0031331198638348836,0.00010563279925427283,5.4389937553979036e-05,2.8869119961855693e-05,0.0026262304147339184
16,0.000548018331220995,1.6919548272233893e-05,0.45145489287172075,0.0007368445552622484,0.007961230158372707,0.17765333734882655,0.0010428854893981597,0.0011002957778030544,0.1075229383030708,0.00027460740259714346,0.17943368647981056,0.04460749637511693,1.0912052056832369e-06,0.0003918925050483449,0.002329426706059075,0.011121156597072683,3.398949116019911e-06,0.0006409759339878191,0.000796528570164523,0.002298440073303645,0.0062727829090117055,0.00014456257544832678,8.265523579184227e-05,3.4644919136515e-05,0.0035292911791815146
17,0.0005192737126876894,1.4065336764132263e-05,0.5749750987704842,0.000833591698988549,0.008014879857046603,0.11567327192430547,0.0008930726877207234,0.0008243630001930364,0.08299423430838535,0.00015302524701165952,0.14680065095232173,0.049318264925966,1.3857337336209245e-06,0.0005000591331109959,0.001535625770962425,0.006246987205293271,2.904070741228392e-06,0.0005554273265566709,0.00048590203516434623,0.0020019556198446046,0.003801300003611394,9.748675891973507e-05,7.678927467566528e-05,3.376428592914385e-05,0.0036466203595817265
18,0.0007787179073528725,1.7601102806147052e-05,0.6130570008394569,0.0005832362390621309,0.0069262806056759165,0.08392404300928782,0.0008666634650328918,0.001005204162147128,0.08313988764203614,0.00016349232755588644,0.12685952574116405,0.06379112062957491,1.4276551806830867e-06,0.00035990129335119,0.0018652888589713293,0.00543899743216779,5.965722117581049e-06,0.0006949809217797213,0.0004916262600954446,0.0017255389565053454,0.0038487080285364637,0.00017625873490683506,6.661574297630342e-05,5.50584843700098e-05,0.004156858237888592
19,0.00028486702594222944,9.802064941966163e-06,0.6146680977302208,0.0003792569791171783,0.007851727473086717,0.09633862352031379,0.0005300552492615367,0.0006001736446522297,0.12018323292759055,0.00011672031963166258,0.11140518389284616,0.03572597058643966,1.1166227285616831e-06,0.0003018372445567203,0.0014129911374361212,0.004156001555097248,1.8112978057439491e-06,0.0002394940444058022,0.0004460823949461669,0.0013201324854083465,0.002061676705093583,7.540058188455256e-05,2.6122846166402247e-05,2.1007530510710913e-05,0.0018426141399155945
20,0.0004567563937030415,1.611774974628215e-05,0.5264974186632856,0.000496251420291494,0.00841969693828718,0.11399072056714017,0.0008251850868493906,0.0012056381790540409,0.13469387670650165,0.00017835384346706536,0.15051055015343837,0.04221845645834329,1.0384768781584386e-06,0.0003252843265748521,0.0030609146454196588,0.006724528868487443,3.985867991531557e-06,0.0003806291809224955,0.0007723107608147937,0.0017900259289234037,0.0042127553544246315,0.00018544384997269559,5.815105300480226e-05,3.615299778268706e-05,0.0029397565286952794
21,0.0005569661566475053,9.648864506488465e-06,0.5500826954884438,0.0005247267872094759,0.006601053996722271,0.14735543830382547,0.0009495588758859207,0.0006360773358676959,0.07492132241094344,0.00014057322192412807,0.14287036923118526,0.0555023983407482,1.3567400746433613e-06,0.0003974980600496529,0.0014872267255137727,0.009502117958998905,2.266721550767251e-06,0.00043850363803958354,0.00044173989414507587,0.0021858959825316175,0.0029631028339662017,8.445257914002437e-05,6.426336454150419e-05,2.6977905582436096e-05,0.0022537685819562676
22,0.0004926864390417139,1.070627921347819e-05,0.5126844543021988,0.00044058683287148096,0.006330426616711395,0.14242735365099501,0.0008684921584921495,0.0006463613706366537,0.0847146314248562,0.00011731976396272215,0.18898825295685542,0.04387951951574043,9.519109355176407e-07,0.0003368887364198667,0.0018964074625864038,0.007587037637983615,2.5570368193533035e-06,0.00044712842320369906,0.0004945030936385295,0.0018564131537570899,0.0034162066925754004,0.00010083648853824958,5.9292405661644264e-05,2.6217697467496992e-05,0.002174767948837504
23,0.00046054995185073504,1.3056546709740442e-05,0.5246058387503877,0.0004948398291860285,0.007302008807023551,0.13545910978161707,0.0008653851725897147,0.0007654508501016392,0.11489090626736755,0.00014448877766630433,0.15913261116739108,0.03803856105360737,1.076588337247996e-06,0.0003397254859757041,0.00216619787655584,0.006666403129255009,2.4658609617142577e-06,0.0003776319693466751,0.0005789987683610479,0.0017464512303693289,0.0031331198638348836,0.00010563279925427283,5.4389937553979036e-05,2.8869119961855693e-05,0.0026262304147339184
24,0.00036409039684613735,1.606621486327113e-05,0.5313205148536794,0.0007479694094883802,0.009446601191237103,0.14730623902035933,0.0007898244631449872,0.0007652158189967876,0.1052915913444575,0.00019173576410852483,0.14823633082212442,0.03755791213406938,1.3744451693437916e-06,0.00048232393318760607,0.0016001549769181463,0.006312599374130653,2.098687344957511e-06,0.0004490031611502343,0.0005981346229389495,0.001992645060266773,0.003477227605281862,9.818064216107067e-05,5.703745716690304e-05,2.562311454729203e-05,0.002869505486361006
25,0.00047362345759411484,9.55770120542868e-06,0.5708558499679073,0.000678402172676642,0.005623864947908362,0.06849377796323079,0.0010415482133856804,0.0012039005701961153,0.08540683575829615,9.529546200871155e-05,0.19971406659860677,0.051282030393785934,1.3249273274945871e-06,0.00030568367945867667,0.0013476181383738448,0.004893610105357837,3.0101786111158555e-06,0.0003808258681834405,0.0005740123882291557,0.0024802360227340553,0.002942560534445091,7.782799326850978e-05,5.038732728600763e-05,3.02078134719881e-05,0.002033941816450846
26,6.776175379151637e-05,5.649389755839116e-06,0.09786104967586289,0.00038299582183685385,0.010483570240364106,0.5997891885212595,0.00039202905409387945,0.0003567003135186856,0.12916130121468947,0.00021748513782571214,0.11065270117680202,0.015778614162851833,1.9514215943625064e-07,0.000726717149948717,0.003527353166657381,0.01951945012966931,2.2831307449906857e-07,7.82765421915201e-05,0.002298923595355322,0.0009688491412553692,0.006109923041561273,8.924821069488517e-05,5.469664685371596e-05,1.248720935175557e-06,0.0014758437369911555
27,0.0004571105839258666,1.3844365085807971e-05,0.48790334849995565,0.000399212271780797,0.006216573021796578,0.1470409460526938,0.000856319605691167,0.0008493214291459636,0.1710309984280294,0.00016436997748479353,0.1348559447922642,0.029993968778971744,8.862157030138809e-07,0.00027824160197880484,0.003128109046380925,0.007697837241305142,2.3292010080862003e-06,0.00029488499754935804,0.0006861207861070969,0.0018302716262219361,0.002915430782495452,0.0001309951719725715,4.757003636395441e-05,2.7142548196971506e-05,0.0031782229378909408
28,0.00046054995185073504,1.3056546709740442e-05,0.5246058387503877,0.0004948398291860285,0.007302008807023551,0.13545910978161707,0.0008653851725897147,0.0007654508501016392,0.11489090626736755,0.00014448877766630433,0.15913261116739108,0.03803856105360737,1.076588337247996e-06,0.0003397254859757041,0.00216619787655584,0.006666403129255009,2.4658609617142577e-06,0.0003776319693466751,0.0005789987683610479,0.0017464512303693289,0.0031331198638348836,0.00010563279925427283,5.4389937553979036e-05,2.8869119961855693e-05,0.0026262304147339184
29,0.00046054995185073504,1.3056546709740442e-05,0.5246058387503877,0.0004948398291860285,0.007302008807023551,0.13545910978161707,0.0008653851725897147,0.0007654508501016392,0.11489090626736755,0.00014448877766630433,0.15913261116739108,0.03803856105360737,1.076588337247996e-06,0.0003397254859757041,0.00216619787655584,0.006666403129255009,2.4658609617142577e-06,0.0003776319693466751,0.0005789987683610479,0.0017464512303693289,0.0031331198638348836,0.00010563279925427283,5.4389937553979036e-05,2.8869119961855693e-05,0.0026262304147339184
30,0.00046054995185073504,1.3056546709740442e-05,0.5246058387503877,0.0004948398291860285,0.007302008807023551,0.13545910978161707,0.0008653851725897147,0.0007654508501016392,0.11489090626736755,0.00014448877766630433,0.15913261116739108,0.03803856105360737,1.076588337247996e-06,0.0003397254859757041,0.00216619787655584,0.006666403129255009,2.4658609617142577e-06,0.0003776319693466751,0.0005789987683610479,0.0017464512303693289,0.0031331198638348836,0.00010563279925427283,5.4389937553979036e-05,2.8869119961855693e-05,0.0026262304147339184
31,0.0004531874455479133,1.3472032615700836e-05,0.6713402828655566,0.0005996277018498699,0.007563177341200877,0.07392497682203181,0.0007630120443419577,0.000930367122795399,0.08999173206419166,0.00014983659387070552,0.10139265413585734,0.03861814774873509,1.3725128987995739e-06,0.0003428975315682358,0.0011361876238896015,0.004791402642776697,2.6069721637586837e-06,0.0003999651149977937,0.0004596175350568443,0.001754530737331568,0.0025556288109259955,8.54238702204176e-05,4.034570467386656e-05,3.8820634387422765e-05,0.0026507263905140165
32,0.0004672043948658648,1.3129339421743891e-05,0.5190483907064117,0.00046617793406674725,0.007210825055785405,0.13505441079031164,0.0008699310860487031,0.000788050796743181,0.12491407941226076,0.00014652785990220565,0.1546690682660062,0.03784352344714204,1.0358488360135316e-06,0.00034082186504858175,0.0023553307855982046,0.00702920564601293,2.4794411357445718e-06,0.0003456886891262105,0.0006616735755211909,0.0017191572436120108,0.003203207319832295,0.00011290021261292116,5.17337522321886e-05,2.7084099431839715e-05,0.00265836243203368
33,0.0006902590659275475,2.5153414255389202e-05,0.48793019780352814,0.0005305721043110119,0.010932766136904932,0.1662013064670147,0.0010412322877355997,0.0008984685835068273,0.06752059559391631,0.00018939706084646662,0.1812028509658246,0.06116231792831216,1.8515840171666016e-06,0.0005860945903079659,0.0024720705642317796,0.008347449657775324,5.266210800323837e-06,0.0007922561060565421,0.0006925370554736999,0.0022158254407038417,0.003870784340864824,0.0003248997175760588,0.0001076692221828949,4.427859181170285e-05,0.0022138995061142613
34,0.00041173716880493603,1.5359478806297727e-05,0.44663930905967425,0.0011415030266616892,0.011514983599601514,0.17345946682018568,0.0008736072247584478,0.0009217758302718369,0.029867243652924085,0.00018703998437913602,0.23705406041198188,0.07404005289731358,1.4533355714817344e-06,0.0005614773280297966,0.0014001579655009483,0.008809395881532405,5.072011316756404e-06,0.0011612739037493824,0.00031636901389856176,0.003156924522598489,0.005691727338268111,0.00016873904704406962,0.00021208044732426987,4.445166206602828e-05,0.0023447383877363455
35,0.0005890978499996542,1.580010489631076e-05,0.5455785933813466,0.0006340916751915684,0.005800799593894136,0.08023815257643721,0.0008393285828791862,0.001490538983749402,0.19604785698606747,0.00022468049412394917,0.11426719983611987,0.03761464655652866,1.3523987909078777e-06,0.00022740244800624598,0.0014297134473062886,0.0044315047347781135,3.3060718800159675e-06,0.0005029156866595177,0.0008197493880079151,0.001925534277918799,0.0031100267740090223,0.00011099095444368498,2.8943962684245374e-05,3.947987660252091e-05,0.004028293357678723
36,0.0004279659745659371,6.759593873617135e-06,0.6837300652426554,0.00028350067205956767,0.006877445056336511,0.04247549622861484,0.00042341210869256945,0.0010116545145891732,0.13407173537854133,9.568442017090076e-05,0.059395160695442206,0.057620848294217854,7.939844409414276e-07,0.0002408494225221412,0.0018693409396438635,0.004378410965791498,4.129709189120853e-06,0.0001334455385599767,0.000770036941352059,0.0009219812000539838,0.002428981751848091,0.00011167567578409676,1.972843132068164e-05,2.222876848333886e-05,0.002678668491250178
37,0.000752765036979795,1.1926879815226181e-05,0.6145427947091578,0.00043946357306778676,0.006051801567814868,0.0974846264459963,0.0009312416269810874,0.0006281492139088921,0.07738730425637835,9.672138554646801e-05,0.13936569130720183,0.04723752180035018,1.201745996019678e-06,0.0003800141795606674,0.0014393628964574602,0.005758177813127256,2.6067415952288083e-06,0.00043773519430447114,0.00046846459306853393,0.0015786808246039167,0.002341590551463171,9.269591012424147e-05,4.8139621865253297e-05,3.203994499508099e-05,0.002489282179640063
38,0.000613021232277761,1.0159529553443722e-05,0.331003804502093,0.0002774562943321769,0.005033452767659872,0.29226801100096755,0.0013209201509679597,0.0004353556272353683,0.0899601194359996,0.00012123641830634443,0.21880728358699522,0.03355726795707998,7.370300113327775e-07,0.0003308200603528159,0.003687732111756911,0.014653619549043864,1.6937529968015788e-06,0.0003637492946914048,0.0005877262198946487,0.0016677845613371752,0.003230784692966621,0.00011518013079667944,9.064663708717186e-05,2.052871207874151e-05,0.0018409087435175436
39,0.0006164191956423245,7.259216707838204e-05,0.4958994909860533,0.00028994092058509164,0.005036423581132873,0.0868381081659523,0.0013453235531551452,0.00029861277813957683,0.1546698174261876,8.514326521746056e-05,0.2330622923193002,0.012321278568865677,3.4520088563473255e-06,0.00031841446921667766,0.0033287184267713956,0.0009939341314571541,2.945328146313681e-06,0.0005682037041777013,0.0002485457399265297,0.0008796988036167203,0.0007141920907060568,0.0001631459400134665,4.2417449616711826e-05,8.212137443698047e-05,0.0021187676057480326
40,0.0006160259918845313,1.4486097482219652e-05,0.5420883561739325,0.0002875964722499476,0.007490244335271048,0.12933375869341387,0.000693878440346046,0.0005480143423516196,0.11622806821967213,9.745116775466106e-05,0.14204619787183553,0.043832240264904274,8.649340324345376e-07,0.0004274422997244878,0.002796256275798283,0.005772558219100719,2.6249468231996353e-06,0.0003025484517997422,0.0007121363974681265,0.0011097586673887644,0.0027721608938304767,0.00015867279826589672,4.179140445302596e-05,2.1510669276840344e-05,0.0026053559709396006
41,0.00015244647028758853,6.442502566369822e-06,0.5625907265002262,0.0001768915036591323,0.0067202250684194696,0.10836095071433388,0.00035771737908994554,0.00035626074136631654,0.24792564512365178,0.00010390094502911047,0.05223186460691353,0.00945371447303259,4.20097280619914e-07,0.0001876224489796279,0.002367906366974605,0.004856375530901368,5.508828383800585e-07,5.392323361846268e-05,0.00043288570379714463,0.0006399263414800061,0.0012596210505583512,3.579889244027233e-05,1.1540513838861945e-05,1.1731147587830227e-05,0.0017049117611285481
42,0.0003262456372839325,1.2429060109615103e-05,0.5783968011192511,0.0006952915168309755,0.008612892429206192,0.14074128377967524,0.0006129030404496577,0.0002105176773151633,0.06518716815559117,8.323135775383952e-05,0.17014963550094292,0.027224716517653735,2.3335186991990074e-06,0.0004294695663187711,0.0006297765647285055,0.001655138099403454,1.0142900524833643e-06,0.0006462186671363637,0.00012135000746814745,0.0008888651097676967,0.0012351502784211513,2.1879185570308836e-05,4.3017152517212745e-05,3.393411858757491e-05,0.002038737649265812
43,0.00034694018478400907,1.5227276895647527e-05,0.3403014254748035,0.0005570076406578993,0.012003594050435227,0.275441974695383,0.0006960933795113546,0.0013750453761581817,0.15483557857342087,0.000431904582263866,0.14475955848134764,0.034658404163258674,6.733268382917083e-07,0.00030903507653023873,0.003957123850377028,0.015555467294580466,3.406115040263558e-06,0.00041831587608021634,0.001135348225035926,0.0017875909134479014,0.008069780555866175,0.00022489012395683806,7.979103145005549e-05,2.733586252209717e-05,0.0030084878693546167
44,0.00046054995185073504,1.3056546709740442e-05,0.5246058387503877,0.0004948398291860285,0.007302008807023551,0.13545910978161707,0.0008653851725897147,0.0007654508501016392,0.11489090626736755,0.00014448877766630433,0.15913261116739108,0.03803856105360737,1.076588337247996e-06,0.0003397254859757041,0.00216619787655584,0.006666403129255009,2.4658609617142577e-06,0.0003776319693466751,0.0005789987683610479,0.0017464512303693289,0.0031331198638348836,0.00010563279925427283,5.4389937553979036e-05,2.8869119961855693e-05,0.0026262304147339184
45,0.00045390639319071004,1.2445645690894803e-05,0.5309120275031044,0.00046713954047788113,0.007205481819472747,0.13023244035596446,0.0008728096803661373,0.00077863260777886,0.11877209905063749,0.00013939910801588265,0.15569053909430283,0.03708223516856134,1.0707496563979423e-06,0.00032366463312163263,0.0022075326528788962,0.006582390595586478,2.4269127473337214e-06,0.00034731829387169423,0.0005820215667605524,0.0017091443863590774,0.002966767943089664,0.00010325836922629238,5.146787255546635e-05,2.899304394387756e-05,0.0024747870126391007
46,0.0007508645191800504,1.3255495640174749e-05,0.6142690393744379,0.0005841286828039662,0.006618128773387514,0.05536898856553027,0.0007334947173878996,0.001464175535259546,0.07048729126339137,0.00011701618028745912,0.1549406749077186,0.0770500568516442,1.4085158393247424e-06,0.0002321496853492635,0.0021019783520577215,0.0047664587640355565,1.1877762936049525e-05,0.0005440917162482603,0.00047943280326966976,0.0020148550412905494,0.004077498450389747,0.0001776011711543782,6.990692519556482e-05,6.564373936045611e-05,0.003059982206204632
47,0.0011853277655827935,1.4489580484896475e-05,0.52156952246205,0.000327282561984452,0.0049681054042408895,0.1347152160992735,0.001021619451743172,0.0008664079264582018,0.08628886417605242,0.00014217334314181357,0.1417474749815032,0.08216677382325631,1.1281790312538298e-06,0.00032780487176211547,0.0025434008021455548,0.01148952081550772,5.0546531463490506e-06,0.0005750593596777981,0.0006984494050828907,0.0024398615889752316,0.0033804936356592622,0.00026715366489651795,6.470280240042457e-05,3.335861403934718e-05,0.0031607540319038984
48,0.0008254004669853807,3.11533701342471e-05,0.5092122683707221,0.0006299534061782296,0.008640834410695183,0.09819380973129734,0.0014820832200970972,0.002108011417059766,0.1435562802807402,0.0002911779100248753,0.1592903076654038,0.04884312969747729,1.8063405042771851e-06,0.0003875355985036985,0.004200852256753926,0.008592475538141759,9.165063103128504e-06,0.0005394967114192604,0.0014551575642245433,0.0022924926497970106,0.0052745935208901255,0.000364081239378643,8.561994582771013e-05,6.595372272690652e-05,0.0036263599019135022
49,0.0009536814651752509,9.079181776140245e-05,0.26605354673417353,0.0013199912209114028,0.0016464525183550302,0.022570080335275487,0.006071523505823601,0.002949671657346246,0.5887230744268107,0.0006007885983823422,0.07595869951182352,0.0010384082195797858,8.538547180244919e-07,7.70887558085056e-05,0.0052392402061612366,0.003040969363077809,2.1560620897424655e-06,0.00022863295981929597,0.0012900316719227749,0.0008121662194520204,0.00318231357826487,2.867859404283614e-05,3.86925933687637e-05,0.00033217350414576935,0.017750292625710117
50,0.000452719175826087,1.7352786122210194e-05,0.5135284468015215,0.0004860194531731562,0.007333613276656752,0.14319901739224744,0.001336152734891629,0.001070078601419154,0.18979788188257582,0.0003117604803519168,0.09770389780909083,0.022305987696932317,1.2674758570333622e-06,0.0003769700594543821,0.0022103273715502925,0.01088514564269283,1.695857325616523e-06,0.000277749806332552,0.0010900599349681652,0.0020107357629501037,0.0027720193976477738,0.00013160276310695784,3.938018053193042e-05,2.924587903662507e-05,0.002630871777736909
51,0.0004523865503469918,1.5858467139753362e-05,0.5150684307373385,0.0006714012815720952,0.007870625934697555,0.12551372000515482,0.0009420501472375811,0.000933712628713778,0.11348050801641289,0.00017062418610186948,0.17863381452159402,0.0391446103284578,1.331935008368917e-06,0.000388266769247201,0.0017752502692780546,0.00543608429376293,2.5963232714606685e-06,0.0005106497380655021,0.0006270973877778822,0.0019010884291799763,0.0035781410012570613,0.00011042656736766395,5.550005133867145e-05,3.147084445532609e-05,0.002684353585222258
52,0.0003606106576435653,1.1563070607961183e-05,0.6363771834973732,0.0004920242197094272,0.008320156456477991,0.06501569572428373,0.0006535306867305986,0.0010556943352078847,0.12607561805533782,0.00012814005664388948,0.10803866834955078,0.03741194064491918,8.312023121160299e-07,0.00031000375932598576,0.002135745262189518,0.004996445633462275,2.9000928285956228e-06,0.00019199995924813125,0.0007641763499407276,0.0012495954904337284,0.0033420772819007963,9.269400604643148e-05,3.434122361403118e-05,2.7501055417130808e-05,0.002910862928794513
53,0.000585597968612093,1.3839995473423227e-05,0.4356617016652876,0.0004705766712094047,0.0035151237215908194,0.15708064385470985,0.0019973048795189677,0.0007226881572162179,0.12160029900935798,0.0001315850023609749,0.23145032205729116,0.024708814739199857,1.2258785421275766e-06,0.00024873443930955555,0.003131346200585659,0.009696493586948072,2.1471947044909532e-06,0.000408830411610368,0.0004662472406193155,0.00295851599913377,0.0023809993669167227,9.294535794759131e-05,9.320971425240933e-05,3.93990379701472e-05,0.002541407849631476
54,0.0006222462296861756,1.7106469965473115e-05,0.5454419363104073,0.00041160791611334006,0.005104661236830708,0.14937351561155296,0.0012107699312441475,0.0005924246526961865,0.14233948166437307,0.00019139636923542932,0.09814567572097516,0.03189759950908258,1.1030654913047251e-06,0.00042204169189137043,0.0028699441527782425,0.011233637158980252,1.864064890838817e-06,0.00029119883019844216,0.0006625165332248422,0.0019631889208937586,0.002643369272352649,0.00012318615427386837,5.4346328799070345e-05,2.6700971108585844e-05,0.004358481232954398
55,0.0004596937241447777,1.2664721305559565e-05,0.5393256450540492,0.0004901010922808876,0.006811874715613918,0.12437175028419387,0.0008329193771864934,0.0007481680512583812,0.1196878662335418,0.0001385692257460729,0.1520651240390715,0.038601926766101836,1.1469177020211056e-06,0.0003167805089925314,0.0019245932447298309,0.005896816504790021,2.361899151883963e-06,0.00037802011102452694,0.0005421954942384896,0.0017572564525305055,0.0028102619480001247,9.616482485513441e-05,4.734644479038435e-05,2.8725060833424005e-05,0.0026520273038668466
56,0.0004584424440299288,1.3577363160210517e-05,0.5359836256532122,0.0004946470136352676,0.007246385700720452,0.1277089801260317,0.0008704107582471655,0.0007612408483287746,0.11497079289055731,0.00014330397215821903,0.15648526987522152,0.03777544284457094,1.1979921407693768e-06,0.0003400775462532899,0.002082526470470281,0.006271176215065155,2.522669446017423e-06,0.00037575660949865764,0.0005657148647565376,0.0017717628890664338,0.002961149690120233,0.00010312371591197264,5.209067061434014e-05,3.006284211289049e-05,0.0025307183346697263
57,0.0003823233989621441,1.0203386522423252e-05,0.5833905511237826,0.00039998674467821185,0.00800369367707666,0.10388738559745057,0.0005909311412568589,0.0008471129612058246,0.12317223829737119,0.00014307570068698244,0.11612258708426844,0.046553739696544395,9.650400294963534e-07,0.00029897132378531907,0.001876865064232063,0.006222928799872798,2.7929438839480594e-06,0.00027906082014827473,0.0006548164656841189,0.0015230722031874038,0.003114048763213007,0.00011350241202145734,3.4552668900627335e-05,2.369344829773965e-05,0.002350901236937337
58,0.00048740701830829924,1.3993664971198808e-05,0.548620773330781,0.0004989665338863618,0.007428915619053354,0.12017691773383454,0.0008972930480110548,0.0008256188591597705,0.10859463823845379,0.00014884415486968378,0.15613731915388504,0.03871540233282323,1.1638380052238527e-06,0.00032429699223128646,0.0021624035761461987,0.006283805819307005,2.970251895111044e-06,0.00040647693942107046,0.000545867943408849,0.001694106042059227,0.003205499486085791,0.00011161091164028756,5.711711661633235e-05,3.599905630683024e-05,0.0026225923388394122
59,0.00019034077532287345,7.873318295197547e-06,0.07186951743005125,0.00034883050769074584,0.006167822362712344,0.5230821170324775,0.0003571877449576139,0.00032567942297024644,0.15236876035396218,0.0001166026335099953,0.20514059332241089,0.02126836005928955,2.7282349153734144e-07,0.00044055759193589256,0.0032128449936465095,0.006262900495193291,5.059731022902003e-07,0.00018279002501750142,0.0020718163583897317,0.0007801225173922415,0.0038092760377533255,0.00011694869407427576,4.128691529500525e-05,1.5120914468297065e-06,0.00183548051961114
60,0.00046054995185073504,1.3056546709740442e-05,0.5246058387503877,0.0004948398291860285,0.007302008807023551,0.13545910978161707,0.0008653851725897147,0.0007654508501016392,0.11489090626736755,0.00014448877766630433,0.15913261116739108,0.03803856105360737,1.076588337247996e-06,0.0003397254859757041,0.00216619787655584,0.006666403129255009,2.4658609617142577e-06,0.0003776319693466751,0.0005789987683610479,0.0017464512303693289,0.0031331198638348836,0.00010563279925427283,5.4389937553979036e-05,2.8869119961855693e-05,0.0026262304147339184
61,0.0005042784481624231,1.4458608271575727e-05,0.4254615075867757,0.0005695675017027508,0.007569037441401028,0.1904563972368975,0.000975865012663328,0.0008346425139934233,0.13198417615633115,0.0001779074913889198,0.18214120659927474,0.03767081921475759,1.0194980110728578e-06,0.0003881695412193874,0.0026813919458024784,0.008356303814510899,2.3626168490973055e-06,0.0004326359820505584,0.0007812298077290467,0.0018946907627166896,0.003832832097983581,0.00012669391713904176,6.900519206363375e-05,2.471065122342974e-05,0.0030490903610811155
62,0.00046054995185073504,1.3056546709740442e-05,0.5246058387503877,0.0004948398291860285,0.007302008807023551,0.13545910978161707,0.0008653851725897147,0.0007654508501016392,0.11489090626736755,0.00014448877766630433,0.15913261116739108,0.03803856105360737,1.076588337247996e-06,0.0003397254859757041,0.00216619787655584,0.006666403129255009,2.4658609617142577e-06,0.0003776319693466751,0.0005789987683610479,0.0017464512303693289,0.0031331198638348836,0.00010563279925427283,5.4389937553979036e-05,2.8869119961855693e-05,0.0026262304147339184
63,0.0004845875720631271,1.4915195993108621e-05,0.5209945422772275,0.0004901562346488428,0.007041516976193037,0.13404576516625197,0.0009029522448011212,0.000763166287751917,0.11968954672204887,0.00014960484016203054,0.1610935900076845,0.03645451669982097,1.1526837955370091e-06,0.00033741551135220215,0.0022738911812630025,0.006469961895728039,2.583944501819483e-06,0.0003949860808759167,0.0005868243816212903,0.0017859123325798434,0.0030799121587072784,0.00011258977933864821,5.4426888401688644e-05,3.0992685891378433e-05,0.002744490251296352
64,0.00047218578755755955,1.3716916471631334e-05,0.5021079793071551,0.0005501620823638142,0.008175517765418583,0.14095345834634115,0.0008397490256611545,0.0008736280202401723,0.11138471687295538,0.0001652699786849063,0.172119323755999,0.04178920922226491,9.547011542700814e-07,0.0003475758685934886,0.002439534556309225,0.007362477579749208,2.9369363542901703e-06,0.0004185517114664147,0.000665214511455839,0.0016404080795275797,0.0045149986178488226,0.00011501568542477507,6.220536835344569e-05,3.0797799774832823e-05,0.002954411502874435
65,0.0005105880962665313,1.5707495794507375e-05,0.5598939362412466,0.00040015256056000827,0.004939100425205797,0.07930322808845357,0.0010767643934321794,0.0009567200134191209,0.1718141540462501,0.00012608194677049368,0.14166438481502264,0.024277897617229434,1.1555754984976385e-06,0.00021754085283439247,0.002579585772840015,0.00467240414378094,2.686744975730148e-06,0.0002693483424049255,0.0006023254397289304,0.0016738149454559722,0.0021218684246921324,9.974356298536641e-05,3.802641955787627e-05,4.090992941152355e-05,0.0027018741061825982
66,0.0005026589251991729,1.469602483865494e-05,0.509152008930041,0.0005137415620174394,0.007722821855153225,0.13691830923666953,0.000868573768166056,0.000745886233537137,0.10226972809295594,0.00013336736928178206,0.1837786652832283,0.03923494891474209,1.0083359218438146e-06,0.00035086801637593484,0.0025543462092119306,0.005990613424185818,2.9993457832072202e-06,0.00044633063904162863,0.0005255582794808364,0.001536360797802657,0.0036238870894580934,0.00011685980795799353,6.834518487142445e-05,3.44000820897373e-05,0.0028930165919887384
67,0.00046049998857018725,1.4602689767509733e-05,0.52201239798609,0.00045309934333096017,0.007344482691456148,0.10795925544764641,0.0008118098280511289,0.000990356687771721,0.1673560838680057,0.00016814300890622468,0.14523073706271458,0.031145469464151417,1.0107891756821196e-06,0.0002643374661868328,0.002211965913708453,0.005182727253975245,2.5931073850628806e-06,0.0003289292935221989,0.0007536017001226862,0.001393564953845144,0.0030947844734732824,0.0001091717162067579,3.5236284054838305e-05,3.170670886329097e-05,0.002643432273018317
68,0.00032069717701433504,1.0022355494664007e-05,0.6150084392542764,0.000357930139291147,0.007749486836033195,0.08283724711346645,0.0006831069106103375,0.0007849231898559661,0.16006927527674306,0.0001268688863624527,0.09344570374443516,0.02537946831186501,9.29082027461098e-07,0.0002967683766689327,0.0018234079655023198,0.004984195857720496,1.6294499324250747e-06,0.00016075663104013585,0.0007003256410938494,0.0011438653708393377,0.0020545947393912226,7.383455293478609e-05,2.3549990353482335e-05,2.2095312424593044e-05,0.0019408778346229087
69,0.0004802142410538453,1.384431718050896e-05,0.41707737725816785,0.00033906022329279194,0.009753787227964194,0.19741356407230884,0.0007225170472741813,0.00058444541382825,0.12070750046583491,0.0001215430688040068,0.19424159033113625,0.04164509342244961,9.149111452725087e-07,0.00042964072662705563,0.0030506751957222722,0.0058795776220329846,2.367845779611793e-06,0.0003603894010397771,0.0007131863408463824,0.001030306838548536,0.003260411597588706,0.00015417948006855297,5.643708511013059e-05,2.0867814125485758e-05,0.0019405080520698758
70,0.00038666422531027266,6.687642744622126e-06,0.685661463927793,0.0003602123895044149,0.006090801211702002,0.11014691866128169,0.0005010437560723181,0.00023465064394445314,0.05854761865759417,6.299032573500745e-05,0.07885418449391807,0.045914109000009126,9.402317157069218e-07,0.0005949308875759677,0.0009752187012944482,0.0056995085487574265,1.1240905420043819e-06,0.00023106489434671228,0.0002652506627217763,0.0012570773932043895,0.0016322333834382888,5.3168090880954424e-05,3.762961998355617e-05,1.2140856240343424e-05,0.0024723677036893005
71,0.0005881530219281903,1.1600080259355965e-05,0.5263185357577941,0.0005966502712203729,0.005618163491790338,0.11831547966179551,0.0012103289148660868,0.0009770148907056065,0.09427302556836428,0.00012813439525791675,0.18651135891619283,0.044792626138339724,1.1832884727748658e-06,0.0003266715183605572,0.0020686238413715713,0.00835297528284977,3.063273315217527e-06,0.0004624377280163964,0.0005847997346770808,0.0026373311637498346,0.003350549144997057,0.00010712908963015152,7.601537223541145e-05,3.4190462966958745e-05,0.0026539589908429074
72,0.0006871878421920754,2.204443113208926e-05,0.38243248591068896,0.00092843402296342,0.007272205872262234,0.11998839742811966,0.0018071193137618677,0.002445221569948744,0.08994645905679809,0.0002747276769571004,0.3228307815233519,0.04569390297416686,1.7647973769154756e-06,0.000248305439357977,0.002395953981143877,0.008110985310660648,7.952523265164992e-06,0.0011513901674492055,0.0009442840053842329,0.0034355141478806415,0.006744184468937032,0.00020361291195234276,0.00011573110664148483,8.218117742364304e-05,0.0022291723401838535
