,0,1,2,3,4,5,6,7,8,9,10,11,12,13,14,15,16,17,18,19,20,21,22,23,24
0,0.046510535307970946,1.6834781183051285e-05,0.2849537923446384,5.6021394266774486e-05,0.004955777121946045,7.867319813637597e-05,0.00045373897945057454,4.7945662248461945e-06,0.006401499631847102,5.894690118808304e-05,0.0014790762631607167,9.092266874769665e-05,0.00035189005775347593,0.0005283570769956193,9.200490270136715e-07,0.000337574839580809,0.0027082724233939803,0.003407782754320652,3.568307934855276e-05,1.2440829629205117e-05,0.039399168194554406,9.768057447989155e-07,0.022845689093811287,0.5835234429432677,0.001787188693811655
1,0.03050148711223985,1.1908131751928639e-05,0.27205564600089316,4.346247221405428e-05,0.00354410493423423,0.00012538227974637385,0.00041814071632561634,4.437510755899322e-06,0.013642112496096318,0.00011137327294863931,0.0010592706632022544,5.4635724708394276e-05,0.00032094441854818877,0.00068055778789485,1.1134349867909978e-06,0.00033889664477714036,0.0011688233866783242,0.003775992089307478,4.561269561455686e-05,1.7335054848987774e-05,0.03560123166044261,9.9955091762042e-07,0.02437896649919171,0.6100388149229837,0.002058750538691126
2,0.03280417707153896,1.5248027755228163e-05,0.2614470598894316,4.710910753262028e-05,0.005321729364976238,0.00013753732286888516,0.00045295537211173287,5.578935331394336e-06,0.015527742465292833,0.00011051755549586137,0.0015608166745888362,7.808056415263297e-05,0.00030227610511442734,0.0009650012938164194,1.7313617431776163e-06,0.00033334120952488054,0.0014694232615917006,0.0033782391354050963,4.248997475389178e-05,1.9963664526078426e-05,0.036351030240497774,1.3877572494350746e-06,0.026046401886402882,0.6105460962585563,0.0030340654997411684
3,0.043597926806506676,1.5743627626790178e-05,0.2625132125201055,5.159964597345218e-05,0.004654361145015766,0.00013970577112510252,0.0004989676005990963,5.536664808493476e-06,0.012413900293162245,9.42497272191502e-05,0.0016479971423773404,7.601447803433071e-05,0.0003664572891172932,0.0007028145722185999,1.347506725824495e-06,0.0003281691883358813,0.001776591838987159,0.003954583279083177,4.9403269821532536e-05,1.5967458738258017e-05,0.04059987968992106,1.4211546276354478e-06,0.026769624958759494,0.5974678816841154,0.00225664268699472
4,0.042052224574106345,1.565123129297965e-05,0.2645269432173864,4.9762542626312246e-05,0.004537649347760893,0.00011556966230133617,0.0004961266208303565,5.325355116609515e-06,0.011796458839560441,8.860207241799891e-05,0.001569950985506088,7.455359982992034e-05,0.00041712943475824766,0.000738062878983258,1.165898396620631e-06,0.0002974559776595851,0.0016361809122630287,0.003939617732314877,4.710807253256114e-05,1.6721077975754337e-05,0.04274813128057589,1.4295546578088085e-06,0.023693010760298897,0.599086903328018,0.0020482650428297828
5,0.03820850154721729,1.2819477803264307e-05,0.25695698714731535,5.792483783331941e-05,0.004669376634259938,0.00012570450678010364,0.0004157956601783494,4.8435417086985264e-06,0.010888083055684563,9.773315663344538e-05,0.001347923707025349,5.5344680971049126e-05,0.0003419921700415298,0.000654518548514142,9.819340887795217e-07,0.00028225391393422,0.0015546508876948515,0.005041756876272753,4.536031473328827e-05,1.7061646045268387e-05,0.0410911460420354,1.010287872788039e-06,0.030454232313024993,0.606093823704293,0.0015801734080381935
6,0.043597926806506676,1.5743627626790178e-05,0.2625132125201055,5.159964597345218e-05,0.004654361145015766,0.00013970577112510252,0.0004989676005990963,5.536664808493476e-06,0.012413900293162245,9.42497272191502e-05,0.0016479971423773404,7.601447803433071e-05,0.0003664572891172932,0.0007028145722185999,1.347506725824495e-06,0.0003281691883358813,0.001776591838987159,0.003954583279083177,4.9403269821532536e-05,1.5967458738258017e-05,0.04059987968992106,1.4211546276354478e-06,0.026769624958759494,0.5974678816841154,0.00225664268699472
7,0.0404730231013344,1.5502739362923416e-05,0.2548686074043653,5.122976986990367e-05,0.00470380226060719,0.00014021472411672835,0.00048645876022797193,5.339876720070248e-06,0.012587008771076312,9.484795675874384e-05,0.0015760340924407085,7.486198626540278e-05,0.0003405997983658023,0.0007127045968382063,1.350351564595416e-06,0.0003304421731595713,0.0017709038621487214,0.0038426462588279503,4.83936408233154e-05,1.5907484971474402e-05,0.03994524202975674,1.3564946017998914e-06,0.027774061177900124,0.6078175711016445,0.002321889586251661
8,0.03798321735220465,1.3515575484737577e-05,0.26612298712045523,4.732204443109669e-05,0.003990643536764069,0.00011486875862756823,0.0003444736786283006,4.3005905880904954e-06,0.010795633985079295,9.240278972701435e-05,0.00122807426068475,6.341673690349255e-05,0.00029794903877199564,0.0006434734830026116,1.1181288493565385e-06,0.00030342776316265345,0.0016126448298081793,0.0031878898032477662,3.449027191139839e-05,1.4930688155007708e-05,0.0306090751832848,1.0684148957082251e-06,0.02568287941320711,0.6146996539882115,0.002110542563913813
9,0.038266637666501166,1.4922899570782314e-05,0.2639997296850727,4.916474348356693e-05,0.004237607255611227,0.00012602462252746678,0.0004214289816558681,4.971408506839733e-06,0.011801918737550262,9.7820498388572e-05,0.0013959364892308758,6.826806912119374e-05,0.0003325437451425624,0.0006983790751531459,1.2320585974252237e-06,0.0003244671439082072,0.0016595392897325238,0.003624749615624983,4.346725924297768e-05,1.6006660707759383e-05,0.036652547814746105,1.2318890268695395e-06,0.026089611552923424,0.6078619814848932,0.002209811353080381
10,0.043597926806506676,1.5743627626790178e-05,0.2625132125201055,5.159964597345218e-05,0.004654361145015766,0.00013970577112510252,0.0004989676005990963,5.536664808493476e-06,0.012413900293162245,9.42497272191502e-05,0.0016479971423773404,7.601447803433071e-05,0.0003664572891172932,0.0007028145722185999,1.347506725824495e-06,0.0003281691883358813,0.001776591838987159,0.003954583279083177,4.9403269821532536e-05,1.5967458738258017e-05,0.04059987968992106,1.4211546276354478e-06,0.026769624958759494,0.5974678816841154,0.00225664268699472
11,0.044055459033195306,1.5378682385474577e-05,0.25989690520129227,5.0468049212914375e-05,0.004436351946274265,0.00012304815009529435,0.0004954279027135805,5.275960076740467e-06,0.011608428686186266,8.68265024823426e-05,0.0015790855219106387,7.63125912689076e-05,0.0004068611692960082,0.0006689094821649372,1.240934169756403e-06,0.00031626059436121824,0.0016858445226136947,0.003839662631715123,4.7367595524578485e-05,1.6241839238237616e-05,0.039523024679002164,1.4277921962038372e-06,0.023989433960065608,0.6049965813774608,0.0020781751950977407
12,0.030904083353100496,9.86717305235176e-06,0.24382508387736185,3.667441186259241e-05,0.00706915850011579,0.00012625200460454096,0.00036014361085196406,3.5387738582148505e-06,0.01140534403250637,7.40057319767842e-05,0.0014368316684628796,5.874487445709474e-05,0.00023312096464469864,0.0007008319322492613,9.361588349393104e-07,0.0002178773836545734,0.0016050389574235613,0.002950700322830133,2.5369125779928143e-05,1.656075371639794e-05,0.037662253817018126,9.339346922839171e-07,0.029289956131717663,0.6298187247613074,0.002167967743920242
13,0.06366176815195453,2.276083934703901e-05,0.2946706965622773,4.954834624721576e-05,0.00648823237243227,0.00012076172038724644,0.0007052034147124434,1.018691228924281e-05,0.013541186953152975,7.82539124273472e-05,0.0036671833708528164,0.00016853464296257063,0.0005128021375226883,0.0012118222026265453,2.1023353455252442e-06,0.00035025145787896363,0.0023540461352917407,0.004089623731147693,5.5197159162503496e-05,1.8117409920208457e-05,0.05376009713757943,2.877574673050495e-06,0.019770118783899143,0.5309217208117398,0.0037669059241696476
14,0.0308668151996186,4.18092310170942e-05,0.13244412379737572,8.131385679174115e-05,0.016122611960579146,6.140151262421757e-05,0.0005101207451974238,3.398083035172855e-06,0.005404520251864719,6.819855298828355e-05,0.0036040556260849414,3.6211043277878056e-05,0.0006501993099979378,0.0006266891101134168,4.528562745722311e-07,8.866014577588878e-05,0.0024955904284233005,0.008045526312433401,0.00014533181090802948,1.0997618119367294e-05,0.18403046015968783,1.3515630248774933e-06,0.022695273173305077,0.5913437370078712,0.0006211506436102335
15,0.043597926806506676,1.5743627626790178e-05,0.2625132125201055,5.159964597345218e-05,0.004654361145015766,0.00013970577112510252,0.0004989676005990963,5.536664808493476e-06,0.012413900293162245,9.42497272191502e-05,0.0016479971423773404,7.601447803433071e-05,0.0003664572891172932,0.0007028145722185999,1.347506725824495e-06,0.0003281691883358813,0.001776591838987159,0.003954583279083177,4.9403269821532536e-05,1.5967458738258017e-05,0.04059987968992106,1.4211546276354478e-06,0.026769624958759494,0.5974678816841154,0.00225664268699472
16,0.07249353271643186,2.6107302899122525e-05,0.26261996707717233,6.116485409349275e-05,0.005785145048117594,0.00015593593794000732,0.0008097003320572356,1.0624631359436584e-05,0.014798043436540101,9.296381488891222e-05,0.0032633951265575215,0.00017873851533825935,0.0005295551766853894,0.001067989958831414,2.5012938320701375e-06,0.00044673979647898214,0.0025910301028340085,0.004962354389262366,7.925987720743001e-05,1.628284936836661e-05,0.05300256541519678,3.3047507639655624e-06,0.02368359394871789,0.549597511820922,0.003721991826503481
17,0.04441146708426624,1.2517269406116506e-05,0.23207461049491088,3.9379156704153245e-05,0.007045166642071084,8.817077080461434e-05,0.00060583358595142,4.262060306800334e-06,0.010010554429250959,4.591775509459505e-05,0.0018219829898045651,8.756393006600142e-05,0.00041557282572626315,0.0006928983300550517,6.39954189666966e-07,0.00018597102851997279,0.0018431262373053282,0.003566409399872232,3.089314317447977e-05,1.3495586087805035e-05,0.054613482147241266,1.3072828606472808e-06,0.022797536168772673,0.6179500827291314,0.0016411589984258333
18,0.022079119152174496,1.3377635607303685e-05,0.21266056993344296,2.6264569810708933e-05,0.0037379625369139266,0.00010374595693119756,0.00046804480316757035,4.148261140660917e-06,0.010721249258174281,8.150300125658014e-05,0.0011951070585298693,9.14320721886914e-05,0.00023007098216980658,0.0008569440335888571,1.4447097782902708e-06,0.0004797535205113675,0.0020758995257074745,0.002304163109668101,4.418609303778055e-05,1.594875739731546e-05,0.0454895664177013,1.2639595415929304e-06,0.02622524909417091,0.6666758680168325,0.0044171175405564025
19,0.03279146200683457,1.8713394704930393e-05,0.22170732638291316,7.016742321155634e-05,0.005577300710220163,0.0001701359719000824,0.00047214966988381974,4.603025527034274e-06,0.01751965630970369,0.00011131936507634557,0.001268070883252808,8.589738141680052e-05,0.0003293774863733937,0.000747311092794781,1.6131944172514945e-06,0.00030063384724637285,0.0014104524083423937,0.003036520739318066,4.3256081447794913e-05,1.6785534967900083e-05,0.024984899785241287,1.4932791285636016e-06,0.025229401566657705,0.6616458810846535,0.002455571374766039
20,0.055903145521197815,2.4015456577206228e-05,0.2548950837423205,6.221111210900687e-05,0.005196502710045852,0.00018869712193454616,0.0007072442330185629,8.405642039125229e-06,0.017529599611277976,0.00011857280489249796,0.0026320878527285757,0.0001002831065732925,0.0005815313316911107,0.0009672070482654148,2.4032857773313685e-06,0.00034462521324827824,0.0018583313205482168,0.004491169627508018,8.13666702793065e-05,2.0615990578116778e-05,0.04878872806372064,3.130481112522716e-06,0.0242896275040155,0.5783070303841338,0.002898384164406798
21,0.039575495384800354,9.83165327884774e-06,0.3314258070177393,3.265615917506721e-05,0.002705566948593011,3.8559938279568293e-05,0.00028077337676694035,4.164507632878881e-06,0.005223798750654553,5.2388781794843734e-05,0.0009365665480010759,7.59516837748716e-05,0.00036689323053969896,0.0006340103198502818,4.414560392559609e-07,0.00031009196207487574,0.0015402310299030683,0.0036247065909341993,1.9503153645433774e-05,1.4130313991597187e-05,0.03542502952464243,6.789400092652782e-07,0.015376076086891954,0.5609110895271087,0.00141555711387801
22,0.06289318984231089,1.5360639583348104e-05,0.4010708747125724,4.8498671968871967e-05,0.00381900913535389,0.00011741541260727329,0.0003422192038277907,7.1707800744153896e-06,0.005862839281015224,0.00010846823935967212,0.0018080088377653263,5.351592628874605e-05,0.0004034954503321413,0.000642584937997389,7.799075344625609e-07,0.00030348531354078696,0.003131433514013494,0.005778603244584349,4.2132330622152264e-05,1.618988858012954e-05,0.060135050710822,1.288992085689673e-06,0.02873686028540783,0.4233109092327497,0.0013506155090020227
23,0.043597926806506676,1.5743627626790178e-05,0.2625132125201055,5.159964597345218e-05,0.004654361145015766,0.00013970577112510252,0.0004989676005990963,5.536664808493476e-06,0.012413900293162245,9.42497272191502e-05,0.0016479971423773404,7.601447803433071e-05,0.0003664572891172932,0.0007028145722185999,1.347506725824495e-06,0.0003281691883358813,0.001776591838987159,0.003954583279083177,4.9403269821532536e-05,1.5967458738258017e-05,0.04059987968992106,1.4211546276354478e-06,0.026769624958759494,0.5974678816841154,0.00225664268699472
24,0.036299708261949976,2.445111842216708e-05,0.22731799751813897,8.559499270115558e-05,0.004929183874435695,0.0001315988751778749,0.0005053982649188414,5.79463702687752e-06,0.011614799580532542,0.00011825980155348626,0.0015169463467381238,7.347288167245522e-05,0.00037798265735985,0.0007878802705493605,1.5274348147040913e-06,0.00035545076035830973,0.0021782543813194622,0.004938183408814246,7.702169584248843e-05,1.57168051314314e-05,0.045417950446236734,1.4170552955936217e-06,0.03280431830289076,0.6283278315036038,0.00209325912451524
25,0.06490966341429182,1.3721557911894295e-05,0.32326706521643556,5.4683988567502656e-05,0.008702663736160467,0.00011802771750492054,0.000953771244084679,1.3854759164608217e-05,0.00989149886229397,5.898621658309896e-05,0.0038552446909921653,0.00013126933243745175,0.0005326556661233116,0.0009754165764385876,8.736448134926719e-07,0.0002739482851703175,0.002209055927640835,0.008550779088372994,4.6988372765607896e-05,2.1406883421632246e-05,0.08523670002074671,1.6985511720711495e-06,0.025414816187727125,0.46304888040660547,0.0017163296525735323
26,0.15063658931069684,0.000429827682124517,0.1546594150261474,0.00010976240069154887,0.009233149477249219,0.000715668414609493,0.017043642639586083,0.00030641370009907903,0.02613023704231763,0.00018108320174085917,0.08078810795688496,0.0034110877584048196,0.0031402112204841587,0.0036705568747539747,0.00012555458917943362,0.0031857401356875543,0.015590549913246933,0.005450878743432329,0.003804257351428802,2.4395275459451343e-05,0.30728592585551606,0.000251557860544209,0.008499662693906033,0.16383382720933487,0.041491897666473876
27,0.04397746416847291,1.838729120927588e-05,0.20827214267112434,5.8942305376160156e-05,0.005040187619237517,0.00023148094028908975,0.0005539630487152396,6.192528519036647e-06,0.024683304122800204,0.00012339977209577054,0.001774553427684943,9.187941222844325e-05,0.0003830698854915537,0.0007681338216666872,2.461407235550534e-06,0.00034550985429916464,0.0012153529508573048,0.0032897734231894403,6.146004435456293e-05,1.7657385327689112e-05,0.026702426979183194,2.4394952318466817e-06,0.02405954312403408,0.6551851924507559,0.003135081870620118
28,0.043597926806506676,1.5743627626790178e-05,0.2625132125201055,5.159964597345218e-05,0.004654361145015766,0.00013970577112510252,0.0004989676005990963,5.536664808493476e-06,0.012413900293162245,9.42497272191502e-05,0.0016479971423773404,7.601447803433071e-05,0.0003664572891172932,0.0007028145722185999,1.347506725824495e-06,0.0003281691883358813,0.001776591838987159,0.003954583279083177,4.9403269821532536e-05,1.5967458738258017e-05,0.04059987968992106,1.4211546276354478e-06,0.026769624958759494,0.5974678816841154,0.00225664268699472
29,0.043597926806506676,1.5743627626790178e-05,0.2625132125201055,5.159964597345218e-05,0.004654361145015766,0.00013970577112510252,0.0004989676005990963,5.536664808493476e-06,0.012413900293162245,9.42497272191502e-05,0.0016479971423773404,7.601447803433071e-05,0.0003664572891172932,0.0007028145722185999,1.347506725824495e-06,0.0003281691883358813,0.001776591838987159,0.003954583279083177,4.9403269821532536e-05,1.5967458738258017e-05,0.04059987968992106,1.4211546276354478e-06,0.026769624958759494,0.5974678816841154,0.00225664268699472
30,0.043597926806506676,1.5743627626790178e-05,0.2625132125201055,5.159964597345218e-05,0.004654361145015766,0.00013970577112510252,0.0004989676005990963,5.536664808493476e-06,0.012413900293162245,9.42497272191502e-05,0.0016479971423773404,7.601447803433071e-05,0.0003664572891172932,0.0007028145722185999,1.347506725824495e-06,0.0003281691883358813,0.001776591838987159,0.003954583279083177,4.9403269821532536e-05,1.5967458738258017e-05,0.04059987968992106,1.4211546276354478e-06,0.026769624958759494,0.5974678816841154,0.00225664268699472
31,0.050431034756266126,1.608184123528996e-05,0.3315930160497004,4.970418988599914e-05,0.003663055677595429,0.00011972934209305444,0.00043561294165292864,6.901633990818912e-06,0.009589079988152935,0.00010187455175876117,0.0015273161001741068,7.485617943614082e-05,0.0003727884813564429,0.0006997468906169261,1.0841581146403807e-06,0.00037944996951553623,0.0020319233206864368,0.004440556983852874,4.324965958746872e-05,1.577534546002146e-05,0.042110146108275556,1.2988516801703915e-06,0.025318610239300765,0.5249384114697555,0.002038695269855808
32,0.041266825799036344,1.6121244206122826e-05,0.2466833495269318,5.527467486148724e-05,0.004559512002103808,0.0001505903982160732,0.000536564976275183,5.5221637842192665e-06,0.012702493360571453,0.00010071431666554818,0.0016383017369532443,7.185473540591652e-05,0.00037488159130859706,0.000676604025067768,1.5199088737516756e-06,0.00035047041127108156,0.0018016797463810547,0.004224969795743834,6.280581009618103e-05,1.6248350994467765e-05,0.0438814517029041,1.4596702518883425e-06,0.028806401435012962,0.6097568218453473,0.002257560771735702
33,0.051712094172007055,1.8044489467948478e-05,0.2593216410037383,5.6505607986317076e-05,0.004580510328809026,0.00012021596146532318,0.0005766785040593175,6.279322980779662e-06,0.010144730447673498,7.856816805675429e-05,0.0019104925102982958,9.500295397405669e-05,0.0004518466596281246,0.0006678113558755137,1.2138782216922968e-06,0.00034743843457394626,0.0021782260393989174,0.00447907816850279,5.444301385526694e-05,1.5064689883621005e-05,0.04560588621431694,1.6112819876200098e-06,0.02465601815535202,0.5908564051405538,0.0020641934973330777
34,0.011222815380447821,2.768805870509857e-05,0.19964779314670947,4.1329873769108855e-05,0.0041493464198585515,0.0001558526587355786,0.00035817185225180055,4.493149169151851e-06,0.01264139855333882,0.0001482585164081156,0.0009185669861340865,0.00010798641843097805,0.00016266509681734753,0.0012522380638983364,1.341813192567862e-06,0.0005032524694582131,0.0025548431992559427,0.0017563939431820925,3.202066305519145e-05,1.9853964927291364e-05,0.029848939138088053,1.2216554661740535e-06,0.032581218871732015,0.6965148136079607,0.005347496499007383
35,0.14115215057730554,1.6203569578751528e-05,0.2518524571687259,6.721674786135191e-05,0.0025600462800124055,0.00024479119763982167,0.0005815704991995891,1.4119370266644525e-05,0.015114000793611996,0.00012186064162843948,0.0023612590788401368,0.00012949894020486432,0.0006033649141639174,0.0005051391381262198,1.1960306440086883e-06,0.000579935588727657,0.0018912355307278074,0.01128420256897533,8.820787411970898e-05,1.2435688746473647e-05,0.032414728215500004,3.4509542381339467e-06,0.024095247423867056,0.5126612216505414,0.0016444595567467995
36,0.07424014146312065,3.1034090940821125e-05,0.3590308176545454,7.872785392785015e-05,0.002232497922436693,0.00020744193938711906,0.0006436466202333833,1.489323220487084e-05,0.017586864338486597,0.00019674081299370495,0.0015561942759383417,0.0001534274512898131,0.0005554813587781119,0.0011300651336431124,2.1930325028936684e-06,0.0007912009835719586,0.0026878376510536595,0.006375095845533235,8.212979333612222e-05,1.875763693387596e-05,0.033860262506426764,3.6419317067073287e-06,0.02563492093440769,0.4696660862426709,0.003219899293929585
37,0.04126179293552381,1.084708226542709e-05,0.2564797318521218,3.93621614540212e-05,0.004252656074747475,8.785457289040908e-05,0.0004130490364588757,3.721979092191388e-06,0.009627880430085625,6.555749391925552e-05,0.0012220737549890582,6.187791135089165e-05,0.0003675805145726448,0.0005471165075675866,7.521574910208144e-07,0.00025087852780453516,0.0013873865046193905,0.00348426648858265,3.243911174795114e-05,1.3896192184580345e-05,0.03662011930116204,9.716761641854442e-07,0.021118331689463605,0.6210707086313332,0.0015791474124075748
38,0.05750361447689606,1.1926625514033849e-05,0.27699091803392556,6.132297637416623e-05,0.0025683781627748683,0.0002497696397489555,0.0008073464776667862,6.248611548767853e-06,0.010530546886058268,0.00010989890365490587,0.0013944059423573092,6.116322592276256e-05,0.0005248804124091252,0.0004109890552765123,1.7781300911396806e-06,0.0005823103227547135,0.0019797766194899064,0.006784289635738369,9.877117649114923e-05,1.9246376059432812e-05,0.049919718927996105,1.468192085612266e-06,0.038016369426829004,0.5496610961683979,0.0017037655939386284
39,0.009702337204921696,1.86505451986714e-05,0.08459074283527768,9.605857463754232e-05,0.009062051553062235,3.688895041159871e-05,8.76736274314861e-05,3.123181021967791e-07,0.025936924305590626,9.93683541221014e-05,0.00044557416919973236,1.1106469936590533e-05,0.0001719639373880879,0.0009242057288161884,1.4865395589238908e-06,3.757650492398296e-05,0.00032045648070183543,0.0012929977214986264,2.540080005201605e-05,9.836938518778267e-06,0.00891186857866126,3.5035071203915267e-07,0.022188064457851535,0.8348544321682193,0.001173670885205461
40,0.04418999644938183,1.5876290470183454e-05,0.26488596818983823,5.1422753425937493e-05,0.0046753119891935644,0.00014003556576053534,0.0004999339542834516,5.583224789005101e-06,0.012443050356173994,9.416613455615642e-05,0.0016671138055388177,7.720036156492624e-05,0.00036906760485662203,0.0007090356286942412,1.357199249005788e-06,0.0003280024936157352,0.0017891090177182935,0.003924778317302331,4.89369478567313e-05,1.598999737996834e-05,0.040521197443424604,1.445164618969955e-06,0.02653261170182218,0.5947324202660084,0.0022803891424763296
41,0.049734598193711205,1.41412311258027e-05,0.24332449774379808,9.096747317170429e-05,0.008046324011903305,0.00027680602464132695,0.00043229059518458244,5.093387928149714e-06,0.024358542537750032,0.00012014230437090277,0.001763334590152126,7.417916212917254e-05,0.00025463047962155313,0.0005930112887772557,2.973232072276589e-06,0.0002691797896709152,0.0011679694688731736,0.0032395396609607215,4.422978957172283e-05,1.5174265946127725e-05,0.017917677362489694,1.345916459249973e-06,0.030542395731582045,0.6151715551668313,0.0025394005912775124
42,0.06026751752535572,2.492030603843182e-05,0.26231801516526804,5.973908241980278e-05,0.004228946311028302,0.00021482974231648073,0.0006616221036399913,8.428912143288779e-06,0.015864371812294217,0.00012233937174045066,0.002292709035987851,0.00010826717693135379,0.0005341629616595074,0.0007251061978822894,2.2294359944162334e-06,0.00044652365200452973,0.0022628138940363474,0.004041523749110081,8.521207613546562e-05,1.6891394720715814e-05,0.04191770786100619,3.283580538799639e-06,0.02265446757102725,0.5782146129488822,0.0029237581318384623
43,0.03719672524374716,1.3164711025954194e-05,0.27201654943419035,5.462985164524622e-05,0.004475988831270386,0.000334068183044368,0.0005112376304189894,7.085069673693113e-06,0.01886189691737012,0.00019246363530239812,0.0015615809723509768,4.3900730502861316e-05,0.00032879188468069257,0.0007010340531799556,1.8627354209742149e-06,0.00035812865592990727,0.0013879843616463143,0.005331940524698886,7.810431663899574e-05,2.2257743440772174e-05,0.0500109382124915,1.6699682062676687e-06,0.03852303469215338,0.5658639170394941,0.0021210446014757914
44,0.043597926806506676,1.5743627626790178e-05,0.2625132125201055,5.159964597345218e-05,0.004654361145015766,0.00013970577112510252,0.0004989676005990963,5.536664808493476e-06,0.012413900293162245,9.42497272191502e-05,0.0016479971423773404,7.601447803433071e-05,0.0003664572891172932,0.0007028145722185999,1.347506725824495e-06,0.0003281691883358813,0.001776591838987159,0.003954583279083177,4.9403269821532536e-05,1.5967458738258017e-05,0.04059987968992106,1.4211546276354478e-06,0.026769624958759494,0.5974678816841154,0.00225664268699472
45,0.04918370653500155,1.4469367455959788e-05,0.18312945868157296,0.00010292420106891403,0.007428377242334445,0.00033490747036920323,0.001264706390391769,6.9535192522696415e-06,0.029949440198805233,8.88693807043613e-05,0.0022571083364001715,0.00010818806402280477,0.000485228665361675,0.0005382639160454318,4.45317707274894e-06,0.0003823074276581258,0.001037874692885318,0.004528103359994665,9.848158386337381e-05,2.1377321617011264e-05,0.02599836708241878,2.1085269315790882e-06,0.029157525884386255,0.6612236092526406,0.0026531897217446808
46,0.11700761065528213,3.680978192593216e-05,0.2955598513881523,7.917199591684882e-05,0.004380241403309672,0.00013659292750779065,0.0005166124220376513,8.920167997854712e-06,0.004655422270757247,6.259716232382385e-05,0.0031224003781195786,0.00022413975690486289,0.0005059887347777144,0.0005120697264046746,1.8148494687402753e-06,0.00052265431184063,0.009251702510340229,0.0032459677716443805,5.215535571431289e-05,1.002234464166793e-05,0.037455923812252635,3.3663958466421184e-06,0.02604739173930388,0.49375231038800105,0.0028482617495275814
47,0.0963841545199913,3.712647008275916e-05,0.24312902262958247,4.326319321882194e-05,0.0029757216147163795,0.00012736728493028233,0.0006348413602110603,8.447985743578049e-06,0.01228795393164145,8.202872466332161e-05,0.002246926451225931,0.00022541439983361176,0.0007225627572932735,0.0005879463098667636,1.8199702767495762e-06,0.0005795012486231175,0.0026321925904353297,0.00255454060739729,5.682456584686587e-05,1.187904865767883e-05,0.025519084597399738,4.884484220330678e-06,0.01179581735652576,0.5937613221067188,0.0035893557908973765
48,0.06979125272879148,6.68286190147907e-05,0.28381536190076223,0.00011826846287369072,0.0036574472422283236,0.00020375591517065444,0.0006517659809294629,1.1252557867670477e-05,0.007957944767949825,0.00017795951976006568,0.0020051374487183886,0.0001228059805953923,0.0005013074782415805,0.0007570962448756779,2.1257278689478003e-06,0.0006922019108670221,0.007956170706641027,0.005537965648585912,0.000134919684117251,1.2978553133276751e-05,0.05870923630439051,3.2699869175934676e-06,0.0435347735233283,0.5108897475751624,0.0026884255312086378
49,0.04023714229641913,1.633919083445597e-05,0.22690085681267952,5.555352523032275e-05,0.004728919269838772,0.00012690296842132908,0.0005387029225149916,5.010805174072053e-06,0.012446756103541252,9.201733521728545e-05,0.001634390196418379,6.796665157839112e-05,0.0003614694563109077,0.000676060007906932,1.5750435026078853e-06,0.00033331180531596645,0.0017786297139364502,0.004165250885765536,6.822774002117099e-05,1.4615391228330929e-05,0.0456232896753613,1.3627350372631465e-06,0.0287306106057936,0.6291087826285048,0.0022862562334472814
50,0.042521973741672374,2.1198439911764334e-05,0.27123139937352714,5.263413335495324e-05,0.004781233467556293,0.00017121952984096745,0.0008564876656793362,7.908188541180799e-06,0.0186699582705872,0.00013324537918147156,0.0018522342710472679,8.842559661708445e-05,0.0005165807983397271,0.0009951501792501293,1.690288972730893e-06,0.00034908857076604044,0.001575666879888001,0.0046057108823737355,8.776582857072654e-05,1.8055497291033885e-05,0.05938583988668527,2.307837553093576e-06,0.02506155612346607,0.5642360491817388,0.002776619987587681
51,0.08542119350459473,0.0002583093955829897,0.34579254706049667,0.00027636030692820634,0.005907839638955287,0.00014118507756282123,0.0005945435996532793,3.046192670069314e-05,0.01902590906298077,0.0003505050434586743,0.004048749005520915,0.00033213822478321385,0.0009548521239752752,0.0032123923204049397,4.683490919282913e-06,0.00059815737664991,0.004265642267653066,0.0069134832576602774,0.00015488399198687432,2.0214639996908774e-05,0.04173759673408646,8.792859708418858e-06,0.019409279929930037,0.45564615023036553,0.004894128929444802
52,0.03593088000219711,1.9210278303055552e-05,0.25812009021890586,3.868273971161878e-05,0.006508701633803173,9.694361486739136e-05,0.0006267778812680171,4.519912033568358e-06,0.010456891582931319,5.341377393019072e-05,0.0018366241584647403,0.00011669166463430684,0.0003247953574305359,0.0008127218212501377,1.0694613946909536e-06,0.0002617360680116537,0.0023622541902208537,0.002125943362324649,3.196461705186765e-05,1.2178229091697318e-05,0.048287522953604715,1.3571143023389473e-06,0.022753811957570765,0.6060965880307075,0.0031186293759880427
53,0.04031222168221408,1.2033008207774607e-05,0.2160976550399153,4.5311148536540876e-05,0.005403818732063293,0.0002046715548762453,0.001297094818375034,6.6869916411131485e-06,0.01874625886272814,5.9009501090670195e-05,0.002008438388187945,0.00014522056555607506,0.00036793822895440936,0.0007114533045794159,1.92372139211061e-06,0.00042822768405469206,0.0015790432030764467,0.003694155609673038,5.247332577557782e-05,1.7753891371304534e-05,0.041941725010588946,1.4968732258247731e-06,0.03288690094422711,0.6305022141423209,0.003476273767368071
54,0.022391440690090768,2.4779892612044897e-05,0.2358222881537483,3.2256586407402336e-05,0.0032465044721746916,9.733372905550397e-05,0.00039459126592558967,4.571967997386419e-06,0.01794561640997092,0.00011748214016141914,0.0009663038579745049,0.00014684123164759557,0.00025027748381691175,0.001124461383814627,2.334618926428575e-06,0.0005950742777396896,0.0014084080867265976,0.0013785937305062232,3.318189221511023e-05,1.652318186736868e-05,0.018977232302893603,1.6654577192641847e-06,0.015366802070675839,0.6726868420596843,0.006968593055648
55,0.0408987882449984,1.3797332176637762e-05,0.23637996499511657,4.945183616306813e-05,0.004844801778809764,0.00012986438222959781,0.0005376654486628454,4.984408665122949e-06,0.013073169438824226,7.714238723327897e-05,0.001567575631606052,8.542261875236304e-05,0.0003533366293951409,0.0006485800971649887,1.2398077465184235e-06,0.00031430230834803377,0.001526929604819794,0.003662387970790769,4.4556650827830165e-05,1.4842817204736037e-05,0.036136089966518084,1.2843218492354187e-06,0.024873030645040036,0.6325204009037823,0.002240389773274609
56,0.04442440299347665,1.5903312824403713e-05,0.26099202209765443,5.14526589918117e-05,0.004550142245693478,0.00013524171847234607,0.0005099048601773586,5.556683226539022e-06,0.0122497980282991,9.206789144596987e-05,0.001641997824315363,7.762003135885147e-05,0.0003910759035831172,0.0006971984923011362,1.3116132713146624e-06,0.00032461085142263836,0.0017517221422494705,0.003954023327895817,4.9662315609399685e-05,1.614667872160575e-05,0.040798440469002224,1.4753769620653428e-06,0.025729339294590606,0.5993460340398314,0.0021928491486228273
57,0.06799342563500597,3.667795097893631e-06,0.2588467762795951,7.451199950383939e-05,0.00879548919520264,0.0004956720304513234,0.0002767429570705231,4.54984346372063e-06,0.020502035341429907,7.902645868340816e-05,0.001744321120179684,4.1924808019280385e-05,0.00011874787990078673,0.00048595424337115816,1.511151181336242e-06,0.00015810610758127552,0.0010706648875847165,0.005143399243865767,9.407069284074827e-06,2.01246073368543e-05,0.01105179441838849,5.567950320861742e-07,0.08576018947871038,0.5358361832679058,0.0014852173861538553
58,0.03103209342888364,1.204402760414127e-05,0.21014264518513595,4.370478574463307e-05,0.004376459450824971,0.00010987625582460261,0.0004206819143242994,3.5904327633662066e-06,0.011432151335969495,7.600371390448041e-05,0.0012102489389702205,5.9369099039942724e-05,0.0003250004855440855,0.0005579906123893063,1.053484004927875e-06,0.0002753204727988614,0.0013038391305141579,0.003142217669026327,4.128635505181768e-05,1.52857083156644e-05,0.03438395093512173,1.023452215661437e-06,0.023965114422088988,0.6751865386698855,0.0018825100340531494
59,0.211026104172742,4.7033989582771746e-05,0.30301046248846136,0.00014436576341123942,0.006462795658313981,0.0004969967472254837,0.001833893577191763,3.284361458986234e-05,0.02211365361518061,0.0001307311353514374,0.008426884626322207,0.0002940189195550444,0.000739393289997972,0.0011195890191683852,6.855819227953819e-06,0.0005590129798011927,0.004746078042359253,0.010071465875521846,0.0002083345553890603,1.3003425492791814e-05,0.062430505324760646,8.40884007430862e-06,0.039416035156396856,0.3224083750395789,0.004253158324303195
60,0.043597926806506676,1.5743627626790178e-05,0.2625132125201055,5.159964597345218e-05,0.004654361145015766,0.00013970577112510252,0.0004989676005990963,5.536664808493476e-06,0.012413900293162245,9.42497272191502e-05,0.0016479971423773404,7.601447803433071e-05,0.0003664572891172932,0.0007028145722185999,1.347506725824495e-06,0.0003281691883358813,0.001776591838987159,0.003954583279083177,4.9403269821532536e-05,1.5967458738258017e-05,0.04059987968992106,1.4211546276354478e-06,0.026769624958759494,0.5974678816841154,0.00225664268699472
61,0.05708919226564261,2.151412070302649e-05,0.27256470429669194,6.599163839985826e-05,0.00508766413237422,0.00018205671791622565,0.0006647798276885156,7.870116292783118e-06,0.013940902623312282,0.0001054726795216586,0.0022831724741687294,0.0001038699781604511,0.0004315058435514677,0.0008111207098138649,1.9977257375927812e-06,0.0003989792869788806,0.002363676370971626,0.004753669404687546,6.964831686767383e-05,1.646204851797476e-05,0.04602634905473624,2.084023235635511e-06,0.030394806736199324,0.5598444145946594,0.0027680950131705835
62,0.043597926806506676,1.5743627626790178e-05,0.2625132125201055,5.159964597345218e-05,0.004654361145015766,0.00013970577112510252,0.0004989676005990963,5.536664808493476e-06,0.012413900293162245,9.42497272191502e-05,0.0016479971423773404,7.601447803433071e-05,0.0003664572891172932,0.0007028145722185999,1.347506725824495e-06,0.0003281691883358813,0.001776591838987159,0.003954583279083177,4.9403269821532536e-05,1.5967458738258017e-05,0.04059987968992106,1.4211546276354478e-06,0.026769624958759494,0.5974678816841154,0.00225664268699472
63,0.043719745347763926,1.9820019354947315e-05,0.2569203749619305,5.567261460700319e-05,0.004555356916414226,0.00013941563953528673,0.000492257787581679,5.955366742887341e-06,0.012483504474897348,0.00010526463324607167,0.0016818281629423562,8.170995641868598e-05,0.0003847859418570396,0.0007518560305274019,1.4690871921777466e-06,0.00035605681464885445,0.0019648540421734946,0.003912854404843933,5.542008492715166e-05,1.6037064153717622e-05,0.04082874491932376,1.6337659531958944e-06,0.026377841207118925,0.6026621549554267,0.002425385800418591
64,0.03849886685911113,1.4619900207804267e-05,0.27391823250011965,4.4229855422990004e-05,0.004638876611997719,0.00011195554853079489,0.0004986029770710172,5.247713765998915e-06,0.010237878808221978,8.884968944822524e-05,0.0015823618104034785,6.371803375980169e-05,0.00037196231125353595,0.0007474023950276633,1.0313637540787703e-06,0.00030012795142019325,0.001854987913212554,0.004329747006892873,5.098625381066511e-05,1.6157975395907386e-05,0.05713077724209435,1.2307842042106918e-06,0.027073597666455777,0.5764261119345737,0.0019924388938439034
65,0.04513642702072898,1.5496628083311206e-05,0.25887910170849426,5.407788905687181e-05,0.004784207618259692,0.0001486598787707126,0.0005274765775441988,5.675638571326458e-06,0.012300532465893615,9.272696626759765e-05,0.0017248611554193248,7.685375533939425e-05,0.00036756459378894685,0.0006752584563142599,1.4084120936972098e-06,0.0003350796148671832,0.0018516039170359193,0.004170958734860397,5.281884123208534e-05,1.5851604624921183e-05,0.04181894672759856,1.42685094271028e-06,0.028329752890089665,0.5964031246729,0.002230107381222316
66,0.07470744224299544,9.567148081976428e-06,0.5531934593776162,3.028968845649357e-05,0.003028211788389593,5.1058758069622054e-05,0.00042917792384961333,7.173489588353357e-06,0.006777040238921653,6.013348214734546e-05,0.0017639942423906163,6.777209143012419e-05,0.0008925663528939178,0.0008840948318948349,3.7666991767519814e-07,0.00015605382493962975,0.0008584550859020532,0.0054931332091661235,1.646247192425278e-05,2.0761031929413056e-05,0.04489930377631197,1.248342166678745e-06,0.008197836616519414,0.2975376825156277,0.0009167047988692466
67,0.0336647536187856,9.845528655978272e-06,0.3293952567142838,4.3519920385355936e-05,0.0034594208594748276,9.852115245090978e-05,0.000323703725077403,4.2820873887716034e-06,0.007035758523911928,9.44268897628909e-05,0.0010739777470514973,3.966148196226005e-05,0.00029140746253291386,0.0006477212031072034,6.933651062317553e-07,0.0002757388843808649,0.0018236869507230367,0.00476246297531366,3.3545867325187356e-05,1.738237894475689e-05,0.05049971833070395,6.750733558950486e-07,0.0342473758233792,0.5307592285442121,0.0013972348917236225
68,0.08428707631781385,2.9211127951819633e-05,0.2646958262121834,7.157159652069112e-05,0.004809021880410188,0.00018690785777650991,0.0007441339443755136,1.1085729484998747e-05,0.010683191513249687,0.00011109209308669382,0.0031925456155176483,0.000101816980348014,0.0005788018906761773,0.0006582727091368571,2.210808817416086e-06,0.0004958530438042996,0.0034609002262714246,0.006631501050113391,0.00012793923173170905,1.4938239503793361e-05,0.06909131163082897,3.138704015982175e-06,0.028806327631633707,0.5188359665763492,0.002369357388397975
69,0.05785823156364722,2.2054747805953373e-05,0.2159016401596775,6.4396925937818e-05,0.005691784866664384,0.00017230374303722025,0.0005874888336936318,5.620328415200948e-06,0.014295413384262962,8.387187494646509e-05,0.002264328986621079,0.00010306939180008925,0.0004157706693080055,0.000600858755317209,2.0629344310247027e-06,0.0003411511225446277,0.002182494590063774,0.0034401781272857743,6.360237440334358e-05,1.344087225584476e-05,0.0334151643324185,2.1569187596234463e-06,0.025360777911420256,0.6344494028713566,0.002662733713925994
70,0.04707500441658338,1.8050108339226145e-05,0.25348183184901496,4.3442552096486816e-05,0.0033692221614551087,0.0001354146243786518,0.0004774767266384456,6.460593041599867e-06,0.01011843284783499,0.00010824770323901088,0.001703724313685822,7.926339338278742e-05,0.000406103756474211,0.0006482731930267663,1.3301455449728974e-06,0.00047142645339241996,0.002210011200960525,0.004601541518009791,6.738388089008344e-05,1.593216610767314e-05,0.04805857692256845,1.7573203131447308e-06,0.024999457639733155,0.5995114393101076,0.0023901952031805383
71,0.03722836560442963,1.4721483836389427e-05,0.2580186807901636,4.7855160852963295e-05,0.004821472365487914,0.00012732781138573166,0.0004955396797193698,5.160069061097872e-06,0.012845088635267633,9.264958525030322e-05,0.0014820906847701856,7.037472915943657e-05,0.00034551587531456656,0.0007471053715719727,1.1873969179035482e-06,0.0003097225695399841,0.00158880742150993,0.003895450448397551,4.538807140539783e-05,1.664818889274221e-05,0.042152787978707244,1.2499355234918029e-06,0.02647755392000924,0.6069758950889328,0.002193361133893134
72,0.05409106133196207,3.5642839045572375e-05,0.37701672259273383,7.473904920829514e-05,0.003029634109193476,0.0004891754176384207,0.0030540277861995303,1.5945148953804536e-05,0.02270227745925927,0.00018216185563573196,0.0020159589364915098,0.0002066151356693969,0.0011178221890160193,0.0008357482795466292,5.366074974799649e-06,0.0014056609633143957,0.0027624570953962624,0.005393545072937516,0.0001740607133722074,4.011138149135393e-05,0.05671225045065459,4.946436807171542e-06,0.023578608088196923,0.44081593461848434,0.004239526973816974
