,0,1,2,3,4,5,6,7,8,9,10,11,12,13,14,15,16,17,18,19,20,21,22,23,24
0,0.00011463651012268295,0.0005721760596140386,0.8770284931814222,0.0021256693071296006,0.019899267963097284,0.057098805929179576,2.7723658404526858e-05,5.543046423891119e-06,0.0012987846517181355,0.0008253025176838446,0.0018083489673519527,5.048443905864695e-07,8.76821462776548e-06,0.003891021980154288,0.02681404376225914,1.0879419254502543e-05,7.525322913124576e-05,7.349011150878173e-07,0.00045189027620366686,0.00010280659365648701,0.0010891775425188573,0.0018302645095007633,0.00010953092657252743,0.0047745513637132385,3.582064475411548e-05
1,6.751280607775346e-05,0.0004002618983581412,0.8354555984525467,0.002029514750763866,0.013342595683525069,0.09421012947253753,3.2100625999535785e-05,4.695974357048211e-06,0.0003891924480101292,0.0005910756887231375,0.0020035969698142904,9.799472800902784e-07,9.288742462237581e-06,0.006905405499360738,0.03442312272997312,8.213360786398452e-06,7.873145302739228e-05,1.125627467262612e-06,0.00046812570120302306,0.00020847163760748464,0.0029716073486235352,0.0027202827659959954,0.00020760031331021106,0.0034255571716416042,4.5212930547661143e-05
2,0.00013478256508417938,0.000459636756673716,0.8307810825096074,0.0017304508855214267,0.020007247464822013,0.08706253097969292,4.6422216481884336e-05,1.0373170532694535e-05,0.0019433768907761832,0.0015577733052243492,0.0013161316409711714,4.3853767427885647e-07,8.219540974287504e-06,0.004071835054531249,0.03899904618688467,1.755010790022409e-05,6.461159791585873e-05,8.480834482767617e-07,0.0009160239716509777,0.00036808427573309464,0.0014377730462567483,0.0030198847274095315,0.00020758249904748917,0.005780956321849237,5.733766333604789e-05
3,0.00010601055122540589,0.00046643393741736133,0.8471475624566006,0.001961052197002815,0.016070204142110377,0.08959050841699263,3.245329366017602e-05,7.493860149664535e-06,0.0012221083668466756,0.0010776721909329422,0.0014306300789173707,5.053755961186473e-07,9.499930907330201e-06,0.003452410493818314,0.02830832668920046,1.583458021071039e-05,7.320290323906759e-05,7.01732357876811e-07,0.0006673189536733527,0.0001888964757956003,0.0013327199887621481,0.001982259221915636,0.00013199369729667877,0.0046926023392110175,3.159812615956275e-05
4,0.00010610114550266232,0.0005347979003305185,0.84944450700169,0.0021284312516784967,0.017466402200692985,0.08896715393882183,3.254504511292644e-05,7.514215210319489e-06,0.0011680325856926004,0.0009972405424932772,0.0016658611256170808,6.502618888742823e-07,1.2515108833241708e-05,0.003883809975381963,0.024898659947356058,1.638254573369554e-05,8.214343552723856e-05,7.966489006909479e-07,0.0006859561649219749,0.0001790182817874365,0.001360013663453997,0.0019129472088865124,0.00013297644809733128,0.0042850208044153525,3.052255197281877e-05
5,0.00013517066712560787,0.00037686874691723665,0.8608501569957095,0.0025089596782930735,0.014896021755123372,0.07644379083819541,3.4379030756074815e-05,8.383412950549218e-06,0.0012742157529645071,0.0012673707203879195,0.0015044898905301018,5.501336074602568e-07,9.453228070969968e-06,0.0038907442267789405,0.02563080816259753,1.69212919593611e-05,8.207361418103169e-05,1.1497117453947022e-06,0.0005414734059160561,0.0002448910815704764,0.0014710865467807246,0.002006294920161836,0.0001556180491059198,0.006610235924962498,3.889221360806718e-05
6,0.00010601055122540589,0.00046643393741736133,0.8471475624566006,0.001961052197002815,0.016070204142110377,0.08959050841699263,3.245329366017602e-05,7.493860149664535e-06,0.0012221083668466756,0.0010776721909329422,0.0014306300789173707,5.053755961186473e-07,9.499930907330201e-06,0.003452410493818314,0.02830832668920046,1.583458021071039e-05,7.320290323906759e-05,7.01732357876811e-07,0.0006673189536733527,0.0001888964757956003,0.0013327199887621481,0.001982259221915636,0.00013199369729667877,0.0046926023392110175,3.159812615956275e-05
7,7.996504528284511e-05,0.0003543082275831328,0.9257083751067244,0.0010559907176231735,0.008969409284577767,0.04328512874026836,1.531771912011523e-05,5.385148707694589e-06,0.0004510293164187519,0.00046809641742355724,0.0010490059408454957,3.380530330345304e-07,1.0349196436957477e-05,0.0012525813963593247,0.0126386048809858,6.898185671499611e-06,4.028181649395141e-05,3.53101963170176e-07,0.0005501804393692227,7.943996897080618e-05,0.0007132154735725415,0.0009438416728346461,3.748397381466403e-05,0.0022760439215274504,8.376254391459022e-06
8,0.0001476281804070301,0.0003609708791598356,0.8372703188304335,0.0025243192676357423,0.015439857302942915,0.06553893019239984,3.710781947421611e-05,5.818999438706258e-06,0.001851531524750865,0.0018913586069703148,0.001865867264368852,3.0397239008022517e-07,4.838560967487349e-06,0.004924544371178341,0.048550684411762156,1.4844781009318267e-05,6.279980495819216e-05,1.0044540893686024e-06,0.00038553553687494815,0.00022194438144143761,0.00145708863465072,0.0023682461866059252,0.00017975696654716353,0.014833565775778875,6.113329376417668e-05
9,0.00010708054200783636,0.0004962450241200275,0.8433818181443579,0.001963216270587341,0.016796086317904378,0.09238758498793424,3.408660970005832e-05,7.627924330748835e-06,0.00124716396521876,0.001071528097381189,0.0014353179056723101,5.353939680956996e-07,9.876955898947047e-06,0.0035174363556687784,0.028546344356442408,1.6171159438219796e-05,7.45746742164284e-05,7.154018876077571e-07,0.0006940340844431602,0.00018811977518673543,0.0013584070000052003,0.0020157808463818886,0.00013327606070247645,0.004483952187566068,3.301995897909288e-05
10,0.00010601055122540589,0.00046643393741736133,0.8471475624566006,0.001961052197002815,0.016070204142110377,0.08959050841699263,3.245329366017602e-05,7.493860149664535e-06,0.0012221083668466756,0.0010776721909329422,0.0014306300789173707,5.053755961186473e-07,9.499930907330201e-06,0.003452410493818314,0.02830832668920046,1.583458021071039e-05,7.320290323906759e-05,7.01732357876811e-07,0.0006673189536733527,0.0001888964757956003,0.0013327199887621481,0.001982259221915636,0.00013199369729667877,0.0046926023392110175,3.159812615956275e-05
11,0.00010400946912132311,0.0004838317027887654,0.8485701568042175,0.0020311103151435988,0.01594783610301448,0.09114089601882568,3.235995622834653e-05,8.002562983489111e-06,0.0011743788401667192,0.0010081326921654642,0.001442850552548311,5.555345643178477e-07,1.0973822948836353e-05,0.0033398933451831403,0.026114232447378337,1.6621430770433585e-05,7.800479343287205e-05,7.065734161945912e-07,0.0006913263484911744,0.00018271859605325104,0.0012998000972683794,0.0018731409926922942,0.0001281886461444183,0.004291607137049165,2.866521740352224e-05
12,0.000114682213469888,0.0007580584866210627,0.8010448522446644,0.002016772035098933,0.03450049132985239,0.1095759182315203,4.6911741055645605e-05,6.507250503691791e-06,0.0013598780028313978,0.0009697516900320974,0.00169333562934691,9.074024909883977e-07,1.1045724027194346e-05,0.006130978446811785,0.032940765369486896,1.706882658625798e-05,6.0960883418160354e-05,1.2374008360931631e-06,0.0007143233322719568,0.0002791681381529459,0.001899321074966478,0.0018548031620713732,0.0002192668398118869,0.00371547506107606,6.751948299513025e-05
13,8.129374426418549e-05,0.0004996753366573681,0.8616019778091136,0.0024254095878834155,0.020562704847819666,0.06162039400169921,1.841795536724787e-05,3.994259320541255e-06,0.0006466921021293584,0.0005082131090889588,0.005036740191101662,7.050233364576485e-07,1.568181110266176e-05,0.004338644290938021,0.033690273815434615,1.168428379347075e-05,6.756100828884826e-05,5.347656043564953e-07,0.0005442480083781636,8.771624880311716e-05,0.001506152550418613,0.0013422414212147648,0.00014585106135132282,0.005226887161457024,1.6305605433380303e-05
14,6.986629103197394e-05,0.002914497427918114,0.7068926346601725,0.0005951265751864222,0.03707483270635841,0.2221522219951795,2.1184515395228905e-05,2.0409400901473424e-06,0.00036293674346706906,0.00042845077677149135,0.0026952292186974854,3.0879512003151504e-06,3.3148942296454395e-05,0.005298591691913641,0.015060396732450871,1.184049986632798e-05,4.1511104443065005e-05,5.118250718622744e-07,0.002135653467285823,9.497659338533045e-05,0.001970699418236923,0.0011553585632915688,6.107863623765172e-05,0.0009048428713009222,1.9279852751052917e-05
15,0.00010601055122540589,0.00046643393741736133,0.8471475624566006,0.001961052197002815,0.016070204142110377,0.08959050841699263,3.245329366017602e-05,7.493860149664535e-06,0.0012221083668466756,0.0010776721909329422,0.0014306300789173707,5.053755961186473e-07,9.499930907330201e-06,0.003452410493818314,0.02830832668920046,1.583458021071039e-05,7.320290323906759e-05,7.01732357876811e-07,0.0006673189536733527,0.0001888964757956003,0.0013327199887621481,0.001982259221915636,0.00013199369729667877,0.0046926023392110175,3.159812615956275e-05
16,0.00013390801372628415,0.0005334324472428912,0.8316307075594565,0.002670727946335407,0.01825905822495546,0.09134867920684439,4.489687462633691e-05,6.394773186256658e-06,0.0009727797895465862,0.0019790381343675048,0.0018449384274119185,1.151393789785276e-06,9.02596691977799e-06,0.007418218304074568,0.028870874237744815,1.7224621911792806e-05,9.493605687029322e-05,2.048226919639966e-06,0.0005911823512734245,0.00029450679074155106,0.003812261163177353,0.0032695668327745583,0.00017798929593012175,0.005941218612952582,7.523474722015698e-05
17,0.00015450761464936509,0.0006245309142673271,0.8668168764914086,0.002185091499793214,0.020516341813832755,0.07175065153832023,3.6107777807932264e-05,9.569469095411337e-06,0.0009733122455939704,0.0010136282128815855,0.0016949274110150232,1.779048608893612e-06,1.810054706351444e-05,0.007024276303088659,0.01661243478590909,1.4977729628758486e-05,0.00011827796478174689,2.387289414184504e-06,0.000840989872342186,0.00032490682056703134,0.0024856107166036693,0.0031664405000406503,0.00022421599841306584,0.0033219603018509757,6.809713302248355e-05
18,0.0002282100687385687,0.0009949849624132261,0.772435717114024,0.0024204783266846656,0.01923672361883656,0.13495517077002914,7.437240211258741e-05,1.3328036841346285e-05,0.0027931643215340935,0.002447960806697735,0.001970604158786765,1.748198492739864e-06,1.864652266631377e-05,0.010735042682037843,0.03310173342239823,2.4931668272197032e-05,0.00021890686445859726,2.9840159678417302e-06,0.0010687771385512615,0.0004888115514624997,0.002619331793952452,0.006991853388193363,0.0003684064059424091,0.006612162722535129,0.00017594903837031987
19,8.639191147041498e-05,0.0004455960629328432,0.8800337741502582,0.0018969391101169855,0.018121281453847386,0.0672012000290017,3.0456601262370907e-05,8.022883362992504e-06,0.0008919078094448528,0.000773485238962372,0.0012390720354879194,6.372340164610343e-07,1.1918820576674513e-05,0.002877830052968626,0.019619647480452494,1.4489075805331311e-05,6.234051226266527e-05,7.029739348993667e-07,0.0006577540176837882,0.00016512436218758187,0.0011962509412152128,0.0016319100923853406,9.043668201912986e-05,0.0029211164323249285,2.171403601890904e-05
20,6.883126305716084e-05,0.00036335248848735446,0.8177411436046775,0.0018805153517101134,0.012384938528865153,0.09062840071927702,4.144221650126815e-05,8.949763080276506e-06,0.0009205602484144535,0.0009604510726956363,0.0016110772899277919,3.586013306174736e-07,7.36318392072959e-06,0.0028579451464966605,0.06010684321199141,1.409072927699839e-05,5.9877406836645166e-05,3.893984861883964e-07,0.0007145620399166604,0.00017936227307195767,0.0017648257365907368,0.002753392302726752,0.0001513931024091643,0.004754317936857408,2.561638339438829e-05
21,0.0001511060836146414,0.0006338725516585657,0.8562206493912909,0.0021831184532326514,0.02378971686043108,0.07633036978114648,2.774106498697776e-05,6.1425307791147535e-06,0.0011176696818365876,0.0014625176540505416,0.001946622233533558,9.256260877876998e-07,1.1145607084275626e-05,0.004806255263308571,0.021009306724933143,1.7858833183270496e-05,7.10221586887312e-05,1.2802842663212018e-06,0.0007114103693945847,0.00020526983624408573,0.0022057679776130924,0.001875386479967683,0.00012928737716077447,0.0050455594505246755,3.9997724982048146e-05
22,9.028314099529948e-05,0.00027621143216304537,0.887024977678345,0.0020707461803904127,0.00958636367826846,0.06487558415962874,1.728012904394256e-05,5.4195481515447195e-06,0.0006764222728926891,0.0010462959424304774,0.0014656564490986147,4.300109193527487e-07,7.130967817541334e-06,0.0028781528833094283,0.020834849498528756,1.1946844037765446e-05,7.595919786874234e-05,6.76075620707029e-07,0.0004149286678706241,0.00014268803427120602,0.0014152748853432779,0.0016684284406096696,8.940879034285955e-05,0.005306752409838077,1.813268221380158e-05
23,0.00010601055122540589,0.00046643393741736133,0.8471475624566006,0.001961052197002815,0.016070204142110377,0.08959050841699263,3.245329366017602e-05,7.493860149664535e-06,0.0012221083668466756,0.0010776721909329422,0.0014306300789173707,5.053755961186473e-07,9.499930907330201e-06,0.003452410493818314,0.02830832668920046,1.583458021071039e-05,7.320290323906759e-05,7.01732357876811e-07,0.0006673189536733527,0.0001888964757956003,0.0013327199887621481,0.001982259221915636,0.00013199369729667877,0.0046926023392110175,3.159812615956275e-05
24,0.00011117604006872952,0.0005787947925869106,0.8467291104603604,0.0027742828175860708,0.028671561563520437,0.08141840813658428,3.328016366408881e-05,7.569676031256044e-06,0.001215642389503079,0.0009495196788568217,0.001978650758352243,9.407688715349405e-07,1.5424320755790743e-05,0.005229527886800807,0.021914610539965403,2.1179538329144657e-05,7.628104811877139e-05,1.1186383907004438e-06,0.0006791090713297206,0.0001953303366926174,0.0014900955009837199,0.0016047956460473324,0.00015346723717047156,0.004117010214068437,3.3112775361119206e-05
25,0.00010474873543096025,0.00027337251978807854,0.9067157405864463,0.002300709945392514,0.014133935911854807,0.04210515999579755,2.566880370210095e-05,8.992083737860221e-06,0.0006690379067862391,0.0007690035923235129,0.0016506888239817474,4.703081862058765e-07,1.1029984046444784e-05,0.0023890970102205043,0.021132115139387175,1.2726957894271854e-05,5.6268946031115035e-05,7.15232882945921e-07,0.0006142448628829078,0.00015249856455884563,0.0013717134391779777,0.0015358331943008863,9.973340115810489e-05,0.003849175342342331,1.7318711688514147e-05
26,1.4253384019538647e-05,0.0006783010637141481,0.8797515076731803,0.00042419916953120455,0.01840394033431617,0.05911976961157181,3.067192631802174e-05,1.910557210221695e-06,3.5757985737542756e-05,0.0008528042787310725,0.000943790984223672,2.6440222489812104e-06,8.756363972763086e-06,0.006453690076941083,0.020361600232195458,5.552426663217981e-06,1.4288476794315866e-05,5.65535534684101e-07,0.001497795101048087,7.758524451542417e-05,0.006773687408373063,0.00435441773146107,1.1672435875373261e-05,0.00016445607931538163,1.6381896507548934e-05
27,0.00011726341521253977,0.0005513504612573925,0.785567991818655,0.002020953546736515,0.017525669016045384,0.11760259237540337,5.259826740626778e-05,9.565381552331734e-06,0.002501613975546351,0.0017282857060380997,0.0016277486311744092,4.46427833289085e-07,8.714439045641517e-06,0.0044000496676783254,0.05225063952467928,2.066459895844179e-05,9.074451874038113e-05,6.787709978878585e-07,0.0008039383125673167,0.0002879622742893,0.00138198508022019,0.0035230316917377958,0.00020649144436614262,0.007663729290208519,5.5291363649828054e-05
28,0.00010601055122540589,0.00046643393741736133,0.8471475624566006,0.001961052197002815,0.016070204142110377,0.08959050841699263,3.245329366017602e-05,7.493860149664535e-06,0.0012221083668466756,0.0010776721909329422,0.0014306300789173707,5.053755961186473e-07,9.499930907330201e-06,0.003452410493818314,0.02830832668920046,1.583458021071039e-05,7.320290323906759e-05,7.01732357876811e-07,0.0006673189536733527,0.0001888964757956003,0.0013327199887621481,0.001982259221915636,0.00013199369729667877,0.0046926023392110175,3.159812615956275e-05
29,0.00010601055122540589,0.00046643393741736133,0.8471475624566006,0.001961052197002815,0.016070204142110377,0.08959050841699263,3.245329366017602e-05,7.493860149664535e-06,0.0012221083668466756,0.0010776721909329422,0.0014306300789173707,5.053755961186473e-07,9.499930907330201e-06,0.003452410493818314,0.02830832668920046,1.583458021071039e-05,7.320290323906759e-05,7.01732357876811e-07,0.0006673189536733527,0.0001888964757956003,0.0013327199887621481,0.001982259221915636,0.00013199369729667877,0.0046926023392110175,3.159812615956275e-05
30,0.00010601055122540589,0.00046643393741736133,0.8471475624566006,0.001961052197002815,0.016070204142110377,0.08959050841699263,3.245329366017602e-05,7.493860149664535e-06,0.0012221083668466756,0.0010776721909329422,0.0014306300789173707,5.053755961186473e-07,9.499930907330201e-06,0.003452410493818314,0.02830832668920046,1.583458021071039e-05,7.320290323906759e-05,7.01732357876811e-07,0.0006673189536733527,0.0001888964757956003,0.0013327199887621481,0.001982259221915636,0.00013199369729667877,0.0046926023392110175,3.159812615956275e-05
31,0.00010223589583199131,0.0004954846678725061,0.829039482073758,0.0021096320074607687,0.016873574173392757,0.10101551693063829,3.48181009370672e-05,7.3083284596464115e-06,0.0013573999808659855,0.001158824264638038,0.0015913645877804743,5.082618872322009e-07,9.583517748986719e-06,0.003807886776863456,0.03260824862428155,1.7273978796068175e-05,7.77390523940581e-05,6.747940225718094e-07,0.0006594920874890298,0.00018876689261535795,0.0013875944893946086,0.0020949282595048237,0.0001436236528416649,0.005185018773859584,3.301982666534022e-05
32,0.00010163233175052513,0.000467742135960597,0.8471961534787945,0.0017588518983314618,0.016007376483900538,0.09017901824491302,3.239562066614741e-05,7.844276110620471e-06,0.0011327045056572609,0.0010393277790627432,0.001375662670212003,5.204075674149352e-07,9.79921596087724e-06,0.003356172296191436,0.02851334529447828,1.5775989437870544e-05,6.995108378713306e-05,6.583451671057232e-07,0.000783459670895653,0.00019743684810888374,0.0013286480304931056,0.002113446585868612,0.0001311333596780702,0.004150120307855472,3.082313915090263e-05
33,0.00010655754249960969,0.0005130412860535575,0.8524695027658042,0.0019896402769998055,0.015160482369525849,0.09087502221171313,3.2046216557058165e-05,8.315063327406178e-06,0.0012378615022880241,0.001066064027023329,0.001431683153403839,6.578112124060608e-07,1.280157858172217e-05,0.003750441858773964,0.022629899631823356,1.6832913220062522e-05,9.441429444525576e-05,7.880613894736332e-07,0.0007214577600280645,0.0001856604148033419,0.001214273241860007,0.002259512709388104,0.00012012092315108827,0.0040734381977743555,2.94841883528865e-05
34,7.971218360521075e-05,0.00041816289838866454,0.823880157128062,0.0023537183335250256,0.014510290584541907,0.11185763953907209,3.7021460184533604e-05,7.463280011652845e-06,0.0010986342756957328,0.0010726868422628762,0.001237100889529011,5.267555346376684e-07,8.638679329378159e-06,0.0037420421080220003,0.030900304247850917,1.7008428228099784e-05,8.174787742514634e-05,7.288834619589353e-07,0.0004943927506621483,0.00020079719403178693,0.0015284353252860853,0.0019451247497188056,0.00013551748590264956,0.004360803936824724,3.134416284331133e-05
35,0.000531370619303634,0.0005649137032549723,0.9441172131231151,0.0013352597679684595,0.009969860960994972,0.0243725285914007,2.0985870741360498e-05,1.6043052355683525e-05,0.002106993534209212,0.0018410877317590925,0.0005997036802090228,7.641433485474914e-07,1.2852701813397653e-05,0.0015506883006893033,0.004870730119835969,1.2056443044644458e-05,0.00011489041353944008,2.2350088450411772e-06,0.000909020127612113,0.00015846791410035303,0.0007390404188880038,0.0022318909354427565,4.0940347827309e-05,0.003841653281335996,3.880920836466992e-05
36,0.00010354464199002842,0.0008632367484028893,0.7307719956203401,0.002404635966208302,0.01454301360466047,0.19233931861772618,6.16992571665569e-05,2.0733853875419132e-05,0.003789120119725426,0.0014163360008756678,0.0012684842251511846,1.4518856639673e-06,2.465811154797199e-05,0.00579488400654763,0.03282799476694306,3.478676304680043e-05,0.00033202040718432124,9.107280273409053e-07,0.0011425989324894915,0.00030601600919566446,0.0010994821446376037,0.006903823114745678,0.00022582323677070756,0.0036704015720647057,5.302966501257782e-05
37,0.00014180028614594229,0.0002504399445363578,0.9118760123687044,0.001956317499976299,0.010524711014466023,0.042478415966406335,1.7631825031213308e-05,4.9588901628002985e-06,0.000685515268439141,0.0009074562048547839,0.0014840651700233985,3.834361092843083e-07,6.913069070318656e-06,0.0025551764958414605,0.016879878332431406,1.0314510466808966e-05,5.366040578796752e-05,9.769154960145692e-07,0.00039683075043624,0.00014668148865626518,0.0010666904348570043,0.0011722234403575755,8.451175685098368e-05,0.0072767138606591895,2.172066423268648e-05
38,6.42335414043755e-05,0.0004009206950760151,0.7904521597605291,0.0016661536201784456,0.011361272840700369,0.15190340038349645,3.0533562868370064e-05,7.990948963386044e-06,0.0006663273695401691,0.0007226933823137678,0.0011821077172633908,4.799612127376864e-07,1.0589531560664766e-05,0.0023491391086268194,0.03210869584319186,1.8697111162834885e-05,6.676497482753028e-05,3.815220253065667e-07,0.0008559708964780206,0.00016636083325030494,0.0014796817054668785,0.0015539816615313658,0.0001269040304328658,0.002787949779832492,1.6609218066340677e-05
39,0.00015159783286542125,0.000711342459834611,0.8883745581866291,0.0014627242725380604,0.02966872626574338,0.03582556870668616,1.4125061706058504e-05,2.037910058428936e-06,0.0021861437007360384,0.0014113715556031904,0.0036269644513199505,3.0375861033429484e-07,9.170901394021738e-06,0.005436674699094894,0.017513040936303063,9.139473031101633e-06,3.8095537788418494e-05,5.639285736776733e-07,0.0004417533116298763,7.025670603838188e-05,0.0003972771088877557,0.0013139973545243575,4.177401859450317e-05,0.011274102287003665,1.868957480536149e-05
40,0.00022324233376793724,0.0004575982244785795,0.7815672193511902,0.0060230258398117735,0.016758746223295578,0.12090456513383258,6.626219008445711e-05,1.9418320811107432e-05,0.004415290219355084,0.0024413092317722256,0.002415880080330549,4.866915846403239e-07,1.686269516734138e-05,0.004725376084798103,0.03940717630007287,4.137902462223505e-05,0.0001887306399317485,1.2647516447853053e-06,0.0006622766180514801,0.00032342309856941043,0.001798525095261788,0.0026081401054112835,0.0004001417464064398,0.01447474516249278,5.89148372550853e-05
41,0.00010209659076233771,0.000545452970246914,0.8425711874056585,0.002013096258198583,0.017646579071024994,0.09448793358190363,3.119864440282232e-05,7.355232560193358e-06,0.0014670983736882685,0.001022624563951223,0.0013819308278182126,4.6583739587852766e-07,9.734324201653888e-06,0.0031924406165459774,0.027231351192712125,1.600711952192733e-05,7.314397048294666e-05,5.971206531171863e-07,0.0006016739685457919,0.00016022128371903,0.0011390777521368353,0.001672964718237339,0.00011860215008937649,0.004479402646836166,2.7763778706169233e-05
42,6.108843993450608e-05,0.00032874176056955885,0.9044783223739883,0.000840822708527717,0.007861401422793186,0.05387366035841336,1.886703358824407e-05,1.0047945429095221e-05,0.0005312816122731057,0.0007676613699309643,0.0007342592604648694,4.2914271087868855e-07,7.781215372309971e-06,0.0014882774973047983,0.021428620008084015,9.105008752526127e-06,5.331850702879098e-05,2.658651974581329e-07,0.0011442955829172314,0.00013671132652330294,0.0012077590873247417,0.0031813140965587417,5.0634928752048145e-05,0.001774336049904304,1.099739765591056e-05
43,0.0001253626310683103,0.00037389823316623567,0.8096585280466044,0.00191124866833294,0.012811405467033398,0.11456050401742472,4.0924881951863656e-05,1.2063910214414e-05,0.0022793840335652137,0.0031262590474985326,0.001091467436770148,2.631582035302907e-07,6.672508923423446e-06,0.0029690227293612164,0.03736473185305221,2.4173589694017873e-05,7.289889594496258e-05,5.706529600969794e-07,0.0008435001865963713,0.0003698141073901549,0.0015461904689421527,0.0031800186512467203,0.0001467946280603594,0.007451136205740228,3.3165990254327775e-05
44,0.00010601055122540589,0.00046643393741736133,0.8471475624566006,0.001961052197002815,0.016070204142110377,0.08959050841699263,3.245329366017602e-05,7.493860149664535e-06,0.0012221083668466756,0.0010776721909329422,0.0014306300789173707,5.053755961186473e-07,9.499930907330201e-06,0.003452410493818314,0.02830832668920046,1.583458021071039e-05,7.320290323906759e-05,7.01732357876811e-07,0.0006673189536733527,0.0001888964757956003,0.0013327199887621481,0.001982259221915636,0.00013199369729667877,0.0046926023392110175,3.159812615956275e-05
45,6.442966420509102e-05,0.00029379055370000326,0.834055833996839,0.0018285059433850437,0.011379196429060217,0.09873112424362838,3.5836178354711134e-05,8.80817539598709e-06,0.0009461912487339705,0.0008562384769022784,0.0010359352329623844,2.611206605576679e-07,7.1214411399139e-06,0.0019332874755220565,0.0411784357033798,1.6835000394145837e-05,5.272170135131005e-05,3.2888576303980325e-07,0.0006226887968796353,0.0001612034439925741,0.0009902861419739542,0.0015750925830478302,9.86946479984341e-05,0.0041103802245921455,1.6772690137595666e-05
46,9.730704297862695e-05,0.00025488488781239146,0.8228141487085071,0.003468644661235306,0.004085332598540554,0.13795136086909232,1.6086711604930944e-05,1.1404324548958466e-05,0.0008448134507779906,0.0008515092886979373,0.0012491401789903476,5.822480837725259e-07,1.379878821727151e-05,0.0020013720931444986,0.016345605552511234,2.1109497510570458e-05,0.00024944970041515096,6.295130784724036e-07,0.00037867684413939574,0.00013784787086638895,0.0012082720023449249,0.00161874256431457,0.00011909627868213069,0.006249914707571823,1.0269616333478102e-05
47,0.000230051923670935,0.000992773268108215,0.8736277972612335,0.0007872821138066539,0.011041437516258329,0.07598718733325435,3.872264049982787e-05,1.3614287081519632e-05,0.0014963921260734332,0.0016640222250791814,0.0008489386732831567,1.4184750361887983e-06,1.415529288409523e-05,0.0027084198409967008,0.01754034295526531,1.3246206658811583e-05,0.00011994259592332171,1.2080881509890492e-06,0.001980144991089015,0.0002578852139580458,0.0015626801582698062,0.006258425810599029,7.306426215157668e-05,0.0026847280654757185,5.611867519230086e-05
48,5.808401859949652e-05,0.0005367576774929279,0.7671521511083736,0.0011941224588372416,0.0051913702238614405,0.20182833756740223,2.43374462708362e-05,1.4817206969594248e-05,0.000783713690893797,0.0004876961008783721,0.0006220092677666014,5.087820313178922e-07,2.0744658728203078e-05,0.0010335556986836123,0.01611801411886708,1.7782497751970643e-05,0.00013092990615524443,1.9670255597762874e-07,0.0011752943752412477,0.00010282132643851386,0.0007174921778028479,0.0014371768672745673,6.183439744407959e-05,0.0012835231471225814,6.728576556651775e-06
49,0.000571858437907982,0.0009375478114620442,0.6694944636833069,0.00913423066486986,0.06704013019189693,0.09627385073685317,0.00011475805329058745,2.0879759242539957e-05,0.014112203941077785,0.002873144551940108,0.005892713540776204,3.465083139254609e-07,1.756550628576677e-05,0.006686578266578492,0.09022014399759258,7.090834368501626e-05,0.00012161727121613441,1.4010737760222405e-06,0.0009359232128078476,0.0002510870169327081,0.0018306071361660105,0.0016546548964623293,0.0010995208730513743,0.030481054290218565,0.0001628102342892329
50,0.00023932943820532214,0.0006267199118559653,0.8375713798089099,0.0013772040649223983,0.024891298204349644,0.060331951365156566,0.00012237523379969847,1.5706370748468792e-05,0.0030339235537757327,0.004490895833467767,0.0010154928210308657,4.369533175529034e-07,8.103882404848307e-06,0.004498887203520649,0.04531429361750963,2.3340563620249525e-05,5.414913289001353e-05,1.4342622605083636e-06,0.0017932947886238949,0.0004973593593278913,0.0017745458160094072,0.006230331367460331,0.00014855879760722722,0.005779714435302639,0.00015927321392291452
51,7.60644860064202e-05,0.0006851691418311776,0.893347283434692,0.003052410570678755,0.016930415833393008,0.057172017372013384,1.7054773274715788e-05,4.540761859067988e-06,0.001338449675884451,0.0008356518101192022,0.001780186774873426,3.782764759523525e-07,1.0320584629152418e-05,0.0022919160482919383,0.01579038172948638,1.1091892414041398e-05,6.978947214888534e-05,3.3384558791067574e-07,0.0002393577188024808,4.013807157174167e-05,0.0008473914017408217,0.0008514458962200402,3.480174463640718e-05,0.004565547705189689,7.860978178876114e-06
52,0.00013154073574596283,0.00017808439241980578,0.8895876257157334,0.002878036183669434,0.010251677137905148,0.05559508178482817,1.9263890944588906e-05,5.916442927056493e-06,0.0009415842548875081,0.0014156608496202158,0.0018731723682454654,2.665660699153282e-07,7.770645504075944e-06,0.0027730385217701204,0.020386673431825857,1.7950470561940842e-05,6.206081020931659e-05,9.015967135909933e-07,0.0003492470111651965,0.0001866971272477696,0.0008644156180526809,0.0011987080467375465,9.671411174736314e-05,0.011161605217043374,1.6307068424617333e-05
53,0.00011602810023393191,0.0005052196775822898,0.6707561167545777,0.004517589193208945,0.026191751229155052,0.16707130350798424,0.00017219475501511377,1.8792888609926106e-05,0.004012089784665112,0.0018960762658635554,0.002009902641789564,4.6351051125173237e-07,1.3077605363817798e-05,0.006334057269571473,0.09975682701481252,4.329030549519878e-05,0.00010768408171559271,1.0482735756445423e-06,0.0007834219160425121,0.00048078953496427255,0.0017913230514364868,0.0033786991811929267,0.0005409527416584772,0.00939473773310826,0.00010656298186594752
54,0.00020163487435007136,0.0020502895386363775,0.7487810436118367,0.0016701795868533486,0.03016371144205246,0.15297076011617308,7.483607339430031e-05,9.810020616341338e-06,0.003766132342283364,0.0025005356018760545,0.0014781301324826494,1.5621879581658514e-06,1.509415240127602e-05,0.00795362582128155,0.03489807132310346,2.56914355377916e-05,0.00013830265524937828,1.5221044662818537e-06,0.0012902377627111862,0.00024942021489155267,0.0019250377017562348,0.005027957799464089,0.00016347913416870258,0.004508721617824989,0.00013421274863033056
55,0.00016650667922803902,0.0010336541141681783,0.8434456965908196,0.0021392399638777582,0.030924149058717865,0.08144576344103001,4.461940823928282e-05,7.385187270921272e-06,0.0019626839644238496,0.0011091758799806977,0.0017007489371182426,1.3107612946691975e-06,1.5114279060111436e-05,0.005006938812922832,0.022025682349660795,1.828999019922288e-05,9.16589921408783e-05,1.4962592677147591e-06,0.0007637021879563689,0.00018205674018556566,0.0015212484124921867,0.0020252448236103403,0.00012861747461065043,0.004175384213206504,6.363147851753536e-05
56,0.00010578749678271448,0.00048735259736513574,0.8526198876572935,0.0019768998056222133,0.01625564112030545,0.0870452659379333,3.1976648464902754e-05,7.642976805379935e-06,0.001190217451132859,0.0010297556425693832,0.0014735979341595582,5.515052890965124e-07,1.0881375611851138e-05,0.003423100038363997,0.025703425921612996,1.607672045651348e-05,7.577531806355969e-05,7.265018248631991e-07,0.0006819256428252938,0.00018198970051174464,0.001258812648800398,0.0018874146470421894,0.0001233938827370745,0.004382513925628325,2.9386902797651787e-05
57,8.287897448347315e-05,0.0004548339232909374,0.8836341383754992,0.0010497103395255025,0.014684106963775407,0.06845306943478639,2.2916332383248182e-05,7.457753426637036e-06,0.0006475307735158125,0.0007478264795679605,0.0009912188516105547,7.380684452423877e-07,9.733777731060966e-06,0.0025631682232075425,0.01935101705235577,1.1606034656548883e-05,5.674159655433326e-05,5.688469257953962e-07,0.001104804297550758,0.00017966815217607249,0.0013809678387789622,0.002411796104119587,8.169046865707274e-05,0.0020495077796565124,2.2303557319408416e-05
58,0.00010653806802747062,0.0004114405136493991,0.8517463757564211,0.002020751839603748,0.014027830684737414,0.08503236660475916,2.97461983748189e-05,7.033084257618181e-06,0.0011975478636777961,0.001099533501062371,0.0015240804327362404,4.3826946340543563e-07,8.775773355128491e-06,0.003185614972886569,0.02962582294578046,1.573648422018677e-05,7.21112904629599e-05,6.562970273032474e-07,0.000600268777513895,0.00017764345509961758,0.001223732328429189,0.0018644019578853855,0.00012399455706500504,0.005869824005097493,2.7734338406204106e-05
59,0.00010726527650988854,0.0004928988172858173,0.8441911064567758,0.0019579185967130634,0.01676993770509302,0.09236248623504684,3.3580352985313634e-05,7.653114298160205e-06,0.0012479086398618443,0.0010741782318992772,0.0014239990235144183,5.37853420476623e-07,9.984014920229863e-06,0.0035720104176768137,0.02779738796321616,1.6076242544192928e-05,7.492321075770889e-05,7.243687732630874e-07,0.0006957510981953401,0.0001918195957813445,0.0013595970444594298,0.0020228075273859146,0.00013507732030013366,0.004421321431160573,3.304946142482227e-05
60,0.00010601055122540589,0.00046643393741736133,0.8471475624566006,0.001961052197002815,0.016070204142110377,0.08959050841699263,3.245329366017602e-05,7.493860149664535e-06,0.0012221083668466756,0.0010776721909329422,0.0014306300789173707,5.053755961186473e-07,9.499930907330201e-06,0.003452410493818314,0.02830832668920046,1.583458021071039e-05,7.320290323906759e-05,7.01732357876811e-07,0.0006673189536733527,0.0001888964757956003,0.0013327199887621481,0.001982259221915636,0.00013199369729667877,0.0046926023392110175,3.159812615956275e-05
61,9.559656644955047e-05,0.0003327196436047674,0.8709763851311094,0.001858774121334308,0.012175002191004489,0.07343495569448492,2.4638585260274387e-05,6.697956658812818e-06,0.0009463206465130263,0.00097674491807474,0.0012984891716341835,3.660978967209027e-07,7.426078169154119e-06,0.0026645570951484405,0.026306751163061477,1.328895826970794e-05,6.248696607504216e-05,5.793743273697346e-07,0.0005390838165778835,0.00016477488738302155,0.0011526932956755418,0.001654445879159089,0.00010495257818935544,0.005180039284603976,2.2229899334758733e-05
62,0.00010601055122540589,0.00046643393741736133,0.8471475624566006,0.001961052197002815,0.016070204142110377,0.08959050841699263,3.245329366017602e-05,7.493860149664535e-06,0.0012221083668466756,0.0010776721909329422,0.0014306300789173707,5.053755961186473e-07,9.499930907330201e-06,0.003452410493818314,0.02830832668920046,1.583458021071039e-05,7.320290323906759e-05,7.01732357876811e-07,0.0006673189536733527,0.0001888964757956003,0.0013327199887621481,0.001982259221915636,0.00013199369729667877,0.0046926023392110175,3.159812615956275e-05
63,0.00010870560835273957,0.0005119783636803306,0.8459685413631228,0.0019055489472094092,0.01658636589190851,0.09052743224604654,3.279012904838715e-05,7.425830415201748e-06,0.0012736701077078211,0.0010797966203494093,0.0014362678838484612,5.250299739380727e-07,9.732938059991209e-06,0.0034609676065926274,0.02808028570287875,1.5654302033720103e-05,7.410662561294464e-05,6.978322528097557e-07,0.0006836355604553459,0.00018168109006193645,0.0013216526868805836,0.001996037462429179,0.0001278176946537805,0.004576363141752339,3.23193346725375e-05
64,9.487144196175664e-05,0.00043751346107088974,0.8522151101625146,0.0019718250539504057,0.015732508669950844,0.08558524437541298,3.101609369078506e-05,7.1799466081653e-06,0.0009593974869159068,0.0010263774648794275,0.0013841682948416035,4.906355454618299e-07,8.368923012362876e-06,0.0031148925082937376,0.02865935842279343,1.4485655602133883e-05,6.390940541437463e-05,6.377702647405925e-07,0.0006510749418286929,0.0001790970653577704,0.0016859633382609886,0.0018215690479715411,0.0001269872070997082,0.00419987669954803,2.8075927209787043e-05
65,1.732342427700991e-05,0.00018041710127587296,0.8374356592485378,0.001053700348020256,0.005329070431733656,0.1043280716519541,1.436861816126771e-05,3.077121189150407e-06,0.00018018862778495498,0.00024362707947976555,0.0008098763265792488,1.1945994388687086e-07,3.3757690532046074e-06,0.0010313514637487013,0.04546681823351148,5.315845114437731e-06,2.5882959277440618e-05,8.115166041667434e-08,0.0002905854841622144,5.822113139294477e-05,0.0009534202790007571,0.0006840752583178498,5.447969288595947e-05,0.0018262975014994964,4.5957914382881316e-06
66,0.00010837659716286766,0.0004812846636848216,0.8355304832734683,0.0019092668359096494,0.015545288236090834,0.099357498620594,3.541620020854274e-05,8.290119617248974e-06,0.0013382991446539388,0.0010753970447443023,0.0013681171602909785,4.946955122758653e-07,9.741601912356771e-06,0.003363227762801518,0.030553671978211537,1.652432357055742e-05,7.640629426609885e-05,6.740478130332803e-07,0.0007336688577564371,0.00020392678835861195,0.001310658060268015,0.0020876283023802556,0.00014596104643940617,0.004706048363775543,3.36499805087101e-05
67,0.0001335707130488828,0.0005138427340963214,0.8949121652496893,0.001811518898951223,0.020488016216402623,0.04921203240836316,2.7371085903057026e-05,8.569320809961282e-06,0.0014801643333374281,0.0009941093346895827,0.0011768034382009414,4.1662781192464413e-07,9.105434567102133e-06,0.0021910071173483958,0.020032770002973186,1.4209885566762903e-05,5.539440089191433e-05,5.807670285738563e-07,0.0007065056511899356,0.00011397110921445826,0.0009274639798549651,0.0015151296394193112,7.258643213210743e-05,0.0035794464410653926,2.3248777443531402e-05
68,9.264757327269321e-05,0.00030682131053731844,0.8833208092748204,0.0021356737094534494,0.01193053180959653,0.07303082820058239,2.9070143568607348e-05,8.083606241277531e-06,0.0008372676831888622,0.0007882044664916061,0.0010965543992127245,5.242217944122576e-07,1.191718244692378e-05,0.002980476586287724,0.016414329701371813,1.3866511256316241e-05,7.176542530187614e-05,9.388696224320329e-07,0.0005138782006673543,0.00021163375078881648,0.001161310478143489,0.001370795797201093,0.0001206110466039621,0.00352641460839689,2.5045443151000747e-05
69,5.086554856155346e-05,0.0002203597123616579,0.8125851715463389,0.0009566896994302896,0.005406765211180354,0.14566508299435127,1.774537972998717e-05,5.5921909676524224e-06,0.00026910848376199417,0.0006803836697696806,0.0011951525232382144,5.588927357029465e-07,1.0284048487278339e-05,0.0027711787569110746,0.021421808634040012,9.907369958457974e-06,6.201543884030868e-05,4.4873676968391257e-07,0.0010663920870386094,0.0003460320210725802,0.002000975002147368,0.002315470431948786,0.00013944800423294274,0.0027892124547013192,1.3351161424387368e-05
70,5.111057158983368e-05,0.0002452056790697699,0.722512381963639,0.006680475906349866,0.01636531435595327,0.21070892332676475,4.909487980015162e-05,1.594598204685888e-05,0.002792027659174062,0.0012125417200636857,0.0011186298135868274,4.4418897640203434e-07,1.867287044444758e-05,0.004886992996856344,0.02407744628390473,5.639704535263996e-05,0.00015054510446313633,8.370237609834116e-07,0.000264107584279274,0.00042650679220008965,0.0007922241655531592,0.0011372267771403385,0.00026696594960435633,0.006152329892975535,1.7651466450689798e-05
71,0.00028607331672081404,0.0010810924082910287,0.7886263510835047,0.0035507965221471833,0.04595442887605265,0.09198044167625503,6.731828254723306e-05,1.4052537934908153e-05,0.00459008385889644,0.002216204451545741,0.0028988118697075467,1.3555304918745771e-06,2.093040337464991e-05,0.007888864968373098,0.03454699866486357,3.8336648902022495e-05,0.0001427548996209624,2.166251931377911e-06,0.0010669028979924291,0.00036546140963682005,0.0019977457979852174,0.0033933029360573865,0.0003426815261415713,0.008816687073731013,0.00011015610729468431
72,0.00010788757443944585,0.00046040518444243224,0.8321091317705117,0.0025217023414594035,0.016770103889786395,0.10391763742397772,3.626211447508478e-05,7.968201843140501e-06,0.0014602674254413119,0.0011242592937255264,0.0014709549480707677,4.360659581598226e-07,1.0426527729889483e-05,0.0029863089081258593,0.027851295794232313,1.972013126592975e-05,7.379827708353869e-05,6.757736674964153e-07,0.000552540908610736,0.00018347858729196218,0.0012095033422278025,0.0013903993823813129,0.0001265982555112572,0.005582112174234909,2.6125703506119192e-05
