,0,1,2,3,4,5,6,7,8,9,10,11,12,13,14,15,16,17,18,19,20,21,22,23,24
0,6.687829657636534e-09,6.244915019328546e-05,9.91475065519671e-07,0.9889345994205317,2.3986223054307964e-06,1.3934229630437836e-09,8.484070634411567e-06,0.0001929715988533452,4.344961119406714e-10,0.00046476755152637876,2.359359811463669e-07,3.5257315726996375e-07,0.00044342673067958196,7.693146779451543e-06,8.578769063937655e-14,1.4373073248677858e-09,3.010645617986869e-08,0.009475724502294178,4.140913917987324e-09,0.00037292821991852254,4.593961647903388e-07,1.588886338461674e-08,1.423653804270448e-06,3.081031522639811e-05,2.2354750899988242e-07
1,9.524480593997578e-09,6.748169261847927e-05,2.3537857897157156e-06,0.9882511818545462,3.459207164943415e-06,3.0454894610036303e-09,1.7732049686495833e-05,0.0002763691885594298,1.255594319140344e-09,0.0006465108901093209,4.3077619031389696e-07,5.025123407690215e-07,0.0009310283339511028,9.654420704076385e-06,1.4397218885442282e-13,3.289932996010913e-09,2.7286821879973616e-08,0.00885227548078689,7.078721185284528e-09,0.000899150898734458,4.0749472209311077e-07,1.8298292424900456e-08,1.3316394767690506e-06,3.9860231628785164e-05,1.9976351334152164e-07
2,9.505923127667669e-09,6.94537584238949e-05,1.9268960140439922e-06,0.9876280244538513,3.151104555934351e-06,2.899859128951767e-09,1.6431992544750547e-05,0.0002680418547159045,9.457299840768433e-10,0.0005847267970799332,4.0619225067577964e-07,5.687074003843417e-07,0.0008941768930415593,1.0226133563663096e-05,1.516237734634278e-13,3.3425677829695015e-09,3.290033889477971e-08,0.009522796828015875,6.518092504910473e-09,0.0009603591260906784,4.149314111063111e-07,2.3047575469498507e-08,1.768197875393734e-06,3.724317085312939e-05,2.038020731077001e-07
3,8.425828272291412e-09,6.422595343625803e-05,1.943011878560867e-06,0.9877813381043035,3.2447916428442384e-06,2.4246137176848894e-09,1.3860343311730154e-05,0.0002379956660948462,8.790798607023524e-10,0.0005366976819410003,3.8346048907065885e-07,4.989838766003152e-07,0.0008546561455169597,9.034809162244082e-06,1.0787285794726022e-13,2.3254379458458377e-09,2.7609994684001692e-08,0.009723164251860402,5.390951396089958e-09,0.0007332218398706351,3.7432502119649574e-07,1.6630251181560485e-08,1.3054480277867207e-06,3.780832516259944e-05,1.831721388981709e-07
4,8.303365123803008e-09,6.942124582788268e-05,2.1476319255936486e-06,0.9881064432120464,3.637647137093052e-06,2.669431524794758e-09,1.455539681656098e-05,0.00021627716348731786,9.665599638220294e-10,0.0005415922870588559,3.997266446533423e-07,5.119009657740375e-07,0.0010197867456634032,1.0576497896869757e-05,1.1229532578906532e-13,2.313584380688696e-09,2.5543032877939607e-08,0.009246374061397767,5.460147676852966e-09,0.0007293285218177335,3.4752407947108267e-07,1.6314039834999695e-08,1.2804166062164613e-06,3.708334313672991e-05,1.75107218061394e-07
5,1.9915716258693095e-06,0.0011676481859265208,0.0005344039434047538,0.9017026337702297,0.00014494629066445387,2.509284493786459e-07,0.000872094111877377,0.00874428618377782,7.597498719766228e-07,0.005160565397113229,1.7858471368660793e-05,7.820053746341652e-05,0.040293469331491326,0.0004931133259478991,1.0436062462327534e-10,5.037993212181196e-07,1.1881086093380046e-06,0.012909122302901714,2.3293250777378984e-06,0.027499234891729712,2.93088428751814e-06,5.254892919249306e-06,5.168703975557222e-06,0.000359514344388227,2.5308432166038045e-06
6,8.425828272291412e-09,6.422595343625803e-05,1.943011878560867e-06,0.9877813381043035,3.2447916428442384e-06,2.4246137176848894e-09,1.3860343311730154e-05,0.0002379956660948462,8.790798607023524e-10,0.0005366976819410003,3.8346048907065885e-07,4.989838766003152e-07,0.0008546561455169597,9.034809162244082e-06,1.0787285794726022e-13,2.3254379458458377e-09,2.7609994684001692e-08,0.009723164251860402,5.390951396089958e-09,0.0007332218398706351,3.7432502119649574e-07,1.6630251181560485e-08,1.3054480277867207e-06,3.780832516259944e-05,1.831721388981709e-07
7,8.431816303436226e-09,6.384570962731108e-05,1.932743732761275e-06,0.9877811416760853,3.2514438881497756e-06,2.4350942297814036e-09,1.3810723819925722e-05,0.00023846936645754326,8.737823818186779e-10,0.000536740239303682,3.830351463965948e-07,5.001377865327106e-07,0.0008443355404730616,9.044087843139045e-06,1.0837914608683332e-13,2.3418596140911747e-09,2.7693391955923358e-08,0.009736168186830808,5.406628649888875e-09,0.0007307817621202278,3.7785474571052064e-07,1.6724573038711896e-08,1.3163264735360257e-06,3.765359195584332e-05,1.8366645541522392e-07
8,1.0897637130203373e-08,7.255493349796692e-05,2.0292754207697767e-06,0.9829346740236761,3.851770701948406e-06,3.320328507024558e-09,1.5246214238703342e-05,0.0002791543319379352,1.0507038383868314e-09,0.0005668032101191499,5.79676340969633e-07,6.957485065828445e-07,0.0009823257933436627,9.497456292130254e-06,1.3777021507925777e-13,2.5275969244039863e-09,3.741258787866719e-08,0.014263849950336508,6.869476979101828e-09,0.0008235318213738662,4.684024573774033e-07,2.347912523521524e-08,1.4960833288889067e-06,4.296995446380295e-05,1.85796369391767e-07
9,1.012931580430097e-08,6.62240698184878e-05,1.7477450888475885e-06,0.9843920739520243,3.703785763572511e-06,3.4445816267081683e-09,1.4521457012202769e-05,0.00026586426868615925,9.122231496142401e-10,0.0005964930622030128,4.884652980087088e-07,6.258748354905588e-07,0.0008108421306276684,9.790279225364082e-06,1.4132776870775393e-13,2.9164497677306244e-09,3.5023410745958643e-08,0.01302810246633633,6.694325970295243e-09,0.0007689921382424012,4.932235597748905e-07,2.410383709810832e-08,1.7358466885183013e-06,3.8026517380847595e-05,1.9149292326950727e-07
10,8.425828272291412e-09,6.422595343625803e-05,1.943011878560867e-06,0.9877813381043035,3.2447916428442384e-06,2.4246137176848894e-09,1.3860343311730154e-05,0.0002379956660948462,8.790798607023524e-10,0.0005366976819410003,3.8346048907065885e-07,4.989838766003152e-07,0.0008546561455169597,9.034809162244082e-06,1.0787285794726022e-13,2.3254379458458377e-09,2.7609994684001692e-08,0.009723164251860402,5.390951396089958e-09,0.0007332218398706351,3.7432502119649574e-07,1.6630251181560485e-08,1.3054480277867207e-06,3.780832516259944e-05,1.831721388981709e-07
11,8.598195495758424e-09,6.734196666428427e-05,2.0251200280559674e-06,0.9876184382604564,3.2940289440429946e-06,2.4556919808213514e-09,1.4347237991347771e-05,0.00023434639875357294,9.143306490982856e-10,0.0005400793952635946,3.916586401580069e-07,5.106046448217224e-07,0.0009384833487567587,9.355226370847044e-06,1.0877115070401702e-13,2.3048893544961486e-09,2.7743008998915386e-08,0.009778514934398665,5.396138430955822e-09,0.0007521302560741476,3.6111921062853994e-07,1.6684701101606715e-08,1.2943909224376218e-06,3.8840403977248525e-05,1.8155183822050169e-07
12,8.512836090216796e-09,5.9165185828153125e-05,2.73254513095983e-06,0.9906014007516362,2.597213336435867e-06,1.8787219426132313e-09,1.764680951875516e-05,0.0003144153321911281,1.6193094278786023e-09,0.0005309298016247836,4.0658688511966317e-07,4.0800055915516195e-07,0.0009018208849342063,6.468703486842625e-06,1.1760401030769515e-13,2.249296251326459e-09,2.35408601181915e-08,0.006608869684231194,6.397116686884033e-09,0.0009087898428340138,3.1834782012049655e-07,1.1341437158820985e-08,8.064076353759755e-07,4.2960202391598485e-05,2.0816026080310896e-07
13,8.567904451541972e-09,5.944638362432002e-05,2.256994001466806e-06,0.9887159608187477,3.7609381094187133e-06,2.4516288572091857e-09,1.2787705771744037e-05,0.00022858445582079576,9.659323639926368e-10,0.00044103500220762633,4.3960372492111726e-07,6.351573392608971e-07,0.000959394599234643,1.0677400563586196e-05,1.108691538052904e-13,2.0598913726302976e-09,2.7658628802929835e-08,0.008818034471652511,5.681315477739133e-09,0.000712476955225501,3.5771916007758115e-07,1.612393518857735e-08,1.1597155092425681e-06,3.275240888592981e-05,1.7616107400821994e-07
14,1.3660868717120725e-08,4.3178941855180245e-05,2.351932689927187e-06,0.9885670457765997,2.945038410922302e-06,2.1492204762222262e-09,1.51070365174371e-05,0.0003000600220935286,8.123813586087627e-10,0.0003582782902547726,4.0512022559591e-07,8.286542671915602e-07,0.0006347261113047525,9.728494846442334e-06,1.3992464811478625e-13,2.931649439248598e-09,4.055624754486293e-08,0.0092569816592624,6.348322488455587e-09,0.0007685893925672717,4.5595438858774614e-07,1.9306552633991503e-08,1.7742162026713488e-06,3.72051040561688e-05,2.524890751011811e-07
15,8.425828272291412e-09,6.422595343625803e-05,1.943011878560867e-06,0.9877813381043035,3.2447916428442384e-06,2.4246137176848894e-09,1.3860343311730154e-05,0.0002379956660948462,8.790798607023524e-10,0.0005366976819410003,3.8346048907065885e-07,4.989838766003152e-07,0.0008546561455169597,9.034809162244082e-06,1.0787285794726022e-13,2.3254379458458377e-09,2.7609994684001692e-08,0.009723164251860402,5.390951396089958e-09,0.0007332218398706351,3.7432502119649574e-07,1.6630251181560485e-08,1.3054480277867207e-06,3.780832516259944e-05,1.831721388981709e-07
16,7.227325631690834e-09,6.374716551713373e-05,1.2691088164206178e-06,0.9865191779940407,2.6803999333823306e-06,2.5336619494945065e-09,1.2710472150616334e-05,0.0002140189466863967,6.307595600012868e-10,0.0006452110541881346,3.444896040733207e-07,4.035177790339832e-07,0.0006571053572043772,8.129262384492168e-06,9.27603631695171e-14,2.5418830377944555e-09,2.4232993628045986e-08,0.011181949896253837,4.954041750825756e-09,0.0006588352142965172,4.5981259550472086e-07,1.623838923389806e-08,1.456297101475314e-06,3.227150384259312e-05,1.7114845771982878e-07
17,6.766400946372295e-09,5.7586149400610224e-05,1.6206905360113254e-06,0.9892891868834185,2.818678402760234e-06,1.8618040807077778e-09,1.1200955733676803e-05,0.00016696239206680542,5.748636609992818e-10,0.0004099784160759218,3.058348628139959e-07,4.50879367951579e-07,0.0007893567144973244,9.663389462943792e-06,7.36103724332571e-14,1.6751890558053074e-09,2.132717817809788e-08,0.00865151675912101,3.800240023133978e-09,0.000578021443076217,3.0785076773687734e-07,1.2219141234781099e-08,1.2541913981095437e-06,2.9557626812297848e-05,1.6292010854402756e-07
18,1.2770214263349071e-08,8.387264475005441e-05,1.936276808472575e-06,0.9813624791702936,2.82746164314315e-06,2.1633245021643327e-09,1.521184728816333e-05,0.0002576902016485608,7.762567209336e-10,0.0005503180494871681,3.9853597227873696e-07,6.586647810874071e-07,0.0009913989122574609,8.897292683218712e-06,1.1681513760044282e-13,2.0659708953218597e-09,4.5749919056908187e-08,0.01592713645943849,4.894621452725102e-09,0.0007394925346302357,4.1485704757692984e-07,2.486686256400701e-08,1.579540610516818e-06,5.5355057365541504e-05,2.3920600816906365e-07
19,6.282014898703031e-09,6.307808655191037e-05,2.3704841551214504e-06,0.9900919383228333,4.172295150172044e-06,2.2190072249574264e-09,1.1244953424507502e-05,0.00021807942559586016,1.0151887853344913e-09,0.0005190804124130894,3.401137732266241e-07,4.922646323550737e-07,0.001042171445877959,1.0170845815292447e-05,9.19764180532387e-14,1.7678979057403804e-09,2.2995844695730767e-08,0.0073416689363039935,5.002213040250726e-09,0.0006607546430523764,2.961367123665937e-07,1.4416384436832933e-08,9.362441746477867e-07,3.299683715069403e-05,1.5485374010684341e-07
20,1.0322375816813719e-08,5.546367865275293e-05,2.3743939296482987e-06,0.9869389845848286,2.7304650426823642e-06,2.655081784149895e-09,1.6563653435818977e-05,0.0001557871233668299,7.615023342833483e-10,0.0004115330822948148,5.013812916467904e-07,5.011338897745796e-07,0.00088572980306664,8.692430355282148e-06,8.035884189888698e-14,2.3435922048431314e-09,1.9816979639116334e-08,0.010771170349805813,4.07548318795357e-09,0.0007091704815347655,3.4038421432294997e-07,8.099718894988031e-09,1.2011186200803671e-06,3.9024680766149024e-05,1.8318009014551786e-07
21,8.354381696184425e-09,6.725440015183623e-05,1.927841851580546e-06,0.9879802882763769,3.4207325272978804e-06,2.254846058892885e-09,1.2781997758260607e-05,0.00027338144207126886,9.68244744536182e-10,0.0005597176390047963,3.6980494022307927e-07,4.717314986608147e-07,0.0007736704158724794,8.32652654419342e-06,1.1753148211036826e-13,2.141082446830038e-09,3.1855121660794707e-08,0.009594391988539612,5.9053099507508634e-09,0.0006814295952235723,3.9512224471707236e-07,1.8751965356256675e-08,1.2453441554611918e-06,4.0655934337679704e-05,2.0097583194124877e-07
22,9.199879020752252e-09,6.308108905598249e-05,1.8733227462990283e-06,0.985754399015526,3.0976124278071877e-06,2.627934769193628e-09,1.3842141691963449e-05,0.00023965034155883907,7.965478788436051e-10,0.0005170795389057569,4.3413026362284766e-07,5.366025705417778e-07,0.0007574208379394447,9.110475882382157e-06,1.0735295487905063e-13,2.572221043426685e-09,2.9945780609171006e-08,0.011813659682474699,5.534996887170936e-09,0.000786722553548192,4.410073130638141e-07,1.816265870067908e-08,1.4419064565527238e-06,3.69530154966774e-05,1.8788601569164512e-07
23,8.425828272291412e-09,6.422595343625803e-05,1.943011878560867e-06,0.9877813381043035,3.2447916428442384e-06,2.4246137176848894e-09,1.3860343311730154e-05,0.0002379956660948462,8.790798607023524e-10,0.0005366976819410003,3.8346048907065885e-07,4.989838766003152e-07,0.0008546561455169597,9.034809162244082e-06,1.0787285794726022e-13,2.3254379458458377e-09,2.7609994684001692e-08,0.009723164251860402,5.390951396089958e-09,0.0007332218398706351,3.7432502119649574e-07,1.6630251181560485e-08,1.3054480277867207e-06,3.780832516259944e-05,1.831721388981709e-07
24,2.7258128040340566e-08,7.935081764480899e-05,3.784282374887606e-06,0.9791699695386387,3.7567935300193956e-06,3.917761012271315e-09,3.0322515100448645e-05,0.0006393822824769835,2.1506127958071227e-09,0.0007591853094198389,7.700000954148501e-07,1.0395229719867853e-06,0.0009733033652037167,7.627320057752761e-06,3.658720888667989e-13,5.956489524239627e-09,9.25965851663668e-08,0.016845992825785888,1.0932280012680938e-08,0.0013720651095876888,7.63186642912107e-07,4.2620712658669465e-08,2.3811703381999463e-06,0.00010974926031562794,3.712668797633094e-07
25,1.152189013748712e-08,0.00011184398008884796,2.45033236401946e-06,0.9842051607955241,5.007077215788435e-06,5.167675324927317e-09,1.7200492176509002e-05,0.0001946320640845214,1.2836598877716077e-09,0.000802030483112182,4.6953214595149085e-07,5.281601898232146e-07,0.0010552821184227413,1.4566444129435124e-05,2.1838511308956748e-13,3.4368785342810853e-09,3.158220328328667e-08,0.012825770827544651,6.39963310855498e-09,0.0007139703321790717,4.769441713846984e-07,2.8148286863158695e-08,1.918955939383941e-06,4.833012530497161e-05,2.7379496128294375e-07
26,1.2685465112107408e-08,7.548085434369466e-05,2.6036656655439307e-06,0.9833568159378406,2.8868228826438944e-06,1.9349752321341056e-09,1.6923224146614813e-05,0.0002911132205476488,1.0233019979987742e-09,0.0005322997425088512,4.1987129702212673e-07,5.741446966071431e-07,0.0010853258874022845,7.1018188702178336e-06,1.0693899650195425e-13,2.00740154225136e-09,4.321255099088566e-08,0.013759507124665551,4.8145775356219935e-09,0.0007971762671658456,3.5973129898939214e-07,1.7732508422582242e-08,1.2675624914529732e-06,6.984216956719534e-05,2.1854372155659583e-07
27,1.0300230535923156e-08,7.343158724788268e-05,2.1683175238258793e-06,0.9868146111788262,3.2499487546718577e-06,2.7716303354775117e-09,1.5940242100431004e-05,0.0003412818549855032,1.2551729204957092e-09,0.0006775936103118473,4.0799236514985314e-07,5.317138880126005e-07,0.0008184474706504727,8.309259391084827e-06,1.6023212607693794e-13,3.120028259533263e-09,3.669368766388406e-08,0.010254538222821201,7.2376553666085825e-09,0.0009416410452958845,4.5316449900369796e-07,2.4580112681839905e-08,1.453678763311604e-06,4.56125980717383e-05,2.421558259485016e-07
28,8.425828272291412e-09,6.422595343625803e-05,1.943011878560867e-06,0.9877813381043035,3.2447916428442384e-06,2.4246137176848894e-09,1.3860343311730154e-05,0.0002379956660948462,8.790798607023524e-10,0.0005366976819410003,3.8346048907065885e-07,4.989838766003152e-07,0.0008546561455169597,9.034809162244082e-06,1.0787285794726022e-13,2.3254379458458377e-09,2.7609994684001692e-08,0.009723164251860402,5.390951396089958e-09,0.0007332218398706351,3.7432502119649574e-07,1.6630251181560485e-08,1.3054480277867207e-06,3.780832516259944e-05,1.831721388981709e-07
29,8.425828272291412e-09,6.422595343625803e-05,1.943011878560867e-06,0.9877813381043035,3.2447916428442384e-06,2.4246137176848894e-09,1.3860343311730154e-05,0.0002379956660948462,8.790798607023524e-10,0.0005366976819410003,3.8346048907065885e-07,4.989838766003152e-07,0.0008546561455169597,9.034809162244082e-06,1.0787285794726022e-13,2.3254379458458377e-09,2.7609994684001692e-08,0.009723164251860402,5.390951396089958e-09,0.0007332218398706351,3.7432502119649574e-07,1.6630251181560485e-08,1.3054480277867207e-06,3.780832516259944e-05,1.831721388981709e-07
30,8.425828272291412e-09,6.422595343625803e-05,1.943011878560867e-06,0.9877813381043035,3.2447916428442384e-06,2.4246137176848894e-09,1.3860343311730154e-05,0.0002379956660948462,8.790798607023524e-10,0.0005366976819410003,3.8346048907065885e-07,4.989838766003152e-07,0.0008546561455169597,9.034809162244082e-06,1.0787285794726022e-13,2.3254379458458377e-09,2.7609994684001692e-08,0.009723164251860402,5.390951396089958e-09,0.0007332218398706351,3.7432502119649574e-07,1.6630251181560485e-08,1.3054480277867207e-06,3.780832516259944e-05,1.831721388981709e-07
31,7.663602081687325e-09,6.279571034783757e-05,2.175623189728939e-06,0.9886083489513898,2.9241821718713196e-06,1.3656577431546184e-09,1.1507362007064492e-05,0.00024555071689866205,7.319629838893954e-10,0.00044998090170631,2.7749538601079753e-07,4.644826794167624e-07,0.0009654075031185062,7.731894497338161e-06,6.5500959291008e-14,1.457355554233523e-09,2.6835333530946528e-08,0.008926617365105652,4.07096141662121e-09,0.000671553846819597,2.6994885561260475e-07,1.2912677977431184e-08,8.89536783392748e-07,4.328481218498241e-05,1.6462924111626839e-07
32,8.952673173583292e-09,6.526328659406634e-05,1.992232111836485e-06,0.9877220046531506,3.2945812345470915e-06,2.5489670128780925e-09,1.455806027253483e-05,0.00025186648448234563,9.52987616293176e-10,0.0005534257180077911,3.970796437733215e-07,5.147041632159044e-07,0.0008573222183817634,9.264993119363725e-06,1.1890853445679097e-13,2.514173986537976e-09,2.895929920130696e-08,0.009718366533308109,5.976140081343484e-09,0.0007617260369306244,3.9243819282680796e-07,1.7936141657851723e-08,1.3406335798224187e-06,3.8010647671807486e-05,1.918586535483372e-07
33,7.709489837770505e-09,2.564779455152479e-05,3.238150140563353e-06,0.9930861285451199,2.042661706882534e-06,1.991923772159656e-09,1.544265474226213e-05,0.0002462407575332563,1.703744783177689e-09,0.00036325387233588876,5.226512940733987e-07,3.6297968373798397e-07,0.0003581144681313045,3.9571534749874714e-06,1.247761630319663e-13,2.4295476993218875e-09,1.6697027004569974e-08,0.0052429753170281646,4.472721946667659e-09,0.000611270915437071,4.901201045359016e-07,3.872995290967536e-09,7.910199097185328e-07,3.91695877626318e-05,3.124734682678959e-07
34,1.971665401221249e-08,9.877823144965024e-05,3.800793801859392e-06,0.9860396022916705,4.0974633038591935e-06,4.070222407153755e-09,2.72710683176994e-05,0.0003463387636797882,2.932709609694179e-09,0.0007208405515715023,6.06345880627954e-07,6.600904575169889e-07,0.0014231928984192622,1.2086977605695002e-05,2.565840072407882e-13,3.6501686010326e-09,3.5606979559954435e-08,0.010305163744633911,1.158739166756835e-08,0.0009578397409301631,4.420379972545406e-07,2.3677350833944475e-08,1.2015246574036589e-06,5.7661396914133724e-05,3.14836975921989e-07
35,5.531482098426623e-09,5.899068173414981e-05,2.0676055000590576e-06,0.9915506852194673,4.491326433743584e-06,3.2159227089184614e-09,1.3606828843420824e-05,0.0001516958570612983,7.415841402190817e-10,0.0004871006677344545,3.721998690683249e-07,4.5989604201126106e-07,0.001057005813264004,1.4176101672702161e-05,1.1528238503162904e-13,3.0816792222227364e-09,1.717831172606461e-08,0.005889530266963233,4.798402030709902e-09,0.0007417386207994131,2.879196038338341e-07,1.2525068778145503e-08,1.5823188741014683e-06,2.603186421937805e-05,1.2973935158779994e-07
36,8.406945438442749e-09,6.422132038765123e-05,1.9346043196215187e-06,0.9877517958072232,3.2334157341346528e-06,2.4318964694420762e-09,1.3877196341041305e-05,0.00023739159994635707,8.764422734577202e-10,0.0005373765819722709,3.842437169855288e-07,4.966503981033809e-07,0.0008516385446040635,9.011427747431522e-06,1.0766193403740085e-13,2.3304672592534367e-09,2.748946300649459e-08,0.009754720626029707,5.378009214121929e-09,0.0007342168145005125,3.7476458130950906e-07,1.6590290996575186e-08,1.3091266254499035e-06,3.777085716932264e-05,1.8291508067454164e-07
37,1.5722061255253049e-09,6.295575461974024e-05,1.0257976948151331e-06,0.9901982375612869,6.202035892930455e-06,6.743150933183047e-09,8.37602136996192e-06,0.0006552856023330672,2.7415552171477328e-09,0.0025089146907920114,4.594717607551141e-07,2.678984428640188e-07,0.0003842667969893018,3.4683523950044604e-06,4.463547522187214e-13,5.076725391564867e-09,3.8559242651015096e-08,0.0051203124641139765,1.1026974913832083e-08,0.0010148366456796097,1.0721760078213068e-06,4.23877697180302e-08,1.98993575304045e-06,3.2044187053740444e-05,1.764997429884248e-07
38,1.4960774701528488e-08,7.798153069449995e-05,2.128543344663619e-06,0.9822496867226067,3.483595886511967e-06,5.486813001040267e-09,2.7015900807155585e-05,0.00028237128024117674,1.2442560610960838e-09,0.0007685417976265122,6.459602974401973e-07,6.380054469231908e-07,0.0009682980993905454,1.1349787685519138e-05,2.2331534885178185e-13,5.83311489685764e-09,3.391073914088187e-08,0.014452195530356326,8.486299542992062e-09,0.0011034166682066613,5.771851241948244e-07,2.665656900728754e-08,2.4903024911554966e-06,4.885806140316034e-05,2.2444960116681383e-07
39,8.326688108828936e-09,5.7043765065770836e-05,1.9247801299509253e-06,0.9881508470132604,3.2108292419375493e-06,2.422616538022248e-09,1.3547875295761016e-05,0.00025125664371357614,8.572723299495743e-10,0.0005199649137359792,3.862743174939716e-07,5.156022069305514e-07,0.0007714136573504356,8.648155297289818e-06,1.0742908842421456e-13,2.481475339955965e-09,2.7715503811110785e-08,0.009435924974337682,5.556569158771319e-09,0.0007472494942393693,3.993248635686105e-07,1.6125715514761543e-08,1.3272478746302929e-06,3.609512885708136e-05,1.808342641025741e-07
40,1.2812780390756864e-08,8.260521388342964e-05,2.57085557678445e-06,0.9861844872736737,4.743119061359024e-06,3.5169220970655682e-09,1.5277793448312634e-05,0.00022713961004535235,1.155117550869922e-09,0.0005088861295424385,4.901123459722763e-07,7.34894455626068e-07,0.0010411455899586293,1.6077030769603935e-05,1.672068887978781e-13,2.6659003772023706e-09,3.397044486558718e-08,0.011190293934951077,7.66651770643946e-09,0.0006866422313754145,4.4004511791926754e-07,2.587139626553287e-08,1.5255296751245543e-06,3.6615263102819405e-05,2.3771376995509399e-07
41,8.987249971541018e-09,6.438356370362612e-05,1.7817401614566769e-06,0.9862966248933407,2.9936484420913082e-06,2.365930056157791e-09,1.4100494752239867e-05,0.00024037629122540473,7.826220271052532e-10,0.0005231079222862906,3.975212551828213e-07,5.34510821889593e-07,0.0008578530251961276,8.651674367066298e-06,1.0207615223961609e-13,2.27766672340216e-09,3.0154897380649014e-08,0.011193579532921705,5.2272533709491455e-09,0.0007546735349800447,3.814246082892401e-07,1.7690190064419882e-08,1.4057444800316106e-06,3.890628475369955e-05,1.8070679255536381e-07
42,6.665865818243693e-09,7.181684257604463e-05,2.283468611046815e-06,0.9859703518638668,3.8636066938654375e-06,2.4320809477550108e-09,1.1761450703901829e-05,7.253360116544494e-05,5.362250125768268e-10,0.0003300968777499673,4.45547157647823e-07,5.066584455949344e-07,0.0015572327751919941,1.3705833760081761e-05,4.906421666104132e-14,9.475522192507634e-10,1.3376484534460395e-08,0.011546362869572854,2.0470360918305504e-09,0.0003822990492764112,2.0855984437851298e-07,5.788364459665844e-09,1.0116034700437762e-06,3.5359400835188065e-05,1.2819742065274197e-07
43,8.82676570906897e-09,6.400885593068608e-05,2.171113591609284e-06,0.9881293186669119,3.0919420437831545e-06,2.1125438629632567e-09,1.4242261852355598e-05,0.0002181346497419528,8.563833122026008e-10,0.0004555730794963176,3.8094031431544163e-07,5.236789474860562e-07,0.0009690280818083221,9.522320792625078e-06,9.556768439813212e-14,1.9997478705780856e-09,2.6239182303176894e-08,0.009363687800649754,4.9105020497228955e-09,0.0007304524134627357,3.1713183833999434e-07,1.4497215747296358e-08,1.1870851268193162e-06,3.812032933664128e-05,1.8020571793952767e-07
44,8.425828272291412e-09,6.422595343625803e-05,1.943011878560867e-06,0.9877813381043035,3.2447916428442384e-06,2.4246137176848894e-09,1.3860343311730154e-05,0.0002379956660948462,8.790798607023524e-10,0.0005366976819410003,3.8346048907065885e-07,4.989838766003152e-07,0.0008546561455169597,9.034809162244082e-06,1.0787285794726022e-13,2.3254379458458377e-09,2.7609994684001692e-08,0.009723164251860402,5.390951396089958e-09,0.0007332218398706351,3.7432502119649574e-07,1.6630251181560485e-08,1.3054480277867207e-06,3.780832516259944e-05,1.831721388981709e-07
45,7.948510889705759e-09,6.001509100528576e-05,1.3302646846126689e-06,0.9854113196189331,2.5660888417228392e-06,2.421588668418541e-09,1.0669896502947164e-05,0.0001595211725844451,5.038798480905886e-10,0.0004560307149197351,3.732255848097263e-07,4.45784188241347e-07,0.0005669917912530552,8.69067762650333e-06,8.227359804969027e-14,2.0131363344139126e-09,2.3960374555493343e-08,0.012723354537152197,3.995566294288906e-09,0.0005670230535897979,4.448063182159894e-07,1.3896335800730371e-08,1.5032994356819704e-06,2.9467006697951578e-05,1.9823120674011754e-07
46,7.3465553771484475e-09,6.654363440040412e-05,1.9395612759330744e-06,0.9883514404842998,3.5808153590787317e-06,3.2652742451685716e-09,1.5633277202451474e-05,0.00019619949428908707,9.5623274146202e-10,0.000590630602743892,4.1018252956976126e-07,4.130656261482751e-07,0.0008614221625967165,1.1012086424684772e-05,1.1089968310213401e-13,2.6675337904857642e-09,1.796239783437382e-08,0.00915198499359863,5.4927900283428755e-09,0.0007146336931554608,3.6094351349022634e-07,1.439588510925535e-08,1.3382561536864309e-06,3.2236462618097355e-05,1.6819743290084012e-07
47,2.028435477560222e-08,8.547812676740144e-05,2.2427589125337828e-06,0.9782975919228599,2.864610244840775e-06,3.2967942778031417e-09,2.187726558096097e-05,0.0003658402223647779,1.0499207536515519e-09,0.0006659608012639236,5.322005209042445e-07,9.201982751588657e-07,0.0010906515478717295,9.432018938655434e-06,1.74782294890208e-13,4.148483506578607e-09,5.582450037519058e-08,0.0181130734273931,8.063345691964362e-09,0.0012835363562231658,5.235911323584814e-07,3.797785741451506e-08,1.8981609326664055e-06,5.717980829444736e-05,2.663369921416411e-07
48,6.853478646564302e-09,4.969493423902217e-05,2.246480528310649e-06,0.9887653238839198,3.342606696832547e-06,2.9948774750701663e-09,1.2672553184216853e-05,0.00015922401077684466,8.020245527348383e-10,0.00041718478248919347,4.5381028257394257e-07,4.80579395713147e-07,0.0007400939941741828,9.623768394881844e-06,8.61211885822229e-14,2.218629277885979e-09,1.601298335968534e-08,0.009099954375016149,3.797299132850518e-09,0.0007086563042090784,3.413698670826168e-07,9.898366419946426e-09,1.1967939982863217e-06,2.930180302899322e-05,1.6537205378705114e-07
49,8.996392839213085e-09,6.0097069456765186e-05,2.198112854172621e-06,0.9867973902161173,3.590602015242676e-06,2.8086487350663685e-09,1.3802910646031443e-05,0.00024847752358277516,9.141654065989297e-10,0.0005086242381859046,4.428902809404091e-07,6.584616630248772e-07,0.0009288967609705451,9.983087912060345e-06,1.1331854134215392e-13,2.5532532451890794e-09,3.0260218504002104e-08,0.010531577920495942,5.692764240133659e-09,0.000856859918045835,3.900474432763318e-07,1.9224606221598578e-08,1.3726441012545188e-06,3.5389997896628695e-05,1.771481696739671e-07
50,7.861530155592159e-09,8.450818965352394e-05,2.0068100948831144e-06,0.9886124156866107,3.634388434043686e-06,3.1211390382347413e-09,1.938369328249873e-05,0.0002616886746880561,1.173900072665614e-09,0.0008612101828225268,3.408427869736793e-07,3.7244856834927136e-07,0.001055599364807961,1.12359850666213e-05,1.243809606731654e-13,3.334494377815149e-09,2.1127640698094416e-08,0.008183693112660293,7.290291295661415e-09,0.0008648181345173415,3.356393845748233e-07,2.1017537704862773e-08,1.2929708143889943e-06,3.7229674670922454e-05,1.6927447867849308e-07
51,7.130608682274966e-08,0.00018507745282149988,1.233282393081082e-05,0.9772508491538282,1.48829482528395e-05,1.7830354268511895e-08,5.249279060015681e-05,0.0007399788760650037,3.909401268839727e-09,0.0013699384134274537,1.414219667720244e-06,3.0230694564494095e-06,0.0029230865802742914,1.8431793118062657e-05,3.4465739372077853e-12,6.883647241884417e-08,3.9286915248230336e-07,0.012853077163349162,2.313988029342858e-08,0.004228076734258373,1.0649220276145503e-06,1.223981368956538e-07,1.4663746006116595e-05,0.0003299373651980937,9.716547871315187e-07
52,6.714226823460441e-09,5.510032985009124e-05,2.058753213547643e-06,0.9921882056033392,3.6659026217616427e-06,1.4457361801575293e-09,1.022209994052145e-05,0.00025815080813737523,7.955386020163167e-10,0.0004269712423136521,2.9071435019859634e-07,4.75845354903064e-07,0.0007413183416235013,8.623341392234505e-06,9.965357220694464e-14,1.736799844199066e-09,2.8993131006821946e-08,0.005727321589449989,5.646168871459493e-09,0.0005420607453873472,3.36064160755005e-07,1.3133220194970244e-08,9.980902046016882e-07,3.395927108916068e-05,1.8279265037829112e-07
53,6.171987551602268e-09,5.8457348862010677e-05,1.7955237649233866e-06,0.990002155213215,5.194059153551173e-06,1.7326985118779297e-09,6.521745413789956e-06,0.00021126164871725471,6.464239568472997e-10,0.00042770057670708436,2.794710704140637e-07,5.762484144536538e-07,0.0008069805634804495,1.0500755471455553e-05,7.389745933902301e-14,1.2127925037112462e-09,2.822074448297704e-08,0.008034596556929409,4.884391580217714e-09,0.00040402175609678296,3.5033351334597254e-07,1.4905303011321092e-08,8.506453060973271e-07,2.854566545462738e-05,1.5411401366182172e-07
54,6.450627496847137e-09,4.8616620678084616e-05,1.6911880008902946e-06,0.9869184382491177,3.94932641267416e-06,1.8977117036456854e-09,8.397119174378925e-06,0.00027527413865938784,6.904090734334129e-10,0.0004299680599269141,4.0704213292936055e-07,5.361793798070374e-07,0.0006606188235641971,6.468736426575666e-06,7.410224576802993e-14,1.4216351278196295e-09,3.327319542088086e-08,0.011055847420866197,4.62840607195451e-09,0.0005505461156293894,3.990317279296677e-07,1.4488330626841607e-08,1.0588447720777067e-06,3.758389281573393e-05,1.3636032550758632e-07
55,8.978196515527428e-09,6.534083479508445e-05,2.056160902212903e-06,0.9871419081272443,3.1510831811683373e-06,2.3567696058073057e-09,1.4229030969333972e-05,0.00023806005104705846,9.10462936030305e-10,0.0005165005315560363,4.0048158312178123e-07,5.316745602239702e-07,0.000924864030178452,8.854007318076102e-06,1.0485423762784411e-13,2.179729640346646e-09,2.8366944269055526e-08,0.010287721515235337,5.220718433774457e-09,0.0007547239264418908,3.592513225581073e-07,1.626595746787926e-08,1.2448652793365068e-06,3.980405360979944e-05,1.8609589236245303e-07
56,8.59045812278673e-09,6.720485352299897e-05,2.052109001706419e-06,0.987760134011073,3.311600059285782e-06,2.43478710010787e-09,1.434111120887475e-05,0.00023492196193357562,9.255713985401081e-10,0.0005359646122932401,3.9169713778065906e-07,5.132805657275573e-07,0.0009507508559585919,9.381120416503507e-06,1.0931663508772474e-13,2.2916565251021643e-09,2.7878802627200697e-08,0.00962680012208454,5.431304933533792e-09,0.0007534939255279534,3.5811531270648585e-07,1.6557231867918783e-08,1.280840799260769e-06,3.885438512116392e-05,1.8128806133835e-07
57,8.27981849589951e-09,6.408782060520343e-05,2.6041289940613406e-06,0.9884978419740956,4.488457159430538e-06,2.426819917051962e-09,1.1815824806432849e-05,0.00030585958730410505,1.1678651595443254e-09,0.0005792486095745345,3.766486284382405e-07,6.99702618164932e-07,0.0010929765467544237,1.010331500485825e-05,1.17613119315165e-13,2.2831747182150216e-09,3.525294574401126e-08,0.008560180337561287,6.792726623631542e-09,0.000831537823539239,3.739550140557353e-07,2.192092246512375e-08,1.0084114738211374e-06,3.6542812611868796e-05,1.7591986384137546e-07
58,9.090620952716206e-09,6.81070658831373e-05,2.018945138436512e-06,0.9869960019063897,3.2488879099992393e-06,2.3265706184221133e-09,1.4489823774006155e-05,0.00025036101600578155,9.017171469439312e-10,0.0005509537817450939,3.864110154078975e-07,5.059125100071864e-07,0.0009009293451528716,8.726225491182805e-06,1.1143023231651693e-13,2.278351984710731e-09,3.115236267259362e-08,0.010430847494519167,5.339099924951875e-09,0.0007274698002785224,3.783903399955663e-07,1.7435240947562944e-08,1.3434790260350996e-06,4.397296213352874e-05,1.9002861143168865e-07
59,9.722400395856028e-09,6.589335727677055e-05,2.218590150004938e-06,0.98675996272899,3.14218016637699e-06,2.2737738029121883e-09,1.5383187996491308e-05,0.00025973258523188204,9.102425971074077e-10,0.000539312252680652,3.926624711006219e-07,5.224021648500462e-07,0.0008977018818808273,8.403698428097285e-06,1.1125147805272355e-13,2.419908674947745e-09,3.156920077561669e-08,0.010617110640585438,5.133291348379585e-09,0.0007801758716229587,3.787536527137784e-07,1.6740215715956096e-08,1.3526983120283909e-06,4.805063147758144e-05,1.9710776761218641e-07
60,8.425828272291412e-09,6.422595343625803e-05,1.943011878560867e-06,0.9877813381043035,3.2447916428442384e-06,2.4246137176848894e-09,1.3860343311730154e-05,0.0002379956660948462,8.790798607023524e-10,0.0005366976819410003,3.8346048907065885e-07,4.989838766003152e-07,0.0008546561455169597,9.034809162244082e-06,1.0787285794726022e-13,2.3254379458458377e-09,2.7609994684001692e-08,0.009723164251860402,5.390951396089958e-09,0.0007332218398706351,3.7432502119649574e-07,1.6630251181560485e-08,1.3054480277867207e-06,3.780832516259944e-05,1.831721388981709e-07
61,9.17246885821909e-09,6.531516638288262e-05,2.2685749999986622e-06,0.9872863774033378,3.307794961304922e-06,2.302989871566658e-09,1.4551796135898985e-05,0.00025746005469819865,9.58227290920311e-10,0.0005280482437030676,3.996597216053092e-07,5.290319526002235e-07,0.0009126568056965446,8.651503090875e-06,1.1113822582761407e-13,2.3190960178935677e-09,3.073740230150769e-08,0.0100970020958047,5.3019511981307086e-09,0.0007769088357288487,3.7188616252870587e-07,1.668563294220766e-08,1.2632484283524065e-06,4.462877925460797e-05,1.916420605829461e-07
62,8.425828272291412e-09,6.422595343625803e-05,1.943011878560867e-06,0.9877813381043035,3.2447916428442384e-06,2.4246137176848894e-09,1.3860343311730154e-05,0.0002379956660948462,8.790798607023524e-10,0.0005366976819410003,3.8346048907065885e-07,4.989838766003152e-07,0.0008546561455169597,9.034809162244082e-06,1.0787285794726022e-13,2.3254379458458377e-09,2.7609994684001692e-08,0.009723164251860402,5.390951396089958e-09,0.0007332218398706351,3.7432502119649574e-07,1.6630251181560485e-08,1.3054480277867207e-06,3.780832516259944e-05,1.831721388981709e-07
63,8.819802180094716e-09,7.004007060226138e-05,1.967997054630553e-06,0.9873605068868178,3.217110278900858e-06,2.4548006050462104e-09,1.4455125593248588e-05,0.0002415934992428592,9.342846515034978e-10,0.0005595887865605009,3.897599843447953e-07,4.888523342160221e-07,0.000901138458010936,9.049120843948998e-06,1.1371911087527686e-13,2.3403344246941786e-09,2.8715204924592272e-08,0.010045337823538962,5.5692665614628934e-09,0.0007501222476115441,3.7425328783243684e-07,1.7405729313868605e-08,1.310463185018917e-06,4.0162145984078e-05,1.9115953267507753e-07
64,8.216334608976822e-09,5.90060742392644e-05,1.7641682666214823e-06,0.987771619801624,3.2461780247071237e-06,2.4867308245288892e-09,1.2996741479746182e-05,0.00024393955105953157,8.46639254663854e-10,0.0005411278178357027,3.8977546539433317e-07,4.954280415679364e-07,0.000725884380732288,8.53558329264781e-06,1.1386757342315052e-13,2.4143707963251315e-09,2.8457663936936165e-08,0.009921296153708155,5.571051641556271e-09,0.0006710630140487192,4.4309123174681254e-07,1.630984031365424e-08,1.3601725718464092e-06,3.657899669581907e-05,1.8876893695606032e-07
65,1.2797979032648524e-08,0.0001265863222263939,3.0410869777856397e-06,0.9894125022446304,2.7036880337680274e-06,1.236342108657764e-09,2.472056656257116e-05,0.0004039186600583643,1.8526305330261358e-09,0.0006612950426893134,3.299200794982002e-07,3.626578519907183e-07,0.0015308418764465675,7.495960285377983e-06,1.581573580010058e-13,1.8865039228725958e-09,4.0962990511938175e-08,0.006917210140976624,7.657959805290087e-09,0.0008204147990328924,2.630396385196795e-07,1.8244804259726483e-08,9.332180508444534e-07,8.703702678052871e-05,2.5911031023434396e-07
66,1.0505308210021046e-08,7.168683899375275e-05,1.52223288493982e-06,0.984534860101957,3.4996840284051975e-06,1.8673756568864296e-09,1.062491581689607e-05,0.0002101347901287097,5.399056372608307e-10,0.000403421506363118,4.155998121168002e-07,5.377432275632347e-07,0.0005441655300496209,8.460877893628292e-06,1.3641617484578305e-13,1.544355727947567e-09,4.678902841570432e-08,0.013795152257210392,4.211135511160872e-09,0.000357770410400692,5.888790729026419e-07,1.783834482175105e-08,1.9277316230835465e-06,5.489777839959768e-05,2.498265469547905e-07
67,9.579668525927012e-09,4.987693347863947e-05,2.219244210321724e-06,0.9865392464325891,2.6006253045358542e-06,3.999238786228351e-09,2.007365353801888e-05,0.00015211895865237322,5.778524306569063e-10,0.0003607741256454084,5.529578094985924e-07,7.989915435306278e-07,0.0008998891757858707,1.3838678615074093e-05,1.327317082303522e-13,4.705222048856166e-09,2.317625462473266e-08,0.010562491208451348,4.364934788338231e-09,0.0013648353022076678,3.782824418973379e-07,1.616788500316808e-08,2.8774660106090253e-06,2.7181436768929624e-05,1.8395575811746558e-07
68,4.994869397122968e-09,6.581570164235806e-05,2.741484887016002e-06,0.9947937005833747,6.9624213980142e-06,1.6380118453612985e-09,1.0825276816535952e-05,0.0002245672215474974,1.2136568259523233e-09,0.0005638614998652449,1.9759099948366252e-07,3.3041874528225066e-07,0.0012489438892606113,1.5760349682252892e-05,1.0426663225550507e-13,1.884261807709413e-09,1.6125680925043532e-08,0.002636323666107486,7.741264973458558e-09,0.0004011727018946799,2.1249413340232768e-07,1.0207809600897967e-08,6.860101169832958e-07,2.7722527195778094e-05,1.3235667292610067e-07
69,9.215246996175143e-09,7.254204026684572e-05,1.805268396498882e-06,0.987092790922435,5.706277231241312e-06,3.727263857873223e-09,1.2545709698158305e-05,0.00021440535069773017,9.225629949269226e-10,0.0005698416388362273,4.656745019447205e-07,6.360859312232589e-07,0.0009175595401926988,1.467877432520284e-05,1.4620295973711055e-13,2.290960620497547e-09,3.02641866308815e-08,0.010584318342119332,6.8701594174643114e-09,0.0004771091025444538,4.7154326721931694e-07,2.3205514569872742e-08,1.6458978148990652e-06,3.3233219399019404e-05,1.6811630102851833e-07
70,1.1609280015469745e-08,9.549794723888211e-05,1.2459245114459523e-06,0.9805049718683725,3.2234155240731175e-06,2.1436600639969862e-09,1.7386216016843304e-05,0.0006931523330377876,1.0011515357498092e-09,0.0011086751604552916,4.980646119715602e-07,4.282721864716601e-07,0.0005759317005719625,3.7874882501609584e-06,2.057940768948981e-13,3.0845951670841988e-09,7.928402593692486e-08,0.016215918438801994,9.657675793335196e-09,0.000673021773493869,8.850398530382628e-07,3.228126995242964e-08,2.0082706874991336e-06,0.00010301051000331914,2.185145187285545e-07
