,0,1,2,3,4,5,6,7,8,9,10,11,12,13,14,15,16,17,18,19,20,21,22,23,24
0,2.60067027716171e-08,0.00023282932036236998,9.675277032739756e-08,0.6895557130800418,1.345153703645809e-05,2.619238906285614e-07,9.349480086910198e-06,0.0001580595822837291,2.1833810742547665e-10,0.007868561613636119,2.2591623454506075e-06,1.7896419854055032e-06,8.108200936073229e-05,1.3284164134028099e-05,6.185378033566861e-12,3.487082624410603e-08,3.84333336151673e-07,0.301677672131924,1.1008180439971248e-08,0.00013770808598711638,3.873215954882209e-05,9.407584259128844e-07,0.00014142057561742356,6.540321833634829e-05,9.283586573346806e-07
1,3.740320968436464e-08,0.00022647442774748617,2.1920243414017656e-07,0.7055499148009108,1.8443984093163976e-05,6.503901949140835e-07,2.0303125049571404e-05,0.00021500182656337713,6.157111376637795e-10,0.011500160050761241,3.949432398335701e-06,2.436298317633788e-06,0.00016362537320303974,1.6755011521515964e-05,1.0315849032439202e-11,9.699905700515903e-08,3.1742195318684587e-07,0.28165960041737353,1.774603799063299e-08,0.0003595393208472465,3.4099177529910525e-05,1.0130124581786248e-06,0.00014555920784741543,8.093604932937464e-05,8.486951341781235e-07
2,3.6770305403248774e-08,0.00022709889373726016,1.7322362896515592e-07,0.687467556677974,1.6329698230755826e-05,5.729787472809732e-07,1.7904402280952463e-05,0.000204282530662603,4.392897831389985e-10,0.009962197350403356,3.445559677179113e-06,2.7328456830008916e-06,0.00015747516019047673,1.750018185145864e-05,1.016985548252202e-11,9.087533273592695e-08,3.8377804394374855e-07,0.30126063296312194,1.557431773091219e-08,0.00036614446057286565,3.2247752714853864e-05,1.2804604748406684e-06,0.00018628291269432755,7.476421184143618e-05,8.502880532024783e-07
3,3.2532032270034276e-08,0.0002111119696263839,1.8015202438739903e-07,0.6845161609160204,1.7191322027608225e-05,5.066992226982531e-07,1.5570703268758687e-05,0.00018016654212807715,4.1139001160002493e-10,0.009076641265504122,3.5269038437421014e-06,2.4443893717233017e-06,0.0001465845124244066,1.5627658017625798e-05,7.619761029374568e-12,6.642609407071371e-08,3.169266991024854e-07,0.30527756601018724,1.3001058095254439e-08,0.0002850447153179771,3.0698216162819845e-05,9.114420020230411e-07,0.0001431320860338036,7.575183303654105e-05,7.533588864109646e-07
4,3.255609558670995e-08,0.00022858465376245074,2.0144823340952467e-07,0.6966543646163662,1.9327077713229982e-05,5.583778575839987e-07,1.6608364176206326e-05,0.00016606526465202885,4.5570007701208557e-10,0.00925373340978952,3.659893287200611e-06,2.531313257429289e-06,0.00017762755764922467,1.8601498798180948e-05,7.975724968860943e-12,6.748511312490652e-08,2.970467316050832e-07,0.2929205313720761,1.3243665950167603e-08,0.0002887104619695773,2.866391474037399e-05,9.005772709569963e-07,0.0001427684089212968,7.541724953546067e-05,7.337446614548681e-07
5,6.724088431551819e-06,0.005435590590183284,7.230276281701417e-05,0.46480561270793674,0.0012757981485992259,0.00014492652823385293,0.0009654889569965067,0.006337738866561331,1.3967489680799066e-06,0.26911087437084097,0.00010857343534789102,0.0004465026999661336,0.005919118104867977,0.0015363670368679278,1.5865734885266154e-08,5.381717665022572e-05,9.780561211728063e-06,0.23046132872857217,2.0934817126826116e-05,0.0115447286619707,0.00040740568571379315,0.0004968493519302292,0.00044830253553357883,0.00036985020043469506,1.997136850269502e-05
6,3.2532032270034276e-08,0.0002111119696263839,1.8015202438739903e-07,0.6845161609160204,1.7191322027608225e-05,5.066992226982531e-07,1.5570703268758687e-05,0.00018016654212807715,4.1139001160002493e-10,0.009076641265504122,3.5269038437421014e-06,2.4443893717233017e-06,0.0001465845124244066,1.5627658017625798e-05,7.619761029374568e-12,6.642609407071371e-08,3.169266991024854e-07,0.30527756601018724,1.3001058095254439e-08,0.0002850447153179771,3.0698216162819845e-05,9.114420020230411e-07,0.0001431320860338036,7.575183303654105e-05,7.533588864109646e-07
7,3.2521949093256996e-08,0.0002096402740352216,1.787514682260786e-07,0.684045747031111,1.721056741609344e-05,5.089202092988772e-07,1.5488405008481974e-05,0.00018022715057110827,4.0825904179155095e-10,0.009077448672997434,3.5166445053195304e-06,2.446600416444946e-06,0.00014467308055610622,1.5628895067978285e-05,7.640220211990865e-12,6.682299289299915e-08,3.174896894121369e-07,0.30575104721683116,1.3023920615245194e-08,0.0002836596234023648,3.09497074240867e-05,9.159635436902947e-07,0.00014421108630252626,7.531636684140997e-05,7.547678407946961e-07
8,3.757908430474647e-08,0.000210157492449027,1.6984489178728787e-07,0.59459299659777,1.8357708808515233e-05,6.755127479186528e-07,1.577149110838439e-05,0.0001815281798915701,4.3123676627444075e-10,0.00829840982252659,5.221243007687545e-06,3.1147991841841422e-06,0.00014365188053520027,1.5024469864496117e-05,9.228995398181023e-12,6.998477695622021e-08,3.7068958006464037e-07,0.39595133501819757,1.4861172466139923e-08,0.00029472085879585105,3.618402150128589e-05,1.1447217982482634e-06,0.0001565626651989734,7.38199622773506e-05,6.601543658912572e-07
9,3.6834168158407885e-08,0.00020396124773297507,1.5229556673207585e-07,0.6098558991279329,1.8564096184278987e-05,6.921363309084005e-07,1.5258239580813781e-05,0.00017894536385915034,3.749528667057169e-10,0.008955277032183686,4.423670240609397e-06,2.955900641259768e-06,0.00012559746246749266,1.6170417047343826e-05,9.62980782921966e-12,7.94121849715929e-08,3.7442856555565105e-07,0.38005150673321375,1.4721675073271655e-08,0.00027375932007715135,3.872805761398065e-05,1.250462878382202e-06,0.00018551473650284643,7.013451129627874e-05,7.034074729735832e-07
10,3.2532032270034276e-08,0.0002111119696263839,1.8015202438739903e-07,0.6845161609160204,1.7191322027608225e-05,5.066992226982531e-07,1.5570703268758687e-05,0.00018016654212807715,4.1139001160002493e-10,0.009076641265504122,3.5269038437421014e-06,2.4443893717233017e-06,0.0001465845124244066,1.5627658017625798e-05,7.619761029374568e-12,6.642609407071371e-08,3.169266991024854e-07,0.30527756601018724,1.3001058095254439e-08,0.0002850447153179771,3.0698216162819845e-05,9.114420020230411e-07,0.0001431320860338036,7.575183303654105e-05,7.533588864109646e-07
11,3.3182290414413284e-08,0.00021849756670343264,1.881965482986743e-07,0.6842420499421074,1.735319287367314e-05,5.098844180177739e-07,1.6134031073925922e-05,0.00017759682812785104,4.274999595655483e-10,0.009062238532733262,3.5772669007082752e-06,2.505021791394132e-06,0.00016092654929845867,1.6207941638502797e-05,7.65327501828634e-12,6.602881519919383e-08,3.173003288706975e-07,0.30553757427032846,1.2941719513560312e-08,0.00029339055312949,2.9393878383999517e-05,9.1015635133215e-07,0.00014210058457584879,7.766895350152165e-05,7.467612072962932e-07
12,3.61918507391461e-08,0.00023556176720904094,2.9545881219003306e-07,0.7782967054429795,1.5121185369856277e-05,3.742693343410251e-07,2.1706152402910098e-05,0.0002931509461483461,9.52187384994967e-10,0.01032540715881358,3.949849131158755e-06,2.0405856614001523e-06,0.0001709637608754273,1.1318040400996422e-05,9.666464300713327e-12,6.508010047123503e-08,3.1791266046892907e-07,0.2100185146587747,1.848684661895711e-08,0.0003837414306649797,2.977062000671583e-05,6.766398609027197e-07,8.514823815507673e-05,0.00010408824391823664,1.0269181686144611e-06
13,3.518475350447281e-08,0.0002151694028610783,2.1710991232743635e-07,0.7017508622249491,2.0045303431590982e-05,5.016026560665771e-07,1.5112088946390511e-05,0.00018304150230214698,4.681358429645442e-10,0.00751499539426263,4.355263480318164e-06,3.2587472629435265e-06,0.00016975948058573114,1.9052266302089375e-05,8.310348556843075e-12,5.8453930386312424e-08,3.451124165055901e-07,0.28958422681055,1.4726275524706665e-08,0.0002860587613530187,3.1430771710003546e-05,9.500027197651725e-07,0.00013063890631195935,6.910933572335132e-05,7.610708572802396e-07
14,5.452238400388111e-08,0.00012652253261078963,2.0914337573885844e-07,0.6851943349721135,1.4737231187348499e-05,4.2970318382744573e-07,1.598391475257781e-05,0.00021919761171456303,3.617146531164789e-10,0.005721484418283108,3.3813555075255894e-06,4.195019173891362e-06,0.00011448615640293089,1.696128175768771e-05,8.491899129284829e-12,8.06355657052462e-08,4.676977056519547e-07,0.30797568198043535,1.4542319833279463e-08,0.0003012909138982909,3.357386365390591e-05,1.0357026429125447e-06,0.0001845012568170328,7.035952338757107e-05,1.0156509197458506e-06
15,3.2532032270034276e-08,0.0002111119696263839,1.8015202438739903e-07,0.6845161609160204,1.7191322027608225e-05,5.066992226982531e-07,1.5570703268758687e-05,0.00018016654212807715,4.1139001160002493e-10,0.009076641265504122,3.5269038437421014e-06,2.4443893717233017e-06,0.0001465845124244066,1.5627658017625798e-05,7.619761029374568e-12,6.642609407071371e-08,3.169266991024854e-07,0.30527756601018724,1.3001058095254439e-08,0.0002850447153179771,3.0698216162819845e-05,9.114420020230411e-07,0.0001431320860338036,7.575183303654105e-05,7.533588864109646e-07
16,2.669001544634704e-08,0.00020329150553157304,1.158540490447335e-07,0.6595630483182638,1.3628096195048697e-05,4.625088979136358e-07,1.3487331899854129e-05,0.00016556739786589356,2.925555526998471e-10,0.010504546292919296,2.9231252775204197e-06,1.891217599661721e-06,0.00010989353636429803,1.3089655474903182e-05,6.239516212180007e-12,6.599181937230681e-08,2.8026816592556145e-07,0.3289193339770271,1.1789090490997022e-08,0.00024336876664052208,3.614880862446233e-05,8.639130933227052e-07,0.0001427144469475548,6.455664315815858e-05,6.835662838353536e-07
17,2.7269139039683707e-08,0.0001784593654075008,1.5632079868834264e-07,0.6999692910899955,1.4879520815913836e-05,3.9581740391532197e-07,1.2732218222443138e-05,0.00012273739686821674,2.692591986798262e-10,0.0064710947102467635,2.8616343873249457e-06,2.395405802730176e-06,0.00014824658665277545,1.816849883655996e-05,4.769514360814549e-12,4.717862595963457e-08,2.402633388766981e-07,0.2926013078969929,8.914113097475371e-09,0.00023749961596207435,2.326051012770391e-05,6.713321834431699e-07,0.00013773687577338495,5.712107977808717e-05,6.602244984698748e-07
18,4.19754609079893e-08,0.00023060796757135542,1.58288033881918e-07,0.5805323591401615,1.2494561225384855e-05,3.472368451040622e-07,1.4338698596441043e-05,0.00017574912736773756,3.230478209980117e-10,0.007744955488551152,2.92842737470342e-06,2.7262758446153297e-06,0.0001463185198840437,1.2782760407631002e-05,6.889651357340048e-12,4.7455946940807906e-08,4.6074400200464343e-07,0.41061519584653305,1.0228784191746325e-08,0.0002453809632366601,2.781274074836797e-05,1.1736811172431835e-06,0.00013688642278817715,9.636362598221844e-05,8.59493599114797e-07
19,2.5804930024811368e-08,0.00021603061676963084,2.383655190516913e-07,0.7438288720085585,2.3829831906737584e-05,5.009557896087952e-07,1.34792484851036e-05,0.00017704753567135948,5.082998491785977e-10,0.0095086092143974,3.2939150756070567e-06,2.5998762781322723e-06,0.0001950771969472204,1.890398696370136e-05,6.8254669582716e-12,5.5652314759515923e-08,2.823860231278533e-07,0.2455211302468859,1.271717642875046e-08,0.0002824513224718525,2.5705305445076403e-05,8.300863292515314e-07,0.0001095319488596755,7.081378257167229e-05,6.774795047589919e-07
20,3.2583826213817314e-08,0.00020987044043904612,1.8041174303123726e-07,0.6842365528325199,1.7132061151960233e-05,5.08260553516217e-07,1.5593602451693897e-05,0.00017858529689404894,4.0973023067225313e-10,0.00903406144623471,3.5358657484047176e-06,2.442325665291265e-06,0.00014647687944881286,1.5615231005649402e-05,7.569482819995543e-12,6.653068498134531e-08,3.143994629391312e-07,0.305603276100897,1.2912778960710228e-08,0.00028483836091178476,3.0604701786917784e-05,8.992111383007514e-07,0.00014304436817900749,7.560341721423036e-05,7.523419636066711e-07
21,3.290705978065165e-08,0.0002374623785278923,1.8487946165382738e-07,0.6902170445958797,1.850461891418888e-05,4.582919807521049e-07,1.4680854883554805e-05,0.0002171234649602221,4.706515243001693e-10,0.009513715551709344,3.5472704177348333e-06,2.3288151976790638e-06,0.000131190181531243,1.450282915348366e-05,8.890218246120054e-12,6.009247566363821e-08,3.8397653274604745e-07,0.2991063933833897,1.503609613721748e-08,0.0002634084447548182,3.432458632681373e-05,1.077322789099018e-06,0.00013774561575571656,8.495567785825487e-05,8.587448020276948e-07
22,3.408507283438563e-08,0.00018768191334862815,1.7373688675558131e-07,0.6375644506390976,1.617177639219593e-05,5.5342820647412e-07,1.494160080044545e-05,0.00016756258614623334,3.4507432018535674e-10,0.008051988346610004,4.000095842082088e-06,2.669961045124832e-06,0.00012590894059055782,1.5451126655811522e-05,7.234343414612419e-12,7.440906599534328e-08,3.2615837857699127e-07,0.3532871305293555,1.2404076497184836e-08,0.0003019941198533197,3.459501523641297e-05,9.322881665332066e-07,0.00015324114643192405,6.941387117626135e-05,6.914692555306122e-07
23,3.2532032270034276e-08,0.0002111119696263839,1.8015202438739903e-07,0.6845161609160204,1.7191322027608225e-05,5.066992226982531e-07,1.5570703268758687e-05,0.00018016654212807715,4.1139001160002493e-10,0.009076641265504122,3.5269038437421014e-06,2.4443893717233017e-06,0.0001465845124244066,1.5627658017625798e-05,7.619761029374568e-12,6.642609407071371e-08,3.169266991024854e-07,0.30527756601018724,1.3001058095254439e-08,0.0002850447153179771,3.0698216162819845e-05,9.114420020230411e-07,0.0001431320860338036,7.575183303654105e-05,7.533588864109646e-07
24,8.725774061544724e-08,0.00021585361026840995,2.692246613717398e-07,0.5365585295787425,1.6163704467906e-05,7.242443190841927e-07,2.8321246862358794e-05,0.0003964747216754847,8.08487369546844e-10,0.011380146605332975,5.859251107128376e-06,4.152934985939191e-06,0.00013408142095492308,1.0205014612749136e-05,2.1798021901300406e-11,1.459763332494296e-07,9.008195207946973e-07,0.4503587411896168,2.1897580529091772e-08,0.0004290783128350952,5.278165553297548e-05,1.9908402723418566e-06,0.0002219001913295422,0.0001823479796714629,1.2214912902868604e-06
25,3.158448776252847e-08,0.00019275562791823354,1.795619093859861e-07,0.6963986778669031,1.5934346411006366e-05,4.2811014270793105e-07,1.538287908822655e-05,0.00019485456492598653,3.8432503849153636e-10,0.00828244540241183,3.5262549553042057e-06,2.53092325450815e-06,0.00014431256897381328,1.4487419654437016e-05,6.703030762730713e-12,6.206120088496386e-08,3.221200044583468e-07,0.29419640262856783,1.287726140675634e-08,0.00029728132746157477,2.994841374689636e-05,8.393713094679432e-07,0.00013441886265030966,7.446488069502413e-05,6.999550378374949e-07
26,4.468753359625701e-08,0.00021563079746535503,2.2630203807494184e-07,0.6107370693668537,1.3402258316559486e-05,3.438123862903832e-07,1.7319811216132027e-05,0.00020655578496456072,4.4590791807823615e-10,0.007782410706863133,3.458157122843047e-06,2.545697795877602e-06,0.00016549393930903808,1.0762315594751602e-05,6.871538502651263e-12,5.115632305393383e-08,4.545368577710266e-07,0.38027997978659334,1.0425759233806152e-08,0.000283609479053751,2.6323312243609815e-05,8.629552905926551e-07,0.00012281924542458837,0.00012980100788357888,8.240043312237296e-07
27,3.908927550206065e-08,0.00023284059182658064,1.9808646499567914e-07,0.6713544740169273,1.685952553681988e-05,5.682320347850881e-07,1.7266760694990607e-05,0.00025407938976589484,5.937305762499119e-10,0.011319983048939051,3.5575169840434384e-06,2.5276269579236602e-06,0.00014059972165714015,1.398387614924444e-05,1.082535140494241e-11,8.672255184217908e-08,4.0997244243209557e-07,0.3160021355926218,1.7113453669639176e-08,0.00036375293963717494,3.496777589311676e-05,1.3224052766751644e-06,0.00015037135819567887,8.897391832041392e-05,9.841138367905016e-07
28,3.2532032270034276e-08,0.0002111119696263839,1.8015202438739903e-07,0.6845161609160204,1.7191322027608225e-05,5.066992226982531e-07,1.5570703268758687e-05,0.00018016654212807715,4.1139001160002493e-10,0.009076641265504122,3.5269038437421014e-06,2.4443893717233017e-06,0.0001465845124244066,1.5627658017625798e-05,7.619761029374568e-12,6.642609407071371e-08,3.169266991024854e-07,0.30527756601018724,1.3001058095254439e-08,0.0002850447153179771,3.0698216162819845e-05,9.114420020230411e-07,0.0001431320860338036,7.575183303654105e-05,7.533588864109646e-07
29,3.2532032270034276e-08,0.0002111119696263839,1.8015202438739903e-07,0.6845161609160204,1.7191322027608225e-05,5.066992226982531e-07,1.5570703268758687e-05,0.00018016654212807715,4.1139001160002493e-10,0.009076641265504122,3.5269038437421014e-06,2.4443893717233017e-06,0.0001465845124244066,1.5627658017625798e-05,7.619761029374568e-12,6.642609407071371e-08,3.169266991024854e-07,0.30527756601018724,1.3001058095254439e-08,0.0002850447153179771,3.0698216162819845e-05,9.114420020230411e-07,0.0001431320860338036,7.575183303654105e-05,7.533588864109646e-07
30,3.2532032270034276e-08,0.0002111119696263839,1.8015202438739903e-07,0.6845161609160204,1.7191322027608225e-05,5.066992226982531e-07,1.5570703268758687e-05,0.00018016654212807715,4.1139001160002493e-10,0.009076641265504122,3.5269038437421014e-06,2.4443893717233017e-06,0.0001465845124244066,1.5627658017625798e-05,7.619761029374568e-12,6.642609407071371e-08,3.169266991024854e-07,0.30527756601018724,1.3001058095254439e-08,0.0002850447153179771,3.0698216162819845e-05,9.114420020230411e-07,0.0001431320860338036,7.575183303654105e-05,7.533588864109646e-07
31,3.0360111141082715e-08,0.00021250773359003525,2.0726218912180261e-07,0.7010822483517837,1.5566029273034297e-05,2.7639057788443996e-07,1.3239269865622848e-05,0.00019533141313571922,3.4543022304139005e-10,0.007772276599781662,2.560578371999643e-06,2.3499658938210144e-06,0.0001722538223952829,1.3480594922878474e-05,4.566732088472255e-12,4.0994164983772086e-08,3.238530900883734e-07,0.2900381729741559,1.0009339852912497e-08,0.000267534422670046,2.2352995074852173e-05,7.304006119661794e-07,9.726465778066781e-05,9.055452911763399e-05,6.864421052399469e-07
32,3.4829402340178725e-08,0.00021854460008814865,1.8577365252239954e-07,0.6855968351835998,1.744793017548967e-05,5.221282072986948e-07,1.640559762195621e-05,0.0001938663158455526,4.5064246763481957e-10,0.00939036040009818,3.6458904104744615e-06,2.5159369968742895e-06,0.0001470209938115664,1.5967015039673542e-05,8.505328042401526e-12,7.11239553257362e-08,3.385369848669142e-07,0.30384369135329803,1.4650017731975108e-08,0.00029511208888002936,3.25180143690015e-05,9.956657769340095e-07,0.00014588633665448613,7.722007287206892e-05,7.991030940118342e-07
33,2.4714083308351276e-08,8.057850570656914e-05,2.966496489467686e-07,0.837215262581076,1.2046901318415474e-05,4.6404360629479676e-07,1.4950470474412849e-05,0.0001963849838880377,1.0431806368667e-09,0.008135414933121898,3.891056358265136e-06,1.44885777537682e-06,6.470380364873582e-05,6.757240545491054e-06,7.957133318692163e-12,7.136948068271465e-08,1.6280737732023394e-07,0.15383686227303586,1.1532093803950135e-08,0.00024479458799805736,4.000023282715567e-05,1.7969703503826283e-07,7.325430548446491e-05,7.096384955693608e-05,1.4735527209370458e-06
34,7.607053397927775e-08,0.00033458950744799366,3.4446573137006926e-07,0.6904684130697182,1.9935120436477382e-05,7.3447272999267e-07,3.0149672186116283e-05,0.00028126408065180894,1.536322182705426e-09,0.012345365979886856,5.01430715561904e-06,2.8402436917791015e-06,0.00023245617639362158,1.9243104196584082e-05,1.8434111382616518e-11,9.714883949521812e-08,4.0872949042034734e-07,0.29562626993571317,3.0095414719900295e-08,0.0003605517235184067,3.6008933820378044e-05,1.2669553186139208e-06,0.00011658964288413451,0.00011691944560717079,1.4295638769710037e-06
35,2.40124992803807e-08,0.0002197318761547783,2.1896820924019382e-07,0.758418937653605,2.697384792345277e-05,9.136838621561323e-07,1.849464594053134e-05,0.00011601896251964001,3.6543675761506414e-10,0.009202652649843884,4.531421792625424e-06,2.7345514386419585e-06,0.00020698788273583856,3.010251582011432e-05,8.941958975434449e-12,1.0605074586405343e-07,2.0863629466098184e-07,0.23110556477129626,1.2360455185875103e-08,0.00035172380724774024,2.7804087273799983e-05,7.984443982696903e-07,0.0002105908150321619,5.433506659408797e-05,5.329139379292727e-07
36,3.8739042991090554e-08,0.0002306527691939403,2.3134232039939631e-07,0.7307305181529273,2.1859985637306874e-05,4.1346751235429703e-07,1.4834416392745232e-05,0.00023191748832311986,5.199937784273776e-10,0.00938350857438543,3.050704169058524e-06,3.2166283592338136e-06,0.0001931490238709524,1.796943189452966e-05,8.988436631115764e-12,6.06625382884012e-08,4.579142419487958e-07,0.25865420357213825,1.654865905900836e-08,0.0002696585196383243,2.9998699721181983e-05,1.0970218787126342e-06,0.0001244793538201283,8.777263723014502e-05,8.938171224064409e-07
37,4.0374967478264086e-08,0.00020357868768497377,1.9811920958459508e-07,0.6623807192259767,1.555509294221256e-05,4.454365975450227e-07,1.6627482235019046e-05,0.00015420458750376373,3.499109188270821e-10,0.007044274061091759,3.5347147952989855e-06,2.715658003869245e-06,0.0001622306430469561,1.7726865323936538e-05,6.273608434473602e-12,6.011172853382888e-08,2.9818976197449767e-07,0.3294834055527965,1.1601708928557519e-08,0.00027667146148241324,2.6113395500257628e-05,7.98686945391027e-07,0.00013464806390677176,7.541471008021646e-05,7.269205256034443e-07
38,5.278867320084733e-08,0.00022420921830264832,1.7782409626290918e-07,0.5694098620071789,1.6953529328386846e-05,1.1502421970180533e-06,2.7697008791168788e-05,0.00017274767092301016,4.845042072269251e-10,0.01117663525470153,5.719143146255576e-06,2.9612138396078927e-06,0.00015129180891986917,1.8286448211687394e-05,1.4189046999938389e-11,1.5826060817627547e-07,3.36247041392661e-07,0.4180225856868047,1.7401187356177316e-08,0.0003841032138479057,4.1412656719401464e-05,1.3094606812479984e-06,0.0002567831728670381,8.480021652032989e-05,7.490267197329576e-07
39,3.243726816941809e-08,0.00018712345240006365,1.797254893130502e-07,0.6899217526422665,1.7208475972973453e-05,5.141015130763241e-07,1.5248569816391895e-05,0.00019076690822595834,4.014277465664836e-10,0.008893166001043182,3.565281087164347e-06,2.5574709255852743e-06,0.00013414805038336258,1.5024355965869349e-05,7.554870814427435e-12,7.189736008065493e-08,3.211139767348884e-07,0.30007115101504656,1.3417533397084567e-08,0.0002939536491143431,3.2841789017830285e-05,8.84929046575221e-07,0.00014593395407655466,7.279704424568401e-05,7.433092418512229e-07
40,5.176965314798505e-08,0.00027937059336807254,2.45450777066095e-07,0.6446759965149566,2.389067334612769e-05,6.82707824125931e-07,1.7514826637665598e-05,0.00017074691643506455,5.284254905528094e-10,0.007698412087425436,4.784250621014329e-06,3.720307888311715e-06,0.0001729889414055801,2.8190028996293003e-05,1.2303602728414855e-11,7.367235071873909e-08,4.053278316527822e-07,0.3463779442731749,1.8849893819427302e-08,0.00026606982285815945,3.6793770297015896e-05,1.474253441286574e-06,0.00016645494762208837,7.320221291691569e-05,9.672595500202914e-07
41,2.4502377262051865e-08,0.00023201731705426465,3.5202365685677507e-07,0.835616188882864,3.345814528573916e-05,7.462026136244201e-07,1.574153027471319e-05,0.00019538639979984287,1.0922701075535762e-09,0.013674402477102492,3.0878216699352193e-06,1.739644086119677e-06,0.00017791512183876543,2.2947956703191493e-05,1.1769418454207623e-11,9.06732424727694e-08,2.0199011986893955e-07,0.14953625685222532,1.8398612035765033e-08,0.0002898575197035956,2.9845358023677924e-05,6.769394401449922e-07,9.646727207370632e-05,7.161103052869462e-05,9.648366641321889e-07
42,2.664023661339517e-08,0.00018854959521147444,1.7978692095023583e-07,0.6854279757025511,1.719447730238879e-05,4.982040116697591e-07,1.353743963747998e-05,9.566457883239738e-05,3.036155445996231e-10,0.007107592202525932,3.1922402710631524e-06,2.207967399003329e-06,0.0001814218974680044,1.8360061883876902e-05,4.621351339117541e-12,4.5371356350690656e-08,1.968593153553708e-07,0.30652081191137054,7.372952807915154e-09,0.00020914106256255118,2.0843792768861574e-05,4.900911757747901e-07,0.00012532504255165802,6.611491971042342e-05,6.224737468347498e-07
43,3.4736379585398094e-08,0.00021295986900285007,2.0152245492847676e-07,0.692101794975379,1.614514209691645e-05,4.388013120490597e-07,1.6291042438504405e-05,0.00016582166596910093,3.9916091016937574e-10,0.007661674185008141,3.5389951290971648e-06,2.583679409390807e-06,0.0001669865092764683,1.6683365116970484e-05,6.7582771637049345e-12,5.738209628251529e-08,3.036812085501076e-07,0.2991094765473348,1.1890112000560241e-08,0.0002875370276600728,2.6188525802095088e-05,8.002485482852027e-07,0.00013280452605100824,7.691065255824515e-05,7.546237365244511e-07
44,3.2532032270034276e-08,0.0002111119696263839,1.8015202438739903e-07,0.6845161609160204,1.7191322027608225e-05,5.066992226982531e-07,1.5570703268758687e-05,0.00018016654212807715,4.1139001160002493e-10,0.009076641265504122,3.5269038437421014e-06,2.4443893717233017e-06,0.0001465845124244066,1.5627658017625798e-05,7.619761029374568e-12,6.642609407071371e-08,3.169266991024854e-07,0.30527756601018724,1.3001058095254439e-08,0.0002850447153179771,3.0698216162819845e-05,9.114420020230411e-07,0.0001431320860338036,7.575183303654105e-05,7.533588864109646e-07
45,2.6722042734240438e-08,0.0001699326345782601,1.0986029037964948e-07,0.6389183401741897,1.2139845346256557e-05,4.406061903323614e-07,1.0372855212818318e-05,0.00011242982162125597,2.2985435962770374e-10,0.006960780451732279,2.926177273261685e-06,1.8853460810590413e-06,8.612729541364294e-05,1.3302602874600665e-05,5.09843901579117e-12,4.8955511337810085e-08,2.3751498265766603e-07,0.353291116462237,8.851191050230164e-09,0.00019492654798410262,3.1956512220305806e-05,6.647856203170337e-07,0.00013990625330347848,5.154207902261353e-05,7.774101278146444e-07
46,2.819060658306557e-08,0.00022289620915430262,1.7595758878755565e-07,0.693639598958631,1.945444227754108e-05,7.440463978567847e-07,1.7733780835346923e-05,0.0001417542390702671,4.4398645939933073e-10,0.010389629143224515,3.837272657195035e-06,1.9883821921850213e-06,0.0001486931768453245,1.967516464728144e-05,7.842654104858915e-12,7.910773336817057e-08,1.9632484857817565e-07,0.2948696270732554,1.3123175826753366e-08,0.0002771907804170652,2.9793244996161356e-05,7.811004320903133e-07,0.00015223353393002212,6.318578924325696e-05,6.90506010813146e-07
47,6.454693082977094e-08,0.00021865706598700148,1.6991062473594606e-07,0.5265295900397422,1.187422934658612e-05,5.497538616545509e-07,1.984329121868876e-05,0.00022968040898966447,3.98365356238811e-10,0.00870571511488286,4.030204070419249e-06,3.819297017274655e-06,0.00015014234619811109,1.299314534150187e-05,1.010480812290107e-11,9.734613687765411e-08,5.340990511944949e-07,0.4633967755283027,1.586154221426399e-08,0.00041924213577240824,3.4570575355136035e-05,1.7563850909331442e-06,0.00016771158445967222,9.130478521106967e-05,8.619363961510687e-07
48,2.5259394408747238e-08,0.0001380869596238151,1.9322691233191273e-07,0.6954698354900724,1.6948982762761443e-05,6.986602624909597e-07,1.3350280376536727e-05,0.00010483598999246806,3.6265920837542215e-10,0.006864905633485503,3.897713170861435e-06,2.253430508212536e-06,0.00012845964096243697,1.6851429862686152e-05,5.169943369947143e-12,6.567568434349222e-08,1.5511228900786397e-07,0.29675236820315554,8.127289716245995e-09,0.00028171667149892656,2.46467033637187e-05,4.738165473830634e-07,0.00012838809465635486,5.1182339326331945e-05,6.521909727377942e-07
49,3.436146411582801e-08,0.0001819899935039214,1.950860399163792e-07,0.6581677175103394,1.8233546536771782e-05,6.037800211969708e-07,1.5193416994377445e-05,0.00017203494189960296,3.846803538953019e-10,0.008041279133625638,4.028577239447866e-06,3.2649875388774825e-06,0.00015337642308003137,1.7586092711043992e-05,7.566096319725939e-12,7.543606084483292e-08,3.279898796833429e-07,0.33263695354604306,1.2659390942959671e-08,0.00033119559846701114,3.080413252609832e-05,1.017924611184236e-06,0.00015728893901649615,6.609808025998376e-05,6.874505039911107e-07
50,2.990235561692202e-08,0.000281310325180073,1.8990593962106914e-07,0.7372920816613235,2.0086757693663468e-05,6.302506115361996e-07,2.2184671794177012e-05,0.00022203003425374997,5.946547737026244e-10,0.0162238269042382,2.8656073801313407e-06,1.7582620830408572e-06,0.00018190466151774822,1.9743334088610804e-05,9.183434277850253e-12,9.966874334887364e-08,2.495459044010288e-07,0.24513993860590472,1.8902141830145438e-08,0.00033969973794378063,2.870419264150226e-05,1.1921694378577426e-06,0.00014265015246278843,7.80500572286476e-05,7.540852931405174e-07
51,2.415981248058426e-07,0.0005122366292257231,8.990690255717719e-07,0.5673797982528243,6.005666315866078e-05,4.269681576041442e-06,4.816590724263174e-05,0.0004013784882363527,2.0364776108866502e-09,0.022191345815613595,1.0175082315469177e-05,1.1051793267206691e-05,0.0004993033899524953,2.5697907783614106e-05,1.7841863686864883e-10,1.598108039621849e-06,3.1296921866431306e-06,0.40556391368472233,4.4102179355342776e-08,0.0016036609348320076,5.531049898780153e-05,5.695908924276186e-06,0.0011317605228908542,0.00048658518652560333,3.6788674687962133e-06
52,2.888604968046322e-08,0.00021917145141019836,2.1112795164142493e-07,0.7939109525513427,2.089950631193932e-05,2.9641920859627524e-07,1.282748751529089e-05,0.00024024444920646613,4.344571635216391e-10,0.008417450771177027,2.8604194825906106e-06,2.471009858984505e-06,0.00013678135272117802,1.5835904216233264e-05,7.989248879185608e-12,5.080069769268009e-08,3.9918644138907e-07,0.1965614132120741,1.6233477142761206e-08,0.00022935485900393013,3.2771274896625125e-05,8.387349227452914e-07,0.0001144202654499202,7.980250819341613e-05,9.011459441566009e-07
53,2.3719779575220884e-08,0.00020072425208859145,1.7499064650883609e-07,0.7409258732632327,2.9344662497913495e-05,3.731679722336305e-07,7.556816313674496e-06,0.0001761293877390727,3.232798819696599e-10,0.008007947588483383,2.592074467116121e-06,2.848136598176108e-06,0.00013610383106814423,1.8606269929951e-05,5.541098092336784e-12,3.6450145581046565e-08,3.3741819013656046e-07,0.2501404823226933,1.2674155428470165e-08,0.00016379179600060093,3.195265582440543e-05,8.543414506346062e-07,9.446963827123725e-05,5.9089469363409314e-05,6.747442671916055e-07
54,2.1051256673336483e-08,0.0001327420834567204,1.414630827127089e-07,0.6685606219383645,1.9287884310490157e-05,3.4917698898127797e-07,8.307961340712902e-06,0.0001891627417484957,2.582507739372475e-10,0.00598255059055464,3.726726967411754e-06,2.5599266760660775e-06,9.735505973223831e-05,1.062105239623353e-05,4.352477210656225e-12,3.634837076941802e-08,3.5558913400445005e-07,0.3245777149004716,1.0137934269603445e-08,0.00020158202988378713,3.251814378186109e-05,6.887350145826295e-07,0.0001162464904992915,6.29308942597634e-05,4.6881117083046015e-07
55,3.4045957066579935e-08,0.00020847459409936215,1.8671553769230023e-07,0.6738491065861233,1.6193492968861427e-05,4.76868127596607e-07,1.561053277279832e-05,0.0001773093417567866,4.2037156161025093e-10,0.008531217105436008,3.5632680668102233e-06,2.5385813640104404e-06,0.00015570763013530544,1.490895631904721e-05,7.186922262371838e-12,6.06874718597405e-08,3.184008959342316e-07,0.31649474345973855,1.2276572373373593e-08,0.00028852835529472254,2.8602642615893585e-05,8.659044338008423e-07,0.00013249222947584862,7.829049305376749e-05,7.574042240385351e-07
56,3.3469667376180644e-08,0.0002218022946199118,1.938353333772016e-07,0.687626688147425,1.7606771237545853e-05,5.055763781639116e-07,1.6276385080016934e-05,0.00018045460243270537,4.404475954337487e-10,0.009028402808045049,3.637204392759502e-06,2.544589007072372e-06,0.00016509883671176413,1.6325030418893977e-05,7.7980003599681e-12,6.558781039583331e-08,3.2372865832218974e-07,0.3021733244714006,1.3239209159580462e-08,0.0002967057799167743,2.9448888144477935e-05,9.13053148048868e-07,0.0001402093245021009,7.867548943511886e-05,7.504387795348219e-07
57,3.239555145389495e-08,0.00021352870764743077,2.559483073164571e-07,0.7240191856051734,2.48639623073745e-05,5.135019522152113e-07,1.3569896786344115e-05,0.00025352307094042586,5.892434750790365e-10,0.010593179206143371,3.4396700726384157e-06,3.4821202005976043e-06,0.00018966244066178115,1.7400793231883955e-05,8.803981203571952e-12,6.973689794864275e-08,4.2838239539979154e-07,0.2641014928593374,1.722403504505873e-08,0.00034284815368285066,3.2830643481341016e-05,1.230130609235485e-06,0.00011032215177474583,7.735656203519541e-05,7.662387269015054e-07
58,3.486728101250584e-08,0.00022444893247741432,1.8798450995178648e-07,0.6673073608715026,1.704338350208045e-05,4.787274162124863e-07,1.6324991641766356e-05,0.0001891581132222957,4.1915569893146417e-10,0.009109943263788287,3.6257143453352655e-06,2.4840873484931544e-06,0.00015227742228256916,1.4869368492361683e-05,7.977641050680097e-12,6.430543002910642e-08,3.5928278737936485e-07,0.32241346476768146,1.2887878233022377e-08,0.0002805235798461063,3.120944246448903e-05,9.563244074284777e-07,0.000146342873149088,8.806373168196422e-05,7.646497301206568e-07
59,3.70771355412715e-08,0.00021251924381154646,2.0324482590107245e-07,0.6627144449597161,1.6085597685223558e-05,4.548998758725018e-07,1.699345871637459e-05,0.00019424219887815617,4.1759115211684406e-10,0.00884452127663384,3.548149887087315e-06,2.5154892301482956e-06,0.00015167816897346373,1.3988935634985872e-05,7.662002170624393e-12,6.699677996161403e-08,3.611702427326023e-07,0.3272587803752229,1.2109424999416994e-08,0.00029875387550533367,3.0288292191261297e-05,8.985548285105201e-07,0.00014299736649974864,9.58192705598777e-05,7.888624871585022e-07
60,3.2532032270034276e-08,0.0002111119696263839,1.8015202438739903e-07,0.6845161609160204,1.7191322027608225e-05,5.066992226982531e-07,1.5570703268758687e-05,0.00018016654212807715,4.1139001160002493e-10,0.009076641265504122,3.5269038437421014e-06,2.4443893717233017e-06,0.0001465845124244066,1.5627658017625798e-05,7.619761029374568e-12,6.642609407071371e-08,3.169266991024854e-07,0.30527756601018724,1.3001058095254439e-08,0.0002850447153179771,3.0698216162819845e-05,9.114420020230411e-07,0.0001431320860338036,7.575183303654105e-05,7.533588864109646e-07
61,3.573883004964302e-08,0.00021739431241414331,2.1149086723915898e-07,0.6710465603888079,1.7238330243461978e-05,4.751249844053325e-07,1.6501926259003403e-05,0.00019452065835441818,4.4431419133643336e-10,0.008760115222739088,3.77407429157942e-06,2.6163892287792817e-06,0.00015637127914426593,1.479466000520251e-05,7.887037899876517e-12,6.573122951960792e-08,3.585223878133208e-07,0.3190045880989131,1.2804492219949732e-08,0.00030393548141041346,3.068519889376077e-05,9.210566850159891e-07,0.0001379936710547133,9.005345835188135e-05,7.759282107591406e-07
62,3.2532032270034276e-08,0.0002111119696263839,1.8015202438739903e-07,0.6845161609160204,1.7191322027608225e-05,5.066992226982531e-07,1.5570703268758687e-05,0.00018016654212807715,4.1139001160002493e-10,0.009076641265504122,3.5269038437421014e-06,2.4443893717233017e-06,0.0001465845124244066,1.5627658017625798e-05,7.619761029374568e-12,6.642609407071371e-08,3.169266991024854e-07,0.30527756601018724,1.3001058095254439e-08,0.0002850447153179771,3.0698216162819845e-05,9.114420020230411e-07,0.0001431320860338036,7.575183303654105e-05,7.533588864109646e-07
63,3.414039244887897e-08,0.00023452771428366035,1.8478257738072516e-07,0.6774232997303986,1.6994414948995713e-05,5.024775674492394e-07,1.6284395935008946e-05,0.00018435496982099209,4.425937242814163e-10,0.009348080293819927,3.6316863497412227e-06,2.392983591579135e-06,0.00015447909172226025,1.5534734257528948e-05,8.153720862791928e-12,6.57141215853762e-08,3.3339567013817455e-07,0.31205312934590923,1.3589265355366046e-08,0.000290854806732615,3.086824941770075e-05,9.600719372157152e-07,0.00014144392211772478,8.124359194561973e-05,7.854464700152877e-07
64,3.2322032309993856e-08,0.000204815611239613,1.686710830688858e-07,0.6758663188210381,1.744535199146919e-05,5.128280275023931e-07,1.4824855930043976e-05,0.00018797644306405814,4.0493248103401113e-10,0.009030483722512021,3.7991939618985008e-06,2.489391331901822e-06,0.00012601400550745596,1.4807641489972553e-05,8.345612645060596e-12,6.721182485758179e-08,3.395989281926856e-07,0.31400748630810527,1.3962948278863433e-08,0.0002611551682441661,3.7604720816658946e-05,9.230754904114707e-07,0.00014701109927506685,7.493675407045539e-05,7.72827809054901e-07
65,5.743027665692778e-08,0.0005452861289991986,3.733665770939617e-07,0.7559530679055934,1.5246946586230345e-05,2.3722910126156495e-07,3.2719388456944464e-05,0.000379439768922242,1.2471910352560952e-09,0.011742825889343281,3.6180115235419015e-06,1.8969139940713373e-06,0.0003175756510413335,1.350740412118267e-05,1.304665253249942e-11,4.754380366004308e-08,5.569624237723688e-07,0.23029492767257564,2.2416160128621475e-08,0.00036467514832822434,2.3271068047362227e-05,1.1447907403224882e-06,8.981762523315843e-05,0.00021842083448125811,1.2626434323293275e-06
66,3.7042129918305456e-08,0.00021990614669381553,1.3009278293071253e-07,0.5789580472856484,1.5949987969264588e-05,3.599904141543025e-07,1.1128715943063504e-05,0.0001365131597075667,2.2357452042253126e-10,0.005556132698106224,3.971365170396391e-06,2.495301989060497e-06,8.192492312540341e-05,1.3516618879022808e-05,8.617285694126703e-12,3.716016870367282e-08,4.78819184243306e-07,0.4145437621736516,9.205780045008503e-09,0.0001285569846800506,4.4237444863967844e-05,9.304828849438507e-07,0.00018783057102626557,9.318200123976807e-05,8.615957693958806e-07
67,3.412675326294414e-08,0.0001163040644482153,1.737613572878096e-07,0.645420007159342,1.2003808822915856e-05,9.928913768825286e-07,2.0428939514484922e-05,8.520548246953978e-05,2.2184295058494593e-10,0.0053076513492254455,4.550993913840691e-06,3.8143560461039e-06,0.0001523778156980641,2.4653299005859165e-05,7.050573679093276e-12,1.4761589759855833e-07,2.0057345137452917e-07,0.34790604809626946,8.13468925506777e-09,0.0005521973360018096,2.4141352520093393e-05,7.222347298796485e-07,0.0003266862360767116,4.100711797981773e-05,6.430255165749412e-07
68,2.3844384757045333e-08,0.0003016943900373196,3.1570031595110146e-07,0.8898946736182,4.6012068696206356e-05,3.731704110564392e-07,1.5166818467588546e-05,0.00023598502424778788,7.79728829681995e-10,0.012726492910565945,2.122245511345996e-06,1.8455037735238248e-06,0.0002621336873802543,3.312071788967671e-05,9.545431437481666e-12,6.111651537130837e-08,2.43313893384732e-07,0.09611573782175951,2.636404732442029e-08,0.00018290550806972984,2.29501648661688e-05,7.26179362434189e-07,8.460420423224986e-05,7.205364349773841e-05,7.311946005053396e-07
69,3.652131618125402e-08,0.0002448986511187483,1.7125210497088678e-07,0.6551337865916487,3.060190930840237e-05,8.528287256054636e-07,1.4660573621536625e-05,0.00014584295304564477,4.0250447905723264e-10,0.008877216090164864,4.767003529095498e-06,3.2304723188963353e-06,0.00015391271619763202,2.8035280282836374e-05,1.0578285013473881e-11,6.93159660144425e-08,3.286280441095518e-07,0.33487501781094897,1.6419562003167824e-08,0.00018925210562707547,3.9165143684960335e-05,1.3037938222036925e-06,0.00019437927564414846,6.180392931758934e-05,6.503209171090837e-07
70,3.4087919295611505e-08,0.0002342917473071171,1.482298051184163e-07,0.6539051353755335,1.5919086957794706e-05,4.361715287663759e-07,1.6260953808472237e-05,0.0002664618368483973,4.217443302399499e-10,0.01138196441199412,3.589359801127605e-06,2.0808482916027347e-06,0.00011266588254162089,1.0425714950976195e-05,9.305534714440529e-12,6.922678478416877e-08,4.4090450857570704e-07,0.33348411553464763,1.5651137809210835e-08,0.0002651767478895851,4.129270848103163e-05,1.1187417194700442e-06,0.00015270158169373546,0.00010487707843060388,7.776863689683303e-07
