,0,1,2,3,4,5,6,7,8,9,10,11,12,13,14,15,16,17,18,19,20,21,22,23,24
0,0.00010054928372177843,5.573205675090682e-05,0.00026042588774765805,0.7304310878612976,0.00510981941534144,2.586596202195406e-06,7.79083666340254e-05,6.884185750809555e-05,4.0439568423906086e-05,9.94715718163528e-05,3.540985157911197e-05,1.8262488824021323e-06,0.0049779000703413035,0.00024403450984073475,4.7305351639816786e-07,6.476404477153299e-05,0.00011092882632966362,0.25452364726968346,6.12542182185839e-05,0.001976676510164068,0.0002951946034740728,7.764149347171559e-07,0.0007831535699829601,0.0006770648677984583,3.3475038479864076e-08
1,9.892177849352681e-05,4.9229044422767235e-05,0.00024932391325401025,0.7927781804190138,0.00445399291253281,1.767426206926217e-06,6.474960800693865e-05,6.575586721695211e-05,2.201755981318816e-05,6.695990754022158e-05,3.0273635327713148e-05,1.7469325240800827e-06,0.005026929339700938,0.00014669473095552414,3.5180741046062816e-07,6.485607790788474e-05,0.00011744329248665415,0.19366645724626594,4.3093813650541266e-05,0.0017029473390074972,0.00021510975717433026,5.626187819526256e-07,0.0005743999566231767,0.0005582126537513339,2.236193083871976e-08
2,0.0001031609440493598,4.984988338013306e-05,0.0002271396060538266,0.8034216655895415,0.005151811740292167,1.8620249600152363e-06,6.736160716900768e-05,6.841804599027232e-05,2.3255920266639267e-05,5.93737346385401e-05,3.5362283025564734e-05,2.0474275814035617e-06,0.0050058259957155874,0.00016216737273924684,4.0855997018050335e-07,5.811352003487506e-05,0.00011680075376530295,0.18240812028157868,3.9828186341238425e-05,0.001730490386639944,0.0002036394268378426,6.685718491336116e-07,0.0005536511154518155,0.0005089526048932282,2.4417234470525728e-08
3,0.00010947767162397445,4.5385433611881515e-05,0.00021082225362922108,0.8030830069485307,0.004494399806514859,1.6640368703816404e-06,6.110329552076429e-05,6.357807287766471e-05,1.8364060573776425e-05,5.055350005014371e-05,3.350801466803629e-05,1.7943093840433002e-06,0.004645126702959662,0.0001288213723511253,3.2824608007281165e-07,4.9736652337211456e-05,0.00011792270321196595,0.18433099476849077,3.80647330667034e-05,0.0013350224332871958,0.00019510652082636152,5.756634065828616e-07,0.0005293678622831294,0.0004552560717218499,1.8866121779968658e-08
4,0.00011635855394911977,4.741463478420856e-05,0.00021849635806091367,0.8006242419059595,0.004439527453480115,1.5890280435614777e-06,6.260028852580793e-05,6.383670882819439e-05,1.9257700168547976e-05,5.060510687920809e-05,3.433746974814775e-05,1.8700014491268806e-06,0.005166860350809869,0.00013738897778672334,3.255501935197024e-07,4.808354778045821e-05,0.00011416507000370951,0.18626146015181805,3.794985023748707e-05,0.0013782766484669068,0.000197389733078529,6.188115458532324e-07,0.0005089083405847272,0.0004684186133845319,1.9144433377193008e-08
5,0.001250499791357821,0.008270303512274467,0.0019252125219623058,0.7827126357584285,0.024930729412823507,9.508580733091113e-06,0.004539002212170027,0.010405292096595901,0.0001961312080895984,0.00038472421792280423,0.0035434498766753475,0.00195627030413511,0.053270229485090935,0.008517204142763737,6.42776295818002e-05,0.002668419931623566,0.010129501989444697,0.07615616861415427,0.0014444925244238903,0.003033423244038215,0.0032846630791340363,0.0003486774379966769,0.0002858125339904941,0.0006576760553072181,1.5693839282078603e-05
6,0.00010947767162397445,4.5385433611881515e-05,0.00021082225362922108,0.8030830069485307,0.004494399806514859,1.6640368703816404e-06,6.110329552076429e-05,6.357807287766471e-05,1.8364060573776425e-05,5.055350005014371e-05,3.350801466803629e-05,1.7943093840433002e-06,0.004645126702959662,0.0001288213723511253,3.2824608007281165e-07,4.9736652337211456e-05,0.00011792270321196595,0.18433099476849077,3.80647330667034e-05,0.0013350224332871958,0.00019510652082636152,5.756634065828616e-07,0.0005293678622831294,0.0004552560717218499,1.8866121779968658e-08
7,0.00014110134394104275,4.45846718478215e-05,0.0002142033066622884,0.7988031199317871,0.00398334612816566,1.3817343705397048e-06,6.019484507702919e-05,6.340945935088639e-05,1.4910959788505106e-05,4.1891685557374205e-05,3.7843130568544444e-05,1.791992825237998e-06,0.006516886142412687,0.0001038659211282174,3.065732328157351e-07,4.424041704649126e-05,0.00010538317534161998,0.1874847615315336,3.666319299715502e-05,0.0013500120039070219,0.00017251183076219496,6.405216081152308e-07,0.0003805027077562607,0.00039643234025841183,1.4452073345354638e-08
8,0.00011283690315864194,4.635704848120146e-05,0.00018997093383133192,0.7788269019793568,0.004627237775975113,1.8330220302645857e-06,7.469455081369657e-05,7.606655538298896e-05,1.9027517125954182e-05,4.8781435945546764e-05,4.096998327771846e-05,1.8951225575942091e-06,0.005219308053616436,0.0001284240262487723,3.496180338056049e-07,4.978799077093311e-05,0.00011324079200892446,0.20790489317229519,4.8374232165285004e-05,0.0013425701925371646,0.000229746203906185,7.031449936334555e-07,0.0004908637464344785,0.00040514760249732304,1.8396554965393658e-08
9,0.00011587322910019465,4.494416398132879e-05,0.00020507404429877268,0.7970136909261314,0.004583434731989165,1.6795480482561648e-06,6.390033810100262e-05,6.58714400201097e-05,1.7906693912417433e-05,4.752884321749896e-05,3.5936978241103976e-05,1.8371278522732335e-06,0.004758751673670188,0.0001244206401142187,3.256837918141195e-07,4.783715658045573e-05,0.00011825874662056043,0.19027518413867472,3.912705172066929e-05,0.001283316585726444,0.0002011247442709431,5.995002030748179e-07,0.0005163801676558893,0.0004369776504766491,1.8195600739130338e-08
10,0.00010947767162397445,4.5385433611881515e-05,0.00021082225362922108,0.8030830069485307,0.004494399806514859,1.6640368703816404e-06,6.110329552076429e-05,6.357807287766471e-05,1.8364060573776425e-05,5.055350005014371e-05,3.350801466803629e-05,1.7943093840433002e-06,0.004645126702959662,0.0001288213723511253,3.2824608007281165e-07,4.9736652337211456e-05,0.00011792270321196595,0.18433099476849077,3.80647330667034e-05,0.0013350224332871958,0.00019510652082636152,5.756634065828616e-07,0.0005293678622831294,0.0004552560717218499,1.8866121779968658e-08
11,0.0001153855755813844,4.612119151610829e-05,0.00021432819434645065,0.8051481182746728,0.004544980021909463,1.6333181000239752e-06,6.301340133696274e-05,6.379159624156767e-05,1.8489901484902195e-05,4.909990272577848e-05,3.492108102958267e-05,1.8717751464929472e-06,0.005099112084255366,0.00012769180234924443,3.3671758908858356e-07,4.989899410052178e-05,0.00011708284236063162,0.18169710061259395,3.8364581049862183e-05,0.0013906231543076451,0.000195358479156294,6.121003982937167e-07,0.0005075579881040042,0.0004744873700340191,1.9039609401821225e-08
12,8.348284215936519e-05,3.589664007063428e-05,0.0001252098484567733,0.849921045026879,0.0019286568220292428,1.1665701599871166e-06,4.3944502897353485e-05,6.18158426644724e-05,1.0834776962731942e-05,3.724462374894955e-05,2.1421071050960756e-05,1.194237870020775e-06,0.003689019342608504,7.231395183411207e-05,2.501642859281344e-07,3.4673207650833775e-05,7.171503077202314e-05,0.14253727051547918,3.97067746269379e-05,0.000644524300367996,0.00011836044391762079,4.628352084155177e-07,0.00030092852796305576,0.00021885293391375212,9.166422030239412e-09
13,0.00013279647457844804,5.048779174428095e-05,0.00022585688434582837,0.7882259515604666,0.005292118338985375,1.555117435377207e-06,7.157229045027101e-05,7.865165107660074e-05,1.9152747191008924e-05,4.5028565229177465e-05,4.976528411646042e-05,2.673553078569837e-06,0.0057552104130923504,0.00016673541139024597,3.837862994701909e-07,4.83272269500937e-05,0.00012932495856725722,0.1971096561317728,4.121754508900386e-05,0.001417867257824514,0.00023111944008495018,7.878236401273226e-07,0.00046424001206721077,0.0004394965098568078,2.3224667207348204e-08
14,0.00011755260495913533,4.3872798996233185e-05,0.0002959641638574101,0.7957696525564283,0.004161380071433078,1.7789713835548863e-06,6.665457013872364e-05,7.777837836742768e-05,1.9677143383854907e-05,5.6774281830854114e-05,3.120001655489067e-05,2.3459958259043606e-06,0.004778020620305964,0.0001571877762351645,3.4836104990946147e-07,6.843527756839034e-05,0.00013332323879551832,0.19110228590949235,2.966105085737468e-05,0.0017885813666343262,0.0001835399890806752,5.481070354670587e-07,0.0005970374954811842,0.0005163744494167699,2.4804887614216912e-08
15,0.00010947767162397445,4.5385433611881515e-05,0.00021082225362922108,0.8030830069485307,0.004494399806514859,1.6640368703816404e-06,6.110329552076429e-05,6.357807287766471e-05,1.8364060573776425e-05,5.055350005014371e-05,3.350801466803629e-05,1.7943093840433002e-06,0.004645126702959662,0.0001288213723511253,3.2824608007281165e-07,4.9736652337211456e-05,0.00011792270321196595,0.18433099476849077,3.80647330667034e-05,0.0013350224332871958,0.00019510652082636152,5.756634065828616e-07,0.0005293678622831294,0.0004552560717218499,1.8866121779968658e-08
16,0.0001194246769766607,4.600998469735726e-05,0.0001676996399548203,0.8018999115761002,0.004231105194268913,1.5283919266093604e-06,5.926999303497886e-05,7.149038226857933e-05,1.7425105117007892e-05,4.1751605757978704e-05,3.881365289485574e-05,2.086351267201922e-06,0.004764505933501817,0.00013455793821175267,3.389091832626342e-07,3.9876725500739504e-05,9.959330620057944e-05,0.1862186890330419,3.869339268781655e-05,0.001082130934122127,0.00017964803893831747,7.404264189187876e-07,0.0004080548654210059,0.0003366366955998229,1.7246906622096825e-08
17,0.000148700663826513,4.430637968388989e-05,0.00022652340302335144,0.7680364026816091,0.00596292765034287,1.5174315473935866e-06,7.469559009595088e-05,6.59293407430879e-05,2.076587420692632e-05,3.8744497176435526e-05,4.382562233431034e-05,2.2567119990988804e-06,0.0054449109580374045,0.00015449050257563982,2.7607880460137346e-07,3.878304817509558e-05,0.00012251096184027205,0.2169412802251342,3.2202752889995026e-05,0.001317715017012043,0.00023081497633898452,6.596045032587956e-07,0.0005440887316878714,0.0005056523123424381,1.8984069299690403e-08
18,0.00012345219794160137,5.633256814481679e-05,0.00029414273444454777,0.7396493778027251,0.005404074857180705,2.158642371351219e-06,8.410427317565685e-05,8.062138036136693e-05,2.7447043269660627e-05,7.345197800525599e-05,4.281770405703407e-05,2.495024952456644e-06,0.00541851499429411,0.00022611086926390653,4.132745880489042e-07,6.943475231937906e-05,0.0001560750106813301,0.24463650159805342,5.155303641383405e-05,0.0018604464570067026,0.0003245597020221274,7.796419758760411e-07,0.0007653820349888471,0.0006497182662103975,3.4155552563771797e-08
19,7.703998163972436e-05,4.5285245773420297e-05,0.00015083376984054232,0.8713334190396681,0.003923814465695455,1.6063259438021018e-06,4.703625808701304e-05,5.1642013174095845e-05,1.8138699521922234e-05,4.9521051890602894e-05,2.410308774625554e-05,1.5850252891063253e-06,0.0036894411071104194,0.00011003650904532968,3.4671691302765065e-07,4.162616665011472e-05,8.955251631773694e-05,0.11828532788769529,3.067038619879134e-05,0.0011197486868451043,0.00011440947229857062,5.500675516433382e-07,0.0004189043089896268,0.0003753443173342971,1.6892780014512596e-08
20,0.00012516552180098323,4.0085197473982384e-05,0.0002888300242966981,0.7647671034425494,0.005386847000040118,1.7028177332449715e-06,6.499024399793895e-05,6.188847053927359e-05,1.53933018471306e-05,4.810749121637642e-05,3.4499047301475775e-05,1.824534556862619e-06,0.004024239931976856,0.0001164490423200209,2.598485662861105e-07,6.089703751909071e-05,0.00017043271039876055,0.2217730023887325,3.233439009593779e-05,0.0014093771595145787,0.0002444992125526646,3.897935088482699e-07,0.000738767173029388,0.0005928945536899358,1.9664741632451548e-08
21,9.356799285711002e-05,4.735325541883095e-05,0.00017766060741090562,0.8271607781056821,0.004833043891391711,1.949866032306046e-06,6.416772335544505e-05,5.9639868389881856e-05,2.0562355505477555e-05,5.38883533372434e-05,3.2789431031214336e-05,1.6275938290205971e-06,0.004147646905956564,0.00012072879642468479,3.8614087058748423e-07,4.6312628462590135e-05,0.00011092156503159033,0.16060036621876314,4.390266489465642e-05,0.0012297098796002048,0.0001840277893025028,6.014598215870274e-07,0.0005377654897378898,0.00043058207698131064,1.933991137290005e-08
22,0.00013700318285961855,4.2813489824803377e-05,0.00023937600030546176,0.7628977339447697,0.003851401066586165,1.637164593566437e-06,5.322802978816041e-05,7.099797665877574e-05,1.4037350509459801e-05,4.933348490825306e-05,3.576179193202785e-05,1.7325164784231184e-06,0.004495129188830991,0.0001184981214269606,2.65968626786002e-07,4.9768402515111176e-05,0.00014463575009257125,0.22538053058342702,3.4981798693118705e-05,0.0012244460634871553,0.00020647194996221044,5.374496713924816e-07,0.0005677654871872099,0.00038189733141304763,1.590545220221515e-08
23,0.00010947767162397445,4.5385433611881515e-05,0.00021082225362922108,0.8030830069485307,0.004494399806514859,1.6640368703816404e-06,6.110329552076429e-05,6.357807287766471e-05,1.8364060573776425e-05,5.055350005014371e-05,3.350801466803629e-05,1.7943093840433002e-06,0.004645126702959662,0.0001288213723511253,3.2824608007281165e-07,4.9736652337211456e-05,0.00011792270321196595,0.18433099476849077,3.80647330667034e-05,0.0013350224332871958,0.00019510652082636152,5.756634065828616e-07,0.0005293678622831294,0.0004552560717218499,1.8866121779968658e-08
24,0.0002394122160035374,4.648785155542829e-05,0.0006179394487527769,0.609010779045446,0.008675835003606334,2.739391068270909e-06,0.0001282353342723582,0.00011129212489995849,2.7043146123029148e-05,6.601577370619263e-05,7.688953106711817e-05,4.2880919788590074e-06,0.007993576537505594,0.0002198203719647131,4.195387787804699e-07,0.00011264049786855649,0.00024257206528253487,0.3664932484619059,3.803559200446961e-05,0.003545578502551834,0.0004418144018557407,7.356929144406146e-07,0.0008886401710183942,0.001015917433157,4.3774712114359414e-08
25,8.381906720548546e-05,5.591091150098474e-05,0.0002062028802025093,0.8565604661272046,0.003678197537461633,1.7565445730067092e-06,4.387220443840214e-05,3.7379902783062413e-05,2.1768802235943866e-05,7.97845618542001e-05,2.1587911188738945e-05,1.1917352518442778e-06,0.004039718676882865,0.00012285065355675874,4.133352263886674e-07,4.8079687351888655e-05,0.00010510509277282953,0.13233162693398473,4.5623894311361145e-05,0.0011970341526818357,0.0001558937399910247,4.906156866490774e-07,0.0005890001346064377,0.0005722036857492073,2.12112975927115e-08
26,0.0001225185183348037,4.150771956093173e-05,0.00029763296420872945,0.7705296204198082,0.0052253654204350505,1.5512501880648563e-06,5.789119247024765e-05,4.836017569449386e-05,2.0854748306893813e-05,5.456388844247303e-05,2.789506482702066e-05,1.4897750794948564e-06,0.004658028147805184,0.00013357828095162126,2.587725442269951e-07,5.404543193114274e-05,0.00012830147982361394,0.21521876007384677,2.96827278159933e-05,0.0016722918288248152,0.0002172781669289914,3.9420972924817595e-07,0.0007269996732253572,0.0007311109266836023,1.9142533166777364e-08
27,9.41068842162493e-05,4.772094759910278e-05,0.00016416143795567,0.8351444726267787,0.004227945877793712,1.7356274517577378e-06,5.885471242555123e-05,6.31020913025113e-05,2.2000314692970297e-05,5.168341731868502e-05,2.9634381750694076e-05,1.793429803478337e-06,0.004608028110012998,0.0001264131434170513,3.7543597281532907e-07,4.587327984365124e-05,8.708905370867933e-05,0.15290492793242952,3.895121826398146e-05,0.0012863477930516532,0.00014871992239024205,7.01551592121569e-07,0.00042742794647269115,0.00041791395600532927,1.8907749956487652e-08
28,0.00010947767162397445,4.5385433611881515e-05,0.00021082225362922108,0.8030830069485307,0.004494399806514859,1.6640368703816404e-06,6.110329552076429e-05,6.357807287766471e-05,1.8364060573776425e-05,5.055350005014371e-05,3.350801466803629e-05,1.7943093840433002e-06,0.004645126702959662,0.0001288213723511253,3.2824608007281165e-07,4.9736652337211456e-05,0.00011792270321196595,0.18433099476849077,3.80647330667034e-05,0.0013350224332871958,0.00019510652082636152,5.756634065828616e-07,0.0005293678622831294,0.0004552560717218499,1.8866121779968658e-08
29,0.00010947767162397445,4.5385433611881515e-05,0.00021082225362922108,0.8030830069485307,0.004494399806514859,1.6640368703816404e-06,6.110329552076429e-05,6.357807287766471e-05,1.8364060573776425e-05,5.055350005014371e-05,3.350801466803629e-05,1.7943093840433002e-06,0.004645126702959662,0.0001288213723511253,3.2824608007281165e-07,4.9736652337211456e-05,0.00011792270321196595,0.18433099476849077,3.80647330667034e-05,0.0013350224332871958,0.00019510652082636152,5.756634065828616e-07,0.0005293678622831294,0.0004552560717218499,1.8866121779968658e-08
30,0.00010947767162397445,4.5385433611881515e-05,0.00021082225362922108,0.8030830069485307,0.004494399806514859,1.6640368703816404e-06,6.110329552076429e-05,6.357807287766471e-05,1.8364060573776425e-05,5.055350005014371e-05,3.350801466803629e-05,1.7943093840433002e-06,0.004645126702959662,0.0001288213723511253,3.2824608007281165e-07,4.9736652337211456e-05,0.00011792270321196595,0.18433099476849077,3.80647330667034e-05,0.0013350224332871958,0.00019510652082636152,5.756634065828616e-07,0.0005293678622831294,0.0004552560717218499,1.8866121779968658e-08
31,0.00014295858696011766,4.360645250148407e-05,0.0002757697213200966,0.7615215866627941,0.003721545805917633,1.5078287098680034e-06,6.44672200114207e-05,7.783285212712229e-05,1.5299787279197282e-05,4.977032117594715e-05,3.294928525500289e-05,1.8499185458112912e-06,0.0051970115846855566,0.00012372492867989364,2.524908079529853e-07,5.446064181908326e-05,0.00013470963180346724,0.22600565449568488,3.443894604784883e-05,0.0013222228406156301,0.0002173420199965878,5.223883821234554e-07,0.000544570200005572,0.0004159289525459442,1.6436327602358336e-08
32,0.00010620392920380029,4.598853618661847e-05,0.000202410012891291,0.8098549253042643,0.004535920194536567,1.7043223467271442e-06,6.132006839088723e-05,6.196782579507365e-05,1.8425372403679363e-05,5.0921393949987435e-05,3.336462473092391e-05,1.732442083332654e-06,0.004584317694388818,0.00012357246596246803,3.498376597263396e-07,5.0504186364105086e-05,0.00011855226471914093,0.17759133473604005,4.1199995208821457e-05,0.0013136450139289153,0.00019885822373981086,5.850852646228715e-07,0.000536499334822253,0.00046567796133456226,1.9173783546256177e-08
33,7.190157438231428e-05,8.126863416913707e-05,0.0005194228981583554,0.73186647173562,0.009875819776280749,5.307495329838788e-06,0.00010069751604988346,6.594581513565551e-05,0.00010741827820325215,0.0002979612284338145,2.8658562379874588e-05,1.8391850929965675e-06,0.0038467929888958722,0.00047364272141123525,9.473558524109498e-07,0.0001360019466092638,0.0001435440911269012,0.24429527071246313,6.664027003737385e-05,0.004654158089632618,0.0003609334854854871,6.056058590889065e-07,0.0016891808147026217,0.0013094796638631156,8.955482506117616e-08
34,0.0002885758700529882,3.5291935553029006e-05,0.00025937699765529927,0.704194416525267,0.004768146506082931,1.035290805211521e-06,6.891208578584836e-05,5.552235753266533e-05,1.2344063046663763e-05,2.536446170090829e-05,5.429549822481939e-05,1.6104504912279257e-06,0.0077434821249691265,8.296302603381646e-05,2.3923033004954337e-07,2.8827049925101563e-05,0.00011399650917332893,0.2802091405415939,3.8485632552782555e-05,0.000948705396629628,0.00025725291218245346,5.521720911202948e-07,0.0003939050601512181,0.00041754798590136005,1.0316267355478559e-08
35,0.00010746174690060127,4.595832096316564e-05,0.0002114511990055366,0.8066088060287246,0.004555702032656615,1.6630571746041203e-06,6.087805024713497e-05,6.25315157530196e-05,1.852120064956081e-05,5.1022692347498824e-05,3.33507668653454e-05,1.7922049407559897e-06,0.004647285815724718,0.00013036516339692318,3.3497133978876203e-07,5.009137341420674e-05,0.00011841610647523467,0.18070477289272305,3.797415392568743e-05,0.0013608094640259953,0.00019466462618205016,5.734581152902489e-07,0.0005334624820232459,0.0004620914317413561,1.9244683772683346e-08
36,0.0001101467631817922,4.5411420293306325e-05,0.00021142342646259776,0.8024125409574209,0.004543278283683651,1.6658228058952107e-06,6.145427056656248e-05,6.322077521240095e-05,1.8422451566273006e-05,5.0356940046372216e-05,3.371972461546573e-05,1.7922825936308522e-06,0.004654386363449996,0.0001285806712817734,3.285487495828169e-07,4.959309496116226e-05,0.00011829630881813625,0.1849329857421707,3.820582908363212e-05,0.0013344762815366952,0.00019693533489219836,5.740589453209551e-07,0.0005324998598662581,0.0004596858981009668,1.8889694804382143e-08
37,1.4379534870377444e-05,5.137029126422403e-05,5.147119451628613e-05,0.9519248877127048,0.0017416407452884573,2.4058403681495185e-06,2.419909704484408e-05,5.98544674931653e-05,9.84715893965684e-06,8.907033428323091e-05,1.3646486249030845e-05,7.947935372996016e-07,0.001330007340912233,6.653012815791951e-05,8.31122633995155e-07,6.64673755345307e-05,9.091398804121933e-05,0.04309309380478451,7.627943770354543e-05,0.0007464895062895103,7.484765724953486e-05,5.350924356247261e-07,0.00034738181691204963,0.0001230372666459392,1.7806139854091682e-08
38,0.00012546386684904502,4.1722897779900116e-05,0.0002456411386347369,0.7744313996421578,0.0035735846282299757,1.9006589945878269e-06,6.710711300626573e-05,7.023928260749124e-05,1.4933795624136085e-05,5.3012027356496395e-05,3.2271111095107726e-05,1.6372576753530275e-06,0.00556434607460485,9.875127673508835e-05,3.2770639593298235e-07,6.854706906921964e-05,0.00013068142759876757,0.21253724448409922,4.1700971617680996e-05,0.001637180543432994,0.00021232204462650982,5.507687231987806e-07,0.0005644928959978184,0.0004849240885655475,1.7228522155247204e-08
39,0.00011323243689182342,4.44474000348935e-05,0.00021551825948762745,0.7960144200323612,0.004445998648386132,1.7242048471357312e-06,6.449159430294357e-05,7.017298573488156e-05,1.7775107759577203e-05,4.970922237355972e-05,3.488660689330944e-05,1.9017698112641619e-06,0.004704574523471119,0.00012633798926550452,3.247733481713544e-07,5.306558096234975e-05,0.0001236192695919572,0.19133656929333853,3.851443871342325e-05,0.0013583595115683224,0.00020271887783691913,5.913555392704728e-07,0.0005333719225044203,0.00044765522835669324,1.896661914230072e-08
40,0.00017290125203626988,5.479854376609881e-05,0.00030476790482043175,0.7915561193453149,0.005791514193676383,1.75092013310502e-06,7.523759245837163e-05,7.561851033435372e-05,1.9306362602229897e-05,4.770848344917411e-05,5.144287592421108e-05,3.1646838820811387e-06,0.006241703089266837,0.00016560549580075563,3.822798658870337e-07,5.224234020952309e-05,0.00015863176277995807,0.19233089779131193,3.223725817745977e-05,0.0015958566989347624,0.0002135523457878387,7.512106314357501e-07,0.0005296867055844497,0.0005240962149065636,2.6138345034696812e-08
41,9.422638419260819e-05,4.1454962419316726e-05,0.00016744395298714203,0.850534011679591,0.004344082603994128,1.5597546874964366e-06,4.813225746503842e-05,5.246344988159965e-05,1.6394060911772326e-05,4.443891235421425e-05,2.773387219926373e-05,1.5331638931699942e-06,0.0037864916536117957,9.880715875212288e-05,3.4250416971257656e-07,4.145733526536533e-05,9.665292303347036e-05,0.1385284326695068,3.108053292003483e-05,0.0011131688884837428,0.0001279337012824319,5.005339340188309e-07,0.0004298560189181787,0.00037178558197450154,1.5443571230216545e-08
42,0.00013958576600261956,4.164813131119207e-05,0.00027708276200587957,0.7177094241997802,0.005700162858668,1.551048262256719e-06,6.873495029975417e-05,5.236253516051896e-05,2.420282163681425e-05,4.9221502056882716e-05,3.48592613287796e-05,1.6026787341406946e-06,0.0044391352138916425,0.00017276154103153393,2.547126419849672e-07,3.9029708660284366e-05,0.00011369746667463923,0.26820611178194,3.2493095441588533e-05,0.0013234253709598172,0.0002721561074428471,4.313209808717501e-07,0.0007262983453913579,0.0005737481037063268,1.8715990197088874e-08
43,8.894600424712914e-05,4.8392338835302305e-05,0.00019819518617532973,0.8098787187216084,0.004328246995573085,2.3469811182142566e-06,6.108612554732955e-05,6.944224134870062e-05,2.2595273710665145e-05,7.419036955147272e-05,3.0248813880781264e-05,1.5744644799994264e-06,0.004194582031673811,0.00013154250355115876,4.3559659749588194e-07,6.386384618237086e-05,0.0001170953621930665,0.17783431954086049,5.01700124773985e-05,0.0015439148607691365,0.00019785932925970218,6.508360549436327e-07,0.000602486444624394,0.0004590740501267337,2.2069552735529664e-08
44,0.00010947767162397445,4.5385433611881515e-05,0.00021082225362922108,0.8030830069485307,0.004494399806514859,1.6640368703816404e-06,6.110329552076429e-05,6.357807287766471e-05,1.8364060573776425e-05,5.055350005014371e-05,3.350801466803629e-05,1.7943093840433002e-06,0.004645126702959662,0.0001288213723511253,3.2824608007281165e-07,4.9736652337211456e-05,0.00011792270321196595,0.18433099476849077,3.80647330667034e-05,0.0013350224332871958,0.00019510652082636152,5.756634065828616e-07,0.0005293678622831294,0.0004552560717218499,1.8866121779968658e-08
45,0.00014025772093219385,5.662319058804132e-05,0.00036496030503947426,0.6690440174652955,0.004897006286651288,1.5648442690657977e-06,5.60197658624405e-05,6.323663103775898e-05,1.9673845332612675e-05,7.22087656444708e-05,4.2032378784120586e-05,2.07260917701564e-06,0.004714251487465453,0.0002587379717448749,2.5226396559998493e-07,5.80134237112644e-05,0.00020689016624024135,0.3163373819791689,4.128490486348381e-05,0.0015768340071732835,0.0004083517821582396,5.357105960953547e-07,0.0009722156941595578,0.0006655477641549683,2.9035984102805114e-08
46,9.342926954851902e-05,4.971935209957152e-05,0.00026622215028323837,0.7439442124858944,0.005338111126945867,1.876558708116776e-06,7.502410159354372e-05,6.266188222324211e-05,3.367733979726311e-05,7.971928494721719e-05,3.151087457680402e-05,1.6217701410195757e-06,0.0049436197709350985,0.00021583399041403355,3.9042964991613843e-07,6.062680831715943e-05,9.989453879397866e-05,0.2411301829704149,5.003914930586448e-05,0.0019292462365048423,0.00028061990926218016,5.645383454609538e-07,0.0006789526005576924,0.0006322161855299163,2.6675210251650636e-08
47,0.0001285754410009631,4.942519923547977e-05,0.00018577468778965093,0.8279848271525674,0.003636946079973463,1.7265449095068155e-06,5.979037265829909e-05,7.307766542602169e-05,1.5175910949606391e-05,4.6534008463706426e-05,3.558627505985167e-05,2.1768581412686763e-06,0.0062135441618290255,9.723215725087192e-05,3.3602840204357365e-07,5.2017029281099796e-05,0.00010721530285001664,0.15903202315008336,3.6285935174819584e-05,0.0013664574959053408,0.0001350638682585212,8.219381431681048e-07,0.00035471791594634053,0.0003846521029757345,1.6717724384534766e-08
48,0.00012839003222284278,4.3738694004627875e-05,0.0003419998674173536,0.7323861522162821,0.007339711471640144,1.7259451008983875e-06,8.072449840588635e-05,6.0726045792025385e-05,2.7511210208632088e-05,5.679721449984643e-05,4.303308402719213e-05,2.3233528677103306e-06,0.006202035498269865,0.00019042088249934916,3.733658458685702e-07,7.105125036134443e-05,0.0001323937595270277,0.24837993855013568,3.6263966083600963e-05,0.002562298451014507,0.00029056847187966024,5.442604636197425e-07,0.0006857842430095331,0.0009354639091505651,2.9759290415325786e-08
49,0.00012240456468110917,4.533508454986955e-05,0.000246176189723476,0.8001696937651454,0.004482926895571697,1.8227980941826218e-06,6.433201755982048e-05,7.02781959895277e-05,1.7806537832385455e-05,5.048437440617601e-05,3.546046990235882e-05,2.1208273592591132e-06,0.005045952582630204,0.00012916485965197143,3.210935806820374e-07,5.5748863452002134e-05,0.00012985771460384928,0.1865272044543125,3.138769771236285e-05,0.0015745746911004289,0.00018117906884355207,5.818805226193095e-07,0.0005409921084548189,0.00047417354638085537,1.971793901965136e-08
50,9.746059597951648e-05,5.169877331460989e-05,0.0001869117445235203,0.8108714971522943,0.0042102129341425884,1.9232789326855665e-06,7.044617088381026e-05,7.534424169502978e-05,2.445869362247336e-05,6.361720393217168e-05,3.1455069336053523e-05,1.8205604496232557e-06,0.004846891156519766,0.00015090249370966005,3.6344265960246694e-07,4.77266722427648e-05,9.523848185018014e-05,0.17679373002710275,4.5255636270522204e-05,0.001302066117030705,0.00018294104340390265,7.423943317209111e-07,0.00046926501734757256,0.00037801128156768484,1.9816856738936887e-08
51,0.00023519167056962372,2.7946983014848822e-05,0.0009451141171876156,0.40126901544982385,0.013499451406942626,2.5101724213694202e-06,0.00018151216956074364,7.538016544411777e-05,2.9594399279681537e-05,6.102639174040229e-05,7.59550990653066e-05,2.9632524196699907e-06,0.00732207956800238,0.0002331908021573967,2.6890501745820953e-07,0.00014969227519074212,0.0003838911375726932,0.5647336190244371,4.2708675312505946e-05,0.004910694329800983,0.0011833552790810001,4.022516426050373e-07,0.002000742808012981,0.002633638779913188,5.488638914370456e-08
52,0.00012032718759569503,5.226942344047224e-05,0.00023980461578181528,0.8182706619463267,0.006229742183479622,1.6838823282983893e-06,8.227506874286467e-05,6.7922449436254e-05,1.866399539223514e-05,4.2399584816599015e-05,4.233409524548874e-05,2.4724987888470523e-06,0.004922827739398775,0.00014334029436756542,3.408361591003718e-07,5.073847151176331e-05,0.00015837224141719252,0.16670780333248206,3.62610934483954e-05,0.0013776601922521946,0.0002444962627643747,5.993511885540347e-07,0.0006276683288396745,0.0005593106040040516,2.4320791458161467e-08
53,0.00010338987871669619,4.728593039538342e-05,0.00019043965964800116,0.8316523580737172,0.0037426426498402463,1.2737923909087043e-06,3.640294679269028e-05,4.428860781304059e-05,1.4362386948277776e-05,5.409492815199904e-05,2.7795494457416144e-05,1.305544395682379e-06,0.00448895012400389,0.00010415178686764981,2.9915478609950575e-07,4.242712048767446e-05,0.00011119778752946887,0.15716270895981205,3.810238256024084e-05,0.0011022654846610375,0.0001545085893027627,5.055683304954324e-07,0.0004402327800923608,0.00043899561439388074,1.4753905059238196e-08
54,0.00010605320149704821,4.748078989509608e-05,0.00021598189135276307,0.8066012793505145,0.00455506747606048,1.704144464624204e-06,6.193947739785461e-05,6.482071883300266e-05,1.945818819457929e-05,5.408605006500379e-05,3.322273861183036e-05,1.8741955761449521e-06,0.004687080731601999,0.000137378710647918,3.468944383143024e-07,5.245294540916957e-05,0.00011756107090580608,0.18060682498915148,3.867508365221885e-05,0.0014042764191160224,0.0001940439120988502,5.94893362641145e-07,0.0005302648111161122,0.00046751084499054615,2.0471046052393832e-08
55,0.00012709296743343797,3.796995875670111e-05,0.00019414384385080184,0.8045094330178477,0.0053803041624510845,1.5179863183672333e-06,7.664418195324088e-05,6.119735827486825e-05,1.9695140740835327e-05,3.3176411722367065e-05,3.6926255278589444e-05,2.2222173219253197e-06,0.0051346375232896,0.00011055700488067812,2.777763423421702e-07,4.221433426992712e-05,9.701999314268044e-05,0.18167538288251567,2.9919465512789933e-05,0.0012622480895624045,0.0001706190804685897,5.639766909724812e-07,0.00045562232608633614,0.0005405968009225506,1.724436552082789e-08
56,0.00011400878428892712,4.605403801450465e-05,0.0002126730582470164,0.8030378035237882,0.004494328423858598,1.659788360374345e-06,6.243224048570157e-05,6.414834836422891e-05,1.849172749188195e-05,4.984706957190933e-05,3.441456739306433e-05,1.842894310920022e-06,0.004865627639726637,0.00012887580639680182,3.31879826338041e-07,4.923377214094256e-05,0.00011763711206234531,0.1841437397646374,3.835153962880942e-05,0.0013426021685331415,0.00019594051020870623,5.9942385166312e-07,0.000519720132634374,0.0004596168488127142,1.8937364801435453e-08
57,0.00010350488088285512,5.1873927355883256e-05,0.0002025244683103605,0.8162975735333506,0.004436802430480671,1.5514214870359892e-06,6.599217078983773e-05,6.552101421141319e-05,1.836952759261849e-05,5.3266796943653296e-05,3.560807863905577e-05,1.8344718098874503e-06,0.005783026094148604,0.0001255465414698624,3.770376637452802e-07,5.6300203667455784e-05,0.00011706272887888272,0.16989381764636563,5.0818662218038245e-05,0.001450696623185924,0.00021888568623178658,6.905402951788004e-07,0.0004674892862323985,0.0005008458062829914,2.042150541071376e-08
58,0.00011073944651870573,4.7412124208218485e-05,0.00021921816119696048,0.8090735518269363,0.005135629408869011,1.701414281999403e-06,6.534587053715834e-05,5.8289369896585594e-05,2.0607481721216825e-05,5.100422319978083e-05,3.475911091126177e-05,1.8419947338701993e-06,0.0051171454579556075,0.00013066546534666484,3.612253578128889e-07,5.2414306212504046e-05,0.00011832141206260642,0.17687657002176047,3.989987978091509e-05,0.001514669662054685,0.00020618924811759647,5.984913828354047e-07,0.0005518240642578352,0.000571219317955733,2.101474370712996e-08
59,0.00011053741056597811,4.736197024079188e-05,0.0002359161030609506,0.8000341128143319,0.004963334117712759,1.7145114780855499e-06,6.425500400942497e-05,6.043599079299169e-05,2.0267948232492232e-05,5.424308265295765e-05,3.395550234216943e-05,1.8581946995892175e-06,0.005007862377805838,0.00013793676094801834,3.448934995024408e-07,5.5535509356110515e-05,0.00012464397558530982,0.1860755181966993,3.852943773909044e-05,0.0015672842767405746,0.00021271074771142063,5.708850425888208e-07,0.0005819318065773467,0.0005691170501537352,2.1432021295209633e-08
60,0.00010947767162397445,4.5385433611881515e-05,0.00021082225362922108,0.8030830069485307,0.004494399806514859,1.6640368703816404e-06,6.110329552076429e-05,6.357807287766471e-05,1.8364060573776425e-05,5.055350005014371e-05,3.350801466803629e-05,1.7943093840433002e-06,0.004645126702959662,0.0001288213723511253,3.2824608007281165e-07,4.9736652337211456e-05,0.00011792270321196595,0.18433099476849077,3.80647330667034e-05,0.0013350224332871958,0.00019510652082636152,5.756634065828616e-07,0.0005293678622831294,0.0004552560717218499,1.8866121779968658e-08
61,0.00011708719017614526,4.756466640333046e-05,0.00024621715916251516,0.7913192589581304,0.00519870330266561,1.7222431569001538e-06,6.772486203268351e-05,6.179758139160892e-05,2.093006520857196e-05,5.3755507196818944e-05,3.5529604547693086e-05,1.922371794940795e-06,0.005048461131778104,0.00014179941427805797,3.3886250056383994e-07,5.4575859542044716e-05,0.0001275478998624374,0.19447431257050773,3.896887961253237e-05,0.0015361506523334251,0.0002253846683825046,5.698211314039193e-07,0.0005970648218656445,0.000582590105283681,2.180105475381177e-08
62,0.00010947767162397445,4.5385433611881515e-05,0.00021082225362922108,0.8030830069485307,0.004494399806514859,1.6640368703816404e-06,6.110329552076429e-05,6.357807287766471e-05,1.8364060573776425e-05,5.055350005014371e-05,3.350801466803629e-05,1.7943093840433002e-06,0.004645126702959662,0.0001288213723511253,3.2824608007281165e-07,4.9736652337211456e-05,0.00011792270321196595,0.18433099476849077,3.80647330667034e-05,0.0013350224332871958,0.00019510652082636152,5.756634065828616e-07,0.0005293678622831294,0.0004552560717218499,1.8866121779968658e-08
63,0.00010461745205762083,4.7542082105018707e-05,0.00019854849399360408,0.8142929931048067,0.004402971111143539,1.6838311986909089e-06,5.990053792887578e-05,6.291046516716e-05,1.8312441005725844e-05,5.1425749167223154e-05,3.302808666379864e-05,1.773160960791792e-06,0.0045465225431860065,0.00012600234823389086,3.4539499340985913e-07,4.9438405043830145e-05,0.00011688653571537385,0.17341129804210884,4.0571392947872125e-05,0.0012754713430681926,0.0001915346118406858,5.981701741873423e-07,0.0005198550635538597,0.0004457504433212603,1.9189613868953694e-08
64,0.00012079382742392379,4.788977782016407e-05,0.0002413464675345307,0.7742220232272294,0.005102803135054377,1.7635574514631954e-06,7.233885661894636e-05,6.841458346547946e-05,1.981723740261545e-05,5.300590241160255e-05,3.8886992103302736e-05,1.9416629787610406e-06,0.005058896734747866,0.00014486194023900496,3.386921283840578e-07,5.498658298712868e-05,0.0001378518689635303,0.21168690797724035,4.431322915692111e-05,0.001457216856520288,0.0002631181419333933,6.049120805589152e-07,0.0006236957580073052,0.0005361603217834431,2.175671723122645e-08
65,0.00010146269412985003,6.892203945478051e-05,0.00037017419531308436,0.7712109538448344,0.005110453398461399,1.7059567239003533e-06,6.971173363937378e-05,7.41477806340953e-05,4.196885556509086e-05,0.00010660228005948752,2.9358098703965844e-05,2.564304000294995e-06,0.006577963815928358,0.0003392906149796498,3.8493600690140703e-07,7.532977960512545e-05,0.00010556324824044192,0.2113118437541205,3.6175192346158795e-05,0.0027794289277108773,0.00021977469174780845,7.532905682617469e-07,0.0006060496227328618,0.0007593777397395402,3.92047536784339e-08
66,0.0001311170360059227,4.495551971377382e-05,0.00026527706040548933,0.7761178007782182,0.004648124389387943,1.4903290231822123e-06,6.683362453025945e-05,7.024047124024826e-05,1.8208281547489867e-05,5.021848261201157e-05,3.7304111693832217e-05,2.017028790814321e-06,0.006413095126079934,0.00013672986935533507,3.0335609962572486e-07,5.475229688364283e-05,0.00011382459139195457,0.208890798874314,3.293155690042464e-05,0.0017924129705630518,0.00019245786663717865,5.98523796577867e-07,0.00045016610036747404,0.00046832361660142897,1.8137840110000353e-08
67,0.0001229993528772108,3.7371301115549065e-05,0.000399238140590311,0.728205478765004,0.004018534988303711,1.5345536028715115e-06,5.279202626903617e-05,5.352179130535574e-05,1.316805415785417e-05,5.817994616648943e-05,2.739906489200824e-05,1.2430136348932338e-06,0.00561646849289284,0.00012646549852104837,2.591503102166916e-07,8.506332151979181e-05,0.00018460033052713432,0.2562614185886777,2.764619532239332e-05,0.0028003337613741047,0.00027610525952734874,3.2982695169764147e-07,0.000932638192892651,0.0006971921200735335,1.826349013919029e-08
68,0.00015298052358053872,4.0162665412832446e-05,0.00012591396371933208,0.7777792175303389,0.002914264545653508,1.4036423434527918e-06,5.8649776799194976e-05,9.475473157270059e-05,7.821483468246311e-06,2.989472111758322e-05,4.475228250133649e-05,1.4973618126519825e-06,0.004424790896413843,5.45585073811645e-05,2.4623912510130606e-07,3.815211593698977e-05,0.00013092938481344492,0.2127061319565542,6.998006246024823e-05,0.0005199018447036711,0.00023931708294033248,7.020246894465889e-07,0.00035092574078278546,0.0002130418800724629,9.035806148971837e-09
69,9.75925993946601e-05,4.1090706751778996e-05,0.00011342745275898191,0.8707711226794517,0.004058995796226734,1.3689881936915075e-06,4.348196557266449e-05,4.581788457021472e-05,1.2246800703914299e-05,3.168322107093484e-05,3.105865265944338e-05,1.4307878251684523e-06,0.0033714487100634186,7.163664565708024e-05,3.0415395678234465e-07,2.7811088455540813e-05,9.725561561922114e-05,0.11972960433682198,3.672887500227203e-05,0.0006314687843951949,0.00012177287775232347,5.486963941815075e-07,0.0003610449160051503,0.00030104589107466913,1.1873622237298728e-08
70,0.0001406381637911049,5.2611571459333326e-05,0.0002930207728562113,0.6075900664176548,0.004081457829474984,2.4717569389781635e-06,8.234369177870746e-05,0.00010261763583407309,1.915530289000659e-05,8.74255110130572e-05,5.270472348288855e-05,2.2076012061733404e-06,0.0060522665046014845,0.0001611059531540891,3.521982701405999e-07,0.00010836011347234541,0.00020938086454000445,0.37701434787926424,0.00010221762621337388,0.0017449280210056768,0.0005584425181599771,8.96584561595262e-07,0.0008088246616560125,0.0007321249992320701,3.109748873079561e-08
71,0.00012242642009283172,3.996457177924168e-05,0.00016652147359084136,0.8320780367370832,0.003474422914130267,1.4837715494740286e-06,4.711609098029853e-05,5.861806687073635e-05,1.1837460425736014e-05,3.788587997391917e-05,3.317917840986699e-05,1.6535694985130788e-06,0.004121462714586192,8.308711502645062e-05,2.9487265089560285e-07,3.8487259227433064e-05,0.00011675648449057185,0.15778929883099946,3.495151014513126e-05,0.0008623743533337673,0.00014320424055775969,5.54389696893492e-07,0.00041027251239466017,0.0003260964471976797,1.3135308024309485e-08
