,0,1,2,3,4,5,6,7,8,9,10,11,12,13,14,15,16,17,18,19,20,21,22,23,24
0,6.105468547410991e-06,1.440966944987649e-11,1.5055503867757732e-06,0.9930897361243776,1.6161318400958911e-09,1.966300881339626e-07,4.21226874242441e-07,8.18752584013461e-06,1.0973690952021252e-06,4.2438598401319506e-05,3.6339105644975533e-06,1.7236375979848332e-08,2.9174785363603302e-05,3.324310430004663e-05,2.1776397305924577e-10,0.0001957000436752244,0.005214392788094694,0.0011650355441501507,2.3594342348239195e-11,2.2091066986827045e-07,3.270418068788305e-08,1.2590636493605475e-08,1.9939694722341385e-07,0.00020864626337189143,3.5615898213903493e-10
1,7.77356593693274e-06,1.6887262265225594e-11,1.7593978426770845e-06,0.9919183260181439,1.934901890846339e-09,3.479475992222195e-07,5.976307899698238e-07,1.1480594897868688e-05,1.7994999263067598e-06,7.749269399307947e-05,3.6030223331575914e-06,1.940578369242728e-08,3.2279966342670556e-05,3.758146789265087e-05,3.0389747844350784e-10,0.0003546933109773261,0.005936107341005404,0.0013326439107687695,4.470346207150614e-11,4.3816886548647815e-07,4.009539433331344e-08,1.783582844025991e-08,2.806403543010065e-07,0.0002827146740642122,5.108694178502212e-10
2,8.389241622696193e-06,1.6370393757462578e-11,2.084712705547756e-06,0.9919510654592449,2.166455979719655e-09,3.5329275954204096e-07,6.633323123086237e-07,1.3397456300733217e-05,1.8036820517869489e-06,8.761237882205362e-05,3.732139608670215e-06,2.0368225795151527e-08,3.2208434024843084e-05,4.690190337306339e-05,3.6492491809381854e-10,0.00030521062218414794,0.005643671324695879,0.001572943945591268,5.3241537681874335e-11,6.937320918215433e-07,5.3056139025629275e-08,2.5352956203624723e-08,3.7910976612586037e-07,0.00032878714776295485,7.067675153757376e-10
3,7.590482371222552e-06,1.6552167795050143e-11,1.8210986599049676e-06,0.9917215082146074,1.8434543357765682e-09,3.2144850907435795e-07,5.651874708026618e-07,1.0526669872416069e-05,1.4080360448440402e-06,6.55832501445929e-05,3.7977106181796064e-06,2.2400896572379553e-08,3.319955852195407e-05,4.187370115175118e-05,2.879986490766801e-10,0.0002852457892526721,0.0060095213230668375,0.0015453281386087116,3.9881661672662245e-11,4.387584527731236e-07,4.581715668073632e-08,1.8305838075856002e-08,2.933432532805475e-07,0.0002708880361120225,5.415034172903039e-10
4,7.061285645458666e-06,1.77798991145708e-11,1.8229481908969919e-06,0.9913084598742503,1.8764542221138566e-09,3.3062545667715834e-07,5.620554212650168e-07,1.0252795838189797e-05,1.3283961731624563e-06,6.0348882826173174e-05,3.973762347798034e-06,2.4976738389365182e-08,3.754293862913494e-05,4.365791223045557e-05,2.7421990274617923e-10,0.0002824790402100726,0.006454953845251058,0.0015443797585835961,3.9091165226081035e-11,4.1275297923444463e-07,4.514567480328547e-08,1.8433759177367413e-08,2.878574565405408e-07,0.00024205398698142275,5.178110441628462e-10
5,9.842641140774337e-06,6.546052249681463e-09,1.0366921339890308e-05,0.9552797864806386,8.224474084936507e-08,1.539342614786896e-05,8.082397019699682e-06,0.00017363940295269672,2.14147592863833e-05,0.00011915706493152711,0.00012683266733577676,5.074229478065817e-07,0.004424495573848068,9.915443943175178e-05,1.7081608328827482e-08,0.005751077480734388,0.03375087753474706,0.00012028105106055851,7.358017344270482e-09,4.7199854066171653e-07,3.9723623428916606e-07,3.036603839011065e-07,1.7297585020682143e-06,8.607435273965613e-05,4.996177364424548e-10
6,7.590482371222552e-06,1.6552167795050143e-11,1.8210986599049676e-06,0.9917215082146074,1.8434543357765682e-09,3.2144850907435795e-07,5.651874708026618e-07,1.0526669872416069e-05,1.4080360448440402e-06,6.55832501445929e-05,3.7977106181796064e-06,2.2400896572379553e-08,3.319955852195407e-05,4.187370115175118e-05,2.879986490766801e-10,0.0002852457892526721,0.0060095213230668375,0.0015453281386087116,3.9881661672662245e-11,4.387584527731236e-07,4.581715668073632e-08,1.8305838075856002e-08,2.933432532805475e-07,0.0002708880361120225,5.415034172903039e-10
7,7.54096665570334e-06,1.6370490355352147e-11,1.785086218189692e-06,0.9916841674754897,1.843110587757149e-09,3.237437084321878e-07,5.69688441161037e-07,1.0377967834972888e-05,1.430828239547914e-06,6.69648758486232e-05,3.778822558223396e-06,2.2354909403442724e-08,3.238391129433552e-05,4.272503853864755e-05,2.911257636559788e-10,0.0002891594611854708,0.006017902546718726,0.001564613263641497,3.9472706819092594e-11,4.4700997968539567e-07,4.6062875245911826e-08,1.8506397710469403e-08,3.0016679649056103e-07,0.00027543947285577937,5.597331485581661e-10
8,8.27505937891624e-06,2.1954200591031334e-11,1.954996904088417e-06,0.9896863311380967,2.0578407371145798e-09,3.9362966023886964e-07,6.865613448266526e-07,1.2727421499578579e-05,1.3853917484863039e-06,6.28712861310487e-05,4.1690550388727465e-06,3.461303552791128e-08,4.940684420705618e-05,4.344265164885388e-05,2.717194634228989e-10,0.00035130610384488583,0.007713727301152747,0.001854447796131724,5.078162822212723e-11,4.6905861863847666e-07,5.1270841998074104e-08,2.007877211996322e-08,2.900993277041616e-07,0.00020800671047332722,5.298464238347005e-10
9,8.178415768140702e-06,2.0919042492736075e-11,1.8121352772053192e-06,0.9902958980759546,2.026465981455882e-09,3.6546654452896637e-07,7.118404523285911e-07,1.1700987670704425e-05,1.427867611797269e-06,6.284484932835622e-05,4.068238385926614e-06,3.1913630364648754e-08,4.208019550283239e-05,4.371549929461032e-05,2.920055507871443e-10,0.00033311704600228815,0.007084189509798916,0.0018822062582594403,4.5833619454010817e-11,4.4837220009916556e-07,5.08236414052442e-08,1.9617911735218165e-08,3.024183273829774e-07,0.00022682747272373266,6.10489242892274e-10
10,7.590482371222552e-06,1.6552167795050143e-11,1.8210986599049676e-06,0.9917215082146074,1.8434543357765682e-09,3.2144850907435795e-07,5.651874708026618e-07,1.0526669872416069e-05,1.4080360448440402e-06,6.55832501445929e-05,3.7977106181796064e-06,2.2400896572379553e-08,3.319955852195407e-05,4.187370115175118e-05,2.879986490766801e-10,0.0002852457892526721,0.0060095213230668375,0.0015453281386087116,3.9881661672662245e-11,4.387584527731236e-07,4.581715668073632e-08,1.8305838075856002e-08,2.933432532805475e-07,0.0002708880361120225,5.415034172903039e-10
11,7.547580261017063e-06,1.7357123361179253e-11,1.864486418639968e-06,0.9915148697802074,1.8575674675807237e-09,3.2712422102878837e-07,5.735955700621478e-07,1.0986357072350664e-05,1.3779976134106252e-06,6.30840639699141e-05,3.8884792056160276e-06,2.3644043122887855e-08,3.6160846028693905e-05,4.1281822472708564e-05,2.8759402220904255e-10,0.00029000747962958074,0.006254874508703907,0.001515587195612139,4.1861266987762457e-11,4.2683155472098094e-07,4.551943761318294e-08,1.8513906181623878e-08,2.870960399105483e-07,0.0002567643567482141,5.169037405615749e-10
12,8.631530867838222e-06,2.7318110162936238e-11,2.0991768541184256e-06,0.9885896816337997,3.3698487418513097e-09,5.374677348925003e-07,7.033533383280511e-07,7.063276143742853e-06,1.4578124881665312e-06,7.473677779157783e-05,4.856090098717611e-06,4.8394302945396144e-08,3.749480438553762e-05,9.133555323832335e-05,3.144460326266434e-10,0.0002948123204678288,0.007010238519502064,0.0035755917811993937,3.8202271725591486e-11,8.847219935440286e-07,7.746200803388799e-08,2.1778884457888715e-08,5.251693749536208e-07,0.00029919725230990156,1.373400760896862e-09
13,6.359112370329833e-06,1.6424529920768283e-11,1.7365126593395356e-06,0.9918876543205862,1.7513594930754966e-09,2.847312896603416e-07,4.5997605832014183e-07,8.912209477172467e-06,1.1062742188788475e-06,4.841748573053227e-05,4.485784347571311e-06,2.3266962228100603e-08,3.589679720308581e-05,4.0065809504431e-05,2.7002602149755187e-10,0.000244311730021182,0.00618145273848556,0.0013089973245759058,3.314160640419308e-11,3.1180328963744697e-07,4.158680530694269e-08,1.6017794602180424e-08,2.5992207888980153e-07,0.00022920412868636587,3.9690304038317745e-10
14,5.830960461011155e-06,1.0397382708802254e-11,1.336716970816679e-06,0.9930961042548743,1.4018157676246557e-09,2.145086020313486e-07,4.6793891114975385e-07,8.69811105360947e-06,1.6262667469567517e-06,6.585146438496394e-05,2.8219273295120826e-06,1.2734357688053426e-08,2.033422237398119e-05,3.8407467579701825e-05,2.509380586599232e-10,0.00020989073774798018,0.005017761299114905,0.00122564182314733,2.404133488164143e-11,3.829028745484331e-07,3.499269131385122e-08,1.666409114731314e-08,2.9089467094155635e-07,0.00030427185509228534,5.697312632002969e-10
15,7.590482371222552e-06,1.6552167795050143e-11,1.8210986599049676e-06,0.9917215082146074,1.8434543357765682e-09,3.2144850907435795e-07,5.651874708026618e-07,1.0526669872416069e-05,1.4080360448440402e-06,6.55832501445929e-05,3.7977106181796064e-06,2.2400896572379553e-08,3.319955852195407e-05,4.187370115175118e-05,2.879986490766801e-10,0.0002852457892526721,0.0060095213230668375,0.0015453281386087116,3.9881661672662245e-11,4.387584527731236e-07,4.581715668073632e-08,1.8305838075856002e-08,2.933432532805475e-07,0.0002708880361120225,5.415034172903039e-10
16,7.785112241845219e-06,1.5786071746152008e-11,1.658312784868468e-06,0.9908080737015984,1.8290672127010377e-09,3.0113002539721513e-07,6.067131155245843e-07,8.412295833740497e-06,1.126679144894301e-06,7.709962883907062e-05,3.882503907123881e-06,2.9346919154226275e-08,2.9696396225771985e-05,5.5233552697687365e-05,2.6163271774205384e-10,0.0002931845799071587,0.006073517614037558,0.0023647911222662026,3.529990144768349e-11,4.890813784434994e-07,6.251492668429246e-08,1.9523348556466144e-08,3.05612042049845e-07,0.0002737216949333957,7.420407178854438e-10
17,8.87202313927161e-06,1.9231845496626276e-11,1.9436140521640263e-06,0.988798515364895,1.9131013764980646e-09,3.1028019345581517e-07,6.403687173317427e-07,1.1583044820862983e-05,1.1498435431007839e-06,6.267557802122048e-05,4.223541077103418e-06,3.7617172379043545e-08,4.3659430615697996e-05,5.8807452995337226e-05,2.5434474405251643e-10,0.0002674168437486916,0.007921719518481536,0.0025852633902938567,4.43731849800778e-11,5.476331530305193e-07,6.083186321559702e-08,2.4788353533602752e-08,3.659398291716357e-07,0.0002321799035348175,7.604477763350206e-10
18,1.0683754568163347e-05,2.427008664697484e-11,1.821659482262026e-06,0.9862016606761868,2.094987878920583e-09,3.922698233110991e-07,8.637562487433486e-07,1.2080767476864771e-05,1.852400461751524e-06,9.724385505663077e-05,4.390620732598802e-06,4.309276072182656e-08,4.2889508290538845e-05,7.492368663061286e-05,3.158652118948058e-10,0.00035177682281929397,0.009650905750378596,0.0032468675434131566,5.296003991564142e-11,6.933696324140125e-07,6.236220974887057e-08,3.354105025890069e-08,4.343406022924833e-07,0.00030037645702483517,1.2770673115461534e-09
19,6.483346124282971e-06,1.57873626638541e-11,1.891854883627825e-06,0.9924217211570677,1.8566307163729935e-09,2.796295657098842e-07,5.405947823333316e-07,1.1212725772479942e-05,1.214419720070655e-06,5.3496688278478364e-05,3.6463245932134967e-06,2.290517287534611e-08,3.621084972063338e-05,3.7608911047422964e-05,2.6706702303939637e-10,0.0002489845976145475,0.0055860562022379216,0.0013673801491681816,3.815321987330065e-11,3.974702258637586e-07,4.4048101073804887e-08,1.7775714540055285e-08,2.5205146461854015e-07,0.00022253568691054954,4.341956180124112e-10
20,1.1805235492023874e-05,1.8944589304266243e-11,1.8690690296079655e-06,0.9889714068964033,1.9278258796762243e-09,3.71700795914899e-07,5.148033900924129e-07,8.66990598496858e-06,1.4969066881485746e-06,7.91480446580594e-05,3.710433558029167e-06,2.8951449729113715e-08,3.665838787914769e-05,4.82633163678478e-05,1.8277489551926746e-10,0.0003523524966873463,0.007513311207851559,0.0026835455773954547,3.957775302186397e-11,4.660753472624829e-07,3.996574666481264e-08,1.4744991125138075e-08,2.637740515369457e-07,0.00028605970350881665,6.336005010398211e-10
21,8.804283468358308e-06,1.8133584856167662e-11,1.927926832435717e-06,0.9915566761507847,2.122230687242215e-09,3.182097140117769e-07,5.417417716047436e-07,9.554307386547304e-06,1.3833543056798707e-06,7.520305427587685e-05,4.1822596135860635e-06,2.5678883212122567e-08,3.163003820373529e-05,4.700720126695267e-05,2.8829417352156456e-10,0.0002926675267289344,0.005823456311674767,0.0018489710879528306,4.19294064591517e-11,4.6681989525769234e-07,5.413733658428149e-08,1.8862064377927315e-08,2.9485520811265556e-07,0.0002968131049440986,6.171003901576482e-10
22,7.965707755579964e-06,1.4378562955880457e-11,1.7757885499651732e-06,0.9917588367723585,1.6502135617882052e-09,2.5338605053646184e-07,4.549195084846371e-07,9.192517987553931e-06,1.2392803315570993e-06,6.764970643705028e-05,3.7861501105441237e-06,2.117345834024481e-08,2.946086853938789e-05,4.0675151322028475e-05,2.3490380152612756e-10,0.00025163995141005106,0.005930916282001692,0.0016172530091691304,3.5021050080492135e-11,3.769898507957311e-07,4.4596362639697825e-08,1.688307436332653e-08,2.423200299076776e-07,0.00027819613466682053,4.765080776289934e-10
23,7.590482371222552e-06,1.6552167795050143e-11,1.8210986599049676e-06,0.9917215082146074,1.8434543357765682e-09,3.2144850907435795e-07,5.651874708026618e-07,1.0526669872416069e-05,1.4080360448440402e-06,6.55832501445929e-05,3.7977106181796064e-06,2.2400896572379553e-08,3.319955852195407e-05,4.187370115175118e-05,2.879986490766801e-10,0.0002852457892526721,0.0060095213230668375,0.0015453281386087116,3.9881661672662245e-11,4.387584527731236e-07,4.581715668073632e-08,1.8305838075856002e-08,2.933432532805475e-07,0.0002708880361120225,5.415034172903039e-10
24,1.622328086573293e-05,2.6537173200306964e-11,2.6660654376718048e-06,0.9894569255445962,2.1153445763272395e-09,4.2943318443091955e-07,8.809858088434065e-07,1.6735455015047584e-05,2.6932820690033633e-06,0.00013096318109496248,4.900746944276293e-06,2.4625881698557727e-08,3.506444381110747e-05,4.7192031361706185e-05,5.146683143014148e-10,0.0003254728153148586,0.007411923817578906,0.0020181555919927038,8.17292156932653e-11,7.556865902937874e-07,7.533700172429137e-08,3.4453299372890304e-08,4.184337773909826e-07,0.0005284609926488674,1.057445783343751e-09
25,8.97007442802486e-06,2.4819856591272103e-11,2.0485134917349437e-06,0.9892953483920717,2.3420437480941265e-09,5.118977072554674e-07,6.738808585187569e-07,8.601727657474134e-06,2.1642753778201465e-06,0.00010111540462499789,4.5720843820588765e-06,2.9945974772999694e-08,3.350684742434191e-05,6.749381546499977e-05,3.747154025228011e-10,0.00034269950093475995,0.0076051189968542165,0.002098242242604851,4.509510860537885e-11,6.288174885877918e-07,5.472196226955019e-08,2.602251493393151e-08,3.86708223639248e-07,0.000427802332325695,1.0109532167075122e-09
26,8.726195224673286e-06,1.5368366347272902e-11,1.7574784844269158e-06,0.9925677016437902,1.7797792847509831e-09,2.9712939005671995e-07,4.7191834363293847e-07,9.813479550043656e-06,1.8990209988178885e-06,5.94753500849036e-05,3.7763270096664195e-06,1.4741472453646055e-08,2.4621410287150226e-05,3.46174400551967e-05,3.3065472690762035e-10,0.0002342454536323652,0.005488528343601134,0.0011655280149678834,3.4979286485524246e-11,3.973699333909053e-07,3.6853558651255064e-08,1.5899403113194146e-08,3.333302349904163e-07,0.0003977398916223854,5.475734073419226e-10
27,7.083407557246199e-06,1.6835396992564004e-11,1.765970336755435e-06,0.9917986900585777,1.9809829682206933e-09,3.492913413952276e-07,6.710518486064625e-07,1.1597816147965602e-05,1.9436359425227418e-06,7.966886026223774e-05,3.8467603945248134e-06,1.9619635648657357e-08,3.117431938399739e-05,4.557175054133434e-05,3.8095538643153605e-10,0.00031033595421243,0.006036772781769415,0.0013373400759730699,4.370386305279579e-11,5.307204895641408e-07,4.508020771445466e-08,2.391873792991914e-08,3.497269594609127e-07,0.00033221611074932055,6.664531940328506e-10
28,7.590482371222552e-06,1.6552167795050143e-11,1.8210986599049676e-06,0.9917215082146074,1.8434543357765682e-09,3.2144850907435795e-07,5.651874708026618e-07,1.0526669872416069e-05,1.4080360448440402e-06,6.55832501445929e-05,3.7977106181796064e-06,2.2400896572379553e-08,3.319955852195407e-05,4.187370115175118e-05,2.879986490766801e-10,0.0002852457892526721,0.0060095213230668375,0.0015453281386087116,3.9881661672662245e-11,4.387584527731236e-07,4.581715668073632e-08,1.8305838075856002e-08,2.933432532805475e-07,0.0002708880361120225,5.415034172903039e-10
29,7.590482371222552e-06,1.6552167795050143e-11,1.8210986599049676e-06,0.9917215082146074,1.8434543357765682e-09,3.2144850907435795e-07,5.651874708026618e-07,1.0526669872416069e-05,1.4080360448440402e-06,6.55832501445929e-05,3.7977106181796064e-06,2.2400896572379553e-08,3.319955852195407e-05,4.187370115175118e-05,2.879986490766801e-10,0.0002852457892526721,0.0060095213230668375,0.0015453281386087116,3.9881661672662245e-11,4.387584527731236e-07,4.581715668073632e-08,1.8305838075856002e-08,2.933432532805475e-07,0.0002708880361120225,5.415034172903039e-10
30,7.590482371222552e-06,1.6552167795050143e-11,1.8210986599049676e-06,0.9917215082146074,1.8434543357765682e-09,3.2144850907435795e-07,5.651874708026618e-07,1.0526669872416069e-05,1.4080360448440402e-06,6.55832501445929e-05,3.7977106181796064e-06,2.2400896572379553e-08,3.319955852195407e-05,4.187370115175118e-05,2.879986490766801e-10,0.0002852457892526721,0.0060095213230668375,0.0015453281386087116,3.9881661672662245e-11,4.387584527731236e-07,4.581715668073632e-08,1.8305838075856002e-08,2.933432532805475e-07,0.0002708880361120225,5.415034172903039e-10
31,1.024850719963982e-05,1.8333114539979097e-11,2.335704841216215e-06,0.9914371640854344,1.968728387223679e-09,2.9360012252056755e-07,6.178918711653663e-07,1.5047364521611001e-05,1.3093073272843736e-06,6.115614192452328e-05,3.5738617967792586e-06,2.435152736548121e-08,4.062607460014581e-05,3.795034172808547e-05,2.7371980257428497e-10,0.00025910097249483196,0.006061604374373735,0.0018183300210731902,5.242712343799433e-11,5.110488160793898e-07,5.183396491541613e-08,1.940841847175538e-08,3.0262148684134415e-07,0.00024972959609169973,5.771768281480261e-10
32,8.140595367919234e-06,1.8140907600521145e-11,1.969448541644352e-06,0.9913491993020004,1.9816728139963918e-09,3.5109942151587645e-07,6.138016487304435e-07,1.169601944039229e-05,1.4581921980422891e-06,6.902200716631915e-05,4.029361794188198e-06,2.439329132336349e-08,3.63124621584356e-05,4.3355700929746564e-05,3.169048924181676e-10,0.00030810033320253735,0.006293847571543435,0.0015954799857167794,4.726384129569025e-11,4.844398520607602e-07,4.936811824587376e-08,2.0345720470476052e-08,3.1401803576793894e-07,0.00027552861820535175,5.716645187874608e-10
33,1.107141078659136e-05,1.9567813524613988e-11,3.0859941393239696e-06,0.9965444396361014,6.13474126216843e-09,3.3192793271187073e-07,6.098153732075158e-07,9.061641263555759e-06,2.8913063113575515e-06,0.00010179618031162846,4.228744949636399e-06,7.289157330105745e-09,8.195090696845711e-06,3.2149614933231926e-05,1.325879110490135e-09,0.00018790710635553434,0.0012826367715868979,0.000812910865751736,5.050480474067548e-11,8.53641788181461e-07,1.1303638921991057e-07,1.6287702949740047e-08,6.275384447552235e-07,0.0009970571847324383,1.3845983592249612e-09
34,1.3969586995940829e-05,2.6621209199888357e-11,2.9104409256136663e-06,0.9907332729431437,2.5269282309266957e-09,3.346052374853685e-07,5.380796205706144e-07,1.3361913118754065e-05,1.7777628550781417e-06,7.121855767735333e-05,5.812618578919609e-06,2.4182591345277044e-08,4.191130192157521e-05,4.402746588293566e-05,3.917557064199506e-10,0.00025148654449829697,0.006861242024280907,0.001570591676895208,6.918030128615756e-11,4.369765938140114e-07,5.068230845473659e-08,2.483979261717917e-08,3.3823916043049906e-07,0.0003866659046653792,6.387702930577201e-10
35,3.280705414043409e-06,1.298205507186423e-11,1.7869799573047593e-06,0.9939318175689341,2.072415603580284e-09,4.240027989263211e-07,5.258736758463928e-07,6.326484849502835e-06,1.065907919011305e-06,5.5822298824638396e-05,4.591086803727235e-06,1.7427245491550322e-08,2.746872146951334e-05,5.535528909953079e-05,4.5297306142125674e-10,0.00025523365891954246,0.00442268141486928,0.0009140022148075904,2.8816700932410577e-11,4.975491222685194e-07,4.990209907155329e-08,1.9471307941475934e-08,3.6840327373613744e-07,0.0003186619851741133,4.862475686783833e-10
36,7.662270928313054e-06,1.6603949375254076e-11,1.8515741253048847e-06,0.9918194394348377,1.867368250497536e-09,3.2060117918390063e-07,5.607158790239073e-07,1.038428557400556e-05,1.3951404832423387e-06,6.572640922262756e-05,3.830221921110899e-06,2.2295311780933784e-08,3.284979415333865e-05,4.197601389213562e-05,2.896059071150632e-10,0.00028103492372459756,0.005904294924385199,0.001552673078620879,3.989580994883549e-11,4.4051457733055545e-07,4.6418397454018583e-08,1.8192206126663525e-08,2.926386715327059e-07,0.00027517779396416566,5.444708846820133e-10
37,3.972413398538719e-06,6.176162416865205e-11,1.8243263354715614e-06,0.9863792682899272,4.613646833795067e-09,1.4750108548418648e-06,2.1219658690835856e-06,3.3162591695513744e-05,3.607238369678599e-06,0.00013136303799098398,4.3854940866168786e-06,6.502040293908577e-08,0.00012302962908572397,6.012337931731705e-05,7.266649908479313e-10,0.0012501392172881965,0.010890467624196909,0.0010131736386033727,1.3179908352685526e-10,1.0475714370765842e-06,1.0571324848704166e-07,5.4257464027177585e-08,5.629876063291004e-07,0.00010004429922964886,7.597197108054121e-10
38,7.85624568464035e-06,1.9244249011373598e-11,1.8212804570441365e-06,0.9906210912333934,1.918561458113641e-09,4.645097188749173e-07,7.989962146654471e-07,1.279984436576974e-05,1.3692747472558412e-06,6.99448382927553e-05,4.147222780955894e-06,2.8130697400403815e-08,4.1746636083739354e-05,4.3300292650485146e-05,3.6687122511439404e-10,0.00043013648052513245,0.00686816188800519,0.001640925146093514,5.5790396282087276e-11,5.229582358672453e-07,5.4157498131224256e-08,1.9791968996643536e-08,3.5250829102555574e-07,0.0002544556254483805,5.783797231366781e-10
39,7.496510298125519e-06,1.6406928671949296e-11,1.7979685491083202e-06,0.9917456375720559,1.8455540509249808e-09,3.2187797794874576e-07,5.885131833182565e-07,1.1053605806346886e-05,1.3974127611546856e-06,6.466610109390746e-05,3.731512734693926e-06,2.2497981314352073e-08,3.354312234742395e-05,4.139829564695238e-05,2.961749852791279e-10,0.00029078138939884633,0.0060021414672857595,0.0015313293192898143,4.102220590963709e-11,4.487545626633302e-07,4.695932916672436e-08,1.868722568513224e-08,3.047774125260665e-07,0.0002632709020150127,5.538860865925808e-10
40,8.870848131811457e-06,2.8819018586994626e-11,3.064391431944149e-06,0.9909572035491041,3.348453120671807e-09,4.452196090757641e-07,6.035919765796236e-07,9.719498192673805e-06,1.3854851027306384e-06,7.59430069105573e-05,5.591744813636797e-06,3.8632957250963715e-08,4.2174254161729186e-05,6.726167093056883e-05,4.089413719038396e-10,0.0002782506093970225,0.006129294789987742,0.0020965038377950673,5.6817131711845995e-11,6.252255340662683e-07,7.039136775686108e-08,2.6686937883965505e-08,3.4405562922352167e-07,0.0003225778842086774,7.827894617385541e-10
41,7.93062889415075e-06,1.660987931272099e-11,1.8572149120771616e-06,0.9913441361971362,1.8401362198521495e-09,3.246603886107731e-07,5.923727274475465e-07,1.0732934742762868e-05,1.3904645324773496e-06,6.78510272001659e-05,3.915370188371187e-06,2.3835960331683e-08,3.373326494504689e-05,4.464540986010399e-05,2.975389555621268e-10,0.00028582440289632866,0.006227459768907417,0.001687583139997626,4.185833932734065e-11,4.74091385987326e-07,4.86945689075525e-08,1.9891538648885182e-08,3.108874755902708e-07,0.00028114295262024355,5.929778808696131e-10
42,8.091306984211649e-06,1.611069802273502e-11,1.4423682410208125e-06,0.9909173829888355,1.8054439073942381e-09,3.409833303362924e-07,5.029710243877448e-07,4.8679858073517005e-06,1.496384645233075e-06,6.369914550377873e-05,3.922715923178819e-06,2.0760263652067155e-08,2.3930898026569912e-05,5.654824294099876e-05,2.2909991570880923e-10,0.0002476557889686649,0.005964641876556695,0.0023316072188997367,1.9974408418734528e-11,3.811600141921872e-07,3.296551018007372e-08,1.1980352362926768e-08,2.920420437077238e-07,0.00037312734765657064,7.978427172928806e-10
43,7.624998885040815e-06,1.639197696797686e-11,1.8251186593884677e-06,0.9918119223683335,1.8788412217305075e-09,3.2514550212953443e-07,5.705739850494962e-07,1.0635887104705558e-05,1.4983723262796936e-06,7.112780715325707e-05,3.768651276354618e-06,2.1483230428903585e-08,3.215140653476412e-05,4.274440098420466e-05,2.961254261394691e-10,0.0002906592451886619,0.0059172202596706625,0.0015236047942967085,4.093571900838255e-11,4.635840771175611e-07,4.629953976970446e-08,1.9141810095030588e-08,2.9938865034695206e-07,0.0002834682786984074,5.617987520051422e-10
44,7.590482371222552e-06,1.6552167795050143e-11,1.8210986599049676e-06,0.9917215082146074,1.8434543357765682e-09,3.2144850907435795e-07,5.651874708026618e-07,1.0526669872416069e-05,1.4080360448440402e-06,6.55832501445929e-05,3.7977106181796064e-06,2.2400896572379553e-08,3.319955852195407e-05,4.187370115175118e-05,2.879986490766801e-10,0.0002852457892526721,0.0060095213230668375,0.0015453281386087116,3.9881661672662245e-11,4.387584527731236e-07,4.581715668073632e-08,1.8305838075856002e-08,2.933432532805475e-07,0.0002708880361120225,5.415034172903039e-10
45,9.987477739889347e-06,2.2185457473843778e-11,2.166828250807073e-06,0.9890320861858584,2.218000050028607e-09,3.241089994876214e-07,4.6746410182220374e-07,7.584107444821925e-06,1.3627261991062249e-06,7.631824548368648e-05,4.6692375473262585e-06,3.572442712103501e-08,3.661411382184014e-05,6.506413107777637e-05,2.19551738778132e-10,0.00023962823875783377,0.0075198114854481135,0.0026911832650189154,3.7355790138258697e-11,4.85773527183854e-07,5.588724179040853e-08,2.121748851740791e-08,2.982876177693129e-07,0.0003118322151363158,7.81718621108252e-10
46,8.49909538731427e-06,1.9531558807391567e-11,2.2481954329717017e-06,0.9919701489687256,2.474669846599146e-09,3.4881575536301416e-07,6.798061690971712e-07,1.106717450623633e-05,1.5467732458402874e-06,8.309821520566298e-05,4.2449152353794006e-06,2.4499957698256637e-08,3.477180688208874e-05,5.041374606690963e-05,3.499433175738061e-10,0.00030112562572224324,0.0054362886514342556,0.001788829614332472,4.950755165168701e-11,5.717482829596309e-07,5.587974577563041e-08,2.2890375125873777e-08,3.1431977843378173e-07,0.00030569566711915276,6.96987489197741e-10
47,1.7913741131973208e-05,3.859730510045308e-11,2.6266386451667447e-06,0.9851798127211693,2.6405549943269173e-09,4.7069144558864326e-07,9.871566334015774e-07,2.070167637075742e-05,2.4241452391589357e-06,0.00011306628808019633,5.354504963277516e-06,5.27107563458347e-08,5.946029416238174e-05,5.8128552548449733e-05,4.1643680349267917e-10,0.0004251953034153427,0.01081701035406617,0.002971873939484655,1.0606528170129566e-10,7.510531617004787e-07,7.89849201753721e-08,4.1343238248097054e-08,4.2332138688878554e-07,0.000323622227684898,1.149841330541208e-09
48,6.068035886963183e-06,1.253138799532841e-11,1.8679090144791886e-06,0.993550833400814,2.3516313730859745e-09,2.4386990993269134e-07,4.3299905812589334e-07,5.732166734464879e-06,1.1953754272904803e-06,8.069855074321631e-05,3.9261259515777775e-06,1.9341086608852112e-08,2.0354857211529016e-05,5.9124545141656295e-05,2.744376541373034e-10,0.00021726790145381447,0.0038626465451685917,0.0018245494120163273,2.5621118411124223e-11,5.003759040435333e-07,5.325914255510827e-08,1.8562745241100176e-08,2.727830260223195e-07,0.0003641906269499619,6.923922959762838e-10
49,7.4001470964436405e-06,2.0864659860763888e-11,2.2798613931883285e-06,0.9906372550787783,2.2100640710674123e-09,4.0210596290386077e-07,6.002873905732491e-07,1.0046828023014338e-05,1.3943270685774637e-06,7.163310240648646e-05,4.4280557747302575e-06,3.194049579256772e-08,3.975443831090024e-05,5.528668189563421e-05,3.223514463471865e-10,0.0002863920138301528,0.006730422767915044,0.0018618539505854581,4.551085746056728e-11,5.614284626672306e-07,5.685535133488848e-08,2.3648945121613084e-08,3.140350858824376e-07,0.00028985920460711657,6.41829735251876e-10
50,1.0517918610188385e-05,1.7162412043121935e-11,1.9157151183961774e-06,0.9907292698510242,2.0884229627337013e-09,3.2154470490368264e-07,1.1923678934202945e-06,1.8838665638353408e-05,2.371431641966346e-06,0.00014764301298302685,3.4906303354909396e-06,2.0038361905028767e-08,3.503873829232794e-05,5.198894303067105e-05,4.2134005087237076e-10,0.0003999364904335032,0.006231261186632873,0.0020327051552607093,7.429864276266229e-11,8.42518607026079e-07,5.841693736799824e-08,3.833608070735114e-08,3.887534210566342e-07,0.00033215653524273133,1.1485251182247001e-09
51,0.00022474511379520963,2.1633721543399298e-10,1.2299118923349406e-05,0.7252746369261827,2.8585066336917948e-08,2.1962274977899084e-05,9.235962320750122e-05,0.00019192937943032968,1.8312077010628912e-05,0.00396085874315381,2.1198203730217645e-05,1.1827676727685147e-06,0.00026301603899100224,0.002188936096976083,1.7741081687185468e-08,0.012684447791415511,0.062386933171588846,0.18899414436922554,1.5834608157753322e-08,0.0007195967681711969,2.235311760971648e-06,5.333997594172416e-06,8.151134785041133e-05,0.0028534238062255268,8.746950229465776e-07
52,8.111502264670629e-06,2.3300780479813615e-11,2.036144583903605e-06,0.99108035916339,2.1867756407624866e-09,3.53920213988286e-07,7.396532825897009e-07,1.486302715660407e-05,1.6118522273147865e-06,6.243140924921547e-05,4.081377204083658e-06,2.8465001230878465e-08,4.2634272039365175e-05,4.2849499632159446e-05,3.7621575076955555e-10,0.00029465720107103795,0.006701612864228315,0.001497811833810732,5.330769637674372e-11,4.833107263228113e-07,5.8314161596627545e-08,2.4075156014634776e-08,3.6003654265138643e-07,0.00024488878254467014,6.559136608269702e-10
53,7.340833475649389e-06,1.6061062498989502e-11,1.7554120468381927e-06,0.9917705312874511,1.8080856390829447e-09,3.229749042684755e-07,5.90769058483623e-07,1.0686680862786785e-05,1.4288490397991757e-06,6.528783743327945e-05,3.7107958508825652e-06,2.1852822383234753e-08,3.2836003038828157e-05,4.147828994700342e-05,2.937060539580585e-10,0.00029128034957586363,0.00598195196811851,0.0015229173055630524,3.942963343379339e-11,4.4441889263031995e-07,4.4993588139013625e-08,1.8337908534400136e-08,3.00027458254987e-07,0.0002670483065583919,5.491226212704018e-10
54,5.5938808353955525e-06,8.65617547311291e-12,2.1227006368258904e-06,0.9943791177592074,1.4783024891086096e-09,2.0516120549915627e-07,3.040931755747066e-07,8.614829455760198e-06,9.373229043278341e-07,4.4722674967080115e-05,3.5638651124025155e-06,1.1804808751802782e-08,2.4416892047819087e-05,3.157569052093371e-05,2.4158353041080117e-10,0.00015331816557592919,0.004107009101598867,0.0009310142151605584,2.835355709040382e-11,3.7831057627779814e-07,3.591812746724227e-08,1.4530685386848197e-08,2.3335852691564317e-07,0.00030680768004426285,2.8793089557587416e-10
55,8.15087539273595e-06,1.89525823143182e-11,1.8434824958311027e-06,0.9911992428590674,1.9686536207226202e-09,3.3214330518299356e-07,6.065696059997121e-07,1.0550579422797054e-05,1.4463749870334805e-06,6.49054873850499e-05,3.915287417214213e-06,2.6775463362102997e-08,3.522548090968465e-05,4.287531857487673e-05,2.882342820736269e-10,0.0002960669054260004,0.006322004974025341,0.0017501480231938338,4.0977603080912904e-11,4.344385908862771e-07,4.840603022550537e-08,1.8309369548005588e-08,2.8803450793002837e-07,0.00026186677038626615,5.876247974098348e-10
56,7.5537124986304276e-06,1.771530796646162e-11,1.8882195856446272e-06,0.9915176683781696,1.8979484905592694e-09,3.291482775762108e-07,5.700145004701582e-07,1.063777578099749e-05,1.3913203410756402e-06,6.390032683977563e-05,3.945570363985671e-06,2.3918986446248915e-08,3.598202675593146e-05,4.2385577644887674e-05,2.87657074568899e-10,0.0002856762338198318,0.006218738571708914,0.0015482487122549316,4.106986678139301e-11,4.276120544118155e-07,4.5662160557189966e-08,1.8600162525227935e-08,2.8517637447844893e-07,0.00026028066812837754,5.292001958724644e-10
57,9.67443238711902e-06,2.6619566759505046e-11,2.745018699786058e-06,0.9890146730607581,2.72977593911229e-09,4.435693949665389e-07,7.935360525929661e-07,1.60274694945727e-05,1.5120002326097706e-06,8.40817652057052e-05,5.2185075882359614e-06,4.45024902245608e-08,5.396128361641931e-05,5.7921287114397846e-05,4.133616441150807e-10,0.0003746641774916403,0.008009038837437506,0.002095787684488997,8.390895798356617e-11,7.261027642321908e-07,7.709839132589869e-08,3.582235982290388e-08,3.8143481822568616e-07,0.00027218840698264445,7.48564807612476e-10
58,7.715358988590253e-06,1.631631089286581e-11,1.8642642050912965e-06,0.9919462023678448,1.8181666200363347e-09,3.1788588185139986e-07,5.369862241770964e-07,9.916869360092148e-06,1.4331176373117742e-06,6.603406109407485e-05,3.925479512962255e-06,2.1057894108766887e-08,3.1145551638673055e-05,4.1209506794840975e-05,3.0087642783610267e-10,0.0002742637553660088,0.0058385436615547475,0.001473787222364533,3.927939116697943e-11,4.223337233629811e-07,4.468115260120355e-08,1.8030486464535655e-08,2.879745464394521e-07,0.00030230712235782854,5.3673284718491e-10
59,7.513779908441981e-06,1.5738230330094015e-11,1.9203193062188856e-06,0.9922740705131092,1.826659228453651e-09,3.101048119919994e-07,5.18932083982727e-07,9.520081983082143e-06,1.4323422278855691e-06,6.726051814605235e-05,3.939944180269945e-06,1.970494749646663e-08,2.9274146247292103e-05,4.16353296368021e-05,3.1032590791465243e-10,0.00026090810974575417,0.0055512010614575755,0.0014271254164236761,3.81169337189642e-11,4.2967224171663565e-07,4.450674985823926e-08,1.7988250387482715e-08,2.857258233399316e-07,0.00032256907636959845,5.355092021392784e-10
60,7.590482371222552e-06,1.6552167795050143e-11,1.8210986599049676e-06,0.9917215082146074,1.8434543357765682e-09,3.2144850907435795e-07,5.651874708026618e-07,1.0526669872416069e-05,1.4080360448440402e-06,6.55832501445929e-05,3.7977106181796064e-06,2.2400896572379553e-08,3.319955852195407e-05,4.187370115175118e-05,2.879986490766801e-10,0.0002852457892526721,0.0060095213230668375,0.0015453281386087116,3.9881661672662245e-11,4.387584527731236e-07,4.581715668073632e-08,1.8305838075856002e-08,2.933432532805475e-07,0.0002708880361120225,5.415034172903039e-10
61,7.718419335324763e-06,1.5701127373849085e-11,1.952794070649271e-06,0.9922434501902524,1.8135626312255103e-09,3.079001730422036e-07,5.072918021029391e-07,9.812456780559744e-06,1.3727967530840074e-06,6.567539928593661e-05,3.90377072767874e-06,2.0046535467647577e-08,3.011919249210316e-05,4.0745518248536225e-05,2.979611229232923e-10,0.0002595489185066067,0.005576022962545933,0.0014479260180403533,3.884528023057014e-11,4.278595284883815e-07,4.50551785951295e-08,1.76654822223218e-08,2.815935769920355e-07,0.000310141470608609,5.140052889297872e-10
62,7.590482371222552e-06,1.6552167795050143e-11,1.8210986599049676e-06,0.9917215082146074,1.8434543357765682e-09,3.2144850907435795e-07,5.651874708026618e-07,1.0526669872416069e-05,1.4080360448440402e-06,6.55832501445929e-05,3.7977106181796064e-06,2.2400896572379553e-08,3.319955852195407e-05,4.187370115175118e-05,2.879986490766801e-10,0.0002852457892526721,0.0060095213230668375,0.0015453281386087116,3.9881661672662245e-11,4.387584527731236e-07,4.581715668073632e-08,1.8305838075856002e-08,2.933432532805475e-07,0.0002708880361120225,5.415034172903039e-10
63,7.819547999148374e-06,1.7466662780379872e-11,1.8585865711024766e-06,0.9915981649929307,1.884404737508435e-09,3.255748028250127e-07,5.691424932276094e-07,1.0642026083310927e-05,1.435725681848385e-06,6.60148780297025e-05,3.876700886866789e-06,2.3212298707677802e-08,3.402292269655723e-05,4.2028171494079034e-05,2.9090395969535735e-10,0.00028587668080964885,0.006110797305787089,0.0015644633715283995,4.083675931810076e-11,4.344510643594669e-07,4.6578972058154815e-08,1.8492718138646643e-08,2.915037297612015e-07,0.0002712873525438983,5.472663197010268e-10
64,7.89262505657489e-06,1.8005865968027342e-11,1.968831686262291e-06,0.992149897304638,2.021419310072667e-09,3.1472373937334016e-07,5.786696714693198e-07,1.103887272848773e-05,1.364441706413018e-06,6.505633400665914e-05,3.9673378337281235e-06,2.3292286797631606e-08,3.316056507072688e-05,4.0779218616268585e-05,3.123225158639422e-10,0.0002712398684434544,0.005630440962884674,0.0015103199487441349,4.3552918028153485e-11,4.436463833143664e-07,5.370349892789653e-08,1.8783156751587753e-08,2.9924943093701647e-07,0.0002711386701098381,5.550065809650311e-10
65,1.1788534157061527e-05,2.040046124448604e-11,1.7818481340917675e-06,0.987847428791462,2.096052874214423e-09,3.4230510181484613e-07,6.747700384459816e-07,1.0577274653669139e-05,2.0117579315713105e-06,9.886557574299679e-05,3.889318965288779e-06,3.410723665823469e-08,3.7726554970408324e-05,5.7638512957588785e-05,2.2552618220872838e-10,0.000367983615241902,0.00822065909873277,0.003031638732959509,4.53993034592519e-11,5.832071360356482e-07,4.6129136321308356e-08,2.350592190252667e-08,3.0946071336135745e-07,0.00030599361065564043,9.007722141803289e-10
66,1.1664536581464815e-05,2.1997224828399158e-11,1.9746291835937678e-06,0.9898152646529915,1.8453227831071842e-09,4.140650264459557e-07,9.300038911713989e-07,1.80837731489291e-05,1.931553646938519e-06,6.62236971404878e-05,4.028141338211629e-06,2.569322882574086e-08,4.0748092816178866e-05,4.043016554003144e-05,4.3767066477154974e-10,0.000330790194791386,0.007528645169827795,0.0018289369466946987,6.521746828412383e-11,5.953773676843812e-07,5.1726166683080545e-08,2.4199604432675287e-08,4.5793484460894593e-07,0.00030877625917927345,8.167813380029507e-10
67,8.39556894394567e-06,1.6865088056709765e-11,1.6725643817195703e-06,0.9948023017619156,2.1647322706340164e-09,1.504789174728589e-07,4.5545976787834604e-07,1.3896140797447952e-05,1.6726149562587858e-06,4.980179251652447e-05,2.9944219962011557e-06,1.3009114176190145e-08,2.8869609149422138e-05,1.8238597526294595e-05,2.2174882949818402e-10,0.0002529670602203182,0.0038167908099021497,0.0008289017104352946,3.4069461909637806e-11,1.6684428700825038e-07,2.7227510397206664e-08,1.063082490490144e-08,1.268084553507207e-07,0.00017254420810576467,2.4285987962578955e-10
68,7.714826647563717e-06,1.66044822907401e-11,1.8395084494121383e-06,0.9914472824879419,1.8216005088421814e-09,3.238840878735179e-07,5.841825239729536e-07,1.0723064395377955e-05,1.3840129804447102e-06,6.57671233841864e-05,3.7678272854990192e-06,2.3506322705718797e-08,3.465421472722044e-05,4.259561185239208e-05,2.7875928293279277e-10,0.0002885490390539737,0.006186717783285016,0.0016430957703668812,4.0325234289601277e-11,4.5259314361060506e-07,4.637740975104788e-08,1.8589836617455517e-08,2.926027962281128e-07,0.00026416428482384154,5.513960173097595e-10
69,6.410130165348142e-06,1.4788393255972253e-11,1.3300006471732588e-06,0.9937994009675557,1.7615823829370182e-09,2.1958175319601003e-07,4.7223679973330197e-07,8.260441391162234e-06,1.6429448348355404e-06,5.53676791691003e-05,2.9767030293529545e-06,1.3626036544228908e-08,2.3286159813531868e-05,2.8520380404811107e-05,2.3796708184375997e-10,0.00026481182693120027,0.0045142998253202135,0.001048460007518307,2.3116882260157692e-11,2.206316127369061e-07,2.8536326241567602e-08,1.0663868045472057e-08,1.888605593094047e-07,0.00024407635483861254,4.0397028336056874e-10
70,2.619164497040126e-05,4.146773868689038e-11,3.923811108117823e-06,0.9886684381144938,2.7696991055871395e-09,2.902940119514238e-07,8.228278229775069e-07,2.15127988539902e-05,1.490353920858913e-06,8.468937345355709e-05,8.0001001160475e-06,4.524782114778745e-08,5.3508687824944675e-05,4.535141618899687e-05,5.62562089808253e-10,0.00024074757432297885,0.007779597944709951,0.002679065348671146,1.2567846828529024e-10,4.892704242240507e-07,1.0953805563696376e-07,4.1195255645915004e-08,3.6244666393231655e-07,0.00038531753261709776,9.792851951723623e-10
