,0,1,2,3,4,5,6,7,8,9,10,11,12,13,14,15,16,17,18,19,20,21,22,23,24
0,9.714391979947128e-08,5.932618907211179e-05,8.493022006775983e-09,0.08961431191018426,7.786594552739522e-07,6.30824903140311e-08,2.3198324539427516e-06,4.305410632547098e-06,4.4632612077362854e-12,0.00015487304210052156,1.703390456922854e-06,1.1930498635111179e-06,2.21036858719732e-06,6.760856854175302e-06,2.1834225248287848e-12,2.6584833051004704e-09,1.6106863834755782e-07,0.9098899648255964,6.646419318545424e-10,3.009183018620786e-06,2.9474388852546374e-05,2.6508509816730733e-07,0.0002102879081256156,1.731270741738993e-05,1.5700743884272187e-06
1,9.854883040511259e-08,7.494859728519907e-05,7.523892230714669e-09,0.10539640238469972,7.598037190629793e-07,5.6304417846534643e-08,2.3934334120672225e-06,5.394069263877902e-06,4.934167408756534e-12,0.00020934537680925548,1.5119978399298564e-06,1.0351201621664233e-06,1.8479026084513187e-06,6.998615016044459e-06,2.8445189811435866e-12,2.9994364749644873e-09,1.9723864122914743e-07,0.8939954770996338,9.02794220090198e-10,2.8083281613094193e-06,4.3733904898561264e-05,3.285599222916355e-07,0.00023578609488032095,1.8587619573907973e-05,2.2775663230210063e-06
2,9.646775627836756e-08,7.1056501112121e-05,5.736571392003479e-09,0.09325592658735563,6.28702841946353e-07,4.749814217956705e-08,2.013964993298843e-06,4.421439950169447e-06,3.096730139009606e-12,0.00015245557913813978,1.3238472000156672e-06,1.158827981429528e-06,1.6034404435342616e-06,7.3002009716160846e-06,2.8305600525628406e-12,2.603015331741077e-09,2.2968243583613247e-07,0.9061314922869965,6.966403221955412e-10,2.5701039169267646e-06,3.9171864095511725e-05,3.990800079494958e-07,0.00030968708184426916,1.6173745185549354e-05,2.2340554767858706e-06
3,8.122794355258301e-08,6.481579291759554e-05,5.842451462636662e-09,0.09356769990680432,6.3207117945714e-07,4.068264887159131e-08,1.732958316884261e-06,4.087493364718349e-06,2.9174911650097853e-12,0.00014764208880043905,1.266066172812404e-06,9.94758394255121e-07,1.5324538370935295e-06,6.089821858696569e-06,1.9643944339727003e-12,1.9447918588942844e-09,1.8568570176213178e-07,0.9059234626419728,5.777315745551006e-10,2.179872522469338e-06,3.535620708976437e-05,2.8368192229677773e-07,0.0002237955956088729,1.620611615826851e-05,1.9065069284349976e-06
4,8.28209685045991e-08,7.188810594009567e-05,6.715659105075701e-09,0.10023797793928212,7.40923324531096e-07,4.7075244668898234e-08,1.914346146963345e-06,4.0040059161565994e-06,3.3990075211126008e-12,0.00016068026222660936,1.3512513748445398e-06,1.0499052466360996e-06,1.9269904910350213e-06,7.437219058137138e-06,2.1030144875795553e-12,2.1024792314265144e-09,1.7867657994226543e-07,0.8992253366847454,6.247624909851072e-10,2.3500793564412138e-06,3.44216928049686e-05,2.8889003459624217e-07,0.0002298490720068858,1.6561396912043657e-05,1.9032139366517391e-06
5,6.881156503151248e-05,0.0026776909478485366,3.240672010076278e-06,0.05797608186780009,2.6346891322475755e-05,9.330506560517393e-06,0.0002460581184404067,0.00011414496980499835,6.822619365788616e-09,0.002745594231719179,6.303926804954762e-05,0.000509633965931113,4.520304794797734e-05,0.0010638608927691366,8.311838118107096e-09,2.4959445153999168e-06,1.2801796114930517e-05,0.9313326886148467,1.101474433152525e-06,8.110333941419087e-05,0.0007452336928354754,0.000294699583110483,0.001715994402509966,0.00010669365010785414,0.0001581354224186593
6,8.122794355258301e-08,6.481579291759554e-05,5.842451462636662e-09,0.09356769990680432,6.3207117945714e-07,4.068264887159131e-08,1.732958316884261e-06,4.087493364718349e-06,2.9174911650097853e-12,0.00014764208880043905,1.266066172812404e-06,9.94758394255121e-07,1.5324538370935295e-06,6.089821858696569e-06,1.9643944339727003e-12,1.9447918588942844e-09,1.8568570176213178e-07,0.9059234626419728,5.777315745551006e-10,2.179872522469338e-06,3.535620708976437e-05,2.8368192229677773e-07,0.0002237955956088729,1.620611615826851e-05,1.9065069284349976e-06
7,8.778811744225761e-08,9.457498757798865e-05,8.78658825566027e-09,0.10329327486911721,6.164461652026575e-07,3.470952758300765e-08,2.3909298052823414e-06,4.4496125566354585e-06,4.439269018437752e-12,0.00016136603722467224,1.5099596380918527e-06,9.815000313535885e-07,2.88648923555471e-06,6.2045893855548995e-06,1.8360693920880642e-12,1.601374189945022e-09,1.8396902799959747e-07,0.8962126253718613,5.827727849627821e-10,2.9830985291560903e-06,2.586249889733713e-05,2.432668499207335e-07,0.00016526617104839546,2.254590863137493e-05,1.9008197612250072e-06
8,7.2373726578037e-08,5.3336198457957085e-05,4.268119966323356e-09,0.06482150532344148,5.376203404062749e-07,4.5243003300756446e-08,1.3980556544101241e-06,3.2662118324178396e-06,2.5839800023199036e-12,0.00011311026844172831,1.4661091788655936e-06,9.461216831322632e-07,1.2241384853067737e-06,4.599538842287307e-06,1.9059313694373082e-12,1.626008029571397e-09,1.663393259906127e-07,0.9347604613271528,5.379293930155627e-10,1.8404791395530295e-06,3.1734445949891365e-05,2.901989954369369e-07,0.00019035071755142186,1.2315984961342222e-05,1.3268672882993267e-06
9,7.454796247965601e-08,5.100536357097714e-05,3.83896705163401e-09,0.06897888319526191,5.476616104163713e-07,4.704181432114771e-08,1.3997030112710238e-06,3.330623720390863e-06,2.1892433382943256e-12,0.00012239077123488092,1.2991437761774633e-06,9.659995887382014e-07,1.066218717629703e-06,5.154500136317768e-06,2.0124129331302306e-12,1.9460691693089062e-09,1.7530227258205663e-07,0.930542761467474,5.569544740031032e-10,1.7490674636470272e-06,3.649955119221749e-05,3.2353328050298354e-07,0.0002392135215529338,1.1656329545245633e-05,1.4501106211897904e-06
10,8.122794355258301e-08,6.481579291759554e-05,5.842451462636662e-09,0.09356769990680432,6.3207117945714e-07,4.068264887159131e-08,1.732958316884261e-06,4.087493364718349e-06,2.9174911650097853e-12,0.00014764208880043905,1.266066172812404e-06,9.94758394255121e-07,1.5324538370935295e-06,6.089821858696569e-06,1.9643944339727003e-12,1.9447918588942844e-09,1.8568570176213178e-07,0.9059234626419728,5.777315745551006e-10,2.179872522469338e-06,3.535620708976437e-05,2.8368192229677773e-07,0.0002237955956088729,1.620611615826851e-05,1.9065069284349976e-06
11,8.20309419956465e-08,6.709346793095728e-05,6.09373246008974e-09,0.09381234803344389,6.373663716089114e-07,4.098098979896875e-08,1.7906511079585345e-06,4.0438228913696726e-06,3.0518080932068348e-12,0.00014883201904248634,1.2787055269894864e-06,1.012615490212915e-06,1.6926891700904604e-06,6.273044276200352e-06,1.9588232751425237e-12,1.933448879876382e-09,1.8542761977395394e-07,0.9056794363042827,5.758318627053762e-10,2.2645643630779985e-06,3.367633673247671e-05,2.826904977396321e-07,0.00022055658110507924,1.6581120377409754e-05,1.882939814242087e-06
12,1.1812518719227227e-07,0.00010054306715957982,1.2394630134313178e-08,0.14121269599308722,6.985516102610765e-07,4.101994642110126e-08,3.4359250617039663e-06,8.790475726916992e-06,9.67022120481506e-12,0.00023462544294434833,1.973206745492804e-06,1.036233730166739e-06,2.5500892600189883e-06,5.742137093040196e-06,3.2362920520268523e-12,2.5282866117142013e-09,2.3263754311909046e-07,0.8581786415619053,1.153445532647535e-09,4.1053369121378906e-06,4.457304404659638e-05,2.720985070274336e-07,0.00016745643146188853,2.9131155179160824e-05,3.3213776237778324e-06
13,9.549139284249117e-08,6.589852781132907e-05,7.007402847310801e-09,0.09949185250184157,7.258661678633308e-07,3.993020160709502e-08,1.7479899524894908e-06,4.293476079633486e-06,3.184616147991877e-12,0.00011834038830013507,1.6592536621306044e-06,1.4855354556678192e-06,1.7820894638199229e-06,7.704875875317628e-06,2.2078294592534247e-12,1.748159816133785e-09,2.2174312915246844e-07,0.9000244184290922,6.717743145281135e-10,2.24435132542313e-06,3.796373760929206e-05,3.1685754701118464e-07,0.00022237013398454145,1.4815751188015218e-05,2.013637190525688e-06
14,1.4038847307750253e-07,3.7591254221796974e-05,6.444329906072803e-09,0.09163934395000296,4.932765096826879e-07,3.307714428229937e-08,1.7842846221555294e-06,4.83289821771955e-06,2.299098214155074e-12,8.729071582864319e-05,1.18554221587811e-06,1.7971183570076819e-06,1.129189337870697e-06,6.552103456820413e-06,2.2108397826372105e-12,2.4292752799624454e-09,2.804538080488682e-07,0.9078480931214586,6.028142134230948e-10,2.368943965242394e-06,3.814157434913004e-05,3.402084682341365e-07,0.0003113596175492689,1.457606676924545e-05,2.6567343148192016e-06
15,8.122794355258301e-08,6.481579291759554e-05,5.842451462636662e-09,0.09356769990680432,6.3207117945714e-07,4.068264887159131e-08,1.732958316884261e-06,4.087493364718349e-06,2.9174911650097853e-12,0.00014764208880043905,1.266066172812404e-06,9.94758394255121e-07,1.5324538370935295e-06,6.089821858696569e-06,1.9643944339727003e-12,1.9447918588942844e-09,1.8568570176213178e-07,0.9059234626419728,5.777315745551006e-10,2.179872522469338e-06,3.535620708976437e-05,2.8368192229677773e-07,0.0002237955956088729,1.620611615826851e-05,1.9065069284349976e-06
16,6.397814957673163e-08,5.6350354818911375e-05,3.500097301308353e-09,0.08841242367808909,4.694183609322467e-07,3.519705305605868e-08,1.4856873433861703e-06,3.7540951560530975e-06,1.9701189024426198e-12,0.00016665252793821654,9.96333136044929e-07,7.198535632595624e-07,1.0581379647912384e-06,4.888518934868338e-06,1.4890905201148946e-12,1.978093126361085e-09,1.5100782306338032e-07,0.9110821908073057,5.439539854028341e-10,1.8072244210715993e-06,4.1832382949023114e-05,2.4456064643708803e-07,0.00021066557745279878,1.2589184075854834e-05,1.6154492142179854e-06
17,7.029966810714914e-08,5.5831076531425634e-05,5.140045590551827e-09,0.10601063046166362,5.656392356327775e-07,3.322313025685923e-08,1.500375233905616e-06,3.1223323208389854e-06,1.9817794332876334e-12,0.00011803168734613309,1.020951757465848e-06,1.0065737408314595e-06,1.5800224883255454e-06,7.3214750669964674e-06,1.2827115349026668e-12,1.5751765419950513e-09,1.4852586427775248e-07,0.8935183883018639,4.2915895850450456e-10,2.0214528906893184e-06,2.9058706090419324e-05,2.2278133905312662e-07,0.00023497585203543716,1.2654131794609785e-05,1.8089822925537282e-06
18,8.736208699914068e-08,5.3440167224714656e-05,4.119276943295429e-09,0.06025852888118877,3.348190187373582e-07,1.906340131774532e-08,1.2627032396341261e-06,3.161313922237952e-06,1.6054268039688375e-12,8.922108241564904e-05,8.193379553485384e-07,9.370136330898842e-07,1.1451645096841002e-06,3.824136854891856e-06,1.3384271258411584e-12,1.0554723476659172e-09,2.2644436293696053e-07,0.9393763704151019,3.43450297204344e-10,1.4582110648071716e-06,2.4990158711202373e-05,2.891513465728123e-07,0.00016574983703535124,1.642089276945449e-05,1.7083230131351422e-06
19,7.641378204448232e-08,7.939421939952638e-05,9.337353370294751e-09,0.12267819289016338,1.0348035998515007e-06,4.6663970060655127e-08,1.77688624901529e-06,5.040034555859366e-06,4.363022391035801e-12,0.0001908444887625912,1.3710280353324655e-06,1.2646069633435827e-06,2.520584613124771e-06,8.435671850717619e-06,2.0137857501144858e-12,1.934689405600796e-09,2.0126712995621816e-07,0.8767759637886037,6.696637078310033e-10,2.7269731555832356e-06,3.4073196695490364e-05,3.1337715759532146e-07,0.0001961639928824808,1.8529017807230034e-05,2.018146539772099e-06
20,8.129987817875917e-08,6.436125399647423e-05,5.837430526497709e-09,0.09342105905198868,6.291893864165847e-07,4.079109759235869e-08,1.7336000472380682e-06,4.04409884199271e-06,2.901660691529663e-12,0.00014674917035229846,1.2682710254784307e-06,9.92715051673349e-07,1.528286352815144e-06,6.0817512944332985e-06,1.950634896205436e-12,1.9451767286142394e-09,1.839440407203625e-07,0.9060719161508861,5.734664675295411e-10,2.1724587647715766e-06,3.52356656373111e-05,2.7955539000539237e-07,0.00022358804650389187,1.6143510758569446e-05,1.9028277794850245e-06
21,8.12624044766367e-08,7.645373763810397e-05,6.101664317310436e-09,0.09413912778315789,6.828227825047228e-07,3.8606084108118973e-08,1.6699810480405595e-06,4.925098890604156e-06,3.5214803365343856e-12,0.0001609939622325895,1.2906194905795954e-06,9.279681892331599e-07,1.4386469177331057e-06,5.666341145147682e-06,2.3320037878333687e-12,1.7948603119454745e-09,2.210329499195549e-07,0.9053312974424624,6.72044832100909e-10,2.141860605401777e-06,3.829176058663071e-05,3.473128933449792e-07,0.0002138441960539491,1.8376416508830885e-05,2.1745735354917405e-06
22,7.497184426145295e-08,4.8858387940298035e-05,4.621176879485658e-09,0.07282908106482427,4.998282810642208e-07,3.523620426922443e-08,1.3882943352907479e-06,3.400103330667458e-06,2.047876818792256e-12,0.00011238090791862428,1.1974179209254453e-06,9.52627385216423e-07,1.1568283960083193e-06,4.84162522776288e-06,1.5040417750938833e-12,1.7132818951312855e-09,1.7500059538850525e-07,0.9267537558959187,4.768878239594105e-10,1.8612574207458765e-06,3.3440688172432395e-05,2.5362863228650137e-07,0.0001921541840566244,1.307227387675724e-05,1.4129628197683904e-06
23,8.122794355258301e-08,6.481579291759554e-05,5.842451462636662e-09,0.09356769990680432,6.3207117945714e-07,4.068264887159131e-08,1.732958316884261e-06,4.087493364718349e-06,2.9174911650097853e-12,0.00014764208880043905,1.266066172812404e-06,9.94758394255121e-07,1.5324538370935295e-06,6.089821858696569e-06,1.9643944339727003e-12,1.9447918588942844e-09,1.8568570176213178e-07,0.9059234626419728,5.777315745551006e-10,2.179872522469338e-06,3.535620708976437e-05,2.8368192229677773e-07,0.0002237955956088729,1.620611615826851e-05,1.9065069284349976e-06
24,1.8617550342036478e-07,4.6344928523103974e-05,6.7006894621165145e-09,0.04679618603865517,4.0767613068199355e-07,3.96325393365967e-08,2.402205935216084e-06,5.8269266458081135e-06,3.688250676705546e-12,0.0001035747651972861,1.7203851053151275e-06,1.3984515658001562e-06,9.219639727058646e-07,3.074684936725146e-06,4.437616227506252e-12,2.981287244867385e-09,4.1130527422850705e-07,0.9526915967887283,6.700899475664925e-10,2.1206743667542624e-06,4.3592504604376694e-05,4.6796864671309844e-07,0.0002693381085837614,2.8170113319037876e-05,2.208341573609334e-06
25,8.144824871680395e-08,6.0787775209831555e-05,5.968984351491949e-09,0.09993458800605289,6.037202980672414e-07,3.4588780452319275e-08,1.7515683624577517e-06,4.6401922995874285e-06,2.8030959730696756e-12,0.00013977337580318194,1.2887640816657625e-06,1.072972528548111e-06,1.5702817176208591e-06,5.781921187236457e-06,1.7421872640585506e-12,1.8353992264197906e-09,1.9762204361657116e-07,0.8995777222134298,5.955226263641135e-10,2.335306099121277e-06,3.5504661530449497e-05,2.6866029968353245e-07,0.0002137752683191387,1.6379996079788093e-05,1.8332531766089352e-06
26,9.142560068078007e-08,5.589318198156496e-05,6.218994376792107e-09,0.06799390817340015,4.0541966563348524e-07,2.137521311770171e-08,1.5502574422007741e-06,3.981883263594637e-06,2.6283511351588006e-12,0.00010563436573109024,9.84605678498374e-07,8.530268311066285e-07,1.482518400909505e-06,3.2938815230817953e-06,1.4045727922560508e-12,1.1652391310548282e-09,2.2977356036172015e-07,0.9316318466373055,3.7263831940308603e-10,1.8060138902652136e-06,2.3748470642740065e-05,2.2602686520824488e-07,0.00014829545359735318,2.4043498110631772e-05,1.6962503914911738e-06
27,9.706431543559591e-08,7.165502077222952e-05,6.403206443153201e-09,0.08800745716189207,6.254892086199927e-07,4.652026080873602e-08,1.8776158888040884e-06,5.3590264704120844e-06,4.187313528901558e-12,0.00017477512134225344,1.2693216804885512e-06,9.936318188808689e-07,1.4320876171138962e-06,5.555272432785215e-06,2.8220168793255035e-12,2.4330433577025155e-09,2.2765571949911842e-07,0.9114341550483553,7.331720347497465e-10,2.610876954291264e-06,3.855615378877064e-05,4.0241144925058583e-07,0.0002319434278036591,1.8496709593094252e-05,2.4548062052012476e-06
28,8.122794355258301e-08,6.481579291759554e-05,5.842451462636662e-09,0.09356769990680432,6.3207117945714e-07,4.068264887159131e-08,1.732958316884261e-06,4.087493364718349e-06,2.9174911650097853e-12,0.00014764208880043905,1.266066172812404e-06,9.94758394255121e-07,1.5324538370935295e-06,6.089821858696569e-06,1.9643944339727003e-12,1.9447918588942844e-09,1.8568570176213178e-07,0.9059234626419728,5.777315745551006e-10,2.179872522469338e-06,3.535620708976437e-05,2.8368192229677773e-07,0.0002237955956088729,1.620611615826851e-05,1.9065069284349976e-06
29,8.122794355258301e-08,6.481579291759554e-05,5.842451462636662e-09,0.09356769990680432,6.3207117945714e-07,4.068264887159131e-08,1.732958316884261e-06,4.087493364718349e-06,2.9174911650097853e-12,0.00014764208880043905,1.266066172812404e-06,9.94758394255121e-07,1.5324538370935295e-06,6.089821858696569e-06,1.9643944339727003e-12,1.9447918588942844e-09,1.8568570176213178e-07,0.9059234626419728,5.777315745551006e-10,2.179872522469338e-06,3.535620708976437e-05,2.8368192229677773e-07,0.0002237955956088729,1.620611615826851e-05,1.9065069284349976e-06
30,8.122794355258301e-08,6.481579291759554e-05,5.842451462636662e-09,0.09356769990680432,6.3207117945714e-07,4.068264887159131e-08,1.732958316884261e-06,4.087493364718349e-06,2.9174911650097853e-12,0.00014764208880043905,1.266066172812404e-06,9.94758394255121e-07,1.5324538370935295e-06,6.089821858696569e-06,1.9643944339727003e-12,1.9447918588942844e-09,1.8568570176213178e-07,0.9059234626419728,5.777315745551006e-10,2.179872522469338e-06,3.535620708976437e-05,2.8368192229677773e-07,0.0002237955956088729,1.620611615826851e-05,1.9065069284349976e-06
31,7.784962322817227e-08,7.021231755644484e-05,7.276287501309373e-09,0.10217781396468906,6.314431594006775e-07,2.4081918961151662e-08,1.5707539637406573e-06,4.9212712550303545e-06,2.777773759505828e-12,0.00014538688856037784,9.324291487871272e-07,9.270548407559967e-07,1.910757149314781e-06,5.439875668636039e-06,1.2577063880415763e-12,1.3238758695678961e-09,1.9200875928904045e-07,0.8973822661444912,4.850693001725444e-10,2.1840664056851446e-06,2.7478007067837482e-05,2.3347288771264117e-07,0.00015443919775967637,2.152563803397661e-05,1.8236877923953429e-06
32,8.611678233077091e-08,6.693074123473476e-05,5.980299944642743e-09,0.09372155100990757,6.458365228795886e-07,4.243706710398305e-08,1.818384769131645e-06,4.4174320044756224e-06,3.230842364519403e-12,0.00015448393155943969,1.3122879874203315e-06,1.0150208093134185e-06,1.5432166895444937e-06,6.188975319510917e-06,2.1874163235974013e-12,2.089361738008173e-09,1.9695297875923073e-07,0.9057542381006336,6.566438312449766e-10,2.258584956554571e-06,3.7581066206885147e-05,3.085277745365323e-07,0.00022690149865081517,1.6472600574824217e-05,1.998545846750711e-06
33,1.2588923534728362e-07,4.4884277391100465e-05,1.7707410843360377e-08,0.19047041766337616,6.878118036892725e-07,7.001481099351608e-08,3.476795525546107e-06,6.470485606313374e-06,1.2596497702986964e-11,0.0002127155584976034,2.6778762362648558e-06,1.1714282791552301e-06,1.1770248382804683e-06,5.511745410969231e-06,3.820111664499544e-12,4.299776307539539e-09,1.5250943068063963e-07,0.8089069612259815,9.486377551606866e-10,3.348236274900397e-06,8.528104813093428e-05,9.568072802585326e-08,0.0002233479863031216,2.4094029228329043e-05,7.309740669828061e-06
34,2.0070698932717512e-07,0.00011383965818915635,1.279803497682528e-08,0.09619721120182212,7.88522458429457e-07,7.263153860220551e-08,3.8015613660079697e-06,7.044800856974678e-06,1.4171257512722805e-11,0.0002539919577336912,1.8528365476535204e-06,1.2214968821685727e-06,2.604416539076586e-06,8.374532463778858e-06,5.16290606944427e-12,3.945579119116315e-09,2.2770026697341772e-07,0.9031542914957326,1.773469142138754e-09,3.4695646144403076e-06,4.516899297889733e-05,4.483867820500782e-07,0.00017729720594069327,2.4122404791255108e-05,3.951389088714015e-06
35,7.813663105528164e-08,9.249303022931338e-05,9.272597816673535e-09,0.1388741594055435,1.42183101903476e-06,9.836381669954867e-08,2.6113972507307303e-06,3.3433440476646833e-06,3.477735064379715e-12,0.00019909316723760152,2.049033849773407e-06,1.3708705932019104e-06,2.529208725888274e-06,1.621707462542681e-05,3.5167505004116304e-12,3.9247640415030035e-09,1.6421927930069085e-07,0.860263937704263,7.089355454612689e-10,2.9431301547238495e-06,4.650863584056791e-05,3.299378592649815e-07,0.00047247205492847934,1.6153450733400005e-05,2.0120900794310156e-06
36,1.1356651594594416e-07,7.74581993703209e-05,8.892890333953255e-09,0.11206866903463969,8.621279283608192e-07,3.659146703598382e-08,1.920732597080723e-06,6.023325728217581e-06,4.028339546814001e-12,0.00016427129912146592,1.2952918368927356e-06,1.641108543122464e-06,2.1865879089584814e-06,8.021306611218879e-06,2.6144680931057222e-12,2.0722213273868968e-09,3.15662375246709e-07,0.8873749976665841,8.100908897704986e-10,2.4849377786692295e-06,4.093577324630081e-05,4.065320492615171e-07,0.00022474586182310387,2.099703423757221e-05,2.605577792097582e-06
37,9.831451509896815e-08,5.813348763727978e-05,5.777286400854173e-09,0.08306617372944738,5.202058643832631e-07,3.086409694996131e-08,1.7059600975918321e-06,3.396261489316715e-06,2.2138263259673416e-12,0.00010756843916591792,1.1148841920605236e-06,1.0318216623337676e-06,1.5285414547637644e-06,6.198203465637052e-06,1.474931070097571e-12,1.5715942638001381e-09,1.7065518709244748e-07,0.9165140554329458,4.824060539454877e-10,1.8418942508489438e-06,2.81730506891344e-05,2.3703300252100031e-07,0.000190723083449689,1.5558553988132172e-05,1.731748422484231e-06
38,1.0406822509847502e-07,5.087593731142186e-05,4.113799150099422e-09,0.05938713217168884,4.7366756397171724e-07,7.110251977537543e-08,2.3618749676763246e-06,2.9670318649082155e-06,2.5449547868748117e-12,0.00013660344708991084,1.5602003357223348e-06,9.034942542296988e-07,1.118420663891894e-06,5.532059959631727e-06,2.854130552414029e-12,3.5399020558634917e-09,1.4757824504190128e-07,0.9400387167455266,6.160465217158395e-10,2.038255908525185e-06,3.8266842055481375e-05,3.047704894038462e-07,0.00031602220361707785,1.3324469563025898e-05,1.4673830028717823e-06
39,8.187177866290663e-08,4.860064474700374e-05,5.808912476323659e-09,0.09816441964286962,6.595374692176685e-07,4.405810449648987e-08,1.6646985667337827e-06,4.897124714114276e-06,2.8497713668892165e-12,0.00014788902312133417,1.3207036485545036e-06,1.1336361663247503e-06,1.2733606197772363e-06,5.607492547126571e-06,1.9368178466748286e-12,2.4273999018505876e-09,1.9413509819844968e-07,0.9013218643355708,6.502446961163264e-10,2.3765590446101017e-06,4.328136575604315e-05,2.67475187015368e-07,0.00023764572746221555,1.493076605070668e-05,1.838950133755961e-06
40,1.2346990830969421e-07,7.920000712563823e-05,6.727065334403441e-09,0.07316239487098908,7.155785264735511e-07,4.596525096842697e-08,1.7548337622711962e-06,3.522013092039266e-06,3.2375382225171226e-12,0.00011683929830361332,1.3736900681143984e-06,1.3499822299369438e-06,1.5443581963261189e-06,9.263056528266784e-06,2.8040750925440806e-12,1.928495994455499e-09,2.1975203575586167e-07,0.9263442240918601,7.493464363130189e-10,1.7581015678208721e-06,3.628561084686925e-05,4.526698925376988e-07,0.00022244491646923256,1.4206000318727948e-05,2.2723220784816264e-06
41,1.1014783904577664e-07,0.0001465416578926375,2.1276236122929492e-08,0.19424041920158291,2.35587582323142e-06,1.1992818719240436e-07,3.1792142557803894e-06,7.448076308079703e-06,1.547878627825987e-11,0.00044624328402418376,1.84100440679274e-06,1.1374606335164501e-06,3.464220738472817e-06,1.6770739297828922e-05,5.925438507846879e-12,4.988913230891153e-09,1.9719497199345057e-07,0.8047646675862336,1.4461245457198765e-09,3.8216338895132685e-06,5.956087872698866e-05,3.953629910420939e-07,0.0002674177362762531,2.968101466890872e-05,4.600048573748426e-06
42,6.61860653842029e-08,5.687125806562152e-05,5.752189897268274e-09,0.09008735138186594,5.972177658168971e-07,4.1406606736610564e-08,1.5278012277992507e-06,2.0477219880826387e-06,2.103130827066783e-12,0.00010931660489297669,1.1928167628963585e-06,8.97294002150148e-07,1.8649120307030913e-06,7.1569674583244345e-06,1.1817866996610566e-12,1.35324679105912e-09,1.0971723770163612e-07,0.9094943823219487,3.190794715410931e-10,1.687074030620738e-06,2.2847008637297935e-05,1.5294099046194915e-07,0.000197060081974481,1.3284929429677662e-05,1.5369292174667933e-06
43,6.325365539145086e-08,5.9397506010053066e-05,4.1345809204809836e-09,0.0884821604773956,7.527033143849625e-07,6.086164397652346e-08,1.474904503447201e-06,4.997215982435142e-06,3.133190514962979e-12,0.00023285197036970566,1.230464782413684e-06,7.978141267553202e-07,1.0146950307941363e-06,4.958635401715353e-06,2.6490510045314566e-12,2.943906514090592e-09,1.9525328711280143e-07,0.9108698841092305,7.448705351526048e-10,2.0465325443557963e-06,5.516129831655098e-05,3.7737181143137075e-07,0.00026611949941961487,1.4676815235801671e-05,1.77078879766977e-06
44,8.122794355258301e-08,6.481579291759554e-05,5.842451462636662e-09,0.09356769990680432,6.3207117945714e-07,4.068264887159131e-08,1.732958316884261e-06,4.087493364718349e-06,2.9174911650097853e-12,0.00014764208880043905,1.266066172812404e-06,9.94758394255121e-07,1.5324538370935295e-06,6.089821858696569e-06,1.9643944339727003e-12,1.9447918588942844e-09,1.8568570176213178e-07,0.9059234626419728,5.777315745551006e-10,2.179872522469338e-06,3.535620708976437e-05,2.8368192229677773e-07,0.0002237955956088729,1.620611615826851e-05,1.9065069284349976e-06
45,9.735453841803972e-08,7.92266349556928e-05,8.324901297292029e-09,0.10733050048540385,8.344661256106526e-07,4.790011292274844e-08,2.3719173522511355e-06,5.86072261160901e-06,4.430984443561759e-12,0.00019095970208714367,1.4909551381856365e-06,1.1987650952422535e-06,2.1802271706932884e-06,7.20740320730848e-06,2.67592245175432e-12,2.564419621683307e-09,2.3184730119300371e-07,0.8920671998144036,7.921507995756668e-10,2.936239220683296e-06,3.799069559398722e-05,3.611269126563842e-07,0.0002454455562760963,2.1770390807412602e-05,2.0761071069660073e-06
46,7.203571406584169e-08,7.243887495253656e-05,5.9512286754212545e-09,0.09840187616179473,7.438693309631271e-07,6.475824523362094e-08,2.091342662724277e-06,3.2836410409136788e-06,3.4149250649302117e-12,0.00017811741866798482,1.4448858576781017e-06,8.030192313142517e-07,1.6222926530804328e-06,8.057361518138214e-06,2.1447774849950918e-12,2.4493461254800287e-09,1.1280810061342374e-07,0.9010301273588553,6.121134604404014e-10,2.2434888965095248e-06,3.507252295568065e-05,2.4884855144634967e-07,0.00024588285021467514,1.3863896182511528e-05,1.823546325965763e-06
47,1.2972706816130823e-07,4.796103259164419e-05,3.874131804723548e-09,0.045270529297803314,3.05348150048001e-07,2.7988645277161925e-08,1.463532990079528e-06,3.459591873603694e-06,1.8815624928513878e-12,9.179217002811415e-05,9.55751796651023e-07,1.2483742753162941e-06,1.013140647761159e-06,3.6503605145539887e-06,1.862737177876587e-12,1.8112308797634954e-09,2.438286822298105e-07,0.9543566901296838,5.075213973178903e-10,1.7925586334721698e-06,2.8509990805396073e-05,4.128055643388198e-07,0.00017450760191379307,1.3661808880698167e-05,1.6387628234000844e-06
48,7.48032965293615e-08,5.766284659681297e-05,5.997612740291594e-09,0.09556677960310508,6.449498638876397e-07,4.58804641391131e-08,1.6426540120883263e-06,3.4102315539666175e-06,2.872148832197119e-12,0.0001365786027867919,1.3182283375177162e-06,9.645908605077828e-07,1.4749143968858923e-06,6.317643062248634e-06,1.7809555865931435e-12,1.902058720453684e-09,1.4768411432050224e-07,0.9039518424071192,4.961472263529066e-10,2.109754020537051e-06,3.3478313693637215e-05,2.282103236480359e-07,0.0002188774555545959,1.4514415779014904e-05,1.878410586758163e-06
49,7.862109653741773e-08,5.212834943245303e-05,5.5913962130274684e-09,0.08153208511953036,6.252034112483968e-07,4.436553177905857e-08,1.4789565310747417e-06,3.544412612962432e-06,2.5094130524466896e-12,0.00012041408115762739,1.2996419111501278e-06,1.2091882813099645e-06,1.4591625235541258e-06,6.151718576617859e-06,1.793456751824964e-12,1.8846523794877543e-09,1.8013570545951956e-07,0.9180079161234268,5.077439468596573e-10,2.169202114878731e-06,3.2043375804771015e-05,2.9541001158620827e-07,0.00022219806233588846,1.305626424858421e-05,1.614617659910849e-06
50,8.811837270810605e-08,0.00010225331939386956,7.180363403824495e-09,0.12034191129766346,8.958504705642677e-07,6.42332930356963e-08,3.074048294735178e-06,5.953390449577113e-06,5.370821284896719e-12,0.000321241180414192,1.3025235658961997e-06,8.080876118123008e-07,2.3177732142576447e-06,9.451729018505233e-06,2.7454378793342427e-12,3.5221808876798084e-09,1.5796496217828299e-07,0.8788946112283897,1.1170082487009827e-09,3.036662518795602e-06,4.044469263109334e-05,4.114049195084977e-07,0.00025116148732688215,1.8685150926681405e-05,2.1180288937968293e-06
51,5.538072702696991e-07,0.00010433306213541391,3.062234108008144e-08,0.06563604409040658,1.6375303065576827e-06,2.749849030706252e-07,4.874571726145717e-06,5.913751667690369e-06,1.1365572452353449e-11,0.00023399348073620485,2.902222887979195e-06,4.1302928878237135e-06,2.043913970320292e-06,1.1736653557775702e-05,3.5666778615135343e-11,3.165902783706956e-08,1.1409039299569485e-06,0.9325348222918703,1.3689123187239424e-09,6.686595106101064e-06,8.607585905754478e-05,1.4181697314966462e-06,0.0012866901663857952,6.51649807688864e-05,9.498973380623517e-06
52,1.0526191775618754e-07,9.251506332921334e-05,9.931681278875159e-09,0.1482285112387808,9.947333455208996e-07,3.237278721773964e-08,2.114697112569286e-06,7.637923171161713e-06,4.1161070006120815e-12,0.00018364778946247532,1.4874011795586115e-06,1.5000665198898634e-06,1.9527025689494006e-06,8.673274444211899e-06,2.8133231975780646e-12,2.097207986818153e-09,3.305027569535867e-07,0.8511375610864949,9.61467398831064e-10,2.6067525383800757e-06,5.3858677282607004e-05,3.847424851256415e-07,0.0002489999107575971,2.3937005862631152e-05,3.1357999164073265e-06
53,7.263727179271717e-08,6.901928425347846e-05,6.860630150252839e-09,0.1124736161893129,1.2041829822861294e-06,3.605738705311135e-08,1.0137450189971068e-06,4.7952758015847884e-06,2.6957468374789036e-12,0.0001536575081780644,1.0821130921747717e-06,1.451721961591582e-06,1.5842142839611105e-06,8.626305270517837e-06,1.5597435875606835e-12,1.37213804668697e-09,2.2318402439402022e-07,0.8870607473519466,6.977567072701544e-10,1.595891201697269e-06,4.3491146281608884e-05,3.353716708965601e-07,0.0001619052122965973,1.3643671228158547e-05,1.8900017552297418e-06
54,4.5445219164918004e-08,3.775658758551557e-05,3.9291831017727585e-09,0.08462822976627908,6.072008629353804e-07,2.509874640097975e-08,8.466576635969257e-07,4.169927581239349e-06,1.7359477139065202e-12,9.711876245268896e-05,1.1957397302435325e-06,9.098564939286018e-07,1.0055385261796832e-06,3.4644215364600897e-06,9.277283872638181e-13,9.670901710806142e-10,1.8966116104833228e-07,0.9150245029555419,4.316652211201279e-10,1.5699380456056326e-06,3.248175538814313e-05,2.003042177966867e-07,0.00015267918652800525,1.198776591896765e-05,1.0080999185102108e-06
55,8.212259211712724e-08,6.203798628650294e-05,5.873937148875222e-09,0.08940442511271941,5.740380842855927e-07,3.696520431426625e-08,1.6817364326043378e-06,3.891833527377547e-06,2.88866985414531e-12,0.0001341791323840983,1.2410589035744365e-06,1.004694544931997e-06,1.5873075208426938e-06,5.614949574933838e-06,1.7840430895571413e-12,1.7127418926258323e-09,1.8106488078649323e-07,0.9101313084593395,5.267650215702544e-10,2.155143296032552e-06,3.1696539632675767e-05,2.6120862698047175e-07,0.00020000300221149003,1.6173361027330975e-05,1.8561650933329172e-06
56,8.297921907782109e-08,6.904965952261554e-05,6.362671623669264e-09,0.09622118466014248,6.625810183786315e-07,4.143424536900786e-08,1.8282951817791934e-06,4.213955039054201e-06,3.2312341346090584e-12,0.0001532429842838275,1.3053146614045575e-06,1.0244238757084956e-06,1.7583229580583623e-06,6.379468396625949e-06,2.0265702213302512e-12,1.9667499710543684e-09,1.9049143955755887e-07,0.90326335679385,6.03355301664954e-10,2.3249273854173887e-06,3.4410657344173096e-05,2.8564479466126643e-07,0.00021961991689856545,1.711183487900444e-05,1.9167168293488287e-06
57,9.956991673016582e-08,7.309486210243052e-05,9.686945044868283e-09,0.10852180036308778,1.0940877058260528e-06,4.390647875646739e-08,1.6259390544226607e-06,6.842663266902132e-06,4.790579836622839e-12,0.00019734203757089218,1.3790414329824722e-06,1.8846351394832808e-06,2.1222280180722942e-06,7.90962667724156e-06,2.5643536115099756e-12,2.3449522985016e-09,3.2314487621102844e-07,0.8909259927150178,1.0049819789087417e-09,2.6380862215497516e-06,4.8521983660019376e-05,4.5685443551850133e-07,0.0001860554509050059,1.844945819804514e-05,2.3103019999521056e-06
58,8.19444317143136e-08,6.673222932715698e-05,5.884749698462397e-09,0.08785418347999421,5.948983474581498e-07,3.646242437239976e-08,1.744241506628676e-06,4.175185662241308e-06,2.8850385043617637e-12,0.00014574463368470614,1.2240755078504431e-06,9.534928660606464e-07,1.5429760363457633e-06,5.446674150671369e-06,1.9676477239097112e-12,1.820963270135985e-09,2.0238440438688487e-07,0.9116431139620793,5.43751769748061e-10,2.1166112194745345e-06,3.4117261967446324e-05,2.868887994516892e-07,0.00021744931660113326,1.8375761507377964e-05,1.869265164499586e-06
59,8.642668858757773e-08,6.3238050055035e-05,6.344477668357572e-09,0.08592513749641419,5.719309478755962e-07,3.430496460858373e-08,1.7753534158879204e-06,4.209450777750173e-06,2.874741137061863e-12,0.00013962511879636453,1.1815625638998091e-06,9.48356704924711e-07,1.5221861882894516e-06,5.1154564665822045e-06,1.892001874746534e-12,1.8305295552264937e-09,2.0211032898654025e-07,0.9135903446257263,5.063677695155894e-10,2.135595102669508e-06,3.2927231993220965e-05,2.650497319439881e-07,0.00020867461425319003,2.008766526846378e-05,1.9087274696539984e-06
60,8.122794355258301e-08,6.481579291759554e-05,5.842451462636662e-09,0.09356769990680432,6.3207117945714e-07,4.068264887159131e-08,1.732958316884261e-06,4.087493364718349e-06,2.9174911650097853e-12,0.00014764208880043905,1.266066172812404e-06,9.94758394255121e-07,1.5324538370935295e-06,6.089821858696569e-06,1.9643944339727003e-12,1.9447918588942844e-09,1.8568570176213178e-07,0.9059234626419728,5.777315745551006e-10,2.179872522469338e-06,3.535620708976437e-05,2.8368192229677773e-07,0.0002237955956088729,1.620611615826851e-05,1.9065069284349976e-06
61,8.570291061247542e-08,6.596283810464636e-05,6.68608712392684e-09,0.08958138706324414,6.23098214258561e-07,3.613385795090876e-08,1.7580152182886753e-06,4.361172969093989e-06,3.103108279354644e-12,0.00014171507230665577,1.2750416685304193e-06,1.0119314530322134e-06,1.5855985553957222e-06,5.498205578235594e-06,1.9936946566127347e-12,1.8284914481015988e-09,2.074422868093621e-07,0.9099293954358256,5.487816432484313e-10,2.2045325338499065e-06,3.440929106416488e-05,2.786574225669764e-07,0.00020688176212396839,1.936681184923839e-05,1.9471243560228934e-06
62,8.122794355258301e-08,6.481579291759554e-05,5.842451462636662e-09,0.09356769990680432,6.3207117945714e-07,4.068264887159131e-08,1.732958316884261e-06,4.087493364718349e-06,2.9174911650097853e-12,0.00014764208880043905,1.266066172812404e-06,9.94758394255121e-07,1.5324538370935295e-06,6.089821858696569e-06,1.9643944339727003e-12,1.9447918588942844e-09,1.8568570176213178e-07,0.9059234626419728,5.777315745551006e-10,2.179872522469338e-06,3.535620708976437e-05,2.8368192229677773e-07,0.0002237955956088729,1.620611615826851e-05,1.9065069284349976e-06
63,8.319860035047244e-08,7.181028755118143e-05,5.939323154867221e-09,0.09133732529180082,6.090704888664248e-07,3.9653746156676304e-08,1.7975696828337405e-06,4.113166861126654e-06,3.1278677832466417e-12,0.000151560944566245,1.2742739756955758e-06,9.468890983277923e-07,1.6055613489066625e-06,5.924726011155177e-06,2.0757813146904015e-12,1.8978922326738896e-09,1.9106581722210246e-07,0.908149836956019,5.900566346250995e-10,2.2282260036708146e-06,3.460656710095666e-05,2.9450621010983135e-07,0.00021653062003821285,1.723482124661246e-05,1.9781713568574746e-06
64,7.888567356525486e-08,6.155923408886057e-05,5.369145002322182e-09,0.09354789572003966,6.225210346421168e-07,4.0051997902104034e-08,1.666839332225173e-06,4.354947779496881e-06,2.835436446856732e-12,0.00015043785749474685,1.3159913054413756e-06,9.82390539408973e-07,1.2834896712727541e-06,5.6601859994986044e-06,2.1276722819518255e-12,2.0390954163441074e-09,1.959854681793405e-07,0.9059299576676337,6.27812577809003e-10,2.032801878242025e-06,4.399750832573339e-05,2.82239889513819e-07,0.00022978277307649655,1.5877249068794896e-05,1.9676186864406217e-06
65,1.7485566567854636e-07,0.00024624745695924714,1.5528886904968955e-08,0.12190782428086024,6.153110455327102e-07,2.2726425436480158e-08,4.895921074088958e-06,1.129239792207562e-05,1.242481523529965e-11,0.0002556779492103747,1.6177060913767767e-06,9.409547589732924e-07,4.894336586744952e-06,5.872271669975281e-06,4.333593451561356e-12,1.6415071233790022e-09,4.15986791307091e-07,0.8773013585339828,1.1881368363692055e-09,4.322627874209305e-06,2.779380241223133e-05,5.30415733413055e-07,0.0001584635782991211,6.303569479938362e-05,3.984816548841712e-06
66,8.412645286016764e-08,6.793096520729288e-05,7.1831789357238375e-09,0.11182500922716879,7.509105812915918e-07,5.154636372218225e-08,2.134999331504275e-06,5.149646754153819e-06,4.206003623492648e-12,0.00019982919202691176,1.35735851076161e-06,1.0800518823946326e-06,2.147371330334202e-06,7.103409361814107e-06,1.962303762402203e-12,2.603191896972425e-09,1.7149976749052678e-07,0.8876219316150787,7.852968684341258e-10,3.10615020715753e-06,3.471527477376404e-05,2.922698253783092e-07,0.00020932185167920445,1.5939083359386608e-05,1.8828725008274337e-06
67,7.98912618977538e-08,3.650937083878479e-05,5.185245898080506e-09,0.08592305540889184,4.499421556345246e-07,7.577183000916224e-08,2.0644160052676785e-06,1.7139892857086534e-06,1.5904891647173957e-12,8.205220955971055e-05,1.4817168326964265e-06,1.348711673661099e-06,1.3979537868512614e-06,9.548553191293077e-06,2.0135920886645064e-12,3.6795146349334317e-09,1.1210621356871333e-07,0.9133882759097411,3.447870872784705e-10,3.2017025883953165e-06,2.795634866644137e-05,2.066637839859648e-07,0.0005100592378473177,8.584374931964559e-06,1.8165077622629502e-06
68,1.5286941465652855e-07,0.0002334438513597669,2.9263436045742418e-08,0.2677968676728545,3.646994199942431e-06,7.490526060336722e-08,4.797362080854427e-06,1.4405095008323647e-05,1.5949080421707277e-11,0.0005833157134194379,1.778522813487384e-06,1.8267850899980516e-06,6.133271930914686e-06,3.066999807327298e-05,5.741637398108539e-12,5.008848141098885e-09,3.2027731698388034e-07,0.7309480362736852,3.079766673041667e-09,4.087083388193404e-06,6.781954406316133e-05,6.570434509899242e-07,0.0002596082076060965,3.794974270635586e-05,4.371412535592436e-06
69,8.504280037477958e-08,7.038372400571068e-05,4.775626933162958e-09,0.0755796924478714,9.133904988116315e-07,6.264708241408164e-08,1.5276359533586298e-06,2.986115211404206e-06,2.5399057728482716e-12,0.00013357452720346339,1.4702563129164334e-06,1.1531980578709738e-06,1.50883803478301e-06,9.326523867940174e-06,2.3701908468322215e-12,1.8817831831473137e-09,1.704253944595523e-07,0.9238816307581684,6.360781015806128e-10,1.463000252447871e-06,3.5334905178139336e-05,4.139882346157614e-07,0.0002652012808680991,1.1684237027239867e-05,1.4097595778258409e-06
70,7.494362199686782e-08,6.674926481143315e-05,4.331986541427394e-09,0.07912483634806222,5.077515433785057e-07,3.241494801485272e-08,1.6655716402591851e-06,5.432945619603532e-06,2.8173454649028273e-12,0.00016905304667937096,1.2112555473426381e-06,7.598886097569117e-07,1.1433158104935776e-06,3.568817806892571e-06,2.0868632897207252e-12,1.8155579375537724e-09,2.2736777121364264e-07,0.9203554377729966,6.329654817415834e-10,2.0139056143753992e-06,4.021687743158434e-05,3.228694085123768e-07,0.00020533776064588543,1.9721158165596834e-05,1.6799378514388575e-06
