,0,1,2,3,4,5,6,7,8,9,10,11,12,13,14,15,16,17,18,19,20,21,22,23,24
0,2.4523468724024114e-06,2.393782560292483e-11,1.0434489809896492e-06,0.9943367412407698,2.0678066353281596e-09,1.346568015105901e-07,3.99477535612086e-07,8.593676405583077e-06,4.373850228833035e-06,3.77034673289706e-05,2.7932113452480275e-06,8.060132942760025e-09,2.5852680860447e-05,2.419168094687386e-05,2.7683072072878946e-10,0.00011772316096150187,0.004975493805754752,0.0002671406571387382,9.964122343695422e-12,9.259243321905974e-08,1.5928174033534254e-08,1.630986483275726e-08,1.229644038994092e-07,0.00019510414159294248,2.6292772319519694e-10
1,3.214540629979605e-06,2.8686441347191634e-11,1.2184189384150232e-06,0.9933285037611387,2.4647398825390303e-09,2.377961571800183e-07,5.443319477106107e-07,1.1933190899266688e-05,7.127108457004396e-06,6.815203388857177e-05,2.7987826213676895e-06,9.135407539325178e-09,2.8578451534033253e-05,2.6610088267992614e-05,3.772636347122155e-10,0.00021580260292095827,0.005741452085549032,0.00030197506342195547,1.91754916182129e-11,1.7358561006777414e-07,1.9205240461393467e-08,2.2188992482006572e-08,1.688482178817146e-07,0.0002614555280634036,3.622305822246234e-10
2,3.396575827872424e-06,2.746568753429543e-11,1.4204063574706611e-06,0.9935897109686495,2.70403994119952e-09,2.3655317939891922e-07,5.662501561448455e-07,1.314169496841185e-05,6.838115156700578e-06,7.456139840898665e-05,2.9343002653773816e-06,9.436402551541508e-09,2.7733212990418048e-05,3.275093355209493e-05,4.397819048349112e-10,0.00018121591478794576,0.005418718880617029,0.0003463457915202264,2.195770869045221e-11,2.547335090837131e-07,2.4859503588054013e-08,2.9908900041365715e-08,2.2114417949050463e-07,0.00029988525313428746,4.74688477886589e-10
3,3.089621362000833e-06,2.7370614950007567e-11,1.2538046786654841e-06,0.993366205047472,2.2894128208766005e-09,2.1538544304831122e-07,4.94022993949289e-07,1.0724837190365734e-05,5.416297822044048e-06,5.671801951742459e-05,2.9255839319849446e-06,1.0213856590793619e-08,2.877197592512328e-05,2.8951817718839646e-05,3.488936983678355e-10,0.00016981017346036185,0.0057376853806668385,0.000339958434274269,1.6823787560208685e-11,1.672892784194707e-07,2.1612835675328334e-08,2.2042773078488946e-08,1.729231902008456e-07,0.0002473824650967526,3.680114835470779e-10
4,2.9101631170962624e-06,2.9581141453527274e-11,1.2842573463730473e-06,0.9929627523824013,2.3507104583715304e-09,2.2301965613920144e-07,4.994211694607471e-07,1.0705425588066016e-05,5.113405862695846e-06,5.3207487053916106e-05,3.059657377579858e-06,1.1512998008294773e-08,3.300326769382303e-05,3.0401943559016384e-05,3.3537665029861665e-10,0.0001690804809359491,0.006161282969821608,0.00034439416047024466,1.6993666062108104e-11,1.6228958707659477e-07,2.18077314823137e-08,2.2761268203546557e-08,1.7088882668227804e-07,0.00022168960764469653,3.5722888921784576e-10
5,6.3706866932959226e-06,2.1434867130704146e-08,1.1764532591414826e-05,0.9409761267775719,1.5059684707598305e-07,1.6515048079472912e-05,1.2388973462406284e-05,0.00029862738439346545,0.00012690077150701243,0.00015121687595956074,0.00010940470179074047,4.3677045679939785e-07,0.004552289895952216,0.00011497325673945999,3.865307329745877e-08,0.0035154639537744404,0.04998305998646664,4.0535078403889444e-05,6.770793903311957e-09,3.082920506082246e-07,3.3043987739317524e-07,1.0556639327782242e-06,1.4916182311690358e-06,8.05210087754558e-05,8.277086982953573e-10
6,3.089621362000833e-06,2.7370614950007567e-11,1.2538046786654841e-06,0.993366205047472,2.2894128208766005e-09,2.1538544304831122e-07,4.94022993949289e-07,1.0724837190365734e-05,5.416297822044048e-06,5.671801951742459e-05,2.9255839319849446e-06,1.0213856590793619e-08,2.877197592512328e-05,2.8951817718839646e-05,3.488936983678355e-10,0.00016981017346036185,0.0057376853806668385,0.000339958434274269,1.6823787560208685e-11,1.672892784194707e-07,2.1612835675328334e-08,2.2042773078488946e-08,1.729231902008456e-07,0.0002473824650967526,3.680114835470779e-10
7,3.076595818567311e-06,2.709264570937819e-11,1.2300300410785622e-06,0.9933414464342631,2.291623717078476e-09,2.1709282996294555e-07,4.995112384382136e-07,1.0612014330267297e-05,5.521369608506215e-06,5.805144225521969e-05,2.9087951924752655e-06,1.0196062383699975e-08,2.8090979263204486e-05,2.9553352062599912e-05,3.532438418299462e-10,0.00017239712632871027,0.005749439973818337,0.000344690531580347,1.6700954319658777e-11,1.7111572826250695e-07,2.1752891763549176e-08,2.2350849373755585e-08,1.7732068251163592e-07,0.0002518589448369304,3.816568849088897e-10
8,3.240087430560251e-06,3.3702085481691717e-11,1.349156907132215e-06,0.9919375421280724,2.4032868182785525e-09,2.58751005209007e-07,5.590919308615408e-07,1.280905012195657e-05,4.876494115751653e-06,5.331832499747047e-05,3.0929279499313857e-06,1.5469977270662223e-08,4.152192561732238e-05,2.8680188677942024e-05,3.105006695785841e-10,0.00020395366782082166,0.007128378929758844,0.0004012563393190548,2.1363299190468303e-11,1.7526716142451878e-07,2.4497127531364912e-08,2.286005893025872e-08,1.6582776160157503e-07,0.00017875591291073933,3.324244813397394e-10
9,3.3102337178697426e-06,3.4357310065312006e-11,1.267509168958923e-06,0.9923252875485047,2.5131460275413744e-09,2.4429109333316894e-07,6.19630373646506e-07,1.19069940460174e-05,5.443521850723891e-06,5.5000894506310875e-05,3.1455791358399096e-06,1.4297162827574446e-08,3.636652553975395e-05,3.0185560846237405e-05,3.5581793367703516e-10,0.00019743474919426302,0.006713030487392497,0.0004075883522641825,1.9547412741508122e-11,1.7067330682099318e-07,2.413050388986128e-08,2.3806366372096603e-08,1.768928505423373e-07,0.00020875498832710032,4.109791818156818e-10
10,3.089621362000833e-06,2.7370614950007567e-11,1.2538046786654841e-06,0.993366205047472,2.2894128208766005e-09,2.1538544304831122e-07,4.94022993949289e-07,1.0724837190365734e-05,5.416297822044048e-06,5.671801951742459e-05,2.9255839319849446e-06,1.0213856590793619e-08,2.877197592512328e-05,2.8951817718839646e-05,3.488936983678355e-10,0.00016981017346036185,0.0057376853806668385,0.000339958434274269,1.6823787560208685e-11,1.672892784194707e-07,2.1612835675328334e-08,2.2042773078488946e-08,1.729231902008456e-07,0.0002473824650967526,3.680114835470779e-10
11,3.0446645751712326e-06,2.8313083634980176e-11,1.2870617864137195e-06,0.9931906864151697,2.2890163352524277e-09,2.1922739633099524e-07,4.996003877595276e-07,1.1219274970838962e-05,5.236944170505218e-06,5.46232748551435e-05,2.9728325568615893e-06,1.0760234820562415e-08,3.125139024808438e-05,2.847578312047213e-05,3.469246099307714e-10,0.00017212898619153438,0.005931625345594506,0.0003336606770065819,1.7689742804918945e-11,1.6428136563563617e-07,2.1621302589306407e-08,2.2279301969846607e-08,1.693046031240471e-07,0.0002326772436539941,3.495640318992444e-10
12,3.7955482284185486e-06,4.649656840116998e-11,1.5759683421913915e-06,0.9921173095440926,4.26837967484138e-09,3.5227078091811366e-07,5.726875435217961e-07,7.2648053971626035e-06,5.192076437233041e-06,6.386339680108939e-05,3.7069980267174167e-06,2.2006411419177075e-08,3.270003221187504e-05,5.992234957830378e-05,3.5864699702307693e-10,0.00017074273490385862,0.0064754447832738316,0.0007897077192600873,1.7335477053536876e-11,3.2158146015661015e-07,3.7786793003839167e-08,2.429695634385985e-08,2.930263681299374e-07,0.00026714481827099266,8.780033620426109e-10
13,2.582346116579422e-06,2.6991345528441138e-11,1.2155797385659423e-06,0.9933660133683695,2.1952335099886066e-09,1.9130498063764054e-07,4.145687392211603e-07,9.336281842670779e-06,4.3540321282057475e-06,4.286845647031608e-05,3.447403108006293e-06,1.035233279570862e-08,3.135660893723215e-05,2.7899167027388202e-05,3.3595055208727735e-10,0.00014548445973302322,0.005866441307555123,0.0002842053376306324,1.4261520600637456e-11,1.2352879485747457e-07,1.9760364781824698e-08,2.006268284701368e-08,1.5546919287016175e-07,0.00021385775656742028,2.752505315326678e-10
14,3.5366839255745153e-06,4.0203445317094614e-11,1.6469914786203295e-06,0.9925209875018902,2.9172513616146457e-09,3.238035973773203e-07,5.650611991031103e-07,1.159521203189162e-05,4.4731293823177725e-06,5.5951790215900914e-05,3.946009124157552e-06,1.5997083560324075e-08,4.40467192812843e-05,3.171302090666515e-05,4.004110518526306e-10,0.00022383502932132426,0.006490121792812793,0.00038427129346873943,2.5355009450946343e-11,1.8158548201317888e-07,2.7066734395105696e-08,2.3110392239333258e-08,1.6984646633425026e-07,0.00022256464664877282,3.253358748889565e-10
15,3.089621362000833e-06,2.7370614950007567e-11,1.2538046786654841e-06,0.993366205047472,2.2894128208766005e-09,2.1538544304831122e-07,4.94022993949289e-07,1.0724837190365734e-05,5.416297822044048e-06,5.671801951742459e-05,2.9255839319849446e-06,1.0213856590793619e-08,2.877197592512328e-05,2.8951817718839646e-05,3.488936983678355e-10,0.00016981017346036185,0.0057376853806668385,0.000339958434274269,1.6823787560208685e-11,1.672892784194707e-07,2.1612835675328334e-08,2.2042773078488946e-08,1.729231902008456e-07,0.0002473824650967526,3.680114835470779e-10
16,3.0752328610822968e-06,2.3711640713064605e-11,1.1161881848953665e-06,0.993319904811042,2.1185823323339056e-09,1.9603210000571896e-07,5.000443136626828e-07,8.702547150425215e-06,4.150432585469526e-06,6.509481276791129e-05,2.7960790479500183e-06,1.2721020853250062e-08,2.4647646223463348e-05,3.588106084768001e-05,2.9725058923499046e-10,0.00016935370026959095,0.005617768292351646,0.0005098654572643381,1.4663635807426637e-11,1.8822860515282744e-07,2.895418835946275e-08,2.2208908837901086e-08,1.7933193335368888e-07,0.0002365132900129074,4.741119321134744e-10
17,3.4157920375027583e-06,2.8855358378008515e-11,1.310369316120627e-06,0.9917213925857246,2.2168567307309272e-09,2.0100326880850288e-07,5.178508695053989e-07,1.148614638092328e-05,4.059714882408702e-06,5.18826532200653e-05,3.0686574913432084e-06,1.6258809594654685e-08,3.5994827138514834e-05,3.8536891627676034e-05,2.8581141235039147e-10,0.00015213313424574325,0.0072248010613164,0.0005515392640897203,1.79809746715267e-11,2.0296211117024168e-07,2.8245473920875775e-08,2.7520120059907963e-08,2.1063921150005152e-07,0.00019917139588946018,4.772705501168991e-10
18,4.539104327942194e-06,4.097565266647651e-11,1.295810321394614e-06,0.9892571878882568,2.6216100888249132e-09,2.6204689210333135e-07,7.5832980131928e-07,1.272608858591243e-05,7.208589274166344e-06,8.695928428748959e-05,3.403135562641359e-06,1.9647780289042642e-08,3.770907650630226e-05,5.167546971156725e-05,3.839207691683129e-10,0.00021098983982421437,0.00932834816327308,0.0007185306744973633,2.3572277035927684e-11,2.66328369507406e-07,2.99356724366252e-08,4.1438187021466614e-08,2.555649267701433e-07,0.000277789637614428,8.762486165598616e-10
19,2.6701910934494806e-06,2.6357613212772068e-11,1.3122455554962225e-06,0.9938825896988295,2.2911389607059523e-09,1.832840012394558e-07,4.573394722720682e-07,1.1333724833484115e-05,4.586997726308983e-06,4.521476540930995e-05,2.8373157402735085e-06,1.0336340425400205e-08,3.1392755345530576e-05,2.5286210067890534e-05,3.1826725230088893e-10,0.0001465113164270542,0.005350872023691031,0.00029256114945848627,1.6180948294870024e-11,1.4273819083852468e-07,2.036780576357467e-08,2.082388990166547e-08,1.4357660054120876e-07,0.000201850205589891,2.81986783799518e-10
20,4.350562276604473e-06,2.7363192929071244e-11,1.266009008829473e-06,0.9919733018912549,2.1924733515475534e-09,2.5551165291454386e-07,4.24039383163453e-07,8.357583353945481e-06,5.311417810578076e-06,6.72574965244959e-05,2.670217841395343e-06,1.2473640968855807e-08,3.0210396458602e-05,3.286505381528082e-05,2.0932306830417664e-10,0.00020378565894933,0.006830986967888652,0.0005803922785093851,1.5588288875079325e-11,1.8755150814473416e-07,1.850886382415279e-08,1.6459623833006213e-08,1.5245014877837444e-07,0.00025817462645218164,4.002862314397568e-10
21,3.454019563205393e-06,2.873081457707354e-11,1.3077618066179628e-06,0.9935804190456974,2.5849073743818214e-09,2.1058857080889416e-07,4.6585282513172425e-07,9.537316640614386e-06,5.314013532732805e-06,6.516649780068494e-05,3.174849308400587e-06,1.1029986076886928e-08,2.6556077452364537e-05,3.213860231222303e-05,3.4822430029418486e-10,0.00017137543095029618,0.005437096694170735,0.00038972846510608406,1.7197584779143938e-11,1.765467619004763e-07,2.4973373948886645e-08,2.246466653039999e-08,1.730484707425661e-07,0.0002736433307584775,4.111851191407637e-10
22,3.2095613125138847e-06,2.2528776032389943e-11,1.1941220450389755e-06,0.9935181437966503,1.9703972850761717e-09,1.6806914632221953e-07,3.9442477639986103e-07,9.688924426421744e-06,4.7167342609014636e-06,5.762259799437138e-05,2.7659946149454772e-06,9.596137218752007e-09,2.5208727526508977e-05,2.7142461837911314e-05,2.736557662934769e-10,0.0001487993087868844,0.005596830817131593,0.0003609046236508194,1.4716633635950495e-11,1.488763985295601e-07,2.0931881416446055e-08,1.9857221219729765e-08,1.4459273382062809e-07,0.0002428633805959204,3.195724994603215e-10
23,3.089621362000833e-06,2.7370614950007567e-11,1.2538046786654841e-06,0.993366205047472,2.2894128208766005e-09,2.1538544304831122e-07,4.94022993949289e-07,1.0724837190365734e-05,5.416297822044048e-06,5.671801951742459e-05,2.9255839319849446e-06,1.0213856590793619e-08,2.877197592512328e-05,2.8951817718839646e-05,3.488936983678355e-10,0.00016981017346036185,0.0057376853806668385,0.000339958434274269,1.6823787560208685e-11,1.672892784194707e-07,2.1612835675328334e-08,2.2042773078488946e-08,1.729231902008456e-07,0.0002473824650967526,3.680114835470779e-10
24,6.549229961555771e-06,4.4457348124770736e-11,1.7977124649296655e-06,0.9913927271816251,2.5754291405550688e-09,2.8813948557320236e-07,7.651964301713158e-07,1.636064040452533e-05,1.006674446245604e-05,0.00010847311116863726,3.948467491664334e-06,1.1771128580581556e-08,3.0377948151653576e-05,3.265884301215213e-05,6.345293539833841e-10,0.00019339884199895364,0.007270013125647909,0.00044857476766374445,3.3607427117378094e-11,2.722587047472604e-07,3.5482248638049524e-08,4.093277316240865e-08,2.436922314273849e-07,0.0004833919189834303,7.059378175219811e-10
25,4.035032690511795e-06,4.403453065014932e-11,1.4922317906915177e-06,0.9912126331974903,3.0289002102231134e-09,3.447226298333129e-07,6.015249823110606e-07,9.462825774678575e-06,8.421670876375582e-06,8.807221220493406e-05,3.592001860468719e-06,1.4872587066439963e-08,3.088016076930803e-05,4.6538924017203295e-05,4.553672773061094e-10,0.0002083755228760396,0.00750373102913225,0.0004943376530130529,2.0770806263667907e-11,2.4801342126752226e-07,2.6930592580090263e-08,3.221367313908397e-08,2.2952793525527452e-07,0.0003869254799987523,7.026110658202889e-10
26,3.65806766873912e-06,2.6216103363170307e-11,1.2376256520292069e-06,0.9939389603130763,2.253551489516802e-09,1.9693941989636208e-07,3.9820025194200886e-07,9.690990727201785e-06,7.043402459430589e-06,4.9775767414892494e-05,2.951067530403693e-06,6.83365102767727e-09,2.1303335743083647e-05,2.3690189948626986e-05,3.925819771867189e-10,0.00013698564859672036,0.0051820875641579184,0.0002582744522462384,1.4714753849261285e-11,1.4392721734663686e-07,1.7442722642746223e-08,1.820959983934354e-08,1.9106420420896816e-07,0.0003633659065524711,3.640950583026259e-10
27,2.9657917638920247e-06,2.888534638324511e-11,1.2551188062293281e-06,0.9932426800232259,2.5146191313096004e-09,2.3491851552549805e-07,5.841569126635302e-07,1.1796594246276412e-05,7.426168440778633e-06,7.025669330452458e-05,3.0501654980184658e-06,9.16326575454619e-09,2.738207307901187e-05,3.196052190234556e-05,4.683085767329371e-10,0.00018614652192909837,0.005808404380603629,0.00029706920786674943,1.9042019027698616e-11,1.9985667183312547e-07,2.180868892708384e-08,2.927858960440476e-08,2.037803497743035e-07,0.0003083202906395272,4.548448370894984e-10
28,3.089621362000833e-06,2.7370614950007567e-11,1.2538046786654841e-06,0.993366205047472,2.2894128208766005e-09,2.1538544304831122e-07,4.94022993949289e-07,1.0724837190365734e-05,5.416297822044048e-06,5.671801951742459e-05,2.9255839319849446e-06,1.0213856590793619e-08,2.877197592512328e-05,2.8951817718839646e-05,3.488936983678355e-10,0.00016981017346036185,0.0057376853806668385,0.000339958434274269,1.6823787560208685e-11,1.672892784194707e-07,2.1612835675328334e-08,2.2042773078488946e-08,1.729231902008456e-07,0.0002473824650967526,3.680114835470779e-10
29,3.089621362000833e-06,2.7370614950007567e-11,1.2538046786654841e-06,0.993366205047472,2.2894128208766005e-09,2.1538544304831122e-07,4.94022993949289e-07,1.0724837190365734e-05,5.416297822044048e-06,5.671801951742459e-05,2.9255839319849446e-06,1.0213856590793619e-08,2.877197592512328e-05,2.8951817718839646e-05,3.488936983678355e-10,0.00016981017346036185,0.0057376853806668385,0.000339958434274269,1.6823787560208685e-11,1.672892784194707e-07,2.1612835675328334e-08,2.2042773078488946e-08,1.729231902008456e-07,0.0002473824650967526,3.680114835470779e-10
30,3.089621362000833e-06,2.7370614950007567e-11,1.2538046786654841e-06,0.993366205047472,2.2894128208766005e-09,2.1538544304831122e-07,4.94022993949289e-07,1.0724837190365734e-05,5.416297822044048e-06,5.671801951742459e-05,2.9255839319849446e-06,1.0213856590793619e-08,2.877197592512328e-05,2.8951817718839646e-05,3.488936983678355e-10,0.00016981017346036185,0.0057376853806668385,0.000339958434274269,1.6823787560208685e-11,1.672892784194707e-07,2.1612835675328334e-08,2.2042773078488946e-08,1.729231902008456e-07,0.0002473824650967526,3.680114835470779e-10
31,3.7400342861793625e-06,2.6913240739009515e-11,1.4877054139676773e-06,0.9935516088135967,2.202951855157286e-09,1.9024535943144015e-07,4.7654186433362763e-07,1.3858598651071586e-05,4.388017570247095e-06,4.743564062395623e-05,2.603713831118392e-06,1.0965678206966434e-08,3.284797269498126e-05,2.4896179878446502e-05,2.9653819956232875e-10,0.00014606855490239642,0.005572248297150931,0.0003926267398833854,1.9607088643351357e-11,1.7844179726174492e-07,2.3358853600985107e-08,2.023187671361622e-08,1.7101346112916684e-07,0.0002051160379826329,3.4863294670733537e-10
32,3.2804903630878154e-06,2.974603240362373e-11,1.3439052461663655e-06,0.9930640290987384,2.444556983283008e-09,2.3605372544653773e-07,5.343577395553832e-07,1.1851531911596353e-05,5.550774186015204e-06,5.913805755871344e-05,3.088885420422333e-06,1.1237020307699766e-08,3.139070150102561e-05,2.9991754282362e-05,3.8130233858062207e-10,0.0001833692391428971,0.00600342350368314,0.00035388126435097563,1.975554950393749e-11,1.8533690739683504e-07,2.332616871072707e-08,2.4292550633589442e-08,1.8583510938109825e-07,0.0002484570914028676,3.8763002426278566e-10
33,4.686525120326024e-06,3.2338465412856695e-11,2.1675976084016232e-06,0.99754870610284,7.887826966821162e-09,2.134949461865337e-07,4.967660164652404e-07,9.084207527136216e-06,1.098153225260239e-05,8.323995597002358e-05,3.1634480216409186e-06,2.9783393413101013e-09,6.662726132304671e-06,2.009145685858832e-05,1.569978900808871e-09,0.00010709766814708605,0.0011229704218017385,0.000162814472973352,2.1407907234501853e-11,2.9903641083569934e-07,5.1355368794896505e-08,1.7227184927717307e-08,3.5612659066899924e-07,0.0009168865180798597,8.702571725684856e-10
34,5.273756855096419e-06,4.31380179376258e-11,1.897476857152534e-06,0.9924540068745957,3.1672552576618525e-09,2.2943537569297264e-07,4.885819305201776e-07,1.2818823089941366e-05,7.00977076317073e-06,5.989925592768252e-05,4.520875589800495e-06,1.1000239464134962e-08,3.5698247125246444e-05,3.220178753629786e-05,4.916769206286235e-10,0.00014813549167412178,0.006528550756882189,0.0003468841343985693,2.658046349773662e-11,1.7161872801062136e-07,2.3281984106788952e-08,3.036686837866032e-08,2.0829344572659632e-07,0.00036193598339997356,4.580827505621914e-10
35,1.427778491823188e-06,2.296755582171888e-11,1.2918174185519893e-06,0.994924342328797,2.6704085740141513e-09,2.86460053026755e-07,4.50131109575682e-07,6.570735628953121e-06,4.037328874422651e-06,4.823571979965485e-05,3.6754208921227617e-06,8.40871546700267e-09,2.4680619704736166e-05,3.8015563570823283e-05,5.507833259480437e-10,0.00015431647229156658,0.004297252389404621,0.00020486174433858862,1.297922065217253e-11,1.8507932787839475e-07,2.4258585745151516e-08,2.3296639959284553e-08,2.1324827383935974e-07,0.0002900976175740696,3.2336903579155005e-10
36,3.121724408724434e-06,2.748953149450906e-11,1.2741309148202135e-06,0.9934621376573186,2.320325724052546e-09,2.147420487386876e-07,4.897198891836582e-07,1.0569313543522156e-05,5.368503217636817e-06,5.6775002620250856e-05,2.9527673445205048e-06,1.0169003586505603e-08,2.8465323533299956e-05,2.9009433732420266e-05,3.5069453399763964e-10,0.00016725392608582732,0.005639095695358865,0.00034154169012931725,1.6816591350448957e-11,1.6762286395006296e-07,2.187459611229491e-08,2.1874332826239735e-08,1.7241782101823735e-07,0.000251333326049359,3.6986105971499365e-10
37,2.57797036954136e-06,5.034227827830932e-11,1.3441239699949596e-06,0.9914404339270135,3.4623575161789303e-09,4.1117777783762785e-07,8.681601142441267e-07,1.8275258062785717e-05,7.889561635280277e-06,7.755517648104238e-05,3.166664372222845e-06,1.762209739647004e-08,5.2263255694880394e-05,3.440948892088e-05,5.128120154591392e-10,0.000318911094636908,0.007565022452661022,0.00031309983236286326,3.0115539263343416e-11,2.5231255404487365e-07,3.2834932121366514e-08,3.5989985161165996e-08,2.2860344681114046e-07,0.00016319999563042624,4.4165343993896637e-10
38,2.936772474769489e-06,2.8207936983459435e-11,1.1915876027172138e-06,0.9927735622357029,2.1926388578472346e-09,3.082235117841329e-07,6.688288924576293e-07,1.2892928765119387e-05,4.969293065475948e-06,5.8513539324397825e-05,2.9697442098375435e-06,1.2064026345892887e-08,3.429656599996603e-05,2.8355265512139288e-05,4.215602941480358e-10,0.0002504914419529187,0.006263322598212217,0.0003479308969431726,2.242831949071081e-11,2.014228511260395e-07,2.500096729310676e-08,2.2339989485500363e-08,2.0829336462535693e-07,0.00021711792333918388,3.684566532107214e-10
39,3.0244680104600886e-06,2.673484798267993e-11,1.2307979523594843e-06,0.993418193122114,2.264447373515751e-09,2.1489661205713186e-07,5.081440405528295e-07,1.1225726597472792e-05,5.2967060975460025e-06,5.548243651180666e-05,2.8480607456603614e-06,1.0237033284487242e-08,2.8862813439979253e-05,2.837189955185039e-05,3.5453828017107366e-10,0.00017235366077940196,0.005698425342383664,0.0003364569295309157,1.7205156104818217e-11,1.7043750654820313e-07,2.214482653791626e-08,2.2201073861191578e-08,1.7919648814812368e-07,0.0002370977440016764,3.7177666444348655e-10
40,3.3953273268075067e-06,4.5912636473012735e-11,2.038961948385286e-06,0.9931337466535302,4.131631992776626e-09,3.039982487555179e-07,5.370756297638971e-07,9.625362715300397e-06,5.520222787905607e-06,6.44760818314648e-05,4.234191057753086e-06,1.6671317055760658e-08,3.581264753264843e-05,4.709742562371991e-05,5.051573040771006e-10,0.00016344287121565146,0.005782701581560499,0.00044226342143925175,2.2551171738853313e-11,2.4521341478106206e-07,3.157787427371882e-08,3.19540072876134e-08,2.0678272753500594e-07,0.0003042667375016789,5.354565322263631e-10
41,3.2210746523647365e-06,2.7138603847544957e-11,1.2721652530988777e-06,0.9931369355563261,2.2568283499765245e-09,2.1610306743910177e-07,5.101453672425209e-07,1.0922617847890203e-05,5.296500013191251e-06,5.823751399825563e-05,2.992426727868774e-06,1.078795840563624e-08,2.902805800793052e-05,3.0464089553160506e-05,3.5562892394089134e-10,0.00016929601246196415,0.00592806734201778,0.0003691157419861668,1.7609899874942594e-11,1.7888737874149063e-07,2.283243373754276e-08,2.3596733290110065e-08,1.823164531003737e-07,0.0002540031778559458,3.9670036626691914e-10
42,3.6090970923248388e-06,2.757054602545306e-11,1.0700533142409955e-06,0.9933340124075117,2.279200519690774e-09,2.209404820886942e-07,4.0935094430617666e-07,4.9749013018076145e-06,5.49364017916849e-06,5.3624031658629216e-05,2.996474365784065e-06,9.185105687089664e-09,2.0805029380007245e-05,3.654260993590591e-05,2.6076257214548675e-10,0.0001428162090477462,0.005546272882392548,0.0005063361034747896,8.859327966381182e-12,1.3466070131842202e-07,1.5330811719856197e-08,1.3125119683439413e-08,1.607339556000231e-07,0.00034048015101037846,5.05821325101226e-10
43,3.150828785474226e-06,2.749081786219841e-11,1.2652279317209775e-06,0.9933974813745683,2.3532003676231853e-09,2.187174629442307e-07,5.021590473511178e-07,1.0940957548884478e-05,5.791753202286014e-06,6.182713210718583e-05,2.9160080792361544e-06,9.956534898915978e-09,2.8123976921531184e-05,2.9671078331637144e-05,3.5977629741764313e-10,0.00017415072984571628,0.0056848510444598935,0.0003396726986928932,1.749904387927953e-11,1.7797077946600464e-07,2.2032404028320594e-08,2.321584752748077e-08,1.7695639649529928e-07,0.0002590230377268034,3.8535911279925893e-10
44,3.089621362000833e-06,2.7370614950007567e-11,1.2538046786654841e-06,0.993366205047472,2.2894128208766005e-09,2.1538544304831122e-07,4.94022993949289e-07,1.0724837190365734e-05,5.416297822044048e-06,5.671801951742459e-05,2.9255839319849446e-06,1.0213856590793619e-08,2.877197592512328e-05,2.8951817718839646e-05,3.488936983678355e-10,0.00016981017346036185,0.0057376853806668385,0.000339958434274269,1.6823787560208685e-11,1.672892784194707e-07,2.1612835675328334e-08,2.2042773078488946e-08,1.729231902008456e-07,0.0002473824650967526,3.680114835470779e-10
45,4.096620731465478e-06,3.674358129527474e-11,1.5242810446971922e-06,0.9916377906904592,2.7809752671258057e-09,2.170974439447186e-07,4.110974047161638e-07,7.758260376958214e-06,5.3030271233406564e-06,6.782738902819953e-05,3.6150678494195833e-06,1.604139320759158e-08,3.176524525715141e-05,4.563069423753896e-05,2.6828972687854793e-10,0.0001417898001732341,0.00716892170129351,0.0005909673903470093,1.5986652664229942e-11,1.8894795653783204e-07,2.6628600654811808e-08,2.624117960231231e-08,1.764399586069329e-07,0.00029194369593144097,5.402145788144456e-10
46,3.3957627811679913e-06,3.2744341108650225e-11,1.507977251347941e-06,0.993765562463512,3.101906145405064e-09,2.3421784939554898e-07,5.890331032931875e-07,1.0762213454228418e-05,5.941333860098297e-06,7.010538215584261e-05,3.3322359466023474e-06,1.1317251019520976e-08,2.991529768391069e-05,3.543471142918488e-05,4.237114588876156e-10,0.00017880500931033964,0.005220879964696843,0.00039367032869518787,1.9976515269125196e-11,2.1042854795789223e-07,2.583146542706604e-08,2.6979902575554324e-08,1.844567790946765e-07,0.0002794010023996021,4.73586391611788e-10
47,6.933446720337511e-06,5.857129778407837e-11,1.816710985664084e-06,0.988298939151252,3.050675570509507e-09,3.095458422690791e-07,8.54491409422168e-07,2.149167473796634e-05,8.941063608232206e-06,9.633376318032007e-05,4.008130901394596e-06,2.2932327025196906e-08,5.072313246584098e-05,3.883915537133717e-05,5.036499705642432e-10,0.0002475620339707498,0.010302958864736195,0.000623683655184851,4.550627232457799e-11,2.880388283496891e-07,3.646899631897196e-08,5.0810098490377834e-08,2.461154281996741e-07,0.00029595640736333,7.481883160775719e-10
48,2.705069450434998e-06,2.160425663918733e-11,1.3513611526613165e-06,0.995279033948444,2.9843390390490495e-09,1.59112442577382e-07,3.712121340429827e-07,6.176490560819831e-06,4.689458376596151e-06,7.158126788021262e-05,3.0357633667683026e-06,8.7475485942011e-09,1.794122705356349e-05,3.9186515142354366e-05,3.2737721658943294e-10,0.00012996821600515698,0.0037088419802988395,0.00039922198264119325,1.1724691886178919e-11,1.8617219699848538e-07,2.5268908326897867e-08,2.2326201679139895e-08,1.5638245637620846e-07,0.00033533369141860596,4.6127531905731144e-10
49,2.993488728172972e-06,3.3683182088895874e-11,1.568859281457915e-06,0.9926144352747037,2.6971472338368394e-09,2.683323836259401e-07,5.212422597314419e-07,1.0440159820407422e-05,5.3788571048470945e-06,6.184768195347521e-05,3.333453993916424e-06,1.4231106434522093e-08,3.4287044081095266e-05,3.739586510636471e-05,3.856716418502444e-10,0.00016941643371673392,0.006392647960028958,0.0004029418813059632,1.936936543435219e-11,2.1644115998665266e-07,2.6517185469272586e-08,2.8362163195129993e-08,1.8528251151383854e-07,0.00026204906580138467,4.297323495900146e-10
50,4.351718026888286e-06,3.0128838234780694e-11,1.3015831826590568e-06,0.9926627809424671,2.659912607272134e-09,2.1781625431012604e-07,1.0369410225777198e-06,1.821896992968823e-05,8.896648688544643e-06,0.00012621468145849354,2.8309438217389663e-06,9.898016115517735e-09,3.08602623401219e-05,3.721316799775414e-05,5.110963294135563e-10,0.00024293343330268713,0.006095574226209191,0.0004680084183744658,3.087190285981708e-11,3.039290915644612e-07,2.8055517797224377e-08,4.541336948296821e-08,2.2531225572939338e-07,0.00029894361927539656,7.873884083700715e-10
51,0.00010276549618523099,2.788103611251843e-10,1.0281376068633832e-05,0.8466571934377707,2.9005845284258743e-08,1.9773589926314763e-05,7.24987873018784e-05,0.0002625085591093703,5.653096895995377e-05,0.0032698924002647067,1.4845682235860663e-05,7.337154249300289e-07,0.0002661878132687169,0.0015013484988456898,1.8629470195328602e-08,0.009557706927936204,0.07747428996957774,0.05793780635637492,9.786710481828125e-09,0.00040345193956800216,1.2012039758787926e-06,6.17918840814733e-06,6.57725122434314e-05,0.002318410475565693,5.634001516059108e-07
52,3.1169270422334874e-06,3.728918144912893e-11,1.3475014211132388e-06,0.9928705806469675,2.6604425713327654e-09,2.3246118660899765e-07,6.2744895617503e-07,1.4385279996971986e-05,6.211111516066116e-06,5.213753571816306e-05,3.1244191622560017e-06,1.2015098428739057e-08,3.556057735807161e-05,2.9044574439914586e-05,4.532440121922244e-10,0.00017057572458346515,0.006282498077994856,0.00030495349238880633,2.1042088114002506e-11,1.7292515490939418e-07,2.5936800930225885e-08,2.7837180364873326e-08,2.090437721540692e-07,0.00022515286342245983,4.278206190764123e-10
53,3.0150739812888574e-06,2.6858180866551383e-11,1.2160910120238564e-06,0.9933723559008867,2.2593699727376675e-09,2.1672280348589254e-07,5.174413802152426e-07,1.090428366377712e-05,5.495535470913793e-06,5.66224580729067e-05,2.8783277455308535e-06,1.0055147511456884e-08,2.861736366301324e-05,2.8774442926102824e-05,3.569188845112247e-10,0.00017400219050860036,0.005733717518796475,0.00033682142682768074,1.6763023996548463e-11,1.6898985805233472e-07,2.1337800539929527e-08,2.215805540444706e-08,1.7654015811153185e-07,0.00024444310705972735,3.742720698793771e-10
54,2.1796030759754746e-06,1.3597500825911517e-11,1.415728291868387e-06,0.9954590609387542,1.7043205867662868e-09,1.3433411745321294e-07,2.3275846885851422e-07,8.006696531916238e-06,3.0521386796607393e-06,3.4489474496802094e-05,2.724112262915609e-06,5.913276737109158e-09,2.0605240009572414e-05,2.1054618827218213e-05,2.629198127797187e-10,8.775949873024377e-05,0.003892027970894023,0.0002155098118567028,1.1120850208026183e-11,1.3108508443640948e-07,1.7024354848943213e-08,1.5262726044569105e-08,1.2974661507948166e-07,0.0002514458764481857,1.7453841152351495e-10
55,3.307081410249346e-06,3.140607522421562e-11,1.2808557144289516e-06,0.9930559353077147,2.4648878806430124e-09,2.224271960281366e-07,5.344626045677066e-07,1.0717007071941663e-05,5.610438752867765e-06,5.674527359290583e-05,3.0315303251338603e-06,1.198428910414832e-08,3.0460799858194286e-05,2.9802891510511478e-05,3.538299849080229e-10,0.00017580007641196754,0.006003014579502282,0.00037960070752370896,1.7321466702261268e-11,1.6585220903094395e-07,2.2813414084628974e-08,2.2298977722839242e-08,1.694441629770265e-07,0.0002435408987885627,4.015235991427738e-10
56,3.100063130344657e-06,2.9443532883637325e-11,1.3122261164066654e-06,0.9931586122067861,2.371004448044504e-09,2.214673103692219e-07,5.048147754788825e-07,1.1017904933998975e-05,5.393938737887165e-06,5.5771032941427796e-05,3.0356746079403327e-06,1.0956313736367154e-08,3.1462249679442924e-05,2.9381459844735995e-05,3.50853141717115e-10,0.00017079464076415023,0.0059478528807534025,0.00034278338622192303,1.759295410406179e-11,1.6596118840345395e-07,2.1716208414698223e-08,2.2720518860674893e-08,1.6910274148831943e-07,0.00023836246397432214,3.635572383619677e-10
57,3.7065860803620525e-06,3.99252335082809e-11,1.8189836467305077e-06,0.9913698390238324,3.1231383653291878e-09,2.914142813322448e-07,6.628712222006264e-07,1.642529529124071e-05,5.459837829663625e-06,6.864109797088334e-05,3.803157409528719e-06,1.997254628326254e-08,4.5398300281414197e-05,3.7815974272264586e-05,4.752811015045897e-10,0.00021784417800937522,0.007543473742413319,0.0004518572577044942,3.457471920416981e-11,2.752443643863002e-07,3.5470820096821215e-08,4.1057339544312425e-08,2.2343307833101437e-07,0.00023236295373723785,4.749495470655742e-10
58,3.186934961434584e-06,2.737583761606337e-11,1.2923191200551732e-06,0.9934772997530921,2.2908030671187713e-09,2.1451458517537546e-07,4.820188944240616e-07,1.0304465469421582e-05,5.662096371410634e-06,5.7822925896275296e-05,3.0343979356488606e-06,9.636904224429477e-09,2.7301638906034647e-05,2.8730439778385056e-05,3.7126355659668066e-10,0.00016463984799015982,0.005612486965644222,0.0003264876159996396,1.681726722381538e-11,1.6477652287760118e-07,2.11476406311543e-08,2.224131876551957e-08,1.7197355787473284e-07,0.00028066120898399133,3.7416754702079565e-10
59,3.1258036132275055e-06,2.6510624420861785e-11,1.3234105981275788e-06,0.9937325848147996,2.299162068161687e-09,2.0873772327116058e-07,4.6467224272037026e-07,9.932603600054832e-06,5.693098422826589e-06,5.84516850626152e-05,3.037886131134465e-06,9.038900349862175e-09,2.5688031386739492e-05,2.8805126007808523e-05,3.8076472296972793e-10,0.00015672429657922896,0.005359147811128326,0.000316364171907082,1.6302495101973582e-11,1.665089572981221e-07,2.0889945520867783e-08,2.200665411370135e-08,1.7054405469749567e-07,0.00029805576740571583,3.7213964618015056e-10
60,3.089621362000833e-06,2.7370614950007567e-11,1.2538046786654841e-06,0.993366205047472,2.2894128208766005e-09,2.1538544304831122e-07,4.94022993949289e-07,1.0724837190365734e-05,5.416297822044048e-06,5.671801951742459e-05,2.9255839319849446e-06,1.0213856590793619e-08,2.877197592512328e-05,2.8951817718839646e-05,3.488936983678355e-10,0.00016981017346036185,0.0057376853806668385,0.000339958434274269,1.6823787560208685e-11,1.672892784194707e-07,2.1612835675328334e-08,2.2042773078488946e-08,1.729231902008456e-07,0.0002473824650967526,3.680114835470779e-10
61,3.191979146707631e-06,2.6338656256224664e-11,1.3432195298885686e-06,0.9937275993301367,2.271647425648215e-09,2.0745770024435484e-07,4.497140228199083e-07,1.0134917156405272e-05,5.354870409205824e-06,5.66638002857231e-05,3.009931279724473e-06,9.326499670793535e-09,2.6386671700091298e-05,2.8262737218389587e-05,3.623493591911579e-10,0.00015557245633677073,0.005373720711433706,0.00032441768708026976,1.6501079197123936e-11,1.6529224716760656e-07,2.130580620529112e-08,2.140759198320186e-08,1.6759863282304175e-07,0.00028329655384534377,3.551035559727775e-10
62,3.089621362000833e-06,2.7370614950007567e-11,1.2538046786654841e-06,0.993366205047472,2.2894128208766005e-09,2.1538544304831122e-07,4.94022993949289e-07,1.0724837190365734e-05,5.416297822044048e-06,5.671801951742459e-05,2.9255839319849446e-06,1.0213856590793619e-08,2.877197592512328e-05,2.8951817718839646e-05,3.488936983678355e-10,0.00016981017346036185,0.0057376853806668385,0.000339958434274269,1.6823787560208685e-11,1.672892784194707e-07,2.1612835675328334e-08,2.2042773078488946e-08,1.729231902008456e-07,0.0002473824650967526,3.680114835470779e-10
63,3.1700357964431888e-06,2.894466935324566e-11,1.2799328207841196e-06,0.9932631164853475,2.3511630564161043e-09,2.1851610184115022e-07,5.00957064398297e-07,1.0810731143954296e-05,5.569291851949724e-06,5.734879831802158e-05,2.99850454810857e-06,1.0507256722884011e-08,2.947306184507484e-05,2.9234955934061582e-05,3.5564431019320726e-10,0.00017017838516666944,0.005833338970472303,0.00034207913211137855,1.7171707665454615e-11,1.660100312516339e-07,2.191685859148635e-08,2.244894121544918e-08,1.7223119750879647e-07,0.0002502859999772128,3.742914380713247e-10
64,3.158338498555879e-06,2.9315033520928465e-11,1.3298476239692694e-06,0.9937739949836004,2.480619179472129e-09,2.107181192533783e-07,5.019687567540871e-07,1.1147472773412103e-05,5.186925274888674e-06,5.521152894162874e-05,3.0211525167902213e-06,1.0696866844860114e-08,2.8491542273133294e-05,2.8038914377386956e-05,3.7353262745551844e-10,0.00016062157434794698,0.00535174656811752,0.00033416234962602197,1.7992249829269657e-11,1.6907638138658314e-07,2.525372380549584e-08,2.2206036032550363e-08,1.7720313674077589e-07,0.00024276840253892966,3.750094289898894e-10
65,4.479800414941093e-06,3.1726952675857543e-11,1.207825171239909e-06,0.9910924920802793,2.5396342397190763e-09,2.246999965579483e-07,5.722158709011442e-07,1.0111730995835522e-05,7.752569243756153e-06,8.726342188659289e-05,2.990764512072457e-06,1.387303776161269e-08,3.0941495867829186e-05,3.997429094366268e-05,2.7480223064772784e-10,0.00021303058868620136,0.007603735056164154,0.0006126568843017883,1.8106807760537606e-11,2.146644034061296e-07,2.0795279683462095e-08,2.8167672084732424e-08,1.7866850411618192e-07,0.0002921069491762197,5.933215976071019e-10
66,4.134436011367244e-06,3.2991724306774704e-11,1.2787271971721463e-06,0.9921817916149864,2.197823055608854e-09,2.747681217944914e-07,7.967632633203693e-07,1.6593054980519393e-05,7.30781515125197e-06,5.55552160059405e-05,3.0551758434534177e-06,1.0295637375509732e-08,3.260593895772333e-05,2.8304126801385163e-05,5.399077596259574e-10,0.00018778075302892242,0.006824334097988344,0.0003640819878651248,2.4192505596480768e-11,2.1975931257372583e-07,2.286695962406765e-08,2.8220694542195405e-08,2.7095707911697057e-07,0.0002915500885652622,5.406338916612617e-10
67,3.138747830719027e-06,2.589188818476511e-11,1.1264615639403122e-06,0.9959033529842077,2.670044874344016e-09,1.0090027777826794e-07,4.315258676386521e-07,1.4496775427913128e-05,6.7960090248685835e-06,4.426270997325879e-05,2.2325201607519286e-06,5.406004194025036e-09,2.4429213457621732e-05,1.276388457245531e-05,2.8615877969347987e-10,0.00014950490633275517,0.003501275536107657,0.0001724388413797535,1.3876449355777338e-11,6.911011917504523e-08,1.256550173398673e-08,1.3706866996213765e-08,7.728799692576067e-08,0.00016346773997253603,1.7138134269648167e-10
68,3.1002423228567416e-06,2.6971451630884998e-11,1.2602016841368087e-06,0.9932275179651525,2.2293464079111277e-09,2.1600884485286345e-07,5.016847618491466e-07,1.0811990402364579e-05,5.215407741987936e-06,5.6426234786286324e-05,2.879345762971034e-06,1.0673861676543045e-08,2.974360207720942e-05,2.92263879515076e-05,3.3271032842423955e-10,0.00017057706160569436,0.005863648286076399,0.0003605155464176737,1.6842573026414833e-11,1.7117062327820715e-07,2.1861988441629737e-08,2.2018777208564958e-08,1.713330453976811e-07,0.00023796000185388334,3.683909216275034e-10
69,2.543566236522942e-06,2.3757682394478954e-11,9.116925203054882e-07,0.99503504360427,2.193752008906546e-09,1.4747159419720705e-07,4.2814104370100806e-07,8.587742274886012e-06,6.644135747035721e-06,4.905673358524494e-05,2.243853992074599e-06,5.845530902598433e-09,1.993547691887222e-05,1.9789429620880703e-05,2.968739508062149e-10,0.0001574403848310012,0.004243525471545274,0.0002232104491530469,9.64701124154631e-12,8.814401967380345e-08,1.3165787549179364e-08,1.3278781751838932e-08,1.1361263637926058e-07,0.00023025499441930978,2.814609388301229e-10
70,9.520995343771219e-06,6.435353072268949e-11,2.5182933012450016e-06,0.9914396418767771,3.3450646780977458e-09,1.9564053936994552e-07,7.379705423048644e-07,2.0457434482750648e-05,5.893191723222206e-06,7.185294599066954e-05,6.232018772907949e-06,1.8950786688862515e-08,4.431397028302715e-05,3.235191689293484e-05,7.159363415790465e-10,0.00013904715428036566,0.00731264985456589,0.0005485131340507454,4.764937711644395e-11,1.8611603237411395e-07,4.912643153564648e-08,5.081155803729644e-08,2.2136302613421863e-07,0.00036554238610812123,6.755069005845262e-10
