,0,1,2,3,4,5,6,7,8,9,10,11,12,13,14,15,16,17,18,19,20,21,22,23,24
0,0.00027870277649931816,3.2576586013676544e-05,0.00013007815753852473,0.6121095061541381,0.001545279229446475,1.680165054402055e-06,2.798869821522292e-05,5.109170051334576e-05,6.141246019168504e-06,3.095531627858909e-05,4.2738673850696864e-05,1.037602575175199e-06,0.0013537960421586524,6.751717558449143e-05,7.720645294572178e-08,8.902963633379552e-06,0.00021855980442847048,0.38273424162174047,4.8263935867348165e-05,8.297838447330694e-05,0.0002679758349249837,3.804804401756785e-07,0.0008201503627839292,0.00013937451163689772,5.369732243985364e-09
1,0.0002293699988114897,3.6532653416316336e-05,0.00015789396937443206,0.5504939213334371,0.0015499718168524477,2.2021335206643573e-06,3.234727152634746e-05,5.158354729082082e-05,1.0719835414506805e-05,5.423568668638472e-05,3.76897335014313e-05,9.68355053452989e-07,0.0014189545305384437,9.89920325007987e-05,9.706959049325212e-08,1.2449579534236046e-05,0.00019640464175808302,0.4438378713807278,6.664029737238839e-05,0.00012028243526892782,0.0003388141229722768,4.135177280884337e-07,0.001052182516668186,0.00019945341469270307,8.1257622470361e-09
2,0.00023896116730914426,3.906306187649337e-05,0.00015064758352659747,0.5721622916888615,0.0018134296387464744,2.2848120066569675e-06,3.3576141396322336e-05,5.5080037368212414e-05,1.1286332714635907e-05,5.056983311968085e-05,4.386244684661822e-05,1.1546477259144084e-06,0.0014704215921215573,0.00011419873941269625,1.1381614538770224e-07,1.1695037788804445e-05,0.00020203029145213935,0.4218844416164828,6.201626487808695e-05,0.00012888563323859735,0.00032788289974368623,5.000608482207721e-07,0.0010103790861289862,0.00018521848422392535,9.086036807539379e-09
3,0.0002524163513226882,3.515238192765442e-05,0.00013902873615573454,0.565029843398704,0.0015520772890900366,2.0469618200561465e-06,3.0106260031827548e-05,5.151794660602997e-05,8.76812419724111e-06,4.276074076957486e-05,4.1615221380643215e-05,1.0049685933719597e-06,0.0013538003635603973,8.969040302550536e-05,8.943992021845213e-08,9.945810187804668e-06,0.0002029864758151823,0.4295689447043895,5.831696128287388e-05,9.938128564892044e-05,0.0003100140415931809,4.270522092026895e-07,0.0009581111398162965,0.000161947053330365,6.88862144108399e-09
4,0.00026600102714416124,3.6692879651581916e-05,0.00014379949371542118,0.5619683182518865,0.0015459589809564895,1.9585113214350495e-06,3.1074230601487966e-05,5.199592295844716e-05,9.23175241609228e-06,4.286555749447393e-05,4.2664048678330596e-05,1.0514344951202817e-06,0.0014945418476356978,9.593700379564542e-05,8.96200594820441e-08,9.700182437356619e-06,0.00019679489659743616,0.4324956619934341,5.860522096349649e-05,0.00010269931939205907,0.00031536746661822864,4.5921033424879876e-07,0.0009219478870327028,0.00016657618764808998,7.07273196652896e-09
5,0.008324652119468914,0.014369541672769198,0.0023440888768137312,0.7159400562945452,0.015932276728155333,3.748611948515374e-05,0.0030477718212660507,0.012668895403364069,0.0001990184639209361,0.000479013981835637,0.014407663340863124,0.002477254210215237,0.023814562119659075,0.008822596077559296,4.843009001476215e-05,0.0006565094882364197,0.03591022305830951,0.125235784681234,0.0036603897287938386,0.00020819548523412298,0.009023234809542417,0.0008949591549980904,0.0009479818688388821,0.0005281444571562638,2.1269947720838963e-05
6,0.0002524163513226882,3.515238192765442e-05,0.00013902873615573454,0.565029843398704,0.0015520772890900366,2.0469618200561465e-06,3.0106260031827548e-05,5.151794660602997e-05,8.76812419724111e-06,4.276074076957486e-05,4.1615221380643215e-05,1.0049685933719597e-06,0.0013538003635603973,8.969040302550536e-05,8.943992021845213e-08,9.945810187804668e-06,0.0002029864758151823,0.4295689447043895,5.831696128287388e-05,9.938128564892044e-05,0.0003100140415931809,4.270522092026895e-07,0.0009581111398162965,0.000161947053330365,6.88862144108399e-09
7,0.00032632871200417065,3.338117398412889e-05,0.0001350857742950332,0.5561277773477321,0.0013767562796719059,1.788169266416987e-06,2.9988900449422563e-05,5.166977038035506e-05,7.177546667840986e-06,3.4423728632876195e-05,4.7811723998176874e-05,1.0030522761091426e-06,0.001828285531282634,6.955095914229027e-05,8.317804635149566e-08,8.65075983662081e-06,0.00017937536241419589,0.43847779849384505,5.617641104871375e-05,9.710396517515128e-05,0.00026834074732645755,4.7678386606766635e-07,0.0007028261461924913,0.00013813427446098203,5.208004535632469e-09
8,0.00025206397829079393,3.502583908332833e-05,0.00013539179314255983,0.5564438042406041,0.0015459996805205556,2.072064935593224e-06,3.1117868353322875e-05,5.3180193231570734e-05,8.754492848070507e-06,4.2206781770667416e-05,4.30391362701931e-05,1.008707916815532e-06,0.0013786145018304394,8.903153844878395e-05,8.966823622869265e-08,9.904145535511897e-06,0.0001999175181895869,0.4381569580334298,6.0722447260830245e-05,9.912519185806944e-05,0.0003184649807273512,4.413777425573244e-07,0.0009361847637821163,0.00015687425850970457,6.797481322133462e-09
9,0.0002652004676121902,3.418544715400878e-05,0.00013417734359651647,0.5536082613368307,0.0015590555911267731,2.0585689123056497e-06,3.118940208586985e-05,5.3044094431173e-05,8.468264369498894e-06,3.977210328190186e-05,4.420040083678565e-05,1.0205693725981426e-06,0.0013709736577601761,8.546802319908727e-05,8.760276884079901e-08,9.520994005206206e-06,0.00020130870792899882,0.44099874703302633,5.90498725616498e-05,9.495139502135015e-05,0.00031516149336940376,4.3860812776487246e-07,0.0009297993154864336,0.00015385313146613116,6.57566822735074e-09
10,0.0002524163513226882,3.515238192765442e-05,0.00013902873615573454,0.565029843398704,0.0015520772890900366,2.0469618200561465e-06,3.0106260031827548e-05,5.151794660602997e-05,8.76812419724111e-06,4.276074076957486e-05,4.1615221380643215e-05,1.0049685933719597e-06,0.0013538003635603973,8.969040302550536e-05,8.943992021845213e-08,9.945810187804668e-06,0.0002029864758151823,0.4295689447043895,5.831696128287388e-05,9.938128564892044e-05,0.0003100140415931809,4.270522092026895e-07,0.0009581111398162965,0.000161947053330365,6.88862144108399e-09
11,0.0002676915885461429,3.5763038990211196e-05,0.00014155218331485744,0.5689814175882332,0.0015913624315813503,2.0422951550530203e-06,3.14807985091143e-05,5.212349160215204e-05,8.959126586713598e-06,4.169140393517572e-05,4.38727390102479e-05,1.0623484749372102e-06,0.001485449048824751,8.91494142428836e-05,9.313993465940823e-08,1.0110254013106145e-05,0.00020298171010724414,0.42543201703625844,5.963256361670367e-05,0.00010389206105271573,0.00031282098058557016,4.574959208146568e-07,0.0009334058852588935,0.00017096429393163273,7.08231347069101e-09
12,0.0002283025857595845,3.249434367421763e-05,0.00010890841868077887,0.6049090436460519,0.001018045173009934,1.7607263931695422e-06,2.6144913651277335e-05,5.3754881330156466e-05,6.92367357185357e-06,3.79428345591018e-05,3.3969961804820235e-05,8.537832862081668e-07,0.0012527598665715723,6.852658342678674e-05,8.034512813126717e-08,8.719651912847636e-06,0.00015953000277686846,0.39082432132930245,6.233338997256196e-05,7.030626586521756e-05,0.0002457049487157014,3.9889380362281906e-07,0.0007354518832792549,0.00011371698203731565,4.915434831909716e-09
13,0.0002981088024997094,3.858174595033155e-05,0.0001405255115129594,0.5512791829205361,0.0018142867078520595,1.94144197597665e-06,3.466580984013235e-05,6.24227438789661e-05,9.003460936026931e-06,3.7138713458538866e-05,6.025245339158702e-05,1.463084866278733e-06,0.0016031356818868845,0.00011126070539623626,1.027451043714061e-07,9.320353263785453e-06,0.00021897794925648285,0.44277456293705925,6.204958947216652e-05,0.00010042694103350026,0.00035452880405346693,5.821818738457671e-07,0.0008353831023693179,0.00015208737073312226,8.241799045978951e-09
14,0.0002915106803066952,3.0504581270437404e-05,0.0001761509004070148,0.560950617041313,0.0014490820275913532,2.503292831644763e-06,3.448306573618959e-05,5.987854495747966e-05,1.0233893515948835e-05,4.357655484717073e-05,4.0486931949970034e-05,1.368584365610359e-06,0.0013105160325619207,9.737847738195199e-05,9.995684752627796e-08,1.3043907039065073e-05,0.00021723815899266574,0.4334393484945294,4.648332280507445e-05,0.00011906747482525125,0.00026874890031103777,4.0742220415574133e-07,0.001203979441428508,0.0001932830072708814,9.304710059173197e-09
15,0.0002524163513226882,3.515238192765442e-05,0.00013902873615573454,0.565029843398704,0.0015520772890900366,2.0469618200561465e-06,3.0106260031827548e-05,5.151794660602997e-05,8.76812419724111e-06,4.276074076957486e-05,4.1615221380643215e-05,1.0049685933719597e-06,0.0013538003635603973,8.969040302550536e-05,8.943992021845213e-08,9.945810187804668e-06,0.0002029864758151823,0.4295689447043895,5.831696128287388e-05,9.938128564892044e-05,0.0003100140415931809,4.270522092026895e-07,0.0009581111398162965,0.000161947053330365,6.88862144108399e-09
16,0.00027161773637649584,3.553915458432241e-05,0.00011417310040975716,0.5554136990356358,0.0014623999744158348,1.845048017515033e-06,2.917105943398474e-05,5.907117056508303e-05,8.316505015782722e-06,3.615041790538559e-05,4.7405236751404916e-05,1.177568862266701e-06,0.001389403618214915,9.597618699423103e-05,9.157848391883333e-08,8.40707299715292e-06,0.0001732987103591196,0.4395491900440962,5.918937951949285e-05,8.34601706007763e-05,0.00029330595576315807,5.405616519050256e-07,0.000744351803916261,0.0001222124280811623,6.4813479664290075e-09
17,0.00031707210011187783,3.276534326593251e-05,0.00015043175727895753,0.507624630284892,0.001974905998660681,1.7521011740234198e-06,3.533355341172446e-05,5.289824272563535e-05,9.451965501376789e-06,3.266193989803395e-05,5.07540433601101e-05,1.2306205251856524e-06,0.001514125009520192,0.00010645063665939416,7.23786017435141e-08,8.131621568602144e-06,0.00020595371529835024,0.48625010563514165,4.686699345047561e-05,0.00010026061949681628,0.0003592318846970926,4.5535292269763976e-07,0.0009489784133649352,0.00017547280144531834,6.987026987083928e-09
18,0.00025569674963255045,4.13755446794393e-05,0.00018126744382258788,0.48684560773161145,0.0017091323272555995,2.403100803778998e-06,3.764490663580116e-05,5.956800199939013e-05,1.2026992313004925e-05,5.9050003148343814e-05,4.7077590674200154e-05,1.2911363686602277e-06,0.0014729125866715547,0.00014662627924788202,1.053121168955428e-07,1.3313668018468972e-05,0.0002492652487596413,0.5067002566786688,7.23806335979552e-05,0.00013087597770390142,0.0004695310717045804,5.308848989815984e-07,0.0012740900867419863,0.00021795825556950588,1.1787355045252625e-08
19,0.00019800733384041223,3.9764582651393916e-05,0.00011235143671995571,0.6880458676408431,0.0015387223808212306,2.1772172611956683e-06,2.611135869615719e-05,4.672456607511436e-05,9.799199313149161e-06,4.723891770246392e-05,3.358561727639148e-05,1.0020138346493877e-06,0.0012154474290110566,8.729900837855845e-05,1.0763086424554306e-07,9.433870377545872e-06,0.00017300995609298715,0.307058502747068,5.3604050414526426e-05,9.403552182643181e-05,0.00020713480584689292,4.591136261987697e-07,0.0008474220704131978,0.0001521844645678575,7.0664772644931e-09
20,0.0002992855393695633,2.7879811582657004e-05,0.00017734055417942458,0.5047034732157734,0.0017745583651962028,2.066409855663211e-06,3.085425331221926e-05,4.537851277273349e-05,7.524412269329393e-06,3.648810311602238e-05,4.272955655453534e-05,1.0213071746223139e-06,0.0011323333101756223,7.404002292429425e-05,6.96726798086186e-08,1.1363576460041691e-05,0.00026536211706972305,0.48930056088746426,4.7777001910285366e-05,9.581657089959282e-05,0.0003560834070989131,2.752985929192137e-07,0.0013519147509646644,0.00021579620822699763,7.134376594834915e-09
21,0.00023679253906725762,3.67813359226743e-05,0.00013179799088024598,0.5846030602244994,0.001620583234943473,2.2563579187262195e-06,3.123993549007282e-05,5.117942765121046e-05,9.424413005251724e-06,4.568632850111231e-05,4.168745735689438e-05,9.743914314386499e-07,0.001316467917729222,8.892034513872065e-05,9.849556363379833e-08,9.93476914670437e-06,0.00020070509791667487,0.40996290711301125,6.339017760907346e-05,9.918917192178081e-05,0.00030500048269934283,4.430299446465594e-07,0.0009812566490103901,0.00016021600607408264,7.107566725534883e-09
22,0.00029897294630571103,3.0999394297246904e-05,0.00014632950247986075,0.5029000806515952,0.0012527715476860165,1.8780157912943281e-06,2.4688330203591214e-05,5.342931107767906e-05,6.293415699304429e-06,3.8488784142555644e-05,4.2091651462928125e-05,9.075711611256297e-07,0.0012279872275463913,7.701419203761252e-05,6.820984564860428e-08,9.108209488747186e-06,0.00023185260699137717,0.49212862444822314,5.07263283584642e-05,8.367465074549483e-05,0.0003089253736475667,3.7586899652158473e-07,0.0009579393539827278,0.00012676700361802088,5.404615810717608e-09
23,0.0002524163513226882,3.515238192765442e-05,0.00013902873615573454,0.565029843398704,0.0015520772890900366,2.0469618200561465e-06,3.0106260031827548e-05,5.151794660602997e-05,8.76812419724111e-06,4.276074076957486e-05,4.1615221380643215e-05,1.0049685933719597e-06,0.0013538003635603973,8.969040302550536e-05,8.943992021845213e-08,9.945810187804668e-06,0.0002029864758151823,0.4295689447043895,5.831696128287388e-05,9.938128564892044e-05,0.0003100140415931809,4.270522092026895e-07,0.0009581111398162965,0.000161947053330365,6.88862144108399e-09
24,0.0005181451907506873,2.5031182364387722e-05,0.00029480485244664346,0.34592133800310415,0.0023932796358093517,3.220713257057906e-06,5.425177996359011e-05,6.473847365278972e-05,1.1488738289136538e-05,3.8207884132631285e-05,8.195705566252594e-05,2.0870287554014783e-06,0.0018693553284007997,9.990421886330682e-05,9.745066852896817e-08,1.7342070146631065e-05,0.00030983601824423926,0.6457314910667401,4.629511683033362e-05,0.000191009232716824,0.0004858291179664995,4.3432589068706963e-07,0.0015066981541977998,0.0003331440462155894,1.3314930219471957e-08
25,0.00020932317261119078,4.8507775181980246e-05,0.00014661757021793858,0.67385698675592,0.001392906010006252,2.4967918637766066e-06,2.378572352885653e-05,3.3201859260037705e-05,1.1565224082166356e-05,7.490083584318845e-05,2.9319488906703806e-05,7.737709189405113e-07,0.0012895024751867173,8.997243773281337e-05,1.2924854969235764e-07,1.1329174328221066e-05,0.00019850213291365394,0.32071440761353487,7.683875558895758e-05,9.970741316397616e-05,0.0002534003490649718,4.001742174421012e-07,0.0012043120663856222,0.00023110410634133395,9.07465082199841e-09
26,0.0002898963119517733,2.828008383244331e-05,0.00017504261051977556,0.5196165769553611,0.0017317428331585388,2.0490178967484293e-06,2.880000032809989e-05,3.666605784043323e-05,1.020305746480581e-05,4.0704445054146574e-05,3.5148448735318024e-05,8.438969016134894e-07,0.001265884329856599,8.072440578293698e-05,7.129925731079456e-08,1.0185066719378652e-05,0.00020143580437616824,0.47435969150227325,4.4523692019417566e-05,0.00011174710522354725,0.00030693417711583613,2.814525317108161e-07,0.0013644704141783138,0.0002580901194670159,6.912153836119395e-09
27,0.000235540040883582,3.758391769707381e-05,0.00011510640973447238,0.611854832137672,0.0015031310066899273,2.2841392148322578e-06,3.063704986239636e-05,5.3886201068224786e-05,1.1228508106975035e-05,4.5411982617677244e-05,3.9210735868544694e-05,1.0732292032557096e-06,0.0014289689172461094,9.151007576530268e-05,1.0695269092668334e-07,9.755359470434378e-06,0.00015513481607963488,0.3829849131053975,6.213250780502261e-05,0.0001016315231106791,0.000244992234905378,5.41988840549561e-07,0.0008312919589861007,0.00015908790497624588,7.296107062629503e-09
28,0.0002524163513226882,3.515238192765442e-05,0.00013902873615573454,0.565029843398704,0.0015520772890900366,2.0469618200561465e-06,3.0106260031827548e-05,5.151794660602997e-05,8.76812419724111e-06,4.276074076957486e-05,4.1615221380643215e-05,1.0049685933719597e-06,0.0013538003635603973,8.969040302550536e-05,8.943992021845213e-08,9.945810187804668e-06,0.0002029864758151823,0.4295689447043895,5.831696128287388e-05,9.938128564892044e-05,0.0003100140415931809,4.270522092026895e-07,0.0009581111398162965,0.000161947053330365,6.88862144108399e-09
29,0.0002524163513226882,3.515238192765442e-05,0.00013902873615573454,0.565029843398704,0.0015520772890900366,2.0469618200561465e-06,3.0106260031827548e-05,5.151794660602997e-05,8.76812419724111e-06,4.276074076957486e-05,4.1615221380643215e-05,1.0049685933719597e-06,0.0013538003635603973,8.969040302550536e-05,8.943992021845213e-08,9.945810187804668e-06,0.0002029864758151823,0.4295689447043895,5.831696128287388e-05,9.938128564892044e-05,0.0003100140415931809,4.270522092026895e-07,0.0009581111398162965,0.000161947053330365,6.88862144108399e-09
30,0.0002524163513226882,3.515238192765442e-05,0.00013902873615573454,0.565029843398704,0.0015520772890900366,2.0469618200561465e-06,3.0106260031827548e-05,5.151794660602997e-05,8.76812419724111e-06,4.276074076957486e-05,4.1615221380643215e-05,1.0049685933719597e-06,0.0013538003635603973,8.969040302550536e-05,8.943992021845213e-08,9.945810187804668e-06,0.0002029864758151823,0.4295689447043895,5.831696128287388e-05,9.938128564892044e-05,0.0003100140415931809,4.270522092026895e-07,0.0009581111398162965,0.000161947053330365,6.88862144108399e-09
31,0.00030892506485200906,3.190835210389137e-05,0.00016100575079209322,0.5076427087290089,0.0012204414200666387,1.8182776300988104e-06,2.9761677837167992e-05,5.870631894435843e-05,6.845003013399659e-06,3.865747751539251e-05,3.9075667116991377e-05,9.627470470784412e-07,0.0013773637598540264,7.792580982129632e-05,6.413654713664669e-08,9.70024418083571e-06,0.00021815381841618246,0.4872540411109641,4.986594769349937e-05,8.76354678346035e-05,0.0003164028127146919,3.724669261261447e-07,0.0009325514835438798,0.00013510097497056577,5.480604921832521e-09
32,0.0002477755127375433,3.5959205507686944e-05,0.00013634421343858662,0.5752489680645196,0.0015792187857672773,2.111864133944507e-06,3.0553584556273893e-05,5.090161908905845e-05,8.905800755021309e-06,4.377387079869486e-05,4.177285747969296e-05,9.850693417235804e-07,0.001357681227587429,8.733556325497488e-05,9.655114016470296e-08,1.0355885320694896e-05,0.00020649868071312413,0.41927353900124986,6.37759789935858e-05,9.99231829511335e-05,0.00032010578735264353,4.369075767810204e-07,0.0009842477312073273,0.0001687259194899837,7.135037285016693e-09
33,0.00015388085720203566,5.765982122784179e-05,0.00030932863455010554,0.48001549508553726,0.003144678071335852,6.202655100674458e-06,4.522879289841033e-05,4.468220732341365e-05,4.889153820535751e-05,0.00023445326332459176,3.0918184490938976e-05,8.67930224904741e-07,0.0010322731299914464,0.0002885283782298659,2.3715028971282303e-07,2.3889188976464446e-05,0.0002212393972560501,0.5100087014739957,9.378491690419266e-05,0.00031309926150407323,0.0005210240119663597,4.0236279411858735e-07,0.0029487128994325094,0.00045579191685368487,2.8870384436823368e-08
34,0.0006361142867922863,2.0662222146439498e-05,0.00013213393187519787,0.429272870486103,0.0013863550219414631,1.3179315085566176e-06,3.168572727507574e-05,3.897467142316621e-05,5.6514811369368e-06,1.6880576295848378e-05,6.080754644369471e-05,8.435248632330728e-07,0.0018568297164428455,4.2487442676513496e-05,6.030756090412623e-08,5.1985258106221505e-06,0.0001554433854024666,0.5650614113206448,5.4075018800356854e-05,5.5213189640540306e-05,0.00032070972970415086,3.556302025634586e-07,0.0007071826645087039,0.0001367322204484427,3.440352098514274e-09
35,0.0002491803101157968,3.5776654750548346e-05,0.0001399655792008966,0.5709841668715167,0.0015866195192599944,2.063463862627112e-06,3.022999297893487e-05,5.096364968760355e-05,8.911451143825788e-06,4.337042145731927e-05,4.171809917801348e-05,1.0096786822702787e-06,0.0013592373945819165,9.12502673265969e-05,9.197464178360119e-08,1.0061348876996578e-05,0.00020511873210496556,0.4235496630634976,5.8624289183302535e-05,0.00010169104117734989,0.00031145435671174496,4.2829704477138387e-07,0.0009730135292284419,0.0001653829401136744,7.073676573201377e-09
36,0.0002536330210438841,3.515610407861987e-05,0.00013949412211636521,0.5639350443481908,0.0015654674793742624,2.045499514669889e-06,3.021939767480741e-05,5.120705486809097e-05,8.779003844600579e-06,4.260073346725944e-05,4.180255955021044e-05,1.0029949389687542e-06,0.0013564791299181486,8.947103584146633e-05,8.934987651218328e-08,9.924567062475906e-06,0.00020348992393910966,0.43063762746523726,5.8406839976426545e-05,9.943253173807388e-05,0.0003124362168087685,4.251685474968134e-07,0.0009623960820112768,0.00016336247986264873,6.890517967102476e-09
37,3.74413725636713e-05,4.878076440560791e-05,3.4170694254958535e-05,0.8816623786843675,0.0006940577248249309,4.387368913518763e-06,1.5166605045073202e-05,5.8245463063165716e-05,5.892556242853123e-06,9.242008131558735e-05,2.032741455039312e-05,4.862628633060392e-07,0.0004475870623706607,4.8925386630677035e-05,3.1602239943559613e-07,1.53198804530332e-05,0.00017849326116888695,0.11544061742721698,0.00016321591556575825,6.268923622642569e-05,0.00013432813020013775,5.202732885443779e-07,0.0007855487825536306,4.867632073655464e-05,7.308778859472522e-09
38,0.0002983435228052686,2.859724746664003e-05,0.00014584952194468455,0.5197057164361639,0.001194300845891941,2.423690887360562e-06,3.302674762751818e-05,5.253483839865341e-05,7.3195322756974396e-06,3.9677406786881835e-05,4.044374078349394e-05,9.016503287190321e-07,0.0015186531065087053,6.175369865661512e-05,8.93447780413196e-08,1.2382313196491734e-05,0.0002045269859429863,0.47496156762764147,6.260571685733399e-05,0.00010807746314365509,0.00031137249533030507,3.9564402277485456e-07,0.0010393820367888378,0.00017005231598387103,6.0697881901941744e-09
39,0.00026036667035240536,3.380416154378425e-05,0.0001394724698415127,0.554350025498409,0.001515704387283204,2.1084421404016147e-06,3.146626749338683e-05,5.582495886321385e-05,8.42389157309122e-06,4.117730067410912e-05,4.2969329411620704e-05,1.0530787918112667e-06,0.0013546647901960913,8.621875773841012e-05,8.751942942443433e-08,1.0378259584419746e-05,0.00020924535189823423,0.4402662925819944,5.833110434142781e-05,9.887827559645403e-05,0.0003166978698819832,4.341810947919992e-07,0.0009585206055985376,0.00015784743045465933,6.815813818730435e-09
40,0.0003844876211739482,4.328132587371404e-05,0.00018997224486932512,0.558747039738331,0.0020008645809782215,2.290189168380186e-06,3.5842719472687265e-05,6.140304091791186e-05,9.009987903764976e-06,4.0770289391734776e-05,6.316573904702392e-05,1.749637185933456e-06,0.001724736447033419,0.0001101214485353776,1.0048844150172773e-07,1.0314864998609966e-05,0.0002806490022047794,0.43464595799527733,4.815111186321771e-05,0.00011581201901688625,0.00032280048839878657,5.638788768972014e-07,0.0009795921272521175,0.0001813136576878234,9.356099587219336e-09
41,0.00024027379517863707,3.346711469788518e-05,0.00011726670408365893,0.64391636452595,0.0016394535115862034,2.1554718848910948e-06,2.62404105902471e-05,4.577658443915555e-05,8.733335810290548e-06,3.9661507602969855e-05,3.8053091566015556e-05,9.444359353443493e-07,0.0011729259920309815,7.27281461090895e-05,1.0302726281625101e-07,8.95019844941109e-06,0.0001776932314987966,0.35108358520192007,5.223519341463158e-05,8.77399035369377e-05,0.0002181478336441941,4.0080933863664466e-07,0.0008713382297105792,0.00014575553087088576,6.212887594029032e-09
42,0.00027024308030554225,2.984755592092637e-05,0.00016859607838752623,0.4465242374143902,0.001782688181890282,1.6827069195621923e-06,2.9831268200098136e-05,3.900087748911214e-05,1.0242541950999053e-05,3.936358600189492e-05,3.754384293827985e-05,8.238288524987275e-07,0.0011334349105603042,0.00011114567507778417,6.248427616649899e-08,7.688626727248218e-06,0.0001802685640749724,0.5477391044374011,4.438667471410219e-05,9.323417926423796e-05,0.0003892985933707806,2.799357928087416e-07,0.0011809565482768375,0.00018603185151886407,6.555697848742922e-09
43,0.0002017741999308459,3.7015324406237656e-05,0.00012997675332157536,0.5738905792694408,0.0014754630869143715,3.1545729057860535e-06,3.081489687336251e-05,5.743967186725244e-05,1.152188407663872e-05,6.742308267918133e-05,3.716388786418234e-05,8.547985498522917e-07,0.0012087033035177131,9.233471522263631e-05,1.2863277768239912e-07,1.3253484773308047e-05,0.00019771753501269192,0.4207346308325361,8.202622126253824e-05,0.00011827430726057476,0.00031788395959877797,4.969565360819658e-07,0.0011278900244560983,0.00016347036412243265,8.234093422904146e-09
44,0.0002524163513226882,3.515238192765442e-05,0.00013902873615573454,0.565029843398704,0.0015520772890900366,2.0469618200561465e-06,3.0106260031827548e-05,5.151794660602997e-05,8.76812419724111e-06,4.276074076957486e-05,4.1615221380643215e-05,1.0049685933719597e-06,0.0013538003635603973,8.969040302550536e-05,8.943992021845213e-08,9.945810187804668e-06,0.0002029864758151823,0.4295689447043895,5.831696128287388e-05,9.938128564892044e-05,0.0003100140415931809,4.270522092026895e-07,0.0009581111398162965,0.000161947053330365,6.88862144108399e-09
45,0.0002545922624152005,3.567150461355227e-05,0.00014471318600695204,0.5482239107125878,0.0015388853426186373,2.009158169483228e-06,2.9303502602291787e-05,5.093321882721427e-05,8.666818838842963e-06,4.387425603536031e-05,4.195977990234981e-05,1.0061157714516457e-06,0.0013400024985324784,9.466126557402244e-05,8.564616956947428e-08,9.989725520381027e-06,0.0002123315686187825,0.44631465519794633,5.7876373338351634e-05,9.996148740914168e-05,0.0003274244555786007,4.192443398114929e-07,0.001001843683111073,0.00016521591570219167,7.0797701546309135e-09
46,0.0001948381680466758,3.492041830519312e-05,0.00015342355710763414,0.4849619536624757,0.0017175915812103373,2.2465394841827597e-06,3.4305739047255784e-05,4.6597451757899936e-05,1.4969559637815248e-05,6.142437800729642e-05,3.566012843244717e-05,8.225791782715586e-07,0.0012614357123702964,0.00013381125562428878,9.820887276629657e-08,1.087964180993283e-05,0.00015760776505918393,0.5092162749735604,7.042270807633255e-05,0.00012721897116873415,0.00040149208744267857,3.8785317300419683e-07,0.0011583388317130212,0.0002032694033832552,8.82505552902948e-09
47,0.0003316490813487768,4.004392236427821e-05,0.00013340596748261628,0.6046192543060467,0.001272040345893547,2.1638522550442315e-06,3.0479982992147862e-05,6.072953221518055e-05,7.717197949527705e-06,4.071903718427055e-05,4.767803043026643e-05,1.3540339580125422e-06,0.002050291584406683,6.997480778977212e-05,9.574630805769481e-08,1.1434462775852062e-05,0.00018961858700629612,0.3898653474365384,5.863737726476949e-05,0.00010982663070086424,0.000219117671285524,6.366432613493527e-07,0.0006833015031527871,0.00015447554932538458,6.710063992458375e-09
48,0.0003037451903405456,2.6974146485124994e-05,0.00018413192292062757,0.46999913252890324,0.002287594269909537,2.205637186294507e-06,3.873484004557826e-05,4.234365277418289e-05,1.325443881615585e-05,3.822315581738602e-05,5.210909181565546e-05,1.2562127712744622e-06,0.0015954592718376542,0.00010590638904758611,9.838529096466971e-08,1.2090788516010042e-05,0.00018850777389171463,0.5229478268337183,5.213236498730459e-05,0.00015283394296741127,0.0003838191340312086,3.7046154465310945e-07,0.0012512494715195069,0.00031999004076028206,1.0054101583457588e-08
49,0.0002867066659724112,3.421184962954758e-05,0.0001548601463262193,0.5638017015550397,0.0015510151956137544,2.3837754351154886e-06,3.207206407189598e-05,5.668247944647724e-05,8.67160684791764e-06,4.145818998275363e-05,4.508724425311949e-05,1.2070711075725034e-06,0.0014301972011301625,8.581675048052016e-05,8.845061732919884e-08,1.095349873111348e-05,0.0002209706970141741,0.4306172835583027,4.837191468139634e-05,0.00011285397724088694,0.0002770040053590629,4.360038035671497e-07,0.0010116621084689146,0.00016829677061933412,7.219824269738654e-09
50,0.00023090261159333414,4.0533846846394305e-05,0.00013325915925308635,0.5740524844894523,0.0014595420233142664,2.2315294510397084e-06,3.5295116213842674e-05,6.120346402685695e-05,1.1927969172554759e-05,5.5378843069755396e-05,3.8741112369371e-05,1.0411998407012606e-06,0.001503273749990082,0.00011135845100807708,1.0150971326935495e-07,1.0046729431299223e-05,0.0001641797412507506,0.42062168643882136,7.044508954729993e-05,0.00010232131489456057,0.00030523434111508755,5.458232645862888e-07,0.0008459904487679713,0.00014226745317252485,7.544419553279118e-09
51,0.00043805108806366005,1.0970089758590617e-05,0.00032579239521368723,0.17238755612180368,0.0030265316534578905,2.6205956374384405e-06,6.158412459326779e-05,3.450923229166366e-05,1.103135704648229e-05,2.5621213974439974e-05,7.207234628153646e-05,1.1729896969475056e-06,0.0012923991985570305,8.19189388624e-05,5.146359216075427e-08,1.5985025615546685e-05,0.0003554378215701977,0.8172265324981456,4.076726123168792e-05,0.00019529358217536117,0.0009778765915923386,1.981235429260253e-07,0.002772048733315288,0.0006439646255312147,1.2928449167213564e-08
52,0.00028634066132086845,4.211356611578111e-05,0.00016799988046589835,0.5871469399183784,0.0022473652042247737,2.1061631477157544e-06,4.159084339332246e-05,5.68561075669116e-05,9.225356358284557e-06,3.7689265029292144e-05,5.422164040367072e-05,1.4355107668915809e-06,0.0014906063876049926,0.00010524274170830496,9.41702914684546e-08,1.0750994200592948e-05,0.0002880645928076545,0.40602354880525876,5.741289433431399e-05,0.00010834080850970845,0.00041374849758967603,4.5484347216034594e-07,0.0011950822422292548,0.0002127595253213492,9.379500037764315e-09
53,0.00023849712059782486,4.1044275043151546e-05,0.00012940878478730376,0.6268705040799096,0.0013994748357478133,1.6623062531845838e-06,1.8639642510740076e-05,3.831331039011674e-05,7.1459697010363334e-06,5.003441274763423e-05,3.600235337858513e-05,7.834947499636821e-07,0.001355312840428551,7.62918414320352e-05,8.80497948525075e-08,9.349433395805175e-06,0.00020791538706983487,0.368114348743419,6.334750266723714e-05,8.699901575537495e-05,0.000255410522127593,4.0390003627088334e-07,0.0008348754262023904,0.00016414082344618094,5.9284079882952525e-09
54,0.00021356999549366584,5.109649222670967e-05,0.00016820307464373262,0.6084480933437906,0.0018101499046185886,2.4715364357366956e-06,3.384083652701951e-05,5.93534918683671e-05,1.3559242842028176e-05,7.023206481232593e-05,4.121182246894574e-05,1.3954600979532822e-06,0.0015051660145640787,0.00014427322870247871,1.33339780415034e-07,1.4442830336584522e-05,0.00021025009201571372,0.38545678176301185,6.886424599171006e-05,0.00014196600679187936,0.0003163990414773651,5.635260658142512e-07,0.0010198337823489514,0.00020813637114237306,1.2491945306167458e-08
55,0.00034048337042363023,2.5760640006452997e-05,0.0001280098226539604,0.5590294366591111,0.0018512211662232373,2.1349120104455603e-06,4.117558158808004e-05,4.946753271416914e-05,1.1013428204910411e-05,2.6123385279915726e-05,5.022588614336892e-05,1.4574124263791656e-06,0.0015345035955995469,7.162519290068241e-05,8.420476385520449e-08,9.391597828951266e-06,0.00015507078369272293,0.43508469815740347,4.8092733738991115e-05,9.364614791955093e-05,0.0002529942378694115,4.143859877225212e-07,0.000968490788962683,0.00022447101336956488,7.363177281335095e-09
56,0.0002628448667750038,3.559437792006046e-05,0.000140348550015543,0.5643368595917189,0.0015533237128159763,2.053923447466319e-06,3.084023335758273e-05,5.2227380824776045e-05,8.847358480333451e-06,4.222222538200222e-05,4.2847098354220884e-05,1.0357273337550916e-06,0.0014152316793246819,8.969026472612435e-05,9.056234885268092e-08,9.903649697194744e-06,0.00020284226305579008,0.4301941838226806,5.8814143551848844e-05,0.00010025817838727089,0.0003113473239429031,4.4473991268813284e-07,0.0009445518508612174,0.0001635895316856112,6.943399683573426e-09
57,0.00024094887507920904,4.292031879365658e-05,0.00013360527072560311,0.5985865175364924,0.001645021347069878,2.0114419391002185e-06,3.32965488128391e-05,5.409430579770071e-05,9.175818296611348e-06,4.7210108990818944e-05,4.552491022183749e-05,1.0601331942563447e-06,0.0016973748778538046,8.976396688631084e-05,1.0730699083627706e-07,1.1593897590750684e-05,0.0002127143049431993,0.3955160791653676,8.215602781078425e-05,0.00010926782756334527,0.00036007730299704986,5.40560853562098e-07,0.0008914071140819349,0.00018752315056668682,7.881080303182523e-09
58,0.0002645558714941094,3.6304771549674664e-05,0.00014597874792992476,0.5771878081494531,0.0017978624486050853,2.192583286993237e-06,3.331007228862751e-05,4.798393563821125e-05,1.0276920105700477e-05,4.3225955532260094e-05,4.445323771376009e-05,1.0819380924901948e-06,0.0015130560892945035,9.038078222575918e-05,1.0274551083572675e-07,1.0959332502214741e-05,0.0002040005271174167,0.41680411650748245,6.283115479243119e-05,0.00011439557942063707,0.0003256833889894072,4.4914736376270646e-07,0.001046867740243635,0.00021211429576133787,8.077605640472916e-09
59,0.00025485214963509015,3.6796629189202067e-05,0.00015374212917657385,0.5656062554661183,0.0017356557539881013,2.1303539592587926e-06,3.2012018632501945e-05,4.8871470442177984e-05,9.796806426110538e-06,4.566127400652133e-05,4.250996876256305e-05,1.0544023512520505e-06,0.0014541668213958726,9.543596365680044e-05,9.603595464781624e-08,1.1166913962705801e-05,0.0002140959265014819,0.42847819529392767,6.0068243737166295e-05,0.00011561080164767355,0.00033681507944999874,4.2681209494021813e-07,0.0010604201715848959,0.00020415553693265147,7.976465999557742e-09
60,0.0002524163513226882,3.515238192765442e-05,0.00013902873615573454,0.565029843398704,0.0015520772890900366,2.0469618200561465e-06,3.0106260031827548e-05,5.151794660602997e-05,8.76812419724111e-06,4.276074076957486e-05,4.1615221380643215e-05,1.0049685933719597e-06,0.0013538003635603973,8.969040302550536e-05,8.943992021845213e-08,9.945810187804668e-06,0.0002029864758151823,0.4295689447043895,5.831696128287388e-05,9.938128564892044e-05,0.0003100140415931809,4.270522092026895e-07,0.0009581111398162965,0.000161947053330365,6.88862144108399e-09
61,0.0002691998678718532,3.573852072657634e-05,0.0001589958736177929,0.548760707304965,0.0017778506672059997,2.125220352954077e-06,3.337420515855969e-05,4.921966193433908e-05,1.0033894235970468e-05,4.4327578092522465e-05,4.388153982536777e-05,1.0777880081190736e-06,0.0014449781486097425,9.619143223987633e-05,9.272774849848811e-08,1.0849341579372362e-05,0.0002146057234966064,0.44523304053518487,5.9441537517313044e-05,0.00011191795492522755,0.0003503906430212539,4.163276763534655e-07,0.0010841331354042106,0.00020740237693703725,7.993664539067179e-09
62,0.0002524163513226882,3.515238192765442e-05,0.00013902873615573454,0.565029843398704,0.0015520772890900366,2.0469618200561465e-06,3.0106260031827548e-05,5.151794660602997e-05,8.76812419724111e-06,4.276074076957486e-05,4.1615221380643215e-05,1.0049685933719597e-06,0.0013538003635603973,8.969040302550536e-05,8.943992021845213e-08,9.945810187804668e-06,0.0002029864758151823,0.4295689447043895,5.831696128287388e-05,9.938128564892044e-05,0.0003100140415931809,4.270522092026895e-07,0.0009581111398162965,0.000161947053330365,6.88862144108399e-09
63,0.00024466234133905016,3.7780151202849484e-05,0.00013415478713178552,0.5838472037620183,0.0015427106976331761,2.096860430744937e-06,2.9945501970933785e-05,5.213405201177394e-05,8.866807835912047e-06,4.4607205825327154e-05,4.166764173456148e-05,1.0149266000534852e-06,0.0013572160393422183,8.969403827914002e-05,9.587998860123764e-08,1.0178000517148924e-05,0.0002053047363301332,0.4107650909507712,6.327850586020088e-05,9.758282450844421e-05,0.0003094449274179392,4.519300863820898e-07,0.0009534340029125795,0.0001613762597607006,7.168491006511811e-09
64,0.0002651728660131898,3.6097860029271e-05,0.0001530106358159616,0.526741338769189,0.0017016664115076909,2.077117372866459e-06,3.419518898208666e-05,5.3146012497765554e-05,9.084171623078272e-06,4.347172549565537e-05,4.595379032205132e-05,1.0478325797089328e-06,0.0014176109360685047,9.704038671480713e-05,8.940339107475231e-08,1.069670116441265e-05,0.0002292230796154231,0.4673181600006766,6.549312152896962e-05,0.00010455941432142954,0.00040104157311388993,4.31812176474929e-07,0.0010848287409754957,0.00018455473080357255,7.718021054322494e-09
65,0.00022080385047854525,5.937070910083271e-05,0.0002412916532013737,0.5412064052970971,0.0017989485898935937,1.9074353597297424e-06,3.178551781747855e-05,5.529182932470093e-05,1.9949021006588865e-05,9.193730682131193e-05,3.498918130132755e-05,1.4656112139180038e-06,0.0019390713707941162,0.00024234280667933405,1.0051951827258545e-07,1.4854115736446804e-05,0.00017878274346304912,0.45193801550594653,5.403244122613115e-05,0.00020427388789450023,0.00033455988385050337,5.53976212918373e-07,0.0010410472509594993,0.0002882044997938416,1.499530840872909e-08
66,0.0002961021672869839,3.2985899274480873e-05,0.00015902553901871495,0.5296356779151604,0.0015936271271611313,1.8289637942346098e-06,3.2399097890863505e-05,5.3447064529133845e-05,8.569751639452981e-06,3.918314864063443e-05,4.5803318712498506e-05,1.0747484522877981e-06,0.0017482064165291215,8.91327735486488e-05,8.088935663528823e-08,9.778391973828533e-06,0.0001859602615321232,0.4646510049850115,4.959194418640361e-05,0.00012006275673340602,0.00029382650159561044,4.374665787146558e-07,0.0007934920323041753,0.00015869460882837354,6.230260730248517e-09
67,0.0002565334855909088,2.3062033843880545e-05,0.000249771076274178,0.43031211395466706,0.0012426808619213597,1.67341352664e-06,2.283444936193446e-05,3.5195646417152564e-05,5.227519478657563e-06,4.1608293171184044e-05,2.9441410956414987e-05,5.446329967962312e-07,0.0014102252156139626,7.428292807086647e-05,5.978813704063668e-08,1.5516727213592226e-05,0.00030444174450852007,0.5633424750979129,3.576004000712323e-05,0.00019929567101071763,0.0004293790405293437,1.8880513750199825e-07,0.0017297060086411097,0.00023797644299186868,5.712019222690798e-09
68,0.0003291159783736604,3.130856029930043e-05,7.774464300881458e-05,0.5251527122345351,0.0008544277825216049,1.5687281696468252e-06,2.54306966111645e-05,7.44138712151935e-05,3.2770210169289856e-06,2.5109130977159883e-05,5.057823479645146e-05,7.658226145254357e-07,0.0012885763171333726,3.4460440394426105e-05,6.041457900630573e-08,7.4669195602319145e-06,0.00020804193141710827,0.47072240561968315,0.0001039536301510066,3.6805091354233264e-05,0.0003447095028701799,4.999110409883632e-07,0.0005589895269875376,6.757506680516751e-05,2.9238839460594043e-09
69,0.00024620663287614717,3.800977217098315e-05,8.96077462164644e-05,0.6832699613565005,0.0015547433861892437,1.8113411926148433e-06,2.3187594620825587e-05,4.296870637948197e-05,6.355669779470858e-06,3.207687888894134e-05,4.2763075850775067e-05,9.297151912649518e-07,0.0011567149677876522,5.776611669549493e-05,9.098209730851957e-08,6.960244095603958e-06,0.00019621766769778876,0.31204308526405344,6.271951222387485e-05,5.785174327281027e-05,0.00021851313123630772,4.53526561089852e-07,0.0007265705132748597,0.00012442931853690043,5.1366100313131526e-09
70,0.000256563535704237,3.595126435502634e-05,0.00015481136673047837,0.3392149751829215,0.0010303372556929617,2.0996446597681895e-06,2.859170659470028e-05,6.337233596918746e-05,6.82395283732545e-06,6.018796877906676e-05,4.9355254353505364e-05,9.750129023830787e-07,0.0015491563809000768,9.060676634687998e-05,7.267922351618901e-08,1.697551491735729e-05,0.00026955446386910006,0.6550628781948651,0.00011883823175580101,0.00010552393013789447,0.0006586787489917807,5.415753657046979e-07,0.001023150048136574,0.00019997033313852978,8.650851595814893e-09
71,0.00016646666429593368,4.3190956889321237e-05,0.0002095269029187621,0.4563368177951993,0.002707064758867185,2.361355771533429e-06,5.1022016310479857e-05,5.334893168621957e-05,2.335695430162937e-05,7.499381504685982e-05,3.797017451954708e-05,1.0774190093009795e-06,0.001571587071015931,0.00023262811812436077,1.0543385416704455e-07,1.5784204751057292e-05,0.00018206443644657347,0.5354695460635195,6.637307466238803e-05,0.0002436320633476383,0.0005988940572258055,4.2114310469542973e-07,0.0015806280036254428,0.00033112345883160564,1.5126674684435426e-08
