,0,1,2,3,4,5,6,7,8,9,10,11,12,13,14,15,16,17,18,19,20,21,22,23,24
0,0.0004937731948061853,3.2686193008373395e-05,0.00016748466439839746,0.3983546612177388,0.0024530179682403096,1.361894372666919e-06,2.0334011133880966e-05,2.4421342939644302e-05,4.985743891853518e-06,2.2740858658087845e-05,5.360514180947888e-05,8.47375500933271e-07,0.0006414050451995761,6.238087701379876e-05,2.5301764948250368e-08,3.7021194715940167e-06,0.0003749091112555255,0.5948825741390676,3.483797841550774e-05,2.7194690746549468e-05,0.0004747905609456955,1.6214371051670776e-07,0.0016663083220723274,0.00020178561208528925,4.491752414284465e-09
1,0.00039071321034048727,3.467857292969796e-05,0.00019169886616774465,0.3428830947327158,0.0023454816718833623,1.691755553155954e-06,2.230213211942524e-05,2.315381086645732e-05,8.213859399358405e-06,3.711428853193751e-05,4.5128858781252226e-05,7.558626022538172e-07,0.0006287684861929169,8.597876021344262e-05,3.045845839622674e-08,4.867430533721655e-06,0.00032340692475994157,0.649974383323381,4.59928812914675e-05,3.628931568434794e-05,0.0005711537479488931,1.6578832717030839e-07,0.0020695867240927003,0.00027534204183639777,6.495388718661954e-09
2,0.00040504253485115066,3.8543056114185937e-05,0.00018828228781585439,0.3617707865577782,0.002807539687403818,1.7507580903194793e-06,2.32446271067155e-05,2.522941532913133e-05,8.685242920174436e-06,3.581475426314885e-05,5.288751465013133e-05,9.085996614181987e-07,0.0006601933729862135,0.0001034833063281296,3.577113416428773e-08,4.641269678691201e-06,0.0003420183248847812,0.6306325245673517,4.3018080089760135e-05,4.007108433214579e-05,0.0005703088359950065,2.0330872340291543e-07,0.0019866095647597484,0.00025817012460942597,7.3531425097117345e-09
3,0.00043401855058354636,3.377327600500075e-05,0.00017104898807388067,0.35542193562494645,0.0023743745734052203,1.5956153188805751e-06,2.1006227145119586e-05,2.3462481591184808e-05,6.819855852775406e-06,2.9742441557676285e-05,5.044969325865342e-05,7.961689903824751e-07,0.000608287054702888,7.905407921880051e-05,2.841382832680971e-08,3.955885031313059e-06,0.0003373294865284954,0.6376726554668702,4.069089555815972e-05,3.0550639782185594e-05,0.0005279289728170823,1.7354732767334911e-07,0.0019037265915009475,0.0002265898771110564,5.592994151008214e-09
4,0.0004495829245181339,3.5466121130972246e-05,0.00017648836177520672,0.35267312508515125,0.0023630025100432974,1.5072505520109464e-06,2.151144948180482e-05,2.379819746354103e-05,7.030162168286162e-06,2.9940843135059584e-05,5.13001128758714e-05,8.192610778361073e-07,0.000664154855596269,8.506725187324945e-05,2.8306526497283485e-08,3.831359029467883e-06,0.0003307998008304943,0.6404290517656415,4.088422570380292e-05,3.142990373361084e-05,0.00054408274943901,1.8638275964613133e-07,0.001809113477060151,0.00022779197535404945,5.6670790049580676e-09
5,0.029369833567517333,0.022974656574368098,0.004461195267576405,0.5733042663843989,0.055068332835479,6.685380752601512e-05,0.003126034182585971,0.003933385510570531,0.0002571889157333014,0.00027556853693631574,0.03623046313616655,0.004487274919754761,0.012590313577027135,0.008775171471438198,3.650260758345024e-05,0.0002862815622563543,0.12207445207006463,0.0978015318038149,0.0021311699337466013,6.242591556808178e-05,0.01644228515895801,0.0005568065375070085,0.0038955925410705176,0.00173809571461232,5.431746773935656e-05
6,0.00043401855058354636,3.377327600500075e-05,0.00017104898807388067,0.35542193562494645,0.0023743745734052203,1.5956153188805751e-06,2.1006227145119586e-05,2.3462481591184808e-05,6.819855852775406e-06,2.9742441557676285e-05,5.044969325865342e-05,7.961689903824751e-07,0.000608287054702888,7.905407921880051e-05,2.841382832680971e-08,3.955885031313059e-06,0.0003373294865284954,0.6376726554668702,4.069089555815972e-05,3.0550639782185594e-05,0.0005279289728170823,1.7354732767334911e-07,0.0019037265915009475,0.0002265898771110564,5.592994151008214e-09
7,0.0005572227663163712,3.156121284233425e-05,0.00016213889209381447,0.3498989792568004,0.002088091294580841,1.3869176192407844e-06,2.0955168709381675e-05,2.374032683825353e-05,5.372811453581605e-06,2.3516089779192398e-05,5.76712265107408e-05,7.675815148128235e-07,0.0008058708388687298,5.9770320163563215e-05,2.662347383102829e-08,3.36882831029907e-06,0.0003029299613494018,0.6438549019892303,3.993691855601059e-05,2.8875146037555486e-05,0.0004637706163304829,1.9462443483805725e-07,0.0013855612972523909,0.00018338521017234076,4.080761170450135e-09
8,0.00042792099808181493,3.340354972279644e-05,0.0001646700051128968,0.34770407482927945,0.0023460900506581056,1.5991402261749024e-06,2.1573155972589473e-05,2.4207646922288488e-05,6.675500467556274e-06,2.916325509677037e-05,5.16659739662774e-05,7.825600417379478e-07,0.0006129739757431465,7.773764287948945e-05,2.8298503130887152e-08,3.8899555076185285e-06,0.00033232159063913797,0.6454959425934002,4.231159925837455e-05,3.0133241186589548e-05,0.0005434293924709941,1.7883806628634397e-07,0.0018353231133034754,0.00021389768672571918,5.406767441213096e-09
9,0.00045223217563216284,3.2336840859382865e-05,0.00016229522808034936,0.34545183020187537,0.0023576139520693914,1.5941026249347497e-06,2.1661399866708272e-05,2.407774280288215e-05,6.4659262672126585e-06,2.7283665763778928e-05,5.31075017956551e-05,7.918475601546974e-07,0.0006091933486737179,7.393019726920074e-05,2.770677816764124e-08,3.7319410098631403e-06,0.00033296086475011574,0.647747135738051,4.119618219872279e-05,2.8699416978150868e-05,0.0005345808698434898,1.775694641146067e-07,0.001827389441580841,0.00020968091538093507,5.2228237055686915e-09
10,0.00043401855058354636,3.377327600500075e-05,0.00017104898807388067,0.35542193562494645,0.0023743745734052203,1.5956153188805751e-06,2.1006227145119586e-05,2.3462481591184808e-05,6.819855852775406e-06,2.9742441557676285e-05,5.044969325865342e-05,7.961689903824751e-07,0.000608287054702888,7.905407921880051e-05,2.841382832680971e-08,3.955885031313059e-06,0.0003373294865284954,0.6376726554668702,4.069089555815972e-05,3.0550639782185594e-05,0.0005279289728170823,1.7354732767334911e-07,0.0019037265915009475,0.0002265898771110564,5.592994151008214e-09
11,0.0004625780054263898,3.4459069942305545e-05,0.0001743107164698227,0.35998023146127966,0.0024450810408403485,1.5959850181459267e-06,2.2063796264413277e-05,2.3841036281803853e-05,6.955105465749482e-06,2.8997156169510802e-05,5.340776477903236e-05,8.414867567289161e-07,0.0006679082932506627,7.861764291178976e-05,2.9754426050542062e-08,4.019541339553375e-06,0.0003401887298484659,0.632961905389242,4.191221684125598e-05,3.1831683739725395e-05,0.0005366678891172861,1.8669831690824672e-07,0.0018637075092421966,0.0002386562806251475,5.74640499239637e-09
12,0.0004121378554286476,3.208941078067518e-05,0.0001386979272076384,0.3936194514352346,0.0016062724312512842,1.4224986380757966e-06,1.898142978647946e-05,2.5127772902392846e-05,5.6526795276254695e-06,2.7116457287740154e-05,4.255909441302603e-05,6.977366074360569e-07,0.0005929381852522449,6.180402332143818e-05,2.6185946740025283e-08,3.557226037448717e-06,0.00026942810754587633,0.60097488779582,4.4671160142966196e-05,2.2481789620022837e-05,0.00042677446507978717,1.680789024083487e-07,0.0015066130228917499,0.00016643914878189208,4.081591959638188e-09
13,0.0005078654092940072,3.7651108451277055e-05,0.0001716730987788645,0.33784932713143734,0.0028196783769274445,1.4706749414793101e-06,2.434234781445311e-05,2.9603080925158414e-05,6.856602067847113e-06,2.5347508116573464e-05,7.708036296687203e-05,1.225220198635961e-06,0.0007289788807355561,0.00010306276039928626,3.3062021605404794e-08,3.6610406636452972e-06,0.0003676512441290626,0.6547777709295979,4.3252168317033554e-05,3.1068864226211964e-05,0.0006199557961961325,2.491535639439673e-07,0.0015685111407516411,0.00020367717104518253,6.866432988648439e-09
14,0.0004980845575375118,2.9238621204795852e-05,0.00021463143113989057,0.3551545531027584,0.0022386235921975917,1.937582050852169e-06,2.398451377848951e-05,2.7121075516634514e-05,7.798680759738014e-06,2.980178099844571e-05,4.908634027904917e-05,1.0839632555518485e-06,0.0005670228969189838,8.590417628759983e-05,3.213695656248967e-08,5.120944305212233e-06,0.00036950878979690756,0.6374667689755299,3.265802200354697e-05,3.51909108296586e-05,0.0004655191863616252,1.631753522180546e-07,0.0024291860934353127,0.00026697184988669023,7.600858950574568e-09
15,0.00043401855058354636,3.377327600500075e-05,0.00017104898807388067,0.35542193562494645,0.0023743745734052203,1.5956153188805751e-06,2.1006227145119586e-05,2.3462481591184808e-05,6.819855852775406e-06,2.9742441557676285e-05,5.044969325865342e-05,7.961689903824751e-07,0.000608287054702888,7.905407921880051e-05,2.841382832680971e-08,3.955885031313059e-06,0.0003373294865284954,0.6376726554668702,4.069089555815972e-05,3.0550639782185594e-05,0.0005279289728170823,1.7354732767334911e-07,0.0019037265915009475,0.0002265898771110564,5.592994151008214e-09
16,0.0004535097400908841,3.4197662004809164e-05,0.00014016452201558204,0.34380387368927956,0.0022126829636850984,1.412548947790582e-06,2.0059086060843008e-05,2.6939854143197757e-05,6.361541199959711e-06,2.5396858023297146e-05,5.642688041780898e-05,9.11577284725709e-07,0.0006220522144541525,8.51910691986912e-05,2.849732845764638e-08,3.3212847231538873e-06,0.00028544609522973937,0.6500563839735392,4.063219492430329e-05,2.5997251664934008e-05,0.0004990740559945564,2.1899466666714283e-07,0.0014327575741362056,0.00016695471533672765,5.155649608515215e-09
17,0.0005245576857245039,2.9966287891469274e-05,0.0001771471830130749,0.3035167976657374,0.002876873858446106,1.2903133641524e-06,2.3525941560669007e-05,2.2708494872487187e-05,7.0800235501664115e-06,2.153889162845209e-05,5.826187911370016e-05,9.194734013083417e-07,0.000661247533072468,8.896123301736263e-05,2.1486106820631425e-08,3.032754278201713e-06,0.000320426204539828,0.6890181419209143,3.06618457854789e-05,2.9650729084970618e-05,0.0005764091851940757,1.7635961761960258e-07,0.0017745484099558851,0.0002360493409684418,5.2991612318319036e-09
18,0.00040377138377715966,3.8579100636460616e-05,0.00021871765195294766,0.2826093454959173,0.0024545496535767295,1.7523838270981017e-06,2.4259052231456474e-05,2.5403268142517458e-05,8.873899605283351e-06,3.9994611073449014e-05,5.406932808023523e-05,1.0095491261037191e-06,0.0006220384624411902,0.00012890805184136717,3.1340986365787325e-08,5.1669168577510075e-06,0.0003956137229691577,0.7094379908421469,4.601572156702832e-05,3.9671253308550385e-05,0.0007517814786135791,2.0042851850723467e-07,0.0023947101676330537,0.00029753660815136975,9.627018417435679e-09
19,0.00037240129831906293,4.328393280630812e-05,0.00015553019572832225,0.48162314277661367,0.002631287625720506,1.8710498164550172e-06,2.0216473138578197e-05,2.3986304545647788e-05,8.422021361458394e-06,3.740058963280984e-05,4.4939433917689836e-05,8.694571218010813e-07,0.0006129712486239348,8.737641446368165e-05,3.765375333136985e-08,4.178834560529901e-06,0.00032226211889532514,0.5114671897218087,4.145483299651768e-05,3.292269272394244e-05,0.0003984231721249698,2.094982849305263e-07,0.0018357906911835185,0.00023382566450735274,6.2973510819215114e-09
20,0.0004961697964843066,2.6021178823721578e-05,0.000216119006192855,0.2991554454566086,0.002592245249867464,1.5258715002846901e-06,2.0242465640648835e-05,1.906462638362579e-05,5.78676144969134e-06,2.4368500745514906e-05,4.98494815831745e-05,8.169357714200315e-07,0.0004924732236987954,6.44071106225702e-05,2.077168230143139e-08,4.384456211222245e-06,0.0004147750909544654,0.6928797647687227,3.0413806247578193e-05,2.897610710804518e-05,0.0005621593953145074,1.0421762596895221e-07,0.0026048443128724123,0.00031001554107610094,5.866812013958688e-09
21,0.00041212711759552173,3.5901207626995865e-05,0.00016425694193960349,0.3741770621806337,0.0025193843113765534,1.7916185741387958e-06,2.21999860806192e-05,2.386861940172456e-05,7.392888823027703e-06,3.2370504639885994e-05,5.139094616454422e-05,7.797385218711392e-07,0.0005989386776717691,7.959532229036987e-05,3.197491693506866e-08,4.019713014520764e-06,0.0003414470808270583,0.6187146649120265,4.531115214396236e-05,3.091953164414474e-05,0.000531911780292797,1.8379841555165155e-07,0.001979483072462078,0.00022496108264924569,5.840266811959304e-09
22,0.00047191830957781205,2.8260035705548856e-05,0.0001680085109631185,0.2993656910556681,0.0018045239082108235,1.3696812936721617e-06,1.6391040453993934e-05,2.3946640851219673e-05,4.3830016161208624e-06,2.5725036709356585e-05,4.7567852965670385e-05,6.341862632318718e-07,0.0005199598793258364,6.39855559914362e-05,2.0463067775312617e-08,3.358621320922988e-06,0.0003761613136127385,0.6946135592405215,3.433124456952672e-05,2.434894719587662e-05,0.0005206033792949642,1.4849954850971337e-07,0.0017316736404605056,0.0001534260778908645,3.8769207509013904e-09
23,0.00043401855058354636,3.377327600500075e-05,0.00017104898807388067,0.35542193562494645,0.0023743745734052203,1.5956153188805751e-06,2.1006227145119586e-05,2.3462481591184808e-05,6.819855852775406e-06,2.9742441557676285e-05,5.044969325865342e-05,7.961689903824751e-07,0.000608287054702888,7.905407921880051e-05,2.841382832680971e-08,3.955885031313059e-06,0.0003373294865284954,0.6376726554668702,4.069089555815972e-05,3.0550639782185594e-05,0.0005279289728170823,1.7354732767334911e-07,0.0019037265915009475,0.0002265898771110564,5.592994151008214e-09
24,0.0006979454912118152,2.3617369874923784e-05,0.00027458296628666494,0.22181989071184052,0.0029588172226248355,1.970946597746239e-06,2.9295109112998886e-05,2.392643123356836e-05,7.545791598399205e-06,2.3661792602272358e-05,7.60231488033781e-05,1.2534322852269155e-06,0.0007078052434735206,7.653034627233278e-05,2.6709203856867817e-08,5.174860295693178e-06,0.0004168140952754805,0.7693217208295658,2.9824752099400677e-05,4.382338318705674e-05,0.0006541661393136596,1.5512497258575487e-07,0.0024432135308842242,0.00036220634787078595,8.223513122064803e-09
25,0.00039701677772606197,5.3242365040253385e-05,0.00020591807928184455,0.46759921448668373,0.0023804081742634375,2.129059293493322e-06,1.7907298203651222e-05,1.6122212970103066e-05,1.020137945373274e-05,5.823310461580669e-05,3.945712388340112e-05,7.165453764976223e-07,0.0006349864367580357,9.130720645392573e-05,4.479026918413336e-08,5.057887160894937e-06,0.0003652115025610571,0.524469805580504,5.7069942836100986e-05,3.4290452150212174e-05,0.0004685363859083688,1.7424460468840065e-07,0.0027090197230502304,0.0003839205461991004,8.6947523024028e-09
26,0.0004941694682185869,2.6238495649519788e-05,0.0002104101790317056,0.31508600798826353,0.0025636874906113175,1.5141672543726355e-06,1.9253117523726736e-05,1.5456979830050693e-05,7.896102101278497e-06,2.6767781954574828e-05,4.0839861015164345e-05,6.521163652774797e-07,0.0005612697985090859,6.819963799123195e-05,2.114413768879938e-08,3.8148622269971616e-06,0.00031251872375421776,0.6770255933432363,2.88497143167853e-05,3.317854601241495e-05,0.00048779834696666607,1.0813835292310412e-07,0.0026188515119687744,0.0003668970894432203,5.395264632850305e-09
27,0.0004256834888605078,3.7865679000909674e-05,0.00014776894365934343,0.40377577637237244,0.002411178387290334,1.8312699904386965e-06,2.2155548574783235e-05,2.5202949076454898e-05,9.066999903995946e-06,3.2491078231752176e-05,4.947616166687929e-05,8.869676646746524e-07,0.0006655927902800918,8.398125311820091e-05,3.5147964277190764e-08,3.978072965284477e-06,0.0002700685674816963,0.5895598580048285,4.486402368435147e-05,3.1967983298183586e-05,0.00043483485684455016,2.2728673220925634e-07,0.0017312624636348563,0.00023393954758860446,6.155286630627421e-09
28,0.00043401855058354636,3.377327600500075e-05,0.00017104898807388067,0.35542193562494645,0.0023743745734052203,1.5956153188805751e-06,2.1006227145119586e-05,2.3462481591184808e-05,6.819855852775406e-06,2.9742441557676285e-05,5.044969325865342e-05,7.961689903824751e-07,0.000608287054702888,7.905407921880051e-05,2.841382832680971e-08,3.955885031313059e-06,0.0003373294865284954,0.6376726554668702,4.069089555815972e-05,3.0550639782185594e-05,0.0005279289728170823,1.7354732767334911e-07,0.0019037265915009475,0.0002265898771110564,5.592994151008214e-09
29,0.00043401855058354636,3.377327600500075e-05,0.00017104898807388067,0.35542193562494645,0.0023743745734052203,1.5956153188805751e-06,2.1006227145119586e-05,2.3462481591184808e-05,6.819855852775406e-06,2.9742441557676285e-05,5.044969325865342e-05,7.961689903824751e-07,0.000608287054702888,7.905407921880051e-05,2.841382832680971e-08,3.955885031313059e-06,0.0003373294865284954,0.6376726554668702,4.069089555815972e-05,3.0550639782185594e-05,0.0005279289728170823,1.7354732767334911e-07,0.0019037265915009475,0.0002265898771110564,5.592994151008214e-09
30,0.00043401855058354636,3.377327600500075e-05,0.00017104898807388067,0.35542193562494645,0.0023743745734052203,1.5956153188805751e-06,2.1006227145119586e-05,2.3462481591184808e-05,6.819855852775406e-06,2.9742441557676285e-05,5.044969325865342e-05,7.961689903824751e-07,0.000608287054702888,7.905407921880051e-05,2.841382832680971e-08,3.955885031313059e-06,0.0003373294865284954,0.6376726554668702,4.069089555815972e-05,3.0550639782185594e-05,0.0005279289728170823,1.7354732767334911e-07,0.0019037265915009475,0.0002265898771110564,5.592994151008214e-09
31,0.0004930452852950526,2.9762732633986668e-05,0.00019053989776711254,0.3033513117853345,0.0017860421238907018,1.3355406706601488e-06,1.9501057763486816e-05,2.5671711295886454e-05,4.999650799232963e-06,2.610729093634293e-05,4.494167898193874e-05,7.315008076668792e-07,0.0005790352609716042,6.726615836904878e-05,1.9373419702301445e-08,3.7267122699626226e-06,0.0003516294537804698,0.6905072857672666,3.30338917940787e-05,2.58385080455764e-05,0.0005215788405852694,1.432278201897157e-07,0.0017572510897016973,0.00017919714563470823,4.314164474204849e-09
32,0.00043002874197557896,3.456811759317312e-05,0.00016799295412799861,0.3648562956021817,0.0024274451093808875,1.6723844934427067e-06,2.1654373998789064e-05,2.358795005785184e-05,6.955975089573724e-06,3.0686548285101596e-05,5.111844832885157e-05,7.786538619931414e-07,0.0006169998429057297,7.690052705184386e-05,3.113297781912699e-08,4.151481139829459e-06,0.00034624523087761647,0.6280739972892068,4.5335035134996263e-05,3.097127890561753e-05,0.0005514747502274537,1.80656319262969e-07,0.001966503336219361,0.00023441880370086098,5.775957801157855e-09
33,0.0002555188470335817,5.385298519153366e-05,0.0003693168771886008,0.2813166135659209,0.004553849216057303,4.011235686069101e-06,2.800103051539071e-05,1.6938639620770878e-05,3.586946901159125e-05,0.00014502852105121084,3.481195426806574e-05,6.477912507231003e-07,0.00044080148734960316,0.00025218239152258236,6.56982437782611e-08,7.904339178418845e-06,0.0003311847478964803,0.7052340158672463,5.6722485311327946e-05,8.550819424706687e-05,0.0008288425677390556,1.4424492541421804e-07,0.005308562571901108,0.0006395836207322101,2.1650910879172197e-08
34,0.0010212102697901928,1.71145538901762e-05,0.0001469779072808575,0.24193916734554807,0.0019497243943864208,9.085996642989298e-07,2.036960674831598e-05,1.557505770874276e-05,3.9654845257133306e-06,9.98043255823871e-06,6.681154946018356e-05,5.975552325837186e-07,0.0007463154395046781,3.3364701279319894e-05,1.7208237300934872e-08,1.7782753273582525e-06,0.00023276040813003027,0.7517860230311614,3.312922490188174e-05,1.484356980391575e-05,0.0004973652806835438,1.2740835654513722e-07,0.0012885742694368903,0.0001732959554155019,2.4709677118859202e-09
35,0.0004288353151784772,3.461356503395292e-05,0.00017314527689185757,0.36075053629345266,0.002439448926401685,1.6133692285597724e-06,2.1176398002529234e-05,2.338070814079696e-05,6.9424840401400295e-06,3.0405612046806416e-05,5.0740153532402556e-05,8.008860284362598e-07,0.0006134193152894648,8.102780843782483e-05,2.9327369672703786e-08,4.0207430775765565e-06,0.00034326688946822493,0.6322216071665739,4.111081967310773e-05,3.148027132321667e-05,0.0005346904731862353,1.7509642374610682e-07,0.001936054046548593,0.00023147329951212425,5.755137906963972e-09
36,0.00039857951580604884,3.4423032215233816e-05,0.00015978983762528112,0.3841639359325722,0.0019828141319787372,1.6291037455298809e-06,1.961675721380416e-05,2.753025701948194e-05,6.589356496652769e-06,3.255038203515773e-05,4.6044764204253455e-05,8.281796986955073e-07,0.0005886936007588269,8.435067789783146e-05,2.9510701078046724e-08,4.108242878385416e-06,0.00033014492835378094,0.6096690205768798,4.0238774244902284e-05,2.9852065903983983e-05,0.0004540129876298149,1.967620028879614e-07,0.0017418600404378816,0.00018315511009205969,5.471607885254493e-09
37,7.959886621512942e-05,7.238737365553095e-05,5.618093209842741e-05,0.7823400707078241,0.001544062642256965,4.856141276832821e-06,1.4566436856789993e-05,3.54982131530203e-05,5.851813961288399e-06,8.75045414495229e-05,3.609738031030573e-05,5.767037120820551e-07,0.0002523827920208682,6.731556649607774e-05,1.5490787282650302e-07,8.067354755875481e-06,0.0004819138242284759,0.21199874419002296,0.00015475720864703698,2.5975167835495032e-05,0.00033500962209536745,3.0398575594098734e-07,0.002307858200176215,9.025599586404129e-05,9.431458948421649e-09
38,0.0004914873222269518,2.5449760608973506e-05,0.00016536529961904762,0.316525155509664,0.001737118588070238,1.8672097951811722e-06,2.2894776188349073e-05,2.413633980134885e-05,5.190001491858593e-06,2.6177092787446495e-05,4.73764534074985e-05,6.44056019494446e-07,0.0006442877606862209,5.001278462345439e-05,2.847240356636763e-08,4.66285364151346e-06,0.00033849700832068875,0.6770980480380816,4.477723662075122e-05,3.081047633931895e-05,0.0005324353865972642,1.6028039184277686e-07,0.001977221856588921,0.0002061909830194873,4.4530050892511984e-09
39,0.0004441940924479642,3.212924191090126e-05,0.00016960055150250862,0.34599990290894456,0.002297490469354814,1.6292093681877528e-06,2.17898988850383e-05,2.5233275091637207e-05,6.4671483464984155e-06,2.8305802141874666e-05,5.16460543730184e-05,8.238174954208533e-07,0.0006022471594575895,7.505051668101062e-05,2.760216938652744e-08,4.079662766576428e-06,0.00034562721081664863,0.6471811746071309,4.0469601333509213e-05,2.9982421069675657e-05,0.0005358189803544326,1.7507471181537798e-07,0.0018884838528318115,0.00021764537992237688,5.4608917461010175e-09
40,0.0006412992974811773,4.115473644927767e-05,0.0002313460654832924,0.3462329840266905,0.003019506574490492,1.8108944370105277e-06,2.501085718628615e-05,2.8730924245820835e-05,6.912684661216301e-06,2.892985962306828e-05,7.636629884088258e-05,1.3749946661883588e-06,0.000766749069298557,9.732556205594586e-05,3.2385042757677975e-08,4.205262767875313e-06,0.0004670112033126729,0.6455426795130771,3.4057926995223797e-05,3.62308391903884e-05,0.0005532748621774335,2.3196134303163607e-07,0.001917636830086641,0.0002451297479870044,7.622410222430488e-09
41,0.0004433595912287607,3.439696574377623e-05,0.00015469638274248756,0.4337782044708803,0.002685536510781165,1.8088315260865957e-06,1.9664760522032364e-05,2.237497907397622e-05,7.321846717527144e-06,2.963672620347606e-05,4.947836510678334e-05,8.032986695080554e-07,0.0005674490984395832,6.863382640812216e-05,3.512706068432044e-08,3.828787157245591e-06,0.00031490367497453276,0.5592798772887937,3.905399769003776e-05,2.9084172182569314e-05,0.00039650221067979833,1.7501065064695472e-07,0.0018539947620962594,0.00021917390157784352,5.413093259904004e-09
42,0.00043579404443695323,3.595809593585847e-05,0.00016375818592522095,0.3894347767446667,0.0023283547802164842,1.714129550226199e-06,2.149907502061171e-05,2.5875885512605068e-05,6.563932655804692e-06,3.0696165918187276e-05,5.298006502818387e-05,8.504747020083794e-07,0.0006477182539214268,7.50496599424882e-05,3.218683755093276e-08,4.287642772302128e-06,0.0003591648752423274,0.6037383558328394,4.5164869053199375e-05,3.112566755377792e-05,0.000507597029872627,1.9957203364980508e-07,0.0018334801607610507,0.00021899695676057696,5.712840718881793e-09
43,0.00034205797212587583,3.614582860945852e-05,0.00015854447633015977,0.36617805955087657,0.002280064170195652,2.3795787965396788e-06,2.1443222310892034e-05,2.6552088992475704e-05,8.436236013267281e-06,4.669168471090491e-05,4.4901369965506055e-05,6.417752084509143e-07,0.0005316163780413693,8.244464261294694e-05,4.105548618424158e-08,5.038531324586138e-06,0.0003450702874448242,0.6268099755663461,5.8862987213910215e-05,3.4931098458039066e-05,0.000576825401955105,2.0436407213199824e-07,0.002195845388741517,0.00021321999932552238,6.344842110513222e-09
44,0.00043401855058354636,3.377327600500075e-05,0.00017104898807388067,0.35542193562494645,0.0023743745734052203,1.5956153188805751e-06,2.1006227145119586e-05,2.3462481591184808e-05,6.819855852775406e-06,2.9742441557676285e-05,5.044969325865342e-05,7.961689903824751e-07,0.000608287054702888,7.905407921880051e-05,2.841382832680971e-08,3.955885031313059e-06,0.0003373294865284954,0.6376726554668702,4.069089555815972e-05,3.0550639782185594e-05,0.0005279289728170823,1.7354732767334911e-07,0.0019037265915009475,0.0002265898771110564,5.592994151008214e-09
45,0.00044424623113852285,3.312223396442828e-05,0.0001611033567308918,0.3846922878937909,0.002456561995998725,1.709958778532654e-06,2.2774544635621297e-05,2.4545279266704806e-05,7.1117607147297255e-06,2.8660507963373722e-05,5.1305978443343156e-05,8.121174451302137e-07,0.0006319684022254577,7.208275049321112e-05,3.183475040692088e-08,4.005667058510422e-06,0.00031971658405880013,0.6084347389876253,4.2880252130014427e-05,3.0390794386516523e-05,0.0004903732825990121,1.8429993940031875e-07,0.001827294843363855,0.00022208500507311276,5.437425549028026e-09
46,0.0003115477035928781,3.2527062238088613e-05,0.00017939763831254047,0.28820353775452734,0.002513259310350064,1.6193094161642185e-06,2.2024555712658522e-05,1.939983264780937e-05,1.1085529696915712e-05,4.028344297667243e-05,4.051672870820146e-05,6.319935692370006e-07,0.0005232420193428902,0.00011405141947057817,2.89456263342962e-08,4.052651781505055e-06,0.0002464817861412005,0.7045578161379157,4.501726509273392e-05,3.647393456603568e-05,0.0006361756673753362,1.4488302620071232e-07,0.0021820340455838898,0.00027864340186495415,6.980464104086698e-09
47,0.0005992533978705005,4.1315149465790723e-05,0.00017544602551240987,0.3973309661258879,0.0020584024514121173,1.6828533214883155e-06,2.1387802067618282e-05,2.719527539167157e-05,6.360315974213898e-06,2.8997718205363976e-05,5.976163249551523e-05,1.166054715040866e-06,0.0009479052309427382,6.602700264573295e-05,3.049468759643246e-08,4.654058184113448e-06,0.00032546706074362255,0.5961725814947925,4.039807721788397e-05,3.455010394820227e-05,0.0003794789939742087,2.5689671086197647e-07,0.0014341134125708723,0.00024259647461827123,5.896643880404002e-09
48,0.000484380039997841,2.3757676485496147e-05,0.00020937904780597106,0.2731381958053053,0.0032840703882362535,1.6291577959293484e-06,2.5306493663790386e-05,1.762907063834043e-05,9.932642836880592e-06,2.453450484342541e-05,5.88814581348369e-05,9.514544254354065e-07,0.0006560707484948451,8.705297396961281e-05,2.9380855995940744e-08,4.494668968282135e-06,0.0002837633751742238,0.7182443663742873,3.3400628290611797e-05,4.360513097297028e-05,0.0005946061681356905,1.3823612405332948e-07,0.0023431450758772073,0.00043067165186657194,7.846813002038346e-09
49,0.0004920446222591322,3.323750636732639e-05,0.00019195507468672398,0.3553888790841255,0.002387132779185115,1.8382588971507834e-06,2.214279001663087e-05,2.5523242356007875e-05,6.742119703463278e-06,2.8786270493880473e-05,5.464032077011193e-05,9.69919873282893e-07,0.0006361306172917531,7.654949598588652e-05,2.7941925994072178e-08,4.35508087782519e-06,0.00036944726262128254,0.6374762727270503,3.339620324754925e-05,3.4451870589459294e-05,0.0004716063842720615,1.748515953513051e-07,0.0020242799545780077,0.00023940966456708422,5.956663070907004e-09
50,0.0003865366825157651,3.9578767893746703e-05,0.00016262583082897691,0.3654400150716473,0.0022534255966539934,1.7092904602536504e-06,2.4687086535705965e-05,2.885936103362243e-05,8.735176485588271e-06,3.896866576012626e-05,4.679473384590193e-05,7.847976174841496e-07,0.0006591092481886555,9.968656834646017e-05,3.268881734072935e-08,3.914560197734605e-06,0.000288287383660078,0.6280453118740591,5.091612104372858e-05,3.0734376140226544e-05,0.0005547436259611505,2.2602617096018384e-07,0.0016502835732851752,0.00018402701833181257,5.8745189959150126e-09
51,0.0006032422723877121,6.9424178771390745e-06,0.0002700139866534502,0.08214194724312679,0.0034392302556101634,1.7442469515907995e-06,3.526250988603906e-05,1.142372088275274e-05,6.505681356079532e-06,1.2300957448993717e-05,6.72682068168178e-05,6.255029592592194e-07,0.00042402246787364876,4.693645384106885e-05,1.3298870683332966e-08,4.295062255114393e-06,0.00043378591465604297,0.9061719850070419,2.3181915953482373e-05,4.057362896544867e-05,0.0012518074470275421,6.256772159402598e-08,0.004381033557352685,0.0006257886294426058,7.047041397097646e-09
52,0.0004945509928159336,4.2100520461537895e-05,0.0002164577272658395,0.37233148072506767,0.0035167753777361477,1.667573824082069e-06,2.9178194609713216e-05,2.6179098232514877e-05,7.515745875098475e-06,2.7429874558833607e-05,6.695971715455039e-05,1.2033239871601522e-06,0.0006876829360381122,9.818242076980773e-05,3.011417473699147e-08,4.485641022867759e-06,0.00048152109921845826,0.6184484774922453,3.970874414911466e-05,3.532521192835594e-05,0.0007084668898929235,1.8622570997140027e-07,0.0024166858421897377,0.00031774038905485116,8.122016743293303e-09
53,0.00041191948067775266,4.26003148375719e-05,0.00016930769713985127,0.41106740905457567,0.0022528112361150463,1.3460980630543437e-06,1.3594361181109122e-05,1.892347682782247e-05,5.741371166769064e-06,3.839530537602224e-05,4.499257220772487e-05,6.265847539215267e-07,0.0006498841185256023,7.30252282434384e-05,2.884702715838926e-08,3.9258244181328444e-06,0.0003654623541708345,0.582406867777556,4.624394587485772e-05,2.9570954862967497e-05,0.00046866328229328046,1.7662186718335367e-07,0.0016568659110480664,0.0002316126915068087,4.889683465491625e-09
54,0.00038185781755962453,5.291126508285601e-05,0.0002226277713307072,0.3984889894304372,0.0029256011173955346,1.949368996463294e-06,2.3911597057598608e-05,2.7104539132579597e-05,1.1186858738389694e-05,5.104927406622644e-05,5.194709729991644e-05,1.2064344351392741e-06,0.0006981847817601462,0.00013801480083465404,4.306948064141902e-08,6.001383737057512e-06,0.00036425047570014035,0.5934408908045755,4.7953451912495536e-05,4.564611367100995e-05,0.0005538948947031894,2.3030050890951566e-07,0.0021406096285180565,0.0003239266053989152,1.1117667114225973e-08
55,0.0005924389307793089,2.5085078837622944e-05,0.00016339511808466996,0.3476426248727712,0.002868837869147233,1.6174634103125916e-06,2.798667205307819e-05,2.1129953055446066e-05,9.08213200618632e-06,1.7978258936769795e-05,6.042139244670441e-05,1.2297042862722463e-06,0.0006907295032512028,6.534446479251138e-05,2.5671102453877286e-08,3.736906473629858e-06,0.0002463901358905285,0.6447849465137259,3.124872727628208e-05,2.920047637843949e-05,0.000411550298073602,1.5951963534144916e-07,0.001953725845145688,0.0003511081407339041,6.351705802198399e-09
56,0.00045257017096083816,3.4145386851353474e-05,0.00017233173894526605,0.35518609758403036,0.002375405482893809,1.5999817820360892e-06,2.1528511378075205e-05,2.377062314449173e-05,6.865966152966016e-06,2.928071127341128e-05,5.193597672798882e-05,8.184990155070942e-07,0.0006353561941601668,7.881585039500662e-05,2.8775251366129613e-08,3.9270219662654145e-06,0.00033735044345301144,0.6378804541219036,4.108051542242142e-05,3.0702730721696895e-05,0.0005304219243227882,1.807361809855281e-07,0.0018770757136469002,0.00022824972056473524,5.618854928033894e-09
57,0.0004216577227396679,4.2847409318972906e-05,0.00017027997615604666,0.38648564353561843,0.0025933585912139142,1.6034697471850752e-06,2.3803644033404578e-05,2.5441151333853132e-05,7.332613626842023e-06,3.41968916883275e-05,5.653669552320924e-05,8.615054759273001e-07,0.0007870813314788291,8.243455530417535e-05,3.4842799737018596e-08,4.761268344655575e-06,0.0003641444985228031,0.606095982074667,5.869676228360944e-05,3.501986436531897e-05,0.0006340602965996637,2.263444201552776e-07,0.0018042781588260893,0.0002697102162405986,6.5796714844145445e-09
58,0.00046064739723426416,3.5356242774522225e-05,0.00018294386073589085,0.3657503382539253,0.0027815456265245604,1.7281571992740017e-06,2.343087641510283e-05,2.1921689348619598e-05,8.208879063841584e-06,3.051435841113257e-05,5.446598991482099e-05,8.777984104251035e-07,0.0006923513366765877,8.105114710497919e-05,3.2799733511556754e-08,4.4353845065214515e-06,0.0003385351792235152,0.6264868406337657,4.38162090452427e-05,3.5997875547723855e-05,0.0005543080671810625,1.836837266516366e-07,0.0021037963926107375,0.0003066654457899104,6.715130005924608e-09
59,0.00043975339758271244,3.556744194175654e-05,0.00019073256156377025,0.3557600622324869,0.0026645091657420353,1.6549456188296814e-06,2.2248211635675443e-05,2.2045455937831906e-05,7.709319124873268e-06,3.179820267974828e-05,5.155392099715194e-05,8.461173900630141e-07,0.0006558209389938799,8.476578442072472e-05,3.032333863561416e-08,4.45291991805493e-06,0.0003537058466532185,0.6366191819111456,4.146886170409293e-05,3.574005359738484e-05,0.0005694791436425156,1.7228597765362217e-07,0.0021148058249281184,0.00029188857613246516,6.556846292252957e-09
60,0.00043401855058354636,3.377327600500075e-05,0.00017104898807388067,0.35542193562494645,0.0023743745734052203,1.5956153188805751e-06,2.1006227145119586e-05,2.3462481591184808e-05,6.819855852775406e-06,2.9742441557676285e-05,5.044969325865342e-05,7.961689903824751e-07,0.000608287054702888,7.905407921880051e-05,2.841382832680971e-08,3.955885031313059e-06,0.0003373294865284954,0.6376726554668702,4.069089555815972e-05,3.0550639782185594e-05,0.0005279289728170823,1.7354732767334911e-07,0.0019037265915009475,0.0002265898771110564,5.592994151008214e-09
61,0.0004569459149967087,3.413078842346129e-05,0.00019553375465829726,0.3390119346766289,0.00268925250561804,1.6293314069167054e-06,2.2807010343095775e-05,2.1827100328763712e-05,7.863062601808717e-06,3.0605495672124435e-05,5.2450225102175826e-05,8.61102003524282e-07,0.0006447002016179858,8.47955644291734e-05,2.8770907555518684e-08,4.2984389775537305e-06,0.0003467986677739849,0.6533120926787694,4.016100018046601e-05,3.447886168511354e-05,0.0005800091953385948,1.6521470444768672e-07,0.0021303595632284214,0.0002962643241379263,6.550465581997213e-09
62,0.00043401855058354636,3.377327600500075e-05,0.00017104898807388067,0.35542193562494645,0.0023743745734052203,1.5956153188805751e-06,2.1006227145119586e-05,2.3462481591184808e-05,6.819855852775406e-06,2.9742441557676285e-05,5.044969325865342e-05,7.961689903824751e-07,0.000608287054702888,7.905407921880051e-05,2.841382832680971e-08,3.955885031313059e-06,0.0003373294865284954,0.6376726554668702,4.069089555815972e-05,3.0550639782185594e-05,0.0005279289728170823,1.7354732767334911e-07,0.0019037265915009475,0.0002265898771110564,5.592994151008214e-09
63,0.00042250688738381325,3.729094748770899e-05,0.0001690827455556857,0.3719843758640954,0.002402160229175788,1.6457924458106525e-06,2.1071818695298358e-05,2.4118531591702097e-05,7.001747165038048e-06,3.1877680093695986e-05,5.1030487418390796e-05,8.163586796336137e-07,0.0006201841813071496,8.149989997771862e-05,3.064380160484751e-08,4.12251092407455e-06,0.000346634683987848,0.621045810331186,4.443045775610487e-05,3.08507050716412e-05,0.0005368073252202036,1.861060055162422e-07,0.0019063720466018224,0.00023008609494410396,5.923428375453328e-09
64,0.0004380100568117098,3.3388105697154675e-05,0.00018076457534922728,0.320098122797833,0.0025079789082666543,1.5681910034462063e-06,2.3234317238476992e-05,2.3768699356335694e-05,6.732994590663168e-06,2.9363017378602006e-05,5.366525252862213e-05,7.820963659787361e-07,0.0006185367539205285,8.213390757396984e-05,2.7506257447487282e-08,4.088364567344963e-06,0.0003704803988284332,0.6724847428781484,4.469538162952344e-05,3.117909383415934e-05,0.0006688052348093519,1.7198805442543265e-07,0.0020558117466938164,0.00024194183383288793,5.899429766778367e-09
65,0.0003572085479530361,6.150584109804741e-05,0.0003081870481007734,0.33570669689297233,0.002803614614695907,1.330675989280766e-06,2.0404464199071126e-05,2.339207648644295e-05,1.511276390110808e-05,6.446642213543307e-05,4.0310103670469716e-05,1.1615136407352036e-06,0.0008398619023289081,0.0002302496968712408,2.8990321009066392e-08,5.611165767027246e-06,0.0002969216665766021,0.65616738927033,3.404094747764715e-05,6.235101127227248e-05,0.0005656345058505037,2.0964019849997842e-07,0.0019734143379116645,0.00042088366086129395,1.2239390640749716e-08
66,0.00049420300102432,3.0952666679382684e-05,0.00018814596915016154,0.3271366543228246,0.002386268558502877,1.3788920448787596e-06,2.1984120360839332e-05,2.3727429714450277e-05,6.334671751956401e-06,2.6231552590836184e-05,5.4038743330871404e-05,8.169978960484153e-07,0.0007512915912447019,7.592236485487295e-05,2.5158102276183585e-08,3.7198338277690296e-06,0.00030707943593809853,0.6661797006744122,3.40589206736498e-05,3.491674513118653e-05,0.0004941734141694727,1.73175867486514e-07,0.0015374161690846911,0.00021078073956688919,4.8512556120274025e-09
67,0.00039322895272049844,1.959630008592458e-05,0.0002637497414855281,0.2481305266118905,0.0017219565816980447,1.1824767183295934e-06,1.4784295909668648e-05,1.4947088734565901e-05,3.370230040861321e-06,2.5327967003140444e-05,3.2371342253366875e-05,3.576591628453288e-07,0.0005480760247691775,5.719680806795404e-05,1.790873629383558e-08,5.220975319055844e-06,0.000487019708182286,0.7441684207548459,2.3958306405871206e-05,5.13041001768358e-05,0.0007074121445790102,7.166361931471863e-08,0.003066934044286672,0.0002629644578628366,3.855445728565493e-09
68,0.0005484664038289582,2.9257348604750282e-05,9.373347048190439e-05,0.32633597146131504,0.0013337978783547523,1.1678986789822668e-06,1.7677785705778688e-05,3.4526445905729354e-05,2.2710027406103615e-06,1.6588243682355616e-05,6.103230170122348e-05,5.684879036224567e-07,0.0005698725955494421,2.978126157965449e-05,1.9077057063756945e-08,2.8511115447568977e-06,0.0003748359777498932,0.6686870379365227,7.045077641405289e-05,1.1310137732062858e-05,0.000615637760499488,2.0601795022365713e-07,0.0010777776904993632,8.515872476020618e-05,2.203237454085674e-09
69,0.0003849231510272726,2.8441192173596783e-05,0.00021059603809337705,0.27320259580707784,0.0021044459161784963,1.5631915090383273e-06,2.257959486787992e-05,2.424697358926595e-05,7.629494110708923e-06,3.327015040856374e-05,4.4016513982435775e-05,7.547131986895961e-07,0.0005990240447571659,9.874132212036231e-05,2.525236220363885e-08,4.681790860214561e-06,0.00031109147185941265,0.719911110178191,3.460317769465897e-05,4.0894838906988064e-05,0.0006150623018613384,1.479459228922644e-07,0.0020775081075482178,0.0002420405402333326,6.291464975624065e-09
70,0.0003675146476806669,3.254002969120048e-05,0.00017391718744636187,0.19985418651518852,0.0014972939256553126,1.3290204260792606e-06,1.669971900997527e-05,2.395610741570872e-05,4.5703137491435584e-06,3.576944021884774e-05,5.070131918277326e-05,6.96931178403621e-07,0.0005747113781332192,7.68364254894432e-05,2.0110839429907885e-08,5.421066921410436e-06,0.0004054005527938161,0.7938708741287371,6.192961839426252e-05,2.8354723611819027e-05,0.0009207358757776471,1.7884124007384402e-07,0.0017557209982556306,0.00024063488627980412,6.236683346481177e-09
71,0.00025585175960471336,4.001380304644938e-05,0.00024071375033157187,0.2642933249451824,0.003865043793047324,1.5602056129860822e-06,3.131342089981604e-05,2.1466289612083875e-05,1.6033714434666612e-05,4.7686875701026955e-05,4.136235191219353e-05,7.640530414241328e-07,0.0006353287561091488,0.00019761195365300229,2.9311724221004034e-08,5.422651266715798e-06,0.0002836501443504256,0.7257386069731735,4.101927990364797e-05,6.679053581830311e-05,0.0009676579707092077,1.5276775943812158e-07,0.002785559437648667,0.0004230242719706742,1.0983486407554883e-08
