,0,1,2,3,4,5,6,7,8,9,10,11,12,13,14,15,16,17,18,19,20,21,22,23,24
0,8.593591195757104e-06,3.8694912784836807e-11,1.7919925839984996e-06,0.9010729067512624,2.0137021817799727e-09,1.896599914621891e-06,2.311248982245102e-06,3.298396081554516e-05,2.0688485610824196e-06,0.0001325471838608282,8.177107980379844e-06,3.284344161552233e-07,0.0002718023815588057,0.00019634715980863622,4.174416625728789e-10,0.0023625915443378875,0.0888983835769333,0.006888612799927859,2.470118652265423e-10,1.9533045759537915e-06,8.581891358586349e-08,2.0328670269025222e-07,1.2076625638222311e-06,0.00011520221945272682,1.8088011107655674e-09
1,1.0517947056596089e-05,4.840024400160905e-11,2.0251707598189356e-06,0.9001936087843175,2.7869154992388366e-09,3.424597097669536e-06,3.6403644085358152e-06,4.554975202881086e-05,4.1748319124461636e-06,0.0002742533803931314,8.083575919265225e-06,2.8904657759991186e-07,0.0002760287138356702,0.0002210804437438735,6.831998127267552e-10,0.004504376787866512,0.08777855427306128,0.00649689580298112,4.588885212009048e-10,3.777016318229943e-06,9.719374023157328e-08,2.9123935940647577e-07,1.7310536225850695e-06,0.0001715932660085492,2.781587106029528e-09
2,1.1466604735935048e-05,4.8275800983723606e-11,2.469340804511216e-06,0.9071782444775701,3.2781661495567396e-09,3.429946654703275e-06,4.0266865319595844e-06,5.257255714022613e-05,4.115983507423875e-06,0.00032879301147508945,8.770054446845516e-06,3.089033189201542e-07,0.0002723750198943005,0.00029096952522510616,8.564344438494951e-10,0.003787298620763202,0.08008932445659402,0.007751508231371647,5.625724155556684e-10,6.1593538016709995e-06,1.3900425433208119e-07,4.333028240529702e-07,2.328892628327906e-06,0.00020525738088957742,3.900119212157827e-09
3,1.030619787973727e-05,4.895214544416689e-11,2.0917911720836472e-06,0.8984433296115701,2.651037048594489e-09,3.085021840072816e-06,3.3805844839799705e-06,4.104482603585769e-05,3.086557471295678e-06,0.00022853170138049714,8.901536612553746e-06,3.420322615003916e-07,0.00028794807692118817,0.00024675713870312007,6.410478909134445e-10,0.0034996778846439467,0.08958211630463006,0.007475729786638671,4.1052780742935447e-10,3.565222971286308e-06,1.1661589461330558e-07,3.022594336592326e-07,1.7887690158550512e-06,0.0001578914495679308,2.879306951015163e-09
4,9.734892655868943e-06,5.344668474130034e-11,2.120255165809488e-06,0.8926219909785834,2.748320919414379e-09,3.0948459788527815e-06,3.4383095633643472e-06,4.108301282165045e-05,2.9045329849242405e-06,0.00021073360912431767,9.267662929696152e-06,3.924009266795721e-07,0.0003319758640006701,0.0002579062418254262,6.093216568737628e-10,0.003426645574665225,0.09528072829523201,0.007654036433977708,4.1220428752840136e-10,3.403380858963547e-06,1.1671068452669141e-07,3.124637871384847e-07,1.7373120293385817e-06,0.00013837058466227017,2.8142486141867545e-09
5,4.777806045872169e-06,1.2185129266326354e-08,1.6583402499270005e-05,0.45297148351433625,3.685452042843355e-08,0.00031548546318849635,2.7257663934797477e-05,0.0009566388396108492,1.4331773642062011e-05,0.00018865266163918505,0.00015391605688661825,5.7111478576908914e-06,0.022713857621335043,0.00022229766092445865,7.255662004805697e-08,0.04419260757887587,0.4780537110929687,0.00012969720892737314,1.3414337590927234e-07,2.7253030694399925e-06,1.1210317786130943e-06,6.787477831356876e-06,6.4966321217805075e-06,1.5603684440553038e-05,6.384398962347214e-10
6,1.030619787973727e-05,4.895214544416689e-11,2.0917911720836472e-06,0.8984433296115701,2.651037048594489e-09,3.085021840072816e-06,3.3805844839799705e-06,4.104482603585769e-05,3.086557471295678e-06,0.00022853170138049714,8.901536612553746e-06,3.420322615003916e-07,0.00028794807692118817,0.00024675713870312007,6.410478909134445e-10,0.0034996778846439467,0.08958211630463006,0.007475729786638671,4.1052780742935447e-10,3.565222971286308e-06,1.1661589461330558e-07,3.022594336592326e-07,1.7887690158550512e-06,0.0001578914495679308,2.879306951015163e-09
7,1.082834071814992e-05,5.474280714680372e-11,2.5517280468630893e-06,0.9042582190820503,2.667912612012598e-09,2.746025864223535e-06,3.064742790065477e-06,4.6166548946136375e-05,2.5682354590927774e-06,0.00018189669374171202,9.523958649828347e-06,3.3962111025360714e-07,0.00036580029510097025,0.0001992964117612167,5.757376889118929e-10,0.002931388761716961,0.08542998706571096,0.006419436401668167,4.400085203569995e-10,2.7710642526322385e-06,1.0928532266570755e-07,2.674471313647884e-07,1.3744399088939773e-06,0.000131658090781559,2.0208665069981027e-09
8,9.016080135910072e-06,3.109965227267365e-11,1.950766594224904e-06,0.9309800526825258,2.315891938008686e-09,2.233140311445506e-06,2.532863771923103e-06,3.0111013794730783e-05,3.207802784064289e-06,0.0002492068597874572,7.610293837978852e-06,1.8038107822864926e-07,0.00015300924169665302,0.0002490301445852391,7.104633402869727e-10,0.002482765600154541,0.05946847055751669,0.006097894162041581,2.7231875730248193e-10,3.4591096295737045e-06,9.928539473415029e-08,2.629665950366623e-07,1.8036067119528387e-06,0.0002570969426696539,3.168608767572258e-09
9,1.0941914610537296e-05,6.351957037025218e-11,2.051608944971271e-06,0.8801018191419523,2.915313627538339e-09,3.5775606350479796e-06,4.277982768123902e-06,4.429127119928201e-05,2.9858920597602254e-06,0.0002187779295834998,9.694084222356278e-06,5.091891949984415e-07,0.00037344747695834397,0.00025837699064037496,6.415481500522138e-10,0.004143587416359801,0.10555280404574607,0.00914116133689574,4.773246392527134e-10,3.5693797857451378e-06,1.3293480213477002e-07,3.2081363767157974e-07,1.7915869583944675e-06,0.00012587417521974764,3.1701192211265427e-09
10,1.030619787973727e-05,4.895214544416689e-11,2.0917911720836472e-06,0.8984433296115701,2.651037048594489e-09,3.085021840072816e-06,3.3805844839799705e-06,4.104482603585769e-05,3.086557471295678e-06,0.00022853170138049714,8.901536612553746e-06,3.420322615003916e-07,0.00028794807692118817,0.00024675713870312007,6.410478909134445e-10,0.0034996778846439467,0.08958211630463006,0.007475729786638671,4.1052780742935447e-10,3.565222971286308e-06,1.1661589461330558e-07,3.022594336592326e-07,1.7887690158550512e-06,0.0001578914495679308,2.879306951015163e-09
11,1.0096611424043475e-05,5.129635354502781e-11,2.1203015770297465e-06,0.8964609400841288,2.6860711082224023e-09,3.1063403191944606e-06,3.4296496535253537e-06,4.2503669255654946e-05,3.01756663526155e-06,0.00021845735391516898,9.059547178743271e-06,3.560598265347041e-07,0.00031187810073984504,0.00024225848010586646,6.374958440883673e-10,0.0035210499011826247,0.0917766041697261,0.007242191311915487,4.2384511182871164e-10,3.4253461858888274e-06,1.15093627701873e-07,3.030565085259991e-07,1.742405097272592e-06,0.00014733840721700586,2.7450713396201513e-09
12,1.207556460609648e-05,8.481438517100263e-11,2.3819859792166273e-06,0.8802071435987436,5.5185696165777175e-09,4.9126459374167236e-06,4.415731335651168e-06,2.5619721347578746e-05,2.945753133994972e-06,0.00023721300383460706,1.0585678346091009e-05,7.937735133224401e-07,0.00030794016324549696,0.0005330920555716754,6.468717104324896e-10,0.003486595006402788,0.09555175320887338,0.01944509599163848,3.847681100375767e-10,7.148380279567218e-06,2.025615479117645e-07,3.147613157429011e-07,3.219450851972959e-06,0.00015653605841338194,8.27005800436202e-09
13,8.415149106038302e-06,4.67302400667552e-11,1.994666259043882e-06,0.8994469574140035,2.4980832765981017e-09,2.5165443777604957e-06,2.7655783000593714e-06,3.521888603892422e-05,2.3000092264759607e-06,0.00015928307607519386,1.0493651904235667e-05,3.59584892308795e-07,0.00031576685741384173,0.00023191946303713557,5.907049661344619e-10,0.0028360287132640815,0.09046256733364472,0.00635105899472409,3.3632295195960684e-10,2.460538275193633e-06,1.0473255420931464e-07,2.72408016106436e-07,1.5455232651189186e-06,0.00012796530219958812,2.1015810627541664e-09
14,1.2699370126204284e-05,8.358534651154092e-11,2.560066327901468e-06,0.8825122718033425,3.745077187297882e-09,4.55756621014228e-06,4.530650545844766e-06,4.8776473832539816e-05,2.660183752922587e-06,0.00022046713106899955,1.2294586525378876e-05,5.942545662271741e-07,0.0004689636610251979,0.0002607078499176762,7.612699622571985e-10,0.004896816478695061,0.10255893094138284,0.008867018547580943,6.759847934853253e-10,3.6833158594898468e-06,1.551401102976592e-07,3.337119108966886e-07,1.887605648644371e-06,0.00012008253326363294,2.8623893380378685e-09
15,1.030619787973727e-05,4.895214544416689e-11,2.0917911720836472e-06,0.8984433296115701,2.651037048594489e-09,3.085021840072816e-06,3.3805844839799705e-06,4.104482603585769e-05,3.086557471295678e-06,0.00022853170138049714,8.901536612553746e-06,3.420322615003916e-07,0.00028794807692118817,0.00024675713870312007,6.410478909134445e-10,0.0034996778846439467,0.08958211630463006,0.007475729786638671,4.1052780742935447e-10,3.565222971286308e-06,1.1661589461330558e-07,3.022594336592326e-07,1.7887690158550512e-06,0.0001578914495679308,2.879306951015163e-09
16,1.042080919442959e-05,4.517138523658086e-11,1.8244265660159713e-06,0.9025260104995362,2.8867230117905876e-09,2.550859977634856e-06,3.7163627188399515e-06,3.075749752807994e-05,2.3656063868507607e-06,0.0002865987599279154,8.995794880296282e-06,4.561778479421541e-07,0.00023684873358737027,0.0003431593317322572,5.644800776272739e-10,0.003485654007929566,0.0805062280124703,0.012395438712831046,3.4661687548027417e-10,4.023368446128324e-06,1.7412751411238726e-07,3.2853725999338506e-07,1.8225105100642325e-06,0.00015261768444888073,4.3357146864273185e-09
17,1.2795574388501696e-05,5.830711883156447e-11,2.2159533294472207e-06,0.8628566847356922,2.7543555625223426e-09,2.613400295841187e-06,3.7436285236195316e-06,4.534340088331574e-05,2.3521261394151062e-06,0.0002125615032670076,9.750739540125141e-06,6.446317496704914e-07,0.00038631517717124125,0.0003589196893258544,5.118089773998619e-10,0.0029984005134257243,0.11883881358140995,0.014135198266578367,4.628635164133291e-10,4.403939003221474e-06,1.6136924613789626e-07,4.3423851281223165e-07,2.1545705449565306e-06,0.000126484850558144,4.32307896362439e-09
18,1.5593559529560693e-05,7.466337748878298e-11,2.059612536330705e-06,0.8230580293655981,2.7582970354825623e-09,3.6063407257393818e-06,4.9162755829482885e-06,4.7316276190411937e-05,4.030605827776455e-06,0.0003365999013456698,9.813248529380448e-06,6.971768154181984e-07,0.00037821831753462353,0.0004419563211993345,6.375084435776993e-10,0.004070568302949953,0.154719554455009,0.016726914445182383,5.649230428436947e-10,5.55386552150147e-06,1.529535130263199e-07,5.762416627459253e-07,2.558959554769502e-06,0.00017127264857572273,7.091223539357794e-09
19,8.500983995105805e-06,4.5669700693364616e-11,2.2188169829426225e-06,0.912064249276765,2.743089212066672e-09,2.531408199527291e-06,3.060955797925103e-06,4.200969633593908e-05,2.5507963149256026e-06,0.00018476568302334563,8.579312367250083e-06,3.3781900020158274e-07,0.00030614489575374635,0.0002202128462890073,5.816530060995634e-10,0.0028992339961088644,0.07773183465456543,0.0063899666558000995,3.7623823343890776e-10,3.0864174322610517e-06,1.1215839625256141e-07,2.819552113114713e-07,1.4341952943088336e-06,0.00012888155999555775,2.169721047606696e-09
20,1.4664548596043419e-05,4.894032193011205e-11,1.8412808872388388e-06,0.8712338669932685,2.527251246263469e-09,3.40518005202951e-06,2.7334468188798764e-06,2.7352269663173026e-05,3.3049737120211738e-06,0.00023874610964789848,7.447517766035962e-06,3.737454453220081e-07,0.00027286342162536546,0.00026755431467833225,3.2588734437241467e-10,0.004015917704979623,0.11090900911161203,0.01283602616211798,3.063203909926849e-10,3.345927386787626e-06,7.99585728975847e-08,1.8965904832571538e-07,1.6140733007711319e-06,0.0001596569496341141,3.4427870867752326e-09
21,1.1692955471825241e-05,5.287776244435743e-11,2.167052662788389e-06,0.9032315000076103,3.1359940275697405e-09,2.8997819478159015e-06,3.3260723418900543e-06,3.642744693583544e-05,2.937975869584292e-06,0.00026333012363782815,9.773899797012786e-06,3.955321782557031e-07,0.0002664059298477433,0.0002796539896113011,6.412925525378685e-10,0.0035152175298645725,0.0830976645019615,0.009102346176803597,4.2522378997041515e-10,3.7481844580477728e-06,1.4183266067971258e-07,3.158006587376187e-07,1.776145832958789e-06,0.00016827140040256245,3.404057018083791e-09
22,1.041743707057997e-05,4.080013693408056e-11,1.9853076398218534e-06,0.8976156243701642,2.2749716203565887e-09,2.4613948785983467e-06,2.6773490022676733e-06,3.567558118140176e-05,2.6164021884306438e-06,0.0002272995275906538,8.959495617223924e-06,3.14370557049603e-07,0.0002568522927103171,0.0002303853629689509,5.128057143020568e-10,0.0031069908762684922,0.09086405764728597,0.007473838743425227,3.525534460759222e-10,2.972654159377742e-06,1.1358974773681257e-07,2.7472902251670066e-07,1.5015156299609254e-06,0.00015497578285234045,2.3889077553837558e-09
23,1.030619787973727e-05,4.895214544416689e-11,2.0917911720836472e-06,0.8984433296115701,2.651037048594489e-09,3.085021840072816e-06,3.3805844839799705e-06,4.104482603585769e-05,3.086557471295678e-06,0.00022853170138049714,8.901536612553746e-06,3.420322615003916e-07,0.00028794807692118817,0.00024675713870312007,6.410478909134445e-10,0.0034996778846439467,0.08958211630463006,0.007475729786638671,4.1052780742935447e-10,3.565222971286308e-06,1.1661589461330558e-07,3.022594336592326e-07,1.7887690158550512e-06,0.0001578914495679308,2.879306951015163e-09
24,2.2006382261649755e-05,7.527715961432003e-11,3.0219596027520897e-06,0.8584496020025026,2.469493554620828e-09,4.680366657845234e-06,4.910879238580154e-06,6.38283184245812e-05,5.671817814430357e-06,0.0004135492363592256,1.1627504386777774e-05,3.6398458146257534e-07,0.00030778834217530234,0.0002547076341532495,1.1542626377475596e-09,0.004021596832404228,0.12701299995489326,0.00909610770720699,8.480142927767049e-10,5.812557995170152e-06,1.7763010786197022e-07,5.4161252814197e-07,2.6848074760140422e-06,0.000318310778198518,5.1439835624029894e-09
25,1.2095002204708907e-05,7.116334713206891e-11,2.257850778291705e-06,0.8720602319335284,3.133357700943894e-09,4.962324888890399e-06,3.7915404960856337e-06,3.2962915084516057e-05,4.864212906446019e-06,0.0003261271195652461,9.552910282949893e-06,4.1702923880518757e-07,0.00026829442986470024,0.0003614213145369279,7.728206393540513e-10,0.004079380682796255,0.11280594323707749,0.009781407845138037,4.3744031628307645e-10,4.830514337226734e-06,1.259219431599223e-07,3.7399056178180977e-07,2.414432754621251e-06,0.00023853501718503213,5.36004841551873e-09
26,1.2472256690888406e-05,4.2754832634124256e-11,2.0639852048568883e-06,0.9059446165460073,2.3019745165483733e-09,2.882640828924363e-06,2.4267420911846196e-06,3.767411200350258e-05,4.125905064771983e-06,0.00018835162085756367,8.204467434657783e-06,2.154708721753932e-07,0.00020399253243529147,0.00018949955493287123,6.61488628349535e-10,0.0027136421267195433,0.08475796224735743,0.005684066153065276,3.439162751470997e-10,3.134076522379534e-06,8.51817971599794e-08,2.2587562914237214e-07,2.0415724729416687e-06,0.0002423108624977495,2.719380193420853e-09
27,9.607740505909295e-06,4.812668138673317e-11,2.090325999074256e-06,0.9008166107748156,2.7692510932317527e-09,3.3947610230216966e-06,3.890421907243993e-06,4.659224231131366e-05,4.139965212898037e-06,0.000285857884545449,8.838275109154445e-06,3.0503372974227154e-07,0.0002675396083052306,0.00026507858613547503,8.529833827390104e-10,0.0038352173260863868,0.08773795693857864,0.006511437790700156,4.735672278058514e-10,4.5250469765396905e-06,1.1847062511745421e-07,3.9328323920164226e-07,2.08866803261237e-06,0.00019430931842962364,3.3938031700809664e-09
28,1.030619787973727e-05,4.895214544416689e-11,2.0917911720836472e-06,0.8984433296115701,2.651037048594489e-09,3.085021840072816e-06,3.3805844839799705e-06,4.104482603585769e-05,3.086557471295678e-06,0.00022853170138049714,8.901536612553746e-06,3.420322615003916e-07,0.00028794807692118817,0.00024675713870312007,6.410478909134445e-10,0.0034996778846439467,0.08958211630463006,0.007475729786638671,4.1052780742935447e-10,3.565222971286308e-06,1.1661589461330558e-07,3.022594336592326e-07,1.7887690158550512e-06,0.0001578914495679308,2.879306951015163e-09
29,1.030619787973727e-05,4.895214544416689e-11,2.0917911720836472e-06,0.8984433296115701,2.651037048594489e-09,3.085021840072816e-06,3.3805844839799705e-06,4.104482603585769e-05,3.086557471295678e-06,0.00022853170138049714,8.901536612553746e-06,3.420322615003916e-07,0.00028794807692118817,0.00024675713870312007,6.410478909134445e-10,0.0034996778846439467,0.08958211630463006,0.007475729786638671,4.1052780742935447e-10,3.565222971286308e-06,1.1661589461330558e-07,3.022594336592326e-07,1.7887690158550512e-06,0.0001578914495679308,2.879306951015163e-09
30,1.030619787973727e-05,4.895214544416689e-11,2.0917911720836472e-06,0.8984433296115701,2.651037048594489e-09,3.085021840072816e-06,3.3805844839799705e-06,4.104482603585769e-05,3.086557471295678e-06,0.00022853170138049714,8.901536612553746e-06,3.420322615003916e-07,0.00028794807692118817,0.00024675713870312007,6.410478909134445e-10,0.0034996778846439467,0.08958211630463006,0.007475729786638671,4.1052780742935447e-10,3.565222971286308e-06,1.1661589461330558e-07,3.022594336592326e-07,1.7887690158550512e-06,0.0001578914495679308,2.879306951015163e-09
31,1.4428581769726626e-05,5.368467221488112e-11,2.7147846900064074e-06,0.8944688564182283,2.8154335496450646e-09,2.654358766070415e-06,3.435673629182836e-06,5.584323214914606e-05,2.7715884034602458e-06,0.00020621193150666638,8.505378376090368e-06,3.9085192726493733e-07,0.0003512730360989166,0.00023187304302861114,5.700927795652079e-10,0.0030086699388380115,0.09199467725271408,0.009492928712659544,5.155185750817798e-10,4.07581341269584e-06,1.306294149833577e-07,3.174159920795919e-07,1.8126120775435795e-06,0.00014842167754366216,3.114044380520583e-09
32,1.0996774994380868e-05,5.3695552872887916e-11,2.2511252802942395e-06,0.8947555389716432,2.89527058593972e-09,3.355598174138647e-06,3.719609002928663e-06,4.5878112400733866e-05,3.2040534382284857e-06,0.00024125181773387687,9.470810019792034e-06,3.748576552592767e-07,0.0003149973231846008,0.0002568556835046025,7.137022319620436e-10,0.0037939834137853032,0.09265263370144382,0.0077401501283298904,4.898774948203597e-10,3.985639885410304e-06,1.2678420923172484e-07,3.414155765371842e-07,1.933339336509452e-06,0.0001589436093659804,3.0784893456552268e-09
33,1.3903892832202375e-05,5.008023098837189e-11,3.93543767613512e-06,0.977118346150058,8.951788852783623e-09,3.9573332301021994e-06,3.0397987131003836e-06,2.8441587908826196e-05,4.9103007116472255e-06,0.0002941338303143203,9.525753186099772e-06,9.809741458106684e-08,5.7096202383053055e-05,0.00016834797760956652,3.200076565631142e-09,0.002339828121605023,0.015699932950533603,0.0035720668513942433,4.74263204829263e-10,7.0058786240269285e-06,3.191596986554295e-07,1.6776233519047485e-07,4.112134926947641e-06,0.0006708118119087097,6.290727142147289e-09
34,2.099473660820929e-05,7.770094272603842e-11,3.4446796859633155e-06,0.8868013038165448,3.6911970268518193e-09,2.9619331223338378e-06,3.336478687909839e-06,5.672182695970859e-05,4.163734862342334e-06,0.0002595496735689889,1.3302795704331591e-05,3.958295908821696e-07,0.00036490240157035337,0.00027299113986467,8.807778988841344e-10,0.0029060447571696356,0.10028530394350846,0.008761496855702858,7.621286943214154e-10,4.0743687356003466e-06,1.3123168109642594e-07,4.6558605713261213e-07,2.1675599053493e-06,0.00023623727579960368,3.962865444089405e-09
35,3.507306343615002e-06,3.394300437265668e-11,1.9359227927593583e-06,0.9345664294300919,2.9651239925548644e-09,4.229212208696447e-06,3.0898651309461762e-06,2.242650229222601e-05,2.0181773483574653e-06,0.0001710992765489951,1.0400488918814075e-05,2.2955415778872344e-07,0.0002146045944746883,0.0003016229411682781,1.0665739817235697e-09,0.0031096696541669617,0.05775727303043479,0.003659198750667764,2.6560091179780475e-10,3.6867344591758025e-06,1.2666234100053217e-07,2.7493879921879087e-07,2.350748055126124e-06,0.00016581956809005123,2.310267044789028e-09
36,1.0409128433319e-05,4.9147152003185146e-11,2.130799961041725e-06,0.9004401608708402,2.6983223592034698e-09,3.070948258074421e-06,3.362443412936602e-06,4.041214526865685e-05,3.0580782485632175e-06,0.00022930612044645687,8.98189932910569e-06,3.3978587203915045e-07,0.00028415846618334585,0.00024769584551744174,6.461838355649953e-10,0.0034415325476185796,0.08759707450403699,0.007521823011117456,4.102450907024619e-10,3.578648548576516e-06,1.1834879074424283e-07,3.0013003426590947e-07,1.7851005237908492e-06,0.0001606944643850422,2.9092749193475595e-09
37,8.086466095634116e-06,9.369210529322085e-11,2.1308404491447254e-06,0.8506008718939513,3.7155719259363544e-09,6.6457327421571536e-06,6.275796164358879e-06,7.477693745350216e-05,4.373944491200677e-06,0.0002870303174142846,9.340718550291865e-06,6.864054253929478e-07,0.0005882901950105419,0.000285266904199427,9.33281897072532e-10,0.00724666299826059,0.13400490624777892,0.006770547783851743,7.924558893428507e-10,5.545392986140308e-06,1.7311660540118696e-07,5.072413031463904e-07,2.341804852392497e-06,9.553050386715961e-05,3.2235455504005497e-09
38,9.71272911199086e-06,5.404745128765259e-11,1.90850518560264e-06,0.8834142576965397,2.6208650850963696e-09,4.734990642597586e-06,4.9764364691263404e-06,5.065802675860066e-05,3.003889038425496e-06,0.00023241164123257482,9.582359092208135e-06,3.8849526383164134e-07,0.0003581216706298404,0.0002359393953416566,8.419171824282646e-10,0.005588763312592959,0.10298842875537247,0.0069541761127910155,5.654736704779366e-10,4.0973764088723075e-06,1.333773575437379e-07,3.175089633768868e-07,2.3140985322454e-06,0.00013606664783053125,2.8925415579176493e-09
39,9.220820425693333e-06,4.693914495072771e-11,1.959251340642667e-06,0.8954177674193108,2.6059489030950002e-09,3.467806093391456e-06,4.302970726017876e-06,5.349554498038302e-05,2.6880165733188814e-06,0.0002081960893743045,8.406681766337684e-06,3.7490173997577455e-07,0.0003205349805344341,0.00023716080886983582,7.932378732728594e-10,0.004185632144564623,0.09237441406135927,0.007033203589771703,5.021802374819708e-10,4.183624783741453e-06,1.4593775636120837e-07,3.351743903470979e-07,2.29454380967585e-06,0.0001322085533931193,3.130129803978983e-09
40,1.1122766951501268e-05,8.216036805996002e-11,3.457018095206351e-06,0.8993351777473617,4.966732926648322e-09,4.14664775140076e-06,3.6419356151767054e-06,3.691426409901275e-05,2.9366694134122993e-06,0.00024945471714036454,1.305946221128706e-05,5.713129846613925e-07,0.00035123625642703547,0.00039098072064272114,9.276926027139829e-10,0.0032284350106939236,0.08640330937876492,0.009780663692233568,5.591511355096314e-10,5.035875577343426e-06,1.8139205016516802e-07,4.420323093147051e-07,2.1825986308896577e-06,0.00017703972681211124,4.2384969942222775e-09
41,8.310606463459926e-06,4.748315688509204e-11,1.9588924423807548e-06,0.9116257922910609,2.6083004491587523e-09,3.146938247306215e-06,2.9289965727421945e-06,3.889301667855285e-05,3.2654093391976257e-06,0.00019704814085515338,7.738531998011868e-06,2.703952820916849e-07,0.0002746564677676398,0.0001956844153155852,5.886851166790083e-10,0.0035092186374602215,0.07868431083608429,0.005300937819790092,3.359025671163392e-10,2.8044769123513168e-06,9.098406073729624e-08,2.1873478817857615e-07,1.4472448731470374e-06,0.0001412715592171503,2.024419585204808e-09
42,1.0724625643228991e-05,4.2851957797027764e-11,1.59586165047454e-06,0.9056050340692641,2.3543405138459464e-09,3.026067255826545e-06,2.6872093522014997e-06,1.6914650760851593e-05,2.907742699532324e-06,0.00018946260410214916,7.82137478718696e-06,2.733421459587149e-07,0.00018100530316868225,0.0002870449530601508,4.261583881975841e-10,0.002674709828324838,0.0796721078386598,0.01114032794210876,1.7497166236208578e-10,2.642373597933914e-06,7.295288732762573e-08,1.4410790412330211e-07,1.6319552678280582e-06,0.0001998582221704809,3.9768659351638086e-09
43,1.104659861758851e-05,4.933557049741911e-11,2.2133367550824926e-06,0.90092582203769,2.9018900770801845e-09,3.3990321788769726e-06,3.71869752376614e-06,4.67538834899838e-05,4.089891201325666e-06,0.0003270728051787499,8.714895028992889e-06,3.041042751755064e-07,0.0002673747244661486,0.0002686724849927796,7.558299466514248e-10,0.003953262944532758,0.08674258083938141,0.00723413815783374,5.018948264350783e-10,4.759751580599875e-06,1.2626002088212575e-07,3.807368499141628e-07,1.975849019632449e-06,0.00019358536977887104,3.3906530866948733e-09
44,1.030619787973727e-05,4.895214544416689e-11,2.0917911720836472e-06,0.8984433296115701,2.651037048594489e-09,3.085021840072816e-06,3.3805844839799705e-06,4.104482603585769e-05,3.086557471295678e-06,0.00022853170138049714,8.901536612553746e-06,3.420322615003916e-07,0.00028794807692118817,0.00024675713870312007,6.410478909134445e-10,0.0034996778846439467,0.08958211630463006,0.007475729786638671,4.1052780742935447e-10,3.565222971286308e-06,1.1661589461330558e-07,3.022594336592326e-07,1.7887690158550512e-06,0.0001578914495679308,2.879306951015163e-09
45,1.5111305081752145e-05,6.76818823609425e-11,2.4572422597436204e-06,0.8651824867719615,3.302783217467387e-09,2.664180463253393e-06,2.7128891695502715e-06,2.8766116258881783e-05,3.0131680402228195e-06,0.0002649393236596853,1.0529636744503084e-05,6.065690875205379e-07,0.0003120315214437273,0.0004029004462461334,4.2290002764796413e-10,0.0026849782435854857,0.11537750809328856,0.015527479144605706,3.8050925985969556e-10,3.9171441123358e-06,1.4182684029457497e-07,3.736390730756004e-07,1.8113317151744328e-06,0.00017556230483166283,4.927656940966548e-09
46,1.1382530487434292e-05,5.5681298451704464e-11,2.623911306937419e-06,0.9107044371682123,3.6920530908740973e-09,3.204981630724916e-06,4.104131342867384e-06,4.2488971915895445e-05,3.325342588738374e-06,0.00029784644597931185,9.674730250989685e-06,3.8263669059549593e-07,0.0002888114529483113,0.00030798552307380664,7.803621752450989e-10,0.0036135083846595417,0.07530703293786785,0.009215962792011432,5.062299589760654e-10,4.906270392968427e-06,1.455582152426566e-07,3.792609316594751e-07,1.8806653999529343e-06,0.00017990738227283818,3.887493999172457e-09
47,2.691376978713678e-05,1.2246430657778798e-10,2.9708671267074747e-06,0.8104297888337305,3.6854866997488957e-09,4.272343047598375e-06,5.858413189869487e-06,8.608945502558618e-05,5.281067715679001e-06,0.00041179604391238753,1.2779765770650855e-05,9.06996802283807e-07,0.0005430954587035785,0.00033875861937103117,8.970982899509506e-10,0.0051207501916214525,0.167664501118104,0.015159556139610609,1.2540479666908568e-09,6.22854217833282e-06,2.1304448794991426e-07,7.812632531239505e-07,2.497277287107156e-06,0.00017694857985039138,6.250326634457124e-09
48,9.520498672860812e-06,3.601899005011591e-11,2.4258545391268337e-06,0.934769069741452,3.897356053438633e-09,1.9915078592433044e-06,2.6291615235916238e-06,2.3785968665475563e-05,2.6293162739193416e-06,0.00032458455833302515,8.861729165511835e-06,3.1846906109306415e-07,0.0001669991502143303,0.00037114716554887295,5.958325842673312e-10,0.002584728540672021,0.05073960190458872,0.010757423479965809,2.9540343173468497e-10,4.695803439353742e-06,1.5196000280243777e-07,3.339191215100871e-07,1.5920570419945891e-06,0.00022750009527163832,4.293975919908253e-09
49,9.837524804063754e-06,6.31640916806537e-11,2.5809605148397947e-06,0.8869667843327635,3.2516819030494653e-09,3.8122308946227443e-06,3.6311598007526183e-06,3.9729096172674186e-05,3.058146921540811e-06,0.000249606809881703,1.0528403638733831e-05,4.826603646997672e-07,0.0003481723071265373,0.0003206458068638901,7.180030437129821e-10,0.003465931266476581,0.09976056293006036,0.008649507722322331,4.760489551505378e-10,4.46096100186227e-06,1.491213724525509e-07,4.0710328806141423e-07,1.9597823186435742e-06,0.00015814374748997426,3.417024202562881e-09
50,1.5801824225148937e-05,5.160215961654039e-11,2.3162665255071963e-06,0.8958794554987685,3.2469464544789886e-09,2.893852700620292e-06,7.877979784028284e-06,8.015567133201852e-05,5.449362217612376e-06,0.0006258341773917318,7.987087670693538e-06,3.426964020238531e-07,0.00030156904856031686,0.0003421231637802253,9.851022304303817e-10,0.005032885267870245,0.08560229525073133,0.011876303209865371,8.707008469344184e-10,8.348371944324668e-06,1.6755479123049977e-07,7.302367680334469e-07,2.307908480150048e-06,0.00020514322473356333,7.191105594597869e-09
51,4.454269248439841e-05,1.3366065982471921e-10,4.228821482016507e-06,0.6433347021286114,8.282340563156403e-09,2.4107108150627337e-05,3.2786581946056645e-05,0.00013538332145655114,9.3411195798019e-06,0.001234841047273292,1.716450687867752e-05,1.8899791346818596e-06,0.000658016150805922,0.001400403214959078,3.971630497055036e-09,0.021832505941705722,0.26644569723843475,0.06425557320291014,6.15144844288905e-09,0.00011401759434455548,5.655508789883672e-07,3.536502499342951e-06,2.901981561552979e-05,0.00042157073311697947,8.820865117055547e-08
52,1.0090663751420172e-05,6.795610449525465e-11,2.297975325079145e-06,0.8865638283948583,2.987223472799814e-09,3.614534493949558e-06,4.115195708790279e-06,5.3439529673685305e-05,3.1590885200712277e-06,0.0002065446876728455,9.642100365444449e-06,4.6362995189969406e-07,0.0003744713047787651,0.00025780171702235164,8.053104925159285e-10,0.0035818544627187403,0.10165210764855168,0.007133619105607497,5.278181899618498e-10,3.8620079513647326e-06,1.5318947752748304e-07,3.7476378486186065e-07,2.1355125279027986e-06,0.00013641691758103623,3.1813687384426496e-09
53,9.972456483305974e-06,4.780783475493086e-11,2.0249774128276366e-06,0.8994339728630325,2.6178022017298535e-09,3.11457549459483e-06,3.5436777092628457e-06,4.152947627781066e-05,3.1284141040461234e-06,0.00022956941668736237,8.710157572382157e-06,3.3590701061218094e-07,0.0002847763524607549,0.0002464690628410623,6.573551081826602e-10,0.003587477080002631,0.08857312217954617,0.007409839043536271,4.0669159951826207e-10,3.633148505292239e-06,1.1528850155485784e-07,3.018877976056373e-07,1.8165526953582803e-06,0.00015654083082743803,2.921844555906453e-09
54,7.090859704232593e-06,2.444451125622548e-11,2.4306694947152e-06,0.9326603379133716,2.1339906674448584e-09,1.8703759574801574e-06,1.6242877125947787e-06,2.9768160450936937e-05,1.856145310896898e-06,0.00013590057110860423,9.041532922531173e-06,1.744862192144026e-07,0.00020563399518302959,0.0001823008449845873,5.231061654064162e-10,0.0017425030021506823,0.06056328012831854,0.004277199158508007,2.5303088450630166e-10,2.6436900979001154e-06,8.872951541269956e-08,2.1970583722592432e-07,1.4099110566944382e-06,0.00017462150634294028,1.3911802087691326e-09
55,1.542233528966088e-05,9.619696832575526e-11,2.1899873319948924e-06,0.8736399184900301,3.904502418786753e-09,3.0722215545298806e-06,4.579141241455618e-06,3.651940819011477e-05,3.357120012234719e-06,0.00021775470988460267,9.86734193020432e-06,8.658715514203569e-07,0.000352568414485781,0.00029053763857868873,5.709579705531062e-10,0.0037873096897948224,0.105538229245814,0.015961001951724358,4.3144311617165727e-10,3.219323361672528e-06,1.5332878629584778e-07,2.885833348432257e-07,1.5101214297888599e-06,0.00013162514348020584,4.9290928282449775e-09
56,1.0287916810280344e-05,5.28135826483261e-11,2.176695047295142e-06,0.8964977417511282,2.75821923812602e-09,3.130694168267676e-06,3.4451407012132516e-06,4.2014195016564056e-05,3.094005254316032e-06,0.00022409640284597876,9.166381537332649e-06,3.620572323870379e-07,0.00031297674689546233,0.00024931904805582133,6.415357661524673e-10,0.003474239517885622,0.09153261425281511,0.007478767659582895,4.238808006202657e-10,3.4973879890909604e-06,1.1589619161105817e-07,3.092372376300161e-07,1.735574808737617e-06,0.00015090271328824408,2.8490585698980323e-09
57,1.3239237115740943e-05,7.863789595899167e-11,3.108595435898802e-06,0.8654767601041,4.123488667363461e-09,3.950913055192311e-06,4.772512126743431e-06,6.429557716628607e-05,3.217643090501189e-06,0.00029428088314688153,1.2689066047216289e-05,7.264382153088206e-07,0.00047616350206263484,0.0003421631405742233,9.138597716816861e-10,0.004578191106079079,0.11825203086595201,0.010319044204431667,9.258193169287819e-10,5.968001194642009e-06,2.093390112167286e-07,6.611593281893299e-07,2.3777470788910257e-06,0.00014613984596355034,4.077018659371622e-09
58,1.0528031590301552e-05,4.7852512387060424e-11,2.1429532341862914e-06,0.9039326345380252,2.6377953077331956e-09,3.019827409932319e-06,3.2362417842954218e-06,3.92758005119405e-05,3.27410127896934e-06,0.000234519536780851,9.053351096916202e-06,3.0647224796371593e-07,0.0002638193296478472,0.00024062487077062996,6.805047326487379e-10,0.0033270300578460868,0.08473730950647931,0.007007486895028369,4.01276015431874e-10,3.482195314918574e-06,1.1252594109417787e-07,2.9776326199066375e-07,1.7795750811560197e-06,0.00018005975062001712,2.908619417501133e-09
59,1.007516681824956e-05,4.589127141176802e-11,2.198013060344595e-06,0.9084681810827596,2.658644129365278e-09,2.9629255358266157e-06,3.1097955193433505e-06,3.7281903294202536e-05,3.2448461578203517e-06,0.0002376784880100759,9.09246383068518e-06,2.8607037691885177e-07,0.00024722607638032613,0.00024426156083031997,6.981019862042197e-10,0.0031663395593777206,0.08063137215971493,0.006740419396160083,3.8515539435418117e-10,3.532843635561936e-06,1.1231164163045917e-07,2.960395336544159e-07,1.7780691044393426e-06,0.0001905445497246549,2.890740624638417e-09
60,1.030619787973727e-05,4.895214544416689e-11,2.0917911720836472e-06,0.8984433296115701,2.651037048594489e-09,3.085021840072816e-06,3.3805844839799705e-06,4.104482603585769e-05,3.086557471295678e-06,0.00022853170138049714,8.901536612553746e-06,3.420322615003916e-07,0.00028794807692118817,0.00024675713870312007,6.410478909134445e-10,0.0034996778846439467,0.08958211630463006,0.007475729786638671,4.1052780742935447e-10,3.565222971286308e-06,1.1661589461330558e-07,3.022594336592326e-07,1.7887690158550512e-06,0.0001578914495679308,2.879306951015163e-09
61,1.0300986838710635e-05,4.590712044046246e-11,2.235746461928458e-06,0.908275310039529,2.6418978391704086e-09,2.9213839708771634e-06,3.02387827218446e-06,3.8120318013315206e-05,3.070609566784356e-06,0.000228034229019209,9.08844577436952e-06,2.917999276453274e-07,0.0002551184387184973,0.00023845241819396814,6.711289073376629e-10,0.0031235725805986224,0.08080945423806911,0.006813112782438141,3.8760557076942933e-10,3.450774654743242e-06,1.1330386564603609e-07,2.890984307486239e-07,1.7387255588622704e-06,0.000182293707497348,2.7480609009662594e-09
62,1.030619787973727e-05,4.895214544416689e-11,2.0917911720836472e-06,0.8984433296115701,2.651037048594489e-09,3.085021840072816e-06,3.3805844839799705e-06,4.104482603585769e-05,3.086557471295678e-06,0.00022853170138049714,8.901536612553746e-06,3.420322615003916e-07,0.00028794807692118817,0.00024675713870312007,6.410478909134445e-10,0.0034996778846439467,0.08958211630463006,0.007475729786638671,4.1052780742935447e-10,3.565222971286308e-06,1.1661589461330558e-07,3.022594336592326e-07,1.7887690158550512e-06,0.0001578914495679308,2.879306951015163e-09
63,1.0538150097308563e-05,5.150514132468759e-11,2.129524289440224e-06,0.8973342852146938,2.697060990052752e-09,3.1136933292179075e-06,3.4137859606850562e-06,4.155589217472864e-05,3.1525794739729894e-06,0.00022955537108214976,9.042490949402174e-06,3.522143859905365e-07,0.0002946092511814349,0.0002470466936909414,6.489566716693832e-10,0.003481873121988718,0.09065738812999345,0.00751818267749415,4.186335919313051e-10,3.5275292115522137e-06,1.1797159221644901e-07,3.060282606341395e-07,1.7706732441724284e-06,0.00015803228238649408,2.9083632146262273e-09
64,1.059014264677834e-05,5.364582086269887e-11,2.280825582965266e-06,0.9063139304373877,3.0143832934019652e-09,3.026849428633033e-06,3.5164695224816156e-06,4.221180811321824e-05,2.9197268298068285e-06,0.00022945085731282218,9.49618484709455e-06,3.6843565471730704e-07,0.00028719222438752595,0.00024742752811089214,7.098529417463849e-10,0.0033326522583558547,0.08185960643127438,0.007491276691882735,4.4795759670833193e-10,3.6861186311732154e-06,1.4367838772770173e-07,3.1347981861427623e-07,1.8278489832894094e-06,0.00015807476837776608,3.008624139132065e-09
65,1.7365164503795288e-05,5.894633778459403e-11,1.953038757371327e-06,0.8484019739524944,2.910653614953378e-09,2.895763432244116e-06,3.788358122649588e-06,4.0468116855034864e-05,4.425205868169957e-06,0.0003454308141575787,8.716316563931152e-06,5.878055501900151e-07,0.00032378158705189845,0.0003502039775457139,4.293021874197857e-10,0.004328397859902471,0.12884576326732994,0.017143627054198807,4.663250849260082e-10,4.7969079727329565e-06,1.1287447287834503e-07,4.1107325915432734e-07,1.801370038075799e-06,0.00017349049478884978,5.131906749971542e-09
66,1.3835770617646283e-05,5.885570579132832e-11,2.052244069096542e-06,0.8734570823468195,2.247691891851563e-09,4.322332617891533e-06,5.209430809141899e-06,6.513376749918434e-05,4.367440420291191e-06,0.00020472008990786555,8.70864953525235e-06,3.3055523399379854e-07,0.00032742545905660605,0.0002265527080331564,9.71149721632498e-10,0.003845387271203442,0.11397794930058425,0.007659891592402778,5.693320396508834e-10,4.654241387003896e-06,1.0992882456209137e-07,3.4876362719727687e-07,2.8926254359836556e-06,0.0001890176529268972,3.981958866529051e-09
67,1.2282051240230309e-05,4.1235218722260155e-11,1.9801382496081252e-06,0.9372668708624274,2.959135660533423e-09,1.1707715468095424e-06,2.5887550749330284e-06,6.613999992110774e-05,3.617989307176309e-06,0.00017144325498205936,6.192893392602461e-06,2.155728587691474e-07,0.00025294331775851627,9.788106882104601e-05,4.27704093734824e-10,0.0029957898616220784,0.05440020284327242,0.004624703479521024,3.739611380078546e-10,1.5140302256978936e-06,6.912149922516101e-08,1.8517065487685452e-07,7.193278782576863e-07,9.3484455488784e-05,1.2322213825031981e-09
68,1.02524117600307e-05,4.845374774756071e-11,2.0842573448815813e-06,0.8969005569984255,2.6035733143582244e-09,3.0626463253717805e-06,3.4318329516415573e-06,4.066764465248977e-05,3.005272651938369e-06,0.00022593276863657976,8.750312783020895e-06,3.507964589739388e-07,0.00029489805641536406,0.00024984794266095514,6.104519077830356e-10,0.0034763458819938066,0.0907777537749256,0.007844515936949454,4.0001988946333215e-10,3.587017253523666e-06,1.1595068461768983e-07,2.99112011372325e-07,1.7615976389064452e-06,0.0001527732265895533,2.8983874587787938e-09
69,8.515258519656583e-06,3.5723732166506575e-11,1.5612493480475563e-06,0.9288691530833766,2.2878416400294713e-09,1.8839705906741556e-06,2.581725934979909e-06,3.414896376819054e-05,3.414212632256444e-06,0.00018911960569114483,6.083525314861088e-06,2.0188282241777764e-07,0.00018752646310505244,0.00015497075907794017,4.799067845464174e-10,0.003082427964174186,0.06198307981000185,0.005329599063497874,2.3130794129769803e-10,1.9165669327285063e-06,6.957107685891386e-08,1.6340444968146502e-07,1.0526811441901094e-06,0.00014252523186006284,1.9719004303521877e-09
70,4.124660095442159e-05,1.285435428871123e-10,4.73441966789803e-06,0.8628021429321266,4.123853159873319e-09,2.392973198890877e-06,5.00009637516789e-06,9.043180417861141e-05,2.9092562587850295e-06,0.00030529287794586984,2.0710996163830207e-05,9.220719784223183e-07,0.0004981567484008156,0.00028797877352978833,1.2557130226645727e-09,0.002738127046066787,0.11676200853858892,0.016209525455839487,1.5073594572496248e-09,4.354494089211818e-06,3.437564930545908e-07,8.442905188841202e-07,2.1272670612705476e-06,0.00022073686020433056,5.724889376641284e-09
71,8.586303367303936e-06,4.646644563115363e-11,2.1882087523325473e-06,0.8979959747693494,2.415753391503563e-09,3.371154486439761e-06,3.1650419901733303e-06,3.535397322896235e-05,2.7145811856826108e-06,0.00020586975705589038,9.179803930270277e-06,3.1520372073586846e-07,0.0002912416703716284,0.000257399197485462,6.299787471289532e-10,0.0030515966949789183,0.09115856384229784,0.006811466735446459,3.553672827210894e-10,3.44698075290515e-06,1.1324367173411462e-07,2.9026258515700345e-07,1.798051754002149e-06,0.0001573584341178961,2.641904962528054e-09
