,0,1,2,3,4,5,6,7,8,9,10,11,12,13,14,15,16,17,18,19,20,21,22,23,24
0,2.4118116403316748e-08,6.322059425740817e-05,4.83856821337565e-08,0.988574380253636,3.6458348569494135e-09,1.2717022550747887e-05,3.147650084733207e-08,8.250512643157615e-07,4.2735361258073625e-06,1.646985791528809e-05,4.109329710354491e-06,1.375708468848797e-05,1.9351087042749842e-08,0.010858758323970603,3.1340949399398056e-09,1.1436820447905813e-05,3.6562505474642896e-05,0.00019671226775533254,6.236365896102727e-08,1.7411930572863914e-05,1.8813331384016606e-05,9.170903094022784e-05,6.891855866928041e-05,8.188805534826734e-06,1.5432201264090604e-06
1,1.9565113355231887e-08,5.044940134818752e-05,4.13337347502673e-08,0.9909389891268942,1.4525882954077194e-09,6.816925322887726e-06,2.703366904448067e-08,4.1842314598482735e-07,2.2950897523488056e-06,2.0199498728004303e-05,1.6806821407774707e-06,1.0721209347084816e-05,8.063085374729152e-09,0.008643100833111554,1.333619633820017e-09,5.158491476322504e-06,1.4019541519425353e-05,0.00017744670022585803,2.526929531342506e-08,7.859268968196725e-06,1.127976692759554e-05,5.126719108577439e-05,5.225653024857493e-05,4.500010485995297e-06,1.4172581656593581e-06
2,1.9762263294300254e-08,5.8789708999297344e-05,3.484356550934673e-08,0.9881615020411346,2.015139665832607e-09,5.895954833055177e-06,2.9741727071749707e-08,4.1868017430054395e-07,2.214555172116024e-06,1.8786347152606872e-05,1.896081905316206e-06,1.1008556698282389e-05,7.664639125997595e-09,0.011394602079779945,1.637230057131104e-09,4.310460375615161e-06,1.643316261023965e-05,0.00018069262436338633,2.0971395893888533e-08,9.232053873884097e-06,1.0906601816341152e-05,5.4223274466954636e-05,6.34301881162977e-05,3.6820898271401457e-06,1.858902739902989e-06
3,1.5293908458604663e-08,4.337453119011591e-05,3.165199681820185e-08,0.9905397430510583,1.2511079125039541e-09,5.394481960876347e-06,2.305951511726622e-08,3.4423372490725896e-07,1.7356263984787182e-06,1.6109110707913436e-05,1.6641244693856012e-06,9.595669214023375e-06,6.2618688456825825e-09,0.009077942846975362,1.0308976610603845e-09,3.3741926689526235e-06,1.3654246143088428e-05,0.0001599692738182084,1.8410477732833855e-08,6.527936926375574e-06,1.033002991757507e-05,4.785424310133735e-05,5.721124877557263e-05,3.7568138794487147e-06,1.32137929768214e-06
4,1.5876516616372318e-08,4.358931238857994e-05,3.2639856768166696e-08,0.9906105105706967,1.2811730132746943e-09,5.413419342758875e-06,2.3695978516844098e-08,3.3719698543850747e-07,1.8748893725586697e-06,1.584558245094616e-05,1.6362743653419347e-06,1.0704039484558074e-05,7.3767523209521384e-09,0.008999032231343403,1.0632052272626506e-09,3.420083371363757e-06,1.4298285429205293e-05,0.0001622055952455815,1.9177963432510934e-08,6.708812005372704e-06,1.1053929267926086e-05,5.0136798853275335e-05,5.780972801752101e-05,3.931573780857073e-06,1.390566152295336e-06
5,2.67052394885179e-07,0.0025475098615906915,8.504667509796714e-07,0.8387892810894741,9.754296743286006e-07,0.00040156391658639003,1.4920685168521662e-06,6.53386206597086e-05,6.940017631155424e-05,9.223808464790309e-05,0.00040670748445147304,4.599139565585355e-05,8.319465249860385e-08,0.15465847425269527,5.791036813248952e-07,0.0003305182835753337,0.00024057607742742756,0.0001218418467100155,7.515330350398075e-06,0.00013966062319385392,4.494134279141835e-05,0.0007300135367763393,0.0012476627984235955,4.481957951235671e-05,1.1698383495532416e-05
6,1.5293908458604663e-08,4.337453119011591e-05,3.165199681820185e-08,0.9905397430510583,1.2511079125039541e-09,5.394481960876347e-06,2.305951511726622e-08,3.4423372490725896e-07,1.7356263984787182e-06,1.6109110707913436e-05,1.6641244693856012e-06,9.595669214023375e-06,6.2618688456825825e-09,0.009077942846975362,1.0308976610603845e-09,3.3741926689526235e-06,1.3654246143088428e-05,0.0001599692738182084,1.8410477732833855e-08,6.527936926375574e-06,1.033002991757507e-05,4.785424310133735e-05,5.721124877557263e-05,3.7568138794487147e-06,1.32137929768214e-06
7,1.4618269600737951e-08,4.2615761437577606e-05,3.044773878033871e-08,0.990447791580923,1.2301721956931394e-09,5.274283085789617e-06,2.2700133740567226e-08,3.412755111368905e-07,1.6978911777745032e-06,1.591094874927733e-05,1.6454077439651203e-06,9.519490659352854e-06,6.110686823217743e-09,0.009173009533275376,1.0299184831404124e-09,3.362952191351471e-06,1.3699178077943095e-05,0.0001583777284174861,1.7800249746801822e-08,6.512543797428311e-06,1.0366962729542991e-05,4.8365501345304554e-05,5.648290544048783e-05,3.6166111023881787e-06,1.3155071653810985e-06
8,1.6193819163209787e-08,4.4005376032348e-05,3.2667223781616294e-08,0.9900933142644668,1.3658410225819282e-09,5.861460130235254e-06,2.4719852298637796e-08,3.7943544478528584e-07,1.9624232662278815e-06,1.6453989371564513e-05,1.8621878888978285e-06,1.043883446282681e-05,6.9558623881307485e-09,0.009482618448726832,1.272986779292855e-09,3.846301118777682e-06,1.5909489966648288e-05,0.00018405566866924516,2.0899907748224088e-08,6.84891221832478e-06,1.1809080990025892e-05,5.8952530941362863e-05,5.6195531063248505e-05,3.9248682284016705e-06,1.4571215202183089e-06
9,2.4691251574985334e-08,5.6363219470572015e-05,4.00403223525531e-08,0.9871069344220011,2.3101212669255967e-09,8.392687707590643e-06,3.3015687384138665e-08,5.609349421007914e-07,2.8588442095884438e-06,1.8318305323979024e-05,2.9277984771497555e-06,1.2453416768361348e-05,9.39348632397476e-09,0.012315974937364945,2.1783755253358294e-09,5.219698419543592e-06,2.4635875354454764e-05,0.000258592404196527,3.461569318138394e-08,8.239622252219154e-06,1.4615271278687405e-05,8.816848589523166e-05,6.862991775566398e-05,4.9628373259556665e-06,2.005076318880638e-06
10,1.5293908458604663e-08,4.337453119011591e-05,3.165199681820185e-08,0.9905397430510583,1.2511079125039541e-09,5.394481960876347e-06,2.305951511726622e-08,3.4423372490725896e-07,1.7356263984787182e-06,1.6109110707913436e-05,1.6641244693856012e-06,9.595669214023375e-06,6.2618688456825825e-09,0.009077942846975362,1.0308976610603845e-09,3.3741926689526235e-06,1.3654246143088428e-05,0.0001599692738182084,1.8410477732833855e-08,6.527936926375574e-06,1.033002991757507e-05,4.785424310133735e-05,5.721124877557263e-05,3.7568138794487147e-06,1.32137929768214e-06
11,1.5830525790264722e-08,4.3441748716242785e-05,3.306347930267709e-08,0.9907403252385995,1.3046981228202412e-09,5.4760593860557185e-06,2.3768822109791212e-08,3.462550810510344e-07,1.8116669937853558e-06,1.6181315812530186e-05,1.6636510949286318e-06,1.0174335158782771e-05,7.136410668883823e-09,0.008873633865392791,1.0503393010056263e-09,3.490355154340353e-06,1.4139430563379046e-05,0.0001597529687495996,1.908651475968567e-08,6.884756743343e-06,1.0731162868797958e-05,4.8109749142676187e-05,5.8411598474807554e-05,3.976104465583648e-06,1.3484968118266775e-06
12,1.942474951175352e-08,5.823510960377249e-05,2.2285615466257933e-08,0.9827442353025976,1.7537989235122449e-09,5.923137177070958e-06,2.219699530283028e-08,2.6811720753108365e-07,1.6309899427954303e-06,2.0111315291961726e-05,1.4308238625839905e-06,8.54772800864485e-06,6.845320327530043e-09,0.016750758142842572,8.46424447611647e-10,2.6730807307348354e-06,2.2109343696194726e-05,0.0002462282364354806,1.572512443407578e-08,7.354805363901869e-06,1.0340666026197597e-05,4.7988884907410804e-05,6.70945816713993e-05,2.85115979085921e-06,2.129496815207895e-06
13,1.0913371193686464e-08,3.462082466710213e-05,2.8232135681065845e-08,0.9889778900692701,1.1966876587637577e-09,4.6068240337483595e-06,2.4416699124974122e-08,4.1358436121169875e-07,1.482876343455552e-06,1.1579971613017026e-05,2.4788643954408555e-06,1.1510610291995583e-05,5.715674143757215e-09,0.010665921808930846,1.0633865329549479e-09,2.8436885612576626e-06,1.2700165318338287e-05,0.00013168586285390476,1.6726516099090136e-08,5.365524715485826e-06,1.0524243371528982e-05,5.47616515023641e-05,6.684721427237258e-05,3.5281597203650034e-06,1.149791307055276e-06
14,1.605072344077364e-08,4.859186585468867e-05,3.116695442022966e-08,0.9899146398709622,1.3509931082376833e-09,5.464537659271301e-06,2.4424268337278657e-08,3.5184757598686227e-07,1.7446209954489878e-06,1.7417832970986507e-05,1.7127150909373947e-06,9.46965191155636e-06,6.023101890089701e-09,0.009694847808678537,1.0281404753794942e-09,3.3848834914976275e-06,1.3448863033462074e-05,0.00016123639380129806,1.941744260537519e-08,6.694645714109047e-06,1.0212536234149171e-05,4.6735358432477294e-05,5.8811887646563826e-05,3.7988923935783244e-06,1.3363259290655914e-06
15,1.5293908458604663e-08,4.337453119011591e-05,3.165199681820185e-08,0.9905397430510583,1.2511079125039541e-09,5.394481960876347e-06,2.305951511726622e-08,3.4423372490725896e-07,1.7356263984787182e-06,1.6109110707913436e-05,1.6641244693856012e-06,9.595669214023375e-06,6.2618688456825825e-09,0.009077942846975362,1.0308976610603845e-09,3.3741926689526235e-06,1.3654246143088428e-05,0.0001599692738182084,1.8410477732833855e-08,6.527936926375574e-06,1.033002991757507e-05,4.785424310133735e-05,5.721124877557263e-05,3.7568138794487147e-06,1.32137929768214e-06
16,1.3029625374388058e-08,4.4366197308910064e-05,2.482180438053525e-08,0.9893233911489864,1.0973219227047445e-09,3.97006737865441e-06,2.6167916110568716e-08,3.6202957537837477e-07,1.5102026753621574e-06,2.0220833803483566e-05,1.3536428522211902e-06,1.2483212740957042e-05,6.2408712598224486e-09,0.01025677381780132,1.069106747047182e-09,3.4483812373132704e-06,1.3950988789769154e-05,0.00017578613947588905,1.735093958244382e-08,7.019551030471374e-06,1.3352501954890774e-05,6.254543805965006e-05,5.4855249142617306e-05,3.0342175992090195e-06,1.4866020022093596e-06
17,1.1008543468636894e-08,3.497971349988084e-05,2.281278909564412e-08,0.9885044730792546,1.2410520179292266e-09,3.922968686369097e-06,2.2065458243124773e-08,3.334046609170749e-07,1.2836054009528117e-06,1.4434118508762488e-05,1.5608131043586063e-06,1.0814218020659892e-05,7.142897048370682e-09,0.011108555174153358,8.459493007021218e-10,2.736439647027349e-06,1.7968143978296616e-05,0.0001485816294274608,1.3435447914368779e-08,7.268052980299705e-06,1.1533272683214004e-05,5.5317778639609345e-05,7.181968352431942e-05,2.9237572049496036e-06,1.4155944876782081e-06
18,1.685574666550827e-08,4.266900562575228e-05,2.6048081627098313e-08,0.9870853438549114,1.3902655263749727e-09,4.595193185045112e-06,2.5828662675146342e-08,2.9488306636960077e-07,1.6437508276701257e-06,1.926120902142807e-05,1.3654624124688413e-06,1.1822948670641636e-05,7.847502150581105e-09,0.012407464294886771,1.0805944744222523e-09,2.860728214030998e-06,2.0795456949236858e-05,0.00024922421868189284,1.456369483374049e-08,7.346305265692662e-06,1.3623810302899863e-05,6.43722673898703e-05,6.211442405749473e-05,2.8705119839079035e-06,2.238059999568402e-06
19,1.115777566680587e-08,3.68832639474271e-05,2.8270631350068672e-08,0.9919907123105223,9.609754458973216e-10,3.458384211544422e-06,2.6075964653514026e-08,3.109455711994589e-07,1.5743079814725721e-06,1.420206937780473e-05,1.2159582525605186e-06,1.2522324599079369e-05,6.186668999601678e-09,0.007689431466049407,9.51112242477232e-10,3.079356349711578e-06,1.0064948166791515e-05,0.00012244505217277502,1.3366660514541315e-08,5.550388213296977e-06,1.0372194991327758e-05,4.649779447807864e-05,4.753483699082671e-05,2.814178827598135e-06,1.2432495078595317e-06
20,1.496000448909806e-08,4.2513127228549044e-05,3.1683094174079164e-08,0.9905478625607215,1.2301643149274433e-09,5.307250473183522e-06,2.3320144467883046e-08,3.558956455682385e-07,1.7229651735121587e-06,1.5986997881473435e-05,1.682682096086344e-06,9.782690780384622e-06,6.219036987396532e-09,0.009068986498548643,1.0752753824797695e-09,3.410080990456694e-06,1.369748950805748e-05,0.0001604069329513056,1.838213682591065e-08,6.4785376042702665e-06,1.0473863648564685e-05,4.979204570125327e-05,5.6448995990947546e-05,3.6669500480146307e-06,1.3275651513419662e-06
21,1.711148482333007e-08,4.372078090348e-05,3.623052481730454e-08,0.9904064820344084,1.4987298879262907e-09,6.526011309547121e-06,2.483342777741692e-08,3.608352170774822e-07,1.7256361642865957e-06,1.6420668299357638e-05,2.123180804051161e-06,9.09659167553081e-06,6.78219191156795e-09,0.0091580262295778,1.206896390862133e-09,3.031237512590198e-06,1.913520573128371e-05,0.00017687985873584799,2.1689862848195153e-08,6.742992919021041e-06,1.1736077831375318e-05,5.718862156261984e-05,7.479910418076566e-05,4.309947626799114e-06,1.5856324214834016e-06
22,2.2792384735334702e-08,4.07493030877853e-05,3.8165394403895833e-08,0.9903820157078859,1.458698398071099e-09,6.978418549096385e-06,2.1711981825996603e-08,3.929200468702619e-07,2.081511405120869e-06,1.6667671028483726e-05,2.118888931893568e-06,8.77086037278752e-06,6.968875256911062e-09,0.009089862477473204,1.3678675774744626e-09,3.781123422638144e-06,2.058832770964017e-05,0.0002806526573094301,2.150234064778674e-08,6.965382766956217e-06,1.151129704821157e-05,6.493025769805963e-05,5.572030546888956e-05,4.4319629472141905e-06,1.6669593047210898e-06
23,1.5293908458604663e-08,4.337453119011591e-05,3.165199681820185e-08,0.9905397430510583,1.2511079125039541e-09,5.394481960876347e-06,2.305951511726622e-08,3.4423372490725896e-07,1.7356263984787182e-06,1.6109110707913436e-05,1.6641244693856012e-06,9.595669214023375e-06,6.2618688456825825e-09,0.009077942846975362,1.0308976610603845e-09,3.3741926689526235e-06,1.3654246143088428e-05,0.0001599692738182084,1.8410477732833855e-08,6.527936926375574e-06,1.033002991757507e-05,4.785424310133735e-05,5.721124877557263e-05,3.7568138794487147e-06,1.32137929768214e-06
24,1.3619144123629692e-08,4.602226469567069e-05,2.397776257045685e-08,0.990025149945416,1.0399683221017425e-09,4.362912879476963e-06,1.8759828907234258e-08,2.876699667806999e-07,1.3843208554878812e-06,1.6809549354478474e-05,1.2270117355621067e-06,8.091739350821385e-06,5.089843431874119e-09,0.009632744871891287,6.765496451601191e-10,2.8279904347797193e-06,1.1344163441865179e-05,0.00014197853986894934,1.4762031743896611e-08,6.400826042836354e-06,8.184584637719872e-06,3.6404970500656875e-05,5.246709963222713e-05,3.134637973113814e-06,1.0989761935490249e-06
25,1.503902536151264e-08,4.295858637650412e-05,3.134465260514591e-08,0.9905132151732543,1.2422303716439577e-09,5.34979325878628e-06,2.2962478495314183e-08,3.4647176659522515e-07,1.711219490633176e-06,1.59572491086589e-05,1.6749296816461343e-06,9.528755464054267e-06,6.1602563575244965e-09,0.009107813061495922,1.0187592113789728e-09,3.350259139961768e-06,1.3492721559705205e-05,0.00015806710729104466,1.822761198700447e-08,6.472517993720484e-06,1.023622387000534e-05,4.7465536171191715e-05,5.723529881234798e-05,3.7297916073808747e-06,1.299308642829756e-06
26,2.7643207377687737e-08,4.46679644353691e-05,4.413640866575311e-08,0.9933510047144539,1.5607804373498386e-09,7.494313841592683e-06,1.8428758723212018e-08,2.569754963823651e-07,2.2643042802734145e-06,1.5292529193350177e-05,1.8123917060564378e-06,8.171000123597206e-06,1.0138541305369803e-08,0.006218437541328881,6.831213813360043e-10,3.3386155540945712e-06,1.729484005502384e-05,0.00019636424107694753,2.435569335319859e-08,8.17217711593516e-06,1.000186854749205e-05,3.5581169132905784e-05,7.021615076221888e-05,8.328025671926679e-06,1.1742307128475388e-06
27,1.4238527218173682e-08,3.9898320411984444e-05,3.1026275429672703e-08,0.9904321653048963,1.1994075579742076e-09,5.363955014049663e-06,2.2834885665085895e-08,3.7722152660078683e-07,1.7294163232820661e-06,1.522387469215981e-05,1.8431910789937704e-06,9.99363194511291e-06,6.187848564183065e-09,0.009169214076892206,1.2070234999657222e-09,3.5858705317648294e-06,1.5198332742192815e-05,0.00016745742748223557,1.8949184454917115e-08,6.416103571362801e-06,1.120688962686445e-05,5.951303399275284e-05,5.5724790859472146e-05,3.6544295774422348e-06,1.3384856828074713e-06
28,1.5293908458604663e-08,4.337453119011591e-05,3.165199681820185e-08,0.9905397430510583,1.2511079125039541e-09,5.394481960876347e-06,2.305951511726622e-08,3.4423372490725896e-07,1.7356263984787182e-06,1.6109110707913436e-05,1.6641244693856012e-06,9.595669214023375e-06,6.2618688456825825e-09,0.009077942846975362,1.0308976610603845e-09,3.3741926689526235e-06,1.3654246143088428e-05,0.0001599692738182084,1.8410477732833855e-08,6.527936926375574e-06,1.033002991757507e-05,4.785424310133735e-05,5.721124877557263e-05,3.7568138794487147e-06,1.32137929768214e-06
29,1.5293908458604663e-08,4.337453119011591e-05,3.165199681820185e-08,0.9905397430510583,1.2511079125039541e-09,5.394481960876347e-06,2.305951511726622e-08,3.4423372490725896e-07,1.7356263984787182e-06,1.6109110707913436e-05,1.6641244693856012e-06,9.595669214023375e-06,6.2618688456825825e-09,0.009077942846975362,1.0308976610603845e-09,3.3741926689526235e-06,1.3654246143088428e-05,0.0001599692738182084,1.8410477732833855e-08,6.527936926375574e-06,1.033002991757507e-05,4.785424310133735e-05,5.721124877557263e-05,3.7568138794487147e-06,1.32137929768214e-06
30,1.5293908458604663e-08,4.337453119011591e-05,3.165199681820185e-08,0.9905397430510583,1.2511079125039541e-09,5.394481960876347e-06,2.305951511726622e-08,3.4423372490725896e-07,1.7356263984787182e-06,1.6109110707913436e-05,1.6641244693856012e-06,9.595669214023375e-06,6.2618688456825825e-09,0.009077942846975362,1.0308976610603845e-09,3.3741926689526235e-06,1.3654246143088428e-05,0.0001599692738182084,1.8410477732833855e-08,6.527936926375574e-06,1.033002991757507e-05,4.785424310133735e-05,5.721124877557263e-05,3.7568138794487147e-06,1.32137929768214e-06
31,2.392032713205365e-08,4.7725129684784803e-05,4.1757608436773575e-08,0.9904518099863335,1.2878177491497833e-09,5.384919462945293e-06,2.530183484588077e-08,4.4811905686062765e-07,1.6435378165766145e-06,1.8612366523043846e-05,1.5863854892022962e-06,8.91961502738119e-06,6.422483002314971e-09,0.009133473042968972,8.480246335180941e-10,2.9691889138348562e-06,1.3798660596202991e-05,0.0001959415868320167,2.0831364676316918e-08,6.123653422220632e-06,9.131354040614311e-06,4.107706119703959e-05,5.608044304008451e-05,3.851106008315886e-06,1.3034741257695548e-06
32,1.7243677238469667e-08,4.7511422350290225e-05,3.453674120374372e-08,0.990382464675017,1.3307930991292537e-09,5.863484083465581e-06,2.462849332573938e-08,3.7124834920479964e-07,1.8779230594733594e-06,1.72764231241e-05,1.7788420927779498e-06,1.0231701916964828e-05,6.815648143961932e-09,0.00921078157847906,1.1217885852454637e-09,3.573629472404399e-06,1.4580716599936284e-05,0.00016883990126065118,2.2070024875553072e-08,6.786174980979695e-06,1.1070857120245722e-05,5.1760592865701694e-05,5.957392831304213e-05,4.1705876967232964e-06,1.3785660515888054e-06
33,6.31841174724731e-08,0.0001037879288811887,9.732235570405665e-08,0.9929890950426223,1.668006845076981e-09,5.435055805747562e-06,4.988314321114184e-08,2.7229467814744555e-07,6.0707568673743436e-06,1.6816621285306675e-05,1.5620938968131331e-06,1.7806325364586634e-05,4.074166201494713e-09,0.006409887714873512,4.548197971090494e-09,2.8133020150833074e-06,6.318852194878495e-06,0.0003414412284151267,2.0761866799991505e-08,4.138674259030834e-06,9.520110798187025e-06,4.940773587539969e-05,2.765469856702605e-05,3.192328123788317e-06,4.537793622290083e-06
34,1.0778888721166092e-07,0.00013467564927811392,1.0589082983220498e-07,0.9877882705492539,3.6285491550518794e-09,1.4798165244235104e-05,4.3298590886688434e-08,6.903378711487135e-07,7.94849776531357e-06,1.7467631435930487e-05,4.302148058236191e-06,2.1896543556690345e-05,2.1223452907118546e-08,0.011415986183465975,2.671403742063921e-09,5.88534344361005e-06,2.819923953742343e-05,0.0003711657857890307,1.196003832263425e-07,8.664949875155872e-06,1.606170970151583e-05,8.556930964499144e-05,6.229836640454205e-05,1.3361303868010655e-05,2.3541837091714326e-06
35,3.4775404256414577e-08,4.2403873083024864e-05,4.370625451050688e-08,0.9928280751354839,9.085162284147461e-10,3.961897583683813e-06,2.6099335172538992e-08,3.7662430504110465e-07,2.163795066004085e-06,1.736727268357116e-05,1.1497769588911511e-06,1.1253506762421315e-05,5.917357587153915e-09,0.006626949340453734,7.593875640638888e-10,2.5038436120058325e-06,1.2048140414104606e-05,0.0003473760416652477,1.8741202818352227e-08,4.1743349348181515e-06,1.0511133721522812e-05,5.0556277893942594e-05,3.374346894706478e-05,3.820260130861476e-06,1.4343688421081117e-06
36,1.5279203355938894e-08,4.327535650681972e-05,3.1655798724741266e-08,0.9905313804009707,1.2433668774703239e-09,5.361046148019063e-06,2.3162391214249296e-08,3.49169219219093e-07,1.7469532879275028e-06,1.606030478867156e-05,1.661393665011534e-06,9.780837167651228e-06,6.339168063363602e-09,0.009085666567859474,1.0469606227759105e-09,3.4141415652159904e-06,1.369281522500605e-05,0.00016003406004132527,1.857959994685059e-08,6.521051816215758e-06,1.0385401055649292e-05,4.874148593477431e-05,5.677061733561461e-05,3.7362997392971067e-06,1.324791184748665e-06
37,2.1274446537256715e-08,4.12347159665705e-05,3.327297521292303e-08,0.9930509568638995,1.033190474404873e-09,4.407429843969496e-06,1.945955741460967e-08,2.3151731217256514e-07,1.586852786051687e-06,1.630781900184605e-05,1.2101006500333615e-06,8.407490314342088e-06,6.382138816728592e-09,0.006562866768358755,5.419571656426104e-10,2.413284644977047e-06,1.2041722062526402e-05,0.00019012477506908924,1.5467710800409753e-08,5.966862114537413e-06,8.884393413923619e-06,3.362989155819593e-05,5.3655838683418856e-05,4.819313941473646e-06,1.1569284020256348e-06
38,3.621818992016597e-08,6.85839380179521e-05,6.847543182277366e-08,0.9897495975987814,2.3435748116062356e-09,1.1775085779885675e-05,3.990254207801904e-08,4.6326645505803494e-07,3.6272830548714844e-06,2.3762195051772525e-05,2.4651146443627047e-06,1.1911089241791979e-05,9.666786180602035e-09,0.009739665340660881,2.062798069626785e-09,6.238389140990783e-06,1.3871717245336733e-05,0.00022856138752813386,3.923265123644375e-08,7.46747745941765e-06,1.1725836216091683e-05,5.069681343566634e-05,6.061930209428328e-05,6.778150432287907e-06,1.992112785860622e-06
39,1.4648519033656844e-08,2.8014068316484654e-05,4.2461726645905264e-08,0.9924089492514474,1.1199797253138464e-09,7.94354479153903e-06,2.2285539176180958e-08,4.784232880269283e-07,1.7039924615550573e-06,1.71257541269636e-05,1.9098370351101635e-06,9.248909435545016e-06,8.905738406252008e-09,0.00717035468165677,1.2439265407563638e-09,4.664316859934545e-06,1.8863442370068167e-05,0.00018833807853083008,2.389269268752355e-08,6.903837364107722e-06,1.38117669882505e-05,5.889280035438188e-05,5.681195492081354e-05,4.6172642473346486e-06,1.2535176825979082e-06
40,2.3200312973303778e-08,6.449158861356643e-05,4.790419732100453e-08,0.9876609073058498,1.8083166730964882e-09,7.2209273977594285e-06,3.560790371384736e-08,4.26620966540963e-07,3.18172564787882e-06,1.6748006050929407e-05,2.255010401331668e-06,1.654055899925535e-05,9.405310799284883e-09,0.01185955129256026,2.2043395830615663e-09,4.232752332715347e-06,1.540310466478912e-05,0.00019049094243613537,2.92354036112202e-08,6.517461148858685e-06,1.3131801861959787e-05,7.332699728603012e-05,5.904589699392889e-05,4.214194042425591e-06,2.1644469611732606e-06
41,3.089136639853081e-08,6.12289176291664e-05,6.017153428830108e-08,0.9913318451235613,3.0444221092906746e-09,7.152531052369605e-06,3.971057523167692e-08,4.300224801510605e-07,3.670401996285271e-06,1.5643572310274857e-05,1.9943339688317776e-06,1.14426003032581e-05,1.0394938977138376e-08,0.008257986531780072,1.9293541901778786e-09,5.8305787589812825e-06,1.2883855498440047e-05,0.0001757431478965905,2.0226997673033532e-08,9.289017689647566e-06,9.093556928297478e-06,3.630110276347489e-05,5.2630874045427305e-05,4.73801467634826e-06,1.9294474721754687e-06
42,1.4213285551278494e-08,3.908855872656942e-05,3.207238272290803e-08,0.9911728762564204,1.1196555737351427e-09,5.458851514618942e-06,2.2353436889479262e-08,3.845517699635385e-07,1.6873088273363645e-06,1.617779933649655e-05,1.6788205360373055e-06,1.0246485703555845e-05,6.84176180662757e-09,0.008442305299008059,1.104546067740593e-09,3.8007713527422566e-06,1.4586762415364342e-05,0.0001592687513954196,2.042326987197995e-08,6.710556466434897e-06,1.1287797008262075e-05,5.43871239504182e-05,5.48413245354799e-05,3.863725865684276e-06,1.2511268285850765e-06
43,1.2396293214533027e-08,3.761571954709973e-05,2.8550974487927973e-08,0.9895425486313669,1.0974070949161872e-09,6.086525891751129e-06,2.2098207845721585e-08,3.9262226169678606e-07,1.3800085038658862e-06,2.3449012230872292e-05,1.4852825415412313e-06,8.690221880470833e-06,6.758086093480956e-09,0.010028736259184743,9.590358519173103e-10,3.994718665003519e-06,1.713921780152641e-05,0.00018505665331573502,1.974793065534121e-08,7.920625724363944e-06,1.3953110409103465e-05,5.67519687822734e-05,5.980846383654582e-05,3.601362568945406e-06,1.2979875522799048e-06
44,1.5293908458604663e-08,4.337453119011591e-05,3.165199681820185e-08,0.9905397430510583,1.2511079125039541e-09,5.394481960876347e-06,2.305951511726622e-08,3.4423372490725896e-07,1.7356263984787182e-06,1.6109110707913436e-05,1.6641244693856012e-06,9.595669214023375e-06,6.2618688456825825e-09,0.009077942846975362,1.0308976610603845e-09,3.3741926689526235e-06,1.3654246143088428e-05,0.0001599692738182084,1.8410477732833855e-08,6.527936926375574e-06,1.033002991757507e-05,4.785424310133735e-05,5.721124877557263e-05,3.7568138794487147e-06,1.32137929768214e-06
45,1.5021388718228436e-08,3.951386692680668e-05,3.45850386037248e-08,0.9911355031896545,1.240100511395078e-09,5.689781041408573e-06,2.4034459913540286e-08,3.980598440877405e-07,1.7877906404900414e-06,1.5502955805940693e-05,1.814443593188607e-06,9.658050007355514e-06,6.3588999539947815e-09,0.00849021880485893,1.2022682896120486e-09,3.915198787310066e-06,1.3197370515048182e-05,0.00015860705851047965,1.919550694846527e-08,6.444385685384173e-06,1.0068602068758232e-05,4.9698689468031195e-05,5.281088336803274e-05,3.803088371312984e-06,1.2661431900636687e-06
46,1.9606066306416797e-08,6.20574460492251e-05,3.562412597204632e-08,0.9890136216433268,1.5638219306921053e-09,5.242161724156166e-06,3.140688579114101e-08,3.603471783356257e-07,2.139258977895301e-06,1.9101732605196033e-05,1.6853859800796566e-06,1.0353482688800839e-05,5.030734457075462e-09,0.010593519358692443,1.1501725508032554e-09,3.504209419317865e-06,9.37329408405549e-06,0.00016596088768137618,1.8739552281816293e-08,6.139978897182195e-06,9.033670389828939e-06,3.9772490666602615e-05,5.2969897214227515e-05,3.590403607485448e-06,1.461229457840266e-06
47,2.5735859036212837e-08,4.8809066357465414e-05,3.941102945916314e-08,0.991870533503831,1.3407797721682015e-09,5.3018949728200905e-06,2.6166236553028053e-08,3.203827351224577e-07,2.721490677275218e-06,1.8081457228153832e-05,1.3100308813943985e-06,1.6821026077293086e-05,1.3614214557267885e-08,0.007632855428172635,1.2912171723854344e-09,4.844208273755286e-06,1.956803579149932e-05,0.0002285052105004236,2.6229870249939937e-08,8.584469216608037e-06,1.4663705296793027e-05,7.021287004800914e-05,4.970758859056993e-05,5.148147729406689e-06,1.8776944131058977e-06
48,1.538412729795199e-08,4.38678324664812e-05,3.1607779555840894e-08,0.9904841348870522,1.254475194604914e-09,5.451662861338104e-06,2.3013065685505144e-08,3.4551589507780466e-07,1.7348872746546986e-06,1.623656151333828e-05,1.6737924342767054e-06,9.573817069730913e-06,6.292957038939153e-09,0.009132193092401104,1.0246690038998442e-09,3.3765415559736515e-06,1.3776674331374577e-05,0.0001598692602477518,1.879841696104308e-08,6.549340739972097e-06,1.0345765434048116e-05,4.7995587239936234e-05,5.7660951608217925e-05,3.8010922701679027e-06,1.31536211336305e-06
49,1.2782340305065016e-08,3.5640951469108326e-05,3.124548885448277e-08,0.9915956681390278,9.406204885116944e-10,4.913056007145823e-06,2.0078706799552627e-08,2.955988818905301e-07,1.5328166731420948e-06,1.4628275959029057e-05,1.4394774936499704e-06,9.787893279410844e-06,6.107901099820592e-09,0.008056971531200892,8.840458745939624e-10,2.91350803978063e-06,1.1980300413377558e-05,0.00014447732134381856,1.5519448751906643e-08,5.760860530828399e-06,1.027241795146522e-05,4.4836341765599805e-05,5.4029920072986834e-05,3.544392113173618e-06,1.2196392249216287e-06
50,1.6476799892869465e-08,5.472530410417958e-05,3.413491563279369e-08,0.9866537120119586,1.4439772382446195e-09,4.81788603352887e-06,4.0363588738762666e-08,4.937784117870914e-07,1.4296051050046005e-06,2.789568483469254e-05,1.5298635358319862e-06,1.2263242804779543e-05,6.143881701821934e-09,0.012909318247698786,1.1610685813344364e-09,3.3202371316058917e-06,1.3190970430825591e-05,0.0001673068654857044,2.0781903202058432e-08,6.594708612589989e-06,1.1784773472021846e-05,5.541307405095613e-05,7.139250583608154e-05,2.904432537221254e-06,1.7863018208205513e-06
51,6.015019325036123e-08,6.644487536617524e-06,8.581543430020443e-07,0.9876990391340156,1.8796796103745667e-07,0.00038635640420710043,3.462637528116784e-07,1.3549932456889996e-06,9.930896860188627e-06,8.164019639619154e-05,4.833098951000751e-05,2.2494963583007932e-05,1.5812612028323874e-06,0.006963697176996072,1.626412126010886e-08,0.0002838010648313186,0.0004146140365985448,0.0005737619954081518,9.495905661503215e-08,0.0002978118008982467,0.0001558514388595914,8.445006521639003e-05,0.002669342764419023,0.0002830901044956904,1.4642466292022963e-05
52,9.899060769260064e-09,4.66630845580704e-05,2.472164950531698e-08,0.992871424715173,9.136330829962074e-10,2.6914872878189103e-06,2.4041649139472487e-08,2.643150017286119e-07,1.2164200614847226e-06,1.2845297201243326e-05,1.163682430183272e-06,1.2150886950311655e-05,5.4621601547210326e-09,0.006848173743086281,5.610772080599195e-10,2.1121129528951114e-06,9.226626430162357e-06,7.243801013061946e-05,1.4901718551164715e-08,5.446922330562355e-06,9.701913753354764e-06,3.5811431826908256e-05,6.442119791567816e-05,3.262849749807614e-06,9.04802211686768e-07
53,2.6152871730505706e-08,5.586101417183958e-05,3.299589824120206e-08,0.9907369507723847,1.0193711625397683e-09,8.174731577468947e-06,1.2376689864276466e-08,2.9522706351367304e-07,2.0454269664729977e-06,1.6817752104024772e-05,1.5565906620556787e-06,7.023476851048502e-06,6.621478062182938e-09,0.008785025895490147,8.668466511141686e-10,3.292289593438941e-06,1.9835820876831138e-05,0.00023837150795693124,3.0114651158931584e-08,6.784575559954528e-06,9.449213226166369e-06,5.198158377528559e-05,4.9975387640807984e-05,5.221686236142356e-06,1.2269000562941087e-06
54,1.0275293103517051e-08,2.2828954991789728e-05,2.8283483894943527e-08,0.9930769018779605,1.0994553507299162e-09,5.363358798067454e-06,1.7583143930751227e-08,3.772500945472726e-07,1.2725549452272643e-06,1.1667687417846223e-05,2.13918348967671e-06,7.328942774744697e-06,7.0537231265022085e-09,0.0065785475569318675,6.350237918761057e-10,3.1649479858528333e-06,1.600735615139793e-05,0.0001435059275372541,1.6049331029632673e-08,6.946331460129066e-06,1.1057640115240327e-05,4.071918688590113e-05,6.619481428670637e-05,5.120799643068334e-06,7.746490759238142e-07
55,1.611525484252063e-08,4.274703556762186e-05,3.260256443374894e-08,0.991308493061944,1.192960890366966e-09,5.1565762487222795e-06,2.3196671632926838e-08,3.207609867406873e-07,1.8988183749869902e-06,1.5387397723722043e-05,1.5225972548890596e-06,1.0438081212240613e-05,6.769446944572723e-09,0.008313388578762683,1.0034240979468433e-09,3.374177728284399e-06,1.2802995231636161e-05,0.00016363810532203855,1.8105398576161175e-08,6.277099316240437e-06,1.0471867586561732e-05,4.656187910919716e-05,5.2224642510414054e-05,3.871840607329643e-06,1.325498791443816e-06
56,1.5736827884867902e-08,4.346657596464375e-05,3.315767049206806e-08,0.9906780130157985,1.2836411510706723e-09,5.465997489402065e-06,2.4000385605584307e-08,3.4692733673978886e-07,1.8320746992157435e-06,1.5999659858482298e-05,1.6741242767066624e-06,1.0477134286644189e-05,7.091716441222014e-09,0.008936001522709246,1.0750020885352905e-09,3.448404551479903e-06,1.3975297237237765e-05,0.00015894346513029454,1.9319237754494305e-08,6.712134477367197e-06,1.0833377034789662e-05,4.9083521737750975e-05,5.831910462828804e-05,3.936459284490338e-06,1.3695390175166056e-06
57,1.594569797551323e-08,4.545485074047922e-05,3.2801673668758694e-08,0.9915459082362525,1.249192890839619e-09,4.845319914485089e-06,2.5131610715701972e-08,3.4600005925859535e-07,2.140341698685513e-06,1.6615384393258854e-05,1.4007114337855823e-06,1.5260645336780582e-05,1.1150578806545124e-08,0.008041924062700306,1.2114981177251604e-09,4.1712227654351355e-06,1.7314252733151116e-05,0.0001554478751327191,2.3378438230398983e-08,8.3690957666436e-06,1.3727141247666032e-05,6.352900773992969e-05,5.768279601313346e-05,4.212127689303943e-06,1.5400596920560793e-06
58,1.6603507981668033e-08,4.230197413714236e-05,3.4994825876157524e-08,0.9915454571498972,1.2380196984239928e-09,5.5834739953176e-06,2.3368369251889284e-08,3.2750897587966223e-07,1.8517152605796808e-06,1.5200191685318572e-05,1.741025559899753e-06,1.044612642308406e-05,7.148405833748342e-09,0.008079799933480309,9.39456743414207e-10,3.342787663094653e-06,1.2868102483306583e-05,0.00015346445876292903,2.031019572796825e-08,6.350990418421164e-06,1.0595081621617647e-05,4.47541272671589e-05,5.9902257147006545e-05,4.676932938974949e-06,1.2315595016329807e-06
59,1.5710630405024238e-08,4.062729207165414e-05,3.529945733634312e-08,0.9919210960961778,1.2052324165846145e-09,5.44021273772545e-06,2.2774427536551376e-08,3.261372273211036e-07,1.7814912944120453e-06,1.4907517411459675e-05,1.7145667106553818e-06,9.811082543750375e-06,6.657802910259607e-09,0.0077175442943051165,9.466376576579118e-10,3.362990192620824e-06,1.2408023443997622e-05,0.0001476561703080596,1.8834370191695177e-08,6.421941590624065e-06,1.0257620473008378e-05,4.316364882538355e-05,5.771239417426754e-05,4.479518102574368e-06,1.1875738509496898e-06
60,1.5293908458604663e-08,4.337453119011591e-05,3.165199681820185e-08,0.9905397430510583,1.2511079125039541e-09,5.394481960876347e-06,2.305951511726622e-08,3.4423372490725896e-07,1.7356263984787182e-06,1.6109110707913436e-05,1.6641244693856012e-06,9.595669214023375e-06,6.2618688456825825e-09,0.009077942846975362,1.0308976610603845e-09,3.3741926689526235e-06,1.3654246143088428e-05,0.0001599692738182084,1.8410477732833855e-08,6.527936926375574e-06,1.033002991757507e-05,4.785424310133735e-05,5.721124877557263e-05,3.7568138794487147e-06,1.32137929768214e-06
61,1.6281716881924135e-08,4.1726108686009526e-05,3.598605763213882e-08,0.99176597454255,1.2260805188652606e-09,5.518678243254215e-06,2.3407323233861366e-08,3.368116450105816e-07,1.8064051639896415e-06,1.551479141056983e-05,1.7219058513342063e-06,1.0005913400985493e-05,6.89992965759198e-09,0.007861450765201545,9.644868860093828e-10,3.3571514873539743e-06,1.2844283667312144e-05,0.00015376126387385187,1.962106561166182e-08,6.504601371295477e-06,1.057155456242984e-05,4.4721868188233965e-05,5.833414531167713e-05,4.525749030500482e-06,1.2190736943167323e-06
62,1.5293908458604663e-08,4.337453119011591e-05,3.165199681820185e-08,0.9905397430510583,1.2511079125039541e-09,5.394481960876347e-06,2.305951511726622e-08,3.4423372490725896e-07,1.7356263984787182e-06,1.6109110707913436e-05,1.6641244693856012e-06,9.595669214023375e-06,6.2618688456825825e-09,0.009077942846975362,1.0308976610603845e-09,3.3741926689526235e-06,1.3654246143088428e-05,0.0001599692738182084,1.8410477732833855e-08,6.527936926375574e-06,1.033002991757507e-05,4.785424310133735e-05,5.721124877557263e-05,3.7568138794487147e-06,1.32137929768214e-06
63,1.678282095571248e-08,5.04835565244444e-05,3.2805860616114836e-08,0.9902502266667622,1.3263410592773247e-09,5.409462142346258e-06,2.4037699514771436e-08,3.429086350330754e-07,1.807193402103247e-06,1.721320488794762e-05,1.6338351376800563e-06,9.861966414534418e-06,6.338842304171887e-09,0.00935790819720033,1.0623359199102777e-09,3.317844634309391e-06,1.3806751107889426e-05,0.00015876719098865288,1.9945821696975103e-08,6.80627311581727e-06,1.0447661312654247e-05,4.796381831520558e-05,5.870158993576869e-05,3.8135575760845293e-06,1.38602218491668e-06
64,1.3813418577930393e-08,4.1149011980457366e-05,3.121680996969255e-08,0.9905429964846866,1.1792937934896042e-09,5.0451855366891185e-06,2.3862377897208873e-08,3.3254443696530456e-07,1.6480938241526497e-06,1.6770137302663915e-05,1.5268756787852968e-06,1.0435255093931512e-05,6.6008723259069085e-09,0.009074525349972063,1.0119033614041532e-09,3.2500648522964967e-06,1.3799942424329171e-05,0.0001558421073298955,1.726683642320671e-08,6.6067098990448455e-06,1.2048650190959111e-05,5.0221229578298726e-05,5.877748635461049e-05,3.55563823732252e-06,1.3742811089767361e-06
65,6.03009419439896e-09,3.250294678457423e-05,2.2649245255183047e-08,0.9866910902992515,7.656446709860731e-10,3.5722397858460488e-06,3.1062600612637434e-08,5.279235338050557e-07,5.345391828448854e-07,2.874195432659802e-05,1.1477284385819661e-06,8.33067000593841e-06,3.134135408449112e-09,0.01300173642677266,8.698724507566857e-10,2.540193596944017e-06,7.344741814017743e-06,0.00010443428441303132,1.0795740748839263e-08,5.602745105573431e-06,9.302392891261603e-06,3.245873688757088e-05,6.732632268637782e-05,1.5073615782433427e-06,1.2231856113684837e-06
66,1.0851175632980778e-08,4.08315328268578e-05,2.2274932445341618e-08,0.9891269581380193,7.898362624873167e-10,3.775880651556445e-06,2.0085234279443967e-08,3.625895620864513e-07,1.4221022971604518e-06,1.285505228810431e-05,1.4124734298624645e-06,1.001735137507617e-05,3.856626960501894e-09,0.01054523425037568,9.62723398279095e-10,2.762500878082105e-06,9.700869756077349e-06,0.0001343674434790932,1.4909554104850707e-08,4.159344143383842e-06,7.902844691892478e-06,5.251320770938753e-05,4.229379914871313e-05,2.2602134945618636e-06,1.0966757901662667e-06
67,6.195355447560143e-08,0.00016752251380221283,6.530852153949518e-08,0.9886673493186074,3.103939996160743e-09,5.174035831638153e-06,7.643399100386443e-08,6.776843611791904e-07,5.933574086640244e-06,2.4129492385514813e-05,2.6075823287295606e-06,2.405738674424088e-05,6.71006975784483e-09,0.010575831293238325,4.056358876507567e-09,5.100690678795647e-06,1.554410785935983e-05,0.0003047194444396579,5.458346753397821e-08,6.097771796043178e-06,1.5100382554017448e-05,0.000124704856807087,4.7574229513769456e-05,4.555388004802112e-06,3.048097057332586e-06
68,1.2842377865021792e-08,3.306971839420651e-05,2.869937835288542e-08,0.9926468230602468,7.548567382041056e-10,3.94480546407747e-06,1.695751066780566e-08,2.494504832893708e-07,1.339260751671652e-06,1.338148377280766e-05,1.1501156157624582e-06,8.328436112025923e-06,4.682007428369026e-09,0.007036901241276283,5.47325191429084e-10,2.187418943055456e-06,9.294064148331001e-06,0.00014068897436705346,1.2280760573907617e-08,4.745880105225271e-06,8.984802390255297e-06,3.387064550795626e-05,5.0579041062864756e-05,3.4157748173567453e-06,9.690623239229103e-07
69,1.4528198775233905e-08,4.191006661206751e-05,3.140569109086471e-08,0.9907440149665739,1.2277922053527172e-09,5.304938947284897e-06,2.276291905284923e-08,3.444581615026271e-07,1.664535635766645e-06,1.5617045751841283e-05,1.6921346624706922e-06,9.447012342936334e-06,6.128119781660056e-09,0.008887186346954474,9.878293638872508e-10,3.3204786470641453e-06,1.3129367901188148e-05,0.0001508616644487602,1.798640312643879e-08,6.477822949740425e-06,1.0226421957734334e-05,4.568572083664364e-05,5.797464842060758e-05,3.798328077599764e-06,1.2490141648900692e-06
70,1.5223986141512388e-08,3.687034668891151e-05,3.207841389006356e-08,0.9910157194037252,1.161489560074858e-09,4.350855803624123e-06,2.1578479375410594e-08,3.4214834641208874e-07,1.6116615827447037e-06,1.4176117207356674e-05,1.278073904565306e-06,8.979405078236047e-06,6.073919070686494e-09,0.008642010261551574,9.766169481421513e-10,3.329138829267322e-06,1.2096837442221787e-05,0.00015754952609044494,1.2196557626526621e-08,6.6063429292238724e-06,7.984838604710862e-06,3.8347020243703765e-05,4.4593819392545905e-05,2.694203998620343e-06,1.3707091179437406e-06
