,0,1,2,3,4,5,6,7,8,9,10,11,12,13,14,15,16,17,18,19,20,21,22,23,24
0,9.964153589961119e-05,5.260610009148228e-05,4.972881983892775e-05,0.7417260926687164,0.001068955777691122,1.7492285063040702e-06,1.0055712994592064e-05,2.634738854866742e-05,4.210463804144189e-06,4.5882985522932615e-05,1.9901177821958274e-05,3.602015376490391e-07,0.00022406885480381813,4.938211025805668e-05,3.464789139123673e-08,3.21643721852779e-06,0.0002712376315194597,0.25444836170968244,7.21417229436357e-05,1.0944061478770112e-05,0.00024378046573446288,1.5096499841896563e-07,0.0015037535388797382,6.739275579259587e-05,3.0378250188293614e-09
1,8.615139843673842e-05,6.108401785787758e-05,6.310596778628092e-05,0.6844999413513033,0.0011057646173128386,2.3701531125602665e-06,1.2008812353195545e-05,2.734467958583572e-05,7.525028372954436e-06,8.379288145791183e-05,1.8071714902751286e-05,3.381296822005023e-07,0.00024105843948114665,7.446173781394695e-05,4.4017077839828883e-08,4.529695913439376e-06,0.00025420270187822766,0.31092854214574955,0.00010304765056266021,1.6049535642691594e-05,0.00032349088125008187,1.681263236170405e-07,0.0019889005495559303,9.800115587631029e-05,4.610710074007577e-09
2,8.99528600877079e-05,6.454271917566907e-05,6.015511227289736e-05,0.7032610561968101,0.0012913661174218166,2.4046204270738616e-06,1.2281963524255399e-05,2.8874807801010004e-05,7.91122449834968e-06,7.64093836426435e-05,2.1086759611754737e-05,4.1358420446071216e-07,0.00024678109549718607,8.627088900781947e-05,5.1507353421833356e-08,4.2542220975857375e-06,0.0002583119558960996,0.29207395612871423,9.402027510413518e-05,1.6991748636533144e-05,0.00030800610803720087,2.001625410776594e-07,0.0019029582243650794,9.173706227581664e-05,5.27099589997031e-09
3,9.433486211530029e-05,5.7881388477338734e-05,5.431596344387222e-05,0.6992430017531847,0.0010960412864604177,2.231496475888504e-06,1.1150115048475546e-05,2.70295343471309e-05,6.178311780746857e-06,6.503975707357133e-05,1.99645756959648e-05,3.527194554528865e-07,0.00022843927629183385,6.623719511863715e-05,4.081888326389742e-08,3.606494087735242e-06,0.00025836335962909664,0.2964774112128897,8.9774717487901e-05,1.3160598618073755e-05,0.00028898888021620337,1.7368276952364913e-07,0.001816757850289747,7.952022825418496e-05,3.921905516447086e-09
4,9.956714163507768e-05,6.048993086829782e-05,5.6128251100837126e-05,0.6973261882800732,0.0010932280595769605,2.1347443981161142e-06,1.1544882056503406e-05,2.7450142267132326e-05,6.480245825697819e-06,6.514638679716079e-05,2.055568370152308e-05,3.7016254340704516e-07,0.00025170487490911624,7.106512309510386e-05,4.126207511188273e-08,3.5256631330480924e-06,0.0002524256731646874,0.2984154304654869,9.104145730865138e-05,1.3535444200084233e-05,0.00029637909947898504,1.8769200747881916e-07,0.0017540259979303499,8.134929062245946e-05,4.045744062854205e-09
5,0.0046559213029977896,0.05331712643590579,0.0008232751868704159,0.7495452731682559,0.02070946194710711,8.18864990810259e-05,0.0015117115833002048,0.0066102064744993335,0.00020153415313766578,0.0005530624078639868,0.017606379809034754,0.0020475157075075284,0.003817328517049346,0.007541076036919396,6.727737619519125e-05,0.00022522023777738653,0.08650156544643345,0.03004022067265661,0.004429304728703386,2.3315626945864588e-05,0.006688041336581459,0.0009639294033561046,0.0017051677155141608,0.0002985480208626811,3.565020544332455e-05
6,9.433486211530029e-05,5.7881388477338734e-05,5.431596344387222e-05,0.6992430017531847,0.0010960412864604177,2.231496475888504e-06,1.1150115048475546e-05,2.70295343471309e-05,6.178311780746857e-06,6.503975707357133e-05,1.99645756959648e-05,3.527194554528865e-07,0.00022843927629183385,6.623719511863715e-05,4.081888326389742e-08,3.606494087735242e-06,0.00025836335962909664,0.2964774112128897,8.9774717487901e-05,1.3160598618073755e-05,0.00028898888021620337,1.7368276952364913e-07,0.001816757850289747,7.952022825418496e-05,3.921905516447086e-09
7,0.00012018914215330634,5.484961341832672e-05,5.0723050773598835e-05,0.6985436003080504,0.000966472992520449,2.0026252096046206e-06,1.1292612699583814e-05,2.743220224436649e-05,4.923811419096664e-06,5.207585425300971e-05,2.294936345292643e-05,3.375866781556611e-07,0.0003080265915504278,4.975373051129583e-05,3.910793955545871e-08,3.085046801412017e-06,0.00023217911364015458,0.29780092447409595,8.982161053105398e-05,1.2682720003804175e-05,0.0002533180821108806,2.001915517398936e-07,0.0013286089412359167,6.450837497323753e-05,2.8521815214724718e-09
8,9.515918581437422e-05,5.7455650982135234e-05,5.272826770572932e-05,0.691401374808999,0.0010929142128488774,2.2844747077614154e-06,1.1653814283635847e-05,2.820337295112396e-05,6.154391769102037e-06,6.414300750217134e-05,2.0818842729995016e-05,3.52568322719928e-07,0.00023366543001263298,6.523514646350557e-05,4.124531084417449e-08,3.5883766530346065e-06,0.0002560431354605168,0.3043440242779317,9.476745694189729e-05,1.3076249299332029e-05,0.0002990892327489234,1.8137150747645715e-07,0.0017808802738474845,7.616136691978178e-05,3.8382863231595555e-09
9,9.999456042488013e-05,5.615893215544457e-05,5.204539220620689e-05,0.6894823962863431,0.0011031538354105762,2.2838423281025235e-06,1.1721618706179334e-05,2.817336297266662e-05,5.947226405823814e-06,6.052751839481057e-05,2.137926765031785e-05,3.5429285681157293e-07,0.00023278415621532075,6.241127676232192e-05,4.0351106482567504e-08,3.436969754723767e-06,0.00025829824320117004,0.30627512078223457,9.241870752248637e-05,1.2541293013246671e-05,0.0002964263611811736,1.8122177740378047e-07,0.0017678800635468834,7.432075199679064e-05,3.6858323801011755e-09
10,9.433486211530029e-05,5.7881388477338734e-05,5.431596344387222e-05,0.6992430017531847,0.0010960412864604177,2.231496475888504e-06,1.1150115048475546e-05,2.70295343471309e-05,6.178311780746857e-06,6.503975707357133e-05,1.99645756959648e-05,3.527194554528865e-07,0.00022843927629183385,6.623719511863715e-05,4.081888326389742e-08,3.606494087735242e-06,0.00025836335962909664,0.2964774112128897,8.9774717487901e-05,1.3160598618073755e-05,0.00028898888021620337,1.7368276952364913e-07,0.001816757850289747,7.952022825418496e-05,3.921905516447086e-09
11,9.991803409274297e-05,5.88890921452552e-05,5.5313082064166644e-05,0.7029384115111861,0.001123945619229421,2.1927499185291243e-06,1.1606952389428193e-05,2.7358778142035346e-05,6.2230534990454354e-06,6.297155722941588e-05,2.100305259624896e-05,3.70684534068037e-07,0.00024972009537551054,6.583462719544007e-05,4.231303273122552e-08,3.6381176028109862e-06,0.0002598862545705419,0.2927753492070597,9.164058434621369e-05,1.3640086517523538e-05,0.0002936134122968943,1.8556803534133774e-07,0.0017551907854636802,8.305078202176195e-05,3.999455258182226e-09
12,9.657913220456268e-05,5.8862839184660936e-05,5.707966437605958e-05,0.6926288281035075,0.001190709558404673,2.3031648201442934e-06,1.1484312278963853e-05,2.6937608325303996e-05,6.473332827847888e-06,6.665219539252835e-05,2.0855392257520437e-05,3.664965544297492e-07,0.0002318769761074916,6.993939133549726e-05,4.1907159052310565e-08,3.7198050513800143e-06,0.0002718291141395532,0.3028423964986671,8.911319379382575e-05,1.4051044614171002e-05,0.0003032204328591503,1.762678517849239e-07,0.0019211967205153783,8.530263457579888e-05,4.213195596238122e-09
13,0.00011360572371778356,6.664389662750613e-05,5.6286114553136965e-05,0.6865601357057093,0.001358398868346481,2.0679591495334316e-06,1.330827603746083e-05,3.535717429045275e-05,6.45042569799719e-06,5.604394292955977e-05,3.201174787698605e-05,5.870211481762447e-07,0.00028098412227882586,9.150277738315724e-05,5.039169618062369e-08,3.509495990775471e-06,0.00029191695478662317,0.30893131740166097,9.921630748733256e-05,1.3745184574589765e-05,0.0003531445178754811,2.5793458680141476e-07,0.001558185847824738,7.526696903109002e-05,5.238739226633521e-09
14,9.911465173365797e-05,5.336966141113679e-05,6.959362639093418e-05,0.699610593894431,0.001045937439607552,2.5895372719271984e-06,1.2399776726821739e-05,3.1957835279416745e-05,6.710166577116818e-06,6.906937368437911e-05,1.8526795945491908e-05,4.5088838607418887e-07,0.00020951682443481868,7.706979456897322e-05,4.464376567273934e-08,4.609498182750108e-06,0.00029620692394676564,0.29575191247885174,7.026947895282567e-05,1.586079311550735e-05,0.0002690576884820702,1.6450183478422175e-07,0.0021961996233634228,8.876898494178761e-05,5.1181136677944745e-09
15,9.433486211530029e-05,5.7881388477338734e-05,5.431596344387222e-05,0.6992430017531847,0.0010960412864604177,2.231496475888504e-06,1.1150115048475546e-05,2.70295343471309e-05,6.178311780746857e-06,6.503975707357133e-05,1.99645756959648e-05,3.527194554528865e-07,0.00022843927629183385,6.623719511863715e-05,4.081888326389742e-08,3.606494087735242e-06,0.00025836335962909664,0.2964774112128897,8.9774717487901e-05,1.3160598618073755e-05,0.00028898888021620337,1.7368276952364913e-07,0.001816757850289747,7.952022825418496e-05,3.921905516447086e-09
16,9.989238853833646e-05,5.95025366268722e-05,4.4546281630391707e-05,0.6935364972797917,0.0010418296771695283,2.017350064921688e-06,1.0864151445853994e-05,3.159134787119941e-05,5.954484022242126e-06,5.578207247841972e-05,2.2927651042635085e-05,4.230448131267606e-07,0.0002373143583582892,7.305623840701674e-05,4.294047437276443e-08,3.129492456572856e-06,0.0002206407261343413,0.3027037355028858,9.237935154364828e-05,1.1379557966519409e-05,0.0002757934450909568,2.2551049526901015e-07,0.0014099010713204728,6.056973144064115e-05,3.807930686743213e-09
17,0.00012620571376191023,5.5284691636237514e-05,6.12651305148258e-05,0.6439567578091647,0.0014505171636396963,1.958672124863484e-06,1.3676954336363658e-05,2.8402901735144352e-05,6.988657043977331e-06,5.0466932650452826e-05,2.5289271137757748e-05,4.4450260872923065e-07,0.0002718709626697149,8.067108102449084e-05,3.303277247979079e-08,2.961168926900608e-06,0.0002653432774431084,0.35124845393964943,7.262233871446634e-05,1.382675100922528e-05,0.00034253976176720817,1.9208327225939076e-07,0.0018342700204364022,8.995318508521964e-05,3.99687465257235e-09
18,0.00010363467250951623,7.363522474669511e-05,8.244439542204268e-05,0.6134899057407432,0.001284701041619703,2.6326325101010667e-06,1.435914166001025e-05,3.330299826910562e-05,8.79283402004377e-06,9.663797763386743e-05,2.4662977944029212e-05,5.210257496054331e-07,0.00026834594368584455,0.0001232574366521839,4.9265809555307946e-08,5.3701095039189155e-06,0.0003491278437565057,0.3807795320348725,0.00011071853251759617,1.9418999811522293e-05,0.00047090996471930795,2.2168331574080402e-07,0.002539228369847515,0.00011858148415791155,7.668522059916684e-09
19,7.222807962108102e-05,6.0571716140944194e-05,4.183086182917977e-05,0.7932544872242552,0.0010102996700903045,2.223811276346719e-06,9.063477456257501e-06,2.3184095190133913e-05,6.459721311471511e-06,6.72833282905069e-05,1.5192892253515733e-05,3.2922136393511e-07,0.00019586864563628717,5.929039104089276e-05,4.4788368396505e-08,3.1540013043724233e-06,0.00020305530481256565,0.2031760294464788,7.57629527893313e-05,1.1596442714588222e-05,0.00017683364647752648,1.7489111808762435e-07,0.0014662694372933186,6.876231050723351e-05,3.6423796559293004e-09
20,0.00010724506127505821,5.219120494245589e-05,7.823063696234523e-05,0.6394057894968719,0.0013327629228533434,2.0872822143625593e-06,1.113489107065257e-05,2.4574513696625607e-05,5.242756020001508e-06,6.120182920824344e-05,2.0448879228584176e-05,3.698354993328978e-07,0.00019564716840915104,6.417347227817633e-05,3.076015412354732e-08,4.326129286384844e-06,0.0003693810737482994,0.35517140940786335,7.151037374482725e-05,1.3992198170390771e-05,0.0003670484735812578,1.109454571209693e-07,0.002529034052814377,0.00011205232499280191,4.309656831064467e-09
21,8.741216928837903e-05,5.9561803754023117e-05,5.026172777853048e-05,0.7162083553286697,0.0011279980951570503,2.4858113369497196e-06,1.1539004926835965e-05,2.6655830356316558e-05,6.56615544269277e-06,6.893206525342197e-05,1.981796009256157e-05,3.3410571539706113e-07,0.00021914644932595858,6.395943005860323e-05,4.48573920742616e-08,3.5489655296427896e-06,0.0002525179324617507,0.2794788500313318,9.769286915411303e-05,1.292984231461568e-05,0.0002803987311185025,1.797943369284162e-07,0.0018441614274379973,7.664565467696113e-05,3.957089409565022e-09
22,0.00011504548062986865,5.151865367866223e-05,5.7023239555726065e-05,0.6473990719712232,0.0009001683235438638,2.1901810047482735e-06,9.64021965945935e-06,2.9657829702437317e-05,4.499559032490951e-06,6.0137368172183885e-05,2.0905330461194678e-05,3.169708132702786e-07,0.00021384931831134398,5.6680308753630484e-05,3.318140557494166e-08,3.4072811870208294e-06,0.000308712879071149,0.3484150036752642,8.402949715392995e-05,1.134900023715401e-05,0.0003007797698648126,1.628256622481113e-07,0.0018946125712270294,6.120148696661544e-05,3.077418323467428e-09
23,9.433486211530029e-05,5.7881388477338734e-05,5.431596344387222e-05,0.6992430017531847,0.0010960412864604177,2.231496475888504e-06,1.1150115048475546e-05,2.70295343471309e-05,6.178311780746857e-06,6.503975707357133e-05,1.99645756959648e-05,3.527194554528865e-07,0.00022843927629183385,6.623719511863715e-05,4.081888326389742e-08,3.606494087735242e-06,0.00025836335962909664,0.2964774112128897,8.9774717487901e-05,1.3160598618073755e-05,0.00028898888021620337,1.7368276952364913e-07,0.001816757850289747,7.952022825418496e-05,3.921905516447086e-09
24,0.00017037815055381657,5.5313147035000234e-05,0.00011306229143120184,0.5396417915621021,0.0017630589129634304,3.284816836902907e-06,1.901690873288304e-05,3.553598172377293e-05,7.967191779820111e-06,7.039176690345826e-05,3.593713504896278e-05,6.304658169531989e-07,0.0003312700872221756,8.747201328877976e-05,4.5299812582204326e-08,5.755645160375764e-06,0.0004279587929802772,0.45379338878481773,7.983740015408829e-05,2.5517905405164718e-05,0.0004918760742669169,1.981819682917232e-07,0.002692143941977326,0.00014816083093059158,6.711087406946276e-09
25,6.93071881423398e-05,8.151562011860304e-05,5.5519278654558204e-05,0.7907066290983762,0.0009304653851957676,2.562847865699351e-06,7.89791097269834e-06,1.561897950346195e-05,7.560445425776977e-06,0.00011491385224190781,1.2816373110467378e-05,2.49748814634102e-07,0.00020576675950466852,6.487339379465609e-05,5.41264759348852e-08,3.887102305929497e-06,0.00024370296156285136,0.2049144285855727,0.00010659486914914789,1.3193013730110648e-05,0.00021935018396979572,1.5084777853463686e-07,0.002112161166684425,0.00011077537598001285,4.885069033844068e-09
26,0.00010504336473295325,5.1089447814079945e-05,7.353789287445717e-05,0.6559657195765899,0.0012849791807173537,2.100119287838997e-06,1.045554243933132e-05,1.9106550761776487e-05,7.141204068420072e-06,6.605084143643316e-05,1.6280932665887727e-05,2.8137921304605323e-07,0.00022120973390475065,6.511412245828891e-05,3.029168744210893e-08,3.5905518491060855e-06,0.0002670955724081036,0.33883316763484517,6.526771639366979e-05,1.58902257040036e-05,0.0003039776576780848,1.1389416628412724e-07,0.0024928166579553305,0.000129936142620983,3.765727229886013e-09
27,8.516547514538834e-05,6.126835878620995e-05,4.3435880581330686e-05,0.7398440733639776,0.001033697812190919,2.406416007311402e-06,1.0934860102942552e-05,2.7161559362295692e-05,7.58999909447167e-06,6.732035723114592e-05,1.804942069377487e-05,3.551085900391592e-07,0.00023486189226822537,6.531018874651859e-05,4.629305249558495e-08,3.3122441577382966e-06,0.00019183676279766032,0.25640725501852624,9.14398297707211e-05,1.2977835858248956e-05,0.00022076727923209995,2.1532157589894772e-07,0.001496068611558298,7.444624246508331e-05,3.868227399855187e-09
28,9.433486211530029e-05,5.7881388477338734e-05,5.431596344387222e-05,0.6992430017531847,0.0010960412864604177,2.231496475888504e-06,1.1150115048475546e-05,2.70295343471309e-05,6.178311780746857e-06,6.503975707357133e-05,1.99645756959648e-05,3.527194554528865e-07,0.00022843927629183385,6.623719511863715e-05,4.081888326389742e-08,3.606494087735242e-06,0.00025836335962909664,0.2964774112128897,8.9774717487901e-05,1.3160598618073755e-05,0.00028898888021620337,1.7368276952364913e-07,0.001816757850289747,7.952022825418496e-05,3.921905516447086e-09
29,9.433486211530029e-05,5.7881388477338734e-05,5.431596344387222e-05,0.6992430017531847,0.0010960412864604177,2.231496475888504e-06,1.1150115048475546e-05,2.70295343471309e-05,6.178311780746857e-06,6.503975707357133e-05,1.99645756959648e-05,3.527194554528865e-07,0.00022843927629183385,6.623719511863715e-05,4.081888326389742e-08,3.606494087735242e-06,0.00025836335962909664,0.2964774112128897,8.9774717487901e-05,1.3160598618073755e-05,0.00028898888021620337,1.7368276952364913e-07,0.001816757850289747,7.952022825418496e-05,3.921905516447086e-09
30,9.433486211530029e-05,5.7881388477338734e-05,5.431596344387222e-05,0.6992430017531847,0.0010960412864604177,2.231496475888504e-06,1.1150115048475546e-05,2.70295343471309e-05,6.178311780746857e-06,6.503975707357133e-05,1.99645756959648e-05,3.527194554528865e-07,0.00022843927629183385,6.623719511863715e-05,4.081888326389742e-08,3.606494087735242e-06,0.00025836335962909664,0.2964774112128897,8.9774717487901e-05,1.3160598618073755e-05,0.00028898888021620337,1.7368276952364913e-07,0.001816757850289747,7.952022825418496e-05,3.921905516447086e-09
31,0.00011593621504258577,5.561983924450691e-05,6.68212724029533e-05,0.6528223358738143,0.0009021795965462204,1.968705624727122e-06,1.1147022073275997e-05,3.227665823994813e-05,4.865929166414393e-06,6.108548603224345e-05,1.9425201333714763e-05,3.661294215843832e-07,0.00023619005186113407,6.245958387344873e-05,3.0823453160085064e-08,3.8334364223126955e-06,0.0002992166663713581,0.3429737323852773,7.880638827020389e-05,1.2264804231191425e-05,0.0003131613624495644,1.5393463370379324e-07,0.0018558122733160997,7.030691346135354e-05,3.447436638937589e-09
32,9.296809367857321e-05,5.830647439507883e-05,5.293320341232716e-05,0.7060054928692798,0.001104831307402194,2.2906700324679176e-06,1.1319766944268149e-05,2.6855168270659464e-05,6.179755592819379e-06,6.602892661989437e-05,1.9993329217360594e-05,3.399120111350631e-07,0.0002289069403857874,6.341357855782372e-05,4.3834204622565576e-08,3.7226016920881964e-06,0.0002619327432339137,0.2896619463029602,9.848153250151697e-05,1.3103257491891534e-05,0.0002985838477122009,1.777544831511721e-07,0.0018413127571758816,8.083140138505918e-05,3.97135949702234e-09
33,5.92216551642475e-05,0.00010477329301771009,0.00012933450607183048,0.6313777006564393,0.0023938273501764393,6.938805692625826e-06,1.697315857036518e-05,2.1577228206805358e-05,3.883786057286626e-05,0.0003791263634049241,1.5179521089442322e-05,3.172008068412886e-07,0.0001826368904487497,0.00023442293576340077,1.1585182509943997e-07,8.713653621991456e-06,0.00028494841074270074,0.3577102630974271,0.00014814739670873507,4.3839526675532184e-05,0.0005042704385754471,1.6367307084587654e-07,0.006072189685403271,0.0002664627089050237,1.813161867525724e-08
34,0.0002325911026035979,3.862181897683363e-05,5.667354151770873e-05,0.5744993134537487,0.0010751964942466552,1.3375206394262135e-06,1.2067550412785428e-05,2.240947888194402e-05,3.680546420190213e-06,2.783746586881005e-05,2.9635060390227358e-05,2.765239572602525e-07,0.00033179275848835944,3.536483080882179e-05,2.8222597014231018e-08,1.9131304056198024e-06,0.00022858183792528428,0.421597568476055,8.866297160469154e-05,7.985427240106699e-06,0.00036320961556923623,1.5318748088286136e-07,0.0012809086077415464,6.418852927328212e-05,1.8471459019279015e-09
35,9.305278833377379e-05,5.865314559463559e-05,5.4631798516058776e-05,0.7037411013393783,0.0011171819383375705,2.239121547917623e-06,1.1162356073684422e-05,2.670475309283108e-05,6.250869538483676e-06,6.574880489698066e-05,1.9977568779984346e-05,3.535176390437271e-07,0.000228773834505604,6.719221102597139e-05,4.1830499818364483e-08,3.639460806796664e-06,0.0002604750892866191,0.29193158477349923,8.995410093066908e-05,1.3423655880446732e-05,0.00028973930914652057,1.735623167416574e-07,0.0018371270006148671,8.0813156339458e-05,4.013417862966228e-09
36,8.487792152639811e-05,5.5700337040438356e-05,4.8642963702367804e-05,0.723120562143241,0.0008668291748179627,2.193869141509044e-06,9.989115765852559e-06,3.05279530034593e-05,5.7322829025979334e-06,6.757639387435099e-05,1.7561350647340394e-05,3.55495026940775e-07,0.00021249759990014277,6.684722132588715e-05,4.048884139875454e-08,3.5832028700398693e-06,0.0002401394089134471,0.2731806918405573,8.475238716068814e-05,1.2170891299116044e-05,0.00023423854088270142,1.886234353515934e-07,0.0015930130260376893,6.128410388848278e-05,3.6641973840419934e-09
37,6.124787478196985e-05,6.23640227834728e-05,3.8647880314316605e-05,0.7790305694062699,0.0009078038961245316,2.708286984790429e-06,9.515055473954995e-06,2.7967540737638407e-05,5.516957646052274e-06,7.711949750362372e-05,1.7239044963019706e-05,2.994274531967011e-07,0.0001735426597727154,5.6756253567338964e-05,5.575523383354241e-08,3.913202444156663e-06,0.00025551202729209854,0.21710975469436417,0.00011556499917035344,1.140394060270147e-05,0.00023747662524650786,1.8363420005780118e-07,0.0017367429867107568,5.809037347790207e-05,3.956880843261837e-09
38,0.00011007978521557355,4.7267235379312985e-05,5.483963761078101e-05,0.6580597181652544,0.0008235132504764574,2.8156322104354706e-06,1.276045176735605e-05,2.9028768461581855e-05,4.914860403984729e-06,6.275968793799071e-05,1.914289948968599e-05,2.800351953400557e-07,0.0002600889708613107,4.30891859594607e-05,4.159137881071775e-08,4.3686136743473625e-06,0.00026758769856644884,0.33778406816314693,0.0001044482086591454,1.424881904777553e-05,0.0003052571800198371,1.706405766940281e-07,0.0019149494293691828,7.455803576853917e-05,3.0535685180218975e-09
39,9.738639723151933e-05,5.597430539138897e-05,5.448004668767093e-05,0.6907318883718864,0.0010751166618207363,2.3211386133180904e-06,1.175477977400126e-05,2.9575363258746055e-05,5.9316083571640015e-06,6.296486837491636e-05,2.0699907063106164e-05,3.6881194973467276e-07,0.00022932889397679875,6.376039022789145e-05,4.0217447743019626e-08,3.7749771561942357e-06,0.00026911150057736465,0.30498029046893194,9.067893687948237e-05,1.3142729361982017e-05,0.0002981447123095766,1.7835818896920242e-07,0.0018258772463400662,7.72054370314505e-05,3.871161814371605e-09
40,0.0001415581959792241,7.259653517744016e-05,7.44068595815643e-05,0.6949057356951367,0.001429426766383638,2.630865711484524e-06,1.3606453712301992e-05,3.3282857941330444e-05,6.5105300428992535e-06,6.438303728575148e-05,3.096626032088129e-05,6.325265027879477e-07,0.00029571691899833664,8.330010084483124e-05,4.797632720438742e-08,3.911199940215661e-06,0.00036287664213863956,0.3001105316801691,7.57909628006589e-05,1.6131115622293903e-05,0.0003032355553112144,2.3936289351146116e-07,0.001882703586971895,8.977275124383611e-05,5.562962222898817e-09
41,8.186554232374043e-05,5.399842702056607e-05,4.343100281908741e-05,0.7685818861719126,0.0011162442973419217,2.224948581792007e-06,9.159304782489313e-06,2.297238074674424e-05,5.832985627321193e-06,5.897786016748014e-05,1.7068643326212048e-05,3.095136932505792e-07,0.00018737527641508834,5.2386555818429764e-05,4.522879631540879e-08,3.1014720334513804e-06,0.00021739186934016842,0.22764595607030472,7.655466749461969e-05,1.1335819702039676e-05,0.00019517866658292098,1.5679412232686158e-07,0.0015491163259754599,6.742681685687447e-05,3.3582143480626134e-09
42,9.114430433521716e-05,5.8258757259149304e-05,4.925469430024095e-05,0.7281764874707461,0.0010157382339762442,2.3074834817727783e-06,1.0894714162928589e-05,2.8396664250221715e-05,5.6464284100902516e-06,6.368598458086055e-05,2.002334705212993e-05,3.5720403202709384e-07,0.0002327274689086314,5.881793211580005e-05,4.382958749235753e-08,3.6971491445983006e-06,0.0002604758749472441,0.26782350174539127,9.480636435958218e-05,1.2695307162988776e-05,0.0002615856135456569,1.9095493587492038e-07,0.0016566921479354514,7.256656689540574e-05,3.758483005941095e-09
43,7.834406118475504e-05,5.8661474167997834e-05,5.0339557585823827e-05,0.7054809459080416,0.0010307372667330717,3.333189797833928e-06,1.1300414651671123e-05,2.9906298229293713e-05,7.697801367892898e-06,9.765971167384198e-05,1.802130424182311e-05,2.929267774445676e-07,0.00019981876037534135,6.56571589968342e-05,5.880198736378367e-08,4.6121086617159676e-06,0.00025596963307773687,0.2899661124337911,0.00012747903808712702,1.4638452122468692e-05,0.0003010962674246486,1.9876042205321544e-07,0.002120653123730456,7.646105121191638e-05,4.495658187275296e-09
44,9.433486211530029e-05,5.7881388477338734e-05,5.431596344387222e-05,0.6992430017531847,0.0010960412864604177,2.231496475888504e-06,1.1150115048475546e-05,2.70295343471309e-05,6.178311780746857e-06,6.503975707357133e-05,1.99645756959648e-05,3.527194554528865e-07,0.00022843927629183385,6.623719511863715e-05,4.081888326389742e-08,3.606494087735242e-06,0.00025836335962909664,0.2964774112128897,8.9774717487901e-05,1.3160598618073755e-05,0.00028898888021620337,1.7368276952364913e-07,0.001816757850289747,7.952022825418496e-05,3.921905516447086e-09
45,9.221162759889698e-05,5.4568616647210165e-05,4.913043911131333e-05,0.7241324099005911,0.0010864829136492378,2.272701086046264e-06,1.1549713562332662e-05,2.7195860763804458e-05,6.101911612751153e-06,6.019113872604238e-05,1.9361955514438446e-05,3.4045559807600213e-07,0.0002276047135383118,5.7814431141291883e-05,4.334162146162604e-08,3.4666301799948235e-06,0.00023491112191850155,0.2718567471188692,9.00744874857295e-05,1.2544243636885296e-05,0.0002578309205396446,1.7669024420162273e-07,0.0016434223836974602,7.354309738044732e-05,3.585285513647285e-09
46,7.450829269191839e-05,6.200742015628717e-05,6.293873253135614e-05,0.6290031752517912,0.0012935752665832,2.603226687805645e-06,1.3172131339290045e-05,2.4638570276775066e-05,1.1457549586057757e-05,9.988365519504342e-05,1.7766531162170578e-05,3.058314773077804e-07,0.00022008795835446707,0.00010610209339451671,4.65863149692844e-08,4.1142336395571e-06,0.00020744929736822893,0.3658295033391437,0.00011130012878258993,1.7869134314140245e-05,0.0003865542660799381,1.6251025524164798e-07,0.0023410211901433347,0.00010975137678349885,5.425947551150085e-09
47,0.00011378408039788092,7.109123071142955e-05,5.257654113337857e-05,0.7398762004720362,0.0008993139984189309,2.1047576182026157e-06,1.0328971212972616e-05,2.975831070463067e-05,5.11339980990043e-06,6.195683128216902e-05,2.143784856032842e-05,4.6276013878828213e-07,0.00033193318034585985,5.44753578428044e-05,4.006732268983154e-08,3.915818887707645e-06,0.00024344045160963818,0.2566330011134419,8.252753430989515e-05,1.4322661495938711e-05,0.00020260687230424387,2.4530807808903103e-07,0.0012130538996805037,7.630478872849855e-05,3.743927518085374e-09
48,0.00011099077359041486,4.9939365402939444e-05,8.108285785489582e-05,0.5989044322955567,0.0017865221983857998,2.2994838738598215e-06,1.4591740218195805e-05,2.380652571558501e-05,9.326288036610129e-06,6.489220888938455e-05,2.5364001993328964e-05,4.394966506786931e-07,0.00027877526255608407,9.190045207506506e-05,4.36691776054281e-08,4.475805962938211e-06,0.0002635693335051127,0.3953300913499214,7.93857347675512e-05,2.2495770431197833e-05,0.0004107547317690961,1.5502574413078922e-07,0.002285455173203684,0.0001592046983065408,5.756411084092441e-09
49,0.00010809562748777206,5.741911049237523e-05,6.23164347265202e-05,0.6922931847945686,0.001099732130791349,2.53637584807485e-06,1.167792450120745e-05,2.97879736603486e-05,5.928227948494404e-06,6.35632818439163e-05,2.155933265854244e-05,4.1973771417921003e-07,0.0002407910177895184,6.419861440557771e-05,3.848050486225215e-08,3.881122156483626e-06,0.0002864627083682784,0.30335192493471375,7.171619823457597e-05,1.4908819123403553e-05,0.00026051482026893377,1.7453569548173273e-07,0.0018679817934229258,8.118202100068658e-05,3.982073971598406e-09
50,8.409042291358903e-05,6.59833142358095e-05,4.997857663114693e-05,0.7147080716601563,0.001022030478156491,2.4361372073222438e-06,1.3148031321778096e-05,3.205950295049612e-05,8.278687592349492e-06,8.281469353462095e-05,1.8415318534960936e-05,3.5772750450490206e-07,0.0002467666682204771,8.13083597609046e-05,4.8010673700680177e-08,3.5845669147049415e-06,0.00020987824654871895,0.28127754721018794,0.00011205869295644762,1.3049526756338218e-05,0.00028762828399611786,2.2433893829502173e-07,0.001612908931898352,6.732833572760303e-05,4.276681079972217e-09
51,0.00018684162304440834,2.2302143211210263e-05,0.0001533335453533578,0.2575566664167287,0.0027749219565125914,3.6682735424920364e-06,3.0163292952378473e-05,2.2158117104781005e-05,8.806142292890166e-06,4.9725566638198835e-05,4.0989703900337354e-05,3.926509601834237e-07,0.00026246719445430477,7.47082865441791e-05,2.751133884010433e-08,6.118778731365751e-06,0.0006104178300513091,0.7301744088509321,7.928308141877251e-05,3.231636448721711e-05,0.0013472205902652827,1.0312932207682744e-07,0.006222811960594443,0.00034013973420153116,7.25541697026733e-09
52,0.0001084433153313238,7.034279866793974e-05,6.917015174886478e-05,0.7085755079345736,0.001604820329013946,2.213817706724969e-06,1.5182317923530616e-05,2.9749215143918972e-05,6.544765973447769e-06,5.767817064294058e-05,2.6280673874391654e-05,5.29631843658339e-07,0.0002541120869313602,8.078919417333517e-05,4.109299551033874e-08,3.960460412641649e-06,0.0003652913930119742,0.2859091834647804,8.397412419927453e-05,1.4710440889922257e-05,0.0003845266632088421,1.7966692043720965e-07,0.0022280228513477923,0.00010873990987140129,5.528812843428285e-09
53,8.332026675042921e-05,6.60455239138002e-05,4.854817998602097e-05,0.7532794649500638,0.0009484795173318591,1.744375359633499e-06,6.576147552471574e-06,1.9671237768853748e-05,4.904178368667139e-06,7.590925134285647e-05,1.6516710094820424e-05,2.6498946422629566e-07,0.0002231437860857491,5.521735255765613e-05,3.994287424934247e-08,3.3982866631072184e-06,0.0002533117165962377,0.2429902754976517,9.667824037508118e-05,1.1493224142713668e-05,0.00022948871117596932,1.615813223242641e-07,0.001507307629089398,7.803537350664013e-05,3.329961623125747e-09
54,7.817515676054589e-05,8.662712257544404e-05,6.842421649152674e-05,0.7346969257751209,0.0012822040839519508,2.4761417643879802e-06,1.1817012415901202e-05,2.966910356443966e-05,9.516648662942712e-06,0.00010613615860850955,1.9313484356277355e-05,5.136117696143898e-07,0.0002465508593392553,0.00011260127827528636,5.798944268136098e-08,5.209346703883415e-06,0.0002646980220053373,0.26056809109384443,9.86982192237934e-05,1.8578341364519345e-05,0.00028897028376093846,2.1537051852897208e-07,0.0018970226335721736,0.00010750053635244654,7.509554356995879e-09
55,0.00010792852330010677,5.052466846927322e-05,5.5534640063200426e-05,0.688596208364227,0.0014020349145039282,1.9350467909676888e-06,1.3940022026664193e-05,2.579746917524214e-05,7.208952978005781e-06,4.4335768001927395e-05,2.1952569835295055e-05,4.752141916980746e-07,0.0002555417793154868,6.516215651424319e-05,3.3195342816901176e-08,3.2505609156486863e-06,0.00021064525667682064,0.307086167384455,6.539944228092612e-05,1.3806255060796297e-05,0.0002637371864948267,1.6196398792220713e-07,0.0015990505232476042,0.0001091641507428137,3.991402040311345e-09
56,9.833030711643291e-05,5.866735876346523e-05,5.478322207563694e-05,0.699085348978592,0.0010974591937634164,2.2349756366587065e-06,1.143252533755722e-05,2.742094128372674e-05,6.215466118843589e-06,6.410062941609056e-05,2.0560667124518296e-05,3.6259526264663125e-07,0.0002389906392070495,6.618077896749497e-05,4.134289819102646e-08,3.5794433322590507e-06,0.0002587737638186564,0.2966419028369387,9.066887571977612e-05,1.324629280417705e-05,0.0002909806279767388,1.8124855190839699e-07,0.0017884768007745313,8.005654942827323e-05,3.9390912198060215e-09
57,8.983299677135707e-05,6.968317044979889e-05,5.23834827703771e-05,0.7232105068711466,0.0011343139607599426,2.071282227489977e-06,1.199199957949011e-05,2.8293907578502753e-05,6.26025293950198e-06,7.05581170752808e-05,2.1584091175341306e-05,3.705610132160723e-07,0.0002837331927566648,6.56424326936021e-05,4.765682164702579e-08,4.1830484149572405e-06,0.00026558301312924786,0.2724968256342653,0.00012564859203287806,1.4072609573529728e-05,0.0003344043782567146,2.1422076634885141e-07,0.0016215623586873465,9.022773777229801e-05,4.4313427252562785e-09
58,9.612562403150389e-05,6.149927494279702e-05,5.86606857976474e-05,0.7057862021557467,0.0012816835148554836,2.273140039437981e-06,1.2038790374222978e-05,2.5131417284144637e-05,7.0937469524521195e-06,6.706931975099396e-05,2.0914958747723387e-05,3.7365012931211407e-07,0.00025589911315298055,6.936928497202153e-05,4.512929138305813e-08,3.942660698205796e-06,0.0002615468463271051,0.289560064632629,9.37707181459037e-05,1.5520187573477032e-05,0.0003097684173595883,1.8026896410437017e-07,0.0019071279507884393,0.00010369397448904855,4.536956437224943e-09
59,9.515210415752745e-05,6.16431076435706e-05,6.17929917162218e-05,0.6975414904802069,0.0012407156028855823,2.2451550237937555e-06,1.1697856547137271e-05,2.550885999192814e-05,6.887581901164877e-06,6.988531774448656e-05,2.032338470428534e-05,3.7460200837652077e-07,0.00024617447266809,7.255285980749447e-05,4.301271032888808e-08,4.065026007485109e-06,0.00027451510201500324,0.29774521024666495,9.066450385442307e-05,1.5485278991760953e-05,0.00031781032749831847,1.7094969265648055e-07,0.0019932539337302268,0.000102332640655943,4.601172423339461e-09
60,9.433486211530029e-05,5.7881388477338734e-05,5.431596344387222e-05,0.6992430017531847,0.0010960412864604177,2.231496475888504e-06,1.1150115048475546e-05,2.70295343471309e-05,6.178311780746857e-06,6.503975707357133e-05,1.99645756959648e-05,3.527194554528865e-07,0.00022843927629183385,6.623719511863715e-05,4.081888326389742e-08,3.606494087735242e-06,0.00025836335962909664,0.2964774112128897,8.9774717487901e-05,1.3160598618073755e-05,0.00028898888021620337,1.7368276952364913e-07,0.001816757850289747,7.952022825418496e-05,3.921905516447086e-09
61,9.918859660848058e-05,6.139473098353499e-05,6.456329309660231e-05,0.6836108377334673,0.0012884376031391557,2.279648438234467e-06,1.2306269083977875e-05,2.589972385173566e-05,7.209183972467737e-06,6.983955686583642e-05,2.10383370361435e-05,3.8611610239948897e-07,0.0002474782042229751,7.508288032322111e-05,4.198845759561522e-08,4.0215341442619955e-06,0.00027720004289767187,0.31153068795633193,9.03599121000742e-05,1.5484576966109393e-05,0.0003342942215996465,1.692676977409314e-07,0.0020556485070683554,0.0001061454130319969,4.702512411741329e-09
62,9.433486211530029e-05,5.7881388477338734e-05,5.431596344387222e-05,0.6992430017531847,0.0010960412864604177,2.231496475888504e-06,1.1150115048475546e-05,2.70295343471309e-05,6.178311780746857e-06,6.503975707357133e-05,1.99645756959648e-05,3.527194554528865e-07,0.00022843927629183385,6.623719511863715e-05,4.081888326389742e-08,3.606494087735242e-06,0.00025836335962909664,0.2964774112128897,8.9774717487901e-05,1.3160598618073755e-05,0.00028898888021620337,1.7368276952364913e-07,0.001816757850289747,7.952022825418496e-05,3.921905516447086e-09
63,9.065813889934092e-05,6.204402594842954e-05,5.246646517430336e-05,0.7138459318542799,0.0010803844293070899,2.245593344180296e-06,1.0924793341440155e-05,2.710162339353228e-05,6.211536905609578e-06,6.75900292583025e-05,1.981492347009704e-05,3.5662108405787457e-07,0.00022756471331621727,6.631002828147012e-05,4.309486601106964e-08,3.6781976133148704e-06,0.00025824981779070397,0.2819223973281158,9.586037752518195e-05,1.2881104484995413e-05,0.0002853587138752656,1.8139825451822383e-07,0.0017825034892334202,7.923762012875191e-05,4.082108082117218e-09
64,0.00010322731971604263,5.97885700363581e-05,6.154306004511266e-05,0.6618393162515014,0.001228049611966339,2.2925778415642144e-06,1.3089771626860568e-05,2.9009218324059365e-05,6.447013766231417e-06,6.685144676029598e-05,2.277196298347585e-05,3.7403006177160506e-07,0.0002467110915460318,7.263741042962245e-05,4.171595260403338e-08,3.971002453870361e-06,0.0003010551339067142,0.33325193572509226,0.00010421650291065852,1.409488281683789e-05,0.0003894165976064816,1.8033040730214692e-07,0.002092016554726547,9.095778203870513e-05,4.435482858490153e-09
65,9.173698293979473e-05,6.816849260768597e-05,6.471091168191613e-05,0.6937792054702306,0.001157567322814501,2.1259854265836768e-06,1.1150608742053198e-05,2.71904788670014e-05,7.767464302371654e-06,8.00182086963469e-05,1.9075536296123873e-05,4.014816107400862e-07,0.00025111625951726327,8.927632361611869e-05,4.149472624545766e-08,4.018882983250164e-06,0.00025136165771334046,0.3017345219381589,8.614212050483018e-05,1.5945079543770453e-05,0.0002960256330801126,1.829248987029514e-07,0.0018662400767750715,9.60036977404939e-05,4.966526143039522e-09
66,0.00011138708028604865,5.5463591180291794e-05,6.211853796840985e-05,0.6760339920889589,0.001156701264756886,2.0216914573611857e-06,1.2263492867958656e-05,2.849802838076079e-05,6.068229205811356e-06,5.9736443631806365e-05,2.241461526881933e-05,3.8357069363671664e-07,0.00029614934469295566,6.68565265188048e-05,3.8522846858537856e-08,3.5930953340823784e-06,0.00024503695289192494,0.31983363215773475,7.897825597397249e-05,1.5900601145708465e-05,0.00028180998017154923,1.8200051435418942e-07,0.0015482472750090726,7.852301665736808e-05,3.63585199453208e-09
67,0.00010496925911754469,3.924868447352591e-05,0.00010359603030820866,0.5827445053683055,0.0009533819022305658,1.9267051242129166e-06,9.260471521745144e-06,1.967518019556022e-05,3.7570791459358245e-06,6.416223316301796e-05,1.528115401848212e-05,1.9789256100544e-07,0.0002481887344960719,5.7597307882349814e-05,3.087689836593735e-08,5.92593144946816e-06,0.0004422878554685423,0.41079689339666053,6.139096068392104e-05,2.7031575639633924e-05,0.0004565473420517619,8.127825453587423e-08,0.0037221592931510495,0.00012190003486564219,3.4523328292568144e-09
68,0.00012302173296467259,5.1226362422756256e-05,2.8653182451159786e-05,0.6821128226023375,0.0005921602224515717,1.727048121395632e-06,9.53749293667276e-06,4.100411389104928e-05,2.079885678344441e-06,3.663786265528361e-05,2.499923596562487e-05,2.595992128782725e-07,0.00022278401341368568,2.3215925716073787e-05,2.989162074626613e-08,2.8154301888659485e-06,0.000282345125343926,0.31484641287101633,0.00017689941461213795,4.796736557878523e-06,0.0003321772339526026,2.1418591714480965e-07,0.001053314735760001,3.086351020217959e-05,1.5846096429853306e-09
69,9.43675282663013e-05,5.590447141855351e-05,7.766956899966855e-05,0.6145851774366261,0.0011195894151012555,2.454225116093861e-06,1.370777980143437e-05,3.2061163669754856e-05,8.019338928207049e-06,8.339368245285358e-05,1.988010165592517e-05,3.931064307104808e-07,0.000255757829780621,9.803462976172048e-05,4.2322516990683825e-08,5.038524925925502e-06,0.0002743356212013003,0.3803580275563178,8.761345540656335e-05,2.0488799253864407e-05,0.0003919264652619263,1.6775027654289084e-07,0.0023158605592064813,0.00010008336208901572,5.305534352214487e-09
70,0.00010646575582304622,7.059916885093153e-05,6.889283518246303e-05,0.5135236118469115,0.000864380045112645,2.648735006437731e-06,1.1826499994074679e-05,3.585067877892921e-05,5.496011714539732e-06,0.00010206011897066026,2.6828726801906512e-05,4.047993538907027e-07,0.00028832147916143413,7.736357854022499e-05,3.967885196994054e-08,6.774944990905471e-06,0.00039645147260504486,0.4811858413933847,0.00019141576324558081,1.5985836604460777e-05,0.0006388476253662548,2.4049009235367127e-07,0.0022665455303426717,0.00011310120894083681,5.775372309003752e-09
71,6.793878927468435e-05,7.724143815009742e-05,9.234593087552987e-05,0.5941153768038566,0.0021136025591390523,2.455913379869746e-06,1.960221683030676e-05,2.8598241611375695e-05,1.758350667385501e-05,0.00011740613780532922,1.9483338627683263e-05,4.202491510533477e-07,0.00027751281628336,0.00019726302830963812,4.928468328270987e-08,5.9131156388267714e-06,0.0002491211763136686,0.39843776718588053,0.00010468571734454167,3.308753132142539e-05,0.000622550734304694,1.7145796043080364e-07,0.0032166841006135163,0.00018312910628709084,9.619683392000033e-09
