,0,1,2,3,4,5,6,7,8,9,10,11,12,13,14,15,16,17,18,19,20,21,22,23,24
0,0.00010302476225831062,0.0014183900493412046,8.543673777434618e-07,0.09864955940176964,4.545291110909579e-06,3.1422059340593757e-07,0.00029563980861780015,5.276612989800169e-05,4.8550665676426e-10,0.0004390241638591781,2.6592086126591765e-05,0.0001203309094164564,4.77586367386989e-06,0.00041041037092905326,1.2784317388942254e-09,1.0881302114536959e-07,6.470134996907249e-06,0.8959944568962771,1.647333760355264e-07,3.045538086184109e-06,0.0005535603273466048,2.4008163049826737e-05,0.0013207184594747842,0.00021184845756295285,0.00035938928789802557
1,0.00010358234587357427,0.002397480658022049,8.21394029098327e-07,0.14583680626542006,5.214984751617e-06,3.2774921344918555e-07,0.00032864095034554916,8.019352847740009e-05,7.583519951150135e-10,0.0009668653629554432,2.035332973037047e-05,0.00010399815696836725,4.215271382344955e-06,0.000521712910677992,2.0887784205317207e-09,1.6552124919037314e-07,8.3358354544068e-06,0.8458715594513503,3.204590712042881e-07,3.168705966807301e-06,0.0010842609762463946,3.5801853246786795e-05,0.0016148595496184447,0.00023043078421739353,0.0007808811086013099
2,9.82109288523277e-05,0.001982425659803542,5.171932492936409e-07,0.12086640530920482,3.923642428027532e-06,2.611931304580668e-07,0.00025376986671967253,6.18466663693169e-05,3.577993598884734e-10,0.0005769572516538735,1.809704857070415e-05,0.00010952864475311044,3.076326404186739e-06,0.00048422817808522334,2.1979136809415948e-09,1.2990478968791987e-07,1.0453630901874387e-05,0.8710915486102581,1.989726982511033e-07,2.616242995037766e-06,0.0009692117501259022,4.370295134414387e-05,0.0025175259110427894,0.00020269978636095498,0.0007026617745457919
3,7.806090650430548e-05,0.0017880772118498596,5.31640300338338e-07,0.1160682501080227,3.6429751453942316e-06,1.9364093271082637e-07,0.00020631207716467724,5.128221091914392e-05,3.0980339261073815e-10,0.0005042814409893102,1.6868615341811978e-05,9.059857598274029e-05,3.1006535521423607e-06,0.00037968113574002614,1.168786486267358e-09,7.906081022744062e-08,7.490047013939511e-06,0.8778356963446983,1.457968822776448e-07,2.136897629569118e-06,0.0007396108980597834,2.6728954535944954e-05,0.0014764680565006413,0.0001936074169670239,0.0005271538558672516
4,7.757480647336458e-05,0.0019327950379786135,6.101300599973889e-07,0.1217222402784772,4.372968356756331e-06,2.2951039433165114e-07,0.00022113551733856193,4.7569599097497995e-05,3.40978099790074e-10,0.0005305301707091668,1.819274408154975e-05,9.590331449829276e-05,3.920149390389437e-06,0.00047234410343905363,1.2366043353423502e-09,8.512695193979458e-08,7.116176743977941e-06,0.8718826697285952,1.4928347807936817e-07,2.2610297229817155e-06,0.000714456642766133,2.6706286039967975e-05,0.0015439584556457928,0.0001953251035196343,0.0004998522586591409
5,0.014535197050373691,0.030315834934116284,4.769742757389145e-05,0.1024093478772252,5.2621143960660284e-05,1.2385710496845196e-05,0.014254837197588643,0.000640312844390491,1.5383651456184806e-07,0.0038843146051889535,0.00045269472203699444,0.006886167120164525,3.247327746617882e-05,0.017407709442000974,1.0075247838129063e-06,1.542900916147178e-05,0.00013588869170063045,0.7683280199532957,5.750110273798204e-05,2.5109973274230994e-05,0.00779518069565322,0.0034523622160442624,0.008751284354193485,0.0008597209975239869,0.01964674829253332
6,7.806090650430548e-05,0.0017880772118498596,5.31640300338338e-07,0.1160682501080227,3.6429751453942316e-06,1.9364093271082637e-07,0.00020631207716467724,5.128221091914392e-05,3.0980339261073815e-10,0.0005042814409893102,1.6868615341811978e-05,9.059857598274029e-05,3.1006535521423607e-06,0.00037968113574002614,1.168786486267358e-09,7.906081022744062e-08,7.490047013939511e-06,0.8778356963446983,1.457968822776448e-07,2.136897629569118e-06,0.0007396108980597834,2.6728954535944954e-05,0.0014764680565006413,0.0001936074169670239,0.0005271538558672516
7,8.092207930542564e-05,0.0025938871013283077,8.094495263856841e-07,0.11794355148331317,2.9291095954812496e-06,1.311157674125277e-07,0.00030393102909144823,4.815511423361687e-05,4.0584762085384886e-10,0.0003957991324413318,2.385275361911082e-05,7.701795890721115e-05,7.348834908812655e-06,0.0003191612877758962,8.753519866853798e-10,4.3020174867978126e-08,6.672291085475246e-06,0.8762314338904714,1.04023444341623e-07,3.060558437520804e-06,0.00037050083655945393,1.7636180214346418e-05,0.0008887341815300624,0.0003025108869371847,0.0003818064001320531
8,7.123227767043326e-05,0.0014047808362575652,3.723261053869958e-07,0.06816656447905325,2.865189004049068e-06,2.144486421305062e-07,0.00016253124700136613,3.632142103060279e-05,2.613329074206545e-10,0.00031653146829873735,2.1842347860690796e-05,9.128944333717996e-05,2.471208859310907e-06,0.00027605764300964994,1.0785588837408691e-09,5.959470904927193e-08,6.4366899387334275e-06,0.9272356027653733,1.332808604135702e-07,1.748715951375214e-06,0.0005952197653780019,2.769005594225995e-05,0.001140339333510884,0.00013211926060893622,0.00030757486170507613
9,7.786036364281321e-05,0.001760955103619985,5.184246316177248e-07,0.11349077303575739,3.608864473158425e-06,1.9562031954955817e-07,0.00020369659699184548,5.0517268474549617e-05,3.042627765239309e-10,0.0004966589732607224,1.6944247376914335e-05,9.094801747525002e-05,3.0365408953849535e-06,0.0003767091978280075,1.1696329635851335e-09,7.907609334392185e-08,7.466102427879232e-06,0.8804645872157267,1.4575194943020692e-07,2.1086433985514702e-06,0.0007399622743738201,2.7026241738229615e-05,0.0014804494062099112,0.0001890447148733763,0.0005167068445658702
10,7.806090650430548e-05,0.0017880772118498596,5.31640300338338e-07,0.1160682501080227,3.6429751453942316e-06,1.9364093271082637e-07,0.00020631207716467724,5.128221091914392e-05,3.0980339261073815e-10,0.0005042814409893102,1.6868615341811978e-05,9.059857598274029e-05,3.1006535521423607e-06,0.00037968113574002614,1.168786486267358e-09,7.906081022744062e-08,7.490047013939511e-06,0.8778356963446983,1.457968822776448e-07,2.136897629569118e-06,0.0007396108980597834,2.6728954535944954e-05,0.0014764680565006413,0.0001936074169670239,0.0005271538558672516
11,7.701424963341548e-05,0.0018083336864585398,5.456463330097722e-07,0.11514641336259207,3.655073055463119e-06,1.9431909563721212e-07,0.00020865774709622633,4.97437704035951e-05,3.1163225957070047e-10,0.0004945693894554653,1.7105558669117793e-05,9.094605320134754e-05,3.4277454932387942e-06,0.0003844692080874697,1.1457322908874802e-09,7.684062577804263e-08,7.439645812265017e-06,0.8788247958639936,1.3867023169527588e-07,2.2095536202331864e-06,0.0006924021113889031,2.6113337420738708e-05,0.0014632080110684885,0.00019788201686322685,0.0005006566820360183
12,0.00013336990964080256,0.00354234096048909,1.4029296688210932e-06,0.20687348661149085,4.110969279095955e-06,2.063069002214561e-07,0.0005849051757946736,0.00015316423313002008,1.86663352902802e-09,0.0010350918219117532,3.1232761512524834e-05,8.723540145668224e-05,6.046330931495286e-06,0.0003492324921814464,2.7275651416115987e-09,1.1799416345965348e-07,1.0050675524326656e-05,0.78339217209744,4.303757634957813e-07,4.928939639645632e-06,0.0010389172033824189,2.6734055500486306e-05,0.0010375201289185637,0.0004407927443367262,0.0012465052867446707
13,9.957188865890494e-05,0.001676400904433833,7.02861158139488e-07,0.11520435276783368,4.498465739312219e-06,1.9656917634296342e-07,0.00020702434512787118,5.4913587588816044e-05,3.4015146733830794e-10,0.0003509763958384888,2.636931594300705e-05,0.00017264069510037857,3.57511551847624e-06,0.0005165339052429015,1.4463039322164803e-09,7.347387669857535e-08,1.0133817825065765e-05,0.8785808721952207,1.82637078872326e-07,2.199035271014056e-06,0.0008595295657683132,3.2542305934555285e-05,0.001496601671170609,0.0001700888836315617,0.0005300178104072999
14,4.954509881258965e-05,0.002685853556041926,4.51205030652174e-07,0.11901237520097831,4.16679099983068e-06,2.1411488269686595e-07,0.00018835986149641503,4.6326102980729375e-05,3.547186077577085e-10,0.0007353597688224544,1.670344288530677e-05,5.284239439180185e-05,3.655520056466645e-06,0.00033407922290643537,1.0464220281802876e-09,6.182090953912508e-08,5.53641852606067e-06,0.8743874233767086,1.365756353979726e-07,1.9721913060002164e-06,0.000684855663770275,2.3484741124958164e-05,0.0011493267064545377,0.00020556751502048332,0.0004117013091180315
15,7.806090650430548e-05,0.0017880772118498596,5.31640300338338e-07,0.1160682501080227,3.6429751453942316e-06,1.9364093271082637e-07,0.00020631207716467724,5.128221091914392e-05,3.0980339261073815e-10,0.0005042814409893102,1.6868615341811978e-05,9.059857598274029e-05,3.1006535521423607e-06,0.00037968113574002614,1.168786486267358e-09,7.906081022744062e-08,7.490047013939511e-06,0.8778356963446983,1.457968822776448e-07,2.136897629569118e-06,0.0007396108980597834,2.6728954535944954e-05,0.0014764680565006413,0.0001936074169670239,0.0005271538558672516
16,5.372692542347021e-05,0.0014385132259113575,2.7025503686625533e-07,0.1044258730397669,2.583092157951656e-06,1.6494569514691472e-07,0.00015298210981834246,4.178932204186033e-05,1.6894699738665373e-10,0.0005940619530854143,1.1895583280484815e-05,6.351838778378212e-05,1.8775656857684814e-06,0.0002900469277169377,7.786004444662451e-10,8.15149458178792e-08,5.754883939402854e-06,0.890027573496413,1.2335463494017545e-07,1.5841505823610576e-06,0.0009438595431168869,2.1509022448659976e-05,0.0013755297913784395,0.0001344153961347842,0.0004122645654538064
17,6.126076580208743e-05,0.001219965230212623,4.4401845279190944e-07,0.1318058328610658,3.2789186142502373e-06,1.6135850343848008e-07,0.00016275228075009955,3.4195725383096275e-05,1.6119942406935165e-10,0.00033420065528496463,1.3914311162534608e-05,9.490687790566655e-05,3.025470776551719e-06,0.00047249995789768037,6.575048801306313e-10,6.309168654474168e-08,5.448308179865622e-06,0.8629078947008721,8.641623471653749e-08,1.937013665581825e-06,0.0005824659989280782,1.7866166539557455e-05,0.001720809462567198,0.000135753048271044,0.00042123654253939564
18,9.60126663473986e-05,0.001356720671936612,3.9629769870277607e-07,0.06872195563637462,1.7720393270863215e-06,8.018002170762679e-08,0.00014940510561151776,3.5919478313072275e-05,1.4289586004092415e-10,0.00028493116615103346,9.561293071835032e-06,0.0001038605058422388,2.2231404455459792e-06,0.00024570219887468537,7.296652736181244e-10,4.535172285924255e-08,9.980413981446928e-06,0.9266179071622107,7.912496106680096e-08,1.32195332149508e-06,0.0005252485224207518,2.7302195387543236e-05,0.0010934323357081682,0.00020113112072812984,0.0005150105669804444
19,7.285733346376356e-05,0.002161718585162316,9.331237719738772e-07,0.1453333307045184,6.364382604546253e-06,2.0973462402462788e-07,0.00019972618498124853,6.317492079452825e-05,4.6260030093928595e-10,0.0006011521542822967,1.9095239716999657e-05,0.0001263047059665227,5.37051190246919e-06,0.0005338596241344413,1.1592631289394966e-09,7.162757891714518e-08,8.6252355057306e-06,0.8482115880860402,1.6470185393638464e-07,2.6220625202887843e-06,0.0006875317218177719,3.0471974822597867e-05,0.0011879453560513674,0.00022582781358381377,0.0005210525924382588
20,7.735045271606696e-05,0.0018216496714634045,5.318564973409711e-07,0.11649914280748791,3.725258565666757e-06,1.9225885648332635e-07,0.00020389397380127878,5.3502105211761704e-05,3.1502827951549714e-10,0.0005166736166540723,1.674324150563346e-05,9.145408746214717e-05,3.102082991676992e-06,0.0003798128970552139,1.202824569231378e-09,7.917595266544206e-08,7.794986660249066e-06,0.8773268211932796,1.4961199469143666e-07,2.1523645739188017e-06,0.0007559871228451994,2.8237448005471616e-05,0.0014846666309697677,0.0001962620186810675,0.0005300736189160402
21,7.368389811575019e-05,0.0022264593480906757,5.559415558740553e-07,0.12079417562699825,4.195023803327961e-06,1.8637929259880285e-07,0.00019321069924617477,6.687021921876834e-05,4.0843220028125447e-10,0.0005791811304944591,1.7622263277986975e-05,8.109330376373601e-05,2.9992088590233528e-06,0.0003447321184953428,1.4417766224176446e-09,6.903364326611344e-08,9.2131482733833e-06,0.87258559390955,1.7713184613014838e-07,2.1444436357801277e-06,0.0007989156355923165,3.429535505899307e-05,0.0013663900332073176,0.00022447629353184305,0.0005937580042400634
22,6.729020275766195e-05,0.001157650486408915,3.881629570858817e-07,0.0822585307741649,2.720983649208552e-06,1.4902593790186458e-07,0.00014298945185866992,4.144440484141772e-05,1.825508889809206e-10,0.0003255427303313027,1.578037294437275e-05,8.960998318098953e-05,2.1584931545442412e-06,0.00028055386945753083,7.828275147006811e-10,6.237054092068395e-08,7.394939433491338e-06,0.9132146267645095,1.0886882116181768e-07,1.7054818936525992e-06,0.0006878146516235965,2.3529530512803925e-05,0.0012103614624234624,0.00014450596203682443,0.00032508006118163517
23,7.806090650430548e-05,0.0017880772118498596,5.31640300338338e-07,0.1160682501080227,3.6429751453942316e-06,1.9364093271082637e-07,0.00020631207716467724,5.128221091914392e-05,3.0980339261073815e-10,0.0005042814409893102,1.6868615341811978e-05,9.059857598274029e-05,3.1006535521423607e-06,0.00037968113574002614,1.168786486267358e-09,7.906081022744062e-08,7.490047013939511e-06,0.8778356963446983,1.457968822776448e-07,2.136897629569118e-06,0.0007396108980597834,2.6728954535944954e-05,0.0014764680565006413,0.0001936074169670239,0.0005271538558672516
24,9.424843228774215e-05,0.0017324921125307833,5.647963171369164e-07,0.10494600855023112,3.419115217879818e-06,1.9333153491357636e-07,0.0002277878955428784,5.686893824107969e-05,3.4349643840440134e-10,0.0004899022038262508,1.7876314951565597e-05,9.938636804399781e-05,2.928742817548194e-06,0.0003454583690018347,1.3964806845338758e-09,8.777634022844559e-08,8.874699408540849e-06,0.8888404512607504,1.5801886470722173e-07,2.170364666069394e-06,0.0007803891545559402,3.0151799431673383e-05,0.0015330710602928523,0.00021946884260535615,0.0005680401125624689
25,7.656178804081278e-05,0.0015132270759028537,5.307371507928858e-07,0.12273613894392932,3.307617049195435e-06,1.5256710374960216e-07,0.00020770191462135025,5.761841078284732e-05,2.6341564467271244e-10,0.00041699572799292774,1.8120979877635466e-05,9.885363634310341e-05,3.2110863301941495e-06,0.00034312115982217285,9.363556734302566e-10,6.883523835230621e-08,7.878975172578432e-06,0.8717736633912482,1.368643172172806e-07,2.3373302342131938e-06,0.0006916353267936934,2.3410155488762976e-05,0.0013914127092902974,0.0001922950815584024,0.00044161848594025663
26,8.26968380095414e-05,0.0012836197701492971,5.324352822772363e-07,0.07616277223896553,2.0341033518598152e-06,8.487699824719798e-08,0.00016504136076141957,4.335921270995408e-05,2.1869954643906691e-10,0.0002741591178583563,1.2685395830033801e-05,7.008899579016975e-05,3.1465974376745296e-06,0.00016443790474110354,6.46838177382136e-10,3.5199437244152827e-08,8.921611124982227e-06,0.919796569676887,6.357140994090812e-08,1.6513335511246816e-06,0.00037674962189117534,1.6979280236324107e-05,0.0008749159640666986,0.0003065307625228606,0.0003529232654493326
27,9.950960985130597e-05,0.0022085839125307403,6.314801072775586e-07,0.11354933168598629,3.8982227260657745e-06,2.475145598934624e-07,0.00023379630042664963,7.892234861902253e-05,5.887644518179058e-10,0.0007168267764105544,1.6715997171705822e-05,9.253579320256471e-05,3.001833942365115e-06,0.00035635056841022293,2.0287749223212187e-09,1.125151056898524e-07,9.929824917122423e-06,0.8791308245988033,2.2411664339285184e-07,2.7952509336274786e-06,0.000874024833331927,4.4621564432933035e-05,0.0015375863852869103,0.00023382053226818936,0.000805705716792699
28,7.806090650430548e-05,0.0017880772118498596,5.31640300338338e-07,0.1160682501080227,3.6429751453942316e-06,1.9364093271082637e-07,0.00020631207716467724,5.128221091914392e-05,3.0980339261073815e-10,0.0005042814409893102,1.6868615341811978e-05,9.059857598274029e-05,3.1006535521423607e-06,0.00037968113574002614,1.168786486267358e-09,7.906081022744062e-08,7.490047013939511e-06,0.8778356963446983,1.457968822776448e-07,2.136897629569118e-06,0.0007396108980597834,2.6728954535944954e-05,0.0014764680565006413,0.0001936074169670239,0.0005271538558672516
29,7.806090650430548e-05,0.0017880772118498596,5.31640300338338e-07,0.1160682501080227,3.6429751453942316e-06,1.9364093271082637e-07,0.00020631207716467724,5.128221091914392e-05,3.0980339261073815e-10,0.0005042814409893102,1.6868615341811978e-05,9.059857598274029e-05,3.1006535521423607e-06,0.00037968113574002614,1.168786486267358e-09,7.906081022744062e-08,7.490047013939511e-06,0.8778356963446983,1.457968822776448e-07,2.136897629569118e-06,0.0007396108980597834,2.6728954535944954e-05,0.0014764680565006413,0.0001936074169670239,0.0005271538558672516
30,7.806090650430548e-05,0.0017880772118498596,5.31640300338338e-07,0.1160682501080227,3.6429751453942316e-06,1.9364093271082637e-07,0.00020631207716467724,5.128221091914392e-05,3.0980339261073815e-10,0.0005042814409893102,1.6868615341811978e-05,9.059857598274029e-05,3.1006535521423607e-06,0.00037968113574002614,1.168786486267358e-09,7.906081022744062e-08,7.490047013939511e-06,0.8778356963446983,1.457968822776448e-07,2.136897629569118e-06,0.0007396108980597834,2.6728954535944954e-05,0.0014764680565006413,0.0001936074169670239,0.0005271538558672516
31,6.675302695849128e-05,0.0018532559819220695,6.67679592120455e-07,0.13552982445086523,3.815429657503908e-06,9.723561140212511e-08,0.00016589939154090262,6.784404855257564e-05,2.696477687638008e-10,0.0005020777127540843,1.1001162374608967e-05,7.997656595696162e-05,3.880008130436256e-06,0.0003181916256790373,6.434254621772751e-10,4.744203151870201e-08,7.933281889462581e-06,0.8590901746270087,1.1179456725024246e-07,2.1013056367600806e-06,0.0005653420987906289,2.046340625161089e-05,0.0009501208785317444,0.00027609290724329137,0.0004843270253802869
32,8.454355242808362e-05,0.0018916912868477073,5.642663191803594e-07,0.1173941559816033,3.899009549419367e-06,2.1014793910209468e-07,0.0002178786757072077,5.7791578213079456e-05,3.691172907288414e-10,0.0005587817840820261,1.7503615910190408e-05,9.672728819511176e-05,3.168593698799599e-06,0.0003992672496925182,1.3676695215019404e-09,9.004207027118908e-08,8.200224219132372e-06,0.8761394402775716,1.796504213646849e-07,2.2566939731463766e-06,0.0008241877753210224,3.0617280871608606e-05,0.0014950560275029067,0.00019682508859194284,0.0005769621724845965
33,5.440097631556561e-05,0.0017903556177567357,2.64813402897339e-07,0.07003110031996383,3.308943532676723e-06,1.4046353062774564e-07,0.00011442700341717242,3.461932430805638e-05,1.1355714372240571e-10,0.00033417057631990435,1.1491069876477614e-05,8.170550835451604e-05,3.143731119495776e-06,0.0003569048155793989,7.089179106445246e-10,4.5205725075809134e-08,7.83986449503607e-06,0.9249665916125374,9.194344865384551e-08,1.576311154315124e-06,0.0004333223030561429,4.3803485880157384e-05,0.0013895705374679357,0.000134957265417672,0.0002061674848652523
34,0.0002855330137975303,0.004241677689967746,1.7185062967071742e-06,0.1284549212928138,5.972057491449934e-06,5.487167299296552e-07,0.0006450700402525041,0.00012337797413168955,3.6913388988162936e-09,0.001412082174298148,2.8641895022884314e-05,0.00013223170049379523,6.174080864800774e-06,0.0006523129695268256,5.794068645077144e-09,2.798728355168441e-07,1.0516128004368775e-05,0.8592756495654263,8.951431900916277e-07,4.131761484956929e-06,0.0013002044568117869,5.7950263115104525e-05,0.0011859704026146813,0.0003469675214008251,0.0018271632880209323
35,7.795310122702633e-05,0.0018003865041487095,5.377138858865104e-07,0.11702573972598491,3.7185660244303083e-06,1.9797569257479822e-07,0.00020833015549954903,5.085785968561784e-05,3.0925630809830477e-10,0.0005054507120637803,1.7120203092668515e-05,9.14141975720034e-05,3.1315164663348976e-06,0.0003897960034348335,1.1876775577485338e-09,8.049099273959846e-08,7.472515156067217e-06,0.8768112572283799,1.460163549021184e-07,2.1492384241217484e-06,0.0007459589877329923,2.6823550242373184e-05,0.001511286465813352,0.00019355989803413061,0.0005266298771571889
36,0.00018849197287961443,0.002734839042297611,1.5815125901615918e-06,0.16941733968731953,8.19739973056486e-06,1.6093885351986584e-07,0.00026435715631980503,0.00014302116974890185,7.876587887604294e-10,0.0008035939070085902,1.6246783689409943e-05,0.00035138200976494034,6.204604858615359e-06,0.0007783973631678002,2.673056960357088e-09,1.2392989247711876e-07,2.9647557418376562e-05,0.820546028781776,4.2665475568732776e-07,2.7924088417513597e-06,0.001350282452986235,7.461737781618733e-05,0.0015303125266315902,0.00035856251737674354,0.0013933887835601798
37,0.00010481119666268928,0.0014373068641069064,5.364707866124915e-07,0.08729526117108538,2.682363178542655e-06,1.3352578125125038e-07,0.00019840709555385563,3.4161015602557725e-05,1.8942037677211834e-10,0.0002785438419001534,1.5352453042829622e-05,0.00010648345307106354,3.0841481032176772e-06,0.00038967904578755103,7.500335876668249e-10,5.751755983705749e-08,6.549280085611641e-06,0.9078578873816854,1.0314249757749601e-07,1.6512362771973133e-06,0.0005083600733905985,2.0345619997243093e-05,0.001149457609828307,0.00017394735220967365,0.00041519720235200485
38,0.00012543568353093584,0.0013243202183469485,3.597058612828494e-07,0.06018073572725049,2.3385102875299664e-06,3.8882273215916873e-07,0.0003448159285027366,3.043772742974869e-05,2.4416924771151283e-10,0.0004045831620676408,2.3477366469052708e-05,9.143119090197497e-05,2.1005006031277557e-06,0.00036945630318747756,1.9565281844638676e-09,1.8320054873288835e-07,5.725037793170018e-06,0.9332589284476771,1.5999890302592391e-07,1.9403599962053854e-06,0.0008140045865571392,3.0261137407351163e-05,0.002449980683583644,0.00015021972197136552,0.0003887137776935792
39,7.657584127953294e-05,0.0011931824084688554,5.362850377782383e-07,0.13203221779231916,4.118375246348094e-06,2.1066110650174772e-07,0.00018462948215409994,7.344293648504727e-05,3.1430974150864675e-10,0.0005490526944360855,1.684220815171694e-05,0.00011358547047679612,2.274247379806184e-06,0.0003501088197232475,1.1958429711621274e-09,1.1373749366432866e-07,8.565856734609822e-06,0.8618423713797289,1.8848245836717e-07,2.3960171801601118e-06,0.0011265020436714841,2.6087809503150004e-05,0.0016635149612401845,0.00017390311787187694,0.0005595778617000142
40,0.00015252758899152017,0.0021763609524311756,6.767198847238934e-07,0.06819610498738485,4.237476640901918e-06,2.605909881667913e-07,0.0002124932532051443,3.648973894547674e-05,3.493484899139882e-10,0.0003257679941388199,2.1941377044501143e-05,0.00016262005383645383,2.908812333950882e-06,0.0006644650390071441,2.0288431975068904e-09,8.914808097410025e-08,9.461527455439908e-06,0.9249621259337137,2.093086573009604e-07,1.5681359444912992e-06,0.0007813376928865961,5.2655201953022695e-05,0.0014720885718132344,0.0001523493623791164,0.0006112581540916533
41,9.934693009956775e-05,0.006155515296527871,2.766348718928443e-06,0.3136555507479318,2.2929236734173175e-05,8.672608905285e-07,0.00039043517246595716,0.00012543207666363765,3.8937589365157674e-09,0.002890072103295599,2.3043960660071246e-05,9.157811911706713e-05,8.024684062156871e-06,0.0013859026832488196,5.880382173060368e-09,2.786755296634229e-07,7.609400811480956e-06,0.6691684798996466,6.003134092075798e-07,4.002641330219673e-06,0.0017172235006114372,4.32125884857559e-05,0.0016885601722377071,0.0004085552230219543,0.0021100031903587275
42,8.79817156797109e-05,0.001913874191878862,5.597040406640675e-07,0.11762155771884862,3.852607471917354e-06,1.9695300274831548e-07,0.00022232854524656723,7.32521489959214e-05,3.780996815000761e-10,0.000594179962872752,1.763242936379965e-05,0.00010135847076316135,2.889582366753344e-06,0.00036590204193437864,1.5273483365996391e-09,9.935253002293619e-08,9.927128019540767e-06,0.875636614927403,2.046714662936747e-07,2.494709921934962e-06,0.0009329762731853103,3.762131168884056e-05,0.001576526543575192,0.00021085952404772677,0.0005871075802484627
43,5.0520907548672814e-05,0.0017775203483862162,3.228151890558994e-07,0.1235523452575473,5.687453755775329e-06,3.802295804356677e-07,0.0001546397457508604,8.624937385632293e-05,4.2930051595392177e-10,0.0013433211168528128,1.455237785158851e-05,6.48277679907235e-05,1.6838491994610076e-06,0.0003015154528333597,2.0454165510858684e-09,1.6570253065906977e-07,8.753534828231364e-06,0.8681251911205012,2.70461177612926e-07,1.977269663024012e-06,0.0017583889406955471,4.652521630887987e-05,0.0019737963597918537,0.00017171911769715188,0.0005596431057461567
44,7.806090650430548e-05,0.0017880772118498596,5.31640300338338e-07,0.1160682501080227,3.6429751453942316e-06,1.9364093271082637e-07,0.00020631207716467724,5.128221091914392e-05,3.0980339261073815e-10,0.0005042814409893102,1.6868615341811978e-05,9.059857598274029e-05,3.1006535521423607e-06,0.00037968113574002614,1.168786486267358e-09,7.906081022744062e-08,7.490047013939511e-06,0.8778356963446983,1.457968822776448e-07,2.136897629569118e-06,0.0007396108980597834,2.6728954535944954e-05,0.0014764680565006413,0.0001936074169670239,0.0005271538558672516
45,0.00010409565096357327,0.002229741644274017,8.31352769043875e-07,0.13496459563887336,4.9407422370853595e-06,2.2886354999779227e-07,0.0003254890586400602,8.490975375259296e-05,5.325321457770617e-10,0.0006481342602371914,2.188735353003958e-05,0.00011289650866564887,4.6515044788129e-06,0.00045580348665720527,1.850503835424878e-09,1.1142935576307949e-07,1.0265016019481685e-05,0.8575724673376516,2.223655031316937e-07,3.1003736432068774e-06,0.0008201985827967704,3.706603829013961e-05,0.0017150737866261673,0.0002933794815818019,0.0005899073868673666
46,8.057513536420081e-05,0.001534186337785589,4.932259030852103e-07,0.10724236265652277,3.1548032392595418e-06,1.3367836086199795e-07,0.00016663485001145887,5.800982056144658e-05,2.472767611996078e-10,0.0004034483570354634,1.549506074818091e-05,0.00010315625494967406,2.8893134398105827e-06,0.0002883872040005004,1.0334254345826798e-09,6.147679285717895e-08,1.0819211355958616e-05,0.8872958361112468,1.2561071618487296e-07,2.0362955515218345e-06,0.0007094645117135393,2.8529620001218386e-05,0.0013594241614503016,0.00021196574601796615,0.0004828092765290161
47,0.00016623048760249572,0.0011191952278783173,3.404237240919861e-07,0.03781426639727337,1.3417370812471942e-06,1.2249987783092902e-07,0.00017096527903802066,3.218797451871944e-05,1.545238513691095e-10,0.00022262604137490003,1.2702525645194431e-05,0.00015206659867292036,1.8499679048980134e-06,0.000208391005918451,1.02790642283659e-09,7.417417445777863e-08,1.0240584334726805e-05,0.9579575424922794,1.1118783879381222e-07,1.5453177709427199e-06,0.0005155428683668206,4.113125802785029e-05,0.0010221934524110648,0.00014632371788977704,0.00040300759796547405
48,7.164961549763703e-05,0.001553954123220737,5.521633192022434e-07,0.11741101840124878,3.707431196933599e-06,2.1779418061008545e-07,0.00019222566670427054,4.11265505346875e-05,2.9848830430427614e-10,0.00044854694174492556,1.766525439061199e-05,8.949797654758835e-05,2.9584280994909635e-06,0.00039923612359794836,1.0349879080026446e-09,7.606595702108488e-08,5.803040135042284e-06,0.8769236641509103,1.21232553345166e-07,2.0352866845761596e-06,0.0006953174468155509,2.0843952044645874e-05,0.0014316864225492598,0.00017003956533071361,0.0005180550332600235
49,7.197492610285936e-05,0.0012657475185048623,4.989484152012015e-07,0.0915672957165555,3.6916510321680746e-06,2.1389106761305997e-07,0.00015145135258328547,4.057386469539098e-05,2.363660499847791e-10,0.00035157746003988065,1.7786270895949385e-05,0.00012349546212349764,2.8616633741678925e-06,0.00038223938490398443,9.833088055670759e-10,7.127304706512149e-08,7.235115044564603e-06,0.9034082300146961,1.161943263347689e-07,2.0530693449767065e-06,0.0006403099519958167,2.819422151275855e-05,0.0014085974264087156,0.00013914086943270755,0.00038664253422171355
50,0.0001053103088133319,0.003496896498938953,8.421198786808617e-07,0.1777187267101519,6.373132817620319e-06,4.035189382666778e-07,0.0005385325500953503,9.848431330283772e-05,9.090089034815405e-10,0.0018717657854677044,1.6543370278017717e-05,8.075752006064984e-05,5.252459326594461e-06,0.0007942874271230169,2.2603841433064095e-09,2.592792316873172e-07,6.591695974482381e-06,0.8110538995914389,4.841505400877728e-07,3.559379088850862e-06,0.0011118792879974688,4.910145420190388e-05,0.0019228113598634422,0.0002540033587372573,0.0008632315583398864
51,0.0014647138883764235,0.005673027071074279,6.03542796830383e-06,0.10698862786606513,2.2058333843916874e-05,4.528895850541731e-06,0.0011627824644046378,0.00010185429394958499,4.764760594401636e-09,0.0016393120501945182,6.515705793533138e-05,0.0005883903139934614,5.211848526338849e-06,0.0013584655620643034,1.1024694374244864e-07,5.15683834615774e-06,7.539854234520078e-05,0.8465756134471164,1.0684342541271392e-06,8.216246879974001e-06,0.0037329505032647624,0.00021333916697634315,0.019627668582360102,0.0014320765391258711,0.009248231613380018
52,7.623827466590892e-05,0.0017355038976722187,5.083564320545341e-07,0.11179475294139209,3.5063959869463785e-06,1.952626238627193e-07,0.00020195242913374786,4.878305201253651e-05,2.98894329059914e-10,0.0004901644511364045,1.6689722985246167e-05,8.753516963185124e-05,3.043537005534517e-06,0.0003678130832690485,1.130005972243762e-09,7.748677503923126e-08,7.174582699098814e-06,0.8822764454396217,1.3895658666149911e-07,2.1020775011542915e-06,0.0007117042540569089,2.6059023944785237e-05,0.0014591934397711135,0.00018773409093968444,0.0005026826452560587
53,8.867533297445685e-05,0.001699982277955814,4.990725218546409e-07,0.10657295713088048,2.367832190395442e-06,2.1402414687255822e-07,0.0003265651692869688,4.5598998437611e-05,3.2502925919403567e-10,0.0004641014217168026,2.0209470623655578e-05,7.155582959364126e-05,3.242745936832435e-06,0.0003190181997416647,1.361279573612129e-09,1.0022701025232295e-07,6.3706398183526315e-06,0.887120221357903,1.2705740647201466e-07,2.7492600012589237e-06,0.000613731318425974,2.279363231947679e-05,0.0018857785664817075,0.00021886395552657108,0.0005142747927908978
54,2.6533045071722164e-05,0.0006836867969569671,2.380708964517831e-07,0.10179359306382399,3.5657714918203906e-06,9.594365527727628e-08,6.0630588774432326e-05,5.636955085318404e-05,1.2228485338549056e-10,0.00023690254979517764,1.639779562166552e-05,6.102606370721329e-05,1.667459062246568e-06,0.00013727971190273275,3.7320445222292975e-10,2.212763980538668e-08,7.494291844035049e-06,0.895185519014765,7.372581856788617e-08,1.3045824866325817e-06,0.0005703129894830782,1.5091169696039237e-05,0.000871929873420995,0.00012521261579978696,0.00014505270194372326
55,9.024045712227442e-05,0.0013912198850349552,5.649935900699857e-07,0.07968017699774617,1.792915217106879e-06,1.0434893776505863e-07,0.00017055505883906467,3.309284980977023e-05,3.084785308495854e-10,0.0002552291577488672,1.487781209502683e-05,9.73823124888045e-05,3.904834852163143e-06,0.00021147428781698781,6.155095849177369e-10,3.243159229123821e-08,5.850955021356486e-06,0.9163964581477854,7.673662044076502e-08,1.9196722041330735e-06,0.0003351133158960944,1.4590272484934265e-05,0.0006307805549789233,0.00018999774935759853,0.0004745633287717891
56,7.785286166791184e-05,0.001876155202480323,5.745668690278635e-07,0.1175930007320692,3.825758697368948e-06,1.966783547364613e-07,0.0002124547658288711,5.1790704943220406e-05,3.3410617415947223e-10,0.0005064894783638509,1.763535402698516e-05,9.231895891774507e-05,3.616667070175362e-06,0.0003908528279096899,1.185733281276683e-09,7.72173387249732e-08,7.650946495935152e-06,0.8762934990705284,1.4592352092549613e-07,2.278171541635799e-06,0.0007007168410969336,2.6417228574666245e-05,0.0014342348552437187,0.0002042703014693632,0.0005039433671511931
57,0.00010114816493619487,0.0021056641289832275,1.073241886880038e-06,0.13964406745917177,8.128688025954788e-06,2.082461330805597e-07,0.00017169970161964765,0.00011340553491678281,6.355357278627585e-10,0.0008248644679323492,1.719789761014887e-05,0.00023147894974759464,4.271139949380494e-06,0.0005564295798038873,1.7794293454925726e-09,1.1285355694984952e-07,1.776914719045363e-05,0.8526044835480505,3.53564616795508e-07,2.63078538075809e-06,0.0013570972779615683,5.792567170902276e-05,0.001178402991704022,0.00022922719068346626,0.0007723573534644251
58,7.71475004123792e-05,0.0017902345804633327,5.323640377665386e-07,0.10863431749518856,3.3936816607231715e-06,1.6714860079273206e-07,0.00020458942807324054,5.206691955068634e-05,2.912850304951456e-10,0.00047815553798513666,1.626192805621373e-05,8.562394324801084e-05,3.1761660508647042e-06,0.00033030203710423476,1.1339461632292747e-09,7.072634950710422e-08,8.245539832116822e-06,0.8854348181297312,1.2793264205049953e-07,2.0667907535986025e-06,0.0006923089727063834,2.624394013088208e-05,0.00144205247547768,0.00022582610633483006,0.0004922692303786932
59,8.09170253048433e-05,0.0016364131711901731,5.743492484326019e-07,0.10251035627690312,3.1718089038994694e-06,1.4904980230553394e-07,0.00020156358526543516,5.0922153407982624e-05,2.7391801167892787e-10,0.00043076103223168004,1.5538498337300786e-05,8.573744805990954e-05,3.1109768958411872e-06,0.00029801576808635526,1.0327713599143976e-09,6.732160560966575e-08,8.26933072802576e-06,0.8919461671493834,1.1136527545259105e-07,2.0411993684556435e-06,0.0006418031451673014,2.3446822008345918e-05,0.0013313118829999485,0.0002493116471077659,0.0004802376860290935
60,7.806090650430548e-05,0.0017880772118498596,5.31640300338338e-07,0.1160682501080227,3.6429751453942316e-06,1.9364093271082637e-07,0.00020631207716467724,5.128221091914392e-05,3.0980339261073815e-10,0.0005042814409893102,1.6868615341811978e-05,9.059857598274029e-05,3.1006535521423607e-06,0.00037968113574002614,1.168786486267358e-09,7.906081022744062e-08,7.490047013939511e-06,0.8778356963446983,1.457968822776448e-07,2.136897629569118e-06,0.0007396108980597834,2.6728954535944954e-05,0.0014764680565006413,0.0001936074169670239,0.0005271538558672516
61,8.194585405878031e-05,0.0017488831323009336,6.278098746317675e-07,0.10753787065694194,3.5314855227867934e-06,1.6362504009313865e-07,0.00020401389974125254,5.178980533759845e-05,3.0586310438830195e-10,0.0004417794060659869,1.7211830815313334e-05,9.489384913369238e-05,3.30196369645866e-06,0.0003361746591554263,1.1141285020374318e-09,6.992007009895123e-08,8.38908329624347e-06,0.8866934018438414,1.2488388084892668e-07,2.15020121879952e-06,0.0006798878509946165,2.4953922197070223e-05,0.0013283613567144788,0.00023586323232695637,0.0005046083077829505
62,7.806090650430548e-05,0.0017880772118498596,5.31640300338338e-07,0.1160682501080227,3.6429751453942316e-06,1.9364093271082637e-07,0.00020631207716467724,5.128221091914392e-05,3.0980339261073815e-10,0.0005042814409893102,1.6868615341811978e-05,9.059857598274029e-05,3.1006535521423607e-06,0.00037968113574002614,1.168786486267358e-09,7.906081022744062e-08,7.490047013939511e-06,0.8778356963446983,1.457968822776448e-07,2.136897629569118e-06,0.0007396108980597834,2.6728954535944954e-05,0.0014764680565006413,0.0001936074169670239,0.0005271538558672516
63,7.859194219101438e-05,0.0020148325315073948,5.331912200320763e-07,0.11127395834036624,3.4491480396168475e-06,1.8603984142308949e-07,0.0002109724230939759,4.9914977645967434e-05,3.2651631186643713e-10,0.0005010655346476101,1.7163671704770935e-05,8.394031420028074e-05,3.3388164462745224e-06,0.000361270526394954,1.209621876513147e-09,7.267219213782035e-08,7.58016680858606e-06,0.8825560067050758,1.4213368954597338e-07,2.17807597703941e-06,0.0006902216376370395,2.71964360276709e-05,0.0013859615226219217,0.00020622791673285726,0.0005251937397995575
64,7.393033594026179e-05,0.0016372504855380826,4.824933248368678e-07,0.11260417253081793,3.6592709318960312e-06,1.9165984475761663e-07,0.00018579881780897295,5.313546305722844e-05,2.87045661071282e-10,0.000502404645969816,1.7693462901714516e-05,9.408067834102037e-05,2.4567774920295513e-06,0.00035135719113644695,1.2612642621090148e-09,8.333957092401665e-08,8.030304226798836e-06,0.8812334390988923,1.570357272600431e-07,1.912696797696085e-06,0.0009840766947354206,2.6452451637536577e-05,0.001502032916988627,0.00018278463125221065,0.000534415468756354
65,3.416608063209322e-05,0.00045656481161528395,1.9422765575452366e-07,0.07986020243774657,3.978381764323175e-06,3.1129598459387177e-07,5.774641951401326e-05,1.665591143918686e-05,6.128466711950787e-11,0.0002638962842402552,1.1994269767683975e-05,0.00011751009172486427,9.574971660246855e-07,0.00041743138603265106,4.582968050586334e-10,8.171544040133786e-08,3.5571493082225316e-06,0.9156985222090672,6.881131582989735e-08,9.479551244367066e-07,0.0009380177375651146,1.576658847793398e-05,0.0018280556380263306,4.316322456756513e-05,0.00023020935624247214
66,8.782723171485855e-05,0.0019460787700093126,7.312384155454523e-07,0.1475505532379297,4.623513453487213e-06,2.6138233933935283e-07,0.00028281788832450113,7.229933660233548e-05,5.32154406927861e-10,0.0007921017328555783,1.7750973506179333e-05,0.00010583046673057329,4.697565961662755e-06,0.0004826934708092853,1.2259168139126128e-09,1.2614932991679075e-07,7.016510065023114e-06,0.8456961122889921,2.409209551539108e-07,3.3522453494069798e-06,0.0007710585976017228,2.9093786143956994e-05,0.0013684142133478644,0.00019507605839007232,0.0005812406631011998
67,6.625296408597807e-05,0.0006962187831960694,3.7538992237900993e-07,0.09988085344140199,2.0015098531997734e-06,3.9634214273808736e-07,0.00023274962663815337,1.319212539085031e-05,9.227004279300289e-11,0.00018411881217761356,1.9796790757353862e-05,0.00011761993332715936,2.372405180217307e-06,0.0006434546986160237,1.0099177556834648e-09,1.6266150744830983e-07,3.3677526392839343e-06,0.8920720264155433,5.2068616917003664e-08,3.1879900932441794e-06,0.0005160749164431607,1.4279608882746075e-05,0.0050291182302033225,7.808005410989579e-05,0.00042424637708295056
68,8.94897542853196e-05,0.0022416923634736214,7.15867861171041e-07,0.1395454740933362,4.9996691805712096e-06,2.203525925420837e-07,0.0002510153216913278,6.602558550812701e-05,4.335345898754232e-10,0.0006608020805791052,1.8102793428036417e-05,0.00010334186192464301,3.895491929916993e-06,0.0005046471118577103,1.4680228613692842e-09,9.773096224703851e-08,8.482039388545083e-06,0.8532031887134094,2.0427588850199772e-07,2.4065417281054094e-06,0.0008623899138867986,3.1923074302902555e-05,0.0015413953796610189,0.00022811546518036198,0.0006313726163863405
69,7.650908361579069e-05,0.0017598533297673734,5.41331691590203e-07,0.12084794331523294,3.442956165351713e-06,1.799363460168305e-07,0.00020777786468087164,5.38203005811473e-05,3.1291680580255837e-10,0.0005148591798130124,1.624073730397546e-05,8.738480093323628e-05,3.0971326780552402e-06,0.00035310186921524696,1.1267357156701205e-09,7.870314083399824e-08,7.5763430098333104e-06,0.873105288510106,1.4199503155344167e-07,2.2576389090894105e-06,0.0007388196048574913,2.5087041578935443e-05,0.0014402983048998725,0.0002036005250110858,0.0005520980557782046
70,6.44951402842326e-05,0.001944847586959535,3.546894137368902e-07,0.10665962429910375,2.9455832387367634e-06,1.4538609273473193e-07,0.00020169832441512675,8.175464698085618e-05,3.205589122316589e-10,0.0006336364510625451,1.645425411655669e-05,5.9434763245092494e-05,2.4585288783909538e-06,0.00019390524920068385,1.2431729485738933e-09,6.543784874985472e-08,9.50108291483351e-06,0.8873001042889671,1.6615036583094688e-07,2.0689203484605504e-06,0.0008166622260596534,3.059692509308665e-05,0.0013057590214713816,0.00025399772310948353,0.00041932175709778806
71,9.626329497873458e-05,0.000542032692739601,2.406284121561596e-07,0.07201354741842443,6.977598471752042e-07,6.610102113949902e-08,0.0002624658636043793,3.801332577022666e-05,8.033649741262521e-11,0.0001288056250590259,1.575922023351563e-05,7.902871968325188e-05,1.9497215745889876e-06,0.00013453753375545138,4.6459276279870055e-10,5.6681441358612403e-08,6.510909395884331e-06,0.9242926933839922,5.915114472779766e-08,2.5317329549301745e-06,0.0003848371785568836,1.127413631159806e-05,0.0016002488517129106,0.00015988609626279492,0.0002284934281938137
