,0,1,2,3,4,5,6,7,8,9,10,11,12,13,14,15,16,17,18,19,20,21,22,23,24
0,8.257320913201957e-08,0.9641121309645181,9.084384602531503e-10,0.026965003008220335,4.1445090148742665e-08,0.00017431645720535172,1.781993534318202e-10,2.191701092128994e-05,8.755329515516742e-05,1.0009212277357476e-08,3.818566046412989e-05,4.2450226991043165e-08,2.854049780510383e-11,1.734095848926861e-09,0.0014691466757255484,2.1816489392372325e-06,4.572672285491298e-09,7.939714073718314e-05,2.9437737530314466e-05,6.327405834834306e-10,2.152365879758634e-08,0.007019116456031182,4.200961935258971e-07,4.774468839563459e-11,9.877445295954093e-07
1,1.5894395249093493e-07,0.8931773495678015,1.8209340714551043e-09,0.09622945567618206,8.091887876571985e-08,0.0003342476437988475,3.2748911170046955e-10,5.856721140100478e-05,0.00018850956026807735,2.670772223449201e-08,7.203568158799104e-05,5.792280791561907e-08,1.0181834890344871e-10,2.0019756951279434e-09,0.001279919440677457,7.1936971603817375e-06,7.062990545849784e-09,0.0001497726714219108,5.602844605432344e-05,1.9095046560015526e-09,2.1882415812964978e-08,0.008445166339374952,4.95237431765541e-07,6.287816298943073e-11,8.991634720341958e-07
2,1.8355420193552382e-07,0.9077922202088428,1.8593616332865822e-09,0.08057902148507769,8.749779871615302e-08,0.0002869619630816429,3.2514412438159553e-10,6.702750698491472e-05,0.00019197905589541894,3.5137835936485354e-08,0.00011397392211925937,8.876948673182916e-08,1.0498649403975711e-10,3.5920257728744353e-09,0.002376213867764609,5.395288459007307e-06,8.308332435604101e-09,0.00017503180228858653,4.5724917751268825e-05,2.497394968282631e-09,3.144229041413988e-08,0.008363913926153647,7.364230227127282e-07,7.416454074870489e-11,1.3564695348415612e-06
3,1.412099672832672e-07,0.9008197208748512,1.413037126392741e-09,0.08783658754190472,5.994187728999953e-08,0.0002951336378098691,3.139458492453888e-10,5.042802388950764e-05,0.00014492350456857822,2.1888569357629632e-08,6.766748741591031e-05,6.257551075240596e-08,8.027764612768137e-11,2.1930898331171757e-09,0.0014222241139138618,5.838687636807199e-06,7.184893676807444e-09,0.00015914545480602687,4.246467942253299e-05,1.6446815605111485e-09,2.495322580108818e-08,0.009154019617926706,5.589475411586522e-07,6.589204168951135e-11,9.639633450244705e-07
4,1.509771729733048e-07,0.9018646986632086,1.456114757322665e-09,0.08715618392833213,6.334835047227933e-08,0.0003039483941033225,3.3456099712075245e-10,5.057623780017017e-05,0.00014237702024561598,2.2953108695983317e-08,6.61311540395892e-05,6.119220826577448e-08,9.120292890087657e-11,2.4209296578159218e-09,0.001385751379275508,6.164284600894023e-06,7.604134722358634e-09,0.0001707301445272164,4.6944826890786274e-05,1.7556136094807854e-09,2.4672695841966764e-08,0.008804599916600892,5.760349895080947e-07,7.5450338522436e-11,9.811338423466423e-07
5,9.912068573589124e-08,0.9450159204414569,1.969877285644946e-09,0.043859985711064725,6.301937393628864e-08,0.00020953928612889647,2.6470241280524626e-10,4.5066387826655324e-05,0.00017112070250540864,1.9231290782655073e-08,6.182868178519012e-05,7.504624240914937e-08,4.968232654007896e-11,1.8256872903954683e-09,0.0017681280852747934,3.88832827978728e-06,5.3413393771593276e-09,6.080589307997937e-05,3.322777698795159e-05,1.0088332064393843e-09,2.5795932267349224e-08,0.008768618373351285,4.3913362727883103e-07,4.697127687359029e-11,1.1384780127622046e-06
6,1.412099672832672e-07,0.9008197208748512,1.413037126392741e-09,0.08783658754190472,5.994187728999953e-08,0.0002951336378098691,3.139458492453888e-10,5.042802388950764e-05,0.00014492350456857822,2.1888569357629632e-08,6.766748741591031e-05,6.257551075240596e-08,8.027764612768137e-11,2.1930898331171757e-09,0.0014222241139138618,5.838687636807199e-06,7.184893676807444e-09,0.00015914545480602687,4.246467942253299e-05,1.6446815605111485e-09,2.495322580108818e-08,0.009154019617926706,5.589475411586522e-07,6.589204168951135e-11,9.639633450244705e-07
7,2.3713323905460544e-07,0.8618897715183544,2.3368423915311573e-09,0.1230930327353133,9.035767389199761e-08,0.00036394612838953384,5.672594336995066e-10,9.823759487860997e-05,0.000196904981346745,4.91556044012332e-08,8.677396813221402e-05,9.491555422016124e-08,1.9757468505095213e-10,2.8859170903046026e-09,0.0013987290536470862,8.714347330900083e-06,1.1712386904994762e-08,0.00017885377267570307,7.026476495785893e-05,2.6504401510151676e-09,2.267160012911794e-08,0.012612471222422289,5.259230652678578e-07,1.1473975875379447e-10,1.2592906540180155e-06
8,1.273389459837438e-07,0.9062557005859048,1.1911890705984553e-09,0.08282000832355205,5.6013759690467384e-08,0.0002929633943564994,2.774792637005605e-10,4.678707455997e-05,0.0001398624777472437,1.893337263049837e-08,6.274185872649936e-05,5.287341088833554e-08,7.154690526252975e-11,1.8239177541405253e-09,0.001331098284726255,5.558755835545656e-06,6.513152577627252e-09,0.0001646393741309753,4.2343831795490915e-05,1.4669762680008924e-09,2.1894251093935426e-08,0.008836676213769663,4.979451616698477e-07,5.640449093993238e-11,8.334253266225213e-07
9,1.7637488346488635e-07,0.8870810358950972,1.742522816463943e-09,0.10089951429304805,5.8683162847360976e-08,0.00025496385901727233,3.2709977271606186e-10,5.787797234741735e-05,0.0001452552407591388,3.182840152157761e-08,9.175968247281908e-05,9.318686842951828e-08,8.421354349105968e-11,3.853365487050711e-09,0.002000038408303324,4.988099007886436e-06,8.392525745528569e-09,0.00013814208021827346,3.6263357397285e-05,2.0164965477712917e-09,3.192774652370156e-08,0.009287362767977574,7.920625321871592e-07,8.414295351577953e-11,1.5977803920126098e-06
10,1.412099672832672e-07,0.9008197208748512,1.413037126392741e-09,0.08783658754190472,5.994187728999953e-08,0.0002951336378098691,3.139458492453888e-10,5.042802388950764e-05,0.00014492350456857822,2.1888569357629632e-08,6.766748741591031e-05,6.257551075240596e-08,8.027764612768137e-11,2.1930898331171757e-09,0.0014222241139138618,5.838687636807199e-06,7.184893676807444e-09,0.00015914545480602687,4.246467942253299e-05,1.6446815605111485e-09,2.495322580108818e-08,0.009154019617926706,5.589475411586522e-07,6.589204168951135e-11,9.639633450244705e-07
11,1.5314770130110003e-07,0.8964948842365118,1.5112210291894613e-09,0.09164190551524236,6.406061677632801e-08,0.0003158378956655626,3.53578121886708e-10,5.636353644039773e-05,0.00015245109510230196,2.469451938589553e-08,6.862586307653129e-05,6.627470961739929e-08,9.641655079337996e-11,2.305679665369145e-09,0.001400861707031143,6.463492073733436e-06,8.021442366835075e-09,0.0001718576407702953,4.7274966298202954e-05,1.8212415214801505e-09,2.4901795208482335e-08,0.009641576350729854,5.608782480662637e-07,7.51153011092186e-11,9.89558772969053e-07
12,9.47683558442012e-08,0.9033452776511774,1.2382766225194505e-09,0.07953155554259397,3.456882290723352e-08,0.0002731590395787372,2.6587261685091676e-10,8.341725616017958e-05,0.00014537208940378906,2.319587022137482e-08,4.7647346912623885e-05,7.469824032736714e-08,7.012932698157517e-11,1.0116407519432293e-09,0.0013368957367198067,5.0742281625121465e-06,6.655035920866594e-09,9.184333566399524e-05,3.7735535819150886e-05,9.958280423441248e-10,1.8135353846880157e-08,0.01510065331819859,2.8766249326109564e-07,4.9933145140228487e-11,8.256037565393506e-07
13,2.7438028594757965e-07,0.8523635591189689,3.12038639060669e-09,0.13295724792428737,1.1570460045253005e-07,0.0002697828407937382,5.552053357553415e-10,8.74213070916724e-05,0.0002289920540622499,5.210037613475587e-08,0.0002192401334566721,1.576610494185086e-07,1.462297634039767e-10,6.51278435368318e-09,0.003280164717650963,7.964125872780491e-06,1.1762225342679181e-08,0.00021934170405231077,3.890878679701107e-05,4.092430210153824e-09,5.384213929151061e-08,0.01032358559997587,1.2473129743317931e-06,9.784245487182323e-11,1.864398461038203e-06
14,1.5671620160598902e-07,0.8866470255268654,1.4983412820411984e-09,0.09865309139887736,5.316525299128237e-08,0.0002888655826637879,4.0025362141778285e-10,6.600889127531826e-05,0.00016650119764401343,2.4264106896981794e-08,7.599186043163912e-05,9.600542720122015e-08,7.36208301161326e-11,2.533462326110477e-09,0.001725507666654017,5.809900040008237e-06,8.274404933721611e-09,0.0001400526356348152,3.2628725386655006e-05,1.5747701498139871e-09,3.0613467265686764e-08,0.012196237363740236,6.087458170505066e-07,6.97417599585246e-11,1.2953159188641323e-06
15,1.412099672832672e-07,0.9008197208748512,1.413037126392741e-09,0.08783658754190472,5.994187728999953e-08,0.0002951336378098691,3.139458492453888e-10,5.042802388950764e-05,0.00014492350456857822,2.1888569357629632e-08,6.766748741591031e-05,6.257551075240596e-08,8.027764612768137e-11,2.1930898331171757e-09,0.0014222241139138618,5.838687636807199e-06,7.184893676807444e-09,0.00015914545480602687,4.246467942253299e-05,1.6446815605111485e-09,2.495322580108818e-08,0.009154019617926706,5.589475411586522e-07,6.589204168951135e-11,9.639633450244705e-07
16,2.4368941239021735e-07,0.8277576382388641,2.2639342003273457e-09,0.15899818638063415,9.797220290348603e-08,0.00036878733783871716,6.021885333252712e-10,6.8395114646265e-05,0.00016115170656168102,3.823858794697986e-08,0.0001467485145099802,1.0732329952603328e-07,1.6642402082713346e-10,5.183992758980372e-09,0.002166031774109056,1.1699187431303286e-05,1.1577881293703592e-08,0.0003780852901080455,4.677194726334509e-05,4.3734908282963365e-09,4.9722850143653724e-08,0.009893684507047399,1.1603166283517898e-06,1.2005497030415408e-10,1.098450038094672e-06
17,2.576453506986259e-07,0.8490937003984331,2.4284588831585657e-09,0.13523075620252742,8.898519255784151e-08,0.000283180542548819,7.102088992379689e-10,7.580433399493866e-05,0.0001986443842682863,3.120374594049327e-08,0.00010679870317543157,1.3677742851388914e-07,1.2235611909416406e-10,4.419755198872788e-09,0.0017140106770954851,7.973981054213324e-06,1.148018474537681e-08,0.00017132500400849344,3.611503594853312e-05,2.3898252304121724e-09,4.134624534328898e-08,0.013078668466997984,8.413049597651077e-07,1.020673685055863e-10,1.6033541680958413e-06
18,1.6986102109003318e-07,0.9342839964705609,8.222472580484316e-10,0.053421325127379765,4.8567787483792156e-08,0.00021432736582319563,2.8990995996260354e-10,3.53260844115786e-05,0.0001265535682402916,1.7136821565997185e-08,5.645775844284729e-05,4.530752060069419e-08,5.713749489293881e-11,2.406315879780478e-09,0.001274625886635015,3.0933919626137823e-06,1.090637339040176e-08,0.00017774963249257909,4.714828681016568e-05,1.1083830937459269e-09,1.8207672405430518e-08,0.010356993730494994,5.668953374618254e-07,7.251443275523133e-11,1.5210577039400341e-06
19,1.6730234416184261e-07,0.8686874955392773,2.2225738947299543e-09,0.11467771243108212,7.163877320085214e-08,0.0004071862322269977,5.411720696439241e-10,8.792740419852034e-05,0.00019384181105515873,3.746519420713823e-08,7.061438942346866e-05,1.1184047886467788e-07,1.3454930089402466e-10,2.1171690010928716e-09,0.0013345359110660787,7.872359058743899e-06,9.827252224914596e-09,0.0001377633065513057,4.6917794786428516e-05,2.1269560769756517e-09,2.7947539744263527e-08,0.014346010353059383,5.08727506255232e-07,9.223122724265588e-11,1.1804844745102723e-06
20,1.0842373828096469e-07,0.9110958823468933,1.2391600038570449e-09,0.07526543097340643,4.374785179025945e-08,0.0002750135828386414,2.8035008907924143e-10,5.53742455434599e-05,0.00012533058344138564,1.972639383487097e-08,6.085942384681902e-05,7.933145094435255e-08,6.355073962766189e-11,1.8699642133093035e-09,0.0017159689692309423,4.956940262827258e-06,6.7734931797714236e-09,0.00013926452272600904,3.1637608285608985e-05,1.3679697143645039e-09,2.968050885573842e-08,0.011228565199137848,5.113324975975461e-07,6.068919619075245e-11,9.11706768292029e-07
21,1.76752487205918e-07,0.8766843103884144,1.6872972719243786e-09,0.11199920179671044,7.278428016656193e-08,0.0003058314195045306,3.822093062949394e-10,5.414167892313323e-05,0.00016021432366843826,2.574595374929359e-08,9.149945868539082e-05,7.48529757314331e-08,9.595370050186889e-11,3.081680144719995e-09,0.0016503086316866007,7.122588114684733e-06,7.793777034834869e-09,0.0001932272901834584,4.189655182738413e-05,2.225835032882053e-09,3.0532108144694026e-08,0.008810031897199403,7.381455059023907e-07,7.439747613840501e-11,1.0798206214042483e-06
22,2.27030729830578e-07,0.8234238004641359,2.3111919661883902e-09,0.1622739436923448,9.094812341648749e-08,0.0003400541631607785,5.036646256396476e-10,6.995801663179948e-05,0.0001928682625528241,3.967189938589306e-08,0.00015452536155384383,9.221557880668317e-08,1.3700977295326113e-10,3.5254236534312117e-09,0.0019057457038993762,9.003123585966786e-06,1.3449181382620067e-08,0.00029354785458601313,4.544834676701011e-05,3.7096263982127115e-09,4.4989314472224965e-08,0.01128823017099077,1.0590316356455863e-06,8.615522225311371e-11,1.2972302562451933e-06
23,1.412099672832672e-07,0.9008197208748512,1.413037126392741e-09,0.08783658754190472,5.994187728999953e-08,0.0002951336378098691,3.139458492453888e-10,5.042802388950764e-05,0.00014492350456857822,2.1888569357629632e-08,6.766748741591031e-05,6.257551075240596e-08,8.027764612768137e-11,2.1930898331171757e-09,0.0014222241139138618,5.838687636807199e-06,7.184893676807444e-09,0.00015914545480602687,4.246467942253299e-05,1.6446815605111485e-09,2.495322580108818e-08,0.009154019617926706,5.589475411586522e-07,6.589204168951135e-11,9.639633450244705e-07
24,1.497052162805758e-07,0.8937261140542506,1.4596695375842558e-09,0.09484981845077663,6.229895756213762e-08,0.00030084431634715776,3.2920844516462843e-10,5.164586823802034e-05,0.00014754485027339894,2.2860000229250047e-08,7.058005688499509e-05,6.465098303915528e-08,8.483030519478987e-11,2.3052438153805315e-09,0.0014120467008415323,6.0704813638920375e-06,7.36841208703966e-09,0.00016517434259832357,4.2886976643946755e-05,1.74467453678888e-09,2.5368472051417544e-08,0.0092253708415541,5.796401383415581e-07,6.798322280708173e-11,9.851764380648617e-07
25,9.122535958495308e-08,0.9337250490983607,9.47763704668457e-10,0.05740896142517172,4.247359673602472e-08,0.00026336746355510855,1.9159846079702707e-10,3.1641614227831714e-05,0.00010861894570879968,1.2472075076274786e-08,3.8422397233802986e-05,3.656732816214967e-08,4.8238305364336254e-11,1.33533308810744e-09,0.0010543721731670675,4.202925871653655e-06,4.8274138490912804e-09,0.00011842927761511637,4.011605617704263e-05,9.505163039551744e-10,1.802139126204168e-08,0.007205513883302814,3.9712243451599266e-07,4.761773897794287e-11,6.985089416256102e-07
26,1.3714781896057388e-07,0.9155938046162573,1.1559922424117112e-09,0.07474050103909861,5.981184404840069e-08,0.00033211177130517013,2.537445851739362e-10,3.804948548190505e-05,0.0001496484793645133,1.7895646336286916e-08,5.2851474058156174e-05,3.731060004126932e-08,7.717470308299476e-11,1.613153147300615e-09,0.0009956220899978983,5.30966720357798e-06,8.14420572925604e-09,0.00019388645442533506,5.486534767168114e-05,1.530348175942844e-09,2.0573877280080834e-08,0.007841618853905623,5.412792291600668e-07,6.132489959312493e-11,9.038662709459507e-07
27,1.139551188887694e-07,0.9209224675159424,9.560998652826248e-10,0.06766277132880809,4.4413897905299735e-08,0.00026105867745215855,2.4447538182041454e-10,4.730075659001953e-05,0.0001394983466608895,1.7474485207855156e-08,5.1074179276287716e-05,5.2111173563008045e-08,5.625386273300176e-11,1.5351449429657335e-09,0.0012713772735001103,4.093672728160242e-06,5.710969053919495e-09,0.00011511860813171822,3.882332793676674e-05,1.0283423213876817e-09,1.5902813550530765e-08,0.00948482865668828,3.854911539032018e-07,4.901990535828442e-11,9.487273367646386e-07
28,1.412099672832672e-07,0.9008197208748512,1.413037126392741e-09,0.08783658754190472,5.994187728999953e-08,0.0002951336378098691,3.139458492453888e-10,5.042802388950764e-05,0.00014492350456857822,2.1888569357629632e-08,6.766748741591031e-05,6.257551075240596e-08,8.027764612768137e-11,2.1930898331171757e-09,0.0014222241139138618,5.838687636807199e-06,7.184893676807444e-09,0.00015914545480602687,4.246467942253299e-05,1.6446815605111485e-09,2.495322580108818e-08,0.009154019617926706,5.589475411586522e-07,6.589204168951135e-11,9.639633450244705e-07
29,1.412099672832672e-07,0.9008197208748512,1.413037126392741e-09,0.08783658754190472,5.994187728999953e-08,0.0002951336378098691,3.139458492453888e-10,5.042802388950764e-05,0.00014492350456857822,2.1888569357629632e-08,6.766748741591031e-05,6.257551075240596e-08,8.027764612768137e-11,2.1930898331171757e-09,0.0014222241139138618,5.838687636807199e-06,7.184893676807444e-09,0.00015914545480602687,4.246467942253299e-05,1.6446815605111485e-09,2.495322580108818e-08,0.009154019617926706,5.589475411586522e-07,6.589204168951135e-11,9.639633450244705e-07
30,1.412099672832672e-07,0.9008197208748512,1.413037126392741e-09,0.08783658754190472,5.994187728999953e-08,0.0002951336378098691,3.139458492453888e-10,5.042802388950764e-05,0.00014492350456857822,2.1888569357629632e-08,6.766748741591031e-05,6.257551075240596e-08,8.027764612768137e-11,2.1930898331171757e-09,0.0014222241139138618,5.838687636807199e-06,7.184893676807444e-09,0.00015914545480602687,4.246467942253299e-05,1.6446815605111485e-09,2.495322580108818e-08,0.009154019617926706,5.589475411586522e-07,6.589204168951135e-11,9.639633450244705e-07
31,1.403937561210329e-07,0.9095578190022485,1.5756519845948359e-09,0.07809953257796794,5.541224758564217e-08,0.0002653928161480446,2.922325697092643e-10,6.32998213444932e-05,0.00013962617288722497,2.1503428611586903e-08,5.454441692559544e-05,6.973969947932788e-08,9.609662208150169e-11,1.9055832832412213e-09,0.0013501629184819361,6.3894862941666995e-06,7.725837101859979e-09,0.00015345942950271873,4.5555846358631006e-05,1.477317745963374e-09,2.699040059443174e-08,0.010262616813534442,4.568755952342023e-07,7.353390834100585e-11,8.166369254216326e-07
32,1.3611292266369466e-07,0.9125040886339139,1.3397790550974583e-09,0.07694925119657797,5.8499695226050124e-08,0.0002840592559046832,2.8392812624748643e-10,4.508769598208926e-05,0.00013586138630130524,1.9812326608554037e-08,5.781825701508811e-05,5.2564288464180434e-08,7.740294896009394e-11,1.983654350010057e-09,0.0012627557045305248,5.489426746052571e-06,6.97252116290082e-09,0.0001527890462319225,4.6652395694634265e-05,1.4635773860160504e-09,2.241637233489984e-08,0.008554434549728766,5.078404465623307e-07,6.54409674792583e-11,9.030190173221547e-07
33,1.0695736795336387e-07,0.9142899143174792,8.863463452295334e-10,0.0744614514836406,3.827650589039995e-08,0.0003420778571611457,2.4615704942864257e-10,3.181265775112357e-05,7.505067448400955e-05,1.4520033250262099e-08,1.8665589112896566e-05,2.8393696989604734e-08,7.447310663933128e-11,1.223348232746114e-09,0.0004589759795181256,5.9626379201235616e-06,7.77476684301617e-09,0.00015697443448667975,7.281145207449473e-05,9.705010215117008e-10,1.182160484013867e-08,0.010085282016182362,2.6522505299898944e-07,9.949222514341331e-11,5.444308423983124e-07
34,3.032204378885765e-07,0.9188348658239694,1.6480238055268933e-09,0.07283245390361487,1.1193661487652906e-07,0.00019220864088056387,2.993418652863779e-10,4.410162986431806e-05,0.00017544704019459116,2.2492102121765026e-08,8.741800821302777e-05,4.137443186136434e-08,1.080951334386569e-10,3.826450364958843e-09,0.0013768943819915504,5.486595622611274e-06,8.94796540577461e-09,0.00021406407835665697,7.524699560030725e-05,1.782534607031517e-09,2.0249098098955127e-08,0.00615948373078074,6.210881586997708e-07,7.642318835644703e-11,1.1921212335121428e-06
35,1.766380136257302e-07,0.8502927599808058,2.95764806737686e-09,0.13900446877915779,9.200162837251804e-08,0.0003704478471692329,5.194093846311849e-10,4.20660915011325e-05,0.00011739025475570298,3.746816743469392e-08,0.00014267949810219205,1.0655224027083709e-07,1.2549200831944226e-10,6.615786574212044e-09,0.0024488169618521625,9.24230854013797e-06,9.264433591944264e-09,0.0002496290313672903,3.6804441033150466e-05,4.561653234619308e-09,7.017397608462543e-08,0.0072822252443532276,1.6533297578356441e-06,1.3207566988491815e-10,1.309221080066175e-06
36,1.431353828511029e-07,0.8991641907198201,1.2941179765515367e-09,0.08700910428419013,5.3570296856532386e-08,0.00027717673163406607,3.5536953587275323e-10,5.8086048123621386e-05,0.00014865244312902844,2.209158562353626e-08,6.921315295634432e-05,7.709684117659332e-08,7.975679015072603e-11,2.2018532066392866e-09,0.0015158016399291377,5.759189992037685e-06,8.001796691387135e-09,0.0001637415405280473,3.8318265128167225e-05,1.541983103098233e-09,2.4595136564508688e-08,0.011548057270991832,5.358211056438027e-07,6.806438623324479e-11,1.0288602869828114e-06
37,1.0294588167747623e-07,0.9165604311401092,1.1624678818645783e-09,0.07162059403645751,5.198420273607193e-08,0.00029994845623222856,2.23843819614905e-10,5.7265529899996523e-05,0.0001672707725206595,2.0966573832163732e-08,5.806821013590918e-05,5.3743991330044596e-08,6.412430113561347e-11,1.229714013920591e-09,0.0013272265351240084,4.577361171005579e-06,5.850694794554485e-09,0.00011675604729162814,4.1972245219369256e-05,1.2377742126130963e-09,1.7457419642117817e-08,0.009744453938844908,3.605577457607899e-07,4.234721515655998e-11,8.182602124051575e-07
38,1.0684515243800961e-07,0.9165269864572253,1.2360576506144327e-09,0.07297317583306402,5.1096820864186827e-08,0.0003206496170276269,2.966599404375957e-10,3.871361876428973e-05,0.00011366196087722706,1.7483308119107762e-08,5.533329872419053e-05,5.112283929311601e-08,7.247759774690555e-11,1.869411842116378e-09,0.0013501601091294542,6.3888075564166526e-06,6.192608418911789e-09,0.00017403786204848065,4.346138235394741e-05,1.5358132715881553e-09,2.469886526476726e-08,0.008395884059152063,5.462391701592407e-07,6.828335272024921e-11,7.382366091073012e-07
39,1.2125377488617652e-07,0.9045979049382712,1.3882003168861338e-09,0.08374057508127591,5.3605103155796615e-08,0.000299061056385676,2.8959091692593235e-10,4.948922689658171e-05,0.00013503176703051772,1.928087270804326e-08,5.692920532920286e-05,6.034612035848123e-08,7.362936659443726e-11,1.7791084876371315e-09,0.0013109713610362345,5.982280208563932e-06,6.819129592604165e-09,0.00014927029780112936,4.06880487781795e-05,1.471673005260275e-09,2.604626705493442e-08,0.009612489860766444,4.978780620706264e-07,6.19335272733865e-11,8.165827548069024e-07
40,1.5980796971404988e-07,0.9486120347235389,1.7323425547200775e-09,0.04248409541826534,7.922191926998444e-08,0.0001656650986770119,2.914897743486844e-10,3.059104738669578e-05,0.00012865314653495797,1.548566954177117e-08,6.332366829306804e-05,6.844768127583767e-08,5.716361819468251e-11,3.771631304677373e-09,0.0017005274771743656,3.4584787349337273e-06,6.041869769462552e-09,9.722587563076842e-05,3.583904476965647e-05,1.1588662608070518e-09,2.9508795286661215e-08,0.006676266360514905,6.39443730085237e-07,7.040722850177366e-11,1.3146209435859329e-06
41,1.463106398524001e-07,0.8978788765527883,1.422464406250918e-09,0.09134821152166468,6.38645675159748e-08,0.0002961730801855874,3.0805786629506625e-10,5.181347917722137e-05,0.00015021086278135302,2.21384782682154e-08,6.94565166713152e-05,5.966961452964479e-08,8.394539573341827e-11,2.2099855434389597e-09,0.0014061069847500609,6.090821020867603e-06,6.810089041370771e-09,0.00016192097930194248,4.445528958244421e-05,1.6826957001429025e-09,2.3575879855287174e-08,0.008584897692988359,5.408670441206585e-07,6.353473236426201e-11,9.172120906482684e-07
42,4.88322962154301e-07,0.8669791863368965,2.6053628137907132e-09,0.12192840196414176,1.955240414931446e-07,0.0003667294282450222,8.581444400812716e-10,5.016725610028229e-05,0.00021736735413329414,6.167099887345127e-08,0.000327790136389586,1.264884809758498e-07,2.0032417952585296e-10,2.0910065293901246e-08,0.004133398146166199,6.918682638160131e-06,1.4252384407994351e-08,0.0004459163080305826,4.995886965855543e-05,7.423560291347925e-09,5.911137882021206e-08,0.005486517550377475,3.029235647075349e-06,1.8683756862497834e-10,3.6411770339524703e-06
43,1.3562622465060227e-07,0.8847088634513712,1.6577527510941774e-09,0.10186796635096916,6.415612441530918e-08,0.00038934855188228973,3.5234614109120157e-10,6.762799461996398e-05,0.0001531932601324147,2.8364872774263945e-08,6.637955566919282e-05,7.02969632411248e-08,1.0783816504137787e-10,1.8161751747569265e-09,0.0014014325712206005,7.409544991512707e-06,8.786558468173984e-09,0.00018610251834513624,5.0220725757341625e-05,2.1134777405747816e-09,2.9429570336451828e-08,0.011099774899978697,5.164520816929943e-07,7.481311782664144e-11,8.213402639247491e-07
44,1.412099672832672e-07,0.9008197208748512,1.413037126392741e-09,0.08783658754190472,5.994187728999953e-08,0.0002951336378098691,3.139458492453888e-10,5.042802388950764e-05,0.00014492350456857822,2.1888569357629632e-08,6.766748741591031e-05,6.257551075240596e-08,8.027764612768137e-11,2.1930898331171757e-09,0.0014222241139138618,5.838687636807199e-06,7.184893676807444e-09,0.00015914545480602687,4.246467942253299e-05,1.6446815605111485e-09,2.495322580108818e-08,0.009154019617926706,5.589475411586522e-07,6.589204168951135e-11,9.639633450244705e-07
45,1.6170203301477897e-07,0.9065004568024847,1.3919957595991066e-09,0.08511777125365097,6.851278558572764e-08,0.00023001732490464814,2.455286142006716e-10,2.7221326995317782e-05,0.00014093842434464713,1.7554621020861335e-08,8.465208694716723e-05,4.8568353804045415e-08,5.4892500925604326e-11,3.028996377102867e-09,0.0013814308498701097,3.9093632077072855e-06,6.5915476254343415e-09,0.00014863646816270248,3.5566579233025034e-05,1.6365206217002413e-09,2.6628683086541245e-08,0.006326826845873763,8.73491454428709e-07,5.424667786564232e-11,1.3632126662579301e-06
46,1.6886679724925276e-07,0.8487369631407613,1.8607447936235788e-09,0.13227914125441173,5.8575498390963945e-08,0.00036341001296579103,4.97880505477665e-10,7.416384947107408e-05,0.00016280850444131662,3.053923692539264e-08,6.85736141434421e-05,9.16229204890347e-08,1.0701820697462943e-10,1.8762452421455224e-09,0.00118652342757095,7.373003417658443e-06,1.3183610166055463e-08,0.0001760986278149187,4.397407707605307e-05,2.0065182331476993e-09,3.364761804711628e-08,0.016898858641603308,5.732677364881755e-07,8.610505799915504e-11,1.135708392709445e-06
47,1.5370512105734172e-07,0.8799204931620987,1.496023692250498e-09,0.10381622931179016,4.689627131595872e-08,0.00029749200070420276,4.18212955698612e-10,5.5107522557453884e-05,0.0001294321624804623,2.0876977992483564e-08,4.21982216616075e-05,7.02968459474087e-08,8.697756556205757e-11,1.653499224911486e-09,0.0008722271286676275,7.130532108723511e-06,9.415780426534924e-09,0.00013650004348213612,4.729947643890781e-05,1.2687237093181024e-09,2.1797780047473196e-08,0.014674221278173988,4.1663435664775835e-07,8.634028566961275e-11,9.245269251647535e-07
48,1.278020348392289e-07,0.911156547043863,1.2206392041943506e-09,0.07737361466076975,5.234494201469936e-08,0.0002971387095086141,2.8354949714652076e-10,4.8769231219060046e-05,0.00013047370479813585,2.0094426682399363e-08,5.24884613416717e-05,5.2934358262554734e-08,7.746813306981656e-11,1.7614943621118646e-09,0.0012062440183235644,5.462378746043018e-06,7.249360754050035e-09,0.00015406083769658782,4.6988704086842355e-05,1.3848062621054348e-09,2.095540324219908e-08,0.009526611246216598,4.542468770582746e-07,6.648872639561048e-11,8.605815809719577e-07
49,1.0693912811084349e-07,0.9040486789105247,1.559747762829251e-09,0.08168662450553948,4.977107971448625e-08,0.0003255571523088024,3.17517669401324e-10,5.662846263434273e-05,0.0001404609841545514,2.1237128220049073e-08,4.93210421702716e-05,7.690794245704497e-08,7.602544094371188e-11,1.4284698366146019e-09,0.0012084338652597723,5.813072007461336e-06,6.937936853507495e-09,0.00011602029387638974,3.838931822650603e-05,1.378820797506093e-09,2.5766001683155426e-08,0.012322525230256277,4.223676353519983e-07,6.321620875428653e-11,8.324123912776593e-07
50,3.362930031332802e-07,0.8295396875212223,2.221812243297013e-09,0.15362126245086527,1.0017620037041421e-07,0.0004020018057543676,8.359714251162538e-10,0.00011708405333921201,0.0002181998032289966,6.470916154423635e-08,0.00013196946768008534,1.2775178478031145e-07,2.3213679552806655e-10,5.225558818276908e-09,0.0019511113514674796,1.028375014268792e-05,1.5639927548405972e-08,0.0002758055405725882,6.645727470592609e-05,3.7651001435288575e-09,2.7730770892890168e-08,0.013662885721098576,7.828990764717169e-07,1.5725144451985865e-10,1.7836221668660917e-06
51,0.0004433591270529702,0.30986748124294344,4.270874409352285e-06,0.3707471276093809,0.0011406803479576183,0.053487662870895285,7.669746009944334e-06,0.0010294068072964858,0.04150470140407704,0.0001678306576490346,0.01708426882377179,7.459431753266518e-06,4.7420672440784333e-07,1.9675982768714716e-05,0.024384043840648864,0.004894383449114562,3.0254182359071378e-05,0.11173218236972456,0.04201468310059534,6.380465261579946e-06,1.4907020939385029e-05,0.01980065557805738,0.0013677482321805372,1.2138546633934139e-06,0.00024147877376520802
52,1.1185547072376391e-07,0.9258774513318616,1.3853525872025994e-09,0.06376469087599912,4.8828152575275e-08,0.00021017611191374098,2.661681565787302e-10,3.337543855110459e-05,0.00011961213691002189,1.3154535866439602e-08,4.848273956574649e-05,5.0699765329200465e-08,5.138535145592363e-11,1.7776229762028023e-09,0.0011328833360856993,4.531887366819745e-06,6.378498594591241e-09,0.00010471647734349851,3.4169961038332625e-05,9.84916064908866e-10,2.5428638919122045e-08,0.008668216475721453,5.096627326156218e-07,5.4982924256716784e-11,9.226994200705164e-07
53,7.169916449163278e-08,0.95821932834019,5.53401506534317e-10,0.03355537139053532,2.907602000825713e-08,0.00019452323317537774,1.0697522921877131e-10,3.116169291858781e-05,8.75646805844698e-05,9.503041846798538e-09,1.9932638934504536e-05,2.1788829911984667e-08,3.428977719115366e-11,7.273865743028625e-10,0.0007630071982756183,2.4417619390025243e-06,3.661744847246309e-09,7.478373957124012e-05,4.912195718567845e-05,4.3819189146668806e-10,7.961300028949552e-09,0.0070019031401228945,1.6921667575473128e-07,3.507235120983242e-11,5.454244733293467e-07
54,1.584040799213032e-07,0.880542241367011,1.7009450860139734e-09,0.10745206849599533,7.102987179992234e-08,0.00033046452215043746,3.59624589080177e-10,5.8123076283268045e-05,0.0001619906543195223,2.6939989342726466e-08,8.502953239829784e-05,7.192992071266341e-08,1.0116469585947054e-10,2.44859134726135e-09,0.001534763903063747,7.037497637707701e-06,8.297989153323721e-09,0.0001942577299859353,4.4559983997937004e-05,2.21854361921482e-09,2.989649679244186e-08,0.009587451225591329,6.564744564604861e-07,7.1671808746971e-11,9.821382202880395e-07
55,1.6079140998741805e-07,0.8824584728824388,1.4532980742933342e-09,0.10328089172342914,6.514695147898934e-08,0.00035440807002435146,4.35177489419866e-10,7.067171234871951e-05,0.0001860098097663576,2.477638280091472e-08,7.338036911327058e-05,1.0675213856002504e-07,1.0897745775201932e-10,2.375656636962398e-09,0.0014879678415576452,7.791863037798884e-06,7.126104459497215e-09,0.00019454779510938097,3.7911926217579254e-05,2.0109758883842736e-09,2.513249146477577e-08,0.011846056787598995,5.524725600470408e-07,7.45266580336426e-11,9.405627069791851e-07
56,1.5328224600231777e-07,0.8942411420948665,1.4992960545760405e-09,0.09396361001337665,6.379421075816221e-08,0.00032010049054323155,3.5394088469543503e-10,5.5934547005418686e-05,0.0001513859461634786,2.442871991739582e-08,6.854385885786036e-05,6.630032466782866e-08,9.539981173151242e-11,2.3083125627347436e-09,0.001394292174285786,6.4830847215129544e-06,7.877043626102487e-09,0.00017264290402102794,4.6523054746899785e-05,1.8300292988596473e-09,2.511253838874596e-08,0.009577445788244125,5.652074560334852e-07,7.45621167852637e-11,9.838790874171e-07
57,1.4524225073661707e-07,0.8996750397140767,2.6906512916040754e-09,0.08586210266564083,8.434013265176789e-08,0.00036014733558252434,4.4952549427278343e-10,6.914740250690906e-05,0.00018531819183775411,3.235208094001995e-08,7.04356366550441e-05,1.0621707797933741e-07,1.231381310150143e-10,2.16889221896982e-09,0.0014547383631208948,7.974296333805339e-06,9.05408323732859e-09,0.0001339040395360704,4.8153153643956415e-05,2.215122806051453e-09,3.506662350964927e-08,0.012131085918502461,5.510962230873294e-07,8.763158637554025e-11,9.821791292738386e-07
58,1.4197638131321177e-07,0.905022973160318,1.435418298962226e-09,0.08340999198554264,5.9243452694145553e-08,0.00031737013700161966,3.248311517171758e-10,5.151418385632879e-05,0.0001352445985217694,2.2715243518574822e-08,5.8353344885627566e-05,6.193532871454206e-08,9.085731740291676e-11,2.142150911520979e-09,0.0013060465857921792,6.146243974972748e-06,7.66870555166821e-09,0.0001674017605934408,4.788534550510627e-05,1.6767769609047755e-09,2.4598363707430578e-08,0.009475304974081389,5.254541694382166e-07,7.780447894016987e-11,9.183404426689444e-07
59,1.4506544395339924e-07,0.9008711300373081,1.6007887316299147e-09,0.0874100610369917,6.257554066079556e-08,0.0003144391423440882,3.43760522693662e-10,5.289617587373305e-05,0.00013978840342416296,2.3493366321410538e-08,6.282148358355069e-05,6.703206649633017e-08,9.513702002993236e-11,2.2667515919833857e-09,0.001356836546355264,6.502784221037286e-06,7.872213695352197e-09,0.0001666486280826408,4.642357815591118e-05,1.7896174338593857e-09,2.725998004370409e-08,0.009570614073282156,5.632068761505938e-07,7.91939699902603e-11,9.354296409149086e-07
60,1.412099672832672e-07,0.9008197208748512,1.413037126392741e-09,0.08783658754190472,5.994187728999953e-08,0.0002951336378098691,3.139458492453888e-10,5.042802388950764e-05,0.00014492350456857822,2.1888569357629632e-08,6.766748741591031e-05,6.257551075240596e-08,8.027764612768137e-11,2.1930898331171757e-09,0.0014222241139138618,5.838687636807199e-06,7.184893676807444e-09,0.00015914545480602687,4.246467942253299e-05,1.6446815605111485e-09,2.495322580108818e-08,0.009154019617926706,5.589475411586522e-07,6.589204168951135e-11,9.639633450244705e-07
61,1.4531541936655437e-07,0.9054250535972371,1.6106836854940395e-09,0.08308660912971567,6.406375081085162e-08,0.00030233884963946797,3.3791440939985655e-10,5.039362673068424e-05,0.00014402991353720704,2.271965762638819e-08,6.455505944886469e-05,6.5755209080396e-08,8.773604923807395e-11,2.278556465506e-09,0.001390018147736369,6.132953367970074e-06,7.690787730999767e-09,0.0001565766854305963,4.52027751971872e-05,1.7099742134787089e-09,2.7284213347214988e-08,0.009327200316069663,5.704968240736897e-07,7.468803696150953e-11,9.795204743765407e-07
62,1.412099672832672e-07,0.9008197208748512,1.413037126392741e-09,0.08783658754190472,5.994187728999953e-08,0.0002951336378098691,3.139458492453888e-10,5.042802388950764e-05,0.00014492350456857822,2.1888569357629632e-08,6.766748741591031e-05,6.257551075240596e-08,8.027764612768137e-11,2.1930898331171757e-09,0.0014222241139138618,5.838687636807199e-06,7.184893676807444e-09,0.00015914545480602687,4.246467942253299e-05,1.6446815605111485e-09,2.495322580108818e-08,0.009154019617926706,5.589475411586522e-07,6.589204168951135e-11,9.639633450244705e-07
63,1.2554998572182447e-07,0.9177652018217897,1.2086782003788796e-09,0.07178336492900964,5.3157555780022204e-08,0.0002727277338617858,2.662423653147453e-10,4.2885176084410914e-05,0.0001324403024488696,1.7785904362735302e-08,5.4864161403661075e-05,5.130986446443768e-08,6.706829707953985e-11,1.8624339700958697e-09,0.0012791156971157253,4.924813273974074e-06,6.464328738565125e-09,0.00014039791813990956,4.228139552739411e-05,1.2973029055747806e-09,2.1734136683999723e-08,0.008480113488571911,4.911713688136524e-07,5.948059281266327e-11,9.106284222910793e-07
64,1.3612171181511046e-07,0.9034723229752939,1.7576658189569236e-09,0.08480698109484394,6.338364799519851e-08,0.0002957234083371096,3.334929863858608e-10,4.7796867264835035e-05,0.00014308601821617722,2.1486852518268175e-08,6.857804278053506e-05,7.092527473007475e-08,7.95875143114223e-11,2.314676350689673e-09,0.0014965206152929883,6.117720905371608e-06,7.961103440178507e-09,0.00015326057686791426,3.949954060212543e-05,1.7830472410862102e-09,3.482147198585489e-08,0.009468128194929482,6.537801078270693e-07,7.114897606649108e-11,9.901248762854296e-07
65,1.071706594907515e-07,0.924789315748147,8.081637620191934e-10,0.0669126987275975,3.612521717613199e-08,0.000264439119340055,2.1681568140934244e-10,2.4055665382091272e-05,7.225506833565019e-05,9.121117264934808e-09,2.9640512967837438e-05,3.403610810081512e-08,5.4884181278697406e-11,1.8345997094254623e-09,0.0009021138385680764,5.110043548356038e-06,5.661537369973117e-09,0.00019426604331401046,4.0129076531993e-05,1.0674852914303397e-09,2.4951712164235038e-08,0.006764597347911551,5.437214603407573e-07,7.30318892152549e-11,6.139655632203676e-07
66,3.9389937496070213e-07,0.7846986186758358,5.991757359476022e-09,0.2023589074667226,2.4630572200083357e-07,0.0005512410207119591,1.0489193035342114e-09,0.00010526765431824217,0.0003038105494860722,7.338697265159746e-08,0.00013484904679673097,1.0504322524656588e-07,4.397563198130658e-10,4.525209598846682e-09,0.0011785139006252113,1.9744249873862052e-05,1.8045919691373804e-08,0.0002910993027587103,0.00010816246516819488,6.842992670314603e-09,4.3290524316146055e-08,0.01024682027697609,8.904234885732084e-07,1.7119168352111802e-10,1.175975671971458e-06
67,1.0693343859543456e-07,0.9078166297202538,1.1132809955803225e-09,0.08166747750092315,4.2537979058481474e-08,0.00029963446752424605,2.5827117432460397e-10,3.616179537487235e-05,0.00011112441802500375,1.601244740736712e-08,5.214063243579145e-05,5.172247969378293e-08,6.003396863185842e-11,1.8743279033105905e-09,0.001251805792513455,5.07646268721907e-06,6.495942573929076e-09,0.00015704260905906805,3.545513712987299e-05,1.404345026905969e-09,2.623313721625935e-08,0.008565695859465011,6.07606138889782e-07,6.263134707063438e-11,8.932901545758154e-07
68,8.215203627155395e-08,0.8842949656256841,1.8255296197730007e-09,0.09629896258925609,4.996358787557165e-08,0.0005590587113297136,3.8057192170246315e-10,9.18278728285105e-05,0.00014034597148633566,2.8293968513742957e-08,7.445441278425761e-05,1.8069368383421155e-07,8.968379415297692e-11,1.6821084674622327e-09,0.0026172924343684486,7.139156448204178e-06,7.384286748389838e-09,0.00019464695727541194,2.2474864537683842e-05,2.6829810700062222e-09,7.917765359736774e-08,0.015696992122157985,6.703212892724943e-07,7.223691849436988e-11,7.345622254958134e-07
69,1.2996285485745504e-07,0.9132312818837895,1.3125459207947456e-09,0.07630078884012208,5.487311335566979e-08,0.0002758633646385462,2.933434539955135e-10,4.509390096373391e-05,0.00012839603993979273,1.8188348161339748e-08,5.11751878140308e-05,5.3653482572254975e-08,7.3401423874804e-11,1.948736441725321e-09,0.0011976711850930992,5.627458406683493e-06,6.2610868128618745e-09,0.0001346219966096375,4.414061540768246e-05,1.2873870209712864e-09,2.1133230310215688e-08,0.008583741370948982,4.579093682311045e-07,6.580995576392407e-11,8.511935575452237e-07
70,1.2187905933345062e-07,0.9505306810950306,9.515473387967864e-10,0.03916599612544423,4.664642008438792e-08,0.00017960679094023967,2.039759386472342e-10,3.2965218697726155e-05,9.992498288181008e-05,1.4448185094606318e-08,4.542402275218433e-05,3.988003685010472e-08,5.261032108062787e-11,1.95059376279391e-09,0.0013160861309634557,3.143250525022908e-06,7.850293883125956e-09,0.00013976635682390947,4.666833874925528e-05,9.147794869244104e-10,1.9468336751151157e-08,0.008438078947001767,4.332273635801149e-07,6.485120534596823e-11,9.712021361678885e-07
71,5.256445547479584e-07,0.7302344133329512,3.3634612098463393e-09,0.24725761368863045,1.826827333287354e-07,0.0007499224374774376,2.4155999885434247e-09,0.0002180356910080623,0.0003866715040980316,1.0605341571462489e-07,0.00016356732819783657,2.0445163380996771e-07,4.998302931361725e-10,6.035627248326112e-09,0.0016933622912298023,1.9759891262842403e-05,2.3244984267585277e-08,0.0003517345495156998,8.443085283125388e-05,6.53215871550463e-09,3.1254084973930206e-08,0.018836561560142656,7.953000939525358e-07,2.2684484521850618e-10,2.0391676315998424e-06
