,0,1,2,3,4,5,6,7,8,9,10,11,12,13,14,15,16,17,18,19,20,21,22,23,24
0,1.6540800674074758e-09,9.00951164388396e-06,7.155719187205671e-06,0.9876428230049609,8.549839071060939e-06,4.522769930405513e-09,1.0754087565032744e-05,0.0002329906819742927,8.846396010005573e-10,0.00040920523034704303,6.019428003489723e-08,2.033642275332292e-06,0.0012970512965288323,0.00012137053896808908,8.214253216056516e-13,2.619283609467231e-07,1.119307247606465e-08,2.4557544388361883e-05,2.0794084849189527e-08,0.010227567096377177,1.3976046049600786e-07,2.992207961875122e-08,5.432739128935725e-06,8.751291680314144e-07,9.308376619381137e-08
1,2.2250291493960372e-09,9.911879254622266e-06,1.2382903614111336e-05,0.9767879317277813,1.0004780339657034e-05,7.48426767196624e-09,1.7898195425058067e-05,0.0003051132659501369,1.6580624902659753e-09,0.0005336599355998662,9.455019595226438e-08,2.8191526084275904e-06,0.002256710087057581,0.00012169246284730738,1.212356777856435e-12,4.7313904293513113e-07,1.2451882821665335e-08,2.6974030359730442e-05,2.6273690830450158e-08,0.01990709328271235,1.3406798768228857e-07,3.4146768815119836e-08,5.702983800559615e-06,1.2313497698405601e-06,8.796473866646673e-08
2,2.2735528552262784e-09,1.0326444928884077e-05,1.1555196850252216e-05,0.9758167218789716,9.86172599647664e-06,6.994562902219411e-09,1.6802308774872515e-05,0.0003004538543240873,1.4420407831101673e-09,0.0004885016037983981,9.128198974287641e-08,3.153348338357635e-06,0.0023937336592906307,0.0001287517554728496,1.2381764904898591e-12,4.6777439123526934e-07,1.4229320441297696e-08,2.7225944350525273e-05,2.602064163840428e-08,0.02078444261613963,1.294515942054445e-07,3.803691082666896e-08,6.409203765023224e-06,1.1932777439738055e-06,8.967501161250571e-08
3,2.0425440346049536e-09,9.652662966377356e-06,1.1358155189154095e-05,0.9786669986358745,9.800330433380352e-06,6.501520260007912e-09,1.5521846770139215e-05,0.0002800446595921363,1.3663336945878583e-09,0.00047132521007505943,8.808586829481786e-08,2.822677789572653e-06,0.002219944618040727,0.00012064868407697249,9.969941452673275e-13,3.8545029416358626e-07,1.2161861368908558e-08,2.7429941250460123e-05,2.2907496379380532e-08,0.01815702874348482,1.2262439318150243e-07,3.18396418047532e-08,5.510614023553755e-06,1.1581212878047304e-06,8.211819504017983e-08
4,2.0345889896264808e-09,1.0148460364242684e-05,1.1898182063298428e-05,0.9791102977005455,1.0436287868017587e-05,6.7328894670880924e-09,1.5697416331490342e-05,0.00025941758965680853,1.4133809570596404e-09,0.00046779285489458196,8.92994897808604e-08,2.8690370231887673e-06,0.0024722082492093134,0.00013115128191114545,1.013373733152425e-12,3.722082949818074e-07,1.1775441140656646e-08,2.6853527172351374e-05,2.253786502378532e-08,0.017473887461679705,1.1637949025016041e-07,3.0908067144376276e-08,5.448767507561323e-06,1.1590184128566033e-06,8.087483893325304e-08
5,1.8553194411993219e-09,9.39012365954128e-06,1.0511843437064799e-05,0.9795027627554044,9.234115732738554e-06,6.0126484669377574e-09,1.4678512637229767e-05,0.0002652193481868462,1.2361048101970109e-09,0.00045513002786890254,8.337599671294707e-08,2.607264999373498e-06,0.0021172553722229636,0.00011441484518840238,8.867643489103466e-13,3.513750906459337e-07,1.1340359451972337e-08,2.722473249353975e-05,2.1005657413164258e-08,0.017464411760275543,1.173078040274735e-07,2.9339709352862937e-08,5.3463028940555735e-06,1.1118568763681044e-06,7.828854599045693e-08
6,2.0425440346049536e-09,9.652662966377356e-06,1.1358155189154095e-05,0.9786669986358745,9.800330433380352e-06,6.501520260007912e-09,1.5521846770139215e-05,0.0002800446595921363,1.3663336945878583e-09,0.00047132521007505943,8.808586829481786e-08,2.822677789572653e-06,0.002219944618040727,0.00012064868407697249,9.969941452673275e-13,3.8545029416358626e-07,1.2161861368908558e-08,2.7429941250460123e-05,2.2907496379380532e-08,0.01815702874348482,1.2262439318150243e-07,3.18396418047532e-08,5.510614023553755e-06,1.1581212878047304e-06,8.211819504017983e-08
7,2.0419132390497593e-09,8.921566924670977e-06,1.0659653218682931e-05,0.9795960925349992,1.012778359144398e-05,6.902795530074925e-09,1.4831032739222457e-05,0.00029395770659450997,1.2552923385036774e-09,0.0004801493134428707,8.569563775316798e-08,2.8667091038839844e-06,0.0018078688937022418,0.00012507695082796376,1.0607062338584348e-12,4.3675312451343786e-07,1.2477296227216164e-08,2.7578617488902068e-05,2.4329941785415428e-08,0.017613848651024597,1.4342606032395345e-07,3.52143179640203e-08,6.108564850609856e-06,1.0779750917548479e-06,8.594895922279993e-08
8,7.007254529659734e-09,2.0016665516931917e-05,1.508827913486031e-05,0.9405236802526651,1.6210926463649456e-05,4.0557537779318096e-08,3.8384830816067836e-05,0.0007047219644954978,4.653467495080974e-09,0.0009068268558844597,6.140075551565387e-07,8.880399113118634e-06,0.0038426705748478823,0.00014488099377502905,3.3289445755658198e-12,8.935288783590235e-07,3.6208860862265245e-08,0.00019509673316444803,7.838510495666687e-08,0.053568025422426245,3.77904769783796e-07,1.7351973821472127e-07,1.0779409972337943e-05,2.406023242733135e-06,1.0489198560473304e-07
9,8.72905988837686e-09,1.9664016595631082e-05,8.956351670074824e-06,0.9552776289455327,2.3393324897385276e-05,5.5412901289174295e-08,3.138796434914998e-05,0.000891729536309473,2.5545930987123934e-09,0.0012648581605756897,3.865003800143946e-07,1.0530706975627802e-05,0.0020238809045500716,0.0002449504970134263,5.726990922703379e-12,2.1033384914132045e-06,5.835792243543571e-08,0.0001806762027000772,1.325183323278192e-07,0.0399894948929407,6.902979558388471e-07,4.5772943541801465e-07,2.7044381329523182e-05,1.76818203014311e-06,1.4048773134323282e-07
10,2.0425440346049536e-09,9.652662966377356e-06,1.1358155189154095e-05,0.9786669986358745,9.800330433380352e-06,6.501520260007912e-09,1.5521846770139215e-05,0.0002800446595921363,1.3663336945878583e-09,0.00047132521007505943,8.808586829481786e-08,2.822677789572653e-06,0.002219944618040727,0.00012064868407697249,9.969941452673275e-13,3.8545029416358626e-07,1.2161861368908558e-08,2.7429941250460123e-05,2.2907496379380532e-08,0.01815702874348482,1.2262439318150243e-07,3.18396418047532e-08,5.510614023553755e-06,1.1581212878047304e-06,8.211819504017983e-08
11,2.075958670463025e-09,9.952962261326709e-06,1.1650840702327144e-05,0.9784730386863087,9.92402429559941e-06,6.469726431715253e-09,1.5704920139596936e-05,0.00027643314852306063,1.3965018371759225e-09,0.00046959566618305783,8.898275464231808e-08,2.875775923316236e-06,0.0023729357756827117,0.00012245514939643255,1.0010876376162645e-12,3.7766753457438254e-07,1.2348175761820608e-08,2.7473115076970254e-05,2.2805331420771588e-08,0.01820056793634564,1.1889410877227865e-07,3.1645450337504964e-08,5.460542848488808e-06,1.187223402537971e-06,8.194636652749381e-08
12,1.959814503041981e-09,6.25232437807314e-06,1.9996836001706182e-05,0.9703065595102779,5.894849216929441e-06,4.9487238477868376e-09,2.6449818941782227e-05,0.00047332623527903257,4.588628022382237e-09,0.00046356717363379264,1.085776676183936e-07,1.917257067232475e-06,0.001883329900824278,5.6847069820831584e-05,1.3450762960733898e-12,4.012189815310217e-07,8.960765399104019e-09,1.4380658452914009e-05,2.9287716865826083e-08,0.026736665536272977,1.1015535557782628e-07,1.625938428332437e-08,2.6167432191606983e-06,1.4106446358249852e-06,9.94835947920583e-08
13,1.880583081269958e-09,1.1614495011518447e-05,1.0429090789958804e-05,0.9763838441161744,8.55136939724384e-06,6.942187312232203e-09,1.7431417557798264e-05,0.0002971595505215226,1.4817449847591679e-09,0.0006510201076746828,7.87255834724934e-08,2.039769972305173e-06,0.0021083901002891367,9.751487055579605e-05,1.0294737691277019e-12,4.329995498303254e-07,1.1657580573757456e-08,3.1254366302179855e-05,2.210185122310441e-08,0.02037271976553336,1.2585360504844632e-07,3.4888688480486165e-08,5.8089486738146045e-06,1.4168359123465406e-06,8.86632304098767e-08
14,3.952093970591e-09,4.470476299379336e-06,1.6414448335856994e-05,0.9778229425887635,8.371691175810201e-06,4.286787139466153e-09,1.7123906839990295e-05,0.00046782613526047856,1.137889678824967e-09,0.00021941706478565806,9.039099589509917e-08,5.9987998704192455e-06,0.001192317990597729,0.00013950673442211008,1.3109005495679004e-12,5.490972952167846e-07,2.1391709057721613e-08,2.095256279064184e-05,3.162039446861861e-08,0.02007480179901476,1.7123001679748547e-07,3.698317353100815e-08,7.781743393188362e-06,1.041228620684114e-06,1.2273816305778451e-07
15,2.0425440346049536e-09,9.652662966377356e-06,1.1358155189154095e-05,0.9786669986358745,9.800330433380352e-06,6.501520260007912e-09,1.5521846770139215e-05,0.0002800446595921363,1.3663336945878583e-09,0.00047132521007505943,8.808586829481786e-08,2.822677789572653e-06,0.002219944618040727,0.00012064868407697249,9.969941452673275e-13,3.8545029416358626e-07,1.2161861368908558e-08,2.7429941250460123e-05,2.2907496379380532e-08,0.01815702874348482,1.2262439318150243e-07,3.18396418047532e-08,5.510614023553755e-06,1.1581212878047304e-06,8.211819504017983e-08
16,3.4014872703672583e-09,1.2591615126130518e-05,3.4098716766298784e-05,0.9628728887379109,1.6287357119274716e-05,7.346693682974903e-09,2.3144861426305248e-05,0.00040062016210673664,3.968864663668174e-09,0.0003852722322499544,1.3770872413732994e-07,5.2405408758838266e-06,0.006101546589173362,0.00014116164611616618,2.0460356429575425e-12,4.1003235069266064e-07,2.0924551476956904e-08,2.2680116463400226e-05,2.9331651621496577e-08,0.029975928940494004,7.62853669892029e-08,3.8957880851355256e-08,5.292876992027807e-06,2.4129677357929825e-06,1.0467982618710238e-07
17,2.8592516405669214e-09,1.0667479297118224e-05,1.6925146344757626e-05,0.962561763791639,1.1687589841309157e-05,1.4167868089809389e-08,2.640608208919488e-05,0.000562157845965957,3.6679020852978696e-09,0.0009127110937324027,1.5196404154485216e-07,3.149258730208317e-06,0.002031995676909789,9.801440559904124e-05,2.4583811366513257e-12,9.475330074942747e-07,1.7311134172540064e-08,3.4607070572508275e-05,4.5246827912288196e-08,0.033720169937681205,2.2387069551371387e-07,5.792329515807691e-08,6.42132410616285e-06,1.7473388910769088e-06,1.1141211818632583e-07
18,2.0779248852131114e-09,9.773345565680464e-06,1.1363432282138873e-05,0.9785992275252341,9.779540718223088e-06,6.487488119109696e-09,1.5615934302635897e-05,0.00028125143805299903,1.3589207450960752e-09,0.0004717789952690762,8.832127016370047e-08,2.856376151588994e-06,0.002237475620473975,0.00012145884010441786,9.98554843137759e-13,3.845796371206048e-07,1.238477316964603e-08,2.798266198768901e-05,2.2932837224125535e-08,0.018203944480525466,1.2308321681621506e-07,3.250822969872441e-08,5.563172584302951e-06,1.172191025158148e-06,8.271042587165756e-08
19,3.690726031200498e-09,1.0302074461950685e-05,8.322708317236766e-06,0.9683386729094747,5.945161785094641e-06,1.046629513261368e-08,2.827038371055587e-05,0.0003905327108484681,1.3817129024880454e-09,0.0005735771525377194,1.3676853742948563e-07,2.838793882933235e-06,0.0012590384719153391,0.0001071006997186026,1.7973667520016587e-12,9.106862990118135e-07,1.5751232681321345e-08,4.989833016833795e-05,3.621542591446903e-08,0.029211414367022452,2.543048369224386e-07,5.3744674801735284e-08,1.118744916172707e-05,1.3455537479130644e-06,1.302217086502047e-07
20,3.4876233031543935e-09,7.151978246471402e-06,1.8148099977732527e-05,0.9711269128634842,6.497500704565786e-06,1.3915844613493775e-08,3.28769808199082e-05,0.00016715425159524578,1.5250379491914457e-09,0.0004184674717957002,1.9265342813905212e-07,2.748765243743321e-06,0.0018502423077381568,0.00011901082898712188,8.418722776129473e-13,7.911923879444055e-07,6.066011988356896e-09,3.9066291904256824e-05,1.9697336640682002e-08,0.026202950368128038,1.6072518738362418e-07,1.120437758550416e-08,6.296885737729244e-06,1.1843046104985575e-06,9.06329492453702e-08
21,1.8819360898774168e-09,1.2717446388582413e-05,1.0941598021018086e-05,0.9803646001623287,1.3450614725512115e-05,8.137981755622717e-09,1.3712100408796603e-05,0.0009250652359089166,5.217531577354008e-09,0.0010494533893375393,9.55546418539076e-08,1.6621899036633473e-06,0.000980404807893985,6.188461749421106e-05,3.4419495181920653e-12,4.460593812380434e-07,3.1005314866493244e-08,2.7444282646062476e-05,6.140264144042704e-08,0.016530080199434468,2.957621454860124e-07,9.917698196717319e-08,5.3954159927723226e-06,1.9773784407462217e-06,1.6635907680567685e-07
22,1.7564246740061016e-09,1.1097905451188924e-05,1.274090549801691e-05,0.978972387557334,1.0578613548630793e-05,5.614631178747558e-09,1.6103330665692613e-05,0.00027413552827105424,1.7283503076719705e-09,0.0005423984165803355,7.307809326984485e-08,2.417457846645638e-06,0.0031993801046598476,0.00011103367714531801,1.0680614702469877e-12,3.386423881487832e-07,1.1095697862328867e-08,2.0794465313186885e-05,2.1337853964450975e-08,0.016820116354052263,9.092861751109532e-08,2.511801110335355e-08,4.734339306703984e-06,1.429032488016821e-06,8.30107031591223e-08
23,2.0425440346049536e-09,9.652662966377356e-06,1.1358155189154095e-05,0.9786669986358745,9.800330433380352e-06,6.501520260007912e-09,1.5521846770139215e-05,0.0002800446595921363,1.3663336945878583e-09,0.00047132521007505943,8.808586829481786e-08,2.822677789572653e-06,0.002219944618040727,0.00012064868407697249,9.969941452673275e-13,3.8545029416358626e-07,1.2161861368908558e-08,2.7429941250460123e-05,2.2907496379380532e-08,0.01815702874348482,1.2262439318150243e-07,3.18396418047532e-08,5.510614023553755e-06,1.1581212878047304e-06,8.211819504017983e-08
24,8.62880290206006e-09,1.1850155369730546e-05,2.617611376189427e-05,0.9460796563689075,1.2139358864081164e-05,1.2436682634188927e-08,4.472705507450291e-05,0.001336127131206258,5.177807853865666e-09,0.0008503601100729529,2.070681199447552e-07,6.739059667322278e-06,0.00232630928012203,9.694093470069264e-05,5.8156468846596835e-12,1.8421230482822785e-06,5.926919216617992e-08,4.582324895966356e-05,7.858478145730385e-08,0.04914388391178148,3.668815927418241e-07,1.2201198136845052e-07,1.2054202651626464e-05,4.303003269358716e-06,2.0787776606101104e-07
25,4.2327600375083644e-09,5.1673264893496737e-05,2.103393683417448e-05,0.9701633676683347,3.4821683865103954e-05,9.014620999692609e-08,3.981041344257781e-05,0.00016408669849429298,5.017104910895076e-09,0.0020389605076450695,2.1515240017222217e-07,2.8127922924770557e-06,0.004175623034689893,0.0005797464053556153,8.843751946815487e-12,1.9196504117916952e-06,1.525488857659933e-08,7.161918108714106e-05,5.22357039196651e-08,0.02263089670169086,3.521280187712904e-07,1.755485265367811e-07,2.0467374769033402e-05,2.0515604167176435e-06,1.9940132078625777e-07
26,1.380249721006967e-09,7.570882141606523e-06,5.672689325391486e-06,0.9834163820803634,1.1679407743645467e-05,9.963031412665017e-09,1.2028734876568158e-05,0.000220015802160374,9.051570287466514e-10,0.0005268525722933784,7.627999907232906e-08,2.541180672482982e-06,0.0014532676362036393,0.00017035684376450638,1.2624145562864766e-12,6.162192576534784e-07,8.038087687498633e-09,1.8172767028960266e-05,3.0802738862042904e-08,0.014146116546651615,1.5703554127477524e-07,3.404605490530146e-08,7.843567385598554e-06,4.968697463484503e-07,6.774826246187599e-08
27,2.2663577955843826e-09,1.0272181803889562e-05,1.2004878373653949e-05,0.9762662296715406,9.746156216857341e-06,6.92869934640446e-09,1.6533008812444825e-05,0.0003407226110039272,1.6664505252309758e-09,0.0005306572894060091,9.201177916706111e-08,2.8929822790832793e-06,0.0021333647144663134,0.0001123354232135745,1.2184963873188338e-12,4.3761573583663526e-07,1.4246644858959423e-08,2.860458105085785e-05,2.6447814652973315e-08,0.020528834349270098,1.367876484407236e-07,3.929964084115362e-08,5.663934458572789e-06,1.2872462131327036e-06,9.36999012240978e-08
28,2.0425440346049536e-09,9.652662966377356e-06,1.1358155189154095e-05,0.9786669986358745,9.800330433380352e-06,6.501520260007912e-09,1.5521846770139215e-05,0.0002800446595921363,1.3663336945878583e-09,0.00047132521007505943,8.808586829481786e-08,2.822677789572653e-06,0.002219944618040727,0.00012064868407697249,9.969941452673275e-13,3.8545029416358626e-07,1.2161861368908558e-08,2.7429941250460123e-05,2.2907496379380532e-08,0.01815702874348482,1.2262439318150243e-07,3.18396418047532e-08,5.510614023553755e-06,1.1581212878047304e-06,8.211819504017983e-08
29,2.0425440346049536e-09,9.652662966377356e-06,1.1358155189154095e-05,0.9786669986358745,9.800330433380352e-06,6.501520260007912e-09,1.5521846770139215e-05,0.0002800446595921363,1.3663336945878583e-09,0.00047132521007505943,8.808586829481786e-08,2.822677789572653e-06,0.002219944618040727,0.00012064868407697249,9.969941452673275e-13,3.8545029416358626e-07,1.2161861368908558e-08,2.7429941250460123e-05,2.2907496379380532e-08,0.01815702874348482,1.2262439318150243e-07,3.18396418047532e-08,5.510614023553755e-06,1.1581212878047304e-06,8.211819504017983e-08
30,2.0425440346049536e-09,9.652662966377356e-06,1.1358155189154095e-05,0.9786669986358745,9.800330433380352e-06,6.501520260007912e-09,1.5521846770139215e-05,0.0002800446595921363,1.3663336945878583e-09,0.00047132521007505943,8.808586829481786e-08,2.822677789572653e-06,0.002219944618040727,0.00012064868407697249,9.969941452673275e-13,3.8545029416358626e-07,1.2161861368908558e-08,2.7429941250460123e-05,2.2907496379380532e-08,0.01815702874348482,1.2262439318150243e-07,3.18396418047532e-08,5.510614023553755e-06,1.1581212878047304e-06,8.211819504017983e-08
31,1.8839018827388403e-09,9.319599192756347e-06,1.210108057179089e-05,0.9793708755160861,9.475993928896542e-06,5.03435470048294e-09,1.412757321028391e-05,0.00027311190860853193,1.264963597050086e-09,0.00043359266911816133,7.518345046853047e-08,2.7385916849746307e-06,0.002457622364854641,0.00011071318096682312,7.877909548996316e-13,3.0880717382108927e-07,1.1735917530659478e-08,2.5663949253373278e-05,1.9318633674410225e-08,0.017274143755409976,1.0207518847462832e-07,2.7057552715552985e-08,4.650968544849584e-06,1.2347619440585425e-06,7.572470008404619e-08
32,2.121919731370375e-09,9.798954037158222e-06,1.1517277585405549e-05,0.9782969409697624,9.832335035239643e-06,6.720640281990778e-09,1.6072607938535035e-05,0.0002871168720637561,1.428807814633018e-09,0.00048239637502827434,9.016255618214673e-08,2.8551111717192626e-06,0.0022171382168741406,0.00012179399029324644,1.061936091748169e-12,4.0546640489039936e-07,1.253446083636266e-08,2.7661920274249978e-05,2.411609077946961e-08,0.01850926856192544,1.271600383879741e-07,3.309515378377027e-08,5.642041064970659e-06,1.1768543358701874e-06,8.51054749619578e-08
33,1.8576024185332056e-09,7.584576308229202e-06,1.2746318853144142e-05,0.9794499960832902,9.082196069905902e-06,6.462947736647422e-09,1.6029736399164725e-05,0.000311393094382671,1.7199540893795799e-09,0.00045406175389094025,9.677097394237528e-08,2.4393174179930475e-06,0.00168013404216786,9.683422906093907e-05,1.0489224019144182e-12,4.0000777668253065e-07,1.0521379302917683e-08,2.3332019788896853e-05,2.325206628256677e-08,0.01792963500950569,1.3949725471083713e-07,2.327376752528763e-08,4.780601176938221e-06,1.1604290888869909e-06,8.722782698877418e-08
34,2.6182426972866634e-09,1.1415970876329469e-05,1.3857817979858728e-05,0.9769776904765449,1.0567402097807696e-05,7.844283686142637e-09,1.9324310390609526e-05,0.00030425501171584966,1.9845073925163293e-09,0.0005288079974290508,1.0436098494256353e-07,3.0208506434899e-06,0.002623900601390621,0.00013136915758181017,1.3547441886721007e-12,4.40694365068201e-07,1.3490935569069587e-08,2.9012547706234583e-05,2.7935347404872236e-08,0.019338988804285806,1.3235998862449763e-07,3.596287219329013e-08,5.54661592531899e-06,1.377662625233379e-06,9.7519924950062e-08
35,2.26464724024821e-09,9.779199191020741e-06,1.088086234812053e-05,0.9788224251403899,8.674304285740053e-06,5.8577043181882585e-09,1.556685060063029e-05,0.0003230178584815549,1.402370520971262e-09,0.00048069967602188475,8.935672451551047e-08,2.8174274806972717e-06,0.0020168165513923596,0.00010444611026280818,9.220089320748796e-13,3.429501578554352e-07,1.3791630888612719e-08,3.214776475240243e-05,2.3616493395994874e-08,0.018165620383339114,1.3154171610612455e-07,3.489267585068788e-08,5.117523714752183e-06,1.2571752599183755e-06,8.749743628132426e-08
36,2.0396876432657416e-09,9.64834624313342e-06,1.1335238546867424e-05,0.9786583874417817,9.777194535821735e-06,6.509452797680075e-09,1.5522934520772004e-05,0.0002797566965270752,1.364573278585352e-09,0.00047140834686688416,8.81656117338935e-08,2.8156305618310892e-06,0.0022130886362910817,0.00012044286841737269,9.949945933373764e-13,3.853109603889799e-07,1.2127104103993396e-08,2.749045939821345e-05,2.28702517319297e-08,0.018172904246745662,1.227206671928424e-07,3.181289307801848e-08,5.510277569052258e-06,1.1566879759564747e-06,8.207182164388228e-08
37,1.9568902755528788e-09,9.716310498364934e-06,1.1243942256138481e-05,0.9785173071974889,9.900983502877504e-06,6.5771362226142365e-09,1.5356736212829134e-05,0.0002885517265345105,1.422759398397525e-09,0.0004919959366980861,8.772137323791803e-08,2.740900743948449e-06,0.002196523719138944,0.00011630102869861987,1.025209908076273e-12,3.8787495437062267e-07,1.224694991170917e-08,2.703209205159288e-05,2.321008676380184e-08,0.018305925269515022,1.245282216113377e-07,3.222869760312802e-08,5.471364799110385e-06,1.1726104795336015e-06,8.241328666218234e-08
38,2.8121021481900367e-09,1.0905373683139384e-05,1.2401467887679757e-05,0.9746576105496938,1.0570948627075915e-05,9.541589102765458e-09,2.150845301279111e-05,0.00031264714279366366,1.6743248261803286e-09,0.0005568986958931269,1.138469781235654e-07,3.2520721281638825e-06,0.0023704968355909854,0.00014038414485621623,1.4807689383885676e-12,6.06261959148016e-07,1.3946539869215557e-08,3.249279709292577e-05,3.030140094482847e-08,0.021861109687819492,1.5263936819445347e-07,4.131005853595349e-08,7.326164275921911e-06,1.328480237845438e-06,9.485060589471537e-08
39,2.093635511159083e-09,1.470326466168503e-05,1.1162812236208351e-05,0.9789558431512476,1.0328092595364485e-05,7.394864617097953e-09,1.7090902139037753e-05,0.00022306554759232074,1.5477889563841737e-09,0.0005578574340624215,8.768108214549123e-08,2.4716702648812773e-06,0.0031305490914384044,0.0001431812811887687,1.1052175181474833e-12,3.3451680813003784e-07,1.1685998418130382e-08,3.095484450061637e-05,2.1524445668053586e-08,0.01689506063759131,1.0370164173609567e-07,3.6336841933224335e-08,5.728032415266073e-06,1.3087714751817979e-06,8.798237836269019e-08
40,1.727836204202889e-09,9.015154743574575e-06,1.0357521894992022e-05,0.9760278302760064,8.126263787061154e-06,5.515047047006829e-09,1.5538073367317144e-05,0.0003199247526101388,1.3444820394017554e-09,0.0005228985442133038,8.053237258144292e-08,2.3746164676537098e-06,0.002189789982169398,8.471621545513376e-05,8.264850477454674e-13,3.6874106835042395e-07,1.1482402016277416e-08,2.7167539179006732e-05,2.0399932592615883e-08,0.020775357665362232,1.1243470998210368e-07,2.7069484526627132e-08,4.90443732949641e-06,1.296398608386965e-06,7.331064397399658e-08
41,2.5002981320298333e-09,1.0096478280123547e-05,8.684872549133754e-06,0.9745507611105182,7.442058057684275e-06,6.044034623217032e-09,1.7126266519375554e-05,0.0003128078951008086,9.762529205068537e-10,0.00044275984938877094,1.0189389305118739e-07,3.527762613708443e-06,0.0022759456919614436,0.0001081056212417717,7.582712402333111e-13,3.5290152837318877e-07,1.4965578361805327e-08,4.516371535815651e-05,2.216539674153331e-08,0.022209226466228738,1.2809151856183474e-07,4.1261589430386825e-08,6.392482601020445e-06,1.213187056141575e-06,7.574167682132905e-08
42,1.542133392878072e-09,2.038036705047123e-05,1.7388150483662945e-05,0.9782142746018498,2.2070103587765675e-05,9.218628485731876e-09,1.2096246330290457e-05,2.816720794558785e-05,7.098646016716279e-10,0.00024406546663360536,1.1751553590978943e-07,3.6432640301318395e-06,0.015929180286388917,0.0004718210511205839,2.2599588934086606e-13,6.32569445234211e-08,2.817756041740821e-09,4.290693332661111e-05,4.941338422279712e-09,0.004989450570789396,3.0216291677992733e-08,5.011886013888786e-09,3.2589803624932385e-06,1.024346896237104e-06,3.7192599263978125e-08
43,1.8279642555599802e-09,1.0151484545810402e-05,9.728343870375456e-06,0.9785666167853139,1.1087024120815987e-05,8.496377881372796e-09,1.4720918053322737e-05,0.0003364744416464977,1.5142338902372e-09,0.0006658908087761487,8.891637151234391e-08,2.4817398243055984e-06,0.001728400584133833,0.0001115224439598386,1.253672527960564e-12,5.019348911336001e-07,1.3129004405315796e-08,2.9502447858483995e-05,2.7573915355743665e-08,0.018505110859042814,1.6816893748575173e-07,4.273970899701851e-08,6.211780600991028e-06,1.159473293861686e-06,8.656230028048651e-08
44,2.0425440346049536e-09,9.652662966377356e-06,1.1358155189154095e-05,0.9786669986358745,9.800330433380352e-06,6.501520260007912e-09,1.5521846770139215e-05,0.0002800446595921363,1.3663336945878583e-09,0.00047132521007505943,8.808586829481786e-08,2.822677789572653e-06,0.002219944618040727,0.00012064868407697249,9.969941452673275e-13,3.8545029416358626e-07,1.2161861368908558e-08,2.7429941250460123e-05,2.2907496379380532e-08,0.01815702874348482,1.2262439318150243e-07,3.18396418047532e-08,5.510614023553755e-06,1.1581212878047304e-06,8.211819504017983e-08
45,1.9880110406278137e-09,9.487371466291613e-06,1.0149409685421471e-05,0.979795329559411,9.14272649790984e-06,6.675747151171595e-09,1.4618098923872731e-05,0.00025383637312406855,1.1629199207908434e-09,0.000455105279805666,8.76552109209727e-08,2.6799885456991516e-06,0.0018962304686031307,0.0001227825161384556,9.140652630461982e-13,3.785252792876888e-07,1.1372088768843833e-08,2.9817033610458132e-05,2.1476116970532707e-08,0.01739324734556349,1.3166108779016162e-07,3.1502254379690825e-08,5.774804929069914e-06,1.0441478733203762e-06,8.285619224135926e-08
46,1.6758365204104512e-09,1.0525931426199337e-05,1.0852248686872168e-05,0.9799166955621816,1.0996148672195956e-05,1.0088894881805342e-08,1.802943423824846e-05,0.00020618021847824578,1.5026890385418801e-09,0.0005748329280866522,9.525007836041358e-08,2.1760988910811306e-06,0.002260358865281848,0.00015030900239230668,1.0577737883995062e-12,4.3525504511902763e-07,7.109467139608713e-09,2.8012553814852354e-05,2.1060695401079598e-08,0.01680364061769925,1.232587305365743e-07,2.770609352593723e-08,5.6022872500151795e-06,9.93226245121301e-07,7.196806720482487e-08
47,1.1960090095183447e-09,8.281816342632987e-06,1.0964787855583301e-05,0.9851095630960509,1.1398360650939729e-05,5.357392356693366e-09,1.1320263955643382e-05,0.00021923295038312466,1.4222032953795121e-09,0.00041873003255868364,7.332004726246845e-08,1.999866192154348e-06,0.002127265307839145,0.00011194887209196721,7.819481410828183e-13,2.407724816283682e-07,8.174051696896623e-09,1.873723176600701e-05,1.8174926069864226e-08,0.011945106144984705,9.820574817728883e-08,1.8228096926151013e-08,3.951788427387237e-06,9.680565532871653e-07,6.657260955879155e-08
48,1.955136840244205e-09,9.304507973535576e-06,1.1561093671242726e-05,0.9785631865884813,9.709402354518164e-06,6.669681119568464e-09,1.5394551209334353e-05,0.000265857263280081,1.3459822530594454e-09,0.00045743112338991895,8.956709477136558e-08,2.7674279348879606e-06,0.0021588427120288324,0.00012123553655392706,9.522624698849807e-13,3.813113546746566e-07,1.1146567639778853e-08,2.7108545042327625e-05,2.1637599005989277e-08,0.018350374228105554,1.206985149124126e-07,2.9776715317982625e-08,5.375321752528248e-06,1.1079830057715628e-06,7.96056172400961e-08
49,2.049046150345463e-09,9.247378816616608e-06,1.2033995498431003e-05,0.9769288401405054,1.008283496762412e-05,6.774780127636727e-09,1.5198886443962622e-05,0.0002858872107728557,1.347112386563077e-09,0.00045232068136235486,9.26867967982549e-08,3.20020939500438e-06,0.002267060632740877,0.00012549532123686224,9.666643768751235e-13,3.8901250763726545e-07,1.2472726119289846e-08,2.8539996055289917e-05,2.2597073938164584e-08,0.01985476592441143,1.227661792720383e-07,3.399280497591572e-08,5.462064233279663e-06,1.1023421525974227e-06,7.868141365887442e-08
50,2.2669821714858107e-09,6.953271829531206e-06,1.3766007119385671e-05,0.9779253597897299,8.260784968826094e-06,5.155058025518054e-09,1.1905245158458188e-05,0.00027805588002322696,1.122955911294109e-09,0.00024245705708871642,1.1316714286319495e-07,3.9940356554104904e-06,0.0015694955036570015,0.00010834008174185501,8.130717300217085e-13,2.8418275860451454e-07,1.3917669174415995e-08,3.071634620340222e-05,1.7141119390808835e-08,0.019793453943140804,1.3649368204632978e-07,2.368558190263915e-08,5.477525717547125e-06,1.0708642451938375e-06,9.65299575281039e-08
51,8.076611002557485e-09,2.1429996754735015e-05,4.074909400686165e-05,0.9030947980401184,2.4242220127069153e-05,3.5027971327406175e-08,4.559347783137617e-05,0.0007585629450556798,6.5909799219523456e-09,0.0011894101873298302,2.67193988135192e-07,9.610230398949056e-06,0.005566464026333617,0.00018911305661389993,1.2666303498346268e-11,4.596094749705674e-06,6.650527014934999e-08,3.861015851146577e-05,8.747514427659088e-08,0.08898878119137393,3.190215611400287e-07,1.7913123098862324e-07,2.2683206446269093e-05,4.161423831980223e-06,2.2561509322637934e-07
52,1.7448966889252713e-09,5.514489920207997e-06,1.1354982028508743e-05,0.9858506587501933,1.0950102393807612e-05,3.439816113005251e-09,1.1124022130163418e-05,0.00035117900992239165,1.2184661818833155e-09,0.00034030444005919046,5.6165935256730085e-08,2.933068320087881e-06,0.0015886438760320876,0.00010972354549494279,1.0124164451485286e-12,3.5700538052863603e-07,1.3432232801126012e-08,1.2013975777664797e-05,2.8003810960131916e-08,0.011699501266033599,1.1803269532066952e-07,2.1991296170632507e-08,4.4850471799851065e-06,9.268971170692659e-07,8.549185450222906e-08
53,1.4077130793051426e-09,7.604535280892096e-06,9.545191792382217e-06,0.9882180243028283,1.5986935432077226e-05,4.737285556791602e-09,6.866773287807999e-06,0.00021458573030669323,7.744671083554878e-10,0.000349761635423232,5.9261757622585366e-08,3.276756678792435e-06,0.0019153979998676207,0.00015892257628228245,6.152241113264529e-13,2.2462228429314845e-07,1.1397166017211977e-08,2.0705797341374586e-05,1.9020599448804794e-08,0.009073790507089738,1.1368290046417017e-07,2.5722326240057894e-08,4.2617401063538715e-06,7.455651928690607e-07,6.332597436765115e-08
54,2.527959284170126e-09,1.167349252258209e-05,1.2269324412658362e-05,0.9763751813614671,9.378348707411764e-06,7.675314900982673e-09,2.0395973823440137e-05,0.00026545049903817133,1.528187390258919e-09,0.0005482428718691438,8.82174404827163e-08,2.8776879809410168e-06,0.002549617063097728,0.0001451386956394098,1.3060145992083664e-12,5.063587497910493e-07,1.2270837594004888e-08,2.7832554230486514e-05,2.4839378037710194e-08,0.02002326139036539,1.2734214768494285e-07,3.7434107891868764e-08,6.502685165109298e-06,1.2720033210616993e-06,9.785293044281926e-08
55,2.345164275122277e-09,1.0090008540441986e-05,1.346563177466778e-05,0.9750494364630913,8.568204319364096e-06,5.878440154985651e-09,1.7571947449436155e-05,0.00028220239318327837,1.514404386259664e-09,0.00041677753610826977,1.011386646315447e-07,3.2382721031910704e-06,0.0028690204394226427,0.00011230324386311522,8.50460400922572e-13,3.145063499094867e-07,1.2367639721791181e-08,3.192714440501325e-05,2.0463197653092997e-08,0.021178683366819297,1.0230129211444725e-07,2.8699747512058953e-08,4.720636706656343e-06,1.325794923177736e-06,7.970153927574855e-08
56,2.0822277353670156e-09,9.979920215244967e-06,1.17209165168001e-05,0.9784904954138025,9.951491383093246e-06,6.471890873368706e-09,1.57768185831478e-05,0.00027665478051588883,1.4129759186494771e-09,0.0004691718523965584,8.910264948525914e-08,2.872219621393543e-06,0.002390598610025119,0.0001226754531413867,1.0125621136844367e-12,3.7783995461071895e-07,1.2359739704709158e-08,2.7324226034165382e-05,2.2965314215631293e-08,0.018165383914073175,1.1857457798710451e-07,3.1467072752105716e-08,5.45685033239461e-06,1.1928593080002158e-06,8.239663529529847e-08
57,2.1386988699906357e-09,9.615046164692053e-06,1.284924361029179e-05,0.9770530776073469,1.167632408349521e-05,6.619196100453626e-09,1.4760297395869744e-05,0.00032349122717843863,1.5099582966413951e-09,0.0005058149221336676,8.812214705122823e-08,3.4607901342133887e-06,0.002592554489994771,0.0001266812966640342,1.0655191926337279e-12,4.168192533299689e-07,1.4677027321331498e-08,2.6339794055402848e-05,2.623720708197041e-08,0.019312474922925,1.2594691375768731e-07,3.702901400518802e-08,5.210571871606662e-06,1.1954666908050353e-06,7.889926938709782e-08
58,2.1012105128848243e-09,9.985257641442657e-06,1.1684354390170503e-05,0.9787276051526445,9.931415687334615e-06,6.377333197618577e-09,1.5866057518464692e-05,0.00028883642844040457,1.4161441885189435e-09,0.00048082548856334786,8.816160238200705e-08,2.8045101224114493e-06,0.002289671408096565,0.00011853668742872948,1.0268262310700192e-12,3.826245844109442e-07,1.2835915921283095e-08,2.797369978707474e-05,2.311113576067653e-08,0.018008707631412338,1.2312267878863694e-07,3.22730728608372e-08,5.5600211631792744e-06,1.2556347047400321e-06,8.422769447995298e-08
59,2.149964124992578e-09,9.648925183579509e-06,1.242246864680317e-05,0.9779461924159872,9.8011017104045e-06,6.331804896689917e-09,1.6385778200944548e-05,0.00029599057892611906,1.4426345866415543e-09,0.00047492997441332246,8.908235998550847e-08,2.8363819443500205e-06,0.0022621205996887625,0.00011586140274653738,1.0275770936302265e-12,3.983876244442289e-07,1.2745206673919304e-08,2.7759675700569532e-05,2.2719031267296023e-08,0.01881845147049945,1.2345930716159244e-07,3.1343858187694025e-08,5.522732738379276e-06,1.3038054572090097e-06,8.502533740915342e-08
60,2.0425440346049536e-09,9.652662966377356e-06,1.1358155189154095e-05,0.9786669986358745,9.800330433380352e-06,6.501520260007912e-09,1.5521846770139215e-05,0.0002800446595921363,1.3663336945878583e-09,0.00047132521007505943,8.808586829481786e-08,2.822677789572653e-06,0.002219944618040727,0.00012064868407697249,9.969941452673275e-13,3.8545029416358626e-07,1.2161861368908558e-08,2.7429941250460123e-05,2.2907496379380532e-08,0.01815702874348482,1.2262439318150243e-07,3.18396418047532e-08,5.510614023553755e-06,1.1581212878047304e-06,8.211819504017983e-08
61,2.1480995245235302e-09,9.682171186400092e-06,1.2521303721197587e-05,0.9776723334704592,9.900937576970365e-06,6.428482878424107e-09,1.624121653808827e-05,0.0002970076491813137,1.4750664241792053e-09,0.00047243342400352036,9.07841957663303e-08,2.8899196535489448e-06,0.0022902722896508128,0.0001167174458881841,1.0359760356857574e-12,3.958155970909832e-07,1.282228953864328e-08,2.777457026275436e-05,2.3015987252819276e-08,0.01906471667474702,1.233122887236132e-07,3.180156754739059e-08,5.455245174717541e-06,1.2814523458815349e-06,8.462499961359807e-08
62,2.0425440346049536e-09,9.652662966377356e-06,1.1358155189154095e-05,0.9786669986358745,9.800330433380352e-06,6.501520260007912e-09,1.5521846770139215e-05,0.0002800446595921363,1.3663336945878583e-09,0.00047132521007505943,8.808586829481786e-08,2.822677789572653e-06,0.002219944618040727,0.00012064868407697249,9.969941452673275e-13,3.8545029416358626e-07,1.2161861368908558e-08,2.7429941250460123e-05,2.2907496379380532e-08,0.01815702874348482,1.2262439318150243e-07,3.18396418047532e-08,5.510614023553755e-06,1.1581212878047304e-06,8.211819504017983e-08
63,2.0996651024207215e-09,1.0172878092542477e-05,1.148746340462708e-05,0.9784125508208272,9.811772957871137e-06,6.6282851101272315e-09,1.5876161985022233e-05,0.000281146190550175,1.4330390599454015e-09,0.0004826441465974162,8.981334808220075e-08,2.7969555755857537e-06,0.0022927134472453194,0.00012074528003074003,1.0381682522761458e-12,3.84896265485467e-07,1.2453451195034121e-08,2.815325331686572e-05,2.334053662377512e-08,0.018324403400550457,1.2297285924734756e-07,3.2769485454820673e-08,5.5352948204978195e-06,1.2018805806558188e-06,8.464549151263945e-08
64,2.0386870267005866e-09,9.320451010014744e-06,1.1071480938829014e-05,0.9795620045147099,9.95326294853404e-06,6.6267132066412776e-09,1.529567210828343e-05,0.0002872518730283658,1.3583664423002205e-09,0.0004716331139640076,9.002552935928021e-08,2.8211634619438536e-06,0.0020288643341158925,0.0001205353576559334,1.0351203975689622e-12,3.970723769313548e-07,1.2339198070153134e-08,2.7778309138918427e-05,2.3824617589012074e-08,0.017445889508196432,1.3523250506737709e-07,3.191695773481362e-08,5.649955862592039e-06,1.1460390459134674e-06,8.452782810405588e-08
65,2.502414330339094e-09,1.2592386263828217e-05,1.5697493908539998e-05,0.9781572936357741,8.247897391718999e-06,4.1739394942788115e-09,2.124466438077054e-05,0.0003436804441581198,2.7368077788672066e-09,0.0004912944987090463,7.715279804793738e-08,2.282799516439518e-06,0.0034208323708553876,9.743272750387821e-05,1.3694240906160249e-12,2.879220966090683e-07,1.4474241333168434e-08,1.9077423863611402e-05,2.562681399727834e-08,0.01740393003315752,8.482870671025362e-08,2.8575849146275948e-08,3.914885732441724e-06,1.8417189880970756e-06,1.0902475981318088e-07
66,2.1864173242621065e-09,9.662382038295159e-06,1.0251951745930052e-05,0.9843442413266984,1.0795693919141545e-05,6.243399360188871e-09,1.3824161403031274e-05,0.0002714327323297145,1.1931408779740898e-09,0.0004099305307748386,8.690733330364207e-08,2.6762262926702974e-06,0.001645074280313195,0.0001335513999487526,1.1289162262409735e-12,3.4441292622658573e-07,1.3429201265741076e-08,2.94467270260809e-05,2.3171175534620838e-08,0.013110523914204714,1.4935992480802316e-07,3.307749169544246e-08,6.615821098668389e-06,1.213406866449723e-06,9.946320061188515e-08
67,1.6865693118138372e-09,1.0340163270948046e-05,9.684997999276101e-06,0.9855941315476506,1.1889386778994867e-05,5.441161625028739e-09,1.1847293547813751e-05,0.0003277556474756072,1.653681041149924e-09,0.0006186908158704437,6.980710775366093e-08,2.0621895682607817e-06,0.001982224929256045,0.00010039144755359307,8.964960760278428e-13,2.6563799619615597e-07,1.2339839295285674e-08,2.3727313441256553e-05,2.4913463964548966e-08,0.011301622431738052,1.228150657945396e-07,3.229089056492859e-08,3.8098368287453036e-06,1.2088772704569964e-06,7.653507778219842e-08
68,1.740163080666101e-09,8.396652787543785e-06,1.2616813750166932e-05,0.9863479644228212,1.5033926085140233e-05,5.2882680861260406e-09,1.3278400001442466e-05,0.00024254218329312517,1.4455264232256674e-09,0.00046279446842464335,5.938509417993342e-08,2.5439642341429882e-06,0.002648987166229698,0.0001621143435480532,1.0996684506076952e-12,3.5888624729322237e-07,1.0297737541630685e-08,1.3434766318634895e-05,2.5421154901932262e-08,0.010064024389179131,9.661166741568031e-08,2.2600642652063645e-08,4.593109170039306e-06,1.021311339777148e-06,7.240521612873384e-08
69,2.0848671451143102e-09,1.0310857304208407e-05,1.1109033195496422e-05,0.9841279152135828,1.4414267046679859e-05,7.786803553594889e-09,1.3356795731718953e-05,0.0002567643404307531,1.399264467224127e-09,0.0004724593063830561,9.250490287687354e-08,3.2186836269112913e-06,0.002300072952008075,0.00017013874141223178,1.1175785990280484e-12,3.40703561632506e-07,1.2499695887782074e-08,2.7383120736412108e-05,2.5815513144916082e-08,0.012585351022454552,1.3349132979842595e-07,3.712196853518602e-08,5.74288548194033e-06,1.0294588761598855e-06,7.99127046411589e-08
70,2.2471722564741604e-09,1.0037045189931542e-05,9.164950256550333e-06,0.9775002832044665,9.222496414913056e-06,6.3156526061630715e-09,1.7044724199317893e-05,0.0005845538119632687,1.9227478472637204e-09,0.0007744823925417827,9.190235769263897e-08,2.360647610689509e-06,0.0016836133181521472,6.605988259229844e-05,1.2992246820867334e-12,4.517864211302831e-07,1.911054505417765e-08,3.515476421706893e-05,3.3234219364551663e-08,0.01929952134393016,1.8155262939481017e-07,4.457295439035497e-08,5.688717086338157e-06,1.8837479717710064e-06,9.63074084047095e-08
