,0,1,2,3,4,5,6,7,8,9,10,11,12,13,14,15,16,17,18,19,20,21,22,23,24
0,3.1350557591663846e-10,6.481298933578561e-07,2.5554154920235657e-07,0.9871459309434507,6.075289867714771e-09,2.995620208695583e-07,1.0246853384811637e-06,0.0002526321174610787,4.2615230328220875e-08,0.0003245115928256251,1.2034325734861058e-07,5.2628516805527936e-05,5.583385663836189e-07,0.006738275300168789,1.598348426685675e-09,0.0003066247289415234,2.38237330762241e-06,8.007664353585143e-06,4.3197594740934915e-10,0.004999238817868976,1.9991446860383415e-05,1.3028562871161007e-06,0.00014459684671029496,2.1340863840565224e-07,7.057513447913359e-07
1,3.49677373181147e-10,7.618289602830349e-07,3.1182938804516174e-07,0.9831622917677125,1.0898537968809951e-08,4.4482042409789e-07,1.1674740701351403e-06,0.00035449709226550833,7.271593264397392e-08,0.00031409591803841663,1.691859063028077e-07,5.668972556577381e-05,9.150415669366273e-07,0.006223723157469015,2.882095322928602e-09,0.00058616854850352,3.822695994571817e-06,7.661316984088605e-06,6.970844849564895e-10,0.009096455768173915,2.8527652207891586e-05,1.7489043156132404e-06,0.00015942901743241618,3.129545373789264e-07,7.177571556438321e-07
2,4.087760202380212e-10,8.044962211613948e-07,2.9244786472888104e-07,0.9799075319831743,1.3345040106926019e-08,4.7032641048341484e-07,1.1504453471709076e-06,0.00036695530105129693,7.262608825730371e-08,0.00031521067209470266,1.8216763800402645e-07,5.687440665492793e-05,1.095895994448405e-06,0.007708015712304183,2.990272111854119e-09,0.0005943445557910929,4.809482097941911e-06,9.048764325993866e-06,7.054722592117708e-10,0.010831064304265873,2.749324874531703e-05,1.7759354773612547e-06,0.00017163733368680622,3.1675531407945956e-07,8.356898915388975e-07
3,3.5047264132012903e-10,7.31849122669224e-07,2.870486490986347e-07,0.9832223280280772,1.0535914447822397e-08,4.281375324406602e-07,1.096722152080468e-06,0.0003482236408515617,6.803032370669934e-08,0.0002947490708119317,1.693199681679095e-07,5.589014621767165e-05,9.03239230665323e-07,0.006694018190460932,2.7178126757079166e-09,0.000543478497430085,4.036404112503824e-06,8.075872619291323e-06,6.64267443029119e-10,0.008637662059083588,2.7583445306833464e-05,1.7832758785092374e-06,0.0001574547894737955,2.961746780341494e-07,7.217895519745948e-07
4,3.8692658846263886e-10,7.587625791624264e-07,2.949806901629761e-07,0.9827018762397789,1.1047756567897818e-08,4.3966510057232246e-07,1.1057008111581827e-06,0.0003348693780854048,7.286079635530849e-08,0.0002892083854529795,1.6871801328210486e-07,6.0243115225043305e-05,1.044963546825618e-06,0.006982841316117171,2.757614712564469e-09,0.0005447393284616009,4.41203881687783e-06,8.590339164703129e-06,6.891371756709256e-10,0.008881838078371283,2.8748839452393373e-05,1.8462525577825e-06,0.00015579827450717439,3.076237620404536e-07,7.802572740468169e-07
5,3.4152597497534083e-10,7.015156751002717e-07,2.623201199731121e-07,0.9838975374795238,9.55873787213548e-09,4.1303449554887776e-07,9.863008543787814e-07,0.00031036842055854165,6.670088067813517e-08,0.00027880893164796317,1.5478899124496364e-07,5.432393025973995e-05,8.795118445192419e-07,0.006616247932328994,2.5325858936073594e-09,0.000516291031335359,3.941702312882209e-06,8.33723103883943e-06,6.135405158035747e-10,0.008135521312352102,2.6649412709450137e-05,1.7586637673858103e-06,0.0001457451186456493,2.858047023795089e-07,7.05809565201557e-07
6,3.5047264132012903e-10,7.31849122669224e-07,2.870486490986347e-07,0.9832223280280772,1.0535914447822397e-08,4.281375324406602e-07,1.096722152080468e-06,0.0003482236408515617,6.803032370669934e-08,0.0002947490708119317,1.693199681679095e-07,5.589014621767165e-05,9.03239230665323e-07,0.006694018190460932,2.7178126757079166e-09,0.000543478497430085,4.036404112503824e-06,8.075872619291323e-06,6.64267443029119e-10,0.008637662059083588,2.7583445306833464e-05,1.7832758785092374e-06,0.0001574547894737955,2.961746780341494e-07,7.217895519745948e-07
7,2.689814686081927e-10,6.716008496068601e-07,2.1871933898411265e-07,0.9838424174343083,9.172841453038703e-09,3.993891138399898e-07,9.415534375997132e-07,0.0003316435757637733,6.30885369155613e-08,0.00027371658648424677,1.5780354287345099e-07,5.1475847457972054e-05,7.553051554334455e-07,0.006736652798068553,2.8422798854553125e-09,0.0005688740742536584,3.935545629340642e-06,7.684117287610938e-06,5.931839356701547e-10,0.008009273894923511,2.6833556160000373e-05,1.9781908662997617e-06,0.00014138477754311267,2.4873460216801025e-07,6.605293895662695e-07
8,4.5973272273529794e-10,7.489416747175946e-07,2.25337416107992e-07,0.9642093279488643,2.852896330585867e-08,7.143161174173456e-07,1.9738402327569466e-06,0.0009258101049588936,1.9938243218545528e-07,0.0003578137959143711,3.957532969328288e-07,0.00012267130157922663,3.039469181401001e-06,0.011459847075281738,2.253447308812107e-08,0.0023486662000955175,2.5641095013775196e-05,2.9458889889105064e-05,1.807834085100624e-09,0.020249113026438073,0.00011048785695013888,1.799204673103874e-05,0.0001336086743804661,3.581114399500539e-07,1.8535011087907903e-06
9,1.5107306436774986e-09,9.411981246253083e-07,4.1522181440552835e-07,0.9264124539395105,1.2536441306801002e-07,1.5829372969470153e-06,2.880128680468646e-06,0.0021502400185941023,2.458863955967893e-07,0.0003543577870246811,1.2355170708046103e-06,0.00010663429594266172,7.875486545474427e-06,0.0236662365983819,2.5434122022428513e-08,0.0029809116927278583,6.640938404220027e-05,4.602834689421156e-05,3.3798257761386367e-09,0.04381449807524598,7.713423532594254e-05,1.2682378543503484e-05,0.0002936689126137207,7.241275971241512e-07,2.6881425357551595e-06
10,3.5047264132012903e-10,7.31849122669224e-07,2.870486490986347e-07,0.9832223280280772,1.0535914447822397e-08,4.281375324406602e-07,1.096722152080468e-06,0.0003482236408515617,6.803032370669934e-08,0.0002947490708119317,1.693199681679095e-07,5.589014621767165e-05,9.03239230665323e-07,0.006694018190460932,2.7178126757079166e-09,0.000543478497430085,4.036404112503824e-06,8.075872619291323e-06,6.64267443029119e-10,0.008637662059083588,2.7583445306833464e-05,1.7832758785092374e-06,0.0001574547894737955,2.961746780341494e-07,7.217895519745948e-07
11,3.7885638188782595e-10,7.522890990535045e-07,2.9856908638370214e-07,0.9828136651706537,1.1076294056902529e-08,4.398013625161481e-07,1.1187408772658956e-06,0.0003430981233651042,7.171373994273079e-08,0.00029402014427809986,1.70403789539217e-07,5.836186017082932e-05,9.99557072731314e-07,0.006802503284957489,2.759593310425693e-09,0.0005493027576839357,4.2652962713538634e-06,8.398761709096312e-06,6.857727265727266e-10,0.008933126077908535,2.8347677343868773e-05,1.806275316144515e-06,0.00015817067555557032,3.097079703231063e-07,7.58211271992158e-07
12,3.013568982563078e-10,7.234893103006226e-07,6.602792761312435e-07,0.9886575677611839,9.058831767740252e-09,4.4510998760279883e-07,1.6078131328393913e-06,0.0005844602516949084,1.1305965376364964e-07,0.00023934698882073513,2.3519221483982492e-07,6.537079016246006e-05,7.449684077106949e-07,0.0023657967026550182,4.277637954393318e-09,0.0006450119946526332,1.9903846887740263e-06,3.845497116882083e-06,1.1455759513616576e-09,0.007233480096499879,2.5748844165938484e-05,1.847467336744919e-06,0.00017004587177346593,5.298818745284269e-07,4.127719887002685e-07
13,3.488506289203221e-10,6.571171739888135e-07,2.8790189576094774e-07,0.9825648968407322,1.0259256745178233e-08,3.8505347742838864e-07,1.1175895410451544e-06,0.000410816852782403,6.102850558936681e-08,0.0002347332602290714,2.0539254822769023e-07,6.24505484540306e-05,9.114642875404825e-07,0.008407584207582542,2.6789133942003485e-09,0.0004870034307464783,4.145691614617235e-06,7.807164117113813e-06,6.213846029937859e-10,0.0076318049572559514,2.4415905815910048e-05,1.8781540745424786e-06,0.00015784707655821034,2.6085118983165155e-07,7.156030121174795e-07
14,2.9672546481424975e-10,5.18548121115133e-07,3.375205894274709e-07,0.9871190645402521,6.456014310704821e-09,3.2245567666270744e-07,8.800969006785588e-07,0.00032357758399234707,6.485706445562848e-08,0.00021131827535487315,1.280040142912226e-07,6.452168815619544e-05,9.032402134296572e-07,0.004724983412537764,1.858208316018018e-09,0.0004231954724658736,3.6399274885796863e-06,6.876429025626758e-06,5.338565539445248e-10,0.0069572377256363555,3.0903543357756634e-05,1.729627022630177e-06,0.00012894535021904693,2.7232996474658e-07,5.702271414300242e-07
15,3.5047264132012903e-10,7.31849122669224e-07,2.870486490986347e-07,0.9832223280280772,1.0535914447822397e-08,4.281375324406602e-07,1.096722152080468e-06,0.0003482236408515617,6.803032370669934e-08,0.0002947490708119317,1.693199681679095e-07,5.589014621767165e-05,9.03239230665323e-07,0.006694018190460932,2.7178126757079166e-09,0.000543478497430085,4.036404112503824e-06,8.075872619291323e-06,6.64267443029119e-10,0.008637662059083588,2.7583445306833464e-05,1.7832758785092374e-06,0.0001574547894737955,2.961746780341494e-07,7.217895519745948e-07
16,3.8987376528027887e-10,7.164902682777717e-07,3.257117613218175e-07,0.9831832400972268,1.1581630503287636e-08,4.7064827595543356e-07,1.0815948446270795e-06,0.00035816971351938445,7.067785861188427e-08,0.000279227088938724,1.8710427834291984e-07,5.1654291862715416e-05,9.542162276195947e-07,0.006449544233564145,2.5742712327243602e-09,0.000543564806394523,4.099889831397859e-06,8.075907741476261e-06,6.718091971106995e-10,0.00892785371800052,2.534097730790078e-05,1.5795051492501238e-06,0.00016280494099127357,3.318324103751165e-07,6.913359623561199e-07
17,4.795107842101691e-10,1.1032356339793618e-06,5.752780833579967e-07,0.9855248711789318,1.1552376314935385e-08,7.414675397078491e-07,1.5110138279254026e-06,0.0003929879995234526,1.0156653528844547e-07,0.0005283505076806745,1.6661740712897615e-07,4.418829447418785e-05,6.613662418624224e-07,0.004384047185452125,3.6662336091634597e-09,0.0006961078989456989,2.4654820353772847e-06,7.618343360990119e-06,1.0904937501748234e-09,0.0082171794563765,3.046755217894374e-05,1.4313878662396538e-06,0.00016426568339047995,4.414600971018671e-07,7.002358028225162e-07
18,3.4406732270569314e-10,7.255835246611805e-07,2.919102360423681e-07,0.9836225919090085,1.0398986642282025e-08,4.301405231825473e-07,1.0893191113341887e-06,0.0003506724937496088,6.811271792129857e-08,0.0002896284149587664,1.7123348936745682e-07,5.467105406004847e-05,8.727480817242412e-07,0.0064492928935709825,2.7048131023167183e-09,0.0005458763869279134,3.872768148485573e-06,7.741356899406383e-06,6.65534539358987e-10,0.008485077506736672,2.708096601284963e-05,1.7421563770815041e-06,0.000157096802506756,3.0071171836091643e-07,6.914182385777977e-07
19,4.561641326923687e-10,7.68504069791658e-07,2.5954956176243713e-07,0.9690147149717633,2.0801017622543624e-08,8.181323569385328e-07,9.678137219513374e-07,0.000635317145284185,6.356903223081547e-08,0.0004242288124838915,3.317072896460283e-07,3.526638983856581e-05,1.1395666602215961e-06,0.011186520116447489,3.4857332449810915e-09,0.0008291474897490081,8.288241208446646e-06,1.347153431779916e-05,1.033242686853664e-09,0.017567945288532057,2.5685863034950473e-05,2.0258051190507248e-06,0.00025180426184493983,4.222006103279974e-07,7.872609155837981e-07
20,9.906252001009334e-10,1.152505257498909e-06,4.528409753512431e-07,0.9641641111973034,3.2273600247319505e-08,8.817477663960036e-07,1.0483336370042948e-06,9.137177935756136e-05,6.998354494916045e-08,0.0005318467934981094,1.0409419939939631e-07,3.8877035762682936e-05,3.2544336816363536e-06,0.007917229579596249,7.586721907302023e-10,0.0004758490066996957,4.540152248977817e-06,8.671898069876625e-06,4.616652025166149e-10,0.026432644239668956,1.9958829015265884e-05,2.2866790737310803e-07,0.00030562053762090465,7.17327615240657e-07,1.3345320105675444e-06
21,6.200676940239522e-10,8.249385073231321e-07,8.729950319002561e-07,0.9805768322926318,3.127428966608772e-08,1.0347517454276483e-06,3.1906732426304423e-06,0.001375856840408232,9.230880328009598e-08,0.0005135818969133794,7.153389176935093e-07,5.750970141026594e-05,1.1432489197944835e-06,0.0057732972050611705,7.405893686805468e-09,0.0006255315958320668,1.0497900837752595e-05,1.1543798893242856e-05,2.48300488949988e-09,0.010395573285838133,6.261678481091577e-05,4.5398685502273496e-06,0.0005829354513326518,7.186863144818462e-07,1.0486527413703194e-06
22,2.423102253827637e-10,7.272384934191753e-07,2.676673136357902e-07,0.9831237609903268,9.891059928677419e-09,3.4847469569169084e-07,1.2543391802660158e-06,0.00031993226739030465,6.897730277902752e-08,0.0002862996501190937,1.3138436722868075e-07,6.77898780293362e-05,1.0542757550242474e-06,0.00567513431749021,2.7954251655474807e-09,0.00058019336600683,3.1992080807471596e-06,4.992362985891827e-06,6.026743596232342e-10,0.009743168838947278,2.7916673859061743e-05,1.6199153548588403e-06,0.00016117424804721123,2.7224801635915295e-07,6.801467679939153e-07
23,3.5047264132012903e-10,7.31849122669224e-07,2.870486490986347e-07,0.9832223280280772,1.0535914447822397e-08,4.281375324406602e-07,1.096722152080468e-06,0.0003482236408515617,6.803032370669934e-08,0.0002947490708119317,1.693199681679095e-07,5.589014621767165e-05,9.03239230665323e-07,0.006694018190460932,2.7178126757079166e-09,0.000543478497430085,4.036404112503824e-06,8.075872619291323e-06,6.64267443029119e-10,0.008637662059083588,2.7583445306833464e-05,1.7832758785092374e-06,0.0001574547894737955,2.961746780341494e-07,7.217895519745948e-07
24,3.7651412031278984e-10,7.732355455000976e-07,3.9053993204884603e-07,0.983154251632954,1.2553390298829788e-08,4.780494806601147e-07,1.4620442628775812e-06,0.0004454160593046115,8.115583942907211e-08,0.0003355792923961793,2.1027339694167403e-07,6.500838514946272e-05,9.941573980610855e-07,0.0058907434691142626,3.703042522882798e-09,0.0006011361644749415,4.416610235380764e-06,8.168098228017798e-06,8.674455407022402e-10,0.009259879555871995,3.672423959638423e-05,2.2552546249023213e-06,0.00019085946037170735,3.528178826642764e-07,8.020035474687823e-07
25,1.0903947394684143e-09,2.0985361820789135e-06,7.60948717844352e-07,0.9772731624986514,1.8393920454936344e-08,8.95041312411335e-07,1.9733834244830697e-06,0.0001366646821695029,2.2610830083885432e-07,0.0010753944006038835,7.511085129436999e-08,0.00010803509104354666,3.6423694117304013e-06,0.0036082827820376547,4.226198574741763e-09,0.0008126879169706542,6.991578997701279e-06,1.4978043885787297e-05,1.749932626140296e-09,0.01661133656554102,0.0001060452432700288,2.7198909613544106e-06,0.00023090746469246694,8.531080120752619e-07,2.2437745159326248e-06
26,2.422913981722025e-10,7.081654732588711e-07,2.2447980475300897e-07,0.9833672767698157,8.998589506365884e-09,3.5314497825797347e-07,1.2404354023631354e-06,0.00042947670100484264,6.311979317309911e-08,0.00028849403061685257,1.6450865177249313e-07,6.33520865805548e-05,6.765306586794542e-07,0.00793201100506493,3.610218226593243e-09,0.0005690414522487842,3.5354649360670576e-06,7.467858821310144e-06,5.95621409199206e-10,0.007175614864640016,2.7963563719833335e-05,2.2543727598054474e-06,0.00012913161340569285,1.8525891828617437e-07,7.511259844426186e-07
27,3.2766367021108093e-10,7.137664979425512e-07,2.6721870847819113e-07,0.9833669232179386,1.0077117006029423e-08,4.274377105526936e-07,1.0512769842057692e-06,0.00036586485569754085,6.910326994482155e-08,0.00028602303976160855,1.7425075764501433e-07,5.583335117798099e-05,8.730138567600509e-07,0.006676671100648613,2.935806978664804e-09,0.0005673659133723113,4.225618762745686e-06,8.160152095547631e-06,6.943296595424573e-10,0.00848111380802252,2.8236117513800962e-05,2.0455265751929953e-06,0.00015296106568424487,2.9139004890594137e-07,6.947399973918878e-07
28,3.5047264132012903e-10,7.31849122669224e-07,2.870486490986347e-07,0.9832223280280772,1.0535914447822397e-08,4.281375324406602e-07,1.096722152080468e-06,0.0003482236408515617,6.803032370669934e-08,0.0002947490708119317,1.693199681679095e-07,5.589014621767165e-05,9.03239230665323e-07,0.006694018190460932,2.7178126757079166e-09,0.000543478497430085,4.036404112503824e-06,8.075872619291323e-06,6.64267443029119e-10,0.008637662059083588,2.7583445306833464e-05,1.7832758785092374e-06,0.0001574547894737955,2.961746780341494e-07,7.217895519745948e-07
29,3.5047264132012903e-10,7.31849122669224e-07,2.870486490986347e-07,0.9832223280280772,1.0535914447822397e-08,4.281375324406602e-07,1.096722152080468e-06,0.0003482236408515617,6.803032370669934e-08,0.0002947490708119317,1.693199681679095e-07,5.589014621767165e-05,9.03239230665323e-07,0.006694018190460932,2.7178126757079166e-09,0.000543478497430085,4.036404112503824e-06,8.075872619291323e-06,6.64267443029119e-10,0.008637662059083588,2.7583445306833464e-05,1.7832758785092374e-06,0.0001574547894737955,2.961746780341494e-07,7.217895519745948e-07
30,3.5047264132012903e-10,7.31849122669224e-07,2.870486490986347e-07,0.9832223280280772,1.0535914447822397e-08,4.281375324406602e-07,1.096722152080468e-06,0.0003482236408515617,6.803032370669934e-08,0.0002947490708119317,1.693199681679095e-07,5.589014621767165e-05,9.03239230665323e-07,0.006694018190460932,2.7178126757079166e-09,0.000543478497430085,4.036404112503824e-06,8.075872619291323e-06,6.64267443029119e-10,0.008637662059083588,2.7583445306833464e-05,1.7832758785092374e-06,0.0001574547894737955,2.961746780341494e-07,7.217895519745948e-07
31,4.4346875752012274e-10,7.628020511318252e-07,3.509568470065711e-07,0.982518060241536,1.1746959233186666e-08,4.5277836741712615e-07,1.2379104984134658e-06,0.0004493205350149704,6.929082455465632e-08,0.00030939643175447443,1.953556305178868e-07,5.749230181713338e-05,9.729871676451341e-07,0.007130577286703671,2.65840614954555e-09,0.0005239117985300208,4.366561019031634e-06,9.014726309821418e-06,7.725952311785724e-10,0.008792397337247728,2.8004848671429544e-05,1.7743617894346517e-06,0.0001705680671417214,3.2365518387169285e-07,7.341444647457478e-07
32,3.6706696035081196e-10,7.563844107230077e-07,2.9690000642699295e-07,0.9830427674084937,1.0885669126578623e-08,4.4128446888580535e-07,1.136823497717526e-06,0.0003592364752701013,7.096968451787668e-08,0.00030178949266846213,1.7476150840474657e-07,5.769513492771919e-05,9.389638063810366e-07,0.006721787287996025,2.8511590691901986e-09,0.0005546656658089545,4.185616354013419e-06,8.280239233991941e-06,7.123560147376058e-10,0.008753744344833525,2.869697997864988e-05,1.8732237448121626e-06,0.00016039868881741347,3.079999724821736e-07,7.405382655669225e-07
33,3.9578290984086585e-10,8.559670297542155e-07,3.909091720511653e-07,0.9861603740366328,9.984047446560526e-09,3.9820192548642693e-07,1.3581248555501378e-06,0.00030814169341860715,7.994131646357988e-08,0.0003180586652163251,1.4812400077403277e-07,6.135558320366063e-05,7.354660752175085e-07,0.005163520898936555,2.9867624468009816e-09,0.00048090050256659374,2.834527519796083e-06,7.5871278603674e-06,6.383988739002209e-10,0.007317149160272609,2.9868258694751817e-05,1.513793246400514e-06,0.00014363062594857445,2.898685642140258e-07,7.945185516207184e-07
34,6.328926990574452e-10,9.418136260248415e-07,4.4941032114577045e-07,0.9825318783957048,1.4224212283859425e-08,5.417647461961571e-07,1.3774396204180428e-06,0.00040417735741126,1.0681317664712178e-07,0.00027813713081134247,2.120950813335555e-07,7.383300272680802e-05,1.4074588167180093e-06,0.006806318516141642,3.5421979300881213e-09,0.0005635531361895287,5.266747672743519e-06,1.0302438317658225e-05,1.0107701022024532e-09,0.009128146930277683,3.4428999778013995e-05,2.1005490675118597e-06,0.0001554803882229733,4.0653904760952424e-07,9.13663168916114e-07
35,4.295906859888592e-10,7.454893766295289e-07,3.2363330259083386e-07,0.9841988184700949,1.0181156784613647e-08,4.1551710792647775e-07,1.1785567914323429e-06,0.00040619543263718957,7.189073934346356e-08,0.00029738511425851335,1.726173965140518e-07,5.961953494228284e-05,8.882132446755424e-07,0.006548391164206995,2.7439149098094143e-09,0.000499929294484865,4.243791378469065e-06,9.54649721054326e-06,7.378403700544926e-10,0.007789935413080375,2.9103359154627224e-05,1.9846203220587255e-06,0.00014999127508477544,2.998079338768726e-07,7.462147487082162e-07
36,3.4703181102674563e-10,7.40823030604722e-07,2.8796244097367274e-07,0.983297085773576,1.060276603057446e-08,4.3498826318834853e-07,1.0894152116510286e-06,0.00033974584995147267,6.725052083066629e-08,0.0003019279591008841,1.688362105501365e-07,5.3955287193900186e-05,8.785299664072322e-07,0.006579450707173985,2.6853754259484257e-09,0.000537195028037685,3.94790629373705e-06,7.99865769389097e-06,6.610583730999952e-10,0.008683575262327372,2.737698045976783e-05,1.7268826350087024e-06,0.00016131472641230096,3.006628887039151e-07,7.162143796434672e-07
37,3.3953296543764647e-10,7.316551960964588e-07,2.8113675157747234e-07,0.9830271002057555,1.0620561689527947e-08,4.2743871306942564e-07,1.1103536532572925e-06,0.00035871858630677646,6.777053484916453e-08,0.0002936148110401487,1.721386795186384e-07,5.636510155024945e-05,8.931051930058112e-07,0.006873324167837493,2.805023518470237e-09,0.0005551057956775014,4.055475960892922e-06,7.966974801120106e-06,6.650954945991827e-10,0.008633113257469849,2.7602021835694962e-05,1.820561763338322e-06,0.00015650528662777957,2.8677270123895675e-07,7.229517373839611e-07
38,4.5294093295811853e-10,8.474813466565647e-07,3.732608041067301e-07,0.9818461395762297,1.4151503906494962e-08,5.650989213933898e-07,1.3420583974981384e-06,0.00035254292684389613,8.719807099888253e-08,0.0003358944876847889,1.9751341665967993e-07,5.931596664825058e-05,1.1401809134084224e-06,0.006656675003865075,3.376745526804094e-09,0.0006567939619772764,4.248936618447145e-06,8.596726518584266e-06,8.148328101751901e-10,0.009872431771698168,2.974154248368549e-05,1.7211369283548465e-06,0.00017009777349592467,3.79345923588768e-07,8.49255190402191e-07
39,3.4562659929785004e-10,9.084166876071179e-07,2.2007117678062772e-07,0.9813198911487514,1.0745626564390428e-08,3.458294287496386e-07,9.716698482965624e-07,0.00023807572908102944,5.8452369891324507e-08,0.0002901394926104258,1.4467416163115786e-07,5.350571476529619e-05,8.175941355633966e-07,0.008206666479383016,2.417019994664195e-09,0.0004627857959442427,3.48743162448497e-06,7.263621041658065e-06,5.051212107869975e-10,0.009228947089710606,1.919006370772628e-05,1.4508124641279645e-06,0.00016404981697632488,2.534708770121024e-07,8.126118600297722e-07
40,2.652451224703549e-10,6.2105138441972e-07,2.2177485413874618e-07,0.9827542132309354,9.92017011353741e-09,4.3371387584766257e-07,8.597645197545738e-07,0.00035698904591877426,5.4819629137394615e-08,0.0002981789821683936,1.667031896065023e-07,3.971473369738289e-05,7.242275966858742e-07,0.006040388674888334,2.333292334998314e-09,0.0005879328754364209,4.006077394598584e-06,7.1946481299685145e-06,6.070208894560904e-10,0.00971214576230531,2.4069044885400738e-05,1.6068730419006768e-06,0.0001696124958718172,2.990225089225806e-07,5.533520394490321e-07
41,3.995202142363112e-10,7.668786689035698e-07,3.1589310523417496e-07,0.9823635174003149,1.2549698964406059e-08,4.5145422632874435e-07,1.1912998755583205e-06,0.0003557726301700923,7.61781668558381e-08,0.00028557502383844905,1.7869079861628013e-07,5.782349403701841e-05,1.032044500758714e-06,0.006769647862518746,2.9498514813855284e-09,0.0005835897701350198,4.2529513766224485e-06,8.27838392520097e-06,6.693233754195541e-10,0.009380444064314993,2.729921498513753e-05,1.7011950495064444e-06,0.00015697604708665952,3.1201941150202446e-07,7.809350997806173e-07
42,2.7543782650088473e-09,2.605159495710039e-06,5.543906570930251e-07,0.9384756352527249,1.1928924247287952e-07,8.069154011568825e-07,3.3206143187444154e-06,0.0001965896161874087,8.306256997503801e-08,0.00048299237844269034,3.644409811934665e-07,5.6793208371229054e-05,2.1990762256394594e-06,0.041365789541831684,2.0131737175401936e-09,0.00031421746042852413,5.295050201520393e-06,2.1883376134219823e-05,3.82968139809496e-10,0.018697839296224004,1.111512610363538e-05,3.262198873443009e-07,0.0003571880747494084,4.029090216814098e-07,3.874390279735537e-06
43,3.041331846755308e-10,7.465037584393398e-07,2.603271040475323e-07,0.9820449455906111,9.860996408186069e-09,4.882598698679768e-07,1.0751508430771575e-06,0.0003679002411906146,6.299719202092797e-08,0.00042157258816773104,1.5800767315426423e-07,5.05852734935183e-05,8.62868855837151e-07,0.006582315455167823,2.7467964484858452e-09,0.000595253210064898,4.35634262385649e-06,9.124027775084195e-06,7.815933183328464e-10,0.009704419286784062,3.4040317997783304e-05,2.0580116824514e-06,0.00017873324498001296,3.164101679945369e-07,7.12190477175822e-07
44,3.5047264132012903e-10,7.31849122669224e-07,2.870486490986347e-07,0.9832223280280772,1.0535914447822397e-08,4.281375324406602e-07,1.096722152080468e-06,0.0003482236408515617,6.803032370669934e-08,0.0002947490708119317,1.693199681679095e-07,5.589014621767165e-05,9.03239230665323e-07,0.006694018190460932,2.7178126757079166e-09,0.000543478497430085,4.036404112503824e-06,8.075872619291323e-06,6.64267443029119e-10,0.008637662059083588,2.7583445306833464e-05,1.7832758785092374e-06,0.0001574547894737955,2.961746780341494e-07,7.217895519745948e-07
45,3.660563627390938e-10,7.831880463194198e-07,2.791117648117709e-07,0.9823281306729753,1.0737737870100449e-08,4.236910714498809e-07,1.0826481062247698e-06,0.0003129802058156425,6.677926531251265e-08,0.00031910181912523365,1.535706545880068e-07,5.741998173417705e-05,9.861779687871192e-07,0.0069995445720851856,2.5335492854317587e-09,0.0005132704382347578,4.261225856981825e-06,8.496144839334955e-06,6.577341709788105e-10,0.009256143870586509,2.9018631970410928e-05,1.7149895262398268e-06,0.00016504188169183046,2.9615095168834717e-07,7.899526514716383e-07
46,3.507875122766675e-10,7.454597059439367e-07,2.934359256080537e-07,0.983257161199764,1.061297157750168e-08,4.2678332894826526e-07,1.13558800704723e-06,0.0003516362256905039,6.747771029938444e-08,0.00030357699805144293,1.704903781673882e-07,5.5653104510173306e-05,8.691365262416144e-07,0.006696110635994617,2.7487910367013332e-09,0.0005411712730189296,3.853012609862108e-06,7.967660781869422e-06,6.621137757471098e-10,0.008589905998040734,2.7179008617198472e-05,1.7366865348965114e-06,0.0001593057316502039,2.942097936490775e-07,7.255086958906933e-07
47,3.729083504469723e-10,7.497945803905564e-07,2.906746299543033e-07,0.9828411066958559,1.0695095745908519e-08,4.10813432188504e-07,1.1086150814474331e-06,0.00032649942578287175,7.48785678026241e-08,0.0002851495160568562,1.5699867855501332e-07,6.400812751725344e-05,1.0912063095482016e-06,0.006430190855197437,2.7978050388370652e-09,0.0005732051390513345,4.425147227211824e-06,8.064747570819435e-06,6.894854816974148e-10,0.009277316321891556,3.022123766474996e-05,1.935708134325238e-06,0.0001528970885806458,3.117210010865864e-07,7.707318932460206e-07
48,3.562669693581541e-10,7.919064321073682e-07,2.750070201354771e-07,0.9825082057003683,1.0526305423864664e-08,4.781364847248846e-07,1.053238947806257e-06,0.00035148619333500456,6.773228122164539e-08,0.0003288259550207873,1.7414669350860972e-07,5.43467785042322e-05,1.0063216745453974e-06,0.006751867479782162,2.5914576474155608e-09,0.0005535197223941849,4.527842033223276e-06,8.025086756780794e-06,8.282533507538375e-10,0.009230433168478595,2.86911610154146e-05,1.9058644669303468e-06,0.00017327176270124408,3.433036244051267e-07,6.89189701186228e-07
49,3.4788361251759316e-10,7.206153899347791e-07,2.9328352565067e-07,0.9838009556352428,9.695582304514033e-09,4.1114253524203326e-07,1.0573723869517658e-06,0.00031501018610183827,6.780964792995795e-08,0.0002899068446384119,1.5484091539307846e-07,5.830275860623033e-05,9.421123363643228e-07,0.006373188753242144,2.515683645495308e-09,0.0005123706841769672,3.9083769696100335e-06,7.919825296313077e-06,6.381727179106384e-10,0.008449735823225267,2.8306071928214185e-05,1.7363310470390881e-06,0.00015397578236376447,2.996336264670732e-07,7.229194749933955e-07
50,3.3209141443271735e-10,6.047885211855004e-07,2.543106939191123e-07,0.9857963501292146,8.643863171842478e-09,4.7145042268052485e-07,5.346264234644362e-07,0.00019893628850261964,8.704366568021012e-08,0.000160573840782971,1.4566994383419252e-07,4.0281570861917846e-05,9.424671075266951e-07,0.004349247976544835,2.2583705453432413e-09,0.0005647972076723215,4.0888218698626575e-06,7.311796146056599e-06,5.32958489228619e-10,0.008736788533066715,2.483977861622126e-05,1.4783183572060764e-06,0.000111369798501523,3.835742147305814e-07,5.002415864271062e-07
51,1.106914801749575e-09,7.742636673970144e-07,1.59109542924526e-06,0.8838627926762794,2.2911919847711373e-07,3.1436925652106707e-06,7.958024485978645e-06,0.0014051704679867065,2.038756023696253e-07,0.0013411235813285112,9.862564317993677e-07,9.767911803089082e-05,1.2321694288632814e-05,0.009554227552132326,1.4650230451237482e-08,0.006247261551716746,1.8573512960513336e-05,1.44130311464723e-05,2.9677610687120737e-09,0.09637160369283754,8.993998376060823e-05,2.2874672064423993e-06,0.0009629448131643776,2.157035091113103e-06,2.5987697826345076e-06
52,3.3623354742289583e-10,7.533312651480593e-07,2.9420805787400007e-07,0.9841316055998074,9.973906517281901e-09,3.9707153947075806e-07,1.1120733538387141e-06,0.0003345769075797057,6.92235871001575e-08,0.00028232907476353044,1.5696208462652728e-07,5.920064813801235e-05,9.04416453754838e-07,0.006094448249935857,2.6365313283046525e-09,0.0005172625812592714,3.783282936717758e-06,7.101901475020386e-06,6.68615713991701e-10,0.008377827966072249,2.8114560805683768e-05,1.7472707420614005e-06,0.00015730974415297582,2.948260455570671e-07,6.964846568482394e-07
53,4.719923882466755e-10,7.937308009388778e-07,2.7205544819523164e-07,0.9836593799634599,8.374397898152524e-09,5.676284184459449e-07,6.446192168596577e-07,0.0003018230450977078,7.758584473571714e-08,0.00026128224079738425,1.6300794151908614e-07,4.845231780590137e-05,1.0168534605714301e-06,0.007009979802323507,2.2057095302514426e-09,0.00047573845167052576,5.367422202108422e-06,1.1575330358034965e-05,8.677819318446119e-10,0.008060882891813479,2.943257731868615e-05,1.948425867103672e-06,0.0001295737677297235,3.6495046266693704e-07,6.514120801128405e-07
54,3.5222102811790374e-10,8.487807679031026e-07,2.6138659867217716e-07,0.9819886663093303,1.0765153303220472e-08,4.3323238707782893e-07,1.1320459288636378e-06,0.0003286526231716292,7.079008170282321e-08,0.00031428334922527207,1.6239548988069226e-07,6.179036643534866e-05,9.094590543355832e-07,0.007823118973512478,3.127847721344128e-09,0.0005738113977430537,3.882606363717317e-06,8.09873136232917e-06,6.745536048216728e-10,0.00871557861072377,2.6414680462258214e-05,1.8638201309628906e-06,0.0001489143134799954,2.690185549360108e-07,8.221894197825769e-07
55,4.2025298347856777e-10,7.182223762320603e-07,3.147149780816524e-07,0.98535900994547,9.443689320007206e-09,3.800205940267013e-07,1.0595462569673134e-06,0.0002564834337135598,9.077263653696087e-08,0.00023092635135823553,1.2434374229541757e-07,7.209907361945872e-05,1.2706920340570215e-06,0.005382061442232316,2.541371439431089e-09,0.0005183048616621002,4.045914438734533e-06,8.168845378581518e-06,6.139903976251836e-10,0.008013614232902498,3.098153089525784e-05,1.7511531431781668e-06,0.00011748655670064044,3.114352888227739e-07,7.838912741983623e-07
56,3.7756842252077043e-10,7.515827416517718e-07,2.959114019820569e-07,0.9828175084351237,1.097892724311445e-08,4.3969467718427664e-07,1.1155664629186352e-06,0.00034264483618307446,7.185380562459456e-08,0.00029517189220576884,1.7013201894724567e-07,5.886332755467509e-05,1.0009569197883953e-06,0.006830118941443465,2.779787243313461e-09,0.0005501352072517443,4.307927159503259e-06,8.478203982832435e-06,6.913929914959939e-10,0.00889948722533682,2.870594332513171e-05,1.8435183331906342e-06,0.00015780225164799676,3.086781373460601e-07,7.630866108568368e-07
57,3.6768508648029055e-10,7.408589190285444e-07,2.994935769177021e-07,0.9823897768884327,1.0656165986033899e-08,4.077650620794806e-07,1.151646433319944e-06,0.00034455485959013134,7.803979110474798e-08,0.00029060419454248073,1.5234492637272407e-07,6.880015754221169e-05,1.183689146290479e-06,0.006411103972086189,2.857920761760566e-09,0.0005957602087620924,4.568109454289139e-06,8.05604455549087e-06,7.134805778930779e-10,0.009694686657332245,3.270905892061993e-05,2.0326644482787474e-06,0.00015222815848364284,3.113666726806165e-07,7.79226069605134e-07
58,3.73455592880994e-10,7.343269341616925e-07,2.988850584410218e-07,0.9833813786181117,1.0577746698828746e-08,4.395655412365711e-07,1.0788846589091126e-06,0.0003319191440604603,7.10266282731519e-08,0.0002870997394048326,1.692104668514731e-07,5.719276106766391e-05,9.8277966806314e-07,0.006479401110261078,2.6591686371240094e-09,0.0005402333438644594,4.114393131759992e-06,8.112637147553558e-06,6.885807724181935e-10,0.008717913657922136,2.7840431994949074e-05,1.7731988215226122e-06,0.00015818751329496042,3.226033359702402e-07,7.218696731702047e-07
59,3.5969415492129726e-10,7.246006071247596e-07,3.065200225104151e-07,0.9836327189692258,1.046184688001461e-08,4.367310401153685e-07,1.0803372059679732e-06,0.00033093061536178015,6.950331197823449e-08,0.00029251942370278025,1.6724525620377444e-07,5.536100742022258e-05,9.394337246277634e-07,0.006128267911714848,2.5936210007250717e-09,0.0005407709905970713,3.924921034194313e-06,7.733760081112222e-06,6.763884463418715e-10,0.008811036438801774,2.7893928536255824e-05,1.698583697276905e-06,0.000162382661271899,3.2739257854202475e-07,6.949332574762117e-07
60,3.5047264132012903e-10,7.31849122669224e-07,2.870486490986347e-07,0.9832223280280772,1.0535914447822397e-08,4.281375324406602e-07,1.096722152080468e-06,0.0003482236408515617,6.803032370669934e-08,0.0002947490708119317,1.693199681679095e-07,5.589014621767165e-05,9.03239230665323e-07,0.006694018190460932,2.7178126757079166e-09,0.000543478497430085,4.036404112503824e-06,8.075872619291323e-06,6.64267443029119e-10,0.008637662059083588,2.7583445306833464e-05,1.7832758785092374e-06,0.0001574547894737955,2.961746780341494e-07,7.217895519745948e-07
61,3.7138954169527096e-10,7.497292244085308e-07,3.0899809373488255e-07,0.9834759072186361,1.0674118089700744e-08,4.4201849914095024e-07,1.1015259410541353e-06,0.00033891018375856673,7.045722534866743e-08,0.0002970573267784872,1.705463679630391e-07,5.6173190768868576e-05,9.46066888063697e-07,0.006283542109810742,2.663155744848668e-09,0.000539085652251192,4.010655930141778e-06,7.905818025944339e-06,7.0197703201343e-10,0.008798994963422867,2.810570118091983e-05,1.743835946132327e-06,0.0001637209721680999,3.280743986322893e-07,7.105440430634708e-07
62,3.5047264132012903e-10,7.31849122669224e-07,2.870486490986347e-07,0.9832223280280772,1.0535914447822397e-08,4.281375324406602e-07,1.096722152080468e-06,0.0003482236408515617,6.803032370669934e-08,0.0002947490708119317,1.693199681679095e-07,5.589014621767165e-05,9.03239230665323e-07,0.006694018190460932,2.7178126757079166e-09,0.000543478497430085,4.036404112503824e-06,8.075872619291323e-06,6.64267443029119e-10,0.008637662059083588,2.7583445306833464e-05,1.7832758785092374e-06,0.0001574547894737955,2.961746780341494e-07,7.217895519745948e-07
63,3.672092852468209e-10,7.784577382658107e-07,2.9424135121225227e-07,0.983281409681174,1.0823784963230813e-08,4.3473490875156656e-07,1.1104920018263845e-06,0.00033736384487643756,7.05900816013768e-08,0.00029803050213553673,1.6840953705215637e-07,5.659495280278715e-05,9.195835508152177e-07,0.006636437000505129,2.7672353989864252e-09,0.0005378966693628977,4.043090880473751e-06,8.085538580556155e-06,6.857244711648631e-10,0.008647066426632705,2.7879251981908557e-05,1.7766635471469878e-06,0.00015858142477983628,3.038195154814231e-07,7.399801015708105e-07
64,3.500662062734697e-10,7.45536424680025e-07,2.873103995742981e-07,0.9832517425754344,1.0298951099338634e-08,4.3412687747415405e-07,1.093337559366188e-06,0.0003338015839135337,7.006366862424069e-08,0.00030339297734156075,1.6192254888272013e-07,5.8255110498902295e-05,9.522824725010635e-07,0.006620732611055312,2.7382231424595967e-09,0.0005423937629535802,4.1313245281123595e-06,8.252103826616043e-06,6.8714053227246e-10,0.008683037056445535,3.0128221560554995e-05,1.8570349994577893e-06,0.00015747377568349068,3.0245169274698725e-07,7.407557341864052e-07
65,4.77004452834296e-10,6.894624813816297e-07,3.254626964287413e-07,0.9834397547618505,1.2830850576466475e-08,5.148879626276187e-07,9.677705367630436e-07,0.0003184302720791295,9.832269652382363e-08,0.00020594301808698633,2.1427010633692574e-07,6.148403483057982e-05,1.395726581141873e-06,0.006087812508053366,3.152520182891742e-09,0.0006821277535683796,5.724990452641744e-06,8.918837538683723e-06,7.785477523802576e-10,0.009012184541567679,2.812507107155774e-05,2.251350309404268e-06,0.00014188450369996365,4.1653179328509464e-07,7.186831134712395e-07
66,2.738264990212538e-10,6.261574077096236e-07,2.2722519862737587e-07,0.9853145832897714,7.679151743082818e-09,3.4878543785552266e-07,9.587439338669446e-07,0.00035850977107203274,5.946747530123232e-08,0.00023205426685346712,1.565574410604823e-07,5.547949550743788e-05,6.909974917448912e-07,0.007115002133880931,2.5419879140576756e-09,0.00047696968222642194,3.4244565645971065e-06,7.427115111767556e-06,5.471654062367889e-10,0.006286975112784683,2.313381290826543e-05,1.8748103232934852e-06,0.00012065282757504066,2.1309452162461573e-07,6.211543814771031e-07
67,5.042318741721362e-10,1.1200475789709713e-06,4.87002582823624e-07,0.9856314409785438,1.253975023990933e-08,4.2405294774908707e-07,2.1587126136999127e-06,0.0006031957196562896,1.1325753516750773e-07,0.00035045601385190955,2.1654120501692542e-07,8.367859333282973e-05,7.577846641407005e-07,0.005765185717811448,5.9565312001626885e-09,0.0006056022436152892,3.7353931942030346e-06,8.92755898618978e-06,1.1288386595420278e-09,0.006760159478225106,3.6184275229515364e-05,3.0918475451037693e-06,0.0001418129679311836,2.8315394703054275e-07,9.485296504788889e-07
68,4.022773067099542e-10,9.005373899738679e-07,2.6777260931709447e-07,0.9782899177258199,1.7388854091050894e-08,6.133500947189801e-07,1.2364143651304027e-06,0.0004125835453353641,9.153555495046376e-08,0.0003055505578526588,2.55246841421408e-07,5.567067690190633e-05,1.0825003533375582e-06,0.008733572516523624,4.94708977312608e-09,0.0008089142780916062,5.5728043363122425e-06,9.451620974777275e-06,8.813753699906519e-10,0.011174138428936001,2.7316792890348742e-05,2.3707934816157466e-06,0.0001692351329023625,3.358895236407012e-07,8.982596245726468e-07
69,4.028773796873107e-10,8.744689418370798e-07,2.911456119456351e-07,0.9828064022489597,1.1034657054865379e-08,4.3147370482854934e-07,1.2751795744303867e-06,0.0003895764231179447,7.879492733832523e-08,0.0003238979032333052,1.7435079208655614e-07,6.529210628217917e-05,8.64481346819673e-07,0.007778924433179095,3.5216027150169197e-09,0.0005523085114067507,4.289785260670365e-06,9.619702094789449e-06,7.539501665591233e-10,0.00788762996930042,2.8425339839426965e-05,2.275564757439935e-06,0.0001462071511263148,2.578228556049748e-07,8.874305998162481e-07
70,3.2248769827389624e-10,1.0749906144570926e-06,3.271830563483975e-07,0.9862035465263255,1.030409267247031e-08,6.331142883507228e-07,1.3416140693768794e-06,0.0003158036692420153,9.020318578296443e-08,0.00045004023930818863,2.2463730390948264e-07,5.7462819781268815e-05,7.091545820328495e-07,0.005625108488665839,3.9659640575959796e-09,0.00046314733966292617,3.4894686198677416e-06,8.471989209771004e-06,1.2769403875304916e-09,0.006580074286476536,4.515751537803896e-05,2.8620848933030657e-06,0.000239196878248281,4.725527929554006e-07,7.493748105249836e-07
71,3.450716181552956e-10,6.828933196312253e-07,3.4833276656270037e-07,0.9882175516176651,7.696735943208952e-09,4.3689593112396387e-07,1.194604131201408e-06,0.00040662595887028225,7.625814745047159e-08,0.0002478278783256941,2.0237604472751542e-07,5.901850992491577e-05,6.239332087191895e-07,0.005785211885544455,3.2608468512986713e-09,0.00042591536431370623,3.1769072870697433e-06,8.577952346002236e-06,7.498349485201586e-10,0.004685932022481524,2.7901120928097755e-05,2.2557580764172845e-06,0.00012550558522401612,2.66277761044671e-07,6.55815212924533e-07
