,0,1,2,3,4,5,6,7,8,9,10,11,12,13,14,15,16,17,18,19,20,21,22,23,24
0,2.199796406267422e-08,2.5480571767118365e-05,1.3677163821657096e-05,0.9820406121970777,0.000213051817641639,7.553851819074132e-08,2.6038150351916024e-05,0.007810023955997159,1.9941726312135733e-08,0.0023528624369770546,1.3710641703069759e-06,3.767335666455333e-05,0.0017435906366946345,0.0004252423651485092,1.6202243118624116e-11,4.497271046550316e-07,2.685120644692113e-07,0.0004210390761991256,1.162022428905627e-06,0.004868327934677804,3.5544957514663687e-06,2.5473933386175033e-06,9.201621256770366e-06,3.5907060536295755e-06,1.1730040171502402e-07
1,1.8136939416206913e-08,2.771153744184303e-05,8.480593460472688e-06,0.9859931371942449,0.00018148298390143847,5.3227289283236634e-08,1.8728312625960148e-05,0.006955509429314462,1.4301795338465257e-08,0.0025655260612594483,8.50549338366389e-07,2.51305850795964e-05,0.0008391651975573633,0.0004306050277327891,1.7301958840573853e-11,3.814225670230817e-07,2.626580057177373e-07,0.0003480765081058833,1.2735634732382559e-06,0.002582756027884373,5.444451304140373e-06,2.6477085728692886e-06,9.728165615255634e-06,2.842068238056516e-06,1.7427095082834278e-07
2,1.7904247014598807e-08,2.7112435592222713e-05,7.47818523116795e-06,0.9862053114310783,0.00017222679883922417,4.837023194158821e-08,1.728913893464732e-05,0.0068972953158125926,1.1437964147104253e-08,0.002196004308569401,8.056680624463599e-07,2.6192772825666397e-05,0.0008834265497401655,0.00042364921573288583,1.700868578565052e-11,3.5889048713868023e-07,3.0262640069100373e-07,0.00035491744917612116,1.13170056122782e-06,0.00276404977871055,4.77083952190941e-06,2.8865396091859405e-06,1.1690552375614536e-05,2.8536692899898975e-06,1.684039972741701e-07
3,1.6330804978416598e-08,2.6595929461155944e-05,7.341908013749439e-06,0.9873826493658349,0.0001696895978205975,4.319652138848015e-08,1.5990752127961086e-05,0.006332824240131604,1.0446189764946378e-08,0.0020818071254481182,8.065867641972157e-07,2.353021273824552e-05,0.0008294918986339793,0.00039812603912082973,1.3036476885401764e-11,2.7310233594316386e-07,2.576941625709111e-07,0.00037475788819431067,9.782662476116837e-07,0.002335366982835063,4.5922589209876244e-06,2.385131762333007e-06,9.505688442084115e-06,2.8105452082183326e-06,1.4879924307040627e-07
4,1.5822456406056703e-08,2.7540150318882278e-05,7.738514549471505e-06,0.9881402730997747,0.00018195229247697003,4.5768577817830876e-08,1.608690999616765e-05,0.0055631408045739,1.0708772914826311e-08,0.0020406017058108112,8.090410915607289e-07,2.3438379634958274e-05,0.0009396802201503416,0.00044036761113789294,1.3021701923834196e-11,2.6292959808206056e-07,2.379752899833492e-07,0.0003588916577635469,9.245430005515252e-07,0.0022392402651888236,4.192235664438774e-06,2.2239669195031255e-06,9.427827855533853e-06,2.752994695519183e-06,1.4456167946153832e-07
5,1.382429835465636e-08,2.5117385855260554e-05,6.32217635056831e-06,0.9884390171901147,0.00015208415343876032,3.7410524256282024e-08,1.4400520620586546e-05,0.005727169974947672,8.642786262918838e-09,0.0019301900009597464,7.287954007886294e-07,1.990879676915069e-05,0.0007756647832053498,0.0003571828426280933,1.061842081309138e-11,2.275687558706076e-07,2.2686653025050206e-07,0.0003673777742438872,8.126740319945407e-07,0.0021656154790400794,4.1523687125610774e-06,2.0227613549192753e-06,8.930218159126258e-06,2.65356230449713e-06,1.342183488925395e-07
6,1.6330804978416598e-08,2.6595929461155944e-05,7.341908013749439e-06,0.9873826493658349,0.0001696895978205975,4.319652138848015e-08,1.5990752127961086e-05,0.006332824240131604,1.0446189764946378e-08,0.0020818071254481182,8.065867641972157e-07,2.353021273824552e-05,0.0008294918986339793,0.00039812603912082973,1.3036476885401764e-11,2.7310233594316386e-07,2.576941625709111e-07,0.00037475788819431067,9.782662476116837e-07,0.002335366982835063,4.5922589209876244e-06,2.385131762333007e-06,9.505688442084115e-06,2.8105452082183326e-06,1.4879924307040627e-07
7,1.508835714163411e-08,2.852442535859456e-05,7.355451271865998e-06,0.9881904459230574,0.00014988724623774983,3.720120586054172e-08,1.6585924435862337e-05,0.0055027291371337935,1.0344589344318037e-08,0.0018746841897429038,8.347116197378721e-07,2.032330848737353e-05,0.0010902812207568256,0.00035462619168909307,1.081487581296724e-11,2.0360513013685752e-07,2.2941342479920422e-07,0.0003696465714752757,7.724762484917823e-07,0.002376376889571903,3.4130098326618994e-06,1.854902972498132e-06,7.987911825214737e-06,3.0497886911896496e-06,1.2505606973257901e-07
8,3.592061100792044e-08,4.481514146865709e-05,9.577324809328105e-06,0.9792759267806063,0.00023258933124070905,9.48214586730596e-08,2.714114924834365e-05,0.010921261784685105,1.8189577522704578e-08,0.0027609449018690516,2.256230750066055e-06,5.055392549553875e-05,0.0011754632810395843,0.000493603393601442,2.528182115871103e-11,4.112383700782607e-07,5.390828880864476e-07,0.0010121934178813883,2.0346705358499215e-06,0.003956882786729789,8.638861608153128e-06,6.4357703317282335e-06,1.396411817499608e-05,4.444193582344321e-06,1.7365815433977502e-07
9,2.1592030964776875e-08,3.139612325341433e-05,7.821380185635656e-06,0.9849274023458648,0.00020171906410410318,5.971861805699781e-08,1.8700764265428884e-05,0.007811580603168503,1.2242589873011875e-08,0.002451155588593335,1.055007838847216e-06,3.120756842369083e-05,0.0008455412417985043,0.0004636420697691997,1.7893757374648698e-11,3.650214949124492e-07,3.4423383875767654e-07,0.0004958930818528724,1.370042768813529e-06,0.002685369274173977,6.188615824063386e-06,3.7275402745956667e-06,1.2137210052694537e-05,3.120880358566241e-06,1.6877096248565504e-07
10,1.6330804978416598e-08,2.6595929461155944e-05,7.341908013749439e-06,0.9873826493658349,0.0001696895978205975,4.319652138848015e-08,1.5990752127961086e-05,0.006332824240131604,1.0446189764946378e-08,0.0020818071254481182,8.065867641972157e-07,2.353021273824552e-05,0.0008294918986339793,0.00039812603912082973,1.3036476885401764e-11,2.7310233594316386e-07,2.576941625709111e-07,0.00037475788819431067,9.782662476116837e-07,0.002335366982835063,4.5922589209876244e-06,2.385131762333007e-06,9.505688442084115e-06,2.8105452082183326e-06,1.4879924307040627e-07
11,1.6310612298155364e-08,2.7107664953132358e-05,7.434330190655351e-06,0.9875686525758232,0.0001700380508298085,4.265918555517088e-08,1.6062808286068532e-05,0.006119499250292777,1.0461111134380817e-08,0.0020455919706082164,8.060617649326508e-07,2.3397492078648218e-05,0.0008953309989496342,0.00039915749779423625,1.2792501353591912e-11,2.6244138029473744e-07,2.5643373892426756e-07,0.00037305526151672533,9.400926580243701e-07,0.00233328546313555,4.318773440153036e-06,2.299833688614309e-06,9.408280013460935e-06,2.8793780377602317e-06,1.4589711802505212e-07
12,1.5315146718797118e-08,1.7208168439194814e-05,1.5005177049804467e-05,0.9812648954625361,8.222145433701243e-05,2.7922073847480906e-08,3.4521892304277095e-05,0.011895708021133622,4.516286437013599e-08,0.001897735865250312,1.3014595134716967e-06,1.3485271399872154e-05,0.0006915155589569751,0.00014813827348711641,1.8556855090795107e-11,2.53641610180515e-07,1.6981187749434192e-07,0.0001690724071198232,1.2598939491453794e-06,0.003754859359419633,4.117648145922951e-06,9.194490616497284e-07,3.5749844171579752e-06,3.7805710583222123e-06,1.672102910295476e-07
13,1.260528054411677e-08,3.07548609081744e-05,5.553586279462532e-06,0.9869101968643922,0.00013190870019582517,4.104991766213325e-08,1.5513527005539186e-05,0.005996302126035651,9.451060629180842e-09,0.002957044673150347,5.719378634323398e-07,1.3280004533345848e-05,0.000764915044609659,0.00027920386248045815,1.1056689738863109e-11,2.698477165653896e-07,2.1820842042943655e-07,0.0004210172318574339,7.48925568970456e-07,0.002453262077149656,4.139576189464047e-06,2.245305373106677e-06,9.253876314863916e-06,3.3856286234774572e-06,1.5101801640880803e-07
14,2.6899741660641897e-08,1.712454226100021e-05,9.476751155459402e-06,0.9847913065202493,0.00017151255223055032,3.764925324593766e-08,1.667239878542286e-05,0.009510524104910325,1.072244958483735e-08,0.001456072610385362,7.969770884148502e-07,4.349773457973608e-05,0.0005879478564205221,0.00047375445816442177,1.6870908687966238e-11,3.8500403955207395e-07,4.014385878139972e-07,0.00033599236500282144,1.441564195216689e-06,0.002558905132778575,5.94233814230681e-06,3.1847202169775957e-06,1.2201171110350824e-05,2.572976131020975e-06,2.1149524941372258e-07
15,1.6330804978416598e-08,2.6595929461155944e-05,7.341908013749439e-06,0.9873826493658349,0.0001696895978205975,4.319652138848015e-08,1.5990752127961086e-05,0.006332824240131604,1.0446189764946378e-08,0.0020818071254481182,8.065867641972157e-07,2.353021273824552e-05,0.0008294918986339793,0.00039812603912082973,1.3036476885401764e-11,2.7310233594316386e-07,2.576941625709111e-07,0.00037475788819431067,9.782662476116837e-07,0.002335366982835063,4.5922589209876244e-06,2.385131762333007e-06,9.505688442084115e-06,2.8105452082183326e-06,1.4879924307040627e-07
16,2.2206893704589012e-08,2.7940750344951446e-05,1.3658856228406277e-05,0.9843783021772395,0.0002280695200364607,4.477170087942317e-08,2.0448242335978092e-05,0.008148496967798903,1.888106549878327e-08,0.0015585951156724034,1.1336319391486051e-06,3.397102780491744e-05,0.001595609721021014,0.0004218530870445874,1.9965441179269347e-11,2.538194700326183e-07,3.6416549058248636e-07,0.000327336943838306,1.0922351119237376e-06,0.0032229384375719603,3.096832521913009e-06,2.6350154437250792e-06,9.66947695216432e-06,4.297910892057848e-06,1.5018561540698742e-07
17,3.7151295145054205e-08,4.556285259623507e-05,1.6141652944135182e-05,0.9689418108025298,0.00025988071663980147,1.2436261890038e-07,3.923307727095215e-05,0.01770104220796122,3.997507437253797e-08,0.005180758224144807,2.2213798390357573e-06,4.220577348504262e-05,0.0009717388265805737,0.00039254153046610864,4.9834092648147606e-11,9.350513366619268e-07,6.078531932511472e-07,0.0006857108680100693,3.0821599543120348e-06,0.005676942970705857,1.2330392759606389e-05,7.56888037744554e-06,1.2973630846705899e-05,6.267400724007877e-06,2.4220881155359715e-07
18,2.1780482938759126e-08,3.322701184687504e-05,7.658120202057021e-06,0.9859488440359679,0.00016970209339800378,4.212712247626236e-08,1.7833455384311057e-05,0.007185668267728034,9.888986734127205e-09,0.0022240010518532675,8.39996495659439e-07,2.8190884663903815e-05,0.0009376854567618595,0.0004240702852270836,1.3543636033480721e-11,2.7170069795758347e-07,3.5966944362889786e-07,0.0005334347596436103,1.0039244544804587e-06,0.0024636592928743966,4.925652557462219e-06,3.368353198878731e-06,1.1262766191089236e-05,3.7476752127735465e-06,1.7173606095542418e-07
19,3.672701794908347e-08,3.318450966616442e-05,5.036297957076446e-06,0.9810862614556046,9.444450796646748e-05,7.050051230907113e-08,3.3781744326526555e-05,0.01026157974044443,1.050768796882712e-08,0.002797370568537686,1.3966249774229104e-06,2.5355048012267387e-05,0.0004408273015401848,0.00034458174176352446,2.6978774774809924e-11,7.509020984670994e-07,3.9913884327087e-07,0.0008469315218480383,1.8632110444430226e-06,0.003983307646799055,1.2235758980956055e-05,4.75401539170534e-06,2.175542159141195e-05,3.7930369056323294e-06,2.720435036636068e-07
20,3.5954880892069274e-08,1.6243163601945356e-05,1.1581687347549198e-05,0.9902787555540586,8.55660573666991e-05,1.1777378584471825e-07,4.2834396509497785e-05,0.002113464350708935,8.935626965840017e-09,0.0013944910324200203,2.2463968737005854e-06,2.3416108180492715e-05,0.0009461552905291149,0.00043515419173737174,6.222619822722417e-12,5.725150637214697e-07,8.12476479401769e-08,0.0007755060365351879,5.634927158854616e-07,0.003855431110672591,4.1230915649295135e-06,4.5885882010503375e-07,1.0449177929972139e-05,2.608933866702288e-06,1.3463533261720422e-07
21,1.9862159525233584e-08,5.3125363907361775e-05,7.866924716802843e-06,0.9477173064279363,0.00027319161196287387,4.236365004046397e-08,1.5779818132717452e-05,0.04402534909218482,5.250675779299316e-08,0.004815722478820637,1.3611429634213712e-06,1.4939596705858534e-05,0.0003314998612274928,0.0001505121837011893,7.883512258007714e-11,2.451231530118171e-07,1.4740246072605334e-06,0.0004582760158857023,3.9829371440799435e-06,0.0020796258000073697,1.6673930849006824e-05,1.4024375723362006e-05,9.953605383435157e-06,8.661786622888523e-06,3.1308696179015775e-07
22,1.1583408971456156e-08,2.6756730597863186e-05,7.376922039581558e-06,0.9880260242680706,0.00018805831160203254,3.54820298069288e-08,1.3674222056643049e-05,0.0055114340837739625,1.2761521522558069e-08,0.002398037936012541,5.191157499598484e-07,1.829435581671338e-05,0.0012394023919771442,0.0003564153076606836,1.2628916898854351e-11,2.2844084662613475e-07,2.0080859571370202e-07,0.00022731434333374403,8.358737084624548e-07,0.001970351566572836,2.8809887293725074e-06,1.5791313121617625e-06,7.452033160884493e-06,2.957575467116928e-06,1.4575332615906388e-07
23,1.6330804978416598e-08,2.6595929461155944e-05,7.341908013749439e-06,0.9873826493658349,0.0001696895978205975,4.319652138848015e-08,1.5990752127961086e-05,0.006332824240131604,1.0446189764946378e-08,0.0020818071254481182,8.065867641972157e-07,2.353021273824552e-05,0.0008294918986339793,0.00039812603912082973,1.3036476885401764e-11,2.7310233594316386e-07,2.576941625709111e-07,0.00037475788819431067,9.782662476116837e-07,0.002335366982835063,4.5922589209876244e-06,2.385131762333007e-06,9.505688442084115e-06,2.8105452082183326e-06,1.4879924307040627e-07
24,1.1592197564149523e-07,4.968029350687108e-05,2.7433165975594156e-05,0.9408125878220177,0.00027063075347959984,9.92728092155311e-08,7.039990047608863e-05,0.043759037412345506,5.84003822631017e-08,0.004253990145352172,3.2879517716772263e-06,9.786854768208873e-05,0.001154858927671619,0.00040839073141714225,1.2017887827735594e-10,1.663505462489177e-06,2.276659972397561e-06,0.0008749928341255471,5.48735138480376e-06,0.008130333397247802,1.880591858336449e-05,1.675116597043771e-05,2.517499428273599e-05,1.564709653210892e-05,4.27709396427978e-07
25,4.5118301139205935e-08,0.0002073455024424255,2.1888402573730243e-05,0.9637091323400212,0.0010668093168311717,1.320819561847178e-06,4.528468844647266e-05,0.0038468511435647158,8.412471696344525e-08,0.021140583927652046,1.6935416809226524e-06,3.867119880405924e-05,0.001951176480442072,0.003407941690223174,2.1057682596089902e-10,3.7427953879804642e-06,4.0269888418059674e-07,0.0010560108549129723,4.567304677579062e-06,0.0034043496862948474,2.143742496824519e-05,2.404927644608014e-05,4.0833693256800565e-05,5.1029607421774545e-06,6.747985901466236e-07
26,1.1348028027940536e-08,2.0290924903607462e-05,4.68617952708199e-06,0.988581359358363,0.00026356217847519476,1.1665418444490194e-07,1.5219242540906575e-05,0.004646094116425508,9.992930639244487e-09,0.0030013571650079948,8.096547513087847e-07,2.597328804136625e-05,0.0004533838073465915,0.0007665897812045191,2.3786276824198056e-11,8.428367018282991e-07,1.3636951290980119e-07,0.00020172312571416884,1.984794458335722e-06,0.0019862935881912957,7.701360024607311e-06,2.7295588800999766e-06,1.800404045852676e-05,9.569768257521271e-07,1.636337158076705e-07
27,1.827850504772028e-08,2.7894307439538208e-05,7.773012843276186e-06,0.9847500049282204,0.0001708114774278137,4.645248790629007e-08,1.666770283462954e-05,0.008306452987521973,1.3758702644839552e-08,0.0024684219354770354,8.058788742192648e-07,2.4573343662898713e-05,0.000770578368260678,0.0003659650174095935,1.715758226352925e-11,3.289695176839849e-07,3.1932402979038437e-07,0.0003790215484513035,1.2189364040688274e-06,0.002687489959377979,5.344552359647801e-06,3.175761346609999e-06,9.790000028042623e-06,3.102649410734692e-06,1.8083224901195904e-07
28,1.6330804978416598e-08,2.6595929461155944e-05,7.341908013749439e-06,0.9873826493658349,0.0001696895978205975,4.319652138848015e-08,1.5990752127961086e-05,0.006332824240131604,1.0446189764946378e-08,0.0020818071254481182,8.065867641972157e-07,2.353021273824552e-05,0.0008294918986339793,0.00039812603912082973,1.3036476885401764e-11,2.7310233594316386e-07,2.576941625709111e-07,0.00037475788819431067,9.782662476116837e-07,0.002335366982835063,4.5922589209876244e-06,2.385131762333007e-06,9.505688442084115e-06,2.8105452082183326e-06,1.4879924307040627e-07
29,1.6330804978416598e-08,2.6595929461155944e-05,7.341908013749439e-06,0.9873826493658349,0.0001696895978205975,4.319652138848015e-08,1.5990752127961086e-05,0.006332824240131604,1.0446189764946378e-08,0.0020818071254481182,8.065867641972157e-07,2.353021273824552e-05,0.0008294918986339793,0.00039812603912082973,1.3036476885401764e-11,2.7310233594316386e-07,2.576941625709111e-07,0.00037475788819431067,9.782662476116837e-07,0.002335366982835063,4.5922589209876244e-06,2.385131762333007e-06,9.505688442084115e-06,2.8105452082183326e-06,1.4879924307040627e-07
30,1.6330804978416598e-08,2.6595929461155944e-05,7.341908013749439e-06,0.9873826493658349,0.0001696895978205975,4.319652138848015e-08,1.5990752127961086e-05,0.006332824240131604,1.0446189764946378e-08,0.0020818071254481182,8.065867641972157e-07,2.353021273824552e-05,0.0008294918986339793,0.00039812603912082973,1.3036476885401764e-11,2.7310233594316386e-07,2.576941625709111e-07,0.00037475788819431067,9.782662476116837e-07,0.002335366982835063,4.5922589209876244e-06,2.385131762333007e-06,9.505688442084115e-06,2.8105452082183326e-06,1.4879924307040627e-07
31,1.3983180338576674e-08,2.4625337293304654e-05,7.27743280873612e-06,0.9881706893517086,0.00015161885493032677,2.854090555808537e-08,1.3391230272350495e-05,0.006092651471149047,8.60087858454091e-09,0.0018152912854734102,6.179906569163736e-07,2.069588476002178e-05,0.0008998773634066277,0.000329673849967965,8.933222568977636e-12,1.8976319758157822e-07,2.3996187984416217e-07,0.0003471157444908568,7.20465804299874e-07,0.002109226913734641,3.512823768241956e-06,1.8189306493213562e-06,7.512484393536479e-06,3.0710465040836733e-06,1.306792525870109e-07
32,1.7438876954577195e-08,2.7345800681707364e-05,7.628795893363945e-06,0.986888560689407,0.0001737403906729325,4.576671118639527e-08,1.6787431454127166e-05,0.006639410777585021,1.1342685219766596e-08,0.0021802995067911157,8.327035670763656e-07,2.4635951668376137e-05,0.0008258124609215333,0.0004104455277406286,1.4433615454895531e-11,2.9949625607056666e-07,2.720631291968286e-07,0.0003792013547162761,1.0817532613259355e-06,0.002403182050351041,4.918419963676422e-06,2.570983553232365e-06,9.87135736581181e-06,2.868120168823347e-06,1.5980214475462047e-07
33,1.902649420558616e-08,3.2765905186777586e-05,7.235189811700361e-06,0.986800011629308,0.0001886583343731893,4.6687190202860315e-08,1.6914312476899496e-05,0.006235327844509935,9.14827501208119e-09,0.0021924031764792365,8.117375135670909e-07,2.724918256099154e-05,0.0010513434749749738,0.0004628205915869508,1.3170496134011828e-11,2.8227378295458375e-07,3.101345130586773e-07,0.0004620041610161517,9.832020457948812e-07,0.002498526266031623,4.206611066427254e-06,3.2052801143792617e-06,1.1531940368673647e-05,3.1886303513879897e-06,1.4524679775078195e-07
34,2.2877021244365356e-08,3.269609847129967e-05,9.85666941282666e-06,0.9856131905367301,0.00019562863448750495,5.778942601127079e-08,2.0996601017632662e-05,0.0071629938792946105,1.8097373428735275e-08,0.0025314737473669476,9.847518048747694e-07,2.8083384523035017e-05,0.000987590319425272,0.00047536328757235267,2.025943220661467e-11,3.588162911197014e-07,2.936872900225939e-07,0.000387358630325404,1.4185167560297286e-06,0.002530112347949289,5.458245393345355e-06,2.915348296903225e-06,9.65482904821987e-06,3.2721017535189024e-06,2.0078270943208798e-07
35,1.9195236298071073e-08,2.740651346848315e-05,6.971357085336152e-06,0.9856432137135029,0.00014737279490593865,3.75719088351448e-08,1.62634761345791e-05,0.008049229757853372,1.0914100714909623e-08,0.0021652907016820526,8.259753602676552e-07,2.3812983557486543e-05,0.0007404030167094582,0.0003252313134843944,1.2159484028919106e-11,2.3847314569881025e-07,3.2135734099325916e-07,0.00047150720802879625,1.0413592606134224e-06,0.002360558812472566,5.062584946440355e-06,2.8072581092456664e-06,8.911346802629654e-06,3.2996553986713568e-06,1.6264734512416796e-07
36,1.6265597771905207e-08,2.6557286704265353e-05,7.308910347032021e-06,0.9874126249789917,0.00016888724915220936,4.316295999656617e-08,1.597005116495131e-05,0.00631108197621473,1.040214473208614e-08,0.0020784739133483856,8.067167697313462e-07,2.3397195435994123e-05,0.0008264532513226512,0.00039685192422978595,1.2969660823581657e-11,2.720995813200554e-07,2.562253899922329e-07,0.0003754010386784678,9.731527719269924e-07,0.002335212563335011,4.587673188462864e-06,2.375304320515934e-06,9.487621603968184e-06,2.8026772751703626e-06,1.4834650156108282e-07
37,1.5019447475747398e-08,2.6283434286963334e-05,7.086134810956668e-06,0.9871298288973861,0.00017091805773346026,4.291338405997859e-08,1.5346891167800458e-05,0.006571572073717888,1.091274588295629e-08,0.0021834829254285724,7.794859951545172e-07,2.2218180863576973e-05,0.000803255146184041,0.0003758116351916407,1.3500248942706266e-11,2.717009048785353e-07,2.5706822698537866e-07,0.00035477111059421,9.915502853741793e-07,0.0023177565528914278,4.668767621859616e-06,2.3849113950343635e-06,9.313288388688463e-06,2.7844813185420917e-06,1.4884652944852255e-07
38,2.720849930278161e-08,3.519724532948121e-05,9.288984225750838e-06,0.9845237730434809,0.00020067185719073878,7.394312867126876e-08,2.5808011409945763e-05,0.007362913906224502,1.4371924301567526e-08,0.0026790943059474613,1.2286502243251137e-06,3.316884016646341e-05,0.0009722493737177358,0.0005431153482112598,2.3071731454895934e-11,5.1688675336077e-07,3.3547546230350904e-07,0.0004947797783675795,1.5584802553809273e-06,0.0030883810554205187,6.657530731368998e-06,3.721237257464158e-06,1.3783766116999753e-05,3.452091137055531e-06,1.8858574539086951e-07
39,1.7124828715794206e-08,4.444451455839705e-05,7.1243133981517614e-06,0.9881597815234815,0.0001649615381905738,4.93803544233474e-08,1.9475675606599774e-05,0.004588901707427122,1.122175136665361e-08,0.002414029435453524,8.71131224145702e-07,1.8393424114717705e-05,0.0013524748412134626,0.00045601590846402036,1.3197811583994766e-11,2.111144889535446e-07,2.40377397548306e-07,0.0004889060032714402,7.658336180640695e-07,0.0022636974380280243,3.344527510372207e-06,2.6107150473151194e-06,9.915396990924598e-06,3.6123019482393313e-06,1.4453843457230814e-07
40,1.090783691033458e-08,2.1781387793738704e-05,5.650167019794368e-06,0.987176853193215,0.00012254988074310598,3.158520103053634e-08,1.4194706083574215e-05,0.006576459561681721,8.929066940102396e-09,0.002184395354464153,6.340492900302042e-07,1.533272695064448e-05,0.0007763319689118539,0.00023311616562322866,8.957145142431217e-12,2.221778233311114e-07,2.0284913241199947e-07,0.0003279383244981555,6.928179701991298e-07,0.0025277497876833384,3.6189648829205163e-06,1.5743554397846993e-06,7.601246924295602e-06,2.9330813775402084e-06,1.1580142910078557e-07
41,1.8553443571492712e-08,2.7923946843120585e-05,6.836482235220571e-06,0.9866744139982504,0.00015520420575154226,4.1939277240828555e-08,1.725422927143789e-05,0.006781429015688564,9.12297652892681e-09,0.0019790128195820945,9.067593017060267e-07,2.6369427560228783e-05,0.000874395800020122,0.0003838545052954371,1.197677943115922e-11,2.597259319507555e-07,2.94369626551438e-07,0.0004735086086157413,9.66743804506638e-07,0.0025764068798011224,4.635101089095204e-06,2.7218818169883763e-06,1.0358203319448674e-05,3.036844118702792e-06,1.4082440191153116e-07
42,7.412857004204188e-09,3.482067799618865e-05,7.960193578691835e-06,0.9904625428337597,0.00019682226259017224,4.3971953164211974e-08,1.0499726016124992e-05,0.0003474697563923291,3.709702264630885e-09,0.0008393765102659002,6.812656868350255e-07,1.372073368738183e-05,0.005936422157771111,0.00095634259003401,1.2772149236924698e-12,3.090130575994029e-08,3.1207465603615705e-08,0.0005142285850988511,8.144759552713285e-08,0.0006719242567391557,5.321997943838135e-07,1.5597046682600462e-07,4.134302505632159e-06,2.1181602298634547e-06,4.9165230345466706e-08
43,1.371993802252398e-08,2.8550395841174196e-05,6.075854865112544e-06,0.9842923853920951,0.00020573694492305317,5.915851077398312e-08,1.4233103116021438e-05,0.008322281207561592,1.2702342833093885e-08,0.0034667622961671914,7.428473052722418e-07,2.0185036679652246e-05,0.0005812011674553218,0.00035755546644286926,1.8437524087809693e-11,4.0340498971131743e-07,2.9108665176871673e-07,0.0003768816987747624,1.3376830061566228e-06,0.002300674063618047,7.226552749131156e-06,3.4884526247202645e-06,1.0935655969256191e-05,2.7922509083740884e-06,1.738390264307916e-07
44,1.6330804978416598e-08,2.6595929461155944e-05,7.341908013749439e-06,0.9873826493658349,0.0001696895978205975,4.319652138848015e-08,1.5990752127961086e-05,0.006332824240131604,1.0446189764946378e-08,0.0020818071254481182,8.065867641972157e-07,2.353021273824552e-05,0.0008294918986339793,0.00039812603912082973,1.3036476885401764e-11,2.7310233594316386e-07,2.576941625709111e-07,0.00037475788819431067,9.782662476116837e-07,0.002335366982835063,4.5922589209876244e-06,2.385131762333007e-06,9.505688442084115e-06,2.8105452082183326e-06,1.4879924307040627e-07
45,1.6124215385754986e-08,2.6130165673371972e-05,6.524812125214156e-06,0.9884514039862733,0.00015488349110375174,4.580443516365332e-08,1.5190250258062044e-05,0.005501266756501964,8.60968588851494e-09,0.002025241376907957,8.031090986818825e-07,2.2158455508883895e-05,0.000689863595175762,0.00040896560055947803,1.1387821508752064e-11,2.736202623805005e-07,2.3194298027790702e-07,0.0004299265006030166,8.87735308876017e-07,0.002246131273304022,4.943313567410106e-06,2.314337314093342e-06,1.0113962475722598e-05,2.522112690021039e-06,1.5305258375634855e-07
46,1.8921337170986825e-08,2.581568805008644e-05,7.461999511084236e-06,0.9858777766971449,0.00015905418747991947,3.3813372196466704e-08,1.512277787222999e-05,0.00789235681091696,9.627109660006344e-09,0.0018663984949979446,7.892046363551438e-07,2.6743377864238862e-05,0.0008483713995242067,0.0003357218388925122,1.2630536122898764e-11,2.5119748663596865e-07,3.7435629608182014e-07,0.00039949915703099513,9.850771074710187e-07,0.002522648992545058,4.431341192742843e-06,2.710455743730298e-06,9.883278410070968e-06,3.385416676178726e-06,1.55876170664574e-07
47,5.972200303088777e-09,1.7875979954077768e-05,5.6737846402284405e-06,0.9918449906923269,0.0001687446556084618,2.8373836479609937e-08,9.428835120717665e-06,0.003966510889471443,9.180403975960444e-09,0.001553504812402492,5.559656382910539e-07,1.0402702400860643e-05,0.0006854352656508733,0.0002941454998425322,8.05726660268734e-12,1.209515917947643e-07,1.1717618493351761e-07,0.00018330694547420825,5.360363847948114e-07,0.0012472501047472325,2.8821819239759046e-06,8.297215865029473e-07,5.613600091861967e-06,1.9363389030575324e-06,9.432555686277575e-08
48,1.5077718957457182e-08,2.473637549045914e-05,7.29513095412935e-06,0.9881355510992531,0.00016508920485145982,4.3727663376642816e-08,1.52853201085054e-05,0.0057579978356318215,1.0039621087312653e-08,0.0019732429180667494,7.947498595564468e-07,2.2687457094431632e-05,0.0007958094387247735,0.0004025767177139414,1.1917058229377007e-11,2.637491136082113e-07,2.2354754396019143e-07,0.0003602504602448377,8.959496140710083e-07,0.0023190490878001245,4.419835266184148e-06,2.1282318821641347e-06,8.95746933370057e-06,2.5346356581130063e-06,1.41928873714074e-07
49,1.6713532764422436e-08,2.5029084866842958e-05,8.050341973565648e-06,0.9869618413499686,0.00018156495430828292,4.694660167845911e-08,1.5485568687188718e-05,0.0064728162034841785,1.0466568129555049e-08,0.001989268030618526,8.518702678890952e-07,2.8707508890552183e-05,0.0008546419051389256,0.000434473536690649,1.2763822044101542e-11,2.86918697906347e-07,2.6700857083049024e-07,0.0003908632345697211,9.961733090431745e-07,0.002615178942074433,4.637571920747734e-06,2.6443583738415693e-06,9.587334913592447e-06,2.5885890474126735e-06,1.4537416080067384e-07
50,2.3756019609936756e-08,1.935077293164287e-05,7.379524304592813e-06,0.9893167170537145,0.00012117045713502275,2.7105238445837234e-08,1.0609942385270307e-05,0.005841102487797654,5.1197606997783896e-09,0.0007322968049210948,1.3346957850533721e-06,4.638612355233277e-05,0.0006283606790579607,0.0002845098127266168,9.853272085628057e-12,1.339630151444024e-07,4.842980414234095e-07,0.0006566139639701356,4.915932442762366e-07,0.0023106684465834444,5.42473302994246e-06,1.909797062395227e-06,1.1488099011604585e-05,3.3490670610749786e-06,1.616937969041816e-07
51,7.959009020575528e-08,6.205793836673164e-05,3.938737252483099e-05,0.9489321110547655,0.0005737801372824882,3.3310525302434265e-07,4.9899057085359285e-05,0.021285151211164536,8.314429116315009e-08,0.0075730555542206255,2.4629639924569355e-06,0.0001247144533305173,0.0028284571619912897,0.000727094403739305,2.5162066172846167e-10,6.8457031703090635e-06,1.9800635218247967e-06,0.00046911195338768865,5.539643337195866e-06,0.017228305279301054,1.3715863046737827e-05,1.7503539631916302e-05,4.613814627787877e-05,1.1609752947726974e-05,5.82655659028903e-07
52,1.5092723974661247e-08,1.6860421633071174e-05,9.798159622113353e-06,0.9854415363701765,0.0002317970448852402,2.345671754232452e-08,1.2866068094647719e-05,0.010012860740853004,1.2157302034632611e-08,0.0016933972187943192,5.755093024835111e-07,2.9392719282299557e-05,0.0005171408531986282,0.0003846375230209667,1.9038407965146485e-11,3.28679615015602e-07,3.4271706133216235e-07,0.00013280695222298245,1.704060003509067e-06,0.0014947664686156975,5.89744991450697e-06,1.8783284107880263e-06,8.640642749100641e-06,2.524571184886282e-06,1.9677557701914322e-07
53,1.5380702909667157e-08,2.5845038157597972e-05,7.675072268219117e-06,0.9882969886698496,0.00024880547790476405,4.317753107537796e-08,1.169099744932892e-05,0.006017293125242512,8.51574682039317e-09,0.0019985704769666384,7.14219332060199e-07,2.8605356251604925e-05,0.0007653278865759468,0.00048289209301298713,1.1413816062429848e-11,2.4895387911768194e-07,2.770129088959847e-07,0.0003617687798284839,9.97535152270229e-07,0.001732349523837858,4.891452962063771e-06,2.456013965359657e-06,9.782727529791086e-06,2.605060142633151e-06,1.4744138796239137e-07
54,2.1277298111624065e-08,3.3992114508570305e-05,8.73815682555854e-06,0.9868321435087603,0.00016862032428083043,5.832051116673851e-08,2.2374152365328358e-05,0.0055926478032100645,1.3071294831629368e-08,0.0027440810898479604,7.799426104354823e-07,2.567293819538526e-05,0.0009674670485440891,0.0005395462015853226,1.825549570591772e-11,4.3780831795572714e-07,2.4509172012302346e-07,0.0003727035868824208,1.1456924967032531e-06,0.0026665750757547267,5.036885770304771e-06,2.861858934830316e-06,1.1629529656038646e-05,3.001591033553699e-06,2.069113397868675e-07
55,1.8956156187174986e-08,2.6822492988738508e-05,8.265299686631147e-06,0.9873821067237896,0.00014036368384466144,3.6322011342178255e-08,1.7011912349144065e-05,0.006042756144079629,1.0640834950973494e-08,0.0017152600259886614,8.728798778330192e-07,2.7182030297813295e-05,0.001130359957123726,0.0003635405749812483,9.514351237468932e-12,1.9733547876827426e-07,2.501373420586943e-07,0.00046158869869644713,7.941089220677147e-07,0.0026662871066228666,3.472360992587254e-06,1.991362697755417e-06,7.534904429519787e-06,3.1365130176443744e-06,1.3981827566993284e-07
56,1.6348450202267977e-08,2.7191822511122912e-05,7.535934788704504e-06,0.9875829959110186,0.00017077434039733093,4.290906207808901e-08,1.6183870811171745e-05,0.006090225089477638,1.0641196410031549e-08,0.0020449108895849023,8.08553046996852e-07,2.3456213259874617e-05,0.0009047845151426888,0.00040270535282011676,1.3010704223608943e-11,2.644268292443176e-07,2.56063795392033e-07,0.000369165428001553,9.486923930129176e-07,0.00233868755010609,4.308346720640243e-06,2.2857436544211966e-06,9.413679246695942e-06,2.8805434944521803e-06,1.4712117986351462e-07
57,1.962547784165978e-08,2.8097120553996292e-05,9.995445668964225e-06,0.9841206171853002,0.00024167031206433646,5.215484568439611e-08,1.624233605897659e-05,0.0083891675602128,1.4401455482690902e-08,0.0026174717974104434,8.335054274730641e-07,3.623549359756201e-05,0.0009942444264047876,0.00047078334346470574,1.695083631109746e-11,3.852299064018166e-07,3.6307520544803513e-07,0.0003653896530488043,1.4479963067137266e-06,0.002684926020167368,5.451447151494576e-06,3.4330422985991266e-06,9.911717280406085e-06,3.0759493088116666e-06,1.711444318223914e-07
58,1.666427204459094e-08,2.7904584330637586e-05,7.441270743826701e-06,0.9871436761637079,0.00017055965017121648,4.06907780410404e-08,1.614160696484912e-05,0.006573966547085588,1.0555267834461906e-08,0.0020996090486852205,8.012282090961039e-07,2.2986026276109123e-05,0.0008641732069218866,0.0003831968217121862,1.3315643111110403e-11,2.606246287879649e-07,2.7770781931339694e-07,0.00038336642391956915,9.67410607111158e-07,0.0022848255191635523,4.583202218145205e-06,2.404473010353069e-06,9.517512379453636e-06,3.122748369733429e-06,1.502994418219377e-07
59,1.732316056898635e-08,2.7163813894552717e-05,7.937641282342853e-06,0.9868995201846826,0.00016672645551876972,3.964895622636917e-08,1.6664175765730863e-05,0.006737596476233839,1.0584026099565134e-08,0.002060759652479258,8.087342128810326e-07,2.3575308232708058e-05,0.0008690583824255359,0.00037460155633878663,1.3104235809495123e-11,2.6897657698939577e-07,2.797701992480148e-07,0.00038754104776556503,9.412459057029025e-07,0.0024067972153180932,4.581731058316423e-06,2.3402180773590512e-06,9.336448365920522e-06,3.2825536058490327e-06,1.5084281272920188e-07
60,1.6330804978416598e-08,2.6595929461155944e-05,7.341908013749439e-06,0.9873826493658349,0.0001696895978205975,4.319652138848015e-08,1.5990752127961086e-05,0.006332824240131604,1.0446189764946378e-08,0.0020818071254481182,8.065867641972157e-07,2.353021273824552e-05,0.0008294918986339793,0.00039812603912082973,1.3036476885401764e-11,2.7310233594316386e-07,2.576941625709111e-07,0.00037475788819431067,9.782662476116837e-07,0.002335366982835063,4.5922589209876244e-06,2.385131762333007e-06,9.505688442084115e-06,2.8105452082183326e-06,1.4879924307040627e-07
61,1.7368411708685387e-08,2.7408730318724552e-05,8.099430109002748e-06,0.9868423857814631,0.0001706731476325218,4.101995245517967e-08,1.6494661442941968e-05,0.006742932741042473,1.0993053693545745e-08,0.0020612787800062737,8.295969149020866e-07,2.437103062830544e-05,0.0008741500131912205,0.0003840722804537939,1.3380319789434689e-11,2.7036180238539525e-07,2.7962333674467e-07,0.00038581036704137727,9.704676421269192e-07,0.0024403446192154954,4.6417697161440685e-06,2.3981720259500646e-06,9.191928050212278e-06,3.1750067292407647e-06,1.5209643907558564e-07
62,1.6330804978416598e-08,2.6595929461155944e-05,7.341908013749439e-06,0.9873826493658349,0.0001696895978205975,4.319652138848015e-08,1.5990752127961086e-05,0.006332824240131604,1.0446189764946378e-08,0.0020818071254481182,8.065867641972157e-07,2.353021273824552e-05,0.0008294918986339793,0.00039812603912082973,1.3036476885401764e-11,2.7310233594316386e-07,2.576941625709111e-07,0.00037475788819431067,9.782662476116837e-07,0.002335366982835063,4.5922589209876244e-06,2.385131762333007e-06,9.505688442084115e-06,2.8105452082183326e-06,1.4879924307040627e-07
63,1.673853914710813e-08,2.856738982146399e-05,7.406535409655405e-06,0.9872971561093439,0.00016866340155480362,4.3808544917315234e-08,1.645978596081321e-05,0.006298734163999056,1.0852819212133613e-08,0.0021288379786000328,8.299681852036785e-07,2.2912007491002993e-05,0.0008659886990712044,0.0003948303455235393,1.3541104057287762e-11,2.683618901353048e-07,2.637909658074687e-07,0.0003882919569263715,9.781867244447892e-07,0.002360052314847874,4.575920275001811e-06,2.4363665352775184e-06,9.553892965631998e-06,2.969144635200139e-06,1.5226582923141365e-07
64,1.6511525952743758e-08,2.6744161679251767e-05,7.392062367410142e-06,0.9872246835628942,0.00017727069755889456,4.501289425546328e-08,1.596370009864446e-05,0.0065915429782200914,1.057328869781149e-08,0.002143994435026619,8.45516545591093e-07,2.4111751774350735e-05,0.0007376699814938679,0.00040516744838572645,1.4185063935397093e-11,2.9205201710858315e-07,2.6704406684269076e-07,0.000380813143470097,1.0582588212080263e-06,0.002241291231206599,5.411778893693029e-06,2.4582801485583084e-06,9.95805461194895e-06,2.8320922767194527e-06,1.5965654875334246e-07
65,2.0756207703561958e-08,4.191324074361878e-05,1.0299090070947328e-05,0.9845205373422596,0.00012110558047190017,2.0016775258515356e-08,2.5362213228469802e-05,0.00897531128143136,2.147487067734366e-08,0.001999515906506484,8.045433088010806e-07,1.5671504674689293e-05,0.00151220867937971,0.0002511290047401238,1.835939604380656e-11,1.4578733117720516e-07,3.689248042453561e-07,0.00027174070188363587,9.565940517997128e-07,0.0022353848222724476,2.8128642490811237e-06,2.0452417239654483e-06,6.093162102506378e-06,6.356806115503833e-06,1.7444243694854412e-07
66,1.5714365443362126e-08,2.5340600624038137e-05,7.482201979875651e-06,0.987152827613967,0.00016531236113830888,4.5116376562672015e-08,1.6199388878819363e-05,0.00620557029219756,1.1040693354620932e-08,0.0021847341422612685,7.764030526060461e-07,2.3842042566398617e-05,0.0008924707469703602,0.0003940042434385836,1.238266721114108e-11,2.914788388167799e-07,2.381458661213597e-07,0.00035609108751837504,9.800094145731198e-07,0.002555523041818192,4.265987384995714e-06,2.3027918516376582e-06,8.91969349150739e-06,2.613208683833741e-06,1.4263423914971183e-07
67,1.5693708718164198e-08,2.000634188575012e-05,7.154605590430862e-06,0.9887426465724943,0.00013466960315059492,4.899648971690404e-08,1.6762249109716944e-05,0.004612872213494946,7.945052413500975e-09,0.0015430907716552755,7.809543688184106e-07,2.5979777376479692e-05,0.0008552624137815929,0.0004499981459334603,1.1789840060837034e-11,3.495401619500666e-07,1.9891689454512112e-07,0.00036166383793798053,7.612447507910012e-07,0.0032077459635975517,3.8347638626949445e-06,1.8840522408938487e-06,1.1961818983828347e-05,2.155790332870652e-06,1.47775354815625e-07
68,1.6956938529171794e-08,2.7746282192738955e-05,6.340297797755982e-06,0.9864505684069579,0.000127725133223157,4.3577065881037937e-08,1.6101386265825342e-05,0.006688068746780822,9.007361909730045e-09,0.0019537092465698866,9.473092720304668e-07,2.319367510120964e-05,0.000744087402724997,0.000320544836666099,1.1165083686516632e-11,2.4730741829229854e-07,2.7480742062185985e-07,0.0005562601976640795,8.315722325748972e-07,0.0030625530082730073,4.8966876305027025e-06,2.7046725857525774e-06,1.0013103083809006e-05,2.967042942925622e-06,1.493246644605236e-07
69,2.1030875927303184e-08,3.3491252712782905e-05,9.139220980966676e-06,0.9866516615703848,0.00032089848457886143,6.796996857005485e-08,1.7137716273279633e-05,0.006791771872271168,1.3872071898401826e-08,0.0023588819649268105,1.1108562142369088e-06,3.479349670955187e-05,0.000930502509258523,0.000671412778516444,2.016227038636992e-11,3.0969595773473943e-07,3.2778048560459925e-07,0.000410707002276017,1.5005321185129736e-06,0.0017412201389797796,6.047871356166858e-06,3.714671589456504e-06,1.2189113851544508e-05,2.9162239839141484e-06,1.62353495135989e-07
70,1.44096593648485e-08,2.2068750362143513e-05,8.416723165504286e-06,0.990579555322244,0.00017480874810200988,4.9400561939823166e-08,1.4392833401173968e-05,0.0034773884244380395,8.56504097203275e-09,0.0015347978642046036,6.869698534054959e-07,2.544598184895421e-05,0.0009502333008024202,0.000611236081160662,1.0086158856281086e-11,2.768146582900616e-07,1.6204653721081545e-07,0.0003004000981384592,7.185879336005209e-07,0.0022830161377914637,3.2159790706235898e-06,1.727047920288742e-06,9.437874646995455e-06,1.8009155598992388e-06,1.4111281188510912e-07
