,0,1,2,3,4,5,6,7,8,9,10,11,12,13,14,15,16,17,18,19,20,21,22,23,24
0,1.196826318199089e-06,2.8001044638795237e-09,0.007509963389913703,0.9116519958513111,7.072291154891556e-05,0.00015617433090380148,0.00014632167079048824,0.030481570387548493,1.3889403060924557e-05,0.0006570999916060298,0.00021541234853997464,2.664877486208308e-07,0.0019467846635221385,0.0010620751256545235,0.00010788378414265823,0.001789614759387728,0.00024172557994168675,1.0845399394685571e-05,1.8803375839305434e-05,0.03707453916272622,0.0023014635945679766,0.0005378708018628431,0.0037280930797091243,0.0002756371099227947,4.7163933667279956e-08
1,1.6567834855684441e-06,3.3608435253773185e-09,0.00722135409424817,0.8423811148628794,7.871425391677388e-05,0.00026015035456660433,0.00022894742347862092,0.048407844517151334,2.6053396091046697e-05,0.0011131753065158057,0.00021253078328199756,3.224295125637076e-07,0.002400161169620883,0.0011063858457209068,0.00014880714741682854,0.003490053081601848,0.00030400177978351107,1.2322772704185928e-05,3.655032364178497e-05,0.08245476240887864,0.0026700639421194106,0.0007996364975070246,0.006233384432471999,0.00041193132783371686,7.170472776703326e-08
2,1.6767939972004526e-06,3.2255582967703912e-09,0.00783205414998601,0.7902890871443421,8.051635436526455e-05,0.00028336557494600763,0.00027349058097729734,0.056082456794715074,2.693363285503195e-05,0.0013006462560368327,0.0002017608503032332,3.1816664441118007e-07,0.0022820739513902603,0.0013318758847042755,0.00017963771089208908,0.0032387696824633283,0.00028670880613458264,1.382029441352351e-05,4.32907736007795e-05,0.12346134703015828,0.0032797633842067218,0.0011218602585549378,0.007959398174274815,0.0004290482893893545,9.623509022155663e-08
3,1.5572758388154178e-06,3.29917612389162e-09,0.007538714061386399,0.8446656839047972,7.708265705032209e-05,0.00025407467320128814,0.0002335136998169964,0.04553199298857395,2.204566862160572e-05,0.0010534992205371298,0.0002168339495412424,3.3633602784328604e-07,0.002396932406443034,0.0012606423193738802,0.00015058762261147254,0.002943904865361761,0.0002865908403627872,1.3545425187923911e-05,3.407115349567413e-05,0.08296713408009784,0.0029474897565710738,0.0008565406638038188,0.00615675751563792,0.00039038852770172084,7.708878225763392e-08
4,1.5738303355299467e-06,3.772018081793092e-09,0.00743644191610116,0.8491180481451985,8.180429320091689e-05,0.0002585840804677798,0.00024088521726549307,0.045032442130443974,2.215380289769105e-05,0.001009598427915918,0.0002359153833924043,3.8677052436822387e-07,0.0027899933383268042,0.0013471250781883423,0.00014327767136258397,0.002930149173645006,0.00030241890651104753,1.42140161748059e-05,3.551229884785917e-05,0.07865649841286103,0.0029849662454794626,0.0008548131015722193,0.006145188385594417,0.0003579272330090946,7.836866543305497e-08
5,1.5654707058604824e-06,2.776441558721204e-09,0.006926208597985881,0.8468780454315573,6.803953899804885e-05,0.00022681376124137871,0.00022525600258500668,0.042423220467164374,2.1161986565781566e-05,0.0010907659331507958,0.0001948950601754011,3.066554297980013e-07,0.0021088085960958626,0.0012422744739473714,0.00013159923466762665,0.002794649400374545,0.00027860394446993226,1.5113060324626119e-05,2.8635006068955498e-05,0.08540684989548068,0.002771086423047761,0.0008127283361809789,0.005933307019433276,0.00041998246382788073,8.046407921769297e-08
6,1.5572758388154178e-06,3.29917612389162e-09,0.007538714061386399,0.8446656839047972,7.708265705032209e-05,0.00025407467320128814,0.0002335136998169964,0.04553199298857395,2.204566862160572e-05,0.0010534992205371298,0.0002168339495412424,3.3633602784328604e-07,0.002396932406443034,0.0012606423193738802,0.00015058762261147254,0.002943904865361761,0.0002865908403627872,1.3545425187923911e-05,3.407115349567413e-05,0.08296713408009784,0.0029474897565710738,0.0008565406638038188,0.00615675751563792,0.00039038852770172084,7.708878225763392e-08
7,1.4467011026440633e-06,2.9841730309424405e-09,0.006234161458448638,0.8333327540473775,8.006258409482065e-05,0.0002800053122321984,0.0002502435290923735,0.039573570184310784,2.4677098995610653e-05,0.0012661036679366146,0.00020237794887044175,3.250327580947565e-07,0.0018475474717929575,0.0015174267670159335,0.00016627285902420536,0.0033739852570247933,0.0002811077117611922,1.4804053177083614e-05,3.1832226862517375e-05,0.09917081374483346,0.003210575951948898,0.0009324345852677894,0.007773699377384343,0.0004336647978523213,1.0464666178095444e-07
8,2.377087706857808e-06,1.3790120814527368e-08,0.007702865215651458,0.7107138465471411,0.0002214834712590852,0.0005233145471985322,0.0005866545113004781,0.11543609112830053,2.0843515710043222e-05,0.0005944280798461441,0.0006001032440177495,3.6374967850756786e-06,0.021869094338052977,0.0014861094172129476,0.00012657266555829563,0.00884358611384299,0.0005990922329991073,2.535596471706126e-05,0.00021321344546634563,0.11445128503657244,0.00635418458751667,0.0011401868863524045,0.008405944458905563,7.965888520513947e-05,5.733256004608746e-08
9,2.5481960155532667e-06,1.3202477052106677e-08,0.006125489305271634,0.7963036739953498,0.00019489563504843023,0.00043794006176121935,0.0008548399965695908,0.06618956903290046,2.188682851507474e-05,0.000805150045700102,0.0004836601076363076,2.7400892239145663e-06,0.008840464570673777,0.001974318968282719,0.00019075404381580703,0.007050174591019675,0.00048484469973865093,4.0118730725373925e-05,0.00010712147216497227,0.09243677675907985,0.006884166434780273,0.0011169036879523336,0.009312121084548042,0.00013965934621878827,1.6911453033432796e-07
10,1.5572758388154178e-06,3.29917612389162e-09,0.007538714061386399,0.8446656839047972,7.708265705032209e-05,0.00025407467320128814,0.0002335136998169964,0.04553199298857395,2.204566862160572e-05,0.0010534992205371298,0.0002168339495412424,3.3633602784328604e-07,0.002396932406443034,0.0012606423193738802,0.00015058762261147254,0.002943904865361761,0.0002865908403627872,1.3545425187923911e-05,3.407115349567413e-05,0.08296713408009784,0.0029474897565710738,0.0008565406638038188,0.00615675751563792,0.00039038852770172084,7.708878225763392e-08
11,1.5811301088201078e-06,3.485735497308505e-09,0.007458094942005362,0.845784344121264,7.67550743590735e-05,0.0002553766046984425,0.00023864061961743956,0.04721742635572031,2.224360514557541e-05,0.001026418705764581,0.00022217325054692605,3.568339057305254e-07,0.0026130676994043723,0.0012428385505206794,0.00014686339556143135,0.003007263004985774,0.00030072188885612683,1.3601561148425367e-05,3.517123072984529e-05,0.08012207962906227,0.0029147540715757404,0.0008541459034634316,0.006071547072189255,0.0003744560220657482,7.524156476886672e-08
12,1.0930173750330722e-06,9.743349662185754e-10,0.006489516829730828,0.8848495745654767,1.6407366240734375e-05,9.651732751082964e-05,0.00010984850206543351,0.07744639889046274,1.0767265130708304e-05,0.0006892061494942355,0.00012706799297178004,8.325256910360495e-08,0.0014581071407314236,0.00026013372927386543,0.00011750901337252934,0.0021632726921201792,0.00026185868644018926,3.3504829387793598e-06,1.8836110063557915e-05,0.022063198407201733,0.001275964581642974,0.0005425672410952757,0.0016173248645644793,0.0003813856986368564,9.218554973103405e-09
13,1.5651047836734172e-06,3.086412791169087e-09,0.007518389413499862,0.8276347768817331,7.394843440837939e-05,0.00026618289393633967,0.0002497304893878125,0.048008424974807715,2.3646390364995574e-05,0.0011986646637458596,0.00018892049715996196,3.1921456566388807e-07,0.0021754207083999897,0.0012540724318627525,0.00015256933040053063,0.0031377255392867317,0.0002884486528164418,1.4090227218053038e-05,3.449324917231119e-05,0.09710442334914511,0.0029796096432331246,0.0009307207092273858,0.006348127115920265,0.0004156415905376902,8.540797332044241e-08
14,1.1995557853982348e-06,9.686739176381332e-10,0.007386550411011602,0.8655746146559965,2.8201813857372862e-05,0.00012384837090936734,0.00015478452748195228,0.05185356837399057,2.0815219671530416e-05,0.0011112688353302697,0.00010625428702069596,7.723110902897658e-08,0.0007709143079403888,0.0006319424398125027,0.0001584866854843915,0.0019030892113501012,0.00026552051273075525,7.805988392880827e-06,1.4329292721471712e-05,0.06234693950147629,0.0015809265711287529,0.0008187586830473469,0.004517191096757303,0.0006228608997364935,5.0558583084079825e-08
15,1.5572758388154178e-06,3.29917612389162e-09,0.007538714061386399,0.8446656839047972,7.708265705032209e-05,0.00025407467320128814,0.0002335136998169964,0.04553199298857395,2.204566862160572e-05,0.0010534992205371298,0.0002168339495412424,3.3633602784328604e-07,0.002396932406443034,0.0012606423193738802,0.00015058762261147254,0.002943904865361761,0.0002865908403627872,1.3545425187923911e-05,3.407115349567413e-05,0.08296713408009784,0.0029474897565710738,0.0008565406638038188,0.00615675751563792,0.00039038852770172084,7.708878225763392e-08
16,1.8144659254013885e-06,3.831901404103473e-09,0.010038636576481465,0.8373898329124866,7.494809694973253e-05,0.00027081264683466476,0.00019046854971567853,0.06363032703633942,3.331657267944653e-05,0.000782580456844434,0.0002359816850136142,2.5198925257353724e-07,0.002968222291297098,0.0008540721326559985,0.00017793492919398085,0.002772434126238149,0.0003363671634342523,8.150947216707525e-06,4.2951010271241644e-05,0.07046215747009814,0.0018806737860796083,0.000787038172146692,0.006618436729825644,0.0004425336832885109,5.273782969278644e-08
17,1.1693739941996837e-06,2.381783632207447e-09,0.00800608514655031,0.8808631938062756,5.888651027560179e-05,0.00030709866392760924,0.00017010686496086785,0.03676979642868229,2.8074436132413098e-05,0.0011719866989965348,0.00020453528029604868,1.4496503852971763e-07,0.001365470654376043,0.0007153188189367768,0.00023031467003086035,0.003370237680615297,0.00023534413081754317,5.423738091328485e-06,2.6375542298119758e-05,0.05862464368798272,0.002031951782618177,0.000609343471800078,0.004548794359282279,0.0006556611191380449,3.978709901571412e-08
18,1.6132904418433405e-06,3.439342603565518e-09,0.00737922602299884,0.8387964702586028,7.776081932480322e-05,0.00026112641998861727,0.00024732578865225755,0.04601695098492186,2.2991616253719665e-05,0.0011104260737697172,0.00021718238645708043,3.5743694478480677e-07,0.002430555727270252,0.001355407099793156,0.000151526891457425,0.0030080479831072295,0.00030063946415496257,1.4796452367647997e-05,3.4904717224539244e-05,0.08778946722157123,0.003016301643038556,0.0009146912441926971,0.006457240396998258,0.00039490011710210184,8.650402303906886e-08
19,1.549118603760863e-06,2.9045878148881194e-09,0.00636382241248873,0.8336882973740786,7.29398592758812e-05,0.0003990668851645646,0.0002055890926746311,0.031377102886312035,2.634917310468841e-05,0.0014930852727770667,0.0002451910897741499,2.539192395432669e-07,0.001516240900900388,0.0016517899187927522,0.0002178434819556011,0.003975324768999459,0.00030110762923246984,1.282710963953242e-05,3.0334019820874642e-05,0.10426864558508865,0.003103285903100569,0.000836063246110648,0.009532168491037274,0.000681017219161965,1.0173807839472842e-07
20,3.754785154347197e-06,4.931993154632492e-09,0.0045284896069657035,0.8553028341726672,0.00011715251634286482,0.00045976787567306437,0.0001396961214707306,0.0118828010049856,2.8420439314045752e-05,0.0012535968447396244,0.00017784467334027088,1.2938385586263577e-06,0.005202083522182023,0.0029261240297025677,1.1802885044722371e-05,0.008734369769106342,0.0007094824681673434,0.00013433185827788074,1.6088548278352345e-05,0.10241280854406443,0.000913591042511253,0.0001703142050926163,0.004574268880551546,0.0002989553057544529,1.221300612666961e-07
21,1.655158572801778e-06,3.6434784488785497e-09,0.006681329029054494,0.8521346444408694,9.4216530435976e-05,0.0002410267699125652,0.00022486060481762598,0.03784349182812839,2.1330365550872352e-05,0.0011176035739395619,0.00024254662149823705,4.043990304688462e-07,0.002268830790400581,0.0014476707277586718,0.00013947232156446472,0.0030265272375207507,0.0002576150050998752,1.6124458271354634e-05,3.3097060699786375e-05,0.0831199368073652,0.0035421204681460126,0.0007688884507901623,0.00639140760750191,0.0003851090421474067,8.70574447607184e-08
22,1.9739198838477725e-06,5.861750175260764e-09,0.007813378166427942,0.7718639845008053,0.00011726592038182743,0.0003760947079986921,0.0004081581100856245,0.05965882854967972,3.59100782238917e-05,0.0011217583425288625,0.0002396460031963883,5.066166373893141e-07,0.0036100326714500613,0.001584823681520999,0.00019947993259673976,0.0038525964987089264,0.000298696074732081,1.6908320192666948e-05,6.0138218297598476e-05,0.13256430806096597,0.0035939827903239785,0.001068211660912445,0.011136658187868364,0.0003765005187096522,1.5260612096478873e-07
23,1.5572758388154178e-06,3.29917612389162e-09,0.007538714061386399,0.8446656839047972,7.708265705032209e-05,0.00025407467320128814,0.0002335136998169964,0.04553199298857395,2.204566862160572e-05,0.0010534992205371298,0.0002168339495412424,3.3633602784328604e-07,0.002396932406443034,0.0012606423193738802,0.00015058762261147254,0.002943904865361761,0.0002865908403627872,1.3545425187923911e-05,3.407115349567413e-05,0.08296713408009784,0.0029474897565710738,0.0008565406638038188,0.00615675751563792,0.00039038852770172084,7.708878225763392e-08
24,2.436283142118753e-06,3.192065138828591e-09,0.018002407214075703,0.6749233525750302,4.8879052421579383e-05,0.00044496772912406294,0.0003517276924918146,0.09184058441900166,2.8637233306603268e-05,0.002187662931359289,0.00019112441803545018,1.9021112947924608e-07,0.0013030233586861966,0.000866277707565199,0.0005231207549132438,0.002381585575737341,0.00031613412568997376,1.0372762661787737e-05,6.585225355011167e-05,0.19295621564164198,0.00445334485360423,0.0023719081062832485,0.005744362159449221,0.000985739752710684,8.999632380431157e-08
25,2.3849925515613675e-06,1.2627420968020949e-08,0.012334092359459757,0.6277709847232353,0.00017165248178537698,0.0018736368725023119,0.00033349996109469034,0.017878843496150112,8.038223835500631e-05,0.0037586709656566544,0.000297228034578751,7.845579136643631e-07,0.0016697343080519821,0.005762082911360502,0.00035205215005527435,0.005722930492035103,0.0005099981681477567,3.395119243942295e-05,5.929792732113712e-05,0.3008031720092045,0.003821081922456979,0.001791651581611021,0.013438253545094207,0.0015331189293930029,5.01552124974971e-07
26,1.0387545077307643e-06,5.771692236405613e-09,0.00863420001380919,0.8340420323662585,0.00013059789432652122,0.0003077849547301103,0.0004606183213804277,0.048492695215133406,7.416901935064135e-06,0.0012302830478553952,0.00030842845075000803,1.42435368654036e-06,0.0050384534493930705,0.002741190753239571,0.00015658055156989007,0.004253453316714051,0.0003114314474269984,2.5763405951482415e-05,6.398716053408567e-05,0.08001939211616857,0.008311523568347304,0.0015822217534351276,0.003775709063277395,0.00010368822964344307,7.913823375504413e-08
27,1.542006519217405e-06,3.2688254450787663e-09,0.007226306112942688,0.8186510002187513,7.278263984319466e-05,0.0002865817218165271,0.00027289067433716106,0.050391681489591035,2.789491300391809e-05,0.0013224928240280443,0.00020724236945455035,3.088036969378957e-07,0.0021639536754289126,0.0013146806245963934,0.00018523824743008738,0.0032633228336361115,0.00030705488511306717,1.2969228344626792e-05,3.7158769346677544e-05,0.10259442126846725,0.003007811922043013,0.001086294426630459,0.007111338733733246,0.00045493601594607944,9.232647405139505e-08
28,1.5572758388154178e-06,3.29917612389162e-09,0.007538714061386399,0.8446656839047972,7.708265705032209e-05,0.00025407467320128814,0.0002335136998169964,0.04553199298857395,2.204566862160572e-05,0.0010534992205371298,0.0002168339495412424,3.3633602784328604e-07,0.002396932406443034,0.0012606423193738802,0.00015058762261147254,0.002943904865361761,0.0002865908403627872,1.3545425187923911e-05,3.407115349567413e-05,0.08296713408009784,0.0029474897565710738,0.0008565406638038188,0.00615675751563792,0.00039038852770172084,7.708878225763392e-08
29,1.5572758388154178e-06,3.29917612389162e-09,0.007538714061386399,0.8446656839047972,7.708265705032209e-05,0.00025407467320128814,0.0002335136998169964,0.04553199298857395,2.204566862160572e-05,0.0010534992205371298,0.0002168339495412424,3.3633602784328604e-07,0.002396932406443034,0.0012606423193738802,0.00015058762261147254,0.002943904865361761,0.0002865908403627872,1.3545425187923911e-05,3.407115349567413e-05,0.08296713408009784,0.0029474897565710738,0.0008565406638038188,0.00615675751563792,0.00039038852770172084,7.708878225763392e-08
30,1.5572758388154178e-06,3.29917612389162e-09,0.007538714061386399,0.8446656839047972,7.708265705032209e-05,0.00025407467320128814,0.0002335136998169964,0.04553199298857395,2.204566862160572e-05,0.0010534992205371298,0.0002168339495412424,3.3633602784328604e-07,0.002396932406443034,0.0012606423193738802,0.00015058762261147254,0.002943904865361761,0.0002865908403627872,1.3545425187923911e-05,3.407115349567413e-05,0.08296713408009784,0.0029474897565710738,0.0008565406638038188,0.00615675751563792,0.00039038852770172084,7.708878225763392e-08
31,1.8802894741763715e-06,3.5001255750573143e-09,0.009596713243616734,0.8229605469632187,7.493173296970833e-05,0.00023563112491665038,0.0002455051091757532,0.06202135427949518,1.926038266618976e-05,0.0009270652906077236,0.00019533052670877107,3.579483621126565e-07,0.002896902372911347,0.001032900150025675,0.00013939628169972227,0.002721552884580016,0.0002938802555096871,1.4647649047187547e-05,4.030627666418384e-05,0.0867595705790778,0.003067593769376204,0.0008700973349559173,0.005542006511487542,0.0003424952026299672,7.034069750167684e-08
32,1.619192833998957e-06,3.541449733785921e-09,0.007858066028954657,0.8338764651503361,8.119150368057917e-05,0.000272733025098565,0.0002495166757527403,0.04847326935629877,2.275976334397277e-05,0.0010923773889625788,0.00022511135190259052,3.609332179739715e-07,0.0025310843858597477,0.0013121770767229827,0.00016237401889777217,0.003095588357499376,0.0002956998885363953,1.3895947943986563e-05,3.852295728837183e-05,0.08943738695629926,0.0031132020561514128,0.0009360334007265797,0.006520229261447717,0.000390249775974789,8.20048191803494e-08
33,1.5330054348350531e-06,3.2816643361516468e-09,0.0062334209808301375,0.8535505255698513,6.35390299983488e-05,0.00023412523951808414,0.00024402043888906868,0.04724447346252961,1.9596001985809466e-05,0.0009756094013388019,0.0002201391550169766,4.6514368791960136e-07,0.0036383792488694877,0.0014016637985970973,9.615362917504305e-05,0.0033651281006080278,0.00039906915068645653,1.7721962910991948e-05,3.273820436509035e-05,0.07362714183863082,0.002317384571164951,0.0008437624415687846,0.005187903880823868,0.00028543596850426063,6.649334962239308e-08
34,2.116869434004104e-06,4.785624274286084e-09,0.008946959270458165,0.8389585461814365,9.473425479012436e-05,0.0002692353870108172,0.00023107477510220326,0.05015245925405117,2.542209947823637e-05,0.0010017621695192953,0.00029207059707785424,4.1727941925201946e-07,0.0030946698745193475,0.0013992691078197294,0.0001675379082576504,0.002769131393946476,0.0003179145652206033,1.4736106706344967e-05,4.6143716554624144e-05,0.08097352492479426,0.003043709592062677,0.0009239924884107534,0.006850238077663814,0.0004242452152066752,8.410543535702085e-08
35,2.161935412609434e-06,3.425292487504082e-09,0.007105417119505583,0.8397435545768788,6.57986542851279e-05,0.0001955726927709414,0.0002309326206390262,0.06182055621980108,2.308654077356652e-05,0.000989826321260923,0.00018957111133656232,3.877939032310934e-07,0.0027015515313200105,0.000991523170522627,0.00011299400025167402,0.002985409096899145,0.00035661835989393866,1.651448661754851e-05,3.5967560553246835e-05,0.07354718803976379,0.00255814768725573,0.0008259025693127185,0.0051533600921627055,0.0003478842333441193,7.016024279713367e-08
36,1.5651167853750629e-06,3.305912438346131e-09,0.00760490981267355,0.8453703931490084,7.790712363717321e-05,0.00025309373942265757,0.00023214517835848606,0.044894754043695036,2.184355438919627e-05,0.0010524471531122158,0.0002187555390454318,3.350228648712172e-07,0.0023723214576417385,0.001264105765915402,0.00015126231357651178,0.0029109072837636874,0.0002821575700235805,1.3599146960709913e-05,3.3950490577043254e-05,0.08286584981977704,0.002980393124386849,0.0008482175934641339,0.006154766081634259,0.00039423924346695553,7.736990718844124e-08
37,1.5409995798358144e-06,3.380166415987218e-09,0.007511566090951098,0.8426068095029451,7.887314407385982e-05,0.00026038552217633464,0.0002378753968683242,0.04613250111286262,2.2405145028232062e-05,0.0010596625384273685,0.0002187987350017816,3.4281526118365523e-07,0.002440563220758688,0.0012742654797225058,0.0001536708286001553,0.0030101817927269,0.0002876584102465317,1.3384550741028147e-05,3.50109347705419e-05,0.08408716657904718,0.0030095074927935727,0.0008704270279674748,0.006303477474781914,0.00038384386635190865,7.795814941645052e-08
38,1.5609632498764292e-06,3.490134830985916e-09,0.007191766694850601,0.8197394954046132,7.572346160502942e-05,0.0003444696673409814,0.0003086028523015684,0.052773224368125364,2.0260294747035778e-05,0.0011008924462467123,0.0002344406734215985,4.122092433148499e-07,0.0028666515489222783,0.001240564376841056,0.00018292987399274007,0.004378223280820227,0.0003233836237289577,1.4115635309050662e-05,4.4722106077414874e-05,0.0971044699110657,0.0034919903278602194,0.0009136991915977326,0.007290741322077865,0.00035757861618557023,7.76596410909448e-08
39,1.4855647666731944e-06,3.373821650320476e-09,0.007469622029367474,0.8668482518179886,7.491146584208663e-05,0.00026059832444658474,0.00019049170939991114,0.033675720155555464,2.4120823294419997e-05,0.0010713370600504309,0.0002520101637869518,3.1691302606099655e-07,0.0022422940023671535,0.0014390107979490902,0.0001422995143681993,0.0026266871667426227,0.0002919505368949514,1.3245298150798088e-05,2.7486491509020232e-05,0.07391115991954139,0.00248919900151432,0.0007611013484363761,0.005707082702102749,0.00047954371053932413,7.010853766238253e-08
40,1.3223448687943339e-06,1.8148973664999388e-09,0.004154826227986636,0.8660744068424946,4.3817861327961073e-05,0.00017340860618336734,0.00021351402406863862,0.04800539752261172,2.204546945600477e-05,0.0009637527794184863,0.0001682807585769079,1.9950356848541519e-07,0.0019229069060235746,0.0007972721377442658,0.00010966521625412243,0.0032389592761120126,0.0002813764041337895,1.0145592074688399e-05,2.2495394726549597e-05,0.06452369874105851,0.00215816839017677,0.0006113080442027925,0.006118110499618981,0.0003848656075451784,5.4034869826686635e-08
41,1.821188402897612e-06,2.942297140304827e-09,0.007677045256839252,0.7865215562810381,7.463787974478703e-05,0.00026530922421930835,0.00034832261617044646,0.05329351217477674,1.6802924582466533e-05,0.001234845745300215,0.00024249046730523543,4.3954445062963906e-07,0.0023610901670618532,0.0017129611604424686,0.0002014056599013697,0.002988510413874485,0.0002825222410487084,2.1488121780162338e-05,4.784982094022474e-05,0.12866485159964777,0.004373371193417843,0.001394598045411334,0.007872981845662373,0.0004014624248401854,1.210608440805356e-07
42,1.6161052794948539e-06,3.357847244871627e-09,0.0020065060866729925,0.9079261054591504,0.00011015792234176589,0.00027054709788837004,0.00015747658222144053,0.002282540146340314,4.0795403065771296e-05,0.0008925328186870187,0.0003724019356403933,3.315152695297043e-07,0.0013346530863809684,0.00541504187081769,4.427455626354138e-05,0.00221932865293224,0.00023151194202839583,6.38783188633929e-05,3.74279206089338e-06,0.061266606580061486,0.0009090334080294996,0.0001408822655718081,0.013116849128176072,0.0011927299367122304,4.5303169705676057e-07
43,1.5612115846891334e-06,3.010934558031185e-09,0.006836449242785804,0.8041238666643882,7.365692584938395e-05,0.0002792766180256946,0.0002473554860565779,0.048454474047500404,3.0759805025889843e-05,0.001694761893161272,0.00019057426107043325,2.717711139237223e-07,0.0017591503413586329,0.0013712366281895566,0.00017672503832709703,0.0033806226533004222,0.0002983577027965802,1.2782703052735635e-05,3.597007429784905e-05,0.11882914805946744,0.0032028976531319362,0.0011472199334500552,0.007344449891969274,0.0005083330549943971,9.532816722602747e-08
44,1.5572758388154178e-06,3.29917612389162e-09,0.007538714061386399,0.8446656839047972,7.708265705032209e-05,0.00025407467320128814,0.0002335136998169964,0.04553199298857395,2.204566862160572e-05,0.0010534992205371298,0.0002168339495412424,3.3633602784328604e-07,0.002396932406443034,0.0012606423193738802,0.00015058762261147254,0.002943904865361761,0.0002865908403627872,1.3545425187923911e-05,3.407115349567413e-05,0.08296713408009784,0.0029474897565710738,0.0008565406638038188,0.00615675751563792,0.00039038852770172084,7.708878225763392e-08
45,1.5955591373386594e-06,3.462427139363429e-09,0.007489090654433294,0.8464493840736838,8.087950255113803e-05,0.0002568684968990613,0.00023059543724254712,0.04279532878254643,2.2174262409549102e-05,0.0010621639908549305,0.00022624050867027764,3.576054440537247e-07,0.0024324011394865697,0.001366084653377882,0.00014582290725475867,0.0028920846575104936,0.00028989949590272875,1.4616440515477982e-05,3.366105686991922e-05,0.08366690098306548,0.002994952510236677,0.0008527304578258588,0.006302689439104475,0.00039339181038144255,8.211216889797471e-08
46,1.6633424745738063e-06,5.213269808355544e-09,0.00980320214001968,0.7786133938680935,0.00016001717952154318,0.0003034277025986853,0.0003623617776053002,0.04306240221639375,2.6188389144783553e-05,0.0014193379432638844,0.00026195570992976794,5.329145400400096e-07,0.002718641811921538,0.0021628545060484675,0.00019945859029078315,0.0031307517140067354,0.0002222878170786108,1.9932170061953043e-05,5.541991250711071e-05,0.14284910679156107,0.004751472197371787,0.001220203712197014,0.008310357874678959,0.000344871105624973,1.533997958174468e-07
47,1.7916663002305413e-06,3.820755425845141e-09,0.00790419442156437,0.8240599061757622,7.935529036620836e-05,0.0002749096180774468,0.0002666295986982119,0.05417921717748931,2.3701674370204304e-05,0.001146565801013491,0.00022505328430849815,4.0472206490200804e-07,0.002731271390184379,0.0012940917157576856,0.00016113315816102423,0.0032247302947289954,0.00032420878444689024,1.5151504337850285e-05,4.203579887410945e-05,0.09313105817641201,0.003192172057207195,0.0010166812790212275,0.006317694123054663,0.0003879539831169612,8.44839266210546e-08
48,1.523186214671906e-06,3.1288503958737304e-09,0.007509587894947695,0.8455516992616998,8.115063999217584e-05,0.00024425939306848784,0.00022844723046870088,0.0408668933844923,2.118629127191131e-05,0.001115642561673967,0.00021957434679774335,3.290541459695305e-07,0.002149091672156417,0.001360976561398218,0.00015197031174544938,0.002878527172410434,0.00026230442016662967,1.4481844766050519e-05,3.181157429558742e-05,0.08672957754058536,0.0030872937388280453,0.0008534833168935675,0.006230425991869004,0.00040967707640603005,8.240485533842563e-08
49,1.6656017997769097e-06,4.08085976834767e-09,0.009890708264762854,0.8251216899314098,8.821431396321839e-05,0.0003186266103127773,0.00025633121285843644,0.045466417876289286,2.1095434998541213e-05,0.001160262728893393,0.00023403927715657998,4.2865744216499287e-07,0.0025971639551054158,0.001510332273924331,0.00017237269121117755,0.0028840250509724018,0.00030860873419904285,1.6235945060711694e-05,4.0508203264926855e-05,0.09913324456002023,0.0034625428055037478,0.0010472685078518568,0.005866568209501779,0.00040155708495019914,8.798768770432283e-08
50,1.5197398273579802e-06,3.3628769381555947e-09,0.007851366866558549,0.8655910105332996,7.896869777604158e-05,0.0002670150286022209,0.00018701704024687643,0.038813757545652076,1.9856624601949068e-05,0.0008660001753785087,0.00024177008035665466,3.3764413012048233e-07,0.002425783851740753,0.0012010346736183542,0.00014267993583834255,0.002805172882096223,0.00028108830546360664,1.2501738908592174e-05,3.0279685661146586e-05,0.06943135575321381,0.00279045744671634,0.0006845200604577388,0.005879069181509205,0.0003973710628152423,6.208265364804674e-08
51,1.280676986428983e-06,2.9086882497280115e-09,0.006561394088227299,0.895067970539172,6.350124680616417e-05,0.00018231870365017724,0.00016755924342010863,0.03648261275308848,1.8234045846287126e-05,0.0008063746830017865,0.0002084659930879821,2.666675405888786e-07,0.002103911757095031,0.00099762749545692,0.00011536422810819417,0.002206406897930088,0.0002528138056174708,1.013994764121548e-05,2.2181592473048347e-05,0.04710935549103196,0.0024145934375636798,0.0005832648365806596,0.004283936356947563,0.000340374514935363,4.808910345057233e-08
52,1.771599203682685e-06,7.457814336658317e-09,0.009665165698057119,0.7846123496319826,0.00011368087996884091,0.00035607124946395276,0.0004369104472824791,0.08532231512815439,2.7421543860841752e-05,0.0010303377291585643,0.00023572595689643942,5.331609469815819e-07,0.003354419844747026,0.0013767374810934195,0.0002777407839515042,0.0028726035012141167,0.00032536922399751194,1.2153693665933184e-05,7.295999074100073e-05,0.09367269186350842,0.005762594308729947,0.0014823472235334584,0.008740725828226001,0.0002472422120015658,1.235617997936854e-07
53,1.9124328860220036e-06,4.606351326438209e-09,0.01432619375599909,0.8829826558999417,9.513074981870573e-05,0.0002760859945832034,0.00010825387151678335,0.03554691571586097,1.3433660187137954e-05,0.0007962268571205205,0.00030317637539935315,4.237942401563917e-07,0.0027625497219147727,0.0012326047742782344,0.0001224918073639698,0.002092964073795943,0.0003035024865641177,1.2645832560349092e-05,3.5070034158546564e-05,0.051610538388268304,0.003006396289565086,0.0006525798287198107,0.0033332153068279607,0.00038499069572029635,3.704635760108458e-08
54,1.7987143429649825e-06,4.578187958033265e-09,0.006235757609932245,0.821385450318344,8.582782726325608e-05,0.0003119895767530852,0.00033529589904448046,0.04922505884299065,2.903042828214737e-05,0.0014490896426579182,0.00022615810934975967,4.7022353913909505e-07,0.002574602849613239,0.001618733830549612,0.00017434416417578047,0.004066374929224943,0.0003502179674169423,1.7806090448720317e-05,4.199606066986851e-05,0.09925079853512037,0.003502487491569274,0.001081781587427546,0.007641181331608565,0.00039362073057924604,1.2266090844407333e-07
55,2.1557432935184394e-06,6.065265679621666e-09,0.007281275271581708,0.8444272711477523,0.00011993639998484091,0.0002585563488110379,0.00033354140192528344,0.04392611756332842,2.5511878559176344e-05,0.001003320877754015,0.00025787732213552984,7.82887111144322e-07,0.00329064133093689,0.0015180708494579747,0.000136511937809689,0.003446028561596434,0.00031870578313788144,2.570096783297929e-05,4.059358031596365e-05,0.082877644863373,0.003688147168612321,0.000802645042082779,0.0059003444842685585,0.00031848906388937397,1.234591836467193e-07
56,1.5977516020381912e-06,3.615181949191986e-09,0.007625638175696831,0.8458969255798937,7.932662118910424e-05,0.00025845482184735794,0.0002382535472070813,0.046129767941923264,2.2553229618833417e-05,0.0010320954610555696,0.00022657322394246962,3.6599042190072785e-07,0.002636968345526959,0.0012899030270667289,0.00014744719921271752,0.0029486839060842204,0.00029973915045769034,1.3955140673926187e-05,3.5274518264998505e-05,0.08086324743202207,0.0029310657089866134,0.0008597136718705927,0.00608417425269929,0.000378193996185361,7.76913685791318e-08
57,1.923567191264728e-06,4.722336543439522e-09,0.010538165173019889,0.7887823113047681,0.00011091444296159416,0.00031470227877388124,0.00030591346785595075,0.06391387738855384,2.0182030383454657e-05,0.0011496575499418697,0.00026256824786503207,5.866125310597379e-07,0.003406463038172266,0.0014700926436161043,0.00019083788676252654,0.0035836651347514697,0.00031529621368365216,1.7164306946978072e-05,6.652580011494932e-05,0.11322956929228555,0.004304656613741608,0.001294722916749241,0.006401511871414314,0.0003185994878669281,8.800771192738311e-08
58,1.56800651948242e-06,3.2099092891172383e-09,0.007576494656973354,0.8489114711986124,7.302449098290826e-05,0.00025580202377291686,0.00022650034817619472,0.04380147530717671,2.217996982380849e-05,0.001078599991777652,0.00022109380285450668,3.1799505377967235e-07,0.002284769511994433,0.0012303755647499483,0.00015558989759540258,0.0029416616608270102,0.0002862874530890013,1.3208497318445314e-05,3.270543419562954e-05,0.08079557945795614,0.0028467971752675417,0.0008379916857082134,0.005974211861128411,0.00043221612896123305,7.466957536263887e-08
59,1.6075102887174425e-06,3.1924874512342937e-09,0.00796556891411396,0.8479032521091094,7.29038650270746e-05,0.0002560730776015993,0.00022379669076233607,0.04332728774587374,2.2247474206014126e-05,0.0011067219812509654,0.00021812431405699952,3.0398614708917506e-07,0.0021313243193068847,0.0012156219241626328,0.00016139609544550416,0.002854133109401928,0.0002838581213102902,1.3265685171087147e-05,3.2199907874350636e-05,0.08207679648618095,0.0028883020591524942,0.0008410692492379711,0.005948155584367478,0.0004559102963410135,7.630112197720584e-08
60,1.5572758388154178e-06,3.29917612389162e-09,0.007538714061386399,0.8446656839047972,7.708265705032209e-05,0.00025407467320128814,0.0002335136998169964,0.04553199298857395,2.204566862160572e-05,0.0010534992205371298,0.0002168339495412424,3.3633602784328604e-07,0.002396932406443034,0.0012606423193738802,0.00015058762261147254,0.002943904865361761,0.0002865908403627872,1.3545425187923911e-05,3.407115349567413e-05,0.08296713408009784,0.0029474897565710738,0.0008565406638038188,0.00615675751563792,0.00039038852770172084,7.708878225763392e-08
61,1.6079831808410917e-06,3.17986007513089e-09,0.008284458120061703,0.8476071409032857,7.287635033875802e-05,0.0002552569408331104,0.00021746523279684337,0.04467414976682435,2.1267851793423493e-05,0.0010596077417425022,0.00021640259299465935,3.084513541250284e-07,0.0022200897706178115,0.0011919166344107552,0.0001568585585170281,0.0028185605210108463,0.00028421535630205756,1.310620385754142e-05,3.294107005559153e-05,0.08096669514199838,0.002865625437176667,0.0008350879027438237,0.0057673433604162406,0.0004369431653657096,7.176246116558443e-08
62,1.5572758388154178e-06,3.29917612389162e-09,0.007538714061386399,0.8446656839047972,7.708265705032209e-05,0.00025407467320128814,0.0002335136998169964,0.04553199298857395,2.204566862160572e-05,0.0010534992205371298,0.0002168339495412424,3.3633602784328604e-07,0.002396932406443034,0.0012606423193738802,0.00015058762261147254,0.002943904865361761,0.0002865908403627872,1.3545425187923911e-05,3.407115349567413e-05,0.08296713408009784,0.0029474897565710738,0.0008565406638038188,0.00615675751563792,0.00039038852770172084,7.708878225763392e-08
63,1.5815322960716269e-06,3.4434100684493915e-09,0.007587409792196429,0.8450055668365595,7.834701706253147e-05,0.00025577796491406857,0.0002355343479611242,0.045712691663849295,2.251083053718614e-05,0.0010558311255428993,0.00022031712685373985,3.459180201097639e-07,0.002442726558515544,0.001273293130754538,0.00015165725008258927,0.0029316834467617453,0.00029009538817043143,1.3676380757519553e-05,3.445254953296306e-05,0.08232026704649614,0.0029654892393870466,0.0008632399840434095,0.006146711469042138,0.0003907117304576597,7.822679558900792e-08
64,1.5698107336466295e-06,3.487021367298877e-09,0.0077185400703106526,0.8437872594419058,8.206139510355214e-05,0.00025016741109408003,0.00024452663768491774,0.046544174671391374,2.074509510541966e-05,0.0010567619033589183,0.0002238938389728776,3.5000096491189136e-07,0.002312956521725376,0.0012407410526819403,0.0001632274291526575,0.0028707541993388546,0.00026810135941456503,1.348190328174049e-05,3.562287169146852e-05,0.08224853648521858,0.003466442760176201,0.000875585014439906,0.00619592073310651,0.00037849711917293995,7.878695184889687e-08
65,2.0789779591259853e-06,3.6505642649681272e-09,0.00432049256772183,0.8198343912720243,8.953051016591513e-05,0.00024803651718404275,0.0002787814779973245,0.03687774911515985,3.2760747263893245e-05,0.0012780101781996954,0.00024322300893027168,5.934375911216054e-07,0.003170962297606048,0.0018958297629068038,8.459296408147767e-05,0.0043951171987023354,0.0003809637610395057,2.9670700586764666e-05,3.314175911912534e-05,0.11458296562383821,0.0024586394053495433,0.0007881214340456624,0.008578749901934175,0.00039546282772198656,1.309023066611744e-07
66,1.743127111007693e-06,3.516261966195041e-09,0.0075470568191804074,0.8173740454981947,6.979340929611738e-05,0.0002902127901864378,0.0002861121053653469,0.05604552961862477,2.684946228243447e-05,0.0010778155140082112,0.00020843421143800964,3.2531997136021554e-07,0.002471288514606238,0.0012282844510334609,0.00018197476483189143,0.003034332935703375,0.00032158054060727804,1.3597655548591438e-05,3.970974203794053e-05,0.09767628227184262,0.0029550851100837044,0.001003593486472199,0.007712129737828992,0.0004341246787383676,9.471874466241306e-08
67,1.602081334185987e-06,3.257641098048728e-09,0.007426311234414756,0.7965383661018295,7.387791708497195e-05,0.0003629828547683539,0.0002841471424783361,0.0412288532518831,2.3836507372265475e-05,0.0013822674930686631,0.00023221447376607187,3.4804020808813134e-07,0.0023063783055009474,0.0017380653689566931,0.0001831217861305259,0.0033321871318867987,0.0003082591976380488,1.705635216622338e-05,3.771937365487196e-05,0.13092958125318774,0.003395870584006527,0.0010846115477648462,0.008599261780292406,0.0005129618695596117,1.1509340557019068e-07
68,1.557217585905901e-06,3.3048582848408734e-09,0.007499113313329868,0.8457029658524869,7.706644942568937e-05,0.0002544958846701286,0.00023201029985167327,0.04521996385822201,2.2206501370096173e-05,0.0010619935671947209,0.00021753086010453825,3.3279290779884865e-07,0.0023595889718217135,0.0012612251637176507,0.00015220931711158438,0.0029471638754448234,0.00028659581692777245,1.3399843352831767e-05,3.3920034597053765e-05,0.08228289439165884,0.002945377482089224,0.0008585743680499287,0.00617489876282404,0.0003948348418595521,7.72285372937477e-08
69,1.2369805071806136e-06,2.509525582529877e-09,0.006004769460187405,0.9039649231740792,6.873228710163815e-05,0.0001544161613976141,0.00016142200719343754,0.03388288977355794,2.122382252901802e-05,0.0008350720743262255,0.0001663954446168254,2.155740047287688e-07,0.0015959193864856695,0.0008513942593339378,0.00010991189965435805,0.0025551727618762263,0.00023216634806034068,9.78312118883316e-06,1.7958502269603184e-05,0.04241509174493361,0.0019484279494490439,0.0004912483896138916,0.004165106836604548,0.0003464652542177698,5.4277285549415234e-08
70,2.6468950380727652e-06,6.326998895585704e-09,0.010842369577473924,0.8428476215530031,9.039784330711452e-05,0.00024475921114636455,0.00029835983626463306,0.06378674567068475,1.5057551456746722e-05,0.0008618295933526306,0.0003570503500968861,6.298453654742101e-07,0.003427436837910624,0.0012917737198639085,0.00021792795010131596,0.0022410319548648145,0.0003171365513712973,1.7943105494934275e-05,6.0235250959451416e-05,0.0615385340430389,0.00504919003043951,0.0011260036055503546,0.0050385722067461825,0.0003266627738396947,7.771563062664249e-08
71,1.340540984606083e-06,3.230389117407545e-09,0.011687988391599055,0.8616064712886096,6.49012125391525e-05,0.0003140704928405531,0.00020956598689884416,0.03861408687142634,1.564473807479988e-05,0.0009309208681772277,0.0002407446397493713,2.9195065637343995e-07,0.002255420526915378,0.0013204416764859889,0.00018310098464685093,0.002196869339962724,0.00030322403609949974,1.1852009703768992e-05,3.213888863039557e-05,0.07096481450628733,0.0029204072405051916,0.0009051554448916938,0.004793347165392135,0.00042713792088700675,6.004764709206623e-08
