,0,1,2,3,4,5,6,7,8,9,10,11,12,13,14,15,16,17,18,19,20,21,22,23,24
0,5.236879821488804e-09,4.174694740358871e-06,3.930479940799782e-07,0.4577403541673053,1.3491656445067934e-05,2.937086296337787e-06,8.150491415141479e-06,1.9249746682994347e-05,7.149530030503379e-08,0.0003345903887554282,1.992907844132798e-06,2.801042476726216e-05,1.4461297956473743e-05,0.32731143326582335,8.23531424768772e-10,0.00016011375583050883,4.380668688634581e-05,1.092311840894913e-05,1.407498694987034e-10,0.19857096406749958,1.828509317507314e-05,2.7159131994692033e-08,0.015673151621421855,1.1522218462808785e-06,4.225940331222495e-05
1,4.81298040627316e-09,3.9235376437840815e-06,3.4638232047502503e-07,0.372730354141654,1.9912030578340663e-05,4.22220495029288e-06,5.960942078009526e-06,2.2640478624184828e-05,1.2282514150269012e-07,0.00029048102965454817,1.9861626194421243e-06,2.3377010919864466e-05,2.822258400857339e-05,0.21795196305787096,1.3222432071109849e-09,0.00036251485754336757,6.711387899683852e-05,1.0108938800370415e-05,2.1953804055821049e-10,0.3975784425749244,2.2938374475444563e-05,3.166772729417994e-08,0.0108426320047878,1.5813970923936624e-06,3.111756282639595e-05
2,5.167111350455192e-09,3.829625106139796e-06,2.820089980916595e-07,0.3069056166984612,2.6076050594503328e-05,3.7846234019642113e-06,5.952480281421258e-06,2.0075381503701795e-05,1.0658657324407637e-07,0.00025528183646682197,1.97503277374879e-06,2.1304172810309853e-05,3.01399522314644e-05,0.25606269948366833,1.3240275568329553e-09,0.0003046393913037161,7.86679804839453e-05,1.05205146909973e-05,1.8495216506691748e-10,0.42511955109964555,1.9536801560701027e-05,2.798893149305486e-08,0.011090883163831312,1.3119758330174959e-06,3.773047475688714e-05
3,4.895867349863617e-09,3.860331361185767e-06,3.209520629191123e-07,0.3673645788706431,2.1546859448668866e-05,4.13034271684134e-06,6.046241928713461e-06,2.1226297991093924e-05,1.1198848813882913e-07,0.0002720989818627601,2.0807548376147143e-06,2.2889388123157085e-05,2.7832002633492783e-05,0.246191669262767,1.2332178995730203e-09,0.0003106673285357947,7.42491363745206e-05,1.0485875207987477e-05,2.0131184651309108e-10,0.3735739590633178,2.2261861619052015e-05,3.151674570518883e-08,0.01203432997458382,1.5063357534010539e-06,3.411030260007822e-05
4,5.3914892620553085e-09,3.96098198912287e-06,3.2673858679281657e-07,0.3582190804565864,2.2049557681278946e-05,4.112763906557472e-06,6.021279250570655e-06,2.0566794047118398e-05,1.2096100192285137e-07,0.0002606857289334774,2.0369622901024884e-06,2.4889087787662165e-05,3.233169105624719e-05,0.24960282111446672,1.2468916985351561e-09,0.0003091150369477411,8.01173470429734e-05,1.0982119556782044e-05,2.127336689512917e-10,0.37987477820647225,2.318761444725991e-05,3.281440992213863e-08,0.011465297734788563,1.5452145290454134e-06,3.5932943106924723e-05
5,4.842086422238886e-09,3.709786509983924e-06,3.0855561504785787e-07,0.38550788335206815,1.890149262223245e-05,4.090347143840793e-06,5.663579081261593e-06,2.016523537209441e-05,1.1197109955615472e-07,0.00027805913828242017,1.9115417633420643e-06,2.3041423044779087e-05,2.7444563194543743e-05,0.24400020131126743,1.1635075643375318e-09,0.00031076246218488397,7.215521424207383e-05,1.1398768674871401e-05,1.931165779966187e-10,0.3585266563332324,2.247382461200147e-05,3.2327124170037016e-08,0.011130115278884132,1.5029772545112178e-06,3.340431801562988e-05
6,4.895867349863617e-09,3.860331361185767e-06,3.209520629191123e-07,0.3673645788706431,2.1546859448668866e-05,4.13034271684134e-06,6.046241928713461e-06,2.1226297991093924e-05,1.1198848813882913e-07,0.0002720989818627601,2.0807548376147143e-06,2.2889388123157085e-05,2.7832002633492783e-05,0.246191669262767,1.2332178995730203e-09,0.0003106673285357947,7.42491363745206e-05,1.0485875207987477e-05,2.0131184651309108e-10,0.3735739590633178,2.2261861619052015e-05,3.151674570518883e-08,0.01203432997458382,1.5063357534010539e-06,3.411030260007822e-05
7,6.79462183751531e-09,4.087659296415236e-06,4.337595044310091e-07,0.3564702826874882,2.4237750878321904e-05,4.246589037363004e-06,6.804938676810166e-06,2.2731825315256403e-05,1.2010724247225762e-07,0.00027639985805175333,2.244727320108003e-06,2.3926944584213054e-05,3.2887521203863196e-05,0.23433441020021462,1.1801258690631253e-09,0.00028771109587032514,7.530911327122699e-05,1.1275653140052828e-05,2.2245674572258688e-10,0.3958066829448706,2.089913542194255e-05,2.771163152691899e-08,0.012557135997052861,1.7598667791529684e-06,3.637571594422064e-05
8,2.9596284943642543e-09,1.5806650152846048e-06,1.1663931177880366e-07,0.1740528416803276,3.556034728288533e-05,6.61603752585557e-06,4.184434879018625e-06,1.6752947449658975e-05,2.1394977824448642e-07,0.0002014786050706108,1.8845257667932699e-06,2.5996678647489218e-05,0.00012576387368828872,0.19882297374335317,5.150853057925351e-09,0.0010116313954088175,0.00048767577767907204,2.6538975924021516e-05,2.8227926425748237e-10,0.620254710283237,7.715710317992666e-05,1.9692158853149394e-07,0.004786033004663853,1.2600398253925159e-06,5.882397763589088e-05
9,6.857602120782111e-09,1.3533205690518164e-06,1.5187481883740788e-07,0.08845998807787157,0.00010794215215389076,4.952007373737602e-06,6.7862379910590236e-06,2.7502575675063238e-05,1.1571266651646683e-07,0.0001156295667222094,3.890610827124527e-06,1.9289803201688422e-05,0.00014955309475583894,0.299502233572611,3.775186645019178e-09,0.0004362192508201892,0.0006093091366798468,2.1124709414683823e-05,2.562778955423138e-10,0.6026904411551272,2.5694908630498202e-05,8.418304198252942e-08,0.007743176790990877,1.0471991737057963e-06,7.350316981690403e-05
10,4.895867349863617e-09,3.860331361185767e-06,3.209520629191123e-07,0.3673645788706431,2.1546859448668866e-05,4.13034271684134e-06,6.046241928713461e-06,2.1226297991093924e-05,1.1198848813882913e-07,0.0002720989818627601,2.0807548376147143e-06,2.2889388123157085e-05,2.7832002633492783e-05,0.246191669262767,1.2332178995730203e-09,0.0003106673285357947,7.42491363745206e-05,1.0485875207987477e-05,2.0131184651309108e-10,0.3735739590633178,2.2261861619052015e-05,3.151674570518883e-08,0.01203432997458382,1.5063357534010539e-06,3.411030260007822e-05
11,5.2739112586897445e-09,3.9428640639893e-06,3.300295894857784e-07,0.3608786739474026,2.2219298292956205e-05,4.128127553487499e-06,6.074702897175757e-06,2.0970315370057205e-05,1.1792830763656588e-07,0.00026679948799043974,2.060703039421217e-06,2.377032158012856e-05,3.0524773988585796e-05,0.2432219752769595,1.2487598254666398e-09,0.0003121343333819857,7.723171549825043e-05,1.0746865813982516e-05,2.093419237968105e-10,0.38331947680911443,2.2584632162603676e-05,3.1813898044252896e-08,0.011739658025011626,1.5548993706178237e-06,3.4986396700043285e-05
12,3.4766758965649277e-09,4.017236402650391e-06,9.625920920851152e-07,0.6444668932309269,8.549975056888526e-06,4.177242570461673e-06,8.345405967365443e-06,4.7771984750150395e-05,1.8570588615002787e-07,0.00034985625629263084,2.9598602385286335e-06,3.426050981173776e-05,1.538711246931379e-05,0.07379468144274419,1.7573233705374556e-09,0.000666194687018984,2.0384969997787076e-05,4.334711647175575e-06,4.3371038826014136e-10,0.26783729139432033,2.679232303796773e-05,4.934744044567227e-08,0.012692533133275438,4.050925592391195e-06,1.0314284750962608e-05
13,4.886568076890334e-09,3.526095200463975e-06,3.489660887519161e-07,0.3548801203409791,2.2907415179615503e-05,3.588686892328665e-06,7.932368265618366e-06,2.758501678249385e-05,9.824066200369806e-08,0.00023578150805035085,2.8541828012296644e-06,2.959084906974296e-05,2.7270060835026766e-05,0.3372659080526661,1.2030958098234334e-09,0.00026273578681720286,7.048894102471668e-05,9.906955114646027e-06,1.9343694780594268e-10,0.29333910757638065,2.159145336174995e-05,3.608078958158039e-08,0.013751823450498782,1.383944436962887e-06,3.5407745002030866e-05
14,4.09658127149415e-09,2.1066153119799308e-06,5.313138379235334e-07,0.4742825893464159,1.1839527827922235e-05,4.027509168632642e-06,4.9689685694823344e-06,2.116682121137843e-05,1.074758282547134e-07,0.00020957317665397376,1.5449238246171211e-06,3.161218497515554e-05,3.963239080288882e-05,0.16377536166770423,1.140851337103931e-09,0.0002944637867922169,8.862982830991998e-05,9.591226282680697e-06,1.4967826367401712e-10,0.34838791417059123,3.056085190803232e-05,3.662447357432087e-08,0.012763783912556273,1.4734084655672415e-06,3.8478881377271914e-05
15,4.895867349863617e-09,3.860331361185767e-06,3.209520629191123e-07,0.3673645788706431,2.1546859448668866e-05,4.13034271684134e-06,6.046241928713461e-06,2.1226297991093924e-05,1.1198848813882913e-07,0.0002720989818627601,2.0807548376147143e-06,2.2889388123157085e-05,2.7832002633492783e-05,0.246191669262767,1.2332178995730203e-09,0.0003106673285357947,7.42491363745206e-05,1.0485875207987477e-05,2.0131184651309108e-10,0.3735739590633178,2.2261861619052015e-05,3.151674570518883e-08,0.01203432997458382,1.5063357534010539e-06,3.411030260007822e-05
16,5.704037713028143e-09,3.679806979142421e-06,3.9044544188313935e-07,0.3746632951923224,2.384384030910507e-05,4.643336725240001e-06,5.833903032422711e-06,2.096602245595358e-05,1.1073626434762974e-07,0.00024472594339232433,2.433943261021948e-06,1.9846678010773003e-05,2.8486643650923787e-05,0.23423345087416195,1.1221460887203357e-09,0.0002876187382365145,7.895970499853382e-05,1.0364034941868192e-05,1.950211672807256e-10,0.37692146831236584,1.8595907929012996e-05,2.6691638454760537e-08,0.013396150709586146,1.725185840962024e-06,3.337632725019791e-05
17,6.148872291518795e-09,4.995052271335413e-06,6.001258363935727e-07,0.45911531530515565,1.880834668817024e-05,7.376210447963271e-06,6.128018596098552e-06,2.3604362742620094e-05,1.5695174643504151e-07,0.0004324171895949506,2.4356426923543523e-06,1.5653950172481783e-05,1.808220580346235e-05,0.1400461220069967,1.796412571497127e-09,0.00044113361349226764,4.636290466989374e-05,1.1540331986418868e-05,3.0445721102263924e-10,0.38847859528888595,2.289202498123785e-05,2.5024456268974346e-08,0.011277174627506981,2.4786011525851895e-06,2.8093964381769148e-05
18,4.861559623192073e-09,3.9144547925455035e-06,3.3207026652589956e-07,0.376974465926837,2.1151004705473862e-05,4.203710927999803e-06,6.002873472499898e-06,2.181597193880039e-05,1.1376452424823952e-07,0.00027206608499651667,2.1297178299698924e-06,2.25877072248446e-05,2.6977455526224827e-05,0.23790327188701754,1.228080540592586e-09,0.00031898582462613987,7.09375265126602e-05,1.0081917783877521e-05,2.068356112387597e-10,0.3721601824580599,2.1932157681713914e-05,3.106400611842711e-08,0.012125068804698777,1.5723817066822945e-06,3.21689383881758e-05
19,3.9517402869396994e-09,2.7373309247771303e-06,1.7981241768552544e-07,0.22995134436678008,3.0602788335126524e-05,6.554696053051774e-06,3.1884450505185616e-06,1.7249029378522578e-05,6.657208153599743e-08,0.00026659474736231336,2.5507094707876532e-06,8.340725769138906e-06,2.4777110564811135e-05,0.2793669501623651,8.929301838489791e-10,0.0002742806446472733,0.00011732005814956404,1.1702948535161051e-05,1.9425273792775962e-10,0.47494248229341596,1.697094406056807e-05,2.141200655043222e-08,0.014926855094071285,1.560494289770088e-06,2.766457534696239e-05
20,5.311060173436742e-09,3.909453302028878e-06,3.1087573591943624e-07,0.34586312185936813,2.4058723857747728e-05,4.190903650242749e-06,5.600615997347781e-06,1.769532111169581e-05,1.1074239109920569e-07,0.0002558519688663751,1.988750896011268e-06,2.0269189290256587e-05,2.8930786226572456e-05,0.24352116434835497,1.0163123413650644e-09,0.0002811205107922089,7.596712068052609e-05,1.024396540391405e-05,1.8740205734519758e-10,0.39737660197471036,2.090121043161988e-05,2.470600022830967e-08,0.01245210739965087,1.5669813100140107e-06,3.42560771973282e-05
21,1.1566719508140458e-08,3.2780913522989916e-06,1.481007787165639e-06,0.30193231297066814,0.00018392004717640765,1.5086131164721624e-05,3.106735796110657e-05,4.537477911691255e-05,1.0975367666357655e-07,0.00033862320073483346,1.4217531822366794e-05,1.8221833571718954e-05,4.473877756747026e-05,0.23109132561289933,4.55590082383934e-09,0.00019186057823028282,0.0005555067292999561,1.619632259945692e-05,4.263532197089347e-10,0.34906691797876654,6.404816047144263e-05,8.010188365715853e-08,0.11622668377073757,3.471805121435432e-06,0.00015546090841707123
22,4.826401887091276e-09,3.884553457348711e-06,3.1822062379199617e-07,0.36745491418465337,2.1506849924653386e-05,4.06465489801148e-06,6.070791865038403e-06,2.108949947136843e-05,1.1204894682473449e-07,0.00027079860908985634,2.0621455272931697e-06,2.3101264397284968e-05,2.779313473540369e-05,0.2451322848306345,1.2300519109143697e-09,0.000310685743872227,7.33562331125539e-05,1.0243902625955389e-05,2.006886911096385e-10,0.37450817398904707,2.2293180863212968e-05,3.14203010349904e-08,0.012071800435990997,1.4995956903917665e-06,3.390845312939201e-05
23,4.895867349863617e-09,3.860331361185767e-06,3.209520629191123e-07,0.3673645788706431,2.1546859448668866e-05,4.13034271684134e-06,6.046241928713461e-06,2.1226297991093924e-05,1.1198848813882913e-07,0.0002720989818627601,2.0807548376147143e-06,2.2889388123157085e-05,2.7832002633492783e-05,0.246191669262767,1.2332178995730203e-09,0.0003106673285357947,7.42491363745206e-05,1.0485875207987477e-05,2.0131184651309108e-10,0.3735739590633178,2.2261861619052015e-05,3.151674570518883e-08,0.01203432997458382,1.5063357534010539e-06,3.411030260007822e-05
24,5.287163175064462e-09,3.5789944188278326e-06,4.707738868659366e-07,0.36486392535189904,2.792764627975316e-05,4.864736883767265e-06,8.739461927525622e-06,2.6502305231674047e-05,1.291342326241418e-07,0.00029879877621191177,2.6934521663604676e-06,2.7326276149231234e-05,3.290114288436629e-05,0.22067124114839498,1.9042418002865864e-09,0.00035598922194799256,8.872189420201234e-05,1.0889011421661042e-05,2.3351413081725077e-10,0.3979639000401035,3.119809395389915e-05,4.0529924870582735e-08,0.01553352360033113,1.7124318461483672e-06,4.491855078262817e-05
25,1.667745060523998e-08,6.944004885087625e-06,8.066337543057908e-07,0.19186535267860008,4.12877743412229e-05,6.065881665503618e-06,8.613631539971754e-06,5.743632982419704e-06,3.914739654524979e-07,0.00047512276863483446,5.915154029609723e-07,3.303737807306076e-05,0.00012072774118470832,0.06867422550453352,3.857427943018667e-09,0.0003414693636392633,0.0001876526804301644,1.766513163762018e-05,4.0903717839391005e-10,0.7276180644258282,9.194780681269454e-05,4.13429083829522e-08,0.010319844121290214,1.997882632922258e-06,0.00018238568134154308
26,3.069948887163385e-09,3.7260152327613257e-06,2.344320930502913e-07,0.3697848197120864,1.811013345684402e-05,3.1298815521426144e-06,7.5622747077490484e-06,2.5674914123750015e-05,9.600557373104892e-08,0.0002775395386227895,1.863870103655142e-06,2.926503531342307e-05,2.0414390008323794e-05,0.32543991317436244,1.7458138432806348e-09,0.0003297299062311803,5.929233810386662e-05,9.36255653391932e-06,1.5901115408067395e-10,0.2944757070173385,2.3461651179867472e-05,3.9355797324368524e-08,0.009449740130355027,7.877200927102383e-07,3.9524972356966425e-05
27,4.511527925531152e-09,3.719083436697015e-06,3.083336380876186e-07,0.3809807143824693,1.9674027792582134e-05,4.335104156996943e-06,5.882712850801385e-06,2.2791434263159557e-05,1.1394095346871766e-07,0.0002810226024532221,2.1662077861617115e-06,2.348456335187532e-05,2.729848221132545e-05,0.2449342957208077,1.3795338121076245e-09,0.00034183083316923364,7.710545691767115e-05,1.09498959649305e-05,2.1600303222689318e-10,0.3615477359320472,2.3326520745560083e-05,3.844032043586959e-08,0.011658833070272906,1.5426878759583924e-06,3.282445944992158e-05
28,4.895867349863617e-09,3.860331361185767e-06,3.209520629191123e-07,0.3673645788706431,2.1546859448668866e-05,4.13034271684134e-06,6.046241928713461e-06,2.1226297991093924e-05,1.1198848813882913e-07,0.0002720989818627601,2.0807548376147143e-06,2.2889388123157085e-05,2.7832002633492783e-05,0.246191669262767,1.2332178995730203e-09,0.0003106673285357947,7.42491363745206e-05,1.0485875207987477e-05,2.0131184651309108e-10,0.3735739590633178,2.2261861619052015e-05,3.151674570518883e-08,0.01203432997458382,1.5063357534010539e-06,3.411030260007822e-05
29,4.895867349863617e-09,3.860331361185767e-06,3.209520629191123e-07,0.3673645788706431,2.1546859448668866e-05,4.13034271684134e-06,6.046241928713461e-06,2.1226297991093924e-05,1.1198848813882913e-07,0.0002720989818627601,2.0807548376147143e-06,2.2889388123157085e-05,2.7832002633492783e-05,0.246191669262767,1.2332178995730203e-09,0.0003106673285357947,7.42491363745206e-05,1.0485875207987477e-05,2.0131184651309108e-10,0.3735739590633178,2.2261861619052015e-05,3.151674570518883e-08,0.01203432997458382,1.5063357534010539e-06,3.411030260007822e-05
30,4.895867349863617e-09,3.860331361185767e-06,3.209520629191123e-07,0.3673645788706431,2.1546859448668866e-05,4.13034271684134e-06,6.046241928713461e-06,2.1226297991093924e-05,1.1198848813882913e-07,0.0002720989818627601,2.0807548376147143e-06,2.2889388123157085e-05,2.7832002633492783e-05,0.246191669262767,1.2332178995730203e-09,0.0003106673285357947,7.42491363745206e-05,1.0485875207987477e-05,2.0131184651309108e-10,0.3735739590633178,2.2261861619052015e-05,3.151674570518883e-08,0.01203432997458382,1.5063357534010539e-06,3.411030260007822e-05
31,6.36643280571588e-09,3.937489194189554e-06,4.067579506199118e-07,0.3713336587581503,2.1468466050843427e-05,4.245108038986601e-06,6.399666900554201e-06,2.6794404714648138e-05,1.0554086334378018e-07,0.0002860771916560736,2.190744369691791e-06,2.307942755856364e-05,3.0766631163101225e-05,0.2522431818024409,1.1193916003438624e-09,0.0002827781936099114,7.77201385395144e-05,1.1754012136002826e-05,2.2488499965479672e-10,0.3634684092670925,2.055559900321859e-05,2.9275193707540234e-08,0.012121042175205205,1.571553074932932e-06,3.3820086383892835e-05
32,5.1175836074322595e-09,4.00946356019375e-06,3.286516871873025e-07,0.3654843894430867,2.1992138234757454e-05,4.275184007033171e-06,6.170361642345617e-06,2.181496110233177e-05,1.1706902703883341e-07,0.0002797406234415523,2.133503303699392e-06,2.3414830741891412e-05,2.8909799210755627e-05,0.2448529661227725,1.2834292862128685e-09,0.0003183976630807698,7.647780102604652e-05,1.0743762882148834e-05,2.19363646935478e-10,0.37670709234792715,2.310196405006646e-05,3.317664709444835e-08,0.012098058223921924,1.5808740561809e-06,3.4245414214101924e-05
33,5.436357803712505e-09,4.154620834554313e-06,3.7754866067346515e-07,0.3734947724393301,2.3680243366326356e-05,4.0768118323111815e-06,7.143408029884248e-06,2.146445090200172e-05,1.2359760830438785e-07,0.0002839047802530826,2.058897917984138e-06,2.5036950887776016e-05,2.7338793290591963e-05,0.2359785630806288,1.4985093523179992e-09,0.00031370734799654205,6.910727540107198e-05,1.0842478466316137e-05,1.93276214085394e-10,0.3777258042885808,2.3422366270725525e-05,3.0451094194264574e-08,0.01194196413710328,1.4244872433722018e-06,4.099441615775728e-05
34,9.21091704481841e-09,5.196927664564447e-06,4.768395012110638e-07,0.3488715814856123,2.7587636902944476e-05,5.083390424360543e-06,6.767610187026267e-06,2.555522349430705e-05,1.82106039849609e-07,0.0002472631875513461,2.5124409439843512e-06,2.9540781862856822e-05,4.562047462257858e-05,0.24009753412583554,1.4625655554781697e-09,0.000327376308788754,8.938509993691504e-05,1.2704418962711145e-05,3.4164202520381466e-10,0.3995760640886918,2.4198554906638578e-05,3.506638871544708e-08,0.010567185379364422,2.180509692874202e-06,3.595732749959504e-05
35,8.453783883566462e-09,4.09862681843537e-06,4.707306195874564e-07,0.4250947160123015,1.88503351722825e-05,4.597351249010731e-06,7.072910068778167e-06,2.8710854219552062e-05,1.344295678358599e-07,0.00034033297111944185,1.9944573114812993e-06,2.8530124318480917e-05,3.393709752615763e-05,0.24235134404314224,1.1285130854274068e-09,0.0002953053947570539,8.482090522808613e-05,1.7921868669837057e-05,2.5943366792680023e-10,0.32100309607353983,2.662194492006408e-05,3.8788125990191845e-08,0.010617765900307828,1.8333871347350853e-06,3.7795952151458826e-05
36,5.183193119275559e-09,3.308237256056633e-06,3.0620295945562264e-07,0.36267546157626995,1.743534190168088e-05,3.134576762976545e-06,6.209477380925117e-06,2.6475147650142458e-05,1.1961004180900407e-07,0.000225824849883615,1.804660410931113e-06,3.59078258841053e-05,4.085389481440343e-05,0.2675553204915853,1.3755375442465306e-09,0.0003677498247050111,8.202754772356791e-05,1.0833178156683466e-05,2.0445805973225311e-10,0.36054005034324016,2.1681037595024578e-05,4.267139919752146e-08,0.008348694486328263,1.2237502489253701e-06,3.552850461309237e-05
37,4.681850255578106e-09,3.834156684384503e-06,3.1205841663706976e-07,0.36349717974168544,2.1702267969096596e-05,4.122408749342968e-06,6.1507247373424085e-06,2.17415496277434e-05,1.1139761229972715e-07,0.0002705419872537806,2.104288740557989e-06,2.3318768227653623e-05,2.759134593249494e-05,0.2531921022636844,1.295932392462747e-09,0.0003170729334507854,7.466530422301878e-05,1.0309995553410984e-05,2.0121156519735187e-10,0.37057447880271244,2.2682996212710927e-05,3.2444697956272295e-08,0.011893827520251738,1.4354932233041483e-06,3.467537135937078e-05
38,6.279911431782653e-09,4.141033035592168e-06,3.922739265617271e-07,0.3383272381235853,2.8067643801697843e-05,5.270920265791401e-06,6.535430293664467e-06,2.0903178430852927e-05,1.4428311398198664e-07,0.00026767968991975484,2.4478144211786314e-06,2.1935312057935877e-05,3.370174593088256e-05,0.22604744818131026,1.6492282136745356e-09,0.0003583334981532416,7.952224427147333e-05,1.1370181853582907e-05,2.4345139047772804e-10,0.4233313124028299,2.2650231434010443e-05,2.9319952531871266e-08,0.011390106536365581,1.7834840178941916e-06,3.897829843735097e-05
39,4.55936160731644e-09,5.792007615992664e-06,2.0622273251898173e-07,0.32130609059898674,2.1895451251492275e-05,2.43275928227425e-06,5.663021666482813e-06,1.3491627914487548e-05,8.524734179432556e-08,0.0002609437885011089,1.7830053141209418e-06,2.1147824763415664e-05,1.772612929476109e-05,0.31191618245711006,8.170344103055772e-10,0.00019996243765609264,4.890378893321142e-05,7.499285069194976e-06,1.5320303174549815e-10,0.3526134718518067,1.2789865641205712e-05,2.2902021263079145e-08,0.013511597138784612,1.2410856687062207e-06,3.106597304463708e-05
40,3.3169006471358307e-09,3.0213503549546787e-06,2.3444335257857632e-07,0.3825144952516693,1.7161122788674845e-05,4.347900711191493e-06,4.088318772602016e-06,1.9478303846676012e-05,8.081564790371347e-08,0.00028158895338673657,1.874221344269825e-06,1.4366529085061152e-05,2.0617446816695205e-05,0.20692335601920148,8.705140173237986e-10,0.0003392845556520619,6.904053655538286e-05,8.92972735732583e-06,1.731276449207914e-10,0.397064422968366,1.920605761015386e-05,2.6175757669950427e-08,0.012670601201278305,1.6011428619717407e-06,2.2172597040653214e-05
41,7.127204758662859e-09,4.2290104704062384e-06,3.863551256321507e-07,0.31488105611194733,3.5429979072533295e-05,3.882063050594325e-06,7.036124027911462e-06,2.0680931856822963e-05,1.5592351193560865e-07,0.00019694422825290706,2.1425615213911265e-06,2.36897020514251e-05,3.94786156256313e-05,0.2199604871940088,1.525903206262104e-09,0.00033941640496095647,7.78854421907825e-05,1.014034449138118e-05,1.826834830864391e-10,0.4550862010731027,1.8026231922540546e-05,2.3151007881045988e-08,0.00925122493534223,1.4478145891045328e-06,4.00269660776286e-05
42,5.070942014488355e-09,3.926752325802433e-06,3.2042915410799656e-07,0.35976417567319907,2.2730535303717942e-05,4.1075115191571755e-06,6.119538992745669e-06,2.056153726286586e-05,1.1132466970854762e-07,0.0002676702475613672,2.102576611632078e-06,2.2463006803999098e-05,2.779534626720011e-05,0.25237552858580603,1.2046769663996225e-09,0.00029818102510780127,7.469417671595837e-05,1.0545993880141535e-05,1.9617576057858003e-10,0.3748181162847009,2.1672176339296872e-05,2.9960728517242766e-08,0.012222557380476803,1.4934323609973396e-06,3.5090032417453234e-05
43,3.818262677768326e-09,3.689756672499379e-06,2.5974929851048063e-07,0.3590321801261256,1.7399270670077444e-05,4.918401227752465e-06,5.083046456297028e-06,2.166831501043613e-05,9.758098632476595e-08,0.0003939388131176196,1.8471974562722628e-06,1.852293551902842e-05,2.403603160937824e-05,0.23214919478445678,1.2357832388025947e-09,0.0003481104777819753,7.924963436418403e-05,1.2172470103156441e-05,2.4235014153534575e-10,0.3950958165873358,2.8417154189854416e-05,3.862149744590644e-08,0.012731460250738078,1.584636973419674e-06,3.030886201349048e-05
44,4.895867349863617e-09,3.860331361185767e-06,3.209520629191123e-07,0.3673645788706431,2.1546859448668866e-05,4.13034271684134e-06,6.046241928713461e-06,2.1226297991093924e-05,1.1198848813882913e-07,0.0002720989818627601,2.0807548376147143e-06,2.2889388123157085e-05,2.7832002633492783e-05,0.246191669262767,1.2332178995730203e-09,0.0003106673285357947,7.42491363745206e-05,1.0485875207987477e-05,2.0131184651309108e-10,0.3735739590633178,2.2261861619052015e-05,3.151674570518883e-08,0.01203432997458382,1.5063357534010539e-06,3.411030260007822e-05
45,4.84070187053934e-09,3.693178491746311e-06,3.444552526458073e-07,0.38285244672440666,2.105973791237387e-05,4.303305380074282e-06,6.250734103076021e-06,2.3728170843453998e-05,1.1537816951696131e-07,0.00026903987279747047,2.2399657091162834e-06,2.3231691682580645e-05,2.73901587156448e-05,0.23945159546785943,1.3761665693363077e-09,0.00034120957134537973,7.221548795725029e-05,1.0490529042153679e-05,2.0531652184959405e-10,0.36527441851618025,2.1628769849727133e-05,3.336084766272432e-08,0.01155987112315511,1.5247900450921119e-06,3.3162588068699434e-05
46,4.944237463811415e-09,4.034395957082758e-06,3.232131252538591e-07,0.36439092220382174,2.220349796287102e-05,4.0454404261582174e-06,6.317335982369781e-06,2.1405219460586743e-05,1.1261522076824042e-07,0.0002778936515580514,2.104407650832719e-06,2.2997927218654877e-05,2.650371908586307e-05,0.25053444892488774,1.2492574805402433e-09,0.00030759833819732845,6.976230839824153e-05,1.0297386989861417e-05,2.0051583168034936e-10,0.37213749318568384,2.1793052759742606e-05,3.040299996396069e-08,0.012103898446883267,1.4822704545893748e-06,3.4325661264450865e-05
47,5.181379400027301e-09,3.7945540923668343e-06,3.152865005091336e-07,0.3533220779387104,2.091534310978144e-05,3.710341047057362e-06,5.8160933766244325e-06,1.9188560501085767e-05,1.241818464951253e-07,0.0002531752932892853,1.7657451848383766e-06,2.6785019540194497e-05,3.581976749904383e-05,0.22311457707261984,1.2654549585934085e-09,0.0003296848904129993,8.098425420433485e-05,1.0373696351291595e-05,2.042007376071379e-10,0.4119691633130045,2.42505986206254e-05,3.369581818245596e-08,0.010739669278563022,1.5186148616756134e-06,3.62498098106799e-05
48,4.8630843797888805e-09,4.379358680394482e-06,2.7173783087656823e-07,0.3595931226022104,1.973515958537911e-05,4.506744333096927e-06,4.971079418649343e-06,2.0325740181367766e-05,1.0589631626626438e-07,0.0002927708071415544,2.171875258167855e-06,1.9947389356637898e-05,2.8023924988124445e-05,0.24808738894480373,9.887092176261387e-10,0.0002982403701723815,8.05221996451899e-05,9.903401496691125e-06,2.6965438444646204e-10,0.3782111161496685,2.0748121828318862e-05,3.367803308358636e-08,0.0132731948407938,1.888339047187873e-06,2.6625517762100477e-05
49,4.9216979253795694e-09,3.748791028088668e-06,3.459617061038715e-07,0.3793246377868236,1.9547193470150048e-05,4.0261985125088315e-06,6.005022417819746e-06,2.098712322675434e-05,1.1229125715848119e-07,0.0002762675042091202,1.9883950971367177e-06,2.4356976219405923e-05,2.8946561740742183e-05,0.23422333571211912,1.2490769047714299e-09,0.0003082561642867262,7.346291826184277e-05,1.0660254993810346e-05,1.9919134281604606e-10,0.37369999660418063,2.3022338853825e-05,3.296635896923835e-08,0.011913758347721078,1.529985187205933e-06,3.496853236205338e-05
50,4.50714102197505e-09,3.165817944309942e-06,3.1631031280518944e-07,0.42220371303546717,1.547236886289148e-05,5.194154027944775e-06,2.9506449205784164e-06,1.4166899447408316e-05,1.372056722782024e-07,0.00018747536817748927,1.7569105640166008e-06,1.6334886064618778e-05,3.1461948725090183e-05,0.1568108278199891,8.28195456765444e-10,0.00036207975033002187,7.603898172846764e-05,9.609580036463544e-06,1.8822281417222144e-10,0.4109378540633196,2.094701201075626e-05,2.56566798118517e-08,0.009278102478349797,2.325243449540407e-06,2.003834036070355e-05
51,4.495470888852947e-09,5.1939847633783015e-06,2.837374356497911e-07,0.4598200465969815,1.1723481754120123e-05,3.1490314581326024e-06,5.244528355221045e-06,2.3653841274555687e-05,1.0300732594616667e-07,0.00029728864328226447,1.5986714291408216e-06,2.6598597873088082e-05,1.8422067950339322e-05,0.2682710460618871,1.041648229444347e-09,0.0002598371761084146,4.9554363849945785e-05,1.0262272372186367e-05,2.0905587089825547e-10,0.2622239735730094,1.770748273244624e-05,3.6022268332317326e-08,0.008926807150360958,1.2057881521205963e-06,2.6258173200962326e-05
52,4.834686217759077e-09,4.262378384862382e-06,3.374406685499884e-07,0.3854220451876546,2.1172821370109287e-05,3.7791306999496553e-06,6.452006076317274e-06,2.0675829879729404e-05,1.1928756587752765e-07,0.00026666146651654535,1.9606462698360613e-06,2.5967352277815836e-05,2.848873870310845e-05,0.2284614589360677,1.1937285067812812e-09,0.0003054718771088863,7.029621848813986e-05,9.066457650034516e-06,2.1079760896333573e-10,0.3725713006476311,2.4451767639691277e-05,3.1789065527372035e-08,0.012721156813784645,1.5693947319957366e-06,3.3267572552648784e-05
53,5.288346270864235e-09,3.839194634052012e-06,3.122201970416462e-07,0.3822697700666495,1.7316619287392023e-05,4.84683094074853e-06,4.424060127184645e-06,2.0077683175418378e-05,1.1263121994835967e-07,0.0002694191193352047,1.916457848817964e-06,2.074578703012721e-05,2.9549606320731762e-05,0.2428201173156914,1.0617521104214546e-09,0.00030562694516483076,8.24752972425296e-05,1.2046729702636632e-05,2.2767542834837074e-10,0.3634502747571593,2.229901510193618e-05,3.162667324903206e-08,0.010632627103216344,1.640319549099993e-06,3.052403595878586e-05
54,4.9016789583380915e-09,4.52261953896893e-06,2.8514098316267383e-07,0.34382226371739816,2.1325711752733354e-05,3.740287071574362e-06,6.292624339324901e-06,1.904322442301228e-05,1.1864260440108691e-07,0.00026858725706189644,1.8650757315344764e-06,2.7090466501305064e-05,2.721889935718887e-05,0.2852926693828698,1.65719943424088e-09,0.00030996834980580263,6.963489896298086e-05,1.0510087468133196e-05,1.941205763365087e-10,0.3599759928558544,2.1716418115574556e-05,3.358371032696836e-08,0.010071804795590696,1.1269332480240327e-06,4.4182274612079914e-05
55,6.6669361734536505e-09,4.069994161395833e-06,3.809521134075374e-07,0.39592913686097847,1.9956612608749827e-05,3.5772874350892877e-06,6.181634128482681e-06,1.7577784342195032e-05,1.8541932684896576e-07,0.00022362243147451937,1.4977448507648302e-06,3.485785608378707e-05,4.7528363897447755e-05,0.19248576486440408,1.261014824193727e-09,0.0003504846477276604,7.616632809144472e-05,1.1706463486479498e-05,2.089846415263241e-10,0.40245219308463615,2.7098906591752232e-05,3.3694214030120365e-08,0.008268535072787148,1.7217598249880708e-06,3.771409989934341e-05
56,5.2655358719673825e-09,3.903862017512529e-06,3.2756445152729993e-07,0.3596052467873448,2.1963646194600212e-05,4.127243379112872e-06,6.055192675098614e-06,2.089123829274627e-05,1.1844164286194283e-07,0.0002671736171189264,2.043531970072904e-06,2.41572628377214e-05,3.1056519911373016e-05,0.24538396339390856,1.255304131512438e-09,0.0003128337859142931,7.829006471293907e-05,1.0918497079825404e-05,2.0983348460769445e-10,0.3825505118924714,2.2901326405151388e-05,3.24627496924871e-08,0.011616499220437013,1.543293971947797e-06,3.5434423839332276e-05
57,4.979018110663823e-09,3.784251183136379e-06,3.162391245765436e-07,0.3553453369015122,1.971673341262551e-05,3.4827471078560666e-06,5.843751619344018e-06,1.9775392385222848e-05,1.289245731670358e-07,0.00025396139416070904,1.6279166404540443e-06,2.8846976479905698e-05,3.797421407677735e-05,0.2132345267150853,1.26618530450309e-09,0.0003414067500379318,7.978495514694309e-05,1.001754484891778e-05,2.071817269012037e-10,0.42034482272563,2.5311731294290398e-05,3.516255269805663e-08,0.010206661576414868,1.4710638613861637e-06,3.515988046658752e-05
58,5.35546367336592e-09,3.942630619276077e-06,3.3645701576542647e-07,0.3698740194256701,2.1711204488959175e-05,4.284904752661716e-06,5.934840226864045e-06,2.0512367455256435e-05,1.225367723345666e-07,0.0002652766563311126,2.123012882608675e-06,2.3822573815977935e-05,3.087010553704553e-05,0.23659889598074285,1.1870564675993318e-09,0.0003155323957621147,7.587550424872465e-05,1.0664003565176093e-05,2.1962074419663557e-10,0.3805951901881748,2.307621895278205e-05,3.2123908677559364e-08,0.01209304208113324,1.738569184802816e-06,3.298945661816174e-05
59,5.151312336406107e-09,3.9146782257283756e-06,3.526463863309339e-07,0.37809245670386127,2.1362721171955453e-05,4.305076184474998e-06,5.938524429150247e-06,2.0887635274855123e-05,1.1877303760850879e-07,0.00027336266074597175,2.1328602357947064e-06,2.2637872495055066e-05,2.8670248493974487e-05,0.22182975510435968,1.186435353226654e-09,0.0003209955897287888,7.213672479526157e-05,1.017932762778336e-05,2.1546154567174454e-10,0.3866827947608178,2.293147506512526e-05,3.094808384640247e-08,0.012551673192284176,1.7713863125706457e-06,3.1584537173528906e-05
60,4.895867349863617e-09,3.860331361185767e-06,3.209520629191123e-07,0.3673645788706431,2.1546859448668866e-05,4.13034271684134e-06,6.046241928713461e-06,2.1226297991093924e-05,1.1198848813882913e-07,0.0002720989818627601,2.0807548376147143e-06,2.2889388123157085e-05,2.7832002633492783e-05,0.246191669262767,1.2332178995730203e-09,0.0003106673285357947,7.42491363745206e-05,1.0485875207987477e-05,2.0131184651309108e-10,0.3735739590633178,2.2261861619052015e-05,3.151674570518883e-08,0.01203432997458382,1.5063357534010539e-06,3.411030260007822e-05
61,5.352825511955869e-09,4.026478877594813e-06,3.5642159139853987e-07,0.37191972878431256,2.217183709810707e-05,4.34967033849183e-06,6.136453535529763e-06,2.1389385781381942e-05,1.196554639361035e-07,0.0002781002462987045,2.176678107033614e-06,2.2886508603030518e-05,2.9134117446018225e-05,0.22777072223407716,1.2269613739783603e-09,0.0003167042717433224,7.428733290234106e-05,1.0468214232697294e-05,2.2232208789297622e-10,0.3868221401693342,2.294525863814439e-05,3.1585721073595824e-08,0.012637529107658392,1.7566878281412183e-06,3.283209830176284e-05
62,4.895867349863617e-09,3.860331361185767e-06,3.209520629191123e-07,0.3673645788706431,2.1546859448668866e-05,4.13034271684134e-06,6.046241928713461e-06,2.1226297991093924e-05,1.1198848813882913e-07,0.0002720989818627601,2.0807548376147143e-06,2.2889388123157085e-05,2.7832002633492783e-05,0.246191669262767,1.2332178995730203e-09,0.0003106673285357947,7.42491363745206e-05,1.0485875207987477e-05,2.0131184651309108e-10,0.3735739590633178,2.2261861619052015e-05,3.151674570518883e-08,0.01203432997458382,1.5063357534010539e-06,3.411030260007822e-05
63,5.163024183623563e-09,4.229409872037588e-06,3.285689292284769e-07,0.36654821585916986,2.215252053933719e-05,4.113001173236949e-06,6.18336910866536e-06,2.1175071577652808e-05,1.1714549157338751e-07,0.0002762984273952332,2.088133410613288e-06,2.3472264915060705e-05,2.7853462280209615e-05,0.2448211905985798,1.2779450353254391e-09,0.0003091420644641167,7.314098007430593e-05,1.037220236020441e-05,2.1372182491173587e-10,0.37575089160369757,2.2298947355854028e-05,3.179577864599748e-08,0.01204069180247731,1.538779496041144e-06,3.446733716234802e-05
64,4.8612489631797785e-09,3.957917209237099e-06,3.219906595170822e-07,0.3674652392923213,2.0926693609328497e-05,4.205666142904072e-06,6.141008903727967e-06,2.1023283945598186e-05,1.1799402092221329e-07,0.0002847333084002414,2.0028921217020557e-06,2.45866413723599e-05,2.934463672629155e-05,0.24460359104599916,1.304985571951032e-09,0.00031870422388791846,7.588193360149548e-05,1.0850697438364227e-05,2.151616648967061e-10,0.3751158418831841,2.558838492250532e-05,3.438942053074995e-08,0.011950015088827358,1.5339025263974034e-06,3.53507433628603e-05
65,5.985759511715562e-09,3.896658013864162e-06,3.602215524650702e-07,0.37402107220676806,2.4970307792723e-05,4.651561199378613e-06,5.610239664734562e-06,2.0109221993924904e-05,1.4869744521267896e-07,0.00021219207130093682,2.5219995716299816e-06,2.4453407245742755e-05,3.7318642456428556e-05,0.22337875323118722,1.1660964242874114e-09,0.00035008310152097446,8.804904980243415e-05,9.972351369249867e-06,2.38933254533329e-10,0.3895286372637715,2.151991276709935e-05,3.4290097990240456e-08,0.012233631020348464,2.1370958707630944e-06,2.9870057469976955e-05
66,3.734211203218873e-09,3.696274098776104e-06,2.645636008486637e-07,0.4117399934754269,1.579335706942243e-05,3.4680132039946024e-06,5.976800999994231e-06,2.367391962412608e-05,9.660444409178518e-08,0.0002470614804918461,2.02241710743257e-06,2.6263926824892477e-05,2.1626845400639256e-05,0.2992108509012359,1.1709733998397102e-09,0.00029059985222802556,6.121334346186391e-05,9.26956194928786e-06,1.7702688552061976e-10,0.2777397242278454,1.95998607831148e-05,3.542122138078288e-08,0.010547062417076212,1.1269477437423912e-06,3.057470595073165e-05
67,7.997281699757511e-09,8.105498222463146e-06,5.88824974134812e-07,0.41879578373978715,3.1534547125337996e-05,3.6849042982391883e-06,1.700903721382276e-05,4.1323145110836904e-05,1.9971396090041627e-07,0.0003886984739980198,3.1821438221337625e-06,4.928419056369283e-05,2.4049524008435364e-05,0.26678356101050504,3.1932612371042606e-09,0.0003960269109454498,6.008479601026223e-05,1.1282807522568964e-05,3.666879020778124e-10,0.30073541580457375,2.9014816274717158e-05,6.368459957138338e-08,0.012569155446556821,1.572319573794418e-06,5.036710312195941e-05
68,4.871083255383198e-09,4.222295295906477e-06,2.4950796166857055e-07,0.2856258486728503,3.770622156643095e-05,5.059392230833214e-06,6.840558871921998e-06,2.1257124239587104e-05,1.386462497710289e-07,0.00022973420178460258,2.8609312108502897e-06,2.020493612638182e-05,2.9288289045232666e-05,0.2870989026089879,2.504386393989829e-09,0.00040869665239008917,9.348427813120431e-05,1.0729111450796505e-05,2.2090594750284546e-10,0.4161561440034709,1.9299097455927046e-05,3.688754734816202e-08,0.010183843496197723,1.2623799152788139e-06,4.418311064381987e-05
69,5.537817108772364e-09,4.1585043358436095e-06,3.255519561515643e-07,0.36493546818996236,2.2704855153001533e-05,4.141552634470991e-06,6.920494905484731e-06,2.1235942609084485e-05,1.2355044312412906e-07,0.0002826256925710866,2.050054397941938e-06,2.6550794662266852e-05,2.8700077758160567e-05,0.28319451402634194,1.541659222844878e-09,0.0002999145926079605,8.25599734209457e-05,1.2758676075849908e-05,1.975963142918695e-10,0.34000195477619183,2.259367521979494e-05,3.6995139923964115e-08,0.011003409697381695,1.2402920787421382e-06,4.600475707967863e-05
70,4.1647386006947074e-09,7.15437818528772e-06,3.894491107819696e-07,0.43747104560414884,2.742417351043215e-05,8.244632396666823e-06,1.0243752851158047e-05,2.2576279288539925e-05,1.712171237461629e-07,0.0005015285293539877,4.4706504143522e-06,2.810736304147445e-05,1.820984359159798e-05,0.25983634504105096,1.932911898504863e-09,0.0003309532660290928,6.910196185448236e-05,9.175055061383993e-06,5.965966858792793e-10,0.26706854735553504,6.560447527604515e-05,7.176827188029711e-08,0.03448409242997652,3.8105573794298964e-06,3.272552230126415e-05
71,5.634427333235324e-09,3.642876690511247e-06,5.881665801549935e-07,0.5132408380015283,1.6133754020048642e-05,6.410775364462922e-06,8.726387381822233e-06,3.374795093360909e-05,1.385899839512593e-07,0.0003124480936422748,3.5849292750689017e-06,2.970484756182908e-05,2.141859803138965e-05,0.2704722369160435,1.8190867746934251e-09,0.00031431097575365885,6.829701902963057e-05,1.465928510055996e-05,2.7731401088715423e-10,0.2024258203297419,2.8293514000747406e-05,5.372387245038016e-08,0.012959674311774824,1.8359963741220717e-06,3.742722648672274e-05
