,0,1,2,3,4,5,6,7,8,9,10,11,12,13,14,15,16,17,18,19,20,21,22,23,24
0,6.693030374797117e-09,5.772286669229815e-06,6.308950024347487e-07,0.488422228594723,1.8376470686792864e-05,2.567233545049606e-06,1.4913124914140781e-05,1.9528299046573556e-05,9.998084025659951e-08,0.0003845419295141259,1.8804136565723575e-06,4.1456675903785805e-05,1.3955547046013915e-05,0.28329110315975864,1.5063246642347237e-09,0.00016520956407544915,3.321867566571589e-05,1.0233056036778902e-05,1.316177226305447e-10,0.21087900178920785,2.3054828935192924e-05,2.513125807243716e-08,0.01659805036407504,9.841840884210918e-07,7.315946437791524e-05
1,6.032925983946796e-09,5.392887348681888e-06,5.601799301946327e-07,0.3925477769554705,2.624388805266938e-05,3.638282588673506e-06,1.0865562016945359e-05,2.2569648424369584e-05,1.6982816722191014e-07,0.00033607965831834925,1.830942686061751e-06,3.4300868216584246e-05,2.6590107777036215e-05,0.18171126995163428,2.377837195141796e-09,0.00036698784293356083,4.937456298544001e-05,9.25582322582734e-06,2.0605422650410454e-10,0.41340397649601274,2.9235310088010882e-05,2.8870959205449454e-08,0.011359669760542335,1.340719418191793e-06,5.28332363856249e-05
2,6.527455948420599e-09,5.233103248122493e-06,4.477410682820767e-07,0.32357748052478946,3.503904521893513e-05,3.2636290583453948e-06,1.0773664069755545e-05,2.010908902838661e-05,1.4704835136868182e-07,0.00029000945357376224,1.840275850886856e-06,3.115938788152068e-05,2.8671411845823386e-05,0.21881232898494876,2.3888146554321157e-09,0.00030973943489721406,5.880950445058677e-05,9.730541756117157e-06,1.7077160688613916e-10,0.4451051429233307,2.4320247340247544e-05,2.5553405313227487e-08,0.011610068500859843,1.1066684213037831e-06,6.454417956300536e-05
3,6.109383782560179e-09,5.246622580260696e-06,5.073291521538012e-07,0.3874505455145756,2.8601648919093772e-05,3.5651584728695546e-06,1.0849227887872964e-05,2.1192940541175673e-05,1.5437748648074022e-07,0.00030922094930197863,1.928842809500139e-06,3.341620867801791e-05,2.637453758982163e-05,0.20983563484819925,2.2197653899516186e-09,0.0003167853688686971,5.530329441069214e-05,9.677117096176863e-06,1.855694574841439e-10,0.38925170402001064,2.7863571109426495e-05,2.8905210761210316e-08,0.012552208777745218,1.2661765938386771e-06,5.791604804198487e-05
4,6.693491731457041e-09,5.353430215117444e-06,5.118098778049704e-07,0.37781725557337226,2.9233638331271866e-05,3.5505415077636083e-06,1.0721901603285245e-05,2.0517504814078906e-05,1.6640866620486757e-07,0.0002943936244736914,1.8884302818971212e-06,3.623137931784291e-05,3.063745011722987e-05,0.21401288143225247,2.2421388711233117e-09,0.000315916178844288,5.981718251215814e-05,1.0148567833687567e-05,1.947281268367111e-10,0.39533301082299616,2.8868059219647315e-05,3.016406453882289e-08,0.011926701514316861,1.2933602296884728e-06,6.086189479342528e-05
5,5.986532911688015e-09,4.968137229197598e-06,4.759738136261848e-07,0.4047863948393832,2.5107246502944222e-05,3.5162071223673172e-06,9.977755967439683e-06,2.004833430260181e-05,1.5309980563658205e-07,0.000309609193746234,1.7707777379209928e-06,3.3312788105128706e-05,2.5987800262932846e-05,0.21067066642331542,2.084340285697988e-09,0.0003169523757940703,5.400811449904067e-05,1.0528812114086013e-05,1.744149676150234e-10,0.37213407637393525,2.7560280442942496e-05,2.9631218359803518e-08,0.011507184536911902,1.2474426603384666e-06,5.6415609841430265e-05
6,6.109383782560179e-09,5.246622580260696e-06,5.073291521538012e-07,0.3874505455145756,2.8601648919093772e-05,3.5651584728695546e-06,1.0849227887872964e-05,2.1192940541175673e-05,1.5437748648074022e-07,0.00030922094930197863,1.928842809500139e-06,3.341620867801791e-05,2.637453758982163e-05,0.20983563484819925,2.2197653899516186e-09,0.0003167853688686971,5.530329441069214e-05,9.677117096176863e-06,1.855694574841439e-10,0.38925170402001064,2.7863571109426495e-05,2.8905210761210316e-08,0.012552208777745218,1.2661765938386771e-06,5.791604804198487e-05
7,8.658429036454905e-09,5.6754087666034785e-06,7.087213377090176e-07,0.37568266321319943,3.2428345537220807e-05,3.659462159786101e-06,1.2585050232935e-05,2.2778428384049053e-05,1.6659911767942842e-07,0.0003212359723114684,2.0825905914881744e-06,3.526948232731732e-05,3.1144327320720514e-05,0.19550816837857918,2.1325548885544937e-09,0.00029053819916947807,5.560952462896101e-05,1.0351732375967285e-05,2.1020296361302722e-10,0.41465620548321663,2.6593647520671838e-05,2.5144141629760184e-08,0.013238183487619093,1.5022626786021813e-06,6.241353759652912e-05
8,3.575067927760613e-09,2.1406551170186786e-06,1.9215584835739795e-07,0.19260757708222284,4.7558459600727194e-05,5.577558418389234e-06,8.744083818853405e-06,1.9602229700418865e-05,2.97856174816128e-07,0.00023556824007477903,1.853049999464986e-06,4.123989334141317e-05,0.00011222103646443948,0.18516099854556695,1.0024456955587703e-08,0.0010868185167936994,0.0003152665716270945,2.4163389924573084e-05,2.529854779437556e-10,0.6153261339438845,9.555003254993477e-05,1.7719274476427657e-07,0.004806707669120886,9.867830231798314e-07,0.00010061120147264169
9,8.49424954487213e-09,1.8300110345788308e-06,2.359853152206303e-07,0.09534015636517382,0.00015510029096511423,4.347672184682953e-06,1.2924028596281705e-05,2.9774763409382784e-05,1.5576946207122997e-07,0.0001281799889352958,4.050773021791137e-06,2.7353434402016874e-05,0.00013236009248076582,0.2833370497749792,7.345675075654324e-09,0.0004557009211720279,0.0004264073355414519,1.93602598635902e-05,2.2386054231103119e-10,0.6114174247807608,2.847873034381696e-05,7.542290736938372e-08,0.008352281265988063,8.516363069059372e-07,0.00012588463337058264
10,6.109383782560179e-09,5.246622580260696e-06,5.073291521538012e-07,0.3874505455145756,2.8601648919093772e-05,3.5651584728695546e-06,1.0849227887872964e-05,2.1192940541175673e-05,1.5437748648074022e-07,0.00030922094930197863,1.928842809500139e-06,3.341620867801791e-05,2.637453758982163e-05,0.20983563484819925,2.2197653899516186e-09,0.0003167853688686971,5.530329441069214e-05,9.677117096176863e-06,1.855694574841439e-10,0.38925170402001064,2.7863571109426495e-05,2.8905210761210316e-08,0.012552208777745218,1.2661765938386771e-06,5.791604804198487e-05
11,6.56067700695794e-09,5.341873690633441e-06,5.192738727819454e-07,0.3803403395455339,2.9451232400404147e-05,3.560854186010334e-06,1.0856138503993713e-05,2.0913627220623832e-05,1.6229849491433367e-07,0.000302184138605278,1.908783794467219e-06,3.463398503953718e-05,2.8900730715949484e-05,0.20766369097272103,2.2450144896545465e-09,0.000318349108281166,5.753518383657655e-05,9.915629706510457e-06,1.9225554185238969e-10,0.3988612372742906,2.8186165887611466e-05,2.9185834874255694e-08,0.012221678826100032,1.303604002135362e-06,5.9292569333829214e-05
12,4.4207855796306094e-09,5.742128831071091e-06,1.6662432764144313e-06,0.6607697902777998,1.1434971339987557e-05,3.3442215931302597e-06,1.7109886839953397e-05,4.972010064893002e-05,2.4701629059009105e-07,0.0004164412730541546,2.785906980366261e-06,5.0236155839046825e-05,1.3213853144866199e-05,0.056820532766460805,3.1637534029583984e-09,0.000643660896303817,1.3771613728831706e-05,3.642590317795369e-06,4.1894501402441136e-10,0.2677414497736185,3.245639133676066e-05,4.309378937367421e-08,0.01338224236782179,3.409962035882151e-06,1.7050505464099712e-05
13,6.143277146212342e-09,4.799719409209693e-06,5.471170039964191e-07,0.37889842629431225,3.094137793546208e-05,3.1361242395659403e-06,1.420831667264312e-05,2.7890512110053093e-05,1.3654962598880644e-07,0.00026680987650529403,2.689118029143011e-06,4.3506899893623526e-05,2.6258119264446753e-05,0.29629850853924766,2.1911162042838036e-09,0.00027243084684855606,5.36541134354982e-05,9.307049006164204e-06,1.7754749746741554e-10,0.3095030682766379,2.6909225184742912e-05,3.363303010489499e-08,0.014454754308525612,1.1676401770417759e-06,6.08078309643282e-05
14,5.1747433869275926e-09,2.8210743001839683e-06,8.625270458429651e-07,0.4876070303588891,1.6145209348337187e-05,3.467936227299122e-06,9.240029963980663e-06,2.145952211579727e-05,1.4649461830248026e-07,0.0002387096370801702,1.4434276964743076e-06,4.540750982401617e-05,3.7427569832914605e-05,0.136460958675836,2.027238714964763e-09,0.00029774641333303874,6.58351364173536e-05,8.736651970965805e-06,1.3839531159669374e-10,0.36185006569498884,3.818569501690967e-05,3.234260198048133e-08,0.01322785558033263,1.2298963704011487e-06,6.51852758122208e-05
15,6.109383782560179e-09,5.246622580260696e-06,5.073291521538012e-07,0.3874505455145756,2.8601648919093772e-05,3.5651584728695546e-06,1.0849227887872964e-05,2.1192940541175673e-05,1.5437748648074022e-07,0.00030922094930197863,1.928842809500139e-06,3.341620867801791e-05,2.637453758982163e-05,0.20983563484819925,2.2197653899516186e-09,0.0003167853688686971,5.530329441069214e-05,9.677117096176863e-06,1.855694574841439e-10,0.38925170402001064,2.7863571109426495e-05,2.8905210761210316e-08,0.012552208777745218,1.2661765938386771e-06,5.791604804198487e-05
16,7.2590774409490085e-09,5.0022395761410095e-06,6.126822438070684e-07,0.39063701121055766,3.2423695137094924e-05,3.957532555233572e-06,1.0540934443935366e-05,2.0899550496297582e-05,1.5124618224451353e-07,0.0002735055604120039,2.2656653954993163e-06,2.8771538415694312e-05,2.7047944567371653e-05,0.20043521838481954,2.01342168665118e-09,0.00028889115153447013,5.901607980049777e-05,9.54726174834543e-06,1.7762889278982577e-10,0.39415141603756093,2.2590489972262533e-05,2.3997276321521122e-08,0.01393243305502434,1.4429166885179274e-06,5.722137546395282e-05
17,8.795645627728404e-09,7.5418830689749414e-06,1.1748860863038541e-06,0.470371704503289,2.669485415331811e-05,6.652123065440294e-06,1.3656120325708521e-05,2.6747339070483797e-05,2.3619549540453645e-07,0.0005831965547186344,2.1688312960354504e-06,2.386662529556543e-05,1.7021261622625153e-05,0.11251328423052323,3.5412409885139764e-09,0.0004894558448110456,3.2437723073186166e-05,1.064507050914025e-05,3.2488110503807753e-10,0.404296457050949,3.135526540115328e-05,2.284857852332282e-08,0.011492729433396274,2.1052307322419455e-06,5.0833462771095817e-05
18,6.057386212402028e-09,5.312791182978694e-06,5.242777656977248e-07,0.3969330472384026,2.802772509053507e-05,3.622586953688111e-06,1.075774602880516e-05,2.1745419761472125e-05,1.5658541817672752e-07,0.00030881524006862214,1.9707745668244914e-06,3.2928511878147346e-05,2.552324397083718e-05,0.20237706886127915,2.2070334521741407e-09,0.0003247007246473849,5.274546097904922e-05,9.289052553316752e-06,1.904210724213142e-10,0.3871526625992869,2.7419913665716963e-05,2.844379123097902e-08,0.012627784985241914,1.319713806703933e-06,5.453964881938114e-05
19,5.023006154665292e-09,3.597239023915439e-06,2.770672327111149e-07,0.23712206859130272,4.310808579855129e-05,5.768674536936416e-06,5.627600680477107e-06,1.7237061254236263e-05,9.045481802342397e-08,0.0002894042706807798,2.4410058240701927e-06,1.1715949225569387e-05,2.40005729918595e-05,0.24698423343591352,1.5953490756032124e-09,0.00027965455602664134,9.155409573954244e-05,1.0959718717638175e-05,1.729976206043296e-10,0.49941522243849973,2.026371135309345e-05,1.9148053929500992e-08,0.015623967149633027,1.295725021416794e-06,4.748665631869683e-05
20,6.7612600227410755e-09,5.394791598170588e-06,5.020379787306221e-07,0.36424626254001297,3.2334759288676684e-05,3.6089898178170314e-06,1.0280462500687133e-05,1.7739730305050464e-05,1.531923820289053e-07,0.0002942437234742365,1.850018877157905e-06,2.9779025210675643e-05,2.7467435639597302e-05,0.20530376127587757,1.8361408126308084e-09,0.00028437010387179587,5.641602516521264e-05,9.435810113075437e-06,1.7530687606197125e-10,0.4165008161315411,2.6288479604475e-05,2.2442401632537248e-08,0.013089145181583054,1.3309287141143914e-06,5.87881413345156e-05
21,1.546643499330881e-08,4.833712852452251e-06,2.5886506096787853e-06,0.31960311740541075,0.0002521588875262166,1.2247344949875685e-05,6.429039467829789e-05,4.714341102390573e-05,1.496610061301888e-07,0.00040901903693468843,1.3880860769284096e-05,2.7716294911525763e-05,3.901822747861411e-05,0.19148073318666506,8.640507029360633e-09,0.0001812922533381214,0.0003654788422731631,1.4286989962487992e-05,4.0721247269341616e-10,0.3566015159082919,7.417355697030815e-05,7.073488722910378e-08,0.13052792648388573,3.002328708616223e-06,0.0002753313127113528
22,6.759734209214511e-09,4.978386174541472e-06,5.368014243596326e-07,0.3872917636703844,2.89067193943608e-05,4.0307056491874525e-06,1.043729973565564e-05,2.22428884373982e-05,1.5365673296657134e-07,0.0003192175439083538,2.063880658556696e-06,3.1120031469604666e-05,2.66641973558467e-05,0.21805352320968693,2.2624860278128985e-09,0.0003179518252566468,6.07417711510606e-05,1.156406994703233e-05,1.8894921795241037e-10,0.3814911979790936,2.7519820626607837e-05,2.9723191037348984e-08,0.012233656159324566,1.305300910108042e-06,6.038514831766266e-05
23,6.109383782560179e-09,5.246622580260696e-06,5.073291521538012e-07,0.3874505455145756,2.8601648919093772e-05,3.5651584728695546e-06,1.0849227887872964e-05,2.1192940541175673e-05,1.5437748648074022e-07,0.00030922094930197863,1.928842809500139e-06,3.341620867801791e-05,2.637453758982163e-05,0.20983563484819925,2.2197653899516186e-09,0.0003167853688686971,5.530329441069214e-05,9.677117096176863e-06,1.855694574841439e-10,0.38925170402001064,2.7863571109426495e-05,2.8905210761210316e-08,0.012552208777745218,1.2661765938386771e-06,5.791604804198487e-05
24,6.908976038293594e-09,5.073621508268332e-06,7.935950136829174e-07,0.38303327506921253,3.780120016348529e-05,4.170784652642494e-06,1.665776187603825e-05,2.6616231980131275e-05,1.7975345807603204e-07,0.0003535937242063903,2.5004263951221857e-06,4.0568216558507145e-05,3.1133842813804175e-05,0.1802276069998607,3.4452188274323683e-09,0.00035445525537729537,6.492056956530247e-05,9.9354900661436e-06,2.254606477693843e-10,0.41914931341518646,4.004566277634237e-05,3.617075729231816e-08,0.01652189919645295,1.482356725102576e-06,7.793007573825606e-05
25,2.2756566858925347e-08,1.0090803837232305e-05,1.4713357097679813e-06,0.19665433251116204,5.7206781945719506e-05,5.611310838738012e-06,1.7108094963906147e-05,6.1471813241147465e-06,5.54841951012868e-07,0.0005947918527259209,5.522612690773215e-07,4.6548802596609455e-05,0.00010871789945981038,0.0560413505777905,7.09970111142837e-09,0.00035750697886290485,0.0001349786807499983,1.59299321126398e-05,4.241195091207707e-10,0.7344975899919421,0.00011916699058339853,3.714084761640452e-08,0.011018476116431333,1.7450146277386295e-06,0.0003100546178801376
26,3.875736794257975e-09,5.152299711894343e-06,3.8208005885823945e-07,0.3988484814827895,2.4188945426052295e-05,2.771618403989035e-06,1.3882895747239312e-05,2.6215844895730177e-05,1.349276718214805e-07,0.0003253767153098215,1.7632456403608738e-06,4.342497344757899e-05,1.9527919624170585e-05,0.2794838831877606,3.1592473756128013e-09,0.0003433415278062811,4.4789276166286495e-05,8.789549713418996e-06,1.5108943884223638e-10,0.3106525996210467,3.04293849309285e-05,3.6856681634784104e-08,0.010056767036370417,6.819579067554861e-07,6.737146681625918e-05
27,5.583253376499544e-09,5.0158342631333575e-06,4.819403683408641e-07,0.40150746921546243,2.6003709381367756e-05,3.739961636332748e-06,1.0443708197709223e-05,2.2698075172886032e-05,1.5660530066609225e-07,0.0003169294480982378,2.0044218231953346e-06,3.414606990275896e-05,2.5837888015639023e-05,0.20984014714531632,2.4767197289958155e-09,0.0003492559864374331,5.74967262299467e-05,1.0107598351563755e-05,1.9739673017341828e-10,0.3755949580922153,2.9038455836500994e-05,3.533445260050209e-08,0.012107265651159804,1.2890137859067672e-06,5.547086122215107e-05
28,6.109383782560179e-09,5.246622580260696e-06,5.073291521538012e-07,0.3874505455145756,2.8601648919093772e-05,3.5651584728695546e-06,1.0849227887872964e-05,2.1192940541175673e-05,1.5437748648074022e-07,0.00030922094930197863,1.928842809500139e-06,3.341620867801791e-05,2.637453758982163e-05,0.20983563484819925,2.2197653899516186e-09,0.0003167853688686971,5.530329441069214e-05,9.677117096176863e-06,1.855694574841439e-10,0.38925170402001064,2.7863571109426495e-05,2.8905210761210316e-08,0.012552208777745218,1.2661765938386771e-06,5.791604804198487e-05
29,6.109383782560179e-09,5.246622580260696e-06,5.073291521538012e-07,0.3874505455145756,2.8601648919093772e-05,3.5651584728695546e-06,1.0849227887872964e-05,2.1192940541175673e-05,1.5437748648074022e-07,0.00030922094930197863,1.928842809500139e-06,3.341620867801791e-05,2.637453758982163e-05,0.20983563484819925,2.2197653899516186e-09,0.0003167853688686971,5.530329441069214e-05,9.677117096176863e-06,1.855694574841439e-10,0.38925170402001064,2.7863571109426495e-05,2.8905210761210316e-08,0.012552208777745218,1.2661765938386771e-06,5.791604804198487e-05
30,6.109383782560179e-09,5.246622580260696e-06,5.073291521538012e-07,0.3874505455145756,2.8601648919093772e-05,3.5651584728695546e-06,1.0849227887872964e-05,2.1192940541175673e-05,1.5437748648074022e-07,0.00030922094930197863,1.928842809500139e-06,3.341620867801791e-05,2.637453758982163e-05,0.20983563484819925,2.2197653899516186e-09,0.0003167853688686971,5.530329441069214e-05,9.677117096176863e-06,1.855694574841439e-10,0.38925170402001064,2.7863571109426495e-05,2.8905210761210316e-08,0.012552208777745218,1.2661765938386771e-06,5.791604804198487e-05
31,8.26766951418376e-09,5.51551965991927e-06,6.695396160624902e-07,0.39110118831535967,2.9276222138503246e-05,3.654036219235422e-06,1.1999011593335334e-05,2.697638204998346e-05,1.4668487807236163e-07,0.00033259263909274356,2.048407019539052e-06,3.413168684667354e-05,2.932372971577589e-05,0.2112200046898865,2.0316071986441506e-09,0.0002844584778947844,5.771643100998427e-05,1.0828607158866807e-05,2.1318501418171144e-10,0.38391075822324056,2.5969283110091534e-05,2.638511973416399e-08,0.012852627577315066,1.3492340114932736e-06,5.8728404601551736e-05
32,6.345332068143865e-09,5.428671573327124e-06,5.171637585611829e-07,0.3857532319172681,2.904414162783004e-05,3.6934128515061786e-06,1.1007725691314281e-05,2.1754533417155392e-05,1.6128389229385908e-07,0.0003173593582361345,1.9745412710477504e-06,3.4140609140280414e-05,2.736431592148354e-05,0.2090129905995381,2.307814512649109e-09,0.0003254386371561373,5.695005688554816e-05,9.915187833062176e-06,2.0164134152280527e-10,0.39170670385761874,2.8937616046648584e-05,3.052218176582662e-08,0.012594079324303438,1.32557923617776e-06,5.794208976340179e-05
33,4.940225180404157e-09,4.458993333881025e-06,3.567315276278068e-07,0.37318944456114167,2.3956626982941567e-05,3.639331773440636e-06,7.648282914085136e-06,2.066103610159958e-05,1.2594823350691315e-07,0.00027621580612612425,1.974201697707902e-06,2.768976999543333e-05,2.7376996024918972e-05,0.23324912291747588,1.508754216420281e-09,0.000311117280781022,6.434240946581195e-05,9.103949267253433e-06,1.9519634583014077e-10,0.38010796238686945,2.443257252149781e-05,3.089098754196421e-08,0.012608665201749178,1.3895830246822044e-06,4.027787782895793e-05
34,1.2062124180175234e-08,7.3994596767370575e-06,8.088541742567134e-07,0.3683084374904945,3.7437576021680835e-05,4.382181884086619e-06,1.2970428546035046e-05,2.5790144942939167e-05,2.547028446529653e-07,0.00029473437067279747,2.3423957028765826e-06,4.408989692884071e-05,4.33238195633594e-05,0.19672767087421755,2.660837689841715e-09,0.00032784519515664605,6.565897508774252e-05,1.1640069905306745e-05,3.3170392411862025e-10,0.4226821979973216,3.132309995292831e-05,3.149294238827057e-08,0.011307085123731147,1.8968335372774876e-06,6.266396202882739e-05
35,1.0815945027712277e-08,5.600984506160094e-06,7.436534200711924e-07,0.4438491270442549,2.575783110674015e-05,3.924545145384999e-06,1.28652608728919e-05,2.867790350882734e-05,1.8405507947477138e-07,0.00038200543165743954,1.8621272142999142e-06,4.146891001601755e-05,3.228275658993611e-05,0.2071734091153187,2.0302824775072875e-09,0.00029665023577616126,6.345181533464837e-05,1.6511675543473196e-05,2.374771912888345e-10,0.3368758056533419,3.2433644787837644e-05,3.483746667817619e-08,0.01109059788234632,1.540080808751733e-06,6.505147219842317e-05
36,6.538019437977344e-09,4.465950441376617e-06,4.768571788824095e-07,0.38099520025310585,2.366682704648825e-05,2.693443459577352e-06,1.1147464665033573e-05,2.6588503921175506e-05,1.6372380571367298e-07,0.0002519526649733395,1.6902971015235035e-06,5.205719139120906e-05,3.886321672229027e-05,0.23210790598784034,2.46706531220076e-09,0.0003740968873449734,6.178550443529386e-05,1.0053584545269444e-05,1.8532143538455525e-10,0.37726908392412384,2.639717846643215e-05,3.8804102882885444e-08,0.008680025717750057,1.0229984333541986e-06,6.061382873899225e-05
37,5.821859301418933e-09,5.194924190682332e-06,4.907332092351399e-07,0.3838566940449137,2.8772424320624483e-05,3.5633260142531637e-06,1.0982085490045303e-05,2.170999736754363e-05,1.5354539878479514e-07,0.0003065610302049019,1.9516702807391113e-06,3.40146507843981e-05,2.6168994587309705e-05,0.21680331944001716,2.3328674873889604e-09,0.00032427246513156365,5.574258805081057e-05,9.532357812484231e-06,1.8483141806093222e-10,0.386029996982594,2.8347135615491674e-05,2.985317567711127e-08,0.012392494536267538,1.2043998434507526e-06,5.8794475171430496e-05
38,8.218932895609204e-09,5.7672318725523155e-06,6.458410418566167e-07,0.3521045380896114,3.8740423602766666e-05,4.523666969614122e-06,1.227590696645573e-05,2.0966104508535908e-05,1.988775919434218e-07,0.0003084477233132614,2.2935856873151604e-06,3.2058112353082936e-05,3.209122505443279e-05,0.18840161508595699,2.971503127376253e-09,0.0003565156908534771,5.918473089820759e-05,1.0430964509201351e-05,2.2954507149906738e-10,0.44644492630454224,2.8250252333598632e-05,2.5977253176611405e-08,0.012067219024177539,1.5261599573167586e-06,6.774760096415527e-05
39,5.857714818043169e-09,7.964222758622643e-06,3.2574068381604567e-07,0.3398174903912247,3.0247120439249133e-05,2.098258802858607e-06,1.0333518924409737e-05,1.369784326469326e-05,1.174455473900861e-07,0.0002937666182360583,1.6973467752677878e-06,3.092716519088198e-05,1.6952748638307254e-05,0.2723253772276817,1.4906023574495054e-09,0.00020383887934029315,3.707689069245563e-05,6.983679145292867e-06,1.4079052556632522e-10,0.3728342684151277,1.5506586233396127e-05,2.1004110557623434e-08,0.014296547146278524,1.0507185683391623e-06,5.370354322805352e-05
40,4.078763603981881e-09,4.03128853183932e-06,3.6112073841121403e-07,0.3995236290777884,2.2614473055419493e-05,3.7173693529003833e-06,7.179743043914131e-06,1.9253552581129444e-05,1.1005649750733223e-07,0.00031283464067227674,1.7244678901696018e-06,2.069752300838234e-05,1.9405439303072443e-05,0.1770951952592598,1.5516679513901821e-09,0.00034394708471842975,5.128237528809183e-05,8.196937230678761e-06,1.560140551181144e-10,0.40947320684738375,2.35273932410979e-05,2.3873907156239862e-08,0.01303048786705454,1.3230794086949587e-06,3.7244743598687295e-05
41,8.863270260545094e-09,5.616245324969143e-06,5.981544450147369e-07,0.32726512573842365,4.7748893786852293e-05,3.3641330865206848e-06,1.240220354671768e-05,2.052188887045688e-05,2.12096800798282e-07,0.0002181612243578418,2.0000156139624743e-06,3.3769186393862904e-05,3.748939932986906e-05,0.1896630400069261,2.7187967641384737e-09,0.0003446824273124888,5.885852729113882e-05,9.366990012532789e-06,1.647317996041943e-10,0.472582085603278,2.200936679490469e-05,2.0947336471900273e-08,0.009604026278052591,1.2019944628952703e-06,6.768693175371267e-05
42,6.361231811821843e-09,5.34862227317655e-06,5.072491911861321e-07,0.37940195793932624,3.0340812518987463e-05,3.54442373265133e-06,1.10191446303635e-05,2.056177822673148e-05,1.535240014790421e-07,0.0003040797418908367,1.9537068717470874e-06,3.282057944925638e-05,2.639195276715753e-05,0.21546321574332528,2.171193813839019e-09,0.00030378879726119243,5.574586290866613e-05,9.744646609549673e-06,1.8092408883821268e-10,0.3914730258310378,2.7056051664107745e-05,2.7432546656539763e-08,0.0127676692686196,1.2570451260749224e-06,5.978113267162335e-05
43,4.748354966444307e-09,5.073815048215475e-06,4.213646915429213e-07,0.3808324614535804,2.2726346878532573e-05,4.268765343142072e-06,9.237760495390604e-06,2.1654798666910425e-05,1.3574758625598022e-07,0.00045897844828184564,1.7029862404642688e-06,2.7314514223551584e-05,2.2679456413436858e-05,0.19389531847103567,2.229777228923764e-09,0.00035577820751407895,5.8342246236540874e-05,1.1175946996241033e-05,2.286355636843183e-10,0.41081877449872095,3.671076188757846e-05,3.5609579042651266e-08,0.013364548016580173,1.3472652927997872e-06,5.130631193946007e-05
44,6.109383782560179e-09,5.246622580260696e-06,5.073291521538012e-07,0.3874505455145756,2.8601648919093772e-05,3.5651584728695546e-06,1.0849227887872964e-05,2.1192940541175673e-05,1.5437748648074022e-07,0.00030922094930197863,1.928842809500139e-06,3.341620867801791e-05,2.637453758982163e-05,0.20983563484819925,2.2197653899516186e-09,0.0003167853688686971,5.530329441069214e-05,9.677117096176863e-06,1.855694574841439e-10,0.38925170402001064,2.7863571109426495e-05,2.8905210761210316e-08,0.012552208777745218,1.2661765938386771e-06,5.791604804198487e-05
45,6.044060512587193e-09,5.006257720324153e-06,5.418095398940806e-07,0.4025095456300758,2.8019181379704256e-05,3.702336748904036e-06,1.1190140237524421e-05,2.36430439680336e-05,1.5852850005061225e-07,0.00030403568793377437,2.0749409378335134e-06,3.380858163208925e-05,2.5934139256549054e-05,0.20429339755355852,2.4713447085919103e-09,0.00034679069385888526,5.379091475610944e-05,9.670010653327496e-06,1.8830912672153894e-10,0.3802350058540173,2.687307699094943e-05,3.0475948561229636e-08,0.012029205621604637,1.2776609449282592e-06,5.628915602181206e-05
46,6.207573465513469e-09,5.520242546780116e-06,5.161366941362112e-07,0.3849598022285835,2.9546483673329962e-05,3.49728407977713e-06,1.1435246279093581e-05,2.142338766125857e-05,1.5576570282056094e-07,0.0003182445590542865,1.9536615719080215e-06,3.371439060612233e-05,2.515067392006022e-05,0.21264740027939313,2.254242644405522e-09,0.00031351076130103174,5.192277001044601e-05,9.505659232809058e-06,1.8635711495055917e-10,0.38880115096271756,2.7461840693279755e-05,2.786996737669079e-08,0.01267829909498128,1.2529661690053364e-06,5.849908698775894e-05
47,6.457454661970266e-09,5.13398037037599e-06,4.953404438743134e-07,0.37050920929091485,2.7766496393376834e-05,3.184367868131763e-06,1.0398814389269459e-05,1.9080900324966713e-05,1.7017595614017567e-07,0.00028560776758033133,1.6323175791019226e-06,3.887656033135683e-05,3.3804930334876035e-05,0.18972779366827783,2.2672252560445086e-09,0.000334056926015404,6.012795153092104e-05,9.535231110903773e-06,1.8695862277254457e-10,0.4276879578598709,3.0056440832902976e-05,3.0682822465973875e-08,0.01115241914737173,1.2698625234628546e-06,6.138237551824502e-05
48,6.281672665800542e-09,6.153362754015638e-06,4.5189550640600197e-07,0.3801933674360947,2.6622400016588047e-05,3.894426097282243e-06,9.345966641337197e-06,2.0480588061021597e-05,1.4781895028425882e-07,0.00034430428078975156,2.0240818100065015e-06,2.9633707070749433e-05,2.665056698263129e-05,0.2060931829667217,1.7967837843603636e-09,0.00030104011937840736,5.9492607251435645e-05,9.111996345134314e-06,2.580347737346036e-10,0.3986970780428444,2.664601890902392e-05,3.0515500604070016e-08,0.014102609968530676,1.6274814884334088e-06,4.609541576413231e-05
49,6.10764659594243e-09,5.0978625103274465e-06,5.492387301934373e-07,0.40025667650652375,2.5721540312871647e-05,3.4779871241785366e-06,1.0773535923515752e-05,2.091860654510219e-05,1.5494921271208236e-07,0.0003157831732147196,1.83601266827734e-06,3.5587077077057854e-05,2.7333448537970526e-05,0.19820655464859238,2.2455985326470636e-09,0.00031443092046793943,5.44333456485389e-05,9.80798026733266e-06,1.8449006130127017e-10,0.3881987645436547,2.9072042958457347e-05,3.028214827433965e-08,0.012422573097865352,1.2873713646095607e-06,5.9127290916524857e-05
50,5.4381568182137304e-09,4.2286748273629715e-06,4.87750804169992e-07,0.4411179029718419,1.9669279833728632e-05,4.279210727865555e-06,5.302750014601762e-06,1.4060080405485363e-05,1.841462125630524e-07,0.0002128050037451503,1.5782424761120075e-06,2.406126944332397e-05,2.875075707363638e-05,0.13278608697328664,1.4709498174222833e-09,0.0003595472593657055,5.3294684550105086e-05,8.638286616560326e-06,1.686383539946115e-10,0.4157242557745858,2.5536519917082857e-05,2.327735174259255e-08,0.009573863729292779,1.8901840599727498e-06,3.354609582288707e-05
51,5.707241923201315e-09,7.133706305320911e-06,4.5431260307640943e-07,0.48550525836883046,1.5811826040860345e-05,2.7229271454164267e-06,9.562166223111197e-06,2.3747237657418235e-05,1.4263011021360583e-07,0.0003399831812107994,1.4929428987591805e-06,3.904215395982543e-05,1.7573611032215733e-05,0.22868573692889368,1.8855632412606024e-09,0.0002645321437427805,3.7086060300312477e-05,9.501977744952157e-06,1.943610995724947e-10,0.27558516573009795,2.219562099900249e-05,3.290271688288331e-08,0.009386691904499232,1.0224219041978773e-06,4.510145791708656e-05
52,6.094666147354043e-09,5.852490218908201e-06,5.42979449485966e-07,0.40540913069869894,2.8161510158850867e-05,3.2528770098842246e-06,1.1758103189381371e-05,2.0643406382054498e-05,1.646875942931577e-07,0.0003065354706263669,1.8144063148493112e-06,3.803640004941212e-05,2.6926386391623696e-05,0.19181689456867806,2.148868365586025e-09,0.0003090513470652485,5.197145209398081e-05,8.325615599055561e-06,1.9679750471437907e-10,0.38855015933251974,3.084640129199504e-05,2.8909153232377153e-08,0.01332186424643875,1.3285225380692152e-06,5.67017482059305e-05
53,6.543094592635874e-09,5.209276714467101e-06,4.93891151684785e-07,0.4040176805460007,2.2772944048857555e-05,4.19258120588843e-06,7.912955970129109e-06,2.0026624136751932e-05,1.5548946998018137e-07,0.0003074269943757601,1.771250581171598e-06,3.0318501613938256e-05,2.793322532836292e-05,0.2063574932649316,1.9108167094319493e-09,0.00031274052216097054,6.123971169868446e-05,1.1102568582480341e-05,2.103195760940154e-10,0.37764546095308843,2.8148961144708075e-05,2.91557936613027e-08,0.011084915792678658,1.3784339321936176e-06,5.1587691159998015e-05
54,6.4340245228135e-09,6.302033695063963e-06,4.619645190851265e-07,0.36264875694573473,2.962588862340912e-05,3.2480674755335695e-06,1.1652943861986444e-05,1.916246292656245e-05,1.6403456397240171e-07,0.0003070428686271513,1.774020743970431e-06,3.952173374879409e-05,2.6036374794238487e-05,0.2441174121124575,2.974522816966999e-09,0.00031109272204845505,5.277300002136641e-05,9.802407195226087e-06,1.821063886322669e-10,0.38156638414862803,2.6833884746510262e-05,3.022252641185118e-08,0.010744300675921737,9.750802905051368e-07,7.663681619605123e-05
55,8.161889297236932e-09,5.386688719353138e-06,5.792208840291171e-07,0.411470772282677,2.632355849036464e-05,3.0447187654611705e-06,1.0760019317280831e-05,1.7314673742014653e-05,2.504995471611688e-07,0.00024570180522206093,1.376518372872344e-06,4.9796300742778156e-05,4.45630741245906e-05,0.16532840121757655,2.2365562333936573e-09,0.0003539599143534311,5.658381034702497e-05,1.0720739501163405e-05,1.8617780968686826e-10,0.4138127066337689,3.273256318605073e-05,3.057204311261926e-08,0.00846446817704397,1.4123139738410165e-06,6.310411297773913e-05
56,6.5715207137688575e-09,5.307889607531379e-06,5.181305551073243e-07,0.37930160973806576,2.915326203878302e-05,3.5626064795830203e-06,1.087135671197211e-05,2.0860651186370543e-05,1.632808299330963e-07,0.0003038052469020599,1.8943656153934546e-06,3.527098289615707e-05,2.9421729189557184e-05,0.20904784023152867,2.259617580249395e-09,0.0003189516514369074,5.8293335796240395e-05,1.0074344404695652e-05,1.9351762166986687e-10,0.3986121604594312,2.8676986625489852e-05,2.9767595359502583e-08,0.012120060106912871,1.2976077198388426e-06,6.0167243814518415e-05
57,6.128247564839162e-09,5.085372403471033e-06,4.933169331933727e-07,0.37287910439711086,2.588457723143982e-05,2.9927579105021185e-06,1.0339763328794503e-05,1.960415785268099e-05,1.764334826119003e-07,0.00028589624187134386,1.498790132212818e-06,4.17588983144899e-05,3.5715655472273626e-05,0.18137044058424237,2.262864165018618e-09,0.0003471121260378491,5.9109778060663626e-05,9.196757451569206e-06,1.889313489087191e-10,0.4342561376244829,3.145935016420417e-05,3.218018189863587e-08,0.010557633284670175,1.224833378520721e-06,5.909453924287934e-05
58,6.7355465881562494e-09,5.364008942694048e-06,5.31643510065496e-07,0.3881817914628116,2.9061865731025288e-05,3.678679650380238e-06,1.0694964325853266e-05,2.045965652038353e-05,1.6829036911791474e-07,0.0003000483691356904,1.9695526982760378e-06,3.4686923904051395e-05,2.924179863379068e-05,0.2013968712033141,2.133251085815199e-09,0.00031947636539018416,5.649245438818328e-05,9.822110591114285e-06,2.0183064853225216e-10,0.3969102662995079,2.859407913574735e-05,2.919975728668229e-08,0.012603071328154174,1.45931961562569e-06,5.621135328434339e-05
59,6.430169626843905e-09,5.3163985797801195e-06,5.578068364488083e-07,0.39673100961307817,2.8313897240343822e-05,3.696249820309173e-06,1.0668376902472137e-05,2.0777738549246517e-05,1.6309562139347883e-07,0.00031017692019364227,1.969445100220488e-06,3.294814074792503e-05,2.7053146733818574e-05,0.1876890145837381,2.127579105699387e-09,0.0003250882630994616,5.343984596909829e-05,9.346094932888045e-06,1.984140536653803e-10,0.4016108421034746,2.8605412113011924e-05,2.818045302302333e-08,0.013055959266678878,1.4855280530641706e-06,5.353113592126601e-05
60,6.109383782560179e-09,5.246622580260696e-06,5.073291521538012e-07,0.3874505455145756,2.8601648919093772e-05,3.5651584728695546e-06,1.0849227887872964e-05,2.1192940541175673e-05,1.5437748648074022e-07,0.00030922094930197863,1.928842809500139e-06,3.341620867801791e-05,2.637453758982163e-05,0.20983563484819925,2.2197653899516186e-09,0.0003167853688686971,5.530329441069214e-05,9.677117096176863e-06,1.855694574841439e-10,0.38925170402001064,2.7863571109426495e-05,2.8905210761210316e-08,0.012552208777745218,1.2661765938386771e-06,5.791604804198487e-05
61,6.670778539927874e-09,5.457520543837995e-06,5.616960271411485e-07,0.3906051438051793,2.9393970532394747e-05,3.737988020393738e-06,1.099042305014026e-05,2.128496585418211e-05,1.6429546968663062e-07,0.0003147977704026567,2.0116677034956168e-06,3.32934966855119e-05,2.75187001656029e-05,0.19345997121812097,2.200954314113648e-09,0.000321395473597873,5.515014715105767e-05,9.626232392769532e-06,2.041856783465092e-10,0.4018755596891071,2.8571252279264676e-05,2.881897729383226e-08,0.013138234506786983,1.471425937214754e-06,5.562586009666799e-05
62,6.109383782560179e-09,5.246622580260696e-06,5.073291521538012e-07,0.3874505455145756,2.8601648919093772e-05,3.5651584728695546e-06,1.0849227887872964e-05,2.1192940541175673e-05,1.5437748648074022e-07,0.00030922094930197863,1.928842809500139e-06,3.341620867801791e-05,2.637453758982163e-05,0.20983563484819925,2.2197653899516186e-09,0.0003167853688686971,5.530329441069214e-05,9.677117096176863e-06,1.855694574841439e-10,0.38925170402001064,2.7863571109426495e-05,2.8905210761210316e-08,0.012552208777745218,1.2661765938386771e-06,5.791604804198487e-05
63,6.403111794151407e-09,5.743322058340797e-06,5.200490879378549e-07,0.38746593356615816,2.9187763834848704e-05,3.559149495871513e-06,1.1068210075918947e-05,2.1134347624534462e-05,1.6175153115272115e-07,0.00031523722348294,1.931688790981008e-06,3.430814706232832e-05,2.6358190940104142e-05,0.20823310106373355,2.3003672937772612e-09,0.00031624643564774255,5.437614609237535e-05,9.568747659217585e-06,1.9751171463895361e-10,0.3908251463347601,2.812125909347085e-05,2.9293875510735748e-08,0.012558639052251661,1.2941473989461915e-06,5.832520835339017e-05
64,6.042252814988589e-09,5.381476802166871e-06,5.103398959452876e-07,0.38826914737843893,2.7622866526374144e-05,3.637323303165812e-06,1.101280786747994e-05,2.098846211104752e-05,1.6292038014516586e-07,0.00032495098064203834,1.8537948918379698e-06,3.5941846450592805e-05,2.777279981297516e-05,0.20792224372433007,2.3493242450820494e-09,0.0003256769794003188,5.6406415664694635e-05,1.0007626252341234e-05,1.989770252288567e-10,0.3903925507245521,3.224128197670885e-05,3.163660955761383e-08,0.01247067702450003,1.2908767249613543e-06,5.988212231239482e-05
65,7.368442106016424e-09,5.167305788666435e-06,5.469490906820742e-07,0.3901964426595809,3.319668150390621e-05,3.971239724602143e-06,9.781823654649787e-06,1.9893689691723262e-05,2.0156143543409502e-07,0.0002328698595057091,2.3294177399748364e-06,3.505189326265863e-05,3.5218798884130067e-05,0.1937144951450026,2.0774897793801364e-09,0.00035519136379945593,6.589353565108218e-05,9.191986718695808e-06,2.1260574902921085e-10,0.4026498470664434,2.5941258322343918e-05,3.1234211963218886e-08,0.0125526953067496,1.7556499333190086e-06,5.027591476682391e-05
66,4.660556479504647e-09,4.975877604325751e-06,4.0892470760434775e-07,0.43537977818923096,2.1243811759620467e-05,3.003743725919513e-06,1.0578768804703597e-05,2.3720501464393844e-05,1.3296266858138656e-07,0.00027568112873914674,1.8916893776151362e-06,3.818840014735487e-05,2.0687184625550806e-05,0.2618134874875781,2.1141348757165625e-09,0.0002988596503236764,4.636122168448845e-05,8.650001931779623e-06,1.6028338950444542e-10,0.2909965126009948,2.4055927633547548e-05,3.2702481182189556e-08,0.010978688881981632,9.410012391988824e-07,5.2112406321245386e-05
67,1.039828584799596e-08,1.1751543243896735e-05,1.063076641655297e-06,0.45045416086369405,4.2819912955730116e-05,3.098876817045939e-06,3.6065612588056854e-05,4.5553695267528624e-05,2.8249908099648926e-07,0.0004898753622435986,3.0169131818876945e-06,7.75611188628789e-05,2.249676831256074e-05,0.21524933467324092,6.018092086655262e-09,0.00041260837229608715,4.252901171166728e-05,1.0123934381568273e-05,3.678636727523658e-10,0.3195446183359595,3.85829282273827e-05,5.864558618434209e-08,0.013425572388861443,1.3584615245190995e-06,8.745022107935523e-05
68,6.214801474412704e-09,5.6764587993400184e-06,3.890606965940147e-07,0.29848263589987717,5.222288516408841e-05,4.3955164758531505e-06,1.2251529087268133e-05,2.1328340627261084e-05,1.8978217007694077e-07,0.0002544863286880689,2.7082747530404943e-06,2.9043079237066378e-05,2.820486952681608e-05,0.25130162798897904,4.502597932190467e-09,0.00041584484578775094,7.162661750305712e-05,1.0020388347359738e-05,1.9977187335311253e-10,0.43853292527840027,2.3356334609216462e-05,3.333078786127803e-08,0.01067388167539933,1.0573320300857843e-06,7.608326588201399e-05
69,6.902047504520924e-09,5.662543260465836e-06,5.149846876720861e-07,0.387957192322106,3.0163977568401915e-05,3.6042897933442665e-06,1.2406350600282252e-05,2.1322000447462912e-05,1.7134761260097766e-07,0.000322568265064915,1.910403388496128e-06,3.8956058402169864e-05,2.7354508635234987e-05,0.2436071202065487,2.789864267760977e-09,0.00030897852061796834,6.192039538333888e-05,1.1855590175901413e-05,1.8273482640078783e-10,0.355949887247079,2.8490753317374233e-05,3.429733960431053e-08,0.011530562184400892,1.0470125939979964e-06,7.826686632949253e-05
70,5.307016062754931e-09,1.0085798101663781e-05,6.56023341958593e-07,0.46697749550256074,3.6195718700929785e-05,7.19128108206862e-06,1.9231536553788995e-05,2.2787913721238137e-05,2.4105014447112126e-07,0.0006012395149215921,4.141489729898076e-06,4.208508157053276e-05,1.7294327225894453e-05,0.21392853227680755,3.5200416022488413e-09,0.0003378368625788797,5.078268822311326e-05,8.444734469170696e-06,5.793186359289316e-10,0.281065327716304,8.670912218747863e-05,6.595529404371601e-08,0.03672410150969292,3.303699944145211e-06,5.6240790467621335e-05
71,6.991088189498448e-09,4.954940761902532e-06,9.305945247935328e-07,0.54352681357772,2.129712822644902e-05,5.556684648867667e-06,1.5618796756312303e-05,3.371820701587819e-05,1.917151860390291e-07,0.0003570114182739549,3.3190167100541294e-06,4.348258335399885e-05,2.032518043057298e-05,0.23069794528130508,3.2788868693788283e-09,0.00032252563988425154,5.090947792796454e-05,1.35468577254449e-05,2.5651467487257026e-10,0.2112413309220658,3.5748505929255776e-05,4.9601366202624336e-08,0.013539751956964134,1.5460917288275456e-06,6.341529500451512e-05
