,0,1,2,3,4,5,6,7,8,9,10,11,12,13,14,15,16,17,18,19,20,21,22,23,24
0,1.8066342002711432e-05,0.002831246222706107,0.0007060957161521605,0.9582614823282152,3.0077104660562985e-05,0.0027582385944174563,5.095187834808419e-06,0.005209295272032191,5.842623144898023e-05,0.00015501696436514705,0.0014472067569454813,0.0022951836482856514,1.755218830070297e-05,4.4232431345431784e-05,0.002193861986347117,0.009074896539349217,4.384644051366757e-05,0.0026812483549814485,5.369586097006328e-05,0.0005592581971896059,0.006238013756479336,0.004508865679595743,0.0007838490499650099,1.1630017072590236e-05,1.3619128823638968e-05
1,1.1699197651050562e-05,0.0007706055280702192,0.000372682552416021,0.9793289065859102,1.4345351245947782e-05,0.001157469267872916,2.158123713800447e-06,0.004265286590582222,3.593927298257121e-05,0.0001207139665952016,0.0008034995254929819,0.0006373491608799232,1.8987892592356052e-05,1.1594721808512998e-05,0.0005356794361091925,0.006686479151375805,1.884891065803935e-05,0.001435332258857382,2.7346183168806978e-05,0.0005097733534894786,0.0015748667792960778,0.0013724052770848504,0.00028063481974347073,4.32941029806555e-06,3.066682105045836e-06
2,1.2782012118372541e-05,0.0009034356358184509,0.0003729244934407782,0.9757881863069812,1.7556059024776843e-05,0.0013060943353287674,2.483923722803507e-06,0.005071477000147018,4.135232234326304e-05,0.0001420278651605185,0.0011255229554408615,0.0009570938443602565,2.0930220644559797e-05,1.9060363877351245e-05,0.0009141186210637135,0.006204363335578827,2.3127612430472567e-05,0.0019989471635396194,2.4876809682588358e-05,0.0007355797093467949,0.002377327075188432,0.0014733135659311528,0.00045721037607977756,5.454187008898401e-06,4.754205740840098e-06
3,1.1082187567285368e-05,0.0008107263472553547,0.0003316618265295342,0.978652827032929,1.3177363810895658e-05,0.001218033256735438,2.402001590988903e-06,0.004139315275380979,3.213301223981215e-05,0.00011258388582054005,0.0008264670266168704,0.000796717273912123,1.7543071986166175e-05,1.4403073730463811e-05,0.0006338658605174817,0.006297574354137317,2.0915257489260408e-05,0.0016739898626338067,2.3461168636745174e-05,0.0005271036271190117,0.0019475713070727142,0.0015419529720283225,0.00034578817860816133,4.979119641291685e-06,3.725656010239036e-06
4,1.1675797991885164e-05,0.000787965505411162,0.0003366983659275418,0.9781101020855072,1.3748166150190773e-05,0.001237479633867914,2.516527479974472e-06,0.00421445063948446,3.119317561734792e-05,0.0001160777814302932,0.0008223785160191696,0.0007881471987009812,1.991126494595107e-05,1.5791198231265768e-05,0.0006223130305357018,0.0066869287465584635,2.1685995046627848e-05,0.001826820238302556,2.528593911487337e-05,0.0005696775821558888,0.0019230415432261898,0.0014528833604043423,0.0003540415453595842,5.510637366545234e-06,3.675525164058602e-06
5,9.890517335107172e-06,0.0006834334318178396,0.0002534513935581832,0.980761649943601,1.0960974366255643e-05,0.001115091353881156,2.089116314165909e-06,0.003650977397916443,2.6457703161300326e-05,9.566446070601455e-05,0.0007164013757248403,0.00065131427772816,1.647784390226177e-05,1.279522159712141e-05,0.0005230579859754196,0.005908835519390475,1.8298087521162254e-05,0.0017765351693673696,2.0471220327544242e-05,0.0005019400039874565,0.001633012247696661,0.0012911942075434376,0.00031252335808790307,4.4542161463253746e-06,3.0229723463694126e-06
6,1.1082187567285368e-05,0.0008107263472553547,0.0003316618265295342,0.978652827032929,1.3177363810895658e-05,0.001218033256735438,2.402001590988903e-06,0.004139315275380979,3.213301223981215e-05,0.00011258388582054005,0.0008264670266168704,0.000796717273912123,1.7543071986166175e-05,1.4403073730463811e-05,0.0006338658605174817,0.006297574354137317,2.0915257489260408e-05,0.0016739898626338067,2.3461168636745174e-05,0.0005271036271190117,0.0019475713070727142,0.0015419529720283225,0.00034578817860816133,4.979119641291685e-06,3.725656010239036e-06
7,1.0176236744346067e-05,0.0009571312962377354,0.0003094222223482618,0.9775872850707582,1.3897374760601208e-05,0.00140749051730643,2.3984840842883324e-06,0.0037087687561762287,3.3192068386912456e-05,9.844626248428241e-05,0.0008432609722301167,0.0008986198441551291,1.464106795058339e-05,1.6790875125012384e-05,0.0007485984173582357,0.006284040038269561,2.168797208737751e-05,0.0019430222733528308,2.250195464369301e-05,0.0005281449561858191,0.0024429425779299574,0.001672921995771426,0.0004250750458573583,5.05667222153417e-06,4.4870475741215225e-06
8,5.433712561744849e-06,0.001566564089595011,9.014402243783284e-05,0.9677479818119497,1.6140221547608914e-05,0.003186112629580133,1.236070082099221e-06,0.004743826350750711,4.77245275173698e-05,4.212813266528841e-05,0.0005993415394631292,0.0003994379913488131,1.449482721218552e-05,5.038168442248304e-06,0.0006512487592364085,0.009232275923820648,1.727922477676491e-05,0.007698001541866921,4.922569726216014e-05,0.000455683639512543,0.0012650449794165003,0.0019472819868346276,0.00021464837868017569,2.0393908668203197e-06,1.6663825724976561e-06
9,1.1137907160811842e-05,0.0007910917814376914,0.0003328163528552228,0.9792631984078213,1.25188588948941e-05,0.0011443502621345926,2.390364588440599e-06,0.004047446146128944,3.103585025667559e-05,0.00011465447425729105,0.0008428541491168988,0.0008124078880690178,1.664837229172454e-05,1.5048357154798214e-05,0.0006506267393035857,0.005940407646390058,2.058229751344113e-05,0.0015551017457512309,2.1577209745758102e-05,0.0005191506659759152,0.001975403991286248,0.0015111488581323778,0.00035945309498536867,5.025293425906636e-06,3.923285322013346e-06
10,1.1082187567285368e-05,0.0008107263472553547,0.0003316618265295342,0.978652827032929,1.3177363810895658e-05,0.001218033256735438,2.402001590988903e-06,0.004139315275380979,3.213301223981215e-05,0.00011258388582054005,0.0008264670266168704,0.000796717273912123,1.7543071986166175e-05,1.4403073730463811e-05,0.0006338658605174817,0.006297574354137317,2.0915257489260408e-05,0.0016739898626338067,2.3461168636745174e-05,0.0005271036271190117,0.0019475713070727142,0.0015419529720283225,0.00034578817860816133,4.979119641291685e-06,3.725656010239036e-06
11,1.1685691237782475e-05,0.0007767664777483853,0.00033920286823913134,0.9779554535856748,1.3237030180624574e-05,0.0012209279804931755,2.512022838556088e-06,0.0045100538235950905,3.221932031338057e-05,0.0001186228000556284,0.0008138231069895727,0.0007893914313779987,2.0195045815724735e-05,1.4420175331540543e-05,0.0006109866346122213,0.006679970335154107,2.200419015865239e-05,0.001761086289320472,2.5095468206424118e-05,0.0005612475721864007,0.0018662032132429447,0.0015092586286160061,0.000336701753034166,5.37951061337491e-06,3.5550449637169338e-06
12,1.4781078069971413e-05,0.0009628264249875239,0.0007017543295448233,0.9540490095860659,2.517984770852591e-06,0.0006002976931377188,1.2553870180524584e-06,0.02902920474479823,4.394658166074319e-05,0.00022596314128114299,0.0006522525686640684,0.0006610007110534709,2.2452211363273303e-05,1.2986197468460821e-06,0.0006091015963596292,0.006017127836341814,1.7878490621220324e-05,0.0002977666731446295,3.9766188811586244e-05,0.00013044186615666312,0.0007137860461708902,0.005154796781880618,4.7096292995557006e-05,2.6508691108004007e-06,1.0262962439165507e-06
13,9.648516022251526e-06,0.0010083524196010292,0.000300165801796577,0.9788930609641135,1.3134386860407202e-05,0.0015428132822830722,2.3664686482504896e-06,0.0037844004558754995,3.292989394213915e-05,0.00010177156041961552,0.0006149135834797525,0.0006609745148473591,1.5936395443488147e-05,1.0960993267164078e-05,0.0005389954778012648,0.006379481276117771,2.119805323993126e-05,0.0016597810853017172,2.7843582967513575e-05,0.0004519649794245954,0.0017935823124832612,0.001816884000849709,0.00030996127882066174,5.1771551245913506e-06,3.7015612689105354e-06
14,1.7834057599488698e-05,0.0007827128083250065,0.0004998160572153898,0.9701992819857893,8.772326483777742e-06,0.001013516670821053,5.232319755151669e-06,0.008007912581125884,4.1524246605243046e-05,0.00014878710789795324,0.0009424633726320845,0.0025273117414955823,1.39763615254362e-05,2.4653555393686817e-05,0.0010675916902821668,0.005765332415394825,3.751444655413374e-05,0.001018236446993073,1.2991771215566977e-05,0.00043506695532614183,0.003814868369729634,0.003066396225900074,0.0005292108806327222,9.117947300929869e-06,9.877658005495721e-06
15,1.1082187567285368e-05,0.0008107263472553547,0.0003316618265295342,0.978652827032929,1.3177363810895658e-05,0.001218033256735438,2.402001590988903e-06,0.004139315275380979,3.213301223981215e-05,0.00011258388582054005,0.0008264670266168704,0.000796717273912123,1.7543071986166175e-05,1.4403073730463811e-05,0.0006338658605174817,0.006297574354137317,2.0915257489260408e-05,0.0016739898626338067,2.3461168636745174e-05,0.0005271036271190117,0.0019475713070727142,0.0015419529720283225,0.00034578817860816133,4.979119641291685e-06,3.725656010239036e-06
16,1.0538375906746724e-05,0.0013633743826225544,0.00035374291844369733,0.9789541894930643,1.3682526044271759e-05,0.0014451353194385058,2.242478709526529e-06,0.004598192575295066,4.749923829120187e-05,0.00012035189153656139,0.0006816729848840951,0.0006926411066485777,1.3721945534908482e-05,9.095481402890631e-06,0.0006538946964246012,0.005209480632947327,2.0753302953964093e-05,0.001109132485077259,2.768945566161235e-05,0.0003733210037713145,0.00169209509953992,0.0022924729182444183,0.00030553531880534373,4.614530704960959e-06,4.92983804626918e-06
17,1.1288830485395767e-05,0.0006015372261205615,0.00028301324531370336,0.9807538289440699,1.1842079223382135e-05,0.0009180967613204283,2.8336280207936668e-06,0.0037910112942155846,2.8692881734459178e-05,9.150551317755451e-05,0.0008054212646832659,0.0009438040986449263,1.5793076339522407e-05,1.7137271467491185e-05,0.0005482520218441526,0.005576465758995721,1.9269800445571314e-05,0.0014742052602115636,1.4986860159367454e-05,0.00048651219662153435,0.001870440628290936,0.0013761033772116682,0.0003495176852022156,4.558047706152767e-06,3.88224849435229e-06
18,1.126620276495232e-05,0.000826511195509899,0.0003297954731323404,0.9785170636087448,1.3353833217230879e-05,0.0012302445438198036,2.4477570276793015e-06,0.004145693490017063,3.2595863080109655e-05,0.00011318246087561017,0.0008345754531772436,0.0008015959861091822,1.757776575175141e-05,1.4701632274813329e-05,0.0006432592041649482,0.006276412154362845,2.156642281646465e-05,0.0017124797799565304,2.3809030667980212e-05,0.0005310125316738965,0.001965712555353508,0.0015719875899789322,0.0003542074354168746,5.0832502078537436e-06,3.864779897763523e-06
19,1.4718106854569794e-05,0.0011072754509149553,0.0002822930288280532,0.9757444843728563,1.670526318323417e-05,0.0011456295995986184,1.970541923326575e-06,0.003501333611800246,3.10451368168637e-05,8.477782704648824e-05,0.0011535220290387347,0.0006971872763105552,1.6710685422081808e-05,2.9402046966825866e-05,0.001045374922579983,0.006923745872115651,2.204173447533919e-05,0.0032834320094425455,3.2044777992023465e-05,0.000596818372638338,0.0025300676174877966,0.0011626692092875346,0.000566742066875358,5.524789237277616e-06,4.483650307437357e-06
20,8.310317377693966e-05,0.00011722791762416972,0.002063443421686323,0.9658333334603207,0.0002817320634957138,0.0013225010043335633,1.1109848108992288e-05,0.0007470736966907184,4.886754216464282e-05,0.00035306838993094425,0.0005241768775435165,0.00015653758533953427,0.00017443252109075255,6.36152811739925e-05,3.313101699590576e-05,0.020124253995686042,7.900670304344512e-05,0.0016436753856166081,0.00010640381478980368,0.0035347628145916375,0.0012850432862090797,8.587273576354819e-05,0.0012875562766398797,3.352109648529876e-05,6.5500908982095365e-06
21,1.0693924731264531e-05,0.0006454813620961017,0.00028059239652398056,0.980706164286584,1.1830466520127466e-05,0.0010168346896198223,2.177477321038786e-06,0.0035310137179331486,2.7584125943137628e-05,9.9989429913512e-05,0.0008646898959967527,0.0007563458886308603,1.5942173261196423e-05,1.5854529253274996e-05,0.0005875593943298909,0.005934843902922559,1.730906206048857e-05,0.0016543494868210184,1.903629483824492e-05,0.0005130235274402282,0.0017233463496373828,0.001224677619396993,0.0003331903863451237,4.196182988200754e-06,3.2734288917723007e-06
22,1.0522725993790116e-05,0.0006542937296379232,0.0003153662129837404,0.9802069720998401,1.1925001489360659e-05,0.0010508639225310311,2.25435183307779e-06,0.00373101178558791,2.8339443688725087e-05,0.00011070517378518973,0.0008569882991086079,0.0007239794684723278,1.6716009010668216e-05,1.3159187567592558e-05,0.0005518806021689649,0.005994045186277622,2.0337517474445362e-05,0.0016112787451302664,2.0405675544315632e-05,0.0005237168062753271,0.0018178039483192402,0.0013987164429079102,0.0003211741514884627,4.3441800529319504e-06,3.199332830459265e-06
23,1.1082187567285368e-05,0.0008107263472553547,0.0003316618265295342,0.978652827032929,1.3177363810895658e-05,0.001218033256735438,2.402001590988903e-06,0.004139315275380979,3.213301223981215e-05,0.00011258388582054005,0.0008264670266168704,0.000796717273912123,1.7543071986166175e-05,1.4403073730463811e-05,0.0006338658605174817,0.006297574354137317,2.0915257489260408e-05,0.0016739898626338067,2.3461168636745174e-05,0.0005271036271190117,0.0019475713070727142,0.0015419529720283225,0.00034578817860816133,4.979119641291685e-06,3.725656010239036e-06
24,1.3974623765593656e-05,0.0010854929209775633,0.00048232333709785223,0.9732061648994219,1.6227482889375332e-05,0.0014693478666139733,3.0396463429117774e-06,0.005478075685058189,4.122183119197751e-05,0.0001440011881788176,0.0009952143314446108,0.0010249414697336356,2.1581051950511315e-05,1.743025966392733e-05,0.0008796483713172737,0.007365748665137396,2.952932000097046e-05,0.001865345860298611,3.1678153098441596e-05,0.0006177866299981272,0.002727910678004232,0.0020293459921928076,0.0004419395838717882,6.991282481714661e-06,5.038869267871641e-06
25,1.1909564993041287e-05,0.0004835642374469677,0.00031108639338687816,0.9796982020885876,1.0873366640866509e-05,0.0008364642729582172,2.5226741363662297e-06,0.004773346823866095,2.720862254111229e-05,0.00012014654671261416,0.0009394095394911773,0.0008629417543021785,2.0809351800742932e-05,1.5139347462568582e-05,0.0005519212978845366,0.006011763141932983,1.9705841122833773e-05,0.0015515811574862742,1.6444608180959923e-05,0.0005939447399616868,0.0016407381456803297,0.0011838816212162335,0.00030889741261790597,4.519506823488209e-06,2.977942766433538e-06
26,7.851077069974097e-06,0.0004820448504047296,0.00033299852709116746,0.9779309947771387,8.092066433362156e-06,0.0007214902810363553,2.346535541929574e-06,0.004642672051989913,1.561779469672028e-05,0.00011913459014179176,0.0010355286469246367,0.002301020747775901,1.3899143315523642e-05,2.7159840651889248e-05,0.0009858009804338097,0.006230987329406148,9.946373780363177e-06,0.0009372519851095008,1.0504420708133392e-05,0.00039401068655911715,0.0020467083400135086,0.0015147411158463971,0.00022262986572568012,3.929604085422978e-06,2.6383681192097326e-06
27,1.0755422523146697e-05,0.0009742812934573898,0.0002650721557774199,0.9795939907082033,1.1863398506170648e-05,0.0012378000706948235,2.2170530778292968e-06,0.00437385835904176,3.636852580597366e-05,0.00010980543939411137,0.0008015780582313236,0.0007534768504078229,1.471539075528785e-05,1.2418583462164268e-05,0.0006844547238664008,0.005400961831076935,1.9415447880773975e-05,0.0015373425014389714,2.3546321032046105e-05,0.000429129490338252,0.0015649831592482691,0.0018213743786851852,0.0003120020267240801,4.386069841684103e-06,4.202740528975705e-06
28,1.1082187567285368e-05,0.0008107263472553547,0.0003316618265295342,0.978652827032929,1.3177363810895658e-05,0.001218033256735438,2.402001590988903e-06,0.004139315275380979,3.213301223981215e-05,0.00011258388582054005,0.0008264670266168704,0.000796717273912123,1.7543071986166175e-05,1.4403073730463811e-05,0.0006338658605174817,0.006297574354137317,2.0915257489260408e-05,0.0016739898626338067,2.3461168636745174e-05,0.0005271036271190117,0.0019475713070727142,0.0015419529720283225,0.00034578817860816133,4.979119641291685e-06,3.725656010239036e-06
29,1.1082187567285368e-05,0.0008107263472553547,0.0003316618265295342,0.978652827032929,1.3177363810895658e-05,0.001218033256735438,2.402001590988903e-06,0.004139315275380979,3.213301223981215e-05,0.00011258388582054005,0.0008264670266168704,0.000796717273912123,1.7543071986166175e-05,1.4403073730463811e-05,0.0006338658605174817,0.006297574354137317,2.0915257489260408e-05,0.0016739898626338067,2.3461168636745174e-05,0.0005271036271190117,0.0019475713070727142,0.0015419529720283225,0.00034578817860816133,4.979119641291685e-06,3.725656010239036e-06
30,1.1082187567285368e-05,0.0008107263472553547,0.0003316618265295342,0.978652827032929,1.3177363810895658e-05,0.001218033256735438,2.402001590988903e-06,0.004139315275380979,3.213301223981215e-05,0.00011258388582054005,0.0008264670266168704,0.000796717273912123,1.7543071986166175e-05,1.4403073730463811e-05,0.0006338658605174817,0.006297574354137317,2.0915257489260408e-05,0.0016739898626338067,2.3461168636745174e-05,0.0005271036271190117,0.0019475713070727142,0.0015419529720283225,0.00034578817860816133,4.979119641291685e-06,3.725656010239036e-06
31,1.6377831772635078e-05,0.0008312626721985383,0.0005160455001408242,0.9721426394955707,1.3952276572123754e-05,0.001129702784043434,2.9379892367350742e-06,0.007130636189069967,3.5163152905035166e-05,0.00013047277104933565,0.0008517912956097603,0.000985464138738286,3.0452365226230063e-05,1.5602411006372234e-05,0.0006940089033695627,0.008562619458426304,2.7856385542409537e-05,0.0018789030517056225,3.282766187229146e-05,0.0005995618108424096,0.0023328512609413206,0.0016902845822693404,0.000337965992211742,7.269377500792943e-06,3.350642178157603e-06
32,1.1883622216636675e-05,0.0008690907149433918,0.0003461871992076104,0.9780404664013325,1.3909220494891636e-05,0.001264396219407238,2.42025022053246e-06,0.004229998353976718,3.310286651407509e-05,0.00011391499839994844,0.0008155793857409201,0.0007533191760368127,1.8936384316852278e-05,1.444073200081469e-05,0.0006292231801369735,0.006635330794123837,2.1991499609137268e-05,0.0017830128514284506,2.726609354172862e-05,0.0005295856479955719,0.001924102528384323,0.0015682621937635995,0.0003445680739912086,5.3019271179972365e-06,3.7096850983784316e-06
33,1.0472439276229955e-05,0.0007188948450328022,0.00043089844272590534,0.9780880249490584,1.7882979309097112e-05,0.0010983292729420289,2.480484303885487e-06,0.0036324541118518115,5.127904305357007e-05,0.0001389062461810357,0.0018837705690289775,0.0012775962969666815,1.0087843779628142e-05,1.9870244259389666e-05,0.001216742760398908,0.0041697545151991745,1.697453742489792e-05,0.0010846031784568556,1.0580045013557184e-05,0.000659144384037707,0.0035202318316577908,0.0013297623817949624,0.0006017749041368864,2.790403742100179e-06,6.693290367438576e-06
34,2.2672755316627906e-05,0.0007942994864074455,0.0004732103529995668,0.9769119502497126,1.879611337247585e-05,0.0008613319112376909,2.4985668621459675e-06,0.004722661736506033,3.8446947610715994e-05,0.00011911599273590825,0.0011556861603229517,0.0006609753980087647,2.5903687396138934e-05,2.199817689859531e-05,0.0006694045550845678,0.007536057190049917,2.414155988405574e-05,0.001985941875914391,3.745683803911185e-05,0.0005716384361463738,0.0018269677978254733,0.001136426294244532,0.0003731307013187894,5.608977319400468e-06,3.678238785805266e-06
35,1.530019520063174e-05,0.0012184246246471583,0.0002444196035678632,0.9772463327685549,1.0659128044604078e-05,0.0010476846139615972,2.0584279246975203e-06,0.007573302665212448,5.85392568762044e-05,9.811939925102132e-05,0.0006788552192416073,0.0005726641276454549,1.6033176617809476e-05,6.7705979821309095e-06,0.0005845043537883893,0.005405760699651548,2.0799404487029278e-05,0.0013066783856419677,3.217513290686341e-05,0.000277242152113037,0.0009703845104552627,0.002415574741457771,0.00019066988873983742,3.49670790483372e-06,3.550218125484998e-06
36,1.3208065303459029e-05,0.0007181988760970019,0.00031008076134335556,0.9725991121855874,1.1028210253410797e-05,0.001123524964280658,3.5814107572467382e-06,0.006597077730918923,3.255833459220114e-05,0.00012380786316500524,0.0009929511857838195,0.0015645942682950425,2.2816103862722608e-05,1.9985998993867863e-05,0.000815246778181262,0.007349200135149355,3.0126901519048292e-05,0.0022474531812059066,2.112574293549274e-05,0.0005805420444846236,0.002155031511933773,0.0022958090358286727,0.0003619810154043076,6.526009382662351e-06,4.431684740809397e-06
37,1.0919888378145897e-05,0.0008465743163901284,0.0003356980176680939,0.9784884252567456,1.3265658915727105e-05,0.0012498989631464128,2.3608789672516837e-06,0.004337603010730044,3.424117043018095e-05,0.0001159187079481625,0.000828312652609124,0.0007957079384773233,1.736236384886468e-05,1.3303754523524578e-05,0.0006425960580949973,0.006211647478200325,2.099771223858101e-05,0.0016164137231571632,2.3929530553171238e-05,0.0005186238620573386,0.0019076246479457495,0.001624352610418179,0.00033564062668175435,4.819116916069904e-06,3.762054958294706e-06
38,1.227804504926838e-05,0.0009235882790449551,0.00038911019967080194,0.9736952572996156,1.4978672124424721e-05,0.0015899064088754913,2.8546798181911264e-06,0.004590128221731583,3.223094585174279e-05,0.00012179843282425284,0.0009105481040334466,0.000929449044862224,2.234799467487037e-05,1.799804269878951e-05,0.0007704383387919632,0.008363596148769237,2.5264609518879237e-05,0.0023654334353549636,3.2855215738620487e-05,0.0006281810334858232,0.002441544498682611,0.0017133598898607981,0.00039648472068462147,6.539415730420364e-06,3.8283225062560805e-06
39,1.0671910253491075e-05,0.0009063929458605703,0.00039940483070920847,0.9758069873464064,1.3467840904105058e-05,0.0014138318493881422,2.4877592408321176e-06,0.00484971656991739,3.386131380675296e-05,0.00011101101208330851,0.00074774265534117,0.0008873298460112001,1.8922941951124267e-05,1.2828416824609069e-05,0.0006600735132459424,0.007186212948863935,2.3667380401925965e-05,0.0017307363320325886,2.622174383445837e-05,0.0005450998160674124,0.002466877217259877,0.0017862601407884625,0.0003510639942559985,5.540841161883907e-06,3.588833389420004e-06
40,7.543952710601742e-06,0.0005372424099513071,0.00017928910939743397,0.9840684389164885,6.411511018685022e-06,0.0009607526376222753,1.4580566965408141e-06,0.0041413274544329325,2.4398349006377112e-05,0.00010236542226049141,0.0005494657006296393,0.0004064461734908901,1.4200967686052308e-05,5.67356022732143e-06,0.0003636690668345072,0.004633714107824293,1.4774336903492547e-05,0.0012454322391228189,1.644474224119039e-05,0.00040796291577824,0.0009180042462460686,0.001193319713406553,0.0001965008037802511,3.156568657365187e-06,2.007037586204017e-06
41,1.2267023780253194e-05,0.0009719478680298979,0.00046133655169491785,0.9735225674063872,1.4437329597239591e-05,0.0015893135246815438,3.7500376658424745e-06,0.0046130825271274946,3.358991295915833e-05,0.00014731191653550083,0.0009082744672964913,0.001301899771589473,1.9837938870216963e-05,1.9396746483231208e-05,0.0008082615891445612,0.00684838478915613,3.512856349618396e-05,0.0018691073141681332,2.5735524380143464e-05,0.0006493137291806737,0.0032106597195239815,0.0024125894629209773,0.0005071562822254823,8.462027182663709e-06,6.187975922649553e-06
42,2.7671767481482792e-05,0.0005618969951467507,0.0003439839511419744,0.9555353188606938,8.295783344321666e-05,0.0021129942074547383,1.1888599525854e-05,0.0012846472510242082,3.659975618384438e-05,0.00033151243901214386,0.003849663028814518,0.002086305036447043,3.162738465109626e-05,0.0005550662708828814,0.0021405836730643475,0.005330773961370481,4.411603992066893e-05,0.008240169081679133,1.6314731368424813e-05,0.004030858499770761,0.006920478920100868,0.0004971923701350985,0.005858246945688526,2.6684955243131073e-05,4.244743975508634e-05
43,8.343349625981967e-06,0.0007961305510412769,0.00034799742038429444,0.9771619859389302,1.180722084253539e-05,0.0015703502958799157,2.170091962918044e-06,0.004944290522789195,3.1058316006506566e-05,0.00013190675823077569,0.0006315242877005839,0.0006995917063666179,1.9526315629104747e-05,8.179318771351757e-06,0.0005416315168723951,0.006648766936661497,2.2861127965545234e-05,0.0016179062197062412,2.5058658131734165e-05,0.000585936080764137,0.002112135157108105,0.0017940022738764123,0.0002790749048311907,5.0378035824241254e-06,2.727226338891987e-06
44,1.1082187567285368e-05,0.0008107263472553547,0.0003316618265295342,0.978652827032929,1.3177363810895658e-05,0.001218033256735438,2.402001590988903e-06,0.004139315275380979,3.213301223981215e-05,0.00011258388582054005,0.0008264670266168704,0.000796717273912123,1.7543071986166175e-05,1.4403073730463811e-05,0.0006338658605174817,0.006297574354137317,2.0915257489260408e-05,0.0016739898626338067,2.3461168636745174e-05,0.0005271036271190117,0.0019475713070727142,0.0015419529720283225,0.00034578817860816133,4.979119641291685e-06,3.725656010239036e-06
45,1.1840149564447837e-05,0.0007968566155794851,0.00034900659678218683,0.9755852643001847,1.1727149701975683e-05,0.0012448313504759949,2.6691934680921943e-06,0.006032145818201682,3.303804565980211e-05,0.00012749552540220285,0.0007706720240315228,0.0008616281519141055,2.2633593291286367e-05,1.2377453128105118e-05,0.0006451884381809312,0.007386862874916584,2.256274836687883e-05,0.0016926201724633224,2.6984887370087937e-05,0.0005238673272432002,0.0017698166408593734,0.0017833075531042612,0.00027784197624019515,5.651926858078821e-06,3.109487011309249e-06
46,1.2364164929072651e-05,0.000999517391001816,0.00035074857313544715,0.9773121884014532,1.6088862046129835e-05,0.0013141160646185767,2.407029049793708e-06,0.004169977063198794,3.648554964800612e-05,0.00011665577200472709,0.0009554928485304656,0.0008323361324002051,1.848448210807064e-05,1.8739221240309074e-05,0.0008077703528494703,0.006557826770509162,1.9922670869035068e-05,0.0018948565689821514,2.713213448238716e-05,0.000572774266570183,0.0020767127128284964,0.0014624562214536575,0.00041508302289418347,5.437622902494039e-06,4.426100293909928e-06
47,1.2535704932543293e-05,0.0006955584180355301,0.000329977761613765,0.9787378935235957,1.0754392584241365e-05,0.0010585273857383185,2.504599397836711e-06,0.004680807364706392,2.76639536293348e-05,0.00010951418273364024,0.0006737534020730396,0.0007506624329192115,2.0492499100342994e-05,1.2174104885436486e-05,0.0004822189865378098,0.006796785153325482,2.2838423815283765e-05,0.001598094576138175,2.6324739991450763e-05,0.0004599108480364253,0.0015721447655152915,0.0016472225262270702,0.0002631772403856816,5.4672453515648564e-06,2.9957687304440986e-06
48,1.0858247481281096e-05,0.0007825993019481118,0.00032900652381419847,0.9790192193167928,1.3222578632457005e-05,0.0011847215211001087,2.3593843059552786e-06,0.0039889258917311455,3.1831814237219336e-05,0.0001106247677892482,0.0008520712462387829,0.0008105309654425418,1.6942876149858744e-05,1.4832333765576666e-05,0.0006406824721462918,0.0061687722009807835,1.997951489858569e-05,0.0016397515431699873,2.1986250263315123e-05,0.0005310678134184022,0.0019733874840135554,0.001476056029316984,0.00035210184707031765,4.745059156728758e-06,3.7230161358084285e-06
49,9.092671103749402e-06,0.0008178378531519272,0.00037956635722224643,0.9773753245234282,1.2516222175528131e-05,0.001416760138063851,2.489610604765043e-06,0.00452869046585555,3.252258816303934e-05,0.00011896461169536619,0.000718878125988071,0.0009534017135892526,1.7627956169344394e-05,1.0957119083571372e-05,0.0005914327840940292,0.006553344829920375,2.1438967194287365e-05,0.001444875617788053,2.2332212891450937e-05,0.0005281490601547086,0.0021973507162683895,0.001931656899521623,0.00030643885040535635,4.929856071236247e-06,3.4202493957756505e-06
50,5.172566673327773e-06,0.0020042441346910388,0.0003339191440834415,0.9759493848763459,1.539432151441739e-05,0.001975121535988613,1.2661764033523648e-06,0.0022365664185832125,3.6719993455750904e-05,4.876375083458677e-05,0.0006620859905968346,0.0007867151239476869,6.95764309945673e-06,1.0049352215418006e-05,0.0009030522764384042,0.0061094588347412855,1.37155517812376e-05,0.0016944796560262095,2.294743536102552e-05,0.0003379437556426209,0.004263231840923233,0.002130728708828086,0.0004457251009217549,2.7166216778652134e-06,3.6391892253655896e-06
51,0.0009453962629236325,0.00017112359331789888,0.06246959632324435,0.32269145706935676,0.002481512609604112,0.026383594626954575,0.0005655349210655901,0.013270698510561967,0.0003414051042959583,0.019027078291173682,0.0016674440140561145,0.007667519935995815,0.005402296497365539,0.0009500095769811292,0.0007273361982213768,0.21192249134653812,0.008174697977399418,0.02581455077434207,0.0019061527356118776,0.05059597869344763,0.17725076189718522,0.0009118751403032792,0.04909866976411355,0.009491637633607527,7.118050233286405e-05
52,8.622184385724806e-06,0.0003559154212735617,0.00017042105890005158,0.9828710509008982,8.307343388322966e-06,0.0010041979350975613,1.4331061742468051e-06,0.004440591547714372,2.135664350039448e-05,0.00015647581613276268,0.0007643566551083785,0.0005517370728322385,2.1244622650909394e-05,9.933383816438546e-06,0.0004389015488940493,0.005017288929420443,1.1520329383287137e-05,0.0016507390370522049,1.6508688442821748e-05,0.0006782751321340543,0.000806544529522383,0.0008010068806176499,0.00018853413654883102,3.2996192398160164e-06,1.7374768710723527e-06
53,9.877232870628875e-06,0.0005893405863050666,0.00032374297243269157,0.97981080780917,1.3158207531801463e-05,0.0010945028296661845,2.7138760956013737e-06,0.003469403504200245,2.8793162370266775e-05,0.0001114126933555017,0.0009192607248680245,0.0009065491304405794,1.6929027667326204e-05,1.6817406093195494e-05,0.000591370490518744,0.005853271444124575,2.0631723412069637e-05,0.0016401991643818534,1.5621428142026872e-05,0.000654067481725402,0.0022159790703627793,0.0012593353316789314,0.00042745573498981123,4.80381218125555e-06,3.9551554153903064e-06
54,1.20300586686541e-05,0.001481432688798243,0.00024363476848565757,0.9789612725205817,1.3023875711327494e-05,0.0013736636728364643,2.5634632910917557e-06,0.003870403402412537,3.972026363061473e-05,9.898543182004775e-05,0.0007935107598139698,0.0008049594370430578,1.1610013405706514e-05,1.7459623466759712e-05,0.0008959923374800812,0.005178493733849979,1.9685112390291906e-05,0.001525397338344713,2.7130977568978782e-05,0.0003395527960895423,0.001664978262408648,0.0022402667318326516,0.00037252166148673735,5.24340157378964e-06,6.467667008838359e-06
55,1.1336300122171211e-05,0.0006943434802529519,0.0002820974135840356,0.9747900275002571,1.3075506469823955e-05,0.0013106884871091457,3.121804263860131e-06,0.006024785998889141,3.734886860240323e-05,0.00011062176130759285,0.0007922982879704625,0.0014426179320613701,2.4087976515496576e-05,1.76685208812968e-05,0.000664223845056156,0.007283817864039239,1.9994101743141105e-05,0.0020385428054903783,1.8653483536713307e-05,0.0006341830255028203,0.0017797265742802552,0.0016530452846402945,0.00034400766813823,5.661700163070222e-06,4.023809122841991e-06
56,1.1337931964833341e-05,0.0007637870345173031,0.00032896193707044214,0.9784512670852751,1.3115744974389544e-05,0.001216723594376625,2.452244696511519e-06,0.004331959702723998,3.157919375188189e-05,0.00011555869060285827,0.0007999497709479643,0.0007784661271802987,1.9455135226485594e-05,1.4261802089430882e-05,0.0005988397840048297,0.006517069157628726,2.1206821072811832e-05,0.0017355879724097604,2.415476496490779e-05,0.000554383303565355,0.001851773791453069,0.0014748136297318608,0.00033457049007801356,5.200547558404552e-06,3.523742133936418e-06
57,1.1062532596784209e-05,0.0008498183657030008,0.0005366502658706046,0.9730934581024913,1.7693323992338466e-05,0.0015621501128997213,3.0039307058747416e-06,0.005468109354508131,3.890628799324866e-05,0.00014938655028071224,0.0008356672405943554,0.0011415189156547094,2.5843619413735896e-05,1.4167941947576077e-05,0.0006646103846114239,0.008163597498737078,2.6435518133553298e-05,0.0016996948221679104,2.8618783031368237e-05,0.0007322971968081285,0.002679783827629438,0.0018831162965556648,0.00036418703308064865,6.4413866331577395e-06,3.7807079598735123e-06
58,1.1657747735756857e-05,0.0008396552180014145,0.0003584938332019453,0.9769656639238221,1.360644658912259e-05,0.0013476063058184184,2.643038211750951e-06,0.004515971459116847,3.164244688088829e-05,0.00012114711502271829,0.0007721630651712628,0.0008408367233245753,2.0838855516138898e-05,1.5031513352371761e-05,0.0006281932276213442,0.0069714232215450376,2.34779377933287e-05,0.001854202656332254,2.664286527598614e-05,0.0005840690809920457,0.0020673725905906155,0.0016178342683827692,0.0003598712426339137,6.178629396841576e-06,3.7765876706988767e-06
59,1.1520963189452243e-05,0.0008206617430659273,0.0003859986203107035,0.9768969781187476,1.3959847221726132e-05,0.001311857828777743,2.6359614439017435e-06,0.004477659976822087,3.1820081899087166e-05,0.00012089669352437905,0.0007953670394347257,0.000847185855335358,2.092737557592541e-05,1.5002938871769908e-05,0.0006317656584354917,0.0070152761099527665,2.341568792765014e-05,0.0017900803656064495,2.583888956940457e-05,0.0006018500394288682,0.0022075879410599158,0.0015714198807424964,0.0003705410794380581,6.04150208594787e-06,3.70980153261349e-06
60,1.1082187567285368e-05,0.0008107263472553547,0.0003316618265295342,0.978652827032929,1.3177363810895658e-05,0.001218033256735438,2.402001590988903e-06,0.004139315275380979,3.213301223981215e-05,0.00011258388582054005,0.0008264670266168704,0.000796717273912123,1.7543071986166175e-05,1.4403073730463811e-05,0.0006338658605174817,0.006297574354137317,2.0915257489260408e-05,0.0016739898626338067,2.3461168636745174e-05,0.0005271036271190117,0.0019475713070727142,0.0015419529720283225,0.00034578817860816133,4.979119641291685e-06,3.725656010239036e-06
61,1.1914098820080753e-05,0.0008687920192380186,0.0003939395812747079,0.9767251852792868,1.4649167974121522e-05,0.0013413109577329735,2.719902644870894e-06,0.004404699799830785,3.3503041716304796e-05,0.00012134121948564804,0.0008285618949581019,0.0008696236110992579,2.0008874576918738e-05,1.5540404719567454e-05,0.0006599864075375384,0.006986271816361422,2.3821552117235517e-05,0.001773872820232159,2.6608546564020622e-05,0.0005789411588515706,0.0022545483616337797,0.001657732962529321,0.0003764651540137479,5.9697145152049e-06,3.991652285820385e-06
62,1.1082187567285368e-05,0.0008107263472553547,0.0003316618265295342,0.978652827032929,1.3177363810895658e-05,0.001218033256735438,2.402001590988903e-06,0.004139315275380979,3.213301223981215e-05,0.00011258388582054005,0.0008264670266168704,0.000796717273912123,1.7543071986166175e-05,1.4403073730463811e-05,0.0006338658605174817,0.006297574354137317,2.0915257489260408e-05,0.0016739898626338067,2.3461168636745174e-05,0.0005271036271190117,0.0019475713070727142,0.0015419529720283225,0.00034578817860816133,4.979119641291685e-06,3.725656010239036e-06
63,1.1360296244335484e-05,0.0009308289648204612,0.0003210713107548737,0.9785162392961676,1.3540060670063412e-05,0.0012827051054241716,2.3662321680810264e-06,0.0041027654569449415,3.4319950127215126e-05,0.00010901894918997913,0.0008184834904297873,0.0007576369354979014,1.68633456883483e-05,1.4117810776526638e-05,0.0006638933218992702,0.006208289761231219,2.113376298503302e-05,0.0017201703267800549,2.569198717829467e-05,0.0004944736439674074,0.0019243903589615432,0.0016519157089216166,0.00034978983547187303,4.970309386274993e-06,3.963778313102065e-06
64,1.1130180855140065e-05,0.0008475250515287664,0.0004046471997870158,0.9766737409291849,1.4966536339973304e-05,0.0013513003995858938,2.653415292492548e-06,0.004103929980249883,3.3095626936799385e-05,0.0001162783466216114,0.0008634579041863383,0.0009176931423641062,1.8370586949980405e-05,1.58352175372319e-05,0.000680689815674193,0.006849694170513433,2.4200475655842935e-05,0.0017754909047165048,2.4434524706666974e-05,0.0005937718518329063,0.0026089019442577326,0.0016571521264533483,0.00040145307019763196,5.559630075257097e-06,4.0269684962762935e-06
65,1.4239492941262479e-05,0.0006034277245986445,0.00043118012435471584,0.9779549772621017,1.095827498454712e-05,0.0008056282482960726,2.098455548464776e-06,0.0060539130997970736,3.727088715860624e-05,0.00015625927206367759,0.0012060185732497822,0.000801568549309271,1.9627398981412335e-05,1.1198191145737036e-05,0.0006297917602849437,0.006589455246092272,1.8602837173370946e-05,0.0011233236379360183,2.4328823589736897e-05,0.0004252142537662727,0.001307773185709416,0.001562072179175864,0.00020512697220619066,3.377478780309491e-06,2.5680707546911298e-06
66,1.1075971137321973e-05,0.0008183787616798155,0.00032903469118889206,0.9786631871102183,1.3088906826169668e-05,0.0012178730639846225,2.3934469490823915e-06,0.004140884735205439,3.2175207576891286e-05,0.00011216469661027606,0.0008285494664282803,0.0007993509674215387,1.7352474113139657e-05,1.4436465859162702e-05,0.0006405463458596022,0.006261494667823384,2.0873937797151483e-05,0.0016741199226824857,2.3402392002091273e-05,0.0005225482338594519,0.0019479959837888881,0.001553750194430677,0.000346602232957017,4.965129174430364e-06,3.7549944258942686e-06
67,1.7017388851970033e-05,0.0007849052624438739,0.00038001218244666877,0.9782046424756838,1.5694328907301073e-05,0.0007944508803776532,1.8121162449283852e-06,0.006375819035835816,4.8378247395463324e-05,0.00013378858645594156,0.0011386246453825102,0.0006431321656665108,2.0077964838729264e-05,1.1575046125285903e-05,0.0006704820410683841,0.006385141295202558,1.5358364967114433e-05,0.0012543194701234355,3.0301621552155363e-05,0.0004028884001323294,0.0011116654965029936,0.0013612983529754095,0.0001930794334900374,2.985718089347228e-06,2.549479239715224e-06
68,6.4229841536379875e-06,0.0009319504507220705,0.00046915348206354396,0.9664120111930632,1.4121743599840903e-05,0.0026733076021733903,3.6277403696778803e-06,0.005666871040485876,3.4106778604099104e-05,0.0001357363242915446,0.0007855063304737507,0.002361323543772403,1.779811838883977e-05,1.4714616928655031e-05,0.0010346584937569652,0.007138786018495913,2.7844176520379775e-05,0.0019184669926374852,1.4866311983563039e-05,0.0008750353257712881,0.006196919387323041,0.002691108021840928,0.0005631871539182944,7.230784038507919e-06,5.245384623194522e-06
69,1.5791969887898668e-05,0.0013709463135214283,0.0003804556096637309,0.974690879538042,1.3490553463684457e-05,0.0013921653735752431,3.0364840628828934e-06,0.004916016567387014,3.219242933149182e-05,9.747781065164193e-05,0.0005438347468961146,0.0007601202023901578,2.1519645044623433e-05,1.7866419712281445e-05,0.0006096569917971083,0.009127163178930198,2.2146383964047478e-05,0.0016796287562666117,4.662109688471978e-05,0.00034070231549606956,0.0015868912498738978,0.00204322889656232,0.0002755314744563705,8.694986200779576e-06,3.941005937907937e-06
70,5.546901325616909e-06,0.00027197504663322916,0.00022363724178321191,0.986898634668821,8.169661861706088e-06,0.0008075219739038976,1.5658019419505447e-06,0.00255928016420706,1.8714599942981583e-05,8.407949440122613e-05,0.0005293571338373353,0.000473460352573727,1.2690559144043993e-05,6.62379249956925e-06,0.0002457124950072915,0.004796964675480301,8.074248726722111e-06,0.0007681112339523826,8.976780447165117e-06,0.0004666842039733988,0.0009951219113321689,0.0006313678081026897,0.00017424048243661975,2.0819760682511285e-06,1.406791596445073e-06
71,1.1617456393436279e-05,0.00047346404202440137,0.0002688756109723851,0.9798415100623818,1.3090638874311857e-05,0.0012308481426369572,3.785268710035542e-06,0.005141178498377622,3.412378073066964e-05,0.00015724130804737555,0.0007034066371117859,0.0007247468477948098,2.5769526442750426e-05,1.1761456210682316e-05,0.00040388703029386547,0.005836611884088195,2.4067896438154883e-05,0.0014976311633622661,1.8006577944508687e-05,0.0007362316694573471,0.0012456275013240127,0.001289549994521788,0.00029730321035072193,5.986407713933538e-06,3.6773877961938277e-06
