,0,1,2,3,4,5,6,7,8,9,10,11,12,13,14,15,16,17,18,19,20,21,22,23,24
0,9.469089092545362e-08,2.9243529239807392e-05,1.1766375379848028e-05,0.2608038664041803,0.0005379341013522197,5.210088495979922e-05,0.0013341756975066411,0.003823463668673682,2.108021816477743e-06,0.004219740950009294,0.00014018214940533707,0.0001755790856999633,2.6495392155582207e-05,0.5664904569255428,7.174180095042361e-08,0.005323103335947469,9.3941781913655e-05,5.52388913921224e-05,3.531106588692791e-08,0.12812144035824208,0.00019384727004099993,1.3420665450936644e-06,0.02847984868912972,1.6624449727685727e-05,6.729822738157566e-05
1,1.468131356709809e-07,3.947373919521614e-05,1.8067704813740616e-05,0.2370439388301138,0.0009564519072156824,0.00010390503255742251,0.0015020430465585784,0.006838666740497607,5.495695810518715e-06,0.005280119491677207,0.00016739727243339104,0.00023534974751857532,7.384648817835234e-05,0.4200616424862815,1.6181532300874437e-07,0.018640938033690164,0.0001538238987058603,6.402446197398139e-05,1.0671997667554097e-07,0.28461711996447914,0.0002901495783849142,2.108268055701625e-06,0.023807970958430114,3.409275545649729e-05,6.295854953652585e-05
2,1.2780853510376756e-07,3.499486647371471e-05,1.1551135009975984e-05,0.18006987170784597,0.001119765722939031,7.288690060620118e-05,0.0012347212581763874,0.004918144151534995,3.722011235418097e-06,0.003792904557360222,0.00015278789339803322,0.000191152372313144,6.764090076863662e-05,0.47603676480000656,1.3292729831852968e-07,0.011115339078947569,0.00017469208034060578,5.4625049758068874e-05,7.05016658317531e-08,0.2958147705475364,0.0002147380783919433,1.6167108885722e-06,0.024822622180076647,2.3809342547649122e-05,7.054741634496083e-05
3,1.2372924417429958e-07,3.4694059724695957e-05,1.3704439546888918e-05,0.23106795076273032,0.0009301718675508947,8.595038629811478e-05,0.001302039427199493,0.005440812060490646,4.175301134882168e-06,0.00404583151775854,0.0001745752775689794,0.0002140506569568671,6.470251924861416e-05,0.4672520954562837,1.265173642320136e-07,0.012296628797370176,0.00017325469368566427,5.981751958530636e-05,7.938840290237321e-08,0.250130098467033,0.0002672192927848278,1.9473478611246323e-06,0.026347143604707923,2.9106604243018453e-05,6.37003052250278e-05
4,1.3469244383959678e-07,3.475077789930114e-05,1.3616083891454745e-05,0.2265879025525608,0.0009376780604594533,8.495896957478694e-05,0.0012641444694869095,0.005028353594500411,4.540988352276031e-06,0.003653277375759971,0.00017174967863767404,0.00023910697040574184,7.85919891235383e-05,0.47577921239490595,1.2659119345286432e-07,0.011928455508633347,0.0001854716539369694,6.302377826450126e-05,8.135424998731799e-08,0.24914483774580012,0.0002758156086132275,1.9782558796258044e-06,0.02442483681483884,2.9911475744816916e-05,6.74426148429021e-05
5,1.1643371768549027e-07,3.183434722505639e-05,1.212555948190481e-05,0.25097150048764105,0.0007593358097500669,7.889902932588259e-05,0.001115923112215521,0.004624775138041949,3.840537766487451e-06,0.003922141948664363,0.00015580724526076018,0.00021067933068217017,6.259033590326954e-05,0.4617446671709658,1.0672614222753122e-07,0.010942921702516241,0.00017085896648126557,6.559969453457398e-05,6.777311804449824e-08,0.23998617231092872,0.0002628567438058865,1.9197397787875218e-06,0.024785089737772808,2.869809227452117e-05,6.14720260050937e-05
6,1.2372924417429958e-07,3.4694059724695957e-05,1.3704439546888918e-05,0.23106795076273032,0.0009301718675508947,8.595038629811478e-05,0.001302039427199493,0.005440812060490646,4.175301134882168e-06,0.00404583151775854,0.0001745752775689794,0.0002140506569568671,6.470251924861416e-05,0.4672520954562837,1.265173642320136e-07,0.012296628797370176,0.00017325469368566427,5.981751958530636e-05,7.938840290237321e-08,0.250130098467033,0.0002672192927848278,1.9473478611246323e-06,0.026347143604707923,2.9106604243018453e-05,6.37003052250278e-05
7,1.952687482226992e-07,3.687943553249876e-05,2.125322994341979e-05,0.22150393774137717,0.0011446274448362688,0.00010020043425946801,0.0016652118215690036,0.006845874823693529,4.902242962435549e-06,0.004387161364699929,0.00020501799462316046,0.00023740171015006623,8.759621244522087e-05,0.4541792652705018,1.3393034314788643e-07,0.01323162058506674,0.00017178881229071175,7.125085266595414e-05,1.0109642738192191e-07,0.26953579723371013,0.0002548361476934917,1.6738032942562705e-06,0.02620643122023342,3.717251579711034e-05,6.966880713550887e-05
8,1.8399715995274679e-07,3.112852912123522e-05,1.222962665676322e-05,0.1660800976665579,0.0015159506594958907,0.00011429229191090767,0.0016629328100663155,0.00888660562803308,1.107533172017455e-05,0.003701863722700778,0.00025433973932523874,0.00041748024148983303,0.000197529434112925,0.4007647894879071,4.289419452934299e-07,0.03493391238999193,0.0006053078269230453,0.00014992174614254422,2.2730605329621437e-07,0.36389081704096227,0.0006906675478057275,9.506087928511291e-06,0.015931986514347553,4.2372067739459977e-05,9.435336390225713e-05
9,1.428710147823547e-07,3.467374445245513e-05,1.3757440281894871e-05,0.208817438296917,0.001110519802826473,9.066469059167366e-05,0.0013830539136574101,0.006130804616756027,4.70487949113023e-06,0.0038122538069091834,0.0002009234374374828,0.00022766553066391287,7.684349336184031e-05,0.47399951754541686,1.5024452466284357e-07,0.01362805524934087,0.00021073868716370932,6.74257766680173e-05,9.599487786284582e-08,0.2641211203493279,0.00027639171889215687,2.2875448273990438e-06,0.025691587573080557,3.123644018217917e-05,6.794635133660116e-05
10,1.2372924417429958e-07,3.4694059724695957e-05,1.3704439546888918e-05,0.23106795076273032,0.0009301718675508947,8.595038629811478e-05,0.001302039427199493,0.005440812060490646,4.175301134882168e-06,0.00404583151775854,0.0001745752775689794,0.0002140506569568671,6.470251924861416e-05,0.4672520954562837,1.265173642320136e-07,0.012296628797370176,0.00017325469368566427,5.981751958530636e-05,7.938840290237321e-08,0.250130098467033,0.0002672192927848278,1.9473478611246323e-06,0.026347143604707923,2.9106604243018453e-05,6.37003052250278e-05
11,1.3452597963550164e-07,3.489579167328742e-05,1.4089676436453097e-05,0.22841442410659532,0.0009618042055886387,8.646247991878799e-05,0.0013085826432063861,0.005311491486990463,4.438025960547302e-06,0.0039005676945130198,0.00017493901278030352,0.00022919629777889828,7.512689846815564e-05,0.46252382179554735,1.2807828337809718e-07,0.012418861645019187,0.00018178134127765831,6.278125831345139e-05,8.253619410142576e-08,0.2584980862386014,0.0002730461041299073,1.949431260106149e-06,0.025426539233631446,3.077781488537559e-05,6.59916769667249e-05
12,1.3495480602721122e-07,3.85827451977923e-05,3.472333527103064e-05,0.37029302406652853,0.0008126601293163951,0.00010855649953325051,0.0028630821537290723,0.01847426848664344,7.809732415860273e-06,0.004682294527310575,0.00043579617736110325,0.0004783959878882163,6.575021976351026e-05,0.3183091283415307,2.8410098719362346e-07,0.030263854998497833,8.455510240359231e-05,4.855288447461438e-05,2.063464058853578e-07,0.22252440581650793,0.00032602320580769163,3.1861437043369573e-06,0.030037694430196858,6.797737768038644e-05,3.905223603824479e-05
13,8.824571745525074e-08,2.40639227934917e-05,1.1354739784494684e-05,0.21161983187528777,0.0007384590095817884,4.8722375332456574e-05,0.0014341751831943418,0.006583768838315687,3.0677015887251654e-06,0.0018234328491489097,0.0003135077010227899,0.0003507695863121229,5.452087198642953e-05,0.5943971992566625,1.1665812232426946e-07,0.007083646664999774,0.0001285018475562287,4.363610549566017e-05,6.396119885469931e-08,0.14762051408163226,0.0002128535857348316,2.1120872361669637e-06,0.027429433049321647,2.390793503803638e-05,5.225186693544285e-05
14,9.796540760088064e-08,1.5036031736662982e-05,2.9128122118891276e-05,0.3534201825745522,0.0005062269653131504,0.00011827503643685141,0.001064705546415435,0.006739605280974331,5.256011740927735e-06,0.0026021572590762725,0.00015459467059343932,0.0003302165465909249,0.00011530675888137462,0.3626338116324416,1.7090937711769166e-07,0.01556357624149399,0.00024642600449201684,6.926454176869948e-05,5.586186955869348e-08,0.2321325050302261,0.0005221739453333106,2.707217673549631e-06,0.02361817623245979,2.6952104557737314e-05,8.339150846862045e-05
15,1.2372924417429958e-07,3.4694059724695957e-05,1.3704439546888918e-05,0.23106795076273032,0.0009301718675508947,8.595038629811478e-05,0.001302039427199493,0.005440812060490646,4.175301134882168e-06,0.00404583151775854,0.0001745752775689794,0.0002140506569568671,6.470251924861416e-05,0.4672520954562837,1.265173642320136e-07,0.012296628797370176,0.00017325469368566427,5.981751958530636e-05,7.938840290237321e-08,0.250130098467033,0.0002672192927848278,1.9473478611246323e-06,0.026347143604707923,2.9106604243018453e-05,6.37003052250278e-05
16,1.5982024469976353e-07,3.389961330556301e-05,1.8969359212509643e-05,0.24539910198623024,0.0011126874336986044,0.00011116821492586983,0.0013493374576989039,0.005883265383501065,4.532386268914944e-06,0.003789433370666675,0.00022321658417127232,0.00018736332090468123,7.211369721673048e-05,0.44271517885321626,1.2078259967220705e-07,0.012626955736891831,0.00018638952940734082,6.329521173847595e-05,8.53465826755287e-08,0.2560256501782675,0.00022445792812840538,1.6196517989405553e-06,0.02987053934676569,3.771286751465393e-05,6.274593904299757e-05
17,9.412786119959713e-08,2.7412319357550233e-05,9.094870945038323e-06,0.20475180716314564,0.0008682763477617768,6.27260872722217e-05,0.0010273551776631307,0.004325556960749694,3.15704991244367e-06,0.0029129359350730513,0.0001581951116063071,0.00020727560908895233,6.781962306747359e-05,0.5051604836460828,1.007432586184112e-07,0.009350787334843494,0.00020331823519671973,5.331561782521428e-05,5.681627862814349e-08,0.24464273166600758,0.0002466217849159252,1.8896928518763889e-06,0.025834880574396896,2.237286016833593e-05,6.173464466938061e-05
18,1.2749047609748512e-07,3.618108441492739e-05,1.4929453309695039e-05,0.24166933930870227,0.0009357985937191404,9.035069293044833e-05,0.0013614955368213748,0.0059382919824200586,4.435621246707424e-06,0.0041296381175841826,0.00018715184687801445,0.00021995984623297208,6.377195355730888e-05,0.4553782961649675,1.3165293605425183e-07,0.013237643049929707,0.00016269045079447722,5.8231850628929645e-05,8.658662567181599e-08,0.2492882204705987,0.00026652066600819495,1.9563350769583754e-06,0.02686278217647359,3.171023025788218e-05,6.025883740901685e-05
19,1.2338821264238803e-07,3.421104121029273e-05,1.2793160752503701e-05,0.2129825832933969,0.0009785999974479109,9.095461820273999e-05,0.001182369279535992,0.005374942634573743,3.898054554445726e-06,0.00417797732113263,0.0001748942696804109,0.0001830774187058218,6.28822410832094e-05,0.4670982263623467,1.205524680306798e-07,0.012055938136426522,0.0001865281310134068,5.9699678548500136e-05,8.26740209454497e-08,0.26711862892909094,0.0002543493685712173,1.8691215485845493e-06,0.02787415686572601,2.9541457960270973e-05,6.155200378971218e-05
20,1.3128738751706563e-07,3.531652327178148e-05,1.3283001849591535e-05,0.2225393663670639,0.0010020099413967942,8.941324669084961e-05,0.0012147864473662665,0.004742108696487783,4.164097517295148e-06,0.003962390629652062,0.00016581179717783796,0.0001913647585681364,6.639715863874921e-05,0.46703898892007206,1.1036720598390374e-07,0.011616161125921154,0.00017899812011922165,6.0039464815276627e-05,7.570370100417969e-08,0.26015650925129136,0.0002582590798449816,1.6602547700679008e-06,0.0265688525173439,2.98237647077912e-05,6.397747713859146e-05
21,1.481590488408294e-07,1.590012974445531e-05,3.691581654352746e-05,0.10947902252751518,0.00883443321894652,0.00026311252038548256,0.003915942062123128,0.010250923852114758,1.5719365955565108e-06,0.002735125196580586,0.001487022858617645,4.936786514425491e-05,4.1667939910865263e-05,0.31441121654881093,3.244749828211339e-07,0.0031808437826869053,0.0015228921315632773,4.6465047571810216e-05,1.0436215354118095e-07,0.18019406815201675,0.0003951800014778622,2.9649974535090545e-06,0.3629138173397992,4.037242104858371e-05,0.00018059665716396394
22,1.455733455210255e-07,3.3744354875224476e-05,1.4209080416965739e-05,0.22519114563436088,0.0009233246834922865,9.482105094619563e-05,0.00112573058429679,0.005285136572552762,4.076064691740538e-06,0.004214690604026144,0.00017656661342258968,0.0001822345733474739,6.327674747858461e-05,0.4694103869943751,1.2362023537163724e-07,0.011590846255177529,0.0002114534767828198,7.570384511141935e-05,8.010199370406286e-08,0.25500466111942965,0.0002643557368570664,2.087437911671387e-06,0.026033804831766275,2.9823823687919645e-05,6.75706194182279e-05
23,1.2372924417429958e-07,3.4694059724695957e-05,1.3704439546888918e-05,0.23106795076273032,0.0009301718675508947,8.595038629811478e-05,0.001302039427199493,0.005440812060490646,4.175301134882168e-06,0.00404583151775854,0.0001745752775689794,0.0002140506569568671,6.470251924861416e-05,0.4672520954562837,1.265173642320136e-07,0.012296628797370176,0.00017325469368566427,5.981751958530636e-05,7.938840290237321e-08,0.250130098467033,0.0002672192927848278,1.9473478611246323e-06,0.026347143604707923,2.9106604243018453e-05,6.37003052250278e-05
24,1.5357541662719454e-07,3.459643004376956e-05,2.6482511867531852e-05,0.2403377343716882,0.0013780915277212412,0.0001196965357225482,0.0025099339688359813,0.008985596714949978,6.227138680518513e-06,0.004834050460760788,0.00027759008795386785,0.0003249480333680702,8.662135589859094e-05,0.4255449429694252,2.7100934973285493e-07,0.018165401864696017,0.00020667036422456937,6.838236176905674e-05,1.2066492885486224e-07,0.26147847173017835,0.00045115290434831116,3.0881556338436285e-06,0.035028084462065144,3.8202669894664816e-05,9.348813057827298e-05
25,4.6295828172213923e-07,4.594818651756989e-05,2.548917136661108e-05,0.08043730150133593,0.003145014175028507,0.0003046394199380534,0.0008703111672716657,0.0006165125779906862,1.7894489983069653e-05,0.00876034099004393,2.284080677542316e-05,7.837670611070627e-05,0.00037332670088805354,0.13516667890951398,5.35803875992783e-07,0.020171661212556063,0.0011304370289339015,0.00019819047295663148,8.37700791339322e-08,0.732027337747925,0.0016661457223832213,2.0952374175871797e-06,0.014286915858800313,2.141812709841127e-05,0.0006300412569278103
26,7.641080684143887e-08,3.8074809213057383e-05,1.0750956999316426e-05,0.21290484707113755,0.0006665911271899959,4.5730704586219634e-05,0.0021383264003562675,0.007973772980882149,3.4243366300144644e-06,0.004488262779054399,0.00013545002620985922,0.00032760926641927534,3.360373763567115e-05,0.5819043591749828,2.0093892199493e-07,0.011858838813737992,0.0001020688971135834,4.316694402592764e-05,6.609841970784753e-08,0.15800430231206575,0.0002701152044060366,2.8068813811204336e-06,0.018962572958316073,1.1507553823020682e-05,7.347361568532857e-05
27,1.145656456322537e-07,3.40942487485889e-05,1.3332671194744072e-05,0.239955497468604,0.0008339229149796187,8.717404997940526e-05,0.0012692656022598877,0.006409396908883617,4.379284834499577e-06,0.00402511493935236,0.00019433887333605705,0.00022653608496886455,6.0295532410296397e-05,0.46419821505281256,1.5600387660168342e-07,0.013678264084971841,0.0001791225101979176,6.184342196609813e-05,9.152781015298955e-08,0.2425055000775282,0.0002781796300422299,2.594256939146788e-06,0.025892763393917124,2.9710125699324137e-05,6.009676904136484e-05
28,1.2372924417429958e-07,3.4694059724695957e-05,1.3704439546888918e-05,0.23106795076273032,0.0009301718675508947,8.595038629811478e-05,0.001302039427199493,0.005440812060490646,4.175301134882168e-06,0.00404583151775854,0.0001745752775689794,0.0002140506569568671,6.470251924861416e-05,0.4672520954562837,1.265173642320136e-07,0.012296628797370176,0.00017325469368566427,5.981751958530636e-05,7.938840290237321e-08,0.250130098467033,0.0002672192927848278,1.9473478611246323e-06,0.026347143604707923,2.9106604243018453e-05,6.37003052250278e-05
29,1.2372924417429958e-07,3.4694059724695957e-05,1.3704439546888918e-05,0.23106795076273032,0.0009301718675508947,8.595038629811478e-05,0.001302039427199493,0.005440812060490646,4.175301134882168e-06,0.00404583151775854,0.0001745752775689794,0.0002140506569568671,6.470251924861416e-05,0.4672520954562837,1.265173642320136e-07,0.012296628797370176,0.00017325469368566427,5.981751958530636e-05,7.938840290237321e-08,0.250130098467033,0.0002672192927848278,1.9473478611246323e-06,0.026347143604707923,2.9106604243018453e-05,6.37003052250278e-05
30,1.2372924417429958e-07,3.4694059724695957e-05,1.3704439546888918e-05,0.23106795076273032,0.0009301718675508947,8.595038629811478e-05,0.001302039427199493,0.005440812060490646,4.175301134882168e-06,0.00404583151775854,0.0001745752775689794,0.0002140506569568671,6.470251924861416e-05,0.4672520954562837,1.265173642320136e-07,0.012296628797370176,0.00017325469368566427,5.981751958530636e-05,7.938840290237321e-08,0.250130098467033,0.0002672192927848278,1.9473478611246323e-06,0.026347143604707923,2.9106604243018453e-05,6.37003052250278e-05
31,1.8110201545143955e-07,3.656215091969666e-05,1.9258585614650483e-05,0.22533147897256553,0.0009382597891915953,8.592633179883833e-05,0.0015355736339526917,0.00891722002629879,3.893324685446827e-06,0.004712844234085217,0.00018712632612084007,0.0002108385985687648,6.77895890989262e-05,0.47439015750734964,1.219331979706825e-07,0.01179954948539328,0.00017018206028932982,6.991636130446555e-05,1.0171928293258758e-07,0.2455695497414358,0.00023563083083168995,1.8091818208903238e-06,0.025625959675988377,2.9516068819672874e-05,6.055276936964996e-05
32,1.327851149194749e-07,3.6638196205008184e-05,1.4286486849515719e-05,0.2279373427681109,0.0009651558733982029,8.997994886419597e-05,0.0013671949714349938,0.005844971944364239,4.448964297009167e-06,0.004204457779496307,0.0001843067529419704,0.00022413128170352514,6.812410846246808e-05,0.4666210701730185,1.3618665898341846e-07,0.012904483087631511,0.00017808941029134992,6.185678134199416e-05,9.142457438384857e-08,0.2523995783579903,0.00027857469367019005,2.091719799731508e-06,0.02651777475110987,3.116643019233001e-05,6.391512247750183e-05
33,9.885459730008702e-08,2.717363229783232e-05,8.430806432079172e-06,0.20906106701344773,0.000752897966336053,8.796149686050495e-05,0.0007774459354492572,0.005361307425545987,3.204493447935032e-06,0.0034100996364799948,0.0001866612629412339,0.00016320639271979125,7.406792235616784e-05,0.480739352630307,7.788663542638932e-08,0.012717575754902751,0.00023724850013727373,6.042582519464583e-05,9.480806594713544e-08,0.26023104639201206,0.00023120767195314375,2.1835496262033846e-06,0.0257932845109659,3.551581213938678e-05,3.836381914852492e-05
34,3.4985564909045007e-07,5.638524113083154e-05,2.623858088745201e-05,0.21145822519015575,0.0014745578947997428,0.00013506822625506223,0.0018012729624791962,0.008743542681551536,1.0331415033646634e-05,0.003470547545239785,0.00028788746200366164,0.00036228326596797976,0.00013928965825449647,0.4813085596959776,2.0837050893018005e-07,0.016644170655834803,0.0002083275757350298,9.048012275068395e-05,2.2508423334791593e-07,0.25275738037572887,0.0003093257163845438,2.4697964381827656e-06,0.02058595631994626,5.616214701497573e-05,7.07541600384605e-05
35,3.156402982853024e-07,3.958133803386174e-05,2.4747274950243175e-05,0.2632365158051262,0.0008839321119628249,9.836424237121835e-05,0.0019652928974546505,0.012437389427448294,6.3150030712143e-06,0.005637691901572439,0.00019539051516875736,0.0002834306638254241,7.521598402552963e-05,0.482100737187155,1.3440456447856528e-07,0.014338439121279134,0.00019690976808172902,0.00014768868647390136,1.4290378611051724e-07,0.19967149365592973,0.0003334669051341008,2.7805698418162673e-06,0.018219910031986475,3.637718349418469e-05,6.773677696428103e-05
36,1.5315187372477656e-07,2.8614934549609345e-05,1.545027163046451e-05,0.21664485360117183,0.0007954572238548038,6.379072163963142e-05,0.001737808143092327,0.011037567070871399,5.660841636075828e-06,0.0028727176165438692,0.00020260534305074627,0.0004911937476123548,0.00011565545056276259,0.5070627291615892,2.072332013200505e-07,0.020253742829808376,0.0001830710026620901,6.78755849496209e-05,1.1714980221819768e-07,0.2230940317424038,0.00026940466416369854,3.3379419347867713e-06,0.014964482739015267,2.5142430003514018e-05,6.432940237637053e-05
37,1.1771397400045531e-07,3.490253333931669e-05,1.3363485290035857e-05,0.2258874380709406,0.0009343860583421631,8.507181915277023e-05,0.0013126991810142132,0.005521350262757038,4.187985927928114e-06,0.003973825314194292,0.0001739813533369688,0.00021847937601676088,6.349073655257305e-05,0.4749024134602316,1.3490969207712757e-07,0.012496170806724306,0.000175545764771682,5.7083383736170405e-05,8.004228950838469e-08,0.24760734459515774,0.0002724551175834251,2.0366416875306905e-06,0.026171109845889502,2.7315472060309552e-05,6.501606933756073e-05
38,2.602387310607941e-07,5.192615364210548e-05,2.5178826758785058e-05,0.2130365807214191,0.0015129294149122522,0.0001440403391201261,0.002031528625120538,0.00680135146300049,8.028424565310771e-06,0.005497066314967422,0.00021541660158496412,0.0002583646029581049,9.670959338049295e-05,0.43768530203854666,2.3064647925479604e-07,0.020284700291018604,0.0001810742303458978,7.972370632948326e-05,1.575365718630612e-07,0.28686934112868184,0.0003057880766151377,2.1540494704184416e-06,0.02477883361165014,4.4759286389414296e-05,8.855407774038861e-05
39,6.719161732343086e-08,3.864696281129992e-05,4.7138336920189315e-06,0.18164494964886385,0.0007121385075971323,3.28470433437046e-05,0.0008440716004462611,0.0020716982358142924,2.0150685782812905e-06,0.002438766000942518,0.000130177817674607,0.00013207784906797714,2.3090011689306228e-05,0.6237191669851473,5.2915300344559514e-08,0.004398569737908256,7.238116662403228e-05,3.2479193003970673e-05,2.758751497069632e-08,0.16128424700327873,9.917067247292434e-05,8.490399695974466e-07,0.02225953619360144,1.4586249987350232e-05,4.367348305247718e-05
40,7.885414589915279e-08,2.7162433471420757e-05,8.494295509863875e-06,0.2596595318039789,0.0006815726888634854,7.979778122193077e-05,0.0007820737108321429,0.005424635240166125,2.5889276125163243e-06,0.004704807287015248,0.00015484985701534571,0.00011881431229831285,4.3112139562519104e-05,0.36818412191976285,7.30736725507056e-08,0.013352815291198068,0.0001831467758894507,5.370802134545182e-05,7.077540630537448e-08,0.31640808988128727,0.00023117129686765292,1.7090429555852942e-06,0.02982936968067099,3.31759881520524e-05,3.502892109800871e-05
41,2.690230778383625e-07,4.748177119672749e-05,2.2261882301501644e-05,0.19415296377825134,0.002130972308453011,0.00010071557498089155,0.0019765730358378905,0.006418645546136317,8.352508174829628e-06,0.0033631876312209567,0.00019850194701118273,0.0002713762570156744,0.0001324724530958822,0.39632381858144605,2.1541977502238339e-07,0.019554787237642555,0.00021185594991416582,6.80920683411425e-05,1.0577103138424406e-07,0.3544254011325468,0.00023603677294771475,1.631715592605435e-06,0.02022839334245301,3.587408263622405e-05,9.001420891937018e-05
42,1.2537856747722878e-07,3.499753558520559e-05,1.3331888809543724e-05,0.22527967256342588,0.0009627708978987929,8.348054341863642e-05,0.0012858689341303264,0.005014901838286529,4.034114996428091e-06,0.003925597592734627,0.0001707296451554928,0.0002043212597607082,6.287050638392143e-05,0.4778353243986619,1.1809116321334704e-07,0.011251043079286059,0.00017137677712654673,5.9097508675467606e-05,7.343720407690073e-08,0.24677592372137974,0.0002557420925157951,1.7875907322292942e-06,0.026513636378393074,2.808111979496712e-05,6.509310591357447e-05
43,9.807872454977188e-08,3.442887856897122e-05,1.1110171402635573e-05,0.21233098248391907,0.0007338302659587191,0.00010416169599486883,0.0010185147824692754,0.005269512027733547,3.301534001267696e-06,0.007879851661004772,0.0001171295807213779,0.00013537475446487806,5.100316185045084e-05,0.425008690427475,1.1277535000689439e-07,0.013804628971250017,0.00021105234700052888,7.26266535027341e-05,9.146219779401922e-08,0.3035957675325464,0.0003651087940474085,2.4840922418234356e-06,0.02916379931970599,2.7640048469616422e-05,5.8698499398377015e-05
44,1.2372924417429958e-07,3.4694059724695957e-05,1.3704439546888918e-05,0.23106795076273032,0.0009301718675508947,8.595038629811478e-05,0.001302039427199493,0.005440812060490646,4.175301134882168e-06,0.00404583151775854,0.0001745752775689794,0.0002140506569568671,6.470251924861416e-05,0.4672520954562837,1.265173642320136e-07,0.012296628797370176,0.00017325469368566427,5.981751958530636e-05,7.938840290237321e-08,0.250130098467033,0.0002672192927848278,1.9473478611246323e-06,0.026347143604707923,2.9106604243018453e-05,6.37003052250278e-05
45,1.3584111900450565e-07,3.516266505599584e-05,1.6588006090773164e-05,0.24851549275701856,0.000933424789127975,9.152269876219612e-05,0.0015131754282557178,0.007022531513600869,4.744478736514449e-06,0.00421378408293684,0.0002031754300601165,0.00024597962732965617,6.720325865366745e-05,0.4484278588349993,1.5781932234748573e-07,0.01503762688028237,0.00016607454189705687,6.292628147318375e-05,9.403890755157643e-08,0.247328115152458,0.0002664041935232366,2.266781816906855e-06,0.025750083225726816,3.226305144344186e-05,6.320862140199386e-05
46,1.2818378917614268e-07,3.703437215252989e-05,1.4236874044215282e-05,0.2269065485881314,0.0009664873597079568,8.401111900778882e-05,0.001436950630517335,0.005650697337467643,4.259111949742674e-06,0.004292641820858935,0.00017542288123116592,0.00021939178431347567,6.0744191668755784e-05,0.4766285859214716,1.2933494826088827e-07,0.012340156052329132,0.0001542975131581793,5.865959269673156e-05,8.085754642343188e-08,0.24439974541949136,0.00025918462901663986,1.8552311858631342e-06,0.026215729749454734,2.8648081363307402e-05,6.437336249751233e-05
47,1.373175809636853e-07,3.2665227981727856e-05,1.3802411697019177e-05,0.2186957649970447,0.0010156176724803534,8.649401281511834e-05,0.0013307012791102246,0.005360124078473706,5.019139596893318e-06,0.003811688352918022,0.00015816045646364888,0.00026405713618694984,9.898294554673478e-05,0.4362946860156305,1.49486119852781e-07,0.016057549054968128,0.00020696411731725123,6.46744017246746e-05,8.655282823378155e-08,0.2935713707761768,0.0003086350076937436,2.184570535350769e-06,0.022517978042809396,3.060099023780943e-05,7.190595606211753e-05
48,1.3372984792417234e-07,4.045585185152165e-05,1.1382873642895261e-05,0.21412471825461918,0.0009363265240348568,0.0001083980117950359,0.0010875139169632681,0.005862680279596587,4.093868711309817e-06,0.00442878059506519,0.00020115969072972642,0.00017204025660511467,6.878129797500005e-05,0.4835324968900939,9.782043916526363e-08,0.013015124937162269,0.00019608466698918176,5.918685845558188e-05,1.299102177710754e-07,0.2482944182005417,0.00023631891382511273,1.9829864513628194e-06,0.027532565482381526,4.024706905664285e-05,4.488111294815761e-05
49,1.1575194225249734e-07,3.190139397329549e-05,1.4409407664872585e-05,0.24637164119819616,0.0008160693178302733,8.48144686414392e-05,0.0012275972762159542,0.005080819077912826,4.148951381257304e-06,0.0038092095060472814,0.0001714825083116455,0.00022857093325212135,6.734184582756366e-05,0.4575258021938137,1.3003402009762783e-07,0.01171908184901041,0.00016781117364996178,6.010676165787535e-05,7.186614948498784e-08,0.24615475463735104,0.0002764802494795026,1.9853176498396835e-06,0.026090605958727232,2.8942850355492583e-05,6.610547093829809e-05
50,1.2448213293429795e-07,2.844489997855481e-05,1.2192784547179944e-05,0.32206417619559596,0.0007408228007606579,0.00015293041211444951,0.00039729815070988715,0.002944606756778685,7.930081503053344e-06,0.0017839382395241988,0.0002209594650782791,0.00015883336892209252,0.00010307553112429751,0.29260431660966485,9.893947280772424e-08,0.0167962900411095,0.00029125348092420454,7.295113815779582e-05,9.12723810820697e-08,0.34021007963603395,0.0003124942039333091,2.05493821816646e-06,0.02098703920765682,7.222304560820102e-05,3.577431806906392e-05
51,8.883161219553016e-08,4.390724311900294e-05,8.460551110233179e-06,0.2913213931737525,0.00036541507068962045,4.512523768812953e-05,0.0007977754419232853,0.004995700536534243,3.0009287291160213e-06,0.003049715301914916,0.00012310674693258276,0.00018133705611347487,2.3485133807418565e-05,0.5469562542825475,7.971115942508212e-08,0.005908991102646697,9.209242200112979e-05,5.147242424074454e-05,5.373608747018498e-08,0.13042018425830282,0.00016566292596950652,1.8490694345674931e-06,0.015391301032095097,1.5271107465477028e-05,3.827667412294499e-05
52,1.0954064201074962e-07,3.636232186225027e-05,1.3669179173843667e-05,0.2492326887196817,0.0009329683738337486,7.799332867374636e-05,0.001422908340708598,0.005528933860067937,4.192001942306296e-06,0.003655100947573314,0.00017640347658044725,0.0002397053693738182,6.331919376365492e-05,0.45816891046738367,1.222914370552514e-07,0.011916973589210634,0.000157433277448743,4.805591536355955e-05,7.670559476121182e-08,0.2404608811330334,0.00029091422435472314,1.8217355131012262e-06,0.027482440903915346,2.829200295288661e-05,5.972309991447187e-05
53,1.4886023102200238e-07,3.4825814733442745e-05,1.2499313138158148e-05,0.22323703843460047,0.0007673551516858994,0.00011660745131826975,0.0006977344327483006,0.004381777751783123,4.2605920594578065e-06,0.003954212538816812,0.0001428120579568197,0.00014468257833928,7.061097955350433e-05,0.45834121592672866,9.875031726605095e-08,0.01167119668291377,0.000260742591465184,7.766296527669847e-05,9.086662886166751e-08,0.27292653497343977,0.00027668445462570895,2.0167293429930407e-06,0.022790325066953963,3.181711528813865e-05,5.70479200543992e-05
54,1.2191016222743826e-07,4.58419935594662e-05,1.1617472163763324e-05,0.18821060806727838,0.0008964875013118424,7.174663499283929e-05,0.001334590055015419,0.0045429282891688875,4.083907642360146e-06,0.00433122951980283,0.0001243522692254999,0.00021430145788849694,4.835481738130619e-05,0.5465381290942809,1.7864035169244673e-07,0.011097406339697634,0.00013658712805187078,4.88501156783624e-05,7.213245788168818e-08,0.22084556591449792,0.0002239643098891923,1.910878399560883e-06,0.021168787893749857,1.667227928571073e-05,8.561137806616192e-05
55,2.109024446154317e-07,3.6225876442132465e-05,1.9898951215817757e-05,0.28983350240243727,0.000998958913605287,9.089514964081648e-05,0.0017851231360729283,0.005694526845318989,1.033923907137396e-05,0.0029658195826629645,0.00017400069725083704,0.0005309974025893272,0.0001766487445750431,0.39928561739963775,1.7138510428214938e-07,0.019575668241093042,0.00017229685501851633,8.940818440690024e-05,1.0679851918122547e-07,0.26259901651449435,0.0003770405387282248,2.2592972141226694e-06,0.015457539820404853,4.491070093795324e-05,7.881642111368895e-05
56,1.3415765291144036e-07,3.485632705092302e-05,1.4047396956785154e-05,0.22670430224273197,0.0009551453339615354,8.684482051598057e-05,0.0013138600346716267,0.005321725613759481,4.503374951507843e-06,0.003849201897230335,0.00017568829458544278,0.00023461406040941186,7.556144954174797e-05,0.469579275949267,1.308254176850246e-07,0.012384146547766695,0.00018178136918007854,6.264156848472186e-05,8.356046701388614e-08,0.2534734851693561,0.0002744555947529106,1.990811082253137e-06,0.025174282380168,3.0360372349331063e-05,6.688084768859609e-05
57,1.2710927539027347e-07,3.160372686864563e-05,1.4296079592732704e-05,0.2188064214553986,0.000979736507701322,8.534369314728447e-05,0.0013765715597208056,0.006117619769735038,5.5358913087735774e-06,0.0036075955964961354,0.00016214372192967553,0.00031087192338691896,0.00011342831307801734,0.4213562827136604,1.6656543517687046e-07,0.017601928940724272,0.00020116686046922955,6.056738183785578e-05,9.620944088400486e-08,0.30708006991700904,0.00033022927576622976,2.3482565799427906e-06,0.021656123563215158,3.108199171088605e-05,6.864297651149945e-05
58,1.4022338326363814e-07,3.50741807169486e-05,1.4769535300868331e-05,0.23642955300122076,0.0009862207520950576,9.579799448498292e-05,0.0013124164845357844,0.005403120130375255,4.868439413950713e-06,0.0037198910153102014,0.0001989964193095059,0.00023831087078288142,7.929541080163318e-05,0.45798500440132844,1.2589893385959072e-07,0.01305491841625225,0.0001770587649565756,6.266724327966066e-05,9.265954846014141e-08,0.25316326547676254,0.0002770362429372514,1.9485684510278033e-06,0.026660981727964016,3.709065905599107e-05,6.135548279876165e-05
59,1.3161611866083015e-07,3.471301592175567e-05,1.575502316626738e-05,0.24735784035569386,0.0009652627938998863,9.570428213261643e-05,0.0013298997772745677,0.005635436210149261,4.607483237038508e-06,0.004003224547768233,0.0001984818910952368,0.0002222978523465731,7.138946001165934e-05,0.4322739056657122,1.2680650500606233e-07,0.013356638498862664,0.00016890726094342484,5.9643270375294e-05,8.820205200050534e-08,0.26543023665640664,0.00028261918937977186,1.9002648113094874e-06,0.028394931017641754,3.715266911810249e-05,5.910618937615266e-05
60,1.2372924417429958e-07,3.4694059724695957e-05,1.3704439546888918e-05,0.23106795076273032,0.0009301718675508947,8.595038629811478e-05,0.001302039427199493,0.005440812060490646,4.175301134882168e-06,0.00404583151775854,0.0001745752775689794,0.0002140506569568671,6.470251924861416e-05,0.4672520954562837,1.265173642320136e-07,0.012296628797370176,0.00017325469368566427,5.981751958530636e-05,7.938840290237321e-08,0.250130098467033,0.0002672192927848278,1.9473478611246323e-06,0.026347143604707923,2.9106604243018453e-05,6.37003052250278e-05
61,1.342322305866308e-07,3.55591010419676e-05,1.5727111243497067e-05,0.24216891166532117,0.0009764986195294887,9.306324200281473e-05,0.001381395056141104,0.005746491674010847,4.5307634868994505e-06,0.004068433577784344,0.00019793489095694836,0.00022619336177019206,7.075775796281418e-05,0.4422131577409381,1.3128444680299052e-07,0.012897010560621704,0.00016888673189600207,6.020797648861284e-05,8.879432080557872e-08,0.26102665659687174,0.0002781504854245106,1.932183358305317e-06,0.02827106981121005,3.5540149288643366e-05,6.153663165193234e-05
62,1.2372924417429958e-07,3.4694059724695957e-05,1.3704439546888918e-05,0.23106795076273032,0.0009301718675508947,8.595038629811478e-05,0.001302039427199493,0.005440812060490646,4.175301134882168e-06,0.00404583151775854,0.0001745752775689794,0.0002140506569568671,6.470251924861416e-05,0.4672520954562837,1.265173642320136e-07,0.012296628797370176,0.00017325469368566427,5.981751958530636e-05,7.938840290237321e-08,0.250130098467033,0.0002672192927848278,1.9473478611246323e-06,0.026347143604707923,2.9106604243018453e-05,6.37003052250278e-05
63,1.2721262016676127e-07,3.801756590914221e-05,1.3574170172550468e-05,0.22965458720853224,0.0009597441785165092,8.511821588151498e-05,0.0012829090168021981,0.005158352323393242,4.242664285559355e-06,0.004049082731119065,0.00017164430297267298,0.0002090909078782924,6.322517202816914e-05,0.4674929336022269,1.2914869956154084e-07,0.011788063373009245,0.00017183066316813923,5.799476959048788e-05,8.001378843829527e-08,0.2519985133007602,0.0002637412013138849,1.909261938388422e-06,0.026441684652493323,2.8770287452408055e-05,6.463405544770827e-05
64,1.1585096807345937e-07,3.4757359428793585e-05,1.3206433365499616e-05,0.23167830951049456,0.0008726814314277345,8.550344232554571e-05,0.0012419887448215348,0.004974585163462545,4.2232328639735805e-06,0.004110652650153094,0.00016099502815665798,0.00022406142978795824,6.781122643449299e-05,0.4637494715375284,1.2918773403921378e-07,0.011820291819665539,0.0001826624412696082,6.021210559478809e-05,7.90089489423325e-08,0.25379745537888376,0.00031652015864410207,2.110418647724634e-06,0.026507077089962514,2.8572044538051243e-05,6.652730489204031e-05
65,1.8878658887892717e-07,3.5027656096185704e-05,1.6301184064994338e-05,0.24984990840411134,0.0012992604934739349,0.00012790316317546333,0.0012476725182049625,0.005547037974748354,8.352410868016993e-06,0.002616029549847085,0.00030971156370387346,0.0003023372315721672,0.00013071281572501833,0.42898430976281415,1.5455035849187126e-07,0.019386836392966803,0.00024074632886700875,7.658107532274342e-05,1.3263334771613783e-07,0.2644047164653726,0.00028858135771176596,2.5700696076658633e-06,0.025004980181616624,6.224027577535757e-05,5.770715405863372e-05
66,9.085202125929425e-08,3.1529824424533824e-05,1.0945687036523077e-05,0.24991312530078635,0.0005929139666084252,6.133318131022845e-05,0.0012681490817922948,0.006328892891738066,3.569430361260371e-06,0.0031567770977041555,0.00016911216794815174,0.00025946691387265157,4.4072877512211394e-05,0.5466421675816073,1.2375989413788228e-07,0.01055593028139567,0.00012519118102688134,4.993600404819402e-05,6.810090311390093e-08,0.1597213521274317,0.00021672668945156413,2.2707628148788805e-06,0.020773400286794287,1.9410750777528944e-05,5.344320073860828e-05
67,3.233670134026728e-07,8.401250670227937e-05,3.0442565545550645e-05,0.23153293362071498,0.0017760204055947122,9.009254432369159e-05,0.006495830818910701,0.021600374149275892,1.084183980013326e-05,0.005336363080457622,0.0004208411724122969,0.0005821263573480006,4.782744656261961e-05,0.5592043426348009,5.520571089450544e-07,0.019815643781877657,0.00012395521973060974,7.781405522259277e-05,2.909756558312059e-07,0.13147057371726906,0.0003322735970407319,4.903384645217837e-06,0.020832631923716934,3.0489835939460305e-05,9.849894233023923e-05
68,1.0590817456900057e-07,2.857650074810093e-05,1.4135595120082863e-05,0.2704093477660553,0.0006835297168416605,8.014791330779037e-05,0.001092964759384203,0.005288451596684784,3.588987318052079e-06,0.0038100354295364427,0.00015729750274394983,0.00020546466007762484,6.031496192181777e-05,0.4501510939617171,8.529894906608105e-08,0.010442988087992142,0.00016074183756141792,5.9915020250491223e-05,6.413717248903331e-08,0.23049708477873795,0.00030077450085174687,1.6953630697016146e-06,0.02646980871977712,2.9055888231869064e-05,5.273110777443395e-05
69,1.6501021554156034e-07,3.8959606534174113e-05,1.4501197450561029e-05,0.19814875637967505,0.0010457237376666336,9.635162077702012e-05,0.001439755768247412,0.005479524543183976,5.072638970747728e-06,0.00472084398282122,0.000142959530947116,0.000209521640299356,6.689151373682681e-05,0.5238754032065048,1.7018196199206325e-07,0.013105269876771772,0.00021512624106121296,8.10987512987258e-05,8.539752321300464e-08,0.2300500066839244,0.000269738343254246,2.4084768063525904e-06,0.020877420262576652,2.161050251439323e-05,9.26349052766449e-05
70,9.616024586787011e-08,6.021554152002701e-05,1.2187648153464509e-05,0.24998624050025842,0.001333024480011535,0.00020358940882467974,0.001680354444385619,0.0037032782898033813,6.295243477570288e-06,0.005342319356565848,0.0005094635866335382,0.00022043158659003413,4.150105866546037e-05,0.49056029534851375,1.6146455681811718e-07,0.009752486149819443,0.0001926269572173491,5.351839745438249e-05,2.4235021099155267e-07,0.14734932066066048,0.0008317278337250062,4.156466695877892e-06,0.08800567124515775,9.53268957559221e-05,5.5468925096909204e-05
71,7.612798272460318e-08,2.755745961409533e-05,5.3366814778537335e-06,0.14172726303702698,0.0010397644346244604,4.580221856705126e-05,0.0006856281100239572,0.0028827788538933804,2.454751573173893e-06,0.0029683729083163964,8.631464222747233e-05,0.00012317431828072397,6.862303559241138e-05,0.37977573776189505,6.945328406736448e-08,0.009877858176643542,0.00016180816719635333,3.5268653808494955e-05,4.204082055428132e-08,0.4388073964416145,0.00016924096638826013,8.788131052325109e-07,0.0214425620976038,1.864233534890885e-05,4.734851309061403e-05
72,6.825577615678663e-08,3.3471984082240486e-05,6.953593358571043e-06,0.19348001747056506,0.0009531105481365412,6.049311293708933e-05,0.000847916318040222,0.0029307935521926854,1.8979872861050672e-06,0.0037325685375807615,0.00013794674006111486,9.56916194663085e-05,2.5724773894879498e-05,0.5167784596821209,8.043061044194312e-08,0.006007783803295392,0.00014101771719828634,3.314044124061937e-05,3.638934284185669e-08,0.2314781498475355,0.00016920417427868111,1.135771672002803e-06,0.043007482677190366,1.6500670867104735e-05,6.035390127016539e-05
