,0,1,2,3,4,5,6,7,8,9,10,11,12,13,14,15,16,17,18,19,20,21,22,23,24
0,3.043378749846987e-06,1.0610158993159284e-07,0.022283781909982224,0.946059307203076,0.00038803195062662467,0.00022602888055709436,5.840729266594569e-05,0.009400920224005344,4.075340702752014e-06,7.120156478786795e-05,0.004769960826593685,2.422960876709797e-06,0.0022688966347719952,0.0021223609252652167,0.0011076680709023647,0.00038185492090918555,0.0002968360939268153,6.211877810782029e-06,3.678258355851257e-05,0.0005886755786624848,0.0077400044374234585,0.0005134381868867172,0.0015071998999868397,0.00016275498860501942,2.8167076296557158e-08
1,2.8373040682333058e-06,1.0134286859612513e-07,0.020563204777348364,0.9539900788264691,0.0003913835955084695,0.0001612893692880177,4.116268694563417e-05,0.0077876588374260714,4.101846391165534e-06,5.695156285515497e-05,0.004518523590961891,1.984519083513432e-06,0.0020362761292867827,0.0016930736638246892,0.0008197052201852855,0.0003308970237815208,0.0002907169166243983,4.800524910754695e-06,2.6920690136618222e-05,0.00034842012203569346,0.005359385350329379,0.0003695504798606284,0.001057322471414981,0.00014363375107362294,1.939732138974787e-08
2,2.935930721137695e-06,1.0349996635353121e-07,0.02306242982628777,0.9473420589740451,0.0004554598337213987,0.00017062422053106376,5.325841193852786e-05,0.00889031794863925,4.590351333780923e-06,6.89524026995907e-05,0.004671273032008451,1.9982870398359352e-06,0.002018823645501195,0.002202644156714447,0.0010962838209757017,0.00030952440213732733,0.00026453565305809923,5.560597481833707e-06,3.167616481591334e-05,0.0005347955023179276,0.006688474553698226,0.0005415398227132366,0.001418694111620602,0.00016341536034655035,2.9489686781103662e-08
3,2.6409071557242045e-06,9.65164599881413e-08,0.020582449423779767,0.9536197425175446,0.0003858291565953607,0.00015529992987738635,4.295962736814989e-05,0.007098141664466409,3.3906550380376063e-06,5.328019306144174e-05,0.004781808692129444,2.0639021576009317e-06,0.0020107227647930942,0.001921500333564343,0.00085661011399992,0.0002865589289972025,0.00026343835115736627,5.295632345182993e-06,2.4941697913193265e-05,0.00035126333041872,0.005954056706694772,0.00038604254037724546,0.0010747591955032156,0.00013708623414025584,2.0984461485326436e-08
4,2.5711434339838492e-06,1.0456567458147027e-07,0.019375000853248996,0.9549348641598185,0.000390784685955862,0.00015424680180096183,4.239694653472472e-05,0.006678243081757253,3.4200391979976715e-06,5.1671135530193304e-05,0.005055296500917546,2.3171303274067205e-06,0.0022779573558553224,0.002061799074688182,0.0007653555235186639,0.00028324834382669004,0.0002789124547922156,5.6129948625432154e-06,2.397917713328865e-05,0.0003318522485270792,0.005736118363755296,0.0003744215715471019,0.0010421673374837476,0.000127637568047065,2.0941764685750797e-08
5,2.545237582731034e-06,7.689154919186915e-08,0.01838833417643661,0.9582571628052617,0.00033391848132948755,0.00012982515918457435,4.100439199607228e-05,0.00641832487289564,2.9915925699819567e-06,5.22776166585476e-05,0.004221758700091196,1.907789517138869e-06,0.001793232377364519,0.001802163645900601,0.0007032542449692464,0.00027330598530338614,0.0002453155597515474,5.979553795503682e-06,2.013380005931065e-05,0.0003487676965426554,0.00548927430686463,0.0003363509906000102,0.000994637736352868,0.00013743575169911535,2.0635723703792755e-08
6,2.6409071557242045e-06,9.65164599881413e-08,0.020582449423779767,0.9536197425175446,0.0003858291565953607,0.00015529992987738635,4.295962736814989e-05,0.007098141664466409,3.3906550380376063e-06,5.328019306144174e-05,0.004781808692129444,2.0639021576009317e-06,0.0020107227647930942,0.001921500333564343,0.00085661011399992,0.0002865589289972025,0.00026343835115736627,5.295632345182993e-06,2.4941697913193265e-05,0.00035126333041872,0.005954056706694772,0.00038604254037724546,0.0010747591955032156,0.00013708623414025584,2.0984461485326436e-08
7,3.2692996203067908e-06,1.125173962711446e-07,0.028597204800707335,0.9434779765521142,0.00033569450301982847,0.00013744146497665145,3.878621504431939e-05,0.009748632999278745,3.0089044863401787e-06,4.154261656128219e-05,0.005238279117125501,2.118930561101415e-06,0.0031378874705075017,0.0014015210074104318,0.0007258614339186303,0.00023173985770452463,0.00029149298240684166,4.765026129047007e-06,2.9487791490267262e-05,0.00028562696971190727,0.005031866724419979,0.0003571979625799431,0.0007534856071253345,0.00012498609489524235,1.3150808531115335e-08
8,6.137214041313428e-06,4.1615929336950676e-07,0.02830449442262314,0.8508064771073817,0.000808911871262331,0.0005373296648337282,0.0001218054903440423,0.05325495774528846,4.227967341901228e-06,4.065315744579219e-05,0.01043155455148802,3.0893901500143054e-05,0.030004563302153654,0.002104986769127603,0.0006574432670562559,0.0012307701684799472,0.0010453320910201974,1.2511686172705348e-05,0.0003620708601937201,0.000978871530822344,0.0161788262079058,0.000996904904761924,0.0020539912690092964,2.5853820177681662e-05,1.4870274868024257e-08
9,5.758273889889046e-06,5.480114364350657e-07,0.01815354343755857,0.9204810667757022,0.0011233941131324407,0.0004132856034858298,0.0002302682662106303,0.014101089572514635,6.537274567715745e-06,6.0499173648254404e-05,0.011099220486435067,2.0444923419510344e-05,0.008598842901233602,0.004423102995472443,0.0014133404375855283,0.0008474426015801604,0.0006816728841328551,1.9482303592080055e-05,0.00010860228577111742,0.0006020760050419841,0.01438187308646428,0.000958366483035428,0.002200044750662892,6.941747674983215e-05,7.987667646200337e-08
10,2.6409071557242045e-06,9.65164599881413e-08,0.020582449423779767,0.9536197425175446,0.0003858291565953607,0.00015529992987738635,4.295962736814989e-05,0.007098141664466409,3.3906550380376063e-06,5.328019306144174e-05,0.004781808692129444,2.0639021576009317e-06,0.0020107227647930942,0.001921500333564343,0.00085661011399992,0.0002865589289972025,0.00026343835115736627,5.295632345182993e-06,2.4941697913193265e-05,0.00035126333041872,0.005954056706694772,0.00038604254037724546,0.0010747591955032156,0.00013708623414025584,2.0984461485326436e-08
11,2.67949705477265e-06,1.0031970914017725e-07,0.020356847031400727,0.9535792672651554,0.00037514208119561785,0.00015688604873835522,4.332374280411992e-05,0.007439265723147145,3.445553389996593e-06,5.284983779652622e-05,0.004759683173740544,2.201800997285391e-06,0.0022026653727237216,0.0019012760352833365,0.0008066758170422326,0.00029370175823631315,0.00028154948786786657,5.424884016832014e-06,2.564533091806717e-05,0.000347799633584282,0.00579473500958,0.00038805909595383283,0.0010495831865236383,0.0001311718380263603,2.0475113776726605e-08
12,2.170097017846428e-06,3.573766167101257e-08,0.01975147733901454,0.9509233381096164,8.348988488041506e-05,7.996198798138967e-05,2.5594823455238404e-05,0.018362826640039246,1.6581300986203574e-06,3.707163175873925e-05,0.002845910292304215,8.233771944890196e-07,0.001769507849836607,0.000435738795425945,0.0006759792838839307,0.0002531507941058564,0.0003178890923065554,1.748108499269246e-06,2.2779314940665923e-05,0.00013808409615573053,0.00346761607109214,0.00033594045730994877,0.0003673741771497959,9.98309350680278e-05,2.9732027697886075e-09
13,2.697056881040694e-06,9.562752661684051e-08,0.021979493587021854,0.9515424503075833,0.0003872894872975496,0.00016899131374139653,4.812080722640966e-05,0.00804258680591223,3.6858675686336334e-06,6.203043780353538e-05,0.004073740186614845,2.069299764976912e-06,0.001929207161792623,0.0019301428375016532,0.0008818627217090946,0.0003124472561016077,0.00027245416134656457,5.57441849866381e-06,2.7152679502232076e-05,0.0004269655820520587,0.006214919787650047,0.00044581354213506084,0.0010990587147630742,0.00014112669261343104,2.3659391481556143e-08
14,1.2942096214057765e-06,2.1544706204265563e-08,0.01893401632784448,0.9654230990505632,0.00012761492018961744,5.7318684406641436e-05,2.7198468250868773e-05,0.007296883864449199,2.81938728014177e-06,4.779612547872251e-05,0.0017314369613299447,3.5500040837156645e-07,0.0005493784603426411,0.000760794773909829,0.0008865517693139278,0.00014804599385048075,0.00018235626046364336,2.111467287863302e-06,7.578601971115922e-06,0.00021594081625028367,0.0024901395696468633,0.0003481006624206238,0.0005849320876062805,0.00017420360912945429,1.1383278094269259e-08
15,2.6409071557242045e-06,9.65164599881413e-08,0.020582449423779767,0.9536197425175446,0.0003858291565953607,0.00015529992987738635,4.295962736814989e-05,0.007098141664466409,3.3906550380376063e-06,5.328019306144174e-05,0.004781808692129444,2.0639021576009317e-06,0.0020107227647930942,0.001921500333564343,0.00085661011399992,0.0002865589289972025,0.00026343835115736627,5.295632345182993e-06,2.4941697913193265e-05,0.00035126333041872,0.005954056706694772,0.00038604254037724546,0.0010747591955032156,0.00013708623414025584,2.0984461485326436e-08
16,3.676756882406943e-06,1.3971170334958726e-07,0.03311633715175199,0.9358002630218445,0.0004349594046113711,0.00018914581972097105,4.1226264200985276e-05,0.012552340322678749,7.144030942918362e-06,4.408367675222814e-05,0.00561067622116558,1.501595996536504e-06,0.002994497553815724,0.0014127639018192968,0.0012511757691569111,0.0002753800855342319,0.00034530529692516486,2.9738202478825525e-06,4.047259964701786e-05,0.00034910925062692867,0.003565541191018433,0.0004864304963916785,0.001281186849328333,0.00019365202640339623,1.718083314595833e-08
17,2.2073207390664806e-06,9.623929198558839e-08,0.026761059847062785,0.9497346771943371,0.00035282960836502695,0.00022355263360137185,3.4196160040016256e-05,0.006165099133528565,4.94350319022087e-06,5.701356103644822e-05,0.005437229750458789,8.894833232561646e-07,0.0012810595216983106,0.0012351635533231274,0.0017677929055831855,0.00029147438575042754,0.00022566551489386133,1.8123349348949681e-06,2.350782175665658e-05,0.0002409640000541128,0.004662292631281249,0.00033889334633965796,0.0008849793113186653,0.00027258775155760746,1.2486533442747334e-08
18,2.7035947929705443e-06,1.019277891894252e-07,0.019849206904132256,0.9537526999986623,0.00039557731899607064,0.00015874119810267535,4.6491733919161575e-05,0.007138501879516887,3.5272924709669335e-06,5.570678124033767e-05,0.004847908768895585,2.26291075376375e-06,0.002088346202430124,0.0020771044898352828,0.0008612945899475409,0.00029969466971470923,0.0002783918428800675,5.845146722670226e-06,2.5466875760032252e-05,0.0003676535170888612,0.006069304260236739,0.00041061416738843645,0.0011276253026229301,0.000135205014314107,2.36117863129455e-08
19,2.9503330466584925e-06,9.54781742171493e-08,0.01794913346243492,0.9521776886236475,0.000416025834597943,0.00023637930494863993,4.284413780642779e-05,0.0053297471048959905,3.361836039889534e-06,6.47592711368803e-05,0.007053890950905139,1.7342300144490216e-06,0.0014061615207193341,0.0023072570218172243,0.0016061166467372268,0.0004132455429237957,0.00024675297747944795,4.934713591374924e-06,2.7731468866298464e-05,0.0003918055923807945,0.007834868974194368,0.00034363430894906425,0.001927079682589153,0.00021177406701455075,2.6915088610392487e-08
20,4.013060316157055e-06,1.4456778151277773e-07,0.01182420801927638,0.9712208079322857,0.0006360895164854292,0.0001605775230497562,1.5915731649384252e-05,0.001233234028425196,2.4951128751282724e-06,2.4414112060266682e-05,0.003286646005064522,1.035222131916133e-05,0.004572604073154932,0.003308470792133577,4.2330836118136386e-05,0.00048147766126821874,0.0005271865323780435,4.189875847917229e-05,7.795371186326066e-06,0.0002405829636214338,0.00157152304754197,3.7734215655384394e-05,0.0006942642756504962,5.520813018459152e-05,2.551203898670935e-08
21,2.725297961334139e-06,1.0419049412925806e-07,0.01816030386503742,0.9559437833356543,0.0004729595340159216,0.0001356869912060068,3.818244557973665e-05,0.005570580316494851,2.9750063704343796e-06,5.5895102117399246e-05,0.005100865614348134,2.5882219753849263e-06,0.001862982762909264,0.0022900917425376886,0.000710627905954277,0.00027426319840218255,0.0002309798897416746,6.773933068685555e-06,2.2744878544701263e-05,0.0003446271852241493,0.007257308064432108,0.0003345317405555595,0.001054159133175114,0.00012423560833374692,2.403586583508485e-08
22,2.8567669963972407e-06,1.1637470608501428e-07,0.02159192025885158,0.9505552676483602,0.000442348827792835,0.00017888964131319393,5.0774473663105034e-05,0.007691351730357548,4.128795867451896e-06,5.67842685632388e-05,0.004980666276008514,2.236515252635161e-06,0.0022085913926284616,0.0021095399571700473,0.0009794516539672583,0.0003072606520683518,0.00027296463755268946,5.487086682634382e-06,2.89588133889777e-05,0.0004012011980328509,0.006291148228721296,0.0004335831302163819,0.0012572048326756368,0.0001472408173139608,2.6021848661386117e-08
23,2.6409071557242045e-06,9.65164599881413e-08,0.020582449423779767,0.9536197425175446,0.0003858291565953607,0.00015529992987738635,4.295962736814989e-05,0.007098141664466409,3.3906550380376063e-06,5.328019306144174e-05,0.004781808692129444,2.0639021576009317e-06,0.0020107227647930942,0.001921500333564343,0.00085661011399992,0.0002865589289972025,0.00026343835115736627,5.295632345182993e-06,2.4941697913193265e-05,0.00035126333041872,0.005954056706694772,0.00038604254037724546,0.0010747591955032156,0.00013708623414025584,2.0984461485326436e-08
24,6.233169756384525e-06,1.5779699084280203e-07,0.07892587023669957,0.8532158925673674,0.00034291096957906773,0.0003395103721490593,0.0001399429019086501,0.029848929589563086,5.338721115535204e-06,0.00012388814060953357,0.006746135231095836,1.435400078214692e-06,0.0016662342045796813,0.0013490916752398302,0.007991549139709371,0.00028950548934184836,0.0003415058590355116,3.905788388620323e-06,0.00010832136179784398,0.0009531243506119939,0.013718882835500197,0.002075330170101966,0.0014234621123803476,0.00038280735159413356,3.456480552130364e-08
25,4.439669829847095e-06,1.0816659061853714e-06,0.05822344229647328,0.8804935233397597,0.0021338150461078045,0.0021388081046031567,0.0001593883172570773,0.003547936470089308,2.3237866707775378e-05,0.00025144220977998006,0.008670921889277743,7.990104648350122e-06,0.0020743425891941295,0.01639885531828145,0.0054492081525604075,0.0007227559549122125,0.0006196465397333198,1.4174565251092686e-05,7.132214559476626e-05,0.0016342429296391046,0.011361281093222798,0.0017757099975008392,0.003582165701625589,0.000639891854629766,3.761774140535596e-07
26,1.934840108640366e-06,1.6489923419544722e-07,0.02738778316624767,0.9198968399344231,0.0006646670463426116,0.0002327949494920184,8.247177332430359e-05,0.010033388632693187,1.2481272686643677e-06,8.595118779935494e-05,0.0067825178106436625,8.702653991391995e-06,0.004073789967929422,0.004842052502850795,0.0011007789149739997,0.0004443127157277876,0.00028736751002939243,9.78917344988953e-06,7.218249374951516e-05,0.00048255510178949585,0.02163742050974685,0.0010604106966966157,0.0007699982372969973,4.0853369464715234e-05,2.3784725628851712e-08
27,2.6908685789519216e-06,1.0854175224727615e-07,0.020506555613654127,0.9513325222134476,0.00040968502013993184,0.00017679719533096968,5.611673894526423e-05,0.0080801794683493,4.846876092430198e-06,6.867368948009915e-05,0.0049529181635845345,1.9880103266307387e-06,0.002004965242271366,0.002158155126710012,0.001158349525149797,0.0003245445700857271,0.00029182903188294535,5.111208028923871e-06,2.775634307342308e-05,0.00043569594293118983,0.006022022380670975,0.0005382672707443715,0.0012697476807429133,0.00017044532690854337,2.7951117828481725e-08
28,2.6409071557242045e-06,9.65164599881413e-08,0.020582449423779767,0.9536197425175446,0.0003858291565953607,0.00015529992987738635,4.295962736814989e-05,0.007098141664466409,3.3906550380376063e-06,5.328019306144174e-05,0.004781808692129444,2.0639021576009317e-06,0.0020107227647930942,0.001921500333564343,0.00085661011399992,0.0002865589289972025,0.00026343835115736627,5.295632345182993e-06,2.4941697913193265e-05,0.00035126333041872,0.005954056706694772,0.00038604254037724546,0.0010747591955032156,0.00013708623414025584,2.0984461485326436e-08
29,2.6409071557242045e-06,9.65164599881413e-08,0.020582449423779767,0.9536197425175446,0.0003858291565953607,0.00015529992987738635,4.295962736814989e-05,0.007098141664466409,3.3906550380376063e-06,5.328019306144174e-05,0.004781808692129444,2.0639021576009317e-06,0.0020107227647930942,0.001921500333564343,0.00085661011399992,0.0002865589289972025,0.00026343835115736627,5.295632345182993e-06,2.4941697913193265e-05,0.00035126333041872,0.005954056706694772,0.00038604254037724546,0.0010747591955032156,0.00013708623414025584,2.0984461485326436e-08
30,2.6409071557242045e-06,9.65164599881413e-08,0.020582449423779767,0.9536197425175446,0.0003858291565953607,0.00015529992987738635,4.295962736814989e-05,0.007098141664466409,3.3906550380376063e-06,5.328019306144174e-05,0.004781808692129444,2.0639021576009317e-06,0.0020107227647930942,0.001921500333564343,0.00085661011399992,0.0002865589289972025,0.00026343835115736627,5.295632345182993e-06,2.4941697913193265e-05,0.00035126333041872,0.005954056706694772,0.00038604254037724546,0.0010747591955032156,0.00013708623414025584,2.0984461485326436e-08
31,3.379519537658403e-06,9.302971814021935e-08,0.028045186622348346,0.9432567118073748,0.0003524452509916137,0.00014563984577675447,4.20378112633672e-05,0.011002572733243092,2.9541757999419417e-06,5.1337616407082135e-05,0.0038006725983958,2.1779114459071294e-06,0.002394067925559389,0.0014828272982175253,0.0007214948153017068,0.0002757049082372076,0.0002758676623671019,5.998836519707222e-06,3.267738471883842e-05,0.00042447993346247134,0.00620951704924506,0.00040199317901510755,0.0009501358370828207,0.00012000797719070968,1.8270779618234506e-08
32,2.8428079723274835e-06,1.0464667231619545e-07,0.021997236114046335,0.9502528948529121,0.00041234597111830247,0.00016863025628450863,4.566823401242008e-05,0.007831837843776746,3.5499631129755633e-06,5.630993128163912e-05,0.0049945017964944435,2.2499308353386433e-06,0.0021626121033706614,0.0020106779949499434,0.0009213217464585842,0.00030575526021078304,0.0002753311692379024,5.533475756574872e-06,2.9468470715806783e-05,0.00039068522418312187,0.006404762447802055,0.00042815480039412455,0.0011587656209966167,0.00013873688257412596,2.2454830245776682e-08
33,2.473438094725337e-06,9.465897639287917e-08,0.0169873789013286,0.9571021994200598,0.00028247157770154373,0.0001417403690884101,4.873489254018305e-05,0.008643011242550347,3.1375682434914798e-06,5.107608029309084e-05,0.004228964085054545,3.0426339791608973e-06,0.003332826469166586,0.0020014437055872404,0.0005149534296939788,0.0003456056025795895,0.0004177684778951938,6.999512820378953e-06,2.4505158940962944e-05,0.00032145954172239585,0.004199290422608266,0.0004348909698617692,0.0008178148146741935,8.809983634046928e-05,1.719019877135655e-08
34,3.914108402863485e-06,1.4754864280212222e-07,0.026690307912493227,0.9428135909020485,0.0005128650483473887,0.00015957846107796523,4.086702294200121e-05,0.008453821845825023,4.013737799555007e-06,5.0504178906404634e-05,0.006584251520696056,2.467068347017888e-06,0.0026068964115591635,0.002024069964397975,0.0010053697175439647,0.00025999866237039454,0.0002775768140148337,5.354449286680913e-06,3.851579523496728e-05,0.0003417819575659147,0.0063522210927669165,0.00042216241899987274,0.0011949813833767935,0.00015471946499140402,2.2512362499181334e-08
35,4.675412554607848e-06,9.808265454904973e-08,0.019101348204019982,0.9504839071102223,0.0002520362905132875,8.417137366639778e-05,4.394823866811649e-05,0.0161462726441098,3.329547182246482e-06,4.184503582959105e-05,0.0031799480487371087,2.8806337243801424e-06,0.002928048461283361,0.0009836261278311212,0.000440279890556749,0.0002961520758481677,0.00042831530781509554,7.369357263720805e-06,2.9996656804598345e-05,0.00026480948037105475,0.004148449661615268,0.0003669552185116017,0.0006796991071015639,8.182362072351572e-05,1.4412391643087556e-08
36,2.653764210290026e-06,9.641988405931233e-08,0.020832995247248874,0.9533973389890488,0.0003918063520506719,0.00015448972102957858,4.2442168209389774e-05,0.0069555739995525966,3.346968876126975e-06,5.3217106974403215e-05,0.004836948910523181,2.0397415310307656e-06,0.0019800597700016303,0.0019277024881760771,0.0008624666787655721,0.000281816111433342,0.00025656162818742524,5.289745503416704e-06,2.487568946193877e-05,0.00035111586543383765,0.006041805358891414,0.0003805999736963817,0.0010753650480809524,0.00013937119867230273,2.1054556421349012e-08
37,2.624816811436201e-06,1.0011180781036216e-07,0.02061296155894009,0.9530175760987462,0.00039620260498820137,0.00016203459205833256,4.413013823929274e-05,0.0072738641151977946,3.5087132403704487e-06,5.4280822228718876e-05,0.004822657774351658,2.1215049548154584e-06,0.0020644644935090425,0.0019665142990297445,0.0008793106979943734,0.00029532347073200134,0.00026868421227426256,5.256941729925702e-06,2.5880925382203194e-05,0.0003608148407389483,0.006096373369017033,0.0004004104554325366,0.0011093766821605921,0.00013550527846521807,2.1481969592977316e-08
38,2.7253769398254625e-06,9.116126324933747e-08,0.020813794003605657,0.9486685135841539,0.0003227963451819981,0.00023606959517428878,5.39948909032949e-05,0.009256654287023169,3.006698194727017e-06,5.895005847154288e-05,0.004831906857502941,2.364921417029771e-06,0.002316484276342345,0.001812626853407887,0.0010340178225061235,0.0004278795600165803,0.00031515262115966447,5.531001913120535e-06,3.524614432301153e-05,0.00045831339575675106,0.007437855888296559,0.00042946753904017594,0.0013466341936150107,0.00012990308723704753,1.9836553808028404e-08
39,2.6315543632792376e-06,1.1863988559679009e-07,0.021213041070038602,0.9536998976311938,0.0004575957774910912,0.00015702131547848662,3.930859301637164e-05,0.005126037276352937,3.9926091300248015e-06,5.167874925474777e-05,0.006406057162255212,1.9855562538092753e-06,0.001995515771764298,0.002304239710045509,0.0009692411303000006,0.0002511011333925108,0.000252523037518867,4.802505627644231e-06,2.1830192956097724e-05,0.00029201056878349946,0.005172450245627257,0.00036423072642259157,0.0010360726046643627,0.00017659522145815608,2.1216725231350915e-08
40,2.048394754057847e-06,4.8065909898983816e-08,0.009813731408401426,0.9694493337682447,0.00019654374582976097,9.284069304008193e-05,3.856678897907899e-05,0.007232617642829854,3.018825404087752e-06,4.250311017535513e-05,0.0035539858894243315,1.2353022941285706e-06,0.001635570059465092,0.0011136712351640329,0.0005462000414088415,0.00030787442990663636,0.0002572719175296897,4.007107137166649e-06,1.4380102815885555e-05,0.00023903480419902384,0.004071070965097777,0.00024307771058222868,0.0010287299798531666,0.00011262455135824178,1.346019528657647e-08
41,2.9323690727396712e-06,7.419769839057469e-08,0.021456754046222364,0.9435978497093599,0.00034460970872548765,0.00017017602315436421,6.756755267874818e-05,0.008639210566489768,2.050767885463937e-06,6.363352993849484e-05,0.005876826708269894,2.703403116142174e-06,0.00191088067601301,0.0024557650122329563,0.001339699024879562,0.0003188169015189621,0.00024205155199946132,8.475855849676633e-06,3.774924814358614e-05,0.0005661312220439252,0.010685905933074459,0.0006100280329251727,0.001465444172515056,0.0001346340397307115,2.9746461546534674e-08
42,1.9892682123027656e-06,9.648310039362288e-08,0.003775973189639949,0.964212104142229,0.0008181197756373065,0.00013861571757727112,4.097381224638048e-05,0.00015180143983179983,6.432337336993755e-06,3.0852162693313515e-05,0.015260711539784297,1.2720956414651001e-06,0.000974829277070699,0.008334672605355403,0.0004902386976421259,0.00023468308148922703,0.00011522104844305267,1.547777465765384e-05,1.9438781276126146e-06,0.000167072891700892,0.0014216492211651056,3.5032201651730435e-05,0.003112197683091272,0.0006578779667022597,1.617089724187339e-07
43,2.4247297056428344e-06,8.630218632338626e-08,0.020875568114564563,0.951632959611818,0.0003855867076813973,0.0001655607046761697,4.271568383762467e-05,0.008100929467516721,4.151346582217871e-06,8.484523201978798e-05,0.004174054558081963,1.6750808404468107e-06,0.0016445490899782804,0.0020111370598021217,0.0009718987018955683,0.00032135616088826735,0.0002607787982646571,4.540085032881559e-06,2.7388514318311026e-05,0.0004950713228445336,0.006933929539859466,0.000532678704099736,0.001162043568904266,0.000164048726839642,2.2187761068182843e-08
44,2.6409071557242045e-06,9.65164599881413e-08,0.020582449423779767,0.9536197425175446,0.0003858291565953607,0.00015529992987738635,4.295962736814989e-05,0.007098141664466409,3.3906550380376063e-06,5.328019306144174e-05,0.004781808692129444,2.0639021576009317e-06,0.0020107227647930942,0.001921500333564343,0.00085661011399992,0.0002865589289972025,0.00026343835115736627,5.295632345182993e-06,2.4941697913193265e-05,0.00035126333041872,0.005954056706694772,0.00038604254037724546,0.0010747591955032156,0.00013708623414025584,2.0984461485326436e-08
45,2.6646263669361412e-06,1.024719716608582e-07,0.02011668047004125,0.9542883367624071,0.0004146557593200608,0.00015321794174596987,4.204805647436378e-05,0.00648466541714163,3.3955625898646096e-06,5.270100062419243e-05,0.004997803443564171,2.224105147837294e-06,0.0020419450141483885,0.00208694637002287,0.0008154358050324352,0.0002792853256905875,0.000262036182572154,5.7028137697873046e-06,2.4110117019139754e-05,0.000344593416655604,0.0059858182455822745,0.0003753860108608284,0.0010851880122998553,0.0001350346966517921,2.2372299427648455e-08
46,3.275616889838135e-06,2.224897839685102e-07,0.03478400416121218,0.925703676675194,0.0011960281900210582,0.00022721169787536037,8.175437768819499e-05,0.006505209849982208,5.400352708134358e-06,8.517565728770869e-05,0.007782442086910176,3.1602369336734216e-06,0.0025297858583308605,0.004602850848512792,0.0017662754544450882,0.0002915124913255667,0.0002002013585288318,7.235488699344949e-06,5.016255864148141e-05,0.0006634753605234561,0.01087443263225342,0.0007420227272311952,0.0017138685971045836,0.0001805535647756746,6.166714140957178e-08
47,3.678206551904517e-06,1.4099197682547889e-07,0.024302002268158193,0.942112696854186,0.0004051397195428099,0.00018625740494677859,6.0808892597775225e-05,0.012023118375749223,4.16936754499698e-06,6.594065735583315e-05,0.00483642398152402,3.394147103977431e-06,0.0029211232243865873,0.002035495284961097,0.0009623586424050035,0.00035725369350984615,0.0003897186089786607,7.199239147205391e-06,4.113562977645099e-05,0.0004639851066344467,0.00696807365336004,0.0006250164937191031,0.0011010716709704217,0.0001237717184155477,2.6166497244040142e-08
48,2.4894010748505165e-06,9.194022619586757e-08,0.02017229888492133,0.9549965505827589,0.00042886245892889723,0.0001423781026321769,4.1014998351408526e-05,0.005858469492342653,3.2703549552623043e-06,5.514050699212483e-05,0.004964731876394072,1.95546238134864e-06,0.0017671557039762407,0.0021345255061547036,0.0008650976347776736,0.00026756671680325077,0.00022675732738450596,5.5042825055304395e-06,2.173044244299714e-05,0.00035060879577969255,0.006106022055410265,0.00037273622688430207,0.001067050284316985,0.00014796804678270036,2.291482212089656e-08
49,2.7662480780207476e-06,1.1991828115541066e-07,0.028597077368682954,0.9430541041498419,0.0004378644997959607,0.0002032543498994069,4.6299062610788026e-05,0.007618882809297133,3.2834909049143844e-06,6.141502785053149e-05,0.004793853891458941,2.7795443200943803e-06,0.0023165220044540024,0.00230298184008912,0.0009164024865984798,0.00028622584825268075,0.00029512309706729745,6.450046846733683e-06,3.069171241820277e-05,0.0004502406470403867,0.006968815645668395,0.000502623946298203,0.00096707390660051,0.00013512552703627488,2.293060813626063e-08
50,3.2040232139507026e-06,1.152483396049743e-07,0.021484450210894523,0.9430836558027231,0.00044285938297420826,0.00014876243309268952,0.00010432888157989839,0.01241896091696078,4.9667357638678535e-06,0.00010316356802361591,0.004342742667413666,2.296186043757403e-06,0.0022536775977808335,0.0025614267718695955,0.0013662737246725907,0.00036766944642029634,0.00030540157223506875,7.084048485490872e-06,4.179878328747651e-05,0.0006206809738841718,0.00791592354765885,0.0009179802410040626,0.0013553055565472278,0.00014722414614608658,4.7532984711585154e-08
51,2.009551814025403e-06,8.596604600390489e-08,0.01737407628295688,0.9631081900321924,0.00030261249694667024,9.735430193063153e-05,2.821747111937877e-05,0.005516125781610312,2.979468293180026e-06,3.898106964295507e-05,0.0040739004331508235,1.500445705469215e-06,0.0017687414306833656,0.0014676014401675639,0.0005648829068633342,0.00018382431899549733,0.00023097330768234823,3.533868848936724e-06,1.3962758284450684e-05,0.0001747484058213052,0.004051702312020594,0.00027018232289737637,0.0006085950799217605,0.00011520655347509865,1.1992929627247056e-08
52,3.7460285581622613e-06,3.218436684977235e-07,0.030366970745612485,0.9222572009170871,0.0007933280526052954,0.00026336776687870846,9.284714458637278e-05,0.017101077426336292,6.929218195170828e-06,6.505284564025354e-05,0.005106398060232433,3.945175133864757e-06,0.003218429922676953,0.0026120227503238637,0.0017931389048402426,0.00030366243536831666,0.00035631490888153453,4.9932276678372595e-06,7.17143936639444e-05,0.0004871584029863216,0.012293943112227005,0.0009682438856634936,0.0017307650655037086,9.838017964302828e-05,4.7586019370712515e-08
53,3.207118815971092e-06,1.4023291958224762e-07,0.04381044799635142,0.9312783005341493,0.0005130983910650226,0.00016015847212107667,1.4331293458829303e-05,0.006124775992420686,1.7385215944420912e-06,3.784126441030079e-05,0.005323723552619702,2.9528422060043765e-06,0.0022856287082361083,0.00168986165728602,0.000528675109940931,0.00017694718974062423,0.0002502697472613883,4.663213015798487e-06,3.0569320142245184e-05,0.00021595851791716915,0.006686115248956484,0.00027754549884453217,0.00048720927964454353,9.583199400126004e-05,8.30288062632996e-09
54,3.2033013698880222e-06,1.7357193730244688e-07,0.017425108610591017,0.951647658987464,0.0005169560041256101,0.00020086430322864036,7.369191756196999e-05,0.00810198818269109,5.565912521199326e-06,7.900741346290775e-05,0.00519237978078075,3.5707757284265546e-06,0.0025921609631217274,0.0030043297160139873,0.001017805930429559,0.00042800839022024827,0.00038283981155250965,7.846153761679639e-06,3.238181117478517e-05,0.00043667208739109635,0.006741711652592053,0.0006021532389185563,0.0013678071946730294,0.00013607251062804058,4.177805984373317e-08
55,3.5819631287651514e-06,1.9537702910949885e-07,0.01909472858520937,0.9533693439344145,0.000634921905723746,0.00015053617973166423,6.331178322239065e-05,0.006044512079489987,4.72437748348028e-06,5.3224322407323804e-05,0.005493451100171968,5.052064223760616e-06,0.0027935460750975276,0.0027508727146704124,0.0007168701601193908,0.00031215290462364146,0.0003198269957603329,1.1244876744890526e-05,2.5076049138238422e-05,0.0003444136062863099,0.0063280757321471405,0.00038877807425415247,0.0009710561788556367,0.00012046154983665198,4.1410229597891323e-08
56,2.69943320611177e-06,1.04181032544642e-07,0.02063432236275471,0.9532510720511452,0.00039037256706444883,0.00015764873894456846,4.3774019496047346e-05,0.007152872001175482,3.5010948532281734e-06,5.304774042312995e-05,0.0049455776475501294,2.2466741980391188e-06,0.002217963096163036,0.001986321315475462,0.000823401164087135,0.00028867245624199483,0.0002792249402546917,5.561248415178324e-06,2.5370118225233124e-05,0.0003482341163413464,0.005807679078076694,0.00039051583954432655,0.0010553587745663485,0.00013443801446454462,2.1326300151101504e-08
57,3.4647727213609774e-06,1.348640077602485e-07,0.03277879711527411,0.9305984979969699,0.0005286997643600837,0.00020903403065451075,5.202178774537757e-05,0.012000345435796535,3.2313059125959158e-06,6.639767506283532e-05,0.005135354060850813,3.714867694462778e-06,0.0028369814609746184,0.0022302987364311256,0.0010280305577796507,0.0003512607389688107,0.00031749032982747086,7.002189101932959e-06,5.528082592565014e-05,0.0005578263671001572,0.009362797987489084,0.0006639568597960802,0.001097977680895335,0.00011137934259532615,2.3246064392182845e-08
58,2.611928633310861e-06,9.28074508587859e-08,0.0205924444147624,0.9544867099649493,0.0003595483296912252,0.00015330171421192395,4.160173349533686e-05,0.006736641803866942,3.399066573663026e-06,5.366029962317543e-05,0.004838045793851416,1.9068358190056047e-06,0.0019077642340932402,0.0018579736878708301,0.0008829020032291052,0.0002786013330856662,0.0002602716362635833,5.097370201676799e-06,2.3145307604367846e-05,0.00033546758985918146,0.005625418557374798,0.00037498150068611,0.001026054087362935,0.00015233771151691852,2.0287922785355692e-08
59,2.652743859529662e-06,9.053239749122399e-08,0.021707811252115045,0.9537985306906702,0.00036911149710878657,0.00014883799365348536,3.940806613010762e-05,0.006545081749192726,3.4046134699082984e-06,5.507437143623117e-05,0.004762415979609504,1.7719079056072253e-06,0.0017453029560031462,0.0018145252889543732,0.000903352150152559,0.00026628607131290325,0.0002465171892611464,4.953543222342848e-06,2.2669949497444698e-05,0.0003386232231799583,0.005688187184517305,0.00036920507704342416,0.0010029975961363391,0.00016316815544771093,2.021772277890491e-08
60,2.6409071557242045e-06,9.65164599881413e-08,0.020582449423779767,0.9536197425175446,0.0003858291565953607,0.00015529992987738635,4.295962736814989e-05,0.007098141664466409,3.3906550380376063e-06,5.328019306144174e-05,0.004781808692129444,2.0639021576009317e-06,0.0020107227647930942,0.001921500333564343,0.00085661011399992,0.0002865589289972025,0.00026343835115736627,5.295632345182993e-06,2.4941697913193265e-05,0.00035126333041872,0.005954056706694772,0.00038604254037724546,0.0010747591955032156,0.00013708623414025584,2.0984461485326436e-08
61,2.679371535435357e-06,8.890178936308587e-08,0.02267058640236357,0.9526246186855108,0.00036155591818486224,0.0001495903415205903,3.8075775902698154e-05,0.006859286877521512,3.1637525458616818e-06,5.258930366867162e-05,0.0046811004278722,1.8266604693262249e-06,0.0018285691697130532,0.0017636550417537168,0.000863282948994177,0.00026568294080796614,0.00024885763400201203,5.007717815244491e-06,2.3593591463506352e-05,0.0003390759942100502,0.005721870574980365,0.0003629952753489463,0.0009791513456847778,0.00015307655411456726,1.879222633965633e-08
62,2.6409071557242045e-06,9.65164599881413e-08,0.020582449423779767,0.9536197425175446,0.0003858291565953607,0.00015529992987738635,4.295962736814989e-05,0.007098141664466409,3.3906550380376063e-06,5.328019306144174e-05,0.004781808692129444,2.0639021576009317e-06,0.0020107227647930942,0.001921500333564343,0.00085661011399992,0.0002865589289972025,0.00026343835115736627,5.295632345182993e-06,2.4941697913193265e-05,0.00035126333041872,0.005954056706694772,0.00038604254037724546,0.0010747591955032156,0.00013708623414025584,2.0984461485326436e-08
63,2.7089942339401324e-06,1.028679138639921e-07,0.020831749038441903,0.953018350498872,0.0003974980922775061,0.00015728677063892772,4.396897184402434e-05,0.00718414624547728,3.5463182851763734e-06,5.38361363390629e-05,0.0048826833018162505,2.133743097834392e-06,0.002064790663072151,0.0019600813299419963,0.0008747241780420698,0.0002860126256610837,0.0002691558006956282,5.348606479518332e-06,2.548220662150835e-05,0.00035039695882949963,0.005972421273474798,0.00039663852394884757,0.0010782615206398267,0.00013865362919686223,2.1704158647670384e-08
64,2.6383400764952304e-06,9.602676341372822e-08,0.021468607706218796,0.9516804994814776,0.00039606241044180064,0.0001542682531955008,4.1946243770724683e-05,0.007321025997605962,3.141154202305965e-06,5.4907604678621994e-05,0.0047060354052497555,2.0574670722311356e-06,0.0018785689424585532,0.0018620286073127651,0.0008868764779688803,0.00027259199960375825,0.00024032310190145494,5.174347280648718e-06,2.631254415120408e-05,0.00036313844379774686,0.007043096028570654,0.0003912535829282055,0.0010639696197589901,0.0001353596063090192,2.0607204845557478e-08
65,3.7844469948251542e-06,1.384706107268695e-07,0.012686143370289197,0.9582168650803091,0.0005528468961076843,0.00013793351302023658,6.540361743020119e-05,0.0072716064474293175,5.007210873474785e-06,5.8677739945918666e-05,0.005545315113706848,4.892137717947394e-06,0.0034113195667683574,0.0027835811979320993,0.0005106694851973228,0.00046129058279055225,0.0003807740725392404,1.2487978761797832e-05,2.9760202180677415e-05,0.00045258136081193976,0.0054298754261675125,0.0004027182485751992,0.001472754842052997,0.00010353457256037943,3.8419226390594236e-08
66,2.579953613440938e-06,9.48781844188159e-08,0.020379336150539953,0.9542767395174282,0.00038802923282585036,0.00015153985122971268,4.139932445077658e-05,0.006804077189041728,3.2922480485998186e-06,5.2941527736357266e-05,0.004786377609464781,2.054672669115231e-06,0.001982210356547206,0.0019311953099614945,0.0008282540968026922,0.0002827790165762567,0.0002582325115978772,5.284489992010098e-06,2.3989916654561318e-05,0.00034164369989720343,0.0059077464239893655,0.00037537699905253126,0.001039322221668386,0.0001354823879124958,2.0414114794402687e-08
67,2.4766074685185342e-06,9.401798612611933e-08,0.020048723530021573,0.9515460729068601,0.00038220376009200703,0.00022612091307479794,5.289586749519471e-05,0.005794208580913924,3.3456075482689538e-06,6.797644072378313e-05,0.005461289001285211,2.2277341413472623e-06,0.001983158988461492,0.002783977483045341,0.00106707187922662,0.00032789128115384475,0.00026951777043613144,6.835748255999895e-06,2.5516253695424397e-05,0.0005364619830663071,0.007253244493701575,0.0004509691957653314,0.0015331937268478972,0.00017449477504210938,3.145369131296285e-08
68,2.617096047094755e-06,9.464474247932881e-08,0.02071405135229935,0.9534182761962656,0.0003772131346242085,0.00015474561321830718,4.3735935616459e-05,0.007209700524158709,3.2694292488408668e-06,5.1837628500092206e-05,0.004717694570340457,2.131233341590317e-06,0.002097936218001974,0.0019137913896857522,0.0008241505193862771,0.0002861247549226372,0.00026574622817983356,5.514591635806228e-06,2.496955886292938e-05,0.00035842756901296004,0.005947685291136273,0.00037973115476837706,0.0010694985389903852,0.00013103606926855634,2.0757744898109548e-08
69,2.4920152106746824e-06,9.332745438215245e-08,0.019049328479975907,0.957860714265137,0.0003914775621981709,0.000131790376984027,3.907122659151051e-05,0.006401876088305691,3.6314531634503656e-06,5.0360219660357644e-05,0.004431312154085416,1.8091251671790483e-06,0.001801609429768125,0.0017809124621059667,0.0007821799901014817,0.0002718476232498587,0.0002509353065957561,4.764431628303667e-06,2.0387547973205575e-05,0.00028647005828988294,0.005009657815191154,0.00034284077219581485,0.0009469628525451059,0.00013745543273008685,1.998369150609584e-08
70,6.249956007579266e-06,2.4953440306938843e-07,0.03750577965981889,0.9140119699143038,0.0005682473671146148,0.0001812265925111788,7.124291243051128e-05,0.014155688092873734,2.698873294676082e-06,5.156545324947113e-05,0.009716766026418387,4.116807707391823e-06,0.0030255519294973584,0.00208096586678593,0.002081608811050636,0.00023610207858450655,0.00029828541156945925,6.712172017687093e-06,7.895044094856327e-05,0.00031448829495525345,0.013606202755872475,0.0007543402834741061,0.0011113214840410039,0.0001296421335766367,2.7147493216655235e-08
71,3.0355227187476565e-06,1.0247386752123992e-07,0.011516489587492042,0.962001625687548,0.0004494368484505848,0.00011806578006237266,4.873424229672213e-05,0.007370266902911347,4.559785887799223e-06,5.794284203639088e-05,0.004721203014270745,2.605221787281426e-06,0.0020778513507174762,0.0019257604755027668,0.0006749647185873728,0.0003951457006393178,0.0002755641936016169,6.790869077229752e-06,2.1687888221501826e-05,0.0003567395686331868,0.006140415907501563,0.00033468963039545415,0.001377296622134216,0.00011899762288586198,2.7542772700602627e-08
