,0,1,2,3,4,5,6,7,8,9,10,11,12,13,14,15,16,17,18,19,20,21,22,23,24
0,0.9833428929892735,0.002104767930259555,3.2075563778477826e-06,6.39855195405363e-07,1.4858449100042645e-05,1.3004678113154367e-05,2.8884925072361852e-05,1.7236083563911267e-06,0.0014798624509989383,5.230818183526029e-05,0.0013280013969098959,1.9557322576555702e-06,2.488485220693568e-06,4.817719264450493e-05,7.712258830948724e-05,3.5670162800239758e-06,0.0001266797824232782,6.91880035106157e-05,0.0015025854455249395,1.5517255128201459e-07,4.53201120629142e-05,0.00019573744112623382,0.0010128496662496456,8.467146985921756e-05,0.008459349870487291
1,0.9862821135118176,0.0019290475695562892,2.36287440374244e-06,6.072716139867326e-07,1.4909377654513124e-05,8.494728429511827e-06,2.393953048658658e-05,1.599373782946316e-06,0.0022947358531919923,5.684022874252104e-05,0.0009778184889369457,1.1764208486238483e-06,2.0085871881856402e-06,3.030426415417036e-05,5.077816300155314e-05,4.019942127697898e-06,0.00010424746265902541,4.7376576812836795e-05,0.0011653367619234008,9.161546572292917e-08,2.52398351839124e-05,0.0001222945534429957,0.0006325963957044596,7.861499762758207e-05,0.006143445615242965
2,0.9772143020569667,0.0017629905353574549,2.665940454925417e-06,4.977994316648484e-07,1.7792699148715716e-05,7.835742173706698e-06,2.8396919552380632e-05,1.5639257103989352e-06,0.002273109432273931,5.7573777127543956e-05,0.0010421872162884886,1.150280415713996e-06,1.5212825513999131e-06,5.349963694127401e-05,8.439353879456409e-05,2.2986418400199998e-06,8.33691151038636e-05,6.19150721373447e-05,0.0012800813199966678,1.8911237556554862e-07,3.282402235759404e-05,0.000247093396497476,0.0011689829075443544,0.00010046851572063853,0.014473297113237575
3,0.9841201482391402,0.0020924785414431052,2.7410308551881005e-06,6.13415040055431e-07,1.4333936394536e-05,9.4501893665657e-06,2.4095942461859743e-05,1.3341089929926458e-06,0.0013790871968198625,4.307851813831471e-05,0.0013637465701667661,1.8452944117787497e-06,2.1427252855485724e-06,4.6974388238604894e-05,6.455120857159345e-05,2.8066086752395187e-06,0.0001219319977823665,6.910294043002766e-05,0.001117112604723436,1.0476217003044745e-07,3.898153652604014e-05,0.00016383481469759418,0.0008784758682496954,7.820013521435229e-05,0.008362827426204013
4,0.9829618670696383,0.002545412597667624,3.1141689324950867e-06,7.45893458481257e-07,1.6890800126931148e-05,1.0325075516113474e-05,2.655853160389095e-05,1.4322937268839375e-06,0.001392433939861759,4.341728242014901e-05,0.0016865900051661162,2.6372082499374576e-06,3.188918565464762e-06,5.845534980525573e-05,6.032032443474589e-05,3.150834292870146e-06,0.00014941133964824696,8.633610225250667e-05,0.0011648970050784134,1.0989526745756551e-07,4.3192935228555835e-05,0.00017292434582045013,0.0009150084884223939,7.591969908869254e-05,0.008575659895726317
5,0.98735133219758,0.0011914385114454664,2.1534363601696105e-06,5.566909167127418e-07,9.104245796756612e-06,5.492031866357529e-06,1.582900805493401e-05,9.959985704575354e-07,0.0010404611618659088,3.628034041922843e-05,0.0009835639313271064,1.4319840789249924e-06,1.4981302153869487e-06,3.890466746325945e-05,3.560537699106985e-05,1.9513481455854894e-06,0.00010768383053667655,8.977125268372426e-05,0.0006220484406284179,9.545909370618036e-08,2.6899679821088523e-05,0.0001166094107218636,0.0006920597007367928,8.339460610554934e-05,0.0075448385585751634
6,0.9841201482391402,0.0020924785414431052,2.7410308551881005e-06,6.13415040055431e-07,1.4333936394536e-05,9.4501893665657e-06,2.4095942461859743e-05,1.3341089929926458e-06,0.0013790871968198625,4.307851813831471e-05,0.0013637465701667661,1.8452944117787497e-06,2.1427252855485724e-06,4.6974388238604894e-05,6.455120857159345e-05,2.8066086752395187e-06,0.0001219319977823665,6.910294043002766e-05,0.001117112604723436,1.0476217003044745e-07,3.898153652604014e-05,0.00016383481469759418,0.0008784758682496954,7.820013521435229e-05,0.008362827426204013
7,0.9343547626598594,0.0017871110520844848,1.787473914440218e-06,9.877049180966972e-07,2.0554956385846667e-05,2.043130647866786e-05,3.697699389888508e-05,1.3945655543588452e-06,0.004508990513283581,0.00011564297191771383,0.0010964312670011603,2.0587090701091253e-06,7.592668132431397e-07,0.00017037826952450805,0.00015506956729661816,5.357839039525794e-06,0.0002337117507513315,0.000131040432020135,0.0009211080658298733,3.167257573093062e-07,7.412785904036989e-05,0.00045826991676859504,0.004657705913922876,0.00016581065285673394,0.05107921356601204
8,0.9770704117564509,0.001118313253382365,2.6087397446695625e-06,6.350138469991631e-07,1.2857871217979499e-05,4.769794224980857e-06,1.6293305226584165e-05,5.86194757048671e-07,0.0019790672460430984,6.767236088633289e-05,0.0013745767706706538,5.563512885317187e-07,6.552495045253985e-07,6.603729209935088e-05,9.132057600814865e-05,1.431622701311261e-06,6.789264290677008e-05,6.285394259901607e-05,0.0004368541692018395,9.836871117731865e-08,2.5496729978819922e-05,0.00017855331558020685,0.0009094950665182727,0.0003073865957209795,0.016203575770729357
9,0.9855253489238653,0.0010209456355725944,3.952284733495142e-06,8.974940385961196e-07,1.2915994477960233e-05,7.663725752451486e-06,1.4363955146922305e-05,1.0936211202524353e-06,0.0015587704669025653,7.506923942895794e-05,0.001414520581565203,8.639014897144526e-07,1.27090346839144e-06,5.892845967088043e-05,6.84287929142999e-05,2.4101373014539687e-06,0.00010213972680392582,6.673529661436148e-05,0.0007270713582526463,1.6005658965884119e-07,3.839697270079186e-05,0.00017430041857853423,0.0009835953744942898,0.00023789316848488222,0.007902263510031912
10,0.9841201482391402,0.0020924785414431052,2.7410308551881005e-06,6.13415040055431e-07,1.4333936394536e-05,9.4501893665657e-06,2.4095942461859743e-05,1.3341089929926458e-06,0.0013790871968198625,4.307851813831471e-05,0.0013637465701667661,1.8452944117787497e-06,2.1427252855485724e-06,4.6974388238604894e-05,6.455120857159345e-05,2.8066086752395187e-06,0.0001219319977823665,6.910294043002766e-05,0.001117112604723436,1.0476217003044745e-07,3.898153652604014e-05,0.00016383481469759418,0.0008784758682496954,7.820013521435229e-05,0.008362827426204013
11,0.9845696561571077,0.0022130083817724785,2.8566004607804387e-06,6.564058737272399e-07,1.473148536311984e-05,9.745137215862939e-06,2.5417480001322033e-05,1.4807615287484579e-06,0.0013373973629752052,4.200266557552719e-05,0.0013788177739174718,2.131875392565004e-06,2.590942346700715e-06,4.6309213934021675e-05,5.9927985294449176e-05,3.096608402613955e-06,0.00013199097723857128,7.363927804109727e-05,0.0011818138316708187,1.0535789085150604e-07,3.935959031537622e-05,0.00015787528584850305,0.0008415773642478919,7.201263605865638e-05,0.007791798841525656
12,0.9487606893958139,0.004666056667629611,2.676068665013822e-06,6.693725016730105e-07,5.453504157817962e-05,1.828095137019554e-05,3.4691650845247736e-05,6.250623262124912e-07,0.0016126820889283363,2.965791797274424e-05,0.0015351623789573111,4.6834406977531e-06,2.322433283815006e-06,0.00016799461358265528,6.448989958335808e-05,2.4589948539394315e-06,0.00010002411342012072,0.00020921684093558532,0.0008692784144805575,2.316667418378413e-07,5.4692869028606317e-05,0.00010857908352834129,0.002460212659547634,5.912234419279032e-05,0.03918096602953436
13,0.9808326492933755,0.002961211720617399,3.927337493346658e-06,1.1404696306492733e-06,2.6846014014868073e-05,1.0354450803818492e-05,2.617863564669373e-05,1.2494000346353092e-06,0.0011364931173559346,3.7714565900238154e-05,0.004465745719653884,3.48866277313703e-06,4.392847867880141e-06,8.043329782096173e-05,0.00010431384222022706,3.601909820884129e-06,0.00014714824943314842,8.215748579297608e-05,0.0012710744993754716,8.927798349041396e-08,7.322321948757163e-05,0.00016657799077233473,0.0012835003261476912,0.00010705615140646054,0.007169431514571091
14,0.9840251038737753,0.004558249218169725,2.726539182459154e-06,3.5487663303748325e-07,2.0607644819534422e-05,1.2834105336238138e-05,2.1390023983380955e-05,9.057499463041447e-07,0.0007125448959828389,2.6032889124005836e-05,0.0018065359308960128,3.948213263819639e-06,3.6224563008509834e-06,4.324018597854444e-05,5.187934345852883e-05,2.7170469226162386e-06,8.88251315775074e-05,6.000141966925577e-05,0.0021550430948601494,7.122257524137048e-08,4.890996415451743e-05,0.0001111361225789736,0.000584243905876592,3.387569904814118e-05,0.005625200445886459
15,0.9841201482391402,0.0020924785414431052,2.7410308551881005e-06,6.13415040055431e-07,1.4333936394536e-05,9.4501893665657e-06,2.4095942461859743e-05,1.3341089929926458e-06,0.0013790871968198625,4.307851813831471e-05,0.0013637465701667661,1.8452944117787497e-06,2.1427252855485724e-06,4.6974388238604894e-05,6.455120857159345e-05,2.8066086752395187e-06,0.0001219319977823665,6.910294043002766e-05,0.001117112604723436,1.0476217003044745e-07,3.898153652604014e-05,0.00016383481469759418,0.0008784758682496954,7.820013521435229e-05,0.008362827426204013
16,0.9852772787284612,0.0018434163670148827,2.5259096603765054e-06,5.375381848422997e-07,1.0967077279136178e-05,7.4060244443011304e-06,1.925566384638395e-05,1.0872378946572022e-06,0.0009851862233605634,3.901301856411234e-05,0.0013155686043738394,2.066547866478935e-06,1.8269449095969772e-06,4.6614313784896895e-05,5.192308947561684e-05,2.0649675874048716e-06,0.0001243534363657929,8.298512919621894e-05,0.0009170216998182498,9.160366670381873e-08,4.2470515652024835e-05,0.0001686203087059129,0.0007579901044706694,6.910145911435306e-05,0.008230627486302208
17,0.9845849634693731,0.001993581336820304,2.4926189858188706e-06,5.504805179359946e-07,1.291588167831259e-05,8.045534309898453e-06,2.1465169042423107e-05,1.265393308782637e-06,0.0011624285790841622,3.644573179585908e-05,0.0012724797799264938,2.1137723436542636e-06,2.186946531376024e-06,4.6513141149867016e-05,5.1580338551292236e-05,2.4335240029432416e-06,0.00012367003153972237,7.905008005751481e-05,0.0010478638265275302,1.0101818153351092e-07,3.7913394779362013e-05,0.00015830994264119872,0.0008633954177365861,6.513122288226794e-05,0.008423103368232019
18,0.9857686661123731,0.002218155344671509,3.743491337122644e-06,7.916259012571703e-07,2.009616596404453e-05,1.098798794323805e-05,2.5855559494155028e-05,1.552464982685115e-06,0.0014274134162113401,4.4864945526664556e-05,0.0016761507895487373,1.5860333759772215e-06,2.3848163744958784e-06,4.228470285173316e-05,8.726119491208901e-05,3.434946425813063e-06,0.00010044600455782193,5.1563121740986935e-05,0.0013730464042187728,1.0152167656627747e-07,4.4459566905898136e-05,0.0001401897998177713,0.0008309519654677072,9.181767181425663e-05,0.00603219434590602
19,0.985119138550343,0.0025255493739504936,3.7610278253467305e-06,7.225723172097832e-07,2.0300106802409505e-05,8.531924762576018e-06,2.8317894913516986e-05,2.0024502111641904e-06,0.0013142301989765447,3.714913815760024e-05,0.0014381286565431717,2.8982747652705496e-06,3.6150461351511427e-06,4.612403506800311e-05,5.824347768642021e-05,3.0481266781703257e-06,0.00012476966107602337,8.015249699968133e-05,0.0014539079667358664,1.171266988151906e-07,4.113941697065655e-05,0.0001831255457054379,0.0007045567726980528,5.949788055560023e-05,0.006740972277423738
20,0.9728626249338204,0.00300918652157948,5.454517712717967e-06,1.1499486543606602e-06,2.4751660042615416e-05,1.716754189207988e-05,6.032119089721077e-05,3.1080684829064622e-06,0.0019600975284765603,7.758387454758084e-05,0.002868676232289788,2.2968518267141114e-06,2.996528695111121e-06,8.007725327430908e-05,0.0003088836344732448,4.252769927966143e-06,0.000154741399991614,6.067497324219998e-05,0.0023331445551491806,2.02116811321782e-07,0.00011436404734225531,0.0005173037373330048,0.0019018447938517968,0.0001454622834076859,0.013483633036278015
21,0.9896097958685662,0.0017804504579404458,2.014484572665297e-06,3.815905719982815e-07,1.1689744330313848e-05,4.5568196790799e-06,9.702641474427472e-06,6.741238470204454e-07,0.0006970214816759604,3.035852915764228e-05,0.0012039441632721588,1.808013495439982e-06,1.510888311262375e-06,3.2809310150649734e-05,2.867647710903503e-05,1.5523353830697609e-06,7.220037685969684e-05,6.551914068884195e-05,0.0007906354411521876,5.7891983250972856e-08,3.439013558075809e-05,8.943671252415283e-05,0.0004582653978818315,5.258476124115059e-05,0.005019963212550869
22,0.9893023473083299,0.001281582295262969,3.2820300260694423e-06,7.727310557898978e-07,8.777202123604389e-06,7.298488032469283e-06,1.3793636127016261e-05,1.063089372043957e-06,0.0007643368619142882,4.8842922706457665e-05,0.001558705543496103,1.794579379696903e-06,1.7466102778483207e-06,4.322327408684373e-05,4.782517537130806e-05,2.423003919285489e-06,0.0001557559958025609,8.278738484994453e-05,0.0007321229925226417,8.432939049751274e-08,4.848439234900528e-05,0.00014853440106235295,0.0006224260588152213,9.899426355385159e-05,0.005022995430172059
23,0.9841201482391402,0.0020924785414431052,2.7410308551881005e-06,6.13415040055431e-07,1.4333936394536e-05,9.4501893665657e-06,2.4095942461859743e-05,1.3341089929926458e-06,0.0013790871968198625,4.307851813831471e-05,0.0013637465701667661,1.8452944117787497e-06,2.1427252855485724e-06,4.6974388238604894e-05,6.455120857159345e-05,2.8066086752395187e-06,0.0001219319977823665,6.910294043002766e-05,0.001117112604723436,1.0476217003044745e-07,3.898153652604014e-05,0.00016383481469759418,0.0008784758682496954,7.820013521435229e-05,0.008362827426204013
24,0.9836828345014793,0.002563871068910638,3.131872226522349e-06,9.247008102965743e-07,2.5618221514603695e-05,9.28291633820023e-06,2.1197126431726657e-05,1.3722792092576651e-06,0.0014425314279370989,3.376641162438264e-05,0.001889145645761058,3.16349644528013e-06,3.7376271587103617e-06,6.89064785572577e-05,4.897924464266177e-05,3.548199905983487e-06,0.00013447016984101897,9.873759166144308e-05,0.0010793535051194147,1.0609116412282162e-07,3.6487039231996664e-05,0.0001253916358674279,0.0010260083868967342,7.272139237019386e-05,0.007624712968894702
25,0.990795106019473,0.001203507838983057,2.407786487056587e-06,6.386831563130844e-07,1.1278924765505046e-05,3.616124965696301e-06,1.829298709338318e-05,1.5585714316495487e-06,0.0006044677971541475,2.5090249783319044e-05,0.0015880586087125166,1.8622756855930757e-06,2.4845322808395667e-06,2.6677892181207238e-05,4.283898138562908e-05,2.2174516396484753e-06,8.468014697106803e-05,6.864101169846056e-05,0.0010223339845534423,6.466263213446282e-08,3.979137100370123e-05,0.00010406083317119914,0.0005688088048731711,4.979953928368525e-05,0.0037317149206342734
26,0.9181186343747415,0.020525389866602368,1.3215668371973548e-05,8.145973689282902e-07,7.50575401074796e-05,4.510893350514545e-05,0.00017472050217631036,2.7466816708208377e-06,0.00042765650794459226,0.00014884763804261667,0.007118813995457425,6.189131671528969e-05,1.2587339186246977e-05,0.0004424865655502112,0.0004449936622640778,6.539998481426339e-06,0.0002510645065496203,0.0003109869129483363,0.014787724150695474,2.7560667682207976e-07,0.001012135147596307,0.0025637329941040287,0.0009587694381190849,2.084335151769186e-05,0.032474962703606405
27,0.9716071246060884,0.002464635319333826,2.8560943222786764e-06,6.706279087868454e-07,1.8290909878857428e-05,1.220222330860918e-05,4.2380276710512465e-05,1.756040623370573e-06,0.00342056027801682,8.199714118391708e-05,0.0014596990363066195,1.4821598756484166e-06,1.919775813320071e-06,6.849475653112015e-05,0.00013238735711129502,3.4842845906689583e-06,0.0001399806101904755,6.32005461014628e-05,0.0013140162529258564,1.8423058653031297e-07,3.986360239004302e-05,0.00036131522299184577,0.0013352044225464054,0.00014511685524113798,0.017281177369422092
28,0.9841201482391402,0.0020924785414431052,2.7410308551881005e-06,6.13415040055431e-07,1.4333936394536e-05,9.4501893665657e-06,2.4095942461859743e-05,1.3341089929926458e-06,0.0013790871968198625,4.307851813831471e-05,0.0013637465701667661,1.8452944117787497e-06,2.1427252855485724e-06,4.6974388238604894e-05,6.455120857159345e-05,2.8066086752395187e-06,0.0001219319977823665,6.910294043002766e-05,0.001117112604723436,1.0476217003044745e-07,3.898153652604014e-05,0.00016383481469759418,0.0008784758682496954,7.820013521435229e-05,0.008362827426204013
29,0.9841201482391402,0.0020924785414431052,2.7410308551881005e-06,6.13415040055431e-07,1.4333936394536e-05,9.4501893665657e-06,2.4095942461859743e-05,1.3341089929926458e-06,0.0013790871968198625,4.307851813831471e-05,0.0013637465701667661,1.8452944117787497e-06,2.1427252855485724e-06,4.6974388238604894e-05,6.455120857159345e-05,2.8066086752395187e-06,0.0001219319977823665,6.910294043002766e-05,0.001117112604723436,1.0476217003044745e-07,3.898153652604014e-05,0.00016383481469759418,0.0008784758682496954,7.820013521435229e-05,0.008362827426204013
30,0.9841201482391402,0.0020924785414431052,2.7410308551881005e-06,6.13415040055431e-07,1.4333936394536e-05,9.4501893665657e-06,2.4095942461859743e-05,1.3341089929926458e-06,0.0013790871968198625,4.307851813831471e-05,0.0013637465701667661,1.8452944117787497e-06,2.1427252855485724e-06,4.6974388238604894e-05,6.455120857159345e-05,2.8066086752395187e-06,0.0001219319977823665,6.910294043002766e-05,0.001117112604723436,1.0476217003044745e-07,3.898153652604014e-05,0.00016383481469759418,0.0008784758682496954,7.820013521435229e-05,0.008362827426204013
31,0.9918487981161226,0.0009689960313156001,1.837013695610877e-06,2.5638381518063623e-07,6.911170292504913e-06,2.7713556430282854e-06,1.1806550061396693e-05,1.317884480385864e-06,0.0005149726896920773,1.798174131264903e-05,0.0004454664704070268,1.300431051783062e-06,1.5420111507504776e-06,1.5562708340899134e-05,1.6184251201342408e-05,1.2635763250416804e-06,6.030700605707556e-05,6.613608352286407e-05,0.0009652800753554816,7.297554597861952e-08,1.980846238102352e-05,7.677013845487963e-05,0.00038476098846020696,2.452364987983614e-05,0.004545372235434799
32,0.9838543271937981,0.0021592414755308657,2.904212621639827e-06,5.728677615393572e-07,1.5043947314932972e-05,9.896365556995552e-06,2.5462629971645428e-05,1.488634547816259e-06,0.0012878692779383018,4.373632423384361e-05,0.001334598814253259,1.969574062948824e-06,2.2348251621215774e-06,4.624088106123225e-05,6.940819126391544e-05,2.939106096671059e-06,0.00011601152305742795,6.691133179173671e-05,0.001398185377193162,1.1588305999041112e-07,4.259821462639627e-05,0.0001806820588678368,0.0008906554430285616,7.155324117873806e-05,0.008375352606020386
33,0.9877512304312754,0.0024308264046932625,1.925694284670778e-06,4.5938888461976e-07,6.567837534258354e-06,7.662876140676059e-06,2.685886575896144e-05,2.030973095140883e-06,0.0010253022651819635,3.7687009104234944e-05,0.000890031093777043,5.902226360810327e-06,6.427141453157682e-06,4.571075619671864e-05,1.7261973674316913e-05,3.822211372525226e-06,0.00034483750902044625,0.00014282025703849738,0.0012098216946535916,8.721022673300717e-08,2.2056925950774487e-05,0.00023624332364859783,0.0003951730883884985,2.77113101647164e-05,0.005361541532120268
34,0.9548793370530705,0.004884814516419224,5.978933598409776e-06,3.8220261794119886e-06,2.3182849389622693e-05,0.00010046690913835596,0.000130253781910446,4.049858992596555e-06,0.0028668586266851945,0.00011041439712286028,0.0025232558753451257,1.1911257150528188e-05,5.969359816288126e-06,0.00023721402464300177,0.0002366538610958955,1.518985337899408e-05,0.001133871197441207,0.0003630620488994026,0.0009764990631361472,4.3851613812419986e-07,0.0001887061661219409,0.00047984638531780433,0.003983632389055189,0.0001309553636048039,0.02670361568634899
35,0.9885297920553104,0.0015484448546031991,1.9343992162453204e-06,4.249505984679016e-07,9.163492933837876e-06,5.435123256184697e-06,1.7362355250106002e-05,1.1780345894768334e-06,0.0010829591380793512,3.361350831598018e-05,0.0008442438420540713,1.4968922440286365e-06,1.6837118111703346e-06,2.83553376256054e-05,3.3729600590067156e-05,2.0999256780505642e-06,0.00010122610603109402,6.50672041095402e-05,0.0008553632587232413,7.251724526195628e-08,2.5504819248828145e-05,0.00011694385877567937,0.000523748049458666,5.2352109992018026e-05,0.006117804854259435
36,0.9767530419261017,0.003353151059004559,1.9039713514598938e-06,6.130274427520696e-07,9.250547071290919e-06,1.4974689234988292e-05,5.6473415546652514e-05,4.800921691954718e-06,0.0035399791447065622,5.0732846538316423e-05,0.0007618147483129795,6.590336518471635e-06,6.150467537349577e-06,5.832040635359809e-05,4.5712971432095205e-05,7.307307584704475e-06,0.0006565121953205677,0.00012274574481517251,0.0016751931552910907,1.5827028218018502e-07,2.4499352159147984e-05,0.0005235822598114912,0.0009912287757866422,3.3631124676090744e-05,0.011301631335428105
37,0.9828852637917758,0.002334926219700258,2.825726067559234e-06,6.306652510557706e-07,1.5409064880778627e-05,1.0711841582965849e-05,2.6754852747528296e-05,1.4602690338206274e-06,0.0015191654641104181,4.520123318884746e-05,0.0014087260253340648,1.98850438872036e-06,2.318737037904358e-06,4.9840350964143283e-05,7.152164922791697e-05,3.049782767020427e-06,0.00013114877105140267,6.85028973790404e-05,0.001233808268234432,1.1175008351324849e-07,4.153840132926729e-05,0.00018101832853527483,0.0009530188604610491,7.65106174942802e-05,0.0089345479273731
38,0.9841071895395234,0.002048294940184685,2.701448780897117e-06,6.090783893461041e-07,1.4288694379546097e-05,8.903673833253434e-06,2.325612522285952e-05,1.292585376843373e-06,0.0014118853287540523,4.317914376508664e-05,0.0013374956659429624,1.788006068829075e-06,2.0684818120774225e-06,4.717350972436958e-05,6.21184219014547e-05,2.6725221920056563e-06,0.00011971908836864726,6.955283408308065e-05,0.0010603868884338022,1.0323564370164407e-07,3.7491689661909745e-05,0.0001629553115920532,0.0008573837934575952,7.9624575187851e-05,0.008497865417719422
39,0.979594719544479,0.0022335789178617696,2.7303029256866835e-06,6.755381403555838e-07,1.2760549948303873e-05,1.472877996889408e-05,3.6390102661622126e-05,2.4604372607668416e-06,0.0012687610848650475,3.9853168893474225e-05,0.0011836156148261265,2.81817632814606e-06,2.728641609767578e-06,4.590710322682753e-05,8.56391167410409e-05,3.975055617795351e-06,0.0001898265062882898,8.201438500666243e-05,0.0017196266197595448,1.5531419851374278e-07,6.177123850705268e-05,0.00023387155891213746,0.00160486616562321,5.3899949102897484e-05,0.011522626127247177
40,0.9840865066088008,0.002101700642525804,2.7536801560886204e-06,6.130911239411632e-07,1.4401930434777052e-05,9.482558462763311e-06,2.4126696339590765e-05,1.333716488059517e-06,0.0013776500363868998,4.311582660868532e-05,0.0013667023115311568,1.8526123766011163e-06,2.146219615970613e-06,4.715244221128092e-05,6.478947218398665e-05,2.805747283535637e-06,0.00012185535217004424,6.915987227656488e-05,0.001121892257655097,1.0501359864220131e-07,3.9099605996766954e-05,0.00016444895419761587,0.0008783772313561719,7.818653371682457e-05,0.008379741586502261
41,0.9755353516306529,0.005984603711821984,3.40791441768932e-06,1.1384134911891606e-06,4.093312125543877e-05,1.876808193170918e-05,3.0046146103071566e-05,1.448954281423188e-06,0.005834068485731144,5.89489597045352e-05,0.0014723068135562172,1.628066047582747e-06,3.3194359105054576e-06,6.043034344785823e-05,6.904199601136123e-05,4.7383825706559105e-06,0.00015842124430354938,4.619035009846206e-05,0.0008463998411333735,7.917641538577e-08,2.543431845981936e-05,0.00010138253584001189,0.0008498107606078282,0.00010167409389137097,0.008750427222314922
42,0.9814714614390712,0.0028601950981017666,5.524946394161867e-06,4.6290815655376525e-07,1.4177289981610515e-05,1.0564231173554101e-05,3.443250531728057e-05,4.956177245593664e-06,0.0010525790385260288,7.233954669319778e-05,0.0011758915570032114,3.848386425862954e-06,3.4959614925838964e-06,3.636424678645036e-05,0.00010966799540525672,3.759605869144662e-06,0.0001601104938025126,4.5890497491364906e-05,0.005826375379323303,1.7612154326481675e-07,0.00010348397305523828,0.000753603129691052,0.0006126348660271107,4.192335747444996e-05,0.005596081247948421
43,0.9851909350873215,0.0024576306095431487,2.5170835220301757e-06,5.456719859169016e-07,1.4949284372550832e-05,7.731978620476675e-06,2.1896890634756627e-05,1.0906983072243203e-06,0.0008995804604289041,2.257529521630032e-05,0.0015326480043967292,2.7913269459218544e-06,2.6551765678439208e-06,4.472802181546033e-05,5.207538414093849e-05,2.332388572781148e-06,0.00011832864832173958,8.033396971392044e-05,0.0010420883369151185,6.836549064648476e-08,3.576250996729929e-05,0.00011643956790743499,0.0007894071869297094,5.149040545574701e-05,0.007509397646906112
44,0.9841201482391402,0.0020924785414431052,2.7410308551881005e-06,6.13415040055431e-07,1.4333936394536e-05,9.4501893665657e-06,2.4095942461859743e-05,1.3341089929926458e-06,0.0013790871968198625,4.307851813831471e-05,0.0013637465701667661,1.8452944117787497e-06,2.1427252855485724e-06,4.6974388238604894e-05,6.455120857159345e-05,2.8066086752395187e-06,0.0001219319977823665,6.910294043002766e-05,0.001117112604723436,1.0476217003044745e-07,3.898153652604014e-05,0.00016383481469759418,0.0008784758682496954,7.820013521435229e-05,0.008362827426204013
45,0.9811992529495113,0.002391565820810663,5.07094304996537e-06,1.17899935620338e-06,2.069075702281592e-05,2.355132724185821e-05,8.0681140768355e-05,4.449381232573699e-06,0.0020931461558660372,7.111354406881662e-05,0.0018758182143231768,1.665508977074967e-06,3.3542734580318576e-06,4.234610887158826e-05,0.00028571824259374004,8.527134728420328e-06,0.0001473285243778523,4.701201790867839e-05,0.002689413668213116,1.898882830712457e-07,6.282289390193637e-05,0.0002700561868132857,0.0012960252376285626,0.00012001555093623654,0.007259005530056749
46,0.9845172478429887,0.0020496013477847444,2.72286022251204e-06,6.279504018538569e-07,1.3693802733702461e-05,9.589809463633716e-06,2.3775388427789186e-05,1.3586108851737815e-06,0.0013520338038750834,4.293894739866132e-05,0.0013522001668690568,1.890508731307605e-06,2.18140502777229e-06,4.625247250579016e-05,6.257145835277709e-05,2.885257000651566e-06,0.0001285313768736396,7.036296388689249e-05,0.001095537754327285,1.0408579529355186e-07,3.9226155228515304e-05,0.00016190602910119763,0.0008751681072969055,7.783636222084057e-05,0.008069755532600208
47,0.9814005777119998,0.002193850744496589,3.53242362650164e-06,1.0366087436802433e-06,2.1362081702015717e-05,1.3368375876257714e-05,2.7538252970335014e-05,1.4156906776419235e-06,0.0017386054158706093,4.889368836656356e-05,0.0021041689300264716,1.7315751506756408e-06,2.469330161745506e-06,6.725749278476771e-05,9.869717202937331e-05,3.717839619549806e-06,0.00013429806433098068,7.087198967886213e-05,0.0010806512336418992,1.258974336179176e-07,4.886912023833545e-05,0.00015438177352438757,0.001437015152838952,0.00012240967617612602,0.009223153758034253
48,0.9886277620002363,0.003339983418786955,2.6211499947954203e-06,5.347846540200739e-07,6.2817965011056585e-06,2.7432166201810592e-05,3.997594259845164e-05,5.137760547228315e-06,0.0007939536955805186,2.8563781339868847e-05,0.0006571725595435494,4.448323464361646e-06,7.175403123342441e-06,1.3801535124430775e-05,3.583648589592022e-05,8.683100198522358e-06,0.00032369662908205506,4.610087723554358e-05,0.003353092124169952,7.78975712000388e-08,4.880886762356541e-05,0.00010418410701558037,0.0004763416171132353,1.5546152158566434e-05,0.0020327878242389374
49,0.978374510469687,0.003469822170117526,5.7829910137180254e-06,7.407891559463239e-07,1.778470922671225e-05,2.07967541205086e-05,3.3717850101383326e-05,1.7950706912336486e-06,0.0012693033787665186,6.655096272562904e-05,0.0017561469134687573,4.848541624244362e-06,3.7430275196390605e-06,9.142747648210439e-05,9.071154273151386e-05,3.457755665228793e-06,0.00022853635797854201,0.00011734211968637793,0.0019464223980533086,2.1418555476103529e-07,7.322911999472553e-05,0.00041571950602315984,0.0009276937475693798,8.35093181629865e-05,0.010996192843878812
50,0.9840183501506038,0.002032595978642793,2.640126375396897e-06,5.744762673286474e-07,1.388655191499326e-05,8.845136991881478e-06,2.4528095070574002e-05,1.337591564921597e-06,0.0013978691824444826,4.3991884790377784e-05,0.001289418788609446,1.7303102223690652e-06,2.0379986823417087e-06,4.5140032754274036e-05,6.412258731088927e-05,2.7029840473451897e-06,0.00011521067394630526,6.745385720371013e-05,0.0011268145000839808,1.0471537179235994e-07,3.723042036844456e-05,0.00016819579381490386,0.0008433616695690836,7.656719427822152e-05,0.008615289299070161
51,0.9880872756957904,0.003376920581170498,3.406789676506262e-06,9.820271674684393e-07,1.763300024742952e-05,6.463620575270321e-06,1.5762113772579807e-05,1.1154389460207423e-06,0.001999655119870071,4.7620891027506614e-05,0.0016614662550753232,1.7952322650399694e-06,2.914385576854252e-06,4.086571420238534e-05,3.812414767122801e-05,2.2390439254625927e-06,0.0001364499430132889,5.0367935386944856e-05,0.000557522943579411,3.93731694914854e-08,2.9152701331336733e-05,0.00010815419470115111,0.00029846264406690196,9.061673290079938e-05,0.0034249934748909407
52,0.9920705662413515,0.0005820258501231303,2.691859094734009e-06,8.483278670727474e-07,7.839682034112598e-06,4.682656292629913e-06,1.1489865469275722e-05,7.587132323458594e-07,0.0008735175829662513,5.659512293660642e-05,0.001300047669520413,7.873555073074654e-07,1.419007675248961e-06,3.6116711747333255e-05,2.9130795717727075e-05,2.748622185664666e-06,9.245690792218318e-05,9.173011455518747e-05,0.00040820729230090907,9.368934991036876e-08,1.8738230993243202e-05,7.693665330368641e-05,0.00044320054003861716,0.00017019781863901985,0.003717172689176042
53,0.9601265945909149,0.0023412031090088354,2.389409716048854e-06,1.2560926082113659e-06,2.1212184234059746e-05,1.670572661635669e-05,0.00013382097816534434,3.823208628196663e-06,0.004955266887173637,6.2766915471336e-05,0.0019281001202630897,1.536399249411261e-06,3.401861112495661e-06,7.530402135596472e-05,0.0002591539406571954,6.7987389154089785e-06,0.00018591434640815148,8.338029132176663e-05,0.0013483374843396704,2.397042097859225e-07,3.9138566008035095e-05,0.0003201955852917849,0.003242122150884478,0.00014226315822220807,0.024699074529223815
54,0.9867638237721917,0.0006974574813032871,8.136232015942438e-06,2.3523042917719053e-06,2.0466417908464426e-05,1.2069336168144448e-05,2.2737293851152317e-05,2.434885908370562e-06,0.0008191407001576917,5.224868353962794e-05,0.0033857872906413317,1.1497247752300664e-06,2.9161107708219237e-06,5.326711084656356e-05,0.0001307526724540591,4.2211164921707155e-06,0.00011407401714573354,6.883306060163426e-05,0.0013422870069146069,2.5039561727649644e-07,9.643823925960615e-05,0.0001480642660194696,0.0019636454467517202,0.00023927323187445009,0.004048173202499139
55,0.9817586433539175,0.0036673833277240577,7.697452006824952e-07,1.8586804823154365e-07,1.2102519721965461e-05,2.536088995664001e-06,1.574619958515194e-05,4.42368925402378e-07,0.0011898765101132599,1.3477150834766113e-05,0.0006330478353955226,4.789597188674221e-06,1.9193170470132155e-06,2.9731298996590067e-05,1.1505921520817601e-05,1.1901415035664333e-06,8.715626738349375e-05,0.0001305043191267424,0.0004868484906813445,3.14957637177825e-08,1.2686764278857244e-05,6.164750470600284e-05,0.00027693812882749485,1.8085041989655406e-05,0.011582754742523836
56,0.9840127760839603,0.0022656475127513717,2.9124063078269582e-06,6.601806784585923e-07,1.5432427899943896e-05,9.641456572182037e-06,2.5722855468699885e-05,1.4143833145422917e-06,0.0013979485657377288,4.3711188795495813e-05,0.0014523108566236482,2.132923422295602e-06,2.625943037300541e-06,4.9436628177377675e-05,6.128183837280214e-05,3.0448732503899503e-06,0.00012974248503304643,7.595800743703571e-05,0.001152025247600784,1.0727046795620869e-07,3.865218282326054e-05,0.00016272109472201309,0.0008348827702519,7.608644165000425e-05,0.008183124375643587
57,0.9821165124122645,0.00319044557993258,4.373271706614609e-06,3.8236518048385544e-07,1.8239594543280354e-05,1.0772576189391903e-05,2.512297507913342e-05,2.436987178924388e-06,0.0007799721134573979,3.760360572602126e-05,0.0012630797577522456,5.528964804330293e-06,3.5474981132656276e-06,4.3387830564234505e-05,6.710969161052408e-05,2.9573648087221296e-06,0.00013080675516306014,7.145661105950093e-05,0.00412003087791122,1.534987031338719e-07,7.83712491467661e-05,0.00037219665837479634,0.0007041006668597966,3.1892302319189924e-05,0.006919518791551142
58,0.984882835504146,0.0018145240451926232,2.964233515291052e-06,6.642690110086858e-07,1.3711018320231204e-05,8.766241027975824e-06,2.3321987714221856e-05,1.2526928837003705e-06,0.0013907547161423818,4.904585564582889e-05,0.001443699285876678,1.5593882555992603e-06,1.9658588207644674e-06,4.63621147994605e-05,6.953809298237021e-05,2.8357975725311973e-06,0.00011369835557055585,6.703640188432211e-05,0.0010058866780938874,1.0651793243477432e-07,3.749069386650634e-05,0.00016336852702363784,0.0008063401646331038,0.00010646577335511033,0.007945805785733761
59,0.9844083080685267,0.001742361624572498,3.212998347786074e-06,7.186170449004456e-07,1.4482918937412876e-05,8.791953154488762e-06,2.2512525261565096e-05,1.244393201173313e-06,0.001435757876561405,5.360551750140922e-05,0.0015207880947147865,1.469654336346099e-06,1.7576727010238185e-06,4.89665904706906e-05,7.864744737569844e-05,2.8174504460867024e-06,0.00011249652541988876,6.621450016747168e-05,0.0009876104239234587,1.1311740834014477e-07,4.109173756554541e-05,0.00017273654661713358,0.0008554105149233546,0.0001259373443308077,0.008292945886489923
60,0.9841201482391402,0.0020924785414431052,2.7410308551881005e-06,6.13415040055431e-07,1.4333936394536e-05,9.4501893665657e-06,2.4095942461859743e-05,1.3341089929926458e-06,0.0013790871968198625,4.307851813831471e-05,0.0013637465701667661,1.8452944117787497e-06,2.1427252855485724e-06,4.6974388238604894e-05,6.455120857159345e-05,2.8066086752395187e-06,0.0001219319977823665,6.910294043002766e-05,0.001117112604723436,1.0476217003044745e-07,3.898153652604014e-05,0.00016383481469759418,0.0008784758682496954,7.820013521435229e-05,0.008362827426204013
61,0.9859021638971478,0.0016241659357919816,3.2312680622874727e-06,6.990096064088925e-07,1.329551501686324e-05,8.777165137688745e-06,2.074473964714038e-05,1.2534081222117042e-06,0.0012246856159237665,4.88100295037104e-05,0.0013997951261477703,1.4626607105923439e-06,1.7519955470573439e-06,4.487489270486543e-05,6.95261082076097e-05,2.683527588056178e-06,0.00011058885156608524,6.701040924354527e-05,0.0009735120333397775,1.1039118521784175e-07,4.0948596879155695e-05,0.00015554311771894195,0.0008096447993820343,0.00010988068063695143,0.0073648402251825455
62,0.9841201482391402,0.0020924785414431052,2.7410308551881005e-06,6.13415040055431e-07,1.4333936394536e-05,9.4501893665657e-06,2.4095942461859743e-05,1.3341089929926458e-06,0.0013790871968198625,4.307851813831471e-05,0.0013637465701667661,1.8452944117787497e-06,2.1427252855485724e-06,4.6974388238604894e-05,6.455120857159345e-05,2.8066086752395187e-06,0.0001219319977823665,6.910294043002766e-05,0.001117112604723436,1.0476217003044745e-07,3.898153652604014e-05,0.00016383481469759418,0.0008784758682496954,7.820013521435229e-05,0.008362827426204013
63,0.9841418631981109,0.002254877254722448,2.671341659141346e-06,5.714078327680219e-07,1.4391050295489775e-05,9.176485382444151e-06,2.3968812307659595e-05,1.29006649819466e-06,0.0013892682340728082,4.210742525561256e-05,0.0013203916608388547,1.8638716570811473e-06,2.130488863738136e-06,4.521930847230568e-05,6.258820551053816e-05,2.6776508335591947e-06,0.00011782666448029465,6.662082280707459e-05,0.0011151495597366903,9.741293890275534e-08,3.777532888448356e-05,0.0001610010922414341,0.0008065593338183118,7.35168162475837e-05,0.008306396506531734
64,0.9847617260374475,0.00217527319314193,3.257678724787113e-06,6.428727494739978e-07,1.5389519364684734e-05,9.37677932509827e-06,2.3063844712029632e-05,1.4313202225249811e-06,0.0011372900607850359,4.294012688406736e-05,0.0014734864815674608,1.858061970965633e-06,2.0027635374775685e-06,4.310993586781035e-05,7.560046365284804e-05,2.4915436328381e-06,0.00010848072348025734,6.159403517364313e-05,0.0012767094917209103,1.0422738606696017e-07,5.532726186835073e-05,0.00017067882687778373,0.000884721522733936,7.687483221089814e-05,0.007596568394961504
65,0.9746826521640807,0.0037512219454769163,8.350059137591745e-06,1.457258905083883e-06,2.787639279217949e-05,3.5016795384068326e-05,5.32730918219952e-05,2.409773824615547e-06,0.0015240642906217711,7.31165085199107e-05,0.003185503686604479,2.545934891183821e-06,3.3946362442189142e-06,9.266520817603179e-05,0.0003183468364058102,4.902268277107878e-06,0.00018906766294544353,6.289159756557267e-05,0.0022647404624731625,2.0799686126556246e-07,0.0001346125643433365,0.0003357442460626013,0.0019563469700172153,0.00016302116827038413,0.011126570480297205
66,0.984663488706811,0.0021068405815324568,3.2945946542829895e-06,7.550917926299728e-07,1.6652518047598118e-05,8.694226190982452e-06,2.037446430310287e-05,1.1599810458025017e-06,0.001284310927471572,4.7791213663405576e-05,0.001752736389773273,2.0433315712914643e-06,2.3501122533814054e-06,5.685970440598482e-05,6.083783137944868e-05,2.7362436769784063e-06,0.00012968769468600972,7.796232618954288e-05,0.0009845807325214262,9.729005205436387e-08,4.269748016907542e-05,0.00016776985879626887,0.0007998932311608053,9.103648874302646e-05,0.007675348979108367
67,0.9695275283866646,0.0027211619439408176,4.369649221115781e-06,9.66463496649521e-07,1.548859165604229e-05,3.224330712164999e-05,3.828594113301895e-05,1.3818873208521389e-06,0.0014192770725454948,6.578544946754793e-05,0.002461341227011793,3.5938141675110565e-06,3.285068089190358e-06,0.00013720277800453979,0.00013363261107854157,4.167891570178425e-06,0.0002736761388484598,0.00013468103181314817,0.001400361478630093,2.99157930931222e-07,8.396310988956653e-05,0.00033829651693560004,0.0025943655453973514,0.00015911596736715506,0.01844552897069825
68,0.9855873042229137,0.0018139708523060422,2.6582914378691064e-06,6.684863481365297e-07,1.156049300488222e-05,8.990027166227505e-06,2.3920351916735734e-05,1.4541773126828556e-06,0.0011716789359288923,3.533356068163138e-05,0.0013120642389961223,2.1971380227064375e-06,2.695286652402435e-06,4.491223978392218e-05,4.88614540998282e-05,2.807612308258365e-06,0.00014169297370783082,8.966154177608171e-05,0.0009824291906510368,1.0749693256377182e-07,3.732828783044551e-05,0.00013690977898663464,0.000907296707532094,6.730665163112683e-05,0.007566190002071838
69,0.9825739553672344,0.002215484698395894,4.000126649687399e-06,6.551755512182883e-07,1.3626895006950001e-05,1.721227226933463e-05,2.8249276892088705e-05,1.6884449098434273e-06,0.00090663829668618,4.976203059922999e-05,0.0018399778184986142,3.208467216062751e-06,3.3753318483410074e-06,6.443966348601019e-05,8.005769117475066e-05,3.4658739445635383e-06,0.0001648232310134812,8.996445525641078e-05,0.002025909929834436,2.0252746730612827e-07,7.516598644260156e-05,0.00025284044063756354,0.0012765618802526347,7.88348720759066e-05,0.00822989924665662
70,0.9766314091715198,0.002375987694519148,3.7804757219100894e-06,1.7013811555248886e-06,2.1558103096001028e-05,2.460829725278101e-05,3.607911696413895e-05,2.170532411369928e-06,0.0036074830579979652,6.834073173823504e-05,0.0016859050590508832,2.5917445128182967e-06,3.967816082670066e-06,0.00010067662385241505,7.592241563678119e-05,6.987829938047693e-06,0.00032159421195072517,0.000120544966681855,0.0008811175856253037,2.374575665945789e-07,3.761908512432515e-05,0.00018150640501047018,0.002045734479170342,0.00015720517121067918,0.011605270586209148
71,0.9868936412686101,0.0016914445657379444,1.2796234459112647e-06,3.928939523945264e-07,1.2644873918548265e-05,3.996783747022853e-06,1.583330076042723e-05,9.59566506906319e-07,0.0014009728903796655,2.6511706483977067e-05,0.0010207695584138975,1.4671207042721488e-06,1.6135006399801092e-06,2.9919066143213342e-05,3.379623178660965e-05,2.1124018431939806e-06,8.256354051365517e-05,6.011781075783769e-05,0.0007079887572339625,6.123199688587356e-08,2.0715867274687197e-05,9.24709924024198e-05,0.0006763957538253025,5.265151935612064e-05,0.007169679173565088
