,0,1,2,3,4,5,6,7,8,9,10,11,12,13,14,15,16,17,18,19,20,21,22,23,24
0,1.3358844973472121e-06,1.0378397651190361e-08,5.356130529932962e-06,0.986522612312251,0.0001368805496061431,2.0288809364263652e-05,1.1208450960320555e-07,3.0075894966713175e-09,8.355993497801266e-05,2.9451355413059013e-06,0.004516375745633792,3.5788601701758974e-09,6.94099029495886e-06,0.002075825801117224,1.6924185026509335e-07,3.573343106229944e-05,7.83414848070324e-06,1.4802353953958985e-05,1.2129170275777153e-11,1.1091587178857209e-07,8.743604168216198e-07,1.4944990915736613e-10,0.0002510027656165386,0.0063171853053667,3.697263097975729e-08
1,1.8656965096115272e-06,1.1266299951729557e-08,6.154417670496303e-06,0.9851620369114586,0.00013769091586087915,3.7452881944645597e-05,1.7332785400156429e-07,6.144878186501168e-09,0.00016296500449894548,7.398450543578554e-06,0.0038635749317846076,3.255435934596275e-09,8.403995732853042e-06,0.0016591720503631195,2.2700466243648283e-07,9.08669592687925e-05,9.360821702430184e-06,1.3401046937771953e-05,2.8705310634696082e-11,2.2661350705737354e-07,9.634845752893395e-07,2.261747498644153e-10,0.00027891441024664927,0.008559094012936069,3.6140447885200654e-08
2,1.9307268049997604e-06,1.1525629164498074e-08,7.224857656949357e-06,0.979165619884953,0.0002050772267739625,3.869224798392831e-05,2.656707707858526e-07,7.13186337095149e-09,0.0002040970734323779,9.142983554405177e-06,0.004295350182054099,3.697035816643725e-09,7.283694508509526e-06,0.0035191809850975437,4.0894709902362076e-07,6.3389751928137e-05,8.359709709859812e-06,2.033068868058807e-05,3.5009073740327125e-11,5.820154948562782e-07,1.561436750382432e-06,5.293773481778855e-10,0.0006357865289617156,0.011815582845147157,1.096237230110386e-07
3,1.4267425045016157e-06,9.871605197090073e-09,6.0805534109646876e-06,0.9850706944939546,0.00011923367904997349,3.4150780048462235e-05,1.5298034248011133e-07,4.32367260586853e-09,9.719385131616432e-05,4.821393609866091e-06,0.004225516766188849,3.765773401177012e-09,7.648710557188189e-06,0.0022020590255908156,2.2735998290649702e-07,5.2956013490941565e-05,9.113152410364547e-06,1.550615245206781e-05,1.9975742230971215e-11,2.1597934764701342e-07,1.1937388461129686e-06,2.254587641127063e-10,0.00033095122431142226,0.007820796357718113,4.2838380952468774e-08
4,1.451153305986314e-06,1.2101222184376598e-08,6.266053981742653e-06,0.985215376078632,0.00012673429280438378,3.335661675506959e-05,1.582074000246593e-07,4.292734154276742e-09,8.960140131561882e-05,4.375021496829772e-06,0.004907414087052425,5.273410283248381e-09,1.0506100362973306e-05,0.0025544576459764685,1.9825051768866536e-07,5.102050777756335e-05,1.0671146683295332e-05,1.8275355282900132e-05,2.206339075594089e-11,2.04047026208537e-07,1.2240159266757716e-06,2.407251822684307e-10,0.00032226378148743346,0.006646380048358086,4.425770134249386e-08
5,1.5769119178876857e-06,6.0671513376924046e-09,5.2527694712165455e-06,0.9852343359173581,8.153547453258126e-05,2.2748975158697135e-05,1.3038715320674027e-07,4.1269838296996834e-09,8.095010665017939e-05,4.967366210738847e-06,0.0033404227465649557,3.3783336559245163e-09,6.423955002575817e-06,0.00195828635495361,1.4787932432499128e-07,4.704818157653189e-05,8.864061696540924e-06,2.2662696380724852e-05,1.3458529798944334e-11,2.4035211272837416e-07,9.876746147628153e-07,1.989303433117284e-10,0.00028072470456149063,0.008902638396826422,4.130307487148284e-08
6,1.4267425045016157e-06,9.871605197090073e-09,6.0805534109646876e-06,0.9850706944939546,0.00011923367904997349,3.4150780048462235e-05,1.5298034248011133e-07,4.32367260586853e-09,9.719385131616432e-05,4.821393609866091e-06,0.004225516766188849,3.765773401177012e-09,7.648710557188189e-06,0.0022020590255908156,2.2735998290649702e-07,5.2956013490941565e-05,9.113152410364547e-06,1.550615245206781e-05,1.9975742230971215e-11,2.1597934764701342e-07,1.1937388461129686e-06,2.254587641127063e-10,0.00033095122431142226,0.007820796357718113,4.2838380952468774e-08
7,1.941884085006708e-06,1.3204635031797652e-08,1.2187104479134642e-05,0.9870766645930463,0.00012491778344073565,2.37453039589692e-05,1.209572339735837e-07,4.839623868977226e-09,5.441471891575055e-05,3.2111659480887165e-06,0.0053892406525626185,4.636468646243947e-09,1.697640636401014e-05,0.0014118221362306694,1.2227888774803281e-07,3.465220833258482e-05,9.317442875332899e-06,1.528945664926657e-05,2.8757290687319472e-11,1.304617109069704e-07,9.799341554728755e-07,1.6386972304447132e-10,0.00013806705800071376,0.00568615580094891,1.9778819369335263e-08
8,1.4814834903944945e-06,7.280319848930538e-09,5.653409749124992e-06,0.9646925064811949,0.00011510756231518075,1.7696644259422847e-05,1.2667784607824535e-07,2.438865357875472e-09,0.00016272127627274863,7.0504884272209716e-06,0.004392034883990035,1.4487004965273996e-09,2.81582894150945e-06,0.002872553014555144,3.8573702110010606e-07,2.8677921503054842e-05,5.389097981496664e-06,1.3030549978614671e-05,8.739445269819298e-12,1.8519423106792103e-07,8.686288687473479e-07,2.9902847940263684e-10,0.0003316200330137516,0.02735000019696506,8.341374187592099e-08
9,1.0718588911839897e-06,4.706812768159355e-09,6.575445791519609e-06,0.9784817212955342,7.858143012505975e-05,2.291692446328537e-05,7.635045574142701e-08,3.1151750418415863e-09,8.756272707703001e-05,5.664237857587167e-06,0.003552303181472836,1.5354531036906945e-09,4.141842423955837e-06,0.0019529536306206361,2.1621680143848723e-07,3.504623669234269e-05,5.990555043987759e-06,9.980901751935829e-06,1.0800625565286655e-11,2.1580619178294469e-07,8.627921719527654e-07,2.0921803370745777e-10,0.00026445234760728127,0.015489628774388418,2.7867178051617507e-08
10,1.4267425045016157e-06,9.871605197090073e-09,6.0805534109646876e-06,0.9850706944939546,0.00011923367904997349,3.4150780048462235e-05,1.5298034248011133e-07,4.32367260586853e-09,9.719385131616432e-05,4.821393609866091e-06,0.004225516766188849,3.765773401177012e-09,7.648710557188189e-06,0.0022020590255908156,2.2735998290649702e-07,5.2956013490941565e-05,9.113152410364547e-06,1.550615245206781e-05,1.9975742230971215e-11,2.1597934764701342e-07,1.1937388461129686e-06,2.254587641127063e-10,0.00033095122431142226,0.007820796357718113,4.2838380952468774e-08
11,1.3915288604080653e-06,1.0175894916151716e-08,6.207890848658679e-06,0.9860481171158582,0.00011377933666553026,3.445060438405245e-05,1.5448876711003125e-07,4.675217922652778e-09,9.090445401218761e-05,4.524209707210211e-06,0.0041960389156088,4.199944375254836e-09,8.96161428093822e-06,0.0021259480599397623,2.0938919191692587e-07,5.4473192520996315e-05,9.93789155698518e-06,1.573950985965886e-05,2.1340262140457763e-11,2.1152809209247893e-07,1.1461096184388436e-06,2.2448670866776508e-10,0.00031230636558810573,0.006975439393790091,3.910396467953305e-08
12,2.2583680838163282e-06,4.985189659394732e-08,7.6499595576015e-06,0.9697219983818992,0.0007606747937290753,7.385087747525146e-05,4.3307921054865135e-07,3.617374921933784e-09,0.0001579009864799533,5.02951384394261e-06,0.007545001684266829,2.8266622341103278e-08,1.5608104517144715e-05,0.015386003527654542,3.6920441433376377e-07,5.417800704873269e-05,1.1351718859711199e-05,9.565135561613762e-05,3.338905800586085e-11,8.254010682733043e-07,3.6009055767910864e-06,4.783871785693318e-10,0.001337524822032819,0.00481953022458391,4.768364112618758e-07
13,1.106975356334133e-06,9.897849505026213e-09,4.928670295129432e-06,0.9815384743758517,0.00012829781962075897,2.253437852504436e-05,9.410234316347788e-08,2.2792643289641803e-09,5.919362339818619e-05,2.2453938104545945e-06,0.00865879399548785,4.180102581871758e-09,9.191422794370088e-06,0.0023304297625892987,2.0826816493155438e-07,3.453310123900665e-05,8.108727808031986e-06,1.1584567253039847e-05,1.5483808429509273e-11,9.981641400923061e-08,1.0721736599386952e-06,1.399079675054559e-10,0.00034432636634637505,0.006844731823471833,2.8122962356172683e-08
14,1.1580012886637244e-06,3.568366903715409e-09,4.289180635272143e-06,0.9870459280360561,5.8585562473730104e-05,1.2445914296032412e-05,9.14814398462968e-08,4.277446926825506e-09,0.0001054244288605419,4.065756758091595e-06,0.0019024617999354042,1.3343216326276695e-09,2.9494997423930927e-06,0.001264201039359679,1.481812813843292e-07,2.829650167934146e-05,7.104363525106327e-06,1.214408699231244e-05,6.749524374546547e-12,1.5508059635670707e-07,6.404965112159852e-07,1.8003597504442577e-10,0.0002464680706322845,0.009303397228503986,3.592251111691697e-08
15,1.4267425045016157e-06,9.871605197090073e-09,6.0805534109646876e-06,0.9850706944939546,0.00011923367904997349,3.4150780048462235e-05,1.5298034248011133e-07,4.32367260586853e-09,9.719385131616432e-05,4.821393609866091e-06,0.004225516766188849,3.765773401177012e-09,7.648710557188189e-06,0.0022020590255908156,2.2735998290649702e-07,5.2956013490941565e-05,9.113152410364547e-06,1.550615245206781e-05,1.9975742230971215e-11,2.1597934764701342e-07,1.1937388461129686e-06,2.254587641127063e-10,0.00033095122431142226,0.007820796357718113,4.2838380952468774e-08
16,1.3342544934469611e-06,6.425778545662923e-09,4.571689398603627e-06,0.9864908432814667,7.693287354294341e-05,2.596987826899438e-05,1.3342594830825683e-07,3.013077491665519e-09,4.6277014635085066e-05,6.858522956768047e-06,0.003495214933300172,6.264675140386271e-09,5.566595243100317e-06,0.002864018920919368,1.3390101120108958e-07,5.126891079327933e-05,9.710198673539951e-06,3.573152716480703e-05,1.2669511541606772e-11,2.677546322854439e-07,2.38383811809124e-06,2.3961419487704315e-10,0.0002824286583441514,0.00660028532307704,5.254219728020506e-08
17,1.6903798684639879e-06,1.0540769604962588e-08,5.55300920796402e-06,0.9849662452829446,0.00010807986008647175,2.4598192752615858e-05,1.6459685863177134e-07,4.664927668828743e-09,6.37404171458946e-05,3.8669406082794575e-06,0.004551616660604728,1.0491329429534001e-08,1.243832145983085e-05,0.0042651440337295515,1.3026145389657813e-07,3.898679351617234e-05,1.4403482443671578e-05,4.868078397191954e-05,1.8592644532568927e-11,3.364696435293791e-07,1.8076965220276687e-06,3.4241754651860105e-10,0.0005200421596203759,0.005372362544227344,8.605529701488235e-08
18,3.2320469046781575e-06,2.266738310564548e-08,5.477815733391298e-06,0.9762220912948433,0.00012444674198535004,4.8771951756859953e-05,3.0171481118089606e-07,6.224289276237567e-09,0.00018982553786591372,9.040866656229957e-06,0.005852925610915341,1.4404695405876378e-08,1.3879878359598983e-05,0.006343308206941823,2.445938010829228e-07,7.095269144263109e-05,2.7629808749417963e-05,7.039038733873371e-05,2.9360422283181554e-11,4.961601471071627e-07,2.0359327900352946e-06,6.822499383408428e-10,0.0007905129410895965,0.01022417439911005,2.1741077954070558e-07
19,1.0664195059806865e-06,8.67655248596257e-09,7.481616770191648e-06,0.9887299265599209,0.0001289584860630695,2.4712873025502778e-05,1.340733466728237e-07,4.8051176470726915e-09,7.658412046825314e-05,3.5369843539898203e-06,0.0033994918609606753,3.908141013207247e-09,9.235591067008746e-06,0.0018586423617584194,1.6151900326047636e-07,3.9092589640512175e-05,7.945510771488377e-06,1.3378091250742164e-05,1.9005014269724826e-11,1.997554350607806e-07,9.496098154655865e-07,2.1790871009040603e-10,0.00021107625339153894,0.005487379275003002,2.8821723115542834e-08
20,9.043658308717064e-07,8.106810803518569e-09,6.645093171464207e-06,0.9844538354969345,0.00012482226059474768,3.29155696529959e-05,1.6467836519553627e-07,4.4530658046611716e-09,7.550341347973912e-05,3.8708122351651755e-06,0.004714119866139973,2.4343519461778463e-09,5.258695709858766e-06,0.00179406950854934,4.6755989597359267e-07,4.1105071238679025e-05,6.3204543239122014e-06,7.2184645545124655e-06,2.3399250798965273e-11,1.9063381311677362e-07,1.6401804707315604e-06,2.7068174444600117e-10,0.00039071991708023026,0.008340176250109022,3.64195406368837e-08
21,1.669269185004925e-06,1.0307590058750396e-08,5.408063282618486e-06,0.9831323867078847,0.00013764947435089688,2.6780614617557384e-05,1.184834259205847e-07,3.075676149111309e-09,8.412532604925544e-05,6.4648407582780845e-06,0.004998559767529036,4.931373538215788e-09,6.985319400893583e-06,0.002668467040530531,1.6841907060870825e-07,5.140356732712606e-05,7.706406266646017e-06,2.2308844748987487e-05,1.7779243896025722e-11,2.207281346747109e-07,1.664969731967187e-06,2.0119004483683358e-10,0.0002872505374558104,0.008560596023796784,4.706284362155243e-08
22,1.275480417119402e-06,5.7678611840068445e-09,5.569899661223581e-06,0.9863627501458183,6.686772520394449e-05,2.315285173877777e-05,8.504354367478062e-08,3.0451698887822523e-09,5.087094259039263e-05,4.531021153504948e-06,0.004014513427539464,3.5516640927797164e-09,5.982631986606695e-06,0.0017380084384516,1.3527187729650825e-07,4.383399185623393e-05,9.764733282528026e-06,1.7092972988748302e-05,1.2187092587543989e-11,1.499245849712737e-07,1.161156729874836e-06,1.665749140949532e-10,0.00019894158711152065,0.007455276986805501,2.322320205544571e-08
23,1.4267425045016157e-06,9.871605197090073e-09,6.0805534109646876e-06,0.9850706944939546,0.00011923367904997349,3.4150780048462235e-05,1.5298034248011133e-07,4.32367260586853e-09,9.719385131616432e-05,4.821393609866091e-06,0.004225516766188849,3.765773401177012e-09,7.648710557188189e-06,0.0022020590255908156,2.2735998290649702e-07,5.2956013490941565e-05,9.113152410364547e-06,1.550615245206781e-05,1.9975742230971215e-11,2.1597934764701342e-07,1.1937388461129686e-06,2.254587641127063e-10,0.00033095122431142226,0.007820796357718113,4.2838380952468774e-08
24,9.238339680417136e-07,7.234790939235868e-09,4.763375263261511e-06,0.9883322854563843,0.00013726138554670547,2.1564723046080774e-05,1.090966051060503e-07,3.2746454399155486e-09,6.34233685589393e-05,3.0903788981029594e-06,0.003933030778927991,4.185024016207031e-09,8.690916968344903e-06,0.002345204803410898,1.3379980046625837e-07,4.8796405831313615e-05,6.73871208544605e-06,1.5271017348219744e-05,1.4526320313392422e-11,1.6392570681559251e-07,8.360958350045297e-07,1.4966840549281975e-10,0.0002527854810025238,0.0048248831821403795,2.8404016922793165e-08
25,9.98059456286711e-07,3.815807802008092e-09,4.3927978858483174e-06,0.9903504993243615,8.997117872212531e-05,1.2193451003485036e-05,1.0293060470228999e-07,3.748480173824511e-09,3.729538576662478e-05,2.4113310443130524e-06,0.003785013854060674,2.330300179773654e-09,7.018330616730518e-06,0.00110210822417316,1.1706347234939427e-07,4.1478888035891226e-05,5.0705737769738574e-06,1.1490348764105837e-05,1.4182477951738308e-11,1.1941397536529426e-07,8.424742692998538e-07,9.928388906272859e-11,0.0002052374769778458,0.004343612610052052,1.6274926104266e-08
26,1.8603530446013143e-06,7.425152059169657e-09,4.37160953762003e-06,0.978112405622442,8.145984108358179e-05,2.4920838036330393e-05,1.1578804110904408e-07,4.96345887174957e-09,0.00021745688062028892,3.736204922911944e-06,0.0036204735431885574,1.6394670283190446e-09,5.095595749981095e-06,0.0013396306239584045,2.4355205131068285e-07,3.931222773564803e-05,9.680815687329967e-06,9.937046339333996e-06,1.2022045872936755e-11,1.8927733623946824e-07,6.102456104187561e-07,1.8325365686878579e-10,0.0004841898200061782,0.016044252256522333,4.363473208820386e-08
27,1.5186967153920897e-06,1.218844388317947e-08,5.835443912033815e-06,0.9782588300542758,0.00014711313436285237,4.309729444084928e-05,2.495277688654629e-07,5.632722931958746e-09,0.00022901559858098177,7.753921813267982e-06,0.004542413501138286,3.080868434572378e-09,6.932818345633133e-06,0.002759313147552342,4.396230183702951e-07,6.49460877077344e-05,1.0178187104769236e-05,1.3249650123090768e-05,2.497597239176948e-11,3.4054558914314063e-07,1.1460101412617024e-06,4.3015732716345994e-10,0.0005065601152754804,0.013400965428568926,7.985639616311219e-08
28,1.4267425045016157e-06,9.871605197090073e-09,6.0805534109646876e-06,0.9850706944939546,0.00011923367904997349,3.4150780048462235e-05,1.5298034248011133e-07,4.32367260586853e-09,9.719385131616432e-05,4.821393609866091e-06,0.004225516766188849,3.765773401177012e-09,7.648710557188189e-06,0.0022020590255908156,2.2735998290649702e-07,5.2956013490941565e-05,9.113152410364547e-06,1.550615245206781e-05,1.9975742230971215e-11,2.1597934764701342e-07,1.1937388461129686e-06,2.254587641127063e-10,0.00033095122431142226,0.007820796357718113,4.2838380952468774e-08
29,1.4267425045016157e-06,9.871605197090073e-09,6.0805534109646876e-06,0.9850706944939546,0.00011923367904997349,3.4150780048462235e-05,1.5298034248011133e-07,4.32367260586853e-09,9.719385131616432e-05,4.821393609866091e-06,0.004225516766188849,3.765773401177012e-09,7.648710557188189e-06,0.0022020590255908156,2.2735998290649702e-07,5.2956013490941565e-05,9.113152410364547e-06,1.550615245206781e-05,1.9975742230971215e-11,2.1597934764701342e-07,1.1937388461129686e-06,2.254587641127063e-10,0.00033095122431142226,0.007820796357718113,4.2838380952468774e-08
30,1.4267425045016157e-06,9.871605197090073e-09,6.0805534109646876e-06,0.9850706944939546,0.00011923367904997349,3.4150780048462235e-05,1.5298034248011133e-07,4.32367260586853e-09,9.719385131616432e-05,4.821393609866091e-06,0.004225516766188849,3.765773401177012e-09,7.648710557188189e-06,0.0022020590255908156,2.2735998290649702e-07,5.2956013490941565e-05,9.113152410364547e-06,1.550615245206781e-05,1.9975742230971215e-11,2.1597934764701342e-07,1.1937388461129686e-06,2.254587641127063e-10,0.00033095122431142226,0.007820796357718113,4.2838380952468774e-08
31,2.457104815919671e-06,8.934378070863267e-09,9.434379947294214e-06,0.989055403513745,0.00011702176878076544,2.2110966321697488e-05,1.5777420230096712e-07,8.247080894322396e-09,7.027355651205714e-05,4.26290902447964e-06,0.0027944830238392374,4.8135119579671274e-09,1.0128766803195146e-05,0.0017476442825632853,1.353063195845731e-07,4.2080782791897184e-05,9.264061139221296e-06,2.996994550562439e-05,2.688823555306407e-11,3.119660290821993e-07,1.3242069190206377e-06,2.3953852908764144e-10,0.00029911313396742135,0.005784349642233603,5.0647141596639584e-08
32,1.5194341994897077e-06,1.1108203563727384e-08,6.804346960865839e-06,0.9849174521483821,0.00013666773545408366,3.9504976285442944e-05,1.7782430508133662e-07,5.202401346886558e-09,9.82444153418934e-05,5.041696444534845e-06,0.004546034377712658,4.437344225390775e-09,8.920899008888722e-06,0.002351769589093884,2.640973064708234e-07,6.085826843335127e-05,9.51877787814035e-06,1.623471611567615e-05,2.7562775654018735e-11,2.5776735532470076e-07,1.357157289604362e-06,2.6500994180141196e-10,0.0003761634522583453,0.007423140810121852,4.646953062144378e-08
33,1.0974992918976666e-06,8.451892407948493e-09,4.5068304215825815e-06,0.9895263344992035,5.660210952984944e-05,3.218935250104858e-05,1.4746449085707816e-07,4.633655941691727e-09,6.273885459521384e-05,4.224125090070381e-06,0.0034757487273272885,1.0302205707072447e-08,2.103831911542283e-05,0.0029610156342590845,6.486846755671236e-08,7.330840889831925e-05,2.4873202966174186e-05,3.469562846576444e-05,1.543817449690522e-11,1.9470909439529714e-07,6.424699874845726e-07,2.586959102193035e-10,0.00017805427096749286,0.0035424733425867523,2.6020852247843648e-08
34,3.6470416713993045e-06,2.2729871650103846e-08,1.0208789319312923e-05,0.969591853132926,0.00025119139590775157,3.080767054083622e-05,1.639080648498851e-07,5.4035467142559584e-09,0.00018803301203521911,5.831757376337364e-06,0.010414266068778556,4.664172025194379e-09,1.2375520865921203e-05,0.0031187003085806466,3.842707556918671e-07,4.35728741839996e-05,9.483804563082653e-06,1.6833308533327555e-05,5.428731260233907e-11,2.3684502577763814e-07,1.42043801978797e-06,3.8741034964405577e-10,0.0005395848699931576,0.015761292113532093,7.96300383075502e-08
35,5.815136597154675e-06,1.30323574798396e-08,6.8730797746690645e-06,0.9873217421516892,9.147291811514895e-05,1.813337347141892e-05,1.6602236713139555e-07,9.110125490882392e-09,0.0001536230835652294,8.329137970282967e-06,0.002912422142591047,6.817490346641701e-09,1.1341094368430747e-05,0.0014894608974005035,8.055435728721713e-08,6.834715372367554e-05,1.7421119393069617e-05,5.4859873596003416e-05,2.6531020001593927e-11,2.230272694137126e-07,9.382685375253243e-07,2.504721763856517e-10,0.0001826401212581803,0.007656024762521975,5.684445612668036e-08
36,8.728709829358867e-07,8.670247099785838e-09,2.590513391266427e-06,0.9906209189546813,4.7468284851263935e-05,5.956313787051334e-05,2.293635053795673e-07,8.781128555198678e-09,0.00020168323658251944,4.324080191332209e-06,0.0021823622441328053,7.670334808369405e-09,1.6116885039794852e-05,0.0023895338759641117,1.2699069845048282e-07,0.00013929918804995265,4.138791450472154e-05,1.9992894541400803e-05,1.5170903074259085e-11,2.6809599759660444e-07,4.4375074464763037e-07,3.512464661837839e-10,0.0004091515843236372,0.003863603194352271,3.745146646544729e-08
37,2.013354185085874e-06,5.693726135534295e-09,6.0101668587741325e-06,0.9792666696782651,7.162025423007605e-05,1.5185180828314805e-05,1.0080094243772673e-07,2.747486759164461e-09,6.316625391061385e-05,4.261287027507177e-06,0.004767580030491359,2.9985498403570416e-09,5.765196943720221e-06,0.0019137585982211495,1.4270197312332576e-07,3.1857196190015693e-05,8.095722308985743e-06,2.4463788506345882e-05,1.0986022145204138e-11,1.5723802387639328e-07,8.645599300290556e-07,1.7161512978435292e-10,0.0002175186572304647,0.013600719805435368,3.790613361395433e-08
38,8.846473717929421e-07,7.165702111398004e-09,5.085070130035212e-06,0.9886840295940045,8.08454282030515e-05,8.028019651049104e-05,2.0982713775320847e-07,5.676481917873477e-09,5.467311990009401e-05,4.202263680655801e-06,0.004003194541178914,3.852392369983291e-09,9.504628166083637e-06,0.0015595772294340875,3.123288272597796e-07,0.0001211645674467964,1.0032969047986069e-05,1.0089178792871024e-05,3.272760644482716e-11,2.604980103424816e-07,1.5607158913034003e-06,1.722616906212658e-10,0.00044580377971866706,0.004928249686205595,2.2830776060063542e-08
39,1.092348577414826e-06,7.601851030853453e-09,5.781435642839735e-06,0.9901359502760347,9.345504892225411e-05,4.7966877461609375e-05,2.0855318137696682e-07,7.457980374227841e-09,6.913759108552753e-05,3.984431070268716e-06,0.0027262746476934565,3.982072377308457e-09,7.5688352447408885e-06,0.0015689926220775088,2.822538736270158e-07,7.119919129736997e-05,1.0108064261746217e-05,1.325570125811047e-05,2.649831761650275e-11,2.979595993443661e-07,1.7084301444026927e-06,2.4836895554882936e-10,0.00047267495349442336,0.004769999016496787,4.244581123292384e-08
40,1.6182198123875187e-06,3.392402957513512e-08,1.9796572721682598e-05,0.9758956889722593,0.00039112509592935423,7.083263937961531e-05,2.1064179756099555e-07,4.0325206409837725e-09,0.00010646637323287013,5.97558000179783e-06,0.0077025089172245665,9.437402776994203e-09,1.1745584735306931e-05,0.00603817698700798,5.666393837166892e-07,3.967040499433859e-05,9.18130864856669e-06,1.991970873021568e-05,4.8013872123883897e-11,3.4622123855741383e-07,2.2662323604403293e-06,5.78081522119619e-10,0.00033354164236896035,0.009350227256577824,8.698154655121262e-08
41,9.271165047280844e-07,1.6903208755711797e-08,5.580319168661079e-06,0.9894294245463479,0.00017742355449519077,4.146375109192084e-05,1.1230817688865804e-07,3.4743929129034465e-09,0.0001859944212122752,4.207690439569448e-06,0.0030499004338500504,2.4538025468538334e-09,7.323764448471135e-06,0.0015475939436139091,1.8018092774121552e-07,5.602637296003555e-05,7.932980520577727e-06,6.342879381860574e-06,1.2086844922667112e-11,9.718588935901449e-08,5.86888880704008e-07,1.2318381713570276e-10,0.0001652909010566766,0.005313545609129124,2.2185229635375756e-08
42,1.1859494230139034e-06,9.238477839212085e-09,1.1748115629386323e-05,0.9892812509749033,0.00012515828993596363,3.9188956030383384e-05,1.5096240576689925e-07,1.1276301825339791e-08,7.368062860572218e-05,6.201206370285567e-06,0.003309135246134224,4.470364236907093e-09,9.535992123264115e-06,0.0014459622547490474,2.9455281907806786e-07,6.837193211044306e-05,9.982613077478534e-06,8.363401127363335e-06,6.34035810322005e-11,2.988557075680427e-07,2.0658817182098274e-06,4.922799862778553e-10,0.0002466459339130683,0.005360731151390232,2.1560998679738808e-08
43,1.787648052014319e-06,9.100944640040992e-09,7.652519419528556e-06,0.9812578128825232,0.00013418227099192632,5.135315185116136e-05,1.8594233534593258e-07,7.32167131841819e-09,0.00019793223513383648,1.74475535482013e-05,0.003025896895551621,2.224469201309082e-09,5.36125388843173e-06,0.0020364665464435022,3.201015344701731e-07,8.786046770693198e-05,7.612768853261129e-06,1.270479247811726e-05,3.3418154136395976e-11,5.249166492193073e-07,1.6540050286647826e-06,4.0538407508308435e-10,0.0003269862654461938,0.012826191562830871,4.713384608795247e-08
44,1.4267425045016157e-06,9.871605197090073e-09,6.0805534109646876e-06,0.9850706944939546,0.00011923367904997349,3.4150780048462235e-05,1.5298034248011133e-07,4.32367260586853e-09,9.719385131616432e-05,4.821393609866091e-06,0.004225516766188849,3.765773401177012e-09,7.648710557188189e-06,0.0022020590255908156,2.2735998290649702e-07,5.2956013490941565e-05,9.113152410364547e-06,1.550615245206781e-05,1.9975742230971215e-11,2.1597934764701342e-07,1.1937388461129686e-06,2.254587641127063e-10,0.00033095122431142226,0.007820796357718113,4.2838380952468774e-08
45,1.0376265193268679e-06,6.910649021254481e-09,5.993115720111774e-06,0.9877687615528901,0.00010040624545734428,3.9273188610367716e-05,1.7625087779417244e-07,5.318325264212171e-09,8.228800785329134e-05,4.3919844037293164e-06,0.0032797692381088274,2.3581372568408633e-09,6.261069100885552e-06,0.001405064536767338,2.9982739165673346e-07,6.690419404879763e-05,7.315146889462254e-06,9.076037955249103e-06,2.17568149610226e-11,2.0415192860118856e-07,1.024202094924854e-06,1.8889596194355542e-10,0.0002868924339863873,0.0069348191196649195,2.7271966795731494e-08
46,1.7376914427530138e-06,1.6860445041038438e-08,8.794248834045112e-06,0.9794698955958984,0.0003306920932992791,3.5866569810646094e-05,2.479188710723293e-07,4.26706913074172e-09,0.00014979442911355737,7.570182294717323e-06,0.005976117034887474,4.510784751667785e-09,8.336306311414914e-06,0.0041443628580615744,3.8479612899598177e-07,5.4315194008729205e-05,6.082732989908564e-06,1.9389504002753635e-05,3.5036074713069404e-11,3.4348011859017905e-07,1.7284785286638376e-06,3.7574041411412366e-10,0.00043289891674062897,0.00935131827428148,9.764529974148451e-08
47,7.27618743439277e-06,4.270929617039912e-08,1.3137581342530585e-05,0.9751021522048339,0.00016258453921891118,7.849333081086203e-05,5.053779719249044e-07,1.6042054735286107e-08,0.0002974312823942641,1.940351020834701e-05,0.005806987842497639,2.212711117963489e-08,2.2454379897467893e-05,0.004086819251673313,3.5059127520239655e-07,0.00012085755603586129,3.887350207993114e-05,7.50812766483977e-05,1.139625814041004e-10,8.128736699109186e-07,2.826411872777478e-06,1.4391374389550238e-09,0.0004763320802772974,0.013687335549911746,2.0223838328656636e-07
48,1.1927218461922975e-06,1.6231797406889443e-08,6.025781444425956e-06,0.992088256080182,4.119295365089897e-05,0.00014273013206735703,2.0357885627253775e-07,1.2197654196111616e-08,7.868066424890581e-05,2.5156767457076276e-06,0.003248237025424329,6.876732463083703e-09,2.35594843074061e-05,0.0009743499055088738,2.1180223838902547e-07,0.00011133385896031733,3.823646047966627e-05,8.235118711041863e-06,4.38508242598056e-11,1.5474358314090303e-07,9.856139468712732e-07,1.878013574249149e-10,0.00033120399270890544,0.002902645415450555,1.345180226469768e-08
49,1.3263117694019564e-06,1.4543729079621473e-08,1.1138114685498713e-05,0.9843925417091276,0.00013535330367497335,5.4359582852897354e-05,1.671623233614804e-07,4.768594895715116e-09,8.146786800980239e-05,5.792978890850398e-06,0.004308970179104251,6.969970743525023e-09,1.0354875236016444e-05,0.0031268156666378047,2.5646148205887703e-07,4.784852764619769e-05,1.1927329620718195e-05,1.9942644232996536e-05,2.772160031838975e-11,3.1970914048236155e-07,1.6881848979876677e-06,3.902125860511363e-10,0.0002586271686298449,0.007531030338506746,4.518330171966012e-08
50,4.246413493309143e-06,1.617637640226497e-08,9.33006863401855e-06,0.9746991354194954,0.0002758751827278001,2.88287999098986e-05,8.377430232782077e-07,1.1657872473251087e-08,0.0003356765007617588,3.301048377235069e-05,0.004074426166893277,4.2983682910213596e-09,9.22849805484045e-06,0.0046082018532689764,4.727877329856797e-07,0.00010171358613393168,8.670127665222039e-06,4.946770225965164e-05,7.314493193385648e-11,9.501161245738568e-07,2.0290897589666803e-06,1.1676499563407362e-09,0.0004641090328219536,0.015293413219448927,3.438346069481693e-07
51,6.039747456056488e-06,1.482087188837715e-08,8.606156136316245e-06,0.9578377318425545,0.0002506182255856517,0.00023746146999454023,1.8513281590501055e-06,3.352638522270769e-08,0.0001754023545723852,1.763885388441098e-05,0.009216847311124605,2.1006131750713213e-08,1.915100199691775e-05,0.00862888531900502,2.1437036475071547e-06,0.00046602498790264255,2.3908237825507862e-05,0.00011919716393821441,4.773457607705759e-10,6.970667883137979e-06,9.472837817714658e-06,2.226289071601115e-09,0.010130850338255903,0.012840237509969772,8.888852664252845e-07
52,1.2722437389006547e-06,2.2966070261022812e-08,7.727590689529354e-06,0.985085109166361,0.00021365039430762978,5.6489096909197336e-05,2.424120833893691e-07,6.089698808591717e-09,0.00015401000034906648,4.225409180303943e-06,0.004635599341198719,4.885702712665757e-09,9.330491581585402e-06,0.0028255532688973815,4.6605976155954024e-07,4.792447238977087e-05,1.0453843183170206e-05,1.0118591605561591e-05,3.454462988287109e-11,2.3304421732518815e-07,1.8871779476907764e-06,3.6599686511930516e-10,0.0005510499960231956,0.0063845491171435,7.394041806713057e-08
53,8.465098585578616e-07,4.688769481492769e-09,2.6680243688028517e-06,0.9876099052077721,9.511551170134732e-05,3.137684613607814e-05,4.0445307411920663e-07,6.064563434016066e-09,0.000129126440025157,4.23293615039885e-06,0.0029222487025725636,2.016853620607187e-09,5.4911780214954734e-06,0.001783312981245833,3.8793120988329914e-07,8.860943822347897e-05,7.1714031547524506e-06,1.242944204482803e-05,1.6662205589968426e-11,3.1250793212720296e-07,8.250211282926509e-07,2.173500999533705e-10,0.0006514834434568157,0.006653974263948331,6.475377614997819e-08
54,3.2026880914924107e-06,4.5360581683508856e-08,5.786146414936999e-06,0.9792624461138675,0.00022043858739620353,8.194345680872191e-05,4.940292806229186e-07,7.224935372024324e-09,0.0003569949276428087,1.4980380915632486e-05,0.005260505031422327,1.205087525014919e-08,1.4235568796471894e-05,0.004954919579404821,3.722912488218903e-07,0.0001481431097948647,2.218390799326313e-05,3.784581956670151e-05,4.7231176398078603e-11,3.5414820357426745e-07,1.8225041304867622e-06,6.007512688932754e-10,0.0004928646808658566,0.009120222110944733,1.7963283562166997e-07
55,8.383940002816532e-07,4.134612407593709e-09,5.969878976237331e-06,0.9867073230278204,7.21576125501293e-05,3.6432887332769185e-05,9.94851041355648e-08,4.3048020981924814e-09,5.473478262340153e-05,4.195381024531883e-06,0.003590336366902105,1.4569432300290295e-09,5.290058542175285e-06,0.0015100436733793989,2.515347522356119e-07,4.881851672907566e-05,6.33864268032491e-06,6.661003087036825e-06,1.849099623897902e-11,2.0811359296132901e-07,1.098442913430899e-06,1.7974187628686638e-10,0.00034579417369635056,0.007603379753855739,1.8175846581955526e-08
56,1.4823003980566923e-06,1.1298011117821954e-08,6.4881358675915004e-06,0.9849966373143988,0.00012466040909669808,3.414990986934267e-05,1.5831428995633264e-07,4.468424222644654e-09,9.710596296019716e-05,4.726218184511083e-06,0.004579510567694274,4.454618790786596e-09,9.328782264233414e-06,0.002330682458907707,2.1544986975092868e-07,5.2848319620017525e-05,1.0014284704908872e-05,1.680149906359723e-05,2.182722475093822e-11,2.122972898580073e-07,1.1621024076958132e-06,2.3722366246669105e-10,0.0003119044181126992,0.007421847668510931,4.3106384380253914e-08
57,1.8394694412185795e-06,1.7811825368001294e-08,1.3618821439867525e-05,0.9849117862208886,0.00022795389334763044,5.9556492789094867e-05,2.295798353148292e-07,9.456936309013808e-09,8.476217919538612e-05,5.8939290973588095e-06,0.005426330069987211,1.1279707520964663e-08,1.5023715983100641e-05,0.003021564175757664,3.597114363869472e-07,7.540098019353238e-05,1.2363677040943017e-05,2.123829979413062e-05,8.654681139500697e-11,4.862567624646566e-07,2.9321779310487694e-06,5.849346049776196e-10,0.0004499895376282833,0.00566857447214666,5.7119353516031464e-08
58,1.4789757030396168e-06,9.026158848930245e-09,6.257634083094754e-06,0.9825361429120796,0.00010563372388069498,3.1291728478869745e-05,1.4443395797308565e-07,4.0771449607537746e-09,9.965732486760276e-05,5.152593156228176e-06,0.004496484137903468,3.293397433786951e-09,6.8755358814323244e-06,0.0020849437016668636,2.494857579110456e-07,4.962625280002335e-05,8.94602091348338e-06,1.4571326411295933e-05,1.8834191965664322e-11,2.0715047234284626e-07,1.1319611904941325e-06,2.392084046992494e-10,0.00031166895266942764,0.010239477569977314,4.1923404939830834e-08
59,1.3422386575393493e-06,8.24183811671823e-09,6.4765321535043e-06,0.9820868978232329,0.00010198094344146515,2.946128711508069e-05,1.3426264583557537e-07,3.826041406263048e-09,9.509079622024597e-05,5.012494827135371e-06,0.004294884607466877,2.76792905308589e-09,5.952342688540813e-06,0.0019907242378175843,2.631885586537687e-07,4.459236626911487e-05,8.05957528567853e-06,1.2882274434156731e-05,1.652320387139898e-11,1.972281417421592e-07,1.0782327380081883e-06,2.2734580205403603e-10,0.00028893478555585617,0.011025981137628853,3.856544353313001e-08
60,1.4267425045016157e-06,9.871605197090073e-09,6.0805534109646876e-06,0.9850706944939546,0.00011923367904997349,3.4150780048462235e-05,1.5298034248011133e-07,4.32367260586853e-09,9.719385131616432e-05,4.821393609866091e-06,0.004225516766188849,3.765773401177012e-09,7.648710557188189e-06,0.0022020590255908156,2.2735998290649702e-07,5.2956013490941565e-05,9.113152410364547e-06,1.550615245206781e-05,1.9975742230971215e-11,2.1597934764701342e-07,1.1937388461129686e-06,2.254587641127063e-10,0.00033095122431142226,0.007820796357718113,4.2838380952468774e-08
61,1.386928054083992e-06,8.130163752217321e-09,6.859547048143748e-06,0.983950370792883,0.00010093546130408314,2.9185529213533882e-05,1.2189202895059288e-07,3.948683834508167e-09,8.158163900079801e-05,4.675685973599444e-06,0.004111512298431331,3.0496832023805807e-09,6.2734956608143435e-06,0.0019284428275028456,2.274202973441991e-07,4.3390686639959446e-05,8.238612870208139e-06,1.3834405929315533e-05,1.703633415683072e-11,1.934267055252373e-07,1.128280463927175e-06,2.1571999895871292e-10,0.00027000753445397614,0.009441583527065605,3.4647185938736673e-08
62,1.4267425045016157e-06,9.871605197090073e-09,6.0805534109646876e-06,0.9850706944939546,0.00011923367904997349,3.4150780048462235e-05,1.5298034248011133e-07,4.32367260586853e-09,9.719385131616432e-05,4.821393609866091e-06,0.004225516766188849,3.765773401177012e-09,7.648710557188189e-06,0.0022020590255908156,2.2735998290649702e-07,5.2956013490941565e-05,9.113152410364547e-06,1.550615245206781e-05,1.9975742230971215e-11,2.1597934764701342e-07,1.1937388461129686e-06,2.254587641127063e-10,0.00033095122431142226,0.007820796357718113,4.2838380952468774e-08
63,1.4873286302786266e-06,1.1210877673685503e-08,6.265411806366525e-06,0.9846677410712132,0.00012563735259031738,3.5340050890182e-05,1.578746585617345e-07,4.318761286120728e-09,0.00010474711570672735,4.930492868280532e-06,0.004387993383323116,3.993196737623886e-09,7.95625907585842e-06,0.0022787241779718167,2.3456570435016477e-07,5.2372691260685506e-05,9.51259048728527e-06,1.570600912741796e-05,2.0486859242825833e-11,2.1042161661286422e-07,1.2088707828115455e-06,2.3412858301727335e-10,0.00032658699601686655,0.00797312227081935,4.528799907810884e-08
64,1.3057287152958046e-06,9.725346846049202e-09,6.878261345650963e-06,0.9860929713579041,0.0001253409705364963,3.287834809502948e-05,1.427705142972148e-07,4.451779328460424e-09,7.852629662057797e-05,4.635350281381315e-06,0.004074729701776244,3.5625165533318876e-09,6.52241579511758e-06,0.0019069713064085786,2.5505676614971517e-07,4.529178956449539e-05,7.623924738687561e-06,1.2794644748498356e-05,2.1749211892299814e-11,2.1086798834392628e-07,1.650201691785838e-06,2.258022858720362e-10,0.0003199037588304827,0.007281310920386956,3.834009755088829e-08
65,1.8500991293894257e-06,9.851762444247568e-09,5.226914330363492e-06,0.9838942021127917,0.0001195128119196928,2.8593211159311176e-05,1.6506929710075655e-07,4.529030902385175e-09,0.00012700084734065922,5.956126534456593e-06,0.004182224400418452,4.2557285789552155e-09,8.365415342519653e-06,0.002473019817731246,1.7722179737074556e-07,5.967292429814991e-05,1.0201619999297368e-05,2.2576590400294807e-05,1.9392120169315363e-11,2.4602064644403764e-07,1.0277769978390431e-06,2.4355384889966645e-10,0.0003355548102650194,0.008724352643308276,5.4666824373295585e-08
66,1.4728097092060984e-06,1.0638145441434751e-08,5.80556430032669e-06,0.9846669350506045,0.00011022348793627231,4.2775143898757496e-05,1.837374519825135e-07,5.2530158527343994e-09,0.00011856538323095168,4.4969341951035495e-06,0.004154293238671636,3.6551800214400613e-09,8.070538112943565e-06,0.002130021359130316,2.7953412705412684e-07,5.586196923020681e-05,1.0473504803884492e-05,1.434281876582763e-05,2.2556593543479174e-11,2.472834404593604e-07,1.1723679207441893e-06,2.446472478277366e-10,0.0004394156685557493,0.008235295107546904,4.868482175713043e-08
67,1.718389744084454e-06,8.970952570133158e-09,6.5753271399166835e-06,0.9903860664247276,0.0001766334867142459,1.1743895579263855e-05,1.0189716801581355e-07,5.015375672751566e-09,0.00012448449199895656,3.835793385455609e-06,0.002901498336263344,1.8220777412370232e-09,6.100430157316483e-06,0.0008958813649665188,1.2763515935546885e-07,4.241465282660801e-05,4.85413403219302e-06,8.532963990185103e-06,1.739831488761183e-11,7.941719636093808e-08,5.493230120489331e-07,1.131443805869622e-10,0.0001148468317469797,0.00531391943872473,1.9826517780785304e-08
68,1.7851817046970749e-06,1.5869723782895093e-08,7.775341687554242e-06,0.9785873647619853,0.0001950420438604867,4.361529774362156e-05,1.6851125254550172e-07,4.801482084174921e-09,0.000157793044639463,6.603968114476587e-06,0.00562001664829216,3.03016117825841e-09,5.754497993512508e-06,0.0022505576945183034,5.272643160511312e-07,5.991824996581425e-05,8.253780658844955e-06,9.42049767972773e-06,3.0216493039357536e-11,2.0201499048982458e-07,1.387478775431824e-06,3.3343615306953496e-10,0.0003683882838292689,0.012675350178166178,5.1194806446651485e-08
69,1.700831158259358e-06,1.1841267560633365e-08,1.2112438432866427e-05,0.9725315759508838,6.978019442859203e-05,0.00021010636146417364,2.482831188540115e-07,7.608228432045916e-09,3.9269263187974235e-05,6.1710016449501375e-06,0.01048168220118493,1.5613712168391607e-08,2.5297394133837904e-05,0.0048886281985304975,4.4429720624532753e-07,8.142059832095646e-05,2.3993730268369947e-05,3.0410740412421978e-05,1.1562745277551289e-10,1.446456689517478e-06,6.205498033105567e-06,6.710874478590644e-10,0.0013906287127822441,0.01019879120041659,5.079777854611212e-08
70,4.8958446587734425e-06,3.0713840299618173e-08,1.3483397040703584e-05,0.9709985920768063,0.0002677242272186952,3.344077134462126e-05,2.293610235676652e-07,5.3480033367781685e-09,0.00011316642421240779,6.311412904581642e-06,0.011226647994579717,7.196995085307061e-09,9.862214564325217e-06,0.002990540097469759,5.347633719761814e-07,3.816650390590178e-05,9.531159033756459e-06,2.4406912577204928e-05,7.01672192084352e-11,2.1490276327884072e-07,3.221733023747463e-06,4.63595926965269e-10,0.0004667941457219716,0.013792077213289483,1.1505188738213263e-07
