,0,1,2,3,4,5,6,7,8,9,10,11,12,13,14,15,16,17,18,19,20,21,22,23,24
0,2.2688439477733327e-06,0.0005520090889356841,5.9009141823945156e-05,0.7638614581309027,0.00952343172234987,0.10176210540739988,5.9729907003991465e-06,5.2924770549742756e-05,0.0009394208432112339,8.32844274031363e-05,0.0036562063810123314,1.2931341276366053e-07,1.0516424529532516e-06,0.019149061569436708,3.017475261884698e-07,0.013668426986932719,0.0005644675914045381,0.00015617827128753238,3.533686453896188e-07,0.07208834252878751,1.6908377621832117e-05,1.0012513022930587e-07,0.012038616676308775,0.0018021430970303332,1.5826955785919442e-05
1,3.7898385706207503e-06,0.0007412257557118946,9.382258877246485e-05,0.496917694104642,0.01629214837173787,0.22320804851610998,6.395893568538405e-06,0.00010648963272096962,0.004764640657431807,7.94814933202522e-05,0.004051943398273468,2.2037812986237495e-07,3.989119215185498e-06,0.009668089875948863,1.3254216530570173e-06,0.08042476949736097,0.0008805859241934801,0.00018917484561079362,1.8779231768966602e-06,0.15343194245527014,3.276909290282878e-05,2.2794056466343286e-07,0.005251680998265967,0.0038340132530105663,1.3653023836865903e-05
2,3.6011999242194155e-06,0.0008450612427585552,5.360900533942964e-05,0.46019568177796355,0.03595705574474158,0.14850929988153372,7.72723824277342e-06,9.344304690776992e-05,0.0031502391862309174,6.755741457259895e-05,0.005119229016065924,2.400519848906331e-07,5.015749498718591e-06,0.018681762764523484,1.552385912848435e-06,0.04968406418213289,0.0017635667105159358,0.00018930035580404738,1.1492739882300269e-06,0.2633249065067252,2.817569264811702e-05,2.396996650366297e-07,0.009719452002410148,0.002571091804931275,2.697806497829044e-05
3,2.6500248554565238e-06,0.0006187089551387969,5.854931332912379e-05,0.5919073352364704,0.016903985783539903,0.1682967305988799,5.27774030469309e-06,8.10091948432174e-05,0.002525589966953958,5.8894068433922214e-05,0.0050627370609011655,1.8788477062860888e-07,3.217656055222354e-06,0.014484232985057632,8.033234060684346e-07,0.03853434546371342,0.0013236239301114127,0.00017031680580542103,1.0579504944747252e-06,0.1477601499051524,2.987886503810376e-05,2.1522524993297222e-07,0.00904672736630851,0.003108826671013338,1.4948024172747188e-05
4,2.8773165469793086e-06,0.0006175330793582772,5.704866041492663e-05,0.5902520208675627,0.017392909101012256,0.16050792959593524,5.250200803381718e-06,7.377512807778008e-05,0.002761243066463621,5.3234924328167526e-05,0.0049235867565210365,2.3610326242222811e-07,4.6880078457855445e-06,0.01541725630997257,7.85798381862702e-07,0.0373650826889851,0.0015560068059246631,0.00017952266016378848,1.0929877122114457e-06,0.15679694093185328,3.342597076037628e-05,2.3325857381052148e-07,0.008692017200691977,0.0032888910207043366,1.6411558143469142e-05
5,2.3502094378153287e-06,0.0004829535227474562,4.481221775763245e-05,0.6709440012772057,0.01059404254201186,0.13200440902211683,3.5940320685142368e-06,5.396470098979002e-05,0.0018714150993412238,5.5264721310441326e-05,0.0036494026258970225,1.5510439308578907e-07,2.6415705647206143e-06,0.01308023452743605,4.7082019406434215e-07,0.027501270615656638,0.0011724734512184342,0.00019853115213504087,6.657581670826425e-07,0.1276276867464909,2.541560291506002e-05,1.7735180990740414e-07,0.00779588025963584,0.0028754486236725,1.2738444826495553e-05
6,2.6500248554565238e-06,0.0006187089551387969,5.854931332912379e-05,0.5919073352364704,0.016903985783539903,0.1682967305988799,5.27774030469309e-06,8.10091948432174e-05,0.002525589966953958,5.8894068433922214e-05,0.0050627370609011655,1.8788477062860888e-07,3.217656055222354e-06,0.014484232985057632,8.033234060684346e-07,0.03853434546371342,0.0013236239301114127,0.00017031680580542103,1.0579504944747252e-06,0.1477601499051524,2.987886503810376e-05,2.1522524993297222e-07,0.00904672736630851,0.003108826671013338,1.4948024172747188e-05
7,1.0934264324143056e-05,0.0005456810061081464,0.00023533348566831208,0.4845581943369589,0.02239837443549208,0.27112470280251305,1.0382840500562105e-05,0.0001307270846947068,0.0027918258058474378,8.248850334335304e-05,0.006054093234327673,2.5245882731847195e-07,8.440395422759895e-06,0.013829441153610143,5.226613468405695e-07,0.03760040871043511,0.0010757608708638086,0.0002981164035730274,1.7725997764204661e-06,0.1451918862958724,2.5436258848693394e-05,8.884211830541856e-08,0.007842830615053238,0.006162964758025103,1.9340176448592155e-05
8,1.7477548769044472e-06,0.0005647265320513848,5.920802950919277e-05,0.75466384454509,0.00912070443713193,0.09888752584821718,4.874836680273944e-06,5.080634592317006e-05,0.0008018916800384845,7.124858032198875e-05,0.0026205751037566695,1.0873073806384201e-07,1.100626826173008e-06,0.016237859602912328,1.8074091315737016e-07,0.013365687912660105,0.00036245438016892424,7.432869093433084e-05,3.191631157356579e-07,0.08893354919426834,1.3135829634316538e-05,4.294986041232602e-08,0.012355639684217493,0.0017984886345912764,9.950165562145004e-06
9,9.969885807368215e-07,0.00043710308481913353,4.911799370580023e-05,0.7872808129678407,0.005345460346632079,0.08754544323818342,3.3776152603910247e-06,3.2108220277593276e-05,0.0009497476080860376,6.299202010769782e-05,0.0017596844424357528,1.0005640054840153e-07,9.863847875396851e-07,0.008863223277158768,1.9617563751533977e-07,0.015781064146402415,0.00030542068378882416,6.565895122777617e-05,2.5344491734031557e-07,0.0813768779265037,1.8405189789685796e-05,5.490209184779912e-08,0.008332039219986197,0.0017814014636790792,7.473651699520909e-06
10,2.6500248554565238e-06,0.0006187089551387969,5.854931332912379e-05,0.5919073352364704,0.016903985783539903,0.1682967305988799,5.27774030469309e-06,8.10091948432174e-05,0.002525589966953958,5.8894068433922214e-05,0.0050627370609011655,1.8788477062860888e-07,3.217656055222354e-06,0.014484232985057632,8.033234060684346e-07,0.03853434546371342,0.0013236239301114127,0.00017031680580542103,1.0579504944747252e-06,0.1477601499051524,2.987886503810376e-05,2.1522524993297222e-07,0.00904672736630851,0.003108826671013338,1.4948024172747188e-05
11,2.736780954830147e-06,0.0005930930238384133,5.81287599206846e-05,0.5884242413930426,0.01717494108915984,0.1597664406094268,5.361000309861524e-06,7.674812471600826e-05,0.0025805518875495793,5.714009210508362e-05,0.004809455908450918,2.1582697205513112e-07,4.2435647662731705e-06,0.014462533275867658,7.684283096381518e-07,0.038408367961493425,0.0014581108453650543,0.00017539754125772436,1.0510743610595954e-06,0.15972365200373387,3.2074929163892696e-05,2.1934497218263707e-07,0.008911815551447926,0.0032570489822059045,1.5662000608714773e-05
12,3.446416984051454e-06,0.0009385083611299474,1.0501718092215524e-05,0.4411909323967977,0.03382678018081389,0.1575865936440175,1.5159689521723132e-06,8.471006090305161e-06,0.0009447384917643825,7.810019051662362e-05,0.001053968199520312,4.811668163355676e-08,3.962088769641101e-06,0.07351256004674996,1.3183936136101622e-07,0.007175301951041484,0.00965904438494818,0.00045837569317898233,1.7675439097225553e-07,0.2600213659935221,2.7041197633486522e-05,1.0491613928267847e-07,0.012684998391541932,0.0007516431292781105,6.1688922083805e-05
13,1.2823849545657234e-06,0.0004072990705307962,4.403717364732102e-05,0.6985469823651845,0.01442263743844513,0.08707627575499509,6.170361118530636e-06,0.0001301720985541016,0.0014939069132236494,2.995317455125448e-05,0.01211506238495106,3.503542838610235e-07,2.911175413199642e-06,0.02390262863947668,7.235000115283026e-07,0.02291968518100629,0.0013317646122664006,0.00010526093209855671,7.823552019230232e-07,0.11799676889135745,2.9537984558851688e-05,3.354475007973765e-07,0.016720847967809038,0.002703039515482848,1.1584323376525711e-05
14,2.2650511638065546e-06,0.0002893712405787809,9.853398432314776e-05,0.6024384038880574,0.009501014771760194,0.20796695312395863,3.2254028228242333e-06,7.157529946140907e-05,0.0029691068536083325,3.213469707668692e-05,0.004164265155343614,1.7876489680522175e-07,4.074331027162999e-06,0.008090721973799186,8.718949456151431e-07,0.037276666301768006,0.0013287884078357036,0.00017080110585624938,7.820817376886193e-07,0.11610660754262773,3.7807417443427724e-05,2.0104850911157063e-07,0.006377480079176443,0.003054483709375958,1.3685872846027423e-05
15,2.6500248554565238e-06,0.0006187089551387969,5.854931332912379e-05,0.5919073352364704,0.016903985783539903,0.1682967305988799,5.27774030469309e-06,8.10091948432174e-05,0.002525589966953958,5.8894068433922214e-05,0.0050627370609011655,1.8788477062860888e-07,3.217656055222354e-06,0.014484232985057632,8.033234060684346e-07,0.03853434546371342,0.0013236239301114127,0.00017031680580542103,1.0579504944747252e-06,0.1477601499051524,2.987886503810376e-05,2.1522524993297222e-07,0.00904672736630851,0.003108826671013338,1.4948024172747188e-05
16,1.7807428288096782e-06,0.0006700409302409558,3.40555516680823e-05,0.6154698557943198,0.013425329642741207,0.09964418421232527,5.361808311185137e-06,9.198619599975603e-05,0.0019262898510005275,8.431477771433319e-05,0.0034236854378638312,2.5060266863472173e-07,3.1343977956275906e-06,0.016268929801808482,7.79668150253511e-07,0.0439543691266405,0.0013001663717907923,0.00015946394321635578,9.877018479683788e-07,0.192161999098707,4.1303474115340596e-05,3.0769094861005396e-07,0.008989488612758943,0.002327968756140139,1.396580839755549e-05
17,1.2223306059909994e-06,0.0004159375018530197,2.2797259186007e-05,0.6205410843263908,0.016822812327208742,0.07959793794871352,3.7882487752720657e-06,6.76571643017146e-05,0.0011421272778912096,4.0165201394372234e-05,0.004988145884763361,2.1625613480408566e-07,4.211956691633234e-06,0.02508893713890182,4.4286678125982245e-07,0.023740918017686234,0.00249829503281516,0.00012946023471755507,5.009261658194642e-07,0.20788277819027673,2.983266077672487e-05,2.6621512350613914e-07,0.015019589859364262,0.0019466262300176734,1.4248943462760812e-05
18,3.0857616591145956e-06,0.0005246340211062269,3.316466626721289e-05,0.5279839526054293,0.024252198900507716,0.12892729130228622,4.7592808660622715e-06,4.773956479485535e-05,0.0016345319318729552,7.473757265207044e-05,0.003326814454007541,1.9118057555342908e-07,5.936986759797444e-06,0.02680624929275471,6.068661342853744e-07,0.024717818578701495,0.003996202181303973,0.00036564320212380594,5.448279049404783e-07,0.24400487981684424,3.995630029778051e-05,2.642055387362034e-07,0.011330075076080826,0.0018810291691032843,3.7692254427156234e-05
19,1.788046828543189e-06,0.0005711146191859785,5.930740138507865e-05,0.6958243678385577,0.01314748774537962,0.09867435926251514,7.0239123378501974e-06,8.093847328841182e-05,0.002430058010837589,5.257961913942737e-05,0.0036684573243994587,2.6611774498944965e-07,3.246430069303171e-06,0.011034957379430417,7.254976654433954e-07,0.03887380703689388,0.0008731523772059461,0.00010975245891837718,7.233353734033357e-07,0.12491539876437745,3.1622577582506857e-05,2.010887707345873e-07,0.007288353208361204,0.0023380228832781593,1.2288590473370872e-05
20,1.772164021938585e-06,0.0004947893890525717,6.063924094434735e-05,0.6440340083069823,0.010946940962621252,0.1198870383791395,6.156461890389647e-06,0.00018943071660085803,0.0024314864166139834,5.436183671689868e-05,0.006888090789872009,2.9972858852754055e-07,2.7397452613305787e-06,0.012910862764892414,1.8501353217835614e-06,0.053603067990741465,0.0013561940737554423,0.00016113036294756493,1.450019157668182e-06,0.1364616368706248,3.7417417500573194e-05,5.738364573808253e-07,0.007993015112204179,0.002462098749796486,1.2948528294359409e-05
21,2.141910890288404e-06,0.0006369748039643105,3.76315144833174e-05,0.658607808938276,0.00911084934113924,0.09039747134142181,3.7538190720984232e-06,6.910696701255373e-05,0.0024119006528820885,6.595412512951725e-05,0.0023497656259134476,2.22885551469964e-07,3.092381733132343e-06,0.014021948857890732,4.259156053077766e-07,0.05176538392816051,0.0006655780590386728,0.00015306842861699478,7.156094277061262e-07,0.16274812078707854,2.211045380221964e-05,1.5680111520685801e-07,0.004503707240734496,0.0024134146101945243,8.695000865828346e-06
22,4.7776927485013465e-06,0.0004709983421474646,6.886197533577081e-05,0.525400442896826,0.016810569486533693,0.23580777064136918,3.3330989136897327e-06,7.613855340557832e-05,0.0025555358705670215,6.065090164091649e-05,0.006194389699014815,1.1523053978060638e-07,3.127921865036846e-06,0.012615441438095839,9.19387547619264e-07,0.03615890806027792,0.0028855435828590396,0.00044253750513362585,1.1297149601240325e-06,0.14849681513430035,3.167995412509069e-05,3.471643656997438e-07,0.008127121615068652,0.00376387599083544,1.8968141523096206e-05
23,2.6500248554565238e-06,0.0006187089551387969,5.854931332912379e-05,0.5919073352364704,0.016903985783539903,0.1682967305988799,5.27774030469309e-06,8.10091948432174e-05,0.002525589966953958,5.8894068433922214e-05,0.0050627370609011655,1.8788477062860888e-07,3.217656055222354e-06,0.014484232985057632,8.033234060684346e-07,0.03853434546371342,0.0013236239301114127,0.00017031680580542103,1.0579504944747252e-06,0.1477601499051524,2.987886503810376e-05,2.1522524993297222e-07,0.00904672736630851,0.003108826671013338,1.4948024172747188e-05
24,1.9840885487921657e-06,0.000685107472393918,2.795598819379786e-05,0.6524768163726665,0.01149312618851328,0.11061325630878607,3.134745929999101e-06,5.6776387371995815e-05,0.0014998840679718844,6.403454032240356e-05,0.002945959289207389,1.3986255277356343e-07,2.462661337600562e-06,0.020133694662949647,3.231465291345231e-07,0.028079484805978626,0.0011898262485593451,0.00014923813407238405,6.739991683515268e-07,0.16035485395052668,1.9889132842566315e-05,1.483029150929194e-07,0.007990263097580243,0.0022005871514478477,1.037939363353412e-05
25,7.887487353530872e-07,0.00036163433132280133,2.705635227847316e-05,0.7664714904584096,0.007587670758644022,0.056849076100345924,4.2787622611216075e-06,0.00017611587623494597,0.0007842036535009888,3.652274185341613e-05,0.008181563450840874,1.851742867150356e-07,1.1196395498239355e-06,0.01970726674341357,2.8011540105572925e-07,0.023214173587796906,0.0007056999788081324,6.878597297932936e-05,6.502637997941941e-07,0.10108759494711612,1.5769156736578578e-05,2.086411003033904e-07,0.012569985828596518,0.002143933149810593,3.945566177297537e-06
26,5.17997311349984e-06,0.0003614576578381435,7.06647934237956e-05,0.45931447970313394,0.0168802976950678,0.30395324840976234,1.9756711943484472e-06,2.7086035936439633e-05,0.002810241613531663,3.655573750932791e-05,0.004452913675367456,8.428819455721755e-08,6.114197004949627e-06,0.007379340607843011,2.447817573638944e-07,0.0255626393760362,0.001704243237782263,0.0002777343513708024,9.17168204640566e-07,0.16045301051608857,2.576927679040997e-05,7.903931571466695e-08,0.007694068281007677,0.00897164642595331,1.0007486771842194e-05
27,2.1884132812087596e-06,0.0005545141747455957,5.229613990183691e-05,0.6053837820493029,0.012919555315367206,0.16398427515756406,4.368207742998525e-06,0.0001037798031003019,0.0027286164440147036,5.108189240996634e-05,0.006117101985310193,1.975616291645987e-07,2.828839336770982e-06,0.01326587348424122,1.0778202302825755e-06,0.04526362997195412,0.0014011899845121772,0.0001733100715197864,1.323228777673349e-06,0.1366293307155592,3.0709192157763754e-05,3.554713648345884e-07,0.00806329349190668,0.003253482423962663,1.1838160106593406e-05
28,2.6500248554565238e-06,0.0006187089551387969,5.854931332912379e-05,0.5919073352364704,0.016903985783539903,0.1682967305988799,5.27774030469309e-06,8.10091948432174e-05,0.002525589966953958,5.8894068433922214e-05,0.0050627370609011655,1.8788477062860888e-07,3.217656055222354e-06,0.014484232985057632,8.033234060684346e-07,0.03853434546371342,0.0013236239301114127,0.00017031680580542103,1.0579504944747252e-06,0.1477601499051524,2.987886503810376e-05,2.1522524993297222e-07,0.00904672736630851,0.003108826671013338,1.4948024172747188e-05
29,2.6500248554565238e-06,0.0006187089551387969,5.854931332912379e-05,0.5919073352364704,0.016903985783539903,0.1682967305988799,5.27774030469309e-06,8.10091948432174e-05,0.002525589966953958,5.8894068433922214e-05,0.0050627370609011655,1.8788477062860888e-07,3.217656055222354e-06,0.014484232985057632,8.033234060684346e-07,0.03853434546371342,0.0013236239301114127,0.00017031680580542103,1.0579504944747252e-06,0.1477601499051524,2.987886503810376e-05,2.1522524993297222e-07,0.00904672736630851,0.003108826671013338,1.4948024172747188e-05
30,2.6500248554565238e-06,0.0006187089551387969,5.854931332912379e-05,0.5919073352364704,0.016903985783539903,0.1682967305988799,5.27774030469309e-06,8.10091948432174e-05,0.002525589966953958,5.8894068433922214e-05,0.0050627370609011655,1.8788477062860888e-07,3.217656055222354e-06,0.014484232985057632,8.033234060684346e-07,0.03853434546371342,0.0013236239301114127,0.00017031680580542103,1.0579504944747252e-06,0.1477601499051524,2.987886503810376e-05,2.1522524993297222e-07,0.00904672736630851,0.003108826671013338,1.4948024172747188e-05
31,6.182658498257392e-06,0.0006627527100471002,0.00012051810057133318,0.6351126766865989,0.016157946657864537,0.1460161354196515,9.655165633905925e-06,0.00020414496176361082,0.0019069297797958636,9.480375609423123e-05,0.004971087435961881,2.3986432696093426e-07,3.525652892165791e-06,0.019998286698291252,6.01636959653165e-07,0.03304190712443284,0.0011635408063730272,0.00027218005113009746,1.3145324742829619e-06,0.12909207919851234,2.6350131718012708e-05,1.6710391782225949e-07,0.008445825410924031,0.0026734840140368826,1.7664441529533132e-05
32,3.0897743699523443e-06,0.000693717711756534,6.234503789596147e-05,0.5673704698230033,0.017577019317856404,0.18762666705793288,5.556821732174703e-06,9.08927490353717e-05,0.0028051476185480067,6.336164202226783e-05,0.0055429256750290775,2.020992910082788e-07,3.4793157265046474e-06,0.014815561232663933,9.275630674055739e-07,0.04138515752257661,0.0013970573552855344,0.00018465135317439623,1.4135199073703493e-06,0.14787644924827079,3.193208731809105e-05,2.453941491161909e-07,0.008957007326806413,0.00348944185781919,1.528089476180943e-05
33,1.4653431497740565e-06,0.000438388523547571,2.856285297997095e-05,0.6034920895013536,0.01155311280106026,0.1379224343145603,3.001872467919513e-06,8.263037635818159e-05,0.0013016718144133888,5.5440622238434326e-05,0.005034798040532764,1.4873265318277634e-07,3.4746926129815454e-06,0.018554520221901256,3.5581761027587406e-07,0.03456032499582682,0.0019166299658281772,0.00013785887261078287,1.0034097594662609e-06,0.1700892149574044,2.6843405229009247e-05,2.4956225867503794e-07,0.011525775241474547,0.0032619913236003524,8.012738567788635e-06
34,3.5707743527035374e-06,0.0006933420806517948,7.004773312985015e-05,0.5641003507807653,0.018985009768693002,0.19472476449983034,5.735286299837635e-06,8.883889755093125e-05,0.0033654465238428578,5.513319032622657e-05,0.005632092156028609,2.1611017424436783e-07,4.005353848645666e-06,0.014153960110335212,9.447130025881624e-07,0.042155085362292226,0.001396454020379539,0.00019670336344057847,1.414313305011542e-06,0.14268608599221172,3.1971957710979046e-05,2.297141893046785e-07,0.007966272972285101,0.0036664936109253267,1.5830714428104054e-05
35,8.950368396364842e-06,0.000704460505038857,0.00010936668831293925,0.6541961857424111,0.015934148195471093,0.15810333784571257,8.550919986840199e-06,0.00015308847947680256,0.0044791983665222225,7.332683245896101e-05,0.004750257543542398,2.629070293515379e-07,3.45586699197097e-06,0.013337708679783422,7.851630661181672e-07,0.041215656597119205,0.0011835427188023404,0.0005320123241910649,1.4921543310885259e-06,0.09716066869371495,3.241844845664573e-05,2.530842659208172e-07,0.00444926096276922,0.00354425548461395,1.7355427534698473e-05
36,4.189511184234325e-06,0.000600982706192826,7.560326842426903e-05,0.5327464097677275,0.016326732586788736,0.10345240708927808,1.0726502537815174e-05,0.0004467146879523439,0.004528038526003503,4.6429513926011176e-05,0.006729822184648704,8.970396794202386e-07,1.1046127984636458e-05,0.018476518314261798,2.5796938296525334e-06,0.13066227445799747,0.0018804385047785524,0.00020279892672337666,3.138686787722775e-06,0.17754879732561263,3.432936380850228e-05,7.33052498043545e-07,0.0037795356969830443,0.0024130522340451805,1.5804230345798144e-05
37,4.658612196517217e-06,0.000489687249497621,6.6604650210072e-05,0.6615421871524888,0.013446677655760854,0.1421040599194827,4.398099305394255e-06,5.009982848534415e-05,0.0017889197827882525,6.827185608996283e-05,0.003537102195118313,1.2009138402501855e-07,3.013888126706161e-06,0.0110424568450271,2.3518905115604547e-07,0.02342293862233618,0.0008912402365586579,0.0002722365418717511,6.289346237364081e-07,0.12891711577685588,2.0694723355889414e-05,8.307562327988394e-08,0.0076486604437645996,0.004666661086291484,1.1247543705701097e-05
38,8.816795119037084e-06,0.0009025989274163148,0.00015102564330234013,0.33289822036409,0.026929039574324826,0.424115527452442,9.164158692791954e-06,7.199152632906003e-05,0.0054229546893893275,9.147773137721162e-05,0.004829747904544269,1.9763113396281347e-07,5.4712130321790755e-06,0.00941818545625293,1.6297615257356906e-06,0.0654550799117089,0.0008577394558018489,0.000223872687023178,3.02901827070941e-06,0.11718122377570202,2.560095747705879e-05,1.4466672045106442e-07,0.005574904788593093,0.005798864654475044,2.3491255255591145e-05
39,2.901702520243973e-06,0.0002732886297403185,0.00012849241921883943,0.42984995068949355,0.010556580619289095,0.33391853679975625,4.4559021017087945e-06,0.00014392266117709858,0.002992332544949705,6.013903345106327e-05,0.0043831561926523386,1.9266528537851932e-07,5.988021113348293e-06,0.006296420325295506,1.327024652026761e-06,0.06643342576530503,0.002157871982677559,0.00020823605017183204,2.2877699045228917e-06,0.13198981101459406,6.220822063374855e-05,3.5235437551415095e-07,0.006449324442597317,0.00406523128853977,1.3565880504296275e-05
40,6.3016366208211885e-06,0.0009856808504942669,0.00016232745070171096,0.46204793803248695,0.037124818309916124,0.27136315212646217,1.2890109666260167e-05,0.00010430245628879614,0.0062169991069362775,5.729352262943656e-05,0.0073550113745068455,4.1925405753600044e-07,7.351213561924531e-06,0.018723989702992737,2.680394596773736e-06,0.0467393119437085,0.0015267458092530256,0.00020798929213968446,1.8477782605480475e-06,0.13505411951133,4.16667880442351e-05,2.93850951139059e-07,0.008961323271215202,0.003254331100772201,4.1215112406909394e-05
41,1.1370507533193597e-06,0.00046421772774791245,3.162189820529076e-05,0.675653387926311,0.006654109382635443,0.14734101220812001,2.89825448748136e-06,7.72473994906821e-05,0.0008846350387317505,7.682089122321534e-05,0.005112689133581314,1.1096768392205011e-07,1.2859805003166212e-06,0.018173146318633985,3.703261873681645e-07,0.020265748657678242,0.0012098611355148923,0.00013478357765042798,9.542164056105225e-07,0.10757004747185712,2.8761441585106796e-05,2.4441388184994446e-07,0.0136491511898003,0.0026575132228425333,8.244168490858274e-06
42,1.621419844482076e-06,0.0003480433390218368,6.648717780329275e-05,0.553756667769037,0.0062301144547267685,0.16967382129003594,4.018246527568167e-06,0.0002524871527753948,0.0023794376916448285,6.084653317802574e-05,0.005757114869811385,2.7693736383196604e-07,3.7368932682917223e-06,0.00831760425778183,1.5606346507651501e-06,0.09915237407310258,0.0013786808289626836,0.0001486509681222397,2.831801008449227e-06,0.1436311112171718,4.254755682528951e-05,6.111161709284588e-07,0.005292178886365908,0.0034900901047564816,7.084780042436425e-06
43,1.5237461181487368e-06,0.0004471182843602136,4.133521593632056e-05,0.4674026750587951,0.008695687436620154,0.211702397329496,3.223816215127292e-06,8.168629452206572e-05,0.0011726547405320584,0.00019790862855589717,0.002430694093422337,9.726518253456052e-08,2.7842832521046602e-06,0.013396109862512788,4.895205082733512e-07,0.04549978446236694,0.002312613017148767,0.00023518302160026094,1.324519759162447e-06,0.23323646268824855,6.276031322916345e-05,3.4794437324943655e-07,0.01029893730687308,0.002764215683109885,1.1985467261837488e-05
44,2.6500248554565238e-06,0.0006187089551387969,5.854931332912379e-05,0.5919073352364704,0.016903985783539903,0.1682967305988799,5.27774030469309e-06,8.10091948432174e-05,0.002525589966953958,5.8894068433922214e-05,0.0050627370609011655,1.8788477062860888e-07,3.217656055222354e-06,0.014484232985057632,8.033234060684346e-07,0.03853434546371342,0.0013236239301114127,0.00017031680580542103,1.0579504944747252e-06,0.1477601499051524,2.987886503810376e-05,2.1522524993297222e-07,0.00904672736630851,0.003108826671013338,1.4948024172747188e-05
45,2.8901160223221685e-06,0.0005191174432272179,8.819141676459558e-05,0.5792251812354235,0.014877637228877442,0.1794810232873826,6.8888847295335674e-06,0.00014298147237503097,0.0032056542593212507,5.665867908578813e-05,0.0064376501415142695,2.39311235989399e-07,3.2896297273890204e-06,0.010068514285572566,1.5401390090044815e-06,0.06315311175439901,0.0010826738732199043,0.0001672803250506059,1.5564304668991507e-06,0.13092360319319712,2.851237526955434e-05,3.0581254006933183e-07,0.007003639747177717,0.003508307038969015,1.355191944155803e-05
46,4.833965781986145e-06,0.0012586039479893045,9.170537157001242e-05,0.5855308111396442,0.02956468169086488,0.16245040382376372,1.3023354663435328e-05,0.00010644288478968578,0.004406479703681807,9.278412154855223e-05,0.005414484057267845,2.6613781202628055e-07,2.4533195546325e-06,0.017695214023198173,1.1840809605124882e-06,0.046924208112930035,0.0006105551580638528,0.00019116297446638588,1.2833206334388487e-06,0.13425227537311607,2.623098457994844e-05,1.5617888550845248e-07,0.008277293687560546,0.0030623545914797846,2.1107995193696904e-05
47,5.715116879659847e-06,0.0005459538609533882,6.908278260073218e-05,0.41906656397704867,0.02290278132109964,0.1818812178500544,5.1677320467063536e-06,7.412293511353856e-05,0.004932370959486447,5.2806987930866314e-05,0.003132314363905493,2.977467218626006e-07,1.307820596870479e-05,0.009131706252825595,1.2041412131368495e-06,0.0964289211481761,0.002084284557499772,0.0002681353399852052,1.628970555713405e-06,0.2511337540020064,3.8563620651335295e-05,2.3539889874952085e-07,0.003965739478552142,0.004244675438500169,1.967781132573146e-05
48,2.840606669455825e-06,0.0010724394557564782,2.9877037519784726e-05,0.4525313482145719,0.014223386664760595,0.31480716795767033,3.0938594137323546e-06,9.384905891923286e-05,0.0017202697800808302,8.066496747245153e-05,0.0072787794869170665,1.1317536518873598e-07,3.245928633050514e-06,0.022997243267991622,3.743758790924868e-07,0.033690459455278425,0.001907164697616048,0.00014125284998226542,4.4762023077995555e-06,0.13299921547727284,2.3389720111122993e-05,2.2169484984636806e-07,0.010519123565742777,0.005863394152120803,6.60834709729489e-06
49,1.936370400181215e-06,0.0004450895577651849,5.990810077603056e-05,0.6412279919935042,0.010724841267001652,0.15336952038328766,4.0181173291460355e-06,6.073529578194655e-05,0.0019148171345361644,5.361365167422557e-05,0.004043021350257858,1.8094350022884585e-07,3.1092063095190048e-06,0.012874442087825542,6.091711174632075e-07,0.029292044418079095,0.0011059926581076724,0.00014820961644749895,7.132436405952772e-07,0.13258955890498145,3.0175721558907677e-05,1.8300833397350144e-07,0.009171775534968514,0.0028636968644600706,1.3815398355143474e-05
50,3.5387311443035804e-06,0.0010846436228587923,8.12388670213219e-05,0.585530320710648,0.02645601621781217,0.11581827770097768,2.5785790433225256e-05,0.00024925590772149106,0.001135124203935102,0.00025506627984463165,0.005236585303059189,3.4393716705108566e-07,2.7352427306294635e-06,0.038921351238759186,9.551283337699218e-07,0.034504349736240524,0.0010242997779352021,0.000167780941172379,1.3967728287137985e-06,0.16918830030433235,2.932051575637662e-05,2.28032212575745e-07,0.0185302594872648,0.0017210631616125475,3.176238819793931e-05
51,2.814111306608341e-06,0.00012480862993566465,0.00010928533875827975,0.12378401319191602,0.06819663551392333,0.3716607751072849,7.896496326093689e-06,3.3408340536717846e-05,0.0029340152111838325,4.9360360232631914e-05,0.004470048530839193,1.4249958780157681e-07,1.972945469124001e-05,0.0037013454092026765,1.1692364656600593e-06,0.09430311488583241,0.0020652795614504115,0.00011788352134638139,1.0246876155681607e-06,0.30789818318268153,5.1380284687947525e-05,8.93284445620344e-08,0.0133717409103495,0.007068790965903428,2.7065239497703258e-05
52,1.0247241479963584e-06,0.000769140460092992,4.287642743945838e-05,0.7301167714558012,0.01659566955349408,0.07275161233120088,7.819639059883173e-06,7.786137060058622e-05,0.0014389180185983672,3.766366193933581e-05,0.004232783990662639,2.446355122509205e-07,2.2707642493313476e-06,0.012604108594660157,4.1844030331823623e-07,0.02381193556688782,0.0006242664156682509,3.379396188528647e-05,6.508222447315478e-07,0.12232841304544789,2.820176946306304e-05,9.600800588688257e-08,0.012424755361638364,0.002060658643395428,8.044337600831562e-06
53,1.3939344319892466e-06,0.0006344869884532065,6.546962508828386e-05,0.643995102464014,0.0293483944437971,0.07196804366657736,2.2158318944148416e-05,0.00013922752840086095,0.0020477047310841806,7.016626134575068e-05,0.006846532027798178,4.4875664719336017e-07,3.032589138897174e-06,0.01523907171344727,1.2576617533539042e-06,0.04352736226787392,0.0005628530958719842,7.030896935307733e-05,6.927832855650318e-07,0.1676340745260214,2.8849325791815212e-05,1.806384705674821e-07,0.01547125802561387,0.0023038065838997105,1.8123072896272696e-05
54,4.983643388319906e-06,0.0017774370688010389,7.479014580225148e-05,0.5275552128078479,0.02501880964207915,0.21300384368080327,9.557653051347474e-06,7.676144297029925e-05,0.003424932182808071,0.00012358060388575223,0.0035128860541470664,2.4204135095807096e-07,2.5149218364562093e-06,0.02605215717997735,2.0352619645457424e-06,0.046674162296491364,0.0008772104658561656,0.0001684220099497372,1.4290038773586208e-06,0.14176785904465228,2.2489624533204013e-05,2.0359116265003152e-07,0.00803277625615044,0.0017762388243793032,3.9464552233843954e-05
55,2.9688100016683327e-06,0.000613371864306388,6.231347078261757e-05,0.5992289738533217,0.016794899898249293,0.1654200765144732,5.444249484777875e-06,7.680102292003623e-05,0.0030682528368299036,5.348319489100597e-05,0.004725878447290689,2.1693978773013123e-07,3.849517145343149e-06,0.013197669370281832,8.124951647778743e-07,0.04098696393397089,0.0012445746119624718,0.00018259711054472217,1.0703681384220375e-06,0.14335938618126043,3.09007363993226e-05,2.0635156744744133e-07,0.007609908345948136,0.003314234471912982,1.5145403364053393e-05
56,2.8582332710387383e-06,0.0006124586307343369,5.969845089157519e-05,0.5839920768157469,0.0174161653908341,0.16604628120210987,5.451255026270298e-06,8.013441127218839e-05,0.002645699983486753,5.6919030222695686e-05,0.005094130156977875,2.2058916845760605e-07,4.207904092370791e-06,0.014875500569767162,8.153558501220802e-07,0.03843468963298142,0.0014629377909480114,0.00017676476394180992,1.1336503818609704e-06,0.1566788019746703,3.1823094996665126e-05,2.2655684950825295e-07,0.008979649924472416,0.0033254158936453994,1.5938737660709827e-05
57,2.3969231265813336e-06,0.0005766043983692985,5.032069427823179e-05,0.5247333550823349,0.017056641517018634,0.1344052727910566,5.597714746895779e-06,0.00010418574877008256,0.00310421910126916,5.4489063921481084e-05,0.003933209740705095,3.4354673138239845e-07,7.652057366655394e-06,0.014039468759925072,1.0966170276822347e-06,0.06505445833121411,0.0016803895213453985,0.00014640820431991995,1.3994580968473336e-06,0.22546924339046548,3.68712141994614e-05,2.891121941988588e-07,0.006685809171902942,0.0028348574134399516,1.542042617397971e-05
58,3.1444375197612753e-06,0.0005584476417883518,6.53817916598854e-05,0.5783037574777969,0.017075838615671895,0.1876462221864372,5.154969121432961e-06,7.46109024810201e-05,0.0028602045300435406,4.962718473917207e-05,0.005841988855006627,2.1276725529629537e-07,4.340675849060903e-06,0.012647423475632736,6.797751577607328e-07,0.03886807657669257,0.0012129936607760045,0.00017114099282122656,1.253130257156529e-06,0.1409701928288167,2.9829721610700297e-05,1.8439540236424752e-07,0.008932218412877746,0.004664196737946703,1.2878256638174126e-05
59,2.639288583502477e-06,0.0005235230587874423,6.80019461394721e-05,0.5888729978430204,0.015190911798151194,0.18185035320625642,4.752898602867311e-06,7.216985612281342e-05,0.0025881533979473406,5.123098464938881e-05,0.0054705268070650995,1.7848357311805507e-07,3.401207354289946e-06,0.010976594727638922,6.78654603460767e-07,0.0379295023750197,0.0010727682731336411,0.00015267185250693766,1.084418593172608e-06,0.14179859463554995,2.9497975642265778e-05,1.7295596214758707e-07,0.008995488199332201,0.004332401743913194,1.1703411851035485e-05
60,2.6500248554565238e-06,0.0006187089551387969,5.854931332912379e-05,0.5919073352364704,0.016903985783539903,0.1682967305988799,5.27774030469309e-06,8.10091948432174e-05,0.002525589966953958,5.8894068433922214e-05,0.0050627370609011655,1.8788477062860888e-07,3.217656055222354e-06,0.014484232985057632,8.033234060684346e-07,0.03853434546371342,0.0013236239301114127,0.00017031680580542103,1.0579504944747252e-06,0.1477601499051524,2.987886503810376e-05,2.1522524993297222e-07,0.00904672736630851,0.003108826671013338,1.4948024172747188e-05
61,2.7480501930153906e-06,0.0005483048147711148,7.001638266829362e-05,0.5962972289409588,0.015572108637592189,0.1763625001398139,5.273252311023836e-06,7.494819157011975e-05,0.0026063459330998985,5.464965693797289e-05,0.005404792693036047,1.9393841714966826e-07,3.533263992682033e-06,0.011572101448850607,7.230097349867285e-07,0.036631894332125096,0.0011013411774252679,0.0001609927711085803,1.0895394069704477e-06,0.14017960689746803,3.0748311896669466e-05,1.8453102310330179e-07,0.009185732785126846,0.004119941416096074,1.2999884375533713e-05
62,2.6500248554565238e-06,0.0006187089551387969,5.854931332912379e-05,0.5919073352364704,0.016903985783539903,0.1682967305988799,5.27774030469309e-06,8.10091948432174e-05,0.002525589966953958,5.8894068433922214e-05,0.0050627370609011655,1.8788477062860888e-07,3.217656055222354e-06,0.014484232985057632,8.033234060684346e-07,0.03853434546371342,0.0013236239301114127,0.00017031680580542103,1.0579504944747252e-06,0.1477601499051524,2.987886503810376e-05,2.1522524993297222e-07,0.00904672736630851,0.003108826671013338,1.4948024172747188e-05
63,2.652942936138052e-06,0.0007357242980151193,5.465068299253989e-05,0.6007715072476688,0.01666695845010944,0.16397483728959802,5.095405341928549e-06,7.325911137467439e-05,0.0024912280261320616,6.158343450241447e-05,0.00473049682295479,1.8784087972831104e-07,3.0633823466161134e-06,0.015488809116021404,7.88967430721362e-07,0.03539434220904469,0.0012910693532565492,0.00016054189308469004,1.079188307093322e-06,0.1459446087679021,3.0125301107406106e-05,2.1241265213270382e-07,0.009143448762778027,0.002958474415204284,1.5254678358598388e-05
64,2.0535276237046614e-06,0.0005760733498534132,5.3829424430873384e-05,0.598156719310281,0.01449741291627859,0.16255520845060606,4.711816651158255e-06,6.807742086825701e-05,0.0023649723260620713,6.063100087476625e-05,0.00430716397493952,1.964095804570795e-07,3.507328905719397e-06,0.013332291458298144,7.423382546935804e-07,0.03556935942162664,0.0013765586148666792,0.00015158312402687544,9.930904334313473e-07,0.153831502136668,4.001823012581429e-05,2.335772554387647e-07,0.009896033564807834,0.003135844237808149,1.4282948872520695e-05
65,4.196467763247001e-06,0.0006402954563239165,6.344345564163743e-05,0.538652667052685,0.0213664160747875,0.2214481584598526,4.384000210485904e-06,6.406129425763572e-05,0.00540381007471764,3.3903536435916524e-05,0.006578738714871298,2.236242280715389e-07,5.190637048145897e-06,0.011530921844988867,1.0161362323416944e-06,0.05060614063680989,0.0015535397620583971,0.00022523580656551683,1.473521622844793e-06,0.13071071653918903,2.9907721783318078e-05,2.449555086537868e-07,0.006145232331444771,0.004915533432811579,1.454846216168875e-05
66,2.483872048931967e-06,0.0006605219325299661,5.4342611400923646e-05,0.6281065508883236,0.01542440393879326,0.1516130045048558,5.4418067150263775e-06,9.093761498383512e-05,0.002509429471321267,5.4892938207765284e-05,0.005272553973801469,2.061106322527908e-07,2.7842421556569093e-06,0.01628552687284133,8.476806173382902e-07,0.03790385455628801,0.0012117690830592035,0.00016033047011817394,1.058754972036746e-06,0.1293645263492453,2.7389809697745767e-05,2.3715786594831005e-07,0.008533108815490414,0.0026994411175146338,1.435542652024406e-05
67,5.417659374850899e-06,0.0012105301852292155,9.713303860933527e-05,0.5775326552372957,0.028409317767558884,0.17319152636853977,1.232614033106488e-05,0.00015858696410043667,0.005548454219741596,6.907619526227215e-05,0.007428771951899997,3.1538617866063337e-07,3.0216857200750404e-06,0.014627294199341589,1.99683265097954e-06,0.05909988401308099,0.0010666671860461007,0.00022156757718075216,2.1000589702231585e-06,0.12137984384001416,3.3197147645041694e-05,3.2767930220783773e-07,0.006597137502578646,0.0032828596733703364,1.9991489977226722e-05
68,1.4292656779153416e-06,0.0001899243067757805,5.587330197642859e-05,0.8235320523131475,0.0031006640742666605,0.08298234751475204,1.7732763216084399e-06,3.531808877087372e-05,0.0009778977473409935,3.347161192021631e-05,0.0018463199083570286,1.0098317919090692e-07,1.4634139541166843e-06,0.008773503692540563,6.977434757259646e-08,0.010842161328535741,0.000502007933786508,0.0001633784286534456,2.0215228879179577e-07,0.059366937940792334,2.713985476450244e-05,5.561235972671287e-08,0.0053669502857437695,0.002193858368725208,5.098821021534264e-06
69,5.910799533536238e-06,0.0009753825030861584,7.490679173631337e-05,0.5113952829792175,0.023946786652957464,0.24068306630148775,6.6964687221552095e-06,9.351989684846893e-05,0.004711924805483219,7.83218857752989e-05,0.004470889738660642,1.9782937128184655e-07,3.6008290412124275e-06,0.019245911093144975,1.5030785387709738e-06,0.050384565726216836,0.001961487332460241,0.0003537898064469623,1.535911598977677e-06,0.1333526579132757,2.970665036442665e-05,3.293614255969118e-07,0.005837662683010221,0.002355675327555768,2.8687634040364497e-05
70,2.5834952817623018e-06,0.0010268515111392076,5.2386978446830315e-05,0.40500608811421057,0.026501262006552718,0.3901569789088046,6.1456887085971e-06,5.630581496732963e-05,0.0025495733975854566,5.895709374792365e-05,0.01623463274257997,1.617301850496726e-07,2.4662295944480175e-06,0.01657245746553264,7.80482000862882e-07,0.02352870872334558,0.0017526354478404778,0.00012258984952203552,4.022165395583961e-06,0.08628881056926381,6.41167795822495e-05,2.842238323417889e-07,0.02136437181687666,0.00863464715959633,1.2181605406970861e-05
71,2.8657818869795024e-06,0.0005971535873233018,7.041288037660783e-05,0.601161425812495,0.014841582628905161,0.1944780768357417,5.397013968530265e-06,8.972933793710267e-05,0.0027469073246524306,5.6341221394875965e-05,0.005897475142034465,1.910678676668758e-07,2.867046092892392e-06,0.01373509125164026,9.164995638941318e-07,0.03763789922327537,0.001297617081016631,0.00018702569774411566,1.2472500938663074e-06,0.11524935228311887,3.13501364645892e-05,2.543320284064497e-07,0.008582319929083608,0.003311795586797371,1.470504849633859e-05
72,1.964850783226835e-06,0.0009018503175669753,3.5748554698310536e-05,0.5714914099646514,0.02315866458559279,0.1625091378086805,4.548196155828656e-06,5.616159890858409e-05,0.0015848433402517548,7.053611241470453e-05,0.0053068238735111,1.1301633048088704e-07,1.7089390108752683e-06,0.021873076624067348,7.892028739236658e-07,0.02513149077857678,0.001462143087381501,0.00012032397018205799,7.731947174567531e-07,0.16768425746288787,2.246156044674176e-05,1.8179488508847757e-07,0.016403686701755293,0.002158109502536034,1.9194961133261625e-05
