,0,1,2,3,4,5,6,7,8,9,10,11,12,13,14,15,16,17,18,19,20,21,22,23,24
0,0.00188686608801561,5.602883346071253e-05,3.106595127668765e-05,0.7292412450614395,0.028668433352851016,0.039916573752635735,0.0019430392097604333,0.0008991847145195726,0.037508393159817674,0.010145982999654498,0.024853064764003847,0.00034669876983037425,2.0288983819809486e-05,0.0028752320566444727,0.0009460506317993874,0.004582774164837153,5.770146607177035e-05,0.03296481512758602,0.0001035811944634004,0.0027580959049728483,8.889219601579922e-05,4.695837616854593e-05,0.07654764414168069,3.591430728662368e-05,0.0034754747913876946
1,0.0017323921127081017,2.006575564615291e-05,2.8499031099320228e-05,0.8204157722140167,0.01936299595591127,0.027382395243976176,0.0010148228929030454,0.001021176398266886,0.04613203548283907,0.011810096098473144,0.01392529274421705,0.0001221531734211781,2.6338520471714864e-05,0.0006582095739268256,0.00028718506537011706,0.005669163512732783,2.895519323032366e-05,0.014925839406700229,9.442069482933383e-05,0.0020995383463113656,3.359428261304422e-05,1.989851402129304e-05,0.03234302331480359,1.648272652659648e-05,0.0008296537449844988
2,0.0017317677326013775,3.3805832019067615e-05,2.96786628969745e-05,0.7304697732723862,0.02965598348986323,0.022214567272323002,0.0011903046453468884,0.0013097068778714922,0.05168513519366666,0.014646619386248226,0.03807653878444759,0.00023938206974330036,2.3844984132008447e-05,0.0020937038937551664,0.001035217090591934,0.002990550014447443,3.500995613781293e-05,0.02547198269077655,6.0659850783441984e-05,0.0046004575797108935,5.7247660893403334e-05,2.2400111973816326e-05,0.06975897120524703,1.9482517135710096e-05,0.002547209225000794
3,0.0014983944793809162,2.5945603007393387e-05,1.998814333847172e-05,0.8118978150555786,0.016561438475491658,0.028794268047390534,0.0013708783475778665,0.0008747538029387395,0.030456931442767125,0.008874760085843522,0.01577622410535006,0.00018736583077424323,2.123753372020224e-05,0.001249730628558432,0.00043279924286672395,0.004538552592923203,3.751478826001042e-05,0.02475417222741593,6.824266189684102e-05,0.0023390555416804085,4.825728755312976e-05,2.701924253253551e-05,0.0486862916405765,2.3100669747637777e-05,0.0014352625228293673
4,0.0017014364049601368,2.4454020225475324e-05,2.0424696708528688e-05,0.8109031071316903,0.01701547890783816,0.02900124466003976,0.0014340405634392286,0.0009156809801715532,0.027370875094389,0.009278211603414908,0.01502017383022229,0.0001820021327286771,2.8169105783570452e-05,0.0014202592609393542,0.000397701522779948,0.005099866333210013,4.0138447732157435e-05,0.028295816144989543,7.981435443391606e-05,0.002622804044205787,4.5563759036067713e-05,2.4264454244694417e-05,0.04772054168110894,2.797203733986836e-05,0.0013299588283682685
5,0.0011041441052613552,2.1342575979154474e-05,1.1132745619382628e-05,0.8489168476295538,0.010208405406853832,0.024372489304977766,0.0008651274041882984,0.000659591431083129,0.019508603448716237,0.005865772656064104,0.012203822296513088,0.00012068960902569889,1.7180131280613985e-05,0.0009299329209667595,0.000320078248966424,0.003938206039933208,2.71873549375077e-05,0.029406182107836455,5.350610801168863e-05,0.002009557904391513,3.477479007277821e-05,2.0449729482203427e-05,0.03847053701352159,1.664071343135343e-05,0.000897798323332205
6,0.0014983944793809162,2.5945603007393387e-05,1.998814333847172e-05,0.8118978150555786,0.016561438475491658,0.028794268047390534,0.0013708783475778665,0.0008747538029387395,0.030456931442767125,0.008874760085843522,0.01577622410535006,0.00018736583077424323,2.123753372020224e-05,0.001249730628558432,0.00043279924286672395,0.004538552592923203,3.751478826001042e-05,0.02475417222741593,6.824266189684102e-05,0.0023390555416804085,4.825728755312976e-05,2.701924253253551e-05,0.0486862916405765,2.3100669747637777e-05,0.0014352625228293673
7,0.004860119596754813,1.4565546948388234e-05,4.257634981232596e-05,0.8616922644387869,0.019812800691233583,0.009308760532144168,0.0017041919492240853,0.0017494347203876753,0.02821266495282521,0.022839924127019583,0.020195964407125996,0.00011084278776400472,5.9174199472166045e-05,0.0009662142054935772,0.00019237972713193575,0.0033042768427919856,4.175390178754322e-05,0.007393472279979928,0.00010326211823663483,0.0024510768910919437,1.1450313299890174e-05,2.011644837185011e-05,0.013758869692428597,2.4483634198708166e-05,0.0011293596456884735
8,0.003224729095802468,2.0177432855557756e-05,8.22320513834028e-05,0.7784644043512434,0.019382792651537945,0.015361364283111538,0.0021786084572216606,0.0010061251663087798,0.027888505997078435,0.025387891053602552,0.018090230809592225,0.00030823410240151403,3.6513311898037685e-05,0.002634938535453966,0.0004115107577150115,0.0035175201600916514,7.001912927363232e-05,0.007750223219324449,5.855488559847514e-05,0.0035533749039818605,8.391250733328231e-05,2.4026531210754922e-05,0.08704877863205858,7.098946763623874e-05,0.0033443425062845335
9,0.0021116273872859065,2.0872279278744763e-05,3.1641659562461685e-05,0.7974918635813861,0.012712888905159805,0.013997063736911444,0.00134884356019054,0.0008393455170432814,0.025085058326173904,0.01785421097901809,0.02062158461179763,0.00021935397464615362,1.920285607882122e-05,0.0021483183843629228,0.0005534144982649281,0.002280288730063266,4.161802065024858e-05,0.010569433297010072,3.7827431625873425e-05,0.0027311809626034992,5.704043189175558e-05,2.0651281829357583e-05,0.08624381693889416,3.822434940266487e-05,0.0029246282988681796
10,0.0014983944793809162,2.5945603007393387e-05,1.998814333847172e-05,0.8118978150555786,0.016561438475491658,0.028794268047390534,0.0013708783475778665,0.0008747538029387395,0.030456931442767125,0.008874760085843522,0.01577622410535006,0.00018736583077424323,2.123753372020224e-05,0.001249730628558432,0.00043279924286672395,0.004538552592923203,3.751478826001042e-05,0.02475417222741593,6.824266189684102e-05,0.0023390555416804085,4.825728755312976e-05,2.701924253253551e-05,0.0486862916405765,2.3100669747637777e-05,0.0014352625228293673
11,0.001734743065215548,2.3988708943593712e-05,2.1187076371712427e-05,0.8092963337122071,0.016234146172648074,0.029209035950561686,0.0014825145427346744,0.001072362214503307,0.03110302688119643,0.010361514005088513,0.015015842966656737,0.00019089155398988248,2.9400243832964704e-05,0.0012435844537020202,0.0004023663914625692,0.005177694547690049,4.274325198846977e-05,0.026773624792453925,8.033042505524862e-05,0.002587652252736499,4.458149693429804e-05,2.6767366786276237e-05,0.04650003669813014,2.8290016825269553e-05,0.001317341212284954
12,0.00023089769633253765,4.257022354070077e-06,2.3166638391023144e-06,0.15082960187984212,0.10184932654000341,0.028788449250117604,0.0018373272354878093,8.942171976395852e-06,0.006449679368542045,0.0011105190914225244,0.006069631691142906,7.332239297003864e-05,4.36675825791444e-06,0.019720971059958892,0.0001245989123222817,0.0014606366024683614,1.961806567416103e-05,0.1228693065840352,8.892286025344635e-06,0.007324547853370967,9.107788284135304e-05,9.546060232224343e-07,0.5470911740119017,3.068311073322614e-05,0.003998901262356823
13,0.0017332138535428485,1.4916350394939413e-05,3.1332063784693304e-05,0.7906484668875993,0.014880784701383126,0.00881125184796037,0.0010308125861701498,0.001029937775343787,0.021574292703166926,0.009543751035620192,0.05860438441657509,0.0003530170845468667,2.1677957081819074e-05,0.0032322188587182656,0.0008934729218386402,0.003226439238990685,2.8311306365120942e-05,0.02145042392757013,2.764691494767661e-05,0.00420667220747519,6.030963714189986e-05,1.549018954139463e-05,0.057068111616980916,1.2771754360237423e-05,0.0015002921628999592
14,0.0008168381375736926,3.363439615275407e-05,1.3688645958311758e-05,0.8355054653263223,0.018404782209754996,0.028330664697437176,0.0005523472910476687,0.0004669452694060703,0.019045089246347846,0.005367404002874178,0.017880822857074194,8.906879845254663e-05,1.886071941442233e-05,0.0009235648779690666,0.00036723820816079186,0.004224551362333423,1.8750351993734834e-05,0.03546188815085983,8.563939866815975e-05,0.0025723909698075636,2.843122300914955e-05,1.7356820739666687e-05,0.029059923593329148,1.0090413455971887e-05,0.0007045630318571243
15,0.0014983944793809162,2.5945603007393387e-05,1.998814333847172e-05,0.8118978150555786,0.016561438475491658,0.028794268047390534,0.0013708783475778665,0.0008747538029387395,0.030456931442767125,0.008874760085843522,0.01577622410535006,0.00018736583077424323,2.123753372020224e-05,0.001249730628558432,0.00043279924286672395,0.004538552592923203,3.751478826001042e-05,0.02475417222741593,6.824266189684102e-05,0.0023390555416804085,4.825728755312976e-05,2.701924253253551e-05,0.0486862916405765,2.3100669747637777e-05,0.0014352625228293673
16,0.0009784091578724408,1.1211277955976005e-05,1.6432620266513303e-05,0.7767856437829067,0.011633288001514747,0.026275450550098174,0.0012747082937460445,0.000697986045549852,0.010518898705118301,0.005374212622215209,0.019378350097082803,0.00030986926563475,3.0282056812498142e-05,0.00264629504515563,0.0004986075413374633,0.008697021958098702,3.0304157088429046e-05,0.07367749214294281,4.5042433065652776e-05,0.004422168590154301,9.043204822998342e-05,1.4354366039819057e-05,0.055983666048127205,2.3915600041568374e-05,0.0005859575929445579
17,0.0022935469237359484,1.4259743363975002e-05,2.2089304105761767e-05,0.8572386743185944,0.017866546965556552,0.009816797540437312,0.002617667982538554,0.000795226572044332,0.021952223813782243,0.0056939208716929,0.0199016188393222,0.0003173691218969338,2.0015445582501273e-05,0.002510492429971174,0.0002699757480649773,0.0030840710828733482,4.359763155854991e-05,0.012348601233423805,2.4114771483047808e-05,0.002279914985085452,3.909393250053094e-05,2.3495299617331343e-05,0.038584132099609765,1.9344785893482927e-05,0.0022232085572651077
18,0.004034940844764306,5.1279523363800406e-05,1.4271456607132027e-05,0.6844625122597855,0.030751149163717788,0.027036873328466327,0.0034775567681112206,0.0006925643698298206,0.04690129873576421,0.012096643968737853,0.023777309810562683,0.00019898631053553143,1.9116707933351146e-05,0.0034007681931429467,0.0005547589046280132,0.002209394258121496,0.00018026507962703062,0.03884956838847393,0.00010663971293614746,0.0027156863266708238,4.450069512661693e-05,6.298302075052129e-05,0.10781934840074134,5.6690186946187e-05,0.010484893584655455
19,0.0015875868542996124,1.5818120094374e-05,3.265699098875916e-05,0.8209475401859662,0.016614790095772006,0.0323124972394032,0.002504226163275758,0.001517270330815775,0.04206789255409888,0.020330727324294275,0.011702467370137812,0.0002871471073937831,3.273446663183436e-05,0.0007037191231882181,0.00026133473362413,0.004558455183301491,4.393930582040633e-05,0.009922323344116562,5.524230343742848e-05,0.0023932336960178573,3.718317843851176e-05,3.8150962397636646e-05,0.03052630141872141,3.016843232675945e-05,0.0014765935154372825
20,0.0006113522169528811,5.1058819362097666e-05,1.5034681651250038e-05,0.8427206844819055,0.00588806601608485,0.02968720026080678,0.0006231704255833665,0.0013917613824267691,0.022336750153769815,0.0056391828573989925,0.01844500035299179,0.00033770262849329235,1.16666188155048e-05,0.0007937452911588552,0.0011447232659878414,0.003945457015770106,2.243413791933868e-05,0.028153597300773322,4.321284166112622e-05,0.0016480255466560562,7.373033770969674e-05,5.748889285421476e-05,0.03536579127677403,1.2429574849059918e-05,0.0009807336216432507
21,0.0010068241350848486,1.075504810220469e-05,1.1615462516745909e-05,0.8826466081012372,0.008346340871058523,0.010965474466498744,0.0005842382688255409,0.00042046166303378023,0.011279026261286516,0.0036269900018902463,0.02083612032302589,0.0001551540950457461,1.27463890421148e-05,0.0015967054852531156,0.0003099736359646516,0.00386893634462913,1.3346559136315753e-05,0.022165595562513976,2.5558226157149284e-05,0.002138051605624434,3.095332072492336e-05,9.996647771925398e-06,0.029360576405367617,7.1819565731738695e-06,0.000570769163635528
22,0.0010497390204423397,9.942882812648333e-06,1.7151754793515693e-05,0.8610196268048131,0.009852911193141448,0.01195617239761951,0.0008119242696982964,0.0005177165013548758,0.013612037089517191,0.007269255524090128,0.025275539073420648,0.00013445593233222687,1.670295242311783e-05,0.0009981363431426093,0.00027415712642465853,0.0035082329966053534,3.4056651640156474e-05,0.02406428185722172,3.050836313682192e-05,0.002895439608731465,4.24001177623527e-05,1.638854133260751e-05,0.035873113202064585,1.0147228182439657e-05,0.000709962567296216
23,0.0014983944793809162,2.5945603007393387e-05,1.998814333847172e-05,0.8118978150555786,0.016561438475491658,0.028794268047390534,0.0013708783475778665,0.0008747538029387395,0.030456931442767125,0.008874760085843522,0.01577622410535006,0.00018736583077424323,2.123753372020224e-05,0.001249730628558432,0.00043279924286672395,0.004538552592923203,3.751478826001042e-05,0.02475417222741593,6.824266189684102e-05,0.0023390555416804085,4.825728755312976e-05,2.701924253253551e-05,0.0486862916405765,2.3100669747637777e-05,0.0014352625228293673
24,0.0009641915209758906,1.4804933902617045e-05,1.1045566844131792e-05,0.8958485686706447,0.011265969230053997,0.014217691737958938,0.0006494556535193256,0.0004503078799849489,0.013793757506435207,0.004974878290850282,0.013043464824123321,0.00011436005514874321,1.5038212818622297e-05,0.0008905799584794841,0.00018840156401134852,0.002829091427341765,1.8505771586812875e-05,0.015991993598409585,3.283757650318731e-05,0.0019487749539600933,2.1184591567529502e-05,1.4810313472093615e-05,0.02194510339467135,9.060543964318848e-06,0.0007461222227719996
25,0.002101010449718651,5.92483505238473e-06,2.0415844549558258e-05,0.865725485575346,0.010914991199215907,0.0050988772819223534,0.0016025546896649928,0.0013679219955651258,0.01597478483521762,0.01001603751896402,0.03943523328124138,0.0002412498401192891,3.142486622438206e-05,0.0018389908709551999,0.00030725932008368606,0.0026745192235884544,2.8809262508353937e-05,0.013657240589527313,1.7022958750431223e-05,0.0038172219652200298,2.0942267484874728e-05,1.2207573588792767e-05,0.024136075349839622,1.1373568146777803e-05,0.0009424248375048337
26,0.003026046090214442,2.4118533966186413e-05,1.8597434746753847e-05,0.6438373922317145,0.024254929108114522,0.04888800450992823,0.002223889972254108,0.0008719882258699243,0.06956410643832808,0.014313515461645951,0.009772737725456296,9.276499173165968e-05,3.215972943805768e-05,0.0010756649638002096,0.0003152904980969368,0.005250324377541533,8.95870347598409e-05,0.04209489628028219,0.00014392833867911574,0.0026329563649828097,5.8783307210090106e-05,2.1992530562659652e-05,0.12910607623215958,6.353798018095398e-05,0.0022267116383352862
27,0.001189722566768958,4.092116885567667e-05,1.1831483745163509e-05,0.8317099233360304,0.011812423571667258,0.028634596112157327,0.0010135929126007177,0.0010099564428781454,0.04270598317121604,0.007824332250674347,0.015246949258389037,0.00016196495205933549,1.2097330357479372e-05,0.0007522631015082372,0.0005238307706645288,0.0029618860468588097,2.7396643848457815e-05,0.01749078863815938,6.15500133474697e-05,0.001345990211917082,2.6894657502390878e-05,4.15195627898159e-05,0.03360414246899878,1.3401421882675888e-05,0.0017760419051223502
28,0.0014983944793809162,2.5945603007393387e-05,1.998814333847172e-05,0.8118978150555786,0.016561438475491658,0.028794268047390534,0.0013708783475778665,0.0008747538029387395,0.030456931442767125,0.008874760085843522,0.01577622410535006,0.00018736583077424323,2.123753372020224e-05,0.001249730628558432,0.00043279924286672395,0.004538552592923203,3.751478826001042e-05,0.02475417222741593,6.824266189684102e-05,0.0023390555416804085,4.825728755312976e-05,2.701924253253551e-05,0.0486862916405765,2.3100669747637777e-05,0.0014352625228293673
29,0.0014983944793809162,2.5945603007393387e-05,1.998814333847172e-05,0.8118978150555786,0.016561438475491658,0.028794268047390534,0.0013708783475778665,0.0008747538029387395,0.030456931442767125,0.008874760085843522,0.01577622410535006,0.00018736583077424323,2.123753372020224e-05,0.001249730628558432,0.00043279924286672395,0.004538552592923203,3.751478826001042e-05,0.02475417222741593,6.824266189684102e-05,0.0023390555416804085,4.825728755312976e-05,2.701924253253551e-05,0.0486862916405765,2.3100669747637777e-05,0.0014352625228293673
30,0.0014983944793809162,2.5945603007393387e-05,1.998814333847172e-05,0.8118978150555786,0.016561438475491658,0.028794268047390534,0.0013708783475778665,0.0008747538029387395,0.030456931442767125,0.008874760085843522,0.01577622410535006,0.00018736583077424323,2.123753372020224e-05,0.001249730628558432,0.00043279924286672395,0.004538552592923203,3.751478826001042e-05,0.02475417222741593,6.824266189684102e-05,0.0023390555416804085,4.825728755312976e-05,2.701924253253551e-05,0.0486862916405765,2.3100669747637777e-05,0.0014352625228293673
31,0.003309192047777419,2.8820631291095003e-05,5.386257094233588e-05,0.8244935172091173,0.01389995283545799,0.019938546628374403,0.0016317092555452584,0.0032239607506343785,0.0304655445482614,0.0097551921723232,0.015649239775328543,0.0002999137554772381,6.719697398451901e-05,0.0012369017885590155,0.0005109620817850486,0.008763965313524118,6.055475250501792e-05,0.027435587299176556,0.00012346503891480786,0.0028540163539923923,6.864120688702416e-05,3.3176248345618235e-05,0.03512564807444447,4.32927347319978e-05,0.0009271399526190416
32,0.0016925634259621178,3.245157583508027e-05,2.157158466008606e-05,0.8038583924421142,0.017547116344276446,0.032293896830140716,0.0012682366797517194,0.0008975078535941153,0.03128533626255433,0.008876237389993762,0.014757550113102383,0.00017281671001164793,2.4577467387279638e-05,0.0012569803972273257,0.000437565468032552,0.0051090056071745925,4.1652493191905305e-05,0.028350195321099322,9.73322293582334e-05,0.002274169413384633,4.851662794374622e-05,2.9271106639563846e-05,0.04817420011630705,2.675252201799298e-05,0.0014261040182389892
33,0.0019180725918503132,2.877730263941295e-05,1.3706384606481097e-05,0.8323093968492385,0.010543562653852097,0.040394636531319215,0.0013433573688027781,0.00099604100727496,0.0143105336938503,0.0065353639405770145,0.004937151447970882,0.00013774056818298956,5.17643830632161e-05,0.0008632045967928739,0.0001653966843492264,0.00918225059895759,6.94580932598398e-05,0.0475273835222983,0.0001979804641945942,0.0017974919077725548,3.052111829721285e-05,3.857307817659468e-05,0.025864278918487582,5.827437190630737e-05,0.0006850819222793144
34,0.003886468605015256,2.4682469244350602e-05,2.7283332404063055e-05,0.8104090535691756,0.023870071315677758,0.017264630212214784,0.001278562740319375,0.0009606422661286392,0.033240333020523115,0.009113405160073152,0.021578446695174513,0.00013431637115220358,3.170715417342986e-05,0.0018131471271695997,0.0003823816644029633,0.004671042423245952,4.378638746689011e-05,0.02529626746323511,0.00011411530664422652,0.0023652976866993898,3.622493306800479e-05,1.9002602148568155e-05,0.04201656966101025,2.3840884316304458e-05,0.0013987209493164646
35,0.002501401673530802,3.738519039595025e-05,1.3095011202396533e-05,0.8294844407331129,0.012174333252197727,0.021414958040646737,0.0010413621170173998,0.0019802442851419217,0.06714516092727986,0.007165844263734696,0.01270561776602333,0.00011715480917003055,1.9208520331253836e-05,0.00046233420425881186,0.0003603773749464982,0.003728026738500304,3.4193855481616674e-05,0.016906078887277236,9.947451544116865e-05,0.0010262148630477102,1.730018330164093e-05,4.1966660800649264e-05,0.020298789305259725,1.2509027987744936e-05,0.00121252779391203
36,0.0017403703169477608,2.953005682500456e-05,1.1759556331101435e-05,0.8079872412742786,0.010404194239312128,0.024585960030651763,0.003687772217370102,0.002187330833116754,0.027931043938419983,0.006046524101949812,0.020199930001756065,0.0008664645395755841,2.51118499005419e-05,0.002335581546811796,0.000668159310146751,0.005847835124711733,8.897864487996281e-05,0.04814495283916295,5.491755514292023e-05,0.002005349323867438,4.245643248174302e-05,0.00010959074305389047,0.03237769951328495,2.9648558651410923e-05,0.002591597451369189
37,0.0033040860785420283,1.4374457292479291e-05,2.5583426569313813e-05,0.7899744569190562,0.018206655825786774,0.017147781171154012,0.0024711331855786587,0.00040929006877197307,0.009198243943536966,0.0061608173717058725,0.013601321766410445,0.00021816219186020756,3.656045680924643e-05,0.0057903083578877594,0.00026955842219459855,0.006804762660793075,6.391718625462825e-05,0.03984719919459644,7.179415508256285e-05,0.0032366359190412106,7.94281260730498e-05,1.427286488031139e-05,0.08141156926036618,7.060175559003399e-05,0.0015714852341658923
38,0.0009556200333325574,2.8832227463211255e-05,1.533827605358827e-05,0.7019802718435824,0.013135817910792455,0.07439728271313506,0.0016288414113206438,0.0007838029856353739,0.02651391680527086,0.007668207595169305,0.012380726252253014,0.0002472977723441005,2.47608834964208e-05,0.0013771103019857712,0.0006907858026012859,0.009497077696503712,3.451546554765637e-05,0.06458404691572947,0.00010448735586960381,0.0023388692384140467,9.492402424087137e-05,3.0496287089698037e-05,0.08050747789880577,3.644946803629819e-05,0.0009430428353269345
39,0.0006401911703072011,4.70218243530363e-05,3.858812933344879e-05,0.7565008225592408,0.009854105781543304,0.09000618809380577,0.0009343546107816634,0.0017266843386682998,0.02925700804532592,0.004964885158543297,0.005615978437325545,0.0003774014767275358,2.6475712232224685e-05,0.0004195205964430271,0.0005114029121381145,0.013938449194406724,5.07248352119098e-05,0.035936217288336056,0.00011716142050998744,0.002061040761243529,0.00022606225548577857,6.170309193965275e-05,0.04607640915008944,3.1917149596825785e-05,0.0005796860064109336
40,0.004305331792365451,6.197198693399535e-05,0.0001008943673179958,0.6600260784276976,0.09113643892802312,0.018754852514518024,0.0030657896077227057,0.0007704167517825685,0.033233676691820015,0.008476469958961723,0.047395362620633666,0.0007293040804074496,3.240714183452576e-05,0.012655606283888494,0.0010430195553145752,0.004901704572395977,7.651687177192973e-05,0.023362808787035262,0.0001170242022282672,0.004401218342259464,0.00013272289566615671,3.692374926083494e-05,0.07848803460697878,4.345157748407955e-05,0.006651973685697582
41,0.0020097767968072716,2.5891589157644593e-05,2.9231015712432506e-05,0.7310554736110839,0.017414227189705422,0.042098371053729454,0.003379584721722698,0.0009858538631348436,0.03153358104622269,0.014026061183239295,0.015752821980134366,0.00039899254574791987,2.575699850889777e-05,0.0020925886012221192,0.0005574137475768794,0.005231228966036777,9.469242159973195e-05,0.028997472386786412,7.374219069639663e-05,0.002926730964444798,0.00010575092357829022,4.977262933721003e-05,0.09786207621951444,6.344173849149402e-05,0.003209465615808594
42,0.0004297901572815471,5.947571534434405e-05,1.7708306667869878e-05,0.9078039471723496,0.0034318604258746807,0.03174230364557659,0.00026917488935168215,0.0017359013478161606,0.024425736808302286,0.0024770000433872383,0.004009757781961616,0.000121741999788159,1.0416297439463459e-05,7.57021557612049e-05,0.00021772658767196516,0.006629713246021681,1.803895557041691e-05,0.009290800917150267,9.26688899967886e-05,0.0005120572530877474,2.854554551314659e-05,8.237488518975241e-05,0.006288911403826305,5.551078589230581e-06,0.00022309449048038001
43,0.0008819388658164135,1.98234125032822e-05,2.7840043064786994e-05,0.7458687729325589,0.013576548083324882,0.08142490113355033,0.0011516158138211246,0.0015121819248294405,0.03666738388017593,0.020026100087429985,0.006618848250086591,0.00017127601802129723,3.8719618950767965e-05,0.0003409645642059314,0.00033694609827820304,0.00815174619950416,5.953548531047051e-05,0.02887090925993227,0.0001153329977590147,0.0030952893928291236,0.00011085075268066906,3.667166685950925e-05,0.05028170518276647,4.154973273261375e-05,0.0005725486030077704
44,0.0014983944793809162,2.5945603007393387e-05,1.998814333847172e-05,0.8118978150555786,0.016561438475491658,0.028794268047390534,0.0013708783475778665,0.0008747538029387395,0.030456931442767125,0.008874760085843522,0.01577622410535006,0.00018736583077424323,2.123753372020224e-05,0.001249730628558432,0.00043279924286672395,0.004538552592923203,3.751478826001042e-05,0.02475417222741593,6.824266189684102e-05,0.0023390555416804085,4.825728755312976e-05,2.701924253253551e-05,0.0486862916405765,2.3100669747637777e-05,0.0014352625228293673
45,0.0015071417048662117,2.4260192602381853e-05,1.967670401201973e-05,0.8122143722312336,0.012677404707289857,0.03523122250908605,0.0018534992461929772,0.001948680955215082,0.03290122770177794,0.010638387504741989,0.01314712269324805,0.00023266837752089302,3.444407237334488e-05,0.000961744714677291,0.0005159728142345442,0.007273112560208582,3.707714456515787e-05,0.03165793757544302,8.82790053395051e-05,0.0022805007066147025,4.368961248786231e-05,3.484768848753024e-05,0.03375652482460368,3.0393252331248634e-05,0.000889811500846651
46,0.0013359768182552975,3.5669944185103834e-05,2.0475288926518693e-05,0.7578292240169265,0.023923535491319748,0.03135514201856755,0.0013630504838827205,0.0008756551743239702,0.039748240617648194,0.008743674536531713,0.02289741910186898,0.0001878696436579473,1.9062257809541905e-05,0.0020822609767456226,0.0008167646370958443,0.004606645772778417,2.4387501665813676e-05,0.03340344885297821,7.416031296873224e-05,0.002777890437070233,5.0569190235888006e-05,2.062462995563395e-05,0.06600720753212569,2.1632473396105304e-05,0.001779412289079974
47,0.0034858370354560395,1.2480102934090277e-05,2.108195988520241e-05,0.8913188944004266,0.006464211503921126,0.019953361759998782,0.0016450477845174612,0.0013591971260131395,0.01627191235256719,0.007559572325292814,0.005454064721528078,0.0001972049228357946,4.781905737771927e-05,0.0005877968239624569,0.00011439885323989795,0.008602653311727214,6.60463094714704e-05,0.01580005613139275,0.00010303841409939045,0.001179645682406618,3.0387575305412527e-05,3.637370866067063e-05,0.01909554314008994,4.0590951972162364e-05,0.000552784044918032
48,0.004291819231931821,3.840548575571488e-05,2.6026977917731796e-05,0.7329468632213828,0.015085771236109555,0.06655852746630242,0.0027056312782918327,0.002516632157971029,0.03696498769346394,0.023636890481874742,0.00603161812773954,0.00017251620047040324,9.117092876222454e-05,0.0008485171832633208,0.000284686637168214,0.009308152224769623,0.00019300097397702786,0.04587494606655242,0.0004065306119724007,0.002420614411135332,4.626298607575048e-05,6.781715374887307e-05,0.04771366792652313,0.0001686824500606177,0.0016002608867795795
49,0.0008256616317672072,3.386048094352653e-05,2.573639378507441e-05,0.8327987870462122,0.012345868824553394,0.04353157120124934,0.001191706386660994,0.0010591934032048544,0.03167964992710482,0.008495132061979226,0.01032121922417494,0.0002886101135221529,1.7957998169164553e-05,0.0005543827635118712,0.0003786536023714693,0.004989729500622716,3.672705404325442e-05,0.0157393064473635,6.208626766435291e-05,0.0019306937264568311,6.293107286284617e-05,5.4612057743535605e-05,0.032402796932759916,1.919829803248171e-05,0.001153927583240309
50,0.00703877575972296,7.745793497448798e-06,2.9577414011271705e-05,0.7751922751155735,0.024526044139534867,0.015259594622087312,0.006138750810343066,0.0021266874314508828,0.03241098296626944,0.03595070870155399,0.02154936021666081,0.00022206367907095804,8.832288936274183e-05,0.0030996493841165596,0.00027261144760802966,0.004946968477693707,9.141210398614589e-05,0.02057465631337753,8.77800957522421e-05,0.004380350974503846,2.103012180068141e-05,1.8398033601928222e-05,0.04356116322401729,8.58911559789603e-05,0.0023191991284240094
51,0.014523984145001518,1.0226757070327773e-06,0.00011543156637465521,0.08635419808087877,0.219274508138262,0.04237336047633062,0.04087521801367361,0.000500399156142053,0.048783644473940485,0.08636246002105305,0.006707797171421667,0.00023710897348755628,0.0002656688511196091,0.009660558241473141,9.246871843253531e-05,0.011219931226395663,0.0005546020424282154,0.035474229037012084,0.00023856561214908,0.010786353777139513,0.00015314476891798345,3.4197216877599296e-06,0.3804508326680793,0.0012816462134507386,0.0037094462294414918
52,0.0007704417898765625,8.72936967073427e-06,5.515443403918077e-06,0.8191930159888078,0.008487110710940863,0.04127581257733793,0.0005151382611959292,0.0011441313811059541,0.020585738357515922,0.018768053776088513,0.012785213114797928,9.299653557335814e-05,2.868890974599183e-05,0.0005630084780574932,0.00036776144248296187,0.004252725217606772,1.1209723507659612e-05,0.04822902109300226,6.706940982913903e-05,0.003147298461419357,1.42707241331955e-05,1.150566152029465e-05,0.019374115889615292,1.2485493599634573e-05,0.00028894218916452366
53,0.0008166306305864148,7.1915337850520296e-06,1.6077011139547843e-05,0.7309946704164493,0.017838852091971426,0.0203019466159227,0.003341286419270541,0.00043284758968659777,0.02362261013282596,0.007850266337160069,0.02636137317230886,0.0002994086136605644,1.4429143697216082e-05,0.0026675450294816813,0.0004445810328833981,0.003893497755701683,2.9313026242918275e-05,0.028181812885763925,1.3197222135820552e-05,0.004561019394871465,8.383848805660206e-05,1.2295418193124012e-05,0.12638710713162782,1.996080902878165e-05,0.0018082420975485717
54,0.0015582699371174161,0.0001011161546537584,9.97532083430632e-06,0.8275075042529951,0.0145260509989349,0.028263855345504806,0.0015222676417991023,0.0007748460733425719,0.037225911329540506,0.005377558111910794,0.01639105894989806,0.0001989467826734356,7.720427860645152e-06,0.002089601505568257,0.0009268312420615814,0.0025309762084795508,2.6581062208246484e-05,0.01703544469315336,7.688064687882649e-05,0.0008869005115506129,2.5448327656929195e-05,6.049229215345074e-05,0.038136795557904,1.939534564687857e-05,0.004719571279672978
55,0.0014666121011361161,3.325376994424728e-05,2.115873578637885e-05,0.8333214275041364,0.014504181920929796,0.022442415629429453,0.0007762327711748566,0.00048638639605160314,0.023730891030806108,0.009639001859596765,0.017541583823158135,7.255307826578465e-05,1.2267247450605746e-05,0.0009183049256396497,0.0004202711260465889,0.0026856362991267385,3.620546321429872e-05,0.01582118015679278,7.561423136412203e-05,0.0017504356809439387,4.853330039279798e-05,2.231481327454125e-05,0.05271173301694127,1.7935116018506438e-05,0.001443870002378516
56,0.0015565318339240473,2.3544442942855202e-05,1.9697499875322018e-05,0.8168606228196406,0.015702477385068966,0.02906804217750573,0.0013656764622773574,0.0009746233682648119,0.029451464405143468,0.009383036517078853,0.014429436140069267,0.00018123549138584862,2.6253997198388186e-05,0.0011643658873774876,0.0003861051936363049,0.004896425646925579,3.822977463312782e-05,0.025817634659757754,7.260120968539152e-05,0.002492668675285044,4.420735675380663e-05,2.546292697399558e-05,0.04474394419089114,2.4923765185841032e-05,0.0012507881725189378
57,0.0016635116042502483,2.998351380429724e-05,8.759856376958701e-05,0.7531209519366813,0.03595871281409574,0.04277380750245267,0.0020791305260823936,0.0016732450773270084,0.045745763736336605,0.016456234367309166,0.016574480403714884,0.0005159835741359098,5.3919044109733915e-05,0.001346406234815218,0.0004505341152840542,0.008981755910958799,6.806888028184973e-05,0.018623528841330093,0.00011172748516451118,0.004915760509945439,0.00010915346875539074,4.204707561827202e-05,0.04701580095825814,4.064747820066863e-05,0.0015612463773179847
58,0.001880082464261688,2.657882232810114e-05,2.4156273460151147e-05,0.7718022107405338,0.018328697501461596,0.040369662744013365,0.00190225999875868,0.0010886753696083323,0.031171405281599764,0.012467800762848385,0.012338194625329138,0.00022459751095603488,3.52711376226974e-05,0.0014632008964036187,0.00042199924776897173,0.006117592552262126,5.7002430408237494e-05,0.033140267375662835,0.00010160307730881442,0.002920283439663476,6.169834566302455e-05,3.1179419910774826e-05,0.062413577510931004,4.90760447743868e-05,0.0015629264264609866
59,0.0018249548179889558,2.6919066336942634e-05,3.0546946699343154e-05,0.7831227652813463,0.019166738868607827,0.03543809103345756,0.0017976591864975484,0.0011046828601308021,0.031251614093958796,0.011773643405691252,0.013393160705722187,0.0002308842301865214,3.438608411527054e-05,0.0014094190239041207,0.0004228848655097112,0.006054146492202263,5.544871856111143e-05,0.02797051615709079,9.334538496278781e-05,0.0030922028686920866,6.869187501821711e-05,3.0336793000876257e-05,0.06004999584589091,4.322769930280128e-05,0.0015137376951249893
60,0.0014983944793809162,2.5945603007393387e-05,1.998814333847172e-05,0.8118978150555786,0.016561438475491658,0.028794268047390534,0.0013708783475778665,0.0008747538029387395,0.030456931442767125,0.008874760085843522,0.01577622410535006,0.00018736583077424323,2.123753372020224e-05,0.001249730628558432,0.00043279924286672395,0.004538552592923203,3.751478826001042e-05,0.02475417222741593,6.824266189684102e-05,0.0023390555416804085,4.825728755312976e-05,2.701924253253551e-05,0.0486862916405765,2.3100669747637777e-05,0.0014352625228293673
61,0.0018815732839561807,2.9102864350829453e-05,3.117279317883843e-05,0.773908871388439,0.020991586862787365,0.036155613393004715,0.001847739918912535,0.0010206881468729128,0.03381558189254199,0.011518165129160315,0.014797338888880091,0.00024069325261212045,3.079241398814351e-05,0.001545073184455511,0.00046268128904310244,0.005868493208953789,5.459928732262667e-05,0.027112574882928155,9.412220469899604e-05,0.002906932061949559,7.146994224955029e-05,3.141467114703697e-05,0.0638112205578726,4.060352729535501e-05,0.001731894953398799
62,0.0014983944793809162,2.5945603007393387e-05,1.998814333847172e-05,0.8118978150555786,0.016561438475491658,0.028794268047390534,0.0013708783475778665,0.0008747538029387395,0.030456931442767125,0.008874760085843522,0.01577622410535006,0.00018736583077424323,2.123753372020224e-05,0.001249730628558432,0.00043279924286672395,0.004538552592923203,3.751478826001042e-05,0.02475417222741593,6.824266189684102e-05,0.0023390555416804085,4.825728755312976e-05,2.701924253253551e-05,0.0486862916405765,2.3100669747637777e-05,0.0014352625228293673
63,0.0013842557013244848,3.7374613274967313e-05,1.7733015476454795e-05,0.8105087893793131,0.015673288577215398,0.03138049533279306,0.0011368837434581707,0.0008235363015893105,0.03239874392658359,0.0074793687536339635,0.01542407930441684,0.0001662400964332755,1.7894547786288486e-05,0.001139993464010138,0.0005003344364524642,0.00421859414260394,3.474324133554342e-05,0.025993292569817066,7.756530268230005e-05,0.001973968736576703,4.715728938059005e-05,3.128097702788057e-05,0.04796363311718139,2.0617312689877262e-05,0.001550136116943407
64,0.0012607877393985274,3.052292715451905e-05,3.113740799671218e-05,0.780134081858862,0.01817182023107909,0.037356230692957605,0.0013826962199264521,0.0007639405697688651,0.029451220261948935,0.008353249523453184,0.015036044699257158,0.00026542243075073464,2.112218557338824e-05,0.0013349653742746642,0.000504504189986223,0.0056773549017169345,4.722085653546062e-05,0.025393405260774434,6.88088729217127e-05,0.0026868444985277806,0.00010863434813966219,3.231057030765976e-05,0.0703471529968739,2.8187404520970075e-05,0.001512333977293492
65,0.0022071690242035716,1.8953021627221054e-05,2.2333103097568346e-05,0.8248998650396869,0.017229443430969393,0.02165476509133467,0.0014945182793103804,0.001220421506394677,0.036115567511942455,0.012294286030336388,0.020057415672033452,0.00018283863300250965,2.6566823725245202e-05,0.0011852025006469946,0.0003935053933682471,0.00451601962095228,3.675158859504092e-05,0.01889786616432953,7.389135342296834e-05,0.0021490792061937816,3.1608933973053884e-05,2.48531057306247e-05,0.03402232162039913,1.9970651587732338e-05,0.0012247866931359983
66,0.000885060410503598,5.165177919145833e-05,1.0365431786359642e-05,0.8156379726327816,0.00818616344847166,0.030118912358996518,0.0007678840988432648,0.0008210131510410608,0.027097818838863252,0.0053138236368643075,0.017261640332968127,0.0002123169118053595,9.045334550037478e-06,0.0012104098525960619,0.0009228475524083804,0.0032076958220483526,2.5677005021468445e-05,0.03079032587372912,5.2268989312316e-05,0.001404931361406579,5.171813264413949e-05,4.169086294708913e-05,0.054134213654622045,1.5220769556363463e-05,0.0017693317570414533
67,0.0006780884894371162,2.9341188230820822e-05,1.2688368426037055e-05,0.788056704514368,0.009684721883599994,0.0438711109216749,0.0012121903529467403,0.00047157813547806627,0.018273547363414598,0.005397217162591799,0.010492039302590154,0.00020483762250401627,1.2788762115294179e-05,0.0011485389213296447,0.00043424475019531426,0.004218092806943276,3.648316593806617e-05,0.034008909492861714,4.46433873117915e-05,0.0023018970485681354,7.903593054608874e-05,3.1032958831799233e-05,0.07767629824444376,2.572369541524781e-05,0.001598245530237604
68,0.004134912344360665,2.2573207246591232e-05,1.552443527573987e-05,0.8632204760792104,0.01794442238949178,0.0085432186875272,0.0008565639216173289,0.0004924837431664609,0.030588226759076763,0.007983219012619126,0.017410593439942196,4.71816086352434e-05,2.0927358476956054e-05,0.001390297471876336,0.00017841757461726956,0.002975162715533254,3.255154485855291e-05,0.012217286755435364,0.0001093807130769065,0.0012465163757820873,9.705044748581711e-06,1.3035061708072159e-05,0.029113060416066726,1.5993349058779915e-05,0.0014182699905915686
69,0.003641657703550577,3.712086392325593e-05,3.590674038997144e-05,0.8096445345849012,0.023342184870180204,0.03539314324244166,0.0024308864875118015,0.0013555523131966423,0.03009664298824563,0.010711094224392252,0.008690441821852895,0.00021745151685245113,5.1250976570363156e-05,0.0019304707535969042,0.00030635669229481656,0.00948598605012349,6.015796321990925e-05,0.022799148368860232,0.00021427708371779677,0.0018618345184678478,4.099476959319724e-05,3.4239211998924026e-05,0.036042413831177955,7.368465830126808e-05,0.0015025677646387453
70,9.759700456953721e-05,4.317061437344167e-06,6.466972949491263e-06,0.9518734088770401,0.002761049671851912,0.010995354335588828,0.00018607415559353553,0.00025147473985346686,0.011279713536368856,0.0023475439502433173,0.00687012616956692,5.0532598869984666e-05,3.384443930501849e-06,8.22173373482752e-05,7.95921264259114e-05,0.0018097567596125049,1.5560447604303632e-06,0.0026838692766650023,4.142023387042727e-06,0.001050607248835093,9.360522783595837e-06,4.8952247175350545e-06,0.0074307534186867094,8.047493465181409e-07,0.00011540174956764171
71,0.0011982569415507,3.4458690968697956e-05,1.9831330650839957e-05,0.8234991287932866,0.01378053573395046,0.028061091719563957,0.0008531521825816286,0.0007564133509066664,0.026298506224860126,0.006683037861039989,0.01650894288876706,0.00018521494366615515,1.6449871081685466e-05,0.0011531814341893339,0.0005195036191309061,0.004362081547520404,3.0798238952950436e-05,0.02555728119005707,6.924769877035851e-05,0.002026122942272881,5.572602693964303e-05,2.84735019054431e-05,0.04701654489276762,1.7351953873213523e-05,0.0012686664207455433
72,0.001857200564528183,9.93293423764531e-05,2.100961282264595e-05,0.7392455739289082,0.018853715502338397,0.016356577336175775,0.00043414594556587607,0.0003652876821425626,0.04356053490582223,0.010077393636615981,0.0506958140866635,0.00014274226715830588,5.334899918210834e-06,0.002080665415036617,0.0013724912796915104,0.0010040861797974206,3.438859978725611e-05,0.01293386555433425,6.546414193470422e-05,0.0014729557628758209,5.258451320751478e-05,4.0621337444396234e-05,0.0923631892366232,1.0379066344965351e-05,0.0068546492018859324
