,0,1,2,3,4,5,6,7,8,9,10,11,12,13,14,15,16,17,18,19,20,21,22,23,24
0,1.888745607746836e-05,0.005325434652159047,0.00035222893504051545,0.6275065809512559,0.019828206063656352,0.27096204909005356,8.529089075662859e-05,0.00010524264872617736,0.011402299193054823,0.00025013221478887876,0.010073258767833536,4.6487070159923606e-07,2.3201002494664728e-07,0.022690244952408317,1.651320798835385e-06,0.014694993663719697,4.3824923073242476e-05,0.0003681228235034583,3.2244668598108214e-06,0.006298059542566214,2.9099144374561748e-05,1.3430722030104267e-07,0.006318161192846186,0.0036065090619504495,3.566685654935825e-05
1,1.7125364854878195e-05,0.004910099954897599,0.0004810350639701209,0.7668906507259028,0.0076904707344154916,0.17240548471523237,0.00010298979843749616,6.731040698030681e-05,0.005597945855864937,0.0004921371164324148,0.004527674585920663,3.15742277563607e-07,6.553431819405914e-08,0.01882473203841473,6.726627886841378e-07,0.0076680989920108016,8.70265233869218e-06,0.0003236945120815219,1.1945707709451162e-06,0.002592759897655049,1.5510072348655596e-05,4.878316699469959e-08,0.005163556654800267,0.002187410692965301,3.0312871153526405e-05
2,1.7819648280008058e-05,0.007071796721679366,0.00029003258799189277,0.7650610106461097,0.020300909383361296,0.13031281291602223,0.00014234852575973136,6.68051240522369e-05,0.004531444116927686,0.00047065727001842535,0.00701603363838823,3.6933061066354023e-07,7.250582744934905e-08,0.04127987048605378,1.1359644917755172e-06,0.0053269803609877564,1.7497929174140728e-05,0.00034705202855221337,8.600988980952742e-07,0.004501789546267433,1.378169418111498e-05,6.677877435661684e-08,0.01158292885895801,0.0015765069092194919,6.941692941278366e-05
3,1.066337829378621e-05,0.00397141543166756,0.00026056493819570864,0.8193822273168998,0.007388789554443696,0.11813847918167773,7.869850922258341e-05,4.780074578843819e-05,0.002845046092087501,0.0003350415027706566,0.0054545692275689795,2.4700350876245856e-07,4.261225865202324e-08,0.026202098041104835,4.3487606629780737e-07,0.0034328760344590997,1.091624662615155e-05,0.000261410379629225,6.37803945794343e-07,0.0021564871091187625,1.2033057209062652e-05,4.627435902090811e-08,0.008388880881916314,0.0015899880958991316,3.060570528252474e-05
4,1.1000331870072857e-05,0.003998982711348387,0.0002446456366745374,0.8225724690655688,0.007359530909342454,0.11374414615875861,7.644149745902213e-05,4.305543777448347e-05,0.0031151675651100866,0.000305252134459419,0.005349810810829566,2.9918911937364127e-07,5.6427924660721595e-08,0.027382349621517657,4.3350538206228276e-07,0.003293510589395994,1.1972845920806554e-05,0.0002683065519405785,6.614947714006466e-07,0.00217517614685638,1.2990244024221487e-05,5.102959431191539e-08,0.008310886877218279,0.0016905192280250755,3.228398911385026e-05
5,8.391826294270733e-06,0.0028265030885095315,0.0001794867495948285,0.8695183349716246,0.003932948732298635,0.08317432782845934,4.88981886319332e-05,2.9584039851254278e-05,0.001921718118680866,0.0002844541795783819,0.003610518627925475,2.0021463366437986e-07,3.2043162041140916e-08,0.02255342644137755,2.3017582763413854e-07,0.0022312636089415207,8.510222542524949e-06,0.0002804706794873761,3.718864271569126e-07,0.001636931466065971,9.493825735827015e-06,3.572960099858865e-08,0.006393112982785112,0.0013272024297510691,2.3551942212546983e-05
6,1.066337829378621e-05,0.00397141543166756,0.00026056493819570864,0.8193822273168998,0.007388789554443696,0.11813847918167773,7.869850922258341e-05,4.780074578843819e-05,0.002845046092087501,0.0003350415027706566,0.0054545692275689795,2.4700350876245856e-07,4.261225865202324e-08,0.026202098041104835,4.3487606629780737e-07,0.0034328760344590997,1.091624662615155e-05,0.000261410379629225,6.37803945794343e-07,0.0021564871091187625,1.2033057209062652e-05,4.627435902090811e-08,0.008388880881916314,0.0015899880958991316,3.060570528252474e-05
7,4.6577576050543175e-05,0.004295285075355081,0.0012737095830350252,0.7327542106355744,0.010734735351066402,0.19451866192113274,0.00018146664723355928,7.625393293944585e-05,0.003880374745588595,0.0006021400919040567,0.006831947803499802,4.293849938474881e-07,1.3161235543907675e-07,0.022055732955592697,3.5026301943881686e-07,0.003687895498069281,1.093463832984324e-05,0.0004553320242263992,1.4273174573269043e-06,0.0027875529271674843,1.3673880505487111e-05,2.961564962887791e-08,0.011282470251250233,0.0044630406664755455,4.563560152772343e-05
8,6.145888847162294e-06,0.0033600906187975367,0.0002509779562000529,0.8907833358277576,0.003544301373452902,0.05802621066785063,6.972803166621457e-05,2.464815694645359e-05,0.0009292360598435735,0.000395349490869744,0.00257116522842951,1.7197822019357907e-07,1.607347827722709e-08,0.023512150835012565,1.1786895672698029e-07,0.0011399289384969112,3.2190134556927978e-06,0.00010437102790292587,2.121262255650968e-07,0.0014352920445123286,5.949490592930512e-06,1.2871203059117932e-08,0.012812674265151073,0.0010029257250392556,2.1768441091206467e-05
9,3.7636211352709307e-06,0.002407251849209698,0.00020410570585941527,0.9186242050226858,0.0017410752418720286,0.050611090702864674,4.3937365313818356e-05,1.6448937444100234e-05,0.0009419327791342776,0.00032098590691424436,0.0015479307412145401,1.4614486510060814e-07,1.438912733931545e-08,0.014285107036209803,9.293588988882391e-08,0.0012414258710339208,2.4363048933738818e-06,9.644927172832673e-05,1.5336868773126734e-07,0.001096656352363649,7.37199457658686e-06,1.1564752866388368e-08,0.005989524661693834,0.0008032217092814188,1.4660521248184191e-05
10,1.066337829378621e-05,0.00397141543166756,0.00026056493819570864,0.8193822273168998,0.007388789554443696,0.11813847918167773,7.869850922258341e-05,4.780074578843819e-05,0.002845046092087501,0.0003350415027706566,0.0054545692275689795,2.4700350876245856e-07,4.261225865202324e-08,0.026202098041104835,4.3487606629780737e-07,0.0034328760344590997,1.091624662615155e-05,0.000261410379629225,6.37803945794343e-07,0.0021564871091187625,1.2033057209062652e-05,4.627435902090811e-08,0.008388880881916314,0.0015899880958991316,3.060570528252474e-05
11,1.0933155287587932e-05,0.0038976400305195083,0.000259251852876692,0.8221796912197076,0.007606777168821417,0.11492554213044785,8.068454341965357e-05,4.6044490017654113e-05,0.002958566572962358,0.00033208631439874526,0.005328256612833807,2.7841780211283887e-07,5.367207600008937e-08,0.026007760896064797,4.318269660822125e-07,0.0034673032849929885,1.178106932184144e-05,0.00026773038181161074,6.497320159142488e-07,0.0023018243902697016,1.2792968820532033e-05,4.8386184224664114e-08,0.008573065848073377,0.0016990196842076464,3.1785350100122566e-05
12,1.616986254859695e-05,0.0070891581445425835,5.083133419896806e-05,0.6611013346874861,0.01792741283602615,0.12870430213349643,2.3983527281240728e-05,5.6299765250302405e-06,0.0013875471048278218,0.0004271628500269969,0.0013873372127036294,7.915626063529021e-08,6.002435275623067e-08,0.16225062659334313,1.111386755424568e-07,0.000743759116175102,9.635191752642478e-05,0.0007877594114919842,1.2577451767178378e-07,0.00454002543343098,1.2428608843045711e-05,2.9206489644596375e-08,0.012874957936862665,0.0004049288468904515,0.0001678871654762172
13,2.7164059814283415e-06,0.0016949662122284631,0.00012075042623232162,0.8812167189247576,0.003913198366407033,0.034358996852089756,7.110081374790686e-05,6.692599658220607e-05,0.0010262183542408005,9.411047093326979e-05,0.014411954433000477,4.942157744152795e-07,2.589489644470365e-08,0.04445252547370881,2.745421681559022e-07,0.001193240849345001,7.280018659645593e-06,0.00010322940227029564,2.9700369224835813e-07,0.0010891337217375306,8.358519205020334e-06,6.614851579555891e-08,0.01514849468683387,0.0010030504251360211,1.5871841855411538e-05
14,8.776790515770096e-06,0.0018176162112758785,0.00042220265629038076,0.8052750274794107,0.004345062594419139,0.1523506811301996,4.7777704850056366e-05,4.051019892317531e-05,0.003350939458600788,0.00019215004680859645,0.004408425407263246,2.2489264123381277e-07,5.584118923439645e-08,0.014260830564538226,4.819676845619738e-07,0.003434571365179139,1.1367725752590557e-05,0.00025852798597700115,4.810412504475096e-07,0.0017780176609972008,1.5555463492684875e-05,4.4118544380012855e-08,0.006336511772273335,0.0016157957214351973,2.8364200487555504e-05
15,1.066337829378621e-05,0.00397141543166756,0.00026056493819570864,0.8193822273168998,0.007388789554443696,0.11813847918167773,7.869850922258341e-05,4.780074578843819e-05,0.002845046092087501,0.0003350415027706566,0.0054545692275689795,2.4700350876245856e-07,4.261225865202324e-08,0.026202098041104835,4.3487606629780737e-07,0.0034328760344590997,1.091624662615155e-05,0.000261410379629225,6.37803945794343e-07,0.0021564871091187625,1.2033057209062652e-05,4.627435902090811e-08,0.008388880881916314,0.0015899880958991316,3.060570528252474e-05
16,8.044114356729437e-06,0.004478477777622123,0.00017616870720845178,0.8635815480870841,0.005687354818833481,0.06998320428067487,9.215122070227948e-05,5.761155378551294e-05,0.002245600901057016,0.0005045741008223011,0.0037151893352425818,3.9603809361535997e-07,4.397455794162244e-08,0.03377248854449129,4.3915146787673446e-07,0.0038938286274559134,1.0580510760265884e-05,0.0002668115419103701,6.124923068187401e-07,0.00266635135752389,1.851148394551404e-05,6.7200782298627e-08,0.00770499935352237,0.0011016847314604006,3.326009433200343e-05
17,4.9897001117596665e-06,0.002832283321083791,0.00010251163696523949,0.8586661585317702,0.0073028889896824215,0.057470673980032465,5.82768300013215e-05,3.978545405944957e-05,0.001347697278551311,0.00023331572526002703,0.005543705442026686,2.830532644355195e-07,4.869766328555378e-08,0.046110996947947396,2.609738877830684e-07,0.0020760069273389296,1.8418195239983593e-05,0.000197855352993587,3.1017043460641854e-07,0.0027526631073858466,1.1520744071898874e-05,5.8707274200998e-08,0.014214830535363258,0.0009846962435584195,2.9763454031560087e-05
18,1.4590510430758844e-05,0.0039575814999759295,0.00016128849554770746,0.798663875050343,0.012310472780576679,0.10222639503467956,7.507288558597e-05,2.8869810988501605e-05,0.0021451620293857906,0.00044876628897142217,0.00386314626481073,2.6932388125167925e-07,8.25500419816253e-08,0.05645074310898946,3.7256718523722525e-07,0.002310823406294911,3.553751775799775e-05,0.0006142681576524574,3.476952782981108e-07,0.003915559772276094,1.6862078253130686e-05,5.912413776183801e-08,0.011651039392984642,0.0010180031018552263,9.081155211549645e-05
19,6.543349840940972e-06,0.003462431368198613,0.00025158383183142123,0.8902550319131909,0.004868668161494949,0.06235962905254979,0.00010523628693839051,4.7148015638626485e-05,0.002506681990923355,0.0002851490706752593,0.0039384483343394665,3.707477432920548e-07,3.760129115624947e-08,0.01989712388514356,4.0505420563727715e-07,0.003207886066065292,6.160685703901756e-06,0.00016078694181656652,4.328621589042706e-07,0.0015374381668496924,1.2233759065093126e-05,4.436264719779775e-08,0.006005138498229566,0.0010609828643593684,2.4407129098944858e-05
20,7.937167102895781e-06,0.003235577433836037,0.0002909339037555566,0.863344417467494,0.004907628573696095,0.07745603968196504,0.00010295930159762615,0.00011807353275275,0.002592858892813743,0.00029708187654495607,0.007820270077855624,4.276223704698358e-07,3.610484458505655e-08,0.025154745268882672,9.777138753357982e-07,0.004499832840588015,1.0765257521834011e-05,0.0002510419636039381,8.548889817934191e-07,0.0018789100226262972,1.4133990138139208e-05,1.146111538842836e-07,0.00681404438531497,0.0011723852565005133,2.795216418318343e-05
21,7.827920226202356e-06,0.0037825047030265488,0.00015688808317343834,0.8843802534244424,0.0033493215184532505,0.06473844264233188,5.2185458610518216e-05,3.8449025456263254e-05,0.002660416149264167,0.0003608090082481842,0.0025054561171542976,3.1049966513588726e-07,3.888759210145338e-08,0.02618202708138738,2.354206610575677e-07,0.004315952276217333,5.329860623617331e-06,0.00024147357666709707,4.423636268741754e-07,0.002035010859603794,9.530621074983028e-06,3.75925668075095e-08,0.00398549650207553,0.0011735169282222533,1.804347962890974e-05
22,1.768994654946691e-05,0.0030374111765512995,0.0002908767286409099,0.7697230757779926,0.007389691516875823,0.169939901010156,4.6899345175385954e-05,4.259891769162169e-05,0.0030634555424582195,0.0003422663957586109,0.006367638486231508,1.564557611816165e-07,4.5480204719385234e-08,0.023266789432154513,5.08224736027183e-07,0.0034176745474354016,2.4486930883780614e-05,0.0006567400977005396,6.556454520566669e-07,0.002417523591523537,1.3296934860398037e-05,7.622840225099704e-08,0.007915413629931724,0.0019859922128870346,3.9135743985596746e-05
23,1.066337829378621e-05,0.00397141543166756,0.00026056493819570864,0.8193822273168998,0.007388789554443696,0.11813847918167773,7.869850922258341e-05,4.780074578843819e-05,0.002845046092087501,0.0003350415027706566,0.0054545692275689795,2.4700350876245856e-07,4.261225865202324e-08,0.026202098041104835,4.3487606629780737e-07,0.0034328760344590997,1.091624662615155e-05,0.000261410379629225,6.37803945794343e-07,0.0021564871091187625,1.2033057209062652e-05,4.627435902090811e-08,0.008388880881916314,0.0015899880958991316,3.060570528252474e-05
24,7.171462931489351e-06,0.004106945893939677,0.00011757278373288011,0.8639451324479077,0.004493885097763875,0.07364824685252022,4.562076977510029e-05,3.298874942281956e-05,0.0016555267323332113,0.0003374967186837219,0.0032690777954791457,1.9271693845270846e-07,3.0032738177369385e-08,0.03549133171555515,1.876893662564509e-07,0.0024191289491973544,8.984287778035818e-06,0.00022191712012963594,4.051079733544722e-07,0.0020843953461343787,7.905588061950714e-06,3.46026324513366e-08,0.007008837848174978,0.0010765083892515653,2.047530157831432e-05
25,2.531986092571477e-06,0.001862056909137857,0.00010380361442140611,0.9023658332999396,0.002789853929075914,0.03555662205024745,5.802945237667118e-05,8.802769603944193e-05,0.0008337094888236666,0.00017884791630868506,0.008136999758105758,2.553560940004395e-07,1.4202788452958484e-08,0.033494083846757366,1.638914006223942e-07,0.0019395582761514952,5.308018323724992e-06,0.00010165828419860605,3.4843928403277897e-07,0.001325488920412484,6.457425229567659e-06,4.907657203123962e-08,0.010174864872026276,0.0009674900290106117,7.943261181697279e-06
26,2.5218267243266394e-05,0.0029524161428298875,0.00042328876047081134,0.6989918153648568,0.008675947021756987,0.24333951399571857,3.828458420868095e-05,1.9406826872167298e-05,0.004066998230630648,0.00028008727183719397,0.005529216160231858,1.4042850840084099e-07,9.054140089760071e-08,0.013309390339701091,1.8654041929964967e-07,0.002731732348234977,1.6133525586238776e-05,0.0004677695562907966,7.814380338416164e-07,0.0028820435225367516,1.2543791320217103e-05,2.4997575423123503e-08,0.01017025204273557,0.0060419012905667995,2.481701043265878e-05
27,1.0102666573148055e-05,0.0036320279654676046,0.00026044085065021386,0.8263280431685334,0.006164061175221174,0.11178534839877434,7.427818562377501e-05,6.650965795424925e-05,0.0029952018934502967,0.000291467842988608,0.007011001080431311,2.8335053598880465e-07,4.091693124487422e-08,0.026106024340402274,5.848227579106292e-07,0.004020841885322808,1.2252099224989879e-05,0.0002795148827367141,8.039310657720032e-07,0.002058139727045115,1.2315879459706169e-05,7.31702407802286e-08,0.00724569404528843,0.0016182877140215983,2.666034929876472e-05
28,1.066337829378621e-05,0.00397141543166756,0.00026056493819570864,0.8193822273168998,0.007388789554443696,0.11813847918167773,7.869850922258341e-05,4.780074578843819e-05,0.002845046092087501,0.0003350415027706566,0.0054545692275689795,2.4700350876245856e-07,4.261225865202324e-08,0.026202098041104835,4.3487606629780737e-07,0.0034328760344590997,1.091624662615155e-05,0.000261410379629225,6.37803945794343e-07,0.0021564871091187625,1.2033057209062652e-05,4.627435902090811e-08,0.008388880881916314,0.0015899880958991316,3.060570528252474e-05
29,1.066337829378621e-05,0.00397141543166756,0.00026056493819570864,0.8193822273168998,0.007388789554443696,0.11813847918167773,7.869850922258341e-05,4.780074578843819e-05,0.002845046092087501,0.0003350415027706566,0.0054545692275689795,2.4700350876245856e-07,4.261225865202324e-08,0.026202098041104835,4.3487606629780737e-07,0.0034328760344590997,1.091624662615155e-05,0.000261410379629225,6.37803945794343e-07,0.0021564871091187625,1.2033057209062652e-05,4.627435902090811e-08,0.008388880881916314,0.0015899880958991316,3.060570528252474e-05
30,1.066337829378621e-05,0.00397141543166756,0.00026056493819570864,0.8193822273168998,0.007388789554443696,0.11813847918167773,7.869850922258341e-05,4.780074578843819e-05,0.002845046092087501,0.0003350415027706566,0.0054545692275689795,2.4700350876245856e-07,4.261225865202324e-08,0.026202098041104835,4.3487606629780737e-07,0.0034328760344590997,1.091624662615155e-05,0.000261410379629225,6.37803945794343e-07,0.0021564871091187625,1.2033057209062652e-05,4.627435902090811e-08,0.008388880881916314,0.0015899880958991316,3.060570528252474e-05
31,1.9008983092980484e-05,0.003663791625645905,0.00047729394248504194,0.8311550363152201,0.006624934007304241,0.10403083785425157,0.0001302586595585032,0.00010669150345566157,0.0022618605589661764,0.0005194617426490564,0.0051792471651985125,3.0622683909341734e-07,4.630152052198005e-08,0.03053943650060024,3.8430914092456757e-07,0.003208717647334075,9.548723777732044e-06,0.0003939189988359472,7.754716523902264e-07,0.002001644618861639,1.1969214680329655e-05,4.291842423942797e-08,0.00817653823406496,0.0014543366421833903,3.3911834256558e-05
32,1.2684993832081724e-05,0.004445288795835294,0.000285290490608893,0.8002157327488448,0.007800263937807117,0.13395906322354617,8.417008499721698e-05,5.481010042454442e-05,0.0031657001245070683,0.0003647559326794499,0.006071330013576061,2.674755397358452e-07,4.756433339339385e-08,0.026996312044572122,4.938855859031407e-07,0.003744420551849866,1.1803182516466774e-05,0.0002879364211450023,8.597158712845433e-07,0.0022043615331336294,1.2965733419594596e-05,5.2401224332158596e-08,0.008418613287065193,0.0018314504480263926,3.132530905846706e-05
33,6.30633652409644e-06,0.0028030338431063563,0.00014403788719610604,0.826323278043286,0.005436256481149933,0.10351259108555398,5.097473779133868e-05,5.3701200187647674e-05,0.001570898143710545,0.000331009022947923,0.006107023873115886,2.125236588684346e-07,4.779944820123227e-08,0.034554227421223105,2.294142121879133e-07,0.003326603787615873,1.610468972684294e-05,0.00022932369850058935,6.602256084455801e-07,0.0025482102664150753,1.1275225723575446e-05,5.930295239107057e-08,0.01118518912868278,0.0017708673932952076,1.7878468366943022e-05
34,1.4011790991974446e-05,0.004534446348333479,0.000308212668774781,0.7953102282062184,0.008367357064088601,0.13956375173917557,8.52724280091435e-05,5.2825918668243924e-05,0.003854624066010136,0.0003214622334422685,0.006169153058288943,2.8142965783668557e-07,5.199593137492161e-08,0.02550635345734687,5.287612152481861e-07,0.0038417524402261723,1.1565665166905355e-05,0.00030069037970206265,8.675694029397969e-07,0.002107403501648617,1.3068528333383483e-05,5.1430820825216556e-08,0.007688305432908245,0.0019154971679334522,3.223671770447894e-05
35,2.6785440707404267e-05,0.003960533627073652,0.0003916055526362151,0.8461159062696999,0.005860433074745543,0.10326332280328944,0.00010017261081456935,7.51311832447642e-05,0.004643929198598178,0.0003834388895029086,0.004287320695720546,2.9614206671197585e-07,4.30602702590506e-08,0.0195277536726073,3.9426805476286474e-07,0.003605741921491962,8.994815087866597e-06,0.0006837463556118322,8.151021404258684e-07,0.0014220202048928785,1.270809623931343e-05,5.2178852705612134e-08,0.0038617113059524616,0.0017377261747751108,2.9417355923241217e-05
36,1.524097288892897e-05,0.004026424844651287,0.0003071479884189706,0.8471137092156159,0.006517329957451508,0.07255546502210335,0.00015318937711856533,0.00024551772857765567,0.00503120712758202,0.00025940266863108344,0.007811212551227498,1.2390635594027017e-06,1.2975285834035512e-07,0.03722956220522625,1.3420739273197698e-06,0.01075670156553812,1.3879318433928542e-05,0.0003132266604037782,1.7694258328061565e-06,0.0024210400285959717,1.3219406715166693e-05,1.6081281214302162e-07,0.0038813304027223664,0.0012989328771368072,3.161895197098546e-05
37,1.777175041988153e-05,0.003168891334000096,0.0003302994569298744,0.8570390095258089,0.005468493773228673,0.09567955338748783,6.885482344660539e-05,2.905289227172227e-05,0.0022031072527342907,0.00041506756975912267,0.0038084019559907947,1.804906219770691e-07,4.0915775006277836e-08,0.015945213773165618,1.6017143296980613e-07,0.002168036725409969,7.170104600019884e-06,0.0003796084222341416,4.6049174302626e-07,0.001997241650518518,8.679788055793911e-06,2.3375102222745004e-08,0.008435034002211279,0.0028063442661950756,2.330210085658142e-05
38,3.8418344989072815e-05,0.006841470799190967,0.000746407952567584,0.5570682220063122,0.015482337959068676,0.36566087497682326,0.0001555215690796912,4.7383414144248555e-05,0.0074518306510777295,0.0006171562361605325,0.006141827217894555,2.807047930111635e-07,8.461355277262573e-08,0.019431351480184347,1.0745479259377111e-06,0.0069837903398275725,9.385857316299157e-06,0.00038891383427814056,2.03995337094637e-06,0.0021869916528157248,1.340895292343774e-05,3.94227750923287e-08,0.007072957242269894,0.0036005930392710053,5.7637231387382986e-05
39,1.2537545438460825e-05,0.0017009163748527782,0.0006820451539794484,0.6654056429683712,0.005352376535587317,0.2873225439884349,7.038620638089546e-05,8.679670161700431e-05,0.00366781658109968,0.00038005276693735686,0.005050525710035215,2.5208544705416747e-07,1.0799337921168746e-07,0.01071064876029614,6.815722616523974e-07,0.006783108206510692,2.2005406944232862e-05,0.0003386394181033392,1.511265637930265e-06,0.0024443025775323216,2.9151128361610613e-05,7.28796243877301e-08,0.00718596390328449,0.002723381652888586,2.8532616994065384e-05
40,2.123546864563837e-05,0.006301253255838791,0.0006099016695555401,0.7318932868931344,0.014314423770878507,0.17890373340828047,0.00017114780049221984,5.856744462178164e-05,0.0069445942197330105,0.0003162424773830101,0.007713105656217864,5.99432765749497e-07,9.869978187323343e-08,0.03571644500351099,1.426313452946128e-06,0.004300553324309779,1.2284706674060763e-05,0.00031426341605137744,1.040772410329426e-06,0.0021489630412752396,1.7229358880766597e-05,6.723978955722736e-08,0.008460817516256656,0.0016986647400591848,8.00543700001989e-05
41,4.334522125652726e-06,0.00253436792801511,0.00013391457021143867,0.8571168882593155,0.0023761894626748463,0.08622184820713479,4.0034325615060044e-05,4.054143871883161e-05,0.000892286955368311,0.00037436745958524835,0.0045113250482607834,1.5341161509689687e-07,1.7427198352402368e-08,0.03166301808602475,1.652269402317739e-07,0.0015983108927059247,8.609440598622931e-06,0.0001957256913674933,4.764022922619864e-07,0.0013958951508407434,1.0634017749077424e-05,4.327217689455885e-08,0.009735502987035714,0.001129263536130605,1.6086280298677794e-05
42,7.480987043791557e-06,0.0022001899528241837,0.0003686818436423625,0.8242590297948711,0.0028003805462456454,0.12635466486277314,6.982453538460522e-05,0.0001653797730703528,0.002747609390074085,0.0003660750705561718,0.006679640193966402,4.2146753411959436e-07,6.279231766830089e-08,0.015127970823471257,8.032712862787668e-07,0.009473064874348899,1.2289860968514519e-05,0.000250998954935219,1.8647184594976218e-06,0.0022681491513136145,1.8996797073534165e-05,1.242254658399102e-07,0.004779289379819834,0.002031788426669834,1.5218305884061528e-05
43,8.077470738893462e-06,0.0032545322518526703,0.00024923943526321724,0.7653067187840832,0.004443426165227079,0.17236032564032894,5.9466083156590286e-05,5.735071695793249e-05,0.0015355276018124673,0.0012888974894097595,0.002924636160734442,1.5670143558467348e-07,4.974706189473557e-08,0.02743254155800389,2.749369498959644e-07,0.004723896455536067,2.2307736511187106e-05,0.0004314876834866639,9.211788103685695e-07,0.004124126120790629,2.9764034034922844e-05,7.31602599746827e-08,0.01004217818956695,0.0016750362749921135,2.8988422994786276e-05
44,1.066337829378621e-05,0.00397141543166756,0.00026056493819570864,0.8193822273168998,0.007388789554443696,0.11813847918167773,7.869850922258341e-05,4.780074578843819e-05,0.002845046092087501,0.0003350415027706566,0.0054545692275689795,2.4700350876245856e-07,4.261225865202324e-08,0.026202098041104835,4.3487606629780737e-07,0.0034328760344590997,1.091624662615155e-05,0.000261410379629225,6.37803945794343e-07,0.0021564871091187625,1.2033057209062652e-05,4.627435902090811e-08,0.008388880881916314,0.0015899880958991316,3.060570528252474e-05
45,1.1965995822328201e-05,0.0033132507247986684,0.00040038488782646485,0.816904770411604,0.006792716300574478,0.12561448936701525,0.00010578586815257013,8.775814954684582e-05,0.0035273525228284833,0.0003154123986608071,0.007475060809739696,3.2619046897864523e-07,4.726432522547376e-08,0.01893777024861099,8.137393448827119e-07,0.005677917487218137,9.58830681141088e-06,0.0002617740702154917,9.531682165660338e-07,0.0020054857208797986,1.1360714905591213e-05,6.58523349661619e-08,0.006640161259311758,0.0018769900677810076,2.7798473005798643e-05
46,3.854984837491322e-06,0.0010752239682995518,0.00012300754339146194,0.8196232497446978,0.002747165877838756,0.13378292389554497,1.546030875047115e-05,3.205982948960038e-05,0.001005215529851883,0.00014517763793784084,0.0054584056507365015,1.287797431684635e-07,7.114307895674142e-08,0.018831044904690626,2.1376225227602945e-07,0.0024041492065090568,4.835648150490166e-05,0.00022037633747148838,4.93417641702606e-07,0.0025084396711524456,1.449396766310384e-05,8.620690627311209e-08,0.010219806950102515,0.001724644145985645,1.5950053921504507e-05
47,2.7697870938726855e-05,0.0049864886030914,0.00040298431410007695,0.7735358942245769,0.011215155598592671,0.15453109751777194,0.00010300870111116363,5.456459932305515e-05,0.007412854944540005,0.00042742743032861337,0.004101104541805116,5.507319285498839e-07,1.882563335105633e-07,0.020018700631547055,8.893810286543063e-07,0.01030615236467019,1.9089999642933222e-05,0.0004951363611949489,1.3484264352163368e-06,0.004256759872731526,2.1316584464764215e-05,7.473655932643769e-08,0.00521382866857751,0.002815618148326725,5.206749037922063e-05
48,1.084465673340604e-05,0.0061948084327605075,0.00019539750204548847,0.6828695014254975,0.006780024271461327,0.2256663547715396,7.23328943557312e-05,6.744567928591864e-05,0.0025961290059275492,0.000589795401658712,0.008213569768397695,2.522501741837349e-07,5.7570091571487695e-08,0.04522922689402222,3.5328675142592493e-07,0.004322061500194665,1.58643863914567e-05,0.00027136077112921994,2.72217020726637e-06,0.0027124925017222835,1.5759622867356436e-05,7.117853372705125e-08,0.010914152702290972,0.0032401241209654677,1.929723499466578e-05
49,7.497389422609257e-06,0.0027735057097791425,0.0002588570738370117,0.8464942582622278,0.004293780894158877,0.10271838891916114,5.9618610639844656e-05,3.659696252233548e-05,0.0020477369146493347,0.0002960474053254426,0.004403554059938001,2.3485898289231934e-07,3.7146149331529885e-08,0.02271266915682779,3.1919775179484936e-07,0.0024988781282937584,8.192083889388107e-06,0.00021903630651566255,4.3880366361715677e-07,0.0017082520587131363,1.1237030873080396e-05,3.884158450969854e-08,0.008016711234881208,0.0014080412606117389,2.6071689600707523e-05
50,1.2444828319055561e-05,0.006422024055948481,0.00033035447836748754,0.8035308046634656,0.011948464642673934,0.08159270587477077,0.0003479234247352498,0.0001333296764410285,0.0012991546232961914,0.001341490906394509,0.005645745653489814,4.12532348280427e-07,3.7086576389432295e-08,0.06214959580170586,5.359221054704462e-07,0.003225578335668251,8.722839227996115e-06,0.00024017143407439932,7.914579682545673e-07,0.002679500816194134,1.1710345026194282e-05,4.99226754412999e-08,0.018074494341829266,0.0009434254257540591,6.0530910943902726e-05
51,2.0005084447820426e-05,0.001194910146306061,0.000937781764904414,0.31275735659263737,0.06281798096299865,0.5384938695673536,0.00018796667064399866,3.071431349302273e-05,0.005673495846015155,0.000455029118352702,0.008521550182398429,2.526933885959514e-07,5.3311023214353e-07,0.009461691656813013,9.72723582178535e-07,0.014113607126104481,3.6329591651075094e-05,0.0002918455898397783,9.7289771966277e-07,0.009357603050934308,3.537934777912351e-05,2.807025449969587e-08,0.027651871892932167,0.007865975125852822,9.227687336507809e-05
52,4.366580228693437e-06,0.00490013100703431,0.00022358845524672475,0.9068431730266658,0.0054698429511074445,0.04336833204227884,0.00011810093047365102,4.118078186464582e-05,0.0016398705185309427,0.0002318979411201617,0.0036172254499945156,3.832166113882643e-07,2.983726801012368e-08,0.0181306804789952,2.2897940856324917e-07,0.0019011151096442922,4.532138454663538e-06,4.9891874133428206e-05,4.35297134443052e-07,0.0016392758259760351,1.2037593358451269e-05,2.321337147366552e-08,0.010736542280726782,0.0010498012898906843,1.7313180480757308e-05
53,5.6327616124910595e-06,0.003793735111180892,0.0003040901911538586,0.8698796966165055,0.013963941600322138,0.05147071508033709,0.000342938999480298,8.346533301684303e-05,0.0021976971595638953,0.00037539733874891886,0.008210331450171419,5.570100153284552e-07,4.090378167954103e-08,0.026254538592190582,6.781222748243905e-07,0.0038084353498574887,4.98952009917905e-06,0.0001039941024109153,4.137516415978985e-07,0.0024360261261032736,1.1247659501483288e-05,3.8679561090164025e-08,0.015463032822013925,0.0012520617155705053,3.630400288480089e-05
54,1.8744706690068598e-05,0.011689618185157912,0.0002884182152520675,0.7675698067784875,0.010399730095882206,0.13666493317798228,0.00012599383543292035,3.876431317787214e-05,0.003999338017601323,0.000622431331527975,0.003489874248253032,3.3685560667485e-07,3.238618286576144e-08,0.05089527872945326,1.097790568707487e-06,0.0037815783667784226,7.2262123760458435e-06,0.000259162912199205,7.354599928320815e-07,0.0020986760765971187,9.399840346525518e-06,4.413057158056247e-08,0.007129107431653486,0.0008234103236638665,8.626057856416872e-05
55,1.1676175044950099e-05,0.003940463610510165,0.0002735305567446041,0.8251792325983165,0.007218000882530238,0.11595265946050405,8.052740658308125e-05,4.530864506231461e-05,0.0034278139423775163,0.00030662273047116976,0.00508636728415367,2.810401907586563e-07,4.914980785492512e-08,0.02367130500594332,4.437610885539756e-07,0.0036348090428317175,1.0027370996053139e-05,0.00027661988082936174,6.480995894110651e-07,0.0020540926668247334,1.2331276665175298e-05,4.4806673435553186e-08,0.007103085283401057,0.0016835050413813344,3.055428147912177e-05
56,1.112873962738344e-05,0.003968764476016811,0.0002604444240129292,0.8187551104128428,0.0074766104299215635,0.11770096560160857,8.043239326791328e-05,4.698785754748863e-05,0.003001134677015746,0.0003276024463663496,0.00551149272822558,2.846266864882335e-07,5.265266400031848e-08,0.026640254198809457,4.4771894607657827e-07,0.0034206671924239787,1.1577425819038144e-05,0.0002676274781369995,6.84899942354966e-07,0.0022257413815670816,1.2676399353231169e-05,4.945319815656634e-08,0.008533868364147596,0.0017134400780795022,3.1953943772765454e-05
57,1.010822383806436e-05,0.004072868171430388,0.0002514026091322466,0.8294363614395187,0.0076406618007413465,0.10413155279476585,9.332998450941448e-05,6.78292319187889e-05,0.003915959045456469,0.0003465178218602713,0.004720059202094767,5.032217177817572e-07,1.0160615096316016e-07,0.026716496247286947,6.761409762005424e-07,0.006318233519680369,1.360419470433666e-05,0.00024226837391393125,9.326670778584446e-07,0.003362644490073677,1.6192292871086944e-05,7.001127950271666e-08,0.006969314045617024,0.0016387651978695932,3.3547665514455295e-05
58,1.2286301013665112e-05,0.0036134551064658286,0.0002926778300061155,0.8073967893936657,0.00721514623848928,0.13235175221627066,7.8578395055862e-05,4.56694711673035e-05,0.0032044398447126105,0.0002920633975954407,0.0063940980580877525,2.7793309609527343e-07,5.3650206512288094e-08,0.022569146550301556,3.7532775910537877e-07,0.0034883557405510205,9.492117733299528e-06,0.00025993059801778125,7.76767131291826e-07,0.0019557432392309283,1.194101322162185e-05,4.090886277353151e-08,0.008396759114773446,0.0023845826366484814,2.5568149935763715e-05
59,1.1214157227985029e-05,0.003440212829137114,0.00032671122022071263,0.8134244183579099,0.0068187104108853045,0.12984967454969956,7.768641313513385e-05,4.658988375952426e-05,0.002924743422297712,0.0003078244913013165,0.006171441919750161,2.415517840785724e-07,4.4753947788398234e-08,0.020190094118764382,3.7960323163864495e-07,0.0034747665801850357,8.868243638629813e-06,0.0002404655226839683,6.948299326926479e-07,0.002021728050621536,1.2095825285573831e-05,3.825650471209203e-08,0.008401222725768879,0.0022256908615850553,2.444142074146353e-05
60,1.066337829378621e-05,0.00397141543166756,0.00026056493819570864,0.8193822273168998,0.007388789554443696,0.11813847918167773,7.869850922258341e-05,4.780074578843819e-05,0.002845046092087501,0.0003350415027706566,0.0054545692275689795,2.4700350876245856e-07,4.261225865202324e-08,0.026202098041104835,4.3487606629780737e-07,0.0034328760344590997,1.091624662615155e-05,0.000261410379629225,6.37803945794343e-07,0.0021564871091187625,1.2033057209062652e-05,4.627435902090811e-08,0.008388880881916314,0.0015899880958991316,3.060570528252474e-05
61,1.1478214404957419e-05,0.0035687178948812376,0.00032858144537848354,0.8169299531051932,0.007006418103312139,0.12520406160482112,8.418428811842503e-05,4.7612441724101244e-05,0.0029213360204179985,0.0003208605193055694,0.006121571528990886,2.573967828711937e-07,4.614269016782936e-08,0.021100726082298828,4.0178067947186656e-07,0.003331599527509377,9.130619872829506e-06,0.00024961882323393687,6.900679266005631e-07,0.002001926077621998,1.236057215869111e-05,4.060730562596543e-08,0.008603296995882945,0.002118419306571064,2.6710832917162413e-05
62,1.066337829378621e-05,0.00397141543166756,0.00026056493819570864,0.8193822273168998,0.007388789554443696,0.11813847918167773,7.869850922258341e-05,4.780074578843819e-05,0.002845046092087501,0.0003350415027706566,0.0054545692275689795,2.4700350876245856e-07,4.261225865202324e-08,0.026202098041104835,4.3487606629780737e-07,0.0034328760344590997,1.091624662615155e-05,0.000261410379629225,6.37803945794343e-07,0.0021564871091187625,1.2033057209062652e-05,4.627435902090811e-08,0.008388880881916314,0.0015899880958991316,3.060570528252474e-05
63,1.11193508602371e-05,0.004790637798120701,0.00025211578456348316,0.8203102366306612,0.007574498855013296,0.11448445909286833,7.951751369572823e-05,4.4985635261488565e-05,0.0028238534446527203,0.00035067937161692664,0.005275414335888378,2.519185504716849e-07,4.0856799260611847e-08,0.028442266789970198,4.4404695881389473e-07,0.0031868187768742244,1.0850073834491597e-05,0.0002494039852274248,6.623330995159388e-07,0.002141406221007509,1.2128836412550758e-05,4.632485567237782e-08,0.008427830993845897,0.0014981620998059525,3.216892955562247e-05
64,9.217557011445974e-06,0.003760078966872664,0.00025785167996122244,0.8253633571972598,0.006571789176176147,0.1140420863728187,7.509948792134399e-05,4.143182362739122e-05,0.002669527067538607,0.0003500663139685951,0.004648085852941725,2.7413137557971654e-07,4.9109340166020445e-08,0.02609071586332704,3.9632232091560216e-07,0.0031359753075012138,1.1756276048650485e-05,0.0002471469182254576,5.962984750017234e-07,0.0022686388964570864,1.6353578941677273e-05,4.8370175613203734e-08,0.008860450410722564,0.0015470654504398079,3.1941570551561533e-05
65,1.730181154881302e-05,0.004180083781161657,0.0002974612247690388,0.7762046494845143,0.009578003062384943,0.15874277959749988,6.90777557423004e-05,4.090457365951474e-05,0.00597760193941001,0.00020348410350405353,0.007489660925457729,2.990929713088393e-07,6.99574631382695e-08,0.02149905379512619,5.582609098858787e-07,0.004657781527701859,1.286499707328928e-05,0.0003511515222164665,9.172881335224219e-07,0.0019917551125617026,1.1734464436790829e-05,5.273117334547007e-08,0.006022686886041398,0.0026202006572291834,2.9865447309642088e-05
66,9.050322319740242e-06,0.003935267466356474,0.000220578325218314,0.8408121394297279,0.006060741233845532,0.09857923621107594,7.445648132244304e-05,4.952773948386396e-05,0.0026460416539119875,0.00029034139781528793,0.005290214380051101,2.643185014918858e-07,3.5434105171199026e-08,0.02811593719224152,4.2348208571464506e-07,0.003174804573713117,9.3493689533741e-06,0.00023280146102530876,5.905932235688395e-07,0.0017860823813831573,1.0578664990266331e-05,4.862330346505676e-08,0.007367483064455382,0.0013066153201688163,2.739088072107365e-05
67,2.0626204714583852e-05,0.007703807786472572,0.0004191549046713925,0.8093930098456739,0.01259966391504012,0.11390885387301034,0.0001818597725446802,9.092316569703388e-05,0.006014246097508553,0.00037269392063597924,0.008091952033115565,4.1256004372688014e-07,3.9455960200391385e-08,0.02599110224161561,1.1062999155867648e-06,0.005169142274203018,8.617666073603735e-06,0.00032052284462712194,1.1736615315215916e-06,0.0018521750600634626,1.2741644128419843e-05,6.829989305986615e-08,0.006162487333916809,0.0016429682999269729,4.0650839016291995e-05
68,5.140537092883656e-06,0.0012447525176408237,0.00024316486602046357,0.9257349622101047,0.000999484791896716,0.05082594169004933,2.3204619110453967e-05,1.7309924419090338e-05,0.0010919513194481232,0.00020167922110443973,0.0015786675586580852,1.2975229089595977e-07,1.6476350462157505e-08,0.010160104893325084,4.1294327342333e-08,0.000865128155674593,3.4807135631605828e-06,0.0002031562841094817,1.548709341471249e-07,0.0007518737542854056,1.0693515360194502e-05,1.4249359397806022e-08,0.004852124424965345,0.0011776124221923366,9.209937717202327e-06
69,2.2548052283676315e-05,0.006234993320119963,0.000302945305090544,0.7538651330726462,0.01058344949166403,0.16905850632075925,8.671513252984334e-05,4.902129606344145e-05,0.005434361395271635,0.00042553426478680396,0.00448069142216346,2.5822401051686255e-07,5.43658224653761e-08,0.03511217461122356,7.869260012330852e-07,0.004570741055629087,1.7645809087032043e-05,0.0005425188684495834,8.514591631251407e-07,0.0023332943095159234,1.2235681564756707e-05,6.786160582064799e-08,0.00555307996300303,0.0012526236465153645,5.976814502945845e-05
70,1.0182126555142412e-05,0.005468501474934286,0.00028242290228467883,0.6517239607521886,0.010243537149837228,0.26169371788277007,9.222937737049018e-05,3.2725953697292785e-05,0.002911583089271479,0.000335876552605915,0.013905345486843194,2.4890100402646353e-07,4.852741798731638e-08,0.02724596539917611,3.6292793701517154e-07,0.002386058763417213,1.4647881362769617e-05,0.0001934460286466434,2.0096935974806535e-06,0.0016532915223261193,2.8641327077176557e-05,4.90104926010978e-08,0.017171701712229287,0.00457799457503089,2.5450981926197353e-05
71,1.0916301341341537e-05,0.003615153287350064,0.0002949535575147495,0.811433731187431,0.006187670831410123,0.13063347911770926,7.523812934411439e-05,4.980863533907451e-05,0.002941728649604064,0.00030623448744097334,0.005968586725033679,2.419427924901828e-07,3.8320866421879086e-08,0.023931310036260298,4.5798440399206443e-07,0.003244947970018746,1.0511982469056505e-05,0.0002766015345813215,7.071021308843594e-07,0.0016853498454369137,1.2174622627336386e-05,5.132534979678991e-08,0.007641636987446789,0.0016497746080238347,2.8694828073753237e-05
72,8.657528990546981e-06,0.005571250404775272,0.00017645894461323306,0.8042123870067475,0.010460524032846382,0.10832929488288143,7.436575168582174e-05,3.5629321813474544e-05,0.0017974392148018931,0.000387574079072265,0.005824688323183308,1.7286207179582345e-07,2.725826366991806e-08,0.042628675349764666,4.3421710737110146e-07,0.002354111585170283,1.2810169372382546e-05,0.0001956219583575818,4.506709836407173e-07,0.0026871498949623727,9.170426129186737e-06,3.819627799229988e-08,0.014107930639573826,0.00108222510465885,4.2912175895288005e-05
