,0,1,2,3,4,5,6,7,8,9,10,11,12,13,14,15,16,17,18,19,20,21,22,23,24
0,0.9884578355138569,6.299146545038671e-05,0.00010899572731411195,1.5034130452444202e-09,6.636249092439449e-06,1.7573877506070163e-05,4.616480606378423e-08,9.852904722165153e-11,0.008682718047904027,1.3383409561531408e-09,1.7407736628292762e-07,8.145391072718847e-08,4.503765692883113e-07,6.15880615766909e-10,1.2162908428385524e-07,2.737009455052884e-09,1.6156948759111052e-05,0.00022092632551844608,0.002268917645839269,1.3017911842457954e-09,2.0984295929857715e-07,1.9976312850673153e-07,3.748507323483792e-09,0.0001189320377532579,3.702150970983241e-05
1,0.9913122936700933,5.157932043918593e-05,0.0001337366373795489,1.2557298444191974e-09,3.607662011456178e-06,1.1940772408007076e-05,4.6691613099976005e-08,7.895978705419911e-11,0.006561198888371591,1.7363160225967248e-09,7.995419222625625e-08,6.461920264110763e-08,2.8552142518989665e-07,3.4863517100472515e-10,7.011804630362873e-08,2.1665270642236257e-09,6.686706739086448e-06,0.00017958591991134264,0.0016193452016148855,8.68182095452502e-10,1.4433375303048395e-07,1.0757667594871141e-07,2.4592334656983245e-09,9.161381156238532e-05,2.7603680977355702e-05
2,0.9933036287722841,6.082834553942425e-05,8.652558712443571e-05,1.035968154969943e-09,7.137752675148044e-06,8.852749585204504e-06,5.365519844615024e-08,6.37113700743697e-11,0.00524043094317156,1.2985792815907942e-09,1.0398643366547317e-07,6.685447440053078e-08,2.787342678823878e-07,6.240532863714216e-10,1.056361798283638e-07,1.4223051858880174e-09,9.389182252246118e-06,0.00016883340437900187,0.0010047387747074098,1.0673189551628365e-09,1.124625294240891e-07,1.1038412112966708e-07,3.462870068893625e-09,5.623920697413452e-05,5.255459329645852e-05
3,0.9921448802919549,6.397734929305238e-05,0.00011471400868282491,1.7562468450374067e-09,4.952168165707323e-06,1.2523321646118685e-05,5.1604676239151336e-08,7.772925725149517e-11,0.0058625977979284115,1.6916629754543962e-09,1.363067165627128e-07,8.369935008863411e-08,3.081079483165032e-07,6.818913235642132e-10,7.962163353272049e-08,1.7182819845996378e-09,1.1519563779714105e-05,0.00021882427367781254,0.001424986724548106,1.0428570010377644e-09,1.7557365469707865e-07,1.579408909125473e-07,4.5743191306963815e-09,9.703538014931353e-05,4.298472231499364e-05
4,0.9921747519865112,6.321413323589921e-05,0.00010786763642022726,1.8475862172995255e-09,5.059177792558742e-06,1.1916651389199574e-05,5.126532137767738e-08,7.643326529854526e-11,0.005843282677861005,1.655464705311762e-09,1.3563812886283257e-07,9.387568921408841e-08,3.7831152046582054e-07,7.253521972679862e-10,7.609562281416844e-08,1.7066130932157247e-09,1.3162909799532055e-05,0.00022380649886170293,0.0014103994949482529,1.1513477277350612e-09,1.8326369736415265e-07,1.6853653083328474e-07,4.807841913756399e-09,0.00010104150586666786,4.4398370164000605e-05
5,0.9930639326768961,5.692243474856315e-05,0.0001000545736767672,2.268436435519122e-09,3.710128659342788e-06,1.143053948602254e-05,4.338719274430384e-08,6.62640878716585e-11,0.005162659182014875,1.7863044207154068e-09,1.2411843130655353e-07,9.039729011674509e-08,3.1890898398522045e-07,7.607141480546434e-10,5.92325601642821e-08,1.4789784491519748e-09,1.285499645791072e-05,0.00029675851399918126,0.0011416103914356067,1.0428170456191437e-09,1.839148188245396e-07,1.740286177554852e-07,4.757736515660485e-09,0.00010491699401773196,4.414341946190204e-05
6,0.9921448802919549,6.397734929305238e-05,0.00011471400868282491,1.7562468450374067e-09,4.952168165707323e-06,1.2523321646118685e-05,5.1604676239151336e-08,7.772925725149517e-11,0.0058625977979284115,1.6916629754543962e-09,1.363067165627128e-07,8.369935008863411e-08,3.081079483165032e-07,6.818913235642132e-10,7.962163353272049e-08,1.7182819845996378e-09,1.1519563779714105e-05,0.00021882427367781254,0.001424986724548106,1.0428570010377644e-09,1.7557365469707865e-07,1.579408909125473e-07,4.5743191306963815e-09,9.703538014931353e-05,4.298472231499364e-05
7,0.938436770390723,0.0003828331903903335,0.00011637745012336684,2.267725177867775e-08,3.178671226496753e-05,6.852833468292839e-05,1.9737196798604152e-07,4.09000243930973e-10,0.05436849599316795,6.309553144027474e-09,1.0698319268799363e-06,6.752398410995359e-07,1.2335208654560528e-06,8.965207624434468e-09,1.9013050088142185e-06,2.2326713517428618e-08,0.0001761001759221931,0.0013462292240976007,0.004457452884652322,8.34542318563192e-09,3.121067649002618e-06,5.879528235776893e-06,3.095989629154178e-08,0.00025218175489805106,0.00034906603053634215
8,0.9961141379319687,7.814304206697209e-05,0.0001568242203127784,2.0353781887218902e-09,3.2249318893738416e-06,7.80506423316054e-06,5.1213792387842984e-08,5.104909956132722e-11,0.002665761949734005,2.1751634723962026e-09,8.259878894258208e-08,6.290199348979452e-08,1.5655867304187506e-07,5.987346436967018e-10,2.3636323787156997e-08,7.745661790636396e-10,3.71138508312165e-06,9.401087233059706e-05,0.0007553271134355862,8.341300788250928e-10,7.993129259894833e-08,4.0768994119353696e-08,6.993076507711507e-09,9.053994056107218e-05,3.0002476428036855e-05
9,0.9918447276247233,0.00010278938052157957,0.000242382732274609,4.517190186653819e-09,3.995813932116219e-06,1.4318955453798943e-05,7.956628359848618e-08,8.229847128851307e-11,0.0061667479064509536,3.915155187441927e-09,1.1239232232802806e-07,1.296349623054262e-07,3.415080252591854e-07,7.473048148036348e-10,5.290152657134154e-08,1.967432996779017e-09,7.937282014492686e-06,0.0001880925020485167,0.0012127610632313188,1.6663064448589721e-09,2.8065952762852884e-07,1.2241253409361856e-07,9.937605060495575e-09,0.00016772196044701675,4.7382870427239795e-05
10,0.9921448802919549,6.397734929305238e-05,0.00011471400868282491,1.7562468450374067e-09,4.952168165707323e-06,1.2523321646118685e-05,5.1604676239151336e-08,7.772925725149517e-11,0.0058625977979284115,1.6916629754543962e-09,1.363067165627128e-07,8.369935008863411e-08,3.081079483165032e-07,6.818913235642132e-10,7.962163353272049e-08,1.7182819845996378e-09,1.1519563779714105e-05,0.00021882427367781254,0.001424986724548106,1.0428570010377644e-09,1.7557365469707865e-07,1.579408909125473e-07,4.5743191306963815e-09,9.703538014931353e-05,4.298472231499364e-05
11,0.9921856504604767,6.311573129201611e-05,0.0001136820160156764,1.8068024431884265e-09,5.043524711384211e-06,1.2276746648531423e-05,5.168037316779177e-08,7.803162509449966e-11,0.005808072224510151,1.6989877479156077e-09,1.3604926815385686e-07,8.96453096833011e-08,3.6258482368656047e-07,6.902049892083252e-10,7.603380523436495e-08,1.7533913198080748e-09,1.2168041464690779e-05,0.00021626792668477353,0.0014367817545341284,1.146828596488387e-09,1.7766454028207356e-07,1.569758450108084e-07,4.7688194548539685e-09,0.0001033464261550209,4.253257047534335e-05
12,0.9963525867437388,7.642214006119358e-05,2.8005519551167134e-05,1.3055281598994608e-09,7.881977734591382e-06,1.1049144441963035e-05,1.844943558403698e-08,1.3637357796902977e-11,0.0026941207357493854,1.591052021836427e-09,4.021847173425663e-08,2.7756341753507308e-08,2.7613534985425057e-07,2.378484658234418e-09,2.3627712903863768e-08,4.883097655007658e-10,4.0031487256767625e-05,0.00036007205388067685,0.00028364313511730974,1.3474349459042798e-09,1.3395785783269228e-07,7.578709372172593e-08,4.6650727794602525e-09,2.3206803579517175e-05,0.00012237253710573916
13,0.9890912322018165,8.866701954320252e-05,0.0001659567939046729,4.2427919663380845e-09,7.978939238414354e-06,1.7315629994231617e-05,9.7769121811602e-08,1.9338177293850072e-10,0.007979154781286914,1.880062429760264e-09,5.606044667121647e-07,2.3230674442953757e-07,4.82422011990604e-07,1.890711210857987e-09,1.485725432260408e-07,2.6839628990269093e-09,1.9119922087275585e-05,0.0002836958174520435,0.0020988908837568255,1.6392526506166879e-09,3.1122150096222016e-07,3.86685122906715e-07,1.2818671850725016e-08,0.00018519664999450323,6.0546430578523356e-05
14,0.9925419905817607,0.00035156955466391336,3.508763252838375e-05,2.0915091405639894e-09,1.2449356907209003e-05,1.1523261957861395e-05,6.601467989332684e-08,8.960519341407078e-11,0.00435629204364606,3.933814615983117e-09,2.5543754840087726e-07,6.20974652185717e-08,1.2699234815302507e-07,2.7854347132271517e-09,5.740610093473661e-08,1.5682804273691714e-09,7.663776790205865e-06,0.00014156722236569278,0.002404254004270104,1.5974560087217659e-09,7.34900347406849e-08,1.1697500194333471e-07,1.0277111576231715e-08,0.00010463017949206961,3.2191629226915124e-05
15,0.9921448802919549,6.397734929305238e-05,0.00011471400868282491,1.7562468450374067e-09,4.952168165707323e-06,1.2523321646118685e-05,5.1604676239151336e-08,7.772925725149517e-11,0.0058625977979284115,1.6916629754543962e-09,1.363067165627128e-07,8.369935008863411e-08,3.081079483165032e-07,6.818913235642132e-10,7.962163353272049e-08,1.7182819845996378e-09,1.1519563779714105e-05,0.00021882427367781254,0.001424986724548106,1.0428570010377644e-09,1.7557365469707865e-07,1.579408909125473e-07,4.5743191306963815e-09,9.703538014931353e-05,4.298472231499364e-05
16,0.9909549840687547,7.792428130402492e-05,0.00012173273698424805,2.3895533219783437e-09,5.2567981397827765e-06,1.2546757691962979e-05,7.071967437777816e-08,1.1081304481323409e-10,0.0066980166361921,2.4990404232493308e-09,1.4740884111121913e-07,1.341123150617693e-07,3.82413461656643e-07,9.525274498864403e-10,1.0248081939249612e-07,2.3081730220685075e-09,1.4052899392605175e-05,0.00027178903177426853,0.0016835688897698646,1.3628202092341341e-09,2.8111207644130514e-07,2.564300500883275e-07,5.962981499250378e-09,0.00010395751678903569,5.478012006042417e-05
17,0.9920302812215204,7.274708671593383e-05,0.00010834489003253242,2.2021001916689683e-09,5.741744190660401e-06,1.2536959540475887e-05,5.734214741514465e-08,8.620114555221906e-11,0.005918601085296357,1.8881774002739953e-09,1.6723723125395773e-07,1.0981361454756708e-07,3.8075293997441726e-07,9.858516732642578e-10,8.583088977223356e-08,1.8213007948238472e-09,1.5930856850734545e-05,0.000251528187474685,0.0014262969101815717,1.301159455979566e-09,2.1629666006797535e-07,2.1311899427240995e-07,6.304743666913867e-09,0.00010290262678379628,5.384344940133519e-05
18,0.9939758436071926,5.386266362659799e-05,7.65377384366367e-05,1.7411559358251693e-09,5.673794261848706e-06,1.0139746502826204e-05,4.635731042553634e-08,4.92647033759656e-11,0.004612809368740269,1.8784116076300397e-09,9.024561745584629e-08,9.53344358764903e-08,4.491269256237827e-07,1.1757017819165018e-09,6.904777076236799e-08,1.3284166080650368e-09,2.2505175739293918e-05,0.00034750794079192005,0.0007449800885250973,1.3787424846359172e-09,2.2988259553653423e-07,1.9103328384663999e-07,5.305177387627458e-09,5.863439335046663e-05,9.032159802214688e-05
19,0.988812455673823,9.058896000052014e-05,0.00017753856574344732,3.2613299163467734e-09,5.4150761308666465e-06,1.0976116342290919e-05,1.1634910104780608e-07,1.3521311296293882e-10,0.008772054356282631,2.6958026955665292e-09,1.6332955889788632e-07,2.2059665771215311e-07,4.572839662110007e-07,8.839878451648182e-10,1.2905575029209228e-07,2.8421243296369436e-09,1.2229589589725069e-05,0.0002460649224542979,0.0016961172043418562,1.3706219145779554e-09,3.2889375478271693e-07,3.095985796468131e-07,6.369455551604945e-09,0.00011384457246689415,6.0972296920589297e-05
20,0.9863650189281322,7.879371395180866e-05,0.0001786876612545824,3.440078375325404e-09,5.845345357250672e-06,1.6484664369988328e-05,1.0142366199048104e-07,2.6717853690769107e-10,0.010171721635882638,2.4984452460347757e-09,3.116354968408063e-07,2.093615418225044e-07,4.315044165516592e-07,1.0923935954889328e-09,3.080108925773185e-07,4.503339963905445e-09,1.7672893135353973e-05,0.00036491537838664146,0.002608951250263867,1.5783616866302928e-09,3.6144215926030803e-07,6.143299289541277e-07,6.2904991792783505e-09,0.00012652111056534333,6.303004030582016e-05
21,0.9910719273182975,7.540636890378435e-05,0.00010976790558576731,2.417028933020716e-09,3.8429481626004905e-06,1.0495791236319567e-05,6.197460002920328e-08,1.2214916526943469e-10,0.006862595811587189,2.3558950709294576e-09,1.1197156105250843e-07,1.2093460598401267e-07,3.0573938872976593e-07,9.031252274690849e-10,6.479095309302516e-08,2.782719020983438e-09,7.416939733187342e-06,0.00024776429663677036,0.0014801145839396152,1.1319552817285884e-09,1.8663514455514227e-07,1.6628999504534196e-07,3.4292551641462897e-09,9.872329167008084e-05,3.0913265870910384e-05
22,0.9947059624237604,3.069502376081185e-05,8.229656687221537e-05,1.1056019776927225e-09,3.1516490537746336e-06,1.100526107122451e-05,2.1384285222095714e-08,5.5049496863685314e-11,0.0038482772260354267,1.0268822054258773e-09,1.0757736000852756e-07,3.799133105427748e-08,2.1652203318782315e-07,4.756978975950776e-10,5.356010783700224e-08,1.2160148710495867e-09,1.3424777714469907e-05,0.00030268337743410983,0.0009009389744758715,7.380467270374275e-10,1.0928344477276366e-07,1.33341031872076e-07,2.519063214888382e-09,6.96197222833953e-05,3.125820158795239e-05
23,0.9921448802919549,6.397734929305238e-05,0.00011471400868282491,1.7562468450374067e-09,4.952168165707323e-06,1.2523321646118685e-05,5.1604676239151336e-08,7.772925725149517e-11,0.0058625977979284115,1.6916629754543962e-09,1.363067165627128e-07,8.369935008863411e-08,3.081079483165032e-07,6.818913235642132e-10,7.962163353272049e-08,1.7182819845996378e-09,1.1519563779714105e-05,0.00021882427367781254,0.001424986724548106,1.0428570010377644e-09,1.7557365469707865e-07,1.579408909125473e-07,4.5743191306963815e-09,9.703538014931353e-05,4.298472231499364e-05
24,0.9935759340068011,8.643674828461542e-05,7.86024871440983e-05,2.1618049936514844e-09,4.142336651249042e-06,1.0647590095611651e-05,3.955700255452516e-08,6.88425349115551e-11,0.004577727547588004,2.0115447892302856e-09,1.1345621016495231e-07,7.513025729584401e-08,2.598514535274694e-07,9.512572821113357e-10,4.716619753556365e-08,1.4385044943230284e-09,1.1392337175172575e-05,0.00021920763853939062,0.0013053976434503796,1.1430829446689926e-09,1.37639346338669e-07,1.4100338218561667e-07,4.987989986887105e-09,9.464841970680401e-05,3.503667768690712e-05
25,0.9885284238390534,0.00010753778544575616,0.00015673384570753633,5.390571972148438e-09,7.701185199642053e-06,2.0138636620421265e-05,1.0076819323488994e-07,3.780685464320286e-10,0.007761113924278865,2.269570842466447e-09,8.358310810657642e-07,2.025344548671998e-07,3.2177525451310165e-07,2.680221381060119e-09,1.323300967953181e-07,3.653028901935711e-09,1.6331961668560932e-05,0.0003033363604679822,0.0028529620703986315,1.5504570610907065e-09,2.673205931038104e-07,4.2602139495226115e-07,1.275069746901775e-08,0.000206436400195381,3.6968737279189024e-05
26,0.8831903723930377,0.0016177576210684704,0.0005794827804830104,6.46978684729123e-08,8.055248517689753e-05,6.817480993989949e-05,9.313832497958052e-06,2.0184850181647556e-08,0.09715627707046587,4.995919439354753e-08,3.3973928595939085e-06,1.1841112950135726e-05,1.1503536151969682e-06,1.1240027376596362e-07,6.710940411414265e-05,1.748092792200323e-07,8.651761295860907e-05,0.0013061445951599176,0.01335944279495925,1.2143747031076955e-08,8.105391000930228e-06,3.839411031943762e-05,4.947563622727463e-08,4.9057493173440306e-05,0.002366425075370425
27,0.9898049234011334,6.740444981752278e-05,0.00012137989196119359,2.3198360687659278e-09,4.964767760954687e-06,1.4363865119039994e-05,5.7969188847974704e-08,1.1608702453172867e-10,0.007684623790513454,1.8110675042681604e-09,1.9094377467385107e-07,1.120764399506846e-07,3.451636723884504e-07,8.161455236803019e-10,1.288164117178971e-07,2.468334186713083e-09,1.4951291933964427e-05,0.00029302244908614874,0.0018321047956302106,1.1692153404222794e-09,2.2983282487899628e-07,3.019252032953309e-07,4.888343955689769e-09,0.00011428408508428291,4.659689541450519e-05
28,0.9921448802919549,6.397734929305238e-05,0.00011471400868282491,1.7562468450374067e-09,4.952168165707323e-06,1.2523321646118685e-05,5.1604676239151336e-08,7.772925725149517e-11,0.0058625977979284115,1.6916629754543962e-09,1.363067165627128e-07,8.369935008863411e-08,3.081079483165032e-07,6.818913235642132e-10,7.962163353272049e-08,1.7182819845996378e-09,1.1519563779714105e-05,0.00021882427367781254,0.001424986724548106,1.0428570010377644e-09,1.7557365469707865e-07,1.579408909125473e-07,4.5743191306963815e-09,9.703538014931353e-05,4.298472231499364e-05
29,0.9921448802919549,6.397734929305238e-05,0.00011471400868282491,1.7562468450374067e-09,4.952168165707323e-06,1.2523321646118685e-05,5.1604676239151336e-08,7.772925725149517e-11,0.0058625977979284115,1.6916629754543962e-09,1.363067165627128e-07,8.369935008863411e-08,3.081079483165032e-07,6.818913235642132e-10,7.962163353272049e-08,1.7182819845996378e-09,1.1519563779714105e-05,0.00021882427367781254,0.001424986724548106,1.0428570010377644e-09,1.7557365469707865e-07,1.579408909125473e-07,4.5743191306963815e-09,9.703538014931353e-05,4.298472231499364e-05
30,0.9921448802919549,6.397734929305238e-05,0.00011471400868282491,1.7562468450374067e-09,4.952168165707323e-06,1.2523321646118685e-05,5.1604676239151336e-08,7.772925725149517e-11,0.0058625977979284115,1.6916629754543962e-09,1.363067165627128e-07,8.369935008863411e-08,3.081079483165032e-07,6.818913235642132e-10,7.962163353272049e-08,1.7182819845996378e-09,1.1519563779714105e-05,0.00021882427367781254,0.001424986724548106,1.0428570010377644e-09,1.7557365469707865e-07,1.579408909125473e-07,4.5743191306963815e-09,9.703538014931353e-05,4.298472231499364e-05
31,0.9962993773931678,4.201625030800247e-05,0.00010625267993521588,9.615284311484505e-10,2.1092244160591933e-06,6.27781290314608e-06,3.179762179721501e-08,6.026211036150476e-11,0.0024061063154174026,1.4830404078757086e-09,5.651218650561022e-08,4.08609199399553e-08,1.456531143265953e-07,3.572565028305541e-10,2.5996393094504885e-08,7.755365913127495e-10,4.302669151632637e-06,0.00013384262407754679,0.0009242755973054107,5.440719600224845e-10,6.954561059507218e-08,5.097712613762166e-08,2.356223407105373e-09,5.439651550099437e-05,2.0615036924826574e-05
32,0.9923392669159632,6.182776883983094e-05,0.00010640422844505203,1.5495072778162294e-09,4.580238127565321e-06,1.2186034809076802e-05,4.765579882208041e-08,7.810865356650233e-11,0.005515664527731946,1.6332578920601908e-09,1.3111672155655585e-07,7.768309858924493e-08,2.9705604751369e-07,6.22924844537937e-10,7.521888847952827e-08,1.6388751664385346e-09,1.1033138639481454e-05,0.00020921002012366858,0.0016032585592826326,9.713860255019376e-10,1.6217605872773652e-07,1.542811542408892e-07,4.183797078655004e-09,9.788347247246298e-05,3.7729229940040855e-05
33,0.9875623290855359,0.00012538944531565905,9.35594607864901e-05,7.577769926453209e-09,9.400732631786831e-06,4.234083548165974e-05,5.448892417360118e-08,3.0801105963083986e-10,0.0061942001910180525,5.578676661198129e-09,6.947113076740823e-07,1.5567966101040383e-07,1.0642817997228618e-06,4.5702178249665266e-09,7.405833872485379e-08,6.378807180800778e-09,8.680270020557595e-05,0.0005351973543028828,0.004870610689635575,4.986896048109569e-09,4.65692954433118e-07,8.38864660594073e-07,2.9858698838520775e-08,0.00043433395295335096,4.242851540916723e-05
34,0.9757214470373774,0.00047374488006582274,0.0007466865652947437,3.800423288694481e-07,9.300046198386605e-05,0.00021676196168043057,1.5179776942866822e-06,1.405510213857618e-09,0.011712954967007947,2.3099924772919734e-07,3.0487370208400586e-06,1.5454252242488025e-06,3.3410802713553657e-06,1.1016981109557534e-07,1.1575185888838732e-06,5.162704781670889e-08,0.0009494401329531597,0.0046704318624096386,0.0011632278834855017,1.189426854719266e-07,1.3181351156247412e-05,8.420831478141566e-06,1.9963851843388683e-06,0.0006882266941499252,0.003528975060342183
35,0.9877620685320088,0.00013182423391727864,0.00018054252151219514,3.5328504711457164e-09,1.3057737948962498e-05,3.251069966745379e-05,9.165153429108881e-08,1.2903550591046143e-10,0.008717647481031461,3.084122827000538e-09,3.888872109805177e-07,1.3369873105789723e-07,5.82314266770861e-07,1.6814636320305141e-09,1.9677196871378974e-07,3.637977269067123e-09,2.5379227160417818e-05,0.0002090244585216975,0.002646255799277266,2.777215812663644e-09,3.344323869935616e-07,2.861250936743493e-07,1.6820152799895223e-08,0.0001976924991682488,8.195126577550199e-05
36,0.9901648718656321,5.603984153034064e-05,9.144185068639223e-05,1.648357145774456e-09,3.610070829643428e-06,6.121497021025285e-06,7.159648170278293e-08,2.415741963399904e-10,0.006797961232960227,1.3123691965566428e-09,1.5074872399667524e-07,2.5259881462378535e-07,5.408327325355948e-07,7.920482274035623e-10,1.6116443256109154e-07,3.367947184798207e-09,1.4721118526371767e-05,0.00023208006678653595,0.00252648022662158,1.0497186213200614e-09,1.8042191438169169e-07,4.814840451753616e-07,2.4591918008416044e-09,6.564628228063459e-05,3.917622877373156e-05
37,0.9908350763422017,7.230616736002145e-05,0.00012183644229695365,1.994136114000645e-09,6.084623966383143e-06,1.5092714004382927e-05,5.90927839252793e-08,9.639433832986655e-11,0.006931137228256981,1.8353284562486795e-09,1.6466479847931176e-07,9.44239651374596e-08,3.4688482066847126e-07,8.38699267337897e-10,1.0981935817495112e-07,2.173354703979309e-09,1.4012255998272482e-05,0.00023655446110153847,0.0016177389145323423,1.2299393987410621e-09,2.0909021568580106e-07,1.9609828933994127e-07,5.135122480385456e-09,9.83601550094934e-05,5.060731806578937e-05
38,0.9939197732750487,3.960273254047812e-05,0.00010743423941015617,7.194254692131837e-10,4.32159504552963e-06,1.283319973786061e-05,3.9888458406562176e-08,4.846993626965367e-11,0.004516418960405816,1.2347210356004434e-09,7.568045805563321e-08,3.531079302814646e-08,1.8694992033781124e-07,3.2537315972520605e-10,6.256465492771996e-08,1.3765449994603309e-09,4.623009606223017e-06,0.0001324932454605419,0.001164873502472502,5.792870418769288e-10,7.322424359161288e-08,5.352940300079733e-08,2.13041849097016e-09,6.906883377663779e-05,2.8023844324129234e-05
39,0.9878141065734055,3.463737323514159e-05,0.00024801730612864544,2.167102167443967e-09,4.410537903864177e-06,3.93601876109265e-05,4.7446516870043106e-08,1.6467657812203742e-10,0.008330407681502346,2.456030414147355e-09,1.7057020628944702e-07,8.441206947589224e-08,7.369412928726861e-07,5.059606956082362e-10,1.379824517596865e-07,4.549128562400371e-09,2.5061091576974613e-05,0.00036520184247001113,0.002925020603470778,1.5374450673386877e-09,4.972853975547297e-07,2.6614499828620227e-07,4.695864592942056e-09,0.0001677210757599255,4.4098867794428734e-05
40,0.991909225755048,6.642599592502294e-05,0.00016031437803096886,1.3892415569608087e-09,5.9629009237448835e-06,1.0316390720007503e-05,8.739195761583785e-08,8.676213328646737e-11,0.0064021196102642,1.5294119721240192e-09,1.1334460449815837e-07,1.0135809875418348e-07,2.7314086343581214e-07,6.444314994650032e-10,1.287520733803804e-07,1.5097977719569781e-09,7.531087075188549e-06,0.0001568553027129193,0.0011618418315905215,8.640392404809086e-10,1.4506732397528199e-07,1.2732736925423263e-07,3.795985779325853e-09,5.8993900999682255e-05,5.942664474897851e-05
41,0.9921535579831845,5.825177886556678e-05,0.00011095022475051175,1.460989516033193e-09,5.401356739493645e-06,1.15322504696504e-05,4.9773739363891726e-08,6.916699169230104e-11,0.006123599036464276,1.363657249644663e-09,1.2120764998682627e-07,7.260369196010362e-08,2.950439715859245e-07,5.678316283161884e-10,8.091687065806446e-08,1.6887915352228371e-09,9.729018977651993e-06,0.00019173948289502417,0.0012098984855744663,9.505066396462181e-10,1.4307717799382477e-07,1.233954367775913e-07,3.6314114628435875e-09,8.412480333030464e-05,4.031982785523714e-05
42,0.9818870003122627,6.512648871926667e-05,0.00021120031873796287,3.750496902099774e-09,3.410295672405824e-06,2.4435000882035383e-05,7.31065532910185e-08,3.639386933405076e-10,0.010847889178119501,3.5390454785323634e-09,2.732067157962932e-07,2.347735595183486e-07,7.539624351344287e-07,6.959295590217609e-10,2.3543886805370323e-07,7.913618400569203e-09,2.3249536642073044e-05,0.00039505308352074026,0.006254457250260314,1.9376532716883035e-09,5.624892859851645e-07,8.36418930855455e-07,6.0039168795601995e-09,0.0002473092609078476,3.7875673327258714e-05
43,0.9930388633832307,5.7445546611395086e-05,0.00010005867339643505,1.4519796256846262e-09,4.949723360079553e-06,8.75324372855421e-06,4.702680831828165e-08,6.059371302584073e-11,0.005449884215745578,9.205392069624114e-10,1.3877852072664803e-07,8.141984218774653e-08,2.5303557327873147e-07,5.825263622751103e-10,6.840770623426057e-08,1.2088276262319841e-09,8.484685707547467e-06,0.0001582131822840915,0.00105535015312036,7.527280065705626e-10,1.0693669818818273e-07,1.0916137800366568e-07,3.6589517794253396e-09,7.943852739526431e-05,3.7745262746889694e-05
44,0.9921448802919549,6.397734929305238e-05,0.00011471400868282491,1.7562468450374067e-09,4.952168165707323e-06,1.2523321646118685e-05,5.1604676239151336e-08,7.772925725149517e-11,0.0058625977979284115,1.6916629754543962e-09,1.363067165627128e-07,8.369935008863411e-08,3.081079483165032e-07,6.818913235642132e-10,7.962163353272049e-08,1.7182819845996378e-09,1.1519563779714105e-05,0.00021882427367781254,0.001424986724548106,1.0428570010377644e-09,1.7557365469707865e-07,1.579408909125473e-07,4.5743191306963815e-09,9.703538014931353e-05,4.298472231499364e-05
45,0.9859524642648683,4.665208700907334e-05,0.00021089863954736057,2.00542509530276e-09,5.67464939235099e-06,2.2191801572604873e-05,7.617242329385229e-08,2.5806141234297896e-10,0.010522947083999638,1.5462890614275158e-09,3.177091064866634e-07,1.0426588533380193e-07,3.586554002266448e-07,4.860169899321556e-10,3.434705140059363e-07,6.2616917887583e-09,9.523362235781801e-06,0.00024568108399732606,0.0028091928336944536,1.1309507404333288e-09,1.6655388558124828e-07,2.876938690893403e-07,3.115288019138291e-09,0.00013814844745926175,3.495642141686473e-05
46,0.993120471042129,6.814632755309998e-05,0.00011410957121096899,5.546324693752841e-10,4.792791439709605e-06,3.939515592200973e-06,1.0719234010591553e-07,4.896702369507364e-11,0.0059910252816152264,1.1405107336412234e-09,4.3917572367645776e-08,4.936861876865565e-08,5.451096170677107e-08,2.808226513531888e-10,5.34098288210757e-08,7.689816608354043e-10,6.228066898799171e-07,7.50187967390885e-05,0.0005681653007748492,2.6053935112158025e-10,4.357962318054647e-08,2.0088722679388345e-08,1.2095145915027498e-09,2.886045771920986e-05,2.4471776900569044e-05
47,0.9915184059325847,7.66048585000902e-05,0.00012906040910882094,2.162588957286509e-09,5.858081437275259e-06,1.635982050485335e-05,5.575070647994033e-08,9.159172218131782e-11,0.006305296400330248,1.878676706090455e-09,1.9124726248559434e-07,7.973504192694388e-08,2.7509047271523565e-07,8.798323848115376e-10,8.888514936840257e-08,1.7930047701923218e-09,1.1699290853748639e-05,0.00022697197702550254,0.0015520936905113665,1.1359515002041476e-09,1.8077881879697752e-07,1.5856506475627965e-07,5.982141491687188e-09,0.0001124818714903889,4.412369134912776e-05
48,0.9889759129267844,0.00012344112918108723,7.191404191931047e-05,1.5554204019943797e-09,3.8518592379279735e-06,2.1464983155376714e-05,3.0387400986576994e-08,8.26533223583237e-11,0.004407277693504455,2.7752409750711482e-09,1.761814958098784e-07,5.559990345697711e-08,2.988824245301072e-07,7.832749907679691e-10,4.134745970140537e-08,1.7173416175410124e-09,1.5442778288187663e-05,0.0001547735575148962,0.00599150084080102,1.184119923202833e-09,1.4305146999385574e-07,1.7852255006632938e-07,6.763989157091914e-09,0.00021408810583069151,1.939324903761963e-05
49,0.9915873767745008,6.7823823880882e-05,0.00016796096089252273,2.7972442080478464e-09,4.35563185797992e-06,1.5046291834491493e-05,6.318816537298652e-08,9.616504238976869e-11,0.006218775616050898,2.3781305352932826e-09,1.5569665378588506e-07,1.1900458488444679e-07,3.825476375754598e-07,8.157984016067895e-10,8.444548550661351e-08,2.0066846747024278e-09,1.2504298287778306e-05,0.00025314801605980303,0.0014898985982178521,1.3056322372096404e-09,2.4421577937593724e-07,2.0099248634117568e-07,6.844715693889878e-09,0.00013122106495146998,5.0622588301926865e-05
50,0.9939548267993391,7.516864876070333e-05,0.0001202398294173578,1.6574501061768187e-09,5.339834605864941e-06,9.944991510145514e-06,8.700741858078013e-08,1.0184543394824948e-10,0.004131057405147099,2.9532599996951064e-09,1.1885250713266438e-07,1.1198311334918337e-07,2.9260238650703984e-07,1.0301966457515443e-09,8.458723490451355e-08,1.6785242730413207e-09,8.989359759963012e-06,0.00019151527625044812,0.0013719778595071466,1.1269342289145037e-09,1.6425317804746036e-07,1.4986195356005523e-07,6.019328055283257e-09,6.90828143274759e-05,6.0833466044021176e-05
51,0.99234444042037,0.00012901662194931141,8.486228579529389e-05,2.9448674928401223e-09,2.70823621923163e-06,7.749067195681695e-06,4.5247089555646056e-08,1.1124318576947395e-10,0.005387431881571031,1.9095243338557398e-09,1.2989467249462686e-07,9.900044122539224e-08,1.385856964225264e-07,9.976306822215546e-10,6.581450654282094e-08,1.2492369241433355e-09,8.877324182915184e-06,0.00022573956585037228,0.0017004734610696875,8.302390328507561e-10,1.300333524066183e-07,2.395833764169444e-07,3.966755199616839e-09,7.81004800567988e-05,2.974048710756229e-05
52,0.9924922898689108,5.3937313770694684e-05,0.00010714248108179891,1.4973246776961239e-09,4.654805446256914e-06,1.3031897151468766e-05,4.492717522376643e-08,7.470948309815518e-11,0.005611069039779816,1.5507615649265325e-09,1.313889365349705e-07,6.725345460464409e-08,2.7328558868686507e-07,6.277386910965163e-10,8.044092574667768e-08,1.6914254999975987e-09,1.0783260940812782e-05,0.00023866768161168538,0.0013388187645519015,9.243538143485665e-10,1.4964312038406178e-07,1.4699353705829674e-07,3.7206296011773473e-09,8.892874719408811e-05,3.977211987934266e-05
53,0.9864286834461512,0.00010757403610600879,0.00023474133704277838,3.5105595394051533e-09,1.5145628860438883e-05,1.3819851422014134e-05,3.2618404622226053e-07,2.0546653668287764e-10,0.01092318193317476,3.2449949813222067e-09,4.046882627625729e-07,3.4780715660768774e-07,5.313324954533545e-07,1.4118966721786081e-09,3.114262518203054e-07,3.917289305597189e-09,1.10743381693566e-05,0.00022087588935984138,0.0017886152306149997,1.7624237998386694e-09,3.854374103412168e-07,3.4042748824074146e-07,1.3586196283675349e-08,0.00013987252456329572,0.0001137408425967789
54,0.9789581016885375,4.933489283471236e-05,0.0003224120638614368,7.0350174940458195e-09,7.2570812810781825e-06,4.79958891076345e-05,7.901998022774082e-08,3.7189483237410437e-10,0.013869406476578614,2.3545746109150583e-09,9.549254554932358e-07,2.0863272238397108e-07,1.3028939729484444e-06,9.318805948049756e-10,1.0599301397382585e-07,6.957646532221629e-09,4.4987027785052174e-05,0.0005105409688816663,0.005326032672526513,2.9424981257539726e-09,9.68600170129727e-07,5.991024491937999e-07,1.7232943999327593e-08,0.0008317595267627948,2.791471762273682e-05
55,0.9874813765109504,3.2715127487770857e-05,9.43823248660726e-05,1.2664296453244588e-09,2.339328746647402e-06,4.625423242394789e-06,4.8868589433492276e-08,4.3980715696154285e-11,0.011197845066426964,6.402759288411867e-10,4.1412383655909644e-08,1.5402277487318012e-07,4.7593904177062557e-07,1.936646380098845e-10,4.512914748958992e-08,1.5072854749412361e-09,4.3244656461452864e-06,0.00019565195694351144,0.0008798111263893495,4.936594883679009e-10,1.505627913049129e-07,9.896845759223646e-08,1.0320663385945818e-09,8.179912312105606e-05,2.410946563168694e-05
56,0.9922283984604086,6.216904171010605e-05,0.00011417568843430477,1.781802217867483e-09,4.953194476355276e-06,1.223888786301186e-05,5.26034298075182e-08,7.921283423625021e-11,0.005747466973023183,1.6885582834036098e-09,1.3649041923873596e-07,9.105025350553548e-08,3.5718593290322543e-07,6.950884318033383e-10,7.756917000985369e-08,1.7107896559608723e-09,1.2157593302587922e-05,0.00021665803736372466,0.001456467458623471,1.1031551934491897e-09,1.7833582675834094e-07,1.608537076013701e-07,4.734347690880253e-09,0.00010091804064284803,4.333074245773533e-05
57,0.9910889681422261,6.926467528728763e-05,0.00010972945374535812,1.980425004394841e-09,4.2763569728339815e-06,8.963610573826159e-06,6.201381981724932e-08,9.581022868917383e-11,0.006355856105075338,2.0546533311513e-09,1.0715652762684979e-07,1.735531894383436e-07,6.39434234637142e-07,6.68259232781126e-10,8.57039808150406e-08,2.2019189382524887e-09,1.7205635418723818e-05,0.00022105714532159073,0.001967991590674754,1.4988456460339712e-09,2.5969666768556566e-07,2.753421433665216e-07,4.904556648172247e-09,0.00010503724501945846,5.00337346519892e-05
58,0.9924503230369971,5.5972758774717535e-05,0.00010962061344312639,1.657235638953004e-09,4.229946448689691e-06,1.1660159790444557e-05,4.508362444767236e-08,6.76359783907817e-11,0.005521640949357227,1.44080378902526e-09,1.355179037528868e-07,8.41124947827458e-08,3.26352078875334e-07,5.601244878506302e-10,5.806548857877014e-08,1.531525716374129e-09,9.480271407661083e-06,0.0001932497248345459,0.0014862745835619732,9.403995932867962e-10,1.530645142651004e-07,1.2894819642848342e-07,4.447135011631401e-09,0.0001236582506432746,3.294791557988203e-05
59,0.99206656646516,5.732495819402942e-05,0.00013426151688562005,1.8560258008065577e-09,4.284717334500017e-06,1.282310140456152e-05,4.831480870875986e-08,7.32979045989205e-11,0.0058771427748599125,1.599797941242307e-09,1.4368779303090153e-07,8.431926087046824e-08,3.145092356626588e-07,5.430265914563571e-10,6.556465279887592e-08,1.6709936261546841e-09,9.395770492218473e-06,0.00019837519724845196,0.0014717781116785047,1.0228967387773526e-09,1.7194968026142389e-07,1.3534632695714765e-07,4.899495785541301e-09,0.00013254663858510975,3.452539086449512e-05
60,0.9921448802919549,6.397734929305238e-05,0.00011471400868282491,1.7562468450374067e-09,4.952168165707323e-06,1.2523321646118685e-05,5.1604676239151336e-08,7.772925725149517e-11,0.0058625977979284115,1.6916629754543962e-09,1.363067165627128e-07,8.369935008863411e-08,3.081079483165032e-07,6.818913235642132e-10,7.962163353272049e-08,1.7182819845996378e-09,1.1519563779714105e-05,0.00021882427367781254,0.001424986724548106,1.0428570010377644e-09,1.7557365469707865e-07,1.579408909125473e-07,4.5743191306963815e-09,9.703538014931353e-05,4.298472231499364e-05
61,0.9923127364702019,5.7022899674857315e-05,0.00012888590757678312,1.8011230829770031e-09,4.3411628660061594e-06,1.2142270515654522e-05,4.937516635291551e-08,7.374711584384738e-11,0.005696902633655701,1.6008657718901785e-09,1.384428054403857e-07,8.482822587543509e-08,3.1998820025666446e-07,5.519660485449889e-10,6.651579292218093e-08,1.6242755696881325e-09,9.471905163030446e-06,0.00020168531412172587,0.0014173213936657671,1.0159018506280205e-09,1.6705089318461227e-07,1.34844459431548e-07,4.720334267814682e-09,0.00012277762225004527,3.573998655144877e-05
62,0.9921448802919549,6.397734929305238e-05,0.00011471400868282491,1.7562468450374067e-09,4.952168165707323e-06,1.2523321646118685e-05,5.1604676239151336e-08,7.772925725149517e-11,0.0058625977979284115,1.6916629754543962e-09,1.363067165627128e-07,8.369935008863411e-08,3.081079483165032e-07,6.818913235642132e-10,7.962163353272049e-08,1.7182819845996378e-09,1.1519563779714105e-05,0.00021882427367781254,0.001424986724548106,1.0428570010377644e-09,1.7557365469707865e-07,1.579408909125473e-07,4.5743191306963815e-09,9.703538014931353e-05,4.298472231499364e-05
63,0.9925664935106405,7.56625962392961e-05,0.00010640914876868773,1.7798888315521336e-09,5.009665487118737e-06,1.170027122903227e-05,5.0571639519627666e-08,7.430624230192705e-11,0.005455500767532886,1.8333571892189182e-09,1.257656463798241e-07,7.944042370962267e-08,2.808260514388994e-07,7.170629625021061e-10,7.408059261683925e-08,1.5723609931379198e-09,1.1278643820086349e-05,0.00020215639672934986,0.0014305740828530606,1.0935593862377901e-09,1.654562818109411e-07,1.4954823195591782e-07,4.820532082577565e-09,9.197944604006207e-05,4.229789072459917e-05
64,0.9909426514362293,7.537164084569257e-05,0.00013540322140319063,2.425188579878591e-09,5.529353988808023e-06,1.5063430025728728e-05,6.379180484703697e-08,9.123378116868653e-11,0.006789217568332726,2.442589877383428e-09,1.4310624713830654e-07,1.116440919479717e-07,4.130127953130098e-07,8.642931605175504e-10,9.239920134707873e-08,2.123766162169034e-09,1.5215288557034938e-05,0.00026810666875688244,0.0015804806530107488,1.4655462819333305e-09,2.948295811561666e-07,2.1269124737430633e-07,6.361528440282183e-09,0.00011662092054891733,5.499256918573699e-05
65,0.9924035265185955,0.00012874560100825872,0.0002545763557122708,4.596088500254006e-09,6.920173911883183e-06,2.48310219405029e-05,1.2686236200320385e-07,1.9680276848653412e-10,0.004885051522441124,8.631402485383095e-09,1.9053652401239945e-07,1.3485918602776764e-07,3.3914980617396866e-07,2.1825608779627358e-09,1.4293706318683775e-07,2.88000048234532e-09,1.6657909237169293e-05,0.00030000376161315294,0.0017652315563673412,2.637617016566532e-09,4.566172387409784e-07,2.5584544419441417e-07,1.6838314572702592e-08,0.000107093902427927,0.0001056769063340609
66,0.9930903344316712,4.907982541955393e-05,0.00012081232973267014,1.3587691691880537e-09,5.109914347175687e-06,1.4063179489985563e-05,4.2243773936276347e-08,5.709538712147316e-11,0.005091045450243059,1.656946825862337e-09,1.15406191535167e-07,5.994355160724555e-08,3.4267404840248994e-07,5.034420132363948e-10,6.269403493991459e-08,1.54104922502877e-09,1.171290115938431e-05,0.00020783859979587514,0.0012619758216958702,1.1052083216552274e-09,1.7289992780927706e-07,1.114145423819972e-07,4.484092660200659e-09,0.00010672453640557063,4.0385027365517e-05
67,0.9896047793732349,6.427562538666402e-05,0.00027289759909329865,1.4343482339542514e-08,9.484392951848938e-06,0.00017746197795735828,3.7036931000687166e-08,1.224072492832162e-10,0.00620193936125992,7.746355633631982e-09,5.494854580663111e-07,1.0924571500068345e-07,2.2438376389103215e-06,5.569581794328129e-09,6.99637127225126e-08,5.288692727813082e-09,0.0001265196055193719,0.0008452941647658311,0.0019093639233257818,9.284274379686326e-09,1.0715566130598222e-06,3.3078539272357993e-07,6.93660526146221e-08,0.0006563927845365543,0.0001270675596604711
68,0.993013802410204,5.522978835198606e-05,0.0001461671554094436,2.2026121490057256e-09,2.9310440453515902e-06,1.0756448267913083e-05,4.396879116973231e-08,6.569550836785735e-11,0.005252912363110105,1.768221829186472e-09,1.0121613597520518e-07,8.589548719214802e-08,2.611812224078515e-07,5.360573460194832e-10,3.9800993094546944e-08,1.3221382527813388e-09,8.339108657936838e-06,0.00021722547283900334,0.0011435060184746485,8.530995381259769e-10,2.0298833703635404e-07,1.2154280624583088e-07,4.659395025304775e-09,0.00011641388433919325,3.184830530742881e-05
69,0.9905794805637803,7.996621185381396e-05,0.0001608330326941075,2.664294537485283e-09,6.035490188443843e-06,1.7095051167289493e-05,6.72969491250403e-08,1.1370485412621958e-10,0.006765799511705217,2.142200228466244e-09,2.3779873971799254e-07,1.1330976274118693e-07,3.591918947932121e-07,8.488832441425693e-10,9.881959544990626e-08,2.2908504380535726e-09,1.204647664518152e-05,0.0002095788443566886,0.001959392476160102,1.4140401298872114e-09,2.4257519197368827e-07,1.9130544736042246e-07,8.218430032556913e-09,0.00016546154537268185,4.2982806091553997e-05
70,0.994429351174012,3.959547277981218e-05,0.00011161785704169481,1.3895614044951204e-09,3.584344165267767e-06,7.619698209678048e-06,3.957596114737972e-08,7.583425254472067e-11,0.004468398972936312,1.2084128467412515e-09,7.617874337097128e-08,6.207821997574484e-08,2.4607555876104785e-07,5.551686549722803e-10,6.996457898436075e-08,1.6022748418825238e-09,8.541653873871103e-06,0.00021700823372243163,0.0006296104765912665,8.552696160163987e-10,9.051812578872731e-08,1.0649062528469742e-07,2.1239529041287364e-09,4.3356327873967854e-05,4.061709650568815e-05
