,0,1,2,3,4,5,6,7,8,9,10,11,12,13,14,15,16,17,18,19,20,21,22,23,24
0,1.142953074053267e-05,0.03847483842324373,8.477479484692668e-05,0.16017041103776464,0.07253010167778805,0.4461349585310131,8.207724582990187e-05,1.0860366373872791e-05,0.003116212870388373,0.0002297131653305793,0.0774079512293169,4.369141030711667e-07,1.5914511593522105e-07,0.043947051599935456,1.1343332957912379e-06,0.001442659522202222,0.00014503689685383886,4.2923399103521575e-05,4.482798786407971e-05,0.005429352322746528,8.848092716766118e-05,1.9120929384068023e-07,0.13020284920196823,0.020351728494117184,4.983917359609168e-05
1,1.3401849851800747e-05,0.051481874846695405,0.0001753066877594577,0.2670414742851468,0.04078844590828718,0.3394137271984184,0.00015745301649070268,1.0439494604004411e-05,0.002168310298123608,0.0006850649376024746,0.04389576064045395,5.364359488682164e-07,7.99748492438721e-08,0.0477742676599501,7.055137094229476e-07,0.001111512372435478,4.4215051845660804e-05,4.260245500693399e-05,2.6150955231633825e-05,0.004322996021287418,7.286158052996311e-05,1.087308691821285e-07,0.18260602711591806,0.018103039292279525,6.363767670475395e-05
2,1.0958751368587304e-05,0.05574868632240664,8.430324719890248e-05,0.21153982681708908,0.08176701071511577,0.21368579064803894,0.0001625462714817718,7.755664793486773e-06,0.0014060361934455322,0.00046808527648241837,0.053872292712317325,4.4471169315778277e-07,6.424069364122893e-08,0.07783564096179071,8.583365159833898e-07,0.000602668724359984,6.162311065054335e-05,3.4894770899043875e-05,1.3720378184412018e-05,0.00503160731857938,4.735538314856726e-05,1.0086987542485247e-07,0.28728590974104673,0.01022790886664417,0.00010390996618004904
3,7.95268050300387e-06,0.04001301047926597,9.355234719699357e-05,0.2743798643086613,0.039413799671235476,0.2293927354226781,0.00012151147307396348,6.987636009591265e-06,0.0011825657589386255,0.00043883723490623094,0.052783606888762755,4.552890673003126e-07,5.5632102751411673e-08,0.06428110826349052,4.7552830627008225e-07,0.0005271630728104346,5.293812910679388e-05,3.3613895926721393e-05,1.3897382005388347e-05,0.0036229007788236333,6.12555709449388e-05,1.0401107899183055e-07,0.2799248323261899,0.013583160578750501,6.361564016372935e-05
4,8.344582012995348e-06,0.04008099378551622,8.929976941907064e-05,0.28040349443560314,0.038784907926549796,0.2221639113453572,0.00011695285555526105,6.5095481348649e-06,0.00127767648058908,0.0004005015224525915,0.05184642634867874,5.394074510296798e-07,7.155252637889988e-08,0.0668350488750614,4.73288723056597e-07,0.0005040582917500046,5.8609372987753585e-05,3.4780317088246145e-05,1.4371628084258165e-05,0.0036475904054200413,6.428890130508949e-05,1.1456513085680346e-07,0.27924263585199594,0.014351410630182403,6.698831242451045e-05
5,7.247799061132497e-06,0.035764731250338855,7.457554975456354e-05,0.3468331508866083,0.026942648104944206,0.1903390196176007,9.668498835245478e-05,5.695246462652441e-06,0.0009719252034921163,0.0004529215233610981,0.044409820012786774,4.7342260321125947e-07,5.186803368506586e-08,0.07052846918578137,3.20849559674409e-07,0.00043962937706489263,5.055802925962744e-05,4.089375522952116e-05,1.0416370659624465e-05,0.0034926999608669088,5.8765386041785667e-05,1.0167096991265918e-07,0.2658758640989329,0.013544814849618779,5.852099261526565e-05
6,7.95268050300387e-06,0.04001301047926597,9.355234719699357e-05,0.2743798643086613,0.039413799671235476,0.2293927354226781,0.00012151147307396348,6.987636009591265e-06,0.0011825657589386255,0.00043883723490623094,0.052783606888762755,4.552890673003126e-07,5.5632102751411673e-08,0.06428110826349052,4.7552830627008225e-07,0.0005271630728104346,5.293812910679388e-05,3.3613895926721393e-05,1.3897382005388347e-05,0.0036229007788236333,6.12555709449388e-05,1.0401107899183055e-07,0.2799248323261899,0.013583160578750501,6.361564016372935e-05
7,1.6689216926536703e-05,0.03486869698060529,0.00026470560198161154,0.18645531001213397,0.034825318399195004,0.26918382488215997,0.00017240284420918107,6.953627317063011e-06,0.0012366578106550467,0.000707718259545532,0.04052682014362831,4.633830500587419e-07,7.553165593742732e-08,0.03087975810118849,3.7044021445221417e-07,0.00039560892092022835,3.2182031248532615e-05,3.587104338124014e-05,2.25863887889529e-05,0.00332467420450063,5.3063788979083275e-05,6.911641769243783e-08,0.37000716892408547,0.026920696605864294,6.231374134728606e-05
8,4.41885273050391e-06,0.035583453782058676,9.811841084935323e-05,0.2903308726116677,0.019577196500903424,0.09911761852571273,0.0001312049796231658,4.014791184404145e-06,0.00042706820367633666,0.0005928531094759883,0.022245173564035194,3.9334689426578805e-07,2.4044361424276496e-08,0.053395714727934064,1.4008309654077654e-07,0.0001984333993994974,1.4605441609257675e-05,1.2023815995341368e-05,5.117071904045597e-06,0.0028112346260962045,3.3661396965766257e-05,3.207564493003684e-08,0.46650497874415664,0.008865754971947888,4.5892922076546126e-05
9,4.09517201843699e-06,0.03556780136894492,0.00011118256772047092,0.4365592747016666,0.012864695553326493,0.12302590744584306,0.00010438312275484967,3.6723311545608566e-06,0.0005619752701466836,0.0006345115426094571,0.019323199414453766,4.4306962111065306e-07,3.057527354480758e-08,0.04543703479384452,1.3793474150157962e-07,0.0002753789994434451,1.7377702522689927e-05,1.5984788015887005e-05,5.221315227252757e-06,0.002921238121528565,5.445643186508293e-05,3.979101679424257e-08,0.312091887230673,0.010377284305458185,4.2786450129168856e-05
10,7.95268050300387e-06,0.04001301047926597,9.355234719699357e-05,0.2743798643086613,0.039413799671235476,0.2293927354226781,0.00012151147307396348,6.987636009591265e-06,0.0011825657589386255,0.00043883723490623094,0.052783606888762755,4.552890673003126e-07,5.5632102751411673e-08,0.06428110826349052,4.7552830627008225e-07,0.0005271630728104346,5.293812910679388e-05,3.3613895926721393e-05,1.3897382005388347e-05,0.0036229007788236333,6.12555709449388e-05,1.0401107899183055e-07,0.2799248323261899,0.013583160578750501,6.361564016372935e-05
11,8.373929438391113e-06,0.03975869980745578,9.501708012479824e-05,0.27725546809718765,0.039702518586087164,0.22241276491976275,0.0001241765382016762,6.887604834865508e-06,0.0012252680068447945,0.0004381655329013902,0.05134433224064264,5.082985818798484e-07,6.692434723575792e-08,0.06352879769150523,4.7194565308155233e-07,0.0005269127599265994,5.6111337673234764e-05,3.463367684998918e-05,1.427996059232009e-05,0.0037913941401806683,6.339048404775891e-05,1.0881382639099621e-07,0.28514365054708724,0.014402143651695025,6.585742455140581e-05
12,5.147659522502759e-06,0.044440616810177906,1.0468251908331494e-05,0.15483283165206133,0.06717625328233988,0.20690576959052898,2.575038125897553e-05,7.296233959028198e-07,0.0004320270184975809,0.0003772338081879989,0.0108819392942523,6.606187975009504e-08,2.7788548632954174e-08,0.2119405723093311,1.173138794238356e-07,0.000105677404333188,0.0001696925581605615,4.958581619498046e-05,1.8237699325059732e-06,0.003915829877877635,3.4005946919773336e-05,3.957580054299952e-08,0.2962898962367186,0.0022496758706750664,0.00015422209761651527
13,1.9700390728648376e-06,0.014930398699813236,4.018438678504902e-05,0.26596258072938855,0.018645692565477358,0.0760321361301822,9.530437953157321e-05,8.792673078813047e-06,0.0004555618311345844,0.00010890006597963962,0.13892388445673917,6.903207312702479e-07,2.3792433453229547e-08,0.08809423312938187,3.3715183695178606e-07,0.00018685028180152186,2.7827047901644616e-05,1.4504263976482116e-05,6.157839112962867e-06,0.001279107586686492,3.849089539306267e-05,1.4129189803327232e-07,0.3869309613986516,0.008186267045656835,2.9001997354819814e-05
14,7.744416133936158e-06,0.024602775617530052,0.00015942465890801558,0.30642873434866,0.02482226328161767,0.2985418232768375,8.182507313299335e-05,7.34768796402983e-06,0.0014677800039760056,0.0002909604499657299,0.046190052314456255,4.520068736796503e-07,7.455136550417269e-08,0.039287223236506304,4.7441582905714925e-07,0.0005594567773109124,5.377863597133003e-05,3.135337106141844e-05,1.3246206503259425e-05,0.003090744774251809,7.079452341204481e-05,9.855289550307605e-08,0.2387022594705942,0.015534491759324597,5.482058891809141e-05
15,7.95268050300387e-06,0.04001301047926597,9.355234719699357e-05,0.2743798643086613,0.039413799671235476,0.2293927354226781,0.00012151147307396348,6.987636009591265e-06,0.0011825657589386255,0.00043883723490623094,0.052783606888762755,4.552890673003126e-07,5.5632102751411673e-08,0.06428110826349052,4.7552830627008225e-07,0.0005271630728104346,5.293812910679388e-05,3.3613895926721393e-05,1.3897382005388347e-05,0.0036229007788236333,6.12555709449388e-05,1.0401107899183055e-07,0.2799248323261899,0.013583160578750501,6.361564016372935e-05
16,6.954940652292364e-06,0.052257494018830564,6.791428116194124e-05,0.3278237387687723,0.03207506634902024,0.1640214509968296,0.0001501704884549016,9.575531363524594e-06,0.001027405206653898,0.0006685038085075456,0.046307589884262916,7.47909231324846e-07,5.707888420408454e-08,0.08983347166005176,4.871351953591468e-07,0.000621194313443429,5.634205690333314e-05,3.7899299781850254e-05,1.6670664844480828e-05,0.003856551604238991,9.85935865325265e-05,1.672709703848895e-07,0.26989331087248225,0.011100816315445159,6.78259574851475e-05
17,3.6751636331289693e-06,0.026209995837915282,3.628822071537945e-05,0.26325436184429307,0.03599835833140068,0.10702778358692672,8.731698570773226e-05,5.510565979598464e-06,0.000559269529086576,0.0002665098402431022,0.050757056940675095,4.674865970113187e-07,5.2675996562738535e-08,0.09119832884126382,2.77070484281031e-07,0.00030391516762908355,7.046555572533081e-05,2.2581560353955907e-05,6.4749655367667615e-06,0.0036661603924023727,5.002988239318887e-05,1.1350394321765903e-07,0.4122693981916299,0.008150944442985237,5.466341648303346e-05
18,7.198321223927468e-06,0.03821940062200738,4.1637267295527103e-05,0.23954935537317176,0.04832325583256884,0.1779443912028632,8.512812147552426e-05,3.4552069206030532e-06,0.0007468501553579414,0.0004924386650959926,0.03204472909899947,3.217303355235855e-07,6.068002722205145e-08,0.0938506095560983,3.2239761164173126e-07,0.00028733792201350605,0.00010707463815829407,4.834452857908524e-05,7.01092982760473e-06,0.004182158643258292,6.096711359193485e-05,1.0527399396240167e-07,0.3561998945839138,0.0076837485560468845,0.00011420357956376733
19,7.67009497700139e-06,0.04851552889307948,0.00013049144850504424,0.395101587872741,0.030112003135900924,0.15027657267842442,0.0002109380341714895,9.702832221248081e-06,0.0014008954868654179,0.0004923070278038396,0.046659672041139216,9.15569069681949e-07,5.890550886924608e-08,0.0573861417322022,5.191999633898053e-07,0.0006115953604234269,3.394149658164061e-05,2.707446261218175e-05,1.3744753492951433e-05,0.0029910214676403643,7.057641622661272e-05,1.2305391879355362e-07,0.2532032094981816,0.012682202981654296,6.15055566948858e-05
20,6.84996710184052e-06,0.037382226467576884,0.00011096506344238685,0.33337464083690266,0.030491819032242524,0.18646469182656192,0.00016712450619558658,1.8609345728519538e-05,0.0012381555641097308,0.00040234972617457813,0.09006511663571161,7.705715282508356e-07,4.870191580834718e-08,0.07298284707188939,1.0728413181494849e-06,0.0007720134350296266,5.2864408241553295e-05,3.6733646905477485e-05,1.9604501230183068e-05,0.003045296356281239,7.22205717055594e-05,2.4247636038309825e-07,0.2320055024200638,0.011228697288477892,5.953673730449081e-05
21,7.772477711598407e-06,0.047741624811359136,8.06413055764396e-05,0.4209299692491735,0.02396929137202633,0.18478911938513107,0.00011998595704991776,9.98568716576596e-06,0.0014211850484212294,0.0006357362120371548,0.037252703782853135,7.177922710508168e-07,5.8161363351186405e-08,0.092381967843909,3.7619909102088855e-07,0.0009471721166736226,3.2829713428062686e-05,4.268417268980463e-05,1.3163770131078932e-05,0.003963895947991555,6.109798314191379e-05,1.1372069521248863e-07,0.1732163784954889,0.012333381563892822,4.814723072722507e-05
22,1.074160725874133e-05,0.027790233028375255,8.922942335534596e-05,0.22483202725105478,0.04165394913145067,0.320627672285992,7.536269341333386e-05,6.736481423074865e-06,0.0011840023178538144,0.00040708484601727815,0.0667210826635726,2.755817875133684e-07,5.619052429043451e-08,0.05706551132817645,5.901734876552674e-07,0.0005641685272582195,0.00010586739530923682,7.112830674191938e-05,1.460426410116595e-05,0.0038379085816455535,6.461689547120598e-05,1.5772030668437383e-07,0.2395586468075322,0.015247063910391063,7.128258749998602e-05
23,7.95268050300387e-06,0.04001301047926597,9.355234719699357e-05,0.2743798643086613,0.039413799671235476,0.2293927354226781,0.00012151147307396348,6.987636009591265e-06,0.0011825657589386255,0.00043883723490623094,0.052783606888762755,4.552890673003126e-07,5.5632102751411673e-08,0.06428110826349052,4.7552830627008225e-07,0.0005271630728104346,5.293812910679388e-05,3.3613895926721393e-05,1.3897382005388347e-05,0.0036229007788236333,6.12555709449388e-05,1.0401107899183055e-07,0.2799248323261899,0.013583160578750501,6.361564016372935e-05
24,6.388441856900603e-06,0.045786193473916374,5.391796171448058e-05,0.3286159810395218,0.029854347674204022,0.16512174840372937,8.948438654539075e-05,5.439224065078168e-06,0.0008621294804824378,0.0005078249030680519,0.03672316725150238,4.5123486894988686e-07,4.9293643388241674e-08,0.095267311751773,2.6579554453042187e-07,0.00045256788188338323,5.021643065963279e-05,3.35452847237163e-05,9.99040689579107e-06,0.004373948956996869,5.055196075957758e-05,9.162536698655615e-08,0.2808454655890184,0.011234827961902026,5.4093585357441946e-05
25,2.218275825408009e-06,0.017749270226216782,4.243969239890196e-05,0.32972152320418985,0.020477539313455796,0.09830643168286701,0.00010838228439767085,1.3885283520695186e-05,0.00046828445380978783,0.00022809373134664564,0.10584645668682972,4.993551778797616e-07,2.0876131896236188e-08,0.103075848238353,2.6448665383540037e-07,0.00039916472072653117,2.665754468632669e-05,1.904351728751646e-05,7.175243420046048e-06,0.0022025290753493153,3.994431851499897e-05,1.151421357273279e-07,0.3121785565843006,0.009064425991449786,2.1230070954231624e-05
26,1.4699319838261972e-05,0.027556163036370922,0.00012543412585419925,0.18731199493695813,0.038130373730319675,0.31422626859453867,5.785363294582084e-05,2.693141080075389e-06,0.0013808179304364116,0.0003551466148895454,0.040299821178029854,2.720677749739026e-07,1.0347827199333277e-07,0.026918337357735193,1.8258053383363637e-07,0.0003631898235036309,6.924638771864442e-05,4.448403857945158e-05,1.625919618799051e-05,0.004799414158502538,5.971404713881307e-05,5.872331007250206e-08,0.31726586957740593,0.04095673908781453,4.486323426090113e-05
27,7.748728431465831e-06,0.03767639583882148,9.170604094228058e-05,0.28755757598634124,0.0354318094772999,0.23383810613036995,0.00011569978456628914,9.45713857366207e-06,0.0012938916186656564,0.0003848412320518752,0.07173358553618979,5.173895520472333e-07,5.5734013921954595e-08,0.06814083111225284,6.40677823621081e-07,0.0006425486207768457,6.0971158499363546e-05,3.811090425763981e-05,1.7377300669591075e-05,0.0034934378251238337,6.471761092107966e-05,1.5999007437567372e-07,0.24486738924428444,0.014475229138738577,5.719578075835345e-05
28,7.95268050300387e-06,0.04001301047926597,9.355234719699357e-05,0.2743798643086613,0.039413799671235476,0.2293927354226781,0.00012151147307396348,6.987636009591265e-06,0.0011825657589386255,0.00043883723490623094,0.052783606888762755,4.552890673003126e-07,5.5632102751411673e-08,0.06428110826349052,4.7552830627008225e-07,0.0005271630728104346,5.293812910679388e-05,3.3613895926721393e-05,1.3897382005388347e-05,0.0036229007788236333,6.12555709449388e-05,1.0401107899183055e-07,0.2799248323261899,0.013583160578750501,6.361564016372935e-05
29,7.95268050300387e-06,0.04001301047926597,9.355234719699357e-05,0.2743798643086613,0.039413799671235476,0.2293927354226781,0.00012151147307396348,6.987636009591265e-06,0.0011825657589386255,0.00043883723490623094,0.052783606888762755,4.552890673003126e-07,5.5632102751411673e-08,0.06428110826349052,4.7552830627008225e-07,0.0005271630728104346,5.293812910679388e-05,3.3613895926721393e-05,1.3897382005388347e-05,0.0036229007788236333,6.12555709449388e-05,1.0401107899183055e-07,0.2799248323261899,0.013583160578750501,6.361564016372935e-05
30,7.95268050300387e-06,0.04001301047926597,9.355234719699357e-05,0.2743798643086613,0.039413799671235476,0.2293927354226781,0.00012151147307396348,6.987636009591265e-06,0.0011825657589386255,0.00043883723490623094,0.052783606888762755,4.552890673003126e-07,5.5632102751411673e-08,0.06428110826349052,4.7552830627008225e-07,0.0005271630728104346,5.293812910679388e-05,3.3613895926721393e-05,1.3897382005388347e-05,0.0036229007788236333,6.12555709449388e-05,1.0401107899183055e-07,0.2799248323261899,0.013583160578750501,6.361564016372935e-05
31,1.1499251510474524e-05,0.04134558133118851,0.00016376590612482962,0.27122659943106825,0.03415680206183222,0.18731767521185688,0.00019062789870536885,1.1082998265329059e-05,0.001031943800063941,0.0007525267241491616,0.04148644519255302,5.326339349404356e-07,5.175533463984052e-08,0.05579144514510135,4.3779218054640176e-07,0.0004527096650080161,3.888491741130536e-05,3.960468748371921e-05,1.623251028732811e-05,0.0035278974165781868,6.627132791098546e-05,1.0232433662816268e-07,0.34832850721728537,0.013975661232324013,6.71115675048851e-05
32,9.102300087045116e-06,0.04355452062992061,9.824496660766015e-05,0.2598147248849016,0.03934422148696869,0.24304960934496522,0.0001253177071872654,7.523655458554632e-06,0.0012844457376931491,0.00046691962239626706,0.05503283709523453,4.962574465780157e-07,6.069394346187557e-08,0.06485750915940183,5.221253536496246e-07,0.0005460338696576719,5.6120149988068946e-05,3.665616746297347e-05,1.7792242880706092e-05,0.0036353274499799585,6.598581631654435e-05,1.1917315161786642e-07,0.272948367702315,0.014982892003725507,6.464975695584517e-05
33,4.3827199703916534e-06,0.02396426620677784,5.079040640583651e-05,0.26567445551540864,0.02923500420097049,0.19588422850789244,7.779596647084569e-05,7.00699748257137e-06,0.0006793730378671727,0.0003777788838004856,0.05571950565123492,3.8540220266226403e-07,6.230444710964994e-08,0.07912868794203633,2.632349323178097e-07,0.0005168995423707601,7.140852214004265e-05,2.9956713028416603e-05,1.1689252948030019e-05,0.004109211005961375,5.843731133889638e-05,1.2171126628707245e-07,0.33021942401062515,0.014140618121949895,3.824683047112812e-05
34,1.0168493034797582e-05,0.04555641282570167,0.00010924280970807536,0.25815455822618916,0.042468995563011896,0.2546237465069277,0.00013083311606324613,7.570965483282576e-06,0.001540633017873879,0.0004259478916580378,0.057197486211741436,5.267493789924455e-07,6.569090861044015e-08,0.06063832468899347,5.672137103393134e-07,0.0005651805730672805,5.536131510669381e-05,3.719304854327751e-05,1.9016928706183444e-05,0.003523631265659216,6.647615967541844e-05,1.1851060490866518e-07,0.2588321074902753,0.015969532397414863,6.63023405622906e-05
35,3.324151701219811e-05,0.05733400707542967,0.00021211626028203547,0.37932776311357114,0.03835077870816646,0.23947599115664886,0.00022700249187552243,1.376733581678314e-05,0.0033689186100757905,0.0007315804181146716,0.04766896980297912,8.444209170544288e-07,7.29992027655004e-08,0.0510257687878808,6.126060414266311e-07,0.0007101683551362414,5.1613567569202244e-05,0.00014933634202128192,2.5555164491479006e-05,0.002872785260895703,9.934096316753028e-05,1.8867475711652834e-07,0.1557042189446401,0.022530673267341376,8.46841559656835e-05
36,1.2453362867784082e-05,0.050346678619972336,0.00011738282838518084,0.3488090746325848,0.03837132591883856,0.18412934120553112,0.00023171801084310076,3.181219524024777e-05,0.0027026675372983653,0.0003781395091970797,0.09171637508854029,2.1296032893959264e-06,1.3941845717523116e-07,0.08455010985063659,1.8258293545545374e-06,0.0017283350287603633,6.489545341281845e-05,4.512264769863774e-05,4.357549192677305e-05,0.0038076128623265215,7.215159321880192e-05,4.4094868320663255e-07,0.17712659678077328,0.015640072459067567,7.002312309557424e-05
37,1.280612074223986e-05,0.04066652603138847,0.00012178275493593409,0.3045404712774734,0.02816749327479363,0.16454651169522677,0.0001248812535900276,4.8754481078811845e-06,0.0009873451943590824,0.0006924478282482528,0.0365896175833062,4.493544539375491e-07,5.2933128623009166e-08,0.043524977112317426,2.0026729124527687e-07,0.0003477746179394207,3.857187075355635e-05,4.7625915117932094e-05,1.2780010814500248e-05,0.0038790750568033585,5.664543821253231e-05,7.844409170898776e-08,0.3508395458366974,0.024744541512261898,5.29231679445204e-05
38,1.815618503055828e-05,0.04559940528252103,0.00019280390957179426,0.13606452420157247,0.056091989208644326,0.5018233441645428,0.00018309200507312737,6.343148918482248e-06,0.002051251436602289,0.0006062547053771319,0.04284524710899628,3.3844739538330294e-07,6.205247183249246e-08,0.039253563855512034,9.53194930881041e-07,0.0007983762474161778,2.9239971967522945e-05,3.6628166903457454e-05,2.8053185577705086e-05,0.0024547142205625172,4.548475454380782e-05,6.475253644372048e-08,0.15503747316065586,0.016748632064244148,8.40045684318621e-05
39,6.534615555273819e-06,0.013882249691397158,0.00016276138464850932,0.1850256280611858,0.025913866037570444,0.5233279358369789,8.245097291656355e-05,1.0256781130928752e-05,0.0011881208861178505,0.0003742148238587218,0.04448934224282813,2.7869450364634156e-07,8.897781468803523e-08,0.027157805676296023,5.717668597665087e-07,0.0008825035056113198,7.287725422301565e-05,3.629345051518041e-05,2.0974259699233323e-05,0.002756987818859967,0.00010645311861082019,1.0253467072263305e-07,0.15938698469400525,0.015071846467513552,4.287044662859002e-05
40,1.301485639126069e-05,0.05984492308958354,0.0001806339128852893,0.21407607206200424,0.05185220636818724,0.27485639462651523,0.00020126078444218475,7.515311585003848e-06,0.002195667700122942,0.00036499108624200345,0.05876113507735148,7.798029590861403e-07,7.61793316512702e-08,0.058380241064755554,1.1292085392524974e-06,0.00047337774216010353,4.106769076918946e-05,2.7232550444956833e-05,2.182555985436365e-05,0.0024103735965192753,5.810377907289397e-05,1.230470522264772e-07,0.2634852981538575,0.012635712138858637,0.00011084461051491671
41,4.0507112233821785e-06,0.029835945707369922,5.474516125809452e-05,0.2962086589601562,0.013709118687806481,0.1652420788159728,6.97419119906109e-05,5.585936876521266e-06,0.0004654578162125793,0.0005331305422163242,0.044372242044961915,3.8259968657680034e-07,2.9311630747026043e-08,0.07434701293276638,2.0030648359622186e-07,0.00026397875253828695,4.6929453777060216e-05,2.904334999399721e-05,1.2863660280593119e-05,0.002680378452940556,6.672673871998302e-05,1.1997746948400775e-07,0.3595716220331337,0.012440568433343777,3.938770119036954e-05
42,6.877382918107706e-06,0.02933302591130107,0.00013521212396847425,0.33212472712257285,0.01788401972114317,0.29022515718360303,0.00011764735013702825,2.4437080957192532e-05,0.0013941397697694174,0.0005463735721409007,0.07591214917054384,8.690128590876846e-07,8.948184909636428e-08,0.04940192280895648,8.907573266751288e-07,0.0015494254880289535,6.664678543366026e-05,4.1381171448252374e-05,4.4838739454875024e-05,0.003928602161784707,0.0001108906765263198,3.06507175557083e-07,0.1770630537164675,0.020050570315315486,3.674598831825897e-05
43,6.050738336694367e-06,0.027029026150691977,8.486380473969586e-05,0.2413084625358482,0.022779930858204234,0.35004943836733765,7.934613827828258e-05,7.659035145710372e-06,0.0006322418164396033,0.0012873719184687007,0.027230909089291037,2.2111972361711974e-07,5.6856130539525654e-08,0.05729908332905978,2.6241732504546526e-07,0.0007006235739612733,8.201363294306653e-05,5.348288137423666e-05,1.613155040595078e-05,0.005245626177616045,0.00011368889560150627,1.1174669480474682e-07,0.2526938912335347,0.013249355711918454,5.015042092924166e-05
44,7.95268050300387e-06,0.04001301047926597,9.355234719699357e-05,0.2743798643086613,0.039413799671235476,0.2293927354226781,0.00012151147307396348,6.987636009591265e-06,0.0011825657589386255,0.00043883723490623094,0.052783606888762755,4.552890673003126e-07,5.5632102751411673e-08,0.06428110826349052,4.7552830627008225e-07,0.0005271630728104346,5.293812910679388e-05,3.3613895926721393e-05,1.3897382005388347e-05,0.0036229007788236333,6.12555709449388e-05,1.0401107899183055e-07,0.2799248323261899,0.013583160578750501,6.361564016372935e-05
45,8.986901506376059e-06,0.03471518203254954,0.0001386585900518857,0.2895829025315759,0.04042626051619821,0.26856666436005455,0.00016673186424821917,1.3170946607113701e-05,0.0015905351350487024,0.00040825867535233145,0.07721052714970553,5.857668044670797e-07,6.175216136581925e-08,0.055267884724159014,9.070583940409926e-07,0.000935442398603877,4.4300757054808836e-05,3.6484158309022445e-05,1.911456205217825e-05,0.003329222720150259,5.763891422305901e-05,1.3653546064447574e-07,0.21202818529407705,0.015393072197066324,5.908445858555708e-05
46,2.9246383140322434e-06,0.011879570846495805,4.0282370936916855e-05,0.2648754656903873,0.016991642083482937,0.2546935976382799,2.677540159094086e-05,4.887854102763426e-06,0.00047310037139571866,0.00019706307265612003,0.05569031899853149,2.624162661227807e-07,8.885605922647225e-08,0.05527552741096737,2.7203417936973496e-07,0.0004088138773576498,0.00022063421523009505,3.1661828269145856e-05,1.0678801194535309e-05,0.00436367298788921,7.91118309103919e-05,2.0591506696306042e-07,0.32099774185984803,0.013699257175308028,3.644182527985585e-05
47,2.0845770999789004e-05,0.0675873471491708,0.0001324697166874883,0.2789450160718292,0.049130705859652915,0.266674037927377,0.00014588847492746424,7.387136442566258e-06,0.0027326591024025067,0.0006130717866757197,0.03942304070168558,9.54283789369624e-07,1.6893365873174094e-07,0.0484815820133118,7.79204052379143e-07,0.0011315858544486738,8.952585393459301e-05,5.496674419265781e-05,3.3785270843342046e-05,0.005463185699943166,9.850217049610415e-05,1.9646398271506447e-07,0.21495943655158256,0.024175447427318336,9.741383059461969e-05
48,7.785794940832864e-06,0.050900599322893626,6.446100129571464e-05,0.1666265194884539,0.02648282686642033,0.2961135824415735,8.580763971400219e-05,5.57739096551258e-06,0.0009005657325904439,0.0006048107820284021,0.052611851640459124,4.0279239486868663e-07,6.142869471231434e-08,0.06552070832595076,2.849978218784795e-07,0.00041672710404290774,6.404847329004547e-05,2.90717964503316e-05,4.605041789529403e-05,0.0035165298905886016,6.994078145846863e-05,1.361950714444684e-07,0.31087908004300424,0.02501589753056966,3.667212143143655e-05
49,6.329157800522047e-06,0.03274019105272883,0.00010417227266798459,0.3124532462572192,0.023671702713803474,0.20880830658552058,0.00010148340921353082,6.207871170134315e-06,0.0008970217885913651,0.0004492772593293118,0.045046746722538486,4.729112334637774e-07,4.943334634602323e-08,0.0591936705042911,3.6584131880548134e-07,0.0004093384467863613,4.267164719817673e-05,2.927068765316741e-05,1.1288281977995172e-05,0.003093244848285823,5.984805631508888e-05,9.723141780944227e-08,0.2997277998268959,0.013090064044199507,5.7133148497057624e-05
50,6.1069521110767e-06,0.045968063497792415,8.585842832177111e-05,0.19946237986474583,0.04260879682974019,0.11841272229216873,0.00034805828589053514,1.0796349528714904e-05,0.0004738481526352759,0.0012318857553436104,0.03450689710158401,5.284389607565738e-07,3.257989492016538e-08,0.08540040796460625,4.674832852052093e-07,0.0003573664968096196,2.5856208402668252e-05,2.1600337129699177e-05,1.1586762996253298e-05,0.003124006581033645,4.602659726789251e-05,8.446839263245916e-08,0.46118209797884097,0.006625553426990725,8.897116552673738e-05
51,4.50860318038935e-06,0.004386180742883946,9.015332465363331e-05,0.05036224293107435,0.10665778510665815,0.5322573095818318,7.687630318235003e-05,2.2179161232853007e-06,0.0006928599662748366,0.00021265063030964377,0.03446689302265966,7.90797295077744e-08,1.2198232184005227e-07,0.01296914243911921,3.383557344913864e-07,0.000759579428249542,5.532263612856806e-05,1.7187856049311102e-05,5.316525007054574e-06,0.003475377054703456,4.325591160683602e-05,1.8229053003503974e-08,0.23879017413040274,0.014621736866942401,5.267137611990856e-05
52,4.111445230880443e-06,0.05657277166172147,8.1102843249162e-05,0.3331959714172563,0.026097755614965995,0.07616490600033143,0.00017183945200890992,4.694947614096533e-06,0.0007191127538092175,0.0003637010589480114,0.030049972730330856,8.480219264885419e-07,4.488300940311958e-08,0.044389697396760505,2.2066239625958773e-07,0.00024941517252933696,2.882429744523689e-05,8.8046676284129e-06,1.0053507375234444e-05,0.0030625516416348747,7.612989809977169e-05,7.078942661638578e-08,0.41783585852697924,0.01086694191226814,4.459869705399363e-05
53,4.670596060791887e-06,0.03342182543316516,0.00010258517484973043,0.2819742156211757,0.059579279328616015,0.10631360656464954,0.00040407317096546175,1.1574470565010675e-05,0.000813899342110747,0.000416518971206123,0.07181735536042595,6.74477156884622e-07,3.4923115728304645e-08,0.061123005320099774,6.182129739416262e-07,0.00047980911724111014,1.96003830790954e-05,1.549556159434914e-05,7.16374505698841e-06,0.0026427317979280654,3.9862772797272625e-05,6.787661567794051e-08,0.3722464819803945,0.00849984828968817,6.500150846807056e-05
54,1.3680742663390223e-05,0.11228408603917991,9.199564616204455e-05,0.2307933291445437,0.05104446513265013,0.22099522658885148,0.00016486785663162495,4.412176266416491e-06,0.0014652986672235879,0.0007109318681043707,0.02960133462546327,5.612212371808812e-07,4.312266243076546e-08,0.10005240209929389,8.901162952806268e-07,0.0004627786461692472,3.499733716332107e-05,2.8589091373135502e-05,1.498002876536965e-05,0.003319012539599501,4.120765374824302e-05,8.787144070741712e-08,0.24127257345461517,0.007447165165596348,0.00015508316430020447
55,9.207488173723522e-06,0.04312254237522197,0.00010266887028393792,0.29362678423457866,0.03974107171073285,0.23381108714001136,0.00012978862975288776,7.1592137156330266e-06,0.0014585597974348984,0.00042926849483639496,0.052071597247633855,5.385404809099275e-07,6.462515207897098e-08,0.062087468183310325,4.990002784230193e-07,0.0005745138755751884,5.129796040399685e-05,3.6744842165890125e-05,1.5157110951166e-05,0.003579753384361578,6.421367605784267e-05,1.0737207885218206e-07,0.25405623634951113,0.014958018557896323,6.565131940007384e-05
56,8.434511184742514e-06,0.040441633733698225,9.556781501733182e-05,0.27559467009269495,0.03872571623390505,0.22573737449216888,0.00012338868477106572,6.872692263292416e-06,0.0012444520581614848,0.0004303186572565933,0.052126923967116164,5.187444142498172e-07,6.553024367746524e-08,0.06458488804299366,4.80991350450293e-07,0.0005130409607984868,5.441390801890318e-05,3.4240407061268615e-05,1.4755212137520185e-05,0.003634907443099764,6.314726395721653e-05,1.096238239348248e-07,0.282111593353192,0.0143864962514109,6.598932926002127e-05
57,9.943508446449495e-06,0.05371712120846339,9.601201326476642e-05,0.3020432204826824,0.03807403602690988,0.19778664475918406,0.00013281819294313845,9.072658453186029e-06,0.0015973064110035946,0.0005107344579545422,0.04550761868529016,9.074020067744331e-07,1.207725144410901e-07,0.06434305006802354,6.083600374087724e-07,0.0007836261957471462,7.614811432225852e-05,3.434257291870285e-05,2.411216456397243e-05,0.005324426658244002,7.788508881709863e-05,1.7591502463507407e-07,0.27333874324890844,0.016439341934599522,7.198309967640285e-05
58,8.787240571655913e-06,0.036571173687369424,0.00010126496177115524,0.26686080107488463,0.036386201369715716,0.2328970830663566,0.00011893114811626219,6.496786929312366e-06,0.0012891693881604692,0.00038747013758748617,0.05755878142727834,5.420965558373064e-07,6.974539663035463e-08,0.055620245895322135,4.0872806820362853e-07,0.0005076056808163355,4.83249434730553e-05,3.2876850856629675e-05,1.6562783562084603e-05,0.0034459991939216326,6.268193284944026e-05,1.0083910986543188e-07,0.2886453078590854,0.01937831703242378,5.479612981791135e-05
59,8.384576489475135e-06,0.03597835146851237,0.00011793265309186338,0.27675940092348733,0.03447001122901107,0.2332270378519767,0.00012076454730358773,6.797095863620788e-06,0.0012176787392578418,0.00041990503585099,0.055415821877261004,4.827727240384538e-07,5.978547888993525e-08,0.04984002793634845,4.087968977327637e-07,0.0005180199395629412,4.420717219112509e-05,3.0794089889207857e-05,1.527148398206133e-05,0.0035471237735534527,6.34374956896906e-05,9.312157146265597e-08,0.28945155246437027,0.018694078002234375,5.235716740032385e-05
60,7.95268050300387e-06,0.04001301047926597,9.355234719699357e-05,0.2743798643086613,0.039413799671235476,0.2293927354226781,0.00012151147307396348,6.987636009591265e-06,0.0011825657589386255,0.00043883723490623094,0.052783606888762755,4.552890673003126e-07,5.5632102751411673e-08,0.06428110826349052,4.7552830627008225e-07,0.0005271630728104346,5.293812910679388e-05,3.3613895926721393e-05,1.3897382005388347e-05,0.0036229007788236333,6.12555709449388e-05,1.0401107899183055e-07,0.2799248323261899,0.013583160578750501,6.361564016372935e-05
61,8.664848338632846e-06,0.03739477511541977,0.00011679659396359929,0.27477656477422513,0.03598302806772938,0.2256244235916615,0.0001298156994125663,6.847973948792312e-06,0.001223847232881188,0.00043241253329019094,0.055542775664439006,5.110238290758194e-07,6.202727310040643e-08,0.05211241217023915,4.3085967800869117e-07,0.0004990055873525499,4.5249986112592055e-05,3.2117604249318866e-05,1.5226628347756533e-05,0.0035083426644550598,6.399331382344176e-05,9.754648231324388e-08,0.2943875870680333,0.01803817803203068,5.6833392783820696e-05
62,7.95268050300387e-06,0.04001301047926597,9.355234719699357e-05,0.2743798643086613,0.039413799671235476,0.2293927354226781,0.00012151147307396348,6.987636009591265e-06,0.0011825657589386255,0.00043883723490623094,0.052783606888762755,4.552890673003126e-07,5.5632102751411673e-08,0.06428110826349052,4.7552830627008225e-07,0.0005271630728104346,5.293812910679388e-05,3.3613895926721393e-05,1.3897382005388347e-05,0.0036229007788236333,6.12555709449388e-05,1.0401107899183055e-07,0.2799248323261899,0.013583160578750501,6.361564016372935e-05
63,8.556968806791595e-06,0.04800173117147929,9.478133113281453e-05,0.27154633173195175,0.039523216221533014,0.21584598708177258,0.0001242596638434921,6.4409252458930485e-06,0.0011833508979314723,0.000472349115569636,0.04888137511809568,4.852392139511926e-07,5.583754149676637e-08,0.06538457246023302,4.862366535997421e-07,0.0004837334417319505,5.396039088939215e-05,3.217831184804348e-05,1.492682896421626e-05,0.003758483609738219,6.369573447748277e-05,1.0752275272111138e-07,0.2910862309595098,0.013363972602371734,6.873059671191369e-05
64,7.319386976841412e-06,0.03875326462773115,9.332008496359102e-05,0.28482803036634646,0.03404762852956187,0.2281618571377201,0.00011180178965097759,6.314864866075751e-06,0.0011022597955607748,0.00045547079338919454,0.04543198379421744,4.7420401674804805e-07,6.111423758729936e-08,0.06284501102206111,4.068784129386475e-07,0.0004770036183139037,5.569372677580131e-05,3.246051269619627e-05,1.3384828656711206e-05,0.0035598221798891945,7.664201266909581e-05,1.0353698513932487e-07,0.28642962770553393,0.01344710793456038,6.294955420672166e-05
65,1.2458356714252219e-05,0.04428087661417831,9.925214558010662e-05,0.256422536610122,0.04869822824418791,0.278121392629172,0.00010563787263671201,6.231780738810498e-06,0.002312724887197909,0.00027779886971514544,0.0719120271077589,5.919959881570292e-07,8.928519605010792e-08,0.05456206436220014,6.021796125373369e-07,0.0006860251649034782,6.672664208862977e-05,4.3364876705410167e-05,2.1551142301562265e-05,0.003540031090673428,6.0544840443305534e-05,1.347258923428593e-07,0.21654523540177056,0.02216225356466874,6.161960955360926e-05
66,7.332170535060879e-06,0.0422763429350558,8.630207301946351e-05,0.29883015623468007,0.0361175924033642,0.20905214038260753,0.0001259872816731352,7.790791167450254e-06,0.0011998997423011797,0.0004067608049809852,0.05605065983220288,5.242092476649961e-07,5.065174466434362e-08,0.07376459014584154,5.106251718612694e-07,0.0005366245535462151,4.8239198754401965e-05,3.2064767018425834e-05,1.3850233290171414e-05,0.0032868869900879493,5.768444407224585e-05,1.1488884184444202e-07,0.26582537771195697,0.012210695059398445,6.182186943965523e-05
67,1.622526381905028e-05,0.08199684114668576,0.00014941747509258994,0.26424653783658153,0.06365554857991038,0.20348671995978732,0.00027152437299865186,1.1960957807165573e-05,0.002436490532696405,0.0005182593700144198,0.0735505841833025,8.329453869422786e-07,5.6573358309491434e-08,0.05991470059616221,1.1235796681970248e-06,0.000726357063546765,4.686149423219897e-05,4.161944208284854e-05,2.825302687194941e-05,0.0033543091917806055,6.904677712069951e-05,1.7319598430477075e-07,0.22975740482462254,0.01563151175286021,8.763985762648165e-05
68,4.8668360853903865e-06,0.020971730887393857,0.00013617479114592622,0.4895952005216753,0.007304721299031637,0.12439362062241188,5.987952810011988e-05,3.959115048621167e-06,0.0006683343098291999,0.0004458921277142055,0.01949998093132331,3.9331052198331695e-07,2.80373363891878e-08,0.03395220132124075,6.652262841708669e-08,0.00019225839643317562,2.1595867936832887e-05,2.940714543753507e-05,5.010573975063459e-06,0.0019756540445051937,8.292229842522257e-05,5.070914199714845e-08,0.28640230826552177,0.01422695216353161,2.6790373604570592e-05
69,1.529016026252384e-05,0.061867588259118506,9.329973185601872e-05,0.24496974368923086,0.05485042018433231,0.307894694166322,0.00011975894350096398,6.068170984176588e-06,0.0021455028591026632,0.0005206006740649346,0.04119683374274835,4.4633720734642424e-07,7.381149691318808e-08,0.07540598428231816,7.322112853647736e-07,0.0006510886266754279,8.18882639902201e-05,6.15019865181465e-05,1.8306013937532996e-05,0.003817080794667344,5.8620588890352285e-05,1.4036766760402956e-07,0.19437374088598655,0.011741373244929259,0.00010922200290645018
70,1.0374417789235271e-05,0.032401123049862,0.00012893381611512483,0.5640571877019184,0.03548913949112757,0.12261468399755693,0.00013606801115638773,1.5630775084280094e-05,0.0014976018349485707,0.000541920606076615,0.020385464909308364,4.6010623193076675e-07,4.877136779464243e-08,0.08613648802899496,7.993151773422783e-07,0.0011539246539685629,3.7526051380243375e-05,6.1030210782011233e-05,2.7191747347929937e-06,0.005561978970201346,2.150449537388479e-05,9.205882192443573e-08,0.12617103693864257,0.003467993980556167,0.00010626863282296114
71,8.026295541193913e-06,0.03723536474705504,0.00010403929876562664,0.27213387764081104,0.0346723930712728,0.2559534090158516,0.00012060956939229264,7.5912134149307274e-06,0.001252515462216308,0.00041032886522180117,0.05967339249082735,4.650710112709592e-07,5.1993996253390595e-08,0.06174902733320329,5.223491731515546e-07,0.0005277144848286939,5.139615659998457e-05,3.565548373174252e-05,1.5894447068707237e-05,0.0029824873830305134,6.396920970448347e-05,1.1773288958016776e-07,0.2587360943933905,0.014204745524143747,6.0310766858052635e-05
72,1.0049266313177126e-05,0.022022578162807754,0.00019655526246911237,0.33853554640316863,0.025982686452499647,0.37381429280134476,0.0001540569363528557,1.4989851333914712e-05,0.002660588341247589,0.00034538357423263675,0.06344962775801745,6.937158115759943e-07,9.716557261901842e-08,0.03834191050119351,5.844858508631122e-07,0.0012190373421573461,3.668120960880841e-05,5.724636807011561e-05,2.1460966738887792e-05,0.0021515240055513607,9.746680522069275e-05,1.2605035170861386e-07,0.10891028744200155,0.021939992403979244,3.653672810426348e-05
