,0,1,2,3,4,5,6,7,8,9,10,11,12,13,14,15,16,17,18,19,20,21,22,23,24
0,1.4977310709983696e-05,0.0005392286147920275,8.686268842084617e-07,0.9779464703123412,0.007710270681400525,0.0006176251221434003,0.0001516870250720075,2.970580446627125e-05,0.0015521635050290837,6.0838092364592546e-05,0.0006967122657131193,2.6625157506620637e-05,3.6990745967138748e-06,0.00011080173940363231,0.0005594134918474923,1.2195878483854159e-05,8.468150306173448e-05,0.002909110716618558,0.0020042581943959382,6.96572283582096e-07,1.097829182809384e-05,1.8678913148095166e-06,0.00489271100077853,5.731871675586052e-05,5.094410208162551e-06
1,1.0989195676226695e-05,0.00042143380363490236,9.185863112339313e-07,0.9817861282856679,0.006477694181974488,0.0004376345373245313,0.0001587391057504906,2.638531892473419e-05,0.0009649296145141204,5.1251086721636404e-05,0.00039266061998674085,2.315544060637117e-05,3.4206693551529018e-06,6.308040611846015e-05,0.00036865210124428034,1.894809613802519e-05,9.274268743920807e-05,0.002552866366000286,0.001986173064978762,6.355104438539458e-07,1.0804697429507765e-05,1.0704116185622253e-06,0.004086652142805783,5.9378520206879804e-05,3.6555491276095893e-06
2,1.3498941439437448e-05,0.0005794885324042363,9.434074499988905e-07,0.9786192237009939,0.010577652054148613,0.000335435800539032,0.00013251688313427565,3.0482186543766173e-05,0.0009862734213181503,4.160910325468953e-05,0.0006657374583413518,3.323075476954641e-05,3.2362046825392566e-06,0.00011942320601403661,0.00047072704906062475,1.179047981940395e-05,0.00010909599396942669,0.0021880019335864774,0.0011812336362856128,7.017319711744305e-07,1.0607256711133677e-05,1.4673675375947135e-06,0.0038293836090097537,5.32012113597332e-05,5.038075655727376e-06
3,1.428144663709195e-05,0.00047806868747696837,7.337492689603452e-07,0.9827789356094511,0.007242953519350873,0.00033293880276229123,0.0001287790179150954,2.4813764264370947e-05,0.0006307052000084658,3.0074023463393355e-05,0.0005612554941955617,2.7138615141910056e-05,3.052866005299264e-06,6.056186350914358e-05,0.00033387947960452567,1.1051901242231424e-05,0.00011613728653583337,0.0021948302559263123,0.0013434444242206032,4.397626113964972e-07,9.382523353482653e-06,1.1689053467206949e-06,0.0036287147050373526,4.357564534607115e-05,3.0824513250415885e-06
4,1.4231481703301413e-05,0.0005029095775294563,7.445911606009135e-07,0.9829089618204762,0.007355955309946731,0.00027880011650919243,0.00012885434907421663,2.5102599551342246e-05,0.0006485967088447294,2.988700166018256e-05,0.0005614755838180042,2.693331835712995e-05,3.581883044191753e-06,7.068097986047127e-05,0.00029405281063066415,9.529295664256097e-06,0.00010455577444899066,0.0023499447888256945,0.0013213764533182286,4.7629065346290544e-07,1.0183556319159526e-05,1.2600059048743375e-06,0.0033047763315025612,4.427237644776948e-05,2.856994748498342e-06
5,1.01746641466712e-05,0.00031657036965287153,5.838245739910464e-07,0.9849524397051393,0.005894665899147712,0.00024288333565829887,9.162684970359063e-05,1.800335313644269e-05,0.0004691957143229367,2.5857068255132184e-05,0.0003725274460321125,1.5783625526134696e-05,2.496654287927789e-06,4.8523624833484137e-05,0.00019033763751630662,7.5659973445241336e-06,7.893891391889494e-05,0.0026027294797512737,0.0010608417707274889,4.055043294217065e-07,8.125563850800553e-06,6.690421971780192e-07,0.003550013789898935,3.739321024853739e-05,1.6469558000588235e-06
6,1.428144663709195e-05,0.00047806868747696837,7.337492689603452e-07,0.9827789356094511,0.007242953519350873,0.00033293880276229123,0.0001287790179150954,2.4813764264370947e-05,0.0006307052000084658,3.0074023463393355e-05,0.0005612554941955617,2.7138615141910056e-05,3.052866005299264e-06,6.056186350914358e-05,0.00033387947960452567,1.1051901242231424e-05,0.00011613728653583337,0.0021948302559263123,0.0013434444242206032,4.397626113964972e-07,9.382523353482653e-06,1.1689053467206949e-06,0.0036287147050373526,4.357564534607115e-05,3.0824513250415885e-06
7,3.61973623047534e-05,0.000428826907412013,6.481590330826065e-07,0.9859299354253437,0.004866528734272696,0.00028539664572900183,0.0001640079668005221,4.038301425231128e-05,0.00040608402754118924,1.920973535065978e-05,0.0011411203303329023,2.8607372298621635e-05,7.939490899943774e-06,3.153639173626718e-05,0.0003584097971926579,7.504462355425773e-06,8.037672075892367e-05,0.0027490392323604074,0.0019667516051724617,3.5524007079063817e-07,7.92096240443002e-06,2.4252917139034384e-06,0.0014166360477180168,2.268673879488616e-05,1.4723381505374047e-06
8,1.3041333772138452e-05,0.00045158412335494463,1.2559967808211846e-06,0.9848398265021036,0.006579710724617327,0.00021224373555426144,3.8294547787305536e-05,9.660665557212914e-06,0.0006299858742574385,4.01607795284279e-05,0.0002382624537321014,1.827877487690801e-05,1.9509721516997135e-06,6.392907019153912e-05,0.00023546468480156675,1.0075611989077464e-05,0.00010369814488122596,0.0011169075691757722,0.0004033637504240057,4.764013260399794e-07,4.243100624983923e-06,5.011457903475762e-07,0.004883729501802004,9.928450613290995e-05,4.070028786476766e-06
9,6.591232623886986e-06,0.0006353531281373856,1.4849765075857277e-06,0.9851041011088939,0.005370262708415593,0.00019811693975087523,4.2496535397446125e-05,1.3876794585869499e-05,0.0007740441255307004,9.04666760074244e-05,0.00018006994763106345,1.483082550121365e-05,2.337354590539809e-06,0.00011823136982192039,0.00021616885563376356,1.6421780273415674e-05,9.958034457410779e-05,0.001572867075577789,0.000653871362763584,8.906485142877136e-07,6.81340656148817e-06,5.329521082469119e-07,0.004773704394619921,0.00010232029405074116,4.565161927467562e-06
10,1.428144663709195e-05,0.00047806868747696837,7.337492689603452e-07,0.9827789356094511,0.007242953519350873,0.00033293880276229123,0.0001287790179150954,2.4813764264370947e-05,0.0006307052000084658,3.0074023463393355e-05,0.0005612554941955617,2.7138615141910056e-05,3.052866005299264e-06,6.056186350914358e-05,0.00033387947960452567,1.1051901242231424e-05,0.00011613728653583337,0.0021948302559263123,0.0013434444242206032,4.397626113964972e-07,9.382523353482653e-06,1.1689053467206949e-06,0.0036287147050373526,4.357564534607115e-05,3.0824513250415885e-06
11,1.4789497804955405e-05,0.0004670015773550134,7.151247743205833e-07,0.9830021046433915,0.0072870756382746125,0.00030552682752661714,0.00013322191802707758,2.4141530082761798e-05,0.0006206891127662108,2.7760583485658958e-05,0.0005688613016912391,2.7986847586729256e-05,3.5032353078057317e-06,5.803377713218672e-05,0.000325502325815043,1.0794715515089527e-05,0.00011047245639804206,0.002190229591104532,0.0013818745803394039,4.6227552631393016e-07,9.488501195923149e-06,1.2383747281608042e-06,0.003378783496415898,4.680512116588318e-05,2.9369465889113725e-06
12,2.4432705219657267e-05,0.0008235414469253954,4.25498110864324e-06,0.84440739141138,0.12375717622791747,0.0007059452665003885,0.00019129151022753363,1.9791473382206136e-05,0.002454074426881796,6.733930603443696e-05,0.0018772936230605738,5.822316499198117e-05,3.442798351877817e-06,0.000451310686668868,0.0004312777254066115,1.1756086238803908e-05,0.00045923091803720304,0.0034379107847709355,0.0005777971879764192,2.472318214954318e-06,4.574092294474975e-05,1.3192143032423445e-06,0.019842494437886195,0.000324264622997486,2.0226752572588817e-05
13,4.462067956403235e-05,0.001229049931257801,1.1614760155293756e-06,0.9609356564640574,0.022552728168846358,0.0002735727486819842,0.0002577430627921109,9.083145725894594e-05,0.0010496841520485631,2.3180478071016583e-05,0.004653781695136335,0.00014438933475543236,7.443478309552712e-06,0.00025649562964253904,0.0009726737226350436,9.817993876643826e-06,0.0002100337248795097,0.002923798000467675,0.0018269682224450246,6.964888864073541e-07,2.2548182857279975e-05,6.088750801293332e-06,0.0024494372114457212,4.7109126965917745e-05,1.0489818301857421e-05
14,2.010397701093954e-05,0.0003489998483069706,1.028797817537271e-06,0.9817897677381718,0.005633000999594976,0.0006836323629314252,0.00017736885438158072,3.549732950344747e-05,0.001206137961921381,3.8515855692525585e-05,0.00048699403523249605,4.107181825375753e-05,2.668630212410307e-06,6.443993870148266e-05,0.0006573064908725011,2.2040877108162202e-05,0.00011122661917721678,0.0020458515480974966,0.0011602924303450583,5.732566536669017e-07,6.18921571673213e-06,1.3839857487460507e-06,0.005404740169209537,5.5126234442086106e-05,6.041024896211426e-06
15,1.428144663709195e-05,0.00047806868747696837,7.337492689603452e-07,0.9827789356094511,0.007242953519350873,0.00033293880276229123,0.0001287790179150954,2.4813764264370947e-05,0.0006307052000084658,3.0074023463393355e-05,0.0005612554941955617,2.7138615141910056e-05,3.052866005299264e-06,6.056186350914358e-05,0.00033387947960452567,1.1051901242231424e-05,0.00011613728653583337,0.0021948302559263123,0.0013434444242206032,4.397626113964972e-07,9.382523353482653e-06,1.1689053467206949e-06,0.0036287147050373526,4.357564534607115e-05,3.0824513250415885e-06
16,1.8368447209309675e-05,0.0006004928190361751,5.517510471688928e-07,0.9843785405285664,0.0064638065880833805,0.00023404866435896662,0.0001347697546665947,3.842318521081396e-05,0.0005707481141601912,2.323685622590776e-05,0.0008649504029616166,4.3628700000648364e-05,3.7440918865455026e-06,8.451966563260419e-05,0.00045689752624050733,9.128685786855419e-06,9.987751319462599e-05,0.0023588411758122987,0.0014981193052671165,3.636326312254831e-07,8.788624717679762e-06,2.1307838224994466e-06,0.0020765653195365746,2.621866006446162e-05,3.239203879775558e-06
17,2.2794631681371048e-05,0.000501502028362279,1.0509422034466988e-06,0.9696866221476268,0.01737839102037441,0.0002473549261917643,0.00020831778347114993,2.3562957704523496e-05,0.0008867842272265198,1.8634985795283292e-05,0.0009703940996740491,4.2866866792462485e-05,4.780762131431829e-06,0.00011083535924667565,0.00018980971311455703,6.410008993087821e-06,0.00013474712049649056,0.0035515298677518264,0.000996249714859572,5.645790990766658e-07,1.943075530615933e-05,1.2660956824674494e-06,0.004913314368053295,7.948254837516741e-05,3.302489786082928e-06
18,2.356200748810403e-05,0.0011801953690599818,2.414348502424215e-06,0.9639527908921051,0.013916060340796902,0.000564082418622032,0.0002908026526972219,4.5092564989798356e-05,0.0015298672363828246,7.575577113745634e-05,0.0010813595277658324,8.649990645620038e-05,5.308953830174959e-06,0.0002553749165040171,0.0007235464237367356,3.889761097473884e-05,0.0003625843189577242,0.003807256654090764,0.002433656170159935,1.2402308724502806e-06,3.3151629493911805e-05,2.4319724274503215e-06,0.009424969881199346,0.0001447699748672465,1.8328226881597414e-05
19,5.444526627891777e-06,0.0003262576625280498,3.200805191098659e-07,0.9898287471558398,0.004801978403747144,0.0002741023392037526,6.836067120047636e-05,1.205767623295695e-05,0.0005329448742073356,2.5640217543682272e-05,0.0001872005578269409,1.4932748844184247e-05,1.6684483223658936e-06,3.0349290842628888e-05,0.0002517147145111394,6.983763778720147e-06,4.881863128260953e-05,0.0008890800959157199,0.0007578064674485899,2.8164149018961683e-07,2.7074201869430266e-06,7.297936878647051e-07,0.0019040096122352043,2.6253063590164795e-05,1.6101423864257555e-06
20,1.2220249800805517e-05,0.0005243140136748917,4.4102528442075125e-07,0.9863959602219315,0.00556171701262893,0.000288050584056539,0.00010264572560422839,3.166209585498393e-05,0.0006600728433457119,3.092142536261962e-05,0.0006011379876388518,2.0000474342332026e-05,3.66961883573925e-06,6.829122908723559e-05,0.00039184520773199484,6.306568617799787e-06,6.631952897941181e-05,0.0018313259601338348,0.001436874541664788,4.233959492073192e-07,6.9593606401694415e-06,2.155812623828219e-06,0.0019314558575807836,2.3164754259087273e-05,2.0645043704258266e-06
21,2.483714423652679e-05,0.0005291432631218732,1.6163196107832004e-06,0.9806155281376201,0.007394110047470638,0.0001591489097964127,0.00013901405595568775,3.219987182923205e-05,0.00048711153390858464,2.603099483117366e-05,0.0006249038046815503,5.540351953068413e-05,4.949222756522367e-06,0.00010182542912965139,0.00017948702426022944,1.7899923213599325e-05,0.00017905546596797678,0.004303651980106302,0.0009337064662632291,6.54310381709418e-07,1.5103135844510377e-05,9.166597039074435e-07,0.004090759313711486,7.914819732825378e-05,3.7952687393306568e-06
22,2.0780181207768504e-05,0.0004905204593713415,1.1010333048884309e-06,0.9809407835393809,0.006169955197538178,0.00033643729371279186,9.403827814999205e-05,3.8991443362123334e-05,0.0003079920401720871,3.991301288695894e-05,0.0007091211413827745,2.0240505082970744e-05,3.1165171603977105e-06,6.264925124515622e-05,0.00020304358530417272,1.1147895791692355e-05,0.0002355539505699136,0.004183405041822706,0.001370520236416211,4.6893649288208687e-07,1.5950855889450535e-05,1.147591719541994e-06,0.004711238777797723,2.9908200990337504e-05,1.9750332471221165e-06
23,1.428144663709195e-05,0.00047806868747696837,7.337492689603452e-07,0.9827789356094511,0.007242953519350873,0.00033293880276229123,0.0001287790179150954,2.4813764264370947e-05,0.0006307052000084658,3.0074023463393355e-05,0.0005612554941955617,2.7138615141910056e-05,3.052866005299264e-06,6.056186350914358e-05,0.00033387947960452567,1.1051901242231424e-05,0.00011613728653583337,0.0021948302559263123,0.0013434444242206032,4.397626113964972e-07,9.382523353482653e-06,1.1689053467206949e-06,0.0036287147050373526,4.357564534607115e-05,3.0824513250415885e-06
24,5.4530762746718916e-06,0.0003978558521321954,2.826562554664133e-07,0.9905199170435179,0.0035196257204437352,0.00013799392617300222,5.844085883397721e-05,1.4447288377096781e-05,0.00027884888606222,2.1004121014565926e-05,0.00021967036723998488,1.0894123938066879e-05,1.6848109811769768e-06,3.594552776475932e-05,0.00015883210034183613,5.2320046281243795e-06,6.354075120388156e-05,0.0014732367589759575,0.0010593252774277597,2.058312519743312e-07,5.068500512787029e-06,6.138600353010722e-07,0.001992234736523954,1.860438250688335e-05,1.041537582723714e-06
25,2.141000449247118e-05,0.00033589606347077895,8.645338854413647e-07,0.9726677499949189,0.013080465278410745,0.0002114054551790279,0.0002702339095952716,8.350790603401195e-05,0.00041987686115901087,1.4326843206028322e-05,0.0016144837337256236,4.722110651900468e-05,4.8970078042766806e-06,9.427047429187765e-05,0.00016893024360187123,8.087852316320153e-06,0.0001262551525009811,0.006641465764800481,0.0011631191328302151,6.803621416862607e-07,2.2888246163998736e-05,1.3300226781192873e-06,0.0029715520077086815,2.725513901840707e-05,1.82690354696826e-06
26,1.367934930912778e-05,0.00024734537999586957,1.1455498658479334e-06,0.9763139827625197,0.009320205815912351,0.0003050661083028341,7.395997600307628e-05,8.17108509887047e-06,0.0009037953306453359,3.0400405206639517e-05,0.0002572729675765001,1.2918893960693971e-05,2.204302534342979e-06,5.227886961927955e-05,0.00012149650701694167,7.341715508174368e-06,8.083668528966216e-05,0.0027704799206428143,0.0005696058824786983,5.289059365056168e-07,8.16181622283701e-06,3.344373473337511e-07,0.008767970469849154,0.00012861187355558807,2.2049896018414374e-06
27,1.3770124032541018e-05,0.0004354323513274137,4.5387516730057486e-07,0.9856257998190858,0.006180510310598155,0.0004296579920477365,0.00011995038477321648,2.4821032132602065e-05,0.0010839361380603645,2.852942589066778e-05,0.00047254167322913134,2.6049770680930664e-05,3.0388956702285134e-06,4.949406631367926e-05,0.0004470396169177672,8.254526522024069e-06,5.4132477432335565e-05,0.0014196771785235762,0.0012648747923804599,3.606389892845835e-07,4.690636396412029e-06,1.903098840894225e-06,0.002265704888466041,3.651817126038314e-05,2.8581152613131e-06
28,1.428144663709195e-05,0.00047806868747696837,7.337492689603452e-07,0.9827789356094511,0.007242953519350873,0.00033293880276229123,0.0001287790179150954,2.4813764264370947e-05,0.0006307052000084658,3.0074023463393355e-05,0.0005612554941955617,2.7138615141910056e-05,3.052866005299264e-06,6.056186350914358e-05,0.00033387947960452567,1.1051901242231424e-05,0.00011613728653583337,0.0021948302559263123,0.0013434444242206032,4.397626113964972e-07,9.382523353482653e-06,1.1689053467206949e-06,0.0036287147050373526,4.357564534607115e-05,3.0824513250415885e-06
29,1.428144663709195e-05,0.00047806868747696837,7.337492689603452e-07,0.9827789356094511,0.007242953519350873,0.00033293880276229123,0.0001287790179150954,2.4813764264370947e-05,0.0006307052000084658,3.0074023463393355e-05,0.0005612554941955617,2.7138615141910056e-05,3.052866005299264e-06,6.056186350914358e-05,0.00033387947960452567,1.1051901242231424e-05,0.00011613728653583337,0.0021948302559263123,0.0013434444242206032,4.397626113964972e-07,9.382523353482653e-06,1.1689053467206949e-06,0.0036287147050373526,4.357564534607115e-05,3.0824513250415885e-06
30,1.428144663709195e-05,0.00047806868747696837,7.337492689603452e-07,0.9827789356094511,0.007242953519350873,0.00033293880276229123,0.0001287790179150954,2.4813764264370947e-05,0.0006307052000084658,3.0074023463393355e-05,0.0005612554941955617,2.7138615141910056e-05,3.052866005299264e-06,6.056186350914358e-05,0.00033387947960452567,1.1051901242231424e-05,0.00011613728653583337,0.0021948302559263123,0.0013434444242206032,4.397626113964972e-07,9.382523353482653e-06,1.1689053467206949e-06,0.0036287147050373526,4.357564534607115e-05,3.0824513250415885e-06
31,2.4524445035219245e-05,0.0006345457846698864,1.2662220347424868e-06,0.9834237696196565,0.004996111824146088,0.00028715564294110567,0.0001333337795160577,5.9836410838618145e-05,0.00045090956541436435,3.929352537461517e-05,0.0006348479938448416,3.3825261612881066e-05,3.6630098632959955e-06,7.263721651478561e-05,0.00023843145976173717,1.7821772396506046e-05,0.00018549487765876565,0.0036459758630049627,0.0013954524072577173,4.483166188915932e-07,1.3580375606085595e-05,1.391996173955717e-06,0.003666644843693297,3.6017806971412555e-05,3.019979393682967e-06
32,1.2682545487826243e-05,0.00044240721153966536,6.389100646236077e-07,0.9836236020491788,0.006540809286917861,0.00031920933562292923,0.00012792493957266697,2.2717729627866144e-05,0.0005729461797078317,2.8673125070333943e-05,0.0005053690720107761,2.3561288276191838e-05,2.9875934434157475e-06,5.1381096340749616e-05,0.00033929802513154726,1.1013707015188678e-05,0.00011010782679735777,0.002113377913148763,0.001585340514824821,4.073360030266178e-07,9.496482552642446e-06,1.1101722162081492e-06,0.0035108307440668116,4.1371948460006925e-05,2.7349669219034236e-06
33,2.122215790651531e-05,0.0003743629707657081,2.9850734425154935e-07,0.9898866068918464,0.0032706699440958847,9.366836086958657e-05,0.00013820041508793746,3.260827251428638e-05,0.00010443047168848124,5.505297724880088e-06,0.0006800958754181398,4.174376045948862e-05,4.742476145853804e-06,1.7281959162732332e-05,0.00011423684918743185,8.4325764024039e-06,0.000156627897707176,0.0024881683867047175,0.001326267377302623,1.6079865353979633e-07,7.664226878744898e-06,1.2787778633067822e-06,0.001207092980128317,1.786177330533829e-05,7.709948361185676e-07
34,3.456658935920076e-05,0.00027676960469523806,6.525278984550944e-07,0.9813856387597351,0.007966800930573207,0.00029568642451889077,0.00014854014103891932,2.4165968779232525e-05,0.0006305821706981755,1.565355554739292e-05,0.0009378545401132398,2.2128086499656e-05,4.247662670603939e-06,3.506522431189148e-05,0.0003640325228382352,6.0815941878252885e-06,7.211446989888087e-05,0.0030712424013117226,0.0017352337096906974,2.817131490711412e-07,9.873139037949177e-06,1.2949107155308206e-06,0.0029215333263414253,3.814482413528624e-05,1.815202254358095e-06
35,4.181354187984628e-05,0.0003471742081135607,6.310337267383281e-07,0.9856406388143392,0.002241310037040282,0.00041621637439389074,0.00017124640759193742,5.575238003960958e-05,0.0005530575941315076,2.5788355752830543e-05,0.0004903885603887994,3.4213920659128896e-05,5.447057329378141e-06,2.2834816493916246e-05,0.0001851555054645487,1.9909547693981888e-05,8.567641296397742e-05,0.005324781956052099,0.002262218656004441,2.5420317558435095e-07,6.541950062632017e-06,2.0552314928232895e-06,0.0020360703321613675,2.9529012723153563e-05,1.2940903249673414e-06
36,1.0077735856324147e-05,0.000580956340524411,3.9905250850819516e-07,0.9903813296592324,0.0015683147230661219,0.0002921523154557385,9.973974792447668e-05,5.184059170858321e-05,0.0005060477604197678,5.067580684149186e-05,0.00022596688161255938,2.5020081702963918e-05,2.6970140625735118e-06,5.154849260946701e-05,0.00034049794404503056,2.1084465192560698e-05,0.00010083514194877449,0.0021340885265433225,0.0018456025635783205,3.184236451718498e-07,3.917595745203824e-06,2.1722023402887935e-06,0.0016890002907259051,1.3789461412955124e-05,1.9271812972037366e-06
37,3.348978605999281e-05,0.00039999372061141555,1.7252175098822933e-06,0.9737689285259601,0.012877680822185206,0.0002116334961452607,0.00017968712396479477,1.9484198822939925e-05,0.0008319989960568405,2.148585189461095e-05,0.0007107226109979323,4.2456228875711354e-05,6.145688410871374e-06,8.804205623206143e-05,0.00014696561823087506,9.533003724745976e-06,0.0001221465905615288,0.004575375439904471,0.0008381353167744626,6.491538303985747e-07,1.6312396422461974e-05,8.659247548139738e-07,0.004973932639406967,0.00011947963961267295,3.129953049133939e-06
38,1.4321932247065365e-05,0.00022435049833906395,5.063142276297102e-07,0.9839511614283628,0.002832603987475789,0.0007784803594174639,0.0002272769576111927,2.8789420032464022e-05,0.0003945974073064039,2.94245967231888e-05,0.0003309770599906419,1.7714673820328307e-05,3.225127139242011e-06,1.5497291556155098e-05,0.00040808438527950694,2.6396865829968763e-05,0.00011692558243383584,0.0031052198014261175,0.0031919478693383397,3.96317812761757e-07,8.669175145537604e-06,1.0352723279462882e-06,0.004262122645568386,2.865935123101639e-05,1.6156793570402815e-06
39,2.8177162465211966e-05,0.0003830776993080295,1.1517601428186935e-06,0.979320909543435,0.005450893208705402,0.0007819530520984866,0.0003307174718326465,9.813232076766977e-05,0.00043169089063110937,3.0039200120531015e-05,0.0008952942427944251,5.527339885685407e-05,4.4381076342775535e-06,3.817360140014485e-05,0.0003235927761256933,3.6314433501670445e-05,0.0002567555974580053,0.004406471415026665,0.002276806053978492,5.690375962501126e-07,1.8852232278774226e-05,1.9222682222591556e-06,0.004788469345117342,3.710982708444055e-05,3.215353418133823e-06
40,3.314522673049436e-05,0.0008313875865564697,1.1955775923637651e-06,0.9738297264802398,0.014235043133568362,0.0005929525266646234,0.00019667419555189156,3.731972818370644e-05,0.0011341149922725851,3.2153457260603813e-05,0.0014336268520165683,7.722130752358785e-05,4.748740297164845e-06,0.00010082800204152587,0.0008344777653424038,1.3015520981280618e-05,0.00017981384364272588,0.0016690968381691195,0.0012601813910688682,5.820257198340074e-07,1.0047853333377618e-05,3.2914304935102966e-06,0.0034249875222815873,5.610547786672782e-05,8.262524600905085e-06
41,1.9939066352351846e-05,0.0008256870733486558,1.3845684904063076e-06,0.9756958438336919,0.007751444057336933,0.0003309935778090208,0.00022156440691759483,4.173376665437683e-05,0.00067824077595158,4.5380469031002435e-05,0.0008514275047696505,4.2774280889596834e-05,5.820474045540516e-06,0.0001235925602327593,0.00029356368264504335,2.0913393414821524e-05,0.0002457204064168909,0.004693921218874177,0.0022711710414541376,8.091370938108629e-07,2.7469943692964153e-05,1.7121135473935832e-06,0.005731527143700259,7.248488114621593e-05,4.880622492836322e-06
42,1.3260737418554881e-05,0.0005682228275031184,3.719238706975359e-07,0.9873000514897821,0.004017791628691312,0.00047060254306854167,0.00015044812858658855,3.8183481295713973e-05,0.0005051778982433174,3.0602401737278693e-05,0.0004978460683197511,2.528946290668954e-05,4.305472272043666e-06,2.513205284013982e-05,0.0005171698118712035,1.758211372703556e-05,0.00011554519251491576,0.0013147304470083048,0.002778248128610549,3.510539213065581e-07,6.139984325726918e-06,3.176645257163454e-06,0.001573450879129791,2.4186204183490603e-05,2.1334229150203512e-06
43,7.526130120139358e-06,0.0003392943633331461,6.379739246398688e-07,0.9835901306352933,0.005239704868445063,0.0008333776283006483,9.10709568346646e-05,2.9698299982903416e-05,0.0007641411446043611,8.34914723151093e-05,0.00033362702908176436,1.0130096626138534e-05,2.235215139247544e-06,4.5114661860396725e-05,0.0004952841096698769,1.4896684714468065e-05,7.937852899065557e-05,0.0019816587842797512,0.00203631259981479,6.466501450788089e-07,8.311272088817155e-06,1.265409064153123e-06,0.003978689391673735,3.096163982778302e-05,2.4144538694532196e-06
44,1.428144663709195e-05,0.00047806868747696837,7.337492689603452e-07,0.9827789356094511,0.007242953519350873,0.00033293880276229123,0.0001287790179150954,2.4813764264370947e-05,0.0006307052000084658,3.0074023463393355e-05,0.0005612554941955617,2.7138615141910056e-05,3.052866005299264e-06,6.056186350914358e-05,0.00033387947960452567,1.1051901242231424e-05,0.00011613728653583337,0.0021948302559263123,0.0013434444242206032,4.397626113964972e-07,9.382523353482653e-06,1.1689053467206949e-06,0.0036287147050373526,4.357564534607115e-05,3.0824513250415885e-06
45,7.886520132082672e-06,0.00014570114130974698,1.907673110999037e-07,0.989316491414243,0.004790398126227319,0.0004210200797428128,0.00015233724441039812,2.026820308821587e-05,0.0005028373667086449,1.1886401448359633e-05,0.0003093646973468337,1.5133320968369625e-05,1.959797405968679e-06,1.1729332303669239e-05,0.0004582787185354821,7.537308045119646e-06,3.2346767639028865e-05,0.0010181450549447992,0.0013227803921117035,2.355865951334447e-07,2.4570931943326356e-06,9.166785541931331e-07,0.0014335388282528487,1.5515340100776998e-05,1.0438193801496998e-06
46,1.1006652802897333e-05,0.0004093871921769446,1.1022135641621552e-06,0.9719546225481,0.011690550691439672,0.0004768215796463319,0.0001662172814469156,2.6703949717854352e-05,0.002359579314494353,6.740294280816513e-05,0.0006174421042731452,1.89979262036206e-05,3.48035022556692e-06,0.00017188010967746005,0.0003722060349260898,8.653867496284546e-06,4.607639537391911e-05,0.004289678699950766,0.0016778925637757629,9.28692751854773e-07,1.54220379437288e-05,1.0123096231611892e-06,0.005536654252717089,7.196176043076652e-05,4.318528433442913e-06
47,4.171381982146599e-05,0.0017148371396726546,9.370455277933594e-07,0.9853971123639071,0.004820359482198403,0.00033438379389631354,0.00017282935435009435,4.891247549417669e-05,0.00069153740280571,3.5244102753309425e-05,0.0008256130991808546,0.00010815775385039575,8.241911965863343e-06,5.6493040835842855e-05,0.0005210967488303872,3.107662621408401e-05,0.00023569865769492736,0.0016189349451723306,0.0016581246353253795,4.5640697931168075e-07,5.748467622572998e-06,5.3245066733180875e-06,0.0016046827423205085,5.636961098901472e-05,6.1138659181245395e-06
48,7.36931037532194e-06,0.0009895438207200762,2.9342911837274196e-07,0.993019897731991,0.0012970330395322398,0.00013494841407961293,4.329676351402274e-05,2.4992731477206677e-05,0.00010073358472112455,3.1480808195442296e-05,0.00017023044026404611,1.142563495059265e-05,1.840391231771852e-06,2.4306466340966573e-05,0.00017300576782723008,9.813148045291347e-06,0.000211499956799464,0.0009651461963405074,0.001372246889041114,1.291913855268088e-07,4.290461789289668e-06,1.2721425513969522e-06,0.0013962694733050229,8.028834404340779e-06,9.053719989005416e-07
49,1.8170569535244257e-05,0.00046579721219197065,9.45824636293185e-07,0.9817610301028725,0.007852516937709846,0.0005094725808448933,0.00014702949927707565,2.9364396745072032e-05,0.0007604904976202837,3.123453934259864e-05,0.0006375729213827054,3.785133172470567e-05,3.4239444958195917e-06,5.9685750199278724e-05,0.00030250524781470897,1.2155819308086401e-05,0.00011821183450485629,0.0022761374682858724,0.0009820732049529003,5.3650630239231e-07,8.266266035721078e-06,1.3054064934150199e-06,0.003931089335649968,4.9753453835348265e-05,3.3793482385947533e-06
50,1.0569317840721031e-05,0.0006435163441601039,8.10705422129903e-07,0.9846261457872529,0.00538271452017259,0.0003555911381237552,0.00016561365137924473,4.415039548151867e-05,0.0007936986215889459,6.209119332648308e-05,0.0004413726744756055,2.365522170608351e-05,4.037555656784921e-06,8.985933559340248e-05,0.00037564789448887886,1.3305622371410024e-05,9.017918479312277e-05,0.00230567844184828,0.002128418116876938,5.38880203322489e-07,1.1307080699789931e-05,1.840663887562216e-06,0.002399091023777347,2.7121812316618555e-05,3.044816556378753e-06
51,0.00010589421842635604,6.0313921743768134e-05,1.109637552886974e-05,0.5825627232181132,0.12427252054148284,0.010698547403354386,0.0036637666263630905,2.4174750846339018e-05,0.006609375497563959,4.5276754075100923e-05,0.0037604853347382077,8.252501276260999e-05,7.97385123612344e-06,7.37195844526221e-05,0.0009258586633910483,0.00015076980842190703,0.0009863062063368846,0.023439276321899783,0.004892277208659289,6.287236227411075e-06,0.0002757530151255148,7.998718645172628e-07,0.23488396249212845,0.002422271501750604,3.804458350724143e-05
52,2.2598571812966947e-05,0.0008815798002487406,1.3159449993186007e-06,0.9673042695057606,0.019242489399667134,0.00035220789165441865,0.0002844511282260008,2.963315304241767e-05,0.0009040157713342176,2.106287772594471e-05,0.00120925563529654,7.604449524688737e-05,3.9723325164023126e-06,0.0001115588832439237,0.0004084946168835358,1.2772311430481408e-05,0.0002595655368936738,0.0018635235541881274,0.001255471492196722,4.954770240037577e-07,2.0760699782529125e-05,1.5861389157552914e-06,0.005636026339199909,8.850992338460005e-05,8.338519325229991e-06
53,1.965744262822181e-05,0.0003909415063037906,8.592719794771234e-07,0.9741960090376185,0.009909625282286906,0.0006721078755825256,0.0005128091352810567,4.7682004289073086e-05,0.0012549702691348416,2.1082667494127502e-05,0.0009362520581460658,7.257678108192702e-05,3.7012817753995045e-06,7.976384930383421e-05,0.0005294952846428263,1.9048100244561175e-05,0.000127615149206735,0.0033512548989114536,0.0015872144909062792,6.4856545699016e-07,1.2927226061494865e-05,1.448796228373782e-06,0.006192701367756885,5.365345843574484e-05,5.954199243039247e-06
54,1.3707690547669044e-05,0.002089594978280146,1.651344836993583e-06,0.9759652618695449,0.010201879173347113,0.0003660171179461461,0.00017781336789330306,3.750211532300873e-05,0.0021365808847831824,9.822752237071243e-05,0.0006112288602245908,0.00010467224507076784,4.453037375342229e-06,0.0002852570931279766,0.0010735558256360106,3.9784757067608606e-05,0.00018007262248419159,0.001363140436661315,0.0015259631205169224,1.056551018914539e-06,9.28966483841063e-06,2.8509976896897625e-06,0.00357793993603202,0.0001083594056735731,2.4139381709292287e-05
55,1.1405357463855579e-05,0.0007117998397844227,8.281393989563012e-07,0.9850406489845681,0.004791156136165951,0.00033666817092922616,6.527438763777481e-05,3.3054220239691595e-05,0.0003724489698295751,6.917697635079586e-05,0.0005006336328107527,1.2253384665426366e-05,2.6727524030981392e-06,7.466034119767738e-05,0.00042920111845914374,1.205618390758616e-05,0.00018636352022167562,0.00205660006209724,0.0017465093147771122,5.131058891042872e-07,1.1481199864033885e-05,1.5325239792826238e-06,0.0035066577816503146,2.377472619918733e-05,2.629169510066024e-06
56,1.5024241817880909e-05,0.0004829944351122218,7.328401485325149e-07,0.9829626100484246,0.007141451157099851,0.000322556666793314,0.0001324225161474704,2.503242463643932e-05,0.0006275270099819308,2.8918439382183726e-05,0.0005743385698990674,2.8202917171558233e-05,3.310365581943793e-06,6.015315285103231e-05,0.0003265773591390281,1.0764356612487474e-05,0.0001142403506338715,0.0022240662466262557,0.0013563278559456508,4.442616932596739e-07,9.46435690429502e-06,1.2325456132913883e-06,0.0035042304554990106,4.436964103282467e-05,3.0077852522227333e-06
57,1.2760916127052114e-05,0.0007684931315791797,7.099990251226539e-07,0.9814915253269342,0.006823333462251205,0.00025710053235375034,0.00019180270179904453,2.760616613587316e-05,0.0005708081624050533,3.335016009505815e-05,0.00060649618955042,3.425636436278631e-05,5.234786588845071e-06,5.782865954126986e-05,0.00037479502733215654,1.8029836237867377e-05,0.00015082964287551815,0.0022663983685676753,0.0034080704873326387,4.627868392712851e-07,1.7105821264823e-05,1.7342201267000514e-06,0.002821543454743942,5.605500750940849e-05,3.668788421145941e-06
58,1.3548177331573711e-05,0.0004360949854646162,7.645876734085519e-07,0.981008168619478,0.008827747626207938,0.00030562857504365647,0.00013069221856345243,1.748893600165918e-05,0.0007256990602499422,2.657549322148872e-05,0.0005192107069056152,2.722047966199201e-05,3.433009647271256e-06,5.746470503336305e-05,0.00030549012305531426,1.0636802766506843e-05,0.00010311120057783419,0.002051597396784008,0.0012613302508694777,5.123091150923058e-07,9.812902436335956e-06,9.88058098074034e-07,0.004083253881821532,7.025197719433183e-05,3.2779167974114215e-06
59,1.3617293657294484e-05,0.0004933344143977436,9.360810612689662e-07,0.9798297465224187,0.009186555969303805,0.0003344993742402568,0.00012874572629918213,2.000608547689206e-05,0.0007555364307425472,3.4141444914626e-05,0.0005259255909703076,2.7051181164900307e-05,3.401129550973391e-06,6.940956514973113e-05,0.0003056925857211189,1.2338763228669675e-05,0.00012104820248306943,0.002244136241105975,0.0012680712370849948,5.86582502029046e-07,1.1432534716437938e-05,1.0171238612521154e-06,0.004536488940758487,7.256899181990325e-05,3.7119873694600643e-06
60,1.428144663709195e-05,0.00047806868747696837,7.337492689603452e-07,0.9827789356094511,0.007242953519350873,0.00033293880276229123,0.0001287790179150954,2.4813764264370947e-05,0.0006307052000084658,3.0074023463393355e-05,0.0005612554941955617,2.7138615141910056e-05,3.052866005299264e-06,6.056186350914358e-05,0.00033387947960452567,1.1051901242231424e-05,0.00011613728653583337,0.0021948302559263123,0.0013434444242206032,4.397626113964972e-07,9.382523353482653e-06,1.1689053467206949e-06,0.0036287147050373526,4.357564534607115e-05,3.0824513250415885e-06
61,1.624136421984339e-05,0.00047984543136319767,1.1062435662428335e-06,0.9781382065741743,0.010021242613942476,0.00035622754062905083,0.00014016640879255894,2.167171907775641e-05,0.0008633376101416693,3.558650876240224e-05,0.0005836782707106767,2.9290281661618083e-05,3.6791476741155624e-06,7.578223736327586e-05,0.0002885536236729568,1.2231737467114628e-05,0.00012079677050498738,0.002580562182335056,0.0012583968239043232,6.066190395320926e-07,1.2723900221828297e-05,1.0373663477157223e-06,0.0048740426957311475,8.109228093343828e-05,3.89404776278728e-06
62,1.428144663709195e-05,0.00047806868747696837,7.337492689603452e-07,0.9827789356094511,0.007242953519350873,0.00033293880276229123,0.0001287790179150954,2.4813764264370947e-05,0.0006307052000084658,3.0074023463393355e-05,0.0005612554941955617,2.7138615141910056e-05,3.052866005299264e-06,6.056186350914358e-05,0.00033387947960452567,1.1051901242231424e-05,0.00011613728653583337,0.0021948302559263123,0.0013434444242206032,4.397626113964972e-07,9.382523353482653e-06,1.1689053467206949e-06,0.0036287147050373526,4.357564534607115e-05,3.0824513250415885e-06
63,1.3519841116160426e-05,0.0005859099789449499,6.896336099259915e-07,0.9840432801855543,0.006543486296042632,0.00029629446425423765,0.00011457160952394257,2.4655710385582126e-05,0.0005798051923958802,3.158750550358913e-05,0.0005305341935880941,2.80187433328776e-05,3.036408907050801e-06,6.17247650540922e-05,0.000338796380040974,1.1403575397355377e-05,0.00012497918803768552,0.001952527933321389,0.0013852195513865424,4.1051374928538206e-07,8.802582248429839e-06,1.276618737783946e-06,0.0032742664156593694,4.201551980242371e-05,3.1871934050159385e-06
64,1.6312865477572668e-05,0.0005462357579125239,1.0315955226786803e-06,0.9777950455307377,0.009500886365496978,0.0003219999678159653,0.00017094504370158674,2.834197373371821e-05,0.0006397049191496713,3.3020309705859935e-05,0.0007070616654610266,2.9892490503326396e-05,3.9735028299888205e-06,8.105878528464023e-05,0.0003051364971344835,1.2820747512579485e-05,0.0001625299731993263,0.003030258771949911,0.0017530861603996027,5.622542323668509e-07,1.8895068862754452e-05,1.2281262797231517e-06,0.004778257548835568,5.810493284303346e-05,3.6091454173499603e-06
65,1.53909185929726e-05,0.0009897616518024176,1.3963362879539883e-06,0.9790549909750546,0.00960632533150465,0.00027887465085032326,0.00012210620429031315,3.120971264671538e-05,0.0012982541251376307,6.12194112327158e-05,0.0005980847297819372,4.182378952094915e-05,4.381466118450388e-06,0.0001835272035918341,0.0003540611671586197,1.4059508146594845e-05,0.00012461439147725073,0.0023122517605715974,0.0011131611668299785,8.082929411010293e-07,1.1639084346318946e-05,1.7501946711929253e-06,0.0036950043096021686,7.876809402764728e-05,6.535523814049669e-06
66,1.3164718399123397e-05,0.00047963772303482856,6.470114631775067e-07,0.9829969769631977,0.00692790622833855,0.0003402740893885846,0.00011875315075701263,2.1661866278315142e-05,0.0006176411991751211,2.8554698678052335e-05,0.000524825464524502,2.587467803204645e-05,2.6331302563421826e-06,5.724022633170156e-05,0.00034502751138917247,1.0493702558247882e-05,0.0001190737130533754,0.001989409364071804,0.0013499724912918102,3.864531711047992e-07,8.839545613745824e-06,1.106258286289506e-06,0.0039727777059854336,4.396930069236413e-05,3.152806031770719e-06
67,1.0240443890078117e-05,0.0002486540030160357,1.4826121792488399e-06,0.9766971229260072,0.00588963256227333,0.00025437197104932155,7.527312928026138e-05,1.8469106709679483e-05,0.0002822424757863598,4.0270551373147706e-05,0.0003479314515101432,9.763418823689146e-06,2.438284283317187e-06,6.818994690416689e-05,0.00013674739411677648,1.1280485784291068e-05,0.00016700796483950413,0.004648779945209635,0.0009196829440448486,8.361325291435229e-07,2.054093565610044e-05,3.206536780787485e-07,0.010090351858650842,5.6549716127691635e-05,1.8190862768561454e-06
68,1.2857000929248995e-05,0.00044502886922945955,8.419827527825199e-07,0.98149846011982,0.008177097939238594,0.00035189121462033253,0.0001242030683016543,2.1519459920379977e-05,0.0007853115602491491,3.3250553053470684e-05,0.0005160666749911981,2.766391093810804e-05,2.8724047129266066e-06,7.360449019508122e-05,0.00032464823012583237,1.0592346256645319e-05,0.00010270763513603833,0.0021450855135998416,0.0010891507280109038,5.202411880711691e-07,8.844598780970613e-06,9.908006546930023e-07,0.004189955293220037,5.3254251049384984e-05,3.5811130251906896e-06
69,1.4751456717931445e-05,0.0004975184393370053,2.933129247072167e-07,0.9874734609792262,0.006251183535511962,0.0002600743774793255,8.689513459700559e-05,1.486884839578137e-05,0.0004383314696876908,1.4361437634325367e-05,0.000540414117744367,2.60456682281933e-05,2.306867647474368e-06,2.450316387042979e-05,0.0004331505844695797,6.741070560762094e-06,9.691297465645287e-05,0.000882056279405422,0.0011496449480154238,1.748714895639748e-07,3.3487539670160246e-06,1.4775937622811146e-06,0.0017526977903554665,2.6636818588018137e-05,2.149505727795939e-06
70,5.466124056155734e-06,9.272563406739924e-05,2.4649185376647406e-07,0.9830370490157208,0.012723691770350551,0.00020251647122089677,6.109457923031686e-05,7.0164345488616915e-06,0.0007508316554412251,6.129663074401816e-06,0.0002690813562445698,8.60895333695328e-06,8.339616907830879e-07,2.8884494534082647e-05,0.00018390705131552198,7.707054406920544e-07,1.3005531937899102e-05,0.0005208238071040315,0.00016825287533378443,1.662069391898735e-07,1.4949987244728524e-06,2.7350507521373616e-07,0.0019010284074538518,1.5266082971589217e-05,8.342223330496168e-07
