,0,1,2,3,4,5,6,7,8,9,10,11,12,13,14,15,16,17,18,19,20,21,22,23,24
0,1.4114176591943846e-05,0.012531692336011563,5.600877164922548e-05,0.6115021664029217,0.3459839259376692,0.00030524862658765583,7.930499968529112e-05,0.0010102877474727728,1.0358184164097322e-05,0.010853276040850126,0.0013856564830769717,7.25580322808712e-05,2.5933688754801836e-05,0.0020768220576943856,2.26901822229689e-05,1.3296981230583986e-05,1.1780500725371913e-05,0.001030924958941373,0.0008756146346365245,1.0707682745591246e-06,0.0024835378701781874,4.451749575005869e-06,0.005224453766111054,0.000545107372215514,0.0038797177304782907
1,4.184923340383009e-06,0.020963292338233082,7.260488058633726e-06,0.8366410497250348,0.09433856175595261,6.107719257018683e-05,2.887415705906145e-05,0.0008165269362701308,2.6406587019973533e-06,0.022993152077937416,0.00017913826387277212,1.5097959293686907e-05,5.763470853521297e-06,0.0013260957278453055,1.2213523570082002e-05,6.9599675802365416e-06,9.730664946720351e-06,0.0006879682801121218,0.0007216569029893376,3.9525561435963524e-07,0.004677929199696758,5.298820394122129e-06,0.0058090440636230575,0.000245610087792445,0.010440477558657102
2,7.31085472787337e-06,0.028217928472156664,4.321009329069871e-06,0.8182140659762797,0.08613890527389188,6.819970573601962e-05,3.060226024788342e-05,0.0006936621683173574,9.811443637554313e-07,0.01573543638309654,0.00022703120115282453,2.318518437750713e-05,5.111515392373068e-06,0.0016604622880231075,2.663906650577582e-05,8.22087359576354e-06,2.7095221913594218e-05,0.0012742962832844357,0.0004957311594282115,3.5503693405939917e-07,0.0066934898465805925,1.2411850629951537e-05,0.0247936995034837,0.00039273952760766754,0.01524811819294362
3,4.634668855122234e-06,0.022467688178261513,5.165911187848664e-06,0.8572714832728109,0.07986730408586871,4.1488354569106667e-05,2.260121392452257e-05,0.0005921952337956356,9.007819990334277e-07,0.013839480458610286,0.00019064098441715207,1.7281147466735115e-05,5.482728249837991e-06,0.0011992466450562313,8.454078412463343e-06,3.727850944402049e-06,1.4479174313214606e-05,0.0012104142135280491,0.0003176385106673826,3.018395134520035e-07,0.004225765080869596,5.533140541874827e-06,0.009022713032155306,0.0003411652718313791,0.009324214142150117
4,4.214184343128631e-06,0.02366594682017419,5.729274123289597e-06,0.8445517444176884,0.0936448980810129,4.570287053382652e-05,2.240460126915878e-05,0.0004953082379706515,8.954988425820282e-07,0.013799243734207102,0.00018754367010180033,1.7407586250616142e-05,7.226609352454112e-06,0.0014706683107234572,7.962069846722174e-06,3.569531053498437e-06,1.3118651148824154e-05,0.0011744818771006016,0.00028426554319050816,3.006586919566686e-07,0.00367436447230711,5.333870374466445e-06,0.008746369479200627,0.00033556308820019637,0.007835736862291833
5,2.95547461790745e-06,0.01773267619602783,3.3848616968534e-06,0.8870070145864413,0.06219135584031143,2.8551846720083833e-05,1.540057253738852e-05,0.000452060021891679,4.7029294839269476e-07,0.011480810000499364,0.0001397623589615524,1.2146148946095782e-05,4.4253565653413466e-06,0.0009012208172233478,4.3505253112858754e-06,2.281276353101712e-06,1.118442927562598e-05,0.001302381684762121,0.00017727220628526648,2.397945215432316e-07,0.0035089315496844185,3.6705108311981022e-06,0.00793379186329861,0.0002926781554551269,0.006790983628833276
6,4.634668855122234e-06,0.022467688178261513,5.165911187848664e-06,0.8572714832728109,0.07986730408586871,4.1488354569106667e-05,2.260121392452257e-05,0.0005921952337956356,9.007819990334277e-07,0.013839480458610286,0.00019064098441715207,1.7281147466735115e-05,5.482728249837991e-06,0.0011992466450562313,8.454078412463343e-06,3.727850944402049e-06,1.4479174313214606e-05,0.0012104142135280491,0.0003176385106673826,3.018395134520035e-07,0.004225765080869596,5.533140541874827e-06,0.009022713032155306,0.0003411652718313791,0.009324214142150117
7,5.9381961554988565e-06,0.04354587471430417,1.1070226057139468e-05,0.8780895980419271,0.05133596833235359,2.849603729080274e-05,4.7835044741174245e-05,0.0005208538158629611,1.6094244189013808e-06,0.00984983963656149,0.0003911355014155029,1.5161264841069222e-05,1.9054118899039524e-05,0.0010073490881306291,6.00039749723952e-06,1.5155339659712313e-06,1.2018575900375457e-05,0.0015461556998795103,0.00018689764606165737,5.951537880413589e-07,0.0017333233199647996,3.523755375609529e-06,0.004185112255712411,0.0006749714761321603,0.006780102742763173
8,2.6981521031731516e-06,0.016442880223196867,3.4335113350875675e-06,0.8957950182306114,0.04765274598033187,1.0447301878004289e-05,1.3811686740305317e-05,0.0004572439923108024,3.6711967982477146e-07,0.014248342277346721,3.6321923572189226e-05,6.027099876939698e-06,3.5564191865883913e-06,0.0007324029998864477,4.485650046932186e-06,2.6635413976828607e-06,1.1653008613454646e-05,0.00047770040830203943,0.00013448977029637164,1.3818743647618176e-07,0.002609989680964167,2.077677036229214e-06,0.007963529689455545,0.0004511354328042374,0.012936840035590615
9,2.2861625240011255e-06,0.021018504204789405,7.468905262966783e-06,0.8993285149504827,0.05157939284759221,6.918481438355662e-06,1.4026705093472989e-05,0.00045764005263478454,6.916592149677102e-07,0.01106102599474803,4.752286948626937e-05,5.480120037939455e-06,7.202026062926578e-06,0.0005603261898409636,2.974534192397954e-06,1.1002751182708702e-06,9.618586272475447e-06,0.0004493158242796957,9.403856379891651e-05,1.7150117720061465e-07,0.0014420587521432576,1.1671311492034258e-06,0.002890298787268752,0.0007019024782551627,0.010310352397135757
10,4.634668855122234e-06,0.022467688178261513,5.165911187848664e-06,0.8572714832728109,0.07986730408586871,4.1488354569106667e-05,2.260121392452257e-05,0.0005921952337956356,9.007819990334277e-07,0.013839480458610286,0.00019064098441715207,1.7281147466735115e-05,5.482728249837991e-06,0.0011992466450562313,8.454078412463343e-06,3.727850944402049e-06,1.4479174313214606e-05,0.0012104142135280491,0.0003176385106673826,3.018395134520035e-07,0.004225765080869596,5.533140541874827e-06,0.009022713032155306,0.0003411652718313791,0.009324214142150117
11,4.595859066367078e-06,0.023421798739883582,5.344592075453116e-06,0.8579113927778115,0.07942014458636386,4.1061949194013054e-05,2.286892428347579e-05,0.0005634942750362107,8.893048846127841e-07,0.013574976435919034,0.00019220356777960667,1.7481550697648128e-05,6.340146690854458e-06,0.0012434993246262316,7.99766758524724e-06,3.506123516504588e-06,1.4533703147640175e-05,0.001257522887261095,0.00029315016433882434,3.1600899354852343e-07,0.003906231582969471,5.469431550821902e-06,0.0088889718336178,0.0003533852258819523,0.00884282333682509
12,3.732356844179836e-06,0.01811042657869454,1.1814127211401508e-06,0.6695607423162282,0.19170793701372635,6.934377983861394e-05,5.321684054697559e-06,0.00012600505285035294,1.9091822043286927e-08,0.009196649175772996,8.361261983758176e-05,4.924898092175396e-05,5.362696374182499e-06,0.004786677591136318,2.824255129141856e-06,4.698750044088158e-06,3.2782445191354056e-05,0.0053532444880250276,5.949290265234887e-05,1.0939387386766447e-07,0.004975989156731232,1.9615275675876384e-05,0.09262398753041891,0.0002253247603294118,0.0029956706911056967
13,8.696779719426098e-06,0.0220975329401445,1.2456122047066442e-05,0.8078849995140779,0.13129387934909784,4.8858284443045065e-05,2.680918020525208e-05,0.0008634138884351801,1.8289632088688349e-06,0.006196594307383632,0.0007373772681403846,8.087072565191187e-05,7.669171679412779e-06,0.0022939610671129894,1.9427599613722195e-05,3.0955039939140115e-06,3.225947693896937e-05,0.0013211378974197618,0.0006363726109169497,3.7922459422534874e-07,0.007078651418647556,1.0919632175653253e-05,0.008720100919002825,0.000294546534731612,0.01032816162061734
14,1.9423434375342722e-05,0.008317270449712076,8.867801579568168e-06,0.8720317974650331,0.05674991318721599,4.12203688648207e-05,3.933025975269392e-05,0.0009034497395534382,8.680087401077361e-07,0.005259604594160317,0.0002688536557203906,7.762766590987545e-05,3.513050802489253e-06,0.0018336706342178895,1.767859584462397e-05,9.215699279846566e-06,3.5676351984784013e-05,0.0013435287734681856,0.0004955136801037552,4.457871582058487e-07,0.006307291648744726,9.190143146562634e-06,0.022951844100404607,0.00032573242921955076,0.022948472475006868
15,4.634668855122234e-06,0.022467688178261513,5.165911187848664e-06,0.8572714832728109,0.07986730408586871,4.1488354569106667e-05,2.260121392452257e-05,0.0005921952337956356,9.007819990334277e-07,0.013839480458610286,0.00019064098441715207,1.7281147466735115e-05,5.482728249837991e-06,0.0011992466450562313,8.454078412463343e-06,3.727850944402049e-06,1.4479174313214606e-05,0.0012104142135280491,0.0003176385106673826,3.018395134520035e-07,0.004225765080869596,5.533140541874827e-06,0.009022713032155306,0.0003411652718313791,0.009324214142150117
16,3.1352480477414697e-06,0.018644459921528148,2.0245236231040407e-06,0.8839395156593447,0.04578274537268369,4.1043365909445925e-05,1.7681843467338416e-05,0.0005188586360395189,4.0794935122871364e-07,0.02288219290533488,0.00012519528769460646,1.2212314317179256e-05,2.6535222596857397e-06,0.000944055675210201,4.6480438411365175e-06,4.571342588195057e-06,1.0588563780978754e-05,0.001727620580935784,0.0002612409480852082,2.634376899232834e-07,0.007755458066237845,5.744909590519282e-06,0.009383093224926017,0.00020468229321305413,0.007725906364299503
17,2.6874660479519057e-06,0.01142870441261664,2.9294420664846597e-06,0.9125376107893691,0.04729827598844659,2.2675922428726764e-05,1.3158576992588945e-05,0.0002908735273739554,2.5371610342801657e-07,0.007497845218346891,9.431987768922592e-05,1.3810719519197966e-05,3.88557181185073e-06,0.001340579809716756,2.4447626431112904e-06,2.129966179276691e-06,7.576787020249058e-06,0.001141696463290511,0.00011775008671057012,2.2057211659894644e-07,0.0027895925739442676,2.8602205859280933e-06,0.008907635735287113,0.00017036495941656542,0.006310116834276216
18,1.1456326338230043e-05,0.03140714585604121,5.484995135656957e-06,0.8662266411359039,0.048649858239648215,1.6775688503893134e-05,2.558976309702663e-05,0.0007000162002904406,4.260550930082789e-07,0.01322492335198138,0.00011856127712303366,3.319708285768303e-05,6.640523808837503e-06,0.0011774548252887968,6.141913477412749e-06,2.8895070667266726e-06,4.464298645852408e-05,0.0027584790920789095,0.0002237692254114254,2.7069747280735337e-07,0.004929063648200411,1.0395362838851148e-05,0.011401263074536299,0.0007854237637053771,0.018233489407641933
19,2.2399558711775934e-06,0.01874542263154883,8.61799718902958e-06,0.8271876717562119,0.12432926190033726,3.363549538942845e-05,1.4030817079264728e-05,0.0005458655844688463,1.2522404862964983e-06,0.014153607455090764,0.00014290241287017838,1.7664735860158193e-05,8.087718491956417e-06,0.0013305102009552373,5.011281270870418e-06,2.225266187515305e-06,9.855395440191791e-06,0.0007380289512333888,0.000246108320549762,2.9825166119870303e-07,0.0026524679785005904,4.205536649550208e-06,0.0037202199083613678,0.000260779738423005,0.005840028469872243
20,3.6546033381356834e-06,0.02857687708427063,4.612037192361256e-06,0.8203759591825905,0.1026201500230791,3.299003093663215e-05,1.701060397174431e-05,0.0010855154111498108,1.0425985291849982e-06,0.019083261746000984,0.00015195881448565454,1.847404326280215e-05,4.824119611756916e-06,0.001120605848523731,1.2729387041149064e-05,3.5282914382520205e-06,2.6612040001688138e-05,0.001119835208331936,0.00044959339243593523,3.02337866039215e-07,0.005980053417873845,1.3303912545396467e-05,0.009400143168411791,0.00039055059966325534,0.009506412097447601
21,5.736647603993211e-06,0.01312519848421595,5.216237220697712e-06,0.8862962464559404,0.06131701902814733,5.370259939213799e-05,2.897258691795749e-05,0.00034508723939536307,4.84399324765869e-07,0.01249604394462021,0.00016402322959693363,2.6589327117677007e-05,6.8740366312357845e-06,0.0016852119472217627,4.703121490359042e-06,6.478779917367449e-06,8.968334865846892e-06,0.001393309857914032,0.00020079723016231977,3.7513077864584305e-07,0.0037868861243233677,3.2739301441389284e-06,0.011439587481177663,0.0002501294436720158,0.0073490844022079975
22,6.2742665628694216e-06,0.019323981581368974,5.74989160000444e-06,0.8549942498591859,0.07966111476150613,6.021958834829935e-05,2.5853755276305857e-05,0.0006713822560539585,7.637594741253152e-07,0.01349572488056978,0.0003208794085368624,2.6529372792869226e-05,4.729798048494244e-06,0.0012633460939362022,8.488310859362107e-06,4.996019335493813e-06,2.072168191737135e-05,0.00237785200649639,0.00030578904674106447,3.95600507637727e-07,0.007222328292889906,7.714766860074302e-06,0.011858345945670964,0.00038167534843561504,0.007950893707025312
23,4.634668855122234e-06,0.022467688178261513,5.165911187848664e-06,0.8572714832728109,0.07986730408586871,4.1488354569106667e-05,2.260121392452257e-05,0.0005921952337956356,9.007819990334277e-07,0.013839480458610286,0.00019064098441715207,1.7281147466735115e-05,5.482728249837991e-06,0.0011992466450562313,8.454078412463343e-06,3.727850944402049e-06,1.4479174313214606e-05,0.0012104142135280491,0.0003176385106673826,3.018395134520035e-07,0.004225765080869596,5.533140541874827e-06,0.009022713032155306,0.0003411652718313791,0.009324214142150117
24,1.5975599816677317e-06,0.01798526500614408,2.811176216895603e-06,0.8865981113250764,0.06718132542932759,2.713628552461237e-05,1.1044988292595676e-05,0.0003072353198079972,4.029316010221086e-07,0.012467657803357285,9.346491309118362e-05,8.803590772513676e-06,4.7840713473243035e-06,0.0011616589256784327,2.7464037669401032e-06,1.8092180884074922e-06,5.794380255730323e-06,0.0008849501386821943,0.00015965456394324582,2.0955733981142698e-07,0.0025651213622298,2.8294872391135445e-06,0.005386152724533303,0.0001598419919893578,0.004979590845712378
25,3.713209292249982e-06,0.010190595698147958,4.6455749147938015e-06,0.9278548369586178,0.039538985456981326,1.4881112295705719e-05,2.3193798387112064e-05,0.0007464214865068176,4.586257487657396e-07,0.005264971380532715,0.00025619167462862533,1.997865281071043e-05,4.785358855138365e-06,0.0007252377510544427,3.2228855437205305e-06,1.7342384210401883e-06,1.3587274929776425e-05,0.0011463852536374604,0.00021080834871177142,3.919499231959801e-07,0.0032462613899890023,2.8099119729148843e-06,0.005969451996039131,0.0002702901463427952,0.0044861598657151254
26,1.1380183681993795e-05,0.027739306022470035,9.919050903191531e-06,0.8709463701051869,0.06346481139685389,1.8076344223621586e-05,2.9169106313478615e-05,0.0009721510012886289,8.760876291794814e-07,0.010542019059148016,0.0002087361478917331,2.288362211746556e-05,1.1154712060686697e-05,0.0005946626189372736,6.032848321218046e-06,1.904959946292451e-06,4.621034706331212e-05,0.002653841660391338,0.0001643809324279757,3.5158938359962645e-07,0.0029139700707549662,5.488977875468085e-06,0.007755689667079408,0.001656986263523279,0.010223627224527123
27,6.784233645302611e-06,0.02906537158764379,6.614457895775697e-06,0.8303510767092692,0.07936056063989863,6.961389110634292e-05,3.024767037558984e-05,0.0010408923090191276,2.4211799413030173e-06,0.02249944585377533,0.00021362365932794554,1.76838341512707e-05,4.575843796384947e-06,0.001114095516513471,2.02151198567953e-05,6.5307472587863576e-06,1.938537696041424e-05,0.0012918038593769034,0.0005655507835655972,4.726316115009426e-07,0.005885103506251637,1.1745443151720523e-05,0.01007502132171105,0.0004138779252508079,0.017927285898645413
28,4.634668855122234e-06,0.022467688178261513,5.165911187848664e-06,0.8572714832728109,0.07986730408586871,4.1488354569106667e-05,2.260121392452257e-05,0.0005921952337956356,9.007819990334277e-07,0.013839480458610286,0.00019064098441715207,1.7281147466735115e-05,5.482728249837991e-06,0.0011992466450562313,8.454078412463343e-06,3.727850944402049e-06,1.4479174313214606e-05,0.0012104142135280491,0.0003176385106673826,3.018395134520035e-07,0.004225765080869596,5.533140541874827e-06,0.009022713032155306,0.0003411652718313791,0.009324214142150117
29,4.634668855122234e-06,0.022467688178261513,5.165911187848664e-06,0.8572714832728109,0.07986730408586871,4.1488354569106667e-05,2.260121392452257e-05,0.0005921952337956356,9.007819990334277e-07,0.013839480458610286,0.00019064098441715207,1.7281147466735115e-05,5.482728249837991e-06,0.0011992466450562313,8.454078412463343e-06,3.727850944402049e-06,1.4479174313214606e-05,0.0012104142135280491,0.0003176385106673826,3.018395134520035e-07,0.004225765080869596,5.533140541874827e-06,0.009022713032155306,0.0003411652718313791,0.009324214142150117
30,4.634668855122234e-06,0.022467688178261513,5.165911187848664e-06,0.8572714832728109,0.07986730408586871,4.1488354569106667e-05,2.260121392452257e-05,0.0005921952337956356,9.007819990334277e-07,0.013839480458610286,0.00019064098441715207,1.7281147466735115e-05,5.482728249837991e-06,0.0011992466450562313,8.454078412463343e-06,3.727850944402049e-06,1.4479174313214606e-05,0.0012104142135280491,0.0003176385106673826,3.018395134520035e-07,0.004225765080869596,5.533140541874827e-06,0.009022713032155306,0.0003411652718313791,0.009324214142150117
31,3.048051171267739e-06,0.01966089371272236,5.4667836817968745e-06,0.8816305836990285,0.07104524311434107,1.040188279176283e-05,1.1016277339839283e-05,0.000726223882665086,4.791794267065195e-07,0.011600091168936314,6.801929173443892e-05,1.2953016993060316e-05,6.265131472151203e-06,0.0007697753553206225,2.2884667564833575e-06,1.3326907937586638e-06,1.4588624929057099e-05,0.0010084609939109276,0.00017033691523264026,2.1948899163486266e-07,0.0023239550248320613,3.260218095759332e-06,0.0036501887081559405,0.0004528250432890239,0.006822083277387763
32,5.035182223514407e-06,0.023769076150958832,5.400267771338015e-06,0.8474278354404396,0.08523216097804945,4.476306234106475e-05,2.3748967386275036e-05,0.0006901749506379181,1.1140293518535084e-06,0.015353270838849655,0.0001968407781204421,1.851847347936692e-05,5.4541316617978224e-06,0.001260647230264415,1.0334548618698877e-05,4.322469361991726e-06,1.6045782242690175e-05,0.0011645549061654371,0.00042053939230833094,3.1726323639349044e-07,0.004802409057377781,6.63821750937456e-06,0.008999873171440754,0.00033478390605119594,0.010206140804151853
33,5.072252324814842e-06,0.04377179702630403,3.3070160717661915e-06,0.776688381733488,0.133133885262778,3.880781190073208e-05,1.619411853804851e-05,0.0006199513343729345,3.2430091791096536e-07,0.015561725844112972,0.0001630234660215951,2.539801998086648e-05,9.993123494088373e-06,0.0019444568004769055,7.178536361218853e-06,3.2686445116064634e-06,3.331198964180828e-05,0.0022899024333620913,0.0003126079057436252,3.0047255423198543e-07,0.003979901240115627,1.8960706294483756e-05,0.015950978911861466,0.0004322793196785886,0.0049889917290928685
34,2.4163203141678662e-05,0.047978394159196074,2.861825923901849e-05,0.7594524180714407,0.10243168849033102,0.00012712359558434815,0.00010233124625296705,0.0017854076596684233,3.627670017906786e-05,0.029471756539973654,0.00043960894107635505,2.396534033831452e-05,1.0052682971719924e-05,0.001809223552710423,6.62169077617239e-05,1.1754802216569122e-05,1.4416840970587268e-05,0.0007777882883218136,0.0031199617143940635,6.754261910907659e-07,0.006004710897371922,1.0441917562502456e-05,0.003556519993295373,0.0005257472623107902,0.042190737507499694
35,6.702841285423739e-06,0.020725037753585036,4.2577207979075415e-06,0.8989636775358291,0.030370656111978315,1.6872638138426186e-05,1.8867606545235174e-05,0.0014283567560473137,1.6641431579913407e-06,0.02118242813732909,9.920147060728814e-05,1.420943033776779e-05,4.078988961603448e-06,0.00040600691299370884,3.6029227512734967e-06,1.8256735649001343e-06,1.909188044407799e-05,0.002061846573089168,0.0003953760135417583,3.6356817504487265e-07,0.004082705079342897,6.215233811308156e-06,0.0026882021757818775,0.0004308181980168633,0.01706793463388656
36,8.080728647100944e-06,0.02334459205615442,1.256283389961497e-05,0.7383739201964186,0.18681716270529788,1.1300938236719996e-05,1.2698332402050476e-05,0.0016670214584090582,1.6851601869147748e-06,0.016153664979611754,6.631811608130101e-05,6.180506575132078e-05,1.0369823973276604e-05,0.0015568230189623646,1.4698589464965855e-05,4.200836467785373e-06,7.808535154280884e-05,0.00043162535253745934,0.0010886973192386696,1.8501673522236517e-07,0.004460167868471607,1.127317389542642e-05,0.004891199949831886,0.0005621619512728077,0.02035969917650889
37,2.319496752158789e-05,0.031100709023189142,9.957512369319765e-06,0.855745722768596,0.07151494313491936,3.133458668628564e-05,4.5903634951129114e-05,0.0005010288672217249,5.185608896135161e-07,0.007581788072167308,0.0002819886844927401,4.657013562262434e-05,1.1014552181500805e-05,0.0022480351448135676,6.167788418742147e-06,3.6751045611745643e-06,2.66412633811776e-05,0.0031190375734466654,0.0002781907176126739,3.231984644081872e-07,0.0036864169758327415,6.655743132470457e-06,0.011191567433842264,0.0007356606488606032,0.011802953906825354
38,2.212093085695041e-05,0.030119196698091547,6.320503768384926e-06,0.7837995572467666,0.08164044520824745,0.0003275411625829706,0.00012690272764996017,0.0005674514464325684,1.5211244254866684e-06,0.020290698978802674,0.0008538033293121076,3.74177442289622e-05,5.979428372253584e-06,0.0026736909038542903,4.578876961094316e-05,3.081054210289822e-05,1.821702916196883e-05,0.003123330551065318,0.0007649078535398807,6.687272506170633e-07,0.01124770833267858,1.4061016823728083e-05,0.049324278876374965,0.00046464520051622566,0.014492935667482781
39,3.281364956002305e-06,0.00621333651344812,4.079416739449048e-06,0.8672928174090985,0.0797252076558339,5.69197654900998e-05,1.352675148187779e-05,0.0008862133521468054,7.998819991823388e-07,0.015493593252013218,0.0001495032528775476,2.4114227505033082e-05,1.7830784380609254e-06,0.000843161994069693,6.675931287285237e-06,8.799192204639032e-06,1.1625709786950665e-05,0.0009355461584778229,0.0004523391665267587,3.354656836214458e-07,0.009592516113274453,4.0440102914963155e-06,0.009147830172199776,0.00015550867066185236,0.008976441493507742
40,2.571080695049151e-05,0.06321372446161544,1.2505771932540158e-05,0.7183702852053107,0.14290047568723033,0.00012073624364210487,5.424853792588992e-05,0.0007456219443563004,1.977933417527306e-06,0.01615049508310504,0.0005058263119831875,6.82174794747371e-05,8.524937433300693e-06,0.004527589419420049,3.298450171996052e-05,8.62863401140748e-06,3.7571275972607136e-05,0.0031702410774576994,0.0009417481605419074,4.319937671527225e-07,0.009433498254319996,3.6304500262102966e-05,0.017193208047187332,0.0005155838171522895,0.021923859913810025
41,1.9172460638652204e-06,0.026477930113454756,1.3619335415480499e-05,0.665750838123456,0.2571268200903288,7.552182041675393e-05,1.3593711542352577e-05,0.0005431139805480271,6.509344686741395e-06,0.029132379053633136,9.659393522550926e-05,6.166443993413261e-06,5.531325644818141e-06,0.0013776093477244713,2.2161678522542826e-05,4.983638439267471e-06,5.240682305721837e-06,0.00022126744301189923,0.0004989992166297623,1.7146233493639143e-07,0.0031277847093339195,2.8116528258625895e-06,0.0029095624995102475,0.00030459502500980576,0.01227427811994191
42,8.01509919719692e-06,0.029468263164357005,5.415301841718293e-06,0.7891744739733967,0.09917662366507184,5.401412556411737e-05,3.131829742351353e-05,0.0027744614701357647,2.1095549046362306e-06,0.030149962925924704,0.0002417337780814257,2.9253498687489997e-05,3.1054384401530034e-06,0.0010337955194067207,3.590425884277841e-05,1.3821079059556253e-05,5.18524914914259e-05,0.0011175887153561923,0.0017487329070653556,5.708365155981261e-07,0.014647351889011222,3.134682332576651e-05,0.014600512503180865,0.00041568815140191975,0.015184084532316419
43,1.6673186484929204e-06,0.015873674631094847,1.6757988001233367e-06,0.7775601249606805,0.12111412620030994,8.881174410395708e-05,9.797234535960751e-06,0.0009999974420654024,9.292068779284142e-07,0.05171182115754817,0.0001039737402192618,8.650221751334585e-06,1.628752895700783e-06,0.0006786044172093161,1.1593301727218928e-05,9.348929027071858e-06,1.3412311741594291e-05,0.0009301591793566184,0.000587749962009969,2.178777796500987e-07,0.012174295320417557,9.919319312663089e-06,0.01087671464996735,0.00018240310799986722,0.007048703213919634
44,4.634668855122234e-06,0.022467688178261513,5.165911187848664e-06,0.8572714832728109,0.07986730408586871,4.1488354569106667e-05,2.260121392452257e-05,0.0005921952337956356,9.007819990334277e-07,0.013839480458610286,0.00019064098441715207,1.7281147466735115e-05,5.482728249837991e-06,0.0011992466450562313,8.454078412463343e-06,3.727850944402049e-06,1.4479174313214606e-05,0.0012104142135280491,0.0003176385106673826,3.018395134520035e-07,0.004225765080869596,5.533140541874827e-06,0.009022713032155306,0.0003411652718313791,0.009324214142150117
45,5.676221897035382e-06,0.023539406182427766,7.786047869043378e-06,0.8274286609501517,0.10751540987341174,4.512629508481558e-05,3.081633265920069e-05,0.0008771580660025931,1.4984931838631785e-06,0.014919212969597155,0.00022940705973791093,2.0736776380734725e-05,7.595832477595865e-06,0.0012644929603445312,1.3395883173230091e-05,4.936187843403295e-06,1.8509372942876747e-05,0.0009343928941337416,0.00046813582562370325,3.7095828882376815e-07,0.003979473601345897,6.566834470628206e-06,0.009134816201681347,0.00046443621128587956,0.009081981967984836
46,3.864967730012321e-06,0.022605534109928813,5.234933612391434e-06,0.8542311012381962,0.08178985507567747,6.395514473047376e-05,2.7016803706839328e-05,0.00044926716677521456,1.1515066983186263e-06,0.015606324408996938,0.0002048323556852054,1.3699031123677024e-05,5.033874174080897e-06,0.001543417647902415,8.840327549878752e-06,4.51307070513766e-06,7.478721926637599e-06,0.0010657918300547664,0.00033994062213958974,3.1023212314516447e-07,0.004031437154688453,4.596073813606244e-06,0.008553606826301829,0.0002405189054968186,0.009192677970261959
47,5.6651877571643735e-05,0.05054199431543735,1.0290589110455308e-05,0.7916125212990778,0.06882678282544678,7.306444938215951e-05,6.656552527008746e-05,0.001296364810771094,1.1655393074782622e-06,0.018416467775102818,0.0004349204142685618,0.0001278358992013345,1.0232496604831528e-05,0.0020092789271470525,2.2031381477105136e-05,1.1720046862710462e-05,9.392155171610864e-05,0.00635890547773141,0.000766183448640068,7.818675459029262e-07,0.01041532612540318,4.161165512952668e-05,0.020617438859803088,0.0009859915053140504,0.027201951336677348
48,7.290247446376221e-06,0.0652484624383834,2.991079124930955e-06,0.7850533470939308,0.08375389115196555,1.5127003452817514e-05,2.8271201129227335e-05,0.00194424806295939,7.28574235628686e-07,0.02934683901447852,0.00010309860862450189,1.5893007535021372e-05,9.197106047039658e-06,0.0009602959263760884,1.7588794663066255e-05,5.059445227396557e-06,8.517308024921384e-05,0.001079686161095813,0.0011004765917623476,2.966348096029492e-07,0.005510085974909111,2.302860466092553e-05,0.014122472808263694,0.0008514007040877234,0.010715050684582055
49,4.84704368134162e-06,0.018102887149740256,6.60116579197781e-06,0.8314504566620268,0.10976272566058577,6.88492767662096e-05,1.9703658144840283e-05,0.0006005749319592026,8.985429837608135e-07,0.012951897069379253,0.00026746709683483645,3.499670225567439e-05,6.214348284991575e-06,0.0016013059086101785,8.320722158554195e-06,4.389084639513967e-06,1.6869542257338286e-05,0.001741185443809291,0.000300607633518529,4.144702306335999e-07,0.005032816014404513,8.698844776593456e-06,0.010243266317587109,0.0002752679910749841,0.007488738718497869
50,4.167743513285455e-06,0.028710918010656797,4.551727506082791e-06,0.8343251527311422,0.07417150379466438,5.427619990014459e-05,4.438721283395315e-05,0.0006587495056886661,1.6996533836139316e-06,0.03772411772820858,8.749014172801222e-05,8.015726057972276e-06,5.409905632189808e-06,0.0019791858897079645,8.62530894747467e-06,8.783900662211433e-06,5.553025958050143e-06,0.0006106616022771682,0.0008326220805633779,3.118586970458296e-07,0.0035567766283812084,6.591291642895705e-06,0.006380707808268938,0.00020609272836895974,0.010603647795609029
51,1.9509675416268763e-06,0.017184919224536292,2.48644083452457e-06,0.9186134691918663,0.03672714175178584,2.2115473791609184e-05,1.7072536533798742e-05,0.0004149843696113353,4.045446455769553e-07,0.011516679675912538,0.0001424317368591503,9.177152971118554e-06,3.6225487145577737e-06,0.0009242170745855066,2.1203743054465286e-06,1.0903600974263417e-06,5.844154183709149e-06,0.0017826646751324675,0.000141275979164737,2.3434626414647093e-07,0.0035683399226325626,3.7705175362905457e-06,0.00437543272909704,0.00017499939144929297,0.004363554859947127
52,5.099678112507293e-06,0.022537678256054527,4.8825568148542e-06,0.8634572622839819,0.0714853694459683,6.509135802984418e-05,2.6886507772248266e-05,0.0005016984611004787,9.180219979589874e-07,0.014404151604373968,0.00024835855070528423,1.7361638265760735e-05,5.788702877412488e-06,0.0012620414344609494,8.284523463563576e-06,4.110871077031549e-06,1.2275308638824178e-05,0.0018144870532706002,0.00026001013992638084,3.7751336046060525e-07,0.004288993607854263,6.042408978865081e-06,0.010746344246666619,0.00033037573696389133,0.008506110089283555
53,9.668921762208563e-06,0.022461643002588613,5.575432945137131e-06,0.8960513558996578,0.023202204697738482,9.094545182993546e-05,0.00013022207924399222,0.00046548841616091466,1.446970922648746e-06,0.011003967117603028,0.0005591276355097199,1.1954108995932486e-05,5.727456845326521e-06,0.0010657788613073677,1.9601743301259133e-05,8.71656242031109e-06,9.57647502804111e-06,0.001847396731107394,0.0002499709304044035,8.62599597308017e-07,0.003784985589147566,4.829535122295866e-06,0.025461343369643563,0.0004749399925619258,0.013072670418554696
54,9.378069517314056e-06,0.043453924688323105,6.538867901776088e-06,0.8392611744627506,0.044607924642290124,7.211284835746978e-05,6.410206112519242e-05,0.000309242211648023,1.4235714495141372e-06,0.023669257391356554,0.00012271397917762016,1.6208188747475316e-05,6.933343935638348e-06,0.0030902238583003843,1.487773470303235e-05,1.0948657167814015e-05,6.833077461950316e-06,0.0009570392737349252,0.0004328183099927237,4.407724225358054e-07,0.0037674992422367212,6.967656143297304e-06,0.012073662806154628,0.0002552185238961433,0.02778253576120549
55,3.815495836484679e-06,0.022583324876350987,4.053454481614583e-06,0.8348221517589632,0.09694055229546135,4.8020864907886716e-05,2.100405056310624e-05,0.0005854831067345504,7.192008282473915e-07,0.015698941650569172,0.00017871892612908842,1.4354396909602222e-05,4.3666002705205595e-06,0.0013392794566559282,1.056916029129156e-05,4.952104033327942e-06,1.4824592439036113e-05,0.0010230017046409343,0.00036427911369401206,2.5723444943529767e-07,0.005153005579709889,6.385435364872186e-06,0.012659852769152838,0.00030784028872202256,0.008210245882840595
56,4.6350262633109405e-06,0.023982680037715975,5.523249955470977e-06,0.8559557692133389,0.08143781767299275,3.999709104620611e-05,2.2879267683940158e-05,0.0005855237247433297,9.281603450174418e-07,0.013598993340789862,0.0001937043410649819,1.7582953808575885e-05,6.7217732022856895e-06,0.0012174759548028774,8.108595148089747e-06,3.4334733581464896e-06,1.5075234092250845e-05,0.0012353168952040027,0.0003009634134994589,3.221948473781638e-07,0.0038145202284555414,5.475439757781225e-06,0.008547993872014012,0.00036803715538432594,0.008630521690485397
57,3.395836763549032e-06,0.01736481338361578,9.163517373132253e-06,0.7490957415864659,0.19058713769966404,2.5625755385275807e-05,9.026251231136568e-06,0.0012884171778213146,1.5705977308069546e-06,0.020030283163007773,0.00010341364210792315,4.0271992249675065e-05,6.400631183815111e-06,0.0012584037486198841,8.210495856345802e-06,3.930763211254881e-06,3.193940689058076e-05,0.000633504651215208,0.0007363531733383561,2.5854265996584234e-07,0.005746367095653094,9.340793438733391e-06,0.0036844760670376544,0.00027591802813146823,0.009046035999347219
58,5.076208419276341e-06,0.02543498970311897,5.640101001771946e-06,0.8509159389021466,0.0824869707820928,3.43709136029704e-05,2.327787873052436e-05,0.00066003267819107,8.423155324472412e-07,0.014037500994712267,0.00018876484602946018,1.77578925041771e-05,6.501009965292817e-06,0.0010801657473082367,8.570882353089452e-06,3.3844621623116994e-06,1.9587998675627513e-05,0.0013471830757982978,0.00028675796517862637,2.9764412632252934e-07,0.00414848602532938,5.892617385052371e-06,0.009567910397633597,0.0004904939416560128,0.009223605016345976
59,5.441405849963053e-06,0.022983677088848437,6.996088857516661e-06,0.8571641372589299,0.08116862682734023,3.048472945812968e-05,2.3586804699721863e-05,0.0006878699893134875,8.481912202187148e-07,0.012521697193208206,0.00019145303457703767,1.9079317172115616e-05,6.612884345460972e-06,0.0010063201554150153,7.741454055122517e-06,3.149231393098751e-06,2.0261453991867288e-05,0.0014091816451382005,0.0002449958095995366,3.1138747018007943e-07,0.003979217864156899,5.152971417066111e-06,0.008614140836125236,0.0005768884963256955,0.0093221278810917
60,4.634668855122234e-06,0.022467688178261513,5.165911187848664e-06,0.8572714832728109,0.07986730408586871,4.1488354569106667e-05,2.260121392452257e-05,0.0005921952337956356,9.007819990334277e-07,0.013839480458610286,0.00019064098441715207,1.7281147466735115e-05,5.482728249837991e-06,0.0011992466450562313,8.454078412463343e-06,3.727850944402049e-06,1.4479174313214606e-05,0.0012104142135280491,0.0003176385106673826,3.018395134520035e-07,0.004225765080869596,5.533140541874827e-06,0.009022713032155306,0.0003411652718313791,0.009324214142150117
61,5.1594371877708716e-06,0.023623306369680325,7.528620544472126e-06,0.8508765184159798,0.08785143237312514,3.331297246679201e-05,2.2917846693135933e-05,0.00065384730224804,9.615738720200623e-07,0.012203616124880334,0.0002085340543631104,2.0422132844333158e-05,6.734610489447918e-06,0.0011226851590193864,8.164230677456439e-06,3.1425724405395276e-06,1.8665034035427605e-05,0.0012955495963217825,0.0002722768839942991,3.185499326309479e-07,0.0040123752139009684,5.253267481321253e-06,0.007890655723011,0.0004927348065974722,0.009363887128213186
62,4.634668855122234e-06,0.022467688178261513,5.165911187848664e-06,0.8572714832728109,0.07986730408586871,4.1488354569106667e-05,2.260121392452257e-05,0.0005921952337956356,9.007819990334277e-07,0.013839480458610286,0.00019064098441715207,1.7281147466735115e-05,5.482728249837991e-06,0.0011992466450562313,8.454078412463343e-06,3.727850944402049e-06,1.4479174313214606e-05,0.0012104142135280491,0.0003176385106673826,3.018395134520035e-07,0.004225765080869596,5.533140541874827e-06,0.009022713032155306,0.0003411652718313791,0.009324214142150117
63,5.05535982805724e-06,0.028263693555527523,5.385170103551783e-06,0.8547238873841495,0.07567882429614153,4.0334536724572295e-05,2.484045937310509e-05,0.0006103010900171145,9.882913598414447e-07,0.014438840953422908,0.0002042674208824942,1.649786364336617e-05,6.3776298596890365e-06,0.001171851442927676,9.168753438913455e-06,3.4682590239353607e-06,1.5906516029514688e-05,0.0013258225227645662,0.0003177836161588455,3.3073949261090003e-07,0.00407362452181766,6.156867639394185e-06,0.008849176093302451,0.00039974091061395706,0.009807675745757284
64,4.435548706566455e-06,0.02030999672547401,4.464743672907409e-06,0.8566174488423295,0.07898381502123297,3.9734750317023135e-05,1.990992987293065e-05,0.0006546586363596333,7.70949707418599e-07,0.014225719060475034,0.00020224043556391,1.853548304965598e-05,3.880417592856755e-06,0.001086621702019407,8.964769184524128e-06,4.007432144883877e-06,1.6552156556037523e-05,0.0012965948566535908,0.0003483509970934161,2.6425295448137753e-07,0.006616044816326887,5.741026954093726e-06,0.009553291766917736,0.0003248005153516797,0.009653155163488851
65,7.87093570812739e-06,0.04812847610525486,8.195070225443677e-06,0.8471054540955718,0.06008726055245636,2.361396797595746e-05,4.4468932217019854e-05,0.001083740825423583,2.271467775162133e-06,0.015418347700504641,0.00022315180118357686,1.2024742562578132e-05,9.783695844188474e-06,0.00082156219550276,1.6028042025290098e-05,2.912586501094126e-06,2.4305156598819946e-05,0.0009929528490811572,0.0004501215989483078,3.9612868105182806e-07,0.0029745406692178893,6.650284916815416e-06,0.0072067502358727775,0.000907074423959628,0.014442045935991287
66,2.7609212705873402e-06,0.012969752805476445,6.023538957817706e-06,0.8664083108673386,0.07938444518027944,5.759573350069443e-05,2.3004616134128542e-05,0.0006294968866275166,1.7990072628949358e-06,0.024630505594745916,0.00010842875243394605,1.5081847335020047e-05,6.590470334829376e-06,0.001384028272682162,4.341350122583897e-06,6.690205580709633e-06,4.9594944937789035e-06,0.0005875409738429489,0.0005690207669968526,4.931982961412907e-07,0.0028685903226499275,3.6416352672676774e-06,0.0036002776482780274,0.00012603381296503224,0.006600586097126875
67,4.478422786035055e-06,0.007127899592417977,4.5365358645702905e-06,0.8571897894225887,0.045851153287420794,0.0001651045850567598,3.361093875256605e-05,9.186253521082407e-05,1.6903875019946004e-07,0.004040156118398378,0.0003259786397861754,3.759862595532456e-05,4.255947231995588e-06,0.0037913433730743873,8.107360569780673e-06,1.2296351680514212e-05,5.7737453329334515e-06,0.0018883304643603166,7.190468267633572e-05,6.430283121574049e-07,0.003763442757146166,3.2226724349933035e-06,0.06729646485910881,0.00011571963519622978,0.00816615737988704
68,8.644949559098637e-06,0.013531887015983258,1.5349926287353051e-06,0.8870057415815851,0.014602638897715323,0.00010543165354288257,2.545153368503769e-05,0.00022788197762422098,1.615047476687251e-07,0.005516836170204935,0.0007294596443270929,2.8590854985073553e-05,2.091639880728414e-06,0.0005111334336703532,5.2040507713871924e-06,2.99267602842381e-06,1.9908739604380422e-05,0.01438780195091369,4.7515027179600084e-05,6.578246189048597e-07,0.008210532071412027,7.141340326601072e-06,0.044437190299748554,0.0003256488432897183,0.010257921325967248
69,3.983497088180633e-06,0.019087403428232487,5.016042462090966e-06,0.882560545264881,0.06121988909196239,2.9475779872357395e-05,2.0194841407967392e-05,0.0006049864404447032,8.218647922355871e-07,0.012880001215512978,0.00015253054010867,1.4424875110058197e-05,4.962320504083621e-06,0.0008842930399180313,6.542880033217827e-06,3.148161836189994e-06,1.3557711740830161e-05,0.0010847491385537038,0.00025619205415662973,3.1434124737691173e-07,0.003735299858836182,4.029257915690678e-06,0.007320534516907195,0.00035238253029171824,0.00975472130618418
70,4.628456635593375e-06,0.022513296133559645,5.145009792031738e-06,0.8572193990619168,0.0798479353180085,4.134047621724417e-05,2.259437491764142e-05,0.0005967600726200763,9.026718991540201e-07,0.013883274554806412,0.00019079351291360943,1.7208024703643057e-05,5.476154856753944e-06,0.001189905093502668,8.47770053536393e-06,3.7223198849629478e-06,1.4553547040608138e-05,0.001209715542158701,0.0003190272293722588,3.0169913401684853e-07,0.004232215402003478,5.5427320817049314e-06,0.009017697798329519,0.00034276059493402463,0.009307326518175693
71,5.563072464262879e-06,0.020176219393317485,5.016276118875322e-06,0.8762666208522691,0.0633846881289622,3.8627000801377426e-05,2.743381045071205e-05,0.0006302390546189797,7.955352310133464e-07,0.011895369067462832,0.00021758111115113173,1.8925985667936423e-05,5.379734733007196e-06,0.0011089574431590232,8.243748735280289e-06,3.947385994112698e-06,1.5904865698461798e-05,0.0014140129568097819,0.00030197633887177284,3.5266833099140127e-07,0.0043764610830059015,5.444575881760165e-06,0.010460152841762273,0.00037037911941277237,0.009261707949088883
72,4.611408332956305e-06,0.022401318174175337,5.42662991177215e-06,0.8543719740869073,0.08277057431984436,4.3263834923461425e-05,2.2276466235424977e-05,0.000564636249176176,9.484457792153931e-07,0.01376695296127454,0.00018705329041826982,1.7483700020754787e-05,5.523301763121719e-06,0.0012702809080376402,8.675385660505212e-06,3.8054700378158904e-06,1.3695153323903067e-05,0.001148528777228318,0.0003175174444522711,2.976987126345143e-07,0.004120528722048443,5.417643492720499e-06,0.00890625904280653,0.00032740842618096607,0.009715542459255674
