,0,1,2,3,4,5,6,7,8,9,10,11,12,13,14,15,16,17,18,19,20,21,22,23,24
0,0.001116221739217229,0.0028402571413072074,2.500638218822037e-07,0.8894527204164455,0.028925398746060815,0.0014712403863095691,0.00016086460823408973,3.0626381288269906e-05,0.004540381650707179,8.748128906420067e-06,0.02257403443336117,0.0002075818512212971,1.2309986566163338e-05,2.8034033723157238e-05,0.03705954676314921,8.051370800257587e-06,0.0004910194676623399,0.00021049743908728623,0.008930821617199679,6.55191530598403e-08,3.898304445697138e-06,0.00031153411001342445,0.0014662019599681242,0.00010490314878749007,4.479073256329199e-05
1,0.0008159150513406818,0.0020393548207733375,2.449847651064525e-07,0.9218075799249207,0.025402582391598913,0.0009834712703834145,0.00015620530045819015,2.263365634731116e-05,0.002909014295018092,6.488660969731834e-06,0.012733020112046602,0.00016739953166773505,1.0548427455626077e-05,1.575808689475316e-05,0.02261637386682728,9.55949042740452e-06,0.000454399158164941,0.00019033869327292612,0.008072570031711218,5.3875289017652485e-08,3.563815983226236e-06,0.00015234564136571552,0.001289804384230298,0.00011162268180584908,2.915184628208588e-05
2,0.000947331285367559,0.0028400154488525385,2.502945064382169e-07,0.8924680072801897,0.037670251200956094,0.0008424157120652379,0.00013452729349394018,2.864621697785387e-05,0.0031037941316154924,5.97456112075962e-06,0.020626918620970353,0.0002544708740278237,9.442529108103406e-06,2.8566390505784363e-05,0.03330339466090248,7.42489811328668e-06,0.000563619910686743,0.00015159461369442531,0.0054495395870872735,5.9017920230665535e-08,3.339327093271077e-06,0.00022386267747027467,0.0011905142062142082,0.0001000121760654093,4.6027084994688837e-05
3,0.001122012811966777,0.0025132217828432194,2.2362321665711726e-07,0.9148567961747369,0.0282361959246439,0.0008371991973098509,0.00013764215227354023,2.4998246930964202e-05,0.002090601462491998,4.52528585589718e-06,0.018775423217200753,0.00021983993612934515,9.98141529178048e-06,1.6579791757259773e-05,0.02292922818606457,7.019496051905416e-06,0.0006385670959978867,0.00016697253759093077,0.005930988918130911,4.144162740115452e-08,3.2830778099902385e-06,0.00019042151842183115,0.0011724468954548255,8.651178707404212e-05,2.9278023126725286e-05
4,0.001139829245123249,0.0026828185861222584,2.3667703005202249e-07,0.916634492284544,0.02875071514625128,0.0007296721979860952,0.00014077031000404896,2.6210880691547218e-05,0.0022067795077651766,4.733413436774851e-06,0.01877319265993381,0.00022095972990052688,1.1790365142218125e-05,1.932516887463594e-05,0.02050931022390223,6.512713193788843e-06,0.0005898980564783525,0.00018287077742907385,0.005955228114782732,4.617614537479441e-08,3.594998610908781e-06,0.00020605180043680257,0.0010867691254716953,9.019660332608399e-05,2.79952374174013e-05
5,0.0009048211465068791,0.0017831010965037835,2.0453880175210533e-07,0.9371829736033583,0.024369041555843247,0.0006564828211007728,0.00010482697892875971,1.922651143407531e-05,0.0016508676753042805,4.204121668544243e-06,0.013076901995676559,0.000136179141926008,8.699170476301284e-06,1.3853167292885295e-05,0.013231741125676412,5.18295232931058e-06,0.0004782030092715567,0.00021042756600506742,0.004723036533408006,4.0171677006080985e-08,3.0417075460260616e-06,0.00011232214944842396,0.0012281962038845928,7.981801996604863e-05,1.6607035965212818e-05
6,0.001122012811966777,0.0025132217828432194,2.2362321665711726e-07,0.9148567961747369,0.0282361959246439,0.0008371991973098509,0.00013764215227354023,2.4998246930964202e-05,0.002090601462491998,4.52528585589718e-06,0.018775423217200753,0.00021983993612934515,9.98141529178048e-06,1.6579791757259773e-05,0.02292922818606457,7.019496051905416e-06,0.0006385670959978867,0.00016697253759093077,0.005930988918130911,4.144162740115452e-08,3.2830778099902385e-06,0.00019042151842183115,0.0011724468954548255,8.651178707404212e-05,2.9278023126725286e-05
7,0.0032024395880742742,0.0024399904477939473,2.398508048691457e-07,0.9044994871611494,0.021265430406085122,0.0007116315157429665,0.00017453540447711027,3.5828542883537823e-05,0.001316306294600622,2.9147921872756327e-06,0.03642725283918016,0.00021815840581111877,2.5986284314346587e-05,9.046460380717128e-06,0.020350071898454294,4.452650365745909e-06,0.0005158794851268712,0.00022580984828516075,0.007614416019805429,3.351606976449747e-08,3.249020292807637e-06,0.000344888683934313,0.0005479696389979029,5.028655719727892e-05,1.369468798494134e-05
8,0.0011456782549070098,0.0023804317033711358,4.338084523052767e-07,0.9333477817799084,0.028428138371493505,0.0005588858231696278,5.8595243266800954e-05,1.1390381869722461e-05,0.0020698041233166613,5.539510495199944e-06,0.009658843660167664,0.00019687635518325446,7.142389576383517e-06,1.9454935461698315e-05,0.01703003676470581,7.640747839254383e-06,0.0007445813755362796,0.00010173740418781135,0.002087652217405848,4.7574379225193474e-08,1.9460640226655795e-06,8.605999033711903e-05,0.0018000132548680757,0.0002066342632991674,4.465400277930916e-05
9,0.0004940265778872133,0.0028692032117796015,3.595768325558196e-07,0.9431127611650637,0.021773873739283214,0.0004743339501411511,5.4837479792042756e-05,1.232383572289307e-05,0.0022906899681116658,9.44415707299914e-06,0.0064544199615644785,0.00014071913459431305,6.797038449407373e-06,2.721508128350444e-05,0.01646898554618326,9.658932775082664e-06,0.0005680192495095263,0.00011209891173414296,0.0031953634982654264,6.638616372956415e-08,2.3198248978564903e-06,7.853218314899736e-05,0.0016068935844330814,0.00019333156208535874,4.3725443224619664e-05
10,0.001122012811966777,0.0025132217828432194,2.2362321665711726e-07,0.9148567961747369,0.0282361959246439,0.0008371991973098509,0.00013764215227354023,2.4998246930964202e-05,0.002090601462491998,4.52528585589718e-06,0.018775423217200753,0.00021983993612934515,9.98141529178048e-06,1.6579791757259773e-05,0.02292922818606457,7.019496051905416e-06,0.0006385670959978867,0.00016697253759093077,0.005930988918130911,4.144162740115452e-08,3.2830778099902385e-06,0.00019042151842183115,0.0011724468954548255,8.651178707404212e-05,2.9278023126725286e-05
11,0.0011921674219898923,0.0025125664718402226,2.298542827073072e-07,0.9150380941552722,0.028663881119514387,0.0007829353885179782,0.00014496661282810714,2.48126605805682e-05,0.0021023898417686176,4.339716085243207e-06,0.018925232652622078,0.00022930817204743541,1.1559143642747928e-05,1.6220197412019563e-05,0.022062300935897228,7.128434300281546e-06,0.000622731224435024,0.00017106761150366547,0.0060458150591571145,4.455349895678154e-08,3.375725313869502e-06,0.0002004091953305168,0.0011149352232610408,9.495880380460065e-05,2.8529825093716807e-05
12,0.0015508569131416246,0.0027872043616433673,8.902219168924964e-07,0.617662724101687,0.2970663217995832,0.0012243990002745316,0.00015318756007388998,1.4500537607474707e-05,0.005622751738168276,6.321497665729327e-06,0.04489999675300178,0.00038914565731705905,8.634432096235188e-06,7.915594097697801e-05,0.01970511083294631,5.191472861683689e-06,0.0016437236745168735,0.00019930689416651227,0.0018927203465927008,1.401766876236419e-07,1.0279630643769232e-05,0.00015078329252846178,0.004353746342576531,0.00044754991788561094,0.00012535690343994115
13,0.0030168496222990494,0.0057993190692502625,3.056331866205795e-07,0.6983274464037819,0.07272554308179041,0.0005709046011003738,0.0002904405007186041,9.88371876009291e-05,0.002962107223460204,2.818453239819501e-06,0.14029211695220928,0.0014389879750855241,2.024856843104001e-05,6.36941197686869e-05,0.06398568108760011,7.576943963754364e-06,0.0012014777567466329,0.0001793663925801413,0.007204023385627606,5.5903641764945783e-08,6.659771846100301e-06,0.0009899597957606062,0.0006213244957780323,7.983689953939074e-05,0.00011441817499335409
14,0.0007837639556314767,0.004004638376050468,1.617489401852149e-07,0.9144186516176263,0.04140588055620948,0.0003250223254885959,9.059498790496273e-05,1.4899835992282838e-05,0.0009214431210549277,3.5991537086214024e-06,0.02100517646100885,0.0001088477550050067,1.2587027926410235e-05,1.4517070372912252e-05,0.007992242428266133,2.7665181796079427e-06,0.0006580091245010623,0.00021009670484133374,0.007075772315192058,3.052991673404099e-08,6.068074886433286e-06,0.00013546936901937621,0.0007313406463439119,6.784990159657311e-05,1.0570394336583646e-05
15,0.001122012811966777,0.0025132217828432194,2.2362321665711726e-07,0.9148567961747369,0.0282361959246439,0.0008371991973098509,0.00013764215227354023,2.4998246930964202e-05,0.002090601462491998,4.52528585589718e-06,0.018775423217200753,0.00021983993612934515,9.98141529178048e-06,1.6579791757259773e-05,0.02292922818606457,7.019496051905416e-06,0.0006385670959978867,0.00016697253759093077,0.005930988918130911,4.144162740115452e-08,3.2830778099902385e-06,0.00019042151842183115,0.0011724468954548255,8.651178707404212e-05,2.9278023126725286e-05
16,0.0017623835967183674,0.0036274588814805405,2.173427419661512e-07,0.8847189225057361,0.027315788995527404,0.0007306639890408695,0.00017392861524371343,5.126774622584924e-05,0.002041345504173474,4.165116080335988e-06,0.03367584461619905,0.0004737159778091248,1.2339847094050871e-05,2.588235269989724e-05,0.03579720876462758,8.3306215208037e-06,0.0008119755029450869,0.00019011051803048584,0.007274375633403141,3.647068067309611e-08,3.6328102460184e-06,0.00041757109259889236,0.0007822061509453787,5.7724381983397866e-05,4.290296624758482e-05
17,0.0021733794717176806,0.0030960673539517677,3.9538967044860063e-07,0.8657350709372212,0.06631227572516982,0.000726653379050164,0.0002336526226026488,3.202336213673913e-05,0.0029778858154982627,3.4408699151655757e-06,0.03679073847043318,0.00041699674832682617,1.6649325970016007e-05,3.354227647871555e-05,0.013622585728416335,5.217292803394581e-06,0.0009578377154067629,0.00028438597121987835,0.004551837805857739,5.5668459546680295e-08,7.475281611437551e-06,0.00026126657571181396,0.0015719097213464511,0.00015132592264641712,3.733056837743682e-05
18,0.0013045354970644138,0.004903613811358457,4.863223195289041e-07,0.8531942957594825,0.0425461957369958,0.0012130799758696617,0.0002516220338278433,3.5368109556234253e-05,0.0038814390713110937,8.345401565456684e-06,0.027516730187262355,0.0006452368531361038,1.214626473925394e-05,4.918514146886019e-05,0.050013842121632186,2.2209961733224322e-05,0.0016982139553787653,0.00019631318575741703,0.009295892906980541,8.37845693378028e-08,7.52512192859559e-06,0.0003181478896185508,0.0025040868522143924,0.00022909409826881444,0.00015230995596058572
19,0.0004263857269525772,0.0019356305646840936,1.0525381982195515e-07,0.9428821930888504,0.02126470241033626,0.000741185702175806,8.582223057257654e-05,1.337062258591965e-05,0.0019573226245234066,4.182217312430642e-06,0.007041324989524877,0.0001371735673978342,5.823790785760077e-06,9.992632657899063e-06,0.018474696559410687,4.829882271787627e-06,0.00030854913253551195,7.308385981995432e-05,0.003738550570178797,2.952939288351212e-08,1.1655693471212146e-06,0.00013123816874170165,0.0006875002480132614,5.730343805064284e-05,1.7837620058119675e-05
20,0.0010285678942763984,0.003170365387383393,1.4767767898110847e-07,0.9059480406822973,0.022863545828756146,0.000815613986102173,0.00013055568047570782,3.732478462743863e-05,0.0024054998960288455,5.236228788406317e-06,0.021749263597853636,0.00020022186610197122,1.251832063834922e-05,1.976834940695373e-05,0.032321242988109296,5.458069678523159e-06,0.00044702526808462875,0.00013797331114619833,0.007552897783959849,4.192599632416814e-08,2.6881122990926218e-06,0.0004147990316208763,0.0006540771273145666,5.120727710561579e-05,2.5918924269080886e-05
21,0.0019785280166785646,0.0027032051917235994,5.104702667134703e-07,0.9220617249411284,0.03068617077135962,0.0004235981625059977,0.00015565453556354644,2.9339070859044874e-05,0.0016877530136902256,3.82036726261319e-06,0.020895039301642365,0.00043825709966413475,1.5449255160373805e-05,2.7734125736893173e-05,0.01176762091670437,1.0156842040478235e-05,0.0009799941833351436,0.00033169978997109735,0.0040098854120883655,5.7892139356352665e-08,5.4359681609391756e-06,0.0001347310256090967,0.0014562785064665357,0.0001618482571324357,3.550688311022209e-05
22,0.0017890546319073758,0.0025137153583653367,3.416471608696677e-07,0.919457297254587,0.02517568632796377,0.0008516400620510127,0.00010626204733048867,3.886957838384939e-05,0.0010467722255813998,5.66989285025462e-06,0.025457157276521872,0.000165449027961783,1.1115307392152334e-05,1.700016798160707e-05,0.01380117912295422,6.6493062394840026e-06,0.0012841102076467789,0.0003297193344996572,0.006128609601654973,4.430119487601651e-08,5.9060690047099626e-06,0.00019345176003314577,0.0015357902493129013,6.053119368356414e-05,1.7978047736828928e-05
23,0.001122012811966777,0.0025132217828432194,2.2362321665711726e-07,0.9148567961747369,0.0282361959246439,0.0008371991973098509,0.00013764215227354023,2.4998246930964202e-05,0.002090601462491998,4.52528585589718e-06,0.018775423217200753,0.00021983993612934515,9.98141529178048e-06,1.6579791757259773e-05,0.02292922818606457,7.019496051905416e-06,0.0006385670959978867,0.00016697253759093077,0.005930988918130911,4.144162740115452e-08,3.2830778099902385e-06,0.00019042151842183115,0.0011724468954548255,8.651178707404212e-05,2.9278023126725286e-05
24,0.00045437115544516587,0.002267114710503598,1.0214620845483809e-07,0.9524790975937028,0.015305033133135694,0.0004072407713740572,7.52896905688965e-05,1.6317389238310894e-05,0.0010912166504750118,3.7023317041359957e-06,0.008004248831099221,0.00010343793294624111,5.93387239764731e-06,1.1078825065662294e-05,0.013005662579168024,4.3207389565246355e-06,0.0004040547337113328,0.00012103222980178829,0.005332848567326824,2.314508379622212e-08,2.0151890233635862e-06,0.00010741024007522412,0.0007414452317916898,4.435107059106171e-05,1.2651240605602231e-05
25,0.0019073113426349155,0.0017717917359947701,2.601606857920067e-07,0.8722958321854993,0.04955195719147555,0.0005798789250554706,0.00026027130183300365,7.780703733036456e-05,0.0014571569604636039,2.1256066334349013e-06,0.053252287259309763,0.000407819858800896,1.386011887954588e-05,2.3929204932135613e-05,0.011216759604609773,4.587658311965148e-06,0.0007023388594458936,0.00045617030927463074,0.004739903015485832,4.927272806906329e-08,7.0104275984105435e-06,0.00021858055372497907,0.0009803380714798076,5.387445958675004e-05,1.8098878225089733e-05
26,0.0011329820472606728,0.0012492328519505117,3.763716680855846e-07,0.9344696739145543,0.03665824900301799,0.0007150329109186072,8.962561960541794e-05,8.523443903557698e-06,0.0026718711240789786,4.2809146603545e-06,0.008932905430203471,0.00010460725277763812,8.187673725706253e-06,1.380058531029892e-05,0.007440853100472314,4.769937921907416e-06,0.0004735478058300336,0.00024505076148536036,0.0026080454225445985,5.279495690428137e-08,3.269709078327837e-06,5.005669836065117e-05,0.002848944448590082,0.00024777024647878207,1.8289930645577716e-05
27,0.0009614759642523114,0.002360068736950755,1.3930747620866656e-07,0.909309468755833,0.02501701805759769,0.0010701104263221629,0.00013983141958656375,2.622213850620135e-05,0.003609197604104254,4.581307198504684e-06,0.016450015890740962,0.00021444179532525333,1.0145754723196821e-05,1.4895738721297504e-05,0.0328283878110373,5.859743606482283e-06,0.00031926927677035664,0.00011284871331632022,0.006365502452759255,3.789562198665693e-08,1.8929984534808118e-06,0.00031155382591147637,0.0007624687526720109,7.500115894471946e-05,2.9564473568235994e-05
28,0.001122012811966777,0.0025132217828432194,2.2362321665711726e-07,0.9148567961747369,0.0282361959246439,0.0008371991973098509,0.00013764215227354023,2.4998246930964202e-05,0.002090601462491998,4.52528585589718e-06,0.018775423217200753,0.00021983993612934515,9.98141529178048e-06,1.6579791757259773e-05,0.02292922818606457,7.019496051905416e-06,0.0006385670959978867,0.00016697253759093077,0.005930988918130911,4.144162740115452e-08,3.2830778099902385e-06,0.00019042151842183115,0.0011724468954548255,8.651178707404212e-05,2.9278023126725286e-05
29,0.001122012811966777,0.0025132217828432194,2.2362321665711726e-07,0.9148567961747369,0.0282361959246439,0.0008371991973098509,0.00013764215227354023,2.4998246930964202e-05,0.002090601462491998,4.52528585589718e-06,0.018775423217200753,0.00021983993612934515,9.98141529178048e-06,1.6579791757259773e-05,0.02292922818606457,7.019496051905416e-06,0.0006385670959978867,0.00016697253759093077,0.005930988918130911,4.144162740115452e-08,3.2830778099902385e-06,0.00019042151842183115,0.0011724468954548255,8.651178707404212e-05,2.9278023126725286e-05
30,0.001122012811966777,0.0025132217828432194,2.2362321665711726e-07,0.9148567961747369,0.0282361959246439,0.0008371991973098509,0.00013764215227354023,2.4998246930964202e-05,0.002090601462491998,4.52528585589718e-06,0.018775423217200753,0.00021983993612934515,9.98141529178048e-06,1.6579791757259773e-05,0.02292922818606457,7.019496051905416e-06,0.0006385670959978867,0.00016697253759093077,0.005930988918130911,4.144162740115452e-08,3.2830778099902385e-06,0.00019042151842183115,0.0011724468954548255,8.651178707404212e-05,2.9278023126725286e-05
31,0.0017101615907693295,0.0028465815480428766,3.3106119757825177e-07,0.9313309064366113,0.01918568162666126,0.0006606301896829451,0.00012302253905150916,4.537454858287827e-05,0.0013333422955348075,4.8907106588933664e-06,0.01936939593705928,0.00023247057487040202,1.0729958281776829e-05,1.7139726172352457e-05,0.014994764764607314,8.75234890846157e-06,0.0008811836188338872,0.0002544093979824091,0.005518995461815974,3.744608366054017e-08,4.213117882032074e-06,0.00018251908207938449,0.0011918176464310987,6.879673239242397e-05,2.3851639806134734e-05
32,0.0009782549451704376,0.00238179334964301,1.9689981293218054e-07,0.9172549788030682,0.02548911333278151,0.0008253896996979338,0.00013705845556296825,2.3791062448164203e-05,0.0019591389933477834,4.5704206565195995e-06,0.017041671945991464,0.00019126111721613938,9.855121549998692e-06,1.452846715194023e-05,0.02428962679323204,7.330374077117032e-06,0.0006062015391701843,0.00016127805592392708,0.007191664677283694,4.0154256322878106e-08,3.3457352994386197e-06,0.00018698979186007456,0.0011324297562897785,8.255908161589677e-05,2.6931426892592328e-05
33,0.0016961105185849988,0.0025666624201685865,1.2327175092125986e-07,0.935936213726266,0.01535200567303309,0.00030516512722105404,0.00016674705084333943,4.318841228271178e-05,0.0004969969280731941,1.2924841924849102e-06,0.025550275959077447,0.0004147660496396628,1.5962153234690836e-05,7.392009628015067e-06,0.00910159519768454,6.895260632025403e-06,0.0009988317399523868,0.00021182969846490242,0.006357130459291563,1.9465415937663123e-08,3.293877219439713e-06,0.0002578131526510928,0.0004566450711359204,4.192948373726481e-05,1.1114809818751514e-05
34,0.0026484241052710756,0.0015363304585418744,2.387559477275146e-07,0.898642036667576,0.03232285750541273,0.0007419567150833927,0.00017616945422692135,2.5617259607507467e-05,0.0020473565673679336,2.612969634279596e-06,0.029911332221384743,0.0001795067098065383,1.4878241284370707e-05,1.0552056246179941e-05,0.022176434261618368,4.60727506689658e-06,0.0004639084349131139,0.0002683018184857618,0.007472757915487388,3.2438526211199484e-08,4.0791095602808765e-06,0.00019318491507740748,0.0010566274417166117,8.246525618781306e-05,1.7731445968716858e-05
35,0.0029643493135009602,0.001735065552087543,1.7496936845808436e-07,0.9438399032811413,0.009836855775487966,0.000928834700427735,0.00015425651839768323,4.623836518422803e-05,0.001640307811811134,3.2038414449616383e-06,0.01721948239473034,0.00026788112206388844,1.580930349741477e-05,6.678316384058964e-06,0.011433705110710091,8.800325105687683e-06,0.00044846028507616604,0.00035906998257097006,0.00805435239545225,2.1389100921866908e-08,2.219136848873089e-06,0.00029748659083210396,0.0006701949597774116,5.5248382613055425e-05,1.1400176384805078e-05
36,0.0007658931439660364,0.003068620433639825,1.1150126741658035e-07,0.9451874868644086,0.0074670729493264585,0.0007177704570450742,0.00010557890490669241,4.6038369740616076e-05,0.001754411936678454,6.325676226393729e-06,0.008845346596807507,0.0002274471955739221,8.495686303522321e-06,1.582317908107124e-05,0.022723665171101894,1.004143216172184e-05,0.0005187082579389878,0.00014995051658978835,0.007409811716570458,2.7355541653225962e-08,1.4329347511311258e-06,0.0003615961591704296,0.0005598448091583396,2.8941703135158868e-05,1.955704890878327e-05
37,0.0027656607052958444,0.002227516714882991,5.754228910291631e-07,0.9029871676772756,0.047505061903991425,0.0005686814816562945,0.00018856574228996208,1.918549602007684e-05,0.0026803140449969155,3.5854849582353008e-06,0.02316363402419858,0.0003197944825937335,2.043903081507598e-05,2.2928960470159136e-05,0.010490450003731363,6.329467965477171e-06,0.0007243763583643117,0.0003390439970410356,0.0038987902894376714,5.99791438786763e-08,5.878806989711405e-06,0.00013939680088703862,0.0016584301355903218,0.00023432670109430162,2.9806287418964567e-05
38,0.0010650543685943247,0.0011037957623428623,1.6234305143441979e-07,0.9317383650955621,0.011021498847372363,0.001641996068043019,0.0002159029982023465,2.1835544110881947e-05,0.0012773827084035906,4.174939298187372e-06,0.010201032160185364,0.00012018845600907175,1.0766923662227932e-05,4.278336393612056e-06,0.026023492566622137,1.3892508753931178e-05,0.0005601532213145052,0.00023310122263214624,0.013091771753049597,3.7818321475804567e-08,3.0204456717882536e-06,0.0001317160618476844,0.001438820965787492,6.345413680707788e-05,1.4104747960787154e-05
39,0.0019389772407325029,0.0018986164137578714,2.633169033240166e-07,0.906356714061106,0.020323334783234497,0.0016996906710943728,0.0002931640619151665,7.986375171494934e-05,0.0014002524106926891,3.6946071455529848e-06,0.02912652855789414,0.0004527714488986967,1.2479986652867379e-05,9.969481379253586e-06,0.024031691453939793,1.7493811162258335e-05,0.0011702690139526928,0.0002553589176314389,0.009193240514011214,4.163149370918802e-08,5.041970254026789e-06,0.0003178932417452092,0.001314975189155602,6.72932966353293e-05,3.0380166897063786e-05
40,0.0028049142570693597,0.004439999186280273,4.043821946426092e-07,0.8369998299732482,0.05047535431830104,0.0013431468155428328,0.00019694881411448206,4.018432610700737e-05,0.003141394900539301,4.743319186226716e-06,0.04585862729866536,0.0006239056022962824,1.582273393391793e-05,2.757543612310842e-05,0.04621634729928318,8.449537713881996e-06,0.0011446725060155131,0.00012735450167144447,0.004778187859242768,5.269299066040061e-08,3.6761222456073162e-06,0.0005376793698511204,0.001037200606233737,0.00010107387905246762,7.245426209758392e-05
41,0.0016527606237524714,0.004327049746413727,3.9341461681524315e-07,0.9004412277322206,0.028759927670387923,0.0008467335460630665,0.00021158599367217053,4.030375168760224e-05,0.002211743081194933,6.515993455578443e-06,0.02788635167630077,0.0003375656611946348,1.8696795703956204e-05,3.0965153098365e-05,0.020299497482024302,1.1888601791593954e-05,0.00125074996365868,0.0003121337462523763,0.009214963636253298,6.774314254803884e-08,8.248326580904807e-06,0.00030380699945744855,0.001651280667030292,0.00013160395187945733,4.393804216650601e-05
42,0.0010793285312018582,0.00325710181095117,1.1469406935728568e-07,0.9029057879131095,0.016725002020120203,0.0012063122328778997,0.00016661183754257508,3.948113943317589e-05,0.0019449520296259352,4.719436181016785e-06,0.019047661774457308,0.00023931460322515098,1.4678983879250655e-05,8.538206601103974e-06,0.03885713006058916,1.0280824567509956e-05,0.000617591999985553,9.623967161043545e-05,0.012584366900456646,3.232361701417505e-08,2.281720437080914e-06,0.0006140780159495458,0.0005034539954070104,5.039120505106504e-05,2.454806905332645e-05
43,0.0006603375627381018,0.001810370243831553,1.880574229267639e-07,0.9164934684485038,0.022077954623875847,0.001883124254385716,0.00010868814048475911,2.795809812253058e-05,0.0024421685271480208,1.016833431543577e-05,0.012290446152586594,8.851256492413317e-05,8.085426687544099e-06,1.2523570966903792e-05,0.030992130814319504,8.168441650418514e-06,0.00045273957342299996,0.00015970213766531533,0.008866779764542027,5.730101163582646e-08,3.221390138550653e-06,0.00021084625642603697,0.001308368416671668,6.239232998004563e-05,2.159956817826087e-05
44,0.001122012811966777,0.0025132217828432194,2.2362321665711726e-07,0.9148567961747369,0.0282361959246439,0.0008371991973098509,0.00013764215227354023,2.4998246930964202e-05,0.002090601462491998,4.52528585589718e-06,0.018775423217200753,0.00021983993612934515,9.98141529178048e-06,1.6579791757259773e-05,0.02292922818606457,7.019496051905416e-06,0.0006385670959978867,0.00016697253759093077,0.005930988918130911,4.144162740115452e-08,3.2830778099902385e-06,0.00019042151842183115,0.0011724468954548255,8.651178707404212e-05,2.9278023126725286e-05
45,0.0005071240578595547,0.0008137158198351409,5.805843596033036e-08,0.9275972402145033,0.017832350014113738,0.0010199094786430569,0.0001538643920783943,1.7717060871843133e-05,0.0018411853490968991,2.0422721326628596e-06,0.00918540789767277,0.00011696642927515528,5.968120870767098e-06,3.6126606358980487e-06,0.03366229077193615,5.089400882045318e-06,0.00016530532144970234,7.513219662040729e-05,0.006312447098201903,2.3489182304651408e-08,8.583371549076311e-07,0.0001327867798045008,0.000501730551614866,3.5685898356852275e-05,1.1488328771267188e-05
46,0.0007044611629561683,0.001940350619722473,2.5503093504299616e-07,0.8971022484840577,0.04148130525663444,0.001025199847355851,0.00016576328415918347,2.1869754790988564e-05,0.006098072863903366,7.896914507596993e-06,0.016957966625456882,0.00013794631010295494,9.545559686699709e-06,3.4011503990114437e-05,0.02463315076995413,5.371174056307464e-06,0.0002461024925261395,0.00027031699704011485,0.007208793522028914,7.288826398607945e-08,4.438910622860277e-06,0.00013403691769893394,0.0016457469580120673,0.00013018862759971855,3.488752393742768e-05
47,0.0030471775129697733,0.007984866969270955,2.7265444305738846e-07,0.8904701458652815,0.019271919530008716,0.0007936781743973189,0.00018470254318919688,4.411244899284499e-05,0.002208019083872973,4.760935423545559e-06,0.029221414229474756,0.0008148476564039811,2.645927961340994e-05,1.6238917039399854e-05,0.03550931207128335,1.6438027576994044e-05,0.0012218422496500965,0.00012098253653523305,0.007520744728659955,4.078358645691082e-08,2.24929977334613e-06,0.0008208857817869099,0.0005338312410346144,0.00010833243521008892,5.672504452159674e-05
48,0.0005950040780347303,0.004844847758706066,1.0237365771225553e-07,0.9610702325429314,0.005763411069651232,0.0004037021134042027,4.803565185427668e-05,2.6219387939728563e-05,0.0004010371620419143,5.127721184538663e-06,0.005876881721970428,0.00010746655901928425,5.325919043108194e-06,7.149445974600472e-06,0.013176725427524816,7.238875080812974e-06,0.0011630884364299487,7.811362888048166e-05,0.005662572616905277,1.3398774663978631e-08,1.429421566131058e-06,0.00018504314627132738,0.0005414012849868823,1.9149763960866335e-05,1.0680494205601008e-05
49,0.0014804831192649617,0.0024624574834720995,2.8972357770353454e-07,0.9122488777868223,0.03114188660696588,0.00124669094529919,0.00016295287706110978,3.095615575440783e-05,0.002345456962833772,4.481978092196385e-06,0.02205680411429897,0.0003193599599124141,1.1442340721392286e-05,1.6274417179215337e-05,0.019569237318562523,7.84205639319738e-06,0.000721886479433575,0.0001790972677105216,0.004365506180726782,4.9340647493319143e-08,3.1059238449297833e-06,0.00021913606315042137,0.0012789860421527947,9.551878834492481e-05,3.122006777742854e-05
50,0.0008679789210683084,0.003121000060129306,2.1877173607927e-07,0.9193192006328479,0.021107858105610177,0.0008556350589160962,0.00016713520133833758,3.9379912784546675e-05,0.002505326080868489,7.715774925504343e-06,0.015324965598845296,0.00019503672225697089,1.2531217904753915e-05,2.201544547386457e-05,0.025772474961078956,7.36686489388998e-06,0.00047328685914589105,0.000163778194891769,0.008894681032037116,4.41335094154556e-08,3.589037845088385e-06,0.00029139183908213554,0.0007657427812795439,5.408177176590937e-05,2.7565019764650262e-05
51,0.005356103241081408,0.0002630987949874329,2.1200128534301157e-06,0.5011111467412206,0.27153396003893165,0.013836531847256982,0.0020299153362627847,1.3025680495455546e-05,0.013350208677724424,4.58940632239611e-06,0.07800372021442702,0.00040728094374903545,2.0014833962653436e-05,1.4901058789726771e-05,0.0458596727555697,4.58582699610691e-05,0.002915835577606126,0.0011232162162222582,0.015303984059178304,3.4430324620818487e-07,5.455716749280022e-05,8.199438576729506e-05,0.04547814552552926,0.0029852882177911046,0.00020448669357093336
52,0.0014924125358391836,0.004272308039360027,3.482138145907469e-07,0.8581078703826656,0.06446046199491313,0.0007962086910220244,0.000255887366853985,2.6868859570489464e-05,0.0026957919100356153,3.084870439405397e-06,0.03429111197040432,0.0005300748641849297,1.2016813014635261e-05,2.844210166645075e-05,0.02467281496725217,7.149658818854396e-06,0.0012231389240351092,0.00012723097425112342,0.004970714016844192,4.3196669899470127e-08,6.240958696772601e-06,0.00024119766383841977,0.0015595455204905104,0.0001522168800890048,6.681862522954127e-05
53,0.0013031647831717376,0.0018749014042411395,2.2756609655181893e-07,0.88904177573865,0.033056460984902086,0.001432890869656176,0.00041750146139260655,3.5916416585172255e-05,0.0037013643246790844,2.9542057973375322e-06,0.02590600543154009,0.0004873037706781592,1.0928367396175026e-05,1.9378141081860305e-05,0.033548052360557995,9.71545842804152e-06,0.0005774683186810407,0.00020630551910189355,0.006263867965081016,5.182110469425545e-08,3.6683380215177415e-06,0.00020217431052714328,0.0017478604183939557,0.00010109532275163067,4.896670148306606e-05
54,0.000845311648408834,0.007705437024579515,3.330523067059617e-07,0.8523810627058931,0.033155083417964644,0.0008138842065446838,0.00016732328597737132,3.155419952859167e-05,0.0053149672526158825,9.917169643660293e-06,0.018116812516967874,0.0007851164844760465,1.0596923389839704e-05,5.4530256892287764e-05,0.0716682502631653,2.120917731655588e-05,0.0008731503926223926,8.185685103513209e-05,0.006197054359121912,7.129961541404088e-08,2.43606753449798e-06,0.00037981330327017016,0.0010261983671740584,0.00017041572436988405,0.00018761404958569054
55,0.0009816014599884797,0.003494191788075003,2.3476961626891095e-07,0.9176260919503665,0.019749280971067186,0.0008511680451193352,7.710977607764546e-05,3.051443879968369e-05,0.0012812991915620783,8.519720580192656e-06,0.017219522525182236,0.00010755879931244931,9.15617565292059e-06,1.8264527007788476e-05,0.028452431966704616,7.052270001041762e-06,0.0009570861849649261,0.00015461556715197343,0.007513431856633391,4.471692585928836e-08,3.89496291662864e-06,0.0002487093010575754,0.0011346600951687691,4.971028114816525e-05,2.3848658919340575e-05
56,0.0011801401466295875,0.002568632919328645,2.2798525805027074e-07,0.9149592058931065,0.02792511624803477,0.0008220508754642276,0.00014238694905311836,2.5752911102484938e-05,0.0021067029144266687,4.4841966211738075e-06,0.019182752804513755,0.0002288885693842659,1.0855444219149732e-05,1.6692985392896056e-05,0.02252583718615053,7.059088943370089e-06,0.0006347517530560334,0.00017131806135636267,0.006025111888615083,4.279044213131294e-08,3.342629598362998e-06,0.000201687071998512,0.0011392017334497123,8.873540430741853e-05,2.9021549547106496e-05
57,0.0009914884479221304,0.004088073569689617,2.124554450066495e-07,0.9012324131661072,0.026213505847845268,0.0006920092993428746,0.00020179740435518492,2.919082787192346e-05,0.0019559634891214003,5.118387002456224e-06,0.019996356099282235,0.00029934683354161114,1.56858013989262e-05,1.598251576646588e-05,0.0277166333048421,1.2290555217439782e-05,0.0008555417147636488,0.00015926500168916022,0.014161875315061894,4.268651041731372e-08,5.3893408965524285e-06,0.00029696706429692193,0.0009073702137040947,0.00010877987790998418,3.870078041560303e-05
58,0.0010686040003934838,0.002441049780369236,2.522683577478698e-07,0.9103524093150779,0.0344483880886696,0.0008092699699528659,0.00014811827510400423,1.9256957077107735e-05,0.002531742272336946,4.5317506396625786e-06,0.017514699117079938,0.0002236237812809814,1.1552667981722521e-05,1.6757326835280413e-05,0.021968801678597126,7.611105394753336e-06,0.0005978070456911302,0.0001640659473841349,0.005978516558254112,5.1918068280925264e-08,3.6608718172494606e-06,0.0001669076642229604,0.001347597915332158,0.00014136792752945265,3.3355796552291874e-05
59,0.001077145476363684,0.0025715969188615344,2.8231256045400036e-07,0.9103998444990666,0.035556412272946265,0.0008302899439933609,0.00014124549143807263,2.008007926497428e-05,0.00245166937568274,4.997091858784732e-06,0.017597814015716372,0.000219991765445957,1.1083862050979242e-05,1.856384271962752e-05,0.02081796410252169,7.761887822905877e-06,0.0006732339261657449,0.00017088999360611597,0.005633504183587772,5.358322050666295e-08,3.998407242198691e-06,0.00016313712020897108,0.0014533799007744644,0.00014054492287604323,3.4515024004381664e-05
60,0.001122012811966777,0.0025132217828432194,2.2362321665711726e-07,0.9148567961747369,0.0282361959246439,0.0008371991973098509,0.00013764215227354023,2.4998246930964202e-05,0.002090601462491998,4.52528585589718e-06,0.018775423217200753,0.00021983993612934515,9.98141529178048e-06,1.6579791757259773e-05,0.02292922818606457,7.019496051905416e-06,0.0006385670959978867,0.00016697253759093077,0.005930988918130911,4.144162740115452e-08,3.2830778099902385e-06,0.00019042151842183115,0.0011724468954548255,8.651178707404212e-05,2.9278023126725286e-05
61,0.0012032505079780987,0.002453429446611053,3.1476775765651096e-07,0.9079176649228091,0.03820258624335975,0.0008417732729049179,0.00014962894340908673,2.0541033612836722e-05,0.002686788917096195,5.003754988815693e-06,0.018744075840981398,0.00022298779153418866,1.1860472289786276e-05,1.970290565724313e-05,0.019273351430530425,7.3581849147492144e-06,0.0006442628077733672,0.0001920424047400217,0.005524738203204936,5.5478207897490156e-08,4.3730231846124986e-06,0.00015978835957380973,0.0015275181651779584,0.00015274255779109883,3.4160563910770345e-05
62,0.001122012811966777,0.0025132217828432194,2.2362321665711726e-07,0.9148567961747369,0.0282361959246439,0.0008371991973098509,0.00013764215227354023,2.4998246930964202e-05,0.002090601462491998,4.52528585589718e-06,0.018775423217200753,0.00021983993612934515,9.98141529178048e-06,1.6579791757259773e-05,0.02292922818606457,7.019496051905416e-06,0.0006385670959978867,0.00016697253759093077,0.005930988918130911,4.144162740115452e-08,3.2830778099902385e-06,0.00019042151842183115,0.0011724468954548255,8.651178707404212e-05,2.9278023126725286e-05
63,0.0010229599135099807,0.0030491503305876606,2.0580235207247782e-07,0.9177465176024602,0.02599222773235016,0.0007425893377669144,0.00012327767102189946,2.4360952486621846e-05,0.00193916148060044,4.736424237010278e-06,0.017532641853067278,0.00021958994598374535,9.89698833300972e-06,1.69404978104244e-05,0.02325239457871404,7.09414062701634e-06,0.000668352789172193,0.00014805020474566302,0.006120770906374204,3.938288647182738e-08,3.102710860661616e-06,0.00020459592655691335,0.0010583916893530463,8.322179766675396e-05,2.9729340475628552e-05
64,0.0012339759253664996,0.002838286134655925,2.9927767873023034e-07,0.9049318674673447,0.03496586618161735,0.0007923157995313618,0.00016826222244543677,2.632043526073448e-05,0.0020684225392551187,4.891778241986055e-06,0.021843283895771483,0.00022646317052400205,1.2445523345512031e-05,2.082860836650215e-05,0.02071672357233614,7.704271500500736e-06,0.0008336315803793302,0.00021276901633737914,0.007281836596117234,5.037201936241479e-08,5.9132687940465486e-06,0.00019193543544366305,0.0014722409179558304,0.00011104161336986339,3.262439634125415e-05
65,0.0012400538952479741,0.004930739615583536,3.952337783224204e-07,0.9020312068492887,0.03604061416257101,0.0006852037909816771,0.00012604398706640336,2.9300391142004867e-05,0.0038723525852040748,8.306324412816783e-06,0.020080095927123596,0.00030971155020363667,1.450709583548144e-05,4.4605371731766073e-05,0.023210324437286,7.906137776304636e-06,0.0006635415635830483,0.0001708320616256526,0.0049081569272656144,6.943121664971094e-08,4.047340326233204e-06,0.0002823347574891998,0.0011422863545082753,0.0001430611823143112,5.4303026437550105e-05
66,0.0011862889651541512,0.002488118953479293,2.350381541844506e-07,0.9143540339482553,0.028779399860131692,0.0008224227943759948,0.00014135455776379818,2.6090893929595223e-05,0.0020910713797203627,4.5252552168667915e-06,0.01946340322857772,0.00022293087317531158,1.0661723743495571e-05,1.675659088629643e-05,0.022269847663795965,6.963851621718721e-06,0.0006269267524005976,0.0001748263917675899,0.005875410374999918,4.285304224156612e-08,3.362311768441365e-06,0.00019389764074891658,0.0011270123226577282,8.59496398658607e-05,2.846613476695301e-05
67,0.0012478854069411262,0.0014706261922984739,5.844726047841533e-07,0.9362537297026229,0.02573520017416169,0.0007424024792602164,9.845622788427947e-05,1.980020155372509e-05,0.0010684160512487546,6.1945086292855225e-06,0.013825646273783751,9.856640236916178e-05,9.37347212968941e-06,1.8306308105154105e-05,0.009713054683692731,7.629656188426776e-06,0.0011210295882883349,0.0003973597403978394,0.004323951826242078,7.208608850092858e-08,7.979829498788746e-06,5.87486705374217e-05,0.003625434514825377,0.0001302317124985434,1.931981814909356e-05
68,0.0006360313432696161,0.0015774166542438268,4.98037884402244e-07,0.8835660526855751,0.0680927568948697,0.0011077193608784919,0.00014178806853450438,1.0557635196466268e-05,0.007367266375317836,6.5469961164594655e-06,0.012914861881514474,0.0003019636391430835,6.842381325796514e-06,5.2183113243514485e-05,0.018452643772224372,5.3895654029053746e-06,0.0003710941618036362,0.00015226784721332652,0.0017705477003640364,1.0148517866926094e-07,2.7027360932186094e-06,6.832264609281063e-05,0.0030142396055952347,0.000304309331025516,7.589608189295941e-05
69,0.0011894802652089986,0.0022418426721322092,3.7976375419774807e-07,0.9159639730110724,0.029844016679385247,0.0009617910624177565,0.00016317862201563398,3.302672979039246e-05,0.002517484296682059,6.532859533436277e-06,0.019174735252264062,0.00022168722274784456,1.1198691205667972e-05,2.6283000568231977e-05,0.01835703788388876,8.598368094532343e-06,0.0006682524557734999,0.00029747526682731877,0.006169229453588932,6.470070144142102e-08,5.711529747255625e-06,0.00015484658088149627,0.0018352880381747678,0.00011419022322912273,3.369537031479246e-05
70,0.0003770770336027445,0.0004346282165858923,8.020456579108502e-08,0.9217770146273719,0.053317454371753,0.0005114946643958192,8.343349130081166e-05,6.863528170637102e-06,0.002612003184452536,9.168437314496506e-07,0.007811840722465196,7.537711912028224e-05,2.277494654224191e-06,7.758230570615685e-06,0.011222273294387308,5.812191828598802e-07,7.83208615005606e-05,4.6029357031564485e-05,0.0007935353799361131,1.4944636732477163e-08,5.700313514578403e-07,3.159649960214276e-05,0.0007665120485580033,3.384515880462244e-05,8.501472267813547e-06
71,0.0012538282027398217,0.0023749000452574706,2.0050207971686386e-07,0.9184994804083046,0.023118250777122682,0.0008599210708899275,0.00012396909577374398,2.453439343413105e-05,0.0016799072169454302,4.012508354998225e-06,0.019019231821197503,0.00021712680203835467,9.712491084055312e-06,1.2562397840435335e-05,0.02465739426722971,6.982040520082703e-06,0.0006731289713852757,0.00014717403903288654,0.005972881001037759,3.4011984725208985e-08,2.6968029489526193e-06,0.0002017828527112311,0.0010410275725543149,7.304810731637227e-05,2.6212600215840285e-05
