,0,1,2,3,4,5,6,7,8,9,10,11,12,13,14,15,16,17,18,19,20,21,22,23,24
0,4.061741988455522e-07,9.906525732003982e-06,1.3117570160485688e-05,0.9733440686414551,4.420548622253692e-09,4.003297255425152e-06,5.152794669357753e-06,0.001694384302477628,2.978402213089759e-06,0.000294243063990027,9.560504121883064e-07,0.0012990282128738093,2.201041454708028e-06,0.021944979312274925,1.5891057172474293e-08,0.00021484302079672452,2.3395266816700426e-05,0.0008432435005452766,1.3670610715004746e-07,8.228151670161782e-05,0.00010273784384091158,9.266383645120694e-05,1.551994924823009e-05,1.119098813543879e-06,8.613559905266475e-06
1,5.040172419618369e-07,1.3120476059103515e-05,1.9060425428343643e-05,0.9735205692863672,7.908931387447489e-09,8.133583717702302e-06,6.191451023396891e-06,0.002666683603662802,5.822192522913988e-06,0.00031156097959304297,1.4930284061301911e-06,0.0014421226077666615,4.036912295036112e-06,0.02025933427545126,3.134511873079531e-08,0.0004850177917222866,3.3761808773010624e-05,0.0008018035187416119,3.145841154175231e-07,0.0001308069581017875,0.00014211415394317935,0.0001201174815475882,1.716169482574193e-05,1.988423991867048e-06,8.241490652010503e-06
2,5.059282779213429e-07,1.316506079055875e-05,1.504436132166665e-05,0.9677259175510401,9.064282086820338e-09,6.965053312403102e-06,5.930954768189028e-06,0.0024380271901280966,4.852548044650114e-06,0.00029159429080338447,1.5496444573316362e-06,0.0014033426783231586,3.929000089865867e-06,0.026360034726217053,2.823749141170205e-08,0.00041419766259147853,3.890864980145372e-05,0.0008514477094424921,2.5223278762901405e-07,0.00014442421035015248,0.000134146670022446,0.00011587798338557545,1.8927086522459096e-05,1.7424003870686036e-06,9.179105361026735e-06
3,4.3225055364907813e-07,1.1658442640049926e-05,1.4504822096628947e-05,0.9723821181734017,7.1605685676972084e-09,6.64381730600994e-06,5.242231884131615e-06,0.0023044396323293513,4.684935175724204e-06,0.0002604363314163831,1.4852274492249674e-06,0.0013494671242576895,3.5559671831167343e-06,0.022064442552752864,2.4861014246610762e-08,0.00037276400896004417,3.540546032661491e-05,0.0007861662964368122,2.491987082137354e-07,0.00012124078053951814,0.00013206726536040255,0.00011611549279194081,1.7404618620641297e-05,1.750082661997614e-06,7.693265564379026e-06
4,4.51476120066848e-07,1.1555796358137334e-05,1.438383548011925e-05,0.9717151050887103,7.339270804752538e-09,6.583506566476234e-06,5.204450197036789e-06,0.0021918429862453595,4.821681320318488e-06,0.00024835311128985855,1.483256437579412e-06,0.001469486169803053,4.13513234379572e-06,0.022706709709239332,2.441683322195551e-08,0.0003698960574399616,3.829654151186323e-05,0.0008032835651943539,2.51047668687148e-07,0.0001251540263592272,0.00013737054302355133,0.00011826800883511433,1.7452270849122327e-05,1.809138545152211e-06,8.0708443576847e-06
5,3.9465367343302896e-07,1.0245371592404722e-05,1.2387808102661212e-05,0.9746528521433384,5.840789347873212e-09,5.714329248122473e-06,4.39773597115453e-06,0.0018739689098098485,4.24526084276415e-06,0.00022795269975922102,1.2762144469183064e-06,0.001303122820336773,3.3433177247011944e-06,0.020392487626021947,2.0545874812536406e-08,0.0003189668854219109,3.334100479458701e-05,0.0007903130450546168,2.04820807072289e-07,0.00010912163518535222,0.00012298476614097323,0.00010845345174824883,1.5414705181081235e-05,1.6215130531426595e-06,7.1628950803929365e-06
6,4.3225055364907813e-07,1.1658442640049926e-05,1.4504822096628947e-05,0.9723821181734017,7.1605685676972084e-09,6.64381730600994e-06,5.242231884131615e-06,0.0023044396323293513,4.684935175724204e-06,0.0002604363314163831,1.4852274492249674e-06,0.0013494671242576895,3.5559671831167343e-06,0.022064442552752864,2.4861014246610762e-08,0.00037276400896004417,3.540546032661491e-05,0.0007861662964368122,2.491987082137354e-07,0.00012124078053951814,0.00013206726536040255,0.00011611549279194081,1.7404618620641297e-05,1.750082661997614e-06,7.693265564379026e-06
7,3.004146696298669e-07,1.0663197866453165e-05,1.0170859846892066e-05,0.9727907345206507,6.069076225944023e-09,5.715947845020135e-06,4.3313678717382195e-06,0.0020632507447935675,4.185594513621832e-06,0.00022928623837732196,1.3559440737668248e-06,0.0012247286427361404,2.8204025067899994e-06,0.022179699955060726,2.450087552225213e-08,0.00035136247371813614,3.38390250683548e-05,0.0006969852878866775,2.053009564853833e-07,0.00011090903235825516,0.00012771990464056042,0.0001275047818124424,1.5995546077841063e-05,1.4013837854855036e-06,6.802862931522388e-06
8,8.314645012179912e-07,1.4184565331218333e-05,1.3699720679567036e-05,0.9251528041077829,3.279123295944846e-08,2.0488810018028202e-05,1.3865472521870819e-05,0.00926354023504784,2.6722701244392766e-05,0.0003488145003958128,7.693625163347489e-06,0.00617463482860978,3.4378613586509836e-05,0.04439507196974436,3.783276836369782e-07,0.003502619200302703,0.0005996559009958413,0.005277363425157254,2.2677413271939142e-06,0.0003372957526233038,0.001333087004431725,0.003432239167258653,1.824360518482928e-05,4.871213766868015e-06,2.52152554080499e-05
9,9.232002025207795e-06,3.782689206396093e-05,3.348162778736155e-05,0.7524138400013385,2.330507193011768e-07,5.013052477938823e-05,2.9656466266171525e-05,0.02861543949020789,3.423323705000105e-05,0.0005399553269303985,2.5301428176578653e-05,0.00541482642763087,7.929359195850525e-05,0.18752186334314067,4.4324991642190633e-07,0.0032521952569495743,0.002083896529681733,0.01594955532627871,6.72692099741386e-06,0.0007082767488911596,0.0007002051129947872,0.002372635891185306,4.2072146607763716e-05,8.472331195837902e-06,7.020707522656764e-05
10,4.3225055364907813e-07,1.1658442640049926e-05,1.4504822096628947e-05,0.9723821181734017,7.1605685676972084e-09,6.64381730600994e-06,5.242231884131615e-06,0.0023044396323293513,4.684935175724204e-06,0.0002604363314163831,1.4852274492249674e-06,0.0013494671242576895,3.5559671831167343e-06,0.022064442552752864,2.4861014246610762e-08,0.00037276400896004417,3.540546032661491e-05,0.0007861662964368122,2.491987082137354e-07,0.00012124078053951814,0.00013206726536040255,0.00011611549279194081,1.7404618620641297e-05,1.750082661997614e-06,7.693265564379026e-06
11,4.4648354169290465e-07,1.1637085663273942e-05,1.4819481007843724e-05,0.9722907490055591,7.454211383319982e-09,6.733842944246437e-06,5.311463641170891e-06,0.0022716858965824665,4.826483320193014e-06,0.00025404311686077374,1.5131075314597996e-06,0.001420799500124108,3.982650177697744e-06,0.022109745170216005,2.4905396302732203e-08,0.00037587621570976556,3.694945924116886e-05,0.0007856297293770514,2.5511238551318125e-07,0.00012625014507960909,0.00013560729209081764,0.00011564205296004029,1.7760580891926262e-05,1.8436793218743524e-06,7.86008616459936e-06
12,4.1619318342234347e-07,1.1062116465350988e-05,3.733656964710649e-05,0.9846407395124941,7.416569385107187e-09,9.6799772476337e-06,7.835698266022897e-06,0.004128795197080853,9.328642717652624e-06,0.00020951145802011636,2.5656457453731988e-06,0.0017864060106382298,4.338059699552417e-06,0.007671293395144866,4.967505700672756e-08,0.00062760701207799,1.8124220779448147e-05,0.00043848719129103547,5.498164580939423e-07,0.0001130806081794136,0.00013708995394079126,0.0001171303720874013,1.961120299053914e-05,4.395052960099104e-06,4.559001258704086e-06
13,3.5850992733147316e-07,1.041763176840224e-05,1.2140173030806342e-05,0.968002248326594,7.172619907383172e-09,5.692163256578851e-06,5.024099803364138e-06,0.0024369808678619477,4.206056288507561e-06,0.0001936537878624316,1.9056300058078684e-06,0.001527350488522413,3.603927593773863e-06,0.026336192543940484,2.3764144841183238e-08,0.0003198069898598602,3.7002765325724956e-05,0.0007128553487160583,2.256161796392454e-07,0.00011247377274691345,0.00012602765936296372,0.00012463664411515476,1.8428843804158775e-05,1.6389811317261264e-06,7.0982355373435054e-06
14,3.32316345683685e-07,6.692705910102915e-06,1.735882281778328e-05,0.9808564499819589,4.255496399933581e-09,5.034431163460423e-06,4.025591895647229e-06,0.002002775177971076,4.064378215880459e-06,0.00018234386740901222,1.0157814052016032e-06,0.0013433433418300576,3.4147102167041316e-06,0.014245088148206252,1.8815421018443036e-08,0.00031302081557743416,2.9078581731129144e-05,0.000640396096327314,1.5483758433929472e-07,9.895642838258756e-05,0.0001263598791293812,9.803319718206308e-05,1.4161722158953045e-05,1.4018435317271834e-06,6.474272131668425e-06
15,4.3225055364907813e-07,1.1658442640049926e-05,1.4504822096628947e-05,0.9723821181734017,7.1605685676972084e-09,6.64381730600994e-06,5.242231884131615e-06,0.0023044396323293513,4.684935175724204e-06,0.0002604363314163831,1.4852274492249674e-06,0.0013494671242576895,3.5559671831167343e-06,0.022064442552752864,2.4861014246610762e-08,0.00037276400896004417,3.540546032661491e-05,0.0007861662964368122,2.491987082137354e-07,0.00012124078053951814,0.00013206726536040255,0.00011611549279194081,1.7404618620641297e-05,1.750082661997614e-06,7.693265564379026e-06
16,4.5771971997310156e-07,1.040924465591973e-05,1.672245674353429e-05,0.9744360181192717,7.485640844310302e-09,7.692664261813129e-06,4.846116158765011e-06,0.002388655305424794,4.654148482264462e-06,0.00023753070063748568,1.677500390348881e-06,0.001131060749299349,3.5962626369982167e-06,0.02023030104025188,2.2169839170444285e-08,0.0003892037507474767,3.4017296850617577e-05,0.0007491932813667566,2.4745673233086073e-07,0.00012167473875870506,0.00011205768671434297,9.373447609146594e-05,1.7588843272526865e-05,2.0018507361342004e-06,6.62893531463726e-06
17,8.827826346912758e-07,1.882084484050544e-05,3.957380967099833e-05,0.9795515906178304,8.876421722480355e-09,1.5086257653697386e-05,7.591780448633903e-06,0.002939176265332772,8.798681845049737e-06,0.00047008999747659105,1.6496562836881143e-06,0.001091532969219487,3.2180838901074228e-06,0.013915466360065427,3.953640650639084e-08,0.0006220374545071166,2.3920535327520883e-05,0.0009097513510572316,5.420028155758713e-07,0.00011748723949863832,0.00014040751054862838,9.47093075766802e-05,1.6379825981263062e-05,3.2905441250297863e-06,7.947708542218538e-06
18,4.274826406298882e-07,1.1632127789646501e-05,1.5009771061594219e-05,0.973387797418835,7.157818380724355e-09,6.916007422214216e-06,5.186482317794542e-06,0.0023664543067050785,4.802961440480144e-06,0.0002555986049601722,1.5317404678612697e-06,0.001316285305457841,3.522966408429064e-06,0.021060495084295913,2.541987669386456e-08,0.00038408532114681297,3.424003625696387e-05,0.0007553989726460143,2.5857423589762144e-07,0.00012058574061071998,0.00012927563671795867,0.00011392565925671277,1.7387619009924138e-05,1.8254625073673467e-06,7.324140113543897e-06
19,2.572597226078075e-06,2.2640840713787476e-05,1.8667378453354622e-05,0.9017138108172215,4.2061424087745544e-08,6.08807856208269e-05,3.1108006757841665e-06,0.006660645564967725,4.312455739235632e-06,0.0005503676374596876,1.3145537722886602e-05,0.00026823870109097294,3.6963136499649267e-06,0.08511003585663685,3.1283196299110276e-08,0.0006428052570464311,0.0002581767017852122,0.0040145094821201705,1.3381054850964102e-06,0.00033014454336579587,9.219938129711723e-05,0.00014696598962001485,6.386908717530221e-05,8.197252127288192e-06,9.595568178626759e-06
20,3.495677618799643e-07,1.040006879542042e-05,1.3493733351916273e-05,0.9726768180225661,6.272587005811118e-09,5.9393556510962395e-06,5.273872566703297e-06,0.0027507664910672793,4.486273409065102e-06,0.00024355652448138307,1.5469495389847377e-06,0.0014303029708601176,3.187721889107442e-06,0.02124416764479624,3.099735037840531e-08,0.0003803532986661329,3.480212360660473e-05,0.0007685732224128146,2.427803798305701e-07,0.00011267328735595703,0.0001392285127396516,0.00014849730593474535,1.6404958288163612e-05,1.5083884662339326e-06,7.389655477127056e-06
21,5.725227586276604e-07,8.786536264085313e-06,2.6116446265499132e-05,0.974224149542641,1.2546065048340785e-08,1.289085768623171e-05,7.259226275137428e-06,0.0034663237341670166,3.6546039503409344e-06,0.00039383643458076016,3.182286027518664e-06,0.0009237257993182256,4.587463779799759e-06,0.01839368711362488,3.6988849151759104e-08,0.00032079956524284686,0.00013861986231626178,0.0013194902354336576,4.24536975365114e-07,0.00015328163175482986,0.00028057305288970287,0.00025296101829689336,4.944312023923466e-05,2.943088559489352e-06,1.2641786038535305e-05
22,1.025596840051645e-07,1.5750415360434066e-05,9.090412779893321e-06,0.9776673620937648,7.78145468434027e-09,5.227278434244486e-06,7.259155757009212e-06,0.001833197963066509,6.500742444947779e-06,0.0002482234684848438,8.853319745499851e-07,0.0024132236734217966,6.41616085051571e-06,0.016467814246519916,3.975598255438853e-08,0.0006644549914117266,1.694108442328435e-05,0.0001484216824673388,2.650138537074251e-07,0.00021818660089380774,0.00014486473825578067,9.618382720559929e-05,2.2288836374760753e-05,1.642445210919788e-06,5.649739922443047e-06
23,4.3225055364907813e-07,1.1658442640049926e-05,1.4504822096628947e-05,0.9723821181734017,7.1605685676972084e-09,6.64381730600994e-06,5.242231884131615e-06,0.0023044396323293513,4.684935175724204e-06,0.0002604363314163831,1.4852274492249674e-06,0.0013494671242576895,3.5559671831167343e-06,0.022064442552752864,2.4861014246610762e-08,0.00037276400896004417,3.540546032661491e-05,0.0007861662964368122,2.491987082137354e-07,0.00012124078053951814,0.00013206726536040255,0.00011611549279194081,1.7404618620641297e-05,1.750082661997614e-06,7.693265564379026e-06
24,8.044321205852616e-07,1.1427377088644702e-05,7.877919158328332e-05,0.9752516154959591,1.7568604285832598e-08,1.6283997823553103e-05,1.881785205640873e-05,0.0068355305277774114,1.2416469128150158e-05,0.0004236518603638797,3.983845226110897e-06,0.0023882978790498973,7.28753109633592e-06,0.01181444624757943,1.3626747448177827e-07,0.0009561667151634836,6.473717298399681e-05,0.0011497643726016199,7.562070662067724e-07,0.00015570443854315012,0.0004142042695410182,0.0003423099816731154,3.311747238227298e-05,4.070205172543478e-06,1.5672621941021316e-05
25,3.598553706757492e-06,3.459115601189451e-05,0.00010013007241661398,0.9801487643946785,1.3375615917157165e-08,1.6120892072732715e-05,1.6874070930938814e-05,0.0006824237981374142,1.883022049789892e-05,0.0017974873937534066,3.7743980350160613e-07,0.0030558857020259685,1.6138038033928478e-05,0.009460444682247448,5.102907542520064e-08,0.0005645838596678459,7.013907542643285e-05,0.002849715360294223,5.544025677724047e-07,0.00021395831710827517,0.0006744268673727828,0.0001744608515571434,2.5731387963869982e-05,4.5400669454878476e-06,7.015899208767609e-05
26,6.306302384525471e-07,1.1018757301420136e-05,1.7885594081809783e-05,0.9787860479680082,7.66969600801154e-09,7.568787361482238e-06,4.1487189408093835e-06,0.0017097334614573014,4.848595403475046e-06,0.00024001545185411207,1.5012676396305182e-06,0.0011312920749886584,4.641811129481e-06,0.016482162401868585,1.5747676005778005e-08,0.00033344354223532836,3.9584068146213816e-05,0.000850895051626111,2.641576711759221e-07,0.00014023723671638467,0.00012074424023766144,8.33566050172949e-05,2.0345191251554055e-05,2.9751509188381513e-06,6.635818534118881e-06
27,6.866102902089722e-07,1.4315114362571568e-05,2.1359315602193583e-05,0.9717322731608389,8.850071709571604e-09,7.232300562461116e-06,6.388756200375512e-06,0.001851907692007874,4.29165040263158e-06,0.00037307512128992315,1.131131367770422e-06,0.0013483325580519335,4.793588067855835e-06,0.023100458701681037,1.5543366952778813e-08,0.000333800368983811,3.123653934422425e-05,0.0007985395482250834,2.342875307644961e-07,0.00015904494351060214,0.00012227301111959846,5.654869972687613e-05,2.0383849870316616e-05,2.031273604420161e-06,9.63738391955984e-06
28,4.3225055364907813e-07,1.1658442640049926e-05,1.4504822096628947e-05,0.9723821181734017,7.1605685676972084e-09,6.64381730600994e-06,5.242231884131615e-06,0.0023044396323293513,4.684935175724204e-06,0.0002604363314163831,1.4852274492249674e-06,0.0013494671242576895,3.5559671831167343e-06,0.022064442552752864,2.4861014246610762e-08,0.00037276400896004417,3.540546032661491e-05,0.0007861662964368122,2.491987082137354e-07,0.00012124078053951814,0.00013206726536040255,0.00011611549279194081,1.7404618620641297e-05,1.750082661997614e-06,7.693265564379026e-06
29,4.3225055364907813e-07,1.1658442640049926e-05,1.4504822096628947e-05,0.9723821181734017,7.1605685676972084e-09,6.64381730600994e-06,5.242231884131615e-06,0.0023044396323293513,4.684935175724204e-06,0.0002604363314163831,1.4852274492249674e-06,0.0013494671242576895,3.5559671831167343e-06,0.022064442552752864,2.4861014246610762e-08,0.00037276400896004417,3.540546032661491e-05,0.0007861662964368122,2.491987082137354e-07,0.00012124078053951814,0.00013206726536040255,0.00011611549279194081,1.7404618620641297e-05,1.750082661997614e-06,7.693265564379026e-06
30,4.3225055364907813e-07,1.1658442640049926e-05,1.4504822096628947e-05,0.9723821181734017,7.1605685676972084e-09,6.64381730600994e-06,5.242231884131615e-06,0.0023044396323293513,4.684935175724204e-06,0.0002604363314163831,1.4852274492249674e-06,0.0013494671242576895,3.5559671831167343e-06,0.022064442552752864,2.4861014246610762e-08,0.00037276400896004417,3.540546032661491e-05,0.0007861662964368122,2.491987082137354e-07,0.00012124078053951814,0.00013206726536040255,0.00011611549279194081,1.7404618620641297e-05,1.750082661997614e-06,7.693265564379026e-06
31,6.500545761379708e-07,1.2131310465505734e-05,2.0564133272831158e-05,0.9707642549775027,7.95268279235701e-09,7.317151286541944e-06,6.225757267911846e-06,0.0031227797395974376,4.782567111395307e-06,0.0003042293476993932,1.5929351245862291e-06,0.0013775829657971313,3.999468380755171e-06,0.022558733702047758,2.5650589605970772e-08,0.00038083733553872454,3.869385560063586e-05,0.0009946290449502552,2.9790248371486494e-07,0.00012404165495197403,0.0001348868170604558,0.00011317880435035772,1.8065055391938792e-05,1.9005339022796386e-06,8.591282367060761e-06
32,4.702534427181088e-07,1.2425801924446709e-05,1.526922445298415e-05,0.9717163813886366,7.592434312473615e-09,7.137947964313663e-06,5.495188511225905e-06,0.002429021489755586,5.011649925751138e-06,0.00027243024727113444,1.575976846546162e-06,0.0014070668284670979,3.7960652776902502e-06,0.022455494443090942,2.6706058986471564e-08,0.00038962950666244605,3.7468548288695256e-05,0.0008256667282815504,2.8414581522025787e-07,0.00012471789683204216,0.00013898635601695202,0.00012377762624569583,1.7988398181407518e-05,1.8957382161101482e-06,7.97425139927911e-06
33,5.865815479476471e-07,1.4149258315102587e-05,2.2196791410494934e-05,0.9769979843128329,6.917966361249051e-09,5.960681168860849e-06,7.049299731875841e-06,0.0021049835011087677,5.656172486756567e-06,0.00030277307326508887,1.1855322416029628e-06,0.0015279861571631062,2.8829623034444893e-06,0.01744755819847928,2.9171157219968786e-08,0.00033959460398356463,2.5158202306897016e-05,0.0008265006246706495,2.2965283305452918e-07,0.00010159772647548593,0.00013907410846500967,0.00010057100063377713,1.4913821752751895e-05,1.5660961387213334e-06,9.805551561183521e-06
34,1.4881012047378638e-07,6.94271235285961e-06,7.019656170106268e-06,0.9761755058013215,4.357625289422223e-09,3.969460060829946e-06,3.4830767046525812e-06,0.001552679348069129,2.1359945784754993e-06,0.00026657489345686546,8.624009346164048e-07,0.0008188078949137054,1.9442288613866662e-06,0.02000975286949089,1.5609554175214257e-08,0.0002779182573650936,2.650478376168335e-05,0.0005119594879527926,9.296599038774242e-08,0.00012083969636932542,0.0001000795809247626,8.84320361757197e-05,1.753589076630577e-05,8.82486575153273e-07,5.90769990367e-06
35,3.8550211191107715e-07,1.1578481889390994e-05,1.359500807777959e-05,0.9721277232897217,7.239245145152318e-09,6.751242855992297e-06,5.027839183666502e-06,0.0022293633284489163,4.52546641145405e-06,0.00025828687681393666,1.5004738913563765e-06,0.0013043951583794886,3.5679422572695776e-06,0.02249818698329627,2.505100454955651e-08,0.0003821114227118052,3.529283106912041e-05,0.0007190188004677599,2.430996473704104e-07,0.00012843152575911976,0.0001296622672866642,0.00011308758479163104,1.8034515507814306e-05,1.729807579483673e-06,7.468261590118658e-06
36,3.537040529924852e-07,1.2658368291207786e-05,1.3885995225558694e-05,0.9798070301095675,7.266218863810384e-09,7.478634877702556e-06,4.130867352500559e-06,0.0013332460777564568,3.6187266556535605e-06,0.00032893125532732436,1.2647143584613589e-06,0.0006568795395186161,1.9908921500627524e-06,0.016564279546105377,1.5522498976613942e-08,0.0002582539884794891,2.699897266321453e-05,0.0006377302380773216,1.8058285898329719e-07,0.00012393254948371826,0.00011722095974439182,6.773798506648866e-05,2.399712180439359e-05,2.0264931563436215e-06,6.1498887084773025e-06
37,5.86692537557957e-07,1.1282843433087665e-05,1.7007377078628974e-05,0.9770668757658219,6.635021367085791e-09,6.302269016617556e-06,5.0617086895358235e-06,0.0018521704249619285,4.807518146845566e-06,0.0002596762524759288,1.3277160703981502e-06,0.0013521560127852492,3.855604259315745e-06,0.017771001526590585,1.852691008296368e-08,0.0003140313034965953,3.423540437366709e-05,0.0009274712481522334,2.447795274308355e-07,0.00011303930313147423,0.00013185328992862242,9.980106760421952e-05,1.7275864009036764e-05,2.2313843458204973e-06,7.679481631995664e-06
38,8.393343109192676e-07,1.5982745976096616e-05,2.6948378510097624e-05,0.9692722850427744,1.2462691713222424e-08,1.1584292914878816e-05,8.708809532711572e-06,0.002964689117784976,8.028478351603057e-06,0.0003601226342311608,1.92974992941658e-06,0.0016364360200123533,5.288754124142003e-06,0.02355884292455298,4.212755831186329e-08,0.0006370530317591135,3.651707029389982e-05,0.0010161522345300026,4.1058739440188785e-07,0.0001430625674349783,0.0001468029591634876,0.0001162078610037199,1.8370580231075828e-05,2.6294346371062543e-06,1.1052800296606552e-05
39,4.5463606063619946e-07,9.112679394834296e-06,1.9801715702861792e-05,0.9758560143674597,7.051743603865729e-09,9.18033632394892e-06,5.505061516745709e-06,0.0032393233354889644,5.3045339292593026e-06,0.00029189335215339644,1.5726235800562453e-06,0.0013241687794456616,4.875765487568884e-06,0.017306174529927037,2.9560714108475973e-08,0.0005045945576815463,4.404225901772412e-05,0.0009161652084600651,3.3393392375037676e-07,0.00013323181505824107,0.00016863955443178764,0.00013359335359513366,1.6570196160122253e-05,2.125983649156706e-06,7.284809093950847e-06
40,2.999358387997142e-07,9.044282426679474e-06,9.586097063068436e-06,0.9777167089879865,5.811950045911535e-09,6.051506413634777e-06,3.3665783290271823e-06,0.0019971845520324804,3.355610815447268e-06,0.00023682970777748075,1.3614846230130047e-06,0.0008701400565752226,2.798971162145164e-06,0.01769116941310909,1.7305574907108143e-08,0.00034443528800085654,3.7787214984842905e-05,0.0007001051670949353,2.0781770043076185e-07,0.0001317245082331786,0.00011038694623306159,0.00010239274010876722,1.7996458575353036e-05,1.7928887643736998e-06,5.2506686265489255e-06
41,3.03182511201098e-07,1.1272338368559053e-05,9.977598873704221e-06,0.9715539284286536,4.908082468375147e-09,5.7217562792543e-06,3.824324344960111e-06,0.0020463525098684625,3.443063313749687e-06,0.00027566335666317555,1.3149037547951092e-06,0.0011920759416065665,2.7519474366542804e-06,0.023418920334838764,1.9014133430063042e-08,0.0002786752685897526,3.8193128631299987e-05,0.0007419243400322667,2.4879408981030015e-07,0.00011317744381073764,0.00013766388560956826,0.000137717582803999,1.8816424959540187e-05,1.5345234191140795e-06,6.474999324615168e-06
42,1.5819750974520384e-06,2.946887006318316e-05,1.4378545093374087e-05,0.9175638125333462,3.006051638733235e-08,5.724542063468829e-06,6.1487175215407675e-06,0.0005406456430290183,4.320138370823245e-06,0.00021690080598736313,1.4935261602711331e-06,0.0007182972542761939,2.7554309316511536e-06,0.07924353794430461,7.872135245982917e-09,8.625690289979387e-05,3.9928604374652444e-05,0.0012545560838449204,5.893648877807949e-08,0.0001421268611558232,5.2799250560462854e-05,2.4353666857091647e-05,2.785546614809832e-05,1.2710704619469308e-06,2.1689298311693102e-05
43,4.859366416659968e-07,1.1510071109101427e-05,1.514273553413282e-05,0.972393200029962,7.388021236515898e-09,6.230899017612271e-06,5.3057010656935055e-06,0.0022128359317885086,4.969625496566289e-06,0.00021279837412639565,1.600439719377344e-06,0.0014975748134654849,3.764415544205741e-06,0.022099790214443457,2.443414420498223e-08,0.00035859223776523016,3.4104783695453704e-05,0.000775297964352902,2.399912791671494e-07,0.00011243783595969606,0.00011988741794831738,0.0001083818215109885,1.6245976055874916e-05,1.8001598795939467e-06,7.770801473152987e-06
44,4.3225055364907813e-07,1.1658442640049926e-05,1.4504822096628947e-05,0.9723821181734017,7.1605685676972084e-09,6.64381730600994e-06,5.242231884131615e-06,0.0023044396323293513,4.684935175724204e-06,0.0002604363314163831,1.4852274492249674e-06,0.0013494671242576895,3.5559671831167343e-06,0.022064442552752864,2.4861014246610762e-08,0.00037276400896004417,3.540546032661491e-05,0.0007861662964368122,2.491987082137354e-07,0.00012124078053951814,0.00013206726536040255,0.00011611549279194081,1.7404618620641297e-05,1.750082661997614e-06,7.693265564379026e-06
45,4.457687642020806e-07,1.4763261283047728e-05,1.1135925285957225e-05,0.9693355756143865,6.6506714089978074e-09,5.029567325669373e-06,4.704814525466549e-06,0.0014754700970173202,3.981673868220757e-06,0.0002848826497205445,1.1133963162730885e-06,0.0014097917327765953,3.327284011499459e-06,0.025980697269316323,1.5485388526358046e-08,0.00023818852544591992,3.8219208590440854e-05,0.0007874941078443178,2.131782879081724e-07,0.00012108002703020342,0.00014729807955743928,0.00010602471938412379,2.033729457644837e-05,1.5865966562688082e-06,8.617071969098159e-06
46,3.19955893412089e-06,0.0001027343941807938,0.00011443595027462351,0.9404904208968675,3.7187073010959396e-08,1.3563526748840837e-05,7.769443448316377e-05,0.005964866136244872,2.444409681692612e-05,0.0012506337178825161,2.7837281356398536e-06,0.0032720272083611645,1.6255575967870112e-06,0.04639086995465764,1.3450216881837512e-07,0.0007212819421782741,6.276986785301254e-06,0.0011974338446737918,7.372592529800683e-07,8.368716501200065e-05,0.00013940447307840906,8.677915268706504e-05,2.429961822635985e-05,2.5310966018378486e-06,2.8097611077761026e-05
47,2.573113967816228e-07,1.0408565408909468e-05,1.1206501486761647e-05,0.9687712329546572,6.734783189983063e-09,7.26152270190475e-06,4.243307390123433e-06,0.0026712608784836014,2.9883444153239157e-06,0.0002632283324385013,1.8450925142946117e-06,0.0006481938929364404,1.5292031136484694e-06,0.02639955181032885,1.8452173538627332e-08,0.0002697201330267112,2.5898878927701587e-05,0.0006141272599820045,1.7980490169104116e-07,9.86256991639892e-05,9.172896113104988e-05,8.032857811671533e-05,1.9957180902167194e-05,1.2965854974213949e-06,4.904014121475684e-06
48,3.901481632809376e-07,8.052188203309708e-06,1.6940209164945706e-05,0.9770827843378768,6.220077893578463e-09,4.006485823059948e-06,6.028381618635768e-06,0.001969610280458595,4.5450499721411954e-06,0.00018901482613768362,1.0916501394987355e-06,0.0014783602802132644,2.579074038534666e-06,0.01780933326407667,2.6068960605857224e-08,0.0003265348935015085,2.1982462161010393e-05,0.0007575390488497655,1.0404840769241357e-07,9.40185084627875e-05,0.0001160982142344035,8.896705347461996e-05,1.2129685691580444e-05,1.0392852002837067e-06,8.818335091217479e-06
49,4.370114277721616e-07,1.1768776765241368e-05,1.451134678153543e-05,0.9721425340237865,7.274955925726223e-09,6.70856739351871e-06,5.285017135692417e-06,0.0023302825664941653,4.7209668693736374e-06,0.0002617452412553398,1.505108629873735e-06,0.0013478634960560644,3.5544903869376003e-06,0.02226606608672369,2.515060701269066e-08,0.00037638994770172144,3.569501244323025e-05,0.00079294269146279,2.5248936635478635e-07,0.00012163091972463582,0.00013217293453840105,0.00011694535182360889,1.7468042888918622e-05,1.7590746494795482e-06,7.72841013222402e-06
50,4.419535019788087e-07,1.2004631016161151e-05,1.4800346445830929e-05,0.9712578600206048,7.3891631298802055e-09,6.701382861787271e-06,5.567664307064137e-06,0.0024109360653484443,4.682909694230457e-06,0.00027638843419000033,1.4921295905864984e-06,0.0013790632202524261,3.5696441560115215e-06,0.023005009884817126,2.5818499865704485e-08,0.0003785496863662083,3.5777397174384594e-05,0.0008034482953932492,2.549080473888949e-07,0.00012262245391398105,0.0001341981878321529,0.0001190694871137988,1.7758652033548145e-05,1.7123356385346283e-06,8.05710203714574e-06
51,7.145219431794716e-07,9.226698647717586e-06,3.559861204260291e-05,0.9700586237577892,2.314078250375697e-08,1.7555904682062584e-05,1.1909929718920825e-05,0.0038479978413257527,8.263905631160432e-06,0.00046655390711530966,2.925795100412897e-06,0.0017599352113406024,1.3473780794161205e-05,0.020611837645746443,5.1027989669163524e-08,0.001198334254797919,7.114637064741033e-05,0.0011651136918679065,4.42688392399138e-07,0.0002986624992100367,0.00023233211036607476,0.00013809381107906762,3.339081331479206e-05,4.58069925749654e-06,1.3211380417359265e-05
52,2.2130237737089222e-07,1.3286055494166812e-05,1.1222591606933702e-05,0.9853960362096001,4.4630663656047975e-09,3.2383872184890817e-06,4.034333453050998e-06,0.0011031959402827993,4.1222496760745375e-06,0.0001736460870663608,8.032892694652415e-07,0.0018350524048609328,3.900428256792896e-06,0.010549295863723723,1.4200254782737507e-08,0.00018938773043479146,2.5855797451120856e-05,0.000284819866380946,2.023032604381283e-07,0.0001193481482188685,0.00016278485795252675,9.084671724336853e-05,2.1410883554545923e-05,1.8213352026375052e-06,5.448554093213648e-06
53,3.3837339733275347e-07,1.0842714890648119e-05,1.4394705460742098e-05,0.9712805120098114,8.986472976484563e-09,5.753915221020421e-06,7.702539741773e-06,0.002566077295719803,4.667999633002827e-06,0.0002770623213655061,1.6058386479184724e-06,0.0016123173341794502,3.7613688723976903e-06,0.02267209619602611,3.0952319061922705e-08,0.0004126271843982862,3.125905174020748e-05,0.000677590758111014,2.0688593615990288e-07,0.00013209662451245746,0.00014009937732824948,0.00011872655341458727,1.990945062410214e-05,1.5659246243072446e-06,8.745637551355171e-06
54,2.979548092547896e-07,6.941431153962411e-06,1.3836084095224083e-05,0.9805198206294758,6.069483465812306e-09,6.822582632523166e-06,3.896963789372004e-06,0.0025814448260584348,3.871149320955047e-06,0.00018663912252362574,1.9047609907631656e-06,0.0010457694243536672,4.110098393123899e-06,0.014187089674633311,1.5792202090587148e-08,0.00032410501571523146,4.1014504036550504e-05,0.0006723186834977102,2.60727538675694e-07,0.00012806255097326928,0.00014202934804855453,0.00010252382974911475,2.0355076873777093e-05,2.6157001472241863e-06,4.247999504394539e-06
55,3.117697548917725e-07,1.3284475596010559e-05,1.1635773744466855e-05,0.9613746357814353,8.581614586755667e-09,8.51535068696473e-06,4.6351063698594915e-06,0.003301011274540929,2.8924205873093282e-06,0.00041501652398080274,2.000902814889061e-06,0.0007310196158395388,2.110711214746333e-06,0.032518106275859146,2.7271163811497796e-08,0.0003824387547144297,4.5367353050857064e-05,0.0007394452022387727,2.711494590996513e-07,0.00016279342409267515,0.00011817562113012219,0.0001302526711040332,2.7532171948245634e-05,1.4625417632197222e-06,7.049275295378723e-06
56,4.526900057429672e-07,1.1668915301173295e-05,1.4868810541435044e-05,0.9719768322571812,7.445276195240401e-09,6.78277182459284e-06,5.369710893930659e-06,0.002296035105211407,4.876630470456285e-06,0.00025740802242553006,1.515280738690996e-06,0.0014494442323355191,4.032135539007455e-06,0.022336334787762337,2.560034776395527e-08,0.00038197190176148655,3.755779984601218e-05,0.000804216338628363,2.600122191539714e-07,0.00012604611878090085,0.00013755858461903046,0.00011920222071305108,1.7645350324235724e-05,1.8355733226340694e-06,8.051703929957797e-06
57,4.637043499803097e-07,1.1687572288486952e-05,1.5553263726587506e-05,0.9731052046942196,7.139142420361127e-09,6.260879037117545e-06,5.82235297463695e-06,0.0023206888491535717,5.500242468221841e-06,0.0002580852879075424,1.3506108027064819e-06,0.00194494690762038,5.551671480344363e-06,0.02058395416565947,2.7246501345565245e-08,0.00042060617346757794,4.21834694468654e-05,0.0008010162184291116,2.9530949097824525e-07,0.0001372992697216437,0.00016511963882392204,0.0001404448741645063,1.718092582902617e-05,1.9340345001236383e-06,8.815498793991839e-06
58,4.7142038733395475e-07,1.1481067254942544e-05,1.5225236395974972e-05,0.973591876274658,7.365834719647629e-09,6.970231448212689e-06,5.179757475761522e-06,0.002211484819199486,5.036776303306712e-06,0.000244379743001807,1.579145296863058e-06,0.0014328112028839843,4.109337763865122e-06,0.02085542172487405,2.413236654899447e-08,0.0003784667882081222,3.625460680683557e-05,0.000800455137884803,2.705398234340445e-07,0.00012323817322577217,0.0001331458180434839,0.00011467758305681356,1.783765527169732e-05,2.0858106095896864e-06,7.50965192454216e-06
59,4.466927226902014e-07,1.1300103788953476e-05,1.5797090241079e-05,0.9754192595161426,7.142568763152709e-09,6.877742592567809e-06,5.093574294856799e-06,0.00218335648924184,4.936310669247956e-06,0.0002485996528613535,1.5002348833884695e-06,0.0013364143281482618,3.8100040458974256e-06,0.019208746150733542,2.3709641847722233e-08,0.00037648616357115194,3.395319852451034e-05,0.0007520251155555183,2.560639634453715e-07,0.00012428326095345065,0.00013146311433822507,0.00010837378745714082,1.7776650354130616e-05,2.044626804561817e-06,7.169275901081848e-06
60,4.3225055364907813e-07,1.1658442640049926e-05,1.4504822096628947e-05,0.9723821181734017,7.1605685676972084e-09,6.64381730600994e-06,5.242231884131615e-06,0.0023044396323293513,4.684935175724204e-06,0.0002604363314163831,1.4852274492249674e-06,0.0013494671242576895,3.5559671831167343e-06,0.022064442552752864,2.4861014246610762e-08,0.00037276400896004417,3.540546032661491e-05,0.0007861662964368122,2.491987082137354e-07,0.00012124078053951814,0.00013206726536040255,0.00011611549279194081,1.7404618620641297e-05,1.750082661997614e-06,7.693265564379026e-06
61,4.5521615732480956e-07,1.1571174289472426e-05,1.580584918311216e-05,0.9748014480309035,7.337365918690729e-09,6.89761304297238e-06,5.221649038157629e-06,0.002220867310984979,4.904485155645588e-06,0.00025327160992284076,1.533879255457425e-06,0.001336273654096446,3.767330100075639e-06,0.01977431412776423,2.4041946855297322e-08,0.0003715345456821168,3.44553024424248e-05,0.0007647800487966287,2.585819007114695e-07,0.00012391190925277796,0.00013182076063870222,0.00010946059978251445,1.805952917090542e-05,2.0231162545878053e-06,7.332296872000252e-06
62,4.3225055364907813e-07,1.1658442640049926e-05,1.4504822096628947e-05,0.9723821181734017,7.1605685676972084e-09,6.64381730600994e-06,5.242231884131615e-06,0.0023044396323293513,4.684935175724204e-06,0.0002604363314163831,1.4852274492249674e-06,0.0013494671242576895,3.5559671831167343e-06,0.022064442552752864,2.4861014246610762e-08,0.00037276400896004417,3.540546032661491e-05,0.0007861662964368122,2.491987082137354e-07,0.00012124078053951814,0.00013206726536040255,0.00011611549279194081,1.7404618620641297e-05,1.750082661997614e-06,7.693265564379026e-06
63,4.512730887821219e-07,1.2817298580802773e-05,1.4694771670539446e-05,0.9722313900697808,7.410877507065792e-09,6.710155435752125e-06,5.311532861137858e-06,0.002235893238733423,4.78796957239e-06,0.000268969817345722,1.4706682232776866e-06,0.0013557181206764661,3.538850786696016e-06,0.022286572819750137,2.535006861186619e-08,0.00036342730129485375,3.554997501756149e-05,0.0007719017328016262,2.601834083796586e-07,0.0001231412890785435,0.00013390146201051724,0.00011578422682311631,1.7967342001784273e-05,1.7762863508954994e-06,7.93085376086944e-06
64,4.0199448209685157e-07,1.1654053199573123e-05,1.39741864667865e-05,0.9728341384460352,6.949884390469285e-09,6.3811406282609295e-06,5.225639768246936e-06,0.0021764579927768548,4.710771919184069e-06,0.00026584924387212575,1.386122664926962e-06,0.001408360712263454,3.673399643075986e-06,0.021674133542679233,2.524913310177839e-08,0.0003618768492295421,3.6051821277268914e-05,0.0007754899391397275,2.4164574866121475e-07,0.00012380433119481415,0.00014628277592011903,0.00012261576561244976,1.762706002319619e-05,1.6984093111941403e-06,7.931957126671853e-06
65,8.432552993002125e-07,1.1324452730878178e-05,1.871035940282432e-05,0.9756683708023901,8.827550096082099e-09,8.540675294474224e-06,4.8922521834591245e-06,0.002058129690593689,9.206155998234981e-06,0.00015055480529946517,2.4033664404821874e-06,0.0020179978838061443,6.749863537105118e-06,0.017965959365456818,2.6514374380127428e-08,0.0005091499516762719,4.687558811090147e-05,0.001105741470650974,4.016314210514877e-07,0.00010398579574637883,0.00013461027258206455,0.00014983713180722632,1.4651710234163937e-05,3.766927097141153e-06,7.26125031633599e-06
66,3.9515550728477243e-07,1.1233618567127437e-05,1.3012708731697021e-05,0.9711623139758608,6.352381154199297e-09,6.1132852124012096e-06,4.980631782489879e-06,0.002349733528892036,4.470876525398225e-06,0.00023647895129611104,1.4588589935510825e-06,0.0013745314651133062,3.1801117021192103e-06,0.02330763165099801,2.4521866366174755e-08,0.00035253940904743006,3.3033251293442354e-05,0.000765058230263429,2.3548569533787512e-07,0.0001064170260460585,0.00012268147288773917,0.0001198275459094464,1.5784492197731994e-05,1.5312777280393866e-06,7.326115501588511e-06
67,2.6699803465223724e-07,7.89021549292796e-06,9.656998350554426e-06,0.9748511286985332,5.4904120812570614e-09,6.226597555525659e-06,3.0232321884196506e-06,0.0016632865807052098,3.084096452962087e-06,0.00021952332055413847,1.2010711772822366e-06,0.0009284488733910158,3.6447791745754414e-06,0.020961825340211,1.4661113239568586e-08,0.0003277875762824887,3.623237673186419e-05,0.0006195163728985537,1.6626775706294295e-07,0.00014406814420813403,0.0001058088422976325,8.188519770591656e-05,1.816312519431908e-05,1.6536404311790473e-06,5.491503145689819e-06
68,4.918802855280993e-07,1.7423334941431086e-05,1.2287911189651322e-05,0.9532466360922146,1.7302737661669364e-08,1.3261657395635662e-05,7.081213497614671e-06,0.003352101334353867,6.379385222508361e-06,0.00035068022292060523,3.308749565909342e-06,0.0012695538256259156,4.587118331481812e-06,0.039334054259460904,6.209209527862279e-08,0.0007744253582815168,6.673543892157028e-05,0.0009749707301124176,4.716337575596874e-07,0.00019277276041371677,0.0001393417449287677,0.00019683693148050667,2.3487597141519504e-05,2.241500941569894e-06,1.0789924182328193e-05
69,4.737278377350811e-07,1.2391468447281376e-05,1.4999178337553998e-05,0.9709950903978611,7.208610083738709e-09,6.6567672816974534e-06,5.581810826095991e-06,0.0023527828396765443,4.88560859003255e-06,0.00027523954654654265,1.4590655004045405e-06,0.001404466737090173,3.4490264096019646e-06,0.0232606210945119,2.624017894987006e-08,0.0003740274254783056,3.6059231331057196e-05,0.0008518314448344011,2.5746333456138295e-07,0.0001149681883882327,0.00013363108884096507,0.00012431174615012034,1.6745305361591e-05,1.6566713288340993e-06,8.380717246160388e-06
70,3.9062645053704026e-07,1.766730890567886e-05,1.3171135906384938e-05,0.9732171189320111,7.838815848355252e-09,9.637741171257971e-06,5.319462225562632e-06,0.002252725848637602,6.113531207752624e-06,0.0003241027781406113,2.326538100039947e-06,0.0013891237367904,3.312457662937487e-06,0.021056019586472022,3.161761360940988e-08,0.0003397576876194733,4.091261152321157e-05,0.0007791621482353138,5.443747934396192e-07,0.00011535119823393789,0.00019795899783084392,0.00019208640921528108,2.724714386631879e-05,3.108611019380683e-06,6.80167755148961e-06
