,0,1,2,3,4,5,6,7,8,9,10,11,12,13,14,15,16,17,18,19,20,21,22,23,24
0,3.529263546913688e-05,5.431030960989661e-05,0.0036363710033841977,0.6718276706878545,0.0011197250510135918,8.21062404406526e-08,7.198795858959662e-05,0.3116206772905793,4.7471361674386354e-06,0.001075204348837788,2.2713001964964837e-05,0.004814921890955763,0.0006267447100033909,0.00038700243820061507,1.8311323339128926e-09,1.0581730357839125e-06,0.00015109113520348337,0.0018414182277540806,4.6020990868441486e-05,0.002203763419008648,0.00011346536915715596,3.628538648600447e-05,4.589347913800584e-06,0.00025685089840420886,4.8004652165426246e-05
1,4.840471624616453e-05,5.349438121091866e-05,0.006796930105208822,0.5969054438116123,0.0014650964183563113,1.5766517906968243e-07,0.00011962597509778688,0.37961625140008937,1.0788740259995115e-05,0.0013770686382126127,3.346568440002101e-05,0.006211615933967359,0.0009055773346594538,0.0004529786609258661,2.8369246366212184e-09,2.158105223576561e-06,0.00013213205490452114,0.0016284027439499487,7.13912846584983e-05,0.003682380693598112,0.00010566495957596674,3.940329574953182e-05,4.214052819113479e-06,0.0002903702772376494,4.6980229932381146e-05
2,4.693106630800762e-05,5.090757311069116e-05,0.005400188786627112,0.6139615553562887,0.001274995065313979,1.4379939205281316e-07,0.00011148982471688497,0.364146088705414,8.124967176183955e-06,0.0011560570336261063,3.138287209915149e-05,0.0062416990521781904,0.0008751718261098291,0.00045743283146507617,2.8056156758659704e-09,1.968783773601826e-06,0.00014423975448221049,0.0017235430271277258,6.079049035457451e-05,0.0038435515269331587,9.89931766053619e-05,4.3920204295644806e-05,5.258335830205166e-06,0.0002698373198957134,4.572581526008313e-05
3,4.684957696706354e-05,5.334621350770083e-05,0.0057979832806629395,0.6281263010655651,0.0013693785977870847,1.3282245503031436e-07,0.00010468151172163906,0.3497494118512925,7.792489293388459e-06,0.0011787760864732338,3.1940349800351854e-05,0.006230769780927269,0.000921088941970638,0.000434397493911908,2.2541696559436486e-09,1.6046478514611083e-06,0.00013892602127167476,0.0019020667872182498,5.444974611018996e-05,0.0033699936874733954,9.644067408020769e-05,3.800514331011317e-05,4.403450924701387e-06,0.00029805950592306824,4.319801933153834e-05
4,4.699045254340734e-05,5.920763531714344e-05,0.006356594738281588,0.6543998058535645,0.0015387435155984502,1.4511061813008607e-07,0.00011011613871127927,0.32228897578568716,8.251401959072892e-06,0.001211181004526943,3.3186522107913886e-05,0.006387567795547501,0.0010942457461775488,0.0005124575198174696,2.319519779882558e-09,1.5851876319978158e-06,0.00013210531331628387,0.001906140510644091,5.383660689033977e-05,0.0033781490600518172,9.164244282123121e-05,3.7766558746573644e-05,4.475797062985612e-06,0.0003036634104817627,4.31635723750384e-05
5,4.068083093827765e-05,5.0571397169059475e-05,0.004972474110963697,0.6537661872216118,0.0012298303397263344,1.189559642087415e-07,9.69636187722093e-05,0.3262063926762952,6.476601166305842e-06,0.0011465726412916019,2.9146937206786172e-05,0.005359888122621584,0.0008770296870614582,0.00038940858513553307,1.86565776015192e-09,1.4036096217659006e-06,0.00012659908244270725,0.0019599439837504552,4.550542408243434e-05,0.003235453514785702,9.091255255697881e-05,3.2775051392682655e-05,4.363930533189126e-06,0.0002913321505921571,3.9967108660032204e-05
6,4.684957696706354e-05,5.334621350770083e-05,0.0057979832806629395,0.6281263010655651,0.0013693785977870847,1.3282245503031436e-07,0.00010468151172163906,0.3497494118512925,7.792489293388459e-06,0.0011787760864732338,3.1940349800351854e-05,0.006230769780927269,0.000921088941970638,0.000434397493911908,2.2541696559436486e-09,1.6046478514611083e-06,0.00013892602127167476,0.0019020667872182498,5.444974611018996e-05,0.0033699936874733954,9.644067408020769e-05,3.800514331011317e-05,4.403450924701387e-06,0.00029805950592306824,4.319801933153834e-05
7,4.6141846999064375e-05,6.93412781843749e-05,0.006906030000879666,0.6562364300585039,0.0012776833558066456,1.128400342992821e-07,0.00012226731632756005,0.32071867315124997,9.20704525847546e-06,0.0010932722154397465,3.659545628782563e-05,0.005291847975747985,0.0014788486631537362,0.0004088694937656855,1.925398060411837e-09,1.0845386828198818e-06,0.0001239367840622475,0.0019046857535626393,4.342479512519762e-05,0.0037192633084540856,6.574775888933391e-05,2.9475467479640168e-05,3.3805181103433595e-06,0.00037587811462386065,3.780033797308413e-05
8,0.00013190521332560957,9.174992620848212e-05,0.006899928675310035,0.4564074501172346,0.001984838410324259,4.2621089532790765e-07,0.0001652865760943393,0.4996561556119257,1.4398957044904697e-05,0.0014980924342180863,0.0001178672341166963,0.018616325983552614,0.0013386757245898535,0.00047282455977042034,6.4649234872251615e-09,2.7335469411285445e-06,0.0003687334062096618,0.0062456745492921,0.00011409286351929753,0.005004560832388202,0.00019762551552519254,0.00013378614381332417,6.998113359364641e-06,0.0004817211171435066,4.81418122738773e-05
9,7.722530079762182e-05,5.864088018844396e-05,0.004952958974178717,0.5244475894759718,0.0017167874029470963,2.801931630471855e-07,0.00012031405230661738,0.44621676682498723,8.946788280127217e-06,0.0014761661284802224,5.50150465530951e-05,0.011529935616787477,0.0007693605565324555,0.0004955912531863813,4.492127841476819e-09,2.9551682041440146e-06,0.00025321461229745344,0.0033698250955269352,9.908287250043498e-05,0.0037138973157594215,0.00018763128330206625,9.363683943262723e-05,7.683366464626732e-06,0.0002984492373275653,4.804122269668556e-05
10,4.684957696706354e-05,5.334621350770083e-05,0.0057979832806629395,0.6281263010655651,0.0013693785977870847,1.3282245503031436e-07,0.00010468151172163906,0.3497494118512925,7.792489293388459e-06,0.0011787760864732338,3.1940349800351854e-05,0.006230769780927269,0.000921088941970638,0.000434397493911908,2.2541696559436486e-09,1.6046478514611083e-06,0.00013892602127167476,0.0019020667872182498,5.444974611018996e-05,0.0033699936874733954,9.644067408020769e-05,3.800514331011317e-05,4.403450924701387e-06,0.00029805950592306824,4.319801933153834e-05
11,4.703694642669879e-05,5.532722247518363e-05,0.005884225087701476,0.634155362999996,0.0013738013070085063,1.3196676878212345e-07,0.00010669113094669566,0.3435166666368349,7.849703987661438e-06,0.0011762186875551538,3.219998788338137e-05,0.006195312503766462,0.0009951431865997094,0.0004421046148386125,2.216636323287109e-09,1.5477741838017826e-06,0.0001383114382088025,0.0019252460463682786,5.283996920192989e-05,0.003410590474729849,9.224961813482699e-05,3.748344581328994e-05,4.3718375953292395e-06,0.00030678246606951004,4.2502730268829376e-05
12,3.999573259296208e-05,3.59494038788682e-05,0.009119868386871234,0.4699928411958953,0.0007206775492594159,8.013831916781372e-08,0.00015380218755255658,0.5095108496734062,2.5859538504284835e-05,0.0009535735604580695,3.5898721564542445e-05,0.003137459794318093,0.0007435728066893734,0.00016527541865680277,2.8372245885285237e-09,1.381411530160186e-06,8.285099877956336e-05,0.000728458642519106,6.778503621815856e-05,0.00402581234351034,6.338249029385206e-05,1.4696230944877156e-05,1.5730729941209695e-06,0.00033392525272470287,4.442757529350496e-05
13,5.5657327228102856e-05,5.578495916564906e-05,0.006790206939431634,0.6073623775695848,0.0015049069974391834,1.3285337942218412e-07,0.0001075276587654024,0.3672870424912539,8.727673521872695e-06,0.001022275827491832,3.8272057185062155e-05,0.008434743837387269,0.0009856312158125307,0.0005152038965410168,2.674673239291317e-09,1.5510659306828408e-06,0.00016004168321427566,0.0018192844311891783,6.195505450398555e-05,0.00330657313851266,0.0001023912987128807,4.4046742566446854e-05,4.279142681373758e-06,0.00028531753046267925,4.6065933365040076e-05
14,9.431380142305465e-05,2.64299947390385e-05,0.006755086909734175,0.5132780305125909,0.0009490603622058084,1.0276671805998798e-07,0.00010843177014576034,0.45936016442771965,7.5509762334020695e-06,0.0006261906527140114,2.778187974862725e-05,0.012236388420635843,0.0004939707293797998,0.0004311791894177516,3.240646817156998e-09,2.2723321883505426e-06,0.00021389627152333958,0.001559805866346159,6.803591017591708e-05,0.0032753439044227585,0.00011290942565812822,4.935550847945166e-05,5.733898795533757e-06,0.00024466451700116634,7.329673135652055e-05
15,4.684957696706354e-05,5.334621350770083e-05,0.0057979832806629395,0.6281263010655651,0.0013693785977870847,1.3282245503031436e-07,0.00010468151172163906,0.3497494118512925,7.792489293388459e-06,0.0011787760864732338,3.1940349800351854e-05,0.006230769780927269,0.000921088941970638,0.000434397493911908,2.2541696559436486e-09,1.6046478514611083e-06,0.00013892602127167476,0.0019020667872182498,5.444974611018996e-05,0.0033699936874733954,9.644067408020769e-05,3.800514331011317e-05,4.403450924701387e-06,0.00029805950592306824,4.319801933153834e-05
16,4.247548118888789e-05,5.233686767375876e-05,0.004946812235923952,0.6466114792893407,0.0013162649397308712,1.309897750009061e-07,9.765585385202661e-05,0.3327949889054819,6.651565497289548e-06,0.0012426359563372422,3.055174778433041e-05,0.0057894224428840825,0.0008303258138334969,0.0004278035845530974,2.0268500748997866e-09,1.603001938518552e-06,0.00013241619989605755,0.002007942951087099,5.338210274450461e-05,0.0031530459393812028,0.00010580727993097927,3.6435892465420385e-05,4.547696934075183e-06,0.0002738066841500198,4.1474550765425694e-05
17,5.650704467815798e-05,5.630033163986279e-05,0.007451976292214375,0.5374793547425037,0.0015683440634991065,1.8042360726206718e-07,0.0001225154644599813,0.43653626128736833,1.2314156406904424e-05,0.0013941362276048582,4.234522678238973e-05,0.007264391132013467,0.0009173342997646774,0.00038852303683571156,3.4922972967440744e-09,2.236721081675891e-06,0.00017020215116041808,0.0019239860212439683,7.559471041259885e-05,0.003971096948901339,0.00011655183831873132,4.8190932311992376e-05,4.2005006585839745e-06,0.0003515074285107537,4.5945525723859636e-05
18,4.784343516689359e-05,5.37643218672297e-05,0.00575638535606101,0.6266899656110124,0.00135408780576648,1.3020102122223051e-07,0.00010413281340300756,0.35109466632841013,7.656515586764786e-06,0.0011703230060724277,3.177709019530785e-05,0.006349395472762699,0.0009239044854562047,0.00043266888795073614,2.2405096591464016e-09,1.5764837921792867e-06,0.0001436133008365075,0.0019542260925193753,5.408448304446044e-05,0.0033432094560113985,9.688904778585843e-05,3.887804886459916e-05,4.431307025159213e-06,0.00030270930034353885,4.367890853481094e-05
19,0.0002271457968188476,3.0476386565422143e-05,0.0009793294876433486,0.3832368352900425,0.00014756655505642502,1.3993550966195594e-07,0.0002732250084228484,0.5981076876275802,3.053666616365923e-06,0.0009361868078754663,4.438071017825375e-05,0.003951196785769358,9.781628526025593e-05,0.00010474705567256044,6.208855990629346e-09,8.231565588245088e-06,0.00030873725755807985,0.006181127477599146,0.00010941659636402569,0.004131689086161614,0.0004964397760597748,5.777912314663344e-05,2.2679647428707187e-05,0.0004228176973394458,0.00012128816488692036
20,3.8604602057654434e-05,5.392893783581972e-05,0.005121007907977726,0.5954109114379634,0.001380654442562876,1.1087859009206067e-07,8.938182370090062e-05,0.3842056409640016,7.4501529615052875e-06,0.0011657202068138047,2.7611419139631674e-05,0.005789590917715325,0.0008492034477198257,0.0004102715924259937,2.2874638843721833e-09,1.3572152981586253e-06,0.00014896028087714385,0.0016871698758990667,5.51389773575148e-05,0.0030959048754300184,9.310390814724709e-05,4.5502753631626755e-05,4.148917773234606e-06,0.00027896691709870157,3.9655259557263824e-05
21,3.248231640437488e-05,5.139719743077725e-05,0.004431078642863108,0.32756139866047274,0.0009966979948364829,5.644295467966298e-08,5.818673624171759e-05,0.6586693448618188,1.367249637197748e-05,0.0009636695520403855,2.2533246085213905e-05,0.0028635354953406443,0.0003802356066653669,0.00014024183866186415,3.5069452509904995e-09,7.266852679455905e-07,0.00023435466393858408,0.0010508083039733542,7.429686768696038e-05,0.0019033447967757677,8.938731413970922e-05,5.8766801107384707e-05,2.0267453932494205e-06,0.0003591652447510464,4.258798183273513e-05
22,2.2396108385692904e-05,6.129632639047413e-05,0.007921072551060183,0.7139220740549782,0.001538539070145414,7.041527739567969e-08,9.283102279107078e-05,0.26648101433782273,1.5843418450597588e-05,0.0013145388423667016,1.375126657482293e-05,0.003058276872032789,0.0017924548503279532,0.00040898879051681536,2.033760194212309e-09,6.640635213870362e-07,6.310137201303784e-05,0.000659208339179722,3.6938628015224166e-05,0.0021446881555874315,3.774729574288688e-05,1.530274314966386e-05,1.998332792232904e-06,0.00034550434198741127,5.16967671301723e-05
23,4.684957696706354e-05,5.334621350770083e-05,0.0057979832806629395,0.6281263010655651,0.0013693785977870847,1.3282245503031436e-07,0.00010468151172163906,0.3497494118512925,7.792489293388459e-06,0.0011787760864732338,3.1940349800351854e-05,0.006230769780927269,0.000921088941970638,0.000434397493911908,2.2541696559436486e-09,1.6046478514611083e-06,0.00013892602127167476,0.0019020667872182498,5.444974611018996e-05,0.0033699936874733954,9.644067408020769e-05,3.800514331011317e-05,4.403450924701387e-06,0.00029805950592306824,4.319801933153834e-05
24,4.4939157735923645e-05,5.380161406010732e-05,0.0056639360374798236,0.639308233897459,0.0013726286592517366,1.3145619153725292e-07,0.00010259498367722766,0.3389325276153287,7.527074924888243e-06,0.0011807705765241225,3.123207761097573e-05,0.006049412010602564,0.0009318121597352906,0.0004419959861977494,2.1510382167767422e-09,1.552399790106205e-06,0.00013306356376460712,0.0018935411662148248,5.291457020109532e-05,0.003329464154210918,9.426126987388857e-05,3.688318800954964e-05,4.360589005806848e-06,0.00029003208808566,4.2381553025673046e-05
25,0.0002389470654845898,0.00048261746856972774,0.03470767513553184,0.7475395808704435,0.012371575578839248,7.256577799187451e-06,0.000415476384315258,0.15473807509531948,0.00011447510095075407,0.011761489515869066,8.087360403433108e-05,0.01502168864717274,0.0033763604777609217,0.005669785178417333,5.660430503142176e-08,2.7382095140683427e-05,0.00018598842066854096,0.006102906213825749,0.00024127630167968344,0.0050854826979181795,0.000373622921169614,0.00028411934788253685,2.2348968602767834e-05,0.0007504679271166993,0.00040047180118260025
26,5.813694475340773e-05,5.667300150068619e-05,0.0067036569081362,0.6001433305535552,0.0011493744809564224,9.703681261082619e-08,0.00010755597133095723,0.37655205085112575,7.830866066137818e-06,0.001021836786984562,3.179643456085955e-05,0.006262198287587545,0.001053887383842959,0.0003242653356440914,1.985475041325301e-09,1.1503534367857064e-06,0.00018333907380116445,0.0023620244286724906,4.158282341905778e-05,0.0033145850864409404,8.201037528499508e-05,3.624622850215115e-05,3.833694927164873e-06,0.00045662723166187705,4.590787552110989e-05
27,4.6084597983456475e-05,5.778132735233266e-05,0.005761904960836135,0.6989800970555025,0.0014665658869459444,1.3276733113850974e-07,0.00010792256360313733,0.2781194973047466,5.862337960454314e-06,0.0011031030112465387,3.408641224502868e-05,0.006760693788260033,0.0011105168407535494,0.0005311570296231264,1.8005555168780106e-09,1.4051677081903762e-06,0.0001243340515788961,0.002154531023758249,4.406633060322114e-05,0.0031260603151755067,9.311428149919662e-05,3.191015440508895e-05,4.702582672440476e-06,0.00029601263046056213,3.8455777193255957e-05
28,4.684957696706354e-05,5.334621350770083e-05,0.0057979832806629395,0.6281263010655651,0.0013693785977870847,1.3282245503031436e-07,0.00010468151172163906,0.3497494118512925,7.792489293388459e-06,0.0011787760864732338,3.1940349800351854e-05,0.006230769780927269,0.000921088941970638,0.000434397493911908,2.2541696559436486e-09,1.6046478514611083e-06,0.00013892602127167476,0.0019020667872182498,5.444974611018996e-05,0.0033699936874733954,9.644067408020769e-05,3.800514331011317e-05,4.403450924701387e-06,0.00029805950592306824,4.319801933153834e-05
29,4.684957696706354e-05,5.334621350770083e-05,0.0057979832806629395,0.6281263010655651,0.0013693785977870847,1.3282245503031436e-07,0.00010468151172163906,0.3497494118512925,7.792489293388459e-06,0.0011787760864732338,3.1940349800351854e-05,0.006230769780927269,0.000921088941970638,0.000434397493911908,2.2541696559436486e-09,1.6046478514611083e-06,0.00013892602127167476,0.0019020667872182498,5.444974611018996e-05,0.0033699936874733954,9.644067408020769e-05,3.800514331011317e-05,4.403450924701387e-06,0.00029805950592306824,4.319801933153834e-05
30,4.684957696706354e-05,5.334621350770083e-05,0.0057979832806629395,0.6281263010655651,0.0013693785977870847,1.3282245503031436e-07,0.00010468151172163906,0.3497494118512925,7.792489293388459e-06,0.0011787760864732338,3.1940349800351854e-05,0.006230769780927269,0.000921088941970638,0.000434397493911908,2.2541696559436486e-09,1.6046478514611083e-06,0.00013892602127167476,0.0019020667872182498,5.444974611018996e-05,0.0033699936874733954,9.644067408020769e-05,3.800514331011317e-05,4.403450924701387e-06,0.00029805950592306824,4.319801933153834e-05
31,4.0524864662518526e-05,5.1668462737809876e-05,0.005946288277050317,0.6251138365436512,0.0012324605772630727,8.384526301924968e-08,8.82879265534307e-05,0.35450290982443794,6.547121415341472e-06,0.0010566684033638152,2.280956147462148e-05,0.005176447537459378,0.0009720686918219481,0.0003734205329370776,1.4656918659107789e-09,1.0998919084489634e-06,0.00012367921531613346,0.001710558910356515,4.1918912013471357e-05,0.0030704083303163274,7.284331339215723e-05,2.9611728020422144e-05,3.1929761864584976e-06,0.00032434442211672516,3.8318664589988234e-05
32,4.860307584284036e-05,5.4160012986076776e-05,0.005892264207330948,0.6161430510582835,0.0013751168985934282,1.3658198259899458e-07,0.00010749507136788521,0.3614502459942383,8.320514263528427e-06,0.0012085108142923147,3.229107109582372e-05,0.006363535546630854,0.0009016524892841286,0.00044139125061354084,2.4390137065611885e-09,1.7087334815914647e-06,0.00014336540738789467,0.00187319989935196,5.974956182797523e-05,0.003408908479133656,0.00010086391059727067,4.041026276659756e-05,4.436867954838052e-06,0.00029531764307319053,4.5262208605560006e-05
33,4.914281612938695e-05,6.370768965644649e-05,0.005527009117337208,0.6326471910664145,0.001499935341028727,1.33329847310545e-07,0.00010330561520144461,0.34383420630444433,6.5912119460806685e-06,0.0011962378316263359,3.163315088181679e-05,0.006974112027634774,0.0011101961085464543,0.0005105683539616889,2.136247204041718e-09,1.5132989480038804e-06,0.00015779217613446267,0.0022215995017959133,5.424711873764984e-05,0.003519708225950485,9.146252527186817e-05,4.935958986612969e-05,4.7998158139661095e-06,0.0003064769178579774,3.9068728720083096e-05
34,2.7489129523078302e-05,4.146122231786618e-05,0.003439416388887086,0.6864713588706486,0.0011599661552208788,9.92021043039959e-08,7.097067344564286e-05,0.2957302283499602,3.049559859546673e-06,0.0010233826288667737,2.4745422352642068e-05,0.005096243900430182,0.0007172534192865933,0.0003517013074400497,1.2507664403473897e-09,1.22012891959742e-06,0.000124046085802556,0.0020640524150220283,2.918036713952399e-05,0.0032253895538437815,8.71915381184729e-05,3.233361848353127e-05,5.291347245941589e-06,0.00024598162910341204,2.7945835211212126e-05
35,2.4538411785487163e-05,6.290649537630265e-05,0.010328800854901368,0.8052113805044077,0.003843045598448315,4.397140474262044e-07,0.0001460345375856147,0.16292715163166702,7.955001786774934e-06,0.0014464818947428246,4.415608658322694e-05,0.006659165246771949,0.0015196582639191883,0.0016036990923956095,4.240436961585902e-09,4.514220445968421e-06,5.808653858416194e-05,0.0009291251578883688,5.0771318946271885e-05,0.004779748385108778,9.813405343926098e-05,2.9575895510107936e-05,8.917549609069928e-06,0.0001848803381511494,3.08289674612748e-05
36,3.382616613926019e-05,4.7950682211242345e-05,0.004095640745004972,0.6996331995272803,0.001091720361100136,1.7072147967648707e-07,0.00010803740146209064,0.2822423616254994,6.220341566076971e-06,0.00119843567447891,3.812484875662656e-05,0.0036229500121233538,0.0007348596174326049,0.00034214652586538047,1.781285294177586e-09,1.6461556252015194e-06,8.589181923363596e-05,0.0023695997602147744,4.0140948861574204e-05,0.003878683591536973,9.428981949530276e-05,2.5590586521510763e-05,5.28385892666757e-06,0.00026799263360963334,3.52347942892962e-05
37,2.3268974949297474e-05,4.4895242347094435e-05,0.004353085734392928,0.5856911498876749,0.0013134254109358904,1.3700580411068704e-07,8.277346111030639e-05,0.3970543918360049,9.82127283308842e-06,0.0014891516105469,2.8606910810906304e-05,0.0038354386740568004,0.000676584943853056,0.0002738752598871053,2.8853049228664248e-09,1.5585921527528892e-06,0.00012141580977709565,0.0012762777946336973,5.138113688781561e-05,0.0032283522071628276,0.00010323195835492862,3.461693351455609e-05,4.162963405777589e-06,0.00026466009054205297,3.7733403056287e-05
38,6.881268595195175e-05,5.7113573790435975e-05,0.006651766030856838,0.608889781571751,0.0016006083032204107,2.5614059696529644e-07,0.00016096997055206069,0.36396610309432054,1.0102889975596368e-05,0.0014021129730147873,5.022136187457864e-05,0.008145752687351501,0.00096547963523929,0.0005504672206507155,3.923474992180185e-09,3.201798952803655e-06,0.0001589734883318149,0.002399537979869183,8.088889542604061e-05,0.004270743312678161,0.00013670957105328056,5.047358111068147e-05,6.953517604041198e-06,0.0003249134394080146,4.805235294451989e-05
39,5.67188462638008e-05,0.00014585021132214305,0.007438769772333756,0.7257283113826344,0.0016699257795360245,1.327298261727902e-07,0.00013473102259476674,0.24739235459989722,1.047103036757064e-05,0.0012603227139359595,4.198422066594792e-05,0.005842167263307173,0.0025207025167035056,0.0006741102279693913,2.584359726730879e-09,7.92026360766927e-07,0.00017051028227380027,0.0029522887359539848,4.5292946586255966e-05,0.0032529145061391362,6.151364315964222e-05,5.300867144408553e-05,4.260689416019837e-06,0.0004925776628558151,5.028593409313906e-05
40,2.8696714547073025e-05,3.941948119506153e-05,0.004091611615206939,0.6306005308276343,0.0009498292567556945,1.0441994332331493e-07,9.265312073018951e-05,0.3523296815581283,6.308295579174565e-06,0.001216415156474341,2.67398357622183e-05,0.0038117845683378684,0.0007551835995712489,0.00023728378141660435,1.5981664257972935e-09,1.366254993312278e-06,0.00010442468760165518,0.001644283130578,3.6260335045019704e-05,0.003589648493379734,8.109200020455658e-05,2.3284815948512426e-05,3.897923541643267e-06,0.00029706117378907546,3.243735546969882e-05
41,0.00014790555285870244,4.862722731980366e-05,0.0007987334153924619,0.475002003888833,0.0002106283122310986,4.154701450768577e-08,0.00011776757935068708,0.4806800388637756,5.86834701559478e-07,0.0004234039507370821,5.8249233200192166e-05,0.017461079778827486,0.0006857243226433486,0.0001353128280728902,7.510191582090132e-10,5.68138040864126e-07,0.0007756870005668172,0.018671381058270386,2.624629362117584e-05,0.004038614160208515,0.00012572257883545641,0.00012346494537136433,1.2481783537416206e-05,0.00043302746207239716,2.2702493498124527e-05
42,3.1808189857875235e-05,7.427409044234064e-05,0.007000616444463271,0.9445338789869807,0.00200860207583158,2.0352011479521277e-07,8.107316695900737e-05,0.029965495487905353,3.3463366734228782e-06,0.0005976987857331456,3.598823513299566e-05,0.00473534678065491,0.004637029894883333,0.001176270392966206,4.4482280136015183e-10,2.677287789450099e-07,2.428252920364258e-05,0.003557195678754914,5.335096887355735e-06,0.0011751138468242663,2.3241756646551102e-05,3.922451231356776e-06,3.2238658917630808e-06,0.00029707861939139553,2.8705592968334164e-05
43,5.243661529762357e-05,5.646905478664648e-05,0.006463755142259117,0.6413288591472481,0.0013345057451480313,1.2625284367454054e-07,0.00011360510776309395,0.3351025911801305,7.864461562712802e-06,0.0010664549108227019,3.343381547438227e-05,0.006748161641691394,0.0010584975563237965,0.00047106731741856266,2.1768797830690447e-09,1.4842965874320162e-06,0.00013859524667603497,0.001967078352974553,5.1626193125656e-05,0.0035167004531354495,8.704871432286708e-05,3.671404178179654e-05,4.319500038665949e-06,0.00031392573769195695,4.4677338015527446e-05
44,4.684957696706354e-05,5.334621350770083e-05,0.0057979832806629395,0.6281263010655651,0.0013693785977870847,1.3282245503031436e-07,0.00010468151172163906,0.3497494118512925,7.792489293388459e-06,0.0011787760864732338,3.1940349800351854e-05,0.006230769780927269,0.000921088941970638,0.000434397493911908,2.2541696559436486e-09,1.6046478514611083e-06,0.00013892602127167476,0.0019020667872182498,5.444974611018996e-05,0.0033699936874733954,9.644067408020769e-05,3.800514331011317e-05,4.403450924701387e-06,0.00029805950592306824,4.319801933153834e-05
45,4.964885961303154e-05,5.4605569017863945e-05,0.004645356523078738,0.6945198956652903,0.001187009339080574,1.3674946491425226e-07,9.018795208254568e-05,0.2838732652956187,5.357345948904604e-06,0.0011450866993565683,3.20784969220771e-05,0.006633816882309802,0.0007652342435214359,0.00046249665005370207,1.8290701436116254e-09,1.5704742518536507e-06,0.00014333537147142054,0.002685297858135241,4.756168061092641e-05,0.0031848892718596,0.0001178040740288448,3.7810169501334943e-05,5.272193763849251e-06,0.0002611476831999894,5.1133122747673537e-05
46,2.4449552938780787e-05,9.545390463410067e-05,0.012969278416900739,0.8526738118780142,0.005603583380792529,2.8708162603800745e-06,0.00037131773453301224,0.10972389224637936,4.712785574004821e-05,0.0049779000920041035,5.760370091383812e-05,0.0026201192624792408,0.0013963422192416405,0.0035843611187877243,6.751912871235983e-09,1.2695764541834696e-05,6.886629811621186e-06,0.0011018148608443283,0.00014477745138136584,0.004276215917446304,0.00011940009691308806,1.7513978393898478e-05,7.349619693152093e-06,0.00010937375568516233,5.5852993756639505e-05
47,6.461253215696842e-05,5.6586640534694475e-05,0.006173829288578171,0.5912222157930241,0.0013066278764746239,1.3731230965746455e-07,0.00011419226766699218,0.38321303542631724,7.777922587728331e-06,0.0011533841281243307,3.50935259516014e-05,0.008354581327041347,0.0009608643163104177,0.00044586504744345936,2.5027714807213367e-09,1.8540698449642359e-06,0.0001831171371367972,0.0023091924143449857,6.30221200296887e-05,0.0038015968447375078,0.00010569581677728523,5.059611326941204e-05,4.754283623161578e-06,0.0003235396694094345,4.782562353398057e-05
48,4.702638875954738e-05,5.988294299912815e-05,0.0047717022920454365,0.5551869491832025,0.0012322592810712295,9.822798896640017e-08,9.901471727171466e-05,0.42466618546102247,7.25429691151066e-06,0.0012003852829031883,2.799786493173427e-05,0.005868389593135922,0.0008829112292285428,0.0003692580065320103,2.4071073006367164e-09,1.3638441760513714e-06,0.0001879692763640048,0.0018118831493328332,6.386401778179662e-05,0.0030011858049739403,9.844128264564281e-05,5.027129920018421e-05,4.10203500454497e-06,0.0003215973623295762,4.000475308035798e-05
49,4.9964449942706355e-05,5.237318098430754e-05,0.00623861748940368,0.622920886164455,0.0014589207162027296,1.4374884334299264e-07,0.00010287015002754159,0.35290777472807233,7.847472110119192e-06,0.0011583046846685443,3.3014844862013756e-05,0.007406844799760381,0.0009518245980737666,0.0004728807033406127,2.31855773175566e-09,1.708729313644159e-06,0.00014613725199172058,0.0019736830284003597,5.5690699998470216e-05,0.0035856468633808716,9.834735271728283e-05,4.2115838919696114e-05,4.505512333594502e-06,0.0002857532766773927,4.414139696193637e-05
50,4.419721388127432e-05,5.4184103233862764e-05,0.00581118751610643,0.6252677862595345,0.0014078184036904003,1.3503187595845763e-07,0.00010671239934560437,0.35299321410140616,8.237432142557006e-06,0.0012640216027749978,3.040941591658996e-05,0.005820249436903372,0.0009328556962310897,0.00044729737720342907,2.245850592516795e-09,1.6718557699730494e-06,0.00012980853890261283,0.0017810282416824217,5.820557247561647e-05,0.003375110695231959,9.406096365514527e-05,3.81923851221069e-05,4.2438140407572305e-06,0.00028726417800649487,4.210551901603572e-05
51,0.0002878358069462314,4.879080864575011e-05,0.049989977769487715,0.2996051583194059,0.0034445581891789693,1.5364941309125773e-06,0.000288227012416826,0.5858077683870253,7.352510531566538e-05,0.0018239560408927868,9.72556433606235e-05,0.0342697346575397,0.0010092997716446782,0.0006048311594861784,7.069943112997783e-08,5.758531992613639e-05,0.0007072938124790264,0.0012659487725570487,0.0001813013348975346,0.018838582903226323,0.00027771407980118647,0.0001748349085218983,1.902861113310118e-05,0.0009055415362339196,0.0002196428563153979
52,3.4632518432453484e-05,3.635231998643052e-05,0.006448034101217551,0.49442910409751867,0.0012819035347766182,4.3666626693480296e-08,6.684918054984601e-05,0.48689365368898946,7.346617707864411e-06,0.0007809127003214833,1.6979224311761976e-05,0.006096083129820677,0.0004803384307461826,0.00034664089685220806,2.282385092210391e-09,1.1035967120286522e-06,0.0001515479892575118,0.0005795029351576913,7.07581586593937e-05,0.0018807198969582595,9.964942772307756e-05,3.0867496287904626e-05,2.26311378225862e-06,0.00021881255528787474,4.589843993097604e-05
53,4.6072208296495505e-05,4.921720441500065e-05,0.005538974512671749,0.6117854572648742,0.0009206437027406278,1.4503360591425528e-07,0.0001559534915080752,0.36739733695121446,1.0035609693886157e-05,0.0011875422072036242,3.7828776032273785e-05,0.004414020921249018,0.0009240070381126827,0.0003251613540638988,2.8023980474811403e-09,2.0473463872814645e-06,0.00012041329335902306,0.001800115000561559,5.373626447223278e-05,0.0047293524789918115,8.400604852733952e-05,3.233760824943785e-05,5.2121248517467765e-06,0.0003367930352721054,4.35877212476374e-05
54,3.965967091368537e-05,4.610488932240997e-05,0.004713033618971408,0.589622105656286,0.0012627426362966233,1.0694458968760615e-07,8.183285382781379e-05,0.39108269597659934,6.42334064944115e-06,0.0010064325473153933,3.231669456519229e-05,0.005466035636090732,0.0007468837917303644,0.00030652038649500696,1.865611254908621e-09,1.128571314940878e-06,0.00014897979323207446,0.001989379482507296,4.376338126747982e-05,0.002928953028946398,9.39832694407655e-05,3.5208830819747356e-05,3.854060195376171e-06,0.0003074602851053326,3.4392787906170055e-05
55,2.791750088971879e-05,4.7215823409886486e-05,0.004417437415838957,0.6083389429203799,0.0017929776536621013,1.594916182194283e-07,8.926091430154727e-05,0.37411310571632433,6.6103439915596585e-06,0.0014881323686782,2.6292918785939672e-05,0.003968001162648269,0.0005209626577370075,0.0005011249728431929,2.9569012827105893e-09,2.570824590229071e-06,0.00011701495267497653,0.0011676316536504497,7.575411831543195e-05,0.0028732271995412888,0.00013495482404071287,4.4002652720919554e-05,5.760545858371995e-06,0.00020590870039117315,3.502971020640535e-05
56,4.7040144571874556e-05,5.6354487050939574e-05,0.005958048663991967,0.6359327984977726,0.0013875301343139303,1.3279544581929788e-07,0.00010760450383972452,0.3416284250833819,7.942162011556737e-06,0.0011822721413721378,3.2386075533955546e-05,0.0061929939749351915,0.0010082978349164884,0.0004482898373413666,2.2569340793840015e-09,1.5507394440770412e-06,0.00013838409447832528,0.0019144259847327391,5.3160157441644966e-05,0.0034164284803473053,9.246147701871024e-05,3.7526397031164414e-05,4.376582727665829e-06,0.0003087000641178694,4.2867429247027735e-05
57,5.028588038819631e-05,5.376634495947935e-05,0.0069857235868854796,0.5683793997054939,0.0017444572078424891,1.4216146829980655e-07,9.321290454059538e-05,0.4049642123185407,9.128377624072206e-06,0.0013341559773851746,3.0546008335175806e-05,0.009054376801892045,0.0009585985382397859,0.000497031486054361,2.582131606999817e-09,1.8821674374330673e-06,0.00017465663836973945,0.0017227285570641927,7.035950314564081e-05,0.0033880056912384336,0.0001107817027136019,5.2815379708711754e-05,3.859618744185531e-06,0.0002753235154157868,4.454734438090462e-05
58,4.715196989379036e-05,5.548022632965193e-05,0.0058768073814185525,0.6200274819572245,0.0013528053667100825,1.2411294624155994e-07,0.00010461228592982906,0.3579333923041953,7.810072792756272e-06,0.001179217077531084,3.16811606362632e-05,0.006077569910767886,0.0009460112451372626,0.0004089464558515327,2.263155180035965e-09,1.4954413442477929e-06,0.00014896826396952013,0.001953717572379543,5.20848925116758e-05,0.003282128082268088,9.567340725305308e-05,3.822380490678203e-05,4.339458161861419e-06,0.00033098514268981396,4.32901439957194e-05
59,4.906240874077684e-05,5.291230535047529e-05,0.0062630986347284616,0.6142500550095209,0.0013153272068185068,1.2253812031605596e-07,0.00010869999418071311,0.3631584080053378,7.79103748206637e-06,0.001146463194164879,3.1906267632941846e-05,0.006141200712004734,0.0009359536817349764,0.00039518512621557856,2.229539884537877e-09,1.5724183850644449e-06,0.0001479916343928481,0.0019651926719725216,5.0168966144938756e-05,0.003451302829690873,9.427594155266918e-05,3.651264451024532e-05,4.342695387098033e-06,0.0003490147087845615,4.343713760614472e-05
60,4.684957696706354e-05,5.334621350770083e-05,0.0057979832806629395,0.6281263010655651,0.0013693785977870847,1.3282245503031436e-07,0.00010468151172163906,0.3497494118512925,7.792489293388459e-06,0.0011787760864732338,3.1940349800351854e-05,0.006230769780927269,0.000921088941970638,0.000434397493911908,2.2541696559436486e-09,1.6046478514611083e-06,0.00013892602127167476,0.0019020667872182498,5.444974611018996e-05,0.0033699936874733954,9.644067408020769e-05,3.800514331011317e-05,4.403450924701387e-06,0.00029805950592306824,4.319801933153834e-05
61,4.940877966232056e-05,5.4906805958675096e-05,0.0064600085108155935,0.6121975717627947,0.0013714063696992679,1.2646954352184827e-07,0.00010752224776560871,0.3646438767035933,8.187661075696249e-06,0.0011526683085758783,3.297534017730355e-05,0.0064101141913464705,0.0009553150628801787,0.00041128458922566304,2.3208693801139323e-09,1.571369401072365e-06,0.0001498265160367819,0.0019407367398040695,5.258482617150856e-05,0.0034781980654518866,9.573473493831476e-05,3.8148489257148875e-05,4.24306243157083e-06,0.0003394708981046778,4.411017441958017e-05
62,4.684957696706354e-05,5.334621350770083e-05,0.0057979832806629395,0.6281263010655651,0.0013693785977870847,1.3282245503031436e-07,0.00010468151172163906,0.3497494118512925,7.792489293388459e-06,0.0011787760864732338,3.1940349800351854e-05,0.006230769780927269,0.000921088941970638,0.000434397493911908,2.2541696559436486e-09,1.6046478514611083e-06,0.00013892602127167476,0.0019020667872182498,5.444974611018996e-05,0.0033699936874733954,9.644067408020769e-05,3.800514331011317e-05,4.403450924701387e-06,0.00029805950592306824,4.319801933153834e-05
63,4.750292370198554e-05,5.7313185521889495e-05,0.005854435316085558,0.6273954700976321,0.0013604294679651105,1.317738438792428e-07,0.00010690507065367828,0.3504563450367836,8.104607480794852e-06,0.001195323333527201,3.2650068717866034e-05,0.0060403732617408164,0.0009673488981954334,0.00042936532608922866,2.3163575451047787e-09,1.552272963666523e-06,0.0001424165950133635,0.0019445851719583102,5.487705100830763e-05,0.003409745825982649,9.508493781356281e-05,3.8712719674601154e-05,4.351188669027849e-06,0.00031322422980573696,4.3749322814334065e-05
64,4.660164718364296e-05,5.1715414493547634e-05,0.005483886383766164,0.6219709752660615,0.0013642874227412893,1.3164020378026036e-07,0.00010036575399981235,0.3564420626596543,7.4351864301359154e-06,0.0011800555662165033,3.2969374971201986e-05,0.0063386610271186725,0.0008062691168817868,0.0004159073750622435,2.383556495308682e-09,1.6429628520724939e-06,0.00014736034768948332,0.0019447441103378825,5.6271560897038604e-05,0.0031096121153732785,0.0001139170003928547,3.786794033465696e-05,4.573908179202289e-06,0.0002979382173935598,4.474561820903082e-05
65,4.784430408441067e-05,4.208764745652182e-05,0.004702762868485622,0.706914277951965,0.0019511507111236721,2.9243752002659625e-07,8.65089085622716e-05,0.2665375451796117,4.808073347505954e-06,0.0013653830395854063,3.903935266127266e-05,0.009927982484537913,0.0006729404657378127,0.0006763790568252054,2.263379869446887e-09,2.9218074832227314e-06,0.00012781601498923687,0.0029542632128566806,5.584583071865353e-05,0.0034314594133582842,0.0001676337957492402,4.6929859145717e-05,7.80564196789631e-06,0.00019304670482783934,4.327297401874638e-05
66,3.8110356175726336e-05,4.838706224828588e-05,0.006270695358099261,0.6276093483472794,0.0013732512112853432,1.6482818886831229e-07,0.00011762626516012995,0.34907006330497553,9.953217357984397e-06,0.0014966809469001234,2.832440509814271e-05,0.005599682868782754,0.0011312087048887573,0.00046738235004558086,1.8948399069847416e-09,2.2019899016591483e-06,9.142115661961241e-05,0.0014707181536532674,6.399375699296181e-05,0.004740862110771874,7.447879423984071e-05,3.370635538467925e-05,3.5416983245651164e-06,0.00022231314609458613,3.588171669109129e-05
67,4.083842660284819e-05,6.251057543187261e-05,0.005117448433194117,0.5332218364405631,0.0014600372586011197,7.733680540452787e-08,7.515461768459051e-05,0.4484826693047885,9.23427299897711e-06,0.001264833906845469,2.6536148565890192e-05,0.004822857137189056,0.0008147229131869708,0.00029145869788643427,1.9070408596260087e-09,8.174561969553629e-07,0.00016977860368859278,0.00161900949373028,6.266427043224669e-05,0.0019402767263903785,9.299289388467553e-05,3.9380884888921305e-05,2.3452308816679898e-06,0.00034621234215472473,3.630472036641807e-05
68,3.853952559209572e-05,6.149947748665148e-05,0.009207458165727397,0.6207671925423417,0.002527811877803931,1.273551444638061e-07,0.00011719569336117492,0.3545343609930916,1.194047782421285e-05,0.00137680662954426,2.46926502620948e-05,0.005444888282487849,0.0011879919983327713,0.0008018771903429302,2.658872922218855e-09,1.7330848978722666e-06,9.845634880389242e-05,0.0008700891657613671,8.344266383787575e-05,0.002433598383923603,7.841352897229015e-05,3.488446936453755e-05,3.1262502077519564e-06,0.0002572211653988527,3.664942061592656e-05
69,3.576998232154145e-05,3.8659889573054003e-05,0.004901188562276086,0.6402656258996211,0.0006780836135350446,8.09509041413405e-08,0.00010226856366012426,0.3412775278249048,6.0215260246789615e-06,0.0010237281453101318,2.247286307792324e-05,0.0038337038738881337,0.0007173949786353612,0.00023002714461914644,1.460405097282672e-09,1.5354713948325169e-06,0.00010687306624735727,0.0015882672130041594,3.5080744265830535e-05,0.004689536459858691,7.20814711840649e-05,2.126930130631791e-05,3.6821116565177195e-06,0.00030426625599496327,4.485262633091164e-05
70,4.441644206030319e-05,5.072540954224863e-05,0.005091060299805556,0.589087076624249,0.0012550443984988952,1.2009571846537692e-07,0.00010047548870244389,0.39057302302295066,7.609485171503747e-06,0.0012014907935587655,3.140493445261723e-05,0.005618872532047639,0.0008133211510136986,0.0003471979089234964,2.2647583230579286e-09,1.5167482169971568e-06,0.00014929567925646016,0.0018907868816934442,5.5085967816095466e-05,0.0031818921268441077,0.00010083731684189923,3.825486327318082e-05,4.239675500522458e-06,0.0003161606793272516,4.008920977638926e-05
71,5.219651412834894e-05,3.3555989456913274e-05,0.004017540067630605,0.5845537940428156,0.0005794010532502623,7.62969539680467e-08,0.0001224184484067396,0.3955331625807824,4.387344209652587e-06,0.0007401396534740234,2.794638290157458e-05,0.005696207689202307,0.0007232243670382172,0.00025633766767045076,1.4931627888528774e-09,1.6095614847891588e-06,0.00014206705096890827,0.0020907463123362078,3.834382768146759e-05,0.004947760333000711,7.801375528866367e-05,2.970181518367233e-05,4.863627124580909e-06,0.0002913771840745297,3.512694177255036e-05
