,0,1,2,3,4,5,6,7,8,9,10,11,12,13,14,15,16,17,18,19,20,21,22,23,24
0,4.364872725288593e-06,0.0009172309754518808,8.732614515760948e-05,0.9862183979026597,5.0507913327354985e-05,0.00021183823709927576,5.328249319306709e-08,0.00036723780329482196,1.801091006402949e-05,0.011003915176189774,3.6307602564320694e-07,8.01917305444358e-06,3.998463305659349e-06,0.0001558774047238133,5.5689013295554675e-06,0.00012751282465372213,0.0006210897073862739,1.426275846249675e-05,2.0079404626416488e-07,2.472275683338271e-05,2.1080687464494093e-08,1.2586801134539765e-05,0.00013994228365540445,5.684065497297431e-06,1.266690740906459e-06
1,3.998592919701463e-06,0.0007854789909955265,8.053550596749289e-05,0.9898280157190139,3.95840697131134e-05,0.00014516010494648444,4.5442344320308925e-08,0.0003129654746158619,1.033502155886759e-05,0.007731727081643295,2.7264540507698535e-07,7.201000702721807e-06,3.7633137722678653e-06,9.704810933286654e-05,4.10046637491161e-06,0.00013389470487052752,0.0006606382944790361,1.1736044973269272e-05,1.5631964408086189e-07,2.0294274191601497e-05,1.614837504420982e-08,8.683618483664383e-06,0.00010892010972940539,4.565609045717907e-06,8.633369013635566e-07
2,3.784764488210832e-06,0.0008399179167602356,6.581490496317608e-05,0.9909395465906506,4.6721459838543046e-05,0.00013683143036653147,4.571733976305136e-08,0.00031226198781843283,1.1101506490483102e-05,0.006653250078432614,3.1371142564696816e-07,7.971508373256337e-06,3.6234711087627256e-06,0.00010835454559665989,4.703141690763405e-06,0.00011136849654138916,0.0006068413003914965,1.038829145107723e-05,1.4347857696750645e-07,2.031979098997208e-05,1.468168265712806e-08,9.928681334528007e-06,0.00010153035956239779,4.298011047862705e-06,9.241730777445592e-07
3,4.291859206529271e-06,0.0007969417797217539,6.956256374553957e-05,0.9913865261454002,4.0803524649425455e-05,0.00013219291061098917,4.2209005149470474e-08,0.0002997937721011221,9.258139724090423e-06,0.0062443353755221465,2.950733575213342e-07,7.477383967590743e-06,3.5195964330268452e-06,9.150069795013044e-05,3.8676362580503545e-06,0.00010579044597258728,0.000661900712393033,1.0716381712708256e-05,1.3422128557042248e-07,1.683997341684139e-05,1.4288634893458263e-08,8.970176358970124e-06,0.00010044988449603714,3.998290294031147e-06,7.769577817034258e-07
4,4.4465007980820456e-06,0.0008110257666160373,7.061477370553246e-05,0.9916134837829028,4.1701450763713844e-05,0.00012435113670465677,4.378233413334137e-08,0.0002981021328316211,9.597921770864488e-06,0.006041272115471909,3.0925332814809434e-07,7.701442896118561e-06,3.84824390318849e-06,9.769035325887934e-05,3.883416511416609e-06,9.940851417225356e-05,0.0006322044020814316,1.0855714221136125e-05,1.3671310248462208e-07,1.7232113342696262e-05,1.4972657115942556e-08,9.403523706943129e-06,9.778223079933652e-05,4.102128196479372e-06,7.876139228459859e-07
5,3.756458368255408e-06,0.000673706370307282,6.193071257705265e-05,0.9924980486899877,3.7755051900164234e-05,0.00011709052226173324,3.9138953279190456e-08,0.000255019027481921,8.246275289135702e-06,0.005467484329737277,2.5320124393968684e-07,6.344824251245573e-06,3.3539184799151268e-06,7.837301351323428e-05,3.316403867711161e-06,9.447308614759481e-05,0.0005563844865761764,1.0756334390604052e-05,1.2288948661081737e-07,1.637555456933547e-05,1.2813452430398008e-08,7.178580445136051e-06,9.557008766567082e-05,3.7877202743746586e-06,6.205087722575075e-07
6,4.291859206529271e-06,0.0007969417797217539,6.956256374553957e-05,0.9913865261454002,4.0803524649425455e-05,0.00013219291061098917,4.2209005149470474e-08,0.0002997937721011221,9.258139724090423e-06,0.0062443353755221465,2.950733575213342e-07,7.477383967590743e-06,3.5195964330268452e-06,9.150069795013044e-05,3.8676362580503545e-06,0.00010579044597258728,0.000661900712393033,1.0716381712708256e-05,1.3422128557042248e-07,1.683997341684139e-05,1.4288634893458263e-08,8.970176358970124e-06,0.00010044988449603714,3.998290294031147e-06,7.769577817034258e-07
7,3.4829484992629127e-06,0.000858145865016704,6.706241438788028e-05,0.9904325827568337,4.758254619688749e-05,0.000149004537353248,4.40460563863821e-08,0.0003080332258045965,1.089262716653074e-05,0.006957772988692328,2.89436695035026e-07,8.423237249977041e-06,2.743262578700507e-06,0.00011212448994143746,4.203365479279098e-06,0.00011817368664073896,0.0007538987728387969,1.0195191522094672e-05,1.377186984814061e-07,1.6816120999891103e-05,1.5582826418081e-08,8.733616581144835e-06,0.00012408578034852168,4.528879318927442e-06,1.0269022734142154e-06
8,2.0272833668173026e-06,0.0005181433330960844,8.560716416663028e-06,0.9954554737593154,1.9930745726987455e-05,0.0001739141078262874,2.1073543595803908e-07,0.0007074446301427386,4.235369033193367e-06,0.0023691820871636258,4.814969256538009e-07,8.46860481811787e-06,7.185074842023586e-06,2.386802934750558e-05,8.618336185577826e-06,0.00017285033822041823,0.0004254632247782825,1.8019190502720052e-05,1.14522184527011e-06,1.5723209735582368e-05,1.6550752170478504e-08,2.4500205665933817e-05,3.365475917597662e-05,6.488303371038038e-07,2.3415934396933262e-07
9,1.2961118731296643e-05,0.00035223146330893196,1.0733889729330181e-05,0.9975081255912653,4.156438593852451e-05,0.00022095744045094913,3.8009322164698774e-07,0.00045572158237998237,3.067172726105321e-06,0.00045283181157522277,1.0896360828187348e-06,1.502357441043049e-05,6.723692508341235e-06,1.172095464614693e-05,6.223696290858353e-06,5.5244022314754145e-05,0.0007467186288255046,2.1106232788406323e-05,5.08087322896386e-07,4.3605716044708395e-06,2.0290825650877914e-08,2.292178179090959e-05,4.89733327523819e-05,6.315352335956552e-07,1.594132756258675e-07
10,4.291859206529271e-06,0.0007969417797217539,6.956256374553957e-05,0.9913865261454002,4.0803524649425455e-05,0.00013219291061098917,4.2209005149470474e-08,0.0002997937721011221,9.258139724090423e-06,0.0062443353755221465,2.950733575213342e-07,7.477383967590743e-06,3.5195964330268452e-06,9.150069795013044e-05,3.8676362580503545e-06,0.00010579044597258728,0.000661900712393033,1.0716381712708256e-05,1.3422128557042248e-07,1.683997341684139e-05,1.4288634893458263e-08,8.970176358970124e-06,0.00010044988449603714,3.998290294031147e-06,7.769577817034258e-07
11,4.508511687476225e-06,0.0008072721293483629,7.10157089927356e-05,0.991628351114107,4.1894718216819855e-05,0.000128594193817233,4.4730173471166196e-08,0.00029670382631085096,9.37106663863501e-06,0.0059973609745599685,3.080320269321452e-07,7.795572578635125e-06,3.904176358912747e-06,9.13572738983565e-05,3.958245065069191e-06,0.00010642505928775317,0.0006604514866466521,1.072752573544488e-05,1.3831085581344706e-07,1.762615849211739e-05,1.4816634742776948e-08,9.441703441107186e-06,9.772224899753617e-05,4.224799522387845e-06,7.876166060617509e-07
12,3.0618171285710636e-06,0.0004909146589619704,3.455603329746432e-05,0.9951360528059927,9.99880065275681e-06,5.507953356416914e-05,3.072388497486422e-08,0.00027105525064939347,3.7260150538772075e-06,0.003546976419920058,1.234278771665148e-07,3.5136418766466952e-06,2.8352974687451873e-06,3.6103873749761545e-05,1.8511243065945881e-06,6.299412236416681e-05,0.00027881024364665444,9.503331632211154e-06,1.3808999526625334e-07,5.595613730938031e-06,7.603417537267088e-09,4.684742964844926e-06,4.087470089798967e-05,1.313507708881579e-06,1.9861925645878154e-07
13,5.926465829246625e-06,0.0010779637978216433,7.437394423215412e-05,0.9910740533681806,5.58117927223352e-05,0.0001257420822895687,5.807094736659863e-08,0.0005037807774515443,1.2395166976468358e-05,0.005883976995255948,5.577932404597227e-07,1.4084854813675926e-05,4.660376331690014e-06,0.00016220423968877384,5.397786347835956e-06,0.00010418112186678122,0.0007530571206694715,1.213394125131833e-05,1.5910877707555146e-07,1.8686308082035e-05,1.9116076404741093e-08,1.709329378342978e-05,8.843254279225469e-05,4.034039474293771e-06,1.2158950978606318e-06
14,7.35905147046748e-06,0.0008607928184541803,0.00014395536235882114,0.9888188971537547,4.945067327990461e-05,0.00020979171658664503,7.652566214577134e-08,0.0005858122139527982,1.3216429511971222e-05,0.007603273364296843,4.042251097732075e-07,1.6305175170131805e-05,4.458438107521044e-06,0.0001427884635373976,5.392612431026249e-06,0.00022157207030249127,0.0011179275556950456,1.3985119954795202e-05,1.2159229414638135e-07,2.6799828556577964e-05,2.041506076785482e-08,1.2993003129922776e-05,0.0001372926279799384,5.716178281779351e-06,1.5973850600626755e-06
15,4.291859206529271e-06,0.0007969417797217539,6.956256374553957e-05,0.9913865261454002,4.0803524649425455e-05,0.00013219291061098917,4.2209005149470474e-08,0.0002997937721011221,9.258139724090423e-06,0.0062443353755221465,2.950733575213342e-07,7.477383967590743e-06,3.5195964330268452e-06,9.150069795013044e-05,3.8676362580503545e-06,0.00010579044597258728,0.000661900712393033,1.0716381712708256e-05,1.3422128557042248e-07,1.683997341684139e-05,1.4288634893458263e-08,8.970176358970124e-06,0.00010044988449603714,3.998290294031147e-06,7.769577817034258e-07
16,4.270634460899793e-06,0.0007914087403968082,7.532756590855029e-05,0.9911375767705047,4.218253409930112e-05,0.00013796079092780178,4.2390917670977515e-08,0.00028475689709227085,9.275505077856463e-06,0.006445649722443871,2.9081980768867743e-07,7.222842651016341e-06,3.5149363547863455e-06,8.940367479199137e-05,3.7786915057962244e-06,0.00010950767275171989,0.0007070673097517632,1.054502099276849e-05,1.3263635767401611e-07,1.7495870699609778e-05,1.4979057890924364e-08,8.405560402895894e-06,0.00010897331022187023,4.397826691508665e-06,7.972961313260031e-07
17,3.7928077788388108e-06,0.0008154483861675662,6.813613376596202e-05,0.98995719208635,3.4587085910006844e-05,0.00014679064751582446,3.855536062736196e-08,0.00031332839609306,8.852149411404084e-06,0.007630898808164493,2.5660136809647546e-07,6.574693538646224e-06,3.169257717003348e-06,8.228632460744256e-05,4.27397733561583e-06,0.00012599977396946622,0.000659852203472043,1.0062288510253729e-05,1.4651973999049079e-07,1.6850486394477225e-05,1.2881935277241489e-08,8.572310030647368e-06,9.843878658290681e-05,3.661441241566003e-06,7.773970388663743e-07
18,4.343019786186883e-06,0.0008162488318393101,7.09964591966758e-05,0.9911942909851976,4.1721540734753925e-05,0.0001347049592829958,4.326439244107198e-08,0.00030487980786184494,9.54234116515206e-06,0.006380232686803081,3.026862917040243e-07,7.732037216300218e-06,3.5648392019784158e-06,9.537809888484341e-05,3.957291405037214e-06,0.00010814180272374919,0.0006785661118573252,1.0883524197217255e-05,1.3724896649036203e-07,1.718966279516912e-05,1.4799801950682043e-08,9.229717254985742e-06,0.00010296862675780906,4.115010428654317e-06,8.146459567582114e-07
19,0.00012928808503305644,0.0023663417469068945,0.0011107055910789412,0.9641427258311236,0.00011951846066946261,0.00040624582941170735,3.489581924005818e-07,0.00416092824613877,1.9146582710124394e-05,0.01696131184342476,6.351618493132697e-06,3.712136066592141e-05,3.4304200274122694e-05,0.00047233530288457733,4.8080678904863875e-06,0.0006076281759695576,0.008277949213573771,0.0003310640879273985,8.75877431869234e-07,8.865487066172632e-05,6.088401831572482e-07,4.854371162006585e-05,0.0006508479174834054,1.950520356353635e-05,2.8403766875291467e-06
20,3.859647376174886e-06,0.0008051196548880472,5.2824711853938976e-05,0.9918954894574297,3.8426914923478485e-05,0.00012284406250213155,4.221945146064306e-08,0.00032737776521607524,1.0099965581838413e-05,0.005920741677280493,3.1862716502106394e-07,7.181464332499583e-06,3.7518845291278373e-06,9.84158930706602e-05,4.499619092089127e-06,8.655937610311683e-05,0.0005003987009102415,9.908900391571462e-06,1.5250442576316224e-07,1.623850002913228e-05,1.3062463448057554e-08,1.1444822834486408e-05,8.03016551253727e-05,3.255004423852628e-06,7.339086005366358e-07
21,3.4230748422390288e-06,0.0008281244088620989,5.0691678501445884e-05,0.9907713929981208,4.337135810851853e-05,0.0001776731243195668,4.38941085598137e-08,0.0003018568436326018,1.0590737039653552e-05,0.006853524307082424,3.052942316513872e-07,6.44993626315792e-06,2.828661772121666e-06,8.303811736784185e-05,5.123529972957017e-06,9.445072632826316e-05,0.0006269323884636124,8.625499685182674e-06,1.705204251211336e-07,1.4391932039679603e-05,1.3285046830146068e-08,1.0675116073635255e-05,0.0001021416984088842,3.3465220705146046e-06,8.14347232582736e-07
22,4.473464100807482e-06,0.0007836163504007964,7.103693754031275e-05,0.9913503470155576,3.9411676166368216e-05,0.0001340909272551038,4.1059286464335636e-08,0.00030790916419300575,8.659079435744418e-06,0.006252075493109102,2.9751038614865454e-07,7.307206720080908e-06,3.496564798580578e-06,8.750763769841445e-05,3.7622032528474375e-06,0.00010694444857284159,0.0006958837203052884,1.0995046447556673e-05,1.3439122227229366e-07,1.6475471630466093e-05,1.4456137382232804e-08,8.886257619690987e-06,0.00010205482641464015,3.835071834466307e-06,7.440199141227661e-07
23,4.291859206529271e-06,0.0007969417797217539,6.956256374553957e-05,0.9913865261454002,4.0803524649425455e-05,0.00013219291061098917,4.2209005149470474e-08,0.0002997937721011221,9.258139724090423e-06,0.0062443353755221465,2.950733575213342e-07,7.477383967590743e-06,3.5195964330268452e-06,9.150069795013044e-05,3.8676362580503545e-06,0.00010579044597258728,0.000661900712393033,1.0716381712708256e-05,1.3422128557042248e-07,1.683997341684139e-05,1.4288634893458263e-08,8.970176358970124e-06,0.00010044988449603714,3.998290294031147e-06,7.769577817034258e-07
24,6.164549768773621e-06,0.0008725141306276985,0.00010941656127068727,0.9893110456657804,5.4261177864000256e-05,0.00018709525698644487,5.566282906289451e-08,0.0003691845661422172,1.197590073605944e-05,0.007692853815761423,3.982723348387087e-07,9.945179693498315e-06,4.371331233721838e-06,0.00011391613950395014,4.5590560269488095e-06,0.0001440048270362582,0.0009187196313169417,1.3553000506137738e-05,1.4279215791424005e-07,2.353247592073054e-05,1.9969372368854117e-08,1.0887512974758988e-05,0.0001345346405990184,5.734534152710771e-06,1.1133494033794222e-06
25,5.8271917571850745e-06,0.00176971009219528,0.0001351065475653377,0.9806411923348397,5.266785577093289e-05,0.0001929002802075603,3.4975728819307025e-08,0.00011477986189066793,1.7024329354462622e-05,0.01536105370127856,2.355705776789451e-07,6.26790860854077e-06,3.7898308231623646e-06,0.0001228215845181683,6.6528699612847785e-06,0.00013347616759128793,0.0012169051263426218,7.202532226044268e-06,1.9796510154004588e-07,1.5056709534897458e-05,1.909053003342438e-08,1.006442605028754e-05,0.00017393621457544018,1.1178585803176128e-05,1.8982471673456165e-06
26,5.125995919956691e-06,0.0006848268581287605,9.880864457904816e-05,0.9919804299863626,5.0089028347269615e-05,0.0001261025039679889,4.1128416960261436e-08,0.00021088310407518383,9.648621025962986e-06,0.0057403440203534035,2.688531253191359e-07,6.59522014160526e-06,3.915972402192567e-06,8.504950345607062e-05,2.828849704909068e-06,0.00010267359534504256,0.0007162291608502578,1.2234744392173807e-05,1.0332061905521725e-07,1.9987667865163665e-05,1.64616798517828e-08,6.259637472809755e-06,0.00013037507851931194,6.441150119674889e-06,7.20893129749618e-07
27,6.412494594456836e-06,0.0007981172753200601,0.0001839384923118399,0.9893886266274184,4.008733999331947e-05,0.00011327697935035939,4.57913640874099e-08,0.0002572995021986585,3.877141644263355e-06,0.0062095667516891785,3.235159224539896e-07,9.200202136057555e-06,3.5032500163934328e-06,8.43596818667155e-05,2.420077223753919e-06,0.00018559681536288412,0.002444405991986266,1.6015874855959217e-05,1.1426559018011124e-07,1.7929170856615372e-05,3.003760654209467e-08,3.7249194918274023e-06,0.00022468105747713198,5.60539272923898e-06,8.413509931626246e-07
28,4.291859206529271e-06,0.0007969417797217539,6.956256374553957e-05,0.9913865261454002,4.0803524649425455e-05,0.00013219291061098917,4.2209005149470474e-08,0.0002997937721011221,9.258139724090423e-06,0.0062443353755221465,2.950733575213342e-07,7.477383967590743e-06,3.5195964330268452e-06,9.150069795013044e-05,3.8676362580503545e-06,0.00010579044597258728,0.000661900712393033,1.0716381712708256e-05,1.3422128557042248e-07,1.683997341684139e-05,1.4288634893458263e-08,8.970176358970124e-06,0.00010044988449603714,3.998290294031147e-06,7.769577817034258e-07
29,4.291859206529271e-06,0.0007969417797217539,6.956256374553957e-05,0.9913865261454002,4.0803524649425455e-05,0.00013219291061098917,4.2209005149470474e-08,0.0002997937721011221,9.258139724090423e-06,0.0062443353755221465,2.950733575213342e-07,7.477383967590743e-06,3.5195964330268452e-06,9.150069795013044e-05,3.8676362580503545e-06,0.00010579044597258728,0.000661900712393033,1.0716381712708256e-05,1.3422128557042248e-07,1.683997341684139e-05,1.4288634893458263e-08,8.970176358970124e-06,0.00010044988449603714,3.998290294031147e-06,7.769577817034258e-07
30,4.291859206529271e-06,0.0007969417797217539,6.956256374553957e-05,0.9913865261454002,4.0803524649425455e-05,0.00013219291061098917,4.2209005149470474e-08,0.0002997937721011221,9.258139724090423e-06,0.0062443353755221465,2.950733575213342e-07,7.477383967590743e-06,3.5195964330268452e-06,9.150069795013044e-05,3.8676362580503545e-06,0.00010579044597258728,0.000661900712393033,1.0716381712708256e-05,1.3422128557042248e-07,1.683997341684139e-05,1.4288634893458263e-08,8.970176358970124e-06,0.00010044988449603714,3.998290294031147e-06,7.769577817034258e-07
31,6.536726017879864e-06,0.0008686031821947475,9.341948401543558e-05,0.9908897047105251,3.813219002457969e-05,0.00013306919910629532,4.7047134006474793e-08,0.0004289526123051678,8.234152435131569e-06,0.006304041472029762,3.657187043737695e-07,8.881053533351306e-06,4.203549116138501e-06,9.45407133261699e-05,3.4444565810594572e-06,0.00012034359884059737,0.0008496369016719956,1.3516069565899201e-05,1.3584961304891093e-07,1.6392032502670272e-05,1.7674712025805307e-08,1.0260634993845191e-05,0.00010295106357098348,3.802968596098815e-06,7.66938883823048e-07
32,4.108779670204978e-06,0.0007789034714743401,6.543070226446456e-05,0.9915999523599747,4.118914665991673e-05,0.0001317968549816369,4.33971913260416e-08,0.0002938207999210438,9.217488870930684e-06,0.006080458857632606,2.9450833947002554e-07,7.2907273861969965e-06,3.5114149642777184e-06,8.815014203738995e-05,3.9674129453173716e-06,0.00010489523162558603,0.0006451832085439212,1.0725867250628594e-05,1.440886285104842e-07,1.675347465107434e-05,1.4559402338920414e-08,8.941043104464774e-06,0.00010046968643064307,3.975854945391689e-06,7.609211038031282e-07
33,4.004867952838374e-06,0.0008524947860769395,9.502152464498178e-05,0.9875942694662004,5.3553912862938344e-05,0.00019257161303372052,4.571092454421983e-08,0.00027873650043456675,1.4561410244848841e-05,0.009781137709848429,2.8850871957259977e-07,6.962967736571142e-06,3.280553343101572e-06,0.0001235734147419441,4.8905745687234825e-06,0.0001213051497615701,0.0006768823138325886,1.1187489091823482e-05,1.413164766717578e-07,2.307897289037813e-05,1.7025205471837934e-08,8.356081470670882e-06,0.0001469381698578831,5.5703969083152626e-06,1.1295631702611694e-06
34,8.345675936440965e-06,0.000712385969448035,8.657993478224202e-05,0.9929869928301176,4.107144537297018e-05,0.00011251363677527697,4.77064507753977e-08,0.00032887236087685717,8.595519624366911e-06,0.004801628091920334,3.8703280160595947e-07,7.547596612743632e-06,5.107472171249145e-06,7.805461905490682e-05,3.327600358933223e-06,8.172101038081298e-05,0.0006086901595084644,1.4675227449699672e-05,1.352439258139437e-07,1.463993808972178e-05,1.6305458367450688e-08,9.923434525419554e-06,8.432965773517757e-05,3.845952789363609e-06,5.655778327861264e-07
35,8.664721285698284e-07,0.0007476043827252832,5.697691547323903e-05,0.9927325762749856,6.021361303937818e-05,7.10326589288463e-05,2.4247903597555432e-08,5.997111828470353e-05,6.972475932127555e-06,0.005329812436540793,1.2675882376510358e-07,3.895870028844167e-06,2.384015749166263e-06,0.00010156408402013812,5.7001561712769345e-06,8.71543469210885e-05,0.0005411147560943069,2.814292539161677e-06,6.63596368214087e-08,3.5567989556620294e-05,9.466319782616624e-09,2.636183498098867e-06,0.00014313232415579191,6.639997468801132e-06,1.1428030744603908e-06
36,4.206445616194009e-06,0.0009123093618120945,6.324745723502693e-05,0.9906757504302697,3.339382125887305e-05,0.00013119887122793524,4.708523480962754e-08,0.000405724986172892,9.205459412603048e-06,0.006677731775401463,2.8738993086773236e-07,9.486600711086e-06,3.874013354197942e-06,9.569229109865141e-05,4.361235772726678e-06,0.000139886824853627,0.0007115699854016311,1.0233242313795944e-05,1.4825326056656436e-07,1.717954402149797e-05,1.248495056740043e-08,1.2272778288102426e-05,7.819795084431031e-05,3.155993219487549e-06,8.2571833732701e-07
37,3.4747383044544967e-06,0.0008238352638475786,5.826423137616218e-05,0.9908715909408874,3.733315652348666e-05,0.0001438238682665173,4.033228707982059e-08,0.00032096732925746246,8.860385870358903e-06,0.006714154969060601,2.7634184813105064e-07,7.202566281105413e-06,3.0163025437035e-06,8.670029805361092e-05,4.4294780639447766e-06,0.00011446469243107548,0.0006662047938423648,9.28487110116365e-06,1.4680539451426353e-07,1.5935404081691365e-05,1.2936460359695537e-08,9.4022941338022e-06,9.639875122239772e-05,3.37804730585797e-06,8.012015549023349e-07
38,4.5590964301799895e-06,0.0006545798946107549,7.586969597605207e-05,0.9910236648603773,3.223489448413001e-05,0.00016781934797910328,5.3461508518567845e-08,0.00031080056474502355,7.4186241227339935e-06,0.006564344524088392,2.6151454195015473e-07,6.662216551066103e-06,4.1665332872603e-06,6.360204248751031e-05,4.249780802350478e-06,0.00015947500893056762,0.0007626738960395562,1.3095767472614673e-05,1.705190199434176e-07,2.0772442064285003e-05,1.5592406270487176e-08,8.218472668667678e-06,0.00011084602245119425,3.779377370779606e-06,6.658495836330205e-07
39,4.189298382155357e-06,0.0007996410838927231,6.888735681208339e-05,0.9913966877856913,4.106343367583844e-05,0.00012814226059835744,4.065928907077982e-08,0.00028232931937857995,9.341748816274381e-06,0.006279089701469605,2.872395399705217e-07,7.187094243008817e-06,3.487134818441686e-06,9.207789569690833e-05,3.846934904980461e-06,0.00010180807939656692,0.0006411437685650877,1.0489782716221277e-05,1.322653961939472e-07,1.6729904601668493e-05,1.4000099304491376e-08,8.70369566325074e-06,9.986130612371829e-05,4.04850645304398e-06,7.697437755683145e-07
40,2.5853717388676794e-06,0.0006255355934051556,4.466249721877786e-05,0.9919698034824728,2.8522247095708134e-05,0.00010934240230854329,3.3049417084568614e-08,0.00026417921295591697,7.869745781983043e-06,0.006224782313275907,1.904612812065194e-07,4.630407859197655e-06,2.7839519077054883e-06,6.716718060411886e-05,3.2372611940381766e-06,0.00010008421901120036,0.00042741278944946593,1.0174716967030514e-05,1.4369153163335605e-07,1.5092628205521213e-05,1.0460585573515562e-08,6.6275331606353066e-06,8.154450083671083e-05,3.077775627381804e-06,5.065061078168583e-07
41,3.949491547272942e-06,0.0007254933716978195,6.220825372547434e-05,0.9920753437000034,3.946157848319522e-05,0.00012671522501586058,3.7755125801944245e-08,0.00027297449165811124,8.743298260106148e-06,0.005792582716109874,2.655579285764589e-07,6.710756847786231e-06,3.1414665479116156e-06,8.042267367946699e-05,3.7390663693516802e-06,9.359745709931245e-05,0.0005769212139074902,9.606211830501361e-06,1.1925973490363152e-07,1.524977169151989e-05,1.176451765577875e-08,8.0897715088228e-06,9.03961069269153e-05,3.5388237668908562e-06,6.802160157582179e-07
42,4.2028968120185686e-06,0.0003754314153449776,0.0001436335444084509,0.9921389871327349,8.495464933446886e-05,8.308234012801507e-05,2.5806561244136885e-08,9.221064433354214e-05,1.4543240067070863e-05,0.006230385386312632,2.1726419285931092e-07,3.1290782354434067e-06,2.0424649145471582e-06,0.0001911392988013962,1.4227756019617304e-06,2.7046655379583314e-05,0.000288072473693911,2.3512490142800246e-05,4.4590185297865807e-08,1.8335977673301132e-05,2.0240595813989437e-08,1.3718330864592876e-06,0.00026793856727100866,7.732369326804994e-06,5.168648613512827e-07
43,4.701149223758804e-06,0.0008180368722898103,6.910688855750681e-05,0.9926536954700054,4.138148145203646e-05,0.00010612439460019467,4.2194697531352325e-08,0.000274561386445785,8.27841109630329e-06,0.005005331910885025,3.041232517299964e-07,8.247301301129043e-06,3.7628490740504537e-06,9.024183428674623e-05,3.3745923571357133e-06,9.553969045814375e-05,0.0006847962056730765,1.0640457663389523e-05,1.1916072563962181e-07,1.5434524319164368e-05,1.406649223307978e-08,8.5915397034003e-06,9.285874424775018e-05,4.0869650169238226e-06,7.277861760627007e-07
44,4.291859206529271e-06,0.0007969417797217539,6.956256374553957e-05,0.9913865261454002,4.0803524649425455e-05,0.00013219291061098917,4.2209005149470474e-08,0.0002997937721011221,9.258139724090423e-06,0.0062443353755221465,2.950733575213342e-07,7.477383967590743e-06,3.5195964330268452e-06,9.150069795013044e-05,3.8676362580503545e-06,0.00010579044597258728,0.000661900712393033,1.0716381712708256e-05,1.3422128557042248e-07,1.683997341684139e-05,1.4288634893458263e-08,8.970176358970124e-06,0.00010044988449603714,3.998290294031147e-06,7.769577817034258e-07
45,8.01939449438871e-06,0.0014722414097565585,0.00017628561335941242,0.9850817670913021,5.669952683413472e-05,0.00014431577196164804,4.1495393301890184e-08,0.00035536319793813125,1.2198333983119376e-05,0.010526858118694273,4.642448105805703e-07,1.2155788145282893e-05,4.800601370683458e-06,0.00021554195524419784,3.4023892946743002e-06,0.0001485426632177373,0.0015236406792033625,1.6741764054140968e-05,1.3142519761742053e-07,2.3981600937837702e-05,3.088370793714238e-08,1.1252538598849434e-05,0.0001953926163561525,8.507840502187638e-06,1.6230556416490594e-06
46,9.475206378912271e-07,0.0005829987508952149,0.000171745841566948,0.9178686382222572,6.713616265291523e-05,0.0002076425523217508,3.8804808899621716e-08,0.0002304670172988647,0.000200050305052179,0.07878587512183143,1.5597221050865343e-07,1.8827495158616861e-06,3.584230421017297e-06,0.0012812199756778988,5.103858739311865e-06,7.96046869505437e-05,4.667554485693927e-05,3.982982680893317e-05,2.2345488851016903e-07,0.0001310915730974039,3.494574446955374e-08,3.5277776108794788e-06,0.000271237827167748,1.8337315987162127e-05,1.9499609995828714e-06
47,6.042629773145505e-06,0.0011408110431990717,7.62889786670142e-05,0.9905309283355521,4.115620263944925e-05,0.00013333698032528353,5.0302270139714315e-08,0.0003595433433052282,9.604554872729264e-06,0.006436969255051524,3.608858629443173e-07,1.0941687064436393e-05,5.176552394253249e-06,9.071462645717033e-05,4.6169450481437785e-06,0.000151844562121888,0.0008690377520244752,1.0897625358293155e-05,1.5647163624151567e-07,1.943659332985032e-05,1.4136666703621644e-08,1.4479452653280848e-05,8.199895312697109e-05,4.633740531490283e-06,9.58390068152092e-07
48,4.539916286918031e-06,0.0005574045229700597,0.00013360572100720857,0.9906732451010591,6.769375117289607e-05,0.0001546987540828717,5.577582475724404e-08,0.00024454829507923907,1.7154104919821815e-05,0.00714065544753916,3.1452649459705223e-07,9.369384123691256e-06,5.109922515426949e-06,0.0001394832173089707,3.786822448979405e-06,0.000139605053852829,0.0004969592750500956,1.5902452723866057e-05,9.980038579385774e-08,4.206588124278353e-05,1.8637656898537488e-08,6.617010150706454e-06,0.0001357034416681165,1.0233470125636649e-05,1.1297143095861035e-06
49,4.3591591360476605e-06,0.0007921148494830724,7.100471576935344e-05,0.9914049618620422,4.1018430410147904e-05,0.00013442425975912503,4.270961430196791e-08,0.0003019950658073161,9.245886363245564e-06,0.006212117124897955,2.9798449183864416e-07,7.6162527502966514e-06,3.55646442205691e-06,9.154165415814842e-05,3.839834170960501e-06,0.00010687675914872317,0.0006716958146398877,1.0810547072346976e-05,1.3202052206401685e-07,1.710863817500172e-05,1.4359546949766582e-08,8.976619842976302e-06,0.00010144221881523325,4.026827072898916e-06,7.799418879234394e-07
50,4.2142873243286875e-06,0.0007980088536685352,6.853032309193813e-05,0.9912300016221282,4.0291694389022266e-05,0.00013372118745844363,4.2322631848384765e-08,0.0003065412332439365,9.414227435720905e-06,0.006407289403931722,2.93359393138187e-07,7.399013072010222e-06,3.4944508130618283e-06,9.274324985367989e-05,3.9306239167868284e-06,0.00010554128943425683,0.0006475251613240934,1.0698408820188584e-05,1.3698037967635348e-07,1.679513741545515e-05,1.4223054075150555e-08,9.122751204472462e-06,9.957578367808408e-05,3.895502060396288e-06,7.789102771159758e-07
51,6.338412788602018e-05,0.0008865581418063936,0.0025823746426010446,0.9352518547560417,0.0006313899037324085,0.004118958690508712,1.1613418247850768e-06,0.0005067028130118045,8.361167958581249e-05,0.02698335707207079,2.711765008502216e-06,8.180531242447978e-05,2.3942748469696854e-05,0.00019680995115451064,1.830651415907156e-05,0.00397201565320229,0.020499940995196864,8.361671783340594e-05,6.886014497879427e-07,0.0003027697272039214,3.704222371451525e-07,2.020261989687112e-05,0.003418140803840571,0.0002468128735418785,2.25121253116499e-05
52,6.691961515558334e-06,0.0014964892551433881,0.0001326283284671121,0.9917453844479227,9.589223992013441e-05,0.0001118012499517444,8.425177518182167e-08,0.00031302816620210587,1.0197371144826367e-05,0.003474076885433431,5.522838930055254e-07,2.6998487883873795e-05,4.45161280350851e-06,0.0001722450905784578,4.052302054533223e-06,0.0001287463554904845,0.0020630322798518186,7.301459143501967e-06,9.64106783148246e-08,1.7532869278091187e-05,2.9662369676797797e-08,1.1749818929606608e-05,0.00016555017206729245,9.077811108100445e-06,2.309226393767342e-06
53,4.590994404610824e-06,0.0007495545564248317,7.695799960642724e-05,0.9919127597379193,4.5989157762962324e-05,0.00015745626260527432,6.907818936267976e-08,0.0003901604242408615,1.0624455158852144e-05,0.005489482512680817,3.346154922582837e-07,1.062204652207895e-05,3.84098501159806e-06,0.0001055181266954524,4.193088704392421e-06,0.00013214692279623117,0.0007380049024839192,1.286599557328214e-05,1.355957959775038e-07,2.057431366862768e-05,1.7567146932191666e-08,9.507986960027555e-06,0.00011937894656960012,4.275013944785641e-06,9.387136417314852e-07
54,4.75845406365307e-06,0.00036646869007509424,5.252636874161175e-05,0.9955951077003707,3.2256095412873536e-05,0.00010479309204791803,3.333560312759149e-08,0.0001932449888827604,4.850423138574851e-06,0.002959537012394349,2.439736815497638e-07,3.6357431019028924e-06,2.8881522943068937e-06,4.038630505545383e-05,1.8215475189743535e-06,4.567387796872961e-05,0.00046536423486458737,1.2358003735901165e-05,9.309067931773123e-08,9.667207714714683e-06,1.2298030592784045e-08,4.388348111467398e-06,9.704113087577232e-05,2.600201919935936e-06,2.4972371627652907e-07
55,4.3639285921367545e-06,0.000772327709192962,6.968095779916201e-05,0.9918980399649857,4.231272711714355e-05,0.00012744116812517692,4.3923026246531524e-08,0.00029202767071918336,9.469976933595446e-06,0.005797790777566594,2.9746912163491437e-07,7.90650974215903e-06,3.6203844489882046e-06,9.193604934123545e-05,3.7278537377166213e-06,0.00010326727593506862,0.0006362404758004293,1.0900571362278181e-05,1.277730277731795e-07,1.7031043257187884e-05,1.4063838623273081e-08,8.815100748277516e-06,9.768143244563307e-05,4.163448912255636e-06,7.717442229927895e-07
56,4.4459746015470875e-06,0.0008030872800306487,7.012518487623277e-05,0.9914942081156347,4.133364919439819e-05,0.00013143998941937373,4.378775090378743e-08,0.00030161509237557185,9.40650007157074e-06,0.006133363829331959,3.0506489289835453e-07,7.619937267833138e-06,3.706595665098387e-06,9.23082538392746e-05,3.89110175096137e-06,0.00010413168952461095,0.0006571024657182728,1.0906522329052559e-05,1.372940569963643e-07,1.7061360616396243e-05,1.467609785671647e-08,9.273735270391173e-06,9.963689938143999e-05,4.058137075837605e-06,7.768632262274535e-07
57,4.031065315919074e-06,0.0009437761781349172,6.308730209271086e-05,0.991484935630282,3.8670540343308184e-05,0.00011426848304678345,4.790489085435078e-08,0.0002969094588581127,8.794979260255885e-06,0.0059851342339361496,3.033900643583466e-07,8.608230854259841e-06,4.530381372755707e-06,8.864740823135686e-05,4.181674865810856e-06,0.00012476804456080829,0.0006986883502595576,1.006632445715014e-05,1.7942743504105566e-07,1.782074367066973e-05,1.581436630693162e-08,1.0992805979535165e-05,8.636023459031056e-05,4.342714919526674e-06,8.386782117082329e-07
58,4.291491235347816e-06,0.0007995134062180043,7.321098562347104e-05,0.9916203859568444,4.692158791991726e-05,0.000129892632062933,4.6558847111697184e-08,0.000267358291595741,1.01616238588638e-05,0.006018866426778196,3.082549743858192e-07,7.817482854494228e-06,3.991481628724212e-06,9.505715560340862e-05,3.926480217925862e-06,0.00010882457999821303,0.000656434511925282,1.1096613331830163e-05,1.3938767607057653e-07,1.9639613482634328e-05,1.584079278474264e-08,8.826646562247848e-06,0.00010735735737303707,5.076287664242525e-06,8.393449308851785e-07
59,4.3119047547794984e-06,0.0008103630566103198,7.876524013414352e-05,0.9910861301849266,4.5790658622959055e-05,0.00013360886845228351,4.440641086223206e-08,0.0002717380162695698,1.0058291490650588e-05,0.006486133892979069,2.9822455739739355e-07,7.600755507757284e-06,3.853247535881613e-06,9.72731018696559e-05,3.864873287721139e-06,0.00011296718022007307,0.0006899624703415565,1.0960815739039627e-05,1.350108016308325e-07,1.9633162196428648e-05,1.6041717385806916e-08,8.569952326655701e-06,0.00011198038273866255,5.079902633838051e-06,8.603578750081004e-07
60,4.291859206529271e-06,0.0007969417797217539,6.956256374553957e-05,0.9913865261454002,4.0803524649425455e-05,0.00013219291061098917,4.2209005149470474e-08,0.0002997937721011221,9.258139724090423e-06,0.0062443353755221465,2.950733575213342e-07,7.477383967590743e-06,3.5195964330268452e-06,9.150069795013044e-05,3.8676362580503545e-06,0.00010579044597258728,0.000661900712393033,1.0716381712708256e-05,1.3422128557042248e-07,1.683997341684139e-05,1.4288634893458263e-08,8.970176358970124e-06,0.00010044988449603714,3.998290294031147e-06,7.769577817034258e-07
61,4.694662299691689e-06,0.0008129689543092028,8.576278490075088e-05,0.9909015380458018,4.761684681780586e-05,0.00013723365312659388,4.603031010354489e-08,0.0002856983764468025,1.0507430175142926e-05,0.00660880447633848,3.149817557061044e-07,7.922969158685834e-06,3.909414453634869e-06,0.0001018668008184828,3.8238470754291386e-06,0.00011296970365165404,0.0007118064356607356,1.157101965367825e-05,1.346866825698532e-07,1.956463958453421e-05,1.7085148043298357e-08,8.650399186488428e-06,0.00011638773826295184,5.297511867516458e-06,8.915065132929871e-07
62,4.291859206529271e-06,0.0007969417797217539,6.956256374553957e-05,0.9913865261454002,4.0803524649425455e-05,0.00013219291061098917,4.2209005149470474e-08,0.0002997937721011221,9.258139724090423e-06,0.0062443353755221465,2.950733575213342e-07,7.477383967590743e-06,3.5195964330268452e-06,9.150069795013044e-05,3.8676362580503545e-06,0.00010579044597258728,0.000661900712393033,1.0716381712708256e-05,1.3422128557042248e-07,1.683997341684139e-05,1.4288634893458263e-08,8.970176358970124e-06,0.00010044988449603714,3.998290294031147e-06,7.769577817034258e-07
63,4.198274258726127e-06,0.0008578491408160897,6.680162621214523e-05,0.9912255948311889,4.0925665594385575e-05,0.00012996425744695686,4.214701874029318e-08,0.0002977951813238426,9.297392056356636e-06,0.006333459562914318,2.973101671873959e-07,7.609459786117077e-06,3.5127276640619514e-06,9.175252238668295e-05,4.067748115714682e-06,0.00010810962133940292,0.0006785768931990786,1.0276750044437975e-05,1.4287496879108026e-07,1.6453570465791314e-05,1.4343205343425616e-08,9.371081617431015e-06,9.902688348641972e-05,4.048801678127779e-06,8.113330449121347e-07
64,4.668000410028112e-06,0.0008379996367941393,7.896882328724946e-05,0.9909047586039179,4.551614939317322e-05,0.00014029325716274446,4.932903163382772e-08,0.0003117895415420323,1.0007349832828858e-05,0.006521849632154758,3.318729812552745e-07,8.013791042776153e-06,3.896195446857028e-06,0.00010262481483556977,3.982077127601158e-06,0.00011204402043052613,0.0007492086721366206,1.2074388433357487e-05,1.5504427453293226e-07,1.8298181226003608e-05,1.8613993904359153e-08,9.380950914196216e-06,0.00011855805460887264,4.638288721040018e-06,8.747103003997105e-07
65,5.210992740557803e-06,0.0017655723179932506,0.00015687942008439732,0.9822503144536008,6.059227261137745e-05,0.00012033630552483138,4.809615968692891e-08,0.0003750006151759278,2.3558050407983313e-05,0.013788108371189706,3.559365146940264e-07,1.2976687273773539e-05,6.253910710806961e-06,0.0003042737950968234,4.865410629432834e-06,0.00017519540525754915,0.000748629011128801,1.2308968150538952e-05,1.3966854774458482e-07,3.828403754064687e-05,2.248385799575917e-08,1.4462974140269426e-05,0.00012401980206031894,1.0367934551120936e-05,2.223079050834216e-06
66,4.052252531966174e-06,0.0008182738671413425,6.528458922222094e-05,0.9914106770223483,4.231330418304338e-05,0.00013471350353217918,4.18618927131448e-08,0.00028457081903745775,9.416859129569807e-06,0.006176007036155668,2.906609526496317e-07,7.472945797936551e-06,3.1366492951016604e-06,9.278417972353522e-05,3.948916670577004e-06,0.0001026458998731122,0.000696114963947654,1.029574523962239e-05,1.400140321751903e-07,1.5276276811594006e-05,1.4785250748468625e-08,8.78074003831993e-06,0.00010879977938253091,4.1251553830713595e-06,8.221724270556898e-07
67,5.242230846070014e-06,0.0011606996385138085,5.2330402128359334e-05,0.9908034276358639,4.963915177877987e-05,0.0001473248704019093,5.135814033580503e-08,0.00040957990558830284,1.3147973037796771e-05,0.006323324709707191,4.097520343745869e-07,1.2065516470293633e-05,3.2007044690285456e-06,0.00010904713765665134,5.607230255950502e-06,9.94970617289661e-05,0.0006908498701438076,9.12277729473923e-06,1.8489586015351944e-07,1.0453802230619425e-05,1.3493345198427476e-08,1.726914398942898e-05,7.285913629191111e-05,3.5610519637513394e-06,1.090550258613179e-06
68,1.0820209017838791e-05,0.00145316746008116,4.374332495658179e-05,0.9919754373101167,3.375443702090999e-05,0.00010378456331666249,7.716124479246932e-08,0.0008551689981008054,4.226674711358787e-06,0.0036644836312145048,7.58561676860534e-07,1.3017780931738457e-05,5.36099589446736e-06,5.8516431754912747e-05,6.558340921166734e-06,0.00016393504577705525,0.0014940588568306242,1.4459629787719572e-05,3.9187903971943733e-07,8.12720990012292e-06,2.8033074253530405e-08,2.521349310585366e-05,6.222427747192568e-05,1.999999269353457e-06,6.856947829720983e-07
69,4.33630749454653e-06,0.0008207674275127496,6.397842442335864e-05,0.991852731985242,4.065895526287439e-05,0.00012637899391784843,4.0655954233320455e-08,0.00028088123275988685,8.778614983121737e-06,0.0057977450989638276,2.8887231399812413e-07,7.387604238381304e-06,3.3728347451341525e-06,8.290637826005146e-05,3.858438623386079e-06,0.00010006902227550886,0.0006737175796701054,9.786602180788472e-06,1.3330492116183511e-07,1.4786402495976883e-05,1.3209006287265869e-08,9.071275891540131e-06,9.373218093165386e-05,3.836568731526907e-06,7.420292000891438e-07
70,4.103672761364277e-06,0.0007461601152963058,6.654767683963552e-05,0.99197011052112,4.0261355358122905e-05,0.00012607550716009256,4.0461578043658626e-08,0.0002841382877079809,8.960218466216194e-06,0.005808785684328454,2.82067404492805e-07,7.097425373828483e-06,3.375932478648996e-06,8.842795413830883e-05,3.6787158066771105e-06,9.539181125398392e-05,0.0006104838958591824,1.0213760679850715e-05,1.2303929145158266e-07,1.6135705492141236e-05,1.3319791744438663e-08,8.37648974621058e-06,9.673253573245602e-05,3.7636023054670765e-06,7.202440292062236e-07
