,0,1,2,3,4,5,6,7,8,9,10,11,12,13,14,15,16,17,18,19,20,21,22,23,24
0,0.9824260303820336,0.0001164738068383411,0.00015462973653491857,6.88350027623494e-10,1.8882440779372938e-05,1.4235255577769943e-05,1.9347185600298098e-07,1.4996041061034755e-10,0.015485255657136016,1.5337111958058897e-09,1.4928740556692902e-07,6.35486546537366e-08,1.095436320869874e-07,6.238756043600972e-10,4.279945228948494e-07,2.7279717845828222e-09,1.9471567312520643e-06,0.00010836082168467097,0.001583063264070133,6.886832577240928e-10,1.0239037558762617e-07,5.891635945905027e-08,2.0391153758395644e-09,3.621121570589208e-05,5.379665843454471e-05
1,0.9857323480172933,0.00010033593968413075,0.00019817441002837686,6.279529692672641e-10,1.0711479791367182e-05,1.0351911797404242e-05,2.0138729830538065e-07,1.346888536805825e-10,0.012586395584086743,2.0579560152142145e-09,7.405148805676274e-08,5.4483756660240975e-08,7.36127743962761e-08,3.904175075588051e-10,2.6528881607204064e-07,2.387891949126942e-09,8.489062228729613e-07,8.95871019593541e-05,0.0012002242630202652,4.966698777650352e-10,7.610214631847277e-08,3.442959825124252e-08,1.4506669928134937e-09,2.9119277614350836e-05,4.1116206379729215e-05
2,0.9881994698572006,0.00011705588358881476,0.00013485217976358588,5.37849882170845e-10,2.128236935015362e-05,8.263779259171724e-06,2.3300561281149275e-07,1.1025319999832729e-10,0.010556134716704198,1.5874610589040568e-09,9.801327317887936e-08,5.727736697664431e-08,7.597024565052322e-08,6.774851223718835e-10,4.139858960561667e-07,1.7412701811905082e-09,1.210291391206607e-06,8.464630488776631e-05,0.0007793513880352317,6.368124809223283e-10,6.187843908465242e-08,3.6055272037547496e-08,2.0663880599054727e-09,1.930338106724625e-05,7.744630512612953e-05
3,0.9873588958328817,0.00011977221086998955,0.00017094952990934234,8.56485050374234e-10,1.432919672426171e-05,1.084065216801987e-05,2.2025197123633374e-07,1.2707453804096917e-10,0.011074469050274281,1.9880052003147217e-09,1.2247039793001996e-07,6.860476849511863e-08,7.917772684480011e-08,7.122954603954441e-10,2.9610255650932273e-07,1.887087930087086e-09,1.4351618970533385e-06,0.0001084631684669491,0.0010458790244233167,5.795793682496605e-10,9.057801024550217e-08,4.908257241486797e-08,2.5928609912573283e-09,3.109478877916381e-05,6.293637221338247e-05
4,0.9873325520655506,0.00012014819207059183,0.000159908841584506,9.107238930265957e-10,1.4724852715319137e-05,1.0469685122331207e-05,2.2063780771715514e-07,1.2849096373642647e-10,0.011087756574816835,1.976727044947166e-09,1.2444920856227944e-07,7.720005019949132e-08,9.617766710596709e-08,7.706250804753826e-10,2.8889999384681105e-07,1.9015562621999924e-09,1.659760130639218e-06,0.00011205739453910056,0.0010621111653796628,6.391471174954088e-10,9.580150969124356e-08,5.3790059754269296e-08,2.7539353255472568e-09,3.246891413112743e-05,6.517651645690787e-05
5,0.9889663472402789,0.00010354127523173403,0.00015085358900941224,1.0670750369492622e-09,1.0665977303658912e-05,9.485111089712494e-06,1.851545016656791e-07,1.1039133909156195e-10,0.009695294613968225,1.9793321531760785e-09,1.1036840259812765e-07,7.582402708699752e-08,8.377731352148237e-08,7.867717995897268e-10,2.1720780641982037e-07,1.5819337044863878e-09,1.5514858442759322e-06,0.00014011166354711214,0.0008254168128372335,5.632645399009295e-10,9.06458202262702e-08,5.279964002802194e-08,2.6429900566709393e-09,3.2589386571756176e-05,6.331833504769485e-05
6,0.9873588958328817,0.00011977221086998955,0.00017094952990934234,8.56485050374234e-10,1.432919672426171e-05,1.084065216801987e-05,2.2025197123633374e-07,1.2707453804096917e-10,0.011074469050274281,1.9880052003147217e-09,1.2247039793001996e-07,6.860476849511863e-08,7.917772684480011e-08,7.122954603954441e-10,2.9610255650932273e-07,1.887087930087086e-09,1.4351618970533385e-06,0.0001084631684669491,0.0010458790244233167,5.795793682496605e-10,9.057801024550217e-08,4.908257241486797e-08,2.5928609912573283e-09,3.109478877916381e-05,6.293637221338247e-05
7,0.9022871322076971,0.0006365802634378512,0.00016380206936467498,7.947029855992118e-09,8.891823175890289e-05,4.83593442070353e-05,8.119815230243032e-07,5.634108234951131e-10,0.09261504794500258,6.2740120975963415e-09,8.066474272012256e-07,4.943394450678679e-07,3.063181717906328e-07,7.286517617364966e-09,6.300909132183894e-06,2.0952216347083077e-08,1.8158673834657625e-05,0.0005383307095026599,0.0030789078974951937,3.9540803779896654e-09,1.3199519393252483e-06,1.526484262870139e-06,1.4328441637313192e-08,7.23208147911327e-05,0.00044081390529806966
8,0.9943610808680958,0.00014215738809765502,0.0002169664865449832,8.552864931213179e-10,8.940942321317055e-06,6.2284962479231035e-06,2.2416511033021786e-07,7.7218012285809e-11,0.0045798091229288075,2.5949740113202333e-09,6.845094516279986e-08,4.6563205769832367e-08,3.555368687187729e-08,5.400079771898312e-10,8.810452985208335e-08,7.595599076649988e-10,4.53662402303038e-07,4.744080923641674e-05,0.000566480245862646,3.974395873939324e-10,4.037765494797861e-08,1.2768179099847329e-08,3.460624595085599e-09,2.63750477755336e-05,4.354226206409785e-05
9,0.9874979936860301,0.0001903263091624157,0.0003418125079645257,1.9244352562691433e-09,1.1297156899704255e-05,1.1432030223107854e-05,3.4867677267518157e-07,1.279107330995554e-10,0.010826312421683535,4.656869067992987e-09,9.392377475716647e-08,9.685759937638148e-08,7.822109271504218e-08,6.858005159217291e-10,2.006215374405964e-07,1.9472754598078244e-09,9.752553024693273e-07,9.355993976059622e-05,0.0009075595176099324,8.165346075985183e-10,1.4389131155684962e-07,3.863028180175018e-08,5.059166972010951e-09,4.862561518648218e-05,6.908951981395702e-05
10,0.9873588958328817,0.00011977221086998955,0.00017094952990934234,8.56485050374234e-10,1.432919672426171e-05,1.084065216801987e-05,2.2025197123633374e-07,1.2707453804096917e-10,0.011074469050274281,1.9880052003147217e-09,1.2247039793001996e-07,6.860476849511863e-08,7.917772684480011e-08,7.122954603954441e-10,2.9610255650932273e-07,1.887087930087086e-09,1.4351618970533385e-06,0.0001084631684669491,0.0010458790244233167,5.795793682496605e-10,9.057801024550217e-08,4.908257241486797e-08,2.5928609912573283e-09,3.109478877916381e-05,6.293637221338247e-05
11,0.9874334519838235,0.00011907715813954121,0.00016859330544100282,8.836986528239429e-10,1.4609182713966051e-05,1.0724123882448558e-05,2.2207191854980956e-07,1.296513284720215e-10,0.010972415906610907,2.0216035007683395e-09,1.235866829440865e-07,7.33367384054565e-08,9.21085566138015e-08,7.233071595552823e-10,2.8715560783817355e-07,1.941002197183744e-09,1.5284800568429559e-06,0.00010811450439598344,0.0010750665836727548,6.328635828762252e-10,9.254786437569696e-08,4.973521854752225e-08,2.706163297818879e-09,3.3105029580864094e-05,6.236416080510048e-05
12,0.9936205829308751,0.00014704745321240356,4.492931163078684e-05,5.961571521159645e-10,2.4677765264338593e-05,1.0196908516120833e-05,8.180504856704049e-08,2.4123318736690604e-11,0.0055720604162368586,1.8929170116679582e-09,3.7715725898083464e-08,2.2914620276299486e-08,7.624407331562437e-08,2.309519813011532e-09,9.684438673776988e-08,6.259776209386573e-10,4.840796111866417e-06,0.00016104297749118703,0.00023996862243798312,7.854699414216379e-10,7.016971681442407e-08,2.4417515856647676e-08,2.6865274779639877e-09,8.145514396324802e-06,0.0001660882720468863
13,0.9805731482160391,0.00018708508503395904,0.0002810188515242628,2.6134828407716067e-09,2.765070777503217e-05,1.7199092489088944e-05,5.500478264744467e-07,4.2703138674002947e-10,0.01661649664544734,2.448714170580345e-09,8.422481607126437e-07,2.50655980255213e-07,1.339530215463663e-07,2.4144568116035455e-09,7.559967788228232e-07,3.538544970711471e-09,2.9091521759837003e-06,0.00015767224432140887,0.0019591008394778393,9.982696730479933e-10,2.0937650492166103e-07,1.779021509023018e-07,9.908092233452762e-09,7.668356869086423e-05,9.809306800899776e-05
14,0.9885678655505249,0.0006764981123842631,5.395367995527197e-05,1.0576682107329993e-09,3.7176405196634964e-05,1.0530353049600348e-05,2.8376162591647283e-07,1.5088897127754752e-10,0.008659481929908407,4.756464136427255e-09,2.3674717274918781e-07,5.2474536398733616e-08,3.443803886262429e-08,3.001865130891961e-09,2.194711447736043e-07,1.8708971439506463e-09,9.729528234230448e-07,7.008861173722316e-05,0.0018398164138601837,9.511836495860436e-10,3.964070910380549e-08,3.724278713872987e-08,6.077113453384822e-09,3.5692014837654166e-05,4.700233362677218e-05
15,0.9873588958328817,0.00011977221086998955,0.00017094952990934234,8.56485050374234e-10,1.432919672426171e-05,1.084065216801987e-05,2.2025197123633374e-07,1.2707453804096917e-10,0.011074469050274281,1.9880052003147217e-09,1.2247039793001996e-07,6.860476849511863e-08,7.917772684480011e-08,7.122954603954441e-10,2.9610255650932273e-07,1.887087930087086e-09,1.4351618970533385e-06,0.0001084631684669491,0.0010458790244233167,5.795793682496605e-10,9.057801024550217e-08,4.908257241486797e-08,2.5928609912573283e-09,3.109478877916381e-05,6.293637221338247e-05
16,0.9849322889204692,0.0001478333713272412,0.00018700224723018242,1.2086429055506745e-09,1.554179900682376e-05,1.1342602318987173e-05,3.024264867507524e-07,1.840726121036283e-10,0.013195040464909682,2.9833219935517274e-09,1.35349122359019e-07,1.1284876883130949e-07,1.0313113171177921e-07,1.0183649828736968e-09,3.8748761342206557e-07,2.70694063305104e-09,1.7720266068242885e-06,0.00013439672984448864,0.0012582648156346714,8.021183782722043e-10,1.4942198315629933e-07,8.048572244758386e-08,3.4981801941542444e-09,3.503786099342212e-05,8.019560918789768e-05
17,0.9874572629237562,0.00013362615718475517,0.00016002810653340636,1.0408075600121415e-09,1.6327087674062683e-05,1.0670154367109327e-05,2.446202368573154e-07,1.3654547353197547e-10,0.01094335195671977,2.215860097839154e-09,1.4607672348687016e-07,8.766497162333769e-08,9.580195072675942e-08,9.80958545895161e-10,3.166762608096283e-07,1.9526580887832687e-09,1.96733547694158e-06,0.00012494930271316306,0.001039783016147038,6.992639457459842e-10,1.1065405541887665e-07,6.548516686566395e-08,3.446554623745577e-09,3.2446660800267126e-05,7.850984661303443e-05
18,0.9897455389468229,9.870924958848338e-05,0.00012093577553639473,8.303839531760562e-10,1.6692746019136114e-05,8.990833939034258e-06,2.0030629776000549e-07,8.360168871320101e-11,0.009124365231138411,2.1582733267951073e-09,8.16484578239679e-08,7.998741665877723e-08,1.2293050600064884e-07,1.1676499979029406e-09,2.658486302846975e-07,1.5724567008230757e-09,2.74426568464187e-06,0.00016242702316735539,0.0005717891260603817,7.781887241075905e-10,1.183347809047482e-07,5.942174114353099e-08,2.990468946238575e-09,1.954342982061841e-05,0.00012732531336860458
19,0.9814716343422036,0.0001632304796502441,0.0002720198997477663,1.599382749283864e-09,1.5377063304809195e-05,9.417148835922917e-06,4.868264805820867e-07,2.2262543521859147e-10,0.016614172894183286,3.0310199679612163e-09,1.4544782295063787e-07,1.8176147560350207e-07,1.198016030416006e-07,9.003934821567594e-10,4.723373710332843e-07,3.1091811031990016e-09,1.4898515787691104e-06,0.00011807146655527197,0.0012089187293897901,7.550198776743936e-10,1.637305193519527e-07,9.309351083254892e-08,3.5958981357032094e-09,3.630268495860093e-05,8.768922728788232e-05
20,0.9788528181607082,0.00013792736262989558,0.0002687030452438376,1.6203434200407512e-09,1.635263887273183e-05,1.3525864838515675e-05,4.1333093616837725e-07,3.9769257784603587e-10,0.018669619501389092,2.722801618506609e-09,2.623547529302344e-07,1.6836790421739745e-07,1.1382166536312223e-07,1.0784233483453312e-09,1.045944547207801e-06,4.651232422127614e-09,2.0765366930155286e-06,0.00017241727724237824,0.0017341853157826826,8.65970419172504e-10,1.7160969812640903e-07,1.706609057376699e-07,3.4371403669978284e-09,4.009187590601484e-05,8.992155667972424e-05
21,0.9857491887855017,0.00014519814293660678,0.00015889137855899945,1.0816147730858534e-09,1.1275100878106276e-05,8.847895940511305e-06,2.699324409639593e-07,1.976037575488622e-10,0.012588325947020362,2.880063860464983e-09,9.785643627388284e-08,9.039795465817133e-08,7.091209529211572e-08,8.569719588844381e-10,2.5326718663698413e-07,2.929492496584278e-09,9.235097524021473e-07,0.00012232380419377678,0.0011391239649566874,5.912633921941543e-10,9.769210993713826e-08,5.3316057516240595e-08,1.864794429901032e-09,3.010388453450044e-05,4.485380964027139e-05
22,0.9913252940658949,5.619479297260455e-05,0.0001285895164550289,5.380800327704347e-10,9.186665073792711e-06,9.740869173740388e-06,9.248017465923238e-08,9.323277434359115e-11,0.007572138609339196,1.179564399687404e-09,9.793187441139976e-08,3.248043272275135e-08,5.9527179377319345e-08,4.873326791242935e-10,2.0418883643911008e-07,1.4250901257676647e-09,1.6586476922708255e-06,0.00014501428505844514,0.0006837077893177345,4.164966450878028e-10,5.679438969671158e-08,4.180584235426441e-08,1.422518764698084e-09,2.3115300077870746e-05,4.4768687899542405e-05
23,0.9873588958328817,0.00011977221086998955,0.00017094952990934234,8.56485050374234e-10,1.432919672426171e-05,1.084065216801987e-05,2.2025197123633374e-07,1.2707453804096917e-10,0.011074469050274281,1.9880052003147217e-09,1.2247039793001996e-07,6.860476849511863e-08,7.917772684480011e-08,7.122954603954441e-10,2.9610255650932273e-07,1.887087930087086e-09,1.4351618970533385e-06,0.0001084631684669491,0.0010458790244233167,5.795793682496605e-10,9.057801024550217e-08,4.908257241486797e-08,2.5928609912573283e-09,3.109478877916381e-05,6.293637221338247e-05
24,0.9898151787506564,0.00016197876461330592,0.00011787141175831907,9.817592737045286e-10,1.21640048790267e-05,8.978297479575305e-06,1.751666968769072e-07,1.1454219328742273e-10,0.008691373265786397,2.357703936576055e-09,1.0011326099308303e-07,6.192388775301649e-08,6.722176400686222e-08,9.491696416566856e-10,1.8241219939955268e-07,1.5886728401403594e-09,1.4102917716896227e-06,0.00010575516656465239,0.0010042428436122938,6.157494465400832e-10,7.238377604485844e-08,4.5152038693734005e-08,2.7115646127730744e-09,2.9571154796665952e-05,5.0762355295975684e-05
25,0.9839662991133752,0.00019433345430546408,0.00020999613218916546,2.0317567516520023e-09,1.992237158616704e-05,1.541522872858678e-05,3.9344624274037265e-07,4.597053493212051e-10,0.013314652905115782,2.5175613194034798e-09,6.350034056477877e-07,1.3892431495587619e-07,6.9506002078081e-08,2.1686003516661596e-09,4.617370622351178e-07,3.2830569499249146e-09,1.757353716584837e-06,0.00014309660295066848,0.0020214489109915924,6.879346127227847e-10,1.2366303881493254e-07,1.1834045006455215e-07,5.715926966797843e-09,5.97760093691944e-05,5.134443261305319e-05
26,0.8147111543231668,0.0028671791153266468,0.000832725926424266,2.8689581930186823e-08,0.0002297427555602087,5.8017997658748735e-05,3.4924192766762845e-05,2.7144827591394976e-08,0.1683370023408506,5.358806481432425e-08,2.9850493229202752e-06,8.227323091704423e-06,2.772640752505683e-07,1.0253166218800747e-07,0.0002110594352239444,1.7092353210864248e-07,9.822241905623327e-06,0.0005496612832744242,0.009082503926121133,6.575197610464795e-09,3.7380568176724016e-06,9.954011222345947e-06,2.930635175540599e-08,1.685365058640387e-05,0.003033752347386683
27,0.9837922509060019,0.00012562451406553525,0.00017797689672630662,1.1083365203232904e-09,1.4370947664294219e-05,1.203321011997705e-05,2.437013121008484e-07,1.8406583528398333e-10,0.014326968660200601,2.0671294824834305e-09,1.6935726066301315e-07,9.113731153346235e-08,8.817637068406427e-08,8.569294101283745e-10,4.634876633893358e-07,2.599421251185699e-09,1.8306523142658848e-06,0.0001434201870100637,0.0013003870649712698,6.474944275943884e-10,1.1531577592550772e-07,9.089054069908916e-08,2.7539798962904788e-09,3.6071112271780686e-05,6.77935650622883e-05
28,0.9873588958328817,0.00011977221086998955,0.00017094952990934234,8.56485050374234e-10,1.432919672426171e-05,1.084065216801987e-05,2.2025197123633374e-07,1.2707453804096917e-10,0.011074469050274281,1.9880052003147217e-09,1.2247039793001996e-07,6.860476849511863e-08,7.917772684480011e-08,7.122954603954441e-10,2.9610255650932273e-07,1.887087930087086e-09,1.4351618970533385e-06,0.0001084631684669491,0.0010458790244233167,5.795793682496605e-10,9.057801024550217e-08,4.908257241486797e-08,2.5928609912573283e-09,3.109478877916381e-05,6.293637221338247e-05
29,0.9873588958328817,0.00011977221086998955,0.00017094952990934234,8.56485050374234e-10,1.432919672426171e-05,1.084065216801987e-05,2.2025197123633374e-07,1.2707453804096917e-10,0.011074469050274281,1.9880052003147217e-09,1.2247039793001996e-07,6.860476849511863e-08,7.917772684480011e-08,7.122954603954441e-10,2.9610255650932273e-07,1.887087930087086e-09,1.4351618970533385e-06,0.0001084631684669491,0.0010458790244233167,5.795793682496605e-10,9.057801024550217e-08,4.908257241486797e-08,2.5928609912573283e-09,3.109478877916381e-05,6.293637221338247e-05
30,0.9873588958328817,0.00011977221086998955,0.00017094952990934234,8.56485050374234e-10,1.432919672426171e-05,1.084065216801987e-05,2.2025197123633374e-07,1.2707453804096917e-10,0.011074469050274281,1.9880052003147217e-09,1.2247039793001996e-07,6.860476849511863e-08,7.917772684480011e-08,7.122954603954441e-10,2.9610255650932273e-07,1.887087930087086e-09,1.4351618970533385e-06,0.0001084631684669491,0.0010458790244233167,5.795793682496605e-10,9.057801024550217e-08,4.908257241486797e-08,2.5928609912573283e-09,3.109478877916381e-05,6.293637221338247e-05
31,0.9947176164994886,7.185182240773181e-05,0.00015659139698258982,4.4022474847095795e-10,5.80886660532147e-06,4.97327883151893e-06,1.2831425433739838e-07,9.04981696441759e-11,0.004323624896206121,1.5341218917413678e-09,4.8241691782583395e-08,3.272864332499214e-08,3.753755897155865e-08,3.500411165757964e-10,8.68733122869202e-08,7.620637728603768e-10,4.961918803918026e-07,6.25841142881099e-05,0.0006104441493967548,2.8282344571602936e-10,3.140869091767263e-08,1.402295429760875e-08,1.2555759792828423e-09,1.679804372603609e-05,2.882689773192527e-05
32,0.9876452088752146,0.00011642476807130492,0.00016157032863370183,7.787947027291529e-10,1.3407548053375886e-05,1.0810370561561179e-05,2.026725548423202e-07,1.301023822004673e-10,0.010677781369797986,1.917983691787433e-09,1.2028205851161943e-07,6.511505761837014e-08,7.877707886416457e-08,6.686933956918334e-10,2.807524783378646e-07,1.8648595042066696e-09,1.3792580919553354e-06,0.00010307430092260337,0.0011820363936868672,5.589001732271569e-10,8.408491211853817e-08,4.796914236639894e-08,2.439969569627989e-09,3.229831287620018e-05,5.512046150379743e-05
33,0.9845803488422742,0.0002464672735118284,0.00011859263295106392,2.8028301572507277e-09,2.112936981146548e-05,3.1641333345936165e-05,1.9167311688479828e-07,3.2889691275792166e-10,0.011103174661492956,5.8930370051037875e-09,5.108573977854843e-07,1.1532376201028678e-07,2.1464159752125184e-07,4.016148754149785e-09,2.682133049761981e-07,5.197536295901959e-09,8.558805628465178e-06,0.00025644267910291665,0.0034551732137094314,1.9311589115597012e-09,2.2137003501162375e-07,2.4186127917186696e-07,1.2073161932118148e-08,0.00011369490847420548,6.298009643445611e-05
34,0.9684795920887836,0.0008799154775277723,0.0009760797561797385,1.1449140041418431e-07,0.00020545665178447545,0.0001521078593882937,5.342690119249019e-06,1.458512817273898e-09,0.02156600895078279,2.1758838906683875e-07,2.1288528166012375e-06,1.1606636902768709e-06,7.144232862935846e-07,8.216507993491495e-08,4.275872617455903e-06,4.2922047951116234e-08,8.303243015998286e-05,0.001898180479990746,0.000902825868396794,4.1469876589458546e-08,5.828754287372208e-06,2.354791111108378e-06,7.051283180066563e-07,0.00017960888180852192,0.004654180283643965
35,0.9821248484487427,0.00025308580674482937,0.00024353996494693112,1.5086778819608197e-09,3.722500355583177e-05,2.6040348862082632e-05,4.03141022252545e-07,1.9436092373401062e-10,0.01503309397445802,3.832825834998262e-09,3.254302664260356e-07,9.793464470941855e-08,1.286007998788124e-07,1.5940182082283352e-09,7.399097697064568e-07,3.537653064753431e-09,3.176043856117546e-06,0.00010836942635774973,0.001989444265196309,1.37202148872166e-09,1.7559657229854414e-07,9.163298184222465e-08,8.61053751810443e-09,5.736866608305211e-05,0.00012182515504442105
36,0.9867000877167873,9.148259701340814e-05,0.00013349319093099204,6.799590226280816e-10,9.672770158716691e-06,4.554053579006802e-06,2.787342896001116e-07,3.1902604207545827e-10,0.011312553833257277,1.3133511696901533e-09,1.1924106532497353e-07,1.773958087432181e-07,1.274305522274544e-07,6.558388662833134e-10,5.031977571067684e-07,2.9140920090769755e-09,1.5918024056309352e-06,0.00010258976824148498,0.0015702348510945364,5.014575105536084e-10,7.501305971088397e-08,1.1903133340098818e-07,1.2471197225551292e-09,1.9647961927873618e-05,5.2683779893356814e-05
37,0.9913211176142536,8.736876835241339e-05,0.00015286149925966975,6.528810187980949e-10,8.527083535263852e-06,6.897461683754135e-06,1.5615058466801815e-07,7.741089247146774e-11,0.007504603649191704,1.5894364188553791e-09,7.777897482437729e-08,5.318187881218047e-08,6.172799528623124e-08,4.38060905629033e-10,1.3243269978503133e-07,1.0829071144080075e-09,8.806310324872623e-07,8.813780687371682e-05,0.0007566420452481634,3.953125631417298e-10,5.890421356625778e-08,2.862802699080744e-08,2.0039861229251467e-09,3.063002121570728e-05,4.1758374984352864e-05
38,0.9901734048313614,7.53129724041861e-05,0.00016052386056361945,3.587370158478678e-10,1.2649235806264586e-05,1.0925087024166036e-05,1.7053459838055214e-07,8.192940881494536e-11,0.00859702199238009,1.4250818923702653e-09,6.913605860491632e-08,2.991099080750518e-08,4.8610703961643684e-08,3.601071587575852e-10,2.3215227876998413e-07,1.4864341128934134e-09,5.796356280377024e-07,6.538190750833397e-05,0.0008402805317469041,3.2755667292260866e-10,3.7745157014972696e-08,1.6739842032014582e-08,1.2440048275578388e-09,2.1688793472592457e-05,4.1621038623706386e-05
39,0.9834486022768942,5.7707777247299353e-05,0.0003578021446607958,9.58073719383226e-10,1.1792208956865853e-05,2.8320329176946477e-05,1.877220720484684e-07,2.3197721088527236e-10,0.014086356256404423,2.4284417720299233e-09,1.346391312764707e-07,6.649587775332635e-08,1.845224978975771e-07,4.918420635598888e-10,4.283484706543351e-07,3.947325458893692e-09,2.7920208756910054e-06,0.00016713292543583534,0.00172798943289797,7.724597403325951e-10,2.1216896097214695e-07,6.789835007343563e-08,2.4341754542528174e-09,4.721407085032047e-05,6.299749694347459e-05
40,0.9864052518911929,0.00012173876453478205,0.00024404880828580704,6.67893341348671e-10,1.7156335264274194e-05,8.945260942256995e-06,3.695001220225308e-07,1.435687776842193e-10,0.012164135126218244,1.7559493022475849e-09,1.0186437174221961e-07,8.13063872904895e-08,6.954888742113877e-08,6.399093661451521e-10,4.844432229618184e-07,1.6669739499136027e-09,9.200958275763307e-07,7.548519963527272e-05,0.0008573170621470509,4.708413343491308e-10,7.298366030032426e-08,3.905541870684289e-08,2.1310605036986335e-09,1.8924343548398223e-05,8.485093413655664e-05
41,0.9872388462476803,0.00010867028729861867,0.00016319902703826043,7.021910632577954e-10,1.5505688412784827e-05,9.889675260138392e-06,2.124576121956025e-07,1.1231081962671122e-10,0.0113914852894472,1.6043789219161425e-09,1.0824127818992912e-07,5.864404250949521e-08,7.422408485379897e-08,5.850262806603102e-10,3.0025999814397465e-07,1.822656060406177e-09,1.2084702462523627e-06,9.536188661503377e-05,0.0008894471453483687,5.166187197495607e-10,7.323873177223592e-08,3.836139917796705e-08,2.0292603244961583e-09,2.6610706819434956e-05,5.8902776244545455e-05
42,0.975509401799736,0.0001212165187078206,0.0003014296508741371,1.7505983436865612e-09,9.880881089990082e-06,1.9444786583931394e-05,2.9961396421991326e-07,5.476384065968463e-10,0.019569958699959346,3.904835472781258e-09,2.3526203032057898e-07,1.8801462785330065e-07,1.9017926103520726e-07,7.469628484912774e-10,7.936700977527386e-07,7.752069610270274e-09,2.75134528478646e-06,0.00018851689681169742,0.004144440062809211,1.0742850596722906e-09,2.6549576489164324e-07,2.3544754990621864e-07,3.3931523265493315e-09,7.573319344069608e-05,5.499931186442414e-05
43,0.989283241995761,0.00010367358500528995,0.0001411251351806362,6.422661031832334e-10,1.3645564483191697e-05,7.100297647116054e-06,2.0186439525820163e-07,9.299303723459757e-11,0.00952005960187318,1.0788629559688752e-09,1.1720737371400779e-07,6.159239525907015e-08,5.884034863512342e-08,5.432686499423374e-10,2.5148666748253616e-07,1.2009759691603802e-09,1.0402230452922423e-06,7.993267665082685e-05,0.0007709316438955836,3.6938801030622467e-10,5.3740304648025456e-08,3.374606972326631e-08,1.8707080210189388e-09,2.357045690354473e-05,5.489454353702834e-05
44,0.9873588958328817,0.00011977221086998955,0.00017094952990934234,8.56485050374234e-10,1.432919672426171e-05,1.084065216801987e-05,2.2025197123633374e-07,1.2707453804096917e-10,0.011074469050274281,1.9880052003147217e-09,1.2247039793001996e-07,6.860476849511863e-08,7.917772684480011e-08,7.122954603954441e-10,2.9610255650932273e-07,1.887087930087086e-09,1.4351618970533385e-06,0.0001084631684669491,0.0010458790244233167,5.795793682496605e-10,9.057801024550217e-08,4.908257241486797e-08,2.5928609912573283e-09,3.109478877916381e-05,6.293637221338247e-05
45,0.9802168684576433,7.859790551611762e-05,0.00029106505923091885,8.408834554219306e-10,1.5090974246654346e-05,1.5995609158938636e-05,3.063378428437055e-07,3.5810939473286736e-10,0.017411373510499508,1.5826748779060433e-09,2.5139413351837367e-07,7.787811299228942e-08,8.384159721411465e-08,4.4681694561869367e-10,1.1035643341935402e-06,5.367180014897147e-09,1.079042369827519e-06,0.00011643349034463095,0.0017635146550376074,5.360863538405467e-10,7.323293333450014e-08,7.705004550994295e-08,1.5376184501959293e-09,3.8545855237739715e-05,4.945147234553577e-05
46,0.9873516834440347,0.00011905681878610453,0.00017061319466701424,9.086154331618114e-10,1.432200515963476e-05,1.1507991157957609e-05,2.1133228266081203e-07,1.2976785519923445e-10,0.011021059735958667,2.026453321849018e-09,1.2989857437679091e-07,7.036188027607453e-08,8.670990211589278e-08,7.446279382477621e-10,3.015104097748251e-07,1.9615807816816196e-09,1.6767890703750138e-06,0.00011483367169636367,0.0010963550338237377,6.222275696152225e-10,9.72206258243212e-08,5.4680728944276946e-08,2.7777310715894185e-09,3.313878520973235e-05,6.4791645027599e-05
47,0.988223820538226,9.554445467793459e-05,0.00014994933819174444,7.126630649243247e-10,1.1562621720930918e-05,7.905820618718643e-06,1.9453199982500494e-07,1.0612272073396742e-10,0.010405557304280591,1.7235211942185845e-09,8.145535886865914e-08,7.62839195283856e-08,9.575384483406172e-08,5.508003221887219e-10,2.5378062674058873e-07,1.8520000784722003e-09,1.4315393056707744e-06,0.0001044542339016623,0.0009107386819856216,5.533231898136333e-10,8.769764330393673e-08,4.8712794453784476e-08,1.9502190872426085e-09,2.6504449318422264e-05,6.168535293577742e-05
48,0.9865384088045661,0.00023608933793070705,0.00010907677414684633,7.756138908703424e-10,1.1446082802818947e-05,1.867618043939563e-05,1.3028458180458852e-07,1.3591720803340734e-10,0.008561245004038187,3.2654716727571734e-09,1.5958976192042191e-07,4.694569179929245e-08,7.971776678170266e-08,8.536816386218136e-10,1.539643597619574e-07,1.919865595634522e-09,1.9405793801981035e-06,7.651908595173214e-05,0.004347428426443407,6.926779231345834e-10,7.533938478953106e-08,5.5442968985331794e-08,3.963234515054667e-09,6.964077397765888e-05,2.8816059344882805e-05
49,0.9869662280341102,0.00012543168222740417,0.0002429192676759761,1.301979412060218e-09,1.231873807306087e-05,1.2671018145037133e-05,2.719320647795918e-07,1.5382512957502556e-10,0.011293523082661886,2.8192041737993192e-09,1.3616294929347794e-07,9.36440366571841e-08,9.289856500224678e-08,8.073993834686373e-10,3.1544011517540053e-07,2.1068891042597503e-09,1.5543557249858748e-06,0.00012730542085898522,0.001102470618977522,6.800226417477974e-10,1.2533623939963544e-07,6.304199996102287e-08,3.689276307973944e-09,4.035486675063807e-05,7.411290022789747e-05
50,0.9904328309051333,0.00013743671406182045,0.0001866364185134705,8.296553929342963e-10,1.5377348274910402e-05,8.77852160244846e-06,3.69062092202277e-07,1.672660557608039e-10,0.008015542808064331,3.4129123310782942e-09,1.0670777936321512e-07,9.418493855657282e-08,7.911175605788208e-08,1.0657265406916834e-09,3.1403501036490643e-07,1.9132666322101795e-09,1.1174188603702333e-06,9.377218543198254e-05,0.0009959181545639057,6.428711117323719e-10,8.50487415294309e-08,4.593598957522801e-08,3.4399730133717776e-09,2.2777424919868855e-05,8.870654259488851e-05
51,0.9876043171255221,0.00023448254390251767,0.00013245840826592287,1.3757233106065752e-09,7.945115334870524e-06,6.74360013851462e-06,1.9608372024304153e-07,1.864683864216761e-10,0.010543393115347164,2.1642140091071998e-09,1.1644822978264859e-07,8.393922004669171e-08,3.828977178047713e-08,9.971268534449954e-10,2.496271715375051e-07,1.4565185184036124e-09,1.0739699045082773e-06,0.00010491843062478843,0.001296212509804391,4.6356599703921107e-10,6.618092105708321e-08,7.389649130934187e-08,2.201799445213878e-09,2.5759908988859276e-05,4.1861961224256615e-05
52,0.9876583689568669,0.00010203355809184459,0.0001625758735679297,7.506936811387782e-10,1.3617585272814253e-05,1.146607271140725e-05,1.9316340698542316e-07,1.2656805544557576e-10,0.010849735560361666,1.826323659754793e-09,1.2053417468535522e-07,5.6756153321823195e-08,7.197161226886268e-08,6.762239335598695e-10,3.046676659841434e-07,1.911364922935286e-09,1.3604570799527998e-06,0.00011828220399956015,0.0009942463577386738,5.264616672747471e-10,7.873594814962298e-08,4.6589780833330454e-08,2.1612711408436374e-09,2.8803658118929167e-05,5.8629318541008116e-05
53,0.9765962097803952,0.00019393700346030684,0.00035340553866248674,1.6677704183030228e-09,3.858163955204928e-05,1.1989303351322114e-05,1.2609352390696305e-06,3.060175329566777e-10,0.021196738215146362,3.544529817870169e-09,3.451705106267947e-07,2.8835093760259276e-07,1.3524059060976659e-07,1.4007552630762266e-09,1.168926137841227e-06,4.190128183188381e-09,1.2921426696939393e-06,0.00010808285195089706,0.001287571907590559,8.844532345089016e-10,1.9500160354175288e-07,1.0471897711110521e-07,6.8847139949278575e-09,4.300729819985197e-05,0.00016566709665635432
54,0.971719649295925,8.296056191827065e-05,0.00040435851799888414,2.0099783299239647e-09,1.457960853424125e-05,3.091690426130013e-05,2.6056493701179087e-07,3.4968446607511075e-10,0.023613155660311788,1.9827369893530403e-09,6.272986355370281e-07,1.523141319347574e-07,2.681862319215762e-07,6.576547524609763e-10,3.539088451108561e-07,5.05416900073871e-09,3.642089149486486e-06,0.0002029604664652043,0.0036884085123012195,9.102855695178381e-10,3.7302017259896514e-07,1.5013718385066695e-07,5.532127481910707e-09,0.00020103592745424441,3.6130528905874726e-05
55,0.979061862939984,5.639096153938696e-05,0.00013875453005376612,5.864756673762638e-10,6.345622877107365e-06,3.6298355128244274e-06,2.0262778664677858e-07,7.023933317239312e-11,0.019983073850889526,6.74712871238717e-10,3.556263370028061e-08,1.2488945026086007e-07,1.1840642078582458e-07,1.9110421199808559e-10,1.589536703067525e-07,1.4644523090249127e-09,5.172167506034064e-07,9.424668731147034e-05,0.0005958758863354307,2.474005242464221e-10,7.176172377079759e-08,2.9173448057221433e-08,5.444430285929997e-10,2.388247704081874e-05,3.467483774360218e-05
56,0.9874658564147767,0.00011735385981990042,0.00017026482879344923,8.778267403061082e-10,1.4378043857418152e-05,1.0745597712540366e-05,2.2596523003485486e-07,1.3230732314836908e-10,0.010924206035757094,2.007608142862084e-09,1.2450270142159793e-07,7.495565562517288e-08,9.148289407717003e-08,7.325888313014182e-10,2.934153080144473e-07,1.9094383174596265e-09,1.5290860270265104e-06,0.00010816045423827257,0.0010904897759885866,6.134602537357586e-10,9.310589705703133e-08,5.10029170388776e-08,2.702871963856746e-09,3.251193623435145e-05,6.354056008997358e-05
57,0.9861297649221281,0.000128571380203729,0.00016335040129893347,9.73852584716822e-10,1.2323148776974978e-05,7.643610024526315e-06,2.6083947476730216e-07,1.572793837925757e-10,0.011936412628258451,2.343924448158506e-09,9.672029252914645e-08,1.436370495406639e-07,1.6515814070465114e-07,7.145598121545539e-10,3.1111325184812236e-07,2.3667382255923208e-09,2.1129034517918657e-06,0.00010790779326751986,0.0014044949159961065,8.332505962192863e-10,1.29658010852473e-07,8.349138524162877e-08,2.810754953496673e-09,3.333846200444556e-05,7.287901662405408e-05
58,0.9883034148679314,0.00010544878077683884,0.0001582630531100798,7.787188306579661e-10,1.2121078131794562e-05,9.769853182733995e-06,1.954469591653215e-07,1.1059982910979855e-10,0.01012102502366953,1.7073385876839813e-09,1.2023378552970196e-07,6.73261607138209e-08,7.944369510875687e-08,5.735345623424093e-10,2.1920357295155413e-07,1.6023342394436787e-09,1.1918271763145036e-06,9.767649211918688e-05,0.001103832227869948,4.957790291489645e-10,7.974284912860935e-08,4.1177176154041884e-08,2.4372966830147445e-09,3.769701122899442e-05,4.874950500272116e-05
59,0.9877884932576971,0.00010774739340814566,0.0001923827700606155,8.593190736991529e-10,1.223643097836734e-05,1.0515618360588745e-05,2.091984208310694e-07,1.176203208557574e-10,0.010623869407173463,1.886874046105808e-09,1.249886279615617e-07,6.699041233830061e-08,7.591467016411374e-08,5.526449140646574e-10,2.441458177224613e-07,1.7015893524896707e-09,1.1736375003267118e-06,9.994914723209803e-05,0.001071805987913836,5.349982172936e-10,8.883260641493783e-08,4.2616908995929224e-08,2.659851286503158e-09,3.961500183045507e-05,5.135034748320983e-05
60,0.9873588958328817,0.00011977221086998955,0.00017094952990934234,8.56485050374234e-10,1.432919672426171e-05,1.084065216801987e-05,2.2025197123633374e-07,1.2707453804096917e-10,0.011074469050274281,1.9880052003147217e-09,1.2247039793001996e-07,6.860476849511863e-08,7.917772684480011e-08,7.122954603954441e-10,2.9610255650932273e-07,1.887087930087086e-09,1.4351618970533385e-06,0.0001084631684669491,0.0010458790244233167,5.795793682496605e-10,9.057801024550217e-08,4.908257241486797e-08,2.5928609912573283e-09,3.109478877916381e-05,6.293637221338247e-05
61,0.9876873146868148,0.00010871505568341691,0.00019005100181031503,8.699723260024656e-10,1.2619413202216401e-05,1.048956010816263e-05,2.1520711914252744e-07,1.2262690128420347e-10,0.010726677270153296,1.9301583947620634e-09,1.2455120613700686e-07,6.922454464363633e-08,8.029939798026969e-08,5.75610889895146e-10,2.5507868411547433e-07,1.778595119874412e-09,1.2043206805132555e-06,0.00010202352849338781,0.0010683367400869887,5.562178400662576e-10,8.916325214015868e-08,4.357796207615514e-08,2.6524689986123484e-09,3.8565285451923405e-05,5.311754969851413e-05
62,0.9873588958328817,0.00011977221086998955,0.00017094952990934234,8.56485050374234e-10,1.432919672426171e-05,1.084065216801987e-05,2.2025197123633374e-07,1.2707453804096917e-10,0.011074469050274281,1.9880052003147217e-09,1.2247039793001996e-07,6.860476849511863e-08,7.917772684480011e-08,7.122954603954441e-10,2.9610255650932273e-07,1.887087930087086e-09,1.4351618970533385e-06,0.0001084631684669491,0.0010458790244233167,5.795793682496605e-10,9.057801024550217e-08,4.908257241486797e-08,2.5928609912573283e-09,3.109478877916381e-05,6.293637221338247e-05
63,0.9877254929970534,0.0001435234302649793,0.00016254562588114067,9.025626761774216e-10,1.4711592168763613e-05,1.0546067399404028e-05,2.174820661801168e-07,1.2639153187530743e-10,0.01066767342542128,2.1882395252623806e-09,1.166097995969692e-07,6.699031093894304e-08,7.453664702076974e-08,7.705983133471705e-10,2.832119030669486e-07,1.8288717578420416e-09,1.42972467971251e-06,0.00010061446604726817,0.0010799440404911746,6.30436710872095e-10,8.784923910642025e-08,4.773113292519144e-08,2.820190064394642e-09,3.051998297944785e-05,6.209496922424428e-05
64,0.9851971655977303,0.00014438084954576067,0.00020093817489693733,1.2120276760304543e-09,1.632197010351823e-05,1.3266182370803666e-05,2.701226665075262e-07,1.517369687677403e-10,0.013009030501336685,2.8760891132174978e-09,1.324713864514261e-07,9.270685937804268e-08,1.0732203067906303e-07,9.496778462760406e-10,3.4194415651093593e-07,2.3752409184733113e-09,1.895571818926006e-06,0.00013210711200065377,0.001165308002992548,8.426802916046111e-10,1.5090482978454016e-07,6.59801730978945e-08,3.744136658293231e-09,3.82415735996377e-05,8.017085991232003e-05
65,0.9883815150834377,0.00023619564549990784,0.0003850487923094075,2.1448369116321542e-09,2.0298113874813687e-05,2.1206740355992123e-05,5.3627908680083e-07,3.096599929922081e-10,0.00934348838256807,9.772995568953302e-09,1.677960690946721e-07,1.1133949904162856e-07,9.176375390902909e-08,2.2185039287372563e-09,5.151904679101792e-07,3.207850458691702e-09,1.99360608678562e-06,0.00014100597530029754,0.0012826179421411832,1.492549514805742e-09,2.2631022386022825e-07,7.552854514475035e-08,9.401342394040385e-09,3.531978900107333e-05,0.00014955717404049675
66,0.9884961032073671,9.47711746643866e-05,0.00018405840990769662,6.981761431974755e-10,1.5175536008553177e-05,1.2760786143286704e-05,1.8254092422852836e-07,9.91939323473895e-11,0.010033209817523538,1.9923192813551577e-09,1.0887466074906862e-07,5.110170737490271e-08,9.096540143454866e-08,5.572209434430862e-10,2.420892884375911e-07,1.8063834695592884e-09,1.4974443402592814e-06,0.00010386320076249364,0.0009626672387594446,6.450198790990203e-10,9.262164869202949e-08,3.610403925379986e-08,2.6716766803691117e-09,3.548099810294274e-05,5.959941875982684e-05
67,0.9871421657452909,0.0001136688929467131,0.0003578990421170856,4.874652208282548e-09,2.462281914641466e-05,0.00012200988607966063,1.510466863744022e-07,1.564101015494908e-10,0.010135758913619671,8.0713894985572e-09,4.0787906603654965e-07,7.626380664574147e-08,4.7554257558371947e-07,4.396972118888271e-09,2.4244234570211496e-07,4.368268555871138e-09,1.3243149826984949e-05,0.00037626796328650564,0.0013671506315172974,3.783222832426367e-09,4.7309935925209784e-07,9.266231937735014e-08,2.9551718068857027e-08,0.00017348186416626203,0.000171756953209797
68,0.9892049229634688,0.00010006631339861666,0.00021124862003276662,9.76678162613658e-10,8.24652819371558e-06,8.832242768466093e-06,1.9000063776094178e-07,1.02760523778779e-10,0.009431296459593315,2.0545612060856293e-09,8.630156496468353e-08,6.703234729640327e-08,6.375332120449373e-08,5.084745634610577e-10,1.4732566717094071e-07,1.367381949372268e-09,1.0141556101161992e-06,0.00010661000352910797,0.0008457916229501226,4.3286094715481476e-10,1.0197120524529847e-07,3.7426961654279455e-08,2.423580140608118e-09,3.538376942245455e-05,4.588564302986031e-05
69,0.9856801993072066,0.0001515821589977542,0.00022824654404227532,1.194627234296404e-09,1.7379746026720245e-05,1.411735868318132e-05,2.9472352182683e-07,1.7850083514082698e-10,0.012217473281685994,2.591002286662936e-09,2.045277460737729e-07,8.808799497298211e-08,8.586452038821827e-08,8.357147880116242e-10,3.7289881252349917e-07,2.3662623603054305e-09,1.5059623240283677e-06,0.00010594034910591646,0.0014687746571061496,7.35555395214668e-10,1.2743220457302374e-07,6.087099234003088e-08,4.37074903165801e-09,5.002811989392204e-05,6.35058367227144e-05
70,0.9913046035636968,6.964440137628723e-05,0.00016121032394562598,6.179327950291724e-10,9.747736937100444e-06,6.129154736897812e-06,1.6911306131008833e-07,1.1541388534243731e-10,0.007818815027074334,1.3885147045126808e-09,6.307284732716842e-08,4.754438277352155e-08,5.865608214234567e-08,5.084571180974479e-10,2.5399926866216e-07,1.5877622292885375e-09,1.0380331611243685e-06,0.00010825473792830453,0.00044789582990116056,4.198192606597796e-10,4.508840646908414e-08,3.22123931754625e-08,1.0781354441994118e-09,1.2803606155401005e-05,5.918218260992e-05
