,0,1,2,3,4,5,6,7,8,9,10,11,12,13,14,15,16,17,18,19,20,21,22,23,24
0,1.146493763197044e-05,1.8496813006939827e-05,0.0008184881875750236,0.970793473551409,1.5107987452427553e-09,2.509779630372569e-06,4.9748189471063505e-05,0.00022415793371100318,1.6994547734621836e-05,0.003521143514613844,4.437724996222573e-08,0.013393895847316761,8.424035873978993e-06,0.0010753968836806603,1.696706937566567e-08,8.188773528800088e-05,2.5566106775322324e-05,0.006502563790292582,2.2495200814116653e-07,3.491241177718066e-05,0.0028861031419493643,0.00029301826514459327,1.9787288281812195e-05,3.584434622546321e-06,0.00021809479708699691
1,1.409811615735641e-05,2.405385297884493e-05,0.0011197558871338794,0.9667459189199581,2.2826440087726093e-09,3.882025413914731e-06,6.372599424896772e-05,0.00033358740987966796,2.870131434100646e-05,0.004122259627598872,5.875059613569385e-08,0.015525566060007838,1.2292659016463176e-05,0.0010097834695217765,2.802195944691099e-08,0.00015859474645569158,2.909942323244344e-05,0.006468680425882808,4.199610182503552e-07,4.7696320815925616e-05,0.0036997773069736353,0.0003565952355608655,1.994935969291607e-05,5.285881025680885e-06,0.0002101869478853814
2,1.4471613071135842e-05,2.5019325566914887e-05,0.0009308233221385381,0.9674319261299071,2.7002261279725264e-09,3.4734119401667687e-06,6.076856565391706e-05,0.0003193248449255265,2.511458325760186e-05,0.003784530067593824,6.150565372018626e-08,0.014886920745749389,1.2235281592476778e-05,0.0013080628814641309,2.8693188010172304e-08,0.00012976564992463175,3.440275333362441e-05,0.007010708984643022,3.3814213499663707e-07,5.3883605501746316e-05,0.003343456410409047,0.0003464464399952751,2.177502412898623e-05,4.4148670815271495e-06,0.0002520444509186648
3,1.1850428908424842e-05,2.0472701653960563e-05,0.0008701803156841187,0.9697161714322357,1.9901691795854233e-09,3.2359495488524196e-06,5.193385166062718e-05,0.00028154225945198124,2.2467307369218958e-05,0.003347735395237597,5.6909211372382525e-08,0.014107112223730392,1.0846150281621632e-05,0.001078772057287117,2.311527325226511e-08,0.00011596164332777192,3.126635996361849e-05,0.006358754321589895,3.1603584510896415e-07,4.3452611811225187e-05,0.0033551408822418524,0.00034244227364269654,2.0198644032529132e-05,4.427167735065388e-06,0.00020563797210705042
4,1.2257259050550796e-05,2.0331156064392745e-05,0.0008523603766369052,0.9682892692626058,2.0427298459215943e-09,3.1879536354657612e-06,5.128035620362983e-05,0.0002707977023692987,2.337965352624109e-05,0.0031678362723060183,5.6881002427034e-08,0.015400534891699286,1.2622716977098567e-05,0.0011170194338470346,2.2880204538683533e-08,0.00011533053933300115,3.363668572568402e-05,0.0065191428800717936,3.171334753498347e-07,4.495256186160206e-05,0.003476282961427189,0.0003507239740844391,1.9973549737928936e-05,4.528262480970311e-06,0.0002141526129433623
5,1.093530933839015e-05,1.7581200581856476e-05,0.0007292613042169057,0.970873056360843,1.5921531760143287e-09,2.800279695570085e-06,4.254318218328268e-05,0.00022428054009147563,2.039554198637119e-05,0.002906178553785613,4.845431086909321e-08,0.013628238039256618,1.0376552997285901e-05,0.0010084812488035234,1.8765842880728252e-08,9.717158842870518e-05,2.995315355866399e-05,0.006702856432793632,2.562287499021429e-07,3.874740538648205e-05,0.003118857687620823,0.00032220049144194977,1.759680819338037e-05,4.114338366964556e-06,0.0001940489393725995
6,1.1850428908424842e-05,2.0472701653960563e-05,0.0008701803156841187,0.9697161714322357,1.9901691795854233e-09,3.2359495488524196e-06,5.193385166062718e-05,0.00028154225945198124,2.2467307369218958e-05,0.003347735395237597,5.6909211372382525e-08,0.014107112223730392,1.0846150281621632e-05,0.001078772057287117,2.311527325226511e-08,0.00011596164332777192,3.126635996361849e-05,0.006358754321589895,3.1603584510896415e-07,4.3452611811225187e-05,0.0033551408822418524,0.00034244227364269654,2.0198644032529132e-05,4.427167735065388e-06,0.00020563797210705042
7,7.964354820964851e-06,1.7946818900326104e-05,0.0005981601087496892,0.972266406339029,1.6464067131256307e-09,2.7215630902577234e-06,4.234694816799004e-05,0.00025717296716348576,1.957686305262149e-05,0.0028828581693185772,5.181972657355267e-08,0.013180434242279881,8.964636433423944e-06,0.0010903117269510868,2.3181062673254944e-08,0.000113876115864016,3.095424708101428e-05,0.005557776410334838,2.5923890352089856e-07,4.04887403185833e-05,0.0032892132249799587,0.00039003873301327686,1.83275035069581e-05,3.468735462406907e-06,0.00018065566538203349
8,1.723118877955465e-05,2.3890017601927813e-05,0.0005289231663215761,0.8723192987175439,6.130875421545171e-09,1.0808457584081077e-05,9.237867548599956e-05,0.0009394878562519165,0.00011153838316693448,0.00423376547665768,2.4545360429122053e-07,0.04807908975412503,7.126970698129778e-05,0.0019359142993795667,4.6653383501856143e-07,0.0010076979307561784,0.0003636103639617064,0.038214192345489485,3.0783326001149097e-06,0.00011241462189750997,0.023229369370896067,0.008062458068825629,1.5324406057906484e-05,1.0037020977626785e-05,0.0006175037203439465
9,0.0002548223280236165,5.704266950575282e-05,0.0019299824512172337,0.7381292872629667,4.85337674514103e-08,2.9027295662002265e-05,0.00024440347450629317,0.004324692453390894,0.00020185381076776493,0.005799745541630274,9.571868304514287e-07,0.05319164119471151,0.0002080482979198586,0.007749955647308172,7.789909348032878e-07,0.0011754970035320808,0.00162360453746548,0.15930167253609673,9.893750568237441e-06,0.00018098829992586166,0.0143954652961456,0.009211923412329818,3.098934754609388e-05,1.683597674656284e-05,0.0019308427005007218
10,1.1850428908424842e-05,2.0472701653960563e-05,0.0008701803156841187,0.9697161714322357,1.9901691795854233e-09,3.2359495488524196e-06,5.193385166062718e-05,0.00028154225945198124,2.2467307369218958e-05,0.003347735395237597,5.6909211372382525e-08,0.014107112223730392,1.0846150281621632e-05,0.001078772057287117,2.311527325226511e-08,0.00011596164332777192,3.126635996361849e-05,0.006358754321589895,3.1603584510896415e-07,4.3452611811225187e-05,0.0033551408822418524,0.00034244227364269654,2.0198644032529132e-05,4.427167735065388e-06,0.00020563797210705042
11,1.2220778338915717e-05,2.0474168035989238e-05,0.0008806685796047074,0.9688659794157133,2.079349079375573e-09,3.2674178758956823e-06,5.2519723567195346e-05,0.0002787070518256755,2.334000094947382e-05,0.003267212394823019,5.798290678350036e-08,0.014874941914948973,1.21726662058211e-05,0.001084442710806756,2.316696532421779e-08,0.00011769120217764075,3.252738802554148e-05,0.006406533283811782,3.2326402089793483e-07,4.544451189859088e-05,0.003445527494558757,0.00034185460421258664,2.0408688801715492e-05,4.65750024525449e-06,0.00020900201033031724
12,1.15699499403365e-05,2.0606167123579636e-05,0.0021338728708689553,0.9622643450856098,2.2025140810006715e-09,3.951208206752517e-06,8.905971413636977e-05,0.0006007840292482564,4.860498092299697e-05,0.002752394001155959,1.0692729161112507e-07,0.023761719127891205,1.50424353241809e-05,0.00037048065412331754,4.658310142970048e-08,0.00024110543904108105,1.4373646226865063e-05,0.003371399296871684,8.273412959685453e-07,4.6150346015062506e-05,0.003753075641591894,0.00036251000853224216,2.0711515095212786e-05,1.2393944283003464e-05,0.00010486688358790648
13,9.110559427874833e-06,1.693311552239324e-05,0.0007125540305069506,0.9705280460813108,1.7829263468941292e-09,2.67021265137954e-06,4.5947792971237365e-05,0.0002936537772985282,1.8807333029044704e-05,0.0023798696650355294,6.89861841296609e-08,0.015468497676548662,1.063293492305748e-05,0.0012180083419754027,2.1863539561100113e-08,9.755901968382222e-05,3.2089883273338975e-05,0.005460631092702936,2.721577761525139e-07,3.886581383565649e-05,0.003095296978105134,0.0003643396268978755,2.0667957018515668e-05,3.866057606703322e-06,0.00018158725924895592
14,1.367447524610375e-05,2.9290973157133337e-05,0.0007359411141900705,0.9685035816009161,2.4506323085209386e-09,3.6474211068717296e-06,5.4938313538757235e-05,0.000299441291630642,2.277092425433721e-05,0.004491155050741524,6.449161226664346e-08,0.013303882359906292,1.0798970181108059e-05,0.0013507369266409716,2.657404410336799e-08,0.0001301223821769443,3.424005001452147e-05,0.007209052185290733,4.247070311632522e-07,5.1350929519079153e-05,0.003137446110919597,0.0003724437474752793,2.177998577578386e-05,4.8252157963324716e-06,0.0002183617482018955
15,1.1850428908424842e-05,2.0472701653960563e-05,0.0008701803156841187,0.9697161714322357,1.9901691795854233e-09,3.2359495488524196e-06,5.193385166062718e-05,0.00028154225945198124,2.2467307369218958e-05,0.003347735395237597,5.6909211372382525e-08,0.014107112223730392,1.0846150281621632e-05,0.001078772057287117,2.311527325226511e-08,0.00011596164332777192,3.126635996361849e-05,0.006358754321589895,3.1603584510896415e-07,4.3452611811225187e-05,0.0033551408822418524,0.00034244227364269654,2.0198644032529132e-05,4.427167735065388e-06,0.00020563797210705042
16,1.382814168829085e-05,1.907151809677245e-05,0.001104530884974344,0.9725135605387624,2.279773100614944e-09,4.2098152721066485e-06,5.0573841730801215e-05,0.00028806449086574544,2.387039593689668e-05,0.003072917271515899,6.84256844145957e-08,0.011880988479820694,1.171299085915437e-05,0.001008346798669334,2.1652729086572543e-08,0.00011804520019417118,3.231192172372813e-05,0.0063566094260057195,3.323268868320052e-07,4.3574536664278494e-05,0.0029554738050043827,0.0002798399820257212,2.2014246062567128e-05,5.524603534721155e-06,0.00019450642551869723
17,2.7049499353479493e-05,3.417037833215356e-05,0.0024953059952489524,0.9647732275173013,2.948626640697564e-09,7.445553516827166e-06,8.746445485098605e-05,0.00039069960091998916,4.5467936085396057e-05,0.006109788163371672,7.388299441073222e-08,0.01301579824171423,1.1592612075637744e-05,0.0007042779048448568,3.885977458870693e-08,0.000222688126839524,2.2172026235301817e-05,0.007649609493974423,7.816645442022474e-07,4.8144583475422104e-05,0.0038218103288246716,0.0002839103848167547,1.988267793749594e-05,9.967183060464415e-06,0.00021862998128067753
18,1.1686664337474875e-05,2.0512469073379734e-05,0.0008960167933594087,0.970352146546482,1.9891492844354636e-09,3.3273342943204796e-06,5.177642120387015e-05,0.000289912631132887,2.2949605903874365e-05,0.0032917229915712123,5.9062874240219117e-08,0.013920992227219573,1.0680038071311165e-05,0.0010337106242304882,2.3413077340442868e-08,0.00012052163446007635,2.9922110513770077e-05,0.006041615129621146,3.2996320593658085e-07,4.313797973073299e-05,0.003303996367782094,0.0003367131951257257,2.023451023980655e-05,4.64304599409787e-06,0.00019336725134581393
19,8.260807767752533e-05,4.0392529318091415e-05,0.0011911721844825272,0.9432736523402987,7.919421844636651e-09,4.21605437780564e-05,1.7282931010035123e-05,0.0006226643908039379,2.2105603017877524e-05,0.0071264266336664,3.503059439683103e-07,0.001916478875879615,1.142496491523981e-05,0.003488541531427006,2.490780534766963e-08,0.00017928241127264307,0.00023431021954642967,0.039142018128135815,1.721834103744863e-06,0.00010780836308301033,0.0018370144211657905,0.0003447360354724401,5.466843653460458e-05,2.0343883446608076e-05,0.00024280252779296742
20,9.231161177157328e-06,1.8122835189699965e-05,0.0007815596348712472,0.9682148934033186,1.7524350471959509e-09,2.8260890603068682e-06,5.4524179261295995e-05,0.00035409795581741203,2.1770221020332573e-05,0.0030719682776143677,6.291411599245824e-08,0.015679853396725077,9.27435289492508e-06,0.0010726128337004732,2.8882569175619294e-08,0.00012307703494977474,2.976978973745179e-05,0.006084390007393925,3.1769229507406593e-07,3.843064093723898e-05,0.0037603326508663594,0.0004627871278485479,1.9023937439236033e-05,3.8457172560512305e-06,0.0001871975115052862
21,1.660225459731147e-05,1.8679005990412287e-05,0.0017006412651481982,0.9640473602998355,3.984190753454334e-09,6.694663439955704e-06,8.158136659427168e-05,0.00041218720441439524,1.913558876964388e-05,0.004648605536067621,1.4460708921610735e-07,0.010403632203119958,1.3819890545788677e-05,0.0009822400278075218,3.4955968041129685e-08,7.503278581789225e-05,0.0001087983758688226,0.009628900517781536,5.791489806895162e-07,5.178267247292935e-05,0.00668259744325531,0.0006641815621796473,6.595840734816122e-05,8.44212436511409e-06,0.00036236410835121244
22,2.283712782511644e-06,3.7574709279086164e-05,0.0004675492877322059,0.9630962671120847,1.6852733705948845e-09,1.8745762881494191e-06,7.341200684086161e-05,0.0002457444963525614,2.3669299195421595e-05,0.0037518108801480703,3.0747334691836994e-08,0.027345682383526006,1.3569742190790409e-05,0.0008267844161951836,3.206933299146654e-08,0.0001581782679046334,9.16539647214221e-06,0.0007556112791918192,3.9192957487062205e-07,7.162566325785568e-05,0.0027426407952702266,0.00022724471890983721,2.6465823520453516e-05,3.3950173638372168e-06,0.00011899398397755128
23,1.1850428908424842e-05,2.0472701653960563e-05,0.0008701803156841187,0.9697161714322357,1.9901691795854233e-09,3.2359495488524196e-06,5.193385166062718e-05,0.00028154225945198124,2.2467307369218958e-05,0.003347735395237597,5.6909211372382525e-08,0.014107112223730392,1.0846150281621632e-05,0.001078772057287117,2.311527325226511e-08,0.00011596164332777192,3.126635996361849e-05,0.006358754321589895,3.1603584510896415e-07,4.3452611811225187e-05,0.0033551408822418524,0.00034244227364269654,2.0198644032529132e-05,4.427167735065388e-06,0.00020563797210705042
24,2.86257275468895e-05,2.2074371344504966e-05,0.0061340401683481404,0.930803783946043,6.809264226276335e-09,9.280296563862429e-06,0.0002846570892418869,0.0009102235735880422,6.833204151298582e-05,0.005883804545225735,1.8814983805744286e-07,0.030779930970696853,2.7962785311431055e-05,0.0005775422414663034,1.310640652501216e-07,0.00032625651989941906,5.8677104915637356e-05,0.009076950847910279,1.2742745161239397e-06,5.842687494059557e-05,0.01348581444805002,0.0009248210592999389,4.560354455033098e-05,1.4450810365308572e-05,0.0004771407354951686
25,9.645340113801931e-06,1.825118451023529e-05,0.0007324534775879807,0.9724567020810236,1.8179583476678646e-09,2.9687893264242605e-06,4.6238020978297014e-05,0.00031347985625870047,1.9684178548557443e-05,0.002845827424997891,6.260035113995883e-08,0.01308204761266706,9.302174924701697e-06,0.0011475580077310711,2.1774841688333083e-08,0.00011304293561945315,2.912405326956834e-05,0.005663824383742132,2.9074754588395e-07,4.0536928968168076e-05,0.002942481219490331,0.0003354775084191588,1.9226902378857792e-05,3.9659177367128345e-06,0.00016778506101013376
26,1.8406377747554905e-05,1.997248582148475e-05,0.0011312033264765894,0.972534676383977,2.250091504201367e-09,3.900724169391714e-06,4.13599041346147e-05,0.0002021640827585018,2.4269909612947058e-05,0.0030756032676034816,5.725594374996955e-08,0.011325715141740302,1.4328337443451356e-05,0.0007987589601310426,1.52346004913589e-08,9.735247384474054e-05,3.516839088344048e-05,0.007252838448076169,3.2400671216923214e-07,5.011274884542293e-05,0.00291824742121901,0.00023228822120396282,2.3528565777035908e-05,7.4777748921255775e-06,0.00019222830629371317
27,1.9595841533667188e-05,2.7399137805066582e-05,0.001308406356102508,0.9674042689709703,2.5725207583779528e-09,3.5718619841118615e-06,6.51412269060927e-05,0.00023305951781574087,2.1103793558063375e-05,0.005164684412761758,4.293318862331793e-08,0.014317172553592775,1.5229233376552442e-05,0.0011926681400213149,1.3840350561348295e-08,0.0001014738704180446,2.695218284431403e-05,0.006533556289749433,3.0885408174043777e-07,6.063947601709083e-05,0.0030553849439418955,0.0001611292607901955,2.4535244988029034e-05,5.344832167315213e-06,0.0002583146525141748
28,1.1850428908424842e-05,2.0472701653960563e-05,0.0008701803156841187,0.9697161714322357,1.9901691795854233e-09,3.2359495488524196e-06,5.193385166062718e-05,0.00028154225945198124,2.2467307369218958e-05,0.003347735395237597,5.6909211372382525e-08,0.014107112223730392,1.0846150281621632e-05,0.001078772057287117,2.311527325226511e-08,0.00011596164332777192,3.126635996361849e-05,0.006358754321589895,3.1603584510896415e-07,4.3452611811225187e-05,0.0033551408822418524,0.00034244227364269654,2.0198644032529132e-05,4.427167735065388e-06,0.00020563797210705042
29,1.1850428908424842e-05,2.0472701653960563e-05,0.0008701803156841187,0.9697161714322357,1.9901691795854233e-09,3.2359495488524196e-06,5.193385166062718e-05,0.00028154225945198124,2.2467307369218958e-05,0.003347735395237597,5.6909211372382525e-08,0.014107112223730392,1.0846150281621632e-05,0.001078772057287117,2.311527325226511e-08,0.00011596164332777192,3.126635996361849e-05,0.006358754321589895,3.1603584510896415e-07,4.3452611811225187e-05,0.0033551408822418524,0.00034244227364269654,2.0198644032529132e-05,4.427167735065388e-06,0.00020563797210705042
30,1.1850428908424842e-05,2.0472701653960563e-05,0.0008701803156841187,0.9697161714322357,1.9901691795854233e-09,3.2359495488524196e-06,5.193385166062718e-05,0.00028154225945198124,2.2467307369218958e-05,0.003347735395237597,5.6909211372382525e-08,0.014107112223730392,1.0846150281621632e-05,0.001078772057287117,2.311527325226511e-08,0.00011596164332777192,3.126635996361849e-05,0.006358754321589895,3.1603584510896415e-07,4.3452611811225187e-05,0.0033551408822418524,0.00034244227364269654,2.0198644032529132e-05,4.427167735065388e-06,0.00020563797210705042
31,1.952060677851206e-05,2.368542487289057e-05,0.001266186966858538,0.9654330610393598,2.44551763709733e-09,3.6295439888838167e-06,6.710017081959296e-05,0.0003826513844088378,2.4396157716985625e-05,0.004141380684229996,6.311611870959038e-08,0.014730801285921472,1.2117972755826933e-05,0.001173142234364755,2.26617207124543e-08,0.00011295514256940218,3.3530103723215413e-05,0.00842496323272184,3.934510947199628e-07,4.4730575631987525e-05,0.003519139033968937,0.0003232747393615983,2.184812318003111e-05,5.093001700055126e-06,0.00023631090061509736
32,1.2668692338366888e-05,2.1702274429766943e-05,0.0009000541136470496,0.9684907687046075,2.0702973038382112e-09,3.4154946611547315e-06,5.374952290936315e-05,0.00029688782294731437,2.3831430930699767e-05,0.0034800714223338614,6.000119021834942e-08,0.014705152718238518,1.1394661979543752e-05,0.00109292674558355,2.4688708254181816e-08,0.00012163201977623176,3.243048978874091e-05,0.006610081944283546,3.5777574111049055e-07,4.4391051331099265e-05,0.0034999152168177874,0.0003642498693734135,2.055620966641755e-05,4.73995514932953e-06,0.00020893510326990212
33,1.646565116374953e-05,2.5114074099866956e-05,0.001279678542510168,0.9656416616470761,2.1064536793963635e-09,3.061842088610781e-06,7.040664690488613e-05,0.00027339343580123297,2.7510620166726203e-05,0.0038028127289791596,5.069359184461851e-08,0.016738131435962023,1.0218685277516006e-05,0.0009277911963364252,2.6729974757400692e-08,0.00010776206743292534,2.5160775681525853e-05,0.0068000402560383505,3.2570929490445855e-07,3.971266894318321e-05,0.0036150822393128637,0.0003125195571804429,1.8767499118674242e-05,4.444264045499846e-06,0.00025985892656511567
34,3.914210442381593e-06,1.110344519684655e-05,0.00040611320704823196,0.9785308146618733,1.178824318635306e-09,1.9951606654696496e-06,3.506214414811854e-05,0.00018158825677471978,9.702290189594862e-06,0.0033581985348352453,3.403845087022727e-08,0.008789051215651317,5.960674840302227e-06,0.001048637450563149,1.3229924850439529e-08,8.547676554682631e-05,2.470856002481114e-05,0.004205245306343816,1.1401219410825623e-07,4.014429181013428e-05,0.0028061066952365216,0.000273687634537253,2.1746868265285094e-05,2.309366267767627e-06,0.00015827080034485787
35,1.8083102776171718e-05,2.0612568844950922e-05,0.001055272866078654,0.964252595731851,1.9538383175141828e-09,3.0235108896330965e-06,5.8778966590214056e-05,0.0003191679487445478,2.578974817888069e-05,0.00352901937599163,5.351434908429641e-08,0.015929272055889173,1.1679969645740072e-05,0.0010153986506811616,2.264784298995461e-08,0.00011020413990915684,3.291944545856311e-05,0.009455580644792308,3.4045254276760277e-07,3.883651849661863e-05,0.0034954824096795367,0.00037292951693390435,1.688999211379723e-05,4.607315493177822e-06,0.00023343695238796234
36,1.0447988135447913e-05,2.0816334577687013e-05,0.0008671437519029736,0.9770923800918114,2.0407825955719505e-09,3.776118694911779e-06,4.037452771515971e-05,0.00016846586258966966,1.7679014438058775e-05,0.0040056496555170625,4.835697478093171e-08,0.007615061422093738,7.775984852545586e-06,0.0008586649675887526,1.6183519654926408e-08,8.284127460590902e-05,2.873815474205282e-05,0.005739502473042923,2.313185679653916e-07,4.798989821171869e-05,0.0029495400658111764,0.00021792257848929168,2.7144450661634095e-05,4.998922212175152e-06,0.00019278856246067517
37,1.6254402375956577e-05,1.9642785117281808e-05,0.001014801414422687,0.969162919175025,1.8077734947958324e-09,2.990294130087377e-06,4.873819910579806e-05,0.0002209136692580108,2.2813836880838873e-05,0.0033591836700742075,4.82256209808661e-08,0.013745935935653873,1.1853194387374283e-05,0.0008405475076560191,1.7005627634627445e-08,9.500563564575374e-05,2.933908157951229e-05,0.007710954447813628,2.957474498507023e-07,4.147438122604636e-05,0.003146884573976704,0.00027738855467394517,1.906291363218962e-05,5.486444515929724e-06,0.00020744709637726485
38,2.4306419844584375e-05,2.9221662949847237e-05,0.001674690287162968,0.9615902951270973,3.747058294653724e-09,5.770413759123085e-06,9.119576272667327e-05,0.0003734997212903742,3.994934771274878e-05,0.004789501408466202,7.692896851314273e-08,0.017168567945554946,1.6492951404720174e-05,0.0011574000448640875,4.07441017255804e-08,0.00020463423346643169,3.212057974167025e-05,0.008400419933903598,5.394551617543e-07,5.358825562861956e-05,0.003676804392025331,0.0003386834012272771,2.186718930187434e-05,6.969739971342254e-06,0.0003033603066102293
39,1.2395194576368475e-05,1.5895575444621843e-05,0.0011729780220392154,0.9653464855478778,2.260263362839475e-09,4.745858019590723e-06,6.08327738584911e-05,0.0004110020395891225,2.7068550279749653e-05,0.003640113889545326,7.139198809011368e-08,0.014856972748020477,1.529113442472154e-05,0.0009464908282674459,2.7300110079591744e-08,0.0001655687226905775,4.179072499443835e-05,0.007537221343553183,4.450692941859885e-07,4.710958459853809e-05,0.00503971956079679,0.0004358568170999556,2.1557338202144374e-05,6.053212080913634e-06,0.00019430451238469903
40,7.968042955744219e-06,1.4861659022526916e-05,0.0005471327249346454,0.9764927207603151,1.480758590227673e-09,2.8853035551191737e-06,3.263507826346414e-05,0.00023705812327699124,1.5624586532649792e-05,0.003090546476072561,4.995210028622841e-08,0.009173956959420058,8.121644831171975e-06,0.0008659030852076617,1.5286859060844846e-08,0.00010778084814078635,3.184366988731433e-05,0.005955285861298589,2.5118924758122494e-07,4.354367959593598e-05,0.0029028503357295824,0.00030784577087486915,1.9726156112052244e-05,4.407000572371013e-06,0.00013698432443559952
41,8.194611566898788e-06,1.8228976741262485e-05,0.0006136262312999227,0.9716968886484019,1.2527489257121778e-09,2.711155331700103e-06,3.881228901265892e-05,0.00024015528596124948,1.4986765203886488e-05,0.0035457384061217422,4.7947580729940276e-08,0.012631634548026299,8.15330237645281e-06,0.001101218452833415,1.664519061001951e-08,8.33976969271002e-05,3.210723704315596e-05,0.005825223894370609,2.9955449544683593e-07,3.759035602867048e-05,0.0035179195579730393,0.00038260282749429217,2.1757010369505176e-05,3.7912838711441896e-06,0.00017489606302936551
42,6.036570168796324e-05,5.392148325750629e-05,0.0012385652127919204,0.971989460654833,7.415524715443626e-09,3.069371015842427e-06,5.6936422547439684e-05,6.169316233973034e-05,1.8745573787543436e-05,0.0032566741486457595,4.3276741870757564e-08,0.006565501121695156,1.0068168343319664e-05,0.0031102303701192055,8.745148405431348e-09,2.2805370502228682e-05,3.7838214540063875e-05,0.01160975923387318,7.097279036778376e-08,5.828824222387796e-05,0.0009310562468907496,5.565603625789993e-05,3.0404309030654777e-05,2.86201230303733e-06,0.00082596853310854
43,1.3428808927525075e-05,2.0464981543311685e-05,0.0009206960975397158,0.9694476857824632,2.031650592851238e-09,3.056647979959717e-06,5.128500170078068e-05,0.0002681502157088843,2.4152859661722367e-05,0.002705758492923735,6.040011075574237e-08,0.01550435117943637,1.1563255433827028e-05,0.001062164165270796,2.3155723785045534e-08,0.00010900354209957862,3.008219804831116e-05,0.00626117026190847,3.045074011166671e-07,4.045208776762273e-05,0.0029757084629815447,0.0003174923655626876,1.8679141816176676e-05,4.519289874045975e-06,0.0002097450664651933
44,1.1850428908424842e-05,2.0472701653960563e-05,0.0008701803156841187,0.9697161714322357,1.9901691795854233e-09,3.2359495488524196e-06,5.193385166062718e-05,0.00028154225945198124,2.2467307369218958e-05,0.003347735395237597,5.6909211372382525e-08,0.014107112223730392,1.0846150281621632e-05,0.001078772057287117,2.311527325226511e-08,0.00011596164332777192,3.126635996361849e-05,0.006358754321589895,3.1603584510896415e-07,4.3452611811225187e-05,0.0033551408822418524,0.00034244227364269654,2.0198644032529132e-05,4.427167735065388e-06,0.00020563797210705042
45,1.1555416550705645e-05,2.4855832576871824e-05,0.0006683067774576122,0.9707606002673572,1.626623638172053e-09,2.3364032710133855e-06,4.127449960233434e-05,0.00016753327737401377,1.7181226482906292e-05,0.003547828682770499,3.7319005881887833e-08,0.013552973826687591,9.807777870129155e-06,0.0011924336723101903,1.4650807200476912e-08,6.513321283200173e-05,3.310552368998596e-05,0.006083044718617017,2.3811513894824574e-07,4.314952783591016e-05,0.003223224726278857,0.00028707948100312804,2.2625143170555694e-05,3.434293366139343e-06,0.0002422240013197483
46,8.722914045853105e-05,0.00020128214743945502,0.005535338441311465,0.9268166693636218,5.375227585410508e-09,3.5210985377840033e-06,0.0005044551591749274,0.0007244033133509249,9.010010778583535e-05,0.022077875211480996,5.002362078412225e-08,0.03149787987523806,4.7856635804655134e-06,0.001374105954514983,7.899457255764857e-08,0.00026722756371206697,3.0602353792927647e-06,0.008191133141974989,9.680917306254277e-07,4.1097197245579844e-05,0.0019759728313616587,0.00015718024364393842,1.418363030067672e-05,5.207580587210462e-06,0.00042618961414775
47,6.625194795566139e-06,1.739629679207823e-05,0.0006694981138600035,0.9804959415533238,1.8619674758022053e-09,3.597507838320046e-06,3.897242350499919e-05,0.0003111045456577754,1.2616806203417446e-05,0.0031382057067660197,7.313970332327644e-08,0.006679882669585047,5.158190264282065e-06,0.0013527976436840821,1.7121840014342284e-08,7.74124777898775e-05,2.6014755764951735e-05,0.004518769549350011,2.1860594351785278e-07,3.83592322306592e-05,0.002208409788682021,0.00023082710034599274,2.6386937425534056e-05,3.2472579102895966e-06,0.00013846551877119863
48,1.1729294684059915e-05,1.4009614188313046e-05,0.0010390561704841992,0.9676320021182504,1.9098743508459108e-09,2.1229431797314338e-06,6.0823034055156526e-05,0.0002523083005512298,2.4484029633123173e-05,0.0023174663512786774,4.501372123695124e-08,0.01679881212573338,9.776831496435045e-06,0.0009444902693680121,2.5064673625476953e-08,0.00010477858271454963,2.3080436823893544e-05,0.006966357119943655,1.4304412592684634e-07,3.6358179249740986e-05,0.0032033365141140224,0.00028919131462874597,1.4298711193966992e-05,2.9103620483366715e-06,0.00025239266398547244
49,1.1988870223073961e-05,2.0677566837254572e-05,0.0008711914337696998,0.969600281470305,2.025113893056602e-09,3.2671721078012864e-06,5.2355552829489864e-05,0.0002858059090916489,2.2686287055664848e-05,0.0033709787381437347,5.7642347490757234e-08,0.014106506569371405,1.0888595212214714e-05,0.0010878255847178494,2.3528805724656217e-08,0.00011784021541710742,3.159820182726487e-05,0.006427241367746642,3.207236470419038e-07,4.3827542269871604e-05,0.0033572677396505406,0.0003458428256067076,2.0214086918941313e-05,4.444108009398324e-06,0.0002068662429748596
50,1.3061130970088342e-05,2.373496791073697e-05,0.0009458766442907145,0.9656714526806097,2.2830238052587348e-09,3.2731873651813642e-06,6.993136790998189e-05,0.00034359064841341775,2.1541384859252715e-05,0.00461372236630042,5.632877001560306e-08,0.0156030165025267,1.090116897516474e-05,0.0013231911655309176,2.604682614838513e-08,0.00012212148777392446,3.203542932883792e-05,0.0068994577788620386,3.473994321473678e-07,4.6516027928207496e-05,0.0036040127767488802,0.0003726191144411414,2.272726175988171e-05,3.99538053896554e-06,0.00025278946890372234
51,1.9797242034472858e-05,1.483093544595481e-05,0.0023452920175988557,0.9512806417478648,7.007386834221308e-09,9.764156224954485e-06,0.00013816989175403064,0.0005567846211911062,4.437818856298165e-05,0.005907379557117253,1.320662773250209e-07,0.020249023757911752,4.332465523297236e-05,0.0010334118384095455,5.567062379209154e-08,0.00044909045616049265,6.262937340437807e-05,0.009917178222165044,6.221998129618046e-07,9.925149687104609e-05,0.006958460102645766,0.0004621830742550308,3.880799240761975e-05,1.2772899148993188e-05,0.0003560108294922322
52,5.428657361478535e-06,2.5836518363364366e-05,0.000664928013235713,0.9681390571667646,1.1386025679938342e-09,1.2601819342963412e-06,4.295401116061164e-05,0.00013875146898385907,1.7166527242178774e-05,0.002091016860168371,3.003099910476607e-08,0.022422525147370052,1.1272107437417242e-05,0.0004946143661062306,1.2619560035176723e-08,5.078958756794982e-05,1.904297780993665e-05,0.0016227552161419388,2.7052665756117015e-07,4.1174148658372405e-05,0.0038073247851396633,0.00024149238781458527,2.5695578383512447e-05,4.208625388343339e-06,0.00013239135114821688
53,9.116296901146798e-06,1.8402984818170838e-05,0.0009096458086848372,0.9668812496260385,2.4425028329673365e-09,2.6645329001103425e-06,8.186907827279024e-05,0.0003284299355277903,2.1155143146208903e-05,0.0036650761074665645,6.084639557260985e-08,0.017496138448311885,1.128583246668839e-05,0.001051323413758383,2.9518238033943896e-08,0.0001328883504636539,2.6492128052326453e-05,0.005085033155087046,2.6523929099474626e-07,4.7026427277003404e-05,0.0036229406349921863,0.00034946608885694295,2.3719760642868002e-05,3.894831823670638e-06,0.00023182336808382696
54,7.1015841441201135e-06,1.0388608927616739e-05,0.0007990973608841686,0.9748849453865763,1.5126921375697515e-09,3.222505320029474e-06,3.832271937075974e-05,0.00033958618284136966,1.787344632343945e-05,0.002260668328032663,7.331263010834558e-08,0.011190796698419759,1.1828883199070023e-05,0.000665553385884554,1.5157152632801775e-08,0.00011174446664193541,3.362339518013788e-05,0.005286236472954229,3.122021581202405e-07,4.143025571874788e-05,0.003849925762340765,0.0003168885136875452,2.122094829268797e-05,6.134956914538084e-06,0.00010300795371257487
55,8.963346923370503e-06,2.488176674665976e-05,0.0007698042362913594,0.9740406492667169,2.602931694212495e-09,4.539179645399739e-06,5.13643817595853e-05,0.00041216486972387004,1.4030849556988775e-05,0.005404307614426955,8.376278241719005e-08,0.007887252905223156,6.386959983317904e-06,0.0016666141402704722,2.5862123274254696e-08,0.00011747600138251158,4.1072881665482364e-05,0.005625610453696695,3.696971623047101e-07,5.540009030959157e-05,0.003245952612361049,0.00038543330970087,3.616687896224011e-05,3.960761072180603e-06,0.00019748556858155446
56,1.2238595216670321e-05,2.063823937474677e-05,0.0008809315637841561,0.968559820195454,2.066252142830192e-09,3.2673622314124137e-06,5.303345429117227e-05,0.0002802907351938338,2.340435380627574e-05,0.0032773770351331943,5.824655986352701e-08,0.015125973756961203,1.2070493488316944e-05,0.0010944993618205762,2.3644308277204984e-08,0.00011748374258166631,3.249833657148821e-05,0.006406637917453796,3.276648591881994e-07,4.480903400898667e-05,0.003468555916017158,0.0003490092502115455,2.0443073756635863e-05,4.618386571304866e-06,0.00021198757409256053
57,1.2008370968122292e-05,2.0817079650573213e-05,0.0008755057413575579,0.96237714048052,1.9632558940083404e-09,2.8319662355459663e-06,5.8199696093961745e-05,0.0002898670449802662,2.6285406352106708e-05,0.003219469203333727,5.232760058998481e-08,0.02092409292740773,1.598313180860685e-05,0.0010199564661613012,2.4626262429692928e-08,0.00013030567209918161,3.454727376704381e-05,0.006130812045440301,3.709101892917092e-07,4.799000582696647e-05,0.004159442135920676,0.0004104362231485426,1.93197711870763e-05,4.736027783513027e-06,0.00021980350264918835
58,1.3065671716331484e-05,2.0228019595213998e-05,0.0009287723644159581,0.9688948412620323,2.0050312493187e-09,3.3414952066935958e-06,5.174809927712288e-05,0.00027089248324801827,2.3958557275740975e-05,0.003164704364074828,5.989348779200681e-08,0.015120035981353827,1.2315888627884305e-05,0.0009991916576638279,2.268848697730822e-08,0.00011670726902428747,3.094282301501041e-05,0.006421316214461683,3.4428519053748803e-07,4.3474168071715946e-05,0.0033232605277230104,0.0003338300370781493,2.0406964392146423e-05,5.221283054787995e-06,0.00020131599649494118
59,1.2166609881233867e-05,1.9864433879735937e-05,0.0009523256886337879,0.9704710678376284,1.9461918210897473e-09,3.2656520760505612e-06,5.110937233235452e-05,0.000268424759183402,2.3401377241664585e-05,0.0031891603951454514,5.7251423089373464e-08,0.014131172101328067,1.1269187712746282e-05,0.0009256171551657574,2.1871761504512456e-08,0.00011651708715732982,2.8601452529465366e-05,0.005918756387021055,3.2437254871029e-07,4.343571715183036e-05,0.003305548662162112,0.00031465021803449186,2.0401601762596245e-05,5.127989390152014e-06,0.00018771087265735749
60,1.1850428908424842e-05,2.0472701653960563e-05,0.0008701803156841187,0.9697161714322357,1.9901691795854233e-09,3.2359495488524196e-06,5.193385166062718e-05,0.00028154225945198124,2.2467307369218958e-05,0.003347735395237597,5.6909211372382525e-08,0.014107112223730392,1.0846150281621632e-05,0.001078772057287117,2.311527325226511e-08,0.00011596164332777192,3.126635996361849e-05,0.006358754321589895,3.1603584510896415e-07,4.3452611811225187e-05,0.0033551408822418524,0.00034244227364269654,2.0198644032529132e-05,4.427167735065388e-06,0.00020563797210705042
61,1.247942284103777e-05,2.0208366912870062e-05,0.0009478305149207626,0.9702868092182932,2.0028426151757505e-09,3.2961148738054874e-06,5.17314867418025e-05,0.00026834385603476466,2.3190783708454646e-05,0.0032496288829099136,5.7929047383124974e-08,0.014013673104709825,1.1340002130496739e-05,0.0009549847217601078,2.193418348911502e-08,0.00011399307644864146,2.963657945737356e-05,0.006118499250233376,3.243986797407907e-07,4.371509190562624e-05,0.0033136746122200823,0.0003163887917261855,2.077240997214682e-05,5.082303279458446e-06,0.00019431514416696588
62,1.1850428908424842e-05,2.0472701653960563e-05,0.0008701803156841187,0.9697161714322357,1.9901691795854233e-09,3.2359495488524196e-06,5.193385166062718e-05,0.00028154225945198124,2.2467307369218958e-05,0.003347735395237597,5.6909211372382525e-08,0.014107112223730392,1.0846150281621632e-05,0.001078772057287117,2.311527325226511e-08,0.00011596164332777192,3.126635996361849e-05,0.006358754321589895,3.1603584510896415e-07,4.3452611811225187e-05,0.0033551408822418524,0.00034244227364269654,2.0198644032529132e-05,4.427167735065388e-06,0.00020563797210705042
63,1.2218996146490106e-05,2.2732305678660784e-05,0.0008649244248421803,0.9697595479719477,2.0314247955689364e-09,3.2007322733018785e-06,5.184971727943483e-05,0.0002724540708329146,2.27577733582824e-05,0.003447595301004734,5.593079802062695e-08,0.014173276959555357,1.0660492951639552e-05,0.0010942399557272516,2.3229947703292045e-08,0.00011215641075759528,3.0933775463386514e-05,0.006152757152417643,3.2906080153217757e-07,4.421910313981841e-05,0.003350866241263656,0.00033992228819445185,2.072863995927576e-05,4.449503637797562e-06,0.00020809793059626422
64,1.0732099888356687e-05,2.0101588502856283e-05,0.0008209340329202951,0.9689354079072137,1.8969745666437356e-09,3.0132765219748776e-06,5.161614663752551e-05,0.00026600492233461566,2.19801204724387e-05,0.0033536912001633024,5.3142217482150893e-08,0.014870417772687959,1.1091550592007177e-05,0.001062246951041799,2.2940772251249064e-08,0.00011141768150704374,3.14125322652729e-05,0.0060939199515230354,3.026205465723481e-07,4.399891082409858e-05,0.003700145765411429,0.00035946836320757404,2.051671864446648e-05,4.251863380209906e-06,0.0002072500437492006
65,2.2266691076197915e-05,1.8820348288028456e-05,0.0010607713644178842,0.9628182327281744,2.182102721940953e-09,4.043633542088919e-06,4.01616873238654e-05,0.00023929252214025537,4.5732842091712714e-05,0.0017477182545850532,8.232296672640758e-08,0.020127227005458465,2.2553249578289034e-05,0.0007679517791279354,2.7028407235616733e-08,0.00016558759722280983,4.322807543421761e-05,0.009154069200504657,4.92211982379056e-07,3.83990293291436e-05,0.003027364205404232,0.00044464531031293726,1.3704458769465067e-05,8.59664364367869e-06,0.0001890296281157175
66,1.1295700529947157e-05,2.0050830842622345e-05,0.0008217003542020865,0.9700085579898805,1.858132319933339e-09,3.0958872995184935e-06,5.019662175825162e-05,0.0002825785313383204,2.1835322728683733e-05,0.0031966509790258032,5.596231047001476e-08,0.014217227471448315,1.0272292444215966e-05,0.0011060572543806389,2.280222694785366e-08,0.00011306635447962766,3.0287456678799997e-05,0.0062572443221149835,3.068996117321179e-07,4.078309503997672e-05,0.003237121704419554,0.0003483281360697444,1.92150399501238e-05,4.13533689256175e-06,0.0001999117961942122
67,4.977845588515137e-06,9.365254416674115e-06,0.0004244149320062964,0.981009175472109,1.4000977146033076e-09,3.5433080982398932e-06,2.087912953666835e-05,0.0001558305458210179,1.0912793391843326e-05,0.0023301882251660485,4.5614527502622886e-08,0.00723708416425132,1.1896882081446072e-05,0.0011658244030509851,9.01755070785782e-09,8.66121277975682e-05,3.633429352191081e-05,0.0045488658535402125,1.487622708277255e-07,5.392031588948557e-05,0.00254890701286888,0.0001860753806441829,2.465949829848729e-05,4.269380430877638e-06,0.00012605838704352447
68,1.5143129442750562e-05,3.157138271915261e-05,0.000771680640294546,0.9624318847660279,5.30003455697191e-09,7.712217839677708e-06,7.126862441890173e-05,0.0004812473983538419,3.6846911137252566e-05,0.004679415132509662,1.346658465434125e-07,0.014660888611643493,1.8623276286565482e-05,0.0020369836199522658,7.214732131453496e-08,0.00029597322123073246,7.0756953246385e-05,0.00942233083336052,7.351868276046893e-07,7.851378716716583e-05,0.0038497076210434553,0.0006938691481624702,2.5644272134633445e-05,6.297602395185915e-06,0.00031269355060325023
69,1.302361087037668e-05,2.137091161864604e-05,0.0008818969751024359,0.9681141999166503,2.0281058806469018e-09,3.2781517261214893e-06,5.383468808862999e-05,0.000283830747097801,2.368004321714962e-05,0.0035074310620671068,5.5237390270753075e-08,0.014571572266403808,1.1115599907088754e-05,0.0011472688621062567,2.4329026113467115e-08,0.00011747296004768315,3.326247951696554e-05,0.007167493092239631,3.209355669847453e-07,4.282638112653469e-05,0.003387333104409255,0.00036769788325957415,1.9191271606137927e-05,4.215304683455322e-06,0.0002276021581657429
70,9.286897121480387e-06,2.5056422566084207e-05,0.0007382937276403402,0.9691618215770992,1.7026019536124806e-09,4.19171611594142e-06,4.352340750318352e-05,0.000243029678544065,2.2467470366657445e-05,0.004001596695539885,7.56628002959139e-08,0.013797311579778726,1.084857176680749e-05,0.0008861640315246502,2.7031999804811147e-08,0.00010807854474877031,3.698446395531645e-05,0.005590532150992839,6.157919528816869e-07,4.367964996266585e-05,0.004539738271115904,0.0005265868788226798,3.0792300490369145e-05,7.341985567258183e-06,0.00017195378942231568
71,9.552037638423852e-06,2.46371663901839e-05,0.0005976331392367195,0.97272936375494,2.6200385530518133e-09,2.2965745112153926e-06,4.6743096962633055e-05,0.00020846470891187796,1.8859871259484684e-05,0.003926641435487454,3.725234584567055e-08,0.013212425099844514,1.3439108142141822e-05,0.001107606095085303,1.727990098728677e-08,0.00012481605998733027,2.7564066077015515e-05,0.004459521175728416,2.1218765960438485e-07,8.439110404943533e-05,0.002971309709463513,0.0002061584479025245,2.3669514004518876e-05,4.056692823377673e-06,0.00020058180160912426
