,0,1,2,3,4,5,6,7,8,9,10,11,12,13,14,15,16,17,18,19,20,21,22,23,24
0,0.0002092138660343441,7.850422507528278e-06,0.0011589883741282196,0.9177501042440726,6.877265691925456e-05,1.6217279899468868e-05,3.9427742695128535e-05,0.0008772413057478729,0.001019137581045268,0.0025023993909276325,0.0003265116378785927,9.832773943102888e-05,0.007487296812673493,0.0036403245083506224,2.3202133773252697e-07,0.0008162642125899315,0.0610362780983517,0.0026052726277335974,2.6905491360858293e-07,5.337176215366999e-06,5.598695040258611e-05,9.763550713163437e-05,1.9208482165714036e-06,0.00017861024788844046,3.7969290773552274e-07
1,0.0002572364201831554,8.600619306911991e-06,0.0011843319717914056,0.9144593797409133,7.94434699479619e-05,2.3641259928050298e-05,5.377784652183404e-05,0.0011482927343687411,0.0013748842063684868,0.003735141140660602,0.000328267779443866,0.00010604777628311443,0.008367802186723578,0.003348171501266939,2.8503929490288217e-07,0.0014757939182083542,0.06079506792916691,0.0028716136700725346,4.2884224334858895e-07,8.247802901477821e-06,6.546621034477143e-05,0.00010009609603656706,2.4076217958819184e-06,0.00020513695702742172,4.3725920003660696e-07
2,0.00026912890007524403,8.869055684051914e-06,0.001387311887009224,0.9142532358634862,8.869984978407287e-05,2.5407234823449242e-05,5.717520733044923e-05,0.0012796563598542784,0.0013761667781735318,0.004235575086806085,0.0003335248793448887,0.00011205419444066032,0.007807118083526325,0.004338333646680373,3.5136757703252416e-07,0.0012272516211238736,0.05951500944999301,0.0032053070060621045,5.03659355520059e-07,1.207380690288926e-05,8.788846724666394e-05,0.00014522939820323195,3.1798806025352935e-06,0.00023034309226369014,6.052236504691947e-07
3,0.00023699540429838458,8.441719940226164e-06,0.0012025612110956718,0.9117819314119858,7.290799932891481e-05,2.3309975265105612e-05,4.904683175952215e-05,0.0010417140299688597,0.0010955516443698853,0.003216945872019173,0.0003408544927571239,0.00012023704124509677,0.008407516597354303,0.003871963910381534,2.7360635827478267e-07,0.001167287733545202,0.06386895713018645,0.003104772627037037,3.8762374990936353e-07,8.234718820699318e-06,7.429224040379291e-05,0.00010864903270872886,2.560867351928025e-06,0.00019415176443862673,4.545136295110297e-07
4,0.00021621963235458436,8.982501610430602e-06,0.0011388338621061533,0.9093927622206662,7.594198730214174e-05,2.332895402422318e-05,4.9715394250988526e-05,0.0009781330603970478,0.0010420799003761985,0.0029178552388833467,0.00036883962610502295,0.00013507280846712183,0.009654825482597496,0.004196108805190724,2.590921321579089e-07,0.001143219864932499,0.06515059652915973,0.003141545173629351,3.8158073277901436e-07,7.890247435304666e-06,7.376140410996008e-05,0.00010615925139567711,2.6399260536776144e-06,0.00017439457244647225,4.5288364057826403e-07
5,0.00021916809928768135,5.908265323546004e-06,0.0010454434313867393,0.9210431472749884,5.799597579814732e-05,1.8895890235725186e-05,4.2293766232753106e-05,0.0008930994482066488,0.0009083262160843991,0.0030573912531008944,0.0002907546238356627,9.789600861988815e-05,0.006732347336209314,0.0035541329290599546,2.193975913909244e-07,0.001043690744541689,0.05724942879539738,0.003370937101247727,2.7989549126199694e-07,8.020304552441621e-06,6.479191288179352e-05,8.86801945760898e-05,2.3488563828870998e-06,0.00020438368836675648,4.185906007959651e-07
6,0.00023699540429838458,8.441719940226164e-06,0.0012025612110956718,0.9117819314119858,7.290799932891481e-05,2.3309975265105612e-05,4.904683175952215e-05,0.0010417140299688597,0.0010955516443698853,0.003216945872019173,0.0003408544927571239,0.00012023704124509677,0.008407516597354303,0.003871963910381534,2.7360635827478267e-07,0.001167287733545202,0.06386895713018645,0.003104772627037037,3.8762374990936353e-07,8.234718820699318e-06,7.429224040379291e-05,0.00010864903270872886,2.560867351928025e-06,0.00019415176443862673,4.545136295110297e-07
7,0.00020560447908623056,7.51977778902479e-06,0.0009564051828016474,0.9099875954376312,7.166249495279898e-05,2.6217945093836758e-05,5.410298180766939e-05,0.000892163706577967,0.0013242094965531471,0.003943925421068198,0.00030848305373153617,0.00011290728246113884,0.006173633481166891,0.004861044894259752,3.1692322744994646e-07,0.0012944231221071415,0.06600880448068695,0.003326990623512842,3.2708750116235577e-07,9.976808457375865e-06,7.720353769160086e-05,0.0001266393853577747,3.2626991566101488e-06,0.00022593349974960286,6.461975704373594e-07
8,0.00028935110763047677,4.488953999542336e-05,0.001068861593410271,0.4611821535337704,8.262127966066078e-05,8.21872256179817e-05,0.00012556182584853886,0.0051366019386767225,0.00040258381445239884,0.0010542668401656583,0.0004467760847557089,0.004548492729385813,0.22775156303182942,0.0021355193275008457,6.778489341444133e-08,0.004925305342029716,0.28276463025930365,0.007645161439740337,4.843885850831212e-06,9.843002314422934e-06,0.000167778086882788,0.00012430590194841392,1.7350190891071628e-06,4.777566621136163e-06,1.2183862577505548e-07
9,0.00024115520591526035,8.8846749786649e-06,0.0011972523887414425,0.9094394243189798,7.500711546751095e-05,2.3864255193824985e-05,5.145440764255218e-05,0.0010616609859143181,0.0011142917729660613,0.003216157633645589,0.00034787606346783207,0.0001285982060373978,0.008802990084800434,0.003945924952622366,2.761576049280208e-07,0.0012001258916978998,0.06554657035532667,0.0032106015822424257,4.0366095325325276e-07,8.317079627524899e-06,7.610361388426422e-05,0.00011128719848530883,2.6021879246659027e-06,0.0001886990897194326,4.7111616063637436e-07
10,0.00023699540429838458,8.441719940226164e-06,0.0012025612110956718,0.9117819314119858,7.290799932891481e-05,2.3309975265105612e-05,4.904683175952215e-05,0.0010417140299688597,0.0010955516443698853,0.003216945872019173,0.0003408544927571239,0.00012023704124509677,0.008407516597354303,0.003871963910381534,2.7360635827478267e-07,0.001167287733545202,0.06386895713018645,0.003104772627037037,3.8762374990936353e-07,8.234718820699318e-06,7.429224040379291e-05,0.00010864903270872886,2.560867351928025e-06,0.00019415176443862673,4.545136295110297e-07
11,0.00023227489554418374,8.534094641911256e-06,0.0011841395244314543,0.9098520327856873,7.159412510345069e-05,2.3284330739650717e-05,4.901670321813521e-05,0.0010684581741735527,0.0010567703304695192,0.0030459462832191173,0.00034566062830163025,0.00012555115797739525,0.009097514666478882,0.0037886502893430245,2.641919142016246e-07,0.001181218405562293,0.06542627402243137,0.0030692519621070826,3.96404885777845e-07,8.049681452100788e-06,7.319204150848302e-05,0.00010588506588124914,2.553713482618026e-06,0.00018305487017963181,4.3165126599041817e-07
12,0.00024975867767607405,6.761850018558307e-06,0.001234891823874527,0.907604788225627,4.982025362376106e-05,1.9526966929315057e-05,4.813081267230378e-05,0.0014875895619482088,0.0010233322157118443,0.003233738008706636,0.00030847829737515076,9.403314114006265e-05,0.008648107849137894,0.0025471884140927017,2.751926825550607e-07,0.0012405618881446913,0.06947816018628207,0.0023443186495498477,4.3363030822278195e-07,6.639716360272524e-06,6.581824350064399e-05,0.00011794791534472898,1.988648138298647e-06,0.00018741774083090877,2.9209032365277253e-07
13,0.00020021160014540727,8.67653536832222e-06,0.0010634412469185494,0.9123189135730819,7.195717780309258e-05,2.0498941594126395e-05,4.083542396267476e-05,0.0008372087245446849,0.0009274945539731349,0.002304904891527583,0.0004428756754602142,0.00012861575569025568,0.009940793451082999,0.003963408076287071,2.5161467537726724e-07,0.0009952338981330628,0.06373506302690717,0.002662418309783849,3.3654264810449723e-07,5.958258906818438e-06,6.770324932479112e-05,8.989971750445125e-05,2.552091181856732e-06,0.00017038740615682083,3.602573377932617e-07
14,0.0005064667458746672,3.730166206001805e-05,0.0020343632916746935,0.8638312882321912,0.00020571959695784745,5.491048993215648e-05,8.666780400392618e-05,0.0013020695308823146,0.0012197945146819257,0.0039304461874641854,0.0008806450848667127,0.0005084534604944755,0.026514920101236027,0.007345761397971756,4.254559852443951e-07,0.002167691175332777,0.08316798013205651,0.005700228717125436,1.5476625584319344e-06,1.1347668121634247e-05,0.00016194711391375157,0.00015728745056302083,3.50173589046265e-06,0.00016851533411746362,7.19454043504945e-07
15,0.00023699540429838458,8.441719940226164e-06,0.0012025612110956718,0.9117819314119858,7.290799932891481e-05,2.3309975265105612e-05,4.904683175952215e-05,0.0010417140299688597,0.0010955516443698853,0.003216945872019173,0.0003408544927571239,0.00012023704124509677,0.008407516597354303,0.003871963910381534,2.7360635827478267e-07,0.001167287733545202,0.06386895713018645,0.003104772627037037,3.8762374990936353e-07,8.234718820699318e-06,7.429224040379291e-05,0.00010864903270872886,2.560867351928025e-06,0.00019415176443862673,4.545136295110297e-07
16,0.00029796431856917853,1.164308943206669e-05,0.0016920264348157259,0.9037592020319787,8.678251652827371e-05,2.589902687983481e-05,4.6393104633852785e-05,0.0014944432514423086,0.0016695091033753998,0.0026369848087372584,0.00038206200009649303,9.823913912504828e-05,0.011001220953977127,0.002901750645707391,3.4224242524009576e-07,0.001091783167788476,0.07042778677873991,0.001983077752855153,5.557679074125736e-07,7.12431185905776e-06,5.2813738751822e-05,0.00011345235665841076,2.505981322085289e-06,0.000216081203292194,3.562731014503496e-07
17,0.00020580543844650747,7.55521065021565e-06,0.00120254557710942,0.9293666506889472,7.212172411128296e-05,2.4907977399027165e-05,4.5327278500238646e-05,0.0009126057742349765,0.0013164946992356389,0.0034556502168719243,0.0003219737762195022,7.205910828068902e-05,0.006146376604197551,0.002888634664522007,3.456257038680229e-07,0.0012368502184689064,0.05040413591891624,0.0019221154703938424,3.268097168608369e-07,6.537505749473174e-06,5.870259196448924e-05,8.524671144116308e-05,2.035939709521847e-06,0.0002446510694370842,3.4339977249942554e-07
18,0.0002386026884701343,8.528832068261712e-06,0.0011970530644587333,0.9103520094881665,7.28427440829336e-05,2.3468423904877227e-05,4.96191196261534e-05,0.001042572535964714,0.0011050368275697842,0.003255741426392301,0.0003420036348633311,0.00012270692318908173,0.008452964059850245,0.0039566817286406505,2.7400642663483924e-07,0.0011709326054761486,0.06503916001688784,0.003177156978807633,3.894228826990818e-07,8.354706277881936e-06,7.49174932601942e-05,0.00011109600487907616,2.598893586186728e-06,0.0001948201785617909,4.681957063422396e-07
19,0.0007687049805749944,1.2179364399601346e-05,0.0010934489042990158,0.7937805019570874,5.217350406357816e-05,9.567333638712072e-05,7.252537004284798e-05,0.0007613285351368861,0.004682931310305618,0.022648449123540575,0.0003938569489033029,9.148188660863689e-05,0.003351278540926166,0.009895015181842099,7.050815214666809e-07,0.0027532961495555265,0.14993168755503128,0.007957554579863852,4.794359831334906e-07,3.0251671293630823e-05,0.00011781874618152647,0.00027695911325150547,9.551479835069868e-06,0.001218823441095664,3.3238022695364458e-06
20,0.00018711402752328188,7.729617911304243e-06,0.0011938481819123094,0.918107989452422,6.756287505365622e-05,2.2298353452114262e-05,5.464107387496767e-05,0.001229955292332208,0.001041001264958858,0.003085533444361097,0.00033680388114428725,0.00010325779565452518,0.007523509843475203,0.003603670191136779,3.8235282985467035e-07,0.0010539492619590339,0.05970459886502843,0.002251276263100043,4.0343563376756284e-07,8.013233873048334e-06,8.523967850033198e-05,0.00014108027813441104,2.7287287285597497e-06,0.00018698254430075267,4.300626990879218e-07
21,0.00023686577193291915,8.438310520916508e-06,0.0012025222775418998,0.911767882440025,7.285699551956669e-05,2.331353070915957e-05,4.9051066790615026e-05,0.0010422119583915008,0.0010954930447676628,0.00321516266874378,0.00034067055446985144,0.00012018093447275631,0.008408010152046435,0.003869890121240726,2.7361260459149306e-07,0.001167098938726103,0.06388874802147387,0.0031027236548236154,3.8754757796997215e-07,8.232865836117464e-06,7.42492714513154e-05,0.00010865248875425555,2.5605080649803385e-06,0.00019406900929993588,4.5425421439058174e-07
22,0.0003389396753456701,8.58383822301612e-05,0.0018403623123605637,0.8753450669898789,0.0005233263964305548,0.00010676284714810377,0.0003158136579015523,0.0023452101447619493,0.005104640688007538,0.003100633658267105,0.0006570066986533276,0.0003738016224930431,0.029417733543363928,0.009568136889542693,1.4454432076282523e-06,0.0024739026310661963,0.06481546771969927,0.0029997357150427623,2.111980296078228e-06,1.8143851165403058e-05,0.000131692391173867,0.0002517235680543731,1.003899234111535e-05,0.00016989540747651156,2.5687940914363644e-06
23,0.00023699540429838458,8.441719940226164e-06,0.0012025612110956718,0.9117819314119858,7.290799932891481e-05,2.3309975265105612e-05,4.904683175952215e-05,0.0010417140299688597,0.0010955516443698853,0.003216945872019173,0.0003408544927571239,0.00012023704124509677,0.008407516597354303,0.003871963910381534,2.7360635827478267e-07,0.001167287733545202,0.06386895713018645,0.003104772627037037,3.8762374990936353e-07,8.234718820699318e-06,7.429224040379291e-05,0.00010864903270872886,2.560867351928025e-06,0.00019415176443862673,4.545136295110297e-07
24,0.0012917771129713033,1.893747626481434e-05,0.004791206556921102,0.8084786365328226,4.866859266766289e-05,6.0352046571039574e-05,0.00010669696069469287,0.003851223353952126,0.003157263823547674,0.01608769459501508,0.0004922559306608527,0.00010757691661722921,0.005916659842419451,0.0030359396531039616,1.6633533372185208e-06,0.001236270061020464,0.14555476650922228,0.003742733196607817,1.9502119400977473e-06,2.4090200089923893e-05,0.000268365806020548,0.000768489817157268,3.928557649688755e-06,0.0009516000542430699,1.2528384821826315e-06
25,0.00022213325857403836,5.868280362308275e-06,0.0010772080674661033,0.9238253277315029,5.826720802447362e-05,1.5616024640149585e-05,4.5373229621750664e-05,0.0012574304079007754,0.000825866519004282,0.0026041982712569143,0.0003074995968057456,9.596289488183461e-05,0.008363481403332372,0.002785646972719458,2.3153122490832997e-07,0.0010634596596207392,0.05442359157591071,0.002701846254428599,3.610143635648866e-07,6.885530496411892e-06,6.653182016689592e-05,9.136356541147942e-05,2.199414051860833e-06,0.00015333772194080862,3.120462910955744e-07
26,0.0002652227818464462,7.208325081704026e-06,0.0011008691128508088,0.9218341767812984,6.320927649235122e-05,2.0638534909867832e-05,3.5783978155167845e-05,0.0009173719364064357,0.0013235507330698493,0.0025365642815029653,0.0003285672414311005,7.479882082115257e-05,0.006145400605620442,0.0028069684716823242,2.7408894642910623e-07,0.0009408412647486242,0.0588725306871729,0.0023045620235946068,2.8368016078497784e-07,6.70443028017705e-06,5.501120811624611e-05,7.612888667236483e-05,2.8189623756531132e-06,0.0002801253149744123,3.885717889003958e-07
27,0.00030358990396385597,7.089602149239052e-06,0.0014918741987083174,0.9172542910608844,6.48513873731461e-05,1.677273364374741e-05,2.8568747120656745e-05,0.0008642186043919933,0.00040400310900824584,0.0017630501146217309,0.00032421487191356904,0.0001769496470974283,0.012212871149639414,0.0029237200939919955,1.0191031183016445e-07,0.0009608526458017311,0.05584235464684538,0.005136190034128979,3.4700467919258e-07,5.535028750121083e-06,7.062528400060366e-05,4.517297344785626e-05,1.4795129063874966e-06,0.00010105282302955219,2.2291159078575922e-07
28,0.00023699540429838458,8.441719940226164e-06,0.0012025612110956718,0.9117819314119858,7.290799932891481e-05,2.3309975265105612e-05,4.904683175952215e-05,0.0010417140299688597,0.0010955516443698853,0.003216945872019173,0.0003408544927571239,0.00012023704124509677,0.008407516597354303,0.003871963910381534,2.7360635827478267e-07,0.001167287733545202,0.06386895713018645,0.003104772627037037,3.8762374990936353e-07,8.234718820699318e-06,7.429224040379291e-05,0.00010864903270872886,2.560867351928025e-06,0.00019415176443862673,4.545136295110297e-07
29,0.00023699540429838458,8.441719940226164e-06,0.0012025612110956718,0.9117819314119858,7.290799932891481e-05,2.3309975265105612e-05,4.904683175952215e-05,0.0010417140299688597,0.0010955516443698853,0.003216945872019173,0.0003408544927571239,0.00012023704124509677,0.008407516597354303,0.003871963910381534,2.7360635827478267e-07,0.001167287733545202,0.06386895713018645,0.003104772627037037,3.8762374990936353e-07,8.234718820699318e-06,7.429224040379291e-05,0.00010864903270872886,2.560867351928025e-06,0.00019415176443862673,4.545136295110297e-07
30,0.00023699540429838458,8.441719940226164e-06,0.0012025612110956718,0.9117819314119858,7.290799932891481e-05,2.3309975265105612e-05,4.904683175952215e-05,0.0010417140299688597,0.0010955516443698853,0.003216945872019173,0.0003408544927571239,0.00012023704124509677,0.008407516597354303,0.003871963910381534,2.7360635827478267e-07,0.001167287733545202,0.06386895713018645,0.003104772627037037,3.8762374990936353e-07,8.234718820699318e-06,7.429224040379291e-05,0.00010864903270872886,2.560867351928025e-06,0.00019415176443862673,4.545136295110297e-07
31,0.00035335172739245417,8.65072205831264e-06,0.0016992515536446168,0.9080521774190934,7.24884391521287e-05,1.970517513146632e-05,4.814907775799642e-05,0.0016441385923379006,0.0009019073522168537,0.0029503031673006764,0.00029784664411881053,0.00013569768769979744,0.010594437014451449,0.0030016769868156145,2.2605585790112633e-07,0.0010916214772202818,0.06485714129486371,0.0039030093921908313,5.494448409741684e-07,9.377137239745625e-06,8.262563058140755e-05,0.00010808450292237713,2.337620285888543e-06,0.00016482898171695003,4.1690310850618613e-07
32,0.00025636847984735785,9.287173503711457e-06,0.0012992025897210384,0.9068549174770167,7.83615348196029e-05,2.5491545357385164e-05,5.3566097284895616e-05,0.0011658254359661645,0.0011321402744917703,0.0034014776815507854,0.00035904626825594357,0.00013424267993259245,0.009175241248905603,0.0040623041282580995,3.00891451343548e-07,0.0012581069379676217,0.06705520695464415,0.0032670385885699136,4.707192191693466e-07,9.209198345931016e-06,8.147467712514332e-05,0.00012281163323693323,2.765167413965199e-06,0.00019465183068483047,4.907864292779464e-07
33,0.0002457912288274529,8.300471737784193e-06,0.0014938978220910167,0.9437732385027003,0.00010526562967113898,2.3924129471197076e-05,4.45043587938628e-05,0.0008774358895449496,0.0013755411785545601,0.003674998373533412,0.0003297389385525649,6.810089121691715e-05,0.004438001682509525,0.0034351346763193155,4.5977260632841725e-07,0.0009192251979819905,0.0364898586803917,0.0021791780085236817,3.625093775913129e-07,9.19128262456513e-06,9.234106693202703e-05,9.611501793201722e-05,3.0397965400610874e-06,0.00031577534765171586,5.795459140885119e-07
34,0.00012092090632005526,4.553114419173149e-06,0.0008443304908943615,0.9233372307720251,4.6384982913428026e-05,2.3327066288828405e-05,4.278408756828161e-05,0.0007639872177430816,0.0007562993099791613,0.0029257614361234757,0.00021543702547129965,8.850213063039773e-05,0.005654479259482356,0.0034421903306021875,2.0994471412309142e-07,0.0011839828461969182,0.05761742347858906,0.0026284150294675905,1.955698743421744e-07,7.643218984752587e-06,6.115399329015961e-05,8.134966092426188e-05,2.0364878570351673e-06,0.00015107770731414487,3.239323264826472e-07
35,1.6908533464861676e-05,6.2418950515883815e-06,0.0010072253321433493,0.9478500815032598,0.00011808498308830835,8.082819407262011e-05,3.404046835220714e-05,0.0001527509628498001,0.0005300125254799493,0.0016128897196074194,0.000679431536396853,6.528987883975331e-05,0.004235885273182329,0.012910144225862924,1.1700293989855082e-06,0.000679960274225998,0.02897556530636463,0.0005392919228476605,1.3800077324433633e-07,8.624759134080376e-06,0.00010880754641599405,0.00010840066329462622,6.270632106209098e-06,0.00027156543922889195,3.903945578637879e-07
36,0.00025733149751613996,8.702328300712998e-06,0.001410661071651351,0.9252676132086133,8.648033428192896e-05,2.196179552814721e-05,4.4964642347818137e-05,0.0008715796727731713,0.0010148353973281972,0.003340194505183778,0.00037087144798409746,0.00010992454337993236,0.007469989764009138,0.004025586481931164,2.836860238134367e-07,0.0009995636131436508,0.051044596351913635,0.003232879560777801,3.7538403797158803e-07,8.357848135084192e-06,8.221264272938322e-05,9.761427003265653e-05,2.4493499594038696e-06,0.00023048374878715315,4.868536306547863e-07
37,0.00019022397238049042,1.3801147724499155e-05,0.0011538249136171408,0.8892159390544667,9.9412992565814e-05,4.013496543576249e-05,7.397256781111887e-05,0.001352245260668753,0.0015675812212663468,0.00379247327987463,0.0003546786590822624,0.00017998710925262254,0.011660586559748217,0.0049846586875138,3.773629669858912e-07,0.001654206381566215,0.08052458398058733,0.0027236679524298957,5.715636245936118e-07,1.053989257642369e-05,9.887706203208209e-05,0.00016319425001828637,3.358398930414165e-06,0.00014052013257537726,5.826312838854946e-07
38,0.00023043623893597443,8.08857291497631e-06,0.0011965212229059707,0.9021440032395016,6.378466862650769e-05,3.4338057855133054e-05,6.536619857926963e-05,0.0013638343181037076,0.0009146328069397673,0.003293367143225744,0.00034533731780034743,0.0001394209390815246,0.010314429658314347,0.0033939748103423684,3.34156038711399e-07,0.0018261460993492502,0.07121978517994079,0.0030660784187433116,5.486151141066358e-07,1.0104436481210178e-05,8.833863185181472e-05,0.0001105656574864365,2.9929217889164774e-06,0.00016717918845501726,3.915016234591754e-07
39,0.000393144897758829,1.6051286988066635e-05,0.001610501340509273,0.8916380354355851,0.00010266334622063308,2.4033542945834304e-05,3.2748899583458844e-05,0.0004452741872856884,0.0018877403254967551,0.005027245626135741,0.0006511975450386903,0.0001431904525318959,0.008614293389492997,0.007201985367765319,2.2971368220496927e-07,0.0008780880991839504,0.07622430707834647,0.004466296557674853,2.9645094145651387e-07,6.504375579585346e-06,5.532613265213766e-05,0.00011066654752433501,1.736149704660944e-06,0.0004678913409143301,5.519104577147978e-07
40,0.0002834078081841236,1.4796620469689674e-05,0.002030953615943786,0.9034854707576643,0.0001279606215491384,3.239999019611125e-05,5.352433258858433e-05,0.0010254001679896995,0.0011434820357821235,0.003580892835161036,0.000460056491618689,0.00019387631000484506,0.010557332185280573,0.005853261324869675,3.8127623802817877e-07,0.001117244348577567,0.06576578642481808,0.0037834527459503996,6.094070847186879e-07,1.0725947997391968e-05,0.00010648031274766025,0.00015464014140716522,2.8136394837295696e-06,0.00021441760806635202,6.330503265575433e-07
41,0.0010677333187992244,4.984747537860239e-06,0.0023427650043316346,0.6358581578138783,2.8500374606069466e-05,1.986629881463165e-05,0.0002132275273263453,0.0022380473745266145,0.00016349982545062414,0.009814489162331215,0.000893891549258248,0.001607991266228597,0.011460920139170968,0.023785030325970992,6.997444233001523e-07,0.0010179154643486777,0.21016811712989245,0.09495410809522999,2.9153666995598478e-06,9.805103889043731e-05,0.0010715177377709517,0.0028605883616011057,1.106107427845612e-05,0.0003096039868943898,6.317271739384549e-06
42,0.000191874131716571,5.665294618157348e-06,0.00045062295424931284,0.9335975761591614,5.855811565775345e-05,1.9962643972122694e-05,2.3233776383230186e-05,9.896315516757763e-05,0.000984935878096433,0.001961614225060532,0.00036008052014766364,6.614279566417291e-05,0.003565825148891595,0.0065993151455284215,9.279880245912147e-08,0.0006634546138620074,0.044553634000261626,0.006360068476506494,4.0464849718417076e-08,3.946880721540371e-06,2.3057577911807466e-05,1.6744045240833338e-05,2.4837153845424013e-06,0.00039135676736088174,7.507147833766636e-07
43,0.0002285157201908222,7.436350542460815e-06,0.0011670874463396948,0.9162805699938869,7.3702088516358e-05,2.467211150049067e-05,5.141736097998236e-05,0.0010877490236131317,0.00135758055633602,0.004728286969702757,0.00030558981848023643,9.349998673802437e-05,0.00665406895259651,0.004043862614109476,3.0941216227040613e-07,0.0012799954968979001,0.05925803224139673,0.002899430572824348,3.878620082767073e-07,1.0701117977436412e-05,7.964320188686168e-05,0.0001303881342240815,2.7518687928880096e-06,0.00023380509849249393,5.159998039099508e-07
44,0.00023699540429838458,8.441719940226164e-06,0.0012025612110956718,0.9117819314119858,7.290799932891481e-05,2.3309975265105612e-05,4.904683175952215e-05,0.0010417140299688597,0.0010955516443698853,0.003216945872019173,0.0003408544927571239,0.00012023704124509677,0.008407516597354303,0.003871963910381534,2.7360635827478267e-07,0.001167287733545202,0.06386895713018645,0.003104772627037037,3.8762374990936353e-07,8.234718820699318e-06,7.429224040379291e-05,0.00010864903270872886,2.560867351928025e-06,0.00019415176443862673,4.545136295110297e-07
45,0.00019184385237909935,5.693017208777033e-06,0.001097105037238532,0.9258783352448847,5.560762724537967e-05,2.262420019233456e-05,5.7585896252445914e-05,0.0015241494694891431,0.0009842911467310702,0.002813738225466751,0.00025889264937465674,7.702468157669005e-05,0.007473657739237717,0.0022891672132912292,3.341982270460322e-07,0.0014482541623607635,0.05352549306194632,0.0019655748252343287,4.0831291370038826e-07,7.598860370822737e-06,6.195398551834627e-05,9.269184255009302e-05,2.2720059845900907e-06,0.00016541517624143513,2.8756808398586637e-07
46,0.0003518236525605454,1.762297158596241e-05,0.0020432423601975413,0.9175131427744507,0.00020207421709927365,2.7567017775959797e-05,8.33115363406202e-05,0.001083461365619629,0.0016183710073824976,0.0055196736671791645,0.0004929410805461522,0.00017660309197965992,0.01011729646815825,0.007173795611151625,4.541548848803557e-07,0.0012521566491605668,0.04712446558874163,0.004636849566809989,7.613187815791912e-07,1.342077652995509e-05,0.00012656586711827487,0.00017904429868751995,3.0437830173997077e-06,0.00024124392738701804,1.0672468536808347e-06
47,4.9066967419059846e-05,2.013048022267747e-06,0.0005807209633931156,0.9669966911324126,4.238423644017655e-05,1.3067788849742088e-05,1.7544651118089587e-05,0.0002532378175483053,0.0004571952764313217,0.0012629210510808487,0.00019144857179221258,2.5937075507147588e-05,0.002864223438863351,0.0027095880981837517,1.3602801619405322e-07,0.0005439982775672243,0.022695411208567565,0.0010857964648943246,5.52849192137917e-08,3.3378342135240215e-06,2.913826838696285e-05,2.3023909339760775e-05,1.6157686024874792e-06,0.0001512947759554716,1.5206247524371529e-07
48,0.00020275885147879937,7.141762734886674e-06,0.0011630959592789892,0.9309997048985392,8.892951060727234e-05,1.8470069704993802e-05,4.122263059047314e-05,0.0006539516031818661,0.001031948533780539,0.0037584856358638483,0.00034625608709622956,0.00010251640187205818,0.005782465381538093,0.0050400683489946535,2.619534743808874e-07,0.0009383393403073243,0.04594024493825099,0.0034446190545361927,2.6805225661688817e-07,8.524635688629325e-06,7.936950089297536e-05,0.00010508558001177713,2.4557298171555683e-06,0.00024324071439157954,5.748251107436281e-07
49,0.0002567699484167708,6.653184957111247e-06,0.0008473126286569059,0.9251584231438681,6.464017183101877e-05,1.7072719367560974e-05,4.726305396914318e-05,0.001061023718699239,0.0012434865682496047,0.003024123968323715,0.0003151622968257496,7.894306994411432e-05,0.007165092653945819,0.0029106977041932674,2.3887735992947046e-07,0.0012454466928476147,0.05362562927069164,0.002592835793129971,3.2466662889057844e-07,6.315265927368595e-06,5.6387297446177044e-05,7.656444028161201e-05,2.5712101666306324e-06,0.0001966258282829158,3.958259890842783e-07
50,0.00024257380658562224,8.534674321315986e-06,0.001210438157906523,0.9113830009353452,7.397864469613555e-05,2.3227733875577115e-05,5.111726850770442e-05,0.0010736944881658524,0.0011229559060760895,0.003357512059510449,0.0003398891475514716,0.0001205038974205215,0.00844980072761923,0.003916639909376187,2.788898888819159e-07,0.0011890093337320394,0.06387385738983135,0.003167327134368813,4.014806057949166e-07,8.472283652349077e-06,7.549166656172808e-05,0.00011286762182926812,2.5794013430890114e-06,0.0001953739523975551,4.734888312989105e-07
51,0.001130328458877898,1.6489257968601854e-05,0.0036804732157459854,0.6567713970488382,0.0001580398915318726,0.00025622086659089283,0.00043409624534087085,0.0050740206696273885,0.001540313009519598,0.01791347007894499,0.0006266138661962656,0.0011482311293426397,0.02161825188232943,0.019414252749379378,1.887116299392899e-06,0.009693532034450668,0.21627745186741612,0.041325115126877754,1.1956923650589109e-05,0.00044744418056563755,0.0005680976478089071,0.0014232241348924083,4.638687986949501e-05,0.00041143679703015834,1.1268920904691904e-05
52,0.00029533715599781087,3.7148404953274354e-05,0.0018560425296757761,0.8612127730091487,0.00015963165639772727,4.242810339302283e-05,0.00011857514030280362,0.002749418385750263,0.0024577935456710095,0.003015881851696432,0.00043334529836577715,0.00028143086258147467,0.016049851028948323,0.005765634212203644,8.092833032928738e-07,0.0011115328851888497,0.10136452547147473,0.00237407763559863,1.2424209054839473e-06,1.0298924880336287e-05,0.0001702399873713219,0.00035114795635010946,5.335731134265385e-06,0.00013431998757311772,1.1785311339140464e-06
53,0.0001466200116183857,5.499589341892892e-06,0.0006758691095152071,0.9223389864862797,5.650820066155172e-05,2.3186269717281625e-05,8.159258131394102e-05,0.001104012792629702,0.0012365923380478522,0.0030571512494783413,0.00025251672322276433,8.379482247557428e-05,0.0068925830756153125,0.0035312917259943334,3.2236483955282724e-07,0.0015043488365251365,0.05605726811297454,0.0026168569489682914,2.84860261226287e-07,9.095449634164233e-06,5.7737546813520346e-05,9.856622247960642e-05,3.2587659970424358e-06,0.0001655293627648723,5.265528302923607e-07
54,0.0001537415080317016,3.168272524964972e-06,0.0013421568310025447,0.9443768992474618,4.329316011739971e-05,1.3041298180593805e-05,2.0067279643205672e-05,0.0007909273223387257,0.0004566632038484715,0.0015868442678047513,0.0002711099939664045,5.767375985696495e-05,0.005791774243081477,0.0020498373230905757,1.6792102892373624e-07,0.0005976896591625053,0.04030688593822866,0.0018554653389861104,2.0652095224845627e-07,5.557955000144657e-06,5.282413594758936e-05,5.253805586712082e-05,1.6827995965311405e-06,0.00016962945496709877,1.545093136532443e-07
55,0.0001168512210194365,2.324367477578981e-06,0.0011567643994531624,0.9349181619569694,3.039311295570731e-05,2.0893870726746213e-05,2.4993100577505498e-05,0.0010583728401492376,0.0005607781859422286,0.0029751734780537253,0.00023933808088440247,3.2305300305648475e-05,0.004741578961352184,0.0025603552277170456,2.701903417561423e-07,0.0008958018096612897,0.04908332468972472,0.0012063359187976632,2.5756754418343884e-07,8.460598603625793e-06,5.4119960227333175e-05,9.880337276280506e-05,2.563584279699656e-06,0.00021161219698657982,1.6600748621215176e-07
56,0.00023467658324033742,8.844086887287523e-06,0.001206170812513089,0.910327979000314,7.48248672629021e-05,2.3298573903733204e-05,4.9914101747603226e-05,0.0010424666523324762,0.0010859333613913401,0.003099498201827999,0.0003551442756322037,0.0001276550902052005,0.009139382004136797,0.003942696174114604,2.6937606112519623e-07,0.0011615935542173416,0.06459370416797956,0.0031451479362124913,3.9688313663897035e-07,8.137465260604767e-06,7.383417812130668e-05,0.0001080461846281453,2.55650237621682e-06,0.0001873768939894941,4.530725077116716e-07
57,0.00033886072600106565,1.474203731605995e-05,0.001979253991403247,0.8759192740672082,0.00011132257844072773,3.229300707501149e-05,7.13805222761615e-05,0.0018889766380063512,0.0011663139717863495,0.003954354681562188,0.0004468960534719576,0.0002744800310973759,0.014773190061522081,0.0049447691620755595,3.8817089146622034e-07,0.0015552483639787772,0.08769433721078966,0.004289569299045888,1.0594872512092961e-06,1.3620089458055862e-05,0.00013443585543015745,0.0002272122389366896,3.2281249992914676e-06,0.00016417426227277802,6.193677037455546e-07
58,0.00024104867721357192,8.183097141620737e-06,0.0012048707185490352,0.9142071437970276,7.046302418653767e-05,2.2873017356482346e-05,4.722700931478879e-05,0.0009877305233523292,0.001098934739363884,0.0032122924787731776,0.0003524586833948178,0.00011212404549542192,0.007986896911194419,0.0037275832928108025,2.825055460338689e-07,0.0011434637326978472,0.0621775303709334,0.002992530191517034,3.69809629590655e-07,7.955068973100874e-06,7.19366326036992e-05,0.00010448498685119748,2.5204050873580366e-06,0.00021865348684878925,4.427941375882428e-07
59,0.00023447412236214893,7.661490870824899e-06,0.001246397379468223,0.9173809419746157,6.898784457963997e-05,2.212500383588725e-05,4.452812376614314e-05,0.0009452940258033145,0.0011038844172562778,0.003306977031948132,0.0003387293120811952,0.0001009135927590958,0.00717175305400324,0.003716604589171727,2.866122683357886e-07,0.001073129494972781,0.059918252072953544,0.0028963550296103643,3.434747141332324e-07,8.072655007906751e-06,6.995721443158625e-05,0.000104318138838856,2.4666290909566887e-06,0.0002371031907325029,4.435248575080579e-07
60,0.00023699540429838458,8.441719940226164e-06,0.0012025612110956718,0.9117819314119858,7.290799932891481e-05,2.3309975265105612e-05,4.904683175952215e-05,0.0010417140299688597,0.0010955516443698853,0.003216945872019173,0.0003408544927571239,0.00012023704124509677,0.008407516597354303,0.003871963910381534,2.7360635827478267e-07,0.001167287733545202,0.06386895713018645,0.003104772627037037,3.8762374990936353e-07,8.234718820699318e-06,7.429224040379291e-05,0.00010864903270872886,2.560867351928025e-06,0.00019415176443862673,4.545136295110297e-07
61,0.00023977153969938103,7.556393811286598e-06,0.0013121153298578205,0.9175539562400362,6.788641726378534e-05,2.207460754489403e-05,4.270561738808061e-05,0.0009829959122637409,0.0010166582887443784,0.0031700337404980423,0.0003335539471656953,0.00010349683466918164,0.0073965670165172855,0.0035533323727720972,2.7493087188109794e-07,0.0010602580929174898,0.05981202669876606,0.002918468543590644,3.559977017931472e-07,7.96240787464939e-06,7.11551382700119e-05,0.00010137474768235778,2.3589197439860943e-06,0.0002226513828789172,4.088814702907077e-07
62,0.00023699540429838458,8.441719940226164e-06,0.0012025612110956718,0.9117819314119858,7.290799932891481e-05,2.3309975265105612e-05,4.904683175952215e-05,0.0010417140299688597,0.0010955516443698853,0.003216945872019173,0.0003408544927571239,0.00012023704124509677,0.008407516597354303,0.003871963910381534,2.7360635827478267e-07,0.001167287733545202,0.06386895713018645,0.003104772627037037,3.8762374990936353e-07,8.234718820699318e-06,7.429224040379291e-05,0.00010864903270872886,2.560867351928025e-06,0.00019415176443862673,4.545136295110297e-07
63,0.0002464019121521957,9.087523346712134e-06,0.0012302962540523424,0.9099474602153178,7.584030071526332e-05,2.3734035013101837e-05,5.006896235996651e-05,0.0010543510376460194,0.0011397586213738725,0.0032746718784646793,0.00035240331250783894,0.00012545945607103653,0.008666844481155608,0.003956698928258187,2.807543134631974e-07,0.0011707097181803063,0.06513174120242689,0.003147316539548541,4.0288517048715097e-07,8.221982840645593e-06,7.599096810765628e-05,0.00011219610564404007,2.573152972573973e-06,0.00019701970835507728,4.7006400592524917e-07
64,0.00023691887895608462,8.693762752147817e-06,0.0012759664012141202,0.9179586692619339,7.763390052133787e-05,2.3260080332954275e-05,4.993843302819306e-05,0.0010781864824355811,0.00104801527575725,0.003268638022691641,0.0003452027048103239,0.0001189508275007999,0.007950317971241799,0.003752888615682126,3.0171297495581936e-07,0.0011091828783940814,0.0583241020348111,0.0029656707907681455,4.087315676688376e-07,8.530682976104328e-06,8.755502838557823e-05,0.00011193473732409242,2.631985602313101e-06,0.00019593869077943213,4.6210755827697324e-07
65,0.00047419238524214967,1.2183736611865373e-05,0.0010391984773429589,0.8742091874609831,0.00010134160624475332,1.957914299883151e-05,6.821089909149204e-05,0.0011025832177212784,0.001887305294058653,0.005265128725628986,0.00043068771267112634,0.00023186401817376276,0.012233539099684826,0.0058975174459975944,1.902494469741121e-07,0.0017068080395612364,0.08684303476674231,0.008011045985099509,5.298106733888985e-07,1.163474211986242e-05,7.19851785287633e-05,0.00014614955522750158,2.87318805220748e-06,0.00023231029044057573,9.189716562736021e-07
66,0.00012832358501256206,5.543802104947552e-06,0.001123888449672191,0.939891227484803,8.931442005548103e-05,1.3627032384397557e-05,2.4271897686373168e-05,0.00041405777080268666,0.0006149221838021392,0.003479225099381287,0.00035821902885390864,0.00010632569311661576,0.00647323871882193,0.004718662607859123,1.4633934776703342e-07,0.0009411152450974422,0.03841130601471831,0.0028935343089667802,1.8496377235663195e-07,5.48492453328042e-06,6.660298376616019e-05,7.199967126644189e-05,1.2492941235957208e-06,0.0001672550161306171,2.734639207325618e-07
67,0.0003991704934188528,1.0374855952611421e-05,0.0014775347739501312,0.9303792589994131,0.0001094440302971827,1.0830954427434027e-05,5.227340888490017e-05,0.002040256727604993,0.0017032336728000637,0.003057393037763928,0.00028440463897122856,8.764343358956674e-05,0.009443578097541205,0.0017947298549059693,2.3255594211610054e-07,0.0012087654220772075,0.04545552300784386,0.002201180197904164,5.593461851498287e-07,4.381998658429703e-06,5.159967731431486e-05,8.936195218049137e-05,1.247172509366042e-06,0.0001367391487066156,2.8254115704546005e-07
68,0.0002795497808730107,1.422379034424192e-05,0.0012796103731366173,0.917392265035254,0.00012699890327981517,2.592461509242763e-05,5.1286647084027904e-05,0.0010836557591101035,0.002130930586009962,0.0047832547404537675,0.00045936626025497665,8.872666810156072e-05,0.005379271782936296,0.0045051954135933115,6.717361101689023e-07,0.0012219223683637285,0.05882726660163867,0.0017101323615842214,4.977924290375474e-07,6.946406553897771e-06,8.438487735096179e-05,0.00019191482420474735,3.0459342483550848e-06,0.0003523139603436166,6.427816481488904e-07
69,0.00023651772135346627,8.422385892164e-06,0.0011990018721311467,0.9121777512676869,7.297047962103553e-05,2.3163318613166766e-05,4.89407406541803e-05,0.0010380583394716907,0.001099080180448083,0.003214936399933341,0.00033944785862155893,0.00011922491868203727,0.008355371284593982,0.0038547518949788857,2.729753914201971e-07,0.0011653403754627754,0.06356974114666945,0.0030894814237321026,3.845211037146087e-07,8.166415523962368e-06,7.376399021707646e-05,0.00010801115969023232,2.543671729679961e-06,0.00019420218543963875,4.5347235829259035e-07
70,0.00038936842070743586,1.3029130440180628e-05,0.00160202069173149,0.8976265536694608,9.02870378512563e-05,2.357522437217755e-05,6.056511911579758e-05,0.0014236884391812595,0.0012517522661599607,0.003803944242925959,0.0004546373521632755,0.0001665034481012179,0.010479788479111731,0.004229107501271569,3.648487995720727e-07,0.0011505169817208297,0.0729170781590833,0.0038141631273779916,6.656111124407512e-07,8.964456546730082e-06,0.00010543586055934523,0.0001640226681832949,2.835724007700542e-06,0.00022051880735505063,6.127326597853291e-07
71,0.00020224767049114976,7.760221195853111e-06,0.001430157506398279,0.9132246459456161,6.674031235500364e-05,2.4748041995706287e-05,4.4080006762766845e-05,0.0009526095179981509,0.0009262167162200537,0.002904699623308671,0.00032243573507380894,0.00011227112151912428,0.008114628470546704,0.003967919465582887,2.670527215366813e-07,0.0009400669066712984,0.06349318166012066,0.0028820271650082294,3.631541441500657e-07,8.261426391832879e-06,7.381488157294771e-05,0.00010997717191519025,2.374400131826641e-06,0.0001880882208301031,4.176054281582555e-07
