,0,1,2,3,4,5,6,7,8,9,10,11,12,13,14,15,16,17,18,19,20,21,22,23,24
0,9.5507918843896e-06,1.8810258188659672e-05,0.0008078789674224489,0.9795462632249847,1.5270246131368976e-09,3.0612074707632082e-06,3.45687910758747e-05,0.00010768483832433405,1.2061591601271147e-05,0.004496275375775551,3.451720711377159e-08,0.005647888605546426,5.223464938854201e-06,0.0007760575352793596,1.0130187240360546e-08,5.033777267221003e-05,2.2457966558793603e-05,0.005632708126004332,1.4290388978830052e-07,3.954556113596644e-05,0.002402657266684675,0.00015479703206995615,2.9383910198793468e-05,4.177950722917269e-06,0.00019842068315107384
1,1.1767468072126727e-05,2.4469144244304796e-05,0.0011077747291470517,0.9767242706133876,2.3087025889879646e-09,4.758549584900901e-06,4.4268986478118014e-05,0.00016006959182272038,2.045502732346421e-05,0.005284738834609649,4.5465662858016877e-08,0.006552759387756786,7.663038945476317e-06,0.0007300134917714751,1.6727301076226075e-08,9.78429188497977e-05,2.5653132661067214e-05,0.005626137646014705,2.6685525741448143e-07,5.4200439598932244e-05,0.003106791065123928,0.0001882865409767813,2.956636055730805e-05,6.15742942500021e-06,0.0001920242467250909
2,1.2009679710926476e-05,2.554001877607576e-05,0.0009226538045961323,0.9773476298926383,2.725748538703012e-09,4.254203510967083e-06,4.2276842075164934e-05,0.00015337406602165433,1.7825362248422796e-05,0.004845032370728218,4.7954963419162274e-08,0.006238124317632656,7.471163106629365e-06,0.0009419745338038314,1.7210476872074113e-08,7.953078743491315e-05,3.003835216999922e-05,0.006037079008403952,2.1473561392271873e-07,6.063627616623446e-05,0.0027844986834121978,0.00018309653610030735,3.247167274350949e-05,5.132594171824319e-06,0.00022906720774513217
3,9.878099829127113e-06,2.0836557405759765e-05,0.0008595366633595916,0.9790448116799939,2.013781720923257e-09,3.951320210292992e-06,3.6112147431281677e-05,0.00013539150289357791,1.5963838172879264e-05,0.004277027199786007,4.431299269371552e-08,0.005952480167298074,6.731859257990416e-06,0.0007789447510898477,1.3817831012299159e-08,7.137220993522875e-05,2.749096651114309e-05,0.005510915244658439,2.0101664863966067e-07,4.926665721124806e-05,0.00279560386987276,0.00018106920312552078,3.001459004019184e-05,5.16529555964399e-06,0.0001871750151033716
4,1.018631925625994e-05,2.0741583432062594e-05,0.0008443897121850748,0.9785138573132239,2.0634872016761965e-09,3.902794637170009e-06,3.56789014334026e-05,0.00013013494555222984,1.6605109473281224e-05,0.004054097466760977,4.434979031875639e-08,0.006468669597870804,7.745204640178148e-06,0.0008051710229023161,1.3713524613201354e-08,7.07829131509876e-05,2.943692960742646e-05,0.00562530823820476,2.0155399557394996e-07,5.069663163099665e-05,0.0028970639241049246,0.00018547343918684647,2.9767853700949283e-05,5.272054559582146e-06,0.00019475636368830896
5,9.112115560365586e-06,1.7883968563613873e-05,0.0007199125986461351,0.9799889265780487,1.610012571352264e-09,3.417527018531556e-06,2.956411139734276e-05,0.00010778369017334918,1.4485897702023305e-05,0.0037109861597651433,3.7708800941317124e-08,0.005749024532014991,6.439153918510408e-06,0.0007279458444503639,1.1210491641691883e-08,5.977505985702805e-05,2.6329532744393693e-05,0.005808698050309163,1.6287443184897425e-07,4.391464680615537e-05,0.002597776686842504,0.00017030803769166875,2.6134748147210237e-05,4.798660843980012e-06,0.00017656899576184946
6,9.878099829127113e-06,2.0836557405759765e-05,0.0008595366633595916,0.9790448116799939,2.013781720923257e-09,3.951320210292992e-06,3.6112147431281677e-05,0.00013539150289357791,1.5963838172879264e-05,0.004277027199786007,4.431299269371552e-08,0.005952480167298074,6.731859257990416e-06,0.0007789447510898477,1.3817831012299159e-08,7.137220993522875e-05,2.749096651114309e-05,0.005510915244658439,2.0101664863966067e-07,4.926665721124806e-05,0.00279560386987276,0.00018106920312552078,3.001459004019184e-05,5.16529555964399e-06,0.0001871750151033716
7,6.617564695769058e-06,1.820698930978571e-05,0.0005886898275643968,0.9811023757697624,1.6583012671736928e-09,3.324341384185625e-06,2.9249003852598366e-05,0.0001228109480030913,1.388415788469352e-05,0.0036823625440931553,3.9999689922388774e-08,0.005535385465509379,5.564860773034795e-06,0.0007855073654521108,1.374649632096014e-08,6.993946603167954e-05,2.723253077001189e-05,0.004812678253671916,1.6416974836925227e-07,4.5909269469424304e-05,0.00274948479256287,0.00020524588924776023,2.7161517124955622e-05,4.037554937453281e-06,0.00016411231366357792
8,1.5688586619339116e-05,2.4101239013584324e-05,0.0006296079721063506,0.8973676114822442,6.458439146146454e-09,1.3948322931677853e-05,7.420095847644257e-05,0.0005332263963746806,0.0001015268366766689,0.00566316263787918,1.808959034973425e-07,0.023403468828202156,4.944359533121443e-05,0.0013709267716687657,3.2862082747040385e-07,0.0007422607490724859,0.00033973088753171853,0.038530488003544985,2.0100522471285255e-06,0.00011862324969674077,0.025124392532653417,0.005256305195972102,1.9809342869732494e-05,1.0913608311127778e-05,0.0006080367754061682
9,0.00022566412930917718,5.783754764483914e-05,0.002231368157983901,0.7763861224951432,5.1578857177115104e-08,3.808976280074707e-05,0.0001955723267552954,0.0024762801064926623,0.0001715069478757643,0.0077116180032043005,7.847789739003952e-07,0.02511159912589167,0.0001355818167479447,0.005554099524128773,5.533983253363458e-07,0.0008454991431550327,0.001485570401612452,0.1549775870026273,6.650658074423352e-06,0.0001927254003084263,0.014403485309576379,0.005882741951612348,4.354955675907795e-05,1.9547524269215925e-05,0.0018459133518707231
10,9.878099829127113e-06,2.0836557405759765e-05,0.0008595366633595916,0.9790448116799939,2.013781720923257e-09,3.951320210292992e-06,3.6112147431281677e-05,0.00013539150289357791,1.5963838172879264e-05,0.004277027199786007,4.431299269371552e-08,0.005952480167298074,6.731859257990416e-06,0.0007789447510898477,1.3817831012299159e-08,7.137220993522875e-05,2.749096651114309e-05,0.005510915244658439,2.0101664863966067e-07,4.926665721124806e-05,0.00279560386987276,0.00018106920312552078,3.001459004019184e-05,5.16529555964399e-06,0.0001871750151033716
11,1.01577828337292e-05,2.0875677977526932e-05,0.0008719149552959973,0.9787279880341931,2.100535607203232e-09,3.997825090534785e-06,3.653070287519535e-05,0.00013392152037957313,1.657392178484639e-05,0.004179438157920751,4.519108543240716e-08,0.006250033390033997,7.478869512098809e-06,0.0007816443744823034,1.3877156957851314e-08,7.224496310800494e-05,2.8476263014495718e-05,0.005529964107826123,2.0542985191530147e-07,5.1278153498533036e-05,0.002870626185324963,0.00018072688868719984,3.0397549346763544e-05,5.423100378281497e-06,0.0001900409778060339
12,9.273913523024508e-06,1.953141525139267e-05,0.0021053543387185352,0.9765855444172975,2.0764978425526127e-09,4.660661439522403e-06,6.38016780764701e-05,0.0002917369580412687,3.281926836421928e-05,0.0035596138885976296,8.289191771738078e-08,0.010364888392224766,8.819868653602117e-06,0.00026047173254580984,2.6846167158255548e-08,0.00015647147046913477,1.1843918278032081e-05,0.0028326463928735088,5.207673712768828e-07,4.8935063061064595e-05,0.0033126185249512763,0.0001947784855658386,3.05241717421178e-05,1.4568344905742201e-05,9.046451346558943e-05
13,7.5007360797192726e-06,1.732817979852986e-05,0.000708970291246637,0.9809771637113592,1.7902424318490873e-09,3.2807698829000024e-06,3.1945817087290575e-05,0.00014068370589189388,1.3312127372545005e-05,0.0030505736896726476,5.386645769074062e-08,0.006416998558718252,6.341338939607731e-06,0.0008729657057688064,1.3156326885341587e-08,5.936892284846039e-05,2.772800497780377e-05,0.004655402573653042,1.7228402480659924e-07,4.3214710095944424e-05,0.002574764201910453,0.00019236451073526668,3.0951546761372345e-05,4.469612623913306e-06,0.00016443018752373615
14,1.1141920875207125e-05,3.007167771039195e-05,0.0007348966726991606,0.9775952687155107,2.4429310587250662e-09,4.496447583486946e-06,3.812866773689131e-05,0.00014272828184702652,1.6045648511114574e-05,0.005768525371144619,5.033013362264842e-08,0.005434358600952828,6.235882045228335e-06,0.0009605685932194132,1.6042722212004698e-08,7.840102312361275e-05,2.9137717598727804e-05,0.00606147390807619,2.6758465666386744e-07,5.6177765174988374e-05,0.0026011260294774062,0.00019598097632247467,3.2738258364417856e-05,5.531424278586327e-06,0.00019663001730405778
15,9.878099829127113e-06,2.0836557405759765e-05,0.0008595366633595916,0.9790448116799939,2.013781720923257e-09,3.951320210292992e-06,3.6112147431281677e-05,0.00013539150289357791,1.5963838172879264e-05,0.004277027199786007,4.431299269371552e-08,0.005952480167298074,6.731859257990416e-06,0.0007789447510898477,1.3817831012299159e-08,7.137220993522875e-05,2.749096651114309e-05,0.005510915244658439,2.0101664863966067e-07,4.926665721124806e-05,0.00279560386987276,0.00018106920312552078,3.001459004019184e-05,5.16529555964399e-06,0.0001871750151033716
16,1.1515017754700898e-05,1.9381318384587395e-05,0.0010900339816341217,0.9805495370861851,2.3043795923812093e-09,5.136092589319319e-06,3.5117296675090096e-05,0.0001383493203287586,1.6940134107472435e-05,0.003919935440142022,5.322745229521113e-08,0.005005004404636622,7.262061171332018e-06,0.0007270340934838748,1.2924216478298824e-08,7.256174082207285e-05,2.8375358280851203e-05,0.005501906206372198,2.1111770514596192e-07,4.934154860649458e-05,0.002458677064498674,0.00014771104449661545,3.267320826973917e-05,6.439982472315689e-06,0.00017678802533454118
17,2.2563576611128443e-05,3.473030447583493e-05,0.0024677186582919555,0.9729272472828162,2.9791222055806574e-09,9.116292061197118e-06,6.0709883766230314e-05,0.00018730663796340315,3.236177249242608e-05,0.00782062688852422,5.7175090612510677e-08,0.005482185600948815,7.207731025027733e-06,0.0005077916236721964,2.3180141823180336e-08,0.00013719388986920287,1.9491874915413064e-05,0.006639473868279903,4.965999926611332e-07,5.4595485396624975e-05,0.0031991590437067483,0.00014963033465787497,2.943219378543645e-05,1.1609662239861883e-05,0.00019926746015288396
18,9.740152926818266e-06,2.0873474189694656e-05,0.0008849485504385165,0.9795314294484648,2.012478335176565e-09,4.0624111861425e-06,3.599681651376121e-05,0.00013940452710298006,1.6304824564104023e-05,0.004204618918708182,4.598576480952242e-08,0.005873181136485901,6.628323108152788e-06,0.0007462458089572831,1.3993725285555092e-08,7.417524442859691e-05,2.630405370193431e-05,0.00523497549656279,2.0986289484730491e-07,4.8904439207780494e-05,0.0027524879789611167,0.00017800703323141476,3.0062578787184888e-05,5.4169675764812495e-06,0.0001759599600329051
19,6.464119494892685e-05,3.9980329264883323e-05,0.00115521259692628,0.952784446493983,7.343459087894203e-09,5.1798470558658744e-05,1.1061743027324438e-05,0.0002631213715812648,1.5510799058360544e-05,0.00899082939394002,2.338579284716751e-07,0.0007410075241584228,6.59207414431714e-06,0.0023203507666977176,1.3005864229353682e-08,0.00010750943229581688,0.00018855300186762996,0.031122177783324833,1.0066318613816553e-06,0.00011656835010110966,0.001556789317392757,0.0001580253348389109,7.582828862158843e-05,2.267151620228374e-05,0.00020606337795280415
20,7.699994206811808e-06,1.846106393488619e-05,0.0007726929056516246,0.9786280396874888,1.7748315650899296e-09,3.453772005954618e-06,3.7959788881352834e-05,0.00017055380813099178,1.5485234381490844e-05,0.0039284414828753235,4.905341325521156e-08,0.006625288590689084,5.761739792543828e-06,0.000775382481532648,1.7292084933589213e-08,7.584859511879627e-05,2.6203581955710587e-05,0.005278899350307717,2.0230353319636776e-07,4.361410234455591e-05,0.003137476955355039,0.0002451244328152872,2.829700158021964e-05,4.490861676163338e-06,0.00017055414541210917
21,1.2858318776035146e-05,1.83174029560505e-05,0.0015935377309361353,0.9739426101065998,3.696540891482567e-09,7.771326412804386e-06,5.2676832924560834e-05,0.00018061211229512215,1.3099455109050258e-05,0.005653813976542484,1.0120038859667752e-07,0.00413428187323898,8.056349054854152e-06,0.0006492171098691587,1.8210138337134237e-08,4.519324251698117e-05,8.562292878816964e-05,0.007564316457463248,3.4127997706825123e-07,5.604458915556408e-05,0.005278247707478943,0.0003082249603950535,9.159850022443861e-05,9.650969945757752e-06,0.00029378366227180124
22,1.7106252438599904e-06,3.61622486061821e-05,0.00043662476563911253,0.980264446394005,1.5372003038202341e-09,2.195608612436657e-06,4.7366770355940856e-05,0.00010973364928784123,1.5046354130792996e-05,0.004660721130505677,2.3293025640196323e-08,0.010591308865770671,7.269084518886865e-06,0.000558678592036282,1.660446839403288e-08,9.444068870593565e-05,7.5191249496758335e-06,0.0005755115379611216,2.3867445263367256e-07,7.491030249245894e-05,0.002262391915085569,0.00011421784107137709,4.114044151264449e-05,3.984923694646405e-06,9.433902666721575e-05
23,9.878099829127113e-06,2.0836557405759765e-05,0.0008595366633595916,0.9790448116799939,2.013781720923257e-09,3.951320210292992e-06,3.6112147431281677e-05,0.00013539150289357791,1.5963838172879264e-05,0.004277027199786007,4.431299269371552e-08,0.005952480167298074,6.731859257990416e-06,0.0007789447510898477,1.3817831012299159e-08,7.137220993522875e-05,2.749096651114309e-05,0.005510915244658439,2.0101664863966067e-07,4.926665721124806e-05,0.00279560386987276,0.00018106920312552078,3.001459004019184e-05,5.16529555964399e-06,0.0001871750151033716
24,2.402556076483427e-05,2.1490538796751375e-05,0.006355452399685508,0.9492175260813838,6.794356041858237e-09,1.1588401099082123e-05,0.00019834369806300464,0.0004362609602160555,5.171226342434221e-05,0.0075361520529599445,1.3615036253592376e-07,0.013514596838849861,1.9032359079313565e-05,0.0004113924589591067,7.629614835005872e-08,0.0002106680484475684,5.384714571875771e-05,0.00822837895422896,7.830531159505272e-07,6.590943796060335e-05,0.012619541369285192,0.0004988860525894179,6.398704400507122e-05,1.6455800142492334e-05,0.00044375024035780725
25,8.018076944886682e-06,1.857198226170349e-05,0.0007234516301925321,0.9812344159103086,1.835997361577794e-09,3.6249675702681854e-06,3.212082925944761e-05,0.0001505917938065359,1.3965794351150769e-05,0.0036338649685420084,4.873287212429495e-08,0.005502408631823186,5.736915010078915e-06,0.0008272474992187081,1.3017021498196614e-08,6.941851414525943e-05,2.5525143170632817e-05,0.004893325715318679,1.8465363662602422e-07,4.580226303897549e-05,0.002448812277302861,0.00017720965763491013,2.85760477809382e-05,4.6172321085981e-06,0.00015244591068273844
26,1.5197767363353953e-05,2.0190880066402513e-05,0.0011039524855494874,0.9804186447986287,2.249600119274646e-09,4.738128294534256e-06,2.8211850021851004e-05,9.550607438710617e-05,1.704288248744756e-05,0.0039030900420225882,4.4042424360123814e-08,0.004699808607016761,8.824646360597824e-06,0.0005702233887369167,8.87906811866758e-09,5.921851913407444e-05,3.082047138872567e-05,0.006219410355915889,2.0433462484037188e-07,5.666819170125118e-05,0.0024111474084607025,0.00012112084272083499,3.501360645615677e-05,8.746273967903396e-06,0.0001721632736010217
27,1.6312573293328865e-05,2.810359138307821e-05,0.001308610678286542,0.9762867194126189,2.5882004885353218e-09,4.48517817404989e-06,4.467150453064405e-05,0.00010977032830408261,1.517756450231566e-05,0.0066737273147130585,3.260426162867407e-08,0.0058869640893651895,9.293014941990454e-06,0.0008514968700125431,8.241233451161608e-09,6.22176004604827e-05,2.3747946925661456e-05,0.0056265889202459195,1.9659474181304856e-07,6.825665915562242e-05,0.002620361486447259,8.408335398533799e-05,3.633841838148696e-05,6.180800834181847e-06,0.00023665266500077768
28,9.878099829127113e-06,2.0836557405759765e-05,0.0008595366633595916,0.9790448116799939,2.013781720923257e-09,3.951320210292992e-06,3.6112147431281677e-05,0.00013539150289357791,1.5963838172879264e-05,0.004277027199786007,4.431299269371552e-08,0.005952480167298074,6.731859257990416e-06,0.0007789447510898477,1.3817831012299159e-08,7.137220993522875e-05,2.749096651114309e-05,0.005510915244658439,2.0101664863966067e-07,4.926665721124806e-05,0.00279560386987276,0.00018106920312552078,3.001459004019184e-05,5.16529555964399e-06,0.0001871750151033716
29,9.878099829127113e-06,2.0836557405759765e-05,0.0008595366633595916,0.9790448116799939,2.013781720923257e-09,3.951320210292992e-06,3.6112147431281677e-05,0.00013539150289357791,1.5963838172879264e-05,0.004277027199786007,4.431299269371552e-08,0.005952480167298074,6.731859257990416e-06,0.0007789447510898477,1.3817831012299159e-08,7.137220993522875e-05,2.749096651114309e-05,0.005510915244658439,2.0101664863966067e-07,4.926665721124806e-05,0.00279560386987276,0.00018106920312552078,3.001459004019184e-05,5.16529555964399e-06,0.0001871750151033716
30,9.878099829127113e-06,2.0836557405759765e-05,0.0008595366633595916,0.9790448116799939,2.013781720923257e-09,3.951320210292992e-06,3.6112147431281677e-05,0.00013539150289357791,1.5963838172879264e-05,0.004277027199786007,4.431299269371552e-08,0.005952480167298074,6.731859257990416e-06,0.0007789447510898477,1.3817831012299159e-08,7.137220993522875e-05,2.749096651114309e-05,0.005510915244658439,2.0101664863966067e-07,4.926665721124806e-05,0.00279560386987276,0.00018106920312552078,3.001459004019184e-05,5.16529555964399e-06,0.0001871750151033716
31,1.6182725199106138e-05,2.4411482736776036e-05,0.001268387982888787,0.9754521912411043,2.484027872438312e-09,4.489911178411216e-06,4.690610062691024e-05,0.00018462840951664948,1.74402069397315e-05,0.005302253642047181,4.981303010336143e-08,0.006135272872324259,7.278553970109832e-06,0.000841060571804612,1.3851320266822825e-08,6.940350331606252e-05,2.9185525394482897e-05,0.007189618402450964,2.519680388862726e-07,5.001616857352969e-05,0.0029350824117002393,0.00017207336266126635,3.282004405855098e-05,5.928093685055609e-06,0.0002150506714060464
32,1.0566243082121203e-05,2.209912396056077e-05,0.0008894458727349451,0.9782009554487326,2.095924628691471e-09,4.17261617770322e-06,3.739242204509131e-05,0.00014284580634364938,1.6942137170460132e-05,0.004448195785120786,4.674415141870718e-08,0.006208181538446582,7.076726794263622e-06,0.0007895259521950623,1.4766018026082648e-08,7.490225358818507e-05,2.852971378668891e-05,0.005731784773829792,2.2771667877991628e-07,5.0356252206804706e-05,0.0029176785084225366,0.00019270291039131935,3.055872019512061e-05,5.533376355549109e-06,0.00019026249564725147
33,1.3763615750330292e-05,2.5495729182665962e-05,0.0012680437150907134,0.9762549830459004,2.1259022005475495e-09,3.7736249918911243e-06,4.876423754226115e-05,0.00013043761111005285,1.9684531141882704e-05,0.004898996214040542,3.8744254546910785e-08,0.007061434236731305,6.411191391637414e-06,0.0006718355227960889,1.589212869978773e-08,6.660158523200807e-05,2.2272558792467697e-05,0.005949312722996438,2.061334298462615e-07,4.525215105483761e-05,0.0030764938196206825,0.00016440840574409916,2.766080869048271e-05,5.1532374652366296e-06,0.00023895853901872833
34,3.255843038118768e-06,1.1289816956606905e-05,0.0004006014795545841,0.984316061493506,1.194932622672856e-09,2.438092437566922e-06,2.4324903000604327e-05,8.722146843085113e-05,6.901352693370019e-06,0.0042743445297708784,2.6515465963165954e-08,0.003698592986035592,3.7000701928750535e-06,0.0007549406932192818,7.944236659326941e-09,5.268926260484182e-05,2.176257891137128e-05,0.003634049309886064,7.258142688727272e-08,4.551247498038313e-05,0.00233832620795359,0.00014488612301284502,3.225536770712988e-05,2.690131185897491e-06,0.0001440475788595437
35,1.5069403921087793e-05,2.118126248715715e-05,0.0010529619055110523,0.9751051668338628,1.9875831433447154e-09,3.7288621135664318e-06,4.1068330647795047e-05,0.00015418052659682262,1.8443160497101882e-05,0.004518990198285754,4.213896736380074e-08,0.006683832147727823,7.133830914005808e-06,0.000731254834796309,1.3770140063766553e-08,6.793144695512562e-05,2.8882011820988567e-05,0.008143787669631853,2.1819278342799639e-07,4.3779550546305216e-05,0.0029199540910368163,0.0001987039074897868,2.5307062115705605e-05,5.38284133312256e-06,0.0002129840322348175
36,1.0413802506616275e-05,2.0717007250343258e-05,0.0008617083513814747,0.9770551617530777,1.995240639298076e-09,3.712517391968478e-06,4.00908725279539e-05,0.00016737513767451097,1.763479979777537e-05,0.003977384980562833,4.7430472970086645e-08,0.007676602959961467,7.726064102168416e-06,0.0008564236772858497,1.6014837363613856e-08,8.203586634723517e-05,2.8490065692582755e-05,0.005753937754581768,2.2875945469673057e-07,4.734661227581452e-05,0.002950752617946892,0.0002182510857689072,2.661140359082307e-05,4.9191000376232545e-06,0.00019240937023196872
37,1.3473970576432009e-05,2.007272562716233e-05,0.0010069982341815332,0.9784157341462533,1.8245160430714583e-09,3.6678114279449156e-06,3.386104138304791e-05,0.00010597136524318453,1.619886504113757e-05,0.004294534750365731,3.765930108417947e-08,0.005740620667675452,7.204451923326239e-06,0.0006033852102539204,1.0218450347050143e-08,5.816402983305669e-05,2.559017407968732e-05,0.006619342226695897,1.8803357060012076e-07,4.6564210191218106e-05,0.0026186342934486676,0.00014665548016546347,2.8466972741675903e-05,6.382979744705892e-06,0.00018823865730911157
38,2.0234713172231512e-05,2.9872016273380905e-05,0.0016635678334195076,0.9727749580456616,3.791986249849023e-09,7.082113436118791e-06,6.358670666111402e-05,0.00017974844386100587,2.842687635326928e-05,0.0061419005489388575,6.008488738946572e-08,0.007213691570556302,1.0114477318837115e-05,0.000834849122151288,2.448137887042616e-08,0.00012578827194482348,2.811053063845493e-05,0.007253492490078059,3.43474305734152e-07,6.045709063912528e-05,0.003067377516857649,0.00017926076283256072,3.264205797324617e-05,8.125877492531697e-06,0.0002762811011816146
39,1.0318037692036797e-05,1.6055952416845373e-05,0.0011649019562760968,0.9752767252718266,2.2637318609218188e-09,5.912427055064839e-06,4.180135668868403e-05,0.0001938107852018372,1.944190435456641e-05,0.0047250328378189285,5.33842781829896e-08,0.006215545973485754,9.582227286163505e-06,0.0006845269243585168,1.6118475202516927e-08,0.00010231690981249676,3.70447318600827e-05,0.006616609219697655,2.791631422749255e-07,5.357076744801109e-05,0.00438071269966012,0.00022749148512026543,3.1486460822597336e-05,6.938552544758391e-06,0.00017982258894537345
40,6.5479647416862124e-06,1.499538503762583e-05,0.0005311379893744069,0.9830568727637902,1.4758058651854226e-09,3.499504719026319e-06,2.210416982366527e-05,0.00011143605702229962,1.0933060579244974e-05,0.003907858596795824,3.833373451821525e-08,0.003782577608811698,4.9851487127141475e-06,0.0006153954631165518,8.860844386830562e-09,6.539982752894305e-05,2.7905856750267052e-05,0.005081243540566582,1.5820971663711763e-07,4.920363438518557e-05,0.0023911148952695,0.0001601134188840212,2.9370752550027948e-05,5.157590158835387e-06,0.0001219398912802171
41,6.839210011467372e-06,1.861509496383028e-05,0.000606458054367086,0.9800812759733695,1.2738271403840472e-09,3.3350858387264164e-06,2.683630949683182e-05,0.00011517047504337081,1.0710361138508122e-05,0.00451800868697053,3.740031514462568e-08,0.005306641996951851,5.086822696204062e-06,0.0007923731549808964,9.996717336170679e-09,5.157722683950363e-05,2.849456163650591e-05,0.0050396679374304625,1.9191807824970958e-07,4.284380125619484e-05,0.0029467196117707282,0.00020297072531154562,3.241811045890831e-05,4.4480266258033175e-06,0.00015926818390383837
42,5.263425286244519e-05,5.817496064962667e-05,0.0012689613275789283,0.9774444495365674,8.024923735024412e-09,4.207319110395035e-06,4.146506207904126e-05,2.962659995332442e-05,1.4823913948633703e-05,0.004125199799448283,3.7236614248353654e-08,0.0028785334919862026,6.349105495038908e-06,0.0022353191736492846,5.170978528591984e-09,1.4771605371297346e-05,3.2366450063481514e-05,0.010099115746462255,5.192753951135594e-08,6.215113273625784e-05,0.0008310880673392431,2.961635478952667e-05,4.793932090331817e-05,3.914217822715223e-06,0.000719190201127297
43,1.1160309732431534e-05,2.088023916369073e-05,0.0009123271131054712,0.9797136723187999,2.0520968370925834e-09,3.742109545226687e-06,3.568264060963764e-05,0.00012885525620124377,1.7154784594221643e-05,0.0034619041914108186,4.710121795388107e-08,0.006510969539375287,7.090276115605247e-06,0.0007654871212613221,1.3880388030097017e-08,6.688356154335517e-05,2.6314778380173324e-05,0.005401199305437023,1.9350515983407663e-07,4.560066928750169e-05,0.002479124165587988,0.00016786552499459733,2.7838257135383332e-05,5.261038546477756e-06,0.0001907302603101007
44,9.878099829127113e-06,2.0836557405759765e-05,0.0008595366633595916,0.9790448116799939,2.013781720923257e-09,3.951320210292992e-06,3.6112147431281677e-05,0.00013539150289357791,1.5963838172879264e-05,0.004277027199786007,4.431299269371552e-08,0.005952480167298074,6.731859257990416e-06,0.0007789447510898477,1.3817831012299159e-08,7.137220993522875e-05,2.749096651114309e-05,0.005510915244658439,2.0101664863966067e-07,4.926665721124806e-05,0.00279560386987276,0.00018106920312552078,3.001459004019184e-05,5.16529555964399e-06,0.0001871750151033716
45,9.369609265285861e-06,2.512760716538405e-05,0.0006532066692598647,0.9799917759379244,1.5962143265256066e-09,2.913138090459824e-06,2.7297887417772502e-05,7.628037596043497e-05,1.2100264674924014e-05,0.004545541619094991,2.7624038344842788e-08,0.005404114764316935,5.8693990664765245e-06,0.0008372826712868349,8.376118580291927e-09,3.920823617091874e-05,2.8999770455598573e-05,0.005140306487566217,1.4808230807032938e-07,4.832130368051828e-05,0.0027511824077348147,0.00014693311753488856,3.364675462990556e-05,3.961362094481585e-06,0.00021637493792935414
46,8.161919048477343e-05,0.00021874552248112966,0.005813282592014487,0.9369302563619654,6.025596005686271e-09,4.65399181637704e-06,0.00038169581526022395,0.00037405714292598904,7.475703834204722e-05,0.02975910763117089,3.951802770058893e-08,0.014528723735355306,3.2834373946621e-06,0.0010826414233888126,5.17873362293196e-08,0.0001831777687017022,2.9328489709952773e-06,0.008060665052683777,6.679294038846099e-07,4.834363013672758e-05,0.0019056468663240993,9.13936734209109e-05,2.0224787756918665e-05,6.14949797256761e-06,0.000427876731068467
47,5.460927798931565e-06,1.7561217217353e-05,0.0006534369533712578,0.9853149973887327,1.862758690777731e-09,4.362174828530911e-06,2.667477407743946e-05,0.00014752398427077279,8.856279582667203e-06,0.003977806956007889,5.634287091451315e-08,0.0027762475260866195,3.1689548407276082e-06,0.0009671718651497639,1.0039128712005173e-08,4.7100606648481896e-05,2.2730881772594134e-05,0.0038732099205853313,1.3769999481133988e-07,4.324141421869422e-05,0.001822591778952775,0.0001205235289873286,3.9110153467317925e-05,3.7755328083422035e-06,0.0001242412358413848
48,9.811500723222513e-06,1.4114283378366073e-05,0.0010311329559486247,0.9784696277391548,1.9151851099382847e-09,2.648275283589398e-06,4.1735262534951325e-05,0.00011865762921059025,1.766221942284401e-05,0.0030146965224928483,3.335414929777224e-08,0.0070672079525811145,6.2257080512455574e-06,0.0006859635927716078,1.4739469465522569e-08,6.50612647855368e-05,2.06165974754711e-05,0.006172175043224255,8.949377133654912e-08,4.167495092477004e-05,0.0028109088363829572,0.0001506550769335385,2.0760555876738185e-05,3.33269765978487e-06,0.00023519183260808878
49,9.994226246714154e-06,2.104539600440247e-05,0.0008605294357500917,0.9789379280550149,2.0492858932474298e-09,3.989496295309026e-06,3.640644870014414e-05,0.00013744942490494735,1.6120132801745507e-05,0.004306789163323281,4.4885279816935386e-08,0.005952617464629777,6.759167180685285e-06,0.0007855241016434599,1.4065428961861102e-08,7.253414676660682e-05,2.7785172398800028e-05,0.0055707378501193144,2.040098470319652e-07,4.969619220959383e-05,0.00279743160858855,0.00018287424475716104,3.003729933204888e-05,5.185311080653691e-06,0.00018830065241031202
50,1.0906971809768263e-05,2.4205824457964647e-05,0.0009359367086622519,0.9757200775298459,2.3161172219603817e-09,4.0038919147901394e-06,4.872376822505491e-05,0.00016558646340278645,1.5336404362750844e-05,0.005901663570973796,4.3965338536074757e-08,0.006593542752200823,6.777849941028957e-06,0.0009567059973612008,1.5620331452750783e-08,7.532247436475349e-05,2.8224109090488107e-05,0.005986363108872801,2.2153614210817817e-07,5.282969627429218e-05,0.003007010710911304,0.00019747453786004136,3.38263419342822e-05,4.668694415584026e-06,0.00023052915518895076
51,1.608204186776582e-05,1.4871007783045533e-05,0.002308896633089145,0.9649661936499478,6.818186507327335e-09,1.2326237360125285e-05,9.14635479013616e-05,0.00025142238145222154,3.145197089553999e-05,0.007718916465540516,9.482676774001141e-08,0.008097534543572957,2.6205012528649922e-05,0.0007321539636574442,3.145603001217869e-08,0.00027154160781356666,5.4969549682028724e-05,0.00852790957384226,3.812804951975609e-07,0.00011146354266468336,0.006137085210350257,0.0002341171131813778,5.6951303397014e-05,1.4519165074102145e-05,0.00032341109691883647
52,4.130078675790542e-06,2.4385479196827612e-05,0.000617823273769517,0.9822756941923798,1.0156676834227587e-09,1.4587454865382106e-06,2.7705428137540564e-05,6.019011154899693e-05,1.1058515676293435e-05,0.0026718536449268056,2.0749333935410786e-08,0.008981062555690677,6.451391917434535e-06,0.0003380897607503898,6.283328921809787e-09,3.0792545527494854e-05,1.5605420146567806e-05,0.0012839611589176812,1.5937948840624813e-07,4.4039825232972184e-05,0.0033369633309577955,0.0001176011491229918,3.7693454623318856e-05,4.791710387144648e-06,0.00010846079910824133
53,7.533956436222462e-06,1.8804825630352427e-05,0.0009064129848533062,0.9780147204998676,2.4918290268943612e-09,3.273962209420741e-06,5.752895994157757e-05,0.00015970364766234636,1.509970121152261e-05,0.004691515461403471,4.793478096361488e-08,0.007357650844753734,6.889890854205424e-06,0.0007590993511249183,1.7993735314124746e-08,8.227942701698986e-05,2.322517700653793e-05,0.004363793732546124,1.68923605167819e-07,5.311671383729401e-05,0.0030413384089241877,0.00018645349348854137,3.5538230118528587e-05,4.519751483123598e-06,0.00021126363567947306
54,5.565485112416382e-06,1.0357167704711339e-05,0.0007675443010261903,0.9834102414747408,1.4770920155591674e-09,3.8893900768958885e-06,2.546800526244863e-05,0.00015707869947664593,1.2193455624904032e-05,0.00283179292679062,5.5954271301393106e-08,0.0044217985695851215,6.805184508378567e-06,0.0004608886132235941,8.58635020656961e-09,6.696446749038091e-05,2.8757332105980106e-05,0.004281924341857475,1.9261824054090704e-07,4.570954256812072e-05,0.003172803465151159,0.00016267885927955797,3.221356522573189e-05,7.105039713490824e-06,8.796147752161095e-05
55,7.436252710724665e-06,2.5221769092807924e-05,0.0007578624898486656,0.9794275324293702,2.627556265487231e-09,5.512574232702472e-06,3.565614721873416e-05,0.00019751442335612466,9.945166780512365e-06,0.006865510903804602,6.48981683081652e-08,0.0033246651340230826,3.959093680832004e-06,0.0011984128435436423,1.540308199679734e-08,7.233888959053153e-05,3.5874140311873166e-05,0.004839523571058444,2.3396524921194307e-07,6.26825066882358e-05,0.0026909092101860695,0.0002022975963645242,5.3353017856622846e-05,4.598501717355918e-06,0.00017887644450770933
56,1.0169486702942572e-05,2.105035784993e-05,0.0008725269366893331,0.9785797462743359,2.0869697722630494e-09,3.9992080093993145e-06,3.689346346369329e-05,0.00013468177623454788,1.6619658708955807e-05,0.004193592556400271,4.540657644912111e-08,0.006352536932660513,7.4061406549748625e-06,0.0007887847258973061,1.4168874295707835e-08,7.209744727553311e-05,2.8436232652560073e-05,0.005527493699879951,2.082239033266908e-07,5.05304945358304e-05,0.002890047863449207,0.0001845289516313662,3.0461199549426847e-05,5.3763995938495135e-06,0.00019275030750080322
57,9.990853311921542e-06,2.1327345526409514e-05,0.0008712727676625284,0.9758287763878701,1.9868724599450036e-09,3.481159894630079e-06,4.063357516317761e-05,0.00013967187246046532,1.8721830305427236e-05,0.004136288133140787,4.0940197867942784e-08,0.00879645010140191,9.776623490099731e-06,0.0007364680462392707,1.4826346961378972e-08,8.009909000012311e-05,3.0242347643231703e-05,0.005291994530508597,2.3637881703837022e-07,5.412472136155008e-05,0.0034778096446506012,0.00021775385058313417,2.8921712551259546e-05,5.5237519986035035e-06,0.00020037752200196353
58,1.087116880086361e-05,2.0620594942957315e-05,0.0009193725297939342,0.9788621929264862,2.026588463725279e-09,4.0877375591762085e-06,3.599902356896781e-05,0.00013021252042112516,1.7020607869165515e-05,0.004047796741492033,4.66845404601489e-08,0.006360923925723636,7.586611939881898e-06,0.0007205424739352902,1.3586861035358186e-08,7.16999965800731e-05,2.7119753444631767e-05,0.005549128427940793,2.1891305970875032e-07,4.911644884374413e-05,0.002769305958803558,0.00017652436875486066,3.0386136966256482e-05,6.085241465773676e-06,0.00018312559361756433
59,1.0141764689707436e-05,2.021437958167814e-05,0.0009407487692497664,0.9797298323852442,1.969090182080471e-09,3.987274438758164e-06,3.553499468152685e-05,0.0001290629763986211,1.6627749345343306e-05,0.004073685766324347,4.457623182793464e-08,0.005962504526634131,6.995256168221529e-06,0.0006681213388629885,1.3071803836027569e-08,7.171162845664547e-05,2.5142874242497745e-05,0.0051287234448596525,2.0631670174368853e-07,4.9246564446390204e-05,0.0027540032867906473,0.00016633446962324413,3.031373167769035e-05,5.9843804536472754e-06,0.00017081650400287162
60,9.878099829127113e-06,2.0836557405759765e-05,0.0008595366633595916,0.9790448116799939,2.013781720923257e-09,3.951320210292992e-06,3.6112147431281677e-05,0.00013539150289357791,1.5963838172879264e-05,0.004277027199786007,4.431299269371552e-08,0.005952480167298074,6.731859257990416e-06,0.0007789447510898477,1.3817831012299159e-08,7.137220993522875e-05,2.749096651114309e-05,0.005510915244658439,2.0101664863966067e-07,4.926665721124806e-05,0.00279560386987276,0.00018106920312552078,3.001459004019184e-05,5.16529555964399e-06,0.0001871750151033716
61,1.0402550101808269e-05,2.056410652126874e-05,0.0009362561632874412,0.9794980144003815,2.0264269796193776e-09,4.0243549406328534e-06,3.596671512577495e-05,0.00012901801586420286,1.647705794441051e-05,0.004150885010523499,4.510277674546865e-08,0.005912556391023983,7.038973157260754e-06,0.0006893292342861294,1.310857555837005e-08,7.015194764545825e-05,2.6053429336137337e-05,0.005301902184364526,2.0632378351804823e-07,4.956163504905778e-05,0.002760658548683882,0.00016724757692611295,3.0864350429815185e-05,5.930685910188925e-06,0.00017683010693412028
62,9.878099829127113e-06,2.0836557405759765e-05,0.0008595366633595916,0.9790448116799939,2.013781720923257e-09,3.951320210292992e-06,3.6112147431281677e-05,0.00013539150289357791,1.5963838172879264e-05,0.004277027199786007,4.431299269371552e-08,0.005952480167298074,6.731859257990416e-06,0.0007789447510898477,1.3817831012299159e-08,7.137220993522875e-05,2.749096651114309e-05,0.005510915244658439,2.0101664863966067e-07,4.926665721124806e-05,0.00279560386987276,0.00018106920312552078,3.001459004019184e-05,5.16529555964399e-06,0.0001871750151033716
63,1.0186110889636817e-05,2.314020964627589e-05,0.0008542992341226979,0.9790671200395183,2.055617582944161e-09,3.908083459695897e-06,3.6052847558100634e-05,0.00013101177076457553,1.617050067891607e-05,0.004404724660813762,4.354853878189243e-08,0.005980653133117676,6.617082047582001e-06,0.0007901392534005139,1.3885973625721958e-08,6.902668611692529e-05,2.719890904877168e-05,0.005332203747322919,2.0931670508521965e-07,5.013941989054229e-05,0.002791996150921151,0.0001797316750830159,3.080241062276374e-05,5.191449637653899e-06,0.0001894178185032892
64,8.948659101480653e-06,2.0467287928566686e-05,0.0008111594466754409,0.9787073789119508,1.920239510560063e-09,3.6805495923064214e-06,3.59075097803486e-05,0.00012796663228674212,1.5624446996527803e-05,0.004286595533784687,4.13932239525297e-08,0.006278451741062965,6.88851243647654e-06,0.0007673646128377894,1.3719423918818716e-08,6.860437189581583e-05,2.7634071383593003e-05,0.005283672833364272,1.9255974996541429e-07,4.991343111241216e-05,0.0030851120811823396,0.00019017936545074685,3.050165792320048e-05,4.962816617751972e-06,0.0001887359339983149
65,1.8185997950918333e-05,1.9029164431085725e-05,0.0010268218814226903,0.9769639503418006,2.1541130783312783e-09,4.9226978901132975e-06,2.6852378604991314e-05,0.00011097969047322686,3.1809729369527916e-05,0.002215231166711128,6.278775704654179e-08,0.008179943430592968,1.3660308356039248e-05,0.0005424578675728121,1.5359911115397477e-08,9.957228716452412e-05,3.77931210716541e-05,0.007748204704974865,3.087862174826399e-07,4.329053535747333e-05,0.0024904227723951747,0.00022935509407466938,2.0634671694682547e-05,1.0134802208040935e-05,0.00016635826788424324
66,9.415918493749633e-06,2.040765176810421e-05,0.0008116057566174519,0.97941651729835,1.8801213468568306e-09,3.7801987584768992e-06,3.4904662806923065e-05,0.0001359034059671519,1.551534667762449e-05,0.0040839168873490015,4.357746112245552e-08,0.005999832358877738,6.376295084901778e-06,0.0007987686657817204,1.3631161269578769e-08,6.959473705220545e-05,2.663217924071104e-05,0.005423474286396578,1.9521277044396663e-07,4.624068288913062e-05,0.002697309118745951,0.0001842033305192522,2.8551844265439628e-05,4.824687117719521e-06,0.0001819703857258314
67,3.9643626951860885e-06,9.403489010912587e-06,0.0004164331273806044,0.9864285295575963,1.3483943524659431e-09,4.480218156842673e-06,1.3615327249341192e-05,6.942045372997401e-05,7.669787861483927e-06,0.0030087939915153963,3.277759558467722e-08,0.0028097474789200707,6.886390525120991e-06,0.0008100217213886408,5.113339753841975e-09,5.152627359167956e-05,3.134756115906839e-05,0.0038006282009161,9.071573147833647e-08,5.920397962131228e-05,0.0022207046201776237,9.371277079016588e-05,3.63025791378859e-05,4.803802649233969e-06,0.00011267435086567241
68,1.2550794648055749e-05,3.212403410910868e-05,0.000770415301183748,0.9725725817557016,5.599389879773419e-09,9.489698127122255e-06,5.114853898229338e-05,0.00024210263047968287,2.676435249193611e-05,0.0059476497715653465,1.085421041763187e-07,0.006317520270565455,1.1863578279047894e-05,0.0014929285586323898,4.5458248315983506e-08,0.00019022019439782868,6.394524183518394e-05,0.00815933322950991,4.7423090347491107e-07,9.13839674514336e-05,0.0032940667981903433,0.0003794919243271854,3.843362066730887e-05,7.336087458837349e-06,0.00028801582075053804
69,1.0862683952118947e-05,2.176072305396764e-05,0.0008714550491362605,0.9778052496503195,2.0530977403827838e-09,4.0044474551515164e-06,3.7451225455940095e-05,0.00013654944469341365,1.6834052227179126e-05,0.004483168113960792,4.302530544666355e-08,0.0061515853792354575,6.902976285492537e-06,0.0008288485764885707,1.4550262208251306e-08,7.233506859620983e-05,2.9262639880352147e-05,0.006216020481078007,2.042223220155798e-07,4.857719585919188e-05,0.0028236028727750074,0.00019452771738589036,2.8525361070718133e-05,4.919704700426689e-06,0.00020729278540308326
70,7.125416642198117e-06,2.393103192617472e-05,0.000697045486733681,0.9789857150053809,1.5687185735690298e-09,4.766932862738041e-06,2.941438102164286e-05,0.00011002206024944471,1.4726695565169478e-05,0.004995945068005034,5.5143646332677544e-08,0.005751273938952141,6.2395695366493126e-06,0.0006081222812621976,1.4257314030183972e-08,6.76616802074668e-05,2.9609106025218973e-05,0.004349164512503011,3.692987875667338e-07,4.66904413185811e-05,0.003817533100360303,0.0002605994377158629,4.477842168741643e-05,8.413338183481236e-06,0.00014078182539433958
71,7.5834795473323104e-06,2.516478185844205e-05,0.0005827541598091814,0.981820509242206,2.5544907925241387e-09,2.8257637341271236e-06,3.093286267891094e-05,9.53260480184281e-05,1.2997295390667363e-05,0.004962928274625155,2.8551303476645308e-08,0.005140939936096292,7.529466029039069e-06,0.000763287313093608,9.943712061036803e-09,7.338957493665151e-05,2.336174945879596e-05,0.0036183744605415694,1.3229055355746986e-07,9.181923536159882e-05,0.002420064106811102,0.00010572846771407448,3.6180675559400835e-05,4.71117911919497e-06,0.00017341858735042348
