,0,1,2,3,4,5,6,7,8,9,10,11,12,13,14,15,16,17,18,19,20,21,22,23,24
0,7.763884419471682e-05,0.0025507010887265533,0.0006150765095611192,0.9808014712642444,0.00042726569593200085,0.00024060867458987212,8.509426356420708e-08,0.00019561759754567546,7.473103089921414e-05,0.009737670072381015,3.654136657791666e-06,2.6837259906710775e-05,1.0658797024900042e-05,0.0008608312238471338,3.7199667328415907e-06,4.6032561073951855e-05,0.003136788689448498,5.736082385162715e-05,2.611281668268423e-07,1.78905261787273e-05,2.565577341534207e-07,2.4082526305674244e-05,0.0009844535537192056,0.00010045011655509116,5.856260458770886e-06
1,6.910713414147347e-05,0.0021788128641819495,0.0005632542369028245,0.9847900695967132,0.0003535405994809864,0.00016210272472151556,7.368474333992729e-08,0.00017251860245208142,4.249582911143955e-05,0.006688796599255958,2.814029863887671e-06,2.5526129675517275e-05,9.390062399972037e-06,0.0005495881083760995,2.723059966580375e-06,4.833273226135896e-05,0.0034126999694241043,4.8012733299402015e-05,1.9950460200298838e-07,1.4427259524758662e-05,1.9846961803472967e-07,1.6081830443469803e-05,0.0007638337005086739,8.131695153930412e-05,4.0835867918851505e-06
2,6.477661141452134e-05,0.0023596500056700764,0.0004799763199378666,0.985619269317151,0.00042828118574262286,0.00014856790923827376,7.491612166486619e-08,0.00017645383404579643,4.399992955331827e-05,0.0058390895404361156,3.3022492669990573e-06,2.8050470063719703e-05,9.28357740927136e-06,0.0006416266989029031,3.0672054529258023e-06,4.0539002767245166e-05,0.003253232771224969,4.394528684743587e-05,1.8248415823524598e-07,1.5116296564857557e-05,1.9220497175072752e-07,1.8366987993123752e-05,0.000703520507576385,7.509540805078646e-05,4.3392794381118e-06
3,7.270688946507671e-05,0.0022035381185519227,0.0004787682705310506,0.9862875992230705,0.00035904491277195414,0.00014347056108359485,6.768124793634715e-08,0.00016620677725460946,3.622139607732133e-05,0.005344305238168145,3.0603314288641153e-06,2.5899082676841824e-05,8.79964614219173e-06,0.0005137645274738401,2.5566304434561105e-06,3.823831598466295e-05,0.003482192619886663,4.4163604277108336e-05,1.744313125218637e-07,1.1937631033202975e-05,1.7828473781808378e-07,1.6615566437147488e-05,0.0006883743508915916,6.853417034959324e-05,3.5817387022947564e-06
4,7.491695881645235e-05,0.0022603931515322428,0.000492857026120436,0.9864464220007897,0.0003708991100948629,0.0001341848709676847,7.038789361321107e-08,0.00016590370247178448,3.782664934412767e-05,0.005229285910691461,3.180487460804112e-06,2.663396136366561e-05,9.629631748910494e-06,0.0005589271403613942,2.542711251400857e-06,3.5858444786979276e-05,0.0033322452111674635,4.496090057633097e-05,1.7597366201406723e-07,1.2356264657959319e-05,1.888866940255202e-07,1.739040252854922e-05,0.0006688393658824883,7.067850385307668e-05,3.6323452825215627e-06
5,6.358621079094633e-05,0.0018223041402835685,0.00042381095735166067,0.9881545054113955,0.00033485041473165004,0.00012778259964144718,6.283460023302199e-08,0.00014311387168736205,3.230408289338989e-05,0.0046691089686635824,2.6621064179288553e-06,2.185785436477601e-05,8.35922473064382e-06,0.0004410718476679498,2.188740822820718e-06,3.418706772709928e-05,0.0029175905433361004,4.5339255468476296e-05,1.6124329980383833e-07,1.1715450384088896e-05,1.6151418139123136e-07,1.327623549430108e-05,0.0006624145533077234,6.473769383746448e-05,2.8471769201571523e-06
6,7.270688946507671e-05,0.0022035381185519227,0.0004787682705310506,0.9862875992230705,0.00035904491277195414,0.00014347056108359485,6.768124793634715e-08,0.00016620677725460946,3.622139607732133e-05,0.005344305238168145,3.0603314288641153e-06,2.5899082676841824e-05,8.79964614219173e-06,0.0005137645274738401,2.5566304434561105e-06,3.823831598466295e-05,0.003482192619886663,4.4163604277108336e-05,1.744313125218637e-07,1.1937631033202975e-05,1.7828473781808378e-07,1.6615566437147488e-05,0.0006883743508915916,6.853417034959324e-05,3.5817387022947564e-06
7,5.796174481611646e-05,0.002330373228316448,0.00048310860812838814,0.9844476976587645,0.0004126044393681489,0.00016230911286840637,7.167668476916584e-08,0.0001662538419881587,4.260325636764478e-05,0.006111358235285542,2.8608988538088233e-06,2.7682677073107446e-05,6.928689531773335e-06,0.0006338240846218788,2.7279406423583716e-06,4.390770547384096e-05,0.00401099581727962,4.304429884907088e-05,1.7755830893010728e-07,1.256241866059879e-05,2.0040151698153547e-07,1.5227998357827336e-05,0.0009017911009804474,7.902572023357319e-05,4.700887027938271e-06
8,3.7004780843280084e-05,0.0020030433935868735,6.0794210444846256e-05,0.9916039267002603,0.0002793538193640146,0.0002867778700615927,3.1843595930908745e-07,0.0005001806320525219,2.2898547403876588e-05,0.0026195355786506054,8.659967620885816e-06,2.7804000515653794e-05,2.073477531776206e-05,0.00023832675465886694,5.915936957180818e-06,3.1398796574523594e-05,0.0018446312653178215,7.793626101027257e-05,1.4055538901827054e-06,1.2565618547723347e-05,3.144767605268579e-07,7.903711748098911e-05,0.00022778798565087615,8.548898996509117e-06,1.0986220728350296e-06
9,0.0004195449745162971,0.0012296024971456898,8.428262550615577e-05,0.9921945083947354,0.0005976342160397355,0.00040554421861283495,6.895690339027871e-07,0.0003649204482589397,1.845877739468363e-05,0.00042025623788867353,2.5234752622634725e-05,6.444380920045871e-05,2.538992429541785e-05,9.457590223186959e-05,4.633853237870288e-06,1.1605652681668148e-05,0.003496717789174616,9.94923503125252e-05,6.122832543592025e-07,3.3837529386849543e-06,3.387098667886026e-07,9.168483995652118e-05,0.00033584977779569573,9.812039572573325e-06,7.826037258528299e-07
10,7.270688946507671e-05,0.0022035381185519227,0.0004787682705310506,0.9862875992230705,0.00035904491277195414,0.00014347056108359485,6.768124793634715e-08,0.00016620677725460946,3.622139607732133e-05,0.005344305238168145,3.0603314288641153e-06,2.5899082676841824e-05,8.79964614219173e-06,0.0005137645274738401,2.5566304434561105e-06,3.823831598466295e-05,0.003482192619886663,4.4163604277108336e-05,1.744313125218637e-07,1.1937631033202975e-05,1.7828473781808378e-07,1.6615566437147488e-05,0.0006883743508915916,6.853417034959324e-05,3.5817387022947564e-06
11,7.698668199145425e-05,0.0022280184977626913,0.00048677195928937747,0.986481794455379,0.0003710974164944905,0.00014081204642943666,7.230578858306561e-08,0.0001658502658319615,3.703781612298997e-05,0.005123112304925501,3.2324609511796513e-06,2.7225475810185073e-05,9.783485254406308e-06,0.0005132332497739123,2.6288678688639713e-06,3.8477671409885504e-05,0.003469559635378394,4.449219916221196e-05,1.811375256298077e-07,1.249438642044406e-05,1.8540372547128918e-07,1.7663692760103148e-05,0.0006728597336094778,7.277964240529056e-05,3.6492079293731273e-06
12,5.804295252267453e-05,0.0014791708934962513,0.00023729497004713163,0.9927848991024295,8.550134706313654e-05,6.26594953376233e-05,4.933822804122913e-08,0.00017015701830289755,1.4982485971045813e-05,0.003136516908086931,1.4493620334032301e-06,1.2980860890359081e-05,7.987856681586435e-06,0.0002078544917242244,1.2773985798925566e-06,2.2278886642482174e-05,0.001387494385983305,3.991975393271219e-05,1.8228473824557272e-07,4.068526700297433e-06,9.417976098718252e-08,1.0302134942897e-05,0.0002522834794152062,2.165137401116912e-05,9.005124778690482e-07
13,0.00010639647607983457,0.0031937858025748362,0.0005406148518595729,0.9838891797627728,0.0005253302219296392,0.00013743798507149778,9.973343477305493e-08,0.0003109219692082834,4.7577198975759455e-05,0.005098039330518243,6.661385969707932e-06,5.212042232590223e-05,1.2593493142206196e-05,0.0009974797645335184,3.6450550615298864e-06,3.763071413828053e-05,0.004271037137577737,5.365544421631977e-05,2.1500862818381265e-07,1.4001240025340837e-05,2.698611073600602e-07,3.479383745041163e-05,0.0005937519633226259,6.698085921356005e-05,5.780480862070283e-06
14,0.00013038420478073582,0.0018765215238055392,0.0008624849211674381,0.9829816776275093,0.0004244944721745259,0.0002662481049282959,1.3006478565984058e-07,0.00027311931415068723,6.0633675903990675e-05,0.005749823490817355,4.188291528721815e-06,5.552964003229106e-05,9.975070893324079e-06,0.0006691439058467884,3.949916205199049e-06,7.80586236019741e-05,0.005112743360409878,5.782024166795663e-05,1.7058155796679993e-07,1.7177319073057995e-05,2.203039673406982e-07,2.0629837781419042e-05,0.001224565021100165,0.00011243457610314405,7.875910207371136e-06
15,7.270688946507671e-05,0.0022035381185519227,0.0004787682705310506,0.9862875992230705,0.00035904491277195414,0.00014347056108359485,6.768124793634715e-08,0.00016620677725460946,3.622139607732133e-05,0.005344305238168145,3.0603314288641153e-06,2.5899082676841824e-05,8.79964614219173e-06,0.0005137645274738401,2.5566304434561105e-06,3.823831598466295e-05,0.003482192619886663,4.4163604277108336e-05,1.744313125218637e-07,1.1937631033202975e-05,1.7828473781808378e-07,1.6615566437147488e-05,0.0006883743508915916,6.853417034959324e-05,3.5817387022947564e-06
16,7.11880415785969e-05,0.0021515074911289287,0.0005132504400349163,0.9858316933043835,0.00036737678275486097,0.00014968957395740412,6.737063293284637e-08,0.00015574509539231267,3.6302537713775855e-05,0.005538670465675303,2.953053379658967e-06,2.4213094636801064e-05,8.676771937685556e-06,0.0004971295429336324,2.4853845082290137e-06,3.9534223826000985e-05,0.003699390772861335,4.367143314230555e-05,1.733881399949703e-07,1.2432432735914978e-05,1.863872213391914e-07,1.528906273202468e-05,0.0007594419914153635,7.530550958899139e-05,3.6258476881111966e-06
17,6.23286535269079e-05,0.002256494676361529,0.0004515640060307279,0.9852641516886926,0.00029550519317789853,0.00015845897229887823,6.104888404065317e-08,0.00017320365434487408,3.371553944266118e-05,0.006503545013125056,2.6199987047786603e-06,2.2239201432488804e-05,7.739242890199747e-06,0.00044830876549018965,2.85651148480846e-06,4.575283386267075e-05,0.0034736778664873048,4.096305001378735e-05,1.9478265511380507e-07,1.1690394915654269e-05,1.5775023675002377e-07,1.5793133811886223e-05,0.0006644820392036231,6.098006109142743e-05,3.515921834067313e-06
18,7.322978243802057e-05,0.00225489205351018,0.0004904094654469164,0.9859254013342469,0.00036706796200622083,0.0001462866958155078,6.958708085327657e-08,0.00016834799636737517,3.748338737267477e-05,0.005475396604532037,3.1254783794272278e-06,2.6877075817087756e-05,8.887440148605693e-06,0.0005381002496699282,2.627511235918703e-06,3.9412891771823596e-05,0.003581498951122521,4.4855441952833315e-05,1.7873838501090331e-07,1.2237352699436195e-05,1.8508831711344805e-07,1.7004262759466985e-05,0.0007115204080359209,7.111097054494464e-05,3.7932703432604053e-06
19,0.0016071033479013903,0.0052178399768600375,0.005612322348011883,0.9339602947048771,0.0009466299416166131,0.0003645325182463335,4.08953785312775e-07,0.0012403939633613725,7.140569234739239e-05,0.011632565658435528,4.9139542373683846e-05,9.521531702500797e-05,6.382115820285594e-05,0.002186531850896637,3.165236392411299e-06,0.00015311990964819283,0.030721886775037188,0.0009601805571896944,9.697936845847534e-07,4.674038791653241e-05,5.321868723983719e-06,5.950556448207343e-05,0.004659040733119125,0.00032958877152130774,1.2275428343806317e-05
20,6.47978353757866e-05,0.0024263578631905716,0.0003703645247815399,0.9872442249112041,0.0003339261268976556,0.0001282570698145879,6.640417447768644e-08,0.0001854441769530764,3.832875960428112e-05,0.005249194127708638,3.2573673924917795e-06,2.4427407254122242e-05,9.77103574253468e-06,0.0005723144394416041,2.9318339607400887e-06,3.068768711457991e-05,0.0026782324020763353,3.9707274958654584e-05,1.9588768679249992e-07,1.160564045297594e-05,1.6621251088970067e-07,2.246507180726841e-05,0.0005067246553743813,5.326376327725488e-05,3.287521244664751e-06
21,5.562844623310631e-05,0.0023847761880217712,0.00034715895245878716,0.9858086889252727,0.0003667303613026383,0.00018589149953961444,6.725022828239379e-08,0.00016115192883106138,3.859227373253106e-05,0.005991488109460724,3.0397737849104663e-06,2.041599736882246e-05,7.217526964189729e-06,0.0004608301377747478,3.3217081765374203e-06,3.289046395801048e-05,0.0033485729681337695,3.426859899161574e-05,2.2022051792842566e-07,1.0201201161116869e-05,1.6686317551583547e-07,1.9872724766545836e-05,0.000661723787838354,5.357524364900848e-05,3.508848657854155e-06
22,7.573045896068296e-05,0.0021933649014067576,0.0004957050814845007,0.9860204825853628,0.00035089163363006583,0.0001444054544343359,6.566357466694038e-08,0.0001713461473522899,3.361348150555262e-05,0.005397171065596366,3.0960522262362388e-06,2.5158873473434223e-05,8.78077044924062e-06,0.000499597764257437,2.4595519174011837e-06,3.8277488706666084e-05,0.0037019345521851254,4.5599262763516425e-05,1.732643673375527e-07,1.1764245632879914e-05,1.8360986437716008e-07,1.6497560464180374e-05,0.0006949198043573967,6.537348059196695e-05,3.4072454347561468e-06
23,7.270688946507671e-05,0.0022035381185519227,0.0004787682705310506,0.9862875992230705,0.00035904491277195414,0.00014347056108359485,6.768124793634715e-08,0.00016620677725460946,3.622139607732133e-05,0.005344305238168145,3.0603314288641153e-06,2.5899082676841824e-05,8.79964614219173e-06,0.0005137645274738401,2.5566304434561105e-06,3.823831598466295e-05,0.003482192619886663,4.4163604277108336e-05,1.744313125218637e-07,1.1937631033202975e-05,1.7828473781808378e-07,1.6615566437147488e-05,0.0006883743508915916,6.853417034959324e-05,3.5817387022947564e-06
24,0.00011570470512708899,0.002419782745975328,0.0007785268734382478,0.9824841044301686,0.0004879812161917624,0.00021681555213597383,9.298911220672825e-08,0.00021012771410657753,5.054222257002398e-05,0.006557864214263185,4.4057978367639615e-06,3.752475140205797e-05,1.1572322791440121e-05,0.0006406998798583419,3.1138208141291997e-06,5.3224383320724274e-05,0.004771337047315461,5.594882439172243e-05,1.8639151829905027e-07,1.6792419435622327e-05,2.4734975420293857e-07,2.1458856983985414e-05,0.0009520566799386166,0.00010440802325349254,5.480788296066951e-06
25,8.270720514484327e-05,0.002869615030926045,0.0005859529762506543,0.9824575079687144,0.0003671182609738031,0.00017223851207761746,6.53516166095207e-08,0.00012393013533497314,4.4560973932390906e-05,0.007331390147408895,2.87280497982571e-06,2.4092023876341055e-05,9.30425537755555e-06,0.000535221635211911,3.226216161545975e-06,4.4315631311448334e-05,0.004321308894166791,3.922265735934921e-05,2.1619653349089253e-07,1.158999825599605e-05,1.960781388629627e-07,1.788869502523071e-05,0.0008546098439677894,9.595848235223444e-05,4.890024901250802e-06
26,8.997236495007154e-05,0.0016279638849966524,0.0006446730784550468,0.9870373145850637,0.00043336461192567896,0.00014875869527776372,6.777021442432208e-08,0.00010748721338888354,4.19158334789882e-05,0.004627298318962358,2.722718561996219e-06,2.2714350409032607e-05,9.304377427294663e-06,0.0004335963229648945,1.9259958949142492e-06,3.7768424728897975e-05,0.0034773004537003464,5.134380262281285e-05,1.3741709165986593e-07,1.3786035961552434e-05,1.894605210683503e-07,1.054876693857049e-05,0.00105338614595535,0.00012300636916808054,3.4530013400951286e-06
27,9.133200129317427e-05,0.002246643679500677,0.0010325049854806936,0.9776685686045765,0.00038491956571464023,0.0001273708770655896,6.348631623659482e-08,0.0001610635226052061,1.7361402066540877e-05,0.006133429970736734,3.6137927290246535e-06,2.4363111968655647e-05,8.526109774602515e-06,0.0005665625832855552,1.6972341939063294e-06,5.1730596983311365e-05,0.010042624067526198,6.985967989003745e-05,1.5732655292861718e-07,1.4053750863952599e-05,3.751559786659523e-07,8.92324803184655e-06,0.001263770484166306,7.710390488639313e-05,3.380857812620044e-06
28,7.270688946507671e-05,0.0022035381185519227,0.0004787682705310506,0.9862875992230705,0.00035904491277195414,0.00014347056108359485,6.768124793634715e-08,0.00016620677725460946,3.622139607732133e-05,0.005344305238168145,3.0603314288641153e-06,2.5899082676841824e-05,8.79964614219173e-06,0.0005137645274738401,2.5566304434561105e-06,3.823831598466295e-05,0.003482192619886663,4.4163604277108336e-05,1.744313125218637e-07,1.1937631033202975e-05,1.7828473781808378e-07,1.6615566437147488e-05,0.0006883743508915916,6.853417034959324e-05,3.5817387022947564e-06
29,7.270688946507671e-05,0.0022035381185519227,0.0004787682705310506,0.9862875992230705,0.00035904491277195414,0.00014347056108359485,6.768124793634715e-08,0.00016620677725460946,3.622139607732133e-05,0.005344305238168145,3.0603314288641153e-06,2.5899082676841824e-05,8.79964614219173e-06,0.0005137645274738401,2.5566304434561105e-06,3.823831598466295e-05,0.003482192619886663,4.4163604277108336e-05,1.744313125218637e-07,1.1937631033202975e-05,1.7828473781808378e-07,1.6615566437147488e-05,0.0006883743508915916,6.853417034959324e-05,3.5817387022947564e-06
30,7.270688946507671e-05,0.0022035381185519227,0.0004787682705310506,0.9862875992230705,0.00035904491277195414,0.00014347056108359485,6.768124793634715e-08,0.00016620677725460946,3.622139607732133e-05,0.005344305238168145,3.0603314288641153e-06,2.5899082676841824e-05,8.79964614219173e-06,0.0005137645274738401,2.5566304434561105e-06,3.823831598466295e-05,0.003482192619886663,4.4163604277108336e-05,1.744313125218637e-07,1.1937631033202975e-05,1.7828473781808378e-07,1.6615566437147488e-05,0.0006883743508915916,6.853417034959324e-05,3.5817387022947564e-06
31,0.0001101258351219207,0.0023937735556576467,0.000636287798358659,0.9848957995857297,0.0003321972206749509,0.0001458698076534827,7.433614978164263e-08,0.00022997453711826927,3.2951354009093094e-05,0.005393145871542233,3.6933031326734892e-06,3.03783091771969e-05,1.02040209071457e-05,0.000524213467819348,2.2676372170209144e-06,4.2382319624099426e-05,0.0043426851957794575,5.472472219758552e-05,1.7413394006280314e-07,1.1297533188207722e-05,2.140944902046238e-07,1.8481000421275504e-05,0.0007193139282632639,6.622712133600453e-05,3.54331049075897e-06
32,6.833000707723972e-05,0.0021580893747742366,0.0004468148298097739,0.9866739120814327,0.00035585236261491485,0.00014101156371651343,6.88553293234413e-08,0.000159009687910591,3.5576789861952136e-05,0.005189765078115288,2.967231599570952e-06,2.471912297003969e-05,8.717831071742059e-06,0.00048784216693553733,2.6125625622877347e-06,3.7786619955254105e-05,0.003379344126497689,4.346201844270645e-05,1.864575513730848e-07,1.178692556377043e-05,1.7924088633703e-07,1.625323872690719e-05,0.0006845014737050913,6.774933581301755e-05,3.461017076280171e-06
33,6.861383082531932e-05,0.0023484281073028537,0.0006562260071145436,0.9818433524119521,0.00047173875929494715,0.00021776279624587892,7.479038440893515e-08,0.0001651557213046847,5.9118076972987634e-05,0.008628901451370904,3.0598219922105797e-06,2.4797764490668155e-05,8.266170518667784e-06,0.0007030627276486325,3.323485301494902e-06,4.616228160365886e-05,0.0035573793134212367,4.725794559418258e-05,1.899086197936255e-07,1.6828733828872914e-05,2.143585383206544e-07,1.6211562010762216e-05,0.0010126554087812934,9.585015278339389e-05,5.368412098050771e-06
34,0.00014745302093628932,0.0017009527134964752,0.0005563339754227431,0.9888602574489247,0.00035397416112150243,0.00012936618538557772,7.80322352225876e-08,0.00016626875673391066,3.549126255110286e-05,0.0037657136319827014,4.049328388625476e-06,2.5707302061632898e-05,1.2209678222878444e-05,0.00039345448304405035,2.273019247277027e-06,2.9007268924453197e-05,0.002991224196176381,6.172984082241574e-05,1.819934735433398e-07,9.836866449978553e-06,1.8990829008934086e-07,1.672524767658244e-05,0.0006643712987986979,7.051313774896381e-05,2.637241884043141e-06
35,1.0865364732290358e-05,0.0022052055169787684,0.00037845661884320774,0.9855549275485794,0.000725048139235942,0.00010869206759061169,5.070471882199606e-08,4.672710659307747e-05,3.100106239187364e-05,0.005731484126899977,1.690102637731313e-06,1.1323076993479409e-05,6.093455237382269e-06,0.0007341953346661723,4.228098895169823e-06,3.127321292285384e-05,0.003123514195257341,1.387680915006765e-05,1.1149183875251524e-07,3.694943994775758e-05,1.857208236763461e-07,6.0517443273798845e-06,0.001136460094587322,9.621078209441126e-05,5.378184056609248e-06
36,6.87598261221685e-05,0.0025199219460288317,0.0004186512511528936,0.98559714379111,0.0002904830071780574,0.00014323177874876782,7.319959887229282e-08,0.0002140723343033544,3.679332055449393e-05,0.005786727934560305,2.859968357981119e-06,3.083680229840812e-05,9.28190264686438e-06,0.0005336004303739013,2.8605587969437495e-06,4.788071395377151e-05,0.003615141704632285,4.166756638596082e-05,1.927940892221576e-07,1.183525431773216e-05,1.5203853624446854e-07,2.212928500501238e-05,0.0005482593754278187,5.373072843479325e-05,3.712487385194173e-06
37,5.5890722645556034e-05,0.00233270539859461,0.0003969951004141165,0.9858185762556383,0.0003252999602496277,0.0001501892614978888,6.290669384966545e-08,0.00017337029273532397,3.3012938526447186e-05,0.005809678596010662,2.766728021836242e-06,2.3491688140238547e-05,7.3946860894612284e-06,0.0004894743206264538,2.868055579262671e-06,4.0191443987513796e-05,0.003567919085163823,3.780951583983054e-05,1.8941840500834285e-07,1.1240411851992683e-05,1.6362743017462694e-07,1.6995543748067482e-05,0.000644533745360964,5.564161504875041e-05,3.538681700032684e-06
38,8.10480018360285e-05,0.0017818839740159585,0.0005026001332473913,0.9861606763196934,0.0002826837473588118,0.0001982988755554179,8.654043753158048e-08,0.00017387225000788561,3.071916171264947e-05,0.005562580128874779,2.8273053066863038e-06,2.3760023127629033e-05,1.0364385274975139e-05,0.00034289229040539425,2.920944432980963e-06,5.663292355323821e-05,0.0038533817177192225,5.343882388783025e-05,2.2469793972325487e-07,1.432556080639865e-05,1.851926098695973e-07,1.5875214206538347e-05,0.0007798221699596888,6.577719819994233e-05,3.1224198299590312e-06
39,7.059744106466479e-05,0.0022092396222498675,0.0004715720779009264,0.9863926564995336,0.00036026504264592506,0.00013868398572760448,6.496051619045656e-08,0.00015634093291332272,3.6385061851517755e-05,0.005373196467246773,2.9738571859353997e-06,2.4726526604947928e-05,8.694295043645308e-06,0.0005158361996489918,2.5436950638228555e-06,3.674113066085946e-05,0.0033724286261180166,4.323598781305785e-05,1.7247198678793227e-07,1.184126039322266e-05,1.7459047552756654e-07,1.6106167400143143e-05,0.0006829434605555601,6.904725400968231e-05,3.532385389706337e-06
40,4.1022333126842464e-05,0.0016310452825725763,0.00029925494618859253,0.9889762413564738,0.0002383366805409898,0.00011483595067832799,5.1033107980923944e-08,0.00013303698821634863,3.0105871198101714e-05,0.00525335512818663,1.7863341997810663e-06,1.4631482157012466e-05,6.656486251762561e-06,0.0003583581080508965,2.094098887220131e-06,3.581628705841563e-05,0.002164786170621558,4.0999628197683e-05,1.8343169689202449e-07,1.0593917377451627e-05,1.2451413780383598e-07,1.099461710911909e-05,0.000580460176602043,5.299322705066963e-05,2.2359503115589957e-06
41,6.682400435557979e-05,0.001968326440480038,0.0004207702431146917,0.987693239088893,0.0003473139302080498,0.0001391869915460705,6.080249384086781e-08,0.00015108497346207213,3.454334197225579e-05,0.0049042241224956495,2.7611328947706613e-06,2.3340364289297323e-05,7.736396491770409e-06,0.00044485980169354903,2.490888830689024e-06,3.385967406771067e-05,0.0030024636108734386,3.966383565490972e-05,1.5599329522924465e-07,1.0703970812816557e-05,1.4468621456766836e-07,1.4868032240201063e-05,0.0006273113558320253,6.092086043836937e-05,3.1454573495107265e-06
42,9.44702476570627e-05,0.0008825829980627825,0.001006029304552597,0.9864550863284586,0.0008002299716950874,0.0001279522793367499,5.2953728173565e-08,6.973934856077777e-05,7.601915616715927e-05,0.005396886840710032,3.174554463677581e-06,1.429935299896783e-05,5.952481399199841e-06,0.001057098877103624,1.1611790085302272e-06,1.266555639732286e-05,0.0014563659029742091,0.00012079578538744545,7.070254144275705e-08,1.5290398576044888e-05,2.571697677151259e-07,3.2077647162145284e-06,0.0022463919593012083,0.0001512041155707906,3.0147708647794504e-06
43,8.031397062112285e-05,0.002203199796820735,0.00046478917971344347,0.9874873354232491,0.0003605352777507944,0.0001165860843954652,6.820580445133239e-08,0.0001508244261253091,3.270043689200891e-05,0.004182926023712137,3.1753210426774415e-06,2.88868442909241e-05,9.332396247449344e-06,0.0004928917530403189,2.259775631382755e-06,3.477194892933117e-05,0.0035560386858419376,4.383734080084686e-05,1.567430148689764e-07,1.078623239232089e-05,1.7164918876492202e-07,1.5776591181611117e-05,0.0006483888807144729,7.086641996440195e-05,3.3805926341699885e-06
44,7.270688946507671e-05,0.0022035381185519227,0.0004787682705310506,0.9862875992230705,0.00035904491277195414,0.00014347056108359485,6.768124793634715e-08,0.00016620677725460946,3.622139607732133e-05,0.005344305238168145,3.0603314288641153e-06,2.5899082676841824e-05,8.79964614219173e-06,0.0005137645274738401,2.5566304434561105e-06,3.823831598466295e-05,0.003482192619886663,4.4163604277108336e-05,1.744313125218637e-07,1.1937631033202975e-05,1.7828473781808378e-07,1.6615566437147488e-05,0.0006883743508915916,6.853417034959324e-05,3.5817387022947564e-06
45,7.699112579451536e-05,0.0023382462498044245,0.0005181140853994672,0.9854655726026321,0.00037022793902946523,0.00014456518841254022,6.751015201151079e-08,0.0001706890473186598,3.695397089007177e-05,0.0056118268201685445,3.215364694248722e-06,2.6950482862039264e-05,9.100961074485873e-06,0.0005560446329553553,2.528699110818734e-06,3.924677555991326e-05,0.0037548204745118828,4.612080299917985e-05,1.7509363739109213e-07,1.2336691924918147e-05,1.9213452137877567e-07,1.7203640141410336e-05,0.0007226026722251188,7.240849668019533e-05,3.7985374999023305e-06
46,1.3381432339035303e-05,0.0010502510614205703,0.0010451093906433582,0.9135214433406712,0.0007684294331543643,0.0003612380637440854,9.082585377264673e-08,0.00011881293108445366,0.0014011549051130133,0.07028017267842893,1.608030654366672e-06,5.593033229163246e-06,7.658227109102143e-06,0.007641811496583552,3.899030987415894e-06,2.5877454133164152e-05,0.0001724998067956715,0.00020545098147954565,3.6223060462786185e-07,0.00010680555044084632,4.925957411315786e-07,5.531489929702686e-06,0.0029069714294695484,0.00034571721114546385,9.637369243869134e-06
47,0.00011086938885197873,0.0031870949943081594,0.00051723064461009,0.9842998315263976,0.0003528856999423962,0.00015176140359352252,8.324163761989768e-08,0.00020228350610108174,3.931816923884575e-05,0.005335316950622108,3.9041986082341045e-06,4.180439919118289e-05,1.350122473105492e-05,0.0004848523367046308,3.2159909941921345e-06,5.721334965048945e-05,0.004467734016242811,4.320131828416906e-05,2.072752913941712e-07,1.3354548267840045e-05,1.6586494032904507e-07,2.851972761701564e-05,0.0005583968447046585,8.256420124113678e-05,4.68917822750698e-06
48,7.282966202262933e-05,0.002198120537915754,0.0004803629042189747,0.9862889420754782,0.0003602533950079953,0.00014375277152418165,6.781965469560783e-08,0.00016616226809232706,3.6375102115367055e-05,0.005347059230932689,3.066113320144799e-06,2.594856983484703e-05,8.819613560387318e-06,0.0005149792167124794,2.5573787925829764e-06,3.8284726926493644e-05,0.0034765454527088736,4.429039016601823e-05,1.7426487327584493e-07,1.1993136880959031e-05,1.7860990144199296e-07,1.6604242719822365e-05,0.0006901470510759855,6.889465701669937e-05,3.5908085472071514e-06
49,7.440269357491837e-05,0.002196219411648243,0.0004883661177905378,0.9862532734588999,0.00036105800345298804,0.00014670179324279822,6.873216093477007e-08,0.00016810205739766434,3.635466611691662e-05,0.005310535760150095,3.1082806441004137e-06,2.6592544864029694e-05,8.926656639701908e-06,0.0005131942299478717,2.546550396083972e-06,3.868239648735013e-05,0.0035305881275982274,4.4495251317235015e-05,1.7187859722500482e-07,1.2103316236928705e-05,1.7878212673812166e-07,1.6759235557082222e-05,0.0006947771610341709,6.918254005287803e-05,3.610354065297423e-06
50,7.12801967007673e-05,0.0022244914007933537,0.00047594106020301446,0.9861596716720487,0.00035475685109634506,0.0001445634058594287,6.778946433027338e-08,0.0001703290323200328,3.686571381663324e-05,0.00552626177617979,3.0227491981564993e-06,2.561892849317184e-05,8.772287243802034e-06,0.0005249545609229658,2.5881727994744093e-06,3.820688160818425e-05,0.003410854368349673,4.3986005522967245e-05,1.769143811054015e-07,1.1971250946290772e-05,1.7794917978722643e-07,1.6934985086766506e-05,0.0006781566479836062,6.675842322737501e-05,3.5909765742520295e-06
51,0.0009798153696221705,0.001307104552392023,0.015117674010115186,0.8258162575774494,0.007967245886832484,0.0077394502538205845,1.511375620152138e-06,0.00016560029836531332,0.0006006714000744395,0.023911839863142038,2.946818116053617e-05,0.00014394778137168346,3.846222550374167e-05,0.0011666519548960486,1.1497990795091376e-05,0.0006596271029096839,0.05977110760022798,0.00039754750051783865,7.779380994204627e-07,0.0002078386001906622,5.0384191785514665e-06,2.571804928416005e-05,0.04812930479411768,0.005710071038462305,9.577023585078374e-05
52,0.00012930782600403462,0.005223664134915645,0.0010106000734806232,0.9732074379869062,0.0009589283955476029,0.00016016439257797977,1.7562984584671596e-07,0.00025677003133670555,4.600622615435878e-05,0.003663878931485849,7.771843718419505e-06,9.811414871774182e-05,1.443420032952728e-05,0.0011400284112327035,2.8930056179423293e-06,5.192512970896207e-05,0.012582181105649575,3.688055245721741e-05,1.6177590206409122e-07,1.5952077082686373e-05,5.241252998281392e-07,3.219919288224487e-05,0.0012004320617013994,0.0001481014450909872,1.1467296353696158e-05
53,7.909485287193333e-05,0.001965481621083549,0.0004971790531188077,0.9867105590939996,0.0003915899973654362,0.00018197855491870993,1.0753815162535069e-07,0.00021355460253866975,4.3791832601727914e-05,0.004608647507913231,3.516648527938831e-06,3.649068508086594e-05,9.256611353819e-06,0.0005658497810136738,2.8950119776356944e-06,4.666974252181038e-05,0.0036250151443018826,5.2121424285692454e-05,1.783338857448814e-07,1.408963274390379e-05,2.0355802633269884e-07,1.7725413019949798e-05,0.0008560290978610027,7.359087848502899e-05,4.383382351344155e-06
54,7.61408698350694e-05,0.001683878275189925,0.00043658000354749026,0.9885645289657558,0.0003325864018772273,0.0001336148322614511,6.1065579532857e-08,0.00014495616260481474,2.87635889778463e-05,0.004221592338456019,2.9366343504215516e-06,1.947561845030291e-05,8.373862147541144e-06,0.0003925168546401951,1.9553100999813504e-06,2.8042656878309603e-05,0.0031096075407495093,4.739228101233577e-05,1.5626654752186026e-07,1.0005311087077947e-05,1.7379177589533175e-07,1.3354630181735818e-05,0.0006831523756494596,5.778039377182161e-05,2.3739685727296867e-06
55,9.630399040116711e-05,0.001669167288335529,0.00046692555562210457,0.9895728534046427,0.0004155812071831471,0.00014432708837367066,9.895907942362728e-08,0.00015334913455108243,4.645113499746678e-05,0.003302263398253176,3.684819799545916e-06,3.9809044472478364e-05,1.1213098509919849e-05,0.00045776055695588954,2.3522518746635373e-06,3.776170535643551e-05,0.002686742971638227,5.2219771271619524e-05,1.5363660764047543e-07,1.2740901016379958e-05,1.583251896446002e-07,1.587195107299116e-05,0.0007142847978612703,9.409026173999078e-05,3.834745193907787e-06
56,7.574702475018563e-05,0.0022250234745548754,0.000483338500244177,0.9863822026540405,0.0003640079773695942,0.00014316779245677848,7.051856728910627e-08,0.00016728744895487313,3.706157758377433e-05,0.005245325033893515,3.1670161522516828e-06,2.6579816834565418e-05,9.296894572779255e-06,0.0005180072061514541,2.576862761149557e-06,3.768362501323453e-05,0.0034479782529412825,4.4852853575682456e-05,1.7831779559233402e-07,1.2083701346146465e-05,1.8261629516807408e-07,1.7237552393465426e-05,0.0006833943184203931,6.995132957720618e-05,3.597633754216196e-06
57,6.614041088482538e-05,0.0026979679168735423,0.00042459370389679227,0.9859675413903405,0.00034132702558533056,0.00012180342593990616,7.457921854732795e-08,0.00016130037380585177,3.377620507617495e-05,0.0051760075790110065,3.098762232798798e-06,2.8389286738497745e-05,1.1096384433641996e-05,0.0005022551085041493,2.7261973065828027e-06,4.279887693399671e-05,0.0036882023583991825,4.093715682520264e-05,2.3117158247223846e-07,1.2461549174593096e-05,1.9798961445460406e-07,2.037096672583007e-05,0.0005805952794556061,7.23823282566562e-05,3.723973183838638e-06
58,7.362468683452872e-05,0.0021738002880896095,0.0004945438837012805,0.9865618147018416,0.00040395531785818807,0.00014377246886564983,7.555756170694146e-08,0.0001464031265798774,4.0588593755232174e-05,0.0050625735424442275,3.1771490663184792e-06,2.7562650659494773e-05,9.999802275477582e-06,0.0005150087888936733,2.649866116045794e-06,4.015850242213987e-05,0.0033839490408181373,4.5039850568495845e-05,1.8361111253285233e-07,1.375773132294854e-05,1.9114140468682038e-07,1.63103589720786e-05,0.0007479571518683353,8.89674383693593e-05,3.934748598230497e-06
59,7.399881252279009e-05,0.0022289646103047685,0.0005416620245323049,0.9856726777145011,0.00040589338412960735,0.00014738365417244018,7.209550112510233e-08,0.00015330937735309657,4.002931013836145e-05,0.005543533214793504,3.149271492117194e-06,2.6966444348318088e-05,9.679572210790417e-06,0.0005462607047804803,2.583192510698133e-06,4.144750470716118e-05,0.0036219293101659353,4.547787863165942e-05,1.7725281664370406e-07,1.3978445615880612e-05,2.0021834871016438e-07,1.6117823126792436e-05,0.0007722156792331062,8.825514898796032e-05,4.037355074596688e-06
60,7.270688946507671e-05,0.0022035381185519227,0.0004787682705310506,0.9862875992230705,0.00035904491277195414,0.00014347056108359485,6.768124793634715e-08,0.00016620677725460946,3.622139607732133e-05,0.005344305238168145,3.0603314288641153e-06,2.5899082676841824e-05,8.79964614219173e-06,0.0005137645274738401,2.5566304434561105e-06,3.823831598466295e-05,0.003482192619886663,4.4163604277108336e-05,1.744313125218637e-07,1.1937631033202975e-05,1.7828473781808378e-07,1.6615566437147488e-05,0.0006883743508915916,6.853417034959324e-05,3.5817387022947564e-06
61,8.255441908596913e-05,0.002232616154309317,0.0005944525931291422,0.9853072976738098,0.00042382310832865305,0.0001534871591445905,7.539123402974539e-08,0.00016237500527166353,4.252997468737191e-05,0.0056370274228603745,3.378180929295263e-06,2.8685499273693664e-05,9.945967905238782e-06,0.0005722722015811204,2.573113704344991e-06,4.165118550516873e-05,0.0037205629887463077,4.807338625571707e-05,1.7698280817872542e-07,1.3932058064897559e-05,2.1282392824120714e-07,1.6484680930770218e-05,0.0008083261215780349,9.324015054486364e-05,4.245756383061906e-06
62,7.270688946507671e-05,0.0022035381185519227,0.0004787682705310506,0.9862875992230705,0.00035904491277195414,0.00014347056108359485,6.768124793634715e-08,0.00016620677725460946,3.622139607732133e-05,0.005344305238168145,3.0603314288641153e-06,2.5899082676841824e-05,8.79964614219173e-06,0.0005137645274738401,2.5566304434561105e-06,3.823831598466295e-05,0.003482192619886663,4.4163604277108336e-05,1.744313125218637e-07,1.1937631033202975e-05,1.7828473781808378e-07,1.6615566437147488e-05,0.0006883743508915916,6.853417034959324e-05,3.5817387022947564e-06
63,7.088230251838713e-05,0.0024324610190277983,0.0004577243117029359,0.9858731121468289,0.00035568224724697703,0.00013995402886449008,6.713432628443357e-08,0.00016752706219687997,3.59738489468737e-05,0.005475100173851573,3.0755125204869712e-06,2.6263926104889325e-05,8.873438352646361e-06,0.000515979331164404,2.6952310387502385e-06,3.9242387915432714e-05,0.003591612873410701,4.1956559640453435e-05,1.871042467910888e-07,1.1645119660862942e-05,1.791005610230963e-07,1.780580261312322e-05,0.0006601587765019991,6.812845994898395e-05,3.7121008084315717e-06
64,7.937385510065302e-05,0.0023731556269392558,0.0005575632495405543,0.9848348623381719,0.0004084067892341519,0.00015082336018520533,7.914462904937595e-08,0.0001789769069658475,3.869610442658747e-05,0.005702329324802624,3.5221287301841453e-06,2.7851809761372957e-05,9.94260451985854e-06,0.0005985377796694295,2.6082774122819255e-06,4.054486094428384e-05,0.00403272479246812,5.073766401566554e-05,2.0189396453794975e-07,1.3283973457633981e-05,2.4220318713852616e-07,1.7897348918597267e-05,0.0007952916358886162,7.832100983665704e-05,4.025317230077e-06
65,0.00011245800100200989,0.006380084935060904,0.0014289577791667684,0.9675489949785575,0.0006165667514749413,0.00015297596771647414,9.10198626195223e-08,0.00029323177441398446,0.00010976867495420158,0.015331787727856335,4.642889234323303e-06,4.8622241414488446e-05,2.139173369604086e-05,0.0022769105316344765,3.16558807024351e-06,6.804981806830807e-05,0.004414276957534264,6.267139504253832e-05,1.9695812384735416e-07,3.5508587517302135e-05,3.915472198140449e-07,3.808354647244931e-05,0.0008582823624019414,0.00018169499451097757,1.1193238993294323e-05
66,6.708448713578894e-05,0.0022286055310071313,0.0004407235409204081,0.9862142991561469,0.0003608719517077329,0.00014489948641568812,6.621865027232503e-08,0.000154664593886862,3.632811502277409e-05,0.005249158688559209,2.9215883936081216e-06,2.534030626165194e-05,7.722091306675169e-06,0.0005073192246250127,2.6232726579586462e-06,3.754624908103357e-05,0.0036309242305344585,4.1750232599459684e-05,1.8295888040467447e-07,1.0721729359239252e-05,1.801213767042416e-07,1.5913699066787844e-05,0.000746230398061543,7.016648373489896e-05,3.755644608015383e-06
67,0.00011232528060702472,0.0037002332519324886,0.00040972276838803273,0.983625647654428,0.0004084997513839379,0.00019273085839537947,1.0220505789992047e-07,0.0002869641408652024,5.288106981848041e-05,0.005807844956831167,5.111148321400815e-06,4.688702964766049e-05,1.0539651613080236e-05,0.0005979492668579346,4.030892505544298e-06,4.2927196114431875e-05,0.004022307646019305,4.18484812665571e-05,2.8261587042343105e-07,8.428860481531087e-06,1.9478021199697623e-07,4.0172095823818445e-05,0.0005175663606995782,5.945448355589979e-05,5.347553303312473e-06
68,0.00017264957853380117,0.005195193350217491,0.00031363374181507807,0.9809778479218311,0.0002792965511233685,9.754045565321833e-05,1.0584858283753555e-07,0.00047661705663555137,1.4436945858023674e-05,0.00351819199846017,7.463518699899655e-06,4.001567364457584e-05,1.4234872337678483e-05,0.00036787533650737577,4.113746154878235e-06,5.297177464384319e-05,0.007984139824608867,5.508431146046906e-05,4.964966613012569e-07,5.589381000676048e-06,3.802821678734772e-07,5.237392760195396e-05,0.0003373066616101201,2.9555041469679623e-05,2.885702719936475e-06
69,7.438959031877065e-05,0.0022727937827194617,0.000435144517965303,0.9867440361585087,0.00035620070564090897,0.00013826804620694312,6.532816043964211e-08,0.0001576840088425633,3.436817928201924e-05,0.004932307333534518,3.0462639257775384e-06,2.5868350046560576e-05,8.484808618162543e-06,0.0004610031866720491,2.577459607715085e-06,3.6306006187189596e-05,0.003542462547998673,4.027220024192746e-05,1.7551889276238646e-07,1.0390669666743049e-05,1.639345072889635e-07,1.7155382295295305e-05,0.0006380486356832268,6.535620459902337e-05,3.4311798779631053e-06
70,6.858641993797602e-05,0.002035580794478448,0.0004526439226953315,0.9872509692797443,0.00035383181709498155,0.0001367349220649361,6.47659939206799e-08,0.00015607460484187087,3.504678256544996e-05,0.0049449415506084,2.8963737398421206e-06,2.427801785679854e-05,8.303940317488882e-06,0.000492936392553829,2.4260503927289684e-06,3.429498638847346e-05,0.0031940577379540223,4.2187162086847614e-05,1.6004178700485643e-07,1.1382998955949367e-05,1.6528304029822037e-07,1.5256256709755588e-05,0.0006694273031148594,6.445524164211497e-05,3.2973534343112882e-06
