,0,1,2,3,4,5,6,7,8,9,10,11,12,13,14,15,16,17,18,19,20,21,22,23,24
0,3.387949067577074e-05,9.00535872874043e-05,0.031817610020149455,0.8806599067562251,0.0037015744953587063,3.43947550040135e-07,6.0889920680534035e-05,0.0747877808222632,6.954281173585484e-05,0.0007426183721884378,4.747123569168447e-05,0.0033971325335153766,0.0009123893788405831,0.0010616189921577666,6.579599501110683e-09,5.614144710857974e-07,3.653632969245597e-05,0.0007687549179865188,2.6735164328986522e-05,0.001120749509933303,6.539800146581601e-05,7.771604551430539e-06,2.320072109785943e-06,0.00026705026275380614,0.00032130377878716735
1,5.276325035001139e-05,9.200736147521773e-05,0.06939237138770217,0.8110041329027778,0.005186589566519428,7.389393356194533e-07,0.00011877115851968074,0.1015336804063035,0.00018962351658835446,0.0010185670434938764,7.913422183026698e-05,0.004838377252224519,0.0015121882108042437,0.0013222644950464963,1.1519842574446147e-08,1.3346040207893012e-06,3.406075410215767e-05,0.0006962168330160432,4.707327312966895e-05,0.0021503203063245125,6.280894082970672e-05,8.959038991152187e-06,2.233892682325308e-06,0.0003322198670368627,0.00032355125705297157
2,5.095730606197138e-05,8.501046822581821e-05,0.05358766020066634,0.8367534122742696,0.004351797945855651,6.845405546282377e-07,0.0001104006774447513,0.09252564303581608,0.00013711302645422142,0.0007956297696976618,7.645676042012612e-05,0.004892291038364508,0.001479216623711032,0.0013445450929110386,1.1320379894943905e-08,1.187464230800991e-06,3.693470045256664e-05,0.0007508579663650383,3.774447827288037e-05,0.0023018721749456937,5.6199898744764505e-05,9.91569360342132e-06,2.963770414044159e-06,0.00030020535581146135,0.0003112884163259489
3,4.7800063092157986e-05,8.582608414970064e-05,0.05707257850560941,0.8379940214781694,0.004694502087282853,5.841351840166238e-07,9.62968094742899e-05,0.08808734163688095,0.00012815035179323788,0.0007910104653961696,7.403854389511654e-05,0.004784297033982613,0.0015032918331758967,0.0012234286482408912,8.44969099069089e-09,8.944265764390954e-07,3.472710326955199e-05,0.0007882737633240432,3.34026388013871e-05,0.0018926533800591252,5.353565968821385e-05,8.077806150890772e-06,2.247559359713865e-06,0.00032084466471292265,0.00028216687203998073
4,4.647716854089585e-05,9.193956689948958e-05,0.06056830545396363,0.8431294897781895,0.005156235442479755,6.175052469065864e-07,9.887769055967339e-05,0.0786767082165403,0.00012999083302341728,0.0007871141013943826,7.447605595654029e-05,0.004767373844675596,0.0017561357924467719,0.0014112099011496337,8.37626890099416e-09,8.622360927030738e-07,3.202634094508342e-05,0.0007615436882747173,3.2221739729609844e-05,0.0018364858605836884,4.910365560650789e-05,7.795797319231696e-06,2.2214109423993224e-06,0.00031673345978693013,0.0002660460833838045
5,3.9657622679424776e-05,7.764783102961292e-05,0.047552163239636173,0.8575044348911219,0.004105573607090793,4.89279710877878e-07,8.467721227598259e-05,0.08005446041440291,0.00010065172825948658,0.0007468195876923861,6.342156156388663e-05,0.0040201919071556225,0.0013833308888586164,0.001066675681970765,6.507984592638893e-09,7.475150467331021e-07,3.067448340318532e-05,0.0007831389781404518,2.688523692260041e-05,0.0017443487916616008,4.8931451977444725e-05,6.6440712882013004e-06,2.1168250486137592e-06,0.0003023580766039841,0.0002539526084740867
6,4.7800063092157986e-05,8.582608414970064e-05,0.05707257850560941,0.8379940214781694,0.004694502087282853,5.841351840166238e-07,9.62968094742899e-05,0.08808734163688095,0.00012815035179323788,0.0007910104653961696,7.403854389511654e-05,0.004784297033982613,0.0015032918331758967,0.0012234286482408912,8.44969099069089e-09,8.944265764390954e-07,3.472710326955199e-05,0.0007882737633240432,3.34026388013871e-05,0.0018926533800591252,5.353565968821385e-05,8.077806150890772e-06,2.247559359713865e-06,0.00032084466471292265,0.00028216687203998073
7,4.533150205783866e-05,0.000109048824616082,0.06573084888820223,0.837953706697394,0.0042976676355952785,4.782265335678329e-07,0.00011084756784222371,0.07986671164797769,0.00014514885760124322,0.0007096796499686046,8.483415502351305e-05,0.003927852239204489,0.0023898073386084124,0.0011003819952473029,7.03802822517244e-09,5.836363516926623e-07,3.0340391418941243e-05,0.0007659946001533609,2.6063150908124207e-05,0.002036079054846283,3.5521786739807125e-05,6.105470757404387e-06,1.6612614871887196e-06,0.0004005292103700434,0.00022476917306635328
8,0.00017047800453866055,0.00021157974025002248,0.0842833610015938,0.7249319853128372,0.008515587291357731,2.586970862102875e-06,0.00019261909590646953,0.14816276312972246,0.0003490574099899194,0.0012412354728873723,0.0003733700512076685,0.018301078325447247,0.0031931624407464734,0.0017463624706496545,3.2137746351698474e-08,1.733795895761438e-06,0.0001109371468267076,0.0032377980407696984,9.374674835051752e-05,0.0037370306610533892,0.0001179145584426758,3.982129867061638e-05,4.136659244841482e-06,0.0005935647074498877,0.00038805752755261664
9,9.811570040713393e-05,0.00011344553279595869,0.0545470279389932,0.7908993400102811,0.006592083361316491,1.5542119154283573e-06,0.0001330031739753679,0.12730046564484174,0.00017813441392085095,0.0011628930750810517,0.00015235676519624245,0.010473137514813356,0.0014827954122726874,0.0016456937357544198,2.067920119039372e-08,1.9799026173838287e-06,7.422364469362529e-05,0.0016951056756991578,7.229722193689227e-05,0.0024842604444963176,0.00011826635360968755,2.511750290092569e-05,4.770371323471433e-06,0.0003647860453734019,0.0003791256665830575
10,4.7800063092157986e-05,8.582608414970064e-05,0.05707257850560941,0.8379940214781694,0.004694502087282853,5.841351840166238e-07,9.62968094742899e-05,0.08808734163688095,0.00012815035179323788,0.0007910104653961696,7.403854389511654e-05,0.004784297033982613,0.0015032918331758967,0.0012234286482408912,8.44969099069089e-09,8.944265764390954e-07,3.472710326955199e-05,0.0007882737633240432,3.34026388013871e-05,0.0018926533800591252,5.353565968821385e-05,8.077806150890772e-06,2.247559359713865e-06,0.00032084466471292265,0.00028216687203998073
11,4.7476295205911776e-05,8.795861907961799e-05,0.05748137356482131,0.8398650961876353,0.004692695359382091,5.752796007907341e-07,9.728515102527039e-05,0.08571693397519346,0.000127107034792903,0.0007788336001491606,7.43835767813265e-05,0.004744445636359649,0.0016218192810521696,0.001239054138577659,8.202905964175617e-09,8.543094549697987e-07,3.4387949740820644e-05,0.0007933285407420315,3.2106748083142017e-05,0.0019035744276167455,5.073080537485815e-05,7.899989968699391e-06,2.221228814427022e-06,0.0003274631694600764,0.0002723869281815021
12,4.748465791458165e-05,8.293815953381972e-05,0.07210041950651196,0.8008535106109956,0.003953753334167171,5.243835452571196e-07,0.00012264248440684199,0.11202893541944503,0.00022820058398122234,0.0008196355749712459,8.381140664812719e-05,0.003753072802980951,0.0014889489837077612,0.0008872784643921504,1.0290257306920675e-08,9.131693752013136e-07,3.001538930313436e-05,0.0005737763534608164,4.0226592724823464e-05,0.002178697829143488,4.9479289706998745e-05,6.025205345724327e-06,1.59370239972755e-06,0.00036553272090122593,0.00030257308417996995
13,5.884528104523138e-05,8.986344513801739e-05,0.06953737704662435,0.8186896303119222,0.005274659308244054,5.995888028475694e-07,0.00010041885367604363,0.09183696546992404,0.00014511706068065687,0.0006669601111136408,9.2976922019295e-05,0.006912896644208513,0.0016477332809284751,0.0015231839733869225,1.0286390770598577e-08,8.739304184891951e-07,4.0896974352562076e-05,0.000769018470626359,3.810760354649668e-05,0.0018895797195967372,5.750585517944791e-05,9.58949188328661e-06,2.248976560488994e-06,0.0003069301788661576,0.0003080112148651859
14,0.00011783480647011277,4.499935734110194e-05,0.08108545634958558,0.7737242985508295,0.0038700769683492494,5.461663956858985e-07,0.00011514597508845472,0.12087634234484136,0.0001308419685336759,0.0004238508330562664,7.546617322931869e-05,0.013032172085223415,0.0009334843535776659,0.001675419315764627,1.4446413823499687e-08,1.5608539861901285e-06,6.135580062219403e-05,0.0007316135476110484,4.587818390365256e-05,0.002123216248485243,7.119490222780695e-05,1.2839755536564529e-05,3.788471327209446e-06,0.00027553292974858096,0.0005670696118515938
15,4.7800063092157986e-05,8.582608414970064e-05,0.05707257850560941,0.8379940214781694,0.004694502087282853,5.841351840166238e-07,9.62968094742899e-05,0.08808734163688095,0.00012815035179323788,0.0007910104653961696,7.403854389511654e-05,0.004784297033982613,0.0015032918331758967,0.0012234286482408912,8.44969099069089e-09,8.944265764390954e-07,3.472710326955199e-05,0.0007882737633240432,3.34026388013871e-05,0.0018926533800591252,5.353565968821385e-05,8.077806150890772e-06,2.247559359713865e-06,0.00032084466471292265,0.00028216687203998073
16,4.438199413389554e-05,8.649091156579285e-05,0.04679962341718249,0.8521867682057355,0.004386848981582267,5.728018451909617e-07,9.177106761247649e-05,0.08524759907174084,0.00010799228988643736,0.0008776458305369232,6.786327911432192e-05,0.0042949176640483646,0.0013299320465990294,0.0011901628564249182,7.643622219915478e-09,9.238383991872657e-07,3.2944376928701726e-05,0.0008316921279526004,3.322265698496403e-05,0.0017470539177428174,5.965808542861346e-05,7.934418504601839e-06,2.3203720036944497e-06,0.00029840450831969753,0.0002732676361044334
17,6.512276797168947e-05,0.00011101686453765023,0.0797584429147247,0.7777951913849996,0.0057891589665167425,9.144926877565548e-07,0.00013307762052483722,0.12187496068624427,0.00024501626411547333,0.0011087729308787825,0.00010878258666040971,0.005693354729229264,0.0017790317366644676,0.00118853417580535,1.521434875821887e-08,1.3880765379227452e-06,4.5751807222943954e-05,0.0008669244951372126,5.2628809345712585e-05,0.0025396358889013125,6.749843092277148e-05,1.1627059194308954e-05,2.325951797308393e-06,0.00043190353539624343,0.0003289226096344432
18,6.498090043076484e-05,9.51444695444832e-05,0.05391514058130084,0.8309719544813199,0.004259530767653866,4.466393741573561e-07,9.03656521101789e-05,0.09672049440759113,9.928638647448806e-05,0.0007667442338231098,6.56875355504191e-05,0.006448487088304115,0.00154170187428331,0.001226976896750281,7.689852592507452e-09,7.646474833422372e-07,5.460650508965232e-05,0.0011319464619585842,3.185713351872965e-05,0.0016990950960814753,6.067257980046352e-05,1.1286882139731293e-05,2.4286382536119204e-06,0.0004002317404500889,0.00034016071086055596
19,0.000516254605193404,0.00011519867334351867,0.009112424136193932,0.7449038307302223,0.0005131297262029638,1.2866819032165177e-06,0.0006659976902347201,0.22738587261806456,7.518240782727994e-05,0.001498822058366362,0.00013001617929100855,0.0031370725954500715,0.0002353807305666993,0.0004978740376419075,4.9232592690018685e-08,1.2680162842168842e-05,9.835934272334151e-05,0.004073017648163355,0.00012991059239172593,0.004221616355077179,0.0004228244065795716,2.67929071840304e-05,2.7898963769076982e-05,0.00069789372519511,0.0015006137929797058
20,4.1284843307348106e-05,9.143526267007241e-05,0.05145504385209518,0.8273903699633238,0.004860077937773137,4.951015760411814e-07,8.732028770467569e-05,0.10458833156729741,0.00012688160357885375,0.0008309654031575133,6.581040725373235e-05,0.0045314074161473105,0.001463915438109967,0.0011769646218069442,8.89575009668938e-09,7.892531462448445e-07,3.979840442832414e-05,0.0007323634399971951,3.572718541576213e-05,0.0018307302587933633,5.370533135632115e-05,1.0350398596239146e-05,2.225101713536497e-06,0.0003214964734201628,0.0002625015515807998
21,4.781385705981809e-05,8.73754506078031e-05,0.05739523806921554,0.8347747480693756,0.004714915273408474,5.781158018135045e-07,9.577577368351161e-05,0.09105597184294256,0.0001329457731718529,0.000798597410737462,7.443181083548277e-05,0.004718075995449915,0.0014830196172147684,0.00119695242069894,8.706211248865266e-09,8.81400165055946e-07,3.575758691788241e-05,0.0007861656558812307,3.418393716579914e-05,0.001886959606308765,5.4163032197010435e-05,8.301830479202643e-06,2.223539347735269e-06,0.00032741516592956247,0.0002875000591929802
22,2.0195127182932e-05,0.00012369058866790427,0.04996994702603529,0.8798656285618713,0.004588051893679797,3.673462130852796e-07,8.82797313952947e-05,0.05647192464548389,0.00024589704652693396,0.0009998857078717472,2.7640170723367124e-05,0.0015662556115264405,0.002830157010346474,0.0011424919396044635,7.899139734553592e-09,3.6089022832093526e-07,1.1616085061112991e-05,0.0002517493819733181,2.3553513881145e-05,0.0011596966451123414,1.6889517825991217e-05,3.7720482481448915e-06,1.1136668581101948e-06,0.000294451802717727,0.0002963761418250789
23,4.7800063092157986e-05,8.582608414970064e-05,0.05707257850560941,0.8379940214781694,0.004694502087282853,5.841351840166238e-07,9.62968094742899e-05,0.08808734163688095,0.00012815035179323788,0.0007910104653961696,7.403854389511654e-05,0.004784297033982613,0.0015032918331758967,0.0012234286482408912,8.44969099069089e-09,8.944265764390954e-07,3.472710326955199e-05,0.0007882737633240432,3.34026388013871e-05,0.0018926533800591252,5.353565968821385e-05,8.077806150890772e-06,2.247559359713865e-06,0.00032084466471292265,0.00028216687203998073
24,4.471242653396374e-05,8.529967483115627e-05,0.05476903404528338,0.8449496842447842,0.004654304882809607,5.666176032032695e-07,9.232253763070565e-05,0.08382326234542717,0.00012102842117026653,0.0007810390669511573,7.095474505330295e-05,0.004561722551119505,0.0015016986484994539,0.0012303513689379754,7.845457173111181e-09,8.454863019820249e-07,3.2597408178421814e-05,0.0007725307667802919,3.18951744151093e-05,0.0018373691032345443,5.142131536834429e-05,7.673840168256727e-06,2.1837420168192578e-06,0.0003059421047198922,0.00027155163672406326
25,0.00023519906468943752,0.0010824204166571224,0.2650333557525049,0.6245891808838052,0.03704976544845473,4.295902909289861e-05,0.00033703866431903257,0.022540336288840026,0.0020377117290882236,0.010395542551736211,0.00011504972843448525,0.007243593153325039,0.0039885479748259026,0.01710464766983307,2.7229032587008074e-07,1.8041679765580026e-05,3.0315491933973832e-05,0.0019872119886072646,0.00013839695230887368,0.0018690562515805865,0.00018300036204063172,7.139162783826613e-05,9.378817974880421e-06,0.0006348290605412574,0.003262757121476565
26,6.158005748255652e-05,9.588467479350098e-05,0.06796691376880784,0.8123085841363599,0.004223414347686115,4.193402134213208e-07,0.00010284027765599363,0.10256703396894518,0.0001283971701859575,0.0007221977114163226,7.388971799261505e-05,0.005124443863351894,0.001852733577678532,0.0009602982928605478,7.63472059282077e-09,6.641180632933446e-07,4.9631991045601066e-05,0.000981748557971705,2.753617288490879e-05,0.0018897834994668662,4.709425705519072e-05,8.370902451574767e-06,1.9871629472156632e-06,0.00051721929766446,0.00028732550029818917
27,4.348237656224744e-05,8.394787165935857e-05,0.052269007636068086,0.8654756595738986,0.004672993688009688,5.002021029991873e-07,9.058356174460431e-05,0.06552244092324176,8.366976884241037e-05,0.0006870553653927266,6.845688991640803e-05,0.004896867038406481,0.0016991942206663235,0.001401092805997577,5.764396182767397e-09,7.162431112554721e-07,2.8825891000817427e-05,0.0008033143735432613,2.52319112805898e-05,0.001575128265316129,4.7375241056665554e-05,6.133035198440712e-06,2.1243535758476727e-06,0.000292182772787978,0.00022401022622352078
28,4.7800063092157986e-05,8.582608414970064e-05,0.05707257850560941,0.8379940214781694,0.004694502087282853,5.841351840166238e-07,9.62968094742899e-05,0.08808734163688095,0.00012815035179323788,0.0007910104653961696,7.403854389511654e-05,0.004784297033982613,0.0015032918331758967,0.0012234286482408912,8.44969099069089e-09,8.944265764390954e-07,3.472710326955199e-05,0.0007882737633240432,3.34026388013871e-05,0.0018926533800591252,5.353565968821385e-05,8.077806150890772e-06,2.247559359713865e-06,0.00032084466471292265,0.00028216687203998073
29,4.7800063092157986e-05,8.582608414970064e-05,0.05707257850560941,0.8379940214781694,0.004694502087282853,5.841351840166238e-07,9.62968094742899e-05,0.08808734163688095,0.00012815035179323788,0.0007910104653961696,7.403854389511654e-05,0.004784297033982613,0.0015032918331758967,0.0012234286482408912,8.44969099069089e-09,8.944265764390954e-07,3.472710326955199e-05,0.0007882737633240432,3.34026388013871e-05,0.0018926533800591252,5.353565968821385e-05,8.077806150890772e-06,2.247559359713865e-06,0.00032084466471292265,0.00028216687203998073
30,4.7800063092157986e-05,8.582608414970064e-05,0.05707257850560941,0.8379940214781694,0.004694502087282853,5.841351840166238e-07,9.62968094742899e-05,0.08808734163688095,0.00012815035179323788,0.0007910104653961696,7.403854389511654e-05,0.004784297033982613,0.0015032918331758967,0.0012234286482408912,8.44969099069089e-09,8.944265764390954e-07,3.472710326955199e-05,0.0007882737633240432,3.34026388013871e-05,0.0018926533800591252,5.353565968821385e-05,8.077806150890772e-06,2.247559359713865e-06,0.00032084466471292265,0.00028216687203998073
31,4.0151796476881284e-05,7.991822855856459e-05,0.05753430266342592,0.8365396750556192,0.004235013362666536,3.2479508040671144e-07,7.625757151661353e-05,0.09104242716186028,9.601699186916961e-05,0.0007151012421985347,4.63339501591207e-05,0.003963194670753576,0.0015518587328046565,0.001041894767650031,4.7524577932639106e-09,5.916340017563026e-07,3.0887673791187826e-05,0.000695767533709464,2.5233653364847506e-05,0.0016485218426399377,3.9910535800564516e-05,6.128818441095807e-06,1.5178495770276074e-06,0.0003478148902492881,0.00024114982532768585
32,5.090163441571151e-05,8.901913096972638e-05,0.058687965364405036,0.8309917136148421,0.004774855151779553,6.134593796811587e-07,0.00010148291098455276,0.09303542942841242,0.00013932414765233236,0.0008318008915870718,7.589810044559287e-05,0.004957779037242335,0.001491628683703206,0.0012645918681903907,9.38758924606543e-09,9.829253162938612e-07,3.655848258054903e-05,0.0007896968863202744,3.766046857530861e-05,0.0019486939592952008,5.730181431167067e-05,8.841487382809067e-06,2.314944152947303e-06,0.0003241352461100737,0.00030080097435568884
33,5.1334075647471645e-05,0.00010239916142944862,0.05273548972251743,0.8410571819418927,0.0050872107088777985,5.643105584072109e-07,9.595305068872998e-05,0.08752024809912184,0.00010112934049170345,0.0008091467993809549,6.99587082221109e-05,0.005410280046920993,0.001869519196325873,0.0014569093183326874,7.571461027812119e-09,8.528176046465202e-07,4.036438848772511e-05,0.0009307050949170774,3.349497160786175e-05,0.0019894874935965055,4.956855826682981e-05,1.086892632397904e-05,2.4795157081408315e-06,0.0003310796793334924,0.00024376650228461909
34,2.4425008671339943e-05,5.997815613855593e-05,0.029711989198862095,0.8915167539787401,0.003611960996394249,3.638914830024474e-07,5.567845312642016e-05,0.0657377092315407,3.936857554513242e-05,0.0006319008078446896,4.635256874704986e-05,0.0035940639943934415,0.001090216005830828,0.0009377022703604766,3.5893181774241537e-09,5.870715128060759e-07,2.7935831154996386e-05,0.0007954967915459825,1.5023929518504691e-05,0.0016490230599474037,4.1972388058933515e-05,6.091650519850982e-06,2.4593694624388373e-06,0.00023468916881675157,0.00016825401246606166
35,1.9789610133541583e-05,8.106448524584926e-05,0.08592435810608835,0.8600202740188126,0.011341664229850992,2.0144092283957323e-06,0.00012139217633136474,0.027322391739788437,0.00010316085016888583,0.0007219778971435119,9.604020432503102e-05,0.004365509044563009,0.00224947300860383,0.004519071770223702,1.4691640600423569e-08,2.402979003862705e-06,1.0344218396468088e-05,0.00029296742170750875,2.3284893882273325e-05,0.002438210215085664,4.051339069077147e-05,5.21530858848309e-06,4.635210277833683e-06,0.00014402113743788115,0.00015020898278095258
36,3.871748991588635e-05,8.492851805330044e-05,0.042766590881689374,0.8666663561334559,0.003924529419331417,6.951812262080105e-07,0.00010018748856724166,0.07638391558209655,0.00011247116391942118,0.0008411653451299252,7.91741129128539e-05,0.0031363385238742047,0.0012863155629186409,0.0010344876967233192,7.563226469634599e-09,9.204382466470124e-07,2.4491546213806556e-05,0.0008673364271533015,2.7832455955440566e-05,0.0020225898453460622,5.142770708325496e-05,6.450122625667861e-06,2.4934795138895524e-06,0.00029525164717197926,0.00024532566764932955
37,4.9613778537014134e-05,8.625287436519671e-05,0.0578251677343218,0.8378424776500807,0.004689098190577609,5.799769664006864e-07,9.724764819894378e-05,0.08732483791588108,0.00012588964950866727,0.0007792132980689766,7.40369132267431e-05,0.004903243516837197,0.0015215214240583898,0.00125068844064625,8.29838014875492e-09,8.947623207371084e-07,3.489930199318618e-05,0.000803203803144517,3.342108162931172e-05,0.0018883139927254016,5.326094198533571e-05,8.096525056779662e-06,2.244097636557544e-06,0.0003223092040336346,0.0002834789798193628
38,8.577523825919548e-05,0.00010484351880457558,0.06636281159136358,0.8168201839546627,0.005384583043260399,1.3433393389409328e-06,0.00018164647463335298,0.09528763299664132,0.00018092793562060784,0.0010792333586628247,0.0001238951682036733,0.006368611146047285,0.0016867846201875979,0.0016770950127608494,1.752876470299929e-08,2.213547765126602e-06,4.120413514085967e-05,0.0010952918778170632,5.3017654634049826e-05,0.0026273820379491236,8.088989409443308e-05,1.2421996998988915e-05,4.16080374400423e-06,0.00039077219937196686,0.000347260925272813
39,5.748095731834322e-05,0.0002515746600054086,0.06130010671835492,0.8575289943591987,0.005322800070956434,6.477844606658508e-07,0.00012551770880453876,0.061146240803387375,0.00016583725119928734,0.0009298757250051612,9.228740928528959e-05,0.0039179611678454365,0.0035082416928605984,0.0017939879965607323,1.1015083051711464e-08,4.908838900923434e-07,3.91108338110741e-05,0.001186592963618014,2.8069992812887476e-05,0.0017315007690329614,3.584957066352067e-05,1.2734602926479539e-05,2.2456326768987757e-06,0.0005026436341110852,0.00031919579613122234
40,2.7443006049318345e-05,6.198556598992688e-05,0.039730127051684154,0.8589197343560089,0.003266769011870072,4.590075673065541e-07,8.255451281082352e-05,0.08886182713857223,0.00010233983636636212,0.0008243482179897361,6.203082210566473e-05,0.002870887109420777,0.0011995333713515277,0.0006470829402861722,5.874931793681834e-09,7.508428450921478e-07,2.5536032906957996e-05,0.0006808081366482936,2.1493151267789275e-05,0.0020326692625241495,4.564469052525306e-05,4.758973902893525e-06,1.9834369758352447e-06,0.00031749077936683585,0.00021173687003227633
41,0.00020405998028038625,8.764164248656055e-05,0.007364218437162351,0.7833147228809831,0.0007329286658400177,1.3476773191285658e-07,0.00012329447474524532,0.16909263159075882,5.951996256136192e-06,0.00034136878055040533,0.00012383647251666588,0.021485444713771392,0.0014171105797059992,0.0004645078471927385,2.0117407293345357e-09,3.5105986397777455e-07,0.000317560083755483,0.011378192777245319,1.8790549470090787e-05,0.002678380852824308,8.613077594499828e-05,3.9608793006047104e-05,7.768152017452477e-06,0.0005657310444468023,0.00014963106970303588
42,3.230078037674337e-05,9.055696209018244e-05,0.054343591659508486,0.9063944066042067,0.005480989723589332,7.048737392784843e-07,6.934062091066426e-05,0.022016234547671133,7.372807820861864e-05,0.0004921126187392612,7.360409067532361e-05,0.003849977527224591,0.0027657766320303458,0.001881277187144532,3.6159228741962064e-09,3.2435672725691326e-07,1.2695207457009541e-05,0.0009525401532984619,9.407904387308315e-06,0.0009626579854079948,2.4950419670741694e-05,2.425546052988526e-06,1.776563869938044e-06,0.00026098443551382424,0.0002076319055761325
43,5.2627981366740566e-05,8.812034959939384e-05,0.06331046497668238,0.8376465886253402,0.004522721656739246,5.434530687684138e-07,0.00010192844623262815,0.08168273887911688,0.0001248943499128244,0.0006846276472304724,7.672517608115979e-05,0.005214013402258592,0.0016963146904061177,0.0013245582257875807,7.955658431691905e-09,8.067738758291357e-07,3.39454953462351e-05,0.0008026419028108505,3.073108897451415e-05,0.0019333038282127767,4.7340780402016424e-05,7.63469370181354e-06,2.1669209025297015e-06,0.0003288997441305654,0.00028565295616155223
44,4.7800063092157986e-05,8.582608414970064e-05,0.05707257850560941,0.8379940214781694,0.004694502087282853,5.841351840166238e-07,9.62968094742899e-05,0.08808734163688095,0.00012815035179323788,0.0007910104653961696,7.403854389511654e-05,0.004784297033982613,0.0015032918331758967,0.0012234286482408912,8.44969099069089e-09,8.944265764390954e-07,3.472710326955199e-05,0.0007882737633240432,3.34026388013871e-05,0.0018926533800591252,5.353565968821385e-05,8.077806150890772e-06,2.247559359713865e-06,0.00032084466471292265,0.00028216687203998073
45,4.774977953765827e-05,8.591939281440976e-05,0.05547161769500181,0.8419283557472222,0.00461794841122918,5.839482737958268e-07,9.412992851798935e-05,0.08588018945713838,0.00012297955098452166,0.0007880260981504403,7.349176712273975e-05,0.00478676870034963,0.0014630684622048465,0.0012270384338000475,8.261267666674223e-09,8.88447653884503e-07,3.462564764850819e-05,0.0008105393242311966,3.2857702577944296e-05,0.0018672094894230443,5.450605450596862e-05,8.058200479488347e-06,2.272916298604447e-06,0.00031451051307967195,0.0002866560704862022
46,2.263097565667394e-05,0.00016631002208089042,0.09094536422156511,0.8570976122561378,0.013269228000684488,1.5409919992171563e-05,0.00040071844594434,0.01761178913630286,0.0008445705142546661,0.0038852781071730775,9.11979870035774e-05,0.001066136335106076,0.0017322453300616621,0.010008434463052938,2.481774125286812e-08,8.434968099945882e-06,7.767222370659465e-07,0.0003288450596987392,8.379441803576578e-05,0.0019097222952162056,4.699055692755672e-05,2.970101405530876e-06,3.1508065797427185e-06,8.167009007444924e-05,0.0003766944489673473
47,7.466540124521437e-05,0.00010011823729601273,0.06272407333355748,0.8161585293642802,0.0045895201900061945,6.518226691549266e-07,0.0001155408182589177,0.10111179412321675,0.0001312063322089354,0.0008451634885084876,8.385502645163044e-05,0.006839840563279577,0.001666509812665169,0.0013520264448999605,1.006394161810683e-08,1.1507080148868318e-06,4.893668701660533e-05,0.0010490561220180769,4.063837685654594e-05,0.002275603976908322,6.229741798760428e-05,1.2080988497496566e-05,2.6525402232919125e-06,0.0003766267621669172,0.00033745139782470217
48,5.621644616339009e-05,0.0001206043400612043,0.04434985507111248,0.7969951181274768,0.004429311301590798,4.1140688621557834e-07,0.0001051681997216847,0.14182003939140556,0.00012047870077923748,0.0010020967777058418,6.589707375134002e-05,0.004668682449781555,0.0016189148253935256,0.0010420639841799072,1.007373995117817e-08,8.314858553023136e-07,6.45634983746391e-05,0.0008785008141898162,4.975490622093338e-05,0.0018307929635265707,6.43484475663622e-05,1.459518154655429e-05,2.3917079000732736e-06,0.00043303537068715005,0.0002663174543833958
49,5.2134603727165265e-05,8.271241662210436e-05,0.0628246390024488,0.8311474716620127,0.00500502246511898,6.359861222109255e-07,9.428449480948345e-05,0.08728239585884635,0.00012825026546713187,0.0007574105910240799,7.609669131720583e-05,0.005978068397389755,0.0015956610347633681,0.001375356994525909,8.536949682275385e-09,9.563745616169883e-07,3.6620420187929195e-05,0.0008170656434232966,3.374798337847294e-05,0.0020556447042166088,5.294509915173451e-05,9.058838933567784e-06,2.308951270308571e-06,0.0003004246051122851,0.0002910783786192617
50,4.663679804667582e-05,8.96522537951932e-05,0.05672247873692242,0.8361213164249869,0.00480893611835548,6.037881876068861e-07,0.00010164128258247555,0.09038421398624834,0.0001349136642079963,0.000889735253225404,6.906307837726472e-05,0.0044268746313595965,0.0015306416025246167,0.0012780783548945825,8.506257622516466e-09,9.770982342858587e-07,3.254769410089211e-05,0.0007517215536052451,3.624107872555768e-05,0.0019137817664263241,5.308845686891479e-05,8.39948075105823e-06,2.2134248750039497e-06,0.0003170335572164267,0.0002792014092238981
51,0.00023976967151446385,0.00010129092028130139,0.3548535217699149,0.46268912326798217,0.010822516780710103,5.738799701452512e-06,0.000275708935036013,0.13523968096994174,0.0010604126747072377,0.001649678279828976,0.00015709517877152062,0.01812027512696678,0.0015153711340574261,0.0021276646270524807,1.8907088547891515e-07,2.628954028712705e-05,0.00010754496484441801,0.00048337212891133856,0.00012431784582989574,0.007978891109838614,0.00014566447955104085,3.275737599676493e-05,7.559604899138334e-06,0.0007274168761545774,0.0015081488663350145
52,3.5763148595517546e-05,6.485776130264573e-05,0.07258366820819655,0.7712446323812922,0.005064285049331099,1.616654137795487e-07,5.8295647848246935e-05,0.1410759241699376,0.00011765999459156615,0.0006069674419954736,3.37763017615856e-05,0.005140553956289578,0.0008145654044512821,0.0010940821983897585,7.454002717783982e-09,6.016902057075811e-07,4.242125305190512e-05,0.0002447268898853145,4.793748869473582e-05,0.0010452698685414425,6.218124469323359e-05,6.8013808212934524e-06,1.057537610381821e-06,0.0002575432884906718,0.00035625857460576773
53,5.177808029505295e-05,8.927506006203583e-05,0.0548958959848788,0.8314476639889443,0.0032845793661421814,7.516781096246926e-07,0.00016698760423034784,0.09828057778847321,0.0001794852733570972,0.0009014701461753827,9.449379646175354e-05,0.003507522501443908,0.0015923475914071939,0.0010163588802751024,1.2849863320208211e-08,1.3772928616128334e-06,3.102097864086703e-05,0.0007689896345096861,3.647729532440277e-05,0.0029084716478407612,5.033585175957905e-05,8.08737501742316e-06,3.0921444034858126e-06,0.00038008098285713106,0.00030286620666570625
54,4.1228278121808975e-05,7.79093996038477e-05,0.04926323151903277,0.8302237073023255,0.00460002397756479,4.563056403982414e-07,7.647804100800662e-05,0.1049730238238104,0.00011051715010900579,0.0007036624821191409,7.473495172515766e-05,0.004411110946666511,0.001327976503634613,0.000910030692098447,6.91800993734253e-09,6.167396023986896e-07,3.896510791521737e-05,0.0008217292701149117,2.8045676969642707e-05,0.0016815832925487263,5.221189739145379e-05,7.66673480621725e-06,1.9206815977775887e-06,0.0003435119274635973,0.0002296503801193545
55,3.1044937008251876e-05,8.057372916325331e-05,0.04383810880988715,0.8371468807807908,0.006219324163243346,7.445644257206517e-07,9.330863966960917e-05,0.1031258750896557,0.0001139949733090043,0.001118390262538758,6.11416663817426e-05,0.0029597436722324333,0.0008771822758260115,0.0014768594592878773,1.2150666521274227e-08,1.6844174186056133e-06,3.0570449660074136e-05,0.000485126862177701,5.115166599904844e-05,0.0017231922769158875,7.926941134979596e-05,1.025451712768262e-05,3.2587371378371207e-06,0.0002375000480729807,0.00023480644005417192
56,4.7410360687119706e-05,8.964414142381395e-05,0.05807255562679563,0.8395318333953236,0.004714896992072032,5.743268370657922e-07,9.824047206130465e-05,0.08544252802633315,0.00012894632453813436,0.0007833902656810871,7.444561410511714e-05,0.004705248518225999,0.0016452539524618116,0.0012472411017527313,8.336149728708158e-09,8.52575232314651e-07,3.436406166887144e-05,0.0007835245663373151,3.236133778931327e-05,0.0019025783097917505,5.059240330502932e-05,7.872805287201355e-06,2.206340752006259e-06,0.00033002092645477893,0.0002734092189329926
57,5.406146419843272e-05,8.813697600304502e-05,0.0760949661413102,0.7951361905801976,0.006339393502441294,6.154846481800015e-07,8.652453443034319e-05,0.10677750972626472,0.0001544434461898916,0.0009386971040252746,6.99475314309739e-05,0.007625463285989239,0.0016494345550768308,0.001479701362832231,9.381495514036887e-09,1.0811158518663245e-06,4.646076221336718e-05,0.0007495246710352894,4.437975506173191e-05,0.001959968628520991,6.435107209328246e-05,1.1543738248624075e-05,1.9314289173078368e-06,0.00031370070640164517,0.0003119630451219293
58,4.910719500909365e-05,8.962521604177995e-05,0.05830812255733019,0.8319399051004255,0.004704431200399631,5.458243187491882e-07,9.798481021922239e-05,0.09284638581877555,0.00012832302047333585,0.0008020406006758927,7.401043259914458e-05,0.004769198058332328,0.0015656678704608583,0.0011610427807994942,8.595919840304558e-09,8.532223010136883e-07,3.844140183920453e-05,0.0008170382552898569,3.27535080886293e-05,0.0018649797927833233,5.411529417022235e-05,8.350125329613474e-06,2.2559227757098776e-06,0.0003638016101484145,0.0002810117854932892
59,5.101413761365487e-05,8.611931425062839e-05,0.0633843968834745,0.8260586015768308,0.00459897570243938,5.361875333591191e-07,0.00010173775797127755,0.09362553498789246,0.00012943310428697218,0.0007808494346819443,7.395854719223061e-05,0.004834433397272089,0.001562661215588368,0.0011343456519011083,8.448747999651607e-09,8.927496248627387e-07,3.781154874425563e-05,0.0008144918243351573,3.1316882123871266e-05,0.00195943648309724,5.2885528416579935e-05,7.898045170096167e-06,2.224428652488573e-06,0.0003846851455222345,0.00028575101663645344
60,4.7800063092157986e-05,8.582608414970064e-05,0.05707257850560941,0.8379940214781694,0.004694502087282853,5.841351840166238e-07,9.62968094742899e-05,0.08808734163688095,0.00012815035179323788,0.0007910104653961696,7.403854389511654e-05,0.004784297033982613,0.0015032918331758967,0.0012234286482408912,8.44969099069089e-09,8.944265764390954e-07,3.472710326955199e-05,0.0007882737633240432,3.34026388013871e-05,0.0018926533800591252,5.353565968821385e-05,8.077806150890772e-06,2.247559359713865e-06,0.00032084466471292265,0.00028216687203998073
61,5.09400895730447e-05,8.874224500648401e-05,0.06575189622330394,0.8237862667775466,0.004794636102023279,5.511925788937139e-07,9.938955417666584e-05,0.09304042046426024,0.0001360326049824561,0.0007746231111337606,7.672736935704359e-05,0.005058166312258847,0.0015911652872491898,0.0011776175899364273,8.704036007573874e-09,8.786418370063252e-07,3.81232285477008e-05,0.0008050822466410515,3.251830210196881e-05,0.001970209367607493,5.341997104302397e-05,8.155728901455052e-06,2.153147535509457e-06,0.0003715149134237455,0.00029076082493792975
62,4.7800063092157986e-05,8.582608414970064e-05,0.05707257850560941,0.8379940214781694,0.004694502087282853,5.841351840166238e-07,9.62968094742899e-05,0.08808734163688095,0.00012815035179323788,0.0007910104653961696,7.403854389511654e-05,0.004784297033982613,0.0015032918331758967,0.0012234286482408912,8.44969099069089e-09,8.944265764390954e-07,3.472710326955199e-05,0.0007882737633240432,3.34026388013871e-05,0.0018926533800591252,5.353565968821385e-05,8.077806150890772e-06,2.247559359713865e-06,0.00032084466471292265,0.00028216687203998073
63,4.888840421462722e-05,9.451536761506127e-05,0.0572401393942572,0.8372897439544309,0.004677305670006297,5.913597720399666e-07,9.953940679419824e-05,0.08862102345938885,0.00013423384087546544,0.0008160842682966613,7.656163663141108e-05,0.00460179876991157,0.0015812318528610695,0.0012115021528265693,8.88475448047338e-09,8.751052416454981e-07,3.579176540190797e-05,0.0008181338542132421,3.38567072897895e-05,0.0019246369904831005,5.347297757546701e-05,8.385752795833547e-06,2.255722247468783e-06,0.0003416736537847366,0.00028774904833049316
64,4.821268153296898e-05,8.406519246234362e-05,0.05379755799150662,0.838070241950357,0.004659666484117528,5.648732938815017e-07,9.336789822240355e-05,0.09156518484257144,0.00012181353581689382,0.0008086993006589045,7.478351535331371e-05,0.004856669012506269,0.0013351381952627858,0.0011715446905230576,8.799115803166368e-09,9.201766324295384e-07,3.737081495242443e-05,0.0008033854119460005,3.516018266124065e-05,0.0017436256783368764,6.352923305084789e-05,8.060788803925944e-06,2.3202322021758156e-06,0.00032519187411509407,0.0002929166439976555
65,4.169469300666747e-05,5.783673604971182e-05,0.04138978429130997,0.8834341252543205,0.006257933357504227,1.084651592775121e-06,6.327740300822623e-05,0.05432983393014417,6.079556621107334e-05,0.0008268274421890894,6.863187514978962e-05,0.007281269123454583,0.0009792973278426001,0.0019109477406623991,6.172337494310743e-09,1.4140998113916462e-06,2.6777640415126245e-05,0.0010940624956726928,2.8720046039863812e-05,0.0016212679669950067,8.084792147984511e-05,8.454144519892765e-06,3.372470866319126e-06,0.00016768154674227253,0.0002640561026743928
66,3.81407916710169e-05,7.325200095804854e-05,0.06042920258582233,0.8303405271927637,0.004761579453580132,6.917103841752992e-07,0.00010723670870066337,0.09164932518377324,0.00014976897285020436,0.0010593106489482614,5.986014847799372e-05,0.004342552719281539,0.0018183905685717637,0.0013170771730359172,6.385096368568807e-09,1.3259372598383579e-06,2.2521538191278378e-05,0.0005980753071512121,4.091889786477917e-05,0.002689493796995024,4.209129220699561e-05,7.201638093919589e-06,1.7426804717312726e-06,0.00023342595787590365,0.00021628070997407975
67,5.0409113799271314e-05,0.00013191826612354287,0.05421035821315257,0.7880945840735445,0.005592889423990125,3.7830878391053817e-07,8.171334038224859e-05,0.14146801003270634,0.00018189051461605562,0.0011405535084605936,6.516233330111045e-05,0.0037752320721252774,0.0014518676898555988,0.0008698454165225596,8.527471847150007e-09,5.250187832711657e-07,4.9709474851133615e-05,0.0007933485988076106,4.6242016321047977e-05,0.0011635217670854792,6.296939138095175e-05,1.0401330733213005e-05,1.2785112449139088e-06,0.00047540915693434994,0.00028177389902236456
68,3.826696107984992e-05,9.772032038321678e-05,0.09110682974333623,0.7968432314427489,0.00847669103225944,4.810165811311133e-07,0.00010817359655619867,0.09206832824153766,0.00019500401615155864,0.0009669938016435226,4.84558616379886e-05,0.003710989751948574,0.0019494021687578341,0.0021748022543408643,8.821531042640916e-09,9.367826249966045e-07,2.2926980738218637e-05,0.0003216775298733027,5.265058667821903e-05,0.001265438426562604,4.035590466165059e-05,6.9096062119383385e-06,1.3558764729759353e-06,0.00028141602897454037,0.00022095324670774163
69,3.3686082567759164e-05,5.966537203900647e-05,0.04919798860839936,0.8548645315387396,0.002307179200007342,3.213271309222191e-07,8.873607245174802e-05,0.0839657997505109,9.296836045418594e-05,0.000676378516733748,4.700223133665832e-05,0.0029526326023211137,0.0011579226953384045,0.0006567402351065295,4.997294392519765e-09,8.352466527895689e-07,2.5387672320089696e-05,0.0006052327670668533,2.0752189098816376e-05,0.0026002647468706106,3.867512806818923e-05,4.235319178437363e-06,1.7318492886440141e-06,0.0003114106447387062,0.0002899168462852669
70,4.801001394728024e-05,8.839827687556141e-05,0.05169405746190369,0.8268179076045526,0.004462148790695056,5.57649808363919e-07,9.89497226561316e-05,0.10538724327565938,0.00013394278705623666,0.0008718797253854748,7.668643527195817e-05,0.004404959830753681,0.0014027930867591683,0.0010048208120595058,9.082154223072697e-09,8.886954999581512e-07,3.954942628658599e-05,0.0008311984094735,3.579539329456405e-05,0.0018871779223653782,5.898231825703932e-05,8.650973132307743e-06,2.2879338411936004e-06,0.0003666854686011268,0.0002764189037100595
71,5.9454102748400354e-05,5.687658190002771e-05,0.04078191456774734,0.8325726114811399,0.00202459678004496,3.478114876693484e-07,0.00013165160570384512,0.11191174810584138,7.215259046810973e-05,0.000522202542961902,7.00377166582631e-05,0.004843135589021199,0.0013497323561585844,0.0007862166653136749,5.945419772248546e-09,1.0281363120758827e-06,3.917773495821067e-05,0.0009177957822408975,2.5942588203097025e-05,0.0032195923577525622,4.527593204571208e-05,7.0547252522418255e-06,2.843599973254441e-06,0.00033637505077457837,0.00022222964987257015
72,4.2239717393245184e-05,8.115503035931824e-05,0.017837411812426,0.7785135218849165,0.0020510936326868447,2.4120981813955434e-07,9.554476670754194e-05,0.19165807762060727,5.494118412833515e-05,0.0009503298488212654,6.73965531596181e-05,0.002861592153803627,0.001140570751459016,0.0003490314114814533,4.373646053863214e-09,5.515617166088609e-07,6.707613635365683e-05,0.00146482878978092,3.180321845732472e-05,0.0020127113955545487,6.339326270273646e-05,9.818531410135607e-06,2.1198515500966922e-06,0.0005094105456480254,0.0001351347554116542
