,0,1,2,3,4,5,6,7,8,9,10,11,12,13,14,15,16,17,18,19,20,21,22,23,24
0,0.00020686572295245556,1.4335670630412757e-06,4.332216695375804e-05,0.9937279535476015,9.76834121353034e-07,7.965160357027696e-06,2.8610618728369533e-05,0.0014986797952589125,3.5515599103636846e-05,0.00030041385115026363,0.00018260761828077212,0.0007181305057127521,1.6098249545655685e-06,5.982875743918698e-07,7.672634507508387e-07,0.00020143800106939622,2.7916993176846156e-05,1.1610768661730214e-06,2.1170543330858084e-07,3.963906969865245e-06,4.169015327596936e-06,0.0029967884305871235,3.4589176440055172e-06,2.9986836571289045e-07,5.141721296492075e-06
1,0.00030627291396767434,3.0324860391444395e-06,7.656241355602603e-05,0.9897843903693541,1.9107120118991558e-06,1.3332884670558175e-05,4.932586571664544e-05,0.0017592901732063472,5.661832455395897e-05,0.00037512688674278785,0.00024522423941952354,0.001382947570740167,1.7867348713807315e-06,1.1941028761023135e-06,1.4717799836363974e-06,0.0002531732446707814,4.6433098785094777e-05,1.4947001725126631e-06,3.7735581364222577e-07,4.574030130135325e-06,8.347516309889597e-06,0.005608833151128826,5.7120158063760475e-06,5.278565150413162e-07,1.2039572957612745e-05
2,0.00031183992804006657,3.812155632916535e-06,8.40785301479892e-05,0.988131122977626,2.2009382891442834e-06,1.2777091664416768e-05,5.4642813723785276e-05,0.0022086789130693727,6.220558773124726e-05,0.00040500089440924836,0.0003596645702822675,0.0019413670572748418,1.8845765704205858e-06,1.8904445379180895e-06,2.5311609795728814e-06,0.00023791455513125492,4.748612193519045e-05,1.9165105362116624e-06,3.465814489840779e-07,6.014859508367752e-06,1.0367890100862775e-05,0.006087567552699183,7.3146135661265794e-06,5.7799925313842e-07,1.67956758414725e-05
3,0.00027397507589524867,3.355232098856734e-06,6.928582691375851e-05,0.9887085487235205,1.7497392220453107e-06,1.3721619691590529e-05,5.4644563687680375e-05,0.0017345988906354347,5.0455449502442155e-05,0.0003369201525712916,0.00026126955890723365,0.0016709446415313675,1.6191673961721876e-06,1.4527489148462345e-06,1.7869236160896488e-06,0.00024757410346823634,4.839680366254136e-05,1.7862342315825032e-06,3.331425138585114e-07,4.618312039844171e-06,9.603144385901963e-06,0.006482350406352223,6.492540572852994e-06,5.726407600015528e-07,1.3944357908550415e-05
4,0.0002937970052541539,3.404905538137535e-06,7.150516470838392e-05,0.9887850002774933,1.8541411567950209e-06,1.4187348358653759e-05,5.7489600923307105e-05,0.001779728849698957,5.036467064595655e-05,0.00034957859970169506,0.0002655899091701602,0.0016772426759034446,1.8198302099861307e-06,1.6083321633905453e-06,1.8278308771290188e-06,0.00026429130610375556,5.088680027703199e-05,1.970107237975308e-06,3.663026745996615e-07,4.9494718605773146e-06,9.789565115689782e-06,0.006291077128214254,6.8387529520918955e-06,6.399841057617479e-07,1.4191439655091686e-05
5,0.00023980300704228374,3.0233466460007377e-06,5.366847846788149e-05,0.9902840901346261,1.4713983886906335e-06,1.2966621655774927e-05,4.6848679726169836e-05,0.0015177891981215982,4.2285810908729236e-05,0.00028163796020984366,0.00022469382713777826,0.001356152828251787,1.4932198998482557e-06,1.2633448586227153e-06,1.5085805337299025e-06,0.0002364435385927893,4.1180873017373313e-05,1.8838175779971418e-06,3.0215181410898435e-07,4.225788927804562e-06,8.080428027146154e-06,0.005621678604629366,5.7651693658645835e-06,5.0526015467319e-07,1.123793141813592e-05
6,0.00027397507589524867,3.355232098856734e-06,6.928582691375851e-05,0.9887085487235205,1.7497392220453107e-06,1.3721619691590529e-05,5.4644563687680375e-05,0.0017345988906354347,5.0455449502442155e-05,0.0003369201525712916,0.00026126955890723365,0.0016709446415313675,1.6191673961721876e-06,1.4527489148462345e-06,1.7869236160896488e-06,0.00024757410346823634,4.839680366254136e-05,1.7862342315825032e-06,3.331425138585114e-07,4.618312039844171e-06,9.603144385901963e-06,0.006482350406352223,6.492540572852994e-06,5.726407600015528e-07,1.3944357908550415e-05
7,0.00025432974336501784,3.5176155746084025e-06,6.439733880122541e-05,0.9886431483868803,1.730605054476251e-06,1.4446859050142372e-05,5.427148351091915e-05,0.001601024303872565,4.9502142489870775e-05,0.0003081448043960154,0.0002562897694981718,0.00176147161225208,1.4646866915027766e-06,1.5354983008653085e-06,1.861440440142161e-06,0.00024331642098883089,4.7668477466983246e-05,1.8681357181074668e-06,3.135544686524712e-07,4.505255455271475e-06,1.0327159683437828e-05,0.00665249325184547,6.964725444298796e-06,5.628282644744688e-07,1.4843900486481424e-05
8,9.920363727974538e-05,4.8410225401119175e-06,1.0343065698155997e-05,0.988218897007643,1.2214436164316756e-06,2.592103198525854e-05,2.8045885716084907e-05,0.0010305327196862139,4.6447380578903554e-05,9.96600448436528e-05,0.00019276322446393465,0.000937089545471913,6.439822275441569e-07,5.173285107345392e-07,1.5464619011160241e-06,0.00019759922515279196,2.244073316876848e-05,4.744673810409833e-06,3.133193642567817e-07,2.02777329703416e-06,4.025875933960426e-06,0.00906114350876175,2.863509720310984e-06,1.3254989900747764e-07,7.0350487287111995e-06
9,0.00022716345731688817,4.534804372614664e-06,4.335668986364158e-05,0.9807358030840854,3.832646759585225e-06,5.67139931400835e-05,9.99548154879344e-05,0.0018125363479738182,8.103887414842948e-05,0.00017135743303645204,0.00020123108054283346,0.00214209781857626,2.6227943756469893e-06,8.496626628736287e-07,1.270901584591085e-06,0.0007357463608660674,6.35346082420113e-05,7.516758077228168e-06,9.923041366089735e-07,4.03122391765211e-06,1.0129953833830129e-05,0.013582632932551986,3.5942765884883935e-06,4.04853476982263e-07,7.052324382525509e-06
10,0.00027397507589524867,3.355232098856734e-06,6.928582691375851e-05,0.9887085487235205,1.7497392220453107e-06,1.3721619691590529e-05,5.4644563687680375e-05,0.0017345988906354347,5.0455449502442155e-05,0.0003369201525712916,0.00026126955890723365,0.0016709446415313675,1.6191673961721876e-06,1.4527489148462345e-06,1.7869236160896488e-06,0.00024757410346823634,4.839680366254136e-05,1.7862342315825032e-06,3.331425138585114e-07,4.618312039844171e-06,9.603144385901963e-06,0.006482350406352223,6.492540572852994e-06,5.726407600015528e-07,1.3944357908550415e-05
11,0.00029409381557144604,3.310348419213439e-06,7.310024218288333e-05,0.9884681096106575,1.8114937730355609e-06,1.4212704767755364e-05,5.7965361369254634e-05,0.0018916749939387732,5.152623548557589e-05,0.0003613964230355608,0.0002618438669585639,0.0016973517645178732,1.8803703427481594e-06,1.4915426014307947e-06,1.7830914175758103e-06,0.00026847795428548043,5.208238887082227e-05,1.9120648632854162e-06,3.656315257081953e-07,4.958690853670301e-06,9.702496013067296e-06,0.006460067423443639,6.588727155903459e-06,6.379731545760238e-07,1.365478479470316e-05
12,0.0002681392127632204,3.66636013060522e-06,0.00011022184710440794,0.9761092819428333,8.355519037591887e-07,1.2219229562967959e-05,4.458001240085551e-05,0.006655386068863186,6.467189282395555e-05,0.0005345626956342328,0.00016697966399622502,0.0020338886582868653,2.419204770392387e-06,3.81657210866016e-07,1.7302713544885847e-06,0.000284076176792571,5.636790071345865e-05,7.916810535637794e-07,4.491168877264621e-07,2.91429618313818e-06,7.4792721605692895e-06,0.013627315197855427,2.5716180975237547e-06,5.625070857683434e-07,8.507963531013575e-06
13,0.00030127300878855426,2.621552443421882e-06,8.717799915966036e-05,0.9889637362038369,1.7755009819823958e-06,9.502903386264022e-06,5.493241468696363e-05,0.0020354951365640847,4.603535422437156e-05,0.00036047163021857206,0.00040966596187581975,0.0023102682442108697,1.865117355630808e-06,2.2670751385521207e-06,2.416629084484746e-06,0.0002494205931772861,4.4212433249345934e-05,1.9094372761895207e-06,2.525158502719926e-07,6.178019932800501e-06,1.13779065404054e-05,0.005075393585549023,7.444768708580609e-06,5.339157548772419e-07,1.377209200524275e-05
14,0.000391909382679207,3.461912149292178e-06,0.00010740023424458684,0.9832454981535651,1.7953934295842731e-06,1.4689974132551048e-05,8.281400454040749e-05,0.002688378276764719,6.752656826780844e-05,0.00042966455502349555,0.0002791179091896782,0.0028014604655967664,1.7710059781040742e-06,1.7933803164294857e-06,2.2294497878485386e-06,0.000301978756111457,8.086858702251934e-05,1.527936648399666e-06,3.451573342079258e-07,4.718794360632053e-06,1.5505194293681558e-05,0.009445772847138129,8.390737979349823e-06,8.799739230962248e-07,2.0501349522685153e-05
15,0.00027397507589524867,3.355232098856734e-06,6.928582691375851e-05,0.9887085487235205,1.7497392220453107e-06,1.3721619691590529e-05,5.4644563687680375e-05,0.0017345988906354347,5.0455449502442155e-05,0.0003369201525712916,0.00026126955890723365,0.0016709446415313675,1.6191673961721876e-06,1.4527489148462345e-06,1.7869236160896488e-06,0.00024757410346823634,4.839680366254136e-05,1.7862342315825032e-06,3.331425138585114e-07,4.618312039844171e-06,9.603144385901963e-06,0.006482350406352223,6.492540572852994e-06,5.726407600015528e-07,1.3944357908550415e-05
16,0.00026783748144497497,2.3001179242537423e-06,6.469519689447185e-05,0.9901900401166372,1.6586160114811673e-06,1.2509673832118282e-05,5.681980201737287e-05,0.0016026002910422732,3.638921397078132e-05,0.00030216554311804437,0.0002880619411305999,0.0019774781146005447,1.9763608224466373e-06,2.025760474860257e-06,1.737953874756389e-06,0.00030500115041737875,4.5243084786038494e-05,2.5107383050955084e-06,2.9016728435619816e-07,5.836887114763731e-06,1.0696702676217496e-05,0.004804048624215998,6.849589631873951e-06,5.970637341356739e-07,1.0629808037978445e-05
17,0.00027344330905396824,3.251925732840951e-06,7.066039035669288e-05,0.9885821155501802,1.7919233735006762e-06,1.318976841645258e-05,5.866756094730797e-05,0.0017502839769065785,5.0105169330640915e-05,0.00032243238256722626,0.0002682637762725102,0.0017902273262249372,1.608559555695091e-06,1.567463669292481e-06,1.8116891390198566e-06,0.00025082600115006084,4.9065705449805944e-05,1.820070615588767e-06,3.0921897649198157e-07,4.747481683606488e-06,1.0083256920871235e-05,0.006472135770808897,6.691343336245693e-06,5.784400911242797e-07,1.4321939240475867e-05
18,0.0003343748923613127,4.335962236813897e-06,7.16590713462477e-05,0.9867415421219239,2.131891286363457e-06,1.5903851564363776e-05,6.754287379961236e-05,0.0017905061283607973,6.021454239014791e-05,0.00036437712358830955,0.00028234507348165206,0.0017083805826496193,1.6966402580535144e-06,1.76189283734869e-06,2.057837003353707e-06,0.00025680587881708625,6.819276418245322e-05,2.244921369866942e-06,4.3488776028908226e-07,4.915135223261264e-06,1.0756811382108611e-05,0.008179252880593596,8.127995009016761e-06,7.452041720905034e-07,1.9693036402203937e-05
19,0.00036302433675244986,1.4873310299339703e-05,1.732486605010849e-05,0.9951498355328198,2.1313347815194697e-06,6.8993090901521634e-06,1.10159486759739e-05,0.0003532804574310924,2.8061108914320543e-05,4.7433580079021504e-05,0.0007843972601093707,0.0005135086566143988,3.966060456878526e-07,1.4601872674566212e-05,9.244745679278698e-06,0.00014873963962978536,3.062282730125715e-05,1.858612473154732e-05,6.603014872408838e-07,3.887194459381554e-06,1.3911741347674404e-05,0.00241191572433938,2.739294005277638e-05,2.9294007409677545e-07,2.796164055999194e-05
20,0.0002103211908819548,4.113822063748211e-06,5.942351992072815e-05,0.9863871652152183,1.2591541605458804e-06,1.3372993668899016e-05,4.4630641637383075e-05,0.0020821628259973727,4.672979975696609e-05,0.00029092935070838854,0.00026093977782065523,0.0020039231362017065,1.3065381547364585e-06,1.2287020538907334e-06,2.369836652891767e-06,0.00022070163082167716,3.929163663704548e-05,1.7406183553084177e-06,2.7551684446305683e-07,3.8509659167602795e-06,1.002238787006263e-05,0.008295661029838135,5.47424522919775e-06,4.65214049894189e-07,1.2640249539205044e-05
21,0.00036736686852148313,1.406779333676709e-05,0.00012652024650172482,0.9491110831630883,2.7643885143257763e-06,4.850925979385599e-05,0.00013426776482083878,0.004591787427610937,0.00015738083126565336,0.0007766370987206497,0.00015292503314755527,0.0020348264935487,2.6790772675834402e-06,5.274997269554572e-07,2.1515072997645162e-06,0.0003146409143950615,0.00022273039796135222,1.6083584425835995e-06,1.2487123949313986e-06,3.785989129426043e-06,1.4595704902285436e-05,0.04187061544181856,7.805663934658432e-06,1.8822789802855828e-06,3.759208487560324e-05
22,0.0002542624724796561,2.249406625139358e-06,6.859737313602873e-05,0.9907755934715722,1.5045154006501206e-06,1.0304808691461174e-05,4.762373077754486e-05,0.001441287370149953,3.953989257738492e-05,0.00033381489366155175,0.0002758532103798776,0.0013963560785032534,1.6057271306235042e-06,1.2690248373007181e-06,1.3779092707007052e-06,0.0002305820935568952,4.761610311087031e-05,1.6968300586355227e-06,2.5830067201480013e-07,4.970546106846202e-06,9.25438240788727e-06,0.005037122758908243,6.22213058592676e-06,4.83745759288726e-07,1.0553223640045402e-05
23,0.00027397507589524867,3.355232098856734e-06,6.928582691375851e-05,0.9887085487235205,1.7497392220453107e-06,1.3721619691590529e-05,5.4644563687680375e-05,0.0017345988906354347,5.0455449502442155e-05,0.0003369201525712916,0.00026126955890723365,0.0016709446415313675,1.6191673961721876e-06,1.4527489148462345e-06,1.7869236160896488e-06,0.00024757410346823634,4.839680366254136e-05,1.7862342315825032e-06,3.331425138585114e-07,4.618312039844171e-06,9.603144385901963e-06,0.006482350406352223,6.492540572852994e-06,5.726407600015528e-07,1.3944357908550415e-05
24,0.0011781839957720947,8.677108702157774e-06,0.0003999063478274567,0.9567202017162826,4.260702682173585e-06,3.181592785843416e-05,0.0002015307884815271,0.008044120822495239,0.00021186024203278996,0.0015176321987004303,0.0006048819146958686,0.005582915162639055,5.305402450959923e-06,2.81011380708481e-06,6.028361408941497e-06,0.000512548225956773,0.0003148769504176918,2.157534653203972e-06,1.4389375176346368e-06,9.353148957581821e-06,3.452300305225394e-05,0.024526191965782144,1.7875260877956272e-05,2.9054465134693674e-06,5.799872043463074e-05
25,0.00028162035974260897,6.1880865641684495e-06,6.268847451885247e-05,0.9863768354200212,1.9513092030373926e-06,2.2645781754763677e-05,4.926545942712067e-05,0.001368010094402419,6.295904648586787e-05,0.00031988792424371176,0.0001900499756025754,0.0014384236593645008,1.2690534948526785e-06,1.2500894532570341e-06,1.865260275003846e-06,0.00024400630289869027,5.597349593835423e-05,1.7701007979485666e-06,5.47440425187911e-07,3.309557426218477e-06,1.0705899649925222e-05,0.00947137715260367,7.413568041302239e-06,6.769776884995387e-07,1.930950997644983e-05
26,0.00037227026081472454,3.7532235024996883e-06,7.808848383841305e-05,0.9890281222493633,2.247009081289917e-06,1.621310688240248e-05,6.221488756437989e-05,0.0016810994352231914,6.775918920375917e-05,0.0003853662519281171,0.00024074052454487908,0.0012534360900909043,1.9650774135949396e-06,1.3181065110808162e-06,1.4819343264403938e-06,0.0002683508472409482,6.81374821181902e-05,1.9010761410058977e-06,4.6952334145253586e-07,4.945686007572351e-06,9.812049784651926e-06,0.00642485330439464,8.119080573967855e-06,7.36811928301835e-07,1.659830818030831e-05
27,0.0003157451970647878,2.1729260225231345e-06,9.660572391328197e-05,0.9900310606804973,2.0680597767018315e-06,1.3012566565502596e-05,6.872313861896971e-05,0.001580119062025574,4.006221250067206e-05,0.00038005308823511126,0.0002865091454512805,0.0020216489117359754,2.3387871959237417e-06,2.044826628873569e-06,1.5550817057988753e-06,0.0003205497091065617,5.756354148469424e-05,2.101001213065297e-06,3.070204318802084e-07,6.849177293354653e-06,1.3943972495454078e-05,0.0047338497174901515,8.333653199324145e-06,7.667693549085357e-07,1.2016029992132904e-05
28,0.00027397507589524867,3.355232098856734e-06,6.928582691375851e-05,0.9887085487235205,1.7497392220453107e-06,1.3721619691590529e-05,5.4644563687680375e-05,0.0017345988906354347,5.0455449502442155e-05,0.0003369201525712916,0.00026126955890723365,0.0016709446415313675,1.6191673961721876e-06,1.4527489148462345e-06,1.7869236160896488e-06,0.00024757410346823634,4.839680366254136e-05,1.7862342315825032e-06,3.331425138585114e-07,4.618312039844171e-06,9.603144385901963e-06,0.006482350406352223,6.492540572852994e-06,5.726407600015528e-07,1.3944357908550415e-05
29,0.00027397507589524867,3.355232098856734e-06,6.928582691375851e-05,0.9887085487235205,1.7497392220453107e-06,1.3721619691590529e-05,5.4644563687680375e-05,0.0017345988906354347,5.0455449502442155e-05,0.0003369201525712916,0.00026126955890723365,0.0016709446415313675,1.6191673961721876e-06,1.4527489148462345e-06,1.7869236160896488e-06,0.00024757410346823634,4.839680366254136e-05,1.7862342315825032e-06,3.331425138585114e-07,4.618312039844171e-06,9.603144385901963e-06,0.006482350406352223,6.492540572852994e-06,5.726407600015528e-07,1.3944357908550415e-05
30,0.00027397507589524867,3.355232098856734e-06,6.928582691375851e-05,0.9887085487235205,1.7497392220453107e-06,1.3721619691590529e-05,5.4644563687680375e-05,0.0017345988906354347,5.0455449502442155e-05,0.0003369201525712916,0.00026126955890723365,0.0016709446415313675,1.6191673961721876e-06,1.4527489148462345e-06,1.7869236160896488e-06,0.00024757410346823634,4.839680366254136e-05,1.7862342315825032e-06,3.331425138585114e-07,4.618312039844171e-06,9.603144385901963e-06,0.006482350406352223,6.492540572852994e-06,5.726407600015528e-07,1.3944357908550415e-05
31,0.0003819954992831364,3.6183681656062714e-06,0.00010335439823083375,0.9863419731221873,1.8310844305222998e-06,1.2351679565941205e-05,6.052883534592174e-05,0.002833970386433362,5.827235356423802e-05,0.00038276541027919595,0.0002989711050184118,0.0020749286264315505,2.4214536555169647e-06,1.610960662250492e-06,2.183555163383938e-06,0.0003053080477787023,5.9102911424406674e-05,1.967720333944585e-06,4.212673207644167e-07,5.289675238312326e-06,1.1678120284151407e-05,0.007034660886031578,6.573528093880467e-06,7.228009427815476e-07,1.3498204134311419e-05
32,0.00029528552310207446,3.618988552373871e-06,7.135894296546132e-05,0.9885006885067571,1.8295886773608063e-06,1.4320525343021062e-05,5.508060989495886e-05,0.0017734471111007539,5.238226637337094e-05,0.00034362703259991956,0.0002594267991365931,0.0016135655310765959,1.7208992359981642e-06,1.4761599221435162e-06,1.8119282555761949e-06,0.00025658693303523013,5.1123090655226705e-05,1.8876140863964855e-06,3.809138169600501e-07,4.606745349541547e-06,9.628329730664344e-06,0.006664628069482236,6.59673803192568e-06,6.113549636334923e-07,1.4309797855075764e-05
33,0.00031974556632290906,4.378142159114547e-06,5.3126725661576584e-05,0.985750042199092,1.5712006839196403e-06,1.9885944472324615e-05,6.808666875938917e-05,0.0017020553995002955,3.680335285707325e-05,0.00032062857426055734,0.0001514986343718912,0.001360774906284637,2.4033256468348738e-06,1.4212038698113883e-06,1.2978006168115287e-06,0.00035928600519769135,8.36067423344331e-05,3.347338919913279e-06,7.222394355152666e-07,4.04792714577213e-06,8.251289710162279e-06,0.009727107390054055,6.08668386192445e-06,1.219463045045846e-06,1.26052757364115e-05
34,0.00028377733593228945,3.3570412823412016e-06,7.054710466105651e-05,0.9887483609038225,1.7805202477363656e-06,1.3575717128697077e-05,5.4706441118857426e-05,0.0017461505591322066,5.098952056123656e-05,0.00033955571468447654,0.0002648111444970042,0.0016594309563347943,1.6469887975527362e-06,1.4759646325236662e-06,1.7914362739611595e-06,0.00024898533302601493,4.88917793616779e-05,1.79720606927191e-06,3.412797753839456e-07,4.638394117640304e-06,9.610139931406922e-06,0.00642269995593696,6.51847180450644e-06,5.769403286578166e-07,1.398315054123215e-05
35,0.0001195030237757312,1.151592081701785e-06,8.379744201689346e-05,0.9923992195608583,2.0334810715969915e-06,1.4945898418348685e-05,8.2546395920703e-05,0.0004386942201222737,1.1629755949645761e-05,0.00035233600440471517,0.0003352984087363876,0.0031963939498638313,1.7638946301966812e-06,6.57368621499794e-06,1.5920203371735197e-06,0.00033726158204781955,4.1107718846175007e-05,3.0283712056326054e-06,1.316316175016594e-07,1.4014302879181218e-05,2.5126412819709162e-05,0.002500845077300637,1.6816884481906494e-05,1.040250846894164e-06,1.3148433552083213e-05
36,0.0002374752378887285,3.021091744254084e-06,6.152028986526075e-05,0.9930930801201948,1.6907860726022301e-06,1.1762772302523183e-05,3.472473181393462e-05,0.0010297307114613126,4.3966786221301393e-05,0.0002974634113327227,0.00022148001887339666,0.00085537244859625,1.2122646590654486e-06,1.0453153518294992e-06,1.2659201567816192e-06,0.00018633242691070459,2.9224530504716504e-05,1.1893957695797985e-06,2.9305798277413146e-07,3.856539909398681e-06,7.111563242589562e-06,0.00386042414807618,5.668027972506852e-06,3.8509837727970967e-07,1.0703304719279415e-05
37,0.0002501245261606406,3.661575605838439e-06,6.606187449404901e-05,0.9877489293328948,1.6510938897086743e-06,1.4139290643690364e-05,4.938408059069277e-05,0.001954121860916724,5.887360799616592e-05,0.0003562261391691876,0.0002551505669237743,0.0016119196776193266,1.4836061941461855e-06,1.0914987960667622e-06,1.8022096432214477e-06,0.0002213800597493992,4.482764842322428e-05,1.4814524909937756e-06,3.24942058129146e-07,4.11202716745358e-06,8.319334826321452e-06,0.0073250649240402445,5.560368532173737e-06,4.785663406359179e-07,1.3829734833046477e-05
38,0.0002630107397530867,3.272112715016189e-06,6.187075101161885e-05,0.9887791057197783,1.678874324248955e-06,1.7328177272775903e-05,5.85027230781795e-05,0.0015609310224662825,4.229671799148896e-05,0.00032275138761427637,0.00025506467752816324,0.001852848200701287,1.8821616896604479e-06,1.709025274746793e-06,1.8650518642719537e-06,0.0003020110456789832,5.031992963863331e-05,2.475534082349375e-06,3.811412601981243e-07,5.0208132722526396e-06,1.0860271133622562e-05,0.006384058977957995,7.299288168875947e-06,6.766440856500835e-07,1.2779011658119253e-05
39,0.0002875514876273393,3.312055662160734e-06,6.756457745464349e-05,0.9894933692062554,1.8896368676740539e-06,1.2957076822815985e-05,5.480705745610304e-05,0.0015915218353488854,5.129638113937838e-05,0.00035327658291548907,0.0002883526043181908,0.0015295987078107584,1.586859248350795e-06,1.589735958079854e-06,1.8017136150147585e-06,0.0002308748069524702,4.7509779023543626e-05,1.7976537146996397e-06,3.294021333416943e-07,4.815930558718697e-06,8.846310512540886e-06,0.005942839373688412,6.871368673826947e-06,5.628076496658136e-07,1.5077048592590841e-05
40,0.000320993022171624,3.882653480683342e-06,8.967242325331086e-05,0.9872670576317059,2.340171931039976e-06,1.4662168285072075e-05,6.732249283724057e-05,0.0018392080429394657,5.6162691579229765e-05,0.00035024431849231346,0.00030635059083672405,0.002233245896272155,1.8205857820305786e-06,2.1528144137219317e-06,2.2176753994758413e-06,0.00028123893273665815,5.5869009732858985e-05,2.039300130952144e-06,3.8245120781901566e-07,5.324755894203246e-06,1.2594207649782277e-05,0.007058902775730136,7.844844860048205e-06,6.93592202866731e-07,1.777695047489475e-05
41,0.00019520597840449306,2.43066190720997e-06,3.917823344600241e-05,0.9937661132797692,1.2919424495079153e-06,8.20868779587271e-06,2.582637955881168e-05,0.0013409787891666253,3.924466096004903e-05,0.00021112243754029336,0.00022471646147499097,0.0008451618596511415,1.148005163979897e-06,9.454241438427691e-07,1.2737090136105189e-06,0.0001708150902949902,1.8700336780921687e-05,1.296794352733529e-06,2.117030544193715e-07,3.321378690180686e-06,4.588128815197205e-06,0.003087488412364879,3.569332501854067e-06,2.3131216216001893e-07,6.931000537283339e-06
42,0.00021198437005671226,3.626394711581772e-06,5.7239291076907395e-05,0.9867793553865463,1.043568213318609e-06,1.2141672185964706e-05,3.733967342093781e-05,0.0021141321547052056,4.897983891957487e-05,0.00026193765838754577,0.00017556895896013355,0.0013557790691254025,1.208983004850627e-06,6.390078952920702e-07,1.3946635912339024e-06,0.0002164556331080781,3.994598034094175e-05,1.1970909555785642e-06,3.1912425710522304e-07,2.7049246840774628e-06,7.0310086427062755e-06,0.008656942860598663,3.5830780621240855e-06,3.7842101596884597e-07,9.071187533706071e-06
43,0.0002617644036069061,3.1209024510622363e-06,6.767500772511724e-05,0.988397570317436,1.6504108150307721e-06,1.5082828003498425e-05,5.279789765536821e-05,0.0018569924144090262,4.9768029740892646e-05,0.0003706875429076278,0.00023082430805459239,0.001609745440097492,1.76994100800456e-06,1.1680360132906724e-06,1.6099141162694676e-06,0.0002597705049243776,5.054778916739369e-05,1.7262519289056713e-06,3.485481448564398e-07,4.620105018164385e-06,9.571695187439516e-06,0.006732834534236264,5.877365786770898e-06,5.843477992586138e-07,1.1891463766307355e-05
44,0.00027397507589524867,3.355232098856734e-06,6.928582691375851e-05,0.9887085487235205,1.7497392220453107e-06,1.3721619691590529e-05,5.4644563687680375e-05,0.0017345988906354347,5.0455449502442155e-05,0.0003369201525712916,0.00026126955890723365,0.0016709446415313675,1.6191673961721876e-06,1.4527489148462345e-06,1.7869236160896488e-06,0.00024757410346823634,4.839680366254136e-05,1.7862342315825032e-06,3.331425138585114e-07,4.618312039844171e-06,9.603144385901963e-06,0.006482350406352223,6.492540572852994e-06,5.726407600015528e-07,1.3944357908550415e-05
45,0.0002761557769305862,3.3648200567565223e-06,7.114265061308874e-05,0.988195442929367,1.7177527634454408e-06,1.4017585836676082e-05,5.643097862620901e-05,0.0019169030372036073,5.07695537930731e-05,0.00034960888521205904,0.0002587035191998268,0.0017313622323900653,1.7412818048852087e-06,1.4103716618572298e-06,1.826516709077726e-06,0.00025914519091590885,4.9402381734231436e-05,1.81168739815571e-06,3.4428386961844535e-07,4.698209601623759e-06,9.63767479641542e-06,0.006724138175131699,6.232405523287381e-06,5.961423110787114e-07,1.3395956549782963e-05
46,0.00017584780025676352,2.9580539571467386e-05,6.683978730136345e-05,0.9925139583253821,8.991287442857188e-06,1.4091591550576511e-05,1.639854561423325e-05,0.0010975923286593128,0.00011352817026402175,0.00020401486406187178,0.0022714428547587454,0.0019189470398540617,1.0709380255181654e-06,2.3892058942079757e-05,3.73685121867035e-05,0.0001898658290313222,2.727243110078755e-06,5.046020091904161e-06,3.9993836701041604e-07,1.3116324609646505e-05,6.411647930589958e-06,0.0012258823195312382,1.9541429041743913e-05,2.1390691049162687e-07,4.323069750412199e-05
47,0.00015815244928506138,3.909846178493735e-06,5.454853330458894e-05,0.9908435803184532,2.1260947890486785e-06,1.3893870796314489e-05,4.660573529659564e-05,0.0012736436482714427,5.5134509528053346e-05,0.00030115120333895574,0.0003799592429514843,0.0018083881592349895,1.0067390357174501e-06,2.0202430889370177e-06,2.778090492783623e-06,0.00016391130599123106,2.8195492633134864e-05,1.6443924669175432e-06,1.7662653844510282e-07,5.841928421647549e-06,1.0025730810345458e-05,0.004814281277182223,8.500030457048765e-06,3.589802986240043e-07,2.0165551154859542e-05
48,0.00025067688971657995,3.1314085053798553e-06,6.595459696826417e-05,0.9895125832524959,1.690848948238686e-06,1.2597613480784676e-05,5.0705158478360605e-05,0.0016031945324771067,4.832076939749659e-05,0.00031077259863554154,0.0002728557828105963,0.001680558232992402,1.4594690935436585e-06,1.4798323441775216e-06,1.7956038666116364e-06,0.00023259177163967589,4.169786484365667e-05,1.684456600622647e-06,2.841403697895376e-07,4.550427968986641e-06,9.347720804062175e-06,0.005871860077479396,6.353918875145198e-06,4.904161357141275e-07,1.3362615071912481e-05
49,0.00029498177998262725,3.273905310994582e-06,6.699150216421425e-05,0.9895022001997957,1.8221962977179495e-06,1.3118768638173379e-05,5.4315698022097647e-05,0.0016606458598323744,4.9582588808479994e-05,0.00033507916790861644,0.00027525199286604433,0.0015617797615581832,1.664399056314057e-06,1.625465629187741e-06,1.8067060450755092e-06,0.0002462696777994833,4.867766214806497e-05,1.9344304282762106e-06,3.408722715347793e-07,4.814928982682029e-06,9.363566436161349e-06,0.0058426327898971646,6.917932080871573e-06,5.877104402926583e-07,1.4320437599621724e-05
50,0.0003381138609536707,2.9451864689481215e-06,8.074289805921936e-05,0.9883652093267553,1.9472424010141905e-06,1.354795341701862e-05,6.740077917581095e-05,0.0020738157549491766,5.139871422105858e-05,0.00042621734630105625,0.0002889211306137617,0.0017491595967870839,2.1811268997449405e-06,1.7104072660819043e-06,1.798413154044933e-06,0.00028537709003481436,5.8679110021327937e-05,1.9932291989064846e-06,3.8047329202680345e-07,5.725041499305421e-06,9.544713429583104e-06,0.006151284155945787,6.862993513402016e-06,7.44172170049775e-07,1.429928347158892e-05
51,0.3586211193873198,7.603940652174081e-08,0.08167420930356127,0.11158964666202878,0.0026958574820988095,7.811060684839843e-05,0.08772509683378381,0.003181446967930466,0.00029423406107698574,0.11542969258803142,0.0011849099796601473,0.018647285079879408,0.004807945508214837,0.0006652010595628973,3.422244368032081e-07,0.018160317901863565,0.18506478506303664,1.934743353392244e-05,6.483017133456606e-05,0.0017774279487596477,0.0007335680897747831,0.0008983602213005602,0.0009586243011357888,0.005377242592871288,0.000350322492549076
52,0.0002355289025687128,2.4661644084391873e-06,4.482779889401344e-05,0.9911522590481489,1.340701242635018e-06,1.3335374004196564e-05,3.4436298852549146e-05,0.0017349545632795711,4.0142950903176414e-05,0.00039620250871150213,0.0002492680010090151,0.0012638126027748155,1.7244026606567314e-06,1.141391854725007e-06,1.603247149127941e-06,0.0002178560315540961,3.118907219649287e-05,1.8592279900544511e-06,3.1244732947378155e-07,4.810211843139048e-06,5.845449331144058e-06,0.004551631037810261,4.479034762773374e-06,4.2876913661434525e-07,8.544761583803303e-06
53,0.0002090467899200924,2.1528259903686584e-06,6.892542104717187e-05,0.9904023900702498,1.8305862166121518e-06,1.2649130120954863e-05,6.814470846064557e-05,0.0013226383756633408,4.055860308181811e-05,0.0003157021191468528,0.0003128603187528009,0.0020358107457910052,1.607053184478357e-06,1.8216351664818077e-06,1.6376302543909036e-06,0.00025829421811876215,4.398383017779413e-05,1.9475493564771204e-06,1.9612022415120182e-07,6.4722605662760465e-06,1.1483829980992737e-05,0.004857943124428602,8.147213512143324e-06,5.311842579578341e-07,1.3224656329927526e-05
54,0.0002638239476444663,4.37213680763432e-06,6.101811850044144e-05,0.9878521106107195,1.6996652343105097e-06,1.458171102033684e-05,5.255914566313692e-05,0.001702683783986922,5.309429082638257e-05,0.0003062163802897288,0.0002600164454550709,0.0016497811526493195,1.3428868561334431e-06,1.521840419615378e-06,2.127687720348678e-06,0.00022748785343915264,4.529385929351584e-05,1.8218244330752816e-06,3.510971005118029e-07,3.990719819046872e-06,9.238166036413316e-06,0.007461244534373076,6.5447819410790655e-06,5.54698524377305e-07,1.652266124623788e-05
55,0.0002696788605563778,3.0524698496172357e-06,7.639833836381414e-05,0.9851587347582392,2.206409197862206e-06,1.8054044452441264e-05,7.989568043741905e-05,0.0024140236974779443,5.856097609951491e-05,0.00036057467225050614,0.00029572590978417187,0.003448900462295275,2.342080451156277e-06,2.1284700761706017e-06,2.2169247338771523e-06,0.0003480456755969865,5.3500304670519024e-05,2.664110139829511e-06,3.039256049306632e-07,6.865508437508716e-06,1.2625439949506188e-05,0.007359513025684239,7.6589531196931e-06,7.303763868659132e-07,1.559892614473855e-05
56,0.00028279460663469355,3.2821302102973933e-06,7.013141438299371e-05,0.9887569393023982,1.7806961686486784e-06,1.4023180486969228e-05,5.6131903088168126e-05,0.0018085686854154846,5.035718912028505e-05,0.00034812567917870147,0.00025901306791878366,0.0016608819706746194,1.781188472711688e-06,1.472212940083128e-06,1.760420404935633e-06,0.0002598810977178463,4.96635022155202e-05,1.8832704122616792e-06,3.49859137862792e-07,4.845869673833637e-06,9.528281816785614e-06,0.0063361980296684,6.4917526946049085e-06,6.069227541280031e-07,1.3507766413257878e-05
57,0.00030214470967938585,3.2985462498333527e-06,0.00011486666969672912,0.9855313007365624,2.3698971493857715e-06,1.6427402027785903e-05,7.390467485049806e-05,0.002377805521836289,6.138977822452015e-05,0.00046441408497210315,0.0002882813534748415,0.0026784195279650337,2.4186348774836666e-06,1.6761745609899945e-06,2.0055791898162045e-06,0.0003280819600062291,6.252656103022354e-05,1.7970603899593117e-06,3.808277812020202e-07,6.517585868532103e-06,1.376177875910572e-05,0.007643069999797098,7.22229633056548e-06,7.741597913339425e-07,1.5144478928723946e-05
58,0.0003011893266857742,3.554154442159483e-06,7.551422334566149e-05,0.987796842044891,1.8771598208553743e-06,1.5700849913086397e-05,6.184113423052557e-05,0.001900421903099626,5.175567505924562e-05,0.00037675020325560405,0.0002498309818152011,0.0017773467435727415,1.958116152921024e-06,1.5479916506159412e-06,1.814915328350939e-06,0.00028037901852038106,5.692897857345103e-05,2.008640757253986e-06,3.9563707244932645e-07,5.0749339176181185e-06,1.0482339294077631e-05,0.007004461932545378,7.014703140615849e-06,7.345772868264793e-07,1.4573815628587316e-05
59,0.00030207880211006544,3.39470364860105e-06,8.124027373713233e-05,0.9878506059357847,1.915435023209862e-06,1.4984470008403788e-05,6.33921290876574e-05,0.001933135021456875,5.2196498790021784e-05,0.0003780312250523155,0.0002570517715628487,0.0018349295377082138,1.9787824579311605e-06,1.5594893115100959e-06,1.8016079520924292e-06,0.000282771135647737,5.70277832174034e-05,1.918444095773265e-06,3.7809276405823117e-07,5.23269173241404e-06,1.0878240383567858e-05,0.006841324713040553,7.029029937970916e-06,7.204519747620861e-07,1.4423733514150892e-05
60,0.00027397507589524867,3.355232098856734e-06,6.928582691375851e-05,0.9887085487235205,1.7497392220453107e-06,1.3721619691590529e-05,5.4644563687680375e-05,0.0017345988906354347,5.0455449502442155e-05,0.0003369201525712916,0.00026126955890723365,0.0016709446415313675,1.6191673961721876e-06,1.4527489148462345e-06,1.7869236160896488e-06,0.00024757410346823634,4.839680366254136e-05,1.7862342315825032e-06,3.331425138585114e-07,4.618312039844171e-06,9.603144385901963e-06,0.006482350406352223,6.492540572852994e-06,5.726407600015528e-07,1.3944357908550415e-05
61,0.0003080535223507897,3.5000860331977964e-06,8.170627004145649e-05,0.9878541181786721,1.9859084238254227e-06,1.5004431232319146e-05,6.309297856030332e-05,0.0018858867962165844,5.3945681867659774e-05,0.0003740514545149714,0.0002645308068578788,0.001833439413417768,1.912980043203661e-06,1.5952316305889276e-06,1.8404207799821386e-06,0.000277928731842506,5.646308869491463e-05,1.8995382013413326e-06,3.832014054095262e-07,5.1173971051748576e-06,1.0898824308959013e-05,0.006879847484895071,7.096579515548642e-06,6.977710923016499e-07,1.5003222296058504e-05
62,0.00027397507589524867,3.355232098856734e-06,6.928582691375851e-05,0.9887085487235205,1.7497392220453107e-06,1.3721619691590529e-05,5.4644563687680375e-05,0.0017345988906354347,5.0455449502442155e-05,0.0003369201525712916,0.00026126955890723365,0.0016709446415313675,1.6191673961721876e-06,1.4527489148462345e-06,1.7869236160896488e-06,0.00024757410346823634,4.839680366254136e-05,1.7862342315825032e-06,3.331425138585114e-07,4.618312039844171e-06,9.603144385901963e-06,0.006482350406352223,6.492540572852994e-06,5.726407600015528e-07,1.3944357908550415e-05
63,0.00026917853051433316,3.879662046741268e-06,6.48320599076433e-05,0.9885955986402818,1.735870720007438e-06,1.4145709955008144e-05,5.1397848072744615e-05,0.001687880920881852,5.26220666752987e-05,0.00031696197524747543,0.0002575486978813782,0.0015573557314524009,1.5019526097373624e-06,1.4056026782490782e-06,1.8903984443013762e-06,0.0002354233972814812,4.664721203981798e-05,1.8170279800991316e-06,3.5014484323620644e-07,4.282198786185517e-06,9.350843570676359e-06,0.006802490194237532,6.511746602561917e-06,5.49144094107576e-07,1.4642423195275443e-05
64,0.00027535163935729775,3.370630719978716e-06,7.878168746560592e-05,0.9881606960680827,1.874293929776568e-06,1.4646514924925644e-05,5.781852695918049e-05,0.0017168790455137153,5.098629800420931e-05,0.0003443294473782328,0.0002699569667729999,0.001921242734432523,1.6806539816753276e-06,1.573930443597812e-06,1.886779420239095e-06,0.00026455513985433035,5.229045729664063e-05,1.8372190766608692e-06,3.3443261538445435e-07,4.967982038613746e-06,1.1902012968496903e-05,0.006740801604489392,7.179031459182912e-06,6.096069596619808e-07,1.4447295855197018e-05
65,0.0002422798015700023,3.831347778570702e-06,6.028182968936768e-05,0.9889517136906285,1.7305815361445065e-06,1.5239638755425312e-05,5.4452231158456884e-05,0.0014658219364613759,4.587648764652418e-05,0.0002906927711581581,0.0002419430491996246,0.0016422804009762054,1.4482353913466136e-06,1.60093139552237e-06,1.891461134120367e-06,0.00024313993912320817,4.7436974659721507e-05,2.1029405433050064e-06,3.251829741283247e-07,4.6700246646689035e-06,1.05779612009563e-05,0.006647314211352153,7.434853253669105e-06,6.111900151453725e-07,1.5302327733456595e-05
66,0.00022465464399832875,4.7325015979080885e-06,5.0741058707212446e-05,0.9873655190915102,1.3088408228595438e-06,1.3403881136954604e-05,4.263221253272792e-05,0.001663742655535499,4.780579389234444e-05,0.0002652987187466123,0.00026224593166757423,0.0017023250158532141,1.0642025884273345e-06,1.4345160584345868e-06,2.4037297906940315e-06,0.0001961002707328166,4.07638218812235e-05,1.8230502786077944e-06,2.977377743533898e-07,3.453724456519867e-06,9.144984915421562e-06,0.008075980361078355,6.3812012247606705e-06,4.72183831678837e-07,1.6269869387112654e-05
67,0.00038418779075152874,2.696160341107458e-06,8.2890079779123e-05,0.988459058049322,2.0723154128270574e-06,1.0502265676141835e-05,5.454078103750523e-05,0.002544762073822273,6.531660097659734e-05,0.00041372859601903874,0.00030299256796120235,0.0016350606751772269,2.1039625757043142e-06,1.2571420942002206e-06,1.6116025908700452e-06,0.0002581387453315998,4.482441221467107e-05,1.41321396651305e-06,3.617142881022202e-07,4.439616651640577e-06,7.0653770312253755e-06,0.005705056239244343,4.508974379333683e-06,4.697866937409233e-07,1.0941256661733991e-05
68,0.00015672705986352828,3.181891553599708e-06,7.974477959465771e-05,0.9810538689297562,1.3685456296427836e-06,2.197668634914497e-05,7.101593447480476e-05,0.002684422574823003,4.515238560648898e-05,0.0003433197833534546,0.0002467210564312246,0.004817582221390482,1.7153320046933754e-06,1.3600423754456056e-06,2.689333563722718e-06,0.0003110952803612887,4.321684190068993e-05,1.88784955804343e-06,1.9853443904805769e-07,5.759576140339786e-06,1.895205720779668e-05,0.010068212960208496,6.581118604935048e-06,6.165331168832382e-07,1.2632691692423096e-05
69,0.00018819732033661992,2.6706574620665825e-06,5.0073445922091265e-05,0.990441639980283,1.4023476587812678e-06,1.1195239782073392e-05,4.0698780741815534e-05,0.001409220921308072,4.494946588533476e-05,0.0002909775269124814,0.0003162386912868135,0.0015157784272236696,1.1660635717744035e-06,1.1886461952942551e-06,1.7992013469850433e-06,0.0001808519737374759,3.585030439795065e-05,1.7128858465446401e-06,2.0120667458195186e-07,4.779712417605018e-06,8.262134021806177e-06,0.00543262288608543,6.133658221503811e-06,3.3079822523549437e-07,1.2057724454881049e-05
70,0.00045169409223151706,6.16463820488804e-06,9.422604247442509e-05,0.9817742180369492,2.5367423386965214e-06,1.958052702722942e-05,7.818295128849269e-05,0.0024282743242145396,6.990920415882216e-05,0.0004645480295374106,0.0003236938304688757,0.00239944289308392,2.3304316975486455e-06,2.409640595749534e-06,2.978593081666656e-06,0.0003111607327723144,9.923016933726464e-05,2.993385941366965e-06,6.783363275810143e-07,5.533866477496622e-06,1.4953004579076436e-05,0.011407955908304934,1.0148770165765362e-05,1.166556384070126e-06,2.598929235696382e-05
