,0,1,2,3,4,5,6,7,8,9,10,11,12,13,14,15,16,17,18,19,20,21,22,23,24
0,0.00034241806258393775,1.656837408363083e-05,0.0001440057742945211,0.8130025857853878,3.0984637708461646e-05,0.0001378669045173308,3.0969462055389895e-05,0.00014530916133723422,0.019152511343002162,0.004604528992981842,0.00036595292881310386,1.440678000993875e-05,0.0012125385868369928,0.003302661114957955,6.281591010142432e-07,0.0019722029851236777,0.15309655999545912,0.0010086291922505478,3.4098846399656194e-08,2.156449672412303e-06,1.8376371288808436e-05,2.2330663045846212e-05,1.3745117959936066e-05,0.0013602279537384826,1.8011049434120775e-06
1,0.00043215907653508,1.811984253910594e-05,0.000154915242164168,0.8039231442537438,3.92274671120543e-05,0.00020579448969485276,4.092190551216399e-05,0.0001946788599845011,0.02757692474352035,0.007165154580092002,0.0003651883456146238,1.5843023477350266e-05,0.0014335844468464005,0.003078243640772868,7.283559599428636e-07,0.0037636714015482757,0.14882192013750292,0.0011061893192908796,6.117113604358559e-08,3.683009547139472e-06,2.057991669487092e-05,2.3081988308025602e-05,1.711277726819851e-05,0.0015970564668556378,2.01553827881715e-06
2,0.00045702861566709744,1.889092443220533e-05,0.0001857451310806125,0.803970681081186,4.476576868737143e-05,0.00022097880323767818,4.431365980837176e-05,0.0002166171691575994,0.028046359174098357,0.008460897215568412,0.0003740549933152405,1.6868683582405116e-05,0.0013141760599906412,0.004195243085975579,9.312595256330865e-07,0.0030718363268515824,0.1461416332573822,0.001276322923966083,7.185338868781155e-08,5.6127864989765805e-06,2.83117737765071e-05,3.584425338686856e-05,2.2996247515550998e-05,0.001846838696682821,2.980255237679095e-06
3,0.0003995367447039253,1.7653869952446088e-05,0.00015674729017302067,0.8049515654859714,3.528400891009754e-05,0.00019599620066520644,3.710847833800816e-05,0.0001747970283838539,0.02106602833701357,0.005966317279523047,0.0003714034355818483,1.7947861698589564e-05,0.001400645520887449,0.003523264366467153,6.90532290421096e-07,0.002855496014973351,0.15605978565056736,0.0012279614032243249,5.258687421873738e-08,3.5420370622398523e-06,2.3629297397813567e-05,2.4465919651771898e-05,1.8035386737649225e-05,0.0014699120118008995,2.1332511503433194e-06
4,0.00036283330405270496,1.8981208823934673e-05,0.00015365667886126024,0.805165778488554,3.782104777209631e-05,0.0001930704520748251,3.697529305980829e-05,0.00016507410660567036,0.019446263640942776,0.005362564550066678,0.00039937239987529244,2.0700462838020075e-05,0.0016512740053342878,0.003838846754111469,6.337130706361492e-07,0.0027730174229004608,0.1577710517133532,0.001254475027313936,5.2675494959155134e-08,3.3775886387462036e-06,2.3548949797905343e-05,2.37607670060674e-05,1.79310388987462e-05,0.0012768617033235602,2.077007228863933e-06
5,0.000378505693065855,1.2524055289211524e-05,0.0001392399338356801,0.8216426913086488,2.8526713759521797e-05,0.00015904196257541934,3.1736063097695284e-05,0.00015060684799225708,0.017617602073920206,0.005825959991395687,0.00031597043915151506,1.517071619254713e-05,0.00113906602246468,0.003336419607177984,5.392020542643557e-07,0.0025847145581380584,0.14359919860518305,0.0013964309644578453,3.8235907560404e-08,3.517974434065153e-06,2.0726723505275328e-05,2.0406784764831753e-05,1.638510954829522e-05,0.0015629793121051336,2.0011013346428647e-06
6,0.0003995367447039253,1.7653869952446088e-05,0.00015674729017302067,0.8049515654859714,3.528400891009754e-05,0.00019599620066520644,3.710847833800816e-05,0.0001747970283838539,0.02106602833701357,0.005966317279523047,0.0003714034355818483,1.7947861698589564e-05,0.001400645520887449,0.003523264366467153,6.90532290421096e-07,0.002855496014973351,0.15605978565056736,0.0012279614032243249,5.258687421873738e-08,3.5420370622398523e-06,2.3629297397813567e-05,2.4465919651771898e-05,1.8035386737649225e-05,0.0014699120118008995,2.1332511503433194e-06
7,0.0003513230772205637,1.5691749849587234e-05,0.000122206814883749,0.7917521580647778,3.433396101124032e-05,0.00021791896923278992,4.0868924280225526e-05,0.0001491776429620374,0.02570159504478789,0.007420070066115571,0.00032460112355950295,1.6931844372558294e-05,0.0010018912404653284,0.004435166868786919,7.806749868693814e-07,0.0031581843441305583,0.16213784747609233,0.0013465348128249696,4.413968894531063e-08,4.310379494567598e-06,2.45657507152283e-05,2.8671406427470597e-05,2.2965673039366644e-05,0.0016890221677048605,3.13778258889332e-06
8,0.00027726919528775983,7.34701099083647e-05,0.00012890584535659187,0.32555104433581183,2.7580069068607293e-05,0.0007422724285318299,6.0296502681506155e-05,0.0007095735355084748,0.0034001629330180916,0.001008664530409812,0.0003238242405057296,0.0006127735499528794,0.04324278586663943,0.0011045632935412462,9.03761375127524e-08,0.01081307018508534,0.6100446313566495,0.0018013023031140116,5.619790514909414e-07,2.5623814112840375e-06,3.9773690710356423e-05,1.2928663330900964e-05,6.83450963475723e-06,1.4854738434035043e-05,2.0338021869941557e-07
9,0.0004060538009834436,1.8658731666192988e-05,0.00015604414008936823,0.8009833049191718,3.633641208560706e-05,0.00020041295974943945,3.907079688138278e-05,0.00017813525466099997,0.021289760056222955,0.005930505009581441,0.00037855768560110943,1.9226754674833447e-05,0.0014685948722793906,0.0035736301192539374,6.965478147573774e-07,0.0029287175356511397,0.15963625242288298,0.0012676910001301882,5.482772283570298e-08,3.55398970682298e-06,2.429287628838161e-05,2.493983351818999e-05,1.8266487478716886e-05,0.0014150340565841108,2.2089093199225664e-06
10,0.0003995367447039253,1.7653869952446088e-05,0.00015674729017302067,0.8049515654859714,3.528400891009754e-05,0.00019599620066520644,3.710847833800816e-05,0.0001747970283838539,0.02106602833701357,0.005966317279523047,0.0003714034355818483,1.7947861698589564e-05,0.001400645520887449,0.003523264366467153,6.90532290421096e-07,0.002855496014973351,0.15605978565056736,0.0012279614032243249,5.258687421873738e-08,3.5420370622398523e-06,2.3629297397813567e-05,2.4465919651771898e-05,1.8035386737649225e-05,0.0014699120118008995,2.1332511503433194e-06
11,0.00038638804472734145,1.7806991345005928e-05,0.0001555624183708825,0.8047969879592617,3.511103480866689e-05,0.00019350235410775334,3.6760789166225674e-05,0.00017876314806862404,0.019990583999660038,0.005575988500955087,0.00037456547251118625,1.879978439076539e-05,0.0015295691417001244,0.00343275875661756,6.552266771285642e-07,0.0028735179679088944,0.1577667824245497,0.0012086788506096382,5.366474651818868e-08,3.4311760369437588e-06,2.3143445558770416e-05,2.3470855507268367e-05,1.7646690574419914e-05,0.0013574816402753998,1.9896618644829167e-06
12,0.0003956458802016391,1.2979729464634427e-05,0.00015910541118582515,0.8029470191736948,2.3601829628838853e-05,0.00015861812389226187,3.630564270511597e-05,0.00024012232376650108,0.019852062841813314,0.00618759199941689,0.00033672745898048094,1.2500154011115773e-05,0.0013500622103038938,0.0023066013333414245,7.309493771264806e-07,0.0029795680094578084,0.16055599458673164,0.0008705873119306271,5.530458952486883e-08,2.855430552774123e-06,1.9912472147417726e-05,2.722617705876648e-05,1.3745030938461533e-05,0.0015090269805373222,1.3536342716840716e-06
13,0.0003050008327063926,1.8636837471441857e-05,0.00015206707624196547,0.8221014918105318,3.81296070297096e-05,0.00016016574998444985,2.7754601571492045e-05,0.00012967746682008966,0.0156963976593507,0.0037336091297353684,0.0005812545149614046,1.9742564613849728e-05,0.0018438755160607198,0.0037706665473086535,6.666745789726922e-07,0.0022095656090351094,0.1469606459550247,0.0009420296852769896,4.5789706079336203e-08,2.258811769839827e-06,2.1058889243813724e-05,1.9731806850823592e-05,1.685678412884349e-05,0.0012472371559262875,1.4329240702017257e-06
14,0.0006573994018098368,7.880432212120817e-05,0.0002845026046446592,0.7753716541779954,0.00011724063242536947,0.0005407673750360335,6.377119869705867e-05,0.00018282921142978082,0.019630045512294737,0.006702979407384904,0.001113606041366914,7.319145987881332e-05,0.00503465740047374,0.006983695394883923,1.1174632774264175e-06,0.005602015579573926,0.17446108919220918,0.0018073733411363238,2.191953264738149e-07,4.666705101310995e-06,5.053385469228765e-05,3.0920073484954716e-05,2.263421014771671e-05,0.0011816578163369677,2.628428271020245e-06
15,0.0003995367447039253,1.7653869952446088e-05,0.00015674729017302067,0.8049515654859714,3.528400891009754e-05,0.00019599620066520644,3.710847833800816e-05,0.0001747970283838539,0.02106602833701357,0.005966317279523047,0.0003714034355818483,1.7947861698589564e-05,0.001400645520887449,0.003523264366467153,6.90532290421096e-07,0.002855496014973351,0.15605978565056736,0.0012279614032243249,5.258687421873738e-08,3.5420370622398523e-06,2.3629297397813567e-05,2.4465919651771898e-05,1.8035386737649225e-05,0.0014699120118008995,2.1332511503433194e-06
16,0.0004373480360375876,2.3478320699986076e-05,0.00023536736494508595,0.7912274767209553,4.188304361788433e-05,0.0002388226950944633,3.271138431660266e-05,0.00025060125546945064,0.030125041715909538,0.004455718968828856,0.00045312173658857455,1.3612000146873019e-05,0.001938644797205366,0.0024866588253828004,9.533787237273153e-07,0.0026850603731215826,0.16300248149431573,0.0006205983066038911,8.122564295639227e-08,3.0431261257874077e-06,1.6074901502401696e-05,2.4707737687946555e-05,1.74260309665158e-05,0.0016677762279642607,1.3103321466351812e-06
17,0.00034986308513544574,1.6071360898296273e-05,0.00016695820930173527,0.8313339340354337,3.611719128493635e-05,0.00023181112242201665,3.5803015041713205e-05,0.00015747704601582944,0.027561611961121536,0.0070753381026502,0.00038298342855263076,1.0165247320003988e-05,0.0010429786216797745,0.002714138977558399,1.0108691894917321e-06,0.0032160415868918387,0.12277787868464639,0.0007015428850422661,4.9133077684326814e-08,3.06542501724556e-06,1.9060241349734242e-05,2.1170645954236307e-05,1.5084739582356632e-05,0.0021282379723072736,1.6064125252181849e-06
18,0.00040322682348663177,1.7857285929704754e-05,0.00015571980106775167,0.8016624799141608,3.519771358605066e-05,0.0001967390546698398,3.755920592206389e-05,0.00017482698336815334,0.021242063268623167,0.006041672549484533,0.0003711728485094607,1.8336319263914746e-05,0.0014050441620001345,0.0035993420940266824,6.890079926332302e-07,0.0028575749017169133,0.15897601360137453,0.001261216147870299,5.277372443192634e-08,3.5884371919233033e-06,2.383749469567882e-05,2.5028195479905014e-05,1.8279184744115126e-05,0.0014702740050788433,2.208226031737396e-06
19,0.0004988154516078927,1.8307984791645657e-05,0.00014873643912997666,0.7661116284633062,3.154819146818337e-05,0.00026077315869950363,3.983891884659108e-05,0.00015665127540468053,0.02826248281685275,0.009040398189663122,0.00037228461942355153,1.5948775861097147e-05,0.0010895062618586798,0.004232296217966031,8.40269895091468e-07,0.0033457914785404827,0.18263618234417053,0.0014615978972318201,5.230283718996015e-08,4.579324942489506e-06,2.5628967323129826e-05,2.942491602901557e-05,2.3704622364017732e-05,0.0021897031524507685,3.277959335662883e-06
20,0.0003333207057435683,1.831893180448328e-05,0.00017308436300196377,0.8119661569788712,3.5479505262515885e-05,0.00019915386259568705,4.4181096349889685e-05,0.00022305441693990768,0.021006813517521258,0.006017881334013223,0.0003973001633760712,1.6204613871483535e-05,0.001332408797482745,0.0034122125819772433,1.1081411711006286e-06,0.00263363601380384,0.1497620997552393,0.0008784421427238847,6.203606075746539e-08,3.5478446744847538e-06,2.898376544203312e-05,3.5856027980893756e-05,1.9602698025643058e-05,0.0014589842245712127,2.106481495664016e-06
21,0.00042316680226908905,1.823702712647521e-05,0.00015670660671462567,0.812083643678925,3.8796127249693895e-05,0.00018846877159027937,3.614127161389522e-05,0.00016203578887891647,0.020922103226763078,0.006375977956997648,0.0003921021600257002,1.8967372302868906e-05,0.0013816801795001855,0.0037743406143237387,6.674160291296832e-07,0.002901602862956512,0.14816870970066587,0.0013480922304543602,5.263103992789153e-08,3.621858533597161e-06,2.5157932335250764e-05,2.3826293666606663e-05,1.8029783124319986e-05,0.001535597358403661,2.274348509439059e-06
22,0.0004988565688765332,0.00017224165742234842,0.0002481567427326922,0.7368769523451435,0.0002725038752678288,0.001047546157856647,0.0002741874359532505,0.00038720222786155293,0.10119936381597174,0.005864366085954838,0.0007445363730310693,4.6186644242702576e-05,0.004786635007550954,0.008671548953800387,4.546183399523272e-06,0.006248727237818343,0.13010101989719774,0.00095789754271406,3.290814931521404e-07,9.019631929331663e-06,4.365176106926343e-05,5.84634593763744e-05,8.094107757580075e-05,0.0013928866917365633,1.223354402385377e-05
23,0.0003995367447039253,1.7653869952446088e-05,0.00015674729017302067,0.8049515654859714,3.528400891009754e-05,0.00019599620066520644,3.710847833800816e-05,0.0001747970283838539,0.02106602833701357,0.005966317279523047,0.0003714034355818483,1.7947861698589564e-05,0.001400645520887449,0.003523264366467153,6.90532290421096e-07,0.002855496014973351,0.15605978565056736,0.0012279614032243249,5.258687421873738e-08,3.5420370622398523e-06,2.3629297397813567e-05,2.4465919651771898e-05,1.8035386737649225e-05,0.0014699120118008995,2.1332511503433194e-06
24,0.0017614624118464958,4.231572961149421e-05,0.0004663182240499819,0.5309940540414707,1.6456750408665734e-05,0.0006859398764553343,7.196363355502943e-05,0.00046155185708399653,0.06348742022853239,0.02613078513760907,0.0004967533416793261,1.2220757607211642e-05,0.0008561159634460805,0.002424330391447533,4.2797764796439034e-06,0.0027845671566165088,0.3612905571543281,0.0009716611488686158,2.4047166194378854e-07,8.06968228097329e-06,6.8858674834052e-05,0.0001407840282633178,2.8240254220655405e-05,0.006789710378012098,5.342929630752859e-06
25,0.00036149286179954664,1.2336082641509777e-05,0.0001454064824985223,0.8364097250717476,2.92928978164957e-05,0.0001305125126133179,3.3396634503130616e-05,0.00021265083446464684,0.01521875661876604,0.00468666363063678,0.00034461575114652323,1.4924747672323367e-05,0.0014911779689769197,0.002549439028254388,5.653986580800764e-07,0.0026554976412687574,0.13346958368490602,0.0010549435226832463,4.925256816071716e-08,2.89820114759481e-06,2.0879401219247903e-05,2.0153149037220548e-05,1.4734836373407087e-05,0.001118965219927268,1.3385686733888524e-06
26,0.00046693163628335794,1.5039230438698972e-05,0.000150306261675676,0.8153259911850894,3.119726045664463e-05,0.00017337908791042485,2.6008808926847208e-05,0.0001577808221889411,0.025866214719039653,0.004683190190189968,0.0003511467650971106,1.095878601004994e-05,0.0010364999359169758,0.002473940737579785,6.634015479163934e-07,0.002305088515861452,0.14380740094877406,0.0009002856715445768,4.010645659248582e-08,2.920079433755431e-06,1.71171529917388e-05,1.6753295030869307e-05,1.961587255895095e-05,0.002159767156893974,1.762372102318861e-06
27,0.00047588704530778506,1.4661153552257317e-05,0.00016022626391025668,0.832667914395404,2.764567897348333e-05,0.00013843049454656737,2.0258075313928554e-05,0.00013624250286545301,0.006891157161658517,0.002620642240218763,0.0003480277276907861,2.9045734421778753e-05,0.0021079439668282643,0.0023722841115479177,2.206305965385851e-07,0.002418106129309077,0.1468489350757594,0.002026139074341204,3.90846094931999e-08,1.9216617372405465e-06,2.1696784044104977e-05,7.834399839803085e-06,1.0257448848469014e-05,0.0006535913484383019,8.918102367079706e-07
28,0.0003995367447039253,1.7653869952446088e-05,0.00015674729017302067,0.8049515654859714,3.528400891009754e-05,0.00019599620066520644,3.710847833800816e-05,0.0001747970283838539,0.02106602833701357,0.005966317279523047,0.0003714034355818483,1.7947861698589564e-05,0.001400645520887449,0.003523264366467153,6.90532290421096e-07,0.002855496014973351,0.15605978565056736,0.0012279614032243249,5.258687421873738e-08,3.5420370622398523e-06,2.3629297397813567e-05,2.4465919651771898e-05,1.8035386737649225e-05,0.0014699120118008995,2.1332511503433194e-06
29,0.0003995367447039253,1.7653869952446088e-05,0.00015674729017302067,0.8049515654859714,3.528400891009754e-05,0.00019599620066520644,3.710847833800816e-05,0.0001747970283838539,0.02106602833701357,0.005966317279523047,0.0003714034355818483,1.7947861698589564e-05,0.001400645520887449,0.003523264366467153,6.90532290421096e-07,0.002855496014973351,0.15605978565056736,0.0012279614032243249,5.258687421873738e-08,3.5420370622398523e-06,2.3629297397813567e-05,2.4465919651771898e-05,1.8035386737649225e-05,0.0014699120118008995,2.1332511503433194e-06
30,0.0003995367447039253,1.7653869952446088e-05,0.00015674729017302067,0.8049515654859714,3.528400891009754e-05,0.00019599620066520644,3.710847833800816e-05,0.0001747970283838539,0.02106602833701357,0.005966317279523047,0.0003714034355818483,1.7947861698589564e-05,0.001400645520887449,0.003523264366467153,6.90532290421096e-07,0.002855496014973351,0.15605978565056736,0.0012279614032243249,5.258687421873738e-08,3.5420370622398523e-06,2.3629297397813567e-05,2.4465919651771898e-05,1.8035386737649225e-05,0.0014699120118008995,2.1332511503433194e-06
31,0.000562373539830591,1.762980136046259e-05,0.00020628942575044625,0.8046455686909691,3.316931687856275e-05,0.0001669055098565949,3.546988287510496e-05,0.0002655708838095811,0.016761066155790608,0.0050507573054467975,0.00032437943615093315,2.0379379674785005e-05,0.0017665773997571539,0.002670483684507797,5.547424077507725e-07,0.0026710467339994106,0.1620059308775498,0.0015176264291456155,6.785434687040837e-08,3.819506168468819e-06,2.5281808012079233e-05,2.2655768054801287e-05,1.664675600601068e-05,0.0012078943232656607,1.854788384953232e-06
32,0.00042355599346203263,1.925244988464386e-05,0.00016848819533522665,0.7985943963625717,3.806533402158225e-05,0.00021438318615127973,4.0473746507181154e-05,0.00019421516976931996,0.02159949483181446,0.0062032255762688015,0.0003938294566752128,1.9759201141460636e-05,0.0015268537532556181,0.0036639592550730517,7.676555657152377e-07,0.0030692832639660087,0.16102155699771326,0.0012629134329560157,6.362731600449134e-08,3.93989880710479e-06,2.5651064783233376e-05,2.729460688227327e-05,1.9484549621460965e-05,0.0014668284274569978,2.263963000068317e-06
33,0.0003492240468293364,1.5245937007688078e-05,0.00013061637539769002,0.7604438393220048,2.571105524242078e-05,0.00017215387423488764,3.643171889428073e-05,0.0001825660950864422,0.015988747075715255,0.005191806503321672,0.0003482616889778223,2.3804340022766133e-05,0.0019399034705312192,0.003622344212837376,4.5193939404485826e-07,0.0030598152422537006,0.20591792938294945,0.0014799368494661663,4.943548715548932e-08,3.19496119134095e-06,1.9378603910921518e-05,2.5261213768019295e-05,1.4710046250954358e-05,0.0010069488622464627,1.6677469781842912e-06
34,0.00022179270264742593,1.0269047698594783e-05,0.00011074202041300415,0.8207916825052616,2.2732592346980905e-05,0.00019502790830747707,3.3152458047233874e-05,0.00013840602636068812,0.014693077961555603,0.005442067085624782,0.0002297640995783597,1.4703576988033452e-05,0.0009811172284152681,0.0031012833115784907,5.116595194594916e-07,0.002987605175630384,0.1487701020542528,0.0011218210954644277,2.830381956349697e-08,3.2487368376582907e-06,2.0608070295812872e-05,1.8415097381768328e-05,1.436024444228441e-05,0.0010759052329437978,1.5758045886055122e-06
35,2.9215793777984465e-05,1.489258155121542e-05,0.0001904737958634846,0.9018433325826399,7.844185140108614e-05,0.0008875689014681076,2.956822657421496e-05,2.7985731988332456e-05,0.010525924752849483,0.0037283070882377298,0.0009354011649849069,9.798066840006232e-06,0.000819949701840224,0.014273724221276821,4.205393346383695e-06,0.0018480198244088491,0.06196907901870869,0.0002022739880268454,2.7960293721093644e-08,5.106259624667743e-06,4.266028902065328e-05,2.942391142310893e-05,4.9556339351765226e-05,0.002453108731860584,1.953822641315385e-06
36,0.0004508145794452279,1.9263688989192198e-05,0.00018591746589517467,0.8316815648775706,4.2981608623863026e-05,0.00019678631419205614,3.540706937962939e-05,0.00014958375964006603,0.02072840292048688,0.006435157087612068,0.0004271755154221359,1.686606794853109e-05,0.0012869901259514188,0.0037869212382794365,7.597172836040241e-07,0.0025477548939381667,0.12879662121080393,0.0012923666739414526,5.340445378880046e-08,3.722856341228256e-06,2.712922450239205e-05,2.2760164504752477e-05,1.833267744166452e-05,0.0018442867406415222,2.3801167111566706e-06
37,0.00046412834812157704,1.1618979044969968e-05,0.00015845409629335348,0.8338965712205838,2.7188792617298633e-05,0.00012801910715167964,2.5907544366766824e-05,0.00013579838454933103,0.015768144077569882,0.005223522695546334,0.00036258577197625426,1.3332622165451903e-05,0.0010865146132313624,0.002988889755047881,5.122835631013156e-07,0.002191065016290483,0.13411869823490455,0.001399801920038269,3.65594178887113e-08,2.922446299516663e-06,1.828611895475525e-05,1.7559195622721576e-05,1.4470404063713134e-05,0.001944248320888176,1.7234916909414132e-06
38,0.00038271184976307283,1.7244295285104588e-05,0.00015737617365442616,0.7941145429384018,3.180049515137332e-05,0.0002954523681700933,5.031704121234875e-05,0.00022926677151300436,0.017184564814840635,0.005823875933219191,0.0003794328802243932,2.063767557172215e-05,0.0017693111210894388,0.0029675589874313467,8.4853486181988e-07,0.004558046073880013,0.1695593048886135,0.0011654197379605987,7.610722370350058e-08,4.218754551155083e-06,2.7902871653516853e-05,2.3501064924699098e-05,2.0960828787778755e-05,0.0012138633829938852,1.764409021544409e-06
39,0.0006295240303555694,2.9805944949360442e-05,0.00024624237702132196,0.785176959180611,5.487661043496764e-05,0.00018092096152536976,2.189470780748724e-05,7.39055024247918e-05,0.03280376540168381,0.009139957776625574,0.0007375113462592982,1.9435595556846802e-05,0.0014973392597158303,0.006237271251482631,5.512350800439714e-07,0.0020639215243662963,0.155772336051651,0.0016126719780426315,4.3408260243960204e-08,2.9010725932641164e-06,1.5559916864589308e-05,2.3502874159231346e-05,1.0157421564172133e-05,0.003646914211931887,2.030359032837934e-06
40,0.000439252317472111,2.9233784845440448e-05,0.00025577866582838116,0.8023478650615891,6.033973418383399e-05,0.0002771132872609326,3.97221924828214e-05,0.0001650209027490928,0.021698822605651372,0.0064944479107381225,0.0005130201859357932,2.7257374839603567e-05,0.001699249302430236,0.005332029998164381,1.0161438464849225e-06,0.002719843369908698,0.15472650784601444,0.0014013921670496257,7.79289731115206e-08,4.611176418540905e-06,3.277863452011956e-05,3.4129628780746604e-05,2.0209000676496012e-05,0.0016774319810792624,2.8487985611343944e-06
41,0.002151731440561399,6.518636228691995e-06,0.0002955637211480752,0.43998015884473035,9.270245304290546e-06,0.00010124676270113234,0.00014917708417559717,0.00042504500963153405,0.002163975076022493,0.021860086356666943,0.0006917923155431871,0.00020728204149116802,0.001584210003419076,0.017446403467469236,1.2786842547926627e-06,0.002319421477697026,0.4615655367535782,0.045634614463065534,4.865074281618483e-07,4.470588503309354e-05,0.0002909741191864957,0.0008121831173276857,5.501760054347423e-05,0.0021731372086985193,3.0183178093747258e-05
42,0.0003911395983387558,1.6335242335739182e-05,0.00012231216457384274,0.8219737255221753,3.4592859561323936e-05,0.00018825322686024604,3.021597197571215e-05,8.947747731497647e-05,0.020723217700126827,0.005266466891656683,0.0003743310794985036,1.5348953477326125e-05,0.0011018761434952807,0.004150488352321806,5.011839251042173e-07,0.002442540372662137,0.1396744709946823,0.0015477543092540292,2.835165935805185e-08,2.8671631220882487e-06,1.732686037611413e-05,1.3984138999784627e-05,1.782201677784892e-05,0.0018023764177529827,2.5470070759354626e-06
43,0.0004094348121667312,1.582877936118575e-05,0.00015785883858607464,0.8028880431549876,3.6571324312268595e-05,0.00021291687673796037,4.039895239343931e-05,0.00019342563981953492,0.02829945000758844,0.0099486106908848,0.0003360989739740224,1.3853655373140928e-05,0.0011155667941685288,0.0038210834385715613,8.170093123802764e-07,0.003253459402397899,0.14610435367837268,0.001167292633076296,5.831903800973747e-08,5.085125371287221e-06,2.624132596487294e-05,3.296423059875868e-05,1.988821765291616e-05,0.00189811248437635,2.585634913136386e-06
44,0.0003995367447039253,1.7653869952446088e-05,0.00015674729017302067,0.8049515654859714,3.528400891009754e-05,0.00019599620066520644,3.710847833800816e-05,0.0001747970283838539,0.02106602833701357,0.005966317279523047,0.0003714034355818483,1.7947861698589564e-05,0.001400645520887449,0.003523264366467153,6.90532290421096e-07,0.002855496014973351,0.15605978565056736,0.0012279614032243249,5.258687421873738e-08,3.5420370622398523e-06,2.3629297397813567e-05,2.4465919651771898e-05,1.8035386737649225e-05,0.0014699120118008995,2.1332511503433194e-06
45,0.0003244319829689311,1.2674982836210443e-05,0.00015379085193018325,0.8308437082478838,2.855934335692444e-05,0.0002027899999615884,4.5343977063080734e-05,0.0002734344971290524,0.019586331747441205,0.005351339916627595,0.00030771769863614334,1.2016413931318985e-05,0.0013282957700388495,0.002148713737755638,9.602357631301404e-07,0.003742793542966837,0.1335221419713014,0.0007472260908476221,6.115205851514265e-08,3.3991857632288926e-06,2.0203467251093675e-05,2.2805702528735797e-05,1.6297410916277133e-05,0.0013036518383799846,1.3102346624720275e-06
46,0.000571234572053354,4.039751533416538e-05,0.000258455261138209,0.8180971533468636,0.00010699859197018532,0.00027085426118377833,7.05066809419713e-05,0.0001727715321758619,0.0365220036283706,0.011456068532349834,0.0006212465501368675,2.6641239390899364e-05,0.0017369512058911663,0.007549039584128482,1.3873648401669707e-06,0.0033376501144020193,0.1151485715877964,0.0017654374304985525,1.0940201194726524e-07,6.417256909131511e-06,4.206929061977155e-05,4.5238955476871806e-05,2.4721221699108655e-05,0.0021224338529025758,5.641020914617223e-06
47,8.000999499230664e-05,4.705089412806079e-06,8.062656811170507e-05,0.9277113219630986,2.437705776913245e-05,0.0001255459732523543,1.3585349602392272e-05,4.169277479720796e-05,0.009268452885565043,0.0022560824842489955,0.00025257555247093505,4.212058069060871e-06,0.0005368917793957504,0.0027140847140778345,3.9492285469674614e-07,0.001452820787161694,0.053759147184099645,0.0004027422058791037,8.340063921998509e-09,1.4763930796326383e-06,9.774446976431621e-06,4.876504146413913e-06,1.2522532264720397e-05,0.0012414007339272783,6.717046820566822e-07
48,0.0003687320391824346,1.6163080888025e-05,0.00016442589504664083,0.8412599419556084,4.602309846429567e-05,0.0001667843613954624,3.281741076524224e-05,0.00011680061927140245,0.02158871379040282,0.00787270325646116,0.00040702708609098603,1.601567371263687e-05,0.0010109242092304542,0.004968144304226983,7.320732097503638e-07,0.002432481458057845,0.11600879623402802,0.0014104849272866676,4.109590615114361e-08,4.040435324035732e-06,2.7097497195462107e-05,2.67838285124244e-05,1.8199841721114077e-05,0.0020332269140755682,2.8989139360620956e-06
49,0.0003884594659678987,1.8540207868192005e-05,0.00017107464043592753,0.7988765807653927,3.614046753502313e-05,0.0002120640463747463,3.7340945231638e-05,0.0001747611840920105,0.020395023570093537,0.006079720035064889,0.0003796971955495623,1.9805992878890705e-05,0.0014557539502038637,0.0037838788287241644,7.208541024879938e-07,0.002807669384160816,0.16234326192283657,0.0012712922667715537,5.5352346680112184e-08,3.825764078436353e-06,2.5216887474539614e-05,2.7011341884543895e-05,1.804116096505862e-05,0.0014718750218400223,2.18874812616493e-06
50,0.0004261015970581985,1.8188588329866293e-05,0.0001571658993531617,0.8011998694327033,3.6499898941008075e-05,0.00019453071442342775,4.196585162204461e-05,0.00018987931377364932,0.022814394480742156,0.006770928861409632,0.0003691524065224232,1.8090446812530996e-05,0.0014178213707491838,0.003657666434310936,7.308706117684013e-07,0.0030199809325651824,0.1567847631019084,0.0013025169468127444,5.7886353679577554e-08,3.856415033499126e-06,2.4675992180273846e-05,2.7449878107799565e-05,1.856193921302569e-05,0.0015027338355329575,2.4169049291591936e-06
51,0.001753525023303351,3.1426139568518025e-05,0.00038835265178711463,0.3908177437513108,5.839888850545949e-05,0.0023292536671907387,0.00029137492379080227,0.0006773059046552955,0.022670123204162312,0.03039059512987632,0.0005266763905550214,0.00016689772157896932,0.0029657296667236176,0.015466403249550608,3.9910498166005166e-06,0.022668634567683005,0.4898832439609922,0.015554350166988324,1.7308119592731189e-06,0.000190553396638229,0.00016827287119872364,0.0002988686009062981,0.00031280991640592575,0.002328811687307823,5.4926657544532375e-05
52,0.00041979173815630906,7.375157426887238e-05,0.00019456706802281357,0.7018165408622072,6.780399805290939e-05,0.00035329063445622576,9.082565128303992e-05,0.0004252735764081661,0.04515259405203218,0.004689321756018177,0.0004339918013071442,3.601568115510366e-05,0.0024859985327502854,0.0044884995031406905,1.9526758735749295e-06,0.0025477387612578544,0.23494978830411697,0.0007535580156302794,1.4856494728605322e-07,3.67843239605496e-06,5.046342317302058e-05,6.833726666140642e-05,3.8424063885590825e-05,0.0008525488506187382,5.095212179979494e-06
53,0.00027761709747426555,1.3517628878720715e-05,9.494877887621121e-05,0.8117976391261368,3.022429669767969e-05,0.0002053784732585085,6.977472934790816e-05,0.00020601050858088044,0.025982415216261878,0.006224190478027537,0.00028402654079291646,1.3859857577632517e-05,0.0012473878951772155,0.0033916154967454154,8.736714535212985e-07,0.003914066644463952,0.14381700915245701,0.0011115014062421558,4.549472692956028e-08,4.1142292031917705e-06,2.0093168016440173e-05,2.5013107367588588e-05,2.3639464721931864e-05,0.0012422258667823597,2.8116707312889203e-06
54,0.0004240338744151954,2.008964059614799e-05,0.0001529738427485122,0.7937963191138241,3.778873625849407e-05,0.00020719141649894738,4.2043176780772736e-05,0.0001801501941924115,0.023443956684889678,0.006517136261148345,0.00037497781407937636,1.971045433587815e-05,0.001445757438011647,0.0038004589289685623,7.285503191947617e-07,0.0030812503711465963,0.16358513386133988,0.0013269994314040713,5.6556939139671596e-08,3.681970029057726e-06,2.471677725841125e-05,2.664411820615552e-05,1.883953794808373e-05,0.001466857654810957,2.5035938506755824e-06
55,0.00021737576549646023,5.305826222381333e-06,0.000179066832768791,0.8465227276088818,1.6536186523142837e-05,0.00020013548012021455,2.0324122710493592e-05,0.00019739135065347183,0.012584731860589927,0.006730076519117533,0.00030098103388270315,4.7042838070489105e-06,0.0008379984361995545,0.002619341778157925,8.554533689707665e-07,0.0023701339533694953,0.12469530493648114,0.0004573581338597253,4.4167976135991875e-08,4.336510974156874e-06,1.8710799839822533e-05,2.88459464070481e-05,2.0221164135764162e-05,0.001966638274362604,8.535740937598762e-07
56,0.0003947973163885422,1.870773298245326e-05,0.00016031205188182207,0.8046892912686823,3.701199747031775e-05,0.00019414230106013208,3.741310285231582e-05,0.00017600182947353338,0.020600426007611555,0.005689498091873401,0.00038746975725115234,1.9452887276586767e-05,0.0015562366094078726,0.00359273520895781,6.687949959886273e-07,0.002832977622140723,0.15690490507775015,0.0012486347529303058,5.461054695657192e-08,3.48708582520562e-06,2.3432264313511638e-05,2.41890582740693e-05,1.7610024165101685e-05,0.0013884563461013487,2.0881997868423586e-06
57,0.0005118811020963288,2.8279018150284052e-05,0.00023991623536569328,0.7530322005167677,5.115807181928492e-05,0.00026567689456262337,5.096614500631315e-05,0.0003055842214152887,0.021394996168284403,0.006823582539684766,0.0004729374518700328,3.8779378200842574e-05,0.0024119117517741096,0.004255789585106845,9.464440981514449e-07,0.0037741760190279005,0.20349331424382044,0.0015472027674913096,1.3614899497207385e-07,5.6745462420893995e-06,3.970842033216534e-05,4.7781204622307754e-05,2.2173387691417973e-05,0.0011826198456115372,2.6078919633102455e-06
58,0.0004085318246029311,1.7013608084230618e-05,0.00016331151660725016,0.8107576576883481,3.483679120048532e-05,0.00019146226111029725,3.5303236368618354e-05,0.00016625800103571152,0.021233052183011115,0.006072809658830918,0.00038801428885587287,1.6507697647925842e-05,0.0013268896766777233,0.003425116873269222,7.264183518811491e-07,0.002786518372175424,0.15002371982025148,0.001176127258990889,5.096160593989736e-08,3.4848567374196933e-06,2.2708337917806238e-05,2.4039771264289005e-05,1.7519511799112313e-05,0.001706272256626979,2.0671286283290543e-06
59,0.0003990790152335925,1.6148458389747572e-05,0.00016879399039601044,0.814201294742614,3.414681841416372e-05,0.00018782576899316903,3.352012077319087e-05,0.00016081150548596988,0.021546973287405836,0.006270887867495056,0.00037861926693511297,1.5096067476169184e-05,0.0012071695168601364,0.003436529989775782,7.474230446814846e-07,0.002638617857406346,0.14623472526153358,0.001137501740421929,4.812030341556099e-08,3.569804916900559e-06,2.2269066852275272e-05,2.4300311900543253e-05,1.735607173120736e-05,0.0018618995889757406,2.0683366655331057e-06
60,0.0003995367447039253,1.7653869952446088e-05,0.00015674729017302067,0.8049515654859714,3.528400891009754e-05,0.00019599620066520644,3.710847833800816e-05,0.0001747970283838539,0.02106602833701357,0.005966317279523047,0.0003714034355818483,1.7947861698589564e-05,0.001400645520887449,0.003523264366467153,6.90532290421096e-07,0.002855496014973351,0.15605978565056736,0.0012279614032243249,5.258687421873738e-08,3.5420370622398523e-06,2.3629297397813567e-05,2.4465919651771898e-05,1.8035386737649225e-05,0.0014699120118008995,2.1332511503433194e-06
61,0.0004101876883608794,1.596896021173205e-05,0.00017567048357441887,0.8141515951075708,3.3100110907388645e-05,0.00018892753881413386,3.2191324851630375e-05,0.0001667808055318512,0.01983184937060883,0.006001467270738734,0.00037205260886532,1.5639319764901942e-05,0.0012434808276139675,0.0032926517844377714,7.131675296336018e-07,0.0026162245391985594,0.14847806490955864,0.0011588283598312882,4.941809339433634e-08,3.5079052917260573e-06,2.277488037597257e-05,2.3614931924335283e-05,1.6739405787538943e-05,0.0017459988569147478,1.920423641893888e-06
62,0.0003995367447039253,1.7653869952446088e-05,0.00015674729017302067,0.8049515654859714,3.528400891009754e-05,0.00019599620066520644,3.710847833800816e-05,0.0001747970283838539,0.02106602833701357,0.005966317279523047,0.0003714034355818483,1.7947861698589564e-05,0.001400645520887449,0.003523264366467153,6.90532290421096e-07,0.002855496014973351,0.15605978565056736,0.0012279614032243249,5.258687421873738e-08,3.5420370622398523e-06,2.3629297397813567e-05,2.4465919651771898e-05,1.8035386737649225e-05,0.0014699120118008995,2.1332511503433194e-06
63,0.00041315964406709747,1.8986527567373276e-05,0.00016017075341545042,0.8020032641978566,3.6728887700861384e-05,0.00019882645380243526,3.783136362335475e-05,0.00017561679466819151,0.0218126846211518,0.006040234566055823,0.00038298965601515455,1.859078821878591e-05,0.0014360903292826809,0.0035856605221595483,7.077601143154279e-07,0.002846326618898192,0.15803508495073532,0.001237857466722373,5.421840192833004e-08,3.5063494510280437e-06,2.4125178818599963e-05,2.5067541561416875e-05,1.804123022509468e-05,0.0014861905492118313,2.20303027491109e-06
64,0.0004050315353488757,1.9036142559247148e-05,0.00016653946835552166,0.8171763385229599,3.862906488805439e-05,0.0001982828134194677,3.8289476956868835e-05,0.00018162807178237784,0.02033234336537933,0.005966588768710999,0.0003796970122378271,1.8411268576869817e-05,0.0013600803413065833,0.0034262978015258245,7.549139798436315e-07,0.0027398401908023404,0.14483302829748831,0.0011918239613887716,5.5556588270804976e-08,3.5988247308948326e-06,2.822958850314022e-05,2.476398073693698e-05,1.8617220817055746e-05,0.0014499018567871364,2.191954169607896e-06
65,0.0007174075185055367,2.0912488581000062e-05,0.0001264247510323276,0.7411456193339294,4.3890758669179435e-05,0.00014549518477767468,4.656791541551109e-05,0.00016246845621428602,0.033188849910526626,0.01007092353964643,0.0004091704562884261,2.9923441270907328e-05,0.001772777863047928,0.005261902313097328,4.098107895563976e-07,0.0038864703152248505,0.1980309630974894,0.003119135949036857,6.057638605691217e-08,4.861194992950488e-06,2.0777298884802874e-05,3.153229949172929e-05,1.800104597048678e-05,0.0017413116497825786,4.142830948299318e-06
66,0.00024748215725587297,1.2939073520749668e-05,0.00015528166024123143,0.8641856864035067,4.543912809973409e-05,0.0001179575447734525,1.7831042858041337e-05,7.61988927985382e-05,0.011451887540938208,0.006791164664518928,0.00042005666902043153,2.0639902604485392e-05,0.00124306788588438,0.0045270389072941015,3.418450916873862e-07,0.00253443023261185,0.10556124145390575,0.0013295819217088794,2.979828266065725e-08,2.454668618061439e-06,2.444101899691478e-05,1.69705284983851e-05,8.791144083829805e-06,0.0012077908009632378,1.2551139239648117e-06
67,0.0006652744306017358,2.2950103229639093e-05,0.00018710685421583257,0.8459576889958139,5.4408724422514426e-05,8.894291413781197e-05,4.209500212301183e-05,0.0003580154257161551,0.03294858252079754,0.005408591897004307,0.00034767761870185354,1.298632555087865e-05,0.0016569382352612013,0.0014887581396225854,6.527592792183388e-07,0.0030938150638670538,0.10579547533276083,0.0007802625181134295,7.806819298519208e-08,1.6790291105898548e-06,1.706213734316107e-05,1.9156665962610047e-05,8.596654162143127e-06,0.0010420189025501533,1.1856814588256138e-06
68,0.0005362846211162098,2.8817545765213555e-05,0.00018730206868446963,0.7978376745736072,6.412238340269153e-05,0.00021350856439870405,4.1479252913948845e-05,0.00021642623003719134,0.0458457170712264,0.010708658103839658,0.0004984057249443129,1.1279324087677383e-05,0.0008783130472518192,0.003900289151633159,1.925899720625761e-06,0.003077705956131823,0.13217613572916728,0.0006504837817026899,8.133979635483798e-08,3.5239976370761803e-06,2.7449711506498583e-05,5.03446058645473e-05,2.2023718259288244e-05,0.0030188659995826293,3.1815977225763116e-06
69,0.0003987755460780044,1.762793641960006e-05,0.0001561013308337042,0.8054697046885354,3.528746473946286e-05,0.0001948716598532431,3.705589334595007e-05,0.00017420778695967663,0.021141546354847825,0.005961183314343025,0.00037005513000605686,1.781597481314999e-05,0.0013920610216397737,0.0035083422794689417,6.893807010171345e-07,0.0028520972891703284,0.15550855351542187,0.0012224434006502347,5.213574746185291e-08,3.5103178386581435e-06,2.3477809474583936e-05,2.4325294375887217e-05,1.7928673343282033e-05,0.0014701563680500087,2.12943334279408e-06
70,0.000658031406128273,2.7638227361804468e-05,0.0002114429663312701,0.7831932822021185,4.418468573749524e-05,0.00019807759056948913,4.735848817724294e-05,0.00023489999041042848,0.024535467855149887,0.007162639180713161,0.0005108022375023894,2.3281585555708257e-05,0.0016783521465721146,0.003828047028146635,1.0060387469977266e-06,0.002743060816876841,0.17161031365326485,0.001449200611374643,8.968039004897299e-08,3.7865563662287736e-06,3.377349725220233e-05,3.795396285569007e-05,2.0291674321353763e-05,0.0017440195861277343,2.9983319489605557e-06
71,0.0003392507685669148,1.644642842773264e-05,0.00018367570518249617,0.8004901684191379,3.0400793814471767e-05,0.00022738950359471198,3.4746975992403936e-05,0.00015963161321688328,0.01836236406553867,0.005587272560057955,0.0003725552730587289,1.6659569999550656e-05,0.0013449076595689058,0.0037329138964355166,7.495154030728058e-07,0.0023473723610104636,0.16402809585437383,0.0011103419208944236,5.0134053734793853e-08,3.689744885732938e-06,2.4425245258804664e-05,2.6870083779267085e-05,1.809239477631276e-05,0.0015399064336129838,2.0230793587034368e-06
