,0,1,2,3,4,5,6,7,8,9,10,11,12,13,14,15,16,17,18,19,20,21,22,23,24
0,0.00025864349100202503,1.6788398644977244e-05,0.0001703510034101966,0.8764947681134273,6.670106418961385e-05,8.019315966096072e-05,2.083080476727311e-05,5.0854974521335175e-05,0.024339299936589034,0.007504629998311355,0.0005752484901154404,1.0298785574739705e-05,0.0005789158534171996,0.007861919226158308,8.75356061760045e-07,0.0010060985541054002,0.07673076202839728,0.0010074768878323831,1.8322463614110225e-08,2.0963511668416984e-06,2.203132047109225e-05,3.301625671931754e-05,1.2864669287759877e-05,0.0031517449363266566,3.5720173780491694e-06
1,0.00031825020250980874,1.7843608883367796e-05,0.0001827285868154544,0.8635502167729773,8.223767727105846e-05,0.00011897917824873482,2.7116834923422025e-05,6.677418156974834e-05,0.03445696560609353,0.011785575394678853,0.0005585473278523051,1.099929306070666e-05,0.0006604941959041761,0.007350200037289623,1.003657647487881e-06,0.001868187806595317,0.07405929626133265,0.0010942109447684874,3.1964733356605364e-08,3.576881286531116e-06,2.4761144487395036e-05,3.4348330138027434e-05,1.5868655677067658e-05,0.003707768740551378,4.0167147043335565e-06
2,0.00033314823668029967,1.8407512690679544e-05,0.0002227568754785209,0.8600334191655064,9.323135991214772e-05,0.00012791865045237377,2.9259772238096673e-05,7.410593609698788e-05,0.03446933155575333,0.014022581919791475,0.0005754134956789567,1.1562357744576464e-05,0.0006005580998087467,0.010026699889562698,1.3090096272250308e-06,0.0015158222409309987,0.07214756823065863,0.001246083640466464,3.766806081606827e-08,5.472558511336307e-06,3.4213563654789746e-05,5.4201156133008376e-05,2.110682045261247e-05,0.004329920237665909,5.870046442768541e-06
3,0.00029540141371130674,1.73804586053414e-05,0.0001888234940834781,0.8692286086188961,7.424421530199433e-05,0.00011434803365306949,2.4821955254106402e-05,6.071312753520812e-05,0.026235607883819793,0.009951015634888039,0.0005762767978257258,1.2473050923725432e-05,0.0006493344379806448,0.008474935100946119,9.75582619313076e-07,0.0014277223974683538,0.07789834916266868,0.0012159171847288513,2.7910240416590388e-08,3.4926487682707957e-06,2.8740911632315043e-05,3.723171321527044e-05,1.6752965250443907e-05,0.00346256166014557,4.243639838022831e-06
4,0.00026976321919872293,1.881338673696443e-05,0.00018277565417566498,0.8703625341186982,7.970495818433404e-05,0.00011247148233438307,2.4677642555801838e-05,5.7287405492494836e-05,0.024507286919069275,0.008844727048198492,0.0006208942900467709,1.4472890955183372e-05,0.0007685924713634431,0.009200691345172991,8.898964871754618e-07,0.0013897027470604279,0.07921071646129363,0.0012451959554834386,2.7790449656117432e-08,3.3052504037520726e-06,2.832111858392195e-05,3.570626109040789e-05,1.6751227085893888e-05,0.0030005544166761826,4.136043202874531e-06
5,0.0002764520745970501,1.2302814316988686e-05,0.00016380579830515489,0.8810629138937441,5.94980138898285e-05,9.217670334521998e-05,2.0919728812481147e-05,5.132208603368991e-05,0.021977863930222913,0.009532131801570073,0.0004848318052513345,1.0468881498225332e-05,0.0005226226549821894,0.00795201022129807,7.481632731963155e-07,0.0012789767544169328,0.0714152186876445,0.0013671779055209224,1.9823709357175774e-08,3.3999696913527286e-06,2.477643070175409e-05,3.0279787666033657e-05,1.5180852443166026e-05,0.003640943487109399,3.957729955955277e-06
6,0.00029540141371130674,1.73804586053414e-05,0.0001888234940834781,0.8692286086188961,7.424421530199433e-05,0.00011434803365306949,2.4821955254106402e-05,6.071312753520812e-05,0.026235607883819793,0.009951015634888039,0.0005762767978257258,1.2473050923725432e-05,0.0006493344379806448,0.008474935100946119,9.75582619313076e-07,0.0014277223974683538,0.07789834916266868,0.0012159171847288513,2.7910240416590388e-08,3.4926487682707957e-06,2.8740911632315043e-05,3.723171321527044e-05,1.6752965250443907e-05,0.00346256166014557,4.243639838022831e-06
7,0.00026337604053222185,1.5377148117067553e-05,0.000145516233958457,0.8556185317287133,7.214785177978722e-05,0.00012601599513746185,2.780568036018546e-05,5.299441307295393e-05,0.031900216082042576,0.01233327819143505,0.0004956702106849608,1.1941871863375934e-05,0.00047340115393638467,0.01052327036912372,1.0671124855916076e-06,0.0016007872939737898,0.08100620965206796,0.0013643686965759115,2.3761511140697547e-08,4.278950749125976e-06,2.998199425919423e-05,4.310618325241033e-05,2.1282725286017612e-05,0.003863113841638184,6.236817443071949e-06
8,0.00031219528185102134,9.689835432625468e-05,0.00020231654811150808,0.5470391992958467,9.650579212140628e-05,0.0004975376917517123,5.932827972686395e-05,0.0003676191524439164,0.007043437919791746,0.0023303536127393678,0.0007279707541440056,0.0006023266391943523,0.02794223494915932,0.0039234564440204355,1.7428436606983332e-07,0.007698013008931957,0.39801517097624767,0.0028867418351777004,3.8726846718311264e-07,3.7319631355124734e-06,6.46625568966485e-05,2.678536979901364e-05,1.0093485148575267e-05,5.219235797431211e-05,6.661786268639452e-07
9,0.00030065793364069705,1.8450144635079857e-05,0.0001877405513533323,0.8666821713311826,7.665275714972952e-05,0.00011714943637989275,2.609664698093083e-05,6.175339294733888e-05,0.02666599688663358,0.009878745595695687,0.0005891654208911633,1.3383424113851579e-05,0.0006811477926130184,0.008615227342774378,9.858502068540959e-07,0.001464922436219152,0.07992676268192277,0.0012550909552084453,2.9029681524234948e-08,3.497510334995191e-06,2.9491820152978998e-05,3.788445416049035e-05,1.7026788124915718e-05,0.0033455645087327613,4.405308263731734e-06
10,0.00029540141371130674,1.73804586053414e-05,0.0001888234940834781,0.8692286086188961,7.424421530199433e-05,0.00011434803365306949,2.4821955254106402e-05,6.071312753520812e-05,0.026235607883819793,0.009951015634888039,0.0005762767978257258,1.2473050923725432e-05,0.0006493344379806448,0.008474935100946119,9.75582619313076e-07,0.0014277223974683538,0.07789834916266868,0.0012159171847288513,2.7910240416590388e-08,3.4926487682707957e-06,2.8740911632315043e-05,3.723171321527044e-05,1.6752965250443907e-05,0.00346256166014557,4.243639838022831e-06
11,0.00028653719904916025,1.7625651220997092e-05,0.00018628069806974888,0.870332837961034,7.404846391870691e-05,0.0001129462233026401,2.455111317075683e-05,6.198228384196068e-05,0.025097808679897967,0.009252891754398418,0.0005825579205640193,1.3111321514768837e-05,0.0007103564219513074,0.008258097196798032,9.241428660465394e-07,0.0014382616209033781,0.07906311198262607,0.0011982141965457126,2.8372964149649255e-08,3.369221237970703e-06,2.799867440222068e-05,3.550225905673205e-05,1.6462642256646767e-05,0.0032005266602559207,3.9673381527524935e-06
12,0.0002889681195230624,1.277339830070057e-05,0.0001928866540097235,0.8711292696738268,4.959452166929936e-05,9.361354082271291e-05,2.416968480635029e-05,8.235093066319569e-05,0.024655747616722536,0.010366541569993386,0.0005255425377733347,8.632096676033992e-06,0.0006208093992041181,0.005610503862140747,1.0467482197812722e-06,0.0014827390469022205,0.0803097741350815,0.0008557084011884687,2.9014681153449114e-08,2.8198926721049135e-06,2.4353655021601167e-05,4.159535314120194e-05,1.2827466935225868e-05,0.0036050050494162208,2.6976306083501578e-06
13,0.00022468401651941583,1.8024406674398206e-05,0.0001775355426661856,0.8847023230243489,7.844482091166587e-05,9.275009121066053e-05,1.8666990000266333e-05,4.5480757744933706e-05,0.01937725486884499,0.006065657124008005,0.0008903968875743964,1.3783787799540651e-05,0.0008635654384184084,0.008861111045111966,9.174120410936242e-07,0.001112822764437569,0.07358533763767464,0.0009400321054174067,2.3987799021426888e-08,2.2173770473484325e-06,2.5098019389886295e-05,2.9194798497128517e-05,1.5638045874814264e-05,0.00285624761785476,2.7914321327867896e-06
14,0.0004871298192360351,7.162158076788333e-05,0.0002936172864842234,0.8534809169318218,0.00024576455548614443,0.00027031312393077607,4.1380741071953444e-05,6.268341719371048e-05,0.026332392710024476,0.01025097588815553,0.0015891346220524836,4.782958540498796e-05,0.0022210035353661447,0.015577366150278157,1.3716790903663958e-06,0.002708978745347091,0.0816918006450581,0.0018326331552756656,1.0190006966523424e-07,4.322608112099562e-06,5.4882485091475595e-05,4.025955032865515e-05,2.1405343689112708e-05,0.002666759027315437,5.354913348082246e-06
15,0.00029540141371130674,1.73804586053414e-05,0.0001888234940834781,0.8692286086188961,7.424421530199433e-05,0.00011434803365306949,2.4821955254106402e-05,6.071312753520812e-05,0.026235607883819793,0.009951015634888039,0.0005762767978257258,1.2473050923725432e-05,0.0006493344379806448,0.008474935100946119,9.75582619313076e-07,0.0014277223974683538,0.07789834916266868,0.0012159171847288513,2.7910240416590388e-08,3.4926487682707957e-06,2.8740911632315043e-05,3.723171321527044e-05,1.6752965250443907e-05,0.00346256166014557,4.243639838022831e-06
16,0.00033163662837143204,2.3413009415026594e-05,0.00027068628860264766,0.8573954408097394,8.922516833484793e-05,0.00013536221095908937,2.1888758629502023e-05,8.779156751297781e-05,0.03887292986224424,0.007178585852158322,0.0007049267064751932,9.750385252630036e-06,0.0009169942773560471,0.005913929995582203,1.299810454116305e-06,0.001353102754179376,0.08212995116600695,0.000631949402670565,4.2506634166572484e-08,2.9547713426875346e-06,1.8919772805878484e-05,3.627969107023906e-05,1.6443846406795087e-05,0.0038538616102746373,2.6331475210839725e-06
17,0.00025409993552354,1.537233583777023e-05,0.00019823456234278788,0.8797556022642062,7.417010589313854e-05,0.000132307264940405,2.3718895086902274e-05,5.4332795381886806e-05,0.03320574074120038,0.0116290554972137,0.0005798956939657956,6.955591403661869e-06,0.0004774784252282464,0.006386574079740091,1.3930898125445854e-06,0.001583722466312354,0.059992662860959445,0.0006879046775793475,2.585491356711154e-08,2.9980366835960208e-06,2.2947679824678138e-05,3.1839569779385875e-05,1.3689133367265354e-05,0.004866155208017263,3.1232347861417164e-06
18,0.0002986847681768614,1.760348720420676e-05,0.0001878272839834939,0.8670155517850376,7.41692133350878e-05,0.00011493001332025428,2.5171816628138216e-05,6.085844839500347e-05,0.026491331847522396,0.010089362728886,0.0005767026465776848,1.2766231087630816e-05,0.0006527253368226495,0.008666794058484948,9.744124065484348e-07,0.0014315137259885641,0.0794731985699824,0.0012512455507650748,2.8063434158179777e-08,3.5443756310455332e-06,2.9035068919625807e-05,3.8133702254739287e-05,1.700372438838791e-05,0.003466445317315035,4.397823452383441e-06
19,0.00037695565221670816,1.859016764372843e-05,0.0001793033970872174,0.8362966950699506,6.826963579039262e-05,0.00015346146732624156,2.707371471051161e-05,5.5319872107211646e-05,0.03586842542118855,0.014951954152450236,0.0005909646463398,1.143650315602177e-05,0.0005234467886977125,0.010205043778594445,1.1901086579410324e-06,0.0017163513622300165,0.09223942916556396,0.001467460793168728,2.830594996492443e-08,4.507984105374207e-06,3.1247068170842026e-05,4.428119680022828e-05,2.2305406650852742e-05,0.005139726665923201,6.531675519546535e-06
20,0.00024386396494774552,1.7992813889960754e-05,0.00020871958366673393,0.8735507448938751,7.443134156020687e-05,0.00011620776107683387,2.9182436045558218e-05,7.615455770114793e-05,0.02606985041833362,0.010038281145316626,0.0006155362656661617,1.1136463028556265e-05,0.0006093166427463954,0.008232779474308451,1.570514291725387e-06,0.0013031224496157325,0.0743630947597824,0.0008597222164984146,3.252500247835729e-08,3.4732270045313605e-06,3.514514600849406e-05,5.4445334835385104e-05,1.8130470670397616e-05,0.0034628805455197147,4.18504860770602e-06
21,0.00031200233178096937,1.7865734897259803e-05,0.00018686915774149943,0.8723124871595763,8.115140135041456e-05,0.00010920469798167256,2.409527866091e-05,5.616553879464625e-05,0.02596855038845424,0.010539393748928549,0.0006038753527197016,1.3152669314991345e-05,0.0006394328219276559,0.00900218200288361,9.324869052546411e-07,0.001446381930827454,0.07368391905866924,0.0013320188011508277,2.77992482674351e-08,3.5492882584891446e-06,3.035595368707301e-05,3.590899608871677e-05,1.667379775876597e-05,0.0035793052332592635,4.498369134099658e-06
22,0.00036110690645590007,0.00015535555488722312,0.00023806721491992627,0.7720727801546363,0.0005273331002486067,0.00053688699952545,0.00017560431455024853,0.00013149699896447192,0.12648999977120465,0.008407513849153008,0.0009967046929186545,3.1150791312706135e-05,0.002155075940839729,0.0180152495841091,5.015123264547799e-06,0.0030715071466706576,0.0626953402268608,0.0009591088555945411,1.531433877446629e-07,7.897460150366304e-06,4.648415744545042e-05,7.064391971965847e-05,7.336016665493622e-05,0.0027530844933070205,2.3079433218469433e-05
23,0.00029540141371130674,1.73804586053414e-05,0.0001888234940834781,0.8692286086188961,7.424421530199433e-05,0.00011434803365306949,2.4821955254106402e-05,6.071312753520812e-05,0.026235607883819793,0.009951015634888039,0.0005762767978257258,1.2473050923725432e-05,0.0006493344379806448,0.008474935100946119,9.75582619313076e-07,0.0014277223974683538,0.07789834916266868,0.0012159171847288513,2.7910240416590388e-08,3.4926487682707957e-06,2.8740911632315043e-05,3.723171321527044e-05,1.6752965250443907e-05,0.00346256166014557,4.243639838022831e-06
24,0.0016472481317775015,4.448827006400222e-05,0.0006757193632886528,0.6481403415787873,4.337252037178806e-05,0.0003575552438012493,5.633953140901177e-05,0.0001996894237809314,0.08244256727838696,0.05061860275253392,0.0008456399146491675,1.021184170973449e-05,0.0004378722508344626,0.006142040755275668,6.509869530929501e-06,0.0015805773858696126,0.18751211644155577,0.0012563233809091369,1.4282799912462365e-07,9.225283370497994e-06,9.923715218696943e-05,0.0002636382247642043,2.6382185455359094e-05,0.017572136990061243,1.2021401626748002e-05
25,0.0002648098406919911,1.2155749129525244e-05,0.00017125003636996822,0.8939621629313256,6.121518204580161e-05,7.549963636857962e-05,2.1927708822103977e-05,7.228237186809866e-05,0.019046607659692388,0.0076514262794203855,0.0005313978832756025,1.0299491289630884e-05,0.000682846152163194,0.006078646387170737,7.894004748850878e-07,0.0013106558202656258,0.06632203663492613,0.0010304550208873446,2.555563553654692e-08,2.7956855319044655e-06,2.481804903408291e-05,2.9971930143952167e-05,1.3641139848364451e-05,0.0026196354492539803,2.648004364651993e-06
26,0.0003489511536057372,1.4641804230437451e-05,0.0001760557651624632,0.8741209632845208,6.501371361775375e-05,9.933548738305766e-05,1.7662417971338666e-05,5.6021899372696134e-05,0.03196142695976508,0.007674554042916344,0.0005332756091245289,7.743982166552801e-06,0.0004901851101577662,0.005809246277167566,8.970792845778045e-07,0.0011671975949201063,0.07161140097916274,0.0009119299425508961,2.1482035471843764e-08,2.8797998763218974e-06,2.061021205830712e-05,2.491829779902838e-05,1.8093346608009463e-05,0.004863501786973596,3.471971568783576e-06
27,0.0003541527671845626,1.4619848729924264e-05,0.00018538776088239156,0.9006334772644683,5.858397075986404e-05,7.997295234603233e-05,1.3596497687242045e-05,4.715234843889318e-05,0.008990435239352288,0.004340928019188442,0.0005219418340735906,2.0012429105150136e-05,0.0009727332192996824,0.005650474457096694,2.9820268461781885e-07,0.0012108189395153182,0.07332213453071215,0.002011856141872519,2.0324662794276694e-08,1.8668379114305048e-06,2.584385448801046e-05,1.1481237873720644e-05,9.651630074441209e-06,0.0015207358761043473,1.8238154878202794e-06
28,0.00029540141371130674,1.73804586053414e-05,0.0001888234940834781,0.8692286086188961,7.424421530199433e-05,0.00011434803365306949,2.4821955254106402e-05,6.071312753520812e-05,0.026235607883819793,0.009951015634888039,0.0005762767978257258,1.2473050923725432e-05,0.0006493344379806448,0.008474935100946119,9.75582619313076e-07,0.0014277223974683538,0.07789834916266868,0.0012159171847288513,2.7910240416590388e-08,3.4926487682707957e-06,2.8740911632315043e-05,3.723171321527044e-05,1.6752965250443907e-05,0.00346256166014557,4.243639838022831e-06
29,0.00029540141371130674,1.73804586053414e-05,0.0001888234940834781,0.8692286086188961,7.424421530199433e-05,0.00011434803365306949,2.4821955254106402e-05,6.071312753520812e-05,0.026235607883819793,0.009951015634888039,0.0005762767978257258,1.2473050923725432e-05,0.0006493344379806448,0.008474935100946119,9.75582619313076e-07,0.0014277223974683538,0.07789834916266868,0.0012159171847288513,2.7910240416590388e-08,3.4926487682707957e-06,2.8740911632315043e-05,3.723171321527044e-05,1.6752965250443907e-05,0.00346256166014557,4.243639838022831e-06
30,0.00029540141371130674,1.73804586053414e-05,0.0001888234940834781,0.8692286086188961,7.424421530199433e-05,0.00011434803365306949,2.4821955254106402e-05,6.071312753520812e-05,0.026235607883819793,0.009951015634888039,0.0005762767978257258,1.2473050923725432e-05,0.0006493344379806448,0.008474935100946119,9.75582619313076e-07,0.0014277223974683538,0.07789834916266868,0.0012159171847288513,2.7910240416590388e-08,3.4926487682707957e-06,2.8740911632315043e-05,3.723171321527044e-05,1.6752965250443907e-05,0.00346256166014557,4.243639838022831e-06
31,0.0004147561525191428,1.7512939402192246e-05,0.00025113470035086424,0.8745404547618353,7.0388362014597e-05,9.846820681966687e-05,2.3695958189614525e-05,9.15129241355764e-05,0.021058867269351206,0.008522375884635437,0.0005083951681233046,1.4135779286816878e-05,0.0008148930139813561,0.006520101821823065,7.974446056647329e-07,0.0013350815858577934,0.08123204122404616,0.0014961668756083967,3.594337521049425e-08,3.775460579238909e-06,3.099613523617069e-05,3.4853965001116165e-05,1.5570524648662935e-05,0.0029002594932505477,3.728405323086919e-06
32,0.00031282597184959594,1.9015108454491715e-05,0.0002040493793258321,0.8647297103741857,8.033908842996828e-05,0.00012558229430816755,2.7033350972541547e-05,6.722102962509911e-05,0.02697425745579912,0.010396099307354884,0.0006133097150106056,1.370959205295273e-05,0.0007059423840052497,0.008864908166580945,1.09199825485508e-06,0.0015329012511142881,0.08050047301741652,0.0012479545800489766,3.37202734967842e-08,3.887482071344111e-06,3.130797868862488e-05,4.171688260889709e-05,1.8137698110427738e-05,0.0034839710848555724,4.521088601796438e-06
33,0.0002684902295978339,1.5727773652698122e-05,0.0001563888145896829,0.8466878985935107,5.606235140110336e-05,0.00010283342248124687,2.4890932617074053e-05,6.467441973357995e-05,0.021114262490998636,0.008681783633740265,0.0005540104057697717,1.724244191593159e-05,0.0009303433524779788,0.00889644035230961,6.403939347000797e-07,0.0015781623049170273,0.10683558061516704,0.0015170029726813599,2.649833032610111e-08,3.17191073945721e-06,2.3680478774497658e-05,3.810516555411811e-05,1.4253960576781314e-05,0.0024148818283943204,3.444656134313249e-06
34,0.0001556023141776174,9.705501521772461e-06,0.00012858444331579933,0.8856028886857521,4.5487665595753955e-05,0.00011461033813622547,2.1812482722990402e-05,4.659713929255767e-05,0.01768197346964706,0.008787211008272748,0.00035035722576325014,9.939984051040589e-06,0.00044648430990986755,0.0073387958939198595,7.097374159197034e-07,0.0014713054925113596,0.07413569061195598,0.0010841473643091882,1.4131820843441972e-08,3.146669205272678e-06,2.4576291397553266e-05,2.6900443859128762e-05,1.3293723592832003e-05,0.0024971493341872514,3.015737665989378e-06
35,2.209371277071242e-05,1.3269009188180777e-05,0.00021399944871051282,0.915577923033286,0.0001528173883985174,0.00042811541884486186,1.867680560961863e-05,1.1110252069971248e-05,0.012235143784478724,0.005563375568714292,0.0013376964137313643,6.5651180254070515e-06,0.00037885012087045207,0.02896163343219354,5.347396354650966e-06,0.0008719168403935124,0.028855619408605513,0.00019048171765670825,1.507815291576435e-08,4.761640641438445e-06,4.918145343869456e-05,4.3966671926311e-05,4.255037431127859e-05,0.00501158389831282,3.3060133139790287e-06
36,0.00032534281369198017,1.867551420343336e-05,0.00022123739892648554,0.8828484944518727,8.895496877107343e-05,0.00011328000012523477,2.3126038896402153e-05,5.0572978904547655e-05,0.02539803580790465,0.010594041151073588,0.0006528099741638585,1.1445457497325874e-05,0.0005813959549406719,0.009010335324364906,1.0643625439832955e-06,0.0012450491490830979,0.0631657728053616,0.0012467198779491958,2.76962696557824e-08,3.5976808852847584e-06,3.248902708899122e-05,3.421006402648002e-05,1.673864515316652e-05,0.004311916972308068,4.665883993437354e-06
37,0.0003366273293602916,1.1354996848922948e-05,0.0001897040352037017,0.8897726368934831,5.670794784068046e-05,7.425600544900738e-05,1.70387151673186e-05,4.617394483446291e-05,0.01945062617469761,0.008654043950754198,0.0005574933728714969,9.106454423465285e-06,0.0004938360007095298,0.007158013598061516,7.230397764654323e-07,0.0010771865684743066,0.06610164437996925,0.001356719395761586,1.9098736461905926e-08,2.8426412317589693e-06,2.206106939283207e-05,2.6568063889273385e-05,1.3298418459582866e-05,0.004567915533246722,3.402371356472684e-06
38,0.00028218935847610624,1.7097700261515267e-05,0.00019171434573084624,0.8672197319867353,6.727463463638603e-05,0.0001747286538935923,3.365878590018446e-05,7.923029254476023e-05,0.021569175329121348,0.009809976819815104,0.000595945510478566,1.4336695161921651e-05,0.0008189830837221549,0.007251618145697328,1.220119126348657e-06,0.002279588893573815,0.08542304689309649,0.0011528060084349278,4.015248973622987e-08,4.1796015652412445e-06,3.4226164786212766e-05,3.611040180591146e-05,1.966240448366081e-05,0.0029199190386553914,3.5389798073573493e-06
39,0.0004496369857080166,2.6496324674710465e-05,0.000275220572210406,0.8467259170356014,0.00011039700677563201,9.768935623251325e-05,1.4597545856471114e-05,2.5775167282157574e-05,0.03900432152607411,0.014341976600905713,0.0010787828586818274,1.2589622760868064e-05,0.0006715083315947708,0.013779260155122925,7.319460153950218e-07,0.0010266638588745344,0.0726422050353601,0.0015703939443515186,2.166648473745967e-08,2.7649695781356106e-06,1.7951049585427976e-05,3.2250109772736715e-05,9.244342012269884e-06,0.008079770877292983,3.833111190746678e-06
40,0.0003265390538026561,2.823219744134053e-05,0.00030853962553757804,0.86377837390175,0.00012561679474557463,0.00016019234150750188,2.703632129816989e-05,5.876596755712623e-05,0.026503533461123892,0.010888183438355499,0.0007861501034283117,1.898946833418178e-05,0.0007968116648565775,0.012649497288879508,1.4146351623758483e-06,0.0013740782771673131,0.0767731278028371,0.0014071345354386218,4.2134073331869843e-08,4.615188077497443e-06,4.019141863697539e-05,5.2229767046362845e-05,1.858552605910878e-05,0.0038665140503120698,5.6050365713665665e-06
41,0.0017429486083718343,7.020724254925049e-06,0.00042986537828368967,0.581704049682038,2.2989169247530778e-05,6.905097413962985e-05,0.00011777300157104894,0.0001703776338310692,0.00289845491755161,0.0403730031305263,0.0013457061274010766,0.00016596838050231543,0.0008408947296305728,0.050573835963973,2.355686065625182e-06,0.001318343365025537,0.2583932333708041,0.05147961551450919,2.939976915811559e-07,5.305793106209182e-05,0.00044481738787719094,0.0014498897683647171,6.411758917204745e-05,0.006263804202439392,6.853276566589797e-05
42,0.0002903978745904519,1.5770247002995622e-05,0.0001393017430664412,0.8783049285362413,7.125388678383353e-05,0.00010692168593099275,2.0427183120072372e-05,3.160432234641105e-05,0.025597213308753468,0.008488051274254524,0.0005556111336335507,1.0818444346843324e-05,0.0005195749308996952,0.009592185564464357,6.540083315216299e-07,0.001234196742558398,0.06942338277181173,0.0015690819423384544,1.492716268352389e-08,2.791996055620386e-06,2.0641970708743256e-05,2.018638547438039e-05,1.641728482085602e-05,0.0039635792131881556,4.992622114619761e-06
43,0.0002970820828073625,1.5225803209346967e-05,0.00018886872754808202,0.8590311203218177,7.53575792539552e-05,0.0001232504904737407,2.6876004337598977e-05,6.675756117658773e-05,0.034301046115244066,0.016427832249132777,0.0005147217399789792,9.498838682202238e-06,0.000512708492483141,0.009072373814624203,1.1425577187408188e-06,0.0016114758878116645,0.07206715770638249,0.0011445053186410503,3.060861752431146e-08,4.99131911958758e-06,3.1769234014109096e-05,4.976561151843782e-05,1.821052525204704e-05,0.00440319210226516,5.039307889331319e-06
44,0.00029540141371130674,1.73804586053414e-05,0.0001888234940834781,0.8692286086188961,7.424421530199433e-05,0.00011434803365306949,2.4821955254106402e-05,6.071312753520812e-05,0.026235607883819793,0.009951015634888039,0.0005762767978257258,1.2473050923725432e-05,0.0006493344379806448,0.008474935100946119,9.75582619313076e-07,0.0014277223974683538,0.07789834916266868,0.0012159171847288513,2.7910240416590388e-08,3.4926487682707957e-06,2.8740911632315043e-05,3.723171321527044e-05,1.6752965250443907e-05,0.00346256166014557,4.243639838022831e-06
45,0.00023134552142071272,1.2174685634220916e-05,0.00018312665441622836,0.8888977356246556,5.845899524307881e-05,0.00011813786135221911,2.9683895637150897e-05,9.205489550823734e-05,0.023754906526347763,0.008808097668260427,0.00047276553198128985,8.136194832973661e-06,0.0006005471299088148,0.005140685619573207,1.3535155953886979e-06,0.0018305612767216292,0.06589206799691372,0.000721466868422558,3.1303112044181935e-08,3.3048706460012853e-06,2.431463393906567e-05,3.4238995863466154e-05,1.4961014220461912e-05,0.003067291980821768,2.5507389720299277e-06
46,0.000404801191707756,3.837444184786336e-05,0.00030014823928032567,0.8532984455694064,0.0002165778652790995,0.0001527240914638628,4.504189727714393e-05,5.726050268208087e-05,0.04394864704368445,0.018429109511204998,0.0009278986338323294,1.7740275841745746e-05,0.0007697224592373357,0.01755917830015908,1.8910401497819802e-06,0.0016003634659398332,0.055548779942270525,0.0016730049479654755,5.538540140461414e-08,6.058461362758373e-06,4.929261645272999e-05,6.619803620873132e-05,2.215859759110811e-05,0.004855693741832192,1.0833741920934332e-05
47,5.858708318269628e-05,4.408700677796321e-06,9.509514657451886e-05,0.9478909643040987,4.653945554683191e-05,7.101927198037777e-05,9.114703104506894e-06,1.5532695266760546e-05,0.010552726622066463,0.003622254276444601,0.0003730709560472697,2.951872119572611e-06,0.00025678077541105786,0.005990081669991635,5.280310718905602e-07,0.0007222838865475075,0.027227619457317224,0.00039363745783732275,4.566937854478814e-09,1.45067900692197e-06,1.180323094086712e-05,7.617397512646848e-06,1.1027476500222019e-05,0.0026336845912961807,1.215692518382866e-06
48,0.00033162108108329073,1.979262870315445e-05,0.00018017466538745234,0.8394970864017887,5.494175839380264e-05,0.00014144992070760999,2.9181353723380922e-05,0.000100043985521641,0.026140302951370646,0.007199887426972691,0.0005265559193241827,1.4598108945281102e-05,0.0009796457252995944,0.005698617991713582,9.242602284267226e-07,0.0017619034271354115,0.11380990209657368,0.0010454796169973378,3.800951255985225e-08,3.0127612883056594e-06,2.462047659219917e-05,3.372346810593842e-05,1.6932809806880546e-05,0.002386574937391113,2.988217433155937e-06
49,0.0002886540541025289,1.825525162531504e-05,0.0002072572932160311,0.8657371894751817,7.6230291445425e-05,0.00012403414210869883,2.5171696326865136e-05,6.124854327541987e-05,0.025390579664844256,0.010203942588740411,0.0005902166982656571,1.3818251632589933e-05,0.0006788662682365339,0.009119093214596101,1.0206447231051627e-06,0.0014122607162050686,0.08121893351887327,0.0012670914696016162,2.9626113364914595e-08,3.8012629363437172e-06,3.0880352323136624e-05,4.136333914991223e-05,1.6789806465968846e-05,0.003468908296144176,4.3635338666477765e-06
50,0.0003137753891740634,1.78913157448847e-05,0.00019018023928971708,0.8649133049455974,7.679382678302944e-05,0.00011367478588973489,2.798152706121477e-05,6.564638409772092e-05,0.028340906270680123,0.011327964432952593,0.0005730307814263887,1.2518167996009674e-05,0.0006541328025619963,0.008822620815969594,1.0370697143450266e-06,0.001504793269136587,0.07810587227401065,0.0012840520346424002,3.066405057109881e-08,3.8016543739381385e-06,3.009310889934181e-05,4.190968967849458e-05,1.721717844197528e-05,0.0035559628398117433,4.8085320155587525e-06
51,0.00165146598087678,3.7311824440493524e-05,0.0005649344612450634,0.52792602590615,0.00016184714609559074,0.0015267559946119122,0.00023440298958775667,0.0003072509317388628,0.03659419211987676,0.05895592403982111,0.001002319098881503,0.00013727004621481132,0.001680332322778679,0.044251798762801844,6.850028920334603e-06,0.013796642371625333,0.2844753106490931,0.018580319299836303,1.1270532780410655e-06,0.00022800649541489002,0.0002401461953419817,0.0005398276114709793,0.00036789416868815124,0.006601454833876595,0.0001305896673330315
52,0.00033125976943052264,7.478850482641933e-05,0.00023427974825136248,0.7918721487113171,0.00014808299429150924,0.0002097877940221414,6.484252532652402e-05,0.000158570738535986,0.05976075693359922,0.008098610125228684,0.0006695527321527104,2.6253071780915258e-05,0.0012260171677746367,0.010926482105378171,2.658179671536144e-06,0.0013568419751890568,0.12181298282253136,0.0008067176679930019,8.235985635341661e-08,3.794244295386888e-06,6.300779308280344e-05,0.0001035761813893854,3.717623548111328e-05,0.0020010704511067632,1.0659167487331735e-05
53,0.00019994163491940422,1.3075697709024786e-05,0.00010785532489684683,0.8706315030119296,6.163953971404517e-05,0.00011849301313188773,4.561026050976317e-05,6.941300403756148e-05,0.03214983358145949,0.009913944281976525,0.0004282805059743926,9.5545212137128e-06,0.0005721390113282117,0.007953609062674512,1.1685335227648188e-06,0.0019319283698740343,0.07178400189837227,0.0010907681660180153,2.2841611862002106e-08,3.9159345033390745e-06,2.3595709423501034e-05,3.5663473214303484e-05,2.1900150486512158e-05,0.0028266719695899003,5.470501908510611e-06
54,0.0003154066806754803,1.9814540301736186e-05,0.00018448550966934584,0.8602172181323862,7.970698621232829e-05,0.00012107076341566554,2.82897713806114e-05,6.308177806788404e-05,0.02927268933940907,0.010881367826134266,0.0005831558543704773,1.3781849993745787e-05,0.0006752466501861716,0.00914350621218973,1.0284292973056445e-06,0.0015497566892942482,0.08197925260457767,0.0013231257697121069,3.019048702127259e-08,3.6472034581538682e-06,3.0131942318986398e-05,4.0593860671452574e-05,1.7557396344752403e-05,0.003451067326812003,4.986692633573485e-06
55,0.00015671658921777887,5.074779404993977e-06,0.00021050650295811402,0.9000815418170879,3.394741470430355e-05,0.00011585939059008545,1.3879474343263499e-05,6.94492653776027e-05,0.014712128934504194,0.010787517233415577,0.00046359237148915175,3.304446176985145e-06,0.0004027499555993519,0.006035697158488583,1.1719398217520294e-06,0.0012131092675892708,0.060803208258418846,0.00045140536387314396,2.348676962225517e-08,4.242641767423527e-06,2.2635473055506635e-05,4.197081596316016e-05,1.8260385340575998e-05,0.004350420425274933,1.5866087678657275e-06
56,0.0002927143265212475,1.84315815786371e-05,0.00019265712791568284,0.8695968166638572,7.79004732119547e-05,0.00011322940741230048,2.5073064543366022e-05,6.130759725155896e-05,0.025708629469508953,0.00947439836355964,0.0006012743569166847,1.3554769727679518e-05,0.0007234583822086719,0.008630540027927437,9.429216832143567e-07,0.001419876640558755,0.07845549474570666,0.0012398963951536696,2.9013736729196545e-08,3.439731578420192e-06,2.846553636263709e-05,3.674189632332401e-05,1.638250390740774e-05,0.0032645901627270007,4.154840121121482e-06
57,0.00038592396707288465,2.8625604595869572e-05,0.00029816357560816627,0.8365378001322294,0.00011065045050178691,0.000159726374632347,3.471716243690111e-05,0.00010750389060375248,0.02742730054456474,0.01174398009335823,0.0007557255031278577,2.7383595268848545e-05,0.001134755391976722,0.01058861683544959,1.3859002303929542e-06,0.001923700230499921,0.10411743514100343,0.0015582952777169119,7.339842756827994e-08,5.718209973604876e-06,4.9614913418505244e-05,7.478934609355988e-05,2.1156265794306793e-05,0.002901612313533126,5.345881881724461e-06
58,0.00030095945279218206,1.666501595670186e-05,0.0001963157926861455,0.8721855522367885,7.300373068769875e-05,0.00011129497346772204,2.357524743487367e-05,5.76735266954264e-05,0.026286225670105783,0.010108716121041934,0.0005992462959428699,1.1434547215798868e-05,0.0006134715222469023,0.008207748109610762,1.0222216748513829e-06,0.0013893606915914665,0.07457056278629888,0.0011618101944407845,2.701556598153137e-08,3.431476758351311e-06,2.7582445230567517e-05,3.65268157254692e-05,1.620087407446032e-05,0.003997497580115625,4.09565585033578e-06
59,0.0002940872412734641,1.569423327579e-05,0.00020333352131375905,0.8737517804411837,7.126629924899659e-05,0.00010881141208783361,2.251485115654559e-05,5.623090578461802e-05,0.026412349674735137,0.010464620891654158,0.0005817098716136568,1.0456611291209915e-05,0.0005598262721324058,0.0081957233425449,1.046773995039031e-06,0.001318781514573718,0.07239131233022784,0.0011279954664264946,2.570081160354576e-08,3.535450938094363e-06,2.716358529528955e-05,3.704944771414906e-05,1.596451458446369e-05,0.004324640594028143,4.079052109146748e-06
60,0.00029540141371130674,1.73804586053414e-05,0.0001888234940834781,0.8692286086188961,7.424421530199433e-05,0.00011434803365306949,2.4821955254106402e-05,6.071312753520812e-05,0.026235607883819793,0.009951015634888039,0.0005762767978257258,1.2473050923725432e-05,0.0006493344379806448,0.008474935100946119,9.75582619313076e-07,0.0014277223974683538,0.07789834916266868,0.0012159171847288513,2.7910240416590388e-08,3.4926487682707957e-06,2.8740911632315043e-05,3.723171321527044e-05,1.6752965250443907e-05,0.00346256166014557,4.243639838022831e-06
61,0.0003023567755043131,1.5576000425605424e-05,0.00021196142951191062,0.8754522832359926,6.927487583650094e-05,0.00010975118895222297,2.1609640881603638e-05,5.819653068908215e-05,0.024411270392752777,0.01003316000445347,0.0005734070992215443,1.0835992213602548e-05,0.0005762740314629623,0.0078820419162755,1.0029401563752224e-06,0.001307674057918652,0.07365170309902257,0.0011482460775578368,2.6363434247181736e-08,3.4736164438484574e-06,2.780260399063265e-05,3.605934170878539e-05,1.5440816709922925e-05,0.0040767719104376895,3.8000584457431924e-06
62,0.00029540141371130674,1.73804586053414e-05,0.0001888234940834781,0.8692286086188961,7.424421530199433e-05,0.00011434803365306949,2.4821955254106402e-05,6.071312753520812e-05,0.026235607883819793,0.009951015634888039,0.0005762767978257258,1.2473050923725432e-05,0.0006493344379806448,0.008474935100946119,9.75582619313076e-07,0.0014277223974683538,0.07789834916266868,0.0012159171847288513,2.7910240416590388e-08,3.4926487682707957e-06,2.8740911632315043e-05,3.723171321527044e-05,1.6752965250443907e-05,0.00346256166014557,4.243639838022831e-06
63,0.00030618866001211873,1.8710541693205257e-05,0.00019250068283811547,0.8667679605531027,7.732078066492241e-05,0.00011596893985137533,2.534177451061487e-05,6.11391520365306e-05,0.027221645898496575,0.01005522216550177,0.000594499191948658,1.2954835080527377e-05,0.0006676688549125918,0.00861641013939647,9.979275184022654e-07,0.0014261517102146571,0.07902353868281747,0.0012287871635504259,2.8794459827723204e-08,3.4576168001524936e-06,2.929977798540844e-05,3.806798581140771e-05,1.6784052308683813e-05,0.0034949711592283613,4.3829592588218655e-06
64,0.0002960032977865485,1.864156981431146e-05,0.00020019838866842428,0.8768561279577067,8.083237333881467e-05,0.00011526350539095463,2.5311567922054604e-05,6.214269463672657e-05,0.025172067903752048,0.009929769161915085,0.0005859845959845428,1.2639740781613375e-05,0.0006219271421713527,0.008233570637475667,1.0658632925101149e-06,0.0013546811100428316,0.07175053161236913,0.0011652626606924576,2.915793537504994e-08,3.5189650508521085e-06,3.4172880951585115e-05,3.7568836775876166e-05,1.717619880547468e-05,0.0034211675069382337,4.344669800915814e-06
65,0.0005580369715339134,2.1769227229285045e-05,0.00013352805339285253,0.812134473235362,9.460612064886085e-05,8.295421636635575e-05,3.1324278956692625e-05,5.651404866905854e-05,0.045479551534463876,0.01554776807098171,0.0006042493356784986,2.227220748779603e-05,0.000859935102701002,0.01222432705965258,4.98503065980771e-07,0.002007414454711568,0.1029862723953715,0.0032887929014956147,3.0820400053338805e-08,4.5201862085966495e-06,2.3840842077695424e-05,4.1734492384193386e-05,1.749431575995341e-05,0.0037694802740898636,8.611351310474475e-06
66,0.0001745974644152038,1.2044230605898316e-05,0.00018026163043510036,0.9068938000645406,9.033105162314426e-05,6.70763491361054e-05,1.1723004235898139e-05,2.6030273708540722e-05,0.013749400751877866,0.010965746933190471,0.0006225099548877985,1.3540365925432466e-05,0.0005573484625419548,0.010415439789981317,4.700925324221483e-07,0.0012293661343674535,0.05090114716009927,0.001261582464554824,1.5158367358733598e-08,2.3727937713406156e-06,2.8590967977324545e-05,2.4945287561811995e-05,7.930904099546417e-06,0.0027613421263563247,2.386583207035835e-06
67,0.000483322562532474,2.2387327269974857e-05,0.000207826308201185,0.8876946569400939,0.0001114447938041588,5.011401777061413e-05,2.7074730559551956e-05,0.00011930216895796538,0.041251101529551935,0.008415055915727804,0.0005219358686874428,8.96811093551369e-06,0.0007549013362926209,0.003445324726263698,8.622485895340118e-07,0.0015092188122962451,0.0522186489113092,0.000759979830472987,3.917896005074776e-08,1.566104446253944e-06,1.9437636345159773e-05,2.6916212481965702e-05,7.913587588452121e-06,0.002339689925604573,2.311215256740301e-06
68,0.0003774232194784002,2.5826674664126438e-05,0.0002138701314122432,0.8473484619707914,0.00012853509125878348,0.00011626251766024446,2.7282736533104032e-05,7.421984036309068e-05,0.05385818470184322,0.01705776537864574,0.0007308666971173435,7.349242792708275e-06,0.00039060107604054416,0.008792222260905746,2.5800873208174773e-06,0.0015024720672211622,0.061848768947047245,0.0006264700100737617,4.087866502441872e-08,3.373007582976073e-06,3.20805608852646e-05,7.171834881425842e-05,1.9698598332105494e-05,0.006737933046533105,5.992908017549608e-06
69,0.00029481320419087937,1.7347843301502642e-05,0.00018796458230855835,0.869511147079377,7.422382380644457e-05,0.00011364675484597117,2.4785940321298034e-05,6.0514924454791123e-05,0.026319023267286246,0.00993842482816467,0.000573960220242064,1.2380886220869793e-05,0.0006453806468826437,0.00843480152622041,9.733752209252856e-07,0.0014259132010222266,0.07760351071216698,0.0012104803770137448,2.7670419424220947e-08,3.4609692089622236e-06,2.8548137923282135e-05,3.700414351448955e-05,1.664889501919817e-05,0.0034607826757621337,4.2343151052543076e-06
70,0.00048623872423459466,2.7455199032659434e-05,0.0002559796378123156,0.8517668399835852,9.367240193071497e-05,0.00011663521019933172,3.159070203213568e-05,8.108092402767217e-05,0.030894325499055915,0.0120032279728353,0.0007990704383225973,1.6194364725321896e-05,0.0007768391772438494,0.009309801022389624,1.4362990488915804e-06,0.001373229884450831,0.08623766545151094,0.0014321616283560284,4.736337638407091e-08,3.733645170688373e-06,4.115576207234419e-05,5.791499336151997e-05,1.900144980135819e-05,0.004168691040000439,6.011225423515933e-06
71,0.0002526334341763623,1.618966252447715e-05,0.00022358319028391757,0.8686681823505227,6.425142601168459e-05,0.00013316165666384832,2.352638310452044e-05,5.6217562603659915e-05,0.022821219559265277,0.009428753729929145,0.0005795011760886714,1.1645205121818315e-05,0.0006287464032227493,0.009011179329519127,1.0634196767419666e-06,0.0011847819390391845,0.08205794790265174,0.0011103992847158342,2.698820676292043e-08,3.6853162080477227e-06,3.007589149265076e-05,4.136792018723224e-05,1.683384019037207e-05,0.003630987943426016,4.038485167554676e-06
