,0,1,2,3,4,5,6,7,8,9,10,11,12,13,14,15,16,17,18,19,20,21,22,23,24
0,0.0001696648138486671,2.011132615855999e-10,0.0026303995902430795,9.154185359331577e-07,0.9907742858694887,1.6758979521164892e-06,0.00014419995803053963,1.3020020807101163e-06,2.9670609681232527e-05,8.202767713617759e-05,3.764983258521215e-06,3.212975497450913e-06,0.0006549380132784563,0.00011123125032977609,5.537238253898477e-09,8.586853696272069e-05,5.617204704623356e-05,7.67517636680736e-06,6.552843091855141e-06,0.005111562617931476,2.2653507332495643e-05,2.7997960542914616e-10,7.616003533840275e-05,2.5457728766959333e-05,6.024294704254871e-07
1,0.00020067215091209542,1.5992188604062151e-10,0.0031353147264285165,9.75186809471473e-07,0.9899779963735562,1.6176405920185965e-06,0.00012433031372265625,1.6384798584821041e-06,3.619834567637357e-05,9.993321065947402e-05,3.2532117454035923e-06,2.4600649195412882e-06,0.0008840707020014451,7.673564730024073e-05,4.251714512592911e-09,0.00010865703511091823,5.3160562052709746e-05,6.838326369325026e-06,8.192317660625637e-06,0.0051664515429532135,1.974990476060514e-05,2.2468462744807015e-10,6.610299285345648e-05,2.5259474481679607e-05,3.8715325450049273e-07
2,0.0009173289518082641,2.2630765223004772e-10,0.005769424547573751,5.0240314203802845e-06,0.976298682000949,2.0518809847219564e-05,0.003699008465201741,1.7606271092506234e-06,2.5055100705328767e-05,0.00010300310247804417,1.1981799058669885e-06,1.7574928883692967e-05,0.0040880848360070575,0.0002689385175310358,1.5372743278357664e-09,0.004550831153860369,0.0007398223401528882,4.761948453162886e-05,6.487793535500609e-05,0.0025655448492783815,0.00011274594663800562,3.1457989729668576e-09,0.00016145755026595674,0.0005409898149333339,5.039161829906104e-07
3,0.000196552725345199,1.7816008124293994e-10,0.002711140137658444,1.0456930351135573e-06,0.9895370648202375,1.7297967739920661e-06,0.00015242647159136258,1.5706751769775097e-06,3.1763919321696494e-05,9.518523779365287e-05,3.7919136766503207e-06,3.1520691895485057e-06,0.0008436714690803184,0.00010790760249618351,5.147810889671227e-09,0.00010041696418462082,6.079282289390314e-05,8.58929700482856e-06,7.07958267867521e-06,0.006005872273223446,2.1915553153322662e-05,2.6261612211143456e-10,7.927951404891145e-05,2.8503540810709395e-05,5.423320380236196e-07
4,0.00020910020038633677,1.7846546874757686e-10,0.002711829400093783,1.0819094625566353e-06,0.9889073001818268,1.8297770163975914e-06,0.0001588231134153897,1.6487283465495894e-06,3.052001472760704e-05,0.0001005072388926094,3.737780103593385e-06,3.1211687576597954e-06,0.0009780815723985394,0.00011336316473808165,5.050514078404133e-09,0.00010864709864260386,6.586605835572547e-05,9.582012544853061e-06,7.926983749479811e-06,0.006451926598801828,2.164808899595648e-05,2.6243689791577464e-10,8.068632308484864e-05,3.2231779165709604e-05,5.353150767372727e-07
5,0.00021028008899347497,1.958797411098953e-10,0.0025400094151723468,1.28302590950157e-06,0.9884015221089409,2.0318437854783514e-06,0.00015912621171698888,1.721578471394112e-06,3.207805687813419e-05,0.00010198933870429664,4.211190309395496e-06,3.4048532653272524e-06,0.0009577327638659244,0.00012285334287414916,5.818904173905111e-09,0.00011879331458319498,6.410611362686532e-05,1.1640046088755932e-05,7.757120552824364e-06,0.0071134805874638486,2.352763848244101e-05,2.857169063340556e-10,9.026525449170492e-05,3.16239107998715e-05,5.558945223136735e-07
6,0.000196552725345199,1.7816008124293994e-10,0.002711140137658444,1.0456930351135573e-06,0.9895370648202375,1.7297967739920661e-06,0.00015242647159136258,1.5706751769775097e-06,3.1763919321696494e-05,9.518523779365287e-05,3.7919136766503207e-06,3.1520691895485057e-06,0.0008436714690803184,0.00010790760249618351,5.147810889671227e-09,0.00010041696418462082,6.079282289390314e-05,8.58929700482856e-06,7.07958267867521e-06,0.006005872273223446,2.1915553153322662e-05,2.6261612211143456e-10,7.927951404891145e-05,2.8503540810709395e-05,5.423320380236196e-07
7,0.0001586271422994238,1.9375707657490488e-10,0.0022580752508820218,1.0619977890372365e-06,0.9903022228772668,2.118974549644264e-06,0.00014683389129645179,1.3365299617986091e-06,3.3300271273485774e-05,8.29404757453744e-05,3.7685082994126174e-06,3.59038683138993e-06,0.0006689613967377041,0.00011381055625001463,5.947649642972349e-09,0.00010216378298143058,5.477460550527714e-05,1.0211346160802214e-05,6.097339440070273e-06,0.005900272885435813,2.672666358787438e-05,2.7901379848783327e-10,9.636956834923623e-05,2.615176431396016e-05,5.773646223553479e-07
8,0.0002618757739427023,1.857427093847695e-10,0.004589106264448674,1.1248873618962377e-06,0.9868475353210427,1.4995727574599245e-06,0.00019524445256147903,1.8127078315286497e-06,3.881956750722758e-05,0.00015625129593688073,4.407197078139418e-06,3.815566776698555e-06,0.000914679353917871,0.0001304334341000138,5.7548320304016704e-09,8.99215716150812e-05,8.949217700460013e-05,5.576865283542347e-06,6.9285228669077275e-06,0.006477791517259559,2.8744396260540922e-05,3.163697370891045e-10,0.00011206849357882326,4.196356975864165e-05,9.012341643961992e-07
9,0.0002471023748341379,1.9056826590632062e-10,0.0034240565038471276,1.1822481581785165e-06,0.9877063939171802,1.605189292507913e-06,0.00019265275354355562,1.8385933791506244e-06,3.824976642362823e-05,0.00014503820362945908,4.660759861767011e-06,3.7417782424282297e-06,0.00086070582942284,0.00013944198444563284,6.61512408162225e-09,8.645284171521297e-05,7.736900912021685e-05,7.378697266355457e-06,6.3083349089101295e-06,0.006868110686992312,2.6923690638918067e-05,3.004058349831178e-10,0.00011996868128711127,3.9922628133383314e-05,8.88421578661867e-07
10,0.000196552725345199,1.7816008124293994e-10,0.002711140137658444,1.0456930351135573e-06,0.9895370648202375,1.7297967739920661e-06,0.00015242647159136258,1.5706751769775097e-06,3.1763919321696494e-05,9.518523779365287e-05,3.7919136766503207e-06,3.1520691895485057e-06,0.0008436714690803184,0.00010790760249618351,5.147810889671227e-09,0.00010041696418462082,6.079282289390314e-05,8.58929700482856e-06,7.07958267867521e-06,0.006005872273223446,2.1915553153322662e-05,2.6261612211143456e-10,7.927951404891145e-05,2.8503540810709395e-05,5.423320380236196e-07
11,0.00021530770296400778,1.7835510507967e-10,0.002838206323107021,1.113972572386927e-06,0.988618844288613,1.8493808529613047e-06,0.0001632880743158383,1.8060698276082062e-06,3.286437639859349e-05,0.0001068534893186436,3.819639143520948e-06,3.248614481333921e-06,0.0010216326265242064,0.00010956539633472314,5.149852413393841e-09,0.00011263234785176259,6.739343382403683e-05,9.467980393566661e-06,7.998115602711445e-06,0.00654802671734741,2.1958731826520918e-05,2.742451743932511e-10,8.088712781268517e-05,3.270059541951049e-05,5.293930153165257e-07
12,0.004982045768850026,2.4941748157752435e-09,0.1667084872338012,1.2412069496153712e-05,0.7810795331657464,4.620389784391723e-06,0.0003479834661461606,0.0004538461952690057,0.00037303719175017547,0.0014520183100191638,2.7587157331235766e-05,2.942009244180264e-05,0.03051286394695566,5.322458695734059e-05,4.815021135493788e-08,0.0019062409388765776,0.0005491567280781407,9.991693879461404e-06,0.00022312198830910177,0.01099187758266113,0.00010285038346415812,9.116513952565368e-09,4.3271587179229114e-05,0.0001358964354430945,4.533266601200284e-07
13,0.00011836070457545847,1.5445657127528327e-10,0.0013531717865150144,5.296975997391511e-07,0.9950822186013596,2.4451656893345347e-06,0.00014085343313533633,7.360022419796964e-07,2.7229935247201996e-05,5.3493796202297856e-05,7.742037999398e-07,1.1256230617875712e-06,0.0005732611994321373,3.7714674237753585e-05,1.5778391980661747e-09,7.483904206990536e-05,4.303374397596075e-05,5.229526385612681e-06,8.49852909069318e-06,0.0023889227854911807,1.159767173774618e-05,1.9558951877058234e-10,4.4073832914974726e-05,3.1553717713407634e-05,3.3439963772766476e-07
14,0.0012742594360091268,9.590429484372553e-11,0.009723683017656165,1.6053988226320988e-06,0.9747137075616903,1.8998733224974258e-06,0.0015639391845014628,1.2673419170805696e-05,0.00016899858586108738,0.0006654545303625143,6.429026823537768e-06,2.678583318265979e-05,0.002014837363473243,0.00027898102401950473,1.067395597904916e-08,0.00015209773675902054,0.0004837618635352663,5.296950577880925e-06,4.717273977042273e-06,0.008199339018457557,9.422572539961863e-05,9.93493353800318e-10,0.0003830523209745124,0.0002208626319852496,3.380460084571824e-06
15,0.000196552725345199,1.7816008124293994e-10,0.002711140137658444,1.0456930351135573e-06,0.9895370648202375,1.7297967739920661e-06,0.00015242647159136258,1.5706751769775097e-06,3.1763919321696494e-05,9.518523779365287e-05,3.7919136766503207e-06,3.1520691895485057e-06,0.0008436714690803184,0.00010790760249618351,5.147810889671227e-09,0.00010041696418462082,6.079282289390314e-05,8.58929700482856e-06,7.07958267867521e-06,0.006005872273223446,2.1915553153322662e-05,2.6261612211143456e-10,7.927951404891145e-05,2.8503540810709395e-05,5.423320380236196e-07
16,0.00020730695371120654,1.8143704964202703e-10,0.0029462524762810115,1.2919494711511207e-06,0.9873225973059384,2.0023359654289974e-06,0.00016405882251576803,1.7816932513009368e-06,2.9727221237935698e-05,0.00010315411210661744,4.728769295757579e-06,3.957971721126939e-06,0.0010020341872651055,0.00013314103397190166,6.226496486786722e-09,0.00013186208886687187,6.842532870992481e-05,1.2042259996663007e-05,7.741543215409211e-06,0.007708421867927492,2.7648797410703878e-05,2.9127389137216854e-10,9.038527384918218e-05,3.0908108998458306e-05,5.231990851303558e-07
17,0.00020134504482337233,1.7383941300905508e-10,0.002669381772369374,1.0903960230989936e-06,0.9894118220726178,1.6752095183612988e-06,0.00016435805710862992,1.5989835073787318e-06,3.1866738933565516e-05,9.534844533985292e-05,3.961117462477076e-06,3.3660471961740993e-06,0.0008392843975534752,0.00011523374819499511,5.150063951368782e-09,9.91721958927234e-05,6.319368831717479e-05,8.503549500666354e-06,6.60485578507128e-06,0.006150753983133331,2.173232671209791e-05,2.7088798994483147e-10,8.063030744531413e-05,2.8489692932425372e-05,5.817748414635541e-07
18,0.00021129366750294982,1.5115109611610256e-10,0.0017589619849936048,8.076032738666962e-07,0.9908048486779067,1.2893409403836066e-06,0.00017933965568133956,1.0184227161123753e-06,2.608633238559848e-05,8.53957838291407e-05,3.3815115912467555e-06,2.286198997672925e-06,0.0006819871805259947,0.00012813519396033895,3.987578829498527e-09,5.938774879221935e-05,8.130941091245157e-05,8.40799654429644e-06,5.676461002662174e-06,0.005817389624936501,1.6794374829887508e-05,2.3182757708449084e-10,9.237776627743308e-05,3.299009045817042e-05,8.306013836889704e-07
19,0.00020681980973001217,2.897825969675865e-10,0.0013053011667775846,1.3650671833595267e-06,0.9893081793547477,1.044648504749921e-06,4.843417995455804e-05,5.706549312582152e-07,1.4526011099214309e-05,3.645823163383559e-05,8.446363903540094e-06,1.3032673757345637e-06,0.0004837827564817583,0.0002626570576760252,8.760845956365239e-09,8.849179058917453e-05,4.75146899017503e-05,3.14046977505001e-05,9.05841404638788e-06,0.007976849035408613,2.2537504382502078e-05,1.2990618242623596e-10,0.00013001313993310176,1.4776934986673136e-05,4.560424673128875e-07
20,0.0001930833886722666,3.8656228325313894e-10,0.0034938565849064484,1.6684960154985217e-06,0.9867304128231247,2.6560927304589567e-06,0.00015676332016367392,2.8665408591503446e-06,4.384083717017458e-05,0.00011540060245325213,6.691895124527877e-06,6.295920621211909e-06,0.0009319679299687762,0.00013567063020853402,1.2616916952909053e-08,0.00013617085309251,6.592246693597981e-05,1.3404458656872038e-05,8.355456576632339e-06,0.007789142693262395,3.7583850352507765e-05,5.643620554576009e-10,9.893088413311144e-05,2.858625435154903e-05,7.144527782754966e-07
21,0.00016849753708869783,1.5545045340298664e-10,0.0025252112690241817,7.063081983330814e-07,0.99124702184571,1.6083962896777832e-06,0.00015111994249046633,1.3591756374990907e-06,3.083538033033902e-05,8.784655758705038e-05,2.4982400762982748e-06,2.4394059844730954e-06,0.0007655124183323594,7.766349457695641e-05,3.781973151203582e-09,7.79262173528797e-05,5.8953108390627246e-05,6.191175487534441e-06,6.752172089569778e-06,0.004672821557647939,1.839386763388038e-05,2.3060590881768547e-10,6.60671304660018e-05,3.0064511211121702e-05,5.061203644127871e-07
22,0.00022026887913867793,1.5338817729312717e-10,0.003253828174631124,1.2567936654844143e-06,0.9870757434714248,1.5544589371426464e-06,0.00014864394480563288,1.4620481181885525e-06,2.8519034449541943e-05,0.000109615819953751,5.527729188849334e-06,3.3107499530522316e-06,0.0009360335388686284,0.00012352734512646212,5.321652366252303e-09,0.00011931944891175727,7.820694389480482e-05,1.066653934391457e-05,7.1084882352500505e-06,0.007729407080083744,2.7191593234210258e-05,2.681974915946392e-10,9.160270225832859e-05,2.668498067215504e-05,5.144918663557729e-07
23,0.000196552725345199,1.7816008124293994e-10,0.002711140137658444,1.0456930351135573e-06,0.9895370648202375,1.7297967739920661e-06,0.00015242647159136258,1.5706751769775097e-06,3.1763919321696494e-05,9.518523779365287e-05,3.7919136766503207e-06,3.1520691895485057e-06,0.0008436714690803184,0.00010790760249618351,5.147810889671227e-09,0.00010041696418462082,6.079282289390314e-05,8.58929700482856e-06,7.07958267867521e-06,0.006005872273223446,2.1915553153322662e-05,2.6261612211143456e-10,7.927951404891145e-05,2.8503540810709395e-05,5.423320380236196e-07
24,0.00016585699294238194,1.7395502911309242e-10,0.002057432344554004,1.2402233515128665e-06,0.9896565147406304,1.7914179346096017e-06,0.0001312224680199767,1.317715239753903e-06,2.706649155513677e-05,8.559192067041602e-05,4.067887671438452e-06,3.13032165190275e-06,0.0007863819236263022,0.00011833056537713031,4.9005815849114664e-09,9.963449510690811e-05,5.003929454193511e-05,1.0177974785994154e-05,6.217256202339795e-06,0.006678653635015684,1.8528581413278626e-05,2.422549803151435e-10,7.350532477568488e-05,2.278492340006999e-05,5.08184741374735e-07
25,0.00028240510581549813,1.6199547315834375e-10,0.003531547941770824,1.8258107688223877e-06,0.9828598178439819,1.4949310400198945e-06,0.0002247950963433337,2.9978077051137805e-06,3.514112983285119e-05,0.00014492232597446174,7.872598948696643e-06,5.0984488624595685e-06,0.0013737199570495629,0.00016635877955075456,7.1642108426786756e-09,0.00013304707211062318,8.810688185303948e-05,1.2002974613867244e-05,6.306078677652323e-06,0.010971867927906909,2.4017360869554122e-05,3.309231605025562e-10,9.421218300099784e-05,3.1772204945364234e-05,6.618812481263161e-07
26,0.00010340739202044731,7.837428706673795e-10,0.005628101625008371,4.061275026495705e-06,0.9812181500614248,2.3948905410728707e-06,0.00012101608775562104,3.494348384889709e-06,2.08647811453481e-05,7.539605820333261e-05,2.08038237919866e-05,1.736140020469419e-05,0.0007562858865413658,0.00030426750062781724,2.756730446392977e-08,0.00019946169431524433,4.143052516980893e-05,1.474327636920613e-05,6.536704306545434e-06,0.01135238762334591,4.387724319957923e-05,9.826663894762474e-10,5.362712644386593e-05,1.1551058620049993e-05,7.502838396118345e-07
27,0.00018914019298564086,2.2947546334380115e-10,0.002377501656623565,1.1676443857266272e-06,0.9903999018765656,1.8831880720748415e-06,0.00015005141880523399,1.8354591544411673e-06,3.949272856226413e-05,9.510621344226547e-05,4.021378871907956e-06,3.2956285569716515e-06,0.0007829743902072124,0.00010153967981289797,6.067070127396965e-09,9.301607106401262e-05,5.2120231481724104e-05,8.55889159113239e-06,6.88101881318318e-06,0.005569707341922676,1.9142574318925043e-05,3.1103516464335773e-10,7.649522608760468e-05,2.5549936472258357e-05,6.106446220509718e-07
28,0.000196552725345199,1.7816008124293994e-10,0.002711140137658444,1.0456930351135573e-06,0.9895370648202375,1.7297967739920661e-06,0.00015242647159136258,1.5706751769775097e-06,3.1763919321696494e-05,9.518523779365287e-05,3.7919136766503207e-06,3.1520691895485057e-06,0.0008436714690803184,0.00010790760249618351,5.147810889671227e-09,0.00010041696418462082,6.079282289390314e-05,8.58929700482856e-06,7.07958267867521e-06,0.006005872273223446,2.1915553153322662e-05,2.6261612211143456e-10,7.927951404891145e-05,2.8503540810709395e-05,5.423320380236196e-07
29,0.000196552725345199,1.7816008124293994e-10,0.002711140137658444,1.0456930351135573e-06,0.9895370648202375,1.7297967739920661e-06,0.00015242647159136258,1.5706751769775097e-06,3.1763919321696494e-05,9.518523779365287e-05,3.7919136766503207e-06,3.1520691895485057e-06,0.0008436714690803184,0.00010790760249618351,5.147810889671227e-09,0.00010041696418462082,6.079282289390314e-05,8.58929700482856e-06,7.07958267867521e-06,0.006005872273223446,2.1915553153322662e-05,2.6261612211143456e-10,7.927951404891145e-05,2.8503540810709395e-05,5.423320380236196e-07
30,0.000196552725345199,1.7816008124293994e-10,0.002711140137658444,1.0456930351135573e-06,0.9895370648202375,1.7297967739920661e-06,0.00015242647159136258,1.5706751769775097e-06,3.1763919321696494e-05,9.518523779365287e-05,3.7919136766503207e-06,3.1520691895485057e-06,0.0008436714690803184,0.00010790760249618351,5.147810889671227e-09,0.00010041696418462082,6.079282289390314e-05,8.58929700482856e-06,7.07958267867521e-06,0.006005872273223446,2.1915553153322662e-05,2.6261612211143456e-10,7.927951404891145e-05,2.8503540810709395e-05,5.423320380236196e-07
31,5.327105070512425e-05,9.708197145928611e-11,0.0005768025573559108,6.797263028839214e-07,0.995276350495035,1.646839073123393e-06,0.00011563347802151531,2.1809451493867014e-07,2.3673715063376158e-05,4.7591623293665825e-05,2.722764098568617e-06,1.4410814776030844e-06,0.0001394525416576345,0.00010173203096083801,3.139900728252572e-09,3.322170337759971e-05,2.0997065906234797e-05,5.66688267314114e-06,1.734348646438858e-06,0.0034748162051232473,1.2086500817616327e-05,1.2007494892636062e-10,9.984159179693013e-05,9.721536469411978e-06,6.948105716144107e-07
32,0.00020055044722026296,1.884004049026025e-10,0.0027055947657704895,1.0094657746409375e-06,0.9898162594729225,1.7498029956769501e-06,0.00014271704324611984,1.5193814845479134e-06,3.056456453252163e-05,9.178788016290569e-05,3.598877737967221e-06,2.9281357685921897e-06,0.0008702606832432256,0.00010537002836948278,4.996647706976473e-09,0.0001028185605659374,6.031903816231086e-05,8.844302276998659e-06,8.026977255402816e-06,0.0057207654987774395,2.1009079575806138e-05,2.6140947936832894e-10,7.477793527937273e-05,2.9011355688947975e-05,5.112567314247325e-07
33,0.00018614820503912646,1.778599717653995e-10,0.002761969488327011,1.0300742234644285e-06,0.9897646571541472,1.6623379879369489e-06,0.00014799245744981889,1.5207822692398688e-06,3.3551548426504715e-05,9.411370895953725e-05,4.035692619387828e-06,3.174365168235037e-06,0.0007414992962355339,0.00010562504376439637,5.4626541840444566e-09,9.185643439034722e-05,5.716187802764983e-05,7.800119491556801e-06,6.302487442937889e-06,0.005858985799832743,2.2838745010644262e-05,2.587608254377116e-10,8.1972071643024e-05,2.552398576753802e-05,5.724245013197297e-07
34,0.00013637756569207014,2.0047870795294732e-10,0.00246171001509583,1.1537949920998753e-06,0.9890742709610253,2.4026100912829754e-06,0.00018743687659121728,1.653756317350174e-06,3.413014009651804e-05,0.00010184347874631307,3.6657598566339497e-06,4.417007602135881e-06,0.0007695073844070454,0.00010884881684105785,6.032567998327069e-09,0.0001049909026102601,5.785170888681342e-05,9.301441026744431e-06,5.5718848426183135e-06,0.006788233348750553,2.5875601162008915e-05,3.4222227125995754e-10,8.982973107108545e-05,3.0273455216193933e-05,6.471838098562404e-07
35,0.00020387774030146936,1.8216939620050392e-10,0.002709772722347333,1.0607389885890378e-06,0.9896890470830619,1.7223069181540538e-06,0.00015203443611169138,1.6598713062479645e-06,3.3456997381573937e-05,9.559873454809077e-05,3.7883315461400888e-06,3.1275879138592912e-06,0.0008564766300662678,0.00010403566707113406,5.164530082544802e-09,0.00010107677752660105,6.026565162323123e-05,8.493382229785808e-06,7.222668604116196e-06,0.005840069761733729,2.1325821939096747e-05,2.682568750713008e-10,7.723474151826712e-05,2.8111582419684637e-05,5.351498868212779e-07
36,0.00011769471403996149,1.5631188263375432e-10,0.0021594203884565083,5.777760558336793e-07,0.9937581982652266,1.294584157932293e-06,5.99149372514843e-05,5.604014876923671e-07,2.821128868335465e-05,6.075475342317699e-05,2.1077643867624175e-06,8.035211015605661e-07,0.0003625616227046781,4.635819010609819e-05,3.1111089426631897e-09,4.979880301827598e-05,2.5435852752356107e-05,3.874305849487255e-06,6.067666166064061e-06,0.003223090104167667,1.5221128409510254e-05,1.0212990723031017e-10,6.378001070890986e-05,1.393932864925793e-05,3.3122364623322254e-07
37,0.00011523915146978521,2.1822439381226264e-10,0.002774681999887335,9.027959373008508e-07,0.9917575565114807,1.8056756923462226e-06,0.00010645641463964267,2.0478138440493815e-06,5.276645395550545e-05,9.02227240779146e-05,3.2733475045831593e-06,2.924454317501968e-06,0.0005923544017691102,4.746914995748705e-05,5.438048421916235e-09,7.399856473120937e-05,3.3336049196668726e-05,4.623764371619004e-06,5.177600721144862e-06,0.004250061190615524,1.7576223829959866e-05,2.88440872645044e-10,5.211756013914543e-05,1.497307281674076e-05,4.291343310900467e-07
38,0.00019895295866886875,2.1243055392327805e-10,0.0029209353358214418,1.2102660843358895e-06,0.9884107358571421,2.812049388223548e-06,0.00018621027843353198,1.7607367686597772e-06,3.229939275733235e-05,9.879121316522242e-05,4.0085897699219425e-06,3.981133430099257e-06,0.0010656739730899294,0.00011998795883435633,6.736678240224979e-09,0.00016827128398981528,6.760071882329723e-05,1.4611741562169414e-05,1.0130289369577907e-05,0.006523205451971022,3.251706281936968e-05,3.3465823407306917e-10,9.885074449060139e-05,3.6973796845689435e-05,4.718830072168471e-07
39,0.0002601241994598721,1.2484241527821706e-10,0.0015075100366022064,9.271097472178483e-07,0.9919091129343702,8.542933836479876e-07,0.0001681710862615209,9.017224885471494e-07,2.6762246661490362e-05,9.376693008750732e-05,4.915777994756241e-06,1.7292476920393998e-06,0.0006017530507419015,0.00016093384287483605,3.894905156469619e-09,4.91760820643087e-05,5.5595220153473995e-05,6.919704392194613e-06,4.919846835180375e-06,0.0050312029477813745,9.255411548068253e-06,1.6273371321661377e-10,8.085053131852528e-05,2.378862301021041e-05,8.249720493579422e-07
40,0.0009181125044862381,7.0657471596126e-10,0.003473253270491354,2.6163808680620806e-05,0.918973370127312,9.48013300582436e-05,0.0012552682646052443,7.039388867145794e-05,0.0009745442349739706,0.003613700503044632,1.3679445510769916e-05,8.559861093545247e-06,0.014941848057662714,5.030128482409687e-05,3.481000618134439e-08,0.002870853810099978,0.0005786481112217101,0.00036146167697448487,6.513931435171519e-05,0.04963465077342451,0.00011097030027974588,3.445195994180664e-09,0.0015200184505665864,0.00044323410898470026,9.87910904805338e-07
41,0.0002842544719751176,1.410152641919733e-10,0.004335266877278302,9.504229721307844e-07,0.9847522601501191,2.0092815297995493e-06,0.00037693663701088276,1.6531586104954619e-06,2.801520301835823e-05,0.00015711508165922971,4.052030958255959e-06,6.504220467666222e-06,0.0010739582982317105,0.00018219674090741523,5.561930196153335e-09,0.0001012323312503793,0.00016372456417071827,8.395155199208365e-06,6.451126640010333e-06,0.00824530725649534,4.547645155012378e-05,4.282372068268333e-10,0.00014943920155212966,7.35699519494568e-05,1.2252552713736944e-06
42,0.00018049112127193403,3.478780660146955e-10,0.0048524635006098734,1.5588431087397288e-06,0.9870703931579129,2.512260001385577e-06,0.00011911244852046623,3.4255803712048756e-06,4.465119023567467e-05,8.814394010146159e-05,3.990483323395372e-06,4.687060202425553e-06,0.001169422605740146,6.581546029628724e-05,6.67096189533336e-09,0.00019882925895112536,5.985795090977685e-05,9.491461237711893e-06,1.19439610781775e-05,0.00600749098244749,2.9783274477731836e-05,5.181449020443404e-10,5.18434264470243e-05,2.3749650681616493e-05,3.34845088423696e-07
43,0.0003067356714821802,2.983249420159671e-10,0.0018417192127015338,1.3519858099565626e-06,0.9914370357813598,5.416022130994187e-07,0.0001678115071767889,8.254178682820086e-07,1.7091488432861108e-05,3.759223609157252e-05,1.0496906931014718e-05,3.6041900899608616e-06,0.0004952705473571453,0.0004785540116029591,6.11989741866104e-09,5.241264653905843e-05,4.7638459268561895e-05,8.20356241436867e-06,4.862813293675494e-06,0.004997140499125109,6.934841879740139e-06,2.4292556225376233e-10,6.589401882229778e-05,1.666045953261226e-05,1.615478859603611e-06
44,0.000196552725345199,1.7816008124293994e-10,0.002711140137658444,1.0456930351135573e-06,0.9895370648202375,1.7297967739920661e-06,0.00015242647159136258,1.5706751769775097e-06,3.1763919321696494e-05,9.518523779365287e-05,3.7919136766503207e-06,3.1520691895485057e-06,0.0008436714690803184,0.00010790760249618351,5.147810889671227e-09,0.00010041696418462082,6.079282289390314e-05,8.58929700482856e-06,7.07958267867521e-06,0.006005872273223446,2.1915553153322662e-05,2.6261612211143456e-10,7.927951404891145e-05,2.8503540810709395e-05,5.423320380236196e-07
45,0.000197503519434034,1.7890623578616541e-10,0.0027228459739565914,1.0518462528179199e-06,0.9894892624718701,1.7403615970295145e-06,0.00015337164580983984,1.5920943907404192e-06,3.190812331454757e-05,9.57872094508395e-05,3.8018079058824312e-06,3.170407610648161e-06,0.0008524892910240762,0.000107938569752286,5.174085378403707e-09,0.00010136162329778953,6.109679982454278e-05,8.649165920725321e-06,7.133749897799036e-06,0.006028807794375354,2.1973115075607532e-05,2.6466258451363396e-10,7.92622303381664e-05,2.870525705503482e-05,5.413241913255628e-07
46,0.00021353076487506693,1.6611111101478873e-10,0.0028502215539365962,1.0666633428811613e-06,0.9889988604642901,1.766649146378132e-06,0.00016531623557542146,1.6377922887829924e-06,3.120531117155283e-05,0.00010029306190638738,3.749262659794693e-06,3.3897186033624367e-06,0.0009235648558659398,0.00010932822645949435,4.878065593667123e-09,0.00010748243578407195,6.927518146504137e-05,8.754300814912452e-06,7.259949171637181e-06,0.006267970654183345,2.3442728800180036e-05,2.750308634136413e-10,8.027715611956764e-05,3.1060404536652485e-05,5.413097953861016e-07
47,0.00041822144031741,1.6787449751087803e-10,0.004140224683006941,1.6372908948222693e-06,0.9847401967788404,2.2316536256706777e-06,0.00023537448493227478,2.8834319482284287e-06,3.324997841385414e-05,0.00014164152223305936,3.9010447248649244e-06,4.63812951803048e-06,0.0020066552743857823,0.00011905210515421822,4.439649691300035e-09,0.00021432762508213782,0.00011556707378529124,1.2376343434345812e-05,1.3299754437086975e-05,0.007632974913699418,2.7774583766096256e-05,3.945922891541358e-10,7.983294317976239e-05,5.347974446291496e-05,4.54198040692054e-07
48,0.0002318318692048283,1.6968857378771242e-10,0.0027252112930405106,9.17156684346775e-07,0.9895595386242642,1.8573515188064695e-06,0.00017169506963250856,1.6905741578791568e-06,3.0187770142539176e-05,0.00010359415564904754,2.8864038307606544e-06,2.865978603807675e-06,0.0010875088698703043,9.971603671067925e-05,4.2159624085756626e-09,0.00011052208846457072,7.514875170093919e-05,9.098288725926944e-06,9.287383560844067e-06,0.005641838066691872,2.0483340090119793e-05,2.704670309982212e-10,7.357185027096241e-05,4.004675641672272e-05,4.976646497759147e-07
49,0.00016111954760280483,2.0707215534507098e-10,0.0033652840178205645,1.0865214813108238e-06,0.988360267814878,2.2295122591183306e-06,0.00015580321106482055,1.9298096764491766e-06,3.4711667568519066e-05,9.903281684960399e-05,3.5428641957361977e-06,4.364594072228659e-06,0.0008940774978234574,8.88149902279708e-05,5.619012581208801e-09,0.00011511610445834504,6.252823672298256e-05,8.111067251280651e-06,7.169232310133772e-06,0.006504018300687216,2.808274634093832e-05,3.5324144163090235e-10,7.357966720736705e-05,2.8605931717669608e-05,5.176684572351858e-07
50,0.00012925038441235226,2.496554728017088e-10,0.0026230136356259724,1.013135495106789e-06,0.9905062630201774,2.0386555289886155e-06,0.00010002451631547584,1.2692776517262115e-06,3.1564837250553675e-05,6.677614851412599e-05,3.803933588598524e-06,3.3976103334931807e-06,0.0005993581504458135,9.251456125164853e-05,6.33990760132917e-09,0.00010000827772068267,4.6780703393611385e-05,9.209444095946294e-06,6.689164578510112e-06,0.005549740088947285,2.8541687025439746e-05,2.9057353813483667e-10,7.894172069509087e-05,1.9311459982728514e-05,4.827068329285832e-07
51,0.00020053303721027208,1.482941875511393e-10,0.0026641457361145345,9.148737311317717e-07,0.9897962638952159,1.6228228629659334e-06,0.00015706692194114637,1.4236532749723262e-06,3.0111662932267885e-05,9.603716450768837e-05,3.3853906769389787e-06,2.8422520546030275e-06,0.0008521942575983225,0.00010337493369752628,4.388849075445208e-09,9.545209395877295e-05,6.36539926266141e-05,8.017085524003632e-06,6.9858448673054286e-06,0.00578562704252701,2.0926660294016826e-05,2.3020945760449753e-10,7.867736889405017e-05,3.0221936423551525e-05,5.166057135993978e-07
52,0.00023097450905448834,1.8910716945330921e-10,0.0024209248276175544,1.6456099922573862e-06,0.9847389030788521,2.826022786698173e-06,0.00013348441234370455,2.946449834310571e-06,3.951878644333374e-05,0.00017617658874568792,5.219187573478321e-06,3.497623706743662e-06,0.00154539080873695,0.00011688590162181065,7.67702900424323e-09,0.00014702558306519068,5.9247715984923006e-05,1.865116185064649e-05,1.0820704428747392e-05,0.010198338225297924,2.190980498552323e-05,2.7649941353868325e-10,9.001465012808685e-05,3.5182285261174494e-05,4.079190530911877e-07
53,0.00015698078773266317,1.2361224778833028e-10,0.0023605013469258163,1.1632195952825964e-06,0.987414339356642,1.6949705025756707e-06,0.0002303809641996431,1.2805163565809074e-06,3.126937616881362e-05,0.00010245956525622577,5.1723406416539755e-06,4.109334698345957e-06,0.0007029248084140801,0.00014645232622606866,5.774531437206607e-09,9.487526752056802e-05,6.507868263940331e-05,9.806858984715459e-06,3.870976092174531e-06,0.008484663377339857,2.7078011757990202e-05,2.404678991415464e-10,0.00012742255742916874,2.772700223845335e-05,7.422140266103442e-07
54,0.00017563986177516328,3.551971077437873e-10,0.001872166440452682,1.2338409682047947e-06,0.992213355432972,2.0022347677324083e-06,0.0001517082152449577,1.4962087067568284e-06,3.624830950067916e-05,7.539255815767995e-05,4.29856395689564e-06,3.1469733066818052e-06,0.0005765797606699388,0.0001298438654194189,7.718971438770402e-09,7.86117228312057e-05,4.393508847832082e-05,8.842882500516462e-06,7.012513369713978e-06,0.004498943535914595,1.7092644958061924e-05,3.624062641479282e-10,7.754679577304913e-05,2.405468141421174e-05,8.394322867582083e-07
55,0.00019355989308512362,1.8048563936513594e-10,0.0028829922019177148,8.773483455108643e-07,0.9907865095885562,1.355890521881965e-06,0.00011115986827162464,1.0688959623787957e-06,2.7446753928000045e-05,8.399426759563088e-05,3.5911594378395915e-06,1.7698359965776042e-06,0.0006468415880352891,8.663425691276877e-05,4.3922658996141386e-09,7.764068001549001e-05,5.640698770922645e-05,6.4207317102665835e-06,7.502122713036477e-06,0.004907394990011496,2.0743093586715513e-05,2.026658481720362e-10,7.265395948958453e-05,2.2949650217191162e-05,4.81460563211467e-07
56,0.0002082255355641503,1.7885311624754176e-10,0.002777137719646239,1.1127661724329663e-06,0.988764397692085,1.8572524082381752e-06,0.00015895763631520614,1.7458961722125938e-06,3.258698835836091e-05,0.00010432902601960312,3.8010008451637354e-06,3.2296043945715474e-06,0.000980561825160032,0.00010858865502890717,5.154902399265764e-09,0.00010950665193873616,6.515034587900068e-05,9.36756589308742e-06,7.727983870294057e-06,0.006526522901326393,2.2052335782719577e-05,2.7031470495437483e-10,8.110406891651299e-05,3.149738548680599e-05,5.335586662754452e-07
57,0.0004363423108961248,2.779031869937981e-10,0.0012575910810422779,2.0078721997874593e-06,0.9915179852148067,1.7266188828599652e-06,0.00023409247040868638,1.4082359875234097e-06,4.449144961686465e-05,9.342495211792e-05,8.141966458051062e-06,2.1858206548268897e-06,0.0006393229474033796,0.00024301310298769117,9.450961626470068e-09,9.250133727382252e-05,6.567797240786895e-05,2.02323438181668e-05,7.322815454320912e-06,0.005108359405001395,1.8070524807199984e-05,2.940561047305151e-10,0.0001738277588031364,3.1100377964658415e-05,1.1633980856393867e-06
58,0.000205714131623518,1.7562647098070834e-10,0.002776417611769335,1.0051816414913843e-06,0.9888298498039677,1.9730990306570522e-06,0.00017156199070714328,1.6834311278030476e-06,3.1849960517150097e-05,0.00010863239578620737,3.391064455546091e-06,3.3392758855059294e-06,0.000999999678101422,0.00011088456191490734,5.071791453209461e-09,0.0001102782438666772,7.057747839146214e-05,9.5791284040518e-06,8.052165354612954e-06,0.006406569053286708,2.3470732029983746e-05,2.781405464712977e-10,8.705774623780652e-05,3.7554097535308734e-05,5.536428064999166e-07
59,0.00020144212609544344,1.7471537149347423e-10,0.0030366705167354595,1.0056730448208535e-06,0.9885045419048278,1.8499440544195545e-06,0.0001623403284988767,1.6875088969882467e-06,3.131203678927426e-05,0.00010529588382411262,3.4918195593580955e-06,3.2785853263151917e-06,0.0009792880517617284,0.00010663534544470599,5.021203626734223e-09,0.0001090615303306716,6.940440980678813e-05,8.843997104160367e-06,7.861793299826011e-06,0.0065230392888705495,2.4019907717197978e-05,2.7053501855541847e-10,8.358935167740684e-05,3.480065097819777e-05,5.338789017984516e-07
60,0.000196552725345199,1.7816008124293994e-10,0.002711140137658444,1.0456930351135573e-06,0.9895370648202375,1.7297967739920661e-06,0.00015242647159136258,1.5706751769775097e-06,3.1763919321696494e-05,9.518523779365287e-05,3.7919136766503207e-06,3.1520691895485057e-06,0.0008436714690803184,0.00010790760249618351,5.147810889671227e-09,0.00010041696418462082,6.079282289390314e-05,8.58929700482856e-06,7.07958267867521e-06,0.006005872273223446,2.1915553153322662e-05,2.6261612211143456e-10,7.927951404891145e-05,2.8503540810709395e-05,5.423320380236196e-07
61,0.00019376227532204846,1.7242259056845392e-10,0.002900156787346423,9.474615930429178e-07,0.989404981235757,1.7807544929558185e-06,0.00015856586552966015,1.5148731731253472e-06,3.10209986921841e-05,9.875846344152897e-05,3.4555234667680763e-06,3.150934311808039e-06,0.0008654108343189635,0.00010558005420655869,4.928120212196426e-09,0.00010133784389010102,6.578673365109895e-05,8.284760362899614e-06,7.4806866928960895e-06,0.0059105801939894126,2.33617266145093e-05,2.6531418583965033e-10,8.147429857789903e-05,3.205906934942145e-05,5.432593626463839e-07
62,0.000196552725345199,1.7816008124293994e-10,0.002711140137658444,1.0456930351135573e-06,0.9895370648202375,1.7297967739920661e-06,0.00015242647159136258,1.5706751769775097e-06,3.1763919321696494e-05,9.518523779365287e-05,3.7919136766503207e-06,3.1520691895485057e-06,0.0008436714690803184,0.00010790760249618351,5.147810889671227e-09,0.00010041696418462082,6.079282289390314e-05,8.58929700482856e-06,7.07958267867521e-06,0.006005872273223446,2.1915553153322662e-05,2.6261612211143456e-10,7.927951404891145e-05,2.8503540810709395e-05,5.423320380236196e-07
63,0.0001846139246843304,2.0978921017471417e-10,0.0025566094830404866,1.0300614339994767e-06,0.9902272708191007,1.8114811486631094e-06,0.00014040656313149183,1.486768374242411e-06,3.2450014446880794e-05,8.860570996935796e-05,3.801861455185747e-06,3.0104582481274543e-06,0.0007700485054256248,0.00010543381328589595,5.607412240711326e-09,9.594313970578016e-05,5.6176448687778865e-05,8.71409308352349e-06,7.348820203416248e-06,0.005587700343517103,2.1726829336512352e-05,2.76482402574706e-10,7.855977081464611e-05,2.668537778598227e-05,5.596194366531927e-07
64,0.00017714233965475333,1.7980883423652695e-10,0.0030690034442279594,9.799394581000989e-07,0.9892395717702378,1.797267279850589e-06,0.00014184014302685749,1.4165595595797624e-06,3.0497214614050635e-05,9.056240286827176e-05,3.818146647158141e-06,3.4061533788233823e-06,0.0007627657537215429,0.00010480036280764962,5.472621026368048e-09,0.00010199557509425248,6.30288690803584e-05,8.166426235750428e-06,6.819138520762003e-06,0.006051898559470135,2.8396028512602917e-05,2.7093002706912284e-10,8.46771830503195e-05,2.687684952370303e-05,5.339496697479097e-07
65,0.00017139139106815148,1.913113418401862e-10,0.0025096328511031137,1.0318832473288406e-06,0.9894581878339528,1.8618393256640244e-06,0.00014758748091965324,1.3976632859341574e-06,3.0159342451294105e-05,8.997377073594336e-05,3.716139470437586e-06,3.2374966653071875e-06,0.0007693139559074169,0.0001136386972611201,5.5545055205704676e-09,9.547318424152476e-05,5.802747156483926e-05,9.247295489944326e-06,6.583622520740158e-06,0.006387550864487088,2.379799431415315e-05,2.626500064549577e-10,8.88649406124499e-05,2.8729235769951765e-05,5.890371383474544e-07
66,0.00019657656340968404,1.7849267248031986e-10,0.002710762214723344,1.0467047201612347e-06,0.9895366307188883,1.7309943298631466e-06,0.00015243201908037924,1.5717542585430216e-06,3.178765513810514e-05,9.519253924064516e-05,3.7969709525669237e-06,3.1562038053744374e-06,0.0008432698832766091,0.00010803418995710596,5.158840524081535e-09,0.00010043605380602402,6.078010860201575e-05,8.598286564724666e-06,7.079824604863348e-06,0.0060067816212194935,2.1932869033213957e-05,2.629793724169012e-10,7.935223109495846e-05,2.8501973028819993e-05,5.430199528635626e-07
67,0.0001895744488984464,1.8283882129320812e-10,0.0026969232199294006,1.0601675236134766e-06,0.9891021444411696,1.8600519868397492e-06,0.00015764284615320744,1.537451349674692e-06,3.086292196203756e-05,9.602750667614839e-05,3.813434058017783e-06,3.3603102479221367e-06,0.000854907798348252,0.00011399414471996658,5.37214141851325e-09,0.00010302923984112018,6.296981609403617e-05,9.253830637287593e-06,7.037815361791793e-06,0.006423841450227988,2.365794481473311e-05,2.7116772637612306e-10,8.560633005510753e-05,3.0317090745685137e-05,5.719130507675685e-07
68,0.00022990130251991655,1.6611900207076644e-10,0.0024879553138873645,9.917761571689407e-07,0.9905417413292741,1.35123587103241e-06,0.00013866707549917785,1.384246795280493e-06,2.997473517278691e-05,8.920270784463674e-05,3.627064722982293e-06,2.2757160895679334e-06,0.0008462806145534126,0.00010796486745735265,4.240626615311069e-09,9.321471629305546e-05,5.822249654627115e-05,7.905140832172106e-06,7.868583052664697e-06,0.0052382033946641,1.603484057106563e-05,2.170025823172518e-10,6.954329173684492e-05,2.71876771788324e-05,4.972495318345244e-07
69,0.00018703684496692246,1.7153854911983512e-10,0.0027151709724868417,1.075806940351339e-06,0.9889210816977122,1.713594432832395e-06,0.00014823847180543394,1.562378640386876e-06,3.214044183160504e-05,9.727653179524172e-05,4.250548517339932e-06,3.2964246885154675e-06,0.0008114393719806758,0.00010941004536802963,5.56407611578269e-09,9.613673617616502e-05,6.004979488774266e-05,8.892868585564512e-06,6.317594432443046e-06,0.006658528029067942,2.3740651088439337e-05,2.565610088471767e-10,8.581000900962975e-05,2.626701566871082e-05,5.58177741406122e-07
70,0.00017914014488602594,1.7708048967952594e-10,0.002839458205776598,1.1306235256123889e-06,0.9889579643666044,1.804768655037251e-06,0.0001464934018600914,1.6433084869273584e-06,3.294100815326536e-05,9.663676559129101e-05,3.98211009888198e-06,3.256707048007878e-06,0.0008463856307651121,0.00010002705781672718,5.220280933626988e-09,0.00010415682761029881,5.609153431184383e-05,8.386083310022842e-06,6.658700423853428e-06,0.0064877666106853355,2.2297393502895108e-05,2.607508529305307e-10,7.762605091195513e-05,2.563667314683705e-05,5.103687166921113e-07
