,0,1,2,3,4,5,6,7,8,9,10,11,12,13,14,15,16,17,18,19,20,21,22,23,24
0,0.0005380931412135556,2.7922228206756077e-08,0.01886932884814119,4.969033383099779e-06,0.9643076340996587,7.63279420975161e-06,1.8290689109534815e-05,0.0002340787328938912,0.0014487713397256837,0.0017579633871507982,0.000924164050135489,3.0407437415800994e-05,0.0010079943742552578,8.582130304180487e-05,6.247244913692765e-06,0.0003229133951887435,0.00011776956782219088,0.00013549361828765657,0.00018940716660190496,0.009739109061322632,0.00013909242884638852,2.5812455564267336e-08,0.00010785361235718271,5.588923925254872e-06,1.322015716099495e-06
1,0.0004054815177258723,3.044875441849301e-08,0.02003971975132574,3.0327092669843363e-06,0.9689938388848264,6.173252906620422e-06,1.3468703410668499e-05,0.00016065042407808095,0.001410532108959039,0.0013727960936458714,0.0007671176844255585,2.5359893011725848e-05,0.0005722882297383852,6.577356046007922e-05,6.122129718691799e-06,0.00023416952388593108,8.210454488772837e-05,7.362715378004651e-05,0.00018241164588084024,0.005386299324300094,0.00012076418394097868,2.4737761342926423e-08,7.326623752008479e-05,3.7333058613773886e-06,1.2139499273475206e-06
2,0.002116214420969483,5.8203300964228536e-08,0.042996288382648996,3.457419735625601e-05,0.8883478312015384,0.0003268320939489268,0.0008475157320726616,0.00026077307869311773,0.0008457259658050935,0.001585634146566368,0.00012873767743781732,0.00025711115850817775,0.007441366020745915,0.00020773861461072091,1.3637606210698387e-06,0.039831557882814735,0.002611826298433747,0.0020665380876596154,0.0037033934962462708,0.004407696320662502,0.0014311426600401357,7.373539414020625e-07,0.00025446044581248114,0.0002937941689915385,1.0886305737016051e-06
3,0.00038320082694297036,3.5356350745150185e-08,0.01672489326339378,3.3048862938670628e-06,0.9713124762763411,6.833842513539321e-06,1.763529821509044e-05,0.00015256217294232728,0.001146474015516978,0.0011913910186108852,0.000914679245002983,3.554472555420905e-05,0.0005579613851541228,0.00010489001652160165,7.954214745964707e-06,0.00022255633615354088,9.655311415944476e-05,0.00010975079123363567,0.0001513261761359256,0.006605716705379688,0.00015136069706888207,2.992195442124268e-08,9.6579479170433e-05,4.55975253716706e-06,1.730482106479452e-06
4,0.00040893497869454144,3.455132448065634e-08,0.016897638751404133,3.3884008298947166e-06,0.970523526803607,7.052331236915767e-06,1.8235990361106197e-05,0.00015710473088590345,0.001061447940525637,0.0012355218020848751,0.0008698478224191162,3.480215927159015e-05,0.0006651364053359432,0.00011069992269006642,7.467502750715185e-06,0.0002411472134058005,0.00010184810461535633,0.0001195023564767678,0.00016726510047436862,0.007118693707591283,0.00014756599319979032,2.8701032079147867e-08,9.622986318065754e-05,5.230564903969843e-06,1.6483016981891494e-06
5,0.00041335932910138636,4.2682370921871203e-08,0.015601223302367183,4.554456801068615e-06,0.9701817618920929,8.99288074358106e-06,1.8990842875627674e-05,0.00017221834375244293,0.001179381403926537,0.0012740864079471615,0.001035495407403087,3.872709723233169e-05,0.000663612961635076,0.00012036951468553766,9.175756753462707e-06,0.0002868662422690216,0.00011073816434191087,0.0001720879579482744,0.00017787409285023297,0.00822804295614994,0.0001759941524276521,3.562176054770408e-08,0.00011920120841012865,5.364939893918496e-06,1.8023842599045739e-06
6,0.00038320082694297036,3.5356350745150185e-08,0.01672489326339378,3.3048862938670628e-06,0.9713124762763411,6.833842513539321e-06,1.763529821509044e-05,0.00015256217294232728,0.001146474015516978,0.0011913910186108852,0.000914679245002983,3.554472555420905e-05,0.0005579613851541228,0.00010489001652160165,7.954214745964707e-06,0.00022255633615354088,9.655311415944476e-05,0.00010975079123363567,0.0001513261761359256,0.006605716705379688,0.00015136069706888207,2.992195442124268e-08,9.6579479170433e-05,4.55975253716706e-06,1.730482106479452e-06
7,0.0002989566820059778,4.4857552368453886e-08,0.013252269229065302,3.5310454244753818e-06,0.9749067930967563,9.365409584014036e-06,1.6895778581821105e-05,0.00013249567084186066,0.0012808227066662531,0.000995429881145104,0.0009548328211754768,4.140902995045916e-05,0.00041957489307620205,0.0001146377668925052,1.0472054456096547e-05,0.00023226161716591645,9.416154335762766e-05,0.00015535308270156524,0.00013835577520250264,0.006595833162755746,0.0002068119615526349,3.553821625588204e-08,0.00013337136072634904,4.269670648755728e-06,2.015364498502086e-06
8,0.0005195114367945186,3.06369710890398e-08,0.03300881054006766,3.369336196896974e-06,0.9534359282690407,4.958385074589472e-06,2.2341577473523036e-05,0.00016317932970484055,0.001265317696464688,0.0019995881789608323,0.0009453768185397342,4.233146091180308e-05,0.000644272006869983,0.00012201527595131633,7.2945284092960425e-06,0.0001859296548608636,0.00012782540247037328,5.228672253319898e-05,0.0001253057839371319,0.006988176205319754,0.0001974592547250332,3.034054615165435e-08,0.000129124851301327,6.959687838407578e-06,2.576619036207839e-06
9,0.0004921304059161886,3.549503622747194e-08,0.023413588077401137,3.3911735488412774e-06,0.9627750100153519,5.341084840729416e-06,2.049949659843892e-05,0.00017165221912671967,0.0013733185171382566,0.0019451796043922665,0.0011141013985027052,4.024064196581753e-05,0.000545828623883242,0.00013211141665240035,1.0107180122836434e-05,0.00016347534130691795,0.00011157010142385172,7.022358738160075e-05,0.00012078085316166853,0.007156067002467079,0.0001817862554156516,3.023706259578645e-08,0.0001444557573677623,6.222877755904742e-06,2.8526361792187734e-06
10,0.00038320082694297036,3.5356350745150185e-08,0.01672489326339378,3.3048862938670628e-06,0.9713124762763411,6.833842513539321e-06,1.763529821509044e-05,0.00015256217294232728,0.001146474015516978,0.0011913910186108852,0.000914679245002983,3.554472555420905e-05,0.0005579613851541228,0.00010489001652160165,7.954214745964707e-06,0.00022255633615354088,9.655311415944476e-05,0.00010975079123363567,0.0001513261761359256,0.006605716705379688,0.00015136069706888207,2.992195442124268e-08,9.6579479170433e-05,4.55975253716706e-06,1.730482106479452e-06
11,0.0004316551387606352,3.486689672758205e-08,0.01797277741957881,3.54738480722277e-06,0.9688625851930414,7.352935905414947e-06,1.9484504901712658e-05,0.00018117844459905442,0.001184166827268747,0.0013703641964623212,0.0009069298766071728,3.766313487565131e-05,0.0007091152579061069,0.00010641881624770624,7.808524969228806e-06,0.00025778461581850426,0.0001090984532868637,0.00011990280787870917,0.00017354505226795496,0.007282458233847915,0.00015165543980175832,3.163990954646763e-08,9.733156479802472e-05,5.439040267747956e-06,1.6706292949943408e-06
12,0.006783562345972397,4.049916068338018e-07,0.6603967225843236,2.622499882926459e-05,0.22061155715131633,1.5869656656530275e-05,2.8599203532746685e-05,0.05488182417421769,0.009967095348204842,0.01941074259385324,0.003341569675469601,0.0002691603017475627,0.010555365602324993,1.7347201245726147e-05,6.927134586238555e-05,0.0033537627938263065,0.0007056885948208269,6.523901724139852e-05,0.004626200170883123,0.004409007486583692,0.0004187743009660695,1.6748268683991275e-06,2.516779728204052e-05,1.8252659418256857e-05,9.151769459937977e-07
13,0.0002771448698931911,4.4538454488097545e-08,0.008378628891181057,2.2515000020497977e-06,0.9845643278099319,1.763032211663479e-05,2.032133446192809e-05,9.534678428452081e-05,0.0013272068660829925,0.0009243279686017862,0.0001665613959702503,1.2516794942406648e-05,0.0004708879426344726,3.0255428924944415e-05,2.5552997103513865e-06,0.00023432317496962132,0.00010523114005410698,9.681310930656114e-05,0.0003236969819939028,0.0027951654660594806,8.455876641262968e-05,3.636242646835772e-08,6.156554656794326e-05,7.303332568629227e-06,1.2983724478404833e-06
14,0.0033376848115876582,1.5692854616118068e-08,0.06673761718230042,4.931253636374123e-06,0.8921510045313567,9.992761547276109e-06,0.0003422264832930465,0.001759528963690005,0.008169259720974107,0.011887533616956759,0.0012732140130639876,0.0004951166783768933,0.00148927027691576,0.000302154151955573,1.7199177188898556e-05,0.00044316965877041006,0.001302025069976953,6.657685911282279e-05,0.00010941517302832032,0.008570494386956316,0.0008673371999604221,1.691728122466206e-07,0.0005868432956217265,6.128728070949434e-05,1.5932587353582484e-05
15,0.00038320082694297036,3.5356350745150185e-08,0.01672489326339378,3.3048862938670628e-06,0.9713124762763411,6.833842513539321e-06,1.763529821509044e-05,0.00015256217294232728,0.001146474015516978,0.0011913910186108852,0.000914679245002983,3.554472555420905e-05,0.0005579613851541228,0.00010489001652160165,7.954214745964707e-06,0.00022255633615354088,9.655311415944476e-05,0.00010975079123363567,0.0001513261761359256,0.006605716705379688,0.00015136069706888207,2.992195442124268e-08,9.6579479170433e-05,4.55975253716706e-06,1.730482106479452e-06
16,0.0003972784289372919,3.2857982746462134e-08,0.01891690011530928,4.545228046193936e-06,0.9648973959844462,8.080881503112094e-06,2.0264374890630574e-05,0.0001721030938961795,0.0008987618677026795,0.0012116419563225986,0.001247279009001563,5.263720041913611e-05,0.0007608714875931143,0.00015486628907511332,9.81384220133838e-06,0.00034456829016806184,0.00010902733430727452,0.0001929655585629111,0.00015512136421794176,0.010096570980089663,0.0002255713385790921,3.222754267478045e-08,0.00011696250035076171,5.236733784062988e-06,1.4710550703001553e-06
17,0.00039524911766174853,3.242658654944677e-08,0.01672180283078305,3.3713706815051085e-06,0.9712279306990163,6.1758434671129235e-06,1.930916628490086e-05,0.00015169989378961693,0.0010929380814677467,0.0011605713889125742,0.0009432455569383304,3.87898915612178e-05,0.000561677369894013,0.00011483091771138293,7.573087856693395e-06,0.00021440481968175594,9.847619684571576e-05,0.00010267293267081945,0.00013197110576090772,0.0067563939454391665,0.0001488348591212272,2.957219078302299e-08,9.564754265344331e-05,4.549551157438316e-06,1.8218318663148858e-06
18,0.0004516746748795844,3.544637768658512e-08,0.010797652197669849,2.545272799216615e-06,0.9779307770155481,5.210914892774601e-06,2.1926099264304153e-05,0.00010433542854114057,0.0010271573289435804,0.0010660872983872245,0.0008748720966555517,2.7379068936979267e-05,0.0004319813075487421,0.00013150884793059674,6.858634163692649e-06,0.00012602618683198847,0.0001640488559745841,0.00011393828347465233,0.0001325732393195572,0.006325500112390358,0.0001241868045099978,3.191327341694489e-08,0.00012466776629698544,5.640619492169516e-06,3.3845858971811746e-06
19,0.0003249684432487513,9.003487190964653e-08,0.005873068042734643,3.872181454370509e-06,0.9794009278644135,4.413635627876639e-06,4.026275540902429e-06,5.081537492983212e-05,0.0005437916782837273,0.00030983790498018534,0.002546287791518638,1.1866170909884565e-05,0.0002288237704517304,0.0003224303502600046,2.499277924948594e-05,0.00016730436126661898,6.46528209707995e-05,0.0007129517403753315,0.00021045150510415027,0.008764863636762306,0.00020089562252490977,1.3520175229826329e-08,0.0002250755220745529,2.0007235135370018e-06,1.5782487570542005e-06
20,0.00039297055298934027,9.868791901272811e-08,0.021994685830250015,5.652724670161539e-06,0.9610498046095525,1.2407458417838928e-05,1.941622790063068e-05,0.00034436911891708286,0.0017539916715907213,0.0014808059580321328,0.001772758729836944,8.471127443879055e-05,0.0006472700153246462,0.00014408234000959748,2.588905220903631e-05,0.00033537322466709426,0.00011965039564199701,0.0002168036822517844,0.00020617930530904567,0.008934770714000149,0.00031379899783019207,8.261464224220383e-08,0.0001366611110765226,5.209629179485776e-06,2.5560733432559686e-06
21,0.00033985939676666084,3.475927035257077e-08,0.015476431341865415,2.2452400729648855e-06,0.9746560355169339,7.089646662985879e-06,1.8483489523909573e-05,0.00014562385075805924,0.001245385427284365,0.001171782242156486,0.000592440221972441,2.766680406075691e-05,0.000504134358003283,7.229714739317856e-05,6.324172148100463e-06,0.00017761123842939948,0.00010605769507105439,8.323644848896394e-05,0.00016340378433395616,0.004981367117144221,0.0001308707029366053,3.021876693774144e-08,8.456864208428406e-05,5.220999795172794e-06,1.7995380765046414e-06
22,0.0004093289867995215,2.984542572668138e-08,0.019516126834518595,4.090281533075705e-06,0.965507191118583,5.757748255786105e-06,1.5670774468629304e-05,0.00013165640116394837,0.000976264084133378,0.0012536434921746498,0.0014767009182701048,3.546001583199867e-05,0.000592556642253661,0.00012427310167018661,8.287549804937487e-06,0.00025181862736266416,0.00012476365938747259,0.00015105512851968568,0.00014174861000276583,0.008950860456661028,0.00019951197416216127,2.8882718696979377e-08,0.00011774879465363712,3.844019159283973e-06,1.582052485651271e-06
23,0.00038320082694297036,3.5356350745150185e-08,0.01672489326339378,3.3048862938670628e-06,0.9713124762763411,6.833842513539321e-06,1.763529821509044e-05,0.00015256217294232728,0.001146474015516978,0.0011913910186108852,0.000914679245002983,3.554472555420905e-05,0.0005579613851541228,0.00010489001652160165,7.954214745964707e-06,0.00022255633615354088,9.655311415944476e-05,0.00010975079123363567,0.0001513261761359256,0.006605716705379688,0.00015136069706888207,2.992195442124268e-08,9.6579479170433e-05,4.55975253716706e-06,1.730482106479452e-06
24,0.00032014643702621653,3.241578616652894e-08,0.013606251283463103,4.206582366531212e-06,0.9739858058665736,6.685883464240363e-06,1.495731586319877e-05,0.00011910610105207398,0.0009010255002144334,0.0010355914068547576,0.0009495141789602438,3.526736802130355e-05,0.0005472927948853577,0.00011235034665989546,6.497428494382178e-06,0.0002223842077537648,7.820248133224826e-05,0.00011824950834146846,0.00012139093951779585,0.00759127992446907,0.000130481847306693,2.6228390737557933e-08,8.813856777320982e-05,3.5987172865018223e-06,1.5166681429003993e-06
25,0.0005789827831388217,2.4418588427835997e-08,0.024068869389980183,5.422358894485701e-06,0.955192197825267,4.431238669650617e-06,2.828361148476552e-05,0.000288470806011371,0.001044495871880388,0.0017272597672950832,0.0020269591356216034,6.74842308083927e-05,0.0009993247222644336,0.00018491204191724192,9.844624265311857e-06,0.00027485580622389614,0.00013548258704332595,0.00012973491968434105,0.00010238475401282906,0.012851420519925183,0.0001665324614190443,3.279681133643887e-08,0.00010560699154447813,5.031657172545573e-06,1.9546800761843036e-06
26,0.00019754444534212745,1.1362513999136858e-07,0.04705786743853416,1.3512520842459328e-05,0.9292974182786734,5.57229869945452e-06,1.3180757167157632e-05,0.0003226140023920351,0.00043320603695429417,0.0008335381466893963,0.005286400759408867,0.00025962693366854986,0.0005799810076088308,0.00037503409855368697,3.382370583532502e-05,0.00037993932187569844,5.6508939598211805e-05,0.0001251526617430048,8.58913262573908e-05,0.014251342549089855,0.0003388590811843244,9.343545280912548e-08,4.913843585937436e-05,1.7649450042850313e-06,1.8752484250857884e-06
27,0.0003942320510476545,5.445841815711864e-08,0.014618315748120912,3.7447196112423577e-06,0.9734215317063172,8.034690041945538e-06,1.748006597388048e-05,0.00020054468129387923,0.0016920045402175929,0.0013067804438895228,0.0010464700636431232,3.8322269491730354e-05,0.00048804574841159826,9.616955731488717e-05,1.0975339182038151e-05,0.0002025179123211214,9.3627036181791e-05,0.00010886552552955428,0.00016772263764481743,0.005850553649470255,0.000130875887272464,4.238033729996337e-08,9.663581580060472e-05,4.093729338594025e-06,2.3593431281321915e-06
28,0.00038320082694297036,3.5356350745150185e-08,0.01672489326339378,3.3048862938670628e-06,0.9713124762763411,6.833842513539321e-06,1.763529821509044e-05,0.00015256217294232728,0.001146474015516978,0.0011913910186108852,0.000914679245002983,3.554472555420905e-05,0.0005579613851541228,0.00010489001652160165,7.954214745964707e-06,0.00022255633615354088,9.655311415944476e-05,0.00010975079123363567,0.0001513261761359256,0.006605716705379688,0.00015136069706888207,2.992195442124268e-08,9.6579479170433e-05,4.55975253716706e-06,1.730482106479452e-06
29,0.00038320082694297036,3.5356350745150185e-08,0.01672489326339378,3.3048862938670628e-06,0.9713124762763411,6.833842513539321e-06,1.763529821509044e-05,0.00015256217294232728,0.001146474015516978,0.0011913910186108852,0.000914679245002983,3.554472555420905e-05,0.0005579613851541228,0.00010489001652160165,7.954214745964707e-06,0.00022255633615354088,9.655311415944476e-05,0.00010975079123363567,0.0001513261761359256,0.006605716705379688,0.00015136069706888207,2.992195442124268e-08,9.6579479170433e-05,4.55975253716706e-06,1.730482106479452e-06
30,0.00038320082694297036,3.5356350745150185e-08,0.01672489326339378,3.3048862938670628e-06,0.9713124762763411,6.833842513539321e-06,1.763529821509044e-05,0.00015256217294232728,0.001146474015516978,0.0011913910186108852,0.000914679245002983,3.554472555420905e-05,0.0005579613851541228,0.00010489001652160165,7.954214745964707e-06,0.00022255633615354088,9.655311415944476e-05,0.00010975079123363567,0.0001513261761359256,0.006605716705379688,0.00015136069706888207,2.992195442124268e-08,9.6579479170433e-05,4.55975253716706e-06,1.730482106479452e-06
31,9.960912014693499e-05,1.731319468061166e-08,0.0030376748893049203,2.2035663478998035e-06,0.9898101136213786,6.522641969569761e-06,1.4110170089029274e-05,1.7057303174125222e-05,0.0007652191720228129,0.0006941730860019539,0.0007839630040969727,1.5432313329865774e-05,8.076954795063303e-05,0.00011878461823271136,5.0977810685608816e-06,6.388867838239366e-05,3.5267222442478967e-05,7.930210303039766e-05,3.374879764012236e-05,0.0041137911389183745,7.914909029618086e-05,1.3023357807794101e-08,0.0001399346785726389,1.561275100536084e-06,2.5958439499061053e-06
32,0.0003980782439929694,3.9983035339190416e-08,0.016982471776102136,3.2752610010283435e-06,0.9714264909746938,7.196852534990399e-06,1.6437827092780565e-05,0.00015081488303767936,0.0011425685205204209,0.0011556301786794076,0.0008625600215678,3.2774304529360864e-05,0.0005800709536317158,0.00010029200268782221,7.826180871706355e-06,0.00023334457819296616,0.00010036065748223563,0.00011534135370259304,0.00018202913296091813,0.006254353179610918,0.00014844085478453873,3.1389407161760434e-08,9.314308336166571e-05,4.748970375696283e-06,1.6788361424233777e-06
33,0.0006137862938971233,4.1331561599046785e-08,0.015878609755053917,4.753514252907859e-06,0.9683302877421924,1.152169213920758e-05,2.6473305163783215e-05,0.00022594566935394423,0.0008155563533618146,0.0013039197139778622,0.0005505900002510665,3.8054843637641596e-05,0.0017074995857836667,0.00012044548476908803,4.91285386859999e-06,0.000547923761676133,0.00019230715707021714,0.0002783933737825151,0.000401770728671566,0.008711392824428215,0.00013616701825218408,4.280663040550982e-08,8.573116465906147e-05,1.2664426401093805e-05,1.2085991641124291e-06
34,0.0002640882092159298,4.598634202578483e-08,0.015672997335768737,4.092577017430886e-06,0.9705153078214496,1.1442980683295762e-05,2.392545288964777e-05,0.00017921443127104456,0.001356842221219109,0.001423808509564035,0.0009453242366268999,5.507897986885529e-05,0.0005255503588151545,0.00010561294656295812,1.0597008468512506e-05,0.00025205539300534197,0.00010748294732988198,0.00013485953778660554,0.00012925158485567592,0.00794327053417269,0.0002053685116517972,4.798420402812079e-08,0.00012599843033832202,5.409918869219302e-06,2.326102023376327e-06
35,0.0004064698336703331,3.746413711293101e-08,0.016726795166335972,3.4018300252384852e-06,0.9713269094963113,6.995421001535324e-06,1.7758704319321715e-05,0.0001674716839300649,0.001254344866776357,0.0012161410489856203,0.0009162454452813926,3.547916980354558e-05,0.0005702077905991093,9.996193275377656e-05,8.145748496494153e-06,0.0002280422685974487,9.879360145861393e-05,0.00011058132154946787,0.00016068112078325262,0.006397316928278094,0.0001473528266266612,3.18420484575851e-08,9.452789781023764e-05,4.555002984927118e-06,1.7515874356638226e-06
36,0.00021175576951391916,2.8455980332615836e-08,0.013045546362805149,1.7576679254830844e-06,0.9806825871050299,4.678461927193123e-06,5.67015898990634e-06,4.2511542334794295e-05,0.0009689074884451366,0.0007515551563294139,0.0004372327873972429,6.304676550715123e-06,0.0002121331717908441,3.687380802175598e-05,3.822237458588415e-06,9.367114620746095e-05,3.271528774929938e-05,3.704920285165425e-05,0.00012204745869663724,0.0031375287232734794,9.084536897164718e-05,8.965361983284264e-09,7.192006867415678e-05,1.935823060665416e-06,9.13104652674454e-07
37,0.00023770860062761724,6.638742260401053e-08,0.01585011555323874,3.2574706186119327e-06,0.9725382836600542,1.012574154470219e-05,1.2338967734669588e-05,0.0002782023908327319,0.003069941742770491,0.0014858527963370134,0.0009830180627901177,3.427816832697895e-05,0.0003371133147647781,3.945438117432142e-05,1.2881823475387967e-05,0.00017532303519430408,6.818860604621456e-05,7.239163859442616e-05,0.00016059865831188333,0.0044366291788640435,0.00012003552991993534,5.2786938744420195e-08,6.99399184169819e-05,2.250717202329152e-06,1.9508687980593244e-06
38,0.0004107453859653013,4.581127065607462e-08,0.019518734059848483,4.231574857936594e-06,0.9660824437963323,1.2841844182748422e-05,2.375138645184064e-05,0.0001923067459124006,0.0011615561460126267,0.0013651303540595766,0.0009974392615185609,4.99606166028302e-05,0.0008228678788406597,0.00011979927758054583,1.1196155443381271e-05,0.000422769418033465,0.00012003237334099983,0.0002143125242791188,0.00024018908010885596,0.007831989609514914,0.00025744983730681224,4.3587019673554705e-08,0.00013162994264824684,7.038294338701134e-06,1.4950385294749544e-06
39,0.000474050348805429,1.8898349237617514e-08,0.008143566653399202,2.6698843677190266e-06,0.9819288619823798,2.6013350522857123e-06,1.7930404067103046e-05,6.563929790915551e-05,0.0007980653464688269,0.0011028598804550412,0.0011835164350112854,1.5904450156061097e-05,0.00035621190007060436,0.00016439452925622166,4.875258694273612e-06,8.765646895004883e-05,6.960642286552651e-05,7.24431928910547e-05,8.24278632920498e-05,0.005284808502979055,4.942502413047733e-05,1.3354497360798302e-08,8.68943876404372e-05,3.179892022518377e-06,2.3782862893178964e-06
40,0.00031170208284777515,2.978538812269307e-08,0.01712214587896463,2.3128977976231247e-06,0.9736867669670556,4.503785120706589e-06,1.4489136821226962e-05,9.633756476439707e-05,0.0007670339905368356,0.0007841125331749422,0.0007881738389686191,3.360380667328329e-05,0.000406646822893999,0.00011602742287493287,6.412385336063388e-06,0.00016133995268616418,7.620784989104952e-05,7.274033980891678e-05,0.00011355917393458119,0.005215218688366272,0.0001406810821920704,2.254432363288303e-08,7.480967201083891e-05,3.516409799540894e-06,1.6053877681562583e-06
41,0.000607394199722302,2.611060306132104e-08,0.030275549287320923,2.9395013990795488e-06,0.9526627180891274,8.585845246003521e-06,5.674069356828402e-05,0.00017522411247949737,0.0009941147609758103,0.002051994947991085,0.000962800340181846,9.711066956841408e-05,0.0008004815679467762,0.00019559020719920567,8.700404001959531e-06,0.00024962096238188966,0.0003257527712530136,0.00011397275821779198,0.00013447445973092454,0.009655240114267546,0.00039484113928901,5.7311814984065995e-08,0.00020677045373940003,1.494234032473107e-05,4.35695164895708e-06
42,0.00046002609567235826,1.1733233832467606e-07,0.0383779128079008,7.158770801021382e-06,0.9454072375281783,1.5348593490761676e-05,1.5220493559395268e-05,0.0005892204163244787,0.002447173000512186,0.0015192446323773958,0.001032225980280233,6.241964381920711e-05,0.0010105784925135079,5.2526162745792366e-05,1.3214013055385026e-05,0.0006320623097699797,0.00015363768372613374,0.00015572845299329074,0.0004443023995902423,0.0072734354723803735,0.0002527781829824216,1.1019503121855336e-07,7.194411027881204e-05,5.056889905099013e-06,1.3203397733430846e-06
43,0.0005566033452448576,5.6816694308738255e-08,0.008558553853289625,3.3134115201380716e-06,0.980173230163671,1.5184986037804043e-06,1.7793398418911463e-05,6.487881987569144e-05,0.00047011190159545454,0.00034248032264926683,0.003061809789437212,4.069947371581672e-05,0.00026246445014873167,0.0007003977551260313,1.1332405930326412e-05,8.32069937921532e-05,6.147785135472261e-05,0.00011870851504696518,8.260792764665425e-05,0.005266149084916128,3.936233098758071e-05,2.2131677163983903e-08,7.517501805958272e-05,2.2402787205696973e-06,5.805461877548291e-06
44,0.00038320082694297036,3.5356350745150185e-08,0.01672489326339378,3.3048862938670628e-06,0.9713124762763411,6.833842513539321e-06,1.763529821509044e-05,0.00015256217294232728,0.001146474015516978,0.0011913910186108852,0.000914679245002983,3.554472555420905e-05,0.0005579613851541228,0.00010489001652160165,7.954214745964707e-06,0.00022255633615354088,9.655311415944476e-05,0.00010975079123363567,0.0001513261761359256,0.006605716705379688,0.00015136069706888207,2.992195442124268e-08,9.6579479170433e-05,4.55975253716706e-06,1.730482106479452e-06
45,0.000385688849479659,3.550617307257966e-08,0.01679751715811806,3.323854680780782e-06,0.9711756232227486,6.8898841831453345e-06,1.7795257536970643e-05,0.00015524429486418555,0.0011529718041737387,0.0012016840621879375,0.0009165743660897726,3.583120991761185e-05,0.0005652050484516602,0.0001049676477933079,8.009060573127945e-06,0.00022524419922398314,9.709061435418294e-05,0.00011070290464780885,0.00015284605266833458,0.006632238640943665,0.0001516862758478314,3.021171334114994e-08,9.646806743287624e-05,4.605063830182142e-06,1.7267423659823034e-06
46,0.0004314819238052296,3.3630411725348246e-08,0.01843866155036655,3.579776352316502e-06,0.9688121186243983,7.2580588918517315e-06,1.9842518888144143e-05,0.00016629477269872832,0.0011508789869577978,0.0012923511922195258,0.0009006478528284108,3.9350622664683284e-05,0.0006431836066790506,0.00010410523492280276,7.34828671005648e-06,0.0002508850769673673,0.00011917059708306703,0.00011337708581197994,0.00016019892057440112,0.007061950138024653,0.00016989319356716624,3.331906794409402e-08,0.0001003903442849136,5.217822620962689e-06,1.7468632023747584e-06
47,0.0010801329350293206,3.3270285704825215e-08,0.03354169340048679,6.3068507993919286e-06,0.94780049110563,9.01824736127199e-06,3.184173413400586e-05,0.00036098737412377347,0.001192248116245539,0.002016935381657631,0.0008521402894901815,6.25419276688084e-05,0.001924415308476701,0.0001082728080341536,5.495815709278156e-06,0.0005918160929927891,0.00024186192010727505,0.0001474973782017257,0.0003251438803541306,0.009392135073926368,0.00020535473347243935,5.417567820997751e-08,9.102143564716985e-05,1.1158020879952627e-05,1.4027236073902835e-06
48,0.0005050699394598036,4.026535312613997e-08,0.01770995007717152,3.203704170272594e-06,0.969900830485099,8.85419587069526e-06,2.19021658999034e-05,0.00019683034838029182,0.0012546823695378819,0.0014533975713615535,0.0006841868466461429,3.396312735712213e-05,0.000793845600135026,9.259870638793493e-05,7.025475020765131e-06,0.00028034821755213384,0.0001486068531807132,0.00013031982857330594,0.0002479878255711732,0.006266513038729152,0.00015359124508812903,3.875661610806805e-08,9.683991259674343e-05,7.606437167075746e-06,1.7670070742202326e-06
49,0.0003185589986038468,4.367215270684274e-08,0.02297322292327614,3.75318250033131e-06,0.9639628412579698,9.683992952916256e-06,1.8954899576808472e-05,0.00020043967007757474,0.0013084674171327706,0.001279653919400719,0.000814082509415152,5.281209202757292e-05,0.0006378966846175276,8.01135739396587e-05,8.265660470416608e-06,0.000282986457948957,0.00010856928677154035,0.00010259056040192044,0.0001615454074420624,0.007367110522882001,0.00021049451829975653,4.530251420946803e-08,9.13004144419459e-05,4.909614432237113e-06,1.657460751415193e-06
50,0.00023146624016673318,6.122326138150618e-08,0.015597789921827426,3.4204868121859573e-06,0.9735623920422541,9.176965597811627e-06,1.031571057768748e-05,0.0001213750030193771,0.0012332138173256025,0.0007839956058598072,0.0009372743901774125,3.5614466843926474e-05,0.00036534081125229713,8.574811577716031e-05,1.1030238399074981e-05,0.0002243232066349948,7.486842011909337e-05,0.00013610599507867904,0.0001565728282295772,0.0060883187312944995,0.00021943750218586495,3.575840967916954e-08,0.00010757933705472778,2.9586228047911907e-06,1.5845590360186223e-06
51,0.00035127754428124534,9.981236966107045e-08,0.01867224045843764,6.919585895976979e-06,0.9665436198847372,1.0736737442938957e-05,1.5188625680191455e-05,0.00025258594255913507,0.0016204348939416555,0.0011637506199135886,0.0015466062699453136,5.522129008057218e-05,0.0005408685052241203,0.00012050942488818637,1.7547409120230982e-05,0.0003033632340089118,8.866505001816433e-05,0.00017051776304811587,0.00018469153281392738,0.00800482347211629,0.00021058675555577348,6.329145533004603e-08,0.0001136636676040176,3.7186280393741366e-06,2.299600822321817e-06
52,0.00043967071199497326,3.4614229482130894e-08,0.012700533434537547,5.497164165268042e-06,0.9667071631443258,1.3163535264507658e-05,1.512206368525676e-05,0.0003022980446207876,0.0015239130260503433,0.0025884040988344145,0.001290501279269107,3.622587980728187e-05,0.001057381162384961,0.00011004472139743917,1.2399587413622353e-05,0.0003477289084616751,8.391090011496958e-05,0.00028256634255340637,0.00025419933876098274,0.011988751784560284,0.0001300688935331718,2.9589779431543283e-08,0.0001038379614832911,5.370383507650983e-06,1.183429264453674e-06
53,0.00027737245437270506,1.8983269403081405e-08,0.014557206170670621,3.6272166067332206e-06,0.969701248543864,5.967936265531172e-06,2.852668043081339e-05,0.00010531735529545173,0.0009130457202736068,0.0011808397997347992,0.0012526926154037264,4.941391358788258e-05,0.0004833685957591094,0.00015830885856980102,7.748492350820754e-06,0.00020136873656411935,9.247907566357536e-05,0.00012389253790865505,6.214891857985151e-05,0.010427853701868724,0.00019928979163361753,2.2624897024365018e-08,0.00016173123942629842,4.419255590007083e-06,2.090781413094148e-06
54,0.0003856685092252735,8.86992022604557e-08,0.011947400742206286,3.789590837714446e-06,0.9781445125108518,8.312007049819595e-06,1.8468051507433596e-05,0.00016495125295572742,0.0015045876014352733,0.001029821340419596,0.0010245641999712227,3.8463972259628866e-05,0.00036816670239409494,0.00012840175343585127,1.3837749659229204e-05,0.00017112454690093308,7.670533937114049e-05,0.00010024498160557868,0.000174405015904666,0.004483104647480406,0.0001127512582113237,5.0279033357429776e-08,9.297570635703299e-05,4.2133768090106e-06,3.3901649153851925e-06
55,0.00036712605062470084,3.907414477698553e-08,0.01799410154061287,2.8218245721710685e-06,0.9721038906168894,5.350436778996819e-06,1.1563006388318532e-05,9.829731503812079e-05,0.0010200082546896509,0.0010663016121039905,0.0008996781450692068,1.7023146449108594e-05,0.0003959744567846671,7.876553125846079e-05,7.08967405226751e-06,0.0001576860693041601,8.963186071094393e-05,7.890419604666724e-05,0.00016488652676040417,0.005190244825604711,0.0001503929832696228,2.2594422986545818e-08,9.515044878766156e-05,3.5050320090948235e-06,1.5447776266689137e-06
56,0.00041492314683355745,3.4892968579947785e-08,0.017456065367285497,3.5603974593337878e-06,0.9695442424488468,7.354228651550217e-06,1.8878890782645032e-05,0.00017291722387808995,0.0011609123069510837,0.001316367799170305,0.0009010612279366948,3.7277523002356066e-05,0.0006778719453845366,0.00010588904529730405,7.735869881240554e-06,0.0002495903635862542,0.00010515819132847646,0.00011943430301160337,0.00016601608552151584,0.007277805231287135,0.0001524468985683228,3.098303934770832e-08,9.754693595070244e-05,5.199803568904101e-06,1.678889808215398e-06
57,0.0008842798855754647,8.670025706090292e-08,0.005805315002878481,7.344301375667325e-06,0.9795897931244474,9.509130349215723e-06,2.6392767392208197e-05,0.00015862367456948392,0.0020948431927078704,0.0012586324733416233,0.0025277675664075235,2.1171959018998167e-05,0.00036394367198995856,0.00026889300400220105,2.5235971990337736e-05,0.00020725143745694273,0.00011357116918339208,0.000452861330437204,0.00021384733192417014,0.005526899463176615,0.00013903588637634239,4.204247193847316e-08,0.00029472935048365797,5.2346418646003e-06,4.6949203218761735e-06
58,0.00041707649520644546,3.498306642933705e-08,0.01745742830986197,3.2266553013305287e-06,0.9696789591674121,8.083002219244837e-06,2.0789397858320288e-05,0.0001714096306641121,0.0011453999262291317,0.0013811876750042017,0.0007721562710049872,3.8441659898316004e-05,0.0007129183670407137,0.00010745847532951955,7.596870473327313e-06,0.00025807231159506494,0.00011563972291034741,0.00012529932103688996,0.0001796819119898563,0.007121123696143342,0.00016418402498724613,3.242244873411566e-08,0.00010552567782934139,6.543074978005076e-06,1.73094951092967e-06
59,0.0004018929350664619,3.337107515820924e-08,0.019786730629368338,3.2285138645233202e-06,0.9672867210930243,7.333286757520539e-06,1.9744808369766595e-05,0.0001674185702436826,0.0010899718118944834,0.0013195395062331778,0.000793782278591793,3.853593708652166e-05,0.0007028354505444937,0.00010308797874691133,7.224043363453712e-06,0.0002557892377223909,0.00011257166808842858,0.00011123062215643256,0.00016736401314579937,0.0073461400620574175,0.0001705904286105769,3.0867755487431046e-08,0.00010058075343546261,5.99312462034321e-06,1.6290081771736336e-06
60,0.00038320082694297036,3.5356350745150185e-08,0.01672489326339378,3.3048862938670628e-06,0.9713124762763411,6.833842513539321e-06,1.763529821509044e-05,0.00015256217294232728,0.001146474015516978,0.0011913910186108852,0.000914679245002983,3.554472555420905e-05,0.0005579613851541228,0.00010489001652160165,7.954214745964707e-06,0.00022255633615354088,9.655311415944476e-05,0.00010975079123363567,0.0001513261761359256,0.006605716705379688,0.00015136069706888207,2.992195442124268e-08,9.6579479170433e-05,4.55975253716706e-06,1.730482106479452e-06
61,0.0003874053875216331,3.2994136554614616e-08,0.018694663566483652,2.936791237810655e-06,0.9695375969738799,6.869985691230596e-06,1.8825964156292812e-05,0.0001485921005557912,0.0010953601940694344,0.0012426714681890588,0.0007983478511702567,3.640357997179675e-05,0.0005968302380762098,0.00010175884505778803,7.254183940816685e-06,0.0002274780267612915,0.00010508894506214015,0.00010021484838362229,0.00015839968557537554,0.006467300858535138,0.00016210770974624562,2.99310590992414e-08,9.679741595757663e-05,5.3386119874482934e-06,1.6938427937081895e-06
62,0.00038320082694297036,3.5356350745150185e-08,0.01672489326339378,3.3048862938670628e-06,0.9713124762763411,6.833842513539321e-06,1.763529821509044e-05,0.00015256217294232728,0.001146474015516978,0.0011913910186108852,0.000914679245002983,3.554472555420905e-05,0.0005579613851541228,0.00010489001652160165,7.954214745964707e-06,0.00022255633615354088,9.655311415944476e-05,0.00010975079123363567,0.0001513261761359256,0.006605716705379688,0.00015136069706888207,2.992195442124268e-08,9.6579479170433e-05,4.55975253716706e-06,1.730482106479452e-06
63,0.00036610677633239653,4.6605097304252865e-08,0.015912068462990658,3.3586577231408287e-06,0.9727040084805062,7.571040782247825e-06,1.610300393428482e-05,0.00014913395416871151,0.0012383301696917075,0.0011040481060960855,0.0009211822471996289,3.382121532073662e-05,0.0005048406894318544,0.00010079013112281934,9.103803802411584e-06,0.0002161987582776603,9.44762532268371e-05,0.00011573963064398483,0.00016852450868222818,0.006072128649523869,0.0001563157752269744,3.4122832380202564e-08,9.981067853845398e-05,4.36615204899878e-06,1.8921267983159328e-06
64,0.0003443510599868371,3.5858906471751235e-08,0.020547638245555465,3.184690300790322e-06,0.9676010149757619,6.867169646836715e-06,1.5891803690948113e-05,0.00013400709537740604,0.001066595206032317,0.0010792520753713478,0.0008975382751318653,3.8586063264345456e-05,0.0005173561460453177,9.909337162911376e-05,7.935517142157025e-06,0.00022629384517171278,0.00010236076374845012,9.911755792901932e-05,0.00014017614743369296,0.006747262717137385,0.0002137059399930129,3.0596958646688975e-08,0.00010573798881765351,4.320840072049651e-06,1.646048895178234e-06
65,0.00033029080175532566,4.185138093700936e-08,0.015478895449868853,3.452791704855804e-06,0.9722417787097952,7.81398334120983e-06,1.6940964834259725e-05,0.0001357145989898967,0.001105039181324435,0.0010823380905031724,0.0008843508147861999,3.611528453578742e-05,0.000510276498378605,0.0001104325390631277,8.7252592415952e-06,0.00021716234004092016,9.700636710261129e-05,0.00012767732678575192,0.00014615859439398539,0.007160607257984122,0.00017644205872060104,3.159318840878608e-08,0.00011600184266698058,4.7642003053159575e-06,1.9415993079340007e-06
66,0.00038327892687291487,3.546059231918847e-08,0.016719873428950045,3.3090996808765668e-06,0.9713120709438938,6.84349903052499e-06,1.763783235228984e-05,0.00015274349995151283,0.0011480173813197263,0.0011916499900756288,0.0009162665701458495,3.560009765583411e-05,0.0005575946782816447,0.00010503517781248582,7.979538161920364e-06,0.0002226465913859778,9.658455921717193e-05,0.00010996077579708355,0.0001514290699643112,0.00660683442316386,0.00015155517302041502,2.99901445978539e-08,9.6728616394977e-05,4.56077113173836e-06,1.733905002396133e-06
67,0.0003672406776937137,3.8307179732726103e-08,0.016692624957369586,3.450309839806119e-06,0.9707422622029852,7.6128417117791445e-06,1.80506150508195e-05,0.0001501249771190775,0.0011319887031083183,0.0011812397893562877,0.000921025125657503,3.768888897201215e-05,0.0005662664905808862,0.00011047082100472375,8.453732563558622e-06,0.00023157534925281916,0.0001029256669796759,0.0001239842498990481,0.0001541502394152723,0.0071626550363770814,0.00017059563533310324,3.183607452747094e-08,0.00010876516443828082,4.9215998684733775e-06,1.8567821688695035e-06
68,0.0002709937690133092,4.279044643777481e-08,0.018396445830595957,3.640183733970211e-06,0.9668977077499075,1.1963584414691965e-05,2.1903001781047515e-05,0.00020134620161231962,0.0012659499965197334,0.0012674457053190433,0.000993798556301185,7.008585120801399e-05,0.0005557994422655379,0.00011162179889537604,1.2773994139668208e-05,0.0002680605402731139,0.00010433986296707401,0.00015521291087526685,0.00012590042980768697,0.008828286785805496,0.00029796685779045595,4.488473945313569e-08,0.00013138571528146582,5.243826594629659e-06,2.0397297114292645e-06
69,0.00035460236889774344,3.508615545704289e-08,0.016440152939804723,3.4696325257508065e-06,0.9706183090746846,6.873434927766583e-06,1.6601418889636566e-05,0.00014985254233603506,0.0011844005146840705,0.0012062932233907848,0.0010681266677728463,3.6290790537436504e-05,0.0005179036447494678,0.00010584761723548595,8.919156703683752e-06,0.00020889292531121864,9.617337507921794e-05,0.00011863933130727587,0.00013432442105286695,0.007440823992965167,0.00016844600487842041,2.942661215766862e-08,0.00010912472886481566,4.051562539190152e-06,1.816118094379733e-06
70,0.00032326893640863947,3.286155816366476e-08,0.018270913526418537,3.853678500486796e-06,0.9687444378935064,7.308606326466533e-06,1.65703356740735e-05,0.00015805456226686696,0.0011770419400223531,0.0012427464678017922,0.0009639363342682645,3.663905912751291e-05,0.0005738616698717319,8.968911173846081e-05,7.494399276467388e-06,0.0002409088002762657,8.126720355006674e-05,0.0001010185787377552,0.00013287575737521665,0.007581906445849866,0.00015065466021008917,2.83050398099312e-08,9.023540450900783e-05,3.781214486408374e-06,1.4742471990998559e-06
71,0.0006165943606596399,5.477771902845518e-09,0.00887587629055212,2.6788867175294022e-06,0.9751511523536324,4.847246448175355e-06,8.155536757924123e-05,0.00018169645687110333,0.0011875017542141418,0.002740516806167651,0.00042216109244962174,1.9077991027599174e-05,0.0011680806121742214,7.83836550888662e-05,1.6434568815065977e-06,0.00015311884120354074,0.00017913245458740613,6.160209107466236e-05,7.428874064281279e-05,0.00885276235866493,4.764857703851384e-05,1.3859372891292111e-08,8.664210042655284e-05,1.1203886814929526e-05,1.8152819378507976e-06
