,0,1,2,3,4,5,6,7,8,9,10,11,12,13,14,15,16,17,18,19,20,21,22,23,24
0,0.00020677643712867144,4.44320603415304e-07,0.017694095463210945,2.0602474495026457e-06,0.9768843798098108,7.097753013186604e-06,2.4619187184505453e-06,2.742377781959188e-05,0.0022716910776473705,0.0005335792700199505,0.0013132526229719997,1.290020988901629e-05,1.690894401475147e-05,8.526225078196828e-05,5.193179525999654e-05,6.327304713271786e-05,9.667238645347659e-06,1.4553271724751914e-05,0.00020675601171633252,0.0002930309927054678,0.000207370243371275,4.534283956472791e-08,9.097401851829031e-05,7.537538781137626e-07,3.310181128326828e-06
1,0.0001433055565178949,5.658630756260667e-07,0.01608641249368314,1.3337430224201053e-06,0.9796502342393343,6.095926706858799e-06,1.7338029845824875e-06,1.487020967292381e-05,0.0017631321285456495,0.000312114829575221,0.00118558674940927,1.1887690915280846e-05,8.21914970897098e-06,7.986740844473984e-05,5.189233352393025e-05,4.261909928624888e-05,7.050510868317666e-06,1.0263276929794077e-05,0.0001838278516067921,0.0001763663627522817,0.00019198978876498133,4.7647806247610576e-08,6.655469860313842e-05,4.796528273050337e-07,3.5489854341024195e-06
2,0.0006465774635529279,6.784876790099265e-07,0.05158468010279828,1.2454042096035477e-05,0.9281486721218479,0.0003046615929773161,9.162229803234916e-05,2.8179256357525173e-05,0.0006945939264786922,0.0006587644687539733,0.00015507532576679943,0.00012046066535810984,0.00021887732681140866,0.00025284361182464254,1.0369304624756174e-05,0.008752916932487545,0.0002481595953879723,0.0002062058494834565,0.00469865304790211,0.00022736799059545313,0.0026222576890546916,8.243515597487991e-07,0.0002487426479071197,6.432723946091351e-05,2.0346612012084234e-06
3,0.00014130138859246046,6.89054860690213e-07,0.014169954045175438,1.4246043862832416e-06,0.981556315805366,6.842271567991361e-06,2.1851964933096182e-06,1.4622358584444327e-05,0.0014158716619198045,0.0002942350333544768,0.001378290124559914,1.7258362101740922e-05,8.433116100293722e-06,0.00013416868787601726,7.14690880850933e-05,4.1627456578031655e-05,8.251589577110053e-06,1.492526834737517e-05,0.00016452904233647713,0.0002158088400012619,0.0002469952416002168,5.7656822537269485e-08,8.90078179514799e-05,6.489555967645448e-07,5.087332164624924e-06
4,0.00014919089794288004,6.999098330986809e-07,0.014024162457358805,1.4948937124019645e-06,0.9817442239820602,7.162189196931648e-06,2.273931027976045e-06,1.4889059172714164e-05,0.0013518959369833044,0.0002965745023517374,0.0013500575169411218,1.705423527818795e-05,9.609350637156704e-06,0.00014353339528790858,6.89197491365065e-05,4.4925518943340605e-05,8.645936851058903e-06,1.67348474813638e-05,0.00017869956411299684,0.00023045493005143813,0.0002421700539070461,5.70456332904294e-08,9.081509792646922e-05,7.229214874090918e-07,5.032076684245425e-06
5,0.0001489413318062536,7.619661798920652e-07,0.013008220002547144,1.6260976220762305e-06,0.982567603238816,7.458108091252896e-06,2.2952795005183965e-06,1.5796457079789832e-05,0.0013808335095675057,0.0003055863860607232,0.0014659302393197247,1.7319553127112768e-05,9.554743446594773e-06,0.00015010362069356912,7.908860583717525e-05,4.570346409091633e-05,8.460120115991245e-06,1.8881342216162263e-05,0.00018050653144527818,0.00023734052131371626,0.000247249035053971,6.06614662236013e-08,9.483579582749128e-05,7.151390275338982e-07,5.1282497474364155e-06
6,0.00014130138859246046,6.89054860690213e-07,0.014169954045175438,1.4246043862832416e-06,0.981556315805366,6.842271567991361e-06,2.1851964933096182e-06,1.4622358584444327e-05,0.0014158716619198045,0.0002942350333544768,0.001378290124559914,1.7258362101740922e-05,8.433116100293722e-06,0.00013416868787601726,7.14690880850933e-05,4.1627456578031655e-05,8.251589577110053e-06,1.492526834737517e-05,0.00016452904233647713,0.0002158088400012619,0.0002469952416002168,5.7656822537269485e-08,8.90078179514799e-05,6.489555967645448e-07,5.087332164624924e-06
7,0.00010821931737976104,6.921721593237183e-07,0.011695515141300841,1.1825332947890527e-06,0.9842966046499105,7.720958995005498e-06,2.07262941331425e-06,1.1736519963301237e-05,0.0012936423885249785,0.00024063158231069117,0.0012259338291738587,1.8965923224418957e-05,6.631431909779565e-06,0.00015877770268145323,8.517375616849778e-05,4.087725665706153e-05,7.4832290667495386e-06,1.7016674419056992e-05,0.00014463218344942837,0.00020328475715025227,0.00031787504883647785,5.198843121252855e-08,0.00010933018642911174,6.575866025144405e-07,5.290552547694117e-06
8,0.00021246762728390617,7.04228948120681e-07,0.024135522760495114,1.7598789833336054e-06,0.9707664186624024,6.2219906792998095e-06,2.854703539836833e-06,1.5497020330091076e-05,0.001572225924290174,0.00044310264478235285,0.001553868088147173,2.2794291474444057e-05,1.0408850097039135e-05,0.00018986136234376238,7.149124837344167e-05,3.947886471094988e-05,1.1327771297836831e-05,1.1546826748721384e-05,0.0001434179949351686,0.0002803085191803526,0.00034586258814594064,6.230557521104278e-08,0.00015302704137582315,1.1416265243539764e-06,8.627179334867191e-06
9,0.0001953655885602547,8.350534511921042e-07,0.01717983366613695,1.711907869927068e-06,0.9772042423355901,6.466327833311426e-06,2.4170900573078253e-06,1.6349823121193393e-05,0.0017196176416824208,0.0004424430020056956,0.0019083743157668003,2.0827674335101426e-05,8.57496837543541e-06,0.00020803971171722636,0.000106483922125798,3.309227496234258e-05,9.608177510922923e-06,1.5124285254698029e-05,0.00014185653422297138,0.0002806959392876335,0.0003181439507536846,6.034196024194108e-08,0.00016945973248901042,9.718924780390806e-07,9.40384245192676e-06
10,0.00014130138859246046,6.89054860690213e-07,0.014169954045175438,1.4246043862832416e-06,0.981556315805366,6.842271567991361e-06,2.1851964933096182e-06,1.4622358584444327e-05,0.0014158716619198045,0.0002942350333544768,0.001378290124559914,1.7258362101740922e-05,8.433116100293722e-06,0.00013416868787601726,7.14690880850933e-05,4.1627456578031655e-05,8.251589577110053e-06,1.492526834737517e-05,0.00016452904233647713,0.0002158088400012619,0.0002469952416002168,5.7656822537269485e-08,8.90078179514799e-05,6.489555967645448e-07,5.087332164624924e-06
11,0.0001595898709154393,6.960270494763313e-07,0.014708193919463406,1.525197107085253e-06,0.9808656058049798,7.30115765968851e-06,2.429757902549044e-06,1.705113924788681e-05,0.0014878991988176813,0.0003252572452255747,0.0013687534096383477,1.7826434188405168e-05,1.0374437401684743e-05,0.00013405424801278483,6.93057591481788e-05,4.6695636345373245e-05,9.280189602410386e-06,1.6464345044051708e-05,0.0001863251627327862,0.00023056109653188747,0.00023989753371928723,6.197077920041852e-08,8.90689835192521e-05,7.519703044670844e-07,5.029504663084005e-06
12,0.002721411968571316,1.067827796355967e-05,0.5703903166265961,3.7037156263182676e-05,0.34253943083851696,4.726563787246083e-05,6.161983029815667e-06,0.01542343093922576,0.02664683453109432,0.016231417177862376,0.01462935870585908,0.00029491782001811765,0.0004129705477836591,2.2103923679419225e-05,0.0011943280733921317,0.0012611584904586247,9.067256536574274e-05,2.8763832497438968e-05,0.0066470888808653735,0.000568390200041452,0.0007467683023532124,7.76834240218625e-06,3.539079428929561e-05,3.0336847871388264e-06,3.3006992112899493e-06
13,0.0001496138678375475,6.940999433044442e-07,0.015108238233829466,1.5638293438356797e-06,0.9801409940906124,6.206746494906261e-06,2.181553488230717e-06,1.5576773721927915e-05,0.0014235731142704896,0.00030178380955565615,0.001756798843457521,1.9527784796296395e-05,8.526765776740123e-06,0.00015761491479927213,8.298708557789003e-05,4.1450951082471233e-05,8.373186177483323e-06,1.5863473941333465e-05,0.00015077447539831902,0.0002408086020649314,0.0002643492298027612,5.84752324956359e-08,9.6382310342471e-05,6.081468324326686e-07,5.449635619863733e-06
14,0.0004839266753680314,4.039014201606084e-07,0.03191660911598364,1.958017130351959e-06,0.9589249559558564,9.619657548770718e-06,1.3343272256987138e-05,6.358113297759367e-05,0.0035934985405155894,0.0011351273306723336,0.0015747849955361688,8.945465970483185e-05,1.9048762517726926e-05,0.0003209304396803072,0.00011175826121533381,7.743522190818536e-05,4.3924437943029926e-05,1.4988096814268998e-05,0.00014821057948867243,0.000347230139846054,0.0007836627706155477,1.4179570703839055e-07,0.0003028229431751915,4.024016660121159e-06,1.855927945738292e-05
15,0.00014130138859246046,6.89054860690213e-07,0.014169954045175438,1.4246043862832416e-06,0.981556315805366,6.842271567991361e-06,2.1851964933096182e-06,1.4622358584444327e-05,0.0014158716619198045,0.0002942350333544768,0.001378290124559914,1.7258362101740922e-05,8.433116100293722e-06,0.00013416868787601726,7.14690880850933e-05,4.1627456578031655e-05,8.251589577110053e-06,1.492526834737517e-05,0.00016452904233647713,0.0002158088400012619,0.0002469952416002168,5.7656822537269485e-08,8.90078179514799e-05,6.489555967645448e-07,5.087332164624924e-06
16,0.00013798103006750937,6.061343843384216e-07,0.01663919740432536,1.727222541815945e-06,0.9787241883135679,7.66507647421166e-06,2.5781908569484656e-06,1.5318766082846785e-05,0.0010723134666858914,0.00029241898693298924,0.0017318093264436455,2.452277141723205e-05,1.056636460949022e-05,0.00020001023194679652,8.631999162157008e-05,6.198781665450489e-05,9.520991804119578e-06,2.2761222365592226e-05,0.00016653037754163998,0.0002946373954095197,0.0003860063625782559,5.907488896379906e-08,0.00010612997325135005,7.573057554682337e-07,4.386201792047797e-06
17,0.00014553305745545607,6.489002858993337e-07,0.01382815992269062,1.4519788954038435e-06,0.9819368117582634,6.152680916430855e-06,2.32217359866292e-06,1.4294476259596728e-05,0.0013664033029391722,0.0002760940843678927,0.0014249020616561759,1.8238035386333973e-05,8.254634076556784e-06,0.0001456049788349909,6.787498173278855e-05,3.959467620901088e-05,8.409958937468323e-06,1.4278725721467907e-05,0.0001456111682838059,0.00021638683217190213,0.0002395128289482008,5.7272770711361767e-08,8.740317884898753e-05,6.257090959536533e-07,5.3726216531191366e-06
18,0.00018266713948746638,6.375513879792036e-07,0.008246526422952101,9.750656201657798e-07,0.9878883393165666,4.788361796783037e-06,2.756665483966033e-06,8.973804469724148e-06,0.0013222188045218322,0.00023807579482105552,0.001236715866887681,1.3256061741891364e-05,5.627312710136034e-06,0.00016585089988669318,5.610309846239117e-05,2.244920796863628e-05,1.1743987675856992e-05,1.4029251763427283e-05,0.00013543572408488598,0.00017113888181420812,0.0001648899066909401,6.018290011917073e-08,9.614078263254732e-05,7.093233857181273e-07,9.890584287170276e-06
19,0.0001030134242005356,1.429477931925759e-06,0.0052429419160328365,7.715238250331961e-07,0.9896546687811371,3.066091202486822e-06,5.716454675353479e-07,3.2672571023001293e-06,0.000577467450291256,4.7121965633893394e-05,0.00259249084058452,6.643636538522279e-06,2.2442812057736987e-06,0.0005666269049495209,0.00023350608744586947,2.5107096032040293e-05,3.500410409258221e-06,5.344183252773061e-05,0.00015374771361933436,0.00017267387378727916,0.00034626697237436405,1.6543177806922964e-08,0.00020381693572678,3.043017248843382e-07,5.293037071593692e-06
20,0.00015684838617656042,1.845169544952234e-06,0.019027797644078113,2.3455571191946977e-06,0.9740077372381462,1.1673478979876305e-05,2.476509898141045e-06,3.496401805732438e-05,0.0021090749103541565,0.0003973424821131555,0.00257685295511618,3.9274133937854436e-05,1.0510161296837445e-05,0.00018070443125886188,0.0002268911921710578,6.08454028152865e-05,1.0312690914585473e-05,2.6883435754699566e-05,0.0002356020997219546,0.00027869100474874016,0.0004765269059295026,1.5481101115320143e-07,0.00011660461582445616,7.851593213777007e-07,7.255605709449449e-06
21,0.0001351193941209914,6.934808573443874e-07,0.013439662785643217,1.0531143996004182e-06,0.9827038482503446,7.931259186229603e-06,2.421525626819953e-06,1.5251886063881628e-05,0.001591547863625731,0.00031845622794077644,0.0008859889384340509,1.4750523648946247e-05,8.4781533357962e-06,9.15682271495169e-05,5.7878389322445095e-05,3.687226765346342e-05,9.108074212745215e-06,1.2305375685839752e-05,0.00018643248611541582,0.00017472576625339185,0.00021896962000784217,6.260891690842889e-08,8.082542447497292e-05,8.295743197484678e-07,5.218782659626636e-06
22,0.0001599992611006485,4.7116042722173417e-07,0.017901209800897665,1.7786951207609133e-06,0.9769576070334228,5.355605460739379e-06,2.1780173507757765e-06,1.4125596422862933e-05,0.0012280741623857928,0.0003833689301282974,0.0022244443693020897,1.8307673696304986e-05,9.807602428008521e-06,0.0001386174049544849,6.710307614592142e-05,4.725924360189101e-05,1.0105351327869299e-05,1.6104516934768537e-05,0.00014413629687645108,0.00029614457258295075,0.00028007132084182165,5.659905559670844e-08,8.892744345272442e-05,5.261060561757318e-07,4.220160025419422e-06
23,0.00014130138859246046,6.89054860690213e-07,0.014169954045175438,1.4246043862832416e-06,0.981556315805366,6.842271567991361e-06,2.1851964933096182e-06,1.4622358584444327e-05,0.0014158716619198045,0.0002942350333544768,0.001378290124559914,1.7258362101740922e-05,8.433116100293722e-06,0.00013416868787601726,7.14690880850933e-05,4.1627456578031655e-05,8.251589577110053e-06,1.492526834737517e-05,0.00016452904233647713,0.0002158088400012619,0.0002469952416002168,5.7656822537269485e-08,8.90078179514799e-05,6.489555967645448e-07,5.087332164624924e-06
24,0.0001167648015407198,6.540909597271664e-07,0.010214334817164366,1.530395529090501e-06,0.9860744962731587,5.635406690369437e-06,1.7606866055383487e-06,1.0508641327412122e-05,0.0010898894277953115,0.0002237681853987903,0.0013973605512385134,1.4771376521450242e-05,7.111555935986387e-06,0.00014436985531495562,5.83158240506823e-05,3.385494358985894e-05,6.136968179512258e-06,1.4499653248168979e-05,0.0001294992809730764,0.00020404210921118232,0.00017552233197352615,4.7985961216493364e-08,6.998029690237103e-05,4.4923999178526586e-07,4.695300737445185e-06
25,0.00020942821730148648,5.361793099823976e-07,0.01773902279710855,2.388845704685151e-06,0.9755654462144805,4.543156166507798e-06,3.253438112345918e-06,2.621960694613776e-05,0.001453224572364828,0.00039264912047248324,0.0033239025338140573,2.9040066804716557e-05,1.3145086799889147e-05,0.00022166992374659148,9.27281590507496e-05,4.672032737065533e-05,1.1136775078625076e-05,1.9260011017211342e-05,0.00011370034273480661,0.0003792726278024234,0.0002493667584334555,6.737572286537803e-08,9.667099244566887e-05,5.986520596309834e-07,6.008219151362128e-06
26,0.00013893707342549995,7.094954777999799e-07,0.014493255202726879,1.4842524184167496e-06,0.9811810204944749,6.831403292790682e-06,2.170793514725882e-06,1.4839141431810987e-05,0.00137525554783924,0.0002892355035155167,0.00145720141964357,1.8289316947419685e-05,8.385660664183076e-06,0.00014079954119956424,7.47940476848555e-05,4.250724773452817e-05,8.147203158271813e-06,1.5199385772530382e-05,0.00016203994324964847,0.0002207817287860634,0.00025442433401198577,5.9360752507832256e-08,8.789344855241438e-05,6.301121291520267e-07,5.1083415958512945e-06
27,0.00014799825903907384,1.0744188471269915e-06,0.01197712806187907,1.6052473579749136e-06,0.982823263733488,7.752179149861556e-06,2.13627600283149e-06,1.9601426481045423e-05,0.0020962427256653892,0.00032363052612550145,0.001627695688424698,1.799973278774174e-05,7.2495098530409175e-06,0.0001232864724569184,0.00010112880042986677,3.6391753918032093e-05,7.81938737719685e-06,1.4781002005949793e-05,0.00018503781187001017,0.00018623596625574732,0.00020008489588990429,8.20729528675017e-08,8.427567771529335e-05,5.565673796116829e-07,6.94180664746018e-06
28,0.00014130138859246046,6.89054860690213e-07,0.014169954045175438,1.4246043862832416e-06,0.981556315805366,6.842271567991361e-06,2.1851964933096182e-06,1.4622358584444327e-05,0.0014158716619198045,0.0002942350333544768,0.001378290124559914,1.7258362101740922e-05,8.433116100293722e-06,0.00013416868787601726,7.14690880850933e-05,4.1627456578031655e-05,8.251589577110053e-06,1.492526834737517e-05,0.00016452904233647713,0.0002158088400012619,0.0002469952416002168,5.7656822537269485e-08,8.90078179514799e-05,6.489555967645448e-07,5.087332164624924e-06
29,0.00014130138859246046,6.89054860690213e-07,0.014169954045175438,1.4246043862832416e-06,0.981556315805366,6.842271567991361e-06,2.1851964933096182e-06,1.4622358584444327e-05,0.0014158716619198045,0.0002942350333544768,0.001378290124559914,1.7258362101740922e-05,8.433116100293722e-06,0.00013416868787601726,7.14690880850933e-05,4.1627456578031655e-05,8.251589577110053e-06,1.492526834737517e-05,0.00016452904233647713,0.0002158088400012619,0.0002469952416002168,5.7656822537269485e-08,8.90078179514799e-05,6.489555967645448e-07,5.087332164624924e-06
30,0.00014130138859246046,6.89054860690213e-07,0.014169954045175438,1.4246043862832416e-06,0.981556315805366,6.842271567991361e-06,2.1851964933096182e-06,1.4622358584444327e-05,0.0014158716619198045,0.0002942350333544768,0.001378290124559914,1.7258362101740922e-05,8.433116100293722e-06,0.00013416868787601726,7.14690880850933e-05,4.1627456578031655e-05,8.251589577110053e-06,1.492526834737517e-05,0.00016452904233647713,0.0002158088400012619,0.0002469952416002168,5.7656822537269485e-08,8.90078179514799e-05,6.489555967645448e-07,5.087332164624924e-06
31,3.52175963057765e-05,2.5471235236046106e-07,0.002512389648425214,7.31020825421081e-07,0.9948707533103192,5.859294422681856e-06,1.6921816704210873e-06,1.3615279484457978e-06,0.0007618579629357405,0.0001898787792903842,0.001003246617468956,6.877266104170113e-06,1.158054497784185e-06,0.00015434664120071256,3.9878289740880316e-05,1.038232664563864e-05,2.980761769858111e-06,8.082134250675789e-06,3.6797867910618076e-05,0.0001193576140038595,0.00011856669667034635,2.0603030971527592e-08,0.00011083640916455445,2.3127736718420978e-07,7.241405678228786e-06
32,0.00014995191675565698,7.616677874472512e-07,0.014054799154955465,1.3940484980437834e-06,0.9817910339026629,7.1410021756176664e-06,2.0579252848244905e-06,1.449661670674302e-05,0.0014026463543693431,0.00028519572319560813,0.0012798113734791897,1.5884480629022505e-05,8.915944346409552e-06,0.00012777142928855806,6.894738632783371e-05,4.3461774266799956e-05,8.338947784334831e-06,1.5760973324226235e-05,0.00019630312627282195,0.0002036200375378843,0.0002321937251372421,5.940644769783338e-08,8.391692632671688e-05,6.80286199374145e-07,4.8558702401405024e-06
33,0.00025861256224102676,8.282711803588059e-07,0.014122978750865111,1.7990856935243534e-06,0.9821470329786752,1.2408438676361238e-05,4.4765473710604005e-06,2.3554958642258374e-05,0.0009255389849261932,0.00034555631451743197,0.0006321069735457897,2.243991004279921e-05,3.133456282467825e-05,0.00017307760710261728,4.0661387114956575e-05,0.00012566925847683213,1.8766227012121794e-05,3.797690508078804e-05,0.0005462755676023434,0.0002463081680707111,0.00020684013165196856,1.0189858403445904e-07,6.922243938252133e-05,2.722847017972305e-06,3.7092237013195215e-06
34,9.809015326031963e-05,7.745473660639735e-07,0.013246442754315958,1.4710093768476698e-06,0.9823579471553707,1.0746495325959456e-05,2.905398049246345e-06,1.6665868100242072e-05,0.0014767107356905276,0.0003570772796868677,0.0012620037148399859,2.5221327306412572e-05,8.380143525457174e-06,0.0001379771530156216,9.118497665971666e-05,4.655743405505099e-05,8.927449302755423e-06,1.7122539625472338e-05,0.0001494524858068256,0.00024518798658775416,0.000326453908685086,7.931187495865288e-08,0.0001057173988268154,8.27564085207146e-07,6.0752092603500525e-06
35,0.0002673338180222852,1.197247849036521e-06,0.014312346880228208,1.8094997884637436e-06,0.9790436848544879,6.295422197119415e-06,1.9993408028026955e-06,4.188945493871473e-05,0.0036321907698153555,0.0003715898522524997,0.0014687376936919508,1.4490052742670362e-05,1.1033802770800417e-05,6.620422306680363e-05,7.96535183542402e-05,4.155156670829815e-05,9.372689320326689e-06,1.1479054441924728e-05,0.00028471956189376715,0.00014724920595315084,0.00012851497663280467,1.0243382866898674e-07,5.074607875524405e-05,4.896973749666979e-07,5.318304082223834e-06
36,0.00013891110545830195,6.836784342797992e-07,0.01405002662455985,1.403465637267714e-06,0.9817281459039185,6.820767107237511e-06,2.1279087197261854e-06,1.416326749407395e-05,0.0014063245789880717,0.000291445229557851,0.0013531651211215277,1.658562928620553e-05,8.267008318119536e-06,0.0001313730635282117,7.040179841490069e-05,4.092978192440513e-05,8.024680473475981e-06,1.4668740768324801e-05,0.0001636034021189498,0.0002131914292343799,0.000245026654728536,5.57386638453502e-08,8.901637617167575e-05,6.393881538967348e-07,4.9986572185402255e-06
37,0.00010181840017560535,1.0134241190434638e-06,0.01450265528963935,1.4902798286950022e-06,0.9792453605335104,8.745421591815822e-06,1.559829566061047e-06,2.9217189668443364e-05,0.003335781300894683,0.00042748365948248163,0.001555974815583023,1.5816805748563278e-05,6.683235490911695e-06,4.797783206807647e-05,9.952432356128838e-05,3.3158911701713944e-05,5.7837815570901196e-06,8.602799017437219e-06,0.00017198009901204028,0.00016505545178457836,0.00017274947974236338,8.62833759480583e-08,5.652093833104214e-05,3.217268572375381e-07,4.638187692212434e-06
38,0.00013884843700572103,7.804885296413386e-07,0.016799900503445767,1.6425029276997139e-06,0.9783650168763878,1.2196261655092273e-05,2.778321880266907e-06,1.751403206270902e-05,0.0013098149521467493,0.0003428993053806946,0.0014949773715762665,2.3590349248123883e-05,1.2148303168216322e-05,0.00016545582312152266,0.00010439923347549084,7.822363575615916e-05,9.943798685430503e-06,2.831711138175675e-05,0.0002582579232175129,0.0002642599373441332,0.0004428524021710514,7.180017500690641e-08,0.0001210280658209812,9.837713564406556e-07,4.098792079769332e-06
39,0.00019618490931734702,5.01995227652227e-07,0.006428384266355495,1.646156785387042e-06,0.9886153623594004,3.0286010507253638e-06,2.021626418808443e-06,6.9238265488022154e-06,0.0012476904525148087,0.00028474938400156855,0.0024373729852608184,8.511408352211768e-06,5.165812714970404e-06,0.00021425305110100485,5.205969501283209e-05,1.6750840886087233e-05,5.721269018593376e-06,1.2373240654853833e-05,9.07368540993273e-05,0.0001958390010405721,7.567203269053065e-05,3.302506973026436e-08,9.029164233595608e-05,3.833927418523414e-07,8.342171399668734e-06
40,0.00010301093994417762,6.820179005794183e-07,0.012706990312342807,9.069255428280367e-07,0.9843670042935726,3.299878839141432e-06,1.356913259141349e-06,5.882860584300557e-06,0.0007446597923633343,0.00010123127053363283,0.001181301890737539,1.4926609674606069e-05,4.141304903091577e-06,0.00017002262533065052,4.943767457120097e-05,2.25366874383909e-05,5.161333074064315e-06,9.221086692911178e-06,9.614652529113104e-05,0.00014342670092579353,0.00020234237864752633,3.867699058553457e-08,6.078995774963108e-05,3.4288205175323007e-07,5.138461038803066e-06
41,0.00023776301114608868,5.787095588723647e-07,0.028913930370499306,1.4872144614707015e-06,0.9653021657437605,1.2071666804624656e-05,7.0839465935037135e-06,1.9737021630441925e-05,0.0013363165144749374,0.0006216769381498176,0.0013881961813260533,5.7042703760603796e-05,1.4380375721972107e-05,0.00024790528511847677,9.000385660649689e-05,6.47887582151494e-05,3.0854676869524635e-05,1.9625614304676856e-05,0.0001870644256467789,0.00035591925035804805,0.0008538596239515797,1.3387173692370676e-07,0.00022287043137069726,2.731924300734353e-06,1.1811883632854805e-05
42,0.00016207174064833556,1.5319859296401337e-06,0.032835074210522314,2.144047056549707e-06,0.9613385566381508,1.1402932063974892e-05,2.0318296658426285e-06,5.4121615742224764e-05,0.0025928271359011014,0.0003908571116855038,0.0012865116857140584,2.814352827633754e-05,1.487106409080687e-05,6.133913068808744e-05,0.00010184621075995726,0.00010136359994586611,1.0554205808300348e-05,1.347145802342724e-05,0.0004186890433738289,0.00019686885179564056,0.0003255605922652687,1.6182764792419027e-07,4.619212713716034e-05,6.595040640612927e-07,3.1479230428001593e-06
43,0.00022132293458805772,1.350872579817108e-06,0.0055694182176211915,1.3496663024522446e-06,0.9873448165116298,1.1435623869193919e-06,1.5353838950765975e-06,4.119845471037395e-06,0.0006554972534085656,4.6457820191018956e-05,0.004676133236792959,1.4130240743648592e-05,2.576053136808955e-06,0.0009883453017205275,9.093975305212704e-05,1.2233389781231942e-05,4.027258480636983e-06,1.438562024612698e-05,7.618409241763712e-05,0.0001286795081541637,5.091957427925498e-05,3.178739340689724e-08,7.426183820643768e-05,2.082179207561623e-07,1.9932059600543063e-05
44,0.00014130138859246046,6.89054860690213e-07,0.014169954045175438,1.4246043862832416e-06,0.981556315805366,6.842271567991361e-06,2.1851964933096182e-06,1.4622358584444327e-05,0.0014158716619198045,0.0002942350333544768,0.001378290124559914,1.7258362101740922e-05,8.433116100293722e-06,0.00013416868787601726,7.14690880850933e-05,4.1627456578031655e-05,8.251589577110053e-06,1.492526834737517e-05,0.00016452904233647713,0.0002158088400012619,0.0002469952416002168,5.7656822537269485e-08,8.90078179514799e-05,6.489555967645448e-07,5.087332164624924e-06
45,0.00015380228664239325,7.657268716990346e-07,0.01541932511799535,1.583997982743056e-06,0.9799530995287752,7.836301480561215e-06,2.456813406644535e-06,1.920598630429636e-05,0.0015733315341026834,0.0003313447866966441,0.0014378491131901068,1.9377882995134266e-05,1.0169980310526422e-05,0.00013275313729861103,8.040537479041908e-05,4.9932498142003364e-05,9.130734367219547e-06,1.7024228485854516e-05,0.00019333600037422925,0.0002296155256401594,0.00026310953168135344,6.845149855665396e-08,8.877345781711255e-05,7.416870046595194e-07,4.960316145687674e-06
46,0.00018183363750103423,5.469754287504401e-07,0.017394071365496866,1.575237750401726e-06,0.9781762245604597,7.451123653537258e-06,3.035017532854939e-06,1.7798441744104317e-05,0.0014131264305309778,0.0003836548089905077,0.0013165697173193732,2.286909273021017e-05,1.164399226021697e-05,0.00012726516518326536,5.7073974094621845e-05,5.189883004994463e-05,1.3076603464324128e-05,1.4601277836634517e-05,0.00017689385849607326,0.0002441941297831324,0.0002916409693160601,7.522074999936673e-08,8.687579420508746e-05,8.569813968256249e-07,5.14679402547213e-06
47,0.00033536135382994744,6.356533117498399e-07,0.0252124976292167,2.249729823002518e-06,0.9698579241169242,8.616589577313763e-06,4.04105590220597e-06,3.0424319080523138e-05,0.0014605338562651135,0.000465602600297204,0.0012351928339156678,2.856336409161367e-05,2.3814399209650003e-05,0.00014332872809735315,5.2928557690663315e-05,9.608991288867314e-05,1.8993796366269088e-05,1.9476122796227543e-05,0.0003275659115519514,0.0002679628076347598,0.0003195472303188771,1.0056810193567117e-07,8.265370702820376e-05,1.4851197640512077e-06,4.4100363163974915e-06
48,0.00018528298916111865,7.552817553926724e-07,0.015080423698869383,1.3741067797846687e-06,0.980622628144107,9.171463732729989e-06,2.7935653098494657e-06,1.9459508281989402e-05,0.001565583728370547,0.0003762031780809126,0.0010232996923426208,1.7621315334827548e-05,1.2329585496922702e-05,0.00011695627181838149,6.404750005100647e-05,5.403490971811857e-05,1.1991357469042225e-05,1.7980112284784027e-05,0.0002633221139414813,0.00021295873572896963,0.00024771223329673103,7.529181097633766e-08,8.78334383469062e-05,1.1021293027590747e-06,5.059648607749686e-06
49,0.00011902660047902258,8.200312646645304e-07,0.018797449768792395,1.5369883359062867e-06,0.9768244482752276,9.024884005382527e-06,2.3334842931144437e-06,1.9560491716179522e-05,0.0016018558480929027,0.00033806302290099923,0.0012266248339719568,2.408637077606266e-05,9.583594120385689e-06,9.74569165724401e-05,7.299195171987304e-05,4.89930953096362e-05,9.067538259466117e-06,1.267496729847827e-05,0.00017953358695494412,0.00022322186445863416,0.00030216565919403174,8.747065450445872e-08,7.398553576814794e-05,6.648146178910106e-07,4.742405215542638e-06
50,0.00015340136010328468,6.63590919540915e-07,0.014329012078109634,1.481877283719797e-06,0.9812936934510041,6.779681790529201e-06,2.357736366470788e-06,1.5397473319391146e-05,0.001438262312890245,0.00031597715461726447,0.0014166325046703705,1.746044069142078e-05,9.011600838641521e-06,0.00013872598219209157,6.97242845561773e-05,4.21895475833765e-05,8.799664272263047e-06,1.515636962839523e-05,0.00016692812018702372,0.0002236640262399248,0.00023839510786874223,5.862870984824691e-08,9.024603281653079e-05,6.932430617489819e-07,5.287730279337897e-06
51,0.00013450871138527903,1.7372306022991724e-06,0.015149312823485176,2.466993354266179e-06,0.9790690859739964,8.440353724894646e-06,1.8283561153263136e-06,2.3705779671440854e-05,0.0018498964527833115,0.0002893477717180798,0.0022736346514092786,2.422041655873852e-05,7.941801320052648e-06,0.00015442558409937114,0.00015194320503343235,4.690067970742599e-05,6.758746146260444e-06,1.8410474245437668e-05,0.00019250520324566752,0.0002287800290154894,0.00027241789857906245,1.0688432445070416e-07,8.463004906711754e-05,4.87133161530599e-07,6.506797249845187e-06
52,0.00017196778299461582,8.06863032896936e-07,0.01210329511464365,3.329362580754273e-06,0.9797951728937819,1.6651003349267854e-05,2.0905594621533613e-06,4.2500855517045725e-05,0.0024931946930416824,0.001082477032210394,0.0027590818916203995,1.9974224406318315e-05,1.875990113926167e-05,0.00013331477129910333,0.00015362480370652905,6.652087949223857e-05,7.908365719241925e-06,3.982780691058399e-05,0.0003043293214123641,0.00044712189946618245,0.00022596271959378247,7.734584080017631e-08,0.0001072696685682777,7.925581488735813e-07,3.947682061311853e-06
53,9.818121766228507e-05,3.2877429793691513e-07,0.012719027518815955,1.3663924516941028e-06,0.9828261840759918,5.386544957875302e-06,3.2504401016149234e-06,9.342965727318216e-06,0.001087802458873975,0.0002850408442764472,0.00176647392674438,2.0782072741549833e-05,6.908352848479378e-06,0.00018971524704506674,6.607721197977486e-05,3.598745368315464e-05,7.904648970037508e-06,1.4521646841848554e-05,6.928516533145248e-05,0.00030139525759786896,0.00033823146844031056,3.8017964647910985e-08,0.0001407437323131191,5.833993123024648e-07,5.441165029080529e-06
54,0.00014191349705400342,2.1324267680956264e-06,0.0094796628336819,1.6388475109159173e-06,0.9856275994244174,9.04569045841296e-06,2.073616201925818e-06,1.4848629130303359e-05,0.0018676447619750203,0.00021629567648870265,0.0015577402220927727,1.8605101712747873e-05,4.883347088475957e-06,0.00018781100426639615,0.00014222327672895127,3.3579383723267115e-05,6.931483811154294e-06,1.7022630259860547e-05,0.00021881774248448124,0.00013987923216520493,0.00020535704837751888,1.0608818323721304e-07,9.257371032688166e-05,6.036568330557244e-07,1.1010668259265415e-05
55,0.00013882662251982482,7.11850799040279e-07,0.014298211192454266,1.3643509253438473e-06,0.9814731798534307,6.551308883902542e-06,1.7934585483293589e-06,1.137633966635464e-05,0.0013270575132229494,0.0002927435820585998,0.001450405892837863,1.2387284714513801e-05,6.946644346217134e-06,0.00012265591832036327,7.281695990581862e-05,3.6794212304120045e-05,7.312494587986665e-06,1.3913467681916273e-05,0.00016800462715957476,0.00020411998000130916,0.0002528231672295372,4.900776288385529e-08,9.460737644353941e-05,5.8013152633223e-07,4.766762668868759e-06
56,0.00015168099076262161,6.877040056068286e-07,0.014471722430406841,1.517758925011903e-06,0.9811744591668755,7.291096233336823e-06,2.3563234758370197e-06,1.6362196569580437e-05,0.0014522676688747125,0.0003164886419493077,0.0013561435826266953,1.774200496757021e-05,9.923513025977787e-06,0.00013366633961776518,6.927585883582402e-05,4.5636893284815754e-05,8.927992487977266e-06,1.6151807039234762e-05,0.0001785818326413937,0.00023018638881086955,0.00024427600832388534,6.026499762749304e-08,8.887844870866582e-05,7.206426712593583e-07,4.994443882216688e-06
57,0.0003310055648707739,1.3673642359118193e-06,0.005960955626239091,2.6881722283177297e-06,0.9854769217112264,7.659233188342668e-06,2.4863313945330162e-06,1.609428368497983e-05,0.0018910046251629467,0.00037521181650792916,0.004060640937447812,1.1883754278531086e-05,7.474047846565386e-06,0.0004918221707963674,0.0002696161490207777,3.8355400116295254e-05,7.518656643069054e-06,5.231653906795585e-05,0.00022447920295842852,0.00024916656006573326,0.0002282910611571764,4.863950901677293e-08,0.0002805325843224707,8.831735349850256e-07,1.1576394495609003e-05
58,0.00016062576236097916,7.082154291228388e-07,0.014808094865345001,1.4292481945902783e-06,0.9809470780686539,8.291950832888947e-06,2.603661717613918e-06,1.6802980515341283e-05,0.0014325867996436356,0.00034883595570372615,0.0011551510958009658,1.8665931197074906e-05,1.1159540490017254e-05,0.0001371565148944632,6.811341517203499e-05,4.845166765967321e-05,1.0056641696092588e-05,1.748966394635354e-05,0.00020066470601966523,0.00023409607566129626,0.0002663930624541581,6.404222263534889e-08,9.930831450659014e-05,9.77016106886727e-07,5.194803775301699e-06
59,0.00015206177061115892,6.727449950014396e-07,0.016293182177234775,1.4085147260571482e-06,0.9795670846484805,7.491427108892323e-06,2.503814354891179e-06,1.619268642731935e-05,0.001372415834695838,0.00032193724952104966,0.0011741476564689046,1.8443751897585114e-05,1.069341112967993e-05,0.00013098577274446742,6.454307669782974e-05,4.794209519058107e-05,9.652344285154883e-06,1.5696653667390506e-05,0.00018473096488124823,0.00023545476358021697,0.0002732113665440997,6.076671086881601e-08,9.374170936478014e-05,8.764701977596128e-07,4.868328483786812e-06
60,0.00014130138859246046,6.89054860690213e-07,0.014169954045175438,1.4246043862832416e-06,0.981556315805366,6.842271567991361e-06,2.1851964933096182e-06,1.4622358584444327e-05,0.0014158716619198045,0.0002942350333544768,0.001378290124559914,1.7258362101740922e-05,8.433116100293722e-06,0.00013416868787601726,7.14690880850933e-05,4.1627456578031655e-05,8.251589577110053e-06,1.492526834737517e-05,0.00016452904233647713,0.0002158088400012619,0.0002469952416002168,5.7656822537269485e-08,8.90078179514799e-05,6.489555967645448e-07,5.087332164624924e-06
61,0.00014656018881585502,6.643588171312766e-07,0.015477048461656413,1.3173117476578217e-06,0.9804549110633234,7.2084739415782846e-06,2.3484756846385696e-06,1.4569641424726917e-05,0.0013655527626819787,0.00030158264160778963,0.001181000323362915,1.746179307240251e-05,9.395315177952797e-06,0.00012927124653199035,6.440207106913319e-05,4.408211797487532e-05,9.13039441857983e-06,1.486965532425957e-05,0.0001778548046566434,0.0002174325676138653,0.0002657552230766539,5.8284628868983246e-08,9.178629134016021e-05,7.896220065153746e-07,4.946910043889097e-06
62,0.00014130138859246046,6.89054860690213e-07,0.014169954045175438,1.4246043862832416e-06,0.981556315805366,6.842271567991361e-06,2.1851964933096182e-06,1.4622358584444327e-05,0.0014158716619198045,0.0002942350333544768,0.001378290124559914,1.7258362101740922e-05,8.433116100293722e-06,0.00013416868787601726,7.14690880850933e-05,4.1627456578031655e-05,8.251589577110053e-06,1.492526834737517e-05,0.00016452904233647713,0.0002158088400012619,0.0002469952416002168,5.7656822537269485e-08,8.90078179514799e-05,6.489555967645448e-07,5.087332164624924e-06
63,0.0001366300821314743,8.808295900835691e-07,0.013245329033822537,1.4177390786617014e-06,0.9824276891784284,7.366489223149208e-06,2.0185721926192873e-06,1.4555514077021934e-05,0.001514269471925637,0.00027477975056899726,0.0013684008586786873,1.6341675824686454e-05,7.766255618914722e-06,0.0001273459138288055,8.049059700238223e-05,3.992935411962045e-05,7.773372288220654e-06,1.541490171656285e-05,0.00018109002982832253,0.00019690948926571358,0.00024012322084547715,6.44436555683779e-08,8.737310530049496e-05,6.173024896221104e-07,5.422818498277639e-06
64,0.0001272292014612947,6.463265638361435e-07,0.016880684656796964,1.3092281334647888e-06,0.9790393316164988,6.972710287219582e-06,2.0500649189068954e-06,1.2765320057598177e-05,0.0012794416916402168,0.00026763809434693326,0.0012737615837006043,1.8684451126950628e-05,7.991197012882188e-06,0.00012873528168564502,6.96885129602174e-05,4.3924293883867994e-05,8.454267650941936e-06,1.3845680928307155e-05,0.0001527458922446718,0.00021880309659053312,0.00034395725214003686,5.5543534808439944e-08,9.604260024662131e-05,6.443707376496317e-07,4.597064850932578e-06
65,7.157869880595826e-05,1.0552029097415432e-06,0.009635494462105387,8.493940142441036e-07,0.9872942378048783,9.349222379002858e-06,1.9428090931092292e-06,5.775047909180888e-06,0.0008805882409772375,0.0001381717938463005,0.0006447678010559326,1.538083529202747e-05,4.477810923448621e-06,0.00018039809425373756,8.422092881095167e-05,3.189907952522829e-05,6.931979217635198e-06,1.8115690455043954e-05,0.00013330084276591393,0.00018291097610565954,0.00048804759634577026,4.810416159515154e-08,0.00016204983346504245,9.363378367421837e-07,7.471412866961567e-06
66,0.0001381939385854146,5.645800501988409e-07,0.014296117911829376,1.316642647717679e-06,0.9817957639570768,6.232820274808533e-06,2.144072759410401e-06,1.315913139972273e-05,0.0013147998088156336,0.00028215929997115824,0.0012175113034259006,1.5109888006214635e-05,8.627631090554248e-06,0.00011757953360658465,5.54969098851929e-05,4.013695325055906e-05,8.073830533940482e-06,1.3111728699107224e-05,0.0001554288075637745,0.00021012154800619984,0.00022360888572380051,4.9713196435868854e-08,7.965298414735034e-05,6.175320848797372e-07,4.420587369181097e-06
67,0.00013598609398869245,7.107790943152469e-07,0.014316084489192318,1.4079152965786083e-06,0.9814314552623447,7.3568382975670885e-06,2.251054958002644e-06,1.4115098228264116e-05,0.001365922870369272,0.00029281226382829855,0.0013491420202540187,1.827822778746054e-05,8.487789925428459e-06,0.00014280665709782403,7.486211644202967e-05,4.2818786494415414e-05,8.589109969857116e-06,1.5866054072838546e-05,0.0001654756411808073,0.00022633265316938242,0.0002756285028577796,5.879465018969819e-08,9.748744948778008e-05,7.052289510776673e-07,5.3583020611300295e-06
68,5.565375405685782e-05,1.0343257153270976e-06,0.02250317202375922,1.4656596027964024e-06,0.9713190397273539,2.330278850091935e-05,3.322216739605789e-06,3.3351594647183036e-05,0.0016088738799888915,0.00043830321161023863,0.0014365366029167746,8.179425823178553e-05,1.032825500625836e-05,0.00013435773661827377,0.00022669360354443874,6.018889234778263e-05,1.0430367667709198e-05,2.3059208580746862e-05,0.000118447282425464,0.0004060092168119237,0.001335458743233659,1.361887280955115e-07,0.00016168393428263067,1.0481245971292756e-06,6.308403032228185e-06
69,8.576949673608145e-05,5.552498314794917e-07,0.013407525678694982,1.4220799059196255e-06,0.9789565325957662,4.722460142693877e-06,1.3391184168130175e-06,1.2142775108756674e-05,0.0018812183554499447,0.00035913362531657123,0.004084463806854052,1.797516511387874e-05,4.256308484791801e-06,0.00011377075095081424,0.00014605513952151546,1.7516543228600723e-05,5.909071904894493e-06,1.2179705949085069e-05,5.792260246576924e-05,0.00033058727530505325,0.0003545900952429679,4.597092598449602e-08,0.00013736611810604777,2.073931522670329e-07,6.792617424869763e-06
70,0.00011713816004776453,6.157226196824178e-07,0.015191961113881585,1.5271005241177045e-06,0.9805844027127514,6.9995397276170045e-06,2.0740866653639874e-06,1.4415172056609804e-05,0.0014276116648398256,0.0002939436918804227,0.0013943287264446386,1.6612492927185665e-05,8.113453462025782e-06,0.00011270415127654377,6.575931496332215e-05,4.3601408142018004e-05,7.098987409010782e-06,1.2825147361739505e-05,0.00014679986508156032,0.00022095941310527504,0.0002463556445278379,5.3205989394626794e-08,7.932974216126933e-05,5.199320426265482e-07,4.249550111101656e-06
