,0,1,2,3,4,5,6,7,8,9,10,11,12,13,14,15,16,17,18,19,20,21,22,23,24
0,0.00047489799925962215,1.8566224343180564e-07,0.03736812101740916,8.689319554865658e-06,0.9526154239744845,9.238958812795611e-05,3.323334164466845e-05,7.892387538678374e-06,0.0004840046952889331,0.0003628034497050919,0.00011212932423535018,3.142248363169163e-05,0.00010602057106936564,0.00012383905002034213,2.5609697787446753e-06,0.004642261328230586,9.502514752007553e-05,6.624696329963266e-05,0.002099744437581676,0.00013599393533317576,0.0009897515466016213,1.6773248058764163e-07,0.00013051671447569173,1.592055520147439e-05,7.578052831932288e-07
1,0.0003010858807454839,1.8593873341240387e-07,0.03349064278838448,3.6603772386501003e-06,0.9602796317388363,5.366419004202777e-05,1.9508269759557493e-05,3.791255801027043e-06,0.0003001758737642116,0.00021746234175621184,9.060309522205705e-05,2.3615178868520557e-05,4.893514770297576e-05,0.00011891420546250029,2.413527449016891e-06,0.0023363920214626555,5.6045698291775236e-05,3.142875310803719e-05,0.001800328852698871,6.998943869785687e-05,0.0006725954116669503,1.2413994101711774e-07,6.890732344251418e-05,9.193991353278492e-06,7.045595703027396e-07
2,0.0002968110382554355,2.6167646488311563e-07,0.027925613872116357,4.035496695125972e-06,0.9662580086784566,5.4972900121911965e-05,2.1963181683283208e-05,3.944315013383513e-06,0.0002536753786457138,0.00020403947072038852,0.00012548818608381648,3.402354046749889e-05,4.5689938738851974e-05,0.00021092037494844433,3.9665991552369395e-06,0.0018950158683963614,6.538621255870084e-05,4.7354248328926386e-05,0.0015051204183888028,9.026627443024093e-05,0.0008450560491765853,1.570329959134845e-07,9.598038374336866e-05,1.1077474312801193e-05,1.171390101262069e-06
3,0.0003180157773698028,2.708440515246923e-07,0.029207670590649305,4.551865058555358e-06,0.9641132642866753,6.527721471316865e-05,2.559005110431783e-05,4.1054815196834864e-06,0.0002540510659507554,0.0002090824104354197,0.00011791931142766597,3.7160102348329e-05,5.1387431444719145e-05,0.00021609621144134323,3.755738782558111e-06,0.002371573624047985,7.54143293379525e-05,5.4284320793380674e-05,0.0017239527726048596,9.102860686133528e-05,0.000938778929430694,1.8047324514920466e-07,0.0001022693027585875,1.316456102616769e-05,1.1546969212588034e-06
4,0.0003355792514841091,2.603814793783561e-07,0.029288767618808338,4.497731833274838e-06,0.9638112230132182,6.481101319174314e-05,2.633836810908493e-05,4.139193010371264e-06,0.00023492417861865377,0.00021283167954652232,0.00011324011125257288,3.630090807493818e-05,5.935704445468274e-05,0.00023243958220584978,3.555124161475944e-06,0.002485514444846942,7.695524260380793e-05,5.7342605529480765e-05,0.0018444272764442282,9.59974696926471e-05,0.0008952179385247988,1.6859679499382387e-07,0.00010034430189017991,1.4655685738740176e-05,1.1112384851842004e-06
5,0.00034720447434479743,3.2327555712175347e-07,0.02679896390129727,6.024342579845859e-06,0.9656024887661413,8.048337580326094e-05,2.7420297198212666e-05,4.635196409510067e-06,0.00026266802146071664,0.000216563305793995,0.0001325234876378384,3.868304880666341e-05,6.0778739067390796e-05,0.00023884051242008164,4.2124149915501966e-06,0.0028165193350770607,8.239241710844927e-05,8.150749643387799e-05,0.0019250099617032996,0.00011031661715693042,0.001025463932270069,2.069225512386229e-07,0.00012071293572663995,1.4861424999495792e-05,1.1957974635701087e-06
6,0.0003180157773698028,2.708440515246923e-07,0.029207670590649305,4.551865058555358e-06,0.9641132642866753,6.527721471316865e-05,2.559005110431783e-05,4.1054815196834864e-06,0.0002540510659507554,0.0002090824104354197,0.00011791931142766597,3.7160102348329e-05,5.1387431444719145e-05,0.00021609621144134323,3.755738782558111e-06,0.002371573624047985,7.54143293379525e-05,5.4284320793380674e-05,0.0017239527726048596,9.102860686133528e-05,0.000938778929430694,1.8047324514920466e-07,0.0001022693027585875,1.316456102616769e-05,1.1546969212588034e-06
7,0.00023501203017933447,3.339467149149146e-07,0.023214884849732484,4.628338348132194e-06,0.969349308671668,9.628199565939159e-05,2.5881031148410354e-05,3.337908615373287e-06,0.00026093497499286004,0.00016114327509844005,0.00010916717666087096,4.4509278937183495e-05,3.8601230134971564e-05,0.0002537922497334076,4.864658991706373e-06,0.0027124614013482604,7.578866538816662e-05,8.08173015261785e-05,0.0016032832917575327,9.061930581083448e-05,0.0014657416593420768,2.0250964503891893e-07,0.0001531737996009569,1.3908685709430351e-05,1.3217632561684184e-06
8,0.0005280209392523841,1.860907927343679e-07,0.053979010225455495,4.030378723736275e-06,0.9398788721158599,3.656546257983596e-05,3.106355555380488e-05,4.234043240094287e-06,0.00022510126893096722,0.000356535244263865,0.00012359979762210967,4.5132151075192945e-05,7.012072304934956e-05,0.00033326778386384313,3.2089650969725307e-06,0.0017183380560756305,9.085426791466572e-05,2.6245064231521435e-05,0.0012781036222736207,0.00011173570915503111,0.0009966834686536074,1.3172064407318335e-07,0.00013410099752327886,2.311278702738733e-05,1.7455611407414926e-06
9,0.00047677117003248497,2.919631139191417e-07,0.04132421869760759,4.41166813170297e-06,0.9526570194563148,4.305052730554022e-05,2.5067927192939257e-05,4.34897610002595e-06,0.0002687746688014765,0.00034691505762266683,0.00016046451557550986,4.1774183501241854e-05,5.236718418686008e-05,0.0003387180373154721,5.189427297665885e-06,0.0014098962724718414,8.54401314720227e-05,3.458930315868565e-05,0.0013654906665725444,0.0001067989816770643,0.001060958988671139,1.6001710203301805e-07,0.00016577824196264038,1.930014430799969e-05,2.2037925038567916e-06
10,0.0003180157773698028,2.708440515246923e-07,0.029207670590649305,4.551865058555358e-06,0.9641132642866753,6.527721471316865e-05,2.559005110431783e-05,4.1054815196834864e-06,0.0002540510659507554,0.0002090824104354197,0.00011791931142766597,3.7160102348329e-05,5.1387431444719145e-05,0.00021609621144134323,3.755738782558111e-06,0.002371573624047985,7.54143293379525e-05,5.4284320793380674e-05,0.0017239527726048596,9.102860686133528e-05,0.000938778929430694,1.8047324514920466e-07,0.0001022693027585875,1.316456102616769e-05,1.1546969212588034e-06
11,0.0003618906666169807,2.6081077604090817e-07,0.030767064802471204,4.6822750028895944e-06,0.9620534302041958,6.696698892313795e-05,2.8421264836159582e-05,4.785168258943891e-06,0.0002613749751109934,0.00023446508301404296,0.00011500988941201915,3.825193972105287e-05,6.452394510556952e-05,0.00021532168848048498,3.553562612210434e-06,0.0026134308605246085,8.341681273592239e-05,5.6869957899869065e-05,0.0019246263939649184,9.663010705529586e-05,0.000889368438144171,1.8630561106232941e-07,9.902885018839683e-05,1.5323755711881147e-05,1.1152536264588907e-06
12,0.004807570206891556,2.7249072159341007e-06,0.7777460221585012,6.483387372757054e-05,0.13153778021310364,0.00011351191419837471,2.521852900957539e-05,0.003209267699359675,0.0022535960973156873,0.006228695067745722,0.0008183564640094619,0.0002811499429470008,0.001281173135175654,1.3649301288244776e-05,3.1109829230033634e-05,0.027393893863443142,0.00041562333722098963,2.6138389246165542e-05,0.04283005244882253,8.32693447809202e-05,0.0007892900290003847,1.647757637522659e-05,9.479805608466728e-06,2.076362224115121e-05,3.522435416912711e-07
13,0.00033788417403206143,2.5294167005510443e-07,0.031225007831742556,4.737445793825081e-06,0.9623081781219389,5.468935567461304e-05,2.501756859171484e-05,4.318721505183461e-06,0.00024309237955894364,0.00021697254198776016,0.00015004489166652548,4.1740375930386515e-05,5.2655788217699026e-05,0.0002591120795410329,4.2621244232092675e-06,0.0022574753714989016,7.313709192967043e-05,5.417927772243906e-05,0.0015115501508790833,0.00010226688055768701,0.0009548080410223204,1.6920476854694023e-07,0.00010513550011368114,1.2114749888486557e-05,1.1973893446774678e-06
14,0.0010702046442642038,1.1629589969235863e-07,0.06321351541895905,5.016734872156562e-06,0.9242091839363461,7.730964369573573e-05,0.0001677595743947616,1.676029860655141e-05,0.0005466559206674994,0.0008463462917427518,0.00011454836600072649,0.0002014541297619292,0.00011803768846023325,0.0005587293909068928,5.127457827701649e-06,0.003967480671782195,0.0003641629601417329,4.3714100770070696e-05,0.001309373907133551,0.00014215257324056896,0.002624704106304038,3.574251586983773e-07,0.00030502853739398683,8.828070892767096e-05,3.979216741819602e-06
15,0.0003180157773698028,2.708440515246923e-07,0.029207670590649305,4.551865058555358e-06,0.9641132642866753,6.527721471316865e-05,2.559005110431783e-05,4.1054815196834864e-06,0.0002540510659507554,0.0002090824104354197,0.00011791931142766597,3.7160102348329e-05,5.1387431444719145e-05,0.00021609621144134323,3.755738782558111e-06,0.002371573624047985,7.54143293379525e-05,5.4284320793380674e-05,0.0017239527726048596,9.102860686133528e-05,0.000938778929430694,1.8047324514920466e-07,0.0001022693027585875,1.316456102616769e-05,1.1546969212588034e-06
16,0.00031787199497062705,2.1988144423966027e-07,0.03522500503074348,5.598721866521002e-06,0.9558100038463416,7.489564008791718e-05,3.1161149708884045e-05,4.288888052736113e-06,0.0001810891297374093,0.00019895596717819878,0.00014614168232019557,5.6601215006809444e-05,6.82672640061805e-05,0.00032462617244551013,4.2737241600606525e-06,0.003869715748026717,8.594886614191776e-05,8.996901268289563e-05,0.0017045541324976143,0.00013135619672461068,0.001534577353138443,1.823850696215465e-07,0.00011820041173627231,1.558312733797054e-05,9.12458573656964e-07
17,0.0003384017830713323,2.4479267597332236e-07,0.0293425304134497,4.557788600665504e-06,0.9643619429958075,5.59987176463064e-05,2.776557144891941e-05,4.0501961770061475e-06,0.00024152869717240804,0.0001970292358129827,0.00012126854771021513,4.022273051369372e-05,5.12566217833144e-05,0.00023693300910540736,3.4750883497707318e-06,0.0022482699723077723,7.72683544656384e-05,4.9162653271976554e-05,0.001492605446606804,9.018960412769378e-05,0.0009033082722125526,1.7676427171657517e-07,9.78204602414854e-05,1.2780294309529104e-05,1.2119888597018048e-06
18,0.00047904830803981245,3.0848809773826366e-07,0.018917687417922973,3.1791249126376976e-06,0.9759473942785967,3.821013755235081e-05,3.0358382524557226e-05,2.6012583505138312e-06,0.0002408474709249395,0.0001734773592083063,0.00011732899915988453,2.589654202363129e-05,3.358035543592094e-05,0.0002720532924773301,3.0369069334139066e-06,0.0010666568600682872,0.000145784434888182,4.458764047765496e-05,0.0016204443085277285,6.544682094589253e-05,0.0006413814760730846,2.2242647924631027e-07,0.00011296205289016548,1.4692675645522326e-05,2.812981843342183e-06
19,0.000212957716029006,1.04645402220457e-06,0.010560776721303965,2.9805045193042425e-06,0.981501483801813,3.604117637478318e-05,5.676666731458589e-06,7.912302030804478e-07,0.00010807719583744164,2.3706393992043183e-05,0.00024458490533136294,1.1623392033134514e-05,1.0940923957286945e-05,0.0009655125293939324,1.587331131938112e-05,0.0014064340808946755,4.3908125513429776e-05,0.0003013167095823443,0.002029238896348753,7.128089236384335e-05,0.0020697220522941768,6.644479508386741e-08,0.00036797730402687905,6.423238712492999e-06,1.5593326072007492e-06
20,0.00036393753262559873,8.752709346292519e-07,0.040505854108868505,8.731260167487593e-06,0.9484765749436413,0.00012951892572380468,3.0119235891204635e-05,1.112689977759294e-05,0.0004045460937610085,0.0002882120502479382,0.00023830472998039872,9.735480561297591e-05,6.650122466776657e-05,0.000294293917273155,1.3505189018076173e-05,0.0038540512322873264,0.00010346305631148717,0.00011617857669700186,0.0026508022558043133,0.000125614953005516,0.0020582013202795316,6.089657405021668e-07,0.0001430929592319736,1.677183644554865e-05,1.7586560051784052e-06
21,0.00029193301054077856,3.148575579248193e-07,0.027032013197882485,3.429346100465376e-06,0.9664372715703462,7.854663341407098e-05,2.7315374424183595e-05,4.351446583555079e-06,0.0002989642943216648,0.00023169455670626096,7.632511340239217e-05,2.935788245698869e-05,4.9665115605511654e-05,0.00014365685229434573,3.2400330087806537e-06,0.001990820510135212,9.136106618305252e-05,4.5615410562414106e-05,0.0021348670655748853,7.157111974811176e-05,0.0008412659594498853,2.1339819977511034e-07,9.77285340706509e-05,1.7185364411417768e-05,1.2922870191341835e-06
22,0.0003846176463400346,1.951029310460714e-07,0.03603142325742378,6.788556458145517e-06,0.9563579021345388,5.325252433687453e-05,2.5196183792089096e-05,4.214886018183262e-06,0.00021758186551928138,0.00026664362687702604,0.00021102198225745982,3.787150138562438e-05,6.51840732281895e-05,0.00022821511630648225,3.4570344113819937e-06,0.0029021479781448463,0.00011055307486282478,7.616208922190887e-05,0.001616205903639296,0.00014280854109089227,0.001136788912984122,1.9049762872474393e-07,0.0001098144268623562,1.0806012367313018e-05,9.570713734460689e-07
23,0.0003180157773698028,2.708440515246923e-07,0.029207670590649305,4.551865058555358e-06,0.9641132642866753,6.527721471316865e-05,2.559005110431783e-05,4.1054815196834864e-06,0.0002540510659507554,0.0002090824104354197,0.00011791931142766597,3.7160102348329e-05,5.1387431444719145e-05,0.00021609621144134323,3.755738782558111e-06,0.002371573624047985,7.54143293379525e-05,5.4284320793380674e-05,0.0017239527726048596,9.102860686133528e-05,0.000938778929430694,1.8047324514920466e-07,0.0001022693027585875,1.316456102616769e-05,1.1546969212588034e-06
24,0.0003005961995552787,2.483178846285316e-07,0.022905160979392263,5.230303118726233e-06,0.971734711464244,4.97197631320185e-05,2.0463785958306857e-05,3.1438976214149913e-06,0.0001955091203740265,0.0001660996935472343,0.00012683010674860424,3.3067346664371675e-05,4.7675986589362046e-05,0.00022997240370989532,2.8690945955212935e-06,0.0019279363610401744,5.7420643353666045e-05,4.9950353949765786e-05,0.0013224758716137,9.120285498350973e-05,0.0006425849799696245,1.503164161970982e-07,7.686644583325965e-05,9.058391367355172e-06,1.0553183369354449e-06
25,0.0005318342683321733,1.4770637505509195e-07,0.04052495493910485,6.4574129125407505e-06,0.9531047767312727,3.02285538144097e-05,3.674137733945586e-05,7.269464494851568e-06,0.00021382919198787773,0.0002938422016037831,0.00028543745175752563,6.426414945805534e-05,9.088424549643403e-05,0.00037130484360079277,4.015136201136251e-06,0.002278792818069757,8.982480099342374e-05,5.121357220735548e-05,0.0009627270037083492,0.00016702094312988282,0.0007844900571996281,1.5873930741004664e-07,8.720175257973488e-05,1.139947015755584e-05,1.1831688955459226e-06
26,0.0003379018661786661,2.5632149494565223e-07,0.026319361560680585,4.220373524828213e-06,0.9670573771857703,6.850431090001841e-05,2.571904435997744e-05,3.928580739514114e-06,0.00028904251249300695,0.0002195012660729174,0.00010065398188303935,2.9190002833660115e-05,5.2650624465593275e-05,0.00018225965146464543,3.241813011896653e-06,0.0022267284833898567,8.187090294885448e-05,5.599610125787859e-05,0.0018591823928138685,8.76771000103545e-05,0.0008655422461921711,1.6551276160043554e-07,0.00011336667676762051,1.450055593876092e-05,1.1609320454104028e-06
27,0.00033771279501337723,4.93185969737609e-07,0.02603650684985149,5.452845031371841e-06,0.9672408466117273,7.843194384687724e-05,2.531002018692484e-05,5.559861852604775e-06,0.0004015720160963625,0.00023132637583569277,0.0001404100055041799,4.049521779390536e-05,4.2168714594907126e-05,0.00018913750089957014,5.4798502205659485e-06,0.002087543741638511,7.484225960780991e-05,5.0545578717031814e-05,0.002032335838390011,7.401909180768068e-05,0.0007883147043994377,3.018230240978549e-07,9.814046133849862e-05,1.1325348789706226e-05,1.7273578624046035e-06
28,0.0003180157773698028,2.708440515246923e-07,0.029207670590649305,4.551865058555358e-06,0.9641132642866753,6.527721471316865e-05,2.559005110431783e-05,4.1054815196834864e-06,0.0002540510659507554,0.0002090824104354197,0.00011791931142766597,3.7160102348329e-05,5.1387431444719145e-05,0.00021609621144134323,3.755738782558111e-06,0.002371573624047985,7.54143293379525e-05,5.4284320793380674e-05,0.0017239527726048596,9.102860686133528e-05,0.000938778929430694,1.8047324514920466e-07,0.0001022693027585875,1.316456102616769e-05,1.1546969212588034e-06
29,0.0003180157773698028,2.708440515246923e-07,0.029207670590649305,4.551865058555358e-06,0.9641132642866753,6.527721471316865e-05,2.559005110431783e-05,4.1054815196834864e-06,0.0002540510659507554,0.0002090824104354197,0.00011791931142766597,3.7160102348329e-05,5.1387431444719145e-05,0.00021609621144134323,3.755738782558111e-06,0.002371573624047985,7.54143293379525e-05,5.4284320793380674e-05,0.0017239527726048596,9.102860686133528e-05,0.000938778929430694,1.8047324514920466e-07,0.0001022693027585875,1.316456102616769e-05,1.1546969212588034e-06
30,0.0003180157773698028,2.708440515246923e-07,0.029207670590649305,4.551865058555358e-06,0.9641132642866753,6.527721471316865e-05,2.559005110431783e-05,4.1054815196834864e-06,0.0002540510659507554,0.0002090824104354197,0.00011791931142766597,3.7160102348329e-05,5.1387431444719145e-05,0.00021609621144134323,3.755738782558111e-06,0.002371573624047985,7.54143293379525e-05,5.4284320793380674e-05,0.0017239527726048596,9.102860686133528e-05,0.000938778929430694,1.8047324514920466e-07,0.0001022693027585875,1.316456102616769e-05,1.1546969212588034e-06
31,9.805042990383308e-05,1.4295001126865284e-07,0.006669761219393077,2.6088569068973813e-06,0.9903580506869771,7.43657103969165e-05,2.8746911945248987e-05,5.169657214365859e-07,0.00020294417765797542,0.0001394687863934297,7.674569042684428e-05,1.470532647173975e-05,8.369970751119225e-06,0.00020407358510666273,2.390569804580676e-06,0.0006909243657508828,3.7389239081571446e-05,3.106297061705472e-05,0.0004263901539315521,6.007795539174877e-05,0.0006382878726879687,7.974333808133075e-08,0.0002249200909247784,7.777380952105097e-06,2.1483894558899403e-06
32,0.00033877989439669374,3.0114827949429785e-07,0.029066991838376327,4.438257732083885e-06,0.9638436266897618,6.745537398143365e-05,2.36309342812403e-05,4.088264734896606e-06,0.00025007437661124613,0.00020305288940473487,0.00010878402963503297,3.291224185637354e-05,5.5341588948301814e-05,0.00020393943396812195,3.580719734672192e-06,0.002464034449466091,7.810061496587986e-05,5.7723803208772066e-05,0.00211792987276872,8.617833095108567e-05,0.0008775920577061511,1.836461346513046e-07,9.624424300465256e-05,1.3924184218030185e-05,1.0911158737166387e-06
33,0.0006420729117655769,4.800634083233041e-07,0.03346305705229807,7.1910654506819465e-06,0.9452082877178978,0.0001514598210350198,5.8187054034628657e-05,7.648618086487033e-06,0.00017710669705267375,0.0002273018365195019,5.242039796025942e-05,5.2281556436934645e-05,0.00021191943410055084,0.00026256197460639577,2.202986676358633e-06,0.009496896458591475,0.00025523564020355497,0.0001831003691924764,0.00827521989246621,9.832871193060388e-05,0.0010107166911061454,5.113736220181563e-07,8.668215984080164e-05,6.820691757674293e-05,9.225981408342514e-07
34,0.00021151250081210965,3.693980036127218e-07,0.02814028318193398,5.73386172397801e-06,0.96370387468212,0.00013611161957137095,3.854897134013012e-05,4.911404107087514e-06,0.00031396864178973423,0.00025650087701597845,0.0001119780792456933,6.320711668010857e-05,4.916906718860285e-05,0.00021487977106057822,5.282674456960687e-06,0.0031404299146532916,9.089120522810249e-05,7.248923677126637e-05,0.0016141428542348604,0.00010717782480432854,0.0015482961177118886,3.219118842261999e-07,0.00015036693930388218,1.79879130198215e-05,1.564235338428805e-06
35,0.0006538275372605813,5.994052423791174e-07,0.028352225051918454,7.2094602474063815e-06,0.9628091357358602,7.124638589976042e-05,2.4136033157147005e-05,1.3171940389006831e-05,0.0007859268462127695,0.0002519588363848739,0.00013795210335604873,3.264093388869658e-05,6.534144581006e-05,9.882597307469542e-05,4.528758211908804e-06,0.0026206431262731054,9.118305159873735e-05,5.0988775891326625e-05,0.0032909026508838512,6.182754014313744e-05,0.0005027817898989489,4.1395537349805874e-07,6.180576332888687e-05,9.407643065230635e-06,1.319256629230376e-06
36,0.00031195812009283643,2.6757931589851457e-07,0.02894772611037662,4.46612090926479e-06,0.9644788743290471,6.476954469650503e-05,2.475664260332928e-05,3.961254874712071e-06,0.00025182039839425746,0.00020732747468703487,0.00011563882032405413,3.541260284753938e-05,5.034713191811417e-05,0.000210996311303127,3.6880228175219343e-06,0.002317340332194655,7.300766366340384e-05,5.307928290811973e-05,0.001710789502374474,9.00117372494221e-05,0.0009273886755856515,1.7279586417226391e-07,0.00010213878737917151,1.2930067141354686e-05,1.130691431868877e-06
37,0.00022344525498703202,5.134558560317999e-07,0.026696641403406735,6.057365167770841e-06,0.9667753323132651,0.00010309284516194292,1.7048655008881424e-05,9.031298662086272e-06,0.0007015884988762641,0.0003058490759793208,0.00014971061688573867,3.2169686582132236e-05,3.963804515461001e-05,7.024466208534748e-05,5.78724780739084e-06,0.0019844227804487434,5.400315616900076e-05,4.148614357640769e-05,0.001992649864395685,7.7353097472642e-05,0.0006364051146466127,3.251119000667601e-07,7.004307525248889e-05,6.0396736202344185e-06,1.12155763218617e-06
38,0.00028714072874445076,3.176409091091903e-07,0.03526071838708425,5.792284701232834e-06,0.9526048099959928,0.00014741609331462858,3.629803063921051e-05,4.66058865255788e-06,0.0002449286572549595,0.00023477510940618705,0.0001172399461528728,5.5349796643077414e-05,7.383382439497101e-05,0.00025214607351285793,5.257517909074036e-06,0.005472491131130079,9.153757412758906e-05,0.00011289478201963504,0.0027432093854452807,0.00011340074949257195,0.001957564487413873,2.483234093503854e-07,0.00015549498142889686,2.157555245081666e-05,8.983577697041337e-07
39,0.0004373179816421281,1.367465680056498e-07,0.012325483408602263,3.5370727710086643e-06,0.9843784096734002,1.714691119725267e-05,1.9660151257211046e-05,1.620249972514278e-06,0.0001731995333771729,0.00021747495139066617,0.00020402971887882457,1.488617708238303e-05,2.9780343117512575e-05,0.0003803473043206444,2.4383055284740993e-06,0.000621492615131135,3.775557216634001e-05,2.77571976474508e-05,0.0007670376994661129,7.509268203208861e-05,0.0001828502079747288,6.35817530108152e-08,7.422099137188697e-05,6.548838899306941e-06,1.712084451768759e-06
40,0.00022719482439532895,1.9733535086823213e-07,0.027499335627526624,1.8801058262645275e-06,0.9690892474540422,1.936414554345659e-05,1.3529935015490736e-05,1.470260300163366e-06,9.945532377500179e-05,7.246003867577567e-05,9.135054432440529e-05,3.0115103533496923e-05,2.477272590307234e-05,0.0002927121688029895,2.311480372117652e-06,0.0009292690913453157,3.7914427949623394e-05,2.0651776664538833e-05,0.0008707461809059031,5.312996199148213e-05,0.0005684890728501259,8.648175747238556e-08,4.7045756962217755e-05,6.254122980753839e-06,1.016053205006773e-06
41,0.0005548261899438756,2.837513230523155e-07,0.06484717639412063,5.232706615172162e-06,0.9221340180408931,0.00012585691000388327,8.862314502012934e-05,5.65997337844533e-06,0.0002526056515126663,0.0004540196551040084,0.00012116853847589357,0.000126883420778109,8.47537646877378e-05,0.00039676997371521555,5.030939784690656e-06,0.00380221783283587,0.0003674852475354338,7.227069710642313e-05,0.002251184536960415,0.00014164700435348942,0.003802483689193537,5.472525252224422e-07,0.0002933557520641633,6.266218684162933e-05,3.2367452271374795e-06
42,0.00039717623182657276,1.0540543126343115e-06,0.07764340440914783,1.11966323177333e-05,0.9038065934811514,0.00017258183692306397,2.6501319526559792e-05,1.8830436316793938e-05,0.0006111499847120595,0.0002547628456574105,0.00011690913045366587,7.07360425114292e-05,9.287564221487252e-05,8.082064578962585e-05,5.813906353985476e-06,0.008513939529132786,0.00014218871503135676,7.15225460127087e-05,0.0060293845455817565,8.3333346560665e-05,0.0017664224250572283,9.858947186713554e-07,6.605585364336112e-05,1.4930310967053764e-05,8.302340785052526e-07
43,0.0005746076183759845,4.921089370070817e-07,0.009491913649227525,3.125758873544307e-06,0.9858214894996822,4.871390753153138e-06,1.4589191609834213e-05,9.955196224532976e-07,9.165784769915106e-05,2.631259767444347e-05,0.0004863883228536687,2.5005303825208345e-05,1.315420345624817e-05,0.0021265063176547027,4.986546569558939e-06,0.0004201303317311601,2.229310549808e-05,3.2549297287627366e-05,0.0006491759529406686,4.091011828646631e-05,8.921407104301695e-05,6.706663512806733e-08,5.1961538648554755e-05,2.830201498878708e-06,4.772439615753983e-06
44,0.0003180157773698028,2.708440515246923e-07,0.029207670590649305,4.551865058555358e-06,0.9641132642866753,6.527721471316865e-05,2.559005110431783e-05,4.1054815196834864e-06,0.0002540510659507554,0.0002090824104354197,0.00011791931142766597,3.7160102348329e-05,5.1387431444719145e-05,0.00021609621144134323,3.755738782558111e-06,0.002371573624047985,7.54143293379525e-05,5.4284320793380674e-05,0.0017239527726048596,9.102860686133528e-05,0.000938778929430694,1.8047324514920466e-07,0.0001022693027585875,1.316456102616769e-05,1.1546969212588034e-06
45,0.00044894423010743626,3.980347644027516e-07,0.043014758375897674,6.827845800276222e-06,0.942617490690818,0.00014008481388571605,5.076472816656607e-05,1.6614317199643414e-05,0.00039684369535786544,0.0003697244655808035,0.00012407395487310392,7.27520937464861e-05,0.00014064709136113864,0.00020032306072717839,6.509739512054841e-06,0.006774962876250196,0.00011146834809604996,0.0001103972113765332,0.0038865258121058466,0.00012216305331568157,0.0012709102236013287,4.0866458278386944e-07,8.791986046769544e-05,2.7641600817391913e-05,8.452115880760597e-07
46,0.0004733951254812832,2.4507956917028114e-07,0.038571558210085864,6.289794704192695e-06,0.9528720226824672,7.668453324730193e-05,3.760878507938027e-05,5.798957108685997e-06,0.00027698981007963797,0.0002928086778612757,0.00012500700971924858,5.294198416963761e-05,7.917059573798575e-05,0.00020366241458645237,3.0416169243056724e-06,0.0032436027868016073,0.00014935901291944723,6.008662618424882e-05,0.002006609064263856,0.00011375522150846277,0.0012185114306268515,2.87998619840914e-07,0.00011042651556305135,1.88500432593782e-05,1.286023431566537e-06
47,0.0009287345296387694,2.9595716568468034e-07,0.0632407722627933,9.142114231958033e-06,0.9213668883736006,9.452231449977159e-05,5.763948219162717e-05,9.842143294234044e-06,0.00029180428868934153,0.00033724272516667976,0.00010365076720890792,7.566187093477919e-05,0.0001619992219395312,0.00021440637604193898,2.588997762662638e-06,0.007210500401678544,0.00021970049918758783,7.010075980928202e-05,0.003953551952236647,0.00010670919501192962,0.0014083921803738704,4.5385202355101673e-07,9.893829914532112e-05,3.538431411459874e-05,1.0771212588237095e-06
48,0.00043883273620820996,3.294150095139245e-07,0.03275330054793526,4.5472294072962005e-06,0.9582047027974004,8.734700125703444e-05,3.167793795515502e-05,5.745741625828092e-06,0.00028249182254192216,0.00027441719383752725,8.738886152419459e-05,3.5561291749845535e-05,7.910268490225086e-05,0.00018058435342206255,3.3240663107136435e-06,0.003039378222373261,0.00012780841337041055,6.632547059791056e-05,0.00311213377848431,8.924347184544092e-05,0.0009687478795435602,2.5686550437134734e-07,0.00010184022822459611,2.371862655008512e-05,1.193362418950197e-06
49,0.00027640619329052593,3.6813699736432377e-07,0.0407386057681217,5.760260982172946e-06,0.951102056843179,0.00010139195264954807,2.950383610699618e-05,6.165290663904849e-06,0.00032324164696055895,0.00025139612297806857,0.00010998509227881087,5.975975562872654e-05,6.047275235550773e-05,0.000151100207954975,4.091879753018722e-06,0.003192556072545497,8.960180432864591e-05,5.099129107268607e-05,0.0019682388281414857,9.94596309911807e-05,0.0012716397632559775,3.3896386738655223e-07,9.156266340888152e-05,1.4164565121204073e-05,1.1406773662630298e-06
50,0.00034556408826169757,2.4392139836598395e-07,0.02970813044788339,4.4833333511837345e-06,0.9636669021049725,6.133206102928723e-05,2.752983149826054e-05,4.2680388806661415e-06,0.0002485546138062679,0.0002259977222671203,0.00011824244528755991,3.716733046038406e-05,5.565053576273957e-05,0.0002245456656693604,3.547815345828676e-06,0.0023429150368785437,7.846286888664823e-05,5.217646929497912e-05,0.001709201919476475,9.343969758610674e-05,0.0008768894245874467,1.7285218751804663e-07,9.935394566624312e-05,1.4064736622731116e-05,1.1630929386434466e-06
51,0.00032393771561890896,9.697320029793882e-07,0.03362677798516803,1.0395187178608563e-05,0.957989684071714,9.791727540057941e-05,2.1555743278744708e-05,7.456238285736226e-06,0.0003874649797388402,0.00020578367730258445,0.0002254026908270624,5.921360295633249e-05,4.742548410472078e-05,0.00024028415238911633,9.245331890924596e-06,0.00292439516355865,7.088590657312265e-05,7.868250108679874e-05,0.0022264207247351606,0.00010069904269148469,0.0012220164862401938,4.736041917123364e-07,0.00011127234561650009,9.890432327474938e-06,1.7499251217024914e-06
52,0.00033585148108869635,1.6963782915601652e-07,0.022762582965988806,7.220215971476229e-06,0.9677995012692435,0.00013882180303041987,2.344153962768722e-05,1.155474812647193e-05,0.0003567478617538921,0.0007956804940962158,0.00021542673820969932,5.0174853581385144e-05,0.000124992124814479,0.00022340161123148114,7.5866154169979255e-06,0.003655229736370749,3.9967206088411824e-05,0.00013947722959515598,0.00230509557898552,0.00021849175343520704,0.0006882116371958304,1.4516963568136193e-07,8.596811005294346e-05,1.3689848027584353e-05,5.697706024754518e-07
53,0.00021610712927342974,1.1101933299104158e-07,0.025026057241808976,4.923996928271801e-06,0.96877435683327,5.939812734708099e-05,4.454344764967051e-05,2.4995006623499983e-06,0.00020071504968751803,0.0001947443933791011,0.0001504410476573477,5.1040811026694044e-05,4.311194709824421e-05,0.0003138851543602116,3.198360777130917e-06,0.0024236281822989075,6.763468196055267e-05,6.123067409831732e-05,0.0006139383646499184,0.00014452596333953938,0.00140675875868525,1.144093905337546e-07,0.00018377008833662896,1.2088517823778363e-05,1.1762991573222908e-06
54,0.00033272809757831415,9.57765180005539e-07,0.022351727430541014,4.782658650424662e-06,0.9709520151675457,7.796935191343737e-05,2.4278027264405886e-05,4.0659725660293416e-06,0.00033222325432506994,0.00015480424501600212,0.0001259416995681325,4.114472475241409e-05,2.7803240827490848e-05,0.0002949221671146485,7.5353257587403866e-06,0.001781482753673471,6.508436554320355e-05,4.507909936564099e-05,0.0024579426681002954,4.845506376820262e-05,0.0007581375947563163,3.7464060906005205e-07,9.527237095995644e-05,1.2506045466932704e-05,2.7662691553656867e-06
55,0.0003304512828229832,3.2106521492004105e-07,0.03099520750556173,4.534010451705283e-06,0.9626264394721982,5.710375868540265e-05,1.9144528550080593e-05,3.2766629329545465e-06,0.0002423891103195496,0.00021686594441152872,0.00013478181706421907,2.352606637525227e-05,4.180281834375132e-05,0.00019577298418279956,4.014064922042547e-06,0.001882780263281298,7.610804284715833e-05,4.7538128882397896e-05,0.0019352948057228918,8.348695402330225e-05,0.0009544019439155293,1.6112433306261521e-07,0.00011179807195023675,1.1612076427384102e-05,1.187496579601544e-06
56,0.0003410935860798713,2.6117600712949914e-07,0.030162532693850084,4.742406688670143e-06,0.9627646604039738,6.881221101970527e-05,2.7615079081753328e-05,4.591344343197511e-06,0.0002585005085267275,0.0002273414098110963,0.00011441310182628975,3.834928382276917e-05,6.141346830640336e-05,0.00021335716452048197,3.5775788502725748e-06,0.002592228443304152,8.004516709554076e-05,5.721637771189183e-05,0.001845855419929666,9.751521346880617e-05,0.0009195001071932809,1.8373344549615875e-07,0.00010042789988382632,1.4656102217449418e-05,1.1101190415021915e-06
57,0.0008764476440408832,8.794847755069795e-07,0.01031931117475036,1.507007197382512e-05,0.9791553607768759,9.780657006459838e-05,2.8274579515986252e-05,4.8194095034320506e-06,0.00038440979245020544,0.00023513195987076078,0.00045723592239720707,2.277753039088794e-05,4.520162230064029e-05,0.0008851660088723069,1.6301535085419687e-05,0.0024437561657839435,9.544105398474609e-05,0.0003625468296732343,0.0029238893754586705,0.00012474606618421643,0.001025196711453004,2.1264271523294804e-07,0.00045835287387179196,1.824575737556557e-05,3.4184406315585702e-06
58,0.0003658142675401616,2.624229797939147e-07,0.030611313801745938,4.334832221526953e-06,0.961779572444402,7.598761499205499e-05,3.0356710012164976e-05,4.764985615927749e-06,0.0002509252727038226,0.00025316881358707793,9.653635684123913e-05,3.926330817853954e-05,7.060948050527653e-05,0.00022209798431837804,3.508065425213412e-06,0.002712555390219646,9.130105159762183e-05,6.226060734066431e-05,0.002107826281539313,9.91808521050875e-05,0.0009852893147906398,1.8866296180502188e-07,0.00011144615531406856,2.0293735953700353e-05,1.1415871080441686e-06
59,0.0003414950243530893,2.4776088597411327e-07,0.034474467788418575,4.205777025896888e-06,0.9582619549532966,6.748707937495092e-05,2.8661942952002887e-05,4.535147720305953e-06,0.00023566096161381815,0.00023281448770435726,9.697559091780346e-05,3.8746342795386625e-05,6.742551516400707e-05,0.00020802045488915472,3.2633258763297237e-06,0.0026401688599627356,8.716143154491971e-05,5.381565813319858e-05,0.0019174701091075467,9.967379596902797e-05,0.0010135836205148508,1.7816518118948352e-07,0.00010290052162959535,1.802910718496804e-05,1.0565777834992416e-06
60,0.0003180157773698028,2.708440515246923e-07,0.029207670590649305,4.551865058555358e-06,0.9641132642866753,6.527721471316865e-05,2.559005110431783e-05,4.1054815196834864e-06,0.0002540510659507554,0.0002090824104354197,0.00011791931142766597,3.7160102348329e-05,5.1387431444719145e-05,0.00021609621144134323,3.755738782558111e-06,0.002371573624047985,7.54143293379525e-05,5.4284320793380674e-05,0.0017239527726048596,9.102860686133528e-05,0.000938778929430694,1.8047324514920466e-07,0.0001022693027585875,1.316456102616769e-05,1.1546969212588034e-06
61,0.0003284050946419519,2.4084723718949236e-07,0.0325378248473317,3.890117239870593e-06,0.9606368401848155,6.364305402016539e-05,2.6942317752667532e-05,4.0147414947043086e-06,0.00023153021386416303,0.00021703424774842576,9.648952726299004e-05,3.6249192905310606e-05,5.879893010008288e-05,0.00020674601324313343,3.2053870139602326e-06,0.0024060319604009986,8.220065010511933e-05,4.9593047595901054e-05,0.0018317969961822945,9.073027306714186e-05,0.0009705416604360256,1.6781762644009822e-07,9.980768367681098e-05,1.6202208094131887e-05,1.0729861430150738e-06
62,0.0003180157773698028,2.708440515246923e-07,0.029207670590649305,4.551865058555358e-06,0.9641132642866753,6.527721471316865e-05,2.559005110431783e-05,4.1054815196834864e-06,0.0002540510659507554,0.0002090824104354197,0.00011791931142766597,3.7160102348329e-05,5.1387431444719145e-05,0.00021609621144134323,3.755738782558111e-06,0.002371573624047985,7.54143293379525e-05,5.4284320793380674e-05,0.0017239527726048596,9.102860686133528e-05,0.000938778929430694,1.8047324514920466e-07,0.0001022693027585875,1.316456102616769e-05,1.1546969212588034e-06
63,0.00031407890951293206,3.6908521034232764e-07,0.027280611203229273,4.7879449176941474e-06,0.9659011454080636,7.192826512935165e-05,2.3406851474746545e-05,4.184519258437498e-06,0.00028138244101525545,0.00019618155869124902,0.00012079135895685902,3.445438015334325e-05,4.767949764796363e-05,0.00020386551821366096,4.314597012839288e-06,0.002291766216568611,7.391565363135514e-05,5.833446054014388e-05,0.001962600350762002,8.430692544774932e-05,0.000921796318488491,2.0989869456846035e-07,0.00010405755120805072,1.255976393917139e-05,1.2713222322810112e-06
64,0.0002844379052156917,2.5995833748695205e-07,0.03625658874429871,4.378018309702199e-06,0.9564800718926764,6.9651642452778e-05,2.4708734025859654e-05,3.6859582766308555e-06,0.00023278278909670015,0.000192806115511301,0.00010833111389904314,4.207357743069974e-05,4.99011786692865e-05,0.00020607437398348396,3.67313367359966e-06,0.002634365334086534,8.336482951171154e-05,5.128073427838787e-05,0.001612256478879183,9.488015208779116e-05,0.001433251447332585,1.8414481230151916e-07,0.00011626525711596346,1.3670716622131415e-05,1.0557694161599534e-06
65,0.000150119641889502,6.563103762242663e-07,0.021691375292218144,3.6041071517057137e-06,0.969655799160647,0.00014166355653600463,2.4376210508219365e-05,1.6089429810976855e-06,0.00018785758470907064,8.373066708862308e-05,5.431306049225524e-05,3.6155639383884774e-05,2.5396875953720446e-05,0.0002603607598031657,4.906094997173265e-06,0.0023207062871128115,8.891094488289448e-05,9.852808291135728e-05,0.00172106183616536,7.95330024347403e-05,0.0030776105721022095,2.3871548136283834e-07,0.0002676047039010235,2.1844074552795154e-05,2.037875719624635e-06
66,0.0003090433871321729,2.0270219676930826e-07,0.029375280749954193,3.955319451966715e-06,0.964506657982327,5.595917447241839e-05,2.4829396122980143e-05,3.6292352100237537e-06,0.00022802045294202043,0.00020191995774142212,0.00010134110388125998,3.158358389333186e-05,5.334119933499071e-05,0.00018854774896205916,2.7917736515138508e-06,0.002223283586056196,7.068390652155226e-05,4.4970456627129796e-05,0.0015765075771761155,8.83272644056786e-05,0.0008082996819295714,1.4238560521834155e-07,8.735954895981965e-05,1.2366826198013966e-05,9.54999246415571e-07
67,0.0002792678721989776,3.868897461412967e-07,0.0301865843802794,5.312275018820576e-06,0.9615894899503976,0.00010326548969869257,2.940967339098865e-05,3.746285808554434e-06,0.0002637376679854897,0.00020119019022138228,0.00012065523869474286,4.751844677799648e-05,4.916452937189112e-05,0.0002645871749578131,5.013406363923374e-06,0.0028578098924215973,9.684348367983069e-05,8.07114374796505e-05,0.0019056023802015009,0.00010897704654270145,0.0016092730959830135,2.425536889626622e-07,0.00017183915595392858,1.776258915250827e-05,1.6088939839789522e-06
68,0.00011364067594835758,4.4949110970525613e-07,0.038289940587236324,7.434935130361456e-06,0.9442244248069693,0.00046076092747223405,4.899219824818305e-05,1.4888202763972766e-05,0.0003626041818117875,0.00035532960362522797,0.0001558931778416732,0.0003139956981072741,8.101688457998444e-05,0.00024292043115573762,1.7822389236190445e-05,0.005467656967986472,9.70872208240796e-05,0.00023447695845352367,0.001126208127292047,0.00032760532024467916,0.007760102253428612,5.928544112492366e-07,0.00026959774414931113,2.516115970190772e-05,1.3972022719599107e-06
69,0.00018172633560899494,3.1120964955656866e-07,0.024468858557701773,6.9724166625795205e-06,0.9698433389238942,6.645884422268254e-05,1.5656367547610254e-05,3.661632383601703e-06,0.00043817735537886256,0.00024033121125234018,0.0004693747241684371,4.220063225242898e-05,2.3115083107463455e-05,0.00017587648494305603,9.762760996987926e-06,0.0011277657553512331,6.04449059330609e-05,7.624253319243792e-05,0.000609929941504797,0.00017387741247597266,0.0017392924439987723,2.0311237409780018e-07,0.0002209079415706287,3.6678526547010033e-06,1.8455611737697503e-06
70,0.00026426015615240605,2.2994864089721682e-07,0.031078906628635897,5.1820112458016825e-06,0.9623730665274703,7.112328503038866e-05,2.5340172890264555e-05,4.051167182759749e-06,0.0002739373760570811,0.00020998435850997822,0.00012325188981269122,3.8038956286055595e-05,4.896941042977656e-05,0.00017924841501990358,3.452425818830458e-06,0.0026210996218946213,5.9793109149652954e-05,4.7740422822520825e-05,0.001413758467203851,9.720910968937963e-05,0.0009539351126089902,1.6288349786242483e-07,9.61622810149159e-05,1.0144513479469947e-05,9.517494557611688e-07
71,0.000487071842965712,2.0985186803478168e-08,0.01722440708849671,2.1650212398835618e-06,0.9784787062325482,3.375059980541729e-05,0.0001354786785974477,4.395911805329757e-06,0.0002425855724819489,0.00044577144563832737,3.7210115194847e-05,2.146387762557511e-05,0.00010501664659563448,0.00012124438024914575,4.977537724681229e-07,0.001539970994067685,9.561065943881378e-05,1.6006447975312555e-05,0.0006065006895366731,8.929890962875407e-05,0.0002342029033134093,5.9458872539896824e-08,5.166626201079856e-05,2.611371148038779e-05,7.838114723111059e-07
