,0,1,2,3,4,5,6,7,8,9,10,11,12,13,14,15,16,17,18,19,20,21,22,23,24
0,0.005050848883510995,0.08980669855800656,6.014559201237927e-06,1.3043894769749397e-06,0.445980492276109,0.00044015917245063155,0.0019119970261409797,6.614735844334665e-05,0.28856520667219426,1.0135171645476841e-05,0.0005336382899568591,0.00022329420455589273,5.933182949405512e-05,0.0008701787260151196,0.011859503241799662,0.0010635789798684448,0.011386399365796511,0.0005228188360103948,0.12990017828954017,8.114694365922774e-05,0.0012917427708373063,0.00557910519928017,9.971081406837375e-06,3.0410810357873352e-05,0.004749697364241894
1,0.0036782089332210483,0.05957470552614382,4.5155840857988285e-06,5.446601703672322e-07,0.326885914572631,0.0004782899137538538,0.0009468785716784523,6.17065029044766e-05,0.38273513672207105,5.930515012508635e-06,0.00030634271061753614,9.926887102525679e-05,4.945452749872903e-05,0.0002785317696879341,0.014229385903532902,0.001765739103745584,0.006652855871648091,0.0003010959451973843,0.19562090692472667,6.29965077167768e-05,0.0008130790099450694,0.0036341797961166526,2.9186781316214677e-06,2.4767863243312395e-05,0.0017866450154941957
2,0.001824415256995229,0.04115564410723211,9.618630927422098e-06,5.120592483168809e-06,0.0344075249087487,0.0014163912494981146,0.00048175526491143925,8.123762295316686e-05,0.3146348039490644,8.585692142746486e-06,0.001046414182821771,0.00024841349798589016,5.708780336182353e-05,0.0003470012552100368,0.0016688966581163023,0.0013868687260846992,0.01571688764322842,0.0005452126844617543,0.5629454608779296,2.774107057736843e-05,0.005657065884637858,0.015601154782883852,1.2661688472937678e-05,0.0002514178086513594,0.00046261816061996186
3,0.003270475163516284,0.06128782392535016,3.6158135144431717e-06,6.79133266700869e-07,0.42943858389818285,0.00045387015254972236,0.0010457950658884733,6.1024404281535085e-05,0.3069820953380364,5.102816417019815e-06,0.00048084899518052574,0.00012382423634938632,5.4479621632036216e-05,0.0004802210058564133,0.014294082505117444,0.0013232151119432726,0.010888960559427742,0.00032402790564437287,0.161172923456208,7.088674068784318e-05,0.000935378826656843,0.004829546763506407,4.995517118033979e-06,2.4886444088928346e-05,0.002442656599579014
4,0.003487234767514763,0.061953822468961,3.4878547136675505e-06,7.257225835512675e-07,0.42649620076264017,0.00043466661137615196,0.0010321890494380855,5.6895534748885245e-05,0.3118815331620344,4.851569266028959e-06,0.0004815388778810507,0.0001455776412104396,6.82345245544453e-05,0.0005401368167225479,0.013487465801070193,0.001223693082255562,0.01258635186750437,0.0003510248716624178,0.1567771030140764,7.317883362985966e-05,0.00098316355871102,0.0051955550092762535,5.13697014961106e-06,2.5466690190523165e-05,0.002704764937828511
5,0.0040585544308150475,0.06723528373319715,3.847447405440422e-06,1.0163069056450506e-06,0.38813233438146827,0.0004930919526405267,0.0010648591502433033,5.903491106539322e-05,0.33933235283372487,6.355118402510633e-06,0.0005241114500394456,0.00016821876669079105,6.96705325143156e-05,0.0006303626262266609,0.013284405670137948,0.0013753704335350057,0.013931448081895514,0.0005213116147672005,0.15834597988547064,8.31170516530799e-05,0.0011694333346593828,0.00638334217738381,6.045769372975956e-06,3.28575227422544e-05,0.003087594817042913
6,0.003270475163516284,0.06128782392535016,3.6158135144431717e-06,6.79133266700869e-07,0.42943858389818285,0.00045387015254972236,0.0010457950658884733,6.1024404281535085e-05,0.3069820953380364,5.102816417019815e-06,0.00048084899518052574,0.00012382423634938632,5.4479621632036216e-05,0.0004802210058564133,0.014294082505117444,0.0013232151119432726,0.010888960559427742,0.00032402790564437287,0.161172923456208,7.088674068784318e-05,0.000935378826656843,0.004829546763506407,4.995517118033979e-06,2.4886444088928346e-05,0.002442656599579014
7,0.0029942708833298423,0.06095662545810199,3.320926502259945e-06,6.932043241052613e-07,0.4291035832901712,0.0004483265297902997,0.0010200817705797514,6.0000822795812265e-05,0.3117836616597066,4.9684672216986586e-06,0.0004835955690925956,0.00012501538576221782,5.318062807018935e-05,0.0004933088873760727,0.015133288823839935,0.0013730374505077623,0.011145270258563595,0.00032036425428752383,0.15579988671202114,7.150176774571088e-05,0.0009695528011830635,0.005173348158798434,4.971800326880291e-06,2.388946953373504e-05,0.0024542550203677026
8,0.005451440305301425,0.11674508660106954,8.263643655946891e-06,1.3166775707264963e-06,0.4944257863054947,0.00045621477374238823,0.002008046366674741,7.699901569557903e-05,0.21459439634024402,1.0624368178194247e-05,0.0005304682836586137,0.00017012515952838562,5.0161263436298095e-05,0.0007913891484340914,0.006700027690716827,0.0008706804343466235,0.006722837998728734,0.0002472183657744849,0.1439974781068264,8.894005117398521e-05,0.0007694955709671173,0.002264324776094543,1.3815276729929843e-05,3.756515840728991e-05,0.002967298317549404
9,0.0035886587069706936,0.111164060053704,8.23497518340062e-06,1.8777394242147744e-06,0.34017822389326313,0.0005757065061297916,0.00172179186789444,6.633420772016121e-05,0.35432855708772293,1.2715584731098172e-05,0.00044962002994256955,0.00022734810496239903,6.385606300528313e-05,0.0006239096275690436,0.010869431323749297,0.0014848929425207145,0.008103269116398283,0.00032301588758015484,0.15661807585192952,0.00010742644087884504,0.0017407753477107681,0.004542147001531761,1.1400989046306615e-05,4.525767414137678e-05,0.0031434129762899755
10,0.003270475163516284,0.06128782392535016,3.6158135144431717e-06,6.79133266700869e-07,0.42943858389818285,0.00045387015254972236,0.0010457950658884733,6.1024404281535085e-05,0.3069820953380364,5.102816417019815e-06,0.00048084899518052574,0.00012382423634938632,5.4479621632036216e-05,0.0004802210058564133,0.014294082505117444,0.0013232151119432726,0.010888960559427742,0.00032402790564437287,0.161172923456208,7.088674068784318e-05,0.000935378826656843,0.004829546763506407,4.995517118033979e-06,2.4886444088928346e-05,0.002442656599579014
11,0.0034113038188078983,0.06070487505962882,3.6399837936439037e-06,6.965830322359023e-07,0.4318622530007777,0.000443146845685071,0.0010369476501193295,5.9311668577793593e-05,0.30586611899808147,5.0437100049785475e-06,0.0004739947407914747,0.00013246559209587796,6.39589855146892e-05,0.0004826272655488178,0.013534238059682032,0.0012996975568142193,0.011555732821316632,0.0003297903431949027,0.16043223971190032,7.545464172800125e-05,0.0009396033190406397,0.004774636032229261,5.097255061604801e-06,2.6340572945075012e-05,0.0024807857836274916
12,0.002102344092887041,0.03314097291747487,8.62563038237447e-06,6.429370487192546e-07,0.16193742170156233,0.00033927282446353,0.00152012709165795,0.00018185927872815417,0.3745451820689004,3.609970119469619e-06,0.00088508400436079,0.00019302930667669627,3.252040987966799e-05,0.00010711058531439391,0.024720723454979335,0.0024059901759056835,0.0021850154701139163,0.00013546067104301047,0.38876090073863956,3.535555477980552e-05,0.0006941289536276067,0.005380439324531912,3.392731292080424e-06,5.2805049340680996e-05,0.0006279850562896564
13,0.0043618761496188735,0.06288739749437028,3.446834844605267e-06,3.9533970020612077e-07,0.39537429095400195,0.0005048041095328243,0.0007572512904417233,3.3992508843724415e-05,0.33795796857864374,6.5748189727519475e-06,0.00018812256513679645,6.173860793947472e-05,4.848576974007634e-05,0.00022968604476194897,0.012290740198802209,0.0013806345499550736,0.009102505917441972,0.00034034925399001364,0.16830100456006888,6.723831011917144e-05,0.0007781886709135584,0.0029778310326146846,2.6424702535756924e-06,2.1081146757045786e-05,0.0023217528225349224
14,0.0022195182737848596,0.13703736755336757,8.285762307628243e-07,4.126275243488497e-07,0.5639470073852069,0.00024012433035507317,0.0008779437253613444,4.0607577135033055e-05,0.12970868968532545,7.977014705993659e-06,0.00039984694609180747,4.422529054250031e-05,1.3671182290795338e-05,0.0006533708717179444,0.006780731367436832,0.0007858590762780621,0.004953284906247815,0.00017907192673529397,0.14832588363203492,6.124435646391508e-05,0.00029190139865991515,0.0022148055101450176,4.5665661754672685e-06,1.5272318702823544e-05,0.0011957879014796399
15,0.003270475163516284,0.06128782392535016,3.6158135144431717e-06,6.79133266700869e-07,0.42943858389818285,0.00045387015254972236,0.0010457950658884733,6.1024404281535085e-05,0.3069820953380364,5.102816417019815e-06,0.00048084899518052574,0.00012382423634938632,5.4479621632036216e-05,0.0004802210058564133,0.014294082505117444,0.0013232151119432726,0.010888960559427742,0.00032402790564437287,0.161172923456208,7.088674068784318e-05,0.000935378826656843,0.004829546763506407,4.995517118033979e-06,2.4886444088928346e-05,0.002442656599579014
16,0.0031005876471552132,0.06914780387824279,3.553441213884689e-06,8.213863143521653e-07,0.40342710638928614,0.00041864275626827803,0.0013035917354480093,6.958194099007617e-05,0.3137399608596101,7.173235890811389e-06,0.00046208424679052815,0.00017181947691551788,5.7208025195376776e-05,0.0006031005281856264,0.016100440679364135,0.0015288276571302133,0.011494650861234591,0.00038646181173747357,0.16682865265752633,7.815094433031363e-05,0.0013291217512823863,0.006740941251752381,5.720868784398532e-06,2.379546636815455e-05,0.0029702005029829887
17,0.0028266282934619495,0.06348009544501605,2.8936633403758433e-06,9.706323033462995e-07,0.5122177317005282,0.00037914438495944815,0.0011970010171507952,6.77300084228911e-05,0.24759898170442948,5.5019182812172465e-06,0.0006134335692344526,0.00018006193015009242,7.267385000276532e-05,0.0008637053587681856,0.01284315111360891,0.0012595387850870589,0.017989206323786037,0.0003644818411080807,0.12660232310353747,9.776935729672504e-05,0.0011334125997061958,0.006915707592501165,8.702538758088568e-06,2.443470489152339e-05,0.003254718563669413
18,0.004084933291405831,0.0579176471197905,2.5947765164698403e-06,6.656798864575825e-07,0.5644487328293587,0.00036801587643496423,0.0011387013083691904,3.402288799041434e-05,0.23544981931104178,6.649202423757001e-06,0.0003114925418158727,0.00014844318677993947,8.597827040284429e-05,0.0008979465671635973,0.011783886473784122,0.0009037244155205264,0.024527535531330368,0.0006291686215774955,0.08339648190876633,9.249314965648921e-05,0.001287729861252937,0.005910173899175481,6.055762132739435e-06,1.534543105843263e-05,0.006551762096364762
19,0.003182277314551261,0.06436011525148896,4.278223408675264e-06,8.363401676337878e-07,0.4003307444957251,0.0003900672242383556,0.001410984310247742,6.784698751436046e-05,0.3384386695311171,5.698103323143727e-06,0.0004724464436500568,0.00018085710269338082,6.086231386817275e-05,0.0004903003550194282,0.015948290774409433,0.0014470467343532128,0.010186431054558643,0.00033052555927324894,0.15281331337850726,6.995485124880658e-05,0.0011396528980794456,0.005863165122473018,5.231465516039528e-06,2.4606693875299853e-05,0.002775797470692251
20,0.0023905005751311986,0.051535738253699705,4.417818619584921e-06,9.16997520717901e-07,0.333955077369648,0.00042197072882171254,0.0014487977076623091,0.00013003040486728014,0.35141852778481913,5.743221986450399e-06,0.000783386535085855,0.00019970168773533978,4.645763831371567e-05,0.0005120314749355862,0.034101220152100736,0.002077751703715067,0.010041214330213185,0.00038240711312242346,0.19509436733787272,6.707188968853372e-05,0.001233120672401771,0.011574084899309355,5.456839738365798e-06,2.359614194149062e-05,0.0025464107210497744
21,0.0030162717528136812,0.05110959577921054,3.649986428341512e-06,5.327181666913584e-07,0.4889088155175014,0.0004748707790630479,0.0009696428014168649,5.025579743023855e-05,0.2577496525114532,4.185949919947232e-06,0.0005218453346911196,9.327792452364111e-05,5.1371466111315005e-05,0.0003594152805676135,0.014781134452529399,0.000990469100193087,0.012993222200652575,0.0002663508611801377,0.15976845229512585,6.62728541193582e-05,0.0008540979671392943,0.0043859261507110635,6.018850580108728e-06,2.5112693539640874e-05,0.0025495589749318873
22,0.0056623688541931165,0.049548278948910375,4.040545868988078e-06,6.252098532599867e-07,0.4448523444156663,0.0005897125610095597,0.00071244663749251,5.465268905248563e-05,0.29872695075296385,5.184675578902726e-06,0.0005454772715364476,8.317277806583795e-05,5.762625786290296e-05,0.0004907784064730606,0.013851841472561464,0.0012328726955989867,0.020402680631390068,0.0007472683353136415,0.15229140943904304,7.401162422813439e-05,0.0009155330117297842,0.006043033013139332,4.279544630642933e-06,2.7732632370558043e-05,0.003075677595466767
23,0.003270475163516284,0.06128782392535016,3.6158135144431717e-06,6.79133266700869e-07,0.42943858389818285,0.00045387015254972236,0.0010457950658884733,6.1024404281535085e-05,0.3069820953380364,5.102816417019815e-06,0.00048084899518052574,0.00012382423634938632,5.4479621632036216e-05,0.0004802210058564133,0.014294082505117444,0.0013232151119432726,0.010888960559427742,0.00032402790564437287,0.161172923456208,7.088674068784318e-05,0.000935378826656843,0.004829546763506407,4.995517118033979e-06,2.4886444088928346e-05,0.002442656599579014
24,0.0037906621459630726,0.08749543726829045,2.8710814536562204e-06,8.827797681363021e-07,0.4298794692548237,0.00044430949939774195,0.0009507993452698833,6.155074285149465e-05,0.2786293126439689,6.656996307905381e-06,0.00048231603485218163,0.00013403484942579055,5.677290555283203e-05,0.000808679336338012,0.009840642220806209,0.0013235050720697265,0.011971603416038307,0.00038198224695947143,0.16564522357992117,8.720341479420243e-05,0.0008269186583769866,0.004790144825794548,5.958809343250844e-06,2.7301699934108697e-05,0.0023557611716983713
25,0.0020900395166200078,0.06439483694378649,3.300350325594584e-06,1.428068301182525e-06,0.4460612319292661,0.00047375933044408646,0.0014766521791534746,0.00022961696058150245,0.23512790987127588,4.95567785271858e-06,0.0019240576662070124,0.00019034043913632387,3.5512992438631365e-05,0.0013019133128394124,0.01396507311105093,0.0019240037328528852,0.009682156465530228,0.00028572102989326886,0.21079979919144776,7.455336621967408e-05,0.0008422317417667763,0.007770749610630248,1.0107372428362301e-05,3.553945173593647e-05,0.0012945096882153175
26,0.006747429439154039,0.05104321692714278,4.864893909438148e-06,5.573964961221913e-07,0.4551291367014783,0.0006079630049335542,0.0005421867062826822,2.7902283639408298e-05,0.29315872688633204,4.098130581227012e-06,0.00042822432759773756,6.537754173331372e-05,8.284376594791981e-05,0.000254839503019581,0.004683538861947238,0.0008095130229616105,0.013711183153579031,0.00039532786719265813,0.16760272059382594,8.081347281521527e-05,0.0006680758437249075,0.002164406069263615,5.92803985468675e-06,6.354517546193523e-05,0.0017175803911249554
27,0.0028159734728188898,0.05716737255212506,3.3853839542723696e-06,7.543804587538912e-07,0.37447675321317464,0.0004515404836689705,0.0010250775104327851,7.686139278040016e-05,0.3375905732052208,4.934457823639954e-06,0.0006011118997332016,0.00013682066611564708,4.83119555540997e-05,0.0004903473288998055,0.019577749488977888,0.0015946194159459338,0.011280981401698557,0.00035841955162204883,0.18139676050990014,6.751656507090673e-05,0.0010071524013268143,0.0075434432147093175,4.927030628704542e-06,2.5762944600308757e-05,0.0022528495727584482
28,0.003270475163516284,0.06128782392535016,3.6158135144431717e-06,6.79133266700869e-07,0.42943858389818285,0.00045387015254972236,0.0010457950658884733,6.1024404281535085e-05,0.3069820953380364,5.102816417019815e-06,0.00048084899518052574,0.00012382423634938632,5.4479621632036216e-05,0.0004802210058564133,0.014294082505117444,0.0013232151119432726,0.010888960559427742,0.00032402790564437287,0.161172923456208,7.088674068784318e-05,0.000935378826656843,0.004829546763506407,4.995517118033979e-06,2.4886444088928346e-05,0.002442656599579014
29,0.003270475163516284,0.06128782392535016,3.6158135144431717e-06,6.79133266700869e-07,0.42943858389818285,0.00045387015254972236,0.0010457950658884733,6.1024404281535085e-05,0.3069820953380364,5.102816417019815e-06,0.00048084899518052574,0.00012382423634938632,5.4479621632036216e-05,0.0004802210058564133,0.014294082505117444,0.0013232151119432726,0.010888960559427742,0.00032402790564437287,0.161172923456208,7.088674068784318e-05,0.000935378826656843,0.004829546763506407,4.995517118033979e-06,2.4886444088928346e-05,0.002442656599579014
30,0.003270475163516284,0.06128782392535016,3.6158135144431717e-06,6.79133266700869e-07,0.42943858389818285,0.00045387015254972236,0.0010457950658884733,6.1024404281535085e-05,0.3069820953380364,5.102816417019815e-06,0.00048084899518052574,0.00012382423634938632,5.4479621632036216e-05,0.0004802210058564133,0.014294082505117444,0.0013232151119432726,0.010888960559427742,0.00032402790564437287,0.161172923456208,7.088674068784318e-05,0.000935378826656843,0.004829546763506407,4.995517118033979e-06,2.4886444088928346e-05,0.002442656599579014
31,0.005798723661982263,0.07224856343243076,6.1780154982563326e-06,6.896172822389763e-07,0.4173904374397255,0.0004544603058853101,0.0013573460850157502,0.00010230009102185179,0.25926743686509135,7.989565228528356e-06,0.00044623818754910467,0.00011880184149631453,5.3547574181417216e-05,0.00047086790960152694,0.010740935717065745,0.00126637894602557,0.008835640891793152,0.00036977681907807456,0.21447986437050756,7.517645351730451e-05,0.0007458814222487729,0.003453217511013071,5.418293282667539e-06,2.806686750681371e-05,0.002276062115971015
32,0.0034454517208104803,0.062347263118381596,3.584566806339683e-06,6.196931519356442e-07,0.4009099746916611,0.0004629492778241434,0.0009911317093816568,6.193549470526666e-05,0.30533245614197796,5.133783739186708e-06,0.0004780235573162568,0.00011897067435674542,5.325152374087185e-05,0.000443266398080198,0.014251044137133316,0.00129500680727347,0.010490855337472318,0.0003192844326057841,0.19085703168579882,6.642904256314894e-05,0.0008938796361583378,0.004903432014344901,4.71486082563362e-06,2.620413479139005e-05,0.0022381055590991257
33,0.003648277804607173,0.060630808321556505,4.183676981018709e-06,5.750297966007039e-07,0.4102783645015605,0.00040800545794244007,0.001109050775339364,5.0418600412127525e-05,0.3443641400462386,4.548724456101078e-06,0.0003914491921916901,0.00012251551983992665,4.804326548643276e-05,0.00036515612628167484,0.01632046804659335,0.0011563612160826828,0.008283441865880132,0.0003068229867938398,0.144809869306185,5.838669327227958e-05,0.0008829571501950371,0.004014457249966096,3.86243421699201e-06,2.135058065769111e-05,0.0027164854274666335
34,0.002110664855002341,0.05827349660101994,3.3349823232237156e-06,1.176195455919214e-06,0.5487989226037476,0.0004959040663659096,0.0014133959471011807,7.75401758530382e-05,0.2322490172309548,8.748338042360063e-06,0.0005943398667149003,0.0001480249284931102,6.002208673667575e-05,0.0008396567497699123,0.016540351064013865,0.001850494923560921,0.016934713765680055,0.0003740675626542793,0.10703054289413533,0.0001273597429488412,0.0014355285613704457,0.006967287779002478,1.0596166587308485e-05,2.411718063091615e-05,0.0036306957318345103
35,0.0034835589499523675,0.06107359124520418,3.7267636221170583e-06,6.763410280432165e-07,0.4197371872645853,0.00044411216818897233,0.001060876141311617,6.196854125153541e-05,0.31552431063441594,5.148692622214012e-06,0.00046633135723214415,0.00012623224536189253,5.474086874305663e-05,0.00046707229004922836,0.0140679525182598,0.0013185041317283306,0.010722403543573445,0.0003429437655587494,0.1627075806973637,6.907046283572235e-05,0.0009355944775285926,0.004845254735697872,4.75120113941026e-06,2.494109952038572e-05,0.0024514698632254295
36,0.004194541469617314,0.04944748141426396,4.308725732785932e-06,7.506477683514862e-07,0.3160456112546396,0.0002681585455101072,0.001670696822146021,0.00016056405513084529,0.34079221198397325,4.426350129633087e-06,0.0007045457093311765,0.00037297084049080274,8.659374755591249e-05,0.0006624293633180278,0.021712528163517465,0.002106967537480799,0.01056335399337985,0.0004022376035421585,0.23718994355164205,5.933140940372322e-05,0.0007580977704320372,0.010136092063816828,3.7767030933043257e-06,2.0853058916464662e-05,0.0026315272151674896
37,0.005424173798495385,0.06477304723289676,4.8665591068076694e-06,7.389771276711032e-07,0.4156470382196772,0.00043706895557785614,0.0011411815667316178,5.462167494586414e-05,0.3057979548143802,6.459708348647031e-06,0.0004553356237885756,0.0001332091254817092,6.64501422922842e-05,0.0004161655515382993,0.009533233418272927,0.0011130379762500824,0.011315346216978979,0.00045662694596802425,0.17528085947709893,7.56108969198532e-05,0.0009418675002155204,0.00432315766974636,5.758786627970895e-06,3.839405723187257e-05,0.0025577951043005034
38,0.00497911068871141,0.04830811660914098,4.184574481395278e-06,2.4047253310386293e-07,0.4214169169939481,0.0005876581409511633,0.0008592097557044747,3.421257118589098e-05,0.31877907516540777,4.068534143048706e-06,0.00026111591397370615,5.133722286511505e-05,3.568398388618546e-05,0.00020278833327635657,0.014850500139294637,0.0010995314463008265,0.004376185774320316,0.00024220984649073106,0.17980220082668327,3.455788710923417e-05,0.00042383667453459075,0.0016824424822074052,1.866174146727418e-06,1.9547283278793934e-05,0.0019434025054245539
39,0.0028856659563111474,0.029515806162225197,6.910665435853942e-06,6.556758731810638e-07,0.3266981627050517,0.0010239835422165447,0.000918531759372831,9.971075049998581e-05,0.32672922164346113,6.510010386186921e-06,0.0004930122988347671,9.492908720733586e-05,8.613945519809338e-05,0.0002547487060196894,0.017987131973091722,0.0024077216180770702,0.015409348201662646,0.0003847051561034177,0.2656173636906886,7.598246543532379e-05,0.001710954944804132,0.0055829046776516835,4.771205243835765e-06,3.6401917328914814e-05,0.001968725731819003
40,0.0038550369657075687,0.06798533285388357,5.130932821033551e-06,5.279228376148218e-07,0.40727116762630755,0.0003762927978390259,0.0014020138190188468,4.349191331366805e-05,0.3614549584763831,3.7529910908069924e-06,0.00037023211758654306,0.0001666102729913763,5.173163470374132e-05,0.0004805955587866566,0.019575608025596252,0.0008137941203370744,0.006740785091974478,0.0002563427746860234,0.12074284828570991,4.273571419606819e-05,0.0007746400920262143,0.0036726152674089333,3.579001656192083e-06,1.4939267094106881e-05,0.003895236476043546
41,0.0023591194430601786,0.09445354488478556,3.6110557328406713e-06,2.347923020434305e-06,0.1578483834415787,0.0007225357986367569,0.001091508224125633,0.00012574042840330323,0.15149850499436623,2.335506671669947e-05,0.001035168682900043,0.00031003191434088464,5.9805605796620476e-05,0.0017065183420465861,0.008730393902068093,0.001123202017557178,0.03414628296156074,0.0007171795467271568,0.5088540969069636,0.00011880819092723663,0.004161745480994028,0.027826131727092526,2.8907630820506585e-05,6.913382070992803e-05,0.0029839420090684264
42,0.0021465298126008485,0.0396598452411727,4.7847527118942716e-06,9.061290936486817e-07,0.18981958158353937,0.000564630826292383,0.001019021911095957,0.00015755529772858542,0.31758511566472025,8.232413308274707e-06,0.0006936447968924526,0.0001799509852976113,5.9858173898937387e-05,0.00031279582167420496,0.022607409717443513,0.0031019263288555236,0.010549043087239666,0.0003794262727520737,0.39494192522941307,7.09665410783874e-05,0.0015361487780944344,0.01315924711578042,5.503850045217022e-06,4.1466920660472215e-05,0.001394482748609916
43,0.007866385972352013,0.04011971125801339,2.9269441788475452e-06,2.8341290613192255e-07,0.5572673727681128,3.64352197082731e-05,0.0009400849950003194,1.182130979464745e-05,0.36253718889857034,4.6163719126744473e-08,0.0008062556900766871,0.00029307676401608306,2.919268907693678e-05,0.00022705551537138675,0.006346517871617055,0.00011581752599393158,0.001206734510971188,4.479450260773278e-05,0.019972295132758375,6.792136972195664e-06,2.8628839398600704e-05,0.00031742839536351306,9.130095574810582e-07,8.123629363784832e-06,0.0018141168444992123
44,0.003270475163516284,0.06128782392535016,3.6158135144431717e-06,6.79133266700869e-07,0.42943858389818285,0.00045387015254972236,0.0010457950658884733,6.1024404281535085e-05,0.3069820953380364,5.102816417019815e-06,0.00048084899518052574,0.00012382423634938632,5.4479621632036216e-05,0.0004802210058564133,0.014294082505117444,0.0013232151119432726,0.010888960559427742,0.00032402790564437287,0.161172923456208,7.088674068784318e-05,0.000935378826656843,0.004829546763506407,4.995517118033979e-06,2.4886444088928346e-05,0.002442656599579014
45,0.003323232153867179,0.06261135146953134,3.5940947914665435e-06,6.848626929714727e-07,0.4320570061217562,0.0004527848115234564,0.0010422929711160172,5.9186407459581706e-05,0.3048913192947927,5.1927933993846385e-06,0.0004730836485044583,0.0001241832387710835,5.4909764606138094e-05,0.0004917471876091073,0.013796020539235721,0.001283839500781854,0.011133314838028697,0.00032886506842807486,0.15951391442522256,7.155855508434356e-05,0.0009507986885386946,0.0048022631530650435,5.117507074494576e-06,2.4945711879994524e-05,0.002498793192239758
46,0.003114414507286621,0.05617545290259088,3.568301505931078e-06,8.363255811039294e-07,0.42719531829303997,0.0005495260420794722,0.0009050911596357512,6.72668550666404e-05,0.2837248870352905,5.3313554568009515e-06,0.0006019116267674277,0.000130368798798584,7.31092011074198e-05,0.0005621051851190547,0.014177429304886724,0.0014467976048057043,0.018693840041892108,0.0003813028177513356,0.18148334522491427,8.89342733424931e-05,0.0011603081066097244,0.006825270525054161,6.766817871272998e-06,3.078355821151299e-05,0.0025960341353345414
47,0.00527865084390239,0.050333258095361266,3.9094477295920684e-06,5.257474929937348e-07,0.3368266434055457,0.0003154029378283198,0.0010449029879218254,4.060847165402388e-05,0.3921717867341022,5.219408167164359e-06,0.00024239225340189131,0.0002008173722431179,0.00010897004260390158,0.00028618457683953006,0.014028468447346745,0.0016610509750310302,0.013094798411989435,0.0004428683989567251,0.17321672396927507,7.242556817193513e-05,0.0011579396360311038,0.006057377801211372,3.044670532875187e-06,2.5719195002967e-05,0.0033803106016569405
48,0.0031527803665693534,0.07046193524505125,2.9179890726138194e-06,5.714561369846739e-07,0.36752423768857706,0.0005390232968836108,0.0008009024130259289,5.9355444515578145e-05,0.24886415990976307,5.942701328694778e-06,0.0005222016430865956,9.195076207638496e-05,4.8816321868358357e-05,0.0004506361953081055,0.010011579523306087,0.0011803739079489445,0.011396880358077427,0.0002721614577872036,0.2773992028920346,6.632575282921821e-05,0.000790532831144527,0.004688996251130478,5.714410404839464e-06,3.307557361710645e-05,0.001629725608455897
49,0.003714428893015504,0.06821066851384293,5.536886939263271e-06,1.0878383635691641e-06,0.37156166335043594,0.000553657620717396,0.0012645469669458746,7.073662185245925e-05,0.3399260440806038,7.052117811766915e-06,0.000557327753586567,0.00018784409804176427,7.07373733303649e-05,0.000602102745317467,0.015240516136675196,0.0013906445229055773,0.012589777795456841,0.00042105674312497264,0.17249604734200533,8.417708159788586e-05,0.0013760423608305875,0.006418780370313955,7.361591371271281e-06,3.4078950239641125e-05,0.0032080822446739795
50,0.0034319539538784295,0.06861432019274837,3.917210335515471e-06,6.712668627184851e-07,0.4779712356497218,0.00039776536414746545,0.001580251911701466,7.74677732672176e-05,0.2458415859609914,7.522998737777425e-06,0.00045249752996053097,0.00014597976473866797,5.335311346405396e-05,0.000594073434855956,0.01488328280434423,0.0012828311268547772,0.010261146427499368,0.000314683838952385,0.16509169848366856,7.544764493648923e-05,0.0009463430591670267,0.004879812196663806,6.154260474124598e-06,2.0950284575846013e-05,0.0030650537474517987
51,0.0030477819275790755,0.04762806352191957,3.667119836966164e-06,5.923929598922235e-07,0.484733185935495,0.0004941907814391003,0.0010282713057980979,5.560258753169382e-05,0.28543164489990697,4.893519720699788e-06,0.00046214135110268334,0.00010543243846947984,6.128246163022692e-05,0.000412011372544287,0.013731760213667687,0.0014109754828656644,0.01137334411830698,0.0003076985365177147,0.14217464015291717,7.550062460945527e-05,0.0009251377495807011,0.0040415520663703705,5.127644046618447e-06,2.5428951704100348e-05,0.002460072843479763
52,0.00551515040734702,0.028499473324098128,3.0120028005557914e-06,3.2606168651077137e-07,0.4416569843611922,0.0009801079382298753,0.0004634822447481969,5.2286513748878455e-05,0.3507419560268914,3.993578726062015e-06,0.0005564662894538454,3.448174274006226e-05,3.653419941335822e-05,0.00048039090424336695,0.020407599135972305,0.0015981266858276495,0.01141316364722616,0.0011390830619427798,0.12946812500358398,4.694271858317669e-05,0.0004334443152934098,0.004050814775528991,1.7167657670978882e-06,1.9998519640321628e-05,0.002396339775314809
53,0.0017763304264313937,0.04563492297720422,3.963344200717624e-06,7.344073107863494e-07,0.5840308318697958,0.00023624959592103152,0.0031423722990748986,8.560553462304193e-05,0.23936928489042908,5.106127228199627e-06,0.000600051486057817,0.00021275830048047995,4.2640445655068016e-05,0.00044248597939427857,0.022207368989684152,0.0013931356851694461,0.005243255116373624,0.0001740855111516988,0.08713231306207939,6.065865158013923e-05,0.0008168388881836851,0.004392320149075588,7.148936052405615e-06,1.7413308898485564e-05,0.0029721240179445573
54,0.0045068058035105775,0.11563405783089473,2.866530307851938e-06,4.7452962750997977e-07,0.4389025686171425,0.00031396532427581907,0.0011809772458830279,3.299813201843562e-05,0.2871146703439465,6.661141560991335e-06,0.0002239583990167494,0.00012118695912862447,3.1314817097823334e-05,0.0006269758327120244,0.018729007159334687,0.0008507927942155733,0.006015550689084117,0.00027609144538880316,0.11672566758534303,5.390539647429965e-05,0.0005626171669250386,0.0032438490868546147,3.527460293251551e-06,1.0497081444699034e-05,0.004829012627518743
55,0.004353827961715367,0.042674476392338664,3.7456257681601583e-06,5.393414024896601e-07,0.23377102002393205,0.00024191935917560462,0.0009273899858365574,3.056088084097734e-05,0.5812992811538455,2.283080191383009e-06,0.00021403029235459201,0.00022235243706236058,8.27327909379725e-05,0.0002102217623742015,0.01028112233640042,0.0010679678917295775,0.0050977220288734165,0.00034525879198265175,0.11296745709991338,3.5210455113232226e-05,0.0007901912856976279,0.0032991263024762163,1.5068273985303277e-06,2.2605720609354764e-05,0.002057450172029705
56,0.003397896513726004,0.061140965569076486,3.6886108460607745e-06,7.003438274667843e-07,0.42322004761458853,0.00044758221199770826,0.0010657925787361086,6.031018992210516e-05,0.3086522857180621,5.060686648747678e-06,0.0004825667953953864,0.00013871886030170745,6.366164203538133e-05,0.0004971411671681371,0.013978437936542451,0.0012882261612037242,0.01143711244141184,0.00032791313215737867,0.16523897334994067,7.289392592899662e-05,0.0009559750946100918,0.004947485002262671,5.130314120815972e-06,2.6053747944558467e-05,0.0025453803915448958
57,0.0032302453382954534,0.05600343279745125,3.6757409250502578e-06,5.860912776409244e-07,0.5114084051404254,0.0006175309250928688,0.0008580617005867213,4.6601598269155404e-05,0.2822215235901204,4.173505964985742e-06,0.0005969729378705357,6.0633805850155154e-05,2.859350517855437e-05,0.0004749911602109493,0.012684832488703036,0.0009825730680179763,0.00793740996125032,0.00032443340682235234,0.11675711439191404,5.105986803372689e-05,0.0006957786731854108,0.002865110922880207,4.873539749441365e-06,2.3765167056771005e-05,0.0021176206748675925
58,0.0037222523019690592,0.059631416030395124,3.830395200332464e-06,7.031821143798771e-07,0.4064369425800188,0.0004606449508712717,0.0010141780441023478,5.7554374422940445e-05,0.3142316141329533,4.694773554200208e-06,0.0005268169057539159,0.00013655693587805534,6.339886691942814e-05,0.000441211773845232,0.011388273458721017,0.0012155494392829982,0.010242052750734785,0.0003227651255544952,0.1825826588146657,6.798404857675857e-05,0.0008979115449915299,0.00437509373332422,5.342151347527056e-06,3.3989493601764465e-05,0.002136564191201012
59,0.0035033680645321034,0.058782497995938904,4.5033343654180385e-06,7.443528702025275e-07,0.40257194063340807,0.0004922388421015144,0.0010573691590526927,6.140876199081728e-05,0.3225196918161093,5.1466222983681775e-06,0.0005390407544724406,0.00012793271742340324,5.730334543266065e-05,0.000396899702603635,0.012797293803389294,0.0013362889885335546,0.009589365727679733,0.000310660022100769,0.17822590613364103,7.22524411367576e-05,0.0009667670232812894,0.004438855950357596,5.665454640037596e-06,3.528979671931633e-05,0.0021015685559211228
60,0.003270475163516284,0.06128782392535016,3.6158135144431717e-06,6.79133266700869e-07,0.42943858389818285,0.00045387015254972236,0.0010457950658884733,6.1024404281535085e-05,0.3069820953380364,5.102816417019815e-06,0.00048084899518052574,0.00012382423634938632,5.4479621632036216e-05,0.0004802210058564133,0.014294082505117444,0.0013232151119432726,0.010888960559427742,0.00032402790564437287,0.161172923456208,7.088674068784318e-05,0.000935378826656843,0.004829546763506407,4.995517118033979e-06,2.4886444088928346e-05,0.002442656599579014
61,0.003554352979202432,0.06007474638703652,4.4965333256592124e-06,7.376037760643204e-07,0.40733273278613874,0.000476425084538451,0.0010991528461292588,6.140748306885508e-05,0.3179991019119315,5.249333622077721e-06,0.0005261892428096218,0.00013182916051276131,5.8900890415040835e-05,0.0004037005008625183,0.012955549268654772,0.0012993560511254847,0.009569880859227317,0.0003110862530809639,0.17645641024535655,7.218755341548906e-05,0.0009531567042741706,0.0044249736932571405,5.668912014455001e-06,3.407224353810247e-05,0.002188635472686132
62,0.003270475163516284,0.06128782392535016,3.6158135144431717e-06,6.79133266700869e-07,0.42943858389818285,0.00045387015254972236,0.0010457950658884733,6.1024404281535085e-05,0.3069820953380364,5.102816417019815e-06,0.00048084899518052574,0.00012382423634938632,5.4479621632036216e-05,0.0004802210058564133,0.014294082505117444,0.0013232151119432726,0.010888960559427742,0.00032402790564437287,0.161172923456208,7.088674068784318e-05,0.000935378826656843,0.004829546763506407,4.995517118033979e-06,2.4886444088928346e-05,0.002442656599579014
63,0.0033929498990753317,0.07307237129751823,3.5131834324495383e-06,6.760959815835726e-07,0.42386978668225483,0.00043554443459479315,0.001013246356236653,5.529234132957033e-05,0.29750429732340167,5.522210231905229e-06,0.0004454228848015885,0.00011834234820360389,4.953074203796274e-05,0.00048479026750950226,0.013858107253080752,0.0011967677010485723,0.010455872520387696,0.00030601238689164316,0.1655924445040663,7.10267549768978e-05,0.0009054313925296857,0.004656205841219962,5.150215279223636e-06,2.4054899968942174e-05,0.0024776404639405554
64,0.003084004230773357,0.0656168567055902,3.884002843469042e-06,8.270885765649512e-07,0.41040445633960576,0.0004960256567712979,0.00112183155856212,5.9479516885551116e-05,0.31817791464381584,6.540307083997594e-06,0.00045759568134995794,0.00014567763258245827,6.240975879081523e-05,0.0005476168583058774,0.014676442851185759,0.0013471666459962672,0.012649675916531242,0.000372960338131259,0.16049975699915994,8.161521369430196e-05,0.0013901839175367743,0.005859739565374258,6.155014499252081e-06,2.6826206157341558e-05,0.002904357350196296
65,0.0020400425257441905,0.10490373856114404,8.327264036940993e-06,1.7620334718865091e-06,0.5527829558106515,0.0007760684720508992,0.003732632794800685,0.0002223779161153659,0.12355499622934334,5.175508065353753e-05,0.0005283345517489368,0.00015053060400407666,3.841305807458198e-05,0.001683147843989719,0.023018874511236905,0.002021677061780947,0.01298244707637115,0.00034613439519276464,0.1556000094526771,0.00020935118555150044,0.002648770719257123,0.0066048434993983525,2.7283037100910522e-05,1.8234128668206652e-05,0.006047292186935322
66,0.003405017126558227,0.056521140522355996,3.82593345226257e-06,6.214051171770026e-07,0.45112363827273966,0.0004881035428271713,0.0009846933159639052,5.4590177179648676e-05,0.2953511099299782,5.2439140688724995e-06,0.00045400116769232844,0.00010592955249009946,5.7102570739033715e-05,0.0004156334536683001,0.013290356744906614,0.0012901441760477304,0.01131596127322132,0.00032449627457280304,0.15709050961904053,7.491490078427079e-05,0.0009359779208248537,0.004255016666429767,5.096624687460568e-06,2.6804074614856434e-05,0.0024200708400388274
67,0.0023438679968161395,0.04038871319746693,4.204901784306247e-06,1.7734845603140812e-06,0.5304276137204443,0.0017064938563026765,0.0006297912931447035,6.152762898825296e-05,0.22505881036665162,8.95484845732274e-06,0.0008586010456393416,0.00010853158890130703,0.00016628669899134248,0.0013903008247577403,0.008765571428667322,0.002011874339123042,0.03994762456442872,0.0005731025963967132,0.13423356296558894,0.0002200228624874755,0.002167608350189118,0.005440185268455689,2.0102260742134377e-05,6.170427499041675e-05,0.003403169636024134
68,0.005410990457030406,0.07513127813244593,8.685033746509904e-06,1.5359322119935921e-06,0.30814410416215415,0.0005881317932816357,0.0013399178862473304,7.788239851199124e-05,0.4028883210279716,8.890235806500536e-06,0.0005088477739574832,0.00020915191313755708,6.930658900051464e-05,0.0005912966706139151,0.007939445544673875,0.0013780796621478506,0.011135826746954838,0.0005642108330489782,0.17396381733199,7.948959896288156e-05,0.0018576832819151964,0.005369591973654844,8.185768424213244e-06,4.929342764212169e-05,0.0026760358244677374
69,0.001999140542518583,0.06219839443881011,4.976991628817825e-06,1.1411469753895539e-06,0.4459854649596221,0.0005997142389095897,0.0012249583136871899,9.558369216368396e-05,0.24870485173866774,5.612782733728668e-06,0.0011137214931999833,0.00013889250132729445,4.7137407739326995e-05,0.00048191091170432466,0.013730213704082015,0.0016074122072393512,0.007992101496221198,0.00017994853704028277,0.20648355829000964,9.177884828283707e-05,0.0012072446338763495,0.004614780882758188,1.304174647713468e-05,5.656597920748208e-05,0.0014218525151177429
70,0.006307724965228272,0.04366528642127609,6.354449881664121e-06,7.791988800722256e-07,0.5034490656892379,0.0002988620806112422,0.001385105359443875,0.00011459340233506658,0.34160319313659265,4.75473351475113e-06,0.00030148250174565197,0.000155929411188505,8.137641992922949e-05,0.0006326036740293054,0.01767732443809169,0.0022219613392496103,0.010499202971321418,0.0005487093792182801,0.06315056662335296,0.00010262712130213826,0.00045986214008552316,0.003336055920713426,2.238464686300844e-06,1.0781967745323868e-05,0.003983558190339157
71,0.0038274853710671694,0.03313081753470759,7.198372950939407e-06,7.151676037973123e-07,0.15004984518850864,0.0009803477490653966,0.0007872927666879609,8.074723525927928e-05,0.4268985856174528,2.86539873041647e-06,0.0010475762099873029,0.00013147532982561347,3.5719093992171754e-05,0.00034171566222756286,0.020786323975920305,0.0010237169757586144,0.01073809382311107,0.0006227040840663474,0.33576105395910033,1.677700587959261e-05,0.0012397889672692843,0.010611799398855225,2.7662978161758023e-06,3.534257042784793e-05,0.00183924624372863
72,0.002966285530431287,0.07836337815396735,2.6531687753184736e-06,6.163017726301158e-07,0.5153170993882669,0.0003747711743796603,0.0009796241167048558,4.5114834416578396e-05,0.2209333589777514,5.700468920562584e-06,0.00045120426322328055,0.00010572339547698474,4.516123735673051e-05,0.0005591083856738904,0.012979355066497378,0.0009568873003357989,0.012731015323103369,0.0002498847490914077,0.14442916632410083,8.378224866231648e-05,0.0007934262918308577,0.004630226212503325,7.634029433467679e-06,2.1720125677334613e-05,0.0029671029316463387
