,0,1,2,3,4,5,6,7,8,9,10,11,12,13,14,15,16,17,18,19,20,21,22,23,24
0,0.0006203719018013369,6.841377781572696e-07,0.03617598859953133,9.466087785716085e-06,0.9516781723074378,7.086747966844475e-05,1.1085406879766102e-05,5.231593583110264e-06,0.0003045936509939975,0.0003152381159838956,0.0001751139320438723,7.138866637737133e-06,8.104936881140221e-05,0.00010369040829634022,3.583028137809747e-06,0.002719458209694539,0.00010491474757526278,8.204289609950407e-05,0.006744773056581736,9.968455310396778e-05,0.0005846963030235459,1.9129945118252977e-07,8.922082109927954e-05,1.1993688258802137e-05,7.495397416910072e-07
1,0.0004369599938823334,7.492472774741323e-07,0.03224084534220151,5.142191402539763e-06,0.9584712852690309,5.168538444675942e-05,7.325660518302944e-06,2.78670888567582e-06,0.00021767070012090252,0.0001904494778462691,0.00015319149356464104,6.425386360436172e-06,3.9455589413257284e-05,9.784581502814366e-05,3.45587659541614e-06,0.0016744424505477434,6.258382417075797e-05,4.8959386065416306e-05,0.00573996638453678,5.802442807013591e-05,0.0004302024315017483,1.7160710290750163e-07,5.251448636054435e-05,7.136541489610915e-06,7.24323579923041e-07
2,0.00043037430423566495,1.0314972962529515e-06,0.027461634234395932,5.703512348587143e-06,0.9642155166339915,5.3910916910510047e-05,8.480490516984132e-06,2.9299362624768386e-06,0.00018688369833901302,0.00017982437827675855,0.00021324460168914216,9.555447394818117e-06,3.745201903682616e-05,0.00017573290053620486,5.7323844864579e-06,0.00141949219396707,7.236285849427618e-05,7.545202550732978e-05,0.004723512487038854,7.657776624830524e-05,0.0005587526704964431,2.1434834151131967e-07,7.565709298591747e-05,8.779627678353407e-06,1.1919735247861417e-06
3,0.00045767884702500476,1.0667882517193895e-06,0.028450424135899814,6.244663945888556e-06,0.9621287730274726,6.161125148597674e-05,9.561798066056672e-06,3.007309718001677e-06,0.00018309632122243984,0.00018403973078534388,0.0001985986422512346,1.0019991248758499e-05,4.162163631766124e-05,0.00017840460820192573,5.37412050254308e-06,0.0016921374639302263,8.35427670764415e-05,8.318274158854165e-05,0.005454855137847711,7.552120213551572e-05,0.0006015558684716542,2.4179896810318796e-07,7.802226201362848e-05,1.0245164156124164e-05,1.1727214172597936e-06
4,0.00048564489048346146,1.0332615990387982e-06,0.029014373890488686,6.393719203079801e-06,0.9610893776890683,6.23946876795506e-05,9.97254006571767e-06,3.0865726932324226e-06,0.00017149711752098638,0.00018739051254678063,0.000194660800886464,1.017557922105705e-05,4.846071391009284e-05,0.00019339469072317592,5.1362800389528994e-06,0.0018257408373511372,8.535177575975695e-05,8.992304933733498e-05,0.005755354854722719,8.180912658981649e-05,0.0005880951778980068,2.3074098499074935e-07,7.795104322688301e-05,1.1415843520231005e-05,1.134604480618991e-06
5,0.00048008556779531754,1.2292755887572832e-06,0.025820779706802126,7.467802214928057e-06,0.9636789615883993,7.07438176595623e-05,9.95788847496526e-06,3.2301227512827936e-06,0.00018021976102868578,0.0001874731642747032,0.00021100713530176516,9.675293789191388e-06,4.773342102787717e-05,0.00019562467805502056,5.873068340293428e-06,0.001883487042831271,9.129715894869468e-05,0.00011375298907824612,0.006180232743039519,8.486525111012795e-05,0.0006357082361566404,2.60912756138564e-07,8.767444913143166e-05,1.146733870147535e-05,1.1915867427604163e-06
6,0.00045767884702500476,1.0667882517193895e-06,0.028450424135899814,6.244663945888556e-06,0.9621287730274726,6.161125148597674e-05,9.561798066056672e-06,3.007309718001677e-06,0.00018309632122243984,0.00018403973078534388,0.0001985986422512346,1.0019991248758499e-05,4.162163631766124e-05,0.00017840460820192573,5.37412050254308e-06,0.0016921374639302263,8.35427670764415e-05,8.318274158854165e-05,0.005454855137847711,7.552120213551572e-05,0.0006015558684716542,2.4179896810318796e-07,7.802226201362848e-05,1.0245164156124164e-05,1.1727214172597936e-06
7,0.00032562951563288553,1.2536111655524155e-06,0.022577890928431613,5.5986917046128875e-06,0.9680794575305334,8.089936034198094e-05,9.152919887212128e-06,2.3329229961677957e-06,0.0001754322866254903,0.00014181320040028108,0.00017564059181852473,1.0839426846899949e-05,3.070353538764199e-05,0.00020968724440476624,6.800476749093696e-06,0.001747068462752927,8.399230980240756e-05,0.00011009014501686372,0.005143116135790177,7.031174918466323e-05,0.0008903872190001915,2.466115284481893e-07,0.00010964170884441657,1.0700905988871523e-05,1.312509164848912e-06
8,0.000798015702353467,7.638486339374454e-07,0.05287451975181714,6.56567250641616e-06,0.9386338469731947,4.233270371204084e-05,1.321061718833225e-05,3.334753976413129e-06,0.0001839362768986797,0.00031449077284842963,0.0002205625674753311,1.4483736218616763e-05,5.9180920088186046e-05,0.00027805639719332044,4.818943225278556e-06,0.00151185673997187,9.906582267578217e-05,4.9710489192077366e-05,0.003936764973416173,0.0001031162087019273,0.0007134005065902573,1.9921300427963569e-07,0.00011706088325158962,1.8904663878260034e-05,1.8008619875367248e-06
9,0.0007084164255316721,1.1759535035659009e-06,0.040636207050844385,7.07174171795074e-06,0.9507526506265085,5.063458509781308e-05,1.1035279653487972e-05,3.367743159090862e-06,0.0002193687881004865,0.0002999624630337576,0.00027655214952548336,1.3563013405625451e-05,4.38079340404084e-05,0.00028226437164251814,7.663716635700166e-06,0.0012841887467972,9.329543181756474e-05,6.474528419549127e-05,0.00420894195060916,9.571178465612724e-05,0.0007756661199344832,2.423382817670776e-07,0.0001451963269034228,1.6023996560630095e-05,2.2461778436296826e-06
10,0.00045767884702500476,1.0667882517193895e-06,0.028450424135899814,6.244663945888556e-06,0.9621287730274726,6.161125148597674e-05,9.561798066056672e-06,3.007309718001677e-06,0.00018309632122243984,0.00018403973078534388,0.0001985986422512346,1.0019991248758499e-05,4.162163631766124e-05,0.00017840460820192573,5.37412050254308e-06,0.0016921374639302263,8.35427670764415e-05,8.318274158854165e-05,0.005454855137847711,7.552120213551572e-05,0.0006015558684716542,2.4179896810318796e-07,7.802226201362848e-05,1.0245164156124164e-05,1.1727214172597936e-06
11,0.0005205576069616567,1.0269410480495348e-06,0.030536243873521496,6.5635330503907975e-06,0.9591862792727964,6.36652926862968e-05,1.0706407005240697e-05,3.547486354976362e-06,0.00018917054729249331,0.0002063195535540609,0.00019713110215080362,1.0644084114090334e-05,5.261776041046571e-05,0.0001800287433809424,5.136387385790089e-06,0.0019038314180945658,9.230489005963247e-05,8.836023173869972e-05,0.005989808290489936,8.213139408632749e-05,0.000583780603238956,2.512593498025846e-07,7.681371899850053e-05,1.1944052225485712e-05,1.1355500048678233e-06
12,0.006708641780067503,1.2355831904553375e-05,0.6762068563750354,0.0001077100205217559,0.13549286617339226,0.0001507656343562105,1.034324511027231e-05,0.0020897961854290195,0.0017703173468715165,0.004979612963098546,0.0011300469756531696,7.342133097335732e-05,0.0009887003466549093,8.397687522327292e-06,3.489038817692579e-05,0.022343404381854916,0.00046379715500545363,4.447191096595252e-05,0.14677170546879195,6.335647149929108e-05,0.0004965096436508208,2.8795321129892624e-05,6.9564804195944185e-06,1.594011891096671e-05,3.40763003291574e-07
13,0.0004878893266200448,9.923346959817453e-07,0.030387327043578657,6.538947179591162e-06,0.9607651072797371,5.286520116225558e-05,9.54020267892656e-06,3.1763776378030155e-06,0.0001779381767167148,0.00019161489204885262,0.00025230249729469033,1.1420756104393252e-05,4.2932169367163504e-05,0.00021454021261764557,6.136262617579691e-06,0.0016530410475896328,8.065185146990879e-05,8.509193526170382e-05,0.0047713935287648735,8.562957803606391e-05,0.0006207989509041869,2.270825328086374e-07,8.204867551263506e-05,9.580634981152465e-06,1.2150348897025813e-06
14,0.0015289796646990369,4.779799865394183e-07,0.05998568633520599,7.160455042151779e-06,0.9267632291256687,7.707852019776768e-05,6.181592184037173e-05,1.1961875680155576e-05,0.00039608531756596887,0.0007234056869776145,0.00019137357873693853,5.371225516178471e-05,9.438384100421086e-05,0.0004447553710950635,7.189194965747719e-06,0.0028935425506833572,0.00039425996153015557,7.00416521226814e-05,0.0042123512088397385,0.00011813994765419149,0.0016625477587525297,4.957634341361746e-07,0.0002302503745774366,6.709389602733867e-05,3.98176255039843e-06
15,0.00045767884702500476,1.0667882517193895e-06,0.028450424135899814,6.244663945888556e-06,0.9621287730274726,6.161125148597674e-05,9.561798066056672e-06,3.007309718001677e-06,0.00018309632122243984,0.00018403973078534388,0.0001985986422512346,1.0019991248758499e-05,4.162163631766124e-05,0.00017840460820192573,5.37412050254308e-06,0.0016921374639302263,8.35427670764415e-05,8.318274158854165e-05,0.005454855137847711,7.552120213551572e-05,0.0006015558684716542,2.4179896810318796e-07,7.802226201362848e-05,1.0245164156124164e-05,1.1727214172597936e-06
16,0.0004397800780660477,8.203522014540567e-07,0.03553787523076555,6.999113963378444e-06,0.9537382430592578,6.416404374300172e-05,1.1289531598165161e-05,3.0789027540151135e-06,0.00012399084383593189,0.0001762366601344251,0.00024291925478889137,1.470079196365465e-05,5.5361199460274775e-05,0.0002766160883246005,6.1486506837357295e-06,0.0026104942879463804,9.473635564917753e-05,0.00012710304362678778,0.005275459695259206,0.00010756393324205107,0.000984015764049901,2.2235573201878747e-07,8.906249880669776e-05,1.2204995256254592e-05,9.132688906067798e-07
17,0.0004886102154085239,9.637341005678039e-07,0.028433227879948817,6.250529393685596e-06,0.9629390595138859,5.3493325262085885e-05,1.0436983742649874e-05,2.970197553530811e-06,0.0001756387528007553,0.00017433336478144698,0.0002041210725870423,1.0842685093187413e-05,4.1651213634705295e-05,0.00019543540283469476,4.997350208588673e-06,0.0016169100016783932,8.52664101483385e-05,7.642239607594226e-05,0.0047375069363022404,7.50976726509988e-05,0.0005798323874655781,2.3637699695943577e-07,7.544028582706995e-05,1.0025211504562523e-05,1.230100113735928e-06
18,0.000722862438605825,1.3333905840041803e-06,0.018597081020685007,5.512653093057209e-06,0.9729280526264796,4.4757872556972746e-05,1.2625696321704188e-05,2.0427515828285063e-06,0.00019386330229569527,0.00014752174042140492,0.00020680283158778715,8.39886417381651e-06,2.7464095664451936e-05,0.00021785256226835147,4.355520942101263e-06,0.0009318970939813964,0.00016223355460715763,8.027980179318533e-05,0.0050910161863620676,5.795522900660822e-05,0.0004498948492745432,3.670084757833702e-07,9.156115752027644e-05,1.1352571683926078e-05,2.9151800324323807e-06
19,0.00032338937051295055,4.3859771925606734e-06,0.010930034476421019,4.824280925212423e-06,0.977416399116092,3.816891322076517e-05,2.321429310425171e-06,7.080939660988693e-07,8.955248843991476e-05,2.3719262155339508e-05,0.00042888865298944766,3.6694111957014255e-06,1.0197220697975714e-05,0.000761528038386544,2.300690263008873e-05,0.001112058570280606,5.138825885603942e-05,0.000474092443078035,0.0066480176123009235,6.383458579715216e-05,0.001299505906399018,1.0624227038023201e-07,0.0002832872132564115,5.2526545095927255e-06,1.6628791157764642e-06
20,0.0005042434638159768,3.2094632874293054e-06,0.040530243931955354,1.0985296794077303e-05,0.9449298191941349,0.00011239965480320332,1.1055939870564898e-05,7.887128468495747e-06,0.00027685212797789023,0.00025303236312514057,0.0003924645659915297,2.5355658060165394e-05,5.3893656905581194e-05,0.0002499516323690843,1.908242219217017e-05,0.0026473781629164908,0.00011339250238443423,0.00016629497474219981,0.00814410422662974,0.00010306176716946166,0.0013211813688388807,7.384729507059285e-07,0.00010846491978284399,1.3164303921089323e-05,1.7428009125511408e-06
21,0.0004300483809647231,1.2838853578336134e-06,0.026699454851920736,5.2039694504650825e-06,0.9629497350664709,7.965688160862517e-05,1.0589585813380386e-05,3.2944183863585602e-06,0.00022382988418796155,0.00020175470921245057,0.00013330363881274097,8.594752009628945e-06,4.059579118680234e-05,0.0001188490691944252,4.674838420922089e-06,0.001533353163558568,0.00010156457147333119,7.4666130306821e-05,0.00666413633833817,6.196168690099698e-05,0.0005617579061054327,3.0891894530402953e-07,7.676126950968689e-05,1.3291155712680414e-05,1.3291361510008482e-06
22,0.000536900998435706,7.264010050511647e-07,0.03540422444009177,8.661281901787541e-06,0.954852337307551,4.7531720826356784e-05,9.375644607242557e-06,2.992917684542321e-06,0.00015158859895447857,0.00023162018787908564,0.00035012626027461444,1.0130445797148802e-05,5.246585534166473e-05,0.0001948620741844144,4.940969597865656e-06,0.0020258500807767373,0.00011953415506664506,0.00011224807183016081,0.004943950588732322,0.0001174290399441284,0.0007291137333810148,2.3624115142163674e-07,8.375231171785626e-05,8.442922349647296e-06,9.577509173503884e-07
23,0.00045767884702500476,1.0667882517193895e-06,0.028450424135899814,6.244663945888556e-06,0.9621287730274726,6.161125148597674e-05,9.561798066056672e-06,3.007309718001677e-06,0.00018309632122243984,0.00018403973078534388,0.0001985986422512346,1.0019991248758499e-05,4.162163631766124e-05,0.00017840460820192573,5.37412050254308e-06,0.0016921374639302263,8.35427670764415e-05,8.318274158854165e-05,0.005454855137847711,7.552120213551572e-05,0.0006015558684716542,2.4179896810318796e-07,7.802226201362848e-05,1.0245164156124164e-05,1.1727214172597936e-06
24,0.0004200560909199607,9.528847921591333e-07,0.022252995857843093,6.763114366912173e-06,0.9702206843168674,4.6637694778378846e-05,7.820936028851469e-06,2.235497343578289e-06,0.00013927744308246044,0.00014378676492324938,0.00020320745056726802,8.73297909643473e-06,3.789513873083024e-05,0.00018955104357537612,4.062598529833603e-06,0.0013853066279601604,6.381779593452352e-05,7.38446984387408e-05,0.004236539766168798,7.17519231521031e-05,0.0004171467191164246,1.967009700625029e-07,5.849164336485951e-05,7.187300552019794e-06,1.0570128966140084e-06
25,0.0007438548349248141,5.576267287575537e-07,0.039697403213081316,8.713422217024722e-06,0.9525770022107205,2.9714674515824963e-05,1.4591285107694526e-05,5.1624173545652555e-06,0.00015588980270824334,0.00024988070942319663,0.00046828673516980345,1.827954082018983e-05,7.271141788483771e-05,0.000314386268699177,5.729588424141532e-06,0.001758038675535789,9.723188066229567e-05,8.081740432921506e-05,0.002951545135534594,0.00013792667907830007,0.0005320388814730713,2.0892051242231522e-07,6.975279410207222e-05,9.092607547244576e-06,1.1832734448934188e-06
26,0.0004782718245951073,9.927676203668998e-07,0.0263759542247889,5.729116563986793e-06,0.9639924398392732,6.323755820699154e-05,9.630559806009614e-06,2.8822865583055113e-06,0.0002046268734706632,0.0001923067886018219,0.0001704553976947411,8.026523471527343e-06,4.2813700890242774e-05,0.00015371603865748856,4.670672899141736e-06,0.0015991634854526495,9.071739302716145e-05,8.423927295831023e-05,0.005779204825459532,7.333716858282736e-05,0.0005681159088531738,2.1799349934006922e-07,8.676467392082057e-05,1.1312357226009247e-05,1.1727479220421977e-06
27,0.000483816898425569,1.9477630153651093e-06,0.02581522635795026,7.625553253483509e-06,0.9639815086795481,7.332813238755905e-05,9.37955355475119e-06,4.082259912423581e-06,0.0002847537570543474,0.00020139688176013022,0.00023810291362265165,1.1081607129660117e-05,3.4149052277755775e-05,0.00015647195543263024,7.75637933354475e-06,0.0014921342377922809,8.367092796881627e-05,7.649740917793441e-05,0.006380535605587118,6.18649600178257e-05,0.0005099795353854001,4.0948070558153666e-07,7.383757276946467e-05,8.692896197539391e-06,1.7496297397131024e-06
28,0.00045767884702500476,1.0667882517193895e-06,0.028450424135899814,6.244663945888556e-06,0.9621287730274726,6.161125148597674e-05,9.561798066056672e-06,3.007309718001677e-06,0.00018309632122243984,0.00018403973078534388,0.0001985986422512346,1.0019991248758499e-05,4.162163631766124e-05,0.00017840460820192573,5.37412050254308e-06,0.0016921374639302263,8.35427670764415e-05,8.318274158854165e-05,0.005454855137847711,7.552120213551572e-05,0.0006015558684716542,2.4179896810318796e-07,7.802226201362848e-05,1.0245164156124164e-05,1.1727214172597936e-06
29,0.00045767884702500476,1.0667882517193895e-06,0.028450424135899814,6.244663945888556e-06,0.9621287730274726,6.161125148597674e-05,9.561798066056672e-06,3.007309718001677e-06,0.00018309632122243984,0.00018403973078534388,0.0001985986422512346,1.0019991248758499e-05,4.162163631766124e-05,0.00017840460820192573,5.37412050254308e-06,0.0016921374639302263,8.35427670764415e-05,8.318274158854165e-05,0.005454855137847711,7.552120213551572e-05,0.0006015558684716542,2.4179896810318796e-07,7.802226201362848e-05,1.0245164156124164e-05,1.1727214172597936e-06
30,0.00045767884702500476,1.0667882517193895e-06,0.028450424135899814,6.244663945888556e-06,0.9621287730274726,6.161125148597674e-05,9.561798066056672e-06,3.007309718001677e-06,0.00018309632122243984,0.00018403973078534388,0.0001985986422512346,1.0019991248758499e-05,4.162163631766124e-05,0.00017840460820192573,5.37412050254308e-06,0.0016921374639302263,8.35427670764415e-05,8.318274158854165e-05,0.005454855137847711,7.552120213551572e-05,0.0006015558684716542,2.4179896810318796e-07,7.802226201362848e-05,1.0245164156124164e-05,1.1727214172597936e-06
31,0.00014197508682165397,5.943269937319795e-07,0.006247572864904562,3.2957823732669998e-06,0.9903815362667241,6.598576324113995e-05,1.0094058228682186e-05,3.752434144046208e-07,0.0001403564547561711,0.00012643933989606756,0.00011718571429825888,3.320066108674456e-06,6.7028145154674765e-06,0.00015203824845031293,3.1990586269938852e-06,0.00042785334351123564,4.4354969976433134e-05,4.109488793347483e-05,0.0015241236942455218,4.4490686908038875e-05,0.000358153011287065,1.0881062974302253e-07,0.00015086029192842837,6.094395162370208e-06,2.1948190642520523e-06
32,0.0004886474165047,1.1870028880628036e-06,0.028839062206424893,6.265360135187819e-06,0.9605130735343974,6.443903271395422e-05,8.937593125684736e-06,3.042554823745176e-06,0.00018158116442489085,0.0001788906748763996,0.00018682929654939974,9.207521844140782e-06,4.5214971651700814e-05,0.00017030622973378894,5.171680669319301e-06,0.0018022189387801256,8.652021513126142e-05,9.000300443032022e-05,0.0065827124477636605,7.345537846596536e-05,0.0005763146061273024,2.4918455393183086e-07,7.470330190949775e-05,1.0854419030031236e-05,1.112263044883968e-06
33,0.0008993652983510139,1.9879796566779895e-06,0.03178077784907586,1.024068205832901e-05,0.9326725176215058,0.0001412112159674177,2.0462448677378947e-05,5.4711404361102224e-06,0.0001262821285732181,0.00019185446516841164,8.831428484942822e-05,1.3785838708791006e-05,0.0001597092234211765,0.0002043252740211385,3.0542381976361483e-06,0.006373647229956916,0.00028117455851752154,0.0002627611368320222,0.02595319664369525,7.765163999182395e-05,0.0006210705908832699,7.302898350720982e-07,6.134372545380833e-05,4.811714239547627e-05,9.473537703001822e-07
34,0.0002941303962686533,1.369007430986159e-06,0.0277915416279376,6.984693520880512e-06,0.9623680549099384,0.00011474228013659656,1.3773215323368787e-05,3.4590610862471114e-06,0.00021230201501090443,0.00022598874896566902,0.0001830479837118174,1.5779193276542986e-05,3.958640903445342e-05,0.00018137172352905397,7.49325832090244e-06,0.0020719232518731333,9.997856758383534e-05,0.00010119196793467192,0.005089791911520938,8.545524302418347e-05,0.0009652408894304145,3.860332170079822e-07,0.00011085787809338591,1.400070959634242e-05,1.5490242339403976e-06
35,0.000878290845233591,2.241218506023393e-06,0.02882495563991177,8.95053980686425e-06,0.9566595879300949,5.8510534085388654e-05,8.419365391948556e-06,9.1646545544642e-06,0.0005062651665699614,0.0002167609699257357,0.00022670877491606103,8.33416162540005e-06,5.163026194409446e-05,8.409955142719137e-05,6.322845579623027e-06,0.001696144606010485,0.0001020463160460109,6.793316003034793e-05,0.0101617884232716,4.934719604591045e-05,0.00031945887603780453,5.075788261208466e-07,4.411540182043606e-05,7.104314610859793e-06,1.3116677273321356e-06
36,0.00044931730919545263,1.053422188286579e-06,0.028232106482336462,6.13724978792683e-06,0.9624603965689522,6.123403890223929e-05,9.270753280557532e-06,2.9068343402289173e-06,0.00018174229362180426,0.0001826517189215358,0.00019508407900172795,9.581505629252967e-06,4.084613707731508e-05,0.0001744854240175787,5.285765393642781e-06,0.001658420557500776,8.087556638978985e-05,8.158300381849285e-05,0.005406879670081519,7.488376118976962e-05,0.0005956593640803302,2.3162041529704194e-07,7.813851504470738e-05,1.0079574334927085e-05,1.148784498084297e-06
37,0.00030630124013073277,1.979662722356787e-06,0.02517599256846877,7.436782591923032e-06,0.9648560841795943,9.007737721334996e-05,6.173439333641034e-06,6.06119970762552e-06,0.0004667487362399422,0.00025514600636931256,0.00022855483228037202,7.815656091887486e-06,3.022027346175408e-05,5.6735694756700376e-05,7.75396866529785e-06,0.0013065922545194776,6.11027906241185e-05,5.5775585787291463e-05,0.006575246897106163,5.604270952334477e-05,0.0003873260254162156,4.2078833908977216e-07,4.869613647215277e-05,4.598461649322994e-06,1.1167329343872777e-06
38,0.0003953920134393346,1.1967507822694123e-06,0.035878362464931056,7.2798262994283115e-06,0.9489485608353391,0.00012217932119202982,1.2840636622853357e-05,3.3383520332490565e-06,0.000163766429344897,0.00020455172916632828,0.00019488624675947585,1.4248541252162348e-05,5.9134874071551744e-05,0.00021333483337577204,7.428020198139449e-06,0.003586408646965245,0.00010219497155968648,0.00015312827688067853,0.008472930038154192,9.159429103402275e-05,0.0012368658143786905,3.0643111766692754e-07,0.00011274052263744237,1.6428597358781146e-05,9.015351060973134e-07
39,0.0006346241674199845,5.645473070785795e-07,0.013034079788635192,5.922877193327082e-06,0.9819510021823652,2.0465066821706488e-05,8.765780751561784e-06,1.2937098079696997e-06,0.00014092182965487208,0.00018562882100648623,0.0003575164652888763,5.239148087758224e-06,2.5034722523816802e-05,0.00032245617423444544,3.665281306862529e-06,0.0005930954907596727,4.2412374514699384e-05,5.118216775318599e-05,0.002329109740002916,6.888139704015652e-05,0.00014494665458839558,1.0136452682156669e-07,6.588078210222e-05,5.445589357581777e-06,1.7638769491898526e-06
40,0.0003403482919950136,7.788485531956114e-07,0.026530740691152452,3.006941187538701e-06,0.9685080019457627,2.1960291639662754e-05,5.8215056275139705e-06,1.1128344952040412e-06,7.970512245398892e-05,6.226416381785648e-05,0.00016099189325998194,9.72065693058924e-06,2.045374557825324e-05,0.0002462298754623641,3.3486980925611166e-06,0.0008151087585228738,4.109117568060386e-05,3.805234376164133e-05,0.002616820591211873,4.790179795820047e-05,0.00040022024933920435,1.2900545412428373e-07,4.014946418514421e-05,4.9979029642613285e-06,1.0432049132358186e-06
41,0.0008042650514909082,1.157649684062337e-06,0.06201685433075188,7.604133408412727e-06,0.9224457035492902,0.00012823402688167738,3.386904299843748e-05,4.2002708524164285e-06,0.0001915881162619135,0.00040160872523060254,0.00020699757718469714,3.534395902696199e-05,6.81945419819521e-05,0.0003205662389742279,7.274337222616389e-06,0.0028336242778603145,0.00040087946038225585,0.00011787758941246763,0.007118776350707584,0.00012055658053472719,0.0024517508987871267,7.730652946564472e-07,0.00023027899476849123,4.8693283455369924e-05,3.3279475561819106e-06
42,0.0005401720600329947,4.0049991021536875e-06,0.07004309046523301,1.2847443329242209e-05,0.9020835733793509,0.0001389243270259474,8.874794134098724e-06,1.2252548213128494e-05,0.00039293115009464083,0.00021669907468902595,0.00017813098772114685,1.5514916054405543e-05,6.928389262708062e-05,6.407863251962356e-05,7.703909336407411e-06,0.004942953766977349,0.00015800831892285534,9.03628019142153e-05,0.01992224607297592,5.886573827837669e-05,0.00098292126614943,1.1936160097816776e-06,4.361784777616121e-05,1.091994562702585e-05,8.280459052346619e-07
43,0.0008970595844394758,1.7070621781283051e-06,0.009076434933582631,4.371668636330648e-06,0.9848343380880222,4.578612542614332e-06,5.126517020001026e-06,6.499493475691426e-07,6.515474300884979e-05,2.005079614472386e-05,0.0008360047316076302,7.069851153493697e-06,1.064563705604891e-05,0.0018157628571240714,6.262335503960631e-06,0.00032477924589273275,2.2594644621138665e-05,5.4197698896275234e-05,0.001873057038637284,3.637066429122187e-05,5.690793928262354e-05,7.837690664636306e-08,4.0336695132266535e-05,2.006723765244777e-06,4.453605206750793e-06
44,0.00045767884702500476,1.0667882517193895e-06,0.028450424135899814,6.244663945888556e-06,0.9621287730274726,6.161125148597674e-05,9.561798066056672e-06,3.007309718001677e-06,0.00018309632122243984,0.00018403973078534388,0.0001985986422512346,1.0019991248758499e-05,4.162163631766124e-05,0.00017840460820192573,5.37412050254308e-06,0.0016921374639302263,8.35427670764415e-05,8.318274158854165e-05,0.005454855137847711,7.552120213551572e-05,0.0006015558684716542,2.4179896810318796e-07,7.802226201362848e-05,1.0245164156124164e-05,1.1727214172597936e-06
45,0.0006088059910918143,1.489627568685312e-06,0.04511071063200665,8.921979212301554e-06,0.9355195313601519,0.00011956885045499909,1.824408722971838e-05,1.1957083954433015e-05,0.0002687973863897154,0.0003223466715160078,0.00021420046728536213,2.0026017387451492e-05,0.00011322711254949244,0.00017460345994687581,9.454757969575369e-06,0.0046585513687679315,0.00012259794669412704,0.00015665920642882883,0.011492986252469032,0.0001042768836470208,0.0008530370375340725,5.062158138803849e-07,6.750377840437162e-05,2.1143039998962493e-05,8.527855269648803e-07
46,0.0006695726228391438,9.779971981449612e-07,0.0359754985613905,8.309228116743014e-06,0.9523788766864472,7.213840333089802e-05,1.385647410086445e-05,4.078325998362812e-06,0.0001974114213470254,0.0002507845797294875,0.00020016301126016479,1.3451381368633475e-05,6.154037202769108e-05,0.00016250426721831182,4.2293555077029045e-06,0.0022372892538639424,0.0001648500780130752,8.836538109223763e-05,0.00656381768531206,8.750555872045134e-05,0.0007481994684091394,3.8805539432887247e-07,8.05235097612864e-05,1.4370269878498187e-05,1.2980516741145368e-06
47,0.00124015924466628,1.1325820350599567e-06,0.06402719081812502,1.1654815601949924e-05,0.9154345489983298,7.974477176386155e-05,2.0095466241113036e-05,6.974829056585416e-06,0.00019537615425720053,0.0002905329562677415,0.00017452251155091158,1.9756603944195376e-05,0.00012674901341770253,0.00018108857200969816,3.713832847574312e-06,0.004729344845322467,0.00024121306069646012,9.61044156260015e-05,0.012031023878723682,8.675156576359404e-05,0.0009022663870166998,5.677660842806422e-07,7.212574285647642e-05,2.6278189775630057e-05,1.0829780201057967e-06
48,0.0006301579731029037,1.3076883795350608e-06,0.033130073731636595,6.7467614138566426e-06,0.9523925793572188,8.678069335067602e-05,1.2368298199434884e-05,4.324799970051601e-06,0.00020859520977036474,0.0002371780944094889,0.0001521472799684606,1.0577772289838656e-05,6.45148079769413e-05,0.00015211258401896617,4.8232751193499255e-06,0.002356710386189378,0.0001409783937409635,0.00010640432867811777,0.009458783053890212,7.756866412651465e-05,0.0006642955694783099,3.6125854507552036e-07,8.09518903456304e-05,1.8440247994142477e-05,1.2178801863127e-06
49,0.00038955841788439747,1.4327017853966275e-06,0.038252925608152306,7.257072712897964e-06,0.9508516736266303,8.896464457657546e-05,1.0470236070477036e-05,4.287928535960966e-06,0.00022189632950449535,0.00021809368552551487,0.00017662889352787104,1.4526467275468894e-05,4.725792565691387e-05,0.0001222653132512305,5.666300545903269e-06,0.002075541863855808,9.962675786794722e-05,7.170828453700387e-05,0.006425136302676304,7.624089993762776e-05,0.0007612009308381036,4.331228363301654e-07,6.531576415492757e-05,1.07436824170538e-05,1.1472392432398733e-06
50,0.0004993635673118304,9.656868576455143e-07,0.029209093365002915,6.291819597053558e-06,0.9614019904222127,5.8839175536037776e-05,1.0388749100475335e-05,3.1621266034031142e-06,0.00018097869346145887,0.00019906318238523444,0.00020172749468936878,1.0277015981012239e-05,4.5369785530723915e-05,0.0001864228119961867,5.116916753120027e-06,0.001708023549322622,8.685408267593295e-05,8.156329012288221e-05,0.0053645451722551234,7.899284000048581e-05,0.0005716089945860775,2.3451444754443854e-07,7.696252439921554e-05,1.0979496514357265e-05,1.1847226565331324e-06
51,0.00044804348449840284,3.6881092753417822e-06,0.03153607431902644,1.2824774383989573e-05,0.9565242167216831,8.751811277223147e-05,7.892595817502044e-06,5.086301447876006e-06,0.00026565450970224454,0.00017546398497294037,0.0003474755532501321,1.4488980866717744e-05,3.665448186479121e-05,0.00019209887147392336,1.2502613248156491e-05,0.0019548065026633596,7.912926240347226e-05,0.0001090673095904319,0.007279524665580823,7.482569528305135e-05,0.0007437119907933306,6.066115067869188e-07,7.930561018487809e-05,7.603991718123296e-06,1.7349459920732515e-06
52,0.000459620346458634,6.709811030449262e-07,0.02298225511018584,8.634143125094935e-06,0.9641524045861761,0.00011255750264359926,8.412668652629683e-06,8.028516488494778e-06,0.0002371348800523992,0.0006562293557660599,0.000328523388703563,1.1919310775911026e-05,9.583593509348828e-05,0.00017929505179243205,1.0276379806653043e-05,0.002310513805764695,4.710006012036915e-05,0.00017059158195532707,0.00756460024213333,0.00015715943592745096,0.00042660758167527285,1.8495918135533162e-07,6.031319318599877e-05,1.0548086153556336e-05,5.828970785971328e-07
53,0.00029040688913192715,4.0394369358155234e-07,0.024995904932084267,5.485766248563244e-06,0.969059131955811,4.641948215599471e-05,1.5260608521766735e-05,1.7218286192088126e-06,0.00012933751851119886,0.00017204307726716067,0.00023809966436807458,1.1996664507481548e-05,3.4375759997223515e-05,0.0002665357379947439,4.527153867062576e-06,0.001495410207789252,7.493507790526086e-05,7.865875764753749e-05,0.0019713213463919458,0.00011014293842734548,0.0008572462858530235,1.2952342114050657e-07,0.0001299415438522972,9.410224374666436e-06,1.1531115584514834e-06
54,0.0004939694398941784,3.849885119971321e-06,0.02290631521966979,7.575435307728034e-06,0.9658978816905153,8.036509703216039e-05,9.561371916709996e-06,3.181285253781319e-06,0.00025152379531651655,0.00013680738963699223,0.0002272273335547654,1.2712122522432451e-05,2.3466167109095125e-05,0.000246932935287119,1.0957770858783673e-05,0.0014278673413650454,7.270107192628336e-05,7.648024796286351e-05,0.00744851883148493,4.462087077895869e-05,0.0005270154998405311,5.45713429681916e-07,7.73125142540257e-05,9.780123328875291e-06,2.8308466334656235e-06
55,0.0003848267865537847,6.820985403093943e-07,0.025742466184248518,4.81847171565412e-06,0.9655816460742711,6.261999141209332e-05,1.5160737874084052e-05,4.260221654606019e-06,0.00017224355201851473,0.0001704092304647953,0.00014019920390797707,2.050916998122044e-05,6.0386588817659745e-05,0.0002232036125062579,4.579482592375407e-06,0.002183544568335283,8.198049683856906e-05,8.528778055500621e-05,0.004366990238567899,7.964635525746975e-05,0.0005413860895852775,2.4350255145138864e-07,5.8913408099772146e-05,1.2936658708884866e-05,1.059494941294546e-06
56,0.0004890725361201045,1.0277013219180687e-06,0.029664890355965475,6.529021555370138e-06,0.9603466593531301,6.457433439279595e-05,1.0299044192194972e-05,3.3700125526339734e-06,0.000185531604011424,0.00019965759291148012,0.00019384080850854264,1.0430336518698678e-05,4.9725272068003843e-05,0.00017714397720848153,5.132484406834423e-06,0.0018520449961893762,8.87318215643851e-05,8.732798535953652e-05,0.005799305990550057,8.135953599913633e-05,0.0005938973082702437,2.460551645032197e-07,7.670215468613582e-05,1.1371542058912272e-05,1.1281752938507717e-06
57,0.0011709713454190922,3.488570196163684e-06,0.009956149600286754,1.9365300460363568e-05,0.974108855718058,8.564719451375021e-05,9.859494382366523e-06,3.316864094565526e-06,0.00025698995792832325,0.00019719907167948554,0.0007045220712732508,5.636021464005214e-06,3.416496014297156e-05,0.0006725502023147109,2.1238974065116935e-05,0.0015836214169277353,0.00010807427267365614,0.00046372145822127733,0.009579682817082808,9.06773469211107e-05,0.0006091207242910428,2.917615883573075e-07,0.0002984142609919146,1.306882027033488e-05,3.3717747526980237e-06
58,0.0005282255526525813,1.0390685228297957e-06,0.030057752767687025,6.108453553836734e-06,0.9588922189055207,7.295424177600669e-05,1.1462374879434305e-05,3.5252087924381933e-06,0.00018297901491925257,0.00022221463163407928,0.00016510740239945407,1.0877883680418202e-05,5.730286312375563e-05,0.00018414525065705615,5.055610942978141e-06,0.0019802605826776142,0.00010080530931623057,9.72893480608593e-05,0.006591616426947244,8.374056752159616e-05,0.0006419272620590916,2.566147299884985e-07,8.622578995984245e-05,1.574586784210314e-05,1.1630001438933827e-06
59,0.0004924592236923635,9.794165431770249e-07,0.03369518427422386,5.91994767958889e-06,0.9559429689377856,6.575479770408586e-05,1.0984207724909861e-05,3.345462253067719e-06,0.0001730496286583262,0.00020375447397890498,0.00016439664172462277,1.0791424361626695e-05,5.462524907611432e-05,0.0001725253502623194,4.7031120204971125e-06,0.0019567319788208995,9.622354031014269e-05,8.476093945621045e-05,0.006016455114665687,8.356266038694779e-05,0.0006651115273890697,2.4341034572431864e-07,8.027893801485884e-05,1.4113877326661574e-05,1.0758655944017986e-06
60,0.00045767884702500476,1.0667882517193895e-06,0.028450424135899814,6.244663945888556e-06,0.9621287730274726,6.161125148597674e-05,9.561798066056672e-06,3.007309718001677e-06,0.00018309632122243984,0.00018403973078534388,0.0001985986422512346,1.0019991248758499e-05,4.162163631766124e-05,0.00017840460820192573,5.37412050254308e-06,0.0016921374639302263,8.35427670764415e-05,8.318274158854165e-05,0.005454855137847711,7.552120213551572e-05,0.0006015558684716542,2.4179896810318796e-07,7.802226201362848e-05,1.0245164156124164e-05,1.1727214172597936e-06
61,0.0004784388219598379,9.562221102089514e-07,0.0320714558044496,5.5826952470962e-06,0.9581201856115611,6.226278775001716e-05,1.030956242444477e-05,3.008952904159715e-06,0.00017111863666551452,0.00019195737731370248,0.00016688195578918208,1.0249207970639126e-05,4.8273563021569684e-05,0.00017259890749017436,4.6652732505179126e-06,0.001793520528597353,9.070080318830842e-05,7.953558360896683e-05,0.00570705689381199,7.812389426988947e-05,0.0006403555472425167,2.3014890531935705e-07,7.872254278864397e-05,1.271157238991749e-05,1.0971052890337145e-06
62,0.00045767884702500476,1.0667882517193895e-06,0.028450424135899814,6.244663945888556e-06,0.9621287730274726,6.161125148597674e-05,9.561798066056672e-06,3.007309718001677e-06,0.00018309632122243984,0.00018403973078534388,0.0001985986422512346,1.0019991248758499e-05,4.162163631766124e-05,0.00017840460820192573,5.37412050254308e-06,0.0016921374639302263,8.35427670764415e-05,8.318274158854165e-05,0.005454855137847711,7.552120213551572e-05,0.0006015558684716542,2.4179896810318796e-07,7.802226201362848e-05,1.0245164156124164e-05,1.1727214172597936e-06
63,0.00045014738291989704,1.440065418072811e-06,0.02704639286457131,6.601336766128479e-06,0.96290421526335,6.733215928512822e-05,8.766736486038492e-06,3.083741472006033e-06,0.00020145851209169577,0.00017272306740859233,0.0002052178857537815,9.453870186371725e-06,3.8858177806229057e-05,0.00017019363198921418,6.188241655085409e-06,0.0016474090004403264,8.20010591672374e-05,8.908231852991266e-05,0.006128060338469621,7.091877666373886e-05,0.0005993482768422294,2.7982859688149186e-07,7.975598778049752e-05,9.782928064936476e-06,1.2885482850151159e-06
64,0.00041013111953465544,1.0120286286609645e-06,0.03536030268441989,5.960111828518682e-06,0.9551508363767611,6.574947134374649e-05,9.319725309371344e-06,2.711234707973245e-06,0.00016869877687791685,0.0001712067755297138,0.00018329674168406307,1.1390286049970704e-05,4.078527917332497e-05,0.00017206291874191082,5.307615323277031e-06,0.0018938429122537306,9.171539363209434e-05,7.952510795074811e-05,0.005072724066743355,7.956496963990549e-05,0.0009216461965385675,2.426890970502298e-07,9.011992953830529e-05,1.077621060771768e-05,1.0713780845104948e-06
65,0.0002073654767415058,2.374225075131294e-06,0.021642725689315034,4.290439256356267e-06,0.968156428094464,0.0001159091629353552,8.673711187047771e-06,1.1420910875642955e-06,0.00012576010039737782,7.506845033952901e-05,8.914097126053057e-05,8.95444757465306e-06,2.0622269055458106e-05,0.00022070140590744916,6.961326864741007e-06,0.0015080911218970385,9.776944059841246e-05,0.00013345952194893543,0.0054061746916921945,6.31530992865324e-05,0.0018919910489642393,2.797725414352901e-07,0.00019400494310017118,1.695981009680959e-05,1.9986884126881807e-06
66,0.0004476454220268188,8.074768030723344e-07,0.028691650817100945,5.545124563181391e-06,0.9626403362101037,5.376138517107155e-05,9.355517518323147e-06,2.685390713504981e-06,0.00016618082370704562,0.00017792762345590746,0.00017245297257849479,8.676845041754965e-06,4.3343801423493894e-05,0.00015607487716723636,4.02574508522998e-06,0.0016120662102032236,7.843596614690384e-05,7.019580870150763e-05,0.004983119818651362,7.412156006200237e-05,0.0005234084795775151,1.942236756279488e-07,6.736635202199298e-05,9.64554869340651e-06,9.759998068555115e-07
67,0.0003943200192384358,1.4906086352853394e-06,0.028892987004922096,6.773074280973986e-06,0.9603063899167148,9.141678191081337e-05,1.0588195370475138e-05,2.6563400670228738e-06,0.0001830999869317094,0.000176237252630725,0.00019622265397840807,1.1906571914387895e-05,3.9050543043341415e-05,0.00021550773135165538,7.0123179424895485e-06,0.0019058552499879476,0.00010703278826936606,0.00011514400309208263,0.0061285549014537455,8.561178872611631e-05,0.0009820815100852127,3.097272070210005e-07,0.00012454381801239636,1.3598205443621365e-05,1.6090087898183505e-06
68,0.00013727252504178457,1.5274027148400522e-06,0.03741672216928442,7.399653376166015e-06,0.9483680634652104,0.0003571673568891096,1.7452556295731737e-05,9.07183454966608e-06,0.0002276839409039359,0.0002946812543568552,0.00022159403852891135,6.960072376662843e-05,5.941983077579473e-05,0.00020494420757656174,2.4069732092660094e-05,0.0034122117652625387,0.00010335588226871505,0.0002731021407132951,0.0035673592841890004,0.0002222063034321342,0.004792517516833999,6.234072287712956e-07,0.00019107835199102353,1.9549227743864242e-05,1.3254289734709584e-06
69,0.00023983392190547658,1.1248692158338263e-06,0.02365052167981902,7.437985934699981e-06,0.9705230259019045,5.137685832185302e-05,5.398407263295747e-06,2.408330918262812e-06,0.00027372883392853326,0.0002052225766845892,0.0006901929929846296,9.430357351503616e-06,1.786802426592396e-05,0.00014552714141121602,1.3088400463704162e-05,0.0006827998625636072,6.774418163089295e-05,9.233253120818995e-05,0.0020261696717884564,0.00012173288115949382,0.0010203972866380051,2.3093502886681312e-07,0.00014777192406994252,2.8504374357489095e-06,1.784006104013319e-06
70,0.00036740698268613887,8.715155264487172e-07,0.030602577088612245,6.439685385046799e-06,0.9610636366327969,6.097056311878607e-05,9.077758471469709e-06,2.8690972398084913e-06,0.0001858348659457151,0.00018440899744835568,0.00020157365003960244,9.608223318408704e-06,3.921838331420271e-05,0.00015042115147747374,4.897136644730772e-06,0.0017340437143626916,6.658302706034063e-05,6.693274150714597e-05,0.004488966784671697,7.732202995024953e-05,0.0005967570419108405,2.0188415350699894e-07,7.055240123431712e-05,7.875022712769689e-06,9.536204110984665e-07
71,0.0006978261897194008,9.062490349669486e-08,0.017607636701773947,3.3285730951857633e-06,0.9772860873219159,3.367261290821788e-05,5.0065706008882666e-05,3.3343415197028425e-06,0.0001824950513005702,0.00038779673139405804,6.818748606428851e-05,6.359475301772416e-06,8.374575596563378e-05,0.0001028822824950401,7.623843086364121e-07,0.00115964210440219,0.00010610215529949914,2.584909203610392e-05,0.00189188172588394,7.814408088808218e-05,0.00016181038158714884,8.703532703487223e-08,4.171143603478387e-05,1.9667390945851507e-05,8.33358920665163e-07
