,0,1,2,3,4,5,6,7,8,9,10,11,12,13,14,15,16,17,18,19,20,21,22,23,24
0,0.9724639999778492,1.322717938032008e-06,9.821504183461654e-07,2.9047382076095216e-06,0.0004938862689792517,1.4366600751422876e-08,1.5007537390768509e-05,4.4988185893086424e-07,0.0038194726301065793,0.00016970966048333912,0.0006540775878070641,1.6017674831990513e-08,6.045253175582196e-10,1.854116359267532e-05,3.0166411171955113e-06,8.224327729701573e-09,0.0003029128156300233,1.2929494710104549e-08,9.377733772021996e-05,7.411018203663731e-10,4.184965676779044e-09,5.27427266246009e-06,3.5621015811525764e-05,2.712134346487094e-07,0.021918715320301308
1,0.9317824914599767,4.7253571514578795e-06,1.5131901290999087e-06,2.7012649070118455e-06,0.0009710844902447602,2.464798331892633e-08,1.548022003424943e-05,3.4118644421711934e-07,0.005817160621120732,0.00015874526278671712,0.0010306763578793686,2.643928779405348e-08,3.344470224241842e-10,3.290161084117275e-05,6.648414022525899e-06,7.2769828503093125e-09,0.00029911791016708846,1.275474018073508e-08,0.00015727616852928583,6.156799782162928e-10,5.654363653143627e-09,1.1933047656973283e-05,4.1046483520094656e-05,2.601533336823304e-07,0.05966581907776981
2,0.8890644830187234,6.528324837317224e-06,1.684326869361891e-06,3.1361985667940436e-06,0.0011582024182316582,2.1454103640121073e-08,1.7642096966901978e-05,4.3839721249656375e-07,0.005744059040637999,0.0001812698316639704,0.0022943476724242256,5.219013554538146e-08,3.5047765212392957e-10,7.108109068584703e-05,1.6511174081557795e-05,5.754532829898176e-09,0.0002643760167011926,1.886388439788896e-08,0.00010147282036187848,1.1862337374173426e-09,8.014971893716716e-09,1.3370940004395597e-05,6.511084190676484e-05,2.6546300972528716e-07,0.10099591251277462
3,0.9058597783532205,5.981683414297091e-06,1.263372827110891e-06,3.28596061393734e-06,0.0008647780847113743,2.7153112021594127e-08,2.164089553401965e-05,3.4813789007490933e-07,0.0042069775175901936,0.00014652969156966352,0.0012586191447455347,4.216009073561441e-08,3.49605575227642e-10,5.9047715383455686e-05,9.427433456355022e-06,7.39024279036749e-09,0.0003711927142447988,2.052415136155127e-08,0.00013424451600636424,7.579583320945265e-10,7.2198677625312415e-09,1.667041450563067e-05,5.6157722584417e-05,3.7225913663862056e-07,0.08698357882753721
4,0.9154395063528685,5.606546329816284e-06,1.2846291591799061e-06,3.276293909741409e-06,0.0008230372785616822,2.688740083075188e-08,2.1545089060279687e-05,3.4918294945929113e-07,0.0036839036678453945,0.00014343313241793815,0.001171720321751199,4.269544822022198e-08,4.0601614404998767e-10,6.047769048110512e-05,8.649294362122198e-06,7.891198351006405e-09,0.0003645061885751545,2.122964037298592e-08,0.0001368799651410907,8.081195821857279e-10,7.053917752679098e-09,1.5505471994509095e-05,5.342282505324995e-05,4.0392648301532006e-07,0.07806638517131542
5,0.9105994146442971,7.157064827262622e-06,1.1827267460938582e-06,4.086689181318201e-06,0.0008584332243745387,3.3635878997640016e-08,2.1255647749312815e-05,3.89298538416751e-07,0.004097301816772147,0.0001493045157800564,0.0013345970023122204,4.2929554858631996e-08,4.2278315190861843e-10,6.40324680843895e-05,1.088701635147614e-05,8.864407817436883e-09,0.0004063275088149533,3.0511056178351534e-08,0.0001578496522669452,8.995151041089253e-10,8.577805644434166e-09,1.8319968267927987e-05,6.575361657023388e-05,4.2166326835384735e-07,0.0822031596347956
6,0.9058597783532205,5.981683414297091e-06,1.263372827110891e-06,3.28596061393734e-06,0.0008647780847113743,2.7153112021594127e-08,2.164089553401965e-05,3.4813789007490933e-07,0.0042069775175901936,0.00014652969156966352,0.0012586191447455347,4.216009073561441e-08,3.49605575227642e-10,5.9047715383455686e-05,9.427433456355022e-06,7.39024279036749e-09,0.0003711927142447988,2.052415136155127e-08,0.00013424451600636424,7.579583320945265e-10,7.2198677625312415e-09,1.667041450563067e-05,5.6157722584417e-05,3.7225913663862056e-07,0.08698357882753721
7,0.866867663448578,8.839722955364578e-06,1.3178475713310596e-06,3.844288888552786e-06,0.0010349024134016342,4.046009693041434e-08,2.4327255614501245e-05,3.702689660255933e-07,0.0052518431679433805,0.00015597812289018254,0.0014976162912429957,5.6556954239166814e-08,3.3678461858981185e-10,8.279203057506984e-05,1.4733618094503659e-05,8.91597905012243e-09,0.00045632764033320624,3.087927113168514e-08,0.0001569751694143536,8.83729249783344e-10,1.1665330945080946e-08,2.1988160696152992e-05,9.033786055913102e-05,4.6189019718576305e-07,0.12432953110393238
8,0.8979011836297077,2.9020818674638735e-06,1.6289355610168298e-06,2.158860569588202e-06,0.0005527657848467889,1.490973164316243e-08,2.123229900465034e-05,2.441452706939712e-07,0.002843991847069878,0.00017792926355671043,0.0008559042921381741,4.634593632266695e-08,3.1605774446258725e-10,6.273961501954083e-05,6.1376051206393695e-06,4.55735684401712e-09,0.00032385480087074347,8.37545069540109e-09,6.072039452697055e-05,7.653799207046676e-10,7.459792698489635e-09,9.571196463199081e-06,7.051460788108055e-05,5.483575237606627e-07,0.09710588955329544
9,0.8783229733737216,4.559032734619317e-06,1.2171948376991007e-06,2.5238176238489425e-06,0.0005777340543137518,1.7285216986417528e-08,1.79871554842021e-05,2.596201949036346e-07,0.003507386243574835,0.00016962047203853003,0.0011677508738243791,4.2034494874807716e-08,2.460959790140525e-10,6.652199717422199e-05,1.0287179590534054e-05,4.0856882783276025e-09,0.0002883840089619494,1.173822684346397e-08,6.894306435323717e-05,7.082639962937039e-10,7.614932092644198e-09,1.134363985408583e-05,8.702194293879334e-05,4.461377722650716e-07,0.1156949564780875
10,0.9058597783532205,5.981683414297091e-06,1.263372827110891e-06,3.28596061393734e-06,0.0008647780847113743,2.7153112021594127e-08,2.164089553401965e-05,3.4813789007490933e-07,0.0042069775175901936,0.00014652969156966352,0.0012586191447455347,4.216009073561441e-08,3.49605575227642e-10,5.9047715383455686e-05,9.427433456355022e-06,7.39024279036749e-09,0.0003711927142447988,2.052415136155127e-08,0.00013424451600636424,7.579583320945265e-10,7.2198677625312415e-09,1.667041450563067e-05,5.6157722584417e-05,3.7225913663862056e-07,0.08698357882753721
11,0.9179773704179098,5.3029303034160024e-06,1.2970172248319895e-06,3.121268365834251e-06,0.000794136184715224,2.6689945679309447e-08,2.2259489241884437e-05,3.8304023469080357e-07,0.0039769025218322675,0.00015123800616300757,0.0011337978198350707,4.22704868540401e-08,4.124313313388021e-10,5.362526626773134e-05,8.502589859570031e-06,7.833849990697554e-09,0.0003806614808838918,2.0297537408710916e-08,0.0001353940256681521,7.812211960547212e-10,6.997933263362974e-09,1.5927787369197167e-05,5.2245740513895976e-05,4.076018080038439e-07,0.07528732152839782
12,0.7687750723359705,7.184199625709281e-06,1.4182993742005815e-06,4.10030319166126e-06,0.00228854833174438,4.148639355095847e-08,3.7179092509258044e-05,1.7175846588407776e-07,0.004593706727686887,0.00014554860435940807,0.0017827581277327996,7.304766382164925e-08,3.6662031331505463e-10,0.00022667756679858978,1.231246223535042e-05,8.399879077323563e-09,0.0004314163606278743,3.978104528359613e-08,0.00010265360830524365,1.7115066050422477e-09,1.4601074949116893e-08,1.3051224088700284e-05,0.00017854626418323217,5.988576380863089e-07,0.22139887648127848
13,0.9224184269653901,3.1819008935074055e-06,1.596119048050993e-06,3.0084323598230806e-06,0.0007715936576589616,1.1493781779135483e-08,1.7280699818510816e-05,3.484348641888875e-07,0.002962780535442941,0.00014326919552275994,0.003188997031897794,6.324186596186545e-08,3.366329721824872e-10,0.00010414485492272046,1.5140135668010144e-05,5.869023549377422e-09,0.0002577980278732923,1.9731900034255407e-08,5.893968427117719e-05,1.2593619026862284e-09,8.937467820040895e-09,9.145333433391831e-06,6.335481290929626e-05,2.1841825574536902e-07,0.06998066488973564
14,0.8706472615410534,6.186688683112894e-05,2.5366656777813715e-06,1.1123252784870966e-05,0.003748417407972077,8.095406050158885e-08,1.1767594866659255e-05,3.8305414781631274e-07,0.007067117671607197,0.00012344833840485846,0.00557921131384336,3.563214127311328e-08,6.275089139386628e-10,0.00010436694802372411,3.186234006828211e-05,1.6044277525843424e-08,0.00027324549198791306,9.935486402296705e-08,0.0005768785537115792,2.0590371790610294e-09,1.114897887448362e-08,3.124697040785424e-05,6.95486502250599e-05,1.9748621714252562e-07,0.11165927401130121
15,0.9058597783532205,5.981683414297091e-06,1.263372827110891e-06,3.28596061393734e-06,0.0008647780847113743,2.7153112021594127e-08,2.164089553401965e-05,3.4813789007490933e-07,0.0042069775175901936,0.00014652969156966352,0.0012586191447455347,4.216009073561441e-08,3.49605575227642e-10,5.9047715383455686e-05,9.427433456355022e-06,7.39024279036749e-09,0.0003711927142447988,2.052415136155127e-08,0.00013424451600636424,7.579583320945265e-10,7.2198677625312415e-09,1.667041450563067e-05,5.6157722584417e-05,3.7225913663862056e-07,0.08698357882753721
16,0.9349329591256333,3.850272135439942e-06,1.6740254516269142e-06,4.048116098581276e-06,0.000851061944441376,2.6422832352069516e-08,2.552179250848129e-05,3.9322551510073913e-07,0.002483897876169377,0.0001414079074864042,0.0018479119336935175,7.339828630225901e-08,5.769851329020439e-10,0.00011987003891934126,1.1593807968681149e-05,1.3810508566206652e-08,0.0004371816579694841,4.090363182510023e-08,0.0001265280397136425,1.3084992298009262e-09,1.3650799680357369e-08,1.3761570940884974e-05,6.633494715305983e-05,4.497809548391546e-07,0.058931383865703874
17,0.9058243141193772,5.042193865650515e-06,1.2402204423770032e-06,3.1047821601786947e-06,0.00084409076801959,2.2729360799516702e-08,2.3749507346779418e-05,3.2464802992958047e-07,0.00377431257068096,0.00013295995245336315,0.0012197758587187925,4.5091650417649095e-08,3.3568208360308923e-10,6.172761251902214e-05,8.264174763814488e-06,6.7575428140291915e-09,0.00036917637862293024,1.773839243694622e-08,0.00010788638982666676,7.407477868557835e-10,6.934774049554872e-09,1.5696441805402115e-05,5.2426603458554614e-05,3.568202158558014e-07,0.08755545062954254
18,0.9233920509339927,5.886700720362715e-06,1.4126580212563949e-06,3.4767374592160723e-06,0.0009146654665803106,2.9242616207444258e-08,1.9818947593798884e-05,4.1556999482203223e-07,0.004429621524577925,0.000159071707191378,0.0013991012406849694,4.201624728024165e-08,4.027828117517856e-10,6.139260084324935e-05,1.1050565572307199e-05,8.931558328588762e-09,0.0003092156641317601,2.260611137145283e-08,0.00014883609665798433,8.163816643670237e-10,7.752185850530613e-09,1.4219593318143086e-05,5.405042996118861e-05,3.570942208792523e-07,0.06907524470059424
19,0.9196953169032117,3.0154272215163775e-06,1.3844004797335087e-06,2.6487584702752424e-06,0.0007963704538605004,2.6964387009823044e-08,3.5383584730942854e-05,4.83035267580642e-07,0.004627514187517093,0.00023024310854669126,0.0008215830557002688,4.535646199682484e-08,4.5972503898954605e-10,3.530148267135368e-05,5.2190218177099375e-06,7.061664886101682e-09,0.000411456700553833,1.1055780308698981e-08,0.00010502500611311344,6.891230051546222e-10,5.091898887462452e-09,1.6632770325243402e-05,3.442001649792551e-05,4.491555839049085e-07,0.07317745625238946
20,0.857205417062572,1.9854464068405526e-05,1.7913588859875766e-06,4.910649837542869e-06,0.0008594278211046172,5.5068877718360284e-08,2.1823747987560888e-05,8.672581724119191e-07,0.0064213117057200985,0.00018548644321490085,0.002396569022452752,1.0523486237420548e-07,4.106595681432766e-10,8.437498300528377e-05,3.926481144481984e-05,1.1327417572968064e-08,0.0005143472834043576,4.753417424033157e-08,0.00020652460570607148,1.0472325338869653e-09,2.0075565949556215e-08,4.909973640470497e-05,8.924779412255166e-05,4.938096100040144e-07,0.13189894674349611
21,0.9332878315858266,4.176081343361058e-06,1.391749746520955e-06,3.8198580981885435e-06,0.0008355055638191981,1.7028257790048708e-08,1.4991723707929335e-05,2.534843118850754e-07,0.0026821950781659542,0.0001107956070519943,0.0020678204683864387,4.5454425747499394e-08,3.26731501296749e-10,9.665590453269757e-05,1.0501420861221134e-05,7.894826152520519e-09,0.00024798630127997054,2.2052109978958755e-08,9.739841674808367e-05,9.490300441091613e-10,8.269310081348825e-09,9.696307241334925e-06,5.283699633219877e-05,2.2081464447465356e-07,0.060475820663210694
22,0.9237284801095393,3.660832523809041e-06,1.5485139739657131e-06,4.35411757179601e-06,0.0008242696706124076,2.05212587369158e-08,1.9728528991574125e-05,3.3534986680593103e-07,0.0034782678111744403,0.00019095602553626144,0.0023386422727425674,4.238127182905039e-08,4.131412577183537e-10,6.190997710603541e-05,9.179371421753374e-06,8.346402220447092e-09,0.0005314353185926157,2.894975976293324e-08,0.00010576472852063504,1.2764292950631542e-09,9.926814077202299e-09,1.526165269232617e-05,6.661045043836728e-05,2.856307299956254e-07,0.06861919782288825
23,0.9058597783532205,5.981683414297091e-06,1.263372827110891e-06,3.28596061393734e-06,0.0008647780847113743,2.7153112021594127e-08,2.164089553401965e-05,3.4813789007490933e-07,0.0042069775175901936,0.00014652969156966352,0.0012586191447455347,4.216009073561441e-08,3.49605575227642e-10,5.9047715383455686e-05,9.427433456355022e-06,7.39024279036749e-09,0.0003711927142447988,2.052415136155127e-08,0.00013424451600636424,7.579583320945265e-10,7.2198677625312415e-09,1.667041450563067e-05,5.6157722584417e-05,3.7225913663862056e-07,0.08698357882753721
24,0.895227459889363,7.450660629498973e-06,1.240349349802811e-06,4.3027403399296765e-06,0.001125351145560682,2.7689093495467655e-08,1.991395117177891e-05,2.8278382477941065e-07,0.00381520565827711,0.00012816986620137804,0.0015404734857589865,4.420430768961798e-08,3.495407384471989e-10,7.49370171886276e-05,9.273684561323063e-06,7.252177646099463e-09,0.00033494105442215667,2.270555835885508e-08,0.00012731169937012582,8.892140166008018e-10,7.191785610834772e-09,1.685245816472344e-05,5.4664767025353006e-05,3.0510020482235236e-07,0.09751175340690835
25,0.9471124332124682,1.407431047594271e-06,1.2254913365611677e-06,2.5305351673698797e-06,0.0006579681321288266,7.903121622458287e-09,2.777228608440589e-05,3.5510098375360285e-07,0.0021445911805075173,0.00013359071135394238,0.001961829541695345,4.787726282299271e-08,4.298408868371026e-10,6.52070966754153e-05,5.957978350560737e-06,5.021307414979918e-09,0.000278963500709272,1.2953453373608957e-08,4.035992475019386e-05,1.0845684262337116e-09,4.628748025359831e-09,7.261901564572549e-06,3.4107765493508226e-05,2.213760575447403e-07,0.0475241369353231
26,0.8729243889305952,1.0071806420386945e-05,1.707372579693051e-06,4.8236774121630664e-06,0.0010815530566427303,2.423312952520874e-08,2.2291316954473315e-05,4.1307631654263744e-07,0.002725046774358376,0.00011627324909766802,0.003428771446970259,1.2022893841023605e-07,2.7160373678918496e-10,0.00016899157124618892,2.3724135448513383e-05,8.805449360798315e-09,0.0002825257782937409,2.4575335007178274e-08,0.0001094233301788075,9.31643402307901e-10,1.0265961858829504e-08,2.8070482034611022e-05,3.81355587260271e-05,2.3232262486794558e-07,0.11903336680203834
27,0.8692582125619636,1.085983695930722e-05,1.1271940729682824e-06,3.4370392205795436e-06,0.0008400476356484334,3.27860863539479e-08,1.9604687041233886e-05,4.282277881081196e-07,0.00612547835862298,0.0001478819301808047,0.0013670754276713776,4.437737375444929e-08,2.5177411090798283e-10,4.655407114290419e-05,1.3539736064668088e-05,6.083089105197771e-09,0.0003587659852685465,1.7650671467859285e-08,0.0001565259862611782,5.699486636711397e-10,6.452709681161417e-09,2.7571310765984185e-05,5.0530766716619704e-05,3.0412350778399285e-07,0.12157194694945
28,0.9058597783532205,5.981683414297091e-06,1.263372827110891e-06,3.28596061393734e-06,0.0008647780847113743,2.7153112021594127e-08,2.164089553401965e-05,3.4813789007490933e-07,0.0042069775175901936,0.00014652969156966352,0.0012586191447455347,4.216009073561441e-08,3.49605575227642e-10,5.9047715383455686e-05,9.427433456355022e-06,7.39024279036749e-09,0.0003711927142447988,2.052415136155127e-08,0.00013424451600636424,7.579583320945265e-10,7.2198677625312415e-09,1.667041450563067e-05,5.6157722584417e-05,3.7225913663862056e-07,0.08698357882753721
29,0.9058597783532205,5.981683414297091e-06,1.263372827110891e-06,3.28596061393734e-06,0.0008647780847113743,2.7153112021594127e-08,2.164089553401965e-05,3.4813789007490933e-07,0.0042069775175901936,0.00014652969156966352,0.0012586191447455347,4.216009073561441e-08,3.49605575227642e-10,5.9047715383455686e-05,9.427433456355022e-06,7.39024279036749e-09,0.0003711927142447988,2.052415136155127e-08,0.00013424451600636424,7.579583320945265e-10,7.2198677625312415e-09,1.667041450563067e-05,5.6157722584417e-05,3.7225913663862056e-07,0.08698357882753721
30,0.9058597783532205,5.981683414297091e-06,1.263372827110891e-06,3.28596061393734e-06,0.0008647780847113743,2.7153112021594127e-08,2.164089553401965e-05,3.4813789007490933e-07,0.0042069775175901936,0.00014652969156966352,0.0012586191447455347,4.216009073561441e-08,3.49605575227642e-10,5.9047715383455686e-05,9.427433456355022e-06,7.39024279036749e-09,0.0003711927142447988,2.052415136155127e-08,0.00013424451600636424,7.579583320945265e-10,7.2198677625312415e-09,1.667041450563067e-05,5.6157722584417e-05,3.7225913663862056e-07,0.08698357882753721
31,0.9627603014513529,3.867200364349896e-06,1.357882474115911e-06,2.0774833340337186e-06,0.00045284930953772413,1.257502725524992e-08,1.3315495968683722e-05,5.489799912548702e-07,0.00259781869547168,8.777416874232348e-05,0.0007457039914956733,3.200604285160169e-08,4.997986319401841e-10,2.980550604145904e-05,6.046028896321798e-06,7.165539360168049e-09,0.0002997395070637788,1.4825256968343425e-08,0.00012436477804807566,5.690559656974186e-10,5.0740515473559605e-09,1.1005252912643182e-05,2.5354524829725145e-05,3.1423289275438e-07,0.032837682795809925
32,0.9116586114676244,7.019285047681518e-06,1.303698772084874e-06,3.292516963938508e-06,0.000839504503242159,2.8908590442168082e-08,1.9031150081547838e-05,3.5145189726163057e-07,0.004142090699903147,0.00013824976481270003,0.0011577939301015967,3.904923127715345e-08,3.715645297760803e-10,5.406576314408275e-05,9.216638651858633e-06,7.822987295738213e-09,0.00037287160835980593,2.173344741512146e-08,0.00016179536501954893,7.249885013028903e-10,7.082005807112038e-09,1.7539652806031365e-05,5.3311221825410544e-05,3.841256970897455e-07,0.08136346146323445
33,0.9571132091860328,1.103180777794724e-05,7.662745215744161e-07,3.1370352989713665e-06,0.00033080728174878844,5.190500131395874e-08,2.0291119530409495e-05,3.6996114980373855e-07,0.0010847671752582204,6.366243214519895e-05,0.00015472841556085474,3.204667445340593e-08,9.137995498686362e-10,3.204149349548898e-05,2.322646693825498e-06,1.9402273025735873e-08,0.0011040219286698487,4.794811999611826e-08,0.0006323066813000676,3.4616700666875567e-10,5.1260175611892305e-09,4.6014285580261686e-05,2.266236734096377e-05,1.7957422402121838e-06,0.03937590647760154
34,0.12622333874361763,2.9651534700320483e-05,7.233164392264805e-07,5.030288590790747e-06,0.000901808238768011,4.2753121915631526e-07,0.00010244502455466619,6.379501418181789e-07,0.010771826088156777,0.0003942429544703511,0.001378976297107363,2.992180854733687e-07,1.7674835003991896e-10,0.00012920642736176553,7.351055291649245e-05,1.0365766920365562e-08,0.0009769675310386976,7.425783001464445e-08,8.255548284512351e-05,1.2716613376323362e-09,5.0757605909599605e-08,0.00015689444610170254,0.000390083086039615,1.5776844946932135e-06,0.8583796607737378
35,0.858507238504125,5.856925146412507e-06,1.6060787763592013e-06,4.208040674089909e-06,0.00114605096789173,3.798774379848447e-08,3.119188411895298e-05,2.6592106283806014e-07,0.003390000597277311,0.00019354847583626808,0.0018633933646995174,7.267563133406354e-08,4.2589113018244283e-10,0.00015426443312366328,1.3402209332393773e-05,9.951609635122775e-09,0.00045025431094927027,3.476802117232047e-08,0.0001200399716115751,1.3981272123837864e-09,1.370032426539173e-08,1.5954957490920125e-05,0.0001183399142633219,6.271448558386561e-07,0.13398358539141597
36,0.8931762875972219,4.382527604089308e-06,9.692443862540235e-07,2.7700385050760796e-06,0.0005370564305966526,1.945217207050737e-08,4.3281215000381134e-05,6.000025823325621e-07,0.0028151013905109478,0.00010930592022792897,0.001267608123936792,1.1377305356372045e-07,3.627994411760247e-10,7.029035565689573e-05,9.52237092241997e-06,7.70264448369527e-09,0.0007465682509535287,2.432347999907283e-08,9.193790873509477e-05,6.695450214830091e-10,7.177110223116891e-09,3.9512141576723046e-05,3.286488498849103e-05,4.1462558837053063e-07,0.1010513535102016
37,0.9165453018795874,4.527050255067891e-06,1.2397327790406313e-06,3.05647565540498e-06,0.0007767820637291195,2.3022793245291276e-08,2.252431080822762e-05,2.705089550910883e-07,0.002897319380053649,0.00012502181432961758,0.0010690911282252601,4.411597503931519e-08,3.8010855868417323e-10,7.496912471506291e-05,7.510629812334452e-06,7.733438993349134e-09,0.000371512567207016,2.114342909564149e-08,0.000116488818783974,7.899271795621851e-10,7.66757490953452e-09,1.3197153203291637e-05,5.978705455523217e-05,4.4531808733192327e-07,0.07791085013601093
38,0.9064862585828966,6.128699218773135e-06,1.2801182053422455e-06,3.3872383969093092e-06,0.0008588482641116266,2.9212566363250393e-08,2.233603871413124e-05,3.587952687544774e-07,0.0042041682508090475,0.00014981490461746417,0.0012892705284321595,4.3896064272222564e-08,3.643915058166558e-10,6.161345550739907e-05,1.0010937416304802e-05,7.978478366101289e-09,0.0003806983123076236,2.239364382270822e-08,0.00014123788761435463,7.76197169909434e-10,7.745435545928976e-09,1.7208342346167184e-05,5.902892008037857e-05,3.9196111240342473e-07,0.0863078463961678
39,0.9055250004730226,1.45875536974154e-05,2.1982065779378357e-06,3.857556516153526e-06,0.0008349358407320084,7.26709776338835e-08,2.0285456515702905e-05,8.788287951629287e-07,0.006563281241744482,0.00014489603915160488,0.0009397875579048121,7.395811924319495e-08,5.472173630163664e-10,4.632805807946071e-05,1.6739749178549957e-05,1.8451207035294424e-08,0.0008205121067273209,4.074008663110484e-08,0.00035299326592502604,7.571562519163015e-10,2.375759673664398e-08,4.21841119696499e-05,7.105764446855755e-05,6.644015050752255e-07,0.0845995810251277
40,0.8996507987009024,6.117441672228243e-06,1.368329582365656e-06,2.9028460508252303e-06,0.0009964633132911948,1.987727501050809e-08,2.0669423876420513e-05,2.725119064901119e-07,0.003405720268408121,0.0001021689538951876,0.0013697433443676593,5.0141846115403154e-08,2.983399090994207e-10,8.002629960464858e-05,9.200453418707721e-06,6.380323432013463e-09,0.00030209382111523247,1.714859702396586e-08,0.00010823456757088978,7.248855971248718e-10,6.879795729433588e-09,1.484129333089698e-05,4.772296339029293e-05,3.0044530429801455e-07,0.09388125357124943
41,0.9274589430874907,1.5845797105531227e-05,1.654529876435248e-06,5.506342912588868e-06,0.0022129128383702973,3.293803394087643e-08,1.0067989864516049e-05,5.073984390067015e-07,0.00847934277037356,0.00012526513929688262,0.002793743200268257,2.7347722784035168e-08,4.150648907774741e-10,6.489269648863886e-05,1.98674909375798e-05,1.060295611095324e-08,0.0001547561589215575,3.247566708732023e-08,0.00024756588880825274,1.1389417752846357e-09,6.2160414596048904e-09,1.130249239221317e-05,4.5204567072730464e-05,1.5067952609216872e-07,0.05835235979742692
42,0.9189999816036133,2.649093500345252e-05,1.8101526090618791e-06,4.4435372763539005e-06,0.0007493670285596372,5.613686795347335e-08,1.238555708731637e-05,1.1110764246303931e-06,0.008591092493087673,0.00011017381999650283,0.000813256787323568,3.903545535329342e-08,3.9027305373965e-10,1.8158585694704587e-05,1.2282288666637487e-05,1.4567767579562905e-08,0.0006919938136505933,2.453415620762604e-08,0.000534044820585441,4.0376412541282814e-10,9.108161848713793e-09,6.796180702308843e-05,2.6347952923832904e-05,3.2179461481444577e-07,0.06933863176941318
43,0.9055537379033262,5.985234688963852e-06,1.2588275342926995e-06,3.2787970760885067e-06,0.0008650164659566698,2.688083466800221e-08,2.1610768984291142e-05,3.453623018268276e-07,0.004183846846792952,0.00014527799224293007,0.0012640482693121883,4.211220560665871e-08,3.4726314161709904e-10,5.94265301804874e-05,9.423805602015074e-06,7.334690930998749e-09,0.0003686172827147379,2.0434956264409193e-08,0.00013339945088681793,7.563032715642863e-10,7.156443822902981e-09,1.6593950173308125e-05,5.598183404196257e-05,3.695858342498724e-07,0.08731167606965241
44,0.9058597783532205,5.981683414297091e-06,1.263372827110891e-06,3.28596061393734e-06,0.0008647780847113743,2.7153112021594127e-08,2.164089553401965e-05,3.4813789007490933e-07,0.0042069775175901936,0.00014652969156966352,0.0012586191447455347,4.216009073561441e-08,3.49605575227642e-10,5.9047715383455686e-05,9.427433456355022e-06,7.39024279036749e-09,0.0003711927142447988,2.052415136155127e-08,0.00013424451600636424,7.579583320945265e-10,7.2198677625312415e-09,1.667041450563067e-05,5.6157722584417e-05,3.7225913663862056e-07,0.08698357882753721
45,0.9486397904794748,4.985734503937836e-06,1.3634458763305624e-06,2.9698319029240213e-06,0.0006360786096843653,3.421673580319084e-08,3.474532175437947e-05,1.1129095515871423e-06,0.004464368423581704,0.00019916311504119194,0.0009855574138893386,5.613240443961007e-08,7.441505045112228e-10,4.1181972778282634e-05,1.1783687135265186e-05,1.3217548516333477e-08,0.00039586210902200136,2.901565502510113e-08,0.00019051679761337032,7.991597635075081e-10,6.662209590960783e-09,2.2281374104287203e-05,3.312611494925879e-05,5.879486559791101e-07,0.04433438392261741
46,0.8346701641486812,1.4112595651263171e-05,1.6005050810752547e-06,4.291416697011713e-06,0.0016532837884079667,3.7179743854152736e-08,2.355297476545523e-05,4.1838874918310993e-07,0.007527264625751611,0.00018131941386085538,0.003011690773493143,5.900827531912153e-08,3.1815069077493274e-10,0.0001402064971339161,3.272398911977594e-05,8.382918710032852e-09,0.00020178803209626832,3.401835343913118e-08,0.00016051714896357378,1.2038439353745312e-09,8.86840139622318e-09,1.6594280034349537e-05,0.00010114155529612096,3.4814432321346205e-07,0.1522588327422067
47,0.972405085985892,1.861661367183562e-06,8.160927459560937e-07,1.7254902470365007e-06,0.0002557406496968453,9.951653539427628e-09,1.3192682202384414e-05,2.47272914260165e-07,0.0012795289196185183,6.436905061298755e-05,0.0002870681085147063,1.9952258886805265e-08,3.34554599285554e-10,1.7804154375683533e-05,1.6592329542991062e-06,5.6966219904472095e-09,0.00038443845662137544,7.289710518378917e-09,0.00010340615006567048,2.4318627888639325e-10,3.132017589611498e-09,1.0671290107709826e-05,1.4629835486326642e-05,3.2182445154877285e-07,0.025157386542121726
48,0.9439216053066263,5.222696467093535e-06,9.756247605175501e-07,2.0472839866709513e-06,0.0003967506228845697,3.446084063320766e-08,2.0109444125956867e-05,4.5684707599315285e-07,0.0030097549350567732,0.00014075322081399691,0.0002830481563360095,2.530470395862692e-08,5.425309980799124e-10,1.892170667881373e-05,3.382958382024902e-06,8.478771648016092e-09,0.0006979950921949168,1.7472131278147694e-08,0.0002664295911820874,3.9500104191498057e-10,4.661656888984596e-09,2.3764116928868126e-05,3.19900925952741e-05,8.845517747043545e-07,0.05117581643649316
49,0.889736005165472,9.121563641662169e-06,1.588519094016045e-06,3.612806738910076e-06,0.0009071663353533685,4.029594104149502e-08,2.4243316773733693e-05,5.161468575522618e-07,0.005569799565661544,0.0001683756938324055,0.0011743643457370382,5.556110416087029e-08,3.7948288207552403e-10,4.5481873932021335e-05,1.0714521650269714e-05,8.715439367097379e-09,0.0004995708193530367,1.9806141818652705e-08,0.0001783400170838927,7.059677638631587e-10,8.96273566886967e-09,3.1005374952789404e-05,4.730297785578914e-05,4.115631944740943e-07,0.10159224496600275
50,0.9164578274379092,4.350051487111033e-06,1.1890692854110975e-06,2.9551072815882715e-06,0.0007693579299361899,2.245925429933826e-08,2.3312537302462125e-05,3.3995047076142834e-07,0.003597137469534244,0.00014965708323756108,0.0011412794677318858,4.074560773084073e-08,3.6345600047211186e-10,5.647489309938645e-05,7.726016618485773e-06,6.786368276569674e-09,0.0003513601823857392,1.746856870790662e-08,0.00011257203259058987,7.406161942168867e-10,6.029108924827781e-09,1.4138106751237855e-05,4.889543058203397e-05,3.779690796970185e-07,0.07726095467173648
51,0.7335456205345277,0.00014184010786591464,1.6135644856941104e-06,1.6094933408980014e-05,0.0013051023592684677,9.535430263689133e-08,1.4175399210902817e-05,1.1641492257555832e-06,0.011535286326546471,0.00011125553771523903,0.004230678792773542,1.0607410319698137e-07,2.915322449219894e-10,8.73335319524794e-05,8.466434975209388e-05,1.381656348186554e-08,0.0003895147012594611,6.639633134315325e-08,0.0003552322310461263,9.285033816521429e-10,1.9158958965598246e-08,0.00013749057113385003,8.014949294304804e-05,2.2672079996832107e-07,0.24796225467578903
52,0.9255880463563266,5.340786930879596e-06,1.1366794808981634e-06,4.9274439520100515e-06,0.0011328046696936981,6.287682355232076e-08,2.0917015809364227e-05,8.198315495775528e-07,0.00613595158422614,0.00047407732220665014,0.0022206293113105637,6.12935279888622e-08,7.464433487718301e-10,7.694912406048291e-05,2.2035499154888563e-05,1.1507146432444208e-08,0.00028268466973489494,5.322761485263207e-08,0.00021645646170552235,1.812075470869755e-09,8.017767668967024e-09,1.6024993652383486e-05,6.30501061831815e-05,4.551766197693579e-07,0.06373749348600327
53,0.8539593701727347,2.408159588179422e-06,1.470593112037176e-06,4.094553275359377e-06,0.0013016770902687467,2.388223844600984e-08,6.16457194858085e-05,2.919641837527527e-07,0.0042981663268228405,0.0002266669180708456,0.002687581214123455,7.817756967231938e-08,4.2342880484936163e-10,0.0001597921241544395,1.200134199610552e-05,8.266135266457098e-09,0.00045619043185880065,2.8889101957940755e-08,5.1003421618448155e-05,1.8570152084903863e-09,1.3349606900082252e-08,1.0866122078178101e-05,0.00014789181991102437,4.837074361628788e-07,0.13661824347418489
54,0.9709408655000896,8.694279473634675e-07,1.564819110587978e-06,2.431968313218537e-06,0.0007847302916199444,1.539545236564848e-08,1.757987582692687e-05,3.4657960907959614e-07,0.002806806279249293,0.00021987139641982116,0.0012335953017247694,2.5765901277916095e-08,8.294687965964387e-10,3.8180173247452676e-05,3.5414411424022145e-06,8.948421074123073e-09,0.0004833581370879697,2.5805386536059603e-08,8.514782919360443e-05,1.6201251820012927e-09,8.359893720645587e-09,4.405840709004865e-06,5.7983197060826347e-05,3.516460520389833e-07,0.02331828357094703
55,0.8925512616153516,3.993385361804138e-06,1.214990107747282e-06,2.3921254691015066e-06,0.0011739285260416049,3.2623637655125306e-08,4.585161595947868e-05,6.258384820210212e-07,0.005012467957357164,0.00015760709072273579,0.0010238642013254294,1.0959720327124657e-07,6.186108901749208e-10,9.420759728186274e-05,1.0427269702857175e-05,1.0078265585195488e-08,0.00043151936073771834,2.7712849239826605e-08,0.00011526946274809695,1.0517328861581628e-09,8.013579700871914e-09,1.7204040203402798e-05,5.285724186051317e-05,5.847730118564236e-07,0.0993045332123959
56,0.9140390304153739,5.581997064099637e-06,1.2917657675521339e-06,3.2863175482594592e-06,0.0008254729864571097,2.7758857550396108e-08,2.2222296398730902e-05,3.778211327515305e-07,0.004052886503110991,0.000152302682519475,0.001181101190989452,4.3217745788360026e-08,4.037051541252234e-10,5.574923111990287e-05,8.837164357894196e-06,7.855172157840952e-09,0.00037960433094893175,2.0819070615965332e-08,0.00013631034952625557,7.974912901317886e-10,7.196778567176168e-09,1.6450079076965004e-05,5.34679798663674e-05,3.9817032263089563e-07,0.07906552066959767
57,0.9077206788895821,5.235555923180197e-06,2.3372560419584755e-06,2.5986566760886604e-06,0.0011753768861168558,2.9716374333790584e-08,2.495471713716139e-05,4.532117656032534e-07,0.005218156772749452,0.0001715696213519986,0.0010628026897731306,6.246372892708847e-08,4.953568591505073e-10,5.201601024976655e-05,7.492686779880548e-06,9.47442934423525e-09,0.00046582593405358074,1.526692434536756e-08,0.00014746806950510536,9.021842424228409e-10,9.233008373989628e-09,1.8301592528640783e-05,4.4640422774901425e-05,4.3213914775377285e-07,0.08387953133583653
58,0.9107914011257277,5.6748930514727155e-06,1.2618201131273253e-06,3.0157508815928083e-06,0.0007732170917080401,3.18499281436721e-08,2.411723475798203e-05,3.905028472462062e-07,0.003957000456233982,0.00016841413385532779,0.0009287174361876395,4.457118535696032e-08,4.5189898043663294e-10,5.5550915445759326e-05,8.436618100732364e-06,8.152258276125771e-09,0.0004225124507812631,2.2348186871799134e-08,0.0001499792021663916,7.905933929062071e-10,7.532289331169298e-09,1.7323848177454666e-05,6.0305718684018946e-05,5.636926283016777e-07,0.08263200141231158
59,0.9162118061968184,5.27350477480494e-06,1.4099214199019846e-06,2.969255137361146e-06,0.0007967324510478971,2.8113916525481985e-08,2.3668478954484117e-05,3.8058674398316023e-07,0.0038276783024998387,0.00015566204966488352,0.0009703289270918406,4.401659644221186e-08,4.492278992503197e-10,5.5218352358443196e-05,7.88475322540857e-06,8.285840126843871e-09,0.00041850799212080287,2.0477269133875875e-08,0.00014106217731880033,8.062973351649992e-10,7.694623615424392e-09,1.6159134632775854e-05,5.6429816840687285e-05,5.102808433769196e-07,0.07730820797473519
60,0.9058597783532205,5.981683414297091e-06,1.263372827110891e-06,3.28596061393734e-06,0.0008647780847113743,2.7153112021594127e-08,2.164089553401965e-05,3.4813789007490933e-07,0.0042069775175901936,0.00014652969156966352,0.0012586191447455347,4.216009073561441e-08,3.49605575227642e-10,5.9047715383455686e-05,9.427433456355022e-06,7.39024279036749e-09,0.0003711927142447988,2.052415136155127e-08,0.00013424451600636424,7.579583320945265e-10,7.2198677625312415e-09,1.667041450563067e-05,5.6157722584417e-05,3.7225913663862056e-07,0.08698357882753721
61,0.9130163550362052,5.3392310868060035e-06,1.3855860255975853e-06,2.9000210980979596e-06,0.0008184203593250407,2.7092157758183803e-08,2.23590197166076e-05,3.541573499125799e-07,0.003938558317995272,0.00015122597837110037,0.001024009152043544,4.312735965738854e-08,4.0617419180782557e-10,5.538207509863272e-05,8.059133433122368e-06,7.720524872437478e-09,0.00039609262377494355,1.922495945608992e-08,0.0001371001348289903,7.686187244266577e-10,7.446368269710818e-09,1.5803414434173615e-05,5.578125609300341e-05,4.564768851001789e-07,0.08035031224007179
62,0.9058597783532205,5.981683414297091e-06,1.263372827110891e-06,3.28596061393734e-06,0.0008647780847113743,2.7153112021594127e-08,2.164089553401965e-05,3.4813789007490933e-07,0.0042069775175901936,0.00014652969156966352,0.0012586191447455347,4.216009073561441e-08,3.49605575227642e-10,5.9047715383455686e-05,9.427433456355022e-06,7.39024279036749e-09,0.0003711927142447988,2.052415136155127e-08,0.00013424451600636424,7.579583320945265e-10,7.2198677625312415e-09,1.667041450563067e-05,5.6157722584417e-05,3.7225913663862056e-07,0.08698357882753721
63,0.8928278183123325,9.18515485113982e-06,1.301949928598145e-06,3.7057462550576543e-06,0.0009054725082246244,3.275968458036626e-08,1.974749873404788e-05,3.729713976850038e-07,0.004880909657205204,0.00014135899009755116,0.0013374877946054368,4.244739952276622e-08,3.391248016626345e-10,5.720014349012644e-05,1.169178863913044e-05,7.701921857305258e-09,0.00037534586470746114,2.3085918160830466e-08,0.0001638675185732489,7.409823566274966e-10,7.918860218036005e-09,2.1124119256639028e-05,6.059073070273366e-05,3.6931414151275325e-07,0.09918233494296584
64,0.8994492815141382,6.5404728049284696e-06,1.6706015088734404e-06,3.467467537011834e-06,0.0008999488821835902,3.0273912676000996e-08,2.0739757253764766e-05,3.483300457682402e-07,0.0043441465138070595,0.00014550691489566067,0.0013285197984838975,5.168668682809123e-08,3.6419966001254055e-10,6.532927789698709e-05,1.0552670593230542e-05,8.554091892339053e-09,0.00044742961457889033,2.1746214731193777e-08,0.00013317706970055767,8.55442254622872e-10,1.1930090481128932e-08,1.8175335466901065e-05,7.234724550503446e-05,4.104708505012533e-07,0.09305228265211095
65,0.6183590752366104,3.960945006461045e-05,1.8239537059628068e-06,5.7784684935154795e-06,0.0013703141059654784,1.0795845517691063e-07,2.8450526350388202e-05,3.0665430124566957e-07,0.006435177090243138,0.0001260962894910168,0.0013340893323917317,1.0797489546083845e-07,3.461259219741216e-10,0.0001630489964564886,3.119447295494644e-05,1.3040031126959262e-08,0.0007561910747376565,6.879285809399808e-08,0.0002450453007411343,1.2719857606972922e-09,4.005155630728077e-08,5.44142852913846e-05,0.0002878325353827089,1.069308401283422e-06,0.3707601434825089
66,0.9320316473482539,3.244946028235285e-06,1.3416832766905994e-06,2.728280343851254e-06,0.000901845876204651,1.9951248996513445e-08,2.307492875131622e-05,2.981426901544718e-07,0.0035160181649304136,0.0001429985117350979,0.0010108317429186515,3.385441532950492e-08,4.110139140895866e-10,4.8595585218590586e-05,5.256941417529958e-06,6.951478512899196e-09,0.0003359158089004338,1.4512316457462935e-08,0.00010718311042439933,7.756593558322397e-10,5.423736986908711e-09,1.0699328248024658e-05,4.162254669185983e-05,3.383380322085024e-07,0.06181627683606432
67,0.8223258070192199,1.1942920337537351e-05,1.4185115999871876e-06,4.4418570164009605e-06,0.0009334312960157205,5.4570654918506476e-08,2.6742831634054118e-05,3.4149166290382366e-07,0.005004286194593176,0.00016530672144814875,0.0014279119914434124,6.311337211417566e-08,3.6638289934668264e-10,8.882155688789189e-05,1.5714847649434573e-05,9.5578923042157e-09,0.0005885600158119321,3.6572446383742316e-08,0.00018288697343203232,9.976799328796716e-10,1.4672094154482488e-08,2.9428263084852372e-05,0.00012165521100929139,6.26536658091147e-07,0.16907049590997228
68,0.7408489760893527,1.3031568128858809e-05,2.1231417271670543e-06,5.73946911824483e-06,0.0015932530780707517,2.0476872113842408e-07,9.693361485298932e-05,2.408652511555527e-06,0.008324911356462171,0.0005034436193570249,0.0030422970307730623,5.324829786473389e-07,1.1225436044063285e-09,0.0002500887801485481,8.932030978796486e-05,2.2946725022928936e-08,0.0009826486479323868,1.53317741245876e-07,0.00017957471849109694,3.3074163466602597e-09,6.507829094673223e-08,7.107789969303411e-05,0.00019698465746039584,1.6734666240226607e-06,0.2437945308750911
69,0.7451512091403879,9.41258212872976e-06,1.5085112709446864e-06,7.351197473583647e-06,0.0017011889407847977,3.741063343543583e-08,2.1928439626658615e-05,4.577983660146515e-07,0.011688324051262775,0.0002990340993629706,0.013034988413674564,7.648408412103648e-08,2.5076337998183437e-10,0.00010475297883907165,5.782703575421029e-05,5.138498950327808e-09,0.0005082386837398479,6.011605288367353e-08,6.783808702978371e-05,2.935566779217387e-09,2.574978967335322e-08,2.4686628242549614e-05,0.0002451174998677915,1.346917761888543e-07,0.22707579313502255
70,0.8894235120868753,6.383237649168658e-06,1.7261242941987132e-06,4.601104276083075e-06,0.0012736569576919405,3.483126019496043e-08,2.5439860022144888e-05,3.8953588412993367e-07,0.006515655690645187,0.0001892826997680129,0.0020455353974024983,4.5130044401607485e-08,3.373921366914767e-10,6.607843979165244e-05,1.2114506449468408e-05,8.92560441871551e-09,0.00032884800774594713,1.92338134907585e-08,0.00012827663338727582,9.732437324355714e-10,8.978571114036445e-09,1.6001359629092756e-05,6.44654366973738e-05,2.715302993885983e-07,0.09989764298156163
71,0.9282408949033284,2.0425609130960367e-06,1.076149290904362e-06,2.4009220588130427e-06,0.0007792974701106058,1.8679265140381586e-08,3.8168446319661145e-05,3.379047988298132e-07,0.0033920539209586348,0.0001818838691760207,0.0008229861800207266,3.767596802067773e-08,4.371079907515935e-10,4.758064524020183e-05,4.3593983214390005e-06,6.05948076253862e-09,0.00035095975806847423,1.2074942764864445e-08,7.67501157970016e-05,7.655053693489526e-10,4.254512948663648e-09,1.036201406107962e-05,3.9896316835859285e-05,4.440973109342795e-07,0.06600842538060646
