,0,1,2,3,4,5,6,7,8,9,10,11,12,13,14,15,16,17,18,19,20,21,22,23,24
0,6.663789626050181e-12,0.00023180295915502708,1.3266419277088904e-06,0.00012049260222116235,0.9650345373678091,0.030502083407079435,5.876472707746656e-09,5.544401283139713e-09,2.3932883771509212e-05,0.00047419401029414324,1.543314293590864e-05,1.9441686437280274e-09,1.1192014384942437e-08,0.003583651980677061,1.0983791661362533e-06,2.2909258784505716e-08,7.712049163414325e-13,8.28672890419289e-08,1.7167802346804164e-06,2.7663392395691823e-10,9.205932780407865e-06,7.638145812891717e-08,1.7626446843400901e-07,5.022126594608699e-10,1.401461346603453e-07
1,6.304331080934774e-12,0.00017224100003856383,2.1679192064552773e-06,8.131847011886481e-05,0.9497697406059792,0.046408582173803496,7.505301046274687e-09,7.3339508416177625e-09,7.425265730145974e-05,0.0006602252851502053,1.5864455967457313e-05,1.6979100850847805e-09,1.0189158207690485e-08,0.0028025652666079388,1.5200466802275412e-06,4.665967987262973e-08,4.898781892881884e-13,4.286100145271433e-08,3.555719853544615e-06,4.1576792202509964e-10,7.572908607164707e-06,6.811297909235682e-08,8.353748670410406e-08,3.5886487407488166e-10,1.2481179111409182e-07
2,1.319540006756963e-11,0.0002561290346987241,1.4882934296054723e-06,0.0001160329382338341,0.9526374705692657,0.042197422806336156,9.857288999093196e-09,8.583198452318977e-09,3.256152927476889e-05,0.0005378927424693225,1.921313914998774e-05,3.0267891261366874e-09,1.336808540829024e-08,0.004184536057038752,2.647576364274779e-06,4.889383189462401e-08,1.5441270640548347e-12,8.368860229376245e-08,3.1904883329804083e-06,4.2635861646218566e-10,1.0564270351441733e-05,1.5696036802057214e-07,3.2698842216472063e-07,6.290879399260504e-10,1.9811828170463624e-07
3,6.384486251751471e-12,0.00018242532841628974,1.4874143167920251e-06,9.42140214939456e-05,0.963557028959743,0.03261759147035,5.637118936918573e-09,4.968501809871314e-09,2.6772868654897318e-05,0.0003964026011249154,1.6544362854686865e-05,1.958415628567264e-09,1.1339223351015696e-08,0.0030974123503240076,1.0166435324060986e-06,2.240542419439047e-08,6.450581716050378e-13,6.936156006538688e-08,1.6384908735658607e-06,2.7019916092548895e-10,7.049002289402593e-06,6.292565353977355e-08,1.3277803564127652e-07,4.4899610251711355e-10,1.0438586824519206e-07
4,5.4147764354523415e-12,0.00017370183647496358,1.488638226579359e-06,8.398446787438342e-05,0.9692561891453976,0.02693729940367945,4.846496363046287e-09,3.932674852600565e-09,2.2692698802807116e-05,0.0003365873698953888,1.385172976569487e-05,1.819354251844562e-09,1.4123208631038553e-08,0.0031667956993184036,7.767926102129791e-07,1.6751311998203886e-08,5.75704539411868e-13,6.019953966460025e-08,1.2916315631150848e-06,2.3632424559808095e-10,5.001428165248172e-06,5.304392157699715e-08,1.0500535002108307e-07,4.184824237302083e-10,7.8775571761535e-08
5,4.937329020745858e-12,0.00016870141412428822,1.1367011001784468e-06,0.00011836724727864415,0.9678356644262186,0.028453243316348204,4.521665198735124e-09,4.431563103514829e-09,1.6590458634059714e-05,0.0003837571123201248,1.4674704266047156e-05,1.718687298677595e-09,1.1237035774236828e-08,0.002998298679231211,6.606948462803651e-07,1.7006789725598804e-08,5.957775923672403e-13,8.920019954274994e-08,1.1104904251371553e-06,2.4492280254866106e-10,7.373188775188168e-06,4.998573441158913e-08,1.527607845687631e-07,4.5506125002598217e-10,8.99984554360165e-08
6,6.384486251751471e-12,0.00018242532841628974,1.4874143167920251e-06,9.42140214939456e-05,0.963557028959743,0.03261759147035,5.637118936918573e-09,4.968501809871314e-09,2.6772868654897318e-05,0.0003964026011249154,1.6544362854686865e-05,1.958415628567264e-09,1.1339223351015696e-08,0.0030974123503240076,1.0166435324060986e-06,2.240542419439047e-08,6.450581716050378e-13,6.936156006538688e-08,1.6384908735658607e-06,2.7019916092548895e-10,7.049002289402593e-06,6.292565353977355e-08,1.3277803564127652e-07,4.4899610251711355e-10,1.0438586824519206e-07
7,9.77914587208933e-12,0.0003985833779614767,3.802992100081445e-06,0.00011177670168753805,0.9642098910067536,0.0305611801600172,1.2458008264690028e-08,4.9245303434618464e-09,5.947219184927103e-05,0.00028440403090377643,4.436371802184321e-05,2.654808704432572e-09,4.609109628929935e-08,0.0043191467542563365,1.1331811125018896e-06,1.2047352122949148e-08,6.680272305471256e-13,9.64652540336593e-08,1.352805230990856e-06,5.287933829022693e-10,4.483260796427438e-06,5.275282694691459e-08,8.9538811213201e-08,8.971173206601877e-10,9.145026294819281e-08
8,5.28551959915281e-12,0.00019970690335983397,1.7006461459938264e-06,0.0001727906742049179,0.9817363420537383,0.013319730592075075,5.197361906630673e-09,6.0410506848490825e-09,1.7108247663470765e-05,0.0006395617884245894,4.529386730001181e-06,1.148120170532058e-09,1.16966981947244e-08,0.00389907066230075,7.501057404082252e-07,2.7090227222870696e-08,7.224505080772526e-13,4.0623072100086494e-08,1.171093812728002e-06,2.22196484952797e-10,7.010175284744389e-06,3.9711620699454115e-08,1.7666208819027504e-07,7.312257253384719e-10,2.1854084994264024e-07
9,3.4947723675213513e-12,0.00020698304525696497,3.0021009257063915e-06,0.0001392109025314055,0.9881967852494653,0.008236499782686419,4.201011351345759e-09,4.649410080340652e-09,2.618917897100863e-05,0.0003960470891659082,5.241961712844116e-06,9.078210897608523e-10,1.88610014706341e-08,0.002784889369871201,4.66944718644378e-07,1.0271731650078047e-08,4.717611393344806e-13,3.1171267668429655e-08,6.868425404623154e-07,2.122010115034456e-10,3.706533058672425e-06,1.8471248401568983e-08,6.056244940484824e-08,9.028484425250134e-10,1.4078413852354008e-07
10,6.384486251751471e-12,0.00018242532841628974,1.4874143167920251e-06,9.42140214939456e-05,0.963557028959743,0.03261759147035,5.637118936918573e-09,4.968501809871314e-09,2.6772868654897318e-05,0.0003964026011249154,1.6544362854686865e-05,1.958415628567264e-09,1.1339223351015696e-08,0.0030974123503240076,1.0166435324060986e-06,2.240542419439047e-08,6.450581716050378e-13,6.936156006538688e-08,1.6384908735658607e-06,2.7019916092548895e-10,7.049002289402593e-06,6.292565353977355e-08,1.3277803564127652e-07,4.4899610251711355e-10,1.0438586824519206e-07
11,6.602343363638525e-12,0.00019280897099472862,1.5235154589094134e-06,9.382883368641006e-05,0.9647100672406482,0.031365773544490626,5.662818761796419e-09,4.802041365024755e-09,2.615316333939219e-05,0.000384530251694842,1.654985150208567e-05,2.038429850417712e-09,1.3519732726628678e-08,0.00319941432326782,9.6891865534941e-07,2.0713144085480746e-08,6.817283382265392e-13,7.260050023122041e-08,1.540696897937914e-06,2.7670421044168883e-10,6.426333356709287e-06,6.308635032328505e-08,1.3125671638355182e-07,4.770522310602681e-10,9.991523257519802e-08
12,9.093143473920984e-12,0.00027986980929168225,4.227778676625197e-06,0.00013375372324892268,0.9433970938457537,0.05239797856414902,1.506477179420343e-08,1.2894337040666033e-08,0.0002450816711509732,0.0006655511432867808,4.1887474190138816e-05,1.8313898564997344e-09,1.2892821496050387e-08,0.0028139236769273556,3.300228563991064e-06,3.9687388674294555e-08,5.554103370408905e-13,4.9095240618364936e-08,5.4174134447918564e-06,6.900412260090151e-10,1.1383720540560835e-05,6.064080022589209e-08,7.640072434773626e-08,5.978555061063351e-10,2.611457562176521e-07
13,8.693616101575052e-12,0.00012558590028289565,2.724073939019194e-06,6.875302460255523e-05,0.9772531429213939,0.018686827516062383,5.158829132732451e-09,5.907567801212952e-09,3.727672605050841e-05,0.00011045964839565655,4.587797691528289e-05,6.513673449188064e-09,1.3879052247111823e-08,0.003659560651275423,1.166191176316622e-06,8.946728132950488e-09,1.0671061965753914e-12,5.2170220483582836e-08,2.254683102905974e-06,2.5956557746453836e-10,6.0623732284778185e-06,7.802406760604871e-08,6.768810478941608e-08,2.8733374981681836e-10,6.946867097847478e-08
14,1.1882969066356033e-11,0.00015886854654004992,1.96184804179919e-06,0.00011185829046687299,0.956786146559429,0.03840541054454162,8.180849562781077e-09,6.54777654896888e-09,2.994619816764252e-05,0.0003574122402833183,2.085907507630753e-05,3.4200339308427376e-09,1.124884494147393e-08,0.004114298495692195,1.4148201377358985e-06,3.524138830493848e-08,9.402538460900176e-13,8.516041124166025e-08,2.213715001462729e-06,3.599912463771408e-10,9.004030582981587e-06,8.531462156521785e-08,2.071673955960297e-07,5.047741666006661e-10,1.6247712871157832e-07
15,6.384486251751471e-12,0.00018242532841628974,1.4874143167920251e-06,9.42140214939456e-05,0.963557028959743,0.03261759147035,5.637118936918573e-09,4.968501809871314e-09,2.6772868654897318e-05,0.0003964026011249154,1.6544362854686865e-05,1.958415628567264e-09,1.1339223351015696e-08,0.0030974123503240076,1.0166435324060986e-06,2.240542419439047e-08,6.450581716050378e-13,6.936156006538688e-08,1.6384908735658607e-06,2.7019916092548895e-10,7.049002289402593e-06,6.292565353977355e-08,1.3277803564127652e-07,4.4899610251711355e-10,1.0438586824519206e-07
16,7.084393638268936e-12,0.0002467808276055921,1.0856467730943645e-06,0.0001661960464517148,0.9440576622526394,0.05034789689699129,7.519626936748145e-09,8.173983164015905e-09,2.2769732386294093e-05,0.0010514294577390682,1.8101999686474333e-05,2.347567150975825e-09,9.021012994081226e-09,0.004060704357549876,9.86006642164507e-07,4.5784219282798495e-08,8.103561246241437e-13,1.5175400830397098e-07,2.3713576077775677e-06,4.2023582379086864e-10,2.3314705122687948e-05,1.1093255120605579e-07,2.1966553926821388e-07,4.6058159793744496e-10,1.446255840284771e-07
17,6.469585262030532e-12,0.00019450290695087808,1.5858566894775812e-06,7.024481507107468e-05,0.9587369086746699,0.0381198561649742,5.939049147375587e-09,5.431666210244522e-09,3.987463866491495e-05,0.00043162402574466283,1.9293106427869298e-05,1.735211993745699e-09,9.656671094182979e-09,0.0023747302055817554,1.5093459503401864e-06,2.6010835131334722e-08,6.589175664940047e-13,5.731653027534624e-08,2.1501354220484337e-06,2.6570799502774453e-10,7.336934017851841e-06,7.107976862282543e-08,1.0589918546832707e-07,4.6214789933510737e-10,9.93859326416896e-08
18,1.8062891085101416e-11,0.00031903614227449327,2.14034337352845e-06,0.00013024467351366547,0.967009321754099,0.02627462405282492,8.801384007405676e-09,6.0860954293411846e-09,1.8378680921896537e-05,0.0005138136865466148,1.5268175279526106e-05,4.968626735683936e-09,1.786839231837913e-08,0.005699145176594643,1.293364842730386e-06,3.0846288713796434e-08,2.0082909497194144e-12,1.9346751179340506e-07,1.4748229796969775e-06,2.996581858680839e-10,1.4274078959353888e-05,1.4544684523501878e-07,3.033813873592001e-07,1.1836911787127924e-09,2.7267783780444044e-07
19,2.286740202307459e-12,9.876806718518615e-05,1.5278649334736758e-06,5.4369997711030845e-05,0.9817330961145505,0.015664499050056506,2.1408933979023836e-09,2.896280715054049e-09,2.1954193629897394e-05,0.00023909937780935918,7.5480344768125855e-06,1.3854394349452812e-09,1.1303691004077589e-08,0.0021751820604365897,3.932899667344964e-07,8.382651346353406e-09,3.147343650738515e-13,2.6157062202901128e-08,8.446985668018256e-07,1.5483109341666173e-10,2.5561381672622342e-06,3.1010040301059455e-08,3.505099144712295e-08,2.2893226231159015e-10,4.2399095247750694e-08
20,3.806657547911491e-12,0.00018220199745722567,1.0455365392108535e-06,7.567037488532211e-05,0.9784038864840052,0.01854787589561173,3.242039019524452e-09,7.146627777439426e-09,2.3144365018350063e-05,0.0004270702012971833,1.0255538349290285e-05,1.6337335152704497e-09,8.035329181017703e-09,0.0023178793285610786,1.157206307894351e-06,1.6295181209107966e-08,9.456874027462458e-13,4.573478440540498e-08,1.883058962863197e-06,2.0957590500138762e-10,7.548790983476216e-06,1.0751155445531372e-07,1.044528217668601e-07,3.847364343406088e-10,8.657088527456362e-08
21,1.041504995878492e-11,0.00014641767257575323,1.9816606474257498e-06,0.00012851554316155582,0.9479738811919567,0.0460287671250791,9.52843312758641e-09,4.256327520296753e-09,1.8030496944322635e-05,0.0004966074466112244,1.6375251258063924e-05,4.09483272083262e-09,2.1866929775381405e-08,0.005179511622736564,6.675100128064879e-07,4.858486640527683e-08,6.065249304938176e-13,1.049875197645755e-07,1.346028543255641e-06,4.719769355823695e-10,7.33739404905409e-06,5.217724464556412e-08,2.1115447945364454e-07,4.952359790391165e-10,1.0342755618441877e-07
22,1.0441804851643401e-11,0.0001595293523730046,1.8158847597608322e-06,9.988571505883625e-05,0.9533883571410039,0.042678292812535656,7.286821622071374e-09,6.966658157427906e-09,2.4817005338226463e-05,0.00040597232892391225,2.697141280518038e-05,3.1714106281216768e-09,9.884368995581669e-09,0.0031982540561442756,1.043219628481203e-06,3.205870460135226e-08,1.0628580149697968e-12,1.3455177011755416e-07,1.847160776444201e-06,3.7278008641927153e-10,1.2652121847198625e-05,9.324077984102068e-08,1.7525908434482715e-07,5.693030623908787e-10,9.841561911154211e-08
23,6.384486251751471e-12,0.00018242532841628974,1.4874143167920251e-06,9.42140214939456e-05,0.963557028959743,0.03261759147035,5.637118936918573e-09,4.968501809871314e-09,2.6772868654897318e-05,0.0003964026011249154,1.6544362854686865e-05,1.958415628567264e-09,1.1339223351015696e-08,0.0030974123503240076,1.0166435324060986e-06,2.240542419439047e-08,6.450581716050378e-13,6.936156006538688e-08,1.6384908735658607e-06,2.7019916092548895e-10,7.049002289402593e-06,6.292565353977355e-08,1.3277803564127652e-07,4.4899610251711355e-10,1.0438586824519206e-07
24,8.963179413266931e-11,0.00024048890647821025,5.976621306987964e-06,5.61823940458459e-05,0.8902169546522083,0.10651155242067324,3.752835237932763e-08,1.9830614537392864e-08,0.00017996113253561675,0.00048664496077251195,0.00010483619281771672,7.916623912605136e-09,9.442860142100562e-09,0.002147202299483978,1.8661555030270645e-05,1.880580889915826e-07,5.264557219422833e-12,1.330415806597344e-07,7.757371751479982e-06,6.863064457604294e-10,2.219165900453333e-05,2.9186177618691455e-07,4.3505417804564834e-07,2.6056873070954464e-09,4.6371292628238156e-07
25,4.9594172991045e-12,0.00022875810167004743,8.940541839808262e-07,3.6877350940041634e-05,0.9382388796890141,0.05832531433557931,2.883560369772641e-09,1.7091807625529852e-09,3.077419082864969e-05,0.0007722512041389014,4.704486922580473e-06,8.560266194787807e-10,6.510038073031356e-09,0.0023543593364195284,1.3995273478925191e-06,3.196237177862327e-08,3.6512555999362274e-13,4.15067528353317e-08,1.2651433496192116e-06,1.0282722418681092e-10,4.130138775833486e-06,8.087344874213018e-08,9.177206809505372e-08,3.1172928137995085e-10,1.3394750115573563e-07
26,1.2145347277698979e-11,0.00022103731215341967,2.754597369557218e-06,9.486227342406571e-05,0.9724121625004193,0.024560574253729584,6.726715816510089e-09,5.6896063604488556e-09,2.5609522276498977e-05,0.0003175781223483484,2.1515894736863016e-05,2.5049264540330966e-09,1.906343485637374e-08,0.0023345706767852682,9.913417129550242e-07,1.7128276293732406e-08,1.4749637603243693e-12,1.4511478597827911e-07,8.18832273678563e-07,2.9497124675828047e-10,6.986216742046033e-06,6.009885600251796e-08,1.6186690128480844e-07,1.6119649513718025e-09,1.183419689261349e-07
27,9.842441269243437e-12,0.00024169239897500806,2.0521892799867377e-06,0.00010105944082486333,0.9378291040369962,0.05804885055584977,8.378693660009793e-09,1.0025731272822574e-08,8.102878001133652e-05,0.0007360527362877361,1.9659770737086423e-05,2.053971757853622e-09,9.37213558562251e-09,0.0029233560257937636,2.489277326451386e-06,4.402250436769772e-08,8.850085114430519e-13,7.835290231553167e-08,3.2535771156378016e-06,4.934658604950332e-10,1.0734541947296299e-05,1.4115311726973089e-07,1.4866024405545757e-07,5.527845450671066e-10,2.235925765820502e-07
28,6.384486251751471e-12,0.00018242532841628974,1.4874143167920251e-06,9.42140214939456e-05,0.963557028959743,0.03261759147035,5.637118936918573e-09,4.968501809871314e-09,2.6772868654897318e-05,0.0003964026011249154,1.6544362854686865e-05,1.958415628567264e-09,1.1339223351015696e-08,0.0030974123503240076,1.0166435324060986e-06,2.240542419439047e-08,6.450581716050378e-13,6.936156006538688e-08,1.6384908735658607e-06,2.7019916092548895e-10,7.049002289402593e-06,6.292565353977355e-08,1.3277803564127652e-07,4.4899610251711355e-10,1.0438586824519206e-07
29,6.384486251751471e-12,0.00018242532841628974,1.4874143167920251e-06,9.42140214939456e-05,0.963557028959743,0.03261759147035,5.637118936918573e-09,4.968501809871314e-09,2.6772868654897318e-05,0.0003964026011249154,1.6544362854686865e-05,1.958415628567264e-09,1.1339223351015696e-08,0.0030974123503240076,1.0166435324060986e-06,2.240542419439047e-08,6.450581716050378e-13,6.936156006538688e-08,1.6384908735658607e-06,2.7019916092548895e-10,7.049002289402593e-06,6.292565353977355e-08,1.3277803564127652e-07,4.4899610251711355e-10,1.0438586824519206e-07
30,6.384486251751471e-12,0.00018242532841628974,1.4874143167920251e-06,9.42140214939456e-05,0.963557028959743,0.03261759147035,5.637118936918573e-09,4.968501809871314e-09,2.6772868654897318e-05,0.0003964026011249154,1.6544362854686865e-05,1.958415628567264e-09,1.1339223351015696e-08,0.0030974123503240076,1.0166435324060986e-06,2.240542419439047e-08,6.450581716050378e-13,6.936156006538688e-08,1.6384908735658607e-06,2.7019916092548895e-10,7.049002289402593e-06,6.292565353977355e-08,1.3277803564127652e-07,4.4899610251711355e-10,1.0438586824519206e-07
31,3.1770711434497536e-12,0.00012925025688194754,1.4490984999901423e-06,8.399366101615297e-05,0.9865339051185469,0.010445118139570346,2.2006550168784254e-09,4.320911907572409e-09,1.2037785848792529e-05,0.0002775283127479545,5.749848838542122e-06,1.4354291358535623e-09,1.0190321069534793e-08,0.0025052053943118236,3.136381488002522e-07,1.0005210385341698e-08,4.893617235764198e-13,4.666360838643007e-08,7.702538165768941e-07,1.701267043976601e-10,4.4374601219390325e-06,3.364276416521213e-08,6.483385163059881e-08,4.2598111436483775e-10,6.713912449076617e-08
32,6.713889985354052e-12,0.0001881600375011795,1.5158828630449577e-06,9.003445176103776e-05,0.9618868691531193,0.034252768009837044,5.85399615498711e-09,5.571733393595497e-09,3.157293837586631e-05,0.00042878150583984526,1.6765059056957163e-05,1.9975101722092077e-09,1.074455435912175e-08,0.0030922238120933924,1.1839859168778046e-06,2.5551222135701643e-08,6.860792597069557e-13,6.557113217775689e-08,2.067727056562209e-06,2.867510401962347e-10,7.6293575970046294e-06,7.321147546450592e-08,1.276352438353192e-07,4.2681907608652024e-10,1.1122114384901636e-07
33,5.83137830307259e-12,0.00018444909864029227,1.2440033623128669e-06,8.412459697105725e-05,0.9679155482784535,0.02829126506628946,4.737482757518416e-09,4.43923492885716e-09,1.955664992608127e-05,0.0003563667885053991,1.4282534670565497e-05,1.9208075894274925e-09,1.1822227454163257e-08,0.0031242723732648682,8.703877959183645e-07,1.9505666947002534e-08,6.75302485962388e-13,6.838315624551948e-08,1.4616683234335035e-06,2.41659213006905e-10,6.162932678412458e-06,6.943244217634293e-08,1.3240432263633536e-07,4.1853182377167744e-10,8.230908013278172e-08
34,1.5094486181726108e-11,0.00031268363808169546,4.69877751081565e-06,7.235955590005003e-05,0.9222139128740758,0.0730826532479994,1.4415501129549285e-08,8.82338148481066e-09,0.0003198077813571812,0.0006616117664888871,3.20460799800626e-05,1.9814538382358952e-09,1.3522686775749446e-08,0.0032809504774260877,4.224935498884193e-06,4.8311045826924014e-08,5.734154232901696e-13,5.0498794710033363e-08,6.405786319654302e-06,5.14373732351606e-10,8.06058422181265e-06,9.292669794440563e-08,6.014040708863149e-08,5.523928601128925e-10,2.9279273651441813e-07
35,1.8531758497435824e-11,0.0004299542630895063,3.5805703082561452e-06,0.0002936385366229703,0.9375499595676968,0.056243964490036144,1.1691285398768204e-08,3.035280454996648e-08,0.0001862043679885725,0.001930099552464849,2.7645982748660628e-05,3.848539955706019e-09,1.5440620139872427e-08,0.003297244686935041,1.3611289906872894e-06,4.031414907178143e-08,1.544775123714574e-12,3.5723822587911115e-07,5.571708655130174e-06,1.1684069960271307e-09,2.9323501978511652e-05,1.865217520337023e-07,1.0600983456754848e-07,1.1000747793835448e-09,6.979367150079009e-07
36,4.1606404192281136e-12,9.304306775805727e-05,1.5241842093398732e-06,3.594892531000369e-05,0.9922510211172372,0.005220488640119456,1.386153264402865e-09,4.20837543779977e-09,1.7919463410906917e-05,0.00019744735663245708,2.8187694830293784e-06,2.897015084235918e-09,1.0791517586601237e-08,0.0021741999955487926,7.412250110830352e-07,1.2861252488255537e-08,1.1619092157852813e-12,1.146962986654786e-08,1.9403140720255983e-06,9.143717558152711e-11,2.6792605705539932e-06,5.3158666262609164e-08,3.614752773423543e-08,2.7140722928676596e-10,9.439233225350926e-08
37,2.4033679257372075e-11,0.0002170883042629852,2.9964449268688114e-06,8.93914423742669e-05,0.9630534127662439,0.028906083557818204,1.0708382416708969e-08,3.262698774703292e-09,1.4630553404176567e-05,0.00018291561431103617,2.47959203306204e-05,4.816469903565902e-09,1.9275955802711e-08,0.007499343516251289,7.782984299822117e-07,2.4524486636516134e-08,8.405580650314067e-13,1.447679345168581e-07,1.2675688919730014e-06,2.7224428996365897e-10,6.7239337852688095e-06,6.704602700220627e-08,1.8285477420758102e-07,7.385851440961762e-10,1.1378653639290987e-07
38,4.3925109086912013e-11,0.00026382297915164863,2.1643544277228744e-06,9.25343194075589e-05,0.7906004744073347,0.20274829811407075,4.181189842096155e-08,6.7964866935542684e-09,4.8599197765279305e-05,0.0006829862951135025,7.534248010615413e-05,5.0052634865901305e-09,1.364100428854225e-08,0.005456764452106264,4.761687108215376e-06,1.9043469410006207e-07,1.1671436569312516e-12,2.2400100438779128e-07,4.6603046490709715e-06,7.716742937701369e-10,1.8095829285239222e-05,1.903638686109541e-07,6.337343072872625e-07,8.280350442802976e-10,1.881461450305934e-07
39,6.738307633627671e-12,6.24156356346278e-05,1.3624589176497654e-06,0.00011705893453002723,0.9465980805695007,0.05033839214805673,4.7813984318253766e-09,1.0704758831944076e-08,2.684149878342046e-05,0.0006075498398883281,1.4301554503493734e-05,2.9670946654849408e-09,4.221915144891316e-09,0.0022131331898389735,8.132796551734461e-07,7.155746557680207e-08,6.447746588886071e-13,6.926688803563171e-08,3.1287945993409926e-06,4.41019717763177e-10,1.642526230809403e-05,5.7822786720341474e-08,1.4930300191768974e-07,2.6170020935899773e-10,1.254983712031095e-07
40,6.757249468096768e-12,0.00018696994568055876,1.5310107882478077e-06,9.198828620924825e-05,0.9627819461675658,0.03325543672201113,5.789800718530682e-09,4.910849086032572e-09,2.7209577356304038e-05,0.00038855115280511204,1.693502609995337e-05,2.039671819412497e-09,1.1413686780128367e-08,0.0032392193907422955,1.0402747785264028e-06,2.2577275533801575e-08,6.527592046092409e-13,7.075933984755721e-08,1.6822079841860609e-06,2.7177669529980725e-10,7.067650500279577e-06,6.681651643646343e-08,1.3200145594223408e-07,4.446637492823904e-10,1.0555503170936013e-07
41,7.038313259213322e-10,0.0012691083306153065,1.509012169468032e-06,0.002031265323495211,0.7588160241551631,0.19687458441325356,3.007737332928132e-07,5.0712937836829154e-08,2.3976260789968e-06,0.0007740683601461867,0.0015853610593015413,3.4104246932582906e-07,1.2595494837949457e-07,0.038238033419788035,1.799559224218346e-06,2.4622513019718886e-07,7.370584332024095e-11,6.533330779132267e-05,6.018488761575522e-06,1.3503875253704539e-08,0.0002774998241182468,4.0490419448833455e-06,5.1255915722743194e-05,6.3234809758959e-09,6.068483131818664e-07
42,1.0597773217717695e-11,0.0002068126065959688,1.591561048990362e-06,8.849276010762622e-05,0.9487665959256564,0.04729636169218365,9.419074552385023e-09,2.3016022612746443e-08,5.885316262211189e-05,0.0009008438290761667,2.147400157652277e-05,2.8639997251817547e-09,5.228577112911833e-09,0.00262159999062493,3.847447948166405e-06,1.1384423981480453e-07,1.7752361197629325e-12,5.892432687217993e-08,9.0593430524009e-06,7.072848747177344e-10,2.354457942099787e-05,3.3410971838742604e-07,2.1379163620552414e-07,4.422761906484272e-10,1.6074055672547054e-07
43,8.689595921992605e-12,0.000211845902618997,2.143285359928266e-06,0.0001019530163504317,0.9652938105327954,0.029758425427514057,7.510508139035635e-09,4.287975246175314e-09,2.874530906523833e-05,0.0002863993608609465,2.0545029999540826e-05,2.5116875657423547e-09,1.7188609604410226e-08,0.004287531483650127,1.0213947362460947e-06,1.8955856405509104e-08,6.455874555155358e-13,7.534572645003094e-08,1.501001222089229e-06,3.0113899468831403e-10,5.640286777439774e-06,5.655256405659037e-08,1.387385958497449e-07,5.273334325823708e-10,1.1603971886571904e-07
44,6.384486251751471e-12,0.00018242532841628974,1.4874143167920251e-06,9.42140214939456e-05,0.963557028959743,0.03261759147035,5.637118936918573e-09,4.968501809871314e-09,2.6772868654897318e-05,0.0003964026011249154,1.6544362854686865e-05,1.958415628567264e-09,1.1339223351015696e-08,0.0030974123503240076,1.0166435324060986e-06,2.240542419439047e-08,6.450581716050378e-13,6.936156006538688e-08,1.6384908735658607e-06,2.7019916092548895e-10,7.049002289402593e-06,6.292565353977355e-08,1.3277803564127652e-07,4.4899610251711355e-10,1.0438586824519206e-07
45,4.946522080199429e-12,0.00012009956474125557,1.9686938140257266e-06,5.190855606455713e-05,0.9759935369712807,0.02139783225317841,5.68933134062052e-09,5.740254093406286e-09,3.8458370749508835e-05,0.0002731006550226627,1.3784061572426269e-05,1.593223155443461e-09,1.2763464769534924e-08,0.0021025352686746745,1.3179860494206355e-06,2.300093039105242e-08,5.633691979491456e-13,2.2053940431433552e-08,2.0642858014635374e-06,2.507914360581838e-10,3.1480769863061166e-06,4.5987896371481765e-08,6.91090713179107e-08,4.119575047759232e-10,5.864969392682353e-08
46,9.313543206098085e-12,0.0001626311980659848,1.0860243658690065e-06,8.868464556818647e-05,0.9909284268578865,0.007195407155380963,2.1413310137300496e-09,1.0264185206564862e-08,7.840509751668218e-06,0.00021763127205135188,1.1941375447623098e-05,4.20874783261483e-09,1.4636921010801184e-08,0.001374592064568918,9.266735940738366e-07,1.1424095683458041e-08,6.914213603989709e-12,9.820430318087246e-08,1.0038920449014794e-06,2.0432245873948267e-10,9.270717575796613e-06,1.1643549345978221e-07,2.0859021236556623e-07,1.3700775480475007e-09,9.011778061007611e-08
47,6.878719453502916e-11,0.00039417427652923144,3.1954387376192825e-06,8.423232808903548e-05,0.8972409591696102,0.09499355787640287,2.0665312778069947e-08,9.530531149595548e-09,3.873895345819049e-05,0.0006479132888864078,4.19264631102124e-05,1.4121785390712381e-08,1.9602359135208012e-08,0.006522621399614324,3.49853179467853e-06,1.2902303589421022e-07,3.2275173336496577e-12,3.629928540498381e-07,3.933184397249951e-06,9.073827101062341e-10,2.3412067205440017e-05,5.447493583883331e-07,4.3662645197158306e-07,1.2012898877051874e-09,2.9752978846593373e-07
48,7.464384945714541e-12,0.0004511792526848161,7.502699505164861e-07,7.646794174560603e-05,0.9785116879808581,0.017126309406432207,6.217597303517023e-09,1.0042986747520118e-08,1.6914525690761562e-05,0.0006739441067799986,9.94137034201277e-06,1.6327573533032602e-09,1.5284802096184642e-08,0.0031158666366040257,2.3336834186792374e-06,3.798279155756436e-08,2.5079607532995614e-12,5.7300834528588924e-08,4.174125332224726e-06,2.776396624756502e-10,9.700013367061342e-06,2.2991097182965665e-07,2.6568716953294714e-07,7.664217532585145e-10,1.0557284912194405e-07
49,6.2170424176359286e-12,0.00011736301203128227,1.4147153122064914e-06,6.890824540716971e-05,0.958133737971763,0.03829949720192242,4.07744741658773e-09,4.184632903812962e-09,1.9753291490367663e-05,0.00028639037279914765,1.6568615866207713e-05,3.058690315737185e-09,1.0305016207326448e-08,0.0030482158934488474,7.085513564886163e-07,1.9774284175706076e-08,6.109247229138798e-13,7.931242366954373e-08,1.2839370556428893e-06,2.8244449327395073e-10,5.7814494398771896e-06,7.988471881068126e-08,1.11294698371075e-07,2.9590179985796977e-10,6.426502134064594e-08
50,6.250305336044012e-12,0.0001860679962535934,1.4872501753316229e-06,9.401937912744693e-05,0.9627874673576492,0.03323321434510049,5.834311597543927e-09,4.978286677176912e-09,2.7780662135894635e-05,0.0004222124312008612,1.57605464896113e-05,1.873276966500423e-09,1.1263548761020804e-08,0.0032218041647046024,1.0234568337424966e-06,2.3843224646552778e-08,6.07347233691699e-13,6.618627186816757e-08,1.7346694138858207e-06,2.737077550584603e-10,7.0128816527568995e-06,6.40674383206378e-08,1.3007584548092397e-07,4.3230812277984894e-10,1.0602418442666748e-07
51,4.281836727010395e-12,0.00022908021223892858,1.375022744797665e-06,0.00015448408176925796,0.9589434417284405,0.035570908332761976,6.529169999917539e-09,5.33235622005005e-09,2.4090282448150532e-05,0.0004738607298749868,2.2227311171911794e-05,1.8054418718426773e-09,1.2312670955257093e-08,0.004567749485423237,6.605651482252729e-07,1.401603406876075e-08,4.3954087146036604e-13,1.2546136357652594e-07,1.3024395703297114e-06,3.4182672491861467e-10,1.0360651963521355e-05,7.00436466460463e-08,1.3338354535632092e-07,3.8165690854321235e-10,8.954401037329659e-08
52,3.0567540868567784e-12,0.00012313190826686638,1.2790165343511263e-06,6.293659465831698e-05,0.990982958805645,0.0064363038792030584,2.24588461503214e-09,5.088010915666556e-09,1.6757459414689043e-05,0.0002258608583415783,5.392147164811397e-06,1.347387737926106e-09,6.379269724688772e-09,0.002137655088014873,7.885543897940578e-07,1.3010996842378222e-08,6.553110571606178e-13,1.281207528293694e-08,2.0920849568039612e-06,1.0238951952743266e-10,4.620700784844842e-06,3.319362172528196e-08,5.611532009904314e-08,2.9221427387756304e-10,9.23117420606729e-08
53,5.841576033492558e-11,0.0005586151208996291,4.914544295055526e-06,0.0002864045359154268,0.7742239539236142,0.21522357610476806,1.1966775400905504e-07,1.5292382519939328e-08,0.0001419860087339755,0.001064525060357793,0.00014298077156042017,5.2015097238072424e-09,3.442449649183463e-08,0.008313346782389451,8.166880535373917e-06,2.046997763104606e-07,1.7268684966608631e-12,3.8189207512262183e-07,5.218752771456066e-06,2.5353204699416628e-09,2.349781356158624e-05,2.3452750405776388e-07,1.299337476210781e-06,2.1550006135016273e-09,5.139071592855649e-07
54,3.565404476664499e-11,0.0006187103306110012,3.7630554877679023e-06,0.00015251784219617545,0.8793037672024528,0.10448141084364762,3.487502520521954e-08,5.684518912612295e-09,8.595685267493422e-05,0.0012613888405737835,1.9213577739599024e-05,4.442305940605668e-09,2.5808608653904694e-08,0.014050202689924468,3.766602169413796e-06,1.4591304410695855e-07,7.237917418220978e-13,1.1907886532629625e-07,4.768435598025263e-06,7.780343319587885e-10,1.3005856142384104e-05,1.9286074903312416e-07,3.450355285720823e-07,7.193796367091849e-10,6.526383444154934e-07
55,1.0208537377504402e-11,0.00022483425880227966,3.2954228894395594e-06,0.0001204365494046907,0.9535230625620708,0.04170336868275359,7.65190311659103e-09,4.7749798074538e-09,6.255274131505676e-05,0.0003611853769147929,2.679954681660795e-05,3.863146109968848e-09,2.4577452938642595e-08,0.003965080883999429,9.892399150426327e-07,1.7602033122439134e-08,5.998795525046687e-13,1.1576811313931265e-07,1.4187507023144057e-06,4.5601174607584277e-10,6.477597824494854e-06,5.257519134262949e-08,9.208393188680077e-08,5.960531401826676e-10,1.7842696681924584e-07
56,6.305622241400639e-12,0.00018982973820476335,1.5499267222648934e-06,9.103336064290833e-05,0.9668604411242882,0.029380331797777378,5.422770102310518e-09,4.8521601990977056e-09,2.6429661117385948e-05,0.00036927831884835154,1.6271753408731717e-05,1.999662340480473e-09,1.3718136948526557e-08,0.003055806727830404,9.541141024123333e-07,1.9644758448114023e-08,6.869874358917821e-13,6.821892024399569e-08,1.531118775875183e-06,2.7551736349785386e-10,6.150549699740318e-06,6.10936188952385e-08,1.2179312441239918e-07,4.761719692894196e-10,9.43067481469257e-08
57,2.0510161718241403e-12,6.630803210066206e-05,1.1466603072251325e-06,3.422551228126184e-05,0.9885862177993496,0.009635790100795042,1.0112613142718913e-09,4.2667939402298694e-09,1.8937593264537226e-05,0.00027522198439201866,3.871697439001531e-06,1.890565987508566e-09,6.1975904874279495e-09,0.001372418938124032,4.337667812157133e-07,1.19814896854689e-08,6.123952920241304e-13,1.565251120729469e-08,1.5853132584717685e-06,1.1096894380997392e-10,3.686647035840936e-06,4.5966031933266794e-08,2.4309032744704528e-08,1.6381284999274126e-10,4.4402148297858637e-08
58,6.732131097496198e-12,0.0001947016335940211,1.5523093738975688e-06,8.766246961569524e-05,0.969672872630779,0.02684765485470284,5.474177792707993e-09,5.097680975328091e-09,2.3468900748825316e-05,0.0003768503265068395,1.5963165971431612e-05,1.965989566373109e-09,1.2539357749883907e-08,0.0027695348768402035,1.028253231088749e-06,2.0496148581549787e-08,8.3380920936864e-13,7.281440407667381e-08,1.4284849334079358e-06,2.4997629619215187e-10,6.860524831718397e-06,6.386791175815436e-08,1.392184726443482e-07,5.995822689031973e-10,9.923760340478068e-08
59,7.750737926465804e-12,0.00017715533788512937,1.956873550027852e-06,8.562031828413899e-05,0.971130047202085,0.0256057979605012,5.7584756244881746e-09,5.299731775080846e-09,2.4326725867333475e-05,0.00034360048511942527,1.6449802885354732e-05,2.1582369075425844e-09,1.271966697940709e-08,0.0026055828737887943,9.993592393277337e-07,2.070124315615471e-08,8.814438101954313e-13,7.830762377885673e-08,1.2440758120697498e-06,2.6131130734436104e-10,6.799884258282485e-06,5.81580560077656e-08,1.3232918691015118e-07,7.372039054723686e-10,1.026613554172876e-07
60,6.384486251751471e-12,0.00018242532841628974,1.4874143167920251e-06,9.42140214939456e-05,0.963557028959743,0.03261759147035,5.637118936918573e-09,4.968501809871314e-09,2.6772868654897318e-05,0.0003964026011249154,1.6544362854686865e-05,1.958415628567264e-09,1.1339223351015696e-08,0.0030974123503240076,1.0166435324060986e-06,2.240542419439047e-08,6.450581716050378e-13,6.936156006538688e-08,1.6384908735658607e-06,2.7019916092548895e-10,7.049002289402593e-06,6.292565353977355e-08,1.3277803564127652e-07,4.4899610251711355e-10,1.0438586824519206e-07
61,6.9845826714508374e-12,0.00017180877021706772,1.9551323522052206e-06,8.003630222134424e-05,0.9719561816028728,0.0247937365251026,5.284872352847924e-09,4.9022479804201745e-09,2.5984988371867596e-05,0.00031720550325100113,1.6318985721377337e-05,2.1234712816020175e-09,1.2162342820189874e-08,0.0026278428160299663,9.618952797052756e-07,1.8610637624192158e-08,7.762183090155779e-13,6.642052584915108e-08,1.3221324343194315e-06,2.446315652784455e-10,6.272246945856073e-06,5.5302551627473744e-08,1.105350699391846e-07,6.047050077447193e-10,9.690038322358079e-08
62,6.384486251751471e-12,0.00018242532841628974,1.4874143167920251e-06,9.42140214939456e-05,0.963557028959743,0.03261759147035,5.637118936918573e-09,4.968501809871314e-09,2.6772868654897318e-05,0.0003964026011249154,1.6544362854686865e-05,1.958415628567264e-09,1.1339223351015696e-08,0.0030974123503240076,1.0166435324060986e-06,2.240542419439047e-08,6.450581716050378e-13,6.936156006538688e-08,1.6384908735658607e-06,2.7019916092548895e-10,7.049002289402593e-06,6.292565353977355e-08,1.3277803564127652e-07,4.4899610251711355e-10,1.0438586824519206e-07
63,7.314385916678021e-12,0.0002339208280353277,1.5846506057167698e-06,9.590719868824045e-05,0.9625729797154916,0.03342940921554352,6.341277560296351e-09,5.3135721508909915e-09,3.0356861016798134e-05,0.0004219922071942438,1.8692792454087326e-05,1.9985492084988346e-09,1.325351804784023e-08,0.0031843089737977276,1.1977024285094493e-06,2.2043777093084564e-08,7.53643915283511e-13,7.917255134575795e-08,1.7298619344315622e-06,2.957498971823008e-10,7.461887025176747e-06,7.419036253160356e-08,1.403547008433139e-07,5.429696879733217e-10,1.1459068821972444e-07
64,6.907070775527584e-12,0.00018262040894933006,1.2814457790867333e-06,9.70984877904574e-05,0.964534578804284,0.03197304142070542,5.294120136517734e-09,6.04374355052951e-09,2.3306140159822605e-05,0.0004454370332999344,1.848001134718628e-05,2.192317362817101e-09,8.577256522562579e-09,0.00270934292986788,1.1282619995795107e-06,2.4694698449255115e-08,8.512358442614551e-13,8.407916140700057e-08,1.9147799387178716e-06,2.4808128734603654e-10,1.1303694310423865e-05,7.273474423999103e-08,1.4781026543201675e-07,4.867523271724019e-10,1.1441266921804028e-07
65,6.679297432681985e-12,0.0002007589489349995,1.59856058117445e-06,9.61812331363168e-05,0.9639932120394143,0.032116849957876406,6.1312561919404155e-09,5.265842006809286e-09,3.0057303059409406e-05,0.0004062018587393486,1.736768087772858e-05,1.9190361763558206e-09,1.2195963749101586e-08,0.0031274824204768994,1.120270824712701e-06,2.267836179894129e-08,6.754912667711762e-13,6.837173776564093e-08,1.726161758198978e-06,2.858680144658771e-10,7.016664531958504e-06,6.499833573024035e-08,1.336912440384897e-07,4.915403991313534e-10,1.1086324782626888e-07
66,5.690980089149047e-12,0.00015892507012336534,1.532819059088703e-06,9.288041628111362e-05,0.9600759198853223,0.035956214024229806,5.584749134189966e-09,4.973404494618722e-09,3.087393284541288e-05,0.00044915059731664324,1.453748639079125e-05,1.9224598084608855e-09,1.1576718310484453e-08,0.003210425027433412,8.880530567290168e-07,2.6687096361985307e-08,5.0477395264465e-13,5.809946124537931e-08,1.8761032980366274e-06,3.065744028497461e-10,6.402552556180558e-06,5.756875242423339e-08,1.0929339797656115e-07,3.5009330658947647e-10,9.766318385757178e-08
67,3.3225668311136993e-11,0.00016988560791552073,2.518423919097691e-06,0.00019997334890870593,0.8831911101365559,0.10567635456546264,2.667614222297477e-08,4.731539099541849e-09,1.513029608591786e-05,0.0003916762828531632,3.1823993296758006e-05,8.640020937912123e-09,3.037349464821151e-08,0.010307768595180383,1.4142774351039129e-06,1.1006151303984315e-07,1.1755530819685903e-12,2.561131886225777e-07,1.6089049623427548e-06,1.1033271714915756e-09,8.80569737395701e-06,1.1584310000095169e-07,1.1687651576495632e-06,7.450483182492221e-10,2.06783117617547e-07
68,1.7165867215922024e-11,0.00026856035632523266,1.4628459205176889e-06,0.00016867080341107584,0.9061806945657462,0.0887927876157799,1.1697961869634889e-08,6.86323042114695e-09,2.6467437933582914e-05,0.000590037264672514,4.537111942773085e-05,4.228935913640133e-09,1.3987943326262847e-08,0.0039025926209265366,1.640480782980576e-06,4.262780536742924e-08,1.3850047298829521e-12,3.3551929610309944e-07,1.6976898869178646e-06,5.764789491656166e-10,1.876981014445275e-05,1.3568140451027625e-07,4.951637021807453e-07,8.561428679337797e-10,2.0016759002307875e-07
69,6.670474543482186e-12,0.00018500143308910826,1.6502613931276861e-06,0.00010826719367092275,0.9639381821602171,0.03220588278160344,6.0594136395210355e-09,5.6739536919451065e-09,2.941418622016363e-05,0.00044164574067151566,1.6331598509238196e-05,2.0133155723379257e-09,1.1929708915862657e-08,0.0030626187388347065,1.038668754172803e-06,2.4864384011992633e-08,6.912629612992278e-13,7.302596233736903e-08,1.6961321584054858e-06,3.1180424074492103e-10,7.823522068372353e-06,6.0544266437646e-08,1.403626143015381e-07,5.092333954015539e-10,1.2228079123849165e-07
70,5.446768684294988e-12,0.00018909927200303102,1.2488726392172684e-06,9.042547860063876e-05,0.9659666827144758,0.0309230389920496,5.222133739738576e-09,6.152873259379584e-09,2.8389767267881908e-05,0.00043646782184159067,1.7905565918944717e-05,1.630967986182798e-09,9.732342396587571e-09,0.002335163833099892,1.208809632525384e-06,2.2314092255822578e-08,7.373137600424126e-13,6.606132026289382e-08,1.8528864233624544e-06,2.6101722264823235e-10,8.107680409029599e-06,6.565044695562493e-08,1.3438036736755623e-07,4.945820576519055e-10,9.63993111664649e-08
