,0,1,2,3,4,5,6,7,8,9,10,11,12,13,14,15,16,17,18,19,20,21,22,23,24
0,5.01477479181481e-06,7.146767311017509e-06,4.211826069587704e-07,0.009288040249994661,0.9727317245984294,0.0003009628153357236,4.192283194536026e-05,1.1296990196362313e-05,0.0010924992529045036,8.27278256543158e-06,0.014056811508339328,2.6047081859438685e-07,1.4258883938589908e-07,0.0001015700654780341,0.0007966020388051795,2.989848697266824e-08,8.83006189653757e-06,0.00045603267521168337,0.00040558403841249103,2.827034127413524e-07,0.00010285874049536134,8.159369154518017e-07,0.0005795689602767389,1.5717303185132338e-06,1.736336211733485e-06
1,5.416034084341202e-06,9.231061497944685e-06,8.598873693885383e-07,0.010766943837880039,0.9529660837303862,0.0015261568095867749,9.89633168335777e-05,2.177362550015967e-05,0.011365231809878458,6.004650942868111e-05,0.01592690575569372,2.542189667434696e-07,3.104996394522082e-07,0.000405039358134763,0.002534045516361588,7.617167104918986e-08,4.470883047983739e-06,0.0011840280275543437,0.001622157188280404,1.0858902388253976e-06,0.0002070331351902687,2.4754749579698565e-06,0.0012819362726520388,3.7061665719916437e-06,5.768818593489647e-06
2,4.051106558195323e-06,8.273937299991213e-06,5.636107889865243e-07,0.006391044875344551,0.9641786975768731,0.0007338033798843809,6.264283882175483e-05,1.5080330449027599e-05,0.007320901406299872,2.8863509440587366e-05,0.01633562076323902,2.780567327057688e-07,1.8707541976555823e-07,0.0004577248267247352,0.00223988215659975,3.923555850773069e-08,3.965685667610165e-06,0.0005986744114296041,0.0007035684879280296,7.325650234939974e-07,0.00013746602213481253,2.1690367439429297e-06,0.0007673610863448341,2.3336878414457943e-06,6.074330851567439e-06
3,6.1394830612672005e-06,9.414318783603273e-06,6.133704336739855e-07,0.009381287998709553,0.9572520593802346,0.001041815099228648,7.516308834874302e-05,1.8250189760842232e-05,0.006478359569236297,3.1358700224001083e-05,0.020180539659125928,2.785758520582364e-07,2.458304673528596e-07,0.0003361296304474611,0.002082897994523983,4.3543219209398345e-08,5.3329343071160954e-06,0.0008889047443733768,0.0010077599387438667,6.805028647693125e-07,0.00016161304032135036,2.3852908485367738e-06,0.0010316333319562172,2.5017518819341894e-06,4.592033045630094e-06
4,5.8678610007200095e-06,1.0157413437713084e-05,6.140818966313364e-07,0.008814022875761437,0.958887781220775,0.0008478829865752292,7.724530351702756e-05,1.7605425455327203e-05,0.006655758295111092,3.0235797525093208e-05,0.019420290706007932,2.90746528640249e-07,2.8505352565427954e-07,0.0003837346504905777,0.0018581942831919726,4.069572278748152e-08,5.019776317495776e-06,0.0008901104272910333,0.0010066705504491267,7.275679726925582e-07,0.00017576210173801245,2.6003882861846707e-06,0.0009019453001576568,2.621641985670656e-06,4.534849279136736e-06
5,5.9423504294996644e-06,8.321073006393898e-06,6.458003668189332e-07,0.011165723138343731,0.9602740789468432,0.0009771498937879224,7.97113192827961e-05,1.5295196804662216e-05,0.006065752375742488,3.0966943731789637e-05,0.015804916864332674,2.3498293758226304e-07,2.710593017907877e-07,0.00030498505731313505,0.0015241080184869157,4.513270470308374e-08,5.399349736076491e-06,0.0012362381171149323,0.0010562600663427289,7.487847736678945e-07,0.00018417796414400554,1.791190309019187e-06,0.001250992212614989,2.895363224730333e-06,3.3487983232810442e-06
6,6.1394830612672005e-06,9.414318783603273e-06,6.133704336739855e-07,0.009381287998709553,0.9572520593802346,0.001041815099228648,7.516308834874302e-05,1.8250189760842232e-05,0.006478359569236297,3.1358700224001083e-05,0.020180539659125928,2.785758520582364e-07,2.458304673528596e-07,0.0003361296304474611,0.002082897994523983,4.3543219209398345e-08,5.3329343071160954e-06,0.0008889047443733768,0.0010077599387438667,6.805028647693125e-07,0.00016161304032135036,2.3852908485367738e-06,0.0010316333319562172,2.5017518819341894e-06,4.592033045630094e-06
7,2.5575511334297476e-05,1.3761440768140388e-05,9.134579123669069e-07,0.011589386151450496,0.9154778058724339,0.0012549445258408017,0.000121514691326769,4.061275334050772e-05,0.005733746147227722,3.004936084187823e-05,0.05862273314712967,4.1729790999573545e-07,9.186753718604297e-07,0.00025543777372720125,0.0028027794105751724,4.0358994677885274e-08,5.9623767967357e-06,0.0014783696689787066,0.0017867308950456225,7.521235616441078e-07,0.00020232368465394798,7.3604933019753985e-06,0.0005428537669564833,1.8412833296620825e-06,3.1691311899123543e-06
8,6.5894515787180185e-06,1.0170257398623413e-05,1.391494181816449e-06,0.011069724989270372,0.9663277693487945,0.0007920536223303377,3.0707851013387393e-05,9.565096657706093e-06,0.00705414946545676,5.2811258973955636e-05,0.009417994891468403,2.3825879470839664e-07,1.7947464739344352e-07,0.0004181238459169271,0.0019739309395010282,6.392345680445712e-08,7.166515683955761e-06,0.0005624004603706352,0.00042272647102798935,8.808134476819788e-07,9.982787862905512e-05,1.1868971437205266e-06,0.0017261213788706564,6.3211710964299725e-06,7.904244288498599e-06
9,4.131447665977826e-06,2.0246249354155222e-05,2.005239807534227e-06,0.014811929187795045,0.9550547944620962,0.000938373105278196,4.564565024118859e-05,1.729567637043391e-05,0.012474902426885405,0.00015527668118807248,0.008637027137505082,2.689736873932951e-07,2.794982966855218e-07,0.0010557988020188193,0.0025640707857447808,1.4167903748967195e-07,8.538052018793722e-06,0.0009650966815022005,0.0009955735993845082,1.927832604508421e-06,0.00020400081133539313,1.8087587051344578e-06,0.0020198467939390257,8.520237837504e-06,1.2500229700614624e-05
10,6.1394830612672005e-06,9.414318783603273e-06,6.133704336739855e-07,0.009381287998709553,0.9572520593802346,0.001041815099228648,7.516308834874302e-05,1.8250189760842232e-05,0.006478359569236297,3.1358700224001083e-05,0.020180539659125928,2.785758520582364e-07,2.458304673528596e-07,0.0003361296304474611,0.002082897994523983,4.3543219209398345e-08,5.3329343071160954e-06,0.0008889047443733768,0.0010077599387438667,6.805028647693125e-07,0.00016161304032135036,2.3852908485367738e-06,0.0010316333319562172,2.5017518819341894e-06,4.592033045630094e-06
11,6.2582907991608635e-06,9.30717515401717e-06,5.921216021240698e-07,0.009240992350959654,0.9581200024089599,0.0009375647428515353,7.805488564421807e-05,1.7269414694413944e-05,0.006283429140502097,2.824217774062801e-05,0.019946382282472752,2.892436897858439e-07,2.802385311051271e-07,0.0003166594156320564,0.00201377727086287,4.2849015812439913e-08,5.128366425828333e-06,0.0008584831107614465,0.001022489639103776,7.052711725947052e-07,0.00016209387425753448,2.5093878236722892e-06,0.0009423769286372333,2.6844614239397227e-06,4.384951281683708e-06
12,1.931153954705039e-05,3.2975776118105644e-05,1.026273785073357e-06,0.04851948048078965,0.8590637029964044,0.0034947920015334396,0.0002568797303252948,0.000118688748878446,0.013217599384539673,0.00011401496436404135,0.05150619445719112,7.631420983899154e-07,1.0271998483584419e-06,0.0005234987840700349,0.009149705850841001,2.1148995703979369e-07,1.1800408750986323e-05,0.003435276233269672,0.008300754065982886,1.3654982182227851e-06,0.0003119824231597902,1.1018930160077527e-05,0.0018972209917470203,3.4266420643205186e-06,7.281986356043009e-06
13,6.2537028745606935e-06,9.103534104894705e-06,4.4181631225566047e-07,0.004674208648664115,0.9481140222932363,0.00043749853264605924,6.524856509579806e-05,2.2520137077147303e-05,0.004686156527437442,1.407373065706702e-05,0.03754348591340026,4.5205279287848047e-07,2.334335348737718e-07,0.00045580023165798687,0.00216206764157433,2.590433043224504e-08,4.260207739871529e-06,0.0005602487646955861,0.0006788730454830553,4.960634272623619e-07,0.00015247046092254867,3.560586227507625e-06,0.0004012889538424794,1.4666898176594826e-06,5.742562447778735e-06
14,1.9357103206532985e-05,6.595843912747646e-06,2.6589380467956136e-06,0.015387779582232463,0.8840286781889749,0.007583425117525331,0.00022697140877420849,6.032305153771398e-05,0.043294652861091174,9.678032117623313e-05,0.02421730771061621,1.1095022168499088e-06,3.1381065621427294e-07,0.0007039722557117264,0.01690432782872607,3.827134263455641e-07,7.483617713876547e-06,0.0013171024406338084,0.001103029729803183,2.876483112443126e-06,0.00010696886391800104,4.228850221385261e-06,0.004874838772273566,9.187345212862582e-06,3.964765927927849e-05
15,6.1394830612672005e-06,9.414318783603273e-06,6.133704336739855e-07,0.009381287998709553,0.9572520593802346,0.001041815099228648,7.516308834874302e-05,1.8250189760842232e-05,0.006478359569236297,3.1358700224001083e-05,0.020180539659125928,2.785758520582364e-07,2.458304673528596e-07,0.0003361296304474611,0.002082897994523983,4.3543219209398345e-08,5.3329343071160954e-06,0.0008889047443733768,0.0010077599387438667,6.805028647693125e-07,0.00016161304032135036,2.3852908485367738e-06,0.0010316333319562172,2.5017518819341894e-06,4.592033045630094e-06
16,8.893217474477352e-06,1.3201920698803318e-05,5.367635555145311e-07,0.008791414051902941,0.9391327311135733,0.0008797264928154815,8.527893301885748e-05,3.344983914155285e-05,0.006162982096854589,2.88636772289549e-05,0.03789641915839561,5.266322418302645e-07,2.994946423800477e-07,0.0005254397995490305,0.0032807573090767846,4.442371186715054e-08,6.237604272246343e-06,0.0009988329535851417,0.001275794144151839,6.023382421176227e-07,0.00018143478034879037,5.120939782865803e-06,0.0006834906441745058,1.6579948698505733e-06,6.263676690569472e-06
17,4.508291353001504e-06,6.059463190532491e-06,4.247037888879281e-07,0.004993331749867011,0.9698674386843977,0.0005330671922724716,6.095864843551453e-05,1.082278204696108e-05,0.004478834999034169,1.3874446709706504e-05,0.016802364989875786,2.2296173773471408e-07,1.7708691262566698e-07,0.0002827542818159936,0.0009025009855313231,1.9505349949701977e-08,3.878312294941258e-06,0.0006455415493046585,0.0005258086661333996,4.4086477975013165e-07,0.00015806021605641892,1.6226069768424342e-06,0.0007023394508225672,1.9374549039464565e-06,3.010106407747947e-06
18,4.101161672517908e-06,1.1520285756226405e-05,9.592296740328398e-07,0.004966280537961174,0.958796545699868,0.0008934076257355831,7.668582797221996e-05,1.7232942876144427e-05,0.008306294748511247,4.549723699052758e-05,0.019861055380912387,4.168181949799738e-07,1.8778449603568469e-07,0.0008429416932051528,0.002666336209414601,7.519582439570697e-08,7.67304029836224e-06,0.0007688703610956625,0.0009516861235309951,1.0813525676106611e-06,0.0002795095714461867,2.3336947337322435e-06,0.0014796176050305752,4.285515904860426e-06,1.540435632670386e-05
19,3.4924147908345895e-06,9.3135360503583e-06,4.0961168500562017e-07,0.013161548443806084,0.962595690184083,0.001237585588653099,5.901265694289818e-05,1.2033836207793748e-05,0.00809953322618111,3.883371174252769e-05,0.010159145370564737,2.2230243939591313e-07,2.0285251969571668e-07,0.00025409450356606115,0.0021442418500271687,3.770537387807937e-08,3.355505760188006e-06,0.0005216880007304439,0.0007971597977042222,6.425489987672723e-07,7.217067060276191e-05,2.1251586295485667e-06,0.0008215138221452922,2.3887717050867976e-06,3.557929089863716e-06
20,6.444043519852458e-06,1.4868489813611458e-05,4.993357983094331e-07,0.010304639769005728,0.9436532112827516,0.0010898533199355787,8.808139350212418e-05,2.8576362470784608e-05,0.008939976107577272,4.146319143298429e-05,0.028577384867478416,3.2006452680983584e-07,4.101426377158498e-07,0.0005147513193746654,0.0034069875153970378,4.1996977343740414e-08,4.796179955986845e-06,0.0008578410760302248,0.0016046893357574076,8.798411034387629e-07,0.0001792601253395366,6.376817939277015e-06,0.0006713981771375231,2.0275953585883607e-06,5.221649177964649e-06
21,1.1162971536225099e-05,1.1209047819609936e-05,1.548922563185081e-06,0.008902644911387576,0.9571123725343771,0.0005006690896247319,7.404687477011325e-05,2.5467126998315064e-05,0.005148218273461754,3.137333909253051e-05,0.022443742362752324,5.453550795438417e-07,3.807280062964089e-07,0.0006636556698331695,0.00115977355823307,6.92972293351112e-08,8.832285995470907e-06,0.0017712411334954272,0.0006899229782269818,1.0023969860990254e-06,0.00028938594340566963,1.993119271062991e-06,0.0011406724388389087,4.18131171337721e-06,5.888329301952548e-06
22,1.4745286410537756e-05,1.2833735782874584e-05,1.3253066454528347e-06,0.011152846213054856,0.9430917988074006,0.001315095305047268,7.51782483646478e-05,3.8787042145876503e-05,0.003986518244775203,5.0072799877333264e-05,0.03281567222435104,2.9824829863523965e-07,3.6166389448380316e-07,0.00042018890388903653,0.0014765853005214776,6.214119368156792e-08,1.572686443681452e-05,0.0022692509560932254,0.0013016938635097492,8.397433324973401e-07,0.000367608073701439,3.381800275711244e-06,0.0015832572985669921,2.174300122322421e-06,3.6976283082424252e-06
23,6.1394830612672005e-06,9.414318783603273e-06,6.133704336739855e-07,0.009381287998709553,0.9572520593802346,0.001041815099228648,7.516308834874302e-05,1.8250189760842232e-05,0.006478359569236297,3.1358700224001083e-05,0.020180539659125928,2.785758520582364e-07,2.458304673528596e-07,0.0003361296304474611,0.002082897994523983,4.3543219209398345e-08,5.3329343071160954e-06,0.0008889047443733768,0.0010077599387438667,6.805028647693125e-07,0.00016161304032135036,2.3852908485367738e-06,0.0010316333319562172,2.5017518819341894e-06,4.592033045630094e-06
24,1.5650051296298976e-05,1.6124016053061747e-06,1.2229869904635972e-06,0.0012472060588737172,0.9420024755655955,0.0015830044761169786,7.657647211527817e-05,1.3302814243177288e-05,0.00700807786106603,1.0091226960154841e-05,0.04463323260628989,3.5795995198226286e-07,1.9878353489612112e-07,0.00017537652407700565,0.0018210464139988385,2.9413900539061594e-08,2.7297678407985267e-06,0.00043686314784849723,0.00020160650699547502,7.988224982708582e-07,0.00011431311192648326,1.8865205927461723e-06,0.0006417803400745628,2.523498964018793e-06,8.036666643005091e-06
25,6.329526884029988e-06,2.8033250909467178e-05,9.536051415739488e-07,0.02298023518505649,0.9243096778332842,0.0037421492391135603,5.911697966055967e-05,9.86151712769223e-06,0.019853707925322185,0.0001782369513623416,0.010810362559168086,2.552385543213089e-07,2.876805005250402e-07,0.0003945093208087707,0.011659183073765211,1.535202981000494e-07,9.161950833178491e-06,0.00048668542027983637,0.002558367436346936,1.0859362759858566e-06,9.922843148153279e-05,3.975282979773761e-06,0.0027826808828942348,8.621430939618252e-06,1.7139821011672353e-05
26,5.343818301124293e-06,3.8414375398179595e-06,8.590676018295886e-07,0.008085561944674179,0.972864247064315,0.0007952221405161007,4.851351547267933e-05,5.416054461149854e-06,0.006692661398195261,2.2840019548292565e-05,0.0069884967451692755,1.232053972695595e-07,1.6399948470966482e-07,0.0002016989182140707,0.0006424169311960272,3.196634869260803e-08,3.838493860093928e-06,0.0010021937432805035,0.0003984787056247094,6.806199304172515e-07,0.00013117284574454778,5.48680314127793e-07,0.0020973972235562876,5.668999220501936e-06,2.5824620335701913e-06
27,5.714779179595394e-06,9.07025029132844e-06,3.846434668781305e-07,0.010454320275303812,0.9503530805604069,0.0014879306601021875,7.943848773854533e-05,1.9747134800625617e-05,0.01203719667537044,3.307688323134827e-05,0.019260371579500755,3.000955867162466e-07,2.454401430707456e-07,0.00030655502406346907,0.0032755128612033976,3.735465191058264e-08,2.8834155879486325e-06,0.0006287803370865338,0.0011699620385035585,6.07019146230741e-07,9.332309891585737e-05,4.074937484003718e-06,0.000769863239536276,2.4285989679448535e-06,5.0946097305315155e-06
28,6.1394830612672005e-06,9.414318783603273e-06,6.133704336739855e-07,0.009381287998709553,0.9572520593802346,0.001041815099228648,7.516308834874302e-05,1.8250189760842232e-05,0.006478359569236297,3.1358700224001083e-05,0.020180539659125928,2.785758520582364e-07,2.458304673528596e-07,0.0003361296304474611,0.002082897994523983,4.3543219209398345e-08,5.3329343071160954e-06,0.0008889047443733768,0.0010077599387438667,6.805028647693125e-07,0.00016161304032135036,2.3852908485367738e-06,0.0010316333319562172,2.5017518819341894e-06,4.592033045630094e-06
29,6.1394830612672005e-06,9.414318783603273e-06,6.133704336739855e-07,0.009381287998709553,0.9572520593802346,0.001041815099228648,7.516308834874302e-05,1.8250189760842232e-05,0.006478359569236297,3.1358700224001083e-05,0.020180539659125928,2.785758520582364e-07,2.458304673528596e-07,0.0003361296304474611,0.002082897994523983,4.3543219209398345e-08,5.3329343071160954e-06,0.0008889047443733768,0.0010077599387438667,6.805028647693125e-07,0.00016161304032135036,2.3852908485367738e-06,0.0010316333319562172,2.5017518819341894e-06,4.592033045630094e-06
30,6.1394830612672005e-06,9.414318783603273e-06,6.133704336739855e-07,0.009381287998709553,0.9572520593802346,0.001041815099228648,7.516308834874302e-05,1.8250189760842232e-05,0.006478359569236297,3.1358700224001083e-05,0.020180539659125928,2.785758520582364e-07,2.458304673528596e-07,0.0003361296304474611,0.002082897994523983,4.3543219209398345e-08,5.3329343071160954e-06,0.0008889047443733768,0.0010077599387438667,6.805028647693125e-07,0.00016161304032135036,2.3852908485367738e-06,0.0010316333319562172,2.5017518819341894e-06,4.592033045630094e-06
31,1.5894539750182074e-05,1.7741053084496856e-05,1.7534374332397986e-06,0.013273464581971912,0.9388863218346161,0.0012899468705975237,0.00010803173360810585,5.879065980921173e-05,0.00656595970257112,5.992403117835972e-05,0.03151382308423173,5.108088217941986e-07,4.3512632450101624e-07,0.000562276315121548,0.0020764941135249133,1.1157589482181457e-07,1.2778841425038723e-05,0.0021934180924032603,0.0014095821434570506,1.0955137352367553e-06,0.00033497629739474334,3.6133187056061116e-06,0.0016029895466953645,3.3592050130473075e-06,6.707572631144787e-06
32,6.019633109600006e-06,9.567056333448423e-06,5.714480568686646e-07,0.01030167951765789,0.95555872986903,0.0011184353656896618,8.283816873126904e-05,1.8150138494982302e-05,0.006574520500520057,3.2111778323342054e-05,0.020158859120273872,2.683535835939326e-07,2.673993635156624e-07,0.000306182933598266,0.002324792415753757,4.7244577286860226e-08,5.459764859997036e-06,0.0009283228523229099,0.0012971508349446112,6.93995856473008e-07,0.00017538893656478027,2.536316431484269e-06,0.0010903049446746832,2.6454549209497123e-06,4.455956326657046e-06
33,7.158681105696192e-06,1.0431364006743698e-05,5.713453493187463e-07,0.010458001706780932,0.9534881221318381,0.0009368512333323448,8.114429662424358e-05,2.176648759039435e-05,0.005348064441731195,2.687964102841236e-05,0.024110417319057557,3.322954003125751e-07,2.9106380588201715e-07,0.00031356414880473265,0.0019451684635566214,4.4579910087189373e-08,6.185690577424792e-06,0.001002483902662359,0.0011181082380428485,6.437369557867636e-07,0.00017356207468944274,2.7973541721621372e-06,0.0009409551288510129,2.378137482073162e-06,4.076536644354576e-06
34,2.8117652342249726e-06,2.003538743027718e-05,7.773559241618322e-07,0.010891250192784665,0.9595201636742576,0.0013227672935708517,6.179542060969535e-05,2.1361525406694376e-05,0.008111776181146172,7.80990677534697e-05,0.013995435917811553,3.703842435230642e-07,1.8996706738326174e-07,0.0007794823588700278,0.002118786650633238,7.295477153897859e-08,8.366254202761184e-06,0.0006876417921688316,0.000804742256757384,1.1373104952670851e-06,0.0001581873548183443,2.558904835123974e-06,0.0013999495604507866,3.1554259061820516e-06,9.08504285048758e-06
35,6.761835589500447e-05,2.0592489433755536e-05,1.7567354433967921e-06,0.03425934511702201,0.8570713957173498,0.0050666964647669305,0.0002584777510276336,0.00016322084397107193,0.017462732911207392,0.00011408319800092186,0.06298756207738529,9.752216471691735e-07,1.3245135810890382e-06,0.0004013719849734401,0.0034733401723047743,2.39621844846637e-07,1.2352191352466703e-05,0.009649268535619364,0.006400681073051024,1.2030764233477196e-06,0.0003741416691567793,1.368251748578485e-05,0.0021875367112681042,5.124614150530596e-06,5.276435638167875e-06
36,1.8299647846891668e-05,4.7192570189227056e-05,1.5433343187394683e-06,0.0473051930663396,0.8691916278546279,0.003381258480751659,0.00017945488847009004,0.00016825344177389336,0.020791409539330955,0.0002658662107685503,0.036827368888820586,8.492646054947033e-07,9.006687310102418e-07,0.0015512157038481932,0.007883726462839566,2.446060658213835e-07,1.5989584813122993e-05,0.004472033870513405,0.005332921274378579,2.1613728315418715e-06,0.00029955111325498265,1.6149800016868786e-05,0.0022333030532555964,3.2281916725832204e-06,1.0257109935183346e-05
37,7.4850154302591715e-06,4.714147962527808e-06,7.848558575347679e-07,0.004649392792470704,0.9730253145031077,0.00041247972830331435,5.765348940781476e-05,8.115948120005039e-06,0.004696723006195799,1.3720846260404447e-05,0.014030387003620932,2.3867587271932634e-07,2.3828885181479166e-07,0.00027378107489697535,0.0005649435040474014,2.18159599256261e-08,3.635121143417517e-06,0.0009162284659012721,0.00037743929622053153,5.113432438160571e-07,0.0001681838782648787,1.0808095169801557e-06,0.0007806937743779542,3.389074226661881e-06,2.8435407385145904e-06
38,1.606873588780699e-05,9.734949132556217e-06,1.0958275236000976e-06,0.025739800167932675,0.910579221487971,0.0058722894952794235,0.00026024095713902886,4.779055926238682e-05,0.01065506205105419,7.77410674571254e-05,0.02912535608469796,3.890304244459572e-07,6.012539324364828e-07,0.00021957990972789622,0.005578885774329435,1.9266179790457074e-07,1.0111825913682689e-05,0.0034139967570253884,0.004754012449562154,1.525291443767152e-06,0.0003070380479917502,4.1539378744162634e-06,0.0033155655842990466,4.381369980966442e-06,5.164722358993099e-06
39,1.3765619921754605e-05,8.867774021279322e-06,1.1650378741734027e-06,0.011290793709925435,0.9283367839183838,0.002873222758297482,0.00020209779417432728,7.954886228796742e-05,0.005646937852686615,4.009727804968294e-05,0.04239530866931033,6.344666749212401e-07,4.2691492368802477e-07,0.00028619856566656056,0.0024629657850909845,1.4685702753360484e-07,1.261462600054739e-05,0.0021818930213312873,0.0020137759631726326,1.1468390036941216e-06,0.0003993750816438003,4.4855296231644846e-06,0.0017388815728357856,2.899942795970589e-06,5.965559276691728e-06
40,6.403246998571696e-06,9.219659577317674e-06,6.122347208461174e-07,0.008362311743934758,0.957998776860278,0.0010081357677331664,7.009464554568353e-05,1.7679790034691192e-05,0.0063218158692180905,2.8706877588311556e-05,0.02107996294130842,2.8959180888380607e-07,2.3896161245732504e-07,0.0003319065137125157,0.002087320284435057,3.873403093836983e-08,5.00305142215525e-06,0.0007663278969057589,0.000842113862102377,6.53535843707666e-07,0.00014393836816380178,2.4806398320564294e-06,0.0009089325234416145,2.3157449437833435e-06,4.720654807209251e-06
41,2.9309599755749472e-05,0.00011474708826026122,8.806431224444128e-06,0.0059610098547862944,0.7789119703453444,0.0005865319864956411,0.0005411100569568344,0.0002236504295708935,0.005826069118937753,0.0001695331716950127,0.1355545772032442,1.3293826247560997e-06,5.280828290088084e-06,0.009326970508534375,0.0005822079599513685,3.441551337018523e-07,0.00010023894634439854,0.026810981824570052,0.007932056217375973,7.773933004315862e-06,0.02297490664757598,1.7518622428198935e-05,0.004281429522381973,1.2281601769774685e-05,1.936456374343084e-05
42,8.794347306235958e-06,1.8481461106881927e-05,4.5944479418836405e-07,0.016789727905244942,0.9275048929411938,0.0022718185493913424,0.00012092390546754615,4.560328121900669e-05,0.008672024895822604,5.5213525047229376e-05,0.033721168683161995,3.6291880012563416e-07,5.794095398153422e-07,0.0002596037839534057,0.005284700093897668,7.876933323112672e-08,6.819978423209211e-06,0.0008833983054505594,0.0034476913357841545,8.839424907473739e-07,0.00017217107896546472,1.0908233832374017e-05,0.0007167660654956765,2.1888623055795407e-06,4.738281972111602e-06
43,6.135808030341901e-06,8.972089549473175e-06,5.317799867223305e-07,0.007960857465821383,0.9604046549873634,0.0006242219527868778,7.138720993027169e-05,1.4773184837203957e-05,0.005122267691395526,1.8422872022049683e-05,0.021348791391982903,3.4091627475528355e-07,2.2411819905101386e-07,0.0003240458840992587,0.0015967816587508054,3.307982690458592e-08,5.01439783362743e-06,0.0007737906645856453,0.0007189633202704846,5.333544381856595e-07,0.00013770388433580885,1.8814264614598208e-06,0.000852831960217662,2.4201924161293806e-06,4.418708583836739e-06
44,6.1394830612672005e-06,9.414318783603273e-06,6.133704336739855e-07,0.009381287998709553,0.9572520593802346,0.001041815099228648,7.516308834874302e-05,1.8250189760842232e-05,0.006478359569236297,3.1358700224001083e-05,0.020180539659125928,2.785758520582364e-07,2.458304673528596e-07,0.0003361296304474611,0.002082897994523983,4.3543219209398345e-08,5.3329343071160954e-06,0.0008889047443733768,0.0010077599387438667,6.805028647693125e-07,0.00016161304032135036,2.3852908485367738e-06,0.0010316333319562172,2.5017518819341894e-06,4.592033045630094e-06
45,4.800637516954039e-06,5.797299216515616e-06,3.4237825000480864e-07,0.011065231182046158,0.9572625862806986,0.0013673277302332955,9.642615088583089e-05,1.5935223208931934e-05,0.0071094587087286,2.1491575100344037e-05,0.017137461934799397,2.5053854029158915e-07,2.226053645744691e-07,0.00016476629105501822,0.0029831293243090225,4.197066700358385e-08,3.1277732337838266e-06,0.0006608469653679069,0.001195720121058305,5.888932766343203e-07,9.221893072658133e-05,2.2230060935685676e-06,0.0008045843057512914,2.064588883966135e-06,3.355584987308701e-06
46,1.984687846862766e-05,2.196159917543832e-05,5.685293444281907e-07,0.019008647166440948,0.9324216188775073,0.001324822113838619,7.475500992233295e-05,2.9646554343537203e-05,0.0017856090597770284,1.8163577585815532e-05,0.03899866065435503,7.51658857450038e-07,3.829215824930327e-07,0.0001263027190050342,0.003234294386806113,7.492066987966519e-08,3.122122405352923e-05,0.0005901008030070751,0.0011433359888573412,3.977897414510911e-07,0.00011709134725441487,6.0669738015855164e-06,0.0010393108297217252,2.0552226113084074e-06,4.313193271456774e-06
47,2.2240835320298595e-05,4.318551471599276e-05,8.446422533560329e-07,0.015254641680459336,0.9209927256251781,0.0014947433392144198,0.00013608147033820775,5.022249763970199e-05,0.008478963814986697,4.662610020593417e-05,0.04442565553010812,1.3722178052072108e-06,8.260399249357457e-07,0.000385903701966998,0.005016327969785976,1.3057736216697273e-07,1.3334685405511528e-05,0.000883211488089405,0.0019404098978328644,8.453073943977817e-07,0.00012802961436469184,1.4291881480648247e-05,0.0006549487780759871,3.6481049994749173e-06,1.0788685091644316e-05
48,1.2826776678202113e-05,9.313551446601078e-05,1.0833739422786095e-06,0.04914773491377987,0.8978428687269354,0.0021718280884483942,9.389669801186045e-05,7.708034742685097e-05,0.004833520718825047,0.00018025632060074596,0.029969492831806246,5.148769870370706e-07,5.616616105819133e-07,0.0006607304943062366,0.0054137802934910925,1.7334809006589292e-07,4.72792178012208e-05,0.001860145871615505,0.004851963134400585,9.828152456997118e-07,0.0003200098509827842,1.0338880852269927e-05,0.002400206481031372,2.588565728492067e-06,7.0001969358682925e-06
49,7.680677201937965e-06,8.253264126274394e-06,7.938278809610626e-07,0.008897736914784802,0.9561923817615344,0.001447437650141204,8.494456386076668e-05,2.249927986732271e-05,0.0066277108004293,3.0318675498319447e-05,0.021856298884628995,3.6872254206010815e-07,2.740424418880495e-07,0.00029947872982971304,0.0016688406099893054,4.849211556425708e-08,5.347553546847664e-06,0.0009486412110286334,0.0006939350327127081,8.265968189353242e-07,0.00014086877899814693,2.390785169989817e-06,0.0010558618958596145,2.58657828878966e-06,4.474670703549031e-06
50,6.538039968202297e-06,1.6473410647795465e-05,8.73555772807404e-07,0.011100809275798578,0.9472088114550089,0.0013652324664606358,0.00011111815364283279,3.2170547524706304e-05,0.010980322430754813,7.459652427205657e-05,0.021460761197691837,3.335861919549312e-07,4.06919104631675e-07,0.0006282452503474206,0.002786296128638214,6.107417109972588e-08,5.641451437033556e-06,0.0011245463423189789,0.001910235309300678,9.321005251778211e-07,0.0002471991923818374,4.735331831893766e-06,0.0009248432918270099,2.5131321905380394e-06,6.303832190396032e-06
51,9.68482433462311e-06,9.161444339197977e-05,7.399395143849377e-07,0.03710836394226303,0.9101279116180985,0.0007441859678153845,7.154610610415321e-05,7.478012622014119e-05,0.007402129250370265,0.00010104864770500482,0.03365005097774857,7.704280726678857e-07,6.957253929939299e-07,0.0010881252357815164,0.005064904772659834,8.303497237420546e-08,1.0651843855847172e-05,0.001170115274115066,0.0025444186718831746,8.831815535116033e-07,0.0001546088497890037,1.1953262907468147e-05,0.0005619377361780416,1.861947785630239e-06,6.934191486875479e-06
52,2.9602777126849095e-06,5.861935555703644e-06,3.295057089800931e-07,0.003429059526309714,0.9748832141364412,0.0003859199590904137,5.560475929101193e-05,7.0642315922410955e-06,0.0032303335079774554,7.563704507047785e-06,0.015593397825516065,2.446743637121901e-07,1.1140283006768497e-07,0.00020623503272844434,0.0009331630148817337,1.5067016660066885e-08,3.499604759387315e-06,0.0002484102192743088,0.00032354895177401984,2.9069697516825215e-07,0.00011239224839195008,1.0702912640711228e-06,0.0005638349291147699,1.8076721952348724e-06,4.066824728136678e-06
53,4.846327798318136e-06,4.77174849299892e-06,4.141625073468429e-07,0.006299797018371744,0.9560214120718589,0.0013887505524457454,0.00017029964230597984,1.6994762023564363e-05,0.008633446003801573,1.3358372466947706e-05,0.02200509647272259,4.338707837849942e-07,1.676142827948532e-07,0.0002878716184196966,0.0021632460737661327,3.58467555593355e-08,3.3749610655463303e-06,0.0008062688380073861,0.000723743257673455,5.989321857862963e-07,0.00013616496171603692,1.6161996062130804e-06,0.001309489988310732,2.191837050239408e-06,5.608865580809902e-06
54,3.4980941264366994e-06,2.4456501532492895e-05,8.773466442033405e-07,0.0074973773782951916,0.953052211112049,0.0007643614670075985,6.317449305157444e-05,2.0594800349024352e-05,0.013948651836697547,7.50676459695278e-05,0.016169107220604592,6.34384495047722e-07,2.1071941518478346e-07,0.0012219517014104948,0.004976836003305079,8.955295425022491e-08,5.100212161487273e-06,0.0004223418188822117,0.0008025461416171852,1.1514602470670183e-06,0.00010910677843498303,3.39148069730898e-06,0.0008102877688405868,3.915992895141335e-06,2.3058088316740435e-05
55,5.227266048209552e-06,6.939085357379213e-06,4.775060147477101e-07,0.008109061796207729,0.9618329786350476,0.0009040236211333221,7.896994785652006e-05,1.4096197994028301e-05,0.006507556970873752,2.0658637215413435e-05,0.017921129095645374,2.9969625031592483e-07,2.0638010536594323e-07,0.00026616880453221646,0.0017191642533567744,3.560173771643688e-08,3.836373956723809e-06,0.0007580060064616177,0.0008061963117042642,5.562774802230792e-07,0.00012662430905982213,1.8093902572589084e-06,0.0009092518490943105,2.557186553112618e-06,4.1688000561533934e-06
56,6.410001239220742e-06,9.668790604423415e-06,6.08719263270251e-07,0.009409875765939272,0.9566974168325563,0.001020742824701183,7.853906509258012e-05,1.8504294926158908e-05,0.006476077644766947,3.0190623004050042e-05,0.020738487644558122,2.9479452247509326e-07,2.673750613109159e-07,0.00033316595464018587,0.002075518252009455,4.3493943742721724e-08,5.341545487269589e-06,0.0008942467887981264,0.0010327114806511647,6.949151095288843e-07,0.00016371185346737588,2.5543627849601755e-06,0.0009977956849223462,2.56860385992489e-06,4.562688090467574e-06
57,5.5721633533744e-06,1.600683525247096e-05,6.214175013180042e-07,0.01026188806898779,0.9507848066883834,0.000827316986176867,0.00010354871624707207,2.3950523692134176e-05,0.00622040719778762,4.038212415679107e-05,0.02427804882602847,3.298870971196156e-07,4.407302343496258e-07,0.0003793660609718384,0.0023712091593766933,6.487554701531559e-08,6.380860370981054e-06,0.0010247387388149624,0.0025130181852637636,8.127203694683209e-07,0.0003043719141033733,3.78382889413158e-06,0.0008243885973539962,3.1856520520255384e-06,5.359241982862406e-06
58,4.525728231473685e-06,7.16478361074228e-06,4.9949506181055e-07,0.007648451787918473,0.9656995679907299,0.0008024090479311639,6.867330461282472e-05,1.0893591501069723e-05,0.00615664748281721,2.2335190366982993e-05,0.015083555921328165,2.39944623945275e-07,2.2722919474969808e-07,0.000253199821307393,0.001678019235649702,3.7451996872368056e-08,3.976407156884302e-06,0.0006536179220613081,0.0008331647230278787,6.555920552616811e-07,0.00013933095583949,1.7233226299330217e-06,0.0009236719822078639,3.2331524682341557e-06,4.177935670778913e-06
59,4.5779557315065914e-06,7.8111195281975e-06,6.385495981192466e-07,0.007400602390580309,0.9662212659863952,0.0008204847838033818,6.499643624317345e-05,1.1972375431613157e-05,0.006111221873755662,2.8168364557276082e-05,0.014736928046779807,2.29538341352096e-07,2.2310885198195665e-07,0.00030667338515450625,0.0015666845370467441,4.221551409475278e-08,4.656594800628996e-06,0.0007220418433792269,0.0007964313208088034,7.367721527410672e-07,0.00016497645492270167,1.6531334497371433e-06,0.0010190978451111398,3.3222631812977707e-06,4.563104880686504e-06
60,6.1394830612672005e-06,9.414318783603273e-06,6.133704336739855e-07,0.009381287998709553,0.9572520593802346,0.001041815099228648,7.516308834874302e-05,1.8250189760842232e-05,0.006478359569236297,3.1358700224001083e-05,0.020180539659125928,2.785758520582364e-07,2.458304673528596e-07,0.0003361296304474611,0.002082897994523983,4.3543219209398345e-08,5.3329343071160954e-06,0.0008889047443733768,0.0010077599387438667,6.805028647693125e-07,0.00016161304032135036,2.3852908485367738e-06,0.0010316333319562172,2.5017518819341894e-06,4.592033045630094e-06
61,5.084842896796067e-06,6.927224752872899e-06,6.782787009990049e-07,0.006896542387116315,0.966497564235798,0.0008134657305782763,6.683453516314839e-05,1.1904005571826061e-05,0.0064086126916447295,2.6241400304987022e-05,0.014937340691231793,2.2965239399431106e-07,2.2693911663474313e-07,0.0002978535239448256,0.0013589033558965785,3.873772481127357e-08,4.25422290141358e-06,0.0007635761227066336,0.0007281887557622851,7.00263552862266e-07,0.00016600617954882897,1.5758503206604947e-06,0.0009995697336603185,3.38742592312283e-06,4.293212787171631e-06
62,6.1394830612672005e-06,9.414318783603273e-06,6.133704336739855e-07,0.009381287998709553,0.9572520593802346,0.001041815099228648,7.516308834874302e-05,1.8250189760842232e-05,0.006478359569236297,3.1358700224001083e-05,0.020180539659125928,2.785758520582364e-07,2.458304673528596e-07,0.0003361296304474611,0.002082897994523983,4.3543219209398345e-08,5.3329343071160954e-06,0.0008889047443733768,0.0010077599387438667,6.805028647693125e-07,0.00016161304032135036,2.3852908485367738e-06,0.0010316333319562172,2.5017518819341894e-06,4.592033045630094e-06
63,6.323288559707715e-06,1.2681263940840044e-05,6.273943481547914e-07,0.010608555200988499,0.9547166073543498,0.001012523937594175,7.425847848412947e-05,2.0433731512154228e-05,0.006524174136072683,3.647465844223144e-05,0.021060454442848847,3.112644148806184e-07,2.7456240220110973e-07,0.0003798481640082899,0.002317708488120552,4.8663421095161176e-08,6.1408720891717205e-06,0.0008823742418975732,0.0011417934574010377,7.164155691373625e-07,0.00016566877614561466,2.8651052648432555e-06,0.0010214089024859912,2.621483647096523e-06,5.105715991263826e-06
64,5.539750797007606e-06,8.777090612182719e-06,6.903825393428109e-07,0.007370705111624395,0.9623204490071027,0.0007762141270457384,7.899123164279901e-05,1.5953577064257237e-05,0.005271162417650091,2.693285000307931e-05,0.0190555798029086,2.4150719016051155e-07,2.621710737815021e-07,0.00035395692039139943,0.001474597647753936,3.987917936896105e-08,5.681048915288921e-06,0.0009378819755737494,0.0010062089944335917,6.900149534150255e-07,0.00025042217276711565,1.985544107042161e-06,0.0010301868532429116,2.6462250293453025e-06,4.203696398932943e-06
65,6.182071566561083e-06,9.205245778873367e-06,6.006319818701856e-07,0.009497836492698317,0.9569997242388221,0.0010645014580801938,7.620762005507458e-05,1.8247416340578166e-05,0.006368955546399334,3.0679471198112154e-05,0.02035760891854183,2.7669744223493986e-07,2.4418537458472714e-07,0.0003229289846076778,0.002105335398604512,4.353138260678105e-08,5.355420368700705e-06,0.0008955787983976033,0.0010265692005657831,6.69740450404158e-07,0.00016098851072191196,2.3682996009008086e-06,0.0010429275356994402,2.469719629338885e-06,4.4948656916982034e-06
66,7.390628351566351e-06,8.91172829263307e-06,7.725424303660824e-07,0.008287981128247347,0.9574063956267688,0.0009111105585906485,7.792686724115886e-05,2.1146055746203478e-05,0.00625235430328246,3.146337198089282e-05,0.02202121911240047,2.865546187121393e-07,3.098862530350786e-07,0.00035323606406939605,0.0017375658189909939,4.265240199002926e-08,4.920610111795668e-06,0.0009997627976959672,0.0008930342986722728,7.697195336462049e-07,0.00017567718879170314,2.5318783030146706e-06,0.0007987723484130393,2.328493360991639e-06,4.089765451134401e-06
67,1.07314722777339e-05,7.104249850289072e-06,4.835881215960008e-06,0.011198484178433036,0.9545878569208064,0.0011037314121965986,8.36727371643677e-05,1.4999138008577019e-05,0.0028956423782084697,6.210504750047313e-05,0.013585021378506583,1.5193008779705293e-07,3.7315774038460404e-07,0.0005386934131346155,0.0007839155799710978,1.3451697665388517e-07,3.3383924221333215e-05,0.004360763705991865,0.0010611897772221037,2.245509385771132e-06,0.0013666939953064724,6.303984584576812e-07,0.008285225763644977,7.993744665063427e-06,4.419789024944461e-06
68,1.0577482525250287e-06,1.769512636966544e-06,8.217676741593545e-07,0.0026226326424488803,0.9731797144965422,0.0006464629844943503,3.535822078946766e-05,1.9845473755761114e-06,0.017288897828970272,2.1797935378632665e-05,0.003368713118322261,1.9021729634382243e-07,5.929777459567228e-08,0.0005955776442805343,0.0007226378725157482,1.900732982234887e-08,9.999853596898595e-07,0.00023420290975580563,7.29917552433541e-05,9.567093021827905e-07,4.3193603671118415e-05,2.628214006433455e-07,0.0011456033078893592,5.539572261846604e-06,8.55449303383615e-06
69,6.452594672096461e-06,9.513971809116783e-06,8.709056091960418e-07,0.008972332370116366,0.9560284772643947,0.001118925034241361,8.817990418751692e-05,2.147115550086257e-05,0.007509371987729224,3.950457502457589e-05,0.02003901140994715,3.0105963140982017e-07,2.7760453589744087e-07,0.0004550205273948801,0.0019089820200550145,5.510299668572592e-08,5.9069979691359624e-06,0.0011947722881003482,0.0010877635475383246,8.844303797168141e-07,0.00023408254322597057,2.3140614290423095e-06,0.0012670892139886522,3.00933984164879e-06,5.43008968127353e-06
70,7.519080167798429e-06,1.223414626043761e-05,7.433495915431575e-07,0.010497684699727557,0.9506892662740654,0.0011878861439201282,8.28566184080303e-05,2.4028821074886956e-05,0.00682506940329182,4.215624580783803e-05,0.023971618759577863,3.2364339173054784e-07,3.0994988740444633e-07,0.0004034768352085441,0.002355134850910782,5.913334382541326e-08,6.890323979010664e-06,0.0011668250608948315,0.0013360232435678976,8.265436639135915e-07,0.00020767438593155313,3.091843734425123e-06,0.0011700531328374994,2.8732898329154013e-06,5.374220922340672e-06
71,1.2037150822428853e-05,1.1934511243957978e-05,6.837948828155646e-07,0.015537170076195268,0.9360079770186476,0.0017608705679961123,8.165252273253109e-05,2.7286720651450857e-05,0.005937101580924003,3.738477442634362e-05,0.03261760993288864,3.7991684557424617e-07,3.354797686927571e-07,0.0002586226144291634,0.0037625574349932035,5.881637015599974e-08,8.250331320402484e-06,0.0010405547327920395,0.0015057233856431724,6.581453890951091e-07,0.0001405811190492741,3.955406473740801e-06,0.0012391053982556725,2.5238660872155364e-06,4.984701171600671e-06
