,0,1,2,3,4,5,6,7,8,9,10,11,12,13,14,15,16,17,18,19,20,21,22,23,24
0,2.90654841925224e-05,2.4318517283934703e-07,4.635650560512481e-06,3.355032546825762e-05,0.9858472482529964,6.825084895362185e-06,4.510831977022469e-06,2.099173962383284e-06,0.010941660105014262,4.210557677630806e-05,0.0030266282160699366,1.246582115116101e-07,3.6891862270684035e-08,1.9511733321007552e-05,1.8138517335690015e-05,5.128938966127245e-06,1.1452727509859231e-08,3.0959074392415076e-06,3.857513702339937e-06,2.7647779554882352e-06,8.767559567545407e-08,6.2427580824300715e-09,6.624888672639002e-06,8.814539410958988e-10,2.0380329126189725e-06
1,2.8940688917865843e-05,1.7379924056850427e-07,5.625869755123938e-06,3.247284446246628e-05,0.9821918321903278,6.258733035341417e-06,3.0768353131550697e-06,2.1933291570198164e-06,0.015229475706594683,5.232082152024163e-05,0.002407528137433778,7.389168551533251e-08,3.898944630140169e-08,8.877446176759432e-06,1.1323926612119618e-05,5.820827764616542e-06,8.12894643238153e-09,1.783162108122692e-06,4.687821296058621e-06,2.147660880420084e-06,5.903936219953021e-08,4.560777936938347e-09,4.203546612153947e-06,5.680018412992437e-10,1.0714745715457044e-06
2,1.9556699337034853e-05,1.8656630904551205e-07,3.846515829358806e-06,1.9799490904507736e-05,0.9844517150700358,3.087756747531927e-06,2.1393337674983076e-06,1.7709360468271357e-06,0.011158934090460995,3.998470803937575e-05,0.004243090184293718,8.87170483071678e-08,2.1717165948776465e-08,1.710220623277987e-05,2.3484157139544785e-05,1.9822604873424554e-06,5.729867489371817e-09,1.6823647101597742e-06,1.9931682628203693e-06,2.712334710600152e-06,5.602744733552845e-08,3.2621767582959447e-09,4.770869744737514e-06,3.602436376345533e-10,1.9854729907393966e-06
3,3.0126340916582917e-05,2.3535253638939744e-07,4.678621942853232e-06,3.677597234781801e-05,0.9851476377426177,7.087931874093079e-06,4.539521763586024e-06,2.2301039696724314e-06,0.011586881385860535,4.4822802820467954e-05,0.003074346356565621,1.2269771248147848e-07,3.961022549017293e-08,1.8603555281657123e-05,1.7572765243140126e-05,5.5258478244909136e-06,1.1540795037010774e-08,3.2095851020632815e-06,3.951803254676739e-06,2.8804987666277198e-06,8.711370974829758e-08,6.23062726697068e-09,6.69378182214239e-06,8.760115383048634e-10,1.931960408214198e-06
4,3.226691396703034e-05,2.2627945648265107e-07,4.848622805340707e-06,3.617876430876167e-05,0.9867032893397055,6.975064101680959e-06,4.5715321071430705e-06,2.2185736375117047e-06,0.010256549138273757,4.421886957120743e-05,0.002847287136229446,1.1882303268378094e-07,4.7353590647986686e-08,2.023998562605746e-05,1.596769757849077e-05,5.940721732605985e-06,1.187497262654615e-08,3.3549607497683778e-06,4.376673118783626e-06,3.037067561119194e-06,8.399085123441511e-08,5.6994064957116194e-09,6.378340135360222e-06,9.928580951323786e-10,1.8055846222279182e-06
5,3.616832580132524e-05,3.1802152898692687e-07,4.381887284848076e-06,5.5949528864385386e-05,0.9836526778465239,9.537845938637457e-06,4.811590310397449e-06,2.7893896046552515e-06,0.012497396511765653,4.873300551013921e-05,0.003614574471776658,1.268411858339745e-07,5.205733471819801e-08,2.0191139400180073e-05,2.046487542236124e-05,7.237694994113612e-06,1.3832657187438469e-08,5.520683136025506e-06,5.086140309753131e-06,3.709813577870463e-06,9.82531486069886e-08,7.970103922296529e-09,8.163845709346083e-06,1.049334914751707e-09,1.987378775458289e-06
6,3.0126340916582917e-05,2.3535253638939744e-07,4.678621942853232e-06,3.677597234781801e-05,0.9851476377426177,7.087931874093079e-06,4.539521763586024e-06,2.2301039696724314e-06,0.011586881385860535,4.4822802820467954e-05,0.003074346356565621,1.2269771248147848e-07,3.961022549017293e-08,1.8603555281657123e-05,1.7572765243140126e-05,5.5258478244909136e-06,1.1540795037010774e-08,3.2095851020632815e-06,3.951803254676739e-06,2.8804987666277198e-06,8.711370974829758e-08,6.23062726697068e-09,6.69378182214239e-06,8.760115383048634e-10,1.931960408214198e-06
7,6.624360541849223e-05,1.5537809777578452e-07,7.145867049295777e-06,5.413363249427983e-05,0.9856371766411346,3.0098796876597763e-06,4.467441473269134e-06,3.648375370067057e-06,0.009637325047866322,9.762141138714224e-05,0.004449231248441214,8.759487727972449e-08,8.534272397082713e-08,1.4087274548390404e-05,8.439731161465565e-06,4.352794469546878e-06,1.1446181792522971e-08,1.3680369092402419e-06,5.0697551053664e-06,2.9404969441995122e-06,2.3179563842709687e-08,6.19258297126622e-09,1.9427809758301003e-06,6.691609736647038e-10,1.4261763750889626e-06
8,4.442568621761592e-05,1.4429916533724487e-07,9.024506246989632e-06,3.059619144076593e-05,0.9881466021025911,3.736964445466002e-06,5.37119260498428e-06,1.7871350455399367e-06,0.008374121898966176,9.942809466958017e-05,0.0032118358928034563,1.703393423623298e-07,5.0984103537612405e-08,3.6372950476312134e-05,1.3889875453050872e-05,3.6825268838921045e-06,1.5284081993365362e-08,1.2512475682154693e-06,3.012479656587076e-06,3.2917017215775214e-06,8.844270135423096e-08,4.925913946795663e-09,7.745680972734092e-06,1.6332628225877497e-09,3.34796366494077e-06
9,4.5337863596529286e-05,2.1812307962250036e-07,5.972141884213039e-06,3.829323544728707e-05,0.9832108141084667,4.287676190200181e-06,4.273089566944664e-06,2.0873718889385568e-06,0.011582422722207426,9.711064952923767e-05,0.004920270161441898,1.5965788607596927e-07,3.690729209227624e-08,3.840295575283294e-05,2.5037660768985336e-05,3.0290573152840802e-06,1.264165609204539e-08,1.8265559006310916e-06,2.9567937901756703e-06,3.206835861792679e-06,8.412610097037836e-08,5.6200239498180106e-09,9.891843096387494e-06,1.1705975564977222e-09,4.261030658273536e-06
10,3.0126340916582917e-05,2.3535253638939744e-07,4.678621942853232e-06,3.677597234781801e-05,0.9851476377426177,7.087931874093079e-06,4.539521763586024e-06,2.2301039696724314e-06,0.011586881385860535,4.4822802820467954e-05,0.003074346356565621,1.2269771248147848e-07,3.961022549017293e-08,1.8603555281657123e-05,1.7572765243140126e-05,5.5258478244909136e-06,1.1540795037010774e-08,3.2095851020632815e-06,3.951803254676739e-06,2.8804987666277198e-06,8.711370974829758e-08,6.23062726697068e-09,6.69378182214239e-06,8.760115383048634e-10,1.931960408214198e-06
11,3.296934285912055e-05,2.2822964117510346e-07,5.131664274219189e-06,3.868523617472586e-05,0.9850214572952152,7.380990806393713e-06,4.8439054580117005e-06,2.593095385993099e-06,0.011764705647817699,5.0915081501086685e-05,0.003010550216575033,1.3035751853931007e-07,5.0387812251326223e-08,1.8428531026175178e-05,1.6551995996315555e-05,6.2772448128509735e-06,1.2635344805271196e-08,3.3384700420581592e-06,4.463277068890409e-06,3.094970663211477e-06,8.496840423912205e-08,6.564744061791491e-09,6.28466752498027e-06,9.922978213323472e-10,1.8142310351755416e-06
12,7.866704580742839e-05,6.090572289654209e-07,1.2002873005390222e-05,0.00011299818138894255,0.9634466028943753,1.3608024292437191e-05,6.005654738568891e-06,1.3313755957752054e-05,0.02841579489293201,0.0001521678180401865,0.0076451965084813125,2.781272372579883e-07,1.1215801645327718e-07,1.5516542932906036e-05,4.363866382971786e-05,1.4389454087563722e-05,2.2066564166773894e-08,4.572298435422468e-06,1.2873803364683781e-05,3.928297799386354e-06,1.129414188706553e-07,2.653400242477545e-08,5.431834998298952e-06,1.2253670287998621e-09,2.1293456973429574e-06
13,4.381585447130363e-05,1.538854748189072e-07,9.645215435688642e-06,4.537025184199149e-05,0.9685360994985666,1.8547117061668878e-06,3.551627709557812e-06,3.51522760320516e-06,0.009453128230111048,6.220285731172928e-05,0.021679690513412994,3.1374032842789476e-07,4.5669958013813127e-08,7.28804369867181e-05,5.853678866997157e-05,3.88985721406524e-06,1.0640482267049925e-08,3.3091920842468094e-06,1.529692457878867e-06,7.276670421585543e-06,1.395987993306033e-07,4.063324011675173e-09,1.0328331263324182e-05,4.731427453266655e-10,2.70697122240009e-06
14,4.542762334357985e-05,1.5996182025055597e-07,5.5825796717917244e-06,3.789023270273071e-05,0.9810773937083144,8.282235058254722e-06,1.013255875531215e-05,3.2518993498899354e-06,0.015452717321860533,7.649406175935715e-05,0.0031970531302203853,2.842878043791686e-07,4.4750747723224984e-08,3.295246215813491e-05,2.136843362653122e-05,6.8883466318561504e-06,2.1736092028679963e-08,3.186534733070962e-06,3.3416246606045037e-06,2.9846875547077845e-06,1.4611132515304728e-07,9.133510017254753e-09,1.0823389582239142e-05,1.7491610280936606e-09,3.561439556008091e-06
15,3.0126340916582917e-05,2.3535253638939744e-07,4.678621942853232e-06,3.677597234781801e-05,0.9851476377426177,7.087931874093079e-06,4.539521763586024e-06,2.2301039696724314e-06,0.011586881385860535,4.4822802820467954e-05,0.003074346356565621,1.2269771248147848e-07,3.961022549017293e-08,1.8603555281657123e-05,1.7572765243140126e-05,5.5258478244909136e-06,1.1540795037010774e-08,3.2095851020632815e-06,3.951803254676739e-06,2.8804987666277198e-06,8.711370974829758e-08,6.23062726697068e-09,6.69378182214239e-06,8.760115383048634e-10,1.931960408214198e-06
16,4.0419466606664264e-05,1.8109874416028979e-07,9.792527072399083e-06,6.213586625164857e-05,0.9865981791825027,9.860145440695984e-06,8.454400109898503e-06,3.978825476799176e-06,0.007353768408385155,4.847513052455396e-05,0.005721901489702562,3.760584115361587e-07,1.0443054429162275e-07,5.113441630661557e-05,3.2416851935181454e-05,1.9328310379627367e-05,1.9622830233778498e-08,1.1076035039939646e-05,4.2928492496191184e-06,8.65987200779442e-06,3.447404811631729e-07,6.7828496177151435e-09,1.3730608588672642e-05,1.8997569878434683e-09,1.3609808011151212e-06
17,2.6429656224121406e-05,3.692991198041309e-07,4.7779616740885975e-06,4.2950582064190555e-05,0.9815768550755689,1.3420074060923613e-05,3.251105232191258e-06,2.693831320568891e-06,0.015135721238571554,6.026848375443455e-05,0.0030610684066996424,9.805077116491398e-08,4.466657964370175e-08,1.3632837166801073e-05,2.5059908024596264e-05,7.477768642860604e-06,1.1111961953704379e-08,5.186736896496247e-06,7.298372449183223e-06,3.323065250219644e-06,1.0407841064900131e-07,7.214306721320057e-09,8.336652163943886e-06,1.0017890996933826e-09,1.6128212961595645e-06
18,4.1957768204138436e-05,2.5414078232856e-07,2.488802429840664e-06,2.033791119813898e-05,0.9882926193944318,3.5773457070822434e-06,5.826748548757793e-06,9.13310053808027e-07,0.008827887126382937,3.27439538366064e-05,0.0027091668515007074,8.146013511966589e-08,1.8219255689354834e-08,2.7018445288368086e-05,1.1890156568642687e-05,1.6649497975280323e-06,2.7294545597300818e-08,2.244812395459406e-06,3.0942843833614874e-06,1.7486488036628897e-06,5.572083808927311e-08,8.360385778388974e-09,7.481843306001029e-06,1.0116134534635544e-09,6.89143960703737e-06
19,3.095145354559727e-05,1.4931516819085858e-07,6.7103530059798094e-06,4.256786378360522e-05,0.9826527307123331,8.917891370249579e-06,8.084057510502119e-06,3.515206407572302e-06,0.014618336884469561,0.00010323708542562016,0.002480075342637065,2.030039764884842e-07,6.250402078742578e-08,1.2201527031692113e-05,1.1123820128293606e-05,6.169859398091319e-06,1.3891324428662411e-08,1.721283870710575e-06,3.349239394736444e-06,3.201990418973277e-06,6.994005272208651e-08,9.39153002179019e-09,4.624396730680735e-06,1.1843546840750878e-09,1.9718021104862564e-06
20,3.641855126674311e-05,1.0172155737527226e-06,9.103132617346416e-06,8.192538371730709e-05,0.9679099370641139,1.5856831299895452e-05,5.672442117372283e-06,9.408341032558893e-06,0.02334936622082498,7.351912847444849e-05,0.008331499871481273,4.5427302024744606e-07,6.112301328546584e-08,2.8059155449481514e-05,0.0001014013174080927,1.0812631498145753e-05,1.7907728611859682e-08,8.165813571669476e-06,6.462402578868e-06,5.187914256053656e-06,2.8014285417783245e-07,2.6882847874152925e-08,1.2010379694338911e-05,1.2881940313660648e-09,3.3345853653382384e-06
21,4.3685205377930685e-05,2.1112988543420875e-07,6.9173937818525076e-06,5.8692319323973716e-05,0.9833377214520495,5.0492810619041e-06,4.647074123961228e-06,2.5865278762649058e-06,0.009885696445823055,3.9930482153898315e-05,0.0065224199773680986,1.7792745833856896e-07,4.952158062151652e-08,3.596390189562066e-05,2.5822470477143996e-05,7.837239605420723e-06,9.769746842083205e-09,4.158517051111016e-06,3.1287566448150023e-06,4.721637033005406e-06,1.22726473074397e-07,4.825983196819712e-09,8.712825153713162e-06,7.244507848231365e-10,1.7318676206729102e-06
22,3.8684671632958705e-05,1.6230209367800648e-07,7.201009019363696e-06,5.833439864682021e-05,0.9819628196069583,5.80489582760014e-06,4.776967954317288e-06,2.6670141992979942e-06,0.010927489339681618,7.098671838779378e-05,0.006848487293615116,1.369307776885684e-07,5.92513027926012e-08,1.991283695565821e-05,1.8832738118261043e-05,7.454269439052481e-06,2.145167744920329e-08,5.229454637200088e-06,3.6629885013897906e-06,5.99203451054428e-06,1.3958350875858005e-07,6.852941046238795e-09,9.483313409022185e-06,8.261331319786813e-10,1.6532500712783367e-06
23,3.0126340916582917e-05,2.3535253638939744e-07,4.678621942853232e-06,3.677597234781801e-05,0.9851476377426177,7.087931874093079e-06,4.539521763586024e-06,2.2301039696724314e-06,0.011586881385860535,4.4822802820467954e-05,0.003074346356565621,1.2269771248147848e-07,3.961022549017293e-08,1.8603555281657123e-05,1.7572765243140126e-05,5.5258478244909136e-06,1.1540795037010774e-08,3.2095851020632815e-06,3.951803254676739e-06,2.8804987666277198e-06,8.711370974829758e-08,6.23062726697068e-09,6.69378182214239e-06,8.760115383048634e-10,1.931960408214198e-06
24,3.112187020397976e-05,2.736100266771843e-07,6.5820446059707884e-06,2.6337308488894947e-05,0.9745113035307832,1.6684137247155157e-05,8.886802196744235e-06,3.5133986258610493e-06,0.0222699431730766,7.695208526665844e-05,0.0029413855039940634,2.0187773422181801e-07,3.8142293199210995e-08,2.192856848468466e-05,4.123028563924952e-05,1.0292580302118941e-05,2.1201321957580215e-08,5.2523324628737805e-06,7.287067330966966e-06,2.5434997558848482e-06,2.4329382393012704e-07,1.0781684929375747e-08,1.5251216073565946e-05,2.0676527940146576e-09,2.7136209239401116e-06
25,1.963085902354643e-05,4.4184439111747117e-07,3.4420485990063905e-06,2.582534881704996e-05,0.985103464406734,1.652648312075747e-05,3.254796038574624e-06,1.2969479153882461e-06,0.01359263116014554,3.092004957319715e-05,0.0011461662693220507,6.596795941455892e-08,2.512523032017504e-08,1.0699360066986166e-05,1.5505395996395056e-05,6.09109410031705e-06,1.065162068317306e-08,3.7592160298566e-06,7.714030623484884e-06,1.7008820088603422e-06,1.1097937747209235e-07,6.673507703243952e-09,8.869513589060746e-06,1.2253401077055748e-09,1.8396708689819443e-06
26,2.8475978496529233e-05,1.7670883900578828e-07,2.76643628174279e-06,2.4774800942575525e-05,0.9827744966308312,9.711470673841785e-06,4.134996664366635e-06,1.255896682848347e-06,0.015538692138252314,4.637056226073799e-05,0.0015225751050379809,5.580271051525149e-08,3.1890684236625e-08,1.0582616828565235e-05,9.437920724923478e-06,4.363088257789863e-06,1.500715355754522e-08,3.823356156279694e-06,4.9436167905220625e-06,1.989203127321932e-06,7.721579691226896e-08,4.887283579610694e-09,9.326773459457994e-06,1.0799044345795906e-09,1.9168161589452265e-06
27,3.2078010121102775e-05,4.941733410611616e-07,4.011122423787218e-06,4.85049406816262e-05,0.9747082484953684,8.591915695250858e-06,4.2962126595309295e-06,3.308803749940305e-06,0.02094334133669072,5.084328553352677e-05,0.00412723029398875,1.343916758909857e-07,3.0133555383312264e-08,1.5842771182671845e-05,2.904354617794055e-05,4.487160237998696e-06,1.0605985193072767e-08,2.9103167858249903e-06,4.473727896090976e-06,2.3228386977663693e-06,6.763163057723927e-08,1.1238561890499126e-08,6.493472202448434e-06,6.72738373383855e-10,3.2229024181672917e-06
28,3.0126340916582917e-05,2.3535253638939744e-07,4.678621942853232e-06,3.677597234781801e-05,0.9851476377426177,7.087931874093079e-06,4.539521763586024e-06,2.2301039696724314e-06,0.011586881385860535,4.4822802820467954e-05,0.003074346356565621,1.2269771248147848e-07,3.961022549017293e-08,1.8603555281657123e-05,1.7572765243140126e-05,5.5258478244909136e-06,1.1540795037010774e-08,3.2095851020632815e-06,3.951803254676739e-06,2.8804987666277198e-06,8.711370974829758e-08,6.23062726697068e-09,6.69378182214239e-06,8.760115383048634e-10,1.931960408214198e-06
29,3.0126340916582917e-05,2.3535253638939744e-07,4.678621942853232e-06,3.677597234781801e-05,0.9851476377426177,7.087931874093079e-06,4.539521763586024e-06,2.2301039696724314e-06,0.011586881385860535,4.4822802820467954e-05,0.003074346356565621,1.2269771248147848e-07,3.961022549017293e-08,1.8603555281657123e-05,1.7572765243140126e-05,5.5258478244909136e-06,1.1540795037010774e-08,3.2095851020632815e-06,3.951803254676739e-06,2.8804987666277198e-06,8.711370974829758e-08,6.23062726697068e-09,6.69378182214239e-06,8.760115383048634e-10,1.931960408214198e-06
30,3.0126340916582917e-05,2.3535253638939744e-07,4.678621942853232e-06,3.677597234781801e-05,0.9851476377426177,7.087931874093079e-06,4.539521763586024e-06,2.2301039696724314e-06,0.011586881385860535,4.4822802820467954e-05,0.003074346356565621,1.2269771248147848e-07,3.961022549017293e-08,1.8603555281657123e-05,1.7572765243140126e-05,5.5258478244909136e-06,1.1540795037010774e-08,3.2095851020632815e-06,3.951803254676739e-06,2.8804987666277198e-06,8.711370974829758e-08,6.23062726697068e-09,6.69378182214239e-06,8.760115383048634e-10,1.931960408214198e-06
31,5.285953863733322e-05,3.1762184475814634e-07,9.427908164143439e-06,4.760173610209527e-05,0.9837679211049698,6.731461821866818e-06,4.431369086169455e-06,6.365648868864977e-06,0.011949983493261164,5.239584430108704e-05,0.0040196030954969455,2.3064526146611212e-07,1.0562344596664126e-07,2.328451889793525e-05,2.474236221587351e-05,1.1267589082269185e-05,1.6083122215716665e-08,5.118361101052705e-06,7.767498269938364e-06,3.6602988767434544e-06,1.1895479734703563e-07,9.34319086187048e-09,4.664732666311834e-06,1.18882037339586e-09,1.373977697331072e-06
32,3.119167172563656e-05,2.829402519525759e-07,4.784645523507564e-06,3.604891839452215e-05,0.985621105513513,7.676287873982604e-06,4.082191906241172e-06,2.2351853268319428e-06,0.011417644209432767,4.290951916723768e-05,0.0027721077994714814,1.0977890414932254e-07,4.307169525933797e-08,1.7248535673080496e-05,1.7090771381677528e-05,5.863554310290475e-06,1.2001487478750499e-08,3.4964438065774194e-06,5.08918767261593e-06,2.7303537464503516e-06,8.404142092797536e-08,6.631416479383866e-09,6.324121093976506e-06,9.47197840477903e-10,1.8316776060157646e-06
33,3.617719825067359e-05,2.638670636265562e-07,4.930674559001624e-06,4.083725301418267e-05,0.9879968730603285,9.09970335644382e-06,5.447984284367258e-06,2.4722665983754908e-06,0.009609237374139155,4.406579056146796e-05,0.002188711607293311,1.2640936153021384e-07,5.9472035614696197e-08,1.874711491620641e-05,1.33158894318137e-05,8.207294212362179e-06,1.6460672766955504e-08,4.354428925606593e-06,6.399723920396669e-06,2.8957246074228847e-06,8.922862395550117e-08,7.946017484391131e-09,5.974937997529678e-06,1.4056734493250283e-09,1.6871841549424972e-06
34,1.7415143851483827e-05,3.240810964509886e-07,5.162431038638727e-06,4.7636084898625804e-05,0.9816612428159994,1.653895454977508e-05,8.010500034175801e-06,2.9784038270643624e-06,0.01518658376981423,6.46120431762984e-05,0.002910801617578453,2.3808710021515804e-07,4.049786017782619e-08,1.7882868688856714e-05,2.6466617339482608e-05,7.680341029004884e-06,1.542156233181322e-08,4.202719702705219e-06,3.3770693675121777e-06,4.119282161500134e-06,1.6705762760773516e-07,1.2038157961640923e-08,1.1607701313620988e-05,1.4271329300017985e-09,2.8830250916812616e-06
35,7.500499854904945e-05,8.613035648583629e-07,3.973781595040298e-06,7.253866126546293e-05,0.9378151026385848,8.582873518811558e-06,3.162402441230872e-06,9.975661475277522e-06,0.05802184883728575,4.831186492796792e-05,0.0038847342004114014,1.1422109491987945e-07,3.658036082875172e-08,6.002312993137028e-06,2.511535328729141e-05,5.84914255300386e-06,1.1812845756524955e-08,2.717081321186684e-06,1.012298834270041e-05,1.0389886298624317e-06,3.6128452533592696e-08,2.5259102354789055e-08,2.4732777888586153e-06,3.589568573085467e-10,2.3592706510602363e-06
36,5.902327223847296e-05,3.8007239829541863e-07,7.10094550229462e-06,6.310782486212991e-05,0.977220576983252,8.868131251559741e-06,1.804440178777712e-05,8.696654847921453e-06,0.015731520381087053,5.5808910614947676e-05,0.0066845074354146446,8.551939137875342e-07,8.249298524596337e-08,5.456627186709237e-05,4.3264471128590274e-05,1.1837420145493866e-05,4.214785971392417e-08,8.08090942051742e-06,4.511499135184199e-06,4.652783460019011e-06,1.8414774546012184e-07,3.1277402947490504e-08,9.200078389027166e-06,2.016324113703796e-09,5.054276966031354e-06
37,5.727529959653172e-05,1.0999154543193629e-07,5.603293706002936e-06,2.631221211478382e-05,0.9941218144114208,4.342700562508712e-06,8.070533350147263e-06,1.0082200612008933e-06,0.0035571130924757816,2.9926669513776045e-05,0.0020789406744495358,1.386178495315104e-07,6.600540508339748e-08,6.745260122008618e-05,9.562810375324153e-06,7.856370549399606e-06,2.000811743897816e-08,4.551444337794539e-06,4.136780774231167e-06,3.4625233780026027e-06,1.361777433424988e-07,3.1335581169926533e-09,1.0198118029699678e-05,2.710812656850432e-09,1.8955990530153448e-06
38,3.488358900339456e-05,3.215350584536382e-07,7.572342499428824e-06,5.4309875965758484e-05,0.9819763324399768,2.1090097645070567e-05,8.82350607706936e-06,3.8069295218325594e-06,0.014377471053516971,5.901815520805783e-05,0.0033426601542957085,2.494641494405547e-07,7.793887740367654e-08,2.456697856441094e-05,3.261597371013254e-05,1.880765874238349e-05,1.813213314038749e-08,8.532242190375625e-06,7.800758883971007e-06,4.43522015140184e-06,2.679717476031517e-07,1.0505046251432377e-08,1.4663193823099741e-05,2.167712868962438e-09,1.6621154987529607e-06
39,2.3960626362863443e-05,5.392864863998788e-07,1.112364114471039e-05,5.1709868210975135e-05,0.9804994888349612,3.248503075314263e-05,5.708499992027121e-06,6.242489550500434e-06,0.017380541554275455,4.452444471145194e-05,0.001839420779411874,3.355592757381232e-07,8.178382582054718e-08,1.1454900070531704e-05,3.0560863329068295e-05,2.6158750415337104e-05,2.6057619340164023e-08,8.636657148557692e-06,1.1193289356537367e-05,3.874354980456443e-06,5.227732518680378e-07,1.99111136385633e-08,1.0165183520432834e-05,2.0311353805653368e-09,1.2228290967372895e-06
40,2.9792626128873e-05,2.3071853406249676e-07,4.646292794560969e-06,3.513723786140023e-05,0.9856484971635138,6.675473671861461e-06,4.435373318094456e-06,2.143326692042757e-06,0.011127528751766232,4.27430317611233e-05,0.003038359071423054,1.212766294504308e-07,3.8638470010756216e-08,1.892444369763583e-05,1.7210999025606195e-05,5.2908915965922455e-06,1.12015341855802e-08,3.080284811112653e-06,3.826188220630962e-06,2.8194239753329876e-06,8.472531316129065e-08,5.9795736672480585e-09,6.476546130177318e-06,8.514121874980031e-10,1.919482145331595e-06
41,0.00010958654973459265,1.4645918651954625e-07,1.5166812790452091e-05,4.9383719861014925e-05,0.9855968821750344,4.011203864698746e-05,0.0002206125962912392,3.2800589354906633e-06,0.00958885567253197,0.00035178335893422966,0.0036446524897661664,3.4013215832141075e-06,1.1361285349562483e-07,0.00016748171955156837,3.261095753735333e-05,1.642608852602759e-05,5.549050482612795e-07,9.55567843381595e-06,4.75212958291149e-06,8.87507477852345e-06,1.8093061518812666e-06,9.18625068664942e-08,9.79366671796453e-05,4.89645136786327e-08,3.5879780039703775e-05
42,4.310307400752671e-05,1.5467514744014406e-06,1.3953343823887989e-05,0.00013057451085688652,0.9569676213317537,2.89320861335592e-05,4.259415920052822e-06,1.5696755137613454e-05,0.03914670309423758,6.439739979703577e-05,0.0034748236542315875,2.6782296541965907e-07,8.820165777428283e-08,5.929481387478017e-06,3.596828126165715e-05,2.874795968720538e-05,2.45773190596414e-08,5.933857433531195e-06,2.3031709904928394e-05,2.6824842026371185e-06,1.8497747709283358e-07,5.6159789806899286e-08,4.167170073017123e-06,1.0142222820799368e-09,1.3048852442773423e-06
43,3.2587269236380625e-05,2.564958354008637e-07,3.7767059629589773e-06,3.146069476694528e-05,0.9862187401625836,4.2734181269913194e-06,4.199943176558915e-06,1.6522908884498999e-06,0.009728305551518721,2.969652969574541e-05,0.0038764418241088493,1.1379807573092596e-07,2.894715206407628e-08,2.874274590809504e-05,1.888593342223569e-05,3.7434619260178364e-06,8.77047715006666e-09,2.7473500733995156e-06,3.0540005428547362e-06,2.4054543040739874e-06,5.683713443317283e-08,4.902325947925178e-09,6.173296760970842e-06,6.659711454803613e-10,2.6429500254036762e-06
44,3.0126340916582917e-05,2.3535253638939744e-07,4.678621942853232e-06,3.677597234781801e-05,0.9851476377426177,7.087931874093079e-06,4.539521763586024e-06,2.2301039696724314e-06,0.011586881385860535,4.4822802820467954e-05,0.003074346356565621,1.2269771248147848e-07,3.961022549017293e-08,1.8603555281657123e-05,1.7572765243140126e-05,5.5258478244909136e-06,1.1540795037010774e-08,3.2095851020632815e-06,3.951803254676739e-06,2.8804987666277198e-06,8.711370974829758e-08,6.23062726697068e-09,6.69378182214239e-06,8.760115383048634e-10,1.931960408214198e-06
45,3.026538763892131e-05,2.365722184059432e-07,4.715297535572843e-06,3.705412394828057e-05,0.9850558648111352,7.1732424224393654e-06,4.592922984499188e-06,2.2829949332320495e-06,0.01166892174831699,4.527563942071383e-05,0.0030826017557670296,1.2439692141344e-07,4.0254241349735674e-08,1.861918780140448e-05,1.7759104706109963e-05,5.627527071330871e-06,1.1599288927233022e-08,3.2465426181641185e-06,3.9982838477703585e-06,2.8961202657728636e-06,8.767035265793077e-08,6.3146762227588075e-09,6.675399152039285e-06,8.856576590395588e-10,1.922217078069627e-06
46,0.00010876856084167166,1.7471280357418604e-07,9.33605540949547e-06,0.00012047817901977697,0.9847211397491342,1.649117842980517e-05,1.453584347239791e-05,4.784154675964092e-06,0.011879234273877754,0.00015390281552523608,0.0029050510591457613,3.267036650682522e-07,1.5332324741941506e-07,1.4630965155869916e-05,6.7216750940343845e-06,1.4850655887836622e-05,1.2159192016938753e-07,4.879308959444407e-06,8.157033212014708e-06,5.2939523606831766e-06,2.0568873451307448e-07,3.266300811358585e-08,8.001008465938613e-06,3.2168369223130598e-09,2.7256311166283384e-06
47,0.00011625734280424427,2.7284372932241084e-07,1.2139622756950092e-05,0.00010943217800483858,0.9842037787991358,1.3387679763635183e-05,1.1162334730510732e-05,5.921090098369375e-06,0.012572367974413405,8.40396720711114e-05,0.0027818848912272093,3.373811396963497e-07,1.6691234860840036e-07,2.2915816474578393e-05,1.140085060445284e-05,2.5238451696212665e-05,4.000047831988488e-08,5.170312159086537e-06,1.1690860439772892e-05,3.745757414277343e-06,1.657571751403223e-07,1.9620535202959806e-08,6.706397065165402e-06,2.9283495383949013e-09,1.7545253847457238e-06
48,5.401805975875884e-05,3.899205640228226e-07,5.606043521855967e-06,4.271001475835461e-05,0.985981748030596,2.1206529869575513e-05,7.731553868784535e-06,3.995433982543275e-06,0.012428082499086585,9.775208256605758e-05,0.00128355602359481,1.4051206682219843e-07,1.0267448656635295e-07,1.348332414306781e-05,1.1625738466694212e-05,1.1897565533467837e-05,4.586393509706483e-08,6.112395430877085e-06,1.8884538768084092e-05,2.576824439217494e-06,1.0700049697064288e-07,1.9967950611568122e-08,5.986524908173322e-06,3.984485647839307e-09,2.2168927213928976e-06
49,2.4780364449721422e-05,3.5101779915494126e-07,6.817726484430128e-06,4.802641391105816e-05,0.9815493541890765,1.2605059255762923e-05,5.417379099429896e-06,3.5731144212149073e-06,0.015448026620891158,5.9331421098511304e-05,0.002783121436055604,2.09499959396752e-07,5.001237242974853e-08,1.188739662450128e-05,1.956513509507628e-05,7.482830869873132e-06,1.4302568375826072e-08,3.0773510817974005e-06,4.64344848627551e-06,3.3943840902704163e-06,1.238676279590749e-07,1.3252697176958595e-08,6.1772873154083825e-06,1.0253316347054875e-09,1.955463337458027e-06
50,3.992881683912354e-05,1.5419546577906814e-07,4.7690421041673126e-06,3.6411513991360556e-05,0.9865882348834797,5.628437749412006e-06,6.311915627644554e-06,2.43006491915389e-06,0.009999106716492267,6.069202114228752e-05,0.003196297268138439,1.3316870929955857e-07,5.0784190602493544e-08,2.32985400610775e-05,1.3962475446042575e-05,5.365739888527174e-06,1.3138904347180262e-08,2.752318739070324e-06,3.6864757785767026e-06,3.0431849460816563e-06,6.495795584924331e-08,5.663531244314456e-09,5.600712357428672e-06,1.0833122748105814e-09,2.0568802302039285e-06
51,4.960118455509747e-05,1.1875406036225718e-05,8.319823598847295e-06,0.000532343758390191,0.9192420896898439,2.1874739030381733e-05,2.7029567448622978e-06,2.3496375774254036e-05,0.05628298459891479,5.567150138207115e-05,0.023428206601494087,3.958992308708197e-07,4.661107599108944e-08,2.0697936933370344e-05,0.00026712811969216985,1.0639656285695237e-05,1.1623671296696494e-08,9.852594439069628e-06,1.0711952835117285e-05,5.158468088677735e-06,1.5430284386738624e-07,1.0686906855103057e-07,9.313582087118114e-06,4.525748098833533e-10,6.615295408847297e-06
52,2.3148091504693213e-05,2.632057327731401e-07,4.347393223917871e-06,2.068567650657165e-05,0.9906236297974296,3.792286147440125e-06,5.55812178045686e-06,7.322063699174725e-07,0.0074228423685481736,1.423125722208305e-05,0.0018273155783871784,1.0300539926251043e-07,1.658781337642238e-08,2.2929651535720442e-05,9.981210671007333e-06,3.4581540403231553e-06,1.5719171248752214e-08,1.638870519950354e-06,2.361510290090866e-06,1.3500153914904922e-06,1.0513782644537649e-07,6.066711283732182e-09,7.96207806978442e-06,8.28318705711843e-10,3.5251813885993664e-06
53,1.9623450257620828e-05,7.289814677298924e-08,4.702594743900905e-06,3.6597448762100914e-05,0.9856821257115039,5.516338977872829e-06,1.1058315417501765e-05,1.3289254124710083e-06,0.00948278708113395,4.450590971530924e-05,0.004626959688657726,2.146333550994793e-07,3.23533026978138e-08,3.322103144010847e-05,1.651383828968171e-05,5.742728792429908e-06,1.1451556909156775e-08,3.4157094587694256e-06,9.849134475882422e-07,5.447756787695646e-06,1.6706928221810436e-07,3.6093128198425366e-09,1.665625686915595e-05,9.066154790649317e-10,2.3093787602099866e-06
54,3.745147972727592e-05,1.0553696857972337e-06,3.6071455052004113e-06,3.964475313427842e-05,0.9801328045147568,7.5811781877884455e-06,5.019317200597816e-06,2.478441700115152e-06,0.016196002698727376,3.068168474012537e-05,0.0034428573273164557,1.3983830141092778e-07,1.982330640606206e-08,3.1998989740191796e-05,4.240201677966573e-05,3.597404091474935e-06,9.327920058818069e-09,2.3451754676915495e-06,5.237924770941166e-06,1.4836136302015525e-06,6.312755050397488e-08,1.2936804923454012e-08,6.944323121700912e-06,9.571663620332063e-10,6.5606306665519084e-06
55,2.9016253493826144e-05,2.146885234518989e-07,4.609300671536658e-06,3.448070802790386e-05,0.9853172134387502,7.1768931993903e-06,5.203933808131739e-06,2.417514449449286e-06,0.0116496206232655,4.2047605218345945e-05,0.0028468597989516724,1.5041991551550457e-07,4.255978617952296e-08,1.9553571186838815e-05,1.7144650530790285e-05,5.960335978751117e-06,1.1207151378056191e-08,3.318312526817602e-06,3.6412428929380667e-06,2.9051187638963666e-06,8.700102124841297e-08,6.346087138520598e-09,6.4140243764151345e-06,9.206928196897918e-10,1.9035307297099793e-06
56,3.1831457834258475e-05,2.264272233876855e-07,4.984078691306211e-06,3.9146104270325394e-05,0.9851371715996698,7.634285952496685e-06,4.819419765643902e-06,2.534307022624709e-06,0.011718497947593354,4.9211410338740546e-05,0.002944032885637256,1.294799159679223e-07,4.888726563145588e-08,1.7992910452226702e-05,1.6375622037232827e-05,6.257374338238666e-06,1.2336501560129115e-08,3.3761868410045596e-06,4.311620906083742e-06,3.133351318050758e-06,8.701265445742428e-08,6.461227770974741e-09,6.377603932898317e-06,9.679087641514988e-10,1.80026070099425e-06
57,1.722665450829048e-05,1.155704430331349e-07,8.03414764767721e-06,1.8080600497406676e-05,0.9902043524078099,5.414327678894658e-06,3.999076632037743e-06,1.891659026721885e-06,0.008112821561109105,4.166306668387734e-05,0.0015503340026887884,1.5111929106925533e-07,4.685585005063017e-08,1.0253353388487108e-05,8.47321192526904e-06,5.528997955064232e-06,1.0106418062955913e-08,1.3857303094385285e-06,2.967666464421096e-06,2.7524197304030957e-06,9.234624054496045e-08,4.653050715703743e-09,3.4095129361395547e-06,8.005631175753314e-10,9.901511513931978e-07
58,3.113650241189953e-05,2.2645523454675434e-07,4.981959279738317e-06,3.2383569454915614e-05,0.9870422740705627,8.914975531378186e-06,5.263165420276172e-06,2.2785370798518087e-06,0.010554894425884323,5.32650704230254e-05,0.002203599701770624,1.3368121003226156e-07,5.1330871278822534e-08,1.8612124619375756e-05,1.5149328289489321e-05,6.389843300026555e-06,1.4450943590734239e-08,3.5537905252051014e-06,5.057727849411235e-06,2.9163383619373767e-06,9.78026793327134e-08,6.916209203980255e-09,6.917091941716014e-06,1.399291897164187e-09,1.8797408543180079e-06
59,2.9307706743109154e-05,2.0966705156858322e-07,5.5619234594662244e-06,3.248385105537468e-05,0.9875590053094362,7.829748615007843e-06,5.023701207857492e-06,2.2263041653362547e-06,0.0098994048192588,4.961313985730896e-05,0.002350725109389273,1.3686034588836337e-07,5.121285582492722e-08,1.827270606099239e-05,1.4542227289940437e-05,6.417205545700837e-06,1.3672475120665788e-08,3.2557227901432306e-06,4.490218403041265e-06,3.0976388464537508e-06,1.0115315517251299e-07,6.4442517239339165e-09,6.5142725419909285e-06,1.233117108083931e-09,1.7081520814353946e-06
60,3.0126340916582917e-05,2.3535253638939744e-07,4.678621942853232e-06,3.677597234781801e-05,0.9851476377426177,7.087931874093079e-06,4.539521763586024e-06,2.2301039696724314e-06,0.011586881385860535,4.4822802820467954e-05,0.003074346356565621,1.2269771248147848e-07,3.961022549017293e-08,1.8603555281657123e-05,1.7572765243140126e-05,5.5258478244909136e-06,1.1540795037010774e-08,3.2095851020632815e-06,3.951803254676739e-06,2.8804987666277198e-06,8.711370974829758e-08,6.23062726697068e-09,6.69378182214239e-06,8.760115383048634e-10,1.931960408214198e-06
61,2.926929023962275e-05,2.0791858345158394e-07,5.22972675493505e-06,2.9826307549446626e-05,0.9871985007648202,7.230969664988146e-06,4.8569057834239175e-06,2.032364940578558e-06,0.010200722485706862,4.598356877827667e-05,0.002418142221047963,1.2897293627369014e-07,4.418102121673876e-08,1.860024764765056e-05,1.4956556198287707e-05,5.748822663688591e-06,1.2804820628726125e-08,2.9856160177274715e-06,4.215852165468799e-06,2.7939189799898393e-06,9.580862620981872e-08,6.039178068241627e-09,6.5889761520245816e-06,1.1166992176220145e-09,1.8185630238014567e-06
62,3.0126340916582917e-05,2.3535253638939744e-07,4.678621942853232e-06,3.677597234781801e-05,0.9851476377426177,7.087931874093079e-06,4.539521763586024e-06,2.2301039696724314e-06,0.011586881385860535,4.4822802820467954e-05,0.003074346356565621,1.2269771248147848e-07,3.961022549017293e-08,1.8603555281657123e-05,1.7572765243140126e-05,5.5258478244909136e-06,1.1540795037010774e-08,3.2095851020632815e-06,3.951803254676739e-06,2.8804987666277198e-06,8.711370974829758e-08,6.23062726697068e-09,6.69378182214239e-06,8.760115383048634e-10,1.931960408214198e-06
63,3.0374502602245207e-05,3.561848890673448e-07,4.588165331767862e-06,3.896773296770456e-05,0.9834077247072841,7.971083196944353e-06,4.0426408613803965e-06,2.3564499956148864e-06,0.01324955132386999,4.1144520770709675e-05,0.003149041957041382,1.1444400478137277e-07,3.674879741506993e-08,1.7254498327267873e-05,2.106534209406584e-05,5.371270995454014e-06,1.1620972568310042e-08,3.439007544361449e-06,4.755675045505204e-06,2.6311914936874594e-06,8.886634192793831e-08,7.663075093416517e-09,6.904130069532581e-06,8.497056316470239e-10,2.1994227218420086e-06
64,2.7067600749570553e-05,2.2259789990615584e-07,6.4895286450279656e-06,3.428483495519138e-05,0.9861672714989805,8.022258823637499e-06,4.612270832561076e-06,2.0442310013578858e-06,0.01087123932909358,4.281580841020167e-05,0.002772690051683902,1.5136573183972187e-07,4.106841325692994e-08,1.8081481914920843e-05,1.765182712885629e-05,6.631647265239448e-06,1.4069141834556755e-08,3.1335445213750604e-06,3.7389984034488906e-06,3.2173812354125653e-06,1.5963721453825516e-07,6.4691030524173035e-09,8.627686561303281e-06,1.0264532617589544e-09,1.7837858361031545e-06
65,2.65961875936629e-05,2.75717497733019e-07,4.525613264814491e-06,3.5141510355539616e-05,0.9860083298265041,8.243056315351158e-06,4.678944056204988e-06,1.9437772643207994e-06,0.011150906279573606,3.8473382394328004e-05,0.002656263896096918,1.2524675219006303e-07,3.6162273124429975e-08,1.9325753259917832e-05,1.8438258626673434e-05,5.658129870471308e-06,1.2457341547935398e-08,3.6504305047015376e-06,3.988436214089815e-06,2.918509452266137e-06,1.0984804994990568e-07,6.65812675006298e-09,8.180941661051424e-06,1.0067316677279432e-09,2.1699702191461865e-06
66,2.8422835536539438e-05,1.6009178194216804e-07,4.611455384880185e-06,3.116074265523099e-05,0.9876431120308188,5.797103404688067e-06,4.334115034873095e-06,1.831500216893502e-06,0.009679534684119051,4.258313787304038e-05,0.00251034884875997,1.0002812682346993e-07,4.11452137402272e-08,1.5705457409904505e-05,1.1612137590443626e-05,5.086610365088306e-06,1.049527642004836e-08,2.5062936686826407e-06,3.4895689825673553e-06,2.734017839562264e-06,7.035831327303438e-08,4.638603493165483e-09,5.252766777910904e-06,7.905411738595311e-10,1.4891457051388464e-06
67,2.0961506449387993e-05,9.583512470686294e-07,5.300493531505096e-06,6.250491650367643e-05,0.9811299690683207,4.777861626847205e-05,9.578472010470874e-06,1.8635637139451274e-06,0.015483915888065766,4.641130934236693e-05,0.002984158568345361,3.126691125157254e-07,4.0490078955747627e-08,4.048032598016861e-05,5.4110957362586805e-05,1.1426602557828337e-05,3.846422888491557e-08,1.625170580904265e-05,6.520036371886465e-06,6.849326357657016e-06,6.93687020390746e-07,2.0164755771431313e-08,6.163069520082457e-05,4.0897562317597044e-09,8.22003160807908e-06
68,1.984399860258731e-05,2.7857143519210305e-07,5.231313352061025e-06,3.8015818167137624e-05,0.9843666725022583,1.3934639614424444e-05,5.758765447943865e-06,3.326784525671479e-06,0.012277034661267646,5.1255971847479306e-05,0.0031377239027829255,2.4705640446883863e-07,4.6186320248033935e-08,1.8682907908598954e-05,2.993792235526932e-05,7.113425616995722e-06,1.3016940620724682e-08,5.324122913065056e-06,3.4482097127779273e-06,4.4943540811486825e-06,1.9171382254266024e-07,9.104761859517693e-09,9.40268656493751e-06,1.164334945637823e-09,2.011198961384229e-06
69,2.4462724371188544e-05,2.507924005380195e-07,3.898273019894565e-06,5.5158014391542655e-05,0.9711037926055094,7.095643601832261e-06,3.6478499274610015e-06,2.7176423807207946e-06,0.019523020822667693,5.936102520929882e-05,0.009130311523388425,1.4465808784320626e-07,2.9135374792877485e-08,1.732625857208633e-05,3.775001187558767e-05,3.651421043837427e-06,1.0792697585346028e-08,4.813433007780965e-06,2.0028386310064876e-06,5.31389086951618e-06,1.207587431205669e-07,6.918759353812852e-09,1.2405957675089813e-05,4.105201629685056e-10,2.706597274456605e-06
70,3.188782720232224e-05,2.348346293271425e-07,4.391495463672159e-06,3.280664810986679e-05,0.9862818648930988,6.625250765075794e-06,4.466137614756418e-06,2.0895219402679945e-06,0.010640524979352643,4.2672340951601723e-05,0.002890889821934744,1.1659925366630276e-07,3.9137163085709395e-08,2.0066322032933493e-05,1.719715155139591e-05,5.154509984486873e-06,1.2502358829956232e-08,3.334269886541658e-06,4.211076298248492e-06,2.695584283352045e-06,8.524614797984586e-08,6.110212708718962e-09,6.615561800446971e-06,9.483290380250476e-10,2.0112296340645694e-06
