,0,1,2,3,4,5,6,7,8,9,10,11,12,13,14,15,16,17,18,19,20,21,22,23,24
0,2.978429967885228e-08,5.454655579793993e-06,4.4398395913577945e-09,1.6071607284627115e-08,0.9926572148954593,2.9434811963358586e-06,1.669663520757631e-05,2.6482577817531313e-08,0.0005727898083391762,2.1714899922545083e-10,1.2141209188740716e-05,1.5353478798647264e-08,3.443927423462523e-08,9.381278510326974e-06,0.006177750032214205,3.378766916306713e-05,6.99759051569755e-05,3.648820918730105e-08,6.803074876443117e-09,2.562648936657077e-06,2.3511880755407574e-07,4.5382314369065366e-07,1.936609333865435e-07,4.228258242408198e-10,0.00043824867582684346
1,3.3286781426162305e-08,5.0728832249011375e-06,5.073740662341418e-09,8.35098582793775e-09,0.9883008914371629,3.6857117075082303e-06,1.2709704317863597e-05,2.948122477213644e-08,0.0011108660798462594,1.7729936387082961e-10,8.548728424839483e-06,1.252770265369356e-08,4.5098984689916965e-08,3.863374460801682e-06,0.01016579986273225,7.020388145377079e-05,5.135520152967231e-05,2.7802429268778663e-08,1.3864765069484746e-08,2.654228149404233e-06,2.0988696303321386e-07,4.2806765279967714e-07,8.320869469583163e-08,4.812843241189678e-10,0.0002634515984812602
2,2.2696430921009868e-08,3.9405422614286754e-06,2.3444134227087358e-09,5.9890115595549e-09,0.9931835423805988,1.879538082075974e-06,9.734150900316772e-06,1.409117667064446e-08,0.0005029340299855929,1.1849691693006462e-10,5.633633276785328e-06,8.05512743843465e-09,3.1115599430523964e-08,4.253109243065108e-06,0.005900946770931432,2.5158550559390397e-05,4.6125302643704656e-05,2.0080348630209315e-08,5.473858132847913e-09,2.315228770788909e-06,1.2838912102193478e-07,2.2423271133949592e-07,8.754531586381303e-08,2.460249685717028e-10,0.0003129863851104016
3,2.6480578232030755e-08,4.628943767522665e-06,3.74548415194293e-09,1.106583009026301e-08,0.9922707789602129,3.060767462680287e-06,1.1982846558703036e-05,2.321402682006512e-08,0.000666081782501031,1.5251843767565335e-10,1.0972745112688334e-05,1.2086260580589527e-08,3.934140294685939e-08,5.899227294307866e-06,0.006603874230308666,3.886570476082173e-05,7.168007150845075e-05,2.8829721381871008e-08,8.603463231182798e-09,2.5821981778769884e-06,2.2031262058313263e-07,4.253798403924488e-07,1.3760947429963912e-07,4.5976039950455303e-10,0.0003086552413528936
4,2.9527063203249504e-08,4.65548547195455e-06,3.8564818906199585e-09,1.1572383237591955e-08,0.9924924456217715,3.0515728928588584e-06,1.2185127886052415e-05,2.162750584245265e-08,0.000722142955216566,1.4362156363230014e-10,1.0869901684138478e-05,1.5091427231129794e-08,5.515360967282277e-08,6.327268016506771e-06,0.006289085772954768,3.805181590038345e-05,7.965721341563679e-05,3.071520928482376e-08,8.96807230433407e-09,2.6868681029936054e-06,2.414421954342422e-07,4.376346939615852e-07,1.3517201758225389e-07,5.05656666321184e-10,0.0003378489867484256
5,3.256155050447299e-08,5.7234193367450374e-06,4.192712406553834e-09,1.9800743903212114e-08,0.9917152348954889,3.563663796043697e-06,1.4270821147775097e-05,2.7738248416494712e-08,0.0007309855010881671,2.3454951415369905e-10,1.3558683886414798e-05,1.8294407039601205e-08,5.135563238363523e-08,9.743111804824806e-06,0.006899392519325502,4.4286890341697066e-05,0.00010900415288181501,5.119175184162681e-08,8.97240251084031e-09,3.576467978554874e-06,3.1858646505029114e-07,6.632047314011179e-07,2.0308542643594468e-07,5.954642773560653e-10,0.00044926005883786166
6,2.6480578232030755e-08,4.628943767522665e-06,3.74548415194293e-09,1.106583009026301e-08,0.9922707789602129,3.060767462680287e-06,1.1982846558703036e-05,2.321402682006512e-08,0.000666081782501031,1.5251843767565335e-10,1.0972745112688334e-05,1.2086260580589527e-08,3.934140294685939e-08,5.899227294307866e-06,0.006603874230308666,3.886570476082173e-05,7.168007150845075e-05,2.8829721381871008e-08,8.603463231182798e-09,2.5821981778769884e-06,2.2031262058313263e-07,4.253798403924488e-07,1.3760947429963912e-07,4.5976039950455303e-10,0.0003086552413528936
7,6.493809667910124e-08,3.3274453153667575e-06,9.119209977527643e-09,5.918314555323551e-09,0.9959748827961578,3.831134304486992e-06,1.3818029167385635e-05,2.8527830757674784e-08,0.000516780536673503,1.3554395861106389e-10,1.155173874066552e-05,8.616842321541886e-09,5.1281541458570646e-08,3.7166307820650066e-06,0.0031981002866670106,2.509649799436597e-05,3.9734428545926186e-05,2.5633837369612045e-08,1.2762408671925705e-08,1.6855427706862497e-06,1.0391203633997884e-07,1.2864175808344393e-07,1.0106371100968568e-07,6.681252237204513e-10,0.00020693371362423012
8,2.831296028392741e-08,7.0878069972619585e-06,5.244493879863439e-09,2.4506053118549052e-08,0.9961799792923586,3.7696948745405543e-06,1.5340307157242653e-05,2.9403313953172044e-08,0.00038958931296162154,2.7477250088368816e-10,1.2561976909560345e-05,1.3187087362643674e-08,3.3040736368817574e-08,1.3163703347414443e-05,0.0029720285429192775,2.8109684178509892e-05,4.955665548637794e-05,1.981113706214604e-08,6.6746683198502506e-09,3.507676970432153e-06,1.5748921529921582e-07,1.880629398778702e-07,3.7637856765104856e-07,5.679143603626281e-10,0.000324422391979369
9,2.573442075584538e-08,9.559870347830393e-06,7.457882602698682e-09,4.314801760008557e-08,0.9910714286294577,5.311548719616355e-06,2.188466976190586e-05,3.876879626482317e-08,0.0008279754964808982,4.53291705491444e-10,1.4504772513167114e-05,2.7911755586116607e-08,5.2274742238606455e-08,1.5391719229936915e-05,0.007348555788162392,5.927504445397658e-05,8.272721718357211e-05,3.471215196161311e-08,9.406329322626069e-09,5.3481719158478365e-06,4.708383583856878e-07,5.826461890935944e-07,4.2381976273599257e-07,7.235772316433667e-10,0.0005363191764976862
10,2.6480578232030755e-08,4.628943767522665e-06,3.74548415194293e-09,1.106583009026301e-08,0.9922707789602129,3.060767462680287e-06,1.1982846558703036e-05,2.321402682006512e-08,0.000666081782501031,1.5251843767565335e-10,1.0972745112688334e-05,1.2086260580589527e-08,3.934140294685939e-08,5.899227294307866e-06,0.006603874230308666,3.886570476082173e-05,7.168007150845075e-05,2.8829721381871008e-08,8.603463231182798e-09,2.5821981778769884e-06,2.2031262058313263e-07,4.253798403924488e-07,1.3760947429963912e-07,4.5976039950455303e-10,0.0003086552413528936
11,2.7803256329866416e-08,4.444807471348203e-06,3.876125397675607e-09,1.0883794033993979e-08,0.9926463581778038,3.0047210497189724e-06,1.2002815463449997e-05,2.2499194769644914e-08,0.0006774874237804849,1.4606980491455134e-10,1.0700500377511335e-05,1.3224719366905089e-08,4.871503251556717e-08,5.638131589794498e-06,0.006220711029312752,3.887655997453238e-05,7.302520694839027e-05,2.8294249165274493e-08,8.851004022223781e-09,2.7007435189715438e-06,2.2072636653682102e-07,4.029180517674402e-07,1.3482233732166663e-07,4.98014963743008e-10,0.00030412662449314296
12,3.358802338074295e-08,5.528556958840169e-06,1.0477035409919804e-08,1.8158071071363997e-08,0.9736539017173288,4.891332134582109e-06,2.6735715565588087e-05,9.592363024492663e-08,0.001739124002032744,1.6467256958649862e-10,3.7713729621549386e-05,3.6758087537098995e-08,5.6356498129265974e-08,4.015259901605655e-06,0.024145380723938417,0.0001269597285680453,4.423204377687005e-05,2.681271908578458e-08,3.626772996772386e-08,2.6779089991056296e-06,3.3081784944562877e-07,1.0532489466964472e-06,1.6291031190639774e-07,1.482439618403202e-09,0.00020697631515864006
13,2.502194358426048e-08,4.950179765334101e-06,5.208631027335638e-09,2.2713672275683276e-08,0.9917242342872221,3.2293789227148225e-06,1.7955466927627226e-05,4.269477467903462e-08,0.0006551778606628923,1.2738008326959438e-10,3.510859490104984e-05,2.8891505231959892e-08,5.132228448233101e-08,1.185470743741397e-05,0.007106317867482696,3.7866802527978906e-05,8.034756792535066e-05,3.0361501309431314e-08,1.0617341937383301e-08,2.7365595183195433e-06,2.9692015277417997e-07,6.813225541078921e-07,3.0019059976546944e-07,8.706805495389826e-10,0.0003187244636848065
14,2.4227994090537143e-08,1.3994690977820665e-05,6.650178908325761e-10,6.493759238744782e-09,0.9981275829047432,1.206392429560663e-06,1.0300131534903755e-05,9.565088936042829e-09,0.0002437376443340589,2.4819655265995603e-10,6.416296389594889e-06,3.808919013987913e-09,7.291235217393449e-09,5.820998654443856e-06,0.0014427104751550536,1.2604008643652051e-05,2.0707826989861902e-05,1.4553974830668768e-08,9.324026291460498e-09,1.3495159902721622e-06,5.856898752102147e-08,1.2194942490885212e-07,1.0412008025266463e-07,3.6169423894043885e-10,0.0001132079357585652
15,2.6480578232030755e-08,4.628943767522665e-06,3.74548415194293e-09,1.106583009026301e-08,0.9922707789602129,3.060767462680287e-06,1.1982846558703036e-05,2.321402682006512e-08,0.000666081782501031,1.5251843767565335e-10,1.0972745112688334e-05,1.2086260580589527e-08,3.934140294685939e-08,5.899227294307866e-06,0.006603874230308666,3.886570476082173e-05,7.168007150845075e-05,2.8829721381871008e-08,8.603463231182798e-09,2.5821981778769884e-06,2.2031262058313263e-07,4.253798403924488e-07,1.3760947429963912e-07,4.5976039950455303e-10,0.0003086552413528936
16,2.5108209947056487e-08,7.512349126628849e-06,3.2156026054663825e-09,1.8088021330642692e-08,0.9879188119416811,2.7110126472411145e-06,2.153942404018031e-05,3.803743854630366e-08,0.0007736513122372819,3.812091403299396e-10,1.0682492943790271e-05,3.0089151931500725e-08,5.304144098730746e-08,1.1388138552671655e-05,0.010550908082233669,6.35448929000385e-05,0.00010305491276348816,4.901000310454506e-08,1.227575481880844e-08,4.0245743147192896e-06,6.103168746734561e-07,1.1730731242391915e-06,1.9351272903191667e-07,4.6192529421345805e-10,0.0005299642550737252
17,3.139464461104508e-08,5.195641881783049e-06,4.590934668829853e-09,9.51008360121747e-09,0.9906988207806388,3.670339254129197e-06,1.202770806527606e-05,2.3759190654642597e-08,0.000832447436242883,1.5569525633531613e-10,1.0778617762905808e-05,1.0460847330945541e-08,3.278087828387438e-08,4.640758884774063e-06,0.008049677737471873,4.3065034490979316e-05,5.5723693892538956e-05,2.768641724225392e-08,1.1023321331959936e-08,2.220833404254667e-06,1.9526054096645058e-07,3.8560392647342727e-07,1.0988986306224486e-07,4.891989447695553e-10,0.00028088881246739227
18,2.4848919104827058e-08,3.316831720389048e-06,1.8232164931676846e-09,9.790556049214691e-09,0.9946805377798809,2.0823033107435076e-06,9.640897036671925e-06,1.0085438807978822e-08,0.00037852910687873314,1.9014365323546232e-10,5.0566638975495025e-06,1.1045617791508563e-08,5.543167939037445e-08,1.0143932442973527e-05,0.003971509626201853,2.13752973151957e-05,0.00016627212885273122,5.864735700218517e-08,3.232966666817333e-09,3.168667730945927e-06,2.93437682909839e-07,4.617648472343134e-07,1.383811254787926e-07,2.188436034148243e-10,0.000747297866337154
19,2.8069414852951244e-08,5.675530429770569e-06,5.637721414548066e-09,2.0392284356476035e-08,0.9876889314196715,2.5930492441833266e-06,2.7004917611693455e-05,3.954623879321956e-08,0.000999308946061477,1.985942609968588e-10,1.3130530109662003e-05,3.5371948293008116e-08,5.854387306104226e-08,8.286684114950065e-06,0.010667682933101164,6.213125360616885e-05,6.74297423663848e-05,3.5099983859398055e-08,8.970228058712478e-09,2.702123646744895e-06,3.5329773723279416e-07,7.600781397349198e-07,1.508111089930698e-07,4.708112213361301e-10,0.00045362638195217746
20,3.0097506919267544e-08,6.489010521011061e-06,7.071964181526363e-09,2.3429409779879774e-08,0.9728161128576105,3.959645082135827e-06,2.5335669569765586e-05,7.965567655531762e-08,0.001182933815907642,2.677974618235612e-10,2.3919232588734194e-05,3.335126316299642e-08,5.2528803143221135e-08,8.027192119911029e-06,0.025277295782371246,9.265564578041042e-05,9.885380390155517e-05,4.966256796463417e-08,1.9054139974802823e-08,3.636984216761659e-06,4.934755182556343e-07,1.809971833587422e-06,2.046017822745799e-07,7.229992508456243e-10,0.00045797646906770375
21,4.579143854218682e-08,1.1132022151590398e-05,5.1147021104209065e-09,2.256228752415652e-08,0.9896172469495793,3.6103384427492674e-06,1.9374650638646314e-05,4.7483997505956376e-08,0.0012810764754628752,3.6354652865422977e-10,1.1617835408186177e-05,3.28610916236702e-08,5.6972359002348724e-08,1.4771222808977182e-05,0.00848319719024163,9.436895115321659e-05,6.21648287511377e-05,5.069830458430467e-08,1.5042042199389538e-08,4.346001002168582e-06,3.212817065191584e-07,7.006353567645957e-07,1.385661323807986e-07,6.086172348314824e-10,0.0003956555527768806
22,5.0250868878390036e-08,4.3702412829376355e-06,5.047840621147922e-09,1.2429329950686519e-08,0.9914417637832211,5.1926806442785095e-06,9.256143211100037e-06,2.829011252650086e-08,0.0007248508051957796,2.2470705091874954e-10,1.4046328011935365e-05,9.201187409620042e-09,4.775726186412489e-08,6.751868053720932e-06,0.007135357293559225,4.016264529831304e-05,0.0001776195421311685,8.702566152785523e-08,1.2163700878940477e-08,3.181305488896011e-06,3.0380923164279407e-07,7.225333009257272e-07,1.4662794688366003e-07,6.25811342495334e-10,0.0004360213769399406
23,2.6480578232030755e-08,4.628943767522665e-06,3.74548415194293e-09,1.106583009026301e-08,0.9922707789602129,3.060767462680287e-06,1.1982846558703036e-05,2.321402682006512e-08,0.000666081782501031,1.5251843767565335e-10,1.0972745112688334e-05,1.2086260580589527e-08,3.934140294685939e-08,5.899227294307866e-06,0.006603874230308666,3.886570476082173e-05,7.168007150845075e-05,2.8829721381871008e-08,8.603463231182798e-09,2.5821981778769884e-06,2.2031262058313263e-07,4.253798403924488e-07,1.3760947429963912e-07,4.5976039950455303e-10,0.0003086552413528936
24,1.5373512579552783e-08,1.0593797349350457e-06,8.922485568686788e-09,3.407880864015686e-09,0.9664163648159555,4.2356523985107484e-06,1.5648667734980095e-05,2.1699995247084064e-08,0.001147842162621141,4.632505592641456e-11,1.641770111640824e-05,1.130965608274455e-08,4.1442796423393896e-08,9.657489191115805e-07,0.03197485788686992,4.6795359867935244e-05,5.109509903145245e-05,1.548426352140287e-08,1.1188038439563034e-08,9.532300545040305e-07,3.3157806618615135e-07,6.108790536687394e-07,7.611912785876304e-08,4.2865383256201e-10,0.0003226164158405904
25,2.75380806683059e-08,6.247568211557034e-06,4.8136088190790345e-09,2.1411071210608408e-08,0.9932095213863418,3.248402002920461e-06,1.7752332486727558e-05,5.268465935478249e-08,0.0006216331143789999,2.0368697168862133e-10,2.3780216388584954e-05,1.8465878877568398e-08,3.424924786144572e-08,1.0561474968581802e-05,0.005744050948357483,4.656775319140194e-05,7.042864296927255e-05,3.147996235411692e-08,1.1983267275044363e-08,3.001621578032506e-06,2.480599845068987e-07,5.831324454460581e-07,2.4981952251077554e-07,7.40619180597796e-10,0.00024192195708974045
26,3.755422013220021e-08,3.2227528992611773e-06,4.215643929543927e-09,8.20235191127554e-09,0.9968266966113292,5.7865787982739366e-06,5.191994398979091e-06,1.404741278161318e-08,0.0006564803115191516,1.067638625952684e-10,1.1985760557664136e-05,5.7071641631741165e-09,5.971752745570887e-08,4.031112046719028e-06,0.002176143939432595,2.227688715653797e-05,0.00010465018922911456,3.506867556692955e-08,1.1500115500143737e-08,2.5577670959541645e-06,1.8572851737853776e-07,1.887748625314811e-07,1.5359386801574366e-07,9.200318370476437e-10,0.0001802709583816055
27,2.832053217765169e-08,5.5075567752429706e-06,4.500405594343007e-09,1.5558111444492813e-08,0.9868745264214361,3.88721134964695e-06,1.418308016177394e-05,3.71987635612591e-08,0.0009076405380732862,1.952989120576284e-10,1.649328873668702e-05,1.6644515501985982e-08,4.443135035784458e-08,7.064164846291269e-06,0.01165669928146072,5.842555499279268e-05,9.884797744896382e-05,4.105635855258539e-08,1.3286968862042278e-08,3.1066873263998803e-06,3.304307555651787e-07,9.304262997669484e-07,1.6846830832812336e-07,6.249217423593292e-10,0.00035198709480141824
28,2.6480578232030755e-08,4.628943767522665e-06,3.74548415194293e-09,1.106583009026301e-08,0.9922707789602129,3.060767462680287e-06,1.1982846558703036e-05,2.321402682006512e-08,0.000666081782501031,1.5251843767565335e-10,1.0972745112688334e-05,1.2086260580589527e-08,3.934140294685939e-08,5.899227294307866e-06,0.006603874230308666,3.886570476082173e-05,7.168007150845075e-05,2.8829721381871008e-08,8.603463231182798e-09,2.5821981778769884e-06,2.2031262058313263e-07,4.253798403924488e-07,1.3760947429963912e-07,4.5976039950455303e-10,0.0003086552413528936
29,2.6480578232030755e-08,4.628943767522665e-06,3.74548415194293e-09,1.106583009026301e-08,0.9922707789602129,3.060767462680287e-06,1.1982846558703036e-05,2.321402682006512e-08,0.000666081782501031,1.5251843767565335e-10,1.0972745112688334e-05,1.2086260580589527e-08,3.934140294685939e-08,5.899227294307866e-06,0.006603874230308666,3.886570476082173e-05,7.168007150845075e-05,2.8829721381871008e-08,8.603463231182798e-09,2.5821981778769884e-06,2.2031262058313263e-07,4.253798403924488e-07,1.3760947429963912e-07,4.5976039950455303e-10,0.0003086552413528936
30,2.6480578232030755e-08,4.628943767522665e-06,3.74548415194293e-09,1.106583009026301e-08,0.9922707789602129,3.060767462680287e-06,1.1982846558703036e-05,2.321402682006512e-08,0.000666081782501031,1.5251843767565335e-10,1.0972745112688334e-05,1.2086260580589527e-08,3.934140294685939e-08,5.899227294307866e-06,0.006603874230308666,3.886570476082173e-05,7.168007150845075e-05,2.8829721381871008e-08,8.603463231182798e-09,2.5821981778769884e-06,2.2031262058313263e-07,4.253798403924488e-07,1.3760947429963912e-07,4.5976039950455303e-10,0.0003086552413528936
31,6.458408911914765e-08,5.813890705253776e-06,7.579820214578146e-09,1.3188071809889566e-08,0.9943184150348394,3.5164582548845066e-06,1.6536278788754935e-05,5.09485463107229e-08,0.0005747875247225609,2.5615482760996946e-10,1.1941764178120019e-05,1.2095243008828991e-08,4.23755766544397e-08,7.509620194125072e-06,0.00465173865729455,3.6519463822633906e-05,6.782901613759062e-05,4.467970427144772e-08,1.2645433636002744e-08,2.57627575550082e-06,1.7921895658122798e-07,3.274679074654307e-07,1.5205790816406153e-07,5.557122908174231e-10,0.0003019083621821779
32,2.898592970020202e-08,4.9417323001835575e-06,3.854445158325514e-09,1.0213483845603219e-08,0.9918866131866708,3.2580746639004425e-06,1.1961930074468052e-05,2.4306248033187365e-08,0.0007085890169401172,1.5590976125860074e-10,1.1381506648135072e-05,1.2037347442983882e-08,4.105330015666322e-08,5.42915102277615e-06,0.006968797765187215,4.0490182181307414e-05,6.952343873302921e-05,2.8686016957561117e-08,1.0843431668443488e-08,2.5167795858232027e-06,2.2424509064416465e-07,4.367287823393391e-07,1.3030966335042148e-07,5.192329426778606e-10,0.00028554529711053366
33,2.315375586186274e-08,4.888157978133528e-06,2.9068778700331592e-09,1.8764089734799524e-08,0.9957598119053995,4.021715582302642e-06,9.798990823476032e-06,3.833581895688869e-08,0.00045124896238712037,2.2726752749840967e-10,1.7925126182063667e-05,1.2111748058690112e-08,6.250532475905522e-08,1.0998730633625492e-05,0.003313536366983077,5.048381053847941e-05,0.00016469149203948363,3.6130012797063804e-08,1.2695170874594549e-08,4.449605428424726e-06,2.9437470692674905e-07,6.7002395801999e-07,2.954259358115832e-07,8.825897412773781e-10,0.00020667759876739718
34,8.124138946898863e-08,6.968253709958428e-06,6.923637866413733e-09,5.1734032101249725e-09,0.9885245038009093,4.787124463144007e-06,1.0796871800918709e-05,2.8632370937429733e-08,0.002227900051564562,6.689586539191601e-11,1.4137907552625262e-05,1.4282128327201232e-08,5.890032577743324e-08,2.8490008499651074e-06,0.008963004649546451,3.806236618823448e-05,3.902007744430033e-05,2.9782120895247972e-08,3.9455153965546545e-08,1.0940023984079802e-06,1.754626944549946e-07,3.1689351958632603e-07,4.156986190402472e-08,8.52295414562393e-10,0.00016607665777439807
35,2.2519204355579977e-07,6.928024880939687e-06,1.0971771360168511e-08,1.765277952567605e-08,0.98824257923208,4.017432793048816e-06,3.0399174674446072e-05,9.35675501275271e-08,0.0020863875126384238,3.772525301949337e-10,1.264468373158791e-05,3.079226039086836e-08,6.601681544605842e-08,8.295143057939107e-06,0.008842182645240995,6.760728425261783e-05,0.0001239388697934573,3.3455775976580463e-07,2.4416354072609873e-08,1.8412373038706353e-06,4.530486919181597e-07,1.2728927310289987e-06,5.990270882785374e-08,7.036633841357244e-10,0.0005705886671706013
36,5.5750490924134826e-08,5.6274552388170805e-06,7.713859493124351e-09,2.057050755770704e-08,0.9762359900521436,2.4916420198540575e-06,3.56654397706373e-05,1.327990141455475e-07,0.001477435845020477,1.829556235769703e-10,1.9163382689441916e-05,8.575638704293469e-08,1.561379334808183e-07,1.0391587304347903e-05,0.02144605449144386,0.00014918555908521522,0.00010848259959497127,5.862747816949382e-08,2.2670121208860487e-08,3.5175765452600132e-06,4.1761198065848937e-07,1.686026441921944e-06,8.778774432474796e-08,5.691044135634396e-10,0.0005032621651249663
37,4.6327484172085964e-08,4.585840717381996e-06,4.294353007145984e-09,1.237170448924433e-08,0.9957178317598266,3.043693221779678e-06,1.2832650228057226e-05,2.4087885207087e-08,0.0005203973649738358,2.0856993678038757e-10,1.2687102336252937e-05,1.0685780738632048e-08,3.8753218469687816e-08,6.992401507586056e-06,0.0033263759964135137,2.8064281903808193e-05,7.555018297599424e-05,5.131294967089086e-08,8.638590314310791e-09,2.4508305192633906e-06,1.802246629815093e-07,3.3477959407295187e-07,1.638254692617337e-07,6.563195106825199e-10,0.000288311728793745
38,4.64857681198733e-08,4.3771438199853185e-06,6.1848140574119774e-09,3.76260442287203e-09,0.9906944207943394,4.125548086777952e-06,1.3765315229032247e-05,1.4422358110326048e-08,0.0008558401857079648,1.387697707071893e-10,6.098986358077144e-06,7.3646102372905866e-09,3.082445938421527e-08,2.4872214714159005e-06,0.008079145155299602,3.39118221867561e-05,2.4333470035637073e-05,1.8481230645569515e-08,1.3101954296490047e-08,1.1499950537274081e-06,1.1500000249151229e-07,1.64088968819378e-07,5.7823677262952076e-08,4.015895395458555e-10,0.0002798662816045868
39,3.587162588116654e-08,2.5115553067254673e-06,1.1199002795181043e-08,1.2482808013498142e-08,0.9861065320483159,8.5838096799323e-06,1.3007960721145334e-05,4.683456463552795e-08,0.0009694724998174028,2.1144990069448763e-10,1.3307137713108449e-05,1.498581111137772e-08,1.1483088462398632e-07,3.4321781734677607e-06,0.012181412940620173,7.905264015622866e-05,0.00020145192622168424,4.672295472990066e-08,1.9306793141124483e-08,3.7021096088633314e-06,6.338808702235498e-07,8.4705922518454e-07,1.8563002603837739e-07,8.706147216594337e-10,0.00041556330703427564
40,2.5841381481059374e-08,4.633045303244694e-06,3.536948193911004e-09,1.169058099791935e-08,0.9927358618257718,3.10608099853959e-06,1.150387915822182e-05,2.3976870732869074e-08,0.0006350035209506482,1.6177172107897422e-10,1.1267705667659171e-05,1.1512631235634468e-08,3.847621582970189e-08,6.058747258198251e-06,0.00617564323893249,4.0108767812965425e-05,7.76283579077603e-05,3.002979123620804e-08,8.707713786134078e-09,2.760322966824008e-06,2.2426355565340844e-07,4.4034681586143286e-07,1.4705577706705296e-07,4.80807690785263e-10,0.000295458426410389
41,7.879848189479432e-08,7.95091664856974e-05,1.9404356557679588e-08,2.323186368312821e-06,0.9617561019132777,6.565902695997367e-05,9.248646433169014e-05,1.2590709779162732e-06,0.0010208967845108325,2.8865669514104347e-08,0.00058863411486395,5.156524242709076e-07,2.2434864788611757e-07,0.0016869160027122676,0.021031390721901584,0.00021237178921304866,0.008336662128750788,2.61467565004151e-06,3.1462749297636616e-07,5.8255539546852804e-05,4.3807133925985674e-05,0.000174535202978683,4.0432460485282143e-05,1.6300765498157632e-08,0.004804946619221009
42,3.547520300115504e-08,6.7321494138971424e-06,9.56700014333607e-09,3.101233763629666e-08,0.9624784585394978,8.140544166849505e-06,2.3310602145515048e-05,1.610392901530076e-07,0.00174131914675245,4.310260561616847e-10,3.2240968862976226e-05,4.77091555870606e-08,1.238260988441619e-07,7.801741176246283e-06,0.034837068917802305,0.00025246829811995905,0.00020120237569033953,6.940820469966862e-08,5.6246775120277916e-08,6.60547557820764e-06,9.85395210998903e-07,3.5444648932247044e-06,2.552076187252014e-07,1.5343793730504774e-09,0.0003993299235998642
43,2.642862252822386e-08,4.234835679468484e-06,3.616665358794912e-09,9.96382970684458e-09,0.9931368067349459,2.298702772417207e-06,1.2265006806884268e-05,1.9458969161616678e-08,0.0006525009862386681,8.427654458853908e-11,1.2138886496275452e-05,1.3039232375138837e-08,3.5205097888627755e-08,5.3512100819514985e-06,0.005821758144734918,2.9493243532200113e-05,4.934369128740877e-05,2.0613902474317033e-08,6.643482541213998e-09,1.7974825837418808e-06,1.4437633002180665e-07,2.8454988497517087e-07,1.0839011961104508e-07,3.975161144479504e-10,0.00027133830691057826
44,2.6480578232030755e-08,4.628943767522665e-06,3.74548415194293e-09,1.106583009026301e-08,0.9922707789602129,3.060767462680287e-06,1.1982846558703036e-05,2.321402682006512e-08,0.000666081782501031,1.5251843767565335e-10,1.0972745112688334e-05,1.2086260580589527e-08,3.934140294685939e-08,5.899227294307866e-06,0.006603874230308666,3.886570476082173e-05,7.168007150845075e-05,2.8829721381871008e-08,8.603463231182798e-09,2.5821981778769884e-06,2.2031262058313263e-07,4.253798403924488e-07,1.3760947429963912e-07,4.5976039950455303e-10,0.0003086552413528936
45,2.6230312828440823e-08,4.64471358278846e-06,3.6149444122769874e-09,1.100400776523456e-08,0.992587636237359,3.0344039956608978e-06,1.1704043145784505e-05,2.221664691391011e-08,0.00065148927133825,1.5252440453991362e-10,1.0702542342637832e-05,1.185047839712533e-08,3.910682629025178e-08,6.022047055084998e-06,0.006300663219628928,3.7494074806144715e-05,7.261343218045683e-05,2.8870795840638188e-08,8.356640493177455e-09,2.586949925611439e-06,2.2100945643505e-07,4.154270325749444e-07,1.3870643341787469e-07,4.5236373267705636e-10,0.00031048206617632397
46,2.4686765481850596e-08,3.493655682572856e-06,5.505850801531661e-09,4.475033231569143e-08,0.990279342101266,1.0809692969723409e-05,8.023225190842377e-06,4.6323551576291066e-08,0.0006559022220376417,2.388347768580735e-10,3.1849597024760067e-05,2.0637963704656543e-08,2.161651763778225e-07,1.2495677765039834e-05,0.0073886066271556606,7.451780929753348e-05,0.0010072483064648293,8.067003881684166e-08,1.789042000006161e-08,8.786588147015204e-06,1.047598542033028e-06,2.2149336973601257e-06,6.164175232357088e-07,1.6204140871592138e-09,0.0005145870578873871
47,3.678087788438251e-08,4.062566763356096e-06,3.824683849187576e-09,8.81989594732434e-09,0.9872752030872854,2.623131409385273e-06,1.594806523543435e-05,2.4217104199020867e-08,0.0011762861457530935,1.536525951403655e-10,6.552194214422376e-06,2.770919647299385e-08,1.0806946067390255e-07,5.048685676110491e-06,0.010820563699790656,6.775639012398872e-05,0.00010796105175678123,4.598942513990936e-08,1.1772418280046103e-08,2.675025479703941e-06,4.321279898368514e-07,7.377051725118062e-07,6.794205693050229e-08,3.605015684435877e-10,0.0005138144840756573
48,3.683703975523906e-08,9.662783193865794e-06,2.8121333945577762e-09,1.1651770886697957e-08,0.9951500487755247,6.100770133037037e-06,8.795109563498995e-06,3.363275563058765e-08,0.000627702313838507,2.260408953332632e-10,1.925974095409952e-05,8.360846218518152e-09,4.3936348944335264e-08,8.481337590285227e-06,0.0038656298571018797,3.9690975568264194e-05,0.00010838061648594975,3.0751912670583724e-08,3.6843538903199114e-08,2.603635199625843e-06,2.2256216912717385e-07,5.169269817140306e-07,1.8255229306952342e-07,1.1388864778121497e-09,0.0001525158521284036
49,2.8823015920068725e-08,5.190073376224369e-06,5.987161386211559e-09,1.900110466313045e-08,0.9891674784715626,4.428320069852905e-06,1.5576131841386554e-05,3.1971037296046595e-08,0.0008192397990278861,2.1897426766807708e-10,1.571324634053928e-05,2.042888005509045e-08,5.755544769327019e-08,8.596637458232352e-06,0.009369042944463248,5.2226653166065835e-05,9.31818645270471e-05,3.845058417465784e-08,1.022962999783863e-08,3.5533797428300988e-06,3.4549626788196207e-07,6.74015788653423e-07,2.2650392470219012e-07,6.69514223211892e-10,0.0004443131270935402
50,2.6258227086238233e-08,4.666426749871168e-06,3.743118600532842e-09,1.077488885530738e-08,0.9925175664153982,2.7900842303872994e-06,1.3646755954656362e-05,2.4574713880714406e-08,0.0005971388867517465,1.7065830024345224e-10,1.0295027029298876e-05,1.2421389543930427e-08,3.760700763778031e-08,6.169812355559633e-06,0.006418428628712454,3.737797704529621e-05,6.612728962230057e-05,2.800993819681179e-08,8.218167129417858e-09,2.5285692196653796e-06,2.143700967395948e-07,4.084175378040027e-07,1.401760330619816e-07,4.1762433883287245e-10,0.00032234896752930653
51,5.992772982417457e-08,2.5698328056324995e-05,6.0899103332574796e-09,5.534442384487571e-08,0.9843509806252257,4.825051558741328e-06,2.333898706234775e-05,8.253707223139082e-08,0.0015468676147551942,4.2354478032966866e-10,2.7034448757796635e-05,3.7165081079268994e-08,3.436674879684014e-08,2.8067746073085548e-05,0.0133170007856336,6.654918891195214e-05,0.00010253444593183794,8.38632361147389e-08,2.3526651461085373e-08,3.806759505397316e-06,4.0854502074191576e-07,1.594871638437648e-06,2.3018898882799404e-07,7.838658319778998e-10,0.000500678384615705
52,3.014476448067581e-08,4.436343732200821e-06,3.9369294872338915e-09,1.0238208494597658e-08,0.9917378022535377,3.4001087012727564e-06,1.1119833268769915e-05,2.3276986089196827e-08,0.0006997008834651645,1.613202048982673e-10,1.0931085578482784e-05,1.0794770809013398e-08,3.9170976225402984e-08,5.761361095175786e-06,0.007082844239313621,4.019789675194371e-05,7.576133003698919e-05,3.4816446386417716e-08,9.057994331433407e-09,2.6231849188838076e-06,2.0772912638099873e-07,4.4441309365800885e-07,1.285042286512027e-07,4.730197074091365e-10,0.000324478761735039
53,1.366775255723858e-08,2.930888847240849e-06,3.067792996330306e-09,1.1149945676849134e-08,0.9913924735873004,1.3715795292091186e-06,3.09770487085291e-05,2.3312040817550328e-08,0.0004992424694201187,1.1924072344655462e-10,1.1122872933068882e-05,2.2531392782833893e-08,2.823008786842027e-08,4.81807938015256e-06,0.007653269866731993,3.021163035786634e-05,2.778503898545499e-05,1.4457791949352498e-08,4.4764186359159945e-09,1.514890013364966e-06,1.7240484934237789e-07,3.342439856418703e-07,1.582315089697872e-07,3.0731767517655277e-10,0.0003434958476669526
54,3.738954535985414e-08,9.560648779227002e-06,3.3207810534699537e-09,9.87041176102667e-09,0.9876106267551317,2.687060499019322e-06,1.5722204776571032e-05,1.3563323772903091e-08,0.000758598378032564,2.395200648607253e-10,4.712485058908375e-06,1.4473233145485494e-08,3.001655116832939e-08,9.227709134741557e-06,0.010761063529524887,3.3288595560672424e-05,4.322711489523553e-05,2.873447539131536e-08,6.688190507022255e-09,2.0524691912636813e-06,1.8307524664512677e-07,3.4352542360212367e-07,9.015999469328381e-08,2.0187074752155947e-10,0.000748471790847215
55,2.9606482202810967e-08,4.578745891370963e-06,3.981463581990152e-09,1.0944294713350364e-08,0.9914224771422043,2.955867862271119e-06,1.3055038368148417e-05,2.2958868120889973e-08,0.000838737739054265,1.3609266492026108e-10,1.0501922379263683e-05,1.526447305519048e-08,4.7285807290401506e-08,5.576637823509583e-06,0.007261629689905009,4.193301868853041e-05,6.784746917969327e-05,3.118676699647802e-08,9.004156556021705e-09,2.3931794061973306e-06,2.3278356412572484e-07,4.423684392587928e-07,1.1360138846747765e-07,4.642733790460547e-10,0.00032735396316705605
56,2.8245435437084587e-08,4.5565365903272015e-06,3.9541725596599324e-09,1.1250466571969102e-08,0.9923050454431596,3.075012247265629e-06,1.2324529204024026e-05,2.2914537161645328e-08,0.0006936859197975871,1.4798412465484135e-10,1.1058379801288508e-05,1.3955570408078356e-08,4.945044225511973e-08,5.9401904395966306e-06,0.006526825523774464,3.8978647736370954e-05,7.46195067841706e-05,2.905444914147209e-08,9.056053847637302e-09,2.6896266662080508e-06,2.3122736223391453e-07,4.261940710975238e-07,1.3822586982148658e-07,5.02675431534214e-10,0.0003202365047087502
57,2.493010137326958e-08,4.269551391904808e-06,3.6720045786782823e-09,1.2722023828041342e-08,0.9891993723059874,2.734277991155253e-06,1.517780217574658e-05,3.156152691209579e-08,0.0008691357253146299,1.6792208337137638e-10,9.631516799316156e-06,2.6814393213600607e-08,1.0434998092642503e-07,6.271483047875732e-06,0.009323758824322301,6.990436094236419e-05,0.00010579072097741391,3.2233189033438954e-08,1.1341452801661046e-08,3.9284649464461766e-06,3.603778186314761e-07,6.919272459608601e-07,1.199913722326484e-07,4.812476975996974e-10,0.0003886043958240239
58,2.86123707565289e-08,4.406300453859711e-06,4.07935161808384e-09,1.0936554161789038e-08,0.9929405604230569,3.4054558392546226e-06,1.2034196006937262e-05,2.3853629005914256e-08,0.0007255873008755741,1.3493122986629656e-10,1.3473087592593809e-05,1.3939359936429629e-08,4.8734479948173137e-08,5.554806787115686e-06,0.005922751622003999,3.903345615185476e-05,6.751249871745161e-05,2.7270926768267393e-08,1.0915430739118202e-08,2.4353967491978736e-06,2.2824051472279724e-07,4.0379148458153314e-07,1.4770756222134015e-07,6.428231235683459e-10,0.00026229659634648654
59,2.7086644945995802e-08,4.328214873759935e-06,4.564724072416489e-09,1.1223176218511358e-08,0.9921611383350797,3.4877825355382477e-06,1.2078931076278814e-05,2.500841404781178e-08,0.0007343274314959283,1.404005560555941e-10,1.3592452511558763e-05,1.2770006607160515e-08,4.22258623661591e-08,5.077527527781558e-06,0.006697034204728964,4.100933109900082e-05,6.426884829388874e-05,2.6313759483663108e-08,1.0230653507123499e-08,2.5572456330862797e-06,2.2877018612433757e-07,4.106223822808346e-07,1.519469718098223e-07,6.247903577653304e-10,0.00026014816717200045
60,2.6480578232030755e-08,4.628943767522665e-06,3.74548415194293e-09,1.106583009026301e-08,0.9922707789602129,3.060767462680287e-06,1.1982846558703036e-05,2.321402682006512e-08,0.000666081782501031,1.5251843767565335e-10,1.0972745112688334e-05,1.2086260580589527e-08,3.934140294685939e-08,5.899227294307866e-06,0.006603874230308666,3.886570476082173e-05,7.168007150845075e-05,2.8829721381871008e-08,8.603463231182798e-09,2.5821981778769884e-06,2.2031262058313263e-07,4.253798403924488e-07,1.3760947429963912e-07,4.5976039950455303e-10,0.0003086552413528936
61,2.7786587999487532e-08,4.361502886824698e-06,4.526640229007678e-09,1.0831203381639353e-08,0.992181439322794,3.362420555035261e-06,1.2565403200342216e-05,2.489271242151884e-08,0.0007138448019529952,1.443097953027712e-10,1.3080949332722037e-05,1.2960152656135081e-08,4.3816434693313943e-08,5.0215555619830745e-06,0.00669154450916429,3.94745831180152e-05,6.419219136247929e-05,2.6721670037257154e-08,1.0315309052511048e-08,2.512525397124309e-06,2.2600919454330335e-07,4.09412714593838e-07,1.4826107230976543e-07,6.095641753974107e-10,0.0002676539471082299
62,2.6480578232030755e-08,4.628943767522665e-06,3.74548415194293e-09,1.106583009026301e-08,0.9922707789602129,3.060767462680287e-06,1.1982846558703036e-05,2.321402682006512e-08,0.000666081782501031,1.5251843767565335e-10,1.0972745112688334e-05,1.2086260580589527e-08,3.934140294685939e-08,5.899227294307866e-06,0.006603874230308666,3.886570476082173e-05,7.168007150845075e-05,2.8829721381871008e-08,8.603463231182798e-09,2.5821981778769884e-06,2.2031262058313263e-07,4.253798403924488e-07,1.3760947429963912e-07,4.5976039950455303e-10,0.0003086552413528936
63,2.7319280952698416e-08,5.438238678941906e-06,3.580288932271229e-09,1.0677812766080514e-08,0.9924575562562219,2.9444792566636665e-06,1.1544361716547145e-05,2.1068096087075925e-08,0.0006599746860607291,1.5497816439320314e-10,1.0193357340461112e-05,1.1294098534249653e-08,3.592349864093347e-08,5.692341779505348e-06,0.006450030774483302,3.637519320519388e-05,6.383077975425216e-05,2.6001488628765063e-08,8.89239390590688e-09,2.5020336507448916e-06,2.059295049921999e-07,3.854321591559793e-07,1.3184138175212614e-07,4.5315729320709606e-10,0.0002930489297120418
64,2.632807223800017e-08,5.016403192803167e-06,4.112959050459538e-09,1.2800524596692878e-08,0.991252105130341,3.5514444609402565e-06,1.2848167715451458e-05,2.304494127536782e-08,0.0007546730531922251,1.8694166679068088e-10,1.0650237761320428e-05,1.5579964683065586e-08,5.139911357233451e-08,6.754667870786597e-06,0.0074400065306991295,4.235943392087329e-05,8.907387693065017e-05,3.3200617724352495e-08,9.670899482237595e-09,3.0582173464183316e-06,3.4652836965362624e-07,5.517082608092723e-07,1.654688050122433e-07,5.203146921197099e-10,0.00037866228678376003
65,2.621018589543071e-08,4.737076800122053e-06,3.825993089160639e-09,1.148746978252611e-08,0.9922776022518937,3.076118988061475e-06,1.2435085922684583e-05,2.4021289926400795e-08,0.0006437011262464769,1.6433817555989093e-10,1.089793740483589e-05,1.2202292507744496e-08,3.864741436012325e-08,6.167460090659687e-06,0.006608310518354601,3.88439723900848e-05,7.208489753465095e-05,2.9020297130683605e-08,8.50632801171697e-09,2.6648724941664226e-06,2.2642392529362758e-07,4.297623344418503e-07,1.455006287826542e-07,4.534564361381656e-10,0.00031852245592588847
66,2.2394365279302268e-08,2.9834419952891534e-06,3.5660390912160028e-09,6.2933495573788045e-09,0.9953183807908508,3.4628982476118708e-06,7.916505707740674e-06,1.2920328339129615e-08,0.0005012766619858548,1.4183079784668737e-10,7.422986902669084e-06,6.09252323035321e-09,3.979000078412934e-08,3.19774828646316e-06,0.0038137696638667305,2.575700599211566e-05,7.028541785483896e-05,2.2868270128967543e-08,7.23406674296009e-09,2.583997077352177e-06,2.0470526047178528e-07,2.163322333242529e-07,1.3337521268574037e-07,4.6559507068489917e-10,0.00024228670215695858
67,1.8990972707977436e-08,3.2479181321224267e-06,4.386091721922995e-09,2.8061598207671592e-08,0.9957346002874637,8.097494887787922e-06,6.093353935145582e-06,1.7377012570803236e-08,0.0004007741726500106,2.659176297955166e-10,1.3742571465899046e-05,1.106740058755925e-08,1.0291373035225618e-07,1.4984059510878616e-05,0.003018593497518352,3.849374562153814e-05,0.0002671478577062937,4.116560729664899e-08,5.78520755425398e-09,8.531644212056858e-06,4.252585707854954e-07,4.3380270107245375e-07,6.867309999797075e-07,9.345634201782672e-10,0.0004839166565224592
68,3.323620687524298e-08,5.400412451689002e-06,5.706816991281495e-09,1.9083046461911555e-08,0.9925953614079194,4.268680667538104e-06,1.3962258392434302e-05,3.435531955379966e-08,0.0008441634410934369,2.0885401316792505e-10,1.494090222603846e-05,1.7465319097007216e-08,4.670460821048876e-08,9.211995807006243e-06,0.006017603269316421,4.857411337194859e-05,9.208851371381219e-05,4.309064012483349e-08,9.996542580940096e-09,3.1343844995329593e-06,3.4670780725832276e-07,5.656604067314897e-07,2.0600772285987894e-07,6.430235773559711e-10,0.00034996175422646994
69,2.3955334262553604e-08,4.680752965799187e-06,3.935473342612685e-09,1.2008041422301516e-08,0.9924568475857938,3.0935224555434287e-06,1.2396049913396065e-05,2.5415574679478952e-08,0.0006325370550768699,1.525454547408223e-10,1.2755847033671472e-05,1.2563174227052646e-08,3.759074482144232e-08,5.858062056951378e-06,0.0064875777251488355,3.9149636403927265e-05,6.638943357520379e-05,2.497784542316687e-08,9.041966612140748e-09,2.6953781533075262e-06,2.2876461978790422e-07,4.19037804161832e-07,1.649238070259647e-07,5.268660380822876e-10,0.0002750560576257114
70,2.5137394258383382e-08,4.675714010080694e-06,3.5310812022066413e-09,1.0594168275206154e-08,0.9923108520495634,3.149196876330383e-06,1.1579013331209814e-05,2.1866403073202187e-08,0.0006685124883188388,1.461519354144479e-10,1.151575703247506e-05,1.1746699787352856e-08,3.800005226595598e-08,5.657764646675691e-06,0.0065808623737927535,3.7096129293560415e-05,7.062846240546295e-05,2.7313763417563307e-08,9.270377286329048e-09,2.4530249192915927e-06,2.3084576770124482e-07,4.310223247452619e-07,1.4235105121603861e-07,4.903710302935695e-10,0.00029206571020373565
