,0,1,2,3,4,5,6,7,8,9,10,11,12,13,14,15,16,17,18,19,20,21,22,23,24
0,1.2361233904227955e-09,0.0004623680827379997,5.430959530495037e-06,2.9619185178025138e-05,0.9344615601815094,0.05967696918173244,6.182619963223026e-08,1.0571162980896242e-08,1.2262441030987305e-05,4.687328284740974e-05,0.0007627766737733616,9.077991149672057e-08,1.1486209829512694e-08,0.004436723023425929,4.0083600217111495e-05,6.694860018619958e-08,9.48273733141692e-11,1.690181883807239e-06,2.4314251446923985e-06,2.0772930458818655e-10,5.5082094401812355e-05,1.59953715529926e-06,3.936414511191491e-06,1.609453021059221e-08,3.3448962558971407e-07
1,1.0092778640668929e-09,0.0010863732635892534,4.236040343680806e-06,7.223029658579361e-05,0.9372706244520368,0.053609551659569085,7.534043220123697e-08,2.235611940525858e-08,1.920553920037342e-05,0.00016369545301143446,0.0004618844938631302,6.839116726461507e-08,9.764972894592636e-09,0.0070673453245783825,6.248426428475236e-05,1.1644570831126188e-07,1.2801705259572585e-10,1.9040013618088428e-06,5.77011817818448e-06,3.0152580416993963e-10,0.00016349482708661643,3.2932894690535796e-06,6.464222064840936e-06,1.6418871788539957e-08,1.1325986841932917e-06
2,2.009175168568286e-09,0.0014125471177606538,2.8777148095312902e-06,8.527931190834866e-05,0.943475894061904,0.04517105805736441,8.292225446161632e-08,2.8221278379727945e-08,8.714657842495838e-06,0.0001274453002239259,0.0005044829692819958,1.2297497970150893e-07,1.092128115943851e-08,0.008839100775253452,0.00011241632241713001,1.2272462341223777e-07,4.332107556941238e-10,3.1984145206600524e-06,5.420878329114838e-06,2.8191067070120793e-10,0.0002198755749117605,7.909879906511253e-06,2.1740152021161212e-05,2.7486164276762753e-08,1.6408366667452328e-06
3,1.0630226304378975e-09,0.0010790281930168424,3.107618907176941e-06,7.806582874933548e-05,0.9529682868993468,0.03761010485681299,5.513850683033888e-08,1.7484660231110863e-08,7.4408042309124945e-06,0.00010246684835119228,0.00045803453472687716,8.60508165626114e-08,9.857794344681129e-09,0.007465611474564396,4.373989340939981e-05,6.459183621575385e-08,1.8319007952628587e-10,2.9942230115609465e-06,2.9717774738252816e-06,2.1320800449861544e-10,0.00016363611488318325,3.4972622675538736e-06,9.805188121528971e-06,2.032022799035509e-08,9.535788634771889e-07
4,8.948942844063979e-10,0.001039771629038289,3.1639805851799465e-06,7.033128578083212e-05,0.958210460677032,0.03237136872598281,4.9483631039677015e-08,1.3888698458893873e-08,6.547908473489678e-06,9.062039474252084e-05,0.00038722014687312,7.609532136189249e-08,1.222412059460886e-08,0.007654101454877081,3.380759950735721e-05,5.013948041208405e-08,1.5639581191155114e-10,2.563357697727407e-06,2.3706039072194926e-06,1.9130081181995404e-10,0.00011605840434134749,2.903684356075092e-06,7.768222327860919e-06,1.9004019955989888e-08,7.198466142591353e-07
5,8.073358207750747e-10,0.0009790392030265232,2.4453070995133826e-06,9.688821021951551e-05,0.9582942815265839,0.03284943745984637,4.377918283013888e-08,1.605975042178832e-08,4.8327961185820686e-06,0.00010097549563446918,0.00040206910573584024,7.502962282832733e-08,9.583862191978306e-09,0.007049847022291143,2.8421799917991208e-05,4.965655928828211e-08,1.669449377944144e-10,3.740573341053912e-06,2.0420804929603192e-06,1.9697667851909247e-10,0.00017138708484957783,2.7718473827520873e-06,1.0786984066157957e-05,2.0426376532369364e-08,8.177967823352014e-07
6,1.0630226304378975e-09,0.0010790281930168424,3.107618907176941e-06,7.806582874933548e-05,0.9529682868993468,0.03761010485681299,5.513850683033888e-08,1.7484660231110863e-08,7.4408042309124945e-06,0.00010246684835119228,0.00045803453472687716,8.60508165626114e-08,9.857794344681129e-09,0.007465611474564396,4.373989340939981e-05,6.459183621575385e-08,1.8319007952628587e-10,2.9942230115609465e-06,2.9717774738252816e-06,2.1320800449861544e-10,0.00016363611488318325,3.4972622675538736e-06,9.805188121528971e-06,2.032022799035509e-08,9.535788634771889e-07
7,1.7290819682229109e-09,0.0028736013111330316,9.559737948498894e-06,0.00011329742382047234,0.9463477229785968,0.038863683267365605,1.5456482092997234e-07,2.0030960970295134e-08,2.024067841778894e-05,9.724073394706584e-05,0.0013483259839704104,1.0409694739884384e-07,4.875082296783861e-08,0.010166990260906584,4.619299523091394e-05,3.703206712925926e-08,1.842694449452001e-10,4.657549115035566e-06,2.5440994796471237e-06,5.598146339598995e-10,9.551537270568089e-05,2.850491692899605e-06,6.217549266060518e-06,4.8678540017929e-08,9.439390782905718e-07
8,8.548401815756643e-10,0.0011337666308530977,3.5035054763159416e-06,0.00014065338517994967,0.9743462086424658,0.015314243429037068,4.897678751125809e-08,2.1220209643139336e-08,4.980137983026075e-06,0.00016362684446070286,0.00012783820698481272,4.833840193304866e-08,1.0454515063949255e-08,0.00856128348423741,3.226824540582772e-05,7.571316998746671e-08,1.9576530014244431e-10,1.6229131225430238e-06,2.0719087070687854e-06,1.7057156012206387e-10,0.0001516027671060879,1.934043349126532e-06,1.2221478915332507e-05,3.338000164913455e-08,1.9350724527544323e-06
9,5.927848667854322e-10,0.001287152258966258,6.984961593605249e-06,0.00012381593625561673,0.9820136391457058,0.009989940691587224,4.396878800880387e-08,1.698667423408296e-08,8.520505431701358e-06,0.00010673748780017725,0.00016207866998485334,3.8066796466541824e-08,1.8496272104385766e-08,0.006192968640635235,2.0422529489235093e-05,2.7709716695302496e-08,1.3042474376513845e-10,1.365890253774647e-06,1.1719113953850526e-06,1.8541490987460093e-10,7.855575216564412e-05,9.208427501299594e-07,4.189244200784132e-06,4.5693863396860305e-08,1.3437010490137576e-06
10,1.0630226304378975e-09,0.0010790281930168424,3.107618907176941e-06,7.806582874933548e-05,0.9529682868993468,0.03761010485681299,5.513850683033888e-08,1.7484660231110863e-08,7.4408042309124945e-06,0.00010246684835119228,0.00045803453472687716,8.60508165626114e-08,9.857794344681129e-09,0.007465611474564396,4.373989340939981e-05,6.459183621575385e-08,1.8319007952628587e-10,2.9942230115609465e-06,2.9717774738252816e-06,2.1320800449861544e-10,0.00016363611488318325,3.4972622675538736e-06,9.805188121528971e-06,2.032022799035509e-08,9.535788634771889e-07
11,1.0904805380657356e-09,0.001135796105763487,3.256148095279379e-06,7.821034380205739e-05,0.953682115618837,0.03662233060242209,5.613151982581889e-08,1.7044542237619057e-08,7.4727165342132605e-06,0.0001008675596105557,0.00045866658727863505,8.843289760459494e-08,1.1727258756689948e-08,0.007700745752154671,4.153900304146931e-05,6.058916619147608e-08,1.8929029439456616e-10,3.0973880950069384e-06,2.80399820541951e-06,2.2351652718111012e-10,0.00014890792145285948,3.4759578427170346e-06,9.544832002580213e-06,2.1512318916070917e-08,9.125238713019328e-07
12,1.6436661482889287e-09,0.0017647865829939803,8.803739319400183e-06,0.00011869649558434645,0.9255835581818077,0.06341888998677356,1.6356361054066768e-07,4.0687310376231937e-08,6.491143815958857e-05,0.00016363273773802048,0.0012585511813463356,7.833291899770931e-08,1.274479086773001e-08,0.007206875041069095,0.00014330428693797893,1.1148488659949153e-07,1.5078669147476415e-10,2.2230789462937917e-06,9.025175789901813e-06,5.493177085971833e-10,0.00024455488819536726,3.0248058924924777e-06,6.254020333555661e-06,2.8916701913612884e-08,2.470285122367634e-06
13,1.6632095226972207e-09,0.0007613170512058856,6.0743583502475425e-06,5.926499552464592e-05,0.9667139328160931,0.021931891755380233,5.2890548739079235e-08,2.2995151155614084e-08,1.0975086511868992e-05,2.91301980822151e-05,0.0013632426478731674,3.165167018828858e-07,1.1118987828955837e-08,0.00888257770349114,5.620360977161372e-05,2.7191004948261418e-08,3.4704259923113017e-10,2.491882193045646e-06,4.373220715713962e-06,2.0737492004219593e-10,0.00016723376804659123,4.724146025014966e-06,5.368788544888468e-06,1.426291765533747e-08,7.507792515206408e-07
14,2.0015256845411244e-09,0.0009264938272737095,3.992073920202035e-06,8.916634983373347e-05,0.9460402174876,0.04241363392014226,7.544048248087247e-08,2.309551975607104e-08,8.048872780711745e-06,8.7918578852674e-05,0.0005712453448325057,1.5663371939457797e-07,9.720590243917687e-09,0.0095616426429983,6.167578237427221e-05,9.731312032546475e-08,2.8502829102983405e-10,3.695157587961591e-06,3.944742652462505e-06,2.7313259862846306e-10,0.00020637249213680575,4.860309265498924e-06,1.5232569524008744e-05,2.3171647555424194e-08,1.4719134584948053e-06
15,1.0630226304378975e-09,0.0010790281930168424,3.107618907176941e-06,7.806582874933548e-05,0.9529682868993468,0.03761010485681299,5.513850683033888e-08,1.7484660231110863e-08,7.4408042309124945e-06,0.00010246684835119228,0.00045803453472687716,8.60508165626114e-08,9.857794344681129e-09,0.007465611474564396,4.373989340939981e-05,6.459183621575385e-08,1.8319007952628587e-10,2.9942230115609465e-06,2.9717774738252816e-06,2.1320800449861544e-10,0.00016363611488318325,3.4972622675538736e-06,9.805188121528971e-06,2.032022799035509e-08,9.535788634771889e-07
16,1.2680708130829076e-09,0.0015530376243533559,2.3520246252414115e-06,0.00014807000419656373,0.9269780010852479,0.05921380792985631,7.974784728311643e-08,2.7707007871418235e-08,6.2339755732203355e-06,0.0002690426203090783,0.0005287624393096436,1.0733869863205026e-07,8.491173199228982e-09,0.010677685314875425,4.160361620059268e-05,1.307225198838984e-07,2.2940515580800167e-10,7.1456047481683864e-06,4.225561447737299e-06,3.4730359841219346e-10,0.000545079649550104,6.134367268077523e-06,1.703650008735309e-05,2.1522165346060362e-08,1.4043081597419415e-06
17,1.0387790560082933e-09,0.0011581641523685322,3.1709323711903455e-06,5.704449707432492e-05,0.9496925885132109,0.042619850194383836,5.5457825487381136e-08,1.8063874517680218e-08,1.063751462804015e-05,0.00010628907953258668,0.0005266800834366775,7.43586444235279e-08,8.821285994669073e-09,0.005586171811167563,6.378802577404011e-05,6.87617611078219e-08,1.8656891925465467e-10,2.4367713320637565e-06,3.6468947201080535e-06,2.0016572764729534e-10,0.0001568439090526695,3.81285331861107e-06,7.756393941584411e-06,2.1029349318063857e-08,8.704554326973971e-07
18,3.755454497194399e-09,0.0020939396656037587,5.120117615149095e-06,0.00011485500569030142,0.9571096968410132,0.027061929887326218,8.80235122061685e-08,2.821161300614653e-08,5.1906518220561634e-06,0.00014532806593443946,0.00045200087310357965,2.814061379439306e-07,1.6984323503487338e-08,0.01257738194869401,5.399396751721572e-05,8.966249308250812e-08,8.414189485826989e-10,1.0262829446489749e-05,3.0668289885347862e-06,2.8616148713329867e-10,0.0003323257043520278,1.0288757787972341e-05,2.1199483407435522e-05,6.440032829720302e-08,2.8458002545913707e-06
19,4.0698990596049e-10,0.0006383137794815422,3.4565234847083604e-06,4.78700979268105e-05,0.9736927648931101,0.01985648885720248,2.3581775593153115e-08,1.0681081568011416e-08,6.8054327584050636e-06,6.619388852586662e-05,0.00022941694471893107,5.961381469423753e-08,1.0087998626500928e-08,0.005368958504970033,1.8466695274096196e-05,2.4933452851373737e-08,9.058837070114185e-11,1.2470372951459564e-06,1.5343978560954106e-06,1.3343273129499456e-10,6.335754891515452e-05,1.8126003628476003e-06,2.7480546813708236e-06,1.1516182973436462e-08,4.236981194029069e-07
20,6.761358212426877e-10,0.001110702108623568,2.2985674532168577e-06,6.037196951264305e-05,0.970679787284113,0.02199362889520449,3.217110911811213e-08,2.6674660096452604e-08,6.783626768780417e-06,0.00011090639200017838,0.0002909744468026666,7.502327332143457e-08,6.757593394049099e-09,0.0054853771542337885,5.402118027228143e-05,4.789145745821997e-08,2.9401320629653784e-10,2.109839020027149e-06,3.466949851200999e-06,1.7097924284583442e-10,0.00018392459816697529,6.757789365756804e-06,7.85797218634353e-06,1.867202413422176e-08,8.228951791493754e-07
21,2.2120630673644906e-09,0.0009833118293407828,4.5993688594744005e-06,0.00011881348250581054,0.9241365776379432,0.05985996866310901,1.1603900137011953e-07,1.4939931382275496e-08,5.3486537053470415e-06,0.0001290915366117843,0.0005499237669279313,1.8655854719637005e-07,1.8958291587000903e-08,0.013949332933045525,3.30758589112175e-05,1.47465212091187e-07,1.7891703268671088e-10,5.422316373859221e-06,2.5068282888439057e-06,3.834786750726272e-10,0.00019921723177993315,2.8999380741915622e-06,1.8222687520165794e-05,2.6025030844638126e-08,1.1745065293967911e-06
22,1.4416427536174182e-09,0.000881085518089877,3.3353806347373046e-06,7.56582196196375e-05,0.9476925825810896,0.043435302646395044,5.714795075319775e-08,2.2883738908227436e-08,6.485172863355959e-06,9.982659846451143e-05,0.0006597886661980683,1.2730751889687106e-07,8.3661270409292e-09,0.0068196483947433155,4.0397771562081396e-05,7.650943893699538e-08,2.827108311723293e-10,5.100286706218284e-06,3.1012986678626575e-06,2.4523075476811805e-10,0.0002610601862798998,4.560388280279193e-06,1.0958640591399595e-05,2.3514010331465315e-08,7.905514449719368e-07
23,1.0630226304378975e-09,0.0010790281930168424,3.107618907176941e-06,7.806582874933548e-05,0.9529682868993468,0.03761010485681299,5.513850683033888e-08,1.7484660231110863e-08,7.4408042309124945e-06,0.00010246684835119228,0.00045803453472687716,8.60508165626114e-08,9.857794344681129e-09,0.007465611474564396,4.373989340939981e-05,6.459183621575385e-08,1.8319007952628587e-10,2.9942230115609465e-06,2.9717774738252816e-06,2.1320800449861544e-10,0.00016363611488318325,3.4972622675538736e-06,9.805188121528971e-06,2.032022799035509e-08,9.535788634771889e-07
24,8.073240095180115e-10,0.0010666336027186493,2.6839971367708646e-06,8.418928657574533e-05,0.9563412783102124,0.0339228004652923,4.653694422361082e-08,1.4991388763612047e-08,6.077762547843984e-06,0.00010237723410894737,0.0003785508112780111,7.222945607442024e-08,1.0095127574665671e-08,0.007899514217614726,3.197728603759123e-05,5.241035417278052e-08,1.42227297416635e-10,2.8300072416856837e-06,2.5106513942007638e-06,1.9632282484033516e-10,0.0001458114397189489,2.937574624865401e-06,8.791410450046868e-06,1.6951582033277586e-08,8.215823201726487e-07
25,8.774475621554825e-10,0.001671997518627427,1.6390471192634753e-06,3.233020992232414e-05,0.9201402699866241,0.07184206614098637,3.1218940301645556e-08,5.797363101671721e-09,8.070441528595998e-06,0.0002110128456540215,0.000140279936186858,3.1940562264670665e-08,5.94568864527788e-09,0.005767957835058444,6.749264890748273e-05,8.488058564528813e-08,1.0629915749474733e-10,2.11289486285596e-06,2.162019701002041e-06,7.595885350472563e-11,9.825605199968928e-05,4.6619919179662755e-06,8.177090627392731e-06,1.6867275049968356e-08,1.3356301553648986e-06
26,2.6878264492122146e-09,0.0015366922047106012,6.478015736960304e-06,8.332572007917644e-05,0.9655134855282306,0.02672812209539165,7.193745054136582e-08,2.4847915455735782e-08,7.395814566139925e-06,8.648530976749063e-05,0.000660921113077951,1.348517797732384e-07,2.0120940666786473e-08,0.0051551579665085395,4.4482212817311624e-05,4.786982914717862e-08,6.099124659130483e-10,7.942952871426743e-06,1.5814121159736671e-06,2.792307338003072e-10,0.00014990136528722115,4.1700947437408e-06,1.2226537186290482e-05,9.649728631593052e-08,1.2319547375218816e-06
27,1.5607677244109176e-09,0.0013734750258251275,4.167238054926456e-06,7.729734826356171e-05,0.9281047343071772,0.0626417899130956,7.427661306175205e-08,3.2887595347415384e-08,2.1360398026437813e-05,0.00017290295510217905,0.0005162983936600567,8.928548516322744e-08,8.187345401227725e-09,0.006733008124537212,0.00010293799651368057,1.1496259348096979e-07,2.500895799883895e-10,3.1553143671629503e-06,5.529431742355841e-06,3.5915137815201326e-10,0.00022333558976936227,7.546743189951078e-06,1.0235527041892455e-05,2.4141017433828365e-08,1.8797829747168726e-06
28,1.0630226304378975e-09,0.0010790281930168424,3.107618907176941e-06,7.806582874933548e-05,0.9529682868993468,0.03761010485681299,5.513850683033888e-08,1.7484660231110863e-08,7.4408042309124945e-06,0.00010246684835119228,0.00045803453472687716,8.60508165626114e-08,9.857794344681129e-09,0.007465611474564396,4.373989340939981e-05,6.459183621575385e-08,1.8319007952628587e-10,2.9942230115609465e-06,2.9717774738252816e-06,2.1320800449861544e-10,0.00016363611488318325,3.4972622675538736e-06,9.805188121528971e-06,2.032022799035509e-08,9.535788634771889e-07
29,1.0630226304378975e-09,0.0010790281930168424,3.107618907176941e-06,7.806582874933548e-05,0.9529682868993468,0.03761010485681299,5.513850683033888e-08,1.7484660231110863e-08,7.4408042309124945e-06,0.00010246684835119228,0.00045803453472687716,8.60508165626114e-08,9.857794344681129e-09,0.007465611474564396,4.373989340939981e-05,6.459183621575385e-08,1.8319007952628587e-10,2.9942230115609465e-06,2.9717774738252816e-06,2.1320800449861544e-10,0.00016363611488318325,3.4972622675538736e-06,9.805188121528971e-06,2.032022799035509e-08,9.535788634771889e-07
30,1.0630226304378975e-09,0.0010790281930168424,3.107618907176941e-06,7.806582874933548e-05,0.9529682868993468,0.03761010485681299,5.513850683033888e-08,1.7484660231110863e-08,7.4408042309124945e-06,0.00010246684835119228,0.00045803453472687716,8.60508165626114e-08,9.857794344681129e-09,0.007465611474564396,4.373989340939981e-05,6.459183621575385e-08,1.8319007952628587e-10,2.9942230115609465e-06,2.9717774738252816e-06,2.1320800449861544e-10,0.00016363611488318325,3.4972622675538736e-06,9.805188121528971e-06,2.032022799035509e-08,9.535788634771889e-07
31,6.493123826031755e-10,0.0009795435835319543,3.4137954172028843e-06,8.259940741796826e-05,0.9800024395808601,0.012456789995646882,2.568936223719787e-08,1.8244593411548098e-08,3.6645673489744955e-06,8.616403292532177e-05,0.0001869255600701839,6.938156558110333e-08,1.067010116848027e-08,0.006064870876943091,1.3898450811892736e-05,2.84210771711117e-08,1.735450763018382e-10,2.7024291253802613e-06,1.4882365642285336e-06,1.6378596400031395e-10,0.00010740528570994722,2.165404102224031e-06,5.005145500610704e-06,2.4964792517895113e-08,7.452898884427902e-07
32,1.1106793330886846e-09,0.0011168655806529973,3.0942550395519265e-06,7.381885447169233e-05,0.9516343905412644,0.038995973288766354,5.6016469206255366e-08,1.9539124054422856e-08,8.636754041842097e-06,0.00011001681966496769,0.00046203277133254284,8.767996708197704e-08,9.320745751267226e-09,0.007345859559263002,5.1140213617164425e-05,7.185599719992637e-08,1.9804960648826196e-10,2.8511057543562473e-06,3.709661502726077e-06,2.205018230953215e-10,0.00017680310321862932,4.086031407394413e-06,9.444741165551905e-06,1.9466800794491157e-08,1.011310501825911e-06
33,9.76631497525277e-10,0.0010884855514381158,2.5754138475083886e-06,6.775612398000093e-05,0.9582122218323472,0.03257721121775933,4.559678662537304e-08,1.5892393084026724e-08,5.45295003596673e-06,9.224119303305963e-05,0.0003929665283135305,8.452028272547986e-08,9.99338809771316e-09,0.007357514529078872,3.847120768473582e-05,5.644670000196242e-08,1.977362065810733e-10,2.955268847075654e-06,2.6805959650907743e-06,1.874151685313924e-10,0.0001447105985289475,3.986608934774405e-06,9.786376722970421e-06,1.9153252589297342e-08,7.510388966721211e-07
34,3.80835444884818e-09,0.0020977883996689097,1.391408540975765e-05,6.16284582948042e-05,0.8875137973495653,0.10026750930252344,2.051075457203406e-07,3.789963886531056e-08,0.0001651480657476679,0.00018593056265697586,0.0010948989416755747,9.530421780108989e-08,1.3783786459214511e-08,0.008124045146166605,0.00025134744991937044,1.6742761314163834e-07,1.6747574525990376e-10,2.1977221376415e-06,1.592162068052806e-05,5.011783061076932e-10,0.00019226253634490012,5.445872485194413e-06,3.9687708399287875e-06,3.0329349744343777e-08,3.6413867232822434e-06
35,5.527103234878106e-09,0.003597266087524493,9.072691386636284e-06,0.00031530252399603336,0.9272904731821947,0.058311231093502704,1.6293848857892277e-07,1.556458041678743e-07,5.643528386251858e-05,0.000590737409769227,0.0009136393950734794,2.4243714776883864e-07,2.095880671930895e-08,0.00810904797172661,5.7185425724080895e-05,1.0413068511774441e-07,7.815660607934515e-10,2.678397626728227e-05,1.1760512852119729e-05,1.209854492944364e-09,0.00067781189788471,1.5359067677059462e-05,8.837060619686729e-06,8.435560007562075e-08,8.27843488209347e-06
36,8.876149808950138e-10,0.0005877360028293089,3.318633143052679e-06,2.9007447029330652e-05,0.987579562563237,0.006345485791091798,1.4308126410105467e-08,1.7733290236270504e-08,5.122354579341922e-06,5.0431759262228365e-05,8.929952073944116e-05,1.5156174070845862e-07,7.991734548291297e-09,0.0051751963014854616,4.067827313163978e-05,3.9515938614950355e-08,4.5161999865251165e-10,6.294662015278849e-07,3.88989930554921e-06,7.22249135418867e-11,8.115615742659161e-05,3.9920991552102e-06,3.205914093517898e-06,1.4776788269035957e-08,1.0405182103262553e-06
37,4.571986629284219e-09,0.0014611406393505936,6.326817395592756e-06,8.128227407526591e-05,0.9528280388316258,0.02909099054804793,1.0061405369431035e-07,1.3965880679438794e-08,4.14082459437664e-06,5.393764787721383e-05,0.0006824207672025394,2.3265335733905658e-07,1.8611460566200502e-08,0.015578101538517061,3.353332404563176e-05,6.667998907182261e-08,3.1538716416315256e-10,6.9901782999407366e-06,2.469302143010211e-06,2.2440065940629056e-10,0.00015223083559132237,3.8592617154011715e-06,1.2793564849465538e-05,4.1040515677916583e-08,1.264967637472323e-06
38,6.196392545493222e-09,0.0014507546547926065,3.983734014704005e-06,6.895685680258528e-05,0.7728273603224585,0.2116458025112108,3.461896328277754e-07,2.161845833709802e-08,1.2630125434472971e-05,0.00016426564521725414,0.001859836483740741,1.8893919761123615e-07,1.2068426689540857e-08,0.011372321541774177,0.0001875927013350696,4.7480192295423087e-07,2.962468797135533e-10,8.020063000343157e-06,7.598472574099852e-06,5.269051144258697e-10,0.0003389596025555395,8.779464157966706e-06,4.059613021187326e-05,3.5008590615910274e-08,1.4560449456363894e-06
39,1.0584531710010673e-09,0.000359086118947335,2.649038899935684e-06,9.387379944381098e-05,0.943312632229804,0.05023415939303155,3.9178401169320974e-08,3.5381098880970814e-08,6.875818724724906e-06,0.0001376382569086371,0.00038859018992634106,1.383299296900432e-07,3.714158501397811e-09,0.005042274745816459,3.3153604295348156e-05,1.621594756562306e-07,1.9592618855943852e-10,2.9770030055761063e-06,5.168346521943561e-06,2.935016167473992e-10,0.0003661903060754605,3.0089944078749122e-06,1.0206457793586104e-05,1.1652050453499776e-08,1.123733402392655e-06
40,1.123870665728408e-09,0.0011030373265249482,3.1835746281361616e-06,7.576770491547474e-05,0.9520964026203025,0.03815917327348554,5.614553529381723e-08,1.7344329824087958e-08,7.5434681992458964e-06,0.00010030132746369978,0.00046710862590800277,8.982063190671079e-08,9.857854131043304e-09,0.007757287894792939,4.4844455976981955e-05,6.489439004843805e-08,1.866502668702445e-10,3.053649020274335e-06,3.05483034299092e-06,2.1297039297539347e-10,0.000164567291271813,3.7285901978110278e-06,9.722312324574065e-06,2.013310073359086e-08,9.633353118610291e-07
41,1.3854137838061356e-07,0.007864682087402357,2.935357774433624e-06,0.0014996630430343862,0.7192902827916021,0.15411770096252386,2.2054235984742956e-06,2.2713275214826917e-07,5.727376290565579e-07,0.0002024967874617196,0.03617423214238511,1.7858009254085637e-05,1.0051121691059583e-07,0.06903433622036402,7.306132497374839e-05,6.021962638507351e-07,3.4354893864973325e-08,0.00276349313261545,1.2380359213124449e-05,9.136565376461245e-09,0.0055846703664514845,0.0002662579757946982,0.0030852649298545726,3.2454312865365774e-07,6.46993186808237e-06
42,1.597969472037863e-09,0.0011948397650625023,2.685654883379549e-06,6.249432055917433e-05,0.9473881577717234,0.04447211749209983,6.686004616544054e-08,7.16635633666702e-08,1.3660902819106095e-05,0.00019128065657694637,0.0005522807016994405,1.2627396733284742e-07,4.240028922006668e-09,0.005399562383493692,0.00016498564840700548,2.2382259012646006e-07,5.880923781049144e-10,2.5226672141151947e-06,1.414543154854937e-05,3.8004102335454914e-10,0.0005067652122705772,1.8014874555318434e-05,1.4601902815029371e-05,2.013602367849468e-08,1.3690519495578538e-06
43,1.466958038794858e-09,0.0012229458781333894,4.517022687978073e-06,8.32651538571625e-05,0.954132020887999,0.03374954777468064,7.146932662073283e-08,1.5477172329964532e-08,8.111639666869694e-06,7.297920777683296e-05,0.0005694048700382579,1.1316116951193668e-07,1.4722192313271135e-08,0.009960750739943982,4.443434223583287e-05,5.444270359988706e-08,1.8813541001685312e-10,3.2155314249832977e-06,2.7279628918144973e-06,2.36265115627924e-10,0.0001315812264501864,3.112010564675132e-06,1.0019570239105527e-05,2.413550253375831e-08,1.0708819835050692e-06
44,1.0630226304378975e-09,0.0010790281930168424,3.107618907176941e-06,7.806582874933548e-05,0.9529682868993468,0.03761010485681299,5.513850683033888e-08,1.7484660231110863e-08,7.4408042309124945e-06,0.00010246684835119228,0.00045803453472687716,8.60508165626114e-08,9.857794344681129e-09,0.007465611474564396,4.373989340939981e-05,6.459183621575385e-08,1.8319007952628587e-10,2.9942230115609465e-06,2.9717774738252816e-06,2.1320800449861544e-10,0.00016363611488318325,3.4972622675538736e-06,9.805188121528971e-06,2.032022799035509e-08,9.535788634771889e-07
45,1.0009493189035084e-09,0.0007773950160139179,4.281882632300957e-06,4.2047597619731994e-05,0.9660306807774367,0.027434373221111072,6.349671074136783e-08,2.109072280433541e-08,1.0992699028869098e-05,6.940522043334336e-05,0.0004374121308832497,7.232144852825468e-08,1.0988603154704431e-08,0.005031130860289296,6.97791986626918e-05,7.198085004331186e-08,1.8753644780116537e-10,1.076895111135837e-06,3.8270163153840845e-06,2.075726980822208e-10,7.771772443981597e-05,2.9670126087864092e-06,6.0675323861339476e-06,2.2096259352712812e-08,5.818443746566578e-07
46,2.083548635317022e-09,0.0010501972774538358,2.6350878416712e-06,7.444681967225242e-05,0.987688474920665,0.007482202696330082,2.0963278967502268e-08,4.9548686919980856e-08,2.251396018384006e-06,5.9516722964053956e-05,0.0003608146137506899,2.55361529997001e-07,1.292037761635849e-08,0.0029721056106683337,4.2481382439564814e-05,3.401026624645102e-08,3.1968178557871064e-09,5.36945438836572e-06,2.149832681970995e-06,1.8873257238853954e-10,0.0002318192213276846,8.964160232304248e-06,1.5127109839640204e-05,7.72571307687772e-08,9.881633566655707e-07
47,1.4081387186789e-08,0.002639948588012424,6.5475395833567615e-06,6.958415663752317e-05,0.8945000405442278,0.08725690342838742,1.7334049431724572e-07,3.7050441590575375e-08,9.759308293723274e-06,0.00015286000393774731,0.0012439884384961748,7.53890162884132e-07,1.7798605379293217e-08,0.013340853571031878,0.0001557462451892438,2.738685444707264e-07,1.4126253924139738e-09,1.902832252241696e-05,7.009927107769779e-06,5.995884603139567e-10,0.0005299692082542364,3.253907525641132e-05,3.0619005007551725e-05,6.884797184646073e-08,3.2617482325861312e-06
48,1.3544912885653538e-09,0.002744245980323806,1.5100298134323487e-06,5.961095305898557e-05,0.9719943181165162,0.017817532511753758,5.932577444295292e-08,4.1988705678677554e-08,4.584380598917039e-06,0.000185298827713634,0.0002638022302527637,7.659069178181116e-08,1.3762153153990105e-08,0.006571056400142207,9.704130290630148e-05,1.0672552943862225e-07,8.908409815335403e-10,2.622703268723298e-06,8.480374780592245e-06,2.2133130991799576e-10,0.0002150434455312584,1.534334707349567e-05,1.828610953817699e-05,3.806862848416695e-08,8.84358581555363e-07
49,1.0535485763002222e-09,0.0007272751598618969,2.891379196184939e-06,5.853932844182221e-05,0.9478543108641212,0.04342942220902175,3.945858601510997e-08,1.4857185947812505e-08,5.512121115201279e-06,7.376705418055482e-05,0.00047162011729294685,1.3498580895635775e-07,9.074063751315358e-09,0.007186305228949652,3.210513438957172e-05,5.3355374254160214e-08,1.8558034920562015e-10,3.6258772597078774e-06,2.2579441061676974e-06,2.1562761220517266e-10,0.00013838650024270688,4.5147959615384356e-06,8.571789459942148e-06,1.4377900713416939e-08,6.269327233288846e-07
50,9.189342877529393e-10,0.0012177053954352125,3.063030351017935e-06,7.643236221737589e-05,0.9455443919470259,0.043103027800789014,6.905655596547712e-08,1.7394095590753627e-08,9.384196439360982e-06,0.00015349407438575356,0.0003393157025800359,6.190594049485652e-08,9.4785051810402e-09,0.009333641849943635,4.5546585885939604e-05,9.601642324945719e-08,1.2097858038618125e-10,2.1784554463479924e-06,4.190010620916885e-06,2.2879204232704519e-10,0.00015400484720552927,3.7325033037554395e-06,8.596406751683056e-06,1.6089398368304054e-08,1.023621994673008e-06
51,7.453899421020696e-10,0.0013940896429302282,3.1537201093216023e-06,0.0001333620600717895,0.9486723073730864,0.038381061866835875,6.393984200571694e-08,2.162951574135722e-08,7.0180360719959384e-06,0.00013492933439934976,0.0006031701528367178,8.568729595682428e-08,1.1462754828865297e-08,0.010394823780302962,2.587956611305089e-05,4.1494741636924806e-08,1.376807657023234e-10,5.565089257740628e-06,2.551663775224302e-06,3.0769099393539145e-10,0.00022823539312543384,4.061168295881784e-06,8.708251301339783e-06,1.8038734082483795e-08,8.394578406477263e-07
52,5.635687926510164e-10,0.0007756550992278642,2.7175804800551393e-06,5.49944186363695e-05,0.9856270347576652,0.00773914138910849,2.3408357761111283e-08,1.8185163257342194e-08,4.657944847640218e-06,5.828982370614518e-05,0.00016314386320212011,6.347994283609472e-08,5.70489988207928e-09,0.005409843176348557,3.613787947608824e-05,3.744346754177066e-08,2.0203981117422883e-10,6.30219341246808e-07,3.7984384973138665e-06,8.232515593828041e-11,0.0001163310658661459,1.959465949714085e-06,4.578987572537446e-06,1.4314457079777988e-08,9.225058521321812e-07
53,7.288942830041695e-09,0.0031246520618675774,8.961721340341069e-06,0.00022085295984161223,0.7477743251285961,0.2276986384549057,9.876325776131026e-07,4.49257688902837e-08,3.907736244273713e-05,0.0002676014682432022,0.003421626068419024,1.6639737840034695e-07,3.1531933055312525e-08,0.016621823088979748,0.00030795747587021024,4.695238372365881e-07,3.7798753251620625e-10,1.2654371228258297e-05,7.780242391467495e-06,1.6889708465384308e-09,0.0004013149800070475,9.307363900305288e-06,7.769418244341582e-05,9.000316300792027e-08,3.933698963851964e-06
54,4.564589240447154e-09,0.003371439482134612,7.215362164093386e-06,0.00012660102459540484,0.8489103144045002,0.11437794261524621,3.156322139459404e-07,1.6641669718466258e-08,2.27380078522938e-05,0.0003148644790831764,0.0004869510275357056,1.5351193752566734e-07,2.3954264321766573e-08,0.03196736390621971,0.00013159438757090854,3.625849449769483e-07,1.5292854106390414e-10,4.138529965435021e-06,7.4910102625899924e-06,5.687338023412948e-10,0.00023599048282814712,7.8435855402719e-06,2.172059364406807e-05,2.7799867998274036e-08,4.885689707264761e-06
55,2.6175317704033233e-09,0.0017460270943394118,8.873456002895701e-06,0.0001236456892553045,0.9355005128865495,0.05115034638776144,1.0111730213465545e-07,2.227294034047863e-08,1.9459028021944097e-05,0.00010984825732528476,0.0009613283754213487,2.1867217264710178e-07,2.4778678411972407e-08,0.010130680453318433,4.781928029619196e-05,5.6255531207819994e-08,2.5102497704642686e-10,7.5830596984854045e-06,2.9582222377801034e-06,4.897400775903286e-10,0.00017642736362188995,3.853069304312495e-06,7.874294481397412e-06,3.869022123712529e-08,2.2979372216034333e-06
56,1.0324046858803265e-09,0.0011235311125209909,3.3157684013118438e-06,7.649824311084944e-05,0.9562472897738041,0.034422732474479974,5.3953771543398686e-08,1.7141770770478234e-08,7.593368884478079e-06,9.744518584243054e-05,0.00045152154527269167,8.590848335400953e-08,1.2029968936136977e-08,0.007368942767803956,4.063059781228119e-05,5.713071417839875e-08,1.8808028505288658e-10,2.9084275351360576e-06,2.7672954032767503e-06,2.2357204776553152e-10,0.00014156828154256754,3.325790496883044e-06,8.820286141324238e-06,2.1472740546323618e-08,8.59999441582608e-07
57,4.268726956302415e-10,0.0004354391095232342,2.4214017917333836e-06,2.8823838985871958e-05,0.9842955139670306,0.011490026261341624,1.0464305745726035e-08,1.6209649334922576e-08,5.194692007273846e-06,6.879737225043905e-05,0.0001234004733451389,9.671053210106635e-08,5.083063465362826e-09,0.003413038191492222,2.251989651874543e-05,3.396136429260613e-08,2.244241667082533e-10,8.611523074101514e-07,2.9806981482653913e-06,8.36537124225744e-11,0.00010506710775227522,3.109610413056439e-06,2.1465479006484103e-06,8.83535272377378e-09,4.876799731969823e-07
58,1.0974019375358152e-09,0.0011504978161649899,3.273986631503734e-06,7.224016323237431e-05,0.960532005580833,0.03086429741960186,5.289373075586725e-08,1.7916667667706557e-08,6.620244747456354e-06,9.702816207820381e-05,0.0004382179461557953,8.598785348229296e-08,1.1075880702834119e-08,0.006616341228277231,4.3860753298638484e-05,5.804641690273209e-08,2.3487920823711724e-10,3.1178677118626337e-06,2.5479437577873595e-06,2.004197229746332e-10,0.0001551718090656628,3.563830520936649e-06,1.0068034077275657e-05,2.7060992794220755e-08,8.926996024856202e-07
59,1.2510932243234242e-09,0.0010435648751733401,4.03967332314276e-06,7.049272965168915e-05,0.963039192094496,0.02890123777140355,5.431798913420521e-08,1.8515897447014483e-08,6.738437485560001e-06,8.740522454648077e-05,0.00044958396490285324,9.52016496509454e-08,1.1292210102839422e-08,0.006182703961260092,4.2304919377710633e-05,5.7166093158133564e-08,2.5101780858258605e-10,3.354864435443005e-06,2.202061159436654e-06,2.0518392170137556e-10,0.00015321124547339638,3.22395902104553e-06,9.55307784262371e-06,3.3110405775238584e-08,9.198289076884181e-07
60,1.0630226304378975e-09,0.0010790281930168424,3.107618907176941e-06,7.806582874933548e-05,0.9529682868993468,0.03761010485681299,5.513850683033888e-08,1.7484660231110863e-08,7.4408042309124945e-06,0.00010246684835119228,0.00045803453472687716,8.60508165626114e-08,9.857794344681129e-09,0.007465611474564396,4.373989340939981e-05,6.459183621575385e-08,1.8319007952628587e-10,2.9942230115609465e-06,2.9717774738252816e-06,2.1320800449861544e-10,0.00016363611488318325,3.4972622675538736e-06,9.805188121528971e-06,2.032022799035509e-08,9.535788634771889e-07
61,1.1236574220140344e-09,0.00101919963528981,4.0087562630452255e-06,6.618069957816975e-05,0.9640664206398457,0.027879566681026022,4.960972882718493e-08,1.712058598533869e-08,7.180639495449687e-06,8.10407095460763e-05,0.000445351218104804,9.34974294762155e-08,1.0860020448027786e-08,0.006231349922351244,4.055463244894078e-05,5.0841712421857666e-08,2.2072929753435596e-10,2.8704994517285395e-06,2.327775689659223e-06,1.9095362773294404e-10,0.00014181507029307897,3.050936074999392e-06,7.960809245963104e-06,2.7294991278890572e-08,8.706154864674447e-07
62,1.0630226304378975e-09,0.0010790281930168424,3.107618907176941e-06,7.806582874933548e-05,0.9529682868993468,0.03761010485681299,5.513850683033888e-08,1.7484660231110863e-08,7.4408042309124945e-06,0.00010246684835119228,0.00045803453472687716,8.60508165626114e-08,9.857794344681129e-09,0.007465611474564396,4.373989340939981e-05,6.459183621575385e-08,1.8319007952628587e-10,2.9942230115609465e-06,2.9717774738252816e-06,2.1320800449861544e-10,0.00016363611488318325,3.4972622675538736e-06,9.805188121528971e-06,2.032022799035509e-08,9.535788634771889e-07
63,1.1755990046336683e-09,0.001383029370897713,3.3476494831737984e-06,8.00379568072293e-05,0.9511770661020834,0.03881923842539957,6.231607291426163e-08,1.8429767549104926e-08,8.592834778097911e-06,0.0001101941578573925,0.0005118282454655787,8.499855291084421e-08,1.1806796647259858e-08,0.007667743414972185,5.02351304783593e-05,6.300111353680099e-08,2.0411166152106883e-10,3.3428482617271478e-06,3.07299650670491e-06,2.3870452450396446e-10,0.00016687805535069416,4.007780531360928e-06,1.0095729810352504e-05,2.426977912091714e-08,1.0228608187275788e-06
64,1.1364079736719371e-09,0.0010504509942086768,2.7565454921536404e-06,8.056605709500035e-05,0.9550194840452673,0.036310697625943696,5.1091306372248205e-08,2.150495856108743e-08,6.573039294788543e-06,0.00011483433926849262,0.0005002016801719389,9.844969377786585e-08,7.447859460055417e-09,0.006584004561562802,4.687597586273204e-05,7.226756569342e-08,2.3623962657369027e-10,3.53039508038287e-06,3.5141203398151334e-06,2.0053446067657883e-10,0.000260753429486861,3.9844335089896465e-06,1.0463012268902477e-05,2.1326008322782105e-08,1.0360845733399609e-06
65,1.1198276174614046e-09,0.0011903955997115084,3.3538312725026246e-06,7.939032129929324e-05,0.953240641595621,0.037172717141867685,6.00515381421581e-08,1.8614220915778083e-08,8.411725913192834e-06,0.0001048819000768473,0.0004832740834341768,8.44081932914424e-08,1.0596580225696763e-08,0.007484460676170415,4.8693383848931606e-05,6.530302869122147e-08,1.9332599068350486e-10,2.9658076499123305e-06,3.1210041064127152e-06,2.2607699133441024e-10,0.00016289153233050484,3.6322321104243046e-06,9.88934172512345e-06,2.2488847541909678e-08,1.0168212228176772e-06
66,6.867114388630923e-10,0.000661167454280316,3.4862469311965424e-06,8.013700222749539e-05,0.9230987467604247,0.06586474411614694,6.211327848654026e-08,1.6368277050678657e-08,1.439200480466521e-05,0.00019341623002848022,0.0002834672809615152,7.231205500844888e-08,1.120446670195981e-08,0.00964661226755002,2.5217840383936278e-05,1.4293925855991865e-07,5.615293880632409e-11,1.52371770862965e-06,5.448570852618202e-06,3.6822463881488803e-10,0.00011374233790722574,2.2345217055527015e-06,4.564973135839448e-06,7.079849118917035e-09,7.855466767379929e-07
67,3.842064009153572e-09,0.0008391410985426319,4.399399802827503e-06,0.00014939100557046937,0.8847069523266335,0.09412661859793174,1.7248627410403657e-07,1.5043450842015153e-08,4.162098643311608e-06,9.648748420317952e-05,0.0006951100626606939,3.022126326289182e-07,2.2100155662394332e-08,0.019069120842463445,5.2160455219874595e-05,2.268658698359472e-07,2.857335273688944e-10,7.647059212884363e-06,2.6753411703525636e-06,5.746082501382874e-10,0.00017896504662969707,4.3927220835135705e-06,6.028131521638134e-05,2.784630157648756e-08,1.7238869250519719e-06
68,2.6024581457867683e-09,0.0014500265301369377,3.0730185943056658e-06,0.00012760500489158088,0.8973268357923759,0.0907440201731686,9.669974152416745e-08,2.3428181875048884e-08,7.330606784508862e-06,0.00013601004507227612,0.001158151673805895,1.892576288547044e-07,1.2096979412137543e-08,0.008541062661759972,6.586390689155345e-05,1.0650344334617119e-07,3.928405403698525e-10,1.2861217491956192e-05,2.859301809092677e-06,4.2416374302930433e-10,0.0003839994386583815,7.0780745481932815e-06,3.108077454838268e-05,3.6579491271671445e-08,1.6737945335622841e-06
69,1.415081138029291e-09,0.001317947100488984,5.093175025257437e-06,0.00016208019699489774,0.9563124723718258,0.03436554355953822,7.894590688636126e-08,3.471410076576904e-08,1.1727313961938912e-05,0.000178532307594076,0.0004708230570137267,1.0349725469900268e-07,1.4173327646159288e-08,0.006836418809497228,4.823203464009851e-05,9.299908033955905e-08,2.8649448981857577e-10,4.5001193724503995e-06,3.3958164575453177e-06,4.2966539985475645e-10,0.0002650235824460801,3.00020402102829e-06,1.2652446431929429e-05,4.2463842333223574e-08,2.188979936885278e-06
70,9.385314835400477e-10,0.0011452432667256262,2.6529236298633253e-06,7.598906262578076e-05,0.9556648208449914,0.03637188129190543,5.3212239199675464e-08,2.106529954793025e-08,7.784983594468633e-06,0.00011075592510604807,0.0005047383993123643,7.263556274604944e-08,8.821759991211081e-09,0.0058584661956051194,5.239386245931565e-05,6.507553496669744e-08,2.0990337078038193e-10,2.918365357302482e-06,3.3123870391089716e-06,2.1203049194911859e-10,0.00018388227351111763,3.701515377331041e-06,1.0326480330181578e-05,2.27075211247775e-08,8.873440464872118e-07
71,7.183125483210119e-10,0.0009867124582066719,2.6379080387358966e-06,6.20392339843755e-05,0.9596355067837793,0.032344937401737016,3.728623147859633e-08,1.3296904814429925e-08,6.821045992168394e-06,9.756840805524778e-05,0.00032584818495007273,6.296329983075899e-08,8.307941034087501e-09,0.0063639346779186265,3.500528312011498e-05,4.773404944749068e-08,1.3546610523361674e-10,2.13469348230743e-06,2.453092840649219e-06,1.5054696037751062e-10,0.0001239044707445474,2.8869476342158164e-06,6.654962340699557e-06,1.5601160580476824e-08,7.682532622039076e-07
