,0,1,2,3,4,5,6,7,8,9,10,11,12,13,14,15,16,17,18,19,20,21,22,23,24
0,4.865516035985621e-10,0.0003275980926833097,6.108045012351723e-06,1.314765717954386e-05,0.9749590633346353,0.021488882119732346,3.4635157574735075e-08,9.869332686606234e-09,1.9089976494725442e-05,3.825892310401986e-05,0.00026848701932087946,3.7651525573572466e-08,9.384099060541164e-09,0.002819223434619445,3.389565463838216e-05,4.5177706895403526e-08,4.7209957608840246e-11,2.573218255766196e-07,3.537698950425627e-06,1.0255766635795956e-10,2.0500765793114482e-05,8.259020747154687e-07,8.115656128087155e-07,9.227996039745463e-09,1.6590618589558603e-07
1,4.518105122347196e-10,0.0008158194625423488,4.831749976229467e-06,3.289555414537703e-05,0.973953548033105,0.020070016281696492,4.654978192289238e-08,2.0884225832097208e-08,2.9904668272056247e-05,0.00013268374422938255,0.00017234237213964296,2.9085758383512595e-08,8.255772804184847e-09,0.004655902862370389,5.641083035628578e-05,7.995379179029135e-08,6.730250099349975e-11,3.17253028572285e-07,8.454230463667295e-06,1.488114322141698e-10,6.284499605556448e-05,1.7652189215203484e-06,1.4669949498560103e-06,1.034099191034612e-08,6.000095005926103e-07
2,8.217472055849419e-10,0.0010759816882545258,3.306321146025278e-06,3.8920889448324326e-05,0.9744266358838295,0.017831897393251465,4.944491624029204e-08,2.397805199516921e-08,1.2919886207878306e-05,0.0001011914087690791,0.00019687793991049875,5.0724817737383305e-08,8.733609455137608e-09,0.0061061425750868195,0.00010217197773700576,8.612317630499072e-08,2.1278035038860438e-10,5.300180596748219e-07,7.501099230181865e-06,1.4347320339917313e-10,8.5710700349934e-05,4.104108282735496e-06,4.988311231724372e-06,1.6039190900669906e-08,8.835774410688363e-07
3,4.560204719357566e-10,0.0008236496624127078,3.5701732144110127e-06,3.537389740043422e-05,0.9788452761222133,0.014807975215235128,3.356195322624827e-08,1.5127662665965685e-08,1.1121582140451725e-05,8.073129706603259e-05,0.00017943867723441218,3.600055623405819e-08,7.956978869539788e-09,0.0050988983426012375,4.088287917280374e-05,4.578354135151718e-08,9.300360324273838e-11,4.991722302602569e-07,4.167966475496144e-06,1.0821332114895012e-10,6.36041061649001e-05,1.8435756388087078e-06,2.2957087276842284e-06,1.2226268481330056e-08,5.203078738313314e-07
4,3.7888462154004827e-10,0.0007916052080814442,3.6266405539679166e-06,3.1750699477874276e-05,0.9808004040464503,0.012822037209253298,2.982154180738874e-08,1.1862142250792673e-08,9.691515136290864e-06,7.089518725774354e-05,0.0001525895153887994,3.1728426700415284e-08,9.717782180005137e-09,0.0052328654599182525,3.1734059248985436e-05,3.5723827402959795e-08,7.883692298123384e-11,4.2548667094599215e-07,3.2958047477185904e-06,9.739317950057524e-11,4.5207703805772386e-05,1.5233814342536424e-06,1.8233955650548326e-06,1.1286240709418619e-08,3.9399193366057253e-07
5,3.460238329826593e-10,0.0007460700379786372,2.8110106491377956e-06,4.361116129330165e-05,0.9811226452880948,0.0129325728802787,2.6622577394604652e-08,1.3841716027790754e-08,7.238142525297565e-06,7.925723294423533e-05,0.00015748029574113635,3.134607660758043e-08,7.704735621997438e-09,0.004807246236755287,2.6667343521517856e-05,3.524905586303774e-08,8.452866080685635e-11,6.192655112788545e-07,2.8672814772153587e-06,9.984926875747947e-11,6.636466441848927e-05,1.4607110290545177e-06,2.5149391027512767e-06,1.2230928652737763e-08,4.459831871567789e-07
6,4.560204719357566e-10,0.0008236496624127078,3.5701732144110127e-06,3.537389740043422e-05,0.9788452761222133,0.014807975215235128,3.356195322624827e-08,1.5127662665965685e-08,1.1121582140451725e-05,8.073129706603259e-05,0.00017943867723441218,3.600055623405819e-08,7.956978869539788e-09,0.0050988983426012375,4.088287917280374e-05,4.578354135151718e-08,9.300360324273838e-11,4.991722302602569e-07,4.167966475496144e-06,1.0821332114895012e-10,6.36041061649001e-05,1.8435756388087078e-06,2.2957087276842284e-06,1.2226268481330056e-08,5.203078738313314e-07
7,7.22154795561165e-10,0.0020705400013877697,1.0591483881813394e-05,4.99053246295127e-05,0.9750146635921608,0.015217553243567628,9.214341773843215e-08,1.7135642102762454e-08,3.0264605315103282e-05,7.472631250058571e-05,0.0005081355973953866,4.298848104984995e-08,3.8174582697339556e-08,0.00693551530710559,4.246509500739385e-05,2.583255038303337e-08,8.94384691151495e-11,7.512831756266324e-07,3.5653488674608307e-06,2.685564186898743e-10,3.765388818430449e-05,1.48918899562643e-06,1.4471286247739168e-06,2.8138344953804687e-08,4.871060318753832e-07
8,3.627202364972671e-10,0.0008592533578877192,3.895729506244149e-06,6.27310907890004e-05,0.9872899678746114,0.005832827033796265,2.9598700228135066e-08,1.8635946859490914e-08,7.502739887168195e-06,0.00012966925317138285,4.850819500540393e-05,1.9791173409844787e-08,8.436013301844958e-09,0.00567015263198741,2.9158067627684425e-05,5.13468767131873e-08,9.815764212672502e-11,2.689376540395682e-07,2.9379136403799593e-06,8.367536998687128e-11,5.817357286356587e-05,1.022727118542529e-06,2.762527632429839e-06,2.0012937485258474e-08,1.0199806201531634e-06
9,2.4894752307696073e-10,0.0009271749964155336,7.457693977498041e-06,5.368574892684698e-05,0.9909684503706746,0.0037661350658855703,2.619644079605359e-08,1.4795191940556986e-08,1.2858020805785905e-05,8.293923428142794e-05,5.877059720995711e-05,1.5347267186915956e-08,1.4552812390392558e-08,0.004069662295973281,1.839436757659051e-05,1.8678875934056594e-08,6.330857578612426e-11,2.1774764296070103e-07,1.6716442555857992e-06,8.590157875992404e-11,3.0355501509092596e-05,4.819299913496581e-07,9.471698381853246e-07,2.6596671473173133e-08,6.810496185036208e-07
10,4.560204719357566e-10,0.0008236496624127078,3.5701732144110127e-06,3.537389740043422e-05,0.9788452761222133,0.014807975215235128,3.356195322624827e-08,1.5127662665965685e-08,1.1121582140451725e-05,8.073129706603259e-05,0.00017943867723441218,3.600055623405819e-08,7.956978869539788e-09,0.0050988983426012375,4.088287917280374e-05,4.578354135151718e-08,9.300360324273838e-11,4.991722302602569e-07,4.167966475496144e-06,1.0821332114895012e-10,6.36041061649001e-05,1.8435756388087078e-06,2.2957087276842284e-06,1.2226268481330056e-08,5.203078738313314e-07
11,4.6465196270430224e-10,0.0008659015928198552,3.7384443597961963e-06,3.538630783951628e-05,0.9789878157839952,0.014464900406354049,3.4006429467521835e-08,1.4654313132756288e-08,1.1118505442369239e-05,7.923828953831742e-05,0.00018014867523286968,3.692902442542553e-08,9.397740504756261e-09,0.00526576390119661,3.890245018038764e-05,4.305903488691e-08,9.572333861795602e-11,5.150155777633729e-07,3.917641014345406e-06,1.1355772155187707e-10,5.7938142880488894e-05,1.8278687727697208e-06,2.236914482556086e-06,1.2860500227485426e-08,4.984793373824122e-07
12,7.986995096591742e-10,0.0013391699366149235,9.871716534024115e-06,5.569734525334817e-05,0.9702767528590494,0.02269609039310518,1.0797786358349029e-07,4.17491836641003e-08,0.00010630362266110092,0.00014139400675275386,0.0004427782520369198,3.371827408955015e-08,1.1570422635196607e-08,0.004693821975166264,0.0001237455346841349,7.408271010179951e-08,8.252237252175308e-11,3.8689613646293984e-07,1.4166296123386343e-05,2.615697599612702e-10,9.513899156064063e-05,1.6974171699265365e-06,1.41074102476736e-06,1.9599496526404217e-08,1.284175384311695e-06
13,6.941473325100891e-10,0.0005857891074803723,6.859849708082315e-06,2.6859252528946032e-05,0.9837407392758336,0.008813068331438167,3.249624237575782e-08,1.948491297261438e-08,1.5881527332476028e-05,2.2856149383686705e-05,0.0005420267231479842,1.2951954560338125e-07,8.956605043997492e-09,0.006118586661714281,5.200333697260748e-05,1.941794078264625e-08,1.7093055632028457e-10,4.227161673198548e-07,5.9764075716579435e-06,1.077966621640508e-10,6.453363838982973e-05,2.4933227677065886e-06,1.2863286479670799e-06,8.485644484160193e-09,3.980371496082425e-07
14,8.201376596427679e-10,0.0007093298359352408,4.560843822806852e-06,4.058008998059999e-05,0.9754616204399147,0.01674513063700898,4.503192362928494e-08,1.96572743848747e-08,1.1931411775714317e-05,6.999660538421984e-05,0.00022251301043609296,6.435887389245434e-08,7.77822334083089e-09,0.006584194290659096,5.661065985512597e-05,6.849562486940102e-08,1.4094683564873072e-10,6.105065000042058e-07,5.476280799881655e-06,1.388975285946944e-10,8.037998851286508e-05,2.5374513145746556e-06,3.5142397471530585e-06,1.3564921701010185e-08,7.937215290276968e-07
15,4.560204719357566e-10,0.0008236496624127078,3.5701732144110127e-06,3.537389740043422e-05,0.9788452761222133,0.014807975215235128,3.356195322624827e-08,1.5127662665965685e-08,1.1121582140451725e-05,8.073129706603259e-05,0.00017943867723441218,3.600055623405819e-08,7.956978869539788e-09,0.0050988983426012375,4.088287917280374e-05,4.578354135151718e-08,9.300360324273838e-11,4.991722302602569e-07,4.167966475496144e-06,1.0821332114895012e-10,6.36041061649001e-05,1.8435756388087078e-06,2.2957087276842284e-06,1.2226268481330056e-08,5.203078738313314e-07
16,5.31042700630319e-10,0.0011671203035193648,2.7123041096918436e-06,6.61748606182835e-05,0.9675829888852477,0.023234236174645408,4.756451382335683e-08,2.3970625047426307e-08,9.442253267535054e-06,0.0002096079815481579,0.00020525355437699984,4.481163380634186e-08,6.867161513268577e-09,0.007259436129342998,3.913186307195164e-05,9.237735503289247e-08,1.1519689165475632e-10,1.1523879287601405e-06,5.943910550907396e-06,1.7473902009738486e-10,0.00020867618250702163,3.2044638654460214e-06,3.937810397591999e-06,1.278776902373472e-08,7.517349654226104e-07
17,4.5518078143076416e-10,0.0008286261466934838,3.5741720274222708e-06,3.4469087653437194e-05,0.9788297456557125,0.014942935452472663,3.3609278540235565e-08,1.5208037060034246e-08,1.1487336446725262e-05,8.116642129349804e-05,0.0001812080620136753,3.5538608491280505e-08,7.893830332431396e-09,0.0049717494907979675,4.213264082622993e-05,4.596168524945994e-08,9.313892354369568e-11,4.905799321525207e-07,4.249854144035143e-06,1.0752890588612236e-10,6.339314706943924e-05,1.8585842793673393e-06,2.2465958833809275e-06,1.2270377179244102e-08,5.156350885907991e-07
18,1.638708117329908e-09,0.0015131848775210217,5.616492956233943e-06,5.0536672866662e-05,0.979538594228806,0.010185333646068788,5.41010059866383e-08,2.5323300992460154e-08,8.148949693286694e-06,0.00011364617659378409,0.00016466055529135062,1.1392419698929268e-07,1.3848694574748544e-08,0.008225908003842613,4.920035598561867e-05,6.055110825488704e-08,4.1334585992935287e-10,1.6320430636102598e-06,4.446087229964552e-06,1.3346643132204692e-10,0.0001272188099578307,5.321872280679536e-06,4.7901226606695835e-06,3.904819248314477e-08,1.4521231621788552e-06
19,1.7308329281868896e-10,0.0004852649693416243,3.921878909771799e-06,2.155156178005461e-05,0.9877874459286093,0.00784756484878109,1.4258505678648726e-08,9.09249697182799e-09,9.989205213857968e-06,5.161069207695674e-05,9.025538153066592e-05,2.4736183826644576e-08,7.980870852461388e-09,0.0036561270005156595,1.7332192825549198e-05,1.7785785676877292e-08,4.567086106582081e-11,2.074958203303242e-07,2.1306617781162445e-06,6.766940610351675e-11,2.468646137338841e-05,9.498243011902009e-07,6.492593183014645e-07,6.839229442103973e-09,2.316583282437099e-07
20,3.007193364607431e-10,0.0008382582436298181,2.614010498761744e-06,2.734750231903413e-05,0.9866788540649244,0.008443755256397156,2.005973319292798e-08,2.366692688451216e-08,1.0322415006359336e-05,8.793210744537874e-05,0.00011115719246752172,3.1313245071499546e-08,5.582516791477481e-09,0.0036687843555920797,4.921619519753751e-05,3.323555076820674e-08,1.4961053916957411e-10,3.536849609368332e-07,4.938803887232128e-06,8.484796002262696e-11,7.054669908126788e-05,3.538624892373715e-06,1.8127863428586248e-06,1.15219128235134e-08,4.4214229384985396e-07
21,8.484106752428553e-10,0.0007177045860333588,5.2323549058945586e-06,5.2536425311044785e-05,0.9668337749821332,0.022780406622020834,6.451515225803857e-08,1.3048258165070538e-08,8.107105331148618e-06,0.00010277343704218932,0.00020487271346417819,7.610074619659559e-08,1.4896623284145585e-08,0.009179242798804103,2.9535729959186047e-05,1.0221202225402831e-07,8.751359619473804e-11,8.322098361463943e-07,3.531898846907211e-06,1.926250114642445e-10,7.516190905666959e-05,1.4877724155585964e-06,3.907261214897141e-06,1.4582119907966328e-08,6.05710153074955e-07
22,6.121294483734636e-10,0.0006771207781049991,3.858034468940255e-06,3.436714598650249e-05,0.9767818451844504,0.017291740792303043,3.472681513968204e-08,1.9537258052220085e-08,9.67129834360322e-06,7.834067655211508e-05,0.0002611905546080066,5.322262425519541e-08,6.751151560712327e-09,0.004711865453945011,3.806124251375379e-05,5.4537884462710625e-08,1.4228096182468682e-10,8.471054604999618e-07,4.320554059898256e-06,1.2570641753391292e-10,0.00010117736874157828,2.3966328299113478e-06,2.579401503526911e-06,1.402854186072863e-08,4.3409173595396666e-07
23,4.560204719357566e-10,0.0008236496624127078,3.5701732144110127e-06,3.537389740043422e-05,0.9788452761222133,0.014807975215235128,3.356195322624827e-08,1.5127662665965685e-08,1.1121582140451725e-05,8.073129706603259e-05,0.00017943867723441218,3.600055623405819e-08,7.956978869539788e-09,0.0050988983426012375,4.088287917280374e-05,4.578354135151718e-08,9.300360324273838e-11,4.991722302602569e-07,4.167966475496144e-06,1.0821332114895012e-10,6.36041061649001e-05,1.8435756388087078e-06,2.2957087276842284e-06,1.2226268481330056e-08,5.203078738313314e-07
24,3.4270185175238883e-10,0.0008126193623982287,3.0873414260135e-06,3.794575695107315e-05,0.9799675310854419,0.013441598110477316,2.8101559329664764e-08,1.2803097939324564e-08,9.015332675740797e-06,8.003327736362325e-05,0.00014938396520907188,3.0172340617135887e-08,8.05688270859383e-09,0.005403905709051905,3.0073209021356065e-05,3.73572406915688e-08,7.187352138245139e-11,4.695586080164831e-07,3.4912711880145974e-06,1.000186793463857e-10,5.6665124588479006e-05,1.5425506147553876e-06,2.0619725717914316e-06,1.009533289021667e-08,4.492713646581745e-07
25,3.188942744030717e-10,0.0011784353387963597,1.8551659344024604e-06,1.4505115423937326e-05,0.9687596054680062,0.02604858197763642,1.6474936202362706e-08,5.307788687004959e-09,1.2188536533389597e-05,0.00016763070520626406,5.0507629136044974e-05,1.2978612912919579e-08,4.641645535605686e-09,0.0036642247696752,5.771340706525357e-05,5.74851019230877e-08,5.183109707891226e-11,3.12023037354756e-07,3.0304277630179654e-06,3.88441708122449e-11,3.660969755728349e-05,2.3246706963970937e-06,1.6950553252991321e-06,9.30558052452279e-09,6.734089716784379e-07
26,1.2423896600359437e-09,0.001104550547656358,6.92903634736796e-06,3.7369490282918763e-05,0.9856672706137694,0.009464887418744523,4.6288419559857036e-08,2.4338348937801714e-08,1.2193031431685061e-05,7.138779019829753e-05,0.00022386886316686926,5.502120344768719e-08,1.7260055894946304e-08,0.0033056219529550047,3.856618311011951e-05,3.110087349245222e-08,3.0689802187793963e-10,1.282409691526213e-06,2.4541558171808156e-06,1.247610045330642e-10,5.784779832899732e-05,2.2327570703514856e-06,2.6855610742177173e-06,6.12010577549108e-08,6.155063476135824e-07
27,6.597109178200769e-10,0.0010574796386114515,4.8023721625830445e-06,3.580825913361962e-05,0.9690402174927943,0.024604657613803524,4.5391048992643014e-08,2.8731820444060074e-08,3.197848485732176e-05,0.00013926874359653781,0.00020150879808987382,3.750173397351475e-08,6.732656051664953e-09,0.00468625257458178,9.413919782372162e-05,8.103034967658526e-08,1.2632089718666515e-10,5.31174056115131e-07,7.833037108818217e-06,1.827295398217628e-10,8.791360686962005e-05,3.9850961755962e-06,2.391599115622503e-06,1.449540786785512e-08,1.0174594412031906e-06
28,4.560204719357566e-10,0.0008236496624127078,3.5701732144110127e-06,3.537389740043422e-05,0.9788452761222133,0.014807975215235128,3.356195322624827e-08,1.5127662665965685e-08,1.1121582140451725e-05,8.073129706603259e-05,0.00017943867723441218,3.600055623405819e-08,7.956978869539788e-09,0.0050988983426012375,4.088287917280374e-05,4.578354135151718e-08,9.300360324273838e-11,4.991722302602569e-07,4.167966475496144e-06,1.0821332114895012e-10,6.36041061649001e-05,1.8435756388087078e-06,2.2957087276842284e-06,1.2226268481330056e-08,5.203078738313314e-07
29,4.560204719357566e-10,0.0008236496624127078,3.5701732144110127e-06,3.537389740043422e-05,0.9788452761222133,0.014807975215235128,3.356195322624827e-08,1.5127662665965685e-08,1.1121582140451725e-05,8.073129706603259e-05,0.00017943867723441218,3.600055623405819e-08,7.956978869539788e-09,0.0050988983426012375,4.088287917280374e-05,4.578354135151718e-08,9.300360324273838e-11,4.991722302602569e-07,4.167966475496144e-06,1.0821332114895012e-10,6.36041061649001e-05,1.8435756388087078e-06,2.2957087276842284e-06,1.2226268481330056e-08,5.203078738313314e-07
30,4.560204719357566e-10,0.0008236496624127078,3.5701732144110127e-06,3.537389740043422e-05,0.9788452761222133,0.014807975215235128,3.356195322624827e-08,1.5127662665965685e-08,1.1121582140451725e-05,8.073129706603259e-05,0.00017943867723441218,3.600055623405819e-08,7.956978869539788e-09,0.0050988983426012375,4.088287917280374e-05,4.578354135151718e-08,9.300360324273838e-11,4.991722302602569e-07,4.167966475496144e-06,1.0821332114895012e-10,6.36041061649001e-05,1.8435756388087078e-06,2.2957087276842284e-06,1.2226268481330056e-08,5.203078738313314e-07
31,3.034023139435008e-10,0.0007066489443821967,3.6995767906934638e-06,3.6386070002253967e-05,0.9906336557340992,0.004540249282580368,1.647257936158972e-08,1.7244756519668476e-08,5.927240581443319e-06,6.874116066574235e-05,6.616524497378333e-05,2.8563747391136524e-08,8.991938726127501e-09,0.003879286309218441,1.2555378881928989e-05,1.888688439608325e-08,8.858470010952306e-11,4.394287129081338e-07,2.2394915083418053e-06,7.449089445080755e-11,4.123720341377516e-05,1.1535841721155059e-06,1.1293775951629353e-06,1.5897586801308208e-08,3.794484504576943e-07
32,4.828685673943141e-10,0.0008527247157245082,3.5533075422872263e-06,3.357687281208873e-05,0.9784607958822703,0.015244360388210464,3.441801380258053e-08,1.71270216205901e-08,1.3006987838083602e-05,8.717829660158914e-05,0.00017986607199929795,3.677790006162502e-08,7.606325882552963e-09,0.004997919187541166,4.754290522888347e-05,5.0643608211772326e-08,1.0117814306009247e-10,4.777752258451698e-07,5.238960252672537e-06,1.1139452801481242e-10,6.86795084995492e-05,2.1605204038730795e-06,2.208965019514018e-06,1.1864552743900993e-08,5.50521966528874e-07
33,4.195525374277732e-10,0.0008280575426535833,2.956463240285008e-06,3.068463376098639e-05,0.9810111542113539,0.012787944213891735,2.7805653742914512e-08,1.3774125255749186e-08,8.18057559652352e-06,7.26648932606285e-05,0.00015352455116048562,3.527407043422841e-08,8.057930371719144e-09,0.005003616970613592,3.5874971754024866e-05,3.991057355794785e-08,1.0011947445020316e-10,4.916377241991416e-07,3.76226837877215e-06,9.487561392867435e-11,5.616478651271908e-05,2.0930971105127347e-06,2.282528563227969e-06,1.1530767710425776e-08,4.09686756193537e-07
34,1.914661496134785e-09,0.0016305474902534034,1.607162323954875e-05,3.089899855197946e-05,0.9553010779867332,0.036381344969691885,1.4183847034631542e-07,4.117223874915911e-08,0.0002768702405315416,0.00016478012114135834,0.0003994235820419311,4.244561880986171e-08,1.2966772811278548e-08,0.005469437082994982,0.00021906411670895087,1.1270815126853643e-07,9.437116003716771e-11,4.011611469969498e-07,2.5649839030905633e-05,2.503889967380123e-10,7.803795117783757e-05,3.123562627522996e-06,9.371290618091119e-07,2.1436321038114e-08,1.9593180712664787e-06
35,2.3706245238203e-09,0.002411827821332994,9.708536607402744e-06,0.00013526561984199135,0.9719169311550147,0.019458665416810825,9.628686242454053e-08,1.5650709323843584e-07,9.388806709110037e-05,0.00048476098974986116,0.0002894401998290037,9.86195469976423e-08,1.812234049510929e-08,0.004871396601312221,4.6993070197028185e-05,6.616329521085382e-08,3.901647265101674e-10,3.911963179955593e-06,1.824509740503305e-05,5.268257654955444e-10,0.0002450319470405186,7.888176728956557e-06,1.7703690035255726e-06,5.177153159237538e-08,3.784210569658454e-06
36,4.168684713315611e-10,0.0004194097646497677,3.6576431281381037e-06,1.332820484778201e-05,0.9940594112730862,0.0021960430326692978,9.222602369117366e-09,1.8331557061796076e-08,8.493587071391996e-06,4.187613420596057e-05,3.0903504170603234e-05,6.276911773262395e-08,7.0092438678847906e-09,0.0031533943066460774,3.3775344638691074e-05,2.5355275094827627e-08,2.3419588338821603e-10,1.0421206796223512e-07,5.964404267775355e-06,3.442487409162283e-11,3.0199553622224802e-05,2.104971869677645e-06,6.822470195696979e-07,9.697700392340525e-09,5.187450532733827e-07
37,2.0515214336807675e-09,0.0010488470471807015,7.212353049703614e-06,3.6227995038068126e-05,0.9766046869817551,0.011338950345452346,6.529446596308012e-08,1.2751006196121717e-08,6.6370081239599705e-06,4.141385982646478e-05,0.0002671401571415154,9.926658918819879e-08,1.5822240323604088e-08,0.010549008681337724,2.9825591017677008e-05,4.446455568214629e-08,1.5450711789008e-10,1.1865245063246245e-06,3.5586958273525717e-06,1.1027872299876405e-10,5.943314330389084e-05,2.074594096471821e-06,2.9189623540517376e-06,2.4995570821047124e-08,6.131492534005307e-07
38,2.776270997198422e-09,0.0012252392917293485,5.153831389692246e-06,3.615391566475094e-05,0.8976593083710647,0.09093675165476149,2.267009619472713e-07,2.105561349392606e-08,2.0954292171376234e-05,0.0001448114189279162,0.0008013169434212845,8.734572969993795e-08,1.0782402850366881e-08,0.008805126502320435,0.0001871279815582054,3.6386154880566e-07,1.62925259904366e-10,1.4735377272445174e-06,1.1714117148185385e-05,3.0441467532987444e-10,0.0001478416376790887,5.0643094964913525e-06,1.0341452151117867e-05,2.2719725682452648e-08,8.850331953698098e-07
39,4.482628427755316e-10,0.0002827464905328334,3.0433665440071787e-06,4.2712610297132235e-05,0.9757327326798494,0.019970011915699363,2.404451982280972e-08,3.019190353587341e-08,1.0192317925833438e-05,0.00010828084713533081,0.00015493832538878737,5.737078787840288e-08,3.042996276646532e-09,0.0035095324396646884,3.158630043085865e-05,1.1479930359047872e-07,9.920358216684347e-11,4.99470690344227e-07,7.185596837604086e-06,1.5058278697171846e-10,0.00014164394823201483,1.604587434349789e-06,2.438556607267164e-06,7.052720650892258e-09,6.133464494035618e-07
40,4.809234881070477e-10,0.000842095330024834,3.6585570757629465e-06,3.435168274940918e-05,0.978383382360082,0.01504569853054091,3.413297608577992e-08,1.4981475526730475e-08,1.1261663624009833e-05,7.901052109802682e-05,0.00018322955268814786,3.755836586614707e-08,7.948780743743918e-09,0.0053016659513747365,4.19449679247685e-05,4.6052166805593575e-08,9.46767674699529e-11,5.08866708129122e-07,4.27817766276285e-06,1.0823047516796098e-10,6.399276686941716e-05,1.9631049008525453e-06,2.2785264438624182e-06,1.20986736662774e-08,5.259839628509229e-07
41,6.819180009112752e-08,0.006538554530946726,3.4984558458873753e-06,0.0007237007239218298,0.8645411488723425,0.0622562026270178,1.4833702368732604e-06,2.3766071477059068e-07,1.107050948808429e-06,0.0001925178852317584,0.013077304986853163,7.3596613279437455e-06,9.174529603902145e-08,0.0488277948907324,7.880645836759997e-05,4.510202073684877e-07,1.881503140870019e-08,0.0004456729622491921,2.185350695448128e-05,4.14672207547542e-09,0.0023837258125805265,0.00014842259380335468,0.0007458757296668236,2.3184092624405572e-07,3.866460274237116e-06
42,7.319213292712256e-10,0.0009140733035222817,3.10898837326309e-06,2.8833212807600883e-05,0.9775708178397606,0.017061859959804356,4.2778425433959266e-08,6.495386464039118e-08,2.118640518580646e-05,0.0001531551401669549,0.00021277008256569206,5.368931985816495e-08,3.6517418628244926e-09,0.003656268727248644,0.00014895342832711817,1.528628757758927e-07,3.038125079978107e-10,4.345935381639968e-07,2.0269595868509416e-05,1.8940192384847146e-10,0.00019428432220205087,9.535216399939207e-06,3.3829777005059057e-06,1.2840740619455512e-08,7.342044241268071e-07
43,6.042246206075856e-10,0.0009271028061204789,5.11494032054032e-06,3.7811199138264914e-05,0.9786209438886868,0.013220358488770926,4.2679840071283227e-08,1.3306142460916293e-08,1.2031412571515733e-05,5.827175266868336e-05,0.0002192126937763123,4.648133468294148e-08,1.171649550677611e-08,0.006798251700122798,4.055658756455945e-05,3.827403882017997e-08,9.335151940247358e-11,5.304991165114435e-07,3.8125231190070664e-06,1.1931519800035658e-10,5.132159015001771e-05,1.6312689131492812e-06,2.305806207123885e-06,1.4127032609185804e-08,5.754409779597879e-07
44,4.560204719357566e-10,0.0008236496624127078,3.5701732144110127e-06,3.537389740043422e-05,0.9788452761222133,0.014807975215235128,3.356195322624827e-08,1.5127662665965685e-08,1.1121582140451725e-05,8.073129706603259e-05,0.00017943867723441218,3.600055623405819e-08,7.956978869539788e-09,0.0050988983426012375,4.088287917280374e-05,4.578354135151718e-08,9.300360324273838e-11,4.991722302602569e-07,4.167966475496144e-06,1.0821332114895012e-10,6.36041061649001e-05,1.8435756388087078e-06,2.2957087276842284e-06,1.2226268481330056e-08,5.203078738313314e-07
45,4.4564878030281454e-10,0.0005697850450672718,4.725082090078872e-06,1.9129443880144154e-05,0.9861137173246993,0.009767090799008834,3.9183994448915246e-08,2.0416723085281823e-08,1.7524700768285692e-05,5.789175845866806e-05,0.00015268395702788866,2.999571910480238e-08,9.386165019930738e-09,0.0031995921593221616,5.9085528630480265e-05,4.7306482843719316e-08,9.65993972182068e-11,1.7730969769158666e-07,5.7426487926895795e-06,9.859890696371666e-11,2.9512536241940312e-05,1.5779640544600346e-06,1.305978787365449e-06,1.3860052746602978e-08,2.969734879738185e-07
46,9.121522305531279e-10,0.0007494570886331378,2.831950340159181e-06,3.276618101912845e-05,0.9942397566365616,0.0027334593989528674,1.3158594450994644e-08,4.521689305273657e-08,3.6166575709113025e-06,4.7772864677536165e-05,0.0001246570703155313,1.011404389725519e-07,1.0667415661532114e-08,0.0019283504212301253,3.6860138392060584e-05,2.229026848177492e-08,1.5143950272377801e-09,8.500525329084025e-07,3.174219247950896e-06,8.514808969477558e-11,8.780564862286006e-05,4.611084394990379e-06,3.2962586113530543e-06,4.666630978422803e-08,4.926772808462595e-07
47,6.2323234721410364e-09,0.001960336258574243,7.546262901244987e-06,3.2247733182056535e-05,0.9537431485453284,0.03400246061101332,1.1162013150487199e-07,3.441504984931886e-08,1.587291693397303e-05,0.0001229627873314583,0.00047697655141886814,3.174632862526104e-07,1.5315989180842808e-08,0.009246047331134238,0.00014152254466867872,1.866680134770146e-07,7.017248278561752e-10,3.1854195043290143e-06,1.0378007618991875e-05,2.932150345232444e-10,0.00021050479601518533,1.7328212055978023e-05,7.100826365312876e-06,4.27508819001239e-08,1.6657353383090737e-06
48,6.586771062507099e-10,0.0020034435506279804,1.6486080509713432e-06,2.667997945754821e-05,0.987154961490662,0.006262557382435616,3.872158537552385e-08,4.145783364443075e-08,7.604055447207369e-06,0.00015062505087139378,9.085582986837798e-05,3.1517135564710834e-08,1.1949774265364992e-08,0.004108285889564094,8.536311372184707e-05,6.827276493685253e-08,4.6254255844894827e-10,4.348042622720235e-07,1.2858073205862655e-05,9.860582319286422e-11,8.180396564652954e-05,8.145262684457513e-06,4.058575463304796e-06,2.5657778874463533e-08,4.555713326689576e-07
49,4.5360270118741715e-10,0.0005598881961960375,3.3858482428148823e-06,2.670771682911069e-05,0.9766417528391169,0.017428566663567114,2.436959012287e-08,1.2777324526904377e-08,8.255998598890483e-06,5.767552051272735e-05,0.00019112218776531927,5.704509836470335e-08,7.3728793468362745e-09,0.004989586208306699,3.026861948967855e-05,3.820834057284052e-08,9.404113222118691e-11,6.126946931131696e-07,3.151443270813546e-06,1.12119693490179e-10,5.412196930227979e-05,2.3840458914880164e-06,2.028639001140841e-06,8.657263629347416e-09,3.423189558953301e-07
50,4.2120649479402214e-10,0.0009284120269945552,3.482487437935316e-06,3.5412977102894234e-05,0.9763344040161858,0.016117890537586475,4.410660223871801e-08,1.64814701534742e-08,1.4835433518683358e-05,0.0001265629487883516,0.00012666853885654784,2.62220736145498e-08,8.131928597678485e-09,0.006199994765047582,4.090064375190663e-05,6.525606717549386e-08,6.37445985915312e-11,3.7290427515576815e-07,6.231648235069741e-06,1.124905788343301e-10,6.0121369960902614e-05,2.024503468987298e-06,1.9676403942419984e-06,1.0325514981863076e-08,5.464372962566714e-07
51,3.380711669588536e-10,0.0010198760402605682,3.5035275265351246e-06,5.899611050994721e-05,0.9772260411614012,0.014393344663034678,3.995457739996492e-08,1.9786124011215463e-08,1.1099429308254519e-05,0.00010669367412482526,0.0002191933718660209,3.557784817495671e-08,9.515854802891076e-09,0.00683952905682745,2.3933201349728363e-05,2.8436003056498588e-08,7.021220135190511e-11,9.007471997619083e-07,3.7547729798944706e-06,1.4380128043947385e-10,8.839795075391117e-05,2.149461385384998e-06,2.0033832709945186e-06,1.1297715750820051e-08,4.3832799318442804e-07
52,2.536494279166433e-10,0.0005726910687079575,3.0281784979334704e-06,2.459439058518223e-05,0.9928409525470682,0.002884233294778921,1.4593326121750096e-08,1.6803238842391807e-08,7.263192633992501e-06,4.694999316745434e-05,5.993550823790394e-05,2.634730442169242e-08,4.785753662441101e-09,0.0034762733675447635,3.19695047230684e-05,2.5285977936989135e-08,1.0361233265283983e-10,1.0522963362259976e-07,5.500584781876118e-06,4.004856120535227e-11,4.3867484381418675e-05,1.038192248354975e-06,1.022050312136732e-06,8.956938515224824e-09,4.78242847326912e-07
53,3.4172161271987725e-09,0.002673404195833837,1.1817963167124344e-05,0.00011330270509935871,0.879632853467754,0.10203258071781524,6.658058855689525e-07,4.314219569329755e-08,6.466730189591226e-05,0.00023379347118784416,0.0015514244238269898,8.008326155848124e-08,2.882811154521571e-08,0.013154228523767495,0.0003118376678729008,3.665992121586403e-07,2.1201165001631175e-10,2.419799334906569e-06,1.2077006979727617e-05,9.828598888326744e-10,0.00017640806762673567,5.550988146407452e-06,2.00577115500795e-05,5.908265501163171e-08,2.3278347323971443e-06
54,2.0066337290311304e-09,0.0027287444734674653,8.625439402257582e-06,6.011125686015304e-05,0.9271502277146982,0.04675843928931958,1.9579370806103247e-07,1.5161885204655426e-08,3.504862453188602e-05,0.0002578741353455133,0.0002018665309591033,6.659201117218012e-08,1.997995371603669e-08,0.022547383280576594,0.00013026118742575038,2.646948606065036e-07,8.284067202538197e-11,7.234091624685666e-07,1.0872363266915669e-05,3.000087691990172e-10,9.673277669527451e-05,4.32966249402905e-06,5.376510080842469e-06,1.7775800820714736e-08,2.8009580112026456e-06
55,1.1215587184169112e-09,0.0012327752153239182,9.601009753356385e-06,5.4489205589782225e-05,0.9733838079772674,0.01829396977445068,6.08939450287476e-08,2.1238032462123443e-08,3.1199790153371895e-05,8.965362580249095e-05,0.00032759435892316003,8.873617928480103e-08,2.0601173468428132e-08,0.006457302693677202,4.1557281353395784e-05,3.737617731489394e-08,1.2520498104222224e-10,1.173876643919234e-06,4.460037432562339e-06,2.2315103106817662e-10,6.730901783347279e-05,2.0225992602655814e-06,1.701357245753221e-06,2.3520310205362368e-08,1.1283435566378866e-06
56,4.444854544990975e-10,0.0008553265196762414,3.795889021387553e-06,3.463267554381489e-05,0.9802228070634564,0.013503555667773155,3.2898728622349486e-08,1.4886525467288814e-08,1.1363175155790382e-05,7.685690490004159e-05,0.00017607564061817397,3.589785120443329e-08,9.697322804497516e-09,0.005013868204370325,3.788271993520034e-05,4.040772614235557e-08,9.550262165939848e-11,4.847818493398913e-07,3.891813017583453e-06,1.1293912417520112e-10,5.502674413733629e-05,1.7540694953470343e-06,2.0621596175846864e-06,1.2941006588427656e-08,4.685893441433659e-07
57,1.7861102692997226e-10,0.0003132283520346109,2.6335485259712084e-06,1.2659975628069175e-05,0.9932379969442605,0.004132511556566759,6.230576744329631e-09,1.504015868446178e-08,7.975913728334192e-06,5.489309708153426e-05,4.384606194188427e-05,3.8963132678501355e-08,4.196487338191798e-09,0.0021295968935518632,1.951403204058396e-05,2.2701795767549885e-08,1.1157160356553046e-10,1.3468893527819937e-07,4.304808419119375e-06,4.04371014005045e-11,3.830502227702623e-05,1.6014235036900314e-06,4.6328612757679677e-07,5.3211593396934616e-09,2.4161144710670615e-07
58,4.813306115916489e-10,0.0008732003870686119,3.7310431065511036e-06,3.276696110098043e-05,0.9823168399480492,0.011947309189785997,3.265694487783088e-08,1.5873557099147547e-08,1.0051270457473892e-05,7.710439236079574e-05,0.00016854410817315995,3.596309690669137e-08,9.056119365217408e-09,0.004460910642918827,4.048048605043926e-05,4.0605913555441414e-08,1.19883111485555e-10,5.209716795242648e-07,3.6352952886964987e-06,1.0031156298979032e-10,6.004996253922348e-05,1.8871939313931226e-06,2.333710819854946e-06,1.652367135340744e-08,4.830558406921856e-07
59,5.448536027035715e-10,0.0007921143636391332,4.5845833568053076e-06,3.192216263263896e-05,0.9834328588951747,0.011206656782639383,3.339243916599688e-08,1.6308891318925417e-08,1.0187748785452082e-05,6.935084008557469e-05,0.0001729563890611611,3.967776155952557e-08,9.193097501191217e-09,0.00417281740419923,3.90548211342927e-05,4.000006946564274e-08,1.2757551534480358e-10,5.586070815784713e-07,3.135849326210752e-06,1.0266420708898814e-10,5.9225245960495226e-05,1.7051863663917785e-06,2.2145608898508127e-06,2.006327451315593e-08,4.971490403976435e-07
60,4.560204719357566e-10,0.0008236496624127078,3.5701732144110127e-06,3.537389740043422e-05,0.9788452761222133,0.014807975215235128,3.356195322624827e-08,1.5127662665965685e-08,1.1121582140451725e-05,8.073129706603259e-05,0.00017943867723441218,3.600055623405819e-08,7.956978869539788e-09,0.0050988983426012375,4.088287917280374e-05,4.578354135151718e-08,9.300360324273838e-11,4.991722302602569e-07,4.167966475496144e-06,1.0821332114895012e-10,6.36041061649001e-05,1.8435756388087078e-06,2.2957087276842284e-06,1.2226268481330056e-08,5.203078738313314e-07
61,4.759704976285722e-10,0.0007736350671767226,4.560750682546162e-06,2.9842055343000067e-05,0.9836075680976492,0.010987673039939127,2.994178252114511e-08,1.4639015007097547e-08,1.0630370921495983e-05,6.350578206977573e-05,0.00017390746096423206,3.878254799285416e-08,8.66403229995239e-09,0.004248231739738893,3.7762438291558044e-05,3.600404336396972e-08,1.1073218178377103e-10,4.750554365369189e-07,3.2430988856205745e-06,9.66450123899617e-11,5.4889467861600504e-05,1.5982081959643917e-06,1.859435232905888e-06,1.617008552378241e-08,4.730467564479265e-07
62,4.560204719357566e-10,0.0008236496624127078,3.5701732144110127e-06,3.537389740043422e-05,0.9788452761222133,0.014807975215235128,3.356195322624827e-08,1.5127662665965685e-08,1.1121582140451725e-05,8.073129706603259e-05,0.00017943867723441218,3.600055623405819e-08,7.956978869539788e-09,0.0050988983426012375,4.088287917280374e-05,4.578354135151718e-08,9.300360324273838e-11,4.991722302602569e-07,4.167966475496144e-06,1.0821332114895012e-10,6.36041061649001e-05,1.8435756388087078e-06,2.2957087276842284e-06,1.2226268481330056e-08,5.203078738313314e-07
63,5.040617831080824e-10,0.0010527924837307019,3.845266541478609e-06,3.628856413123913e-05,0.9779547850924256,0.015290731077865955,3.789884897379154e-08,1.5948855597165526e-08,1.2828545246887106e-05,8.680945954172119e-05,0.00020036357519066398,3.560071345440782e-08,9.513915713575349e-09,0.005239687930757397,4.6900391691112347e-05,4.471377250702152e-08,1.0355885839834461e-10,5.569111369968593e-07,4.3120169335616784e-06,1.210614995106159e-10,6.490631069362204e-05,2.1104365309761368e-06,2.3649069996765816e-06,1.4578476269333916e-08,5.580473178288055e-07
64,4.805119130364421e-10,0.0008014238472893924,3.1732961076061395e-06,3.637968585665496e-05,0.979795692680588,0.01439026546720416,3.084540250767654e-08,1.828903040361345e-08,9.750176133875146e-06,8.97244683208278e-05,0.0001968048606140876,4.0984429864793864e-08,5.97821943545913e-09,0.004521606389615527,4.388610231825052e-05,5.132583695029988e-08,1.1862277613879796e-10,5.845329853837016e-07,4.8680130142701245e-06,1.0225332148994707e-10,0.00010057856570419325,2.0852523467609383e-06,2.450582254308248e-06,1.2672106257903609e-08,5.652832332214601e-07
65,4.83085933346085e-10,0.0009060925454453946,3.833301737424077e-06,3.6099587384224194e-05,0.9790883491598742,0.0144780918072141,3.6755198751212614e-08,1.6335385793414118e-08,1.266969502496126e-05,8.343440265152791e-05,0.0001868034282378549,3.5276574242028013e-08,8.625039500637219e-09,0.005086547849194768,4.4925659507217054e-05,4.586368635027149e-08,9.826383763932292e-11,4.954959091938964e-07,4.4203169903523495e-06,1.1384016355252456e-10,6.331077711881319e-05,1.9208027776755004e-06,2.2973428272514926e-06,1.3609190441092688e-08,5.506678400896695e-07
66,3.0183811383745296e-10,0.00047908940941743646,3.962131904631232e-06,3.57534410051065e-05,0.9696489652941723,0.023451423824135495,3.710981941906317e-08,1.61238844278783e-08,2.3278627955796448e-05,0.00015891938802030438,0.00010061791464898601,3.072331516720467e-08,9.58081025632185e-09,0.0060220437482489545,2.2136869170548312e-05,9.580064614105919e-08,2.9882703079945676e-11,2.417447624753443e-07,8.21298921889824e-06,1.7755073125451997e-10,4.259977836232768e-05,1.1892965520116407e-06,9.7260037761962e-07,4.472314459141625e-09,3.98621985421896e-07
67,1.7700454475872284e-09,0.0006696439433385149,5.568009459911817e-06,7.017068440101947e-05,0.9443772829177925,0.04036036509357538,1.1447531622051834e-07,1.3448752658321197e-08,6.543129718825161e-06,7.509926406735732e-05,0.00031787546166537505,1.3821520534229623e-07,1.9104385209460416e-08,0.01397092012599891,5.026628769367154e-05,1.6464329674359168e-07,1.5004868603902565e-10,1.4138146801182738e-06,3.812468467842098e-06,3.236443496518761e-10,7.25444911066374e-05,2.4679761999648227e-06,1.4627830367433178e-05,1.7469369142154887e-08,9.289014026286607e-07
68,3.1543659272237097e-09,0.0016076974088839865,3.574062713151517e-06,0.00010615935783056684,0.8857818411240839,0.1032882291908099,1.1495494842715585e-07,2.896451639488902e-08,1.0983812691458417e-05,0.00015447453924300828,0.0013763602053256756,2.0267413441932598e-07,1.2632095796750874e-08,0.007096283848446472,0.00010083474628110135,1.3909989727805695e-07,4.905395558133033e-10,1.204096602417182e-05,3.9143739568833445e-06,4.971575523976265e-10,0.0004179658976545546,8.700881492575888e-06,2.8590593998898678e-05,4.3865937453202755e-08,1.802656970712503e-06
69,5.521829700471206e-10,0.0009565176640401786,5.6037806801958245e-06,7.027087162937399e-05,0.9802343400698522,0.013540336017520594,4.51078367185813e-08,2.8017550250656546e-08,1.703877781579185e-05,0.00013488770848574014,0.00017796119379248455,4.144029898739891e-08,1.0793258410412416e-08,0.004705156680964896,4.4381586801096484e-05,6.450640921259563e-08,1.3372988403502458e-10,7.008140772862638e-07,4.594317026509378e-06,2.0585412522415208e-10,0.00010245328035166658,1.5238720443839445e-06,2.892655542639231e-06,2.337050131134066e-08,1.1265817531189149e-06
70,4.221618710421809e-10,0.0008705137730738292,3.0223214427648414e-06,3.481415727215208e-05,0.9809564703602764,0.013786853963688648,3.35245626528119e-08,1.931266359455134e-08,1.2083505988550652e-05,8.988558050814955e-05,0.00018975906322098198,3.054867723659916e-08,7.418038683372005e-09,0.003927648924487553,4.7438826141981494e-05,4.482620979507072e-08,1.085429059627659e-10,4.926445832530444e-07,4.83322188430284e-06,1.0489927316460587e-10,7.120392244266797e-05,1.9837056066502337e-06,2.3691711346203837e-06,1.422416647242483e-08,4.763683248458427e-07
