,0,1,2,3,4,5,6,7,8,9,10,11,12,13,14,15,16,17,18,19,20,21,22,23,24
0,8.944510707789692e-06,6.8511023491879035e-06,2.2101516894666943e-08,0.00016339091449976708,0.8834973629434233,3.5790931423725895e-06,5.3285032356092044e-05,9.257770475083138e-07,0.00011705765033788503,3.6394149471074903e-09,0.11599923583779025,5.62628602895792e-06,9.780271452374677e-08,1.626929777479847e-05,7.752772242763958e-05,5.095249918880586e-10,4.765193602302632e-06,3.4548757816337952e-06,1.056691869457583e-05,3.236199126912223e-09,2.088504544825021e-05,1.835459984280095e-06,6.008631948441192e-06,4.283306013585363e-07,1.8720866831295415e-06
1,8.169265704775382e-06,7.533333909616373e-06,3.2266976346002046e-08,0.00016013498681651382,0.8663658164080247,1.5650923346277893e-05,0.00011172911420241638,1.797772887360449e-06,0.0014563950140182686,2.6714067701002113e-08,0.13142786642278637,4.006950037948396e-06,1.8741513701114326e-07,7.586670934902962e-05,0.00024614842432937276,7.707540650245986e-10,1.3418832398843148e-06,8.670879350388932e-06,4.526214205585372e-05,1.0250381579961793e-08,3.9661063455960876e-05,6.238697381039697e-06,1.0839142888344554e-05,7.501149800140743e-07,5.863333919271595e-06
2,5.897663048422474e-06,6.805318207836684e-06,2.3930757298478912e-08,0.00010479720359059959,0.8607565621241356,8.784159739230475e-06,6.735468891239641e-05,1.312122664062933e-06,0.001000852039719724,1.5916330361131912e-08,0.13765149458657638,4.157554530803915e-06,1.1675615415056456e-07,9.103020047052938e-05,0.00023030098799332286,4.346892583068135e-10,1.1921292930213902e-06,4.8223573211101976e-06,1.961091561491931e-05,8.627306040880477e-09,2.5660296501147268e-05,5.083911120234994e-06,7.4363502169354195e-06,5.205601543976236e-07,6.1591649525248455e-06
3,8.90461551689195e-06,7.899182242290962e-06,2.5615959784148843e-08,0.00014133828962955154,0.8335676442793102,1.201535848873041e-05,8.526630277912056e-05,1.552129813013871e-06,0.0008872670964774722,1.6197173178448565e-08,0.1649145156485092,4.4560567824698624e-06,1.5580219136679326e-07,6.615247879613142e-05,0.00021296787292407,5.217307162508699e-10,1.6985910656440015e-06,6.784198264314623e-06,2.890152489748251e-05,7.673931942458314e-09,3.1650262252536666e-05,6.026015417588747e-06,9.285075497338043e-06,5.554679951448247e-07,4.913742353642941e-06
4,8.356662127249614e-06,8.469674070233297e-06,2.6918410417048892e-08,0.00013844309576040698,0.8370910584028498,1.0444770250972627e-05,8.413743197219933e-05,1.504990418904931e-06,0.0009288806407248814,1.6976228187018147e-08,0.16136261453797296,4.5085505458543886e-06,1.7875672640497958e-07,7.780385020567027e-05,0.00019258635084522406,4.915215796924022e-10,1.6014200023536839e-06,7.037572495516806e-06,2.8105464675794566e-05,8.896534183891186e-09,3.377051033011757e-05,6.223237827429365e-06,8.773137312438591e-06,6.076852901988091e-07,4.8399749011066725e-06
5,8.41309799991888e-06,6.574659534488277e-06,2.6437099007087157e-08,0.0001728806718835242,0.857876457827773,1.0918934612082472e-05,8.143269304786617e-05,1.4758927691133845e-06,0.0008193891586909545,1.709964083484229e-08,0.1407039945118251,3.4624624513695996e-06,1.637531397160718e-07,6.545991173447208e-05,0.00015221576121666731,4.793043150354973e-10,1.535497830050622e-06,1.0255319388986215e-05,2.957579602994025e-05,8.727890786887376e-09,3.587427441606772e-05,4.4312260410458956e-06,1.1385022685603152e-05,6.042338531485076e-07,3.4465491419508277e-06
6,8.90461551689195e-06,7.899182242290962e-06,2.5615959784148843e-08,0.00014133828962955154,0.8335676442793102,1.201535848873041e-05,8.526630277912056e-05,1.552129813013871e-06,0.0008872670964774722,1.6197173178448565e-08,0.1649145156485092,4.4560567824698624e-06,1.5580219136679326e-07,6.615247879613142e-05,0.00021296787292407,5.217307162508699e-10,1.6985910656440015e-06,6.784198264314623e-06,2.890152489748251e-05,7.673931942458314e-09,3.1650262252536666e-05,6.026015417588747e-06,9.285075497338043e-06,5.554679951448247e-07,4.913742353642941e-06
7,2.6794331066654297e-05,9.704511091910849e-06,3.478011956493988e-08,0.000155013586774148,0.6228064476826515,1.5279596869215074e-05,0.00010467396650024955,2.666979188977843e-06,0.0006972121360130529,1.563545850850747e-08,0.375783230525474,5.5294691051904725e-06,4.3788386645798e-07,4.313137908707246e-05,0.0002489313776405423,4.711907477694133e-10,1.7599569513274565e-06,9.27620376089869e-06,3.841491525858033e-05,8.67483880937345e-09,2.9634614290084675e-05,1.3276759035555613e-05,5.138867035949971e-06,4.0457119999951384e-07,2.9811255311128177e-06
8,9.315521337493263e-06,7.101738904224405e-06,3.9514296322030175e-08,0.00014568276644320773,0.9172945050118732,6.647272526500065e-06,3.7700519779659406e-05,7.380388602613293e-07,0.0008547100092662018,1.7328738430460855e-08,0.08134414775173007,3.6353676406253148e-06,1.1292254896838373e-07,6.873482023333428e-05,0.00016483128753161266,5.226120217395692e-10,1.6842165292119637e-06,4.0159204405295874e-06,1.2637520305521832e-05,7.125331386008422e-09,1.9711402945890736e-05,3.0874548372800643e-06,1.2396917361280805e-05,1.2092102941903773e-06,7.3298376325345776e-06
9,6.175709237262236e-06,1.207283924330129e-05,5.193384897722101e-08,0.00019391247395600882,0.9228650513408757,7.208542978668102e-06,5.004018652376436e-05,1.2496675826616399e-06,0.0013289303932669135,4.261832630906285e-08,0.07508878744614805,3.8253926781860116e-06,1.5252024391344528e-07,0.00015021003299723977,0.00019442365022929168,9.191200150644058e-10,1.7855025254874156e-06,6.662969105475145e-06,2.495861064619807e-05,1.3227886885598587e-08,3.4133916356896274e-05,3.9738617305668565e-06,1.4583106153566524e-05,1.5042761809093597e-06,1.0248862157866545e-05
10,8.90461551689195e-06,7.899182242290962e-06,2.5615959784148843e-08,0.00014133828962955154,0.8335676442793102,1.201535848873041e-05,8.526630277912056e-05,1.552129813013871e-06,0.0008872670964774722,1.6197173178448565e-08,0.1649145156485092,4.4560567824698624e-06,1.5580219136679326e-07,6.615247879613142e-05,0.00021296787292407,5.217307162508699e-10,1.6985910656440015e-06,6.784198264314623e-06,2.890152489748251e-05,7.673931942458314e-09,3.1650262252536666e-05,6.026015417588747e-06,9.285075497338043e-06,5.554679951448247e-07,4.913742353642941e-06
11,9.123464517728472e-06,7.922463681254062e-06,2.5864409187068534e-08,0.0001431010941546632,0.8320138522557841,1.146076675641407e-05,8.661470065435433e-05,1.5122729633730134e-06,0.0008829489321194888,1.5671334427277805e-08,0.16647389442893223,4.632456694034405e-06,1.7657939716003758e-07,6.452350141370874e-05,0.00021053506734004432,5.291476360615983e-10,1.6712453305234936e-06,6.757957879498347e-06,2.9109333343514825e-05,8.3799426061917e-09,3.153628699153039e-05,6.287100295885435e-06,8.90859209261901e-06,6.112400281554362e-07,4.769814795972044e-06
12,2.4793820058837166e-05,2.5583633957023046e-05,3.6801421848525246e-08,0.0005735259523572888,0.6515750487996753,3.443073286287562e-05,0.00027384674505873206,7.85524825848492e-06,0.001654001697474389,4.579947712560244e-08,0.3445718050840084,1.2011827893168424e-05,5.750741083167099e-07,8.53975176170495e-05,0.0008353335958432617,2.414750720261819e-09,3.5217051249427376e-06,1.9609727997347326e-05,0.00020212645716945158,1.256104583472357e-08,5.22629121461875e-05,2.6303726132142583e-05,1.3634188472614187e-05,6.979454955077162e-07,7.536031593036589e-06
13,7.711110560538519e-06,7.6245790485799084e-06,2.0184478493665156e-08,7.681791866587935e-05,0.736954333555512,6.856194439315838e-06,6.798412226771717e-05,1.5670102581820847e-06,0.0006637874713118505,8.884755149826779e-09,0.26182328601077826,6.597381070264858e-06,1.383089336591792e-07,7.980437248575949e-05,0.00023837919630168188,3.6044847029444987e-10,1.452396551355712e-06,3.915040255892552e-06,1.7365660385053984e-05,6.977042325240959e-09,2.4332194099762667e-05,7.2112994966229315e-06,4.492900893176212e-06,3.7473505742487596e-07,5.93213490259733e-06
14,2.4848949605887566e-05,6.342876797532804e-06,6.282084072986835e-08,0.00022884491472016254,0.8073239172775913,6.540626694287086e-05,0.00027271328569264695,5.117076028437034e-06,0.005052554837839516,3.5178623188052983e-08,0.18503141364043568,1.856398002719405e-05,1.6397993498304067e-07,0.0001267354521987084,0.0016878811870119788,3.185660253203168e-09,2.2502758080993445e-06,7.591124108687881e-06,3.978082356007563e-05,1.5771812077782797e-08,2.0871531702673013e-05,1.502629747999699e-05,2.9592366193292432e-05,1.2440927320449908e-06,3.9022806652044037e-05
15,8.90461551689195e-06,7.899182242290962e-06,2.5615959784148843e-08,0.00014133828962955154,0.8335676442793102,1.201535848873041e-05,8.526630277912056e-05,1.552129813013871e-06,0.0008872670964774722,1.6197173178448565e-08,0.1649145156485092,4.4560567824698624e-06,1.5580219136679326e-07,6.615247879613142e-05,0.00021296787292407,5.217307162508699e-10,1.6985910656440015e-06,6.784198264314623e-06,2.890152489748251e-05,7.673931942458314e-09,3.1650262252536666e-05,6.026015417588747e-06,9.285075497338043e-06,5.554679951448247e-07,4.913742353642941e-06
16,1.1201568605478816e-05,1.1635206002212387e-05,2.5611939053894217e-08,0.00013540562093263713,0.7356312323184035,1.185329503746646e-05,9.26222258643746e-05,2.43335700428427e-06,0.0008815282404336117,1.7373908465316393e-08,0.2626531136342962,8.192278477134771e-06,1.8913517559438918e-07,9.973223535198225e-05,0.00036159890588962766,6.589607741523098e-10,2.166035305805625e-06,6.863097607135708e-06,3.321436326978976e-05,8.531646727041202e-09,3.1529584036232315e-05,1.1212742024956183e-05,6.81394484025618e-06,4.2714638683715504e-07,6.982888599970151e-06
17,6.997371267314042e-06,5.444629452242901e-06,2.314711136476913e-08,7.991429319951846e-05,0.8554431626627371,7.023959775974189e-06,6.801030961906873e-05,9.404635468168984e-07,0.0006820637464375204,8.97784872805952e-09,0.14347719470370085,3.6902799148558504e-06,1.26046937413639e-07,6.309405463749582e-05,9.386058684295287e-05,2.725346670282968e-10,1.3567153159981022e-06,5.5277071742441e-06,1.4211821485430165e-05,6.551667511946903e-09,3.208493734078641e-05,3.864793099514059e-06,7.394120540816673e-06,5.326705530057915e-07,3.46517725885821e-06
18,7.059458926622848e-06,9.83056946521655e-06,3.8050361083018486e-08,7.464671221703326e-05,0.8378132170778343,1.0452645049264343e-05,9.971884002964348e-05,1.4113447118185733e-06,0.0011143427864022417,1.9667179975588267e-08,0.16031535402149877,7.659521932666266e-06,1.235191648610604e-07,0.000135567076234049,0.0002852344178791511,9.751652121027688e-10,2.677592525962584e-06,5.4375266615774445e-06,2.8924074057260934e-05,1.0100859123917822e-08,5.1690694239784775e-05,6.448544983551489e-06,1.2447537442900172e-05,9.42633417616113e-07,1.6744611760281014e-05
19,5.569850099379172e-06,8.552665188498317e-06,1.724262178996935e-08,0.00020921783208850537,0.9024695147419891,1.497672059661386e-05,7.596407481253779e-05,1.2758413457843793e-06,0.0012051060498909788,2.1156969172773223e-08,0.09563081150450295,3.941620425446467e-06,1.415205063393545e-07,5.48840531270223e-05,0.0002525962918682687,4.94816692984092e-10,1.1122844191798846e-06,4.413021844814589e-06,2.7490320957692813e-05,7.528066378878955e-09,1.596097989822354e-05,6.617163266022556e-06,7.171700889568951e-06,5.067940179344429e-07,4.1285457913095805e-06
20,9.261034840624365e-06,1.2203489682645058e-05,2.2853230154805055e-08,0.00016403257032654976,0.7840633638579381,1.4103999532839197e-05,9.106414009597121e-05,2.177020731516682e-06,0.0012115629351096002,2.3111263005918016e-08,0.21387813932763322,4.882225046350823e-06,2.3976942517274656e-07,9.336612433063976e-05,0.0003529254452445746,5.133444698586215e-10,1.5457998664634522e-06,6.230299673699996e-06,3.935024971917288e-05,1.0545199014367328e-08,2.950520913665159e-05,1.325603391182065e-05,6.835236306027363e-06,4.806653870724e-07,5.417543024413201e-06
21,1.443626442217586e-05,8.19879627251975e-06,5.3352851396609946e-08,0.00012950192661300046,0.8188672381499924,6.015265063745199e-06,7.911963919677771e-05,1.8187642729251527e-06,0.0006795459048158684,1.4201689181582919e-08,0.17988470622740674,7.904397775318027e-06,2.205973281792029e-07,0.00010812741455957585,0.00011100487452532921,7.044849526036364e-10,2.417824692232784e-06,1.2169137064305453e-05,1.836304676753869e-05,1.0563197112301875e-08,4.770339487178835e-05,4.463655016099535e-06,1.038508962793636e-05,9.31702732276219e-07,5.649104760711899e-06
22,1.5745230788302446e-05,8.703937442655987e-06,4.467741856288575e-08,0.0001523595653683366,0.776904050106459,1.2522927980714784e-05,7.267716940794577e-05,2.515717383999365e-06,0.0004788877858017562,2.1807826752078496e-08,0.2220164375328757,3.6660506115418826e-06,1.9248549640126136e-07,7.301637086904139e-05,0.0001265666071329674,5.435721592687458e-10,3.6730723308841527e-06,1.4481254738384257e-05,3.0561777016103966e-05,8.709643440160549e-09,6.069438500633757e-05,6.286928485541501e-06,1.317850469393541e-05,4.362237980300967e-07,3.270627851627165e-06
23,8.90461551689195e-06,7.899182242290962e-06,2.5615959784148843e-08,0.00014133828962955154,0.8335676442793102,1.201535848873041e-05,8.526630277912056e-05,1.552129813013871e-06,0.0008872670964774722,1.6197173178448565e-08,0.1649145156485092,4.4560567824698624e-06,1.5580219136679326e-07,6.615247879613142e-05,0.00021296787292407,5.217307162508699e-10,1.6985910656440015e-06,6.784198264314623e-06,2.890152489748251e-05,7.673931942458314e-09,3.1650262252536666e-05,6.026015417588747e-06,9.285075497338043e-06,5.554679951448247e-07,4.913742353642941e-06
24,1.1389909240516846e-05,4.913197018506195e-06,2.9406933348734497e-08,7.754524799516186e-05,0.8052287402275332,1.292495620900956e-05,8.399381872831315e-05,1.3247479543132134e-06,0.0009079184133929341,1.115532915298458e-08,0.19334112888412402,4.805205766249746e-06,1.3970010655483223e-07,5.4102276092298076e-05,0.00019871736588396047,4.495690761197086e-10,1.3999364567675523e-06,5.138926104567979e-06,1.8015649574051946e-05,7.141237020945678e-09,2.7850884768911614e-05,5.725819651132682e-06,7.807693128815294e-06,5.481231181326937e-07,5.820864083936578e-06
25,1.0899655862814852e-05,2.446338881911831e-05,3.062736306280851e-08,0.00031022982770157235,0.8943610701819896,3.2846028698553866e-05,8.181368309191905e-05,1.0256149986639148e-06,0.0026867765621455646,6.682163063015901e-08,0.10110203992323806,4.740533662169719e-06,1.892005352432618e-07,7.995533780686281e-05,0.0011267269039962609,1.5184390143022238e-09,2.7534964765710873e-06,3.713492435113314e-06,9.31590720393644e-05,7.7586950785636e-09,2.422894209035797e-05,1.4772023004366255e-05,1.827762546975958e-05,1.457861860709765e-06,1.8753917949555078e-05
26,7.921698129712944e-06,3.1301826915219117e-06,2.9130899851719387e-08,0.00012092226613735429,0.9327094768735731,7.240259925205027e-06,5.187052368273192e-05,5.368514105304192e-07,0.0009174385166757895,1.070413884603995e-08,0.0660040652913791,1.8572557705902291e-06,1.0154842235392754e-07,4.5203794602294506e-05,5.9797693473682826e-05,2.7089732680381187e-10,9.429510759869336e-07,8.140781052435986e-06,1.2347241904443156e-05,6.12008210109962e-09,2.747805968555654e-05,1.593201621516337e-06,1.6167970572226324e-05,1.0690008723884923e-06,2.6518113231825198e-06
27,8.761769231201627e-06,8.558301200080305e-06,2.0045072173720216e-08,0.00016168352476116714,0.8382644740721067,1.800793879836457e-05,9.840134264793372e-05,1.676544567604327e-06,0.0017578333171441403,1.9539375084544103e-08,0.159163992509492,5.1477218951252e-06,1.8469370569804063e-07,6.630653463706182e-05,0.00035897805036053955,5.482360333444138e-10,1.0501087067126496e-06,5.079458232477733e-06,3.4950799624938355e-05,8.501113547478557e-09,2.0480849362984592e-05,1.0416537743909634e-05,7.339845524622997e-06,6.251238955821488e-07,6.0023225642560795e-06
28,8.90461551689195e-06,7.899182242290962e-06,2.5615959784148843e-08,0.00014133828962955154,0.8335676442793102,1.201535848873041e-05,8.526630277912056e-05,1.552129813013871e-06,0.0008872670964774722,1.6197173178448565e-08,0.1649145156485092,4.4560567824698624e-06,1.5580219136679326e-07,6.615247879613142e-05,0.00021296787292407,5.217307162508699e-10,1.6985910656440015e-06,6.784198264314623e-06,2.890152489748251e-05,7.673931942458314e-09,3.1650262252536666e-05,6.026015417588747e-06,9.285075497338043e-06,5.554679951448247e-07,4.913742353642941e-06
29,8.90461551689195e-06,7.899182242290962e-06,2.5615959784148843e-08,0.00014133828962955154,0.8335676442793102,1.201535848873041e-05,8.526630277912056e-05,1.552129813013871e-06,0.0008872670964774722,1.6197173178448565e-08,0.1649145156485092,4.4560567824698624e-06,1.5580219136679326e-07,6.615247879613142e-05,0.00021296787292407,5.217307162508699e-10,1.6985910656440015e-06,6.784198264314623e-06,2.890152489748251e-05,7.673931942458314e-09,3.1650262252536666e-05,6.026015417588747e-06,9.285075497338043e-06,5.554679951448247e-07,4.913742353642941e-06
30,8.90461551689195e-06,7.899182242290962e-06,2.5615959784148843e-08,0.00014133828962955154,0.8335676442793102,1.201535848873041e-05,8.526630277912056e-05,1.552129813013871e-06,0.0008872670964774722,1.6197173178448565e-08,0.1649145156485092,4.4560567824698624e-06,1.5580219136679326e-07,6.615247879613142e-05,0.00021296787292407,5.217307162508699e-10,1.6985910656440015e-06,6.784198264314623e-06,2.890152489748251e-05,7.673931942458314e-09,3.1650262252536666e-05,6.026015417588747e-06,9.285075497338043e-06,5.554679951448247e-07,4.913742353642941e-06
31,1.8773301132473664e-05,1.3764568596141805e-05,6.034330198003141e-08,0.00019209857605203203,0.77920936204133,1.3593604648164022e-05,0.00010787918828542087,4.032002650247196e-06,0.0008510244397103988,2.8472066984600683e-08,0.21913965162612947,6.841054264312163e-06,2.3166332863327542e-07,0.00010393425298576717,0.00019719135838633592,1.0553508015465537e-09,3.4827392334608296e-06,1.4070724577054187e-05,3.700583187587544e-05,1.035859490220686e-08,5.8061823990666835e-05,8.024058980223738e-06,1.3725688231130758e-05,6.729962649928008e-07,6.478230032279665e-06
32,8.929864316085507e-06,8.281056564047885e-06,2.542775846485703e-08,0.00015704406237669198,0.8307974397645612,1.3008001186600834e-05,9.267650734859619e-05,1.605436265728771e-06,0.000925384028760593,1.777007460488424e-08,0.1675798607218071,4.311578184708026e-06,1.7294463225830043e-07,6.422443706155989e-05,0.0002438626162003309,5.795436908278264e-10,1.763318873678697e-06,7.247898893475719e-06,3.718609697130029e-05,8.158001137954304e-09,3.5033032792374544e-05,6.514884070551668e-06,9.891994115300762e-06,5.937690814557656e-07,4.916050558689625e-06
33,1.0205533742331641e-05,8.864560278852256e-06,2.5667091513546994e-08,0.00015564412209321515,0.809789922872699,1.1229094767233734e-05,9.149953244072177e-05,1.7283341417488933e-06,0.0007494358745059488,1.4569487729445937e-08,0.18881958902481752,5.266289988612021e-06,1.8700777573587002e-07,6.207952465403366e-05,0.00019959827658207506,5.629676532297099e-10,2.0371915901265153e-06,7.491943687114499e-06,3.090072133557863e-05,7.743115351619925e-09,3.3750040765908546e-05,6.706346521065231e-06,8.803101810072985e-06,5.625694266013672e-07,4.449493714265552e-06
34,5.868526451791373e-06,1.212838812022724e-05,2.6089956890320483e-08,0.0001456680507196101,0.8661607622759379,1.1811399974903064e-05,8.076098905112775e-05,1.716464543167399e-06,0.0009498935250321258,2.298351599212445e-08,0.13222622646712393,5.517819734887975e-06,1.322739227676182e-07,0.00010244837104385235,0.00020698361448144996,6.487627294000463e-10,2.1233724433860704e-06,5.503729780380748e-06,2.6066097941165676e-05,8.594216704913223e-09,3.1874983828854796e-05,6.741888087514328e-06,9.775158262028698e-06,5.757417454443457e-07,7.3625453212628375e-06
35,7.334294029077839e-05,1.6629975713718472e-05,6.762758217514149e-08,0.000394257066040447,0.6377509132391467,4.452582624665312e-05,0.0002691769930556965,8.467714219094496e-06,0.0021840147414179385,4.625609732007389e-08,0.3585649834043099,1.3999563802243582e-05,7.848599174603272e-07,6.796414142929829e-05,0.0003044266199214542,2.6941642650639357e-09,3.4759533418126636e-06,4.886589320586142e-05,0.00014178252045082617,1.2519316527902408e-08,6.264886662932657e-05,2.7429998770884073e-05,1.555144349013474e-05,1.158673908065e-06,5.470467531495372e-06
36,2.485197815337041e-05,3.885501761522829e-05,5.1901165863168964e-08,0.0006131354081517069,0.7421213793820078,3.604609332566172e-05,0.0002198331364044567,1.0461403093261796e-05,0.0026938584668447633,9.727232293106117e-08,0.2529204247720014,1.4341689536624874e-05,5.024515347884921e-07,0.00023308663303158301,0.0007866057773561414,2.6050157617644303e-09,4.917807716486984e-06,2.3958209267247384e-05,0.00013982049595334298,1.7294180759543632e-08,5.0102157696289765e-05,3.9563377345864916e-05,1.6686052810747206e-05,6.484247556489704e-07,1.0752192712348795e-05
37,1.10169632436897e-05,4.196476595067375e-06,3.785919276247199e-08,7.500249630166692e-05,0.874718099673917,5.313273776887905e-06,6.554558411691874e-05,7.066304855651951e-07,0.0007136911705745801,8.23343446409211e-09,0.12421378772419495,4.028926475853265e-06,1.6916505320601644e-07,5.9757423623614016e-05,5.9987997640073356e-05,2.9823709107284644e-10,1.2138812769205116e-06,7.69017408593369e-06,1.0783316577836145e-05,7.422943586450884e-09,3.386437884678519e-05,2.691237612400723e-06,8.115774137780443e-06,9.367619556491026e-07,3.34715569972843e-06
38,2.2494782224659275e-05,8.086888869804314e-06,3.8654936296391066e-08,0.0003318516406046076,0.7741625866573824,5.5030837820739896e-05,0.00029941889354970935,3.6214603043332913e-06,0.0013360408532882113,3.1561874444391364e-08,0.22293694125512856,6.336505975208496e-06,3.602769826114098e-07,3.975506713239126e-05,0.00053644760917859,2.067607846460767e-09,3.1400410312014213e-06,2.14508279844585e-05,0.00013476643228095805,1.3245362881737613e-08,5.982788577840706e-05,1.1271421486182684e-05,2.411135304814557e-05,8.517327655230058e-07,5.5220474020222495e-06
39,1.733180206486025e-05,7.326286865608013e-06,4.179054837117441e-08,0.0001567400909002254,0.7222018299981677,3.0328333354506327e-05,0.0002108919697298464,4.994780776696203e-06,0.0007288557270283747,1.7877822748394008e-08,0.27617386810057115,9.31233835798916e-06,2.3896690836235586e-07,4.812577293207758e-05,0.0002465266882068277,1.5860437535472573e-09,3.773057805237929e-06,1.2740639016247803e-05,5.167002241256568e-05,1.073903259359256e-08,6.452103670186339e-05,1.022995019085191e-05,1.4037224612508161e-05,5.984402618253787e-07,5.98677968729328e-06
40,9.226541076282164e-06,7.951796704600686e-06,2.5458167768374363e-08,0.00012688314194217603,0.8263084919751394,1.2086180820362162e-05,8.164908777490145e-05,1.5199526712463843e-06,0.000883258190272323,1.512922873389061e-08,0.1721956050754838,4.756886037876519e-06,1.5303330980003135e-07,6.540206008902164e-05,0.00022111898425097333,4.91295634711921e-10,1.6587256227877803e-06,5.820169950459448e-06,2.5263951246377642e-05,7.4319516782682815e-09,2.8623836345952027e-05,6.536685796054981e-06,8.236824841541464e-06,5.196375132887549e-07,5.188752467015501e-06
41,3.959199749849017e-05,6.98361144934387e-05,3.045524649031612e-07,6.358486862085117e-05,0.40394750661580586,5.590169901222305e-06,0.00040538283881859583,9.068826174217157e-06,0.00059888110649117,5.5406108596283946e-08,0.5914993301179016,1.661177602469661e-05,2.1405368069869886e-06,0.0008957741723106163,4.1548642576306254e-05,2.9933077869768676e-09,2.3673738484543582e-05,9.967568205229559e-05,0.00011728399156568505,4.351750983859016e-08,0.0020937280592252827,2.5902085579983252e-05,2.7376125826790752e-05,2.2619618074468744e-06,1.4844102642719088e-05
42,1.4232648219780042e-05,1.6954830997394385e-05,2.3110765624193794e-08,0.00024333575778994927,0.7510537541094108,2.7817760339323205e-05,0.00014239234221548883,3.214521959867917e-06,0.0012462295086297106,2.8778905513755753e-08,0.24647113642372603,6.365971021007557e-06,3.7628437756198976e-07,5.038327603513715e-05,0.0005513758110480704,1.0743210578002637e-09,2.603422887074974e-06,6.194719650733698e-06,9.097254369501166e-05,9.675496877281397e-09,3.350530908846297e-05,2.6178365587119692e-05,6.852381436166603e-06,5.457243121583885e-07,5.515648084333641e-06
43,8.905708336219835e-06,7.547145767353625e-06,2.760740380169223e-08,0.00016774819145523058,0.8448621902266085,1.9676956514298603e-05,8.702988823489107e-05,1.9509180799466477e-06,0.001083308457207928,2.6754141683590616e-08,0.1533145832173043,3.279459745680684e-06,1.6518532200308035e-07,6.340629138769628e-05,0.0002715530854838083,6.140261505138129e-10,1.5871775951104946e-06,7.85712010589237e-06,4.026059859208802e-05,9.313056166525346e-09,3.5456059095557584e-05,7.349008997844455e-06,1.0892252715248964e-05,5.293990033766335e-07,4.65936381917972e-06
44,8.90461551689195e-06,7.899182242290962e-06,2.5615959784148843e-08,0.00014133828962955154,0.8335676442793102,1.201535848873041e-05,8.526630277912056e-05,1.552129813013871e-06,0.0008872670964774722,1.6197173178448565e-08,0.1649145156485092,4.4560567824698624e-06,1.5580219136679326e-07,6.615247879613142e-05,0.00021296787292407,5.217307162508699e-10,1.6985910656440015e-06,6.784198264314623e-06,2.890152489748251e-05,7.673931942458314e-09,3.1650262252536666e-05,6.026015417588747e-06,9.285075497338043e-06,5.554679951448247e-07,4.913742353642941e-06
45,7.447303071596331e-06,5.489005105930556e-06,1.655650738164977e-08,0.00018060621592414321,0.8542012213326273,1.7099074515996103e-05,0.00010945399309112562,1.4585392121597053e-06,0.0010505681546353716,1.3122559575597275e-08,0.14397814010115487,4.149953026253004e-06,1.4759070343091872e-07,3.6819857033563686e-05,0.00032940657188774573,5.436205094183793e-10,1.0898546925566445e-06,5.361826662855455e-06,3.467024841638655e-05,7.341257933860997e-09,1.879251166781768e-05,5.831816357114186e-06,7.872231002770716e-06,4.83077671517255e-07,3.853177594080031e-06
46,2.6626525120596785e-05,1.939300590138523e-05,3.0558739412199493e-08,0.0002456417453400994,0.705998159174832,1.5177508727626652e-05,8.42087665748543e-05,2.4947265305448733e-06,0.00027292609767282664,1.1584927546429895e-08,0.29286102897254335,1.2074118848241666e-05,2.664067614102845e-07,3.096308610056153e-05,0.0003252322735320431,1.141578875941101e-09,1.0850224725201538e-05,4.593871253175387e-06,3.2743892856529205e-05,5.540705640861409e-09,2.717638743803835e-05,1.5659008643570828e-05,8.96894870567909e-06,5.038856433610858e-07,5.262546297261888e-06
47,3.0230388673212145e-05,3.8662338243282846e-05,4.3736366954020765e-08,0.00020361683866400467,0.6888973297560109,1.6947622306442545e-05,0.00014768847031128036,3.731712729448487e-06,0.0012691286809914254,2.754992178108016e-08,0.30866324361128966,2.1689505740783506e-05,5.45387335893625e-07,8.638746094024768e-05,0.00047712501322347257,1.876675362377994e-09,4.644820177692121e-06,6.36303711854589e-06,5.152130198440814e-05,1.0594892115006797e-08,2.736779086610334e-05,3.411267623249496e-05,5.90774946701855e-06,9.431199023005096e-07,1.2728959935277267e-05
48,1.795723647593714e-05,7.433376116984304e-05,4.6566741786885504e-08,0.0006311540391937783,0.7932262933094608,2.1786538459445368e-05,0.00012296026979874048,5.538792110572002e-06,0.0006702618897971252,7.625486616731877e-08,0.20429212646147069,8.601229543185811e-06,3.5353388868679897e-07,0.00012161456595772897,0.0005345285034824476,2.1731878479094802e-09,1.468017147797433e-05,1.2055440341633047e-05,0.00012860850548506196,1.0193516081605912e-08,6.501305142765984e-05,2.4356724138372392e-05,1.9061797280285987e-05,5.689006352326506e-07,8.01009009289993e-06
49,1.1412411878256833e-05,6.9396550060064725e-06,3.0951323058486054e-08,0.00012663596274330968,0.8231660284420691,1.5416094362098934e-05,9.586649416279297e-05,1.8560487488759755e-06,0.000884058039511385,1.43757055095352e-08,0.17538607096645992,5.84662811130337e-06,1.6421300926779746e-07,5.7841546135422114e-05,0.00016426724773299244,5.337287581782229e-10,1.7018444430002938e-06,6.868911964650789e-06,2.0293704880983613e-05,7.77423629200192e-09,2.8229176051500845e-05,6.282660912279139e-06,8.882503668819473e-06,5.298508214598663e-07,4.7539623330413515e-06
50,8.216774286487906e-06,1.4076113524109948e-05,3.7726639548187314e-08,0.00017760990335872828,0.8357872004089811,1.6472537809348712e-05,0.0001273423032665763,2.579197435093483e-06,0.0015347935341772359,4.111632294428983e-08,0.16176606629555218,5.04952968599911e-06,2.5917873766656654e-07,0.0001259800897119616,0.00030049206289537686,7.466250213018116e-10,1.7165169229669751e-06,8.176560712575496e-06,5.146215642184026e-05,1.2466684847715975e-08,4.574740976179687e-05,1.0605617870905114e-05,8.835508835111266e-06,5.766915795322856e-07,6.6495522010380085e-06
51,1.2377740481474553e-05,6.991715206440228e-05,3.27171237144831e-08,0.0005242767183015054,0.753236096613443,1.0606420136577024e-05,8.003055320569447e-05,5.769934248702708e-06,0.0010869834216605293,5.5465067729124994e-08,0.2440926129242022,1.157349414188725e-05,3.9045641191695014e-07,0.00019343927783831578,0.0005383721802407152,1.0455147039983509e-09,3.1844824789107954e-06,7.96635998623709e-06,6.220822740885443e-05,1.1150001256331457e-08,2.5636176544169074e-05,2.5389094339429193e-05,5.362679503680285e-06,4.0559603195446344e-07,7.300119622445763e-06
52,2.697568889518198e-05,1.2340451684967237e-05,4.213922641213248e-08,0.0007671094516807301,0.7714697246694787,4.4242313851509175e-05,0.00011365109565565935,6.385551653260165e-06,0.0021195758528683656,1.1485506184714282e-07,0.22430824360392393,4.112772243547914e-06,4.5569122072896577e-07,0.00010171953754020429,0.0007204103199925713,1.7717317558671309e-09,2.051154073239323e-06,4.871036385435166e-05,0.00017164787878302528,2.0487763983949992e-08,3.87134557037068e-05,1.8324146972879213e-05,2.0472684524590412e-05,6.99679481728729e-07,4.254382133147502e-06
53,7.53176932765484e-06,4.541102910804836e-06,2.0733944688283962e-08,9.875941210462758e-05,0.80834310705719,1.6944218329004004e-05,0.00019046072516779315,1.6798423014041468e-06,0.0012700382507062058,8.66508640545307e-09,0.18966866037799388,7.170704736618326e-06,1.2153409783173666e-07,6.536089035362157e-05,0.00024194903123187278,5.217492537391915e-10,1.1980193966084687e-06,6.750660203788152e-06,2.2837017381927788e-05,8.043713939663673e-09,2.9550403294264327e-05,4.673298017615636e-06,1.1648697158243564e-05,5.139034742070331e-07,6.465120127582412e-06
54,6.198178210348979e-06,2.2097542842325194e-05,3.504250877067962e-08,0.00011028302859625033,0.8691172846370877,8.30697856369597e-06,8.839104963158873e-05,1.5783194366749967e-06,0.0019801203101883873,3.010203659583399e-08,0.12783374701203942,1.2172089127175912e-05,1.4792452088816908e-07,0.00020400390534058545,0.0005210624080675324,1.1340924636216146e-09,1.7606730841183937e-06,2.939411132475676e-06,2.4898938931607893e-05,1.0437367654983993e-08,2.1654402486963462e-05,9.758953751082114e-06,6.590418934472304e-06,9.111843383562663e-07,2.601591768277023e-05
55,7.785994787908699e-06,6.342299179817873e-06,2.1965637752740935e-08,0.00012657382701484695,0.8473978936216917,1.1128831348784367e-05,9.216268387179683e-05,1.2607258450485652e-06,0.0009572740909297133,1.2009697340358828e-08,0.1510738504376581,5.001280918895428e-06,1.4099509628752637e-07,5.753225662462484e-05,0.00018565219451902872,4.758221455324714e-10,1.3220881930437961e-06,6.078334196041731e-06,2.4428092562301344e-05,6.996549779521582e-09,2.6630753564731646e-05,4.89718537938285e-06,8.589197835878649e-06,6.133079289373134e-07,4.800353146179109e-06
56,9.236661310608067e-06,8.184799511475033e-06,2.6269213737274865e-08,0.00014325044314764766,0.8291173117092352,1.2021385640236704e-05,8.769925452858784e-05,1.5786999459168172e-06,0.0008981905798782173,1.628544531970686e-08,0.16934574974580974,4.6738491825779144e-06,1.693982805290287e-07,6.729372247156016e-05,0.00021330809787742692,5.298276152382566e-10,1.7219069453433328e-06,6.9138368708519295e-06,2.9368341953430047e-05,8.107978783022658e-09,3.219334949894991e-05,6.36317179979002e-06,9.213924236102495e-06,5.81333036759887e-07,4.9245963735932506e-06
57,8.646270130970306e-06,1.5099183852427974e-05,2.925644914812961e-08,0.00016318870581898354,0.8056762991394022,1.2118161190341e-05,0.00012331924487502332,1.917538871610511e-06,0.0009510785220502168,2.308805136058998e-08,0.1925260190771403,6.008097859953904e-06,2.758272849601529e-07,7.338758454777995e-05,0.00028359073800463544,9.370490651647668e-10,2.4521953739038003e-06,7.2222446850192466e-06,6.962127382065616e-05,9.672383509192733e-09,5.422007388714467e-05,9.86514580109159e-06,8.344260232282131e-06,7.832358823045185e-07,6.480525355132112e-06
58,7.120431858040245e-06,6.278996843696569e-06,2.2929635242245805e-08,0.00011963755328311409,0.8653781176234988,9.577583146613134e-06,7.799593494173808e-05,1.0102413527944444e-06,0.0008820420642924357,1.2643620252901297e-08,0.13320655761290923,3.951132168691117e-06,1.5068596541726588e-07,5.4997548165626005e-05,0.0001733142220573087,4.5986747619480957e-10,1.3271654321209022e-06,5.480763689779272e-06,2.4470635394253628e-05,7.777637458314002e-09,2.9187418598312917e-05,4.544427806134285e-06,8.785267186100376e-06,7.47354729110848e-07,4.661525920112409e-06
59,7.08620074018942e-06,6.541117511127827e-06,2.5746514324992847e-08,0.00011370970725346531,0.8693925141683524,9.42980899696934e-06,7.467590590943338e-05,1.0833418874356323e-06,0.0008444188203311393,1.4169901771549115e-08,0.12924291855543227,3.7686164745777362e-06,1.4168015650412504e-07,6.087335508372796e-05,0.0001602019881205327,4.795505234218819e-10,1.4596118776758137e-06,5.740882476559243e-06,2.3595923193000928e-05,7.811767062582891e-09,3.26529461627294e-05,4.416355611841242e-06,9.13090924653081e-06,7.162715414315675e-07,4.87562590678792e-06
60,8.90461551689195e-06,7.899182242290962e-06,2.5615959784148843e-08,0.00014133828962955154,0.8335676442793102,1.201535848873041e-05,8.526630277912056e-05,1.552129813013871e-06,0.0008872670964774722,1.6197173178448565e-08,0.1649145156485092,4.4560567824698624e-06,1.5580219136679326e-07,6.615247879613142e-05,0.00021296787292407,5.217307162508699e-10,1.6985910656440015e-06,6.784198264314623e-06,2.890152489748251e-05,7.673931942458314e-09,3.1650262252536666e-05,6.026015417588747e-06,9.285075497338043e-06,5.554679951448247e-07,4.913742353642941e-06
61,7.533573348334504e-06,5.91147059896249e-06,2.7465127003695726e-08,0.00010765626775479075,0.8693743381442245,9.367137322443798e-06,7.590053206054397e-05,1.0830465466715818e-06,0.0008973602073949255,1.3737513901891983e-08,0.12923362934769447,3.7186014403399855e-06,1.4491920208398458e-07,6.126678737932715e-05,0.0001411708021369742,4.481136821605598e-10,1.3247907241557925e-06,6.081921953345738e-06,2.174886377449951e-05,7.790370056406906e-09,3.308252785816564e-05,4.206921304168544e-06,9.040950611507415e-06,7.396562127440343e-07,4.644089332361543e-06
62,8.90461551689195e-06,7.899182242290962e-06,2.5615959784148843e-08,0.00014133828962955154,0.8335676442793102,1.201535848873041e-05,8.526630277912056e-05,1.552129813013871e-06,0.0008872670964774722,1.6197173178448565e-08,0.1649145156485092,4.4560567824698624e-06,1.5580219136679326e-07,6.615247879613142e-05,0.00021296787292407,5.217307162508699e-10,1.6985910656440015e-06,6.784198264314623e-06,2.890152489748251e-05,7.673931942458314e-09,3.1650262252536666e-05,6.026015417588747e-06,9.285075497338043e-06,5.554679951448247e-07,4.913742353642941e-06
63,9.395420402352877e-06,1.0735004622412277e-05,2.6795358685135564e-08,0.00015820025643731853,0.8245111644824026,1.1970624735687592e-05,8.57888948583314e-05,1.7747864849050562e-06,0.0009101313323697466,1.907175751980665e-08,0.173881640313951,5.108836478812398e-06,1.7611945833048077e-07,7.511428127182851e-05,0.00024104496203221424,6.078903413006904e-10,2.009292010113043e-06,6.784476349726215e-06,3.3264030368686805e-05,8.122127092882844e-09,3.289789767374311e-05,7.4643200468815164e-06,9.130611744208862e-06,5.83287212928767e-07,5.5661719545127885e-06
64,8.410779620713811e-06,7.445950924283725e-06,3.013954365863153e-08,0.00011581457580069745,0.8349504686879834,9.785308637120849e-06,8.68858140403716e-05,1.4235577038971565e-06,0.0007478034031922406,1.500035938442941e-08,0.16373501975503107,3.957613820634313e-06,1.6450904294298873e-07,7.1062654970059e-05,0.00015678370502385843,4.926721129020539e-10,1.8634484268627485e-06,7.4418503300781344e-06,2.8492734939197964e-05,8.094572387065426e-09,4.704680672428811e-05,5.060410518928023e-06,9.821680243020439e-06,6.049554198540287e-07,4.588070458706399e-06
65,8.958349540264293e-06,7.73434499855113e-06,2.5193755858889385e-08,0.00014287628491806037,0.8324243641996005,1.2263348259776082e-05,8.632292641241978e-05,1.5486969265349426e-06,0.0008728271910036032,1.588742590347828e-08,0.16606965441620475,4.426107062260271e-06,1.5494398428459368e-07,6.374433673434076e-05,0.00021488032409062844,5.226812287063985e-10,1.7084746696179533e-06,6.832808037408349e-06,2.935841292304661e-05,7.5805526025557e-09,3.156020378150387e-05,5.97210808023506e-06,9.39488989833884e-06,5.502018207057218e-07,4.818246637396829e-06
66,1.0209077621963815e-05,7.1185850622412444e-06,3.204269541995916e-08,0.00012593642015708853,0.8232950932948291,1.0566479266198512e-05,8.282660077306997e-05,1.7809570079064298e-06,0.0008391207442315048,1.6596502882255876e-08,0.17530661582676335,4.289501605080673e-06,1.9256224271097341e-07,6.793383577440798e-05,0.00016809171407654587,4.628864166533858e-10,1.405485504367182e-06,7.4748964970799545e-06,2.300841146121672e-05,8.974975116462508e-09,3.101143397437011e-05,5.99245624269022e-06,6.826146334587409e-06,4.880594950434075e-07,3.959434019462856e-06
67,1.1509072302424936e-05,3.2231187467636266e-06,1.0073046069177466e-07,0.00015573084432141977,0.8836350526775231,7.854716248546314e-06,5.446080921053633e-05,1.3054267754193788e-06,0.0002716084206756708,2.0848504404378166e-08,0.11543344918463909,1.3747771726638804e-06,1.2960831604049123e-07,8.602787595125787e-05,4.9793396475084055e-05,5.050750725511731e-10,4.338555727770656e-06,3.103049625981752e-05,1.9883133293769674e-05,1.43345837837354e-08,0.00016808311780060596,1.0207316066673024e-06,6.027808743133889e-05,9.783670777866847e-07,2.731163820157071e-06
68,1.5794781480661393e-06,1.1330502695391893e-06,2.4102178947321417e-08,3.789750271819331e-05,0.9656746839125869,4.870156284875636e-06,2.9155352183354187e-05,1.8984753405205486e-07,0.0019127536888689483,8.125536167187474e-09,0.03214432358423283,2.1958915293627136e-06,2.8331986456731568e-08,0.00011475407158627233,4.845354756988443e-05,9.399687725776026e-11,1.8311407849701837e-07,1.939754589989276e-06,1.6383360059163386e-06,6.746577376255448e-09,7.490918009021299e-06,5.498108173601204e-07,8.913549158549078e-06,8.345928796637867e-07,6.392440672725004e-06
69,8.74990645173551e-06,7.340208052822464e-06,3.237501139413528e-08,0.0001359288322297169,0.8401059703395403,1.2147390467979106e-05,9.347220828965367e-05,1.6909125877305824e-06,0.0009580229418355533,1.8556003077845506e-08,0.15830187810167876,4.425942532175614e-06,1.617604141677092e-07,8.221555916309123e-05,0.0001850961918544586,5.659408719784618e-10,1.6792777179172485e-06,8.641175648294608e-06,2.8851624613341188e-05,9.281320867390057e-09,4.1195694555065244e-05,5.253323902227645e-06,1.1275122475883198e-05,6.335847582746954e-07,5.309122954662923e-06
70,1.0827174123886545e-05,1.0108415139142084e-05,3.014529509187083e-08,0.0001514807377091364,0.8093751344732117,1.3203007761396813e-05,9.45090208980211e-05,1.9396771307611147e-06,0.0009118138526691737,2.041313001142296e-08,0.18899934774947538,5.193634519715076e-06,1.9288861161400647e-07,7.604835127899016e-05,0.0002375231143267792,7.010986428749165e-10,2.1994033705930533e-06,8.387204928962706e-06,3.7723779891835456e-05,8.756380963898901e-09,4.005320186966887e-05,7.787054225203993e-06,1.0097253271961704e-05,6.247181548929179e-07,5.7452715262478614e-06
71,3.7409988923850193e-06,5.72588184093146e-06,2.3214219140509067e-08,8.000802922518499e-05,0.9060527229917915,6.289671428332984e-06,7.171596721936047e-05,9.378181234499501e-07,0.0010183591707328872,1.4020942929009884e-08,0.09248255985254905,2.8315713268525603e-06,1.0118848843046723e-07,9.872599347386033e-05,0.000100953027949687,3.238608944927379e-10,9.122727642487579e-07,5.818141747060184e-06,1.627239730892591e-05,8.549871700503544e-09,3.626938939040351e-05,2.8728312175869886e-06,8.159511762458065e-06,5.743171963300651e-07,4.402866676409354e-06
