,0,1,2,3,4,5,6,7,8,9,10,11,12,13,14,15,16,17,18,19,20,21,22,23,24
0,0.00019453753758664203,0.0012436740852463262,1.9433751924788907e-07,0.0006220985355105002,0.30868215330363113,4.6805831369678295e-06,0.00017282287858718756,2.5167848685383873e-05,0.0002773663768843593,9.762627399762642e-08,0.687040607398791,0.00016116374282690313,4.979523645119962e-06,0.0002156393169374959,0.0003419885274020565,3.005714877990035e-08,0.00016644465226225492,2.3558018148984e-05,0.00034350155248531484,1.2185071201145029e-08,0.0001848604473405006,0.00026196696943545886,4.615974846049581e-06,2.398519328464316e-06,2.5440001268553015e-05
1,0.00016901514987512073,0.0012269387372209355,2.423738777559094e-07,0.0005590222806002114,0.2664057182629698,1.847595921293582e-05,0.0002690843055637422,4.656658207539115e-05,0.002907965937236039,6.257274059700874e-07,0.7241543099376652,9.11321903715015e-05,7.7152747343564e-06,0.0009044746668133224,0.0008959606351217812,3.1130190087173484e-08,3.9037610247439575e-05,5.131333314792223e-05,0.001086174667514095,3.0890691308477805e-08,0.0002843865005886213,0.0008125256075039197,7.034249163422397e-06,3.1023441550821073e-06,5.9115646054010134e-05
2,0.00012016512511875285,0.0011332858646448567,1.741815514571422e-07,0.0003668893239059812,0.2488702919220005,1.0477562481247307e-05,0.0001584386655463664,3.420080449603348e-05,0.001947236780080109,3.853409686998927e-07,0.7438217141719808,9.244779652341639e-05,4.8654866643061695e-06,0.0010472801443863033,0.0008953997266322546,1.8218832326141816e-08,3.4735235637096544e-05,2.7236083463483566e-05,0.0004930134704020726,2.5772406810074095e-08,0.00017558234146750813,0.0006968109671816248,4.6054141829061075e-06,2.0559981067916116e-06,6.266360133830484e-05
3,0.00015585496847158697,0.0011292353454680746,1.6292499929710867e-07,0.00042256098273485453,0.213111153387522,1.2425090613577714e-05,0.00017466776659983414,3.513752036173017e-05,0.0015264608755802362,3.3928941296454114e-07,0.7802786992714018,8.646592543575774e-05,5.555983434242551e-06,0.000679079014412428,0.000722266900772396,1.8799711384239245e-08,4.2747249940060594e-05,3.3047710688280934e-05,0.0006252463485106038,2.003213572760889e-08,0.0001922012462757133,0.0007154002880633423,5.041772701650978e-06,1.9283451122826396e-06,4.428295964035865e-05
4,0.00014862163123217256,0.0012153510011748895,1.741413957640289e-07,0.0004219653220321085,0.21804785396994697,1.1042066285917443e-05,0.00017573034565429688,3.483177740998268e-05,0.0016016093861476218,3.6008488075820455e-07,0.7750923200201856,8.797117682200292e-05,6.424149774604913e-06,0.0008047377900095332,0.0006555738327483322,1.7924660483056065e-08,4.124047892527663e-05,3.532778883417386e-05,0.0006168772598631975,2.350004885744012e-08,0.00021027898226732628,0.0007411920945636424,4.87683083532142e-06,2.1104119915453225e-06,4.3488032309700414e-05
5,0.00016479013401779518,0.0010368718591996472,1.88686369256853e-07,0.000574492348846215,0.24943015408439928,1.2605549360627226e-05,0.00018647666657319026,3.721027439531678e-05,0.0015769562011205818,3.9465310019184187e-07,0.7439361974422453,7.461077586236211e-05,6.4324064339818894e-06,0.0007511369394848418,0.0005546571785371953,1.8770787412206918e-08,4.2825040097559026e-05,5.6697097254749145e-05,0.0006958220975606765,2.526588634587207e-08,0.00024534052269059776,0.0005729048687969771,6.9667255802045345e-06,2.337263436722553e-06,3.3887147962874526e-05
6,0.00015585496847158697,0.0011292353454680746,1.6292499929710867e-07,0.00042256098273485453,0.213111153387522,1.2425090613577714e-05,0.00017466776659983414,3.513752036173017e-05,0.0015264608755802362,3.3928941296454114e-07,0.7802786992714018,8.646592543575774e-05,5.555983434242551e-06,0.000679079014412428,0.000722266900772396,1.8799711384239245e-08,4.2747249940060594e-05,3.3047710688280934e-05,0.0006252463485106038,2.003213572760889e-08,0.0001922012462757133,0.0007154002880633423,5.041772701650978e-06,1.9283451122826396e-06,4.428295964035865e-05
7,0.0002425230470046596,0.0006731211830986692,1.1988525510003855e-07,0.0002369125793800716,0.0854774337595476,8.023100827615745e-06,0.00011750909728438949,3.0661770446060455e-05,0.0006026040815904664,1.604539418940595e-07,0.9105674813335505,5.5245137610963135e-05,8.08063811020959e-06,0.00023323160543269067,0.0003968256504739022,8.662039073217815e-09,2.393725954621204e-05,2.4902197898825558e-05,0.00042036307517418923,1.1806573928255614e-08,0.0001040144861121609,0.0007611414034999427,1.538064995033717e-06,7.427457279806978e-07,1.3406974877776714e-05
8,0.00026178249348067273,0.0016378451220378741,4.0782124135003484e-07,0.0006952183356146162,0.36176111993299026,1.1463552479814376e-05,0.00012549084271737865,2.7273115728353744e-05,0.0023259503858907697,5.801592182091875e-07,0.6295694919644858,0.00011987769271746923,6.537488500540066e-06,0.0011283040699876265,0.0008924857765456792,3.134625667457691e-08,7.075012607764768e-05,3.1212852454807764e-05,0.0004258671921909546,3.0515286333918e-08,0.00018592385950274692,0.0005987422908707131,1.0691590864907438e-05,6.655026429067208e-06,0.00010626644642986918
9,0.00017740101252268167,0.002764835117784871,5.555328859585656e-07,0.0009224816469056478,0.3863178026138186,1.3010850595857683e-05,0.00017135393260106802,4.4882960045822755e-05,0.0038450559351282374,1.4409929172290814e-06,0.5997643117490693,0.00012445419788602332,8.94563016846909e-06,0.0024933052433734225,0.0010882598379049892,5.500792837615253e-08,7.485037199619283e-05,5.252721876330496e-05,0.0008601534846085535,5.903039581864805e-08,0.0003417272206934162,0.0007578330728223688,1.3434439747342199e-05,8.976401210553231e-06,0.00015228649822579386
10,0.00015585496847158697,0.0011292353454680746,1.6292499929710867e-07,0.00042256098273485453,0.213111153387522,1.2425090613577714e-05,0.00017466776659983414,3.513752036173017e-05,0.0015264608755802362,3.3928941296454114e-07,0.7802786992714018,8.646592543575774e-05,5.555983434242551e-06,0.000679079014412428,0.000722266900772396,1.8799711384239245e-08,4.2747249940060594e-05,3.3047710688280934e-05,0.0006252463485106038,2.003213572760889e-08,0.0001922012462757133,0.0007154002880633423,5.041772701650978e-06,1.9283451122826396e-06,4.428295964035865e-05
11,0.0001604255173423307,0.0011280741475194684,1.6498723721765582e-07,0.0004302459822762131,0.21177735378044185,1.1791480334253952e-05,0.00017710125951315327,3.417844030249724e-05,0.0014979412815627278,3.273041287588209e-07,0.781658006391735,8.910041882284224e-05,6.3083223467548315e-06,0.0006556964526849005,0.0006992003713123056,1.8960417556801313e-08,4.204990005175477e-05,3.337778294229663e-05,0.0006236981348781094,2.1801746079099855e-08,0.00019030530089419215,0.0007356266954491417,4.8268030981078715e-06,2.0954126795280766e-06,4.2063070282915806e-05
12,0.0002236046447378579,0.001829034575083287,1.3840529364247344e-07,0.0008326670229872616,0.10903125443628355,1.8201611039492415e-05,0.00028964021624190315,8.195550496414921e-05,0.0015834275215951855,4.933953565095859e-07,0.880327292428033,0.0001246600841297927,1.013790667244141e-05,0.0005182783356353254,0.0013941859763318286,4.310127741212707e-08,4.920937253798057e-05,4.936150515577438e-05,0.0019467848350022948,1.8931962379276398e-08,0.0001809540414664301,0.0014623352996661347,4.364454873271067e-06,1.4937756874722583e-06,4.04626179856359e-05
13,9.231834897835714e-05,0.0007767808813307058,8.854114980053643e-08,0.0001666174902209133,0.13190490085713485,5.043060751985899e-06,9.953804285753974e-05,2.550320608235486e-05,0.0007975965037824428,1.3335483345696805e-07,0.8638065677931878,9.066958510294649e-05,3.478451998506965e-06,0.0005773298570071904,0.000582991017877581,9.430053355737348e-09,2.6215451962109118e-05,1.346636342125554e-05,0.0002734428813194598,1.2948511661252364e-08,0.00010339866531094605,0.0006135714097472789,1.7153844833629617e-06,9.01291640505254e-07,3.7709181253762664e-05
14,0.0003938533263533588,0.0008335222596321619,3.758990591408834e-07,0.0006146775283345519,0.17308893510710574,6.48032261852334e-05,0.0005071917508282628,0.00010924719229456472,0.007318901272622845,6.937178965718929e-07,0.8075497368296076,0.0003381071128121632,5.689554770236243e-06,0.001141548196467707,0.005056257862436967,1.1395955265722945e-07,5.612860183355276e-05,3.366453168128904e-05,0.000756711270011169,4.066902288627108e-08,0.0001107681049399794,0.0016956577676831616,1.3899507767542373e-05,3.735217141821346e-06,0.0003057395339589109
15,0.00015585496847158697,0.0011292353454680746,1.6292499929710867e-07,0.00042256098273485453,0.213111153387522,1.2425090613577714e-05,0.00017466776659983414,3.513752036173017e-05,0.0015264608755802362,3.3928941296454114e-07,0.7802786992714018,8.646592543575774e-05,5.555983434242551e-06,0.000679079014412428,0.000722266900772396,1.8799711384239245e-08,4.2747249940060594e-05,3.3047710688280934e-05,0.0006252463485106038,2.003213572760889e-08,0.0001922012462757133,0.0007154002880633423,5.041772701650978e-06,1.9283451122826396e-06,4.428295964035865e-05
16,0.00013825672087945507,0.0011803915366259685,1.1384216414428398e-07,0.00029223119990163144,0.1301184487315506,8.711522005612687e-06,0.0001327953286017886,3.945798866467903e-05,0.0010365421761223518,2.580782417291852e-07,0.8636887024877387,0.00011333084516040739,4.742253274914856e-06,0.0007023937781580474,0.0008609327204786326,1.711949503993776e-08,3.928939258314396e-05,2.3483136445367315e-05,0.0005015178340498447,1.5574279813405707e-08,0.0001290517389704033,0.0009419061067605997,2.5756802710066033e-06,1.013886884954187e-06,4.382032069128432e-05
17,0.00014116895018772058,0.000880717406944202,1.662275413883783e-07,0.0002760513012102466,0.2397567706127924,7.905783983988817e-06,0.00015822846264921834,2.3233398312214143e-05,0.0012595866556452835,2.0477267024449518e-07,0.7551847817694686,8.076925252958371e-05,5.298161666309152e-06,0.0007039005791748905,0.0003482873704736575,1.1026450520688232e-08,3.873503851250415e-05,3.085742535732816e-05,0.000342791705913261,1.921459089575514e-08,0.00021334373192927273,0.0005068675675990866,4.437131385626037e-06,2.0590859684915623e-06,3.3807367043094855e-05
18,0.00012622458550692783,0.0014211991272947808,2.391757478583929e-07,0.00023383850938844133,0.21468499520136627,1.0742843845100344e-05,0.0002110363720583203,3.220498523973706e-05,0.0018537854920007589,3.9363758879262284e-07,0.7769748780027081,0.00015808987161447069,4.5542874874226065e-06,0.0013654400359609296,0.0009638262878906902,3.554974710239524e-08,6.997335274101258e-05,2.6750901084896643e-05,0.0006226415100209255,2.6208925680225756e-08,0.00030513185782368317,0.0007751292235902865,6.704174317734886e-06,3.2429058959588576e-06,0.00014891590015410336
19,0.00014182604052141888,0.001708003087687999,1.596630222886642e-07,0.0008781975798174403,0.335393887260687,2.1755581607149703e-05,0.00022240617251201238,4.097060057422105e-05,0.002950213023706064,6.155827982685103e-07,0.6543908566860828,0.00010860729856674194,7.143309902802475e-06,0.0008108869673602524,0.0011509349164248622,2.459418280680773e-08,3.976595298653449e-05,3.187312718390137e-05,0.0008216658989575842,2.789426664790215e-08,0.00014270680454718114,0.0010774050915592448,5.684293157985606e-06,2.5480449053813704e-06,5.183452698137459e-05
20,0.0001256340393535367,0.0014476902961255437,1.154989640091939e-07,0.0004182412296721381,0.16491939223056884,1.2195962340206537e-05,0.00015684721934845885,4.1207988680014594e-05,0.0016524028265288329,4.0578775929164504e-07,0.8270368461113455,7.69026481920087e-05,6.949896485590106e-06,0.0007819659118303821,0.0010346559713462597,1.5810692625721846e-08,3.307652166268302e-05,2.5139106630429913e-05,0.000743079348999709,2.3053068950195062e-08,0.00014910256542916437,0.0012937356960841084,3.0780400003729036e-06,1.3157979590556626e-06,3.998044093209025e-05
21,0.00024397998578683274,0.001069334770944328,3.3063508323221425e-07,0.00037160405272933033,0.2033482853279272,5.818692621100844e-06,0.00016481073835751094,3.789473450162239e-05,0.0011197601290091118,2.683926756345946e-07,0.7908365017470811,0.00014895917909596857,7.62654372865129e-06,0.0010182486167768369,0.000331074230538179,2.4433125465218468e-08,5.733906075673533e-05,5.9212488725418284e-05,0.0003750542602915891,2.6041104809411646e-08,0.0002818484190628134,0.0004661213541029192,5.54368866117311e-06,3.242729750002427e-06,4.708974756249014e-05
22,0.00020834741624498412,0.0010047199934730675,2.2035448352336024e-07,0.00037645243820600235,0.1597715080171023,1.0823284554655183e-05,0.00012309594654201888,4.694348950229106e-05,0.0006547470810871624,3.777655719719598e-07,0.8351271645073112,5.63575799045039e-05,5.445399221366366e-06,0.0006015064086403603,0.00036953795302720064,1.6382008971789264e-08,7.595134753469577e-05,5.602122918055726e-05,0.000565215113310751,1.8664086612370624e-08,0.00030067417062554046,0.0006140765287346547,5.7855626850092845e-06,1.1640802810707594e-06,2.3829286679609473e-05
23,0.00015585496847158697,0.0011292353454680746,1.6292499929710867e-07,0.00042256098273485453,0.213111153387522,1.2425090613577714e-05,0.00017466776659983414,3.513752036173017e-05,0.0015264608755802362,3.3928941296454114e-07,0.7802786992714018,8.646592543575774e-05,5.555983434242551e-06,0.000679079014412428,0.000722266900772396,1.8799711384239245e-08,4.2747249940060594e-05,3.3047710688280934e-05,0.0006252463485106038,2.003213572760889e-08,0.0001922012462757133,0.0007154002880633423,5.041772701650978e-06,1.9283451122826396e-06,4.428295964035865e-05
24,0.00017605779751790282,0.0006239770977917807,1.658840545004458e-07,0.00020596591064553441,0.18467313424282875,1.1722552582813598e-05,0.00015258546922878978,2.637027668387595e-05,0.0014029455346304931,2.057436595562804e-07,0.8103536208079754,8.28576212199678e-05,4.400267553697612e-06,0.0004996156499488277,0.0005872032431571352,1.4149481032045272e-08,3.105359194817897e-05,2.230471640595897e-05,0.00034439696094305794,1.6437275085099642e-08,0.00015223789420106782,0.0005971512428122669,3.80196984020956e-06,1.7222685091041872e-06,4.647266910519652e-05
25,0.0002639856610588474,0.004616300895331812,2.8571925765587233e-07,0.001227807924888963,0.3070896273530159,4.677255324467756e-05,0.00022858715165471164,3.128930123256221e-05,0.006271183147476411,1.8878616400002623e-06,0.6686393902973934,0.00012800750152113812,9.41449342571046e-06,0.0011388761649347215,0.0049095034502874575,7.51670082854779e-08,9.621799512958098e-05,2.5426460233080375e-05,0.002556213102161119,2.951218018047362e-08,0.00020411649029848205,0.002267739077726252,1.3878596339478774e-05,7.232223480677338e-06,0.0002261518990789362
26,0.0002651028982181099,0.0007874251586905631,3.461890328207785e-07,0.0006528576707825435,0.43235625700896374,1.2831239055771341e-05,0.00019296877694806395,2.14137942462443e-05,0.0027337770938648154,3.792512435897604e-07,0.5605471904794636,6.49743077064313e-05,6.776052556781977e-06,0.0008118167751684798,0.000312267524765394,1.6410400194337728e-08,4.1720118933778096e-05,7.72128737386756e-05,0.0004396001591117694,2.8371586388322107e-08,0.0002976208459438653,0.0003166341224448667,1.5522883045689757e-05,6.6282090181571236e-06,3.863178506954408e-05
27,0.00015931599544935382,0.0012997632976830438,1.3231547157362505e-07,0.0005139410871084702,0.21844417439364844,1.9065552924266344e-05,0.00020757880971857584,3.9464204027084114e-05,0.0030303022877917456,4.31029564006218e-07,0.7719158812148222,0.00010307548082423694,6.945364661290294e-06,0.0006941260918311887,0.0012611236417496808,2.0951991605307815e-08,2.7903599196909545e-05,2.6034216934287664e-05,0.0007904855132188115,2.31893284847686e-08,0.00012597609199116572,0.001272689742083528,4.091171475820122e-06,2.2082569330974148e-06,5.524649957113527e-05
28,0.00015585496847158697,0.0011292353454680746,1.6292499929710867e-07,0.00042256098273485453,0.213111153387522,1.2425090613577714e-05,0.00017466776659983414,3.513752036173017e-05,0.0015264608755802362,3.3928941296454114e-07,0.7802786992714018,8.646592543575774e-05,5.555983434242551e-06,0.000679079014412428,0.000722266900772396,1.8799711384239245e-08,4.2747249940060594e-05,3.3047710688280934e-05,0.0006252463485106038,2.003213572760889e-08,0.0001922012462757133,0.0007154002880633423,5.041772701650978e-06,1.9283451122826396e-06,4.428295964035865e-05
29,0.00015585496847158697,0.0011292353454680746,1.6292499929710867e-07,0.00042256098273485453,0.213111153387522,1.2425090613577714e-05,0.00017466776659983414,3.513752036173017e-05,0.0015264608755802362,3.3928941296454114e-07,0.7802786992714018,8.646592543575774e-05,5.555983434242551e-06,0.000679079014412428,0.000722266900772396,1.8799711384239245e-08,4.2747249940060594e-05,3.3047710688280934e-05,0.0006252463485106038,2.003213572760889e-08,0.0001922012462757133,0.0007154002880633423,5.041772701650978e-06,1.9283451122826396e-06,4.428295964035865e-05
30,0.00015585496847158697,0.0011292353454680746,1.6292499929710867e-07,0.00042256098273485453,0.213111153387522,1.2425090613577714e-05,0.00017466776659983414,3.513752036173017e-05,0.0015264608755802362,3.3928941296454114e-07,0.7802786992714018,8.646592543575774e-05,5.555983434242551e-06,0.000679079014412428,0.000722266900772396,1.8799711384239245e-08,4.2747249940060594e-05,3.3047710688280934e-05,0.0006252463485106038,2.003213572760889e-08,0.0001922012462757133,0.0007154002880633423,5.041772701650978e-06,1.9283451122826396e-06,4.428295964035865e-05
31,0.00026829121263077717,0.0015811672423332182,3.11670020687562e-07,0.00047952450741567274,0.16140876347487135,1.1388942380748755e-05,0.0001828730910113427,7.29347314066596e-05,0.0011461632758987823,4.78665312950532e-07,0.8314884557561797,0.00010600597242934977,6.93962995631243e-06,0.0008396943954982393,0.0005287654367132265,3.079902239389348e-08,7.196661103811683e-05,5.739395722008833e-05,0.000650828424837074,2.2247751939636275e-08,0.0002842218511481414,0.0007609479538262406,6.0136875668683415e-06,1.8498675570919486e-06,4.4966595973143885e-05
32,0.0001537709415316374,0.0011762127076269272,1.5962938608535398e-07,0.00046852031220693445,0.2090701392757448,1.3415329203714107e-05,0.00018799330691349854,3.646062259023e-05,0.0015532388060511102,3.727189377217372e-07,0.7838583672334248,8.238878088741134e-05,6.094087337906162e-06,0.0006505356177460583,0.000828090089600788,2.0907316435291024e-08,4.4478789099439345e-05,3.5071149707495515e-05,0.0008038282124332835,2.117432568527148e-08,0.00021022071665029678,0.0007696690143529986,5.3043579415272714e-06,1.9961892114878533e-06,4.363002977164534e-05
33,0.0001613414682176818,0.001148144431813104,1.4837282036463266e-07,0.0004262263405588915,0.18819487199705973,1.0624665608557744e-05,0.0001702126204007014,3.573036109076725e-05,0.0011647022121970974,2.8033900541944285e-07,0.805764445901369,9.16377484203865e-05,6.031922426080235e-06,0.0005773059263773663,0.0006137125439163464,1.8447720696737222e-08,4.662215191910332e-05,3.351630662488095e-05,0.0006086873593284262,1.8441519292389946e-08,0.00018593849889461398,0.0007176853697439799,4.3603181656102255e-06,1.7485994973864853e-06,3.598765530445186e-05
34,0.0001194074328206125,0.001949003276610099,1.9161192280245584e-07,0.0004949539674810091,0.2576596270253059,1.4155752204242655e-05,0.0001921632049535311,4.475683117296121e-05,0.0018953940057262785,5.452256093243673e-07,0.7334981103037397,0.00012286568909110072,5.404252315467383e-06,0.0012107755081691223,0.0008123625415920665,2.6597272076623984e-08,6.136760528338206e-05,3.0989995189864095e-05,0.0006536282041519669,2.5711851784759387e-08,0.00022875657609340306,0.000920651900825424,6.176982118604141e-06,2.3176944066883723e-06,7.634210409267325e-05
35,0.0006858405165802972,0.0011632750137736338,2.2908442704215831e-07,0.0005887479953391586,0.0891718876714241,2.256461866038854e-05,0.00029277380884889576,9.490475314581002e-05,0.0018783550686131752,4.370312093629527e-07,0.9017671717650558,0.0001529369716597137,1.4442995016836779e-05,0.0003624778019079918,0.0004615010863843309,4.6817805664896746e-08,4.6350048369678144e-05,0.00012353229947214796,0.0013639596201256957,1.6588694215494935e-08,0.0001968176497981343,0.0015802609083625197,4.395083598626514e-06,2.1502431610382566e-06,2.4924558565541246e-05
36,0.0002972307154637988,0.003432944619522118,2.211566927583393e-07,0.0011261388544894526,0.13306377811630915,2.4871061385999094e-05,0.00030196222826696546,0.0001586966946138386,0.0031582414785167206,1.2276178633959e-06,0.8496186447010607,0.00020087856078688837,1.1387642560865257e-05,0.0016169284918502035,0.0016441409784578116,5.934379027885803e-08,8.168895839658031e-05,7.586570188413238e-05,0.0018048641630372697,2.918765188731182e-08,0.0002048807076953801,0.0031011564103714897,6.035598979083034e-06,1.5556450196007515e-06,6.65713653337826e-05
37,0.0002491234318832073,0.0007480545569298323,3.0578272313655675e-07,0.0002829813370719535,0.27032423510704107,6.67031587688368e-06,0.0001732003418742908,1.9539186356442366e-05,0.001479758433516284,2.071102947038419e-07,0.7245474467573575,9.928155327257913e-05,7.982383963499984e-06,0.0007398830085034614,0.0002458564547903173,1.36555464465855e-08,3.8716656986416516e-05,4.7264640417360513e-05,0.00029078846206225136,2.4092834191104218e-08,0.00025508761631913655,0.0003972628028654964,5.403225224142894e-06,4.073671855928011e-06,3.683941443348442e-05
38,0.00030319663070520176,0.0008791980042606184,2.0016325792815816e-07,0.0007777514594337448,0.15307468372739966,4.385001150080896e-05,0.0005139580063526496,6.7217837251462e-05,0.0016453375483146695,5.126378217400483e-07,0.8368159682017395,9.770483122759903e-05,1.0282745969987307e-05,0.00032085470317005455,0.001452380579525101,6.310543936860345e-08,6.880986992276239e-05,8.43304133395647e-05,0.0024348463022064453,2.770315097116161e-08,0.0003147079309220587,0.001042484850215793,1.0376940707941323e-05,2.2004184811315147e-06,3.9055377683385446e-05
39,0.00019525510502219675,0.0007230024461924006,1.7165197211465638e-07,0.00032611123270517915,0.12171233663922675,2.0983190290000407e-05,0.0002935390329983016,7.838046478455858e-05,0.0008176671297158871,2.5279384062028994e-07,0.8727655957382293,0.00013025843870110028,5.618433202435605e-06,0.00033332967817202466,0.0005942403222941691,4.091847399198868e-08,6.690367376401208e-05,4.0337110591984264e-05,0.0007636076222677535,1.865080293949605e-08,0.00024711945009091405,0.0008411577484267209,4.960561914392533e-06,1.3340705632883896e-06,3.777789575709118e-05
40,0.0001618632039895268,0.001013401767334544,1.4564984313325265e-07,0.0002577418388483151,0.17899069285532182,1.1212849659364237e-05,0.00013672141752248378,2.9565220312858074e-05,0.0012638937696008191,2.3446525788114003e-07,0.8152981951041459,9.720695164583903e-05,4.8091895005453275e-06,0.0005696522391960316,0.0007282490963145967,1.3897822138200032e-08,3.670283570418739e-05,1.7529751607528366e-05,0.00035172718378480316,1.599692459456595e-08,0.00012338004634513623,0.0008561253917610702,2.9166088589160156e-06,1.3124690904068956e-06,4.66901996073481e-05
41,0.0002150394530184689,0.0022988477292900907,4.313785796352304e-07,0.0001167212869299902,0.0635504332933864,3.1890013232440557e-06,0.0002509725353605498,5.0424455123495766e-05,0.0005159492870008514,3.1925043300990715e-07,0.9273201146478658,0.00010708644720073156,1.6925246993850223e-05,0.00191795105146902,0.00010451931664482049,2.7448121879137783e-08,0.0001287253403497571,9.985605906371444e-05,0.000721188919879508,3.11477955852088e-08,0.0016496269584795077,0.0008802711674167307,5.06054095224406e-06,2.4958819725482488e-06,4.3792155348631545e-05
42,0.00016803796851462872,0.0016683637868023544,1.011979401880551e-07,0.0004988139809108873,0.13906634238964663,2.030612761474433e-05,0.0002084028955033605,5.264221920855735e-05,0.0015371134521351656,4.1090987665073575e-07,0.8511274555422726,9.359695321233256e-05,8.903720971243414e-06,0.0003851037787519365,0.0013428320297274106,2.7415970868069466e-08,4.699134590239904e-05,2.069024207150037e-05,0.0013557947783851348,1.7582741680281458e-08,0.00014531667897134837,0.002211221790468709,2.6513448820732183e-06,1.342606486179171e-06,3.751926103130556e-05
43,0.00016285962438320828,0.0010927012967320894,1.9936325984807662e-07,0.0006076946692587179,0.23809930783423403,3.2999292070433364e-05,0.00019842762299276105,5.860742711567186e-05,0.0023121881905697117,8.952933446699617e-07,0.7526765190707152,5.3330656902073284e-05,6.422599948648347e-06,0.0006914956823596402,0.0012331219794811973,2.7201691114172737e-08,4.216933789798509e-05,4.6232992146261835e-05,0.0012547088813265597,3.048609642624636e-08,0.00027033127131260136,0.0011067620071350962,7.390992372906353e-06,1.8509381206982098e-06,4.372528853275866e-05
44,0.00015585496847158697,0.0011292353454680746,1.6292499929710867e-07,0.00042256098273485453,0.213111153387522,1.2425090613577714e-05,0.00017466776659983414,3.513752036173017e-05,0.0015264608755802362,3.3928941296454114e-07,0.7802786992714018,8.646592543575774e-05,5.555983434242551e-06,0.000679079014412428,0.000722266900772396,1.8799711384239245e-08,4.2747249940060594e-05,3.3047710688280934e-05,0.0006252463485106038,2.003213572760889e-08,0.0001922012462757133,0.0007154002880633423,5.041772701650978e-06,1.9283451122826396e-06,4.428295964035865e-05
45,0.00013986014778942076,0.0008749717115316514,1.1546832124110196e-07,0.0005953986745000387,0.23943448115060054,1.9524954195367246e-05,0.0002474835881816332,3.707410358898826e-05,0.001955431186099023,3.094862996768203e-07,0.7530665524581852,8.807056516843861e-05,5.754550124425458e-06,0.00042451959585570456,0.001253824893562557,2.1957443322174624e-08,3.104147552786947e-05,2.888599993655165e-05,0.000849832927623702,2.1311222148203544e-08,0.00012924816397270398,0.0007724379180112233,4.726465724458075e-06,1.8060762012646568e-06,3.860517033280911e-05
46,0.0002951501534609068,0.0016308848666677016,1.283720200878838e-07,0.00045443369048676105,0.11111940205546204,9.797719385423665e-06,0.0001222761622360429,3.7420025126181955e-05,0.0002860224923593293,1.4522828688043647e-07,0.8830143152641973,0.00016485105275567996,6.094547678310023e-06,0.0002019129238039191,0.0006933502999865766,2.914332952926483e-08,0.00018577454757948822,1.4630290658050087e-05,0.0004635399471355667,9.173038892880663e-09,0.0001112201353606429,0.001152652977803223,3.1265902440598874e-06,1.1090213599279542e-06,3.172331957746972e-05
47,0.00032591323507471815,0.003009082782389073,1.727924812806869e-07,0.00033720257920606325,0.10688249297328632,9.741913022097102e-06,0.0001841229237442011,4.7097142910489046e-05,0.0013162339384652714,3.0960187239154223e-07,0.8830617952912908,0.00024862345499081066,1.18842480738721e-05,0.0005361311047674797,0.0008683793625498245,3.7239385691255754e-08,6.669639329634327e-05,1.8639431113419224e-05,0.0006172344184031906,1.6380406429685804e-08,0.00010558869350379613,0.0022815223038763176,1.9270955917193583e-06,2.0788431218685395e-06,6.707585717616993e-05
48,0.00024518935737896853,0.008254949308089874,2.3608694885581523e-07,0.001542556502987986,0.1743599335957051,1.8474050903645075e-05,0.0002131957989799467,9.909962207758463e-05,0.0009502472110585299,1.2418283672326908e-06,0.8064036303428931,0.0001357579308791622,1.0169981207754418e-05,0.0010314865023681758,0.001471579363386697,6.157599272733503e-08,0.00029401000833872764,4.9026644866232504e-05,0.002259300629165328,2.2342571007811208e-08,0.00033264785671617455,0.002258606981531056,8.701525096549702e-06,1.630575071401288e-06,5.8244377418221506e-05
49,0.00019471124986889752,0.000921746066552093,1.91449854803897e-07,0.0003554765947833894,0.20409636224094443,1.4662208201009157e-05,0.0001873851570369105,3.8718644416972635e-05,0.001455362467283599,2.7561323026181204e-07,0.7901911454239553,0.00010752194286481421,5.616680599778226e-06,0.0005683083080373611,0.000494286306149971,1.7526468101921517e-08,4.0078750005787725e-05,3.272362125291874e-05,0.00040171869853380395,1.911591779955271e-08,0.0001668671198484515,0.0006806685564968412,4.648863070737484e-06,1.8105509838965088e-06,3.9676843641954416e-05
50,0.00013570064920720028,0.0019720379901692203,2.3484791003039898e-07,0.000534082698078168,0.21696998014492755,1.786491983638094e-05,0.00027387286777408575,6.042025423481605e-05,0.002565946499420529,8.702372218553909e-07,0.7720645000651165,9.64708022593109e-05,9.048219603340843e-06,0.0012948092065414721,0.0010771295266689008,2.799224538246455e-08,4.565121377750154e-05,3.9906475447384723e-05,0.0011957371584252821,3.330352408233256e-08,0.0003001633462434817,0.0012785369581453088,4.966182499471337e-06,1.9209329967926098e-06,6.00875077258757e-05
51,0.00015337711532131332,0.006524422208183663,1.492979758429792e-07,0.0010678451813464528,0.14911571249101044,7.503903975811628e-06,0.00011880489119112714,8.57989067689412e-05,0.0013726345607473801,7.445885132728433e-07,0.8357537196777322,0.00015640102708662702,9.63896498836394e-06,0.00143780429922512,0.0011413990911120456,2.3870156277440988e-08,5.4318983049138997e-05,2.89190485267413e-05,0.0008764243822704285,2.0758663922605775e-08,0.00011785699609862201,0.0019285104743809996,2.205219124268691e-06,1.0831538044186359e-06,4.4680908746319906e-05
52,0.0003363227204697049,0.0013010688895862873,1.992180085666952e-07,0.0016428668549410752,0.1570904651105997,3.5124435131175955e-05,0.00018530052295235815,0.00010821170405790083,0.002748895647177371,1.715004214140089e-06,0.8288851576347228,6.187962189511576e-05,1.182691824975344e-05,0.0008037346654908414,0.0018746597202962173,4.8011966097150585e-08,4.0635117132258496e-05,0.00017025619314815137,0.002821835187793556,4.060039206138133e-08,0.0001938009018792532,0.001645147455293821,8.638885805526253e-06,1.8576955765907016e-06,3.0311283219793414e-05
53,0.00012567954001256015,0.0006184076296595158,1.2645612321434208e-07,0.00028663635689169735,0.18548807463680833,1.562957149533361e-05,0.0003767390195101491,3.491883061137625e-05,0.0019323585176308608,1.6891843689678313e-07,0.8083468711039526,0.00013357657376182884,4.333820250598623e-06,0.0005961727139403587,0.0007607749883296925,1.920628463075782e-08,2.9416742060200777e-05,3.13706437640719e-05,0.0004831764221524773,1.981757594365294e-08,0.00016544652421334222,0.0005083478592842792,5.8020054805684625e-06,1.7055277138552507e-06,5.4226574055580305e-05
54,0.00012841416421288752,0.0034868666097103546,2.558770630887468e-07,0.0003758717165865593,0.2581880043165004,1.008710322355051e-05,0.00021408640705440746,4.256438212535107e-05,0.003862125774882344,6.833338209478173e-07,0.7265623555737801,0.0002930891243297095,5.93738464748816e-06,0.0023855382975750436,0.0019858176054847153,4.745377897025471e-08,5.33002481568324e-05,1.6527372050369536e-05,0.0006053175238784612,3.033193954279357e-08,0.0001529805024079267,0.0013485081020338282,4.192740516658537e-06,3.662762636276197e-06,0.0002737352916041947
55,0.00014847837505367083,0.0009677151079473786,1.5148849027113113e-07,0.00040472729492829063,0.231639650278871,1.2136602769118815e-05,0.0002009618496616662,3.0260137830578563e-05,0.0017495734200650179,2.6675139036064354e-07,0.7619966595313593,0.00010328496382577488,5.436799117451909e-06,0.0006293843257852371,0.0006510966703622874,1.8067911999885546e-08,3.547341997929581e-05,3.214480960845399e-05,0.000553924410438785,1.9481055963575296e-08,0.0001728154430433367,0.0006131553365656933,4.984965506888096e-06,2.2891531357249717e-06,4.5391315296141246e-05
56,0.0001584079966908417,0.0011442224601861887,1.6383940129299533e-07,0.00041964291250363544,0.20832818252160423,1.2184819051691067e-05,0.0001760290925805115,3.5001701157745565e-05,0.001515873687991277,3.3398251401189075e-07,0.7850553186890601,8.874548888648488e-05,5.902076626450979e-06,0.0006774221389087169,0.0007063086651710191,1.8658513858365933e-08,4.242463732838095e-05,3.307854990545748e-05,0.0006211300970924987,2.0711385491734647e-08,0.0001918841468075404,0.0007373871240921398,4.915028208239043e-06,1.978381472729771e-06,4.3422592859394924e-05
57,0.00013798530595599193,0.0019056163464637426,1.701223317750741e-07,0.0004437070612206585,0.18322605356393026,1.1161305725778383e-05,0.00023503611181143906,3.886515414423448e-05,0.0014540804324334093,4.272414324645868e-07,0.8080680057067829,0.00010764543175138962,8.993452754546302e-06,0.0006641922752804555,0.0008653274206944546,3.176528037122848e-08,5.6337081103863215e-05,3.210975987318612e-05,0.0013625998056897323,2.283536361036398e-08,0.00029392963198902156,0.0010279299974277384,4.118448408502088e-06,2.48458661466934e-06,5.316915553588124e-05
58,0.00014758911586581957,0.0010676052308679239,1.711119546489019e-07,0.0004255336698105677,0.2568192424009274,1.1623577986196861e-05,0.00018663337412537956,2.7061340964123388e-05,0.001765765466604102,3.138497085178236e-07,0.7365185209866248,8.98925326610035e-05,6.353385952313681e-06,0.0006580388318611868,0.000688292386939654,1.9531140374713585e-08,3.924936542262268e-05,3.162163015215761e-05,0.0006203791865722908,2.379396281383299e-08,0.00020382593607902553,0.0006349729372426729,5.5482101862630655e-06,2.994663790524849e-06,4.872748259764422e-05
59,0.00015076498161039825,0.00112079060955001,1.9646286521380183e-07,0.0004111776622735548,0.26469547282832956,1.1587910793443299e-05,0.00018256338303045773,2.9301971422837308e-05,0.00172565113959222,3.5285116072714656e-07,0.7286144101465558,8.73639076103654e-05,6.09927532160869e-06,0.0007398422580402757,0.0006330925702900615,2.042308909147819e-08,4.3611143502007863e-05,3.4073211484550254e-05,0.0006006608914982528,2.427640724660259e-08,0.00023301755248386911,0.0006198654476949848,5.8972631608233885e-06,2.948721882873308e-06,5.121311034983068e-05
60,0.00015585496847158697,0.0011292353454680746,1.6292499929710867e-07,0.00042256098273485453,0.213111153387522,1.2425090613577714e-05,0.00017466776659983414,3.513752036173017e-05,0.0015264608755802362,3.3928941296454114e-07,0.7802786992714018,8.646592543575774e-05,5.555983434242551e-06,0.000679079014412428,0.000722266900772396,1.8799711384239245e-08,4.2747249940060594e-05,3.3047710688280934e-05,0.0006252463485106038,2.003213572760889e-08,0.0001922012462757133,0.0007154002880633423,5.041772701650978e-06,1.9283451122826396e-06,4.428295964035865e-05
61,0.00015936733425050512,0.0010159002349896357,2.0856855136731637e-07,0.0003891322199744379,0.2646577033458342,1.1527503938389385e-05,0.0001852654310715412,2.9302801051050804e-05,0.001833392893617901,3.426758174828617e-07,0.7287987710566006,8.62192011235371e-05,6.2120485192552054e-06,0.0007454725082769488,0.0005628233155733253,1.9132598122484638e-08,3.967775315100913e-05,3.5875553241529504e-05,0.0005561687590503128,2.4190685158762135e-08,0.00023609732194632973,0.0005925750496216415,5.840207365014853e-06,3.0407730642079897e-06,4.904012008627568e-05
62,0.00015585496847158697,0.0011292353454680746,1.6292499929710867e-07,0.00042256098273485453,0.213111153387522,1.2425090613577714e-05,0.00017466776659983414,3.513752036173017e-05,0.0015264608755802362,3.3928941296454114e-07,0.7802786992714018,8.646592543575774e-05,5.555983434242551e-06,0.000679079014412428,0.000722266900772396,1.8799711384239245e-08,4.2747249940060594e-05,3.3047710688280934e-05,0.0006252463485106038,2.003213572760889e-08,0.0001922012462757133,0.0007154002880633423,5.041772701650978e-06,1.9283451122826396e-06,4.428295964035865e-05
63,0.00015946278364481186,0.0014771676505755025,1.645877332655209e-07,0.00045885027903891986,0.203234672813626,1.1916179110411075e-05,0.0001692631910444144,3.853368858708412e-05,0.001509231528740165,3.847000260411117e-07,0.7894599794420395,9.534437211846084e-05,6.086602049329054e-06,0.000737786194370003,0.000780541488809264,2.1057131532669927e-08,4.839522665704866e-05,3.210433392186598e-05,0.0006883547940071395,2.0474162924699096e-08,0.0001902119633016844,0.0008468761241162303,4.773067035907262e-06,1.954350544323127e-06,4.7903107608286965e-05
64,0.00014886174304427937,0.0010898159683289377,1.9263127287868152e-07,0.00035975002503965724,0.2130369293952236,1.0409603688065416e-05,0.00018071938926374567,3.3319743297253544e-05,0.001276253603620574,3.2510050488562535e-07,0.78082587584258,7.731596907671705e-05,5.9883628969637475e-06,0.0007276563250171075,0.0005528846223389231,1.8421531680162484e-08,4.829169158358259e-05,3.6995358941509254e-05,0.0006382328856238389,2.1555611816298436e-08,0.0002840295398420277,0.0006173294602529572,5.357374175473981e-06,2.0551929511784633e-06,4.137019429211651e-05
65,0.00014846757856577146,0.00028742773740312666,5.4431263531895326e-08,0.0005841313981769757,0.15114682070594665,2.8445319645583232e-05,0.000280714806080824,2.6946297583370024e-05,0.00046876777910304394,1.0369406056260279e-07,0.8440844805399482,4.715229818708542e-05,3.1571989975075634e-06,7.957103848265985e-05,0.0009543201298813877,1.8669694205724774e-08,5.043055546978181e-05,3.885929833414847e-05,0.0012562625233299288,8.70140197600811e-09,0.00014729189955201558,0.0003455080954108231,7.480601301364343e-06,8.406456712708379e-07,1.2738056508210999e-05
66,0.0001701018865068788,0.0009335501205625881,1.9647493823128672e-07,0.0003507904591518017,0.20469088721009587,1.0250370317290955e-05,0.00016684812218722191,3.719419203025643e-05,0.0013786912593261782,3.140040162849453e-07,0.7895697286507426,8.002589065721976e-05,6.524470211072351e-06,0.0006687605901866962,0.0005159999421559652,1.5560057749152116e-08,3.393237558466298e-05,3.50923373821435e-05,0.00046671016560566455,2.2106895492565412e-08,0.00018983931180437247,0.0006553265174458011,3.6523146725563147e-06,1.6775687559645534e-06,3.386809870913846e-05
67,0.0002427225181371932,0.0005310145867800751,7.789741581353455e-07,0.0005597428980041411,0.28817390831884654,9.964883098448027e-06,0.00014868432173763293,3.59843643852663e-05,0.0005428542258793977,4.843828334622452e-07,0.7059475384582964,3.3101581110963454e-05,5.707024667074407e-06,0.0010899281619330076,0.00019828076746443484,2.105273942255002e-08,0.00014068449088663827,0.00019131937076451673,0.0005292701810893832,4.552031609986774e-08,0.0013985478457978224,0.00014668098046939645,4.051591004351747e-05,3.952288996529294e-06,2.826689156454687e-05
68,7.119127088190996e-05,0.00040137549040590706,3.9826323404084975e-07,0.0002876216202507878,0.6099223638794008,1.2528030783605324e-05,0.00014833577946178858,1.0397703596853713e-05,0.007972285802281858,4.141924740209596e-07,0.37736343712489206,0.0001039630985342376,2.6029838301204382e-06,0.0028160884357081436,0.00035536936929143746,8.23313275813898e-09,1.1587987126011849e-05,2.5735493319032322e-05,8.345538246318698e-05,4.498629189223147e-08,0.00011459039850276457,0.00014919347149552474,1.2387737721744131e-05,7.512630766012618e-06,0.0001271106341534761
69,0.0001571726207719163,0.0010015630024383132,2.8545576834029333e-07,0.0004124943932385992,0.2335902344695845,1.3623226202948228e-05,0.00022671678978748955,4.529766720710389e-05,0.001886980680504525,4.803556245604089e-07,0.7591144815696347,8.866886592075136e-05,6.255198073217163e-06,0.0011512681148633504,0.0005536890178968793,2.3334336590470436e-08,4.451819010770021e-05,6.0335620525444814e-05,0.0006585014261487277,3.192456337087636e-08,0.0003694623465611656,0.0005531324395241911,8.262521775949146e-06,2.6608397016951556e-06,5.3859929238064846e-05
70,6.510904739809007e-05,0.0003216615590101774,8.75305694587671e-08,0.0004578718664396368,0.48403337145963077,1.1222519962654393e-05,0.00014728348681658998,1.2181575187582699e-05,0.002234599959056046,1.0966304433724729e-07,0.5111947195923727,4.936883790490692e-05,2.024980450124891e-06,0.0004349504645917105,0.0005745705481091914,3.736794621421617e-09,1.1336234156685676e-05,1.2475258846638205e-05,0.00015558118456687002,1.3579057512235916e-08,6.102818907753931e-05,0.00018948705803153673,4.932301749348608e-06,1.4322002884210108e-06,2.457716688681138e-05
71,5.565808138224694e-05,0.001107636621678631,2.615098868210892e-07,0.00026850986723391966,0.5123620721295002,6.551803398118303e-06,0.00023798906746090435,2.4439323132316722e-05,0.003937365386333706,4.68214536065441e-07,0.4775191214506136,6.71132831793908e-05,4.4995204954367355e-06,0.0028583529332749996,0.0002725310823713585,1.2884899168846636e-08,2.2831740720973123e-05,5.128298370381224e-05,0.00035450969957386604,4.71068708866607e-08,0.00048413796298038455,0.0002904236352915073,7.768100740832664e-06,4.101451158018814e-06,6.231415958295067e-05
