,0,1,2,3,4,5,6,7,8,9,10,11,12,13,14,15,16,17,18,19,20,21,22,23,24
0,0.7468333061895459,0.0007210781823068649,0.0007339121204400852,2.1508605530350073e-08,0.00018396157657883555,0.0003859086409070196,1.4246610526314275e-06,3.750203222651207e-09,0.20103370690283512,5.232396052539069e-09,2.5230600637984872e-05,1.6684516414721317e-06,2.272270558734748e-06,1.298123478238437e-08,1.1041399820122077e-05,9.185193484914148e-08,5.92311521907828e-05,0.0003115357525878381,0.04805734262651998,9.51057048948911e-09,3.709350305864502e-06,4.593267209088126e-06,1.0763388803218696e-07,0.0014639627504705384,0.00016586163555816518
1,0.7959391486577024,0.0006353391003270614,0.000942196287823369,1.9497763767370767e-08,0.00010863216244952985,0.0002881031447779619,1.5165601085112614e-06,3.276435574056196e-09,0.16323040221643859,7.2226524042505375e-09,1.2851276981322036e-05,1.409087261632628e-06,1.55141033579121e-06,8.196250656662276e-09,7.008973233051724e-06,7.876683895246114e-08,2.771897878278436e-05,0.00027857006220154384,0.03718006991417965,6.893038379138961e-09,2.781321479972825e-06,2.770001050123406e-06,7.647767084887445e-08,0.0012056604360463252,0.00013407007816991647
2,0.836766622965042,0.0007826345186563503,0.0006449225446071839,1.6296933268176748e-08,0.00022388336252203087,0.00021832710429822835,1.8764533875278643e-06,2.70680852222943e-09,0.13532405440565942,5.7577874040224025e-09,1.6941893244957092e-05,1.506573344898203e-06,1.5668149155535106e-06,1.4265050367988359e-08,1.0659269715785846e-05,5.3482655508684276e-08,3.923442481997515e-05,0.00026785764597665014,0.024644328741305413,8.704016834382078e-09,2.279914014593216e-06,2.8752184751308753e-06,1.106811311789903e-07,0.0007919218034011793,0.0002582944522298875
3,0.8109948630890447,0.0008134044655246342,0.0008516001737813262,2.7518510646904823e-08,0.00015878042926865705,0.00030453737574780154,1.8034238849064377e-06,3.329688338673506e-09,0.15110996391489395,7.3881131610722e-09,2.1753923868937394e-05,1.892218905849466e-06,1.7608967847358875e-06,1.5652421337880363e-08,8.043226417750087e-06,6.600487485321443e-08,4.703403889387673e-05,0.0003291150487335481,0.03379865674396876,8.817863498770023e-09,3.4937203059105638e-06,3.964383312112578e-06,1.4858555044115836e-07,0.0013392675074800921,0.0002097881221600314
4,0.8129417456002397,0.0008092908438523509,0.0007972285715729823,2.908869733824197e-08,0.00015670864199322166,0.00028767143905988294,1.7595243274850588e-06,3.2262808816270712e-09,0.15021447768275606,7.211890302658226e-09,2.122644838665233e-05,2.1505757266048544e-06,2.133056526794516e-06,1.7175001119607865e-08,7.71987645218108e-06,6.38939424466676e-08,5.3618359706664574e-05,0.0003439166035302506,0.0327915836877727,9.504660072293632e-09,3.6780783132876778e-06,4.280646714667436e-06,1.5237360417596422e-07,0.0013376025140138315,0.00022292537497841904
5,0.8302224961445809,0.0007473560252324058,0.0007669862629147635,3.5391247766883055e-08,0.00012120192168308099,0.00027784104679447083,1.5719727716418358e-06,2.8247897742403604e-09,0.13797578938223254,7.784921810329305e-09,1.9886594339048265e-05,2.193399490650053e-06,1.9128037162608117e-06,1.790116067468058e-08,6.121426844554312e-06,5.747245400763332e-08,5.1451832801536865e-05,0.0004375628500081117,0.027680269182026023,8.85885042313253e-09,3.732560221720256e-06,4.34967278541427e-06,1.5493867335450975e-07,0.0014560810196446387,0.00022291072981446588
6,0.8109948630890447,0.0008134044655246342,0.0008516001737813262,2.7518510646904823e-08,0.00015878042926865705,0.00030453737574780154,1.8034238849064377e-06,3.329688338673506e-09,0.15110996391489395,7.3881131610722e-09,2.1753923868937394e-05,1.892218905849466e-06,1.7608967847358875e-06,1.5652421337880363e-08,8.043226417750087e-06,6.600487485321443e-08,4.703403889387673e-05,0.0003291150487335481,0.03379865674396876,8.817863498770023e-09,3.4937203059105638e-06,3.964383312112578e-06,1.4858555044115836e-07,0.0013392675074800921,0.0002097881221600314
7,0.36004336965484834,0.001958168991329512,0.0003852023406348271,1.3585401610334953e-07,0.00041369470187211586,0.0006781077169631135,2.8815774373707657e-06,7.053800471963305e-09,0.5860623831411953,1.0471210968570124e-08,7.44383928655775e-05,6.509945531344331e-06,3.040319686395456e-06,7.996623093152934e-08,7.339141392453727e-05,3.2948502312913353e-07,0.0002735200229590191,0.0008370102973997851,0.04686483736772744,2.6618628245089144e-08,2.3173290000402212e-05,5.5410116930266664e-05,3.920367897739816e-07,0.001574378022290065,0.0006695012007050177
8,0.903949215566559,0.0009945591191903877,0.0012658362748951108,3.400215095360092e-08,0.00012147576947818749,0.0001972089034930811,2.090847604430871e-06,2.5559832812287477e-09,0.07283059211345602,9.877050501157776e-09,1.465671587367159e-05,1.5609171409801773e-06,1.0464623415757526e-06,1.4689694772617728e-08,2.5612623479391095e-06,3.1957559759292526e-08,1.8024688171364558e-05,0.00016041662574978926,0.018920373721531433,7.92659923546998e-09,1.699184122543864e-06,1.1274476769763987e-06,2.4832523858401496e-07,0.0013570316646417048,0.00016017338144867289
9,0.8150334885690652,0.0011978772069491672,0.001679856669542032,6.406064465881293e-08,0.00011983040784954026,0.0003233055669770205,2.574279760767544e-06,3.2468652118411224e-09,0.15185642692886253,1.4925618332167936e-08,1.7339737512146668e-05,2.854853058775272e-06,1.91462307447709e-06,1.6661396133040838e-08,5.081980107745264e-06,6.780063025830145e-08,3.1395364967215046e-05,0.0002833948699245001,0.02707509346533035,1.2562678231195489e-08,5.027041188623161e-06,2.941540071154172e-06,2.8436632586081243e-07,0.0021349152381023276,0.00022621803349796578
10,0.8109948630890447,0.0008134044655246342,0.0008516001737813262,2.7518510646904823e-08,0.00015878042926865705,0.00030453737574780154,1.8034238849064377e-06,3.329688338673506e-09,0.15110996391489395,7.3881131610722e-09,2.1753923868937394e-05,1.892218905849466e-06,1.7608967847358875e-06,1.5652421337880363e-08,8.043226417750087e-06,6.600487485321443e-08,4.703403889387673e-05,0.0003291150487335481,0.03379865674396876,8.817863498770023e-09,3.4937203059105638e-06,3.964383312112578e-06,1.4858555044115836e-07,0.0013392675074800921,0.0002097881221600314
11,0.8127062285683134,0.0008083692789069907,0.0008472468844065561,2.845078534523298e-08,0.00016082624744275217,0.0002975157624268959,1.810237600194094e-06,3.360323683027097e-09,0.14940484664724707,7.493355921294783e-09,2.145942176123146e-05,2.031855980486245e-06,2.0554840799257363e-06,1.607346941016831e-08,7.751806642339874e-06,6.676275872026869e-08,5.0100388481648697e-05,0.0003291150064268489,0.0337496520865916,9.670789331504297e-09,3.577434779317749e-06,3.985736198679231e-06,1.5449602959790312e-07,0.0013914028399313696,0.00021173800527049376
12,0.9176183836639892,0.0010228492060218805,0.00022431860925202856,2.0159452472141492e-08,0.0002795302081321734,0.000257897946045719,7.87552379025064e-07,6.666507702205112e-10,0.0711732078058274,7.274722360383748e-09,7.285407445789705e-06,6.8949751363815e-07,1.618772360471915e-06,5.348975789741936e-08,2.5749914536754174e-06,1.8347397730560927e-08,0.00016919159921467193,0.0005924616444967949,0.007675323846541702,1.1230147189948868e-08,2.7710621901440865e-06,2.0767069300779066e-06,1.5628770466544628e-07,0.0003492405112181068,0.0006195235131544516
13,0.74317026171048,0.0011848872229777447,0.0012537918817626954,8.602737019613412e-08,0.0002932465881126901,0.0004124323994308534,4.204498666214672e-06,1.12269016075418e-08,0.20009490331741092,8.241067608728455e-09,0.000132578189620882,7.064201867644804e-06,2.993513432527352e-06,6.350969694509954e-08,1.672886988698213e-05,1.0599655242617095e-07,9.331943127192985e-05,0.0004562316970700608,0.04977799663259735,1.5886647772599955e-08,7.264703314418264e-06,1.2580385601659442e-05,5.781212698356352e-07,0.002752033474386688,0.0003266122726024541
14,0.8444186504450822,0.004163084129426896,0.00022884405230302237,2.5365844992724057e-08,0.00038573704922058994,0.0002508505639712089,2.6404240855520484e-06,3.4917113490113316e-09,0.08894065111558791,2.0680782954009104e-08,3.399417142614136e-05,1.0589497217602533e-06,5.57146727422387e-07,4.7113130039763884e-08,6.141250996304138e-06,4.975222149851718e-08,3.641545817222261e-05,0.00026751384669073335,0.05989935058587911,1.0682432628404204e-08,1.6187673454092004e-06,3.3399074552999145e-06,2.5771125645032385e-07,0.0011896996094717483,0.0001694377290562568
15,0.8109948630890447,0.0008134044655246342,0.0008516001737813262,2.7518510646904823e-08,0.00015878042926865705,0.00030453737574780154,1.8034238849064377e-06,3.329688338673506e-09,0.15110996391489395,7.3881131610722e-09,2.1753923868937394e-05,1.892218905849466e-06,1.7608967847358875e-06,1.5652421337880363e-08,8.043226417750087e-06,6.600487485321443e-08,4.703403889387673e-05,0.0003291150487335481,0.03379865674396876,8.817863498770023e-09,3.4937203059105638e-06,3.964383312112578e-06,1.4858555044115836e-07,0.0013392675074800921,0.0002097881221600314
16,0.7958282045121087,0.000960081072115474,0.0008240599304576447,3.3334646089819155e-08,0.0001570014146028859,0.0002872051242758854,2.3590417986311577e-06,4.221466479679138e-09,0.1603489831071275,1.0513129571135034e-08,2.217906668104951e-05,2.7564189458684154e-06,1.9429855141236453e-06,1.9872004157741658e-08,9.999100308466928e-06,7.913892088187383e-08,5.481529708698629e-05,0.00041074759983382653,0.03948493414890103,1.0024999597082622e-08,5.336334286875481e-06,6.25700384991155e-06,1.7044627597285835e-07,0.0013336613355817064,0.00025914895508079316
17,0.8134278819685711,0.0009053980516081136,0.0008178503317499386,3.4740954721493604e-08,0.0001939921482871584,0.0002978803305473169,2.127876636850698e-06,3.9004018516914785e-09,0.14892197561871698,8.346827163865733e-09,2.6706413541947947e-05,2.4739880605148553e-06,2.216079862447405e-06,2.242932600375875e-08,8.4869013343037e-06,6.989556783751176e-08,6.676263481475219e-05,0.0003774711142570033,0.0332520104502775,1.14389115389905e-08,4.300420220059138e-06,5.24372263907525e-06,2.121952348292632e-07,0.0014249152159657187,0.0002619437856852247
18,0.8737311816252635,0.0006883950778428271,0.0005425916695681204,2.310851429511233e-08,0.00018555486496937484,0.00020940789825915618,1.8370578567263383e-06,1.9353749738712277e-09,0.10535232876983733,8.448128630081192e-09,1.310235240097046e-05,2.018955803340387e-06,2.302321977532576e-06,2.3542121224907023e-08,6.7460436847588246e-06,4.0960021678964214e-08,9.19811124682827e-05,0.0005551240534675733,0.017421422386827447,1.0076405828421483e-08,4.4988242575736686e-06,4.683280763967278e-06,1.529329981674243e-07,0.0007197588703622061,0.00046680383082442847
19,0.7620238929543934,0.0010081563290453542,0.0012011811007888672,4.611449805716952e-08,0.00015379879400687616,0.0002356566239512637,3.638301617050312e-06,5.2040311302982765e-09,0.1986329015520789,1.0283550215629259e-08,2.3098955449544075e-05,4.54600202517518e-06,2.4005531367799477e-06,1.8881743645344894e-08,1.1468722857654457e-05,9.159698806153859e-08,4.685875825387294e-05,0.0003531600756389762,0.03465659341414905,1.0157749976675064e-08,5.800910470636533e-06,6.936797824413108e-06,1.8171644295867575e-07,0.0013470546346807132,0.00028249156462736787
20,0.7171526306582298,0.0008974034322695127,0.0011477203331596887,4.450183523881923e-08,0.00016310825258291975,0.00033182813595096673,3.0909132793914752e-06,9.205587619826954e-09,0.22550252175466248,9.387111790584618e-09,4.067344014633456e-05,4.102956392455474e-06,2.1150360581896285e-06,2.1317961263671278e-08,2.6014012140942072e-05,1.3798921032274737e-07,6.092064136205172e-05,0.000465780914726847,0.05245988461461506,1.1175482402301733e-08,6.259357534185864e-06,1.2704646856094044e-05,1.735020386748219e-07,0.0014472684121062428,0.0002755654086996582
21,0.7973533624415838,0.0008946009379506885,0.0007694509887606019,3.6949441274730875e-08,0.00011205948223803242,0.0002503497862868816,1.9590153726874224e-06,4.920127637633139e-09,0.1660866814818926,9.555585063711034e-09,1.740085644757876e-05,2.59201096474588e-06,1.6639649914973507e-06,2.1125158767633647e-08,6.317736289251132e-06,9.668304147950597e-08,3.105783296270325e-05,0.0003908195328105784,0.032669662521478085,8.785522294464286e-09,3.514518312158456e-06,4.186442399951529e-06,1.0330251494811306e-07,0.0012513152902652327,0.00015272383760133278
22,0.875919208540417,0.0004277872513939734,0.0006202554643756318,1.6547737318097525e-08,0.00010923551469279298,0.00025673301525686287,8.824566447252693e-07,2.327165749302544e-09,0.0981031298337037,5.030092999159049e-09,1.6793845326379963e-05,8.961616805088719e-07,1.2323728621692476e-06,1.066375364134732e-08,5.720081873967679e-06,4.4262165093791024e-08,5.73057213731727e-05,0.0004864081549776011,0.022874086913046283,6.099887767276869e-09,2.37221702638273e-06,3.529916446561508e-06,8.140444011961224e-08,0.0009444134368243556,0.00016984276683515822
23,0.8109948630890447,0.0008134044655246342,0.0008516001737813262,2.7518510646904823e-08,0.00015878042926865705,0.00030453737574780154,1.8034238849064377e-06,3.329688338673506e-09,0.15110996391489395,7.3881131610722e-09,2.1753923868937394e-05,1.892218905849466e-06,1.7608967847358875e-06,1.5652421337880363e-08,8.043226417750087e-06,6.600487485321443e-08,4.703403889387673e-05,0.0003291150487335481,0.03379865674396876,8.817863498770023e-09,3.4937203059105638e-06,3.964383312112578e-06,1.4858555044115836e-07,0.0013392675074800921,0.0002097881221600314
24,0.8369190102909329,0.0011443318744643212,0.0006061868201184416,3.418984342827866e-08,0.00013797759707613304,0.0002680174966929975,1.4498926589825323e-06,2.9914600062747145e-09,0.12606074338278248,8.863047458111115e-09,1.9074608089640776e-05,1.8461413537302978e-06,1.5761005952839491e-06,2.2693155365734053e-08,5.0467167601863635e-06,5.785430657743569e-08,4.66524486861244e-05,0.0003336866587030137,0.03289797010576595,9.848004421645574e-09,2.887693396635758e-06,3.6729063096760817e-06,1.6529692799594642e-07,0.0013716985721393773,0.00017786895672909438
25,0.7494520091626834,0.001283532378775889,0.0010886319382962981,8.091057297090995e-08,0.00027092147978939715,0.00045634070108347856,3.766056985385075e-06,1.6994000800142096e-08,0.18048162330564949,1.0284867941634287e-08,0.00012343576251756824,4.230133031887103e-06,1.8460715929990439e-06,5.9467532441994944e-08,1.2290371862635571e-05,1.3994589771517488e-07,7.023385072046956e-05,0.00043420564517209653,0.06338426191502845,1.4455584950301462e-08,5.289624683443038e-06,1.0074500634651396e-05,4.37088624864023e-07,0.002743602184294883,0.00017294577011618085
26,0.2543820452777346,0.005685711865157205,0.0011438720557199458,2.181923585012472e-07,0.0006989772291313016,0.000415745087507677,8.778007458185065e-05,1.8709710166983423e-07,0.6343498819378421,5.71603578649482e-08,0.0001439068878142447,6.274315658791708e-05,1.6526665299158248e-06,5.490298492386354e-07,0.0015994742655160168,1.323716564936139e-06,0.00010156491356931414,0.0006383905464587544,0.0970305459204536,2.2105469842935934e-08,4.19838826692982e-05,0.00024915001203528467,3.7401441202319374e-07,0.0001983937302968406,0.0031654491742798877
27,0.7597577460162956,0.0008633851688292393,0.0008494943709938391,3.429149833393459e-08,0.00015465546669828537,0.0003396081056818716,1.9280335233983877e-06,4.582309421199672e-09,0.1930294632378732,7.788129103488654e-09,2.89146953481572e-05,2.4266417227005036e-06,1.8681976406826447e-06,1.809197067018911e-08,1.2483681226236957e-05,9.266797841044912e-08,5.637109467608953e-05,0.0004046630154650931,0.04273445484717854,9.642596454033388e-09,4.484985974121212e-06,7.112035086264069e-06,1.545942520223754e-07,0.0015343502628096296,0.00021626848424264797
28,0.8109948630890447,0.0008134044655246342,0.0008516001737813262,2.7518510646904823e-08,0.00015878042926865705,0.00030453737574780154,1.8034238849064377e-06,3.329688338673506e-09,0.15110996391489395,7.3881131610722e-09,2.1753923868937394e-05,1.892218905849466e-06,1.7608967847358875e-06,1.5652421337880363e-08,8.043226417750087e-06,6.600487485321443e-08,4.703403889387673e-05,0.0003291150487335481,0.03379865674396876,8.817863498770023e-09,3.4937203059105638e-06,3.964383312112578e-06,1.4858555044115836e-07,0.0013392675074800921,0.0002097881221600314
29,0.8109948630890447,0.0008134044655246342,0.0008516001737813262,2.7518510646904823e-08,0.00015878042926865705,0.00030453737574780154,1.8034238849064377e-06,3.329688338673506e-09,0.15110996391489395,7.3881131610722e-09,2.1753923868937394e-05,1.892218905849466e-06,1.7608967847358875e-06,1.5652421337880363e-08,8.043226417750087e-06,6.600487485321443e-08,4.703403889387673e-05,0.0003291150487335481,0.03379865674396876,8.817863498770023e-09,3.4937203059105638e-06,3.964383312112578e-06,1.4858555044115836e-07,0.0013392675074800921,0.0002097881221600314
30,0.8109948630890447,0.0008134044655246342,0.0008516001737813262,2.7518510646904823e-08,0.00015878042926865705,0.00030453737574780154,1.8034238849064377e-06,3.329688338673506e-09,0.15110996391489395,7.3881131610722e-09,2.1753923868937394e-05,1.892218905849466e-06,1.7608967847358875e-06,1.5652421337880363e-08,8.043226417750087e-06,6.600487485321443e-08,4.703403889387673e-05,0.0003291150487335481,0.03379865674396876,8.817863498770023e-09,3.4937203059105638e-06,3.964383312112578e-06,1.4858555044115836e-07,0.0013392675074800921,0.0002097881221600314
31,0.9050507843462886,0.0005900685865462873,0.0008959767669148333,1.6885301017898996e-08,8.306945749832815e-05,0.00016059738984052754,1.377488056247604e-06,3.0752477958909412e-09,0.06846897359044789,7.231022078607335e-09,1.0074685518378357e-05,1.0754730445418118e-06,9.781706750932145e-07,9.253773799528003e-09,2.9893656602071534e-06,3.2514999749621134e-08,2.1070046300331807e-05,0.0002242395668465727,0.023558622050800025,5.421911043087849e-09,1.6145012480291022e-06,1.464177274970523e-06,9.066488356780872e-08,0.0008086401529095167,0.00011821913699039367
32,0.8142029895543188,0.0007978390283167456,0.0007902725342105775,2.444285156870071e-08,0.0001442339049193747,0.000298931664997067,1.6413243688445403e-06,3.3007037773632144e-09,0.14386084006410732,7.162589400117358e-09,2.0845183862039703e-05,1.7704487099570274e-06,1.685835915398278e-06,1.4561153620593561e-08,7.727683475253462e-06,6.277143916824257e-08,4.506464468425573e-05,0.0003195359241971986,0.037980496938937854,8.114670237397692e-09,3.2695421082414184e-06,3.940572722822437e-06,1.341877849371193e-07,0.0013307986190023127,0.00018786198995302423
33,0.7415128085104977,0.0014343246513829147,0.000659254865548019,1.092170229267956e-07,0.0003220569116952873,0.0009258087952954422,2.022731463076096e-06,1.3589589261797667e-08,0.14344785718017553,2.350085223157648e-08,0.00010316111856659934,3.1070678115585103e-06,5.587210027915013e-06,9.236215163992267e-08,6.919448924758296e-06,2.351918280885441e-07,0.0003363854914423122,0.0007292487577685286,0.10463817640800092,4.2805923254015815e-08,8.57456123486039e-06,1.855095981722569e-05,9.632572550965459e-07,0.005656437665905263,0.00018823773981956562
34,0.6963540781367586,0.0043739322394679035,0.004146527092264842,3.878010203398953e-06,0.0025248860309240334,0.003703031115315484,4.187231375884854e-05,4.9889659531240416e-08,0.23743197539003627,6.508877185613165e-07,0.0003954434525183042,2.5227390610163325e-05,1.4816407817042799e-05,1.6943715277293142e-06,8.324751657268667e-05,1.4652599752563174e-06,0.002842368502588894,0.005325179172326972,0.02340811058971915,7.307439128910261e-07,0.0001672475701517737,0.00014536237046383434,4.3102390377453604e-05,0.007803067131009739,0.01116205602432072
35,0.899438095541607,0.00025796220784236504,0.0004439764067427993,9.28444338940234e-09,3.208776159935915e-05,6.602465788745526e-05,7.313054401413157e-07,1.4641922853682795e-09,0.08619999093532649,2.954769107555777e-09,3.7590528155617863e-06,9.54769368017062e-07,6.703434341421897e-07,3.5407032546550046e-09,1.8350907426244641e-06,2.0800344728359844e-08,1.2728050924959273e-05,0.00038279474805183477,0.012634759627587073,1.8331004303065871e-09,1.2817338213671887e-06,1.5057672108975755e-06,1.727698787359373e-08,0.00044441498061490364,7.636986444228273e-05
36,0.7758538153171807,0.0006749566524392827,0.0006637360550187288,2.4578552037573535e-08,0.00010917007214199389,0.00013999266596622997,2.3770626366662177e-06,8.94260101264128e-09,0.1678232141795727,5.283640696207104e-09,2.1918323207368996e-05,5.553079931837125e-06,2.995224036659043e-06,1.7139756673554834e-08,1.4622074917912861e-05,1.1718645600310933e-07,5.379067753336403e-05,0.00032081811221794853,0.0532566253967437,8.27906622433115e-09,3.371644414852099e-06,1.0381465040293328e-05,7.510002470232552e-08,0.0008558268920667862,0.00018657859483574136
37,0.8772589314296062,0.0005899949277843226,0.0007734757362273161,2.1184181655860335e-08,9.443354929712266e-05,0.00018831041532633636,1.3290630253154458e-06,2.0020697146366687e-09,0.09526997011967213,6.412633610821614e-09,1.3320525862680924e-05,1.3919796216533886e-06,1.3388301316775568e-06,9.294391918941734e-09,3.2761374248101104e-06,3.530835199213066e-08,3.0101346165396517e-05,0.0002931795240691426,0.02397314712765165,6.036068869519849e-09,2.242683544731057e-06,2.2634005268935454e-06,1.1722932017482843e-07,0.0013615740717735387,0.00014152166527119165
38,0.8598217671473086,0.0004834911277589989,0.0007841676373534853,9.815694145656838e-09,0.00013100903444513364,0.0003279026382747649,1.3488673252114447e-06,1.9412073323546623e-09,0.1094564783225044,5.6698665436694885e-09,1.0766137193494897e-05,6.640220520660655e-07,9.323464209369734e-07,6.819283031898676e-09,6.555131843541396e-06,5.008563134614974e-08,1.7964860172129433e-05,0.0002142279150557037,0.027750586387997656,4.2487189131900205e-09,1.3465655224687201e-06,1.2653898032738463e-06,5.761961930187834e-08,0.0008493191970580059,0.00014007107188961177
39,0.7564700261270958,0.00039608816554501515,0.0016215061345384713,2.905133577070068e-08,0.0001320646334256041,0.0007653866444608844,1.6121999988662608e-06,6.1905056389239335e-09,0.1789894601576423,9.621893736450295e-09,2.3361952671419334e-05,1.6655412766507957e-06,3.573424867333956e-06,9.885101824631553e-09,1.173334032896691e-05,1.4088602572282723e-07,9.001406896121705e-05,0.0004896608452020888,0.05882639374996968,1.1177128030201712e-08,8.210881978695035e-06,5.63679786286142e-06,1.346545704381109e-07,0.0019678742497255385,0.00019538961788739494
40,0.8151947086500723,0.0008093559000600716,0.001146568150624559,2.152438879166246e-08,0.0001760488407928477,0.00023655842341634538,2.8551266453011206e-06,3.440927149543199e-09,0.1560227972341081,6.382002273931069e-09,1.6911901788220928e-05,2.2746376939720407e-06,1.5436827493896082e-06,1.512430364443387e-08,1.2014402074986802e-05,5.224116206427517e-08,3.067852957810793e-05,0.0002447047659949508,0.02504535017553983,6.9326471022584065e-09,2.7667728465841363e-06,3.089005334614002e-06,1.1603768431881823e-07,0.0007545488891917243,0.0002970032283729545
41,0.8111467856170884,0.0007411474209630102,0.0008245501929047513,2.3055074739946086e-08,0.0001697285749355557,0.00027925168583423034,1.726771534004755e-06,2.9601851044110634e-09,0.15661305325410443,5.993609426009107e-09,1.915696513067842e-05,1.6520143787393834e-06,1.6805475324120526e-06,1.3189207559624687e-08,8.165539704422421e-06,6.395237551862751e-08,4.004417967978924e-05,0.0002918246169196261,0.02851341332398195,7.97655614669458e-09,2.8722379266015894e-06,3.138800338668968e-06,1.1768426431544047e-07,0.0011421590283401757,0.00019941441742977222
42,0.6472652600220871,0.0007254895544709133,0.001215255798710711,4.584173412599268e-08,9.282426537483675e-05,0.00048126647884884214,2.0731335041619807e-06,1.1655084399862173e-08,0.22711675175724985,1.2892194548440783e-08,3.470878485282751e-05,4.131073113496972e-06,3.2859885975590705e-06,1.3273954994236708e-08,1.9029848016294403e-05,2.39787739302845e-07,7.382770057624858e-05,0.00046581666355439386,0.11960166096986369,1.3252511620728719e-08,9.053402596792248e-06,1.6234514654187862e-05,1.5956929594136584e-07,0.0027210515497680813,0.00015178222164509983
43,0.8306618613458808,0.0007379245128992817,0.0007626158098500071,2.3152374634991323e-08,0.00015586613552302377,0.00021229128380873062,1.6591730713231517e-06,2.596818956748178e-09,0.14119922517663838,4.119006324362151e-09,2.1598530809738136e-05,1.9042228837270668e-06,1.4825931093167108e-06,1.3757931704353815e-08,6.974407812271583e-06,4.557777508124059e-08,3.5367593159161615e-05,0.00024691875440331103,0.02468900401396561,6.3728248452753725e-09,2.1961656840368894e-06,2.797031288522794e-06,1.1845731374817902e-07,0.001066052646170536,0.00019404656899694626
44,0.8109948630890447,0.0008134044655246342,0.0008516001737813262,2.7518510646904823e-08,0.00015878042926865705,0.00030453737574780154,1.8034238849064377e-06,3.329688338673506e-09,0.15110996391489395,7.3881131610722e-09,2.1753923868937394e-05,1.892218905849466e-06,1.7608967847358875e-06,1.5652421337880363e-08,8.043226417750087e-06,6.600487485321443e-08,4.703403889387673e-05,0.0003291150487335481,0.03379865674396876,8.817863498770023e-09,3.4937203059105638e-06,3.964383312112578e-06,1.4858555044115836e-07,0.0013392675074800921,0.0002097881221600314
45,0.7095114174742355,0.0005320025717889561,0.0013578299198593973,2.7658647581258943e-08,0.00016563471413855646,0.00045514717625658256,2.4014926320213763e-06,9.458273350055034e-09,0.22943357307571896,6.10250518816684e-09,4.2618131796520194e-05,2.0631751772519902e-06,1.8149278903267323e-06,9.950872972066746e-09,2.806198699936512e-05,2.01079245176161e-07,3.466909581037858e-05,0.0003172782075203606,0.05629550179647723,8.697471175937787e-09,2.9256410606831836e-06,6.043666066420712e-06,9.389240767377851e-08,0.0016591189869113094,0.0001515411202370052
46,0.8088598151658406,0.0008097039543902232,0.0008581351542824358,2.9559506259349583e-08,0.00016141811052573725,0.0003251726307999014,1.7589574138763238e-06,3.4855769521807315e-09,0.15130874052514143,7.593675818774946e-09,2.3273399866518744e-05,1.9549845833323817e-06,1.9477752898887894e-06,1.648122468450047e-08,8.23225610280852e-06,6.992743882609407e-08,5.528382027100098e-05,0.00034724486784835863,0.03557311192749374,9.653843754869103e-09,3.782356291392996e-06,4.428024791802185e-06,1.6204838960894935e-07,0.0014400636155064675,0.0002156337239047605
47,0.8234955958152809,0.0006651553334168488,0.0007432232055132957,2.24888446854522e-08,0.00012642906710620276,0.00023120537758462178,1.5960495492001572e-06,2.6770757023773732e-09,0.14217804407083656,6.71757906412954e-09,1.4494066082357997e-05,2.0297439166724733e-06,2.045917680922693e-06,1.1731193117093306e-08,7.135296681377252e-06,6.525955968033029e-08,4.704867798583891e-05,0.00032873431464583105,0.030783686944048427,8.119183103641694e-09,3.4586846195676152e-06,4.035023061784206e-06,1.0811952794602259e-07,0.0011574960989894135,0.00020836120003664567
48,0.754648057080513,0.0014914145660613585,0.0005034827353778991,2.316053077943484e-08,0.00012107260150167885,0.0004927590011081603,1.0433705038680551e-06,3.3790793686209606e-09,0.10892628442180369,1.1776192865677204e-08,2.662050343972134e-05,1.187559544080472e-06,1.5812968868115365e-06,1.71609267686531e-08,4.167511438553755e-06,6.430199394012056e-08,6.005124330623969e-05,0.0002265918940511149,0.13066484723520527,9.633469697428413e-09,2.8169569136352685e-06,4.356738942022768e-06,2.0763826229529667e-07,0.002730574923893331,9.275330905382162e-05
49,0.8085943556184605,0.0008207563094643937,0.0011972748564088049,4.1256869193983646e-08,0.00013091178175464297,0.0003375013848645641,2.0980724506075654e-06,3.840566118185263e-09,0.15376995749701566,9.500000677244676e-09,2.3370160459958205e-05,2.649707897528951e-06,2.114783403853486e-06,1.823559502486536e-08,8.12212012160764e-06,6.910369603224066e-08,4.911082813216488e-05,0.00037680457107116996,0.03278167746238144,1.008856413932406e-08,4.568660556755797e-06,4.8062928581455755e-06,2.028595380971984e-07,0.0016466146407454543,0.0002469503671232999
50,0.864503401538407,0.0009200361253511544,0.0008892053233287263,2.4400333927923883e-08,0.0001865861021821126,0.00022475755787479407,3.4445527630121116e-06,4.541210850442775e-09,0.09892414534399557,1.3208672322435033e-08,1.888288833580467e-05,2.3588202602202286e-06,1.6148626139338811e-06,2.1156533570284634e-08,8.46752639672389e-06,5.863672418132233e-08,4.0767098117117165e-05,0.000314289471449138,0.032718073362231606,9.195433086552645e-09,3.3132884765691166e-06,3.850033881270799e-06,1.9133477363581568e-07,0.0009322889842045015,0.00030419464644896693
51,0.8220296686980587,0.0015931820035849193,0.0006153700871777196,4.227913037095024e-08,8.697548919111883e-05,0.00017295109850638024,1.6085681162895859e-06,4.5296815155978976e-09,0.13531864428085913,7.710309126541807e-09,2.025198022192043e-05,2.3223572960128614e-06,7.995738478733161e-07,2.2849006884953868e-08,6.524493989871756e-06,4.27177921453725e-08,3.526999643528539e-05,0.0003342432415100489,0.03862911111700521,6.492108539173338e-09,2.5502279522685818e-06,5.806488315370919e-06,1.2294654505060144e-07,0.0009932925085972153,0.00015117826476071183
52,0.8158950656248819,0.0007063794531216934,0.0008037996301519812,2.3617337410411382e-08,0.00015021291040180686,0.0003189293073048697,1.5848519646975105e-06,3.1694732945192365e-09,0.14785423624311406,6.841572409124538e-09,2.10865989235839e-05,1.562848086269875e-06,1.5827540796040504e-06,1.4520291264063653e-08,8.230801548814414e-06,6.567807719229829e-08,4.364071421824463e-05,0.00035492210428570613,0.03238891350291929,7.877563462942043e-09,3.0374624174813545e-06,3.713152292629073e-06,1.2236917661066306e-07,0.0012466082481491642,0.00019624971864668322
53,0.7467632015937844,0.0010955051433313848,0.0015312809308867701,5.112733522550104e-08,0.00044947451038661497,0.00028492461279353254,1.0366964501497407e-05,9.075727348884245e-09,0.21394241460858585,1.3107183015899629e-08,5.44988101590507e-05,6.15970483844192e-06,2.6854228136493797e-06,3.025733169478328e-08,2.4999221048754227e-05,1.221014169016119e-07,4.938840685161461e-05,0.00034060969108678206,0.03336727202544659,1.4242213149471993e-08,6.471071278767476e-06,7.638048228402543e-06,4.0654023958612944e-07,0.001556758611240482,0.0005057041712904455
54,0.8289044294226227,0.0008659927779793046,0.0007612110213385358,2.4535435420727142e-08,0.00015696865073009343,0.00026702660300230435,1.7629893636454107e-06,2.830280783396498e-09,0.13833384417524144,7.4072880502137465e-09,1.7669023210098516e-05,1.727621278831766e-06,1.5025070629059725e-06,1.5822199172414792e-08,7.885226299116986e-06,5.734493856086662e-08,4.140595743775126e-05,0.00030908046382339423,0.029031700735204287,8.162295427596655e-09,2.9198752162692892e-06,3.4372227269182586e-06,1.3271589403428919e-07,0.00106206228127116,0.00022912462785965447
55,0.7610988205198532,0.0003571560909369694,0.0006073715284788437,1.69284476038852e-08,6.068694709627013e-05,9.064661391499203e-05,1.3935683548108393e-06,1.5302088025949459e-09,0.22096276725828334,2.3797502212983e-09,5.340024210933541e-06,2.858539836189902e-06,2.208178079264396e-06,4.258402948995176e-09,3.518194762489994e-06,4.181704371792175e-08,1.5410494524563497e-05,0.0002733391977832305,0.015563410214828328,3.391104533943727e-09,2.2405815041234085e-06,1.9652503771555038e-06,2.7363695546357498e-08,0.0008404971127239673,0.0001102720157980165
56,0.8129003337209169,0.0007972999575663453,0.0008485746774145054,2.8024567009431912e-08,0.00015647369245859173,0.00029766935500597224,1.8227386565771119e-06,3.3650068946069602e-09,0.14869921503480535,7.395391615588516e-09,2.155655093729288e-05,2.0712433186524246e-06,2.02628169389999e-06,1.617221956369771e-08,7.892328552186235e-06,6.522202977384405e-08,4.9547517459272546e-05,0.00032889721833113744,0.03429719728321757,9.23709078504795e-09,3.576499212982554e-06,4.067660117581608e-06,1.5218799340727156e-07,0.001366596797697138,0.00021489983833894894
57,0.7954779621828998,0.0008433018475737108,0.00079580184017244,3.079674440413124e-08,0.0001304483327528887,0.00021725880054434933,2.05750114698374e-06,4.023572007720415e-09,0.15672459174693026,8.72952531700675e-09,1.6651826551578592e-05,3.6892598057998356e-06,3.4355883912672204e-06,1.5485587590560256e-08,8.432212855928643e-06,8.052442121120037e-08,6.95050634510145e-05,0.0003391258165199469,0.04375455737656761,1.203594427224022e-08,4.958814421509e-06,6.740054927979853e-06,1.5230911275447504e-07,0.0013582968426277223,0.00024288098695161815
58,0.8184731184854404,0.0007237897526587824,0.0008221072402848364,2.6836388107824466e-08,0.00013763462168124213,0.00029057056431347776,1.5974211349505105e-06,3.0077778817039067e-09,0.1422518690734402,6.576435066051844e-09,2.1672505901996963e-05,1.8976750763408247e-06,1.8718645947348948e-06,1.3494561957198542e-08,6.037058527314311e-06,6.006284590323208e-08,4.074052279838738e-05,0.0003040446102477275,0.03507640224757533,8.20831729380995e-09,3.129625316720033e-06,3.3678441689662498e-06,1.4720127478129642e-07,0.0016724337431054759,0.00016744975613208613
59,0.8105716394307447,0.0007326392199912998,0.0009884494031932372,2.9549756167312315e-08,0.00013764887560276792,0.0003155261575579067,1.6873700981423546e-06,3.216503893580486e-09,0.15026134429477725,7.149730935096849e-09,2.282682751695991e-05,1.8896031900996278e-06,1.7891987053707438e-06,1.2915761359775072e-08,6.736949835414741e-06,6.475902890380745e-08,3.983683810412557e-05,0.000307924634462727,0.03465284980741583,8.751042677877042e-09,3.4622028383289385e-06,3.4998408825928365e-06,1.593262999134198e-07,0.0017773287115733654,0.00017263496538586073
60,0.8109948630890447,0.0008134044655246342,0.0008516001737813262,2.7518510646904823e-08,0.00015878042926865705,0.00030453737574780154,1.8034238849064377e-06,3.329688338673506e-09,0.15110996391489395,7.3881131610722e-09,2.1753923868937394e-05,1.892218905849466e-06,1.7608967847358875e-06,1.5652421337880363e-08,8.043226417750087e-06,6.600487485321443e-08,4.703403889387673e-05,0.0003291150487335481,0.03379865674396876,8.817863498770023e-09,3.4937203059105638e-06,3.964383312112578e-06,1.4858555044115836e-07,0.0013392675074800921,0.0002097881221600314
61,0.8148233315025998,0.0007414996692929409,0.0009544126485112937,2.8707892595056875e-08,0.00014194892342614832,0.00030019963581066656,1.7434319668356194e-06,3.2130566390097262e-09,0.14712032450087517,7.232394641485206e-09,2.2113947586283223e-05,1.9150000970432725e-06,1.8341645857404403e-06,1.3170580815345783e-08,6.83336235405486e-06,6.342380075231211e-08,3.998262167299216e-05,0.0003109137093247036,0.03366927888491605,8.835139489299136e-09,3.389383507957392e-06,3.465895471754812e-06,1.5602213274857762e-07,0.001677305972151311,0.00017922614085182605
62,0.8109948630890447,0.0008134044655246342,0.0008516001737813262,2.7518510646904823e-08,0.00015878042926865705,0.00030453737574780154,1.8034238849064377e-06,3.329688338673506e-09,0.15110996391489395,7.3881131610722e-09,2.1753923868937394e-05,1.892218905849466e-06,1.7608967847358875e-06,1.5652421337880363e-08,8.043226417750087e-06,6.600487485321443e-08,4.703403889387673e-05,0.0003291150487335481,0.03379865674396876,8.817863498770023e-09,3.4937203059105638e-06,3.964383312112578e-06,1.4858555044115836e-07,0.0013392675074800921,0.0002097881221600314
63,0.8202703902297281,0.00095407815964167,0.0007919590364003655,2.7594149645187805e-08,0.00015621087649166218,0.000282915429665856,1.7348495749434595e-06,3.128272738542762e-09,0.1419067285091098,7.803006787909979e-09,2.003614642574138e-05,1.812926652477151e-06,1.5986257856883287e-06,1.6424921128793118e-08,7.549701951427778e-06,5.906381899574566e-08,4.568923198822623e-05,0.0003085258227762454,0.03378742596101362,8.918748558112665e-09,3.2827505846969947e-06,3.7873492689855954e-06,1.5167247901168945e-07,0.0012473549222207065,0.00020864486532292336
64,0.7908627631429996,0.0009145245869826422,0.0009520251101609949,3.573918710711709e-08,0.00016489768878711976,0.0003479771870524774,2.077551820740494e-06,3.680017567770775e-09,0.16844905682463637,9.833109239573824e-09,2.2106755242279534e-05,2.414616271932819e-06,2.2162424401962947e-06,1.9077724078996048e-08,8.991852476685802e-06,7.565262384631762e-08,5.899990356446839e-05,0.0003942944415828678,0.03603728154174341,1.1287440487990774e-08,5.486114918673262e-06,5.161187479767227e-06,1.8945171809309975e-07,0.001511823404358239,0.00025755712566125636
65,0.849032114437998,0.0021500610067415158,0.002693553124529373,1.0383344022493874e-07,0.00030648995465508227,0.0007413443107994218,8.823563542708192e-06,1.5241570138822467e-08,0.09491929097082813,9.213443031060948e-08,3.655013804838508e-05,3.398036474028985e-06,1.8530923431995702e-06,7.871465733847834e-08,1.862734793142869e-05,1.2435854866477667e-07,9.423420825017299e-05,0.0005820455813148552,0.047098842146655544,3.424394874641114e-08,1.4566221563021437e-05,8.382614212286003e-06,1.0662048417464693e-06,0.0014779691298633948,0.0008103393828122909
66,0.8785322382437716,0.00036340184580889055,0.0009929194618923352,1.416170874132463e-08,0.00017826455847798443,0.00042383549255441675,1.06307401394841e-06,1.5609686423385533e-09,0.09444906629720205,7.161769650074577e-09,1.4139257773788012e-05,6.96848708222515e-07,2.375018268526164e-06,7.135020125110702e-09,4.015281545153239e-06,4.636103466793424e-08,5.7989288370077305e-05,0.00034033252688893157,0.022748571367211756,1.0595284433134736e-08,3.2000067805380534e-06,1.58420333169637e-06,1.416189467011875e-07,0.0017008056784603614,0.00018527295420718383
67,0.7916883020573381,0.000759901924770251,0.0019057737448393594,2.0026352145992506e-07,0.0003215232733699665,0.0035774638081269693,1.4270176032434702e-06,5.633175354383619e-09,0.14739089110457518,3.077951434610164e-08,8.458148011481156e-05,2.3746874020817227e-06,1.1916078754109605e-05,1.1311422004165836e-07,6.5809773670970225e-06,1.8938865724813245e-07,0.00048203987882677955,0.0011583388455515414,0.043544255110492855,7.421119260149047e-08,1.8771272941164384e-05,7.735656215036828e-06,2.1092665987161016e-06,0.008483017554508894,0.0005523828703229149
68,0.833309066820222,0.000713921612198867,0.0010960458307935764,3.344189313121151e-08,9.474695647758303e-05,0.00024997201875363525,1.5778324148913e-06,2.8408906904382482e-09,0.1358348243012928,7.587166567984493e-09,1.5742996074737892e-05,2.0170552973308757e-06,1.5168725454369518e-06,1.2639603615176994e-08,4.224461374127162e-06,4.8210489582388594e-08,3.4840589092616666e-05,0.00033199292284403684,0.026663596170587684,7.029084711360754e-09,4.083096577550935e-06,3.1478615159338697e-06,1.4649209928171363e-07,0.0014717565832172933,0.0001666677774924429
69,0.7513814164228221,0.0011651642891955174,0.001511100935509222,6.031163526367038e-08,0.00023426706609338798,0.0005422533801042825,2.9626147664271738e-06,7.423390187752813e-09,0.180927879157861,1.174279557672552e-08,6.269653778084759e-05,3.051403354995345e-06,2.230725493431496e-06,2.391576980262274e-08,1.164023562602727e-05,1.1504216319638582e-07,5.389882481316662e-05,0.0003030261810851068,0.06001539565964973,1.6193247826116618e-08,6.295194697189845e-06,5.778186968859165e-06,4.6087414512545995e-07,0.0035744584819579718,0.00019578919907374878
70,0.8707506358896813,0.0004800994728323547,0.0008763446658046121,2.1030578230099828e-08,0.0001182835801813038,0.00016635499769955607,1.4929224702886486e-06,3.1960400751045884e-09,0.11239783500718692,4.8563595925764265e-09,1.1921431910265599e-05,1.4861306853505576e-06,1.487851451256974e-06,1.2046607799554076e-08,6.668896805048344e-06,5.35134288386366e-08,3.496701889732839e-05,0.00032565344848389463,0.014033637131644537,6.907798869153855e-09,1.7359677262475088e-06,2.508787589722071e-06,6.86705013008922e-08,0.0005818412331861318,0.00020687534444948779
71,0.8250776911470398,0.0009671172318297158,0.0007311190543829554,2.697699537831392e-08,0.00020291076155998038,0.00025167364221043067,1.9182751713450445e-06,2.885469492542451e-09,0.14161521429287563,8.073430220476592e-09,1.84514862569162e-05,1.9236231659187925e-06,2.0050455938077725e-06,1.652837737016143e-08,7.0071939349279905e-06,6.327895704654745e-08,4.777071696325337e-05,0.00028149739860403137,0.02925106027560892,1.173697172964453e-08,3.315723998312816e-06,3.263200804085898e-06,1.7479643748242316e-07,0.0013097408932095155,0.00022601576015167268
