,0,1,2,3,4,5,6,7,8,9,10,11,12,13,14,15,16,17,18,19,20,21,22,23,24
0,0.5893772245384673,0.020626928749030524,0.0004365691880470935,7.590759494535821e-06,0.0007291528536768717,0.00010083056405458858,0.003733345028414343,0.0001237439236977662,0.002826567202055256,2.266862492660649e-06,0.051176902943874635,0.0002998936188017278,7.238394697077046e-08,0.00013573973611070707,0.299147669719513,2.1963380785675463e-06,0.0001397384391759927,0.0002095177203353863,0.01062733256288024,4.292897661076982e-09,0.00043707729007681393,0.0038427962152429132,0.00010593380464245277,0.0018385623259595868,0.014072342939032435
1,0.48084611863618,0.02301284194804922,0.00044912145840640347,9.014153995304785e-06,0.000736259727097559,0.00010937458760324361,0.004153970270256306,0.0001881413108461842,0.005602066043983764,4.312599035760817e-06,0.03792329351466143,0.00022540711678569521,5.992895366508452e-08,0.0001400644630380838,0.3981754487166973,3.389527234279399e-06,0.00012210902951480216,0.00014694910699014903,0.020926599884210563,4.947619911951756e-09,0.000620727561360844,0.004200846350767771,8.236373077101112e-05,0.001494595627418304,0.020826919758522484
2,0.4416636372504512,0.015521741427974864,0.00014912365657278212,4.450570336932651e-06,0.0004044035592715233,7.523328334388422e-05,0.0023017934394846187,8.15769745640793e-05,0.0012157403793686963,1.700181031679181e-06,0.025772731363974653,0.0001874182649850565,2.8278909641984332e-08,9.598874127651493e-05,0.4819747316042986,2.3819621569937934e-06,0.00016897949220842802,0.0001332721692641084,0.008198509803742557,2.1677414979296793e-09,0.00047738828992642497,0.004787894967884102,0.00017370638461673764,0.0012082736757796529,0.015399292110834623
3,0.5836120567779489,0.023871562748010233,0.0003259356001946878,8.495671711878542e-06,0.0006934894587848226,8.41178861721556e-05,0.0032255756919612228,0.0001360308272004109,0.0020594363666667807,2.6476256457289333e-06,0.04116871932498816,0.00028046701873908966,5.644688985532984e-08,0.00013527397996424798,0.3081365271376313,1.9990683051873003e-06,0.0001866304987550702,0.00024356349975739053,0.010423740172948793,3.403488482843445e-09,0.000568114028044917,0.0045117115942001716,0.00012303870227153886,0.0019700623800726256,0.01823074408964637
4,0.5785462768470657,0.02665219751660352,0.0003978408803727469,9.447648460543715e-06,0.0008450262093558926,9.832809354800347e-05,0.0035146869156707184,0.00013079121065345386,0.0022298881377312793,2.8727373251188207e-06,0.04472828670930655,0.00030827274385497827,7.883738249616427e-08,0.000169595046601738,0.3073017899153167,2.099974848056937e-06,0.00018690488007579395,0.0002651430269965563,0.009946141700130992,3.988366263625223e-09,0.0005443656962170693,0.004692672071150241,0.00013172200530599872,0.0021665000238328927,0.01712906718382675
5,0.6073573080675374,0.027049858506241795,0.0003367469032118428,1.1844858285459906e-05,0.000870146607625405,9.343154219680097e-05,0.0033289834616700444,0.00015988967141716175,0.0018064215713729584,3.201718259083845e-06,0.04720919156471827,0.0003074802532747654,6.652942296905635e-08,0.00015211033779172716,0.27355303256852403,1.928772557406702e-06,0.00022795031435866557,0.0003668721066557711,0.009707119635003834,3.686791246641544e-09,0.0007063437865709335,0.004492304364653259,0.00015120309876035393,0.0025560373948545654,0.019550522678244097
6,0.5836120567779489,0.023871562748010233,0.0003259356001946878,8.495671711878542e-06,0.0006934894587848226,8.41178861721556e-05,0.0032255756919612228,0.0001360308272004109,0.0020594363666667807,2.6476256457289333e-06,0.04116871932498816,0.00028046701873908966,5.644688985532984e-08,0.00013527397996424798,0.3081365271376313,1.9990683051873003e-06,0.0001866304987550702,0.00024356349975739053,0.010423740172948793,3.403488482843445e-09,0.000568114028044917,0.0045117115942001716,0.00012303870227153886,0.0019700623800726256,0.01823074408964637
7,0.6237025389376583,0.031489954275615156,0.00043731085192758875,8.117915034164947e-06,0.0005306497772127205,6.865704094934692e-05,0.004389625912496391,0.00011862629364297444,0.002604738565096383,2.1832778657568557e-06,0.05499717198782252,0.0002465552657078758,9.622683181529482e-08,0.0001197821624197575,0.25153923845752413,1.2594343943651197e-06,0.0001574284040763825,0.00026011800948212574,0.007784964618849013,4.408261067468498e-09,0.0003580820056072199,0.0034332907199267067,8.14779351336488e-05,0.002543146804176913,0.015124980712287581
8,0.6431750950347878,0.020409208316842457,0.0003258436399236235,9.04105440894067e-06,0.0005817854470600809,3.7390448390444037e-05,0.0027945025845357014,0.00015290808790162762,0.0013583828766980683,3.093028590566905e-06,0.01375094419544493,0.00017519173445484945,4.553099551039779e-08,0.00010431418878539512,0.2726929154425697,2.1331323763155635e-06,0.00023987885529204957,0.00014521772872459074,0.006927943328864119,2.1024052814153586e-09,0.00047150762554645933,0.00273562594781131,0.00012798196304988866,0.0034744702062122304,0.03030457749832821
9,0.6514370179676433,0.035113674041666154,0.0007934759943132416,1.1545990577797405e-05,0.000777208260881467,3.134659397053169e-05,0.0035364868153070685,0.00018193317160293293,0.002983282533766652,3.2774985354388226e-06,0.020964398027377335,0.00018347388454994492,1.1507136999488987e-07,0.00010191331637418901,0.23685033077299195,1.193625272754569e-06,0.00024836012501683666,0.00017042313087968754,0.0061155231755274765,3.173250810291337e-09,0.0003393766540551959,0.002027918797376472,6.688911642933514e-05,0.006771376034359881,0.03128945622690355
10,0.5836120567779489,0.023871562748010233,0.0003259356001946878,8.495671711878542e-06,0.0006934894587848226,8.41178861721556e-05,0.0032255756919612228,0.0001360308272004109,0.0020594363666667807,2.6476256457289333e-06,0.04116871932498816,0.00028046701873908966,5.644688985532984e-08,0.00013527397996424798,0.3081365271376313,1.9990683051873003e-06,0.0001866304987550702,0.00024356349975739053,0.010423740172948793,3.403488482843445e-09,0.000568114028044917,0.0045117115942001716,0.00012303870227153886,0.0019700623800726256,0.01823074408964637
11,0.5925114142604525,0.025068273466848236,0.00034429712017008745,8.76042259347832e-06,0.0007055971800639141,8.64423940012487e-05,0.0033269125470135707,0.00013357604009658425,0.002076755461575272,2.670737411890248e-06,0.042596589128703045,0.0002919306656947422,6.56635833549838e-08,0.00014253185005901306,0.29732353025164204,1.9586358125487427e-06,0.00019044407272272333,0.0002599284489403853,0.009866262408444152,3.697506437494408e-09,0.0005415348882858613,0.004544829900131689,0.0001247826173598014,0.002069676364424334,0.017781231776463
12,0.7325539537412507,0.022526724032270743,0.00019502387323906898,9.453411138951356e-06,0.0015950085999010858,0.000122886983355396,0.0015449218914003401,8.109021505554615e-05,0.0002152640888712679,2.1222317873923503e-06,0.034454756674906654,0.0008737935243188261,6.378738428033833e-08,0.000363378786866197,0.17226310940448844,2.2940500811666807e-06,0.0005266545380864675,0.0008916877909141201,0.004261682395943128,2.2645642761055964e-09,0.0008458123078033401,0.012573944324761428,0.0005803958079842511,0.0022361663830992194,0.011279808890527656
13,0.5710487582469749,0.01843403290706326,0.0003853100635738891,7.136974616992414e-06,0.0006189212389130569,6.91604754233511e-05,0.0027261610514366227,0.00011999967732038514,0.0019807351866880803,1.3937992223534332e-06,0.06366654798677819,0.0004929395491093256,5.3329422331025594e-08,0.0001426135779239596,0.3081612325547548,1.4304209323308483e-06,0.0002025514715647683,0.00021848766297577628,0.00966055807932273,3.619132970930177e-09,0.0005779238722720827,0.005039354404628664,0.00010639781935771578,0.0013735199101535995,0.014964776120437687
14,0.13915360845820265,0.44303238566462366,0.000546129512106162,2.4119571873102788e-05,0.00390736466481321,0.00018161563131372194,0.004036603583805729,0.0003345276856370508,0.011455081655507227,4.122085169424298e-05,0.0860923177943748,4.872191347468119e-05,3.944911778559491e-07,0.00012291578191724642,0.2679655351604474,7.575507872419277e-07,0.00014951732700914716,0.0005874708870891311,0.01631781901702699,5.351905291821965e-09,0.0008001443237040137,0.004689218720605832,3.9442068227135644e-05,0.010253240849215903,0.010219841483460584
15,0.5836120567779489,0.023871562748010233,0.0003259356001946878,8.495671711878542e-06,0.0006934894587848226,8.41178861721556e-05,0.0032255756919612228,0.0001360308272004109,0.0020594363666667807,2.6476256457289333e-06,0.04116871932498816,0.00028046701873908966,5.644688985532984e-08,0.00013527397996424798,0.3081365271376313,1.9990683051873003e-06,0.0001866304987550702,0.00024356349975739053,0.010423740172948793,3.403488482843445e-09,0.000568114028044917,0.0045117115942001716,0.00012303870227153886,0.0019700623800726256,0.01823074408964637
16,0.6035015383691513,0.02368470327590063,0.00027044240749437973,9.126659334167565e-06,0.0006298282490564937,9.658181492520787e-05,0.003394297832671395,0.0001534728720071349,0.001806589383296808,3.4698405265880955e-06,0.04174140647795268,0.00029021384132842066,4.709219869978258e-08,0.00013172686711283908,0.28626983293846825,2.457209611361695e-06,0.00019780306686470974,0.00031910758437460503,0.011088295834283302,3.678968220039301e-09,0.0008081842684165704,0.005210442206980597,0.0001322072991739847,0.0018909073051823805,0.018367313624719384
17,0.618935807221756,0.022447879529737348,0.00034068471568758873,9.715292315733098e-06,0.0007350753181749624,8.805459564325303e-05,0.0032812549675659856,0.00013522455023593717,0.0017985374070665144,2.610550878611309e-06,0.041597157444752966,0.0003239124141888377,5.953098269567236e-08,0.00015936545067693318,0.27398882044058204,2.0917294345366242e-06,0.0001913288169387329,0.00027600202038726974,0.009668801598601432,3.593843199171299e-09,0.0005971514107084679,0.004408600651673874,0.00014008934991430321,0.0019501984013167376,0.018921572996936174
18,0.7934166757136548,0.01683959729983086,0.00022014843061323496,5.194565366214889e-06,0.0002994714115466853,2.5284124154435875e-05,0.0021011321738955394,9.659189599632749e-05,0.0006439444013989336,1.4619935203757393e-06,0.017432762805063954,0.0003380066702962695,3.89769428696765e-08,8.373365830408456e-05,0.13753866186310798,1.000095031738819e-06,0.0002936193825814635,0.00028845357105145215,0.004671238579812478,1.843370296743007e-09,0.0003873670095627655,0.004381572784778773,8.706087250163439e-05,0.002266482035381478,0.018580497842235366
19,0.5468440609202514,0.035746769395921196,0.0008282751794163126,1.376054849535436e-05,0.0015036756689807377,0.00010517371017642299,0.0035267142397637694,0.00021932417797956247,0.004463110781724927,4.345108440509127e-06,0.052417959754902696,0.0004916869865693085,1.3049068473031791e-07,0.00023681653882424715,0.3080515108977711,1.9765954751753164e-06,0.00023342046909546494,0.0002871289249558712,0.01358198104169633,6.046314652124089e-09,0.0006316283286376473,0.006680028407356669,9.515230299554181e-05,0.002634217124748894,0.021401146358821604
20,0.4489832518545529,0.02724568416379639,0.0002837692165159809,7.723327537632342e-06,0.0008530320304809797,7.073575903236786e-05,0.0023707793573486276,0.0002246769847258978,0.0022634467895056255,3.5759036678162787e-06,0.032644307310536094,0.000294143561597824,4.6426141623987206e-08,0.00011838922613407981,0.44019223279184316,1.9835298509276224e-06,0.00031251683718619736,0.00022010290532863995,0.01352306600515999,3.2762343706727234e-09,0.0007858926715810302,0.00953604322667432,0.00012687139968924226,0.00214839560161429,0.017789329843263965
21,0.7584078269047286,0.013157329524244565,0.0003288354911656364,8.004773055451618e-06,0.0004484642917941413,8.059624595606876e-05,0.003924615487495991,8.871939020996813e-05,0.0010929029235443016,1.8940840508852195e-06,0.035011319418008516,0.00042356551932089243,6.422686177194633e-08,0.00015557070135295022,0.16147504589104597,2.638715773740623e-06,0.00013133227082668566,0.0002696403731546071,0.006273072633571797,4.0840489693229055e-09,0.0004548784312057379,0.0027542187140533326,0.00013185145041071702,0.0015175389670214231,0.013860069487097327
22,0.6531318166925146,0.018544455380082047,0.00029473030249738586,8.196300946578947e-06,0.0005648196288963344,8.841817199058024e-05,0.003052620073437075,0.00013758771596832903,0.0013535940351124094,2.1991734345220663e-06,0.05470747803225194,0.0003638009247245754,4.2714540786298026e-08,0.0001251589879373538,0.23613870208837523,2.0490177200279895e-06,0.00022875243077687707,0.0004083649535035291,0.008322200467442784,3.900939390025951e-09,0.0008059807971799609,0.005399263810563364,0.00014351527818533976,0.0018623427511783787,0.014313906369800532
23,0.5836120567779489,0.023871562748010233,0.0003259356001946878,8.495671711878542e-06,0.0006934894587848226,8.41178861721556e-05,0.0032255756919612228,0.0001360308272004109,0.0020594363666667807,2.6476256457289333e-06,0.04116871932498816,0.00028046701873908966,5.644688985532984e-08,0.00013527397996424798,0.3081365271376313,1.9990683051873003e-06,0.0001866304987550702,0.00024356349975739053,0.010423740172948793,3.403488482843445e-09,0.000568114028044917,0.0045117115942001716,0.00012303870227153886,0.0019700623800726256,0.01823074408964637
24,0.5711174997836946,0.03882498555422602,0.00044372459955575205,1.582066238584285e-05,0.0013907211175945293,0.0001400861285054012,0.003724371614905757,0.00016901533348447244,0.0024449384518953773,4.865217094521022e-06,0.05162334406072342,0.0003678308205625651,1.0457914453117659e-07,0.0002706379468966738,0.2859744736955443,2.3927998840297234e-06,0.00020027756663860453,0.0003898963907511032,0.013273091811145778,4.7698890771692204e-09,0.0007760237861828923,0.005488607638248295,0.00015119608357439483,0.002268064954277573,0.020938024633194455
25,0.6932625821452307,0.016256865715700723,0.00037891579044315013,1.1911875281404442e-05,0.0005424002322233126,5.5320954329339585e-05,0.004429932264329242,0.00019777921494738395,0.0013416273811706178,1.6115706833937397e-06,0.07483560717530266,0.0004922943523822066,7.155931694434856e-08,0.0001296589796908025,0.179459911898331,1.6038100548995395e-06,0.00024030498372456743,0.0003375936345448814,0.00947541048864149,5.6982029016003225e-09,0.0006223515463528573,0.0036117882722825133,0.00013337188881933838,0.0020538120314861556,0.012127266536527357
26,0.13795713392029174,0.017148293477969107,0.00014616435557990556,9.027388179140733e-06,0.0012004846867090314,0.000375319104883,0.0026239694449060745,7.936326557694126e-05,0.003201700615685059,4.319369502878056e-06,0.04667747412504108,0.00020084135504669102,1.7693786227608064e-08,0.00048492462225544516,0.7233977753953261,6.7166872823018646e-06,3.0356736158870528e-05,6.288278638224938e-05,0.0426188278795549,3.033295493596356e-09,0.0012818646660949723,0.005033640075520552,0.0001500151368556237,0.00015148224692996805,0.017157401931186457
27,0.47546175602838486,0.020660170944356626,0.0002503961901349371,5.54564841400548e-06,0.00046019640823869123,8.82360531997255e-05,0.002658548297706897,0.00013375706759611919,0.0031407435211433013,2.8689627065533696e-06,0.027575213111647817,0.00017136752881810122,3.193357397171265e-08,8.817552320897953e-05,0.4289033939532297,2.1699888214814658e-06,0.00014268690732201325,0.00015898885065371686,0.011117665318035406,3.168098794454068e-09,0.0004982207136644345,0.005616306388364084,9.143290952826275e-05,0.0014354976688446687,0.0213366269143068
28,0.5836120567779489,0.023871562748010233,0.0003259356001946878,8.495671711878542e-06,0.0006934894587848226,8.41178861721556e-05,0.0032255756919612228,0.0001360308272004109,0.0020594363666667807,2.6476256457289333e-06,0.04116871932498816,0.00028046701873908966,5.644688985532984e-08,0.00013527397996424798,0.3081365271376313,1.9990683051873003e-06,0.0001866304987550702,0.00024356349975739053,0.010423740172948793,3.403488482843445e-09,0.000568114028044917,0.0045117115942001716,0.00012303870227153886,0.0019700623800726256,0.01823074408964637
29,0.5836120567779489,0.023871562748010233,0.0003259356001946878,8.495671711878542e-06,0.0006934894587848226,8.41178861721556e-05,0.0032255756919612228,0.0001360308272004109,0.0020594363666667807,2.6476256457289333e-06,0.04116871932498816,0.00028046701873908966,5.644688985532984e-08,0.00013527397996424798,0.3081365271376313,1.9990683051873003e-06,0.0001866304987550702,0.00024356349975739053,0.010423740172948793,3.403488482843445e-09,0.000568114028044917,0.0045117115942001716,0.00012303870227153886,0.0019700623800726256,0.01823074408964637
30,0.5836120567779489,0.023871562748010233,0.0003259356001946878,8.495671711878542e-06,0.0006934894587848226,8.41178861721556e-05,0.0032255756919612228,0.0001360308272004109,0.0020594363666667807,2.6476256457289333e-06,0.04116871932498816,0.00028046701873908966,5.644688985532984e-08,0.00013527397996424798,0.3081365271376313,1.9990683051873003e-06,0.0001866304987550702,0.00024356349975739053,0.010423740172948793,3.403488482843445e-09,0.000568114028044917,0.0045117115942001716,0.00012303870227153886,0.0019700623800726256,0.01823074408964637
31,0.7006861619445425,0.036568625498696744,0.0005851734086041258,1.3610938287687364e-05,0.0012572729601682152,4.8452519697586184e-05,0.0028065852920771913,0.0002663286525790121,0.002089470161699145,4.284571062083345e-06,0.02711730630766855,0.00036732385998467545,1.1196055739646342e-07,0.0001619359023921321,0.1839281946938974,1.5483877622232954e-06,0.00032963975178808025,0.000335994992123993,0.011048970262996066,3.771928141469962e-09,0.0005770897879745049,0.004715050615119247,9.29161032587934e-05,0.00446621787594064,0.022531729779193863
32,0.5586065821602411,0.02335501959344657,0.00031128616110873104,7.991049461172512e-06,0.0006749845407970949,8.365015991717985e-05,0.003113907948225966,0.0001432740757788491,0.0022864063267139206,2.754992771274119e-06,0.03869130829305127,0.00026894900700939365,5.2441261543826446e-08,0.00013028590532460945,0.3340816613991371,2.144493535808076e-06,0.0001838435281427385,0.00021742334467003194,0.012189469895605333,3.419369150561187e-09,0.0005885964103826174,0.004849430369054015,0.00011568869531871377,0.0017796113432065764,0.01831567444646922
33,0.6440027619091282,0.04729618481738069,0.0001797801617199696,6.646676465770346e-06,0.0013181892211657942,7.089986571103823e-05,0.001900538926292928,0.0001436943320103404,0.000492548124072439,2.7653116526452014e-06,0.032490116038534134,0.00048034652447903283,1.0924202184476404e-07,0.0002230530052832068,0.22990809263280768,1.5623085528109565e-06,0.0005716345514444857,0.0005246212146843347,0.00939540671738709,2.9695522482903234e-09,0.0005049047877002676,0.020545432609232455,0.00023047711213240637,0.0026210737903090264,0.0070891571502792764
34,0.661395399404288,0.03919617562594744,0.0001807544933257222,2.341826357389455e-05,0.00211319140529388,9.459491651826792e-05,0.0022697893550758202,0.00017004055451225552,0.0001433455424511082,3.254987455770477e-06,0.07050150402121974,0.0010178627512082723,9.782427836644065e-08,0.000322235724023269,0.18274525311389353,2.0346658743766733e-06,0.0011693316174421463,0.0015672310989555246,0.004360894466830062,3.467240361534361e-09,0.0014431556810738854,0.012151867532232553,0.001157074672957736,0.0051077448023308025,0.012863744011997282
35,0.7872613824223929,0.021536881169780912,0.0002824526239511966,9.388637330623529e-06,0.00032748238854445055,4.316852112957374e-05,0.002589993539022481,0.0002916994963696542,0.0034573377555026895,4.514685040486618e-06,0.021391957780396244,0.00027240922507700146,4.96346364386751e-08,5.6180180732824717e-05,0.11389395124553348,1.0712256633311522e-06,0.0002165846918917447,0.00041900891896882753,0.01195844845670419,4.28542323484486e-09,0.0005052214603489751,0.004942095681512696,3.605889990679423e-05,0.0021722590906640992,0.028330397983475253
36,0.6447350975201305,0.019101571655861186,0.00044992658877274645,6.0818971308558265e-06,0.0007893997335989367,1.6231871122658885e-05,0.0013231759562170908,0.0002437212871950411,0.0020407358594078774,2.170301350425259e-06,0.010164076340141447,0.000621651701216255,7.331416997536543e-08,0.0001126874731581759,0.26416465842314585,1.520340631981849e-06,0.0005576770950369661,8.639734415501864e-05,0.018245340009536745,2.335627738861817e-09,0.00039517075699310115,0.007349639972231603,5.7764304878948494e-05,0.0020666621576273356,0.027468565760661503
37,0.4825128657703254,0.02620545948605795,0.0003302876306716184,9.765488303993418e-06,0.0008491308268585462,0.00010576851323285228,0.0032305817093303294,0.00016488282314590044,0.0027801080002094803,3.546060016329989e-06,0.04408734007580086,0.00026015515892837684,5.6864069093960496e-08,0.0001390706195221604,0.39798800161122844,2.356167481779952e-06,0.00019170377994699348,0.00022765883928849316,0.012900624514581334,3.799002895656558e-09,0.0006830763978849763,0.005041156695375052,0.00013534945267155488,0.00195694433252822,0.0201941053835373
38,0.578597614680607,0.03184897402519004,0.000457308270645428,1.1968774465300928e-05,0.0010652827260167956,7.248275119608864e-05,0.0028233889316022875,0.00020199145749567876,0.0026934742116375794,3.496572873059568e-06,0.03976973103407561,0.00034341957755888166,8.054926917972473e-08,0.00015646731179212012,0.29722776924101374,1.661153159641609e-06,0.00027000074441803503,0.0002707736022490804,0.012338265168508191,3.764009670899675e-09,0.0006292051967871695,0.005198876505847349,0.0001083950154199906,0.0026855180951178537,0.02322385063904403
39,0.5537659627555052,0.012410693660281705,0.0003228935843864627,1.2613038476213053e-05,0.0009567264344771772,0.0001438590621785198,0.0027463405767331477,0.0002543332181747605,0.002350082571406737,4.2927305825375624e-06,0.04115940948996014,0.0004928188006361325,3.0513613879336226e-08,0.0001603774823278282,0.33046972750226766,5.626894696034946e-06,0.00019915350025150866,0.00026643803884749274,0.020711306350139985,4.982487474903976e-09,0.0016523256532012072,0.0052392000383097255,0.00018322255021231186,0.001235358665355664,0.025257201905490547
40,0.6552070294499749,0.019526451875820035,0.00025341937338608313,4.197192018832912e-06,0.0004142233572855787,7.077148818165929e-05,0.0025376244293272075,7.498636016799663e-05,0.0013687669317338582,1.4472088238989696e-06,0.0335385604960849,0.00028633802763649674,3.528918065575704e-08,0.00012464698541346636,0.2571062324933656,1.5433832478003005e-06,0.00014172696529903063,0.0002212549646950259,0.00770145254290911,2.4954763677313843e-09,0.0004215253208421317,0.005911768680083172,9.051838757238612e-05,0.0012012979460281356,0.013794178355445674
41,0.3440596069472178,0.03042206498173244,0.0005951064351476752,7.873384031465029e-06,0.0011708499827893602,0.00010611542981125376,0.0026048250613600584,0.00014349780090694035,0.007347791057084788,4.2723590662897025e-06,0.027539755831425202,0.0001360173940083936,5.921708169649181e-08,0.00013206638995997563,0.5420223909918199,2.2597756214777515e-06,0.00010538826221843158,9.94492787846024e-05,0.013353034788504279,3.050740579550689e-09,0.0004835032236687399,0.003395752488717465,6.523392371097411e-05,0.0021110081493752176,0.024092073795215024
42,0.38238238105623673,0.015402698003398562,0.00014620758722376723,3.9220657691879455e-06,0.0004207966774880005,5.391292613590262e-05,0.001977461596135653,0.00022869619459965978,0.0019546246768438217,2.949925144412279e-06,0.022054289671618252,0.0001941417316739609,1.6079907447491995e-08,6.160019385544894e-05,0.5266992879351597,3.3524474731009066e-06,0.0002445351903936742,0.00010197695661851593,0.0226939695601833,2.7066507024363817e-09,0.0008821002210044388,0.010029581994002711,9.843579214469362e-05,0.0010187436882233886,0.01334431512211513
43,0.6124180542251215,0.023451238278992446,0.0003423499478035966,8.120160061871733e-06,0.0006386966830973874,7.576519581152283e-05,0.0033023247521199043,0.00011936648998906424,0.0019115359239172541,2.2179679209737413e-06,0.04130079495433144,0.0002872298189098017,6.075270153596226e-08,0.0001383949233298057,0.2820973914802239,1.7578384257881818e-06,0.00017581855985807944,0.00023736463957391688,0.00923525549498005,3.3058728407884348e-09,0.0004830232724113442,0.004026436493519748,0.00011607953870442675,0.0019568669984464317,0.017673852303875387
44,0.5836120567779489,0.023871562748010233,0.0003259356001946878,8.495671711878542e-06,0.0006934894587848226,8.41178861721556e-05,0.0032255756919612228,0.0001360308272004109,0.0020594363666667807,2.6476256457289333e-06,0.04116871932498816,0.00028046701873908966,5.644688985532984e-08,0.00013527397996424798,0.3081365271376313,1.9990683051873003e-06,0.0001866304987550702,0.00024356349975739053,0.010423740172948793,3.403488482843445e-09,0.000568114028044917,0.0045117115942001716,0.00012303870227153886,0.0019700623800726256,0.01823074408964637
45,0.46097248623918874,0.021585539992028595,0.00038977083911867185,6.380763790816973e-06,0.0007464065752764863,6.229163536136667e-05,0.0038104433533566184,0.00017353973720373814,0.003150833810353328,2.5275035642047115e-06,0.03303609800151273,0.00021204396253099884,7.513818295801281e-08,0.00010679076860274902,0.4418007438187019,2.3789487253302203e-06,0.0001683479242145491,0.00010390268307174107,0.01366788046953304,3.769502359895704e-09,0.0003526852916800325,0.00436728388774398,0.00010503822777194869,0.002271176603003272,0.012905330055980106
46,0.7176445219724648,0.020096307130861798,0.0002176330590322761,6.845478687824398e-06,0.0005541605914698195,2.2280510551042615e-05,0.001418219767849512,0.00019580697825936224,0.0006767478559879189,1.6527970109965203e-06,0.024357740706817097,0.0004422869503180999,6.115168626528242e-08,6.125716151837861e-05,0.20180166840238684,1.0110254839121274e-06,0.0008749099832055162,0.0002819976199536406,0.006416014573480295,2.420940415188081e-09,0.0005103865884036562,0.006442157037516758,0.00012808865240744648,0.00368351818210884,0.014164723401597506
47,0.6930240300907989,0.0178512615822897,0.00023617395891183555,5.1620413642146386e-06,0.0003833675787672305,5.662100028306919e-05,0.0026181480738473595,9.875982379165316e-05,0.0012421924621989996,1.6964593699093389e-06,0.030622729159782,0.0003034401779675138,4.043543658784042e-08,9.552393541184076e-05,0.22380683411339702,1.6115591671727352e-06,0.00018402233752562086,0.00023645568692317248,0.0075736294135415145,2.7464010895900167e-09,0.0004395225086981371,0.004744759250895982,9.448600362190627e-05,0.0015463262849737323,0.014833203314633635
48,0.5582214163319611,0.038573840395551305,0.00012575041826412095,5.166995026500109e-06,0.0005000009441479336,2.407757443078606e-05,0.0024592995337140125,0.0002531849408954712,0.0009658347313951355,3.5111697054710884e-06,0.014754353425469666,0.00018465848721540559,6.038034387090845e-08,7.698160759307176e-05,0.3368275330089398,1.8317758697711051e-06,0.0005738976427491658,0.0001497345417999992,0.020071582941489096,2.3672961540554605e-09,0.0004475785089422223,0.01110866810563906,0.00011893899985801602,0.002652499808473216,0.011899595363229765
49,0.5869745424568081,0.02176898285140045,0.00038046941145624205,8.71796958227863e-06,0.0009191047009776853,0.00013719587537756517,0.002849639737185316,0.00012731338465254811,0.0019198698264759162,2.6682429731134262e-06,0.054018126787358546,0.0005265880849249511,6.609967168758494e-08,0.00019496561681915358,0.2945475123776974,2.3758201830498363e-06,0.00020290390752242577,0.00035687730817321505,0.009792033519179585,4.653627938531913e-09,0.0006895239562399978,0.0073478235330354065,0.00015258655421863002,0.0015408799959037512,0.015539227328555148
50,0.5747133064998602,0.026354125438573774,0.0003383136923533147,8.815635584341322e-06,0.0006955889966003971,9.78735220306588e-05,0.004626777878832107,0.00015771071232986724,0.0029523921532684195,4.274050714739153e-06,0.030632149322125123,0.00020592715664751325,5.858616207855654e-08,0.0001665154145379569,0.3153601878503339,3.0826453444268623e-06,0.00012735208124961292,0.00018585594039712572,0.016566636406645234,3.8624703108506545e-09,0.0005335717084661981,0.004892704882889495,0.00010488586235741659,0.0016947989541439429,0.01957709074608182
51,0.6430576837881906,0.02928487832700834,0.0003429381094837177,1.1569859521596645e-05,0.0006945215905377769,0.00010336587771531248,0.0043230291343210065,0.00016815894905526405,0.001982744039195113,3.4334533191783856e-06,0.059846528982492056,0.0003492376530788244,6.910900126851556e-08,0.0001681083079347572,0.2244170039507062,1.5845973568967017e-06,0.00019091832681078312,0.0005188068439075049,0.009666535101358299,4.471337146032e-09,0.0007588728777161684,0.006114908710434719,0.00011951637276487714,0.0021592005278570276,0.015716381038895375
52,0.6007635494693968,0.022569811049850296,0.0002964411748719017,8.184747677553901e-06,0.000590517658748163,0.00011589848904936747,0.003599412637666556,0.00011333444855070913,0.002022873298867449,2.5778199476368232e-06,0.04974808891513828,0.000263471255450724,5.5605109361083375e-08,0.0001330378920580737,0.2877848988443666,2.009492197038122e-06,0.00015351992631913275,0.00032935660502585287,0.008311926541166274,3.875313438482903e-09,0.0005513748217089079,0.004537409779903043,0.00013440775127180666,0.001837709679753568,0.016130128220591476
53,0.5296295121969203,0.011739734579873496,0.0001701976393329955,4.09196031872648e-06,0.00013145340006224518,0.00010557358371309771,0.007851400692562398,4.829899588245138e-05,0.00169189013362589,1.165023810704136e-06,0.054129876856898455,9.340078644129176e-05,2.9630534963814236e-08,6.756141051858927e-05,0.37466104776226594,2.455027429162845e-06,5.6326813181502084e-05,0.00015681240007299214,0.004515066018500492,3.800483942416096e-09,0.00025408830831459344,0.0018030120559946595,0.0001548921128775226,0.0012148203311650662,0.011517288479218443
54,0.6517954540106904,0.019022781949914698,0.00022834147812489576,3.874096199639184e-06,0.00021427695084750987,6.50347499066457e-05,0.004138307865664015,4.543807230336628e-05,0.0017053658936288195,1.8316860413884671e-06,0.015229268441687569,0.00015229047535308442,3.368719167682887e-08,0.00014625953260794867,0.2723696546067582,2.432057201174683e-06,5.689825798113419e-05,9.634754250912754e-05,0.0074374213717668695,2.306970967679607e-09,0.0002435051152105564,0.0027600230480443982,6.887613797081766e-05,0.0008182322750904452,0.023398048390334627
55,0.7820883019074689,0.019881180673754075,0.0005334302825416202,8.127202026489191e-06,0.00035487947134173274,4.830379571067066e-05,0.0031326346348984784,0.00010087422141367418,0.003045061561077513,1.618268548150599e-06,0.03860512964098923,0.000406701675225383,9.972175660194024e-08,9.281302929580797e-05,0.11972715790158767,7.215661800504594e-07,0.0001260916689255187,0.00031869814173474803,0.005449816375687549,4.262193580533471e-09,0.0002514454363985881,0.0022316414704648194,3.811728430529738e-05,0.0019816086922981135,0.0215755411141756
56,0.5851013942024643,0.025925634956480193,0.0003588336361222077,8.896832112413563e-06,0.0007323963620092997,8.567799361049447e-05,0.0033656972471437347,0.00013846354555229314,0.0021965670906229865,2.7516145924555034e-06,0.043072373155672715,0.00028932063481075016,7.023979095217757e-08,0.00014067059853761736,0.3031623025445341,1.952389055880725e-06,0.00019492854639676375,0.00025598356260575863,0.010128455722617925,3.810945350188368e-09,0.0005370266071278435,0.004506181831672324,0.00012162300414003171,0.0021744549084080334,0.017498338962973477
57,0.530799904954654,0.028848795152969776,0.0006777424810665242,1.2245803363119076e-05,0.0017202812649665194,6.056176878801719e-05,0.0018818049473100296,0.0003836902608476501,0.004104483106155618,5.340639080299461e-06,0.029026081777557344,0.0007579121954709728,8.855598410674497e-08,0.00019001432784037053,0.3319834429120936,2.5784201177109996e-06,0.00048537727743682633,0.0002058145572307223,0.0276993733991233,4.844590589748583e-09,0.0010708154840740314,0.010671779508081777,8.15274674878173e-05,0.0021562568947088136,0.027174081999000347
58,0.598366687068956,0.025630816939110516,0.0003382464943194825,8.219730105388045e-06,0.0006904915636516694,6.840576914464409e-05,0.003168135985791694,0.00014416515545125267,0.0018626723562913308,2.5886889127492895e-06,0.03895566847347071,0.00027366918249259654,6.316118943657202e-08,0.00012009486217903181,0.29557463823663277,1.7518399086949596e-06,0.00023017788976419695,0.0002569737856371802,0.009162893118013956,3.2467680298034934e-09,0.0005373539885992741,0.004538692891735203,0.00012368124255723918,0.0025847557104713005,0.017359152618845793
59,0.6214779815251755,0.024581185444054503,0.0003998591873764422,8.412086774332159e-06,0.0006987237793718981,6.239985793027462e-05,0.0031919137902807807,0.0001446919216429394,0.0018621863042808072,2.433495572612443e-06,0.03838626151780061,0.00028201086191247414,6.580978245137156e-08,0.0001179475738686572,0.27469363241779865,1.6761188017613533e-06,0.0002319108765003911,0.0002638312656439571,0.008094891641908356,3.302074979659182e-09,0.0005219443928013852,0.004034649645691812,0.00011644757259451615,0.0029635981579584853,0.01786134145240121
60,0.5836120567779489,0.023871562748010233,0.0003259356001946878,8.495671711878542e-06,0.0006934894587848226,8.41178861721556e-05,0.0032255756919612228,0.0001360308272004109,0.0020594363666667807,2.6476256457289333e-06,0.04116871932498816,0.00028046701873908966,5.644688985532984e-08,0.00013527397996424798,0.3081365271376313,1.9990683051873003e-06,0.0001866304987550702,0.00024356349975739053,0.010423740172948793,3.403488482843445e-09,0.000568114028044917,0.0045117115942001716,0.00012303870227153886,0.0019700623800726256,0.01823074408964637
61,0.6009175900389394,0.025564758750658906,0.00043503292524454886,8.65970545091714e-06,0.0007593469579488083,6.846179051972604e-05,0.003158705245459311,0.00014087383410950024,0.00209142812943992,2.4331545012624446e-06,0.04228730125684668,0.0003091392453392973,6.79284003411225e-08,0.00013244056598195008,0.2888213674971251,1.7076305469257177e-06,0.0002193057608948912,0.00025113567130373893,0.008955397939759857,3.4769475082331256e-09,0.0005404982207031216,0.004174629416597315,0.0001112099903126797,0.0026104284312726176,0.018438076435695595
62,0.5836120567779489,0.023871562748010233,0.0003259356001946878,8.495671711878542e-06,0.0006934894587848226,8.41178861721556e-05,0.0032255756919612228,0.0001360308272004109,0.0020594363666667807,2.6476256457289333e-06,0.04116871932498816,0.00028046701873908966,5.644688985532984e-08,0.00013527397996424798,0.3081365271376313,1.9990683051873003e-06,0.0001866304987550702,0.00024356349975739053,0.010423740172948793,3.403488482843445e-09,0.000568114028044917,0.0045117115942001716,0.00012303870227153886,0.0019700623800726256,0.01823074408964637
63,0.5797503259775755,0.026833123811556062,0.0003195807664734349,7.893842291490548e-06,0.0006295609050205927,7.7665743326501e-05,0.0032617363281848047,0.00013020852259579879,0.002120328240305893,2.577249564947714e-06,0.041027772391478534,0.000250069191349434,5.983738600897313e-08,0.0001240400800310488,0.3103918319936706,1.7541033456003143e-06,0.00018637738362238738,0.00024153367045044337,0.009779745331424613,3.3876697945254123e-09,0.0005146615190512778,0.004488050515391189,0.00011050775247179735,0.002099709887054416,0.01765088156870803
64,0.5617418476407378,0.02184499533778832,0.0002861536913792435,8.6289651792336e-06,0.0007007804497913991,8.55096402985771e-05,0.002886133308882096,0.00015095291535121164,0.0018034342303084776,2.7933591836776455e-06,0.044137385822825705,0.0003011932791408222,4.16237462819219e-08,0.00012456006512959013,0.3275832047845368,2.2376437811706397e-06,0.00020969373806067974,0.0002664367032249133,0.011453330188466207,3.166728913898939e-09,0.0008630026530211406,0.004730228983118159,0.0001324655898661863,0.001883065133151885,0.01880192108630175
65,0.5967173193458961,0.018661553114959553,0.0003400536007727485,1.443828949745974e-05,0.0014583737658051166,0.00022030825926612577,0.002727945734870671,0.00013131537555673581,0.0013743419707340397,3.728300936740366e-06,0.058464966625476934,0.0006765071959599564,5.03415374509137e-08,0.0003241691183352121,0.2750690279933565,3.974367465352275e-06,0.00019776793076245854,0.0004959843709851664,0.012845635461518578,4.192961959423127e-09,0.0014009103359344578,0.006438861276179311,0.0002547178627338013,0.001253347848643446,0.02092469731985429
66,0.5882689768950884,0.02302594621282827,0.0007305754050228193,1.6228034944760818e-05,0.0010684878606156806,0.0002259221050889824,0.006862646260165424,0.00032298464269679174,0.01298689179708906,1.2974731238529756e-05,0.03131743166982477,0.00040241995671892327,1.3721074168980922e-07,0.0002926587797899674,0.2426750708504434,9.587475088900845e-06,7.901811037556358e-05,0.00016007758450392948,0.05843235491174271,1.418909873478987e-08,0.0006629697544771299,0.0054179335688699605,6.14521727402951e-05,0.000904598069746853,0.02606264175105851
67,0.5353030906121165,0.008999495298828803,0.0002386508576974537,6.597226556741385e-06,0.0004545253395092578,0.000256962007113863,0.004071401031583818,2.2244564270737783e-05,0.0004766363301474833,8.203306743348632e-07,0.0549694650810525,0.00043993944619104925,4.094494000865788e-08,0.00039759053261805135,0.37103825650149247,5.24012680091042e-06,7.812964034467363e-05,0.0002512074203443094,0.0033947675791942,3.94519603935186e-09,0.0004710100298609586,0.0024489871965825824,0.0006262935572497014,0.0006672161601714231,0.01538142823946228
68,0.7304110895791849,0.009531363331915,4.1191966561261346e-05,4.437350010645036e-06,9.600389165090884e-05,0.00016785208335964652,0.0018793111619416073,2.0393287884727714e-05,0.00015386967408780806,5.47529431343053e-07,0.10143937034934489,0.0003317656487061848,1.2975630493170254e-08,5.3745179697632115e-05,0.13693479955180385,8.6090575698272e-07,0.0001552622678949454,0.0017027842407735091,0.0009307586200169742,2.380422563102968e-09,0.000672661180887249,0.0035326062364832472,0.0004330686129739152,0.00083551186361372,0.010670730129966242
69,0.5889862152219313,0.02405457379193936,0.0003732784415350779,9.99165603911728e-06,0.0006509198687069338,7.077794333496109e-05,0.003346761324022229,0.0001619566661177394,0.0023641247097911286,3.0340336139592855e-06,0.03689221818136001,0.0002611985806572289,5.970525299495071e-08,0.00011785839730544132,0.3014875377775188,2.0385232024053143e-06,0.00020580028228086685,0.00023903387411692867,0.010556251527109947,3.760508533196353e-09,0.0006024204709871545,0.003592873566142582,0.00011116390376303206,0.0024301726117312403,0.023479735181031185
70,0.7899719993840698,0.011000175317710156,0.0006388377027842332,6.151626213442744e-06,0.00047554154103015563,0.0001370690703022747,0.0027381638142773075,2.183578868129162e-05,0.0010207073509718608,8.96909586531282e-07,0.028482352871076682,0.0006345292874387016,5.1401893310721154e-08,0.0005055352672826526,0.13392849022857506,2.1840075584078598e-06,5.5950844837241484e-05,0.0002500799751642468,0.0030625772579913587,3.2619119324861965e-09,0.00031626819154290423,0.0027234174820670526,0.00010925953439780196,0.0005970681376363533,0.023320853744999443
71,0.6503763331369047,0.016472191706896216,0.00024387494392862403,7.030075957024904e-06,0.0004149747553657645,6.94429030436022e-05,0.0036011711987591305,0.00011466983186626996,0.0013437905151015824,1.8077565853619205e-06,0.04176133186474374,0.0002702920169347497,4.4815191409584356e-08,0.00010329861273589808,0.25604686089142603,2.0049167055843443e-06,0.00017385814879469473,0.0002566141056447479,0.008057023601662702,3.3773070724775715e-09,0.0005112138249616787,0.0035979674493559527,0.000137090671338785,0.0017837330185426258,0.01465337586024625
72,0.6440833410538165,0.028290977313227265,0.00012924721159383501,8.817984264651598e-06,0.00046107667820172095,5.022028230301539e-05,0.004090789910596191,0.00027334477342397717,0.0008259506768353031,3.422586002938209e-06,0.05596052665112526,0.0002308393549729847,5.449426070300918e-08,5.9848064567768985e-05,0.23197832929071752,1.6786909700716054e-06,0.0004945682194198138,0.0005788652587782061,0.01170449846711728,3.6485705276691134e-09,0.0009346683432414569,0.006765537534025399,0.00017805173672975902,0.003932276425988637,0.008963065349249098
