,0,1,2,3,4,5,6,7,8,9,10,11,12,13,14,15,16,17,18,19,20,21,22,23,24
0,6.344960621837563e-08,1.3177055190913948e-05,1.5698315954727133e-06,8.22711991655823e-05,0.9878845511535159,1.9522215739497775e-06,6.473696860674398e-05,1.9251711295608715e-08,0.009578196021373248,2.55553590223194e-06,0.00015742204157170964,2.818000606125988e-06,2.1230246502479296e-06,0.000176660616037827,0.0008898973461404637,1.1286343965710187e-06,7.258546349724052e-07,4.829212913845925e-07,3.486463619563107e-05,1.5167689873800507e-05,1.6985734785394867e-05,2.9457687497552263e-07,8.637618638542085e-06,0.0006950785557937689,0.00036862006026713834
1,6.199275246451604e-08,1.3900654214747292e-05,2.303979025092928e-06,0.00010339701292827665,0.9863633982517812,2.0908456238534102e-06,8.689075994696068e-05,2.194128082986553e-08,0.010661710512043674,3.459778789056671e-06,0.00012260536786922846,3.1097931797233185e-06,3.114297787441833e-06,0.000167526558950675,0.0009106120799717306,2.2700782483931397e-06,8.433430289183275e-07,5.742316127783959e-07,4.687003864060227e-05,2.3511060337210762e-05,2.0890447805417505e-05,2.7752941973880647e-07,9.492832151360323e-06,0.0010435938986754227,0.0004074727139351693
2,1.088913906181737e-07,2.0708156373095186e-05,1.7592836039476733e-06,0.00015014983261356946,0.992175557348326,1.928648502032397e-06,0.00010092838764545874,1.896745905375912e-08,0.005380516112445998,1.91868571977496e-06,0.00017915653286747655,3.507509592846637e-06,3.4092334147530434e-06,9.539022687374217e-05,0.0006500952133150617,1.4821603719851833e-06,1.769120225902311e-06,6.918317465669789e-07,6.742035652147741e-05,9.650329537778549e-06,2.7518564524529258e-05,2.915905191792773e-07,1.1811624456013324e-05,0.0008707222562192122,0.00024348913573386528
3,6.449600068971951e-08,1.3801701826397593e-05,1.5724295342590925e-06,8.733732501722688e-05,0.9910590276917042,1.5249739496976767e-06,6.323229101116266e-05,1.7480421236607967e-08,0.006690167557325984,2.0022951495252222e-06,0.0001446193535598246,2.981474879598979e-06,2.2448160915239755e-06,0.00014208444695122945,0.0007331490035336532,1.1808629737165226e-06,9.013983534682288e-07,4.373158152398602e-07,3.002825856376311e-05,1.4162099146712286e-05,1.620872961711186e-05,2.5599720005845064e-07,7.806849822410039e-06,0.0006757988860535989,0.0003093922654977229
4,7.249551172376154e-08,1.486980727831057e-05,1.7833766848214293e-06,9.168158463941771e-05,0.9908448431834161,1.4152237805429135e-06,6.41673213332819e-05,1.8730678469634613e-08,0.006874035707304243,2.1420130612278458e-06,0.0001507802154242692,3.146272997508477e-06,2.77247646048388e-06,0.0001611372916102938,0.0006926655323117374,1.1624045048127503e-06,9.050910256091733e-07,4.850887356005916e-07,3.0266807709606174e-05,1.5960718643733385e-05,1.7584539529613782e-05,2.8618618559436077e-07,7.4852271863864606e-06,0.0007192005193352432,0.00030113218465141104
5,5.708069223246357e-08,1.1449759089123253e-05,1.559132018588573e-06,0.00010236825056072463,0.991875623043232,1.4180024281440726e-06,5.471974769418844e-05,1.491817653112831e-08,0.006126975175182194,2.126177952622998e-06,0.0001178911469202973,2.182114699948571e-06,2.2727848858091424e-06,0.00013235405133864446,0.0005502070483895976,1.0387851073520176e-06,7.675096419521048e-07,5.676732939502819e-07,2.850014517232087e-05,1.6175054119081683e-05,1.634074585262237e-05,1.8540943897948705e-07,9.089527968251294e-06,0.0007283293492081858,0.0002177873669367624
6,6.449600068971951e-08,1.3801701826397593e-05,1.5724295342590925e-06,8.733732501722688e-05,0.9910590276917042,1.5249739496976767e-06,6.323229101116266e-05,1.7480421236607967e-08,0.006690167557325984,2.0022951495252222e-06,0.0001446193535598246,2.981474879598979e-06,2.2448160915239755e-06,0.00014208444695122945,0.0007331490035336532,1.1808629737165226e-06,9.013983534682288e-07,4.373158152398602e-07,3.002825856376311e-05,1.4162099146712286e-05,1.620872961711186e-05,2.5599720005845064e-07,7.806849822410039e-06,0.0006757988860535989,0.0003093922654977229
7,1.753803920390699e-07,2.488259397014621e-05,2.466671550409347e-06,0.0001501912223279509,0.9916012110478839,1.5473614178622934e-06,0.0001179901089645917,3.847514868268037e-08,0.005440421681264445,2.2306661865855247e-06,0.00033732513204934344,5.090977549642928e-06,9.624855446125947e-06,0.0001415889527008714,0.0011738395262640715,1.744183205146242e-06,1.3047811836518577e-06,7.454487704147346e-07,6.280609151019858e-05,2.3852185339252732e-05,2.3383218421525278e-05,7.025565383426156e-07,4.910301497846253e-06,0.00061004495125374,0.00026188162916326944
8,5.239156133415928e-08,1.3605855834211767e-05,2.773462812627147e-06,9.354304409661566e-05,0.9897252722350096,1.27104645558574e-06,2.29951100936498e-05,7.678667661268726e-09,0.0075416429567061625,3.0727820699141655e-06,6.7129607325014e-05,1.963717723612578e-06,1.338652939132562e-06,0.00018439757653029967,0.0005180054051934064,9.394457810506222e-07,8.665397856464005e-07,2.5965253981071347e-07,1.0508296449268315e-05,1.545489743637995e-05,9.666276155888488e-06,1.1346609528196563e-07,1.2966630683060775e-05,0.0013652116027741243,0.00040694166928051953
9,4.150830589451915e-08,2.1271354022463004e-05,4.0283050487794665e-06,0.00011251421554553761,0.9855688418245083,1.4917989649335693e-06,3.014120846620783e-05,1.236858404601212e-08,0.010791093567574867,7.050534090354166e-06,6.874658937564773e-05,2.0844845953384013e-06,2.2778269508566266e-06,0.0003323224146217567,0.0006047299124756084,1.8362182788600395e-06,9.798849134043195e-07,4.1155896955109026e-07,1.88207936174474e-05,3.4621193263175536e-05,1.6127887982491377e-05,1.618117794512047e-07,1.385599724598381e-05,0.0018347479411981661,0.0005317887996212001
10,6.449600068971951e-08,1.3801701826397593e-05,1.5724295342590925e-06,8.733732501722688e-05,0.9910590276917042,1.5249739496976767e-06,6.323229101116266e-05,1.7480421236607967e-08,0.006690167557325984,2.0022951495252222e-06,0.0001446193535598246,2.981474879598979e-06,2.2448160915239755e-06,0.00014208444695122945,0.0007331490035336532,1.1808629737165226e-06,9.013983534682288e-07,4.373158152398602e-07,3.002825856376311e-05,1.4162099146712286e-05,1.620872961711186e-05,2.5599720005845064e-07,7.806849822410039e-06,0.0006757988860535989,0.0003093922654977229
11,7.040107233462432e-08,1.4030886945020695e-05,1.6739452463290562e-06,9.304833920100509e-05,0.9910227008826868,1.5027607128318065e-06,6.646849481048709e-05,1.8177775469984837e-08,0.006687376164262036,1.9965515306643942e-06,0.00014735527205073676,3.1398234795567058e-06,2.6462188660771764e-06,0.00014121164252355777,0.0007268395006662529,1.2137849967723839e-06,9.058455421491256e-07,4.5582148338531084e-07,3.059998263040547e-05,1.5469558221257007e-05,1.6560897929496895e-05,2.7452154669768833e-07,7.634745875405767e-06,0.0007189144651608678,0.0002978913147844333
12,1.248081676197131e-06,0.0003693307042529675,6.498540023955845e-06,0.0027012739269354344,0.9179028093645325,1.5266207705736165e-05,0.0012167992345453887,8.084205322507104e-07,0.0504425846003279,2.9911919739532404e-05,0.0012714123476926873,3.7429658186538675e-05,6.70434867089944e-05,0.0005339632213882808,0.018272504908811944,2.323456224526555e-05,5.215725033939717e-06,6.324886200152405e-06,0.004070388236423483,3.2069202750643186e-05,0.00010856453503617284,1.0979854142698665e-05,2.100815765312999e-05,0.0017035430770851664,0.0011497871403691093
13,7.904200081360467e-08,1.400633034509158e-05,1.3499480493319741e-06,5.818352114633998e-05,0.9924441299793112,9.819581092938426e-07,5.774601755680318e-05,2.3111173274436183e-08,0.005364688495538496,1.2418390187394826e-06,0.0002637173274021606,4.2945608553098585e-06,2.372753814603693e-06,0.00018538888366496567,0.0007952964282318495,7.620761546056215e-07,7.991837324671659e-07,3.6727062223553383e-07,2.2603445217645466e-05,1.1927295073722595e-05,1.5686005704466523e-05,3.809859347560699e-07,4.19502544713749e-06,0.0004126370731711473,0.000337141442723498
14,1.2512737594777215e-07,1.207182431726383e-05,4.55238831418216e-06,9.647018364482399e-05,0.9656269191523137,5.676538045189083e-06,0.00012920247049452211,3.7462009078101375e-08,0.027368065954537515,4.626396612087782e-06,0.00013791563721749685,8.05846720956643e-06,2.672964012101137e-06,0.00026416895130638236,0.00311378808426811,5.589631824246737e-06,1.1714620625257247e-06,4.2131027761553196e-07,2.9175316274804856e-05,3.8816667268040846e-05,1.2883949568937014e-05,4.885603334184505e-07,1.6792851796917774e-05,0.001565441090372988,0.0015548675585427424
15,6.449600068971951e-08,1.3801701826397593e-05,1.5724295342590925e-06,8.733732501722688e-05,0.9910590276917042,1.5249739496976767e-06,6.323229101116266e-05,1.7480421236607967e-08,0.006690167557325984,2.0022951495252222e-06,0.0001446193535598246,2.981474879598979e-06,2.2448160915239755e-06,0.00014208444695122945,0.0007331490035336532,1.1808629737165226e-06,9.013983534682288e-07,4.373158152398602e-07,3.002825856376311e-05,1.4162099146712286e-05,1.620872961711186e-05,2.5599720005845064e-07,7.806849822410039e-06,0.0006757988860535989,0.0003093922654977229
16,7.519806363582856e-08,1.7163939204405767e-05,1.0275132461128903e-06,8.17961591798838e-05,0.9906559548837092,1.2951461820156607e-06,7.5652751217812e-05,2.5667523702322046e-08,0.006804301660957514,1.5504175663290384e-06,0.00023724561451960339,4.926731008520228e-06,2.7369730641699067e-06,0.00017902200032869558,0.0010537545119477015,1.0644310069795089e-06,7.908811402988712e-07,4.661057366103713e-07,3.933688719754683e-05,1.256075501199819e-05,1.581227721135156e-05,4.974807831994475e-07,4.906723265916014e-06,0.00045773706051207544,0.0003502982304147833
17,5.38181882514357e-08,6.52989242667181e-06,1.0083698505911738e-06,4.1478846191877234e-05,0.9944519398550815,6.881170359837471e-07,4.948469537976759e-05,8.130287009247753e-09,0.004225675984668837,6.220932950259263e-07,0.00012388470715402503,2.3535960927956143e-06,1.6386438946098742e-06,9.702688248833596e-05,0.0002406824296559864,4.0361108768853527e-07,5.501117421559565e-07,3.3019873146349255e-07,1.2097365868775907e-05,8.276163635119067e-06,1.3695619271363515e-05,1.408696625109322e-07,5.222379470091432e-06,0.0005524935744006627,0.0001637140444390478
18,5.721054664792331e-08,1.4275196848879702e-05,2.289529874628014e-06,4.510276809656639e-05,0.9882429731682809,1.595504673573974e-06,7.357912563373175e-05,1.655023212315736e-08,0.008598255959257024,2.452323059119462e-06,0.00015378855051457682,4.139169200121326e-06,1.7390367525175915e-06,0.0002607626091615667,0.0007611945682501577,1.6971180465442742e-06,1.2313357930194723e-06,4.541488109432579e-07,2.8192559746806923e-05,1.7968276594527557e-05,2.6966541048822107e-05,2.4358608860484576e-07,1.1564339988218815e-05,0.0010011829220959072,0.0007482779014044616
19,4.5035742924284805e-08,1.507369505147695e-05,1.2819903011402617e-06,0.00013629479147386284,0.9898237359657185,1.7389056485348909e-06,5.094627762959928e-05,1.3557804460460962e-08,0.007999492535202636,2.438201845606104e-06,8.050469720516768e-05,2.7513497332793346e-06,1.992813351237363e-06,0.00011970277853286983,0.0008013651547112549,1.112001524651942e-06,6.678586219181739e-07,2.7611255398957075e-07,2.2803511094763413e-05,1.362137499481013e-05,7.77648849431143e-06,2.362233997382684e-07,6.632815369910122e-06,0.0006489228951764158,0.0002605729688170122
20,7.447612263728124e-08,1.811462347897396e-05,1.3949927419255821e-06,0.00010308707219346712,0.9892224595574551,1.7305967362997688e-06,6.501202122782967e-05,2.8349844424953643e-08,0.00816693646526506,2.6971503795397953e-06,0.0002013229609819512,3.1237305490247435e-06,3.2486780951164575e-06,0.00018683786929419674,0.0011287618054394845,1.0999181272050434e-06,7.940203503987429e-07,4.7260316663895616e-07,4.207184916810402e-05,1.759241618518743e-05,1.6362128449842688e-05,5.336761066778974e-07,5.674631856415021e-06,0.0005096875930347949,0.00030088081374954237
21,1.1920402820674912e-07,1.67325094050673e-05,3.934679187488477e-06,8.994511668392392e-05,0.9915948490593448,8.611752158068191e-07,6.71516321548277e-05,2.143352829423239e-08,0.005564788245559652,2.029028518231751e-06,0.00016563237616324793,5.696714709559064e-06,4.385220392750879e-06,0.00024388544376514735,0.0004766752465315488,2.0349654802265298e-06,1.4154503454326433e-06,7.972246791812506e-07,2.123132686630749e-05,2.615735121175738e-05,2.525814528811214e-05,2.3026370481172206e-07,8.890586055403957e-06,0.001269449254684277,0.0004078283464959144
22,1.0623304129112137e-07,1.713552271092575e-05,2.5984475763764153e-06,9.76341031762963e-05,0.9940487704033315,1.5085341009740888e-06,5.451882482534787e-05,2.8539144765862324e-08,0.003852637625241976,2.5978727714111546e-06,0.0002190962588279296,2.8874496312329046e-06,3.087930175245646e-06,0.0001748087265910584,0.0005581259756371781,1.3538276829688603e-06,1.9915619811310705e-06,7.884158884071296e-07,3.409382090469066e-05,1.8334087372593374e-05,3.0784405105263275e-05,3.2579640184802894e-07,1.0219318423282453e-05,0.0006091196217310605,0.00025744669772527435
23,6.449600068971951e-08,1.3801701826397593e-05,1.5724295342590925e-06,8.733732501722688e-05,0.9910590276917042,1.5249739496976767e-06,6.323229101116266e-05,1.7480421236607967e-08,0.006690167557325984,2.0022951495252222e-06,0.0001446193535598246,2.981474879598979e-06,2.2448160915239755e-06,0.00014208444695122945,0.0007331490035336532,1.1808629737165226e-06,9.013983534682288e-07,4.373158152398602e-07,3.002825856376311e-05,1.4162099146712286e-05,1.620872961711186e-05,2.5599720005845064e-07,7.806849822410039e-06,0.0006757988860535989,0.0003093922654977229
24,5.6720092180872806e-08,2.1421877646312213e-05,1.2873723481022445e-06,0.00016073047247970427,0.9915371790022345,1.3812812181043344e-06,5.885429784360727e-05,1.819068068707621e-08,0.006194276471285346,2.6651129690519477e-06,0.00012201085434067788,2.567927034817397e-06,2.671362787202485e-06,0.00014823240208288938,0.0007762729507878324,1.1830265675919802e-06,9.863308036492544e-07,5.342425785150448e-07,4.620858064294015e-05,1.3658473687343104e-05,1.622574610254431e-05,2.7709240874918296e-07,8.477652821257103e-06,0.0006513516218055699,0.00023147093675076174
25,5.822254223806262e-08,6.023944779390884e-06,9.495152548244565e-07,4.40397091054598e-05,0.9959504182481247,7.305011210028526e-07,7.34568139556439e-05,2.4715564263480786e-08,0.0027915118018927605,6.371760779245321e-07,0.00022848537136129765,2.869780977073101e-06,2.341470287678952e-06,8.995609318707269e-05,0.00031702572830684617,6.873698153861255e-07,6.041790938321888e-07,5.79720049992726e-07,1.939431894751619e-05,1.379677195696172e-05,1.864431745589094e-05,2.104000862777523e-07,3.5091101861795954e-06,0.00030324201039553004,0.00013080270947445945
26,4.76326952315827e-08,6.598937393136125e-06,2.076949058702398e-06,7.537094408103557e-05,0.9908870670971913,1.0812342259450686e-06,3.0786837269051785e-05,5.454653562059343e-09,0.006985088955895256,1.6870758918116969e-06,5.452008876677057e-05,1.2699572272832477e-06,1.4291387947889431e-06,0.00010893927246247658,0.00023177774973719397,6.743816018612222e-07,5.476142178131015e-07,4.114692749356547e-07,1.0609386553434759e-05,1.4083263168680694e-05,1.216461516651721e-05,6.684856393463956e-08,1.3540005640439417e-05,0.001375102955997971,0.00018505213447086527
27,6.272904342588722e-08,1.3664027892818758e-05,1.0315637753672235e-06,9.954721617219503e-05,0.9854984938756376,2.17321786376765e-06,6.96527656228654e-05,1.8677725007700967e-08,0.011835123397100957,2.055739373990273e-06,0.00013365620870277157,3.3733765121766636e-06,2.3818456794986085e-06,0.0001220834548777377,0.001160025665666138,1.1589729021718998e-06,5.167478366320161e-07,3.2983115530082427e-07,3.437977868874538e-05,1.3802461774477157e-05,9.21586200735206e-06,4.1521732089000457e-07,5.9194456477723785e-06,0.0006540966116845502,0.0003368213093360994
28,6.449600068971951e-08,1.3801701826397593e-05,1.5724295342590925e-06,8.733732501722688e-05,0.9910590276917042,1.5249739496976767e-06,6.323229101116266e-05,1.7480421236607967e-08,0.006690167557325984,2.0022951495252222e-06,0.0001446193535598246,2.981474879598979e-06,2.2448160915239755e-06,0.00014208444695122945,0.0007331490035336532,1.1808629737165226e-06,9.013983534682288e-07,4.373158152398602e-07,3.002825856376311e-05,1.4162099146712286e-05,1.620872961711186e-05,2.5599720005845064e-07,7.806849822410039e-06,0.0006757988860535989,0.0003093922654977229
29,6.449600068971951e-08,1.3801701826397593e-05,1.5724295342590925e-06,8.733732501722688e-05,0.9910590276917042,1.5249739496976767e-06,6.323229101116266e-05,1.7480421236607967e-08,0.006690167557325984,2.0022951495252222e-06,0.0001446193535598246,2.981474879598979e-06,2.2448160915239755e-06,0.00014208444695122945,0.0007331490035336532,1.1808629737165226e-06,9.013983534682288e-07,4.373158152398602e-07,3.002825856376311e-05,1.4162099146712286e-05,1.620872961711186e-05,2.5599720005845064e-07,7.806849822410039e-06,0.0006757988860535989,0.0003093922654977229
30,6.449600068971951e-08,1.3801701826397593e-05,1.5724295342590925e-06,8.733732501722688e-05,0.9910590276917042,1.5249739496976767e-06,6.323229101116266e-05,1.7480421236607967e-08,0.006690167557325984,2.0022951495252222e-06,0.0001446193535598246,2.981474879598979e-06,2.2448160915239755e-06,0.00014208444695122945,0.0007331490035336532,1.1808629737165226e-06,9.013983534682288e-07,4.373158152398602e-07,3.002825856376311e-05,1.4162099146712286e-05,1.620872961711186e-05,2.5599720005845064e-07,7.806849822410039e-06,0.0006757988860535989,0.0003093922654977229
31,1.4466059566632637e-07,2.3844582404034885e-05,3.5843681913052743e-06,0.00011783574204724483,0.9904065926448721,1.9786552491550934e-06,9.441836824200876e-05,4.7153719232001834e-08,0.006767655240935009,3.457315023482401e-06,0.000224645467667977,5.015769276307354e-06,4.047720275530758e-06,0.00021136037336427335,0.0007756577502038628,2.525359719213249e-06,1.9013519011935496e-06,8.997260130898902e-07,4.560392143288283e-05,2.0606754950355115e-05,3.2401049820935894e-05,4.294682988563129e-07,1.0474658371569058e-05,0.0008323688367782279,0.00041250306064630096
32,6.556858236387719e-08,1.4344433695084093e-05,1.522873023157973e-06,9.96007004330761e-05,0.9906141073197112,1.7205069915845048e-06,7.174172295327288e-05,1.918131689793695e-08,0.006971803077384443,2.2009685887779106e-06,0.00014784854362853196,2.949557835102609e-06,2.423108619134747e-06,0.00013577703343178478,0.0008355398183772306,1.3547218196482644e-06,9.60942609659159e-07,4.929979875373778e-07,4.0463925894760766e-05,1.4554463754204938e-05,1.826480544899262e-05,2.7950773408113854e-07,8.646810021803127e-06,0.0007046269079223379,0.0003086905022350561
33,7.748387921565375e-08,1.5170831744687457e-05,1.5492973933631464e-06,9.817299172226764e-05,0.9920647500936883,1.4270281213237859e-06,7.192154002407845e-05,2.05194298391965e-08,0.005722795311906228,1.7748686109001252e-06,0.00016980566144226655,3.548344428513697e-06,2.7412822402169665e-06,0.00013329262549075034,0.0007071422388706701,1.2651256509372992e-06,1.069147396249584e-06,5.095477428718341e-07,3.4244252220113575e-05,1.3905972403105323e-05,1.7756470016060832e-05,2.958351303334638e-07,7.426814358909437e-06,0.0006492341062164732,0.00028010260987230853
34,6.433297213587197e-08,1.3827588648458938e-05,1.5734795774900843e-06,8.731276030568807e-05,0.9910572111748288,1.525724801072136e-06,6.318761579811072e-05,1.74826007510803e-08,0.006690510164486627,2.006707275930562e-06,0.00014441576481939223,2.9849474547440308e-06,2.241808085911945e-06,0.00014232044985609948,0.0007332155207024193,1.1837773059046447e-06,9.031374619448474e-07,4.366938477547361e-07,2.9995231125729595e-05,1.4183662853619867e-05,1.6201853775995045e-05,2.559168592622265e-07,7.813132527558316e-06,0.0006764541435260079,0.0003101569285025823
35,1.4092063846189237e-07,1.884191544215069e-05,1.9249685803350987e-06,0.00013175851282471503,0.9863021297296578,2.948387295373122e-06,0.00012793233947001097,4.161963865725388e-08,0.010815103566153448,2.9001465305443288e-06,0.00022208503381573234,5.210126986373034e-06,3.882183256337406e-06,0.00014976007348046244,0.0008863567557425794,2.2703079037722582e-06,1.2415737929602602e-06,1.0785142022181806e-06,7.253570868017313e-05,1.5446479292771996e-05,2.5327410571707176e-05,5.358534332654416e-07,1.0582457206752641e-05,0.0008584251650110713,0.00034154025039218267
36,6.301091082991248e-08,1.3370065391360166e-05,1.5429926008154917e-06,8.482751725443618e-05,0.9912383698597372,1.491229528667887e-06,6.182697799567907e-05,1.679273162583945e-08,0.006555736022688363,1.934200983071777e-06,0.00014291232684080152,2.893962135077852e-06,2.1735537127990604e-06,0.00013888179912728687,0.0007113434136871736,1.130286032438823e-06,8.778172443512381e-07,4.2669032523809946e-07,2.9101213180258166e-05,1.3781247383719044e-05,1.6050911580675132e-05,2.456664751983431e-07,7.733465545577818e-06,0.0006698341486501976,0.0003034348282567217
37,7.411938661378543e-08,8.247017764656448e-06,2.04404351870546e-06,5.6017792447189624e-05,0.992736016491634,8.350296323197586e-07,5.5077046040418895e-05,9.382523982575554e-09,0.005401101178116756,1.1230927102622712e-06,0.000107659592868394,2.7333591133488126e-06,2.274867441744403e-06,0.00012656244428394,0.0002603273597897995,7.427287772655554e-07,7.057525607152801e-07,4.822985456382482e-07,1.380276354439366e-05,1.2739402493564947e-05,1.7091673426649852e-05,1.283132773328523e-07,7.776734025719635e-06,0.0009610992895131892,0.00022532822656353565
38,1.14411677940775e-07,1.7124180203516847e-05,2.5924390975556233e-06,0.00017375544152733617,0.9873003868450027,4.388257592156735e-06,0.00020297266703365698,4.066390284828357e-08,0.008861421086049759,3.908705169512393e-06,0.00017811593306938815,4.1988301270196495e-06,5.729596101981119e-06,0.00011938236730064894,0.0015615086593282308,4.842267435038489e-06,1.7674924308322817e-06,1.1622626331054301e-06,0.00011332470897494657,3.3446102741814816e-05,3.518893490911223e-05,4.6977003543289543e-07,1.5574974529051942e-05,0.000990941908668598,0.00036764149445763097
39,1.1743587860469781e-07,1.3720754690014686e-05,2.8404584623819403e-06,8.178374340838967e-05,0.9912689503037496,3.1853131033897152e-06,0.00015590219527167735,6.005146083926297e-08,0.006016253218331089,2.5312155801034848e-06,0.00024126898014436324,5.857903347348671e-06,3.5944532258364113e-06,0.0001274608587606792,0.0007848018956743951,3.737615534224692e-06,1.9771843311676243e-06,8.780844705081157e-07,5.489956274101173e-05,2.3150264883223168e-05,3.93317879315257e-05,4.5596428365492353e-07,1.0462165637050842e-05,0.0007488891425044294,0.00040788944659476837
40,8.215940028877294e-08,1.578788557581706e-05,1.8049709730758587e-06,6.081608894668465e-05,0.9917236189048783,1.3262963454663603e-06,5.309411803133857e-05,1.579656020544108e-08,0.005922220849867564,1.4089792963877127e-06,0.00017289061512501078,4.741225554765915e-06,2.143365904398827e-06,0.0001545147023699804,0.0009083428322964439,8.945721103431846e-07,9.453549825042172e-07,2.0678280307694617e-07,1.5115102858671098e-05,1.131922714066157e-05,1.0759503629077359e-05,3.5766242072801924e-07,4.409882020675942e-06,0.0005025406585272495,0.0004306424623815724
41,3.9972721572331897e-07,8.133379154338992e-05,2.6464267669293017e-05,4.054794812532691e-05,0.9819525258512775,1.2516771819511184e-06,0.0006077107139807746,2.0878053969259954e-07,0.005193905701141694,7.108156678733847e-06,0.0012548843254116349,1.782954478575054e-05,2.4849582833412523e-05,0.002235558430655096,0.0002028212708116266,1.0091798689078152e-05,2.2636704699902542e-05,1.4099002053929916e-05,0.0002424915190790206,9.236656281457777e-05,0.0027323720610713505,9.879435199080279e-07,5.113444053913148e-05,0.0036647450127784646,0.0015216751849028054
42,1.176311514957767e-07,3.070464727758876e-05,1.9644725184468095e-06,0.00018399333604965262,0.9860139948234113,3.837804323864355e-06,0.00014079229924553793,5.7877060290179884e-08,0.00969540755798008,4.29871397486397e-06,0.00022493598763147167,5.796143767449086e-06,5.583264179890904e-06,0.0001341304236168353,0.0021551073141544393,4.443758344261163e-06,1.9988376538698646e-06,5.880430416876046e-07,0.00011034935072008757,2.3457346636969487e-05,2.1930429512382676e-05,1.0763921297460265e-06,7.853562951237985e-06,0.0007607266333455853,0.0004668533493208638
43,4.639107761190609e-08,1.1777547253521898e-05,1.5955195332790855e-06,0.00011827572035296653,0.9863254264523256,4.14343891506198e-06,7.014797821036268e-05,2.819174755153042e-08,0.010887311704206567,5.315661271110472e-06,0.00012200583856728767,1.690808421540452e-06,2.132985713207691e-06,0.00014640088607276492,0.0012058344427734805,1.8096479083125208e-06,7.4619248652001e-07,6.014413589451969e-07,6.014090517782037e-05,2.3520896274063385e-05,2.082070943862152e-05,3.3640559727058584e-07,1.187257541361154e-05,0.0006721135050031294,0.0003059041549000333
44,6.449600068971951e-08,1.3801701826397593e-05,1.5724295342590925e-06,8.733732501722688e-05,0.9910590276917042,1.5249739496976767e-06,6.323229101116266e-05,1.7480421236607967e-08,0.006690167557325984,2.0022951495252222e-06,0.0001446193535598246,2.981474879598979e-06,2.2448160915239755e-06,0.00014208444695122945,0.0007331490035336532,1.1808629737165226e-06,9.013983534682288e-07,4.373158152398602e-07,3.002825856376311e-05,1.4162099146712286e-05,1.620872961711186e-05,2.5599720005845064e-07,7.806849822410039e-06,0.0006757988860535989,0.0003093922654977229
45,6.645309351959897e-08,1.5398979758150648e-05,1.7978934748610096e-06,8.099231476716207e-05,0.9914225977387527,1.3814836702786502e-06,5.679259005487739e-05,1.6366271213548344e-08,0.006277778323010941,2.1208317077081255e-06,0.00014929905269777297,3.048254469007213e-06,2.2109366161291655e-06,0.0001665606451268754,0.0006565109996006503,1.1706874908081666e-06,1.0501802558385452e-06,4.556284376370869e-07,2.8119787806440468e-05,1.433242946683471e-05,1.8714556570587077e-05,2.4396609555333793e-07,8.569544937956188e-06,0.0007475298023495348,0.0003432405535168259
46,7.592832645453676e-08,1.5874892978548457e-05,1.565096891330577e-06,9.819156308235487e-05,0.992031431536671,1.5978966493875144e-06,6.74323602410237e-05,1.8982777371757758e-08,0.0056779312070961785,1.8427469622112556e-06,0.0001575143002554845,3.557886681696476e-06,2.4277101817622344e-06,0.00012602440495434645,0.0007767426202097093,1.3113241628382876e-06,1.2029848883516817e-06,4.2074618699223265e-07,3.132539873991056e-05,1.3139192079243542e-05,1.5854759954101043e-05,2.9673410936412185e-07,7.948379674394288e-06,0.0006559963604250085,0.0003102749858211808
47,1.937191805128341e-07,5.865529503059205e-05,2.0982609913917933e-06,0.00014491524293524602,0.985171017354332,2.9551852066453404e-06,0.00013980720644067742,4.8510100102464544e-08,0.010331529664377158,2.9891370439106347e-06,0.00029413909369574643,1.5211224256348137e-05,6.847776319397766e-06,0.00017361049136606843,0.0018046414451553417,4.0921513201590355e-06,2.346278247443665e-06,4.564123741302149e-07,5.5346643342226085e-05,2.0708236194201864e-05,1.3282091803454845e-05,1.4406479698108696e-06,6.343402039164483e-06,0.0009608096320126435,0.0007865148982653591
48,1.6565322622562838e-07,9.351540532559908e-05,2.2547554213885077e-06,0.00034749878825141473,0.9889318300031699,3.6586953097601986e-06,0.00012372142413200778,6.424156086917416e-08,0.006676534621101752,7.197998787828087e-06,0.00025162194336003337,6.463537924041815e-06,5.839233739051095e-06,0.00021211753872118526,0.0018847912167777787,4.088552519228554e-06,5.936233205376978e-06,9.174905396786474e-07,0.00016168316878758444,1.69383752400565e-05,3.337358407455864e-05,1.2610162093626666e-06,1.6244807831460833e-05,0.0007546994321563777,0.00045758228262738054
49,8.39058617508069e-08,1.4793802982501365e-05,2.230751746096274e-06,8.441000666446718e-05,0.990450886686747,1.828116896143966e-06,6.534990763039813e-05,2.0282671739169904e-08,0.00720497936676831,2.1236521013581347e-06,0.00015590377581408207,4.163616001339476e-06,2.785493046056147e-06,0.00015082406760505125,0.00066076592731855,1.402150347179016e-06,9.769417510762654e-07,4.2542778977406036e-07,2.112253407734065e-05,1.7988961136908195e-05,1.4519886691381915e-05,2.923880842840341e-07,7.376770975326449e-06,0.0007822379409425137,0.000352507638349321
50,6.045269582953142e-08,2.149619632055831e-05,1.734983506753608e-06,0.00011302209743249728,0.9859953750757183,2.4943604634815954e-06,0.00010872216479953688,3.537607662179442e-08,0.011041950845385734,4.535952607508477e-06,0.00016180663427325045,3.2955858343275204e-06,3.4141331979252083e-06,0.00022122465493902674,0.0011962365561988015,1.8352739375762253e-06,9.284779699039778e-07,5.958759081664215e-07,6.800192321169339e-05,2.1302752677036224e-05,2.3289426696183287e-05,5.130317552255927e-07,8.042855778802096e-06,0.000602643110917316,0.0003974422016977913
51,1.3145960626535807e-07,0.00010515786772199773,1.8742985104859922e-06,0.00039012432881762655,0.9859383685164038,1.990463662876841e-06,6.080682409257484e-05,5.66805915064882e-08,0.00971942570518322,6.82588313391447e-06,0.00025727620425465927,6.8779766562143045e-06,6.22638608458854e-06,0.00033601484986747884,0.002089621131388345,1.85061592578166e-06,1.4809577348553297e-06,6.414963748636735e-07,7.552549915679395e-05,1.8258960767980883e-05,1.2452078925716511e-05,1.1894791366867488e-06,5.873103496229515e-06,0.0005569550232915813,0.00040499420921380014
52,7.204918720963706e-08,1.500689033210309e-05,1.724803357485957e-06,0.00011563376019754956,0.9894028729266736,1.9065593388714722e-06,6.666971046029111e-05,2.3179799161176568e-08,0.008083281134308496,2.916432822823235e-06,0.0001559188911753798,2.871638098543801e-06,2.7414580790050123e-06,0.00016756124557520044,0.0008884146118982712,1.4388600368074403e-06,8.992887024710177e-07,6.338387105115917e-07,4.056781569760551e-05,1.853318440367426e-05,1.7610371553846425e-05,3.0926786395681545e-07,9.058618804944718e-06,0.0007022070364103633,0.00030112642651182795
53,5.1526683187581716e-08,7.740572421161217e-06,1.0944992333947321e-06,4.724146064667846e-05,0.9897018197629993,1.6810335138782857e-06,0.00013457200367325575,1.558180879446199e-08,0.00795785063893865,8.879747596710484e-07,0.0001429077235278941,4.748570240954836e-06,1.6452837005974876e-06,0.00010247497069312879,0.0008051807463914634,1.3182549539495986e-06,6.513903976858238e-07,3.2062052142056425e-07,2.32206225952946e-05,1.2557429390143008e-05,1.3430008548231154e-05,1.9562455932551952e-07,7.26696374793909e-06,0.0006152517735198667,0.00041587496253402535
54,9.430778791541725e-08,3.3532827123695623e-06,8.031578821495066e-07,0.00011633622749598286,0.9969919410698642,1.548503300870747e-06,5.572859158668656e-05,1.3814584500137266e-08,0.0019302808332905368,6.6595793971451e-07,0.0001961056255412964,6.961351571320409e-07,1.9986966279116397e-06,3.2505158693250145e-05,0.00022609653673758709,3.0061216077170037e-07,8.243980678949265e-07,1.1817989307466123e-06,4.109123328075158e-05,6.352912417392406e-06,2.8882563600815752e-05,1.2125715202704683e-07,1.1070439700634927e-05,0.0003190823401708136,3.2924545316120214e-05
55,7.3754618302289e-08,2.4980475517393044e-05,2.4035993782019363e-06,0.00011090997067486749,0.9916220086500808,1.8041959222399598e-06,4.662845963515119e-05,3.1133556195315445e-08,0.005654752038918692,5.19002256839018e-06,0.00019046469296645838,1.9622096924425925e-06,2.6856888531792323e-06,0.00024855354282345,0.0010981640465940082,1.4570777815646334e-06,1.7253599902784188e-06,5.951099686405018e-07,5.0288020743464696e-05,2.047144518065629e-05,2.957544624917883e-05,4.2819518127553603e-07,9.621683395222283e-06,0.0005324278338299243,0.0003427973458797961
56,7.054029405483251e-08,1.4572375742981758e-05,1.6472391121649434e-06,9.168395732394132e-05,0.9908003526217776,1.5576449410702482e-06,6.71799278765695e-05,1.8560034612813292e-08,0.006880688863087022,2.0547666303596854e-06,0.00015115224432688557,3.1981591696146483e-06,2.5150595070576656e-06,0.00014640137716109066,0.0007455929980947012,1.2234691037165226e-06,9.322286233556774e-07,4.641868711485153e-07,3.1613253159801394e-05,1.4834957115013762e-05,1.6834503221882094e-05,2.796692565834446e-07,7.882443078651202e-06,0.0007048079121806479,0.0003124410423097311
57,2.6192400992022365e-08,1.4872484137543954e-06,4.906350707561577e-07,1.8753130219550588e-05,0.9952090543392673,9.307186101777477e-07,6.9592605919777194e-06,3.069757532091409e-09,0.004106445039399619,4.053710321067302e-07,6.680813699018542e-05,6.324018055924784e-07,1.1910710602372377e-07,7.986589455939717e-05,0.00020534648272462337,5.96305454577733e-08,1.811457947146747e-07,9.05487043511091e-08,8.018984888660122e-07,3.2518715989808466e-06,1.7521229960712765e-06,3.524725152163472e-08,5.955559959975533e-06,0.000175932107348361,0.00011461283936202573
58,5.399408251742714e-08,1.1262351959691072e-05,1.4553053678047185e-06,7.999232150469318e-05,0.9910454625487544,1.3743122210145593e-06,5.784684436791883e-05,1.2254552626323646e-08,0.0067727364712015905,1.7159499073462267e-06,0.00011483016182090465,2.5776717192311366e-06,2.134269221180911e-06,0.00011883771521153147,0.0005851697565147548,1.0625080346244207e-06,7.259967347502075e-07,3.8917013106073203e-07,2.5610531306020332e-05,1.4393471650284694e-05,1.4739161234837936e-05,1.9257626106831073e-07,8.098009261304263e-06,0.0008600059667747134,0.0002793206802041346
59,5.5258885676877936e-08,1.2003465098904362e-05,1.818009716447059e-06,7.64129249643793e-05,0.9910757409703795,1.416444363502205e-06,5.444329918850424e-05,1.3056010161019475e-08,0.006687890493319235,2.0375770925114225e-06,0.00011484904880431425,2.496578181648263e-06,2.092880623035673e-06,0.00013932382758069845,0.0005610873423799712,1.1456389167411121e-06,8.33244012456931e-07,4.0301685763005974e-07,2.3594615913259706e-05,1.584716193617983e-05,1.6831708499170728e-05,1.8760523606033537e-07,8.779894778868595e-06,0.0008928839324018591,0.00030781200485932375
60,6.449600068971951e-08,1.3801701826397593e-05,1.5724295342590925e-06,8.733732501722688e-05,0.9910590276917042,1.5249739496976767e-06,6.323229101116266e-05,1.7480421236607967e-08,0.006690167557325984,2.0022951495252222e-06,0.0001446193535598246,2.981474879598979e-06,2.2448160915239755e-06,0.00014208444695122945,0.0007331490035336532,1.1808629737165226e-06,9.013983534682288e-07,4.373158152398602e-07,3.002825856376311e-05,1.4162099146712286e-05,1.620872961711186e-05,2.5599720005845064e-07,7.806849822410039e-06,0.0006757988860535989,0.0003093922654977229
61,5.467674153460474e-08,1.0772716505120419e-05,1.7942390890158018e-06,7.064755768509532e-05,0.9912613214712727,1.3381207784745713e-06,5.242324073265394e-05,1.2294649203119373e-08,0.006626348326160596,1.8557890400157293e-06,0.0001113630523481216,2.396017232589503e-06,1.9167794188912147e-06,0.00013516396901283413,0.0004958644548011278,9.96537461648307e-07,7.591146937906783e-07,3.8987944703955564e-07,2.150124251859142e-05,1.4065379813474432e-05,1.6770558410847182e-05,1.707123611553045e-07,8.507779415942262e-06,0.0008720279410666641,0.00029153814934281463
62,6.449600068971951e-08,1.3801701826397593e-05,1.5724295342590925e-06,8.733732501722688e-05,0.9910590276917042,1.5249739496976767e-06,6.323229101116266e-05,1.7480421236607967e-08,0.006690167557325984,2.0022951495252222e-06,0.0001446193535598246,2.981474879598979e-06,2.2448160915239755e-06,0.00014208444695122945,0.0007331490035336532,1.1808629737165226e-06,9.013983534682288e-07,4.373158152398602e-07,3.002825856376311e-05,1.4162099146712286e-05,1.620872961711186e-05,2.5599720005845064e-07,7.806849822410039e-06,0.0006757988860535989,0.0003093922654977229
63,6.849785302080996e-08,1.7670818982507562e-05,1.6021969322446673e-06,9.797821902533357e-05,0.9906935266150892,1.5608159121937262e-06,6.399303792500757e-05,1.9016292749455827e-08,0.006863249791880734,2.244305521561764e-06,0.00015102923009473494,3.36246946225921e-06,2.40393923893862e-06,0.00015445205202766589,0.0008149569329050925,1.2997115160527855e-06,1.0368484133627932e-06,4.400096054531929e-07,3.395521824040701e-05,1.4135187630146308e-05,1.6587981531804106e-05,2.9762505181820825e-07,8.079607020677794e-06,0.0007125363836574533,0.00034351348818952016
64,6.451753509722305e-08,1.1973752750821198e-05,1.7622457558468168e-06,7.301635019649045e-05,0.9923342932580265,1.3419355726831552e-06,6.803819091975042e-05,1.6573180753487515e-08,0.005614013683830336,1.8293160260547223e-06,0.0001465934675821,2.529535057471166e-06,2.2650295324906408e-06,0.00014201913297918488,0.0005434624338941694,1.0812344389517395e-06,9.835705477306265e-07,5.248761421228772e-07,3.198323043044706e-05,1.3708324792386242e-05,2.47514327260664e-05,2.126400091913783e-07,8.773223491325165e-06,0.0007024170602170527,0.0002723449843647511
65,6.769101826223107e-08,9.819251825285788e-06,1.069284010160799e-06,0.00010238588978918751,0.993382357297781,1.8577729535711508e-06,8.351837804906555e-05,1.7740047378148764e-08,0.004651766548203183,1.3366620483349797e-06,0.00016355624824876066,2.431276416098483e-06,2.051013492887914e-06,7.833709675168401e-05,0.0007515480366242681,1.0510429182940424e-06,9.941699721147686e-07,5.204960465442891e-07,4.463714094640468e-05,9.947323269461902e-06,1.860745749753875e-05,2.306710453874729e-07,8.82129825917257e-06,0.0004875541532340902,0.00019551605955207761
66,7.204605899172909e-08,1.3930338090852463e-05,1.982736866917918e-06,8.736432052972388e-05,0.9913869809187874,1.3622825537109785e-06,7.186461040532503e-05,2.2540731469718918e-08,0.006416456569963156,2.213296393727813e-06,0.0001593442377277326,3.229280693806014e-06,3.4250926339319983e-06,0.0001549308248683673,0.0006913170489283835,1.4350751182671885e-06,8.5298185498174e-07,5.221259350506618e-07,2.976756932930709e-05,2.086802982192139e-05,1.747841245519172e-05,3.009731298362395e-07,5.8570455819620796e-06,0.0006458745562309445,0.0002825470853087391
67,6.540835251895527e-08,1.218157926850897e-05,2.7953344959334325e-06,0.00010033166473492503,0.9923118558856252,1.588102756057201e-06,5.691704653724399e-05,1.608938401475561e-08,0.005332910625018054,3.019657551671591e-06,0.0001251344207093093,2.030332978304811e-06,2.8943519910658147e-06,0.0001684899960739611,0.0005454532759191766,1.5740677763269415e-06,1.257481739111068e-06,7.58562372268463e-07,3.004936122075871e-05,2.7259359400331735e-05,2.6920422093955203e-05,1.6795472188471818e-07,1.3964897516632082e-05,0.0009647009151590377,0.00026766320660388316
68,4.269992953624832e-08,9.932246657215797e-06,1.80405029327742e-06,6.90966236738711e-05,0.9898192456397249,1.1949504470906968e-06,4.369899473473503e-05,9.323232450111705e-09,0.007961186618272956,1.9043808576053017e-06,9.334133559715766e-05,2.5406231706813193e-06,1.7103491716838594e-06,0.0001753788863135218,0.0005455792990920965,8.729505278761707e-07,5.740100930593839e-07,3.0735871311424374e-07,1.3746932876598571e-05,1.68874245164984e-05,1.0812944068072595e-05,1.4060755095365512e-07,7.987558937409485e-06,0.0008732798678735481,0.00034872432367408104
69,6.470990574997151e-08,1.3871587190568612e-05,1.5195964434254119e-06,8.784060962440899e-05,0.9911436394806321,1.5167989333058637e-06,6.255220838703451e-05,1.7247289834260797e-08,0.0066196251063611105,1.9447762472921356e-06,0.0001450116700091424,2.989264138909049e-06,2.2010312536929597e-06,0.0001381465460273435,0.0007415624829380192,1.1516840646226244e-06,8.996977417335828e-07,4.2322846402480425e-07,2.9882051876907243e-05,1.3541086597439907e-05,1.5668711223334546e-05,2.5789580938748437e-07,7.664063440405222e-06,0.0006616824098169843,0.0003063260555830582
70,6.841161051406471e-08,1.4920502473411484e-05,1.6620584912654589e-06,8.855494588841002e-05,0.9908473507215966,1.6002289925205169e-06,6.730250253164131e-05,1.9311413693807065e-08,0.006784817178757328,2.1588367412174505e-06,0.0001546870083999894,3.2019388310900728e-06,2.3673968344107336e-06,0.00015075623340396599,0.0007574003951065307,1.328223206154696e-06,1.003854763846625e-06,4.841830541118482e-07,3.370225462159285e-05,1.4812036929570499e-05,1.8283043334380695e-05,2.7669771343733587e-07,8.314986801557623e-06,0.0007120775911201416,0.0003328494573827707
