,0,1,2,3,4,5,6,7,8,9,10,11,12,13,14,15,16,17,18,19,20,21,22,23,24
0,7.147899439473802e-07,1.4715043758799864e-05,2.4727417750984456e-06,1.6338775940535964e-05,0.9562216313533359,1.8401593021407482e-06,1.4426275683691716e-05,5.40996183756974e-10,3.695293365494441e-06,3.4320720952597497e-06,1.2723604872695244e-05,3.853124699142031e-05,6.686521406518756e-07,0.04257472454773743,8.915710941865241e-08,2.4182772367528948e-06,8.926553063845005e-09,0.0006854407765615513,2.251392562361314e-07,6.033913909137737e-06,1.751849640809536e-05,1.419771476175715e-07,2.4069709121270612e-06,7.372016377829118e-09,0.000379793894950464
1,8.899173765152747e-07,1.4568947033035099e-05,2.278398428618173e-06,1.5190718993719571e-05,0.9713113762323118,1.866911884317715e-06,1.4892948200714995e-05,7.458557266528478e-10,6.086394084242981e-06,4.785951223728974e-06,1.0559001135192755e-05,2.8132909430566716e-05,6.975353266546987e-07,0.027750600755237997,7.973471974408e-08,3.789579118552704e-06,8.23559353922907e-09,0.0005245438932004661,3.06096268703086e-07,6.273945848413999e-06,1.2538471467548342e-05,1.2409803882217762e-07,1.997087980486959e-06,8.083543163923667e-09,0.00028840340769765977
2,9.332951321571039e-07,3.218727918403066e-05,4.0560942577289056e-06,3.0324426302604792e-05,0.9466131182073879,3.7757728639822535e-06,1.3974597330460225e-05,4.834108558498173e-10,2.1515076070550057e-06,2.956975388360182e-06,2.8171673365600426e-05,0.00013018458937225286,1.7747287271572246e-06,0.051792513937682666,7.282800098305368e-08,4.23921035664788e-06,2.4159071464774076e-08,0.0011030637132416834,2.5975745013750755e-07,2.7770068422657302e-06,3.0263193872952406e-05,9.689363170493482e-08,1.644471623546952e-06,6.4207410288169784e-09,0.0002014287771547706
3,7.360739307190304e-07,1.4805072187717887e-05,2.545051939844949e-06,1.6381095041937778e-05,0.955675238460095,2.007594866847683e-06,1.537799366696654e-05,5.793149147111007e-10,3.8045354991432094e-06,3.720858302700202e-06,1.2726428066650116e-05,3.938727909014975e-05,6.930728629377174e-07,0.04308920519937955,9.369673683633293e-08,2.6240202590649705e-06,9.104873289165888e-09,0.0007011797758533294,2.489109840155968e-07,6.785104356850021e-06,1.8424060240553684e-05,1.506181306254761e-07,2.5293457699709598e-06,7.672679269036703e-09,0.0003913183958713046
4,7.138940131054182e-07,1.6906456090755655e-05,2.484939026182734e-06,1.6831970370126556e-05,0.9509989712230997,1.936190439683915e-06,1.5167924973569447e-05,5.577698765800778e-10,3.4195103293313454e-06,3.294705711985609e-06,1.4470925608525043e-05,5.200560755994946e-05,9.32313661494964e-07,0.04767187326614533,7.704649598509194e-08,2.534461696053252e-06,1.0610224106248877e-08,0.000796926670355918,2.496648973433131e-07,6.127079954291512e-06,1.844808667272698e-05,1.4748461300147087e-07,2.431779973575258e-06,6.530511499483162e-09,0.00037403109980609556
5,1.1584572205033716e-06,1.3305826720421407e-05,3.1099953977730302e-06,2.5082980837771173e-05,0.9399765067987759,2.0613839096632406e-06,1.9698048130146556e-05,8.402254317267726e-10,4.763112041614507e-06,5.794583805773767e-06,1.4317365516462277e-05,5.286074902527852e-05,8.738630553502865e-07,0.05770825258796632,8.717977376409655e-08,3.522305949854625e-06,1.3465714530341114e-08,0.001558507794464025,2.369934802271753e-07,1.1609207524981312e-05,2.3468274731429063e-05,1.9259378994726022e-07,3.3470268057888367e-06,1.233813392993944e-08,0.0005712162270031696
6,7.360739307190304e-07,1.4805072187717887e-05,2.545051939844949e-06,1.6381095041937778e-05,0.955675238460095,2.007594866847683e-06,1.537799366696654e-05,5.793149147111007e-10,3.8045354991432094e-06,3.720858302700202e-06,1.2726428066650116e-05,3.938727909014975e-05,6.930728629377174e-07,0.04308920519937955,9.369673683633293e-08,2.6240202590649705e-06,9.104873289165888e-09,0.0007011797758533294,2.489109840155968e-07,6.785104356850021e-06,1.8424060240553684e-05,1.506181306254761e-07,2.5293457699709598e-06,7.672679269036703e-09,0.0003913183958713046
7,9.572698162256355e-07,2.1807678880417312e-05,5.7652123236518675e-06,1.463813653382775e-05,0.9744873892422953,1.5242734881946288e-06,1.2304939705372806e-05,7.921615383218047e-10,2.1796071749565156e-06,2.5211386326669366e-06,1.6549775067495e-05,4.414170498454941e-05,1.603936994564281e-06,0.024672650432125808,6.708272785323063e-08,1.600910472248113e-06,7.983523358125197e-09,0.0005423953352606728,3.898417850150615e-07,4.567278149377115e-06,1.6284384168782373e-05,1.2758014281729676e-07,1.0085785796750455e-06,5.627264415619959e-09,0.0001495112577414851
8,7.684031731780821e-07,1.1671913971265516e-05,2.4886886203976386e-06,1.847019780378869e-05,0.935202223839928,1.3549470344245768e-06,1.4913439703802036e-05,4.0621970749469985e-10,7.902180972198695e-06,6.204431352381453e-06,1.3869787347991369e-05,1.4718591508214089e-05,3.017883430966809e-07,0.0632069987341927,1.841188365829534e-07,1.62366413147059e-06,6.41675599466037e-09,0.0005885851559468512,1.198639242833163e-07,7.233413877207306e-06,1.4667747214220072e-05,2.2750705044789921e-07,3.409533117162024e-06,2.8793627289026885e-08,0.0008820264353472852
9,9.427677086446346e-07,1.0205889878681034e-05,4.745505050214197e-06,3.0223243869154578e-05,0.9352092503761521,2.3177426706455236e-06,1.2259891391619088e-05,8.234246281129457e-10,6.306841601554767e-06,8.029172373267373e-06,1.8348375464301984e-05,2.343871150395133e-05,6.786292739911768e-07,0.06348850932405166,1.4721053843690483e-07,3.0069579961213543e-06,1.1358338647338768e-08,0.0007360578726880145,2.2295995360604532e-07,1.33070774438013e-05,2.24437331188812e-05,2.49638193463602e-07,3.997419967454433e-06,2.8866067949314694e-08,0.0004052696112793265
10,7.360739307190304e-07,1.4805072187717887e-05,2.545051939844949e-06,1.6381095041937778e-05,0.955675238460095,2.007594866847683e-06,1.537799366696654e-05,5.793149147111007e-10,3.8045354991432094e-06,3.720858302700202e-06,1.2726428066650116e-05,3.938727909014975e-05,6.930728629377174e-07,0.04308920519937955,9.369673683633293e-08,2.6240202590649705e-06,9.104873289165888e-09,0.0007011797758533294,2.489109840155968e-07,6.785104356850021e-06,1.8424060240553684e-05,1.506181306254761e-07,2.5293457699709598e-06,7.672679269036703e-09,0.0003913183958713046
11,7.466462622511215e-07,1.60466670770277e-05,2.684100681454483e-06,1.701943035257348e-05,0.9556333071858061,2.102293769670799e-06,1.616251428898574e-05,6.476493179710077e-10,3.710413928489362e-06,3.6364330070982008e-06,1.3058325363163931e-05,4.5938026955923706e-05,8.473544399922866e-07,0.04310148101346561,8.8356701647829e-08,2.8119122036700467e-06,1.023265123417341e-08,0.0007419343052466933,2.752222719211698e-07,6.865550330726266e-06,1.8397156032207666e-05,1.5371469798250068e-07,2.44956859732853e-06,7.064537600035095e-09,0.0003702658636814375
12,3.749043318893017e-06,3.105784625645725e-05,1.8178787508290022e-05,0.00010002651215454941,0.9570593613033966,7.488840735560908e-06,6.808767440678516e-05,1.1535286970201378e-08,2.482093880393472e-05,3.90894433574105e-05,6.025455590675143e-05,4.598881883596567e-05,3.6433900604737625e-06,0.04157319407894543,8.266961355418172e-07,2.1288828071999998e-05,6.417297300358502e-08,0.0006156831922016819,2.2486635003253126e-06,1.6321032218661707e-05,5.9255700694886385e-05,1.4307486704147644e-06,4.032908213234778e-06,8.58641558511027e-08,0.00024380942419046403
13,5.326381399054073e-07,1.4421100149494092e-05,2.1786493165392326e-06,1.5557545780234118e-05,0.9548500319031571,1.3517059443815245e-06,8.731351714043218e-06,2.9602262594229033e-10,2.050223834199331e-06,1.777893705441967e-06,2.622563155489232e-05,4.4079638456432805e-05,8.129062398947372e-07,0.04428424559417649,8.83579276531465e-08,1.6564171065797097e-06,7.835329965327606e-09,0.0004987690823225262,1.8708086268539628e-07,3.176019504778704e-06,1.7449239626525428e-05,9.651111312261691e-08,2.355343393530611e-06,6.677669322907214e-09,0.0002242103569517948
14,1.8118622111883325e-06,8.16456977712418e-06,6.731121993568438e-06,7.679148828982867e-05,0.923626749847944,1.7300548324096235e-06,3.414887246441748e-05,2.7975796631840472e-09,1.9951626158636374e-05,1.3959452917931134e-05,1.4439361028229866e-05,1.8598658664481508e-05,6.129506361808404e-07,0.07325789904411448,2.6089870335270825e-07,3.835032102193079e-06,2.656488786622979e-08,0.001598120289641311,1.7236418449487887e-07,2.05967217617656e-05,2.2782797681806896e-05,5.518956824856663e-07,7.254919821168043e-06,5.980120662302484e-08,0.0012647470057146452
15,7.360739307190304e-07,1.4805072187717887e-05,2.545051939844949e-06,1.6381095041937778e-05,0.955675238460095,2.007594866847683e-06,1.537799366696654e-05,5.793149147111007e-10,3.8045354991432094e-06,3.720858302700202e-06,1.2726428066650116e-05,3.938727909014975e-05,6.930728629377174e-07,0.04308920519937955,9.369673683633293e-08,2.6240202590649705e-06,9.104873289165888e-09,0.0007011797758533294,2.489109840155968e-07,6.785104356850021e-06,1.8424060240553684e-05,1.506181306254761e-07,2.5293457699709598e-06,7.672679269036703e-09,0.0003913183958713046
16,9.514574734468003e-07,1.5603590708144857e-05,2.5554984729229244e-06,2.3272568290486602e-05,0.9092202874835847,2.3108711457600473e-06,2.04364996409624e-05,5.276938746796238e-10,2.364393532859755e-06,6.9792794889393015e-06,1.5471779592206526e-05,0.00012271907284825732,7.923074652330181e-07,0.08711241019926826,7.225354613268942e-08,3.7330683722440526e-06,1.4648992619037524e-08,0.00264643638558201,2.317837842482705e-07,1.1059777916642524e-05,5.749330242177322e-05,2.1781316858914458e-07,3.0013934020686967e-06,7.700516328119861e-09,0.0007315763430910378
17,9.795468092798548e-07,1.720530014426544e-05,2.1963752525636274e-06,1.4721103170409065e-05,0.9168468657545258,1.2698336714833223e-06,1.53453912256543e-05,5.919673459483656e-10,2.396206117676311e-06,2.9377822775732863e-06,1.2873505663681202e-05,0.00013582404818463054,1.181635862149923e-06,0.07952736666552379,4.150950329420855e-08,1.938536267852963e-06,1.3742321296162499e-08,0.0025859892847863433,2.477641822892189e-07,1.0228596352374718e-05,2.8673635353634675e-05,2.062406599908027e-07,3.436674488615673e-06,4.5572629407722305e-09,0.0007880557184253627
18,1.6918076156172874e-06,3.130450282835422e-05,2.1469291264769246e-06,1.9259557242305484e-05,0.8678870227773712,2.869804441429199e-06,3.298402265855344e-05,8.696270257183113e-10,7.686280095627436e-06,7.134295471636324e-06,1.7884189687684468e-05,0.00015394128358696405,1.3576997129415815e-06,0.12613722260304358,9.390029727213314e-08,3.860775717202267e-06,3.176810849448392e-08,0.0035989066554737606,3.221571898458779e-07,1.4638038493657417e-05,3.111666817920317e-05,4.24842143267155e-07,6.286739705366692e-06,1.0959903141555047e-08,0.0020418008722795
19,5.138371040929546e-07,1.2395137571139084e-05,2.633673079822803e-06,1.3753148192559536e-05,0.9685210055745034,1.2435027683193747e-06,1.2348827238263048e-05,5.854540083977738e-10,2.5817196852979302e-06,2.2819260887902067e-06,8.890639270120839e-06,4.014007788676597e-05,8.029919884733876e-07,0.030570339407882757,5.400660241125133e-08,1.8233490720922426e-06,6.815229350406892e-09,0.0005603863894408223,2.2765677831151916e-07,5.27490188234439e-06,1.2868875817374205e-05,1.1947813731482425e-07,1.3676780501113866e-06,4.081205445877868e-09,0.00022893571907093717
20,4.807560398317983e-07,1.20882157131167e-05,3.0328722270281697e-06,1.9449364565764014e-05,0.9625913197403547,2.1441072154880743e-06,2.1221503323430852e-05,8.229191468137966e-10,3.4497537981635586e-06,3.486451005958627e-06,1.613026525644333e-05,2.358288068793755e-05,5.347005885476602e-07,0.03660583076724217,2.7336244126324796e-07,2.317174211746778e-06,6.901237419054397e-09,0.00031416288173116556,3.104497192182963e-07,6.82952306968091e-06,2.812893467016393e-05,2.313969325449549e-07,3.4722040130146626e-06,9.712253942839139e-09,0.0003415052587819527
21,7.582066961004893e-07,1.4514214802200751e-05,1.7265598193767208e-06,1.328689542633696e-05,0.9568323291791415,1.324451640900888e-06,8.683431167066976e-06,3.1627146725289753e-10,2.3965393989360034e-06,3.568546492914056e-06,1.2940971397026297e-05,5.601964550494907e-05,6.225274322063125e-07,0.04176506458855827,4.341193041775959e-08,2.288389086509851e-06,6.722577549294744e-09,0.000940266284581027,1.8569681511992074e-07,5.022080158809803e-06,2.273338290861962e-05,8.838100124141801e-08,1.7630381892609692e-06,5.563058573306409e-09,0.0003143609759436206
22,1.1014893745662796e-06,1.4864167295962797e-05,4.535872885411638e-06,3.1110317761556365e-05,0.9296164126244655,2.5658000931708235e-06,1.4422082210112824e-05,6.927649318220858e-10,3.3038173535361144e-06,6.528498569117826e-06,2.381224934106549e-05,6.999500405229066e-05,9.626636332892603e-07,0.06834567133464826,1.0697322580845478e-07,3.6368976265492106e-06,1.844207873066528e-08,0.0014284743625418597,2.6257505102758363e-07,9.132223238526521e-06,3.6437320050039555e-05,2.2099167431793687e-07,2.8821928919608334e-06,1.4149068153473607e-08,0.0003835272581041347
23,7.360739307190304e-07,1.4805072187717887e-05,2.545051939844949e-06,1.6381095041937778e-05,0.955675238460095,2.007594866847683e-06,1.537799366696654e-05,5.793149147111007e-10,3.8045354991432094e-06,3.720858302700202e-06,1.2726428066650116e-05,3.938727909014975e-05,6.930728629377174e-07,0.04308920519937955,9.369673683633293e-08,2.6240202590649705e-06,9.104873289165888e-09,0.0007011797758533294,2.489109840155968e-07,6.785104356850021e-06,1.8424060240553684e-05,1.506181306254761e-07,2.5293457699709598e-06,7.672679269036703e-09,0.0003913183958713046
24,3.9967600367468625e-07,1.0738697431007856e-05,1.4997553895738586e-06,1.326053370128806e-05,0.9607094465039998,1.1585338147331755e-06,8.718526797723455e-06,3.422352287811774e-10,2.1668709037707237e-06,1.8774167649685608e-06,9.57469454292506e-06,4.341142245475641e-05,7.206874821642353e-07,0.03834937493854463,3.8509837450653745e-08,2.071043242055537e-06,5.815025246479811e-09,0.0006088352189083844,1.4502144492388473e-07,4.132064357177905e-06,1.148072495470367e-05,7.125089544236745e-08,1.6402106955739935e-06,3.4479431729820786e-09,0.0002192280926298504
25,7.320478549293458e-07,8.874021213850844e-06,2.8503807112684373e-06,2.440381547733398e-05,0.9661518025081226,1.1258159629136404e-06,1.6041139607575366e-05,8.222858058116137e-10,2.119422758128091e-06,2.7468467771649536e-06,1.7126454839799672e-05,4.067571110636451e-05,9.499465035133416e-07,0.032664813639583894,8.332069120129696e-08,2.7022415436751274e-06,7.678791130886329e-09,0.0008038587648118703,2.466693675713469e-07,6.207334961153107e-06,2.355444588489801e-05,1.1349136789213183e-07,2.424787880144965e-06,6.2239155386291985e-09,0.00022653246797958707
26,1.2970281543497663e-06,1.559922166945795e-05,2.493661604999454e-06,1.910453184199769e-05,0.9653512533659928,1.8326087996403231e-06,1.5905276020242078e-05,9.20430521224126e-10,1.2029829696318443e-05,3.992297970780367e-06,1.3588415923778899e-05,2.0937466635257927e-05,6.361644687018674e-07,0.03340570407769048,1.3202945390166914e-07,2.5664074679625943e-06,1.0933426927388145e-08,0.0005596046961884052,2.2498559047404521e-07,8.570187522413571e-06,1.1357457161314533e-05,1.6373259728601618e-07,4.652102236283178e-06,2.030390023325283e-08,0.0005483222975553834
27,7.07343308457402e-07,1.5065679847915035e-05,2.3224228673206427e-06,1.589727944436397e-05,0.9489073645879929,2.3687501501256496e-06,2.277282397612309e-05,7.270026455789468e-10,8.200522876918295e-06,5.687408132003084e-06,1.2818728153856084e-05,2.6438797014406398e-05,5.722068461041902e-07,0.0497814475923064,1.756464999575108e-07,2.9198062322236524e-06,1.0059729101821622e-08,0.0005261499494085724,2.7752449855307125e-07,9.842196494973861e-06,1.558647164721233e-05,2.8078500036277324e-07,3.6349022521002076e-06,1.3426361306452694e-08,0.0006394443619562862
28,7.360739307190304e-07,1.4805072187717887e-05,2.545051939844949e-06,1.6381095041937778e-05,0.955675238460095,2.007594866847683e-06,1.537799366696654e-05,5.793149147111007e-10,3.8045354991432094e-06,3.720858302700202e-06,1.2726428066650116e-05,3.938727909014975e-05,6.930728629377174e-07,0.04308920519937955,9.369673683633293e-08,2.6240202590649705e-06,9.104873289165888e-09,0.0007011797758533294,2.489109840155968e-07,6.785104356850021e-06,1.8424060240553684e-05,1.506181306254761e-07,2.5293457699709598e-06,7.672679269036703e-09,0.0003913183958713046
29,7.360739307190304e-07,1.4805072187717887e-05,2.545051939844949e-06,1.6381095041937778e-05,0.955675238460095,2.007594866847683e-06,1.537799366696654e-05,5.793149147111007e-10,3.8045354991432094e-06,3.720858302700202e-06,1.2726428066650116e-05,3.938727909014975e-05,6.930728629377174e-07,0.04308920519937955,9.369673683633293e-08,2.6240202590649705e-06,9.104873289165888e-09,0.0007011797758533294,2.489109840155968e-07,6.785104356850021e-06,1.8424060240553684e-05,1.506181306254761e-07,2.5293457699709598e-06,7.672679269036703e-09,0.0003913183958713046
30,7.360739307190304e-07,1.4805072187717887e-05,2.545051939844949e-06,1.6381095041937778e-05,0.955675238460095,2.007594866847683e-06,1.537799366696654e-05,5.793149147111007e-10,3.8045354991432094e-06,3.720858302700202e-06,1.2726428066650116e-05,3.938727909014975e-05,6.930728629377174e-07,0.04308920519937955,9.369673683633293e-08,2.6240202590649705e-06,9.104873289165888e-09,0.0007011797758533294,2.489109840155968e-07,6.785104356850021e-06,1.8424060240553684e-05,1.506181306254761e-07,2.5293457699709598e-06,7.672679269036703e-09,0.0003913183958713046
31,1.337643865516564e-06,1.292031963611306e-05,3.7894117024632584e-06,1.4349091492458725e-05,0.9665224070490733,1.0536593849793293e-06,1.308388027539306e-05,1.0155610495386908e-09,2.547524047314827e-06,3.0143772729349253e-06,8.222732840959176e-06,5.039315853031571e-05,8.791791004373042e-07,0.03156782482612231,4.701918505748892e-08,1.8567429957442664e-06,8.081024423917788e-09,0.0013362855147539049,3.4650407051940725e-07,9.21684668668167e-06,1.9201992011633654e-05,1.466883821302914e-07,2.089388889472138e-06,5.203456907896147e-09,0.00042897214963794273
32,7.104163104098719e-07,1.4722125809169739e-05,2.5732774775299804e-06,1.4746512418482738e-05,0.9582479179128377,2.067005472734493e-06,1.5609706308279552e-05,6.333226741988314e-10,3.527586022267207e-06,3.5313038101948506e-06,1.2241579469602993e-05,4.0367799372929715e-05,7.217137875056195e-07,0.04059450356304554,9.685976193075527e-08,2.689867889331369e-06,8.685747105627215e-09,0.0006426943073753747,3.066936536568094e-07,7.223962531155544e-06,1.851704741754552e-05,1.6025194718418238e-07,2.5718073317453637e-06,6.715883847135459e-09,0.0003724826649963629
33,8.732490383245944e-07,1.9121985252858335e-05,2.8965257642196564e-06,2.0716566884095817e-05,0.9336367206355803,2.557302380722018e-06,2.0224817561652165e-05,8.042894105012331e-10,4.3318678353850555e-06,4.74953604276991e-06,1.489972084292839e-05,8.259363164672993e-05,1.4823434221019291e-06,0.06443322089578521,6.739707101435424e-08,4.0170214532840945e-06,1.8507612213646142e-08,0.0013059719936963966,3.0956304243233827e-07,8.695478166094021e-06,1.8178157907456897e-05,2.1493764259808966e-07,2.462691078279559e-06,6.784325187550125e-09,0.0004156675856781935
34,1.0763446859370947e-06,1.690966061267129e-05,1.923604357275138e-06,5.632773584332738e-06,0.9784835989949195,5.854331016824944e-07,5.884934307788543e-06,3.2733178965643173e-10,4.10859733216889e-06,1.847020812963095e-06,1.3806248544591154e-05,1.7254796761795434e-05,5.007364106881724e-07,0.02087431125600362,6.147023515266484e-08,8.113336689035187e-07,3.443369659451725e-09,0.0002615840710027008,3.785789587045829e-07,2.737219952993554e-06,7.3322944832775325e-06,1.0467914716836831e-07,1.5829397329388024e-06,7.352558140236218e-09,0.0002979558881235725
35,4.226290778327627e-06,2.580212839059591e-05,3.7254205208002126e-06,2.2017412674620848e-05,0.9573555106399779,1.2785584955592914e-06,2.0734416053226927e-05,1.589078974062319e-09,8.616837393389785e-06,8.001086543205926e-06,1.1267043164541449e-05,9.647477189615723e-05,1.3174499754032247e-06,0.03817839640694412,4.00680420418236e-08,3.927669568574788e-06,2.286319339848926e-08,0.0034984655063220933,4.088568785118089e-07,9.3294138765494e-06,1.9201653669775366e-05,2.076277660318383e-07,1.8942081512513062e-06,1.0468139371897313e-08,0.0007291216125056101
36,7.259956207586672e-07,1.4464069152161774e-05,2.5448155411872647e-06,1.5900925220989975e-05,0.9571364882116071,1.9257347085311275e-06,1.4788847946682352e-05,5.538342000534854e-10,3.6314068542432985e-06,3.645645839501889e-06,1.2566457795979695e-05,3.7238691895142855e-05,6.583075275590845e-07,0.04166868747287946,9.289232073652072e-08,2.479408122806625e-06,8.429666588344242e-09,0.0006736450933578107,2.4457746452525916e-07,6.590113295819399e-06,1.849861081520052e-05,1.4458961562790553e-07,2.4502214925153106e-06,7.605917901733235e-09,0.00038257132150679645
37,1.592279564135717e-06,1.399663001354897e-05,3.919499850116742e-06,2.4106053127446614e-05,0.9378638066454206,1.4732791460605416e-06,1.4984084455181046e-05,5.990551409838771e-10,3.862074247507866e-06,5.15088789018881e-06,2.16602701678077e-05,5.123801448221535e-05,8.800846087313648e-07,0.059677315760194236,8.590558461755306e-08,2.467413317096429e-06,1.23370226290513e-08,0.0017347597330853177,2.288144840763051e-07,8.597634986044427e-06,2.18737985006908e-05,1.7678332016554594e-07,2.8031575388405888e-06,1.8405828058591093e-08,0.0005449898541095323
38,5.908636509863878e-07,1.5604754816078017e-05,2.9831350768729564e-06,2.1159579330521982e-05,0.954851918075846,6.608391099622769e-06,2.6494960585052257e-05,8.448063932432861e-10,2.3426685382900055e-06,3.856721612935396e-06,1.829559993111819e-05,6.176061317191485e-05,1.1968919299881522e-06,0.04402220794699002,1.7305807505894507e-07,7.676791430422743e-06,1.2414731994936715e-08,0.0006411075883118966,5.347916542246834e-07,1.0367091906787755e-05,3.3808728065573175e-05,1.413478051472005e-07,4.389392626543465e-06,6.2749376574794175e-09,0.0002667614730690904
39,8.162376150503776e-07,1.271581256965688e-05,3.084703794724895e-06,2.374371698077739e-05,0.9589264607495833,3.04934995565707e-06,2.67741953637329e-05,1.317403558163913e-09,3.173340763424392e-06,3.961777707656603e-06,1.1332268993531718e-05,5.5517944127221455e-05,9.000429478218272e-07,0.0394276165813001,1.3617422065897627e-07,4.6813994110378635e-06,1.2687305077317815e-08,0.0009464193343002338,4.046873968544074e-07,1.2238755123641534e-05,3.477236423339994e-05,1.935441307180914e-07,4.684776395035603e-06,6.5505646478181056e-09,0.000497301687811976
40,3.14018486073531e-07,1.7261604227603803e-05,2.990157103031575e-06,5.727933026793976e-06,0.9621678974151031,1.665965333230771e-06,5.976015229380033e-06,1.8374405685307604e-10,1.0983701007396109e-06,1.3272474760161832e-06,9.167863087407454e-06,3.789310952398459e-05,4.3922690756646186e-07,0.03722100678466186,7.073400739778896e-08,7.753009924810339e-07,3.753917515170829e-09,0.0003099621154916462,2.1651655176966768e-07,3.2395846388612443e-06,1.2073893085934525e-05,1.1227183933504654e-07,9.066278281530797e-07,2.8885308215728873e-09,0.000199870419105145
41,2.485386961936294e-07,1.5591909362594398e-05,1.3254462235802727e-06,9.073431017237082e-06,0.9847705109697951,1.1999320225140815e-06,4.9937393907462116e-06,2.3505721815227485e-10,6.1991234013237124e-06,1.9527191951236573e-06,4.760763321851168e-06,8.238026360545709e-06,3.303154675417334e-07,0.014975989736944886,4.092439453061149e-08,1.3596860204635921e-06,3.1690611464283278e-09,0.00010021927142288692,6.649853354752688e-08,1.423406878418833e-06,3.2215212520104257e-06,3.663472417509525e-08,5.631166320279202e-07,3.858792422491508e-09,9.264702603192534e-05
42,6.145928342146016e-07,1.6429768231040754e-05,5.5678211111001255e-06,1.4944816461514245e-05,0.9714567586665409,2.4650593160430925e-06,1.708685530981767e-05,1.8386743861558571e-09,3.025553735775401e-06,4.540113762197229e-06,1.1650903245098398e-05,5.0544233898924605e-05,1.0090844300986445e-06,0.027863867527826613,1.671140693249015e-07,3.079564905366161e-06,1.0212147290479017e-08,0.000318149407418036,9.523054288256304e-07,9.695969276193687e-06,3.520703935022253e-05,4.4660355237784955e-07,1.907700263476744e-06,5.225631132822613e-09,0.00018187202258018815
43,1.0058428866957555e-06,1.226237102949018e-05,3.992443911609815e-06,2.3062895503884917e-05,0.9543698079072497,3.6166876248902973e-06,2.1569423343293465e-05,1.2295555654675455e-09,9.290410842310665e-06,1.620054391253691e-05,1.1550755743581232e-05,2.0141295203510426e-05,6.055358710615757e-07,0.0444341667516258,1.6336202529270985e-07,5.0649104685891706e-06,1.0068310069371162e-08,0.000591982173488164,4.164898503432309e-07,1.9387982451398005e-05,2.5852061001451282e-05,3.122131551702082e-07,3.0705187629476958e-06,2.0358605082949245e-08,0.0004264457675777153
44,7.360739307190304e-07,1.4805072187717887e-05,2.545051939844949e-06,1.6381095041937778e-05,0.955675238460095,2.007594866847683e-06,1.537799366696654e-05,5.793149147111007e-10,3.8045354991432094e-06,3.720858302700202e-06,1.2726428066650116e-05,3.938727909014975e-05,6.930728629377174e-07,0.04308920519937955,9.369673683633293e-08,2.6240202590649705e-06,9.104873289165888e-09,0.0007011797758533294,2.489109840155968e-07,6.785104356850021e-06,1.8424060240553684e-05,1.506181306254761e-07,2.5293457699709598e-06,7.672679269036703e-09,0.0003913183958713046
45,7.437662883311892e-07,1.499907215924366e-05,2.516402369116442e-06,1.6169859236254596e-05,0.9550229630850217,1.9668540873525946e-06,1.5057830564291962e-05,5.654242615958754e-10,3.7919780267613166e-06,3.699912138918424e-06,1.27670877238671e-05,4.030612057276439e-05,6.95116829746534e-07,0.04371808171935589,9.06399634939337e-08,2.564296810528871e-06,9.13608359151207e-09,0.0007183778847584546,2.4536366697380237e-07,6.715675930179331e-06,1.8415656181541695e-05,1.5030421193194542e-07,2.513329523760778e-06,7.613884306405155e-09,0.0003971507291867589
46,2.642187855472629e-06,3.42140638604802e-05,7.3874836358544445e-06,7.673873856824208e-05,0.9088966424524505,9.608968536812207e-06,3.348914625722987e-05,2.8179509430988095e-09,8.255841222311168e-06,9.475275661016096e-06,3.874710523911027e-05,0.0001929854396221432,3.154169820863823e-06,0.08732217568638828,1.9748891404672523e-07,1.2279609083661866e-05,9.722311864621539e-08,0.002736803319910296,5.60056518588584e-07,1.6784290630642498e-05,5.914709035308637e-05,3.987817342365731e-07,7.660600888836067e-06,2.6426164613062427e-08,0.0005305257356141849
47,3.196884618141388e-06,5.45013793889215e-05,3.60871256353479e-06,1.0653287252926536e-05,0.9446556012923283,3.1009456921515892e-06,3.585639808688836e-05,1.63178016186961e-09,8.394047521742373e-06,9.076172994948474e-06,1.1849891563593402e-05,0.00021871549822073653,1.6617013514337129e-06,0.05090646507195731,8.291567505268187e-08,4.44480461893332e-06,3.006915123329989e-08,0.002740158724206985,1.1330913764687947e-06,1.5519029376801598e-05,3.163475737147098e-05,6.074538030805775e-07,2.4158965136983003e-06,7.438337049559056e-09,0.001281282904248344
48,1.7064078293136432e-06,7.073567432259973e-05,6.044908895454683e-06,3.995214309094188e-05,0.9485335522355933,1.947254105912668e-05,6.077976823547958e-05,4.298990763266003e-09,7.769480502315143e-06,4.497739890469269e-06,2.7115116217352806e-05,0.00020826541671391827,6.1434050720560635e-06,0.04961588825373057,2.2195723942719736e-07,1.394282193214488e-05,9.050902685835652e-08,0.0010014876678598103,1.584393376574995e-06,1.1479528121738324e-05,3.850932110416912e-05,3.2351380807942613e-07,6.27351415789031e-06,6.505699328256363e-09,0.0003241528775303951
49,6.430420394516402e-07,1.9244737456435857e-05,4.4423819145776615e-06,1.6739753098066005e-05,0.9377073098919806,3.280782474918051e-06,1.5439191664820675e-05,6.139162952896182e-10,2.7652404820367654e-06,4.295521010978226e-06,1.3148115969243601e-05,7.294691746991667e-05,9.24304860628708e-07,0.060811794394746946,1.0035061420814915e-07,2.4032035263825133e-06,1.2976297499438442e-08,0.0009107724097293401,3.1506537012894236e-07,9.766252711205221e-06,2.6751261839016474e-05,2.5589091400087306e-07,2.058159953174284e-06,7.099117069075989e-09,0.00037458244084313336
50,1.1512141081003796e-06,1.0829974528832796e-05,1.845535083362008e-06,9.926627654750076e-06,0.9575676860818229,8.692437147461317e-07,5.156913822704818e-05,9.595716957064735e-10,8.330570709195539e-06,1.2215215736414357e-05,5.548046435854154e-06,1.6984861212465564e-05,4.101053228429418e-07,0.03968398194005084,1.0489703965468645e-07,2.6481342260531847e-06,4.756965747569608e-09,0.0010293573339603616,4.016980019657207e-07,1.3826603392707311e-05,1.3058519896093149e-05,3.4617639798891303e-07,1.9352154202192483e-06,8.65936643824342e-09,0.001566958491153736
51,4.434948602797284e-07,2.6331220233790005e-05,2.846980267561273e-06,2.3310441356053506e-05,0.9690252199505716,1.002512004782181e-06,6.5829357134418644e-06,2.9539926708932476e-10,5.011439726597646e-06,2.6352657732554074e-06,1.1661689471674586e-05,2.6162055175887427e-05,7.399159839464504e-07,0.030475645627059178,3.821549381680996e-08,1.0404232591282825e-06,8.664198903187317e-09,0.0002822011813541921,6.139936212026801e-08,1.0328707402861578e-06,8.040060007186504e-06,7.140286165813872e-08,4.0280978102692156e-07,6.452452954326634e-09,9.950269689139465e-05
52,8.288080693691727e-07,1.3797134087308914e-05,2.7589050902778264e-06,1.8897575429942193e-05,0.952238184951745,2.1148524519052722e-06,1.606869035523494e-05,6.218052820728392e-10,4.039803743974499e-06,4.4468498469651975e-06,1.410201537929162e-05,4.0130146596223716e-05,7.541889440598159e-07,0.04638204730368165,9.404747851760814e-08,3.074664959721107e-06,1.0026875216587209e-08,0.0008374038674811299,2.478868742239032e-07,7.819025504218035e-06,1.8816863689530767e-05,1.5562936072786031e-07,2.636717536915531e-06,9.306127051172738e-09,0.00039156011688636186
53,5.869838760375982e-07,9.365324638189212e-06,1.4551963635395542e-06,2.5638544829341633e-05,0.9457920962843893,2.726274314569451e-06,7.673677944514347e-05,1.3368077563207856e-09,8.51732390260927e-06,5.3344811418265335e-06,1.1590345507803697e-05,2.5210267368455827e-05,7.211572711364062e-07,0.05218873984032071,2.563965459301067e-07,6.306110245434153e-06,1.0333547528613727e-08,0.0008136491132124154,2.683870376793775e-07,1.546744335297651e-05,1.705744960612689e-05,2.2619615304782758e-07,7.525715574721124e-06,1.0395705233008392e-08,0.0009905023188425492
54,5.403755409251631e-07,3.91837907537995e-06,6.322655367931469e-06,3.990462207643791e-05,0.9667636639462946,1.5027436393530622e-06,9.291308834777821e-06,8.148482015341389e-10,1.5495348748610308e-06,2.2888774510901585e-06,2.153483774488939e-05,1.6956136387581196e-05,7.552977613604133e-07,0.03248969351218934,1.2441896182918124e-07,1.9416293282476807e-06,6.453510004291191e-09,0.00047391788730664214,2.0626295246501596e-07,9.396450152684564e-06,2.3691846487144818e-05,1.0671518436644628e-07,3.501078932625026e-06,1.3666125838924041e-08,0.00012917054897165284
55,5.969687445816572e-07,9.868920054870196e-06,5.194028215869606e-06,2.8933213805033993e-05,0.9456680600946984,4.431484783604435e-06,1.75852659601274e-05,9.20688975986743e-10,3.6732065891830844e-06,5.975295632931235e-06,1.871608622299988e-05,1.915150186061944e-05,6.913110675907558e-07,0.053483792256839004,2.553552239797287e-07,3.5929743008193177e-06,9.708539136415865e-09,0.00040487843269765213,3.4441380010923344e-07,1.2802066498086909e-05,2.8094369390383172e-05,2.320394818439085e-07,4.547183002399821e-06,1.679450836768549e-08,0.0002785561073931568
56,7.46172546811276e-07,1.594513319911492e-05,2.627307567000308e-06,1.6441487404892102e-05,0.9554092235740237,1.9401651162226263e-06,1.5329482245802497e-05,5.894243265418957e-10,3.735276315943567e-06,3.5287965243184913e-06,1.3411990639501907e-05,4.346007012562252e-05,8.195038547627936e-07,0.04334091498115174,8.578114412231351e-08,2.5715912749417985e-06,9.71443255069412e-09,0.0007304691726586888,2.5595796471191404e-07,6.43991200932475e-06,1.716782901012942e-05,1.482830886870975e-07,2.3435296637668463e-06,7.309322816000156e-09,0.00037237638929035023
57,6.132286644714773e-07,1.482962012112104e-05,2.9137069438624134e-06,7.932558027412621e-06,0.9703265069462503,1.5265960462553395e-06,1.094330275768714e-05,6.535976877516925e-10,1.5585279771857214e-06,2.1942164805146726e-06,9.191334162798554e-06,7.719032923779551e-05,8.178718496758303e-07,0.028673537416991454,6.094154710051325e-08,2.0615768836264118e-06,6.792212049590444e-09,0.0005904596885220457,6.329640372820483e-07,6.9145049029416565e-06,2.317545218697563e-05,1.8691407878927805e-07,1.5679230920484134e-06,2.567227012162963e-09,0.00024517436620174766
58,8.257397975388834e-07,1.4997307218156048e-05,2.919950170892954e-06,1.8298302695401835e-05,0.9532958083752535,2.106280090000278e-06,1.628371168747763e-05,6.179013380698151e-10,4.481013311656946e-06,4.50614811304183e-06,1.509727487746564e-05,3.605937223404096e-05,6.934097636989671e-07,0.045441096007420675,1.1901465131432359e-07,2.7853581243396007e-06,9.783066924282777e-09,0.0006937358854930411,2.60590138967314e-07,7.370485763106007e-06,1.9063499777345533e-05,1.7851470504241708e-07,2.7166615872326692e-06,1.140837863367154e-08,0.0004205752877791445
59,8.237503298377353e-07,1.4195946039966941e-05,3.282763515758228e-06,1.9599737648781402e-05,0.9524763095529779,2.0713841357821434e-06,1.5625506203187904e-05,6.353886377225944e-10,4.476579757161212e-06,4.724231775589323e-06,1.5478874047505078e-05,3.310760693019723e-05,6.549140110968428e-07,0.04628571230857913,1.292758439075348e-07,2.6499928935589752e-06,9.747581304027153e-09,0.0006782507349664821,2.5000006915486227e-07,7.692214923712543e-06,1.9808304510804156e-05,1.858400498907368e-07,2.734694963781599e-06,1.305190371484895e-08,0.00041221235095315723
60,7.360739307190304e-07,1.4805072187717887e-05,2.545051939844949e-06,1.6381095041937778e-05,0.955675238460095,2.007594866847683e-06,1.537799366696654e-05,5.793149147111007e-10,3.8045354991432094e-06,3.720858302700202e-06,1.2726428066650116e-05,3.938727909014975e-05,6.930728629377174e-07,0.04308920519937955,9.369673683633293e-08,2.6240202590649705e-06,9.104873289165888e-09,0.0007011797758533294,2.489109840155968e-07,6.785104356850021e-06,1.8424060240553684e-05,1.506181306254761e-07,2.5293457699709598e-06,7.672679269036703e-09,0.0003913183958713046
61,8.364414327866103e-07,1.3801890606485865e-05,3.467809612872787e-06,2.0197771859890818e-05,0.954454407936614,2.084127005485133e-06,1.4767953928926852e-05,6.695408918972832e-10,4.0637145625103685e-06,4.514633114591205e-06,1.459862496181225e-05,3.395000344177194e-05,6.693163717456922e-07,0.044321047723798496,1.1793795280663779e-07,2.6226076518195976e-06,9.752548614675104e-09,0.0007016041514034091,2.4968952677030154e-07,7.677420339903598e-06,2.036925077668421e-05,1.7542252086153815e-07,2.6128807789663934e-06,1.1744022342279739e-08,0.0003761405256256064
62,7.360739307190304e-07,1.4805072187717887e-05,2.545051939844949e-06,1.6381095041937778e-05,0.955675238460095,2.007594866847683e-06,1.537799366696654e-05,5.793149147111007e-10,3.8045354991432094e-06,3.720858302700202e-06,1.2726428066650116e-05,3.938727909014975e-05,6.930728629377174e-07,0.04308920519937955,9.369673683633293e-08,2.6240202590649705e-06,9.104873289165888e-09,0.0007011797758533294,2.489109840155968e-07,6.785104356850021e-06,1.8424060240553684e-05,1.506181306254761e-07,2.5293457699709598e-06,7.672679269036703e-09,0.0003913183958713046
63,7.327857214910218e-07,1.5978615861774906e-05,2.4721529578027845e-06,1.5425075487992124e-05,0.9569784554781261,1.9542487245047008e-06,1.4956705060603128e-05,5.483796101246067e-10,3.872254203488053e-06,3.5616654234852704e-06,1.2506802512262063e-05,3.95294955617238e-05,6.87631347537435e-07,0.041822405760244576,9.050590489878064e-08,2.4692915612503148e-06,8.959253650442758e-09,0.0006707153635086986,2.429477138923744e-07,6.182159909761169e-06,1.7451910474045488e-05,1.4598530797974953e-07,2.3526496506750205e-06,7.348797205216552e-09,0.00038779365830508844
64,6.712060043827668e-07,1.3785184901382495e-05,2.78768865147116e-06,1.7014540380485672e-05,0.962222113611109,1.895890823919313e-06,1.4100986844523113e-05,5.908568304191839e-10,2.876536741609105e-06,3.4846341894616553e-06,1.2595302780831756e-05,3.740446409180638e-05,6.104641132404063e-07,0.03670824753087612,9.949644603636463e-08,2.312880067670938e-06,7.766807075967582e-09,0.0005935524690292694,2.620374512239299e-07,6.370041667208904e-06,2.5345782821111423e-05,1.425578276472465e-07,2.4423081906719366e-06,7.051836666018137e-09,0.00033186897549036126
65,2.762217990233515e-07,1.2696898060304419e-05,6.124765318253256e-06,2.202846163874408e-05,0.9642224081679226,4.64301537624926e-06,1.5681805247888668e-05,6.427742587861009e-10,1.5537263676315637e-06,2.4076634397825757e-06,1.7940928086136074e-05,1.786063899822335e-05,5.122078905061159e-07,0.03530391399393326,4.5550468001954254e-07,1.968000283067643e-06,6.4910302864957675e-09,0.0001550646769331125,3.1345100544790624e-07,5.528036737647239e-06,3.417534320075632e-05,1.8238720490069347e-07,3.0268956854417977e-06,8.762690323040617e-09,0.00017122131369606342
66,1.5633847066964645e-06,3.13684959085308e-05,3.1617094850741274e-06,2.3238646703488558e-05,0.9459160102007829,7.588363803236727e-06,7.035633868041922e-05,2.6996488976996975e-09,1.6423247500264056e-05,4.432326344465387e-06,1.4905755405296408e-05,4.5545778848614995e-05,1.280191827033203e-06,0.05176206537115971,4.0218585589648377e-07,5.493677163707297e-06,2.6329794965796924e-08,0.0008006232662331066,7.530688138925527e-07,1.88348232094212e-05,2.0034985318210084e-05,3.743389869066648e-07,1.2459527650270853e-05,1.5223163735818215e-08,0.0012430400630054773
67,8.031246204384714e-07,1.862973782886639e-05,3.1891877395857483e-06,2.1954757334859914e-05,0.9051190744275247,5.222010911573675e-06,2.5223043069531535e-05,7.136003425738729e-10,4.083615280502959e-06,5.849398039284351e-06,2.004549096567246e-05,7.162695121086456e-05,1.0076416233581296e-06,0.09267432131475588,1.7616089074533178e-07,4.104227696313317e-06,1.7502907310856e-08,0.0012316742493007906,3.340373638180314e-07,1.6488570220782368e-05,3.769889785317521e-05,2.951630142586072e-07,6.106897388932263e-06,1.2792165420816367e-08,0.0007320600866931459
68,8.204157612502378e-07,1.4255898709132143e-05,2.8764681830605525e-06,2.006155325896851e-05,0.9483851386690076,2.1527036893629535e-06,1.7575787066458933e-05,6.727373184717342e-10,3.73664932277627e-06,4.026829866418052e-06,1.3943475386522731e-05,4.8534805091416446e-05,8.909217528411555e-07,0.05003626749961669,8.581305922529201e-08,2.9878430995262973e-06,1.1036094668308318e-08,0.0009908233207517954,2.5403794600047167e-07,8.391212625088502e-06,2.0765709763881818e-05,1.5570846362309236e-07,2.8641742777965733e-06,8.173980685920534e-09,0.00042337062048768034
69,7.475390328850322e-07,1.503649586045796e-05,2.6141884391057093e-06,1.651384421897885e-05,0.9544441303177408,2.1132479277882407e-06,1.571197132103166e-05,5.948308313745608e-10,3.7687558130787596e-06,3.7992309472484124e-06,1.3094564251116691e-05,4.114534255256079e-05,7.206696186543599e-07,0.04429257639169535,9.584981191349008e-08,2.6865347564691765e-06,9.420743828984255e-09,0.0007195891621123179,2.6267447125572605e-07,7.167977030099383e-06,1.9324316205939775e-05,1.5654735803285334e-07,2.6307814934843304e-06,7.765996512187056e-09,0.0003960958157705558
70,7.638947999504127e-07,1.557705691346776e-05,2.528022550945597e-06,1.4607281412651112e-05,0.9580408998368719,1.8421324157017743e-06,1.4756748214575098e-05,5.401270931046893e-10,3.532067126635754e-06,3.4982598588979014e-06,1.2741841868155465e-05,3.921036836448319e-05,6.499894255195839e-07,0.04074906676451728,9.370828528803448e-08,2.3095848967294535e-06,8.3633537468519e-09,0.000669386740889348,2.652369669650317e-07,6.178261292628428e-06,1.8740671593901412e-05,1.5102617290605834e-07,2.3690562054234883e-06,7.223808393843349e-09,0.00040081532206734995
