,0,1,2,3,4,5,6,7,8,9,10,11,12,13,14,15,16,17,18,19,20,21,22,23,24
0,2.0681275117743675e-05,1.8256826011910065e-05,7.610182275336486e-08,3.0262696917618238e-09,0.9691055003793181,7.230054273219074e-06,1.1015152118833682e-05,3.956665034650007e-09,0.028724378146565522,4.0338614694862383e-10,1.7861421501911e-07,2.958047673193682e-08,5.778569277116001e-07,7.1284890724788e-07,0.0005810069436495439,6.84217443688935e-05,1.7141438132796923e-05,1.0698988640663424e-06,2.8533111006612208e-08,1.8314318915040156e-06,5.748011801695414e-08,8.16695953643593e-09,1.1988643538719916e-09,1.091743299866605e-09,0.0014417878502215708
1,1.7992237838475812e-05,1.735286768226736e-05,8.582401740080524e-08,2.014738610405877e-09,0.936785848688544,1.107705347402375e-05,9.299289202631312e-06,5.367110817172402e-09,0.06114158460865292,3.5317449331287373e-10,1.4905034923867308e-07,2.9039049030202014e-08,8.774197540304551e-07,3.793333510593015e-07,0.0009804927229626133,0.00016122045433778487,1.3230971718092496e-05,8.318564180421576e-07,6.472151454628223e-08,2.04674141588229e-06,7.07626058057631e-08,8.309974584346535e-09,5.783141867224035e-10,1.335711076130134e-09,0.0008573483980881467
2,2.476885370637604e-05,2.109563980939445e-05,1.2064153397806246e-07,6.129788202915691e-09,0.9300072685827505,1.686403974558522e-05,1.0588299671620102e-05,5.890158397860122e-09,0.06810501372088122,3.727156595276892e-10,3.459815166503733e-07,4.574963505378966e-08,1.2334450603543383e-06,7.004110102098805e-07,0.0006239193229005904,0.00014350329226029483,3.391344520220344e-05,1.5441917961166378e-06,7.290404726041296e-08,2.139287220469545e-06,1.3417739962011757e-07,1.662942032391073e-08,1.4180982281384741e-09,3.2583016484868244e-09,0.0010066943153701083
3,1.4546715309522683e-05,1.4853133549042259e-05,5.8533965360507875e-08,2.0722696477669898e-09,0.9617898704542838,8.13701332988028e-06,8.251462921641454e-06,4.312405341524501e-09,0.036385885282902736,2.6087769570736666e-10,1.7775304076162596e-07,2.5617796520564545e-08,6.895896572126709e-07,5.026932646065285e-07,0.0007238556394064551,8.756896526975571e-05,1.8004858847287477e-05,7.78805054637525e-07,4.161180707872378e-08,1.787079326423729e-06,6.133820368742359e-08,8.460288976788576e-09,7.915044966911344e-10,1.0385132882914625e-09,0.00094488651620433
4,1.5376042061013607e-05,1.576031950006682e-05,6.167975878806221e-08,2.250501381123841e-09,0.9597174748548081,8.57437702749569e-06,8.480440390809303e-06,4.426152457946555e-09,0.03836323287862688,2.778065886841278e-10,1.877199898495128e-07,3.237342772341538e-08,9.301352895254758e-07,5.635555764022997e-07,0.000715125024664162,8.842737193664386e-05,2.1479255805298136e-05,8.348763023542719e-07,4.761507052250928e-08,1.98888810099535e-06,7.327690508907805e-08,9.704742874097005e-09,8.787194052849904e-10,1.1772232250256724e-09,0.0010413305996124834
5,2.058252865779389e-05,1.7454412760340544e-05,7.244293043356921e-08,3.4808180026669413e-09,0.958081527685765,9.65425201535601e-06,9.401763824755707e-06,4.606634067326329e-09,0.039775321909887966,3.8309321801387663e-10,2.019912463870975e-07,3.367320504244228e-08,9.03771432266942e-07,7.111209810498611e-07,0.000648728166098783,9.190381553887419e-05,2.5644190853406745e-05,1.4124569959393508e-06,4.0978768309360075e-08,2.302559727997517e-06,8.095525896850193e-08,1.0874377866384071e-08,1.0849117972150174e-09,1.4407020440104479e-09,0.0013139994535143246
6,1.4546715309522683e-05,1.4853133549042259e-05,5.8533965360507875e-08,2.0722696477669898e-09,0.9617898704542838,8.13701332988028e-06,8.251462921641454e-06,4.312405341524501e-09,0.036385885282902736,2.6087769570736666e-10,1.7775304076162596e-07,2.5617796520564545e-08,6.895896572126709e-07,5.026932646065285e-07,0.0007238556394064551,8.756896526975571e-05,1.8004858847287477e-05,7.78805054637525e-07,4.161180707872378e-08,1.787079326423729e-06,6.133820368742359e-08,8.460288976788576e-09,7.915044966911344e-10,1.0385132882914625e-09,0.00094488651620433
7,4.982813056941712e-05,1.8237127666171578e-05,1.8881814255687914e-07,1.7339438045576526e-09,0.9622322558838411,1.0708681310149736e-05,1.179262749887731e-05,5.714875465471493e-09,0.03622552928694432,3.9743233183595444e-10,1.9995132848289993e-07,3.1955297033322716e-08,1.147600669534496e-06,4.1737620106083706e-07,0.0004064030726371921,6.461200871781615e-05,1.2941087464822218e-05,1.0005454501856975e-06,8.228136841846169e-08,1.7585000668698088e-06,4.348107834109272e-08,4.2596584834864145e-09,9.241086902732328e-10,2.2813067664644313e-09,0.0009628062724221968
8,2.4769839834205333e-05,2.7106107961546188e-05,1.2161071225796436e-07,3.804431962041142e-09,0.9722871172423542,8.401513856233299e-06,1.1298781119039365e-05,4.8640280867136575e-09,0.02601269440977029,5.234504999451324e-10,1.8331628121367993e-07,3.316350534201476e-08,6.423173063902387e-07,7.234432503266704e-07,0.000424205770676345,7.482044412774176e-05,1.1833136673577813e-05,6.156096205240102e-07,3.798641024834993e-08,2.6443705659428572e-06,4.6440463370779934e-08,4.874100232015111e-09,1.9344363396963912e-09,1.7326460934067384e-09,0.0011126867624179028
9,1.9984607155898058e-05,2.781674552847673e-05,1.4074951602833913e-07,6.264929076757725e-09,0.9498141519518607,1.3121261629124607e-05,1.2371826021081305e-05,4.741068032040052e-09,0.04783136421935681,6.971427994109137e-10,1.8335543376739054e-07,4.501603859955773e-08,1.0316985574745777e-06,7.267096797942501e-07,0.0006906226830748325,0.00014164980990038673,1.7939438389330563e-05,9.537545764568096e-07,4.1147734360220395e-08,3.720678464710278e-06,1.1118161648797456e-07,9.257594738405054e-09,1.8965250681215705e-09,2.3296635548172756e-09,0.0014239979785423019
10,1.4546715309522683e-05,1.4853133549042259e-05,5.8533965360507875e-08,2.0722696477669898e-09,0.9617898704542838,8.13701332988028e-06,8.251462921641454e-06,4.312405341524501e-09,0.036385885282902736,2.6087769570736666e-10,1.7775304076162596e-07,2.5617796520564545e-08,6.895896572126709e-07,5.026932646065285e-07,0.0007238556394064551,8.756896526975571e-05,1.8004858847287477e-05,7.78805054637525e-07,4.161180707872378e-08,1.787079326423729e-06,6.133820368742359e-08,8.460288976788576e-09,7.915044966911344e-10,1.0385132882914625e-09,0.00094488651620433
11,1.505722142590313e-05,1.5255808245881443e-05,6.265655287456407e-08,2.220799024111311e-09,0.9607194280759613,8.508001161572793e-06,8.55689824197152e-06,4.587516815480319e-09,0.03743421910791521,2.8099811260006567e-10,1.8510556616916543e-07,2.996927236834294e-08,8.604969948971639e-07,5.322675160651152e-07,0.00070749341415922,9.157463749024004e-05,1.9726150473228018e-05,8.116438018777151e-07,4.5994599833615135e-08,1.9952331623263383e-06,6.83667610804987e-08,8.96830618444656e-09,8.57810415908397e-10,1.168130888847152e-09,0.0009755708671367768
12,2.2871676563281746e-05,2.2670772296322882e-05,9.300921742260493e-07,7.080625830792628e-09,0.6632338942647835,1.7191248787643907e-05,6.455023259017912e-05,1.5155342835475987e-07,0.32303052693332107,3.1041147287452413e-10,2.808853976197509e-06,3.462276728712898e-07,1.365073406323569e-06,1.6292801606234882e-07,0.011787494363907252,0.0015822332253209075,3.205674092146537e-06,4.845130428537658e-07,1.0459461506353608e-06,1.8828230942261478e-06,1.1107054738241216e-07,5.4799303932919726e-08,9.211462897474662e-10,1.6447792594488743e-08,0.00022599296754830542
13,9.222199367624136e-06,1.2593305272028442e-05,4.913491731453357e-08,2.4159769942566646e-09,0.9688634626537798,6.153846115696051e-06,9.680834362954657e-06,6.105904663355048e-09,0.029363341002269474,1.593526539419857e-10,4.0308526420201616e-07,4.202237745703468e-08,6.758635991922799e-07,7.254411754623236e-07,0.0008555881764069984,7.582620515146637e-05,1.751619683861434e-05,5.283643939516034e-07,4.1891402614637325e-08,1.5943118283396596e-06,5.924017899014908e-08,1.2015279681912776e-08,1.2104020081945542e-09,1.137787283805648e-09,0.0007824731805944958
14,1.5282639730435147e-05,1.4106659204028002e-05,6.725320606940738e-08,2.2114697075350826e-09,0.9573952391226443,8.760414094254584e-06,8.43476084410454e-06,4.433823825351405e-09,0.04061772461924303,2.5431373422813504e-10,1.8040171253845283e-07,2.842911984846803e-08,8.052648471144957e-07,4.905111180712977e-07,0.0007924750622041577,9.384887246111789e-05,1.9665761995562906e-05,8.36865332168198e-07,4.2261203939087104e-08,1.866152120873193e-06,6.931102391747264e-08,9.184638947924284e-09,8.063078536332593e-10,1.1075738358364502e-09,0.0010300576397665193
15,1.4546715309522683e-05,1.4853133549042259e-05,5.8533965360507875e-08,2.0722696477669898e-09,0.9617898704542838,8.13701332988028e-06,8.251462921641454e-06,4.312405341524501e-09,0.036385885282902736,2.6087769570736666e-10,1.7775304076162596e-07,2.5617796520564545e-08,6.895896572126709e-07,5.026932646065285e-07,0.0007238556394064551,8.756896526975571e-05,1.8004858847287477e-05,7.78805054637525e-07,4.161180707872378e-08,1.787079326423729e-06,6.133820368742359e-08,8.460288976788576e-09,7.915044966911344e-10,1.0385132882914625e-09,0.00094488651620433
16,1.3059288672911919e-05,1.7373960842279077e-05,4.514279742539748e-08,2.3039587713612387e-09,0.962782207664,5.879293880753349e-06,1.2114748810907975e-05,5.714868204577535e-09,0.034906486074721375,4.0445814175806967e-10,1.5969474469436098e-07,4.359535360970612e-08,7.856426661219594e-07,6.587876286815225e-07,0.0009440850050938754,0.00011674439309004228,2.117104312444803e-05,9.41011222034516e-07,4.774818587109264e-08,2.1369719041786704e-06,1.0787316695265836e-07,1.603076525847325e-08,8.638969653833532e-10,9.154606432403613e-10,0.0011759258266857446
17,7.772024148634177e-06,1.1088407458282512e-05,2.8025693254578343e-08,2.2843073957447794e-09,0.9796740089488775,4.420947783517731e-06,7.251861874614299e-06,3.821938205802661e-09,0.018703501804187596,2.1223362571764762e-10,1.815139535893532e-07,3.229389295400315e-08,8.813029635709075e-07,8.237860332490963e-07,0.0004638072971686391,5.8867799778168094e-05,3.3088070438946226e-05,6.358617284393479e-07,2.3730179464116704e-08,2.3184767945041873e-06,6.663029912194431e-08,1.139295990607846e-08,1.366941766290263e-09,7.093513775733512e-10,0.0010311814290137869
18,1.4146759600590439e-05,1.03692979522913e-05,3.199370283913437e-08,1.5396296468654246e-09,0.975135028999855,5.463278597368303e-06,6.79633947306874e-06,2.12624025102809e-09,0.02229594805123102,2.8124604123000276e-10,8.960475758103216e-08,2.311266640077712e-08,9.056535209595916e-07,6.764671637712609e-07,0.0004993198570876283,4.953443982342964e-05,3.724451248739672e-05,1.3621889845028906e-06,1.9403476303402117e-08,1.9336801554061077e-06,7.506435343724009e-08,9.107768982298286e-09,7.140258161943016e-10,5.073862401443402e-10,0.0019410170188140325
19,1.3066445276176646e-05,1.577175116515616e-05,7.969567613209416e-08,3.16011019725718e-09,0.955583755410279,6.701222141906148e-06,1.456665775686699e-05,6.746044351611957e-09,0.042040802916728154,3.453760155330886e-10,2.0898784190789618e-07,5.473293841595443e-08,9.64511906383522e-07,5.856462476655092e-07,0.0010095263068122407,0.00013810296268308548,1.9163115276980428e-05,8.177386533911443e-07,4.0665577316502664e-08,2.1431595000104885e-06,9.586148251507265e-08,1.5065284985940965e-08,9.52290494190779e-10,1.1384714306461584e-09,0.001153524804479071
20,1.1302159038394671e-05,1.4230652178060293e-05,6.927180981233424e-08,2.726557808453355e-09,0.9500594897797394,7.638763431251955e-06,1.3224547956975802e-05,1.0101318437692388e-08,0.0464996519137325,2.65191558508143e-10,3.1789211855638323e-07,4.406362946160779e-08,6.799917563579374e-07,5.318534264151179e-07,0.00220142310659352,0.00015391514513661412,1.9009228061634147e-05,8.220314577743503e-07,5.897447138854712e-08,1.8443000513662644e-06,8.27674923370873e-08,2.269025888790297e-08,8.66647085899411e-10,1.0464362418610614e-09,0.0010156258615082454
21,2.0050979057007016e-05,2.6562077316563312e-05,7.314187486241373e-08,3.7229073190220243e-09,0.9378368233841176,1.0100131801710206e-05,1.1080414307058266e-05,7.194076932446568e-09,0.060080109481029674,5.173972153283413e-10,1.8476057406912256e-07,4.929625108490278e-08,9.544854836525454e-07,9.648346785939618e-07,0.0008089469006427289,0.00020771637445610844,1.4495676684787491e-05,1.191905503859494e-06,5.803399978850253e-08,2.746370692890704e-06,8.707269104417475e-08,1.1189774965436679e-08,7.252530400906669e-10,1.4399201554772848e-09,0.0009777798895075076
22,2.4168612772834078e-05,1.338196460775995e-05,6.459919619006364e-08,2.0667878305971335e-09,0.9563306269154475,1.0649063460295264e-05,6.434743440228939e-06,3.705757579874809e-09,0.04153086168229084,2.770761797547098e-10,1.774606370647943e-07,1.8232304298074823e-08,7.390013474731104e-07,4.974696138540106e-07,0.0007010247325440294,6.81775284387671e-05,3.394377410756901e-05,1.8723849991508275e-06,4.323455066338002e-08,1.6507528491309018e-06,6.830288710850402e-08,1.0650807136145957e-08,6.738558803494239e-10,1.0408964458220086e-09,0.0012755811293240554
23,1.4546715309522683e-05,1.4853133549042259e-05,5.8533965360507875e-08,2.0722696477669898e-09,0.9617898704542838,8.13701332988028e-06,8.251462921641454e-06,4.312405341524501e-09,0.036385885282902736,2.6087769570736666e-10,1.7775304076162596e-07,2.5617796520564545e-08,6.895896572126709e-07,5.026932646065285e-07,0.0007238556394064551,8.756896526975571e-05,1.8004858847287477e-05,7.78805054637525e-07,4.161180707872378e-08,1.787079326423729e-06,6.133820368742359e-08,8.460288976788576e-09,7.915044966911344e-10,1.0385132882914625e-09,0.00094488651620433
24,1.7169984404095376e-05,2.401190157900873e-05,4.791183629342887e-08,2.9198132987554765e-09,0.9671992271931964,8.280756531046857e-06,7.479341443853062e-06,4.489691375653249e-09,0.03125020492798204,4.0012387076605495e-10,1.6938475672450936e-07,2.566635122643833e-08,6.698875003746047e-07,8.236407773481996e-07,0.00047689065577371663,8.860293312098439e-05,2.035673295966638e-05,8.95884165313827e-07,4.484720850150109e-08,2.4473664238446853e-06,5.5940627940572736e-08,8.098995959621828e-09,1.0344606184191797e-09,1.1978462204101696e-09,0.0009025769024304573
25,7.77114616829715e-06,1.413653057641214e-05,4.0298635130776363e-08,3.216183202897232e-09,0.9766946772717716,5.640658324219238e-06,1.1198513746431197e-05,1.1856625428914243e-08,0.02212532271208247,2.0459623020961876e-10,5.39652862200086e-07,2.995194761811112e-08,3.605209848832972e-07,9.187236699055512e-07,0.0006260677344756818,0.00010389191174189316,1.2358433512943268e-05,4.603587983853308e-07,4.355896299289043e-08,1.599534656278982e-06,4.134828917820409e-08,1.073599001716546e-08,1.2954948205088584e-09,1.2130719279883676e-09,0.0003948726168318078
26,4.370377935468809e-05,1.9092431665012376e-05,1.2569979634379248e-07,2.8017367658903378e-09,0.9362602054562686,1.7188534357612194e-05,5.513868085713176e-06,2.863699200612939e-09,0.06240475085209939,3.0630533711753217e-10,1.9506679986937693e-07,2.6802615086323614e-08,1.7251305437926682e-06,4.151564087336724e-07,0.00025475622329369384,5.9876211234439575e-05,3.109362229598952e-05,1.6454721528689562e-06,8.320642308296824e-08,2.338458244076581e-06,8.438140098595646e-08,5.745290453734579e-09,1.190950881600737e-09,3.921557306288414e-09,0.0008971628174199839
27,1.4233734293051928e-05,1.6232786995402223e-05,6.176475803808147e-08,2.5045926271106017e-09,0.9509472865649856,9.030229445030948e-06,9.164691982910723e-06,6.067801231350186e-09,0.04680160911786134,2.6440704862258056e-10,2.438127127840253e-07,3.141633264948657e-08,7.050580840854304e-07,5.514763563682875e-07,0.0011257155009720165,0.00011430496914697943,2.106747402546094e-05,8.941415372764142e-07,5.653156731593061e-08,1.8410434598805363e-06,7.272562849520467e-08,1.4653773569186955e-08,8.444337472947808e-10,1.19697449433286e-09,0.0009368714278726835
28,1.4546715309522683e-05,1.4853133549042259e-05,5.8533965360507875e-08,2.0722696477669898e-09,0.9617898704542838,8.13701332988028e-06,8.251462921641454e-06,4.312405341524501e-09,0.036385885282902736,2.6087769570736666e-10,1.7775304076162596e-07,2.5617796520564545e-08,6.895896572126709e-07,5.026932646065285e-07,0.0007238556394064551,8.756896526975571e-05,1.8004858847287477e-05,7.78805054637525e-07,4.161180707872378e-08,1.787079326423729e-06,6.133820368742359e-08,8.460288976788576e-09,7.915044966911344e-10,1.0385132882914625e-09,0.00094488651620433
29,1.4546715309522683e-05,1.4853133549042259e-05,5.8533965360507875e-08,2.0722696477669898e-09,0.9617898704542838,8.13701332988028e-06,8.251462921641454e-06,4.312405341524501e-09,0.036385885282902736,2.6087769570736666e-10,1.7775304076162596e-07,2.5617796520564545e-08,6.895896572126709e-07,5.026932646065285e-07,0.0007238556394064551,8.756896526975571e-05,1.8004858847287477e-05,7.78805054637525e-07,4.161180707872378e-08,1.787079326423729e-06,6.133820368742359e-08,8.460288976788576e-09,7.915044966911344e-10,1.0385132882914625e-09,0.00094488651620433
30,1.4546715309522683e-05,1.4853133549042259e-05,5.8533965360507875e-08,2.0722696477669898e-09,0.9617898704542838,8.13701332988028e-06,8.251462921641454e-06,4.312405341524501e-09,0.036385885282902736,2.6087769570736666e-10,1.7775304076162596e-07,2.5617796520564545e-08,6.895896572126709e-07,5.026932646065285e-07,0.0007238556394064551,8.756896526975571e-05,1.8004858847287477e-05,7.78805054637525e-07,4.161180707872378e-08,1.787079326423729e-06,6.133820368742359e-08,8.460288976788576e-09,7.915044966911344e-10,1.0385132882914625e-09,0.00094488651620433
31,3.4290258890952627e-05,2.0807340140330604e-05,1.0560228010567937e-07,2.503201097385527e-09,0.966306006037433,8.169406809617277e-06,1.1081260418926877e-05,8.349131815465402e-09,0.03195587308931465,4.6306698979828003e-10,1.8558193714514903e-07,2.9002141019275223e-08,7.4702016392307e-07,6.242654657780292e-07,0.0005696306679212456,8.972741410881995e-05,1.6786689763131853e-05,1.1549431632115185e-06,6.091138204060707e-08,2.1462793375443004e-06,5.072040823308929e-08,7.419182399804501e-09,9.408804339383149e-10,1.3689053696272452e-09,0.0009825024645523368
32,1.5941348946920528e-05,1.626936763634992e-05,5.970228139712137e-08,1.9572157442192945e-09,0.960242054305872,8.599335838097817e-06,8.390275202202772e-06,4.5753496181922066e-09,0.03792999810672437,2.735003657417475e-10,1.881712543276748e-07,2.6676333496048838e-08,7.150971317779114e-07,4.944432670148407e-07,0.0007570939816411861,8.805316212860325e-05,1.8047301919551614e-05,7.811499980838691e-07,5.308884975573721e-08,1.7571147744500772e-06,6.239688516163194e-08,8.988432029209908e-09,7.986045606829475e-10,1.1585788922828863e-09,0.0009113972216341381
33,1.02653649757698e-05,1.6069497045931193e-05,3.563110045619923e-08,2.931970259596871e-09,0.9717589256216472,8.348074178465212e-06,7.1382792820805765e-06,6.088079334271557e-09,0.027002224017302245,3.130969794714272e-10,2.3766399785245657e-07,2.6394746980012886e-08,9.287791664502203e-07,8.686183348812799e-07,0.00043686952329289805,0.00010537109355128486,3.183484069145301e-05,7.290426982568677e-07,5.3970676455636965e-08,2.572287678766281e-06,6.621906998444225e-08,1.229732121084313e-08,1.3224602241552987e-09,1.3411136699937723e-09,0.0006174107865208791
34,4.393309738085451e-05,2.6952895611095007e-05,1.085491635852321e-07,1.2004071261748427e-09,0.8986257509513678,1.3352476529341728e-05,7.07295295850843e-06,5.366036877142906e-09,0.09954937531562617,1.811549559149433e-10,2.605978491222254e-07,3.875745053732681e-08,1.077156265803244e-06,3.192335627199848e-07,0.0009456452425470714,8.067033397761877e-05,1.4792254302794107e-05,9.927256820987304e-07,2.1869804068608708e-07,1.0989948586141433e-06,6.891796667351555e-08,9.90846467852454e-09,4.3703759084483987e-10,2.4543240528797403e-09,0.0006882513014336846
35,4.818769022190747e-05,1.9768357275610214e-05,1.0927403034141004e-07,2.814986394958352e-09,0.9360503135218669,8.982589658934085e-06,1.2292004619771261e-05,7.253625648240793e-09,0.06178927252135846,4.5247541414304944e-10,1.7093283552014294e-07,3.9430939945249324e-08,9.478435322581871e-07,5.220753702569917e-07,0.0006643947634550923,0.00010782882130532762,2.2724954101556033e-05,2.5595534732143744e-06,6.799989967495228e-08,1.792373051623805e-06,8.531558396725198e-08,1.2340788328887653e-08,6.111047163486045e-10,1.6476724405534133e-09,0.0012699148567665594
36,1.4340972225383116e-05,1.4660392417525541e-05,5.720239040496796e-08,2.028046402651706e-09,0.9632018802857149,8.60770676442701e-06,7.5889506867883595e-06,3.66972731938245e-09,0.035065548233444765,2.603583900198764e-10,1.6935543386605538e-07,2.180465793816872e-08,6.277502660831087e-07,4.874831252841528e-07,0.0006520833056789296,7.873715459948125e-05,1.7420225150693705e-05,7.816872969724669e-07,3.786819009296923e-08,1.7304652309278628e-06,5.959978297005632e-08,7.420171153452429e-09,8.075669127587205e-10,1.0466390718976024e-09,0.0009351443244335259
37,4.614166778923615e-05,2.4720302979548362e-05,1.2102567973923137e-07,3.633919312310359e-09,0.9568988070896317,9.133964879480226e-06,1.1802212799048388e-05,4.521057770514218e-09,0.04129046084391935,5.958755338801309e-10,1.8872099590399154e-07,3.777049689726923e-08,1.0673909290917321e-06,5.941468951639099e-07,0.0003429638120934809,6.698042750597943e-05,2.3314057272612333e-05,1.9592584942149312e-06,6.069310334497103e-08,2.4393594584958565e-06,7.719656880724214e-08,8.474814406580071e-09,1.4029625673765038e-09,2.723087788704146e-09,0.001279108706790717
38,2.3920672315647895e-05,1.5568114720827223e-05,9.803047337531287e-08,1.0923154182734551e-09,0.9500473218378626,1.5258008904590287e-05,9.509222004710856e-06,3.4606710237271044e-09,0.047809474459500276,3.38148075094174e-10,1.3776084009060895e-07,1.8567670215237632e-08,5.813626940634161e-07,3.3905779288896823e-07,0.0009786344348907767,0.00010706835313960097,7.5992977501226655e-06,7.300353222050523e-07,6.763605738341962e-08,1.069592164349841e-06,4.314186913345699e-08,4.3609486226548204e-09,4.3428395845126724e-10,1.161279343097583e-09,0.000982549566380638
39,1.290050267874448e-05,6.776236331359394e-06,1.0986678948252654e-07,2.266653042869995e-09,0.9461952062151507,1.7131080465911836e-05,8.686643425557432e-06,6.482664272950088e-09,0.05134217164365787,2.621624294271207e-10,1.6459081661210668e-07,2.6272689120407742e-08,1.777193044218999e-06,2.7186782365289755e-07,0.0011858937528787497,0.00017662263978474063,3.2536143086325776e-05,9.53987446567095e-07,5.6508071825128e-08,2.320158220649013e-06,1.4063654533922447e-07,1.0470793223765908e-08,7.200261894499101e-10,1.400970590463583e-09,0.0010162324578225686
40,1.383318487732536e-05,1.3104729596013393e-05,7.65836781382328e-08,1.0571950463039849e-09,0.9608375091327995,7.562290517912463e-06,8.728270596878316e-06,3.223626038831379e-09,0.03669733609744651,1.721438007479928e-10,1.6557586116585366e-07,2.7677260983421558e-08,6.30823534643807e-07,4.0220868365132867e-07,0.0011552260303443638,6.110408529533989e-05,1.1058873529063223e-05,4.856553853172398e-07,3.7778864593711154e-08,1.101261705313597e-06,4.854147741661633e-08,6.8594708666040195e-09,5.737013333003387e-10,6.918752376150258e-10,0.0011915486205336296
41,3.562114063895657e-05,0.00011029358488937022,6.077748109615204e-08,7.341293416505236e-08,0.9482050355057072,2.16415844723333e-05,2.3873482517977207e-05,1.3101236746517943e-08,0.04628068290606136,3.2890594331436866e-09,1.8053970915999008e-06,2.882001026828467e-07,2.5393817801037664e-06,1.4851689673845259e-05,0.0007658586161313208,0.00012193407955685638,0.0004704436475938994,9.367748488179302e-06,2.898456992020518e-07,1.02030344422173e-05,9.68662645815326e-07,5.379517456561049e-07,4.1885056414335886e-08,1.727988157924559e-08,0.00392355379511201
42,1.4744509937965599e-05,1.6240837307533953e-05,9.810570503984039e-08,3.895717642453454e-09,0.9207415165491045,1.316193890677815e-05,1.3551065559075019e-05,1.5731479714208762e-08,0.07575279078765439,3.7833056631897656e-10,3.3606227892286057e-07,6.418237141947968e-08,1.6857052847842175e-06,4.4928208039703816e-07,0.002238068669884599,0.00033916523208784617,3.0273697495516845e-05,9.77034547488027e-07,1.4991970431670246e-07,3.042903582866151e-06,1.4014421424208646e-07,3.084496050881127e-08,1.0061156432251853e-09,2.2706462321002428e-09,0.000833489245041894
43,1.0902061865176154e-05,1.3937971330652665e-05,4.722881376479995e-08,2.433091072171336e-09,0.9583267303833216,1.3872992507292481e-05,7.540441454939087e-06,4.493393232400702e-09,0.039693485141480155,6.657859201154794e-10,1.1061032479486126e-07,1.6243753650681257e-08,8.750635572374984e-07,5.372714373075407e-07,0.0007815389951650124,0.00015229934477660822,3.016415832171406e-05,1.29941051577303e-06,4.84528661271265e-08,3.0276201843076127e-06,1.3390379272626285e-07,1.3391407228432786e-08,9.088359866738937e-10,1.1432692227669677e-09,0.0009634096687486183
44,1.4546715309522683e-05,1.4853133549042259e-05,5.8533965360507875e-08,2.0722696477669898e-09,0.9617898704542838,8.13701332988028e-06,8.251462921641454e-06,4.312405341524501e-09,0.036385885282902736,2.6087769570736666e-10,1.7775304076162596e-07,2.5617796520564545e-08,6.895896572126709e-07,5.026932646065285e-07,0.0007238556394064551,8.756896526975571e-05,1.8004858847287477e-05,7.78805054637525e-07,4.161180707872378e-08,1.787079326423729e-06,6.133820368742359e-08,8.460288976788576e-09,7.915044966911344e-10,1.0385132882914625e-09,0.00094488651620433
45,1.4649713446801928e-05,1.504009479059975e-05,5.7323768399897274e-08,2.063795091761625e-09,0.9623377757784307,8.073102525934764e-06,8.075392271972402e-06,4.135574021078223e-09,0.035867398986922816,2.6185493473091876e-10,1.737320923031113e-07,2.5324825493549016e-08,6.899174521145381e-07,5.100945030172845e-07,0.0006901357389187925,8.450131084365466e-05,1.8297768359479524e-05,7.822944870391852e-07,4.0912466412904784e-08,1.7947907585781698e-06,6.156617488509683e-08,8.317351161990942e-09,8.02332395443145e-10,1.0362213018700256e-09,0.0009518995398323685
46,1.2561121969039104e-05,1.2250743498060683e-05,6.544128962174528e-08,5.9591012667994044e-09,0.9554635934305791,1.543245858012648e-05,6.1584704255023254e-06,5.924268990466127e-09,0.04218929909916412,2.4855796343670857e-10,3.2276518855780485e-07,4.2948824464488264e-08,2.8538331139714776e-06,7.72494876858511e-07,0.0007441887105867338,0.00011833760564318808,0.0001386115931346051,1.332040749547652e-06,6.485084785150562e-08,3.993503603845452e-06,1.7303248102812214e-07,2.8585679553400743e-08,2.1014722577756004e-09,2.11720681134169e-09,0.001289900919157031
47,2.544060203746464e-05,1.5382042259967823e-05,8.23659722465852e-08,1.8545935474707528e-09,0.9380887082090517,7.662317498430208e-06,1.1261573566688935e-05,5.013013840470435e-09,0.05931750614239654,3.3830087366177193e-10,1.1657509641684213e-07,6.012578173332893e-08,1.9710398860902225e-06,4.0930329420474145e-07,0.0008695610182346405,0.00013979606498101254,2.933271192240268e-05,1.1865751942619926e-06,7.3666625689097e-08,2.256363981536702e-06,1.1540553446000885e-07,1.3790388258100166e-08,5.937794020227477e-10,1.2119288813887245e-09,0.0014890550946796957
48,1.8762690258519272e-05,3.468073516442785e-05,3.5192609787262564e-08,1.888717834108505e-09,0.9630862337059719,1.251602730881395e-05,5.890384999097113e-06,5.134934198219015e-09,0.03585438742169793,3.2501117788221516e-10,2.820571145427005e-07,2.0288902121543076e-08,7.054180937526008e-07,6.928362467186188e-07,0.00043443518597964206,8.180162183409833e-05,2.4879888645307947e-05,5.966844421825681e-07,1.8694873977742544e-07,1.7118829737455595e-06,4.6154520393609194e-08,1.0950184415088107e-08,1.079497925134171e-09,2.2667995600158576e-09,0.0004421132293520055
49,1.683448025375422e-05,1.6764970633104928e-05,9.18620051351988e-08,3.2652887299466906e-09,0.9521864662139777,1.083851537345404e-05,9.925985145126761e-06,4.767970511760912e-09,0.045464755832456794,3.4449386610576477e-10,2.1785268787530893e-07,3.8496080197918647e-08,9.982551905407883e-07,6.072493392886865e-07,0.0008878954826717893,0.00010493049054753938,2.1518931612583185e-05,9.695960671154716e-07,4.543441909010478e-08,2.313863810802669e-06,8.747620528048976e-08,1.143315030691279e-08,1.2017170465884366e-09,1.5473154535498408e-09,0.0012746764515868929
50,1.1265338696732446e-05,1.2167345477541583e-05,3.9896550082281587e-08,1.101001766738645e-09,0.9872206439661891,3.3036193714577956e-06,1.6715836008106866e-05,5.654811570495768e-09,0.010982860124742562,4.5944603608429804e-10,1.190111054744778e-07,2.393248237248232e-08,3.847287639495321e-07,6.086461952170802e-07,0.0006161750319500301,6.250222329243523e-05,9.278594617658119e-06,4.551565099569384e-07,2.6821487204306414e-08,1.397862578900257e-06,3.25045352862911e-08,6.136748789492709e-09,8.510277170753761e-10,4.4268925198194115e-10,0.0010619847137208972
51,2.8425207908018333e-05,5.264105509487297e-05,6.543818976349131e-08,5.1425636210208125e-09,0.9432601018698272,9.183010712090591e-06,9.420158549636324e-06,7.90890231786834e-09,0.05441928931000516,4.298154313541852e-10,3.307384092979293e-07,4.1193648243323083e-08,4.874708302425433e-07,1.261459826474739e-06,0.0010168103495865827,0.0001031861810934278,2.322477681184495e-05,1.386749384476057e-06,7.984385462374737e-08,2.1556464476409204e-06,6.31218684451009e-08,2.107809663268543e-08,1.0992327695181126e-09,1.5879215927866889e-09,0.0010718091714197056
52,1.5618516072683694e-05,1.3936799503253349e-05,5.912305370317324e-08,1.9649407078497027e-09,0.9590816741633529,9.163270226816486e-06,7.794825026061598e-06,4.1378685825684316e-09,0.038982987346656235,2.631577543160092e-10,1.762722225250531e-07,2.268402077063204e-08,6.7156284969584e-07,5.01332602965327e-07,0.0007817481392048544,8.86136769407448e-05,1.8108275012995748e-05,9.351224831223633e-07,4.118687593564186e-08,1.6927933504875659e-06,5.865671752524482e-08,8.400930995097401e-09,7.056186563410947e-10,1.011517902240857e-09,0.000996179769792101
53,4.870794481240608e-06,7.0651345614725985e-06,4.284422573677396e-08,1.3616760895897773e-09,0.9792743298782455,2.908875543753272e-06,1.8645191880080288e-05,6.367392795634398e-09,0.018742538320591844,1.925507322933784e-10,2.0398573902153744e-07,3.622484059957854e-08,3.841285216265166e-07,3.7284310560224734e-07,0.0010979309379116336,9.599883186355604e-05,6.1813677861587455e-06,2.9523073108462186e-07,1.834513011622181e-08,1.2146626880940736e-06,4.174767015556742e-08,7.398746171675398e-09,7.175889968405929e-10,4.975438896710319e-10,0.0007469041189840972
54,1.0705834812352526e-05,8.453866980935174e-06,6.715549494883166e-08,2.9701897720898533e-09,0.9521536979636678,1.022529664140912e-05,7.745505113562643e-06,6.423761369555878e-09,0.04662068711023482,1.7303842913036738e-10,3.3063273898757876e-07,2.846411905922514e-08,1.2014713887196977e-06,3.6134163797455057e-07,0.0005316445016409626,0.00010975201825676985,2.8847209727191665e-05,9.288408663733245e-07,5.277959569425676e-08,2.1170671321579897e-06,1.0535939960892472e-07,1.0677464342527007e-08,9.737011945183554e-10,2.160764746489546e-09,0.0005130242016306738
55,8.530352611510758e-06,1.2574779598859984e-05,3.4552255262466085e-08,1.5724480503044979e-09,0.9799933268052459,6.839427827075765e-06,6.183973187017158e-06,3.622945167288055e-09,0.018582004963114008,2.2230281287243385e-10,1.7871546201877489e-07,1.1987637761388782e-08,3.441975577876521e-07,5.407701802827899e-07,0.0006016288255723547,5.963172179904152e-05,1.6914742680247522e-05,4.7296944999407775e-07,2.8919844630555877e-08,1.5397604711203597e-06,3.755723620969994e-08,6.49008108904921e-09,9.38713201081827e-10,6.432753149979856e-10,0.000709161488503351
56,1.501000807378702e-05,1.5120064522052337e-05,6.221309624684678e-08,2.178669983300123e-09,0.9614129815637675,8.48911131229464e-06,8.583532199130425e-06,4.537903543467213e-09,0.03671381941044473,2.741901639087148e-10,1.887341173623706e-07,2.989922382222783e-08,8.430429861857595e-07,5.362383085431912e-07,0.000720861631526246,8.824495790285113e-05,1.9789179847467488e-05,7.927102048314504e-07,4.622377427863787e-08,1.934150131035402e-06,6.74673427967017e-08,9.070957044293694e-09,8.736764429810655e-10,1.1535947817422191e-09,0.0009925817722266895
57,1.4292218876005685e-05,1.269757690853566e-05,4.761536265709393e-08,1.590814452174484e-09,0.9737684474451439,1.4415779018537388e-05,4.293350619875656e-06,1.9445677726785674e-09,0.025081569506730038,1.661583262113094e-10,2.329251238206271e-07,3.2034389565049867e-09,7.356146937155029e-08,4.942786000110996e-07,0.0004868213625739105,3.5719708380130536e-05,5.834187186060188e-06,9.33344111890403e-07,1.441008724559575e-08,5.255621166657414e-07,2.071139135676636e-08,2.2910945259271727e-09,4.828244731775875e-10,6.799776202134001e-10,0.0005735560974239993
58,1.8111843186644736e-05,1.6469739826181018e-05,7.267641439410537e-08,2.3396812651731885e-09,0.956111104209414,9.52762932720066e-06,8.847601263108162e-06,4.598379621422144e-09,0.04220354254206847,2.790588295944662e-10,2.1419913392908522e-07,3.2819612808451094e-08,9.133468266366198e-07,5.061786982609173e-07,0.0006255420890029588,8.880824602048652e-05,1.8349300722657506e-05,8.309827048759395e-07,5.806021804110404e-08,1.8887497475627593e-06,6.99789994503691e-08,8.566394723131043e-09,9.628301799863607e-10,1.6268364452214872e-09,0.0008950914336310828
59,1.7423354213845608e-05,1.6050549198205553e-05,8.3232325019705e-08,2.4934489983110965e-09,0.9535061645021178,9.859937973305302e-06,9.181263502993038e-06,4.786380320666786e-09,0.04472664933111302,2.8256188950127704e-10,2.157942193839636e-07,3.166775805387692e-08,8.464539683548716e-07,4.6999387927396045e-07,0.0007017019619214048,9.559363142590638e-05,1.7095615651103778e-05,8.145711156290383e-07,5.367584445598918e-08,1.9561708352531025e-06,7.255227503580405e-08,8.530848288507664e-09,9.597994661357572e-10,1.622927703307972e-09,0.0008957170646952889
60,1.4546715309522683e-05,1.4853133549042259e-05,5.8533965360507875e-08,2.0722696477669898e-09,0.9617898704542838,8.13701332988028e-06,8.251462921641454e-06,4.312405341524501e-09,0.036385885282902736,2.6087769570736666e-10,1.7775304076162596e-07,2.5617796520564545e-08,6.895896572126709e-07,5.026932646065285e-07,0.0007238556394064551,8.756896526975571e-05,1.8004858847287477e-05,7.78805054637525e-07,4.161180707872378e-08,1.787079326423729e-06,6.133820368742359e-08,8.460288976788576e-09,7.915044966911344e-10,1.0385132882914625e-09,0.00094488651620433
61,1.797963714878319e-05,1.632480575785562e-05,8.293403758360972e-08,2.41864958294711e-09,0.954596031695757,9.501355174745091e-06,9.624896401663614e-06,4.985854322282087e-09,0.04355993083576991,2.9581777970558864e-10,2.1286122588579414e-07,3.310953339674862e-08,8.742548338686557e-07,4.765799607495292e-07,0.0007342157280376054,9.419751008699634e-05,1.7500892771629893e-05,8.463204203532157e-07,5.5433488191786974e-08,1.953272358097072e-06,7.322827381593749e-08,9.023725334521576e-09,9.472447290723408e-10,1.5753921608698129e-09,0.0009400654022779697
62,1.4546715309522683e-05,1.4853133549042259e-05,5.8533965360507875e-08,2.0722696477669898e-09,0.9617898704542838,8.13701332988028e-06,8.251462921641454e-06,4.312405341524501e-09,0.036385885282902736,2.6087769570736666e-10,1.7775304076162596e-07,2.5617796520564545e-08,6.895896572126709e-07,5.026932646065285e-07,0.0007238556394064551,8.756896526975571e-05,1.8004858847287477e-05,7.78805054637525e-07,4.161180707872378e-08,1.787079326423729e-06,6.133820368742359e-08,8.460288976788576e-09,7.915044966911344e-10,1.0385132882914625e-09,0.00094488651620433
63,1.5324415950606072e-05,1.8393600967574643e-05,5.672025419608758e-08,2.112319572746251e-09,0.9626175838912496,8.076981896376506e-06,8.0199562086254e-06,4.10438716198348e-09,0.03556401867976385,2.8749961242056675e-10,1.7588133223953387e-07,2.5874979178496714e-08,6.45926997816816e-07,5.435619757941746e-07,0.000707589417192267,8.174958584383143e-05,1.781527932345377e-05,7.469169261554674e-07,4.5520042673032964e-08,1.833577829043141e-06,6.082040775897762e-08,8.623972964927575e-09,8.509963838318358e-10,1.0639335787586315e-09,0.0009572763477497514
64,1.3469124922065111e-05,1.548586933892649e-05,6.070369695743526e-08,2.3443402522661265e-09,0.9589790636838864,9.077361385034727e-06,8.359152058401409e-06,4.091159882072113e-09,0.039048568712806785,3.068285832848518e-10,1.6816720289807448e-07,2.9675112203845684e-08,8.67950661822659e-07,5.412055926506153e-07,0.0007542040235130145,9.462134451883528e-05,2.148227120114748e-05,8.325380246459843e-07,4.339182935527194e-08,2.137499725817011e-06,9.070854823263527e-08,1.0124223343566147e-08,9.291815747837749e-10,1.1717352453539036e-09,0.0010508776485059143
65,5.44189283721406e-06,1.0166899491584314e-05,4.4542888809630164e-08,2.441632154265145e-09,0.9922214765968694,4.683359757823179e-06,1.5258343353048542e-05,7.218751362641536e-09,0.005813442975145655,8.940887262538537e-10,9.544511917785184e-08,1.0915543786743324e-08,2.2619640955058669e-07,9.549776773232398e-07,0.0006993166455826373,8.748217231107359e-05,1.0630214472693784e-05,4.137504228745906e-07,9.709279010708732e-09,2.991967954698792e-06,4.4816969272080784e-08,5.053825392043718e-09,1.5752469893009302e-09,3.107488896381465e-10,0.001127291083621088
66,1.4132951898759644e-05,2.7846426444308533e-05,4.360609647436148e-08,3.7235886069932698e-09,0.952097573775315,6.050564433430202e-06,1.1260062404086216e-05,8.329107908420834e-09,0.044956122345368534,2.51619526080744e-10,3.003970553100366e-07,5.281876094626138e-08,5.006451149740425e-07,1.1542385323402238e-06,0.0015889088274572498,0.00014539861172884654,1.7375996197821523e-05,7.998602797592681e-07,4.929361067799663e-08,1.7418659280452174e-06,5.115432048802123e-08,2.1177133728326674e-08,8.22359329173754e-10,8.331057542865773e-10,0.001130601422138071
67,1.208790265364206e-05,1.1662712541940367e-05,6.037726431273375e-08,2.9430399799762025e-09,0.9656435688051807,1.20162084556711e-05,6.544093920400794e-06,3.6320827292888076e-09,0.032584349014174126,2.8367439520396893e-10,1.805679091343418e-07,2.2972584455475328e-08,1.0227668644276312e-06,6.700488118306573e-07,0.0005518577726271185,9.275909629864909e-05,2.593365545756872e-05,8.852484842191141e-07,3.12577904513207e-08,2.506753712974822e-06,7.680131157903808e-08,7.3560135106102374e-09,1.166338493810024e-09,1.2510463630264298e-09,0.0010537473117610907
68,2.034654718543073e-05,1.7316613642365947e-05,8.474855247991753e-08,2.941288960904921e-09,0.950763177531957,9.769408573079473e-06,9.014243072741675e-06,4.681459862438769e-09,0.04733911119523114,3.1923673803105065e-10,1.876190210315395e-07,3.2953867546596395e-08,8.706505718241071e-07,5.571777851450524e-07,0.0006528711357349145,0.0001006869269310352,2.031354100972191e-05,1.0658752199352042e-06,4.584883940333291e-08,2.0887173678541743e-06,8.291508117847144e-08,9.450143491596978e-09,9.456235710963901e-10,1.4921747029845004e-09,0.0010623565204287895
69,7.55184844955491e-06,1.53938344454986e-05,7.363722581752877e-08,3.745313422895206e-09,0.9669314682753002,9.108554053293877e-06,1.0696687836478412e-05,7.1876960321439585e-09,0.031634879444905936,2.5761625736864414e-10,4.1703406235161517e-07,3.6830880036488746e-08,6.279225041427319e-07,5.299344247135373e-07,0.0007558615626416077,0.00011246471782462518,1.1020607245274079e-05,3.743221895627214e-07,5.135532966759464e-08,2.355576611104309e-06,9.044451114317034e-08,8.224457582106548e-09,1.949090805593253e-09,2.278383908209068e-09,0.000506973767001056
70,1.3070543997363517e-05,1.5304845708170873e-05,5.0073541324259444e-08,1.8434718961381465e-09,0.9624603023666768,8.59898030378858e-06,7.397956181248745e-06,3.649307487875915e-09,0.035919165815148694,2.3318769729778213e-10,1.9464588112911535e-07,2.2971490277161656e-08,6.243705744761448e-07,4.62383859172247e-07,0.0006690486892548161,7.568223389719039e-05,1.7376729464621277e-05,6.762223618966581e-07,4.843618910996322e-08,1.5690411901802588e-06,6.351614089965676e-08,8.290980048070316e-09,8.490058402496267e-10,1.1785116966329553e-09,0.0008103241336740461
71,1.5269744718436142e-05,1.4826063742913188e-05,6.255736512528268e-08,2.139886796210836e-09,0.9596896318454451,8.698712244138771e-06,8.455243229947848e-06,4.422320694768232e-09,0.03841584597311263,2.5723904427310223e-10,1.9211563526964116e-07,2.616845440809185e-08,6.941800724522559e-07,5.037854820218089e-07,0.0007693295753643833,8.884671063111218e-05,1.8487179931870538e-05,8.277074864476388e-07,4.372770657775789e-08,1.7000413390649464e-06,6.304636775665001e-08,9.024777002353643e-09,7.924888995463508e-10,1.096136158987725e-09,0.0009664778888220692
