,0,1,2,3,4,5,6,7,8,9,10,11,12,13,14,15,16,17,18,19,20,21,22,23,24
0,5.019179773756524e-07,1.0449834292258117e-06,3.248179132153003e-06,5.6099402029319025e-06,0.8154712658215487,0.00020052649454522505,0.0001728636016240391,2.0227266759531613e-08,0.17356098262883413,2.015746749251736e-06,0.0002998514164054343,2.858460623956754e-06,9.616730758251845e-08,6.167105045317168e-05,0.0037820877857112118,7.749932191612558e-07,7.485712850644558e-07,1.0788164995489198e-07,2.004338658668096e-05,1.1082426085036058e-06,1.9767539886517188e-05,5.300577756600195e-07,0.000101292711968398,0.0010900780251839187,0.0052009041680251234
1,4.727910655057003e-07,1.0213801568159497e-06,4.717430483311361e-06,6.45118743954764e-06,0.8081646329397019,0.00018824035536544142,0.00020359129887525382,2.05238549705572e-08,0.18134254135103992,2.5848459063244675e-06,0.00021329551396838636,2.7598198234305416e-06,1.2857264617564934e-07,5.608848876699848e-05,0.0031728907477727893,1.2940924912926768e-06,7.704250167803625e-07,1.2643123252572558e-07,2.3204887031056653e-05,1.5531689191128523e-06,2.337440658970771e-05,4.2227506922670683e-07,0.00010363357120544778,0.0015337989615250118,0.004952384534053246
2,1.340806497162806e-06,1.6853884717485116e-06,5.03284987693782e-06,1.1159200314093915e-05,0.8728770347348995,0.00025703614927925593,0.0003116374654649177,2.4167597641607826e-08,0.1177418631169272,1.7767367659667561e-06,0.00041429957238422766,4.246835051343313e-06,1.9831601700898757e-07,3.582205629942923e-05,0.002783222199959043,1.1776558317866308e-06,2.02995987767854e-06,2.020656585037977e-07,3.767091092836584e-05,8.25260037866447e-07,3.369741812333859e-05,6.146949364633483e-07,0.00015917035554237317,0.001608730620468564,0.0037095014627894995
3,5.376051090254041e-07,1.113937002867207e-06,3.412612954607044e-06,5.802435433498483e-06,0.8675235442652963,0.000150426424623592,0.00016405609862663113,1.8903911952806322e-08,0.12309306764005837,1.5867364051644652e-06,0.00028784145990291946,3.1124003818235355e-06,9.920602946590913e-08,5.264174727706606e-05,0.003020201805453685,7.784401300830728e-07,9.444518685568124e-07,9.975442011003926e-08,1.6685298277020644e-05,1.003366812470496e-06,1.973240924138043e-05,4.619453304213993e-07,9.10308547045533e-05,0.001079296734327926,0.004482503466420768
4,5.458313648686472e-07,1.1608976794262885e-06,3.6634039046519394e-06,5.702629503574823e-06,0.872501272362637,0.00012572079846687192,0.00016004953696283018,1.891966867935271e-08,0.11883806274523094,1.569031719765082e-06,0.0002852363160161945,3.106516797318079e-06,1.1399443778109776e-07,5.873620503123791e-05,0.0026203853537810386,7.06866075088562e-07,9.114225802350595e-07,1.043229282981473e-07,1.5842006051895193e-05,1.0777065826247436e-06,2.14913133223918e-05,4.7474586021440675e-07,8.301713576856675e-05,0.0011024608767892055,0.004168569060839189
5,4.6232759700182483e-07,9.19028592448389e-07,3.353166659162916e-06,6.705730818190643e-06,0.8834494682692393,0.00012809056192527194,0.00014568122446393392,1.5551142244003137e-08,0.10935609819789992,1.5711380032319388e-06,0.00022964710264625324,2.3058471094144406e-06,9.977169434256718e-08,4.8990317531992945e-05,0.0021520591128909965,6.808896733793006e-07,8.068125353548306e-07,1.3002587926500777e-07,1.5657258353779802e-05,1.127573131845804e-06,2.051247003576053e-05,3.1494266467418705e-07,0.0001054086364432257,0.001192932069756366,0.003136961973312574
6,5.376051090254041e-07,1.113937002867207e-06,3.412612954607044e-06,5.802435433498483e-06,0.8675235442652963,0.000150426424623592,0.00016405609862663113,1.8903911952806322e-08,0.12309306764005837,1.5867364051644652e-06,0.00028784145990291946,3.1124003818235355e-06,9.920602946590913e-08,5.264174727706606e-05,0.003020201805453685,7.784401300830728e-07,9.444518685568124e-07,9.975442011003926e-08,1.6685298277020644e-05,1.003366812470496e-06,1.973240924138043e-05,4.619453304213993e-07,9.10308547045533e-05,0.001079296734327926,0.004482503466420768
7,1.9659832838479002e-06,1.8866943996292078e-06,6.560800601932518e-06,9.705195284599802e-06,0.8807995697241698,0.00017805675866455385,0.0003131494166527555,4.4199615810932607e-08,0.10875544550529603,1.8612179887368703e-06,0.0006945997154376865,5.201178122027647e-06,4.2499968911485104e-07,4.747673635501181e-05,0.004346664852191817,1.1571284798779433e-06,1.378909260793876e-06,1.9477311134294985e-07,3.149533690831578e-05,1.61616134452938e-06,2.7905915704200828e-05,1.188239983981095e-06,6.349280130913116e-05,0.0010539851187066442,0.0036549726374377495
8,6.066653934170667e-07,1.2088869272680039e-06,7.663015706138436e-06,6.814057531106484e-06,0.8436861142172678,0.00011398909446397523,7.258323937968035e-05,9.923477405983059e-09,0.14379971172637207,2.5180946436902842e-06,0.0001538311685578156,2.864355541301472e-06,8.357441193926102e-08,7.444879982423485e-05,0.002316828451169788,8.815894045434438e-07,1.090733030175476e-06,7.207164902040438e-08,6.666615296371456e-06,1.2578912183237728e-06,1.2734370695332476e-05,2.4222143065995043e-07,0.0001449666078626716,0.002651579811832859,0.006941232816912381
9,4.020189964923455e-07,1.7642313628211254e-06,9.254731250045676e-06,7.606730783460411e-06,0.8025515450097546,0.000114252113403981,8.325829088462816e-05,1.372309301143359e-08,0.18269078167232033,4.99986453755624e-06,0.0001355411966360683,2.6753053585949947e-06,1.1402065969420985e-07,0.00011920987902463008,0.0026022621832581722,1.4827711125795504e-06,1.1071255461482175e-06,9.62290526755897e-08,1.1167828378090229e-05,2.321305728086674e-06,1.893401154486546e-05,2.937843326940689e-07,0.0001432174937104266,0.0031278313945414292,0.008369867084729038
10,5.376051090254041e-07,1.113937002867207e-06,3.412612954607044e-06,5.802435433498483e-06,0.8675235442652963,0.000150426424623592,0.00016405609862663113,1.8903911952806322e-08,0.12309306764005837,1.5867364051644652e-06,0.00028784145990291946,3.1124003818235355e-06,9.920602946590913e-08,5.264174727706606e-05,0.003020201805453685,7.784401300830728e-07,9.444518685568124e-07,9.975442011003926e-08,1.6685298277020644e-05,1.003366812470496e-06,1.973240924138043e-05,4.619453304213993e-07,9.10308547045533e-05,0.001079296734327926,0.004482503466420768
11,5.742609241244502e-07,1.1305534061889813e-06,3.5634800171116484e-06,6.031299498242756e-06,0.8722510002375224,0.00013880842297459613,0.0001702010042618587,1.8941453949791887e-08,0.11862808607646654,1.5127336603556849e-06,0.0002880682602563989,3.2654270574565104e-06,1.1571043349136707e-07,5.148246135513356e-05,0.002894988965358473,7.950831838378893e-07,9.537761713208185e-07,1.0207365619693195e-07,1.669140781382045e-05,1.0789134095911587e-06,2.0210293831345883e-05,4.815389644143825e-07,8.671000667150569e-05,0.0011619062471791878,0.004272222824472272
12,6.694994752187702e-06,1.8417898248838168e-05,9.598949446917996e-06,0.00011309241892402793,0.3928218383645893,0.0010465197382423486,0.0017950619524009686,4.601136527912471e-07,0.5261660259558052,1.818657948027444e-05,0.0012267431133124458,2.0163950002308773e-05,2.0869929387614624e-06,9.418795211749026e-05,0.061837183955652186,1.5746162220616695e-05,3.7173629349457426e-06,8.400587944526899e-07,0.0014749552490146989,1.9004079310344127e-06,6.395044775866814e-05,1.1548886383043102e-05,0.00016168317442497615,0.0018881648441851906,0.011201230476786455
13,6.405963294451729e-07,1.139962887815049e-06,2.8581196120074926e-06,3.6746768208912573e-06,0.8976038333801024,8.142889615924561e-05,0.00015127439032474872,2.631232502781752e-08,0.09225239151815358,8.612844534417398e-07,0.0005347565586870809,5.20125995852653e-06,9.742949630238833e-08,7.164433079480521e-05,0.003194799645122079,5.16427227224956e-07,8.955281918938523e-07,7.7734706038893e-08,1.1937168393473772e-05,7.752780543205405e-07,1.9166645266915237e-05,6.856975948927041e-07,4.527278285127138e-05,0.0006550462638558105,0.005360998112630776
14,2.512510918602289e-07,1.2661738491593016e-06,1.30136515497843e-06,5.084844182689568e-06,0.9659436575934528,3.908523416345011e-05,8.0969435423191e-05,7.472188922768295e-09,0.03125573309667753,6.6773193156953e-07,0.0002518526204839907,1.0983168697003853e-06,7.537750665368883e-08,2.8214428404759795e-05,0.0007256708197383253,1.7576323849976463e-07,7.639949905767968e-07,9.159771004329288e-08,1.567426981048835e-05,3.905568781714752e-07,2.641995729166317e-05,2.02453268608643e-07,4.865093677199005e-05,0.0005730272616784341,0.0009996674472421748
15,5.376051090254041e-07,1.113937002867207e-06,3.412612954607044e-06,5.802435433498483e-06,0.8675235442652963,0.000150426424623592,0.00016405609862663113,1.8903911952806322e-08,0.12309306764005837,1.5867364051644652e-06,0.00028784145990291946,3.1124003818235355e-06,9.920602946590913e-08,5.264174727706606e-05,0.003020201805453685,7.784401300830728e-07,9.444518685568124e-07,9.975442011003926e-08,1.6685298277020644e-05,1.003366812470496e-06,1.973240924138043e-05,4.619453304213993e-07,9.10308547045533e-05,0.001079296734327926,0.004482503466420768
16,7.023616916242422e-07,1.6199393589670736e-06,2.638635201464001e-06,5.720417696872974e-06,0.869659630868546,0.00013135055839098487,0.00019960524637466928,3.3686559311216075e-08,0.11659217793516602,1.3408975459684115e-06,0.0004988580523944996,6.604824106187081e-06,1.152162668457161e-07,7.3115078888383e-05,0.005288449060205919,9.199016796770987e-07,1.1490794572238933e-06,9.685831285138858e-08,2.2160347495760714e-05,8.583580696278463e-07,1.980820291468646e-05,1.0259177416390477e-06,5.8718801716364624e-05,0.0007324863394392036,0.006700813414779137
17,3.7696195140539615e-07,5.481587859841046e-07,2.077644480718014e-06,2.4602045471486897e-06,0.9269109283241614,5.52562817484501e-05,0.0001304319811413179,8.91378989120606e-09,0.06816934081642877,4.198203639185573e-07,0.00024174994892273613,2.721416157790291e-06,6.311875831263391e-08,3.900940624062803e-05,0.0008944283075620737,2.6501733433137696e-07,6.517466434580763e-07,6.550225760043771e-08,6.1594467970361235e-06,5.407224307019666e-07,1.8486668660989312e-05,2.454614952997187e-07,5.6531610351886116e-05,0.000856096440752598,0.0026111360782355942
18,4.214133844908247e-07,1.2634311245195972e-06,4.5133697352173434e-06,3.073642973348242e-06,0.8472695292950887,0.00013234520051348626,0.0001890445307091581,1.713362022870061e-08,0.13441460629814816,1.658181569002005e-06,0.0002908256453825133,5.05938279968757e-06,7.12867473532409e-08,9.66958931149568e-05,0.0034610919106196052,1.195839473053158e-06,1.5365250870743645e-06,8.076483211833395e-08,1.5587400188285317e-05,1.1158174166102945e-06,3.181533750216699e-05,4.6690399816145817e-07,0.00012203585911013319,0.0015686864518879493,0.012387262484974139
19,3.045369909438918e-07,1.1763301622130824e-06,2.421116952088899e-06,8.58841900968557e-06,0.851406452696973,0.00017430158562662868,0.00013020971966017106,1.360810175659614e-08,0.14005242389154007,1.8992631492879573e-06,0.00014783699515421612,2.7474309369304193e-06,8.025760896879482e-08,4.212607441339677e-05,0.0032690603025005757,7.273616998529748e-07,6.80808833359188e-07,5.6807709288831576e-08,1.2907021019111865e-05,9.45157481884248e-07,9.284123173992781e-06,4.129542469606097e-07,7.426820863592733e-05,0.0009744026614118826,0.0036866726670077695
20,5.707299510419519e-07,1.3994113269496712e-06,2.6437699187559214e-06,6.635630856674775e-06,0.8454742002446689,0.0001714644357487554,0.00018132871529007914,2.8823576005742547e-08,0.14326986759295324,1.8352917890826605e-06,0.00039080845467698365,3.4148328129640738e-06,1.3176024824539636e-07,6.188434368727512e-05,0.004922921090045375,7.43938383081006e-07,8.517844971097499e-07,9.635410902145251e-08,2.4146786386000465e-05,1.1427569957196875e-06,1.8936470086206343e-05,9.44494233522229e-07,6.706673743370497e-05,0.0008063135932201844,0.00459062195710508
21,1.0358460030962645e-06,1.3565335421212993e-06,9.395858955235309e-06,5.798863358430164e-06,0.8923531113572982,6.977250121139477e-05,0.0001659390135828926,2.2524759636244088e-08,0.09704058292721572,1.544951066139833e-06,0.0003134830788595897,6.14794497647778e-06,1.8896589768006695e-07,9.384072108829123e-05,0.0017285690837446888,1.3396307738494224e-06,1.52972249022217e-06,1.8423335171292983e-07,1.0896643967024283e-05,1.724528794894707e-06,3.2089359905822366e-05,3.70723504102417e-07,9.902387549681337e-05,0.0021520853111620573,0.005909965798993834
22,1.0210276788488658e-06,1.4255491153164813e-06,6.6611744796291135e-06,6.900707726189933e-06,0.9120570292045181,0.00016506207788857428,0.00015698109923891645,3.3682863890772475e-08,0.07922053252167616,2.3308541782316123e-06,0.00046313977590019555,3.258598134412197e-06,1.4890632368459416e-07,6.80308219405134e-05,0.002486578827192622,1.0066658617451673e-06,2.1813467795429385e-06,1.999862771707653e-07,2.0883446448630313e-05,1.365315775464738e-06,4.0677555935364005e-05,6.011417677101544e-07,0.00012916719796345828,0.0010710128607801757,0.004093769653555387
23,5.376051090254041e-07,1.113937002867207e-06,3.412612954607044e-06,5.802435433498483e-06,0.8675235442652963,0.000150426424623592,0.00016405609862663113,1.8903911952806322e-08,0.12309306764005837,1.5867364051644652e-06,0.00028784145990291946,3.1124003818235355e-06,9.920602946590913e-08,5.264174727706606e-05,0.003020201805453685,7.784401300830728e-07,9.444518685568124e-07,9.975442011003926e-08,1.6685298277020644e-05,1.003366812470496e-06,1.973240924138043e-05,4.619453304213993e-07,9.10308547045533e-05,0.001079296734327926,0.004482503466420768
24,4.001211193426487e-07,1.69785469310999e-06,2.6201300650962105e-06,9.765380911684402e-06,0.8836062751176597,0.0001247508964688849,0.00014657199224658534,1.8697453939804278e-08,0.10807164544315045,2.002566998215313e-06,0.00023074578594378374,2.567174958821084e-06,1.0473122000252635e-07,5.611689530181292e-05,0.003134486288780469,7.50816841948271e-07,1.0246412618289574e-06,1.0933660458922314e-07,2.4843744017748313e-05,9.374629161845723e-07,2.0536344959550695e-05,4.691166104669638e-07,9.527340057774077e-05,0.0010082562685933727,0.0034580297906448287
25,5.089112998846602e-07,4.6666442717899944e-07,2.042527003036026e-06,2.884700000488191e-06,0.9462773261638852,5.5877530829360727e-05,0.0001740517783951072,2.517465238379125e-08,0.04955327089546523,3.9656715522228983e-07,0.0004530101201307429,3.326706549317237e-06,8.863491660296047e-08,3.632622321672735e-05,0.0010624758769608646,3.453251551565544e-07,6.022684700798357e-07,1.2686023108832312e-07,8.402953149507704e-06,7.706481622124762e-07,2.158429479860368e-05,3.294127650954869e-07,3.9272375529444624e-05,0.00047665708880661426,0.0018298302980450085
26,4.7281440814901217e-07,5.204631124442551e-07,5.3468375742180605e-06,5.298604224035815e-06,0.8592403674120845,0.00010228908033492183,9.324649741038826e-05,6.285423511663209e-09,0.13428755434113235,1.3313966044287188e-06,0.00011491231888065985,1.3947063047740231e-06,7.925568517162824e-08,4.14494372882921e-05,0.0008443941245642411,4.886560494636278e-07,5.73784972424358e-07,1.201725439607784e-07,6.193896027751621e-06,1.130167112167549e-06,1.6777240705039385e-05,1.1582311539333165e-07,0.0001659397286690275,0.0025347638964314193,0.002535233059341366
27,4.834156660722294e-07,1.0556973135588742e-06,2.219748738266342e-06,6.294416724373556e-06,0.7846946716449166,0.00021525655270651225,0.000176315154235653,2.0074461743017943e-08,0.2041405436664579,1.676112693362358e-06,0.000259384527617808,3.329465036046682e-06,1.0194827378252806e-07,4.387233383199245e-05,0.004595108344857291,7.717359535648437e-07,5.365943380840087e-07,7.375387669508373e-08,1.9941730057613315e-05,9.452217192908996e-07,1.1642024090672858e-05,7.222904338807324e-07,6.728980594111026e-05,0.0010066084691427177,0.004751135270915524
28,5.376051090254041e-07,1.113937002867207e-06,3.412612954607044e-06,5.802435433498483e-06,0.8675235442652963,0.000150426424623592,0.00016405609862663113,1.8903911952806322e-08,0.12309306764005837,1.5867364051644652e-06,0.00028784145990291946,3.1124003818235355e-06,9.920602946590913e-08,5.264174727706606e-05,0.003020201805453685,7.784401300830728e-07,9.444518685568124e-07,9.975442011003926e-08,1.6685298277020644e-05,1.003366812470496e-06,1.973240924138043e-05,4.619453304213993e-07,9.10308547045533e-05,0.001079296734327926,0.004482503466420768
29,5.376051090254041e-07,1.113937002867207e-06,3.412612954607044e-06,5.802435433498483e-06,0.8675235442652963,0.000150426424623592,0.00016405609862663113,1.8903911952806322e-08,0.12309306764005837,1.5867364051644652e-06,0.00028784145990291946,3.1124003818235355e-06,9.920602946590913e-08,5.264174727706606e-05,0.003020201805453685,7.784401300830728e-07,9.444518685568124e-07,9.975442011003926e-08,1.6685298277020644e-05,1.003366812470496e-06,1.973240924138043e-05,4.619453304213993e-07,9.10308547045533e-05,0.001079296734327926,0.004482503466420768
30,5.376051090254041e-07,1.113937002867207e-06,3.412612954607044e-06,5.802435433498483e-06,0.8675235442652963,0.000150426424623592,0.00016405609862663113,1.8903911952806322e-08,0.12309306764005837,1.5867364051644652e-06,0.00028784145990291946,3.1124003818235355e-06,9.920602946590913e-08,5.264174727706606e-05,0.003020201805453685,7.784401300830728e-07,9.444518685568124e-07,9.975442011003926e-08,1.6685298277020644e-05,1.003366812470496e-06,1.973240924138043e-05,4.619453304213993e-07,9.10308547045533e-05,0.001079296734327926,0.004482503466420768
31,1.4091637754576707e-06,1.8714950363825554e-06,9.37891921021073e-06,7.70453558419276e-06,0.8625127725021507,0.00017406309562337677,0.00023246970588385995,5.462131916949476e-08,0.1261700624517045,2.7823868546299153e-06,0.0004600092754221479,5.256613528946814e-06,1.8318083612676316e-07,8.646092399031114e-05,0.0028473721155237042,1.6117026462936973e-06,1.9640558689296195e-06,2.3147297965930384e-07,2.2729087871094585e-05,1.456987429766801e-06,4.138047523041824e-05,7.126105767025236e-07,0.00012343803747181476,0.0013689574135688817,0.005925667169912746
32,5.048052826833638e-07,1.166427904282352e-06,3.1632412510475616e-06,6.529780987236027e-06,0.8627672145707719,0.00016488437578759686,0.00018282322427971593,2.0097604119282394e-08,0.1273262442981965,1.7439120522400464e-06,0.000287386734029831,2.971132469096932e-06,1.0613236278594271e-07,5.091570645176087e-05,0.0034928829562703564,8.803315231875436e-07,9.795814763767465e-07,1.0820317569341539e-07,2.264671809138963e-05,1.055357025078643e-06,2.212420624537287e-05,5.022024476538805e-07,9.837046477736554e-05,0.0011082775138411523,0.0044564980256955496
33,1.3651754376927883e-06,1.8762156144413673e-06,3.2062111983303637e-06,1.0154179387770534e-05,0.9386641537626053,0.00010020732612048137,0.0003282550747379636,4.397877839332025e-08,0.053372483133117675,8.026604302114624e-07,0.0006834107381542675,9.08148394564654e-06,2.7170515396065065e-07,3.960582169235711e-05,0.002491185629673706,1.2946686515818817e-06,2.677748244216286e-06,2.1012425691612472e-07,3.183821009605114e-05,9.319086468584761e-07,3.359687255125139e-05,1.0189044938018607e-06,7.020495427943781e-05,0.0010285138322831781,0.003123609680448351
34,5.357960963255231e-07,1.1157317646065014e-06,3.4112660877319726e-06,5.8014107239403015e-06,0.867509158776504,0.00015053663829387622,0.0001639511066173646,1.8895577530831422e-08,0.1230962078628712,1.5894377415022717e-06,0.00028737433222921274,3.1156832844039598e-06,9.904047220820569e-08,5.271152941024551e-05,0.0030213057782760605,7.799064406421233e-07,9.458551387098096e-07,9.955085268172963e-08,1.6668709957317216e-05,1.004560810566506e-06,1.971479200858497e-05,4.6183526416999934e-07,9.109094965208871e-05,0.001079840650837988,0.004492459903086621
35,2.0611124264618443e-06,1.5376716076508084e-06,5.427916544690409e-06,9.46456805488881e-06,0.773528725463119,0.0003176594687941577,0.00037656563916563235,5.8917359826516694e-08,0.21531870225575298,2.413415293668902e-06,0.000528973291830984,6.991413092781275e-06,2.3694992475869927e-07,5.250328546977917e-05,0.0033203496700992693,1.8381831522396882e-06,1.4358086341430428e-06,3.408783863974559e-07,4.203078765927303e-05,1.1059114872198395e-06,3.063236379315617e-05,1.1944863975500306e-06,0.00012061678114269381,0.00156463440442619,0.004764499356384748
36,5.262517188849597e-07,1.0831654564602132e-06,3.3564816520725313e-06,5.65252946591138e-06,0.8699086950083137,0.0001473902688547952,0.00016091594637587006,1.8184764230640713e-08,0.12088388935125119,1.5383182693345592e-06,0.00028502575961669745,3.02388897807244e-06,9.655992145109674e-08,5.15350325070325e-05,0.0029411880185306557,7.482574608500978e-07,9.22117295270325e-07,9.764393740017401e-08,1.6249384535982917e-05,9.814137678050628e-07,1.9603333074161918e-05,4.446535480698487e-07,9.032824801743513e-05,0.001073580616253818,0.004403109566433149
37,7.571798959617506e-07,7.062550008076269e-07,5.436815475959991e-06,3.6795751672486217e-06,0.897521868901367,6.55366982656894e-05,0.000148554580912366,9.946413391588273e-09,0.09568324648163977,8.426149134768528e-07,0.0002216626646895387,3.01533676440203e-06,1.1817910814604394e-07,4.9326993450255716e-05,0.0009710000127634397,5.257339780685943e-07,8.092345672763591e-07,1.226353209830535e-07,7.529156552813651e-06,9.317452414891768e-07,2.3771344219709536e-05,2.1952174041115237e-07,8.921093035557404e-05,0.0018449940081364195,0.003356123454059729
38,1.2024533170831406e-06,1.3952395645595721e-06,6.4058181091109e-06,1.3150720143313855e-05,0.7992968461276071,0.0005962346483263626,0.000579764809197573,4.20207049539801e-08,0.18323466822791867,3.829735844298326e-06,0.0003706833284255245,4.076909413786549e-06,3.114072381875815e-07,3.8413557963115706e-05,0.008073425042382228,3.8808465546731314e-06,1.948847723904947e-06,3.0125744552630676e-07,8.151303040953079e-05,2.6240637050600385e-06,4.43145147779891e-05,9.27920569258226e-07,0.00021794394439934598,0.0019031981481521735,0.005522897380106515
39,1.240762290707842e-06,1.1116108876196932e-06,6.08943305348202e-06,6.121323367232833e-06,0.866753643640688,0.0003676330501254691,0.00043107682479604853,6.764458710044496e-08,0.12014020223406546,1.9315212133216635e-06,0.0005619770823956561,7.363109488528767e-06,1.7228973434159243e-07,4.6222038584459764e-05,0.0038257929447031293,2.4711831259584265e-06,2.182910335463414e-06,2.0695101745481801e-07,3.1971470309082466e-05,1.5260264295500483e-06,4.286957778390164e-05,9.743828507022703e-07,0.00012992807600107473,0.0012334467527403237,0.006403777159425965
40,8.221689402059576e-07,1.3275009259501497e-06,4.5957871874731995e-06,4.19199720975527e-06,0.8765763044977395,0.00013984893857357455,0.00015619639505407254,2.0394775664020053e-08,0.11107374445265068,1.133057657551377e-06,0.0003883790685764076,5.93179954468571e-06,1.0380141363287327e-07,6.297409008784078e-05,0.003727766018132432,6.682473230576923e-07,1.1669678201675698e-06,5.29113295221335e-08,8.228258832668604e-06,8.460334222294747e-07,1.4067237696741651e-05,7.088655907646001e-07,5.563361772735199e-05,0.0008233974477584242,0.006951890444029636
41,3.0632333110440554e-06,7.225360144019177e-06,4.1614905544253384e-05,3.2923858311625494e-06,0.8630820040146787,0.00010018899372260713,0.0019278340401361067,1.4348696961048413e-07,0.09380339413418456,3.5495441039399195e-06,0.0022051737246239025,2.497426577266786e-05,1.3794839216917512e-06,0.0007422934168236643,0.0010614573055483631,7.234090951609113e-06,2.6109156099000374e-05,2.344714989877064e-06,0.00013785990722096455,6.446762942692063e-06,0.0026264047269736594,2.1136975800368183e-06,0.000565381093067242,0.007861728424178873,0.025756789130679646
42,9.105778673017657e-07,2.129813123219083e-06,3.2313055904852157e-06,1.1705869964282947e-05,0.8054489323495113,0.00038605926852659117,0.00035337109735405234,5.1037813588752895e-08,0.1772500662634833,2.708005468503047e-06,0.0004628031500354875,5.965103029909857e-06,2.525188534146084e-07,4.317941242688666e-05,0.008849568984314974,2.232643012448365e-06,1.6804378543315091e-06,1.1491074462946736e-07,5.620998217895461e-05,1.5194094127650896e-06,2.1071609851704935e-05,2.061420905333796e-06,8.060523793698768e-05,0.0010943463232910972,0.0059192232674483555
43,4.2044242180384164e-07,9.410443460112712e-07,3.4790670137905006e-06,8.730921325821147e-06,0.7890641326652382,0.0004699503635919396,0.00019057142946384621,2.8441585028177194e-08,0.19855868322105258,4.357502472896555e-06,0.00023404487494282147,1.867158868355474e-06,1.0362303795135804e-07,4.6226311234285164e-05,0.00569158065725023,1.3489514901154001e-06,8.025486483237596e-07,1.342468628502744e-07,3.671629466277342e-05,1.6537400140471364e-06,2.230395114629386e-05,6.211263583447398e-07,0.00014139928522620017,0.001096887254268052,0.0044230148774773706
44,5.376051090254041e-07,1.113937002867207e-06,3.412612954607044e-06,5.802435433498483e-06,0.8675235442652963,0.000150426424623592,0.00016405609862663113,1.8903911952806322e-08,0.12309306764005837,1.5867364051644652e-06,0.00028784145990291946,3.1124003818235355e-06,9.920602946590913e-08,5.264174727706606e-05,0.003020201805453685,7.784401300830728e-07,9.444518685568124e-07,9.975442011003926e-08,1.6685298277020644e-05,1.003366812470496e-06,1.973240924138043e-05,4.619453304213993e-07,9.10308547045533e-05,0.001079296734327926,0.004482503466420768
45,5.682090691929896e-07,1.2410096892364602e-06,3.9906356967505985e-06,5.3873540098355605e-06,0.873666047765961,0.00013552465776468068,0.00014899371780272873,1.832200936129033e-08,0.116676627944849,1.6760640407412158e-06,0.0003014829352299159,3.2540471275734854e-06,9.85582133217469e-08,6.265961994546683e-05,0.0026703532627806994,7.752508261195483e-07,1.1017303978170203e-06,1.0560367124918846e-07,1.536846379987076e-05,1.0201030229770967e-06,2.2797468656355943e-05,4.435460116479924e-07,9.927606034367242e-05,0.0011897724191763542,0.004991415249904231
46,1.1711101178267334e-06,2.135454693051804e-06,3.741887437334677e-06,9.984084272583452e-06,0.9211414562756565,0.00018888408127215207,0.00023469036055826826,2.9651562639112758e-08,0.06641615664213538,1.2374243508401095e-06,0.000473869013963699,7.941297503429368e-06,1.5692349727003594e-07,3.680370763414856e-05,0.004628900934511708,1.472184671877608e-06,3.6020565012469837e-06,9.06904298148339e-08,2.3457527099577733e-05,8.081888041639214e-07,2.0609578319492804e-05,1.0019823196255495e-06,0.0001011313425359285,0.0010968185749967495,0.005603849025154671
47,2.020311648981181e-06,4.5545933694513216e-06,5.476812731473351e-06,8.847278516139525e-06,0.8022772094961141,0.00022985702916201433,0.000340527207562061,5.058828726609056e-08,0.17556611757786975,2.2158813210369363e-06,0.0006137645719887041,1.709886067807576e-05,3.5829227847340885e-07,6.29688997731378e-05,0.0070565140220032515,2.904865680672973e-06,2.6090817263059573e-06,1.0183783709056621e-07,2.9537229473199904e-05,1.4342664952386622e-06,1.683449172257202e-05,2.6632471824791615e-06,6.417451948377914e-05,0.001823365039656587,0.011868793997438109
48,1.2612677555044512e-06,7.203573399187274e-06,4.946217890669767e-06,2.1177956844371677e-05,0.8774467169057864,0.0003224735833446525,0.0002960571015424201,6.642172580964817e-08,0.10578293785015304,5.126716726621622e-06,0.00047006415078791386,7.074040097307721e-06,2.1797936209195174e-07,7.788989450198625e-05,0.007307590419733072,2.599506862600516e-06,6.5967517107072925e-06,1.7939478476464714e-07,7.439464124607025e-05,1.0771698588974273e-06,3.859605065888757e-05,2.027184161615742e-06,0.00017408226047936235,0.0010849054049207882,0.006864737555665451
49,6.51058293858288e-07,1.1311297870833663e-06,4.6781581722228584e-06,5.5640481720237206e-06,0.8581048128451487,0.00018712922611738438,0.00018296763108567298,2.1792652039401544e-08,0.1322019006889006,1.5977182188077967e-06,0.0002972951803351809,4.473067868310524e-06,1.1949923121501626e-07,5.3916840879238524e-05,0.002542097365356501,9.447161929350514e-07,1.0269019577690715e-06,9.63904950230664e-08,1.1567990510932489e-05,1.2595814880420382e-06,1.7672680643025726e-05,5.061393032229826e-07,8.835661500272929e-05,0.0012425275927694102,0.005047685141418325
50,5.212171504108029e-07,1.6338045466956952e-06,3.920362472025769e-06,6.967388470481862e-06,0.8136099305768715,0.00020916561507528905,0.0002474765087556978,3.474048855260016e-08,0.17430432898767872,3.228751172061206e-06,0.0002975043353636766,3.4694011889992747e-06,1.3356818454015924e-07,7.567488329832925e-05,0.004554611835663844,1.1238251761949082e-06,9.918872578671496e-07,1.1926056643768576e-07,3.270637357102696e-05,1.234752536652671e-06,2.6234339626413178e-05,8.086828206335936e-07,8.498079648013063e-05,0.000899554458145219,0.0056336436474387335
51,9.55835100611059e-07,2.203903178163817e-05,3.4545244578151894e-06,4.7427634076019045e-05,0.8223132027119255,0.00011447871432286911,0.00015077656635442756,9.892111842067643e-08,0.1585625803003727,6.628896958619857e-06,0.0004854537726877626,1.1829986794436775e-05,3.215297743438647e-07,0.0001919396991672011,0.01073453210473756,1.4859878426831734e-06,1.8406893113928256e-06,1.4320385461823142e-07,5.583859994717576e-05,1.1239320278040574e-06,1.2607527304783544e-05,3.066354812455228e-06,4.61077111154297e-05,0.0006932671962689729,0.006538798567884806
52,6.345760916338276e-07,1.1955967423997677e-06,3.7755415612630774e-06,7.599104626979729e-06,0.8428784721454757,0.00019662121017918651,0.00017225570154613643,2.4674445996717357e-08,0.14680640367320894,2.3250935136713092e-06,0.0003101832385324679,3.0084036513986197e-06,1.2058532040214532e-07,5.725060076643616e-05,0.0038215672670510216,9.982334417444955e-07,9.653429515753316e-07,1.4158193748765493e-07,2.3130521084960673e-05,1.2700925055607662e-06,2.0811531549316652e-05,5.610032713732197e-07,0.00010602694861620985,0.0011511778282244937,0.004433479503703785
53,4.559375705282988e-07,5.974753926149718e-07,2.3350530582669904e-06,3.466071344226726e-06,0.8376903771887247,0.00017936295349894958,0.000354319212757593,1.635638806142095e-08,0.1514025013128555,6.682190847088014e-07,0.00030275151457394517,4.844162990790373e-06,7.687955171536671e-08,3.944478301329668e-05,0.003290699636598051,7.39223577213179e-07,6.545002187192422e-07,7.714061566634042e-08,1.2814097106583936e-05,8.661970307253996e-07,1.6435463914706842e-05,3.657027224487281e-07,9.291740645218356e-05,0.0009664981552586585,0.005636715355700187
54,7.327135005123191e-07,5.220425172266536e-07,2.8020886256304284e-06,7.173567757666501e-06,0.9264654304104846,0.00016753287976695045,0.00017279572688390108,1.7045132703109434e-08,0.06902209170276545,9.508542173337968e-07,0.0003446527869479821,1.3636571300376613e-06,1.034732445106246e-07,2.4203467036716933e-05,0.0014906348410425316,3.88840856869583e-07,9.138216572641317e-07,2.0299749349416748e-07,2.0529294337422148e-05,7.262562216803923e-07,3.062913851335559e-05,2.8785654569821884e-07,0.00012699549587831337,0.0008154520924886649,0.0013028669489532744
55,7.125716311677312e-07,2.1391727548861403e-06,5.5545482788315805e-06,9.062703175119561e-06,0.8647407098858021,0.00023693060531831907,0.0001502181016649308,3.545284744836094e-08,0.12151868972528261,4.623246569261456e-06,0.00039156099328661664,2.326460487148768e-06,1.3621289189067418e-07,8.74460513454922e-05,0.00594624730271413,1.238993577798857e-06,1.978038624941596e-06,1.5163424786717872e-07,3.5485122684846104e-05,1.5925693364267023e-06,3.572358741757799e-05,8.509449403517379e-07,0.0001388422458814409,0.0009711343641085019,0.005716609465130474
56,5.697727412561133e-07,1.1585143358121286e-06,3.513248198576141e-06,5.924497507169068e-06,0.8666327784534072,0.00014896998966063108,0.00017111885306334454,1.9714083689947194e-08,0.12400400345082789,1.5870715327819985e-06,0.0002969151035872066,3.269974510971152e-06,1.0814239168637392e-07,5.38864379305822e-05,0.0029790080103251175,7.841034607689036e-07,9.63172847784631e-07,1.0365576387100246e-07,1.7110398136126403e-05,1.0345797639061554e-06,2.0467986934446015e-05,4.922810059357278e-07,9.01836468584312e-05,0.001108721090183931,0.0044573078509407135
57,6.527467634872299e-07,2.0689224866738866e-07,2.9984341127188146e-06,3.7351315126988534e-06,0.8544853725308089,0.00018508872569285672,4.870319733705589e-05,6.10410146548743e-09,0.14025488298514202,7.524008498524541e-07,0.0002078043749670747,1.1808508326870961e-06,1.9212847022282785e-08,4.268359004819805e-05,0.0015587947969985963,1.0967191578342574e-07,3.101236249085656e-07,6.842283528351097e-08,1.3980521392316482e-06,4.5074244087137147e-07,3.857416779796094e-06,9.81519886618387e-08,0.00014791884498285425,0.0006393166275169487,0.002413589971512405
58,4.1678381917677846e-07,9.241597279237597e-07,3.0476984701973957e-06,5.189721343927241e-06,0.8721999100131912,0.00012428573940355284,0.00014837204677025832,1.2738033707879577e-08,0.11932351555349721,1.3272746587537678e-06,0.0002227275150727325,2.611714518094629e-06,9.451730821325951e-08,4.412991444360397e-05,0.002389670383163301,7.086370221167032e-07,7.622812586531716e-07,8.653599452781473e-08,1.4526277659759874e-05,1.0416840441616832e-06,1.8490116891753876e-05,3.3962345163018864e-07,9.073395936971907e-05,0.0013895199426773304,0.004017555168208502
59,4.380734512671522e-07,9.773205614143601e-07,3.859345112634564e-06,4.989603605305207e-06,0.8735337016313095,0.00012434080884561643,0.00014108094890161307,1.3550041221345878e-08,0.1177834118773055,1.5415307966936064e-06,0.00022126362787967062,2.611387193746866e-06,9.46848808755147e-08,5.1647120339253714e-05,0.002210291994393852,7.564350582468479e-07,8.626832352663232e-07,9.079154841624211e-08,1.304778204988284e-05,1.1325444845478105e-06,2.065649243104079e-05,3.2684958279035e-07,9.628238295439507e-05,0.0014319529191781767,0.0043546276148588485
60,5.376051090254041e-07,1.113937002867207e-06,3.412612954607044e-06,5.802435433498483e-06,0.8675235442652963,0.000150426424623592,0.00016405609862663113,1.8903911952806322e-08,0.12309306764005837,1.5867364051644652e-06,0.00028784145990291946,3.1124003818235355e-06,9.920602946590913e-08,5.264174727706606e-05,0.003020201805453685,7.784401300830728e-07,9.444518685568124e-07,9.975442011003926e-08,1.6685298277020644e-05,1.003366812470496e-06,1.973240924138043e-05,4.619453304213993e-07,9.10308547045533e-05,0.001079296734327926,0.004482503466420768
61,4.7157605007946933e-07,8.883583201957959e-07,4.055704712290182e-06,4.737531393333136e-06,0.8698348663306269,0.00012102355106817899,0.00013903935022169597,1.3168731953954438e-08,0.12196071246005562,1.4700848580833324e-06,0.00022058144806099336,2.509908318294846e-06,9.363100136694994e-08,5.0500649968128446e-05,0.0019686469939788117,6.798980254768864e-07,7.816914667227943e-07,9.38187815800506e-08,1.2124623902678725e-05,1.05866660252666e-06,2.0706609135788815e-05,3.0449023914253486e-07,9.506863895093752e-05,0.0014559422675628228,0.00410362854796628
62,5.376051090254041e-07,1.113937002867207e-06,3.412612954607044e-06,5.802435433498483e-06,0.8675235442652963,0.000150426424623592,0.00016405609862663113,1.8903911952806322e-08,0.12309306764005837,1.5867364051644652e-06,0.00028784145990291946,3.1124003818235355e-06,9.920602946590913e-08,5.264174727706606e-05,0.003020201805453685,7.784401300830728e-07,9.444518685568124e-07,9.975442011003926e-08,1.6685298277020644e-05,1.003366812470496e-06,1.973240924138043e-05,4.619453304213993e-07,9.10308547045533e-05,0.001079296734327926,0.004482503466420768
63,5.446524148583413e-07,1.4127815758150179e-06,3.4149525106290717e-06,6.428666847446806e-06,0.863939276419901,0.0001500845005344272,0.000163696437554484,2.025457326555908e-08,0.12592269323117813,1.7850004889750736e-06,0.0002929144109396582,3.3917632191236642e-06,1.0558727649207005e-07,5.7160374851830574e-05,0.0033143542872625846,8.516174351742975e-07,1.0523341758537676e-06,9.949584181629886e-08,1.879077228977251e-05,1.0217096834239698e-06,2.0054393728570243e-05,5.250240511147266e-07,9.237647013231639e-05,0.0011273463262510917,0.004880598535282093
64,5.020720180517486e-07,1.001246259917567e-06,3.7871481018545673e-06,4.860912429502313e-06,0.8894930193674871,0.00012066867663519859,0.00017591072136570004,1.735205409323807e-08,0.10240728056185698,1.4192106124525255e-06,0.0002803840156828367,2.6369141956192103e-06,1.0023071502439835e-07,5.5145211560396414e-05,0.0021974313380580973,7.050242980066435e-07,1.0193760721838489e-06,1.1642576798823058e-07,1.7430576618147562e-05,9.930243487570917e-07,3.0359596722496335e-05,3.721489348003271e-07,9.95164546554825e-05,0.0011235097674147927,0.003981812626134238
65,6.497110286379298e-07,8.374353815098059e-07,2.4363416428407517e-06,7.618750870588661e-06,0.8970113551618871,0.0002356372161919046,0.00023618240141870224,2.14727698861997e-08,0.0942766796821534,1.1907613690892979e-06,0.00036568823977190917,2.8005602888494706e-06,9.591266277955232e-08,2.9247276753971597e-05,0.0036986728475575836,7.886481563859845e-07,1.1559710758364972e-06,1.303676532450174e-07,2.788535577794022e-05,7.505384044534465e-07,2.2890557713304527e-05,4.776948692263806e-07,0.00011851758468960491,0.0008268130181678571,0.003131476491743209
66,6.898043580630973e-07,1.0705020191074412e-06,4.810266069154536e-06,5.562773538766101e-06,0.8754234141810188,0.00012752914648016692,0.00018126717695534218,2.3945213567068102e-08,0.11618367323337993,1.6663246748024682e-06,0.0003181173863307171,3.370047511538444e-06,1.452422321414314e-07,5.6172356132504275e-05,0.0025261749565106254,8.753336936274597e-07,8.980360396721215e-07,1.234717483945114e-07,1.5103164830573059e-05,1.3172513660619751e-06,2.1915317833186774e-05,4.927107051970682e-07,7.002781355225081e-05,0.0010634692855347814,0.003992090272270933
67,6.676621382529126e-07,8.095109021285402e-07,1.4764788580778147e-05,8.168955794805456e-06,0.9240737684216326,0.0001363323805386536,0.00013218374675164003,1.5020005618059646e-08,0.06753847311842402,3.3479183689019396e-06,0.00021030380588518482,1.3505342866527705e-06,1.609671268037438e-07,8.191610715270993e-05,0.0013561280446703612,1.332975808689736e-06,2.2229782414005105e-06,3.910208149592849e-07,1.5497930878312534e-05,3.663023892710312e-06,7.425144443968424e-05,1.427636085092221e-07,0.0004043619628400055,0.0026328739089566734,0.0033068710082600028
68,1.5142056732205456e-07,3.8552626584616473e-07,6.289189965805802e-06,2.746866479531173e-06,0.787370317975215,7.143807937591782e-05,4.985868622549272e-05,2.68211575375794e-09,0.20190449057273496,1.435754271185508e-06,6.321695560060906e-05,2.0152306294065e-06,3.4799463406704066e-08,0.00010226314915230275,0.0009395608064992631,3.1432958831301533e-07,2.513691201977105e-07,3.346936510044194e-08,1.2896748137092149e-06,1.379729157606011e-06,5.724843052638428e-06,5.831042368481703e-08,0.00010640031373653569,0.0025298386397224278,0.006840501626458151
69,5.385622566373534e-07,1.1267005753619975e-06,3.308827152848521e-06,5.8604488851165975e-06,0.8680887807756719,0.0001507611594726196,0.00016326732437140501,1.8719804683358963e-08,0.12250749066675079,1.5602989041009318e-06,0.0002889742810538687,3.1274386340246708e-06,9.850722607170716e-08,5.1356933660575964e-05,0.003081056424606481,7.704749633688339e-07,9.459879595299117e-07,9.69305701012675e-08,1.6776056063197057e-05,9.748100997378039e-07,1.9137895802053243e-05,4.697256542180314e-07,8.945550503817914e-05,0.0010641459667409352,0.004459899578082328
70,5.857687013630335e-07,1.2194720052878492e-06,3.6403418116267665e-06,5.995804239447424e-06,0.8634179037723347,0.00016148234442570983,0.00017666727258983475,2.0989744209288642e-08,0.12644018022537948,1.749027606955908e-06,0.0003102637073996837,3.388894720759664e-06,1.0824557925335593e-07,5.521356633546083e-05,0.003233774870244639,9.105552989805963e-07,1.0639547669779967e-06,1.1129203588989953e-07,1.9251019014390268e-05,1.0718251068564779e-06,2.2018975087338535e-05,5.130955821649457e-07,9.717191779941676e-05,0.0011612317724571518,0.00488446128973245
71,6.097777367396602e-07,1.201497492950325e-06,3.5096278039657124e-06,6.349924493570639e-06,0.8661798921833094,0.0001655141920443967,0.0001697975918523253,2.047391783265551e-08,0.1238041319272187,1.6619819430574934e-06,0.0003150729694617637,3.34707667518516e-06,1.0594096862590423e-07,5.1760862895243336e-05,0.0034027534703660518,8.299841836169753e-07,1.0422897590765756e-06,1.0248934472308352e-07,1.8392907007746374e-05,9.885595216674988e-07,1.9777484730765344e-05,5.218992860887717e-07,9.400792385001476e-05,0.0010875859039206981,0.004671021060215697
