,0,1,2,3,4,5,6,7,8,9,10,11,12,13,14,15,16,17,18,19,20,21,22,23,24
0,0.6167484391315815,0.02618698849026008,0.0001520467368093301,1.2753696055979349e-05,0.001522236722983773,0.00015063804286908106,0.0023612034497937913,0.00010469891633997385,0.00017413720789317638,1.7938189499214383e-06,0.1359868299553883,0.0008723410528276999,8.380887465310323e-08,0.00020209894091407636,0.18940492475942552,1.5258956871227916e-06,0.0006859502453583171,0.0015886487851100456,0.0030674426346528824,3.2505098996591554e-09,0.0009439907407402589,0.009361662219850575,0.0008796579849693469,0.0036738842909114326,0.005916019221243216
1,0.544350871869498,0.03213278044148681,0.00016938253516069688,1.641081111464364e-05,0.0016341459824071385,0.00017143467535126947,0.0028702495131450096,0.0001723931581246505,0.00037888147498434197,3.644383378980482e-06,0.1085115812658875,0.000700831130442431,7.482183497328836e-08,0.00022807115373952235,0.2740096804615677,2.4841941579445596e-06,0.0006450179815879924,0.0011920027718391585,0.006631610778079718,4.016442169048466e-09,0.001458779425772573,0.011127863442849507,0.0007314916764408412,0.0032141808750094955,0.009646131159696734
2,0.5182112531434893,0.02380994968782007,5.863961252648921e-05,8.871534869582056e-06,0.0009250177732884513,0.0001226416556722292,0.001703588556794785,7.841516358096368e-05,8.59741798616826e-05,1.552967401812332e-06,0.0771598436216258,0.0006030612943173266,3.781427983064738e-08,0.00016744086732093825,0.34520017727746466,1.8435936997337742e-06,0.0009280345818773193,0.0011657862775781478,0.0027193017233186254,1.925888415630971e-09,0.0012048421825774324,0.013632714294755068,0.001689340978757778,0.002752987838778479,0.00776868145245505
3,0.6165117108516897,0.03438552869956679,0.00011623572048322645,1.6005861345563793e-05,0.0014371442818678032,0.00012599039032687532,0.002201507396954578,0.00011919728162545518,0.00013149997360604695,2.2799810592851327e-06,0.11223937700528276,0.0008171738058106784,7.016594542723349e-08,0.00021736954676184012,0.19858112846922849,1.435872137365307e-06,0.0009274579689922333,0.001998816836583356,0.003119781556517836,2.8732220506999408e-09,0.0013274493082021264,0.011893970142291118,0.0011339346068449496,0.004134091190930975,0.008560840212723438
4,0.6073577127040508,0.037125330085340996,0.00014044607896441348,1.7115748653453936e-05,0.0017311609569621179,0.0001439106285318804,0.002347274768635923,0.00011293769017126991,0.0001414644641819844,2.3787931307052255e-06,0.12023528921833505,0.0008884132306812448,9.533630894085413e-08,0.00026697486840949043,0.19678171978428788,1.4635117151169158e-06,0.0009191238255466795,0.002100530115475376,0.0029570568698391673,3.2219664633451665e-09,0.0012401297330063385,0.012058431867141952,0.0011622704017301675,0.004447196659967037,0.007821569436965482
5,0.6163253243290598,0.04247154436739443,0.00011751065614826545,2.460898539903407e-05,0.0017490929844877986,0.0001408436099316793,0.002346116408219047,0.00013928252103099327,0.00011214952800129984,3.0022056537386656e-06,0.12740817010695035,0.0008700815371417602,8.677307332225934e-08,0.0002517963846816667,0.16997747779279684,1.4393819948327698e-06,0.0011026596132113007,0.003235578169669051,0.0028244273436649455,3.4721567620862787e-09,0.0017224628341415782,0.012368785649106855,0.0015486333269176204,0.005482002102228218,0.009776919916938657
6,0.6165117108516897,0.03438552869956679,0.00011623572048322645,1.6005861345563793e-05,0.0014371442818678032,0.00012599039032687532,0.002201507396954578,0.00011919728162545518,0.00013149997360604695,2.2799810592851327e-06,0.11223937700528276,0.0008171738058106784,7.016594542723349e-08,0.00021736954676184012,0.19858112846922849,1.435872137365307e-06,0.0009274579689922333,0.001998816836583356,0.003119781556517836,2.8732220506999408e-09,0.0013274493082021264,0.011893970142291118,0.0011339346068449496,0.004134091190930975,0.008560840212723438
7,0.6286444621548238,0.04236058445107832,0.0001484551824543241,1.4317602839918359e-05,0.00105279652038679,9.83538707009078e-05,0.0028239891044845875,9.870221858410934e-05,0.00015783380380653822,1.7706813478048224e-06,0.14272822731691015,0.000686580248742089,1.1298785273090176e-07,0.00018125550909551708,0.15431435334491125,8.59837870332522e-07,0.0007461499878836286,0.0020131331168992926,0.002209040943345589,3.491241332386011e-09,0.0007874816331732299,0.008522041057741628,0.0007042794447336991,0.005060043427054781,0.006645172062037764
8,0.6943523119398414,0.03769486641976463,0.00012279497688169182,2.2390063592944815e-05,0.001258392502014271,6.270661454794815e-05,0.0022188664297856223,0.00014578181731059894,9.028168307771003e-05,3.4365959536767064e-06,0.04041972036322257,0.0005331691612751238,6.798674349867363e-08,0.00019398922333002948,0.18065143493670727,1.8203399457623723e-06,0.0012496997314287229,0.0014967159996448795,0.0021573195883707714,2.389084858666479e-09,0.0013075355847661481,0.008573580243566076,0.001578078197396387,0.008361013446470559,0.01750402376527691
9,0.6816176974930008,0.05846986761482875,0.0002870192377410104,2.541192379466365e-05,0.0016080990886033649,4.8788349892683025e-05,0.0026112223146386544,0.00016451601310498714,0.0001920736570621149,3.238918317650394e-06,0.058539068442881426,0.0005347247599418587,1.5751000994715634e-07,0.00017655600915698246,0.15192368866526956,9.273936344021813e-07,0.0012405985551206132,0.0015783850852685737,0.0018418159736538749,3.166537205115573e-09,0.0008667895483279449,0.005847936953278822,0.0007241847525406068,0.015167666091805755,0.016529562481587604
10,0.6165117108516897,0.03438552869956679,0.00011623572048322645,1.6005861345563793e-05,0.0014371442818678032,0.00012599039032687532,0.002201507396954578,0.00011919728162545518,0.00013149997360604695,2.2799810592851327e-06,0.11223937700528276,0.0008171738058106784,7.016594542723349e-08,0.00021736954676184012,0.19858112846922849,1.435872137365307e-06,0.0009274579689922333,0.001998816836583356,0.003119781556517836,2.8732220506999408e-09,0.0013274493082021264,0.011893970142291118,0.0011339346068449496,0.004134091190930975,0.008560840212723438
11,0.6209858483358865,0.03574163293790115,0.00012176109815042946,1.6297549749865243e-05,0.0014469574120798295,0.00012773641153840498,0.0022498999328076186,0.00011596919897481313,0.00013173298338004736,2.2674003341039507e-06,0.11503792918766097,0.0008423113544124758,8.071569883118236e-08,0.00022701148409851933,0.19016243785860315,1.387110930103163e-06,0.0009378184989642594,0.002105110543152344,0.0029331438197617004,3.077037962897331e-09,0.0012523874162287361,0.011858348891418001,0.0011334339189645736,0.0042967296743752085,0.008271763187890486
12,0.7027188132970121,0.03522513028506344,6.48250550992159e-05,1.9940127753767867e-05,0.0030959127177528955,0.0001844424402902705,0.0010585452377597656,6.791578918736603e-05,1.2511045823223795e-05,2.0338465095147694e-06,0.08955083371241351,0.002379274539364248,8.260424166057884e-08,0.0005850616221374535,0.10090052615880003,1.7263300820505731e-06,0.002440568072267507,0.007976644260725299,0.0011636061407779377,2.1984872456100684e-09,0.0020280120837111713,0.03413576959397042,0.006144435108337667,0.00470450939639988,0.005538878336032413
13,0.5864483041609446,0.02318150682129431,0.0001315388737749883,1.1613511092734895e-05,0.001234940562168306,9.648513918306614e-05,0.0017008556160302945,9.925019475336511e-05,0.00012178106808818971,1.045513021308969e-06,0.164558410035882,0.0013834884906112378,5.97319327220653e-08,0.00021004953431888888,0.19248106438520923,9.310932774278308e-07,0.0009674792418942706,0.001582181653877288,0.0027844634158652928,2.610595121075762e-09,0.0012235015922384478,0.012026313332414329,0.0008403511896107674,0.0026547520216712067,0.0062596302102504746
14,0.08695465710104203,0.583125212878595,0.00013680981516241744,4.709822055174372e-05,0.006164204703274188,0.0002483877602032525,0.0021980083451446954,0.0001960206955325058,0.00048436419089476504,3.7986698953133515e-05,0.1700067916510192,9.732724587563916e-05,4.3061931154400126e-07,0.00017081694190078289,0.11057014395063663,5.163118678484572e-07,0.00044970743397917544,0.004400042810165882,0.0031660718599067043,4.778661787271238e-09,0.0016046459027588675,0.009603346319638498,0.00038599249190361434,0.015921365648602144,0.0040300456244178485
15,0.6165117108516897,0.03438552869956679,0.00011623572048322645,1.6005861345563793e-05,0.0014371442818678032,0.00012599039032687532,0.002201507396954578,0.00011919728162545518,0.00013149997360604695,2.2799810592851327e-06,0.11223937700528276,0.0008171738058106784,7.016594542723349e-08,0.00021736954676184012,0.19858112846922849,1.435872137365307e-06,0.0009274579689922333,0.001998816836583356,0.003119781556517836,2.8732220506999408e-09,0.0013274493082021264,0.011893970142291118,0.0011339346068449496,0.004134091190930975,0.008560840212723438
16,0.6250107485874696,0.036590344008962036,9.578196532696376e-05,1.862992128437433e-05,0.0012907738309994303,0.0001472792301371907,0.002391113090372243,0.00013518333709073836,0.000113894197848911,3.2156222983032835e-06,0.1140716220645652,0.0008367579665759219,6.118471666255197e-08,0.0002180006472710575,0.18126581279936374,1.8385364874318186e-06,0.0009735385346444425,0.002789469202563065,0.003277267356003428,3.3990809363515477e-09,0.0019659597946986274,0.014307746728647956,0.0013297935540284311,0.0040705855447331005,0.009094578894830306
17,0.6413801193424854,0.033388449583853355,0.0001200291169740431,1.8899022021600363e-05,0.0014915568608951438,0.00013040253280200188,0.002262740037513125,0.0001176746434725137,0.00011359484244377061,2.2991914240714605e-06,0.11233032537927608,0.0009263716491873459,7.491984564127453e-08,0.0002586903957593955,0.1736316584954197,1.5053684021184385e-06,0.0009354310742807983,0.002307842148143783,0.0028624363022276573,3.1360781024037753e-09,0.0014132955583325427,0.011773172456401368,0.0013320939491655401,0.004099500289497625,0.009101833704097272
18,0.8063186358213005,0.02562986316045033,7.64559113399662e-05,1.0380531805260907e-05,0.0005970109088657766,3.72640273054332e-05,0.0014548668644983637,8.333144460845341e-05,3.994093335815989e-05,1.3179599861508466e-06,0.046561045080443876,0.0009517161365029005,4.955393358131793e-08,0.00013629805173932404,0.08543109892100094,7.249349143345716e-07,0.0014150371407569138,0.002459693208984611,0.0013587375221334296,1.660009854972115e-09,0.0009240649455203491,0.011808491519657592,0.0008534748217565518,0.004774362334103781,0.009076136605023561
19,0.571541969724435,0.045574395887102354,0.0002892861696708344,2.302185629571166e-05,0.0031189994615399928,0.00015510231296284217,0.0022390529545816096,0.00018469379465430312,0.00027777003410305175,3.4018423973803705e-06,0.13898998140240929,0.001422967801195954,1.50532018645077e-07,0.0003555314936822119,0.19591179396973485,1.3553521974796677e-06,0.00113768066765336,0.0021499245103476362,0.003953212771004805,4.531089072407193e-09,0.0013663116460406089,0.016244477592219614,0.0007813778923968729,0.005221354370611387,0.009056181429655268
20,0.5057516144361424,0.04093658120453975,0.00010754549369093468,1.509050056613495e-05,0.0018765010522518825,0.00011123541025041644,0.001703049104903519,0.00020874440482718915,0.00015423835979897662,3.1943348587307104e-06,0.09424728828893011,0.000910226685903041,6.040172617304355e-08,0.00020045690526659672,0.3028616332205272,1.4878415467940764e-06,0.001652149774125714,0.0018787454195023136,0.0043209092919030976,2.855571779783684e-09,0.0019291998175671307,0.02642258729907108,0.0012080003108990334,0.004744671901223297,0.008754785684406753
21,0.7602635680780544,0.018385244521691903,0.00011337372720324249,1.501436369501103e-05,0.0009187164890070787,0.00012511048038018623,0.0026038022846832185,7.34919050469705e-05,6.628891799828092e-05,1.6610213761051143e-06,0.09300520056934368,0.0012054103995752766,7.89388148305584e-08,0.0002450566726086886,0.09974058217036208,1.9637219519426986e-06,0.0006165601652133257,0.0021972741678837867,0.0017721751352367866,3.508436212235509e-09,0.001041446569642481,0.007007841728649139,0.001241698095711846,0.0030729645636486244,0.006285471803784954
22,0.6532419685841526,0.02317437175101372,0.00010010275976717216,1.3512837024055993e-05,0.0011417997912329006,0.00013067662068625668,0.0019031165135976456,0.00010977772233839452,8.18893110166782e-05,1.7073452085259874e-06,0.14138688766804713,0.0010201168446082433,4.825711693290628e-08,0.00018644574919002898,0.14606635579929922,1.4086180094042418e-06,0.0010525723754206803,0.002974405874078561,0.0023413410944449387,2.9017078999425106e-09,0.0017163449088207832,0.012704431314835356,0.0011754772833237482,0.003535402561929075,0.005939835513130326
23,0.6165117108516897,0.03438552869956679,0.00011623572048322645,1.6005861345563793e-05,0.0014371442818678032,0.00012599039032687532,0.002201507396954578,0.00011919728162545518,0.00013149997360604695,2.2799810592851327e-06,0.11223937700528276,0.0008171738058106784,7.016594542723349e-08,0.00021736954676184012,0.19858112846922849,1.435872137365307e-06,0.0009274579689922333,0.001998816836583356,0.003119781556517836,2.8732220506999408e-09,0.0013274493082021264,0.011893970142291118,0.0011339346068449496,0.004134091190930975,0.008560840212723438
24,0.5703504794503267,0.06415363662841049,0.00015394325216424147,3.472873256242209e-05,0.0027618589459737514,0.00021230676741620328,0.002683979641516632,0.00014746515039021753,0.00015065655428228185,4.7829304191026645e-06,0.13919504080380568,0.0010292065492655354,1.4050436671288307e-07,0.0004580002211770008,0.17534774725249136,1.8251996856967101e-06,0.0009589986418874272,0.0035790494089104575,0.003832681074266019,4.769943079146603e-09,0.0019442677891590811,0.015537554953199095,0.0016398029737599259,0.0049367517633203,0.010885090041300656
25,0.6623366284965888,0.02011086937709381,0.00012127619485047641,1.9162196990638574e-05,0.001008934734846112,7.303973484169237e-05,0.002657207373046532,0.00015454679751375545,7.715169325846144e-05,1.1863556124849546e-06,0.18223861197485428,0.001289833535905826,7.748563913626773e-08,0.00018321969379108676,0.10435127583168692,1.0029448179614627e-06,0.0010733099610364249,0.0023869080729533227,0.0025559515692098913,4.081019987189065e-09,0.001270993887844266,0.008312200475732471,0.0010434533567670527,0.0037935745826772668,0.004939579591421379
26,0.17238417730310132,0.03529543671684187,6.505152442050817e-05,2.534981530229307e-05,0.0031568048493703185,0.0007952287436926102,0.0024065107881939838,8.50476097022975e-05,0.0002497528949050152,5.6219620488277436e-06,0.16257266082166227,0.0007291645979841244,3.055680284810425e-08,0.0010636147843687944,0.5691614980938527,7.073749976756433e-06,0.00017891782884806061,0.0007353095843958787,0.015435518882978913,3.971740455483069e-09,0.004122138265132032,0.01781059532438981,0.002149357611147604,0.00041083499817092846,0.011154298720969706
27,0.5474085951103,0.030411804498237407,9.639284881627959e-05,1.069305248171451e-05,0.0010350241812971,0.0001419414067862402,0.0019082027640046843,0.00012595632002440366,0.00021674724940221542,2.5515540986524504e-06,0.08088614856736107,0.000541967777438375,4.1401403881286596e-08,0.0001484321266962732,0.3001579425345084,1.650166903945604e-06,0.0007694363962225718,0.0013575776081039236,0.0035902748664766357,2.734359453437286e-09,0.0012223735771382611,0.015509137835045634,0.0008618791118017387,0.0031981688432222307,0.010397057467868785
28,0.6165117108516897,0.03438552869956679,0.00011623572048322645,1.6005861345563793e-05,0.0014371442818678032,0.00012599039032687532,0.002201507396954578,0.00011919728162545518,0.00013149997360604695,2.2799810592851327e-06,0.11223937700528276,0.0008171738058106784,7.016594542723349e-08,0.00021736954676184012,0.19858112846922849,1.435872137365307e-06,0.0009274579689922333,0.001998816836583356,0.003119781556517836,2.8732220506999408e-09,0.0013274493082021264,0.011893970142291118,0.0011339346068449496,0.004134091190930975,0.008560840212723438
29,0.6165117108516897,0.03438552869956679,0.00011623572048322645,1.6005861345563793e-05,0.0014371442818678032,0.00012599039032687532,0.002201507396954578,0.00011919728162545518,0.00013149997360604695,2.2799810592851327e-06,0.11223937700528276,0.0008171738058106784,7.016594542723349e-08,0.00021736954676184012,0.19858112846922849,1.435872137365307e-06,0.0009274579689922333,0.001998816836583356,0.003119781556517836,2.8732220506999408e-09,0.0013274493082021264,0.011893970142291118,0.0011339346068449496,0.004134091190930975,0.008560840212723438
30,0.6165117108516897,0.03438552869956679,0.00011623572048322645,1.6005861345563793e-05,0.0014371442818678032,0.00012599039032687532,0.002201507396954578,0.00011919728162545518,0.00013149997360604695,2.2799810592851327e-06,0.11223937700528276,0.0008171738058106784,7.016594542723349e-08,0.00021736954676184012,0.19858112846922849,1.435872137365307e-06,0.0009274579689922333,0.001998816836583356,0.003119781556517836,2.8732220506999408e-09,0.0013274493082021264,0.011893970142291118,0.0011339346068449496,0.004134091190930975,0.008560840212723438
31,0.7076964708361078,0.056487484026854995,0.00020293310233993254,2.7603723285374027e-05,0.00249598220627895,7.124772513633966e-05,0.001954437731893164,0.0002298966590638611,0.00012956409996448386,3.906405899945402e-06,0.072314374060233,0.0010282828143366627,1.4343905242224298e-07,0.00026524582287922645,0.11375496527747295,1.124952273576322e-06,0.0015811574534043246,0.0028884591805299555,0.003210882482246866,3.446623589793328e-09,0.0013859427072580733,0.012786068482633235,0.0009224110800461735,0.00943676710374972,0.011124645180435435
32,0.6017196291248609,0.033218862867565736,0.00011264656852566405,1.4793842239989142e-05,0.001419892993236657,0.00012572414301685844,0.002127723162506608,0.000126860392810671,0.00014864616969907437,2.3353227725690447e-06,0.10664414468148325,0.0007956224428551166,6.488273960259645e-08,0.00020977226719975727,0.2194650142906619,1.5334063307120982e-06,0.0009277715500307172,0.001762971623818386,0.0037151659987242082,2.8241921078772685e-09,0.0013725180275968275,0.012754271761232776,0.0010439575358704082,0.0037424103117239755,0.008547663808305529
33,0.630059012306817,0.06866101303793849,5.999832165459583e-05,1.2619322073267093e-05,0.0025317703857565318,0.0001000906321974467,0.0012587872768150044,0.00011905698119138271,2.9403698007510962e-05,2.370118458446996e-06,0.08338636540211086,0.0013006756695298255,1.327774870397356e-07,0.0003481479798020174,0.13765959040251374,1.080410019865482e-06,0.002651653869763178,0.004260030805096196,0.0026351787897488654,2.5363703359983573e-09,0.0011512495360691674,0.05304460209200962,0.0021456194622450596,0.005282855602037702,0.0032986925842867563
34,0.61714723640323,0.03664117918599162,0.0001100433127367161,1.7906722974704905e-05,0.0015715475035317473,0.00012807010111364435,0.002154558601786263,0.00012140297410314079,0.00010410424221334849,2.379015143897543e-06,0.11732723398683555,0.000906627887834412,7.454016057212203e-08,0.0002356709746907527,0.18827975798575092,1.4586777149119986e-06,0.0010774748537828527,0.0023899030531092415,0.002874677309911883,2.9678850085244335e-09,0.001453032509973551,0.013088926944225613,0.0014125780836807256,0.004514095816154403,0.0084400563454646
35,0.7998958791084959,0.03023136790231659,9.629713596515365e-05,1.8243003522230587e-05,0.0006090528674700927,6.11309707910958e-05,0.0017496177412524181,0.00025399962798074605,0.00021272782663235906,3.879159866333528e-06,0.05671903379365561,0.0007449088728677464,5.775788787758525e-08,8.321579096392346e-05,0.06857796676352015,7.565539885466511e-07,0.0010415872598172682,0.003590317064482608,0.003381575847519365,3.810472036644536e-09,0.0012101609452245987,0.012775977909942178,0.00034023186303681045,0.004551589702014702,0.013850420720313505
36,0.7156294808628925,0.025923830660950914,0.0001680624174732833,1.0786944197206626e-05,0.0017081408940709348,2.4237364216664056e-05,0.0008960905709013339,0.00022033650169469679,0.0001364727291495013,1.7620550163586154e-06,0.028454339855047237,0.0018939362210500057,8.915024339005734e-08,0.0001789392828444099,0.17836224843028567,1.0669176592498238e-06,0.0029048754051297734,0.0006743773735632662,0.005690181751116946,1.827832771156133e-09,0.0009074147447513176,0.018866618297927438,0.0004925646178576669,0.004364476501180194,0.012489668622947286
37,0.5256948898050016,0.04020258602093113,0.00012208724392728787,1.9644205019011984e-05,0.0018196787337801295,0.00016529059228462262,0.0023164431658855,0.00015037797519951737,0.00018387469475606374,3.250272196341765e-06,0.1249335079066651,0.0007838219123429236,7.452875593682485e-08,0.00023464712420363335,0.265041007644182,1.7798240816279315e-06,0.0009859561117197563,0.0019807199311621913,0.003998476316768425,3.433506378264145e-09,0.0016814799275997835,0.0140027537788163,0.0013340146351444777,0.0043012912271134475,0.010042342988956943
38,0.6059210851564506,0.04801594926225904,0.00016300661020532636,2.3631593120217353e-05,0.0021901783475365283,0.00010888258146583585,0.0019696878236495135,0.0001779746039922293,0.00017193159194946498,3.129249573097954e-06,0.10866758964700002,0.000994104126882141,1.0280065104293842e-07,0.00025695795194373016,0.1903572201323052,1.2131844300857652e-06,0.0013362516673857323,0.002297779225995235,0.003690523439236903,3.3369538417955038e-09,0.0015081269321994303,0.01406471682111548,0.0010465741293948262,0.005721877569586384,0.011311502214718012
39,0.6021488746742657,0.01535657195817453,0.00011861160508900603,2.2211587652433694e-05,0.002068993359846953,0.00024243140366635524,0.0018150225610222425,0.00022018342716334397,0.0001518579988922535,3.609867357695888e-06,0.11697305530447363,0.0015087348233408955,3.5159301825562585e-08,0.00024008521999813819,0.21783642832437958,4.422578554718276e-06,0.000992962884776537,0.0021563688132914937,0.006091531219977303,4.098247531043813e-09,0.003862199067707373,0.012820143176266322,0.001636149272923258,0.0025459156445943663,0.011183595969036512
40,0.7089919461593338,0.023315059611880014,8.071374565090441e-05,5.489306808166089e-06,0.0007071738313767424,9.461036592827896e-05,0.001483790023123481,5.167920651450941e-05,7.457958652690813e-05,9.029359962047809e-07,0.08208969349210375,0.000819708390276997,3.432858276891896e-08,0.00018120005266917792,0.1534086382677538,9.359885127409747e-07,0.0006267760104692701,0.0015744486159136753,0.0020373207595923456,1.647502506877087e-09,0.0008200407375969227,0.015640017550253425,0.0006553259110522275,0.0020011916358108825,0.005338721838770464
41,0.419688105080668,0.04521283953561598,0.00024569022648289463,1.5507405377539143e-05,0.0029065508532860047,0.00019194488620922907,0.0019470530527933858,0.0001395273239380627,0.0005382551136613431,4.000315327829809e-06,0.08639610816480575,0.00046596188250115514,8.06782900873759e-08,0.00023537709366130047,0.40772678294677833,1.8894606049190376e-06,0.0005935899079607828,0.0008733890105328384,0.0045442547202443635,2.717473361480491e-09,0.0012346714370803098,0.00961237938942982,0.0006396199035444107,0.004872315759818588,0.011914103133913766
42,0.46500490970696173,0.022983750575968135,5.905426611772755e-05,7.5677768040021234e-06,0.0009943358373516744,8.913570972525902e-05,0.0014625272429498663,0.00022452552831675525,0.00014243688854706269,2.6301083275623205e-06,0.06744073712516975,0.000644635609073314,2.1318331393468677e-08,0.00010744406169972403,0.39027977404743724,2.59262326126973e-06,0.0013848517431645404,0.0008750734387157266,0.007765514351759556,2.3167656158440308e-09,0.0022171690000960913,0.028432324659234138,0.0009228848729602457,0.0023338764927319957,0.006622224698529586
43,0.6401718027827223,0.03329537406588899,0.00012071677973965078,1.5032863120236664e-05,0.0013051074191488558,0.00011144488877406106,0.0022254946052703865,0.00010327799997652325,0.00012093786181620745,1.8728923029639414e-06,0.11116840952059345,0.0008260631387026764,7.436139123073575e-08,0.00021966472309111612,0.1799361435786745,1.2388281004962192e-06,0.0008630187257240516,0.0019129771943674494,0.0027385142149983677,2.7361276797639633e-09,0.0011126204794087667,0.01046338207186248,0.001048726065980914,0.004046737445005995,0.008191364757210566
44,0.6165117108516897,0.03438552869956679,0.00011623572048322645,1.6005861345563793e-05,0.0014371442818678032,0.00012599039032687532,0.002201507396954578,0.00011919728162545518,0.00013149997360604695,2.2799810592851327e-06,0.11223937700528276,0.0008171738058106784,7.016594542723349e-08,0.00021736954676184012,0.19858112846922849,1.435872137365307e-06,0.0009274579689922333,0.001998816836583356,0.003119781556517836,2.8732220506999408e-09,0.0013274493082021264,0.011893970142291118,0.0011339346068449496,0.004134091190930975,0.008560840212723438
45,0.525755519720383,0.03007740034581612,0.0001503255296645861,1.1680508452696614e-05,0.00171364731960816,0.00010335055516253826,0.002671777418775873,0.00015734804561992052,0.00021707236286729907,2.1810284659388773e-06,0.09659110462376423,0.000674909463714297,9.522167205511194e-08,0.00017861644078583392,0.31138904451594535,1.8284070734866197e-06,0.000882714423642253,0.0008431470014073953,0.00438017549421998,3.1035610868326676e-09,0.000841143592705945,0.0115443186349294,0.0009519129402951817,0.004868709500264443,0.0059919738012030165
46,0.7459547465868601,0.024131533533977595,7.40563118215129e-05,1.115109111496501e-05,0.0010618030145982413,3.0704517423136044e-05,0.0008802580195123057,0.00016556799315174716,4.155082149279933e-05,1.2233200819388444e-06,0.06343498950070917,0.0012311147671313684,6.504966012561274e-08,8.476954451205644e-05,0.12419370411589227,6.603709453282002e-07,0.0042463022301189885,0.0021026996967143828,0.0018207517877818027,1.7748739978797321e-09,0.0011039409057486778,0.015146718860538755,0.001010705479067793,0.0072395636250919965,0.006031417081178899
47,0.7213277849819659,0.02382038855519378,8.223252779381086e-05,9.030569949814225e-06,0.000785363090020077,8.310450364426508e-05,0.0016988541403154033,8.400167352976311e-05,7.712929338464854e-05,1.3741234308191994e-06,0.08133336084712679,0.0008720368353322107,4.775935711552795e-08,0.00014593466109227618,0.14144970882023133,1.1169733076773757e-06,0.0008984952822643627,0.0018341396611477043,0.0022053173991315226,2.1544006546640105e-09,0.0009742521121363473,0.011871031484426366,0.0008110921584683226,0.003121864371371553,0.006512336020977358
48,0.6110079664626774,0.06096802973411185,4.674952630113034e-05,1.0660533106140305e-05,0.001071313275617017,3.763520444164671e-05,0.0017956385412789865,0.00023333922412737445,6.440565834352525e-05,3.2837767684933796e-06,0.04205556966841056,0.0005575196569142199,8.054339210171317e-08,0.00013218649242069868,0.22563511776306477,1.3962076061577134e-06,0.0029718039543143956,0.0013265857206458571,0.006289832972115366,2.1926962655582446e-09,0.0011219766831542042,0.031494805571766,0.0012008572414079926,0.005907393028881248,0.006065850366436598
49,0.6053431123397028,0.027326236819087156,0.00013047906078857935,1.437386851905827e-05,0.0018745148637569972,0.00019865527679799853,0.0017783516789096228,0.00010605152954959256,0.00011713875730426752,2.0572917218115555e-06,0.14099494275879182,0.001501724633909069,7.504661300436116e-08,0.0002869169098461749,0.18405616212934492,1.6010866341849283e-06,0.000979460973256772,0.002645079852334869,0.0028011836750539464,3.4380757265366704e-09,0.001467742134952588,0.017650033677064428,0.0012360676110377675,0.00301957740142521,0.006468457185521544
50,0.621583916756839,0.04059289015072565,0.00012427873358887768,1.7753619264988624e-05,0.00147381631872718,0.0001511781605360721,0.0033168849857651977,0.00014302238619711145,0.00019454469762354126,3.9075765346228135e-06,0.08616721976247525,0.0006142514318529623,7.65805075406908e-08,0.0002808513988448139,0.20857178013758065,2.3102352071034315e-06,0.0006491681345886114,0.0016114869005718253,0.005117373135306039,3.4900605399691104e-09,0.0013112044446605276,0.013571757382166514,0.0010323570720211102,0.0037056681700365045,0.00976229833831772
51,0.6236715729648702,0.04404829095312738,0.00011433710918172791,2.2872095558997734e-05,0.0013236019556882171,0.0001468492282859747,0.002917285276298483,0.00013980825608950437,0.00011825914071039293,3.045975973633846e-06,0.15399812814870265,0.0009397560117541188,8.577759185394482e-08,0.0002665686620196196,0.13342055426450408,1.1147564141532954e-06,0.0008797358176010915,0.00433896049333716,0.0027015509615267662,3.989571727957322e-09,0.001767424936150933,0.01608234008507485,0.00115818663513866,0.004404795915806882,0.007534870589020851
52,0.6183704080221901,0.03198469225462677,0.00010315193244579363,1.5217310449999989e-05,0.0011957520874526103,0.0001706609387477961,0.002407437575972372,9.704447826001911e-05,0.00012577038290212825,2.1925593363450938e-06,0.13263999817715905,0.0007497707632461285,6.793249026989374e-08,0.00020935162110946522,0.18064939797218924,1.4215745557319131e-06,0.0007445328714450031,0.0026667568221267614,0.0024213386485926803,3.2376710755413227e-09,0.0012641640785343194,0.011740355869485271,0.001225575827904071,0.0037814664628677834,0.007433470598239167
53,0.5627427548948384,0.018555133411737073,6.15380900929323e-05,8.749082929954386e-06,0.00026492836520790363,0.00016192757964725107,0.0057430117109891965,4.411334715346615e-05,0.00010976086662381188,1.1080061934318927e-06,0.15225466197915322,0.00027132108821517213,3.857012075271081e-08,0.00011179045926655901,0.24046095557081332,1.880534838261941e-06,0.0002839444591026723,0.001443840650155428,0.0013578806653914705,3.708524999471978e-09,0.0006494021769760038,0.00508406283283748,0.0016245483455567297,0.002712735558216349,0.0060499080454182105
54,0.7040953868593522,0.03530079653675412,8.630246975807901e-05,9.532419106878272e-06,0.0004593604749162437,0.00010776987313707245,0.0033080191331528023,4.300760666054269e-05,0.00011479608169669455,2.0085571608181624e-06,0.044741386529470115,0.00046102800026177784,5.007388778263634e-08,0.00027484038204812506,0.18166795063847072,2.049096932409043e-06,0.00029342367641618474,0.0009788876904007575,0.0023412271096893366,2.5927637582617526e-09,0.0006760804192048219,0.008634910847594626,0.00083888808001681,0.0019471877716222593,0.013615107079525018
55,0.7753455473110453,0.0261451484919311,0.00017785150117720982,1.3904870511484505e-05,0.0006850678756745388,6.665167778648634e-05,0.0019750946343528807,8.218781819754535e-05,0.0001824501614408879,1.2643639721375447e-06,0.0979355956427854,0.0011068630266128855,1.1393171151702255e-07,0.000137802749098317,0.07223234192227247,4.738838257406759e-07,0.0005848342878394928,0.0023854904655897014,0.0015276222274408801,3.253277356252972e-09,0.0005401387911643389,0.0054076346072421165,0.0003169870101711584,0.00383998398378953,0.009308945511089458
56,0.6145117936974311,0.036781919423377024,0.0001270335770843051,1.6434756043140452e-05,0.0015019435196790434,0.00012613463869996875,0.002271820214969937,0.00012019347740582179,0.0001396937769390848,2.3184725637973735e-06,0.11629487306768131,0.0008350647041240918,8.599774762298618e-08,0.00022368065914636683,0.19433652303397586,1.3751248108319121e-06,0.0009606467473018802,0.0020598529943416538,0.003018755096419277,3.143696156352956e-09,0.0012382034618374823,0.011720337932894984,0.0010951024657156654,0.004503269480730553,0.008112940535383027
57,0.5847250383219179,0.03876176074441175,0.0002529747735813757,2.1742513290372953e-05,0.00384657409281218,9.831962072314617e-05,0.0012718971947118076,0.00033637562697743636,0.00027243853936939275,4.493675656703729e-06,0.08216723969009773,0.002346008107475925,1.087960621309611e-07,0.0003072070281740486,0.22581336390296916,1.937260253931011e-06,0.002464841232119402,0.0016239558551911259,0.00855541331853498,3.880853940745769e-09,0.002474323032476871,0.02729245525464427,0.000718671166618101,0.004473672294579721,0.01216918407649663
58,0.6289034228847025,0.03686122300192144,0.00012012328522607955,1.552906541255766e-05,0.001430854997980367,0.00010298475957913726,0.0021551523801026156,0.0001259675732081367,0.00011798349869054301,2.242683667521604e-06,0.10595510231839157,0.0007961775461807787,7.860303858067669e-08,0.0001921986909246027,0.18933936586571257,1.2658494657875613e-06,0.0011410993082033854,0.0021184224497963556,0.0027203036516382736,2.757925713489129e-09,0.0012535637651699724,0.011950144368106545,0.001147231611968146,0.005426708149222854,0.008122850933764088
59,0.6498259410215157,0.03430946515601516,0.0001408621751060242,1.5472086448796482e-05,0.0014462096312723644,9.365695480386463e-05,0.002129514386481127,0.00012512595809412483,0.00011661575065907508,2.0660119547113274e-06,0.10351326452287664,0.0008178282411167984,8.045154761359479e-08,0.00018510141959215154,0.17468070678182443,1.1998039086767634e-06,0.0011435256896999177,0.0021340725449415015,0.0023755734760095583,2.734604197802525e-09,0.0011938730543746448,0.010414364066739491,0.0010540947863752904,0.006142975197906925,0.008138408096131101
60,0.6165117108516897,0.03438552869956679,0.00011623572048322645,1.6005861345563793e-05,0.0014371442818678032,0.00012599039032687532,0.002201507396954578,0.00011919728162545518,0.00013149997360604695,2.2799810592851327e-06,0.11223937700528276,0.0008171738058106784,7.016594542723349e-08,0.00021736954676184012,0.19858112846922849,1.435872137365307e-06,0.0009274579689922333,0.001998816836583356,0.003119781556517836,2.8732220506999408e-09,0.0013274493082021264,0.011893970142291118,0.0011339346068449496,0.004134091190930975,0.008560840212723438
61,0.6299060027845088,0.03496551319430416,0.0001531109848562061,1.5521151541366423e-05,0.0015671032041402932,0.00010138663353707867,0.002085366541918141,0.00012125300254673595,0.00013137248581946087,2.011570463540634e-06,0.11353764480589909,0.0008947115842888215,8.169122047092522e-08,0.00020590069107424724,0.1841649409129423,1.1990541329764718e-06,0.0010797743116383266,0.001984903824576693,0.002636178683909859,2.792804756901145e-09,0.0012197217267801105,0.010627035918547788,0.0009767222336859922,0.005348075879919909,0.008274464334942723
62,0.6165117108516897,0.03438552869956679,0.00011623572048322645,1.6005861345563793e-05,0.0014371442818678032,0.00012599039032687532,0.002201507396954578,0.00011919728162545518,0.00013149997360604695,2.2799810592851327e-06,0.11223937700528276,0.0008171738058106784,7.016594542723349e-08,0.00021736954676184012,0.19858112846922849,1.435872137365307e-06,0.0009274579689922333,0.001998816836583356,0.003119781556517836,2.8732220506999408e-09,0.0013274493082021264,0.011893970142291118,0.0011339346068449496,0.004134091190930975,0.008560840212723438
63,0.6107256045082571,0.03949411714677499,0.00011404283533432056,1.5210863688225319e-05,0.0013019192711981383,0.00011680970010069126,0.0022509769864301906,0.00011448507868075241,0.00013542088957046067,2.263224972609068e-06,0.11213786311918347,0.0007274629807365209,7.538735591153927e-08,0.00020142187357379205,0.19967152551123507,1.2728480122739832e-06,0.0009255635292143287,0.0020166577043041387,0.002927081894493032,2.930396786623807e-09,0.0012177314001987206,0.01198525186750146,0.0010424944296778225,0.004443528375961267,0.00843121564314797
64,0.5950479299150361,0.03183155987092829,0.00010240976940462993,1.639572987906788e-05,0.0014507298028917908,0.0001277224970949337,0.0019852648426422668,0.0001328346930322039,0.00011588800850302872,2.415934170900781e-06,0.12070909063552841,0.0008780341441973819,5.199697893317478e-08,0.00020178796480975375,0.2119867998053909,1.6069624875915579e-06,0.001044281601051964,0.00219674392437198,0.0034511980395385456,2.690072389870833e-09,0.002032906622737232,0.012561333928634864,0.0012281209365271441,0.0039666544099508415,0.0089282352741391
65,0.602122588752679,0.025000969952319495,0.00011630257892390691,2.608340252541865e-05,0.0030057392830363646,0.0003388466236766838,0.0017573101426965258,0.00010950362449865621,8.218434018859025e-05,3.174795338689132e-06,0.15432490694709608,0.0019350633203579853,6.04079812707523e-08,0.0004932613975732191,0.16896913976860048,2.9005756379739696e-06,0.0009441809646599365,0.0039765733732297324,0.0035963916337163762,3.465254475459522e-09,0.0031222166111448406,0.016099146570631242,0.0023101359618415505,0.002530311645622141,0.009133003860769331
66,0.6469717474215284,0.03148320135209682,0.0002849138200186357,3.106651358136675e-05,0.002653043638815162,0.00042222496418808334,0.004772404365752626,0.000288905409058117,0.000874550705741409,1.2215336696290774e-05,0.0929745595909593,0.0013159575603044836,1.7940535702353294e-07,0.0005029028933431623,0.16751682109904453,8.097674084165318e-06,0.0004023051977648978,0.0013464038124056117,0.018228834815285852,1.2236273974324713e-08,0.0016104886588334893,0.014017851553141825,0.000585952896797866,0.0019311451740839077,0.011764213904843137
67,0.5522860592207928,0.014316090671901776,8.764683059304282e-05,1.5427596525161634e-05,0.000980172408609472,0.00048049911995699747,0.003048896687783714,1.9610502748916388e-05,2.999311711239833e-05,9.025776821130492e-07,0.1609531747723812,0.0013335281673815468,5.633878779614315e-08,0.0006791049480791916,0.236227476824758,4.895101902265996e-06,0.0003796829969079328,0.00253923557777391,0.0009704624289113767,4.47490436118613e-09,0.0012747219315764654,0.006952464644128463,0.007699598908791855,0.001512741707967274,0.008207552442042009
68,0.6220797031104982,0.014525307895406358,1.2471391000669628e-05,1.0068585523876501e-05,0.00016432446851028494,0.0002555965109034322,0.0012521666701294123,1.57791128063435e-05,7.994124708462883e-06,5.61700938656964e-07,0.2499691251342374,0.0008188251733787296,1.5913646805670567e-08,7.897479207511023e-05,0.07049783964288849,6.892856729782069e-07,0.0006426561428115924,0.01641862147532179,0.00022036194186863072,2.6372197741435616e-09,0.0016510925106322507,0.009187648291399984,0.005120501954323416,0.0017021913505278798,0.00536748018356958
69,0.6235206484228991,0.037383562839120886,0.0001350140527151083,2.0674423923792204e-05,0.001375952642084784,0.00011179274677468643,0.002387385378383791,0.00014559486355134098,0.00015122093222040805,2.874776320802113e-06,0.10308949674160954,0.0007740879309760716,7.905741779518737e-08,0.00019734080181452206,0.19468142476983155,1.5732592860918355e-06,0.0010380319879495109,0.002133695485445348,0.003163838126081814,3.5390280354076544e-09,0.001485860746619947,0.010004841399307716,0.0011397449154057408,0.0053469880241403854,0.0117082721370913
70,0.7937114093437746,0.015546296317315791,0.00022748640144200512,1.1665026724925576e-05,0.0010083420528816654,0.00021104012163520604,0.0018463533954177758,1.836192052973958e-05,6.463598911155019e-05,7.82355511212896e-07,0.0766765077198276,0.0018219145679671236,6.350206122991418e-08,0.000838172063209322,0.08429994729141872,1.5781785267171305e-06,0.00026119044430348665,0.001998573624774204,0.0009034963245625706,2.7004644103264886e-09,0.0007398204585308249,0.0068837097908794964,0.0009928541101402854,0.0011987527171980611,0.010737043581791323
71,0.6720519198922913,0.023286280420609245,8.503283570006049e-05,1.2957019801409693e-05,0.0008367547672478479,0.00010096401807826014,0.0024102909913070233,9.823378975112629e-05,8.411934491608042e-05,1.5167673184394359e-06,0.1112518514006793,0.0007680232925188055,5.44317620309174e-08,0.00016271676401620396,0.16148438987376687,1.4001102450308703e-06,0.0008437006346078732,0.0020550318750687593,0.002364806044770472,2.783297964026824e-09,0.0011696811558381877,0.009284541932233456,0.0012331774149128502,0.0036559086490588815,0.006756643790202296
72,0.6329043148500128,0.038684823376698874,4.2907120449588056e-05,1.574672907350048e-05,0.0008862174846520299,6.993548436437824e-05,0.002628225507009922,0.00022407187884864282,4.9169259371024126e-05,2.7821596122910107e-06,0.1424434337730687,0.0006248573034050806,6.371840114901417e-08,9.034037955701488e-05,0.13914862468581066,1.1276767416290817e-06,0.0022915509958863762,0.0044838568809428695,0.0032722450455027626,2.9187726645379295e-09,0.002057990049935032,0.016804724523661874,0.0015545506605104072,0.007741279845705614,0.00397715769200501
