,0,1,2,3,4,5,6,7,8,9,10,11,12,13,14,15,16,17,18,19,20,21,22,23,24
0,0.9433245164435816,2.6754854877199086e-06,1.622200978127816e-06,5.196018244173979e-06,0.0012389156846533587,3.0434731901878315e-08,2.044293046710705e-05,2.739418088820246e-07,0.0054552411470055314,0.00021610666879363753,0.0015857012061778507,2.2157906638979793e-08,5.071981888520388e-10,4.807106945455507e-05,5.942835704705517e-06,1.248258550003048e-08,0.0004150770805172618,2.527179528859695e-08,0.0001204283241222038,1.3209757058669303e-09,1.1543246082951323e-08,7.273622077034211e-06,9.706038482865371e-05,3.0522478192268496e-07,0.047455046012876166
1,0.8476515636745635,9.13216361247907e-06,2.6340660315278913e-06,4.919535409104098e-06,0.002585310935465909,5.5954129935291376e-08,2.3146593229310664e-05,2.318663600029604e-07,0.008365061191006789,0.00021233501440807306,0.0024412509870528815,4.477676786674585e-08,3.2519678110011134e-10,9.424786795526301e-05,1.339361795362039e-05,1.217545435454626e-08,0.00044185998320039996,2.7113503633892767e-08,0.00019286802486794344,1.2651165485455156e-09,1.7422651964231656e-08,1.678887301472867e-05,0.00012109719848893587,3.2991424117380756e-07,0.13782366946031727
2,0.7481503616205497,1.232524928073915e-05,2.737876105732388e-06,5.449443386086554e-06,0.0029809410855822257,4.78305268680871e-08,2.5722787900930302e-05,2.877603514995756e-07,0.007866512446085586,0.0002254261889722039,0.005122409291094439,8.936020853674928e-08,3.1840731237119315e-10,0.0002054844085531501,3.345289275433224e-05,9.244244634345843e-09,0.0003754199408421424,3.959077007314963e-08,0.00011561246408774849,2.3542605839001965e-09,2.5081906789013505e-08,1.8172093700784444e-05,0.00019170032073759281,3.2903424834061093e-07,0.23466744131544198
3,0.7824555547301864,1.135796812592049e-05,2.154690887076179e-06,5.7642985412857446e-06,0.0023109144411462453,6.152548192437694e-08,3.228193107495024e-05,2.3555990349607746e-07,0.005923843175150296,0.00018944595424785104,0.0028995039547808385,7.445149932709712e-08,3.3160036548397913e-10,0.00017388724159442007,1.9408648869204245e-05,1.217970040490761e-08,0.0005409242656140789,4.366864725108816e-08,0.0001563369680584849,1.5676113263693724e-09,2.3153285352852575e-08,2.292278462238423e-05,0.00016810751493375644,4.7258598427251365e-07,0.2050866664084532
4,0.802192957707103,1.081034467007069e-05,2.199299575132548e-06,5.8550336245300095e-06,0.002236473686853182,6.168495169648383e-08,3.251166235867473e-05,2.3736486868736925e-07,0.005306392268937517,0.00018783713789308814,0.002721453917504541,7.460681638262741e-08,3.886050324257605e-10,0.00017768697772446745,1.7783176870397352e-05,1.3135764577550631e-08,0.0005367744627224702,4.556169284198913e-08,0.00016275970948958913,1.6823990186099758e-09,2.2457233515503906e-08,2.1556464403677476e-05,0.00016137063783322426,5.152486971284598e-07,0.1862246053814079
5,0.7930361776560313,1.3677995951317231e-05,1.989709657980962e-06,7.263463772848216e-06,0.0023127658603542905,7.593712728279968e-08,3.174198546567007e-05,2.596700666507992e-07,0.005878323987685258,0.00019313665764365948,0.003052720655165811,7.279710528257945e-08,3.989109586578862e-10,0.0001843435959463711,2.1852490722128738e-05,1.452842289657263e-08,0.0005878550458182338,6.409843729516683e-08,0.00018643638980329175,1.8415176453495262e-09,2.6422370314414076e-08,2.508039169739793e-05,0.00019546566201375404,5.284425559577562e-07,0.19427012431575613
6,0.7824555547301864,1.135796812592049e-05,2.154690887076179e-06,5.7642985412857446e-06,0.0023109144411462453,6.152548192437694e-08,3.228193107495024e-05,2.3555990349607746e-07,0.005923843175150296,0.00018944595424785104,0.0028995039547808385,7.445149932709712e-08,3.3160036548397913e-10,0.00017388724159442007,1.9408648869204245e-05,1.217970040490761e-08,0.0005409242656140789,4.366864725108816e-08,0.0001563369680584849,1.5676113263693724e-09,2.3153285352852575e-08,2.292278462238423e-05,0.00016810751493375644,4.7258598427251365e-07,0.2050866664084532
7,0.7099158782412612,1.5780749293193746e-05,2.1211815880401026e-06,6.372213332911592e-06,0.002601035921033403,8.573808658508265e-08,3.4210729622252535e-05,2.3704502355381345e-07,0.006961774921716977,0.00019027734282638865,0.003260568210898762,9.395245254017316e-08,3.014923995081767e-10,0.00022939953826829368,2.853848214665335e-05,1.3803621766796563e-08,0.0006242418616889825,6.150495193472925e-08,0.00017182060365088513,1.7216895934490052e-09,3.500483270800779e-08,2.8439491288001275e-05,0.0002532075855570856,5.506322123610872e-07,0.2756752532214636
8,0.7636340733452738,5.802870037743371e-06,2.6299446467602087e-06,3.937467365204212e-06,0.0015145154423242303,3.523716418001501e-08,3.152482357516378e-05,1.6522982813697538e-07,0.004135509107091841,0.00022708422761456327,0.0020015806752170895,7.770381033303986e-08,2.9851687689924934e-10,0.00018289428004242714,1.2903694837999275e-05,7.663603739087514e-09,0.00046511722868739495,1.928163366497017e-08,7.501378504643934e-05,1.5890996023269102e-09,2.294669993220342e-08,1.3394700107980645e-05,0.00021075185355349992,6.755102607425924e-07,0.22748226109396089
9,0.721671093788756,8.966159211847714e-06,1.957418600945507e-06,4.4810714136004385e-06,0.0015598716841590768,4.10387840361498e-08,2.655107087001664e-05,1.774887325365667e-07,0.004951091382801612,0.0002140038423058968,0.0027331730312215264,7.346688915721614e-08,2.3105095168666688e-10,0.00019973153484579976,2.23830270326069e-05,6.8864596484085605e-09,0.00041139562839380547,2.787471264316572e-08,8.34061055454529e-05,1.4887362529097668e-09,2.430779688245515e-08,1.5791488398652513e-05,0.000260550601029385,5.526453381426473e-07,0.2678346467369136
10,0.7824555547301864,1.135796812592049e-05,2.154690887076179e-06,5.7642985412857446e-06,0.0023109144411462453,6.152548192437694e-08,3.228193107495024e-05,2.3555990349607746e-07,0.005923843175150296,0.00018944595424785104,0.0028995039547808385,7.445149932709712e-08,3.3160036548397913e-10,0.00017388724159442007,1.9408648869204245e-05,1.217970040490761e-08,0.0005409242656140789,4.366864725108816e-08,0.0001563369680584849,1.5676113263693724e-09,2.3153285352852575e-08,2.292278462238423e-05,0.00016810751493375644,4.7258598427251365e-07,0.2050866664084532
11,0.8085140744579283,1.0207159138621864e-05,2.2438201039943906e-06,5.582843637123916e-06,0.0021755925129093713,6.159611132873076e-08,3.379541505963118e-05,2.6096473516777356e-07,0.005728474509486611,0.00019939989568160723,0.002638040129047606,7.431264630498398e-08,3.997272984604198e-10,0.0001583280670817641,1.7418140698603994e-05,1.3166242188670218e-08,0.0005654646104642934,4.379412487072001e-08,0.00016237105612664665,1.6397044601349399e-09,2.2385060394476542e-08,2.2189274540986963e-05,0.00015798354287979106,5.247406894953217e-07,0.17960783156617358
12,0.5556692606026888,1.158366076792471e-05,1.962789718622061e-06,6.066471870408584e-06,0.004900678072568351,7.68906640264487e-08,4.516739035669922e-05,9.892707762015706e-08,0.005443949359171365,0.00015574927093660746,0.0034162903224845653,1.0387051810973478e-07,2.8216614811175096e-10,0.0005293084782359135,2.1264078978736242e-05,1.1291174437249532e-08,0.0005135995800471556,6.867559648630148e-08,9.97289513265414e-05,2.841184351505804e-09,3.75121349205471e-08,1.5223142063822515e-05,0.00043042995631213036,6.110067670465915e-07,0.428738726575189
13,0.8130139746874405,6.40803662133238e-06,2.7286955045296993e-06,5.46877122932683e-06,0.0021040270579111586,2.7279920338534916e-08,2.639850305960376e-05,2.4091660140103497e-07,0.004330362554224503,0.00018798156404355857,0.007362331160984225,1.1267851242440196e-07,3.2094909557309085e-10,0.00031070616673900634,3.20399036432233e-05,9.858629565674409e-09,0.00038401453752558807,4.3044982103589145e-08,7.138447625091003e-05,2.608237629787922e-09,2.9162388753348084e-08,1.3149564298558924e-05,0.00019500682025412985,2.853210296287771e-07,0.17195326630901875
14,0.7585227632089651,9.781100503173778e-05,4.041445434237124e-06,1.7731145709243286e-05,0.00838195023533993,1.5532769501321907e-07,1.5459726312817607e-05,2.320955515125097e-07,0.009273802385220749,0.00015629203345349026,0.011460499709154937,4.905595619637042e-08,5.497479580926854e-10,0.00023609009259506212,5.1313937063635564e-05,2.364098244766286e-08,0.0003631047027725287,1.693271925200749e-07,0.0006503917711500374,3.5217165219707015e-09,2.780074471540358e-08,3.854727507182998e-05,0.0001696452111159676,2.190870360265527e-07,0.21055967570898573
15,0.7824555547301864,1.135796812592049e-05,2.154690887076179e-06,5.7642985412857446e-06,0.0023109144411462453,6.152548192437694e-08,3.228193107495024e-05,2.3555990349607746e-07,0.005923843175150296,0.00018944595424785104,0.0028995039547808385,7.445149932709712e-08,3.3160036548397913e-10,0.00017388724159442007,1.9408648869204245e-05,1.217970040490761e-08,0.0005409242656140789,4.366864725108816e-08,0.0001563369680584849,1.5676113263693724e-09,2.3153285352852575e-08,2.292278462238423e-05,0.00016810751493375644,4.7258598427251365e-07,0.2050866664084532
16,0.848506042093655,7.293705381720049e-06,3.083558140017164e-06,7.68922041651261e-06,0.0023689381817983564,6.239617993457135e-08,4.063344422961415e-05,2.832849421122148e-07,0.003422876830760769,0.00018969848705969113,0.004717181338488341,1.4629668390307714e-07,6.0611204583283e-10,0.0004084722465731155,2.6022842160117507e-05,2.5746391426481625e-08,0.0006775318771613823,9.998171291297122e-08,0.0001522779726129967,3.039039733633297e-09,5.0016365657004285e-08,1.937069987508746e-05,0.00021384419835492567,6.099269276202103e-07,0.1392377620089767
17,0.7766211784789222,6.723626171335796e-06,1.968443118731354e-06,4.918989213485798e-06,0.0021519934647005303,3.5004080089426886e-08,4.3889288234576546e-05,1.8826452558776524e-07,0.004223655502733478,0.00013701627652086112,0.002669637549477176,9.202962669048329e-08,2.8656286679953596e-10,0.0002050849458040112,1.3096042550174021e-05,9.102901996918915e-09,0.0005250838158602175,2.8324726291977252e-08,7.740696424037285e-05,1.4682520752788509e-09,2.0209523937404845e-08,1.90446998022319e-05,0.0001370632068764448,4.0747497642109447e-07,0.21316145654059832
18,0.8189565931667205,1.1385387278320297e-05,2.485777956935921e-06,6.212307399976651e-06,0.0025117020721324105,6.798638390817771e-08,3.05368485877954e-05,2.8775109447523743e-07,0.006374720986657956,0.0002115788492481104,0.003289515844441693,7.658971646736671e-08,3.941841703180787e-10,0.00018520710826624965,2.3094831187890518e-05,1.5109944035470272e-08,0.00046838840484698415,4.924289974112562e-08,0.000177898103644902,1.7360340687784376e-09,2.555972949311708e-08,2.0156991503121076e-05,0.00016576096413562175,4.690803503829354e-07,0.16756376890565464
19,0.8151394431384802,5.778421518562073e-06,2.4627375492372377e-06,4.690484989852657e-06,0.0022084830904527675,6.274902666687849e-08,5.3715985304708865e-05,3.298754782489477e-07,0.006598515508144324,0.00030500661576455927,0.0019222288480363024,8.114670021617451e-08,4.586395695637365e-10,0.00010565940222208097,1.0672959887272493e-05,1.215841177125887e-08,0.0006244324936223737,2.4378538302934863e-08,0.0001285730826391565,1.4735626884277125e-09,1.6675448981969497e-08,2.3169451572131123e-05,0.00010467016510595797,5.901695953000007e-07,0.17276137852930884
20,0.6960690857394038,3.451865927557166e-05,2.7872632115073567e-06,8.040372989906296e-06,0.0021035218847554066,1.1250017368654943e-07,2.9810625784175487e-05,5.308201392112713e-07,0.008355740191330164,0.00022047765082070861,0.00512920301625327,1.6634117737748097e-07,3.5189354147749855e-10,0.00022862019961508785,7.361687697621641e-05,1.6883783432534193e-08,0.0006780113876019053,9.10189156269652e-08,0.0002197722796426331,1.965445265239061e-09,5.772244674963171e-08,6.114882719037648e-05,0.00024559542336766697,5.662636875161226e-07,0.28653850573411904
21,0.8370334648887909,8.470493402710765e-06,2.4232332393819487e-06,7.0022991541923595e-06,0.0022897138735364603,4.0294533023293695e-08,2.317528089998615e-05,1.7932345973848398e-07,0.003988035573803352,0.00014862759782558935,0.00492613389698249,8.246476271826831e-08,3.1458998895858964e-10,0.00029162395468067834,2.2814985263521528e-05,1.3271879193002296e-08,0.0003732035064058189,4.834997122074338e-08,0.00011782219445125294,1.9980803553175983e-09,2.7298445465606302e-08,1.4116494263740208e-05,0.00016514375547079635,2.9038611403601757e-07,0.1505875442699931
22,0.8226099337133627,7.067285532878269e-06,2.7081161093218643e-06,7.717124486593325e-06,0.0022911195394842033,4.825659929812295e-08,3.0464836500818142e-05,2.3040599797022433e-07,0.005070284328891524,0.0002541232898778216,0.005297933535378722,7.417489380366934e-08,4.116213085408094e-10,0.0001804361012684814,1.8355566245767797e-05,1.4262923961560901e-08,0.0007960048239602225,6.20993300259619e-08,0.0001307013312139968,2.6686534201406015e-09,3.123622267725573e-08,2.1336699866161e-05,0.00019909214688891918,3.7762602737229805e-07,0.16308188041866215
23,0.7824555547301864,1.135796812592049e-05,2.154690887076179e-06,5.7642985412857446e-06,0.0023109144411462453,6.152548192437694e-08,3.228193107495024e-05,2.3555990349607746e-07,0.005923843175150296,0.00018944595424785104,0.0028995039547808385,7.445149932709712e-08,3.3160036548397913e-10,0.00017388724159442007,1.9408648869204245e-05,1.217970040490761e-08,0.0005409242656140789,4.366864725108816e-08,0.0001563369680584849,1.5676113263693724e-09,2.3153285352852575e-08,2.292278462238423e-05,0.00016810751493375644,4.7258598427251365e-07,0.2050866664084532
24,0.76071937991677,1.4139894200904428e-05,2.064393311752159e-06,7.5263790804949e-06,0.003012946650569815,6.404691116312571e-08,2.9750440828479058e-05,1.919137276829278e-07,0.005424442663836589,0.00016638708448999553,0.0035179012931097443,7.598543390036187e-08,3.34200027130706e-10,0.00021772646292412016,1.9101511343660325e-05,1.2112962115015428e-08,0.00048737182875511554,5.035183885323971e-08,0.00015279025827571796,1.848722028436969e-09,2.2581757971590918e-08,2.310999522752443e-05,0.0001635819559561324,3.8829108912751755e-07,0.22604097180467692
25,0.8646773202386422,3.1058023686088203e-06,2.2052453046950465e-06,4.901656928355705e-06,0.0019381983237046867,2.0800332005446267e-08,4.453458987170747e-05,2.6308195719473854e-07,0.0033640376248780597,0.00018723550218880498,0.004918312153994484,9.165165179175575e-08,4.38002539004972e-10,0.00021262782736599452,1.4121608741470478e-05,9.198312582519582e-09,0.00044090309221578674,3.249084535461039e-08,5.4004352212104595e-05,2.4515371376994503e-09,1.6451426188759485e-08,1.1210904542336267e-05,0.00011439162490297707,3.090629492963246e-07,0.12401214382512357
26,0.7186323639658226,1.8121211901712046e-05,2.7858629175258867e-06,7.967811117584648e-06,0.0028075438457088224,5.3657919996907804e-08,3.2203755750764666e-05,2.6178875410396863e-07,0.0036913356865924648,0.00014536037695758906,0.007406095552104936,1.987442117393504e-07,2.5081304469376115e-10,0.00047114647811819855,4.539405142757041e-05,1.39832181817022e-08,0.0003928584470919728,5.0522193292959844e-08,0.00012549064373699212,1.8417421559525525e-09,3.070347910972288e-08,3.654185075809904e-05,0.00010878356727290845,2.8660209726020844e-07,0.26607510879829144
27,0.7159343482792185,1.9644526805680666e-05,1.7551019279043263e-06,5.88800299072194e-06,0.0021320830345634245,6.969335539915351e-08,2.7516951322331646e-05,2.661867523254753e-07,0.008274241419911458,0.00017910922553090802,0.0029488689442923174,6.909372955895144e-08,2.2429125790159598e-10,0.00012662991369140892,2.5452027980818047e-05,9.42156825683576e-09,0.0004850107616958826,3.5511807663686196e-08,0.00017483888950163722,1.1062516459844497e-09,1.8515695669221588e-08,3.513222329270109e-05,0.00014325090230865546,3.577963326502921e-07,0.26948540224518125
28,0.7824555547301864,1.135796812592049e-05,2.154690887076179e-06,5.7642985412857446e-06,0.0023109144411462453,6.152548192437694e-08,3.228193107495024e-05,2.3555990349607746e-07,0.005923843175150296,0.00018944595424785104,0.0028995039547808385,7.445149932709712e-08,3.3160036548397913e-10,0.00017388724159442007,1.9408648869204245e-05,1.217970040490761e-08,0.0005409242656140789,4.366864725108816e-08,0.0001563369680584849,1.5676113263693724e-09,2.3153285352852575e-08,2.292278462238423e-05,0.00016810751493375644,4.7258598427251365e-07,0.2050866664084532
29,0.7824555547301864,1.135796812592049e-05,2.154690887076179e-06,5.7642985412857446e-06,0.0023109144411462453,6.152548192437694e-08,3.228193107495024e-05,2.3555990349607746e-07,0.005923843175150296,0.00018944595424785104,0.0028995039547808385,7.445149932709712e-08,3.3160036548397913e-10,0.00017388724159442007,1.9408648869204245e-05,1.217970040490761e-08,0.0005409242656140789,4.366864725108816e-08,0.0001563369680584849,1.5676113263693724e-09,2.3153285352852575e-08,2.292278462238423e-05,0.00016810751493375644,4.7258598427251365e-07,0.2050866664084532
30,0.7824555547301864,1.135796812592049e-05,2.154690887076179e-06,5.7642985412857446e-06,0.0023109144411462453,6.152548192437694e-08,3.228193107495024e-05,2.3555990349607746e-07,0.005923843175150296,0.00018944595424785104,0.0028995039547808385,7.445149932709712e-08,3.3160036548397913e-10,0.00017388724159442007,1.9408648869204245e-05,1.217970040490761e-08,0.0005409242656140789,4.366864725108816e-08,0.0001563369680584849,1.5676113263693724e-09,2.3153285352852575e-08,2.292278462238423e-05,0.00016810751493375644,4.7258598427251365e-07,0.2050866664084532
31,0.9067521752141836,7.993224045606433e-06,2.532867975555523e-06,3.985143223046519e-06,0.0013267718549819308,3.1409856102958484e-08,2.1686570706289178e-05,3.97270490240794e-07,0.004008489911111173,0.00012578787722336676,0.0018981645809752503,6.145475445248015e-08,5.099992887539509e-10,9.602519293260612e-05,1.3563981100906917e-05,1.2815058853165151e-08,0.000476535924331209,3.4177702705011384e-08,0.0001581273244057551,1.2781882622972576e-09,1.773981151004864e-08,1.6595905153583165e-05,8.320896346578791e-05,4.3280435915104217e-07,0.08500736600396373
32,0.7953366841009211,1.3317010670348572e-05,2.2315913922643773e-06,5.833470376756614e-06,0.0022716590244127306,6.591975626198834e-08,2.87443719915174e-05,2.3815160443375834e-07,0.005904542634111622,0.00018083404002897026,0.0026749808956851337,6.84128224746073e-08,3.56627557086267e-10,0.0001587384543555978,1.878444263782309e-05,1.300314280700353e-08,0.0005481502885881605,4.6402637589172264e-08,0.00019063733676897668,1.5106753254939393e-09,2.2516411545065606e-08,2.417342564062509e-05,0.00016006450589591976,4.903056397779526e-07,0.19247967782720482
33,0.8977883464928056,2.0840005734320747e-05,1.4430592102967096e-06,5.834228329809723e-06,0.000998529405667615,1.2396362948074667e-07,3.325213516887499e-05,2.6492987032483463e-07,0.0017399807065696187,9.45431397278866e-05,0.00038729759403218075,5.599747265918941e-08,9.670037792360395e-10,9.191686881630242e-05,4.651360295125445e-06,3.42130472458872e-08,0.0017362563779403342,1.0292383222420308e-07,0.0008013814547362652,7.837919064320769e-10,1.6041777431293987e-08,6.540405732715295e-05,6.933608936157852e-05,2.340447348732029e-06,0.09615804675650336
34,0.05834266166326228,3.113604234028552e-05,8.053392150199163e-07,4.946124271057684e-06,0.0015203963159604824,6.392172456598495e-07,9.36761197544013e-05,2.275628908103734e-07,0.007662155134660556,0.0003026995782857851,0.0017340438682736038,3.1611915661522953e-07,1.0632717649906335e-10,0.00019755045124613747,8.396149829279008e-05,1.1621455573220855e-08,0.0008586321064662462,1.0221627626318967e-07,6.480167457582804e-05,1.758367920630399e-09,1.0944987072081893e-07,0.00012947016503483808,0.0006578608391898662,1.2468543322752717e-06,0.9283125481732478
35,0.8486481927784099,1.2167395809063004e-05,1.7173309823074988e-06,4.698336802375782e-06,0.001786393217908602,4.517588134822345e-08,2.2929378901014138e-05,3.162149898180159e-07,0.0076088967119435635,0.00014637431134058936,0.00203338887391788,4.419535864775227e-08,2.747867037213121e-10,6.90479996021078e-05,1.4310947399055686e-05,9.209406244645966e-09,0.0004530212979129731,2.65934355334181e-08,0.00017863980939731027,8.702091171565242e-10,1.253095529050945e-08,2.4723370868040786e-05,8.301188075505288e-05,2.85481782370544e-07,0.13891174581124524
36,0.7546527180325242,8.382727335958198e-06,1.609690246790898e-06,4.83994227995636e-06,0.0014177515636562778,4.3495236505005426e-08,6.152187194937073e-05,3.906544686672014e-07,0.0039486885767558546,0.0001384118071412955,0.0028859398604538433,1.9058902951083873e-07,3.299846587782902e-10,0.00020341788375809655,1.9609822054578585e-05,1.2276985890937618e-08,0.0010295661050035698,5.049736731494674e-08,0.00010512176194623344,1.3536045204838616e-09,2.257963258497813e-08,5.202106190981721e-05,9.894718989185117e-05,5.080767217367325e-07,0.23537023225006098
37,0.8023489239061387,8.82298238707714e-06,2.142676625060593e-06,5.458610388755271e-06,0.002109727847659119,5.3164106161621794e-08,3.4009044817287115e-05,1.8725195214206778e-07,0.004186964383395873,0.00016451420657037714,0.002516837894906349,7.90930935558805e-08,3.634459345019222e-10,0.00022298896753845796,1.5883785907466465e-05,1.288541182668953e-08,0.0005480867973192378,4.561771885810345e-08,0.0001378566598104882,1.654143021614291e-09,2.4958642828653296e-08,1.8562144003941146e-05,0.00018161444051168906,5.694941660905614e-07,0.18749663116933993
38,0.7837318130827297,1.163261706873962e-05,2.1865469475550093e-06,5.938304456145382e-06,0.00229803753471931,6.611736200606129e-08,3.3328914939394115e-05,2.428992807802202e-07,0.005923255411045995,0.00019381966998770604,0.002971063184773484,7.759582104006813e-08,3.457418948539931e-10,0.00018147236888562432,2.0596126850770336e-05,1.3136737283215276e-08,0.0005552189795060643,4.757133798716443e-08,0.00016436346488192083,1.6064333014584022e-09,2.483587713615775e-08,2.366494330816259e-05,0.00017659908019722863,4.976340641754554e-07,0.2037060380270467
39,0.7824247118470208,2.7071394128004026e-05,3.750610812681374e-06,6.712938552795552e-06,0.0022512302358226282,1.6077081649974904e-07,3.049155554871832e-05,5.798951296849453e-07,0.009165006306589193,0.00018860882643603535,0.0021866917702284524,1.2914737062252483e-07,5.125468766538584e-10,0.00013780214727241436,3.4051968903546184e-05,2.956891344641878e-08,0.0011738992865249862,8.460336645594317e-08,0.0003996156352594235,1.5734559875309444e-09,7.464839025923013e-08,5.65564565460792e-05,0.00021312182106177424,8.362161881245331e-07,0.2016987802631147
40,0.7716789214494146,1.131990902269191e-05,2.3430628093308826e-06,5.010050272545871e-06,0.0026423184957610753,4.522225278783851e-08,3.080007784329626e-05,1.8477745546710082e-07,0.004760826991055246,0.00013358101271050395,0.0031008525423213886,8.7955199524054e-08,2.870910544208896e-10,0.0002305515272304819,1.8518242873026704e-05,1.0586260372933049e-08,0.0004447996281598444,3.636701261156622e-08,0.00012662273150526666,1.4983066322052772e-09,2.1999614928327018e-08,2.0259569234037247e-05,0.00014130966670569556,3.852047849213482e-07,0.2166511911451027
41,0.8425631577992206,3.0265211075437574e-05,2.6861638385126833e-06,1.009531702912225e-05,0.005522463538972862,7.140379948735915e-08,1.450534491817497e-05,3.25915074222034e-07,0.012182865834970243,0.0001631990381526844,0.006373220654798857,4.164391132438115e-08,3.755152016462155e-10,0.00017186076253833719,3.781404818322426e-05,1.6659993402963804e-08,0.00021911152765607603,6.453938292386925e-08,0.0002976593697251402,2.1671113796690545e-09,1.746177578758967e-08,1.562473807448369e-05,0.00012961479340222544,1.8049729628030874e-07,0.1322651351935838
42,0.8541879493834685,4.4573531322263796e-05,2.965149737608259e-06,6.9556137709326355e-06,0.0016867768093925656,1.0600158481459434e-07,1.5642637703864843e-05,6.433125622858482e-07,0.011274557098713524,0.00013736248297848994,0.0018423601931190656,5.0453026843071206e-08,3.083092377591634e-10,4.203251011024092e-05,2.2005303940805613e-05,2.026918016730649e-08,0.0008802336180985224,4.128007681453135e-08,0.0006093803850134514,6.648521164493482e-10,2.4183505498432532e-08,8.279943652201763e-05,6.493331906150313e-05,3.3703136203052724e-07,0.12909824902258668
43,0.7818168621073452,1.1359537062449505e-05,2.1463281859634015e-06,5.749206044412233e-06,0.002310370404214488,6.089936232982536e-08,3.222355296399645e-05,2.336517114387353e-07,0.005889208735587435,0.00018778840150259458,0.00291054134624641,7.435379605884897e-08,3.292787909326743e-10,0.00017491766375995175,1.9396773739576738e-05,1.2085205153310124e-08,0.0005370419528233573,4.3466145682055695e-08,0.0001552934663033411,1.5636243872981013e-09,2.295085444641248e-08,2.281147787769942e-05,0.00016753233720175008,4.690977425198723e-07,0.20575583831142066
44,0.7824555547301864,1.135796812592049e-05,2.154690887076179e-06,5.7642985412857446e-06,0.0023109144411462453,6.152548192437694e-08,3.228193107495024e-05,2.3555990349607746e-07,0.005923843175150296,0.00018944595424785104,0.0028995039547808385,7.445149932709712e-08,3.3160036548397913e-10,0.00017388724159442007,1.9408648869204245e-05,1.217970040490761e-08,0.0005409242656140789,4.366864725108816e-08,0.0001563369680584849,1.5676113263693724e-09,2.3153285352852575e-08,2.292278462238423e-05,0.00016810751493375644,4.7258598427251365e-07,0.2050866664084532
45,0.8743728721374444,1.0115122940368938e-05,2.544189477474035e-06,5.50447368141554e-06,0.0018418432458400602,8.319777758632055e-08,5.493681445145479e-05,7.937382878069164e-07,0.006844858318806165,0.0002770279622567268,0.0024105013941689347,1.0543048572458241e-07,7.430996309172472e-10,0.00012723847016061498,2.5526762659319194e-05,2.3026148639092068e-08,0.0006233186765633095,6.372826793470802e-08,0.00023633659979549509,1.7563057306861928e-09,2.3147039186805293e-08,3.2816989062634486e-05,0.00010633186091218022,7.921088003512689e-07,0.11302634010556688
46,0.6549263620106428,2.412640108825677e-05,2.4186083657452714e-06,6.863261040640873e-06,0.003906763949098786,7.546514734339615e-08,3.1587026157215514e-05,2.546334318165363e-07,0.009502024692719522,0.000209320303804387,0.006173700245091694,9.289439348964756e-08,2.691271244151349e-10,0.0003666103661129621,5.984693451300115e-05,1.2339902180538105e-08,0.0002681667565868602,6.469513583304727e-08,0.00016745362998940043,2.2113516666315113e-09,2.5540574756456604e-08,2.0767503438894915e-05,0.0002721032510440363,3.9669750468633396e-07,0.324060960313737
47,0.9313204100092041,4.084958992048313e-06,1.5564109089599412e-06,3.4536637308004766e-06,0.0007833915486762514,2.6567278629526002e-08,2.1672075682134755e-05,1.8973523570785114e-07,0.00209509509563361,9.741862431161931e-05,0.0007902353065691588,3.8162844957162416e-08,3.6146350136488993e-10,5.869721856915655e-05,4.03326550348073e-06,1.0826915234429233e-08,0.0006166800133397957,1.9062398367980596e-08,0.00014527358500484547,5.815035987990338e-10,1.1024532481119438e-08,1.6636223038358325e-05,4.926004821166467e-05,4.477142891263453e-07,0.06399135791616219
48,0.8660871711437975,1.0154294214637184e-05,1.812693859866523e-06,3.7891485182823414e-06,0.0011698451238653378,8.275678137708291e-08,3.222886059356344e-05,3.229297816188922e-07,0.004520743944287224,0.00019674561788432965,0.0007048938780436773,4.7120471729151765e-08,5.623735735346279e-10,5.921144910895615e-05,7.166723523722139e-06,1.5117355940590495e-08,0.0010829361755827552,3.953284755554292e-08,0.00033188731665862613,8.918424738138132e-10,1.5673729292409076e-08,3.38233358998631e-05,0.00010057675187895578,1.1804442516350664e-06,0.12565530851284717
49,0.7544779165411498,1.6502085332758267e-05,2.672942923771105e-06,6.127309113041416e-06,0.0023833968103000834,8.863288762733082e-08,3.551286921472338e-05,3.39093914334249e-07,0.00758252593014516,0.00021409642970563245,0.002641916831324562,9.599103652622929e-08,3.5769645474833406e-10,0.00013186149713351826,2.1247028404053203e-05,1.4142733446417237e-08,0.0007150574053250642,4.1333843191371965e-08,0.00020292539534008994,1.4427060818979607e-09,2.809371517887769e-08,4.090226573772795e-05,0.0001385775709648477,5.160029317728042e-07,0.23138763599642043
50,0.804349529398737,8.445449327096814e-06,2.050483102865037e-06,5.293799479828513e-06,0.00209946601267199,5.192443583813866e-08,3.518787166629649e-05,2.3197037507971524e-07,0.005186112844400844,0.0001963182916028265,0.002656653420439204,7.167836328233472e-08,3.505594498598947e-10,0.00016671056860367929,1.5959819732342854e-05,1.138742418452312e-08,0.0005199979931444061,3.778891064907867e-08,0.00013488892609171726,1.5508067908183793e-09,1.9376083098338703e-08,1.9745368384819097e-05,0.00014825955078451905,4.850763306875411e-07,0.18445446909854143
51,0.5970493701494133,0.0001953633093249258,2.184606362434434e-06,2.064426614826752e-05,0.0023719291103791616,1.4465802108619624e-07,1.4704560340349268e-05,5.481280546323933e-07,0.012048731057306241,0.00011364633107939223,0.008168154264782741,1.1293386464028149e-07,1.8690588709691482e-10,0.00017450141308467134,0.0001285788548434755,1.5799551679164356e-08,0.000415714569002904,9.461813270658068e-08,0.00034057566875987503,1.2410665694865226e-09,4.2881794565214366e-08,0.0001370272381862496,0.00016473725442637307,1.9866010635663742e-07,0.3786529782390618
52,0.8512178479336503,9.933292958406924e-06,1.981750749597146e-06,8.477943809579485e-06,0.002619416500852711,1.2462295077752386e-07,2.7304276123305723e-05,5.243817700213175e-07,0.008316164373371585,0.000595656187278309,0.005275909751772981,9.41799429956239e-08,6.407085998087802e-10,0.00019713559808941223,4.267182803453428e-05,1.738473877314904e-08,0.00038053851469978207,9.661112063949316e-08,0.0002501413946312963,3.204621263437384e-09,2.3038419853261805e-08,2.1682383333222966e-05,0.0001664926976081392,5.038092719767028e-07,0.13086725769949206
53,0.6909157080280985,4.314846362222074e-06,2.358686624546e-06,6.590609958063263e-06,0.0032246814166368765,5.0835227002381686e-08,8.354990895380569e-05,1.8540699339850657e-07,0.005624062816672179,0.00027211658683632246,0.0055933915020600165,1.2632098421763797e-07,3.7964077846850416e-10,0.0004219244834163233,2.2406903662714765e-05,1.2804671402092746e-08,0.0006237182961251189,5.667156506672525e-08,5.765501016359973e-05,3.5042328688118615e-09,3.9082775099996466e-08,1.4073650046967057e-05,0.0003971346032383889,5.742113124134094e-07,0.29273526343374195
54,0.9286247326442172,1.792055790685318e-06,3.1144250575469075e-06,4.515354051691121e-06,0.0023755273176132782,3.963401177433674e-08,2.987245200900235e-05,2.6108293556810284e-07,0.004317919514716645,0.0003215162237016041,0.0030356433243050236,5.203356679006004e-08,9.163988264682858e-10,0.0001225036989519277,7.684590740862038e-06,1.695218360826424e-08,0.0008135664745566853,5.990919828798817e-08,0.0001145556344678582,3.7079296814497145e-09,2.968178252937523e-08,6.870309493730845e-06,0.00018434362593144435,5.184698291174589e-07,0.06003485996655878
55,0.7580173965584369,7.493895092636981e-06,2.051541169426686e-06,4.142498205111342e-06,0.0030584602464991295,7.2296392629085e-08,6.58148384248471e-05,4.092900807558865e-07,0.006879026371216968,0.0002004124924386751,0.0023275711019011104,1.854636568535859e-07,5.703137673919683e-10,0.0002685307664836468,2.0930979403489697e-05,1.6230532914115953e-08,0.0006180500005909923,5.739875202501943e-08,0.00013274057960506992,2.121531459247115e-09,2.5248586611634657e-08,2.320408839972128e-05,0.0001553529685739531,7.228348770063216e-07,0.22821732961883426
56,0.8000493787619523,1.0711585184534694e-05,2.214467096516858e-06,5.850018196334672e-06,0.002242024598690067,6.356470992869366e-08,3.349287972687484e-05,2.559593457532405e-07,0.005806094096071243,0.00019913861007718106,0.002734626702927098,7.546737171770104e-08,3.873386399440352e-10,0.00016379362012978422,1.807050583981159e-05,1.308705311099806e-08,0.0005588987115615339,4.4636082291545316e-08,0.00016209659772271746,1.6606323430459722e-09,2.287702016877598e-08,2.278152199192051e-05,0.00016100274127736261,5.085773526860463e-07,0.18782883836464792
57,0.7913143438405407,9.699700540636659e-06,4.0876202202729645e-06,4.504676287034247e-06,0.003185425250539862,6.86208236072233e-08,3.796270823347991e-05,3.102785543932321e-07,0.007315545205877717,0.0002278950580110787,0.0024404851313755784,1.1139652865729482e-07,4.902974862366118e-10,0.00015273535511650213,1.5132199023809482e-05,1.6081972890771842e-08,0.0007011595667058572,3.3158763691799654e-08,0.00017648788638542498,1.902956850879468e-09,2.989604563903983e-08,2.5234134969123395e-05,0.0001331821587457745,5.665519027035962e-07,0.19425498112958142
58,0.7932029249346244,1.0783608091297532e-05,2.1830508840908994e-06,5.316047297581076e-06,0.002095062980651926,7.245721522174817e-08,3.623192913134172e-05,2.654656612264526e-07,0.005612748022286488,0.00021938120837796743,0.0021674559097890566,7.926858253229313e-08,4.324389529836678e-10,0.0001645528405228605,1.739787813066382e-05,1.3568486968819985e-08,0.0006216266007869957,4.7759192929491267e-08,0.00017610685338368602,1.6500545979264287e-09,2.430490157975075e-08,2.3933713035661957e-05,0.00018070352189368164,7.156921900074321e-07,0.19546237030238797
59,0.803658572124025,1.0135149018230481e-05,2.4506341606623625e-06,5.2772876038131985e-06,0.002171799867532163,6.469992924401017e-08,3.5848047211614006e-05,2.612688538141894e-07,0.0054741506060983275,0.0002047330656231344,0.002283197068393283,7.920351859678805e-08,4.32613168420519e-10,0.0001653586852071411,1.6491057526805393e-05,1.3881462686584812e-08,0.0006204176285501834,4.4248702008540745e-08,0.00016690291993822187,1.6953408768921609e-09,2.5091212506546194e-08,2.2568588529552713e-05,0.00017103097002201445,6.549678403736661e-07,0.18498992081108653
60,0.7824555547301864,1.135796812592049e-05,2.154690887076179e-06,5.7642985412857446e-06,0.0023109144411462453,6.152548192437694e-08,3.228193107495024e-05,2.3555990349607746e-07,0.005923843175150296,0.00018944595424785104,0.0028995039547808385,7.445149932709712e-08,3.3160036548397913e-10,0.00017388724159442007,1.9408648869204245e-05,1.217970040490761e-08,0.0005409242656140789,4.366864725108816e-08,0.0001563369680584849,1.5676113263693724e-09,2.3153285352852575e-08,2.292278462238423e-05,0.00016810751493375644,4.7258598427251365e-07,0.2050866664084532
61,0.7976780826422638,1.0176486463368086e-05,2.4061047914402355e-06,5.12343257531352e-06,0.002221837735939321,6.218231940041689e-08,3.381694841308977e-05,2.4269519490086444e-07,0.005597557208152209,0.00019855755048857825,0.002391206777530819,7.73782543203937e-08,3.9215663125472783e-10,0.00016489455939914534,1.6709376662682014e-05,1.2934678526333007e-08,0.0005871053949941709,4.143382389294545e-08,0.00016190280580616565,1.6134266733824045e-09,2.4206438416926676e-08,2.197607034370801e-05,0.00016808955139159578,5.867162834547254e-07,0.1907395078022083
62,0.7824555547301864,1.135796812592049e-05,2.154690887076179e-06,5.7642985412857446e-06,0.0023109144411462453,6.152548192437694e-08,3.228193107495024e-05,2.3555990349607746e-07,0.005923843175150296,0.00018944595424785104,0.0028995039547808385,7.445149932709712e-08,3.3160036548397913e-10,0.00017388724159442007,1.9408648869204245e-05,1.217970040490761e-08,0.0005409242656140789,4.366864725108816e-08,0.0001563369680584849,1.5676113263693724e-09,2.3153285352852575e-08,2.292278462238423e-05,0.00016810751493375644,4.7258598427251365e-07,0.2050866664084532
63,0.7581050007033043,1.695789857015051e-05,2.158382084339795e-06,6.396959551644415e-06,0.0023730243652235208,7.23625497964057e-08,2.8932912661645917e-05,2.4568151220128975e-07,0.0067490040613386775,0.00017919856222409878,0.0030086831084480863,7.231951124218084e-08,3.1504128316194845e-10,0.0001640355325295081,2.3275465487552197e-05,1.2409472947537922e-08,0.0005342875279745192,4.794081612513648e-08,0.00018701073004681015,1.4989788209869034e-09,2.4486857398769268e-08,2.8239664949540744e-05,0.00017724840768615946,4.5749924405915013e-07,0.22841561120393558
64,0.7714821023700725,1.2140410622275303e-05,2.8328854369381476e-06,5.972848229179898e-06,0.00239112056036803,6.795792713858387e-08,3.086232031086764e-05,2.3436387783372198e-07,0.00603749858646663,0.00018779254970408511,0.003017919360468124,9.050949569734165e-08,3.466357021390927e-10,0.00018979736485930007,2.1263158484416105e-05,1.4027805668283645e-08,0.0006488413763978321,4.5808434275421215e-08,0.00015453383604669438,1.75683105729662e-09,3.7505607980380645e-08,2.468667788865392e-05,0.00021206904733598957,5.197751335803303e-07,0.21557955459555958
65,0.3706056020421696,5.240253634608011e-05,2.2224616583970415e-06,6.929915016286292e-06,0.0025265954336024282,1.6445123394458745e-07,2.8903048495626935e-05,1.413973055750142e-07,0.006372939597191049,0.0001131295953221945,0.002097993041048602,1.232737835488282e-07,2.170626293683123e-10,0.00031482998024141037,4.365091343763174e-05,1.403714827536179e-08,0.0007455329836247686,9.393803109723766e-08,0.00019467565481158633,1.7705014243021533e-09,8.74717967520816e-08,5.076778581249339e-05,0.0005935308652995985,9.189122326187544e-07,0.6162487486768263
66,0.8392330554231276,6.381937865055322e-06,2.379312660925905e-06,4.972692951938812e-06,0.002526326907899356,4.748690998248499e-08,3.58409380685468e-05,2.0801828511552164e-07,0.0051870494927822,0.0001939669562420821,0.002381909726632991,6.038895520813736e-08,4.1294425510460894e-10,0.00014464574037584033,1.0865298959480485e-05,1.2063477808351565e-08,0.0005152355382039283,3.218633130183297e-08,0.00013371107771284105,1.6647251607676328e-09,1.7607024671236478e-08,1.531340194884662e-05,0.00012794856362433645,4.493957221257285e-07,0.14947956776656812
67,0.6370585032165166,1.9868849753308683e-05,2.1573859903711187e-06,6.903429151181106e-06,0.0022246913679564656,1.0823956419742055e-07,3.5448313939244104e-05,2.0701086732945552e-07,0.006265832121670533,0.00019040622592707618,0.002934602846036048,9.874023041068118e-08,3.1011151862577504e-10,0.0002315377477942744,2.8571084272756858e-05,1.3973492949460082e-08,0.0007562206238297289,6.840290047558318e-08,0.00018842238064059418,1.8306305744366717e-09,4.1285910239882365e-08,3.558962248002115e-05,0.0003183992541603363,7.002802368335236e-07,0.34970160545593704
68,0.5145493266417154,1.968475894201333e-05,3.2222416108085207e-06,7.643553759609126e-06,0.0035044756860061928,3.6585933862744146e-07,0.00011432066282281698,1.2798415382068161e-06,0.009773914784368296,0.0005286939075769217,0.005331827243303898,7.075695688313508e-07,8.31135360353189e-10,0.0005396895011480394,0.00013816084516158153,2.9343394908601393e-08,0.0011618217215984298,2.3126102180014776e-07,0.00016934015471265133,5.291571874859366e-09,1.7032388413644919e-07,7.697151954815841e-05,0.00046616702082338053,1.7083532794612754e-06,0.46361024108216864
69,0.5287715672456085,1.4918291942702037e-05,2.2183939802895574e-06,1.0063454398976201e-05,0.003515822059330659,6.665469923249644e-08,2.5372349279223152e-05,2.457539097538502e-07,0.01325295570344969,0.0003101808482534214,0.023076134263922216,1.0251348368074588e-07,1.8111751115112058e-10,0.00023458936982796567,9.444789188418139e-05,6.4970874136499475e-09,0.0005729840875457906,9.227869229875627e-08,6.471729891866564e-05,4.500953554231685e-09,6.619397470733677e-08,2.73162944049636e-05,0.0005751075353431302,1.3872254999194125e-07,0.4294508816154415
70,0.7543608106773827,1.1671331840176328e-05,2.89595458647377e-06,7.735202552071674e-06,0.0033101909420444105,7.664305767817754e-08,3.716816043711367e-05,2.5612607125722055e-07,0.00880048292277457,0.00023903412600931347,0.0045171174708317705,7.819739364535026e-08,3.177766943740082e-10,0.00018915493997223416,2.3787856491671617e-05,1.4409396986759612e-08,0.0004738318960523204,3.9794066681453034e-08,0.00014713193891620157,1.9579239550204753e-09,2.7914025317775143e-08,2.150073189599833e-05,0.00018590838265139937,3.4315530933385696e-07,0.22767073895054013
71,0.8302353247592701,4.134390846148802e-06,1.8586104609069441e-06,4.448896006799845e-06,0.002169277934399828,4.4084693533766896e-08,5.7445788920359856e-05,2.3075564026075393e-07,0.0050527711515699035,0.0002406910373377847,0.0019357533472071577,6.425230590686552e-08,4.2581559041956993e-10,0.00013871993932083022,8.995437372606675e-06,1.0337508449678332e-08,0.00052416727594684,2.658327340923451e-08,9.62391097785155e-05,1.6094863257393835e-09,1.3444148803793553e-08,1.4737106933238912e-05,0.0001221989549973491,5.688237317522863e-07,0.15939227594302752
