,0,1,2,3,4,5,6,7,8,9,10,11,12,13,14,15,16,17,18,19,20,21,22,23,24
0,0.0001908830331866242,0.0008026751227681211,8.54958325239959e-05,0.0012064663275610352,0.09034555976950237,0.0309114570291668,0.0016749446538837417,1.600726784854342e-07,0.00013274898359827956,0.00024199083409522727,0.0020957458458011327,0.0013592393954031925,2.8729565815422177e-05,0.8157705493985727,0.0002460447492684745,0.0014165313379282843,8.432218898174858e-05,0.014847015696032261,5.469093216723978e-05,0.0001615872725520358,0.005103386121038109,3.174040439108804e-05,0.007788496063841261,4.808222042223333e-06,0.0254147311472001
1,0.00033063146644910787,0.0014323931473658059,9.145445749512732e-05,0.0016646412926364829,0.1822765288835998,0.013762814640218916,0.0014040123157227707,1.510434777793087e-07,0.00026520472751330297,0.0002006398361582198,0.0031522122834545642,0.0013164515422649675,3.490680120652156e-05,0.744871682616287,0.00018101056236279192,0.0013209203434776068,9.471788144354029e-05,0.015472587133306709,3.9395807349264955e-05,5.326132039094711e-05,0.0028833215500373107,2.1347893038301607e-05,0.004983158346058621,4.960068653357305e-06,0.0241415940400311
2,0.00021629789370416152,0.0012201284213376404,8.10555703633011e-05,0.0014794468882115721,0.11753901018257513,0.012035708956067063,0.0009335730841332321,8.014384586066331e-08,9.028482599676677e-05,9.253116754914829e-05,0.0034146035775821687,0.0019095901561184923,3.297479229276166e-05,0.8171043109607856,0.0001301796089999527,0.0007148406574638404,0.00010249348153743723,0.017179632824164116,2.298000708941497e-05,3.1013575074717205e-05,0.003460333751712998,1.5882914273569072e-05,0.004118902196693607,3.0508456948835346e-06,0.018071093516732615
3,0.0002084680099695305,0.001058662632104303,7.304197687098942e-05,0.0012604878817759695,0.1263798875335825,0.010466866040446068,0.0010117183078311798,8.610975024824912e-08,0.00011097972159120765,0.00010428134150773369,0.0028215747493461436,0.0014303144082660473,2.6447801115438594e-05,0.807986931606041,0.00014439098353436156,0.0006545999138026984,7.845112961768719e-05,0.01545980983122879,2.4357998260257166e-05,4.0601172703337064e-05,0.0031248096555714436,1.85320690989661e-05,0.004669290956144867,3.2168480245501835e-06,0.02284219132181487
4,0.00017641775227938164,0.001066404891754794,6.50486736755039e-05,0.001178157236697797,0.11642643121681244,0.009038939791419329,0.0008889176881293684,7.256273541779596e-08,9.028660482410716e-05,8.23801253854059e-05,0.002923903373698187,0.0016675868588730228,3.15578028524377e-05,0.8234602133307192,0.00010943324079798318,0.0005623379033614177,7.98533515056287e-05,0.015692314709771872,2.1254068246142282e-05,3.364215262523072e-05,0.002745421038723285,1.6172688566274887e-05,0.004045688244937396,2.547108761706074e-06,0.019595017582846427
5,0.00024798804043102277,0.0007273219952585297,6.79033793913931e-05,0.0015189099622598108,0.1022409282479026,0.007849087265249197,0.0009629371768605909,8.925167275520086e-08,0.00010102102446116964,0.00011456086827826777,0.0025646231120203247,0.0014904902852787589,2.5659076474851238e-05,0.8232249476457604,0.00010170779691597672,0.000674984392145048,8.333692459837107e-05,0.026087983419262262,1.709003199456002e-05,4.916668183632759e-05,0.002985109160233716,1.619393034913039e-05,0.004611111044899792,3.978979158811037e-06,0.024232870307306344
6,0.0002084680099695305,0.001058662632104303,7.304197687098942e-05,0.0012604878817759695,0.1263798875335825,0.010466866040446068,0.0010117183078311798,8.610975024824912e-08,0.00011097972159120765,0.00010428134150773369,0.0028215747493461436,0.0014303144082660473,2.6447801115438594e-05,0.807986931606041,0.00014439098353436156,0.0006545999138026984,7.845112961768719e-05,0.01545980983122879,2.4357998260257166e-05,4.0601172703337064e-05,0.0031248096555714436,1.85320690989661e-05,0.004669290956144867,3.2168480245501835e-06,0.02284219132181487
7,0.00038716241858934307,0.0020357879364488736,0.00023216110339430672,0.001818482143152374,0.18868101953982822,0.012184533861478344,0.001100214037622463,1.326560134788423e-07,9.546343519506567e-05,0.00010155629959770086,0.00523910349158163,0.002116784559214565,7.863315505819403e-05,0.7456499862814356,0.0001321990621447335,0.0006042903905165497,0.00010867074438500988,0.01886157919454107,4.769200955163968e-05,3.736315629655229e-05,0.003367865272922983,1.8750189674587697e-05,0.002851055312850092,4.065343746948134e-06,0.014245448404759704
8,0.00015948589257734432,0.0005721192911865804,5.199554263117203e-05,0.0010713083486287088,0.10446445547034115,0.004406727251700167,0.0007037743231724413,3.767119392667149e-08,0.0001486341516907799,0.0001244792813455799,0.0023559413551690863,0.0003745799947892758,7.343969980042856e-06,0.8330639983407885,0.00021138752549451447,0.00029495464285878584,3.135019393434764e-05,0.009758974574586698,7.829996330549527e-06,2.9251510497690397e-05,0.0018952935016989104,1.6815979872279834e-05,0.004093671667103284,9.574489479408164e-06,0.03614601503294892
9,0.0001889288830304128,0.0005574426735894631,9.831111886443148e-05,0.0017593209038154628,0.10401870984792705,0.008414795509942551,0.0005987167022533325,8.192121557497186e-08,0.00012920480476219835,0.00015400892061419316,0.0030425876884135126,0.0006457553730245062,1.841130189341583e-05,0.8439949992657965,0.00016648022743321171,0.00057678283227029,6.308263521043299e-05,0.011700144651300436,1.529458372857605e-05,5.1381558979489935e-05,0.002701204020721233,1.8989908669649487e-05,0.004790758537247128,8.636752095034897e-06,0.016285969377202083
10,0.0002084680099695305,0.001058662632104303,7.304197687098942e-05,0.0012604878817759695,0.1263798875335825,0.010466866040446068,0.0010117183078311798,8.610975024824912e-08,0.00011097972159120765,0.00010428134150773369,0.0028215747493461436,0.0014303144082660473,2.6447801115438594e-05,0.807986931606041,0.00014439098353436156,0.0006545999138026984,7.845112961768719e-05,0.01545980983122879,2.4357998260257166e-05,4.0601172703337064e-05,0.0031248096555714436,1.85320690989661e-05,0.004669290956144867,3.2168480245501835e-06,0.02284219132181487
11,0.00021077842523311923,0.0011350268705838593,7.678725834507653e-05,0.0013337673855033404,0.12640872860529037,0.011003231945361186,0.0010518639930107497,9.555982809831729e-08,0.00010926958678458773,9.99564966090768e-05,0.0029163113965453282,0.001644453245109683,3.244018734008825e-05,0.8076492914449592,0.0001354157961977178,0.000700026218336781,8.831513192403647e-05,0.016283664176578404,2.6241949755301177e-05,4.081140112084497e-05,0.0030752385933692514,1.8343492147555002e-05,0.0045936201032112595,3.0022217030822087e-06,0.02136331851515203
12,0.00037124476857741754,0.001230944453198752,0.000131346373614258,0.0020858644005765613,0.12100422578772503,0.014932788264533944,0.001362750941984031,1.893051590710784e-07,0.00017416406899360646,0.00020401943977450785,0.004169340674287974,0.0015270900175033504,3.998528644648742e-05,0.8034267028411645,0.00022449857065738179,0.0011657150931684145,0.00015137497738422912,0.01684161874051754,4.695017257645173e-05,5.2516080240807776e-05,0.00433015694591827,3.38103874986451e-05,0.005497126084217735,6.3592121197755904e-06,0.020989217112161406
13,0.00010359365327611508,0.0007910179500023718,5.0080329505277936e-05,0.0011875426615669661,0.11634606471375626,0.004715078207158507,0.0003089403161269555,2.1128249820425653e-08,3.613877925414495e-05,2.7395593651777572e-05,0.009588481178410805,0.0014199572711468798,2.9527920715581525e-05,0.8427860998023826,0.00011306206945854225,0.00027747147711731506,5.6284142720602215e-05,0.007965176843331442,1.1532916873826649e-05,9.89086059947899e-06,0.0023421685265947382,7.116373267600514e-06,0.003973066753306613,2.797497044029756e-06,0.007851493034481575
14,0.0002243086423519117,0.0005342957392099923,7.932301672390506e-05,0.0022544698125583815,0.09613704591682752,0.006807953546979142,0.0011796919645684233,1.355623727615545e-07,0.00021667395083695856,0.00016183149002245507,0.0022265754939400895,0.0006634913059855577,1.6009114555386775e-05,0.8285384155555513,0.00019486558969922742,0.000614322042999893,9.835130900817631e-05,0.017439526858589002,1.1975739591657988e-05,5.3194378136784986e-05,0.002603483636987994,2.6881662284148396e-05,0.006425853760926164,7.5580668766141686e-06,0.033483765842416566
15,0.0002084680099695305,0.001058662632104303,7.304197687098942e-05,0.0012604878817759695,0.1263798875335825,0.010466866040446068,0.0010117183078311798,8.610975024824912e-08,0.00011097972159120765,0.00010428134150773369,0.0028215747493461436,0.0014303144082660473,2.6447801115438594e-05,0.807986931606041,0.00014439098353436156,0.0006545999138026984,7.845112961768719e-05,0.01545980983122879,2.4357998260257166e-05,4.0601172703337064e-05,0.0031248096555714436,1.85320690989661e-05,0.004669290956144867,3.2168480245501835e-06,0.02284219132181487
16,0.000143542668562413,0.0005293223701766926,3.7386069178909696e-05,0.0009062236698641935,0.06254993662536126,0.005723105728141981,0.0006847284780890055,3.95548627723067e-08,3.710520587004225e-05,0.00011417800542987419,0.0017755331881100908,0.0019842367240473996,1.3187795275621996e-05,0.8618858160853272,6.36598237942382e-05,0.0004481911412714243,5.922872473185716e-05,0.029744107298711776,1.1258555871074391e-05,3.7301003037236404e-05,0.005415567443392458,1.5192945615968957e-05,0.003068126464303435,1.914552689864626e-06,0.024751109878283068
17,0.00015321939943510276,0.000697801884123278,3.37630635291629e-05,0.0006679037244410242,0.06488242844428489,0.0038808494381251907,0.0005689188015410185,5.1641772767575096e-08,4.120679772118279e-05,4.592574709982204e-05,0.0016311749242355605,0.0028256080372220946,2.496535562744202e-05,0.8599143172237889,3.758649373967582e-05,0.000276408265262722,7.47676151165659e-05,0.031231617609371612,1.3197289806018145e-05,3.281069549824766e-05,0.002808115203232326,1.5454586952958247e-05,0.0038603942598622767,1.0747812156078148e-06,0.02628043871699477
18,0.00017958209764649323,0.0008711729297243527,2.0204095236859203e-05,0.00046036986145041623,0.0439817820661633,0.005162428342811154,0.0008531498045417048,4.9356667749472876e-08,8.593092222256258e-05,7.911032230058369e-05,0.001382413545334061,0.002196646118237585,1.8698374424315784e-05,0.859239913801789,5.161077104876273e-05,0.0003638248132078491,0.00010068115277691469,0.029226588578943693,1.3208800049516672e-05,3.4106737654723317e-05,0.0020714308774194374,2.3155850546708976e-05,0.004397874719352461,1.428724581836165e-06,0.04918463733586812
19,0.00017035175729320206,0.0010468775998998226,9.407260072359292e-05,0.001400722440295433,0.15562037383770314,0.008331481206218105,0.0009902941804964863,9.942667769975483e-08,9.350757977397854e-05,8.092000911960491e-05,0.002529168637098347,0.0017515138660948275,3.4777487213592695e-05,0.7874019888490136,0.0001121157363030689,0.0005412973306893672,7.445598616476708e-05,0.015699317147428556,2.4382976356565527e-05,4.003153732148701e-05,0.002778261185840389,1.873993802876566e-05,0.0033604624406845043,2.3927788971339424e-06,0.017802393464664022
20,0.00015823158773595354,0.0009325075749488327,9.362030291258977e-05,0.001523460048497968,0.14275777886900592,0.011952772965693527,0.0014447634799042686,1.174584645084449e-07,0.00010513937292437492,0.00011183805588952174,0.0036307285238325582,0.0009847921009022269,2.0768528590039515e-05,0.7898783798032851,0.0003869469819873348,0.0006373972669828211,6.872269468380072e-05,0.008666080857740156,3.416903651490102e-05,4.594659217560503e-05,0.0050106522302026625,3.112089451502747e-05,0.006906269306637779,4.272000262130353e-06,0.024613523465710652
21,0.0002042207220982196,0.0009553173460051563,5.025969473869666e-05,0.000977956663722608,0.12572110180841042,0.006208247439203343,0.0005536652131579422,4.535237751089258e-08,6.603219694366902e-05,0.00010440522159701861,0.002741545837540305,0.001905286156986561,2.0516010417757628e-05,0.8126871686989575,7.124087075476755e-05,0.0005134526849770323,5.2821120238501855e-05,0.020485989689126877,1.771547916443155e-05,3.1162270365218594e-05,0.003930559052354634,1.204258057717803e-05,0.0031391010571220133,2.4083664603604184e-06,0.01954773846670232
22,0.00023479606353759753,0.0007411983564183618,8.727596307377e-05,0.0016874763848364078,0.08816037661144982,0.009021744964261717,0.0006807239536266605,7.629345942379718e-08,7.10586758873894e-05,0.0001328331358870517,0.0036713995311399533,0.0017515075893171914,2.6171862606296353e-05,0.8470749267587965,0.00011104974660281138,0.0006975556561976314,0.00011103744924887034,0.02234900396549328,1.8649763580063352e-05,3.7695131954961664e-05,0.004218670319484118,1.84004194679218e-05,0.0036965936057374383,4.161520645061989e-06,0.015395616277289473
23,0.0002084680099695305,0.001058662632104303,7.304197687098942e-05,0.0012604878817759695,0.1263798875335825,0.010466866040446068,0.0010117183078311798,8.610975024824912e-08,0.00011097972159120765,0.00010428134150773369,0.0028215747493461436,0.0014303144082660473,2.6447801115438594e-05,0.807986931606041,0.00014439098353436156,0.0006545999138026984,7.845112961768719e-05,0.01545980983122879,2.4357998260257166e-05,4.0601172703337064e-05,0.0031248096555714436,1.85320690989661e-05,0.004669290956144867,3.2168480245501835e-06,0.02284219132181487
24,0.00011950116127429477,0.0007463296909304181,4.7951727515858255e-05,0.0011950669240271294,0.14115471410560615,0.0059730102573244395,0.0005932796130881887,5.1285770125282505e-08,6.471976902842131e-05,5.47448262300432e-05,0.002450489839089875,0.0015907732581860604,2.7556605308136966e-05,0.8114112447743725,6.804403855690254e-05,0.0005233461740116219,4.997482805773809e-05,0.01488135034955765,1.34457161501031e-05,2.6748887042333248e-05,0.002062130664168058,9.038158259174382e-06,0.0033168185596802627,1.812847472199496e-06,0.013617855939292062
25,0.00030657083995370104,0.0007840817129117171,0.00010547092791333714,0.002391515569850806,0.17223723412532546,0.006936486158297816,0.0011452781282852464,1.4753334897262635e-07,7.951670221166437e-05,0.00010536052212484865,0.004646076223272442,0.0019078938952453918,4.527507072295416e-05,0.7577727766763888,0.0001276831462077274,0.0009630250010066941,8.956911820288212e-05,0.024364684627050343,3.433620529842131e-05,4.4335930636481155e-05,0.004519641241123411,1.615836057383514e-05,0.005208879022964232,3.3990839507978227e-06,0.01616460417713208
26,0.00041684311639570565,0.0012918996757850458,8.66005948316618e-05,0.0022769012836999195,0.1502948803345315,0.013145024172581572,0.0012179991504731886,1.618415914289025e-07,0.00041866378152618995,0.00011635556865698827,0.0040151201878888595,0.0009519558194400274,3.257523812665077e-05,0.7632729482367961,0.00023687397836695407,0.000845813270288618,0.00013066667755501411,0.015161036284778625,2.1253080904755898e-05,5.553965707078719e-05,0.0022828479396252523,1.9241409714862332e-05,0.011177817054300519,1.10472641842812e-05,0.03251993438088532
27,0.00017272481066775845,0.0009838863615389782,5.630879989616828e-05,0.0010070530904220092,0.11853645093024792,0.010422437006918967,0.0013486109640133068,9.01728635286262e-08,0.00020841450607419625,0.0001402012470036661,0.0024184655973766658,0.0008612063570448806,1.8552111303023074e-05,0.8105094663934036,0.00023263439628734317,0.0006369895384930428,6.991190515697287e-05,0.010233784506740803,2.3874019579877737e-05,5.1551118948418574e-05,0.002361691507748775,2.9555691249704145e-05,0.0056747272015239625,4.588440004293539e-06,0.0339968233254922
28,0.0002084680099695305,0.001058662632104303,7.304197687098942e-05,0.0012604878817759695,0.1263798875335825,0.010466866040446068,0.0010117183078311798,8.610975024824912e-08,0.00011097972159120765,0.00010428134150773369,0.0028215747493461436,0.0014303144082660473,2.6447801115438594e-05,0.807986931606041,0.00014439098353436156,0.0006545999138026984,7.845112961768719e-05,0.01545980983122879,2.4357998260257166e-05,4.0601172703337064e-05,0.0031248096555714436,1.85320690989661e-05,0.004669290956144867,3.2168480245501835e-06,0.02284219132181487
29,0.0002084680099695305,0.001058662632104303,7.304197687098942e-05,0.0012604878817759695,0.1263798875335825,0.010466866040446068,0.0010117183078311798,8.610975024824912e-08,0.00011097972159120765,0.00010428134150773369,0.0028215747493461436,0.0014303144082660473,2.6447801115438594e-05,0.807986931606041,0.00014439098353436156,0.0006545999138026984,7.845112961768719e-05,0.01545980983122879,2.4357998260257166e-05,4.0601172703337064e-05,0.0031248096555714436,1.85320690989661e-05,0.004669290956144867,3.2168480245501835e-06,0.02284219132181487
30,0.0002084680099695305,0.001058662632104303,7.304197687098942e-05,0.0012604878817759695,0.1263798875335825,0.010466866040446068,0.0010117183078311798,8.610975024824912e-08,0.00011097972159120765,0.00010428134150773369,0.0028215747493461436,0.0014303144082660473,2.6447801115438594e-05,0.807986931606041,0.00014439098353436156,0.0006545999138026984,7.845112961768719e-05,0.01545980983122879,2.4357998260257166e-05,4.0601172703337064e-05,0.0031248096555714436,1.85320690989661e-05,0.004669290956144867,3.2168480245501835e-06,0.02284219132181487
31,0.0005019472845389531,0.0013008318980182372,0.00015005751575783484,0.001508169267814269,0.15766970634192945,0.008345293709000414,0.0011575923533206818,2.0475778567101103e-07,0.00011295614273576672,0.00012045161312865771,0.0023319925744458604,0.002257417055649537,4.329909354490127e-05,0.7474272657700335,0.00010260092133327965,0.0006337179971411356,9.848737452886716e-05,0.03521732763187123,4.4662501977795384e-05,7.074223504218837e-05,0.004143128607747762,2.3887988924388373e-05,0.004827057654761371,3.226580569874068e-06,0.03190797512839837
32,0.00021480324231872692,0.0011247619327580372,7.739978927429709e-05,0.0011665036277928933,0.13537008552117433,0.011085012756309956,0.0010857440971725786,9.89009160785561e-08,0.00010834913154932549,0.00010516632742553317,0.0028334990598222138,0.0015517621185860337,2.8911649035436633e-05,0.7978188899039932,0.00015523100680869435,0.0007031039594597357,7.735523207299612e-05,0.014973862449845379,3.2403921802451205e-05,4.5221723619751054e-05,0.0033018570885408843,2.088863993729967e-05,0.0049038635935448735,2.9053287456315236e-06,0.023212318997493805
33,0.00018239993222080635,0.0009782511293416082,6.115272449118703e-05,0.0011384668813404085,0.08250495777486294,0.009745209800922312,0.0009510368899645541,8.988597740837919e-08,9.2073616662354e-05,9.671939175587299e-05,0.0023728768282508654,0.002146211599228169,4.0513944406445384e-05,0.8552360476992821,7.660875168725414e-05,0.0007111950513386939,0.00012459871387774765,0.020472008567910822,2.2285415027683384e-05,3.728524685662455e-05,0.002205587751873578,2.0581915908154592e-05,0.0033072357505828354,2.0994626865701272e-06,0.017474505273542947
34,0.0005670112326379245,0.002128687741789055,0.00010123067781226781,0.0007436251465118921,0.21525044172656163,0.005319760930679176,0.0007164133781276192,9.719460612776416e-08,0.00020306562214625486,9.916897112686487e-05,0.005012557293120836,0.0011596989834129405,3.284839719029048e-05,0.7152699723128976,0.00016950523094727974,0.0003432430100193763,5.5348729658730015e-05,0.010921881413034597,7.418880176072358e-05,3.1611007007964914e-05,0.002433419428661906,2.723263821735454e-05,0.005287349268264283,5.1068364890894014e-06,0.03404653402731815
35,0.001286182338751591,0.0020727973554096587,0.0001120333420901198,0.0016068750864035664,0.1267110874216075,0.007248129051136888,0.0014557868051184857,2.8520005327147265e-07,0.00027151652853562506,0.0002491895867491294,0.002472661034508034,0.003925907498313563,5.6640126874895016e-05,0.7238919935622403,6.328382478181012e-05,0.0010949589145648007,0.00023052946375363287,0.07635738112261076,5.165162031346978e-05,5.9588007353096796e-05,0.003413794276084348,3.203109518395346e-05,0.0035783578310353264,4.006353043860149e-06,0.043753332553482197
36,0.0002109530375029474,0.0010584979913736783,7.484654939386721e-05,0.0012686792492901595,0.13061923057755304,0.010291066340003884,0.0009987207453289186,8.38102448645317e-08,0.00010833685859986921,0.00010409646197868315,0.002887719541214292,0.001387498930661693,2.584143618593639e-05,0.8040290922684142,0.00014707513048656368,0.0006369421006437106,7.418801851832079e-05,0.01529034063672856,2.4337209676463852e-05,4.01917543014193e-05,0.003213415014625247,1.7973621733245764e-05,0.004651305155145904,3.3030797137987976e-06,0.02283626448068046
37,0.00035752983606405315,0.0007357972858112698,9.386931439490577e-05,0.001638284901905647,0.10337939596386779,0.005642605239312029,0.0007020073404107299,6.517937750513278e-08,8.020367578310034e-05,0.00010473630275084173,0.0039051318857278544,0.0013784420845373237,2.4092722891126132e-05,0.8233283864971247,0.00010505254225342715,0.000473844787564934,7.357053966583303e-05,0.029329008280147714,1.5712087841152112e-05,3.626339721853184e-05,0.0029586349332792698,1.378063287275783e-05,0.0037418423168447935,6.858171465470922e-06,0.021874884080887363
38,0.00017549194846383734,0.0011233718321255,8.596606233698152e-05,0.001523766367616097,0.11235198589285023,0.03325308452966339,0.0017161176800053364,1.350070322737687e-07,7.52600524815906e-05,0.00011915015099080955,0.0035604199960275105,0.0021117114914329287,4.207715545380239e-05,0.7973957847544265,0.000258974852272149,0.0017439417428342238,0.00011422539057460793,0.014034498068324389,5.21577920222015e-05,6.392383102748183e-05,0.005646235350077359,2.0171027125661184e-05,0.007738674664918211,2.641204003542804e-06,0.016790233155913364
39,0.0002197106808260817,0.0010309466269229715,8.195511421504333e-05,0.0016605010086101894,0.12265462263408734,0.01767025616681032,0.0018195927873414486,1.8311302101164162e-07,0.00010488612893468655,0.00012174240830438484,0.002354281030898128,0.002020430175736752,3.1155456332472124e-05,0.7798459160063049,0.00022182997774925755,0.0010961505192390373,0.00011226853421806024,0.019576287151292115,3.886507578639818e-05,7.353271593794131e-05,0.006416786846130214,2.7146095685967597e-05,0.008979646176351672,2.6701560282709557e-06,0.03383863741323521
40,9.317227971447917e-05,0.0014477771636073875,9.278429670171288e-05,0.0004269769467247742,0.16546299192976716,0.008442941658923975,0.00047790310691645356,2.807658026830317e-08,3.7491266559961e-05,4.6188625074123435e-05,0.001978658678270192,0.0014440679307722304,1.4947624391218123e-05,0.7924261867588462,0.0001346531931174312,0.00019454037476568,2.6956320339628078e-05,0.007327706527311038,2.4351968682164346e-05,2.3051024465359883e-05,0.0023803583097312913,1.6615482070014044e-05,0.0016683111420192503,1.3347491069385014e-06,0.01581000456554113
41,0.0001571411325123198,0.003005700468437018,9.303649814595411e-05,0.0019493952821933056,0.3386711422992176,0.018432899554273855,0.0008221112745965283,8.607642686079578e-08,0.00048548931496543733,0.00010382330195989811,0.0023978987736598453,0.0007374449434568911,3.447821434592982e-05,0.6116012503078477,0.0001441969373576365,0.0008632410734967286,6.785764299789015e-05,0.004991900804237129,1.3489466131351744e-05,1.9020029740403344e-05,0.0012176523481925126,7.4103862083813005e-06,0.00264137312395953,3.5741114266535083e-06,0.01153838663421263
42,0.00032151159876976084,0.0016873808632782746,0.00022827104158683315,0.0014098439787528986,0.1737091851727891,0.01637532615180376,0.0015551353616076288,4.2467187726535254e-07,0.00012809964728337556,0.0002380016148986201,0.0030245528746455806,0.0027684618501566836,4.8956365103096495e-05,0.7519489363965137,0.0002928506931190686,0.0011682051419882327,0.00014715749401375072,0.012254554111387761,0.0001782423268983136,8.817796652245226e-05,0.008542074324144642,9.899126376591578e-05,0.0046805661604741216,2.790498432754099e-06,0.019102302430186263
43,0.00025560052018204916,0.000841031854128711,8.790134395258115e-05,0.001498940852757647,0.12882024708231374,0.015881080456465246,0.0014365049188888475,1.679062211996815e-07,0.00028622592552984594,0.00046923831943769827,0.002264316713706476,0.0006757818964064091,1.9390109756790715e-05,0.7965254648104839,0.0002376064215345994,0.0012426602661162068,7.620642442777439e-05,0.012015523936858969,3.7731154636497924e-05,0.0001098048621082251,0.004249368319649799,3.9915772746618206e-05,0.005620554490110358,7.063595878048791e-06,0.02730167204570183
44,0.0002084680099695305,0.001058662632104303,7.304197687098942e-05,0.0012604878817759695,0.1263798875335825,0.010466866040446068,0.0010117183078311798,8.610975024824912e-08,0.00011097972159120765,0.00010428134150773369,0.0028215747493461436,0.0014303144082660473,2.6447801115438594e-05,0.807986931606041,0.00014439098353436156,0.0006545999138026984,7.845112961768719e-05,0.01545980983122879,2.4357998260257166e-05,4.0601172703337064e-05,0.0031248096555714436,1.85320690989661e-05,0.004669290956144867,3.2168480245501835e-06,0.02284219132181487
45,0.00020796853289915506,0.0010591665437773966,7.124524942060472e-05,0.0012301846484914375,0.12490494557449498,0.010144625872640171,0.0009805403368409317,8.316094882327342e-08,0.0001093427226735354,0.00010236872970189593,0.0027990975140076897,0.0014450339933055208,2.622718634516295e-05,0.8097585950002776,0.00013823679860945192,0.0006332514693992179,7.777563953614468e-05,0.01562492855815791,2.3757844027751783e-05,3.972560840627991e-05,0.003089685753116125,1.826975185736727e-05,0.004601165856139313,3.1494155363645764e-06,0.022910628239388983
46,0.0004927064680084603,0.001218328165685802,0.00012616038943025256,0.004788082150662395,0.04685593247923608,0.036398575231888865,0.0011034409035043193,3.1096437539699504e-07,0.0001361556744670529,0.00014065017112954012,0.00574004710839059,0.004789038556648358,9.234458821472836e-05,0.8278691117328043,0.0001510882167820249,0.0023784597323828587,0.0009027741062428879,0.03970004939504911,2.6485395030497552e-05,5.4083772480610596e-05,0.005694659296048481,2.581541065386614e-05,0.00933889581677792,7.58458078770826e-06,0.011969219693317844
47,0.0006805933346127273,0.0029145736833892533,7.436714339890274e-05,0.0005016102454014048,0.08626291585826312,0.011109398661566941,0.0018556193997709088,1.9139994817565873e-07,0.00017811197129377943,0.00022241475501525487,0.0017737966732530007,0.005943443684244889,4.266669990991216e-05,0.7657871377780403,9.735870918560759e-05,0.0007702103706996834,0.00020613221398629,0.04527981700147842,0.00010160118615813588,7.462283816566993e-05,0.004198180107905861,8.195591391619276e-05,0.003347000167337863,2.032369621216355e-06,0.06849424783343654
48,0.0004918027091904346,0.004523878799211815,0.00018462157903619656,0.0025828496118839354,0.09779754860447586,0.09682419689736785,0.003039345381030781,6.671774825129134e-07,0.0002442827568643357,0.00013652124903282305,0.004358080360976494,0.005916486572189401,0.00019651114150326233,0.7299463360682281,0.00026951412983662127,0.002935703204506276,0.0007994417573792175,0.01838372388942643,0.00015635055712618585,6.975394376628713e-05,0.0054724935772092346,4.041964321937224e-05,0.009423192897616865,2.6151164370860246e-06,0.016203662375002387
49,0.0001371689551206805,0.0011076432695099748,9.10404257567419e-05,0.0008798198091350989,0.09822366130370254,0.012265002010354773,0.0008069936676944748,6.683398451919764e-08,6.014084569693536e-05,8.807373563410037e-05,0.0021556555131127357,0.002110954310984822,2.6799595784724407e-05,0.8429802552302313,0.00011471928198035586,0.0004573954357234184,8.037200093400263e-05,0.015137192579986428,2.4657254721230346e-05,4.2252574292489555e-05,0.003297991937647583,2.404440902540879e-05,0.0027049163604638223,2.042372188643927e-06,0.01718114028633307
50,0.00028449924338935697,0.000794416905980482,4.7995135162713016e-05,0.0005278029497681047,0.12395511064224561,0.003865905341307092,0.002887925504195956,1.2081651925052986e-07,0.00021394867704964084,0.0003633998519518015,0.0010693756095300638,0.0006142469543756558,1.2555925857633452e-05,0.7412053861074331,0.00015585033835690602,0.0005281360702524154,3.3472057344991874e-05,0.019540326196351213,4.4482837647547976e-05,8.293550457210556e-05,0.0023390959635845986,5.327029188578085e-05,0.003095305186758964,2.8714406853131708e-06,0.09828156444779357
51,0.00022391924280749535,0.0020995232160451387,0.00014752670614105037,0.003085634029455553,0.18977093589423205,0.0073713512146581705,0.0005005496842286223,6.802310354195676e-08,0.00019657710771613186,0.00011126663036435731,0.0039815907403106384,0.001233546739714786,3.947147259645203e-05,0.7700014415102897,7.749351703653713e-05,0.00041853750102631714,0.00011443420932617297,0.010128636229489436,9.296983345748847e-06,1.0787855690770441e-05,0.0019639489145258453,1.1007583420439465e-05,0.001229044207311059,5.153124599590631e-06,0.007268257662564377
52,0.0002208178765960809,0.000902742437039647,7.540599103194519e-05,0.0014139768238298413,0.11844398516374616,0.010229815582536926,0.000973571686605009,8.584999978348728e-08,0.00010960378151529345,0.00011635335312035533,0.00302389166875364,0.0013456384544230683,2.7025056407772858e-05,0.8164970079295532,0.0001370014202373821,0.0007264844395550668,8.091142590544604e-05,0.017319379837255473,2.2171353786018187e-05,4.321442024023434e-05,0.002958735075556358,1.748303707536425e-05,0.0045394247521066845,3.8349959427337055e-06,0.020771437587180724
53,0.00011505107021931305,0.0005359537173441966,3.070204218120153e-05,0.001514259667277207,0.10611479067491358,0.011280909736555066,0.0036242159448824033,1.1897035443680353e-07,0.00021124570763953737,0.00011342740973225428,0.002015161958646318,0.0006435617940728744,1.8728824618114167e-05,0.798951103996916,0.00030604658838546706,0.0011195003314187668,6.27138128942825e-05,0.012796733847740905,1.641157169685394e-05,6.779430354869757e-05,0.002133588401361474,1.9099176421906856e-05,0.010933997494053285,3.7110721898637675e-06,0.04737117188493593
54,0.00020530115235692365,0.0015954591768060722,4.425321533305914e-05,0.000732793947719913,0.11558973052762886,0.009796501273771479,0.001130639214454666,6.710190395841367e-08,0.00013426862550604038,0.00010967991499070732,0.0019682952846583096,0.0018541774469453616,2.299322720143092e-05,0.8106746614807739,0.0001112255206354824,0.0006399910600893586,7.655029004652763e-05,0.016452356571402885,2.4468065836578217e-05,3.251033692271284e-05,0.0025068344146970552,1.9826633378684146e-05,0.003578919769870515,2.054320059415623e-06,0.032696441427010094
55,0.00017867560172046696,0.0006266034112144904,0.00012448772340953814,0.00196745855700003,0.10908747374791479,0.01843788801363154,0.0010084754518818995,1.3674100968299633e-07,9.823602773958764e-05,0.00015693271548799557,0.0037717597935800146,0.0006618495930819185,2.532218490933662e-05,0.8280932232255308,0.00030558935687842887,0.0008923477254344913,8.120198540472194e-05,0.008658362016819387,3.3679724559431016e-05,6.538093185473856e-05,0.004241483681510761,2.584742079879022e-05,0.007448233909251163,5.928541162045048e-06,0.014003421918214043
56,0.00020178163787018988,0.0011183801953062358,7.369220984290648e-05,0.0012438506955923998,0.12602131357588892,0.010000009055388236,0.0009907027020500912,8.451412750631385e-08,0.00010774988976885224,9.640718038156464e-05,0.002913586386674556,0.0015465843947103783,3.0441191931767312e-05,0.8105097282887759,0.0001311330024121462,0.0006274326938164224,8.117707825068802e-05,0.015686442721786067,2.4089140852888875e-05,3.806553732584422e-05,0.002832122666218393,1.7834122914109594e-05,0.004260049799446881,3.008390520743822e-06,0.02144433292814642
57,0.000215614230005672,0.0014292137410320239,0.0001056486105193326,0.0007686639643373662,0.15911384196409062,0.010939187268965221,0.0009659321262181303,1.284535416953934e-07,6.596151312341157e-05,9.324673066327551e-05,0.002439935510644607,0.00355357147360738,3.613637326881483e-05,0.771241234001227,0.00013113444638024772,0.0006434668822499279,8.278892223038057e-05,0.016678991008420227,8.035173790353994e-05,5.712860516087811e-05,0.005369665271128139,3.713478188232379e-05,0.003931221206331182,1.40560037999091e-06,0.022018395576688703
58,0.00022066607124275617,0.00100540918549044,8.259067532859198e-05,0.0013933514057379189,0.12077663113251141,0.010576278659965297,0.0009982367916424478,8.598412633120135e-08,0.0001223061976235754,0.00011647592152742151,0.003258048363412338,0.001250636247576063,2.5632962142614157e-05,0.814299534364443,0.00017400400792515463,0.0006597152721845508,8.061176387458669e-05,0.014717718666970317,2.3285926761072298e-05,4.184899868477026e-05,0.0030153800145735392,1.9940119455456827e-05,0.004719566320244077,4.7169800582015026e-06,0.022417327966498004
59,0.00021585395912374783,0.0009477533515537904,8.803298316594007e-05,0.0014794332326763372,0.12337055726352285,0.010113134871591718,0.0009618991783871223,8.556677904050716e-08,0.00012217731510924193,0.0001218344367575177,0.0033138019339714786,0.0011324110311743665,2.3426615752161105e-05,0.8134906508934717,0.00018704401907687426,0.0006415951607890286,7.686019273173132e-05,0.014091301427971707,2.181692780130852e-05,4.181380573307861e-05,0.003109261126898369,1.9934985776399134e-05,0.004641310765043198,5.281905269601635e-06,0.021782727049871844
60,0.0002084680099695305,0.001058662632104303,7.304197687098942e-05,0.0012604878817759695,0.1263798875335825,0.010466866040446068,0.0010117183078311798,8.610975024824912e-08,0.00011097972159120765,0.00010428134150773369,0.0028215747493461436,0.0014303144082660473,2.6447801115438594e-05,0.807986931606041,0.00014439098353436156,0.0006545999138026984,7.845112961768719e-05,0.01545980983122879,2.4357998260257166e-05,4.0601172703337064e-05,0.0031248096555714436,1.85320690989661e-05,0.004669290956144867,3.2168480245501835e-06,0.02284219132181487
61,0.0002305115601277408,0.0009646552989458403,9.725713345186891e-05,0.0015651637070090722,0.1272366947480591,0.01060425806630213,0.0009412335137286102,9.40352657275986e-08,0.00011372591102720272,0.00011935671894611938,0.0032825475464805095,0.001220959019450711,2.553783452552378e-05,0.8089275856813971,0.000175544257753882,0.0006566540619062844,8.062060277098974e-05,0.01517187537141225,2.3339800621048805e-05,4.32221871464064e-05,0.003303730296185572,1.957794465577773e-05,0.004622492306955719,4.883587122844508e-06,0.020568478808752164
62,0.0002084680099695305,0.001058662632104303,7.304197687098942e-05,0.0012604878817759695,0.1263798875335825,0.010466866040446068,0.0010117183078311798,8.610975024824912e-08,0.00011097972159120765,0.00010428134150773369,0.0028215747493461436,0.0014303144082660473,2.6447801115438594e-05,0.807986931606041,0.00014439098353436156,0.0006545999138026984,7.845112961768719e-05,0.01545980983122879,2.4357998260257166e-05,4.0601172703337064e-05,0.0031248096555714436,1.85320690989661e-05,0.004669290956144867,3.2168480245501835e-06,0.02284219132181487
63,0.00021327032579259282,0.0011741090991672393,7.301213807942933e-05,0.001205305954674952,0.1290458358370942,0.010487099285946575,0.001017046484003834,8.436432246853687e-08,0.0001160397883096992,0.00010355077742824606,0.002814282668774331,0.001472744189113138,2.67772961764338e-05,0.8050941804947869,0.00014385134010183923,0.0006299409973004124,7.93382009063004e-05,0.015181055721564068,2.4737277085050004e-05,3.84113234766563e-05,0.003059301173161464,1.8794072736203467e-05,0.004459940168292606,3.142298093115882e-06,0.023518148723612277
64,0.00021622107169250645,0.0011382072324046216,8.989036919428766e-05,0.0014519571572459758,0.14850887235079155,0.011160760066961968,0.0010734403093939267,9.991670336056902e-08,9.948724196284447e-05,0.00011325048274150736,0.003056428895151941,0.0015037191996367394,2.5548691031493126e-05,0.7827850795250235,0.00017664370994820099,0.0006479965618111559,7.321666265223511e-05,0.01469933566847405,2.9316255837391652e-05,4.420325043305969e-05,0.004873929398882196,2.005258893978204e-05,0.005168527217999432,3.3197310473131754e-06,0.023040496444039004
65,9.559955419868554e-05,0.0011701376116668462,0.00019701953258118116,0.0022410444867900217,0.1761992960870919,0.033333938614301076,0.0011905528189044294,9.608353055547162e-08,7.14902184524812e-05,8.42869283000412e-05,0.004790156143889467,0.0007230121543516756,2.353805379645464e-05,0.7497882005231734,0.0007485363187331484,0.0006926107789913149,6.2296522102597e-05,0.004039688882817846,3.010354244633358e-05,3.8827322902793065e-05,0.006281954348236239,1.8486385915932656e-05,0.006684147638976167,5.214938553907128e-06,0.01148976450929548
66,0.00016073998736589683,0.0007574326303857961,7.092035673625395e-05,0.001302138108231284,0.1318775752141593,0.006524780332548273,0.0006148920859443903,5.062546282777478e-08,6.813671815363014e-05,0.00010702125330859825,0.002907406332417895,0.001331231035749244,2.1642215464184394e-05,0.8169615587435184,9.122417885743443e-05,0.0005572034359378967,5.585112223510054e-05,0.01593717481514133,1.5054773275021062e-05,2.8959216226982108e-05,0.003015549580939747,1.3351663696121305e-05,0.002659174624819861,2.9389777299287138e-06,0.014917991971694545
67,0.00011064377605469236,0.0006804267363733595,4.5555361178282594e-05,0.0008825093131482953,0.06488803422596412,0.013398753697615708,0.0008248048443404574,4.8710526097746325e-08,6.000285988778689e-05,7.461796417252525e-05,0.0023962850860997286,0.001291486301179752,1.9871177781738848e-05,0.8719270341498476,0.0001357744284251352,0.0005065192731810438,7.178432640285524e-05,0.013264417476828407,1.5203666195056563e-05,4.561767586706343e-05,0.0030392859767233195,1.6019579191580785e-05,0.005625562534079562,2.758690967619538e-06,0.02067698216796837
68,0.00019395685301727692,0.0009138724609319144,6.881533148523986e-05,0.0013250136372003492,0.11071896094424506,0.009883275189065545,0.0010115317216709565,8.515534435725622e-08,9.620162410103384e-05,9.471922852142976e-05,0.002624330692691501,0.0015527475422512933,2.9319060047185145e-05,0.8225743694472866,0.00011436634764634847,0.0006419807848796217,8.224925266177059e-05,0.018470567312080917,2.1216356120444608e-05,4.208215592694843e-05,0.003032825802763886,1.6340212416716276e-05,0.004629547794069804,2.818094625838659e-06,0.021858806998947995
69,9.853483867025217e-05,0.0005489263445394028,6.377088784621501e-05,0.0004925839269409001,0.02877233960387837,0.02998744104002909,0.0006928904926184455,6.190216574336445e-08,1.4457940377247384e-05,5.990799467817902e-05,0.0032858139017739292,0.003216081994978781,3.926946843737486e-05,0.8893301510231316,0.00012252594952026955,0.00042916737799503896,0.00010373826180956463,0.01407256772777479,6.719039968964297e-05,0.00012297989815203964,0.00866190457699136,3.13467806482661e-05,0.008473216030138642,1.5677899460615607e-06,0.011311563847268623
70,0.00023206326121377556,0.001161513751533195,7.670983808226929e-05,0.0011786495796938215,0.13117194436280294,0.010037248858195846,0.0010237437631914197,8.603321724244057e-08,0.0001081443304078294,0.00010532649547429195,0.002971694118894622,0.00149342626473495,2.605246672639142e-05,0.8011198007916129,0.00015208183353839102,0.0006096865673076036,7.673496389067195e-05,0.01565887787416872,2.7855148039629258e-05,3.928464522407811e-05,0.003373277278870605,2.00604437345216e-05,0.00461068247641266,3.2137830363666987e-06,0.024721841069995133
71,0.00027489743262252403,0.0008780770090586501,1.941411732468614e-05,0.0010578837443804905,0.16472801532093886,0.003938064359171924,0.0008913539167150388,7.707996643656308e-08,0.00022895859246463378,0.00011544245732429436,0.0023599642218073633,0.001727679530015007,2.199757957940264e-05,0.7517577608683211,6.649652189972998e-05,0.0010523621261791353,6.554432963314273e-05,0.024900502722769544,1.5379349669578736e-05,3.8245406913239944e-05,0.0021002924716554644,1.2086708831818075e-05,0.006446716517286101,2.6893063759929028e-06,0.037300098309095926
72,0.0002537970495650072,0.001113187034575294,8.687567316193282e-05,0.0026094989935268437,0.1646391325134594,0.017784905095724318,0.0014907003474797479,1.19955593146974e-07,0.00017016447356138465,0.00014593854214703925,0.0036747893337480673,0.0013420650040018973,3.899350025528959e-05,0.7599711424061082,0.0001652903868465652,0.0013844814469889965,9.674044964152189e-05,0.018588020765256143,2.085844587765194e-05,5.109603485829447e-05,0.0033815354450336967,1.1192742147974949e-05,0.005365714162440964,5.331516368509195e-06,0.017608428681632007
