,0,1,2,3,4,5,6,7,8,9,10,11,12,13,14,15,16,17,18,19,20,21,22,23,24
0,1.268741287165798e-05,1.074595194890762e-05,1.5180783935226911e-06,8.004410847850885e-09,0.7436218273427239,6.0534312801203566e-05,8.540138991072613e-05,5.5309166101701415e-08,0.1464161256665578,1.1127123843326529e-10,4.488668777261696e-05,2.4053642141627337e-08,1.2426293558984601e-08,1.4927558964642324e-07,0.10908856284417785,0.0003144960198485848,4.6905314299071985e-07,4.679961349519189e-07,2.6617331869310607e-07,9.269616362754057e-08,2.2754329133987164e-08,5.0769580673453075e-08,2.915431969408149e-09,1.4438463582772608e-08,0.00034157831605394976
1,2.7304438584032293e-05,1.667877813738937e-05,3.3934034122072525e-06,1.2382218140314448e-08,0.695233505222744,6.92500269620378e-05,0.00014540340083805302,6.582639298985831e-08,0.18867206968947867,2.714855016476538e-10,3.652734512988282e-05,3.458926600105989e-08,1.2966499461419575e-08,1.660318522767709e-07,0.11482407545111072,0.00044171337244591476,3.1509510387530403e-07,7.854510517953675e-07,2.7935616946087593e-07,1.0583722269550379e-07,2.4109457496178412e-08,4.944726423125482e-08,3.295447667043774e-09,2.008586895014002e-08,0.0005282041258564853
2,3.542729519757911e-05,2.1217845545255357e-05,4.925258605838059e-06,4.670701268843904e-08,0.7098766480015062,0.00012062147463738825,0.00017058222711753093,7.897145229538847e-08,0.2150939436928746,3.2832553859745156e-10,0.00010299552312012293,6.279685530413768e-08,2.072240787665669e-08,3.558655791811836e-07,0.07348458561881986,0.00045047455371782026,9.027150973759822e-07,1.5656712555133584e-06,3.422728835202621e-07,1.3095919273435182e-07,5.4458956247126604e-08,1.158732205482296e-07,1.068779859509645e-08,6.317892978766995e-08,0.0006348272998907369
3,2.0999442005962796e-05,1.5242021824293812e-05,2.2540366712780657e-06,1.4281631539061603e-08,0.7959303641160629,5.361486325706743e-05,0.00013438488707722613,5.323735039387908e-08,0.11539407763564782,2.0779275004160727e-10,4.89900817648873e-05,3.1945652419629984e-08,1.0489912537662607e-08,2.4709643445670393e-07,0.08753567760879188,0.0002434522802253619,4.5462493836819897e-07,7.382099642029248e-07,1.7458233557979545e-07,1.0232181392636545e-07,2.2248570235332638e-08,5.20473927920435e-08,5.4146357466827515e-09,1.6814298209078165e-08,0.0006190195039482764
4,2.2055692873137626e-05,1.605788179835908e-05,2.343305608825371e-06,1.5373342693956804e-08,0.7907677900777204,5.539857515833743e-05,0.0001376032300784553,5.493062877180873e-08,0.12026978238765947,2.1980336307967353e-10,5.1461597845308924e-05,4.001000739412614e-08,1.3786270668602367e-08,2.787842284943658e-07,0.08774556256884876,0.0002418120054376337,5.474460215513971e-07,7.988177677759017e-07,1.958557353429306e-07,1.1267845882807989e-07,2.652442308545497e-08,6.109510264125311e-08,5.97136056352577e-09,1.845792815510474e-08,0.0006879627258920975
5,2.9439341715839155e-05,1.8359463548764997e-05,2.8412925962047952e-06,2.572899406657562e-08,0.7866309213779897,6.462892013634875e-05,0.00015454282756115713,5.673596590284029e-08,0.1311301126554875,3.140966266365624e-10,5.6105711219042e-05,4.435626623676643e-08,1.4199900804079687e-08,3.593827952743104e-07,0.08075796268490525,0.0002641942257160672,6.663232107538257e-07,1.3745956355921797e-06,1.7131885854230224e-07,1.3714052423134237e-07,3.138289674643038e-08,7.15429201552477e-08,7.81864588933541e-09,2.4291206452695622e-08,0.0008879063672067531
6,2.0999442005962796e-05,1.5242021824293812e-05,2.2540366712780657e-06,1.4281631539061603e-08,0.7959303641160629,5.361486325706743e-05,0.00013438488707722613,5.323735039387908e-08,0.11539407763564782,2.0779275004160727e-10,4.89900817648873e-05,3.1945652419629984e-08,1.0489912537662607e-08,2.4709643445670393e-07,0.08753567760879188,0.0002434522802253619,4.5462493836819897e-07,7.382099642029248e-07,1.7458233557979545e-07,1.0232181392636545e-07,2.2248570235332638e-08,5.20473927920435e-08,5.4146357466827515e-09,1.6814298209078165e-08,0.0006190195039482764
7,8.999076201498865e-05,1.8500579186084173e-05,8.822994298321982e-06,1.1461912302360159e-08,0.8410020422192369,7.604088135443675e-05,0.00021219904175301342,7.810728720171226e-08,0.11043777805242382,3.440652743047402e-10,5.589385712842198e-05,3.645458005578109e-08,1.8055975745796703e-08,2.0699452792928793e-07,0.0472517517802219,0.00017503869938229662,3.8293941959675686e-07,1.1076414694503432e-06,3.708245045693108e-07,9.73204381895464e-08,1.5648038779983137e-08,2.6789090371418122e-08,6.12816824785474e-09,3.720760657370553e-08,0.0006695452159152969
8,3.68519118152005e-05,2.723983170599893e-05,4.994438534449525e-06,2.5472913905802738e-08,0.8740985436558801,5.703362520458114e-05,0.0001955460258815661,5.75694228177721e-08,0.07912319519924824,4.2231796823546845e-10,5.2221222058994524e-05,3.948642552670984e-08,1.0260223759749607e-08,3.366620532874625e-07,0.04548876840040261,0.0001976063215668914,3.002987015083402e-07,5.525300529503094e-07,1.6216098850769434e-07,1.5423180388375185e-07,1.685398147914065e-08,2.6357575677402867e-08,1.4583870916933552e-08,3.096296927872621e-08,0.0007162715143998419
9,2.9071458682064857e-05,2.95469405920358e-05,5.578652798978366e-06,4.330062413298656e-08,0.7601308061049309,8.104983889770395e-05,0.00020574713980454388,5.725282818203451e-08,0.15792247250137054,5.597093367836776e-10,4.802709559775519e-05,5.973171631664906e-08,1.6436791603527667e-08,3.2300737425223263e-07,0.08025579184260084,0.00040667546836178973,4.1664595951644204e-07,8.637776714837844e-07,1.8029596299137738e-07,2.1775648875342139e-07,4.1184996490461504e-08,5.475200867152288e-08,1.2491544764795364e-08,4.0243204864743404e-08,0.0008829055194816195
10,2.0999442005962796e-05,1.5242021824293812e-05,2.2540366712780657e-06,1.4281631539061603e-08,0.7959303641160629,5.361486325706743e-05,0.00013438488707722613,5.323735039387908e-08,0.11539407763564782,2.0779275004160727e-10,4.89900817648873e-05,3.1945652419629984e-08,1.0489912537662607e-08,2.4709643445670393e-07,0.08753567760879188,0.0002434522802253619,4.5462493836819897e-07,7.382099642029248e-07,1.7458233557979545e-07,1.0232181392636545e-07,2.2248570235332638e-08,5.20473927920435e-08,5.4146357466827515e-09,1.6814298209078165e-08,0.0006190195039482764
11,2.14824080321078e-05,1.551681490683755e-05,2.3704915930075033e-06,1.5069480391376975e-08,0.7965973884288149,5.500542058545496e-05,0.00013825570358669764,5.602067611939671e-08,0.11650590964876363,2.2222940413092264e-10,5.0288490319257395e-05,3.670139304689063e-08,1.285022080963373e-08,2.616211823001762e-07,0.08571781613066091,0.0002483114190479266,5.028935668874027e-07,7.678768093505391e-07,1.880168600088955e-07,1.1371522146883559e-07,2.472592361737625e-08,5.5345516331093145e-08,5.861592355617645e-09,1.8312696694745687e-08,0.0006455958103203815
12,1.5139054488878933e-05,1.2968404564756363e-05,3.687655625504024e-07,7.378389158093567e-09,0.9568517164265798,3.668256852659391e-05,3.313753729977524e-05,5.176062984990448e-09,0.02749380829218856,2.1242091147850154e-10,8.87241989565696e-06,5.236200849314017e-09,5.9268527098447605e-09,6.004678328684409e-07,0.014017018991756038,3.821810654896252e-05,1.5764340810093897e-06,1.1278577756827192e-06,2.178165995575633e-08,1.0325699880181808e-07,1.48878835514328e-08,1.8566398492357995e-08,5.351334991273212e-09,2.9734400045374525e-09,0.001488573925256304
13,1.3586388917424665e-05,1.2528217774491151e-05,1.9892930048525893e-06,1.6994537152795998e-08,0.8109164246776996,3.8688074517755525e-05,0.00015955683029374623,7.783417806702035e-08,0.08933307088895526,1.2353403643877415e-10,0.00011285740612811166,5.0663869571664367e-08,9.993097387620281e-09,3.498509666231851e-07,0.09870468824791767,0.00019441466553187577,4.6309742515919083e-07,5.110132079269158e-07,1.6466959083061406e-07,8.98369300787925e-08,2.1940181643690242e-08,7.507301299950257e-08,8.749214092502061e-09,1.826804370557439e-08,0.0005103372014699477
14,2.1897661347463678e-05,1.4127969970916186e-05,2.5652851771713257e-06,1.4874020462008064e-08,0.7798078048513263,5.676027291603486e-05,0.00013507752072787398,5.418495647947839e-08,0.1259577188170496,1.9739749457381015e-10,4.9089344893168614e-05,3.453445817418706e-08,1.196962371645527e-08,2.3672164740601895e-07,0.09304036410274194,0.0002552587815563548,4.854289015544606e-07,7.791341021800503e-07,1.7407087342849468e-07,1.039266201298088e-07,2.43986337296718e-08,5.4722746035072046e-08,5.37658558460271e-09,1.7586004302874187e-08,0.000657338265722305
15,2.0999442005962796e-05,1.5242021824293812e-05,2.2540366712780657e-06,1.4281631539061603e-08,0.7959303641160629,5.361486325706743e-05,0.00013438488707722613,5.323735039387908e-08,0.11539407763564782,2.0779275004160727e-10,4.89900817648873e-05,3.1945652419629984e-08,1.0489912537662607e-08,2.4709643445670393e-07,0.08753567760879188,0.0002434522802253619,4.5462493836819897e-07,7.382099642029248e-07,1.7458233557979545e-07,1.0232181392636545e-07,2.2248570235332638e-08,5.20473927920435e-08,5.4146357466827515e-09,1.6814298209078165e-08,0.0006190195039482764
16,1.7849115628337357e-05,1.9073703727216974e-05,1.7293573584084107e-06,1.6473489789710146e-08,0.7543104320579606,3.8542279505739264e-05,0.0001980794024550173,6.5542152170186e-08,0.11666673904388943,3.647433071897565e-10,4.0328126413773733e-05,5.6850142285363066e-08,1.1894439220049455e-08,3.0608125986073404e-07,0.12754350241867785,0.00034012594197512446,5.424732633227543e-07,9.027741489061603e-07,2.0599920800323e-07,1.2890966857302305e-07,4.481838959857002e-08,1.1414341293379556e-07,6.159411546859404e-09,1.5016222797679287e-08,0.0008211810524562363
17,1.2394599524137307e-05,1.2279448359302727e-05,1.2123690603011687e-06,1.7460714851762764e-08,0.8733742633953624,3.0607770899611216e-05,0.00013019254018793378,5.009982620917537e-08,0.06324473900256823,1.8577988006279866e-10,5.348791147996809e-05,4.3905126006528105e-08,1.4032934647238521e-08,4.4524987966735596e-07,0.06218422386561819,0.00016512250857082507,9.601867255098232e-07,6.859382615837788e-07,1.0117944154660606e-07,1.4245734674655666e-07,2.8136276820332612e-08,8.216570288984586e-08,1.0710104516524969e-08,1.2084034800431273e-08,0.0007888827962132054
18,2.0762067817060506e-05,1.091909285923084e-05,1.2483139026152966e-06,1.0401402654174336e-08,0.8653160873057182,3.5168449299116534e-05,0.00011797417174150855,2.599256111501598e-08,0.06841189431469537,2.388190185196233e-10,2.4416458248915774e-05,2.8661428090011523e-08,1.3586051036172567e-08,3.394747198666399e-07,0.06449102518339202,0.00012826337926718443,1.0408028934469584e-06,1.3274530953323808e-06,7.930112388423336e-08,1.143233219159129e-07,2.9613710261638313e-08,6.09657199328953e-08,5.399573659953597e-09,7.831690228132296e-09,0.0014391572169482334
19,1.9097565921127126e-05,1.6872181054315312e-05,3.171170961504132e-06,2.1419159222077774e-08,0.7363238720706332,4.0887849572165456e-05,0.0002447077225078323,7.872640802322393e-08,0.13536449142130946,2.9070820135513315e-10,5.263413435106215e-05,7.232015452396404e-08,1.4481798626222685e-08,2.5754930620423393e-07,0.126783860392825,0.00037619906755844156,4.563165757568613e-07,7.631772293339582e-07,1.7642710047231459e-07,1.207282327676774e-07,3.7164301330981745e-08,9.775351397908676e-08,6.3597168376327005e-09,1.8722084362718888e-08,0.0007720849870163105
20,1.459976999380306e-05,1.2310798777315034e-05,2.3025198299058973e-06,1.6326367608280787e-08,0.634523634880246,3.999417947104313e-05,0.00017857855630564208,1.1026610822036805e-07,0.13208129116458067,1.744917316801638e-10,6.963478590450027e-05,5.079513689423102e-08,9.358732642639983e-09,2.294533781861049e-07,0.2321146226538805,0.0003727668439798442,4.2607011291642674e-07,7.354568457413292e-07,2.0118212806294947e-07,9.089096974192907e-08,2.6646435317203233e-08,1.290411359945423e-07,4.5512480866559085e-09,1.3461236052473456e-08,0.0005882201727035649
21,2.7910903170719144e-05,2.5591849978949417e-05,2.788297042274518e-06,2.553020393472742e-08,0.7158888196062343,6.426413642354135e-05,0.00017282667374591564,9.007342508082527e-08,0.18461751298153845,4.1526698324804926e-10,4.7376382882513585e-05,5.650622110234018e-08,1.3388764525217408e-08,4.3422793483589485e-07,0.0979666394822171,0.000573772593251272,3.6779672297732146e-07,1.1484828696298943e-06,2.3306078285466818e-07,1.506575321884638e-07,3.0760843762716296e-08,7.259037500007474e-08,4.735565746256315e-09,2.206104202901579e-08,0.0006098468059640488
22,3.5702324646171604e-05,1.297013441244523e-05,2.5935703466867136e-06,1.4186876855239537e-08,0.7863597251293144,7.32396589301224e-05,0.0001019579044466468,5.2762116219691955e-08,0.12632014420977336,2.2218317461870883e-10,5.287329600123289e-05,2.2612387681866885e-08,1.1191807825608213e-08,2.632873176945331e-07,0.08600820311455648,0.00019942512373285665,9.200826885133465e-07,1.904355183227907e-06,1.8456934123535754e-07,9.630020507650763e-08,2.5235659361911925e-08,6.953780253122806e-08,4.598704839708012e-09,1.661687395705828e-08,0.0008295799746917331
23,2.0999442005962796e-05,1.5242021824293812e-05,2.2540366712780657e-06,1.4281631539061603e-08,0.7959303641160629,5.361486325706743e-05,0.00013438488707722613,5.323735039387908e-08,0.11539407763564782,2.0779275004160727e-10,4.89900817648873e-05,3.1945652419629984e-08,1.0489912537662607e-08,2.4709643445670393e-07,0.08753567760879188,0.0002434522802253619,4.5462493836819897e-07,7.382099642029248e-07,1.7458233557979545e-07,1.0232181392636545e-07,2.2248570235332638e-08,5.20473927920435e-08,5.4146357466827515e-09,1.6814298209078165e-08,0.0006190195039482764
24,2.5836046409944604e-05,2.631501786515665e-05,1.984032466220493e-06,2.2400993311349225e-08,0.825538772051938,5.846986690082008e-05,0.00012826611517164008,5.974074376754769e-08,0.10933631830439731,3.4179306129472067e-10,5.000245387817572e-05,3.4879290998911405e-08,1.069084130542608e-08,4.327374337470917e-07,0.06393260648410493,0.0002714171203370351,5.496904291167604e-07,9.240382876406891e-07,1.9906520446801364e-07,1.5015109912356603e-07,2.2395880078813467e-08,5.6812255641292156e-08,7.577466066958524e-09,2.0849762124894408e-08,0.0006275211350501745
25,1.2727517580005692e-05,1.3973805660125624e-05,1.8941675789474217e-06,2.3110227873752704e-08,0.852950960731259,4.099509463588377e-05,0.00018684051299267107,1.6116694914464268e-07,0.0720909130229371,1.6698262053321506e-10,0.00015565105808192746,3.5839285354439086e-08,5.7024466036542875e-09,4.543376057078202e-07,0.07398096886376526,0.000295035171851012,3.421105644347791e-07,4.806253015861473e-07,1.802367281947326e-07,9.477613606581104e-08,1.5870737190958432e-08,6.515273556181181e-08,9.351330121299643e-09,2.0688282001698424e-08,0.00026815091834555014
26,5.701082232649464e-05,1.8257942431624993e-05,4.4981190610801215e-06,1.744372064746087e-08,0.7978506321136936,0.0001114206360009345,8.714438565610371e-05,3.177405228153467e-08,0.17279961147866296,2.305748242298051e-10,5.345680539326563e-05,2.8698781310122423e-08,2.3499350512567532e-08,1.9227367498251383e-07,0.02830741268817955,0.00014671191453103418,7.470075317078355e-07,1.3448327294374218e-06,3.235267746764109e-07,1.2624088886323594e-07,2.7798577028049397e-08,3.059606272989422e-08,8.596122768957438e-09,6.049418829174822e-08,0.0005608800810332092
27,1.904810369201851e-05,1.566985972060631e-05,2.1656114512506987e-06,1.6585643744031007e-08,0.7269335662856993,5.502278155416395e-05,0.00013819796281560055,6.903042348903797e-08,0.14227543583079932,1.9879338875705036e-10,6.1025350973185274e-05,3.855687401144369e-08,1.0516288085077725e-08,2.6175601292101193e-07,0.12959691877351,0.0003043986127093588,5.116753427472851e-07,8.211417589502408e-07,2.177795239722191e-07,1.0157930758750053e-07,2.5660785447436338e-08,8.803571083966104e-08,5.369323877598111e-09,1.792220736458217e-08,0.0005963650190789519
28,2.0999442005962796e-05,1.5242021824293812e-05,2.2540366712780657e-06,1.4281631539061603e-08,0.7959303641160629,5.361486325706743e-05,0.00013438488707722613,5.323735039387908e-08,0.11539407763564782,2.0779275004160727e-10,4.89900817648873e-05,3.1945652419629984e-08,1.0489912537662607e-08,2.4709643445670393e-07,0.08753567760879188,0.0002434522802253619,4.5462493836819897e-07,7.382099642029248e-07,1.7458233557979545e-07,1.0232181392636545e-07,2.2248570235332638e-08,5.20473927920435e-08,5.4146357466827515e-09,1.6814298209078165e-08,0.0006190195039482764
29,2.0999442005962796e-05,1.5242021824293812e-05,2.2540366712780657e-06,1.4281631539061603e-08,0.7959303641160629,5.361486325706743e-05,0.00013438488707722613,5.323735039387908e-08,0.11539407763564782,2.0779275004160727e-10,4.89900817648873e-05,3.1945652419629984e-08,1.0489912537662607e-08,2.4709643445670393e-07,0.08753567760879188,0.0002434522802253619,4.5462493836819897e-07,7.382099642029248e-07,1.7458233557979545e-07,1.0232181392636545e-07,2.2248570235332638e-08,5.20473927920435e-08,5.4146357466827515e-09,1.6814298209078165e-08,0.0006190195039482764
30,2.0999442005962796e-05,1.5242021824293812e-05,2.2540366712780657e-06,1.4281631539061603e-08,0.7959303641160629,5.361486325706743e-05,0.00013438488707722613,5.323735039387908e-08,0.11539407763564782,2.0779275004160727e-10,4.89900817648873e-05,3.1945652419629984e-08,1.0489912537662607e-08,2.4709643445670393e-07,0.08753567760879188,0.0002434522802253619,4.5462493836819897e-07,7.382099642029248e-07,1.7458233557979545e-07,1.0232181392636545e-07,2.2248570235332638e-08,5.20473927920435e-08,5.4146357466827515e-09,1.6814298209078165e-08,0.0006190195039482764
31,5.910065835664109e-05,2.1857406628648485e-05,4.838666220131824e-06,1.6190056251466254e-08,0.8265949352461076,5.1093873808279335e-05,0.00020639245691750628,1.1300501810359779e-07,0.10056557866764691,3.791985937265984e-10,5.1823251216860006e-05,3.7144869741563363e-08,1.1077629901483483e-08,2.915968615334517e-07,0.0715233296941381,0.00023483148260898195,4.29734803490556e-07,1.1695407243505102e-06,2.685002467125515e-07,1.1568955462470953e-07,1.8412574310522187e-08,4.6971163626912986e-08,6.138196026327912e-09,2.178326556720387e-08,0.000683672432187452
32,2.3184852275179247e-05,1.643754576272924e-05,2.3122356258746687e-06,1.3428926225808437e-08,0.78681921062225,5.6229345102268024e-05,0.00013555267803020194,5.7035614653242964e-08,0.1205599563443007,2.1585871902583787e-10,5.113577463813502e-05,3.3304714358174494e-08,1.097516103490386e-08,2.4355385300294215e-07,0.09148992257593482,0.0002457659547444368,4.612641126239516e-07,7.531376984858884e-07,2.2008227747296165e-07,1.002151410673456e-07,2.2720378670757055e-08,5.585320817332975e-08,5.344605856055466e-09,1.839881876338006e-08,0.0005982965409666631
33,1.5052056226912028e-05,1.6707243137419186e-05,1.6235946324068047e-06,2.374926793343335e-08,0.8620622413946896,6.869926495355852e-05,0.00012315234779686787,8.149575956610931e-08,0.08391695226487644,3.06741473047186e-10,7.784750794346011e-05,3.2859042539384675e-08,1.4814160125094953e-08,4.680382353270669e-07,0.05296099352080165,0.00032089906390246967,9.349113603048038e-07,7.600863034305275e-07,2.4163597807123733e-07,1.7033631551990205e-07,2.8918480079465447e-08,8.413446443500055e-08,1.2390431663507437e-08,2.7523727629266237e-08,0.00043295054077104224
34,9.814914781463503e-05,2.8080998644644137e-05,5.276134924667123e-06,5.092911643514676e-09,0.5522147705224261,8.536597509694333e-05,9.437218903718259e-05,6.243052914888866e-08,0.3472927399888102,1.1888670518978906e-10,5.6634700727425744e-05,4.054261189807585e-08,1.5294994815815102e-08,1.0150741344823243e-07,0.09959817832006265,0.00018091013767743992,3.0733961378160656e-07,9.789325664685067e-07,1.404736543076838e-06,4.179936738804043e-08,1.962312700144706e-08,5.252039291705092e-08,1.5927776644457522e-09,3.973704966241712e-08,0.00034245061599252777
35,0.00020454384670871945,2.342844506166581e-05,7.2042836042344545e-06,2.1226275363765085e-08,0.6317406659672316,4.71518412908033e-05,0.00027993199318880824,1.4397448659224994e-07,0.2885314944492306,4.957185914710999e-10,3.7297557643593356e-05,7.704190142529244e-08,1.745293268639052e-08,2.2719722278372094e-07,0.07773849679422412,0.00031547514708294436,6.163437249271767e-07,6.682219930195358e-06,3.9177278337619296e-07,8.639956034706542e-08,3.772921664847261e-08,1.0867733177856914e-07,2.4467819146615335e-09,3.0670905466053585e-08,0.001065866025960748
36,2.4201023276052565e-05,1.5734888499894266e-05,2.743837966246165e-06,1.5172613829063817e-08,0.7012210611457527,3.686005172545101e-05,0.0002106110312348114,1.33727138490656e-07,0.1410933622638536,2.1273760714344237e-10,5.6022543948557454e-05,7.851978572939798e-08,1.7615716121034433e-08,2.686753536274284e-07,0.15624837909859526,0.0004495743877712115,5.343829628781417e-07,7.492061665976683e-07,2.9815179681601154e-07,1.165921881936141e-07,2.5417694069307172e-08,1.1226820442670073e-07,4.1479262466011684e-09,1.5039200200538128e-08,0.0006390805978914514
37,7.088228014571835e-05,2.6236197469241138e-05,5.287110714464056e-06,2.556924131736372e-08,0.825148745700493,6.454774181793273e-05,0.00021200978662225085,5.7810386640391666e-08,0.13129870206144145,5.095128062216932e-10,5.559517381407757e-05,4.658476202677414e-08,1.5859004546280374e-08,2.804582515916665e-07,0.04208377988545434,0.00018897086864106172,5.767779115992254e-07,1.8157408742408912e-06,2.7531856714089943e-07,1.3786493246881745e-07,2.8464963874143867e-08,5.1332393471780426e-08,1.04097029219024e-08,4.877097159532994e-08,0.0008418717219100492
38,3.549135066273123e-05,1.4947949090477424e-05,3.666063084167727e-06,6.629564093337299e-09,0.7625673914096843,9.873131991767578e-05,0.00014556806007616133,4.0021318456201345e-08,0.13135605141538642,2.682988683141229e-10,3.423422469695499e-05,1.856633266989652e-08,7.995700128898287e-09,1.570567904129685e-07,0.10485945177571178,0.00026495506332733544,1.9936136512867556e-07,6.953394167150968e-07,2.669356487487811e-07,5.714719651939063e-08,1.3427832662369869e-08,2.4013542632233113e-08,2.6643817698147493e-09,1.668487878412804e-08,0.0006180052560944057
39,2.050631253498e-05,7.087364919960254e-06,4.813863817203438e-06,1.596165222169994e-08,0.7076638324307842,0.00014557729291787526,0.0001270823608095292,9.4160092175705e-08,0.15285877093448186,2.6460966492558434e-10,5.079815516803992e-05,3.042325740432141e-08,2.8147229725851422e-08,1.4793376422576088e-07,0.13790258365519148,0.0005916140335961199,1.00804910615545e-06,1.0899455399406467e-06,3.1003704538353865e-07,1.4777446693383075e-07,5.552347900290236e-08,7.721784370662375e-08,5.150415275691065e-09,2.7382414773793906e-08,0.0006242956248620013
40,2.2419409561140543e-05,1.5749890072424464e-05,3.206859074477522e-06,7.980487917929176e-09,0.7136944015907907,5.227411571023242e-05,0.0001422845887628081,3.9903595210144796e-08,0.13217663523971163,1.6335036345843605e-10,4.3053996607952105e-05,3.7284463431380444e-08,1.0116426157625692e-08,1.9854468429158432e-07,0.15284884004906032,0.00019256584346042074,3.1560496594596037e-07,5.534182275862065e-07,1.8791458530417258e-07,6.777522736246578e-08,1.9242502640175857e-08,5.478713528030727e-08,3.6903001497140408e-09,1.2325428782121989e-08,0.0008070596658076044
41,6.425493348823515e-05,0.00026886578671831747,8.84391611410308e-06,1.549237551793031e-06,0.6448335775087111,0.0008042929641025288,0.00073533251575525,1.5274874885265982e-06,0.15296148304345272,3.3039255933845315e-08,0.0015512817445944667,9.653502519611642e-07,6.281358315411651e-08,2.4930147555558643e-05,0.192280919726241,0.0011692144145887624,4.0591891293710276e-05,3.054177525442148e-05,1.0321664519435069e-05,2.160661718298696e-06,2.5586017890183776e-06,1.683786205897823e-05,1.3706102685139451e-06,8.863459324444603e-07,0.005187595957711561
42,1.856694788787116e-05,1.4090989758277817e-05,3.7698129700544775e-06,2.5530793794784076e-08,0.5312067173354339,9.062883909807131e-05,0.0001747090394607696,2.0848390745134549e-07,0.20216957752096892,3.648984493441603e-10,8.523632555417732e-05,7.960934015144314e-08,2.4494228385801333e-08,1.9727118526095757e-07,0.2646516834380033,0.0010970172615506464,7.842012815576796e-07,1.0121119041981712e-06,7.124511097438337e-07,1.8067796151494128e-07,5.977993957996314e-08,2.412635923785628e-07,6.539978177546943e-09,4.003670886396468e-08,0.0004844296724845506
43,1.6325871327827744e-05,1.5809209390758263e-05,2.1435214516837575e-06,1.903945502088461e-08,0.7572618406229584,0.00012307569194394168,0.00012444765792273812,7.373263195470415e-08,0.12474679375459849,8.362249727735502e-10,3.6841736165216855e-05,2.3443794427756716e-08,1.5415608375843823e-08,2.9644908038375186e-07,0.11636964623268241,0.0006030819219298048,9.869531377390987e-07,1.5424061652504976e-06,3.016234112429482e-07,2.3458589551175864e-07,6.877973242897452e-08,1.23542492571247e-07,8.022931779684242e-09,2.5421448227274792e-08,0.0006962735276187054
44,2.0999442005962796e-05,1.5242021824293812e-05,2.2540366712780657e-06,1.4281631539061603e-08,0.7959303641160629,5.361486325706743e-05,0.00013438488707722613,5.323735039387908e-08,0.11539407763564782,2.0779275004160727e-10,4.89900817648873e-05,3.1945652419629984e-08,1.0489912537662607e-08,2.4709643445670393e-07,0.08753567760879188,0.0002434522802253619,4.5462493836819897e-07,7.382099642029248e-07,1.7458233557979545e-07,1.0232181392636545e-07,2.2248570235332638e-08,5.20473927920435e-08,5.4146357466827515e-09,1.6814298209078165e-08,0.0006190195039482764
45,2.1192503095620803e-05,1.5503356718282294e-05,2.2134711742379187e-06,1.4268255188517591e-08,0.8008142842379513,5.3292495938596495e-05,0.00013219289488745415,5.1201927121381936e-08,0.11404540293886299,2.0966963630320598e-10,4.802707399271845e-05,3.171552326582406e-08,1.0540297549998488e-08,2.517165237604336e-07,0.08400248199035486,0.00023537489538107744,4.649994507621219e-07,7.442543478520372e-07,1.720639070012426e-07,1.0335196494741585e-07,2.2488456144871634e-08,5.15025138161292e-08,5.524227073446455e-09,1.6806900043763308e-08,0.0006280934976788394
46,1.7601906933255797e-05,1.3435587453564281e-05,2.612073446707106e-06,4.441342646105961e-08,0.7826421674361289,0.00013898701130678591,9.056781411649048e-05,9.088403347087022e-08,0.11383214694251911,2.8840218877385233e-10,0.00011366389601462805,5.1849378354740275e-08,4.335119829168003e-08,4.776169230582174e-07,0.10181801803075591,0.00039234032002175245,4.855760482505083e-06,1.5205525458442255e-06,3.6145926765610383e-07,3.001932820464775e-07,8.108466720202552e-08,2.458868806341796e-07,2.006475922233256e-08,4.2940945737637424e-08,0.0009303226351103886
47,3.701603231129003e-05,1.695115424047767e-05,3.1172825499509253e-06,1.318340746627306e-08,0.6897803517049205,4.753660438943127e-05,0.00018546222119821654,5.93683173896909e-08,0.19287023085826988,2.915689958566178e-10,2.962514864321345e-05,8.209541671417531e-08,2.8727026416989375e-08,1.954228152557041e-07,0.11560936701488182,0.0003915112716011553,7.204363896005851e-07,1.1622032388681835e-06,3.2485642064746965e-07,1.2680173255378954e-07,4.4104516829113596e-08,9.91094108761948e-08,3.9311306609682404e-09,1.9590092101543453e-08,0.0010259505855098907
48,3.156989328650147e-05,3.9938689180917226e-05,1.8326377406687615e-06,1.3829100862425309e-08,0.8303443306751908,0.00010311733852442705,0.00011041014581057604,6.535328678913284e-08,0.11336778897556386,3.745354611047318e-10,7.858690779343741e-05,2.610764171943646e-08,1.2248294652973642e-08,3.1516825638558524e-07,0.055333713694135735,0.00025519204045682594,7.134413709498267e-07,6.05594806244835e-07,1.0117151901353404e-06,1.1836950506141367e-07,2.128463835476498e-08,7.377013541025487e-08,9.565277006710928e-09,4.940899771877651e-08,0.00033048277127944927
49,2.4304749099857197e-05,1.6645394963819355e-05,3.499543104738837e-06,2.1934484558753643e-08,0.7531847438258342,6.685270280189516e-05,0.00015929561706169913,5.7758044944244425e-08,0.14167095048714137,2.6375719192603957e-10,5.7357331986513936e-05,4.900479128446201e-08,1.5353982630236506e-08,2.890764601678498e-07,0.1037081077493807,0.0002823431937200286,5.36001502918559e-07,9.18745314860329e-07,1.854261626972862e-07,1.2808327417131134e-07,3.1894062629059e-08,7.042744412504023e-08,7.82001831865827e-09,2.431267423210229e-08,0.0008235633029302892
50,2.136668183992054e-05,1.5638692126221338e-05,1.908182023272477e-06,8.908180433409677e-09,0.8788976593772564,2.6080701456182826e-05,0.00031293102136384967,7.642223835683513e-08,0.04151611516620682,4.847906134599173e-10,3.347746808642728e-05,3.4806537499164076e-08,7.718133722071337e-09,3.676874533708797e-07,0.07812367093246486,0.00020179648381287403,3.246978392123353e-07,6.136006184837291e-07,1.394402953253755e-07,9.741662940077096e-08,1.4385781455628972e-08,4.8602895359224256e-08,6.122059820266962e-09,8.40508421316029e-09,0.000847606594825931
51,6.0985660943038276e-05,0.00011909691088148128,3.2794937349051356e-06,6.724569089854734e-08,0.6100259236438479,5.389989067415849e-05,0.0002108127285076791,1.5562830241151185e-07,0.23050214113709938,5.431350695355741e-10,0.00010495071738358287,9.724033835357287e-08,6.264386164141664e-09,1.048899391668437e-06,0.15771029406005946,0.00027315037434870205,6.454516687647956e-07,2.0428350441203196e-06,4.984086892902753e-07,1.2711878988462895e-07,3.1826460827193375e-08,2.642210810198395e-07,8.915756336530644e-09,2.7813861093266598e-08,0.0009304429699237943
52,2.2236633634602797e-05,1.3999763306222883e-05,2.2384412875989865e-06,1.3400186845449888e-08,0.7835476166462148,6.0184775847148806e-05,0.00012423190664488366,5.12303059740705e-08,0.12204652675898199,2.0513226765314064e-10,4.8447362077026e-05,2.7672770091721828e-08,1.0008700238715213e-08,2.470462599238973e-07,0.09324836787399164,0.0002452868910769323,4.548934306966776e-07,8.797504075221718e-07,1.7011647420729356e-07,9.522116518483155e-08,2.077497376184652e-08,5.1205471288585775e-08,4.736609985730835e-09,1.6022789616728576e-08,0.0006388206622596364
53,7.836956663020294e-06,8.436500157569016e-06,1.6154339032222128e-06,1.216122726807981e-08,0.8305280195603587,2.4619811367368385e-05,0.0002818294911028628,6.703456172451117e-08,0.05965794422158833,1.9295328829292609e-10,5.898702429614339e-05,4.182041235549265e-08,7.109521570872613e-09,2.4208626864405975e-07,0.10861778669757713,0.00026485432853457457,2.4171020981447684e-07,3.902152526387187e-07,8.103285585276956e-08,8.498861826488139e-08,1.6618900759453538e-08,5.430553254607188e-08,5.999496438448782e-09,1.0174793687500478e-08,0.0005468145238463002
54,1.801239126564131e-05,1.1201741482064184e-05,2.5733220799263726e-06,1.88548451207804e-08,0.7949336752351123,6.350142368318744e-05,0.0001337179378268709,6.79532883935003e-08,0.13292809090342803,1.6990655188537653e-10,7.415448420531557e-05,3.476501127854388e-08,1.45262913164681e-08,2.147725309293108e-07,0.07111534976067015,0.0002790505783101848,6.056319421956145e-07,8.33441254119913e-07,2.0085027218186603e-07,1.1261348298610005e-07,3.1233062042603195e-08,6.126979476342386e-08,6.681205042176425e-09,2.7499855709774145e-08,0.0004384419591936415
55,3.0338289705318888e-05,1.664883104650597e-05,3.2436733907777823e-06,1.7170622500928847e-08,0.7064532204351751,5.762226212368279e-05,0.00016020128755131165,5.785296701581327e-08,0.1926936285035361,2.253826657974985e-10,4.571225449166413e-05,5.8136045397004875e-08,1.705542710182678e-08,2.1915808099074586e-07,0.09948002953851896,0.0003212570698050343,4.4198096406149623e-07,1.0591885180089642e-06,2.251529369511539e-07,1.0687697689948286e-07,3.1841956164912e-08,6.475269682051084e-08,4.3556178238775776e-09,2.354602193103355e-08,0.0007357705604414741
56,2.1763187337715532e-05,1.5512345500252492e-05,2.3929753892002223e-06,1.4822865111374455e-08,0.7939323451283515,5.518141959826615e-05,0.00014037207738706094,5.625290287837194e-08,0.1163651732920896,2.1950802769246921e-10,5.120965804037854e-05,3.7245092310090076e-08,1.273093625407293e-08,2.6168081145817127e-07,0.08851256715920533,0.0002449659357765143,5.005688307333524e-07,7.571754860475897e-07,1.933263762977096e-07,1.1037240806409665e-07,2.454033792886394e-08,5.649804500310581e-08,5.885681108322759e-09,1.8292459128855857e-08,0.0006564672095837333
57,2.134386461112247e-05,1.63824258618111e-05,2.3601076128478636e-06,1.526770696646758e-08,0.7614191873517828,4.549398138601559e-05,0.0001588032549675115,6.668320669810103e-08,0.13297241192338233,2.423878491391406e-10,4.344745020574299e-05,5.839558452433998e-08,1.9539110995934056e-08,2.467802062659154e-07,0.10427089485652512,0.0003245659676330491,6.244984517977243e-07,7.285730308567932e-07,2.433666466254455e-07,1.4397979772489612e-07,3.085904912741907e-08,8.051704651910045e-08,5.861931417063727e-09,1.8475441045906092e-08,0.0007228257764334197
58,2.602123310739633e-05,1.6865808155006537e-05,2.8428030079346404e-06,1.626878324899592e-08,0.7930188217040239,6.269849357079794e-05,0.00014636212630151827,5.562135348803825e-08,0.13182468306119388,2.2560169613350698e-10,5.846998451495853e-05,4.066551101487742e-08,1.387713602156045e-08,2.433126723415307e-07,0.07401090184946901,0.00024405271405061115,4.558962087133206e-07,7.72984986458402e-07,2.405930715970472e-07,1.0873908149931976e-07,2.5353744826098893e-08,5.135734023140433e-08,6.776933110856891e-09,2.697291322881793e-08,0.000586221577267649
59,2.4603609649129e-05,1.6346384706046976e-05,3.1643105022111646e-06,1.72238554367936e-08,0.7763738595994285,6.418941878201203e-05,0.00014932804652422442,5.761891929210723e-08,0.1398242881599272,2.251412507613892e-10,5.879709579009263e-05,3.951167013625723e-08,1.287810633631663e-08,2.2594325154085334e-07,0.0826436008546044,0.0002640908191352898,4.215161438434239e-07,7.537522861043379e-07,2.2403203087045318e-07,1.111970419513971e-07,2.6170469216044306e-08,5.161252446306267e-08,6.619027778362535e-09,2.6742666361061402e-08,0.0005757566578161736
60,2.0999442005962796e-05,1.5242021824293812e-05,2.2540366712780657e-06,1.4281631539061603e-08,0.7959303641160629,5.361486325706743e-05,0.00013438488707722613,5.323735039387908e-08,0.11539407763564782,2.0779275004160727e-10,4.89900817648873e-05,3.1945652419629984e-08,1.0489912537662607e-08,2.4709643445670393e-07,0.08753567760879188,0.0002434522802253619,4.5462493836819897e-07,7.382099642029248e-07,1.7458233557979545e-07,1.0232181392636545e-07,2.2248570235332638e-08,5.20473927920435e-08,5.4146357466827515e-09,1.6814298209078165e-08,0.0006190195039482764
61,2.492882376474595e-05,1.630069951688222e-05,3.066443884444168e-06,1.6457874932977417e-08,0.7797932531838435,6.149146539865471e-05,0.00015275768910391513,5.918798902378521e-08,0.13411338795442712,2.2943331790094087e-10,5.7599419212841444e-05,4.0375596735920284e-08,1.3239040641282227e-08,2.309403311240475e-07,0.08491900065082032,0.000256062896298667,4.3387674441749556e-07,7.759589314044837e-07,2.2520026923326573e-07,1.1056319750270273e-07,2.5958965748387328e-08,5.338656208300076e-08,6.465726342846204e-09,2.5294693775789933e-08,0.0006001336383724815
62,2.0999442005962796e-05,1.5242021824293812e-05,2.2540366712780657e-06,1.4281631539061603e-08,0.7959303641160629,5.361486325706743e-05,0.00013438488707722613,5.323735039387908e-08,0.11539407763564782,2.0779275004160727e-10,4.89900817648873e-05,3.1945652419629984e-08,1.0489912537662607e-08,2.4709643445670393e-07,0.08753567760879188,0.0002434522802253619,4.5462493836819897e-07,7.382099642029248e-07,1.7458233557979545e-07,1.0232181392636545e-07,2.2248570235332638e-08,5.20473927920435e-08,5.4146357466827515e-09,1.6814298209078165e-08,0.0006190195039482764
63,2.2263014343893495e-05,1.8969260994522433e-05,2.188698140236726e-06,1.4537134500018145e-08,0.7960973267103527,5.2812539126667594e-05,0.00013138415751964583,5.100649878057774e-08,0.11486529872456237,2.3042380859249421e-10,4.8034509477543366e-05,3.318639833091308e-08,1.0094040972800066e-08,2.689485644282874e-07,0.08788849686990977,0.00023023242800390185,4.607609318241541e-07,7.239638900682507e-07,1.9287856972457553e-07,1.0615702764446358e-07,2.285295009885512e-08,5.517301381509545e-08,5.765760259466197e-09,1.707672655596628e-08,0.0006410304556378052
64,1.9267076803941957e-05,1.587534199469572e-05,2.3037120679554094e-06,1.5904886217735973e-08,0.7829441615378089,5.793822410324434e-05,0.00013586956827017378,4.950898016899242e-08,0.12298140036039829,2.464445741430574e-10,4.4732068959924635e-05,3.72491486019617e-08,1.3126760199417619e-08,2.6288499449271096e-07,0.09283219042336728,0.00025915691764860567,5.464153307798288e-07,7.936813057225298e-07,1.788929445827483e-07,1.2218515092906663e-07,3.3534996426781323e-08,6.398351169226168e-08,6.2838985758734e-09,1.834525455287542e-08,0.0007049625249693755
65,1.1313111457763962e-05,2.635266466972179e-05,3.630283701364334e-06,5.2556948396971787e-08,0.8477393948134354,8.416518222484253e-05,0.0005466326031283049,2.282714667954259e-07,0.02905325530298943,3.070267399925311e-09,4.498550567032768e-05,3.572635057569748e-08,5.6174161439825955e-09,1.4246273360821077e-06,0.12039810586850827,0.0003187987817734122,6.588028627586875e-07,9.829817324839533e-07,1.3298382124836433e-07,3.0963970743574266e-07,6.577597736254634e-08,8.487616440177389e-08,3.270532436208039e-08,9.228065567504695e-09,0.0017693390190000966
66,2.0714252885853055e-05,1.9718612070754025e-05,2.052586294298183e-06,1.8978918920879997e-08,0.7443989159647425,4.554385961606983e-05,0.0001530220638267195,7.25372314662688e-08,0.12953275299638226,2.0422810293941571e-10,5.951186991053266e-05,4.474588824632591e-08,8.951509808922975e-09,3.363935569490396e-07,0.12480463524550679,0.00031008904341211884,4.369913183384658e-07,7.570161104430763e-07,1.8579400417114972e-07,9.911539828549232e-08,2.100766232241705e-08,8.176780538762285e-08,5.356369527577622e-09,1.533475859171824e-08,0.0006509593105915024
67,1.7259282543875275e-05,1.2468180035511693e-05,2.3257691646678226e-06,2.1405029064723175e-08,0.8302775187031602,8.469910209721989e-05,0.00010864449807902865,4.425084695863715e-08,0.10275235668202677,2.3628882247046515e-10,5.3708355460351185e-05,2.8432226179375163e-08,1.561024862428763e-08,3.4547182293735194e-07,0.06573745540796044,0.0002570087110993545,6.878336061933286e-07,8.33096978607599e-07,1.371977603932162e-07,1.4764265273538858e-07,2.8703022908123342e-08,4.666357553598114e-08,9.050396689312471e-09,2.216153690898197e-08,0.0006941875523798429
68,2.9421024848179458e-05,1.7651851308880873e-05,3.316670392307771e-06,2.027055707572872e-08,0.7736168834831507,6.173889238022631e-05,0.00014896042118734415,5.7746473771641e-08,0.14710101208133125,2.5095467989055006e-10,5.178566786316088e-05,4.1725657054914065e-08,1.3091787272757259e-08,2.683599396183492e-07,0.07800391044161384,0.00026979538822260546,5.08078510355873e-07,1.0014662907459999e-06,1.8967095876062903e-07,1.1716770263007604e-07,3.0381558585086246e-08,5.883122890179949e-08,6.525623179899208e-09,2.4168476173591135e-08,0.0006931863419826775
69,1.129409711670035e-05,1.6604714376400888e-05,3.1640276067035313e-06,3.2171690763496486e-08,0.8255941158952694,7.011585551540536e-05,0.0001839930745951159,8.53813561089654e-08,0.0962846825252919,2.2343025708812197e-10,0.00013890618983952092,4.3994113327409326e-08,9.55552376166376e-09,2.8348037006261417e-07,0.07707386527268759,0.00029977920843994685,3.028886289520105e-07,3.6948452175659597e-07,2.1876472794543843e-07,1.3731615118792204e-07,3.312400539757476e-08,5.055545688623567e-08,1.7667888187876663e-08,4.8613812807942735e-08,0.00032184591758406956
70,1.8924302733275345e-05,1.616340428887519e-05,1.972742964176506e-06,1.3283088639488923e-08,0.7996453055560131,5.762925607238789e-05,0.0001246058830641998,4.4637712096389186e-08,0.11709128892981382,1.961668920211318e-10,5.3613143254684695e-05,3.0197827171224816e-08,9.984240704922223e-09,2.2809835876787805e-07,0.08222318808580512,0.00021815640173210047,4.448212553249893e-07,6.507556145927742e-07,2.0838557369633494e-07,9.348378746345267e-08,2.442065233561745e-08,5.293909066584029e-08,6.0934100628038265e-09,2.015755007228661e-08,0.0005473248399296946
