,0,1,2,3,4,5,6,7,8,9,10,11,12,13,14,15,16,17,18,19,20,21,22,23,24
0,0.00022115415798685766,0.0018700402866007454,0.00010821626323293128,0.0008857354378545096,0.10263720515513725,0.03537982981358379,0.0014813205954426676,1.5742533238840572e-07,0.0002338303985785226,0.0002291898257955484,0.0019940048015784032,0.0019464941801943015,3.893496201269024e-05,0.807078834184618,0.00019694491650196363,0.0009607549350709846,0.00012074508432963062,0.01201418241359572,6.52464198872098e-05,0.00012603951437066693,0.0037614120269322663,4.476217711867483e-05,0.004719705578628971,4.437399851568971e-06,0.023880822045763767
1,0.00037387841230606387,0.0032548947362902353,0.00011422960056917141,0.0011989958880991947,0.2014086969581787,0.015857713605270128,0.0012321331254719424,1.4700306766509635e-07,0.0004544622788027669,0.00018860792766178892,0.002936687561550248,0.001864537442696121,4.6546480552593335e-05,0.7298296152942557,0.00014419950348993228,0.0008868435837472613,0.0001336910024278883,0.012362388734830042,4.679819177224095e-05,4.210977608208774e-05,0.0021277780196609867,3.002410484088299e-05,0.0030149240598086424,4.5208160190497816e-06,0.02244557589254864
2,0.00024904529909769267,0.0028061376914749873,0.00010237473711295717,0.0010774700627760282,0.13228538554571503,0.014027283024592914,0.0008338997956421702,7.980054509933078e-08,0.00015989418348845113,8.927486096386917e-05,0.0032020913845291882,0.0027043885383835433,4.4398082145760847e-05,0.8056456056095199,0.00010536728552127674,0.0004907901351564343,0.00014562236658081443,0.013808934325176447,2.7867858118773165e-05,2.5033093243022314e-05,0.0025644176780257005,2.2678408169889447e-05,0.002523942843305996,2.8353007092306345e-06,0.01705518209000488
3,0.0002400948699693791,0.002441281633907429,9.241977498801124e-05,0.0009208345570791618,0.14191982311430493,0.012230741790200915,0.0009015350556198662,8.55520487305926e-08,0.00019551165518492535,0.00010028080848476133,0.0026559797733814988,0.0020378485371814704,3.57689600946408e-05,0.796406034017623,0.00011652809206258053,0.00045007620849702346,0.00011208000307730868,0.01244934611219016,2.9482995789239373e-05,3.255286618087647e-05,0.0023198287851599704,2.6353177390674452e-05,0.0028514183893721106,2.9842690147516443e-06,0.021431109001196772
4,0.0002041673702865944,0.0024612720303161893,8.260885443732714e-05,0.000862906327174715,0.13112256605757538,0.010608496024835249,0.0007952687039115027,7.244931229049464e-08,0.00015997162674180596,7.972876105230452e-05,0.0027529167853160667,0.0023700626516706467,4.2552524159500975e-05,0.8121466276754247,8.896748675852086e-05,0.00038838243693951614,0.00011415530525232604,0.012645354452694307,2.5832699194990567e-05,2.7117123148569207e-05,0.002046308149162188,2.3093389550899073e-05,0.0024812458677929954,2.3780088267621755e-06,0.018467947238464875
5,0.00028625166212272146,0.0017021254347944564,8.659572763412436e-05,0.0011117859547045807,0.11608542850987466,0.009289525157482435,0.0008643723707108727,8.915198138075298e-08,0.00017945762343057477,0.00011061361094963465,0.0024344023979907346,0.0021347790630734643,3.4942045397324414e-05,0.8161217834681134,8.325346595574396e-05,0.0004666503096783731,0.00011963543090363999,0.020888056607967893,2.098308893940705e-05,3.94929024299926e-05,0.0022322153435225477,2.324269782310499e-05,0.0028342012658478886,3.6962967647236844e-06,0.02284642041190621
6,0.0002400948699693791,0.002441281633907429,9.241977498801124e-05,0.0009208345570791618,0.14191982311430493,0.012230741790200915,0.0009015350556198662,8.55520487305926e-08,0.00019551165518492535,0.00010028080848476133,0.0026559797733814988,0.0020378485371814704,3.57689600946408e-05,0.796406034017623,0.00011652809206258053,0.00045007620849702346,0.00011208000307730868,0.01244934611219016,2.9482995789239373e-05,3.255286618087647e-05,0.0023198287851599704,2.6353177390674452e-05,0.0028514183893721106,2.9842690147516443e-06,0.021431109001196772
7,0.0004320431004463,0.004576988071341475,0.00028269984244042197,0.0012959433022073075,0.20772993733508516,0.01397739720944357,0.0009687273462400465,1.2920114738320408e-07,0.0001638401480541356,9.501438987378206e-05,0.0047901741242653995,0.0029827237720488884,0.00010295731195570965,0.7292351320511946,0.00010531222489998718,0.00040753092845454195,0.00015232077146334517,0.014993851496201131,5.6384617742856835e-05,2.9603068475932557e-05,0.0024746946443680276,2.6347936188203464e-05,0.001744871584820972,3.6267830417222416e-06,0.01337174873859895
8,0.00018546293105759455,0.0013436286224992183,6.656390363827603e-05,0.000789540901135295,0.11832345032830197,0.005281018130815517,0.0006349633188193801,3.830900883388147e-08,0.0002614060517686264,0.00011969944756109168,0.0022362760373801573,0.0005522983251286293,1.026953824806459e-05,0.8240868397186141,0.000169906848112281,0.00020742256545369783,4.594669965068671e-05,0.007968822682019774,9.76034323985554e-06,2.3736339039282368e-05,0.0014302219331056376,2.4054201919303608e-05,0.002521763136023608,8.70080973061847e-06,0.03369820887772863
9,0.00021885206082719705,0.0013090031732727694,0.000123991321812603,0.0012800440419304133,0.11774380659338861,0.00991684885820853,0.0005418378050076802,8.177169956177179e-08,0.0002276348935794288,0.0001473110095528429,0.0028692314255427506,0.0009401784600159789,2.5195302466766296e-05,0.8340153583119346,0.0001343941363579573,0.0003991256726814714,9.089308602601312e-05,0.00951536177138913,1.8776144854036807e-05,4.112100878231729e-05,0.0020191384170400446,2.7084810938917773e-05,0.0029342392474791743,7.861824222920356e-06,0.015452628850988307
10,0.0002400948699693791,0.002441281633907429,9.241977498801124e-05,0.0009208345570791618,0.14191982311430493,0.012230741790200915,0.0009015350556198662,8.55520487305926e-08,0.00019551165518492535,0.00010028080848476133,0.0026559797733814988,0.0020378485371814704,3.57689600946408e-05,0.796406034017623,0.00011652809206258053,0.00045007620849702346,0.00011208000307730868,0.01244934611219016,2.9482995789239373e-05,3.255286618087647e-05,0.0023198287851599704,2.6353177390674452e-05,0.0028514183893721106,2.9842690147516443e-06,0.021431109001196772
11,0.00024264158201874595,0.002612655170403808,9.702676189793495e-05,0.0009729010542206027,0.14192030867585026,0.01284004911122404,0.0009362725685991555,9.469520967978541e-08,0.00019252475846245445,9.619353782824935e-05,0.0027424900244919594,0.002334997710176397,4.3660076992499594e-05,0.7959060403170707,0.00010942066902455068,0.000480468983027792,0.0001258047690708881,0.013094399385198035,3.170252083281185e-05,3.2710389520381726e-05,0.0022833580165835853,2.6085364723119973e-05,0.002805636204694516,2.7889317381871268e-06,0.020069768721139636
12,0.00042231428727730565,0.002831051699810225,0.000164114222087836,0.001507602972950467,0.1361244602174564,0.01732217540472076,0.001207073161627617,1.848794277841677e-07,0.0003039276348476794,0.00019336791075820757,0.003892947815965257,0.002174192211306505,5.361282092793428e-05,0.7926345669061232,0.00017950593091456757,0.0007916525318064063,0.00021321686649053304,0.013546275609432971,5.602942974233623e-05,4.189266722012506e-05,0.0031933711797304675,4.746264173438431e-05,0.0033471229365555186,5.813125465776089e-06,0.01974606493561982
13,0.00011853289758486126,0.0018269654219163966,6.39396737285491e-05,0.0008589386804108484,0.13129286839412774,0.005576080378755692,0.00028429856708719057,2.1986590464711953e-08,6.0956424646915434e-05,2.5802778591762556e-05,0.008634148390791109,0.002085997162252951,4.0462396651651506e-05,0.8304120142711521,9.057389948844236e-05,0.00019146463182990594,8.084117856613292e-05,0.006584282745240303,1.4409401380802405e-05,8.172268138645557e-06,0.0017765347550515612,1.0281989903933457e-05,0.002456826776344239,2.402406019299158e-06,0.007503182523748603
14,0.0002598383649671664,0.0012607957672916379,0.00010092850705651222,0.0016374729604787092,0.10944599263169065,0.008093677408159049,0.0010553838406685279,1.342970097183485e-07,0.0003787526168953632,0.0001552262840822075,0.0021230083570133776,0.0009691979492960101,2.2064210998615438e-05,0.8223045214848119,0.00015736148920620442,0.000426160024124964,0.000140835139096299,0.01410988292383074,1.4842051104527703e-05,4.270534487341606e-05,0.0019553795573321385,3.818775660572075e-05,0.003924825221208813,6.927975674573136e-06,0.03137589783652313
15,0.0002400948699693791,0.002441281633907429,9.241977498801124e-05,0.0009208345570791618,0.14191982311430493,0.012230741790200915,0.0009015350556198662,8.55520487305926e-08,0.00019551165518492535,0.00010028080848476133,0.0026559797733814988,0.0020378485371814704,3.57689600946408e-05,0.796406034017623,0.00011652809206258053,0.00045007620849702346,0.00011208000307730868,0.01244934611219016,2.9482995789239373e-05,3.255286618087647e-05,0.0023198287851599704,2.6353177390674452e-05,0.0028514183893721106,2.9842690147516443e-06,0.021431109001196772
16,0.00016892309745732183,0.0012563502647449899,4.866319569411645e-05,0.0006757961239650016,0.07231405133845727,0.006869310019780238,0.0006237009454500383,4.052721115103539e-08,6.790080980938766e-05,0.00011101202160452787,0.0017112649974884912,0.002842948402455695,1.8358872519395346e-05,0.8594376261562008,5.303110727359175e-05,0.00031491535998844674,8.628095766653834e-05,0.023907997715577306,1.4051416351222682e-05,3.035869040247531e-05,0.0040226271319763855,2.1988196063555995e-05,0.0019165080760098108,1.8208796836127996e-06,0.02348447369616865
17,0.0001758533513463048,0.0016410959145860273,4.3722306720552066e-05,0.0004913607382814787,0.07468870530422142,0.004623617261650333,0.000519522316772444,5.250357342467994e-08,7.090210054415653e-05,4.315615823342379e-05,0.0015497252107833188,0.004104026108121612,3.444730309041647e-05,0.857093785016562,3.117802710804561e-05,0.0001897210058827964,0.00010765124977719513,0.02515755312348366,1.6473114227582613e-05,2.6445929023312356e-05,0.0021229625573819786,2.221690368876075e-05,0.002401865581717109,9.641151872167874e-07,0.024842996798035442
18,0.00020831571876743136,0.002048656646417869,2.6658150560517105e-05,0.0003460002294150471,0.05134730703354611,0.006178160926355038,0.0007753468349475169,5.0454438616678e-08,0.00014987431883920917,7.55339537814657e-05,0.0013329190505525046,0.0031893810773061496,2.5999764602449937e-05,0.8597760360846499,4.2972404558485786e-05,0.0002529615766565087,0.0001449274200026288,0.02363012261041665,1.651993842563971e-05,2.7724401218527037e-05,0.0015808026493309283,3.319851340644012e-05,0.0027366286357334638,1.3198647893453892e-06,0.04605258174128151
19,0.00019625337527739794,0.0024043437417849934,0.00011783711198539957,0.001016438500257289,0.17318182706141885,0.00974417581051226,0.0008790803587463675,9.803657736274649e-08,0.00016466452356926663,7.793019033411572e-05,0.002376418145683518,0.002473315660709671,4.654104014426424e-05,0.7732351962014189,9.061277222850336e-05,0.0003721822754367066,0.000106041340861111,0.012583477899590757,2.9385711211159607e-05,3.196850354624082e-05,0.0020591968452318165,2.652751057628687e-05,0.002058697378132835,2.225190441109538e-06,0.016725564814323673
20,0.00018307735365658917,0.002152971454703173,0.00011759191858279611,0.001106292580146743,0.15959889127786317,0.013901512364447114,0.0012748692097128934,1.1568090184030658e-07,0.0001851397258571625,0.00010719615323036383,0.003392369871631601,0.00141269156251894,2.819578553862519e-05,0.7776516349869755,0.0003048323422258204,0.0004377782511175529,9.831261365496058e-05,0.007059297153207102,4.097180076719276e-05,3.667337600447243e-05,0.003673888814719837,4.3662003970887106e-05,0.004173033795740782,3.930998631113913e-06,0.02301506892419368
21,0.0002349961708890198,0.002205134252677225,6.404933738711327e-05,0.0007199732565742392,0.14114430238873296,0.0073461019396721065,0.0005021851124202648,4.582540482817427e-08,0.00011791509438835373,0.00010051699728045703,0.0025843303591281306,0.002696904199149031,2.798822642550668e-05,0.802032821170716,5.84624517468249e-05,0.00035609397545054486,7.631865492009671e-05,0.016396506639014714,2.16200327711242e-05,2.517672902812291e-05,0.0029016413950853823,1.7324331500701437e-05,0.0019394453869829532,2.2479350426379293e-06,0.018427898137611837
22,0.0002715351565655615,0.001734960403591775,0.00011073734628362354,0.0012329998329211026,0.10050076646120618,0.010650370964569939,0.0006162857564286453,7.652987481306725e-08,0.00012732826037502136,0.00012790631988365912,0.0034588261972192487,0.0025010173933114753,3.564703598664671e-05,0.8397557530806327,9.077653604729042e-05,0.00048220148398042125,0.00015846385700943764,0.01796897043918481,2.286720786311803e-05,3.0481678538089013e-05,0.003131894507626209,2.634969667113784e-05,0.0022850241786585355,3.864388093304767e-06,0.01467489528747724
23,0.0002400948699693791,0.002441281633907429,9.241977498801124e-05,0.0009208345570791618,0.14191982311430493,0.012230741790200915,0.0009015350556198662,8.55520487305926e-08,0.00019551165518492535,0.00010028080848476133,0.0026559797733814988,0.0020378485371814704,3.57689600946408e-05,0.796406034017623,0.00011652809206258053,0.00045007620849702346,0.00011208000307730868,0.01244934611219016,2.9482995789239373e-05,3.255286618087647e-05,0.0023198287851599704,2.6353177390674452e-05,0.0028514183893721106,2.9842690147516443e-06,0.021431109001196772
24,0.00013909930994389166,0.001731227119044906,6.113141497976719e-05,0.000872302542563216,0.15778710507569105,0.007054777771903713,0.0005340317447934227,5.145244005023474e-08,0.00011518752153881328,5.331307256473054e-05,0.0023093286380775077,0.0022563248207874737,3.7157025967017765e-05,0.7980574298818239,5.574783743833767e-05,0.00036092554244702995,7.198565629594359e-05,0.011969244243083644,1.6462533787104696e-05,2.1606737790894597e-05,0.0015422857657261192,1.303757658080053e-05,0.0020371341939662327,1.7003827151843874e-06,0.012901402138049361
25,0.00034140180638138513,0.001816199529242752,0.00013100338200478415,0.0016928625112667783,0.19098567698887484,0.008107877887973946,0.0010144660709354109,1.4452010797182058e-07,0.00013436372523583883,9.618240497382933e-05,0.004253439720003969,0.0027468266534217654,6.076637869886316e-05,0.7465119076131942,0.00010176063682918482,0.000636311223590444,0.0001271812299417934,0.0193830911267268,4.118948904271891e-05,3.504330147244377e-05,0.003336555266275513,2.2837238287289472e-05,0.0031921615517774577,2.947735371195094e-06,0.015227802008368938
26,0.0004721413204232836,0.002962988503921994,0.00010905344327526243,0.001639638780572032,0.16795981405201102,0.01526702017372276,0.0010798039025215478,1.5835681474573054e-07,0.0007149419254865743,0.00011151289961187783,0.0037458686069529097,0.0013677134534113005,4.38080072370359e-05,0.7526338375825844,0.00018885205450050894,0.0005776436100310737,0.00018435609979807735,0.012203230786658236,2.5781685035717258e-05,4.41738345511832e-05,0.0017053970740831333,2.7313973608809443e-05,0.006685629745765917,9.955608154136696e-06,0.030239364519266353
27,0.00020001736340659226,0.0022753005945793502,7.175486947469305e-05,0.0007403289608908803,0.13346265213239428,0.0121942869253644,0.0011952956414165543,8.959974517183311e-08,0.00036235309292188415,0.00013407383802596708,0.0022872152831813586,0.001242724972720034,2.5323672685021883e-05,0.7997723416175645,0.00018593252463506218,0.0004387540147018767,0.00010026029350797679,0.008328535123214499,2.8944297443364365e-05,4.115623418816031e-05,0.0017665837678682258,4.163338034392394e-05,0.0034540989759872884,4.227350798621116e-06,0.03164611547294028
28,0.0002400948699693791,0.002441281633907429,9.241977498801124e-05,0.0009208345570791618,0.14191982311430493,0.012230741790200915,0.0009015350556198662,8.55520487305926e-08,0.00019551165518492535,0.00010028080848476133,0.0026559797733814988,0.0020378485371814704,3.57689600946408e-05,0.796406034017623,0.00011652809206258053,0.00045007620849702346,0.00011208000307730868,0.01244934611219016,2.9482995789239373e-05,3.255286618087647e-05,0.0023198287851599704,2.6353177390674452e-05,0.0028514183893721106,2.9842690147516443e-06,0.021431109001196772
29,0.0002400948699693791,0.002441281633907429,9.241977498801124e-05,0.0009208345570791618,0.14191982311430493,0.012230741790200915,0.0009015350556198662,8.55520487305926e-08,0.00019551165518492535,0.00010028080848476133,0.0026559797733814988,0.0020378485371814704,3.57689600946408e-05,0.796406034017623,0.00011652809206258053,0.00045007620849702346,0.00011208000307730868,0.01244934611219016,2.9482995789239373e-05,3.255286618087647e-05,0.0023198287851599704,2.6353177390674452e-05,0.0028514183893721106,2.9842690147516443e-06,0.021431109001196772
30,0.0002400948699693791,0.002441281633907429,9.241977498801124e-05,0.0009208345570791618,0.14191982311430493,0.012230741790200915,0.0009015350556198662,8.55520487305926e-08,0.00019551165518492535,0.00010028080848476133,0.0026559797733814988,0.0020378485371814704,3.57689600946408e-05,0.796406034017623,0.00011652809206258053,0.00045007620849702346,0.00011208000307730868,0.01244934611219016,2.9482995789239373e-05,3.255286618087647e-05,0.0023198287851599704,2.6353177390674452e-05,0.0028514183893721106,2.9842690147516443e-06,0.021431109001196772
31,0.0005491104838368705,0.0029634518591537006,0.00018440204244213657,0.0010752354723043763,0.17513708895127253,0.009623859150801054,0.0010348383899754822,1.9992636587872385e-07,0.00018626588224298217,0.00010852764769545894,0.0021651457182371007,0.0032609742869283867,5.8620272999557853e-05,0.7392243142884803,8.192664221396212e-05,0.0004215852664108735,0.00013953695491317512,0.027931044724988092,5.361883723971544e-05,5.534381326314854e-05,0.003059812784755958,3.3629975533599715e-05,0.0029648727716760034,2.748521662325653e-06,0.02968384533460738
32,0.0002468802585097125,0.0025865447670828734,9.766908669395196e-05,0.0008524987912339643,0.15156754555893182,0.012918227602420507,0.0009646064364770039,9.781525176412826e-08,0.0001907172486924058,0.00010097236822076313,0.002663255129440192,0.002203725823488974,3.896787312742213e-05,0.7855213836747698,0.00012489675451903405,0.00048197084348677437,0.00011039667693200759,0.01205009251662713,3.891368568550874e-05,3.611850679476693e-05,0.0024448018886283527,2.9582394377790576e-05,0.002987182279909774,2.6977922356068853e-06,0.021740254226462002
33,0.0002119760144597334,0.0022734700831101304,7.815608544124891e-05,0.0008386247447692297,0.09411539702678229,0.011474431029977226,0.0008537473698995063,8.975168397215058e-08,0.00016387354010591806,9.372740487883762e-05,0.0022558945878343524,0.0030478647933753537,5.458830843921357e-05,0.8469370950665241,6.310095500472268e-05,0.0004909934437409835,0.00017719981353935235,0.016478667965774307,2.7191150434236853e-05,3.013197750186039e-05,0.0016603517578856724,2.9373400128553695e-05,0.002047783740015705,1.9784904442381453e-06,0.01659429149824924
34,0.0006381897947038526,0.004699648983328777,0.0001285367020986544,0.0005649994147916305,0.2396282334015077,0.006482370802473509,0.0006469118940011977,9.986885672168695e-08,0.000349633263667381,9.877956699473287e-05,0.004613560566894015,0.0016470582081984338,4.46540426390303e-05,0.6951819443233404,0.00013667870422567096,0.0002570941956348321,7.961160111563994e-05,0.008893602156796259,8.878934886939425e-05,2.615203692699071e-05,0.001851151219827881,3.783948046086631e-05,0.003235723997107536,4.703569312848129e-06,0.03066403285622634
35,0.0014214526131782208,0.004708083971595717,0.00014039515373709911,0.001185069761631579,0.142939173115367,0.00861992861021369,0.0013180543342885106,2.803125301220563e-07,0.0004753013970248654,0.00023767277191562083,0.0023574090527577075,0.005500769621952572,7.674927363859554e-05,0.7242664609782714,5.251436407328551e-05,0.0007593246356557904,0.0003266883585699144,0.05974940991629837,6.211687654655076e-05,4.800647440224867e-05,0.0025406118631826255,4.562789909277729e-05,0.002238498475274849,3.71336013120391e-06,0.040926686808669586
36,0.00024276267174447492,0.002439617637818423,9.460032569333631e-05,0.0009261910526893747,0.14649261102778222,0.012023584421546135,0.0008897436105230079,8.327465445608406e-08,0.0001908594074894892,0.00010005403957915393,0.002715369153023897,0.0019771680031422283,3.494883608250142e-05,0.7921737212628044,0.00011858164979093596,0.0004379761528150162,0.00010606822572005048,0.012309445194805925,2.9442801644884887e-05,3.221497248229036e-05,0.002382826797777664,2.5563318887933765e-05,0.0028391798748416547,3.060798121414171e-06,0.021414325488538992
37,0.00040944888621815515,0.001721846887239296,0.00011891333637147208,0.0011979176118621963,0.11743436819843142,0.006730811105193871,0.000634818596280046,6.559560679065596e-08,0.00014326868017414316,0.00010140170862266448,0.0036736367546838958,0.0019779514352916746,3.285678998894187e-05,0.8165937016461472,8.599205336162287e-05,0.00033034884040618014,0.00010590469222585672,0.023427647405865837,1.9334726948572656e-05,2.9349175574267266e-05,0.0022145973017155523,1.9857093567969436e-05,0.0023119037397454456,6.298132296015202e-06,0.02067775960618094
38,0.0002015808249252489,0.0025850281301122617,0.00010814798162643738,0.0011020455165929321,0.12638849282639475,0.0376761376561066,0.001510278088588982,1.32710203519563e-07,0.00013156032402126812,0.00011248940730949947,0.0033186814402996353,0.0030004860861444745,5.6400401486514934e-05,0.7861325530285571,0.00020530732201151931,0.0011613577234497738,0.00016151641380982105,0.01133744689792001,6.211487082313128e-05,5.05476735455489e-05,0.004138927953545721,2.8578926250346716e-05,0.0046736412770423804,2.412288039239985e-06,0.015854134231193306
39,0.0002483193032492666,0.002382464179834928,0.00010314668102575821,0.0011877116677295409,0.13796837799107475,0.020182092968716345,0.0016041297887190165,1.7930686053904655e-07,0.00017585586840836428,0.00011133708202564888,0.002201132484409523,0.0029265053252412157,4.2378488197632636e-05,0.7721896554402089,0.00017536314192016696,0.000724486654585132,0.0001588179673026074,0.01579371389329932,4.690403748043746e-05,5.7728710584500034e-05,0.004717881623290614,3.820470425693387e-05,0.005431827271934478,2.3373229246442454e-06,0.03152944809671946
40,0.00010324019538595559,0.003213281364177601,0.00011225549570393946,0.00031422184169397726,0.1801742532462865,0.009706881499507726,0.00044130098850551203,2.8726044144874665e-08,6.382289260909313e-05,4.238649319403978e-05,0.0018272734833140849,0.0020679132596015336,2.0834069518115078e-05,0.7779912628328016,0.00010590741089098714,0.00013435547060215619,3.950870583745504e-05,0.005920764903865444,2.9280652697826695e-05,1.8454491518915297e-05,0.0017509947181093737,2.346874359545612e-05,0.0010593503916904974,1.1451144566863783e-06,0.014837813008391404
41,0.00017652737583413953,0.00655943093382074,0.00011345796958435983,0.0013665086697309395,0.36039179876193433,0.020606978161487165,0.0007133280763498297,8.28798416315434e-08,0.0008014794425751636,9.676813444410498e-05,0.00219561560667882,0.001033727238910416,4.491809214888401e-05,0.5879440331866431,0.00011278274718914765,0.0005715945652072556,9.426391644673141e-05,0.003997362875562748,1.60381171813996e-05,1.5036472037644546e-05,0.0008950790280016348,1.0427978351510601e-05,0.0015836464415447692,3.2056528115555995e-06,0.01065590767568196
42,0.0003666773158371678,0.003947402084274178,0.00028100515586767545,0.0010225829069733833,0.19287279252353776,0.018994184029014583,0.0014064235309068137,4.234683304274387e-07,0.00022483657550557076,0.00022091836176215448,0.002893218800287043,0.003980478893718299,6.742660443349661e-05,0.7352842981783388,0.00024047227123987606,0.0007906025948700296,0.00020664164815737882,0.00981006718514165,0.0002091838396099387,6.935550695889087e-05,0.0063534007603707485,0.0001385642493712754,0.002875366344655952,2.5455296794725667e-06,0.017741131641157402
43,0.00028757583402770116,0.001913333038356226,0.00010867947140800747,0.001097494971779218,0.14296785256325226,0.01831684856853788,0.0012976800350987766,1.6573197487257076e-07,0.0004957208511743427,0.0004362653145928978,0.002136407322337064,0.00097112916240275,2.6764731326452203e-05,0.7868406604542468,0.00018886852152903897,0.00085479209119333,0.0001098856155478901,0.009671984455463311,4.516593656207723e-05,8.638747397743923e-05,0.003096732192926609,5.604674299812263e-05,0.0034565927631533223,6.358689881372817e-06,0.025530607466252093
44,0.0002400948699693791,0.002441281633907429,9.241977498801124e-05,0.0009208345570791618,0.14191982311430493,0.012230741790200915,0.0009015350556198662,8.55520487305926e-08,0.00019551165518492535,0.00010028080848476133,0.0026559797733814988,0.0020378485371814704,3.57689600946408e-05,0.796406034017623,0.00011652809206258053,0.00045007620849702346,0.00011208000307730868,0.01244934611219016,2.9482995789239373e-05,3.255286618087647e-05,0.0023198287851599704,2.6353177390674452e-05,0.0028514183893721106,2.9842690147516443e-06,0.021431109001196772
45,0.00023958815356380913,0.0024429825747091815,9.02184164360404e-05,0.0008994033148594133,0.14033350819553123,0.011865390225200327,0.0008745781852168716,8.270708913817588e-08,0.000192737592428345,9.850588362114706e-05,0.0026359117961995897,0.0020588167476568104,3.548557369231049e-05,0.7982972395401309,0.00011169805849817454,0.00043582770562212796,0.00011116257306387357,0.012582179095650925,2.877957338356736e-05,3.187406069453007e-05,0.002294874920914601,2.599460777955448e-05,0.0028114075823543806,2.923798794156285e-06,0.021498829116908924
46,0.0005640207552467407,0.002838617998857056,0.00015980157754870151,0.0034393310990609503,0.05455277915211384,0.0419047853217534,0.0009946850033213453,3.041294568866247e-07,0.0002419993758824435,0.0001361644854428347,0.005388841642773119,0.006728318485246557,0.00012303575572350173,0.8266532448806951,0.00012346521407309685,0.0016095892209910872,0.0012365544907803506,0.03171581948656009,3.243247735219428e-05,4.3666976151385525e-05,0.004227028607009509,3.6930152581470896e-05,0.00569010637331832,6.994009798182181e-06,0.011551483328261846
47,0.0007494388462321017,0.006479454613806236,9.242746073393129e-05,0.0003817580155757069,0.0970827557309976,0.013112295965806998,0.0016932572633168502,1.9085112256125243e-07,0.0003164292883421993,0.0002118272557896142,0.0016961394502951104,0.008180225029160099,5.870183519456615e-05,0.7646921553342834,7.965589609980755e-05,0.0005434706088184779,0.0002952564211719891,0.03551805747704988,0.00011963916697754011,5.98698949174178e-05,0.003084192246106519,0.00011418958569834345,0.002123363619257503,1.8887403365392737e-06,0.06331335940290926
48,0.0005420470736191623,0.00995860337712098,0.00022610982603122565,0.001821704621970923,0.10940067021223013,0.10586436854112363,0.0026191369124687895,6.300216167809775e-07,0.0004015848960107647,0.00012507769084565745,0.003979047433746118,0.008216032565083376,0.0002532655820386105,0.713700042041002,0.00021041069666714502,0.001906383763275539,0.0010697998653127203,0.014672439315441132,0.00018081676589851248,5.450726523400959e-05,0.003998084833502148,5.5667322133247114e-05,0.005627655424506529,2.2995287174460773e-06,0.015113614424403643
49,0.00015982433119491576,0.002556912048545187,0.00011485520823572663,0.0006493760764468134,0.11116741168042163,0.014309961673814717,0.0007243236347219807,6.692451419646283e-08,0.00010766191622682902,8.519843142686651e-05,0.002045872400429798,0.0029872508263214066,3.630924831930256e-05,0.8318234977558728,9.326217639115864e-05,0.0003177247576567837,0.0001149998846683728,0.012220791421161014,2.989901826347411e-05,3.391660913817633e-05,0.0024504810450731466,3.40604378677809e-05,0.0016759743676280972,1.9184003680763378e-06,0.01625844972529146
50,0.00032682205115258444,0.001860556956513747,6.162984783847124e-05,0.0003971746626576493,0.14013061995698234,0.004685971619856676,0.0025307739432113502,1.2011970009660397e-07,0.00037549680927758327,0.0003413190747819592,0.0010358896855640967,0.0008983432088272358,1.7419213626845306e-05,0.7373522361287271,0.00012652585158022992,0.0003677872264539029,4.93106312931576e-05,0.015717446776510234,5.334320022724509e-05,6.591976858293131e-05,0.0017643023722123308,7.433069359860883e-05,0.0019344045666360315,2.6845537604424545e-06,0.08982957108042708
51,0.00025453967614756195,0.004712329227480495,0.0001816088195237123,0.0021835298639110204,0.2087378712913169,0.008583798178124716,0.0004480838263274781,6.717300538095318e-08,0.00033793595099003453,0.00010562401567314787,0.0036763002248474163,0.0017433635566127341,5.2295831173051135e-05,0.7511488292149596,6.271047439666749e-05,0.0002874066279575518,0.00016024266067075473,0.008141500944949368,1.1371765458562399e-05,8.813017601096709e-06,0.0014567484926600392,1.565964880795828e-05,0.0007649081712730012,4.675679497636873e-06,0.006919785666634086
52,0.00025438300904530005,0.0020925698898582672,9.549109735081754e-05,0.0010318778016176252,0.13341337728089925,0.011978716459163725,0.0008696627727775466,8.543346174239858e-08,0.00019344508861038058,0.00011178570426535289,0.00284638822868494,0.0019228800586705787,3.658891247639008e-05,0.8058624027383967,0.00011087025361904077,0.000499097579707362,0.00011569459213690516,0.013932558715669162,2.693595763821525e-05,3.4653095113083345e-05,0.002202715523468932,2.4933435714697737e-05,0.002778238957747474,3.549060037925033e-06,0.019561098353868753
53,0.00013449125203188262,0.0012636196938925206,3.9839748596086916e-05,0.0011039454981415274,0.1204204341577135,0.013201823326392883,0.003158954716471365,1.1815493878396722e-07,0.00036385852990891167,0.00010813632634775472,0.0019176366788143059,0.0009459774372800841,2.5756932828250122e-05,0.7934604912177513,0.00024358111083500815,0.0007592543972445127,9.057542573050745e-05,0.010435076358158721,2.0212718547409936e-05,5.394794128467821e-05,0.0016107831352516553,2.7298203536613946e-05,0.006599838515184071,3.3937626785517614e-06,0.044010954760439154
54,0.00023668863469508374,0.003647369561631494,5.667420246827227e-05,0.0005423521813978183,0.13015423808421592,0.011472366763708252,0.0010056314083441665,6.709208460081123e-08,0.00023567323918502958,0.00010542173345301353,0.0018692916013281153,0.0026279391828119467,3.121709281075071e-05,0.7995305869095585,9.035822034574347e-05,0.0004405532590822,0.00010949884551812755,0.0132387229069143,2.9633038547227875e-05,2.621571444579247e-05,0.0018716684787912494,2.816963512829315e-05,0.002200310181996633,1.9266503791986125e-06,0.030447425381158518
55,0.00020691675489495535,0.001465218687135336,0.00015592151973865538,0.0014256256135702972,0.1231563967228937,0.021311195181196983,0.0009004954526747826,1.3469871791902036e-07,0.00017388729077408673,0.0001498107316061469,0.0035340074729023198,0.0009615772901801671,3.434864261298983e-05,0.8173869703735819,0.00024292589879786435,0.0006104368268774072,0.00011614916200342739,0.0070790385213626425,4.0546608026129555e-05,5.195773194260987e-05,0.0031332071915823215,3.655076581113427e-05,0.004509260862497217,5.434615268958835e-06,0.01331198538334993
56,0.0002325086993464999,0.002575126408358096,9.320043012821878e-05,0.0009087287041909594,0.1414910036318095,0.011694442329158767,0.0008830100093708228,8.398158025376104e-08,0.00018990204562240314,9.285149014270745e-05,0.0027399036163422478,0.002199036859615367,4.1027866544728394e-05,0.7986366198344518,0.00010603443744356378,0.00043170610448799737,0.00011585534647484563,0.012624509708123632,2.915766507254875e-05,3.055710234650591e-05,0.0021067301870770563,2.5376528217349996e-05,0.002606295696922649,2.7944478414491097e-06,0.020143536869330184
57,0.0002448288835777587,0.003253730130764185,0.00013154876059963655,0.0005609427030658456,0.17664345359519384,0.012632580475632345,0.0008568532926521415,1.2576277534651161e-07,0.0001145477411471682,8.771095077614358e-05,0.002279581489939134,0.004973070920005125,4.83835784827313e-05,0.7570893568379117,0.00010492293621379426,0.0004349982977141048,0.00011727823747990714,0.013357084642529528,9.430709913021222e-05,4.5019491409512214e-05,0.003921794494922964,5.1602420642320236e-05,0.002399277894208623,1.2886689472301212e-06,0.02055571069427876
58,0.0002540099505747849,0.0023229931825961294,0.00010428989938422832,0.0010163574881433422,0.13587227482347472,0.01236517812393818,0.0008904786588207712,8.549585090537006e-08,0.00021515447557616063,0.00011181178921267987,0.0030591595322141435,0.0017886838419889073,3.471837075099886e-05,0.8031037168672007,0.0001399389490673735,0.00045386205756768605,0.00011518417783617696,0.011874182953689673,2.823599087821962e-05,3.355602492938581e-05,0.0022421325352921075,2.8330004262560826e-05,0.002883635671187706,4.3412947325085884e-06,0.021057687840829842
59,0.000248529314554149,0.002192143272510797,0.00011097105258483497,0.0010773889476911108,0.13868630623016084,0.011832610768983069,0.0008585599724522176,8.50676428326142e-08,0.00021487567480725432,0.00011680485385363656,0.0031094789635258487,0.0016228311084621517,3.178665193371714e-05,0.8021104487575387,0.00015013869582709255,0.0004415585041719411,0.00010991364962373057,0.011377030667181029,2.6486955121995807e-05,3.351951943953352e-05,0.002309710047970961,2.8315333963924853e-05,0.002836146564612484,4.847425837399982e-06,0.02046951199954858
60,0.0002400948699693791,0.002441281633907429,9.241977498801124e-05,0.0009208345570791618,0.14191982311430493,0.012230741790200915,0.0009015350556198662,8.55520487305926e-08,0.00019551165518492535,0.00010028080848476133,0.0026559797733814988,0.0020378485371814704,3.57689600946408e-05,0.796406034017623,0.00011652809206258053,0.00045007620849702346,0.00011208000307730868,0.01244934611219016,2.9482995789239373e-05,3.255286618087647e-05,0.0023198287851599704,2.6353177390674452e-05,0.0028514183893721106,2.9842690147516443e-06,0.021431109001196772
61,0.00026488324440044757,0.0022292818689036414,0.00012226273450978295,0.001137820502944628,0.14286415497056523,0.012387967462323157,0.0008401317417113725,9.324176720263209e-08,0.00020024389428056276,0.00011442871911219554,0.0030793561980382036,0.0017459011083473404,3.456684959760938e-05,0.7973352817029645,0.00014104484444434702,0.0004514694778724085,0.0001151112500069865,0.012223069425414866,2.8278879578026637e-05,3.460598424600696e-05,0.0024496204702374952,2.780646093438626e-05,0.0028235695754719407,4.487755727222723e-06,0.019344561636600362
62,0.0002400948699693791,0.002441281633907429,9.241977498801124e-05,0.0009208345570791618,0.14191982311430493,0.012230741790200915,0.0009015350556198662,8.55520487305926e-08,0.00019551165518492535,0.00010028080848476133,0.0026559797733814988,0.0020378485371814704,3.57689600946408e-05,0.796406034017623,0.00011652809206258053,0.00045007620849702346,0.00011208000307730868,0.01244934611219016,2.9482995789239373e-05,3.255286618087647e-05,0.0023198287851599704,2.6353177390674452e-05,0.0028514183893721106,2.9842690147516443e-06,0.021431109001196772
63,0.0002453355498054451,0.0026993348390753746,9.232161268604407e-05,0.0008808357908220497,0.14474863387246767,0.012245719101731086,0.0009055735679312387,8.380141799570471e-08,0.0002040829779385916,9.952816861738054e-05,0.002647514844021817,0.0020955132452976167,3.618035904268359e-05,0.7930932583430254,0.00011602548679801415,0.00043321323402144166,0.00011324314955038168,0.012221830252428003,2.991168986510213e-05,3.081557561545343e-05,0.0022707852770528923,2.6699491358218456e-05,0.0027246122422148514,2.91473209450681e-06,0.02203603279512047
64,0.00024816745727006636,0.0026135423731732613,0.00011290597611624305,0.0010545384427640971,0.1657242024711309,0.012988515118916667,0.0009527515917764877,9.867556941117339e-08,0.00017524369142183195,0.00010841756578938584,0.002864317607363068,0.0021344040292755073,3.448991459754261e-05,0.7701064936162689,0.00014153340028447918,0.0004444753579126262,0.0001044928388632306,0.011819623935560263,3.524278673678503e-05,3.528000065868202e-05,0.003572554019926905,2.8389911919770805e-05,0.003140772901325385,3.0694706071069788e-06,0.02155647684477129
65,0.0001077152474250202,0.0026608129562136723,0.00023939197274213027,0.0015593532485814925,0.1939321968566837,0.03682157264407048,0.0010463337572866056,9.426981041294904e-08,0.00011650119172307599,7.50337108871304e-05,0.004323942611802295,0.0010690305606836615,3.1913307271662125e-05,0.7340483729446459,0.0005647734900473342,0.0004504181178004813,8.80090686361667e-05,0.003342620082844651,3.616250966454455e-05,3.039542924735824e-05,0.004570902322630029,2.5862237281714636e-05,0.004024024107102213,4.308912183588217e-06,0.010830258442734796
66,0.0001861173463811565,0.001758992572521481,8.974337389548968e-05,0.0009500050201273339,0.14786395655077883,0.0077023753413108945,0.0005538540631425675,5.088022683942193e-08,0.00012130633538000245,0.00010279504854921418,0.002733317004812835,0.0018986787525597528,2.93866192991008e-05,0.8045815272819941,7.435164710809699e-05,0.00038429521778364793,8.036548847260008e-05,0.012817413692448055,1.8412448371032325e-05,2.338447558725443e-05,0.0022392285247252145,1.91176827545016e-05,0.0016438932814925578,2.7305170358343673e-06,0.014124700833241365
67,0.0001303964225100488,0.001598612637771155,5.876663975838444e-05,0.0006555675592263916,0.07461960777964681,0.015703138461190407,0.0007447724043212556,4.944991820544684e-08,0.00010812174571763401,7.292802389243426e-05,0.0022835820756719597,0.0018602400185621247,2.7283328977777253e-05,0.8653379341207226,0.00011067410015342401,0.00035332295865456447,0.00010364918141275497,0.010811213552982344,1.876158731134606e-05,3.67925734966847e-05,0.0022772317751281186,2.305314471088367e-05,0.003450338391191475,2.5903542854469783e-06,0.019611371712785895
68,0.00022438595048862285,0.0021204795944433736,8.743807668118323e-05,0.0009696226906686903,0.1250630922719514,0.011596792655237704,0.0009039360113473033,8.48659730672742e-08,0.00017051335027342998,9.15448901645809e-05,0.0024814298045030985,0.0022144308296856777,3.967167992009244e-05,0.812758880845111,9.305253753086048e-05,0.0004428514288844284,0.00011771357529503821,0.014855791678156502,2.5834505833344788e-05,3.380863023362422e-05,0.0022594812671955077,2.3369277886359068e-05,0.002835740513247103,2.629695694441604e-06,0.02058742337359349
69,0.00012092198973516934,0.001266812790668791,8.689980507143646e-05,0.0004078284298343451,0.035254260674991836,0.03793827955039203,0.0006569532513420473,7.012207204086728e-08,2.7316122336408728e-05,6.574919390755291e-05,0.0031571571351020717,0.004625780200017049,5.616024091751138e-05,0.8807597105507667,0.000104451928861477,0.000363555629229975,0.0001533734291085248,0.011966456323673446,8.571149420233333e-05,0.00010631595342176785,0.006855500097431781,4.457513863116764e-05,0.005386950492891886,1.5594117601920693e-06,0.010507650043632263
70,0.00026646094283765435,0.0026712336023599413,9.689540367831416e-05,0.0008618587624379346,0.14708971143094193,0.011733020333109329,0.0009114687654904776,8.542745020990896e-08,0.00019051676394306617,0.00010120328276509895,0.0027923440188473455,0.0021244251717254243,3.5225646800148755e-05,0.7893261757317118,0.0001225177330656036,0.00041962781952223187,0.00010961889667194059,0.01259855876762259,3.3593307560817155e-05,3.150242386545101e-05,0.0024984573264869962,2.8458373596311423e-05,0.0028147807746235435,2.9797361473445484e-06,0.02313927955673855
71,0.00031436265671898464,0.002031871102780815,2.529709948743415e-05,0.000775295756972458,0.18372328798186352,0.004701560094460322,0.0007959381176589135,7.671293221744646e-08,0.0003964379205778809,0.00011066851040200074,0.0022287378339059583,0.0024489967308926807,2.985157989442487e-05,0.7416086670016067,5.457739734477081e-05,0.0007152072716885455,9.394968070319763e-05,0.019819310935227544,1.8796193660272996e-05,3.068134267511111e-05,0.0015721552322281245,1.7341959646260306e-05,0.0039049081942097033,2.5030684159306737e-06,0.03457951962404619
72,0.0002895407306885417,0.0025512767685348776,0.00010894335669002366,0.001865639852259338,0.1828554696854955,0.02043004778247482,0.0013101019644220912,1.1769154035704894e-07,0.0002953899540107206,0.00013857421723144622,0.003421196680487988,0.0019053284690387006,5.2010916563313255e-05,0.7463787910864653,0.00013232041751400512,0.0009311364490744858,0.0001368642390816187,0.014831278594377523,2.520996214411741e-05,4.0549869275641636e-05,0.0024933955614340714,1.6019890508562703e-05,0.0032500364408058063,4.8650376499730745e-06,0.016535894382231135
