,0,1,2,3,4,5,6,7,8,9,10,11,12,13,14,15,16,17,18,19,20,21,22,23,24
0,5.4413204765622124e-05,1.8966443533300105e-05,4.227880856923609e-06,8.758169716261675e-09,0.6529231315779563,2.1834758286286204e-05,0.0004946154282395376,1.311812227115016e-07,0.21408898285806324,3.5362378277230146e-10,4.486721006712507e-05,1.2963953112279914e-07,1.830711339783759e-08,1.331733102384596e-07,0.13136699490128595,0.00035173063944335555,4.4705977442526e-07,1.6984322447289815e-06,6.10869784613207e-07,6.945261323961046e-08,5.7583443054718394e-08,2.1620072752415154e-07,2.585036039085179e-09,2.5969032503342393e-08,0.0006266855318752437
1,0.00011185770408115744,3.1595555225591304e-05,1.023572469138762e-05,1.5663542487759552e-08,0.5781118246449493,2.6144701481513833e-05,0.0009446441143969807,1.6958923475094725e-07,0.284895186245636,9.887254071354874e-10,3.6186391195315876e-05,2.1106441437881816e-07,1.9386577408425243e-08,1.6588310387794389e-07,0.13430591593979482,0.0004697137639140928,3.0934550759852296e-07,3.0055838711294835e-06,6.66628519580951e-07,7.91556446007694e-08,7.197255247446353e-08,2.2333290860173222e-07,3.2826552782657757e-09,3.524725581354922e-08,0.0010517180901206623
2,0.00013120891689478287,3.824487397327148e-05,1.6867865654031167e-05,5.221347521620766e-08,0.5744680133499542,3.754384902410052e-05,0.0015284265596695837,2.389276679052555e-07,0.329864799501894,1.1037237940195195e-09,8.880851461962551e-05,4.783708518970535e-07,2.6656823076693415e-08,2.9706830890050286e-07,0.09207145088690748,0.00035767727198035847,5.829679567673232e-07,4.294623910265555e-06,8.326821232505649e-07,7.263545215771202e-08,1.827067689177936e-07,3.9472974750876507e-07,1.0835159199740575e-08,8.239064861210253e-08,0.0013894104968110751
3,9.179786873891346e-05,3.073343313416788e-05,7.379552534888316e-06,1.8204693737772696e-08,0.6956350151975372,2.1312957635328663e-05,0.0009540301424956433,1.458273005451835e-07,0.18970695883942723,7.939703993550795e-10,5.077597767663613e-05,2.167419292731462e-07,1.6665616156347544e-08,2.468545220986703e-07,0.11192369718075468,0.0002758950170990581,4.3835241443267166e-07,2.802486663779225e-06,4.7262249877627665e-07,7.839790902376987e-08,7.198800262364471e-08,2.423469055692372e-07,5.637288477013478e-09,3.175908741120908e-08,0.0012976151541639028
4,9.639632472081814e-05,3.103343000961056e-05,7.402297384889009e-06,1.911420647597892e-08,0.6922465543899305,2.1871590029579212e-05,0.0009313855441000758,1.4411375194778276e-07,0.1935655568788827,8.090127614914983e-10,5.289045330600485e-05,2.5739649772311744e-07,2.178052541378071e-08,2.682091563933935e-07,0.11135855889376248,0.00027918235580129495,5.277000994267222e-07,3.0080629182541323e-06,5.114392208398025e-07,8.638197476917522e-08,8.136326997366254e-08,2.8007533315573274e-07,6.058763360904871e-09,3.538342857468119e-08,0.001403919953912968
5,0.00012212829698107826,3.362102036665858e-05,8.817909830242476e-06,2.9459648450525794e-08,0.6855756642571789,2.29003480831116e-05,0.001130524781368282,1.6147945438217305e-07,0.20331663996997063,1.0692487914498882e-09,5.67808788505782e-05,3.088286647206561e-07,2.115920724442814e-08,3.2838177520681195e-07,0.10759033724419302,0.0002730349456734907,5.702368061636627e-07,4.6025947748852685e-06,4.4578111525621786e-07,9.4637154380283e-08,9.778961290239967e-08,3.08666228469085e-07,7.871434090958328e-09,4.0995181462019526e-08,0.0018625313971977352
6,9.179786873891346e-05,3.073343313416788e-05,7.379552534888316e-06,1.8204693737772696e-08,0.6956350151975372,2.1312957635328663e-05,0.0009540301424956433,1.458273005451835e-07,0.18970695883942723,7.939703993550795e-10,5.077597767663613e-05,2.167419292731462e-07,1.6665616156347544e-08,2.468545220986703e-07,0.11192369718075468,0.0002758950170990581,4.3835241443267166e-07,2.802486663779225e-06,4.7262249877627665e-07,7.839790902376987e-08,7.198800262364471e-08,2.423469055692372e-07,5.637288477013478e-09,3.175908741120908e-08,0.0012976151541639028
7,0.0003744208085217847,3.814552341311476e-05,2.79262899261236e-05,1.602260322055594e-08,0.7550866296973988,3.3973734172957497e-05,0.0013965648463417153,2.0727502761915795e-07,0.18391348782153644,1.3744960653383583e-09,6.133331138641645e-05,2.1973343717678205e-07,2.8528659167306895e-08,2.1601110292462655e-07,0.05755001113198184,0.0002248282146080961,3.839797855590425e-07,4.2836205447699554e-06,9.827922216456153e-07,8.145194049364784e-08,4.7260842720325565e-08,1.21893958266116e-07,6.619076131071142e-09,7.724165078801297e-08,0.0012860048153660885
8,0.00016592552955243717,6.63588931153642e-05,1.935971918536529e-05,4.0998583540060106e-08,0.7871925560627605,2.8862916787336913e-05,0.0016063114378488126,1.914497851040269e-07,0.14907685435620982,2.060968510250261e-09,6.053119911494333e-05,2.9754388640393865e-07,1.7810856809515704e-08,4.2127918231743e-07,0.05989899398358315,0.00024466176074680894,3.3105128393271873e-07,2.4485397059668147e-06,5.326653351701336e-07,1.2915383424850073e-07,6.55958395237214e-08,1.3621164691598939e-07,1.771596666011256e-08,6.314646116891779e-08,0.0016348889177591201
9,0.0001226918026187865,6.557737007731928e-05,2.1683319801072338e-05,6.311726350380038e-08,0.6318382703600656,3.464738401690936e-05,0.0017997689617798153,1.9208767046533397e-07,0.2626550780486419,2.5505600106162845e-09,5.092828002193887e-05,4.6359583572309e-07,2.5062688662957538e-08,3.6628999520929736e-07,0.10094551303464001,0.000408460966088614,3.929349847125857e-07,3.3267821056528484e-06,5.443208973048531e-07,1.5513727409534315e-07,1.599193306899105e-07,2.541110958768024e-07,1.5117893367293728e-08,6.936174532264223e-08,0.002051350082907467
10,9.179786873891346e-05,3.073343313416788e-05,7.379552534888316e-06,1.8204693737772696e-08,0.6956350151975372,2.1312957635328663e-05,0.0009540301424956433,1.458273005451835e-07,0.18970695883942723,7.939703993550795e-10,5.077597767663613e-05,2.167419292731462e-07,1.6665616156347544e-08,2.468545220986703e-07,0.11192369718075468,0.0002758950170990581,4.3835241443267166e-07,2.802486663779225e-06,4.7262249877627665e-07,7.839790902376987e-08,7.198800262364471e-08,2.423469055692372e-07,5.637288477013478e-09,3.175908741120908e-08,0.0012976151541639028
11,9.36927856126098e-05,3.02713538338618e-05,7.4954268080569936e-06,1.862065619600615e-08,0.7000100911883521,2.1818545320232326e-05,0.0009343742476145805,1.474142581080937e-07,0.18867302155120622,8.161895085383573e-10,5.210071654066274e-05,2.3571838761274723e-07,2.0266999980535334e-08,2.519791306807604e-07,0.10858334601747908,0.000287947891547055,4.815867737702555e-07,2.869994152682867e-06,4.974348818431237e-07,8.71921485969572e-08,7.555618721443556e-08,2.5224979762495457e-07,5.916797445794028e-09,3.524132517796926e-08,0.0013008602879989743
12,6.372016300603336e-05,2.1930158411965476e-05,1.2162359552591338e-06,8.300757401218485e-09,0.9314478889762027,1.3321154243712598e-05,0.0002553772493081081,1.629497300730592e-08,0.04369314266458491,6.764225014894918e-10,9.509609878901924e-06,3.702589481664472e-08,8.986129716729232e-09,5.017703531861366e-07,0.02120199881478864,4.162245012164105e-05,1.2434570742915237e-06,3.39530662818564e-06,5.587626949497111e-08,7.351717903282619e-08,4.574983649386929e-08,7.236478038031624e-08,5.7978336554007995e-09,5.128430590751636e-09,0.003244802270935592
13,5.882598326072306e-05,2.746134705154617e-05,6.632643035932745e-06,2.4724401215509123e-08,0.7074879305568563,1.822277784141849e-05,0.0011332624208817404,2.2467679734972365e-07,0.1628701250495514,5.208516360664027e-10,0.00012605086869382182,3.5300796033337763e-07,1.6602969674547095e-08,3.8643600074129534e-07,0.12697790455904004,0.00025449415103337913,4.571158905211266e-07,2.053939127424701e-06,5.007307960801383e-07,7.290812706876985e-08,7.329677136756426e-08,3.6295857595032817e-07,9.550658439638438e-09,3.876011200726511e-08,0.0010345144137136654
14,9.501469077713404e-05,2.8567736107713852e-05,8.317122972286214e-06,1.9042066804127755e-08,0.6738775112024803,2.252612867834137e-05,0.0009513602086576577,1.470216009700977e-07,0.2059991768130329,7.575270704105963e-10,5.062190364188266e-05,2.3316178574125806e-07,1.8928720255623678e-08,2.379016109190606e-07,0.11730673422081221,0.00028842357206371026,4.6869789946598497e-07,2.968329420296955e-06,4.697980924128618e-07,7.94738095931551e-08,7.862165579027328e-08,2.555964993752913e-07,5.580355838457349e-09,3.320999343927028e-08,0.0013667302797379405
15,9.179786873891346e-05,3.073343313416788e-05,7.379552534888316e-06,1.8204693737772696e-08,0.6956350151975372,2.1312957635328663e-05,0.0009540301424956433,1.458273005451835e-07,0.18970695883942723,7.939703993550795e-10,5.077597767663613e-05,2.167419292731462e-07,1.6665616156347544e-08,2.468545220986703e-07,0.11192369718075468,0.0002758950170990581,4.3835241443267166e-07,2.802486663779225e-06,4.7262249877627665e-07,7.839790902376987e-08,7.198800262364471e-08,2.423469055692372e-07,5.637288477013478e-09,3.175908741120908e-08,0.0012976151541639028
16,7.660512281080644e-05,4.3460199346856534e-05,5.953807093529145e-06,2.420534870188777e-08,0.6289848126488162,1.68001125004468e-05,0.0014927550660266459,1.9825700474489214e-07,0.205764802620234,1.5621246548895227e-09,4.3661785988602356e-05,4.2186272890324644e-07,1.8962443372150996e-08,3.5938860744375264e-07,0.16139926306682512,0.0003858708234065254,5.453116652307867e-07,3.71874509890668e-06,6.133552537090146e-07,9.952491121358074e-08,1.586935652316777e-07,5.694197901247063e-07,6.751682516950966e-09,2.8127113896218867e-08,0.0017792505796124073
17,5.353028742969023e-05,2.3617204840753752e-05,3.7396556268404923e-06,2.2074974403748944e-08,0.8043798673543875,1.24242594283757e-05,0.000916095632009905,1.434371004011688e-07,0.10675777949810551,6.547463469717443e-10,5.9314619630892414e-05,3.039755828631464e-07,2.242755010783729e-08,4.4076879278091986e-07,0.0859463603910322,0.00019825049102023583,8.772525191053623e-07,2.47333220464427e-06,2.767298241340835e-07,1.0834020580298971e-07,8.599857465446581e-08,3.699059640664274e-07,1.1239620152510866e-08,2.3395054294925103e-08,0.0016438610737742744
18,9.138544945307298e-05,2.097644772918177e-05,4.0581599362753525e-06,1.2501879729853044e-08,0.7928626020864117,1.4113431282435444e-05,0.0008266740205877017,7.027296866258677e-08,0.11442623298256516,8.500410188187785e-10,2.611131336782267e-05,1.9039735086032788e-07,2.1302987465809333e-08,3.0359260389544893e-07,0.08864872392377615,0.00015474893984021267,9.103747741449955e-07,4.535118112230952e-06,2.184476796230468e-07,8.676203530153243e-08,9.044170571495921e-08,2.6435823412967854e-07,5.584599098864255e-09,1.5674797501064895e-08,0.002917647565280703
19,8.142821385108547e-05,3.7625303405310736e-05,1.089136996802811e-05,3.1375189630948806e-08,0.6054821223738698,1.8154023694918165e-05,0.0018184880393888562,2.326833671680486e-07,0.23518193073678184,1.2615827136015125e-09,5.582260252435036e-05,5.184004693412951e-07,2.2958581341250086e-08,2.954982841565319e-07,0.1552412816476764,0.0004289512800397132,4.5385401713536144e-07,3.1283796596079007e-06,5.230040251700627e-07,9.270228066514648e-08,1.303078004719163e-07,4.750169968012598e-07,6.986066212851173e-09,3.5733639097309284e-08,0.0016373562468403652
20,5.9122248469487444e-05,2.647704379756784e-05,7.12809937086796e-06,2.267103198108905e-08,0.5038369555195806,1.6983564055000742e-05,0.001207357667863549,2.9614501426550505e-07,0.22197525432938225,7.043536402732101e-10,7.199358148137232e-05,3.452335090012313e-07,1.4426743407198466e-08,2.5228937533321387e-07,0.27121297637611114,0.00042672944646085395,4.064802224760838e-07,2.8560557320888283e-06,5.710819907794263e-07,6.835394251966652e-08,8.595437573775187e-08,6.067481267135696e-07,4.685316353930275e-09,2.56556030589721e-08,0.001153465638089977
21,0.00011468127429942208,4.480931398983048e-05,8.962129593204564e-06,2.875807355197664e-08,0.5932187712566507,2.2660880382465703e-05,0.001264898443003713,2.540288097966745e-07,0.2763950749815656,1.4069246253061896e-09,4.600309991803486e-05,3.8091077266673244e-07,1.9288506971154233e-08,3.810242145701483e-07,0.12703684699573703,0.000552182696976137,3.134041437997168e-07,3.857449693878504e-06,5.915132233364688e-07,9.753882008321889e-08,9.737285143931259e-08,3.070647566020174e-07,4.686423589387229e-09,3.543833593048527e-08,0.001288739042333091
22,0.0001463715206646203,2.058773859813214e-05,7.224735622671464e-06,1.3292113531486224e-08,0.7066077187587771,2.2683628901910712e-05,0.0006446063771186049,1.1464266888400214e-07,0.18424298827839597,5.973777079438728e-10,4.6778138365473455e-05,1.280314461830217e-07,1.5853542695409904e-08,1.8557850794072187e-07,0.10652634985658538,0.00019709746667195642,6.801262085808433e-07,5.268760448303702e-06,3.9584316182474704e-07,6.222430727378138e-08,6.230675205996994e-08,2.393536241667952e-07,3.94930718434934e-09,2.730581210068697e-08,0.0015303956350195857
23,9.179786873891346e-05,3.073343313416788e-05,7.379552534888316e-06,1.8204693737772696e-08,0.6956350151975372,2.1312957635328663e-05,0.0009540301424956433,1.458273005451835e-07,0.18970695883942723,7.939703993550795e-10,5.077597767663613e-05,2.167419292731462e-07,1.6665616156347544e-08,2.468545220986703e-07,0.11192369718075468,0.0002758950170990581,4.3835241443267166e-07,2.802486663779225e-06,4.7262249877627665e-07,7.839790902376987e-08,7.198800262364471e-08,2.423469055692372e-07,5.637288477013478e-09,3.175908741120908e-08,0.0012976151541639028
24,0.00010819254535857585,4.5993125654201276e-05,6.31638347595962e-06,2.492844324751079e-08,0.7391564607199995,2.0425130283916886e-05,0.0009551988641438705,1.7213704454646095e-07,0.16896979293881462,1.1273530545023507e-09,5.045645112589992e-05,2.4392988499315597e-07,1.602400671788727e-08,3.77991334208431e-07,0.08904092038074707,0.000276345135225895,4.6564635601651143e-07,3.0323709906435316e-06,5.04165070501893e-07,1.0243246019640579e-07,7.122873703936676e-08,2.409837676317026e-07,7.716180489379902e-09,3.4465167906901204e-08,0.0013646031783732951
25,5.339002078262239e-05,3.135515359043202e-05,6.332464337907994e-06,3.4738322432517734e-08,0.757689610679569,1.7859779617270358e-05,0.001521849276957587,5.490426092681965e-07,0.13592025771003705,6.765048239049506e-10,0.00017846940576751836,2.980262692251463e-07,9.449213364605262e-09,5.559044747063091e-07,0.10362435444341875,0.0003409084168903993,3.310400375475126e-07,1.9116629917816356e-06,5.552038440271748e-07,7.124096815669342e-08,5.8324943681105585e-08,3.2546017331984345e-07,1.0624372269726989e-08,3.7146759132056156e-08,0.0006108641075475529
26,0.00022806342411625828,2.807993814580101e-05,1.2598214112963793e-05,1.665373866845822e-08,0.7341142136408315,3.591216952858268e-05,0.000535132339491391,7.648141160226292e-08,0.22824646252500808,6.788474333703236e-10,4.8898474678343187e-05,1.4963975544425527e-07,3.2754585952640235e-08,1.4261129912816596e-07,0.03553511540994281,0.00014941220480489578,6.157098035295162e-07,3.949574451132364e-06,6.773272113799444e-07,8.955692376438564e-08,6.947485417632365e-08,1.0980174686523192e-07,7.92664422849416e-09,9.678027470897016e-08,0.0010600766877912821
27,8.02711843246466e-05,2.9692436890217955e-05,6.799215818321917e-06,1.9628962257508198e-08,0.615211160902968,2.011253266671875e-05,0.0009620781981615364,1.8274219105925839e-07,0.2203334781235303,7.121225684920689e-10,5.97798476177144e-05,2.555501939728435e-07,1.5865300111385395e-08,2.4473332616864076e-07,0.16174094815510912,0.00031869914149699753,4.625914224635337e-07,2.9184727501626466e-06,5.552841716510798e-07,7.298457345378011e-08,8.012687007349287e-08,3.8645372486459933e-07,5.351855798346356e-09,3.130131507325765e-08,0.0012317484626369441
28,9.179786873891346e-05,3.073343313416788e-05,7.379552534888316e-06,1.8204693737772696e-08,0.6956350151975372,2.1312957635328663e-05,0.0009540301424956433,1.458273005451835e-07,0.18970695883942723,7.939703993550795e-10,5.077597767663613e-05,2.167419292731462e-07,1.6665616156347544e-08,2.468545220986703e-07,0.11192369718075468,0.0002758950170990581,4.3835241443267166e-07,2.802486663779225e-06,4.7262249877627665e-07,7.839790902376987e-08,7.198800262364471e-08,2.423469055692372e-07,5.637288477013478e-09,3.175908741120908e-08,0.0012976151541639028
29,9.179786873891346e-05,3.073343313416788e-05,7.379552534888316e-06,1.8204693737772696e-08,0.6956350151975372,2.1312957635328663e-05,0.0009540301424956433,1.458273005451835e-07,0.18970695883942723,7.939703993550795e-10,5.077597767663613e-05,2.167419292731462e-07,1.6665616156347544e-08,2.468545220986703e-07,0.11192369718075468,0.0002758950170990581,4.3835241443267166e-07,2.802486663779225e-06,4.7262249877627665e-07,7.839790902376987e-08,7.198800262364471e-08,2.423469055692372e-07,5.637288477013478e-09,3.175908741120908e-08,0.0012976151541639028
30,9.179786873891346e-05,3.073343313416788e-05,7.379552534888316e-06,1.8204693737772696e-08,0.6956350151975372,2.1312957635328663e-05,0.0009540301424956433,1.458273005451835e-07,0.18970695883942723,7.939703993550795e-10,5.077597767663613e-05,2.167419292731462e-07,1.6665616156347544e-08,2.468545220986703e-07,0.11192369718075468,0.0002758950170990581,4.3835241443267166e-07,2.802486663779225e-06,4.7262249877627665e-07,7.839790902376987e-08,7.198800262364471e-08,2.423469055692372e-07,5.637288477013478e-09,3.175908741120908e-08,0.0012976151541639028
31,0.0002426332981958109,5.2254673889823214e-05,1.7433626415235652e-05,2.596431341135432e-08,0.727348348524313,2.6386557538388678e-05,0.001550665307019957,3.41977277138854e-07,0.18283579539893097,1.8275208880684594e-09,5.819082737401624e-05,2.523628365505623e-07,1.8165609231572362e-08,3.4315192944680565e-07,0.08616872960418002,0.000302006370338769,4.2755580277019426e-07,4.5914423946452435e-06,8.465531106013843e-07,9.92560555132191e-08,6.453633604138675e-08,2.1240417587588075e-07,7.510043057208337e-09,4.6418406479835274e-08,0.0013902766859924102
32,0.00010021142594619161,3.264293734743312e-05,7.459299972556776e-06,1.7167695116016595e-08,0.6846000352769764,2.247009803954815e-05,0.0009457992476448383,1.5562328320260508e-07,0.19697123430844113,8.157209241554256e-10,5.3279055615134205e-05,2.2100811605566583e-07,1.730717858099227e-08,2.4263250378015564e-07,0.11575250973482633,0.0002817038315197337,4.4345026535623275e-07,2.861284211156447e-06,5.87791904742622e-07,7.653882186139722e-08,7.179657484343081e-08,2.580521517198412e-07,5.500794090114375e-09,3.4852438829700913e-08,0.0012276609620105645
33,6.049374578485279e-05,2.6222262283236587e-05,4.491134976940207e-06,2.2646239415225358e-08,0.8017004816982016,2.0226046245298128e-05,0.0008763617560869926,2.133259454824472e-07,0.12502552483254387,7.821933542230887e-10,7.268042656413764e-05,2.1081890484332546e-07,2.0654230932785042e-08,3.5529020003226315e-07,0.07105646370610524,0.0002899565551482555,6.642371016249249e-07,2.0822245721715465e-06,5.288476530180576e-07,1.0164786493707077e-07,7.397657230750135e-08,2.87788694976215e-07,1.0897284906299878e-08,3.945844089365429e-08,0.0008624852401604269
34,0.0003485779852975456,4.4657721997404154e-05,1.264411292189853e-05,5.409919509465073e-09,0.4334817739012302,2.957615232792071e-05,0.0004781599705492044,1.297748471361046e-07,0.4603640653144684,3.498261309711382e-10,5.270702422263931e-05,1.9140042852102378e-07,2.0275972362025985e-08,8.51020053989992e-08,0.10444628403197254,0.0001970953228365982,2.6419738234543e-07,3.1564518313500678e-06,2.851972724988074e-06,2.944639592904005e-08,4.41612291407066e-08,2.0010666739063102e-07,1.3209855058885476e-09,6.781009434957605e-08,0.0005374106818653976
35,0.0006902895260875398,4.4691821460250506e-05,2.110582545067107e-05,2.7223921632321637e-08,0.46872441273749715,1.9150970240119022e-05,0.001848293734061844,3.7525919542874296e-07,0.44022304679666757,1.802315281315739e-09,3.644401563476366e-05,4.896948706366184e-07,2.3513597785857596e-08,2.2280231773110354e-07,0.0861326424971533,0.00032398338077942456,4.799274792976277e-07,2.0494316210399415e-05,1.0322279244332363e-06,5.7318111016362364e-08,1.1320090791980756e-07,4.188888671240815e-07,2.5102497841628393e-09,5.229902633834697e-08,0.001912147709972778
36,9.833008599961675e-05,3.1773415959655516e-05,7.76680780128353e-06,2.0166006647810817e-08,0.582680484383385,1.4382182711455771e-05,0.0013673114526746937,3.4937223279645683e-07,0.2268785471251184,7.736744221035314e-10,6.020252029433556e-05,5.192113796190309e-07,2.7056371045685516e-08,2.94635905164431e-07,0.18709722395167144,0.0005071059491325482,5.264467284430524e-07,2.9703370519397183e-06,7.683225258910168e-07,8.794340682022556e-08,7.567149159899483e-08,5.440959304150603e-07,4.1371004890306825e-09,2.8143148751451453e-08,0.001250655812297478
37,0.0003037540823296501,4.6208929735148125e-05,1.662679300266325e-05,2.8748519777963e-08,0.7372000129747335,2.3030305325855654e-05,0.0014936751439122947,1.5701460689547172e-07,0.20137064643216424,1.710033699444867e-09,5.50406813761749e-05,3.0530274836343815e-07,2.4124293163993856e-08,2.470463014988194e-07,0.0574781451023843,0.00020131219836187753,5.225823789287709e-07,6.271365134590471e-06,6.769337033426221e-07,9.838456100257785e-08,8.80054579179167e-08,2.255970828044398e-07,1.0295128196711064e-08,8.304574077591557e-08,0.0018028072009833942
38,0.00015309365524134096,2.8756974626650653e-05,1.0785584629688235e-05,8.24883814645887e-09,0.6666783189174015,3.797913568081044e-05,0.0008888910175755797,1.0075932135429414e-07,0.20448793609868335,9.417546766100943e-10,3.543267204987794e-05,1.090504066669056e-07,1.2542456837126077e-08,1.5748813899101768e-07,0.12617597885851367,0.0003062223233073095,2.1048695721962005e-07,2.767378179011454e-06,6.477684581636846e-07,4.5720953663712966e-08,3.828196624536209e-08,1.1357971460602069e-07,2.5561731580149203e-09,3.124377112744313e-08,0.0011923587152004433
39,8.424081647202677e-05,1.5330104409322236e-05,1.4730794734104793e-05,2.1256109142871142e-08,0.5877046113932023,5.300765948993978e-05,0.0009084952945926868,2.3137221582202052e-07,0.2595471758614128,9.4186411134979e-10,4.805468161809726e-05,2.0011041384502535e-07,4.1781712492733323e-08,1.5537318659358754e-07,0.14982234820268064,0.0005836274608843412,8.854088439655188e-07,3.973456432182997e-06,7.53747575641522e-07,1.0180886053081492e-07,1.6126963316662438e-07,3.195312005562962e-07,4.907969294967675e-09,4.584529723569766e-08,0.0012114809191891044
40,9.512172427313986e-05,3.2853597827407775e-05,1.0150107965298488e-05,1.1269070869674494e-08,0.5937248538658453,2.165838601855119e-05,0.000970259949797249,1.090236688685497e-07,0.21910125502832978,6.540886412774577e-10,4.506877107711112e-05,2.4743394844272217e-07,1.5818827022337574e-08,2.1856119060181232e-07,0.1841206867915055,0.00022336426735048708,3.23253261303653e-07,2.298549172784659e-06,4.959162041692792e-07,5.314064407348946e-08,6.221230290236783e-08,2.6828721790688127e-07,3.8262697276283955e-09,2.3380822400718065e-08,0.0016505961833206482
41,0.000236119144239833,0.0004474320122563492,3.490992197622652e-05,1.5524385890797368e-06,0.53707550376982,0.00023573248710072455,0.007160211023678009,4.226570318131034e-06,0.2167155535655556,1.0577014983167004e-07,0.0012407318642619245,6.57445193754323e-06,7.448903957127806e-08,1.641013964372567e-05,0.22481262219733222,0.0008186339910322962,2.2078194086111465e-05,6.829294350484899e-05,2.2786679635048975e-05,1.0636191195021752e-06,8.036902524859937e-06,4.5231495690231924e-05,1.4422495721162129e-06,1.1160890918862562e-06,0.011023557989844194
42,6.854362863116886e-05,2.7064962019441814e-05,1.0477495216576586e-05,3.119375350655321e-08,0.40209563553141964,2.9450688810076157e-05,0.0011906572914266856,4.811107308776668e-07,0.3177363235028092,1.1609669148199771e-09,7.381924943897667e-05,5.166070843510121e-07,3.3441911618397775e-08,1.9021205808754205e-07,0.2768862218287267,0.000962032078874792,6.177957886069961e-07,3.3307565718675422e-06,1.5717075675117084e-06,1.094748741686984e-07,1.6901063900741775e-07,9.338823636439539e-07,5.82518547263498e-09,5.8943654778268255e-08,0.0009117226194763621
43,6.627598014107401e-05,3.0063896444025202e-05,7.2144792554075354e-06,2.2628698711915277e-08,0.662560427019269,4.061405390195645e-05,0.0010118859977330712,1.9510592787395883e-07,0.19726072974867173,2.7567763498421e-09,3.3451527772470396e-05,1.6153674247225498e-07,2.1836806361326365e-08,2.579969516196893e-07,0.13698648619226203,0.0005258067034765689,7.351022844628036e-07,4.608933471329852e-06,6.992058889028846e-07,1.4692007936224027e-07,2.070816398299929e-07,4.3126981723968353e-07,8.208597635883039e-09,3.848587242609447e-08,0.0014695073315179367
44,9.179786873891346e-05,3.073343313416788e-05,7.379552534888316e-06,1.8204693737772696e-08,0.6956350151975372,2.1312957635328663e-05,0.0009540301424956433,1.458273005451835e-07,0.18970695883942723,7.939703993550795e-10,5.077597767663613e-05,2.167419292731462e-07,1.6665616156347544e-08,2.468545220986703e-07,0.11192369718075468,0.0002758950170990581,4.3835241443267166e-07,2.802486663779225e-06,4.7262249877627665e-07,7.839790902376987e-08,7.198800262364471e-08,2.423469055692372e-07,5.637288477013478e-09,3.175908741120908e-08,0.0012976151541639028
45,9.272269184299776e-05,3.126795503765943e-05,7.285138452371448e-06,1.8225345442534918e-08,0.7009815548334071,2.12217573617009e-05,0.0009459275193590115,1.4104054442929426e-07,0.18815105141253632,8.03035098281334e-10,4.9879757299437706e-05,2.1688549398254558e-07,1.676186677921471e-08,2.5107068918770657e-07,0.10812390641861655,0.0002671808034567622,4.4626137297640773e-07,2.8175502529041504e-06,4.6785264359012267e-07,7.906868358324908e-08,7.320296529569027e-08,2.3983988282982066e-07,5.778592069649049e-09,3.179360897845274e-08,0.0013231955776526751
46,6.701180078455207e-05,1.8307165692057408e-05,6.681973832069062e-06,3.917454868136006e-08,0.7177015239225638,3.7646901571105707e-05,0.0005714632490082604,1.9491338328990484e-07,0.15417460841287509,6.612321508101718e-10,9.497535428830017e-05,2.8911437612588177e-07,5.847179778495212e-08,3.123860533990052e-07,0.1252101185056033,0.0003393831754240176,3.2951030555806006e-06,3.785529173670661e-06,6.475155004781974e-07,1.7812687837326307e-07,1.8877477128326546e-07,7.49946520697863e-07,1.7273672703224333e-08,6.089489417383071e-08,0.0017684616524992233
47,0.00015416910452638403,2.96098116407857e-05,8.530558739793895e-06,1.50963819974914e-08,0.5820638577685324,1.6814507961802156e-05,0.0010662267590198877,1.3279156722220002e-07,0.27949054786717553,9.35882059866677e-10,2.911365079426201e-05,4.551534909889682e-07,4.265879052054815e-08,1.7907996153900757e-07,0.13478589587189074,0.0004286769385734383,7.056080752086187e-07,4.356675801344706e-06,7.072971042176436e-07,9.516938165685567e-08,1.1647479895583332e-07,4.454388562250964e-07,3.5944069659450243e-09,3.583734012114039e-08,0.0019192653493058257
48,0.00012301598632515393,7.010959831359653e-05,5.99035177719529e-06,1.5161501384704795e-08,0.7470138671938086,3.245724067245345e-05,0.0009373496129666192,1.9247117311024668e-07,0.1775533683206689,1.1708288390008022e-09,7.288130559892088e-05,1.8703153654463037e-07,1.6754499257358427e-08,2.5526176672245804e-07,0.07325516258200447,0.00022632983097792354,4.844607936964269e-07,1.684644635894753e-06,2.3881602761622527e-06,7.09540859427629e-08,6.47626732141825e-08,2.516625591227657e-07,9.488461519748084e-09,6.98543205614991e-08,0.000703776137774275
49,0.00010196827635296704,3.341180066358536e-05,1.1455407264817612e-05,2.8498848903264686e-08,0.6342524272610177,2.6878833251712633e-05,0.0011511131024532855,1.615970467718096e-07,0.23259221537420927,1.023845101998429e-09,5.8772080592021594e-05,3.356845535572169e-07,2.3547763377127746e-08,2.892125817114235e-07,0.1297542652443456,0.0003150060730912219,4.922904795898868e-07,3.404238801073524e-06,5.076411954433551e-07,9.431951235252152e-08,1.043309151376925e-07,3.1903987246271016e-07,8.166621699546516e-09,4.4917970595779744e-08,0.0016966720367500901
50,0.00010320975699939783,4.403963330959065e-05,7.832328847615067e-06,1.84241681681634e-08,0.7914818065471978,1.567932075951563e-05,0.0028250353648110217,2.823706059133482e-07,0.09436169653136661,2.6836434816221593e-09,4.453257383952533e-05,3.3283908457888034e-07,1.5162844316089986e-08,5.498796766045764e-07,0.10870598441209198,0.0002783175932375223,3.897587103124913e-07,3.1316786833716966e-06,5.609002029288788e-07,8.74280802134114e-08,6.733010134487205e-08,2.9276206130907824e-07,8.598305971105274e-09,2.0798010130831007e-08,0.00212610532336065
51,0.00020356630011556128,0.00018821978396782053,1.0541298997362869e-05,7.017325068134272e-08,0.455988434803426,1.907799468849358e-05,0.0016496285312952762,4.6103403422691686e-07,0.3416281580548137,1.7512432852377248e-09,9.685442881139456e-05,6.776914887851672e-07,7.777751243072794e-09,7.876452357696881e-07,0.1982086788111569,0.0002487878856535945,3.8270695600233457e-07,5.1575452883645995e-06,1.3233233637607087e-06,6.759025725616386e-08,1.0068641119580486e-07,8.62389103758477e-07,8.609474851744504e-09,4.074603011691623e-08,0.001748102437184565
52,9.558376705377005e-05,2.644700941397341e-05,7.042424115080765e-06,1.5698274044641112e-08,0.688003624488198,2.2455395529780404e-05,0.0008472276515143843,1.3502201275008843e-07,0.19097785388853986,7.24047964810812e-10,4.865659789139134e-05,1.7764924234253598e-07,1.536290141188889e-08,2.2765401691653508e-07,0.11840163651678472,0.00026820462238550817,4.192826541434384e-07,3.125701850719755e-06,4.3556903275835443e-07,7.068106668229364e-08,6.318663028152383e-08,2.244748578487741e-07,4.711157837346964e-09,2.903552296618402e-08,0.0012963228853049753
53,3.855588568169723e-05,2.1338157475484074e-05,5.968169330171618e-06,2.1512219997539252e-08,0.7265170626444166,1.316234672556283e-05,0.002256007603469625,2.2608010155675398e-07,0.12222490373385213,9.372671450254956e-10,7.18310269414169e-05,3.53937966499035e-07,1.339076775656122e-08,3.3109938081667404e-07,0.1471914242056475,0.00034157981041285987,2.913673386266973e-07,1.950854091078966e-06,2.9405803171288737e-07,7.198743889815425e-08,6.780822199362197e-08,3.1723099661818656e-07,7.312311854901915e-09,2.2856064538092864e-08,0.001314195983847669
54,8.275610855214276e-05,2.412714261793083e-05,7.838974706107308e-06,2.0580206004719422e-08,0.6973240032956981,2.3053123066918165e-05,0.000928942759099112,1.6560890516805812e-07,0.20166373011859098,6.679715967126052e-10,6.458354780845631e-05,2.2035518090578816e-07,2.0013001550106294e-08,2.1319522022636045e-07,0.09855243897376405,0.0002977229065016688,5.045341221934095e-07,2.891763237202041e-06,4.999718120719256e-07,8.129350452096967e-08,8.522194600562194e-08,2.569697855817726e-07,6.265709606124286e-09,4.257372954507198e-08,0.0010257940352621114
55,0.00012639949570873672,3.1927808963317274e-05,9.786767672542863e-06,2.1231115275488357e-08,0.5818858040059995,2.1603686153542556e-05,0.0010573968093277673,1.5043888178082073e-07,0.29496806469097275,8.18112775647107e-10,4.519208840757767e-05,3.6868511667002256e-07,2.5711157888827593e-08,2.1816954708026317e-07,0.12002140217910166,0.0003420746255348025,4.293065192828708e-07,4.011749163589465e-06,5.64011395770373e-07,7.846911101866686e-08,9.657135184876743e-08,2.995874963202817e-07,4.28516354780989e-09,4.1354835370527256e-08,0.0014840374531895843
56,9.53249985588079e-05,3.099531380636366e-05,7.708345507358956e-06,1.8868095421557357e-08,0.6944427368019885,2.217140283812978e-05,0.0009681276946748122,1.5035350795897005e-07,0.1908665765332325,8.31253805987768e-10,5.3244349593651445e-05,2.452370610104997e-07,2.0288999750126982e-08,2.5965543815214814e-07,0.11187774792696593,0.0002839948403184523,4.874692465568497e-07,2.8961026392180437e-06,5.185009572174945e-07,8.540027963031064e-08,7.73071862853152e-08,2.630254422163452e-07,6.054891708935024e-09,3.533927881522819e-08,0.0013463073582378549
57,9.196787856485565e-05,3.204587528580366e-05,7.3774608203733e-06,1.9682441969264174e-08,0.6544091332874733,1.7953805528909024e-05,0.0010654944662031064,1.7573423381019448e-07,0.21344803294003198,8.994878814920989e-10,4.526797198707033e-05,3.727579226102337e-07,3.021391744562058e-08,2.4974098962012473e-07,0.12904309371444048,0.00036952416190161026,6.14917825165931e-07,2.8758812141719275e-06,6.16414993058036e-07,1.096331993835151e-07,9.454826924568853e-08,3.787830421653903e-07,5.89361319770511e-09,3.476734362552818e-08,0.0014645285692693778
58,0.00011410193990510101,3.257419257902003e-05,8.776279206997465e-06,2.0119246790660127e-08,0.6927648421143496,2.3973869834952214e-05,0.0009898154783044902,1.492902357974398e-07,0.20929180475921097,8.176722211545387e-10,6.0219779093556915e-05,2.638364265953591e-07,2.1855042768652118e-08,2.413942114037222e-07,0.09521617124655576,0.0002752089405226108,4.5474497060926147e-07,2.999258340741802e-06,6.187151426294528e-07,8.270802392571797e-08,7.751579854902296e-08,2.4434268142518853e-07,6.7253089123670134e-09,4.9357039577214214e-08,0.0012172807202949756
59,0.00010759208629104596,3.163665054571117e-05,9.884935790369982e-06,2.129040849904333e-08,0.6729938917230796,2.4725191938317824e-05,0.001001955357982381,1.5220961679185677e-07,0.2206952851880562,8.2549043562711e-10,5.954823985884044e-05,2.5163563405346317e-07,2.0214130628593583e-08,2.230920012670398e-07,0.1035891965024692,0.0002951983811897287,4.2071676304160137e-07,2.9212052351594024e-06,5.718185295428073e-07,8.479851077329283e-08,8.017052004641574e-08,2.415171486030601e-07,6.575563337773475e-09,4.8928283078831153e-08,0.0011860407449632137
60,9.179786873891346e-05,3.073343313416788e-05,7.379552534888316e-06,1.8204693737772696e-08,0.6956350151975372,2.1312957635328663e-05,0.0009540301424956433,1.458273005451835e-07,0.18970695883942723,7.939703993550795e-10,5.077597767663613e-05,2.167419292731462e-07,1.6665616156347544e-08,2.468545220986703e-07,0.11192369718075468,0.0002758950170990581,4.3835241443267166e-07,2.802486663779225e-06,4.7262249877627665e-07,7.839790902376987e-08,7.198800262364471e-08,2.423469055692372e-07,5.637288477013478e-09,3.175908741120908e-08,0.0012976151541639028
61,0.00010848003146752998,3.195234036781286e-05,9.588108238596795e-06,2.0381150057479256e-08,0.6785274841630006,2.398887753549452e-05,0.0010188836793749545,1.5563630553668907e-07,0.21334110863188616,8.454540772363908e-10,5.879692565972972e-05,2.55308210637643e-07,2.0808726201869216e-08,2.2858838216292913e-07,0.10537054567709575,0.00028985128671256047,4.3094435960021035e-07,2.9865292615805274e-06,5.819475914418762e-07,8.509294627058577e-08,7.90970171338827e-08,2.476634960081162e-07,6.432494462828893e-09,4.70142424119627e-08,0.001214173989023414
62,9.179786873891346e-05,3.073343313416788e-05,7.379552534888316e-06,1.8204693737772696e-08,0.6956350151975372,2.1312957635328663e-05,0.0009540301424956433,1.458273005451835e-07,0.18970695883942723,7.939703993550795e-10,5.077597767663613e-05,2.167419292731462e-07,1.6665616156347544e-08,2.468545220986703e-07,0.11192369718075468,0.0002758950170990581,4.3835241443267166e-07,2.802486663779225e-06,4.7262249877627665e-07,7.839790902376987e-08,7.198800262364471e-08,2.423469055692372e-07,5.637288477013478e-09,3.175908741120908e-08,0.0012976151541639028
63,9.550343550204724e-05,3.73246893140544e-05,7.060974659848628e-06,1.816131910799692e-08,0.6986494404166315,2.0989993845736656e-05,0.0009121573401229462,1.3906467741383108e-07,0.18643535283163254,8.578807319470553e-10,4.9422902443248705e-05,2.1604554117072402e-07,1.560828541110618e-08,2.6214958759462177e-07,0.1122111171506094,0.00026007816846151087,4.328573611405808e-07,2.6717287668746684e-06,5.095111116042169e-07,8.060078542196763e-08,7.140402929583243e-08,2.4578079655989815e-07,5.8888770336099194e-09,3.152507207974255e-08,0.0013168509126858766
64,8.39723125275655e-05,3.292637325515088e-05,7.708312700569487e-06,2.1344872939824817e-08,0.6716618654202864,2.3870365823224052e-05,0.0009930429543410315,1.4111923563874399e-07,0.2066225391817535,9.813678305200749e-10,4.704897392172534e-05,2.6077527051679114e-07,2.0826334899199815e-08,2.7412479727870757e-07,0.11872958498805797,0.00029613985918564944,5.284703883124622e-07,3.0881410491279548e-06,5.008731075200291e-07,9.303063255203101e-08,1.1141937948730001e-07,3.0345933748344064e-07,6.680035177283914e-09,3.480390445139647e-08,0.001495915208434196
65,5.493605229568592e-05,6.987601636146732e-05,1.4845305083163474e-05,1.0192880189248352e-07,0.7827516024044698,4.9573712556336236e-05,0.004628405983002252,6.659027771061092e-07,0.06353596669693476,1.5304532117115308e-08,5.2427548483691934e-05,2.86364243673831e-07,1.1032774405340721e-08,1.8183319643948994e-06,0.1441941177023935,0.0003933029515370061,7.325207998362685e-07,4.371208519694003e-06,4.627120793424073e-07,2.6260815645702883e-07,2.62919674587368e-07,3.96177570592857e-07,4.504485285796276e-08,2.2517520986260804e-08,0.004245491052614302
66,8.509312875055375e-05,4.120841814537909e-05,7.025716228027002e-06,2.5590866620949005e-08,0.6192632275454782,1.8185517071532804e-05,0.0012309092086158792,2.2988738634711505e-07,0.2166487809521645,8.26177271051473e-10,6.20822441253264e-05,3.4414447967699474e-07,1.3630551349952669e-08,3.585111062943129e-07,0.1608903310621889,0.0003228324630369072,3.8938489546273355e-07,2.7786316149616887e-06,5.418445174786931e-07,7.000863261193325e-08,7.500228408143925e-08,3.7310110420909745e-07,5.878947364601501e-09,2.640718043586452e-08,0.0014250908944506467
67,7.366689826851714e-05,2.2880326965076204e-05,7.492975395936174e-06,2.485695316182564e-08,0.7504414970743826,3.0316796453447772e-05,0.0007964073525468102,1.245877415925276e-07,0.15980832292647912,8.214920860872573e-10,5.427833451650543e-05,1.9127985313865458e-07,2.3413812471051447e-08,3.124345814775994e-07,0.08701558664557076,0.0002700377685092889,6.021543997706984e-07,2.8669154035685036e-06,3.425366996670158e-07,1.0610068215527995e-07,8.935266633810553e-08,1.9873471798836933e-07,9.27650967572168e-09,3.8126307186717874e-08,0.001474582309091808
68,0.00012297553377300165,3.582410442530329e-05,1.1124440019127233e-05,2.651585569797134e-08,0.6562675512537065,2.5115110469678516e-05,0.0011062149429909597,1.642197952044991e-07,0.24193381164339775,9.946550537818723e-10,5.3384000571004665e-05,2.909488732663724e-07,2.0153275203085242e-08,2.6777165007754054e-07,0.09869058610523342,0.0003004630475690285,4.593824601294919e-07,3.6247352153333385e-06,5.299809614017256e-07,8.667117262439544e-08,1.0110187288207556e-07,2.630398103409748e-07,7.034937414049932e-09,4.4957852935037894e-08,0.0014470623094567142
69,5.1544774705943005e-05,3.741547249933386e-05,1.1017610887374953e-05,4.586026755929618e-08,0.7364144445378357,3.1199146815471466e-05,0.0013395705287696097,2.5624981985671545e-07,0.16534711466096855,9.696727571720326e-10,0.00014995087311801163,2.9270197259626665e-07,1.5650118133247265e-08,3.288750614877699e-07,0.0955703495272336,0.00035414500088718577,3.2925632127965255e-07,1.5966334647286848e-06,6.306120121754379e-07,1.13017558110336e-07,1.0964517947404797e-07,2.4696793988112987e-07,1.9012931256103413e-08,9.23873886219893e-08,0.0006891700265711174
70,8.42322064576558e-05,3.2803075344552026e-05,6.592945979992239e-06,1.741495066092424e-08,0.6974033441758245,2.2804902811332245e-05,0.0009126249815847654,1.2734428336064723e-07,0.19299832911068618,7.656282106966331e-10,5.5619675657191326e-05,2.1151153031699351e-07,1.6023442029067096e-08,2.3577183736220007e-07,0.10703791543204691,0.0002442497431700804,4.4253288759287274e-07,2.573017488645963e-06,5.624782112669018e-07,7.16485679369805e-08,8.137112614376039e-08,2.5543681996269595e-07,6.413826657211935e-09,3.713677531260663e-08,0.001196844883061651
71,5.27117499701401e-05,3.557927617416703e-05,3.0077584764728222e-06,1.3651799526747523e-08,0.8462103033666415,1.1097154778278558e-05,0.0006602517978170304,9.080199072543227e-08,0.09459610469266116,1.1010273443574638e-09,2.1731888695251855e-05,1.3942989452437018e-07,1.5909933020734864e-08,2.585308144122001e-07,0.05708099875477368,0.0002552517547199332,4.059643967315267e-07,1.459519839460622e-06,2.5639131687324326e-07,1.8320458718870064e-07,4.938739080552017e-08,1.2367852730836093e-07,6.868409996262879e-09,2.0243405500427953e-08,0.0010699371219590336
