,0,1,2,3,4,5,6,7,8,9,10,11,12,13,14,15,16,17,18,19,20,21,22,23,24
0,0.5019916217349303,0.038765149177576,0.0002131699787286673,1.196619528732941e-05,0.0024927445129616544,6.305005597241369e-05,0.0018531930423709858,0.00020392748027174397,0.0003108493779222405,2.235121164126443e-06,0.08790095345277808,0.0007858724978453655,1.0457967586785355e-07,0.00015469665620215342,0.3314459626966323,1.4592237232857827e-06,0.0012193405038249095,0.0005369137432738199,0.007381527549238769,2.479313535066565e-09,0.0008632606531449113,0.010026527266202517,0.0005656363673230417,0.005411610637582641,0.007798225016053399
1,0.4070828329856662,0.0431672696412288,0.00021588142887795435,1.387363651690043e-05,0.002419447177227497,6.38464488577064e-05,0.0020419920717082876,0.00030695559657745625,0.0006118716032967724,4.03992912129599e-06,0.06392490115290482,0.000575571559105498,8.466684625298702e-08,0.00015772741067126628,0.4351865522006757,2.105883540404427e-06,0.0010563821142291518,0.00036661004636570605,0.014480179224065085,2.7449034515312525e-09,0.0012029052431169424,0.01085411303781672,0.0004228500096659256,0.0043359695541693175,0.011506034632844907
2,0.3705838162729438,0.029040584122657323,7.169515733118128e-05,6.800675552943194e-06,0.001310117245164583,4.276716561040386e-05,0.0011282761290622289,0.00013302286755154794,0.00013425562146713658,1.5725272125078793e-06,0.04300168639832647,0.00047135853631288734,3.965795785303086e-08,0.00010748059449003995,0.5205344438694576,1.443408261165498e-06,0.0014401903218536514,0.0003266770808723126,0.005703392617632987,1.1883363146690486e-09,0.0009168776005042508,0.012227002062864095,0.0008653281297193769,0.0034658795637360425,0.008485291185121365
3,0.4987815976018775,0.04535607697733341,0.0001587557219156635,1.3194487993947085e-05,0.002290251405034055,4.912855688957661e-05,0.0016080468420101796,0.00022550449069085748,0.00023044176113934503,2.5017272325133157e-06,0.06991082191142961,0.0007193119509114849,8.042517477226288e-08,0.0001539891336724264,0.3413884853008076,1.2479015838381479e-06,0.0016255709134635192,0.000608339530739811,0.007370585372716686,1.904735639388842e-09,0.0011128861843211332,0.011783073520432563,0.0006313298241597366,0.005754483445001591,0.010224293108732652
4,0.4908133338069717,0.05036152256965868,0.00019187687466517205,1.4483352231015842e-05,0.0027402049200245934,5.599357984097445e-05,0.0017410076784497382,0.00021498273930283996,0.0002489206516686595,2.6617719141780023e-06,0.07509395184900006,0.0007792854313394312,1.1057873395737916e-07,0.00019169129885565598,0.3385609773725904,1.2810394826481873e-06,0.001610548324545942,0.0006506733384695912,0.007025650497918939,2.1900531724303106e-09,0.001058392092600494,0.012148980986877129,0.0006634154309635256,0.006244689018495365,0.009585362605346206
5,0.5146851376030275,0.05393237482999674,0.00016404638043960736,1.9389541303312012e-05,0.002860692122312356,5.541571707197165e-05,0.0017008287092966578,0.00026670149320761976,0.00020171142428110884,3.179672789709094e-06,0.08055558436012981,0.0007863233545536341,9.784049297584252e-08,0.00017705777469875856,0.30147628514616576,1.2425825538625505e-06,0.0019782621618174515,0.000954419929616845,0.006844395670179447,2.1951781844826655e-09,0.0014226125385456948,0.012099097515081245,0.0008228601017823203,0.007605161935170854,0.011387119400306728
6,0.4987815976018775,0.04535607697733341,0.0001587557219156635,1.3194487993947085e-05,0.002290251405034055,4.912855688957661e-05,0.0016080468420101796,0.00022550449069085748,0.00023044176113934503,2.5017272325133157e-06,0.06991082191142961,0.0007193119509114849,8.042517477226288e-08,0.0001539891336724264,0.3413884853008076,1.2479015838381479e-06,0.0016255709134635192,0.000608339530739811,0.007370585372716686,1.904735639388842e-09,0.0011128861843211332,0.011783073520432563,0.0006313298241597366,0.005754483445001591,0.010224293108732652
7,0.5307995778640501,0.059335420903279465,0.00021160870581777064,1.2601276657134434e-05,0.0017600591969422217,4.0415739279298665e-05,0.002170928782691682,0.00019641918395657575,0.00028871911357144245,2.073267992926843e-06,0.09293456912841767,0.0006331481886961148,1.361879646198469e-07,0.00013583865354694857,0.27803168728510563,7.94145656313612e-07,0.001371497108330601,0.0006503536238405465,0.005484367530428899,2.465216307297018e-09,0.0007027144406589937,0.008966127671698318,0.0004209689386368044,0.007402070299292725,0.008447900298270845
8,0.5611896737106593,0.046082073107605606,0.00018037147993923896,1.8199155437711543e-05,0.002046388597749692,2.3087185974255097e-05,0.00162431966587319,0.00028964479304374426,0.00016494622080031595,3.543209497143337e-06,0.02615154445807442,0.0004832986737104797,7.66591079616441e-08,0.0001310882457514636,0.31176509631946725,1.4947545863526565e-06,0.0022789066695572658,0.0004302829244255597,0.0050897826008133714,1.5210670231674782e-09,0.0010831910081628108,0.0078840854149151,0.0008146996286128471,0.011993977399008524,0.02027022659615939
9,0.5609255653856408,0.0724662359974127,0.00041827095160403195,2.0762447613442326e-05,0.0026435899085980267,1.8495335289630497e-05,0.001927816573981626,0.00032813642807917153,0.00035100102399207854,3.398260936314541e-06,0.038100540093747685,0.0004909168458901806,1.7796206458767232e-07,0.00012185874207630215,0.2672646883523071,7.841351291788065e-07,0.002282871160216306,0.00046196415451448284,0.004431607387662452,2.0326160937178705e-09,0.0007307525378440865,0.00553612861294073,0.00038420154711454077,0.021705623433951424,0.019384610688776834
10,0.4987815976018775,0.04535607697733341,0.0001587557219156635,1.3194487993947085e-05,0.002290251405034055,4.912855688957661e-05,0.0016080468420101796,0.00022550449069085748,0.00023044176113934503,2.5017272325133157e-06,0.06991082191142961,0.0007193119509114849,8.042517477226288e-08,0.0001539891336724264,0.3413884853008076,1.2479015838381479e-06,0.0016255709134635192,0.000608339530739811,0.007370585372716686,1.904735639388842e-09,0.0011128861843211332,0.011783073520432563,0.0006313298241597366,0.005754483445001591,0.010224293108732652
11,0.5061162983920149,0.047629208874286434,0.00016752700030963253,1.357945792139823e-05,0.002323316212517539,5.0225446257620905e-05,0.00165833068553052,0.0002213070382044678,0.00023266032639205226,2.514480694779152e-06,0.07222076845149741,0.0007468669355074557,9.324926851881351e-08,0.00016222738867463602,0.32958479464380247,1.2173522459734931e-06,0.0016562974997203696,0.0006468441163547538,0.0069895942186248,2.0609937942629825e-09,0.0010608343128936007,0.011861448367498351,0.000638082910092064,0.006031893261768359,0.009984067316927985
12,0.6253895803799419,0.04786346203975809,9.733982680035394e-05,1.6816314790981625e-05,0.005365975213291495,7.72017324121524e-05,0.0008275458273516724,0.00014010100803035785,2.4702282554114568e-05,2.3108980922176833e-06,0.06071341610698199,0.0022660971158707673,9.948844238237375e-08,0.000434472059450307,0.1923124923284562,1.587194779863435e-06,0.004626974820972907,0.002482987997131609,0.0030442886167225173,1.4924141110881482e-09,0.0017842958916785621,0.03518660518161088,0.003424449266033153,0.006980630069354261,0.006936566847077126
13,0.48106000579480734,0.03475591427801652,0.00018455794953178872,1.088177018644356e-05,0.001994244116839462,3.9062725335958776e-05,0.0013452882423509445,0.00019593356585100879,0.00022020575045016749,1.2879879018594052e-06,0.1056228347140149,0.0012287092062369706,7.448035322805422e-08,0.0001604813668394384,0.33725940486587663,8.660657756000734e-07,0.0017296963363064677,0.0005319944595281526,0.006789439346012188,1.9693849336179063e-09,0.0011147215885535125,0.012940023042296217,0.0005316144543642829,0.003944586461173255,0.008338169462012794
14,0.06607101097596393,0.6140901457407524,0.00016549936525770247,3.12983694128541e-05,0.00855932263200141,8.526449188952429e-05,0.0013820682487333995,0.0003241064536580458,0.0007411815279038622,3.3444107991932413e-05,0.0935916769910078,7.950267489457073e-05,4.113806551779375e-07,0.00010266948567321901,0.173563551865344,3.9913245273007427e-07,0.0007210519032123447,0.0011236842806961662,0.006625856745106133,2.627925368074612e-09,0.0011401152275536113,0.008233058127920998,0.0001824006368850458,0.019057491264385606,0.004094785742722148
15,0.4987815976018775,0.04535607697733341,0.0001587557219156635,1.3194487993947085e-05,0.002290251405034055,4.912855688957661e-05,0.0016080468420101796,0.00022550449069085748,0.00023044176113934503,2.5017272325133157e-06,0.06991082191142961,0.0007193119509114849,8.042517477226288e-08,0.0001539891336724264,0.3413884853008076,1.2479015838381479e-06,0.0016255709134635192,0.000608339530739811,0.007370585372716686,1.904735639388842e-09,0.0011128861843211332,0.011783073520432563,0.0006313298241597366,0.005754483445001591,0.010224293108732652
16,0.5252262184975631,0.04834844075897797,0.00011797784706784958,1.6214153571782364e-05,0.0019720606415547745,6.39249916307573e-05,0.0018239125000074623,0.0002802725046821054,0.000186148184450674,4.241586390123831e-06,0.07281097893672664,0.0007664316652724151,6.32596012314376e-08,0.0001534933794525582,0.3020675006960481,1.8525572453248666e-06,0.0018008651389610996,0.0010206146175426875,0.008163980366988713,2.391067754791038e-09,0.002085597287176032,0.015708372888102676,0.0007830474853337606,0.005598497398462002,0.010999290266122317
17,0.6021168173728649,0.04107583675796598,0.00018538287732144894,2.2284803889612394e-05,0.0027415738493226627,5.7386927071794206e-05,0.0017971823034983406,0.0002263485385642053,0.000152090657034436,2.575780766557819e-06,0.073522227740619,0.0011395517800541438,1.0102511718227976e-07,0.00027529612276409627,0.23568707922210377,1.4930253272656668e-06,0.0017680677828195758,0.0009715641941141413,0.005899684223808897,2.492594914036772e-09,0.0013863501670399252,0.011621799674631636,0.0010476759011671718,0.005785099870483958,0.012516526909054415
18,0.7243308308031574,0.03535751845597368,0.00011584242960033986,8.926077885549422e-06,0.0010685143871665323,1.609667163735047e-05,0.001145427147615445,0.00017336817542454465,7.856983580815832e-05,1.5226160001395026e-06,0.032187170491485874,0.0009273395514086337,6.07437030993354e-08,0.00010426562770097638,0.16499644511469078,6.814493269819738e-07,0.002731590627441245,0.0007859116880670157,0.0035873985497084262,1.143549137318275e-09,0.0008303761076712093,0.012475669543670824,0.0004932358426207944,0.0071620420799363696,0.011421194838749444
19,0.4537513728301415,0.06521190341589009,0.0003957091837907621,2.1035723076800818e-05,0.0049437106965735745,6.290650778256319e-05,0.0017214258637601803,0.0003507584233202645,0.00048273160563395414,4.09945492683444e-06,0.08791841938564969,0.001245368491330921,1.8225522364262595e-07,0.0002629169755507432,0.3341050525643312,1.2625881035220414e-06,0.0019690053143718903,0.0007049264755998033,0.009241042689792226,3.366148587561415e-09,0.0012160290723407707,0.016766398407701028,0.0004904569485558345,0.007520814687151458,0.011612467073252072
20,0.36976850249395127,0.049876816963766356,0.00013297508302086036,1.1472414721891656e-05,0.0026707359551084095,3.894709891364628e-05,0.0011424903774291501,0.00035527375721514245,0.00024500801025533836,3.189226597167659e-06,0.053192052374943254,0.00071893766747683,6.33184181032395e-08,0.00013016464693973529,0.4679313970008916,1.1668624873870026e-06,0.0025899871032819544,0.0005225274041444995,0.009233284465304623,1.7402396100952615e-09,0.0014731439249875064,0.023711222753182385,0.0006169280146783409,0.005986953459321571,0.00964675788272337
21,0.6813174878232335,0.026314871334181686,0.00017268211866753634,1.3409555333934303e-05,0.0016606185022535057,5.5477130457165874e-05,0.0020830006612597564,0.0001531155313089537,0.00013018475116671632,2.008173923625016e-06,0.06466098561090194,0.001182835295212175,9.917328076338301e-08,0.00019141771749653496,0.19328967621264448,1.910482380290091e-06,0.0011964300573616966,0.000726819398272683,0.004668202825366831,2.522773751245721e-09,0.0009610104500494824,0.0076026411628366325,0.000753610090813572,0.004696396589001493,0.008165106829821276
22,0.5568607948595182,0.0352678198862013,0.00014735512462933368,1.2904532131271493e-05,0.001950921362815372,5.6260451956465817e-05,0.0015514038415498114,0.00022232798268815128,0.0001550258085092402,2.1621532426216064e-06,0.09500061459049926,0.0009551257586785383,6.232439962490741e-08,0.0001481349806873639,0.2689622734939045,1.3774970102239493e-06,0.0019410134845055723,0.0010169682948952218,0.005938604707452989,2.243572299865489e-09,0.0016073491504954062,0.013979733904902742,0.0007624989150820416,0.005380016728978076,0.00807924792169437
23,0.4987815976018775,0.04535607697733341,0.0001587557219156635,1.3194487993947085e-05,0.002290251405034055,4.912855688957661e-05,0.0016080468420101796,0.00022550449069085748,0.00023044176113934503,2.5017272325133157e-06,0.06991082191142961,0.0007193119509114849,8.042517477226288e-08,0.0001539891336724264,0.3413884853008076,1.2479015838381479e-06,0.0016255709134635192,0.000608339530739811,0.007370585372716686,1.904735639388842e-09,0.0011128861843211332,0.011783073520432563,0.0006313298241597366,0.005754483445001591,0.010224293108732652
24,0.47002833511767617,0.07989320386411228,0.0002111425272109491,2.6858167159769716e-05,0.004427423933896916,8.192343367475485e-05,0.0019149895443096407,0.00027817835684785033,0.0002661384623494503,4.964530226392676e-06,0.0866669252435315,0.0009150290045572772,1.5523000118347498e-07,0.00031509336426426297,0.30648623294206373,1.5486941561031073e-06,0.0016992399897390047,0.0010394840350075756,0.009120907975182795,2.961053296253716e-09,0.0015806775443891533,0.014940553672135478,0.0008583680489112341,0.00676101697568994,0.012481606381853291
25,0.5972267675189069,0.03138624516067418,0.00018977120727398046,1.8781256528668843e-05,0.0018027834113228441,3.174587703935558e-05,0.0022500006139507343,0.00033463170059170303,0.00015513945780856636,1.525754174942989e-06,0.12822119944059449,0.0012660316833664087,1.0277553704968048e-07,0.00014923301698003917,0.2026842534993975,9.900000086041664e-07,0.0021240352556195267,0.0008374210187524209,0.006827312867390435,3.1870693857693573e-09,0.0012382110303446848,0.009456927746429781,0.0006815602515888408,0.006120326252457437,0.006995000016191624
26,0.10624067126749351,0.032432999595414826,6.693515243561885e-05,1.45191340603099e-05,0.0037828872910417167,0.00022936558787530533,0.0012698621422506115,0.00011805238113063294,0.0003238915209130854,4.341479576457864e-06,0.07502614146931583,0.00048457842546984446,2.549378248362371e-08,0.0005376918072228437,0.7268629418912209,4.461434601321779e-06,0.0002371104534977944,0.00016068098886463147,0.026566255985913476,1.834841944535398e-09,0.002455386221702164,0.012539264798079439,0.0008347362221030847,0.00042632674695574556,0.009380870674236359
27,0.4026026352578098,0.03865182942438229,0.00012079638987339506,8.556615164694157e-06,0.0015076525518917237,5.1098089510053074e-05,0.0013103964762056538,0.00021947563225581794,0.00034487482252395303,2.6815147299482877e-06,0.04652828603243199,0.0004370205335428224,4.5107453189310736e-08,9.906101792280738e-05,0.46691733025095056,1.3434400339310817e-06,0.0012336014087941743,0.0003959425703307117,0.007735980468510079,1.7596840023037676e-09,0.000966844453672709,0.014438338864111956,0.0004662526723170445,0.00416615679720135,0.01179379784869535
28,0.4987815976018775,0.04535607697733341,0.0001587557219156635,1.3194487993947085e-05,0.002290251405034055,4.912855688957661e-05,0.0016080468420101796,0.00022550449069085748,0.00023044176113934503,2.5017272325133157e-06,0.06991082191142961,0.0007193119509114849,8.042517477226288e-08,0.0001539891336724264,0.3413884853008076,1.2479015838381479e-06,0.0016255709134635192,0.000608339530739811,0.007370585372716686,1.904735639388842e-09,0.0011128861843211332,0.011783073520432563,0.0006313298241597366,0.005754483445001591,0.010224293108732652
29,0.4987815976018775,0.04535607697733341,0.0001587557219156635,1.3194487993947085e-05,0.002290251405034055,4.912855688957661e-05,0.0016080468420101796,0.00022550449069085748,0.00023044176113934503,2.5017272325133157e-06,0.06991082191142961,0.0007193119509114849,8.042517477226288e-08,0.0001539891336724264,0.3413884853008076,1.2479015838381479e-06,0.0016255709134635192,0.000608339530739811,0.007370585372716686,1.904735639388842e-09,0.0011128861843211332,0.011783073520432563,0.0006313298241597366,0.005754483445001591,0.010224293108732652
30,0.4987815976018775,0.04535607697733341,0.0001587557219156635,1.3194487993947085e-05,0.002290251405034055,4.912855688957661e-05,0.0016080468420101796,0.00022550449069085748,0.00023044176113934503,2.5017272325133157e-06,0.06991082191142961,0.0007193119509114849,8.042517477226288e-08,0.0001539891336724264,0.3413884853008076,1.2479015838381479e-06,0.0016255709134635192,0.000608339530739811,0.007370585372716686,1.904735639388842e-09,0.0011128861843211332,0.011783073520432563,0.0006313298241597366,0.005754483445001591,0.010224293108732652
31,0.6085815005264595,0.07368900612916057,0.00029003526213242016,2.224972306606489e-05,0.004162167812974126,2.8761987743383743e-05,0.0014648386890631813,0.0004503226974626241,0.00024103341735636638,4.2025854993124326e-06,0.04735776335633473,0.0009517943435586758,1.6481274064079902e-07,0.00019238991690620445,0.20949113744644285,9.909901076437166e-07,0.002904367331373498,0.0008713330562367822,0.008049586807912663,2.2222930800732e-09,0.0011812592197958179,0.012861888795446464,0.0005029197790262645,0.013340296351517596,0.013359986739389448
32,0.47584931704445527,0.044266740708712386,0.0001511169472898446,1.2354163756160068e-05,0.002214941636101732,4.840966321597163e-05,0.0015482174070777788,0.00023637260621176253,0.000255107039817336,2.5824449371907576e-06,0.06543465824437919,0.000686116877418857,7.43821567942626e-08,0.00014795819218882,0.3686544279791348,1.3258695588408646e-06,0.0015937962658782907,0.0005399924445524979,0.008589565906427874,1.9000297403625733e-09,0.0011480583945845323,0.01260416999988341,0.0005897024133846543,0.00517603173593429,0.01024895973291202
33,0.5292532842491267,0.08714588761229787,8.494790854493446e-05,1.0020627010180263e-05,0.0041170926671722135,3.9239719436021155e-05,0.0009253881287490239,0.0002293809744538172,5.4371965963428574e-05,2.5029007111133685e-06,0.053166697563173874,0.001170752757052979,1.489507289208908e-07,0.0002454474241332223,0.24666782069552315,9.28783811090076e-07,0.004719510291772481,0.0012472280938623658,0.006459823471103852,1.601347398818943e-09,0.0009593210759857373,0.05110888246983305,0.0011288043591469318,0.007338224783417234,0.003924290925642532
34,0.5062509172448072,0.04672067498503472,0.00015147045910773914,1.4216606490642458e-05,0.00253075430861564,4.987608174667769e-05,0.0015537804213333424,0.0002299673327554694,0.0001845306822028256,2.5301715816049934e-06,0.0732776671315285,0.0008055396155679093,8.38542258037024e-08,0.0001647539697763134,0.32784820024907063,1.2510635934007172e-06,0.001902964624515704,0.000707117791121013,0.006856981567529348,1.889807576269553e-09,0.0011968598758493134,0.012734335831656566,0.0007548071708221951,0.006225288293651296,0.009835428777608525
35,0.7225040439923306,0.0446305437542516,0.00014837804359465556,1.5882853941288295e-05,0.0011492333615085715,2.679993732984469e-05,0.0014089520267087175,0.0005192624818020678,0.00041779043428641507,4.556943621376432e-06,0.0394024298919398,0.0007446589390771916,7.577988160932439e-08,6.950447480411667e-05,0.13712303867916364,7.171637355942448e-07,0.002024216634165693,0.0011288553789571,0.009139267274515538,2.601893190602888e-09,0.0010823846629527782,0.013969859265655731,0.00020285152375736342,0.006849380917070537,0.017437312983054794
36,0.5693262678651126,0.037353867101403176,0.00025133844063901083,1.0546494464110245e-05,0.0027370199270119215,9.212877143336232e-06,0.000727441716540259,0.0004530147636045145,0.00025204595790860303,2.1099500768333435e-06,0.019003536756500277,0.0016821253764880842,1.110197450671453e-07,0.0001313372194566126,0.3057754473618145,9.454881340413156e-07,0.005268398561750143,0.0002216489888933023,0.013382286213437313,1.3986444369585038e-09,0.0008355962660025616,0.01883622291575087,0.00030575451783815987,0.006789552052637336,0.016644170769003055
37,0.4023410675479251,0.04842242560966709,0.0001566145817718354,1.4747367233367033e-05,0.002725372124721134,6.003799969141777e-05,0.0015679329830985038,0.0002655908292396638,0.0003018181222375081,3.253589869323623e-06,0.07284932976354352,0.0006503336323451473,7.889374011756628e-08,0.00015407341216177415,0.42808799391809943,1.4304337265802314e-06,0.0016255105591981523,0.0005542586958322926,0.008858712822751994,2.068459465250303e-09,0.001300242166771578,0.012803834988749188,0.0006758002697283017,0.00556708351399922,0.011012454105438375
38,0.49119845643740606,0.0599725933492831,0.00022041071652469246,1.8370201456902906e-05,0.0034691133108011576,4.191344457508513e-05,0.001400895301013812,0.00033101660137909334,0.00029900770077436134,3.2607302727273083e-06,0.06704329730390768,0.0008713446347440613,1.1339569964297025e-07,0.0001767794415931611,0.3273841196157004,1.027421351160364e-06,0.0023242163286564463,0.0006691173805243403,0.008664787880930006,2.0838815435726926e-09,0.0012226875329491007,0.01346178457162016,0.0005514819895429116,0.00775401390118239,0.012920188724230041
39,0.4699455336691856,0.022885630784506478,0.00016876694203223828,2.0626881105314105e-05,0.0034281282129638544,9.6618653776925e-05,0.00141468360593993,0.00041828576617432403,0.0002682253820935627,4.385624434623351e-06,0.07427603584342471,0.0013370028617508216,4.554668811339908e-08,0.00018550684382175848,0.37352617845370434,4.005292537838743e-06,0.0017258645641226437,0.0006846816286858642,0.014226916142440198,3.0258585068304055e-09,0.003344375155184643,0.013159202021321753,0.0010135536866742584,0.003734444373868148,0.014131299037703582
40,0.594349172088781,0.03580746184399107,0.00011673812705070159,5.319678897701907e-06,0.0011782237179511477,3.924924181459643e-05,0.0012043653455373398,0.00010538753228099036,0.00013901648730205195,1.1416501353758085e-06,0.05445774915074619,0.0007507813546795234,4.416114647358476e-08,0.00014208924269485946,0.2761621870921928,8.918276460309305e-07,0.0011543207326683703,0.0005423606323331601,0.0051093283397957686,1.2807025255361234e-09,0.0007692986977756159,0.017181712910502397,0.00042604193150342317,0.003057124349803405,0.007299992582067353
41,0.27959661527924423,0.054134994511879954,0.0002788457640633461,1.1821195084593388e-05,0.003844823377160755,6.523343019181364e-05,0.0012477225348557202,0.00022053998385046392,0.0007714037120986869,4.018461717504827e-06,0.0457496778314606,0.0003446465662870798,8.203699057251543e-08,0.00014646093705083545,0.5754789473119694,1.4676964038927159e-06,0.0008610031166939725,0.00024226045659078303,0.00886218403238769,1.6920847542279973e-09,0.0009164817873823394,0.008382373823406005,0.00033635288409935026,0.00582448955964202,0.012677552017403606
42,0.31649938849658643,0.028434800791470666,6.923964802656112e-05,5.896750550831481e-06,0.0013357840181255887,3.0029735054818028e-05,0.0009573087182034652,0.00036291547043318595,0.00021218932388416317,2.6549359089501253e-06,0.03624410833400488,0.0004791657849621784,2.2291261751520736e-08,6.83686500972443e-05,0.5602807781612414,1.977179318445121e-06,0.0020408465156206298,0.0002456766030612723,0.015427893762178867,1.4500958696960326e-09,0.0016570731805738996,0.025013101975211116,0.0004832125297920975,0.0028759849735044284,0.007271580720831231
43,0.5270764156209001,0.04495260692500343,0.0001679074415809165,1.2693308993705082e-05,0.0021207082401662964,4.43838486753878e-05,0.0016594889300010325,0.0001995556687625412,0.00021613310264359737,2.1073408290061244e-06,0.07058740477830995,0.0007404850789978975,8.700453793465028e-08,0.00015884962178981579,0.31540587053740343,1.101339975056851e-06,0.001542202987466272,0.0005955760371961136,0.006601917347727388,1.8582812164853153e-09,0.000954865838501126,0.010605117089101977,0.0005983156864030626,0.005749885204078366,0.010006319162674207
44,0.4987815976018775,0.04535607697733341,0.0001587557219156635,1.3194487993947085e-05,0.002290251405034055,4.912855688957661e-05,0.0016080468420101796,0.00022550449069085748,0.00023044176113934503,2.5017272325133157e-06,0.06991082191142961,0.0007193119509114849,8.042517477226288e-08,0.0001539891336724264,0.3413884853008076,1.2479015838381479e-06,0.0016255709134635192,0.000608339530739811,0.007370585372716686,1.904735639388842e-09,0.0011128861843211332,0.011783073520432563,0.0006313298241597366,0.005754483445001591,0.010224293108732652
45,0.3805448862419513,0.03948599103107247,0.00018969386940104158,9.803283071405038e-06,0.0024782041025202596,3.7774933972082915e-05,0.00187383944763985,0.00027344517958812235,0.00034719490605319324,2.3861195324695057e-06,0.0558908965866149,0.0005413239767202085,1.0538504908958412e-07,0.00012155270235547453,0.4816324597855912,1.5251233296487644e-06,0.0013960404055344813,0.0002528255267970475,0.009358548233526564,2.0971137567789477e-09,0.0006869348642761021,0.010869522187814631,0.0005382773107087362,0.006392943865173221,0.007073822834592673
46,0.6299081281534422,0.03860056046420967,0.0001170597187596315,1.149046310254034e-05,0.0018975912203748858,1.2970614986879455e-05,0.0007566310577386647,0.00035293209266396236,8.176120394668622e-05,1.6092092991043074e-06,0.0441965232501045,0.0011827238265669107,9.033788081509025e-08,7.058215789364896e-05,0.23092017589195613,6.422062315574398e-07,0.008032324198616094,0.0007215060821354854,0.004677612949542324,1.435705562663895e-09,0.0010582832340089291,0.016636525025717226,0.0006732852006852776,0.0116511640103452,0.00843782599408624
47,0.6132987008219384,0.03520111662561957,0.00011977904270583036,8.393698253994576e-06,0.0013317855785014937,3.49355712620011e-05,0.0013547682688625296,0.0001706480449618541,0.00014424765574105717,1.6872319186103195e-06,0.05426237321396406,0.0008107855038049476,6.022106544446767e-08,0.00011295902932276698,0.25771961822074274,1.059697293891251e-06,0.0016677349868361605,0.0006177567608121269,0.005546484611972935,1.611752245869939e-09,0.000896066140828681,0.012857456283199998,0.0005089401526679554,0.004717458899436283,0.008615182126534428
48,0.4684594440162481,0.07148836894227398,6.36660623222225e-05,8.15183854855819e-06,0.0016279483209789096,1.3345957047151891e-05,0.001238024962833107,0.0004247563748312514,0.00011053360086969526,3.2092569762621416e-06,0.025335530784073516,0.00047080955071606995,8.521540665528043e-08,8.624793946571336e-05,0.3677472045984735,1.0914300473134472e-06,0.004963531227311065,0.0003635925289192503,0.013945139564612392,1.313365857494873e-09,0.0008773250814129628,0.027595983752671725,0.000591830038683501,0.007840103606366213,0.006744074035545037
49,0.4957786181323775,0.04068054292638292,0.00018502422462374438,1.3577837703742642e-05,0.0030376571727976373,8.013585848997952e-05,0.001409651028167948,0.00021119321582775525,0.00021194019533481194,2.5346840884123474e-06,0.0912949966848042,0.0013424273651642734,9.390498507750118e-08,0.000217211133658442,0.32202620124052217,1.4920887241125587e-06,0.0017654604351249133,0.0008885888087620869,0.006789655345470555,2.6141002089732362e-09,0.0013387669172766515,0.0187955092082229,0.0007840301621432319,0.004535408105176452,0.00860928071007038
50,0.49486908811600233,0.05044973990736594,0.00016591460602460704,1.3762836440691635e-05,0.002306158054966374,5.712487820177255e-05,0.002316281578251995,0.0002627929141097448,0.00033226442728198885,4.029266902529602e-06,0.05250671362026719,0.0005325680781889485,8.390180900955571e-08,0.00019072727522264949,0.3521265751304031,1.9179955014665527e-06,0.0011206213746557494,0.00046729946513779196,0.011768451270350953,2.166142630335093e-09,0.0010534194244494885,0.012856452593751691,0.0005408674567641802,0.004985626119276335,0.011071517542530794
51,0.5428932400183444,0.05825642719387765,0.00016636014918957148,1.86763090689247e-05,0.002248719592591494,5.936095701972321e-05,0.002198443589304636,0.00027852568182795494,0.00022259720433959025,3.322234878814542e-06,0.10094443226335077,0.0008800979713853767,1.0026087354890679e-07,0.00019538988762318732,0.24781164198341907,9.925500454665815e-07,0.0016453658317363011,0.001315942423465694,0.006859708880084694,2.594838717220183e-09,0.001517683206344145,0.016301722085577983,0.0006363249346781055,0.006354398885625108,0.009190523310509013
52,0.5311123836861871,0.035685629663041146,0.00011273048602454879,1.1424155831309e-05,0.0013399338126379174,0.0001613376255442309,0.002295813352254367,0.0001131766310541714,0.000209529745667777,2.332686190049093e-06,0.1338731466111327,0.0005793966322126972,7.576852034247148e-08,0.0001441224740913258,0.26448422366535523,1.3551931723690903e-06,0.0007847565316564047,0.0017090682358635446,0.0032173218115993272,3.0222419848306465e-09,0.0009874810445162363,0.011537421991417258,0.0008748876604786557,0.004359568240906149,0.006402879272403224
53,0.44891322504105824,0.023300181869319366,8.409303175415345e-05,6.77810162188441e-06,0.0004342781584546787,6.103983109997965e-05,0.0039806451362814545,8.233310278813727e-05,0.00019030768817448842,1.1521603831122966e-06,0.09233363804671764,0.0002405167046303697,4.3303880157133774e-08,7.801364656387732e-05,0.40953689480873645,1.5513785828359678e-06,0.000497938110473901,0.0004092530408468343,0.0032019654223525325,2.2526661359374087e-09,0.0005194540922637697,0.004839966175152576,0.0008321234692046051,0.003661653244661319,0.006792952182331282
54,0.573345877736758,0.04361239759182174,0.0001189510046898275,7.385574302652715e-06,0.0007534814620380137,4.229213388850897e-05,0.0023382954465346315,8.084461064044027e-05,0.00020316987424046326,2.088665550832209e-06,0.028146921800599606,0.00041247593281002344,5.552070163897025e-08,0.00019026542264016802,0.31710893852877936,1.741604246785751e-06,0.0005182771848211031,0.0002838074126329512,0.0055773990253198315,1.601467681454304e-09,0.0005530269495507181,0.008231253174361889,0.0004382902494887384,0.0026504901755522534,0.015382271316562024
55,0.7096963476496795,0.040427540997766825,0.0002752200428594072,1.3399958134350624e-05,0.0012480577086892398,2.9809834282536357e-05,0.0016669284699436756,0.00017847399323950826,0.0003632722707906039,1.6215260748223453e-06,0.0696937612243795,0.001100834214751897,1.4980854671165025e-07,0.00011327905786971457,0.14298012523754733,4.788168392820269e-07,0.0011714997573792634,0.0008386277981781816,0.004155143872979464,2.5129700930954046e-09,0.0005290991350511711,0.0062511986705382746,0.00020909696142037306,0.006139317435437052,0.012916713044651175
56,0.4983374649273516,0.04912875421349635,0.0001739825734412641,1.373206633038483e-05,0.00239820618826543,4.944017636627751e-05,0.0016731829222748557,0.00022853789426735058,0.00024554311477036913,2.5748622188681864e-06,0.07274321352375106,0.0007369458579082071,9.926148711071072e-08,0.00015975602572635176,0.33511693615666266,1.2054021101864647e-06,0.0016883820810517157,0.0006337723580270131,0.007161892204104151,2.112027132151859e-09,0.0010487791572165582,0.011723572827345888,0.0006186390849214624,0.006307266065931268,0.009808118942946352
57,0.44453120228916815,0.05329105713123098,0.00032890729706786177,1.8912210228431486e-05,0.005810354379356187,3.862075545188559e-05,0.0009391444190051031,0.0006025056235228849,0.00045135171962055993,5.165414664342091e-06,0.04989447252294698,0.0019479745159635355,1.2629675754677136e-07,0.00021832109244019263,0.36801390597752803,1.7239709084716295e-06,0.004023503838869265,0.0005121485705739704,0.018966928958962133,2.7567190376270685e-09,0.0020862235182063063,0.026914185688100015,0.0004324540631919085,0.006135377505090323,0.014835429484425712
58,0.5119053539221059,0.04863779201793594,0.00016491550906567445,1.281768081969056e-05,0.0022942621610061277,4.045093487510505e-05,0.001579975888639626,0.00023933427132335358,0.00020823293450200983,2.4649689208986537e-06,0.06638762181957561,0.0007052664952691574,9.022367549507739e-08,0.0001368478023137077,0.32770339450444225,1.1056602375150182e-06,0.002006458998267966,0.0006455501566638433,0.006475160608841224,1.8301370921185242e-09,0.0010548957426591808,0.01187336940429953,0.0006390551937384208,0.0075572240283431355,0.009728357242341676
59,0.5352224328074414,0.046893490531519436,0.0001966505927818046,1.3273185790293965e-05,0.002351623696231408,3.7483143674365116e-05,0.0016036293011810541,0.00024276927266490302,0.00020928827739903912,2.351129514562607e-06,0.06611224343928677,0.000735045377669769,9.499000494928896e-08,0.00013508855672646772,0.3066776453626498,1.0746213989689584e-06,0.002043606453476148,0.0006707700744509968,0.005748839721152066,1.8874266631060504e-09,0.0010337752551831344,0.010633245859266597,0.0006101005824115072,0.008762121312677076,0.01006335456802077
60,0.4987815976018775,0.04535607697733341,0.0001587557219156635,1.3194487993947085e-05,0.002290251405034055,4.912855688957661e-05,0.0016080468420101796,0.00022550449069085748,0.00023044176113934503,2.5017272325133157e-06,0.06991082191142961,0.0007193119509114849,8.042517477226288e-08,0.0001539891336724264,0.3413884853008076,1.2479015838381479e-06,0.0016255709134635192,0.000608339530739811,0.007370585372716686,1.904735639388842e-09,0.0011128861843211332,0.011783073520432563,0.0006313298241597366,0.005754483445001591,0.010224293108732652
61,0.5140573401196892,0.04850150981706589,0.00021152581495376073,1.3500409398363081e-05,0.002522052630183052,4.0532598018164134e-05,0.0015750629394879396,0.0002339516439283042,0.0002334034482322682,2.320370378853487e-06,0.07201662188239401,0.0007959678958264842,9.698905099854478e-08,0.00015072094826205757,0.3202476814675646,1.0792699653828237e-06,0.0019131400460737063,0.0006314739322858253,0.006327178742673934,1.9598524265807942e-09,0.0010610266605508905,0.01093145442916924,0.0005757270476535318,0.007634129723790816,0.010322499213550461
62,0.4987815976018775,0.04535607697733341,0.0001587557219156635,1.3194487993947085e-05,0.002290251405034055,4.912855688957661e-05,0.0016080468420101796,0.00022550449069085748,0.00023044176113934503,2.5017272325133157e-06,0.06991082191142961,0.0007193119509114849,8.042517477226288e-08,0.0001539891336724264,0.3413884853008076,1.2479015838381479e-06,0.0016255709134635192,0.000608339530739811,0.007370585372716686,1.904735639388842e-09,0.0011128861843211332,0.011783073520432563,0.0006313298241597366,0.005754483445001591,0.010224293108732652
63,0.4937260051252874,0.050739690357909914,0.00015512990175855316,1.2223438221033474e-05,0.00207318579513315,4.521080743898874e-05,0.0016201113802902694,0.00021516420056675822,0.00023637066011087808,2.426215200144552e-06,0.06941512780369202,0.0006397017417222188,8.488076286610625e-08,0.0001408369172656985,0.3426385406272276,1.0920225621468295e-06,0.0016173442032092003,0.0006009562627629963,0.006896395082297572,1.8884991254912836e-09,0.0010055968749140035,0.011679251400030255,0.000565443190314171,0.006105788155626317,0.009868321067196385
64,0.4771544818918827,0.04138194582025574,0.00013864069021699533,1.326423398941173e-05,0.002282785301115721,4.895676164727207e-05,0.0014335283879224603,0.00024803250715877057,0.00020175046849884215,2.5967192454970464e-06,0.07422252408972982,0.0007631150591113461,5.889290815492063e-08,0.00014132101025364315,0.3608697312558826,1.3690842890847503e-06,0.0018074117507753144,0.0006555202247369756,0.008076677895369196,1.747986269336587e-09,0.001671225122939125,0.012258431075074166,0.0006690054000662399,0.005445803241073005,0.010511821367871587
65,0.5044933295092224,0.03473124856896067,0.00016613234518749178,2.2605577254584778e-05,0.004999112198396236,0.00014025276863665644,0.0013509119673884872,0.0002140705953419249,0.00015080754981615583,3.700828933891638e-06,0.10036847439506488,0.0017646666648598627,7.314927850686726e-08,0.0003648423296555299,0.3036873577757123,2.6847127999728722e-06,0.0017055606486484538,0.0012635051873557302,0.008795408778996414,2.4439063757683476e-09,0.0027252541307290325,0.01658311058292499,0.0013620624251976237,0.0036896016276400513,0.011415223238091693
66,0.5213964733020742,0.04498445792604438,0.00038151364900733235,2.7460911135672123e-05,0.004087719704083622,0.0001660474825373684,0.0035915216123376284,0.0005427999598768369,0.0014760533168258502,1.412957069715589e-05,0.05849457839066332,0.001145652666955467,2.1354696714566263e-07,0.00035922836227479166,0.2865436278183052,7.3049802372941954e-06,0.0007148309301029184,0.00044377790019339684,0.04144363425435781,8.925168675491652e-09,0.001401831376458845,0.014674365834686249,0.0003674332974992862,0.0028160945478842765,0.014919239733625187
67,0.44132483869534006,0.018335933158489776,0.00012112579389458884,1.2000421295342932e-05,0.0016384543523410829,0.000186216509468381,0.0021551673457425808,3.672491568965913e-05,5.334380446590903e-05,9.655538245524494e-07,0.09876012283682943,0.0011814011352034124,6.48913574622122e-08,0.0004791502551263129,0.4091916344538675,4.124002140908982e-06,0.0006612132327570282,0.0007148675708661814,0.002319358977601882,2.746812362077179e-09,0.0010161920284150652,0.006638433534732992,0.003947178560926993,0.0020585123501667543,0.00916297287264391
68,0.6030920848575843,0.022985778271664897,2.1740051991574527e-05,9.683777610387994e-06,0.00034735562539571046,0.0001217566104160022,0.0010981197218080721,3.6192510119099775e-05,1.769624866812415e-05,7.424993858810369e-07,0.18634087320855064,0.0008948597849779258,2.3138494660752708e-08,7.095250272524443e-05,0.15179323811066375,7.257596158517401e-07,0.001357714650279051,0.005472184867629256,0.0006566884715403218,1.9913404243066403e-09,0.0015972233057796937,0.010678230815006528,0.0032298941260060603,0.00283238712774592,0.007343851965000618
69,0.506969185842804,0.04628224303741154,0.0001840028513468185,1.5948230005820864e-05,0.002200558818997663,4.285741838721212e-05,0.0016885206519310267,0.0002722954522128614,0.00026445179557060627,2.9674635666306268e-06,0.06377360993441251,0.0006832381933131681,8.703384869224236e-08,0.0001354648156507167,0.33573923246044185,1.3199663829782668e-06,0.0018195199774970392,0.0006160140890041505,0.007455489361419761,2.1820536456376375e-09,0.0011991906015182865,0.009538478021627144,0.000592113974985344,0.007252003415080148,0.013271204410530292
70,0.7366464185182111,0.021657955943291375,0.0003640580879930819,1.0437073653089197e-05,0.001740542088947326,9.540837665472983e-05,0.0014959379271271332,3.4268544864714414e-05,0.00012126954316163865,8.88424337153673e-07,0.05232313601617077,0.001897295714424959,8.070868720766327e-08,0.0007168325672446372,0.15460905319809284,1.5587671769814015e-06,0.00047411325466180615,0.0006773285454737868,0.0021954320530151537,2.0078660459888023e-09,0.0006653294772451966,0.007359642577015071,0.000616280922617297,0.0017275470489777022,0.01456918261308931
71,0.5670024373903941,0.032201845330112035,0.00012166900740052095,1.1121510009332993e-05,0.0013945268026240411,4.0797945153133996e-05,0.0018352650234371459,0.00019419871085560493,0.00015526604364621862,1.7308427024653187e-06,0.07218124647837748,0.0007037699103371448,6.505620876341664e-08,0.00012081078816707362,0.2908731579230405,1.2577775701695383e-06,0.0015423612222716584,0.0006477892212257923,0.005871862399392146,1.9103548640512625e-09,0.0010233757108670885,0.009611714511047977,0.0007096211384691659,0.0052996865463849395,0.008454420799950797
72,0.5433843403578261,0.05306151696408208,6.299748466591577e-05,1.353410178129387e-05,0.0015081378101037919,2.8951777045387305e-05,0.0020139682726205976,0.0004451449566542327,9.255065821935393e-05,3.175680846847503e-06,0.09361742231570287,0.0005856504405865851,7.67070645472661e-08,6.796128352287488e-05,0.2549562184531675,1.0318613984576936e-06,0.004213968492622281,0.00141085259174799,0.008184506022009859,2.0118353830645582e-09,0.0018009783461615256,0.01735986335859401,0.0008961846062264888,0.01127234793133738,0.005018617514176509
