,0,1,2,3,4,5,6,7,8,9,10,11,12,13,14,15,16,17,18,19,20,21,22,23,24
0,0.8037810905559856,0.00010409599011178363,8.903288576510784e-05,5.86370307010183e-06,0.0007530455691630411,3.65213255583384e-05,0.0009458508681063617,3.5161417014527095e-06,3.205874146891283e-05,1.7028777426809934e-08,0.15448809613207315,0.0009194199249770566,9.076872322495953e-05,2.0645281137124586e-06,4.682493270574628e-05,5.388304002747191e-06,0.03723310420104567,1.2075614619720795e-05,5.0694695982455186e-05,3.4011499462306934e-09,0.0005633468370001044,0.0003945598864001352,7.313296332742406e-05,9.505259893103539e-05,0.00027437444673812205
1,0.811017743133318,0.00012846516179430256,0.00015345085915383482,8.193958328698672e-06,0.0008974664889629898,0.00010266025627336133,0.0015145748818201441,5.435015223124711e-06,0.00013580600926814366,6.801450204746862e-08,0.15837160859752633,0.0008018459281119626,0.00015061396642452872,4.687196596460313e-06,9.365448387819396e-05,9.7439223877869e-06,0.02408882800455827,2.3501366625565065e-05,0.00012069494844294746,8.95293626986453e-09,0.0008759901989915388,0.0006650131031625186,0.00013334319578051315,0.00018269737669540342,0.0005139049792367526
2,0.7488241787967777,0.0001541610717816292,0.00012523714087299157,6.854101637233693e-06,0.0011415570121012298,7.427423583922887e-05,0.0011062394612371058,5.561515167583669e-06,0.00011819031606617644,5.19834612963049e-08,0.21861922438640988,0.0010281106708781036,0.00011307379648233363,7.10345776695103e-06,0.00012143700554674932,6.429746055071273e-06,0.026009673552866965,1.5778749238843758e-05,7.232476395826703e-05,8.429016196182885e-09,0.0006969668903554063,0.000821527172713507,0.00010581531716401089,0.00013740945052322025,0.0006888109760822508
3,0.7934416344703575,0.00011660007770362999,9.595169596967267e-05,5.898338924198135e-06,0.0007314771854887105,6.314575671489816e-05,0.000999082305439954,4.30646659809554e-06,6.955601337097059e-05,3.303657810935909e-08,0.17646514141390424,0.0007878664159286659,0.00010575487584147655,3.533002818905522e-06,7.184849537312688e-05,5.24716037215684e-06,0.025140137936774075,1.490538228737752e-05,6.93667454577207e-05,4.967342286579195e-09,0.0006080873936443078,0.0006305965507562094,8.728593753681872e-05,0.00010285941314248257,0.0003796789616744632
4,0.7922668081588228,0.0001259787495797972,0.00010065095584873307,5.884587067818368e-06,0.0007706347921984643,5.413264786395165e-05,0.0010644258474965915,4.331620114636395e-06,7.337518649116703e-05,3.3311468360423044e-08,0.17872783814248192,0.0008068380921939461,0.00012717446646555466,4.144770664667119e-06,6.431455556297675e-05,4.832866020828882e-06,0.023774969452446636,1.6138472182863932e-05,7.105540627296489e-05,5.553427504711274e-09,0.000697566693271913,0.0006764926499844619,8.243090138291485e-05,0.0001112260525939825,0.00036871606809455164
5,0.805582223446471,0.00010652970531134559,0.00010840931449981588,7.727266456086857e-06,0.0008240176987027977,6.516488885998106e-05,0.0009511572700753403,4.385843882703884e-06,7.077903692175714e-05,3.96760253434719e-08,0.16528083038780872,0.0006375491861861415,0.00011406100704571063,3.8840481306193965e-06,5.6340750264568225e-05,4.9890440035541345e-06,0.024338079449557615,2.4193742155610364e-05,7.316182641669904e-05,6.2045864685254515e-09,0.000721597447783871,0.0004999018975962795,0.00011770678081427564,0.00011895636543203084,0.00028830771501173674
6,0.7934416344703575,0.00011660007770362999,9.595169596967267e-05,5.898338924198135e-06,0.0007314771854887105,6.314575671489816e-05,0.000999082305439954,4.30646659809554e-06,6.955601337097059e-05,3.303657810935909e-08,0.17646514141390424,0.0007878664159286659,0.00010575487584147655,3.533002818905522e-06,7.184849537312688e-05,5.24716037215684e-06,0.025140137936774075,1.490538228737752e-05,6.93667454577207e-05,4.967342286579195e-09,0.0006080873936443078,0.0006305965507562094,8.728593753681872e-05,0.00010285941314248257,0.0003796789616744632
7,0.5724881517005368,0.0005554548035160503,0.0003399930432888707,3.0134139472171744e-05,0.005005640061522713,0.000367277271404735,0.0024588469872593973,9.575487986420548e-06,0.0005942487420149325,3.072956383337799e-07,0.25187328261661057,0.003170275867495379,8.59962015774228e-05,4.175423729652103e-05,0.00043081079236649203,4.291086825697981e-05,0.15117693136099397,3.894290636361486e-05,0.00019260221740293032,3.0427917425193397e-08,0.0022515840672539234,0.0009894198661392038,0.0013678833697359756,0.0009628059031399833,0.005525139764809314
8,0.8653977564150866,0.00011602490720638196,0.0001830275551352315,6.2713879169935345e-06,0.0007142404834158878,4.9968661862268124e-05,0.00036459748258540933,2.26838084266178e-06,7.104335447676206e-05,4.8437735330315657e-08,0.10019649625147165,0.0007115179288114114,7.216026309202233e-05,4.177358022437461e-06,6.46295958874768e-05,6.260097718092682e-06,0.03035387157600066,9.418951862804276e-06,2.6615918940410557e-05,5.941711462604201e-09,0.0003266221529222577,0.0003385459854287046,0.00013343157934773357,0.00022960415857293747,0.0006213951739463708
9,0.8097307782820505,0.00027789407214423437,0.00033370814950137986,1.1722622130095542e-05,0.001092369025721235,8.492147794335562e-05,0.0007110369466583473,5.1718653278186104e-06,0.00016477931184701272,1.6710685793432684e-07,0.13604096352265638,0.0010512483505090203,0.00013695356090050528,1.2498974045342149e-05,0.0001203523205173474,1.6061483426858234e-05,0.04669864386516062,2.1713440231085273e-05,7.791437321041612e-05,1.6624770276770257e-08,0.0008271624455680537,0.0006253029843656126,0.0002410175189950233,0.0004322149778970329,0.001285386697564445
10,0.7934416344703575,0.00011660007770362999,9.595169596967267e-05,5.898338924198135e-06,0.0007314771854887105,6.314575671489816e-05,0.000999082305439954,4.30646659809554e-06,6.955601337097059e-05,3.303657810935909e-08,0.17646514141390424,0.0007878664159286659,0.00010575487584147655,3.533002818905522e-06,7.184849537312688e-05,5.24716037215684e-06,0.025140137936774075,1.490538228737752e-05,6.93667454577207e-05,4.967342286579195e-09,0.0006080873936443078,0.0006305965507562094,8.728593753681872e-05,0.00010285941314248257,0.0003796789616744632
11,0.800829555388716,0.00011174978242396677,9.168656575873247e-05,5.736190857141266e-06,0.0007093238781578779,5.584220879951405e-05,0.0010184417207246546,4.062792365428599e-06,6.572343754030693e-05,2.9447488830368235e-08,0.17088212705332662,0.0007859297517463112,0.00011828677526790255,3.2567290695101213e-06,6.600043873833674e-05,4.999444531555444e-06,0.023399902594144695,1.4545568548723606e-05,6.833240715819443e-05,5.0268070280554185e-09,0.0005975265635744587,0.0006368314489283298,7.866500280298901e-05,0.00010621707694847158,0.0003452227055743131
12,0.6631418237317154,7.887256447448878e-05,0.00028754119783338855,2.7388760481149823e-06,0.006061496935506837,6.460513587380095e-05,0.0005651021416222718,1.9471589708846783e-06,0.00013789750804283428,3.6081076411913666e-08,0.2841708909544082,0.0008678790081280553,4.010876164774769e-05,1.604117128238971e-05,4.522167879236177e-05,2.0882720895067873e-06,0.04133525027426153,1.2267104114853557e-05,1.0470216246038623e-05,1.153971891314492e-08,0.0010763014910015994,0.0002945938416078124,0.00023973364326409605,0.0002792810147557777,0.0012677996975167271
13,0.7018321425244378,0.00010385686379496767,5.884479789651215e-05,3.1240917083659088e-06,0.0006946503083598705,2.8579486779514038e-05,0.0007662724928322977,4.4693464765089975e-06,4.656250896072563e-05,1.4135912400998096e-08,0.2750564305095648,0.0011005745726694726,8.351816944091599e-05,3.9709184763964945e-06,7.006956826726741e-05,2.641218004301285e-06,0.01833112869166754,8.064539474807531e-06,4.129451360844825e-05,3.122986323854577e-09,0.0004589553176367476,0.0008075642985067236,3.517660587809114e-05,5.4598861461907303e-05,0.0004074925351970483
14,0.5362476828582887,0.0006534461668534672,0.00010941297546083189,1.9373650640645923e-05,0.002785193210552438,2.0081587480002985e-05,0.0010138851246058495,6.196560119825639e-06,3.421394989599213e-05,6.05013330409775e-08,0.3994266420016272,0.0005031587536037116,0.00021292697555507864,8.946927074035668e-06,3.2957791948178487e-05,2.3610632902705916e-06,0.0537382373166035,5.539676427114158e-05,0.000306670565205421,4.756018521457995e-09,0.0039165499470472905,0.0005882446512893194,7.687609388585718e-05,8.365953183595058e-05,0.0001578202755136372
15,0.7934416344703575,0.00011660007770362999,9.595169596967267e-05,5.898338924198135e-06,0.0007314771854887105,6.314575671489816e-05,0.000999082305439954,4.30646659809554e-06,6.955601337097059e-05,3.303657810935909e-08,0.17646514141390424,0.0007878664159286659,0.00010575487584147655,3.533002818905522e-06,7.184849537312688e-05,5.24716037215684e-06,0.025140137936774075,1.490538228737752e-05,6.93667454577207e-05,4.967342286579195e-09,0.0006080873936443078,0.0006305965507562094,8.728593753681872e-05,0.00010285941314248257,0.0003796789616744632
16,0.7756341034629803,0.00011599278445379287,6.480095414381425e-05,4.278828350331596e-06,0.0005229413879072301,3.969169532909266e-05,0.0008403229019415433,4.8839116189348715e-06,4.741919141884542e-05,2.1669973331406676e-08,0.19750505308489483,0.0010306120773905859,9.062254858221327e-05,3.5133364486436654e-06,7.578816900475935e-05,4.16781101028726e-06,0.022203303387583962,1.1097610191935939e-05,5.861831826092395e-05,3.205211480701696e-09,0.00045924952235472155,0.0008162314035135337,4.57183639483621e-05,5.5372635604720865e-05,0.0003661917378820011
17,0.7912439035138149,0.0001057361500498445,9.384512963753743e-05,4.920998200659778e-06,0.0007975353022237367,4.971829309950661e-05,0.001019837133998648,3.7368209745131893e-06,6.352607510723588e-05,2.4770722702645936e-08,0.1795511910335903,0.0008038457523365926,0.00010602953928116364,3.609439658034943e-06,5.159814045681076e-05,4.035647602473567e-06,0.02426780855977704,1.4510838162097888e-05,5.488907519646313e-05,4.574183630473437e-09,0.0006654679299554147,0.0005715825792177553,8.030527917976065e-05,0.000103247854579689,0.0003390895689936305
18,0.8374537370801636,7.587956264773511e-05,5.6851258487101706e-05,6.860741302836835e-06,0.0005507073291190814,5.407206641846472e-05,0.0006435358832652074,3.7873993702314e-06,4.6829376178116904e-05,2.3142835879469112e-08,0.14683834942164048,0.00037111873815361764,9.906674910060313e-05,1.5861825635776148e-06,4.5169348287853514e-05,2.3651413661154116e-06,0.012639426832580793,1.445929685759023e-05,5.504128763399927e-05,3.001404568600691e-09,0.0003310606792289636,0.0004956910590528801,5.101802895660552e-05,5.012453759949556e-05,0.00011323585578447786
19,0.7829861280417422,0.00022619510831394638,0.00010763768758849786,1.4823210645002573e-05,0.0013282655807064876,0.00014312158182495214,0.001506702980499911,6.166080957156676e-06,0.00015967909141595039,7.580347294008916e-08,0.17843801921040905,0.0012729291062017012,0.00015139270876915367,5.33923343402986e-06,0.0001559430798708683,9.178544180602802e-06,0.030727820297363134,1.6639772084638117e-05,0.0001171268140974658,8.547892110874416e-09,0.0005433415543851419,0.0011984037660954208,0.00012443427513247549,0.00016040492780692507,0.0006002229951104686
20,0.7541920842558756,0.00017142741167869988,7.020639550631551e-05,6.548331674362266e-06,0.0007095512731575634,6.555939414917482e-05,0.0010446264623039955,5.843401931308665e-06,8.740485962056367e-05,4.068264272845555e-08,0.21979741962967383,0.0007700486559536939,0.00014885806794810898,4.6993504181340326e-06,0.00011051389664486985,4.167167840784836e-06,0.020236082851157525,1.2694043030012925e-05,9.442413572833322e-05,5.6675616768290125e-09,0.0005718287987544085,0.0013915530864886012,5.728719473884023e-05,7.440151312841126e-05,0.0003727234723925422
21,0.8508816833780374,7.253584441710138e-05,0.0001265295718133977,3.4986355165130783e-06,0.00047797800234766096,1.95933902565384e-05,0.0006951958787569883,3.200011410713626e-06,3.384512846571463e-05,1.635526780308374e-08,0.12212851702997765,0.0009513066856405289,9.908458724850047e-05,3.395063217775964e-06,2.220669223451923e-05,4.639473297802632e-06,0.02309052119705373,1.7666081725746077e-05,2.914775798251158e-05,4.0942322370015645e-09,0.0006100039462891704,0.0002813842785630143,6.317074053100939e-05,0.00011379229007638815,0.0002710838856397036
22,0.8216966862685217,7.90393007741418e-05,0.00010311472235729386,4.027830373021484e-06,0.0004222504884130958,4.285187006497304e-05,0.0004820114455396345,4.15117838778192e-06,2.4211719508358454e-05,2.9599143470566694e-08,0.14399149816655082,0.00036954797766563217,7.657005047297398e-05,2.4389751571126294e-06,2.7940053704784103e-05,3.186740186687068e-06,0.03126626938672671,1.870966680171387e-05,4.372926986361118e-05,3.544475089625744e-09,0.0006700753334919688,0.0003928350053739433,7.635092725597166e-05,4.899758932809498e-05,0.00015347288986147873
23,0.7934416344703575,0.00011660007770362999,9.595169596967267e-05,5.898338924198135e-06,0.0007314771854887105,6.314575671489816e-05,0.000999082305439954,4.30646659809554e-06,6.955601337097059e-05,3.303657810935909e-08,0.17646514141390424,0.0007878664159286659,0.00010575487584147655,3.533002818905522e-06,7.184849537312688e-05,5.24716037215684e-06,0.025140137936774075,1.490538228737752e-05,6.93667454577207e-05,4.967342286579195e-09,0.0006080873936443078,0.0006305965507562094,8.728593753681872e-05,0.00010285941314248257,0.0003796789616744632
24,0.7614668374014325,0.00026195582299362894,0.00010283962357658728,1.5071266906457036e-05,0.000989837515890133,7.73655533242599e-05,0.001287567961685859,6.659486494826353e-06,8.727208193490641e-05,6.656949320116876e-08,0.19150622254829638,0.0009218682027102626,0.00015076090915843398,5.747119118215451e-06,0.00010818196668399411,8.06298203386743e-06,0.04033470645115352,2.5901146195384098e-05,0.00015910885387344383,6.944352354721836e-09,0.0008995826155743576,0.0008961557228310286,0.00013700954569691192,0.00013004702868811509,0.0004211646799014799
25,0.7167787346166216,4.830136894091688e-05,6.50740506127064e-05,3.1417233643561015e-06,0.0007391015378806754,2.418463553024033e-05,0.001074826106777734,6.560510950157435e-06,2.7113763929422338e-05,8.973159899207124e-09,0.26203510991322043,0.0008173609673552616,8.195304138407488e-05,2.9021726704878356e-06,2.0308927293546253e-05,2.040409228994346e-06,0.016878259357980614,2.19741416380233e-05,3.1207063163743375e-05,3.459974446680265e-09,0.0007392194544633961,0.000379146109243425,4.363027381425633e-05,3.9161380901562366e-05,0.00014067603990019622
26,0.873459953715076,7.104086166960627e-05,0.00015159256865372893,6.3042637080336314e-06,0.0008641124391735771,6.227435553499472e-05,0.0006439670705959071,2.13095749633361e-06,8.889246405481132e-05,3.690237502880653e-08,0.10297881734505132,0.0004329773752260391,8.77953665237497e-05,3.311926343279073e-06,3.202577672694608e-05,3.9371442907313125e-06,0.019575306771325688,2.2169793977168036e-05,3.640029946969994e-05,6.214460589376249e-09,0.0005682746657488788,0.00024418871679259197,0.000178193076517093,0.00021640399203032317,0.0002698859371780554
27,0.7947702801151728,0.00014117932771227709,7.688048363245023e-05,7.518726376548006e-06,0.0008022183610034866,0.00010697094541839712,0.0010773238049142408,5.144197243571371e-06,0.0001467652757832279,4.797343158552139e-08,0.182964314463772,0.0009022406140352237,0.00012462787698530784,3.9050653658813485e-06,0.00013947085551698925,5.797594148957641e-06,0.01632936765478127,1.2020116117558518e-05,9.02221598844971e-05,6.090238597103601e-09,0.0003899694741308769,0.001208564180890259,7.44455045976604e-05,0.00011560721390407108,0.0005051119249423059
28,0.7934416344703575,0.00011660007770362999,9.595169596967267e-05,5.898338924198135e-06,0.0007314771854887105,6.314575671489816e-05,0.000999082305439954,4.30646659809554e-06,6.955601337097059e-05,3.303657810935909e-08,0.17646514141390424,0.0007878664159286659,0.00010575487584147655,3.533002818905522e-06,7.184849537312688e-05,5.24716037215684e-06,0.025140137936774075,1.490538228737752e-05,6.93667454577207e-05,4.967342286579195e-09,0.0006080873936443078,0.0006305965507562094,8.728593753681872e-05,0.00010285941314248257,0.0003796789616744632
29,0.7934416344703575,0.00011660007770362999,9.595169596967267e-05,5.898338924198135e-06,0.0007314771854887105,6.314575671489816e-05,0.000999082305439954,4.30646659809554e-06,6.955601337097059e-05,3.303657810935909e-08,0.17646514141390424,0.0007878664159286659,0.00010575487584147655,3.533002818905522e-06,7.184849537312688e-05,5.24716037215684e-06,0.025140137936774075,1.490538228737752e-05,6.93667454577207e-05,4.967342286579195e-09,0.0006080873936443078,0.0006305965507562094,8.728593753681872e-05,0.00010285941314248257,0.0003796789616744632
30,0.7934416344703575,0.00011660007770362999,9.595169596967267e-05,5.898338924198135e-06,0.0007314771854887105,6.314575671489816e-05,0.000999082305439954,4.30646659809554e-06,6.955601337097059e-05,3.303657810935909e-08,0.17646514141390424,0.0007878664159286659,0.00010575487584147655,3.533002818905522e-06,7.184849537312688e-05,5.24716037215684e-06,0.025140137936774075,1.490538228737752e-05,6.93667454577207e-05,4.967342286579195e-09,0.0006080873936443078,0.0006305965507562094,8.728593753681872e-05,0.00010285941314248257,0.0003796789616744632
31,0.8549272877759603,9.281988666284953e-05,0.00011667065124453805,3.977256699264583e-06,0.0003409798297013936,3.5402648722572044e-05,0.0006481602533893519,5.292761291158681e-06,3.190452083964431e-05,2.7942539599783765e-08,0.11597800456075344,0.000576252228947124,8.243853581902291e-05,2.5520646811420984e-06,3.1085698936219114e-05,5.309265137500681e-06,0.025786748183779313,1.6145469703416778e-05,4.218247334642382e-05,3.530519608576467e-09,0.0005401811182169139,0.00038428116885008733,6.401951804195802e-05,6.261645825899263e-05,0.0002256561979581909
32,0.7858927393735319,0.0001274209332091825,9.639056664518506e-05,6.961630306951125e-06,0.0007626778153785835,7.100263613369163e-05,0.001131380446817819,4.60340537955051e-06,7.42039153069209e-05,3.807460072983733e-08,0.1815137514741918,0.0007765769362937291,0.00011952436941350764,3.544823421794893e-06,8.697362147811926e-05,6.133354634064129e-06,0.02721766166319675,1.6416729634566683e-05,9.481089125813771e-05,5.511270753852514e-09,0.0006979867542271121,0.0006960880567334408,9.740094507344968e-05,0.00011220607635631885,0.00039349999550606317
33,0.798821406456771,9.441630086458112e-05,4.165676083848077e-05,5.168107860930353e-06,0.00029756406159598466,1.5232969404128005e-05,0.0011210027996804573,5.0946391221473115e-06,1.162096602369896e-05,6.527919576932212e-09,0.16224856148651298,0.0012795347175218591,0.00013021977330066208,1.1770987312506433e-06,2.444461849673275e-05,4.5316399645182025e-06,0.0346241240160767,1.3443966771828592e-05,6.293405590976666e-05,1.7327810718305336e-09,0.00047225097047506583,0.0005405769135056085,2.6864402891181408e-05,3.8965193073049705e-05,0.00011919982390657801
34,0.7714522037061917,0.00015570956318508437,0.00011267376637514513,6.932385505736637e-06,0.0008421802733776648,7.696655668481452e-05,0.00114226433786333,5.1881486531674005e-06,8.280364042302865e-05,4.438021003812064e-08,0.18977675760609136,0.0010024096189797317,0.00011390282967637286,4.747485378243291e-06,8.632542884771196e-05,7.0187150337584105e-06,0.03283470822929051,1.6048144221736922e-05,7.855236928999438e-05,6.289019078980225e-09,0.0007003686370888694,0.000754710394727774,0.00010673370754744592,0.00012281638502870186,0.0005179274013090718
35,0.7799874060406594,0.00012621206154779546,0.00010090455193973285,6.231014131289231e-06,0.0008249746359938821,6.555245823165915e-05,0.0010450077024656747,4.353410137280611e-06,7.402905607530276e-05,3.5064018396420804e-08,0.18787998428038952,0.0008178711221023807,0.0001079768281061648,3.953476959638395e-06,7.951205325478672e-05,5.3366642842394364e-06,0.02684975334590678,1.4827215065181806e-05,7.19256381141597e-05,5.387580814524196e-09,0.0006577760514544688,0.0006495883929863533,9.460944388106029e-05,0.00010992983360621293,0.0004222442711076637
36,0.8479961349657188,0.00019391917646180385,7.912882169966409e-05,9.369349986876509e-06,0.0003058154679329051,8.037147872188819e-05,0.001118020488286921,1.1409508434469643e-05,8.84969493843304e-05,6.891716846078757e-08,0.11601813692811631,0.001142189925103749,0.00012994788449202668,4.864692336386264e-06,9.76654644193796e-05,1.0790269540339982e-05,0.03017233087719285,1.9744300850421157e-05,0.00011099698346082434,4.949308413948918e-09,0.0003801997791833171,0.0015512335530278568,6.648367451480338e-05,5.515570210485571e-05,0.000357519892552204
37,0.7845216703908331,0.00012544056793072596,9.418419189356409e-05,6.334195362075039e-06,0.0007433941512644039,6.96564495689583e-05,0.0010262789644389328,4.689294503769088e-06,7.255332496261574e-05,3.598961054741583e-08,0.18401914076606019,0.0008085521029939935,0.0001055134136807972,3.656166360479721e-06,8.198228099035735e-05,5.593783535539387e-06,0.02632867764601671,1.4915363811030932e-05,7.61871691046566e-05,5.100131665163566e-09,0.0006104021143176978,0.0006888182297955935,9.02678471064622e-05,0.00010016162313678865,0.0004018888725894342
38,0.7598540788931085,0.00014976258366856035,0.00010148538572851844,5.601959267546737e-06,0.0009720603030029954,4.835255932684592e-05,0.0007922914560659269,4.2435611033528175e-06,7.862130349145726e-05,3.300990676678949e-08,0.2095003232106585,0.0009269227737557832,9.643473105817495e-05,5.438414619709746e-06,6.796237456023786e-05,3.9803961775415395e-06,0.025383025466409342,1.257128536155491e-05,5.0833951210469446e-05,4.939180672367951e-09,0.0005905823045236674,0.0006879823190343993,7.845754738671351e-05,0.00010966317074874661,0.00047928610064416205
39,0.8097484111414991,5.734034234189882e-05,7.761745095980823e-05,3.479166890924007e-06,0.00033385467373378086,7.577707813290901e-05,0.0014089708752692601,7.573489059662268e-06,2.9539736724013663e-05,1.7593605400305552e-08,0.15515615988186487,0.0009961416359550491,8.656183738716044e-05,1.3562455481134544e-06,4.370607161226459e-05,8.753125520947163e-06,0.030316735989940693,1.396242073975355e-05,6.47740202892542e-05,3.370726587498866e-09,0.0006076587561664824,0.0005894052283389465,6.274829021457052e-05,5.5587040855050166e-05,0.0002538645366235062
40,0.8040701991669847,8.888953482538252e-05,7.117222999595333e-05,2.793137043307667e-06,0.0005456753767123495,4.352105837415459e-05,0.0006679620041211572,3.195014749318619e-06,4.612494739144927e-05,1.5971859566166884e-08,0.1736665071509521,0.0008614159915330195,7.66893910594245e-05,2.5280634764452577e-06,5.807999705028484e-05,2.780085790694898e-06,0.018287388035481862,5.992692701893974e-06,2.8820572753413306e-05,2.7796529122439486e-09,0.00032253955536923324,0.0007113243721395386,3.686607318552002e-05,5.292780699102146e-05,0.0003465889898050644
41,0.796207052318354,9.969900685624807e-05,7.932886516881453e-05,9.169011411552148e-06,0.0010839538146898134,0.00010427223338672681,0.0008539307221040055,4.05909122637968e-06,0.00010279092385558624,3.80024675847176e-08,0.18018256690611822,0.0007533906243950135,7.686192595799524e-05,2.7443508692262987e-06,0.00014000685676593294,4.839428782591936e-06,0.01869149453346877,1.142243569049037e-05,6.77049655334876e-05,4.591345931912242e-09,0.0003173790574726951,0.0006125770068262735,9.276028396282736e-05,9.946699814709983e-05,0.00040248604514269185
42,0.781302460266273,0.000153200212443361,5.262623878474219e-05,6.778558391263653e-06,0.0005153781310396171,9.721925172546783e-05,0.001196420519213502,6.620529699793501e-06,6.922424977688755e-05,3.630447116433387e-08,0.18663134258284356,0.0008641799379282177,0.0001532707963538477,1.9622313562787177e-06,0.00013030698493473152,7.454334811121419e-06,0.025866807892470315,8.96456549113348e-06,0.00014232702573079128,4.201460233254909e-09,0.0004285194677334321,0.0019211774435421945,4.434542775520789e-05,6.785657917713363e-05,0.00033151626659318537
43,0.7920951962923164,0.00012129357690551248,0.00010219887270885441,6.588639533852524e-06,0.0007603973728015765,8.474221852915344e-05,0.0010325514044574465,4.934167277487101e-06,8.088301501990367e-05,4.443445095894314e-08,0.17738072231637214,0.0007066421914150016,0.00011113234462856967,3.690750875897985e-06,8.589239274978225e-05,5.900754735193775e-06,0.025335382965175766,1.621802122208404e-05,8.376794153133621e-05,5.80610691218043e-09,0.0006632104132535989,0.0007242750115723633,9.859213192531664e-05,0.0001047740892275106,0.0003909628752075487
44,0.7934416344703575,0.00011660007770362999,9.595169596967267e-05,5.898338924198135e-06,0.0007314771854887105,6.314575671489816e-05,0.000999082305439954,4.30646659809554e-06,6.955601337097059e-05,3.303657810935909e-08,0.17646514141390424,0.0007878664159286659,0.00010575487584147655,3.533002818905522e-06,7.184849537312688e-05,5.24716037215684e-06,0.025140137936774075,1.490538228737752e-05,6.93667454577207e-05,4.967342286579195e-09,0.0006080873936443078,0.0006305965507562094,8.728593753681872e-05,0.00010285941314248257,0.0003796789616744632
45,0.7726769658282377,8.073374303704408e-05,4.7807485198553384e-05,1.608724074631658e-05,0.0012343548055383723,0.0002132484335243433,0.0034986711950037394,6.638561378994963e-06,0.00015561206579585608,3.060090769637498e-08,0.20333105372491503,0.0010737054863047,0.00015811671679792486,1.412879755906088e-06,0.0003488412597711392,1.0539823260046938e-05,0.014935916436309952,1.434427166116639e-05,0.0002229376291753687,7.0168984535725624e-09,0.00034174026548630085,0.0010792041607684364,8.843571106494639e-05,0.00010544598689991498,0.0003581486715620715
46,0.780043254913291,0.00012418731378165357,0.00011768671273185609,6.605431779044682e-06,0.0009467991635731415,7.78108913924409e-05,0.0012214539073240752,4.7527433883266105e-06,0.00011753750565132208,4.6983908463733727e-08,0.19370110874284502,0.0007619222813301047,0.00012021638556965897,5.298916864463353e-06,8.285788914657739e-05,5.4460106540992265e-06,0.020426226066061356,2.027664497491112e-05,8.401707024199404e-05,6.947720233325192e-09,0.0007797547912451868,0.0006433226697951662,0.00011146452673467878,0.00013514491693920384,0.0004628005730560748
47,0.780240426873649,0.00011416145680185905,0.00010430148010724129,6.651540890502754e-06,0.0008583663559972938,7.189357021143646e-05,0.0010639768418085269,4.495253121882125e-06,7.703605657675902e-05,3.724203268045519e-08,0.1882476978785357,0.0007522680162075408,0.00010411549492830572,3.982051075441927e-06,7.797386982603712e-05,5.350075832289486e-06,0.02625511194765213,1.739749034887973e-05,7.615691301975882e-05,5.625746524837588e-09,0.0007073454113983258,0.0005941249058105143,0.00010823227966819712,0.00011157004721655535,0.00039732132153651005
48,0.7784975346319236,0.0004373271206952749,8.896771977106959e-05,1.1448818810179107e-05,0.00034633995967105945,5.600268094346906e-05,0.0008128560310645149,7.340222403717298e-06,2.606633642419107e-05,6.450361339613085e-08,0.11276830775424859,0.0008208870067640344,0.00011864442021720279,3.035538618604879e-06,8.078245471823126e-05,1.1161309922516045e-05,0.10360814560035318,1.3369943353662554e-05,0.00013402850979946126,3.4849422015983152e-09,0.0006208261322236864,0.0010950966404871824,8.812004859872908e-05,5.500627677367852e-05,0.0002986368536585764
49,0.8144782958416263,8.892346764493627e-05,9.761969056013523e-05,4.489155600585888e-06,0.0006195819542135526,7.41770856444537e-05,0.0008504915706355952,4.2228456655988485e-06,6.239410119213238e-05,2.6769042176190003e-08,0.16016509672264698,0.0008482704926332187,8.930248170527581e-05,2.818868469853095e-06,4.7609536868122743e-05,4.318067794647587e-06,0.021035429849961703,1.2427493624474015e-05,3.8012492365768024e-05,4.541834209780565e-09,0.0004340753240851205,0.0005681180985040094,7.349152319150876e-05,8.496786784492342e-05,0.00031583415664453163
50,0.7882784748996173,0.00018706849483180396,0.0001283830602394535,6.552770321358186e-06,0.0007030302586313959,7.600382823929198e-05,0.0017199828692916355,7.567365819907167e-06,0.00010618154413598863,6.622318613154849e-08,0.179179927834588,0.0009411115797320788,0.0001781900042960178,5.990883740308907e-06,9.668706794928328e-05,7.3825264830484635e-06,0.02543334587448286,1.779690467223877e-05,0.0001326397917483344,6.7543347007395495e-09,0.0009708565922270674,0.0011628923070976702,7.37568588891289e-05,9.301901015460408e-05,0.0004930846952902625
51,0.7364618287326209,0.0018701816984517691,5.946414028631647e-05,2.4655775447544197e-05,0.000519141578885152,2.7267647668899843e-05,0.00044524365175530365,1.8980878268518077e-05,5.786793714213056e-05,1.0308883591469139e-07,0.22165293343786857,0.0017555018532028582,0.00018533249852478584,1.2736867264969136e-05,0.00016206420086584497,4.965656216848997e-06,0.03217633138533126,1.1316879916311329e-05,0.0001221937438092891,3.825074094303962e-09,0.00028923231911924947,0.0037044590275891534,2.2231755945662937e-05,3.0342823263281625e-05,0.000385618596645324
52,0.8957753336741432,6.820943495213657e-05,7.622802327118857e-05,1.5403987911527792e-05,0.00024794307068955684,0.0001612266982558458,0.00041326797409881803,7.346434409248015e-06,9.031277229634984e-05,1.833505497677499e-07,0.09031100599304362,0.00020085274187432107,0.0001255376322612668,2.2431633878100407e-06,0.00013518411997865673,9.282350075595898e-06,0.010828876344263176,5.525108957108726e-05,0.00019433211629561484,9.065698240275948e-09,0.0002631780430940539,0.0007277538016905163,0.00010487894848223995,6.281070414661343e-05,0.00012334846555956804
53,0.7594093073269805,7.570569894410018e-05,8.275644201142692e-05,4.620617671803523e-06,0.0007455261782243244,8.688302843273336e-05,0.002944043565158972,5.276747427041061e-06,0.00010135545501513722,1.752268983691556e-08,0.2115259436651249,0.0015671441211568945,0.000107055858427579,3.5022137409773494e-06,8.466124709989821e-05,6.760771256703113e-06,0.0211733028889343,1.6196565635234474e-05,6.740127757341795e-05,5.5260785954081e-09,0.0006527408480211769,0.000581194791840241,0.00010827061449287246,0.00010608886257340893,0.0005442381654880377
54,0.7798226417549852,0.00017217487595938154,0.00011733565754654346,6.285445629742671e-06,0.0008294372779817488,6.810377272672914e-05,0.0011056519934979031,4.931605315079075e-06,9.930076481974213e-05,4.56775875369541e-08,0.18499047270900712,0.0011896191446551633,0.00011300157745308224,5.437837047294475e-06,0.00010642113363132414,7.58066984887031e-06,0.028955024580629613,1.3109387508906522e-05,7.36701591497066e-05,6.270153386163342e-09,0.0005912363212217862,0.0008084822414092948,9.177873682780721e-05,0.00013429475689923106,0.0006939556485078986
55,0.8016110177322348,5.5643032128045296e-05,7.123728958789463e-05,4.78050908557214e-06,0.0011413056678147284,4.903946251101186e-05,0.002433495836837546,2.552555740561141e-06,0.0001228963850699116,8.864740510719067e-09,0.17863294137065022,0.0022889783141552314,0.00010829601418087703,2.4256708426591697e-06,4.2192456067545144e-05,4.72180315874778e-06,0.011846772227912628,1.4337461059844493e-05,4.310504233521006e-05,3.775114535141332e-09,0.00042385418666011595,0.0003435219934288747,7.746473156082948e-05,0.0002244610511195652,0.00045494656600273347
56,0.7974894085376154,0.0001145882391582416,9.326165002869672e-05,5.6785279561215985e-06,0.0007020945344767184,5.901219919402487e-05,0.0010042860606662538,4.191772719896011e-06,6.710660579397987e-05,3.086864442524126e-08,0.1735256719723183,0.0007901261298646575,0.00011101327386275107,3.410414057566255e-06,6.76314879384577e-05,5.012833881267384e-06,0.024090584817987943,1.4592468003017084e-05,6.790505705026396e-05,4.898835999664068e-09,0.0006018058242104716,0.0006380693163029679,8.180362640027341e-05,0.00010217759499977526,0.0003605312880324932
57,0.7635403118953193,0.00019965861462064468,9.379815385773879e-05,6.5352023901591915e-06,0.0007209261609883432,5.1673516043437174e-05,0.0016825910400575987,5.181254639296898e-06,6.689537902978681e-05,3.515850604775877e-08,0.19498550297918366,0.0011248879609301243,0.00018530548865642912,3.5439289346434547e-06,8.533892588153503e-05,8.650587927250204e-06,0.034299281178046016,1.5159302335384235e-05,0.00016863396071177314,5.063723268019249e-09,0.0010759660012206094,0.0010023160888360018,7.074864271595563e-05,0.0001313923279148089,0.0004756611875300824
58,0.7928457943574428,0.0001213769233610675,0.00010840316980949822,6.48085179976406e-06,0.0009383900570440771,6.418509976444887e-05,0.001130782908737635,3.5095688775129296e-06,8.640192747794266e-05,3.388846901053276e-08,0.17677648896220097,0.0008455179515207695,0.0001297518203968146,3.7205961311229918e-06,7.451361055717137e-05,5.78394538119814e-06,0.024751848171878598,1.5444611286232587e-05,7.551530658492593e-05,6.391538619395822e-09,0.0007032658745790413,0.0005963796424038413,0.0001047997512763972,0.00016971045184251168,0.00044189415963808635
59,0.7940226124298169,0.00012507732416034773,0.0001238283704066592,6.083913968640425e-06,0.0009202810309856923,6.608473482453762e-05,0.001038870469312951,3.756912530907358e-06,8.391618600821098e-05,3.8847872240648946e-08,0.17321893264401492,0.000817926344229695,0.00012016532159378605,4.1261948347799675e-06,6.931468645436891e-05,6.102184460709134e-06,0.02722023587733818,1.6105382391719434e-05,6.947280817445629e-05,6.624649467394663e-09,0.0007475694016249013,0.0005802287115076808,0.00010960154396821494,0.00016405083133201687,0.0004656112235382352
60,0.7934416344703575,0.00011660007770362999,9.595169596967267e-05,5.898338924198135e-06,0.0007314771854887105,6.314575671489816e-05,0.000999082305439954,4.30646659809554e-06,6.955601337097059e-05,3.303657810935909e-08,0.17646514141390424,0.0007878664159286659,0.00010575487584147655,3.533002818905522e-06,7.184849537312688e-05,5.24716037215684e-06,0.025140137936774075,1.490538228737752e-05,6.93667454577207e-05,4.967342286579195e-09,0.0006080873936443078,0.0006305965507562094,8.728593753681872e-05,0.00010285941314248257,0.0003796789616744632
61,0.8071221893705219,0.00010787107368215147,0.00012626914680408422,5.515499115531285e-06,0.0008798402338521977,6.157082343563091e-05,0.0009644228902217529,3.5147502376618898e-06,8.398168459814413e-05,3.634826846469513e-08,0.1645513059808856,0.0007386151890818282,0.00011493086851705367,3.947252807122846e-06,5.8229643127882954e-05,5.252451964562731e-06,0.023184040926084285,1.6282257341590418e-05,6.080027904263212e-05,6.194274786569801e-09,0.00071764015108599,0.0005140757803669839,0.00010361130505376779,0.00016015972542112093,0.0004158901742074208
62,0.7934416344703575,0.00011660007770362999,9.595169596967267e-05,5.898338924198135e-06,0.0007314771854887105,6.314575671489816e-05,0.000999082305439954,4.30646659809554e-06,6.955601337097059e-05,3.303657810935909e-08,0.17646514141390424,0.0007878664159286659,0.00010575487584147655,3.533002818905522e-06,7.184849537312688e-05,5.24716037215684e-06,0.025140137936774075,1.490538228737752e-05,6.93667454577207e-05,4.967342286579195e-09,0.0006080873936443078,0.0006305965507562094,8.728593753681872e-05,0.00010285941314248257,0.0003796789616744632
63,0.7899840088424246,0.00015286851189123376,9.536351798727119e-05,6.5060426707418205e-06,0.0007138276883411962,6.107807162182555e-05,0.000961360765379438,4.646790392816639e-06,6.983783413123945e-05,3.786052247980549e-08,0.17703268084901994,0.0008416936143828248,0.00011414825730713743,3.872175697289826e-06,7.818293218370103e-05,5.6991133384993286e-06,0.027842285352640963,1.4430160487063227e-05,7.711628094442308e-05,5.070553150829695e-09,0.000607876949403798,0.0007374730029790424,8.393457413813337e-05,0.00010435987813915983,0.00040670586342182274
64,0.783200453637358,0.00011638267003085571,0.00011237668614460256,5.317986010488141e-06,0.0007914994859527461,5.2712805205515484e-05,0.0011242625336719014,4.211031049542357e-06,6.017536249705909e-05,3.11530806482003e-08,0.18251322667233777,0.0007238375002460767,0.00012015265482084319,3.880030963532164e-06,5.6339773189259393e-05,5.120959295543787e-06,0.028920722584756735,1.7340906316406333e-05,7.5696030868543e-05,5.350588295689925e-09,0.0009601954909538472,0.0005698381222854528,9.515116245994103e-05,0.00011249019139882007,0.0003585792185174737
65,0.7754857765134993,4.8078504271423287e-05,4.398559182237726e-05,7.5549645547851975e-06,0.0006110323477505564,0.00010488554214722976,0.0013035345451858865,3.7924995646334407e-06,3.083766701686286e-05,1.4866864685668929e-08,0.1918526919464143,0.0005468858778170829,6.639201015198038e-05,8.799631811604845e-07,9.143192708136008e-05,5.053640400211509e-06,0.028413316394452517,1.6694922976083447e-05,0.00011523870388675124,2.5755841202526785e-09,0.000506499212364716,0.0004004351864667897,0.00011291260696588754,5.575028820745541e-05,0.000176321701372035
66,0.8512310489943276,5.287217383591533e-05,9.944018086436244e-05,2.607762070161698e-06,0.00046414984120164287,2.4969679889237687e-05,0.000841725782542468,3.6303598981042676e-06,3.800270905823089e-05,1.5867811414490133e-08,0.13429135253682578,0.0005174605468056781,0.0001240471716092059,2.1307567986220167e-06,2.3707431628890773e-05,2.6600425175579524e-06,0.011114501131573258,1.3189355580541159e-05,3.1693549743531686e-05,3.6651901494104195e-09,0.0004932285964958355,0.00039196174507855725,2.920670871709124e-05,5.4563330940169114e-05,0.00015183007899570146
67,0.8302102399425912,4.754378942641069e-05,0.00035243171789977283,5.796286280080462e-06,0.0006438142622425539,4.788983334729115e-05,0.0005700011573400157,2.9473619378885725e-06,2.4702098621725585e-05,4.707373566731372e-08,0.11078965275589385,0.00021844717430742145,8.418688311884186e-05,4.3668573437821236e-06,1.7808027140072548e-05,4.875552628892421e-06,0.05335347766295057,5.481241067221386e-05,4.394674605923547e-05,9.749931260221805e-09,0.0025745551116724864,0.00010569559406382219,0.0004749751389446861,0.00017500865723409567,0.00019276815461620318
68,0.7857233513042218,0.00011763006322267752,0.00020381206723955563,7.4940099807016244e-06,0.0014877439388997875,9.8943022442308e-05,0.001305989482807435,3.682818982171079e-06,0.00019306949628191655,5.5926196542106146e-08,0.18406764281543223,0.0012295441479735977,0.00011255830074515988,8.987745918959241e-06,8.160340501953242e-05,5.92386634220919e-06,0.02281968750829119,1.8814469711271e-05,4.508535453425938e-05,1.0576547705727153e-08,0.0006921626420102832,0.00047667263466202756,0.00018785382242438218,0.00026482093317851333,0.0008468596469340837
69,0.800365886782097,9.839884195677897e-05,0.00016262449560695198,5.392570269664013e-06,0.0007496049660819602,6.632712107465223e-05,0.0012035743399313329,5.255109802574814e-06,7.98132732127292e-05,4.394362474453614e-08,0.1682749159600459,0.0007676183272427089,0.00011435432372588868,5.489375367124057e-06,5.219273511501194e-05,6.173918291138773e-06,0.025724193892592916,2.5633881620309858e-05,6.678025139586186e-05,7.517883480399541e-09,0.0010699649894944882,0.0004651507636900916,0.000133170372304547,0.00013354599300963713,0.0004238862545627497
70,0.7534035837756958,8.333675888150655e-05,9.352350493745368e-05,9.699468686125192e-06,0.002137651021990569,8.574732786987896e-05,0.0014028953080196123,3.405255481742702e-06,0.00013976316037340647,2.229674141070797e-08,0.2242951767863723,0.0008462796533495358,8.463247183278172e-05,4.340101976475573e-06,9.395804352818133e-05,2.3091134537035473e-06,0.01569147366854607,1.2242000697590432e-05,4.347315353522528e-05,5.219610384327083e-09,0.0004803258448520908,0.00044770322601988557,0.00012825259173746708,0.00012124648940120277,0.0003889537564096917
71,0.7185615653113142,0.00022114831850467893,0.0002470368801769587,8.03959205558179e-06,0.0026773766314119114,7.689923846683882e-05,0.00266188951160119,6.629057147024757e-06,0.00027005062508515256,7.817297273908868e-08,0.23839186717760574,0.0012660708395918143,0.0001835416205900262,1.8656481489213773e-05,7.053101441820809e-05,8.0633234271639e-06,0.030645745056880058,3.968941500145348e-05,9.58233520217765e-05,1.8093233321004685e-08,0.0023865793513157987,0.0006712065717620761,0.00022424028129558975,0.00033590627613778735,0.0009313478064939173
