,0,1,2,3,4,5,6,7,8,9,10,11,12,13,14,15,16,17,18,19,20,21,22,23,24
0,5.24713467371432e-06,9.612831200479607e-06,5.511725071074934e-05,0.018553176872056324,0.9665716826462223,8.48678116903026e-05,9.464839880023171e-05,3.5895618011287703e-06,0.010508000813672504,4.645959082671456e-05,0.0008829963596694482,9.54920894677953e-07,5.9221178180576165e-06,0.00023783130797344116,0.0022573353786280565,2.286362072372029e-06,3.7298728881891725e-06,4.1976329889062e-05,5.7369968832648004e-05,3.1835482126110434e-05,3.553886455455643e-05,2.85468794665106e-07,0.00025186309263958417,0.00022828347039511833,2.938809116966171e-05
1,4.3837568619964804e-06,9.611430529373111e-06,7.945574632450193e-05,0.017814622827399183,0.9560997355428098,0.00013684622836962514,0.00011434431954419438,3.954065667285179e-06,0.02041373293102468,9.992320290848088e-05,0.0007390996544088978,8.461051466295375e-07,6.959342529539037e-06,0.00032008811396698955,0.003147099636788532,4.088460733140584e-06,3.187386332328531e-06,5.032090592191633e-05,9.201897892659895e-05,5.536148500712498e-05,4.679354569880889e-05,3.168038534994314e-07,0.0003381736622264188,0.0003721721294432,4.686373757713495e-05
2,3.4334571720997634e-06,7.723039940781988e-06,4.914370268136078e-05,0.012003404277626474,0.9686224433577139,8.26892355282285e-05,6.748641579571235e-05,2.8968034762649132e-06,0.014640848499125517,5.536105402871508e-05,0.0007874032683226537,7.664001198437459e-07,4.331947707168738e-06,0.00033929670069523485,0.0026898384591851356,1.8758397118120681e-06,2.3186561888920225e-06,3.127980066762451e-05,4.245019346941674e-05,4.043227736045136e-05,2.921902168615406e-05,2.785899832720728e-07,0.00022566575973802418,0.00022894364469615966,4.04695973791707e-05
3,4.9422476951194424e-06,8.95622958141369e-06,5.3768716774351784e-05,0.01668915353240677,0.9636193412662968,0.00011069951646392317,9.506040943419403e-05,3.5169312401907908e-06,0.014645121263372442,5.715615992548697e-05,0.0009334683528610403,8.757618013475329e-07,5.513119986561756e-06,0.00027761570252101244,0.0027441096208493986,2.1720618463020352e-06,3.073135235847773e-06,4.2679471081567136e-05,6.484987234693197e-05,3.436323232280775e-05,3.648772013888268e-05,3.1868821767114194e-07,0.0002849555016235825,0.00024619695524024065,3.560453073631155e-05
4,5.238996790922546e-06,9.548545946301136e-06,5.7803018131567e-05,0.016805464844954095,0.9641730936907611,9.231576907287858e-05,9.631687486257997e-05,3.4849453104445433e-06,0.014306515856939856,5.54808705506127e-05,0.0009373633888482274,8.924950987956942e-07,6.738655499503458e-06,0.00030979748390934467,0.0023992189735904832,1.96060422942589e-06,2.9713559170678928e-06,4.4812968774012485e-05,6.271233462159697e-05,3.6793930270715995e-05,4.023911416506494e-05,3.3884817927451115e-07,0.00026086377683494236,0.0002570010306257167,3.3031626115525335e-05
5,4.328054319252535e-06,7.724254027980643e-06,5.167652367973833e-05,0.02009445430804148,0.9624205826399476,0.0001052224404813721,8.018511081957764e-05,3.143571412740099e-06,0.01311244608841041,6.0944621680955465e-05,0.0007905274349848366,6.760478637212789e-07,5.433864747128188e-06,0.00026254629273091335,0.0021883820254445406,2.000633414744403e-06,2.76990053609168e-06,5.472387807628706e-05,6.299058531998244e-05,3.9079514290815815e-05,3.591965704660626e-05,2.449145259306478e-07,0.0003299869067942144,0.00025775503662553694,2.625569477733941e-05
6,4.9422476951194424e-06,8.95622958141369e-06,5.3768716774351784e-05,0.01668915353240677,0.9636193412662968,0.00011069951646392317,9.506040943419403e-05,3.5169312401907908e-06,0.014645121263372442,5.715615992548697e-05,0.0009334683528610403,8.757618013475329e-07,5.513119986561756e-06,0.00027761570252101244,0.0027441096208493986,2.1720618463020352e-06,3.073135235847773e-06,4.2679471081567136e-05,6.484987234693197e-05,3.436323232280775e-05,3.648772013888268e-05,3.1868821767114194e-07,0.0002849555016235825,0.00024619695524024065,3.560453073631155e-05
7,8.807419594945234e-06,1.0960437122848441e-05,6.795768849193656e-05,0.02027779024926006,0.9598621980976262,0.00011521280462607362,0.00012817830201835177,5.033140376294182e-06,0.013925425406437524,5.791764282084272e-05,0.001422303615265391,1.0862864050734054e-06,1.1054497562292342e-05,0.0002651174136014903,0.003097070962608664,2.4229991902389295e-06,3.4472386439416163e-06,5.7778965884126534e-05,8.815631727859493e-05,4.1601213656178026e-05,4.431205511604817e-05,5.086468496621999e-07,0.00023309154768466386,0.00024145092705049422,3.111612482823008e-05
8,4.361063529955805e-06,9.027292798842894e-06,0.00010097105396900707,0.017253438761544792,0.962932607837811,8.148172940932083e-05,3.1252586991196906e-05,1.8481860877363662e-06,0.01570990768326326,9.350610307143482e-05,0.0004676545757480309,5.707232213349082e-07,3.3798100821045537e-06,0.0003894899865873195,0.0018768621707005535,1.8259245388760204e-06,2.9504751769223834e-06,2.8987119114452272e-05,2.2392991987229527e-05,4.036885847674964e-05,2.195230393667384e-05,1.485471924291707e-07,0.0004261559824646672,0.00045307205001350186,4.578618228270669e-05
9,3.1228287478012256e-06,1.3423343825293779e-05,0.0001423677820314108,0.021031597538503515,0.9530480283522168,9.579918466703975e-05,4.0562057170259834e-05,2.852671135498411e-06,0.02067353805610129,0.00020809015829915687,0.0004419878364641454,5.959400712430118e-07,5.05094870939229e-06,0.0006680970519817446,0.002239585136841159,3.8065852420260803e-06,3.5975755793294595e-06,4.415798059322703e-05,3.951980361572431e-05,8.821366742992268e-05,3.656903147721529e-05,1.8588888733550013e-07,0.0005000022367142269,0.0006081845626357481,6.106378105974743e-05
10,4.9422476951194424e-06,8.95622958141369e-06,5.3768716774351784e-05,0.01668915353240677,0.9636193412662968,0.00011069951646392317,9.506040943419403e-05,3.5169312401907908e-06,0.014645121263372442,5.715615992548697e-05,0.0009334683528610403,8.757618013475329e-07,5.513119986561756e-06,0.00027761570252101244,0.0027441096208493986,2.1720618463020352e-06,3.073135235847773e-06,4.2679471081567136e-05,6.484987234693197e-05,3.436323232280775e-05,3.648772013888268e-05,3.1868821767114194e-07,0.0002849555016235825,0.00024619695524024065,3.560453073631155e-05
11,5.153205004049021e-06,9.053996961122826e-06,5.488231540063632e-05,0.016848887652813314,0.9639361873001188,0.00010214790744399657,9.865038950483149e-05,3.461583168851903e-06,0.014278263276050647,5.420199036410533e-05,0.0009397622377824549,9.08899356544386e-07,6.414797613731585e-06,0.00027376472966390874,0.0026382173838087482,2.15019548696097e-06,3.0316493399940138e-06,4.2480757851805094e-05,6.559077804498773e-05,3.642491639502679e-05,3.777434997338308e-05,3.373662591148222e-07,0.0002671506315618658,0.0002609536393883607,3.4148050642703294e-05
12,5.209368841068549e-07,1.115238589778003e-06,1.6834961211365546e-05,0.001212734563111386,0.9939801548204563,1.9445510313004518e-05,9.363341636901552e-06,1.9407194098966261e-07,0.0037624862807852043,9.790552339875205e-06,0.00020718784946424732,1.4526335380007106e-07,5.121484870003213e-07,0.00010556761353623394,0.00038550946121872133,2.72809586063306e-07,8.224707333894935e-07,4.423375727815375e-06,2.444949972485452e-06,1.9082993648548758e-05,7.968398443253255e-06,2.934435140534138e-08,9.929475193395071e-05,0.0001364048418998201,1.7693450374224993e-05
13,4.999729562744967e-06,8.945090236718315e-06,5.289546640739854e-05,0.01572587646073681,0.9651012560680386,0.00010298179597518427,9.310707611655333e-05,3.5518316569632934e-06,0.014127720366368798,5.364029960448987e-05,0.0009880999455207742,9.033833748909419e-07,5.5087085668113706e-06,0.00028592209994076495,0.002730754258500872,2.0453248452676314e-06,3.030014998838798e-06,4.131678975463659e-05,6.204482002096201e-05,3.354254161004259e-05,3.650993676942472e-05,3.274884891078746e-07,0.0002648360014992393,0.00023425660303085836,3.592789837306556e-05
14,6.8843115840073344e-06,9.63432983950719e-06,8.818078554891105e-05,0.018700835997852286,0.9513345827816372,0.00017683257115832236,0.00012273844953365987,5.188807454738061e-06,0.02287460805089025,8.358741424391491e-05,0.000968082493248894,1.270181678690367e-06,6.148505988299513e-06,0.00037375662329966816,0.004237715275186667,3.9394982799012265e-06,3.898583559792417e-06,4.7995648541908196e-05,6.422671729267443e-05,5.055826114344447e-05,3.677036820831779e-05,3.99830708463858e-07,0.00041093041899197035,0.000329091894205164,6.214219992368342e-05
15,4.9422476951194424e-06,8.95622958141369e-06,5.3768716774351784e-05,0.01668915353240677,0.9636193412662968,0.00011069951646392317,9.506040943419403e-05,3.5169312401907908e-06,0.014645121263372442,5.715615992548697e-05,0.0009334683528610403,8.757618013475329e-07,5.513119986561756e-06,0.00027761570252101244,0.0027441096208493986,2.1720618463020352e-06,3.073135235847773e-06,4.2679471081567136e-05,6.484987234693197e-05,3.436323232280775e-05,3.648772013888268e-05,3.1868821767114194e-07,0.0002849555016235825,0.00024619695524024065,3.560453073631155e-05
16,5.9064486535934695e-06,1.1709767609389525e-05,3.81619511460883e-05,0.017520352305011342,0.9621677504411073,8.390871402836704e-05,0.00010845084951823544,4.706279215624022e-06,0.014028457563956176,4.379943952979257e-05,0.0013606970357262832,1.3391087786648064e-06,6.966090546955245e-06,0.0003513783756077894,0.0036690408921214567,1.9006196476746519e-06,2.7376390027874692e-06,4.595763679111289e-05,7.817996935888419e-05,3.059423588967385e-05,3.5341460007155725e-05,5.419353169570158e-07,0.00018886553574288365,0.00017580207027965104,3.745363540655769e-05
17,3.614095120319408e-06,4.793324399077839e-06,3.0067718360980132e-05,0.008825372455344127,0.9793408625471053,4.205535583076791e-05,8.183212893558728e-05,1.44728986142843e-06,0.009310831627681145,1.5796045759194237e-05,0.0007323521117349493,6.953221880039569e-07,4.6148202784974924e-06,0.00019312886404165069,0.000924794396364426,6.667282634100496e-07,1.64794695691992e-06,2.8254816094679218e-05,2.701858650245405e-05,1.981208142522991e-05,2.9580337759394765e-05,1.8035140552454975e-07,0.00016502773625768244,0.00019803698008352214,1.7516332245843244e-05
18,3.3978216905224914e-06,9.158581956572495e-06,6.161133992085435e-05,0.008625365790216999,0.9682082680146914,9.779123944037207e-05,0.0001117425010308044,2.8586914240628355e-06,0.017602985581464947,6.047711584356702e-05,0.0008886277198071322,1.1131236087904616e-06,4.1207849099751185e-06,0.000481719520538138,0.0028770495054255287,2.6571428172705158e-06,3.6110774068430676e-06,3.726077418616281e-05,6.307903516031124e-05,4.016145947426196e-05,5.699588106202985e-05,2.90632281098931e-07,0.0003596589299081106,0.00032259257720911955,7.740515852504188e-05
19,3.0307613083309626e-06,9.572597814707004e-06,3.946191141650003e-05,0.02320442083052756,0.9560334600004544,0.00012207079445577808,7.331099298873517e-05,2.4678871744897697e-06,0.016198440137799287,6.642302195223883e-05,0.0005155128467079506,7.644270846067394e-07,4.768092520630208e-06,0.00022235144258706932,0.0028610197565412214,2.084219949853531e-06,2.3519725574363325e-06,2.59668789792827e-05,5.210192079246166e-05,3.3783682503782926e-05,1.8832203096012815e-05,2.96581542159321e-07,0.000236405128135733,0.00024126474941774107,2.9837161691965917e-05
20,5.653359701699462e-06,1.1092437192539718e-05,4.535130591530284e-05,0.01981757912468387,0.9566656439999655,0.00012068053260408546,0.00010000144743101595,4.54986853760628e-06,0.017278810877032764,6.481291526086057e-05,0.0011934689145214482,8.293559450749478e-07,8.010347313702796e-06,0.0003339624429188069,0.0036983884405075054,1.6655772517300585e-06,2.5135088087811384e-06,4.3612873841396746e-05,8.162410119649478e-05,3.900843209754319e-05,3.6643344041527405e-05,5.809651016580563e-07,0.00022066723758348185,0.00019411880884769484,3.0729781697942856e-05
21,7.880936859462154e-06,1.163953034967877e-05,0.00012823574440395702,0.01818645421277312,0.9662697574504203,5.433149866484134e-05,9.909993929757832e-05,4.599491936201147e-06,0.011034856325446834,5.7814322644253165e-05,0.000977068639071568,1.635583309452579e-06,1.0511539163186473e-05,0.00048276739546461184,0.0016610018941442552,3.865378051909275e-06,4.888471233232776e-06,7.440493123596108e-05,4.45363695804325e-05,6.41523544592564e-05,5.5914391713661115e-05,2.716212090029519e-07,0.0002965529185089237,0.00042428198103536843,4.3477079023198254e-05
22,8.593711107457914e-06,1.171995518289751e-05,9.40933961246027e-05,0.02086983925242571,0.9646526320541615,0.00011892164264499429,8.196854145348296e-05,5.772058284396055e-06,0.0090994064606676,8.20257556567006e-05,0.0013385091740939813,8.947814856592828e-07,7.536019693612964e-06,0.0003277325208918011,0.0024156492289866332,2.77158121424392e-06,6.6703767077932066e-06,7.406411813088641e-05,7.234253762757315e-05,4.495388241984085e-05,5.807587203213877e-05,3.9513251671198327e-07,0.00036819815448046724,0.00022629457987354614,3.093921213584818e-05
23,4.9422476951194424e-06,8.95622958141369e-06,5.3768716774351784e-05,0.01668915353240677,0.9636193412662968,0.00011069951646392317,9.506040943419403e-05,3.5169312401907908e-06,0.014645121263372442,5.715615992548697e-05,0.0009334683528610403,8.757618013475329e-07,5.513119986561756e-06,0.00027761570252101244,0.0027441096208493986,2.1720618463020352e-06,3.073135235847773e-06,4.2679471081567136e-05,6.484987234693197e-05,3.436323232280775e-05,3.648772013888268e-05,3.1868821767114194e-07,0.0002849555016235825,0.00024619695524024065,3.560453073631155e-05
24,4.0881261970887e-06,1.310053573401365e-05,4.177594754722989e-05,0.030942077497178443,0.9513494830112476,9.885536889512701e-05,8.695174779837283e-05,3.711741696955172e-06,0.012726438788237615,7.10067198288648e-05,0.0007750293164343451,7.555911999725503e-07,6.14929609193036e-06,0.0002847834178824188,0.0028107344858393306,2.1716203222010783e-06,3.3727632261917695e-06,5.2813295037695505e-05,9.616905717839538e-05,3.269818555355151e-05,3.6235638428122774e-05,3.306869799094197e-07,0.0003105290838100693,0.00022507289689677887,2.5665180757738552e-05
25,4.423913485354446e-06,4.795722123263546e-06,3.868426052994563e-05,0.011723226145229013,0.9785575366308681,5.338917066520549e-05,0.00011361660315522736,5.212826885676599e-06,0.00626069761551003,2.0478462006446507e-05,0.0013234731294483695,9.630730834732185e-07,6.084434255067916e-06,0.000213157360093139,0.0011927311986019817,1.4388561525632124e-06,2.4257292861572547e-06,6.076950979807424e-05,3.880754482102634e-05,3.719690331247275e-05,4.1496709164005626e-05,2.3877850587367044e-07,0.00015773088413676884,0.00012531558480139142,1.6108954081349758e-05
26,3.6974044127483844e-06,4.586865372254011e-06,7.003506343989661e-05,0.014391252039319727,0.9666557852136928,9.079802340116178e-05,4.279240528644773e-05,1.266296947064059e-06,0.015843345465163944,5.609483108169219e-05,0.00039796754553976304,3.956454338544198e-07,3.300932259950122e-06,0.00021972461410414403,0.001129480724062912,1.4067656605768601e-06,1.978105267307647e-06,3.853000963170946e-05,2.4474788744283252e-05,3.675328663946164e-05,2.4326328160880516e-05,9.777811410715779e-08,0.00047476743826470856,0.0004623294144570416,2.4813015541556622e-05
27,4.91205851356389e-06,8.486854654738629e-06,3.5785450409766894e-05,0.018869660848385667,0.9498649095753988,0.0001701157432152241,9.320019770282253e-05,3.418725073057812e-06,0.02498342515056297,6.083548879331625e-05,0.0008465182866443626,8.669920902264308e-07,5.5573707888578765e-06,0.00022563268761874403,0.004164219789629024,1.936631788081797e-06,1.7511095550188381e-06,3.2358633997059906e-05,6.910575739910686e-05,3.330563370668607e-05,1.9878247710735735e-05,4.894022081503605e-07,0.00023058061761080677,0.00023679638966695802,3.625235687609191e-05
28,4.9422476951194424e-06,8.95622958141369e-06,5.3768716774351784e-05,0.01668915353240677,0.9636193412662968,0.00011069951646392317,9.506040943419403e-05,3.5169312401907908e-06,0.014645121263372442,5.715615992548697e-05,0.0009334683528610403,8.757618013475329e-07,5.513119986561756e-06,0.00027761570252101244,0.0027441096208493986,2.1720618463020352e-06,3.073135235847773e-06,4.2679471081567136e-05,6.484987234693197e-05,3.436323232280775e-05,3.648772013888268e-05,3.1868821767114194e-07,0.0002849555016235825,0.00024619695524024065,3.560453073631155e-05
29,4.9422476951194424e-06,8.95622958141369e-06,5.3768716774351784e-05,0.01668915353240677,0.9636193412662968,0.00011069951646392317,9.506040943419403e-05,3.5169312401907908e-06,0.014645121263372442,5.715615992548697e-05,0.0009334683528610403,8.757618013475329e-07,5.513119986561756e-06,0.00027761570252101244,0.0027441096208493986,2.1720618463020352e-06,3.073135235847773e-06,4.2679471081567136e-05,6.484987234693197e-05,3.436323232280775e-05,3.648772013888268e-05,3.1868821767114194e-07,0.0002849555016235825,0.00024619695524024065,3.560453073631155e-05
30,4.9422476951194424e-06,8.95622958141369e-06,5.3768716774351784e-05,0.01668915353240677,0.9636193412662968,0.00011069951646392317,9.506040943419403e-05,3.5169312401907908e-06,0.014645121263372442,5.715615992548697e-05,0.0009334683528610403,8.757618013475329e-07,5.513119986561756e-06,0.00027761570252101244,0.0027441096208493986,2.1720618463020352e-06,3.073135235847773e-06,4.2679471081567136e-05,6.484987234693197e-05,3.436323232280775e-05,3.648772013888268e-05,3.1868821767114194e-07,0.0002849555016235825,0.00024619695524024065,3.560453073631155e-05
31,1.2408192549981494e-05,1.540390027627003e-05,0.0001461354164969262,0.022605247759777333,0.9556525728535817,0.00014229849218626683,0.00013651839866472593,9.84339260224049e-06,0.015253368102681849,0.00010414198365435391,0.0014411228457941946,1.4915017042251124e-06,9.302134587127377e-06,0.000449374385487285,0.0029451293932071174,4.574659963450286e-06,6.754196482467763e-06,8.652737143908612e-05,8.694322726180297e-05,4.7644154962550055e-05,7.220716175668443e-05,4.901856455747692e-07,0.00041122357469290687,0.0003076660178966407,5.161069664706357e-05
32,4.713089757609964e-06,9.193865405793505e-06,5.0450961086030137e-05,0.018174984923795958,0.961735569643175,0.0001191374131245879,0.00010319550474547208,3.537126023192766e-06,0.014720230302408842,6.077934293514214e-05,0.0009135070185458953,8.307486368687875e-07,5.719967502573324e-06,0.00026046743355292865,0.0030271698053341138,2.3914436400868162e-06,3.234269773057463e-06,4.537786066635967e-05,8.351645712944822e-05,3.479638818901021e-05,4.04158154971012e-05,3.311061916887749e-07,0.0003095006496993188,0.0002558773429859008,3.5071520198251164e-05
33,1.0302618463088628e-05,1.3285319556745073e-05,4.548594598946889e-05,0.03379478341943826,0.9553019276299546,6.662474357501176e-05,0.00020909302495269067,6.455849637831503e-06,0.00609887066747404,2.410271957730948e-05,0.001684959754240527,1.951668496125929e-06,1.5414165208070516e-05,0.0001913105892993003,0.0018209530786506326,2.4284173538025655e-06,6.1770112460878905e-06,8.554226014340633e-05,0.00010516531016750332,2.915631541289452e-05,5.6845230306262026e-05,5.033951225928454e-07,0.00021960585505068677,0.00019231875475899198,1.6736255924096985e-05
34,1.1959049572532892e-05,6.883841042834237e-06,5.709294138165601e-05,0.01646047628729642,0.9636679873050732,9.506208845467598e-05,0.00010839524947047312,3.7272346497721526e-06,0.014418891135472062,3.727463819906327e-05,0.001508643108960242,7.511478416789176e-07,8.357947217299123e-06,0.00020469621186567567,0.002730138762770829,1.2955716148789787e-06,2.359109584336084e-06,6.045644155920412e-05,8.379516804916212e-05,2.2935152937779377e-05,4.410764778983179e-05,3.9548497566198207e-07,0.00023146654157650727,0.00020963910995297445,2.3212822691275734e-05
35,3.146272450850785e-05,1.5111698165558557e-05,0.0001035313457014824,0.03946532131744898,0.9115282646841749,0.0005066719489017133,0.0003264345790981572,1.9274067593743376e-05,0.039068297500178886,0.00014214787257095212,0.002230890949644602,2.336516103089882e-06,1.5009879131478237e-05,0.00028922802339162294,0.004655417548188418,6.827920022045072e-06,5.511630459098899e-06,0.00024275942611538654,0.0002958398732977888,3.766058704977194e-05,6.777260010192844e-05,1.2568055270923423e-06,0.0005529387419156532,0.00034681659301943977,4.321516768973301e-05
36,1.220017735572336e-05,4.047472484051007e-05,0.00013531070515260146,0.06309025854272293,0.8879260845909309,0.00030814833580258995,0.00022889007588127136,1.9228464628233856e-05,0.03331128482217855,0.0003204826384864346,0.0013037057280591562,2.9223181587964197e-06,2.0631601071416763e-05,0.0007549347040964301,0.010998744684827805,1.7743726380236304e-05,1.129529768876281e-05,0.00011780365455932075,0.0002477222292843231,0.00012544234752215612,5.233879108751875e-05,1.686223117793646e-06,0.0004899678604564068,0.0003733074022459107,8.939035346421186e-05
37,5.78125893566901e-06,5.192405883947904e-06,6.294970640536706e-05,0.010816930511742213,0.974396662050601,5.045153045486577e-05,8.442858237189222e-05,1.8856778190420335e-06,0.011996552591012836,2.760889902102507e-05,0.0006973100474642036,7.954995276779901e-07,6.043060922914884e-06,0.0002442957314550119,0.0009113063422364612,1.1074669087335358e-06,1.9012025491866093e-06,4.556705663930238e-05,2.8491207978943236e-05,2.784700340375953e-05,3.5268291310555365e-05,1.6572209307847763e-07,0.0002224929107864598,0.00030675606314089067,2.220917933494749e-05
38,1.0682107009092593e-05,1.3391083940591734e-05,9.644635435453103e-05,0.03606111123948311,0.931273109152125,0.00043563381396714135,0.0003300271941225986,8.804495320086187e-06,0.02173937087090326,0.0001308118339349813,0.0013175647530857975,1.5065178079238713e-06,1.5569255488805597e-05,0.00022791064946108548,0.006678736438391059,1.0754758431359517e-05,7.405150960533362e-06,0.00011488289939690201,0.00027256793291891175,8.111132008910991e-05,7.632699559777947e-05,7.213908011472093e-07,0.0006410894734402264,0.0004046888863544335,4.977543261439632e-05
39,1.0249206726214692e-05,1.0258580179899504e-05,0.00010331814704610513,0.022132945954106302,0.9561375608484813,0.00027314167706289275,0.00027559293629064285,1.3866409373651018e-05,0.014516150792628055,7.889033268718605e-05,0.0016127886217044269,1.909197749837353e-06,1.008435841629424e-05,0.0002686278684516996,0.003422724177596773,7.086918563377348e-06,7.014916884694808e-06,9.57455969027854e-05,0.0001236109525341161,5.8865184540507095e-05,8.102334538652575e-05,5.959910589864938e-07,0.00044528741449051135,0.00026674580559288833,4.5914765544332185e-05
40,6.804682781886284e-06,8.130991716498337e-06,6.178001531941449e-05,0.00946618008431386,0.9720149285916051,9.455893890282656e-05,8.600436248819071e-05,2.956361989248233e-06,0.01337126064174196,3.539843253435803e-05,0.0011865079640477841,1.2510098483860949e-06,5.112382057018317e-06,0.0002799917209552656,0.002856403066101648,1.4350578059091621e-06,2.9214869034504216e-06,2.2754043489213146e-05,3.386012026300387e-05,2.4934714998719762e-05,2.8782714914792916e-05,4.0037570958979877e-07,0.0001706058789154838,0.00019096334176366348,4.6073018832720374e-05
41,2.8604526573430797e-05,9.236928628108801e-05,0.0020729491139429954,0.0031199815614737485,0.8472955010068014,4.8822448581185016e-05,0.005921497151579446,3.653012301548722e-05,0.007681555128985988,0.00014048852089513036,0.012731263306930815,1.0860084426818505e-05,0.0002536378197823022,0.011219605445717299,0.00030172380325205227,3.8845189193842726e-05,0.00028489960539083287,0.0035429062764110175,0.001354222531577756,0.0005852798584302631,0.0949038528163041,1.3047193301425074e-06,0.004110927505575005,0.003889960126760294,0.0003324120427876764
42,6.71172214792143e-06,1.6531605685497977e-05,5.456672814951068e-05,0.029271900408903182,0.9430793960054026,0.0002446746268814954,0.0001592842257672021,7.326632008643096e-06,0.01809340947505433,0.00010545195009574095,0.0011976637269112576,1.2475212128686242e-06,1.1287091629505577e-05,0.00022040654764631328,0.006625730934834071,5.960416609668975e-06,5.501073713632893e-06,4.739012877859749e-05,0.00017560856999130562,5.695242734077912e-05,3.8712886183963876e-05,9.756317655275617e-07,0.00026907491643458453,0.00026081586575032854,4.341888110128689e-05
43,3.841165886272186e-06,9.644438721121321e-06,5.820823662048251e-05,0.0203896814815503,0.9482211633036807,0.0003051341022862932,9.900018221023877e-05,5.275717906112358e-06,0.023452297564090844,0.00016958103801173506,0.0008311399966037818,5.705932801520679e-07,5.620879812545062e-06,0.0002802609683732988,0.005171326536810011,3.9977989566035416e-06,3.130428508972589e-06,4.918214586191864e-05,0.00013520294329571648,5.746881997615609e-05,4.453933736138757e-05,4.934662028248169e-07,0.0003927079201521391,0.00026749781026198246,4.303312357841993e-05
44,4.9422476951194424e-06,8.95622958141369e-06,5.3768716774351784e-05,0.01668915353240677,0.9636193412662968,0.00011069951646392317,9.506040943419403e-05,3.5169312401907908e-06,0.014645121263372442,5.715615992548697e-05,0.0009334683528610403,8.757618013475329e-07,5.513119986561756e-06,0.00027761570252101244,0.0027441096208493986,2.1720618463020352e-06,3.073135235847773e-06,4.2679471081567136e-05,6.484987234693197e-05,3.436323232280775e-05,3.648772013888268e-05,3.1868821767114194e-07,0.0002849555016235825,0.00024619695524024065,3.560453073631155e-05
45,4.297390218434821e-06,6.179247505935747e-06,2.5676260992437195e-05,0.02610398801701293,0.9487461347025143,0.0001978551818422151,0.00017423337366172603,4.636359072820442e-06,0.01846568697759838,4.24769976907762e-05,0.0007740358685639562,8.068582717345589e-07,6.343731853137794e-06,0.00010954485953732167,0.0048068263450318695,2.42948986000782e-06,1.7309093657626524e-06,3.222879784894468e-05,0.00010152782552979683,2.9790541750423545e-05,1.823566856103983e-05,4.535478168578975e-07,0.0001790522552276225,0.00014554009092163008,2.028870175034188e-05
46,9.498985565891518e-06,1.675680177700365e-05,4.745016420759519e-05,0.03122671571460375,0.9562845784355353,0.0001331813793133561,0.00011586453393553867,5.178107336921677e-06,0.005906542520959747,3.886616751730541e-05,0.0013005808822602156,1.8877005945311678e-06,7.068683970313987e-06,0.00014561689670022397,0.004047359570688544,3.7409108886125528e-06,1.2090701423016235e-05,3.4143056875184936e-05,8.000456486993808e-05,2.4091085345732197e-05,2.932489653304551e-05,5.924419948969513e-07,0.00030240845251032933,0.00019199584300388199,3.446150158906099e-05
47,1.295587930263933e-05,2.8006136183235406e-05,6.678054688609749e-05,0.021909591865553982,0.9494047193046111,0.00016898969841219695,0.00019141894029201008,6.989431341941348e-06,0.020256810131883657,7.083465254358913e-05,0.0015507214153382895,3.202225010007686e-06,1.5295888813288775e-05,0.0002725848557504258,0.005196551026347577,5.82522780901375e-06,6.118273368892331e-06,4.060418148878906e-05,0.00010427347936920332,4.4542107060212856e-05,3.023453196984003e-05,1.2772608096599067e-06,0.00020104283450168706,0.00034220104057415004,6.842906477842472e-05
48,1.1427315160041013e-05,4.760137102438058e-05,7.093267177115447e-05,0.058068763405735205,0.9200771463532902,0.00020217428031051523,0.00016913421539532824,1.0366230417280484e-05,0.012536938021129533,0.00015326566976650534,0.0013748342942175437,1.5843972726803774e-06,1.1969098693594308e-05,0.0003687579853812044,0.005630146335769634,5.56896453909464e-06,1.5905794399832334e-05,7.918322747210652e-05,0.0002673548906766407,3.2766592801280805e-05,6.959493153209847e-05,1.1354340235637775e-06,0.0005139486623772359,0.00023690551440167727,4.259434244170348e-05
49,5.7130788528162614e-06,8.7478769733646e-06,7.036399763539301e-05,0.01695838813254541,0.9623054268579998,0.00014874809504569555,9.813344167904699e-05,3.8660117451405936e-06,0.01584841140522732,6.161195445873932e-05,0.0009403334054785546,1.09782869631302e-06,6.3025271602380955e-06,0.0002764792154757852,0.002476238246149461,2.5453950591207143e-06,3.2044785174481786e-06,4.301496842632734e-05,4.6496004808686364e-05,4.523551610453623e-05,3.1704335223984225e-05,3.326360165630689e-07,0.00029948163824205235,0.0002804488310984474,3.7674121379964204e-05
50,5.140673387887946e-06,1.4428053802615991e-05,6.436331513656621e-05,0.019107515555613824,0.9532828010602157,0.00013310911965754696,0.00016301733832271926,5.941539304811544e-06,0.021742543480696454,0.00010496488762925975,0.00097814549667566,9.99460411812726e-07,9.337889031465062e-06,0.00041867685068512547,0.003153686739976227,2.8659527043026518e-06,3.1232323721732417e-06,5.578045899699596e-05,0.00012425030298411055,4.382922759344056e-05,5.7049373781032203e-05,5.703811863340012e-07,0.0002535591977097071,0.0002338622902080859,4.043812191603389e-05
51,7.427065360941301e-06,4.619198644549436e-05,5.473682856955959e-05,0.06203638665148171,0.9136561015117883,0.0001002888242798589,7.50830003197116e-05,8.427294305293365e-06,0.016299054280674175,0.00013490420515015515,0.0012409208213763866,1.4711501898677307e-06,1.1232214820033209e-05,0.0005829208888760968,0.005072025015306792,2.487486758550989e-06,4.068756789831797e-06,5.962592487346615e-05,0.00011716406544912104,3.764140930491875e-05,2.8158979445166167e-05,9.115440260957148e-07,0.00020828530593055067,0.00017997097529204182,3.451381318584956e-05
52,1.2055199508768896e-05,1.4361735055656205e-05,0.00010256838275914099,0.0851821845498589,0.8567458478158471,0.0006011918929340057,9.0426106904318e-05,1.5691344840673417e-05,0.041983328021343615,0.0007169412477558288,0.0014530483395421578,6.008769115507015e-07,1.6727663102078327e-05,0.0005333905014869963,0.010496755897300975,8.144359075296002e-06,3.4354118830602746e-06,0.00036310129598647156,0.0003789197995587333,0.00016967479343135813,4.348838025506013e-05,1.0227923685419256e-06,0.0007140683347050834,0.0003225629245927497,3.046233299197443e-05
53,4.798209746494136e-06,5.962430657581204e-06,4.134875935493784e-05,0.012099963273811742,0.9634190508094467,0.00015565156215831602,0.00025322384263684865,4.2470268772169515e-06,0.018849102429046187,2.8123651437355368e-05,0.0010993168340293765,1.6306664656470797e-06,4.957120216638865e-06,0.00023157780882789562,0.003004644491964068,2.6731839119748916e-06,2.728195241709917e-06,4.1853960904165353e-05,6.097849835800444e-05,3.2405730938341895e-05,3.770176106690021e-05,3.0154856485648253e-07,0.0003393899082677302,0.00023095653196976564,4.741176409960219e-05
54,3.1084153305879557e-06,1.845042055477652e-05,7.748257395173466e-05,0.010778940405778458,0.9546483654258867,8.792132658284608e-05,8.258586229805304e-05,3.1980185023342385e-06,0.02698600900326593,0.00010544703929581687,0.0006706281532427017,1.7712259690351391e-06,4.687380087429475e-06,0.0006665875378576788,0.004951217491844915,4.6762513676210106e-06,3.175307216678242e-06,2.042625781162505e-05,4.768854161507007e-05,5.368614925142855e-05,2.6633580606520273e-05,3.952774991734286e-07,0.0002222928415545899,0.00039206536016911776,0.00014256015245925742
55,4.083076263534557e-06,4.172041328031501e-06,2.7810947082282017e-05,0.011795444666162143,0.9689731807446798,6.927406788986372e-05,0.00014270550215641673,1.4952064601765609e-06,0.016257187759909746,1.2973144652937692e-05,0.0006402001496155349,1.5826771299704618e-06,4.83610779497354e-06,0.000124898862048242,0.001322191117644821,1.393558674144878e-06,1.1896756663652288e-06,2.652160611879092e-05,2.9503807856809716e-05,1.9451582050828668e-05,1.578992570773527e-05,1.60104723552524e-07,0.00017565928100645914,0.00032159486800832594,2.669951936844135e-05
56,5.319971875732711e-06,9.289155657982642e-06,5.5317566458323674e-05,0.017078840586791644,0.9629873638227038,0.00011003500380583676,0.00010053349428918248,3.60194205132464e-06,0.01486566974123622,5.659738561375162e-05,0.0009654921984944385,9.221401026426072e-07,6.11417480028367e-06,0.00028214437763553077,0.0027092072754025588,2.1637043711446855e-06,3.1153848431450803e-06,4.4357303962405744e-05,6.699635417041222e-05,3.51206383443971e-05,3.800043620369706e-05,3.4087197823204037e-07,0.0002831521347731319,0.00025503560615611594,3.526872827828809e-05
57,4.925899611946274e-06,1.5108052209976453e-05,6.231048796218909e-05,0.019942329966919924,0.9590900756897697,9.330762653618474e-05,0.00015767324228640897,4.062765186501484e-06,0.014855496714116723,7.149773359246031e-05,0.0009965622338351104,1.1880868172693849e-06,1.1566379183336926e-05,0.0002931559604220407,0.0034256554530375355,4.158355877585553e-06,4.117078234720484e-06,4.999701584787851e-05,0.0001577212679904398,4.717535260245658e-05,6.469924771156981e-05,4.7683251287023553e-07,0.0002442730525953941,0.0003585604132078677,4.390509193185576e-05
58,3.7644171508847556e-06,7.202170015430388e-06,4.5130537925880384e-05,0.014465433259584555,0.9669631235494862,9.018840343803387e-05,8.39125887183173e-05,2.2924565402345802e-06,0.01437703990950557,4.572990293002691e-05,0.0007267104323783174,7.297400533244088e-07,5.143527825767658e-06,0.00023067599866241612,0.0021930160907179205,1.8093658936265745e-06,2.2945578189165046e-06,3.513985929416338e-05,5.4516926958453454e-05,3.429840041654924e-05,3.2083273398791146e-05,2.386527477360733e-07,0.00026868274011770515,0.0002994248516109488,3.1418386810474855e-05
59,3.851036049599546e-06,7.572601517299314e-06,5.6631694632529536e-05,0.013817916912533942,0.9678628191021401,9.225849616235125e-05,7.728773937281378e-05,2.5201511480432354e-06,0.014139567494076884,5.53709980016411e-05,0.00072236982204223,7.099144966590643e-07,4.950940147231679e-06,0.00026916334997735135,0.00208911391774405,2.0157955238230198e-06,2.6343736911230753e-06,3.727779433833856e-05,5.052438520880757e-05,3.7911557189020505e-05,3.625418693298125e-05,2.3085294344060045e-07,0.0002878691585900223,0.000308680896121131,3.449682941855896e-05
60,4.9422476951194424e-06,8.95622958141369e-06,5.3768716774351784e-05,0.01668915353240677,0.9636193412662968,0.00011069951646392317,9.506040943419403e-05,3.5169312401907908e-06,0.014645121263372442,5.715615992548697e-05,0.0009334683528610403,8.757618013475329e-07,5.513119986561756e-06,0.00027761570252101244,0.0027441096208493986,2.1720618463020352e-06,3.073135235847773e-06,4.2679471081567136e-05,6.484987234693197e-05,3.436323232280775e-05,3.648772013888268e-05,3.1868821767114194e-07,0.0002849555016235825,0.00024619695524024065,3.560453073631155e-05
61,4.111185067632588e-06,7.055954373514217e-06,5.941514469617553e-05,0.012939830332730906,0.9685589210908236,9.2543673504148e-05,7.581758049618181e-05,2.520221070589741e-06,0.01451551331823813,5.376695667403365e-05,0.00073426586409847,7.094138702284959e-07,4.7401977299976274e-06,0.0002664841755487801,0.0019018738105791987,1.8399808100639042e-06,2.4964574554560735e-06,3.7346900166756637e-05,4.679535591120271e-05,3.479277849075478e-05,3.608342344960987e-05,2.2195178241129427e-07,0.00028335897817946223,0.0003056183367579238,3.387691749499477e-05
62,4.9422476951194424e-06,8.95622958141369e-06,5.3768716774351784e-05,0.01668915353240677,0.9636193412662968,0.00011069951646392317,9.506040943419403e-05,3.5169312401907908e-06,0.014645121263372442,5.715615992548697e-05,0.0009334683528610403,8.757618013475329e-07,5.513119986561756e-06,0.00027761570252101244,0.0027441096208493986,2.1720618463020352e-06,3.073135235847773e-06,4.2679471081567136e-05,6.484987234693197e-05,3.436323232280775e-05,3.648772013888268e-05,3.1868821767114194e-07,0.0002849555016235825,0.00024619695524024065,3.560453073631155e-05
63,5.113718441090961e-06,1.105523144584727e-05,5.409599615642513e-05,0.017865460201621487,0.9618187769547094,0.0001122427307867496,9.497960066968252e-05,3.7478928735477563e-06,0.014885278798888972,6.340394411760457e-05,0.000967154513388795,9.706246943681443e-07,5.765401805747703e-06,0.00029511749908967634,0.0030359547504371425,2.4086047853162957e-06,3.5010943966460395e-06,4.2064554880975886e-05,7.33101183876686e-05,3.415083696418686e-05,3.747142785671429e-05,3.649741892328584e-07,0.0002888442856818631,0.00025914413218870594,3.9622111542150476e-05
64,4.532436659395491e-06,7.96983924130683e-06,5.743015028725843e-05,0.013315747613038373,0.9697459138254195,9.022539509790177e-05,0.00010187359059253619,3.2401811415147326e-06,0.01250044385491663,5.118974568019499e-05,0.000926445704148583,7.716323511665448e-07,5.4781029644665215e-06,0.00028730263703421734,0.002111324623236507,1.999011024123172e-06,3.2415225144721022e-06,4.6576317227397416e-05,6.906504512165602e-05,3.3098154443104546e-05,5.394832792712128e-05,2.7027282630085e-07,0.0002945788660872499,0.00025399266274311736,3.3340488276001055e-05
65,6.504380422054017e-06,6.80591631110143e-06,3.3756275462581436e-05,0.02599769984502844,0.9578816741082343,0.00020687539502276604,0.0001426243097598346,4.222335760230311e-06,0.009664500625541415,4.0216692157928645e-05,0.0013033075143253324,7.826216682875057e-07,5.270148933305596e-06,0.00012106263457736667,0.003742338628906914,2.2976425451828243e-06,4.3517820346591435e-06,5.873350097554968e-05,0.0001282055758502839,2.2788451726345385e-05,3.976280102071108e-05,3.4704724416390906e-07,0.00039730775619308597,0.00016669939752224139,2.1864612776132593e-05
66,2.7549536992199602e-06,8.378832305450314e-06,1.738787952619573e-05,0.020028459717783283,0.9535582304202701,0.00022780121464458495,6.541954817811077e-05,1.5558037593433048e-06,0.01868964546432784,4.6102107980773174e-05,0.0007400221971925149,6.558864578434577e-07,1.4528600034405871e-06,0.00019032193380700795,0.00525047923767089,1.280497708123223e-06,3.2656481394565926e-06,2.4078905754236725e-05,9.235032816075894e-05,1.1958386704983888e-05,2.2620861046945374e-05,2.490529565928614e-07,0.0007216781014293343,0.00024539016088407294,4.845999960869951e-05
67,4.92420176348268e-06,8.855117526734537e-06,8.632935546892709e-05,0.020679835640722677,0.9621882634053753,0.0001088248395458417,8.640663142557796e-05,3.6341480238103377e-06,0.012123377866523052,8.121446508731378e-05,0.0008495487337869592,6.991654403044756e-07,6.894949414769272e-06,0.00035134278820560683,0.002345489408164928,2.9573481406060904e-06,4.190039800586642e-06,6.680969323367235e-05,6.440786720273174e-05,6.195560294718532e-05,5.3060857276989946e-05,2.359910114833035e-07,0.00045906427625801833,0.00032767087523076987,3.4006732422553006e-05
68,4.3240466599672265e-06,8.159655274087828e-06,5.63943577533455e-05,0.015508071539674448,0.9643617347006936,0.00010267409210926456,8.510880246351366e-05,2.918301542750956e-06,0.015500874119709358,5.671613387361944e-05,0.0008136673823943909,8.39395420596051e-07,5.1664182074656545e-06,0.00029797899738146356,0.002434594977314327,2.019473486023793e-06,2.6956846821874124e-06,3.894130410401305e-05,5.1042282093743455e-05,3.7187663245044696e-05,3.26525818124962e-05,2.667430563743324e-07,0.00028779751700078643,0.00027138705282950574,3.6786777217709547e-05
69,4.941982808578438e-06,8.833214194901263e-06,3.542818589098859e-05,0.016609163819391034,0.9648439515403442,0.0001072516803270161,8.474523472709226e-05,2.895115919312458e-06,0.013409374833031095,4.158325917647689e-05,0.000950901987197811,8.483421223470413e-07,4.481662222570111e-06,0.00019516081511639888,0.003105440032199359,1.6137963889903907e-06,2.7994267431281687e-06,2.939700848988744e-05,6.328995096625614e-05,2.1455669859265178e-05,2.5236023519021366e-05,3.501160421319921e-07,0.0002245743419421726,0.0001951667858702793,3.111517550961614e-05
70,5.698606025702111e-06,1.086528896126897e-05,6.144146415297023e-05,0.016973858670509212,0.9613570243378431,0.00013099915552940259,0.0001097072822939762,4.430150486677263e-06,0.015679155829656698,7.271585382152018e-05,0.0011028444863180878,1.0437240509344009e-06,6.2579284596633495e-06,0.00031234234619613265,0.0032815486394874058,3.054098817496514e-06,3.977539719950783e-06,5.235026910576692e-05,8.953703405561039e-05,3.918510395673385e-05,4.67524791434396e-05,3.9835498682393446e-07,0.00032605512371982687,0.0002839043541581648,4.485187854371418e-05
71,3.1813235199215268e-06,7.322655478385375e-06,5.222303705448626e-05,0.012252951028644172,0.9691552246699411,7.749832261380002e-05,8.648104848056307e-05,2.593127041308531e-06,0.014698718206647168,5.109091215861068e-05,0.0006664749638240064,7.131886240878071e-07,4.76465435684263e-06,0.00030923092434362006,0.0019104416757047046,1.961944198409022e-06,2.303693427074363e-06,3.7600943510948535e-05,4.643321861862094e-05,4.0071642091819956e-05,3.683638943030446e-05,2.143785357236137e-07,0.00025576733391514093,0.00026596717534936847,3.393354248965323e-05
