,0,1,2,3,4,5,6,7,8,9,10,11,12,13,14,15,16,17,18,19,20,21,22,23,24
0,7.015570711145435e-06,1.2568242543253745e-05,6.488309074546488e-05,0.025372393768994868,0.9568091904080297,0.00010601177280774815,0.00012714681390563843,5.184305177288567e-06,0.012459228465171113,5.8366126191695036e-05,0.0010622365701268574,1.220430192164057e-06,8.061346833362702e-06,0.00027190599020461147,0.002833520123778885,3.0145720416621257e-06,4.479808234706439e-06,5.622996138383306e-05,8.534790719768164e-05,3.493756079939926e-05,4.3456972444209344e-05,3.887140260175045e-07,0.0002904740581242994,0.00025017906624667146,3.25583540877783e-05
1,5.8705837918918456e-06,1.257550736008058e-05,9.331298927273733e-05,0.02449758263932708,0.9443537216608813,0.00017202257830401126,0.00015399435439073674,5.7057879515659515e-06,0.024168992219752692,0.0001258094120198255,0.000889083253884737,1.0818666441225444e-06,9.52811047912176e-06,0.0003643536274043148,0.003966022864212861,5.408096078395751e-06,3.8297709115388555e-06,6.759643608029177e-05,0.00013726843455293098,6.098600244123501e-05,5.690680441881588e-05,4.324802922796014e-07,0.00039007041710362904,0.0004061294905513325,5.171461189234422e-05
2,4.605637494440787e-06,1.0122234821097955e-05,5.796927181420506e-05,0.016469650438969304,0.960353550760724,0.00010346506079096566,9.09239779678844e-05,4.193970518171337e-06,0.017364276513640774,6.961098752884858e-05,0.0009491728491372368,9.819011660398343e-07,5.913433519470626e-06,0.00038797897742955063,0.0033794370650571397,2.479163891502342e-06,2.794519342651931e-06,4.20166480312667e-05,6.33277646828799e-05,4.440049631477771e-05,3.581350589860407e-05,3.799863039817515e-07,0.00026078709093198217,0.00025129805216133716,4.4849691861722674e-05
3,6.607721303591361e-06,1.1709910243496214e-05,6.328485762798539e-05,0.022826688534793065,0.9536426054137951,0.0001380969541159036,0.00012766388163824134,5.078456284549577e-06,0.017337143447494093,7.172595048502415e-05,0.0011224062845887515,1.1193444863959754e-06,7.5047204157735405e-06,0.0003171113343668447,0.003440962516989527,2.8636803020069513e-06,3.692863697111658e-06,5.715278982933214e-05,9.640299764881987e-05,3.76901233876744e-05,4.4600631786679565e-05,4.336428089280827e-07,0.0003283911790660309,0.00026965784553063755,3.9404917314453344e-05
4,7.003644018083048e-06,1.2482583287741536e-05,6.802135240884796e-05,0.022987728704425805,0.9542958071741477,0.00011525903938983452,0.00012935912066397315,5.033016512546776e-06,0.016939768844456506,6.963963423325421e-05,0.0011271979347247966,1.1407749072726939e-06,9.166730647574358e-06,0.00035375788243159845,0.003010425520439298,2.586229321171714e-06,3.5714368703915104e-06,6.000496819400244e-05,9.324827305423699e-05,4.03497844055573e-05,4.9172635892573545e-05,4.6101474660824354e-07,0.0003007660203200227,0.0002814753381634696,3.657234233705921e-05
5,5.784911803833125e-06,1.0096898023560322e-05,6.078277483904291e-05,0.027441944501387667,0.9516913386523933,0.00013118459138513055,0.00010767212389907926,4.537669312780071e-06,0.015516975194319643,7.639894832032415e-05,0.0009503898834557132,8.64268413277296e-07,7.391280830161805e-06,0.0002997218545924287,0.0027443479901771194,2.6363920160847708e-06,3.327155703935021e-06,7.315050365397397e-05,9.357416323044455e-05,4.280660477538056e-05,4.38735068993889e-05,3.333356767696645e-07,0.0003797590405572295,0.00028203804541912514,2.9069708914495743e-05
6,6.607721303591361e-06,1.1709910243496214e-05,6.328485762798539e-05,0.022826688534793065,0.9536426054137951,0.0001380969541159036,0.00012766388163824134,5.078456284549577e-06,0.017337143447494093,7.172595048502415e-05,0.0011224062845887515,1.1193444863959754e-06,7.5047204157735405e-06,0.0003171113343668447,0.003440962516989527,2.8636803020069513e-06,3.692863697111658e-06,5.715278982933214e-05,9.640299764881987e-05,3.76901233876744e-05,4.4600631786679565e-05,4.336428089280827e-07,0.0003283911790660309,0.00026965784553063755,3.9404917314453344e-05
7,1.1731702023175894e-05,1.4298377794893867e-05,7.979650939672254e-05,0.027674010194834106,0.9485780619493319,0.00014349865837129933,0.00017169075140541484,7.2471733342574615e-06,0.01646481746543597,7.257361578996353e-05,0.0017048922817897837,1.3852542775276875e-06,1.4985066760115005e-05,0.00030245616547818665,0.003876137632321603,3.1885644843105674e-06,4.134595443617223e-06,7.71694365195126e-05,0.00013070280811683821,4.552905582087101e-05,5.404554204249308e-05,6.898535954949581e-07,0.00026844994163685316,0.0002641009906329685,3.44064133621345e-05
8,5.836332901652001e-06,1.1820647701519069e-05,0.00011840893862017199,0.02366492654918458,0.9527826692643367,0.00010134312528184208,4.218569995064483e-05,2.671980244926951e-06,0.018597682201423386,0.00011703368615065424,0.0005642398743617134,7.31043250220548e-07,4.645371974508394e-06,0.0004451345648699007,0.002356820104408189,2.4079316104864086e-06,3.5348395238546426e-06,3.900874196919407e-05,3.343695225606341e-05,4.450823394922092e-05,2.6816310143994324e-05,2.0306425989932888e-07,0.0004888017933295183,0.0004946715846326102,5.046116366441696e-05
9,4.177212919129817e-06,1.7547350518012002e-05,0.0001667756874871937,0.02872324352423099,0.940627974299059,0.00011841859116406605,5.449218219460201e-05,4.111546448208529e-06,0.024342968869868763,0.0002590236044310687,0.0005329956693395314,7.63918348281967e-07,6.907561334951479e-06,0.0007629801687649837,0.002807451952645194,5.002186908730397e-06,4.313064825264824e-06,5.9134850734851794e-05,5.866204226535477e-05,9.67403806323154e-05,4.4537688150671264e-05,2.5321381513963767e-07,0.0005721037058480243,0.0006620496129247346,6.73711151411254e-05
10,6.607721303591361e-06,1.1709910243496214e-05,6.328485762798539e-05,0.022826688534793065,0.9536426054137951,0.0001380969541159036,0.00012766388163824134,5.078456284549577e-06,0.017337143447494093,7.172595048502415e-05,0.0011224062845887515,1.1193444863959754e-06,7.5047204157735405e-06,0.0003171113343668447,0.003440962516989527,2.8636803020069513e-06,3.692863697111658e-06,5.715278982933214e-05,9.640299764881987e-05,3.76901233876744e-05,4.4600631786679565e-05,4.336428089280827e-07,0.0003283911790660309,0.00026965784553063755,3.9404917314453344e-05
11,6.888903646236889e-06,1.183769946842382e-05,6.459287556273453e-05,0.02304521376238717,0.9539928483316802,0.00012747445955600946,0.00013247098662423794,4.9990457863650566e-06,0.016905218335672087,6.803570704358837e-05,0.001129988965795336,1.1615744284645597e-06,8.727244875719455e-06,0.0003127421976811184,0.0033088258222130447,2.835077458218362e-06,3.643352359537432e-06,5.689000057028211e-05,9.750389132305753e-05,3.99437942506829e-05,4.616884729531011e-05,4.589731058278956e-07,0.0003079631158171876,0.0002857663164129353,3.780071898623652e-05
12,5.450487774250865e-07,1.1655973598677437e-06,1.751018917084001e-05,0.001247390740609894,0.9938331261024044,2.0114333893103606e-05,9.783117642225406e-06,2.0493694561231823e-07,0.003847914789893754,1.0182057625812964e-05,0.00021227927670529171,1.5274849820371425e-07,5.385803563607435e-07,0.00010911085000304275,0.00039273877919903256,2.876111321296204e-07,8.604898000462755e-07,4.628597931875494e-06,2.5502604608947604e-06,1.9734342941951957e-05,8.298593157505917e-06,3.091136052912149e-08,0.00010229881946652232,0.0001403090934464382,1.8244131217501756e-05
13,6.687370698294075e-06,1.1700832017012461e-05,6.22899867521647e-05,0.021524203608458303,0.9555466884492984,0.00012856550943300603,0.00012510891020217917,5.131032783453165e-06,0.016734778254574603,6.736200769048786e-05,0.0011883796987375757,1.1550427679575392e-06,7.502219684946737e-06,0.00032671296313939614,0.003425871080567588,2.6984813232400675e-06,3.6429413869766555e-06,5.5360784257708456e-05,9.229207500114062e-05,3.681057170407097e-05,4.4648394889071966e-05,4.457762586832998e-07,0.00030543495422554796,0.0002567492194589636,3.9779834689222254e-05
14,9.178179411154028e-06,1.2572260012999744e-05,0.00010311049455262209,0.02558495658426475,0.9387279227676808,0.0002194671751040742,0.0001645728036446881,7.447974700291283e-06,0.02700797228466573,0.00010443784562609399,0.001161958825704262,1.6164938271430648e-06,8.416087849559374e-06,0.0004253528122965522,0.005293113260230262,5.163975446721587e-06,4.649705658210567e-06,6.4296727029662e-05,9.532969473825211e-05,5.556564212327977e-05,4.4671567763830335e-05,5.43630865960579e-07,0.0004706025570769299,0.0003589118149776155,6.816883474835325e-05
15,6.607721303591361e-06,1.1709910243496214e-05,6.328485762798539e-05,0.022826688534793065,0.9536426054137951,0.0001380969541159036,0.00012766388163824134,5.078456284549577e-06,0.017337143447494093,7.172595048502415e-05,0.0011224062845887515,1.1193444863959754e-06,7.5047204157735405e-06,0.0003171113343668447,0.003440962516989527,2.8636803020069513e-06,3.692863697111658e-06,5.715278982933214e-05,9.640299764881987e-05,3.76901233876744e-05,4.4600631786679565e-05,4.336428089280827e-07,0.0003283911790660309,0.00026965784553063755,3.9404917314453344e-05
16,7.899975238352641e-06,1.530985208379553e-05,4.508620442597781e-05,0.024042359018315983,0.9515691393702382,0.00010591644602988831,0.0001459539952709709,6.806627648506285e-06,0.016621722243932557,5.541525218019866e-05,0.0016328232175311182,1.7113247191544012e-06,9.464580492625224e-06,0.0004001326641680497,0.00462513795173555,2.5272998225337798e-06,3.308574356812511e-06,6.160827017145412e-05,0.00011672420385494023,3.360866098681643e-05,4.322050102285214e-05,7.370125105369167e-07,0.00021910986786767076,0.00019269429113227593,4.158259426317508e-05
17,4.868140338830537e-06,6.306962797075793e-06,3.561588123126624e-05,0.01217849853528826,0.973610375476538,5.293539609357354e-05,0.00011075719838321174,2.1124326901431986e-06,0.011121693385074696,2.0012625675009714e-05,0.0008866599251914719,8.956083464690651e-07,6.329405281997475e-06,0.00022205855539427554,0.0011724233274743568,8.873991034617507e-07,1.9879508508032342e-06,3.814208003255273e-05,4.0543328809610576e-05,2.189356904272942e-05,3.628162291890148e-05,2.4755453111726715e-07,0.00019110010230526017,0.00021784886009008222,1.952467651670724e-05
18,4.559413867193355e-06,1.1993671734796781e-05,7.251029860082711e-05,0.011876924090730392,0.9603748646715966,0.00012246771719216185,0.0001505818847182304,4.152422629067614e-06,0.020931132634733163,7.609978858026763e-05,0.0010719925379501993,1.426666247119317e-06,5.632600029750978e-06,0.0005506193257944758,0.003626004882504319,3.50869845099697e-06,4.329923703684925e-06,5.0090412565104296e-05,9.414940222045883e-05,4.414807563278368e-05,6.951495861917463e-05,3.9720912095744944e-07,0.0004142334268398451,0.0003530836857176562,8.558160022086365e-05
19,4.061934363361275e-06,1.2524387977586433e-05,4.6618274200586776e-05,0.031725885452026356,0.9434900230592285,0.00015364150659623327,9.863681430730989e-05,3.573919768897487e-06,0.019139024881523997,8.379059941020861e-05,0.0006210669641712402,9.798757409018953e-07,6.475112059684211e-06,0.0002537158673395044,0.0036103140184437187,2.7692551643929444e-06,2.8477787617835245e-06,3.479891564517436e-05,7.773430658951285e-05,3.7047826856728445e-05,2.3059488310829286e-05,4.0392526673890403e-07,0.00027392931207122093,0.0002638550754088386,3.322144876679316e-05
20,7.551041875089129e-06,1.4491513961023608e-05,5.342477235469785e-05,0.027022363582503012,0.9448966571972401,0.00015030708114692143,0.00013405096356199878,6.5561511261370795e-06,0.02039904377006372,8.120033817006546e-05,0.0014340421749035966,1.0612939732986803e-06,1.0868109914965947e-05,0.00038133683470363707,0.004633094624045089,2.1976432332267634e-06,3.02707808008286e-06,5.825699234219174e-05,0.00012096766662283161,4.2712661612241034e-05,4.474166616828002e-05,7.880379305103465e-07,0.00025451723381308153,0.00021263968505231545,3.410188560186838e-05
21,1.0505091123096995e-05,1.5220596675206663e-05,0.0001506697601076943,0.024848736436181854,0.9566589167504518,6.749529109217473e-05,0.0001327206389099743,6.6414510793525766e-06,0.013040785645234596,7.249071469240475e-05,0.001174028346310209,2.088362557336254e-06,1.4248742183646929e-05,0.0005522308131180571,0.002084987138748937,5.088709785261839e-06,5.873212603009622e-06,9.94106373768246e-05,6.620458933646487e-05,7.014884227888767e-05,6.835046675650013e-05,3.690183708667328e-07,0.00034110743106684704,0.0004635178821999746,4.816343175916872e-05
22,1.1474106720062645e-05,1.5311796518715723e-05,0.00011055292093882202,0.02866700322617769,0.9538962198475339,0.00015004922516958987,0.00011061644220056437,8.363538273119165e-06,0.010829423140180183,0.00010357493578126821,0.0016073454301991246,1.146790431904772e-06,1.024132785272403e-05,0.00037346430425476743,0.003058810824338675,3.6796908020335726e-06,8.001466076580516e-06,9.918953505895679e-05,0.00010820342944987945,4.932867798071344e-05,7.068048892950083e-05,5.389006550355248e-07,0.00042513718964914374,0.00024727913786680607,3.4363626960183676e-05
23,6.607721303591361e-06,1.1709910243496214e-05,6.328485762798539e-05,0.022826688534793065,0.9536426054137951,0.0001380969541159036,0.00012766388163824134,5.078456284549577e-06,0.017337143447494093,7.172595048502415e-05,0.0011224062845887515,1.1193444863959754e-06,7.5047204157735405e-06,0.0003171113343668447,0.003440962516989527,2.8636803020069513e-06,3.692863697111658e-06,5.715278982933214e-05,9.640299764881987e-05,3.76901233876744e-05,4.4600631786679565e-05,4.336428089280827e-07,0.0003283911790660309,0.00026965784553063755,3.9404917314453344e-05
24,5.442817321017201e-06,1.7018086670915682e-05,4.8975205545378384e-05,0.04200918968356555,0.9368901114323555,0.00012276636429677895,0.00011623748875044313,5.332114010478069e-06,0.014999578029901397,8.859036904389962e-05,0.0009279711519165536,9.615337774283262e-07,8.325711557033705e-06,0.0003236570595769499,0.003506739741377474,2.8489381170464738e-06,4.031383523735321e-06,7.031406906451958e-05,0.00014203210414879026,3.5693482577569544e-05,4.407461525115338e-05,4.476784528132498e-07,0.00035597176340089215,0.0002453884192850785,2.8300756511506227e-05
25,5.940616049547745e-06,6.328577337900198e-06,4.593112889699946e-05,0.016096225299679072,0.9722150234733088,6.661384071968558e-05,0.00015267284321608449,7.556893598437537e-06,0.007441078148956667,2.5896011427304033e-05,0.001597633496354079,1.2403174085676189e-06,8.296289478824414e-06,0.00024606794353895887,0.0015078029965159968,1.91170828422785e-06,2.9428772533809643e-06,8.151245613722936e-05,5.7915901331378054e-05,4.0939296870332254e-05,5.101302716377685e-05,3.2611468560443943e-07,0.00018286184655819205,0.00013821554851373274,1.8053346715140808e-05
26,4.953757110276286e-06,6.01591721652305e-06,8.228277343318483e-05,0.019752421980267675,0.9576813649468426,0.00011360564576920303,5.78154353648838e-05,1.8430732853920104e-06,0.01882385556817873,7.052105973307558e-05,0.00048103149937145644,5.085527088784171e-07,4.51046141593862e-06,0.00025162767599689137,0.0014270526460315864,1.8600279453775292e-06,2.374656861755746e-06,5.172717458447301e-05,3.662281776038351e-05,4.036688080127781e-05,2.973363012579682e-05,1.3404857692197136e-07,0.0005455477956520441,0.0005046975517113893,2.7524423254287602e-05
27,6.557031617407595e-06,1.1086525318209765e-05,4.214715879732672e-05,0.025705325399115735,0.9371310715122425,0.00021134852958847538,0.00012482556856590287,4.9261456730482226e-06,0.029418248987986423,7.614899049976499e-05,0.001017370491687251,1.1079898032291184e-06,7.542269020477961e-06,0.0002577440461984119,0.005208236190126249,2.5508366017456646e-06,2.1094989939737037e-06,4.322531909995871e-05,0.00010236538828112051,3.64493150325817e-05,2.4302310893812863e-05,6.635285840970897e-07,0.00026560043071815353,0.00025888840852606224,4.0158127028058046e-05
28,6.607721303591361e-06,1.1709910243496214e-05,6.328485762798539e-05,0.022826688534793065,0.9536426054137951,0.0001380969541159036,0.00012766388163824134,5.078456284549577e-06,0.017337143447494093,7.172595048502415e-05,0.0011224062845887515,1.1193444863959754e-06,7.5047204157735405e-06,0.0003171113343668447,0.003440962516989527,2.8636803020069513e-06,3.692863697111658e-06,5.715278982933214e-05,9.640299764881987e-05,3.76901233876744e-05,4.4600631786679565e-05,4.336428089280827e-07,0.0003283911790660309,0.00026965784553063755,3.9404917314453344e-05
29,6.607721303591361e-06,1.1709910243496214e-05,6.328485762798539e-05,0.022826688534793065,0.9536426054137951,0.0001380969541159036,0.00012766388163824134,5.078456284549577e-06,0.017337143447494093,7.172595048502415e-05,0.0011224062845887515,1.1193444863959754e-06,7.5047204157735405e-06,0.0003171113343668447,0.003440962516989527,2.8636803020069513e-06,3.692863697111658e-06,5.715278982933214e-05,9.640299764881987e-05,3.76901233876744e-05,4.4600631786679565e-05,4.336428089280827e-07,0.0003283911790660309,0.00026965784553063755,3.9404917314453344e-05
30,6.607721303591361e-06,1.1709910243496214e-05,6.328485762798539e-05,0.022826688534793065,0.9536426054137951,0.0001380969541159036,0.00012766388163824134,5.078456284549577e-06,0.017337143447494093,7.172595048502415e-05,0.0011224062845887515,1.1193444863959754e-06,7.5047204157735405e-06,0.0003171113343668447,0.003440962516989527,2.8636803020069513e-06,3.692863697111658e-06,5.715278982933214e-05,9.640299764881987e-05,3.76901233876744e-05,4.4600631786679565e-05,4.336428089280827e-07,0.0003283911790660309,0.00026965784553063755,3.9404917314453344e-05
31,1.6461181848974945e-05,2.0061145222363065e-05,0.0001711031903539337,0.030768196459291523,0.9433823768492697,0.0001755814544780372,0.0001820606840796988,1.4128671204316032e-05,0.01794968686464184,0.0001298889284561705,0.0017238407625858522,1.8994390405324675e-06,1.2578033740397309e-05,0.000512653736318163,0.0036775966257668507,6.00060750550001e-06,8.08036884352216e-06,0.00011519548479592558,0.00012851986637163083,5.20042037728832e-05,8.791622354643763e-05,6.624316254259944e-07,0.00047099423407207376,0.00033554700352403285,5.696554964427207e-05
32,6.29834765782918e-06,1.2011401825694193e-05,5.935552242064451e-05,0.024834097122488706,0.9511551274642928,0.00014848157612603978,0.00013845234268219003,5.104118147017754e-06,0.017414161485672743,7.620367159832119e-05,0.0010977708079262457,1.0613294060300185e-06,7.779999318769243e-06,0.00029740128543606257,0.0037919172814749667,3.1496292334899285e-06,3.883132970421639e-06,6.0711270126706284e-05,0.00012394563251178677,3.8138041194039695e-05,4.93494389141612e-05,4.501735509179073e-07,0.0003563249909073452,0.0002800323222748717,3.879161184224578e-05
33,1.3670445215683833e-05,1.7262056322640543e-05,5.332169902589648e-05,0.04587921271351157,0.9410333292201876,8.289249354758172e-05,0.00027862722026685064,9.256514521623357e-06,0.00721120243503162,3.020866084719067e-05,0.0020118478190295948,2.4750101766675463e-06,2.079987623350011e-05,0.00021782889847106007,0.00227641180376296,3.1853225220051466e-06,7.36767417618027e-06,0.00011370365463426285,0.00015530770451670044,3.1850605855308835e-05,6.903928119363351e-05,6.805489757300923e-07,0.0002521593256797727,0.00020986764257380035,1.8491373720608923e-05
34,1.595832476065645e-05,9.028465910212599e-06,6.733129231818299e-05,0.022506653158795627,0.9537094523779899,0.00011875075953529276,0.00014555010840431017,5.385876266005188e-06,0.017069295543118156,4.689610375026645e-05,0.0018147296091613127,9.635345624725078e-07,1.1360734085723692e-05,0.00023465974899521065,0.0034311656982266205,1.71459794619211e-06,2.8475885646828226e-06,8.08150335854099e-05,0.00012442333312090206,2.521673753815459e-05,5.3924931761352774e-05,5.38349790036909e-07,0.0002674622853394661,0.00023003502354914963,2.5840782924953408e-05
35,4.136619394191904e-05,1.9593157621071967e-05,0.00012006545327157768,0.05323891425326924,0.8891920024688124,0.0006186022596534169,0.000431193418457372,2.72604933899706e-05,0.045446110036609914,0.00017555709069517236,0.0026473655038108464,2.9478230897817375e-06,2.0313831602939644e-05,0.0003268438497726888,0.00575391541036291,8.862325195848693e-06,6.534077868150979e-06,0.00031944239409263756,0.0004316141736061048,4.105166218719322e-05,8.132188800716697e-05,1.6883439938212192e-06,0.0006256781739928937,0.000374595177568242,4.716053912658099e-05
36,1.5898509245483184e-05,5.147599736495938e-05,0.00015529199721140853,0.08384222625222697,0.8588226184436414,0.00037427317673469757,0.00029936870528935263,2.6964879434936554e-05,0.03840107194298221,0.00039051804817733844,0.0015321884629076197,3.640152546542802e-06,2.730027109836447e-05,0.0008407058091177872,0.013423656338186058,2.26968601549094e-05,1.3227374021318264e-05,0.00015346304340622605,0.0003578492556967454,0.00013382139277902695,6.246058677006986e-05,2.229090300810671e-06,0.0005512623896084813,0.00039918256196689065,9.660845913053576e-05
37,7.77612724645206e-06,6.839504456159987e-06,7.4554478319192e-05,0.01486305847645028,0.9674875490159291,6.335579909381182e-05,0.00011395166744361388,2.740769025890525e-06,0.014255398421541865,3.486476372998111e-05,0.0008445993125843981,1.0243992643823369e-06,8.264855544954388e-06,0.0002807860076469145,0.001153070336613727,1.4716570828910867e-06,2.305902231567326e-06,6.122955709022298e-05,4.261431661870337e-05,3.070040971874676e-05,4.3331892150861985e-05,2.2714660809725984e-07,0.00025799497083208535,0.0003374814259720063,2.4808786803724702e-05
38,1.4080853155200215e-05,1.733294294597624e-05,0.00011233105794650163,0.04892428114865046,0.9122520404958293,0.0005431857519115721,0.0004391716944442194,1.2686643396407854e-05,0.025301528318590515,0.00016373436949292282,0.0015717325461946025,1.9047318555457852e-06,2.081740968273097e-05,0.00025803839924952286,0.008382730668434313,1.412686966028594e-05,8.908401539583178e-06,0.0001522574212889398,0.0004041404832949299,8.793094509802749e-05,9.285061947124063e-05,9.74625816006006e-07,0.000734827453625063,0.0004336276125626607,5.4758535863327615e-05
39,1.3668134278901307e-05,1.340769855020139e-05,0.00012111999810380321,0.030388610794949655,0.9435245958141737,0.0003423094966186127,0.00036959461654726555,1.9895806511547954e-05,0.017195176076221487,9.937078938672633e-05,0.0019323327674150008,2.431395316103928e-06,1.3773501663122925e-05,0.00030568403696756147,0.004309618359995081,9.349760089253978e-06,8.39740618126246e-06,0.00012818526017189174,0.00018406801745496538,6.477661235273116e-05,9.823608974202189e-05,8.10930133913972e-07,0.0005127494429765888,0.0002912012452214468,5.0635948976950934e-05
40,9.109867551101098e-06,1.0715751942648717e-05,7.270011850760894e-05,0.013094599616212886,0.9647369345755,0.00011856071006142486,0.00011645082215958578,4.3108805912382866e-06,0.015810370150069395,4.480835232225457e-05,0.0014346637807591326,1.5998568147289944e-06,7.05038920730482e-06,0.0003211605997988506,0.0036097208738834824,1.9085622628105215e-06,3.53913861297993e-06,3.082760031764847e-05,5.1083287150258126e-05,2.7678852641228165e-05,3.5440084756402166e-05,5.506083218362508e-07,0.00019717451824651384,0.00020820988183710914,5.0831120471546884e-05
41,3.753030326762872e-05,0.00011935597224608526,0.002356615091203617,0.004300193673749919,0.8239303266333468,5.975480864462341e-05,0.007742227273139571,5.1215188615442475e-05,0.008925683997023499,0.00017234489177474178,0.014931001865112651,1.3865604614497723e-05,0.0003483797429031424,0.012257500084102877,0.00038650188430607626,5.234825398028498e-05,0.00033352677942458087,0.004575312127739839,0.001969518790880242,0.0006534388766901592,0.10762536299931054,1.7691515804752433e-06,0.0045497556900048804,0.004243436099219077,0.00036303421711849715
42,8.954633114665328e-06,2.1486335382621825e-05,6.385408253325164e-05,0.039765488476038044,0.9271579964462274,0.0003015954907403277,0.0002124584698147905,1.0482440090360168e-05,0.021296547826285917,0.0001309669806025535,0.0014361997618431283,1.590943138986977e-06,1.534936871708518e-05,0.0002514413212741657,0.008240553925280706,7.777563629920688e-06,6.545677053904315e-06,6.330254141330236e-05,0.00025792806874953036,6.226900536592722e-05,4.685560441192123e-05,1.318831968524903e-06,0.000307583146769036,0.00028370273998437997,4.775031956983726e-05
43,5.154875677269801e-06,1.2611979838377444e-05,6.845121015550668e-05,0.027932328253068617,0.9345690844544862,0.0003812608253601043,0.0001331256907749829,7.6114415461491805e-06,0.02765829746509564,0.00021248976487382671,0.0010009859494898529,7.329683589832855e-07,7.678521028837721e-06,0.000319740608264694,0.006505915602927354,5.286015070720073e-06,3.768179440516884e-06,6.600884010014663e-05,0.00020069099619373547,6.310161019597149e-05,5.412443871238721e-05,6.723504757891058e-07,0.0004520166461899031,0.0002912394236491824,4.7621889024900135e-05
44,6.607721303591361e-06,1.1709910243496214e-05,6.328485762798539e-05,0.022826688534793065,0.9536426054137951,0.0001380969541159036,0.00012766388163824134,5.078456284549577e-06,0.017337143447494093,7.172595048502415e-05,0.0011224062845887515,1.1193444863959754e-06,7.5047204157735405e-06,0.0003171113343668447,0.003440962516989527,2.8636803020069513e-06,3.692863697111658e-06,5.715278982933214e-05,9.640299764881987e-05,3.76901233876744e-05,4.4600631786679565e-05,4.336428089280827e-07,0.0003283911790660309,0.00026965784553063755,3.9404917314453344e-05
45,5.720592269727893e-06,8.065961897323e-06,3.0229199179326446e-05,0.03564246936098383,0.9343686574285244,0.00024864604264847074,0.00023365465949390222,6.735888882345505e-06,0.021621216918204365,5.366282420808472e-05,0.000930696393637144,1.0290164366155972e-06,8.557341224243849e-06,0.0001251224723793118,0.006072341993807508,3.226754982452781e-06,2.1053217651945343e-06,4.317741805894235e-05,0.0001518385150756126,3.258391680476909e-05,2.2426425828301336e-05,6.17270489663233e-07,0.0002073024286379106,0.00015739004062975345,2.2525813950943933e-05
46,1.2612199588774767e-05,2.1799505438978142e-05,5.5771888327765316e-05,0.04262300467833445,0.9422517788476479,0.00016612478377494972,0.00015511300147912158,7.483665335597737e-06,0.006993353928142382,4.898504552794546e-05,0.001554917574180361,2.406011569835554e-06,9.554225927987021e-06,0.0001663990908357199,0.0050891847839007005,4.944821174554786e-06,1.4435069288177838e-05,4.5678182245595275e-05,0.00011895620288820766,2.6378960124006792e-05,3.570439972222197e-05,8.016989381363292e-07,0.00034743523923622317,0.00020900417939878618,3.8172016971690485e-05
47,1.7226288096382268e-05,3.648917213108083e-05,7.836898698532213e-05,0.02984575367785168,0.9359762047008607,0.00020936250060360118,0.0002554118584667175,1.0037897215508412e-05,0.02383143008250827,8.858460963633854e-05,0.0018559871974737397,4.065786240634572e-06,2.0732545386306508e-05,0.0003105511507986248,0.006469713817896667,7.637324162273464e-06,7.329689301332427e-06,5.420377968850347e-05,0.0001542120845549806,4.868485539051438e-05,3.686839440713633e-05,1.7267322369635806e-06,0.00023087012300563244,0.00037323613032634226,7.53106147745212e-05
48,1.5006635139256445e-05,6.117926220550329e-05,8.216096640742521e-05,0.07826735388442375,0.8956602016422512,0.00025035654838449393,0.00022386687892406003,1.4769365257644446e-05,0.014655526455544333,0.00019040767683848938,0.0016259991488655498,1.9973086486915774e-06,1.6013994669411093e-05,0.00041391010869036647,0.006994600293929143,7.272172832772854e-06,1.8770110388216486e-05,0.00010432683091597497,0.0003919222848586531,3.547887579670489e-05,8.330688392933587e-05,1.522021229955974e-06,0.0005827028672290873,0.0002547993090139862,4.6548473626111294e-05
49,7.63675198125452e-06,1.1445224809334866e-05,8.278250866424513e-05,0.023183170122729708,0.9520825118889878,0.00018535127113502187,0.00013175676755505008,5.580998162127727e-06,0.0187498915193157,7.7300452150102e-05,0.001131391703788241,1.4032767557428526e-06,8.572998949505133e-06,0.000316043277409009,0.003108337376177339,3.3552805667344863e-06,3.854489051579199e-06,5.757430982199508e-05,6.918621592398718e-05,4.956405007775731e-05,3.877930094192757e-05,4.526502489235462e-07,0.000345231459750852,0.00030707978126165957,4.174632378442094e-05
50,6.835249993889743e-06,1.8777530489132365e-05,7.549904837823399e-05,0.026207037472189897,0.9410225603224601,0.0001680026810906424,0.00021918951672116114,8.632518679646235e-06,0.025506053352851613,0.0001324609040937678,0.0011743927830807615,1.2712207104022983e-06,1.2607578782235417e-05,0.00047531818802924573,0.003992913394642041,3.8078517561715656e-06,3.7870099117738107e-06,7.473426597020802e-05,0.00018635556002742876,4.797788665738366e-05,6.996693210693531e-05,7.763731309456801e-07,0.00029352277379475716,0.0002528384172617133,4.468116719020243e-05
51,9.728645857641036e-06,5.9293646428723724e-05,6.340192906088896e-05,0.08291798422791673,0.888517923413147,0.00012195908249785862,9.879479763364443e-05,1.1937392928630625e-05,0.018872029826727605,0.00016590020777312438,0.0014639830998596918,1.8483677858560817e-06,1.4979631989051209e-05,0.0006551294162163856,0.00622581359003623,3.228187316144892e-06,4.818203379366515e-06,7.828653271799515e-05,0.0001705441765577317,4.0557721167035064e-05,3.3895646801576796e-05,1.2136941631157623e-06,0.00023535744934945852,0.0001937744533331813,3.761665935527064e-05
52,1.5583229968601684e-05,1.8193234927551815e-05,0.00011706422295926593,0.11236511147158725,0.8203090396954444,0.0007291971166734677,0.00011788984690381857,2.1876409670033132e-05,0.047924870575488825,0.0008688560180703676,0.0016907227376290013,7.47664634800034e-07,2.1920751134987485e-05,0.0005881976508510833,0.012779676998079477,1.0437794294515182e-05,4.027866958163202e-06,0.00046699981469737673,0.0005439661961665223,0.00017929759942968124,5.1470392078620405e-05,1.3442850599366218e-06,0.000798906561971692,0.0003417120394078437,3.2889825912797087e-05
53,6.420790815137128e-06,7.81414924010327e-06,4.875452815104658e-05,0.0165834984923886,0.9541727589577037,0.00019406083268545284,0.00033901717389636844,6.1328197960411e-06,0.022308643251611537,3.541882404887535e-05,0.0013219767452825354,2.0806864193325094e-06,6.755855829851645e-06,0.0002649154900274715,0.0037691819665985004,3.5241628773919408e-06,3.2824098076760287e-06,5.609443803336333e-05,9.073923930884631e-05,3.557847961865141e-05,4.611380933335149e-05,4.1072357672658705e-07,0.000391150992985302,0.00025322213233899946,5.245304762494656e-05
54,4.167849186154037e-06,2.4187715605370405e-05,9.088642725009878e-05,0.014825154718531075,0.9440013078202517,0.00010957061683456523,0.00011107452729755101,4.61520466757887e-06,0.03188469191916279,0.00013218500941306367,0.0008084249793764861,2.259578746636501e-06,6.450246875301839e-06,0.0007594211332834691,0.006194736791203895,6.151373432447778e-06,3.809451487096935e-06,2.7509553828520557e-05,7.108340421616608e-05,5.91912730378961e-05,3.2467429872575564e-05,5.401027120029054e-07,0.0002554702601212301,0.0004282899369937966,0.0001563526766123982
55,5.492538475982071e-06,5.493230056858342e-06,3.300244633808935e-05,0.016181441005047703,0.9609004331858211,8.67732140767129e-05,0.00019196320008360454,2.172461128387319e-06,0.01927053859093041,1.641070941613085e-05,0.0007747021559792763,2.02996135015732e-06,6.611565941404336e-06,0.00014375323034132966,0.0016683761345319258,1.847795750384598e-06,1.4437553727856137e-06,3.566866554597794e-05,4.406666780336903e-05,2.144787388084876e-05,1.9437070897084143e-05,2.191980372860637e-07,0.00020361956105081124,0.00035329065889882767,2.9765123243673588e-05
56,7.109292174646941e-06,1.2141104659919607e-05,6.508796977962291e-05,0.02335305181611889,0.9528359730257162,0.00013724479133131725,0.00013495820802791213,5.1997185689375596e-06,0.01759380095749372,7.101380837187598e-05,0.001160533352584885,1.1781547806127577e-06,8.317896481830998e-06,0.00032220156322754873,0.003396714097970777,2.8521553762138393e-06,3.7427097850706582e-06,5.9379101586775106e-05,9.956184919929863e-05,3.851011399740338e-05,4.643328363844957e-05,4.6361573927477846e-07,0.00032625822741569484,0.00027924597458687606,3.902721138619906e-05
57,6.574080149062579e-06,1.9667610143847694e-05,7.303980086406668e-05,0.02726100013900998,0.9476029649521159,0.0001164121149160545,0.000211348801611457,5.869905725162313e-06,0.017606124342027327,8.95521345626491e-05,0.0011969010190608128,1.5163309934293499e-06,1.5683132006941743e-05,0.0003344164345417959,0.004297380204843536,5.459620312488172e-06,4.914576826750436e-06,6.686835791313465e-05,0.00023362953361232857,5.1620212535632374e-05,7.855884513964103e-05,6.478429531187783e-07,0.0002806551352179162,0.00039073548687326183,4.84593860438049e-05
58,5.0439907779114805e-06,9.435129536894083e-06,5.3213672854351304e-05,0.019818348089678722,0.9580009369632851,0.00011272566763020012,0.0001128733796236656,3.3195998169227498e-06,0.01703992225827748,5.750139767049735e-05,0.0008756361774403893,9.344176431025304e-07,7.011309950171647e-06,0.0002639794177089944,0.002755415649006556,2.389870292438579e-06,2.7635299136690513e-06,4.714482965255039e-05,8.118815563430373e-05,3.7661056023327454e-05,3.928038211570819e-05,3.2547007585320445e-07,0.0003100537721611582,0.000328068043055857,3.482777017402451e-05
59,5.161845993533251e-06,9.922672516808285e-06,6.672407666746427e-05,0.018947075661903196,0.9591716462527891,0.00011533332850602712,0.00010405100170893452,3.6485038989895385e-06,0.01676796428620867,6.9592934073956e-05,0.0008707982047303024,9.09411852580368e-07,6.7577005559976635e-06,0.00030794002105014213,0.0026263485975466586,2.662063001812985e-06,3.1708905957713796e-06,5.003496767513289e-05,7.52975156812801e-05,4.1650828912199415e-05,4.436509040526538e-05,3.150625319346446e-07,0.00033214178786586103,0.0003382635772706403,3.822371605770008e-05
60,6.607721303591361e-06,1.1709910243496214e-05,6.328485762798539e-05,0.022826688534793065,0.9536426054137951,0.0001380969541159036,0.00012766388163824134,5.078456284549577e-06,0.017337143447494093,7.172595048502415e-05,0.0011224062845887515,1.1193444863959754e-06,7.5047204157735405e-06,0.0003171113343668447,0.003440962516989527,2.8636803020069513e-06,3.692863697111658e-06,5.715278982933214e-05,9.640299764881987e-05,3.76901233876744e-05,4.4600631786679565e-05,4.336428089280827e-07,0.0003283911790660309,0.00026965784553063755,3.9404917314453344e-05
61,5.517572129181427e-06,9.26151680806924e-06,6.990427964710215e-05,0.017810835582463175,0.9600665116586186,0.0001156819709445193,0.00010232323546692743,3.6445933526319237e-06,0.017248502729873542,6.760671601938269e-05,0.0008863517197838473,9.090919448319162e-07,6.525044519833264e-06,0.00030507907528260213,0.00239406880878951,2.430320594483664e-06,2.9964559299650824e-06,5.031204899582542e-05,6.986483370871661e-05,3.847199827046373e-05,4.404260262848371e-05,3.0387642561198474e-07,0.0003264832809815014,0.00033494746581220396,3.742352100915821e-05
62,6.607721303591361e-06,1.1709910243496214e-05,6.328485762798539e-05,0.022826688534793065,0.9536426054137951,0.0001380969541159036,0.00012766388163824134,5.078456284549577e-06,0.017337143447494093,7.172595048502415e-05,0.0011224062845887515,1.1193444863959754e-06,7.5047204157735405e-06,0.0003171113343668447,0.003440962516989527,2.8636803020069513e-06,3.692863697111658e-06,5.715278982933214e-05,9.640299764881987e-05,3.76901233876744e-05,4.4600631786679565e-05,4.336428089280827e-07,0.0003283911790660309,0.00026965784553063755,3.9404917314453344e-05
63,6.832052470919877e-06,1.4433788722535622e-05,6.36312682575089e-05,0.024414710966103745,0.9513106152851571,0.00013993249181894774,0.00012748113071477498,5.407437682347681e-06,0.01760999990317796,7.94871883002595e-05,0.0011620671267910405,1.239362145886309e-06,7.842157420607481e-06,0.0003368243292462146,0.003803171897492823,3.172386648064604e-06,4.202495637203452e-06,5.629960770978464e-05,0.00010886304905118913,3.743615981708958e-05,4.577144064231693e-05,4.960679247901155e-07,0.000332660075531994,0.0002836151907631048,4.380714077169078e-05
64,6.077039752447868e-06,1.045055584092399e-05,6.764706032885488e-05,0.018294015397852886,0.9614135643493065,0.00011283376949499846,0.00013717993217023466,4.685538592098342e-06,0.014849106896584696,6.438629652693627e-05,0.0011167225318365547,9.885972226284004e-07,7.502570075814492e-06,0.00032879573437134113,0.0026560108009431004,2.640598203272369e-06,3.89475925812744e-06,6.257617195129457e-05,0.00010289751025274847,3.648677609150228e-05,6.586285846813593e-05,3.692115881312191e-07,0.00033975006481519243,0.0002786440599138675,3.6910918557822345e-05
65,8.635607888562564e-06,8.879005750830773e-06,3.967551405550541e-05,0.03559397463572738,0.9450146358499151,0.00026050535628737017,0.0001917633902601611,6.1395221678303285e-06,0.011367406829836427,5.091598621472791e-05,0.0015621423265804776,9.958269674737387e-07,7.127625347014724e-06,0.00013803940549298943,0.004732353527062792,3.0537233437758434e-06,5.266793331260246e-06,7.863061015049343e-05,0.00019215631161785432,2.4996083830266895e-05,4.880850427120624e-05,4.730464577772901e-07,0.00045885436619501086,0.00018036610595294938,2.4204045294888876e-05
66,3.697696026939372e-06,1.0986190756590394e-05,2.0443548749689366e-05,0.02743858332592365,0.9409346437955725,0.00028180850408497226,8.796255087714262e-05,2.2552605027541777e-06,0.02212555765101887,5.776761132861045e-05,0.0008917514195626804,8.417323403939575e-07,2.0044991059573506e-06,0.00021792921054622947,0.0065665832866602875,1.6880357620331803e-06,3.891605128853453e-06,3.241164353802229e-05,0.00013686519331772265,1.3218424339698971e-05,2.7439364594526695e-05,3.408663435409472e-07,0.0008208328677632949,0.00026720728438443033,5.328843177075576e-05
67,6.577368068778259e-06,1.1567113330196249e-05,0.00010132073749712751,0.028233863440092263,0.9513176605909096,0.00013563711923439057,0.000115974408774671,5.241999374417137e-06,0.014348798893231221,0.0001016778072754982,0.001020900403951621,8.935673307818025e-07,9.368431417477594e-06,0.00040056880824730596,0.0029401150740066507,3.890519751232676e-06,5.024006395568488e-06,8.922182898444866e-05,9.565658904917271e-05,6.773056840096931e-05,6.470059740594828e-05,3.2118875356177815e-07,0.0005275356811330632,0.0003581459948276509,3.760726255650527e-05
68,5.786537328881913e-06,1.0676571651693615e-05,6.638892107036339e-05,0.02122580366948015,0.9547517889430294,0.0001281740737500939,0.00011439431556528075,4.218811577966755e-06,0.018353332482146024,7.120407631567103e-05,0.0009792756944989576,1.073467481565163e-06,7.037361627828006e-06,0.0003404109560406395,0.003055500959088395,2.6643255286552333e-06,3.242257022981378e-06,5.218648027033385e-05,7.59791361151154e-05,4.079138837562254e-05,3.994608440751902e-05,3.6335949808523065e-07,0.00033178453057991134,0.0002972514036664394,4.0724193882434154e-05
69,6.617672489294519e-06,1.1566406627863138e-05,4.170446608175459e-05,0.022804150180836515,0.9549443877139128,0.00013378544828825356,0.00011414781103832172,4.178085964706902e-06,0.01591485848590624,5.226047092524182e-05,0.0011449424122582886,1.084703798845677e-06,6.161147188799319e-06,0.00022336116807473704,0.0038956074016893044,2.1294301139737e-06,3.353476412963597e-06,3.957954139980189e-05,9.42347826762111e-05,2.3733785821384802e-05,3.079919264208265e-05,4.777566644061317e-07,0.0002585964258835225,0.00021395010649216553,3.433192681251959e-05
70,7.620703840548364e-06,1.420471256814858e-05,7.211352883927946e-05,0.023285011472423366,0.9507776709297686,0.00016315366596881918,0.0001475066015602582,6.377733779597189e-06,0.018582982937645758,9.111528028193378e-05,0.001326095027442413,1.332407079099643e-06,8.585128021788852e-06,0.00035653761883486836,0.004112474372189657,4.016699351933059e-06,4.754496398920522e-06,7.026880908249993e-05,0.00013303026337603644,4.320944099723681e-05,5.687628507870184e-05,5.428881775705684e-07,0.0003746106739691904,0.0003105289420568051,4.9379381267241455e-05
71,4.269191993465783e-06,9.600567437282449e-06,6.159372626332366e-05,0.01681256833685505,0.9609875667457326,9.700567328645641e-05,0.00011641417743236339,3.7563760895129455e-06,0.01743459602445135,6.426931954015966e-05,0.0008040203230246232,9.140899762688617e-07,6.5023922815069e-06,0.0003537688354753343,0.0024037443207276924,2.592792992445256e-06,2.776868525780392e-06,5.047645424768338e-05,6.925290763105039e-05,4.4010965873813487e-05,4.5113771292881234e-05,2.927402434167743e-07,0.0002954603590586355,0.000291796383426427,3.763665614098504e-05
