,0,1,2,3,4,5,6,7,8,9,10,11,12,13,14,15,16,17,18,19,20,21,22,23,24
0,1.5985887864559243e-07,0.02648488921635487,0.00011536751583984844,0.0009321663380150749,0.6265263364366935,0.3265649170313038,3.0157832027910805e-05,5.5027979583441115e-09,0.003054351749764375,2.3251183866251505e-06,0.0008377498294024298,2.651661702981937e-06,6.21473155436355e-05,0.015076972152840434,0.00016383040678490937,6.548414217525616e-05,9.600723977488136e-06,5.5048869952374015e-08,3.8642328451177767e-07,1.232390024542482e-07,1.0775578680820111e-05,8.175731938122731e-08,5.478718357177386e-05,6.029503138615629e-07,4.07498646751371e-06
1,1.8367370531653039e-07,0.026110651188603614,0.00010442933589712973,0.0009364712034439605,0.6715432380168345,0.28487377192296426,2.8999603534351803e-05,6.462934739326198e-09,0.004404130130610212,2.844862308045655e-06,0.0007634854860890332,2.0244288724438264e-06,6.090376015925751e-05,0.010866663786516417,0.00014676168546572,9.037875857287294e-05,8.806637773962961e-06,4.372457685164062e-08,4.2355836809649047e-07,1.0239861300193396e-07,7.943233999751093e-06,6.827106755139584e-08,4.3873561097280067e-05,6.361334479720489e-07,3.1581745435981922e-06
2,1.5359581317469785e-07,0.022400815761047875,0.00010103387403153949,0.0006968496448222214,0.7110221115712,0.244202422366612,3.328742845442665e-05,5.6474635260793865e-09,0.004125377684415841,2.8797906358295124e-06,0.0006629508287989923,1.8628966957757231e-06,4.2974060570509056e-05,0.016368898504588805,0.00019525781971960093,5.168434069239865e-05,6.568493540998636e-06,5.020419849347325e-08,4.149799743130505e-07,1.8441091005287867e-07,9.978029797038414e-06,1.2149143870064986e-07,6.681122038701011e-05,6.782645090399355e-07,6.627089681954005e-06
3,1.5731784807664275e-07,0.02717281623148169,0.00011391027214728832,0.0009358554612856134,0.6497749563981033,0.30248283959559186,2.902514728998023e-05,5.117035514882723e-09,0.002969955749726338,2.165932217352724e-06,0.0008609403155808241,2.66979542427426e-06,6.12829599304891e-05,0.015296309693183173,0.00015867619644035285,6.122576105990872e-05,9.446854471891313e-06,5.50311387685624e-08,3.557682223103254e-07,1.0984213691243373e-07,1.0392161701352412e-05,7.807639882350273e-08,5.214252759604347e-05,5.821321045310098e-07,4.045661883067841e-06
4,1.6015354335190826e-07,0.02983781657025391,0.0001140301187478155,0.0009564383116663612,0.6716076595785249,0.2769640218066642,2.7525752557925578e-05,5.053244969006411e-09,0.002693418763088673,1.9007827049311209e-06,0.0009684577575239105,3.365215382254274e-06,7.877527202941888e-05,0.016480293344060575,0.00013189256350742802,5.829307889915864e-05,1.0426385664902996e-05,6.248202455620903e-08,3.647100415466023e-07,1.0185333793186141e-07,1.0118460826733478e-05,7.529849830049895e-08,5.0453111820838606e-05,5.095097101248708e-07,3.834065675286002e-06
5,2.158123333025883e-07,0.02399252704063853,0.00013833013049156486,0.0013539292894273877,0.6410562571463452,0.309775512482808,3.424003452063468e-05,6.745959683709448e-09,0.0032814168821561594,2.9363877520478192e-06,0.0009724760485160742,3.4320854629086293e-06,7.40868241073242e-05,0.018988360490475035,0.00015180831495862067,7.840794726960977e-05,1.2740774755385132e-05,1.0201473076049336e-07,3.344502415921723e-07,1.6520212170904756e-07,1.2840217875794753e-05,9.150037073372688e-08,6.387643306449142e-05,8.596993121838563e-07,5.04604430523294e-06
6,1.5731784807664275e-07,0.02717281623148169,0.00011391027214728832,0.0009358554612856134,0.6497749563981033,0.30248283959559186,2.902514728998023e-05,5.117035514882723e-09,0.002969955749726338,2.165932217352724e-06,0.0008609403155808241,2.66979542427426e-06,6.12829599304891e-05,0.015296309693183173,0.00015867619644035285,6.122576105990872e-05,9.446854471891313e-06,5.50311387685624e-08,3.557682223103254e-07,1.0984213691243373e-07,1.0392161701352412e-05,7.807639882350273e-08,5.214252759604347e-05,5.821321045310098e-07,4.045661883067841e-06
7,1.838589649007322e-07,0.03296510789512714,0.00020809597259623892,0.0009243324384806685,0.7022137556603806,0.24842219383848305,2.5723929219832936e-05,5.828281859173069e-09,0.0020107832795833985,1.6547166701398362e-06,0.001059684447079475,2.8632112948245375e-06,0.00011368674677494997,0.011838167301100875,0.00011740489204559489,4.5336588543783066e-05,9.328995733844822e-06,5.083786453575756e-08,4.91145749554953e-07,8.697979734441546e-08,8.52576835635586e-06,6.932313388499221e-08,2.9600561850267355e-05,5.002350959432809e-07,2.3655477909925405e-06
8,1.804108496824543e-07,0.02226348870525832,0.00012487076687996653,0.0011358953224522147,0.7460730150507168,0.20170443842670246,2.9270709747653186e-05,3.77743130754825e-09,0.005340484099882133,3.597932296934718e-06,0.0010105410814114208,1.2098790308399035e-06,2.7567723182591996e-05,0.02183472589757325,0.00031802041233108,4.225282321409862e-05,6.345474302364396e-06,5.2697895068996196e-08,1.9497803395028746e-07,1.1905251033217887e-07,9.651015428975957e-06,1.1047876809513453e-07,6.361788788129091e-05,2.084355071921775e-06,8.261041147323526e-06
9,1.8018042299449896e-07,0.01925402858940574,0.00019659344976662296,0.0014668597675425242,0.6478425493351266,0.3061123402531996,2.074477734257657e-05,5.673610116789692e-09,0.0038868249450468733,3.869281176898548e-06,0.001093256510234023,1.6972029455133325e-06,5.237910109538143e-05,0.019710130475037755,0.00021166535801677027,6.100013383250256e-05,9.54500409997198e-06,5.588576510956929e-08,2.7969566819986537e-07,1.7219174191939473e-07,1.1490309995950005e-05,1.0162902507052382e-07,5.8868263692171884e-05,1.740727970513923e-06,3.6212582388512405e-06
10,1.5731784807664275e-07,0.02717281623148169,0.00011391027214728832,0.0009358554612856134,0.6497749563981033,0.30248283959559186,2.902514728998023e-05,5.117035514882723e-09,0.002969955749726338,2.165932217352724e-06,0.0008609403155808241,2.66979542427426e-06,6.12829599304891e-05,0.015296309693183173,0.00015867619644035285,6.122576105990872e-05,9.446854471891313e-06,5.50311387685624e-08,3.557682223103254e-07,1.0984213691243373e-07,1.0392161701352412e-05,7.807639882350273e-08,5.214252759604347e-05,5.821321045310098e-07,4.045661883067841e-06
11,1.6237075300615774e-07,0.028880266303813087,0.00011814308005988689,0.0009517935362332617,0.6423952285773287,0.30836100072903505,2.966686784889249e-05,5.665643745509572e-09,0.0029522740955152563,2.1171488855496895e-06,0.0008734993597922387,3.029320247145294e-06,7.306920053105005e-05,0.0150708136727687,0.0001472029663877341,6.471934833169033e-05,1.0489747105345556e-05,5.768736002358195e-08,3.9179241787345e-07,1.1108522174739784e-07,1.0228127394632938e-05,7.967599860605107e-08,5.12420072540978e-05,5.41471182708529e-07,3.866162890028046e-06
12,2.736841383602525e-07,0.020682100808151554,0.00034489736478547026,0.0028724232340290807,0.26459780494839785,0.695518081426019,5.695170793196905e-05,4.1061389461704664e-08,0.007496519163955859,8.309480291859899e-06,0.001460786252718475,1.063729375081811e-06,0.0001275715399031749,0.00590922363688028,0.0005921975686030932,0.00025265035463222825,2.9781781381569655e-05,1.9217525835116932e-08,1.0362222017489841e-06,1.1483172286550107e-07,1.0600305428872942e-05,2.0933070709759302e-07,3.369028668560514e-05,2.800148605387634e-06,8.519145382160231e-07
13,1.0175887018174015e-07,0.0275884260627888,9.555417420839481e-05,0.0009306852969835958,0.7655902481421937,0.18242210992451705,1.3661345779873979e-05,1.9290084836293865e-09,0.0013939926480022046,8.006397092882987e-07,0.0025964991256126786,3.26127294676826e-06,8.373590667130578e-05,0.019031727881160535,0.00014498706946943995,3.3140117304580916e-05,8.187410769920258e-06,3.7868062604380665e-08,2.4206458774252147e-07,4.2059585890732e-08,8.77296119005558e-06,4.326371648261052e-08,5.112573037656897e-05,5.173010492854761e-07,2.098045434581215e-06
14,2.2313024034871532e-07,0.023670429165308877,0.00016042781877146007,0.001653315525805745,0.6627248729284582,0.2867702661385042,3.7894449005225e-05,8.968649687459896e-09,0.00544054149275323,3.447999103365892e-06,0.0008709957861819477,2.23310816859564e-06,5.6443366946010146e-05,0.018206863962985775,0.0002230835567045759,7.086243124414861e-05,1.4189643891361273e-05,7.726733764975763e-08,2.9769159512093897e-07,1.5599986721057466e-07,1.2043242886931123e-05,1.1947439729883554e-07,7.388990233973356e-05,1.164071121370241e-06,6.152877732160186e-06
15,1.5731784807664275e-07,0.02717281623148169,0.00011391027214728832,0.0009358554612856134,0.6497749563981033,0.30248283959559186,2.902514728998023e-05,5.117035514882723e-09,0.002969955749726338,2.165932217352724e-06,0.0008609403155808241,2.66979542427426e-06,6.12829599304891e-05,0.015296309693183173,0.00015867619644035285,6.122576105990872e-05,9.446854471891313e-06,5.50311387685624e-08,3.557682223103254e-07,1.0984213691243373e-07,1.0392161701352412e-05,7.807639882350273e-08,5.214252759604347e-05,5.821321045310098e-07,4.045661883067841e-06
16,1.8335781217614328e-07,0.020567182718622467,0.0001046762054155817,0.0014264849306090844,0.6345280801934878,0.3144298951605149,3.6825371831850365e-05,5.3908797780983e-09,0.0019560341828887616,3.4339408072745477e-06,0.000959080065052584,4.873867543758268e-06,5.663560384655093e-05,0.02558384793199283,0.00014434692807246296,8.347522227167457e-05,1.1781194827132837e-05,1.531877214528658e-07,2.885186219191474e-07,1.8687378145711238e-07,2.4528407682983942e-05,9.167096702246975e-08,7.100566722086481e-05,6.368182906599514e-07,6.26658923687993e-06
17,2.0774740953088795e-07,0.030057038717173898,0.00010577134249992907,0.0010500192553311897,0.6962454248572936,0.23937062072001192,3.417241858704949e-05,6.577592026142092e-09,0.002459131935790989,1.924067888265389e-06,0.0009151309320971034,7.300860922181091e-06,0.00010562090535246774,0.02937880390298577,9.265971279865511e-05,5.439660268584973e-05,1.5420595169832968e-05,1.7670479877989243e-07,3.6600355776807514e-07,1.8879152020601238e-07,1.454323904399101e-05,1.1456625925668225e-07,8.257961749942935e-05,4.1802114006115947e-07,7.961904590174628e-06
18,2.563987517240449e-07,0.04007039785011972,7.789816010587052e-05,0.0009307867516351879,0.5634574514016785,0.35777530748974545,4.8491122005091916e-05,6.752457417029558e-09,0.0045471977269144715,2.801569792037356e-06,0.0009357446850195104,6.378265851705391e-06,8.776475651856769e-05,0.0316906529080334,0.0001437461154230526,7.250207732476472e-05,2.087678315219975e-05,1.7558585818192032e-07,3.674075579873105e-07,1.9505770882648461e-07,1.242821284330756e-05,1.436529578400005e-07,0.00010486271908338539,6.122295477041052e-07,1.2954319914285782e-05
19,1.345581319693858e-07,0.0258738796077663,0.0001437562090147554,0.0009359061826425459,0.7238418765718783,0.23107886943768935,2.7013054479301896e-05,5.776951170387796e-09,0.002747687543949316,1.8761873929428029e-06,0.0007643319735789385,2.960032639443112e-06,7.708323071115144e-05,0.014269941058855935,0.00012326693376352678,4.97480109808986e-05,8.94053911051256e-06,5.184355465240667e-08,3.8209105764290936e-07,1.1263422474787899e-07,9.14741950717206e-06,8.881269224242054e-08,3.909364911994132e-05,4.834176321961771e-07,3.36322267514735e-06
20,1.2884133553312352e-07,0.023087847546467546,0.00013474319562707126,0.0009415883954666744,0.6660242882796843,0.2924868799299127,3.44632871545392e-05,5.77601868868159e-09,0.0029470720517517815,2.2798761746196234e-06,0.000951573786842111,1.6196451731503255e-06,4.337984106352202e-05,0.012882128254513828,0.00032318383136160125,5.07752385568109e-05,7.121241114950715e-06,3.049818565543922e-08,4.4310319723575044e-07,1.139682870634916e-07,1.3345178542039741e-05,1.0844622633510101e-07,6.191660104087576e-05,7.793740723442989e-07,4.183812229039658e-06
21,1.5740336428889456e-07,0.024460669268966524,8.926863140172368e-05,0.0009311138933074508,0.7322924956646983,0.22194008665791756,1.9015722977785048e-05,3.456446331197126e-09,0.0021162960225525615,2.159049675459111e-06,0.0009512575394477394,3.395818770165289e-06,5.505040674518716e-05,0.016913148724308408,0.00010020721462819847,5.710587818576101e-05,7.273572758260284e-06,7.336435225412049e-08,2.7161424323369985e-07,1.0021596318632422e-07,1.2563508288420036e-05,5.309165801877989e-08,4.422934058737009e-05,5.237133063190944e-07,3.4802254493750688e-06
22,1.976047644795649e-07,0.022525420575526575,0.00015725034786275916,0.0015424202815504792,0.6132425995364511,0.33862489299555537,2.5557425485033548e-05,5.8154469031965275e-09,0.002398739457597973,3.01408315137943e-06,0.0012559409244146363,3.6466199935525174e-06,7.28337661671664e-05,0.01982233718321064,0.00015669125082286273,8.173992792545578e-05,1.44443214047858e-05,9.219767861393375e-08,3.209733139949791e-07,1.3394113623582984e-07,1.4802496226384356e-05,8.423888977800883e-08,5.267882366911501e-05,8.675210774013713e-07,3.287690677353448e-06
23,1.5731784807664275e-07,0.02717281623148169,0.00011391027214728832,0.0009358554612856134,0.6497749563981033,0.30248283959559186,2.902514728998023e-05,5.117035514882723e-09,0.002969955749726338,2.165932217352724e-06,0.0008609403155808241,2.66979542427426e-06,6.12829599304891e-05,0.015296309693183173,0.00015867619644035285,6.122576105990872e-05,9.446854471891313e-06,5.50311387685624e-08,3.557682223103254e-07,1.0984213691243373e-07,1.0392161701352412e-05,7.807639882350273e-08,5.214252759604347e-05,5.821321045310098e-07,4.045661883067841e-06
24,1.2533207789227064e-07,0.023317148145162954,9.624750626595746e-05,0.0008994583409640521,0.7568063612450662,0.19889768346532968,2.055576126875279e-05,4.005129963876745e-09,0.0022277636910944844,1.6995331086345613e-06,0.0008212087020617392,3.497081945438603e-06,7.442533098545632e-05,0.016628164863956452,8.63531557504995e-05,5.8611127677361303e-05,7.89541671712095e-06,6.275896571544751e-08,2.9822267028238483e-07,9.200467021536105e-08,8.576848206876336e-06,5.989871456323727e-08,4.019900743618809e-05,3.9207458443659286e-07,3.1164801890785604e-06
25,1.772425537784897e-07,0.01852832575400457,0.00013730205436989865,0.0013881108116414334,0.7764072286527333,0.18623309452320166,3.0397865933332337e-05,6.654488328225013e-09,0.002050887728591314,2.00810634079334e-06,0.0011970647735902382,2.9951801205611577e-06,8.895113740072082e-05,0.013647978557597322,0.00013075395785233271,7.5177699733149e-05,8.948042001597412e-06,7.14296325788672e-08,4.1004248745272466e-07,1.1257156175677157e-07,1.2731661402713795e-05,6.477686969243899e-08,5.365779526523226e-05,5.633043178135334e-07,2.9796763085637738e-06
26,2.28892303017092e-07,0.030688194043159145,0.0001183930489705971,0.0011663577271247782,0.610871812943667,0.33502018349390855,2.9308870946516968e-05,7.333422562595184e-09,0.007796582643514515,2.328025085859065e-06,0.0009366467464321561,1.7603913981339263e-06,5.9004046045006105e-05,0.012911158624734076,0.00022129106849315237,6.162949365018345e-05,1.3107208930936218e-05,4.3717669088654086e-08,3.0236447924697645e-07,1.267036989186998e-07,7.87664067113009e-06,8.759940801330061e-08,8.719053695957198e-05,1.3328756968202901e-06,5.0449596309994865e-06
27,1.472759595113178e-07,0.026737889716566453,9.742191219286035e-05,0.0008170884413582355,0.6399585341579906,0.31002108467296957,3.734088438927685e-05,5.603484347880737e-09,0.005367596804110039,2.8345360845798675e-06,0.0008290987617036639,1.7986705989567704e-06,4.744325939667294e-05,0.01566995543516743,0.0002565699193458715,6.221645743269283e-05,8.994057526130358e-06,3.968452790071486e-08,3.760174951336691e-07,1.3800967731882457e-07,8.734443679256523e-06,1.204023897990995e-07,6.779513135024635e-05,8.802990127302834e-07,5.895445590586973e-06
28,1.5731784807664275e-07,0.02717281623148169,0.00011391027214728832,0.0009358554612856134,0.6497749563981033,0.30248283959559186,2.902514728998023e-05,5.117035514882723e-09,0.002969955749726338,2.165932217352724e-06,0.0008609403155808241,2.66979542427426e-06,6.12829599304891e-05,0.015296309693183173,0.00015867619644035285,6.122576105990872e-05,9.446854471891313e-06,5.50311387685624e-08,3.557682223103254e-07,1.0984213691243373e-07,1.0392161701352412e-05,7.807639882350273e-08,5.214252759604347e-05,5.821321045310098e-07,4.045661883067841e-06
29,1.5731784807664275e-07,0.02717281623148169,0.00011391027214728832,0.0009358554612856134,0.6497749563981033,0.30248283959559186,2.902514728998023e-05,5.117035514882723e-09,0.002969955749726338,2.165932217352724e-06,0.0008609403155808241,2.66979542427426e-06,6.12829599304891e-05,0.015296309693183173,0.00015867619644035285,6.122576105990872e-05,9.446854471891313e-06,5.50311387685624e-08,3.557682223103254e-07,1.0984213691243373e-07,1.0392161701352412e-05,7.807639882350273e-08,5.214252759604347e-05,5.821321045310098e-07,4.045661883067841e-06
30,1.5731784807664275e-07,0.02717281623148169,0.00011391027214728832,0.0009358554612856134,0.6497749563981033,0.30248283959559186,2.902514728998023e-05,5.117035514882723e-09,0.002969955749726338,2.165932217352724e-06,0.0008609403155808241,2.66979542427426e-06,6.12829599304891e-05,0.015296309693183173,0.00015867619644035285,6.122576105990872e-05,9.446854471891313e-06,5.50311387685624e-08,3.557682223103254e-07,1.0984213691243373e-07,1.0392161701352412e-05,7.807639882350273e-08,5.214252759604347e-05,5.821321045310098e-07,4.045661883067841e-06
31,2.5726851254800737e-07,0.026655639495714572,0.00019348998327500675,0.0010887875916100883,0.7113748645877148,0.24195548322502844,3.2146897972344005e-05,9.629759289884844e-09,0.0023967507682549913,2.2158953600411234e-06,0.0007200895826396711,3.8016643742342746e-06,8.988879745891155e-05,0.015225080160847311,0.00011895259857222275,5.71227687846164e-05,1.1001623275547944e-05,1.0559819813837288e-07,5.130041430482689e-07,1.7496579865395003e-07,1.3218838709536242e-05,9.851814003593676e-08,5.4729617421737804e-05,5.351335390067167e-07,5.041784895345523e-06
32,1.5400117819716573e-07,0.02710932030536222,0.00011304264287393874,0.0008193742629737799,0.6549607898485825,0.2984761265795271,2.904397106738049e-05,5.321090620677662e-09,0.0027522904242405968,2.0811552287214043e-06,0.0008254872888325051,2.750086845100254e-06,6.232627120983924e-05,0.014551367589464022,0.00015905930349363945,6.1043209034867e-05,8.776462329583694e-06,5.187057836835062e-08,4.278903470616714e-07,1.154565983065382e-07,1.0326500072706918e-05,8.273792311257024e-08,5.146850931734338e-05,5.1362421180181e-07,3.974687616830091e-06
33,1.7235538917163468e-07,0.030247002460131345,0.00011796914557525287,0.0010603561397667899,0.6116152053816885,0.33355818000938936,3.2885321951805826e-05,6.147066674098347e-09,0.003115455854896386,2.3201949957880083e-06,0.0009181713430613074,4.140926406300013e-06,9.736340551875862e-05,0.018952154769568946,0.00012154732080785742,7.752897092253609e-05,1.4605259512424166e-05,8.120036009012307e-08,3.828048590253032e-07,1.224472620492884e-07,9.390489959032118e-06,9.142164720298398e-08,5.0300112464503296e-05,5.184844909827813e-07,4.048032308121822e-06
34,1.8451914402061075e-07,0.034174929751507564,0.00010171200136618817,0.0004828348936372908,0.7962055323280113,0.15261972155298129,1.7265874198667233e-05,3.5217717051101622e-09,0.003201732287092322,1.351638735178129e-06,0.001027990292588042,1.5869965656234136e-06,5.02796748426126e-05,0.011876824898246015,0.00015580264346130905,2.6036733523900684e-05,4.771504768612913e-06,2.7735828289200758e-08,4.974707265793386e-07,6.489289479586016e-08,5.7218560108318945e-06,7.015023124988693e-08,4.069471828012944e-05,5.898070495961024e-07,3.772256537081058e-06
35,1.4186402791520472e-06,0.045473508272361685,0.00018320116175859968,0.001975584122565524,0.7418210476958317,0.18497885812107254,5.904240685201231e-05,2.8547608310970762e-08,0.009079868083516367,6.088746921361435e-06,0.0007236884940566917,8.395387010853015e-06,0.00017347344176060162,0.015206592441274284,5.7996100773769936e-05,0.00015431757405537234,3.592267211891263e-05,5.52886375068219e-07,6.371439965334806e-07,2.0550967854110608e-07,9.094229924405378e-06,1.1472110486306009e-07,4.0752295844536496e-05,8.682182865335159e-07,8.74308497188878e-06
36,1.439857516058401e-07,0.028569794780925334,7.549124665196539e-05,0.0012952497638445096,0.35548800093823024,0.5842842769232182,4.9440161189369145e-05,1.1258781268108033e-08,0.0066296897115201555,2.4545285903617844e-06,0.0007551802172133426,6.532226032023904e-06,0.00015476872361941854,0.02223372772469112,0.00012811894593800887,0.00017900008595311522,4.8990182371289135e-05,9.395221073557554e-08,3.5978467343350307e-07,1.6034313194784807e-07,5.898201020761222e-06,1.5547468152709922e-07,8.726544834613699e-05,4.9873892263616e-07,4.69665249161858e-06
37,2.7847319628988943e-07,0.023524071632933154,0.00017960281069863074,0.0015950685656664304,0.7055938262138459,0.2427232086856095,2.9148076768080756e-05,5.399969898727749e-09,0.002977294947363447,2.8841717402887174e-06,0.0014728541339349788,3.0808040830816674e-06,7.12013532044861e-05,0.021499590795958007,0.00017566068344881833,6.195087042642605e-05,1.1548648737239242e-05,1.1603737282431733e-07,2.944856667451102e-07,1.413564427370004e-07,1.2413769977869608e-05,8.40823919766002e-08,5.9205098469136226e-05,1.4972343354124493e-06,4.971667758436798e-06
38,1.1041900623188689e-07,0.01929458022460442,9.285540205923614e-05,0.0008354323988079294,0.39900186361432016,0.5677660262578472,3.322536740733125e-05,5.681114460656578e-09,0.0016200194407368774,1.8725375981750757e-06,0.0008085195314295965,2.547515126680172e-06,6.976677096224792e-05,0.010092485607814144,0.0001800646440518694,0.00011412534362798812,1.0025129481854603e-05,3.68851767014188e-08,5.199418431802238e-07,1.1393340467805894e-07,1.2401311566177169e-05,5.913665674412176e-08,6.0797570407466677e-05,3.860570383948621e-07,2.1592779102386756e-06
39,1.4986819502732962e-07,0.021310302109805786,0.00011221890533737657,0.0011734509067800188,0.5323945763137516,0.42850193522047003,4.375081120000147e-05,9.275986484587937e-09,0.002516736316253109,2.1489869932575508e-06,0.0007091019741136112,3.059814735996438e-06,6.827125319267812e-05,0.012736193080569834,0.00020695343723517456,9.329568163021184e-05,1.236197458134814e-05,5.972177168659163e-08,4.734645036365291e-07,1.6403145301790132e-07,1.727602680030843e-05,9.266235584423875e-08,9.21147775879786e-05,4.775327366918783e-07,4.825851959025431e-06
40,7.54750314109222e-08,0.031053156306222865,0.00014219953718288858,0.0003796254031743018,0.7193213186765195,0.23151167344055562,1.3479925063853715e-05,1.7520308332628935e-09,0.0011055793925840985,1.0652429477870819e-06,0.0006852400159634387,2.4905308984153796e-06,3.6593594560528395e-05,0.01555033350507656,0.00014234597149009523,1.9216995108448575e-05,3.957829365100796e-06,2.8466471795468026e-08,3.1285468140305225e-07,6.410255405430153e-08,7.6090049439025426e-06,7.390181018287168e-08,2.0538521429855483e-05,3.118310136002587e-07,2.70772331937407e-06
41,1.4991158520933285e-06,0.006893472587563913,0.0004230427555070673,0.0015034074348264236,0.2518945420776231,0.53213536314641,0.00034509001464079,2.589786860507967e-08,0.00015314920343886506,7.679806446158244e-06,0.007050747143037247,8.141201543392951e-05,0.0001318781658623145,0.1950700253588092,0.0014850376937647998,0.00010802703849432916,4.1445129195462326e-05,7.543336702334523e-06,9.713858885413284e-06,8.967141120028023e-06,0.000892228885667487,3.5298831910423986e-06,0.001602309890765714,2.7306819687594334e-06,0.0001471317369250371
42,1.1720701570627385e-07,0.023266254299462174,0.0001999353290205084,0.0007979232240261534,0.6411115093641143,0.32097623346483845,2.7248955582372156e-05,1.006822827125771e-08,0.002068840582943676,2.529423117522822e-06,0.0006498570823538983,2.644090800392702e-06,6.309129876202744e-05,0.010496411790718871,0.00021087420059167082,6.531978968426435e-05,8.911690233820525e-06,2.8380098311142642e-08,9.047113780896477e-07,1.4049842076293163e-07,1.394227355241483e-05,1.5943727253727875e-07,3.456341581195341e-05,4.099448295844537e-07,2.139477142406185e-06
43,1.714224185771241e-07,0.019074872802619287,0.0001241967467330816,0.0009475200256191979,0.5911579438753612,0.3703374606908077,2.8568221211414927e-05,7.515365456446779e-09,0.004919319204760066,5.814509689633204e-06,0.0006329964606503829,1.2774550670602376e-06,3.9265561740593526e-05,0.01236187813875396,0.00020399812720612223,8.648951445457613e-05,7.1519903299396546e-06,3.8964188741067304e-08,4.544741078912045e-07,2.148677687402539e-07,1.2493267944710457e-05,1.0751537006773701e-07,5.316206685345799e-05,9.918789796029645e-07,3.604701998416097e-06
44,1.5731784807664275e-07,0.02717281623148169,0.00011391027214728832,0.0009358554612856134,0.6497749563981033,0.30248283959559186,2.902514728998023e-05,5.117035514882723e-09,0.002969955749726338,2.165932217352724e-06,0.0008609403155808241,2.66979542427426e-06,6.12829599304891e-05,0.015296309693183173,0.00015867619644035285,6.122576105990872e-05,9.446854471891313e-06,5.50311387685624e-08,3.557682223103254e-07,1.0984213691243373e-07,1.0392161701352412e-05,7.807639882350273e-08,5.214252759604347e-05,5.821321045310098e-07,4.045661883067841e-06
45,1.5790161047524083e-07,0.02745360936457327,0.0001127648875591462,0.0009305468165734939,0.6530352905984591,0.298754999804064,2.858716637174965e-05,5.0313295581708716e-09,0.0029553034273598674,2.1419300210820713e-06,0.0008629499649333772,2.716828061302683e-06,6.143545985279024e-05,0.015507425656137774,0.0001549118877735466,6.0090743008041814e-05,9.453327320831723e-06,5.604123342850047e-08,3.504594059430729e-07,1.0898837474240421e-07,1.0371018638933856e-05,7.745658468433223e-08,5.199268158963381e-05,5.752280129304961e-07,4.077331150210172e-06
46,1.9482637396895164e-07,0.028255358079439782,0.00013114571238672176,0.0013193792616742939,0.52948972820621,0.42053878140765266,3.095528038309693e-05,7.297749938541051e-09,0.0032381406595082527,2.3607510449743117e-06,0.0009999921827870753,3.547742031297313e-06,8.381426518442427e-05,0.015558830783433675,0.00016445438722039515,8.633499032432893e-05,1.6882922556383157e-05,7.025368280434603e-08,3.6930140320713244e-07,1.2384892215354798e-07,1.1885695403326078e-05,8.37317151205128e-08,6.326386183312833e-05,7.207155969110798e-07,3.5738354821104202e-06
47,3.120590655071416e-07,0.04998583113724139,0.00010661246934480837,0.0005820754492390473,0.5641918658447409,0.3642648331113958,5.392309458326508e-05,1.0397887558336501e-08,0.0042416974271824205,3.0066579342380946e-06,0.0006002907506539969,6.698264146196802e-06,8.747921775427759e-05,0.01557176553988118,0.0001442689187562751,7.574285161682238e-05,1.707043006480534e-05,1.1734576235799388e-07,8.712488241910799e-07,1.9247794908097043e-07,1.034523792890053e-05,1.8125843932193795e-07,4.607323766899289e-05,4.2368567482299705e-07,8.311886263829586e-06
48,1.2815199710307704e-07,0.030139848538818733,9.485224098989227e-05,0.0008399477353760828,0.2006702119344909,0.7575555205883348,3.391033966587652e-05,1.0604712412604754e-08,0.0022464531307889767,1.2460023108683764e-06,0.000626522593042916,3.661171052589379e-06,0.00013721347161889508,0.0073488039162867775,0.0001206008776439901,9.197773567614402e-05,2.89494345125129e-05,3.252335234848443e-08,5.939808020811129e-07,8.243621176736775e-08,7.770500219006367e-06,7.081514886336995e-08,4.981117567949739e-05,2.597085997587329e-07,1.5203926671347747e-06
49,1.2848785166737545e-07,0.028018155160887834,0.00015948877181448507,0.0008261183483412969,0.6032637912433453,0.34755005171332143,2.419718611852563e-05,4.622359849269965e-09,0.0019534279008234156,1.9550015190592093e-06,0.0007904825355833323,3.668968292163613e-06,6.537685696629978e-05,0.01708777006321688,0.00014530822554798873,4.678776517126433e-05,9.806985537059448e-06,5.9094600321436476e-08,3.812107401086563e-07,1.260374313219898e-07,1.1456122004766341e-05,9.777883858363001e-08,3.7561655166325165e-05,4.896415158372797e-07,3.308623004934357e-06
50,2.3084269194470174e-07,0.02249922114488584,9.552504327914535e-05,0.0006189430968930616,0.7901762736011394,0.1634313942027091,8.738694044035152e-05,8.012329468909892e-09,0.005470624860854111,6.18647754077565e-06,0.0005050969069630732,1.4622448012156713e-06,4.083497023274762e-05,0.0166976809703983,0.00022220804367844535,6.673557198521771e-05,5.170728947946188e-06,7.940424693485856e-08,6.380325985509142e-07,2.312353876686626e-07,9.223307568959697e-06,1.8341999034725286e-07,4.90421271558186e-05,6.831028039380188e-07,1.4935710477548355e-05
51,1.27525900351941e-07,0.0350025946459546,0.00014643279754946502,0.0012658623617167449,0.7370779554189922,0.2087652414217267,1.5999081163944527e-05,3.5279987320564216e-09,0.003686284767452193,1.868821808850843e-06,0.0008543581944451942,2.0227362655237834e-06,6.343501706095792e-05,0.012946763567077479,9.51592701869476e-05,3.802391872284647e-05,9.257106451083723e-06,3.449556520447144e-08,1.6450272541269328e-07,4.354071633072767e-08,6.280146010485505e-06,4.950915811509297e-08,1.9565157467637498e-05,6.505647978208369e-07,1.8219030852733923e-06
52,3.780268989200752e-07,0.014623661136255494,0.00022036761515137058,0.002395242968289973,0.5791828779510637,0.3737085347466088,3.017753743289528e-05,6.855975249935375e-09,0.0031872096138154246,7.68188013571654e-06,0.0016995521462781315,3.4811304560214896e-06,0.00010092474392874467,0.02444876164528273,0.0001291592833078348,0.0001800985406346841,1.646586439476358e-05,2.3794025158408913e-07,3.0153400880396027e-07,2.801787460549675e-07,1.1535485790252613e-05,8.203937706448434e-08,4.747338848517969e-05,2.309423774715588e-06,3.1983236559410272e-06
53,1.8342837590526639e-07,0.021147164610514517,7.4125896655749e-05,0.0011232061881656396,0.5990693436818687,0.35448633304116556,0.00010458008185439501,9.941861030360722e-09,0.006909328453698249,3.472342354566671e-06,0.0008010969360683215,2.0485055355199154e-06,6.345419752587929e-05,0.015597943518191987,0.00031883206361447514,0.00013067690326762233,1.2002885859323879e-05,6.820419933459342e-08,4.836395401723323e-07,2.1370231601519233e-07,1.0840758066374767e-05,1.3067886876802103e-07,0.00013291180272793581,8.105562876684974e-07,1.0737981416449858e-05
54,1.8298188915313965e-07,0.04654212869228425,5.3695632434742874e-05,0.0005125502515638915,0.6296048001908641,0.3008939281111601,4.234681090380411e-05,4.706128151710567e-09,0.005246746801829672,2.8282646845740316e-06,0.0005424940601329656,3.408000754387968e-06,5.358834075691214e-05,0.016229574789984803,0.00012645668940063887,7.988613320694431e-05,1.0191472836876374e-05,6.335030928556063e-08,4.1160975824808784e-07,9.129297100636463e-08,6.4881841965509905e-06,9.278533986812264e-08,4.046983528301991e-05,3.6261586172175224e-07,7.208395464126433e-06
55,2.014721269375454e-07,0.04700746558393384,6.015703672083896e-05,0.0006175111974143582,0.7902725665539287,0.14359166091008996,2.8341038075319497e-05,3.3892775436212254e-09,0.003347808531142365,1.2010390608865558e-06,0.0005965872248453705,6.928373571327878e-06,6.393284622993341e-05,0.014250067744872317,6.194258386707533e-05,4.3217130537288765e-05,9.833632498289574e-06,1.196741505793275e-07,2.2636527725149457e-07,5.9162877430280815e-08,6.365849311379647e-06,5.0042266563026034e-08,2.716229623719121e-05,2.7130403272997163e-07,6.319017654379799e-06
56,1.6132256900410538e-07,0.029045473109675635,0.00011851060134699142,0.000941508232518738,0.6587476568091603,0.2913191256507938,2.8675814940663274e-05,5.237630009205721e-09,0.0029454401818234423,2.07343181117869e-06,0.00091487598177841,2.9585329251405516e-06,7.183142460000857e-05,0.01557958163777713,0.00014718124584074365,6.043658774206646e-05,1.0056845835226841e-05,5.761524485152167e-08,3.721562626661353e-07,1.0631520366095849e-07,9.820986638630699e-06,7.841121999401157e-08,4.9542336082024265e-05,5.643338956087515e-07,3.9051966840679555e-06
57,1.2027228939049635e-07,0.025211943501433458,0.00013331771379943743,0.0005474321180565009,0.7048542804919096,0.2549543521404835,2.1829987575291846e-05,5.705905868996829e-09,0.0014178960777895353,1.3822449959094617e-06,0.0006386134903314237,4.278684412995722e-06,6.360198876972193e-05,0.011919778324913831,0.0001244886080970739,4.6370582710608523e-05,7.058659914285599e-06,4.577546137361957e-08,7.271348849695748e-07,1.2457006093504689e-07,1.2291391228189613e-05,9.801582395758705e-08,3.6883297492327206e-05,2.442144675881708e-07,2.835007192176946e-06
58,1.7219729529002358e-07,0.027285813874137352,0.00013099310655364239,0.001028078449310171,0.6390555881718387,0.31219932070459283,2.948642117482735e-05,5.384427999301542e-09,0.0032735639396681273,2.440895965260301e-06,0.0009787979304863089,2.5088425667834573e-06,6.11855911290131e-05,0.015620898249197622,0.00018967952429078686,6.288184480146406e-05,1.0040386378985185e-05,5.462598942422527e-08,3.618079467722583e-07,1.1521460998937887e-07,1.0419417830867024e-05,8.691233776090144e-08,5.264352483180353e-05,8.005232730969537e-07,4.062459365218277e-06
59,1.7430271371130707e-07,0.026232717117441157,0.00014219460514802528,0.0010771556776076772,0.6570870797256669,0.29504857767646153,2.7991716568289806e-05,5.259293229519221e-09,0.00330239407884445,2.5740656912574305e-06,0.0010013478109059688,2.308502014809227e-06,5.570717018297424e-05,0.01568136376599431,0.00020158357143911242,5.9440205486672945e-05,9.509836379313541e-06,5.364163505323157e-08,3.4139288809180753e-07,1.1599789767677406e-07,1.0845959945819307e-05,8.746518217630444e-08,5.144924301673251e-05,9.181833104998678e-07,4.0630282847549185e-06
60,1.5731784807664275e-07,0.02717281623148169,0.00011391027214728832,0.0009358554612856134,0.6497749563981033,0.30248283959559186,2.902514728998023e-05,5.117035514882723e-09,0.002969955749726338,2.165932217352724e-06,0.0008609403155808241,2.66979542427426e-06,6.12829599304891e-05,0.015296309693183173,0.00015867619644035285,6.122576105990872e-05,9.446854471891313e-06,5.50311387685624e-08,3.557682223103254e-07,1.0984213691243373e-07,1.0392161701352412e-05,7.807639882350273e-08,5.214252759604347e-05,5.821321045310098e-07,4.045661883067841e-06
61,1.7462979624563034e-07,0.026055203564764994,0.000147470818589038,0.0010816197331368722,0.6535530786218952,0.2992094391269233,2.6804157742620523e-05,5.460338765886408e-09,0.0029789693359569963,2.437006048407632e-06,0.0009592932513022939,2.492993805839912e-06,5.877565351818264e-05,0.015605527456539807,0.00018325791525158867,5.8873928917732946e-05,9.706718768278667e-06,5.672723048535861e-08,3.496569009856386e-07,1.1701903283715858e-07,1.1231833499004934e-05,8.509876270293046e-08,5.037513321309932e-05,8.092357658140663e-07,3.844922298853312e-06
62,1.5731784807664275e-07,0.02717281623148169,0.00011391027214728832,0.0009358554612856134,0.6497749563981033,0.30248283959559186,2.902514728998023e-05,5.117035514882723e-09,0.002969955749726338,2.165932217352724e-06,0.0008609403155808241,2.66979542427426e-06,6.12829599304891e-05,0.015296309693183173,0.00015867619644035285,6.122576105990872e-05,9.446854471891313e-06,5.50311387685624e-08,3.557682223103254e-07,1.0984213691243373e-07,1.0392161701352412e-05,7.807639882350273e-08,5.214252759604347e-05,5.821321045310098e-07,4.045661883067841e-06
63,1.577718018606465e-07,0.028852246169455843,0.0001116691711375874,0.0008987834304676574,0.6539943615986269,0.29681624569657844,2.8573334217621202e-05,4.954150477593555e-09,0.0030657286516181255,2.098502269380464e-06,0.0008535489665710718,2.6472322980695286e-06,6.082275528502839e-05,0.015023736775422625,0.0001567207940226408,5.828869927645219e-05,9.346484864792085e-06,5.2985555225768515e-08,3.499673328703789e-07,1.0291339563932152e-07,9.895859844380385e-06,7.68445751274716e-08,4.991541787590049e-05,5.717006702291811e-07,4.053322686019614e-06
64,1.4818104828474586e-07,0.02569335587675212,0.00012356222836066837,0.0009607149435031643,0.6664260274755951,0.2898906308904892,2.6888511093637326e-05,5.243498082651839e-09,0.0024349894532757874,2.0906056138242586e-06,0.0008310389203311829,2.479842746672849e-06,5.3068029613757214e-05,0.01325557251234466,0.00016827745669964874,5.4128849783246186e-05,8.02935815578231e-06,4.760100291639806e-08,3.688434558264518e-07,1.0763096154324758e-07,1.3573153620285175e-05,7.43731634023078e-08,5.0699523543759666e-05,5.533156500293707e-07,3.567179697261258e-06
65,1.764929356443359e-07,0.02794737055575332,0.00010391710384233276,0.0009504432425765155,0.6660668236399178,0.28380392797213944,3.0874754163652964e-05,5.357805740536992e-09,0.0034124570740301043,2.3480497909064707e-06,0.0008502665419684863,3.001899276331423e-06,6.627496976024682e-05,0.01647853626353618,0.00013811609946716498,6.661120886398404e-05,1.02427744303033e-05,6.779639167516703e-08,3.531764241867973e-07,1.1727935191757041e-07,9.750199202709649e-06,7.999115682995781e-08,5.3072813408828475e-05,5.845373292925657e-07,4.580206476458961e-06
66,1.6777460586809043e-07,0.03171864690893146,0.00010428440524346406,0.0008338491918211623,0.5297496893811889,0.4181754350677235,3.9824602321105756e-05,6.736921541083965e-09,0.004217957154429964,2.0106287013679627e-06,0.0007980491108977156,2.4521346342447263e-06,6.501377510402705e-05,0.013905493835460664,0.00021902783174644285,6.336503434930977e-05,1.1881084280488291e-05,4.5991339854998204e-08,4.5205732117973913e-07,1.290588645600856e-07,9.684962666436825e-06,9.740363830852685e-08,7.65741162161864e-05,6.236526208618212e-07,5.238098971246838e-06
67,1.4144474173687983e-07,0.025296809765076037,0.00010422918943180799,0.0008832759801786677,0.5030900371205856,0.44649678022898454,3.177279284829817e-05,4.6396337946657004e-09,0.0024347741355071804,2.2276022246923796e-06,0.000937200760352284,3.3045234756761026e-06,6.239400365995992e-05,0.02029879102279749,0.00018675017473096268,6.317677449787491e-05,1.1627760357862309e-05,6.823246725062126e-08,3.5059154768271445e-07,1.6252767424246513e-07,1.3359056858737083e-05,9.537175420009479e-08,7.696552018267651e-05,6.397803523995674e-07,5.061000078278161e-06
68,1.5874952779778994e-07,0.027095497404494514,0.00011462785274222206,0.0009525593252771424,0.6477064781174515,0.30441746800123703,2.9367214967223616e-05,5.188860805363124e-09,0.002973102742418358,2.1728956606995255e-06,0.0008658146762577732,2.723725294320402e-06,6.284879643080406e-05,0.015480446532444254,0.00015656588826950865,6.199143662795613e-05,9.643693918336514e-06,5.679010954183586e-08,3.554533245568591e-07,1.1165951141245217e-07,1.0460922673117537e-05,7.805652270723353e-08,5.2807862038116234e-05,5.82835515680059e-07,4.074178424716446e-06
69,1.6114089653109066e-07,0.026738746056508958,0.00010607961390542564,0.0009874969440566428,0.7214842466549608,0.23192088797440763,2.772710928427239e-05,4.8844096865598304e-09,0.003674900509949509,2.234679605908712e-06,0.000779616604551349,2.1490633978537973e-06,5.2481316838784255e-05,0.013949376636623382,0.00014833514776814143,6.0105826852741645e-05,8.449278892048112e-06,5.0784434651262927e-08,2.8029155650693224e-07,8.454751893288406e-08,8.286367429421883e-06,6.95301605978824e-08,4.350636567870451e-05,6.122412932613882e-07,4.110429018249608e-06
70,1.660751407580221e-07,0.033665136236214484,0.00010884115102329113,0.0005357677922843346,0.7372521508985163,0.21257825525704163,2.7449345548204316e-05,3.6352758808231975e-09,0.0019247853916788116,1.491580387964675e-06,0.0008837976684580746,2.272437792081267e-06,4.02988350975999e-05,0.012681451579330856,0.0002051964063433807,3.083696347919533e-05,5.204911631484858e-06,4.026028303826625e-08,4.884791698035266e-07,7.476194383480395e-08,1.0889984027959225e-05,7.982967135814199e-08,4.003366894321808e-05,4.397072061260535e-07,4.847143510480286e-06
71,1.6129701490306565e-07,0.026605528447737645,0.00010144101332141025,0.0009446893343748019,0.6711534400660376,0.2812419846291233,2.9105837936349166e-05,5.123680450938098e-09,0.003199203826858617,2.226349408369983e-06,0.0008697895449426972,2.740393395771717e-06,6.133625113162352e-05,0.015491039678710239,0.00015103265213081127,6.602029875326247e-05,9.45846546917934e-06,5.783419598992637e-08,3.445631635758524e-07,1.1081415880743292e-07,1.0206253870286521e-05,7.61676336756776e-08,5.5158741207101524e-05,5.872775486981898e-07,4.25513819507463e-06
