,0,1,2,3,4,5,6,7,8,9,10,11,12,13,14,15,16,17,18,19,20,21,22,23,24
0,6.389820046837415e-07,4.137433425956098e-09,5.109960206296583e-08,2.1718811758235193e-05,0.05877043492854521,9.772889093235996e-05,1.7669025829480142e-05,3.773163247591764e-12,6.077797432346983e-06,7.251761852858026e-06,6.828149717386922e-05,1.5070502348787402e-08,1.5210438597281311e-09,0.0033125480370780704,9.278304543512033e-08,2.6546706204787943e-07,1.4844849987444165e-06,0.0004193436275045928,3.132038766306943e-08,0.00019626766915276756,1.0161978927717532e-05,1.1774832987486416e-10,0.9360225166158672,9.559516722843122e-07,0.0010464584186711643
1,9.12725997789276e-07,4.765764650428995e-09,7.382162179883792e-08,2.9171309540812537e-05,0.08078412974300207,0.00012451783854533418,1.712888983149287e-05,4.706973204537528e-12,1.0167375949040954e-05,1.0845540952364655e-05,8.209750173542466e-05,1.1778392383171435e-08,2.016751232183209e-09,0.002474635536384502,8.861942389424927e-08,3.772669216007195e-07,1.5594847124328714e-06,0.0003941788997311063,5.225660408198211e-08,0.00021606392992160744,9.698572643608677e-06,1.2241227051216043e-10,0.9149482286497973,8.906575986535487e-07,0.0008951626910577229
2,5.925831280633454e-07,4.060371524395897e-09,5.49190270695044e-08,1.783721745807461e-05,0.07925925650472321,6.366358929711693e-05,1.1133797311592398e-05,4.165230922941786e-12,7.274334472453887e-06,8.829342208934277e-06,0.00011844750765126033,1.3575315994117625e-08,1.4505340212834957e-09,0.004269351354338497,1.4466319918524633e-07,1.6244468287033258e-07,1.0683652986833418e-06,0.00037311757114255454,2.561192072583083e-08,0.00028475243483479105,8.541361394853478e-06,7.42374726604113e-11,0.9143670624970581,5.997801947106716e-07,0.0012080649560330431
3,6.487046478196163e-07,3.96761989085052e-09,5.090859822681696e-08,2.319169681205781e-05,0.05839356566228858,9.995027425996298e-05,1.751832086581188e-05,3.891775853755491e-12,6.192256576392213e-06,7.489286522690575e-06,6.903775022352908e-05,1.4646276295904926e-08,1.5882858061262421e-09,0.0031623784239581637,8.982535760212503e-08,2.792671728575167e-07,1.4873658270078196e-06,0.00043449373131953226,3.145092103011036e-08,0.00020465860364292295,1.0195199741119057e-05,1.1540441078774603e-10,0.9365849038887172,9.374743412969349e-07,0.0009828795867281366
4,7.488239222198356e-07,3.825985468271576e-09,5.6728290422755305e-08,2.3747429412143804e-05,0.06294484738740996,9.793621077483677e-05,1.8765426862295494e-05,4.367821670114699e-12,6.044150810345736e-06,8.053561336393238e-06,7.297912137230231e-05,1.6167289832199873e-08,2.0070802338962912e-09,0.0036452572765353413,8.966728678453451e-08,3.0860437881442646e-07,1.6925798251221935e-06,0.00047905811641912475,3.490113646595222e-08,0.00023369000445707685,1.0677117975534442e-05,1.1513665892021663e-10,0.9314708158515732,1.0610995781077526e-06,0.0009841138207837218
5,7.066735949910786e-07,4.282451398823651e-09,4.527263761917436e-08,3.129788905487209e-05,0.05118333646906743,0.00011513700354111889,1.718193338936939e-05,4.894094868587171e-12,6.043531492547564e-06,7.316643490155545e-06,7.213030213216212e-05,1.5322882825577854e-08,1.8480651715350055e-09,0.0029480155394630753,9.324207080746867e-08,3.438127944596692e-07,1.6577999231581494e-06,0.000635671643640314,3.387815816669081e-08,0.00022934988856645582,1.1241875340867388e-05,1.3819042745483776e-10,0.9438976255949214,9.62270773502715e-07,0.0008417871394637607
6,6.487046478196163e-07,3.96761989085052e-09,5.090859822681696e-08,2.319169681205781e-05,0.05839356566228858,9.995027425996298e-05,1.751832086581188e-05,3.891775853755491e-12,6.192256576392213e-06,7.489286522690575e-06,6.903775022352908e-05,1.4646276295904926e-08,1.5882858061262421e-09,0.0031623784239581637,8.982535760212503e-08,2.792671728575167e-07,1.4873658270078196e-06,0.00043449373131953226,3.145092103011036e-08,0.00020465860364292295,1.0195199741119057e-05,1.1540441078774603e-10,0.9365849038887172,9.374743412969349e-07,0.0009828795867281366
7,1.516642718728845e-06,5.241436431707769e-09,1.1054229369655694e-07,3.969060247259622e-05,0.10216122010163768,0.00011070240294854038,2.825980509061554e-05,7.213678540712381e-12,8.389478591832459e-06,1.790116752447724e-05,0.0001340203613177093,1.968759166925994e-08,3.7630841428775165e-09,0.0049072890540978265,1.0867187450023176e-07,4.0235223436341054e-07,2.462201403686983e-06,0.0004711298734612186,6.206571963345844e-08,0.00035890840964607234,9.80738965406065e-06,1.6953655869914278e-10,0.8903492866021253,1.465837551500781e-06,0.0013972375687735213
8,7.574263207246956e-07,2.0857881227241713e-09,8.851981055708221e-08,1.5321463099808163e-05,0.04629625113494243,4.640224192865095e-05,1.9351290243576062e-05,2.3391557114808443e-12,3.4270186102195627e-06,1.2236029265234544e-05,5.459244347192934e-05,1.7658594056776148e-08,1.363498109738921e-09,0.004862421396924846,6.004245424722946e-08,1.5016547862909797e-07,1.7108002320388974e-06,0.00012434524714132028,1.8269673961453456e-08,0.00016779717072753535,1.0963021629637273e-05,8.412293867944058e-11,0.946838792350555,1.4998669322670953e-06,0.0015437929062150648
9,6.811047615599801e-07,2.4247408944112447e-09,4.801107464550474e-08,1.7260949374931165e-05,0.041356445302333705,4.4133472552389166e-05,1.3241678575001764e-05,2.3095288267877076e-12,4.1581658722284525e-06,1.0331997437372178e-05,6.701521575645985e-05,1.2042691842222612e-08,8.93093786066258e-10,0.00399108756274953,7.702535697355665e-08,1.1151302909566962e-07,1.2476634943115674e-06,0.00015980690489045211,1.593883604427244e-08,0.00014384728120558305,7.973161236190799e-06,7.679969262410499e-11,0.952689606738285,8.879053914447523e-07,0.0014920069681511857
10,6.487046478196163e-07,3.96761989085052e-09,5.090859822681696e-08,2.319169681205781e-05,0.05839356566228858,9.995027425996298e-05,1.751832086581188e-05,3.891775853755491e-12,6.192256576392213e-06,7.489286522690575e-06,6.903775022352908e-05,1.4646276295904926e-08,1.5882858061262421e-09,0.0031623784239581637,8.982535760212503e-08,2.792671728575167e-07,1.4873658270078196e-06,0.00043449373131953226,3.145092103011036e-08,0.00020465860364292295,1.0195199741119057e-05,1.1540441078774603e-10,0.9365849038887172,9.374743412969349e-07,0.0009828795867281366
11,7.737851760464862e-07,3.8439274035453536e-09,5.7122479967178e-08,2.4691543912010847e-05,0.06253930089936546,0.00010643466007425355,2.001097225746245e-05,4.684966129582899e-12,6.453715006686728e-06,8.949919071703967e-06,7.224263543911947e-05,1.6420619559400404e-08,2.159744458721525e-09,0.0034430968827087157,8.85503601064537e-08,3.3002172318402457e-07,1.7892776905228793e-06,0.0004931508228834943,3.740333792725953e-08,0.00023537631469323653,1.0486010665583125e-05,1.2433643734407726e-10,0.9320622545853717,1.1351968153017112e-06,0.0009733171276546298
12,4.022977106792018e-05,3.1034605023348404e-07,3.2461332127984543e-06,0.0018902111002965566,0.11025460820974292,0.001455457355158662,0.00010035348688299341,1.5977378473583642e-09,0.00015120060894535095,0.0005587648854701695,0.003264111038456869,2.816291866788275e-07,7.062643648735792e-08,0.00319188692336897,3.2301365615380783e-06,1.107160360771405e-05,3.633586850506552e-05,0.002120106109020979,3.969543263525254e-06,0.0009050806059165002,6.0668976513228666e-05,3.766220042097147e-08,0.8725558342777937,5.746710352882201e-06,0.0033871847942500504
13,7.480709680227156e-07,1.916878310261839e-09,5.891632881928889e-08,1.9635727903631993e-05,0.044661774734814357,2.490344522111111e-05,9.791723106398364e-06,3.534698145361341e-12,3.2029935335416596e-06,6.3461155085111234e-06,0.00023187714945289555,1.7996061872107036e-08,1.537330677564181e-09,0.00809329161158644,1.5818978569641871e-07,1.722558933156474e-07,8.903399213027295e-07,0.0003811694149446304,1.2730100744737108e-08,0.00034807535393422214,9.548389771123669e-06,4.181529822910905e-11,0.9454219721900999,4.465429010150377e-07,0.0007859026086033505
14,5.806143459738854e-07,2.7334999738481672e-09,3.6669637063180945e-08,1.8502789515866607e-05,0.040543722497249086,8.495484936142134e-05,1.9394193849630464e-05,3.1122514971264738e-12,5.1129384809701005e-06,6.975621238089717e-06,4.92648572435622e-05,1.4856713753429667e-08,1.1693260500380587e-09,0.0032333509190350545,7.345247383711402e-08,2.1895571732901004e-07,1.3861588204476926e-06,0.0003242291600577254,2.1390525313802612e-08,0.00014524856810338633,9.00989389676979e-06,1.0240146913481478e-10,0.9544763651871417,1.0418753808003512e-06,0.001080490542872592
15,6.487046478196163e-07,3.96761989085052e-09,5.090859822681696e-08,2.319169681205781e-05,0.05839356566228858,9.995027425996298e-05,1.751832086581188e-05,3.891775853755491e-12,6.192256576392213e-06,7.489286522690575e-06,6.903775022352908e-05,1.4646276295904926e-08,1.5882858061262421e-09,0.0031623784239581637,8.982535760212503e-08,2.792671728575167e-07,1.4873658270078196e-06,0.00043449373131953226,3.145092103011036e-08,0.00020465860364292295,1.0195199741119057e-05,1.1540441078774603e-10,0.9365849038887172,9.374743412969349e-07,0.0009828795867281366
16,5.413212902948165e-07,1.8074301941185425e-09,5.7760290232545215e-08,2.2487593327586837e-05,0.040729161886138614,7.942462048491635e-05,1.7562073017681615e-05,5.0903824634748204e-12,2.8728959521568665e-06,5.208057869041027e-06,8.119329056812026e-05,2.5385491800849597e-08,2.8836929192573318e-09,0.0047608770145404706,9.828947085587631e-08,5.386574756515464e-07,1.4440715806172339e-06,0.0009546096556717466,2.2785275610523773e-08,0.00038020701069897244,1.8428910471252218e-05,7.185079076600933e-11,0.9525476502881524,1.028505550110822e-06,0.00039655515861766765
17,9.393820208189467e-07,2.7914372962970867e-09,5.371737419987796e-08,2.7861906409608004e-05,0.06341935927956953,5.2212660342431195e-05,3.224659763897095e-05,3.3265329822116224e-12,4.125959349594543e-06,5.573221696075047e-06,9.028292935264736e-05,2.4497380122351566e-08,1.6724149550158691e-09,0.007634911258783874,7.092071544397535e-08,2.3664245304475898e-07,1.658287132190063e-06,0.00031745408955471407,1.541389022482509e-08,0.00024251168316730048,9.269750997233982e-06,1.015793814688217e-10,0.9265933823575522,1.0259641043967426e-06,0.001566778911757166
18,7.653509405670142e-07,4.751053937543187e-09,2.8293078526064803e-08,1.5842961335389672e-05,0.05468266814035455,6.61362358353981e-05,1.731612886624548e-05,2.491412119692836e-12,5.545479056787087e-06,7.11736911019594e-06,5.8641143380781386e-05,1.2021553963241253e-08,1.1614336870259551e-09,0.0043607027651246496,6.843325819140144e-08,1.1273620951366446e-07,2.6645448218689977e-06,0.0003537820684390475,3.1639215636650764e-08,0.0001546776347676822,5.205653770373298e-06,1.508056010634113e-10,0.937554187179083,1.1147801533171575e-06,0.0027133733758594315
19,8.090976803523415e-07,3.837739127720588e-09,8.054365773066723e-08,3.122182321117437e-05,0.07253077916876416,0.00017379620856005707,3.7210704229625005e-05,5.41928436101336e-12,7.811506645587397e-06,1.7451600684727507e-05,6.40130193383247e-05,2.260774963415084e-08,2.7510437682341668e-09,0.0028144266413706077,7.147111427680365e-08,3.672985491543491e-07,2.181080372889083e-06,0.0003283898290837146,3.8134770508247254e-08,0.0002735256297627475,1.0549233324239592e-05,1.9344079354616882e-10,0.9223738126410042,1.76485356507438e-06,0.0013316701189181504
20,5.811287228039516e-07,9.216274275032628e-09,5.6430896522769496e-08,3.240166581095679e-05,0.0386352071390121,0.000138294111430863,1.4872536336133904e-05,8.926548537307078e-12,7.2737150705577764e-06,7.3266220901514535e-06,9.96350749770406e-05,2.5991350860770875e-08,1.5730383692389894e-09,0.0028517964652883475,2.489540144652731e-07,3.588858624465628e-07,1.462159477702052e-06,0.000678419847249299,3.573219650396216e-08,0.0002133207666524296,1.8008389905549373e-05,2.6343258041017643e-10,0.9563507660565939,9.051538582872466e-07,0.0009489921115312934
21,8.507041825768273e-07,3.029180179990292e-09,5.077621507717128e-08,3.2986336850321764e-05,0.047110886526872724,5.933312118042866e-05,1.5116448666186473e-05,4.353109287756519e-12,4.545977051004602e-06,5.142120459125845e-06,0.00012746282851266002,1.767177121079368e-08,1.7015767686347935e-09,0.005093153734151468,1.1466722103371204e-07,3.5268087514955156e-07,1.1350925330907838e-06,0.0006047036316245561,2.1644619969571252e-08,0.0002805366926446121,1.1177920140755017e-05,8.112704917390202e-11,0.9459694849622666,6.215037068737747e-07,0.0006823001422174523
22,6.309271189399878e-07,2.724160366266022e-09,5.845663097849245e-08,3.151911625656173e-05,0.041733308984551,7.377058213132312e-05,1.279539059010925e-05,3.686556343310231e-12,4.215979839585773e-06,8.502097165960522e-06,0.00010831492915628932,1.2536905708025392e-08,1.8720826024002924e-09,0.0027107845442420784,8.0364477289095e-08,3.1026681496590335e-07,1.6441545011498769e-06,0.0005322960679117481,2.5209434908825414e-08,0.000304025900916187,1.1357184127245663e-05,9.602480618643261e-11,0.9538454928514203,7.154664678709735e-07,0.0006201342933855779
23,6.487046478196163e-07,3.96761989085052e-09,5.090859822681696e-08,2.319169681205781e-05,0.05839356566228858,9.995027425996298e-05,1.751832086581188e-05,3.891775853755491e-12,6.192256576392213e-06,7.489286522690575e-06,6.903775022352908e-05,1.4646276295904926e-08,1.5882858061262421e-09,0.0031623784239581637,8.982535760212503e-08,2.792671728575167e-07,1.4873658270078196e-06,0.00043449373131953226,3.145092103011036e-08,0.00020465860364292295,1.0195199741119057e-05,1.1540441078774603e-10,0.9365849038887172,9.374743412969349e-07,0.0009828795867281366
24,9.90715245374223e-07,4.949405129873993e-09,6.198971424608885e-08,4.1376451968308494e-05,0.07897790596976907,0.00010172963610314963,2.0438145002274707e-05,4.7282877695189265e-12,6.1081851928223384e-06,8.121181750060837e-06,9.66406303751309e-05,1.7716276234095822e-08,2.275404783045649e-09,0.004352085942871828,8.535465482289378e-08,3.5172171904289493e-07,1.8037640334415943e-06,0.0005325199882068616,3.509953814540323e-08,0.000307432613307897,1.0295242093595403e-05,1.3643142674009248e-10,0.9144093793820618,9.921570827863568e-07,0.0011316207470636452
25,1.4203617143963443e-06,2.415040143611414e-09,8.091299244121266e-08,4.7299267846981217e-05,0.07351051830910077,5.415192521004437e-05,3.110130231802892e-05,7.267307454226686e-12,4.864773484182125e-06,1.3396520249691656e-05,0.00025609423097543724,2.8231826026034866e-08,3.689861029781845e-09,0.008685496619573638,1.1816129635797055e-07,3.6362750724690094e-07,2.1013958024444227e-06,0.0005994720900690754,2.2698468716463576e-08,0.000570243547829562,9.49775727802531e-06,1.0526342468839183e-10,0.9150609588902875,9.609853500631923e-07,0.0011518021733875746
26,3.9805967865887654e-07,2.4255803288741363e-09,2.3736418872074265e-08,1.2264987277695777e-05,0.03795730599467768,0.00010390668157174372,1.0933628117546628e-05,1.98269698105092e-12,6.696597336754329e-06,6.299772028419865e-06,2.6072292345060642e-05,6.453445789873832e-09,9.564216707425928e-10,0.0012834927644815978,4.218748233713025e-08,1.6575320864481492e-07,1.3345880394642706e-06,0.00034957327710293006,2.7104322387233687e-08,0.00010311922689839937,6.9069740323425155e-06,8.07870801769801e-11,0.9593842727455011,8.246265034481745e-07,0.0007463290847573589
27,7.419060152600582e-07,8.048442713350534e-09,4.3365135072859436e-08,2.8645047893636415e-05,0.06149912896498868,0.00012850426937223536,1.782974650458691e-05,5.417468834271799e-12,1.0386638053625046e-05,8.435877303677844e-06,8.63122894087654e-05,1.5336257260114234e-08,1.2739137313044238e-09,0.0028600819782315058,1.435072929432141e-07,2.4213391795906124e-07,1.4804838934731333e-06,0.00043034111398827514,3.92977322588978e-08,0.00016821988050115706,8.535205360627196e-06,1.9911945682054383e-10,0.933175200355346,8.269493624638755e-07,0.001574836126547099
28,6.487046478196163e-07,3.96761989085052e-09,5.090859822681696e-08,2.319169681205781e-05,0.05839356566228858,9.995027425996298e-05,1.751832086581188e-05,3.891775853755491e-12,6.192256576392213e-06,7.489286522690575e-06,6.903775022352908e-05,1.4646276295904926e-08,1.5882858061262421e-09,0.0031623784239581637,8.982535760212503e-08,2.792671728575167e-07,1.4873658270078196e-06,0.00043449373131953226,3.145092103011036e-08,0.00020465860364292295,1.0195199741119057e-05,1.1540441078774603e-10,0.9365849038887172,9.374743412969349e-07,0.0009828795867281366
29,6.487046478196163e-07,3.96761989085052e-09,5.090859822681696e-08,2.319169681205781e-05,0.05839356566228858,9.995027425996298e-05,1.751832086581188e-05,3.891775853755491e-12,6.192256576392213e-06,7.489286522690575e-06,6.903775022352908e-05,1.4646276295904926e-08,1.5882858061262421e-09,0.0031623784239581637,8.982535760212503e-08,2.792671728575167e-07,1.4873658270078196e-06,0.00043449373131953226,3.145092103011036e-08,0.00020465860364292295,1.0195199741119057e-05,1.1540441078774603e-10,0.9365849038887172,9.374743412969349e-07,0.0009828795867281366
30,6.487046478196163e-07,3.96761989085052e-09,5.090859822681696e-08,2.319169681205781e-05,0.05839356566228858,9.995027425996298e-05,1.751832086581188e-05,3.891775853755491e-12,6.192256576392213e-06,7.489286522690575e-06,6.903775022352908e-05,1.4646276295904926e-08,1.5882858061262421e-09,0.0031623784239581637,8.982535760212503e-08,2.792671728575167e-07,1.4873658270078196e-06,0.00043449373131953226,3.145092103011036e-08,0.00020465860364292295,1.0195199741119057e-05,1.1540441078774603e-10,0.9365849038887172,9.374743412969349e-07,0.0009828795867281366
31,1.2438361178490888e-06,6.63207956256982e-09,1.1977878960301565e-07,3.499783774075906e-05,0.071741115845981,0.00010888865107470624,1.908106864592675e-05,9.208546742255136e-12,6.517383899952636e-06,8.763432818748651e-06,0.00010734730123641624,2.5175993746057145e-08,4.197399929645758e-09,0.0049105079543244,1.4128820081228662e-07,6.085443144173178e-07,2.440636381727257e-06,0.0008124490421289541,7.0021970842789e-08,0.0003226555012767733,1.8136613733850844e-05,1.7361772411476838e-10,0.9210163652423606,1.45506630519567e-06,0.0008870587643980826
32,7.682261959736698e-07,4.845120323897257e-09,5.896822190910631e-08,2.4503157035856052e-05,0.06440284294398604,0.00011139112224966339,1.7818934257269798e-05,4.496781849477375e-12,6.83532893739323e-06,8.025540541865243e-06,6.960750491744905e-05,1.5247844425217784e-08,1.92830600458518e-09,0.0031876519720479054,9.363797139033116e-08,3.252212687947087e-07,1.765984869484163e-06,0.0004929046503669577,4.289195506631341e-08,0.00020779620395671168,1.0859222128280288e-05,1.371322736146948e-10,0.9304486245890287,1.0811016134859343e-06,0.001006980635549941
33,1.4405684851827488e-06,7.329650359078152e-09,7.488327709137006e-08,4.3097946883887925e-05,0.07773768108700227,0.00021147790313309233,3.47921278794597e-05,8.330387812209754e-12,6.582378964383229e-06,1.0303895082743915e-05,5.319981184593073e-05,2.615361628041186e-08,5.098599442121537e-09,0.0041225904306923565,7.538860996216708e-08,8.48449946106488e-07,4.770457170938934e-06,0.0011422259910277644,1.1128609447742385e-07,0.0002764604958603231,1.433005238407635e-05,3.4241120513895683e-10,0.9152690669637292,3.051446970273867e-06,0.001067779502352698
34,3.44358361309771e-06,5.402244982063675e-09,1.0660526293312336e-07,3.375910029126066e-05,0.12335601007949097,5.403076726718638e-05,1.3494071734546512e-05,5.8415496647306316e-12,8.383314225670546e-06,9.678876238483457e-06,0.00018265151313092204,1.243753133234495e-08,3.944928463162264e-09,0.008091927680780632,1.1091850082092443e-07,3.740314266582381e-07,2.175741068629035e-06,0.0006420289593375772,9.933199247364263e-08,0.00027687107099174865,8.029475319385248e-06,8.867873762332298e-11,0.866192415747737,9.583059872871586e-07,0.001123428946377729
35,3.3806695660671697e-06,3.0665209317594415e-08,5.914964532983432e-08,8.325244672901668e-05,0.12017727782656985,0.0002778693238643951,2.6202517861555183e-05,2.5100748760250888e-11,5.180071695939678e-05,1.462204046794585e-05,0.00018603906035330722,1.954195937546943e-08,3.1612120565786397e-09,0.0026126567190197718,2.709861453330702e-07,6.056393667140288e-07,3.2095675315965024e-06,0.0011852437853336105,1.9134137479351955e-07,0.00018480785799147894,7.47717950568952e-06,7.365745210850878e-10,0.8727302882049499,9.290897982092856e-07,0.0024537617469101445
36,9.936431518852312e-07,5.394731980449882e-09,4.068522896809448e-08,2.8482782942021267e-05,0.0495509653477234,0.00011119619314377292,4.5206817017462684e-05,9.072855920628718e-12,6.004269072199876e-06,6.5255206393490306e-06,9.994447170487312e-05,4.752565015275045e-08,2.9197711237773254e-09,0.007436439256050685,1.4441607834457648e-07,4.5637139211165543e-07,3.4566508252976293e-06,0.0010945493114790194,3.798897333222818e-08,0.00027900416019205186,1.0399613585078029e-05,3.074056774806093e-10,0.9395699189698901,1.7558497899002877e-06,0.0017544215244883557
37,9.964549552022864e-07,1.7055119045898515e-09,6.154459141718633e-08,2.0449767742092272e-05,0.046397311964399474,5.056355320721082e-05,2.4782486956966867e-05,2.69627540762239e-12,2.3164042896409432e-06,5.274437490580845e-06,4.892207900520061e-05,1.988724200306921e-08,2.369632548628293e-09,0.007147205370041268,4.756623154088898e-08,3.619059410320803e-07,2.0257041927626624e-06,0.0004334221846562894,2.4022095310761442e-08,0.00020912137000214992,1.2856994779237952e-05,7.291743509530026e-11,0.9448703663889952,1.7344156861371889e-06,0.0007721313467410267
38,4.160318807996023e-07,2.78311502469191e-09,4.148834117175372e-08,1.4703281403556908e-05,0.033132131076647905,0.00012177172169790814,1.7023284818952514e-05,3.5841323750951078e-12,4.872043309176913e-06,4.974737303384675e-06,4.3033915960956205e-05,1.643385680658699e-08,1.418668328293077e-09,0.002074323089338629,8.934409576292131e-08,3.8533759568430605e-07,1.2685063279865227e-06,0.0005074525725149198,2.8910709754537287e-08,0.00013948601070121113,1.4452080034529724e-05,1.0892367017416436e-10,0.9634161719881031,9.78004465539589e-07,0.0005063758266010037
39,2.9134898789196307e-07,6.7430497699824276e-09,6.726870625891772e-08,2.274297644661693e-05,0.03812804130432253,0.00026826141232238755,1.3074510231101839e-05,5.246646148532509e-12,5.6470803994471684e-06,4.0080358692187064e-06,2.7955508265311795e-05,2.0197284302723537e-08,1.6005820678252878e-09,0.001226965846737042,9.552654970058488e-08,6.316693589931706e-07,1.7513656927165705e-06,0.0006553208709440357,4.5438086898022055e-08,0.00017359671746545072,3.3438298673070014e-05,2.1527847499639803e-10,0.9589536213186484,1.1264878872604808e-06,0.00048328825296441814
40,9.60664376993113e-07,5.346426797467334e-09,1.0995339151555349e-07,1.2734261309390232e-05,0.13173236090504106,4.32590785952396e-05,1.8670243301652845e-05,2.6627533598907703e-12,4.187418512558871e-06,4.534419800576233e-06,9.788261440170029e-05,2.3418047607090913e-08,1.8516860553171429e-09,0.012053205152520967,1.1085337268615101e-07,1.8266837442762748e-07,1.3875661642689697e-06,0.00027265292712516377,3.338710437132401e-08,0.0002445007433546081,1.0423008021509662e-05,7.473627202106645e-11,0.8535501119357498,1.0648520675509753e-06,0.001951596653854406
41,1.633495088396781e-06,1.4077101665513388e-08,7.418732028727886e-08,6.922498727433891e-05,0.17078306698054885,0.00012406595903799903,1.3399914974711814e-05,1.0607979573817717e-11,1.9538700487216648e-05,8.229880161577345e-06,0.0002300609936832644,1.0924318655162145e-08,2.593666428714305e-09,0.004292497264525846,2.19496226866504e-07,5.648335448689244e-07,1.0953186787843854e-06,0.000941166485610147,8.47337001166917e-08,0.0003320227441419142,8.293752125888853e-06,1.3548419961714274e-10,0.8222691208080953,4.912812540719344e-07,0.0009051204423407176
42,1.3561012105086905e-06,4.431962076693676e-08,1.7843465565676977e-07,0.00011622293753203731,0.08599013707457889,0.0005658341347932304,2.2228376345066565e-05,2.1405852976639008e-11,1.9192381757997358e-05,1.0563308305508083e-05,0.00010973463742427893,2.8140807726721246e-08,3.7507840010294434e-09,0.0016808727282433976,2.399283494185109e-07,1.6804670308179485e-06,3.980765409199045e-06,0.0012265668970602626,2.5400747331679284e-07,0.0002790452763453196,3.0538610566095714e-05,1.1220443136981597e-09,0.9089057591042662,1.5378546145826975e-06,0.001033999619375485
43,4.1048247229448464e-07,3.1556087429486588e-09,5.421624025623633e-08,2.418823759875119e-05,0.04572794944821947,0.00026296637254940615,1.562561802185006e-05,5.709803955957697e-12,7.2677234301762095e-06,1.5193169852995265e-05,3.236776188761231e-05,1.35781591834028e-08,2.4118033043129798e-09,0.0010224078656731845,6.922341320345006e-08,4.3624399283457973e-07,2.0602233957747514e-06,0.0005179733875511512,4.57819912383789e-08,0.00023103079322553082,1.8485020529289714e-05,1.6457619626220058e-10,0.9516470556553212,1.4598794217558873e-06,0.0004729335793546383
44,6.487046478196163e-07,3.96761989085052e-09,5.090859822681696e-08,2.319169681205781e-05,0.05839356566228858,9.995027425996298e-05,1.751832086581188e-05,3.891775853755491e-12,6.192256576392213e-06,7.489286522690575e-06,6.903775022352908e-05,1.4646276295904926e-08,1.5882858061262421e-09,0.0031623784239581637,8.982535760212503e-08,2.792671728575167e-07,1.4873658270078196e-06,0.00043449373131953226,3.145092103011036e-08,0.00020465860364292295,1.0195199741119057e-05,1.1540441078774603e-10,0.9365849038887172,9.374743412969349e-07,0.0009828795867281366
45,7.873205809791882e-07,4.856347696770432e-09,6.207439000983824e-08,2.9366068917999698e-05,0.06229034549932641,0.0001401441278971032,2.4630690360015698e-05,6.992359105525361e-12,7.791513300627726e-06,9.94316117789701e-06,7.949867023687172e-05,2.008509520424287e-08,2.4582405401012836e-09,0.003384160124509432,1.220586606400359e-07,4.5253246235661064e-07,1.804416611307374e-06,0.0006272072233984849,4.532634005195441e-08,0.0002472479705191764,1.2124168512043608e-05,1.6726090565367614e-10,0.9322182403390971,1.2767073327423303e-06,0.0009247224324320613
46,7.372664573533388e-07,3.887166926546792e-09,5.569361363761722e-08,2.7057847783919217e-05,0.05753732289905846,0.00011274904740435621,1.9148445596826415e-05,4.131782912409435e-12,5.929208850097173e-06,8.560328212031844e-06,6.684955881681766e-05,1.5620089335575808e-08,1.9186379127708266e-09,0.0030244812652254725,7.802602871215158e-08,3.205784977746314e-07,1.862445261442591e-06,0.0004556351809554978,3.540292770013905e-08,0.00022445984608237174,1.096245152734358e-05,1.3321631709633389e-10,0.9375336433413846,1.0956037244010819e-06,0.0009689939993488468
47,2.4792873231100287e-06,5.307548008044289e-09,1.0924440339270168e-07,5.87590335234516e-05,0.06309201226422874,0.00017985457531011754,3.7487228716044566e-05,7.922362557134215e-12,5.901700827210454e-06,1.186359612670194e-05,6.43768634341021e-05,2.922772178847641e-08,6.325160332415856e-09,0.004014244833603614,5.771422256888271e-08,1.055128773082624e-06,5.118873139239702e-06,0.0007886671961025167,1.0775898535699696e-07,0.0002671611163466173,1.621052758313933e-05,3.1525044323315264e-10,0.9305204664423627,2.9545319975415617e-06,0.0009310708993876685
48,1.4825715605186024e-06,8.727718983713724e-09,8.486036754589517e-08,3.41401614047592e-05,0.07975635652650599,0.0002930641646455637,3.275469994094934e-05,9.584609368597845e-12,9.955006123790349e-06,2.2089896718194834e-05,4.517527875648191e-05,2.1615904420113763e-08,5.231290372893038e-09,0.00264033711481902,7.831557009618277e-08,6.313625028998747e-07,6.519775063683731e-06,0.0008175810161043793,1.7065438418718147e-07,0.000226360967585707,1.2717955397030139e-05,4.790075794244572e-10,0.9146239884904018,3.983373377029366e-06,0.0014724917452643479
49,5.75003298341405e-07,6.401857188311888e-09,7.652970275266452e-08,3.144525905290542e-05,0.06389179637291044,0.0001936704617545451,2.1468680000836982e-05,5.352652581190453e-12,7.427202888195961e-06,9.116019105694923e-06,6.0797193147309684e-05,2.1357919175972116e-08,2.04892454952318e-09,0.002207203563426532,9.520766767567038e-08,4.0502347543847795e-07,1.9453781766804936e-06,0.00045685422277785766,4.318177341228549e-08,0.0002564078004054929,1.5524088469563895e-05,2.2397315968559107e-10,0.9318264031558521,1.2126917539553247e-06,0.0010175029263336346
50,1.6110653711092533e-06,1.8016505140830939e-09,7.004072745461243e-08,2.596739789712918e-05,0.07691756981146979,7.796420014574308e-05,5.248430555221272e-05,5.954966275874801e-12,5.38572903927162e-06,2.3896927557366326e-05,0.00010109216516811302,2.5488654445540442e-08,4.111526339640465e-09,0.008580535771684125,7.42164535791942e-08,3.2263971823570536e-07,2.760462432604386e-06,0.0004019491471924464,3.5434326614179503e-08,0.00033665471798313777,6.635528515688431e-06,1.123393079395147e-10,0.9117745902938602,2.479218940478394e-06,0.0016878894058393078
51,1.174183796561193e-06,4.9151217244768356e-08,6.85577990284533e-08,0.00014197998712587212,0.06025376884302238,0.00019030054672396505,1.3477605822940818e-05,1.7561751101484613e-11,1.5630881284715893e-05,6.307304643403635e-06,0.0002474696113706379,2.4003819877177033e-08,1.516236550033218e-09,0.002974559971789987,4.632755058532243e-07,4.800597695700683e-07,1.6641242243318966e-06,0.0009783818678008652,6.42494865569143e-08,0.0002604750634863655,1.6790970965016807e-05,7.249108429674463e-10,0.9331524606917407,5.253254208487587e-07,0.0017438814644742844
52,1.6689560416507821e-06,3.0520774107895955e-09,4.776170153013249e-08,6.351372473682248e-05,0.07836926817022201,0.000286670632197746,2.2655552933905618e-05,3.097126679006483e-11,1.811501820183066e-05,5.955841715200682e-05,0.00020992698011702745,2.4420280343594895e-08,6.7984105157992705e-09,0.0031225154206435983,2.6359092415342314e-07,6.843304711402312e-07,1.9967408486749195e-06,0.002141434672458864,8.51952503650235e-08,0.0007737254049984573,9.435219327695339e-06,1.8845619448655092e-10,0.9143610620454158,1.3696501804156292e-06,0.000555968025980924
53,1.8115097635958634e-07,6.516904756903102e-10,2.2834517093300822e-08,1.0791452697760987e-05,0.026602811498230104,4.3314502027683096e-05,1.560004440079396e-05,1.117064096913131e-12,2.1897459613410868e-06,3.3626981217066036e-06,4.0592914128749544e-05,1.0572813013220247e-08,6.898562495668884e-10,0.0024619563554330744,3.87470762905723e-08,1.461560258768329e-07,5.618251301125559e-07,0.00022925867940881827,4.581214767682359e-09,0.0001841228597289294,8.165981609624837e-06,2.70008790435582e-11,0.9699405382387055,4.6881306690433635e-07,0.0004558589790605867
54,1.0001025182452325e-06,1.8212895199088373e-08,5.4319595625243484e-08,2.927011122630062e-05,0.0735514209625261,0.00010591238788294915,2.2953246805929482e-05,5.954287919078512e-12,1.2126271926150336e-05,6.372984755672774e-06,9.253080917767678e-05,2.0464746270821556e-08,9.345876699489569e-10,0.004876288062909785,2.2384229720539005e-07,2.1623096480481841e-07,1.4901318995597047e-06,0.00029981712378439524,4.517053432498866e-08,0.00011321958069605072,8.726598089581803e-06,3.187813929760527e-10,0.9175415758896658,9.742490927427758e-07,0.003335741986686251
55,5.24072167217328e-07,2.9747259457749e-09,2.8830720812323776e-08,1.8639539312235355e-05,0.05369219980748179,0.00012475154006260768,3.4852084809021166e-05,4.9894068864680325e-12,5.920423496891138e-06,4.513974162436516e-06,4.842399698401099e-05,3.582816053062047e-08,2.2363819936602747e-09,0.005052385846122514,8.574241741439454e-08,4.2057987757229045e-07,1.2795194894348702e-06,0.000839721689196456,2.1708851447302606e-08,0.00024722797764964856,8.396456671477723e-06,1.2126123120370043e-10,0.9388959155391324,1.3373583208047445e-06,0.0010233121475547245
56,7.331876007208698e-07,3.863436164353682e-09,5.502723478509969e-08,2.537659216117043e-05,0.060853412033059266,0.00010766242061672011,1.9393509683475782e-05,4.554622559874804e-12,6.3305523278228395e-06,8.404090352507502e-06,7.105534931967002e-05,1.6253964019513448e-08,2.023806502561037e-09,0.0033181927286964857,8.798424398068962e-08,3.236899590968772e-07,1.705668840203289e-06,0.0004898155917243341,3.501805370902229e-08,0.00023405351278025575,1.0698836377750823e-05,1.2309998998852812e-10,0.933892392722664,1.069393896825586e-06,0.0009591798215457079
57,6.314436655521598e-07,4.081526227568831e-09,1.1627077071062234e-07,2.238004813526788e-05,0.10095075635664123,0.0001388429963958286,2.3417663418374136e-05,4.694369259060191e-12,6.375575362523431e-06,1.0526482723081142e-05,6.582394425548536e-05,2.441715556022851e-08,3.302826538023076e-09,0.003503116371537084,7.55312268090388e-08,4.297610877119285e-07,2.029650131551785e-06,0.0004070378412411783,4.416179248329913e-08,0.0003881496104388911,1.461398238755694e-05,1.2793151118576764e-10,0.8934829854094861,1.4390691789546696e-06,0.0009811758959895234
58,6.773060382467424e-07,3.5602625722985558e-09,5.2956323872476336e-08,2.0612046963053626e-05,0.05603351506775017,0.00011803544623066036,2.0457367208544426e-05,4.261216034358153e-12,5.888919065245066e-06,9.051340787270318e-06,5.062640778005263e-05,1.7164494052378995e-08,2.0247312792730747e-09,0.0030977927028974167,7.715801145141574e-08,3.17195679989683e-07,1.8952010675107156e-06,0.00046101208166000613,3.742915723124218e-08,0.00019997481964293204,1.1169591814709793e-05,1.3318213921028154e-10,0.9390045514976973,1.4141856822263065e-06,0.0009628183916108856
59,6.658691539479493e-07,3.596262204726022e-09,6.256638748568943e-08,2.214789099022655e-05,0.060633690913900286,0.00011344967853732258,2.026836734783422e-05,4.185568807984143e-12,5.6042884517542e-06,8.727107900351966e-06,5.588008006474047e-05,1.7178941498563757e-08,2.1382971184387383e-09,0.0031872935868857547,7.624721099692569e-08,3.3511005253237224e-07,1.8688957311609639e-06,0.00045483488696772815,3.683043175087738e-08,0.00022864676065370427,1.2086225464347027e-05,1.2626101207037118e-10,0.9343324901923945,1.3284948084633428e-06,0.000920482962717459
60,6.487046478196163e-07,3.96761989085052e-09,5.090859822681696e-08,2.319169681205781e-05,0.05839356566228858,9.995027425996298e-05,1.751832086581188e-05,3.891775853755491e-12,6.192256576392213e-06,7.489286522690575e-06,6.903775022352908e-05,1.4646276295904926e-08,1.5882858061262421e-09,0.0031623784239581637,8.982535760212503e-08,2.792671728575167e-07,1.4873658270078196e-06,0.00043449373131953226,3.145092103011036e-08,0.00020465860364292295,1.0195199741119057e-05,1.1540441078774603e-10,0.9365849038887172,9.374743412969349e-07,0.0009828795867281366
61,6.571548670982463e-07,3.661319821537273e-09,6.132526878596373e-08,2.005180425358441e-05,0.060467252954230305,0.00010599695082428574,1.941994650957729e-05,3.790363327845333e-12,5.801145338973132e-06,8.169970591938996e-06,5.5799129738402746e-05,1.5978686563236143e-08,1.862033230881264e-09,0.0031547592196217557,7.783521373313212e-08,3.021191129295395e-07,1.6985256959921801e-06,0.00039687459639925227,3.5335659292053056e-08,0.00019997667382942388,1.144249383769048e-05,1.1840518816171184e-10,0.9345853784134743,1.2200748993482026e-06,0.0009650027063981606
62,6.487046478196163e-07,3.96761989085052e-09,5.090859822681696e-08,2.319169681205781e-05,0.05839356566228858,9.995027425996298e-05,1.751832086581188e-05,3.891775853755491e-12,6.192256576392213e-06,7.489286522690575e-06,6.903775022352908e-05,1.4646276295904926e-08,1.5882858061262421e-09,0.0031623784239581637,8.982535760212503e-08,2.792671728575167e-07,1.4873658270078196e-06,0.00043449373131953226,3.145092103011036e-08,0.00020465860364292295,1.0195199741119057e-05,1.1540441078774603e-10,0.9365849038887172,9.374743412969349e-07,0.0009828795867281366
63,6.655280401397798e-07,5.6805516502308544e-09,5.155371079029224e-08,2.4287020640001504e-05,0.05840744313173304,0.00010997167603515771,1.5981558180880875e-05,4.34684374656159e-12,7.365344142161184e-06,7.025837172912042e-06,7.034210731437212e-05,1.4469022713934214e-08,1.4876628873325845e-09,0.002842109531060158,1.0671047639363138e-07,2.770423092751898e-07,1.5203631766019894e-06,0.00044525531697798735,3.689661761094787e-08,0.00018257596675200284,1.0659900300927934e-05,1.4553061248218036e-10,0.9367844882560831,8.910019117779878e-07,0.001088923470249903
64,4.727199409903238e-07,3.2069182540682333e-09,5.636260498009217e-08,1.8158474441634327e-05,0.04732414499198104,9.356494977122533e-05,1.3830257619996604e-05,2.9302314737779713e-12,4.728583599861316e-06,5.763382987473693e-06,5.0511410060142226e-05,1.4110803266410447e-08,1.3964781045507434e-09,0.0024840533729244777,7.236586795084331e-08,2.703441672346715e-07,1.385647316586825e-06,0.0003446732290235018,2.5587703161407526e-08,0.0001846035710655458,1.3718297699974643e-05,9.469278709269492e-11,0.9487194144431343,8.722902765368031e-07,0.0007396609059906937
65,8.967002940869401e-07,4.0519986840040476e-09,5.873232493441985e-08,2.694807253751132e-05,0.06805299071259645,0.00010270380303156606,2.0002915124961516e-05,4.804254422114487e-12,7.428081730886083e-06,1.0184040620274964e-05,9.270708168778328e-05,1.5152115502951802e-08,1.999623183360102e-09,0.0036334954700635433,1.0019616840403344e-07,3.1591967090440064e-07,1.6198433155239632e-06,0.00045866746133657116,3.941599568029733e-08,0.0002278977891987449,9.037357909161611e-06,1.2079693059806472e-10,0.9263165511213547,1.0012187576850976e-06,0.0010373327369422583
66,2.2163163771567374e-07,2.660805917223498e-08,5.919844817904631e-09,1.7432253862355117e-05,0.0061337950532532205,7.812289946241477e-05,4.0977128264272e-06,6.106395818857532e-12,5.869710888233597e-06,1.3164314577148538e-06,7.477088357227279e-05,1.8193910545182604e-08,1.1164927182807624e-10,0.002059355764356376,9.478707066485191e-07,9.124228685583732e-08,5.828999324618918e-07,0.000785680390499366,1.3861861931785531e-08,2.8014602202775283e-05,1.1520144264588494e-05,4.6198924706435745e-10,0.9892364293769379,2.777553282240555e-07,0.0015614082131028635
67,4.265358957755325e-07,3.449241677682656e-09,4.160568129808051e-08,1.9912293997392436e-05,0.04134075987593174,9.80793995158357e-05,1.4663116385814379e-05,2.905131694753472e-12,4.730102517096264e-06,5.281779657897998e-06,4.888136319881123e-05,1.3621541754524871e-08,1.1432724173209214e-09,0.0023796666657381832,7.352544314795042e-08,2.4046170704396924e-07,1.3975230588409787e-06,0.0003895097249028626,2.2632158668146135e-08,0.0001747561014762308,1.1823439545724396e-05,1.1038529332070553e-10,0.9546357662599921,8.243904555321096e-07,0.0008731248753936413
68,5.93639622236941e-07,3.912588062078077e-09,5.003901149585857e-08,2.257494959189216e-05,0.05613137824499962,0.00010441328041987037,1.728282599272279e-05,3.9061700323087055e-12,6.0122904473660425e-06,7.304404528395951e-06,6.594090866290923e-05,1.5182656854339222e-08,1.5555329953790765e-09,0.003021012920355989,9.096457955429885e-08,2.7822508609605463e-07,1.4508969134958828e-06,0.00043986006726914515,2.995340303606492e-08,0.00020641559411553942,1.0766304627280378e-05,1.1622607180800015e-10,0.9390137847955584,9.342348463866408e-07,0.000949804689058591
69,9.716828366174607e-07,5.2458490691310565e-09,6.821354336688668e-08,2.5886396632160667e-05,0.07459117256953356,0.00011990942626181638,2.6096159987405697e-05,5.030771455352943e-12,6.851711892619462e-06,8.743571186543494e-06,6.26679621547499e-05,1.982190864527639e-08,2.2857855981195063e-09,0.004331173963853042,9.111713734990706e-08,4.0050650170216717e-07,2.0374819016131734e-06,0.0004692705186810807,4.9967028797802336e-08,0.00019630780083754054,1.1015713710529116e-05,1.6337260677001193e-10,0.9189300869978111,1.589529348799139e-06,0.0012155811872129685
70,7.969940911700673e-07,4.325405313386202e-09,4.250755751797985e-08,1.5081812854403302e-05,0.055838659419761585,8.147449651552253e-05,1.560696190593548e-05,3.789745334278808e-12,5.697999751759177e-06,7.560596429435374e-06,5.577496769498149e-05,1.500003660812382e-08,1.706371027571264e-09,0.004109759074703761,9.406928214474786e-08,2.163864003830972e-07,1.9840703577152254e-06,0.0004710086798185917,4.209518629014728e-08,0.00015341494012041619,8.904554627270746e-06,1.249935540254565e-10,0.9379567260528286,1.324649069290399e-06,0.001275808510447076
