,0,1,2,3,4,5,6,7,8,9,10,11,12,13,14,15,16,17,18,19,20,21,22,23,24
0,1.8928691949019317e-06,0.01551065212611499,0.001074077924412682,0.014686861205558016,0.6668083275614668,0.1689739414456205,9.663687223703016e-05,1.327742929024733e-07,0.07950656217144907,3.1265733582972924e-05,0.002133339937730647,1.0125349987347966e-06,4.755117896047682e-05,0.048700855935835875,0.0017579809436396405,9.084231766424348e-05,0.0001065030366910814,2.6519656948781455e-07,4.3226184852463915e-07,6.512070574430546e-07,2.2022502091143357e-05,2.302764554246667e-06,0.00036081595282647766,4.482117382251576e-05,4.0252371779545375e-05
1,2.2315719923105176e-06,0.015147411353524452,0.0009419266267155837,0.013625585604348983,0.6803707602314768,0.13811807424522282,8.848609880380664e-05,1.5417808404658317e-07,0.11475456880840872,3.681835862051473e-05,0.0018001193433340168,7.626387780902456e-07,4.5513185579213586e-05,0.03305550255656913,0.0014326520069528849,0.00011834362273907255,9.62594607760887e-05,2.1270027310429808e-07,4.6531001389794314e-07,5.306958432833009e-07,1.4909595557998424e-05,1.8613365708314522e-06,0.00027122996030245767,4.481276458464947e-05,3.0807744927279406e-05
2,1.6896020904105357e-06,0.011107995136296173,0.0008460304802629192,0.010322083319005734,0.7169805604885372,0.10835715135048091,9.580827639864696e-05,1.2904229601617805e-07,0.10076616459092662,3.423346822457958e-05,0.0015088640033065319,5.903546131181155e-07,2.8857229814341783e-05,0.04736612456294441,0.001915247713319905,6.437485055002882e-05,6.229309273991298e-05,2.207889512420517e-07,4.066422072759238e-07,9.199100909365002e-07,1.7219216858544098e-05,2.920256825417392e-06,0.00041378113127541643,4.728184286659825e-05,5.9052649117174694e-05
3,1.8703354065464976e-06,0.015876203996514345,0.0010443760678008182,0.014512869910936194,0.6846153903336774,0.15328181404565966,9.19234326056185e-05,1.2240469346513108e-07,0.07725783114565095,2.8732392279559593e-05,0.002170491557109636,1.0184604302284311e-06,4.660413351930151e-05,0.048763917257168506,0.0016695443262839877,8.399767325931419e-05,0.00010421553283986535,2.65183910179443e-07,3.954410353858896e-07,5.723043076016178e-07,2.097244883276505e-05,2.1736906562873945e-06,0.0003418586654562046,4.2786323041232185e-05,4.005293692509084e-05
4,1.8147336783135796e-06,0.017819908968885387,0.0010276665921688792,0.014658089551720162,0.6966948698766554,0.1443303599345456,8.717680351776847e-05,1.1725589721555045e-07,0.06827614953819874,2.460904787203898e-05,0.0024212708767460977,1.306046168420806e-06,5.9758837074057895e-05,0.0525878336642757,0.0013920044855929782,7.961788245700961e-05,0.00011553666065697859,2.9272137071555266e-07,3.966608240843862e-07,5.116192443588167e-07,2.0554397992810566e-05,2.066556729573121e-06,0.000324635427117194,3.6183087434739986e-05,3.726877317572642e-05
5,2.5964502987643955e-06,0.013818199851435562,0.0011924888872048675,0.019818815686967885,0.6685294402792856,0.14447404001408365,0.00010424771641120302,1.5489378881650335e-07,0.08916708402196816,3.865780711811469e-05,0.002303245865465099,1.213747656121316e-06,5.3029329539118687e-05,0.058226383722056,0.0014963928872117017,0.00010088360491917563,0.00013167299027214987,4.81819131663405e-07,3.507087816511383e-07,8.387577653996458e-07,2.369567820300451e-05,2.422948341984998e-06,0.0004002747776993054,6.26819015591559e-05,5.07056528356709e-05
6,1.8703354065464976e-06,0.015876203996514345,0.0010443760678008182,0.014512869910936194,0.6846153903336774,0.15328181404565966,9.19234326056185e-05,1.2240469346513108e-07,0.07725783114565095,2.8732392279559593e-05,0.002170491557109636,1.0184604302284311e-06,4.660413351930151e-05,0.048763917257168506,0.0016695443262839877,8.399767325931419e-05,0.00010421553283986535,2.65183910179443e-07,3.954410353858896e-07,5.723043076016178e-07,2.097244883276505e-05,2.1736906562873945e-06,0.0003418586654562046,4.2786323041232185e-05,4.005293692509084e-05
7,2.3670711765151856e-06,0.02213761101263752,0.00217691544058459,0.014012904160626035,0.729903183852768,0.13623005331567808,8.107231410607053e-05,1.4339437801274487e-07,0.05414794543709338,2.3793053887441876e-05,0.0027364435114756113,1.163720379800223e-06,8.919571731046386e-05,0.036710210041075275,0.0013154147085685571,6.093831062661689e-05,0.00011035305594495362,2.431353914918788e-07,5.785384672415342e-07,4.502482410439326e-07,1.8491342863143224e-05,2.095399904628629e-06,0.00017693060026447636,3.8460266274057316e-05,2.3042350276808932e-05
8,2.082405483996023e-06,0.01151250678370439,0.0010497549104166689,0.015207943274371109,0.6945174082978394,0.0879797252227204,8.537849010048875e-05,8.606238090273105e-08,0.12479792145118263,4.541308826043565e-05,0.00215830936577593,4.167404415716802e-07,1.9480984530974676e-05,0.05919098585611789,0.0027331226102382867,5.2793638066216366e-05,6.191085923436519e-05,2.425544301992249e-07,2.1025504488647895e-07,5.926383672479572e-07,1.7658761205033033e-05,2.7821354638173677e-06,0.00035790839450755053,0.00013155571048542166,7.380950963017413e-05
9,2.1861817013590665e-06,0.010188573521552294,0.0018246104858949802,0.022056001659449372,0.6603737623629702,0.14603628759130255,6.450117524530434e-05,1.4499671231041052e-07,0.0952638881138353,4.932941312928408e-05,0.0026411587089156347,6.291493700624699e-07,4.025142564293565e-05,0.058577636939593905,0.002121085076901825,8.437467786829565e-05,0.00010117406858886417,2.711369541683381e-07,3.3344944424209065e-07,9.427686426545936e-07,2.2889072176867927e-05,2.7777206182020747e-06,0.00039173799042717145,0.0001212745954271904,3.417771763506658e-05
10,1.8703354065464976e-06,0.015876203996514345,0.0010443760678008182,0.014512869910936194,0.6846153903336774,0.15328181404565966,9.19234326056185e-05,1.2240469346513108e-07,0.07725783114565095,2.8732392279559593e-05,0.002170491557109636,1.0184604302284311e-06,4.660413351930151e-05,0.048763917257168506,0.0016695443262839877,8.399767325931419e-05,0.00010421553283986535,2.65183910179443e-07,3.954410353858896e-07,5.723043076016178e-07,2.097244883276505e-05,2.1736906562873945e-06,0.0003418586654562046,4.2786323041232185e-05,4.005293692509084e-05
11,1.870567468580284e-06,0.01699769641858175,0.0010769341693707601,0.014887093101637076,0.6794184781116724,0.15930984288944253,9.443534134807178e-05,1.3407402473530816e-07,0.07547434795993647,2.7476333587524804e-05,0.002197709498903161,1.15746689263153e-06,5.531042874487157e-05,0.048250376360950226,0.0015689333337168478,8.861624470335276e-05,0.00011542228003648171,2.738603753383168e-07,4.256073051754228e-07,5.68295484605505e-07,2.0604622599291215e-05,2.1732929086195408e-06,0.0003334112855607622,3.905183020545159e-05,3.765662454328343e-05
12,2.9528347567887687e-06,0.016776346225880753,0.0019640672983840834,0.02406947186983658,0.5442942927047799,0.23564079968790752,0.00012025935059090669,2.6991858723590416e-07,0.13061502682613038,6.182346387100267e-05,0.00305093217618419,8.35272505100907e-07,6.580982801203495e-05,0.03960501979004259,0.0028791677978642887,0.00016104918415820135,0.00020098642374964966,2.1412634595554465e-07,7.26164700488881e-07,6.568743438336684e-07,2.5278148224152022e-05,3.851353652713101e-06,0.00033303323950208493,9.83192548585925e-05,2.881018513085192e-05
13,1.1609604093581993e-06,0.015790635999029475,0.0008880070531030175,0.014444864412675215,0.7747868918089319,0.09203149012446472,4.2521683713132885e-05,4.549329468365919e-08,0.03338762774464514,1.049092527398487e-05,0.006883960286881044,1.2780729858323024e-06,6.3743280370662e-05,0.05949809377552779,0.0016038416758204644,4.58034230854052e-05,9.042150536907681e-05,1.7408230687618537e-07,2.7832634644704425e-07,2.1108692859256256e-07,1.993760237645268e-05,1.2453787932694617e-06,0.0003495942509075787,3.74197062612136e-05,2.026134049861641e-05
14,5.745715960153845e-07,0.03644257332559332,0.00038967231628423766,0.0023589089809424825,0.6615242063130848,0.251174391665713,4.2060738482088896e-05,1.8457589931657237e-08,0.011732059801484146,7.085876640233795e-06,0.0023802205169403214,2.4418136059747606e-06,7.060424071554466e-05,0.03299577460565067,0.0006449814578254414,5.583255034204215e-05,3.58033848982977e-05,8.773119297355625e-08,7.423935949371639e-07,1.7215529868078853e-07,1.6058337012412275e-05,6.526058838592126e-07,0.00010906790252035938,4.7433408375967734e-06,1.1264916270907948e-05
15,1.8703354065464976e-06,0.015876203996514345,0.0010443760678008182,0.014512869910936194,0.6846153903336774,0.15328181404565966,9.19234326056185e-05,1.2240469346513108e-07,0.07725783114565095,2.8732392279559593e-05,0.002170491557109636,1.0184604302284311e-06,4.660413351930151e-05,0.048763917257168506,0.0016695443262839877,8.399767325931419e-05,0.00010421553283986535,2.65183910179443e-07,3.954410353858896e-07,5.723043076016178e-07,2.097244883276505e-05,2.1736906562873945e-06,0.0003418586654562046,4.2786323041232185e-05,4.005293692509084e-05
16,2.4858086814286525e-06,0.015504714910295916,0.0010299271878611417,0.02032267792112199,0.6456766772042752,0.1711139203504935,0.00011987229469786734,1.205093018308748e-07,0.056479985180138574,5.504081577256142e-05,0.0025732375304304118,2.2517307842604e-06,4.7357508049336224e-05,0.08471886195009566,0.001464162994391827,0.00011623045405466635,0.00015108526308186705,7.84618673931072e-07,3.6518626398895125e-07,9.30835848946425e-07,5.8254269829507616e-05,3.0654934125218887e-06,0.0004367217549622584,4.9616994553222574e-05,7.165123292760416e-05
17,2.391991683251374e-06,0.01943181542875152,0.0009637699110547621,0.014831174276015055,0.6915833225105216,0.11722325053757167,9.910749756473773e-05,1.3930690828197552e-07,0.06089514345645195,2.446555972506397e-05,0.002353270828665787,2.979063465625109e-06,7.96807443010082e-05,0.09065018848533478,0.0009452872615963645,6.849335396079336e-05,0.0001713570728836427,8.009729241639098e-07,3.999481167456155e-07,8.685353688064105e-07,3.178536380215988e-05,3.169779751707315e-06,0.0005280313290115665,2.9542184272203002e-05,7.956460029682252e-05
18,3.457660300181869e-06,0.02683450759813663,0.0007094478884001294,0.012963392223214137,0.5636468379623545,0.1682522519014733,0.00014994087943608314,1.4977478867402893e-07,0.12463366350951091,4.0814311508933156e-05,0.002410666013828479,2.741486343671784e-06,6.95181154290988e-05,0.09770363783779953,0.0013544310889526383,9.707992782843234e-05,0.00024353113669645384,8.965627949042706e-07,4.442990741719267e-07,9.37488925821568e-07,2.785415088063553e-05,4.329971557795586e-06,0.0006598937253229658,4.5188217384803174e-05,0.00014438626805711127
19,1.4189310956889032e-06,0.014416309640216342,0.00123435956126182,0.014391705373725847,0.7415019730238109,0.11763904336490401,8.53286796425537e-05,1.3293385792275507e-07,0.0641834427622043,2.2231526216520148e-05,0.0017632068999184202,1.0649081793623902e-06,5.5336652083186005e-05,0.04298712086242397,0.0012472403011147169,6.546234936203216e-05,9.245197629213526e-05,2.3622078965580376e-07,3.765635265922686e-07,5.422669050910658e-07,1.6912047276101918e-05,2.1443764431587953e-06,0.00023132738028728818,3.096715051356041e-05,2.9664247949056394e-05
20,1.2240556024550222e-06,0.01279489551028731,0.0011708494002731916,0.015381902043903795,0.7003052009538193,0.15638841046955537,0.00010724620124591636,1.3030597233396734e-07,0.06550995150117231,2.5313515027296472e-05,0.0024552927367795224,5.995998508997294e-07,3.1914944661493574e-05,0.04139848051552891,0.0037509635987853828,6.854443005311916e-05,7.36905007938132e-05,1.2808139448274734e-07,4.355080399660826e-07,5.343928259217586e-07,2.721879695890075e-05,2.6698391409084525e-06,0.0004165069892711475,5.175368262129707e-05,3.614242643489482e-05
21,2.0133226183693787e-06,0.01565558136778858,0.000846741734063524,0.013556579209779412,0.7427560096358276,0.11155402005773987,5.998777713199732e-05,7.842552730768512e-08,0.05794430160021071,3.2760919256530384e-05,0.0024190241051626846,1.3380972589494246e-06,4.2073897984069734e-05,0.053570741869108804,0.0010181836607220498,7.626117225579998e-05,8.2964807783966e-05,3.5754945427798414e-07,3.179134466078566e-07,5.14640847201764e-07,2.7498414192043856e-05,1.630076361225033e-06,0.00027345162894525,4.05102659867623e-05,3.7057850546469506e-05
22,2.6115262427388724e-06,0.01500414672976312,0.0015880204161815544,0.023641347664505673,0.6516799243094621,0.17227755185786753,7.880532669340321e-05,1.3306019655513295e-07,0.0649652085891923,4.402514303739072e-05,0.0035153777141910653,1.5237905155218345e-06,5.7028931782514126e-05,0.06463798419257664,0.001726431255781745,0.00010965501164979978,0.0001716662015440562,4.5579536252168797e-07,3.8485825619252767e-07,6.734007905038879e-07,3.4853976798946524e-05,2.617774804244007e-06,0.00035350790752244925,7.025397543451562e-05,3.5810589846843194e-05
23,1.8703354065464976e-06,0.015876203996514345,0.0010443760678008182,0.014512869910936194,0.6846153903336774,0.15328181404565966,9.19234326056185e-05,1.2240469346513108e-07,0.07725783114565095,2.8732392279559593e-05,0.002170491557109636,1.0184604302284311e-06,4.660413351930151e-05,0.048763917257168506,0.0016695443262839877,8.399767325931419e-05,0.00010421553283986535,2.65183910179443e-07,3.954410353858896e-07,5.723043076016178e-07,2.097244883276505e-05,2.1736906562873945e-06,0.0003418586654562046,4.2786323041232185e-05,4.005293692509084e-05
24,1.194972369117971e-06,0.012433292504769974,0.0007343970068086301,0.013526526146734474,0.7706590584638623,0.09665215059802733,6.343270397839616e-05,8.705946504896484e-08,0.05248386951523263,1.8621328375316783e-05,0.0018609475194991502,1.1811264411076724e-06,5.1325458028495835e-05,0.05016969178551915,0.000871208130453512,7.527971008509749e-05,7.536799940259792e-05,2.634709445712806e-07,2.727962819991014e-07,4.255047909673426e-07,1.5125795570251298e-05,1.3452058315419178e-06,0.00025293887683164497,2.4513075020664882e-05,2.7483245676116374e-05
25,1.8486896991870515e-06,0.009630395402766124,0.0011918590997440145,0.02095253513983382,0.7846131200633453,0.08970547664503416,8.817483163438495e-05,1.4730053081743914e-07,0.04838471691754352,2.4005055738307553e-05,0.0027957290163608804,9.735754465949584e-07,5.946615122815284e-05,0.040588834417524096,0.0013664506666563672,9.323169707975627e-05,8.727430053478135e-05,3.0233077585876275e-07,3.953525173447239e-07,5.471284646280797e-07,2.3071024378765875e-05,1.5917802569220321e-06,0.00032471407780575325,3.922581698351468e-05,2.5913518117107192e-05
26,2.738071014319088e-06,0.014567270008281811,0.0009462990413283896,0.016373405263746907,0.6018667098581957,0.1354342777803962,8.691082448976703e-05,1.7811300581299204e-07,0.19024093787901072,2.7630094588810005e-05,0.001992221721527945,5.781360680912385e-07,4.102377007661849e-05,0.03564249559121826,0.0018964170224839239,7.815777181104338e-05,0.0001233112903939236,2.1417342794176668e-07,3.151510541114988e-07,6.608196177817584e-07,1.3019450610729425e-05,2.096117204385013e-06,0.0005309755677132865,8.55660390776649e-05,4.659044365582794e-05
27,1.6450816414334519e-06,0.014512676424798721,0.0008304164947920054,0.012092002964030736,0.6415884340720525,0.14851052333970124,0.00011420524078733316,1.2872969982871094e-07,0.13049569330822555,3.516484795833864e-05,0.001908877306509559,6.39522221970291e-07,3.4042337672336555e-05,0.04668570333993144,0.0024770301147179373,8.129102796196684e-05,9.236888864412005e-05,1.8392255532233105e-07,3.8699163044928484e-07,6.821927954644885e-07,1.605677253284532e-05,3.0476999488818654e-06,0.00040594981289691234,5.8901177832850785e-05,5.394838846048699e-05
28,1.8703354065464976e-06,0.015876203996514345,0.0010443760678008182,0.014512869910936194,0.6846153903336774,0.15328181404565966,9.19234326056185e-05,1.2240469346513108e-07,0.07725783114565095,2.8732392279559593e-05,0.002170491557109636,1.0184604302284311e-06,4.660413351930151e-05,0.048763917257168506,0.0016695443262839877,8.399767325931419e-05,0.00010421553283986535,2.65183910179443e-07,3.954410353858896e-07,5.723043076016178e-07,2.097244883276505e-05,2.1736906562873945e-06,0.0003418586654562046,4.2786323041232185e-05,4.005293692509084e-05
29,1.8703354065464976e-06,0.015876203996514345,0.0010443760678008182,0.014512869910936194,0.6846153903336774,0.15328181404565966,9.19234326056185e-05,1.2240469346513108e-07,0.07725783114565095,2.8732392279559593e-05,0.002170491557109636,1.0184604302284311e-06,4.660413351930151e-05,0.048763917257168506,0.0016695443262839877,8.399767325931419e-05,0.00010421553283986535,2.65183910179443e-07,3.954410353858896e-07,5.723043076016178e-07,2.097244883276505e-05,2.1736906562873945e-06,0.0003418586654562046,4.2786323041232185e-05,4.005293692509084e-05
30,1.8703354065464976e-06,0.015876203996514345,0.0010443760678008182,0.014512869910936194,0.6846153903336774,0.15328181404565966,9.19234326056185e-05,1.2240469346513108e-07,0.07725783114565095,2.8732392279559593e-05,0.002170491557109636,1.0184604302284311e-06,4.660413351930151e-05,0.048763917257168506,0.0016695443262839877,8.399767325931419e-05,0.00010421553283986535,2.65183910179443e-07,3.954410353858896e-07,5.723043076016178e-07,2.097244883276505e-05,2.1736906562873945e-06,0.0003418586654562046,4.2786323041232185e-05,4.005293692509084e-05
31,3.5534904078198758e-06,0.01626037583377569,0.001863250148153837,0.01594410455462972,0.7399466935496527,0.11205820781024849,9.52820860736626e-05,2.3431733121358765e-07,0.06599472394469727,2.927891747974079e-05,0.0017565806942134953,1.4429511037274242e-06,6.71252967051401e-05,0.04415877123780333,0.001166104371763782,7.393038918927548e-05,0.00012305193773770777,5.322801584191513e-07,5.840366708403354e-07,8.78823041599886e-07,2.515437949516657e-05,2.6547183232169817e-06,0.0003367114923237928,3.989924273201443e-05,5.087349628839326e-05
32,1.794174743951741e-06,0.015991935283392694,0.0010439677779661826,0.012840061823335254,0.6934832932151763,0.15421421264567012,9.188871874203639e-05,1.2681777190585076e-07,0.07094006304735007,2.7221834349294968e-05,0.0021004917636957936,1.0577071900175208e-06,4.7600947617645396e-05,0.046888562799152274,0.0017050691274078217,8.37221719860066e-05,9.742205548647195e-05,2.473782955622221e-07,4.7092859814520103e-07,5.985981527121258e-07,2.101467291398633e-05,2.2924736410429866e-06,0.0003402058462657423,3.768187809268736e-05,3.899631300636519e-05
33,1.9884226752293495e-06,0.01860032726618632,0.0011005285727107028,0.01622103531455501,0.6386956287311515,0.17855088944900296,0.00010386716231554848,1.436240365735811e-07,0.08076425140769544,3.102994138414427e-05,0.0023274367631887635,1.6309895460268413e-06,7.479194678912187e-05,0.06152215083689574,0.0013073914776741608,0.00010586268944110979,0.0001652794568300229,3.814424404537486e-07,4.2647639480633035e-07,6.314468388183902e-07,1.9422088391526e-05,2.6076444400460977e-06,0.00032445629178997433,3.8016431594394185e-05,3.9824126031744364e-05
34,2.879243333936911e-06,0.02028190212436543,0.000980332964138747,0.006437342163610497,0.7801175408853229,0.06268084611265408,4.8845223828523394e-05,8.466209428449561e-08,0.09074069399305282,1.9909625344360525e-05,0.00263832843016013,6.245694782200729e-07,3.884798286411511e-05,0.034134136346726955,0.0014183482297831617,3.342533963597104e-05,5.3615356891729576e-05,1.4576416807795219e-07,6.642443891328945e-07,3.417824990289247e-07,1.2008336299308731e-05,2.2101585391148065e-06,0.0002671811552636137,4.750535171957154e-05,4.2239953836388264e-05
35,2.5183024055081246e-05,0.0343065103763413,0.001656826487755128,0.019207317137444644,0.5614996961558503,0.071007184068417,0.0001382433844129017,5.744007691639568e-07,0.2721496900221791,9.549307795033528e-05,0.0016333447701022596,3.78881861407793e-06,0.000129561348157433,0.036709968532614566,0.00040412056989493403,0.00016558884788863128,0.0004752363709700508,2.8013378819111866e-06,8.513079594214096e-07,8.698174013954043e-07,1.830069867832409e-05,4.01995782638188e-06,0.0002025142651520043,6.316408624101404e-05,9.915113544247868e-05
36,1.8343913825379737e-06,0.01816888343478596,0.0006896219140564469,0.02019198856899074,0.3749203918281854,0.32595973317575183,0.00017857280605719863,3.16432787086887e-07,0.18310633939659615,3.482745793696669e-05,0.0018490042495119376,2.829905745615037e-06,0.0001309328017307644,0.07187302964694409,0.0013247675219756263,0.0002784281651466218,0.0006230393710469558,4.997626086761529e-07,4.55620931442732e-07,8.944532482591743e-07,1.1944146742990625e-05,4.788741715370816e-06,0.0005659233476678637,3.31765273083155e-05,4.777633114549693e-05
37,3.7099609714335644e-06,0.014204346550478824,0.0017527858789224086,0.022442955052256387,0.6979420131746528,0.11551121753921233,8.510146750881698e-05,1.2606723409826616e-07,0.07938699599815409,4.1116097029964186e-05,0.0035637582944683206,1.1572350003043152e-06,5.2479695473433756e-05,0.06254989752953787,0.0017137589790925181,7.936122070652021e-05,0.00012873672889890007,5.584632118624051e-07,3.4576451747888836e-07,7.206843262443618e-07,2.4992304554643403e-05,2.449897715054264e-06,0.00034915143307761047,0.00011290428259476064,4.935970040341829e-05
38,1.3373987608386865e-06,0.01319359479686896,0.001008107765456466,0.01615437485117988,0.5095767158141824,0.36945644659485183,0.00012434471414692766,1.5964180863816517e-07,0.04609397411351197,2.5717251801419242e-05,0.0024027715051876245,1.1304975257918566e-06,6.204004982799845e-05,0.03858374718014587,0.0024415702988784364,0.00018503903753960165,0.00012812026784031784,1.9190504328408584e-07,6.323890164402512e-07,6.67256723861732e-07,2.8724724747351083e-05,1.774689092092406e-06,0.0004745515654443169,3.141837350733892e-05,2.2847316910291446e-05
39,1.8356077904284663e-06,0.013885698572643627,0.001108349670983086,0.019369714137267704,0.6088864616130432,0.23717427647722947,0.0001434582506081281,2.2917268676825693e-07,0.07028017873006681,2.91806702130644e-05,0.0018915120805670688,1.234527804831846e-06,5.434376845496507e-05,0.043784045249333506,0.0023655566892433,0.0001304498956025403,0.00014502937071460777,2.9760607891542333e-07,5.268618941684739e-07,8.825301808747746e-07,3.5467811190456594e-05,2.6442470304185873e-06,0.0006218148292481721,3.724568454834072e-05,4.95659455757255e-05
40,9.463583735773443e-07,0.017887464813045522,0.0015031528215867303,0.0061372664572407545,0.7713030026920634,0.12510884165527578,4.5138835951286106e-05,4.724010617593554e-08,0.026869339998131334,1.4267902138811993e-05,0.0017325738072317748,9.890973976338483e-07,2.9876272452030615e-05,0.047547124681492595,0.0015479129280830954,2.7841663805885703e-05,4.4995761647223886e-05,1.4406962983372428e-07,3.9182447979488305e-07,3.644990491493294e-07,1.634836089941468e-05,2.087194947825683e-06,0.00013230452010515518,2.2301828445405642e-05,2.527471641956123e-05
41,2.3976161264445454e-05,0.0036310559831275223,0.0038751527746088963,0.022759139399263398,0.18431033386851747,0.2038403399641736,0.0009306882399493073,7.382370899591938e-07,0.006581987007774086,0.00016537129496824637,0.023447913905678033,2.141963375959997e-05,0.00010277362971177009,0.5151828586906291,0.017608818981710114,0.0001632392241540907,0.0006412642995141664,2.5199849457234056e-05,1.3635734562596058e-05,3.948969071435028e-05,0.0018577096941677954,0.0001748914381486689,0.012738792202007642,0.0003481821741158293,0.0015150279209320923
42,1.6799319843729793e-06,0.017030861698321118,0.0022599126422465678,0.012301139814595588,0.679218228255906,0.18531740997038423,8.993467600150218e-05,2.8148952319519417e-07,0.06277697565957903,4.04957790187729e-05,0.0019265530535050055,1.2217892186971119e-06,5.600057709708916e-05,0.03573465616163264,0.002677987077023282,9.716853431890595e-05,0.00012147119821692007,1.4335880305307342e-07,1.2884774292491043e-06,8.092733735960094e-07,3.4346125348295965e-05,6.072898342459807e-06,0.0002464926545578731,3.5351154735402376e-05,2.3517748836811294e-05
43,2.1464064597141696e-06,0.011279170133926077,0.001142918399384523,0.014174458788088862,0.6138065162692088,0.18241635965827907,9.241630060138064e-05,1.8212420609488606e-07,0.13370582985746646,8.515568009684738e-05,0.00153197073481366,4.756534454243562e-07,2.917345515998021e-05,0.039003683424091745,0.002069139798865027,0.00011744989081371025,7.957717688418586e-05,1.9409709141209567e-07,5.140990201909214e-07,1.147678043136644e-06,2.4641481211226974e-05,3.1660524768694294e-06,0.00032382187312484805,7.294113156767031e-05,3.694983567302893e-05
44,1.8703354065464976e-06,0.015876203996514345,0.0010443760678008182,0.014512869910936194,0.6846153903336774,0.15328181404565966,9.19234326056185e-05,1.2240469346513108e-07,0.07725783114565095,2.8732392279559593e-05,0.002170491557109636,1.0184604302284311e-06,4.660413351930151e-05,0.048763917257168506,0.0016695443262839877,8.399767325931419e-05,0.00010421553283986535,2.65183910179443e-07,3.954410353858896e-07,5.723043076016178e-07,2.097244883276505e-05,2.1736906562873945e-06,0.0003418586654562046,4.2786323041232185e-05,4.005293692509084e-05
45,1.4785150393842986e-06,0.011854018334326382,0.0012599218737558288,0.01766498524601079,0.6403742251627422,0.20992549982226474,0.00012683518824896107,1.7505258901855165e-07,0.07682234402585632,3.104162065440339e-05,0.0019766855094893246,6.500969380176243e-07,4.1976314492874904e-05,0.036337140811909835,0.002914281711435179,0.00012172335223999782,9.602629155452083e-05,1.6827862590199584e-07,4.702783938174008e-07,6.4650367930052e-07,1.978923737562686e-05,2.184481797016937e-06,0.0003486482989739337,4.974775508502676e-05,2.9336236521626325e-05
46,2.4621394025848132e-06,0.018090237840825314,0.0012811976601333128,0.02128534067252123,0.5844390109111699,0.22852809708521726,0.00010494221661521922,1.8181072294350175e-07,0.08819824960741328,3.382768736493959e-05,0.002682571824490948,1.4889950822241054e-06,6.858900417554677e-05,0.05259286155811243,0.0018104805692805044,0.00012593929451080438,0.00020061876343424183,3.611550264414191e-07,4.448003363283786e-07,6.723087025560179e-07,2.6346143944717133e-05,2.5260618375250086e-06,0.0004305029567170523,5.512678352279749e-05,3.792214943997829e-05
47,5.861268836408377e-06,0.0418717923465559,0.001305384664692886,0.008031828813607717,0.5564236702817085,0.19182535808397577,0.0001655236114517754,2.644120751591539e-07,0.14618282869217122,6.15411089753948e-05,0.0017593852809838295,3.2969003077191785e-06,7.772300945752912e-05,0.04994595957026246,0.0014919122919754145,0.00010655446469858346,0.0002628014404194562,6.65563586917228e-07,1.3908266756317476e-06,1.0670343183215929e-06,2.7605490401660514e-05,7.936688041408212e-06,0.0002913123352867603,4.093787252308045e-05,0.00010739794701060024
48,1.7355738101552624e-06,0.027612009637332725,0.0011212201284380233,0.014693971984250565,0.26782169659330496,0.593268761524812,0.00012941445310121898,3.096852525742248e-07,0.06535087831014165,1.632017240363892e-05,0.0018176124093767267,2.09632460812028e-06,0.00014496963753928485,0.025468903790782493,0.0015413757153812328,0.0001722933583001287,0.00043920885059901235,1.7470451524896343e-07,8.506347003858994e-07,4.29916281426936e-07,1.796120784582682e-05,2.0428488096005392e-06,0.0003420548976366012,1.8033427029703084e-05,1.5674213746867265e-05
49,1.5963065170288714e-06,0.018457059270321624,0.0016554530520616125,0.013249915028802932,0.648728430058551,0.2050017210135666,8.332956739801127e-05,1.1933838673370693e-07,0.05125923439657446,2.8533737595755177e-05,0.0020651209854726533,1.6013644690324289e-06,5.577553607395418e-05,0.05728237927964044,0.0015961556379222046,6.945976883649879e-05,0.00012170534101885442,3.036968126635956e-07,4.760010045090732e-07,7.106480022183598e-07,2.593405651848884e-05,3.02128108716053e-06,0.00024267676341353607,3.6138639967279133e-05,3.314922998491814e-05
50,2.646232744584642e-06,0.01264065142556249,0.0007447060793637218,0.00771948025402287,0.7155492218889881,0.06831767563376957,0.00023307807115511206,1.5995565995008857e-07,0.14440743147806387,8.14505824852437e-05,0.0010846991729575085,4.826566731461709e-07,2.6089166743139624e-05,0.04665710918303077,0.0019286039092078107,7.633363239439059e-05,5.13034871717375e-05,3.4193457909047723e-07,6.164646587051342e-07,1.0368360354992536e-06,1.5679270909883617e-05,4.8016939876482915e-06,0.0002659477557172865,4.6744924315424254e-05,0.0001437083098025985
51,1.2391917561946004e-06,0.021660334636467837,0.0012652578931150393,0.019542178363058105,0.7372722279808567,0.08969216763173947,4.139525468205692e-05,6.483144456364635e-08,0.09132714222628238,2.264328456305526e-05,0.0019062250957973593,6.576449675065425e-07,4.396390041421929e-05,0.03617615964703326,0.0007680354996603277,4.12138301146816e-05,9.101614004594226e-05,1.3194338597429899e-07,1.251752103500636e-07,1.4823081495502198e-07,1.0398543586027976e-05,1.0562646733067939e-06,8.060522248199755e-05,4.242216247373567e-05,1.3189405374951834e-05
52,4.557669244727836e-06,0.007766461993301823,0.001964626460314614,0.03975473551548835,0.606051018309766,0.17395115971976174,8.679888877789341e-05,1.5756114514771107e-07,0.08450206855629085,9.702497235453799e-05,0.004716611089790935,1.1853272060488595e-06,7.160456791770279e-05,0.07856995037316834,0.0014487923122464977,0.00023840045875676816,0.00017877872285611412,1.0817592715723634e-06,3.07666063242175e-07,1.3640967524699301e-06,2.2264816984742908e-05,2.1979550356845246e-06,0.00034157891088559985,0.00019623645941437484,3.103583720420319e-05
53,1.4300239485003224e-06,0.010533655174965158,0.0005246092950687527,0.016612883147645592,0.6065270474119113,0.16636045605658953,0.00029289814920892716,1.9080258894174656e-07,0.14646987880801196,3.3005245349939136e-05,0.0017205484902464772,6.074555246718876e-07,3.882010288027022e-05,0.04641903945129735,0.0032694018788923425,0.00015000759570802681,9.987496048326878e-05,2.4476724881775066e-07,3.6717859916028705e-07,8.863263877675371e-07,1.75023113613337e-05,2.527864900430479e-06,0.0007924418352298244,4.733523641043278e-05,8.434042954107497e-05
54,2.2484315682991387e-06,0.034225796000333965,0.000474445313399758,0.006972360121608795,0.6141818782176905,0.15239573650056673,0.00013614780085307373,1.0288822536492159e-07,0.13770941425829303,3.831201484798593e-05,0.0013393263083876948,1.608617933415634e-06,4.513673193105692e-05,0.05073190044467924,0.001147945015920463,0.00010605699648992481,0.00012428110054501774,3.2183359330050455e-07,4.786668903465139e-07,4.209463065530555e-07,1.4655399854025773e-05,2.6820131485927e-06,0.0002467386909967586,2.3586100526209736e-05,7.841958541004652e-05
55,2.6206091113998814e-06,0.03313405314222307,0.0004759079557761335,0.007628998270624252,0.7573470865634482,0.06132261440528338,8.06867737152144e-05,6.703627464421146e-08,0.09607955967693226,1.5037727984151908e-05,0.0014620742144174975,2.9340630591148644e-06,4.890663313120654e-05,0.04143513782989405,0.0005300348951563918,5.099155505017261e-05,0.00010965502784654571,5.758810544011239e-07,2.452707162523887e-07,2.538350691175492e-07,1.2323872159715076e-05,1.3439825122152241e-06,0.00016856481988341575,1.8665739470113013e-05,7.166021920702959e-05
56,1.8880533111019206e-06,0.016916928699742467,0.0010772170312565495,0.014555296246301336,0.6908661296329929,0.14757425331919208,9.086912486014375e-05,1.2453958195279525e-07,0.07527140621380869,2.7045470929403678e-05,0.002271444355537971,1.123439461813465e-06,5.4188206050222576e-05,0.04914484447548451,0.0015344402348845818,8.228111607125422e-05,0.00010999483309180762,2.761664095172522e-07,4.065321537985971e-07,5.464780190562793e-07,1.9632355637672087e-05,2.1356816589588306e-06,0.0003190070021738012,4.046042003184879e-05,3.8060371356751514e-05
57,1.5463198081447662e-06,0.017295893032216802,0.0013760432622817766,0.008421671688519372,0.7438174665999744,0.14269785004002108,6.82945718753224e-05,1.360937634963147e-07,0.04082972865762458,2.104378228950374e-05,0.001813164119229837,1.8511862662181395e-06,5.206727682013962e-05,0.041651924987305015,0.0014493131410164928,6.564367096961107e-05,8.995634555571262e-05,2.240592839667459e-07,9.075613277843025e-07,6.765003708458383e-07,2.8725631037217967e-05,3.320225808965949e-06,0.00026062322562550653,2.069204454171341e-05,3.123597646647348e-05
58,2.039032679304317e-06,0.01568050470015551,0.0011829673468925503,0.015907569799910582,0.6712795454551658,0.15582734471404036,9.295667884703603e-05,1.2741458537110142e-07,0.08513108395516783,3.247056821425162e-05,0.0024743061002447243,9.426401059682114e-07,4.598085798915566e-05,0.049680785866527744,0.001993576087288306,8.627028981331337e-05,0.00010927114275738398,2.607921380257843e-07,4.010556843567204e-07,5.959925191078394e-07,2.1075857112645636e-05,2.416989792477041e-06,0.0003479534491634632,5.9136453709187534e-05,4.041675949555684e-05
59,2.017459287672089e-06,0.014546500232161004,0.0012995677204612765,0.016572800593375563,0.6830447584803871,0.14708527211842387,8.744461401707602e-05,1.2652814836917697e-07,0.0828253707307218,3.373120183231438e-05,0.0024765357924418467,8.511858486924706e-07,4.181796810375589e-05,0.04923326796722517,0.002099750418744362,8.073306675879076e-05,0.00010142279749429467,2.5363247662196323e-07,3.793229150840311e-07,6.179510095504343e-07,2.1767972843799615e-05,2.409186961296895e-06,0.00033737277946576717,6.629635149447379e-05,3.8933927400542376e-05
60,1.8703354065464976e-06,0.015876203996514345,0.0010443760678008182,0.014512869910936194,0.6846153903336774,0.15328181404565966,9.19234326056185e-05,1.2240469346513108e-07,0.07725783114565095,2.8732392279559593e-05,0.002170491557109636,1.0184604302284311e-06,4.660413351930151e-05,0.048763917257168506,0.0016695443262839877,8.399767325931419e-05,0.00010421553283986535,2.65183910179443e-07,3.954410353858896e-07,5.723043076016178e-07,2.097244883276505e-05,2.1736906562873945e-06,0.0003418586654562046,4.2786323041232185e-05,4.005293692509084e-05
61,2.071556257265692e-06,0.014717068201833822,0.0013807458600724805,0.016864725441809447,0.6855949647151282,0.15145323126548937,8.46418762396357e-05,1.3230117852683906e-07,0.07573385666473557,3.2770366459851044e-05,0.0024009270581103687,9.249194020020917e-07,4.4262528712816486e-05,0.04911817071320036,0.0019361855009078616,8.060848932270468e-05,0.00010532116489144176,2.712564953052527e-07,3.923317191018082e-07,6.24048895340933e-07,2.279383415934551e-05,2.3774700725145737e-06,0.0003262126815448425,5.961613995349359e-05,3.710361340850837e-05
62,1.8703354065464976e-06,0.015876203996514345,0.0010443760678008182,0.014512869910936194,0.6846153903336774,0.15328181404565966,9.19234326056185e-05,1.2240469346513108e-07,0.07725783114565095,2.8732392279559593e-05,0.002170491557109636,1.0184604302284311e-06,4.660413351930151e-05,0.048763917257168506,0.0016695443262839877,8.399767325931419e-05,0.00010421553283986535,2.65183910179443e-07,3.954410353858896e-07,5.723043076016178e-07,2.097244883276505e-05,2.1736906562873945e-06,0.0003418586654562046,4.2786323041232185e-05,4.005293692509084e-05
63,1.872956571116129e-06,0.017008997675850172,0.001026792442686998,0.013874300182944456,0.6854329667861913,0.15108309344396817,9.053172117107067e-05,1.1784442623059878e-07,0.07920696462530491,2.792905401796626e-05,0.0021486234869973857,1.0189265862321029e-06,4.637047180374365e-05,0.04779650230917218,0.001641302382765164,7.98131764309002e-05,0.00010359197505061405,2.555159518659192e-07,3.8942007038505995e-07,5.329915363802867e-07,2.0139419394400534e-05,2.143967043589915e-06,0.0003239675289226066,4.1724594491899585e-05,4.005710065032591e-05
64,1.729978373578056e-06,0.015387478371378693,0.0011347833295844163,0.01513068919350011,0.7090234950748956,0.14888224273127576,8.501204566982406e-05,1.228258656324766e-07,0.06272540629394117,2.7190071129838526e-05,0.002165942535004513,9.668706225129637e-07,4.0568156633436116e-05,0.042955800537855644,0.001826475158583611,7.438572713756508e-05,8.965083431339408e-05,2.2660843861531903e-07,4.0520582242024894e-07,5.425850242115524e-07,2.818885508231174e-05,2.0586295552223506e-06,0.00034025208541313493,4.0809354882258e-05,3.557694001643069e-05
65,2.1456731847224706e-06,0.016204916471465387,0.0009381418286424335,0.01417879208910583,0.6859837449188282,0.13701173486804816,9.4170424446197e-05,1.2439736347259438e-07,0.09011286856861671,3.1476777100044756e-05,0.002111050489372195,1.1144303807561308e-06,4.894067900588584e-05,0.05122122879378701,0.0014071707321090254,8.817580501175786e-05,0.00011082205521484591,3.2308849632724225e-07,3.8901582012161726e-07,5.999779478895315e-07,1.9293686326417553e-05,2.2300897830000334e-06,0.0003410696912852965,4.3596404125334367e-05,4.58790445329189e-05
66,1.9890215483556824e-06,0.018278098461820783,0.0009637450637929505,0.01358379626099484,0.5886892027345998,0.2153313667992534,0.00012994074859944772,1.6873509509391256e-07,0.11231196934187003,2.6316559469060662e-05,0.002012604515809565,9.170970693996257e-07,4.985289362582003e-05,0.04539062131056631,0.0023732682574676566,8.92591404251376e-05,0.0001292107616122626,2.2545003000047495e-07,4.955779331970182e-07,6.993535958386456e-07,1.896936197325318e-05,2.6283189253118807e-06,0.0005166803876128878,4.62525229880597e-05,5.172132332151164e-05
67,1.680026653977625e-06,0.016196238802095433,0.001035193123717379,0.014765961911536346,0.5668702047182378,0.25846616388744054,0.00011012387147116467,1.18482651840301e-07,0.06548396937356066,3.1539642822747456e-05,0.002551347443507989,1.3986845126048056e-06,5.250845087488136e-05,0.0713547502774156,0.0021642880215692957,9.502983774884603e-05,0.00013890111438552918,3.4117045496385984e-07,4.2385075769689103e-07,9.149150161237847e-07,3.025768039423588e-05,2.8958270821538534e-06,0.0005445715704421629,4.890629728473384e-05,5.2271018365331515e-05
68,1.882132629265677e-06,0.015813184772834818,0.0010534656142005736,0.014782370711037395,0.6826946063545877,0.1544345301224644,9.276682082870199e-05,1.239882769839437e-07,0.07719384685736289,2.8796301377434456e-05,0.0021854224972865676,1.0364254599478784e-06,4.7703643221088345e-05,0.049371556914711234,0.0016534702034035058,8.487470238537263e-05,0.00010623227881416358,2.726507030429647e-07,3.9456637077805205e-07,5.819800396236479e-07,2.1127868346145666e-05,2.1732593524407146e-06,0.00034642698578131275,4.292063335037271e-05,4.0231715174300696e-05
69,1.8169569020698869e-06,0.014684217636152273,0.0008956417509146394,0.01464148911783149,0.7266746898137588,0.108775214526028,8.456722001279798e-05,1.1161524678812996e-07,0.08897144804136015,2.6888566120935e-05,0.0018358272770318694,7.799552575502621e-07,3.779661244676906e-05,0.04139269237801041,0.0014447176238255516,7.817228777071406e-05,8.728778978378081e-05,2.3693635952568218e-07,2.886858923208788e-07,4.0691763895747535e-07,1.5513714140680892e-05,1.7399620222450445e-06,0.0002693021131632252,4.0734949506145774e-05,3.8417552822197946e-05
70,2.5200217218336794e-06,0.02436847245876885,0.0011238441513558403,0.00775276978404847,0.7552140593963043,0.10533406999638167,8.345713302244275e-05,8.271384496553504e-08,0.05901963631024733,2.5517286932955274e-05,0.0025197997871294828,1.0084154996438845e-06,3.219782284557658e-05,0.041868355521576354,0.002153384091930224,4.20077909498288e-05,6.784076871673164e-05,2.1332983955398238e-07,6.321479156882205e-07,3.825558316990216e-07,2.652423096522071e-05,2.847443857413374e-06,0.0002625631430493127,3.8834852883073256e-05,5.897884438146899e-05
71,1.9228328194184675e-06,0.015374414471465267,0.0009109046312742391,0.014281026106648807,0.696023117281123,0.13769595654732933,9.02786227325814e-05,1.2046841960826963e-07,0.08301847635154028,2.9107594921965e-05,0.0021388633736309187,1.0241696718115252e-06,4.566989859472877e-05,0.04819916559864567,0.0015386954674062854,8.816786962748906e-05,0.00010230948851610013,2.769759773121412e-07,3.753180682666252e-07,5.660949508276959e-07,1.9984501296903724e-05,2.0742381516461015e-06,0.00035307815830166637,4.251486912732166e-05,4.190906975847768e-05
72,1.9648187331290814e-06,0.012589848427513027,0.00081945035104711,0.027984282455731313,0.5563118633527269,0.2572734945337842,0.00012402709949452237,1.6450530931781387e-07,0.1184548777111768,4.645680160812417e-05,0.0018880649996713989,6.724425025119362e-07,6.366041645397746e-05,0.022625474166582008,0.0011102102557483608,0.0002578108609104553,0.00012488696235632082,2.3904541844713706e-07,2.4360956283114795e-07,5.31662945024417e-07,1.7013679526051593e-05,7.098969167312622e-07,0.0002322901669427954,5.5769349346261616e-05,1.5992427992397574e-05
