,0,1,2,3,4,5,6,7,8,9,10,11,12,13,14,15,16,17,18,19,20,21,22,23,24
0,1.1754915398393558e-07,7.779985161927755e-06,9.247434052775438e-06,5.327896113173446e-05,0.9952102448124825,0.0010913815665034884,0.0001970470993196254,4.993488559266322e-07,0.00013577557891693396,2.2821500162073027e-07,0.00048423005403891147,1.7386956654721377e-08,1.6109478513982705e-07,1.561199627934797e-05,7.265501609927904e-05,0.00026534161751132646,3.075180467497975e-05,9.244552669455498e-08,1.3186442372969844e-08,0.0004760439660369694,2.1087345171126206e-06,5.444433766467583e-09,0.0017026476307930678,3.189773249314799e-06,0.00024152929807435254
1,3.908471853299883e-07,2.0713319078010907e-05,4.3134221160015795e-05,0.0002805951304363544,0.9865533668162987,0.0016801330197375116,0.0008302069594916527,6.313540801828128e-07,0.00013821608697108133,1.4534592402465523e-06,0.0005998449923164288,4.733826772682687e-08,1.509538562800887e-07,4.2900699252483464e-05,4.687367626295165e-05,0.00020796452190766746,2.013482079711264e-05,2.3146707919431157e-07,1.093915924089078e-08,0.0005460975107726324,3.3608717884392527e-06,4.786528658292319e-09,0.00811435387034297,7.402045645253296e-06,0.0008617802923441758
2,2.1812374798202116e-07,1.2015920958611241e-05,1.5670833250054656e-05,0.00013916972428971037,0.9903727243441649,0.0008257845008422177,0.0004974482357347622,3.196496688849108e-07,6.061760153896317e-05,7.078095132774424e-07,0.0004110479485185097,2.483495649699771e-08,9.32496504043092e-08,3.8282259687465004e-05,3.301775327897394e-05,9.075121813924838e-05,1.827386615813306e-05,1.3751796577060123e-07,4.5721722229996765e-09,0.00042477046019149807,1.6387458749239275e-06,2.734647013917943e-09,0.006274269909779465,3.104898267636194e-06,0.0007799032870025574
3,2.8295974298083843e-07,1.7383785634747612e-05,2.8618750636658445e-05,0.0002757061022633544,0.9848648710422874,0.0012991564097913613,0.0006785541103412012,4.845091230018753e-07,8.306363369381333e-05,1.1015311617894692e-06,0.0006739883405593185,3.7766250939144355e-08,1.1475326384114457e-07,5.285150905654906e-05,3.2917412526147096e-05,0.00012512303418843072,2.40308779818761e-05,1.9723336272048757e-07,6.9124772910460255e-09,0.0004941569663492907,2.8301370852029232e-06,4.279206028507348e-09,0.010499070881332602,5.848140190677371e-06,0.0008395989214927805
4,2.9349273997121073e-07,1.7568254671063933e-05,2.8158720662476984e-05,0.00026706654505952604,0.9852699826796005,0.0012213756952891225,0.0006707776647047768,4.4428898441195054e-07,8.620245486254383e-05,1.0224740074915305e-06,0.0006548093788590782,4.302497924630126e-08,1.3972469774333772e-07,5.351324798265063e-05,3.194238456447235e-05,0.00012017652190651214,2.539640984410368e-05,1.9382376910577653e-07,6.965556095511561e-09,0.0004969331497872696,2.9254144590811458e-06,4.438746359294313e-09,0.010181632431151378,5.986349909135557e-06,0.000863404463205741
5,3.50008878160054e-07,2.1011418429112972e-05,3.266074834889092e-05,0.00042417338969904123,0.9812431708054943,0.0014033302392366465,0.0007401892882540422,5.350111414124562e-07,8.798845585396802e-05,1.4940329534574027e-06,0.0007620302704504965,4.650373454796646e-08,1.3005480571730103e-07,7.375278917848258e-05,3.0825495262979794e-05,0.0001336509261660899,2.9618858142835336e-05,3.0481496954752073e-07,6.454236080279511e-09,0.0006207699398496643,3.3428141106081245e-06,5.2587594258387115e-09,0.013350868888410607,7.18888638452602e-06,0.0010325546472494973
6,2.8295974298083843e-07,1.7383785634747612e-05,2.8618750636658445e-05,0.0002757061022633544,0.9848648710422874,0.0012991564097913613,0.0006785541103412012,4.845091230018753e-07,8.306363369381333e-05,1.1015311617894692e-06,0.0006739883405593185,3.7766250939144355e-08,1.1475326384114457e-07,5.285150905654906e-05,3.2917412526147096e-05,0.00012512303418843072,2.40308779818761e-05,1.9723336272048757e-07,6.9124772910460255e-09,0.0004941569663492907,2.8301370852029232e-06,4.279206028507348e-09,0.010499070881332602,5.848140190677371e-06,0.0008395989214927805
7,8.360310313576243e-07,1.963043196060737e-05,7.895723008383218e-05,0.00023964137785002432,0.9829695813681057,0.0016456724375457379,0.0009846763527253234,5.482189584659675e-07,8.426513696119585e-05,1.6076583734077927e-06,0.0006593136237186176,4.5132637929618175e-08,1.8426532546412345e-07,4.210448499454652e-05,2.0118846274750905e-05,9.334039456100297e-05,1.972044395814487e-05,2.559639792687439e-07,1.164527784568071e-08,0.0004559091369896174,2.36648721560773e-06,2.4676398960950354e-09,0.01171438209311241,1.0970579000887003e-05,0.0009558581917184588
8,4.749811861844576e-07,2.8244833088725215e-05,5.913863900109359e-05,0.0005652791374158147,0.9682144495633814,0.0015628613544592022,0.0010461373874297072,4.873313333133265e-07,7.250029563509216e-05,2.348208310714375e-06,0.0006043497052733751,5.650483133411525e-08,1.444119975526165e-07,7.348083572950666e-05,1.7561153280571348e-05,0.00010109980220339218,1.9397577742256397e-05,1.953308009764479e-07,6.925078521604244e-09,0.0007039065300031939,3.090890621478541e-06,2.566348902227166e-09,0.025737343332527432,1.0328238712493e-05,0.0011771144636075048
9,4.5531559764629074e-07,3.938070074913926e-05,7.414021875243696e-05,0.0009732268374180776,0.9648491976583449,0.0020543726381287825,0.0013266382567683156,6.04063053186045e-07,0.00013380481928974188,3.443348722017467e-06,0.0006685540393718787,9.268491671156965e-08,1.9843503089957453e-07,8.549785421572285e-05,3.1819184849308604e-05,0.00017882374775951402,2.64625171456526e-05,3.0425170965607683e-07,8.753022643687079e-09,0.000984890259214572,6.647419027744674e-06,5.4237746028961814e-09,0.026961676950096453,1.3128334953016766e-05,0.0015866262880874496
10,2.8295974298083843e-07,1.7383785634747612e-05,2.8618750636658445e-05,0.0002757061022633544,0.9848648710422874,0.0012991564097913613,0.0006785541103412012,4.845091230018753e-07,8.306363369381333e-05,1.1015311617894692e-06,0.0006739883405593185,3.7766250939144355e-08,1.1475326384114457e-07,5.285150905654906e-05,3.2917412526147096e-05,0.00012512303418843072,2.40308779818761e-05,1.9723336272048757e-07,6.9124772910460255e-09,0.0004941569663492907,2.8301370852029232e-06,4.279206028507348e-09,0.010499070881332602,5.848140190677371e-06,0.0008395989214927805
11,2.9863169992411574e-07,1.7463157896902423e-05,2.9046361122471308e-05,0.00027380065833073144,0.9849856480904092,0.001252322068523098,0.0006815076008126467,4.668293930112999e-07,8.422236606392553e-05,1.0790239382382077e-06,0.00065471766732892,4.1325091357394256e-08,1.3370344900462708e-07,5.313855540384147e-05,3.1243833760413275e-05,0.00012223136862194576,2.4746332385800812e-05,1.976622540660567e-07,6.9869359263770454e-09,0.0005083252635921626,2.8535264794264077e-06,4.233517715983651e-09,0.010417733426394184,6.0808345595476805e-06,0.0008526904920356103
12,1.1423003128628404e-07,9.535553491003274e-06,3.6548854748557557e-06,8.436008432469095e-05,0.9912999114459706,0.0005384140097303147,0.00012585969633685588,4.0346266469902375e-08,1.4625028562942772e-05,4.769286707373604e-07,0.00012152883153510224,4.198575162803904e-09,3.944748279526418e-08,7.597550211423469e-05,5.3889355850833785e-06,1.5366596866332012e-05,4.042747129197836e-05,1.3406654259512038e-07,5.343460678276407e-10,0.00032037150466327706,9.144143342281097e-07,9.248561481552576e-10,0.00628224651998118,6.703750313235333e-07,0.0010599384679346345
13,2.191344463178522e-07,1.5611053572801e-05,2.5783708825817557e-05,0.00032158106356097564,0.9805943363842307,0.0011905749521048262,0.0007294621110169755,6.053509392461112e-07,7.335063765896832e-05,8.87816867877881e-07,0.001106579064514143,5.008895773008288e-08,1.1700133976540875e-07,6.805625202865528e-05,3.5352454977334036e-05,0.00011798427397148948,2.573679605279734e-05,1.7233474384422054e-07,7.129454021621437e-09,0.00047846304997682014,2.997559107566288e-06,5.544052668740481e-09,0.014430676983346267,6.549416641680295e-06,0.0007748398376108494
14,3.048305644270905e-07,1.6455333428517297e-05,3.609161365782365e-05,0.00029927814125997745,0.9841542710566101,0.0014339593196258688,0.0006960344863980601,5.175823457975975e-07,9.62501953111707e-05,1.0854722628838628e-06,0.0006886952099953361,4.3002865807199156e-08,1.3949862481663554e-07,5.111430880340612e-05,3.787013863863145e-05,0.0001413069549529275,2.6805202622752986e-05,2.1678834179593125e-07,6.983713212471899e-09,0.0005401757411840583,3.295633381390166e-06,4.7681118711813056e-09,0.010825603644117585,6.318195013961151e-06,0.0009441558981677083
15,2.8295974298083843e-07,1.7383785634747612e-05,2.8618750636658445e-05,0.0002757061022633544,0.9848648710422874,0.0012991564097913613,0.0006785541103412012,4.845091230018753e-07,8.306363369381333e-05,1.1015311617894692e-06,0.0006739883405593185,3.7766250939144355e-08,1.1475326384114457e-07,5.285150905654906e-05,3.2917412526147096e-05,0.00012512303418843072,2.40308779818761e-05,1.9723336272048757e-07,6.9124772910460255e-09,0.0004941569663492907,2.8301370852029232e-06,4.279206028507348e-09,0.010499070881332602,5.848140190677371e-06,0.0008395989214927805
16,2.3722833973672943e-07,2.249999259168153e-05,2.5502085156857617e-05,0.00038247827480206013,0.9800608398852168,0.00124560055671957,0.0009949504813519868,7.888372002722742e-07,8.668617238641236e-05,2.0389857706559653e-06,0.000729084213950115,6.382936007832203e-08,1.3358629992757275e-07,7.227538472881942e-05,4.8043643342713006e-05,0.0001895194718414147,3.099616580918126e-05,2.4109406953059995e-07,9.997076797432375e-09,0.0006927035694377178,5.487672975725817e-06,8.887036423653574e-09,0.014390531361469725,6.281510416187109e-06,0.001012997112649979
17,1.5020544155157901e-07,1.2634325150425869e-05,1.3997203596147579e-05,0.0002765913164548315,0.9799144743359807,0.0007668709978878571,0.0005323229412214345,4.0638062267739617e-07,4.4330693831756335e-05,7.967809092421039e-07,0.0007057514235225405,3.9724085546981766e-08,1.2349396637964307e-07,7.368119789094098e-05,2.2373174945699777e-05,8.702311991671943e-05,3.695501227444208e-05,1.4523475985667606e-07,4.028998430695106e-09,0.0005785696209524981,2.7481753031107535e-06,5.130060356099173e-09,0.016136521571008422,4.234128060837094e-06,0.0007892497831577741
18,2.08362576934763e-07,1.1878898650165475e-05,1.5391245597286593e-05,0.00019216981900267694,0.9858519492882484,0.0008113919747899834,0.0005110978579634877,2.5232475203026285e-07,4.366775062362826e-05,1.0497057336358564e-06,0.0003876509810712551,2.7442106245816448e-08,1.1489760136924905e-07,5.973494692770027e-05,2.3297728872658478e-05,7.139661610117681e-05,3.853103030006087e-05,2.2610648267437865e-07,3.0420214079831902e-09,0.0005437598263000582,2.7616511738728132e-06,3.937738728747408e-09,0.010175121079248572,2.881530026944769e-06,0.0012554319560889196
19,2.991734798522838e-07,2.248312765213514e-05,4.049109740120219e-05,0.0004677098493363789,0.9820275610008891,0.0012506799439877387,0.0012201909725702287,6.93987376781709e-07,0.00012053796725593831,1.5080176737335863e-06,0.000706755218571451,8.252980955107895e-08,1.7195150171855927e-07,6.226153591060533e-05,4.355306569485402e-05,0.00018398231233286738,2.475395113473395e-05,2.1553021871894912e-07,8.182692732431698e-09,0.0005658745832788696,4.661924398698866e-06,6.639127647505519e-09,0.012174411945430997,6.8642583669955e-06,0.0010742412339066272
20,2.70168841796371e-07,1.9948704299934924e-05,3.528307820891148e-05,0.0004252111196243892,0.9817363181669095,0.0015652316186321737,0.0010338771447989245,1.2533061781076944e-06,0.000125412004247041,1.4207276292813064e-06,0.0011808116466166265,7.308131892640467e-08,1.349040179255461e-07,7.163583630664046e-05,9.794282979970876e-05,0.000254137219558616,3.151596258731852e-05,2.836909586969075e-07,1.2145096075912717e-08,0.0006009929155743669,4.706872507963449e-06,1.2802362551271067e-08,0.0117479026334883,6.574327179505701e-06,0.0010590370932567308
21,3.3352553938501434e-07,2.610690380949702e-05,3.632023789334318e-05,0.0005471575859809017,0.9816156472302439,0.0016071240066447496,0.0009561659787633104,8.264183792836926e-07,0.0001279291492688832,2.0569175321741426e-06,0.0007491786081974083,7.196059322260607e-08,1.772817085296229e-07,8.930509860005542e-05,4.062148344308114e-05,0.00025589281324042235,2.5565731754342596e-05,2.9780015495131547e-07,9.067968670478067e-09,0.0008077685868582554,4.389447794957088e-06,6.702709059541577e-09,0.01213731609604458,8.18482413336616e-06,0.0009615465427436361
22,3.4904534447972327e-07,1.2760777179328471e-05,2.7285054185315733e-05,0.00020077832384096404,0.9869521166595893,0.001474041079136451,0.0004102797144564022,3.967663160896558e-07,6.87938951764828e-05,9.722784931137762e-07,0.0007262091320587503,1.9991110541641242e-08,9.73897667779338e-08,4.160940455261826e-05,3.4562114939376625e-05,0.00011082628420046724,3.723976695550043e-05,3.1480261807774916e-07,5.971520515322365e-09,0.0004924016752077064,2.409630720918919e-06,4.8486274553028e-09,0.008556129405938381,5.662816789769888e-06,0.0008447331712751427
23,2.8295974298083843e-07,1.7383785634747612e-05,2.8618750636658445e-05,0.0002757061022633544,0.9848648710422874,0.0012991564097913613,0.0006785541103412012,4.845091230018753e-07,8.306363369381333e-05,1.1015311617894692e-06,0.0006739883405593185,3.7766250939144355e-08,1.1475326384114457e-07,5.285150905654906e-05,3.2917412526147096e-05,0.00012512303418843072,2.40308779818761e-05,1.9723336272048757e-07,6.9124772910460255e-09,0.0004941569663492907,2.8301370852029232e-06,4.279206028507348e-09,0.010499070881332602,5.848140190677371e-06,0.0008395989214927805
24,2.899470994704442e-07,2.479081929976726e-05,2.335867298330697e-05,0.0003994613748766662,0.9813239005670569,0.0012768062097802874,0.0006277290260550838,4.881664480612877e-07,7.450607429873827e-05,1.547331719791907e-06,0.0006265970209401218,3.972870165870425e-08,1.2102202669586417e-07,7.929227541371042e-05,2.357137324774335e-05,0.00012649025275053309,2.839673841676612e-05,2.1820600103378499e-07,6.744163674660355e-09,0.0006942373058360397,2.8945021177772242e-06,4.3384528936906e-09,0.013831718755212073,6.506853506575343e-06,0.0008270266935945246
25,1.8107225988504057e-07,1.6789916844436124e-05,2.2326935504286852e-05,0.0005016003640678531,0.9759604412530826,0.0012950675507749762,0.00088659215765044,1.377485871143735e-06,6.18661748903022e-05,1.1953635586353859e-06,0.001762546230867438,4.9510985879741255e-08,8.434108294110277e-08,0.00010671922316740893,3.0717605449223536e-05,0.0001684771996969271,2.525515599141991e-05,1.8902690351350299e-07,8.761844320865293e-09,0.0005413614866170543,2.9316256475864644e-06,6.720815944917769e-09,0.018100707048880792,7.5124063956511395e-06,0.0005059953811493
26,5.656466551338872e-07,1.688987838319363e-05,4.3367494058133204e-05,0.0002106038968854045,0.9835955289291024,0.0014031596423848133,0.00037952830021900944,2.303544519749212e-07,8.057518120269915e-05,9.033429155353832e-07,0.000586787048326291,2.4349971592904025e-08,1.6299989273436872e-07,3.0452602732470348e-05,1.147087621991812e-05,7.123503379707354e-05,2.6928003369901414e-05,2.279210889882757e-07,6.84642628146904e-09,0.0005632168456680725,2.237504132214768e-06,2.164469006055633e-09,0.012349673538632625,1.3066275336940208e-05,0.0006131553236776875
27,2.8624607754906795e-07,1.896298144558902e-05,3.0060252932621598e-05,0.00032006692373936607,0.9843326114408095,0.0014886724155835068,0.0007173989618661293,7.332888169470075e-07,0.00010688874228602108,1.1896367876411865e-06,0.0009084005468812795,4.6244386583032555e-08,1.2253409554830246e-07,6.115412866991105e-05,5.303059990698287e-05,0.0001827834682846677,2.963550796318636e-05,2.515205639156254e-07,9.509917025885529e-09,0.0005509261615550449,3.4597734557604097e-06,7.69851728802657e-09,0.010335085849489396,6.5325310959721105e-06,0.0008516830348725062
28,2.8295974298083843e-07,1.7383785634747612e-05,2.8618750636658445e-05,0.0002757061022633544,0.9848648710422874,0.0012991564097913613,0.0006785541103412012,4.845091230018753e-07,8.306363369381333e-05,1.1015311617894692e-06,0.0006739883405593185,3.7766250939144355e-08,1.1475326384114457e-07,5.285150905654906e-05,3.2917412526147096e-05,0.00012512303418843072,2.40308779818761e-05,1.9723336272048757e-07,6.9124772910460255e-09,0.0004941569663492907,2.8301370852029232e-06,4.279206028507348e-09,0.010499070881332602,5.848140190677371e-06,0.0008395989214927805
29,2.8295974298083843e-07,1.7383785634747612e-05,2.8618750636658445e-05,0.0002757061022633544,0.9848648710422874,0.0012991564097913613,0.0006785541103412012,4.845091230018753e-07,8.306363369381333e-05,1.1015311617894692e-06,0.0006739883405593185,3.7766250939144355e-08,1.1475326384114457e-07,5.285150905654906e-05,3.2917412526147096e-05,0.00012512303418843072,2.40308779818761e-05,1.9723336272048757e-07,6.9124772910460255e-09,0.0004941569663492907,2.8301370852029232e-06,4.279206028507348e-09,0.010499070881332602,5.848140190677371e-06,0.0008395989214927805
30,2.8295974298083843e-07,1.7383785634747612e-05,2.8618750636658445e-05,0.0002757061022633544,0.9848648710422874,0.0012991564097913613,0.0006785541103412012,4.845091230018753e-07,8.306363369381333e-05,1.1015311617894692e-06,0.0006739883405593185,3.7766250939144355e-08,1.1475326384114457e-07,5.285150905654906e-05,3.2917412526147096e-05,0.00012512303418843072,2.40308779818761e-05,1.9723336272048757e-07,6.9124772910460255e-09,0.0004941569663492907,2.8301370852029232e-06,4.279206028507348e-09,0.010499070881332602,5.848140190677371e-06,0.0008395989214927805
31,6.319431875640967e-07,2.2459656182874946e-05,5.947231278758771e-05,0.00035188808326101117,0.9805081035498409,0.0015874847425686584,0.0010455760985801454,9.203530955032535e-07,7.971923873796486e-05,2.0210216858356645e-06,0.000738420372323712,4.749870880106456e-08,1.433284805928584e-07,6.046799966215525e-05,2.776331681029238e-05,0.00012589360129685773,2.4418828738499354e-05,2.884080191144086e-07,1.1707567987399087e-08,0.0005525743449655575,3.0144652087959405e-06,3.923194201043171e-09,0.013830023393815654,8.579481589965149e-06,0.0009700723296897373
32,3.0482661040752687e-07,1.8364579475582945e-05,2.9071641514918105e-05,0.0002608078309906432,0.9849316282848285,0.0013470890356834045,0.0006848866346710286,5.143113692980576e-07,8.552946887161758e-05,1.157549423713655e-06,0.0006955616893469746,3.8601030960902616e-08,1.1946196800116944e-07,5.224812535119981e-05,3.423398389149039e-05,0.00012871434740838067,2.4380826660479876e-05,2.0267153923042655e-07,8.23780981320019e-09,0.0004925586009462071,2.8750614927781665e-06,4.563159158304486e-09,0.010388337938210755,6.278804344775326e-06,0.0008150829234006861
33,2.1761634331546967e-07,1.758442119747893e-05,2.1901143720370765e-05,0.00033269359758232353,0.9793856169817695,0.0013542530257291557,0.0006083560784385895,6.461975158440954e-07,6.252585597183387e-05,1.290245024944187e-06,0.0008934736218158942,3.780638405510827e-08,1.2821839398777537e-07,7.676922902990677e-05,2.5056466907493254e-05,0.00014217842938702495,3.565000918918648e-05,1.9301586982948014e-07,8.070720820787198e-09,0.0006269282026829857,3.150067429138071e-06,5.961978802085196e-09,0.015756266168231305,7.021410214310035e-06,0.0006480481584721598
34,1.0425024561461322e-06,2.4236668510070753e-05,5.389108134569485e-05,8.616485639600364e-05,0.9933177909767678,0.0013307642456088977,0.0005584092331839882,3.795431666945266e-07,0.0002352625721611667,4.44777928082528e-07,0.0005978400673888841,4.0726619947527496e-08,1.8507052756988547e-07,1.6903967439214843e-05,4.2577852562081455e-05,8.901193755403443e-05,1.4643427747009271e-05,1.9596154929328772e-07,2.4668722989480365e-08,0.00021432388824666837,1.945856301759484e-06,3.236913302016886e-09,0.0028617659637239917,9.357091234772306e-06,0.0005427938259438341
35,1.3737547953560705e-06,2.5454366649020143e-05,8.986025671001286e-05,0.000393320797620826,0.9874697745095556,0.0013408759833174954,0.0014696556160268897,1.3140845179008626e-06,0.00019143249247046085,2.0060200242811448e-06,0.0007302890664251886,7.279508358271701e-08,1.6880243512032235e-07,4.218143957227548e-05,3.767230928368894e-05,0.00018014824917494458,2.4318043744851247e-05,7.778189181082315e-07,1.4425933540876134e-08,0.000451999098611487,4.014320790375711e-06,6.723541506052388e-09,0.006513222898712732,1.0977468273133155e-05,0.0010190686578116905
36,3.3114089495024545e-07,1.4969580528971539e-05,3.244365205831275e-05,0.00028344876555232347,0.988228262246633,0.0008971457199603212,0.0011906163193286692,1.6466359753292834e-06,0.0001297336182830139,8.963063712086634e-07,0.0008692264632460705,1.2465560355117598e-07,2.9370773455297825e-07,5.703440985262071e-05,8.472850320771353e-05,0.0003403582777455477,3.279714888322724e-05,2.109637561372651e-07,1.383768147426457e-08,0.0005854793212040884,3.50008748181217e-06,1.203183801317925e-08,0.006363293938177286,5.225022476539112e-06,0.000878207645525188
37,6.457690126847953e-07,2.570277930308116e-05,5.120289955053154e-05,0.0003921960576840401,0.9776315232226658,0.001369371479287206,0.000820500337967372,4.5119299873810967e-07,7.568289717305126e-05,2.153747750772408e-06,0.0006537038269143023,3.917061333276128e-08,1.3570170842812278e-07,5.360878754067703e-05,1.5532400867432794e-05,9.149393826794314e-05,2.5707766125593538e-05,3.2753759677746856e-07,8.171600077995988e-09,0.0006442232687720031,2.952768102683851e-06,3.335115777614708e-09,0.01720856728857841,1.2118531971304647e-05,0.0009221471228319871
38,4.6329481758741366e-07,1.554906709660601e-05,4.365699012626366e-05,0.00013774111106790832,0.9898588847143465,0.0017813396593462031,0.0008059545962804657,3.634934462508626e-07,9.477526082083452e-05,1.0625214220598268e-06,0.000480924065773162,2.669229432010603e-08,9.935530071642386e-08,3.2803262305561445e-05,4.1270865968371836e-05,0.00011141852705880602,1.1954282063172858e-05,1.7513839685505713e-07,8.657029601876804e-09,0.00026185932517635164,1.7591229679995198e-06,2.224923131421495e-09,0.005392214957850466,5.11257850381275e-06,0.0009205802356170842
39,3.229752651326999e-07,1.1437792890816323e-05,5.8694575743839794e-05,0.0002525005694457725,0.984905693344406,0.002450259876808259,0.0008028540442762823,1.0104910270993907e-06,0.0001118172403317351,1.326107119281567e-06,0.0007795509295000955,4.096698303850438e-08,1.885716103079918e-07,3.683800612782737e-05,6.490083329522277e-05,0.00025097626118802436,3.5144993979575224e-05,2.7451893906457315e-07,1.1960369380586507e-08,0.0005355248029644024,5.37712153948322e-06,6.561681261444278e-09,0.008787038054606436,6.977836931584685e-06,0.0009012315629699912
40,3.4685161228506654e-07,1.5120049275604885e-05,3.747750701470289e-05,0.00015705385680846087,0.9891186403378381,0.0012112950371295681,0.0007723080319461578,3.062292221486981e-07,0.00011372682477739365,7.044433172364598e-07,0.0004910484793638343,4.595053634179428e-08,1.453738328899304e-07,3.514013895557416e-05,5.297678987854435e-05,9.25028652725216e-05,1.7733692590280348e-05,1.6042220992436348e-07,6.713715194198417e-09,0.0002996485183437559,2.5383445161581695e-06,3.74797877073364e-09,0.00635481806338435,4.257903683173072e-06,0.001221993826796971
41,1.338061967830503e-08,3.1286701426512554e-05,6.8570696892803675e-06,0.0036864542672053378,0.020481400587188534,0.0004924535517525407,0.00030450204469562665,2.1130274420382196e-06,8.768358432985469e-07,6.83350796407969e-05,0.0016475667519563304,5.4125823432277776e-08,8.88728643468217e-09,0.0009485423521752106,1.3696705981255081e-06,1.659602573282044e-05,0.00011634482416623013,3.6830541758079344e-07,1.3942834832696633e-08,0.0010963823134068711,3.059507618951388e-05,1.351803342253659e-07,0.9707658750387135,1.0847195236801228e-05,0.00029100776462440863
42,3.625090346306732e-07,2.6012316429355233e-05,6.135772105548972e-05,0.0005862136110240517,0.9754558989749066,0.0025907483671706514,0.0012523161451699824,2.6260729993569724e-06,0.0001820275179048168,2.7936436354854683e-06,0.0014673499741638199,1.1375082395286409e-07,2.6728613901842575e-07,6.981965601597504e-05,0.00012448023627123654,0.00062069769971088,4.839121887281021e-05,3.869152387494787e-07,3.2089996678522926e-08,0.0010634170617771983,8.940959638353778e-06,2.281026755656074e-08,0.01545554049589798,1.351999370829793e-05,0.0009666629721468707
43,2.433103017567835e-07,2.335553914420319e-05,3.432324503909168e-05,0.00042354588821923563,0.9739873298773157,0.002665082586461543,0.0008077869127768925,8.907399642710724e-07,8.955341571553242e-05,4.702958087236438e-06,0.0006334897431449733,3.588889851684483e-08,1.3713270124067627e-07,7.99326739792102e-05,4.588399581004149e-05,0.00026418199513339604,4.559068881220209e-05,3.984533980537767e-07,1.2462021191401555e-08,0.0010655981199248117,8.639664870109609e-06,1.0341625309861327e-08,0.018750129572073542,8.166529956088486e-06,0.0010609782646257388
44,2.8295974298083843e-07,1.7383785634747612e-05,2.8618750636658445e-05,0.0002757061022633544,0.9848648710422874,0.0012991564097913613,0.0006785541103412012,4.845091230018753e-07,8.306363369381333e-05,1.1015311617894692e-06,0.0006739883405593185,3.7766250939144355e-08,1.1475326384114457e-07,5.285150905654906e-05,3.2917412526147096e-05,0.00012512303418843072,2.40308779818761e-05,1.9723336272048757e-07,6.9124772910460255e-09,0.0004941569663492907,2.8301370852029232e-06,4.279206028507348e-09,0.010499070881332602,5.848140190677371e-06,0.0008395989214927805
45,2.810814377557971e-07,1.751250117011885e-05,2.8127740004074192e-05,0.0002747519321899674,0.9847215797550386,0.0012864658822535804,0.0006665711768737443,4.671723999545031e-07,8.15210344679408e-05,1.104189432433127e-06,0.0006619200752022985,3.717702770670096e-08,1.1421193767212566e-07,5.313815345771938e-05,3.151525007019481e-05,0.00012125299636398335,2.4173781322637276e-05,1.953968272288461e-07,6.776999775340158e-09,0.0004969019335899209,2.8287500294193756e-06,4.186386101342708e-09,0.01068610312057067,5.839402740582294e-06,0.000837586322205792
46,2.6757352453992684e-07,1.6509112191102448e-05,2.83256730776868e-05,0.00030514575457903353,0.9828996069093127,0.0014193322555099022,0.0005865101012240074,5.299203133563732e-07,7.742132848180452e-05,1.0894922905066361e-06,0.0007801157103552171,3.7386065827835295e-08,1.3338746577866293e-07,5.7726850814167745e-05,3.382061685336765e-05,0.0001386956443082597,3.48153456756909e-05,2.1513015476644358e-07,7.174336810978321e-09,0.0005824241054679402,3.21310245432227e-06,5.527550168046353e-09,0.01219112792608407,6.37837462293453e-06,0.0008365455972862272
47,4.10291812873718e-07,1.6272199108671854e-05,3.285883038790673e-05,0.0002027204474684813,0.9883471186417352,0.0008647210082873544,0.0007816388767011626,4.541657780797636e-07,0.00010336048989567877,1.0231619025457273e-06,0.0004339566299869308,6.349466233581094e-08,2.2960045705090642e-07,3.5318279075603484e-05,3.943235741260932e-05,0.0001619983429084429,3.023699895670124e-05,2.082436821478657e-07,8.185071458028022e-09,0.0005694429522237097,3.45638877517664e-06,5.748734554396342e-09,0.007314535186795804,5.689771304093367e-06,0.0010548397068754507
48,3.5805324505207164e-07,3.841763768361078e-05,2.7681936637979986e-05,0.00025916583384660857,0.9778168339272196,0.0018449167119649794,0.0007170567571564524,7.082444419208068e-07,7.436536380695141e-05,1.9984935127675895e-06,0.0009917239933084306,3.603859667708347e-08,1.1112172541523869e-07,6.897665675724459e-05,2.3019366713955454e-05,0.00011740046273263775,3.059817424376453e-05,1.6870506923097404e-07,2.5873591250981245e-08,0.0005004181380308125,3.215463895728467e-06,6.0414890272872116e-09,0.0169425532359207,1.1128277342886281e-05,0.000529115491066369
49,3.4261233556428416e-07,2.1502995724763735e-05,4.428018416074476e-05,0.0004312613610371376,0.9786574726356827,0.0017416367354557958,0.000828083871355766,5.6264779273057e-07,0.00010592641289734311,1.6176045887813713e-06,0.0007844434221375277,5.6661317885828974e-08,1.6062261584135317e-07,6.80315405534749e-05,3.8961998965922145e-05,0.00015644695798665628,2.8509733185076658e-05,2.6151327028557374e-07,7.993941221273641e-09,0.0006524679825927572,4.1882826964742556e-06,5.74565845350377e-09,0.01528130421722425,8.34533729208126e-06,0.0011441209295308134
50,2.78003629487041e-07,1.5952056130083744e-05,2.6219376692311154e-05,0.00023268782737566115,0.9812646046947727,0.0008981055860198232,0.001582244885308701,7.588139360962056e-07,4.028341143370035e-05,2.336755483107714e-06,0.0005052259721243665,5.190351452617134e-08,1.0917501094813041e-07,7.429185124482285e-05,2.8624434826329564e-05,0.00010145964792222452,1.866616251835826e-05,1.7264614330068472e-07,7.322524106355621e-09,0.00043461779268316487,2.599120395563801e-06,3.798537651793339e-09,0.013559030317200967,3.7167666637674555e-06,0.00120795167790834
51,4.822656209461219e-07,6.063960288112475e-05,4.1380961491228974e-05,0.0009112850253882878,0.9739881022838722,0.0017910507283793247,0.0010331688461709455,1.0558555615396034e-06,0.00014855799051076982,2.620574438452683e-06,0.0011624931742021853,8.350152880426963e-08,1.1822151028801908e-07,0.00013956636984589546,5.362980816563506e-05,0.00017834437017041343,3.813459329217062e-05,4.1431249583500646e-07,1.4407217575546962e-08,0.0007903343194312775,5.0669936171278986e-06,1.2547732621704407e-08,0.01837726774445709,9.514196742352228e-06,0.001266661305276041
52,5.639909752494314e-07,9.73161401606594e-06,3.4524962810382775e-05,0.00012309978749281176,0.9892516691940119,0.002810636248047178,0.00031697400510262593,3.7002839626091245e-07,0.00011387006097770834,1.3944147038124105e-06,0.0006514690277497867,1.1862611698119071e-08,8.200925979737719e-08,4.515934516665049e-05,8.519108151610552e-05,0.00016147711668841144,3.242096560233903e-05,9.966131873883273e-07,5.791124987446594e-09,0.00048415595771802734,1.729413854838588e-06,6.343120831247018e-09,0.0044433470365865015,4.7836371546227294e-06,0.0014263294921237723
53,1.5655463677661448e-07,1.1239618537731495e-05,2.211057569069268e-05,0.0002722361588360666,0.9852556632802981,0.0007494249868161685,0.0014229798883111774,6.329325857994616e-07,6.281942023622385e-05,9.343861663311661e-07,0.0006818480934768791,5.862058993121938e-08,9.257164604591479e-08,5.207640729025944e-05,3.672563196871008e-05,0.00011779331628500707,1.2521385938088363e-05,1.1914778085305841e-07,4.539869368309439e-09,0.00033693034954129986,2.4388726502121527e-06,3.5119018831240316e-09,0.010107745002701295,3.6946901239370885e-06,0.0008497500561213769
54,3.6516033397318825e-07,2.3012954073914073e-05,2.556141228798752e-05,0.00020263582252982556,0.987921380382048,0.0011383711012983824,0.0007603152510097263,3.3741737983093824e-07,8.00309847954979e-05,1.228324151054833e-06,0.0003851826827587964,3.8841515656815e-08,9.735264682840742e-08,5.837777565789569e-05,4.713067973027392e-05,0.00010326603374831658,1.7354591676293647e-05,1.6963289405909302e-07,6.166679876359631e-09,0.00039099747888503923,1.851666676119701e-06,3.378395710261431e-09,0.007397639056391175,3.2125088483478613e-06,0.001441433343587255
55,7.173436616240345e-07,2.530240603940603e-05,6.493280701429825e-05,0.0003841560865614122,0.9897949102246973,0.0010749922713945298,0.0012062631204563822,4.886714619496339e-07,0.00033055892884242225,8.446047944327676e-07,0.0004805818877140862,1.3952710614131288e-07,3.5054997728496205e-07,3.803369880432433e-05,4.222192185722713e-05,0.0001902640114867503,1.6565694686575234e-05,3.2827180646270255e-07,8.523982247006247e-09,0.0004593000264338043,4.128093872705181e-06,4.533791505871264e-09,0.004721451212545239,8.83247276901731e-06,0.0011546231082428331
56,2.994472260631867e-07,1.7437508085515385e-05,2.933821317787632e-05,0.0002698842008576737,0.9850166411874081,0.0012631646702934837,0.0006965166502307389,4.801518054697485e-07,8.484878286525633e-05,1.0929150180837483e-06,0.0006633210534278034,4.189055753545583e-08,1.3342758602062393e-07,5.34653774112861e-05,3.246811264279165e-05,0.00012412637898600006,2.4797715638330943e-05,1.9978285771455405e-07,7.194136421679858e-09,0.0005019145360524124,2.88264797524935e-06,4.380032991134564e-09,0.010347380327887777,6.032656958695279e-06,0.0008635207908808828
57,3.073098490163088e-07,1.9236059210727616e-05,3.0478671000846637e-05,0.0002964359533180117,0.9843747880526924,0.0010531084458409868,0.0008271009182989411,6.834444333709275e-07,0.00010307301321129171,1.3020214475886961e-06,0.0005819656101188796,7.6608934054934e-08,2.4648838474190345e-07,5.382114442721192e-05,4.177231425973217e-05,0.00019814949182081417,3.4235081970166704e-05,1.990482086116802e-07,1.0133477639599689e-08,0.0007691906815785235,3.969898676772653e-06,7.12531581718805e-09,0.010636869801895609,6.474991895360791e-06,0.000966497689732923
58,3.4263868373500674e-07,1.7914904381107094e-05,3.3358673276854266e-05,0.0002694900260196376,0.9844559800425384,0.001321249201796912,0.0007080833015658361,4.82468258521404e-07,9.02224564387489e-05,1.067472221243115e-06,0.0007396828868801717,4.3373262739566e-08,1.3843715838090426e-07,4.852806446670003e-05,2.8767220506292964e-05,0.00012369780327168122,2.2453335819169954e-05,2.0093282584102192e-07,8.24484458766372e-09,0.00048270217872708896,2.8182151700551513e-06,4.074978465179288e-09,0.010880901761079496,7.868276457047589e-06,0.0007639940093710926
59,3.4067834299679957e-07,1.8335990800859583e-05,3.854192898759724e-05,0.0003111586394116653,0.9829854924203802,0.0014543535595854787,0.0007414337275821132,5.21603614306967e-07,9.59701445316848e-05,1.1912434864540545e-06,0.0007679920137046437,4.420726430435253e-08,1.3606923656581084e-07,4.8810472757711825e-05,3.156286483957453e-05,0.00013497300963304752,2.29631005011774e-05,2.1093468644954016e-07,8.223875354034187e-09,0.0005354265896605265,3.1876773900699975e-06,4.3071693905755445e-09,0.011991494851185832,8.395748528026586e-06,0.00080744999284403
60,2.8295974298083843e-07,1.7383785634747612e-05,2.8618750636658445e-05,0.0002757061022633544,0.9848648710422874,0.0012991564097913613,0.0006785541103412012,4.845091230018753e-07,8.306363369381333e-05,1.1015311617894692e-06,0.0006739883405593185,3.7766250939144355e-08,1.1475326384114457e-07,5.285150905654906e-05,3.2917412526147096e-05,0.00012512303418843072,2.40308779818761e-05,1.9723336272048757e-07,6.9124772910460255e-09,0.0004941569663492907,2.8301370852029232e-06,4.279206028507348e-09,0.010499070881332602,5.848140190677371e-06,0.0008395989214927805
61,3.50974330621903e-07,1.8497776399134256e-05,3.758921840241715e-05,0.0003000974074249643,0.9834365567998293,0.0014003841931870369,0.0007604355525253981,5.16909789422129e-07,9.465028174066075e-05,1.1948474032401945e-06,0.0007376351844263168,4.550886384015884e-08,1.402392987256353e-07,4.9491120432251334e-05,3.1607797102661455e-05,0.00012918552726106714,2.3036601938163055e-05,2.14467884421314e-07,8.256401626816506e-09,0.0005209860783880103,3.1455351209042616e-06,4.302361673468795e-09,0.011605779930091749,8.011983293395519e-06,0.0008404335061029676
62,2.8295974298083843e-07,1.7383785634747612e-05,2.8618750636658445e-05,0.0002757061022633544,0.9848648710422874,0.0012991564097913613,0.0006785541103412012,4.845091230018753e-07,8.306363369381333e-05,1.1015311617894692e-06,0.0006739883405593185,3.7766250939144355e-08,1.1475326384114457e-07,5.285150905654906e-05,3.2917412526147096e-05,0.00012512303418843072,2.40308779818761e-05,1.9723336272048757e-07,6.9124772910460255e-09,0.0004941569663492907,2.8301370852029232e-06,4.279206028507348e-09,0.010499070881332602,5.848140190677371e-06,0.0008395989214927805
63,2.975676054819646e-07,2.0206591709927498e-05,2.8206505434889347e-05,0.00028482442178352996,0.984337933619629,0.001299593694813576,0.0006710731557996099,4.500962380493847e-07,8.506018947556543e-05,1.1630933431710096e-06,0.0006543863278244032,3.9579378107547146e-08,1.169915753445171e-07,5.517690319683215e-05,3.253813736022147e-05,0.00011858224373887396,2.4562078326148105e-05,1.938068127265056e-07,7.410287723089282e-09,0.0005033905413093836,2.9479493666241886e-06,4.396985680733403e-09,0.01100084370132118,6.037012498758767e-06,0.000872363984185208
64,2.721264941272918e-07,1.8966579382132177e-05,3.082981773315768e-05,0.0003113134591601382,0.982801516693276,0.0014689932247314477,0.0007122219912822786,4.951345151550863e-07,9.049682885044323e-05,1.3366067726572832e-06,0.0006640852247797514,4.379857439648733e-08,1.3733537660335392e-07,5.7645305710868554e-05,3.5199229633822014e-05,0.00013876298085389277,2.7517569891239357e-05,2.1352093426088077e-07,7.675868345679125e-09,0.0005743536266613446,3.989838891708604e-06,5.130525301772527e-09,0.012137411738107314,6.580833814425965e-06,0.0009176037281791171
65,2.9739122492619764e-07,1.6022637645811064e-05,2.655357634649076e-05,0.0002212340763136292,0.9878760643161949,0.0011477474656624107,0.0005494280657989482,3.767318670573962e-07,9.8257951750138e-05,7.123894997768141e-07,0.0006727438652749078,3.616780212270217e-08,1.2309551982654903e-07,4.051318377918362e-05,3.13981292222141e-05,0.00011650988477730526,2.233456060158548e-05,1.771612505117715e-07,6.686320467335735e-09,0.0004203760892647788,2.3529777790148423e-06,3.927437330122842e-09,0.008044048302000416,6.108905088408175e-06,0.0007065724615779374
66,2.4452038638285227e-07,3.6485856027006984e-05,2.9135598702783627e-05,0.0008083328417444936,0.9773698004140949,0.0013476817835576854,0.00140617614993462,1.5466235436777753e-06,0.0001377271001045127,1.3462113124863888e-06,0.0014971225313938552,1.2234243965026656e-07,1.1023698270229874e-07,0.0001653142194827917,8.955297044748317e-05,0.00023543668170542876,2.803867583797954e-05,2.3610580578282961e-07,1.119519595945241e-08,0.000499359378661798,3.926442533131832e-06,1.4813618997982744e-08,0.015148639648325012,5.305472648195231e-06,0.001188332185512485
67,1.4736973520372516e-07,1.195799920857116e-05,2.9637839043575382e-05,0.0006746860051771783,0.9518921288345898,0.002909631061570417,0.000353887965096567,3.9104884885569174e-07,4.0340208512592795e-05,1.811923392359417e-06,0.0008989921645157523,2.550129809315092e-08,1.7735911647823625e-07,0.00015325087534891438,1.4967575258800172e-05,0.00012883328497460337,5.309864976293732e-05,2.553915418213224e-07,2.9152585763274864e-09,0.001316617024172236,4.270537114504012e-06,3.329118359242018e-09,0.04048968465246964,8.550211748562516e-06,0.0010166502731255933
68,4.897024360262509e-07,2.8397881834995707e-05,7.137017896585329e-05,0.0006955825614847688,0.9712644272684376,0.0020256447879060365,0.0009787786600478324,6.91943242360227e-07,0.0001318200404136579,2.354308726995914e-06,0.000871550670948101,7.009642116194222e-08,1.7960960450239586e-07,7.281982825181672e-05,2.7156829541122323e-05,0.0001784567371666621,3.1358913665452866e-05,3.5637875086413786e-07,9.471259143554951e-09,0.0008240398476520439,6.192006292022094e-06,5.9288042999951545e-09,0.021669367456184623,1.3866632057417825e-05,0.0011050122599047592
69,3.0514456457448784e-07,1.619776943507591e-05,2.6092850590880184e-05,0.0002156318700334047,0.9881801859720676,0.001189374849861448,0.0006123333167308102,4.2026122099715494e-07,8.579065092345338e-05,9.472248334742024e-07,0.0005472220962844094,3.265796220034331e-08,1.1193198904302954e-07,4.757616326691562e-05,3.4634419418190344e-05,0.00011857056679557918,2.4503662258357554e-05,2.044051158795155e-07,6.239978405264928e-09,0.00043746493157608747,2.302275789561122e-06,4.056515314539051e-09,0.0075712105377169015,4.485208310454428e-06,0.0008843909367612846
70,3.6196578930729506e-07,1.5310742628020003e-05,3.6583898612415305e-05,0.0003705557947468563,0.9867142238989559,0.0012150798069338715,0.0007935149223918613,6.563899439158841e-07,9.541863573258868e-05,1.2516658193129787e-06,0.0005317283054722287,4.828042689339786e-08,1.5669937881274163e-07,6.385129352334449e-05,4.062012176667983e-05,0.0001839151289841266,2.776660922300553e-05,2.8277243003579017e-07,4.8391557710168035e-09,0.0006699536365861038,2.5804434045707323e-06,4.478238104618368e-09,0.008039796049875376,4.429602961942962e-06,0.0011919040170187264
