,0,1,2,3,4,5,6,7,8,9,10,11,12,13,14,15,16,17,18,19,20,21,22,23,24
0,0.05414860821336288,0.073590474436442,0.00012775422772974288,1.4680851297074483e-05,0.00747892640221214,0.0011304155710523402,0.0005638507592856522,1.7319649554596299e-06,0.009040602561210722,0.0004935549752567975,0.24293454927600122,7.768284587388707e-06,4.47849509914208e-06,0.008205191452032483,0.47653816741229543,1.7095599327906474e-05,0.00011340389198285337,3.849746791926898e-06,0.02173787177393201,4.391378514869837e-07,0.007562585610963182,0.021594646536914362,0.018463493450262273,0.00068273854882746,0.055543120820325934
1,0.0651368823455816,0.08430039063855307,0.00011883396304501958,1.581980901320719e-05,0.009134342620224443,0.0010256234417133057,0.0005738324414135988,2.0369542310388126e-06,0.017782738918926663,0.0006203659890162113,0.23301565078710584,5.712995366933806e-06,4.351008124702666e-06,0.006725500874661191,0.4641380357569026,2.2061748175036242e-05,0.00011352174354536005,3.076499958989492e-06,0.022059008469099257,3.740399463060978e-07,0.005239684621823589,0.01957414103035464,0.016907956169083135,0.0008459753313502119,0.05263408180278398
2,0.05356550580149928,0.05811174843981859,0.00010352940694011417,1.2457935257552015e-05,0.008518660008818913,0.00069397173450386,0.000571308334125333,1.6809707736178852e-06,0.01364942703307001,0.0005457832793667785,0.19565454042863265,4.470075898816579e-06,3.02679306730019e-06,0.008509115189890117,0.5055331285967725,1.2652825279723956e-05,8.086211896813883e-05,3.289197260593218e-06,0.018669137099107357,5.044277527671031e-07,0.0052521704831510075,0.02547608578656967,0.02079570269173523,0.0008065393813307204,0.0834247019604094
3,0.05411454179241295,0.07744015659450756,0.00011639297260880275,1.4800035731609973e-05,0.008002735990506578,0.0009328718837133203,0.0005124283449813228,1.525768907229017e-06,0.009636775405659385,0.00043890736762994736,0.2661550545230488,7.749861273579538e-06,4.278680457413117e-06,0.008543146002741676,0.4530954566258771,1.534643847307907e-05,0.00011360565337845379,3.7898279188022177e-06,0.018139832286333476,3.465074791903578e-07,0.006862127255368491,0.02076859957323422,0.01801391490424527,0.000678433253720085,0.05638718244979173
4,0.05252733178701515,0.08662810223481349,0.00012242760473773063,1.5858111689239362e-05,0.008478748161502998,0.0009503233843718268,0.0005073288255325424,1.5118348140745187e-06,0.009519145379942532,0.0004328660694087123,0.3002736742857041,9.469681818254654e-06,5.386325448396149e-06,0.009552724498121539,0.4129216040214851,1.571370750539297e-05,0.0001241747085893072,4.189498276740785e-06,0.017854057728357742,3.4430544605567673e-07,0.006983279171686143,0.021114633166530415,0.017397049884202813,0.0006689544318464825,0.05389110119115314
5,0.0744738418217064,0.0695375273094709,0.00012747180186871763,1.9609383520947454e-05,0.008443847958819023,0.0008673884451491229,0.0005340876537646197,1.6659257679403474e-06,0.010491842179047096,0.0005397301967283592,0.28916182094621246,9.729587336388756e-06,4.500797594251596e-06,0.010708186042378555,0.39072335117795287,1.7790614360127706e-05,0.00013879874306000056,7.0909490340046425e-06,0.015743713412610594,4.6965228045456985e-07,0.007825062672865904,0.021411343517410517,0.02226086232531187,0.0009567306634853687,0.0759935362222635
6,0.05411454179241295,0.07744015659450756,0.00011639297260880275,1.4800035731609973e-05,0.008002735990506578,0.0009328718837133203,0.0005124283449813228,1.525768907229017e-06,0.009636775405659385,0.00043890736762994736,0.2661550545230488,7.749861273579538e-06,4.278680457413117e-06,0.008543146002741676,0.4530954566258771,1.534643847307907e-05,0.00011360565337845379,3.7898279188022177e-06,0.018139832286333476,3.465074791903578e-07,0.006862127255368491,0.02076859957323422,0.01801391490424527,0.000678433253720085,0.05638718244979173
7,0.057720810981346404,0.0984791401027762,0.00015868166867897702,1.2770307927244334e-05,0.007721751398509937,0.0008434951455778487,0.00040238409136311395,1.5198241564278516e-06,0.007102148246601741,0.00033476865299937554,0.3365980826687951,8.371228199293878e-06,6.252228057580494e-06,0.0062331629130903815,0.3975106708918091,1.226427139013709e-05,9.854283903515522e-05,2.979485808175904e-06,0.021343486819703064,2.459535157404523e-07,0.006076993703870223,0.017715291684648644,0.010884793854872775,0.0006092761324042018,0.03012211490486331
8,0.045143470585038425,0.03664555093947988,8.700397291842372e-05,1.555821338895142e-05,0.006862348870008687,0.0004421001859584697,0.00041459468589907897,7.783531857999842e-07,0.013055500448340723,0.0006430485251149993,0.2210895324592814,2.4462492964602e-06,1.5731806150841262e-06,0.011214157690113384,0.5093626450075559,9.093681263813082e-06,6.507168453342991e-05,3.4103558667364454e-06,0.007106632411431542,3.38559632782616e-07,0.004191131830168735,0.020328006509001573,0.018655614201135616,0.001826012035018335,0.10283437936575172
9,0.05028648253314578,0.04198742904017618,0.00015118168117993558,2.0575930267407295e-05,0.007129864508079088,0.0007602322713530681,0.00033609489637344465,1.447818659824637e-06,0.011515216569550422,0.0006506956495551876,0.28304081997788194,3.900348209562173e-06,3.1685131324871642e-06,0.010487461245001797,0.4777177037214131,1.3407705205811438e-05,0.00010549801128315888,3.2820692494106852e-06,0.012996373452057812,4.860033999215511e-07,0.005881181494845448,0.023782266267462167,0.021270881430532997,0.0016181168918573436,0.050236231970126666
10,0.05411454179241295,0.07744015659450756,0.00011639297260880275,1.4800035731609973e-05,0.008002735990506578,0.0009328718837133203,0.0005124283449813228,1.525768907229017e-06,0.009636775405659385,0.00043890736762994736,0.2661550545230488,7.749861273579538e-06,4.278680457413117e-06,0.008543146002741676,0.4530954566258771,1.534643847307907e-05,0.00011360565337845379,3.7898279188022177e-06,0.018139832286333476,3.465074791903578e-07,0.006862127255368491,0.02076859957323422,0.01801391490424527,0.000678433253720085,0.05638718244979173
11,0.05399056723548032,0.08285075278237973,0.00012179482988489657,1.5379526265499555e-05,0.008113025446030637,0.0009859099434314626,0.0005239337906886489,1.6807940691751245e-06,0.009704362824312925,0.0004314072939567608,0.273595144459299,8.66336732822016e-06,4.998982809103732e-06,0.008525442463837934,0.4426464298216977,1.6495818654923515e-05,0.00012285426790403805,3.8676274761125116e-06,0.01931053905221661,3.52702883422211e-07,0.0068266370730206034,0.021111412018455993,0.017789338483497435,0.0006526228205747137,0.0526463865738441
12,0.04522546383159936,0.11637859259925153,8.690238762078835e-05,1.7319148534678814e-05,0.026114368606832063,0.001252727012517713,0.0006928964516266691,4.951360293056668e-07,0.008663524965234988,0.0002923181658361438,0.21067055949349375,1.5147400807214469e-05,3.71554489120567e-06,0.02448952755872902,0.26269727316484925,1.3051486780837418e-05,7.704391896263656e-05,1.2172691309700008e-05,0.009278074089929832,5.595710322660692e-07,0.007673581500403719,0.007263548949593594,0.033180017014077974,0.0004197890288222393,0.24548133028123367
13,0.029525103684679806,0.053939047960906504,8.556647973787417e-05,1.2174762936972432e-05,0.006506082493385966,0.0005105114182714479,0.00024117527382633877,7.244485484979707e-07,0.004374199909669261,0.00018623219380837778,0.4379829057211199,6.016747863414505e-06,3.927532689628368e-06,0.006424776746427491,0.39753165256595263,8.65214544782405e-06,6.72063397438718e-05,1.9144449290160645e-06,0.010517889158320243,1.436962155707306e-07,0.005495347352433871,0.011147532386657222,0.012979546048201302,0.0005470711109999587,0.02190459937722671
14,0.05341097558304783,0.1515031430262831,0.00011763232451240715,8.8932556223636e-06,0.01008217340972053,0.0011640105273942169,0.0004279418759425716,1.0075339336057686e-06,0.005303189414043201,0.00027546688366322585,0.3275887746551838,1.4399737584941522e-05,6.7100551204858295e-06,0.007676132192339417,0.34045571980494493,1.3537648947422649e-05,8.868416156742659e-05,3.2577021562135497e-06,0.030660258623180114,2.247196501981708e-07,0.007494249042643148,0.01402060858141475,0.011193775576271025,0.0003213881629960878,0.038167845501837105
15,0.05411454179241295,0.07744015659450756,0.00011639297260880275,1.4800035731609973e-05,0.008002735990506578,0.0009328718837133203,0.0005124283449813228,1.525768907229017e-06,0.009636775405659385,0.00043890736762994736,0.2661550545230488,7.749861273579538e-06,4.278680457413117e-06,0.008543146002741676,0.4530954566258771,1.534643847307907e-05,0.00011360565337845379,3.7898279188022177e-06,0.018139832286333476,3.465074791903578e-07,0.006862127255368491,0.02076859957323422,0.01801391490424527,0.000678433253720085,0.05638718244979173
16,0.06478730700323139,0.07598181834123481,0.00011754428092486933,1.730795763427646e-05,0.007869833755813174,0.0008227219895960494,0.0005856609442265051,1.3068293936124708e-06,0.007160228070922889,0.0006318518560516028,0.28317279815129826,1.33455944958694e-05,3.971421435622076e-06,0.0128241232079591,0.3779844047397623,1.5073232644186301e-05,0.00013579855724541042,8.37912414116821e-06,0.01572451142501164,4.408023504679258e-07,0.013175077398337147,0.026208252452500184,0.018735715853778978,0.0007055132973406604,0.09331701371267004
17,0.08182593885873794,0.09946247304364203,0.00012621545037019437,1.7198719147765206e-05,0.009002253320246135,0.0007902046923742247,0.0005524923007969081,1.8186229838495987e-06,0.007977436716791485,0.00046075320174313847,0.30619468020083024,2.403551850270006e-05,7.114384527821211e-06,0.016331526824644678,0.27333961311920235,1.5070630500773966e-05,0.00019944422805806908,1.2675959004420289e-05,0.020356188246910187,5.48094053897621e-07,0.011782728252411294,0.03145677071737843,0.026661342030013285,0.0005633211692933239,0.11283815569783492
18,0.04257839474282443,0.06586541593912569,0.00012637945938877987,1.4893500019866118e-05,0.008503902810178007,0.0008964876861350191,0.00041782118388327755,1.3959502660010754e-06,0.008193104663735863,0.000351002123071909,0.2662554237864041,5.33437706460692e-06,3.664561900777739e-06,0.0064632598219893965,0.5118177590937003,1.3761196977721974e-05,7.914243260833968e-05,2.2764894434767204e-06,0.017059613362257687,2.7697553431793936e-07,0.0060991912195292675,0.0154741063930121,0.014818756909769939,0.0006612856135949408,0.03429734970758419
19,0.05158718497767994,0.0913016761222587,0.0001555675291485373,1.707345687578766e-05,0.010518134067153616,0.000884704343561379,0.0005153952761489228,1.9395537774849128e-06,0.008934091523706712,0.0003952424840948085,0.28559520265334226,1.1217730259989487e-05,5.922263989086257e-06,0.008769211419526177,0.42963423373028853,1.5703154035496972e-05,0.00011488942477068787,4.115404048815495e-06,0.020960514067249966,3.5607708103222314e-07,0.007473103984026692,0.023316238213180362,0.014545780116741068,0.0005744137111147417,0.0446680887159391
20,0.024136582106092354,0.04007389922175469,8.515602907570763e-05,1.0068747705254686e-05,0.004676536259419652,0.000530283392247496,0.0004172874296223935,1.3418475983761763e-06,0.004895087300302607,0.00026838426739840104,0.20259622507085304,3.319614339143924e-06,2.3658793917277194e-06,0.004484775012220649,0.6373016453093042,8.407687577314838e-06,5.579466770803175e-05,1.2399476768686976e-06,0.014092855430642207,2.0283369050047062e-07,0.006028324854430345,0.01975850198315699,0.012051766705054971,0.00045360327484007384,0.02806634512789704
21,0.07409798538275437,0.09596731336961718,0.00012968581615140123,1.7644759081690556e-05,0.01142159995740699,0.0007693088067045243,0.00043144052628730795,1.2861634218122316e-06,0.008033365489110121,0.000588033042872207,0.3379106230846734,1.2985685786507773e-05,4.876488255188357e-06,0.011434927369779132,0.32484122643255325,1.6224849688224866e-05,0.00011124428923454592,6.690691922133316e-06,0.01879397416387359,3.6712040241338903e-07,0.011514490998618161,0.019068194233253413,0.01655785861426625,0.0007015181468706688,0.06756713451741544
22,0.05523758520013165,0.05927285683651267,0.000143078120714549,1.9370462032644778e-05,0.006421727791078607,0.0008942938020908526,0.00037524796656212303,1.4679011279184068e-06,0.006881388804874414,0.0005430526316611247,0.33507273752561784,9.104459417196639e-06,4.1751593227503915e-06,0.009514781005233893,0.41732582009380387,1.622238092525092e-05,0.00014949972901746918,4.8303510879288145e-06,0.014739393798116514,3.6090910005930145e-07,0.009745741509617462,0.02346124734587978,0.01692137595459906,0.000869750732570365,0.04237488952890405
23,0.05411454179241295,0.07744015659450756,0.00011639297260880275,1.4800035731609973e-05,0.008002735990506578,0.0009328718837133203,0.0005124283449813228,1.525768907229017e-06,0.009636775405659385,0.00043890736762994736,0.2661550545230488,7.749861273579538e-06,4.278680457413117e-06,0.008543146002741676,0.4530954566258771,1.534643847307907e-05,0.00011360565337845379,3.7898279188022177e-06,0.018139832286333476,3.465074791903578e-07,0.006862127255368491,0.02076859957323422,0.01801391490424527,0.000678433253720085,0.05638718244979173
24,0.05516575551498969,0.08813946055362608,0.00013427750326500335,2.223924036017982e-05,0.013643731614182343,0.0008862029621326386,0.0004732028991531821,1.5323911716862695e-06,0.00987838762636676,0.000412952257486043,0.33872619686317695,1.224167908538591e-05,6.264985679223357e-06,0.012820698637928774,0.36020346863483055,1.8758056441785875e-05,0.00011838836712144035,5.598134511235851e-06,0.016901318727074968,3.8062902110937105e-07,0.007405783571389057,0.01734175406336077,0.01998051764112711,0.0007021646687109211,0.05699872277780724
25,0.06011691726707539,0.05612550620822691,0.00011834492056537823,1.7544875877666402e-05,0.00789867778915111,0.0004971561239825047,0.00041732011221193006,1.9223396296045667e-06,0.005995573733551516,0.00032657048822154266,0.37261635703610185,8.628966456368943e-06,5.171835753446995e-06,0.006098467760929608,0.40077988514831037,1.5039054598318838e-05,8.96931022389035e-05,3.9073103653922695e-06,0.0186421625308887,2.645812517454738e-07,0.008091197241336192,0.01670290766400744,0.01492606132692046,0.0005978151313383674,0.0299069074510093
26,0.05909201382612845,0.0733435241103539,0.00011513099520264812,1.6435037777655398e-05,0.00800122527160616,0.0009670793158425676,0.0004965135558300419,1.6225922120027953e-06,0.01185128722534577,0.000438471016657175,0.2671082874916127,6.789201801563563e-06,4.241261744366237e-06,0.00823672698089649,0.44916790415109725,1.6440340133821904e-05,0.0001225093076492779,3.7802797314648033e-06,0.016641669379817835,3.6591638091194874e-07,0.006058681294013479,0.019043626220265134,0.021067127411918646,0.0008276339653770853,0.057370913850603576
27,0.04196438411924051,0.061802562461235236,8.6493630053878e-05,1.0937845510626779e-05,0.006417000759722218,0.0007199511207273961,0.0005671266760273447,1.4315073171036575e-06,0.01327361612284525,0.0004814398637100437,0.1980661215827153,4.328164180334301e-06,2.935212845429656e-06,0.007211908628928457,0.5407257644059241,1.2232056947733654e-05,9.255214882239927e-05,2.3988635263035902e-06,0.015603625337026243,3.402828740754688e-07,0.004419826765550624,0.02589161458088319,0.016140772669521686,0.0007410667380083681,0.06575956845585615
28,0.05411454179241295,0.07744015659450756,0.00011639297260880275,1.4800035731609973e-05,0.008002735990506578,0.0009328718837133203,0.0005124283449813228,1.525768907229017e-06,0.009636775405659385,0.00043890736762994736,0.2661550545230488,7.749861273579538e-06,4.278680457413117e-06,0.008543146002741676,0.4530954566258771,1.534643847307907e-05,0.00011360565337845379,3.7898279188022177e-06,0.018139832286333476,3.465074791903578e-07,0.006862127255368491,0.02076859957323422,0.01801391490424527,0.000678433253720085,0.05638718244979173
29,0.05411454179241295,0.07744015659450756,0.00011639297260880275,1.4800035731609973e-05,0.008002735990506578,0.0009328718837133203,0.0005124283449813228,1.525768907229017e-06,0.009636775405659385,0.00043890736762994736,0.2661550545230488,7.749861273579538e-06,4.278680457413117e-06,0.008543146002741676,0.4530954566258771,1.534643847307907e-05,0.00011360565337845379,3.7898279188022177e-06,0.018139832286333476,3.465074791903578e-07,0.006862127255368491,0.02076859957323422,0.01801391490424527,0.000678433253720085,0.05638718244979173
30,0.05411454179241295,0.07744015659450756,0.00011639297260880275,1.4800035731609973e-05,0.008002735990506578,0.0009328718837133203,0.0005124283449813228,1.525768907229017e-06,0.009636775405659385,0.00043890736762994736,0.2661550545230488,7.749861273579538e-06,4.278680457413117e-06,0.008543146002741676,0.4530954566258771,1.534643847307907e-05,0.00011360565337845379,3.7898279188022177e-06,0.018139832286333476,3.465074791903578e-07,0.006862127255368491,0.02076859957323422,0.01801391490424527,0.000678433253720085,0.05638718244979173
31,0.11018904328921862,0.09564464557153103,0.0001826840242451513,1.582002411071247e-05,0.009824465324380865,0.0008373255183584049,0.0005350402005207985,2.784391403638338e-06,0.010444093211688673,0.0005320121189188421,0.248019234437649,1.2711486703806236e-05,6.1314183210921506e-06,0.008983335247815505,0.34523844155679556,1.686056757688534e-05,0.00014007426104165104,7.771439676118466e-06,0.031703709518421115,5.788570540013143e-07,0.0089858666316496,0.02750532738307134,0.021351827478766128,0.0006955270202396285,0.07912468902084187
32,0.05346613033515367,0.07803879129414495,0.00011955147447163326,1.3447033157287793e-05,0.007986929562521712,0.0009389407044714433,0.0005236606078163297,1.6706128260273864e-06,0.009054083009216436,0.0004232388147392813,0.2552570676263468,7.860395819870296e-06,4.482547033373246e-06,0.007968020235516867,0.4636337162952979,1.5467358589037356e-05,0.00010781143152238964,3.5150933334726997e-06,0.021840789670379425,3.6200704986632596e-07,0.006855259931592657,0.021824033642321918,0.017576965930006627,0.0006069051098685661,0.05373129927680258
33,0.0724865297463648,0.14065553084475296,0.0001477561773983505,1.8439692021913695e-05,0.006071832868941753,0.001391067638929006,0.0007969652631578647,3.5731168974757804e-06,0.015390257190089766,0.000712470569192366,0.3027346444349395,2.9683412648011322e-05,1.704612796239831e-05,0.01583526468525703,0.268265400023495,2.856755167972102e-05,0.0004890058344172669,9.292268142869294e-06,0.029022473086422175,5.356580875987587e-07,0.0060162729377103005,0.06411243520864406,0.015386713317903086,0.0005505173881364753,0.05982772495680826
34,0.028997514004894406,0.07037529590920559,0.00011205786337883478,3.76992701427413e-05,0.005891886717914398,0.0026995843986896808,0.0009986580737757526,1.766978611290879e-06,0.006417381620342599,0.0005008453713312428,0.2095616380769517,1.9487521620070642e-05,4.7911039389170295e-06,0.015565645572332214,0.5276675112409716,3.2399636548918765e-05,0.0003490253947334682,8.968009596906e-06,0.007381771855851875,4.7351459839886126e-07,0.014236890122891564,0.01973867881369475,0.023775206394994253,0.0004681499486331035,0.06515667258435566
35,0.3470530719026952,0.13363352953565763,0.00014167269020371706,1.4954650759998476e-05,0.005961767220274295,0.0004801199111008348,0.0006792074636246478,5.604238227652095e-06,0.023694707095401595,0.0009520695693366853,0.16509937524959437,2.0440520585677323e-05,8.680364456662849e-06,0.005690588428192032,0.13442445423317098,2.308526458948958e-05,0.00032270570776818093,1.973243718015897e-05,0.03349129692470157,4.727603136844028e-07,0.005867041354489972,0.034133160719469494,0.01098304836236019,0.0006630284582574427,0.0966361849375877
36,0.05324605600164661,0.11261552320792134,9.469701338931328e-05,1.4929719508974091e-05,0.004827118595606858,0.00151383577992269,0.000947648510536612,4.718393057030084e-06,0.026211353145026338,0.0005695156096384278,0.17078615573099384,1.885393564301962e-05,9.506294288706709e-06,0.01136721905865422,0.41622309756575715,2.986354459603497e-05,0.0005445568305830359,5.304374872866271e-06,0.025095614084761658,5.50141069314889e-07,0.00411072018113356,0.07450162945017073,0.021901408392173426,0.00044849737522956255,0.07491162706381867
37,0.05510942313949787,0.0764478467961855,0.00011767391935498388,1.4981671094850117e-05,0.008004507276676624,0.0009192645140869994,0.000505145367577586,1.509984130895463e-06,0.009543675987556392,0.0004423438533633526,0.269833873060407,7.759833025197792e-06,4.2536156900421045e-06,0.008621984836818286,0.44949778048770067,1.5291582822573802e-05,0.00011335764443575636,3.890448917289376e-06,0.017929997758193917,3.483258149217916e-07,0.006896583428406061,0.020658092311258085,0.018045229550475744,0.0006997329849707591,0.056565451621538795
38,0.03844254122224982,0.06740168693191358,0.00010549238265146185,1.2265907403386637e-05,0.005512375030987303,0.0014648288576417606,0.0005817325536299795,1.6208080624310869e-06,0.005544728061457668,0.0003211559623972272,0.23659345065593168,7.453804290368844e-06,4.6524337251112815e-06,0.005850564972581749,0.5373571469237887,1.9154567391020384e-05,0.00010949949950380331,2.5089063569425376e-06,0.023558206448819986,3.2084680971271537e-07,0.007535170780820255,0.01621411029424617,0.017774252692191378,0.00043765089082360047,0.03514742856432497
39,0.051196387828871044,0.06414575397197421,0.00010619136527346241,1.6183422817712216e-05,0.006309218842627142,0.0011542930568121945,0.0006562543763429191,2.139227732743456e-06,0.008000460861492961,0.0004374441080606115,0.2022914585766695,8.946842251492905e-06,4.033963718653866e-06,0.007590175610527635,0.5062085929050022,1.8700752534101244e-05,0.00014505097597613119,4.301798739809408e-06,0.020726777921128103,4.513791927360631e-07,0.009831911819317798,0.023554746204328934,0.02535723277565488,0.0005382537887811647,0.07169503762417194
40,0.05402559188143177,0.07752872486912672,0.0001166119605886034,1.4766716457789923e-05,0.008015102164005469,0.0009330340297407731,0.0005121336189648958,1.5227943811093715e-06,0.009610576525941016,0.00043843598558488995,0.2659950212582288,7.754819329250053e-06,4.277005414358087e-06,0.008548328384830668,0.4532988280399192,1.5310617954218982e-05,0.00011332635006282384,3.7850764154149073e-06,0.01816685698271644,3.4645370843818056e-07,0.006861447904485523,0.020782858839632306,0.017963797397516246,0.0006770736422391912,0.056364486681324114
41,0.044663982396789835,0.1586220207321818,0.00012035291229217532,1.8649841778250712e-05,0.015207921172916104,0.001367209258488663,0.000455915269559075,1.3644627135866565e-06,0.028267550133109602,0.000407783791304459,0.23803612423290757,5.200849622769636e-06,5.007531280530185e-06,0.008047919796038541,0.41777316769342054,1.6457966876999798e-05,0.00011338561943047096,1.94462070396976e-06,0.01189796355817992,2.2188077343641369e-07,0.003408122282295927,0.011681495270765837,0.014553900016954342,0.0007216006531446399,0.0446047380564708
42,0.040187748106923785,0.06818446251251462,0.00015475576478763954,8.05597095807545e-06,0.0049536806548553455,0.0006713977253252186,0.00044344745010051374,3.704858700683171e-06,0.006324649050804844,0.00044053684476007276,0.17709150496518308,8.107156136219494e-06,4.729992112884899e-06,0.004432837620586941,0.5417177910067842,1.1734293877448413e-05,0.00010709499166996748,1.5366895905555435e-06,0.052352538971340075,3.6268207724461965e-07,0.008666321271178326,0.059589451508379215,0.009552601745338084,0.0003301824295938554,0.02476076573642122
43,0.05295509231523228,0.09249189363543772,0.00011121555265224439,1.3878643601271876e-05,0.008686628664639333,0.0008586611559419446,0.00045897258333053864,1.215046878547948e-06,0.007260313810087473,0.0002708613376981541,0.3097706250737953,1.1253822518418222e-05,4.896823105252656e-06,0.009020749294017819,0.4057335199993513,1.3233804160203718e-05,0.00011223417293377804,4.371396149632625e-06,0.016451308940916967,2.539153664521565e-07,0.006695995488544878,0.01650286399519167,0.01751888656421211,0.0005348533642413968,0.05451622059999517
44,0.05411454179241295,0.07744015659450756,0.00011639297260880275,1.4800035731609973e-05,0.008002735990506578,0.0009328718837133203,0.0005124283449813228,1.525768907229017e-06,0.009636775405659385,0.00043890736762994736,0.2661550545230488,7.749861273579538e-06,4.278680457413117e-06,0.008543146002741676,0.4530954566258771,1.534643847307907e-05,0.00011360565337845379,3.7898279188022177e-06,0.018139832286333476,3.465074791903578e-07,0.006862127255368491,0.02076859957323422,0.01801391490424527,0.000678433253720085,0.05638718244979173
45,0.02060411429324262,0.03228409355857249,8.024782266757147e-05,1.020400894757746e-05,0.003844081788658939,0.0008240841167034275,0.0004929129446334464,1.6625718904341576e-06,0.005590679507376481,0.0002440196701153396,0.14617009425149036,2.3684732613998548e-06,2.2549234135177704e-06,0.0030533679052183738,0.7258879073559823,1.330330910210936e-05,5.5760790263255755e-05,9.232758517442869e-07,0.014144042072930425,2.1878845940705151e-07,0.0035827843174850607,0.013517006721661952,0.01070946409228289,0.00043978469301567683,0.018444618746773084
46,0.09312169966595191,0.06957692888294757,0.00015677486469497026,3.310035284480635e-05,0.0031492883206833623,0.002035031619924976,0.0004366957342439976,4.43621278448969e-06,0.009135417449047506,0.0004758516237127302,0.3402902032159941,1.7468019570504423e-05,9.895064673066028e-06,0.00660985514064156,0.3652528340137998,3.8847058568310984e-05,0.0006505515908148569,6.541571824870145e-06,0.02001747035901619,4.115198711339122e-07,0.009680285176053453,0.025427514615229973,0.026748476817832777,0.0009341660713680049,0.026190255037904935
47,0.10054005083798132,0.14278812825569767,0.0001215634724693089,7.761340504639668e-06,0.005511585857901859,0.0008841980379167891,0.0007427638388159249,2.665045608969741e-06,0.011758427824519673,0.0006997240348599451,0.17889489969767064,1.8476609220278436e-05,6.054080719969994e-06,0.0076988858188711705,0.33747623067978144,1.5674740902218293e-05,0.00020124671113881616,6.832360827852044e-06,0.04048006342666103,4.68311064758586e-07,0.007653491919519769,0.0580378954650844,0.01140980195379953,0.00045272764527927255,0.0945903820331828
48,0.05584883203523842,0.14399862070317462,0.00013485973487238533,1.3349265862868149e-05,0.0035778017421159475,0.0036901789753926383,0.0007130570133699763,5.555102315842456e-06,0.010650212033259885,0.0003256683830189765,0.19407355617343877,1.3813602612034208e-05,1.2821505784280075e-05,0.00382912211330626,0.4630714210931719,3.543611607614992e-05,0.0003812556449874922,2.071102970716778e-06,0.05233070683256934,3.395799511099419e-07,0.006319242375998299,0.024001849625365106,0.017358846929145987,0.00028608449100470085,0.01932529782499617
49,0.04743898773433306,0.09385681904572818,0.00016837592091363567,1.3635140300288198e-05,0.007625855715017252,0.0013112716126758473,0.0005704257987125498,1.6335717246187885e-06,0.0069954818589984934,0.0004908097347583939,0.25874512192777926,1.3795222882600289e-05,5.839930666626942e-06,0.010790645671630046,0.4372212596679024,1.5134990580695147e-05,0.00014987119497805466,4.860539622927161e-06,0.0242660076249106,4.738929512137267e-07,0.008844642172166722,0.03265780032945398,0.013916549375118714,0.0005433878808543548,0.054351313445339534
50,0.06442472449644648,0.06410631805534818,7.964816688225298e-05,7.253149632657629e-06,0.006545043586709568,0.00044943086590180334,0.0008950323752898324,1.7557656802116348e-06,0.013141217753763082,0.0009273873739613236,0.13672537875602134,4.305336177305143e-06,2.3187771557742004e-06,0.0072326353157576755,0.49060809852893394,1.183269521464e-05,6.093200465602398e-05,3.9717868390177005e-06,0.024753066796614084,4.6586248567865257e-07,0.005525660751670565,0.040259098930790375,0.012110287328277139,0.0006074242030571944,0.1315167113367339
51,0.05198938059564169,0.14460166051886703,0.00017141338658060589,2.9054663529901474e-05,0.011729656086208164,0.0006697376276194542,0.00033170040642608,1.6696007621499279e-06,0.018932500558978632,0.00048391600013219377,0.3923235899097849,7.683456594260852e-06,7.4891655311207986e-06,0.00814340356913695,0.312607353578252,1.2425536904988532e-05,0.00014489066927246634,2.3351917146074737e-06,0.009069869458990467,1.3240088959219953e-07,0.004913540800011868,0.01731206444328013,0.0065019542812010875,0.0008912676701417293,0.01912131042354781
52,0.08787413817356246,0.026784000530574056,0.00017062065233805932,3.438258985483403e-05,0.005968267610028892,0.0007773699989830541,0.00036579841474358596,1.4788656413511105e-06,0.010755892998737717,0.0009638080229915252,0.41999575309149667,4.165791967219219e-06,4.195836897643371e-06,0.009884625225539975,0.3494128154618809,2.642192923402364e-05,0.00013891628134736768,7.862710039687035e-06,0.00944475860570108,5.807566987987252e-07,0.004545952390818144,0.015514086485885903,0.017622442849798484,0.0029729367308475745,0.03672872799439091
53,0.027467917136729705,0.03668910587951397,4.5448016056792746e-05,1.2780361225491806e-05,0.005077622218659887,0.000655434456795647,0.0010106098368953384,1.454408319419337e-06,0.011849543369044408,0.0003226479139687005,0.15492888786278014,2.9330410486607572e-06,2.3762723514099358e-06,0.00572506722301719,0.6343323550620427,1.5627539842189094e-05,6.785070120400317e-05,2.358842680139427e-06,0.009094175834591479,3.1173950619018163e-07,0.0035476698392454607,0.014091616183907505,0.022751127171502475,0.0005754797093327187,0.07172959937973845
54,0.055222372315331,0.08122752022166484,0.0001148327718655755,1.4490269647821338e-05,0.008078910936818904,0.0009376698533195719,0.000527063959679874,1.528383956548161e-06,0.00990143995667382,0.00044542778190691587,0.26222256410290384,8.032569889108486e-06,4.3291622236543345e-06,0.008663916731389746,0.4486175733995924,1.5440356891087075e-05,0.0001155483776297293,3.894778802707945e-06,0.018410119606226957,3.4553561982367294e-07,0.00683600935449349,0.021124039413962185,0.017821129095723105,0.000664165808032786,0.05902163525575456
55,0.08607460026564445,0.22764584290594658,6.991160714637148e-05,1.1120354392752901e-05,0.014594956563507913,0.0005864226253240964,0.0007445894934970447,1.021042444635504e-06,0.015380209475848455,0.00035084076218812397,0.2398513771909764,3.778700031729432e-05,6.912071954003333e-06,0.013225060410773667,0.18429968637816857,1.5193155848530963e-05,0.00015460453897213152,1.4362195214130608e-05,0.014717050112304661,2.5748382583401856e-07,0.006111352370541362,0.017452136508674505,0.012871292734524052,0.00034415037618400516,0.1654392623757804
56,0.053748278350525064,0.0834038935336329,0.00012109336636341187,1.494512026692754e-05,0.00831673126091195,0.0009507709571815666,0.0005220575701987776,1.5724039841963812e-06,0.009790372440603875,0.00043304808627427733,0.2787418583534966,8.564360036467729e-06,4.941464835336773e-06,0.008728422457398612,0.43698481460619626,1.5842848155275256e-05,0.00011667601512787276,3.954851841250634e-06,0.018602866024592303,3.5061619409401606e-07,0.0066177150625351035,0.020816603585623577,0.017162452584590843,0.0006647630649232506,0.05422741101451033
57,0.05361858440561862,0.09591062172895752,0.00017113589450993926,1.0125528586683232e-05,0.008337301594655804,0.0009363865649039776,0.0005045715897574618,2.4766248149559382e-06,0.005891913751627499,0.0004102520877343872,0.22988996151692945,1.63676417717719e-05,6.023480743975875e-06,0.007527682450566766,0.43534655366012337,1.4519367110167993e-05,0.0001242923463444291,3.6908927513736793e-06,0.04934789623212251,4.496104685997085e-07,0.011115266093251079,0.040940573580646594,0.013349687802839415,0.0003435832965463524,0.04618008225661737
58,0.05035170612104762,0.06557479820916393,0.00011830571067621708,1.4738206618689431e-05,0.007150997081521757,0.000858889027064942,0.00047599001437769774,1.4278381907447941e-06,0.009470316033838102,0.0004467177522578054,0.26742416685308695,6.299007971836485e-06,3.871561465876914e-06,0.008031685144849301,0.4779534155625681,1.4345906139234023e-05,0.00010440822398229227,3.388751658273032e-06,0.01608295227702982,3.4371575044460394e-07,0.006085227338001387,0.02064345959983745,0.016873369542790662,0.0008276690739177925,0.051481511446192944
59,0.04961274263093068,0.06019293718855179,0.0001177341476229654,1.4840008175112233e-05,0.007113120727982535,0.0008014602899260877,0.0004492697960449171,1.3788316504418192e-06,0.009216200535782074,0.00044711761997098646,0.26549910901768525,5.67765223066289e-06,3.4556810599647445e-06,0.007587809735980398,0.49050795607211894,1.4056331910163944e-05,9.764513231753951e-05,3.1980989897274768e-06,0.01545450871737193,3.348191905032118e-07,0.006092538275929752,0.0195015731912232,0.016690710074788017,0.0008812418876864374,0.04969338353487993
60,0.05411454179241295,0.07744015659450756,0.00011639297260880275,1.4800035731609973e-05,0.008002735990506578,0.0009328718837133203,0.0005124283449813228,1.525768907229017e-06,0.009636775405659385,0.00043890736762994736,0.2661550545230488,7.749861273579538e-06,4.278680457413117e-06,0.008543146002741676,0.4530954566258771,1.534643847307907e-05,0.00011360565337845379,3.7898279188022177e-06,0.018139832286333476,3.465074791903578e-07,0.006862127255368491,0.02076859957323422,0.01801391490424527,0.000678433253720085,0.05638718244979173
61,0.05184658637342833,0.06268543416169992,0.00012832286018997217,1.5685299237921164e-05,0.007333016278790024,0.0008721192755744096,0.00044268295234378105,1.4825729146740845e-06,0.008800165909755788,0.00044279634169106105,0.27182905775223093,6.240377779523373e-06,3.762976207938692e-06,0.007853751656362326,0.4792055546721101,1.447892100623539e-05,0.00010376923789847779,3.421073907980652e-06,0.016356394352017457,3.5066379047073367e-07,0.006574189183126815,0.019776991001028373,0.017199428314995678,0.0008414519910673329,0.0476628658008443
62,0.05411454179241295,0.07744015659450756,0.00011639297260880275,1.4800035731609973e-05,0.008002735990506578,0.0009328718837133203,0.0005124283449813228,1.525768907229017e-06,0.009636775405659385,0.00043890736762994736,0.2661550545230488,7.749861273579538e-06,4.278680457413117e-06,0.008543146002741676,0.4530954566258771,1.534643847307907e-05,0.00011360565337845379,3.7898279188022177e-06,0.018139832286333476,3.465074791903578e-07,0.006862127255368491,0.02076859957323422,0.01801391490424527,0.000678433253720085,0.05638718244979173
63,0.05458275070882472,0.08388701913953711,0.00011573752057156851,1.4139712592787608e-05,0.008111424679943984,0.0009286439594111868,0.0005184379337704532,1.5132784216046413e-06,0.009941859095142856,0.0004361361236651992,0.2628206954585207,7.908433266031328e-06,4.351642937794718e-06,0.008416098757255795,0.4493381238434909,1.492332614027862e-05,0.00011295969775919793,3.7038251964880014e-06,0.0183945944367232,3.3151079029604457e-07,0.006717637757579139,0.020967021277222348,0.01708673377170214,0.000653332168605833,0.05692392194092808
64,0.050537114487273105,0.07324918305730432,0.00012384932626804588,1.516642326204545e-05,0.008247839507195641,0.0008703441286308346,0.0004938152915452553,1.535000496678147e-06,0.007950904499860969,0.0004292902558333091,0.26181053675170896,7.372913713050598e-06,3.861750249769711e-06,0.007514987722386426,0.472806278070977,1.3880263975686336e-05,9.572936809316164e-05,3.3840496739529872e-06,0.018688906647959445,3.370617293809174e-07,0.008897436108427713,0.01945313062153171,0.017231716742569698,0.0006320414668767291,0.05092135848245708
65,0.020323474287128537,0.04454851734865626,0.00010648504474975259,1.1859483216787497e-05,0.004949819182250736,0.0009674456828641624,0.0003577055115057098,1.0331855032742262e-06,0.004530640290870547,0.00023688421949647197,0.21448548190246117,3.1436588256775244e-06,2.611960029922079e-06,0.004980893599144073,0.6369157218454105,9.2044716042725e-06,6.345945765505433e-05,1.0843198555540587e-06,0.012191045837464323,2.075152576179993e-07,0.005686623482406161,0.013497929041121038,0.013094526252613899,0.0005006033270020285,0.022533599092906465
66,0.05320527279025768,0.07717394314455128,0.00013129911621283978,1.694302435501982e-05,0.009326916969860457,0.0008240469651839283,0.0004337077827403056,1.2780505491714161e-06,0.008501472460196233,0.0004937594608200389,0.3150112488752411,8.621075255092723e-06,4.307991357954926e-06,0.010098970105672083,0.41141134413174113,1.4897353063570164e-05,0.000109153500289948,4.272894296261811e-06,0.01594702822775979,3.215623756236122e-07,0.007919975081104048,0.02071925085934174,0.015614613801493173,0.0007462052672422199,0.05228114950903926
67,0.03896182731134915,0.05681156366386193,0.00010762983229344454,1.5032001759246467e-05,0.005083315517694159,0.001480870158673763,0.0005228107038471971,1.0681168346942054e-06,0.005869725543183494,0.0004186501764618204,0.26992883995808176,8.232057336010816e-06,4.180752997089599e-06,0.012170158717136432,0.46929569251605807,1.4689363323425666e-05,0.00015143954762353513,4.6070210408840095e-06,0.014309444772157048,4.942857292142058e-07,0.008095607299944444,0.0209816966424753,0.02614674419537972,0.0007673143187353743,0.0688483655260228
68,0.06776284433379237,0.07871405071791421,0.00013490877762975935,2.787612314040981e-05,0.007270467848589192,0.0012798244467211483,0.0007084961296196157,2.118172783688772e-06,0.008218530193814072,0.00040506347875965035,0.35726863476015186,2.1107660665448086e-05,9.563426969331164e-06,0.014369279262025891,0.3100762614709244,2.277588319967281e-05,0.00022624521577504724,1.3071645680891412e-05,0.015380478996327265,5.633655842917526e-07,0.011147293775680961,0.018433305329706978,0.032012839358796445,0.0006704186378407084,0.07582398098790662
69,0.03833978512434692,0.050011165307239695,0.00017714340428845568,1.0469412182286669e-05,0.003252481447725346,0.00212816813109932,0.000413530274794399,1.5856406737073544e-06,0.0019253204195859395,0.00038610522097539714,0.33358604939381553,1.5010145837256507e-05,7.681896904929002e-06,0.010079806742888532,0.4091972138801096,1.338767707873945e-05,0.0001638198408351291,4.269904255444949e-06,0.04582605143810536,8.612387960579112e-07,0.017265615810816082,0.0331380128588902,0.023368836425969142,0.00045506435374563546,0.030232564009040862
70,0.04616923818673614,0.067270786593194,0.00013365141719308337,4.1478836234179455e-05,0.010700867770592539,0.0021428149339262023,0.0006791620941867196,2.151797191540485e-06,0.022726610058381162,0.0006103742217986486,0.26829625383442324,8.89813705292708e-06,6.640728652810292e-06,0.01594266322033156,0.42521875161537076,3.688594860147657e-05,0.00026542004874204435,6.2035304357735405e-06,0.01076990169539112,7.142213784116106e-07,0.005516136971713849,0.016623974682764456,0.03822919996254943,0.0012581570552402412,0.06734306243791773
71,0.0726853819570415,0.0927301060247372,8.998547048838428e-05,1.595330032924742e-05,0.010735451476867544,0.0006670695239738441,0.0005158381415280242,1.5238597146488784e-06,0.013748672126726449,0.0004617120418686111,0.2937483906827502,9.808631108548022e-06,4.620965918148719e-06,0.009553206142265475,0.3646293793385483,1.7412279815901385e-05,0.00012133402720577488,5.310242144953533e-06,0.016226110747582966,3.2321364323897984e-07,0.0064135238339968394,0.018647089759935478,0.020456653214003934,0.0007102225773867165,0.07780492042041791
72,0.06294778868382087,0.08319376774102083,0.00010262715033030244,4.311823593010486e-05,0.01146091515523911,0.0021483613170415897,0.0005696615222715595,1.4425743944050942e-06,0.01825683713250511,0.00047943646335250374,0.35553758088927323,4.7260256600375545e-06,5.2821620772381784e-06,0.004878746433341146,0.39986986950013736,4.2817014659234276e-05,0.00011715887283618326,3.307259377742391e-06,0.00829361785635928,2.697467520365533e-07,0.005327588903095901,0.0033634624533816775,0.018418922122506634,0.0014280641953806166,0.023504630589255386
73,0.07329738863837588,0.07990745196054855,0.00011494358813866749,1.873393466756128e-05,0.007214949710902531,0.0013113471095799792,0.0005775754442917991,2.004712345653708e-06,0.013755678666172135,0.0005213212956741249,0.2740292948296187,9.092672084658761e-06,5.733970081224286e-06,0.009743736946417869,0.39008299899775606,2.1374267199469838e-05,0.00018112408187911713,5.545462015256566e-06,0.019194314130807164,5.236793881563632e-07,0.0071195625229336515,0.02066733458774094,0.029741671034224544,0.0008892490214140466,0.0715870487357422
