,0,1,2,3,4,5,6,7,8,9,10,11,12,13,14,15,16,17,18,19,20,21,22,23,24
0,5.389572616053803e-09,4.702079901288615e-05,0.0003811725148126318,1.683256254165087e-05,0.9948044723063583,0.0003377859409307342,5.66902751123973e-08,3.026552076614969e-08,5.909434812432549e-05,3.8576686300239855e-05,2.330710647592233e-06,5.10567163738833e-07,3.1978980717875134e-07,0.004289102148940421,8.515861344464972e-06,4.7562044933275155e-07,2.358579811245824e-10,5.1828599917954e-09,9.730267607967226e-06,2.2996979552190656e-10,2.0563877059325054e-06,3.824034786342017e-08,8.421399497010746e-08,6.109298630397001e-08,1.721946867397312e-06
1,6.405233910190594e-09,0.0001179132810327337,0.0002687365870281328,3.8478193875869474e-05,0.9919244433988677,0.00031289809903299083,7.29751464623699e-08,5.761236680276544e-08,7.24751819897412e-05,0.00011604437165941863,1.4995956865438644e-06,4.3261289997777443e-07,2.6584655565594196e-07,0.00709495034058872,1.5839927419632544e-05,8.570169453560061e-07,4.049101913866628e-10,6.860967898935954e-09,2.168279312582601e-05,2.7375165434502566e-10,6.2660336190791585e-06,8.430351831419306e-08,1.8753261786861956e-07,7.602547121514063e-08,6.72432568834168e-06
2,1.0108759015314686e-08,0.00016050995802468514,0.0002052092310067019,4.7057573188177274e-05,0.9891049493769143,0.0003496834221430744,8.287420167032162e-08,5.697440562046912e-08,3.4805592282396586e-05,9.492414994370588e-05,2.0176637463810413e-06,6.792165445435076e-07,2.7176528965334506e-07,0.009935044634540254,2.671060255788137e-05,9.802138089670934e-07,9.592763960682276e-10,1.2515626053307707e-08,1.757750218534696e-05,3.030015277182251e-10,8.796448616453214e-06,1.7262194085444045e-07,5.837536364731913e-07,1.0766602828268962e-07,9.754872331716155e-06
3,6.847179260697202e-09,0.0001269416807708565,0.00022287212782258053,4.40794329264572e-05,0.9915771088292253,0.00025583197337843616,6.124561610647317e-08,4.664153079475587e-08,3.374695997979111e-05,8.202767764825568e-05,1.7297236029304043e-06,5.328698593960051e-07,2.73530702905079e-07,0.00761639110274933,1.2352222877875259e-05,5.417156088885763e-07,5.623454867489664e-10,1.1403591804225587e-08,1.197557631586284e-05,2.3055177484302453e-10,6.608478016580916e-06,9.019744952574964e-08,2.828436419279051e-07,9.720986845159626e-08,6.388916739066251e-06
4,5.6558254557240395e-09,0.00011984286545744641,0.00021343700392367274,3.904470039905957e-05,0.9914116331201995,0.00023595493868293,5.3936510403720994e-08,3.64287386729711e-08,2.9435376271391298e-05,7.203515392835136e-05,1.503532272444456e-06,4.6788085256439033e-07,3.064971243904003e-07,0.007845358885538684,1.028747407897218e-05,4.4648962320252296e-07,4.665547647013555e-10,9.86066158432634e-09,9.674778327300132e-06,2.0287928602697195e-10,5.103980133924051e-06,7.696618310519329e-08,2.418646867110253e-07,8.684089490158404e-08,4.955100251473216e-06
5,5.987931150230016e-09,0.00012562255923843278,0.0001967214202613018,5.527819221739673e-05,0.9918608822873956,0.00023335392090968884,5.4875315136918235e-08,4.554235376681036e-08,2.4544045079070343e-05,8.440028828043828e-05,1.6708587690474351e-06,5.007673095304985e-07,2.813871544418396e-07,0.007384689114544232,8.88352384323134e-06,4.460665477206559e-07,5.642493971297607e-10,1.4862129644576405e-08,9.053544044206103e-06,2.3295431838698506e-10,6.960615312063161e-06,7.797378449401684e-08,3.119207680862891e-07,1.0558283736927511e-07,6.0938667703873886e-06
6,6.847179260697202e-09,0.0001269416807708565,0.00022287212782258053,4.40794329264572e-05,0.9915771088292253,0.00025583197337843616,6.124561610647317e-08,4.664153079475587e-08,3.374695997979111e-05,8.202767764825568e-05,1.7297236029304043e-06,5.328698593960051e-07,2.73530702905079e-07,0.00761639110274933,1.2352222877875259e-05,5.417156088885763e-07,5.623454867489664e-10,1.1403591804225587e-08,1.197557631586284e-05,2.3055177484302453e-10,6.608478016580916e-06,9.019744952574964e-08,2.828436419279051e-07,9.720986845159626e-08,6.388916739066251e-06
7,8.927713141296048e-09,0.0002002722136867442,0.0003760775487819201,5.458938184175586e-05,0.9903755698849103,0.0002555091154837415,9.985056151548871e-08,5.3025632387159725e-08,5.2913257245097775e-05,8.329956320121805e-05,2.8602211322738243e-06,6.040764000285425e-07,5.689409148413376e-07,0.008560909587521457,1.2448118840136718e-05,4.1825043241987964e-07,6.107225046059324e-10,1.4999821119711015e-08,1.1330584447894433e-05,3.6661894135123226e-10,5.360256616524222e-06,8.577205879679364e-08,2.347304582948911e-07,1.5338006251006826e-07,6.617334894391844e-06
8,5.402576167817618e-09,0.00013158081218553235,0.00025003843407053354,7.514959532232969e-05,0.9904239400771573,0.00012022684671726843,5.965524129937084e-08,5.5280855184103505e-08,2.394557054668591e-05,0.00011970578752304774,6.457668667528268e-07,3.2810498407228167e-07,2.792102475515681e-07,0.008817062733255951,9.23836040838471e-06,5.962440709873488e-07,5.741085616989465e-10,7.1064905937973516e-09,9.011627938493148e-06,1.9676233073811525e-10,6.544715247019836e-06,5.558965475521093e-08,3.4503965218693936e-07,1.4201041025133875e-07,1.1035257706811249e-05
9,4.476554133993123e-09,0.00015403159320544156,0.00043827563044645065,7.095447451501402e-05,0.9925807823346708,7.959914916280745e-05,5.6688354978087034e-08,5.196555408561179e-08,3.7864956833704833e-05,9.166548729722328e-05,7.58848268387781e-07,2.8267494106228266e-07,4.808445765232914e-07,0.006519743148870789,6.203469897571684e-06,2.628620973501299e-07,4.6431209722182615e-10,6.427455756984644e-09,6.223105859218734e-06,2.158517762132036e-10,3.731435286561237e-06,3.183617646351271e-08,1.4072298008131483e-07,1.981931608060398e-07,8.648993670820843e-06
10,6.847179260697202e-09,0.0001269416807708565,0.00022287212782258053,4.40794329264572e-05,0.9915771088292253,0.00025583197337843616,6.124561610647317e-08,4.664153079475587e-08,3.374695997979111e-05,8.202767764825568e-05,1.7297236029304043e-06,5.328698593960051e-07,2.73530702905079e-07,0.00761639110274933,1.2352222877875259e-05,5.417156088885763e-07,5.623454867489664e-10,1.1403591804225587e-08,1.197557631586284e-05,2.3055177484302453e-10,6.608478016580916e-06,9.019744952574964e-08,2.828436419279051e-07,9.720986845159626e-08,6.388916739066251e-06
11,6.928632374554473e-09,0.00013246456789474604,0.00022947153586820525,4.4296398464787774e-05,0.9913710337178625,0.00025338236479820485,6.221371282581254e-08,4.529953769577254e-08,3.358478590639628e-05,8.068274402393568e-05,1.7583698155365001e-06,5.422770768534897e-07,3.1141301881893204e-07,0.007815760155314167,1.1952644741026843e-05,5.12507732933472e-07,5.746749286711009e-10,1.188917270075271e-08,1.1259596667305426e-05,2.3875689655624027e-10,6.209263010388416e-06,8.97177842901638e-08,2.818672772566426e-07,1.0209894357828443e-07,6.17682931161536e-06
12,1.2735817117337795e-08,0.00023074132763330446,0.0009151559378085711,8.576664847876718e-05,0.9913620913363013,0.0003222881715206324,2.488679660080754e-07,1.9990513078906795e-07,0.0005422510994057686,0.00017197658580016023,4.825940930821107e-06,5.28411104349053e-07,4.865878423048941e-07,0.006238433581287054,3.916125394854099e-05,8.56366569334832e-07,5.80449541475204e-10,7.943330956362155e-09,5.55000240927206e-05,7.654592186669389e-10,9.947878275058623e-06,8.022840081860098e-08,1.2772729402622935e-07,1.90596185364406e-07,1.9119498967507826e-05
13,7.2859700904325075e-09,0.00010828958468623897,0.0002623928795455594,3.750084488081844e-05,0.99103819087351,0.0002168974897743339,5.596148921272199e-08,4.694491431156346e-08,3.649187050792762e-05,5.0144204359289954e-05,2.449941855399104e-06,7.986754773456002e-07,2.662497704390974e-07,0.008206624524056932,1.3667239759064673e-05,4.0506205248574897e-07,6.426804402958818e-10,9.924632971270882e-09,1.328643589746024e-05,2.1780174920016823e-10,6.534705048015706e-06,9.781466928883817e-08,2.2950424520395696e-07,7.708966214540729e-08,5.534032753395248e-06
14,5.12691228922989e-09,0.00014025768612796032,0.0001923550286388917,4.11111479627932e-05,0.992567009070197,0.00024486410278316394,5.255013108092924e-08,4.064522128807254e-08,3.2224047724239527e-05,9.074579807800926e-05,1.5537030985410765e-06,3.937903433020401e-07,2.789886777422776e-07,0.006656473730154599,1.0357791259370551e-05,4.4048675498619334e-07,4.572479811066806e-10,1.062696339446753e-08,1.043237307234911e-05,2.0246615053168643e-10,5.838977371807758e-06,7.780612355293172e-08,2.2777610083093684e-07,9.265057313579859e-08,5.155436015746934e-06
15,6.847179260697202e-09,0.0001269416807708565,0.00022287212782258053,4.40794329264572e-05,0.9915771088292253,0.00025583197337843616,6.124561610647317e-08,4.664153079475587e-08,3.374695997979111e-05,8.202767764825568e-05,1.7297236029304043e-06,5.328698593960051e-07,2.73530702905079e-07,0.00761639110274933,1.2352222877875259e-05,5.417156088885763e-07,5.623454867489664e-10,1.1403591804225587e-08,1.197557631586284e-05,2.3055177484302453e-10,6.608478016580916e-06,9.019744952574964e-08,2.828436419279051e-07,9.720986845159626e-08,6.388916739066251e-06
16,7.899296918957554e-09,0.00017766193967199903,0.00015950049317082024,7.431948743410526e-05,0.9890155907571141,0.0003840172082770634,8.158999486637552e-08,6.957557756108619e-08,2.737546276245041e-05,0.00019454218723298004,1.95149657489961e-06,6.220676156251456e-07,2.448919789102991e-07,0.00990854606613821,1.183035008809746e-05,9.732767009320654e-07,6.934262119332311e-10,2.4404389260394054e-08,1.6448227319513865e-05,3.3105518314043806e-10,1.689860083680831e-05,1.4780560016055898e-07,4.703664009006114e-07,1.0340242561392861e-07,8.571418916846282e-06
17,7.150240839679595e-09,0.00011669282890581893,0.0002123177894568049,7.109385559726654e-05,0.9869897315171758,0.00022877860320476992,6.022862226344033e-08,4.132619171916248e-08,1.828049633706659e-05,7.510749586510657e-05,1.4939466892495578e-06,6.788486639723684e-07,3.206665698877394e-07,0.012254449248837602,7.108082936293996e-06,5.021578238173197e-07,5.447307620266153e-10,1.6961790289396816e-08,8.105980714202433e-06,2.6382071776995113e-10,7.111296577471109e-06,8.072164426577876e-08,4.3707462523019844e-07,9.193601416089703e-08,7.4909769644642645e-06
18,2.1859779798755435e-08,0.0002436874073020441,0.00033684790533903083,6.535890371997222e-05,0.9880197267162936,0.00018660422872436797,1.0057845355821876e-07,7.974089347707704e-08,2.7244871377798854e-05,0.00011868003048567797,1.7927691746100674e-06,1.4076947477951835e-06,4.879849478624825e-07,0.010940862665630541,1.4447740303388496e-05,6.499481705998877e-07,2.182149511450647e-09,3.515170346250182e-08,1.3310813525445923e-05,3.0496105482332647e-10,1.1478436749907903e-05,2.291259515231913e-07,5.221198486248624e-07,2.9288152126890286e-07,1.6127938245419735e-05
19,3.02288767819484e-09,8.086834296279767e-05,0.0002402611731480515,2.9915055959556065e-05,0.9937955734786372,0.00014826464968359444,3.090745656019445e-08,3.24251069463404e-08,3.120676441581364e-05,5.724564075696204e-05,9.94424227265418e-07,3.9100473867429776e-07,2.7559196679740606e-07,0.0055951300550187,6.088479475112075e-06,2.497425871673223e-07,3.183696864231963e-10,5.553256123654045e-09,6.94662170165291e-06,1.6160189346981076e-10,3.08542309028942e-06,5.2310878652933156e-08,1.0193884408262507e-07,6.202452873155407e-08,3.214888700182952e-06
20,4.685131339156857e-09,0.0001222220705938699,0.00016888150453704247,3.444890080654874e-05,0.9935234967024372,0.00017296093712658867,3.867364409560975e-08,6.189582041538768e-08,3.15217843945376e-05,8.514902745525338e-05,1.1854347284054619e-06,4.7127600876661314e-07,1.9960820983770887e-07,0.005819083432353206,1.4037390963317325e-05,4.147922230361144e-07,7.658083819493499e-10,8.696898042905593e-09,1.2829021605942118e-05,1.8462293985951565e-10,7.166049643909654e-06,1.4724805846408133e-07,2.3178662473613137e-07,8.792607181468388e-08,5.3502042325841894e-06
21,9.782925920257552e-09,0.00010752268106596734,0.00026355959951888415,5.518738176498401e-05,0.9871193643303612,0.000369716181371432,9.004659672007576e-08,3.848341155128825e-08,2.4238519720629957e-05,9.7514532563485e-05,1.7957523890894706e-06,9.089779172471306e-07,4.051999513485151e-07,0.011924274839941752,9.47873647159321e-06,1.0205148299473351e-06,4.97281866953224e-10,1.605615116007644e-08,1.0256118026676241e-05,3.3250672295215383e-10,7.448542858713027e-06,7.746022920623322e-08,4.300184946220968e-07,9.78400063183042e-08,6.54757364290634e-06
22,8.947774191800035e-09,0.00011634625197684479,0.00025526048071790704,4.524603972087048e-05,0.9908957258397713,0.0003385473115964177,7.055615713250561e-08,5.294539918087222e-08,2.9580288754453695e-05,7.972718439131732e-05,2.635610820116587e-06,7.463337139589464e-07,2.4165903081279226e-07,0.008194435921858968,1.2353468652830715e-05,7.002754126435951e-07,7.521465221180749e-10,1.9323268921227934e-08,1.183242451285686e-05,3.0166049018124973e-10,1.006310945299266e-05,1.1872562712826291e-07,3.5442860336337e-07,1.0767458757753539e-07,5.8241443910795445e-06
23,6.847179260697202e-09,0.0001269416807708565,0.00022287212782258053,4.40794329264572e-05,0.9915771088292253,0.00025583197337843616,6.124561610647317e-08,4.664153079475587e-08,3.374695997979111e-05,8.202767764825568e-05,1.7297236029304043e-06,5.328698593960051e-07,2.73530702905079e-07,0.00761639110274933,1.2352222877875259e-05,5.417156088885763e-07,5.623454867489664e-10,1.1403591804225587e-08,1.197557631586284e-05,2.3055177484302453e-10,6.608478016580916e-06,9.019744952574964e-08,2.828436419279051e-07,9.720986845159626e-08,6.388916739066251e-06
24,3.466051484339169e-09,0.0001241054490170147,0.00015843110377637264,5.307341319234692e-05,0.9908790683111331,0.00019805518091465474,3.962092237777166e-08,3.254577077957566e-08,2.0136542775542422e-05,8.322834935524548e-05,1.1191612979688487e-06,3.542452838089876e-07,2.8510089611305936e-07,0.00845830916360737,5.730136741755665e-06,3.310493990151644e-07,3.1763135740179667e-10,1.004767466766152e-08,7.903484571124066e-06,1.958078656172969e-10,4.9091944097644674e-06,5.9170232232372254e-08,2.1360883515100578e-07,6.27099738431195e-08,4.538430728893529e-06
25,1.0171217475520308e-08,0.00012351390754623823,0.000354744861104953,8.639146771114444e-05,0.9906549855640457,0.00017118789254215837,1.0486139762354917e-07,1.0587395561570998e-07,3.442273888423775e-05,6.306004355043993e-05,3.828550752594978e-06,1.0177351965165357e-06,4.340369685910788e-07,0.00846465129517641,9.830178863636671e-06,4.3623104243335275e-07,9.970111257099873e-10,1.8735097587230595e-08,1.4946834150914022e-05,4.6533572411676534e-10,9.120614737159932e-06,8.617020357515109e-08,3.4080340115666233e-07,1.5221613576396822e-07,6.607753971291912e-06
26,1.498784105415185e-08,0.00017507941079830116,0.00044007065381452735,5.363339337364377e-05,0.9937751106967838,0.00015828918961220117,8.549482303346424e-08,8.05074760247923e-08,3.906703544830348e-05,8.266872871241206e-05,2.157543005369279e-06,7.829643760267901e-07,5.754391202742593e-07,0.005238736616036339,1.0483125154460984e-05,3.69897680620132e-07,1.6178927979622897e-09,2.585793978423048e-08,8.203782473593805e-06,3.086199904083219e-10,6.035157875120245e-06,1.0647098753108886e-07,2.8685235492553217e-07,3.883742948806137e-07,7.745893504806757e-06
27,8.910805067491776e-09,0.0001537711752790065,0.00026904891850931714,4.371201048921263e-05,0.9916657769748792,0.0003877899443515068,7.569862619939544e-08,7.405197189244569e-08,7.626790641350202e-05,0.00012286970516246722,1.8934099212445723e-06,5.39816410765688e-07,2.356051042111159e-07,0.00721357200423816,2.4388083663680097e-05,8.261166321710996e-07,6.957727661623709e-10,1.1980860555491954e-08,1.915989625691771e-05,3.2870109023319846e-10,8.734771719267262e-06,1.6390322523549586e-07,3.0009751627896065e-07,1.0946347054293673e-07,1.0668530019623856e-05
28,6.847179260697202e-09,0.0001269416807708565,0.00022287212782258053,4.40794329264572e-05,0.9915771088292253,0.00025583197337843616,6.124561610647317e-08,4.664153079475587e-08,3.374695997979111e-05,8.202767764825568e-05,1.7297236029304043e-06,5.328698593960051e-07,2.73530702905079e-07,0.00761639110274933,1.2352222877875259e-05,5.417156088885763e-07,5.623454867489664e-10,1.1403591804225587e-08,1.197557631586284e-05,2.3055177484302453e-10,6.608478016580916e-06,9.019744952574964e-08,2.828436419279051e-07,9.720986845159626e-08,6.388916739066251e-06
29,6.847179260697202e-09,0.0001269416807708565,0.00022287212782258053,4.40794329264572e-05,0.9915771088292253,0.00025583197337843616,6.124561610647317e-08,4.664153079475587e-08,3.374695997979111e-05,8.202767764825568e-05,1.7297236029304043e-06,5.328698593960051e-07,2.73530702905079e-07,0.00761639110274933,1.2352222877875259e-05,5.417156088885763e-07,5.623454867489664e-10,1.1403591804225587e-08,1.197557631586284e-05,2.3055177484302453e-10,6.608478016580916e-06,9.019744952574964e-08,2.828436419279051e-07,9.720986845159626e-08,6.388916739066251e-06
30,6.847179260697202e-09,0.0001269416807708565,0.00022287212782258053,4.40794329264572e-05,0.9915771088292253,0.00025583197337843616,6.124561610647317e-08,4.664153079475587e-08,3.374695997979111e-05,8.202767764825568e-05,1.7297236029304043e-06,5.328698593960051e-07,2.73530702905079e-07,0.00761639110274933,1.2352222877875259e-05,5.417156088885763e-07,5.623454867489664e-10,1.1403591804225587e-08,1.197557631586284e-05,2.3055177484302453e-10,6.608478016580916e-06,9.019744952574964e-08,2.828436419279051e-07,9.720986845159626e-08,6.388916739066251e-06
31,5.526489142889026e-09,0.00011888282721555707,0.0002696196581043751,4.8608963245323564e-05,0.9933280059838198,9.507415891505759e-05,3.769031399457237e-08,5.833251758265879e-08,2.2169337969486616e-05,7.708693867758912e-05,8.176303253819268e-07,4.84402962337552e-07,3.3152326917507614e-07,0.0060157915616885745,4.614907310963856e-06,2.7663730822896084e-07,6.132136411835587e-10,1.0719829370188084e-08,7.869557178606264e-06,2.0072532810766798e-10,4.487604441633944e-06,6.406802130370886e-08,1.4769818141941914e-07,1.3029504971627577e-07,5.4231632262944475e-06
32,7.0444793159739824e-09,0.0001275500784879881,0.00022100450512626838,4.1385622346397016e-05,0.9916295441377672,0.00025970966624725886,6.133711002149166e-08,5.0395868892613015e-08,3.816000364729051e-05,8.524775713813335e-05,1.686415968748681e-06,5.357662167007745e-07,2.589185693821087e-07,0.007551829298447061,1.3953442695993989e-05,5.909343323216274e-07,5.845123590632167e-10,1.0512785015444842e-08,1.4402948497373644e-05,2.309922093795739e-10,6.961368463932884e-06,1.0062956036944786e-07,2.7060049429261155e-07,9.177219240410324e-08,6.5860280533806025e-06
33,5.7216760832915315e-09,0.00013228027227216155,0.00013731511217244315,3.0655658249262e-05,0.9918248203879942,0.00019343709046282847,3.84977587732604e-08,3.4924382462518534e-08,1.471993854541646e-05,6.408191298056964e-05,1.215784824036601e-06,5.200214096247397e-07,2.836163670987751e-07,0.00757382800299002,8.667019247343362e-06,3.984444381773008e-07,6.768723890409443e-10,1.2139085899369585e-08,8.872844161488117e-06,1.7399288796134693e-10,4.842832334911289e-06,1.3251537249029575e-07,2.912609673029767e-07,8.269832889965732e-08,3.4624531133421454e-06
34,1.2175082903043172e-08,0.00017238167992967584,0.00040106681857605394,3.794716719285765e-05,0.9907913174923666,0.0003706063998631662,1.0581204506803684e-07,7.007504748027018e-08,0.00014995970577214843,0.00011391481744047481,2.1868195507096154e-06,5.348133209659997e-07,3.28109791216507e-07,0.00788356204059184,2.6970512630685023e-05,7.925297938269844e-07,5.255704696175855e-10,8.999560107029162e-09,2.954219184754415e-05,2.948422272196729e-10,7.0610877473988235e-06,1.1380177221684845e-07,1.7047319919258536e-07,1.1111106402808305e-07,1.1234545400730607e-05
35,2.691347278694104e-08,0.0003085950233309052,0.0004998888263435409,0.00013067072306696163,0.9914277035890012,0.0002728626433740743,1.3442154606399332e-07,3.286635347565467e-07,0.0001844586127279169,0.0003578569826050748,2.400558932407551e-06,1.2169888892740027e-06,5.512839616023724e-07,0.0067056229420026986,1.3299080680417448e-05,6.728875419598139e-07,2.0366829185278665e-09,5.581720670472264e-08,4.1702503318999436e-05,7.595316661693216e-10,1.8097064370834123e-05,2.7387296818122913e-07,2.060729004998397e-07,3.283618779279648e-07,3.304337013058606e-05
36,6.0826341432000855e-09,6.861715051661913e-05,0.00023662305146230405,1.942426174979375e-05,0.9948632257015613,4.3800368087560656e-05,2.039089782921761e-08,5.6997650293683184e-08,2.8324671738635746e-05,4.60344285072276e-05,3.7307063339100514e-07,7.858030268781816e-07,2.4232090600660656e-07,0.004654924982865547,1.037005183602289e-05,3.100765480699662e-07,1.2188354047960324e-09,2.521572277011871e-09,1.690602058637999e-05,7.959619233316068e-11,3.369231448726203e-06,8.441814124208627e-08,9.082404445340256e-08,8.09052892161896e-08,6.325369864680229e-06
37,2.3878515821351013e-08,0.00017560765790639152,0.000427465046820482,4.98979932210768e-05,0.9839711784214125,0.00021319649797558156,1.1470138222143363e-07,4.2460569345758965e-08,2.282632014512535e-05,5.451183210852187e-05,2.434542110905624e-06,1.2248569230817565e-06,5.02512873592311e-07,0.015044622360401052,9.170962159382012e-06,5.736645876806739e-07,8.709471428478006e-10,2.458950980430959e-08,1.1599351626898543e-05,2.762426461851278e-10,6.308871103354743e-06,1.0819403584217122e-07,3.3713696855821406e-07,1.7036463986814754e-07,8.056635813048988e-06
38,2.7645090480504214e-08,0.00019521951255406029,0.00029100031966698773,4.663346016559432e-05,0.9830436738008077,0.0014000471892399932,2.8970497721474007e-07,5.156800579665711e-08,5.200783290005234e-05,0.0001396783929382444,6.3009445467803966e-06,1.0710488786305862e-06,3.338297646612933e-07,0.014721854493511283,4.529973747536877e-05,3.295683339165057e-06,7.983157842580596e-10,3.052474217588407e-08,2.6728663817648018e-05,5.564359667479707e-10,1.4603001122629554e-05,2.2318315378829385e-07,1.1271078546617198e-06,1.437318629640814e-07,1.0357268831928316e-05
39,6.3583938810234895e-09,5.297765950908235e-05,0.00020661442933854105,5.1573853152204396e-05,0.9932843082714001,0.00032150738951407975,4.917012863139569e-08,7.904213976500803e-08,3.150489200280823e-05,9.761399052957891e-05,1.5816619600095464e-06,7.533102632641945e-07,1.2598440941787748e-07,0.005901800245524043,1.0360293818262647e-05,1.1511468929576876e-06,5.603140729093593e-10,1.0685762603798214e-08,1.7973208841312227e-05,3.110279832593072e-10,1.2541457935222447e-05,7.836876577441145e-08,3.0809517715893397e-07,6.176508042933707e-08,7.0178481186908505e-06
40,1.612028022928889e-08,0.00018700390005181857,0.0002919145753769836,2.6722685285049124e-05,0.9834056799905186,0.0003536738413842026,8.297258615695743e-08,3.71950658826459e-08,3.782855293334472e-05,5.779780285394749e-05,2.3470065974783714e-06,9.86756569055713e-07,2.5334213078142227e-07,0.015580158641841074,2.012116923579742e-05,6.493856837677423e-07,6.939080459236774e-10,1.521720675153687e-08,1.9086635320062702e-05,2.1713719840725714e-10,7.503569984481681e-06,2.584955034070872e-07,2.8651630807952147e-07,7.650215674360168e-08,7.498214081158625e-06
41,1.4720468836272205e-05,0.0035076197884169502,0.00033816480298638025,0.00609882106363155,0.7442836416189633,0.001822816169578926,2.4155970270264546e-05,3.771936358413079e-06,1.2982476935143004e-06,0.00026724697022952965,0.0015718619829065718,0.0018946588004432777,1.6855614402308063e-05,0.23675742495123536,2.3627446799536733e-05,1.0567760641884191e-05,1.871802051287663e-06,0.00046488362023921754,0.0001252901500654853,9.736979986368505e-08,0.0012953419129480498,6.654998338887836e-05,0.001262244917638944,1.0257920960971566e-05,0.00013620872951334187
42,9.809597531468727e-09,0.00012636770434097203,0.00022866142500845723,3.574844491685264e-05,0.9928081401129024,0.0002832713155599309,7.26603959510616e-08,1.377874920997288e-07,5.9684239212068156e-05,0.00012521245910921417,1.8595046033375122e-06,7.468406779584187e-07,1.4373213178897342e-07,0.006228702115121818,3.329237863015717e-05,1.5069712288664365e-06,1.3072015436582317e-09,8.704744778685938e-09,4.225454721736321e-05,3.752266167875536e-10,1.5148077693498644e-05,3.100243191473757e-07,3.440435657598115e-07,8.996657095725752e-08,8.285452530785383e-06
43,2.857404197286943e-09,8.52938774685459e-05,6.657273995699157e-05,3.20888856320509e-05,0.9960250632332729,0.00034171689167854,2.6681010793870247e-08,6.357728671555062e-08,2.544734393918217e-05,0.00020026159674902782,8.574181624908229e-07,2.416446680888077e-07,8.674121097457732e-08,0.0031770789927842483,1.2586113570275716e-05,8.637380037387132e-07,5.175908686592668e-10,8.51210624259096e-09,1.5753697262328282e-05,1.4627716673086462e-10,1.1254011773679063e-05,1.2457875471056996e-07,2.6692459440104326e-07,5.77093120146622e-08,4.281569529716294e-06
44,6.847179260697202e-09,0.0001269416807708565,0.00022287212782258053,4.40794329264572e-05,0.9915771088292253,0.00025583197337843616,6.124561610647317e-08,4.664153079475587e-08,3.374695997979111e-05,8.202767764825568e-05,1.7297236029304043e-06,5.328698593960051e-07,2.73530702905079e-07,0.00761639110274933,1.2352222877875259e-05,5.417156088885763e-07,5.623454867489664e-10,1.1403591804225587e-08,1.197557631586284e-05,2.3055177484302453e-10,6.608478016580916e-06,9.019744952574964e-08,2.828436419279051e-07,9.720986845159626e-08,6.388916739066251e-06
45,5.819559540238142e-09,9.125582825004713e-05,0.0002683353688020785,2.866568379444599e-05,0.9939419526409651,0.00018304980543657867,6.242685806481754e-08,5.5843373981768204e-08,4.633196737165205e-05,6.333449302937046e-05,1.4806682024717727e-06,4.5438393352663357e-07,2.9597631349987056e-07,0.005337326317908704,1.4666915943157442e-05,5.115445640986687e-07,5.335613041251151e-10,5.28508994363689e-09,1.3904317552190294e-05,2.1053544309743088e-10,3.912153096807466e-06,7.567786496931513e-08,1.7738897713933692e-07,9.9089984349835e-08,4.039659031928698e-06
46,8.167051594238169e-09,0.00012912105403838152,0.00022335836839540148,4.5470232139902593e-05,0.9930900218683401,0.00017541247944721552,5.308635689801415e-08,6.157925097624872e-08,2.7495459846519302e-05,7.534504449977212e-05,1.6544016044824993e-06,6.706395921583471e-07,3.031623953808477e-07,0.006192819176385873,1.2039260163147023e-05,4.609359122792035e-07,1.045519971935302e-09,1.3109547060026795e-08,1.1519694602700415e-05,2.2955972354656528e-10,7.057750785188868e-06,1.0913184379795341e-07,3.0312475578029265e-07,1.360471186558642e-07,6.564950847147046e-06
47,5.5776265289729086e-08,0.0002816455492793649,0.0004463668996940435,4.567774619919162e-05,0.9847257449510344,0.0004892335899315595,1.693874500003682e-07,9.546356196279765e-08,4.617947037077916e-05,0.00012661036725158825,3.6875909888917914e-06,3.0449390709256333e-06,5.00121056915848e-07,0.013736984822766838,2.970381983084886e-05,1.7462683529466776e-06,2.759324453445109e-09,5.011974200539647e-08,2.805134601102947e-05,6.06931028071295e-10,1.6099200502172505e-05,5.652598282508834e-07,6.32550539735108e-07,2.448280648934576e-07,1.6906565950895395e-05
48,1.0486234223999683e-08,0.0002644944979283838,0.00013670784995724,3.780729165496541e-05,0.9933014867883037,0.000107757384171081,6.720880913295009e-08,1.1497926947726967e-07,2.703841554370595e-05,0.000135856768434612,1.0111777622274474e-06,5.187482777482e-07,3.9966627596673243e-07,0.005917721946235226,2.1691963973696456e-05,6.555736923110889e-07,2.4402684240282685e-09,1.0013657860789938e-08,3.099996644432906e-05,2.0013708127889122e-10,7.921101423123014e-06,2.642613979815066e-07,3.834640646329353e-07,1.9849412788821565e-07,6.879311954791369e-06
49,5.914665206470177e-09,8.630188566651442e-05,0.0002188920457245464,3.41384560929455e-05,0.9917492312243104,0.00029007661803731014,4.4561328075676124e-08,3.831513666622434e-08,2.61227404766539e-05,5.894039972942215e-05,1.7947478806914078e-06,7.384805939773216e-07,2.3982941028041664e-07,0.007503765382368527,9.644101756343988e-06,4.805670566064159e-07,5.148419108425446e-10,1.191544779866928e-08,9.063757232178567e-06,2.4113479122524547e-10,5.721862473498354e-06,1.0255682311886227e-07,2.486112648316659e-07,6.696907576281269e-08,4.328301472195251e-06
50,6.4823665867851635e-09,0.0001662895953408055,0.00020683426636102534,4.348759026710009e-05,0.9871525616088694,0.0003246185894672386,1.0453594648209724e-07,5.256294296563737e-08,5.746132963914761e-05,0.00020609397023235813,8.746800645405259e-07,2.940023972302706e-07,2.7279477718018404e-07,0.011785201331190799,1.290770639933784e-05,1.1679872107392337e-06,2.79597777503301e-10,6.727792517433496e-09,2.7567185359466524e-05,2.368998571925487e-10,6.085104008628841e-06,1.1339139121652376e-07,2.1843859389963538e-07,6.827269677321023e-08,7.711330186704136e-06
51,6.4385984562293996e-09,0.00017137386792534265,0.000227789406299491,7.24856026755178e-05,0.9891427254677984,0.000255709790966774,7.74717822949636e-08,6.027509329918885e-08,3.3290835359110845e-05,0.00011030507007497452,2.227995856560444e-06,5.592094888199638e-07,3.3098986239504246e-07,0.009946337816654756,8.565177804815091e-06,3.7838509173072603e-07,5.261404602191468e-10,2.1188817591164983e-08,1.1541032649138786e-05,2.936924122100164e-10,9.061450975968432e-06,1.064709224211787e-07,2.774917828767315e-07,1.0473493965099642e-07,6.663008746761442e-06
52,2.1323231351345855e-08,0.00028512143104506975,0.0002716168272869461,8.627863712240873e-05,0.9748500396910178,0.006460104597200681,3.05239111451837e-07,3.4664939275413216e-08,6.87971609312836e-05,0.00022743904581083377,1.4465885755620317e-05,9.48816197931669e-07,7.18382481057651e-07,0.017680855252007938,2.0952680503535966e-05,1.7056725386253555e-06,4.3832962850617435e-10,2.509141856190588e-07,6.912215783764026e-06,1.5276509774857827e-09,1.3989930381539474e-05,3.1057923774448463e-07,1.518734315732529e-06,1.717451018126116e-07,7.438607831480747e-06
53,3.2177096688968376e-08,0.0003305763625795087,0.0006724754394472655,0.00011953371292258155,0.9776928947874689,0.0013935925334465798,6.724959549125064e-07,9.712414748228506e-08,0.00013714237619370247,0.00018895556676183677,1.1008433603320299e-05,1.0781169085804634e-06,7.284833211994183e-07,0.01931409970380412,6.55986517619498e-05,3.170591428680536e-06,1.0389001212884508e-09,4.2283829217870815e-08,2.6282890125343507e-05,1.5041646501758513e-09,1.6818154306977644e-05,2.2025739941899184e-07,1.7331494320409487e-06,3.2024838728643764e-07,2.2923916607761508e-05
54,2.147625673507323e-08,0.0003300291365188307,0.00044051910370875475,6.625227062925393e-05,0.9716480136000486,0.0006904422746045094,2.411174494745407e-07,4.304904842781459e-08,7.935886830292736e-05,0.00019683621233237825,2.0187811316718224e-06,8.746168804079402e-07,5.381450768629047e-07,0.026449492917284795,3.309048978622605e-05,2.267812855518925e-06,5.040105072171425e-10,1.5583170027359948e-08,2.4869792071204244e-05,5.149060163062889e-10,9.660947964964322e-06,1.8052624703436165e-07,6.00945708760088e-07,1.2384359060778397e-07,2.4507470415726674e-05
55,1.937737396098242e-08,0.0002192802107742069,0.0006845491656132149,7.752920102604646e-05,0.989535782278325,0.0002930152138079231,1.213309198134109e-07,8.113984009950584e-08,0.0001055717372280874,0.00010500792336365804,3.4427674036027265e-06,1.490068548566817e-06,8.721313749690077e-07,0.008924787585029278,1.1640583961279218e-05,4.0945456220740447e-07,9.405097295174862e-10,3.249657218256673e-08,1.3660054144801765e-05,5.670396103051207e-10,6.7335061839284185e-06,1.0706899158690682e-07,1.9134021580236626e-07,2.3109263250424142e-07,1.5442764557960205e-05
56,6.738307054800495e-09,0.00013172889178051403,0.000231222247675396,4.342244498332587e-05,0.9916414598552942,0.0002419578993319798,6.055410849254983e-08,4.560566864392924e-08,3.4049856367599086e-05,7.905394562739024e-05,1.7242482041904912e-06,5.309117148943855e-07,3.1853244504124554e-07,0.007558627546533436,1.1720612171828989e-05,4.910341263023467e-07,5.733185330841531e-10,1.137832878408019e-08,1.1247970901741338e-05,2.3749136625875073e-10,5.957415946119554e-06,8.733979828971539e-08,2.6485596123670216e-07,1.0203806671787161e-07,5.9072658467235145e-06
57,3.063697887672565e-09,5.6420298207123856e-05,0.00017577435033409123,1.9064280157482078e-05,0.9957608265527014,8.920974687949601e-05,1.6055440343288506e-08,4.673006182079208e-08,2.6191822734774606e-05,5.828453203732488e-05,5.382231986380087e-07,5.47560032383006e-07,1.6346842463441978e-07,0.0037857420516466144,6.731684748758984e-06,3.1370846164752926e-07,6.086886370935171e-10,3.662884683676312e-09,1.243158756462743e-05,1.074945636557961e-10,4.239161853495393e-06,7.855886170802863e-08,7.680173664539547e-08,4.783427876122562e-08,3.2475478725799794e-06
58,7.2247279558030015e-09,0.00013396979654190321,0.00023436521720095633,4.234926826996736e-05,0.9924188961078195,0.0002158921220844018,6.071724685431958e-08,4.9110823531176176e-08,3.127202598381079e-05,7.994817781100267e-05,1.6840564557093812e-06,5.381588546664797e-07,3.0575666017337485e-07,0.006804328866210368,1.217940696506058e-05,4.882510440064252e-07,7.00925765560622e-10,1.2128576339878491e-08,1.0656016062386399e-05,2.2027916563176133e-10,6.363491950087608e-06,9.163681868439928e-08,2.875509093764024e-07,1.263821772821332e-07,6.127607600715384e-06
59,8.115818777360904e-09,0.00012674202381500593,0.00028622326540312233,4.272587389521382e-05,0.992707463000128,0.00020406958474245704,6.423867121617755e-08,5.186561182359796e-08,3.202712758247544e-05,7.471930143774953e-05,1.7566218061189842e-06,5.909014958036735e-07,3.1864830071758094e-07,0.006488251881907672,1.175097942141104e-05,4.874628706994756e-07,7.533418245631105e-10,1.3114962296909757e-08,9.59072732916418e-06,2.366897048802335e-10,6.28300973263206e-06,8.59792772807879e-08,2.769752273694054e-07,1.517643397167826e-07,6.346546191834286e-06
60,6.847179260697202e-09,0.0001269416807708565,0.00022287212782258053,4.40794329264572e-05,0.9915771088292253,0.00025583197337843616,6.124561610647317e-08,4.664153079475587e-08,3.374695997979111e-05,8.202767764825568e-05,1.7297236029304043e-06,5.328698593960051e-07,2.73530702905079e-07,0.00761639110274933,1.2352222877875259e-05,5.417156088885763e-07,5.623454867489664e-10,1.1403591804225587e-08,1.197557631586284e-05,2.3055177484302453e-10,6.608478016580916e-06,9.019744952574964e-08,2.828436419279051e-07,9.720986845159626e-08,6.388916739066251e-06
61,7.25129150375875e-09,0.00012423116196900191,0.00028398697609128035,4.012868881013518e-05,0.9925606723269205,0.00020265003598232827,5.910175522212245e-08,4.720237014240606e-08,3.311881181240041e-05,6.912944164691203e-05,1.7527425913158181e-06,5.77472366229943e-07,3.0397411243817854e-07,0.006649149890575453,1.1493106184678932e-05,4.531826137408594e-07,6.622979326802725e-10,1.1452004515029037e-08,9.859445551429229e-06,2.2728365522579455e-10,5.897503578241804e-06,8.245691125435847e-08,2.4235809207907605e-07,1.2637452980520046e-07,6.018152658136324e-06
62,6.847179260697202e-09,0.0001269416807708565,0.00022287212782258053,4.40794329264572e-05,0.9915771088292253,0.00025583197337843616,6.124561610647317e-08,4.664153079475587e-08,3.374695997979111e-05,8.202767764825568e-05,1.7297236029304043e-06,5.328698593960051e-07,2.73530702905079e-07,0.00761639110274933,1.2352222877875259e-05,5.417156088885763e-07,5.623454867489664e-10,1.1403591804225587e-08,1.197557631586284e-05,2.3055177484302453e-10,6.608478016580916e-06,9.019744952574964e-08,2.828436419279051e-07,9.720986845159626e-08,6.388916739066251e-06
63,7.658485591182533e-09,0.00015807591109675997,0.0002407473258658022,4.568800476822394e-05,0.9913426954431195,0.00026187304807572475,6.835788416566684e-08,4.951296281029035e-08,3.8174839852389156e-05,8.818688409510542e-05,1.9149081381763795e-06,5.383492954248499e-07,3.2227209928520455e-07,0.007780760236314547,1.3765946753925909e-05,5.29697224292679e-07,6.330608404179441e-10,1.2808065474307394e-08,1.2432617956670273e-05,2.5664794407948403e-10,6.71528842507353e-06,1.0189945301344836e-07,2.8824627979565215e-07,1.1477902734917433e-07,6.935075052352242e-06
64,6.882677769979971e-09,0.0001212635093316505,0.0001963063396421764,4.445098649528422e-05,0.9923047286936041,0.000247357392532836,5.629819723533178e-08,5.236996684199276e-08,2.993188248549571e-05,8.565562750187932e-05,1.8506302759016654e-06,5.722464597278204e-07,2.1132105604773217e-07,0.0069234927939137506,1.3426859545149229e-05,5.747591863174441e-07,6.616406017960524e-10,1.2531051920344136e-08,1.3123009443155513e-05,2.0656833046595877e-10,9.67875998214302e-06,9.577536695963732e-08,3.062199645248051e-07,9.91186194218049e-08,6.745124490666897e-06
65,1.0210658954753325e-08,0.00022404671575546696,0.00035569969980182983,5.1911575192258594e-05,0.9914670605583391,0.00021861603170894144,1.0469108420225136e-07,7.576354475385397e-08,7.090949883414064e-05,0.00010296470502292808,2.2119745345233346e-06,5.020628032114341e-07,4.459226897641773e-07,0.007450935058901846,2.029909201953606e-05,5.506097048267212e-07,8.353878081758355e-10,1.1405179287777314e-08,1.723296539002062e-05,3.216213617323589e-10,6.38170417221239e-06,1.1399699298075286e-07,2.742130987653343e-07,1.8656666795266049e-07,9.453820893209242e-06
66,1.3685876988257539e-08,0.00030935448637110167,0.00015625634884779846,4.193314848528167e-05,0.9935920790468908,0.00012731690656171511,4.71538778111508e-08,3.651280931417552e-08,8.811523051910868e-06,2.618422186282624e-05,4.68053041052173e-06,6.586325201836725e-07,1.773117147467333e-07,0.005665347022357248,3.658909279175459e-05,1.4605887837193747e-07,3.726529134484581e-09,4.14301126097076e-08,3.505927133909808e-06,7.852181693557347e-11,1.4143454183238052e-05,1.7453220757622646e-07,1.3193639231183183e-06,5.16756944404373e-07,1.0663047135632353e-05
67,8.720448673801473e-09,0.00012127734572819957,0.00026553607987912857,5.331929936833747e-05,0.9876062880260341,0.000400631575558917,8.385071163193085e-08,3.729900682428373e-08,2.663007665507846e-05,7.431960280664475e-05,2.3440090922461057e-06,7.606076963448183e-07,3.123352712256876e-07,0.011407495337246514,1.4149755959425446e-05,8.567290507836927e-07,5.718491946783427e-10,1.5480838301242205e-08,1.0189457881006594e-05,3.476075583463643e-10,7.2768375125286215e-06,9.54720920147553e-08,5.269790798871043e-07,9.524896250679604e-08,7.748953662873156e-06
68,7.598920121164248e-09,0.00013416639327400534,0.00022688301066890526,4.75626935383772e-05,0.9912496049332645,0.00029009746347945844,6.630987683028471e-08,4.80894609698969e-08,3.3683580674180976e-05,8.54913100358327e-05,1.988145000794709e-06,5.899696807480549e-07,2.8241003331986983e-07,0.007889141708350927,1.3082324526743224e-05,5.807595378896782e-07,6.184814439195937e-10,1.3890598916611608e-08,1.1829060729783188e-05,2.5745293614715064e-10,7.403603043322505e-06,9.900505122818684e-08,3.2965191141704534e-07,1.0503053949261688e-07,6.942181868003847e-06
69,8.748265145746824e-09,0.0001527908774853102,0.00040467075596218097,8.414777583283917e-05,0.9915256705113601,0.0002321535592227035,8.796743033548774e-08,8.441676827912136e-08,5.071289088194445e-05,0.00012820237376287287,1.9029593438341706e-06,6.636221207262094e-07,3.8679318024176637e-07,0.007369234269494287,1.2470878820925777e-05,7.514361306179976e-07,8.355958643911104e-10,1.5853637936016853e-08,1.3445859449468043e-05,4.899150308641064e-10,9.268471034335467e-06,8.093271884845432e-08,3.1916601385557994e-07,1.7711448711519296e-07,1.2751441085023583e-05
70,5.797639846649144e-09,0.00015022539824957807,0.00014296346680414852,4.282018764687121e-05,0.9958432667686418,0.00019022581158415657,5.612789816731471e-08,9.750661141761034e-08,4.263038050050134e-05,0.0001175934269726874,1.9070651313893245e-06,3.628164082828358e-07,2.4422538741341926e-07,0.0034183576950683773,1.6595413208851866e-05,4.6232344453605033e-07,9.565147635520907e-10,1.1322240447956874e-08,1.8196758893129883e-05,2.0624519092429303e-10,8.218601513129313e-06,1.0804416118148884e-07,2.6654840978129394e-07,1.5363378984313076e-07,5.2295170342732505e-06
