,0,1,2,3,4,5,6,7,8,9,10,11,12,13,14,15,16,17,18,19,20,21,22,23,24
0,1.1919315414580878e-05,0.01680682500962445,0.0018925153371844865,0.01387534148012881,0.05655412583865558,0.7679718541111906,0.0002626086831507177,1.5244139386052308e-06,0.05515282597164805,0.00012906047264452244,0.010105034501149742,6.035204866080309e-07,4.058805135375355e-05,0.008528333704282798,0.06573817125926082,0.0006012530051737648,0.0005876057765584301,6.150034191768074e-08,8.843577686851546e-06,4.219729626268098e-07,0.00019721225012638645,2.2794427056478514e-05,0.0012256579530037276,0.0002648279646790498,1.998990229667422e-05
1,1.438400381866551e-05,0.017389839366295748,0.0018093892414609743,0.013998046373071055,0.06472369735164316,0.7319732198423328,0.0002693473716754308,1.8072304675904947e-06,0.09401229773462637,0.0001715180335689457,0.008647799586895396,4.517715404877069e-07,4.037382603310187e-05,0.006385737002021417,0.05764475613816847,0.0008640795633630008,0.0005617691996502515,5.207087320871677e-08,9.982446247944318e-06,3.9901868742033193e-07,0.0001352886451839823,1.8918761608858866e-05,0.0010113631701839933,0.00029778247095136066,1.769977963032787e-05
2,1.3165490688451573e-05,0.01595475636728372,0.001955380851225289,0.012943946348969873,0.0793770882921975,0.6764248197190756,0.00034444748181987784,1.908290518542091e-06,0.09536362921495237,0.0001913270508864005,0.009018852476001754,4.4128195059464113e-07,3.205762363920427e-05,0.010953187273176537,0.09397557858441467,0.0005712698764519429,0.0004624679250353216,6.300894279230003e-08,1.0730276883413584e-05,7.613246763982292e-07,0.00019296241782020788,3.758480212353006e-05,0.001773345377911084,0.0003623026174075231,3.792602594740607e-05
3,1.2731967860213065e-05,0.0183467182372969,0.0020011436193712313,0.014912622697485792,0.062082063295533736,0.7529058950244194,0.0002702053639968684,1.5464305500983558e-06,0.05822868100239878,0.00012950079289648705,0.011080261564968937,6.485679769660811e-07,4.3176489945701856e-05,0.00922119831951798,0.0677383106041613,0.0006029838979208317,0.0006287130460675098,6.603151065405413e-08,8.792754703183675e-06,4.059545786281365e-07,0.0002022799069365941,2.364372502746566e-05,0.001261198599368426,0.000275842759908085,2.136934559847815e-05
4,1.273753379600497e-05,0.021430775564950794,0.002031275610361868,0.01610282841123629,0.06750906568335524,0.7477823175923465,0.00027932436950990055,1.5825551284733537e-06,0.05649444653351036,0.00011815079817720146,0.01309260977456895,8.51574788984401e-07,5.86864549260516e-05,0.010687868519844186,0.0612538171268195,0.0006030817957329568,0.0007172300380390798,7.596177593586015e-08,9.076244628418416e-06,3.979147448653077e-07,0.00020761281092948874,2.3918215889831274e-05,0.0013074968531004462,0.000253354215150021,2.1417846688814443e-05
5,1.7832330402407827e-05,0.01571004828413988,0.002293426709728954,0.022534360273011745,0.06606492815270391,0.7367850661687252,0.0003024548730493236,1.7612622615388008e-06,0.06825619955558414,0.00017892945731036856,0.01242089613622962,7.754589550648059e-07,4.7771372691827995e-05,0.012362104748768813,0.059099767404723724,0.0007558517436457643,0.0008240295997892746,1.3011009430842395e-07,7.4106714331223455e-06,5.973648778453421e-07,0.00022971321005438745,2.464316699096751e-05,0.0016087301116551195,0.0004429513608255872,2.962047234701729e-05
6,1.2731967860213065e-05,0.0183467182372969,0.0020011436193712313,0.014912622697485792,0.062082063295533736,0.7529058950244194,0.0002702053639968684,1.5464305500983558e-06,0.05822868100239878,0.00012950079289648705,0.011080261564968937,6.485679769660811e-07,4.3176489945701856e-05,0.00922119831951798,0.0677383106041613,0.0006029838979208317,0.0006287130460675098,6.603151065405413e-08,8.792754703183675e-06,4.059545786281365e-07,0.0002022799069365941,2.364372502746566e-05,0.001261198599368426,0.000275842759908085,2.136934559847815e-05
7,1.781295372242759e-05,0.029831369266563837,0.004346706956426478,0.01660682539953964,0.06924258577592227,0.7405620110054363,0.0002855129128706154,2.240190280588279e-06,0.04529832198033282,0.00010524816897836908,0.017435061092344953,8.562714179882029e-07,0.00010443349250658469,0.0070393757223698745,0.06665958385417468,0.0005026470182801782,0.0007133635980954676,6.236434015846368e-08,1.3669118556748876e-05,3.1603809814933016e-07,0.00020231083270251754,2.3914262106571058e-05,0.0007198350195684692,0.0002742144955277814,1.1722209836441773e-05
8,1.7610045822897352e-05,0.015346082740753268,0.002698242551882427,0.023476167251699185,0.08698010423770584,0.5703130776774561,0.0003238400047189078,1.340580194461591e-06,0.1240843610593096,0.0002879010354844267,0.014354395535503973,3.2231373848633385e-07,2.259447913538382e-05,0.01686262536447441,0.14075938999131174,0.0005168424184959218,0.0005202198524717891,8.261479199337946e-08,5.7675975158324505e-06,5.877018409982775e-07,0.00021741610263249675,3.938074141379844e-05,0.0018894345492402275,0.0012262630105548441,5.595054185099362e-05
9,1.3519570775019185e-05,0.01076383764772798,0.00326258341847592,0.02349953205094763,0.05906348294089723,0.723098612532494,0.00018484396953219413,1.6304798215314853e-06,0.07281229664272534,0.000229071745166562,0.012434799017526173,3.6188945602103406e-07,3.394393855143532e-05,0.011694212737430383,0.07917037358241517,0.0006177117822525831,0.0006393697889296844,6.521779296347688e-08,6.813415790716038e-06,6.390290952432495e-07,0.00019949923699152952,2.8746794178842646e-05,0.0014459293055842102,0.0007789201351754716,1.9203130266243903e-05
10,1.2731967860213065e-05,0.0183467182372969,0.0020011436193712313,0.014912622697485792,0.062082063295533736,0.7529058950244194,0.0002702053639968684,1.5464305500983558e-06,0.05822868100239878,0.00012950079289648705,0.011080261564968937,6.485679769660811e-07,4.3176489945701856e-05,0.00922119831951798,0.0677383106041613,0.0006029838979208317,0.0006287130460675098,6.603151065405413e-08,8.792754703183675e-06,4.059545786281365e-07,0.0002022799069365941,2.364372502746566e-05,0.001261198599368426,0.000275842759908085,2.136934559847815e-05
11,1.2302166945738235e-05,0.018929065537025204,0.0019931121299861148,0.015279526800753155,0.06041715298788329,0.7602868774696345,0.00027410645981282424,1.6625512834119623e-06,0.056379978484155234,0.00012031804943271553,0.01113712696270341,7.066179829588295e-07,5.052014836458436e-05,0.009009075898517854,0.06309025935602657,0.0006210325747727197,0.0006736406187254618,6.609916625113683e-08,9.010767495845254e-06,3.966050437950703e-07,0.00019286511576797527,2.2913845888421973e-05,0.0012262950860493882,0.0002524208624647532,1.9566804117663516e-05
12,7.102500825070392e-06,0.024819758072215065,0.0009634092961691723,0.009500884821271927,0.1992085204557261,0.658602879620553,0.00023555545717324656,3.1913244876113524e-07,0.040701461122179185,5.587187642210759e-05,0.007063842372697719,1.158024041714404e-06,2.52937082560666e-05,0.026016850636686014,0.02978919105885696,0.000293041763323189,0.00025948235048098436,1.6293621225348303e-07,3.622082474322773e-06,5.302115680162077e-07,0.00017483111677251827,8.438554774612477e-06,0.0020805963004488226,0.00010039006555761745,8.68064628655706e-05
13,1.1749533253012772e-05,0.025379329222249277,0.0024146154202355974,0.022311883464941916,0.0959029423194937,0.6325078744318728,0.00020785663292705291,1.0274336594884944e-06,0.03746203334329178,6.626744840624767e-05,0.05497333337795581,1.186295024879346e-06,9.745974895048513e-05,0.015527431493998827,0.1092039665206124,0.0004932037189528253,0.0007470959262507688,6.244769885464265e-08,9.066066533231543e-06,2.3486566919622945e-07,0.00029315853472497574,2.1213052665212545e-05,0.0019831703622361606,0.00036910833750526613,1.4730000890099158e-05
14,2.988718562443194e-06,0.03310864793900478,0.0005110518873318971,0.0018382976816156708,0.045585009290043874,0.8769567677000594,9.63844956668879e-05,1.8359435545446244e-07,0.006872632917772066,2.094033884376277e-05,0.009589091810295292,1.217723614955558e-06,5.230016929660437e-05,0.004446638219842513,0.02000783641170217,0.0002899416376793794,0.00014764420160994418,1.677947050196734e-08,1.1137236679221198e-05,8.890947812865812e-08,0.00011587639047049518,4.766632989203625e-06,0.0003135263084613913,2.2709763688709854e-05,4.303241465292292e-06
15,1.2731967860213065e-05,0.0183467182372969,0.0020011436193712313,0.014912622697485792,0.062082063295533736,0.7529058950244194,0.0002702053639968684,1.5464305500983558e-06,0.05822868100239878,0.00012950079289648705,0.011080261564968937,6.485679769660811e-07,4.3176489945701856e-05,0.00922119831951798,0.0677383106041613,0.0006029838979208317,0.0006287130460675098,6.603151065405413e-08,8.792754703183675e-06,4.059545786281365e-07,0.0002022799069365941,2.364372502746566e-05,0.001261198599368426,0.000275842759908085,2.136934559847815e-05
16,1.541286084894635e-05,0.016562668969091324,0.0017913328049706286,0.02006183542521869,0.06053520111247422,0.7689320416705284,0.0003366540839714209,1.3257762278358156e-06,0.040749854471342495,0.00023982266121459663,0.012678807528841622,1.343124998722394e-06,3.924638526021837e-05,0.0169699522208339,0.05692107837593503,0.0007693027820367773,0.0008092569769975453,1.936783132411955e-07,7.352950518662358e-06,6.583239209341232e-07,0.0005403944894508295,3.184241868144224e-05,0.001649023463459429,0.00031465420250949354,4.07432423533659e-05
17,2.133829105194335e-05,0.028164283525249627,0.002306746145703486,0.020270350876694238,0.08039524185096528,0.7208582521606854,0.0003671404865861256,2.2399364711227916e-06,0.05598651524820209,0.0001409472263515156,0.015550489267751823,2.5149503026836877e-06,9.256242322028857e-05,0.022930489223579258,0.04750976044416996,0.0006393798808383801,0.0014081131479867313,2.673919888400614e-07,1.1439968593986604e-05,7.628628910568476e-07,0.0004044438604940671,4.553667617819797e-05,0.0025931888080138847,0.00024196409307078768,5.603125295909035e-05
18,2.135479379177531e-05,0.02785784376961523,0.0012361881293030744,0.011729786889069957,0.04856143272926203,0.7430618147279909,0.0003939377155361411,1.6982732972119733e-06,0.08506241974120693,0.00018723706941526307,0.010470424336926848,1.6292489084064716e-06,5.418796446609046e-05,0.01870254419415411,0.047642468662454585,0.0006289743821872473,0.0014127383729527821,2.1520828388772097e-07,9.658351818452212e-06,6.643950288864462e-07,0.0002557824283971537,5.018398382105165e-05,0.0023217071661706537,0.00025488850237003575,8.021896357106827e-05
19,1.2056838393311523e-05,0.021603215218418226,0.0028387226446445453,0.019027357697284555,0.08722706609115806,0.7147226768847843,0.00032917478147839854,2.112166239467891e-06,0.060677296069294055,0.00012397379784458083,0.012115059562533888,8.89261021483428e-07,6.596387914731021e-05,0.010724494892978916,0.06760297951953038,0.0005915622690541168,0.0006767747329393905,7.545411717176062e-08,1.0234078714159244e-05,4.77941201724134e-07,0.0002169055341220609,2.960570262419244e-05,0.0011260281692677299,0.00025482580967939983,2.0471003528661366e-05
20,8.376269801469796e-06,0.015600766961121391,0.002129764036398577,0.013822624179236112,0.055042365225818,0.6759999243118741,0.0003310228594425912,2.088091379489837e-06,0.04561655870075987,0.0001091042082347377,0.012748558906645144,4.2303726243109967e-07,3.299252243211767e-05,0.007042893112790319,0.1685711438676271,0.00045894217301034894,0.0004349214062788147,2.9238198630316895e-08,1.0738800063374993e-05,3.653365670962144e-07,0.00028813023579627784,3.692606683820443e-05,0.0014115856119763326,0.00028295163949986683,1.6803200947916e-05
21,1.7478327780820597e-05,0.023121683440984028,0.0021039830879534226,0.018482119879978137,0.09284162018334405,0.7183982031418716,0.00023080722602987234,1.2029417996706132e-06,0.05712913309144684,0.00020218892597217462,0.015856536959456796,1.1053578125257331e-06,4.754809268050926e-05,0.014483377360864942,0.0535770561406837,0.0007161547345180622,0.0006534123683720936,1.2185540466929805e-07,9.10526814307037e-06,4.928745604186091e-07,0.000350342431688043,2.36326276806597e-05,0.0013760925503053785,0.0003478188660737924,2.8782264594766615e-05
22,1.572979472264337e-05,0.014720069269386234,0.0027014676345040053,0.0219685316607812,0.051899856921590035,0.7688161256775801,0.000215538336430859,1.578817119763258e-06,0.046932656244101555,0.00018500637802471102,0.015315720234137218,8.142317806822584e-07,4.7178409225853414e-05,0.010998287296317015,0.06251804269948548,0.0007211563263384542,0.0009621451761028349,9.987655721686423e-08,7.775740108030291e-06,4.605542572598415e-07,0.00028734153111400346,2.682736345505387e-05,0.00122240901463677,0.000417329220080684,1.7851592162568813e-05
23,1.2731967860213065e-05,0.0183467182372969,0.0020011436193712313,0.014912622697485792,0.062082063295533736,0.7529058950244194,0.0002702053639968684,1.5464305500983558e-06,0.05822868100239878,0.00012950079289648705,0.011080261564968937,6.485679769660811e-07,4.3176489945701856e-05,0.00922119831951798,0.0677383106041613,0.0006029838979208317,0.0006287130460675098,6.603151065405413e-08,8.792754703183675e-06,4.059545786281365e-07,0.0002022799069365941,2.364372502746566e-05,0.001261198599368426,0.000275842759908085,2.136934559847815e-05
24,1.2138084809357394e-05,0.01979453363133975,0.0020911528948044642,0.02309174161133554,0.10831539019793998,0.7025058720847767,0.00027275958908934395,1.5522905396211863e-06,0.05935624295161551,0.00012352752135917083,0.014603045941389788,1.062548746012714e-06,6.962938319182101e-05,0.015281542815983484,0.050925356017749515,0.0008047767127157175,0.0006885494571570828,1.033677342227036e-07,8.27238536579021e-06,4.659388176255305e-07,0.00021198875972001553,2.0259241581984198e-05,0.0015341864193492113,0.0002629356010490418,2.2914551839205836e-05
25,1.9725594197487514e-05,0.01837663845414014,0.003318732888008649,0.03237375770347052,0.09616811928513604,0.6574646337035968,0.00043078253792864645,3.479287265897556e-06,0.05546728858595833,0.00015633870641103858,0.02405231794875902,1.0304158153102404e-06,9.729714081303465e-05,0.010750861039527406,0.09684740349774908,0.0010436830375825676,0.000849870814074103,1.0564027446102583e-07,1.415647897619558e-05,5.379349016467813e-07,0.0003627673798998107,3.03742147333413e-05,0.0017839741335145202,0.00036771229839333263,1.8411278872402564e-05
26,1.877267741316741e-05,0.015248942427218389,0.0017919006877623015,0.018970669578561562,0.05538837501193652,0.6885765815798773,0.00022811648934109832,1.8489004391165644e-06,0.13424761346376676,0.00011308961724840136,0.010303551231820174,3.485321720575205e-07,3.6452841294722624e-05,0.006810576378547393,0.06414619694183125,0.0005802834982030411,0.0007759388978301353,5.741370140507526e-08,6.062917756251206e-06,4.2511110666990307e-07,0.0001124426019965933,1.7053189072113994e-05,0.002006105234479242,0.0005946406169269345,2.395415969738861e-05
27,1.0495744911195092e-05,0.016659898240623278,0.001522766463963465,0.01158559720681788,0.05602064487158466,0.69799485060405,0.0003310726631564175,1.6279121597849195e-06,0.09503251706255193,0.00015773076951380028,0.009247557783171765,4.009016440343137e-07,3.0768502781850666e-05,0.008675986070960559,0.09964885999309289,0.0005555296943121689,0.0005334671844253354,4.3123096667770414e-08,8.555641121293289e-06,4.746438788057496e-07,0.0001533376747608995,3.4672432326158864e-05,0.001416718514116326,0.0003484643449069367,2.7961956071869852e-05
28,1.2731967860213065e-05,0.0183467182372969,0.0020011436193712313,0.014912622697485792,0.062082063295533736,0.7529058950244194,0.0002702053639968684,1.5464305500983558e-06,0.05822868100239878,0.00012950079289648705,0.011080261564968937,6.485679769660811e-07,4.3176489945701856e-05,0.00922119831951798,0.0677383106041613,0.0006029838979208317,0.0006287130460675098,6.603151065405413e-08,8.792754703183675e-06,4.059545786281365e-07,0.0002022799069365941,2.364372502746566e-05,0.001261198599368426,0.000275842759908085,2.136934559847815e-05
29,1.2731967860213065e-05,0.0183467182372969,0.0020011436193712313,0.014912622697485792,0.062082063295533736,0.7529058950244194,0.0002702053639968684,1.5464305500983558e-06,0.05822868100239878,0.00012950079289648705,0.011080261564968937,6.485679769660811e-07,4.3176489945701856e-05,0.00922119831951798,0.0677383106041613,0.0006029838979208317,0.0006287130460675098,6.603151065405413e-08,8.792754703183675e-06,4.059545786281365e-07,0.0002022799069365941,2.364372502746566e-05,0.001261198599368426,0.000275842759908085,2.136934559847815e-05
30,1.2731967860213065e-05,0.0183467182372969,0.0020011436193712313,0.014912622697485792,0.062082063295533736,0.7529058950244194,0.0002702053639968684,1.5464305500983558e-06,0.05822868100239878,0.00012950079289648705,0.011080261564968937,6.485679769660811e-07,4.3176489945701856e-05,0.00922119831951798,0.0677383106041613,0.0006029838979208317,0.0006287130460675098,6.603151065405413e-08,8.792754703183675e-06,4.059545786281365e-07,0.0002022799069365941,2.364372502746566e-05,0.001261198599368426,0.000275842759908085,2.136934559847815e-05
31,2.8638963324863776e-05,0.024289990772097324,0.004239797224494452,0.019958059838779553,0.08206232594678681,0.721636944584885,0.0003542241573974548,3.5834845556536685e-06,0.06427755096390697,0.00015951489936319902,0.010807348941136071,1.1150526154919693e-06,7.749205488519965e-05,0.009969061534189881,0.05837448295544671,0.0006739954588128972,0.0009262062262500086,1.529915489002215e-07,1.576922609279828e-05,7.270420299400292e-07,0.00028510709170632753,3.39289214927645e-05,0.0014853022116702945,0.0003061769668521485,3.250248967941715e-05
32,1.2107233306456832e-05,0.018585785567452405,0.0019638373241617343,0.0130714351054638,0.06278805286896726,0.7568032080741449,0.0002746657863926682,1.6051601125452794e-06,0.0541101031455324,0.00012318856622258156,0.010684978896766664,6.74621056386189e-07,4.4036549939379256e-05,0.008877890824168315,0.06971416446991306,0.00060121402806511,0.000583125165854735,6.143858062135579e-08,1.0417519030255571e-05,4.2602835683482427e-07,0.00020329623560338486,2.5188022455017338e-05,0.001258192998535254,0.00024128003106853435,2.10643388498311e-05
33,1.1130788611145135e-05,0.01923004389041499,0.0016322882980549893,0.015301147054218277,0.036399103795740545,0.8174308797752619,0.0002990039171461494,2.020406419858633e-06,0.053764083575187104,0.00012932919823835883,0.010035989035423456,1.5292313588897195e-06,0.00011222474022316112,0.012920578380138392,0.028946501321941754,0.000845456959687398,0.0016713589477405561,1.2168834660844791e-07,8.255706806290935e-06,4.348000580491459e-07,0.00012541792925929496,3.430151907350943e-05,0.0009191876570874935,0.00016314183553318184,1.6469548028858812e-05
34,3.5924559205967086e-05,0.0422671027053761,0.003222345809343966,0.01141481194502879,0.12291423053383309,0.5505725391483173,0.0002822349920795307,2.1136230175651564e-06,0.12520687765297694,0.00015194967410200443,0.023787656274839284,7.406581968104055e-07,6.845426953806075e-05,0.010780248366151931,0.1056149110031122,0.000435381699552405,0.0005647658216498912,6.612459731719076e-08,2.723980563367367e-05,4.570891448329268e-07,0.000212370571919345,4.376538526710337e-05,0.0018268371429401898,0.0005263025261427424,4.067261803295387e-05
35,0.00020208469173347803,0.053383206282577235,0.003823648061820348,0.023359296514602206,0.06500730947063126,0.5063268156053431,0.0006107361229903832,1.015592706029935e-05,0.2981779115273814,0.00056731470257317,0.009767122892843013,3.031105829930774e-06,0.0001576481191349959,0.008677729705083662,0.022732936790930653,0.0016082232652983594,0.0036999356617920588,8.165334663409213e-07,2.6310935416475876e-05,8.839689547166368e-07,0.00022455647666213147,6.239536333931941e-05,0.0010148697372065476,0.0004814161532021677,7.364438412672713e-05
36,6.33100078949296e-06,0.012147130567284581,0.0007329172350806098,0.009042326374376651,0.017538685354995396,0.8325081267627511,0.0003117473485922495,2.7259289231873264e-06,0.08007180015265344,9.842370831544653e-05,0.004185294178766315,9.417361839143765e-07,6.431253647898284e-05,0.007037532179471259,0.0320426132363075,0.000981007952064523,0.001963215155616552,5.758899394468397e-08,6.761693106189969e-06,4.076552177389423e-07,6.5674079312425e-05,4.122664288327023e-05,0.0010404488929106764,9.566643894154296e-05,1.4625599983089634e-05
37,2.9212527476340165e-05,0.017859993689868382,0.003928614046419794,0.031073496185596582,0.07766208669861194,0.6842355266329256,0.0002761752958952065,1.6453895583327204e-06,0.06808328578228583,0.000211248172551448,0.021932241013432097,8.30766721805643e-07,5.4756476070810956e-05,0.01499671123900576,0.07512166234895264,0.0007003149241886115,0.0009691636896321952,1.7154313319405667e-07,8.163704459293301e-06,5.612922010335461e-07,0.0002693748795923741,2.6877994211610263e-05,0.0016033362303328922,0.000923044906235614,3.150457064073836e-05
38,4.653777038564502e-06,0.008149802311168897,0.0009555233419689212,0.007419574311772571,0.022820654119571473,0.8798531026435946,0.00019573891836578502,1.1201300319312929e-06,0.018078663286289955,5.7192409871738265e-05,0.0057900856006920945,3.7670427205099553e-07,2.9697048018471043e-05,0.0034040985585370416,0.05113465308432395,0.0006331720312217797,0.0003661047142925097,2.356478823051573e-08,7.564437290485037e-06,2.5088085887400287e-07,0.00014237042270103157,1.0603205211953135e-05,0.000846128732089481,9.259510081716076e-05,6.250665210577769e-06
39,8.699127143271511e-06,0.012299422299137525,0.0014690453988804955,0.013008527265783887,0.04057138375156176,0.8106130459232183,0.0003101283764298819,2.0506733288069818e-06,0.036997774639550715,9.605182427873265e-05,0.006498766097926517,6.024456119822473e-07,3.464078849398167e-05,0.0060969676025730115,0.06871630741916926,0.0006461372073677906,0.0006080534229621961,5.321070701771966e-08,8.832553108321188e-06,4.417688117831965e-07,0.00025588390649153444,2.2573524478355737e-05,0.001562042574914992,0.0001522285911724724,2.0339606897523738e-05
40,7.310140199883275e-06,0.026691848983860258,0.003189134869426178,0.006751986322063045,0.08922642586172701,0.7491920965666488,0.00018324587668828513,7.427657485411024e-07,0.026100597751749534,8.034279800573531e-05,0.009182427935749424,7.936898564926066e-07,3.1868621541130135e-05,0.010949066529389288,0.07687050957311108,0.00023948530368590731,0.0003016587881805838,4.363417379643165e-08,1.1108789197697701e-05,3.4326261289599666e-07,0.0001982993328227407,2.967530828762654e-05,0.0005931450153631038,0.00014856019247483587,1.928208743628535e-05
41,9.45248459389547e-05,0.002933383126390353,0.00345018246419088,0.010400607360358931,0.008602193372336845,0.3752498486140256,0.0014859932937949434,6.371000978801684e-06,0.001981729296355176,0.0003837671189709869,0.07298436132662824,1.3909299898650418e-05,5.743389723460231e-05,0.06268381870945061,0.41554116956550335,0.000517779063049259,0.0022377985620258625,4.215372189516883e-06,0.000189960754731147,1.3122585154816065e-05,0.015203534903571217,0.0018635801694815684,0.0228450751996896,0.0007969835679206448,0.0004586565301292916
42,9.96690845473277e-06,0.018957034171848533,0.003392550879772474,0.00957123897379137,0.04848674328994986,0.7431750012396943,0.00029634260241125944,4.413426296185769e-06,0.04409271093689464,0.00016140028359820405,0.008402829855760564,7.706635617800545e-07,5.265029803742682e-05,0.00551344508936572,0.1152056325764215,0.0006028523816241934,0.0006361779149359302,2.9432262102563923e-08,2.9265635134923643e-05,5.552040942433474e-07,0.0003315493952856563,8.293583098549785e-05,0.000815362154215412,0.0001671956975215977,1.1345158081807487e-05
43,1.137029726476596e-05,0.010847152168669515,0.0017183978343894232,0.011935393149902117,0.0478456461108102,0.7556342011496003,0.000232651106037452,1.831105387095847e-06,0.08845877342498101,0.0003428082030139039,0.0060892113750618685,2.508572799118598e-07,2.1501273365886168e-05,0.006889813129143499,0.06717360739532625,0.0007009544738147737,0.00042061129525106295,4.0961911339980464e-08,9.449268223689472e-06,7.161210485244153e-07,0.00019222403403726558,3.150670839114828e-05,0.0010451477136860028,0.00037787447775477806,1.8866365648162852e-05
44,1.2731967860213065e-05,0.0183467182372969,0.0020011436193712313,0.014912622697485792,0.062082063295533736,0.7529058950244194,0.0002702053639968684,1.5464305500983558e-06,0.05822868100239878,0.00012950079289648705,0.011080261564968937,6.485679769660811e-07,4.3176489945701856e-05,0.00922119831951798,0.0677383106041613,0.0006029838979208317,0.0006287130460675098,6.603151065405413e-08,8.792754703183675e-06,4.059545786281365e-07,0.0002022799069365941,2.364372502746566e-05,0.001261198599368426,0.000275842759908085,2.136934559847815e-05
45,7.614300300566719e-06,0.011137439190590298,0.0018378089826097848,0.01325477385605278,0.04276311745742569,0.7728296770954579,0.0002980836002490801,1.8794015139338789e-06,0.044720552199640926,0.00010463992335404959,0.00785155245219516,3.258995128784218e-07,3.19042064193677e-05,0.004970533983047935,0.09774742218998134,0.000652975389288834,0.000431406906778793,2.9783878181044678e-08,8.307460414991148e-06,3.42780103646632e-07,0.00015005589542181052,1.9552010036824574e-05,0.0009368759987137293,0.00023199399446761706,1.1135042543937507e-05
46,1.2491221831065272e-05,0.014625943215810143,0.001814594719443266,0.0163742399732083,0.037851154669746305,0.8056213839653718,0.0002234300396361191,1.7412083728511822e-06,0.04909665746954486,0.00011383617925473917,0.010140654089009535,6.739943153632747e-07,4.6954040866250066e-05,0.007324940758689909,0.05347613148675688,0.0006636004969593024,0.0009178696657044353,6.599175669705494e-08,7.290483982968434e-06,3.591121628215377e-07,0.00018371089459437475,2.0938001672681096e-05,0.0011961136633659034,0.0002705308970470199,1.4693760896485293e-05
47,3.264103951202168e-05,0.04367356836345825,0.0020343238407535937,0.006237602551546033,0.03862081515692448,0.7441676350667424,0.0004398758949696363,3.4944687732075496e-06,0.08878986204052126,0.00023282939230472862,0.007472187573006469,1.9117614726928616e-06,6.524430152740404e-05,0.007433981337831566,0.05736495077274938,0.0006221299280080313,0.001349202558164438,1.2513023820275298e-07,2.9377981173992213e-05,6.209946635188031e-07,0.00024782591831517815,9.362002503018835e-05,0.000854462016176441,0.00018737530368909518,4.433658244759936e-05
48,3.8011195697186012e-06,0.01082838998128273,0.0006924826358803125,0.004294718952517933,0.007406224439215894,0.9299494525100614,0.0001395704322996278,1.5937590258399463e-06,0.01827274872929723,2.5158362007289344e-05,0.002770525464985334,4.151631692872053e-07,4.681473101866964e-05,0.0013984337489917344,0.022455322502649398,0.0003903920066622599,0.0008193702202501941,1.2559755994650293e-08,6.8517053005618845e-06,1.1318350897021236e-07,5.5684316867194495e-05,8.819454620467021e-06,0.0003951567995478411,3.5286644157275616e-05,2.660577356946958e-06
49,8.898823161873126e-06,0.018181292352231457,0.002492331992042765,0.010250583277489992,0.04695411566819537,0.8177361762949716,0.0002082295157615629,1.291579875153974e-06,0.03207473550416585,0.0001061345450134466,0.008137584866575214,8.569205022386848e-07,4.188526120208647e-05,0.008490318767245549,0.05316097730636554,0.0004073146788488528,0.000598269136587455,6.053155677813171e-08,9.184896933085006e-06,4.122837099528205e-07,0.00020743242960184616,2.871326383436538e-05,0.0007145954444447789,0.00017373669273616416,1.4867966946983298e-05
50,2.6322054676516176e-05,0.025097868223785597,0.002216920242504499,0.011429770507802271,0.10218506376512608,0.5250623750887977,0.0011323716351521317,3.486421620746748e-06,0.1703750328662344,0.0005998368613090198,0.008389159244765843,5.203180411242393e-07,3.8652491303888105e-05,0.014277689433639901,0.13544696045523646,0.0008293590773104172,0.00047989957600686806,1.2418693130434896e-07,2.3359487506587424e-05,1.185866754427518e-06,0.00025930846335012387,9.99053586528681e-05,0.0014868036914347383,0.0004160304831721691,0.00012199419888416083
51,1.310145490167108e-05,0.03337813308160853,0.0034919625269964664,0.03255869086685527,0.09318490450443496,0.6366401286265123,0.00022318371035469098,1.7011422128637078e-06,0.11453105011447691,0.00016181418028226503,0.016166887587039016,6.199520392130775e-07,7.296386582315352e-05,0.010841158859557531,0.056158488414472504,0.0004743010366875585,0.0008674854755482677,5.0986002493138265e-08,4.4888999352334395e-06,2.0547057165387662e-07,0.00016148373395876822,2.2634409215627046e-05,0.0005665310011884988,0.00046692932237845123,1.1100776945919573e-05
52,2.503254059639058e-05,0.006220720689001174,0.0031686866966552396,0.0413191637062787,0.04902883696436922,0.7559037390437624,0.0002037940675943819,1.416636368998715e-06,0.059271729052761436,0.0003809899774418778,0.02025159269472475,5.170194593127491e-07,5.11511634602892e-05,0.014026838310306891,0.04488730260854801,0.0015077858531358681,0.0009581929810978458,2.3558716862501598e-07,4.898387442232233e-06,8.808389491213908e-07,0.0001563222323837561,1.685708620431096e-05,0.001248939754999368,0.0013489029858810575,1.5473121408738093e-05
53,7.164326786154424e-06,0.01026431264029177,0.0007611702635759005,0.015408574158298886,0.05065812720694482,0.6862290587869151,0.000784242874345544,2.0814890760873575e-06,0.09199833974530375,0.000109506737956745,0.007853088425641962,3.174453756142934e-07,3.165051227050588e-05,0.007747570936199033,0.12385395754767572,0.0008885243548966982,0.00043538265077763697,4.867239439220582e-08,5.928438395405193e-06,5.209596971543044e-07,0.00013586601238107176,2.056886011478795e-05,0.0025219183419475486,0.0002473443948787708,3.4734217858926554e-05
54,1.4378729254455088e-05,0.03965693488520852,0.0008586353842338139,0.0064692750326818494,0.05913133176652955,0.7246953147718878,0.00043092729089476694,1.3187225809057985e-06,0.10378992898475473,0.000169488757673908,0.006075741396185347,1.0491127100319516e-06,3.991152691528528e-05,0.009822840898130108,0.04614160430278393,0.0007076010116063527,0.0006688561349406797,8.224985305251702e-08,1.0906520592351024e-05,3.423803100604002e-07,0.00014765778990038218,3.1140508494853886e-05,0.0009515822020917704,0.0001352453726526342,4.790426713307968e-05
55,2.918168513597929e-05,0.07255461083084688,0.0016333372891235247,0.013401637912497334,0.14273848376751572,0.5711200508955656,0.0004398977840161372,1.3183316625609478e-06,0.1284577599600933,0.00011522927845523537,0.01250603063975586,3.2764315916158823e-06,7.520869076127583e-05,0.014358510690566373,0.03935050820841854,0.0006274679937789972,0.000965079218142514,2.5319511824307293e-07,9.326694560199751e-06,3.332963243373577e-07,0.00021564826595974555,2.2237701341385806e-05,0.0010971206913837582,0.00020343091938629593,7.405962799857228e-05
56,1.2989955916708264e-05,0.020210351095240348,0.0020714901736493953,0.015205436067839345,0.06492588533396591,0.7480820930038902,0.00028275307753165585,1.6249257965550195e-06,0.059637530040232006,0.00012469619173941172,0.011829677996442156,7.30566315936744e-07,5.1690826519310283e-05,0.009538514917067264,0.06501396348506004,0.0006063050290185274,0.0006634999230044756,7.004646726693499e-08,9.201416724437395e-06,4.056729104451807e-07,0.0001945585485409683,2.3842040422761377e-05,0.0012247550476948892,0.0002667149844228539,2.121963358701672e-05
57,1.1436246517361712e-05,0.024235656067161767,0.0027448413609808386,0.00869580724481933,0.07173657737819504,0.7665771893857782,0.00024503539303656635,2.117388765034664e-06,0.0347823072642672,0.00010809387442536662,0.009791887067194383,1.3972794707463968e-06,5.454453115616768e-05,0.008493189083853539,0.06982943580355265,0.0005204533811587546,0.0006030442320553659,5.9221576571280686e-08,2.4069958320478158e-05,5.233937168022734e-07,0.00032560073624494766,4.69114240846668e-05,0.0010212620509883923,0.00012952008463744963,1.9040148042340557e-05
58,1.3346395821543357e-05,0.01710571799332688,0.002182665211971964,0.015994288190167783,0.05880812755814195,0.7396933027885068,0.00026731267917001457,1.5770465445761513e-06,0.0632131542333365,0.00014011079368520638,0.012194034181837869,5.658542046518993e-07,4.1713167291459126e-05,0.009020359527005712,0.0782047044001337,0.0005988904455469134,0.0006292703152793427,6.255361354744873e-08,8.481984890902206e-06,4.207090360767567e-07,0.00019325936090125638,2.497414244581395e-05,0.0012671224010963374,0.00037577568645160754,2.0762379591508405e-05
59,1.3426875418354833e-05,0.016398921081179737,0.0023946590724055975,0.017132271709242586,0.06171398104220881,0.7305136884910072,0.0002592729645333154,1.5446731378151024e-06,0.0636653041982436,0.00015110264322392146,0.01242935991145556,5.281798399369366e-07,3.82001198163204e-05,0.009344673197433812,0.0827910355581105,0.000588139078812014,0.0006118311973452237,6.318367972910741e-08,8.159555449616853e-06,4.377164412972175e-07,0.00020296802954576429,2.5211910908311572e-05,0.001265488416233777,0.0004285534643011463,2.117773002590893e-05
60,1.2731967860213065e-05,0.0183467182372969,0.0020011436193712313,0.014912622697485792,0.062082063295533736,0.7529058950244194,0.0002702053639968684,1.5464305500983558e-06,0.05822868100239878,0.00012950079289648705,0.011080261564968937,6.485679769660811e-07,4.3176489945701856e-05,0.00922119831951798,0.0677383106041613,0.0006029838979208317,0.0006287130460675098,6.603151065405413e-08,8.792754703183675e-06,4.059545786281365e-07,0.0002022799069365941,2.364372502746566e-05,0.001261198599368426,0.000275842759908085,2.136934559847815e-05
61,1.391559756877589e-05,0.01645477566391862,0.002593549441842201,0.01736398840236683,0.06084326992933761,0.7441563693669828,0.00024707514483951086,1.638165968968593e-06,0.05719919062736969,0.00014465280292624334,0.01208647063654245,5.694035689326812e-07,4.0631386658141205e-05,0.00905175222678067,0.07673800153375346,0.0005821056698464526,0.000632398881199892,6.653668605613164e-08,8.492066883091624e-06,4.360487713692772e-07,0.00021185501159245212,2.4682819321775737e-05,0.0011989174233953126,0.0003857525506149109,1.944266126378836e-05
62,1.2731967860213065e-05,0.0183467182372969,0.0020011436193712313,0.014912622697485792,0.062082063295533736,0.7529058950244194,0.0002702053639968684,1.5464305500983558e-06,0.05822868100239878,0.00012950079289648705,0.011080261564968937,6.485679769660811e-07,4.3176489945701856e-05,0.00922119831951798,0.0677383106041613,0.0006029838979208317,0.0006287130460675098,6.603151065405413e-08,8.792754703183675e-06,4.059545786281365e-07,0.0002022799069365941,2.364372502746566e-05,0.001261198599368426,0.000275842759908085,2.136934559847815e-05
63,1.2816560033877563e-05,0.01996583559197813,0.001973082924102135,0.014280348512109478,0.06282368824665414,0.7488236114463337,0.0002723007629934816,1.5202411424613704e-06,0.06059714066695541,0.0001276238222865318,0.011053270026518833,6.589748592644221e-07,4.354215054188847e-05,0.009142408214003908,0.0679434340496087,0.0005785619639855478,0.0006274110857875531,6.4112419733989e-08,8.800568236564428e-06,3.853605695182772e-07,0.00019770488406582826,2.3935809847019175e-05,0.0012107383800715494,0.00026937964711197857,2.173599778275422e-05
64,1.1960390497104171e-05,0.01875374547175311,0.0021746848881306615,0.015460484591469453,0.06739261642512513,0.7453131059552074,0.00026783801177252247,1.607603002274964e-06,0.04928867860760028,0.0001251396702003781,0.011360318362293861,6.480200006277005e-07,3.894255254799094e-05,0.008404686322795304,0.07843068166339293,0.000543377900172504,0.0005299400899633693,5.8418567768668774e-08,9.299959583109805e-06,4.054535697597336e-07,0.00028460294853510995,2.3436338415189904e-05,0.0012994429708255832,0.0002641388235742121,2.0158561004492165e-05
65,1.5860448912789646e-05,0.020191224183110416,0.00192624348409029,0.015943729487896987,0.06796186653549338,0.733976587566697,0.0002966005384384876,1.6498268834066938e-06,0.0729782549183088,0.0001542937495830333,0.011743246792242958,7.747207298775714e-07,4.8349353262283e-05,0.010736013377501996,0.0606385838958387,0.0006903432084447332,0.0007355526773664627,8.915147330108387e-08,9.28432283123496e-06,4.5875165795818006e-07,0.00020228540534220798,2.6030050047927496e-05,0.0013889459978814922,0.00030660080424872775,2.7130751715667492e-05
66,1.035842544338026e-05,0.016392272224898342,0.0013934070352512819,0.010148303783111086,0.040172473409565236,0.7809081225836322,0.00028932317096557944,1.6449380944443777e-06,0.061482947451658054,8.740408993331083e-05,0.00767736657499734,4.631933289722805e-07,3.5274547412455115e-05,0.006297996487383885,0.072250215368669,0.00047642797882738397,0.0005769689743036756,4.2820765024940724e-08,8.555645511680568e-06,3.6874925884700327e-07,0.00014278595504148986,2.190454229007573e-05,0.0013926863894221737,0.00021215279383274963,2.0532866402264978e-05
67,3.154990175478872e-06,0.005548782791190392,0.0006491095884011807,0.006408496163103529,0.014048442076286255,0.9037260863447761,0.00012719410168782563,3.9252505310413225e-07,0.01355490849345877,5.72084971912898e-05,0.005798586483766474,4.0562536261272523e-07,1.776962517480335e-05,0.009109621927050126,0.038430202681373614,0.0002858298690764934,0.0004532456759628715,4.297718637137871e-08,2.894979683619008e-06,4.1289295426596417e-07,0.0001470335867765393,1.3487761496782902e-05,0.0014444254214998715,0.0001578413075455454,1.4423613766143916e-05
68,1.2733301659722809e-05,0.018228576807994973,0.002007051578625411,0.01507311818296232,0.06167070717034566,0.7548179802675576,0.0002709121533009151,1.5510941863109974e-06,0.057687814647477076,0.00012862486575171967,0.011081551858316436,6.574983048098584e-07,4.3856034028189136e-05,0.00926221583620176,0.0666755063320609,0.0006054507059403045,0.0006351857682933032,6.745120566485881e-08,8.721588914110195e-06,4.08293917504976e-07,0.00020271289082031762,2.337796819967125e-05,0.0012657791103019476,0.0002741136940045762,2.132489962886402e-05
69,1.5159546350280047e-05,0.021220033423063125,0.0021413065883062075,0.018645035851277275,0.08396094865930766,0.6881436081273062,0.0003178100769665017,1.7503611907672681e-06,0.08724319172575448,0.00015440313135411384,0.011465170814659321,6.077092872933342e-07,4.36702431476026e-05,0.009931399981296652,0.07352072777204285,0.0007027493260634372,0.000647497303060916,7.342638749591227e-08,8.027812985746502e-06,3.8173906569535764e-07,0.00018444825297997844,2.3629750654707894e-05,0.0012696580614523338,0.0003322113656437756,2.649895039555965e-05
70,2.40212141788363e-05,0.03840659804647429,0.002832237265827333,0.010373176761319196,0.08098832406990257,0.64662533861477,0.00035223541455241427,1.794366260761221e-06,0.05733103223469908,0.00014596284309375624,0.01871113632512944,9.37724560376419e-07,4.640559020184419e-05,0.009552774447093163,0.13155845684929152,0.00040563882814417807,0.000560768521907843,6.803324761177876e-08,2.026095460896317e-05,3.597292732064029e-07,0.0003743026368856676,4.867793485772747e-05,0.0012851286259377003,0.00031808215513817387,3.628081264436397e-05
71,1.406607548393489e-05,0.019482693463825803,0.001878368987240326,0.015676171135875275,0.06852479003303583,0.7344747223694488,0.0002874014154754547,1.631547079073924e-06,0.06727639466252765,0.00014088485542067643,0.011721990268474754,7.113948200235166e-07,4.55888325266352e-05,0.009844725347549536,0.06733241387214131,0.0006799950851122997,0.0006622297870891511,7.438982286314597e-08,9.038729006163254e-06,4.3089049816376754e-07,0.00020898667972039527,2.431031550370506e-05,0.0013970479677814427,0.00029107923456065396,2.4252659979884654e-05
72,7.385417626042246e-06,0.007406619433081994,0.000961396928562906,0.02430792782718684,0.041223542509419606,0.8389274627923219,0.0002098670274227254,9.325078912911397e-07,0.04992324366794047,9.443011332893436e-05,0.006331806123111886,2.251966644249949e-07,3.362689511771439e-05,0.0030675037211107107,0.025015398879102157,0.001146338333490338,0.0003744476923341831,4.24765109940236e-08,2.278956601069196e-06,2.271315719554456e-07,8.07804540740589e-05,2.4439609043741055e-06,0.0006148721634166065,0.00026201648000642903,5.183311200577983e-06
