,0,1,2,3,4,5,6,7,8,9,10,11,12,13,14,15,16,17,18,19,20,21,22,23,24
0,3.569489417631524e-08,0.00012853164191561512,0.0012474655740724635,1.8853097665902073e-05,0.9863192475629254,0.0009378469805297825,2.5489331821269e-07,7.645568294065291e-08,0.0003470917048141741,6.518600364814767e-05,5.5856232493025766e-06,1.3290769010376935e-06,2.707432802643592e-07,0.010810791315506062,5.004472852738875e-05,1.8427243057740343e-06,4.627859973823933e-10,1.0336663914190803e-08,4.873758907772585e-05,6.408919789952916e-10,5.6695820510111615e-06,2.397815344244712e-07,1.397610046931571e-07,9.94149524386438e-08,1.0648609801065185e-05
1,4.3605825790417464e-08,0.0003481339855789497,0.0009389927812152135,4.797586841167389e-05,0.9787407505081075,0.0008326561879349129,3.463376838452022e-07,1.5888014734925504e-07,0.00042805884389714074,0.00021159539543811462,3.7404227451974036e-06,1.1592796527736078e-06,2.43304105627571e-07,0.01818433299585824,8.454066343589059e-05,3.2080924639875605e-06,8.397804087649267e-10,1.4849523297350215e-08,0.00011295017760680884,8.550414921028108e-10,1.6771538532917078e-05,5.400199172755992e-07,2.953231402008093e-07,1.28302170260358e-07,4.336094178505803e-05
2,5.994720666106097e-08,0.00041668626091732387,0.0006606624347982292,5.279168641149655e-05,0.9719783950903691,0.0009296924990958799,3.5240350987751764e-07,1.3892848403815338e-07,0.00020087823084233167,0.00015490061775678743,4.6417741080803104e-06,1.6802481015782937e-06,2.2197068175265704e-07,0.025283056034961053,0.00014438059192521555,3.5621937622470477e-06,1.703618378279497e-09,2.3245270524419645e-08,8.563950207051966e-05,8.220809376581067e-10,2.3513764738734682e-05,1.0085817901309286e-06,8.965373547505839e-07,1.584945184176037e-07,5.665643562584482e-05
3,4.828151038252558e-08,0.00038728890250359726,0.0007968568184910621,5.6419061223455115e-05,0.9780175587136055,0.0006807905178167554,2.994691190212663e-07,1.3307636509906992e-07,0.00020172508935967866,0.0001544456348201376,4.397730719662893e-06,1.453987124597184e-06,2.5786255196147535e-07,0.019505670262566048,6.564620272140488e-05,2.0477172503656413e-06,1.2103813335183086e-09,2.5578665431484724e-08,6.375537276464668e-05,7.483010150433198e-10,1.7648332980785307e-05,5.905654462203818e-07,4.454316664379048e-07,1.6966814394405633e-07,4.23237639014185e-05
4,3.9427987062234515e-08,0.00036141005381093693,0.0007573415853935337,4.952771966997386e-05,0.9776500707743229,0.0006283835846522729,2.6126106669523257e-07,1.0291404701550051e-07,0.00017567790388873386,0.00013431765357430387,3.798325283719837e-06,1.268689171351173e-06,2.8559545621960234e-07,0.02008244070226517,5.484507690867296e-05,1.685815569706899e-06,9.914104516173459e-10,2.1829828522446288e-08,5.1256910259700005e-05,6.503591951160177e-10,1.3660702437064173e-05,5.004067367216818e-07,3.8079517475799765e-07,1.4977050525913375e-07,3.257086022012929e-05
5,4.228738135102576e-08,0.0003835006588931745,0.0007043868115437388,7.067252411369582e-05,0.9788228916343121,0.0006217321212816237,2.686834854217456e-07,1.3003322336930443e-07,0.00014713918793827615,0.0001589650580145517,4.251449240317814e-06,1.3677574315657406e-06,2.653564292255188e-07,0.0189268007687254,4.7352482025651615e-05,1.6894932372465234e-06,1.2151037594640946e-09,3.3288980763468556e-08,4.832497088776951e-05,7.564486352419503e-10,1.8591619633983418e-05,5.113571055552871e-07,4.91132576705259e-07,1.842688778928799e-07,4.040508310819103e-05
6,4.828151038252558e-08,0.00038728890250359726,0.0007968568184910621,5.6419061223455115e-05,0.9780175587136055,0.0006807905178167554,2.994691190212663e-07,1.3307636509906992e-07,0.00020172508935967866,0.0001544456348201376,4.397730719662893e-06,1.453987124597184e-06,2.5786255196147535e-07,0.019505670262566048,6.564620272140488e-05,2.0477172503656413e-06,1.2103813335183086e-09,2.5578665431484724e-08,6.375537276464668e-05,7.483010150433198e-10,1.7648332980785307e-05,5.905654462203818e-07,4.454316664379048e-07,1.6966814394405633e-07,4.23237639014185e-05
7,6.268307101659958e-08,0.0006077795343624006,0.0013369306481227665,6.964590290438567e-05,0.974768961652939,0.0006787861892758833,4.856550224903031e-07,1.5078197047383005e-07,0.00031463668106656835,0.00015653701944342554,7.231300045100437e-06,1.6426864313187226e-06,5.324096758325467e-07,0.021869541178165783,6.599963421295248e-05,1.5811431193557335e-06,1.3098093283892332e-09,3.350493315009661e-08,6.021353261888044e-05,1.1837732429629e-09,1.4308377405189846e-05,5.602658452238732e-07,3.6939241689128357e-07,2.661819184444558e-07,4.374115145098781e-05
8,3.8192143769015785e-08,0.00041221270697881015,0.0008936105520444419,9.69988873512959e-05,0.97514340480766,0.0003208173273592693,2.950122350890701e-07,1.5767883824723228e-07,0.00014380043364803978,0.00022820812953780887,1.6524614217266626e-06,8.80076992842398e-07,2.645595704421847e-07,0.02256514115899273,4.933134899980513e-05,2.249051651139531e-06,1.2258176273066811e-09,1.6023488150885838e-08,4.7974189348771104e-05,6.412589954526955e-10,1.7470810729214608e-05,3.6133514756636287e-07,5.450384072651415e-07,2.5151460298774145e-07,7.431683577410101e-05
9,3.197387650731092e-08,0.0004806071795725697,0.001555694574005831,9.09483072058703e-05,0.9805271300343246,0.00021383919822238657,2.793275479225125e-07,1.5031888967390836e-07,0.00022754423749200614,0.00017541316554915798,1.9501961149520808e-06,7.690095825817367e-07,4.4871412899938595e-07,0.01658724050462197,3.382609751191431e-05,1.0035523252806097e-06,1.020258586280425e-09,1.465596358245318e-08,3.356985765327215e-05,7.013888106754244e-10,1.016014419422338e-05,2.1357956470758863e-07,2.25997619796394e-07,3.5303420163042065e-07,5.858461818346971e-05
10,4.828151038252558e-08,0.00038728890250359726,0.0007968568184910621,5.6419061223455115e-05,0.9780175587136055,0.0006807905178167554,2.994691190212663e-07,1.3307636509906992e-07,0.00020172508935967866,0.0001544456348201376,4.397730719662893e-06,1.453987124597184e-06,2.5786255196147535e-07,0.019505670262566048,6.564620272140488e-05,2.0477172503656413e-06,1.2103813335183086e-09,2.5578665431484724e-08,6.375537276464668e-05,7.483010150433198e-10,1.7648332980785307e-05,5.905654462203818e-07,4.454316664379048e-07,1.6966814394405633e-07,4.23237639014185e-05
11,4.883561039805128e-08,0.00040387937341559,0.0008200069993649083,5.66761629517207e-05,0.9774960053938241,0.0006740993471656484,3.0406800038456624e-07,1.2923305831191025e-07,0.00020069717372366288,0.0001518822161318224,4.468557161848331e-06,1.478980255584784e-06,2.931974929963565e-07,0.020005886516988983,6.351730596095648e-05,1.9374702357888356e-06,1.236316101632827e-09,2.6650897773153564e-08,5.9951377714902144e-05,7.74478552449726e-10,1.6584423971515494e-05,5.872558906133873e-07,4.437602264451332e-07,1.7807851124202303e-07,4.091561065004651e-05
12,8.832091480286654e-08,0.000704464659282944,0.003264230225304403,0.00011123042559320192,0.9745731173711172,0.0008699394249363513,1.2245162249710806e-06,5.548629033650481e-07,0.0031934511609125133,0.0003253476100017635,1.2266319314718985e-05,1.4147941855661894e-06,4.586299285811561e-07,0.01629089239743367,0.0002039857453206682,3.2582268734136743e-06,1.1984683669195706e-09,1.778599339313278e-08,0.00029014479494418897,2.4948178432687433e-09,2.6542086588072095e-05,5.09845525140668e-07,2.0181668680793455e-07,3.2675174083991496e-07,0.00012632853498727956
13,4.978355009692159e-08,0.00032128105507977123,0.0009191230966138669,4.6917836541787344e-05,0.976633711804155,0.0005779168088486955,2.6703370284224955e-07,1.3019012594498763e-07,0.00021659144725220877,9.233525901693028e-05,6.101450643716836e-06,2.1348012536589985e-06,2.4456510153416046e-07,0.020984779892934142,7.286387893764216e-05,1.5244570510749492e-06,1.3353566518293651e-09,2.1534294465405238e-08,6.957633622682473e-05,6.84755332167411e-10,1.7458893466094388e-05,6.274155979636693e-07,3.6062637420267995e-07,1.306826298365967e-07,3.584913048958501e-05
14,3.628675701655088e-08,0.00042828292811211704,0.0006895961234968799,5.273113429298188e-05,0.980551721050458,0.0006528573033963797,2.576537262189677e-07,1.1627152723225314e-07,0.00019299559648122125,0.0001710058667141666,3.95966465350301e-06,1.0786231763590235e-06,2.6338984351149127e-07,0.017091583746057785,5.5206602892222866e-05,1.6702815844960115e-06,9.87254438531871e-10,2.3887224399611744e-08,5.56852708151842e-05,6.588268389502587e-10,1.5632571141302332e-05,5.108059834682007e-07,3.5985876458846244e-07,1.620265129897004e-07,3.4261410306678244e-05
15,4.828151038252558e-08,0.00038728890250359726,0.0007968568184910621,5.6419061223455115e-05,0.9780175587136055,0.0006807905178167554,2.994691190212663e-07,1.3307636509906992e-07,0.00020172508935967866,0.0001544456348201376,4.397730719662893e-06,1.453987124597184e-06,2.5786255196147535e-07,0.019505670262566048,6.564620272140488e-05,2.0477172503656413e-06,1.2103813335183086e-09,2.5578665431484724e-08,6.375537276464668e-05,7.483010150433198e-10,1.7648332980785307e-05,5.905654462203818e-07,4.454316664379048e-07,1.6966814394405633e-07,4.23237639014185e-05
16,5.542777639667322e-08,0.0005386100056123705,0.0005694954149097331,9.439382274819859e-05,0.9717635842836309,0.0010149243660787521,3.965716319973251e-07,1.971647751851383e-07,0.00016326304039939566,0.0003625634134940207,4.938115259525507e-06,1.6889191128919514e-06,2.3016592620450358e-07,0.025229315497801497,6.265125364031855e-05,3.649067104738599e-06,1.4844829679409547e-09,5.422370681770694e-08,8.70260126114045e-05,1.0675176300717555e-09,4.464430998720914e-05,9.605216783885506e-07,7.351334403669173e-07,1.7970134156533083e-07,5.644101533163526e-05
17,5.004337678679343e-08,0.0003537989056423642,0.0007542191352769588,9.007089530432571e-05,0.9667234695307928,0.0006052249621369015,2.9256477153181055e-07,1.171672948940532e-07,0.0001090177439659249,0.00014054874191636973,3.7764484388911186e-06,1.835625675976482e-06,2.9986741227981345e-07,0.031065274975335372,3.7660963791842445e-05,1.886364085668096e-06,1.1638653287123963e-09,3.766861482883363e-08,4.2974462143312373e-05,8.496655087717771e-10,1.8849785039916044e-05,5.250385190437792e-07,6.813211021939372e-07,1.5938401777716335e-07,4.92263918134957e-05
18,1.5249290004446687e-07,0.0007429874105579869,0.001191584370913128,8.297374310882393e-05,0.9691473676910406,0.0004922551062202668,4.873522256259931e-07,2.2642389600515158e-07,0.00016209437000594442,0.00022240342903923283,4.5207470343699144e-06,3.7781391758319805e-06,4.5598760806068716e-07,0.027659736617437532,7.657642940285424e-05,2.431868073162665e-06,4.658977475247446e-09,7.789758336701757e-08,7.047232556458805e-05,9.800115703691295e-10,3.0333283350790052e-05,1.4867499975000195e-06,8.159979146477003e-07,5.09599834858589e-07,0.00010626632812573324
19,2.1520076606844742e-08,0.00024841854965986567,0.0008615749376095336,3.853462130337243e-05,0.9836402656561601,0.000397534561919256,1.5242752172319327e-07,9.30901311640049e-08,0.00018730597702701086,0.00010845244733512792,2.5475810797383676e-06,1.0731045929030626e-06,2.6070591981508665e-07,0.014412481290106516,3.2641645622403495e-05,9.528066182851435e-07,6.90564769075336e-10,1.2566707867557247e-08,3.726230337230817e-05,5.277424148073486e-10,8.315528625596976e-06,3.4509769629164397e-07,1.6232251998724167e-07,1.0899914092179897e-07,2.1481040946513266e-05
20,3.280327258936024e-08,0.0003727964339010056,0.0005979122775184324,4.405204191569561e-05,0.98299212103762,0.00046232355939427645,1.8984140085399734e-07,1.7610897749727248e-07,0.00018795222971472255,0.0001598387439027923,3.012607197029362e-06,1.2776197709174735e-06,1.8831468918303766e-07,0.014977297794579519,7.506958791009158e-05,1.5720575337806435e-06,1.6304488793561376e-09,1.9444392878516597e-08,6.835978513881132e-05,5.967852832237193e-10,1.9189716711293614e-05,9.634183165343212e-07,3.694765892745981e-07,1.5308558594707985e-07,3.5129786732568654e-05
21,6.768567472853472e-08,0.00032872344744036373,0.0009447286339882478,7.149985158930239e-05,0.9662944861259322,0.0009926954553757313,4.4450056320938667e-07,1.0766430984541166e-07,0.00014544298333802396,0.00018446503262468868,4.578236226895191e-06,2.413660243015148e-06,3.8080479784671616e-07,0.030857745943401092,4.9681487919384685e-05,3.86119345213576e-06,1.023541407991207e-09,3.56123158590851e-08,5.4059550176681196e-05,1.085774286601641e-09,1.9831213110939605e-05,4.902820327365483e-07,6.705096134518474e-07,1.6784410722497901e-07,4.3420172450883354e-05
22,6.290051291127717e-08,0.0003548074126176054,0.0009107554355253538,5.783836802738451e-05,0.976292230953584,0.0008980648008538777,3.4426025244400504e-07,1.5075740676154604e-07,0.0001767992806124671,0.00014998317220197907,6.672827136887721e-06,2.0291763445429373e-06,2.2777847703419554e-07,0.020951987784206882,6.5581688543191e-05,2.6392002588672783e-06,1.6136777209805708e-09,4.312729880680405e-08,6.29306545211883e-05,9.760954205368343e-10,2.6761665140385268e-05,7.749344957160867e-07,5.566320681113296e-07,1.8758765683442705e-07,3.8567012483843554e-05
23,4.828151038252558e-08,0.00038728890250359726,0.0007968568184910621,5.6419061223455115e-05,0.9780175587136055,0.0006807905178167554,2.994691190212663e-07,1.3307636509906992e-07,0.00020172508935967866,0.0001544456348201376,4.397730719662893e-06,1.453987124597184e-06,2.5786255196147535e-07,0.019505670262566048,6.564620272140488e-05,2.0477172503656413e-06,1.2103813335183086e-09,2.5578665431484724e-08,6.375537276464668e-05,7.483010150433198e-10,1.7648332980785307e-05,5.905654462203818e-07,4.454316664379048e-07,1.6966814394405633e-07,4.23237639014185e-05
24,2.448216769201737e-08,0.0003791311245337218,0.0005689676274285824,6.814389883981629e-05,0.9763107767700894,0.0005301312983372709,1.9516114954934776e-07,9.268398103506963e-08,0.00012098295456806652,0.00015707634535382995,2.8594720143859254e-06,9.645696589453238e-07,2.6892132303582927e-07,0.02174229546721134,3.052907897338076e-05,1.2589433212326891e-06,6.791033786591335e-10,2.2528274354947015e-08,4.2123141993062066e-05,6.383383226268904e-10,1.3143875825940681e-05,3.854674730313363e-07,3.3680980430468245e-07,1.094192208499904e-07,3.017864101530982e-05
25,7.143290762300436e-08,0.0003777240217962738,0.001258991717603764,0.00011006962729955253,0.9756290847732256,0.0004558572380124814,5.116384195102986e-07,3.0084237983424655e-07,0.00020514583806861372,0.00011905092389449766,9.668538095557598e-06,2.7567082192854163e-06,4.0828078145757665e-07,0.021627616135453914,5.228822547522113e-05,1.6492234754212076e-06,2.1368545771089523e-09,4.192292830847743e-08,7.948263508437941e-05,1.5036184052094916e-09,2.4258757140629216e-05,5.654249923888088e-07,5.369847313960139e-07,2.651801568519994e-07,4.365028938431257e-05
26,1.0541249306905491e-07,0.0005346055193081496,0.0015705865280638868,6.876940778215062e-05,0.9833349711085151,0.0004240845351087136,4.183557047129263e-07,2.2951509089552604e-07,0.0002340269136087978,0.0001561463356504558,5.494165983296777e-06,2.1372022997685727e-06,5.412437633897554e-07,0.013497104611791518,5.596063195403149e-05,1.4067148786177066e-06,3.466366704652468e-09,5.7836319085556517e-08,4.3938975470878286e-05,1.0027563978667513e-09,1.6180156234145935e-05,6.985098963158809e-07,4.531564881454705e-07,6.731184709575898e-07,5.14055760007231e-05
27,6.218254372524415e-08,0.0004647803580747774,0.0009556297157413019,5.5589547379557384e-05,0.9779992024643375,0.001028925282572054,3.6705212427618634e-07,2.0894296925966583e-07,0.0004524007708685912,0.00022903712370335436,4.7872863464018546e-06,1.465830161897683e-06,2.207793669648099e-07,0.018478878825667556,0.00012911723033675986,3.1078288606292695e-06,1.4812856582776278e-09,2.661386153889811e-08,0.0001012209509100231,1.0547445239572694e-09,2.328405476993451e-05,1.0626809574675815e-06,4.7196703661520035e-07,1.8928772610912064e-07,6.99606876533713e-05
28,4.828151038252558e-08,0.00038728890250359726,0.0007968568184910621,5.6419061223455115e-05,0.9780175587136055,0.0006807905178167554,2.994691190212663e-07,1.3307636509906992e-07,0.00020172508935967866,0.0001544456348201376,4.397730719662893e-06,1.453987124597184e-06,2.5786255196147535e-07,0.019505670262566048,6.564620272140488e-05,2.0477172503656413e-06,1.2103813335183086e-09,2.5578665431484724e-08,6.375537276464668e-05,7.483010150433198e-10,1.7648332980785307e-05,5.905654462203818e-07,4.454316664379048e-07,1.6966814394405633e-07,4.23237639014185e-05
29,4.828151038252558e-08,0.00038728890250359726,0.0007968568184910621,5.6419061223455115e-05,0.9780175587136055,0.0006807905178167554,2.994691190212663e-07,1.3307636509906992e-07,0.00020172508935967866,0.0001544456348201376,4.397730719662893e-06,1.453987124597184e-06,2.5786255196147535e-07,0.019505670262566048,6.564620272140488e-05,2.0477172503656413e-06,1.2103813335183086e-09,2.5578665431484724e-08,6.375537276464668e-05,7.483010150433198e-10,1.7648332980785307e-05,5.905654462203818e-07,4.454316664379048e-07,1.6966814394405633e-07,4.23237639014185e-05
30,4.828151038252558e-08,0.00038728890250359726,0.0007968568184910621,5.6419061223455115e-05,0.9780175587136055,0.0006807905178167554,2.994691190212663e-07,1.3307636509906992e-07,0.00020172508935967866,0.0001544456348201376,4.397730719662893e-06,1.453987124597184e-06,2.5786255196147535e-07,0.019505670262566048,6.564620272140488e-05,2.0477172503656413e-06,1.2103813335183086e-09,2.5578665431484724e-08,6.375537276464668e-05,7.483010150433198e-10,1.7648332980785307e-05,5.905654462203818e-07,4.454316664379048e-07,1.6966814394405633e-07,4.23237639014185e-05
31,3.9165538988959485e-08,0.0003659075299410295,0.0009618080838338402,6.252420128478082e-05,0.9824780566402473,0.0002552812746963753,1.8640790210952102e-07,1.6749579811182965e-07,0.0001330364008529906,0.00014610886175962887,2.0982715594248808e-06,1.3243532212971248e-06,3.1425383612753414e-07,0.015476043156280001,2.480061166573792e-05,1.0539691363263822e-06,1.3257150110736336e-09,2.4224579318774303e-08,4.2271223007006554e-05,6.562013073647326e-10,1.2049885537106208e-05,4.238490320389222e-07,2.3557612276576602e-07,2.2857308312211465e-07,3.601400916821356e-05
32,4.96650257179178e-08,0.0003891526999941167,0.0007902719359489155,5.299876837177957e-05,0.9781226485105746,0.0006910704712570137,2.999296631209431e-07,1.437137281891116e-07,0.00022790967439105837,0.00016047166712933848,4.28866323573962e-06,1.461911846680338e-06,2.441999740999352e-07,0.01934260748711664,7.409317279865632e-05,2.2324532995441648e-06,1.2578022875309953e-09,2.3596040869940796e-08,7.65777817891704e-05,7.497611525573353e-10,1.8584617212374292e-05,6.583724619012807e-07,4.263136756582156e-07,1.6025435237656888e-07,4.3622132549090454e-05
33,4.048292961376638e-08,0.0004089717303753387,0.0004887333150847275,3.9631169380637006e-05,0.9787936270423983,0.0005147031364231283,1.9124967567413124e-07,1.011544935991618e-07,8.815953494900753e-05,0.00012191164206157917,3.1081005106520835e-06,1.4148323356771222e-06,2.7005840263770077e-07,0.019406148700328998,4.632217182589225e-05,1.5107554731327944e-06,1.4634863681902234e-09,2.750150232764924e-08,4.7706782206535275e-05,5.70751909549439e-10,1.2963359108690592e-05,8.759907351824917e-07,4.6441427749293095e-07,1.4612080790944816e-07,2.2968720475033096e-05
34,8.256241356407918e-08,0.0005078484542392122,0.0013967167602487254,4.7324151025482115e-05,0.9754339299930493,0.000982683545950127,5.009172914403284e-07,1.9307861511067363e-07,0.0008794816997190019,0.0002078060950295285,5.436713678843973e-06,1.4301370521664191e-06,2.999230139340054e-07,0.020144668941549315,0.0001429890125343204,2.963460311238398e-06,1.089204410119396e-09,1.9461837358267468e-08,0.00015342809972586274,9.213012434245507e-10,1.8838068955581274e-05,7.271444434845804e-07,2.6812357331000446e-07,1.8714205648160807e-07,7.21745031812199e-05
35,1.87677251063008e-07,0.0009344066191476022,0.0017748954400290038,0.00016574753282775164,0.9769026784982531,0.0007250456402092266,6.528154680856842e-07,9.233731736105691e-07,0.0010877716291684463,0.000665828636016277,6.082486104136812e-06,3.2971809577363387e-06,5.165066473672509e-07,0.01717233981689483,7.056973165847687e-05,2.5369634125796347e-06,4.337884862234663e-09,1.2361535352052022e-07,0.00021975776559744121,2.441145441819845e-09,4.792299950108783e-05,1.7767439679624137e-06,3.24969315136677e-07,5.674168495805853e-07,0.00021603916316571673
36,4.336624569076431e-08,0.00021183639082808005,0.0008513616691924922,2.513280454415892e-05,0.9863236895047236,0.0001194022387547985,1.0140229654544836e-07,1.6426550174249867e-07,0.0001713345587349029,8.798248584855571e-05,9.690947383186012e-07,2.1508506378144446e-06,2.27676381414013e-07,0.012005063922744936,5.6054426420225304e-05,1.1919214145688702e-06,2.6391914446358523e-09,5.7818000687439996e-09,9.077380807648822e-05,2.6208104327405507e-10,9.20590199280095e-06,5.610771135403781e-07,1.4579523627401465e-07,1.4283847745345997e-07,4.245531702295963e-05
37,1.6484312186655126e-07,0.0005281273902799873,0.001502934248576233,6.304948439028853e-05,0.9590343230517985,0.0005613467758821529,5.516162976827443e-07,1.197905348130545e-07,0.000135214711601212,0.00010172448969377972,6.1006788287271004e-06,3.282147561491554e-06,4.659964051218191e-07,0.03788028092648527,4.826617147251803e-05,2.1418028263746154e-06,1.8463432583982422e-09,5.419069500612188e-08,6.103282799920776e-05,8.847583802812602e-10,1.665366441906207e-05,6.990360783361699e-07,5.239427956568567e-07,2.9259979130819886e-07,5.264688136381179e-05
38,1.535209116574421e-07,0.00047890600122714585,0.0008984517585053887,4.9924840255469145e-05,0.9569150096924712,0.003654834714258022,1.1626209086565693e-06,1.192301626616657e-07,0.0002937461831605593,0.0002162050445979588,1.3847370707244114e-05,2.545807510295686e-06,2.588702473703087e-07,0.03699494970595349,0.00024346701038472198,1.1650397648632725e-05,1.3323357149679683e-09,5.285980017420544e-08,0.00012554091675412538,1.4150152511931312e-09,3.8597280993915395e-05,1.2500683076725666e-06,1.6983348839058866e-06,1.9923440405469163e-07,5.742578859479382e-05
39,3.966821519916249e-08,0.00014602124814285647,0.0006869856996998367,6.057553094444348e-05,0.9825240408815947,0.0008538906690733099,2.175535733851482e-07,2.0188218663619572e-07,0.0001839139499037847,0.00016768282128560793,3.7212234992865117e-06,1.9150170923177543e-06,1.0802282689506933e-07,0.015142947572149748,5.5882054187116096e-05,4.232183819687956e-06,1.0555611916782034e-09,2.0973699060555427e-08,9.009665569326941e-05,8.89062849574608e-10,3.352948514249103e-05,4.743531899891338e-07,4.780562464956964e-07,9.604473357657665e-08,4.292650847612712e-05
40,1.0698315842665718e-07,0.0005402588527996514,0.0010026542284668788,3.2833308625022466e-05,0.9577056072280724,0.0009281711530766768,3.8655847367835434e-07,1.010538692963661e-07,0.00022133953070009197,0.00010407231974176142,5.740407434444291e-06,2.5858778261086543e-06,2.278570861853375e-07,0.03918016578014493,0.00010589055829267555,2.401519485151154e-06,1.4061078175784474e-09,3.211790666648138e-08,9.795301909406719e-05,6.666649766241564e-10,1.9799252135687696e-05,1.6150723263884635e-06,4.436717835985193e-07,1.2671765209303875e-07,4.748485907524162e-05
41,0.00010420060026378724,0.010163266151190592,0.000851591308694641,0.0057631038712510855,0.5578063635295349,0.0032122666829166495,8.98530779146356e-05,9.762703565097897e-06,5.238021867940337e-06,0.000393550262439179,0.003104695274000063,0.004699407239239842,1.3054280318685928e-05,0.406615707214541,0.00010342016983535609,2.606792501652714e-05,4.4466681790929034e-06,0.0009903767085182758,0.0004946125242078118,2.2240496981718671e-07,0.002615739547337893,0.0004372132719317148,0.0016950606573794484,1.8736786487286486e-05,0.0007820431183984173
42,6.650966224038218e-08,0.0003778803771210571,0.0007906437148947198,4.4880902675727694e-05,0.9809456289962091,0.0007530253615319152,3.491615574914987e-07,3.8229664991702587e-07,0.00035120002364475046,0.0002299182203258288,4.639229889447059e-06,1.9826731360600225e-06,1.33425507089657e-07,0.015999214545676106,0.00017760605179261357,5.622505119611964e-06,2.6964166123171576e-09,1.8972153149053485e-08,0.00022077708861549834,1.1771190188859777e-09,4.0318413920110165e-05,1.9928393466330428e-06,5.478421580688496e-07,1.5315877512494412e-07,5.3013816102182085e-05
43,1.7666863509473177e-08,0.00022947194770151313,0.00022139095413720096,3.710394063497343e-05,0.9896536274984582,0.0009182098401367797,1.1767943731056507e-07,1.597002114266104e-07,0.00014944484856575696,0.0003344770432821922,2.031762831452756e-06,6.163314823242313e-07,7.354725113041404e-08,0.008245318732628253,6.894337883347073e-05,3.189633454334607e-06,9.559932330662645e-10,1.641344681031063e-08,7.849208376539269e-05,4.125042774734283e-10,3.033721837634107e-05,7.477759354404803e-07,4.1778244344059863e-07,8.814583204771501e-08,2.5704705793290382e-05
44,4.828151038252558e-08,0.00038728890250359726,0.0007968568184910621,5.6419061223455115e-05,0.9780175587136055,0.0006807905178167554,2.994691190212663e-07,1.3307636509906992e-07,0.00020172508935967866,0.0001544456348201376,4.397730719662893e-06,1.453987124597184e-06,2.5786255196147535e-07,0.019505670262566048,6.564620272140488e-05,2.0477172503656413e-06,1.2103813335183086e-09,2.5578665431484724e-08,6.375537276464668e-05,7.483010150433198e-10,1.7648332980785307e-05,5.905654462203818e-07,4.454316664379048e-07,1.6966814394405633e-07,4.23237639014185e-05
45,3.8284542649581475e-08,0.0002612972562023631,0.0009189651021926121,3.48991884264676e-05,0.9839606254829815,0.0004912461555625919,2.885959462815077e-07,1.4924702962651042e-07,0.00027350050901099864,0.00011274673676177554,3.625673681732307e-06,1.1955194793205663e-06,2.6297943420740274e-07,0.01375165593894373,7.906124082309068e-05,1.914749604272039e-06,1.0619947016489107e-09,1.1022053716734701e-08,7.154687679357115e-05,6.352175697640456e-10,1.0558931203707808e-05,4.7511703586675603e-07,2.793587619808811e-07,1.6119180327472236e-07,2.5493144512215597e-05
46,5.765131498458789e-08,0.00039483367151122903,0.0008004989256007149,5.832546815489545e-05,0.9818493845851246,0.000469215541108863,2.6047149973832817e-07,1.7575636566561549e-07,0.00016500052497621747,0.00014229311203040417,4.217711515787908e-06,1.8311795060144666e-06,2.8626491512489497e-07,0.01592229554717196,6.414867891559972e-05,1.74863390241098e-06,2.245433803186584e-09,2.9445373856535763e-08,6.149318591160043e-05,7.4689302035288e-10,1.8884186132298035e-05,7.152438833209935e-07,4.782716277509301e-07,2.3743272183131337e-07,4.3585518408410434e-05
47,3.942386113881125e-07,0.0008608799793526293,0.0015562144407237296,5.6526401871721705e-05,0.961120465796259,0.0013213445896758456,8.219993006305022e-07,2.6746127558862417e-07,0.00027221427018324297,0.00024221737156571255,9.276903748881814e-06,8.248256022431982e-06,4.674025723046516e-07,0.03407681236841924,0.0001603900907798602,6.714363215001016e-06,6.0207234175333125e-09,1.1395363808886748e-07,0.00014702763664092112,1.936411932603081e-09,4.302831006652772e-05,3.7618056190178646e-06,1.0105727921606168e-06,4.359311149788338e-07,0.0001113578994157045
48,7.501121299241724e-08,0.0008607823294298492,0.00047674528290734056,4.959100862716054e-05,0.9825335461869317,0.0002824336627628954,3.410825011003019e-07,3.435911534398192e-07,0.00015977043083010472,0.00026438855974778144,2.5875094068591432e-06,1.3890949319025734e-06,3.8877729154667807e-07,0.01500951067800857,0.00011737566837578325,2.45880611062085e-06,5.4126445613392055e-09,2.3329445033192928e-08,0.00016819529459921245,6.628021111927064e-10,2.1099112779511454e-05,1.800524534434569e-06,6.305014656985988e-07,3.678743575742332e-07,4.6149607142115346e-05
49,4.145407232625228e-08,0.0002622969702084529,0.000779418548729201,4.3542120869625084e-05,0.9784976481610264,0.0007716241170384061,2.1716674283071514e-07,1.087710482750838e-07,0.00015627834552190117,0.00011059555801678563,4.543854581280812e-06,2.0024809245897638e-06,2.2497090057640737e-07,0.019224910154918097,5.14248052652734e-05,1.8162144753499396e-06,1.1000774908751707e-09,2.6506829665575894e-08,4.819081848695204e-05,7.765799286607545e-10,1.5306386255531505e-05,6.679039150553333e-07,3.9173880602861044e-07,1.1637862762628999e-07,2.860469608244158e-05
50,4.517792156092721e-08,0.0005182312490530346,0.0007299079323022102,5.694951794020759e-05,0.9664111749182785,0.0008656222734855774,5.250758697885883e-07,1.5036808979492646e-07,0.0003392140082533028,0.00039255504332461034,2.2478520624139984e-06,7.840789493425242e-07,2.6141513222663594e-07,0.030395720267326638,6.78983260005496e-05,4.407905567113713e-06,5.871239332747752e-10,1.5294371664206048e-08,0.00014621743358281993,7.848733637984806e-10,1.619814194930331e-05,7.344869173672161e-07,3.4988109160219553e-07,1.1988698875601142e-07,5.0668093544284505e-05
51,4.526967596590039e-08,0.00052155038853081,0.0008093815422883825,9.225695134018086e-05,0.9719821626845107,0.0006774299498178868,3.7793414996278197e-07,1.7157217514335278e-07,0.0001980219266021637,0.00020689814100164898,5.6363283517598756e-06,1.5181348898235925e-06,3.1123227893052013e-07,0.02532663015802097,4.5502666550944016e-05,1.4288427635838376e-06,1.1303846881115545e-09,4.725774109917046e-08,6.134551152067216e-05,9.499943942788377e-10,2.404908638241358e-05,6.958602742541305e-07,4.368372230055428e-07,1.8253015559825608e-07,4.391711337471617e-05
52,1.434594434601472e-07,0.0008312969330240205,0.000929317943458904,0.00010450689370967372,0.9369422409161208,0.01653706176275902,1.417736297835876e-06,9.462604990634416e-08,0.00039707646647014,0.0004113324516413628,3.490075406299801e-05,2.4921879533738023e-06,6.449344174685103e-07,0.04356688947236547,0.00010969603509776752,6.2833213065123995e-06,9.099920942813861e-10,5.295194810268876e-07,3.564828488687356e-05,4.6597363221109385e-09,3.6451169753210065e-05,1.96251396910883e-06,2.3206473514173507e-06,2.8844211214002073e-07,4.73979585388076e-05
53,2.1853686285952387e-07,0.0010101189450763884,0.0022974203713576496,0.0001521517188824045,0.9425471215913654,0.003594279989144139,3.2707373299399835e-06,2.743987734475237e-07,0.0007880418256791373,0.0003536897617811686,2.7244704096554703e-05,2.8109011952961776e-06,6.824183370259328e-07,0.048541530903038206,0.0003370320054688482,1.1643827004359867e-05,2.153170633962676e-09,9.358231799838112e-08,0.000137737640554143,4.8214914211712826e-09,4.367206361025404e-05,1.4151774814080998e-06,2.7039892273435424e-06,5.504044943337271e-07,0.000146287532259579
54,1.4643233401648023e-07,0.0010024354713954165,0.0015190329794860789,8.295305241699967e-05,0.929438285772656,0.0017568769024082337,1.1438252424418592e-06,1.200302506673085e-07,0.00045817721627771616,0.00036338896943055327,4.962654024024675e-06,2.2614227325366766e-06,4.928015775835504e-07,0.06487599560649022,0.00017061170245194813,8.198757469042402e-06,1.0558307122614112e-09,3.3974892194090185e-08,0.00012776277747122096,1.6131914738055294e-09,2.495084660935749e-05,1.1359849217316908e-06,9.196406993130948e-07,2.1489818919656392e-07,0.0001598956115512281
55,1.3507724615236948e-07,0.0006637734655932317,0.0024177104286519564,9.842207184410682e-05,0.9722148720530146,0.0007760428740682924,5.880018932831482e-07,2.2965696292406506e-07,0.0006233249027178683,0.00019661584151237782,8.674835420738876e-06,4.01949935276482e-06,8.120001689801477e-07,0.022738572358777697,6.166092168390308e-05,1.545220754392858e-06,2.0091336629858613e-09,7.205883910230098e-08,7.236983623702954e-05,1.8210970683986383e-09,1.7911297437325083e-05,6.975503052813355e-07,3.010703157265614e-07,3.992837182604022e-07,0.0001012458632532599
56,4.7523884689505127e-08,0.00040182174619820757,0.0008265640332320593,5.558951289405969e-05,0.9781717768735042,0.0006441960951271089,2.9614037855902835e-07,1.301546254958992e-07,0.000203541205484859,0.00014890109412206038,4.3843214584172216e-06,1.4488186895366584e-06,2.999764182602258e-07,0.019360632559717768,6.231948946510215e-05,1.8576604943024823e-06,1.2339381986191889e-09,2.5524798476224363e-08,5.9915115209754055e-05,7.707276328598316e-10,1.5923327405876844e-05,5.720445841681993e-07,4.173457450623663e-07,1.7804794578299132e-07,3.915938395036225e-05
57,2.1896395041107554e-08,0.0001744423242469644,0.0006335647693664418,2.4698076318607426e-05,0.9887111621101599,0.00024111005812297356,7.984608279132086e-08,1.3420632354714695e-07,0.00015791384445543272,0.00011087615122051845,1.3897263186329902e-06,1.504385014070768e-06,1.5576179977868247e-07,0.00980496048461914,3.6219856254776345e-05,1.2001443897738867e-06,1.3196484831165036e-09,8.350216946702953e-09,6.66128761687672e-05,3.532195153408525e-10,1.1441361429355846e-05,5.190134312493757e-07,1.230680746516812e-07,8.459833543803018e-08,2.177541838708101e-05
58,5.0990590537278085e-08,0.0004091065313058236,0.0008387411968199896,5.429204427649397e-05,0.9801313065562096,0.0005759867922491873,2.972957788080313e-07,1.4025276795043612e-07,0.00018728273567076735,0.0001507572053474768,4.288113951846482e-06,1.4702458831801682e-06,2.8838466281984553e-07,0.01746348428279086,6.481980105548397e-05,1.8494705050742004e-06,1.508187106657482e-09,2.7228258073998754e-08,5.685413362069848e-05,7.161425897156327e-10,1.7021227901860197e-05,6.007098121126589e-07,4.533860943402854e-07,2.204471955985818e-07,4.06587429216673e-05
59,5.725352622958463e-08,0.00038734973256142476,0.0010232284543446382,5.479333745322667e-05,0.9808092316057326,0.0005448912970068403,3.145336240497867e-07,1.4811988727405602e-07,0.00019184833306570175,0.00014102449150665033,4.473293375886508e-06,1.6138724118240488e-06,3.005731177076638e-07,0.016664836268248183,6.25814472519195e-05,1.8472510237507357e-06,1.620759506955493e-09,2.9437496449546336e-08,5.123090357301236e-05,7.693954095893875e-10,1.681430655821531e-05,5.641156820097004e-07,4.370083161568702e-07,2.6446946762494065e-07,4.211750461354263e-05
60,4.828151038252558e-08,0.00038728890250359726,0.0007968568184910621,5.6419061223455115e-05,0.9780175587136055,0.0006807905178167554,2.994691190212663e-07,1.3307636509906992e-07,0.00020172508935967866,0.0001544456348201376,4.397730719662893e-06,1.453987124597184e-06,2.5786255196147535e-07,0.019505670262566048,6.564620272140488e-05,2.0477172503656413e-06,1.2103813335183086e-09,2.5578665431484724e-08,6.375537276464668e-05,7.483010150433198e-10,1.7648332980785307e-05,5.905654462203818e-07,4.454316664379048e-07,1.6966814394405633e-07,4.23237639014185e-05
61,5.118521622721522e-08,0.0003796425781621983,0.0010150531055038831,5.14743281031781e-05,0.980433777092173,0.0005410011236934921,2.894916885089608e-07,1.348645388776763e-07,0.000198291723715798,0.00013051848749702388,4.462434166612028e-06,1.5770905463821822e-06,2.86763609665916e-07,0.01707097219852252,6.120370326242024e-05,1.7178661199958858e-06,1.4259067078985155e-09,2.5724583202372655e-08,5.264312585846884e-05,7.388668056217026e-10,1.578629841593409e-05,5.410448686109109e-07,3.826772435453467e-07,2.2047071790692937e-07,3.994445701876689e-05
62,4.828151038252558e-08,0.00038728890250359726,0.0007968568184910621,5.6419061223455115e-05,0.9780175587136055,0.0006807905178167554,2.994691190212663e-07,1.3307636509906992e-07,0.00020172508935967866,0.0001544456348201376,4.397730719662893e-06,1.453987124597184e-06,2.5786255196147535e-07,0.019505670262566048,6.564620272140488e-05,2.0477172503656413e-06,1.2103813335183086e-09,2.5578665431484724e-08,6.375537276464668e-05,7.483010150433198e-10,1.7648332980785307e-05,5.905654462203818e-07,4.454316664379048e-07,1.6966814394405633e-07,4.23237639014185e-05
63,5.3935124255944583e-08,0.0004812948774519523,0.0008599189397429913,5.8438121405568424e-05,0.9773813805350287,0.0006964562528113902,3.3383515615977803e-07,1.4114791649533227e-07,0.0002278902745781907,0.00016588456614003482,4.862868085445354e-06,1.4682162374075047e-06,3.033175126802395e-07,0.019915188426039572,7.30704571016958e-05,2.001786407786572e-06,1.3608281865324828e-09,2.8692342016732973e-08,6.61427084719538e-05,8.31994660202285e-10,1.792399188148207e-05,6.663050654658085e-07,4.536876229148685e-07,2.000037584304039e-07,4.589486129444702e-05
64,4.846535473994961e-08,0.0003696565299562682,0.0007022833504115078,5.684871333973889e-05,0.9798851641755285,0.0006592310145493447,2.752191214342309e-07,1.491268536194211e-07,0.00017920616211618187,0.00016107890909642777,4.7015804672169975e-06,1.560270277551197e-06,1.9941181428174277e-07,0.017764431191624793,7.142594600117642e-05,2.1732106668125707e-06,1.4201106359491505e-09,2.8043102211891143e-08,6.981270255111746e-05,6.700395164626598e-10,2.5807918207721545e-05,6.265518816216692e-07,4.824146883796351e-07,1.727463929720307e-07,4.4634255846298235e-05
65,7.177336947887434e-08,0.0006822044121635471,0.001264454251110579,6.642434924303004e-05,0.9774249426677883,0.0005818137643977698,5.108923448448202e-07,2.158426256554057e-07,0.0004209176197997275,0.00019376853595639806,5.613575984073143e-06,1.36881423976305e-06,4.195083900554117e-07,0.019075181453602628,0.00010748703983145292,2.0801594483149013e-06,1.7939337411747449e-09,2.5622545811556327e-08,9.158918168816662e-05,1.0425426069125379e-09,1.703686739944069e-05,7.465852934679879e-07,4.3281790035231963e-07,3.2461683598552216e-07,6.236681156468281e-05
66,1.0600625811844213e-07,0.0010393205300754946,0.000540401963795584,5.4593224423728086e-05,0.9834392603898229,0.0003414478488495216,2.485409667331564e-07,1.1190305129703362e-07,5.217501103326207e-05,5.143588980598736e-05,1.2255959607674574e-05,1.78617625697185e-06,1.7496840290986967e-07,0.01412049024412282,0.00020968543742299142,5.66345444565729e-07,8.722132813967606e-09,9.990581351396735e-08,1.93017431585908e-05,2.608203100522545e-10,3.772570031244674e-05,1.2264813823377682e-06,2.2989278325721156e-06,1.0275824175144507e-06,7.425023678950596e-05
67,5.6680101974491756e-08,0.00034338235401672396,0.0009009759173812473,6.402179324727578e-05,0.9681957020302513,0.0010585011846507746,3.832420533340259e-07,9.907350634204491e-08,0.0001563254893866394,0.00013093547951125134,5.6667875422945875e-06,1.974953617977394e-06,2.7486526735095726e-07,0.028941765103450763,7.554073174852805e-05,3.1638568538662686e-06,1.12742768495224e-09,3.1742683537376757e-08,5.2058087100502275e-05,1.0354916095614928e-09,1.9358980292752317e-05,5.927936017507047e-07,8.152746221007622e-07,1.5358777899203718e-07,4.8217828413743646e-05
68,5.3513182108704664e-08,0.0004089508454506798,0.0008106690246662849,6.0811589351239365e-05,0.9771890937139791,0.0007708559126808241,3.238727591997363e-07,1.371052873607687e-07,0.00020124445086421621,0.00016083431217024996,5.046927530759273e-06,1.6077424403518303e-06,2.660321117427564e-07,0.020188439022577827,6.946072411671107e-05,2.1930361808568335e-06,1.3295797592095653e-09,3.109552062443369e-08,6.294837650503708e-05,8.344985201181707e-10,1.974489261828654e-05,6.474499616161825e-07,5.182898445492122e-07,1.8311813411535122e-07,4.593678798772392e-05
69,6.153451300549797e-08,0.00046590106020961996,0.001440209225934769,0.00010731299703449207,0.9776747930105482,0.0006185487027361317,4.2955751606136095e-07,2.397267440178499e-07,0.000302196833714985,0.0002407856102149088,4.836513596028589e-06,1.805500987820349e-06,3.639219025618961e-07,0.01889182746661833,6.623373540658871e-05,2.8346800156716185e-06,1.7898100911954779e-09,3.5480119000042695e-08,7.151502798595409e-05,1.5827880839816477e-09,2.4688836529854398e-05,5.297802584158698e-07,5.023812099095194e-07,3.076971220774222e-07,8.403734648344627e-05
70,4.143053135515964e-08,0.00046969909390801224,0.0005129610051912369,5.5375318043289497e-05,0.9889128549558706,0.0005063451550040223,2.7797135159536884e-07,2.818794268653401e-07,0.0002553437221288162,0.00022418599496224032,4.867092974561515e-06,9.928713266048531e-07,2.332950491048502e-07,0.00880926341335011,8.919056696941424e-05,1.7537851472342589e-06,2.0908535105418635e-09,2.574245734820229e-08,9.764051943230706e-05,6.746954009186394e-10,2.203120922781189e-05,7.183252142988743e-07,4.2645492418499843e-07,2.742464961347341e-07,3.5213185464227014e-05
