,0,1,2,3,4,5,6,7,8,9,10,11,12,13,14,15,16,17,18,19,20,21,22,23,24
0,1.773614392243513e-07,0.00036955674853227045,0.0005233088561199923,1.0128622244015559e-05,0.9707178920420829,0.010171099351779043,6.244956137426418e-07,4.631068228912903e-08,0.0002762831236800457,5.015154970712478e-05,9.412252799545955e-05,4.45424526900895e-06,2.8657054535656204e-07,0.017471063777628568,0.00023049805251270988,2.0185449478441402e-06,1.3565678939321237e-09,1.5350078653860608e-07,5.182827968979736e-05,6.746529285274765e-10,1.656841325077503e-05,2.4308314516522365e-06,7.916733807016404e-07,1.2861906306175398e-07,6.384470377247269e-06
1,1.4143694167207265e-07,0.0008966501992480303,0.00036332092982828087,2.4546694857958073e-05,0.9592064982492418,0.009084813525447,7.332687052944039e-07,8.205469593296597e-08,0.00034310953399804925,0.0001639067156287389,5.563784542749877e-05,3.0708780712248875e-06,2.3373197524833268e-07,0.029331004196944187,0.0003393014628698766,3.267199538390268e-06,1.772506564314656e-09,1.8646769537854048e-07,0.00010765130315873658,8.574665634627574e-10,4.8379091735176386e-05,4.715449094941757e-06,1.4523272182101513e-06,1.3118976824628405e-07,2.1163617937125748e-05
2,2.506237146170547e-07,0.0012373727433393513,0.0002787986214686888,2.792366551347152e-05,0.9503328789411813,0.009032710592580975,8.103942022393616e-07,8.424548042724859e-08,0.0001719927994213185,0.00012614956995245807,6.95957588831357e-05,4.764028213926832e-06,2.3695922079557996e-07,0.03788249567626651,0.0006260651324649032,3.630223164572326e-06,4.587748883837496e-09,3.0199085626295863e-07,9.290733818334878e-05,8.452440162678226e-10,6.418897739352429e-05,9.25443196607066e-06,4.306188138874431e-06,2.0171012057769615e-07,3.307395527990303e-05
3,1.688883948773804e-07,0.0009855031792621212,0.00030264002599241885,2.7114176506429144e-05,0.9604352846946953,0.006960995623899564,6.108954297948806e-07,6.922479276856767e-08,0.00016196629781656645,0.00011169721341036835,6.231252198218225e-05,3.9178462852364536e-06,2.3954105478045076e-07,0.030520259750665763,0.00028337313130671513,2.0482905637636317e-06,2.6935483671624045e-09,2.950198191580497e-07,6.253949973428571e-05,6.765962689137144e-10,5.001222122431037e-05,5.115157431633731e-06,2.185146347479045e-06,1.7772965175737853e-07,2.147055358794556e-05
4,1.3674607735121158e-07,0.0009096238933544795,0.0002916480922333211,2.3957956026761846e-05,0.9601664655493514,0.006397645874956133,5.33119150297451e-07,5.3780948737369637e-08,0.00014325456381869282,9.756022606956798e-05,5.362947250885887e-05,3.4293608677392312e-06,2.6635465019506235e-07,0.03156311364851819,0.0002342501363083187,1.6951733500553856e-06,2.1898698881912874e-09,2.4859379582287857e-07,5.102750453217464e-05,5.943788538526333e-10,3.871107861732093e-05,4.292830707096207e-06,1.8274543429362902e-06,1.5423360711266082e-07,1.6471571958772182e-05
5,1.3941241255072107e-07,0.000983037114554361,0.00026115116961910136,3.368445643878037e-05,0.9625137113149996,0.006278383248978195,5.343955083340615e-07,6.672866874396472e-08,0.00011931551774957828,0.00011790378155931528,5.8043699660081614e-05,3.4768771214819275e-06,2.419896594864236e-07,0.02929625644576129,0.0002042725180177488,1.6805019336895824e-06,2.611534853907728e-09,3.684482063225453e-07,4.785724954526397e-05,6.64849200387545e-10,5.2572533087972566e-05,4.318468166677803e-06,2.353774505602759e-06,1.8904848740808073e-07,2.0438028974295246e-05
6,1.688883948773804e-07,0.0009855031792621212,0.00030264002599241885,2.7114176506429144e-05,0.9604352846946953,0.006960995623899564,6.108954297948806e-07,6.922479276856767e-08,0.00016196629781656645,0.00011169721341036835,6.231252198218225e-05,3.9178462852364536e-06,2.3954105478045076e-07,0.030520259750665763,0.00028337313130671513,2.0482905637636317e-06,2.6935483671624045e-09,2.950198191580497e-07,6.253949973428571e-05,6.765962689137144e-10,5.001222122431037e-05,5.115157431633731e-06,2.185146347479045e-06,1.7772965175737853e-07,2.147055358794556e-05
7,2.194756098889189e-07,0.0015334483070728261,0.0004883810459086556,3.284898412866334e-05,0.9563814049784275,0.006881243913326272,9.649430223767375e-07,7.752557975732098e-08,0.00024689688407968666,0.00011309772636938703,9.96196806173408e-05,4.342744990797964e-06,4.77504850701344e-07,0.033795766377629356,0.0002896478672949122,1.5887975291198376e-06,2.9234133061655307e-09,3.7723219736789746e-07,5.954795171380335e-05,1.0151507155402128e-09,4.067998103260482e-05,4.79959287671401e-06,1.8332904453846e-06,2.7622277805500355e-07,2.245503395492849e-05
8,1.6454830258798971e-07,0.0011451827053703327,0.00036409258025754026,4.6833696628361764e-05,0.9602778267407738,0.0032833895455119306,6.615784965115773e-07,8.997253108336247e-08,0.00011947495293549587,0.00016064249422788514,2.5742225801381176e-05,2.634563065651041e-06,2.6588627382707673e-07,0.03419141609205485,0.0002342130748528729,2.273946732637838e-06,3.2342824671386836e-09,2.0516309127152394e-07,4.8234804806231714e-05,6.207116239425761e-10,4.898379216978839e-05,3.457468870251865e-06,2.8704177452936883e-06,3.149871838119808e-07,4.102490732237386e-05
9,1.3006443784783166e-07,0.0013288554860909016,0.0006072189323938934,4.4066278768173904e-05,0.9697007915086289,0.0023105074660592566,6.247568259206171e-07,8.323668023975468e-08,0.00018652759152784374,0.00012775877697083227,3.0387395188186407e-05,2.1922560096322683e-06,4.379891075638391e-07,0.025398914596962245,0.00016209184163662053,1.0488826293196004e-06,2.560177720241388e-09,1.8974011182592042e-07,3.3310327463596486e-05,6.754138262329968e-10,2.9320320024323424e-05,2.0326054127261795e-06,1.2410335405801665e-06,4.3097311705354315e-07,3.1834704821352846e-05
10,1.688883948773804e-07,0.0009855031792621212,0.00030264002599241885,2.7114176506429144e-05,0.9604352846946953,0.006960995623899564,6.108954297948806e-07,6.922479276856767e-08,0.00016196629781656645,0.00011169721341036835,6.231252198218225e-05,3.9178462852364536e-06,2.3954105478045076e-07,0.030520259750665763,0.00028337313130671513,2.0482905637636317e-06,2.6935483671624045e-09,2.950198191580497e-07,6.253949973428571e-05,6.765962689137144e-10,5.001222122431037e-05,5.115157431633731e-06,2.185146347479045e-06,1.7772965175737853e-07,2.147055358794556e-05
11,1.6817427928725747e-07,0.001022692841441227,0.00031002090409202655,2.718594106610177e-05,0.959807412973597,0.006806352632000275,6.122198974020084e-07,6.706863330962362e-08,0.0001610851456872212,0.00011002485835139536,6.235462852804662e-05,3.952547529296376e-06,2.702023307672946e-07,0.031279547320681146,0.00027187782243770785,1.9260832131151402e-06,2.728306155525853e-09,3.019462175203629e-07,5.914689249174473e-05,6.923632703433802e-10,4.691833744608937e-05,5.042570530624011e-06,2.1426947355083607e-06,1.8370219585111848e-07,2.0709071948243612e-05
12,3.228359136130628e-07,0.0018061092857756566,0.0011206441141704618,5.106001734390638e-05,0.958010487686004,0.01008574277824581,2.5704334597432874e-06,2.687664826603981e-07,0.0024214409669917557,0.00023734867258005685,0.00018075047801463932,3.5326049193687905e-06,4.085785777739018e-07,0.02466926689316564,0.0009884848832723769,3.544145555751077e-06,2.651788419784621e-09,2.1846786243725643e-07,0.00027017507629031743,2.1155378770293913e-09,7.688115519557363e-05,4.35152069490157e-06,1.1731485668235088e-06,3.697486164693155e-07,6.484297497381028e-05
13,1.8491764744457004e-07,0.0008193961243890609,0.0003596507653681691,2.3049634829227004e-05,0.9583947761103148,0.005987364657154354,5.607188523302261e-07,6.930454764972518e-08,0.00017035016519767313,6.5927178891841e-05,8.997186481835743e-05,6.2134496150222284e-06,2.327243408198414e-07,0.03362954407261609,0.0003078818902024783,1.5282376232451553e-06,3.0931743163022233e-09,2.644690864440432e-07,6.734683609326893e-05,6.491555394949132e-10,4.9791483711407386e-05,5.7045064066731014e-06,1.8110623999662052e-06,1.391472256080292e-07,1.823693633825559e-05
14,1.252098610561415e-07,0.001108575384181578,0.00026363732688180965,2.5478889645224238e-05,0.9648105309227484,0.006542183823814203,5.242473020942288e-07,6.126386689394169e-08,0.00015732409688032185,0.00012540308841331763,5.5223409909819e-05,2.8552869908100054e-06,2.462103290113597e-07,0.02654375835637729,0.00023878138454391955,1.6600642511139315e-06,2.2065992441590514e-09,2.7167621631353464e-07,5.5261887307304005e-05,5.974043117076599e-10,4.4164415835453446e-05,4.41286222789341e-06,1.7400578603185463e-06,1.7166184061217643e-07,1.760566871169408e-05
15,1.688883948773804e-07,0.0009855031792621212,0.00030264002599241885,2.7114176506429144e-05,0.9604352846946953,0.006960995623899564,6.108954297948806e-07,6.922479276856767e-08,0.00016196629781656645,0.00011169721341036835,6.231252198218225e-05,3.9178462852364536e-06,2.3954105478045076e-07,0.030520259750665763,0.00028337313130671513,2.0482905637636317e-06,2.6935483671624045e-09,2.950198191580497e-07,6.253949973428571e-05,6.765962689137144e-10,5.001222122431037e-05,5.115157431633731e-06,2.185146347479045e-06,1.7772965175737853e-07,2.147055358794556e-05
16,1.9174089709874633e-07,0.0014016604885439016,0.00024327396712711522,4.616526377712353e-05,0.9493073790225948,0.009530529820460503,8.299322815598146e-07,1.085476026581047e-07,0.0001443028140445864,0.00025854340792682667,6.893648006145138e-05,4.574557503159086e-06,2.3283327406880286e-07,0.03848124215965925,0.0002613802223775708,3.4925125260482986e-06,3.37357846648021e-09,5.972892993579268e-07,8.740132697460684e-05,1.0603032173195177e-09,0.00011894970993193868,8.228683306381173e-06,3.213066902063684e-06,1.9568141457438205e-07,2.85660376317749e-05
17,1.6590612503885494e-07,0.0008437396244552165,0.0002821616235437689,4.228651787749569e-05,0.9430867790971489,0.0060126558841992845,5.645163817939727e-07,5.9019277913002765e-08,8.64455207618416e-05,9.898136935877595e-05,5.1351075542421484e-05,4.970032654749725e-06,2.679573294441871e-07,0.049205498667078434,0.00015478656773795045,1.848175630250442e-06,2.4638903954781134e-09,4.047070072434625e-07,4.2664440898703536e-05,7.340927736594662e-10,5.2865205585725116e-05,4.386019589139974e-06,3.111058424190848e-06,1.502497123866665e-07,2.3853565695990604e-05
18,5.444263262915574e-07,0.0019229588643153925,0.00043235587909747525,3.953932070936784e-05,0.948696343408885,0.004957610230144107,9.679943342316585e-07,1.1791948603329389e-07,0.00012230810378704665,0.00015859437824045252,6.405252608076415e-05,1.0363234233386392e-05,4.0977586286906055e-07,0.04303667887885003,0.0003279942525746494,2.3520579245136617e-06,1.0627633947989997e-08,9.168317725014286e-07,6.774112830127774e-05,8.507371164670237e-10,8.587528288305014e-05,1.3272975375266385e-05,4.1182607508664895e-06,5.342869847835014e-07,5.433850470956066e-05
19,7.195949140380613e-08,0.0006089347047243992,0.00032312378434287025,1.8843935919853742e-05,0.9707791822212757,0.0040452361464236595,2.997474276769648e-07,4.766259400643615e-08,0.0001450649238462036,7.817658038454429e-05,3.5620609261256125e-05,3.0085353888815526e-06,2.3558097698791244e-07,0.023753414415660645,0.00013226787535967598,9.411878045748794e-07,1.4858577360041985e-09,1.438486144881101e-07,3.671191810872037e-05,4.72621783978763e-10,2.420075070615699e-05,3.0148384588223846e-06,7.77082350391208e-07,1.0367881013228663e-07,1.0576053589370443e-05
20,1.1643440087931997e-07,0.0009648818781153809,0.00022607264671860026,2.117273351231166e-05,0.9701415881244883,0.004497824635022204,3.795836695640316e-07,9.287749620374928e-08,0.0001507611560242038,0.00011605765889943086,4.1166256591137794e-05,3.4365397193535946e-06,1.7483585791084063e-07,0.023358972273213437,0.00032388500850144726,1.5452237619798462e-06,3.7110753569683863e-09,2.1594143291995252e-07,6.930057107973398e-05,5.183770328746355e-10,5.382202007465673e-05,8.226771476735531e-06,1.7657874416207762e-06,1.6065315571367694e-07,1.837615989368661e-05
21,2.64064932730524e-07,0.0008202339329979038,0.00039079048057574035,3.4450440761595526e-05,0.9397477705531434,0.009917280256062666,9.478943067240814e-07,5.850663980721534e-08,0.00012071609916478679,0.00012494599133005752,6.818741432844932e-05,7.204961377561812e-06,3.7125331545813704e-07,0.048409235825553766,0.00021486409700202186,3.832055090810081e-06,2.438674439348919e-09,4.187205657250594e-07,5.379382784952891e-05,1.0444080963219763e-09,5.471567533649798e-05,4.380344822569437e-06,3.203504656924481e-06,1.8134500607470138e-07,2.2149272096358626e-05
22,2.276730068841214e-07,0.0008526689225142723,0.00034700124225201884,2.7400556189280452e-05,0.9554852206672195,0.008872975899605198,6.799394354060424e-07,7.759791486766456e-08,0.00013821301184651797,0.00010295388828910425,9.272183574584099e-05,5.85569696678662e-06,2.081637233872284e-07,0.03362994894121785,0.0002744862687970571,2.5960319498768934e-06,3.6205022743109047e-09,4.773073767553819e-07,6.275676435353261e-05,8.47541530325658e-10,7.47343428226732e-05,6.649947482148218e-06,2.632190714610849e-06,1.8366661541318442e-07,1.932497591718856e-05
23,1.688883948773804e-07,0.0009855031792621212,0.00030264002599241885,2.7114176506429144e-05,0.9604352846946953,0.006960995623899564,6.108954297948806e-07,6.922479276856767e-08,0.00016196629781656645,0.00011169721341036835,6.231252198218225e-05,3.9178462852364536e-06,2.3954105478045076e-07,0.030520259750665763,0.00028337313130671513,2.0482905637636317e-06,2.6935483671624045e-09,2.950198191580497e-07,6.253949973428571e-05,6.765962689137144e-10,5.001222122431037e-05,5.115157431633731e-06,2.185146347479045e-06,1.7772965175737853e-07,2.147055358794556e-05
24,7.980176900079788e-08,0.0009341049389224365,0.00021989489243433722,3.2919187074423194e-05,0.9583656934878326,0.005419640633080884,3.92460696749233e-07,4.757641318913653e-08,9.945932938431129e-05,0.00011431222659043036,3.998594797347326e-05,2.565464984112645e-06,2.4890281564956686e-07,0.034543974152361545,0.00012668879835624775,1.257061484692313e-06,1.4324165892515585e-09,2.5187424321807623e-07,4.145372897055717e-05,5.89725920133318e-10,3.734586727764921e-05,3.2710496593945483e-06,1.5711021338174693e-06,1.0780342762323284e-07,1.4731689970720362e-05
25,2.6071742668363357e-07,0.0009103159928226635,0.0004823692394132618,5.250033350822674e-05,0.957629578637815,0.004638025925501582,1.0184686371151655e-06,1.543852415418291e-07,0.0001571944588754415,8.187431254341158e-05,0.0001375104231327242,8.245069940207537e-06,3.736036314196797e-07,0.03550735160005005,0.00021522732258098706,1.630642249483686e-06,4.811487870021733e-09,4.862049361545129e-07,7.766812905864245e-05,1.3421310924145901e-09,6.871654399798203e-05,5.060317175241402e-06,2.590551722392714e-06,2.576486612895465e-07,2.1583317459455913e-05
26,4.3082512003353846e-07,0.0014150691460843795,0.0005791011387423235,3.2531209961649565e-05,0.9716405060781476,0.004579831681430665,8.971978769393861e-07,1.2167931122990722e-07,0.00018203709341388057,0.00011092663353386242,8.287981727498435e-05,6.079649926189114e-06,4.99136248741356e-07,0.020969133063905417,0.00026967242688719534,1.4778421678270242e-06,8.485617626299248e-09,7.153095552137985e-07,4.354993837620609e-05,8.81880049936498e-10,4.6810476313384595e-05,6.4063420423403605e-06,2.5284654516511474e-06,7.760969291076396e-07,2.8009383801448775e-05
27,2.2724896777745166e-07,0.0012109150142962696,0.00036053060661241115,2.6534161684123393e-05,0.9583477821962537,0.010312658643251453,7.546496961873302e-07,1.097322099672561e-07,0.0003573476767619732,0.0001640471231662912,6.794583424455522e-05,3.960230140641371e-06,2.068218275960834e-07,0.028362001276764102,0.0005690958299551392,3.0840826887789177e-06,3.429862284856058e-09,3.098371025218947e-07,9.912235917708466e-05,9.360358837565473e-10,6.525432968017449e-05,9.22240722703042e-06,2.364293944863412e-06,2.0815839968594803e-07,3.631312004948746e-05
28,1.688883948773804e-07,0.0009855031792621212,0.00030264002599241885,2.7114176506429144e-05,0.9604352846946953,0.006960995623899564,6.108954297948806e-07,6.922479276856767e-08,0.00016196629781656645,0.00011169721341036835,6.231252198218225e-05,3.9178462852364536e-06,2.3954105478045076e-07,0.030520259750665763,0.00028337313130671513,2.0482905637636317e-06,2.6935483671624045e-09,2.950198191580497e-07,6.253949973428571e-05,6.765962689137144e-10,5.001222122431037e-05,5.115157431633731e-06,2.185146347479045e-06,1.7772965175737853e-07,2.147055358794556e-05
29,1.688883948773804e-07,0.0009855031792621212,0.00030264002599241885,2.7114176506429144e-05,0.9604352846946953,0.006960995623899564,6.108954297948806e-07,6.922479276856767e-08,0.00016196629781656645,0.00011169721341036835,6.231252198218225e-05,3.9178462852364536e-06,2.3954105478045076e-07,0.030520259750665763,0.00028337313130671513,2.0482905637636317e-06,2.6935483671624045e-09,2.950198191580497e-07,6.253949973428571e-05,6.765962689137144e-10,5.001222122431037e-05,5.115157431633731e-06,2.185146347479045e-06,1.7772965175737853e-07,2.147055358794556e-05
30,1.688883948773804e-07,0.0009855031792621212,0.00030264002599241885,2.7114176506429144e-05,0.9604352846946953,0.006960995623899564,6.108954297948806e-07,6.922479276856767e-08,0.00016196629781656645,0.00011169721341036835,6.231252198218225e-05,3.9178462852364536e-06,2.3954105478045076e-07,0.030520259750665763,0.00028337313130671513,2.0482905637636317e-06,2.6935483671624045e-09,2.950198191580497e-07,6.253949973428571e-05,6.765962689137144e-10,5.001222122431037e-05,5.115157431633731e-06,2.185146347479045e-06,1.7772965175737853e-07,2.147055358794556e-05
31,1.264152755663917e-07,0.0009618881125559793,0.00033958326431973615,2.9887204885239302e-05,0.9715606290100739,0.00273582961679335,3.75804101046183e-07,8.422986304589333e-08,0.00010658609074281567,0.00011215608866452773,2.929305135379353e-05,3.213767477400025e-06,2.809659799523507e-07,0.023907336271718968,0.00011153509797820107,1.0788727036740209e-06,2.7940108672435276e-09,2.769992935897638e-07,4.136330376456171e-05,5.698208290066397e-10,3.5061786695705834e-05,3.602415477742167e-06,1.2089779589438919e-06,2.385380591699205e-07,1.8360750431417884e-05
32,1.692493373754752e-07,0.0009812202409274164,0.00029807279358398236,2.5531186781621376e-05,0.9602151050544454,0.007230677534472546,6.129933806816495e-07,7.353796123008531e-08,0.00018253362796615585,0.00011670431994541326,6.12031104126267e-05,3.880002451840465e-06,2.2588001700045596e-07,0.030407271455806482,0.00031759427474643517,2.2493234620959498e-06,2.7223414913539066e-09,2.742119722672879e-07,7.397878300840719e-05,6.831784354475084e-10,5.293388878039062e-05,5.650607714813078e-06,2.1079985321410582e-06,1.657305213846062e-07,2.1760788252263834e-05
33,1.4069079395625553e-07,0.0010602235783217049,0.00018777548077055677,1.9170356548998352e-05,0.9633082860593261,0.004869701358813222,3.7931031552820684e-07,5.4337842245756355e-08,7.217124799357569e-05,8.901468890052056e-05,4.185858841970331e-05,3.7910149655391443e-06,2.509073130203478e-07,0.03004114929560087,0.00019738425505596424,1.4593852368152313e-06,3.33010427403088e-09,2.996394577897598e-07,4.8779426065370974e-05,5.009835128138374e-10,3.627485517725543e-05,7.4809981105972795e-06,2.1450766785511943e-06,1.5240478622530802e-07,1.2053212418142117e-05
34,3.088156689209818e-07,0.0013338929042333975,0.0005403171563241847,2.3664137550484985e-05,0.9536189958468164,0.011172207006643179,1.12600070182997e-06,1.015922647634418e-07,0.0006995424163125248,0.00015574695490837555,8.569682600751717e-05,3.930400020385069e-06,2.926404183934707e-07,0.03148143051720941,0.0006345813048515241,3.166731971902408e-06,2.506761932337518e-09,2.5796879873116054e-07,0.00014537264042030327,9.221416406754952e-10,5.4253718841528766e-05,6.530550021687967e-06,1.4631614295648301e-06,2.14536930996827e-07,3.690274275045834e-05
35,7.429391768814776e-07,0.002491554357200525,0.0007080606203273448,8.203147649673417e-05,0.9590084060231309,0.00774332675434631,1.4402886153734315e-06,4.968923382414832e-07,0.0008102858707660751,0.00045703416910510583,9.767110289281888e-05,1.026764675000188e-05,5.065362379098859e-07,0.027816423122333393,0.0003030208473529681,2.5065806083214683e-06,1.0639854456926728e-08,1.6817504945116425e-06,0.00019897782227108114,2.4603549549031114e-09,0.00013652578047474635,1.753152318406477e-05,1.782829840908408e-06,6.519643962428926e-07,0.00010906000145008238
36,1.4121659510588677e-07,0.0005365951880121997,0.00032849082533634703,1.310642934904215e-05,0.9763548722718102,0.0014489327491295305,2.2148646178432586e-07,8.279027969463857e-08,0.00013050693374444666,6.557590406335992e-05,1.5921603581137885e-05,6.196953201030588e-06,2.1548779105049183e-07,0.020743583751885557,0.0002207777292416355,1.2199192528888706e-06,5.365228669668469e-09,8.16773865665948e-08,7.943526428470674e-05,2.8021846317615167e-10,2.814912469926829e-05,5.329269952584259e-06,7.915446345873497e-07,1.4201245441650145e-07,1.9624221405855747e-05
37,6.961129432623008e-07,0.001302503040917846,0.0005882914321673656,3.0143032104325935e-05,0.9311090679301919,0.006172253569465262,1.2093712884420466e-06,6.390163101642031e-08,0.00010410539372017377,6.783361227006374e-05,9.771684138248105e-05,1.0420079272059647e-05,4.409777844061244e-07,0.060151887794029815,0.00021812970166386423,2.2201934497924914e-06,4.551817942963777e-09,7.061483971781687e-07,5.780975036909214e-05,8.446682022814193e-10,4.7725422731526685e-05,6.6150915984408245e-06,2.870186496595306e-06,3.251506667774965e-07,2.6959868972234485e-05
38,7.044565113438057e-07,0.0014083829644672835,0.0004004344240767462,2.6593446232761846e-05,0.9082451809781082,0.03371123205380039,2.7424537101685045e-06,7.537795282992472e-08,0.00024878981707088596,0.00016718119099108967,0.00021282638994977958,7.836645199970291e-06,2.884887741830806e-07,0.054245176963982865,0.0010214338319821002,1.1491652346806636e-05,3.87939352891904e-09,7.105435151405449e-07,0.0001347204054818453,1.5371808943841827e-09,0.00010044839610919853,1.1791753299487429e-05,7.927222678288496e-06,2.635744251635244e-07,3.3761552758911096e-05
39,1.4479272530070125e-07,0.00039930296390992235,0.00027856005056784073,3.2046027687928445e-05,0.9649167545411728,0.008813303972521419,4.7492232645141603e-07,1.1167624781959273e-07,0.00014794432989568928,0.00013266350677577804,5.607411524459265e-05,5.52739394702472e-06,1.0986543021951822e-07,0.024775561456515615,0.00022188248111736328,4.237784710205028e-06,2.4936447574081518e-09,2.7252867772622735e-07,9.131982199165019e-05,9.096416085992548e-10,9.454639444234775e-05,4.367921033297562e-06,2.289773859740582e-06,1.0312441622414994e-07,2.2397151496743335e-05
40,4.3046762411670724e-07,0.0014231767199821507,0.0004185236763606848,1.641708893286934e-05,0.927168568031581,0.009277263345484493,8.527578814371531e-07,5.722136978280867e-08,0.00017697131268878542,7.189987585412593e-05,8.881955783332117e-05,7.998758859319953e-06,2.303389550073151e-07,0.0607072638772237,0.00044880568101884135,2.338147536031394e-06,3.5374360545363074e-09,4.164634767821766e-07,9.268469094531803e-05,6.839578331547921e-10,5.49647043598167e-05,1.529190568931008e-05,2.2425491486748177e-06,1.487749272232006e-07,2.4629830873314812e-05
41,0.0002330679343424727,0.018447961253565476,0.00022082801131327256,0.00194088562547282,0.41544664155880995,0.02538736388016638,0.00012017425853182281,3.405265645122752e-06,2.914388633541764e-06,0.0002118586871328173,0.03043630603535706,0.008687461995171142,7.966670234814173e-06,0.4758168442772063,0.0003135831829299223,1.819103076095845e-05,6.34186921720433e-06,0.007999264332051104,0.00032289219994393,1.3284913799952346e-07,0.005374654377615611,0.00276024506443249,0.00595417591708777,1.2919524112886123e-05,0.00027391981112701496
42,2.2258831953577957e-07,0.0010016610260788958,0.00028282902793599874,2.2292397715691214e-05,0.9636115478008651,0.008038639532466979,7.108158840431349e-07,1.9299978875633194e-07,0.0002633513833536928,0.00017572577479545937,6.68410391624311e-05,5.159648354123808e-06,1.2283875514185622e-07,0.025420449203839946,0.0007353395063548705,5.5403877627666925e-06,5.823586495521452e-09,2.3725808667923764e-07,0.0002059492027028693,1.057944720286786e-09,0.0001159420036182499,1.7410678958113738e-05,2.8375892155674897e-06,1.608760980634155e-07,2.6829538355880803e-05
43,6.23752849046042e-08,0.0006789467221603357,9.661597999896567e-05,2.0756006254930394e-05,0.9757095069474293,0.009382509356903766,2.7334072667783226e-07,9.338561347582462e-08,0.00013112417419051747,0.00028564993712927914,3.10386686122394e-05,1.67741475803718e-06,8.079652997251636e-08,0.013195822398557506,0.00027345879700141405,3.2296592564421137e-06,2.269898584467608e-09,2.1870506072903737e-07,8.156394310592376e-05,4.706433522466545e-10,8.456727454913719e-05,6.814063538348715e-06,1.942547158433135e-06,1.0303586262828587e-07,1.394172977505171e-05
44,1.688883948773804e-07,0.0009855031792621212,0.00030264002599241885,2.7114176506429144e-05,0.9604352846946953,0.006960995623899564,6.108954297948806e-07,6.922479276856767e-08,0.00016196629781656645,0.00011169721341036835,6.231252198218225e-05,3.9178462852364536e-06,2.3954105478045076e-07,0.030520259750665763,0.00028337313130671513,2.0482905637636317e-06,2.6935483671624045e-09,2.950198191580497e-07,6.253949973428571e-05,6.765962689137144e-10,5.001222122431037e-05,5.115157431633731e-06,2.185146347479045e-06,1.7772965175737853e-07,2.147055358794556e-05
45,1.5331446223428788e-07,0.0007240998070653212,0.00035568172914557746,1.744929687244239e-05,0.9717760282151887,0.005083832359741354,6.287731467239066e-07,8.277453059352438e-08,0.00022315684845554458,8.668688395639051e-05,5.353182082714998e-05,3.311618331134823e-06,2.5642833586685465e-07,0.021185998697616917,0.00036208814656895293,2.0002753035118773e-06,2.657522996570861e-09,1.3730602936465118e-07,7.444417947120594e-05,5.890736550471467e-10,3.016247358924125e-05,4.2663144003847815e-06,1.4484665590840349e-06,1.9000004837784374e-07,1.4361023757528515e-05
46,2.0609971817411478e-07,0.00100823675095707,0.0003027923657877724,2.812068896234913e-05,0.9677653428878898,0.0049065378445395545,5.369063474800518e-07,9.121820868103126e-08,0.0001310094731105323,0.00010276030858367754,6.0902228611849754e-05,5.032612791121437e-06,2.651104574313595e-07,0.02526170537749649,0.0002790489661452348,1.7650101441710318e-06,5.019682982024574e-09,3.477306144539578e-07,6.006804994466336e-05,6.761567099996754e-10,5.403147445842508e-05,6.296013734139032e-06,2.4076121803189123e-06,2.4932170356683376e-07,2.2240251773329423e-05
47,1.6372309051456094e-06,0.0021197433680592973,0.000596994372816502,2.7006492955581982e-05,0.9274619947907619,0.014168750876081035,1.7688342776533396e-06,1.4022770558226293e-07,0.00020100428662952352,0.0001584700824292466,0.00014685765691958738,2.5817987112804003e-05,4.3663348749864365e-07,0.054026998337225254,0.0007009273374166793,6.699853191193056e-06,1.461384138903843e-08,1.4842959765757742e-06,0.0001348749489560215,1.7996044717336652e-09,0.00012116611725907903,3.49636912098417e-05,5.519958475354966e-06,4.811162569616118e-07,5.624509044580393e-05
48,2.432611021624247e-07,0.0022610120875611035,0.00017788852764254052,2.521866407822933e-05,0.9685551059968573,0.0032058787901235878,7.14619687562055e-07,1.7415323501453936e-07,0.00012000382248076929,0.0001983010146968667,3.998792745316706e-05,3.8090483117622846e-06,3.592825287215976e-07,0.02468431764958003,0.0004714394656255428,2.417171281012815e-06,1.128953998027962e-08,3.1586077828237e-07,0.00014711975608110256,6.593317294028531e-10,6.279649966335846e-05,1.678150805470417e-05,3.3702079197899433e-06,3.818826646923469e-07,2.2350853720822657e-05
49,1.387038053145429e-07,0.0006374764175512794,0.0002952038830316084,2.1158728435951965e-05,0.9593281059298133,0.007895650960676834,4.3239612871602037e-07,5.529881249278533e-08,0.00012291216027061642,7.935768284876285e-05,6.381863107892052e-05,5.519919705128324e-06,2.0546053949729414e-07,0.03122629843210922,0.0002090704413809669,1.801418672531887e-06,2.3389951307647813e-09,3.0140878646425245e-07,4.7099286616843416e-05,7.012707368512999e-10,4.375601012778125e-05,5.711162817486761e-06,1.8580615342997726e-06,1.11922982002418e-07,1.3952642007777212e-05
50,1.55928777167862e-07,0.0013087974380668831,0.0002972337313434751,2.757613937877527e-05,0.9420831166724951,0.009070961689318258,1.1279678241844556e-06,7.891060079012356e-08,0.0002947640489153265,0.000280829664839727,3.326448672888283e-05,2.0589130074448703e-06,2.57416194222865e-07,0.04607678523688938,0.0002987780146226314,4.49532244495838e-06,1.2870963096237893e-09,1.776246909879783e-07,0.00014157374810007845,7.779175556427637e-10,4.491737549463913e-05,6.155542799728904e-06,1.6826033240130021e-06,1.31654997366921e-07,2.5077804132013913e-05
51,1.623893606664261e-07,0.001284990631158485,0.00032935104939460383,4.526204877599556e-05,0.9495263255206989,0.007087593095293118,8.0083512251429e-07,9.046073107745833e-08,0.00015977951819763753,0.00014403478640990356,8.461482265301857e-05,4.483825099699204e-06,3.0153773852727524e-07,0.04098662627541387,0.0001872962504226124,1.4338221739468382e-06,2.5279555301084626e-09,5.740617264562176e-07,5.860665569266987e-05,9.488934056440825e-10,6.774873655678288e-05,6.283709646424825e-06,2.1234802751944468e-06,1.8782718519621647e-07,2.1325183423547286e-05
52,4.833090706036681e-07,0.0017778289611134182,0.0003385159301247462,4.3512158340496964e-05,0.8127060586494178,0.12805316490359026,2.5710291093289254e-06,4.668481696375567e-08,0.00030362982168236557,0.0002463113161946691,0.00041648757342658627,5.959245592860629e-06,5.360474528201005e-07,0.05548003535267774,0.00044834749317649,5.494181516339888e-06,1.9775049590115134e-09,4.592904668118374e-06,3.35191565750678e-05,3.4611268178829585e-09,8.715130895700277e-05,1.3375568624464515e-05,9.323024831956355e-06,2.898949371456595e-07,2.276004547072432e-05
53,7.42056601834424e-07,0.0024473696178103853,0.0008159468666725834,6.698395105503496e-05,0.8909963324134699,0.03388798478563639,6.202767073285333e-06,1.3588584927141166e-07,0.0006220594422676256,0.00024312724578767707,0.00034967376125114887,6.797332098364288e-06,5.995529513596344e-07,0.06872785096672855,0.0014704835672014608,1.1211490094704523e-05,4.646895915474895e-09,9.533939675675505e-07,0.00013421311035153623,3.8592707042156915e-09,0.0001148050623159443,1.1037012302089446e-05,1.2353947687483118e-05,5.692196912504139e-07,7.255804496804657e-05
54,4.493909895002105e-07,0.002524811575094088,0.0005389217594849424,3.885727695642984e-05,0.8835711563159758,0.016434286514126508,2.1321986253189952e-06,6.086482003713929e-08,0.00034497366353136277,0.00026009206783823315,6.529741448823075e-05,5.5702484968161605e-06,4.335876507438327e-07,0.09525633727276253,0.0006724832767530981,7.403055058134137e-06,2.2332597237940763e-09,3.750808655014161e-07,0.00011803142945033834,1.3847068706801356e-09,6.798905133312917e-05,9.475207385007926e-06,4.1941973717409365e-06,2.1538783727679318e-07,7.644954513869803e-05
55,5.010925789602142e-07,0.0016510806207300074,0.0008845649186486058,4.604272622848918e-05,0.9526570601006281,0.007971446609182314,1.1876904857391328e-06,1.1814002505797805e-07,0.0004741901918734102,0.00013709430196138936,0.00012342731028677187,1.115841408515717e-05,7.270466611604911e-07,0.035583363105306645,0.0002740337319669142,1.5694263029950698e-06,4.626918870340244e-09,8.288334962658002e-07,7.103796338684875e-05,1.562466079945452e-09,5.093417383029036e-05,6.123322333664208e-06,1.5476436928915633e-06,4.168863510612564e-07,5.153956057230121e-05
56,1.6372411217908548e-07,0.0010208492669950353,0.00031335291202276854,2.6658629758221863e-05,0.9612016567944646,0.006545789453178703,6.004209455829191e-07,6.757291040846832e-08,0.000165040958532733,0.00010836691028862598,6.132180978356425e-05,3.835223254737962e-06,2.774722608130016e-07,0.03014905530111408,0.0002695012063144981,1.8610840965312529e-06,2.718669632780889e-09,2.8891335931761546e-07,5.927206506932956e-05,6.916775247153801e-10,4.5049887324001474e-05,4.890179943420058e-06,2.022508816708057e-06,1.8532974208052938e-07,1.9888965364921682e-05
57,7.180309113601777e-08,0.00043196461973923005,0.00023550959608572517,1.2265893984081236e-05,0.9798040254940817,0.002604407682009312,1.6134147020158685e-07,6.719052597062075e-08,0.00012192722784797875,8.12773519192594e-05,2.017094556249559e-05,4.1272037679941285e-06,1.4144737462514652e-07,0.016421683378820582,0.000147764154093283,1.2053130308839805e-06,2.738740341440341e-09,9.978829282024805e-08,6.355594599689182e-05,3.2398417953259685e-10,3.3743974923881444e-05,4.533841087721533e-06,6.164208844559868e-07,8.110707824400428e-08,1.0595215606963069e-05
58,1.7739879154479544e-07,0.0010615577171238788,0.00031742651444236045,2.614317084931735e-05,0.9649604955317763,0.005782842364762951,6.025035682142973e-07,7.370711977996013e-08,0.00015151778864023327,0.00011045131199350703,5.977242791702576e-05,3.896686379924416e-06,2.6792526886090367e-07,0.0271079054071556,0.0002815141162141573,1.8361952062285372e-06,3.3800345322718032e-09,3.098829298844586e-07,5.649266988383954e-05,6.414187538728278e-10,4.810404229806601e-05,5.196943519037841e-06,2.2037741897218244e-06,2.3332712638627007e-07,2.0974571389891164e-05
59,1.8998850740588893e-07,0.001003126445801626,0.00037620714382945565,2.6257384154049018e-05,0.9666004259044265,0.005457018954209431,6.222840305138603e-07,7.647254158386025e-08,0.00015434679985356918,0.00010501709390663314,6.075731992111337e-05,4.1105417323330864e-06,2.7363260366992086e-07,0.02581207075073085,0.0002699714954278239,1.8260142132885972e-06,3.5202648302735096e-09,3.265149712661641e-07,5.100615980285648e-05,6.706371662233496e-10,4.7651502235596585e-05,4.78746796746751e-06,2.1030376691986815e-06,2.7227050964435986e-07,2.1550630051873872e-05
60,1.688883948773804e-07,0.0009855031792621212,0.00030264002599241885,2.7114176506429144e-05,0.9604352846946953,0.006960995623899564,6.108954297948806e-07,6.922479276856767e-08,0.00016196629781656645,0.00011169721341036835,6.231252198218225e-05,3.9178462852364536e-06,2.3954105478045076e-07,0.030520259750665763,0.00028337313130671513,2.0482905637636317e-06,2.6935483671624045e-09,2.950198191580497e-07,6.253949973428571e-05,6.765962689137144e-10,5.001222122431037e-05,5.115157431633731e-06,2.185146347479045e-06,1.7772965175737853e-07,2.147055358794556e-05
61,1.7204126504792743e-07,0.0009590599722182543,0.0003724166144684427,2.4600549590629068e-05,0.9656369160681456,0.005503405608596478,5.729481590759312e-07,6.892327287852935e-08,0.00015751457313075397,9.576360595705062e-05,6.127649663625058e-05,4.114819713074178e-06,2.591420623193999e-07,0.026795096679628094,0.000262701453322073,1.714455875855374e-06,3.084639081864409e-09,2.8731340783269037e-07,5.216765522641344e-05,6.41889704068593e-10,4.5005057801258185e-05,4.594417601450253e-06,1.8592065105988273e-06,2.2249045673035523e-07,2.0206180424807814e-05
62,1.688883948773804e-07,0.0009855031792621212,0.00030264002599241885,2.7114176506429144e-05,0.9604352846946953,0.006960995623899564,6.108954297948806e-07,6.922479276856767e-08,0.00016196629781656645,0.00011169721341036835,6.231252198218225e-05,3.9178462852364536e-06,2.3954105478045076e-07,0.030520259750665763,0.00028337313130671513,2.0482905637636317e-06,2.6935483671624045e-09,2.950198191580497e-07,6.253949973428571e-05,6.765962689137144e-10,5.001222122431037e-05,5.115157431633731e-06,2.185146347479045e-06,1.7772965175737853e-07,2.147055358794556e-05
63,1.8648328218826015e-07,0.0012258142577023993,0.0003208553831212513,2.796180919901803e-05,0.9594530726607141,0.007143107390273227,6.758047830119214e-07,7.286119705946627e-08,0.00018132443625444347,0.00012065300442578195,6.83786592191186e-05,3.88758937450217e-06,2.782173083303616e-07,0.030987770329728808,0.00031661933876268194,2.0041500183552646e-06,3.0039523737763233e-09,3.297766259130077e-07,6.461234163117718e-05,7.406988043888915e-10,5.09042023223136e-05,5.735471506442422e-06,2.2440898370376817e-06,2.0921847733909677e-07,2.3298779584088036e-05
64,1.6254578703764188e-07,0.0009360060179904626,0.00026749011292912244,2.7432409981073017e-05,0.963254367424146,0.006787487565804381,5.59525816162021e-07,7.665562032906935e-08,0.00014583379372536926,0.00011784605209312895,6.60388700626176e-05,4.096812045776936e-06,1.8600413778206e-07,0.027915210706235486,0.0003037455847997047,2.173669645906554e-06,3.0528763779805592e-09,3.1929655895100896e-07,6.814550569705681e-05,6.127857459943088e-10,7.27108710007673e-05,5.343138268674254e-06,2.327074758396955e-06,1.7740328334677151e-07,2.2259293950192236e-05
65,2.750139970456361e-07,0.0018164563148044988,0.000484477110096611,3.20609552381736e-05,0.96107415714624,0.006055346688050088,1.0908851118461174e-06,1.1607948603216647e-07,0.00033498692148052243,0.00013970870201819048,8.309354910062436e-05,3.809216474165828e-06,3.9978347816204896e-07,0.029304117321317012,0.0004874973455778096,2.1116498767519475e-06,4.2951517341742764e-09,3.1612746341890085e-07,8.918250493288104e-05,9.667977858027874e-10,4.841376208193404e-05,6.775592154442316e-06,2.271616337514132e-06,3.740701652590914e-07,3.295638256742151e-05
66,4.987493982809477e-07,0.002991783977149775,0.00025668660383734097,2.749609593197446e-05,0.970908108485451,0.0031836389788780462,5.964263425315826e-07,7.17433531418416e-08,4.8745415433964995e-05,3.6495085274081025e-05,0.00018711869215511638,5.724315770883046e-06,1.9860265979352493e-07,0.021186700539771158,0.0009763552382208913,5.735413929510796e-07,2.4900027682035393e-08,1.2318844612052144e-06,2.0944545062155124e-05,2.862338739456803e-10,9.965348936694003e-05,1.1934992232602994e-05,1.0916163505221119e-05,1.3903213553315288e-06,4.31109267339509e-05
67,1.9862466841879292e-07,0.0009008536661968877,0.0003479049125409902,3.1686132564983074e-05,0.9433033023761518,0.01030468892982052,7.838046078521333e-07,5.3636625873646685e-08,0.00012884156373224847,0.00010067848703600064,7.802680922068173e-05,5.202426685253197e-06,2.6239210083628405e-07,0.04433779870676407,0.0003143506395473678,3.143782738083025e-06,2.5796056888586405e-09,3.605537518164696e-07,5.421672509506995e-05,9.475231136776147e-10,5.350737539081611e-05,5.02668175858301e-06,3.723230690743698e-06,1.6183016271484683e-07,2.522318501936939e-05
68,1.8852335310668863e-07,0.0010369626071608704,0.0003065053325720341,2.9027131347634268e-05,0.9585536696407632,0.007802870435035616,6.564708358628089e-07,7.127132328117158e-08,0.00016106789731917785,0.00011562240521364156,7.089844307096132e-05,4.33220049063804e-06,2.458995518629786e-07,0.031465133784904765,0.0003007889486938943,2.1874765621588815e-06,2.9726875100936557e-09,3.5436540408360244e-07,6.205874491763513e-05,7.433083205041791e-10,5.567337638610094e-05,5.579808653861046e-06,2.530538634881684e-06,1.9149953382143602e-07,2.3379482275006305e-05
69,2.3889878596432926e-07,0.0013846663605640718,0.0007004100878063292,7.341237634785642e-05,0.9625723910147203,0.006282771358175083,1.0892395759096475e-06,1.709780772243992e-07,0.00030362185481501756,0.0002388283429996059,7.135426356511417e-05,4.8500151277317734e-06,3.9950594328248195e-07,0.027815940771391625,0.0003122152646759796,3.5566685194562653e-06,4.8556629778360345e-09,4.954762765344008e-07,7.499074292836283e-05,2.077463000583485e-09,8.628021709017241e-05,4.201147685070725e-06,2.878211858121958e-06,4.805453174352687e-07,6.47497246279222e-05
70,1.5626925598206538e-07,0.001286505013440632,0.0002001659073391217,2.7047404628690468e-05,0.9785676360415404,0.005200556487869093,5.960880822772827e-07,1.5237176858459839e-07,0.00020795386473009472,0.00016493326415185268,7.098696904494612e-05,2.713277546782012e-06,2.2598311909052154e-07,0.01367680448077485,0.0004050743406600868,1.771905100612527e-06,4.977880050830314e-09,3.135071802220294e-07,9.60100302708312e-05,6.308358797424381e-10,6.237911671917815e-05,6.504845086628532e-06,2.205415755092652e-06,3.190012949405335e-07,1.8982805924209928e-05
