,0,1,2,3,4,5,6,7,8,9,10,11,12,13,14,15,16,17,18,19,20,21,22,23,24
0,4.087066060300994e-05,0.00010510619620338223,2.4482950170529158e-05,0.11733462324630893,0.8461791481995433,0.00047931928257280253,0.0011458279997455289,8.916264749670543e-06,0.02794597869989996,4.403851580085107e-05,0.0007299850566268326,6.2530774519951756e-06,1.6532646297097617e-05,4.589581326921241e-05,0.0046089983262381775,6.522136842740044e-06,2.5109811753047847e-05,2.9667638040267053e-05,0.0007142466908294717,2.2375978962893113e-06,2.5980923473060146e-05,3.8465266250284695e-06,0.00025675267891265966,0.0001960247844679519,2.3634275678047645e-05
1,3.352481847239018e-05,9.876188811145573e-05,3.2316898202936074e-05,0.11822211162363397,0.8173768507704143,0.0007643678925392327,0.0013695087231182306,9.816297374715307e-06,0.05295756968511572,8.812144072510065e-05,0.000608388928492158,5.466910819362676e-06,1.89342419191086e-05,5.972647686096335e-05,0.006516784471583185,1.0619798198149063e-05,1.9366838888584074e-05,3.5786174240790246e-05,0.0010845173254364067,3.7743219636388993e-06,3.0416994371000455e-05,4.131635727915249e-06,0.00033037444509473514,0.00028433359193345896,3.4427806762239676e-05
2,2.6135716265897003e-05,8.603371072433534e-05,2.0664384142268976e-05,0.0793410000939905,0.8707141138976143,0.0004770340875364369,0.0008606803958125607,7.806791161838484e-06,0.040843164649170254,5.285719841799083e-05,0.0006729814195560633,5.129357163528174e-06,1.1691629830509138e-05,6.692070124027271e-05,0.005730154321734595,5.160311158465963e-06,1.5004980347915246e-05,2.256626604316855e-05,0.0005682623447127917,2.6926988563039393e-06,2.146273670881237e-05,3.86233384729782e-06,0.00022689135020939572,0.00018549442794413293,3.223419581047652e-05
3,3.814626207275322e-05,9.996538427376275e-05,2.3477777732706516e-05,0.1096911230150705,0.8423713051370006,0.0006070300109003998,0.001152074850743905,8.872896811854993e-06,0.03809933089615918,5.399337399799343e-05,0.000765186146100667,5.777638264565418e-06,1.6156946599779876e-05,5.278982292986826e-05,0.005601961936935296,6.368539416476489e-06,2.0481013479544032e-05,3.067651675049382e-05,0.0008075680249126718,2.5346965470266264e-06,2.569357477035343e-05,4.3308566471658595e-06,0.0002799321947327119,0.00020770253776176615,2.7519949387703556e-05
4,3.909362829571898e-05,0.0001045073980865062,2.471494135332554e-05,0.10804871376935599,0.8452944114242237,0.0005065778835040001,0.0011698607463476768,8.836589781696967e-06,0.03752140406896183,5.153273255691241e-05,0.00077243431686137,5.936601032302214e-06,1.8889310846360396e-05,5.924691673658928e-05,0.0050106603671881845,5.717425133049539e-06,1.9467253399768547e-05,3.135841099952678e-05,0.0007767373575219929,2.673866334856455e-06,2.7987808238912214e-05,4.5495136383698975e-06,0.00025506722807951013,0.00021332676207459888,2.6293679447302912e-05
5,3.562136744898877e-05,8.540389205657793e-05,2.3186517849866627e-05,0.1249623213124043,0.8320044732181776,0.0005714306695204727,0.0009908445329424207,8.1512015893108e-06,0.03464105133707752,5.5790343653074265e-05,0.0006783392662130656,4.6398755776158955e-06,1.5627316975963883e-05,5.0834796643029404e-05,0.004456729482777882,5.633490361516551e-06,1.8565494208763746e-05,3.857710979288183e-05,0.0007693915135880166,2.6846254635695037e-06,2.5731584052484746e-05,3.407411537479506e-06,0.000317496075255245,0.0002130884596632249,2.0979105169061485e-05
6,3.814626207275322e-05,9.996538427376275e-05,2.3477777732706516e-05,0.1096911230150705,0.8423713051370006,0.0006070300109003998,0.001152074850743905,8.872896811854993e-06,0.03809933089615918,5.399337399799343e-05,0.000765186146100667,5.777638264565418e-06,1.6156946599779876e-05,5.278982292986826e-05,0.005601961936935296,6.368539416476489e-06,2.0481013479544032e-05,3.067651675049382e-05,0.0008075680249126718,2.5346965470266264e-06,2.569357477035343e-05,4.3308566471658595e-06,0.0002799321947327119,0.00020770253776176615,2.7519949387703556e-05
7,7.106069584474906e-05,0.0001161209187420692,3.0500357532676472e-05,0.12530795413989748,0.8276282092753228,0.0006279568637016492,0.0015187935333842225,1.2622520941612061e-05,0.03593419764094963,5.251802760450583e-05,0.0011499850113482828,7.18953123618537e-06,2.916086235644629e-05,5.01531030862656e-05,0.005881281313797211,6.6095766919801506e-06,2.3160685719610158e-05,4.1032830587747055e-05,0.0010162467755344246,2.7151912425728226e-06,3.114547667819536e-05,6.513159025828847e-06,0.00023421381455645393,0.00019659207847170571,2.4066615745706328e-05
8,4.031974639125928e-05,0.00010267249683147042,4.6342073216922736e-05,0.11852456202813555,0.8334228553888369,0.0004671484542229105,0.00045329816967598044,5.092506008913252e-06,0.04096392676160984,8.799818870503948e-05,0.0004301598365870087,4.197285071396055e-06,1.2707632816095234e-05,6.919709337644439e-05,0.004093222015142526,6.544046488903958e-06,2.1532861919614382e-05,2.4638112307095837e-05,0.000337676806990426,3.330716574505705e-06,1.7101168007374185e-05,2.3245808293118466e-06,0.00041149773727735406,0.0004166555124582338,3.4998780519140333e-05
9,2.6494362957664298e-05,0.0001516984914618463,5.614300178119926e-05,0.1309012898164952,0.810773089549348,0.0004831307783193804,0.0005245308614099941,7.308745840770477e-06,0.050039569975609335,0.00016577439781050385,0.0003968241719850918,4.420881032775196e-06,1.4776104789378633e-05,0.00011730306198208593,0.004742838073194099,1.098145234992528e-05,2.5044468876704074e-05,3.0894284224003944e-05,0.0005185795782700006,5.557153689879047e-06,2.5203698023998837e-05,2.718814359240482e-06,0.00044708704974783577,0.0004809319907780691,4.780923566308332e-05
10,3.814626207275322e-05,9.996538427376275e-05,2.3477777732706516e-05,0.1096911230150705,0.8423713051370006,0.0006070300109003998,0.001152074850743905,8.872896811854993e-06,0.03809933089615918,5.399337399799343e-05,0.000765186146100667,5.777638264565418e-06,1.6156946599779876e-05,5.278982292986826e-05,0.005601961936935296,6.368539416476489e-06,2.0481013479544032e-05,3.067651675049382e-05,0.0008075680249126718,2.5346965470266264e-06,2.569357477035343e-05,4.3308566471658595e-06,0.0002799321947327119,0.00020770253776176615,2.7519949387703556e-05
11,4.067610917232565e-05,0.00010099005538751685,2.416307940823075e-05,0.11039145580744684,0.8425021964587247,0.000556372173660577,0.0012064940416035487,8.745475765266685e-06,0.03740257177264562,5.059963550864934e-05,0.0007791258635491154,6.1289681233484225e-06,1.8760448199472477e-05,5.225446211400913e-05,0.005436076263102095,6.378092629696384e-06,2.0384626324954747e-05,3.0690404446125603e-05,0.0008170482819913432,2.6577199151958195e-06,2.656178328062207e-05,4.587414559775017e-06,0.0002639695550238418,0.00022411079708437623,2.7000710332822018e-05
12,4.823925959811753e-06,1.2359901751003548e-05,8.856674780417167e-06,0.007805853861274437,0.979345906271722,0.00011205811450556267,0.00012020821229948257,5.630361088958543e-07,0.011372189058741274,9.993139183737004e-06,0.00019323116638884002,9.023163499479164e-07,1.3281924996628406e-06,2.5399151794799134e-05,0.0006931171290737084,5.984350200956883e-07,5.612562199633325e-06,3.7262833365652665e-06,3.139832866488422e-05,1.1097331521961518e-06,7.790636590201695e-06,3.937805202591578e-07,0.0001147858401154572,0.00011405299055257917,1.3741257414455148e-05
13,3.8464806535550473e-05,9.512579409522661e-05,1.592621038781221e-05,0.052152526207742744,0.9121131367852263,0.000209845410461345,0.0009199553854486342,1.0178564499558817e-05,0.02653072121205377,2.1070463210007782e-05,0.001559642144693364,8.83784391570302e-06,1.5405619957414597e-05,7.975944575498565e-05,0.0054681201840344916,2.6510640808779306e-06,1.3640678663455935e-05,1.8998794970932558e-05,0.00046162789049673233,1.8072450394497582e-06,2.3482263218006185e-05,6.214959034452302e-06,9.521872888286208e-05,0.00010704854804827844,3.0593749547821715e-05
14,1.930962043252691e-05,0.00010258535388649085,8.652853931313364e-06,0.08323865317435192,0.8973949550342,0.00022995458210496453,0.0006468145404130527,4.124193504174417e-06,0.014157634930716255,2.5284153897398318e-05,0.0007205664416832162,2.9135382859471057e-06,1.2011494165851332e-05,2.8969320543079835e-05,0.002276666417881644,2.0227568359970545e-06,1.5484271012426845e-05,2.1884050946823175e-05,0.000801821087808112,1.098043678605267e-06,2.588612681552657e-05,2.8866055957055163e-06,0.00013478681416062154,0.00011526209650467766,9.772496643663085e-06
15,3.814626207275322e-05,9.996538427376275e-05,2.3477777732706516e-05,0.1096911230150705,0.8423713051370006,0.0006070300109003998,0.001152074850743905,8.872896811854993e-06,0.03809933089615918,5.399337399799343e-05,0.000765186146100667,5.777638264565418e-06,1.6156946599779876e-05,5.278982292986826e-05,0.005601961936935296,6.368539416476489e-06,2.0481013479544032e-05,3.067651675049382e-05,0.0008075680249126718,2.5346965470266264e-06,2.569357477035343e-05,4.3308566471658595e-06,0.0002799321947327119,0.00020770253776176615,2.7519949387703556e-05
16,5.03616493658039e-05,0.00011962465040485941,1.8196579761839736e-05,0.10783484113548944,0.8433466678110384,0.0005160741602606755,0.0013561669676134575,1.233412230499883e-05,0.036888645089354175,4.181133639981688e-05,0.0011285562004752447,8.84278484801395e-06,1.8227140825146954e-05,6.255798966491232e-05,0.007174999721145105,5.442182911971236e-06,1.9446180135609693e-05,3.275877543448613e-05,0.0009564482168396085,1.9406249547902515e-06,2.6176472422460833e-05,7.027326369735527e-06,0.0001982423870587207,0.00014522351647294876,2.938697844791143e-05
17,3.2264363647365314e-05,5.545659876683677e-05,1.6254960919712182e-05,0.05594473758060182,0.913949565449871,0.00024669391057166194,0.0010420000545627419,4.201371923766136e-06,0.025292758072494495,1.6364269851067853e-05,0.0006718765243516181,4.820786306211129e-06,1.336349123432119e-05,4.1330998580150486e-05,0.0018739510001517007,2.0366034138528174e-06,1.289347747189124e-05,2.1954097491397324e-05,0.00035157614262155534,1.4308364032200521e-06,2.612611572788888e-05,2.5428496813270345e-06,0.00018202396420979595,0.00017853112052400728,1.5245358620685706e-05
18,2.652464155619746e-05,9.895711448208651e-05,2.5548206722521232e-05,0.06429868071044652,0.8816912094545121,0.0005280603817790076,0.001343517016835005,6.9355885044022415e-06,0.043702237102790115,5.2913283199817045e-05,0.0006802018232900537,7.179260774737032e-06,1.2618283930761676e-05,7.812674656232607e-05,0.005866283094971801,8.32474737147494e-06,2.3752614204188244e-05,2.639814652540047e-05,0.0007856407550128048,3.008423490787751e-06,3.703771858266162e-05,3.82933342161462e-06,0.0003458937934410736,0.000293005152946369,5.411660464629476e-05
19,2.198114844379093e-05,0.00010518050232276717,1.6545904378906082e-05,0.1417659913619215,0.8053965513692597,0.000689308696852488,0.0009118457584012985,6.684905049605524e-06,0.042941392017947506,6.506761096048631e-05,0.00044404979690370987,5.104557054013154e-06,1.2969480894927977e-05,4.406065532140814e-05,0.006366776294960553,6.247586442691497e-06,1.532315140090861e-05,1.8515305716236155e-05,0.0007039762987562095,2.4192977949815156e-06,1.3708458148817732e-05,4.1251515284775574e-06,0.0002280180446858686,0.000189213292553013,2.4943352300166926e-05
20,3.886620317345386e-05,0.0001214841192468094,1.791508496334131e-05,0.11832565096571376,0.8252074254507256,0.0006023643392757525,0.0011907989292796945,1.106549180328555e-05,0.04450887218876345,5.5533120215251557e-05,0.0009509066739337576,5.712295939452479e-06,2.0308836670125854e-05,6.383139074402452e-05,0.007446692601717215,4.640463904714778e-06,1.6028863056572467e-05,2.789050458319788e-05,0.0009634727805527796,2.5786034787899263e-06,2.4084284227782408e-05,7.494465900481491e-06,0.0002040027050038432,0.00015695127649523056,2.5428360631875943e-05
21,6.606150320128006e-05,0.00011850867142717952,5.584530405671653e-05,0.1139714383172006,0.8478315771309723,0.00032353762149838833,0.0012540571109869662,1.1893647428750244e-05,0.030498135531986225,5.393920156823322e-05,0.0008385229235079936,1.039543601553733e-05,2.820803102501166e-05,8.818630054087243e-05,0.003444393356162259,1.0258119048849965e-05,3.1528103192718165e-05,5.3735500664721513e-05,0.0005878770254306464,3.964211352133738e-06,4.142595448866396e-05,3.7196125172619597e-06,0.0002968108699394734,0.0003427512990107427,3.322921677629909e-05
22,6.48410203087652e-05,0.0001259688468572723,4.258992351171428e-05,0.12979208816513618,0.8365750893806476,0.000690059377347682,0.0009838593482808034,1.4422156301625675e-05,0.024318842808441557,8.077465459442655e-05,0.0010513233188476623,5.508647995134133e-06,2.040237777202898e-05,6.328703169421914e-05,0.004565474438756954,7.6314768634143e-06,4.365526333153257e-05,5.347934630113452e-05,0.0008658797312629654,3.148544205899457e-06,4.281122736841706e-05,5.055513323478595e-06,0.00037814707105240865,0.00018235685114742346,2.3303478649849645e-05
23,3.814626207275322e-05,9.996538427376275e-05,2.3477777732706516e-05,0.1096911230150705,0.8423713051370006,0.0006070300109003998,0.001152074850743905,8.872896811854993e-06,0.03809933089615918,5.399337399799343e-05,0.000765186146100667,5.777638264565418e-06,1.6156946599779876e-05,5.278982292986826e-05,0.005601961936935296,6.368539416476489e-06,2.0481013479544032e-05,3.067651675049382e-05,0.0008075680249126718,2.5346965470266264e-06,2.569357477035343e-05,4.3308566471658595e-06,0.0002799321947327119,0.00020770253776176615,2.7519949387703556e-05
24,2.84355700482467e-05,0.0001366353377042888,1.7462998089463542e-05,0.17051953210649967,0.7877253803355395,0.0005088682935783467,0.0009969029905957676,9.051392775757536e-06,0.03218049386510621,6.299700580804893e-05,0.0006216461080574527,4.843074541856294e-06,1.5556537830408473e-05,5.492754497968323e-05,0.005456122586261376,5.807142609514166e-06,2.1244667647391893e-05,3.331987474003539e-05,0.0010899055905639967,2.184196520242676e-06,2.5072819447002136e-05,4.270994950562237e-06,0.000283184723101251,0.00017541011176923116,2.0744131234760272e-05
25,3.8748643415246e-05,5.605772184106653e-05,1.8240764429350896e-05,0.07235448831807466,0.9017504546941493,0.00031523784401210804,0.0014136168874591016,1.4205591554852233e-05,0.019275715236744085,2.0402049747808766e-05,0.001191056911784865,6.861154582316984e-06,1.5012460871824071e-05,4.686254481315367e-05,0.002600235055563097,3.63261832709888e-06,1.666198826833429e-05,4.187799445884809e-05,0.0004964999542761913,2.13108307004656e-06,3.16959962910832e-05,3.4279938897200735e-06,0.00016779646809375834,0.00010432457140029438,1.4755452881767146e-05
26,3.534752168352715e-05,5.7254199295645536e-05,3.577518237027103e-05,0.09654619855755496,0.8563656026453478,0.0004908450608229246,0.0005880299478074712,3.6635891228084024e-06,0.04162637101726086,5.541432581773862e-05,0.0003907310363302062,2.9768451517320525e-06,1.2111947670651298e-05,4.6626583257109104e-05,0.0024067801471938065,4.589836142361998e-06,1.5306858653160054e-05,3.219614274873755e-05,0.00034508067424531875,2.966470777534442e-06,2.0683223680750525e-05,1.5635628447811273e-06,0.00047110305613978613,0.00042216833875283226,2.0613229327283777e-05
27,3.3796386265327727e-05,9.294857459725689e-05,1.5354022495383844e-05,0.1139265659459584,0.8110699186066231,0.0008512506398827927,0.0010959708163690409,8.729427981585698e-06,0.062422125348966045,5.658975853647894e-05,0.0007054492570324385,5.607028279117756e-06,1.4817429856176359e-05,4.652750330257695e-05,0.008306414186632412,5.299464188175504e-06,1.1468542525685254e-05,2.195177583600194e-05,0.0008495511096371465,2.3231628228102616e-06,1.4923813286294492e-05,6.297346519454523e-06,0.00021809536727977538,0.0001889967331123088,2.9027752014319165e-05
28,3.814626207275322e-05,9.996538427376275e-05,2.3477777732706516e-05,0.1096911230150705,0.8423713051370006,0.0006070300109003998,0.001152074850743905,8.872896811854993e-06,0.03809933089615918,5.399337399799343e-05,0.000765186146100667,5.777638264565418e-06,1.6156946599779876e-05,5.278982292986826e-05,0.005601961936935296,6.368539416476489e-06,2.0481013479544032e-05,3.067651675049382e-05,0.0008075680249126718,2.5346965470266264e-06,2.569357477035343e-05,4.3308566471658595e-06,0.0002799321947327119,0.00020770253776176615,2.7519949387703556e-05
29,3.814626207275322e-05,9.996538427376275e-05,2.3477777732706516e-05,0.1096911230150705,0.8423713051370006,0.0006070300109003998,0.001152074850743905,8.872896811854993e-06,0.03809933089615918,5.399337399799343e-05,0.000765186146100667,5.777638264565418e-06,1.6156946599779876e-05,5.278982292986826e-05,0.005601961936935296,6.368539416476489e-06,2.0481013479544032e-05,3.067651675049382e-05,0.0008075680249126718,2.5346965470266264e-06,2.569357477035343e-05,4.3308566471658595e-06,0.0002799321947327119,0.00020770253776176615,2.7519949387703556e-05
30,3.814626207275322e-05,9.996538427376275e-05,2.3477777732706516e-05,0.1096911230150705,0.8423713051370006,0.0006070300109003998,0.001152074850743905,8.872896811854993e-06,0.03809933089615918,5.399337399799343e-05,0.000765186146100667,5.777638264565418e-06,1.6156946599779876e-05,5.278982292986826e-05,0.005601961936935296,6.368539416476489e-06,2.0481013479544032e-05,3.067651675049382e-05,0.0008075680249126718,2.5346965470266264e-06,2.569357477035343e-05,4.3308566471658595e-06,0.0002799321947327119,0.00020770253776176615,2.7519949387703556e-05
31,8.838268357135665e-05,0.0001663700915808794,6.060283784951473e-05,0.14526982786269965,0.8079795312385434,0.0006665901589448975,0.001461788475551293,2.2015191137532734e-05,0.03574520389681618,8.922211499135882e-05,0.0010967257522222066,9.257851192309789e-06,2.7493676595535494e-05,8.249279376276718e-05,0.005472964248414048,1.2596125646110652e-05,4.233929859835006e-05,5.8770819296817816e-05,0.0009316537056084423,3.707819019118829e-06,4.5352259850961944e-05,6.0807456327925e-06,0.0003724015080129291,0.0002523685606925477,3.626028376889842e-05
32,3.532927158853005e-05,0.00010066949619487922,2.1586919304767767e-05,0.11714464193575447,0.8338363556747816,0.0006357808747720638,0.0012243387841770566,8.832378276738991e-06,0.03840925171121353,5.648504656277644e-05,0.0007445890769432321,5.391516050938539e-06,1.6509417178517504e-05,5.017059571612046e-05,0.006080050148920254,6.7130605233531714e-06,2.0563079013051218e-05,3.197531334887891e-05,0.0010039131454431896,2.5553917244518537e-06,2.776213099212535e-05,4.437813038078438e-06,0.00029481461942711264,0.00021060125826662633,2.668134078756805e-05
33,7.756272329960428e-05,0.00014508343465323713,2.057517110194792e-05,0.19201489784937248,0.7807074432592533,0.00034647476107216074,0.0023680011623992353,1.5062566895066694e-05,0.01714267185016446,2.44833236907748e-05,0.0013086158657950606,1.2416634934878052e-05,4.219322417235506e-05,3.719145152175715e-05,0.003830329432999601,7.580476976686227e-06,3.9620928141898675e-05,5.613788063821523e-05,0.0013489987664212927,2.0203823715453353e-06,4.042980717019607e-05,6.77150232475647e-06,0.00020584536684378906,0.0001847139798393159,1.4878197946671804e-05
34,0.00013903604275009748,6.246659415369865e-05,2.86114265035868e-05,0.10940820784799735,0.8431241130301369,0.00046552134111881,0.0013891769679837958,9.671748882909269e-06,0.036770098560535,2.7980683713165717e-05,0.001499367507720431,4.936931036118893e-06,3.0929013831753256e-05,3.5278648509230214e-05,0.005456741075035651,3.333189436417848e-06,1.4005135839494645e-05,5.2565427724147776e-05,0.001020509386632107,1.666609604287468e-06,3.280844992382257e-05,5.413793697967301e-06,0.00021731279548760265,0.0001848112262677432,1.543656547777485e-05
35,0.0002042314101125637,0.00015059496726758638,4.0316045639849855e-05,0.2431680341257593,0.6626496335192033,0.0018652608525944287,0.003019136335432344,3.469887375593508e-05,0.07528155706379107,0.00010531379983489951,0.0014660185531351303,1.3761081258421113e-05,4.987385057065484e-05,4.480093055147144e-05,0.008208932798290365,2.0901235927118023e-05,3.2039415740704005e-05,0.0001432446840756506,0.0026950825091737285,3.3556108064536803e-06,3.414370706593067e-05,1.3909641596975232e-05,0.0004203881811704095,0.00030694271347411935,2.782809377153382e-05
36,6.807888331280026e-05,0.0002949531956865942,4.3835376132432454e-05,0.2808715972075628,0.6238530015593916,0.001225622215345359,0.0021008507078294158,3.43828467391593e-05,0.07269319058396904,0.00021301322867351105,0.0008303099539184853,1.2770162529477556e-05,3.7934468985333885e-05,0.00012193257486077015,0.014575239610092057,2.767707763685946e-05,4.687338050418108e-05,6.702836693177763e-05,0.0021697109522653903,5.752731743277105e-06,3.113559015663499e-05,1.4834378391804578e-05,0.0003845716740504399,0.00022587553743539355,4.982773585526366e-05
37,5.742957297137421e-05,6.628779844161874e-05,3.3466023224780065e-05,0.07286096702849572,0.8899571851913314,0.00029284801494713713,0.0011393272150439252,5.289562977558045e-06,0.031645706863958636,2.7562313475025527e-05,0.0006856571200821082,6.359763532133154e-06,2.086226244818901e-05,4.945729584702962e-05,0.00208851410694231,4.012386659282563e-06,1.6766981674095862e-05,3.529065853479183e-05,0.0003987260611674503,2.1984699058689683e-06,2.9295992406724323e-05,2.6478533306863898e-06,0.00024154145025127367,0.0003117648967027603,2.0835115648184754e-05
38,8.366374789737267e-05,0.00012031754290232983,4.14312344730846e-05,0.20393038794741278,0.7231575407776327,0.0020405393669436474,0.003465665593321577,1.9826975678216994e-05,0.05040320369427235,0.00010694113394140761,0.0010041748621643907,8.783600022869344e-06,3.8484927011369224e-05,4.070669599983166e-05,0.011577881969462831,2.5323914319592817e-05,4.360889374626998e-05,7.806874873442969e-05,0.002830704086874273,4.755053392998996e-06,5.0547438897889714e-05,8.176748129254531e-06,0.000580218123713889,0.00030472182545055365,3.432509760406076e-05
39,6.976879433375399e-05,0.00010814742408368212,3.864732680630529e-05,0.1410598219711905,0.8060123238920247,0.0013497203792888933,0.003009962640905766,2.8540050165999638e-05,0.03765499916976627,6.889816761939797e-05,0.0011839679213907816,1.1467951091792597e-05,2.702473791674401e-05,4.7670776806760636e-05,0.007017265623634189,1.8495528597803073e-05,4.045187678200749e-05,6.037754379488347e-05,0.0014735423473400502,3.913239934501899e-06,4.895864641841407e-05,7.45109226744014e-06,0.0004020595915657506,0.00022243316931049487,3.4090136962889795e-05
40,5.542321921826454e-05,0.00010244252398476875,2.9822969975061087e-05,0.07283275416479572,0.8825430180589676,0.0005254983593147099,0.0010720149323256616,8.087738665924277e-06,0.035161576959937324,3.80409611168593e-05,0.000984357669008895,8.170295980217804e-06,1.7823468802481967e-05,5.749800741424599e-05,0.0056454287316969505,4.722119606185237e-06,2.1072333515479053e-05,1.987466120423288e-05,0.00045192362716984515,2.2531621914852356e-06,2.1804501694892708e-05,5.591949690957166e-06,0.00018401506015040898,0.00017288669714643793,3.389782642544383e-05
41,0.0002711667994714524,0.002027586995816016,0.000791861834866897,0.04106860487781816,0.7844168050145928,0.0002266461393308989,0.05309864372159889,0.00011638346693384081,0.03178681205890921,0.00023169491678568004,0.007574945814206458,5.3665709199472425e-05,0.0016185081276953062,0.0028544746980912576,0.0005039051649281846,0.00013078126524459667,0.0013848492364709644,0.003834801312222718,0.01711788732865559,7.6479372745812e-05,0.044146974901478696,3.748329314116642e-05,0.002722176601739248,0.0037536785533214666,0.00015318279473537804
42,4.553824727195268e-05,0.00016507921428717668,2.1340003601423185e-05,0.16057868671056463,0.7753310541035653,0.0011340129479331666,0.0017564118986298674,1.6179379411708762e-05,0.045767150698130005,8.676534428989594e-05,0.0009318630538926388,7.43904891648806e-06,2.7289359133871973e-05,4.3526441340605524e-05,0.011595849112493301,1.3077852158981272e-05,3.064484322090156e-05,3.0462744514900598e-05,0.001907197900010921,3.374293220547495e-06,2.6456947551264322e-05,1.1497422647333908e-05,0.00024186297897282132,0.0001951180395470618,3.2121414693396524e-05
43,2.790436419379927e-05,9.56186854710637e-05,2.3667030761089953e-05,0.12898140878645792,0.8013709083889208,0.0016005940485955268,0.001075532183407061,1.191713140521587e-05,0.05409903704965517,0.00013747977293592477,0.0006341008881684478,3.531654636740486e-06,1.397934207896678e-05,4.8697168595436926e-05,0.009775935096376115,1.01196555968642e-05,1.9941723599030884e-05,3.206376382611062e-05,0.0013755728260852766,3.835431753702566e-06,2.7586436377932355e-05,5.6727091786097e-06,0.00039229486345630993,0.00020219381208946442,3.040718637747741e-05
44,3.814626207275322e-05,9.996538427376275e-05,2.3477777732706516e-05,0.1096911230150705,0.8423713051370006,0.0006070300109003998,0.001152074850743905,8.872896811854993e-06,0.03809933089615918,5.399337399799343e-05,0.000765186146100667,5.777638264565418e-06,1.6156946599779876e-05,5.278982292986826e-05,0.005601961936935296,6.368539416476489e-06,2.0481013479544032e-05,3.067651675049382e-05,0.0008075680249126718,2.5346965470266264e-06,2.569357477035343e-05,4.3308566471658595e-06,0.0002799321947327119,0.00020770253776176615,2.7519949387703556e-05
45,2.672926269522045e-05,5.821420178450343e-05,9.533487208460711e-06,0.16135412173335337,0.7740685330590982,0.0010044415006052586,0.0020031002216636326,1.0372633611984601e-05,0.048407012610052556,3.648978526007058e-05,0.000580666341859989,5.177112149233229e-06,1.5851956774551782e-05,2.062720197445866e-05,0.010815317632108797,6.873534185079509e-06,9.470454541572588e-06,2.0590108846350784e-05,0.0012228119888581111,2.1108775018967512e-06,1.1273695426311763e-05,5.435081989739449e-06,0.0001673950506085467,0.00012113242750215925,1.671804033991972e-05
46,7.447063168979442e-05,0.0001703990870706153,2.2896391579127406e-05,0.18900139770223398,0.7836416710428815,0.0006893006376867606,0.0013354996864166115,1.2514482415053882e-05,0.015508298011013171,4.010887628512988e-05,0.0009701003775541828,1.0471274793372776e-05,2.2230920155791584e-05,2.6978931869553542e-05,0.006847541847106035,1.1069599852175529e-05,7.296729615761126e-05,2.7653360973404363e-05,0.0010048107920712368,1.8596367093035336e-06,2.2855481930338034e-05,7.348217486299632e-06,0.00028401006319060234,0.0001703137171328698,2.323193374552986e-05
47,0.00010558268253856449,0.0002952814982967485,3.123990785560588e-05,0.13192378686110035,0.80139494525661,0.0007690987136815696,0.002195322421736594,1.674864199169363e-05,0.05082352276747999,6.377073991375465e-05,0.0012674241637852808,1.964371764295657e-05,4.404717958815674e-05,5.408288385227102e-05,0.009032858260440564,1.560312040312848e-05,4.02259129395847e-05,3.10922291678932e-05,0.0012773908762334191,2.962612494061457e-06,2.395537071679619e-05,1.5776259570033784e-05,0.0001940711364147489,0.0003106294636875626,5.0937321858310054e-05
48,6.185861956762419e-05,0.0003935800148166954,2.4558908149792865e-05,0.287191786303827,0.6715548346367816,0.0008905681937940501,0.0015050695291391487,1.9529763597562272e-05,0.025634266916163245,0.00011556551923788353,0.0008290077710916944,7.751989086185932e-06,2.6268870393445628e-05,5.38795631932914e-05,0.008595101925874855,1.335368232009574e-05,7.924617995907225e-05,4.3461485678122275e-05,0.0023274152185725943,2.1661004259927367e-06,3.6704884475422644e-05,1.1064864617919888e-05,0.000396874775544759,0.00016048096875150066,2.560331494056472e-05
49,4.631263688963874e-05,0.0001011566672432898,3.236781215908964e-05,0.10787595504553008,0.8419041238444598,0.0008038056778778593,0.001187310554199161,1.0278864270831337e-05,0.040927056558489223,6.007562795074558e-05,0.0008091521069595001,7.215326100039002e-06,1.80703973831559e-05,5.6094557333419875e-05,0.004924050408803185,7.127166716550096e-06,2.2408340111171817e-05,3.2189731159065916e-05,0.0005886533294729731,3.1747502044695115e-06,2.407294397824789e-05,4.570950350441301e-06,0.00030044704284770094,0.00022472995215556892,2.9599707354768142e-05
50,3.503126491010731e-05,0.0001328012558141431,2.45590974031586e-05,0.11985539238794234,0.8146420252610397,0.0007432752071885478,0.0018409936888821442,1.4031741742396164e-05,0.05330515497126128,8.74419114413751e-05,0.0007357395941474063,6.104741596632013e-06,2.185831641338213e-05,6.952767516774639e-05,0.006519622515873373,7.727462042357673e-06,1.8560244394149173e-05,3.610140385490895e-05,0.0014096186323014155,2.8501830579314386e-06,3.521787790610602e-05,6.700950855265399e-06,0.0002445009595407249,0.00017566212350435793,2.950053171886458e-05
51,3.9490004016128e-05,0.0006116957025317654,1.5075480113731768e-05,0.36222008653213467,0.5923601616045203,0.0003261918870459488,0.0005936861987342896,2.1809924111029013e-05,0.03193448144227775,0.0001077390226470869,0.0008361428701706471,8.9023398985469e-06,2.3480583113897756e-05,0.0001079964880835721,0.009261458933011175,5.038338542770304e-06,2.0014523293635073e-05,2.8492851717318622e-05,0.001227900607395299,1.7501947532915709e-06,1.2962764043495393e-05,1.249747990520385e-05,0.00011310942897677154,8.81439589352772e-05,2.1690840026341107e-05
52,7.480765569647927e-05,0.00011661681589887562,3.3552865543293186e-05,0.36333198975084136,0.5365837923749389,0.002357077037801593,0.0008567876655069285,2.8903276204806616e-05,0.0750963920026541,0.0004252606839808673,0.0008615065947229206,3.5907497121881448e-06,3.0917694032959645e-05,6.709774292767585e-05,0.016022623497191645,2.008158908019564e-05,1.9933461804175365e-05,0.00016497685251008791,0.0031124423858642394,7.665377536157827e-06,2.1139884070855607e-05,9.796518515002784e-06,0.0005193795445761926,0.00021308170752734604,2.0586270861125046e-05
53,3.515473404242065e-05,6.25838876745503e-05,1.7565323706167826e-05,0.0828821023965837,0.8543268516805339,0.00079137205292145,0.002873848674083592,1.030672603144917e-05,0.05083235487498587,2.743527185355192e-05,0.0008571082771417617,9.344626921310401e-06,1.5012295727429501e-05,4.4762242719236375e-05,0.0058137818531222,7.003230245942798e-06,1.554154211237407e-05,3.138454464716313e-05,0.0007772488121367185,2.419472009233498e-06,2.6589009410753114e-05,3.96594887690494e-06,0.0003108593554013022,0.00019312154447211272,3.228162263918951e-05
54,2.403091429279336e-05,0.00020116192934257636,2.9788647048646867e-05,0.08015386530939178,0.8370814819710408,0.0004971090149907036,0.0010056594618671195,8.244085164474464e-06,0.0691332823100755,9.717413754771187e-05,0.0005455931376845059,1.0551553423257053e-05,1.3910747413539751e-05,0.00011482196923177853,0.009753452900482061,1.2372268886489637e-05,1.956656989425362e-05,1.592082080517468e-05,0.0006435960536500714,3.6935480823563637e-06,1.8060207202376814e-05,5.420038451063045e-06,0.00021527573900945063,0.000305542394883248,9.042427013817608e-05
55,3.103561033474136e-05,4.688975139741993e-05,1.3081678782771424e-05,0.07437932782042413,0.8696831527355783,0.0003719536922984114,0.00186912013840876,4.374838524429824e-06,0.04893422886099396,1.4021813999431345e-05,0.0005976743441719867,1.0228843639067316e-05,1.4369605398799153e-05,3.0410633239541405e-05,0.003036990012566809,3.8926356138254464e-06,7.558810162981696e-06,2.060937520339252e-05,0.0004428393932464532,1.4491665751359816e-06,1.3928651326217133e-05,2.4119865211914884e-06,0.00017269635157237474,0.0002741971616088339,2.3556088411176352e-05
56,4.015522803677981e-05,0.00010288814416390489,2.387881267650615e-05,0.11126776030392509,0.8404277634889421,0.0005939392571912666,0.0012047876890731455,9.03652628088682e-06,0.03846110034399888,5.298936040647405e-05,0.000784860904475095,6.040218351905926e-06,1.7657478093381437e-05,5.3608437882903405e-05,0.005519711409036675,6.3247116267302434e-06,2.0506607510200142e-05,3.147062819757505e-05,0.0008255949606166691,2.592149582237179e-06,2.6482505595450406e-05,4.577125708721809e-06,0.00027507935941778363,0.0002139230634044416,2.7271285805461407e-05
57,3.6934471331391304e-05,0.00015585431736386663,2.5792865634677785e-05,0.11793492227945279,0.8331880573569213,0.0004832556053014941,0.0017431770495895148,9.624135678177098e-06,0.036974520224111206,5.9981616879592344e-05,0.0007965305249560743,7.3781397850121925e-06,2.7950863896385846e-05,5.500105117308552e-05,0.006174005486205098,9.828537966691058e-06,2.6209077145605163e-05,3.2436484517920305e-05,0.0016627613262642955,2.8544933595140055e-06,4.3679049145718073e-05,5.91338874079764e-06,0.00023576753838184744,0.0002750291076291873,3.253500856861495e-05
58,3.0706242855197216e-05,8.449906645409507e-05,2.082282856360752e-05,0.09453190563980934,0.8588187578249002,0.0005004993589688488,0.0010558473765145437,6.079564056119484e-06,0.03818089491002022,4.45203588930441e-05,0.0006381562025149248,5.10209271915264e-06,1.539814480483979e-05,4.682377874037389e-05,0.004669499667024552,5.504317781767496e-06,1.6542918783663546e-05,2.579430966706557e-05,0.0007119234707971693,2.5206898783957954e-06,2.4406759315296738e-05,3.428145260871901e-06,0.0002721077747396217,0.0002619230673203254,2.633548961681386e-05
59,3.159550356580078e-05,8.93414151357914e-05,2.545746093371041e-05,0.09245970258427502,0.8616792447433698,0.0005160732911228707,0.0009879778934972008,6.650808235074342e-06,0.03767881423497108,5.3381520490566374e-05,0.0006301868764544627,4.950956528653194e-06,1.5241178463224228e-05,5.325170606329335e-05,0.00443245592238251,6.101429501259167e-06,1.8630125861726853e-05,2.7836925341746626e-05,0.0006683380125514501,2.810878485745402e-06,2.6878354235547216e-05,3.3531988537748305e-06,0.0002884943186116671,0.0002652924365032629,2.793822456475055e-05
60,3.814626207275322e-05,9.996538427376275e-05,2.3477777732706516e-05,0.1096911230150705,0.8423713051370006,0.0006070300109003998,0.001152074850743905,8.872896811854993e-06,0.03809933089615918,5.399337399799343e-05,0.000765186146100667,5.777638264565418e-06,1.6156946599779876e-05,5.278982292986826e-05,0.005601961936935296,6.368539416476489e-06,2.0481013479544032e-05,3.067651675049382e-05,0.0008075680249126718,2.5346965470266264e-06,2.569357477035343e-05,4.3308566471658595e-06,0.0002799321947327119,0.00020770253776176615,2.7519949387703556e-05
61,3.341221501136958e-05,8.299887092246354e-05,2.644512413020097e-05,0.08884352098178394,0.8645720915873586,0.000510360646192187,0.0009701069983838868,6.56460105006246e-06,0.03878830954198615,5.132279501686875e-05,0.0006371575395841582,4.9539436524155015e-06,1.4991153205697258e-05,5.281164878947487e-05,0.004122022060183179,5.670522499611744e-06,1.740935775320891e-05,2.8111777372893202e-05,0.0006182493156521664,2.696002359730082e-06,2.6258737755438265e-05,3.212584969862034e-06,0.00028501867013375226,0.00026892946887014735,2.737385538225298e-05
62,3.814626207275322e-05,9.996538427376275e-05,2.3477777732706516e-05,0.1096911230150705,0.8423713051370006,0.0006070300109003998,0.001152074850743905,8.872896811854993e-06,0.03809933089615918,5.399337399799343e-05,0.000765186146100667,5.777638264565418e-06,1.6156946599779876e-05,5.278982292986826e-05,0.005601961936935296,6.368539416476489e-06,2.0481013479544032e-05,3.067651675049382e-05,0.0008075680249126718,2.5346965470266264e-06,2.569357477035343e-05,4.3308566471658595e-06,0.0002799321947327119,0.00020770253776176615,2.7519949387703556e-05
63,3.7312030332911257e-05,0.00012056233539565633,2.2574369955433707e-05,0.11606080589726572,0.8351417985542382,0.0005947961366582262,0.0011246662326190847,9.198548551338256e-06,0.03843232747618362,5.852135890926293e-05,0.0007707783404287793,6.144773971628774e-06,1.664354379931532e-05,5.550753752828871e-05,0.006046841200642112,6.79072996557323e-06,2.206997330010176e-05,2.960320215268647e-05,0.0008931049855690783,2.523650481580563e-06,2.5644837458994787e-05,4.841017346271085e-06,0.0002742574840584868,0.0002132398809327946,2.944590225502087e-05
64,3.5331795059695676e-05,9.212118260666977e-05,2.5297724005663705e-05,0.09101135236101973,0.867605863550669,0.0004970550912130856,0.0012225961637258797,8.125062576894271e-06,0.03272097729950211,4.808428536777558e-05,0.0007685127485406603,5.240454632301986e-06,1.6493672106619724e-05,5.565512811561583e-05,0.004414578188034833,5.927167713543994e-06,2.1998123922519007e-05,3.318332453735996e-05,0.0008294288023885714,2.5691232457205286e-06,3.656602690226776e-05,3.7283466258126138e-06,0.00029439810460871527,0.00021862654467309507,2.6289728205698638e-05
65,4.673308085850867e-05,5.029511146322571e-05,9.35613703700046e-06,0.20475073630427895,0.7597831198675589,0.0016229070108720715,0.0021251467594535444,1.1027913214945556e-05,0.017951179151511634,2.8961503265068622e-05,0.0011018087599296447,4.100857011177221e-06,1.2422118112593821e-05,1.2136835606955088e-05,0.00933171082871977,7.165220986711473e-06,3.0921295145245454e-05,4.9433153274902115e-05,0.0024626622121707593,1.269651104159894e-06,2.7749277140300046e-05,4.173827857152951e-06,0.0004640198789557739,9.939986085448464e-05,1.1563383616572672e-05
66,1.499784125934703e-05,9.226132173347416e-05,6.452487103194623e-06,0.1379932181970563,0.8026106474495833,0.0010196924333744316,0.0007134630633250204,3.713443053126311e-06,0.04487968412084875,4.60008827281416e-05,0.0004975677390444828,3.507379507117883e-06,5.147610995776963e-06,3.330436424609383e-05,0.010096885165428596,4.24803126119399e-06,1.705357722483239e-05,1.6429672309880593e-05,0.0011611772931352604,1.2397838306929837e-06,1.411807874889982e-05,3.288687652835145e-06,0.0005317787310607786,0.00020450131923213533,2.9621326256204076e-05
67,5.609096040757932e-05,7.132243548152994e-05,0.00016146236025825332,0.15134465104966396,0.823613837072488,0.000564668439739571,0.0008278188257931476,1.0406021939908381e-05,0.017296741524971647,0.00014763685621278053,0.0006102833890940445,2.38992190947796e-06,2.3507703369001447e-05,0.00011348274827572549,0.0018968606623653186,1.1658887936260833e-05,7.171215093735164e-05,0.00016073363751993754,0.0006411581524864481,9.801912610560342e-06,0.00014506785577301435,1.1949870681369446e-06,0.0017191641437570536,0.00047749549837472884,2.085280156643843e-05
68,3.363320637534931e-05,8.999440386291435e-05,2.442611861378014e-05,0.10100400439486724,0.8493347783945459,0.0005776347889369628,0.0010572653387941663,7.617338639857986e-06,0.04075940982922408,5.364888595972461e-05,0.0006781291136762819,5.532925974703447e-06,1.4666973257013737e-05,5.6493901604331723e-05,0.0050281282525254534,5.828656930238076e-06,1.797397849534585e-05,2.81980767900936e-05,0.0006580598427230253,2.617164111232309e-06,2.3697112655424997e-05,3.6658971321182916e-06,0.00028388851023410734,0.0002221934294305559,2.8513464640326038e-05
69,3.7262229672823054e-05,0.0001046697985337325,1.612862106948733e-05,0.1159105168585629,0.8382644900711467,0.0005892826674523411,0.001043402713513366,7.477691298061931e-06,0.03526902699949769,4.301593272548068e-05,0.0007730418233817032,5.66276637860038e-06,1.4925708499842554e-05,3.862920401135706e-05,0.006557044183226937,5.397640841445234e-06,1.905398054799277e-05,2.2467217607781834e-05,0.0008310967862929311,1.8809865166272824e-06,1.8107168799416527e-05,4.935022866663842e-06,0.0002214278523684691,0.00017669637237228899,2.435970281530941e-05
70,3.2392521274108694e-05,8.041715049432642e-05,2.0513259490693535e-05,0.10338055067741946,0.8522080047341534,0.0005150860572681886,0.0010029566756555568,7.239230836854122e-06,0.03622985721698409,4.2170655897092137e-05,0.000660530568612153,4.833604772533378e-06,1.337365085536743e-05,4.86704421754302e-05,0.004661610083415743,4.290502369653641e-06,1.5501176923007433e-05,2.470573254412116e-05,0.0005803994698280969,2.1249652949778653e-06,2.0666523561399366e-05,3.427659634575637e-06,0.0002453438644503601,0.00017301080827010747,2.2322767818744553e-05
71,2.5206257113723662e-05,8.5497992447e-05,2.2581406001949128e-05,0.08076986156659492,0.8715594916318413,0.00044423797067904284,0.001074709515721879,7.027378365297914e-06,0.03998976215691296,4.904765492908708e-05,0.0005887364037457792,4.923721173399494e-06,1.3157163493867927e-05,6.247587787142841e-05,0.004119773745489317,5.411354583123413e-06,1.5710643772507356e-05,2.672752674695201e-05,0.0006046705257054691,2.7042224911227747e-06,2.6833298316346745e-05,3.0941809768970638e-06,0.00025628511001189947,0.0002142159248340974,2.785677018074988e-05
