,0,1,2,3,4,5,6,7,8,9,10,11,12,13,14,15,16,17,18,19,20,21,22,23,24
0,3.553146340865309e-07,9.719452620171467e-06,1.9736664976343745e-06,0.00011246926072189324,2.992768533712209e-06,0.988920581610491,9.356336929378042e-09,4.2217617591146704e-08,1.4656119863132955e-05,0.006671504623901699,1.3808148408889045e-08,2.3341118575362097e-10,5.589552604320264e-07,0.00019378478385757982,2.1380191575318054e-08,0.0003588785342738226,0.001402695122627544,0.0008331166204347674,2.5756682934939827e-06,0.000304723680073874,0.0011176126109596592,1.4300227792265936e-07,1.078487547783499e-05,4.2855739162093534e-06,3.650075957794671e-05
1,3.272219519577523e-07,9.681044148203281e-06,2.183642561706739e-06,8.14365224112638e-05,2.9713752686866232e-06,0.9890073812089473,9.265280423021018e-09,4.290456752730078e-08,1.9988411768161505e-05,0.006835843556222655,1.0182777512858243e-08,2.0313881400142328e-10,6.422042196428442e-07,0.00011495068807332728,2.9757372095038393e-08,0.0005595978596919076,0.0011668515961964078,0.0006295113168549201,3.3357381294136945e-06,0.0003307761072467772,0.001194250855307759,1.485455630990855e-07,6.581610305070709e-06,4.055937077754452e-06,2.9392244917493488e-05
2,5.331588140026058e-07,1.3741336786189512e-05,2.1129518093993383e-06,9.103115631438375e-05,6.787936838261228e-06,0.9876294994063961,1.3027811079395967e-08,5.4411367039189936e-08,2.3012086735294253e-05,0.006547313426774306,1.6689857439607876e-08,2.9601230075890363e-10,9.424739710003849e-07,0.00022967260207254256,4.407907508572189e-08,0.0005115159217110131,0.0021548478482529003,0.0009557686773218097,3.332271293172593e-06,0.0005517791729315005,0.0012049872520729279,1.8317963669487725e-07,1.0986661772878495e-05,4.276765920205908e-06,5.754720845255532e-05
3,3.2755804565813444e-07,9.235806886361954e-06,1.788453444023512e-06,9.588808203730729e-05,3.192163231649505e-06,0.9899567039707976,8.16547209400866e-09,4.008891231312542e-08,1.6288916403792406e-05,0.005546757190769506,1.3304847326374192e-08,2.1280884444783364e-10,6.267467027626316e-07,0.00016051628111183347,2.3735461231010818e-08,0.00039009910499365286,0.0015742207279604784,0.0007297114165763644,2.83202990714138e-06,0.0003234578682387391,0.0011418315915295194,1.517661611204081e-07,9.385089612408815e-06,4.277822051730483e-06,3.2621906036688e-05
4,3.7437038758460526e-07,9.689295413752086e-06,1.9463479262600407e-06,0.0001074140068646973,3.521804884675735e-06,0.9896818868044777,9.080669841478493e-09,4.322396232656801e-08,1.8967831742631162e-05,0.005202935147390988,1.4957469995385888e-08,2.8896447606195627e-10,8.854036939441448e-07,0.00018574837391019156,2.476246298577463e-08,0.00040916417737247294,0.0018476606880341512,0.0008020302036107468,3.0413919011330464e-06,0.0003625378520948015,0.0013105603524489228,1.7092290053628238e-07,9.943569105148587e-06,4.854497583970644e-06,3.657464472613589e-05
5,3.468125944360098e-07,9.292961901323882e-06,1.680104298992282e-06,0.0001375583619565417,2.696522836131498e-06,0.9884064584944305,7.746261949429045e-09,3.973997384117427e-08,1.627484340918627e-05,0.006290905183419829,1.3850728635423866e-08,2.716007699899455e-10,7.31717673728335e-07,0.0002007818820964574,2.193924711234129e-08,0.0004108723908627989,0.0018238495646581308,0.0010188568067873121,2.5868686616626943e-06,0.0003686691543708083,0.0012555341562028,1.840475225885072e-07,1.0592552276490749e-05,4.990786483949721e-06,3.705323974394826e-05
6,3.2755804565813444e-07,9.235806886361954e-06,1.788453444023512e-06,9.588808203730729e-05,3.192163231649505e-06,0.9899567039707976,8.16547209400866e-09,4.008891231312542e-08,1.6288916403792406e-05,0.005546757190769506,1.3304847326374192e-08,2.1280884444783364e-10,6.267467027626316e-07,0.00016051628111183347,2.3735461231010818e-08,0.00039009910499365286,0.0015742207279604784,0.0007297114165763644,2.83202990714138e-06,0.0003234578682387391,0.0011418315915295194,1.517661611204081e-07,9.385089612408815e-06,4.277822051730483e-06,3.2621906036688e-05
7,4.593475337745663e-07,8.603892594261066e-06,2.6036302681162113e-06,8.499379911697717e-05,3.503357133311662e-06,0.989927460881035,1.0665184097075265e-08,4.587940645826519e-08,1.4201110060142557e-05,0.006089757634868837,1.3937772767416857e-08,2.0734966099762759e-10,7.220759305200285e-07,0.00015292454581090076,2.101959334037625e-08,0.0003431391335511271,0.0013696494133704168,0.0007441985491902503,2.8745704451694415e-06,0.0002962985645248495,0.0009096920753133042,1.1310816237571899e-07,9.167687101115911e-06,4.526793510033691e-06,3.501812117322439e-05
8,3.351219003197909e-07,1.3164309855482221e-05,2.7616359691604775e-06,0.00015833121939220452,2.973633921592715e-06,0.9866285740233329,1.3478379463777501e-08,5.127876848830157e-08,8.601900881640748e-06,0.010201100567533927,1.6177539370559295e-08,2.433750501582665e-10,4.3206650724045594e-07,0.00026087347698995194,1.1340694703897706e-08,0.00026213714334029944,0.0008048262696642032,0.0004979453362278,2.415004024323611e-06,0.00030954132075160766,0.0007876874146814484,6.944180673131954e-08,2.23433714976729e-05,5.214600072551519e-06,3.057962289165141e-05
9,2.2729395318478388e-07,1.0997949118866316e-05,2.5618832576103204e-06,0.00018284131445335487,2.001440448061874e-06,0.9862736049722689,1.0880653255221994e-08,4.001279696965949e-08,1.1395088246498625e-05,0.009835359942916332,1.1788523477681644e-08,3.023908342684891e-10,5.48106378880694e-07,0.0001846840180419808,1.4165104815444663e-08,0.00038334838879237497,0.0008449738651522976,0.0005119543672987162,2.24819120823141e-06,0.0003439965537727024,0.0013588472346603268,9.526750283046376e-08,1.5323525757208415e-05,5.218780528682686e-06,2.9694666773783428e-05
10,3.2755804565813444e-07,9.235806886361954e-06,1.788453444023512e-06,9.588808203730729e-05,3.192163231649505e-06,0.9899567039707976,8.16547209400866e-09,4.008891231312542e-08,1.6288916403792406e-05,0.005546757190769506,1.3304847326374192e-08,2.1280884444783364e-10,6.267467027626316e-07,0.00016051628111183347,2.3735461231010818e-08,0.00039009910499365286,0.0015742207279604784,0.0007297114165763644,2.83202990714138e-06,0.0003234578682387391,0.0011418315915295194,1.517661611204081e-07,9.385089612408815e-06,4.277822051730483e-06,3.2621906036688e-05
11,3.5633618732504234e-07,9.388183062444837e-06,1.958733190132987e-06,0.00010352439337257099,3.5145651020331965e-06,0.9895859682875482,9.019275393151962e-09,4.328396951305653e-08,1.745335206477544e-05,0.005513760512453075,1.4468045224590899e-08,2.548754418609634e-10,8.169569074243e-07,0.0001709347082135875,2.44204292166575e-08,0.0004143235260831265,0.0017701067980947967,0.0007593531388395641,2.951695974669002e-06,0.00036626645069235997,0.0012292270573128553,1.607154561036363e-07,1.0130346910960661e-05,4.761569471823264e-06,3.4951226467419644e-05
12,3.75099766924177e-07,9.752424284803469e-06,9.364233323260097e-06,0.00013351217506709997,2.04972954467728e-06,0.9854354885623586,3.028054322450982e-08,2.1615845441578312e-07,2.927003949919668e-05,0.009648128164446226,3.330068459995169e-08,7.25423364165788e-10,7.888111782843503e-07,6.373548009197198e-05,8.476738865796079e-08,0.0012293402535568949,0.0005979384621660452,0.00041286196243762535,1.2117812297433599e-05,0.0003605015867665623,0.002015008715590097,3.2143617122992284e-07,8.437513898684046e-06,1.134555378194359e-05,1.9296751278075442e-05
13,3.9215723421970453e-07,1.1617011606384239e-05,2.331066997899084e-06,0.0002101162547902805,4.578286328897086e-06,0.9872713210725185,1.3219377770525823e-08,1.0556082475842733e-07,1.9303842098178984e-05,0.004882172034534526,5.228249250887415e-08,8.532140329516951e-10,1.3853116094830461e-06,0.0005887578805098872,2.7779645440211897e-08,0.00036954966270996725,0.0030745323419703423,0.0010847134171126965,4.0077551743289175e-06,0.0005996409059305934,0.00179333677939943,3.309447339989775e-07,2.8160728051330064e-05,7.976982585322019e-06,4.5575868549193e-05
14,3.337564845247162e-07,9.545488115720626e-06,1.7738685351739157e-06,9.667212579756682e-05,3.2683334858550983e-06,0.9898156745997263,8.309081929105587e-09,4.059044649384799e-08,1.6331094376105743e-05,0.005674023618969721,1.3526193210947832e-08,2.1397726182031197e-10,6.246300390650664e-07,0.00016459182829094404,2.364628833355962e-08,0.00039320549136731325,0.001578269901882438,0.0007366842521731393,2.881539583103022e-06,0.0003276928876140202,0.0011316639747051378,1.5224991027337196e-07,9.516072436352221e-06,4.333023952801218e-06,3.2674976567351995e-05
15,3.2755804565813444e-07,9.235806886361954e-06,1.788453444023512e-06,9.588808203730729e-05,3.192163231649505e-06,0.9899567039707976,8.16547209400866e-09,4.008891231312542e-08,1.6288916403792406e-05,0.005546757190769506,1.3304847326374192e-08,2.1280884444783364e-10,6.267467027626316e-07,0.00016051628111183347,2.3735461231010818e-08,0.00039009910499365286,0.0015742207279604784,0.0007297114165763644,2.83202990714138e-06,0.0003234578682387391,0.0011418315915295194,1.517661611204081e-07,9.385089612408815e-06,4.277822051730483e-06,3.2621906036688e-05
16,3.97440495898963e-07,1.4842602422626951e-05,1.9716024202480386e-06,0.00015544684559296907,3.7081224063499863e-06,0.9791380833080695,1.5346075567580874e-08,7.906031948120368e-08,2.2082100952992158e-05,0.012576203527050503,1.441030004404194e-08,5.416475898694648e-10,9.98243369537217e-07,0.0002994963893511572,3.870941658117399e-08,0.0007578078961608093,0.002300771503505468,0.0013061048598769576,4.448144082861872e-06,0.0005568404555643147,0.0027896268365765536,3.5996532068271245e-07,1.2361613502857146e-05,4.859540000245824e-06,5.344093551806524e-05
17,4.13498933485905e-07,1.1926176242358988e-05,1.5692023940538185e-06,0.0001661975334377639,5.4789734431346595e-06,0.9837714819838415,1.1429566574659953e-08,6.361465477751221e-08,1.7360001789909668e-05,0.0070086693008150945,2.0638845514419686e-08,4.953691726363994e-10,1.595850950376661e-06,0.0004537028085643609,2.4105099797702263e-08,0.0004985540961325812,0.004164035044822572,0.0012656472770291183,3.00035899286236e-06,0.0007185454284415428,0.001829131419539057,2.699633754070541e-07,1.9630336348068633e-05,5.406984997583775e-06,5.726347637343432e-05
18,5.709175503896013e-07,9.869232226660128e-06,1.730071875364957e-06,0.00011935268730012388,5.685266940996245e-06,0.982096274530727,1.2381250762474142e-08,4.573999017191108e-08,1.720785669347668e-05,0.007736835373139775,1.404799459147495e-08,3.744386386869399e-10,1.332957854557287e-06,0.0003789917695516497,2.6324776710513743e-08,0.00040663459674203617,0.004516265659605655,0.002067708955913791,2.246992652924306e-06,0.000547843291225248,0.00198262955520811,2.404834374159397e-07,1.2793451742700075e-05,3.630000729601542e-06,9.205748043168597e-05
19,3.750876467209765e-07,1.2585065426791417e-05,2.892099947105456e-06,0.0001689659617147945,3.5876689517232714e-06,0.9856090557240175,1.6287873893523362e-08,6.76722639375282e-08,2.525029136317343e-05,0.008286663438096968,1.567977693671353e-08,4.974668194388005e-10,9.696897056684407e-07,0.00020822082632939,3.5138152080913314e-08,0.0006501611094762743,0.0016480055116814413,0.0008927710407549083,3.3782540223504677e-06,0.00042973691353004675,0.001996546242918094,2.408357337292327e-07,1.136095568100904e-05,5.177854324686129e-06,4.3920153143930276e-05
20,3.735628249789309e-07,9.923808509994404e-06,2.50559247295036e-06,0.0001262752762092113,2.9865954848075456e-06,0.9861176605855987,1.1783163148947425e-08,9.479479374112237e-08,2.025417574232946e-05,0.007342355561619067,1.9566812449294385e-08,4.040057096133375e-10,7.817396670836794e-07,0.0001948133159182346,5.403385755294409e-08,0.0006383471800235003,0.0022090889627749705,0.0010643464677871392,4.517467883596792e-06,0.0004360390855849004,0.001772487306434431,3.8232437977682715e-07,1.0094370419969515e-05,4.600196204249185e-06,4.198584182757807e-05
21,4.5241754029067677e-07,1.7354402946826906e-05,2.285837537926994e-06,0.00021358377312973581,3.8322992113197815e-06,0.9814804734173443,1.4871635073673738e-08,7.982412080211782e-08,2.841134255427696e-05,0.011525016386767272,1.5282293451676102e-08,5.960865901961463e-10,1.105439964463031e-06,0.0003624125669436825,3.073936250124143e-08,0.00095973644185061,0.0016619183817789182,0.0011853885996800878,3.6083632669182714e-06,0.0006668782164312659,0.001824387381366974,2.524749149807847e-07,1.150231181358445e-05,5.668002330534355e-06,4.559062912749939e-05
22,4.512414576160509e-07,7.574769307887429e-06,1.7474282533913543e-06,7.419075633770794e-05,3.3816324900385784e-06,0.989732184574642,6.727813106071782e-09,3.874912929510486e-08,1.5265951644741783e-05,0.004932130145634793,1.4875894048550469e-08,1.5224499207360074e-10,5.122509767323265e-07,0.00013936717327839198,3.098130734179811e-08,0.0003520062140724755,0.0022596591524643413,0.00118643104445203,2.6677045972922763e-06,0.00027405325448572136,0.0009670656212945143,2.0898059815116193e-07,7.73275530424682e-06,3.753298857714549e-06,3.952456346174207e-05
23,3.2755804565813444e-07,9.235806886361954e-06,1.788453444023512e-06,9.588808203730729e-05,3.192163231649505e-06,0.9899567039707976,8.16547209400866e-09,4.008891231312542e-08,1.6288916403792406e-05,0.005546757190769506,1.3304847326374192e-08,2.1280884444783364e-10,6.267467027626316e-07,0.00016051628111183347,2.3735461231010818e-08,0.00039009910499365286,0.0015742207279604784,0.0007297114165763644,2.83202990714138e-06,0.0003234578682387391,0.0011418315915295194,1.517661611204081e-07,9.385089612408815e-06,4.277822051730483e-06,3.2621906036688e-05
24,3.825196342794395e-07,1.4153677778327511e-05,1.4556612831447814e-06,0.00015791473945443935,3.5249408954920814e-06,0.9869475781380338,8.557403277388506e-09,5.022160620380388e-08,1.640066146413371e-05,0.007499467856555342,1.529872431241087e-08,2.966034425108214e-10,7.706556584581299e-07,0.0003191813272564793,1.8444089168841524e-08,0.0004735327588427852,0.0019712909338792536,0.000959450859799992,3.0037214877142528e-06,0.0004717996389202926,0.0011072185580171458,1.72434239676736e-07,1.2615437668800758e-05,5.021368823989761e-06,3.497129187973196e-05
25,3.308427881287485e-07,1.4025186212364881e-05,1.685621321929373e-06,0.0002059003080750624,3.8709967726887085e-06,0.9857435976787408,1.1462577399548607e-08,1.1830516086505758e-07,1.5807205297795968e-05,0.007917438635639892,3.42288642505952e-08,4.286287519346753e-10,7.222217702206138e-07,0.00044632023835360947,2.204469569516546e-08,0.0005628142556183996,0.002298005164162893,0.0009257230408507112,4.449221513420107e-06,0.0005758267119611148,0.0012276735856360447,2.926584258886641e-07,2.1380084528962784e-05,6.9765005852362256e-06,2.6973371818073347e-05
26,4.5058458408681686e-07,6.960431713612384e-06,1.8471561077774473e-06,8.559590515607039e-05,3.2047937356609314e-06,0.992803928942386,5.533230238871597e-09,2.1713279546930987e-08,1.4699839446145238e-05,0.003623887509679682,1.366806772329944e-08,1.2950027756632915e-10,6.86027609994393e-07,9.949715593349116e-05,1.2294658478324988e-08,0.0002663686815981453,0.0014360830193537314,0.0007128341665074171,2.070771596854537e-06,0.00026007967741502693,0.000641651606794355,8.882433145310005e-08,8.844588370227636e-06,6.965054091961974e-06,2.4201924852140666e-05
27,3.4085518366323717e-07,8.914563254982516e-06,1.8617735514885131e-06,0.00010187740321485295,2.8855152009709147e-06,0.9895835060537512,8.310345256990913e-09,5.2099784720195276e-08,1.824189240154943e-05,0.005402828949296838,1.6103357948464385e-08,2.4735512464665166e-10,6.013469499198122e-07,0.0001669283622262079,3.0584767290413254e-08,0.0004492908249457059,0.0017708249859949687,0.0008700473388848497,3.3689130385758576e-06,0.0003169508943211778,0.0012560802741889568,2.277830291400021e-07,8.712170350521414e-06,4.495510755006671e-06,3.1907243849011626e-05
28,3.2755804565813444e-07,9.235806886361954e-06,1.788453444023512e-06,9.588808203730729e-05,3.192163231649505e-06,0.9899567039707976,8.16547209400866e-09,4.008891231312542e-08,1.6288916403792406e-05,0.005546757190769506,1.3304847326374192e-08,2.1280884444783364e-10,6.267467027626316e-07,0.00016051628111183347,2.3735461231010818e-08,0.00039009910499365286,0.0015742207279604784,0.0007297114165763644,2.83202990714138e-06,0.0003234578682387391,0.0011418315915295194,1.517661611204081e-07,9.385089612408815e-06,4.277822051730483e-06,3.2621906036688e-05
29,3.2755804565813444e-07,9.235806886361954e-06,1.788453444023512e-06,9.588808203730729e-05,3.192163231649505e-06,0.9899567039707976,8.16547209400866e-09,4.008891231312542e-08,1.6288916403792406e-05,0.005546757190769506,1.3304847326374192e-08,2.1280884444783364e-10,6.267467027626316e-07,0.00016051628111183347,2.3735461231010818e-08,0.00039009910499365286,0.0015742207279604784,0.0007297114165763644,2.83202990714138e-06,0.0003234578682387391,0.0011418315915295194,1.517661611204081e-07,9.385089612408815e-06,4.277822051730483e-06,3.2621906036688e-05
30,3.2755804565813444e-07,9.235806886361954e-06,1.788453444023512e-06,9.588808203730729e-05,3.192163231649505e-06,0.9899567039707976,8.16547209400866e-09,4.008891231312542e-08,1.6288916403792406e-05,0.005546757190769506,1.3304847326374192e-08,2.1280884444783364e-10,6.267467027626316e-07,0.00016051628111183347,2.3735461231010818e-08,0.00039009910499365286,0.0015742207279604784,0.0007297114165763644,2.83202990714138e-06,0.0003234578682387391,0.0011418315915295194,1.517661611204081e-07,9.385089612408815e-06,4.277822051730483e-06,3.2621906036688e-05
31,6.988399497667032e-07,1.1136658592328217e-05,3.3451476627472214e-06,0.00010537567927757423,4.276792257816479e-06,0.9861549528638682,1.511784472225153e-08,7.869403885494639e-08,1.399028280176856e-05,0.008794738343013564,1.5895877356664434e-08,2.5451267212783117e-10,7.958148565488925e-07,0.000215009551038793,2.3274241608090162e-08,0.00036657618920973883,0.0017418553962413345,0.0011156321075321564,3.4693768099008956e-06,0.0003391257069163834,0.0010673494794247395,1.4006317144733738e-07,1.1574547401062465e-05,4.464601952559281e-06,4.535932150641231e-05
32,3.294703308541486e-07,9.350455877759059e-06,1.7385869980569473e-06,8.891100599627775e-05,3.0867440221142735e-06,0.9901700662185439,7.943967943772207e-09,4.106686831067157e-08,1.609860234050542e-05,0.005461421359333909,1.3639367099494067e-08,2.0489495719592537e-10,6.036279948685925e-07,0.000151115508446088,2.4625251647552778e-08,0.00038160769518148476,0.0015438516307665965,0.0006998918064656029,3.2042413843813393e-06,0.0003048499223396084,0.0011198024663818492,1.5896754083525882e-07,9.050698837894574e-06,4.377793422736286e-06,3.039571744481806e-05
33,2.034380831447919e-07,6.582577854690204e-06,7.714348688073508e-07,0.00016968604579118356,2.7642962416578157e-06,0.9853989055890664,4.969047408230195e-09,7.355246264732165e-08,8.318773960453381e-06,0.006497723899100113,2.2319981320627892e-08,2.3664814623868323e-10,1.1414366662863986e-06,0.0004022080736833102,7.614913662935785e-09,0.000571317709196959,0.004354605154924702,0.0008773392671194308,3.13071305244832e-06,0.0006400620208745862,0.0010207256662015279,2.7587555722644445e-07,2.0792618024927076e-05,7.728739571809167e-06,1.5607977107025287e-05
34,3.695304484885817e-07,9.661472508258163e-06,1.8560377185492423e-06,8.60569621541614e-05,3.355421168812074e-06,0.9906842898329248,8.192265583716966e-09,3.9709092102780524e-08,1.8151106477631694e-05,0.004947611410504381,1.3603536208410435e-08,2.1171253539310932e-10,6.516302675167561e-07,0.00015086518247230026,2.521559566026037e-08,0.0003705658481781251,0.0015543977607459646,0.0007202830256302131,3.1565186693595024e-06,0.0002975562123505575,0.0011061641504043426,1.5085707337306837e-07,8.307556042334539e-06,4.305776821461707e-06,3.215677523719849e-05
35,9.00412948394108e-07,1.3871312806963586e-05,2.752740709416068e-06,0.00012398150071653793,4.12420321474996e-06,0.984561363801113,1.524954944701504e-08,7.062148330136696e-08,3.0151619074136575e-05,0.00835966485159263,1.4558350197287977e-08,3.519301085061176e-10,8.154783253980924e-07,0.00021039097218556789,3.5729620329414595e-08,0.00048296583426503034,0.002087216093199733,0.0021363789448434448,4.017633464459304e-06,0.00029398440086927696,0.0016191718166897271,2.8239912770068053e-07,7.0055926078724374e-06,4.661075089730939e-06,5.616280622285558e-05
36,7.568553218841453e-07,1.5688764135660515e-05,3.012024872782485e-06,0.0001893558527931418,4.454801512266883e-06,0.9803679489470205,1.994926393009544e-08,2.0118785548058325e-07,3.885620075125077e-05,0.008497434813627061,2.30025663765783e-08,1.1672485446029356e-09,2.4312440337351417e-06,0.00044258273492607747,6.908449526190044e-08,0.0012099748417989354,0.004169132385889837,0.001800691777573006,7.4641413207498226e-06,0.0007406993838529478,0.002430816299595471,6.867408015295474e-07,8.507945490960202e-06,5.242441025270254e-06,6.394741222732395e-05
37,6.500427767701469e-07,1.2708416210268101e-05,2.6288777185649407e-06,0.00014035505714068424,4.041123806804107e-06,0.9857220378458286,1.1862725800468262e-08,4.063544779070878e-08,1.6962991328968893e-05,0.009210882362154345,1.541274721848543e-08,2.437050037640788e-10,7.856697498928758e-07,0.00017273980640733326,1.632480267537615e-08,0.0003692238647906644,0.001592077094301707,0.0011671924444670947,3.0087618344704062e-06,0.0004140744565635918,0.0011086919003532017,1.3544498033222185e-07,1.4739768676099879e-05,8.248890653357372e-06,3.873070082919477e-05
38,4.1767640049426547e-07,7.3501503516337445e-06,2.2432526158607425e-06,3.811287917719266e-05,3.5739749256600072e-06,0.9933162026616829,8.897756672089052e-09,2.443609085158935e-08,1.4776055894051684e-05,0.0043726370930210565,9.351779440793357e-09,1.0613376210868824e-10,3.9311773777588775e-07,7.320970038524188e-05,2.9113255544232217e-08,0.00030747245725308206,0.0007092554544368983,0.0004040291824062932,2.751621450108624e-06,0.00017192675716834848,0.0005369642847083214,7.206312822139049e-08,5.1616095274592284e-06,3.2758112611737084e-06,3.010229145215776e-05
39,3.0091794063648964e-07,8.071030325016772e-06,1.794650428840239e-06,8.838248247322074e-05,2.927907537724132e-06,0.9903172490143709,7.654496459354976e-09,3.8727013729617724e-08,1.5368652220892795e-05,0.005264894140683127,1.233234720614807e-08,1.9779979083160272e-10,6.311599885593718e-07,0.00013851267545611495,2.354141894745729e-08,0.0003828315883726723,0.0015807896125445966,0.0006802401877933796,2.800755925958243e-06,0.0003042533413585665,0.001166953827389733,1.5079198766029365e-07,8.83095133815204e-06,4.1226748143704675e-06,3.081118397393927e-05
40,2.7683951970514824e-07,9.531399325500657e-06,1.1554517318661716e-06,0.0001606072539615216,3.090366206357485e-06,0.9850281521297967,6.782454141705132e-09,4.924635559223908e-08,1.1434815717904543e-05,0.008488857075716824,1.486745582488012e-08,1.7625514495804494e-10,6.18921412648895e-07,0.0002022684085485964,1.3461024917228703e-08,0.0005688869014105731,0.0026324456238280202,0.0009918373603652593,2.7955619200141174e-06,0.0005555438788423308,0.0012988833870874958,1.7504971836065038e-07,1.2966098339693475e-05,5.910485286498315e-06,2.4478457718558786e-05
41,2.0142857961738392e-07,7.32827173203875e-06,1.276334450962161e-06,0.00010860274746364216,1.4817835066028573e-06,0.9886166881171519,5.7490150217835265e-09,4.095999524219789e-08,8.509923729794645e-06,0.007125813842170198,1.2821174746473368e-08,1.8896380851290286e-10,3.8813115835955303e-07,0.00020124147643864722,1.3735023425944637e-08,0.0002844543548679479,0.0013818171156969646,0.0007307870935932936,2.9864497825194034e-06,0.000252261583439938,0.0012375450219532559,1.6054585360720966e-07,1.1089470803567234e-05,4.101143355369808e-06,2.3191710099633275e-05
42,2.3011842115974558e-07,6.72227392028673e-06,2.3190234753924205e-06,0.0001172418257802463,1.5845450369066746e-06,0.9856000342938124,9.03596393564741e-09,9.620302375813632e-08,1.5440730483316344e-05,0.008097396936398224,1.3303236017098059e-08,3.396915449379731e-10,7.824199276286775e-07,0.0001237347505501341,3.9533815252665176e-08,0.0008174299359428486,0.0019299195392765488,0.000749398253073096,5.218581519063858e-06,0.00038921417686838916,0.0021060506719948247,3.7271256703511555e-07,7.164739355659303e-06,4.46340247820707e-06,2.5122653388044944e-05
43,0.0003605000303760809,0.00044702913106620205,7.460306820118074e-05,0.0008017102100711475,0.0006542658503506979,0.9785993045244596,2.920482275265847e-07,8.921848282976155e-08,0.0025047293235097956,0.00010391367322115945,9.439542134214551e-07,3.910161879322262e-08,2.703073022767237e-05,0.005239090926975269,3.2930660918212856e-07,0.0002692337867913056,0.003985177681974156,0.0037314959819682745,3.7670846064753847e-06,0.000687660401639516,0.00010832377313157296,4.741904881770745e-08,1.2423326339059704e-05,2.368358935469505e-05,0.0023643158575353145
44,3.2755804565813444e-07,9.235806886361954e-06,1.788453444023512e-06,9.588808203730729e-05,3.192163231649505e-06,0.9899567039707976,8.16547209400866e-09,4.008891231312542e-08,1.6288916403792406e-05,0.005546757190769506,1.3304847326374192e-08,2.1280884444783364e-10,6.267467027626316e-07,0.00016051628111183347,2.3735461231010818e-08,0.00039009910499365286,0.0015742207279604784,0.0007297114165763644,2.83202990714138e-06,0.0003234578682387391,0.0011418315915295194,1.517661611204081e-07,9.385089612408815e-06,4.277822051730483e-06,3.2621906036688e-05
45,3.3763520747651456e-07,7.652798683493452e-06,2.254340287290302e-06,8.958042442081107e-05,2.8220224749482007e-06,0.9904383214872873,8.490911126472702e-09,5.1442515548178515e-08,1.7465914261675054e-05,0.005272701430841293,1.431974235729298e-08,2.1137182934722111e-10,6.154374245167181e-07,0.00011692267159626806,3.4931469271276923e-08,0.0004919496193590106,0.0014752290136508203,0.0007018866254901337,3.210049974990547e-06,0.0003164286443085099,0.001019923495767564,1.8625873540533864e-07,7.607939538246996e-06,4.36707587336289e-06,3.0427718806843205e-05
46,5.155864062632047e-07,1.6572710782626184e-05,2.4570603527396346e-06,9.493960005474195e-05,4.890210882336415e-06,0.9873537119127939,1.510071072908634e-08,4.58436157152077e-08,2.4300576160966516e-05,0.008601977080743074,1.340157919329523e-08,2.5814289667104874e-10,5.118155059766308e-07,0.00019740350228667703,3.226797432471374e-08,0.0004485550920072534,0.000941133797362166,0.0008230997576330875,3.219039134926047e-06,0.0003282614574014954,0.0011000004833502234,1.2575330525328717e-07,9.183250559161137e-06,4.166423947069874e-06,4.486801730750723e-05
47,2.8665163437350605e-07,8.887348184481699e-06,1.731710051161568e-06,9.301045278393234e-05,2.945145341488286e-06,0.9909776299043115,7.570883878486511e-09,3.918133252830224e-08,1.3615894061665232e-05,0.005207561224017497,1.445321019118952e-08,1.7837247575486315e-10,4.697911722425959e-07,0.0001619574668518294,1.9968096104481042e-08,0.0003103229446766526,0.0013315129467307148,0.0006275040726980513,2.6317638215915575e-06,0.0002757797050114156,0.0009413050799906412,1.266885651174695e-07,1.0432674420716033e-05,4.085326646193192e-06,2.8121857133311468e-05
48,8.97220161922112e-07,1.2652678290149006e-05,5.913894777830022e-06,0.0002115619754717663,9.809583416533754e-06,0.9810320626314031,3.311921284368303e-08,6.25723069487662e-08,5.216475388898754e-05,0.008343818575394206,1.5879976330814706e-08,1.0061251871365768e-09,1.948167564894555e-06,0.00028851540543957063,1.1896247493583316e-07,0.0008863133337878168,0.002793943528443857,0.0023923106083787787,1.4662482724434626e-06,0.0008084341599145785,0.002897784810059503,2.988235626025165e-07,1.3297802105309562e-05,3.750837412835736e-06,0.00024282342215729832
49,2.5575904231256657e-07,7.627003294843129e-06,1.9642708938697315e-06,0.00011359103856442978,2.265934592033566e-06,0.9897207706508446,7.847358543599177e-09,3.9534068389463516e-08,1.3581999588223703e-05,0.0059316942867568435,1.3126404132374836e-08,2.480602808199976e-10,6.404521315995979e-07,0.00016015635315249144,2.081803397302566e-08,0.0003548518341943688,0.0013701799386749733,0.0006897056844128878,2.5303172641402937e-06,0.00030920529214016547,0.001274537344763222,1.5099915285157702e-07,1.0766719144548846e-05,4.5583633909746755e-06,3.088418407530213e-05
50,5.76889299730395e-07,1.5748599237104923e-05,3.3964058697582734e-06,0.00011127907472300189,5.523753154963702e-06,0.9722415634235639,3.8309360712795495e-08,1.3231068740548672e-07,1.2181438977945698e-05,0.022216826958403543,1.6590840483583353e-08,4.2576431016122195e-10,6.576570525540479e-07,0.0003669177502151212,3.529037092591952e-08,0.0004895272622830873,0.001444600023401377,0.0010807408633553247,4.587395868634424e-06,0.00041025917574158524,0.0015027451601644117,1.9439846877403673e-07,1.8174879546289912e-05,3.61547874802778e-06,7.066048490129905e-05
51,2.737340840846795e-07,4.76445953199034e-06,2.0212742350940273e-06,6.292217725258814e-05,4.507737893307271e-06,0.9909183111940865,9.351619702701879e-09,2.75553553317896e-08,1.4227056622345755e-05,0.004795681954712588,1.0880197794402544e-08,1.6036621346169131e-10,8.543481182985286e-07,9.188934187481692e-05,2.453372956677843e-08,0.0004604051405436495,0.0016021775429863794,0.0005319309695786927,1.7690492675080955e-06,0.0003653586340797677,0.0010908396305470702,1.0859145826720651e-07,9.832154080948577e-06,4.3303862692122115e-06,3.7722141508700376e-05
52,3.003350786472878e-07,1.1457148831129936e-05,2.0473561147595975e-06,0.0001283384881952533,3.4222035934806106e-06,0.9890506542288257,1.0956634843754206e-08,4.654308592569675e-08,1.8053159322789348e-05,0.006116728964410103,1.4212164955039868e-08,3.130969747884803e-10,7.45893849557849e-07,0.00018039273109216622,2.380145234195251e-08,0.0004407170725517189,0.0015074436368760309,0.0006005513738195597,3.0943164354699116e-06,0.00035676764140776714,0.0015290710471596992,1.5326300009225688e-07,1.1605293025493433e-05,4.7905935000429785e-06,3.356942647538597e-05
53,4.524566959419107e-07,1.4434825769722606e-05,3.893644352340166e-06,0.00016136155306488643,8.97728797284964e-06,0.9814188899387918,4.0136045133580756e-08,1.0100053205054782e-07,2.538624817026761e-05,0.012135824773197334,2.453325217051435e-08,6.249584920342195e-10,1.1332408633472864e-06,0.0002738608759491602,5.114696814729591e-08,0.0007391560178900376,0.001632697610672632,0.0008295099904535344,3.3148364884231783e-06,0.0007029334246594827,0.0019478716541583801,2.0704623976023833e-07,2.2738137946195965e-05,6.021859377480627e-06,7.111713553064879e-05
54,2.2636157872461342e-07,3.896124942161649e-06,1.6788777602593947e-06,0.00015238346354382317,3.193303744519017e-06,0.9870934679388567,6.964741021328226e-09,6.292212666150235e-08,1.4637937178763412e-05,0.004476002148274175,2.3843959823033313e-08,2.1061591223919955e-10,1.2153240112489159e-06,0.00011729793654851672,1.386819451501552e-08,0.0005238713113218413,0.004130956787977408,0.001087886515773806,2.4904207579889132e-06,0.0005448760019446876,0.0018024028398273954,2.675364374743189e-07,1.4480279102674364e-05,9.26357373896813e-06,1.9397507040728093e-05
55,1.9521021414242398e-07,6.7935708540172075e-06,1.2944024300036378e-06,6.236227421328314e-05,2.6415925229855093e-06,0.9899452412639393,6.060502636912448e-09,4.453842704738852e-08,5.516965592915517e-06,0.006708225028781614,1.5088964699130177e-08,8.955633756426606e-11,2.309729615693103e-07,0.0001655611826442021,1.8183250472206093e-08,0.00026972056006633184,0.0014212457243483747,0.0004794737017435713,2.4734403251470373e-06,0.0002616730860952019,0.0006269536171001205,1.161865681560298e-07,1.3554207965374921e-05,2.8521611053380786e-06,2.3790889826852387e-05
56,3.5730408842094447e-07,9.445489850159145e-06,1.951539614238811e-06,0.00010254415584355086,3.414508047032917e-06,0.9897344300634562,9.05594619948322e-09,4.3320349563411584e-08,1.759630410578906e-05,0.005450659246252358,1.4496735260164031e-08,2.594211040691231e-10,7.873011252230935e-07,0.00017208075708179967,2.4702542095964488e-08,0.0004020639405684963,0.0017072501088144754,0.0007582432434207,3.0191123399712148e-06,0.00035096393446232797,0.001235323727033643,1.6089485638408708e-07,9.900168850035172e-06,4.705151690636259e-06,3.501121350458685e-05
57,3.7289409624444887e-07,1.1510402771543948e-05,2.1774969847171447e-06,0.0001373164753098066,3.775963369224402e-06,0.9853060620068511,1.2415887278048192e-08,6.845870924181189e-08,2.278741441827137e-05,0.007615856653685938,1.4423653029045791e-08,4.842865276250941e-10,1.5018538165429286e-06,0.0002216229660295328,3.260608719207491e-08,0.0007030232072382915,0.0024690805788125827,0.0008655096905399806,4.214122310047705e-06,0.0005809560902909138,0.0019956711096271074,2.637263364057685e-07,1.0871142962044267e-05,5.341729278879003e-06,4.19560866473775e-05
58,3.4539228212318513e-07,8.607762532550085e-06,1.8681596127525375e-06,9.923291699269322e-05,3.0544929138329656e-06,0.9907999086259639,8.10470483288556e-09,3.822935542777741e-08,1.6841683379677367e-05,0.004952166236519058,1.4414084060991649e-08,2.3068688861129701e-10,7.159390489754235e-07,0.00015092230113190408,2.053484397212839e-08,0.00037151729365812665,0.001437153750565061,0.0006892246285487998,2.936940036233167e-06,0.00030643857273033123,0.001115060962334562,1.403015067451694e-07,9.478606845989725e-06,5.3190815903801475e-06,2.898483813120981e-05
59,3.1054471630485783e-07,8.291452465116576e-06,1.9789399112560926e-06,9.736342319186639e-05,2.879587377124825e-06,0.990834085457636,7.93736206144488e-09,3.837434031850936e-08,1.589644950326693e-05,0.00514473661891506,1.4203873037443293e-08,2.069593951748202e-10,6.158774236476014e-07,0.0001315732778707341,2.1861367611867442e-08,0.0003856736280194881,0.0013017844840379571,0.0006326885854547939,2.821041409652344e-06,0.0003050703659613802,0.0010922751254602492,1.3588389614923635e-07,9.38833930616448e-06,5.169932790536666e-06,2.717840075055157e-05
60,3.2755804565813444e-07,9.235806886361954e-06,1.788453444023512e-06,9.588808203730729e-05,3.192163231649505e-06,0.9899567039707976,8.16547209400866e-09,4.008891231312542e-08,1.6288916403792406e-05,0.005546757190769506,1.3304847326374192e-08,2.1280884444783364e-10,6.267467027626316e-07,0.00016051628111183347,2.3735461231010818e-08,0.00039009910499365286,0.0015742207279604784,0.0007297114165763644,2.83202990714138e-06,0.0003234578682387391,0.0011418315915295194,1.517661611204081e-07,9.385089612408815e-06,4.277822051730483e-06,3.2621906036688e-05
61,3.2356941520258844e-07,8.53583478615372e-06,2.0584915139463076e-06,9.781119031616397e-05,3.003500829967522e-06,0.9905207204438552,8.63358711248448e-09,3.989033719362022e-08,1.592381865940595e-05,0.00536990788257424,1.4543978302489477e-08,2.1640058027833598e-10,6.346978681781821e-07,0.0001353420060440115,2.2847390529928265e-08,0.0003729836647851716,0.001346224111910838,0.0006584401618427462,2.8818863293241186e-06,0.0003011032405742414,0.0011197676917891583,1.4160918838468287e-07,9.83718755602322e-06,5.120477416307773e-06,2.9152401051450646e-05
62,3.2755804565813444e-07,9.235806886361954e-06,1.788453444023512e-06,9.588808203730729e-05,3.192163231649505e-06,0.9899567039707976,8.16547209400866e-09,4.008891231312542e-08,1.6288916403792406e-05,0.005546757190769506,1.3304847326374192e-08,2.1280884444783364e-10,6.267467027626316e-07,0.00016051628111183347,2.3735461231010818e-08,0.00039009910499365286,0.0015742207279604784,0.0007297114165763644,2.83202990714138e-06,0.0003234578682387391,0.0011418315915295194,1.517661611204081e-07,9.385089612408815e-06,4.277822051730483e-06,3.2621906036688e-05
63,3.451314887446267e-07,1.0819786109203678e-05,1.8299671724245268e-06,9.734149545351791e-05,3.314546522916344e-06,0.9899057210313819,8.551942830449242e-09,4.104181111885775e-08,1.6683607709309005e-05,0.00571933684319029,1.3911018602614214e-08,2.2161888111281598e-10,5.996490807027712e-07,0.00016768392529869234,2.4764103019261925e-08,0.0003838322834565946,0.001494455353499005,0.0006955005154807844,3.1057048378895128e-06,0.00031577980446923024,0.0011368801990885883,1.5139955188977757e-07,9.6743776615622e-06,4.340403752397188e-06,3.251548430006468e-05
64,2.9981884463619065e-07,9.118817706436858e-06,1.9432094391000383e-06,0.00010572792692954912,3.0315113383485557e-06,0.9891518942630054,9.186769856760109e-09,4.13330074324014e-08,1.7217848281871763e-05,0.005894949200935251,1.2912000278933101e-08,2.747580069698379e-10,7.319542230664847e-07,0.00016456200466088617,2.497472295561964e-08,0.00041425972660922856,0.0015785571363611305,0.0007133961939598479,2.8784663627320493e-06,0.000331504714640603,0.0015597896859825254,1.7056214852738158e-07,1.0313991171789637e-05,4.4895109213310875e-06,3.5074775219145465e-05
65,4.801134630369295e-07,9.32737358204101e-06,1.2989793525132317e-06,7.469810408093916e-05,3.6645685341076744e-06,0.9939055750020833,4.301799953592353e-09,1.929868967613505e-08,4.218567412505213e-05,0.001787209171668755,1.467303940199051e-08,1.8520633395399585e-10,8.650334578731358e-07,0.0001046631102764389,2.4201585485463855e-08,0.00038356158323862855,0.0017861497727064922,0.0007891424344665892,2.996473231528189e-06,0.00023505545961189058,0.0008393874597359704,1.6470456150812902e-07,4.049076194809815e-06,5.867903340899096e-06,2.3595341966785313e-05
66,3.3227245574716555e-07,9.580276450410884e-06,1.7799218211592972e-06,0.00010040633719949333,3.125823818222798e-06,0.9898154182704656,8.2844806360965e-09,4.186816783069764e-08,1.6652988196544555e-05,0.0056324802522309085,1.3486244309570861e-08,2.2418689170034872e-10,6.185528884668894e-07,0.00017140857610271128,2.4078559903358863e-08,0.00039553967704094456,0.0015776185595622748,0.0007539066866187427,2.8838296680146764e-06,0.000321758102547794,0.0011495375279086764,1.5839132378370766e-07,9.36414748603618e-06,4.2230908407725644e-06,3.311877373416396e-05
67,1.7666853831920348e-06,5.3038554661625246e-05,5.001794550257555e-06,9.657879414732957e-05,1.1056400732434905e-05,0.981608541204635,4.621830673599875e-08,1.3724536110943287e-07,8.171779767791696e-05,0.011687807720619642,2.582255262896849e-08,5.805689867648255e-10,5.490727253048162e-07,0.00019531354883912103,1.7153362797307717e-07,0.0008355162166992259,0.001636808165665692,0.0015618282880211147,1.2125664515236625e-05,0.0003376276969012558,0.0017778738095172082,5.305757602566407e-07,6.693140861874539e-06,4.808706783235725e-06,8.443476088545787e-05
68,3.4226477249231884e-07,1.0046170996038814e-05,1.480305473663875e-06,6.267329764483005e-05,4.626768687669196e-06,0.9913661923603876,8.19003640074634e-09,3.72952596495051e-08,1.724149565694548e-05,0.00443817336814661,1.4806043333179243e-08,1.7770240288544116e-10,6.231220593969248e-07,0.00014296133206432576,3.832847323078585e-08,0.0004123572289378518,0.0017829790788134125,0.0005570177963139123,3.4583214554067054e-06,0.00035328002112186536,0.000798627770780571,1.5924125395567658e-07,8.24421877109537e-06,3.7399532526057323e-06,3.56770858949102e-05
69,3.857994040795487e-07,9.828290072670216e-06,1.7745785719426371e-06,8.886079573247156e-05,3.2231120426930122e-06,0.9899333595753624,8.264175449333816e-09,3.9195061295186705e-08,1.801266459020808e-05,0.005483663452562335,1.2151962860992247e-08,2.0653416886878298e-10,5.864237289359309e-07,0.00016891374097790482,2.561689814900581e-08,0.00037928427995377915,0.0016380205703511862,0.0008633149111993234,2.835216568818617e-06,0.00028182888514207284,0.0010778042603460732,1.6192026513128737e-07,7.653047446554257e-06,3.6198098112566605e-06,3.678323123796814e-05
70,2.5917524197540774e-07,7.717570386620886e-06,1.4570553230986692e-06,7.452219631838057e-05,2.150135883613928e-06,0.992047834725206,6.777239711946157e-09,2.868575817499046e-08,1.264531999454036e-05,0.004531082135567876,1.3177110101161752e-08,1.662969574845135e-10,3.750506790583626e-07,0.00012375335551336738,1.6445193002419683e-08,0.00025787059130837525,0.0010782242573491568,0.0005383346512319874,3.107496907142412e-06,0.00017264660816459555,0.0011126102581099303,1.2466245120422348e-07,8.044818619443636e-06,4.437929328798788e-06,2.273675481689933e-05
