,0,1,2,3,4,5,6,7,8,9,10,11,12,13,14,15,16,17,18,19,20,21,22,23,24
0,3.230327599396115e-06,0.00013447622387783372,6.523697164871533e-06,0.00016501234032759924,6.901453378376164e-06,0.9790156441312382,5.869208400890705e-08,8.019175757241445e-08,0.00015591456921218685,0.01582064487558887,1.9575955009818788e-08,8.861875004160867e-10,2.371415796190962e-07,0.00037873100068966733,8.140972981453648e-08,0.000503217293174557,0.00031416654500648715,0.001906269102545719,1.0398571508409522e-05,0.00015217842476765434,0.0013317967924419926,2.3481587650303672e-07,5.524523883580259e-06,5.7651482508908715e-06,8.289226617379269e-05
1,3.06208823230942e-06,0.0001253118867537778,7.401776413097829e-06,0.00011489119618469263,6.7116717627214395e-06,0.9803085272595845,5.5969926080702745e-08,8.256035315653569e-08,0.00020841280925320313,0.014880389289814527,1.477829294721956e-08,7.698460773726677e-10,2.8131084258647614e-07,0.0002250884663204488,1.099390175138131e-07,0.0007701355415392544,0.0002652681384740627,0.0014515922654723635,1.3340929534700696e-05,0.00015906342320961916,0.0013857888826420263,2.3439759487649878e-07,3.165746574231209e-06,5.340651091697573e-06,6.572825126961547e-05
2,4.09209438124891e-06,0.00017450943968187171,5.9727152398829526e-06,0.00012133796456308418,1.533301517939748e-05,0.9801806990677262,7.459426689962566e-08,9.62786502348674e-08,0.0002371171149217773,0.013964053295249745,2.246497738736576e-08,9.659140533457734e-10,3.4483931416057305e-07,0.00042382003378514346,1.799650724865071e-07,0.0007233158769439762,0.0004269678808543434,0.0019942775338561793,1.2073238193683032e-05,0.00024527152984561094,0.0013385727375951834,2.759938466216762e-07,4.864255907863739e-06,4.894693815428483e-06,0.00012183241021742365
3,2.9149261022631383e-06,0.00012175108430081364,5.808739467149447e-06,0.00013769573977164744,7.431617861663982e-06,0.9824600989772238,5.13182502556215e-08,7.767787241925063e-08,0.00016888513827009537,0.012598955697493787,1.9263637754982882e-08,7.920119332971846e-10,2.631705876897944e-07,0.0003244666038454011,8.999030874088476e-08,0.0005514478675961012,0.00034892596207249587,0.0016757746283124868,1.0945714287405034e-05,0.00015727127010091668,0.0013435085920669991,2.3876296898199565e-07,4.52194283618188e-06,5.450805915157436e-06,7.34037168377677e-05
4,3.181294758105106e-06,0.00012843981679912855,6.137045126407427e-06,0.00015325061307703688,7.85955878433008e-06,0.9826651253281891,5.4759677245476833e-08,7.958706611055185e-08,0.0001978789552698617,0.011946978504531297,2.0921231742518644e-08,1.036539259473681e-09,3.494498146256681e-07,0.00035211426586700544,9.429875897178702e-08,0.0005659202169111344,0.0003900463567415632,0.0017774399120553423,1.1813718679248537e-05,0.00016974939391045443,0.0015323900177483074,2.741434587980965e-07,4.92799491542451e-06,6.286827253414269e-06,7.958598283597811e-05
5,3.272851226555916e-06,0.0001248278304629741,5.751407233515281e-06,0.00020340918429456238,6.2447546844296704e-06,0.9793290278343023,5.054058646722603e-08,7.733042501278834e-08,0.00017096505783328295,0.014575242011081237,2.012515866021239e-08,1.0391511448967125e-09,3.0755241933314617e-07,0.00041123285228391286,8.019147857894606e-08,0.000566435470725875,0.0003981555051349952,0.002433491671917724,9.9547356428153e-06,0.00017467025489536155,0.0014899773719131643,2.867960845952553e-07,5.151044958767843e-06,6.527448427651204e-06,8.483913767697e-05
6,2.9149261022631383e-06,0.00012175108430081364,5.808739467149447e-06,0.00013769573977164744,7.431617861663982e-06,0.9824600989772238,5.13182502556215e-08,7.767787241925063e-08,0.00016888513827009537,0.012598955697493787,1.9263637754982882e-08,7.920119332971846e-10,2.631705876897944e-07,0.0003244666038454011,8.999030874088476e-08,0.0005514478675961012,0.00034892596207249587,0.0016757746283124868,1.0945714287405034e-05,0.00015727127010091668,0.0013435085920669991,2.3876296898199565e-07,4.52194283618188e-06,5.450805915157436e-06,7.34037168377677e-05
7,4.4314169235208305e-06,0.00012809381083672024,9.407422976659825e-06,0.0001257256092504416,7.5831715713415525e-06,0.9808412447719058,6.346006182639525e-08,8.274346837268501e-08,0.00015439859262549616,0.014694627665046811,1.950823524993548e-08,8.013424142144099e-10,3.0969187654359826e-07,0.00027520715951848764,7.141312773571919e-08,0.0004361307244524671,0.00030397796404741273,0.0016226565290441656,1.3007800777689876e-05,0.00014550812571041273,0.001150581496638747,1.878070837137208e-07,5.253757467284564e-06,7.001863582114553e-06,7.442669242837001e-05
8,3.501996736388057e-06,0.0001978300331702343,9.833645984135672e-06,0.00023591771511551212,6.836678432642056e-06,0.9722576940206271,7.587875624269249e-08,8.593722575743675e-08,0.00010210049863314973,0.02374277458868321,2.1636646915296524e-08,1.0003238196837322e-09,2.1767651921390817e-07,0.0004638229183900917,4.3706694744524554e-08,0.0003555878574951203,0.00020664476488930177,0.0011624482321057098,1.0649183502929466e-05,0.00017640870898031586,0.0009710198817986656,1.2464914467518707e-07,1.2698484032079614e-05,8.15452735135041e-06,7.550577876074657e-05
9,2.432325675274878e-06,0.00016015872853716138,9.695262747623964e-06,0.00028604146341874436,4.63825585197416e-06,0.9704476024441723,6.899525308314392e-08,7.224917770973855e-08,0.00012839143299332723,0.024506807024612692,1.6227669241556358e-08,1.3284024804765941e-09,2.9137751952615257e-07,0.0003616050104694606,5.1654303067643655e-08,0.0005298616552875494,0.0002239982983393381,0.00128967002629142,9.559048967218722e-06,0.0001982579457475636,0.0017475720282441513,1.6915836938220035e-07,8.627745064556364e-06,8.036520125238727e-06,7.637379275984972e-05
10,2.9149261022631383e-06,0.00012175108430081364,5.808739467149447e-06,0.00013769573977164744,7.431617861663982e-06,0.9824600989772238,5.13182502556215e-08,7.767787241925063e-08,0.00016888513827009537,0.012598955697493787,1.9263637754982882e-08,7.920119332971846e-10,2.631705876897944e-07,0.0003244666038454011,8.999030874088476e-08,0.0005514478675961012,0.00034892596207249587,0.0016757746283124868,1.0945714287405034e-05,0.00015727127010091668,0.0013435085920669991,2.3876296898199565e-07,4.52194283618188e-06,5.450805915157436e-06,7.34037168377677e-05
11,3.089663916535336e-06,0.0001251734739710237,6.214971642979564e-06,0.0001483054569175511,8.010584326870665e-06,0.9821662982715392,5.4997749999297783e-08,8.127722210185586e-08,0.0001814155112032857,0.012651697868708428,2.0547597551799554e-08,9.269831972204026e-10,3.324235842195552e-07,0.0003323286759953173,9.257635422819902e-08,0.0005791667426679095,0.0003822178593631603,0.001699607815171388,1.1538327672850388e-05,0.00017626457023232791,0.001439825605465236,2.554216086663759e-07,5.011400680969047e-06,6.191302270505001e-06,7.680372715449e-05
12,4.022184034952897e-06,0.00011429660178510698,3.811622457617806e-05,0.00017822855270592088,4.296534430459066e-06,0.9760541559783336,2.109325744883114e-07,4.964036990220023e-07,0.0003571883343268779,0.017598990395108226,6.010088932718417e-08,3.887425863043354e-09,4.509065506471021e-07,9.370706147691293e-05,3.140844638765018e-07,0.0020187070749556175,0.00011091550285335979,0.0009730248145819984,7.156930118811071e-05,0.0001491146784703782,0.002170441004794001,5.058887771576823e-07,3.851870616920784e-06,2.2913294703532894e-05,3.441838667763946e-05
13,2.273240180335846e-06,0.00010137087224123321,5.853314944933994e-06,0.0002686248346397922,8.040484024494858e-06,0.9847688714824677,6.042434145590109e-08,1.8647690065963232e-07,0.00016619211250845563,0.008317228965228247,7.338622922596922e-08,2.178268797274353e-09,4.0759164197292945e-07,0.0010219872115695434,8.990812797569276e-08,0.00048569850619451963,0.0005063428733656014,0.002192559817115249,1.1515870626743383e-05,0.00020791212335546095,0.0018461142287077394,4.2643298720059765e-07,1.0233261777186659e-05,8.330927878310251e-06,6.960347467716146e-05
14,2.9718824054687407e-06,0.00012615314533294915,5.745111209561176e-06,0.00013855357491760175,7.649414603374348e-06,0.982133864013577,5.2360289244621146e-08,7.873438755980656e-08,0.0001692152361538119,0.012900835982401795,1.9601297765734106e-08,7.950894056309073e-10,2.6202997785631833e-07,0.0003334503533213345,8.996113239767044e-08,0.0005563771472989455,0.00034989111120355387,0.001690754873581656,1.1141432585747797e-05,0.00015958859260857566,0.0013292893395296392,2.39125211089409e-07,4.584934621908275e-06,5.507188270564492e-06,7.368405899113204e-05
15,2.9149261022631383e-06,0.00012175108430081364,5.808739467149447e-06,0.00013769573977164744,7.431617861663982e-06,0.9824600989772238,5.13182502556215e-08,7.767787241925063e-08,0.00016888513827009537,0.012598955697493787,1.9263637754982882e-08,7.920119332971846e-10,2.631705876897944e-07,0.0003244666038454011,8.999030874088476e-08,0.0005514478675961012,0.00034892596207249587,0.0016757746283124868,1.0945714287405034e-05,0.00015727127010091668,0.0013435085920669991,2.3876296898199565e-07,4.52194283618188e-06,5.450805915157436e-06,7.34037168377677e-05
16,3.2377978811124944e-06,0.00017065172098756407,5.867187115987277e-06,0.00020306007474650258,8.417900782412571e-06,0.9648332371803041,8.699948898736784e-08,1.377379147656334e-07,0.00021264159270704172,0.025880281706669738,2.0273419435891112e-08,1.8658084743390704e-09,4.3100159844582865e-07,0.0005853243543386399,1.420638117041871e-07,0.001030332454837023,0.0005271686912369242,0.0029194361495003163,1.5756691323652038e-05,0.00026553292466015337,0.0032079097914947193,5.3855522182012e-07,5.5961993229324695e-06,5.8310638465763774e-06,0.00011835802098129645
17,3.059801173852872e-06,0.00014749823279586391,4.595326076841587e-06,0.00023207673670107602,1.1262848471371426e-05,0.9770451693349457,6.269537049301522e-08,1.1218607653304672e-07,0.00018059311766653369,0.014925734703514734,2.843303837853476e-08,1.649526528869877e-09,5.626091331595835e-07,0.0007991492889146888,9.155132090276173e-08,0.0006904589249187999,0.000791570859973837,0.0026053882155331765,1.1070494700467164e-05,0.0003085575517371998,0.002115192587418714,4.253660693377187e-07,9.17125924295185e-06,6.781230722142565e-06,0.00011138499495653683
18,4.2021058071100274e-06,0.00011986346746739555,4.894805973832872e-06,0.00015890336694242792,1.1546822249697816e-05,0.9737167504304357,6.623676711672671e-08,7.321948923300439e-08,0.00017368038677299607,0.01672920601161421,1.791006807275006e-08,1.2156815988111805e-09,4.90496653740761e-07,0.0006461886446970399,9.987578137600436e-08,0.0005447079879977734,0.0008841249002112555,0.004283528428117322,8.116740935896223e-06,0.0002340871774267092,0.002280783442672044,3.744158375685808e-07,5.856239014368678e-06,4.417619227254226e-06,0.00018801805215809864
19,3.850369798015065e-06,0.00019184873003302153,1.045281907673778e-05,0.0002545251024334829,8.91445423276696e-06,0.9715161397181418,1.1412154478879403e-07,1.3287964420893636e-07,0.0002830815670500131,0.020959900191127364,2.2606995940757e-08,2.1148499870074232e-09,4.4628976000163555e-07,0.00042999361801927604,1.4029925617633988e-07,0.0009231913848826319,0.0004001402354661227,0.0021522161418759595,1.4494460552107688e-05,0.00022869197107175978,0.0024955751281794157,4.1819944162297797e-07,6.095796391004202e-06,7.145549587937359e-06,0.00011246625058764478
20,3.036067745824918e-06,0.00011810123488224648,7.735047553297716e-06,0.00017475454764355678,6.928747650410378e-06,0.9779550333018269,7.380839425926718e-08,1.915802587202e-07,0.00020385142804025717,0.015040979357585714,2.9227505104389743e-08,1.3796879832839911e-09,2.914809178077712e-07,0.00040249577511538025,2.0852275442622897e-07,0.000906844795450483,0.00045244742285914963,0.0024217032616004473,1.5616365680435572e-05,0.0001905115934366948,0.002000034605833812,5.556360600207075e-07,4.22647727511395e-06,5.11145231900295e-06,8.923688192286254e-05
21,3.544927245653566e-06,0.00020367095220315338,6.8939493888733835e-06,0.00029693084663377783,7.995818152103864e-06,0.9675571763420634,8.290203144431852e-08,1.4807560567208047e-07,0.00027621911478232066,0.02431304405025894,2.1997907742058033e-08,1.9834234163570917e-09,4.141977553109813e-07,0.0006811698786618756,1.0735240979776199e-07,0.0012897042779818292,0.00033627632753672256,0.0025666175109615077,1.3163398349124417e-05,0.0002936065985437177,0.0020513198512924426,3.832084032759402e-07,5.42329345848586e-06,7.1838988270632505e-06,8.88992461225541e-05
22,3.325934755835942e-06,7.413436694492438e-05,4.94274613324224e-06,9.757077329908129e-05,6.423971473489734e-06,0.9857309480023593,3.146530685866553e-08,6.31661787269971e-08,0.00013933740804717023,0.008978742736602128,1.9629664732718155e-08,4.44178625994239e-10,1.976077450845949e-07,0.0002447688727179899,9.831158396170821e-08,0.00044751095393696065,0.0004446272982729952,0.0026065722838077023,8.300093867583721e-06,0.00011227739400771123,0.0010193399616655566,2.7403048806486435e-07,3.1193372085221084e-06,4.415686777305504e-06,7.295752297650153e-05
23,2.9149261022631383e-06,0.00012175108430081364,5.808739467149447e-06,0.00013769573977164744,7.431617861663982e-06,0.9824600989772238,5.13182502556215e-08,7.767787241925063e-08,0.00016888513827009537,0.012598955697493787,1.9263637754982882e-08,7.920119332971846e-10,2.631705876897944e-07,0.0003244666038454011,8.999030874088476e-08,0.0005514478675961012,0.00034892596207249587,0.0016757746283124868,1.0945714287405034e-05,0.00015727127010091668,0.0013435085920669991,2.3876296898199565e-07,4.52194283618188e-06,5.450805915157436e-06,7.34037168377677e-05
24,3.4503629969732955e-06,0.00019209536753456204,4.8185354814577425e-06,0.00023034075238045698,7.967803489076915e-06,0.9765424262831812,5.2884936917233575e-08,9.780888018991702e-08,0.0001712080992759695,0.017353698963817988,2.2210357056506243e-08,1.1021978855760485e-09,3.1445272200433627e-07,0.0006240721388091429,6.821746064221005e-08,0.000656072943964801,0.0004257689298533236,0.002159835081742339,1.2125474939967e-05,0.00022714560626965467,0.001299157082987291,2.75850858289341e-07,6.375465834557549e-06,6.748799224396131e-06,7.585978080384925e-05
25,2.2843621298487997e-06,0.00013355112891829066,4.819083282881917e-06,0.000284544208696825,7.433382500212382e-06,0.9788188342124983,6.362297727253295e-08,2.4080528537955646e-07,0.00013555515406588533,0.014949369536547637,5.138700461170298e-08,1.2306850824489073e-09,2.2889045186820798e-07,0.0008913795096059709,6.797706441885885e-08,0.0007459730375205966,0.0003907015187067847,0.0020672027705244457,1.3310932856514537e-05,0.00020689632996750518,0.0012865748187645748,3.6424792073578287e-07,8.036396997272777e-06,7.504745569379786e-06,4.501070945756012e-05
26,3.853462386629716e-06,9.201706960016353e-05,6.107686243672326e-06,0.00010196942216067585,6.486485455820496e-06,0.9892183450860644,2.4387102129352878e-08,2.8148356248786758e-08,0.00014282849038913146,0.007304425277058729,1.7121232785324472e-08,4.0327139333767484e-10,3.2240188754666404e-07,0.00014431913389333624,3.314480195471855e-08,0.00026835734230615905,0.0003328167248148695,0.001315774664401499,9.364414627836475e-06,0.0001249359695078279,0.0008672394582278288,1.2226530124103775e-07,5.152478885476575e-06,1.1485875513298576e-05,4.3973086509415646e-05
27,2.8710579035578286e-06,0.0001104704606485167,5.783689012425872e-06,0.0001420009162998921,6.7761205199161955e-06,0.9828079757161766,5.1325259810221787e-08,9.956803395255283e-08,0.00018450285821824662,0.011659124364349766,2.3468868998491588e-08,8.988366706618443e-10,2.533345252766015e-07,0.0003440337724348487,1.1624133682397977e-07,0.0006451333230089443,0.0003912418567220913,0.001979759967588399,1.2271835468819115e-05,0.00015233435322506078,0.001474302496392716,3.447841724903919e-07,3.946165548400024e-06,5.418650896371382e-06,7.116277455142885e-05
28,2.9149261022631383e-06,0.00012175108430081364,5.808739467149447e-06,0.00013769573977164744,7.431617861663982e-06,0.9824600989772238,5.13182502556215e-08,7.767787241925063e-08,0.00016888513827009537,0.012598955697493787,1.9263637754982882e-08,7.920119332971846e-10,2.631705876897944e-07,0.0003244666038454011,8.999030874088476e-08,0.0005514478675961012,0.00034892596207249587,0.0016757746283124868,1.0945714287405034e-05,0.00015727127010091668,0.0013435085920669991,2.3876296898199565e-07,4.52194283618188e-06,5.450805915157436e-06,7.34037168377677e-05
29,2.9149261022631383e-06,0.00012175108430081364,5.808739467149447e-06,0.00013769573977164744,7.431617861663982e-06,0.9824600989772238,5.13182502556215e-08,7.767787241925063e-08,0.00016888513827009537,0.012598955697493787,1.9263637754982882e-08,7.920119332971846e-10,2.631705876897944e-07,0.0003244666038454011,8.999030874088476e-08,0.0005514478675961012,0.00034892596207249587,0.0016757746283124868,1.0945714287405034e-05,0.00015727127010091668,0.0013435085920669991,2.3876296898199565e-07,4.52194283618188e-06,5.450805915157436e-06,7.34037168377677e-05
30,2.9149261022631383e-06,0.00012175108430081364,5.808739467149447e-06,0.00013769573977164744,7.431617861663982e-06,0.9824600989772238,5.13182502556215e-08,7.767787241925063e-08,0.00016888513827009537,0.012598955697493787,1.9263637754982882e-08,7.920119332971846e-10,2.631705876897944e-07,0.0003244666038454011,8.999030874088476e-08,0.0005514478675961012,0.00034892596207249587,0.0016757746283124868,1.0945714287405034e-05,0.00015727127010091668,0.0013435085920669991,2.3876296898199565e-07,4.52194283618188e-06,5.450805915157436e-06,7.34037168377677e-05
31,7.478987310983411e-06,0.00017757733025981117,1.3184683502877624e-05,0.00017539485083826542,9.384492622703489e-06,0.9708656859195081,1.0277535074359995e-07,1.6703109658968087e-07,0.00015792586703411516,0.02303615180003814,2.3678232130838532e-08,1.0900186783859856e-09,3.3302514115070983e-07,0.0004260972755762495,8.094151706392921e-08,0.0004993716236290418,0.0003753606113361595,0.002640522017635194,1.6046224804144503e-05,0.00016757552278701704,0.0013175026888124963,2.4236869220670906e-07,6.670972101076679e-06,7.049359943096577e-06,0.00010006886221179056
32,3.0917109864889585e-06,0.00012728341146936017,5.934105153548991e-06,0.00012939946127249339,7.235983219053356e-06,0.9824995681403975,5.1202853127388e-08,8.058819142674912e-08,0.0001691516500574616,0.012641769424500841,1.9856717655348772e-08,7.945858274332723e-10,2.6279521532149004e-07,0.00030853108616283985,9.213413812089183e-08,0.0005346687511499135,0.0003511682554888554,0.0016304130807879796,1.2807226329579093e-05,0.00015062719074407648,0.0013473323968570558,2.528595239988806e-07,4.455354088252815e-06,5.735668184922977e-06,7.00668719241806e-05
33,1.425810898191815e-06,7.474033749743455e-05,2.2077043069662e-06,0.0002067436513000866,5.924311840731032e-06,0.9815963827669216,2.6321695744353318e-08,1.2543519577970572e-07,7.431074555483849e-05,0.012644883979080238,3.115300164253876e-08,6.784013191455187e-10,4.1600712849818157e-07,0.0007169084193628899,2.3679532069012635e-08,0.0007101234998897237,0.0008109241856794272,0.0016518170178481798,1.1186628593665181e-05,0.00026297693423987713,0.001183731860451072,3.3832170398835247e-07,8.961529208548204e-06,9.154934658765449e-06,2.6634086008711254e-05
34,3.323756142336169e-06,0.00013104372765572844,6.133852674055499e-06,0.0001256239244825934,7.646085667695342e-06,0.9837435555025179,5.074439487991134e-08,7.630591662349552e-08,0.00019179001216363482,0.011445119556251073,1.9540772103071978e-08,7.963193922447741e-10,2.7149518766429366e-07,0.0002962470324879098,9.5231200046027e-08,0.0005191714490776034,0.0003425660095506635,0.0016363278239996755,1.2614634399103003e-05,0.00014520405414526524,0.0013114039265663072,2.4426081482747827e-07,4.168915549282929e-06,5.717476726302905e-06,7.1583885337461e-05
35,9.204348901587546e-06,0.0001918325734914435,1.0352114789884792e-05,0.00020224535480185374,8.720763127733947e-06,0.9701795523139739,9.424751559991361e-08,1.3565800287488423e-07,0.0003224527803548821,0.020009602223844455,2.0753352666643252e-08,1.3902486654026593e-09,3.5949119668510904e-07,0.00040477202505735817,1.149794381616183e-07,0.0006298986405991136,0.0004605216683238167,0.005314670444375589,1.61385568983593e-05,0.0001442810693746718,0.00196123220593214,4.440262382688938e-07,3.7152884752022643e-06,7.119801732421023e-06,0.00012251727995274075
36,6.3979355550183735e-06,0.00019599518020344613,9.828646062516329e-06,0.00025065641636390606,9.379545548183727e-06,0.9721272090955783,1.2738924548785007e-07,4.079548866225183e-07,0.00043625801482668157,0.016961935440345615,3.434428396860264e-08,4.507366674434915e-09,9.152807536556362e-07,0.0007317200499286545,2.784434261024332e-07,0.0018317858269888913,0.000691653740723093,0.0037580366766789665,3.240839268042494e-05,0.00027685394669772474,0.0025469486446795266,1.026864147794456e-06,3.5684565304510237e-06,7.0152266185876215e-06,0.00011955397987969333
37,6.999249232057709e-06,0.00018695525318545127,1.0495699042617191e-05,0.00023178557240556295,8.2349109932669e-06,0.9696957493656125,7.661525369248384e-08,7.676740565660364e-08,0.00018304680527585717,0.023914481236714746,2.146572598724625e-08,1.0401359319748221e-09,3.5253814496306317e-07,0.000328958241966599,5.118098164215073e-08,0.00046990345511296975,0.000349223250634271,0.002887976872153083,1.3031119389773332e-05,0.00019782178769077148,0.0014057868565462402,2.2554018790547635e-07,8.35496449316988e-06,1.3339904849808473e-05,8.70503068655511e-05
38,3.1844585766198107e-06,7.928883337201822e-05,6.410856874513375e-06,4.3975344423984144e-05,7.508453546584495e-06,0.9894508556352024,4.955120461041691e-08,4.194370323090016e-08,0.0001442163711153685,0.008089100717628014,1.3043284879921979e-08,3.4538655998049716e-10,1.562161511340137e-07,0.00011672740257103359,1.0579191731546552e-07,0.00041820103000096264,0.00012556211522592517,0.0008231000212808732,1.0845421347367333e-05,6.413885498899037e-05,0.0005556133604871646,9.562373305431752e-08,2.086189126950296e-06,4.106809743405741e-06,5.461560910705091e-05
39,1.7973104938164114e-06,5.661019565845693e-05,5.178444011224526e-06,9.05797614115654e-05,4.833617106357613e-06,0.9872971178685964,3.3297864476908436e-08,6.429353598453812e-08,0.00011738271613887686,0.008683630400416706,1.4046193781292198e-08,4.934474661891308e-10,2.578110091294886e-07,0.00017582638508966062,7.887065296978367e-08,0.0004912551597972297,0.00033928022121214,0.001227172506841618,9.02251307113158e-06,0.00011281586078792092,0.0013283595374754564,2.019739427054903e-07,3.054924578197601e-06,4.2130520461915695e-06,5.121873862055585e-05
40,2.1569321096269136e-06,0.00010760114208244697,3.5333681882023203e-06,0.0002287594546987099,6.671950933679133e-06,0.9759960558290237,4.086987687532975e-08,1.0352692812351543e-07,0.00010265870928932043,0.017950012166466755,2.2950435338932326e-08,5.651699922902016e-10,2.2431284969980296e-07,0.0004101192744995208,4.370643389156429e-08,0.000780655652748356,0.0004968859398915716,0.002177856860102939,9.732431538127241e-06,0.00023855152888605427,0.0014304030294177616,2.3088820221368207e-07,5.684810040461174e-06,7.208969657071951e-06,4.478513052968033e-05
41,2.1098089693159796e-06,0.00011003249470032406,5.0165188386489925e-06,0.00017912158297530483,3.3437758492488075e-06,0.9762983492975733,4.004423717133978e-08,8.283839835617426e-08,9.46019868356607e-05,0.01850444188172609,1.909137265082202e-08,8.515135005203944e-10,1.8173693507433443e-07,0.00041028325558308746,4.775854232537464e-08,0.0003938297844871723,0.00032543114502720893,0.0018106413853130343,1.3094609147393651e-05,0.00013148836051244184,0.0016499911761181927,2.800676488619186e-07,6.256657975053653e-06,6.4047928414801904e-06,5.4909096879121606e-05
42,1.9315466418950074e-06,7.374953900189313e-05,7.191981458362203e-06,0.00015290303082623186,3.3014969527655776e-06,0.9782303165733766,4.70791410415936e-08,1.7558620646925554e-07,0.0001498403964745534,0.015389458560631874,1.977229586429723e-08,1.2103877582570227e-09,3.5887060959320546e-07,0.00022192085354550935,1.3332475236946808e-07,0.0011279884764239872,0.0004224699724934584,0.001632487112485033,2.0642208328796525e-05,0.00018040700947915566,0.002326303508464374,5.457734232303387e-07,3.255604093979351e-06,6.18782266155039e-06,4.836268984365556e-05
43,0.004644183876455783,0.0071526380361729,0.00040349565194555003,0.0011891076205154173,0.0011474569001469444,0.9202891178964329,2.4621067482535263e-06,1.8003313320925813e-07,0.044744397322226515,0.00020189876479739232,1.1722239326827767e-06,2.455540377778028e-07,1.1502697445576636e-05,0.006320926885694133,1.3168726903447736e-06,0.0004207955726392541,0.000420004898951246,0.008221226628162806,2.0689917915379314e-05,0.00019614656705524628,0.00012165804033234823,6.366427955984133e-08,4.182898755798169e-06,4.179771712576596e-05,0.004443331652407448
44,2.9149261022631383e-06,0.00012175108430081364,5.808739467149447e-06,0.00013769573977164744,7.431617861663982e-06,0.9824600989772238,5.13182502556215e-08,7.767787241925063e-08,0.00016888513827009537,0.012598955697493787,1.9263637754982882e-08,7.920119332971846e-10,2.631705876897944e-07,0.0003244666038454011,8.999030874088476e-08,0.0005514478675961012,0.00034892596207249587,0.0016757746283124868,1.0945714287405034e-05,0.00015727127010091668,0.0013435085920669991,2.3876296898199565e-07,4.52194283618188e-06,5.450805915157436e-06,7.34037168377677e-05
45,2.690150682803233e-06,8.993174305082438e-05,6.728439741332527e-06,0.00012443129899899358,6.551300964269731e-06,0.9845157794937034,5.2897339381554785e-08,1.0612114683591818e-07,0.00017156501875116006,0.010901473476708872,2.1125483610918577e-08,7.007493706912816e-10,2.2936028148719948e-07,0.0002476269443030468,1.3324058700578521e-07,0.0007167627001994553,0.0002951741001147061,0.0015933331052323707,1.0856617427887706e-05,0.00013909129963150864,0.0011061509832259002,2.6106962957513164e-07,3.099660227221427e-06,4.728709927739994e-06,6.322044189115596e-05
46,1.8213191807254062e-06,6.492363306971148e-05,4.147232632862535e-06,0.00013156737727352175,4.798177945246136e-06,0.987371198808467,2.7076410119707747e-08,6.421328105561202e-08,0.00011036526705643738,0.007966128896741661,1.88023272793917e-08,6.254388888389428e-10,3.1478863475665834e-07,0.0002605359437940576,6.42927121464303e-08,0.0004658108628109235,0.0005507037977469386,0.001473311844810869,9.253236000588473e-06,0.00014770889468112644,0.0013742968196012628,2.7016857731936696e-07,4.436659472459608e-06,5.460077941899218e-06,5.2771183391151345e-05
47,2.420746681483076e-06,0.00010988297603524228,5.299277464271386e-06,0.00013007563287275415,6.966140085001147e-06,0.9845929306050033,4.662375669533782e-08,7.733327050590785e-08,0.00013588304464529264,0.01123045587291139,2.0972344323749927e-08,6.235198477749506e-10,1.9438227069481718e-07,0.00033625123868069606,7.588428984894955e-08,0.00044987851203204764,0.00028932456521113087,0.0014355968493839281,9.49587014076821e-06,0.0001326776052668171,0.001061360900167943,1.8549794295101163e-07,4.600537144760159e-06,4.810730830261674e-06,6.148757804794137e-05
48,5.194702924556196e-06,0.0001045029628952207,1.438890923877403e-05,0.0002716526560923009,1.7756939364703943e-05,0.9751414692305029,1.3541768930568393e-07,9.752762523479527e-08,0.0004738255597050524,0.012902743795421204,2.1042409558458843e-08,2.5220851627621218e-09,6.434026432684613e-07,0.000488624660795134,4.1567569614231263e-07,0.0011937232765871296,0.0005131646214791453,0.005153148626561174,3.7137643163909947e-06,0.0003132611460708777,0.002985551268376448,3.895959552679482e-07,4.668668644526651e-06,3.823116125690632e-06,0.0004070809107949269
49,2.476120940511272e-06,0.00010141548789207669,6.862310934581643e-06,0.00016244053591434886,5.146913244329234e-06,0.9817291472727637,4.8133149890171405e-08,7.338851993481258e-08,0.0001442816026933849,0.013324735623722227,1.887214933620036e-08,9.671713909914736e-10,2.854335024071392e-07,0.0003149141726570224,7.648069539515249e-08,0.0004769117194261433,0.0003213414314865016,0.0016273018985120266,1.0153477297091391e-05,0.00015066016643572495,0.0015375894841316328,2.469389326032727e-07,5.409657406728873e-06,6.17026561984248e-06,7.229164480134772e-05
50,5.248561059199286e-06,0.00022624503554419606,1.1207381666984812e-05,0.000169508298151346,1.1963367992976837e-05,0.9377446003816732,2.350645426211226e-07,2.4315239388042e-07,0.00012972806042841627,0.05529273288636503,2.2401550323945613e-08,1.6576696594360465e-09,2.863087109853241e-07,0.0006953066369810259,1.2665289709470632e-07,0.0006780595877693149,0.00032583052790082374,0.002485591373149424,1.91370784207134e-05,0.00021177671356382681,0.0018216026767219596,3.305231085909784e-07,9.537336916129707e-06,5.1746283148532895e-06,0.00015550370650748503
51,1.4857628164259892e-06,4.083916397214315e-05,4.383114249927385e-06,5.825136796112581e-05,8.669055111242035e-06,0.9893877574992765,3.4949239343503866e-08,3.712509921955677e-08,0.0001069698665794884,0.007262424448863563,1.3470141479336274e-08,3.326715945565659e-10,3.027651282818423e-07,0.00013688293177504434,7.196369276626222e-08,0.0005198353367229734,0.000296771676677043,0.0008728890813404953,5.656610045190329e-06,0.00013607070402609243,0.0010986778639202233,1.1445415442424319e-07,3.5107852671104035e-06,4.4080414996091165e-06,5.3941629768631616e-05
52,3.2599429225073744e-06,0.00018984226707101902,7.81462399438924e-06,0.0001983252740558649,8.735110461755223e-06,0.9780275266932309,7.829825264712305e-08,9.402067700700975e-08,0.00020320792514876395,0.016236697968434025,2.118604144756764e-08,1.3820705325769108e-09,3.653425000683509e-07,0.0003766417417336916,8.853058436259988e-08,0.0006145186171638306,0.00037830133288406146,0.0014193701685248786,1.4692005728878959e-05,0.00020375239171221954,0.002018965150053909,2.6445029071313965e-07,6.833060102472461e-06,7.361478930313556e-06,8.324103742969362e-05
53,3.5383647121782333e-06,0.00018127062532737295,1.1245962324806694e-05,0.00022414137914746822,2.0235517986223415e-05,0.966396299449989,2.4861704644757225e-07,1.9817024419937773e-07,0.00025311467070106183,0.026479117179539748,3.4848526744887257e-08,2.05059820058725e-09,3.997216784285503e-07,0.0005522488216270041,1.9802381546099325e-07,0.0010515843520366081,0.00031895184528285883,0.0018589930803395074,1.1782132187397514e-05,0.0003038090288030721,0.0021700553921322483,3.0549369919582104e-07,9.546473370259066e-06,6.728251703822418e-06,0.00014595054718065134
54,1.1595648502179264e-06,3.147686521407597e-05,4.241877440335904e-06,0.00017340477696485207,5.16097239795311e-06,0.9873394978213649,2.59164162908774e-08,9.938762968171198e-08,9.802809649761973e-05,0.006847357860710246,3.380489539238172e-08,4.4125039467128174e-10,4.129838374991782e-07,0.00017928907224542284,2.720235618230372e-08,0.0005278979640579095,0.0007079737228789736,0.0017583318192927507,8.029575890308233e-06,0.00019693646641841313,0.002082312059118505,2.452344590431672e-07,5.700483951618429e-06,1.1481740684338843e-05,2.0874289177157128e-05
55,1.3876939317703561e-06,7.639097304624416e-05,3.601804634575433e-06,7.556042266778758e-05,5.95094973611622e-06,0.9843634638037028,3.261670618737059e-08,7.81555832515506e-08,4.999326184902365e-05,0.012653442690181671,2.091979366039319e-08,2.619135785026117e-10,8.909581331039194e-08,0.0003127677941062491,6.020936739481034e-08,0.0003519549921798008,0.0002781416261175576,0.0009328189696718585,8.555748688917244e-06,0.00011234514322393568,0.0007214674079608109,1.4069713902963195e-07,5.435526835304199e-06,3.1326783866160604e-06,4.3166556762607114e-05
56,3.112875136754824e-06,0.00012600818342759887,6.260583403418608e-06,0.00014684124977775532,7.712622340853471e-06,0.982290855208459,5.53727245533976e-08,8.049469113784794e-08,0.0001838743133458912,0.01254998629641912,2.040969543410911e-08,9.50349046399409e-10,3.200858066651928e-07,0.00033161528587011664,9.373824951639577e-08,0.000557686457728807,0.0003685563734399742,0.0017023459179352626,1.1806047463950413e-05,0.00016703521902518682,0.0014568412474578378,2.579931029923968e-07,4.904853857112987e-06,6.120438493673085e-06,7.760778179814315e-05
57,3.5879398739156965e-06,0.00017475980089399302,7.413031702769135e-06,0.00019659927795177717,8.936096478309932e-06,0.9740446677946285,7.551369285227634e-08,1.1892920325266964e-07,0.00026049861393784654,0.01844999962638111,1.9855036997102188e-08,1.972889352849639e-09,6.8609866121714e-07,0.0004058183623956353,1.3363709857572285e-07,0.000970380344115479,0.000603628961856107,0.0019158461246567573,1.878904762123975e-05,0.0003130870824469561,0.0025068513127672865,4.805728772007965e-07,6.177171598254697e-06,7.76223093071543e-06,0.00010368060030362544
58,3.211466415104438e-06,0.00012151545641548985,6.342870838359333e-06,0.0001448350828834263,7.12762808503437e-06,0.9835133652951177,5.09576705968725e-08,7.337148423187433e-08,0.00017965465623526365,0.011705072374703085,2.1094764017765277e-08,8.979502143832372e-10,3.1062181176242554e-07,0.00029838800931470403,7.666272591207547e-08,0.0005146882090406679,0.000329901962169579,0.0015594537143837326,1.2360782101587334e-05,0.00015565371323122208,0.0013697585322338963,2.3274013531552003e-07,5.0292962768721906e-06,7.4184302299285584e-06,6.54561737821053e-05
59,2.943430532065877e-06,0.00011458715259207977,6.832556680697057e-06,0.00013862856163042228,6.739309257376426e-06,0.9834961973762577,5.00291434328361e-08,7.29096588277241e-08,0.00016539129120741065,0.011945217334894,2.06895348889726e-08,8.033779837622994e-10,2.7603036729582226e-07,0.00026300243534895207,7.878154022754137e-08,0.0005207748710401791,0.00030463623251119053,0.0014416244247194814,1.1776835082535527e-05,0.0001532765954706779,0.001353819191219232,2.1714783210323707e-07,4.849795566071425e-06,7.087122472999958e-06,6.189909206191939e-05
60,2.9149261022631383e-06,0.00012175108430081364,5.808739467149447e-06,0.00013769573977164744,7.431617861663982e-06,0.9824600989772238,5.13182502556215e-08,7.767787241925063e-08,0.00016888513827009537,0.012598955697493787,1.9263637754982882e-08,7.920119332971846e-10,2.631705876897944e-07,0.0003244666038454011,8.999030874088476e-08,0.0005514478675961012,0.00034892596207249587,0.0016757746283124868,1.0945714287405034e-05,0.00015727127010091668,0.0013435085920669991,2.3876296898199565e-07,4.52194283618188e-06,5.450805915157436e-06,7.34037168377677e-05
61,3.075167503453428e-06,0.00011879149961460531,7.07748031681436e-06,0.0001411099708877798,7.0671134716514496e-06,0.982820097377824,5.457838869168348e-08,7.720213124869785e-08,0.0001659291022953505,0.01251159070777754,2.1435660719052074e-08,8.443168068098839e-10,2.8431695546634395e-07,0.0002737816867788113,8.242554735693862e-08,0.0005112807865600957,0.0003137290028611522,0.0015026720324383253,1.2064584795440419e-05,0.00015312359189687257,0.001379730809094601,2.2597805134506112e-07,5.091992245053306e-06,7.071859026682898e-06,6.596845356005752e-05
62,2.9149261022631383e-06,0.00012175108430081364,5.808739467149447e-06,0.00013769573977164744,7.431617861663982e-06,0.9824600989772238,5.13182502556215e-08,7.767787241925063e-08,0.00016888513827009537,0.012598955697493787,1.9263637754982882e-08,7.920119332971846e-10,2.631705876897944e-07,0.0003244666038454011,8.999030874088476e-08,0.0005514478675961012,0.00034892596207249587,0.0016757746283124868,1.0945714287405034e-05,0.00015727127010091668,0.0013435085920669991,2.3876296898199565e-07,4.52194283618188e-06,5.450805915157436e-06,7.34037168377677e-05
63,3.3409153698404013e-06,0.00015255610274303867,6.295008684522005e-06,0.00014175212155506306,8.00060404793327e-06,0.9814041892824259,5.5816220823473837e-08,7.934230714920745e-08,0.00017916801872779842,0.013574504514171888,2.0170941230439886e-08,8.868216294330721e-10,2.7202999910834476e-07,0.00034209298547427895,9.58762909001975e-08,0.0005417386707550221,0.00035643267000998803,0.0016363206324633423,1.2794951604697166e-05,0.0001636557252484398,0.001386917633338533,2.508691285427805e-07,4.959964195441671e-06,5.830101165361691e-06,7.867510630944217e-05
64,2.702345805061842e-06,0.00011801862451754069,6.301425943215745e-06,0.00014447562283228008,7.110570287911274e-06,0.9813753193369394,5.5547470815769066e-08,7.503043345283636e-08,0.0001742356790939987,0.0131464248705448,1.8280729629936007e-08,1.0132075072428645e-09,3.2963118758835706e-07,0.00032503012524061684,9.213428965631555e-08,0.0005625926478444663,0.0003733744230622438,0.0016242005032209763,1.1278619489665972e-05,0.00016611216086713442,0.0018703718136839013,2.656335679305622e-07,5.0490922186182765e-06,5.797580759185398e-06,8.076728676246957e-05
65,5.414657086030888e-06,0.00011790464214587336,5.023265876730712e-06,9.137143739448893e-05,8.50468256224773e-06,0.992172996905771,2.8341382035562878e-08,3.6938575539718195e-08,0.0005584223599100625,0.0030892935688631344,2.2925086809613195e-08,9.139414861553796e-10,4.79972767164643e-07,0.00015707589805373683,1.0435473258058278e-07,0.0006201628619835252,0.00033526411146006285,0.0018093321798844145,1.5315721860650127e-05,9.440300592069632e-05,0.0008569496430791451,2.473975539844294e-07,1.6261162868210879e-06,9.546368659415618e-06,5.047172916246156e-05
66,2.9536832225478843e-06,0.00012678338865952508,5.779015763995534e-06,0.00014464943696419996,7.313244956247031e-06,0.9821716796430651,5.21950644572809e-08,8.191766074089006e-08,0.00017350413002080605,0.012776086224616857,1.9624615672847122e-08,8.347042141334035e-10,2.5897221496248765e-07,0.0003476305191367551,9.19038582403312e-08,0.0005631018339585235,0.00034938872453045767,0.0017285917877727776,1.1166028024657132e-05,0.00015722097966143107,0.00134919401680805,2.4968259045590433e-07,4.508855476383243e-06,5.374268538328831e-06,7.431908811481868e-05
67,2.146884001476871e-05,0.0008667794092900567,2.07858792113961e-05,0.0001535078352271264,2.7663350075199605e-05,0.9610675859834524,3.4742138298610126e-07,2.856747310060156e-07,0.0010572291283361963,0.028206419129543008,3.868342653716791e-08,2.8612225688212852e-09,2.742986829122502e-07,0.0003836205826660308,6.992404592248356e-07,0.0012400393860166898,0.0003731328829301353,0.0039788093158418586,5.716821802752172e-05,0.00017364222493707868,0.002141211507075518,9.216449505112975e-07,3.516082918395918e-06,7.507051180013876e-06,0.0002173433684009264
68,2.6506280158684597e-06,0.0001201984437994171,4.203251598383319e-06,8.450780722230928e-05,1.1467185415939095e-05,0.9866897233914171,5.392678093724745e-08,7.532233346362938e-08,0.00016994867008488532,0.009259425226367085,2.150894663427788e-08,5.8555518560663e-10,2.2808168915514126e-07,0.00031121804300520946,1.570468033859393e-07,0.0006189937813110772,0.0003483993696903654,0.0012554284211546607,1.1230544012753601e-05,0.00015343896454127418,0.0008731689218512665,2.1619656052426298e-07,3.187685841519428e-06,3.741627117352508e-06,7.831536888432928e-05
69,3.2141317070353867e-06,0.00012625602337854987,5.422877418851067e-06,0.0001244686021552397,7.3775342407810065e-06,0.9826328648614299,4.8666106264570696e-08,7.036885406185897e-08,0.00018659625754795535,0.012264907336426574,1.676684217477196e-08,7.380521277468803e-10,2.474497109986374e-07,0.00032269707542991166,9.942192972921532e-08,0.0005368629654946448,0.000364828796675027,0.0019221714429138892,1.0700654240556571e-05,0.0001395547454602502,0.0012608952790310072,2.57027028099246e-07,3.696820222500191e-06,4.582946938016246e-06,8.21612107661995e-05
70,2.2884656103122576e-06,0.00010784863427028778,4.6217063198352515e-06,9.24770275468001e-05,5.496948034801428e-06,0.9861802551200842,3.640556056070041e-08,4.639898477428018e-08,0.0001253395560095602,0.009890837224386226,1.8216020186681362e-08,5.811222973134073e-10,2.0556127711460218e-07,0.00022515858972805398,5.535771727798827e-08,0.0003261950825545443,0.00030118013713306387,0.0010800643519861014,1.4153513253613767e-05,0.00010715265692416427,0.001476107077986457,1.851976026707637e-07,4.54677456348828e-06,6.549865083268038e-06,4.917955024031792e-05
71,2.9383811484219896e-06,0.00012395300462386444,5.816357228652208e-06,0.00013923003773017123,7.602227073252851e-06,0.9822256435253615,5.2101011848822256e-08,7.822242340878538e-08,0.00017032601204093072,0.012787151873843973,1.9337783686244482e-08,8.043902202041004e-10,2.682934599663472e-07,0.0003292925284719794,9.043686234128783e-08,0.0005593314617882679,0.00035256551381251456,0.0016821752853291617,1.0983783144690819e-05,0.00016151698650556957,0.0013562522901528866,2.392877134776078e-07,4.600301433119687e-06,5.5005057725911116e-06,7.437144089333193e-05
