,0,1,2,3,4,5,6,7,8,9,10,11,12,13,14,15,16,17,18,19,20,21,22,23,24
0,3.3373893312938955e-05,0.000430227675595651,0.00030113334614426584,0.006638255564717575,0.10586811609005997,0.6776124711984793,0.00021080259204076714,1.7387621225478893e-05,0.06675272630132564,0.015139652269918355,0.0017753607895382958,1.0692654831713109e-05,2.598024717779925e-06,0.0017358779788445502,0.007187866899960026,3.1044361363560436e-05,0.0023007108273732507,5.013270485870829e-05,0.0005479225340298359,2.3759744687298904e-05,0.0005284056839216244,6.793042099007811e-05,0.10850065797930095,0.0008456349611764923,0.0033872578815857843
1,2.3747971266192515e-05,0.0003256936256368059,0.0003192782847450142,0.006055186718673575,0.08356673074240704,0.6959040511415363,0.00020798284254148968,1.5184777091011077e-05,0.07790969320263895,0.01968851582654621,0.0011048585660282852,7.7335971889957e-06,2.5159833178049545e-06,0.0014716570382768866,0.0062254638735296025,3.937032332943684e-05,0.0016135090513543617,5.052363760855125e-05,0.0006151888038119287,2.7632907018165513e-05,0.00048636982015969196,5.0780371061398484e-05,0.10035463601009259,0.0009431961512655206,0.0029904987328743123
2,3.0710105052943926e-05,0.0005061084225354336,0.0003602974833106148,0.007387463368724417,0.1449114502977417,0.6072497144841129,0.00023572117042224347,1.875693251660315e-05,0.08593127604545403,0.01724371789746384,0.0019581906750548656,1.3654767556697124e-05,2.7992080477011615e-06,0.0026638824858562123,0.009738936682705845,3.5399884946817476e-05,0.0023217288905837802,4.8541993297427215e-05,0.0005251012667836188,3.31796014576331e-05,0.0005550673584017551,7.216433610149352e-05,0.11203249665892531,0.0010842239604131998,0.00503941602253285
3,3.6047606517115295e-05,0.0004554051896459219,0.0003217394108478369,0.007080913422008938,0.11661416322048397,0.6659989520889107,0.0002253861545999907,1.844359551735474e-05,0.06400591012873455,0.014617967978236246,0.0019164039278482894,1.2090502422933118e-05,2.750528090031787e-06,0.0017683112894402782,0.007126981057381973,3.289861088199652e-05,0.0026654908971417623,5.216833565374412e-05,0.00054742005000105,2.4379769493024497e-05,0.0005621185020571547,6.970189834403668e-05,0.11149466178067269,0.0008898125631781408,0.0034598814918901668
4,3.8713381207453164e-05,0.0005405304322563454,0.0003615968595083831,0.00784009313527151,0.13199466719582575,0.631650255574617,0.0002532867307692298,1.9861203066715795e-05,0.07132538861164067,0.016294736733008658,0.0020494900238897,1.3288260451609807e-05,3.482137371536244e-06,0.0021656670117106425,0.0073036432150162985,3.5079749611009706e-05,0.0028188646004434293,6.023205282468953e-05,0.0006303092104218732,2.933284965373329e-05,0.00070084603475634,7.94291373314896e-05,0.1189870847209928,0.0010688970648928154,0.003735224073460361
5,3.378684219143248e-05,0.00039450382842984495,0.0003439009402682736,0.008628513037437877,0.12307051870717228,0.6332734173002816,0.00020623709827140345,1.7701433390466393e-05,0.06142083557424244,0.01665708232939671,0.0016969797209630763,9.319777653054602e-06,2.8430855888392476e-06,0.0018484951055950936,0.005576219660422497,3.0689032506147524e-05,0.0024727965397914687,7.662377668699219e-05,0.0005640629563897261,2.923851953767819e-05,0.0006333506232849233,5.312227175820443e-05,0.13937460675530272,0.000981443996853304,0.0026037110865838554
6,3.6047606517115295e-05,0.0004554051896459219,0.0003217394108478369,0.007080913422008938,0.11661416322048397,0.6659989520889107,0.0002253861545999907,1.844359551735474e-05,0.06400591012873455,0.014617967978236246,0.0019164039278482894,1.2090502422933118e-05,2.750528090031787e-06,0.0017683112894402782,0.007126981057381973,3.289861088199652e-05,0.0026654908971417623,5.216833565374412e-05,0.00054742005000105,2.4379769493024497e-05,0.0005621185020571547,6.970189834403668e-05,0.11149466178067269,0.0008898125631781408,0.0034598814918901668
7,5.4453106732706734e-05,0.0005083272919648624,0.00033146552022223587,0.007748861076708964,0.10524458369540776,0.708948962547336,0.0002519683026549094,2.2784733399748196e-05,0.054556776208127114,0.014183683580474848,0.0025511818109644454,1.1708821341284678e-05,4.303342344542931e-06,0.0013737119235892863,0.008131290075041517,3.1749626391794544e-05,0.002619091979221698,5.859896310607899e-05,0.0007313728035695377,2.4254454888693697e-05,0.0006144717637083796,9.796154595887744e-05,0.08844569263326744,0.0007537477579965139,0.002698996435581057
8,3.883646985918699e-05,0.0004174725209932246,0.0005982593324686692,0.008312752545816158,0.12908879971673476,0.57777727488295,0.00013450909872416268,1.1651961382996872e-05,0.08204879546850327,0.01828762498229393,0.0013217728330160035,1.3608827917900165e-05,2.2901189883842046e-06,0.0024059595184626574,0.005638756088325126,3.276400488009955e-05,0.0029427666779704995,4.06918498640897e-05,0.0002311817193432587,3.075009659429025e-05,0.0003270000780365011,4.228758463719665e-05,0.1632497303756852,0.0018294881818278824,0.005174975064724532
9,2.11598160631363e-05,0.0006098773058851915,0.00072714300146332,0.009438961376491788,0.10530988780638216,0.5387399309023807,0.00013201043528305657,1.5626403373707645e-05,0.10647478932702172,0.045219664243582945,0.0009557858459357894,1.0758090227404959e-05,2.732880285648788e-06,0.004419492907716721,0.005886127279669456,5.616855529165716e-05,0.0027064846455098243,5.73152439215197e-05,0.00038600412962203735,5.6896424578448014e-05,0.00047466397938733843,4.366319931762749e-05,0.1699041034938513,0.0021660073963013704,0.006184745310455991
10,3.6047606517115295e-05,0.0004554051896459219,0.0003217394108478369,0.007080913422008938,0.11661416322048397,0.6659989520889107,0.0002253861545999907,1.844359551735474e-05,0.06400591012873455,0.014617967978236246,0.0019164039278482894,1.2090502422933118e-05,2.750528090031787e-06,0.0017683112894402782,0.007126981057381973,3.289861088199652e-05,0.0026654908971417623,5.216833565374412e-05,0.00054742005000105,2.4379769493024497e-05,0.0005621185020571547,6.970189834403668e-05,0.11149466178067269,0.0008898125631781408,0.0034598814918901668
11,3.8550341809469335e-05,0.00046982489706861886,0.00032937636116286403,0.007390369816166939,0.12486988774846026,0.6550965820126695,0.0002442498742327485,1.9081635511555468e-05,0.06607446326069533,0.014343214695833592,0.0020228300322543548,1.2901670863104429e-05,3.1925168924643644e-06,0.0017935241190105294,0.0072392525603717835,3.3609328553221e-05,0.0026716162833351044,5.471671623874817e-05,0.0005870249129094567,2.653038650991745e-05,0.0006122760730371189,7.580431138404411e-05,0.11155828252629382,0.0009782415576344153,0.0034545963611008986
12,5.1868228705725885e-05,0.0008412518224309699,0.00019011050886334538,0.016406797862416018,0.03157500558634251,0.7865837851545684,0.0004158408948880018,4.732391493275978e-05,0.056956268053698585,0.01962076011129666,0.001820882267090073,1.3127138463091116e-05,7.019962067999406e-06,0.0009217439972255084,0.014178314752009634,6.588787197911157e-05,0.0019638419747348,7.850737221573775e-05,0.0029389800305836505,1.6135593780277975e-05,0.00047895056539858506,0.00016349128765795226,0.062395007898627314,0.0004547724443112341,0.0018143247057122523
13,7.618621211122395e-05,0.0012820141155512738,0.00035989282123536677,0.008206128957187165,0.3139669346536645,0.45106923806566196,0.00040196998130076294,5.174974808251164e-05,0.0695221466640706,0.009039175439357445,0.010622797770790273,6.069495374161918e-05,4.725991635873983e-06,0.004874787661624222,0.02599964154257944,4.218101468114327e-05,0.005543873003130319,4.766247382322582e-05,0.0008722744400084959,2.905122080192756e-05,0.001177092271874336,0.00025169377558437444,0.0825718117161807,0.0010186441519706153,0.012907631353350341
14,3.9203387505014354e-05,0.0005572228481501296,0.00034701540665943757,0.007882798201596772,0.14166370285505234,0.6355084973142044,0.0002348492709608662,1.9713633967278606e-05,0.06291431023215571,0.016108973301904365,0.002304770162531724,1.2338375182343095e-05,3.31488382073869e-06,0.0020252108860118164,0.006795060043846349,3.1955063212217905e-05,0.003087238303424726,6.2592593295182e-05,0.0006450662649951022,2.6698127020071962e-05,0.0007273400789508878,7.792865392013259e-05,0.11464083215158705,0.0009611251507682602,0.0033222428092770976
15,3.6047606517115295e-05,0.0004554051896459219,0.0003217394108478369,0.007080913422008938,0.11661416322048397,0.6659989520889107,0.0002253861545999907,1.844359551735474e-05,0.06400591012873455,0.014617967978236246,0.0019164039278482894,1.2090502422933118e-05,2.750528090031787e-06,0.0017683112894402782,0.007126981057381973,3.289861088199652e-05,0.0026654908971417623,5.216833565374412e-05,0.00054742005000105,2.4379769493024497e-05,0.0005621185020571547,6.970189834403668e-05,0.11149466178067269,0.0008898125631781408,0.0034598814918901668
16,5.530645705109181e-05,0.0008177723018712285,0.00032769094591765324,0.00906039685769409,0.1439408379504653,0.6338342790323336,0.00029840213384085037,3.1906957610607986e-05,0.06543074753903196,0.01473630506366465,0.00348511187743014,2.4566835185558795e-05,3.730236637514182e-06,0.002790858017323179,0.013212980649504106,4.100630965783839e-05,0.0038501436127572255,6.131904911621834e-05,0.0008290892370299074,2.389813526883273e-05,0.0007643453734278665,0.0001395291518907336,0.10004511551501945,0.0007998617568771367,0.005394799003393281
17,5.596399643671249e-05,0.0005738960894181237,0.00044446758079283585,0.007111880891602699,0.25868068408828976,0.46997504604833046,0.0003440471027005883,1.5375619095214615e-05,0.07124129102478274,0.00871949520376334,0.00298085207976002,1.8523717094533105e-05,3.987884308740415e-06,0.002639431605693653,0.0045909846121764296,2.2803378756485385e-05,0.0038950260185695424,6.675899840084876e-05,0.0004699039012277685,2.572216807677847e-05,0.0012758850727520885,7.112252957297414e-05,0.16092522662272016,0.0017381451944537142,0.004113478571223718
18,3.1612487416928536e-05,0.0006408660704170011,0.0005041433932384334,0.005140391785909131,0.12443758727330581,0.5768984508571545,0.00032626404998607376,1.7040493019696994e-05,0.08880213832457658,0.016986883034226675,0.002164510390650284,2.2755567668086005e-05,2.9399495502122965e-06,0.003956017577793032,0.009342559834754665,5.1950677190975004e-05,0.0041854602710361425,4.837201413315731e-05,0.0006265754183806687,3.354575548129094e-05,0.0009457359653821508,8.173148342512162e-05,0.15261370278653472,0.0016995882836785584,0.010439176255090296
19,2.0300433248592606e-05,0.00040701303003812364,0.00019035664209515355,0.008370278953666483,0.10535096420804287,0.7098607425712024,0.0001706609993010445,1.3624034280972186e-05,0.0722322710425818,0.015428289411781784,0.0010253398715767798,1.0176965072342057e-05,2.0418444598962037e-06,0.0012981694623123714,0.006995760662020514,2.6743603965679353e-05,0.0016086411992675366,2.9300888072344443e-05,0.0004078785229542662,1.9987359472419374e-05,0.00023651976085300045,6.683087537887222e-05,0.0729619471573549,0.0006747076257335438,0.0025914528752663223
20,3.5237591604250914e-05,0.0006906420878390117,0.000249365930689559,0.0087025510028918,0.1206918063132022,0.6689364004330739,0.00026031682767707425,2.33034188090315e-05,0.07512750178996498,0.017346601373315416,0.0022878883966577527,1.172905390110924e-05,4.138197330352799e-06,0.0021119616664641225,0.010954793365045009,3.048526479937096e-05,0.0022804613665155485,4.8799148910878994e-05,0.0008626123162159855,2.834954754745207e-05,0.0006231521428321057,0.00013020818059928201,0.08440658962212373,0.0007622376604061618,0.0033928673015838507
21,8.259572215373612e-05,0.0008566088596307361,0.000946561272047889,0.011065965015229275,0.18310045372194603,0.49169638464518695,0.0003308495250284681,3.0210170102129983e-05,0.07223447589800229,0.01907634477904871,0.0030545189449409436,3.002979139442571e-05,5.973160678111249e-06,0.004047862142401931,0.006502841093442975,6.589397500329346e-05,0.005889893095438271,0.00012054000004531257,0.0006093223814667005,4.69160356577096e-05,0.001304449287018041,7.93346074186449e-05,0.19016641529136372,0.0023437373813099435,0.006311823204043749
22,5.8893198391131045e-05,0.0005320910793671037,0.0005332463398453049,0.008208984605871264,0.10114532995614553,0.6661839850559664,0.00019653908072129122,2.6898704342777857e-05,0.03468074980002117,0.019784721008967398,0.002421848939633187,9.531995804846081e-06,3.665160422369307e-06,0.0018395251360453606,0.004845825278012881,3.6174410010588045e-05,0.0057009574841934115,9.960508113899989e-05,0.0006370949849853172,2.8718489908130104e-05,0.0009785980170115161,7.509844431053081e-05,0.14886253384218454,0.0007541259445299569,0.0023552579621687318
23,3.6047606517115295e-05,0.0004554051896459219,0.0003217394108478369,0.007080913422008938,0.11661416322048397,0.6659989520889107,0.0002253861545999907,1.844359551735474e-05,0.06400591012873455,0.014617967978236246,0.0019164039278482894,1.2090502422933118e-05,2.750528090031787e-06,0.0017683112894402782,0.007126981057381973,3.289861088199652e-05,0.0026654908971417623,5.216833565374412e-05,0.00054742005000105,2.4379769493024497e-05,0.0005621185020571547,6.970189834403668e-05,0.11149466178067269,0.0008898125631781408,0.0034598814918901668
24,3.1511171136931094e-05,0.0007320960706001117,0.0002924946634178433,0.013036862881723793,0.13091178223056482,0.6125041408075551,0.0002454846496714161,2.3853826689063925e-05,0.06972073008860025,0.02181627454672787,0.0018557838492836794,1.2472720348185556e-05,3.3937784604462655e-06,0.0025192325585737525,0.007611130906236069,3.641569296130183e-05,0.003267727611771392,7.828298849367375e-05,0.0009020680551864723,2.754650178232461e-05,0.0006728604970738072,8.467827585102425e-05,0.12968905556025087,0.0009115598674960199,0.003012560199543767
25,6.203207802147705e-05,0.0006188675162788454,0.0004976405712495665,0.010167400882343478,0.2542171484488928,0.5098451347836938,0.00042511700040695586,5.122006554708012e-05,0.045662023205184636,0.010928578924654677,0.005216818773874168,2.1882802894043515e-05,4.696959950666328e-06,0.002792611475131166,0.006961099199854796,4.0816177975789695e-05,0.00488477828493489,0.00012120032499813102,0.0007311192555174702,4.023298597364634e-05,0.0016312085358480123,8.768788327921708e-05,0.14024661068028696,0.001020583458826419,0.003723489724381425
26,3.158363709512267e-05,0.0001968912368449159,0.0004186898903958092,0.006765635975531461,0.11792636093873335,0.562694818599365,0.00014256914838554094,6.905600537305543e-06,0.07662979981630653,0.01206206040444608,0.0008774853823529619,5.420348392605129e-06,1.8862205008860563e-06,0.001304228899125341,0.0024872714836271063,1.8999096129542578e-05,0.001613694568023683,6.568995348862803e-05,0.00024113038806579498,2.474046625311116e-05,0.0004193178213292659,1.981851787351496e-05,0.21231797885771844,0.001742164739603133,0.0019848580098748452
27,2.616255792512057e-05,0.00035594295326586825,0.00017343819447991849,0.005978977614967509,0.08929691099551641,0.7231610236323074,0.00017343711928527664,1.4108047098594193e-05,0.08347368008492795,0.012250544614774504,0.0012976194869349146,9.835731860290866e-06,2.07729831783353e-06,0.0011447439991002775,0.008849373162072443,2.6068186479287546e-05,0.0012405746747924053,2.822807993487747e-05,0.0004736176327529186,1.808259818630359e-05,0.0002522921481103462,8.022487254250115e-05,0.06784230385304288,0.0007169310089379203,0.00311380145238629
28,3.6047606517115295e-05,0.0004554051896459219,0.0003217394108478369,0.007080913422008938,0.11661416322048397,0.6659989520889107,0.0002253861545999907,1.844359551735474e-05,0.06400591012873455,0.014617967978236246,0.0019164039278482894,1.2090502422933118e-05,2.750528090031787e-06,0.0017683112894402782,0.007126981057381973,3.289861088199652e-05,0.0026654908971417623,5.216833565374412e-05,0.00054742005000105,2.4379769493024497e-05,0.0005621185020571547,6.970189834403668e-05,0.11149466178067269,0.0008898125631781408,0.0034598814918901668
29,3.6047606517115295e-05,0.0004554051896459219,0.0003217394108478369,0.007080913422008938,0.11661416322048397,0.6659989520889107,0.0002253861545999907,1.844359551735474e-05,0.06400591012873455,0.014617967978236246,0.0019164039278482894,1.2090502422933118e-05,2.750528090031787e-06,0.0017683112894402782,0.007126981057381973,3.289861088199652e-05,0.0026654908971417623,5.216833565374412e-05,0.00054742005000105,2.4379769493024497e-05,0.0005621185020571547,6.970189834403668e-05,0.11149466178067269,0.0008898125631781408,0.0034598814918901668
30,3.6047606517115295e-05,0.0004554051896459219,0.0003217394108478369,0.007080913422008938,0.11661416322048397,0.6659989520889107,0.0002253861545999907,1.844359551735474e-05,0.06400591012873455,0.014617967978236246,0.0019164039278482894,1.2090502422933118e-05,2.750528090031787e-06,0.0017683112894402782,0.007126981057381973,3.289861088199652e-05,0.0026654908971417623,5.216833565374412e-05,0.00054742005000105,2.4379769493024497e-05,0.0005621185020571547,6.970189834403668e-05,0.11149466178067269,0.0008898125631781408,0.0034598814918901668
31,6.179959809216284e-05,0.0006479700899629055,0.0006097190215806302,0.008708186275375233,0.08947226492229546,0.666833862164493,0.0002606125773212605,3.7405052318707064e-05,0.052901829141761544,0.02103023085155599,0.0021182566749005666,1.5209768859940393e-05,3.702130846135079e-06,0.002177248508077019,0.0057056568003903555,5.51279195226463e-05,0.004403471300712695,9.308529323223848e-05,0.0006338786562289086,2.853570146134147e-05,0.0008302107614692186,7.686654641470768e-05,0.1387974907797308,0.0009282493409002085,0.0035691301224964867
32,3.481185353290033e-05,0.00042754933934384496,0.00029923119528412715,0.007170965659561829,0.11215290351021517,0.6728740144671077,0.00023384481716295648,1.8278179233633493e-05,0.0630268992284122,0.01455238302486092,0.0018765462409770478,1.1224749446290605e-05,2.826224332767223e-06,0.0016428181123882802,0.007248578426969592,3.267222438484336e-05,0.0025608371485769882,5.473266544228781e-05,0.00063455393774983,2.3932847186845806e-05,0.0005890727110233148,7.045980479395432e-05,0.1104427708370315,0.0008589490906582193,0.003159143704322854
33,0.00012408623147783005,0.0014279747263402157,0.0004041074655800835,0.018558844727796425,0.20234945259689038,0.5704905747619803,0.0005513848378599673,5.895380698298305e-05,0.03566195584793147,0.009494701509428383,0.006833174110212214,4.939124813953123e-05,9.280297398189513e-06,0.0021185786479858883,0.008270789988926911,5.429700707608658e-05,0.011482384606361794,0.00011443900554344348,0.0013380026157573382,2.4041339213058344e-05,0.0015827952619510387,0.00022832436184797055,0.12416443891735136,0.0011165033743667783,0.0034915227056002696
34,3.594889948804638e-05,0.0004565395994111918,0.0003218881744404318,0.007083209612101499,0.11655231217825623,0.6659904301603219,0.0002252897559163207,1.84469224599048e-05,0.06403132111331511,0.01465111718887115,0.0019137989325007376,1.2105034607231421e-05,2.749243202043147e-06,0.0017726638329207819,0.007124919378584623,3.294482075986369e-05,0.0026690145394487157,5.209702951548305e-05,0.0005468968227996452,2.441299236466201e-05,0.0005616954900165211,6.973343730875402e-05,0.11149324263657569,0.0008903211695610468,0.0034669010352524096
35,4.7251759691807006e-05,0.00042371816527518434,0.00027036573301232126,0.0068504934586999045,0.06308264426619595,0.7578076162827478,0.00019595494808536835,2.2487713777419457e-05,0.053991768951712295,0.01471506988948677,0.0014696176482341887,1.1260976633470292e-05,2.8023569598413365e-06,0.001002972749109135,0.005771104794844976,4.3275146328883995e-05,0.0022904518838707246,6.178230320284006e-05,0.0006660898132172915,1.7373843109256846e-05,0.00041813283798111125,7.997945632634099e-05,0.08763488761744206,0.0007128624561692153,0.0024100349478856616
36,3.4291228077558936e-05,0.0009281411241052056,0.00023247267584536506,0.010809497163585133,0.04300558487518356,0.753391743713272,0.00020159892420932064,3.9506132029271086e-05,0.06145568328101065,0.02954409615747873,0.0010303443905684247,1.4623179987787666e-05,2.836003471579153e-06,0.0017926821546496677,0.011060402783482932,7.618084903365154e-05,0.003230371884623488,5.322309193601284e-05,0.0009288205227884486,2.017418819547872e-05,0.0003106491385541351,0.0001440905133561562,0.0779243419459584,0.00044473229855483974,0.003323911780041949
37,6.333872011746774e-05,0.000479894088529608,0.0007046298480087346,0.007192181782254552,0.21283044528268003,0.48681144135965077,0.00028791872826899087,1.3142839432595231e-05,0.08383461362766623,0.012992066627534809,0.0022154257481221237,1.4756404906538173e-05,4.713203077577351e-06,0.0025857391800735026,0.00409351186159855,2.921394885163009e-05,0.0030922268011276295,8.458651103183075e-05,0.0004280439374693603,3.582904145320102e-05,0.001119487798810794,5.150236373167056e-05,0.17462743355539267,0.0023940969358174596,0.004013759804391519
38,2.1530021699211596e-05,0.00012071894354108122,0.00014863132023027012,0.0037424403347020795,0.030135796071905772,0.8447865175647813,0.00021155853247169313,1.2600591480633082e-05,0.02948343798918477,0.0090649052809239,0.0007305675324646522,4.209403872343115e-06,1.7100523076126547e-06,0.0003784095628269946,0.004327011605660192,3.052779949704302e-05,0.0012852096589011006,4.574040569098882e-05,0.0005856729379039948,1.400990985130072e-05,0.0003124260517737958,3.643013309886254e-05,0.07319585823685651,0.0003211518643989987,0.001002928193974952
39,3.7416462181348296e-05,0.0003412934932204698,0.00029763351966687453,0.005402863942693027,0.07823583276919685,0.7580971436778067,0.00031571564262728114,2.7430511263359397e-05,0.03932280737406624,0.01003819239444535,0.0019324896363247875,1.4338363453902314e-05,2.771299660051077e-06,0.0010286545822617088,0.0055306891344680835,4.5063145923752294e-05,0.0031263194852492954,4.9771788872689945e-05,0.0005823801603799579,2.0582478497645766e-05,0.0006379174763638419,7.422889990277691e-05,0.09132064143230939,0.0006609840747987831,0.002856838254365958
40,3.774423001682578e-05,0.00046544030333449735,0.00032095564444786757,0.006913401743342051,0.1176019099008118,0.6710259432672124,0.00022511495984649767,1.842716634873794e-05,0.06354858137806195,0.013950828106326457,0.0019904298461737076,1.2783038992684354e-05,2.766940739268692e-06,0.0017489806252234427,0.007432288956559979,3.213331845313525e-05,0.0026945259912692122,4.847209824473406e-05,0.0005249199940058066,2.35726299830788e-05,0.0005420253473322493,7.398509581662807e-05,0.10630304403593357,0.0008687213479109724,0.003593004033612483
41,4.6214788376518373e-05,0.0007985173515033529,0.0005337218993698913,0.006911580431524583,0.11480785234892057,0.6134464565818151,0.00031323361303247087,2.778767815257381e-05,0.061710253660512394,0.020660331566038,0.002525313221801287,1.5370709295243708e-05,4.540652516521706e-06,0.0032031986677267844,0.0059136672636826825,4.864413152833989e-05,0.004802581736389091,8.846890856384676e-05,0.0008090725956043836,3.5963865427394543e-05,0.001441546695584877,9.556087959717995e-05,0.1558439731030441,0.001224838727051134,0.004691308922941804
42,2.9216612466425215e-05,0.0005030423477630341,0.00014117723106707412,0.006159011410352841,0.06258327815183923,0.8111261047620011,0.0002043555165190823,2.3399420743359624e-05,0.045890424583497805,0.0128717152567116,0.0015640760421365381,1.0481718157118021e-05,3.0345314201344444e-06,0.0007172810088705705,0.009467449723697556,3.9436888182778084e-05,0.0022316331527055884,2.6041080765060577e-05,0.000851127323437923,1.5841635969655346e-05,0.0003024228570744931,0.0001621325267890584,0.04237917187850379,0.00042720247244118183,0.00227094186688704
43,0.0003318639884107186,0.005914494794904065,0.0006081533169043465,0.003731778946412115,0.806906644079726,0.004074878501545669,0.00033078558165911887,4.528714686338032e-06,0.018750721064878833,0.00013609971598723794,0.018348276536835625,0.0012488572555431042,3.911481819876316e-06,0.010456016467934431,0.001791370229339063,8.894456994783515e-06,0.023748909528702233,1.8767725520999637e-05,3.8407431275840046e-05,3.2011590862617154e-06,0.0007213880657628219,3.515874260208715e-05,0.05817025290931013,0.005936549339485434,0.03868008996467293
44,3.6047606517115295e-05,0.0004554051896459219,0.0003217394108478369,0.007080913422008938,0.11661416322048397,0.6659989520889107,0.0002253861545999907,1.844359551735474e-05,0.06400591012873455,0.014617967978236246,0.0019164039278482894,1.2090502422933118e-05,2.750528090031787e-06,0.0017683112894402782,0.007126981057381973,3.289861088199652e-05,0.0026654908971417623,5.216833565374412e-05,0.00054742005000105,2.4379769493024497e-05,0.0005621185020571547,6.970189834403668e-05,0.11149466178067269,0.0008898125631781408,0.0034598814918901668
45,2.3278872666278212e-05,0.00024323590339346557,0.00015982861986761756,0.00669035003031709,0.09593097372047955,0.7393658660328739,0.0002329063764534807,1.505146275966175e-05,0.06096449878426418,0.009533053115783521,0.0013530628698776718,8.812364850561917e-06,2.019884227531477e-06,0.0008329585179361396,0.00859869496470333,2.6468391755034352e-05,0.0013260955669051374,3.3258802334968245e-05,0.0005258390859380566,1.8438979493891288e-05,0.0002781226196993573,5.7700941774376996e-05,0.07105737692899208,0.0005551735746601803,0.0021669335879930837
46,1.7575837500519344e-05,0.00029896634188740566,0.00031079923688903015,0.005535987985575686,0.12134501216946403,0.5763802383337809,0.00021426881189046896,1.1101778353691767e-05,0.13094923458235266,0.020585868907815413,0.0011773169004254177,5.417836652910874e-06,2.2550715997607226e-06,0.0024981112616099103,0.006367855681677888,2.4514784028056605e-05,0.0008439686178045404,6.215770933161044e-05,0.0006001969916541671,3.410837830399748e-05,0.0006600074127365506,3.394328518505718e-05,0.1274053322401009,0.0012326229608535506,0.0034031368825259245
47,6.172566717723892e-05,0.0010071832567130408,0.00036628407959214004,0.0074226868645663425,0.09812899687363509,0.7065938962884848,0.00027828454021932403,2.8223258343151763e-05,0.06843942179280293,0.016484289447943248,0.0023494798988646652,2.6020714813830104e-05,4.563074686214953e-06,0.0017944913201200065,0.009379820643568354,5.7464773969074754e-05,0.004087338995374332,4.244691473838083e-05,0.0006428597125829299,2.3939090978786624e-05,0.0004758969004862089,0.0001629503134226843,0.075936557619844,0.0009853520048234712,0.005219825952249659
48,2.1848813850573933e-05,6.701805827118444e-05,0.00024519155353985123,0.002684025883296623,0.26483513315334634,0.4754377280243136,0.00020813596132002234,4.587082627955416e-06,0.14060169622699317,0.0037948120062584324,0.002011889906597793,5.882696981560857e-06,1.5069199510650407e-06,0.0010582593120426393,0.006122405282040447,1.0035339135282573e-05,0.00028613734002378246,3.099383404587562e-05,0.00020955481682355552,2.5706703319827532e-05,0.0004135426103368951,1.5735728975139788e-05,0.0959042800683337,0.0020588435517858907,0.003945049125788759
49,4.035213146052621e-05,0.0003854215388236675,0.0003380359246851127,0.006124779150012307,0.09281133256820889,0.7243618467543388,0.00020194262171755421,1.695642978427935e-05,0.053878382667717765,0.011723945864607871,0.0016955831345253536,1.3250560671221403e-05,2.6465255210413133e-06,0.0012351475416274625,0.005605404892290859,3.2118781057091284e-05,0.002425257693521264,4.113426132328262e-05,0.0003592257591569381,2.1893326255242713e-05,0.000389475835877591,6.310508076962525e-05,0.0942729055695409,0.0008586361470956762,0.00310121923940981
50,2.5208385726993244e-05,0.0006822205213761317,0.0003531848593624319,0.006975304454098795,0.09104844563148179,0.68874454022661,0.0002718467453411922,2.6709417220435292e-05,0.07844833233852622,0.029885600956018166,0.0014099386561456494,1.0425900589851044e-05,3.582115793434008e-06,0.002535783607557771,0.00871842621837521,4.4547552313463396e-05,0.002394890718250778,4.6682803542550245e-05,0.0008772609068540829,3.0745010061437494e-05,0.0007223104086109484,0.0001058863598529582,0.08203505121109728,0.0007031220039500076,0.0038999529912424067
51,2.132211701236241e-05,7.080675986487508e-05,0.0002379216437368934,0.0023992287323751776,0.09006635981701598,0.6934068402028223,0.00022457367688478834,4.772066607704865e-06,0.04835412659246273,0.004939709658406038,0.001065178235065234,4.058460063104071e-06,1.2873239870218713e-06,0.0005628634238453859,0.00306231945806008,1.5947650155751496e-05,0.0013084992307506253,3.5052484730955186e-05,0.00027903675087542914,1.6527595449034778e-05,0.0005152481252929908,1.7711046971861907e-05,0.15033380607227112,0.0010693126996763655,0.0019874901756161876
52,2.0296823414375485e-05,0.00023503415204236534,0.00017899515071837852,0.008517265466305372,0.0399902247607769,0.7804181265447545,8.80298021706631e-05,1.6991407546133523e-05,0.046553409072813995,0.03038291671424323,0.000774558066436509,2.994349278551288e-06,1.9593096141806336e-06,0.0009186983817019703,0.006743837507463137,3.092168183269194e-05,0.0010226433907839832,7.751928762296173e-05,0.0007187480207444289,2.5638462663083322e-05,0.0002399314970740589,4.5929941954767035e-05,0.08154115088512083,0.0003770952794715163,0.0010770840434516213
53,2.6021421203426806e-05,0.0002783187198137129,0.00021071507236828567,0.004481615426415222,0.09440457042588193,0.6945090288644912,0.0003979123814959541,1.629817808542569e-05,0.06853559319807813,0.0065500639879206716,0.0016795643167468906,1.5764188203344873e-05,1.834549379119025e-06,0.0013151402862570246,0.007695165341851571,3.148693455223845e-05,0.0018022665731582557,3.503102556088341e-05,0.00040178783032222663,1.919903618835021e-05,0.00044225672727189454,4.9492344104893715e-05,0.11209626726673957,0.0007515680522842232,0.004253037851625493
54,5.515658484513363e-05,0.00010621245901766277,0.0001712700616775749,0.008384711077087431,0.10304132420332218,0.7127893476427354,0.00020307127278114975,1.2759932284550868e-05,0.01787339644966567,0.004681298497502952,0.0022903926675331746,2.29987629851398e-06,2.996440256034934e-06,0.0003160750071695685,0.0019984991954517584,8.501885697428648e-06,0.002035018839956399,0.00012639964559323072,0.0007305172962733108,1.1783028476446931e-05,0.0010265399755353055,3.224057572432207e-05,0.1433629585172537,0.000424495687217461,0.0003127331806435971
55,3.8277155828150364e-05,0.0006329324870219629,0.0004241769291842898,0.007463155749997181,0.08191254292507275,0.7076305042811611,0.00014880384607842271,2.7575271328815992e-05,0.04259403183803312,0.031083545720588426,0.0019700652934757264,6.406815595607373e-06,3.173590083760953e-06,0.002247267192672218,0.007709948163611799,3.450992416446753e-05,0.004122900518201086,6.498247727295493e-05,0.0007041742280531009,3.071072735810036e-05,0.0007449819712011255,9.776856940913364e-05,0.10718234575870592,0.0005045629379919133,0.0026206556279087735
56,3.8027775352753254e-05,0.00046905050302665195,0.0003273311953652732,0.007130426080609019,0.118281640550999,0.66338952166425,0.00023322483190346105,1.8852240975773615e-05,0.06460956549486317,0.014478015243538485,0.0019719332787014317,1.27064364732914e-05,2.959544180526492e-06,0.0017856462494782773,0.007131485504246097,3.338439982495468e-05,0.002702701120006696,5.344709145789596e-05,0.0005601688682297795,2.516660304035942e-05,0.0005849942969258303,7.350495454166731e-05,0.11167732064140133,0.0009274629579378238,0.0034814624726704985
57,4.3759447991524735e-05,0.0008213857911319346,0.0003665605046316884,0.00866116394745015,0.12911118442805553,0.6420402318705608,0.00040991246916021406,2.682161823782193e-05,0.07489915033373609,0.018124306797757714,0.002634173905905975,1.9416435619355087e-05,5.67433305617925e-06,0.002166051903217938,0.00874257331093726,5.367626338020901e-05,0.0037713445005921114,6.845808369671712e-05,0.0014182247688125514,2.830592072424957e-05,0.0011305270137500095,0.00013307636131489888,0.09963020434209745,0.0012351039760628549,0.004458711672118917
58,3.388033803370158e-05,0.00039232327300402437,0.0003310104064949173,0.006778888504242123,0.1375888366626062,0.6267658124221509,0.0002397448721319759,1.420696298727111e-05,0.07480391359287997,0.01295784879125606,0.0018202278989179245,1.2320862933792803e-05,2.9985256352234076e-06,0.0017416685359130945,0.006300177683957785,3.0782522400057224e-05,0.002306278829011365,5.1489382375301474e-05,0.0005150319067576543,2.763675782835575e-05,0.0005963059871436769,5.995372103609135e-05,0.1217835689306158,0.001280101787821732,0.0035649908418648787
59,3.33209398931397e-05,0.000418301579218561,0.0003771140564859509,0.006605626931489587,0.13288530513738303,0.6291382613579659,0.0002300271952770425,1.498647233222482e-05,0.07261869585441735,0.014939174484426889,0.0017660400622541896,1.1913987881172064e-05,2.9657434147165657e-06,0.00189946393043509,0.0060288425717530845,3.375987689227645e-05,0.0025494623316511893,5.3030777026010496e-05,0.0005008706638548776,2.952454645248119e-05,0.0006293210795399195,5.931246948587696e-05,0.12411692911641206,0.0012861101205290354,0.0037716387135282342
60,3.6047606517115295e-05,0.0004554051896459219,0.0003217394108478369,0.007080913422008938,0.11661416322048397,0.6659989520889107,0.0002253861545999907,1.844359551735474e-05,0.06400591012873455,0.014617967978236246,0.0019164039278482894,1.2090502422933118e-05,2.750528090031787e-06,0.0017683112894402782,0.007126981057381973,3.289861088199652e-05,0.0026654908971417623,5.216833565374412e-05,0.00054742005000105,2.4379769493024497e-05,0.0005621185020571547,6.970189834403668e-05,0.11149466178067269,0.0008898125631781408,0.0034598814918901668
61,3.4321876969780065e-05,0.00039403507267156553,0.00039955006979381806,0.006525385805311757,0.1336859749283152,0.6230941949736793,0.00022392529889787434,1.4534459201053762e-05,0.07519230749736275,0.014999458837721639,0.001712084131100245,1.1090912592499491e-05,2.946736945647563e-06,0.0018842388080449546,0.005589805151392969,3.18882165622114e-05,0.0023572906342022005,5.482784799271769e-05,0.0004803784698341189,2.928261490081453e-05,0.000642429253773448,5.484124891753131e-05,0.12761128691133355,0.0013454327167891481,0.003628487525693172
62,3.6047606517115295e-05,0.0004554051896459219,0.0003217394108478369,0.007080913422008938,0.11661416322048397,0.6659989520889107,0.0002253861545999907,1.844359551735474e-05,0.06400591012873455,0.014617967978236246,0.0019164039278482894,1.2090502422933118e-05,2.750528090031787e-06,0.0017683112894402782,0.007126981057381973,3.289861088199652e-05,0.0026654908971417623,5.216833565374412e-05,0.00054742005000105,2.4379769493024497e-05,0.0005621185020571547,6.970189834403668e-05,0.11149466178067269,0.0008898125631781408,0.0034598814918901668
63,3.912103815879726e-05,0.0005900618220876171,0.00033768293487878047,0.007715036859243691,0.11756629145982325,0.6595258302518555,0.0002316739922929033,2.1114150752420426e-05,0.06685822189017075,0.016663726666378456,0.002057466188728432,1.408574877657427e-05,3.118738642343119e-06,0.0020276348610832468,0.007728631738505375,3.7021465035179307e-05,0.003076388354821589,5.4099315668383006e-05,0.000613984766451714,2.5549183178525037e-05,0.0005919377290316027,8.564377658118444e-05,0.10935957719161177,0.0009282669767420292,0.0038478328994997224
64,4.190125737472151e-05,0.0004980634645831834,0.00043010425119458597,0.00702226313850027,0.14143808180586476,0.6153749136379655,0.00028911805132579745,2.022690283090636e-05,0.06345394835870771,0.01515861809392914,0.002293434168530891,1.2781131355488994e-05,3.602202111000987e-06,0.002201701237695303,0.006156122847590429,3.557029848505954e-05,0.0033588278756718237,7.084281337373354e-05,0.0006787428974372969,2.9090565762472086e-05,0.0010240984125207916,7.112584904963673e-05,0.13554238042293568,0.001120803813961002,0.003673636501242806
65,3.0252678441070204e-05,0.0002054785504416355,0.000170300619764226,0.006090983555095814,0.08798423912493833,0.7491530877119067,0.00021642463267719555,1.5189396650857558e-05,0.0355356155841513,0.007516092774596138,0.001815747564079732,8.310538004332098e-06,1.7545069633868404e-06,0.0007341016160431977,0.006188870629698985,2.293637202764356e-05,0.0022295535158303416,4.769174847064924e-05,0.0005353351420806618,1.420922211154586e-05,0.00040928441443859937,4.8765380253789825e-05,0.09880543197571068,0.00046656341396777843,0.001753779331655328
66,5.9802004062759285e-05,0.0006461108133926902,0.0007999990684020988,0.008675328775522665,0.15934342320272796,0.6436774515364947,0.00031644765588769314,3.8519134134272735e-05,0.06433885571460737,0.027047035346169424,0.0023980474257882605,1.1077640785645405e-05,7.62654355826973e-06,0.0021578804716228537,0.006593916540155968,5.2148048498307925e-05,0.002493539978182815,8.765428379812122e-05,0.0006505927330346937,5.8549953953700374e-05,0.001061337488008748,9.088410002530117e-05,0.07565614909238631,0.0009800614730979711,0.0027575609757012755
67,3.1200968970866034e-05,0.0010266980869385132,8.094684994084205e-05,0.006449651818823833,0.12855313962011422,0.6685459557997949,0.00026228874213451195,1.7693042649835268e-05,0.12863927524482782,0.008059687586374797,0.0022272257103749917,2.990161661460072e-05,2.250063586941985e-06,0.0010958181561059605,0.022806931805679526,2.6153150813485163e-05,0.0011919040562250536,1.0679730436993228e-05,0.0006818944757471071,7.967126505781804e-06,0.00013401043680222072,0.0002569800154085983,0.02333707259520029,0.0005146999399315622,0.006009973359996764
68,3.997512559308977e-05,0.0004942143547199321,0.00030220834350323827,0.007293710241441518,0.11214708630195162,0.6831277733534572,0.0002369987669952564,2.1723128864868922e-05,0.05749883613425416,0.014431525166790318,0.002134874705709265,1.2345163719517482e-05,2.9473651459158726e-06,0.001636770380460774,0.007459689772450032,3.4746124959737276e-05,0.0029981322616849547,5.626123580989836e-05,0.0006510363553655294,2.2878064430781172e-05,0.0006118384087366501,8.2519481514938e-05,0.10473850807525759,0.0007752658101831575,0.003188135877000096
69,3.879376565363612e-05,0.000482479662041825,0.00026574284564173374,0.007354695751851661,0.12297884623058591,0.6771961053326976,0.00021744714738582374,1.7762367506936613e-05,0.062397657992581575,0.012655458248733887,0.002083047820186914,1.2929973130808278e-05,2.6566633823136375e-06,0.0015106337804809788,0.007940692822469515,2.971517434223558e-05,0.0026969035076353756,4.409175480996456e-05,0.0005418148921859452,2.0208666641407238e-05,0.00045866915441126777,8.029801899412106e-05,0.0968759056461287,0.0007922248463621205,0.003305217934157891
70,4.2548768719390206e-05,0.0006479665188692419,0.0003805654537900918,0.006782020624819425,0.08687577814189139,0.6967967668034055,0.00022824901248462824,2.4728995226115384e-05,0.05641275991154685,0.020848838292053227,0.0020839890814944102,1.3210426685820655e-05,3.5593368766764036e-06,0.0020039551912616163,0.007097091068234745,4.93746106978018e-05,0.0037117554283003164,6.893257735783481e-05,0.0007867093235572999,2.7672432530208913e-05,0.0007536238284641295,9.727079418142353e-05,0.10953479178919112,0.0009076914395741983,0.0038201501487865877
71,3.5524365981820656e-05,0.00045997928064267144,0.000326288861924207,0.007101636894462629,0.11862804982189182,0.660711996321617,0.0002286007554459424,1.8392216548919038e-05,0.0654527505915466,0.014825975589100242,0.0019023199552706926,1.2074335585481443e-05,2.773023288141426e-06,0.0018202646788827526,0.007082009259251215,3.311544522647826e-05,0.0026529198021926557,5.281596655350161e-05,0.0005498113326383555,2.4963754315229556e-05,0.0005752989934552128,6.907012547355157e-05,0.11301321602446227,0.0009125755686964067,0.0035075770355461264
72,3.828217276279822e-05,0.00047559143903272677,0.0003469290590600479,0.007408396747063103,0.12806679230749318,0.6413825770814555,0.00021737676448275426,1.8174669460464396e-05,0.06617754819019561,0.014826172364303168,0.0020575269348231044,1.2520774298959697e-05,2.796694608777393e-06,0.0019670107130798885,0.007000237990946741,3.167376416072973e-05,0.0027953199067118797,5.531365674471614e-05,0.0005339023991701855,2.5002356658963985e-05,0.0006005929114529088,6.84948616446793e-05,0.12123219263071486,0.0009878380695950198,0.0036717355400792758
