,0,1,2,3,4,5,6,7,8,9,10,11,12,13,14,15,16,17,18,19,20,21,22,23,24
0,9.27681083989854e-05,0.00023667327838429333,9.9262759356477e-05,0.006398271427875878,0.02323281469490369,0.9001127947212014,9.030672257550792e-05,1.9234985451171466e-05,0.012421484633055107,0.004685643480598299,0.002797251137466267,1.1337370174968337e-05,2.0323266449990035e-06,0.00019004536103345765,0.012777835468781229,1.9113305710164785e-05,0.0028479193523356944,1.842287637149913e-05,0.0005411014240709256,4.0881374245154485e-06,9.085779326467338e-05,0.00014797868547935473,0.031838074023890835,0.00014801859067341906,0.001176669334877117
1,6.61054637584829e-05,0.00017444183682332936,0.00010540070477342396,0.005799880766442616,0.01889220425533438,0.9087401168925332,8.682530809523057e-05,1.647645286244234e-05,0.01426586843765281,0.0059305486402969135,0.0017104309940922425,8.016263269604965e-06,1.899109133805927e-06,0.00015944038162707676,0.010097214886544722,2.300925707084981e-05,0.0019569039654199127,1.9235564026594308e-05,0.0005676372431405414,4.676572475478742e-06,8.360141982975237e-05,0.00010312900385861318,0.030042334253099545,0.00016423863094586213,0.0009803636968925362
2,8.917401019902206e-05,0.00028541491901724984,0.00012548748290539056,0.006943914153650065,0.034524934737549993,0.8728241692712205,0.00010430175978970719,2.269152534377764e-05,0.016752413941051817,0.005619006688915053,0.003300830962445179,1.550467687514953e-05,2.1362312818074747e-06,0.0003127913045020257,0.017962977905553623,2.3356859786717745e-05,0.0030894058606787604,1.875862538855308e-05,0.0005195703378287848,5.985882703087836e-06,0.00010361010800569009,0.0001633752843812478,0.03510178535102422,0.00019102759967705283,0.00189737452022538
3,0.00010051614431227396,0.0002564108721104772,0.00010743409930690724,0.006979284242080544,0.025801517713450593,0.8949307632309528,9.774329122395253e-05,2.0643575597348754e-05,0.012171206057413864,0.004666813719456835,0.0030157186379690527,1.2774104402474435e-05,2.182317459311605e-06,0.00019850485254734715,0.012693366138005566,2.0443855183306372e-05,0.0033167653011559935,1.974120843822886e-05,0.0005513343778931855,4.27313223792153e-06,9.832960060669357e-05,0.0001528219563777307,0.03341737879050696,0.00015787863345019922,0.0012061541478603718
4,0.00011488153984258403,0.0003166081952031251,0.00012600545256674005,0.008189897184107928,0.030665167181131964,0.8806545967861195,0.00011670477569127,2.2988329064641537e-05,0.014085172699042432,0.005262849438216954,0.003420835335058937,1.4781352887701117e-05,2.9416019264356108e-06,0.00024803644178180616,0.013602179357976604,2.240340276666487e-05,0.003650044551278695,2.3670790174470278e-05,0.0006660283201255281,5.3017263505011475e-06,0.00012713889233263007,0.00018178544614006847,0.0369340721601688,0.00020019729222932735,0.001345711747814778
5,0.00010011644273404264,0.00022877568854051184,0.00011949538772452324,0.0087375846396773,0.029282079699091086,0.8823714972226061,9.50024792455426e-05,2.0645102130646686e-05,0.01209891969680431,0.005281411491999132,0.002855590415872353,1.0410056108789661e-05,2.3332420410519687e-06,0.00021200939306453874,0.010115838905641822,1.9339167541480166e-05,0.003193048959194977,3.0245355789621414e-05,0.0005790995960050389,5.2366542686606585e-06,0.00011653174349186341,0.00011949963368199954,0.043289860798373624,0.000180794783304318,0.0009346334450665676
6,0.00010051614431227396,0.0002564108721104772,0.00010743409930690724,0.006979284242080544,0.025801517713450593,0.8949307632309528,9.774329122395253e-05,2.0643575597348754e-05,0.012171206057413864,0.004666813719456835,0.0030157186379690527,1.2774104402474435e-05,2.182317459311605e-06,0.00019850485254734715,0.012693366138005566,2.0443855183306372e-05,0.0033167653011559935,1.974120843822886e-05,0.0005513343778931855,4.27313223792153e-06,9.832960060669357e-05,0.0001528219563777307,0.03341737879050696,0.00015787863345019922,0.0012061541478603718
7,0.00014491183861127716,0.00027845307969305653,0.00010827481247992427,0.007686489129237148,0.022323327969541985,0.9060620063350165,0.00010434451852771243,2.4046678147857385e-05,0.01011886841244101,0.00447394948200469,0.0037167556981687203,1.158742547429114e-05,3.3211289737838233e-06,0.0001510098085681863,0.013333648815182007,1.8695310765803525e-05,0.0030952473906845726,2.2165055217921583e-05,0.0007037864077075154,4.13300798797694e-06,0.00010304634468743008,0.0001990997354606811,0.026302555467547555,0.00013250368680567618,0.0008777724610668686
8,0.00010442751916891269,0.0002501851964854481,0.00020789662804472354,0.0076011882066171115,0.03052500714223129,0.8642893414583505,5.85364576938101e-05,1.49914273309981e-05,0.01690340848810888,0.006916021667840793,0.0021154973702094083,1.4733531505894848e-05,1.653420083616122e-06,0.00031704838454785954,0.010386895766710877,2.289579202024073e-05,0.003944711321965251,1.6868417285648566e-05,0.00023668423922816505,5.87637468083835e-06,6.473784500251791e-05,9.717685549688039e-05,0.053587721790414385,0.0003075119809293761,0.0020089827180465817
9,6.418815696694159e-05,0.0003691611166884615,0.00026625571567264833,0.00914316112184677,0.02693966758555688,0.8457298337750929,6.080983826477825e-05,2.0945985816018305e-05,0.022317734704560645,0.016396572063515802,0.0017240873554182127,1.292669104214762e-05,2.1214075593832804e-06,0.000573721636939766,0.011770663667316324,4.0184035001665235e-05,0.0038705527983532648,2.3829870291160113e-05,0.00040762506987030935,1.0991987136004083e-05,9.64274120865914e-05,0.00010749823538611902,0.05712638418285,0.00038986649162356027,0.0025347890951434365
10,0.00010051614431227396,0.0002564108721104772,0.00010743409930690724,0.006979284242080544,0.025801517713450593,0.8949307632309528,9.774329122395253e-05,2.0643575597348754e-05,0.012171206057413864,0.004666813719456835,0.0030157186379690527,1.2774104402474435e-05,2.182317459311605e-06,0.00019850485254734715,0.012693366138005566,2.0443855183306372e-05,0.0033167653011559935,1.974120843822886e-05,0.0005513343778931855,4.27313223792153e-06,9.832960060669357e-05,0.0001528219563777307,0.03341737879050696,0.00015787863345019922,0.0012061541478603718
11,0.00011047070744351567,0.0002731393631755825,0.00011204026515243205,0.0075553343234705415,0.028256133084679648,0.8897664782195764,0.00011068193129423499,2.170752737014069e-05,0.012868417605363676,0.004597819634035873,0.0032734935566006763,1.3858696757688934e-05,2.632119166828322e-06,0.00020439917090038902,0.013131345547848774,2.096656886566942e-05,0.0033705787655964655,2.1273923504057593e-05,0.0006132904203513678,4.705453585291977e-06,0.00010988685059555203,0.00016962390509324993,0.03399716621151889,0.00017796846177191332,0.001216587686280955
12,0.00011503436607604304,0.0004289023726136471,5.519104836637563e-05,0.013817649097744843,0.005747997790520119,0.9174333596487563,0.00015066052370856192,4.695462138532449e-05,0.009367296965781279,0.005994472869929935,0.002326661620188808,1.1776039498957233e-05,4.7043443215742826e-06,9.448745345591133e-05,0.022555766702566506,3.8596614686769964e-05,0.0022092073623663734,2.4709424549542257e-05,0.0025721883967581047,2.586211529898887e-06,7.057835281584223e-05,0.000321886078985518,0.01596050611524486,6.893923484228297e-05,0.0005798867433065009
13,0.0002459653366705662,0.000978152865396804,0.000159133825171573,0.010585260970125993,0.07869648153306043,0.7617159471067391,0.00021405626835462575,7.351131178534497e-05,0.017636910476034294,0.004401802498269868,0.018287055955159785,7.237955528295859e-05,4.723409547470845e-06,0.0007702635953940278,0.0566254784429626,3.5028383979138976e-05,0.008546367159335077,2.425086381998551e-05,0.0011684347258715073,6.7754543371792114e-06,0.0002647194506838005,0.000678531365069833,0.03286903987581598,0.00022889020525182095,0.005710839365880204
14,0.00011523157734207872,0.0003269544100562292,0.00012215979821612023,0.008323962853214894,0.03259570651058284,0.881681876493105,0.00010694916979287385,2.2709051938990434e-05,0.012497238372367067,0.005310502458190859,0.0037445343156350744,1.351717057949574e-05,2.785795371408293e-06,0.0002355275410498413,0.012387266904302018,2.0387591383124186e-05,0.003969095000968055,2.4970186122884147e-05,0.0006742077507619977,4.856944117939999e-06,0.0001317524883681886,0.00017487889480233068,0.03614588320752486,0.00018103039626753153,0.0011860151179381947
15,0.00010051614431227396,0.0002564108721104772,0.00010743409930690724,0.006979284242080544,0.025801517713450593,0.8949307632309528,9.774329122395253e-05,2.0643575597348754e-05,0.012171206057413864,0.004666813719456835,0.0030157186379690527,1.2774104402474435e-05,2.182317459311605e-06,0.00019850485254734715,0.012693366138005566,2.0443855183306372e-05,0.0033167653011559935,1.974120843822886e-05,0.0005513343778931855,4.27313223792153e-06,9.832960060669357e-05,0.0001528219563777307,0.03341737879050696,0.00015787863345019922,0.0012061541478603718
16,0.00015306908768490554,0.000456450913325021,0.0001106712834761655,0.008675216576283782,0.030784559001120045,0.8732421087444086,0.000127343701182413,3.607002456154197e-05,0.012445045824294823,0.004862876067799356,0.005483876556329005,2.6573363848118302e-05,2.9575991260732792e-06,0.0003142826923289138,0.02525011129389835,2.7208217818957242e-05,0.004926760757336937,2.1993618813558142e-05,0.0008472621539569293,4.277155150280325e-06,0.0001314908299163862,0.00031986620598255347,0.029599994053835656,0.00014232478286463853,0.0020076094946573555
17,0.00019222251835792438,0.00039873213136260846,0.0001894732094053535,0.008679341781379087,0.07154187971112562,0.8117060371536291,0.0001790532717640812,2.214086021552486e-05,0.016765072610423645,0.0036404226119671514,0.005718394027532957,2.4712738510249624e-05,3.8088832449234254e-06,0.0003722054722896611,0.010061080465383223,1.8645804293876192e-05,0.00621748065418538,3.161604053419336e-05,0.0005648184062884119,5.7993526954077624e-06,0.00027232370753426765,0.00019216513767255662,0.06100956876613151,0.00038293769753951966,0.001810066986533833
18,8.584102102316297e-05,0.0003318078885043353,0.00017200963139039197,0.0042206929027332135,0.02925471214247133,0.8635676408976835,0.00012533843145595076,2.1127352603219954e-05,0.016702289236967958,0.0058728359571376815,0.003479372407956361,2.5664031576228245e-05,1.9199649655119104e-06,0.00047141304385440167,0.01708907071433675,3.635976723971862e-05,0.005629494547991396,1.7682223594734112e-05,0.0005499119591509211,6.12944990386905e-06,0.00017005033953335262,0.00017997374340470687,0.047629980939511866,0.0002749006602902475,0.004083780744719357
19,5.658165450932692e-05,0.00021970991550879614,6.313206541866916e-05,0.007931167554564468,0.02331814504050004,0.9120558230512469,7.353482496779243e-05,1.4878861570283105e-05,0.01322689721305449,0.004558688520081521,0.0016058386195626226,1.0535472584598018e-05,1.5610696365594392e-06,0.00014110013449826223,0.011620364125801716,1.565931497137809e-05,0.0019488606182829684,1.101060114980849e-05,0.0003878847401578308,3.341407445653714e-06,4.1482699819278163e-05,0.0001372344793951968,0.02157291128571642,0.00011661236996227487,0.0008670443595928464
20,9.82841211713471e-05,0.0003861371974490393,8.324550071313264e-05,0.008558948633374067,0.02556442834212921,0.8909813891928231,0.00011269562486979933,2.580138577221191e-05,0.01407773586592241,0.005472972956127533,0.0035963613836527968,1.2581507889994252e-05,3.32578762397295e-06,0.0002334665861570318,0.020529834701201944,1.937326079130503e-05,0.0028688172663528847,1.7518108446430205e-05,0.0008839340220212918,4.905120590399255e-06,0.00010616515533410726,0.00029284046845755795,0.024710089459591435,0.00013544639928823093,0.0012237019522490088
21,0.000270339566931506,0.0005354803706195518,0.00037389815760162625,0.01176957136205654,0.052053853465713285,0.8100739240832092,0.0001637011601323828,4.1101370528649495e-05,0.01614749163838428,0.007029531064240663,0.0057644133029628635,3.7660260260037244e-05,4.977570581156809e-06,0.0005385131833957397,0.012594442699706169,4.724405727810787e-05,0.00865778787671105,5.540537936522367e-05,0.000648480286623326,9.616765097819448e-06,0.0002780928273060288,0.0001915092208333009,0.06968457546090807,0.00046750997814606524,0.0025608788914072275
22,0.00015456135631459464,0.0002709962507931306,0.00017013119666510801,0.006905388237967484,0.022708935206338935,0.8932180584911209,7.818861289732175e-05,2.9994450354571114e-05,0.006310407884304906,0.0059999443861747884,0.0037272302608599792,1.0048969753688341e-05,2.475170694713581e-06,0.00020143250967616166,0.008172328762871576,2.2154224087819086e-05,0.006906744938901203,3.525085155232259e-05,0.0005592686444058888,4.822726945244071e-06,0.000166859072292519,0.0001539812069010043,0.04324053942702728,0.00012195122341992348,0.0008283059376790046
23,0.00010051614431227396,0.0002564108721104772,0.00010743409930690724,0.006979284242080544,0.025801517713450593,0.8949307632309528,9.774329122395253e-05,2.0643575597348754e-05,0.012171206057413864,0.004666813719456835,0.0030157186379690527,1.2774104402474435e-05,2.182317459311605e-06,0.00019850485254734715,0.012693366138005566,2.0443855183306372e-05,0.0033167653011559935,1.974120843822886e-05,0.0005513343778931855,4.27313223792153e-06,9.832960060669357e-05,0.0001528219563777307,0.03341737879050696,0.00015787863345019922,0.0012061541478603718
24,9.498097953167497e-05,0.00043724847044806933,0.00010319673611557636,0.013552300306091693,0.030640936651141388,0.8683059272828811,0.00011546374509586774,2.8385555175489582e-05,0.014000145661830866,0.007130410890864431,0.003194290862663217,1.4173168378900966e-05,2.8991522620244182e-06,0.0002946393687098405,0.014825911239250143,2.3757350877050196e-05,0.0043081202108185114,3.057162785836531e-05,0.0009793158486327757,5.0220911313293746e-06,0.00012475594103897067,0.00020145476036131016,0.04028394044039985,0.00017111345395493048,0.0011310382044867203
25,0.00020046311664352083,0.0003790667954731353,0.000200038660813846,0.011154651647419894,0.06945784395990161,0.819645425705655,0.00019419542026799503,6.64242279073606e-05,0.010082928281919408,0.0041857117668523515,0.009129549299411477,2.6303540291502715e-05,3.8574485582252175e-06,0.0003711136382311881,0.012608575268462159,2.869405837827517e-05,0.00699580596454913,5.635113787338072e-05,0.000738336333642135,8.196607135495223e-06,0.00033110859640959504,0.00019939092124524323,0.05228485381648056,0.00020902853295544626,0.0014420852535220047
26,9.865893498904696e-05,0.0001162789388289704,0.00015736032589550364,0.006776258952087448,0.032140318689081585,0.8575240103289854,6.641101407678741e-05,8.92572070600389e-06,0.01589105845747505,0.004117987706756758,0.00157175831107441,6.488952468197499e-06,1.4792735077416086e-06,0.00016396937855715194,0.0043740689244966486,1.2691638036565499e-05,0.00224226492330235,2.9065813171894682e-05,0.00023620971487398258,4.758033749182581e-06,8.534235809336064e-05,4.419855592394271e-05,0.0732575412876967,0.00032710145109707316,0.0007457923150684109
27,7.066836208887682e-05,0.0001921741064260398,5.5985064820856744e-05,0.005690530272288938,0.018583172737404518,0.916511147548958,7.28843717160667e-05,1.504497554973862e-05,0.01496613611205266,0.0036739395033731125,0.001975652003693408,1.006617842470185e-05,1.6115597717112034e-06,0.0001221530784329549,0.015402101059872931,1.5561730031482967e-05,0.0014980484445939897,1.002447356629752e-05,0.0004626883782232579,3.0071652452244623e-06,4.224020020566447e-05,0.00017006821825123753,0.019280289622329732,0.00012248800365178612,0.0010523168290266758
28,0.00010051614431227396,0.0002564108721104772,0.00010743409930690724,0.006979284242080544,0.025801517713450593,0.8949307632309528,9.774329122395253e-05,2.0643575597348754e-05,0.012171206057413864,0.004666813719456835,0.0030157186379690527,1.2774104402474435e-05,2.182317459311605e-06,0.00019850485254734715,0.012693366138005566,2.0443855183306372e-05,0.0033167653011559935,1.974120843822886e-05,0.0005513343778931855,4.27313223792153e-06,9.832960060669357e-05,0.0001528219563777307,0.03341737879050696,0.00015787863345019922,0.0012061541478603718
29,0.00010051614431227396,0.0002564108721104772,0.00010743409930690724,0.006979284242080544,0.025801517713450593,0.8949307632309528,9.774329122395253e-05,2.0643575597348754e-05,0.012171206057413864,0.004666813719456835,0.0030157186379690527,1.2774104402474435e-05,2.182317459311605e-06,0.00019850485254734715,0.012693366138005566,2.0443855183306372e-05,0.0033167653011559935,1.974120843822886e-05,0.0005513343778931855,4.27313223792153e-06,9.832960060669357e-05,0.0001528219563777307,0.03341737879050696,0.00015787863345019922,0.0012061541478603718
30,0.00010051614431227396,0.0002564108721104772,0.00010743409930690724,0.006979284242080544,0.025801517713450593,0.8949307632309528,9.774329122395253e-05,2.0643575597348754e-05,0.012171206057413864,0.004666813719456835,0.0030157186379690527,1.2774104402474435e-05,2.182317459311605e-06,0.00019850485254734715,0.012693366138005566,2.0443855183306372e-05,0.0033167653011559935,1.974120843822886e-05,0.0005513343778931855,4.27313223792153e-06,9.832960060669357e-05,0.0001528219563777307,0.03341737879050696,0.00015787863345019922,0.0012061541478603718
31,0.0001676279525223562,0.00034030914833153305,0.00019950151280911344,0.007974667022693838,0.02028080152660983,0.8924452145053217,0.00010649141730812993,4.0955068446311556e-05,0.009775088415696005,0.0064748285696071845,0.0032689690037812137,1.587437362308131e-05,2.6864292044716892e-06,0.00023877293323498373,0.009536544620245406,3.3206217003067615e-05,0.005360907529547576,3.448125795428517e-05,0.0005785125315684651,4.884685341248854e-06,0.0001424688014625957,0.00015795792925784062,0.04144534484671771,0.00015866579480960385,0.0012152379069023545
32,9.637831778428621e-05,0.00024574854042510853,9.918939003644086e-05,0.00718147982871986,0.024316626404452025,0.8967448488569122,0.00010272806695927494,2.0381620782311186e-05,0.012049136433840629,0.0046816151457111385,0.002939293675737312,1.1760699061235583e-05,2.2917577642046833e-06,0.00018514337114915213,0.013171822063577714,2.0330861903608113e-05,0.0031728426333115377,2.0583220747710912e-05,0.0006590015920544879,4.1946999471899604e-06,0.00010264736469491581,0.00015734450124006106,0.03275672520807113,0.00015264745766187287,0.0011052382874546145
33,0.00034713724106280624,0.0009454106382760706,0.00016104000130287327,0.02086520090346664,0.04729641607772319,0.8297577505273418,0.0002586948845606301,7.254083643218471e-05,0.008063021806922484,0.0040102046041001526,0.01001229910835008,5.017640619962968e-05,7.852958817188132e-06,0.0002981764362835216,0.013944822998426724,3.784853799125924e-05,0.015035858850311041,5.48601362105694e-05,0.0014495979205872518,5.007547411676773e-06,0.0003181282855961884,0.00048754701359746865,0.04501441507567494,0.00022385755027533793,0.001282133653078192
34,0.00010022583654536612,0.00025686342705351746,0.00010745969771313572,0.006974344090324419,0.025790303518928956,0.8949504694050407,9.765121715688123e-05,2.0648127733273438e-05,0.012171073168021875,0.0046752073646018355,0.003011865397771438,1.2791176418899993e-05,2.179318428273185e-06,0.0001989324255880304,0.012687834225620922,2.0472315681232643e-05,0.0033211221582282297,1.970397878075928e-05,0.0005503638611985667,4.277665194821766e-06,9.824187790044738e-05,0.00015285105349555474,0.033408473837078484,0.00015787757274747592,0.0012087672827471498
35,0.00011992847591347212,0.000218567323376941,8.287613141642948e-05,0.006126731513837359,0.013292557178243448,0.9262597174881134,7.891055880523367e-05,2.3078573266938292e-05,0.009472673155678997,0.004240536053373233,0.0021353022225210445,1.0790039847794774e-05,1.9993685427190885e-06,0.00010469411326394027,0.009060774175479448,2.387502865830064e-05,0.0025901917353272855,2.1984891907461385e-05,0.0006014471413580857,2.788255320811452e-06,6.883342918326782e-05,0.0001556603268472112,0.02443396136095287,0.00011518483121585405,0.0007569366275484833
36,8.980945144690837e-05,0.0004719313837503382,7.143829780415197e-05,0.009795483676309157,0.009075438106143282,0.9147571554547033,8.287554769945597e-05,3.969001664690919e-05,0.0106769066515965,0.008132738126841883,0.0015422512675483347,1.4236888080861244e-05,2.101859661555411e-06,0.00018003520744331258,0.017689220989625734,4.1450306607766145e-05,0.00364277808394098,1.8540457343750783e-05,0.0008513975749387837,3.196696573817433e-06,5.069129116297015e-05,0.0002836825173727402,0.021369838647912715,7.388819381526899e-05,0.0010432233050295854
37,0.00021473509961345694,0.0003234601630491602,0.00028467835882732415,0.00820488456599956,0.059325177481180484,0.8214241650347206,0.00015155751745458333,1.8640295803362562e-05,0.019372626080805637,0.005010920768877403,0.004374954948812662,1.9471371857815208e-05,4.310814321001881e-06,0.00035568926624792834,0.008944060130315285,2.244361457055805e-05,0.004770801362665527,3.880024440834022e-05,0.0005103451096218573,7.617197904683417e-06,0.00024270603360164567,0.00013793165129383347,0.0639958851583927,0.0004972825842660761,0.0017468551453885327
38,5.067850542844835e-05,6.224468966974652e-05,4.3469680589737006e-05,0.0032631133615719315,0.00564850685889304,0.9539647327162273,8.049697979005693e-05,1.2303904236371319e-05,0.004974822406267733,0.002592885752487632,0.0009762227761537375,3.7881379907521925e-06,1.1866186007113778e-06,3.9149861123673874e-05,0.006768403581730194,1.639330315206363e-05,0.001384033551712976,1.5016481402175295e-05,0.0005258618658234044,2.130791703753827e-06,4.825481603513124e-05,6.995917058094207e-05,0.01909568370790783,4.927518008490054e-05,0.00031138530083588215
39,8.624170114302862e-05,0.00017106796907473645,8.699134368749901e-05,0.004296395382278322,0.01558578703785393,0.9282337973996388,0.00011551204727579556,2.8464635376832328e-05,0.006784444927172978,0.0030752891623764675,0.00262220863033505,1.3071233231982798e-05,1.7424073354559444e-06,0.00011103213776949379,0.008635704256107038,2.5642393691451638e-05,0.0034750927389038135,1.697570031933926e-05,0.0005009396972356375,3.271505277386142e-06,0.00010293280901340984,0.00014256486714325607,0.024867178760718103,9.671992773465866e-05,0.000920931329305475
40,0.00010365227683994499,0.00026022975765291545,0.00010619741601623658,0.006714022488796483,0.025799598440602454,0.8967545426974892,9.653438983212555e-05,2.055641509207158e-05,0.01201350989040363,0.004457517171372556,0.003095991437155739,1.3350192735868177e-05,2.159423895438636e-06,0.0001962038289555371,0.013120260012537376,1.9898479747028956e-05,0.00332892019753825,1.8251571725865505e-05,0.0005242693561678649,4.111080969643462e-06,9.447213280296604e-05,0.00016078587455191015,0.03169648906839742,0.0001520185244917701,0.0012464578742296254
41,0.00013467450181818384,0.0004579852603920568,0.00018627108486284088,0.007100555719657089,0.02629972026867146,0.8725665023593572,0.00013737827124060293,3.220156009748127e-05,0.012182827636511755,0.006945866291728962,0.00411171746338544,1.714109555366679e-05,3.713086916665707e-06,0.0003705564690582219,0.01122828753311575,3.2122953934332685e-05,0.006259159633697205,3.4012304372271154e-05,0.0008333965298132298,6.598347573333268e-06,0.00025438133822300844,0.0002192103131037477,0.048629092802087236,0.00022774679451070421,0.0017288803803173476
42,6.834807048627773e-05,0.00026402978592640126,4.290188032008946e-05,0.005553681061822644,0.011524011512731056,0.9374690073447222,7.825550427355611e-05,2.318282811273322e-05,0.007980078912653983,0.003966162472286856,0.002023307560132638,9.252901207683492e-06,2.1257779162282787e-06,7.808966903527833e-05,0.014838734430336302,2.19372865352348e-05,0.002433696413396929,9.015514515013473e-06,0.000783034575096679,2.5044328270006453e-06,4.795203738513961e-05,0.0003077261638747964,0.011692722910930766,6.692198767048395e-05,0.0007133189658038551
43,0.0032602174364323284,0.014455812305904175,0.0008337349059521424,0.015150256075784522,0.5838890976630311,0.021299540261093246,0.00045007572461605507,2.088972900092763e-05,0.013446159590956243,0.0002253489349227467,0.09095782397906849,0.003993749457614757,1.1417343015650717e-05,0.005272101704990879,0.010945952666518058,2.10101161324132e-05,0.11445932517534263,2.9606085654702455e-05,0.00014350676063146274,2.266858871898244e-06,0.0004883529181851688,0.00030395391247424865,0.06953147390082631,0.003623151243391801,0.04718517524958804
44,0.00010051614431227396,0.0002564108721104772,0.00010743409930690724,0.006979284242080544,0.025801517713450593,0.8949307632309528,9.774329122395253e-05,2.0643575597348754e-05,0.012171206057413864,0.004666813719456835,0.0030157186379690527,1.2774104402474435e-05,2.182317459311605e-06,0.00019850485254734715,0.012693366138005566,2.0443855183306372e-05,0.0033167653011559935,1.974120843822886e-05,0.0005513343778931855,4.27313223792153e-06,9.832960060669357e-05,0.0001528219563777307,0.03341737879050696,0.00015787863345019922,0.0012061541478603718
45,5.9523845799803106e-05,0.00013582647169003357,5.101558249488731e-05,0.006458346785886128,0.019386504275190924,0.9198061575005175,9.509768166193111e-05,1.5831445862343754e-05,0.011172893295673903,0.003062545316259367,0.001915896313681951,8.382729583331527e-06,1.5380014308919539e-06,9.302886111826084e-05,0.014069734516611657,1.548249895869868e-05,0.0015452832976123397,1.2416005668527497e-05,0.0005152003696154212,3.1021714329917793e-06,4.678430870360809e-05,0.00011809782852963678,0.020615159622950713,9.374564893813847e-05,0.000702405624127192
46,5.655622566493266e-05,0.00018554989960633815,0.00011885157112418541,0.00630777715250688,0.030563470876648215,0.8662413348326657,0.0001014167222655834,1.3724945320395933e-05,0.027336958855043746,0.007295905055535922,0.0020500698237468653,6.451018161473401e-06,2.009752701903706e-06,0.00030810972777428863,0.011977544374993406,1.6785333849294783e-05,0.0011899496340238448,2.7056873260699195e-05,0.000645082518635333,6.6790103706926485e-06,0.0001270841857905533,8.027157147286319e-05,0.04381626395485306,0.0002509489567223325,0.00127414712726144
47,0.0001636284410830904,0.0005456836882984064,0.00011732294896556336,0.007081031192968022,0.02031383169029021,0.9039597342718008,0.00011752023308980164,3.0214966284995804e-05,0.012506352002635626,0.005039912472334443,0.0035513670644869632,2.624746917928544e-05,3.5187063270670855e-06,0.00019451704067992455,0.016702694112860416,3.444412647535278e-05,0.004881340781937626,1.505809464850253e-05,0.0006407586631492089,4.008686436235228e-06,7.994280658165447e-05,0.00034831513949626987,0.021689912426276575,0.00016737692429935134,0.001785266049414626
48,6.344590844261593e-05,4.401282156069765e-05,9.951823096702199e-05,0.0026048927365326484,0.07164643452581058,0.8353443852695417,8.928123533223139e-05,6.904088710597511e-06,0.032073801365845186,0.0018192671915177982,0.0033666102459149285,7.074544361529217e-06,1.0744284805824675e-06,0.00016841411561680427,0.01151719001755073,8.335343480234285e-06,0.00045487664304848214,1.5212732573562223e-05,0.00021245124526151707,5.763340907075933e-06,9.257684208860627e-05,3.8061740053858974e-05,0.038227422696945255,0.00037434975770500134,0.001718642931750781
49,0.00010075128664288767,0.00019551922452803723,0.00010449000577547882,0.005149029003527887,0.020076215658592585,0.91840717141253,7.828986193291242e-05,1.8197818336840368e-05,0.009529488598522115,0.0035373778855748643,0.0024510454641583183,1.2781808868469776e-05,1.7481734785173459e-06,0.0001339991808764025,0.008639916296258062,1.841628956258928e-05,0.0028022051934402936,1.5005088388749007e-05,0.0003112654207282085,3.573331127922396e-06,6.60860277398827e-05,0.00012129756158528769,0.02709227038224054,0.00013385780834434147,0.0010000012172387753
50,6.958537759959498e-05,0.00037130872820214706,0.0001161569335867736,0.006892559584411199,0.01934580435489585,0.90174043666179,0.00011119228919874214,2.882930599820795e-05,0.014423679296595835,0.009394063453764962,0.0021537654765447223,1.0758877409704351e-05,2.7867285364542546e-06,0.0002761118334091942,0.015283659864866208,2.703617146116826e-05,0.002922111273530998,1.710109324448835e-05,0.0008547336356515579,5.235128694870656e-06,0.000119956140086248,0.00022632563982639506,0.024156676846086977,0.0001241718308485079,0.001325953473759136
51,5.0137036837415156e-05,3.3024599914596855e-05,7.461542396817374e-05,0.0017048971815193871,0.019104198913557507,0.9167858170544686,7.336050116820628e-05,5.421584759999171e-06,0.008153519337319995,0.0016002317392975105,0.0014647459579734178,4.066344296220202e-06,6.980156504052488e-07,6.426036139011491e-05,0.004672129885115073,1.0036714924171452e-05,0.0015834189535758817,1.1844999238322276e-05,0.00020354042540127954,2.7200243458537206e-06,8.457807344221093e-05,3.3028337466710354e-05,0.043429267122303765,0.00015051832362950968,0.0006999230884356979
52,5.265444712163665e-05,0.00012356089866848586,5.7531032864055886e-05,0.007613106445873616,0.007995909166523192,0.9298242590880389,3.5982160738889215e-05,1.7883240215542077e-05,0.00813057854018246,0.008620042536044287,0.001130148645880933,2.998253585540271e-06,1.3988338766654595e-06,9.954548567221879e-05,0.011217778386482628,1.755112912873908e-05,0.0011993206534541927,2.58249348623873e-05,0.0006512953083400202,3.961698544637744e-06,3.981157957871394e-05,9.207104309961048e-05,0.022617302104191817,6.084959520886003e-05,0.000368634791821713
53,6.845526660160525e-05,0.000142656294914136,6.817350546135086e-05,0.003980810789528587,0.020182991405269714,0.9090392760855553,0.00015112115167682986,1.7562809386023728e-05,0.012151390123575821,0.002061949084359995,0.0024752514968846987,1.5960017174921905e-05,1.28942636115333e-06,0.00014219279194336017,0.012691912982045675,1.9157951156165436e-05,0.002182551575842969,1.2512215430703544e-05,0.0003563072131137735,3.2437309801926565e-06,7.299132740522705e-05,0.0001006314449920051,0.032506573291907793,0.00012442127667799195,0.0014306167417538946
54,0.0001453266252160885,6.14817428209463e-05,5.96101750642709e-05,0.008518669665980872,0.022603057354260058,0.9086922634799836,8.496878613220858e-05,1.3667869753243595e-05,0.0034997962049066436,0.0016059529462503046,0.0031719376275090496,2.240202333866281e-06,2.316855241160638e-06,3.7468235720552575e-05,0.00298425757349865,5.089399151676038e-06,0.002382809858138124,5.264020243578848e-05,0.0006808079247522563,2.121592590276754e-06,0.0001779906118876675,6.17405486768833e-05,0.0449752853663506,7.798671676699951e-05,0.00010051243457820311
55,0.00010028080999284879,0.0003302938584678351,0.00013207648506046964,0.00675830150600181,0.016844122758188477,0.9054329368707023,6.040966025822111e-05,2.9095252810834596e-05,0.007611259603284238,0.009250825993770527,0.0029525125176486505,6.610872307556431e-06,2.3520831675839457e-06,0.00023526389308736178,0.013636655463224399,2.0894240973016132e-05,0.004883649984503408,2.2024791488473857e-05,0.0006693143048065471,5.055634156922525e-06,0.00012020876272361442,0.0002080894420788651,0.029700949719439665,8.438251626083918e-05,0.0009024329755955575
56,0.00010722410799247376,0.0002704045401754377,0.00010999746776308803,0.0072320801239748765,0.026265205775498623,0.8932228853459666,0.00010386750426558304,2.1199308119980164e-05,0.012463293280339734,0.004650895889726423,0.0031362554790797022,1.3465635279341408e-05,2.4206577875541635e-06,0.00020198072601040198,0.012893431402024981,2.0774392928153805e-05,0.0033761079467470242,2.0505969021625952e-05,0.000582350104979588,4.4421637261030555e-06,0.00010340104704689882,0.0001637482622808671,0.03364999512853906,0.000167189748365154,0.0012168779923606115
57,0.00012430346016055927,0.0004894100732205439,0.00012892169683026381,0.009018112038653058,0.028691045409372277,0.8794814583014531,0.00018570549825638197,3.113466264727686e-05,0.01496014437756775,0.006121550031754438,0.0041634006394014956,2.0687687577709226e-05,4.647429000628902e-06,0.00026125797049842716,0.01613497579015288,3.432584735288957e-05,0.0048244724457176475,2.6994604529782606e-05,0.001488643059656647,5.120858002794642e-06,0.00020584168199679244,0.00029782805952333676,0.03145090979335625,0.00022525647389954348,0.001623852109417565
58,9.936126487166413e-05,0.00024116690795001906,0.00011636753141720484,0.007196273007925361,0.03191764387496598,0.881572799334917,0.00011329832933312544,1.696405963943174e-05,0.015210350541673827,0.004397138652860856,0.0030285243872755756,1.3552282170055196e-05,2.559229145103263e-06,0.00020983148130505002,0.011912302005314962,2.000964233432477e-05,0.0030169368706214595,2.094705976926966e-05,0.000567759092551523,5.097326574222936e-06,0.00011213672224399226,0.0001402864937488797,0.03852462717333407,0.0002379966254083174,0.0013060701026485913
59,9.553834460303059e-05,0.0002456881928410972,0.00013077965005483735,0.006687565191985195,0.03096992206577947,0.8833849958727774,0.00010313319377825751,1.767892179044084e-05,0.014435296435159693,0.005030409417075509,0.002866342865116657,1.291492638174236e-05,2.3813590885081177e-06,0.00022570056297946582,0.010863954441914072,2.167492260892963e-05,0.0032884226424465496,2.141101298061208e-05,0.0005169604638652847,5.388905667342597e-06,0.0001162911378637847,0.00013280506722665702,0.039239826980204874,0.00023281345523955735,0.0013521039705711158
60,0.00010051614431227396,0.0002564108721104772,0.00010743409930690724,0.006979284242080544,0.025801517713450593,0.8949307632309528,9.774329122395253e-05,2.0643575597348754e-05,0.012171206057413864,0.004666813719456835,0.0030157186379690527,1.2774104402474435e-05,2.182317459311605e-06,0.00019850485254734715,0.012693366138005566,2.0443855183306372e-05,0.0033167653011559935,1.974120843822886e-05,0.0005513343778931855,4.27313223792153e-06,9.832960060669357e-05,0.0001528219563777307,0.03341737879050696,0.00015787863345019922,0.0012061541478603718
61,9.927359143604601e-05,0.00023032105902554505,0.00013866559762514848,0.00650544136147366,0.03157373698413826,0.8824888259584209,0.0001010480067425285,1.7343285138624595e-05,0.014917974740815382,0.004989587191254732,0.0028356906095985735,1.2257907103781647e-05,2.3497356841774936e-06,0.00022338892729296183,0.010213814726397414,2.0636094319671665e-05,0.0030759016867468376,2.1930732488741518e-05,0.0004938732464467758,5.337523495372866e-06,0.00011949352026852657,0.00012407859723335214,0.04022434917572304,0.00024225459891719529,0.0013224251422127586
62,0.00010051614431227396,0.0002564108721104772,0.00010743409930690724,0.006979284242080544,0.025801517713450593,0.8949307632309528,9.774329122395253e-05,2.0643575597348754e-05,0.012171206057413864,0.004666813719456835,0.0030157186379690527,1.2774104402474435e-05,2.182317459311605e-06,0.00019850485254734715,0.012693366138005566,2.0443855183306372e-05,0.0033167653011559935,1.974120843822886e-05,0.0005513343778931855,4.27313223792153e-06,9.832960060669357e-05,0.0001528219563777307,0.03341737879050696,0.00015787863345019922,0.0012061541478603718
63,0.00011131812596546215,0.0003382249612224101,0.0001135242139641375,0.007789892434647893,0.026336788289327954,0.8901969104772938,0.00010419007785272495,2.3788726905829742e-05,0.012879746583341449,0.00526895179816236,0.0033183989320011405,1.5070400091212679e-05,2.5573220408912743e-06,0.00022759598235164464,0.014062230543378346,2.2988708252182e-05,0.0038511294186465927,2.0656366277655745e-05,0.000638256332635677,4.495241416618623e-06,0.00010500102301306152,0.00019144714828863078,0.0328586003612528,0.00016752222408744933,0.0013507143075821271
64,0.00012198891291768238,0.000300226787763351,0.00015133137774201203,0.00742794746526739,0.03263686849287611,0.8752359033378142,0.00013168317050137195,2.3882133946567704e-05,0.012873628738395093,0.0052446750272203005,0.0037433454223706323,1.4064829567496243e-05,3.0274669875011183e-06,0.0002640822813013214,0.01159451206615364,2.3434562803887586e-05,0.004387683333822832,2.8567600602387447e-05,0.0007290712662314071,5.423959095374344e-06,0.00018765201141771732,0.0001648855067359666,0.043149071019603046,0.00021023117552191781,0.0013468120533409282
65,7.583619252174561e-05,0.00011540291064476458,5.498240105279864e-05,0.005973232637491252,0.017660763364367976,0.9215795926315016,8.703900351603686e-05,1.5843527605405275e-05,0.006609375325906765,0.0024838928971476276,0.002463106349748504,7.687948366966639e-06,1.3222445323452299e-06,8.386576372681604e-05,0.009743441625922972,1.3283064284221522e-05,0.0025415521511167384,1.8197873540682516e-05,0.0005140721804027758,2.4097342895815743e-06,6.853745625382809e-05,9.640885127822936e-05,0.029153732158666443,7.921578227069032e-05,0.000557205923843017
66,0.00017467968613662583,0.00037181316830273717,0.00028111217334475297,0.009383138585955499,0.03715377489409078,0.885533915099185,0.00013869927842619873,4.277154054056004e-05,0.012727801340905743,0.008938855178894426,0.0037506128424141492,1.176651130073641e-05,6.248600492385734e-06,0.00024948843726242735,0.011041056613214393,3.194528784012881e-05,0.003154682205789397,3.657231997215699e-05,0.0006488008220501357,1.0561413558346154e-05,0.00018938110225341558,0.00019084145237571065,0.02481492509842762,0.00018847105561661925,0.0009280852916501158
67,8.745625541498546e-05,0.0005666487572036075,2.8611072012716456e-05,0.006516644467475558,0.027078213108314337,0.8828599862914297,0.00011137874425532365,1.9583514819540804e-05,0.023959380289905977,0.002629353529258102,0.0033840157574205943,3.116153082480364e-05,1.8062796267916626e-06,0.00012562556224578262,0.040352065868653815,1.657701208085283e-05,0.001516339858518118,4.040717266573078e-06,0.0006761013062755889,1.41570888865206e-06,2.353703327443088e-05,0.0005454408692195228,0.0072498337900579555,9.359327730763578e-05,0.0021211893982489897
68,0.00010963472000050938,0.00027738700118404644,9.94755741770533e-05,0.007249714978158234,0.024046667056840793,0.8992146170937123,0.00010180278748063297,2.3699665141354922e-05,0.010831080161278954,0.004580537745849063,0.003281728892661868,1.2777169539074113e-05,2.3593446797804536e-06,0.00018113801524386415,0.013267875640728656,2.130764650893287e-05,0.0036588488579535,2.0897979966959865e-05,0.0006593733787922586,3.967264575563511e-06,0.00010442112533704831,0.0001799092457813861,0.030838310277252767,0.00013745084491906864,0.001095017532236092
69,0.00010740914330481467,0.00027258851049699926,8.814327208290587e-05,0.007333222220727656,0.02654723156655594,0.8978766692162902,9.455362822616662e-05,1.9615442776508927e-05,0.011804517521230734,0.004029529380063031,0.0032443523949135487,1.3518338314262194e-05,2.146042283343329e-06,0.00016813420658930118,0.014277568598575366,1.8402696800260108e-05,0.0033247242793492267,1.6489509334964468e-05,0.0005552887879548353,3.5283643711486983e-06,7.930894589536111e-05,0.00017704984167800917,0.02865851424040631,0.00014109914901266302,0.001146394702766517
70,0.000113221152573805,0.00033975810957148135,0.00012268305981744787,0.006029536873349746,0.018689123113191458,0.9038979161336453,9.438473830177743e-05,2.716412945342705e-05,0.010211234348692805,0.006212997034611213,0.0031988788631316877,1.3750332578558342e-05,2.555404064388154e-06,0.00021827387579926663,0.01232704146635894,2.97383575015318e-05,0.004493052075674274,2.4067924086160885e-05,0.0007278145860043542,4.574147007751761e-06,0.00012791202766080886,0.00020324011942488013,0.031404463165965006,0.0001489773358499711,0.0013376416256837677
71,3.9239828427070766e-05,0.0005063424608107112,0.0003613051700614749,0.007673675771371473,0.12230389265448512,0.648108616633018,0.0002529266388490896,2.1297603628647137e-05,0.06785120432427101,0.015670608497811406,0.001990576037720069,1.3753591893148679e-05,3.1679022351458162e-06,0.001972881660143291,0.007304739055986901,3.895573028370425e-05,0.0028553238278094,6.041527614569333e-05,0.0006040395760709128,2.7874901821587274e-05,0.0006406274030142031,7.436357805293406e-05,0.11689234626913261,0.001003277020334318,0.003728548586622136
