,0,1,2,3,4,5,6,7,8,9,10,11,12,13,14,15,16,17,18,19,20,21,22,23,24
0,8.776878922872383e-08,0.00025415243022958845,0.0028899519969736542,0.0018023580951998708,0.0051028798272653815,0.9656070598788509,1.5738948055054195e-05,8.611606929763972e-08,0.00035550178538590967,0.006810551816439062,7.061741193184705e-05,3.032383819598459e-07,3.1857737574879965e-06,0.015797397601571825,0.0007198645628692402,0.00015386302902198099,2.5190048851119904e-05,6.909629312963449e-08,2.0280805499702726e-06,1.9699763580151313e-05,0.0002940709257457887,4.064135672821928e-05,2.057475639185026e-06,3.1958875195451147e-05,6.840966248396717e-07
1,1.018610888844422e-07,0.00023587005306583837,0.002648790407667188,0.0016950344378800755,0.004994042655547783,0.9681481857998293,1.601051435752455e-05,1.1236431977357288e-07,0.0005594564410298353,0.009732444924103294,5.613791640724465e-05,2.148794669832442e-07,3.0476821203122803e-06,0.010692865245716148,0.0006552617836277249,0.00022542913796164983,2.2541842097301673e-05,5.3372743981579854e-08,2.5208675292490134e-06,2.094902149606091e-05,0.00021628680618627753,3.651585641486017e-05,1.6596184422920957e-06,3.592828836857269e-05,5.382225321107565e-07
2,1.1508892835376053e-07,0.00023147254895584043,0.0029701904285573894,0.0017685197456652115,0.006001156689072182,0.9566922387604037,2.739399633321627e-05,1.4246673765873173e-07,0.0005764567000691464,0.011048121413894527,6.581593918644374e-05,2.506940736869997e-07,3.0551235530007144e-06,0.018832294991111803,0.0010895199042499806,0.00019138862257370826,2.4758332405449295e-05,8.35436646707738e-08,3.2348441039044405e-06,4.1853096488506964e-05,0.000315152785147059,6.973046184063633e-05,3.3250955298623125e-06,4.243422844170055e-05,1.294499012217865e-06
3,8.468018397827967e-08,0.0002312304870920605,0.0027620126007520574,0.0016787154304476121,0.0045788884327243,0.9680437861876546,1.5201673761993197e-05,8.634069414195017e-08,0.0003368119891589588,0.006766612658360359,6.394074009651856e-05,2.8095815338699963e-07,3.033568624301328e-06,0.014281433427394252,0.0006840512038775989,0.00015293955377334467,2.377932242160311e-05,6.492378264566109e-08,2.070429920379507e-06,2.0363847179224503e-05,0.0002825570580022465,3.864259270041748e-05,1.97409591775001e-06,3.0801946732966944e-05,6.358505931692686e-07
4,9.3019945553798e-08,0.00027790766012852273,0.0029562599514031647,0.0018301157178143262,0.005185084374411272,0.9647461126578271,1.5645879626606576e-05,9.358284292736387e-08,0.00034008580873081827,0.0065536561343057355,7.624481389460964e-05,3.918796547205326e-07,4.1818692978489486e-06,0.016812104827501433,0.000614557455721479,0.0001597458535606605,2.8295485040734762e-05,8.069363863288121e-08,2.320511280802799e-06,2.1062619753907684e-05,0.0003026849603413834,4.1539720241874906e-05,2.0970448970035526e-06,2.8968758611674842e-05,6.687195274070758e-07
5,1.1517221799862579e-07,0.00021454041394344364,0.0031697121028789726,0.0023439187546022418,0.004606813092198676,0.960686288205397,1.7748910299095393e-05,1.0939716619278134e-07,0.00039475214612771746,0.009122471468221954,6.949359170313738e-05,3.648540645436469e-07,3.561666496715569e-06,0.018062092896451377,0.0006290102233183263,0.00018776341733728991,3.117524845985918e-05,1.208442823666854e-07,1.858562416099759e-06,2.9681496819572735e-05,0.00033577433469594023,4.484968699826734e-05,2.3549258786162353e-06,4.460000683715535e-05,8.285811875894228e-07
6,8.468018397827967e-08,0.0002312304870920605,0.0027620126007520574,0.0016787154304476121,0.0045788884327243,0.9680437861876546,1.5201673761993197e-05,8.634069414195017e-08,0.0003368119891589588,0.006766612658360359,6.394074009651856e-05,2.8095815338699963e-07,3.033568624301328e-06,0.014281433427394252,0.0006840512038775989,0.00015293955377334467,2.377932242160311e-05,6.492378264566109e-08,2.070429920379507e-06,2.0363847179224503e-05,0.0002825570580022465,3.864259270041748e-05,1.97409591775001e-06,3.0801946732966944e-05,6.358505931692686e-07
7,1.0074853733118913e-07,0.0003051984474137688,0.004055897072809605,0.0016927450968451919,0.0050642887567072265,0.9676437132801057,1.5089813032830736e-05,9.361634943989504e-08,0.0002950407047722106,0.006308085264331142,7.780396570773809e-05,3.3829380591560935e-07,4.450804593257799e-06,0.013372928061281354,0.0006286519985830752,0.0001389891219172927,2.5993091239098745e-05,6.7726291474898e-08,2.645848034798799e-06,1.820500890425612e-05,0.00027849136111080696,3.913256705387325e-05,1.4987772522230441e-06,3.003109211590296e-05,5.19481204374215e-07
8,1.797954316337031e-07,0.00027703151551624814,0.003930275076119394,0.0029260416801835717,0.006437716115203042,0.935505549911728,3.4023980542815694e-05,1.2252196971565193e-07,0.0009197152005618116,0.018065787931767375,0.00011365535932041428,2.1391785544554706e-07,2.4445395550138842e-06,0.028907586764104733,0.0019846759213455532,0.0002085851909521952,3.216687636277746e-05,1.218893676428166e-07,2.047029859984813e-06,3.7088142034856724e-05,0.0003744422606309554,8.756947972807104e-05,4.1065022749679376e-06,0.00014663855128266106,2.21384630114536e-06
9,1.1056546077920899e-07,0.00016412924712996675,0.004024586898560437,0.002492423101758735,0.004018999640541011,0.956684787138854,1.4265462193699047e-05,1.1148374566092641e-07,0.0004501710238466518,0.011974506894714139,8.830982804663718e-05,2.04550606206491e-07,2.804692335501098e-06,0.018421984933014467,0.0009595888189798445,0.0001867760461994417,2.990990665100801e-05,7.83805840529694e-08,1.91617484192076e-06,3.3093270760914215e-05,0.00030975769542309056,5.51258830882085e-05,2.6505718239516297e-06,8.308069024628745e-05,6.271005932639515e-07
10,8.468018397827967e-08,0.0002312304870920605,0.0027620126007520574,0.0016787154304476121,0.0045788884327243,0.9680437861876546,1.5201673761993197e-05,8.634069414195017e-08,0.0003368119891589588,0.006766612658360359,6.394074009651856e-05,2.8095815338699963e-07,3.033568624301328e-06,0.014281433427394252,0.0006840512038775989,0.00015293955377334467,2.377932242160311e-05,6.492378264566109e-08,2.070429920379507e-06,2.0363847179224503e-05,0.0002825570580022465,3.864259270041748e-05,1.97409591775001e-06,3.0801946732966944e-05,6.358505931692686e-07
11,8.262488842758335e-08,0.0002393116607759782,0.002734072550570526,0.0016496790297567782,0.004440403538465213,0.9692373769348697,1.5028357905665287e-05,9.315346492123623e-08,0.00032716035181933333,0.00634071411958786,6.200724739142354e-05,3.115684738053963e-07,3.451043295648906e-06,0.013784304915068005,0.0006229899835787465,0.00015718879975440124,2.5346799807502082e-05,6.5544122137385e-08,2.181563401019289e-06,2.018906752638734e-05,0.00026971888838197194,3.842402129517804e-05,1.9064958334651862e-06,2.7402766143573614e-05,5.889738223549574e-07
12,8.90525510542303e-08,0.0001426156805667029,0.003960661160050699,0.0018539201657815612,0.0016706376640883396,0.9699996967271779,1.2289322852100923e-05,1.5745215263542434e-07,0.00043982339852422723,0.01357953562319303,5.963712703592919e-05,1.1695731894686889e-07,2.5796424861758983e-06,0.006739143568815804,0.0009304066076308327,0.00018758966007473852,3.906082026150429e-05,2.474644489800582e-08,2.983294901834749e-06,1.5069045050797132e-05,0.00022324403960649063,7.395817893899994e-05,1.0658727819150792e-06,6.545382733402137e-05,2.4036437892436517e-07
13,1.009754428196766e-07,0.000400028481537729,0.004251193028428132,0.0030655814493086016,0.010414125297904834,0.940706819302191,1.2186315231322157e-05,6.066220595044488e-08,0.0002929727947494292,0.004778775408965191,0.0003951382788895305,6.635604959878919e-07,7.774968193812028e-06,0.033683469452702605,0.001176362534988363,0.00015654614625240884,3.709549089186095e-05,8.129506108604598e-08,2.9079670190464177e-06,1.4862582996679788e-05,0.0005021791761520935,4.429557572227285e-05,4.044763390812144e-06,5.209404112969699e-05,6.404501488183951e-07
14,4.425788106237083e-08,0.0005025206124272441,0.0012255522711683722,0.00032250321460723164,0.004648223232388652,0.9817918840979163,7.612623310914652e-06,1.5666312983557396e-08,6.685565313003284e-05,0.0018494378350171344,6.89872881103282e-05,6.18532498623834e-07,4.733789213308302e-06,0.008990529304787734,0.00021807724085495488,7.986001054479006e-05,9.006616154185031e-06,3.0748050695232534e-08,4.0250665523939995e-06,5.97296722664688e-06,0.0001869939934865827,1.145758679490166e-05,5.589551588493468e-07,4.252070589528695e-06,2.4636581670065355e-07
15,8.468018397827967e-08,0.0002312304870920605,0.0027620126007520574,0.0016787154304476121,0.0045788884327243,0.9680437861876546,1.5201673761993197e-05,8.634069414195017e-08,0.0003368119891589588,0.006766612658360359,6.394074009651856e-05,2.8095815338699963e-07,3.033568624301328e-06,0.014281433427394252,0.0006840512038775989,0.00015293955377334467,2.377932242160311e-05,6.492378264566109e-08,2.070429920379507e-06,2.0363847179224503e-05,0.0002825570580022465,3.864259270041748e-05,1.97409591775001e-06,3.0801946732966944e-05,6.358505931692686e-07
16,1.3392261765218343e-07,0.00023810080715058355,0.0029790927225470413,0.002483477155893328,0.004612602750659498,0.944006980558974,2.1126533566457514e-05,8.998655709220368e-08,0.00026598625931387605,0.014478284299059934,8.073318910118771e-05,7.067930396503333e-07,3.317318565542267e-06,0.029011118896970053,0.0005737305253500588,0.00018591053437650077,3.810311764673869e-05,2.40164955744576e-07,2.0712054582422526e-06,3.7002628386148016e-05,0.0008718320351799652,6.674232104928342e-05,2.640663716026299e-06,3.8519459433792885e-05,1.4561504316117956e-06
17,1.618711334438842e-07,0.00039389968205224196,0.0036277164751321706,0.0024761639238342834,0.0068102965077697745,0.9373648476704024,2.1002345359050782e-05,1.3578695465174655e-07,0.0003438630648528402,0.008222470405988017,9.648785531884377e-05,1.2355345296014163e-06,7.0054392441754285e-06,0.039100658788744774,0.0005018788074246437,0.00016503350624810103,5.30442292290525e-05,3.0727322775250013e-07,2.836745497701424e-06,4.274596989483667e-05,0.0006528744300449634,7.988349455062015e-05,4.171073484306743e-06,2.94445166136951e-05,1.8346024676466062e-06
18,1.6575903493664312e-07,0.00036399572132789416,0.0019115398259892064,0.0015643270513244162,0.003570443727326665,0.9520014929648534,2.440546605815877e-05,1.1645936762565503e-07,0.0004955159045057011,0.010328837170285324,6.742190760372916e-05,7.788270842717073e-07,4.773595946219655e-06,0.028389243567326264,0.0004938104001607714,0.00017996445824347036,6.0047483896594747e-05,2.3739114076094093e-07,2.4238965002304224e-06,3.2791198925591967e-05,0.0003900145130897502,8.184538276799676e-05,3.5624399040054497e-06,2.9983809019223413e-05,2.2610783176943238e-06
19,9.174158349627655e-08,0.00028323569460320667,0.004160104391332997,0.002115212692254987,0.006308363848492668,0.9633893579476418,1.8187176414970188e-05,1.2743669805888453e-07,0.00033527821932776726,0.006670677881248731,6.969636332346604e-05,4.381446032148149e-07,4.821193079337815e-06,0.015392790686023403,0.0006342857500377661,0.00017729172427917902,2.8942265338050456e-05,8.330006674445314e-08,2.757958480388961e-06,2.375747937229943e-05,0.0003090101858642835,4.671887285633388e-05,1.7082723321151643e-06,2.649620562010341e-05,5.645691246996798e-07
20,8.012282135793412e-08,0.00020567312059453384,0.0034955511719531474,0.0020630807697602604,0.004974006705219688,0.9659283781164536,2.2767187033459484e-05,1.2424143126418212e-07,0.0003272609502674356,0.007302335200314636,8.638563193892955e-05,1.988307540755993e-07,2.486833233093838e-06,0.01315779464398078,0.0017074980389627267,0.00015739949354723703,2.2841637114529313e-05,4.2299584756458524e-08,3.056317882112889e-06,2.1479208328762795e-05,0.00041811394295119685,5.845013458790971e-05,2.8489841123230513e-06,4.144211921444313e-05,7.042979576332787e-07
21,1.4685411481874527e-07,0.0003325574420713212,0.003279939189192223,0.0024308515021612942,0.00748173989822958,0.947430949473629,1.6263982553815284e-05,9.373118868799665e-08,0.0004092179269156973,0.012625571305622004,0.00010264074316541437,5.952882433482957e-07,4.5057972023790734e-06,0.024372617831979797,0.0005721674474472403,0.00022006786957643604,3.0960957179600976e-05,1.465980568373241e-07,2.7625196422866234e-06,2.8961433974547395e-05,0.0005638520797802629,4.82979500529009e-05,2.412932694472125e-06,4.16793588960501e-05,9.998864298215391e-07
22,1.033009855382985e-07,0.00018465113395205906,0.003711014150271399,0.002537889070753946,0.0038887218300499337,0.9592953126771242,1.1954317251626719e-05,9.08997004331392e-08,0.0002786119826733792,0.010353083863828147,8.980289285961364e-05,3.7959639034128225e-07,3.3931365935496924e-06,0.0182381585189231,0.0006260705343967066,0.00018619682429355625,3.689719498996155e-05,1.0280770031816347e-07,1.8462311804092974e-06,2.408806987980897e-05,0.00043366555365190803,4.831891313779985e-05,1.9454069040303645e-06,4.7153292322521496e-05,5.478001857480966e-07
23,8.468018397827967e-08,0.0002312304870920605,0.0027620126007520574,0.0016787154304476121,0.0045788884327243,0.9680437861876546,1.5201673761993197e-05,8.634069414195017e-08,0.0003368119891589588,0.006766612658360359,6.394074009651856e-05,2.8095815338699963e-07,3.033568624301328e-06,0.014281433427394252,0.0006840512038775989,0.00015293955377334467,2.377932242160311e-05,6.492378264566109e-08,2.070429920379507e-06,2.0363847179224503e-05,0.0002825570580022465,3.864259270041748e-05,1.97409591775001e-06,3.0801946732966944e-05,6.358505931692686e-07
24,9.774088957066642e-08,0.000305223486710821,0.0031694046778366954,0.002507868988417225,0.00877261519042596,0.9523984480208476,1.722862484497704e-05,1.0211556107851431e-07,0.00038285826920317833,0.00682016064757493,9.130830915848436e-05,5.683685642924517e-07,5.490773812254793e-06,0.024281569530853038,0.000571135166880145,0.00022038244175931384,2.8036431301886052e-05,1.1783864983648686e-07,2.359756835319432e-06,2.613365784358859e-05,0.00032844657329690884,3.773189188917113e-05,2.5232188712880177e-06,2.9434891368383032e-05,7.533866036794785e-07
25,1.466526793121795e-07,0.0002710645687111206,0.005455267788335797,0.004213931690113922,0.009544998562412315,0.9450490719801852,2.4553445478676276e-05,1.7173901131792226e-07,0.00038024589395800075,0.009696587969587694,0.00015322579501279328,5.240348804733534e-07,6.76204470666157e-06,0.023204158639191483,0.0009827944888779615,0.00026756881797420935,3.6308046363545346e-05,1.3348396245059636e-07,3.582868308837101e-06,3.19232417535311e-05,0.0005684308888555043,5.460259983202462e-05,3.293808572130386e-06,4.987285773424939e-05,7.7809350094854e-07
26,1.0284665703267328e-07,0.00020758761792140536,0.002190540171652804,0.0018238753621712075,0.0035230914630040213,0.9762874052279782,1.4581499927096887e-05,1.1566963015128497e-07,0.0006571222946586796,0.005242578808676617,5.4905213599940256e-05,1.6328134467866172e-07,2.6302431210953546e-06,0.008778652399047081,0.0007568423301249285,0.00016217657474189791,2.741584550053884e-05,4.6372157985187026e-08,1.4885125657509912e-06,1.917442068395671e-05,0.00016926250779082807,2.7574513301742034e-05,2.7921853769956415e-06,4.930616322333405e-05,5.684751418810333e-07
27,8.994374410902672e-08,0.00022853111794713695,0.002439523924458258,0.0015741218771380676,0.004229910291663065,0.9659135853553847,2.21679571987768e-05,1.072958214564042e-07,0.0005915315162570688,0.009162728810495508,6.33839392173373e-05,1.9671107667356246e-07,2.603571618881733e-06,0.014139999612761014,0.0010753937804741853,0.00016892211506190638,2.6667954297700182e-05,5.220857516852362e-08,2.3385204670474838e-06,2.4698129992911373e-05,0.0002269716015785883,5.837609422511285e-05,2.403747551789477e-06,4.479845998296213e-05,8.954630103421628e-07
28,8.468018397827967e-08,0.0002312304870920605,0.0027620126007520574,0.0016787154304476121,0.0045788884327243,0.9680437861876546,1.5201673761993197e-05,8.634069414195017e-08,0.0003368119891589588,0.006766612658360359,6.394074009651856e-05,2.8095815338699963e-07,3.033568624301328e-06,0.014281433427394252,0.0006840512038775989,0.00015293955377334467,2.377932242160311e-05,6.492378264566109e-08,2.070429920379507e-06,2.0363847179224503e-05,0.0002825570580022465,3.864259270041748e-05,1.97409591775001e-06,3.0801946732966944e-05,6.358505931692686e-07
29,8.468018397827967e-08,0.0002312304870920605,0.0027620126007520574,0.0016787154304476121,0.0045788884327243,0.9680437861876546,1.5201673761993197e-05,8.634069414195017e-08,0.0003368119891589588,0.006766612658360359,6.394074009651856e-05,2.8095815338699963e-07,3.033568624301328e-06,0.014281433427394252,0.0006840512038775989,0.00015293955377334467,2.377932242160311e-05,6.492378264566109e-08,2.070429920379507e-06,2.0363847179224503e-05,0.0002825570580022465,3.864259270041748e-05,1.97409591775001e-06,3.0801946732966944e-05,6.358505931692686e-07
30,8.468018397827967e-08,0.0002312304870920605,0.0027620126007520574,0.0016787154304476121,0.0045788884327243,0.9680437861876546,1.5201673761993197e-05,8.634069414195017e-08,0.0003368119891589588,0.006766612658360359,6.394074009651856e-05,2.8095815338699963e-07,3.033568624301328e-06,0.014281433427394252,0.0006840512038775989,0.00015293955377334467,2.377932242160311e-05,6.492378264566109e-08,2.070429920379507e-06,2.0363847179224503e-05,0.0002825570580022465,3.864259270041748e-05,1.97409591775001e-06,3.0801946732966944e-05,6.358505931692686e-07
31,1.6220088116271683e-07,0.0003200007209772436,0.005459042411543221,0.002190505911773154,0.005771617620404842,0.9597444722145991,1.9450627972511843e-05,1.7040865737449614e-07,0.000293011830541309,0.007354809959252415,6.779807906854998e-05,5.617212913473458e-07,5.305329095925765e-06,0.017401492209137278,0.0006097821896590572,0.00015827713952596084,3.510521079765121e-05,1.5390905372982872e-07,3.355205289864947e-06,3.297768455576779e-05,0.0004428182245494732,5.5111243694021974e-05,2.334424131431715e-06,3.075713334337933e-05,9.263902039916979e-07
32,8.54485470070747e-08,0.0002339551655341787,0.0028398493545342784,0.0015291022912388304,0.004760339261667518,0.9686005737600399,1.5719299954313994e-05,9.355483346722048e-08,0.00031964907839080126,0.00663080417514314,6.245091841589292e-05,2.9202834205870893e-07,3.2009689407034e-06,0.013744055481482317,0.0006999822134290064,0.0001564874678778099,2.2622441844942667e-05,6.253610152000166e-08,2.5604274058563828e-06,2.189017025626172e-05,0.00028457897697458956,4.123032420043566e-05,1.984309876038408e-06,2.7791085805107897e-05,6.392591641995099e-07
33,8.897653649500383e-08,0.0002674327365276373,0.0024531831598267905,0.0017493889954835545,0.002621669796781301,0.958380860879722,1.5873416893268193e-05,1.1995860111516022e-07,0.00035477235190924247,0.008144908549854508,5.4356492154560337e-05,9.618741398247644e-07,1.0190133495075793e-05,0.025178385371058574,0.00019720611705853174,0.00021549584019562912,8.764497675852584e-05,1.8475494249541175e-07,2.0075270302171804e-06,2.4451508226077674e-05,0.00015118904224982658,7.07042338869973e-05,1.1673077954377753e-06,1.7206740175964168e-05,5.492586965662455e-07
34,1.883489490015646e-07,0.000482063868601055,0.004014088328327559,0.0014236170562539087,0.008181048212109503,0.958524829689949,1.8554016754220863e-05,1.1394860966584525e-07,0.0005693288624742402,0.008061247393613013,0.0001334250508718373,3.4961755106631896e-07,4.982002602480414e-06,0.016858809587039603,0.0010777387280739383,0.00016156637416842802,2.434231213768427e-05,6.725794144141896e-08,5.977272820550258e-06,2.341878718137858e-05,0.0003223936900302144,5.893907440919787e-05,2.974596937876271e-06,4.8930782191964005e-05,1.0051404014107593e-06
35,9.63074275273943e-07,0.0007065284344241091,0.0061904483070902815,0.0037784308393750453,0.0062281953258843765,0.9252107880442343,3.727472840565769e-05,4.635959764591473e-07,0.00155603842527186,0.03309043861782326,7.89207698721815e-05,1.4622114487719864e-06,1.1778099082328796e-05,0.021512915910667306,0.000330758718752651,0.0004488677988046467,0.00013746282316310694,7.86458527028134e-07,5.324448572188569e-06,4.9838925549654875e-05,0.00044034570507481204,0.00010823276604349947,1.970969335660762e-06,6.950565491046423e-05,2.259347434993725e-06
36,4.09354610565225e-08,0.0001368859839075089,0.0010406552814638268,0.0012259589103229454,0.001290644953036921,0.9765216009473077,1.2945590611735492e-05,1.0570873128173567e-07,0.00044105284221860377,0.004736816325118836,2.901202422846494e-05,3.949451029728902e-07,3.92408943602287e-06,0.013817136086186368,0.00029434172065785044,0.0001913366774102985,7.745229756172071e-05,6.301373015571942e-08,1.0914264280352734e-06,1.795227275768721e-05,8.434458571676389e-05,5.9385869300269905e-05,1.6311325901482204e-06,1.4796761612687984e-05,4.296191002389311e-07
37,1.891545255453974e-07,0.000261343695454546,0.0050752948963540875,0.003221253729559393,0.005541288509602798,0.9483595146796027,1.864833129781531e-05,1.0771633196052318e-07,0.00042066619564193775,0.011419391360218158,0.0001288285151016415,4.3541295841160654e-07,4.350369479834777e-06,0.023849116636330756,0.000865356196023944,0.00019593160186996223,3.8364622310609694e-05,1.733458711715279e-07,2.129736824364637e-06,3.0348786393000124e-05,0.00041653192628898913,5.311666073206015e-05,2.6000419418433247e-06,9.403451862921549e-05,9.833606552944563e-07
38,3.312659434918887e-08,9.571806757815265e-05,0.00133706994951384,0.0008775693479080239,0.0017472367999509433,0.9864146872265371,1.0238972464222524e-05,5.275548575612739e-08,0.00010969140658119711,0.002905800491848195,3.339859090007508e-05,1.4468346016005013e-07,1.8762467302741719e-06,0.005628975200319139,0.000472886776659998,0.00013113398154550074,1.339130801171548e-05,2.4476578280368434e-08,1.6109931179787845e-06,1.2091151117957865e-05,0.0001771075890086182,1.570255991056833e-05,1.310606265391516e-06,1.2030297063133729e-05,2.1739484935021366e-07
39,8.005268282625087e-08,0.00021588937990675157,0.002646749814928837,0.0016510243975000772,0.004247689442774342,0.9699979164256057,1.517288357418474e-05,8.82794403173578e-08,0.0003110265301044973,0.006336940422016873,5.928975319695417e-05,2.7321827385094374e-07,2.9050906077817935e-06,0.013280740287959569,0.000680538598791905,0.00015045608748584052,2.3510548917422194e-05,6.234249291831085e-08,2.0205645289225805e-06,2.0245983348128345e-05,0.0002888001293618429,3.733459850324967e-05,2.018460555045818e-06,2.860529263452858e-05,6.214148077557677e-07
40,1.4480253966813448e-07,0.000183355627068762,0.0018908742054262713,0.003173354171387945,0.0032574962896030233,0.9656848629274748,1.992453502594702e-05,1.684625687174991e-07,0.0007284743263024897,0.011464610091173997,6.893053315698951e-05,2.440602370047563e-07,3.53828074929259e-06,0.012112339783748335,0.0006146548625324562,0.00030731617988907333,4.560510972543013e-05,9.331788200048441e-08,1.6970454529546042e-06,2.4023351265084436e-05,0.00032618258177378166,3.553770199084268e-05,3.588821829612762e-06,5.2246524349439086e-05,7.364068460696829e-07
41,1.0186536019047556e-07,0.0001773490562982565,0.0032021808446767628,0.0017894061644665332,0.003789274410028229,0.9628201051201031,1.8049067551376876e-05,1.0165165600665887e-07,0.0002168625621395609,0.008293750024869056,7.880318742668799e-05,3.747658958838175e-07,3.189907104167181e-06,0.017971398864634933,0.0008350989079306603,0.00016422644993625498,2.763134358808059e-05,1.0038205095892972e-07,2.981392308550747e-06,3.043793938283544e-05,0.00047871207864404495,6.063955377514069e-05,2.6680733598405226e-06,3.57151679836186e-05,8.412188290862278e-07
42,7.207749311004654e-08,0.00021304809677941965,0.004903230205130456,0.0013270687278348406,0.004034567774036668,0.9668912564893254,1.6604188784941573e-05,1.8794351988104813e-07,0.00025750317938132996,0.009673125937806473,5.1775994893116504e-05,3.1813581210506085e-07,3.252516276243927e-06,0.010848616617546415,0.000979763970859377,0.0001614057874313801,2.9123833511630188e-05,3.7411740962858166e-08,6.420099723595373e-06,2.8882986386316663e-05,0.00043222906822705694,0.00011706111140626993,1.4137258528020929e-06,2.2610109535769613e-05,4.240107043650581e-07
43,1.4823602871162218e-07,0.003218295230484498,0.006873731866440237,0.004031569278872617,0.022752717055180918,0.8822070409622763,1.6696121385424814e-05,1.6636609142510845e-08,3.562059653549035e-05,5.8627078616036e-05,0.000961897704159534,2.5577433449131804e-05,4.367596958236956e-05,0.07869046315967503,0.000557419263749519,3.8576168561282626e-05,0.00012024490084652336,7.890339801561413e-07,1.0067373702523187e-06,1.2673998697290592e-06,0.00034279832363079047,8.073320535950262e-06,4.058547678454716e-06,7.96545889878041e-06,1.7235155830758302e-06
44,8.468018397827967e-08,0.0002312304870920605,0.0027620126007520574,0.0016787154304476121,0.0045788884327243,0.9680437861876546,1.5201673761993197e-05,8.634069414195017e-08,0.0003368119891589588,0.006766612658360359,6.394074009651856e-05,2.8095815338699963e-07,3.033568624301328e-06,0.014281433427394252,0.0006840512038775989,0.00015293955377334467,2.377932242160311e-05,6.492378264566109e-08,2.070429920379507e-06,2.0363847179224503e-05,0.0002825570580022465,3.864259270041748e-05,1.97409591775001e-06,3.0801946732966944e-05,6.358505931692686e-07
45,4.0393469508336934e-08,0.00010180104600065178,0.0024343511379221355,0.001433614496785602,0.0027737092917962053,0.9803527401520238,1.610404150054197e-05,9.660359478779017e-08,0.00023328748128837484,0.004906373258829877,3.7702432531676144e-05,9.09366649230423e-08,1.6043022254981123e-06,0.006152163253592084,0.0011416264924337639,0.00016275543036013557,1.3610954611783054e-05,2.0649189285526494e-08,1.8086260025331499e-06,1.5903110363398064e-05,0.0001640957733223769,2.7398026269162773e-05,1.3789543914015744e-06,2.7446508742782362e-05,2.766460875617777e-07
46,1.0826143016231215e-07,0.0003608274264579657,0.0035337826612258975,0.001663594980258939,0.010155630628490899,0.9518670766074422,2.549803169894503e-05,8.428229532270621e-08,0.0004461628525147465,0.008714178085314968,8.779336828202676e-05,3.0859236973393997e-07,3.253763591672142e-06,0.021430611475198872,0.0010655862931096352,0.00015985453460375698,1.6690499747728715e-05,8.028358414042006e-08,3.253652671448513e-06,2.606182980506091e-05,0.00035468599514372376,4.755898726324853e-05,2.4010889457695034e-06,3.3699105443368294e-05,1.2167131094372991e-06
47,7.493146108698538e-08,0.00020563089709312518,0.002776644034155566,0.001895481439950615,0.004942279436027306,0.9680097793699936,1.4330069422053614e-05,7.883672357689686e-08,0.0003126276433690489,0.006051015524848524,6.923293132614658e-05,2.416531478385684e-07,2.848993539315914e-06,0.01444757685218116,0.0007295869648379037,0.00015331589624600583,2.0997076582796286e-05,5.889917869230458e-08,1.761228723497032e-06,1.9060414822848665e-05,0.0002811730135401381,3.141361066645217e-05,2.1272318466182627e-06,3.2103712886268484e-05,5.593374298328012e-07
48,5.878554183308273e-07,0.0006288341221264363,0.011370429090026578,0.006793855554748303,0.05903619317817355,0.707045877389115,6.793745034568344e-05,1.3028502000639412e-07,0.0013245620863707873,0.055330486654460546,0.0004600596449849858,8.520574240876486e-07,4.434596403561884e-06,0.15198418431927668,0.003210344828976629,0.00033255397458738527,2.6587051251765288e-05,8.24806150134282e-07,4.907615030660369e-06,0.00011000972446128816,0.001760877369031546,0.00020045225026178091,8.607862909398805e-06,0.00028526567390854197,1.1144559536437298e-05
49,6.3715060522904e-08,0.00021215882266440475,0.0032709320180013234,0.0012227489340188363,0.0035737779324917333,0.9716760391658461,1.2040217703293889e-05,7.254623537273036e-08,0.0001976310631246737,0.005609646080835962,4.83555387232304e-05,3.5785098006257863e-07,3.0316212444386655e-06,0.013182697059163253,0.0004993757594773148,0.00011152190519058685,2.268197429143066e-05,6.47127755038476e-08,2.123516324860766e-06,2.094579341516214e-05,0.0002677492694172373,4.3735028514990195e-05,1.1903994033875656e-06,2.0595703551850423e-05,4.633715445923956e-07
50,2.3383289809986323e-07,0.00038752101671340355,0.004067228017061141,0.0016690761129610188,0.008487445867758396,0.9131871872978484,7.21441522540117e-05,2.1781202731696294e-07,0.0009160289660828917,0.04075448878098922,6.570418107510498e-05,3.182880958813823e-07,3.2213357340131966e-06,0.027633981574769012,0.001604965719903825,0.00029702841416336866,2.5351896599324185e-05,1.7668050436498707e-07,6.880157134150314e-06,6.692954603423165e-05,0.0005082682078832324,0.00018157793746236459,2.6395076625104156e-06,5.753884690725106e-05,3.845849477374246e-06
51,8.746129911512598e-08,0.000142722644287213,0.001989073258527843,0.0010885335019409734,0.0032054606822085924,0.9744834885038671,1.867881521738052e-05,8.930506129830264e-08,0.00018747076631533402,0.005264357807664539,5.4063031512637505e-05,2.7524733966261806e-07,2.4223804314485613e-06,0.012137875141804843,0.0008175847913737557,0.00016092027386806546,1.8981293455991996e-05,7.732104751229019e-08,3.1963356086532125e-06,3.065560479660811e-05,0.00032922024329706107,3.8143191588090076e-05,3.252031817296181e-06,2.243593606098412e-05,9.344296078684968e-07
52,7.935301015997517e-08,0.0002756726938806883,0.002615516801876828,0.0014891916876660332,0.004858778224873572,0.9703438204397318,1.5900340074427606e-05,8.651570069194856e-08,0.0003299820130374105,0.005524912057645329,5.966737847589646e-05,2.875513358756737e-07,2.969603814225162e-06,0.013225362325722669,0.0007226846843464268,0.0001334917257632629,2.2824244241825095e-05,5.391220819554423e-08,2.272648235489045e-06,1.7417078707171924e-05,0.000294024769788171,3.795398937607184e-05,2.0362426631445864e-06,2.4340094744605198e-05,6.736230799195426e-07
53,7.601006476838767e-08,0.0001593003607725766,0.0015707675676694,0.0021540595197422985,0.004675931049983782,0.9678137626553228,4.4793538697079325e-05,1.402604091876781e-07,0.000626931433321723,0.007309856008682843,5.224553115119977e-05,1.6585511473845573e-07,2.520850600582171e-06,0.013666389874365583,0.001315259948061225,0.00025068586433983094,2.1450446506569707e-05,6.62228477921972e-08,1.8744868676837075e-06,2.985903727017621e-05,0.00022354163335782103,3.859166254332629e-05,4.236843767706432e-06,3.617961324986485e-05,1.313725289572445e-06
54,7.253447644058311e-08,9.678685622353767e-05,0.00624409216252765,0.003712410972356949,0.004420686359812551,0.966283175650646,1.0904240798203477e-05,1.2306740548327808e-07,0.0001555220992842588,0.004467485877839687,0.00012199244982798383,2.0954716699680921e-07,3.556111344447652e-06,0.012696234176716888,0.0010567122049526944,0.00014789572806864242,2.5419972751774332e-05,5.6176126044155033e-08,2.068864286941048e-06,2.556158155907301e-05,0.0004448060914633873,3.267320112193554e-05,3.0690835975195726e-06,4.821931505957352e-05,2.656745854651309e-07
55,4.787697595845945e-08,9.481803618241896e-05,0.002638598937091808,0.0014049218446724242,0.002432162888973467,0.9754655728855398,1.1126751496057887e-05,8.414107945635826e-08,0.00019587382966010944,0.006542722604167888,5.018919554243528e-05,9.711291855088148e-08,1.8123094856400278e-06,0.009813610751439076,0.0008740773025089674,0.00013079464383120823,1.6419689004945627e-05,2.7028844264524114e-08,1.9441104894415756e-06,2.1128372636453024e-05,0.00023372788332363015,3.719339409313554e-05,1.934988440837988e-06,3.0804598035724734e-05,3.088235662203543e-07
56,8.68151618336656e-08,0.00025131792344635674,0.002851281679765078,0.0016836394244088757,0.0047593209859759554,0.9677205917231728,1.538861551590497e-05,8.998199761362628e-08,0.00033923631994417557,0.006508790008414285,6.748707393492253e-05,3.2020462749623295e-07,3.5660266112819407e-06,0.014608488043492964,0.0006429245158017527,0.00015721300930453527,2.509892046551739e-05,6.963829561426091e-08,2.188479570644602e-06,2.046814554137869e-05,0.00027164618211619404,3.869028433790057e-05,1.9244834848418226e-06,2.9549679917100755e-05,6.218346950244817e-07
57,8.773120341544577e-08,0.0002768369566948036,0.004294069979515165,0.0012356804018743897,0.005880355613513164,0.9663532290408724,1.4114386802721794e-05,1.24508074878425e-07,0.0002004716322494935,0.006246221039947986,6.248201899802875e-05,6.005196554016235e-07,4.2455051441157e-06,0.014015099370773247,0.0006525145122869738,0.00015082612867380776,2.5421368620242873e-05,6.818132310408494e-08,5.975785165576948e-06,2.77103860672183e-05,0.00046401362882196167,7.098052566379313e-05,1.6901937300205914e-06,1.6599764640572605e-05,5.80819687666245e-07
58,9.077791973629516e-08,0.00021769166597554405,0.0029741034411944734,0.0017615068837698734,0.004237691967155614,0.9675809571457923,1.590516384712516e-05,9.122732464991705e-08,0.0003680231386496525,0.007466460625599882,7.002303244540155e-05,2.551453011864568e-07,2.950113972321263e-06,0.013929986540260586,0.0008058493168657056,0.00015995340581103073,2.490062453927339e-05,6.379028400796813e-08,2.1046192840812514e-06,2.172395316338504e-05,0.0002733989022086985,4.2409411852736804e-05,2.0313885576376303e-06,4.118878483078431e-05,6.389333943322118e-07
59,9.64745963727832e-08,0.00021230740605133019,0.0032878798816378223,0.0019340468874812372,0.004515286864260643,0.9656357357967446,1.624861372926277e-05,9.649959203389328e-08,0.0003802547762786936,0.008259879190474701,7.424962386574772e-05,2.4460491425721706e-07,2.828326519578699e-06,0.01418217469745141,0.0008883224149802848,0.00016975215622841045,2.460528031580789e-05,6.64944685053676e-08,2.114161713838926e-06,2.3129046381376182e-05,0.00029692446276899083,4.329994609034345e-05,2.0999221414833303e-06,4.7709023619581145e-05,6.47447693575836e-07
60,8.468018397827967e-08,0.0002312304870920605,0.0027620126007520574,0.0016787154304476121,0.0045788884327243,0.9680437861876546,1.5201673761993197e-05,8.634069414195017e-08,0.0003368119891589588,0.006766612658360359,6.394074009651856e-05,2.8095815338699963e-07,3.033568624301328e-06,0.014281433427394252,0.0006840512038775989,0.00015293955377334467,2.377932242160311e-05,6.492378264566109e-08,2.070429920379507e-06,2.0363847179224503e-05,0.0002825570580022465,3.864259270041748e-05,1.97409591775001e-06,3.0801946732966944e-05,6.358505931692686e-07
61,9.365598643627184e-08,0.00021231037256225617,0.0033521175200043607,0.0018630106057712457,0.004415043049615135,0.9668966924435296,1.488223308459948e-05,9.521477038585062e-08,0.00033669818927021356,0.007515719288899492,6.982200274637821e-05,2.6020144032561016e-07,2.893027624609749e-06,0.01393463358353921,0.0007937619011521151,0.00015870449762860978,2.4471268989327337e-05,6.759982026040274e-08,2.0942646618786654e-06,2.243908169405396e-05,0.00029875747342166827,4.165606930153665e-05,1.9947438161484085e-06,4.117971422324611e-05,6.019964469779461e-07
62,8.468018397827967e-08,0.0002312304870920605,0.0027620126007520574,0.0016787154304476121,0.0045788884327243,0.9680437861876546,1.5201673761993197e-05,8.634069414195017e-08,0.0003368119891589588,0.006766612658360359,6.394074009651856e-05,2.8095815338699963e-07,3.033568624301328e-06,0.014281433427394252,0.0006840512038775989,0.00015293955377334467,2.377932242160311e-05,6.492378264566109e-08,2.070429920379507e-06,2.0363847179224503e-05,0.0002825570580022465,3.864259270041748e-05,1.97409591775001e-06,3.0801946732966944e-05,6.358505931692686e-07
63,8.747471484113767e-08,0.0002529052576108899,0.002748619668306649,0.0016304453756247333,0.004680023974162493,0.9680342301583286,1.5442242727775283e-05,8.579688543733094e-08,0.00035840245940379275,0.0067541788398121855,6.430199294291214e-05,2.871081838821195e-07,3.091145062029555e-06,0.014230905530966946,0.0006837274250651249,0.0001498326259904247,2.4224020716085857e-05,6.430355065497618e-08,2.1001575733411548e-06,1.9485488915968343e-05,0.0002752369493880465,3.912751788331947e-05,1.923335789318822e-06,3.061387114190158e-05,6.572792525610806e-07
64,8.892083834734305e-08,0.00023765670969296096,0.00312654244899811,0.0018366280687061387,0.0049550341832677825,0.9683740412390742,1.6084684245826046e-05,9.674346136079698e-08,0.0002958688412367991,0.00676030514720136,6.734715341881826e-05,2.9183208993243726e-07,2.8768059732403038e-06,0.012878722691869736,0.0007790352119960321,0.0001478144046034745,2.2447329064347633e-05,6.285514173054769e-08,2.3710161163923696e-06,2.0965479341952436e-05,0.00040414035314457943,3.8531727444913965e-05,2.1351319938845743e-06,3.0282836353606307e-05,6.281847242892848e-07
65,2.0731528566067334e-07,0.000387831851964475,0.002498884881795771,0.002193166285247843,0.006760564992939347,0.9440370768065905,2.204611783900479e-05,1.1940121877177181e-07,0.0008655691733282368,0.015089496483796634,8.141757268854773e-05,6.842235000249899e-07,5.504011440687781e-06,0.026846703414781525,0.00042875117423093936,0.000287206853672342,4.389334698765706e-05,2.3320799100398648e-07,2.586601420972339e-06,3.488021098629663e-05,0.00030462839111892467,5.815383620376812e-05,2.5270908509357566e-06,4.634429972420844e-05,1.5224543958509728e-06
66,7.711709342040994e-08,0.00021352058441392413,0.002429481345616325,0.0014977359863177447,0.0039025560756776544,0.9722481281709152,1.5184653604132418e-05,8.616646245173118e-08,0.0003342286121583167,0.005858499107308939,5.544448769448878e-05,2.392351060213614e-07,2.7984894880396923e-06,0.01226717337456555,0.0006792556756949837,0.000141433740432663,2.261366825812681e-05,5.484407030265517e-08,1.9728422498869255e-06,1.9329422789733284e-05,0.00024387742890092433,3.5454319626888585e-05,1.9939538889483698e-06,2.8257308740551768e-05,6.03388924818609e-07
67,4.101219208414773e-07,0.0009265134312533462,0.010532010875586395,0.005268725414799382,0.027931490587272442,0.9155603281049419,3.5748824367266606e-05,3.284395574682235e-07,0.0017030290788476762,0.01754315230978307,0.00015606693552961654,5.279621209918714e-07,8.217547250954154e-06,0.018109786630128986,0.0012195389607591797,0.0003890257485715491,4.1029100109905056e-05,1.2738603802432814e-07,6.676416327768743e-06,1.9797442806430036e-05,0.0004144966833976949,6.408571312546767e-05,1.8383487943854968e-06,6.59981189376605e-05,1.0498177715458868e-06
68,9.208532012205229e-08,0.0002064322388212542,0.0028725741989614577,0.0021970374620027358,0.004224802737843244,0.966042057724129,1.5631572088770565e-05,9.740488584010235e-08,0.0003056891211910159,0.006214744445745101,6.566497520457951e-05,4.0233715578984276e-07,4.420812345345274e-06,0.01679396312289199,0.00045981944633840567,0.00017109974045647036,3.024676401285508e-05,1.1192946251196083e-07,1.7785362638887041e-06,2.4058441586807128e-05,0.0003054092276728429,3.261854166892859e-05,2.283773946758006e-06,2.830450351536337e-05,6.588564889444592e-07
69,9.60929685681931e-08,0.00026402460598881985,0.002928754695200314,0.001919643557946406,0.005514579735539247,0.9645789589204099,1.7113602763321708e-05,9.42712628512943e-08,0.00042355447050290343,0.007506269296907042,6.905583996663613e-05,2.89653761944322e-07,3.1282505710441572e-06,0.015436765101302985,0.0007573903460394322,0.00017149879023385645,2.5198284279274818e-05,7.137125755755777e-08,2.040260368802397e-06,2.0052200358165792e-05,0.0002832919697490032,4.046244126878071e-05,2.078574855576933e-06,3.485535764162295e-05,7.323088560539733e-07
70,1.1835842072065573e-07,0.0003474365836484324,0.003524714647316239,0.0014362531454338683,0.0057249437093430545,0.963373247823579,1.8508834427744572e-05,8.87986397808421e-08,0.00033174147230855526,0.008008298856684084,8.392374797195524e-05,3.371312027170828e-07,3.1369298053360955e-06,0.015490061836765942,0.00097349625255221,0.00013460538467843008,2.2960988440385148e-05,6.731111192282975e-08,3.5712662622095647e-06,1.9786847726269976e-05,0.00040946793975109324,5.669172962115107e-05,2.0413713898619927e-06,3.356087693722474e-05,9.381559817782154e-07
71,7.861895975694453e-08,0.0002182075915153754,0.0027850243442976473,0.001587331870678316,0.004251797023755149,0.9697579585109736,1.4509495712551156e-05,8.307930961127077e-08,0.0003065109660179016,0.006388756864536671,6.02125262934023e-05,2.607631855491751e-07,2.8734300731228846e-06,0.01342253680116192,0.0006750167498171302,0.0001429055652427598,2.2520711404863395e-05,5.96439687312355e-08,2.0186168074795254e-06,1.9643237800543422e-05,0.00027260428882669083,3.749783797766018e-05,1.8491226715675506e-06,2.9159448961117937e-05,5.828900511347406e-07
