,0,1,2,3,4,5,6,7,8,9,10,11,12,13,14,15,16,17,18,19,20,21,22,23,24
0,2.345704282452294e-05,0.00017794976411711165,8.56570537898309e-06,0.0031909689131358553,0.0023378554572647974,0.9271492413805227,4.2298614175599065e-05,1.1725432588087922e-05,0.00630655314497079,0.002092517725564851,0.0008260999493495943,1.1018795064058901e-05,5.402826124586533e-07,3.118907183872798e-05,0.05026244108140882,2.2407613274715374e-05,0.0012672751732698104,1.1583391658851501e-06,0.00042734087024779967,7.800289876457945e-07,3.4294869410463483e-06,0.00031823522877953947,0.004332729845835206,1.8261698481199234e-05,0.0011359593542002633
1,7.144005470124374e-06,6.351685676731861e-05,3.905647102043407e-06,0.0013291932104480353,0.0006695857613505492,0.9436962931014947,1.8252638847152653e-05,4.856265016814933e-06,0.008431479413667007,0.0027487884510859185,0.00022167732278520204,2.3766468150776923e-06,2.4270589532850904e-07,1.725584235744548e-05,0.03879404028491857,1.3224506687939223e-05,0.00020320161219177996,6.235985313678644e-07,0.00035865556774950603,5.534697783107651e-07,1.3769649028475603e-06,0.00015649241587005155,0.0025713959372400735,1.0230473536196229e-05,0.0006756372994908248
2,9.765009874348112e-06,0.00010414289456523118,4.840861634487352e-06,0.0016253745859915192,0.0012272525515519286,0.9104748874266158,2.1907311254044727e-05,6.79951683171877e-06,0.0100045605596681,0.002702235979285692,0.000425941861350467,4.538374928768222e-06,2.778887175814398e-07,3.4552525875768486e-05,0.06802819255410719,1.3716841442917925e-05,0.00032305009078309574,6.335888996281058e-07,0.0003333241933392245,7.25990574644665e-07,1.7637709447555676e-06,0.00024448350902521405,0.0030901185072927445,1.2221635859163166e-05,0.0013046919695857719
3,1.105835290829728e-05,9.343311470073064e-05,4.1547677122005e-06,0.0015955840954280892,0.0009321597628514881,0.9334613623151864,2.085676141569118e-05,6.276252380528808e-06,0.007261778492167605,0.0022126583324217353,0.00040043314899851546,3.817735220756176e-06,2.8499446878552525e-07,2.18579096197787e-05,0.04927336618258427,1.220403514347157e-05,0.0003494846158219893,6.564597673515308e-07,0.00035589754345399804,5.231989846316524e-07,1.6908234078338839e-06,0.00023289150261485107,0.0028860661018662017,1.0108394409400197e-05,0.0008513951064654724
4,1.236997422047087e-05,0.00011724314299892194,4.904620166530253e-06,0.0018770415840027607,0.0010946216754938918,0.9279210174629046,2.4796671055216587e-05,7.05661466493986e-06,0.008480032836659919,0.002578973663627896,0.0004401841345333967,4.389906294548721e-06,3.7707859147801384e-07,2.784979469263849e-05,0.05210558522930954,1.3633374114692885e-05,0.00038814363329746414,7.916934924891283e-07,0.0004245720434144853,6.554436624794086e-07,2.166505197298564e-06,0.00027496595490528295,0.0032304338752089275,1.2712433570153585e-05,0.0009554806539202053
5,1.0991204735110962e-05,8.595681825547236e-05,4.676308368381837e-06,0.002042550403112887,0.0010604998900964344,0.9412311476901811,2.0358358096564338e-05,6.384357187483217e-06,0.007379120810288684,0.0026182498974148807,0.00037568899620521223,3.140010107145966e-06,3.071418830366231e-07,2.3992710935493777e-05,0.03972052758874442,1.1871045908179062e-05,0.00034289586150196326,1.020903822588694e-06,0.00037830829220289426,6.559072616640747e-07,2.0067995677457323e-06,0.000185586521434357,0.003811723658756356,1.1709939831535274e-05,0.0006706288841003204
6,1.105835290829728e-05,9.343311470073064e-05,4.1547677122005e-06,0.0015955840954280892,0.0009321597628514881,0.9334613623151864,2.085676141569118e-05,6.276252380528808e-06,0.007261778492167605,0.0022126583324217353,0.00040043314899851546,3.817735220756176e-06,2.8499446878552525e-07,2.18579096197787e-05,0.04927336618258427,1.220403514347157e-05,0.0003494846158219893,6.564597673515308e-07,0.00035589754345399804,5.231989846316524e-07,1.6908234078338839e-06,0.00023289150261485107,0.0028860661018662017,1.0108394409400197e-05,0.0008513951064654724
7,1.616452734345481e-05,0.00010041679710763677,4.03314784035087e-06,0.0016940724904953473,0.0007717989128410465,0.9341616748513789,2.22867948273254e-05,7.413861197511027e-06,0.005682764087934646,0.001989617465557848,0.0004949955874867397,3.45653963051044e-06,4.320931951503744e-07,1.5423158053711816e-05,0.05123695286051846,1.0877993961186004e-05,0.00032281131804734995,6.96847196572147e-07,0.0004419808775717889,4.80725045709988e-07,1.6928487516820843e-06,0.00031027544935572753,0.0021085918255374383,7.808989085150016e-06,0.0005932799500386938
8,1.3855904090778349e-05,9.431739193174061e-05,9.047725253290126e-06,0.001766407640566548,0.0012026626174547225,0.9306441345171803,1.4245421884341017e-05,4.920487612432648e-06,0.010303840645995654,0.0032690989460244855,0.0003345381411930629,5.070618523005343e-06,2.6431085421616306e-07,3.409882668511869e-05,0.04524629062570172,1.631579993546663e-05,0.00046420148110281587,6.053624854326881e-07,0.00017646280159702008,8.024669736883821e-07,1.2793394786487542e-06,0.00016734563314416232,0.004637522092583878,2.3371755978687738e-05,0.0015692994457686333
9,7.832943793925232e-06,0.00013852001748466673,1.054949707489611e-05,0.0021792383150822927,0.001061516098196934,0.918936933100826,1.5181085148164145e-05,6.430444731655904e-06,0.013677212899671169,0.0073481947516628315,0.0002557121756027691,4.2435789875430375e-06,3.27269476315583e-07,6.054678172508028e-05,0.048505825776616454,2.5468470460612e-05,0.000432101272060572,8.333899252110326e-07,0.0002943666722106897,1.4360633426826295e-06,1.8311045144874463e-06,0.00017763430722956858,0.005018995470990084,2.7504580535882068e-05,0.0018115639326494457
10,1.105835290829728e-05,9.343311470073064e-05,4.1547677122005e-06,0.0015955840954280892,0.0009321597628514881,0.9334613623151864,2.085676141569118e-05,6.276252380528808e-06,0.007261778492167605,0.0022126583324217353,0.00040043314899851546,3.817735220756176e-06,2.8499446878552525e-07,2.18579096197787e-05,0.04927336618258427,1.220403514347157e-05,0.0003494846158219893,6.564597673515308e-07,0.00035589754345399804,5.231989846316524e-07,1.6908234078338839e-06,0.00023289150261485107,0.0028860661018662017,1.0108394409400197e-05,0.0008513951064654724
11,1.2068244450753131e-05,0.00010014956382504741,4.448894264095541e-06,0.0017216660137872723,0.001014478789371887,0.9316675557213879,2.3485926004439153e-05,6.670703097527035e-06,0.007708284573622833,0.0022406410397339395,0.00042547619588549656,4.147781732153081e-06,3.400241550575969e-07,2.2930137322859192e-05,0.050170805782624776,1.2843868490506112e-05,0.0003599729310689581,7.125956300207644e-07,0.00038858833245971827,5.850144640714148e-07,1.892521077094652e-06,0.00025491194378769223,0.002975621599739503,1.1462382448206933e-05,0.0008702594195683232
12,1.138923585250898e-05,0.0001422121850339369,1.8968937899980073e-06,0.002684672075509609,0.00019441115262290235,0.9030363135056766,2.995729051338023e-05,1.3039371093001217e-05,0.0050265444444926085,0.0024609806317506845,0.00028500255731556725,3.490480153499473e-06,5.337521919882774e-07,9.108247953605612e-06,0.08235984424448807,2.216487325525027e-05,0.000225887083049942,6.796068668746867e-07,0.0014117074170594435,2.880236841423561e-07,1.037227004111175e-06,0.00046613141890817903,0.0012081947943750875,3.968703750281921e-06,0.0004005447836087394
13,2.53211591022759e-05,0.0003147264879733273,5.849454256578593e-06,0.00204047670337619,0.0026461087338416267,0.7717051353905529,4.598173641853749e-05,2.0356019361592648e-05,0.009591719262884628,0.001749232403964873,0.0022078344005709637,2.220509714601289e-05,5.532287968712776e-07,7.178151277429368e-05,0.2005305361475501,2.086738580534399e-05,0.0008806824328451372,6.743185928700963e-07,0.0006296157207211858,7.643543755352844e-07,3.96660010066118e-06,0.000938880725232447,0.00256527964153081,1.3545550185969727e-05,0.0039679055320394185
14,1.2721444211211857e-05,0.00012076638405360256,4.8051294587898225e-06,0.001910636074839749,0.0011800271720644716,0.9327202369350418,2.3247420450345854e-05,6.9780004460676865e-06,0.007603535681806144,0.002549651124076206,0.0004931092531952005,4.092783203593086e-06,3.620914400401222e-07,2.643978751073319e-05,0.048159676795047776,1.2337137161262836e-05,0.0004222824889348589,8.356675551654219e-07,0.0004327862687812309,5.979191862426365e-07,2.275225111027854e-06,0.00026622131446956375,0.0031810936418440283,1.1640618357034935e-05,0.0008536436417541596
15,1.105835290829728e-05,9.343311470073064e-05,4.1547677122005e-06,0.0015955840954280892,0.0009321597628514881,0.9334613623151864,2.085676141569118e-05,6.276252380528808e-06,0.007261778492167605,0.0022126583324217353,0.00040043314899851546,3.817735220756176e-06,2.8499446878552525e-07,2.18579096197787e-05,0.04927336618258427,1.220403514347157e-05,0.0003494846158219893,6.564597673515308e-07,0.00035589754345399804,5.231989846316524e-07,1.6908234078338839e-06,0.00023289150261485107,0.0028860661018662017,1.0108394409400197e-05,0.0008513951064654724
16,1.5313563815593003e-05,0.00016603578437224183,4.2580546222832595e-06,0.0017927366834121698,0.0010538931360497654,0.8895333889730631,2.6944034373861906e-05,1.106483691441255e-05,0.007258216683173958,0.0023563095590842494,0.0006683541653200403,7.62251622733493e-06,3.575640996731855e-07,3.451823385581159e-05,0.09166560096741519,1.6989335964742655e-05,0.0005166573576161937,7.013940964340552e-07,0.0005154502310222011,5.267209929685632e-07,2.2114521001328103e-06,0.00046623362798379504,0.0024457943684152196,8.58883966403742e-06,0.0014322319163445933
17,2.1613030725544435e-05,0.00016330043353451887,7.877414248002433e-06,0.002051034779522616,0.002741254917542403,0.9299646539021891,4.217627343250391e-05,7.788099811408271e-06,0.010801524352643947,0.001949401079986441,0.0008072307964501375,7.999273757022093e-06,5.163527784008037e-07,4.529324583585708e-05,0.042925523231308556,1.292080256203649e-05,0.0007302474242805577,1.1178141864676716e-06,0.00039718481670594384,7.865150717746435e-07,5.073722184008977e-06,0.0003252691875346726,0.005527152194269832,2.506411412972157e-05,0.0014379962253086437
18,9.398092216154425e-06,0.00012352671022791527,6.515236451108885e-06,0.0009731749393940349,0.0010683796900492419,0.908715530977205,2.720472509470798e-05,6.626425306279812e-06,0.00997705182924203,0.0028084621839693765,0.00047173578881573645,7.571157284450224e-06,2.5325082182684104e-07,5.1689660888202047e-05,0.06757158212653541,2.179074793375633e-05,0.0005941908734902428,5.955140027197752e-07,0.00036825261846982755,7.551088724656406e-07,2.9628817126203985e-06,0.00028230080213134044,0.004048912745733919,1.7176183123505153e-05,0.0028443597310281073
19,6.398506760316811e-06,8.233422305604271e-05,2.6384877252344143e-06,0.0018192846392865538,0.0008597272857224988,0.9384228984549279,1.5979014621471108e-05,4.747883303176562e-06,0.00803029206241445,0.002318357967795594,0.00022104154424217913,3.079503727590612e-06,2.1451301878541955e-07,1.6587740209060898e-05,0.044934953930506887,9.820404776733766e-06,0.00020992919755267675,4.011431380232315e-07,0.00026635607915474497,4.379693589388699e-07,7.957681348059273e-07,0.00020904461451768947,0.0019299459226560585,7.842131712333198e-06,0.0006268910116805931
20,1.0040776720970446e-05,0.00013848661146868496,3.1764030115743085e-06,0.00183136498678218,0.0008724043428151816,0.907709672725984,2.3465273895328452e-05,7.671673193483083e-06,0.00820281278574837,0.0025833534549706853,0.00043406769296091353,3.6560467348425536e-06,3.984288688629655e-07,2.5484275199371628e-05,0.07394058400278215,1.1618516097598929e-05,0.00029844817928218435,5.575535061558234e-07,0.0005240166974812278,5.829579218181396e-07,1.7329390936770654e-06,0.00041819978401926033,0.002092190546064843,8.211109460723034e-06,0.000857802235935768
21,3.065345824790416e-05,0.00020644387215647513,1.4960035175435982e-05,0.0028378739364940597,0.0019389596331340262,0.9184716910604356,3.674737202605013e-05,1.2835639402387961e-05,0.010386458215555554,0.0036126937038099,0.0007743834628318228,1.1711701304293879e-05,6.785378357159594e-07,6.184843035445642e-05,0.051575215966011154,2.982690730435401e-05,0.0009468957270578328,1.9133544263978978e-06,0.0004393436020116073,1.240780332200837e-06,4.836276128089456e-06,0.0003082101564238204,0.0063664152495178615,3.1390232557359955e-05,0.0018967726894656822
22,1.682990388723311e-05,0.0001000652401902212,6.460170190156076e-06,0.0016336304464506938,0.00082007602320243,0.9522364420253324,1.6696625540013435e-05,8.928450013740122e-06,0.00389709461817899,0.0028962751457367155,0.00048265499453134937,3.025561847256144e-06,3.2375442151480796e-07,2.2361133944897937e-05,0.0321355524535175,1.314380163058134e-05,0.0007160458984109002,1.1672520391958573e-06,0.0003613381714014517,5.904151711194565e-07,2.7718832632054437e-06,0.00023597266219372055,0.003799338880026283,7.927062487754678e-06,0.0005852874263904948
23,1.105835290829728e-05,9.343311470073064e-05,4.1547677122005e-06,0.0015955840954280892,0.0009321597628514881,0.9334613623151864,2.085676141569118e-05,6.276252380528808e-06,0.007261778492167605,0.0022126583324217353,0.00040043314899851546,3.817735220756176e-06,2.8499446878552525e-07,2.18579096197787e-05,0.04927336618258427,1.220403514347157e-05,0.0003494846158219893,6.564597673515308e-07,0.00035589754345399804,5.231989846316524e-07,1.6908234078338839e-06,0.00023289150261485107,0.0028860661018662017,1.0108394409400197e-05,0.0008513951064654724
24,1.048914091300115e-05,0.00016417726376309277,4.272047637232337e-06,0.0030687680168617762,0.0011205981121382804,0.9200255807945275,2.529560558450929e-05,8.9912467634387e-06,0.008589087481108811,0.003618528008448393,0.00042218000107313244,4.254650098263345e-06,3.8622798026784777e-07,3.416751714137909e-05,0.057036702289389826,1.5229560229126986e-05,0.00046848925612668013,1.0663650128318503e-06,0.0006399285658716048,6.56942268873045e-07,2.265409687229779e-06,0.0003065183845309727,0.0035887977114255746,1.1346508819187841e-05,0.0008322228925992458
25,2.2488110806599507e-05,0.0001431498065644452,7.4302974682244844e-06,0.0026139238213489023,0.0025685724189292015,0.9252861537492598,4.5125496897144795e-05,1.9534343601344964e-05,0.006392601114748211,0.0019402139999679152,0.0012285431298389698,8.418858348802088e-06,5.234927924262054e-07,3.961657360683012e-05,0.05244184810998321,1.742292724797664e-05,0.0007518082370193538,1.8155556378935026e-06,0.0004931224344820106,1.0074310620285316e-06,5.440519555285496e-06,0.0003241816592980829,0.004581019935418794,1.3669290812312801e-05,0.0010523686853039324
26,1.1673164512165946e-05,4.762555571238229e-05,6.4317784316776376e-06,0.0016845464221840203,0.0012542996381943825,0.9577919210521831,1.5698541896091985e-05,3.0194994922549517e-06,0.0101346235850041,0.002157712757570517,0.0002321988659478546,2.1020889957174803e-06,2.2086109008057133e-07,1.950851395267456e-05,0.018942248513145712,8.457840294865174e-06,0.00025883329890205885,1.0541053433558883e-06,0.00017772203477511996,6.441819765400184e-07,1.6510041476390695e-06,7.735050435422605e-05,0.006582443851581044,2.2596982129011546e-05,0.0005654153581833729
27,7.677829362767752e-06,7.068113975340908e-05,2.2283447204743947e-06,0.0012748166188400458,0.0006616840192675042,0.9270240017726878,1.579289114563753e-05,4.563069464157875e-06,0.008865898190374677,0.0017605059456828676,0.00025541648062356233,2.9432837527858473e-06,2.1101512538890172e-07,1.3764092321110694e-05,0.05689975723153427,9.334278151437783e-06,0.0001581758500839558,3.4152717442466344e-07,0.000296983813406931,3.699830242021923e-07,7.574324476907767e-07,0.00024998085285894543,0.0016795918679013719,7.854282956360538e-06,0.0007366681873381694
28,1.105835290829728e-05,9.343311470073064e-05,4.1547677122005e-06,0.0015955840954280892,0.0009321597628514881,0.9334613623151864,2.085676141569118e-05,6.276252380528808e-06,0.007261778492167605,0.0022126583324217353,0.00040043314899851546,3.817735220756176e-06,2.8499446878552525e-07,2.18579096197787e-05,0.04927336618258427,1.220403514347157e-05,0.0003494846158219893,6.564597673515308e-07,0.00035589754345399804,5.231989846316524e-07,1.6908234078338839e-06,0.00023289150261485107,0.0028860661018662017,1.0108394409400197e-05,0.0008513951064654724
29,1.105835290829728e-05,9.343311470073064e-05,4.1547677122005e-06,0.0015955840954280892,0.0009321597628514881,0.9334613623151864,2.085676141569118e-05,6.276252380528808e-06,0.007261778492167605,0.0022126583324217353,0.00040043314899851546,3.817735220756176e-06,2.8499446878552525e-07,2.18579096197787e-05,0.04927336618258427,1.220403514347157e-05,0.0003494846158219893,6.564597673515308e-07,0.00035589754345399804,5.231989846316524e-07,1.6908234078338839e-06,0.00023289150261485107,0.0028860661018662017,1.0108394409400197e-05,0.0008513951064654724
30,1.105835290829728e-05,9.343311470073064e-05,4.1547677122005e-06,0.0015955840954280892,0.0009321597628514881,0.9334613623151864,2.085676141569118e-05,6.276252380528808e-06,0.007261778492167605,0.0022126583324217353,0.00040043314899851546,3.817735220756176e-06,2.8499446878552525e-07,2.18579096197787e-05,0.04927336618258427,1.220403514347157e-05,0.0003494846158219893,6.564597673515308e-07,0.00035589754345399804,5.231989846316524e-07,1.6908234078338839e-06,0.00023289150261485107,0.0028860661018662017,1.0108394409400197e-05,0.0008513951064654724
31,1.785875390222176e-05,0.00012377795292490567,7.230778458218665e-06,0.0018221105936425265,0.0007268324682347984,0.9445691306932975,2.255331835600186e-05,1.198525255442574e-05,0.0058692791891997165,0.0030305995377275566,0.0004272861026853753,4.704761963184542e-06,3.470634352251377e-07,2.5522173333653566e-05,0.03779254108572896,1.9322992451747895e-05,0.0005516031407238743,1.1050623183527932e-06,0.0003757175461808237,5.875244697889117e-07,2.3271736393297966e-06,0.00024571415566297666,0.0034982156447262488,9.963216988052383e-06,0.0008436838173942623
32,1.0577880835788906e-05,8.862186961539371e-05,3.851196245821046e-06,0.0016219584819712064,0.0008733371887684892,0.9324740224430227,2.1740941542647398e-05,6.162148658095368e-06,0.0071241387722132225,0.0021938020830625407,0.00038609635928618386,3.542832977550444e-06,2.948347298877678e-07,2.0220356437597126e-05,0.05056255714553375,1.215537975560824e-05,0.00033514105725640736,6.721968258529905e-07,0.0004132322056837063,5.096307960702493e-07,1.7359118655699697e-06,0.00023689648405024854,0.0028157609574271164,9.732038138057798e-06,0.0007832396033005844
33,4.4235198756963835e-05,0.0003598079488195777,7.221903734811974e-06,0.0046353574362118545,0.0018291373334914597,0.9146705735016878,6.206840683229782e-05,2.4500830073838345e-05,0.005027466277876541,0.001956481647159368,0.0014963468554822289,1.7711319648826156e-05,1.143047273825536e-06,3.313960216876847e-05,0.06110061259383613,2.8969085964880637e-05,0.0018361967933254945,1.8784726353139964e-06,0.0009908832342379722,6.923271007607981e-07,5.907979373113982e-06,0.0008214567894920332,0.003943814115754241,1.6685003133769188e-05,0.0010877122959280874
34,1.1028033014121427e-05,9.360326043803968e-05,4.1553280343069475e-06,0.001595149029188618,0.000931819270085785,0.9334731444115382,2.0836072092934275e-05,6.276892474246956e-06,0.007262811151733738,0.002217011654431815,0.0003999635602587452,3.821675160355728e-06,2.846906912344751e-07,2.1907014452647438e-05,0.049255893502225194,1.2217297232835004e-05,0.00034986648888449636,6.555035058911723e-07,0.0003554295650883844,5.237712212716528e-07,1.689637725720256e-06,0.00023294666942603388,0.0028858904068301086,1.0109912615991101e-05,0.0008529652016494558
35,1.6087159124004667e-05,7.123585249701172e-05,2.67743140750136e-06,0.0013146813107780418,0.00029622999500193215,0.9611190882018117,1.5312321153405276e-05,7.035021981726098e-06,0.004706638884268032,0.0017339110705558753,0.00021752918407506373,3.0827682800244984e-06,2.6584993933199155e-07,6.89939635087863e-06,0.027505036367832563,1.6384926015220563e-05,0.00023623414245559202,7.633931656469478e-07,0.00040600337223505387,2.4586309285439223e-07,8.911640372353691e-07,0.00024104534408338508,0.0016925272712746933,6.460357575996071e-06,0.00038373335100745
36,9.540663671472405e-06,0.0001658191093880023,2.7273190612635383e-06,0.0021448073207870548,0.0003246811972174887,0.9170053866755543,1.708637145368688e-05,1.1605634399773889e-05,0.006214019956376328,0.0038476175389798336,0.0002025995442999166,3.998829984305972e-06,2.737428092667235e-07,1.9483414351416428e-05,0.06615719669851901,2.4110875885295975e-05,0.00036832143856412893,6.189054631239124e-07,0.0005496590590623698,3.9549781075319383e-07,8.84573380233366e-07,0.0004166345239233824,0.0017959220112057181,4.746497780949137e-06,0.0007118626000707901
37,2.507726900592179e-05,0.00012912150452426086,1.1460778741603893e-05,0.0020232764408291493,0.002247142433459708,0.9327704726817213,3.42639005900685e-05,6.242065751938441e-06,0.012201457347335042,0.0026490460960506865,0.0006246904587058972,6.3005062265603805e-06,6.167257214413983e-07,4.092510230042111e-05,0.03894088359021907,1.5526050831613736e-05,0.0005555509897395947,1.3787040318112248e-06,0.0003693868847470734,1.0335447461743611e-06,4.351321941649107e-06,0.00023835850542975597,0.005735988890436017,3.426116060799611e-05,0.0013331870463050208
38,5.758922065266739e-06,2.2207118119360568e-05,1.6971099196697217e-06,0.000746502214816666,0.00020844067675787763,0.9660236536597558,1.671078081242417e-05,3.658763951926125e-06,0.0029053026322581,0.0011724544058475611,0.00013345275668461278,1.1671349299562784e-06,1.5602160032786848e-07,4.2392922385727554e-06,0.0263117932398079,9.605008287056278e-06,0.00014654715484349343,4.845320376379505e-07,0.00032756605725840104,2.566589416046922e-07,8.164260347946172e-07,0.00010586789940528252,0.0016267103140478586,3.2451064370334222e-06,0.00022170611314062567
39,9.613143922497078e-06,5.846630414953004e-05,3.2566068221553313e-06,0.0009689068235779439,0.000556699172950324,0.955932078354783,2.3626789617967278e-05,8.060841366750622e-06,0.003910210504723645,0.0013297394524433464,0.0003430217330528069,4.012832888939449e-06,2.1957771876420325e-07,1.137574794062807e-05,0.033223757937020156,1.4469885829907063e-05,0.0003583480370390111,5.17288934692451e-07,0.00029633748203778125,3.7553348033231104e-07,1.6105706674063267e-06,0.0002104037422860971,0.002090552712111331,6.13273604763714e-06,0.0006382061885873587
40,1.1331139974426519e-05,9.427374253086683e-05,4.090350866184693e-06,0.001521319934558759,0.0009295113372160632,0.932341332900181,2.0477809938058686e-05,6.265499528870124e-06,0.0070990351416908345,0.0021058385715170633,0.00041090405040117165,3.989084531270006e-06,2.8046199098665805e-07,2.143543771424373e-05,0.05088123946735575,1.1949261629924199e-05,0.00035156705293492565,6.018780447523597e-07,0.0003368740844198411,5.036260538100045e-07,1.6167759270656283e-06,0.0002450287250721696,0.0027113534757159,9.683211141328263e-06,0.0008794969790649598
41,1.1411475242272557e-05,9.945336296139256e-05,4.384201842322606e-06,0.0016020716057013732,0.0009364155916247625,0.9334967838913484,2.167647613062072e-05,6.578733871265945e-06,0.00727993689859607,0.002303931723124972,0.00041510016960162095,3.941898620335287e-06,3.01690781913888e-07,2.3312221220263983e-05,0.048894774825756174,1.2774277989108675e-05,0.0003732995057046177,6.947071601552553e-07,0.00037321784033498477,5.470639186015852e-07,1.8664048245895567e-06,0.0002428840008906738,0.00299989462619789,1.0493161573377613e-05,0.0008842536449823885
42,7.805822088533675e-06,9.088876550440759e-05,1.7443197646964465e-06,0.0011757084157430614,0.0004208783018668212,0.9335727735112643,1.720289380437676e-05,6.852169614381127e-06,0.0046072658344809714,0.001715321191991225,0.00027477204505840005,2.8690835214545437e-06,2.77872394774446e-07,8.302670109387414e-06,0.05539964616138155,1.3042630797786545e-05,0.0002563668312645755,2.883975015587533e-07,0.00047579913062744224,2.996869862707905e-07,8.486526095079593e-07,0.000443995191732266,0.0009869086735298566,4.395867892900686e-06,0.0005157458784693562
43,0.0018207860403624452,0.024255662294914715,0.00014035051743951552,0.01845982750204051,0.10398962888122742,0.12989346323441417,0.0006122631331110966,3.3507655500741546e-05,0.04278723706571866,0.000533534992400953,0.06624248555317323,0.007023774387301989,9.031915897615963e-06,0.00245370389544313,0.2985843719754719,0.00010213855177215679,0.07138785788123456,5.302861464797975e-06,0.0006931862569131173,1.707733999278393e-06,4.5606321886394644e-05,0.0029081644320548836,0.03215460160502082,0.0015954998432670421,0.1942663054679689
44,1.105835290829728e-05,9.343311470073064e-05,4.1547677122005e-06,0.0015955840954280892,0.0009321597628514881,0.9334613623151864,2.085676141569118e-05,6.276252380528808e-06,0.007261778492167605,0.0022126583324217353,0.00040043314899851546,3.817735220756176e-06,2.8499446878552525e-07,2.18579096197787e-05,0.04927336618258427,1.220403514347157e-05,0.0003494846158219893,6.564597673515308e-07,0.00035589754345399804,5.231989846316524e-07,1.6908234078338839e-06,0.00023289150261485107,0.0028860661018662017,1.0108394409400197e-05,0.0008513951064654724
45,6.7312941498647005e-06,4.757091247680254e-05,2.0125228012515817e-06,0.0014019896676048652,0.0007000753840934034,0.9331574653997139,2.018370982279894e-05,4.725917618155182e-06,0.006432512426044662,0.0013578260182441002,0.0002602492624715075,2.5728533603183626e-06,1.9870612911472884e-07,9.90683178150012e-06,0.05368321513707929,9.13365839363243e-06,0.00016364856737907383,3.962379054558708e-07,0.00031733396185722055,3.691306833780341e-07,8.033992202177562e-07,0.00017597228585409922,0.001735839952332396,6.0174281039574e-06,0.0005032493348790186
46,6.015844355412194e-06,6.995901823681413e-05,4.322312922336e-06,0.0014018637047821106,0.0010897078149631361,0.9246205525255692,2.1975075321850793e-05,4.2956679049606834e-06,0.015941414856430823,0.003410671392194081,0.0002727152086656608,1.9890865097635183e-06,2.548276037477084e-07,3.298821577107703e-05,0.04789250313712095,1.0293465456524777e-05,0.00013041407491345942,8.520910948605672e-07,0.00041696544247753924,8.034243626961854e-07,2.0914403977766685e-06,0.00013001937916885527,0.003610389070961437,1.5085330037820599e-05,0.000911857592777181
47,1.7848424644396658e-05,0.00019328070559856476,4.57098169795112e-06,0.0016134872186229022,0.0007394350112835025,0.9186465895637413,2.4635358951174387e-05,9.153386816648393e-06,0.007355006986076679,0.002390687826647018,0.00047679770755571735,7.51504371998219e-06,4.6018526249621457e-07,2.1521979545874358e-05,0.06391550656991901,2.016591792600757e-05,0.0005038778608883062,5.148338793574493e-07,0.0004198825655853694,4.954409009781943e-07,1.4259551681269196e-06,0.0005153314234800582,0.001880171458190978,1.076276448146414e-05,0.001230874829416036
48,8.173758885708849e-06,1.672263108354938e-05,3.929058446680893e-06,0.0006274019184828045,0.00266082341593989,0.9218857889159209,2.097429527105872e-05,2.1416715159972317e-06,0.019042657197171124,0.0007899222158732712,0.0004913145886310784,2.5432102396962323e-06,1.5406961129579348e-07,1.726395441959387e-05,0.049525228561212026,5.403100453429622e-06,5.4373942626564474e-05,4.840622598246692e-07,0.0001407631211182394,6.859936119842942e-07,1.536818900261968e-06,6.512249503936817e-05,0.0033088736775343645,2.5620272825835076e-05,0.0013020970529254929
49,1.1013388729802082e-05,7.01436892222375e-05,3.975486662835029e-06,0.001164775658394727,0.0007272893098662758,0.952611384518727,1.638764343281972e-05,5.559216300274699e-06,0.005541983515673794,0.0016599518368691055,0.00033059122601778265,3.843505769645463e-06,2.2811455905193894e-07,1.4404042645513189e-05,0.03414503837865349,1.1154675362252852e-05,0.0002983813213081154,4.874964662089147e-07,0.00020150557304065626,4.394533909273728e-07,1.1222321225961666e-06,0.0001878855477926401,0.002278028648009727,8.529176969113806e-06,0.0007058963440132074
50,7.468744908800317e-06,0.00013027823245297703,4.188615883282097e-06,0.0015148753709996999,0.0006888831230297308,0.9227216046631491,2.4215938957461443e-05,8.201413281181165e-06,0.008387392935669537,0.004030997149344187,0.0002816326774282061,3.2013496504548466e-06,3.565662408405024e-07,2.8287544679774322e-05,0.058054764928652525,1.5348527021064965e-05,0.000297693452928892,5.425524849387306e-07,0.0005352252180122504,6.128449256357714e-07,1.9630318006309936e-06,0.00033555889762621166,0.00201752828903464,7.699623272655067e-06,0.0009014783085651945
51,5.890275630537912e-06,1.2747341746614211e-05,2.887647152132947e-06,0.0004084522587302402,0.0006948916930326715,0.9692001881655014,1.6457041330232814e-05,1.6710204196443234e-06,0.004978514042946419,0.0007403062605475843,0.00019981141320836275,1.3230823811797878e-06,9.533402023039737e-08,7.0567610093690474e-06,0.019082778068356916,6.18824396701168e-06,0.00017370056770178708,3.9141781745442324e-07,0.00013392444520872682,3.2762981009283267e-07,1.4151414711925333e-06,5.3321504529620935e-05,0.0037553758697648452,9.893691363536368e-06,0.0005123910823520619
52,5.881019944760308e-06,4.4719267612750485e-05,2.2666000475418007e-06,0.0016820022160275814,0.0002805296214773169,0.9459724141618547,8.295891270203292e-06,4.915903163173413e-06,0.004887806936642549,0.0037798974282695504,0.00013799222836625877,9.51241863557453e-07,1.8904049463086982e-07,1.0415283449074299e-05,0.04027703479452635,1.0841646944224063e-05,0.00012785813453317055,8.29341579978807e-07,0.00039030662194185694,4.811737452866461e-07,6.566270901243516e-07,0.00013233130302506513,0.001975236354851715,4.171137558026236e-06,0.0002619760237206539
53,7.471227315509052e-06,5.264304630483228e-05,2.524530849532936e-06,0.0008975467334206515,0.0007337254978384593,0.9348125492693758,3.224097235761621e-05,5.348580418146276e-06,0.007152778975930658,0.0009699230121958453,0.00034138782422221074,4.6453350464845466e-06,1.7211454807658385e-07,1.5344721782541268e-05,0.05064877332049033,1.1217512808822144e-05,0.00022693005512207395,4.155324996171771e-07,0.0002439808297577052,3.951076837810592e-07,1.2767648420207135e-06,0.00015986149918689784,0.0026817513885858887,7.783677007314243e-06,0.0009893124704090032
54,1.5500201583907804e-05,2.3050770662350563e-05,2.3053033673818774e-06,0.0017627148023135956,0.0008131494407361692,0.9774578953759955,1.887390824764872e-05,4.285902848641761e-06,0.0021043871150580053,0.0007429208235211269,0.00041751321612181,7.54391266782628e-07,2.860100739921952e-07,4.076708406177507e-06,0.012128294326763432,3.3532889358203175e-06,0.0002651545656211479,1.5447964696601695e-06,0.00040753801727449833,2.605326962361638e-07,2.8391651628139833e-06,9.86867118396438e-05,0.003639514705325751,4.860155957122455e-06,8.023976375080056e-05
55,1.0523431425564765e-05,0.00011674308888325303,4.73060492008946e-06,0.00151674903816945,0.0005859573481061906,0.9331591162594797,1.2661086314632848e-05,8.247473792683527e-06,0.00450476395503929,0.004125070168837464,0.00036793192386802223,1.956601821104175e-06,2.9086881767065375e-07,2.463381455913381e-05,0.051223143161359785,1.1746069815901506e-05,0.0004884529610213687,6.881799764974595e-07,0.0004084794605036605,5.790199183582369e-07,1.8893576737257327e-06,0.0003060216808745385,0.0025005040956495262,5.198321940583404e-06,0.000613922027231602
56,1.1743059741871919e-05,9.847176390796064e-05,4.301674190615003e-06,0.0016425656557189018,0.0009465863774134476,0.932667686234538,2.2069793326233392e-05,6.487943460724788e-06,0.007415940437308695,0.0022248871778695755,0.00041314466033554953,4.036929023297757e-06,3.13749957928451e-07,2.233135101901477e-05,0.04973970254926112,1.2591445807219577e-05,0.00035870661149464846,6.802831261047233e-07,0.0003714971112311178,5.477245024090729e-07,1.77510074675203e-06,0.0002481587126824951,0.002909327941948132,1.0711950878381398e-05,0.0008657337605098786
57,1.3318148399747369e-05,0.00017293916871894893,4.973416570931462e-06,0.0019849506780114296,0.0010129170467595774,0.9181277201027457,3.847009705799917e-05,9.353778896923523e-06,0.008697886961437798,0.002836526637683188,0.0005287894542675825,6.241510588932358e-06,5.706427661566648e-07,2.807393239720714e-05,0.06083432591968381,2.0649251305123814e-05,0.0005115886317344307,8.492708844484434e-07,0.0008797612963341035,6.154021020992527e-07,3.3254555912734228e-06,0.00043811068957252996,0.0026799897638100723,1.3995555919644888e-05,0.001154057186760248
58,1.10626190251151e-05,8.898798971193015e-05,4.7260601283017095e-06,0.0016268381495811043,0.0011598768136565822,0.933902896387869,2.439742978323356e-05,5.352983818692075e-06,0.009094407836256504,0.0021475218363071437,0.00040236814378384074,4.174996982989332e-06,3.3327299917917917e-07,2.359351244143533e-05,0.04624360323133085,1.2650451917058063e-05,0.00033087918581926835,6.994668924185789e-07,0.00035976159092622364,6.424518650425009e-07,1.9532058878903753e-06,0.00021452307004855498,0.0033640463184857784,1.5420987780628252e-05,0.0009592820067014584
59,1.0840021445360786e-05,9.015062628305226e-05,5.16145567375325e-06,0.001563162280405942,0.001142543119105993,0.937107172007379,2.2198658959828706e-05,5.513196763713227e-06,0.008638899844137626,0.0023958754083226895,0.0003927955185397382,3.971397876407246e-06,3.164131267941869e-07,2.5020055889060223e-05,0.04326058514728325,1.3186821323691663e-05,0.00035573234646687113,7.186995969287173e-07,0.00033719096534348545,6.67742812238168e-07,2.024473561816071e-06,0.0002066849849074607,0.0034333751952614223,1.513016080004096e-05,0.0009710834587336291
60,1.105835290829728e-05,9.343311470073064e-05,4.1547677122005e-06,0.0015955840954280892,0.0009321597628514881,0.9334613623151864,2.085676141569118e-05,6.276252380528808e-06,0.007261778492167605,0.0022126583324217353,0.00040043314899851546,3.817735220756176e-06,2.8499446878552525e-07,2.18579096197787e-05,0.04927336618258427,1.220403514347157e-05,0.0003494846158219893,6.564597673515308e-07,0.00035589754345399804,5.231989846316524e-07,1.6908234078338839e-06,0.00023289150261485107,0.0028860661018662017,1.0108394409400197e-05,0.0008513951064654724
61,1.1101656806540655e-05,8.491255485092758e-05,5.390603979241662e-06,0.0015252695615272966,0.0011520917275443005,0.939547078179232,2.158486713888699e-05,5.358590294496448e-06,0.008938093361320003,0.002400403103831556,0.0003819254773719994,3.741892007666175e-06,3.1074003459313896e-07,2.469348024365197e-05,0.040567216608886486,1.254355517991391e-05,0.0003311770801826272,7.331924941368018e-07,0.00032194864656036386,6.609113017006995e-07,2.0447260426203236e-06,0.00019345323541584335,0.003510483161983989,1.5643562538038e-05,0.0009421395232309036
62,1.105835290829728e-05,9.343311470073064e-05,4.1547677122005e-06,0.0015955840954280892,0.0009321597628514881,0.9334613623151864,2.085676141569118e-05,6.276252380528808e-06,0.007261778492167605,0.0022126583324217353,0.00040043314899851546,3.817735220756176e-06,2.8499446878552525e-07,2.18579096197787e-05,0.04927336618258427,1.220403514347157e-05,0.0003494846158219893,6.564597673515308e-07,0.00035589754345399804,5.231989846316524e-07,1.6908234078338839e-06,0.00023289150261485107,0.0028860661018662017,1.0108394409400197e-05,0.0008513951064654724
63,1.2165894201195479e-05,0.00012279721051496766,4.430800002108658e-06,0.0017921080565901674,0.0009486061155791034,0.9274646068164096,2.1951158331003524e-05,7.248442964863679e-06,0.007670675855613874,0.002539148672884222,0.00043524373692545434,4.45666254728487e-06,3.325043018177795e-07,2.5257619909599445e-05,0.05400689942770504,1.3808933160812245e-05,0.000406160873940402,6.935909893708876e-07,0.0004092736616864627,5.556619219423801e-07,1.8079290984443291e-06,0.00028839206863273627,0.0028637536903193812,1.0769391581579174e-05,0.000948855224189002
64,1.357315602823167e-05,0.00010951344080170482,5.737432421117568e-06,0.0017004115102084909,0.0011947476782246122,0.9336352664374794,2.8319265562889554e-05,7.32958811432347e-06,0.00767190647341431,0.002445540758829674,0.0005111842571076849,4.33669391101177e-06,3.9686830630846656e-07,2.8419868687947466e-05,0.04677774035949926,1.4148747213808601e-05,0.000468728578444109,9.254164475122304e-07,0.00047366199305053645,6.625106758507892e-07,3.1530542524290578e-06,0.000260258970326491,0.003665928944116342,1.3403473170123287e-05,0.0009647045237055994
65,8.690955674395783e-06,4.092657195293962e-05,2.1910795282318655e-06,0.0012917544336650151,0.0006527720612022922,0.950599475140966,1.898253149505243e-05,4.849222427695672e-06,0.0038670107687871994,0.0010955309485706425,0.000343308584797713,2.45047610970581e-06,1.725671427511004e-07,8.957023232042559e-06,0.03846269837528914,8.049970588693484e-06,0.00027335636350881587,5.707737974062732e-07,0.0003183091736990522,2.9056262717349805e-07,1.1798231215484575e-06,0.00014793369420060766,0.0024318488773923622,5.12790549827155e-06,0.0004135621147252446
66,1.8504927034944585e-05,0.00013208766994450634,9.750376902838275e-06,0.002078593615663652,0.0013034900923897137,0.936965502899541,2.9490526104977038e-05,1.219931181601299e-05,0.007509765871827492,0.0038925652753030475,0.0004880461977586852,3.579429512201318e-06,7.683397097821564e-07,2.5629896750566932e-05,0.0437565331621318,1.7980016243073978e-05,0.0003240348010824293,1.1079265671714142e-06,0.0004062901119667268,1.1893340136054018e-06,2.9487160676587407e-06,0.00029439840164634945,0.0020666302970136605,1.141759154051533e-05,0.0006474952114675591
67,8.58191486108097e-06,0.00019364226570097086,1.0580825030570877e-06,0.0013127476705101155,0.0008950048509705893,0.8388699581086926,2.2361384394991814e-05,5.8376441684801965e-06,0.012846532254913771,0.0011929359271577941,0.0004123923469386169,8.432062591111859e-06,2.1376431892740374e-07,1.3197210761463028e-05,0.140887325452345,9.789643659176621e-06,0.00015520845876071574,1.2827101933504437e-07,0.00040516105052542317,1.6808418680747e-07,3.975382107952885e-07,0.00075944826366498,0.0005809973472711311,5.423078651808745e-06,0.0014130573232212277
68,1.1960019837993089e-05,0.0001001599827247198,3.8341626127284695e-06,0.0016339511645026505,0.0008630955664213744,0.9328909713550354,2.172006819403124e-05,7.123931738991555e-06,0.006446020286931148,0.0021349329099293385,0.0004299713883516658,3.8248934407453495e-06,3.026289434775348e-07,1.9835416807877837e-05,0.05091273798337307,1.2591824874456324e-05,0.0003827795563958087,6.827887714577178e-07,0.00041549637771673713,4.789151148211609e-07,1.7709788712460916e-06,0.0002699728609228035,0.0026527853226948404,8.719774128626955e-06,0.000774279841663943
69,9.31500055184187e-06,7.956691781194517e-05,6.997032930300836e-06,0.0014264742756480984,0.000867499728687759,0.9431054851214616,2.2770357025724242e-05,7.145248397874455e-06,0.007958861792478527,0.0033204410314614744,0.0003307884045547575,3.302522781272757e-06,3.030916781812054e-07,3.396916038069873e-05,0.036563875944241785,1.622269716602928e-05,0.0003477553803655143,1.069674707763171e-06,0.00035463671934939475,8.836937777628423e-07,2.9790756404791857e-06,0.0001596995779851876,0.0043935658042650585,1.3860607603294429e-05,0.0009725311390475973
70,1.2169382677425528e-05,0.0001224045814911838,4.697120283530844e-06,0.001396615720486907,0.0006627844757675374,0.9370549153089761,1.9722272712292607e-05,7.976870703262848e-06,0.006132542199318125,0.002952666395124912,0.00040317589306005356,4.014833929331977e-06,3.2519828022777783e-07,2.4069996755208837e-05,0.04628471772655165,1.7225272180384197e-05,0.0004614058493269846,7.949548865466575e-07,0.0004525184956228639,5.50338874089369e-07,2.1212196746066786e-06,0.00029779162040000426,0.0027539336129929187,9.474290646879407e-06,0.0009213863692769573
71,5.705801601797322e-06,0.00023251924579043546,1.7018168838203406e-05,0.0022422757127572757,0.005822565877900782,0.8795440820740582,6.893511175758112e-05,8.292529487940493e-06,0.050405238433291095,0.009034395788576094,0.0003518106086873651,5.190616643614417e-06,5.224084020775772e-07,0.0002610766146619819,0.03500191381012971,2.7991687519043297e-05,0.00037917894241658957,2.6509646010312745e-06,0.0004963604479127538,4.182113380904463e-06,1.3915919466883675e-05,0.00014430454115133307,0.01272898893969104,7.87020608542334e-05,0.003122181580422004
