,0,1,2,3,4,5,6,7,8,9,10,11,12,13,14,15,16,17,18,19,20,21,22,23,24
0,1.9552801875488224e-07,5.976684528207854e-05,1.6349066446901003e-08,1.1620220614053644e-05,0.0018871886245128665,0.9777408765189126,1.5041332311129962e-07,2.3193912764854952e-07,2.6248407239823556e-07,0.0021765617874828546,0.00035290474081729105,2.8029205369796065e-05,2.971241074773765e-09,7.020418609539122e-05,4.0172799842643724e-05,6.898828032622965e-05,1.4078631532380273e-07,0.005811246434730551,6.3281047204735895e-06,7.7673306047134e-08,0.005682678205086987,0.005033957175212254,0.0010248620984965198,2.3684249570409088e-08,3.512943777070774e-06
1,5.450933819411361e-07,0.0002337423335142094,1.6438486918579905e-08,4.201452230044556e-05,0.0017931257174188134,0.9176349997520467,4.0188661287075426e-07,8.443914008612121e-07,3.625872861023619e-07,0.007960708319150652,0.0004491674308222687,4.114706028429097e-05,3.088195120596403e-09,0.00015193683211052095,0.00011606424173616405,0.00017549788114868168,5.799093473034273e-07,0.015585502103392632,2.1140969965679327e-05,1.4785551654420058e-07,0.03038567740563897,0.02083426004302455,0.004548628738856632,5.70751191918825e-08,2.3428323241882578e-05
2,8.865229100108154e-07,0.0002922016995736311,1.1408112367654093e-08,4.270277263507087e-05,0.001454600420344662,0.8736585306008855,5.380502695229792e-07,7.97662116743145e-07,1.996809126915023e-07,0.006137992010050881,0.0004979937467708195,5.608256928492254e-05,3.129039305647313e-09,0.00018899611927106807,0.00020779312693449856,0.0001871704788364011,1.1671114905108657e-06,0.0238182373244281,1.726649178664427e-05,1.3789645350424658e-07,0.03768590038211578,0.043191385662030866,0.012527889807708486,8.29912632681399e-08,3.143233477464147e-05
3,7.958408075305667e-07,0.0003234508448047112,1.736415107865272e-08,6.067030904165405e-05,0.0020560349841303566,0.8819120455970295,4.808444733776282e-07,9.368530345775217e-07,2.3575011311992538e-07,0.007286137233489209,0.000613307015981461,6.424202622156465e-05,4.152100196636965e-09,0.0002091902868699609,0.00012116328524910203,0.00014944779445927626,9.991715958575902e-07,0.030375931320285994,1.6571067115439475e-05,1.6698316928448087e-07,0.03724830630113112,0.03104911991481912,0.008480473350578834,9.055944699054165e-08,3.0181149900727805e-05
4,7.488420836984924e-07,0.00031935884510194735,1.9368108649533282e-08,5.973495235435757e-05,0.002229817479540453,0.8913093438432674,4.807593414087456e-07,8.695464731203952e-07,2.460962513873941e-07,0.0070051473411136276,0.0006060438276232805,6.410569567277778e-05,5.188140350350072e-09,0.000227824731254261,0.00011217868766906351,0.00014052491977231574,9.426717901272662e-07,0.02900159444024927,1.5326376725290054e-05,1.7218545502636727e-07,0.032095981915034245,0.02886639060560751,0.00791710433569014,9.161062767556879e-08,2.5945735052688655e-05
5,7.919568093544922e-07,0.00034728131215582616,1.706378058966748e-08,8.288285818033429e-05,0.0021930610784461247,0.8634010945556095,5.159976811534711e-07,1.05591869352822e-06,1.9773662271005956e-07,0.008035075794983033,0.0006755796162796924,6.635539618096913e-05,4.8670527342605216e-09,0.000226535631338533,0.00010206443451357481,0.00014246039708607598,1.1105719130881542e-06,0.0417532689526142,1.4674032847310535e-05,1.9093275731496586e-07,0.04184786855315055,0.03038253862533277,0.010694639555726696,1.089077341539476e-07,3.06252525101679e-05
6,7.958408075305667e-07,0.0003234508448047112,1.736415107865272e-08,6.067030904165405e-05,0.0020560349841303566,0.8819120455970295,4.808444733776282e-07,9.368530345775217e-07,2.3575011311992538e-07,0.007286137233489209,0.000613307015981461,6.424202622156465e-05,4.152100196636965e-09,0.0002091902868699609,0.00012116328524910203,0.00014944779445927626,9.991715958575902e-07,0.030375931320285994,1.6571067115439475e-05,1.6698316928448087e-07,0.03724830630113112,0.03104911991481912,0.008480473350578834,9.055944699054165e-08,3.0181149900727805e-05
7,1.024653279555352e-06,0.0005684650658706149,2.9465876814853908e-08,7.22028964084337e-05,0.0021022343718978967,0.8787503983588153,7.180417737954617e-07,1.1730401378566235e-06,3.804033249384666e-07,0.008423848620629075,0.0009476481402629947,6.996164491544264e-05,1.0097381520691521e-08,0.00020813749104987045,0.00011901801548259736,0.0001220567043726849,1.2400126884477434e-06,0.04207839321465352,1.534218745191251e-05,3.0338988140984325e-07,0.028171110463321783,0.03126941331086236,0.007046826644423241,1.6432901427726855e-07,2.989943622376818e-05
8,1.4274007179386853e-06,0.0005396401123410172,3.021477997580715e-08,0.00014145423150542036,0.002434587028062805,0.815701750459012,8.676234756384414e-07,1.7410726038356554e-06,2.6194518468310834e-07,0.016343615231238524,0.00044223458001740765,7.80215085988486e-05,6.237986426153722e-09,0.0003729643816400407,0.00014747110233559238,0.00030726888108814556,1.7546712645486343e-06,0.042025135167135574,1.8233907881932024e-05,2.8031080829566836e-07,0.060790573833209786,0.04175221836856284,0.018814189152159846,2.0497910251496998e-07,8.406759928644076e-05
9,1.5580727020616996e-06,0.0008731536711814743,7.137450009159599e-08,0.0001806135723078108,0.0035834223831136525,0.831297764704546,1.077722441809324e-06,2.2904762939383725e-06,5.989553728371666e-07,0.018909961442802218,0.0006757962795687909,9.410763160119737e-05,1.5072455187485717e-08,0.0004171436837024249,0.00014475723586020333,0.00022907563284144632,1.9062964777136103e-06,0.04820293267470181,1.960414306411433e-05,4.5357315119338996e-07,0.04825934103123856,0.035631567473997074,0.011382697094265941,3.465806030903066e-07,8.974322120953906e-05
10,7.958408075305667e-07,0.0003234508448047112,1.736415107865272e-08,6.067030904165405e-05,0.0020560349841303566,0.8819120455970295,4.808444733776282e-07,9.368530345775217e-07,2.3575011311992538e-07,0.007286137233489209,0.000613307015981461,6.424202622156465e-05,4.152100196636965e-09,0.0002091902868699609,0.00012116328524910203,0.00014944779445927626,9.991715958575902e-07,0.030375931320285994,1.6571067115439475e-05,1.6698316928448087e-07,0.03724830630113112,0.03104911991481912,0.008480473350578834,9.055944699054165e-08,3.0181149900727805e-05
11,8.50699655891096e-07,0.0003465028859997301,1.9028272343707578e-08,6.320093038615189e-05,0.0021037678363232015,0.8805648977509021,5.177566057180409e-07,9.641282479021889e-07,2.47715628917524e-07,0.0072807023563512185,0.0006540460163199617,6.799403657980056e-05,4.97841352866799e-09,0.00021873966846720086,0.00012131766617924586,0.0001459089276897544,1.0734349165964785e-06,0.03259500024588977,1.6298933627358037e-05,1.826611618499627e-07,0.035557714988897156,0.03159349142558592,0.008636266463522077,1.0093074063419512e-07,3.0188533636298757e-05
12,8.610901513034537e-07,0.00045935504121116506,4.3587722328412816e-08,7.179085345879264e-05,0.001653630670487388,0.918733685691129,1.0378092590514527e-06,2.2607692054798755e-06,3.346084365215981e-06,0.014271095941364316,0.0008688973763675612,2.863684400915002e-05,4.411412142369571e-09,0.00010081408495653574,0.00031027006085441864,0.00018684877828016884,5.054164717629914e-07,0.009379790237903541,6.16925883419305e-05,2.861039731303815e-07,0.03958893015480303,0.01219274823153852,0.002006381987936952,1.096230090476525e-07,7.697656178764814e-05
13,1.4299096717442007e-06,0.00038898184743759313,3.815962337010126e-08,7.425190616367278e-05,0.00464954092463472,0.8231117897450281,4.829409478665629e-07,1.428391137617364e-06,3.698055791100441e-07,0.004246084941980628,0.0016302476668611076,0.0002692689683653299,6.3935265617178915e-09,0.00039631446524430043,0.00023352432521416377,0.00010261661988441143,2.649688808023606e-06,0.03489061581721227,3.250237890017493e-05,1.5258031070142133e-07,0.06969283664628828,0.0518310828647611,0.008400526250795473,1.104766438644612e-07,4.314628497990863e-05
14,7.473662757614362e-07,0.0003351634920230953,1.7150710244753525e-08,6.0426096788766455e-05,0.00205401621837836,0.8836197926945515,4.7254514059667307e-07,9.376802769572643e-07,2.4053141357079887e-07,0.007621816440060394,0.0006119224076334716,6.016185450700232e-05,4.255343345946799e-09,0.00020203062529160158,0.00011667057129863326,0.00014544477529628886,9.594343277307529e-07,0.03025669858524188,1.6264865375591432e-05,1.6943998938231862e-07,0.03631054630048764,0.030470346923255343,0.008086468585030981,9.056441303482104e-08,2.8590596888644206e-05
15,7.958408075305667e-07,0.0003234508448047112,1.736415107865272e-08,6.067030904165405e-05,0.0020560349841303566,0.8819120455970295,4.808444733776282e-07,9.368530345775217e-07,2.3575011311992538e-07,0.007286137233489209,0.000613307015981461,6.424202622156465e-05,4.152100196636965e-09,0.0002091902868699609,0.00012116328524910203,0.00014944779445927626,9.991715958575902e-07,0.030375931320285994,1.6571067115439475e-05,1.6698316928448087e-07,0.03724830630113112,0.03104911991481912,0.008480473350578834,9.055944699054165e-08,3.0181149900727805e-05
16,7.894876846287953e-07,0.00037955678039956346,1.2978121891658313e-08,9.137773751480032e-05,0.0018535782814453352,0.8282173580574168,6.063544022242603e-07,1.2802753431306284e-06,1.8498974798941037e-07,0.013508599262200648,0.0005749391750254321,6.384369490103406e-05,3.944333446387602e-09,0.00022684467307073586,0.00011202533766353086,0.0002276659869661131,1.152727624829338e-06,0.04030586067149091,2.177321241409402e-05,1.909361747289059e-07,0.06958140550801972,0.03382716984326542,0.010966764670342443,9.79970426225447e-08,3.691741738799395e-05
17,1.1400206073850927e-06,0.0003791803565055229,2.427073518958827e-08,0.00013050096933160885,0.002777026778242748,0.8379511539471793,6.498785692819769e-07,1.1019412802275747e-06,1.6952983353616107e-07,0.007446279556298273,0.0007295429536350567,0.00010963533227771029,7.251436657461371e-09,0.00042102722754764786,9.053847803992377e-05,0.0001523610640492564,1.3946952841142978e-06,0.05472969359991078,1.4466595000028654e-05,2.258801336361453e-07,0.047775172372007374,0.031215821402836418,0.016028719140918336,1.2959031355271325e-07,4.403716802634899e-05
18,2.9054977727819524e-06,0.000766458209890073,3.5184762758189445e-08,0.00011554217126152518,0.0023406147397542544,0.7011446991758891,1.014860664722394e-06,1.9959232260071307e-06,2.514419596328701e-07,0.011563337072805017,0.0007982004469745655,0.00020514164871559057,9.590367001286118e-09,0.0003794151225099402,0.00017642753642373025,0.0002001872208524597,4.442240882610173e-06,0.10205305378212717,2.1793851605907242e-05,3.0221905461201685e-07,0.0682704946640988,0.09401884429265413,0.017837726276073662,3.1886182686419817e-07,9.678796784693722e-05
19,6.20839362864758e-07,0.0003447662021242719,3.2842731012373254e-08,7.09000985890868e-05,0.003898685002687704,0.8907003887631186,3.6619952639415435e-07,1.1778851818478164e-06,3.6184994250401666e-07,0.008969315178752992,0.0005818452843829227,8.946478770688963e-05,7.2075976470581254e-09,0.0002679848883623714,9.954148812567217e-05,0.00012440261122059667,1.0850464040274428e-06,0.02594684242048316,1.7007206756616204e-05,2.002360585139053e-07,0.031081066694195185,0.032433155066016676,0.00534445869039503,9.847449844306093e-08,2.6225035779029618e-05
20,9.191539127233873e-07,0.00048819273202384636,2.3096395872266483e-08,7.260069078501964e-05,0.003143612706905577,0.8107088033005811,5.3445950520595e-07,1.8060035771611951e-06,3.1657150065425944e-07,0.01022375797043655,0.0006905472192356327,9.267369774407603e-05,5.010203060081205e-09,0.00025598660683899603,0.00021775407157886988,0.00016690902040222206,2.1571162867842624e-06,0.033715319811584016,2.587772556542984e-05,1.9996677067689716e-07,0.05716638964190224,0.07235394724526265,0.010631821594393309,1.413646276431248e-07,3.97032219806003e-05
21,8.494305709734463e-07,0.0002256728474147798,1.9365789184424257e-08,6.903985904824407e-05,0.0019002174652608863,0.8985220793575208,5.689217184007163e-07,6.83924503454494e-07,1.6114392393514054e-07,0.007281004837710334,0.0005077573594940696,8.44691713417781e-05,5.605095116640018e-09,0.00025359535196984884,7.531602839578454e-05,0.00019910867694979562,7.456073435869652e-07,0.030646553823008803,1.2117666819731847e-05,1.8349626340068874e-07,0.03397825199429932,0.017346331191790333,0.008868503527879773,8.500973328071651e-08,2.6678336154109147e-05
22,1.0482578124798355e-06,0.0003007114614480955,1.9710158200272556e-08,7.19111253851769e-05,0.0023928945925727257,0.8541461292653495,5.690586645382857e-07,1.0611526430217316e-06,1.9446346615121797e-07,0.006778205889623863,0.0007707357710449408,9.396744758743384e-05,4.511739953068557e-09,0.0002524535544412661,0.00011848356607581598,0.00016979730331814104,1.3306246170083753e-06,0.040607677771738765,1.9003944198501368e-05,1.701901020446267e-07,0.05167752072625162,0.03259947041594351,0.00996504862487888,1.0863153451370238e-07,3.1481939403850904e-05
23,7.958408075305667e-07,0.0003234508448047112,1.736415107865272e-08,6.067030904165405e-05,0.0020560349841303566,0.8819120455970295,4.808444733776282e-07,9.368530345775217e-07,2.3575011311992538e-07,0.007286137233489209,0.000613307015981461,6.424202622156465e-05,4.152100196636965e-09,0.0002091902868699609,0.00012116328524910203,0.00014944779445927626,9.991715958575902e-07,0.030375931320285994,1.6571067115439475e-05,1.6698316928448087e-07,0.03724830630113112,0.03104911991481912,0.008480473350578834,9.055944699054165e-08,3.0181149900727805e-05
24,5.748613823539653e-07,0.0003630050328739057,1.5336551911705156e-08,7.970065309181736e-05,0.002342902214004984,0.8841588271547498,4.213984224296346e-07,8.358982116611322e-07,1.8739434752784148e-07,0.00857762356525203,0.0005563552937851228,5.556461549571317e-05,5.448356342595699e-09,0.0002642788187998805,7.511532390424282e-05,0.00012239537671667687,7.577095872436703e-07,0.034757427747767765,1.4175330531795577e-05,1.7560279303792998e-07,0.03363317262229654,0.026661576788260137,0.008311226256083304,7.53661020711595e-08,2.360419063153631e-05
25,1.358231049559475e-06,0.0004805288787188771,3.301418770646984e-08,0.00015359534196392646,0.003586233535574201,0.800365567330998,8.982348713074794e-07,2.389952854288418e-06,2.7367622219627353e-07,0.008588047243766918,0.0014373838141122706,0.00015587859781267445,9.226019130460013e-09,0.0003442524203055971,0.00013810937717321394,0.00016225456960523762,2.4874959278269223e-06,0.05886928598286593,2.872419603934769e-05,3.4560401301345445e-07,0.07220216543648335,0.0397627644359246,0.013674750833194894,1.899920782165808e-07,4.2472578237869176e-05
26,2.3260984278691426e-06,0.0006971259736909918,4.8022606320510014e-08,0.00010776401862899324,0.0030157004654199856,0.7893634216941967,9.650723326268174e-07,2.1726589076474356e-06,4.0006194525384853e-07,0.010510799668145467,0.0010007095336469964,0.0001368233447837757,1.3562943389074556e-08,0.00025857058792296277,0.00015202413321807904,0.00015107713526541704,3.475810342636536e-06,0.0830120777206243,1.74319542433066e-05,3.3295245473319467e-07,0.04328261255081291,0.056040199057420186,0.01219059818601773,4.201424287680155e-07,5.290959357300853e-05
27,7.918151015852831e-07,0.0003187809607857984,1.5947705906448593e-08,4.073626110469212e-05,0.0015826195351996402,0.892763168665352,4.4984453011371484e-07,9.117787721848871e-07,3.3023514297537345e-07,0.007534299914209218,0.0004600812352761039,4.7868030923230356e-05,3.0640848364130137e-09,0.00015644443920551765,0.00017296868206249352,0.00016469764387198055,9.071094202603105e-07,0.02124216557867523,1.7816648342843036e-05,1.5702886494027394e-07,0.03037649239084976,0.038412286065579185,0.006670531867844718,8.164075282447777e-08,3.5393616341940746e-05
28,7.958408075305667e-07,0.0003234508448047112,1.736415107865272e-08,6.067030904165405e-05,0.0020560349841303566,0.8819120455970295,4.808444733776282e-07,9.368530345775217e-07,2.3575011311992538e-07,0.007286137233489209,0.000613307015981461,6.424202622156465e-05,4.152100196636965e-09,0.0002091902868699609,0.00012116328524910203,0.00014944779445927626,9.991715958575902e-07,0.030375931320285994,1.6571067115439475e-05,1.6698316928448087e-07,0.03724830630113112,0.03104911991481912,0.008480473350578834,9.055944699054165e-08,3.0181149900727805e-05
29,7.958408075305667e-07,0.0003234508448047112,1.736415107865272e-08,6.067030904165405e-05,0.0020560349841303566,0.8819120455970295,4.808444733776282e-07,9.368530345775217e-07,2.3575011311992538e-07,0.007286137233489209,0.000613307015981461,6.424202622156465e-05,4.152100196636965e-09,0.0002091902868699609,0.00012116328524910203,0.00014944779445927626,9.991715958575902e-07,0.030375931320285994,1.6571067115439475e-05,1.6698316928448087e-07,0.03724830630113112,0.03104911991481912,0.008480473350578834,9.055944699054165e-08,3.0181149900727805e-05
30,7.958408075305667e-07,0.0003234508448047112,1.736415107865272e-08,6.067030904165405e-05,0.0020560349841303566,0.8819120455970295,4.808444733776282e-07,9.368530345775217e-07,2.3575011311992538e-07,0.007286137233489209,0.000613307015981461,6.424202622156465e-05,4.152100196636965e-09,0.0002091902868699609,0.00012116328524910203,0.00014944779445927626,9.991715958575902e-07,0.030375931320285994,1.6571067115439475e-05,1.6698316928448087e-07,0.03724830630113112,0.03104911991481912,0.008480473350578834,9.055944699054165e-08,3.0181149900727805e-05
31,1.451457787341379e-06,0.0006835777759904059,4.742851329929061e-08,0.00013402030234235286,0.004212915284246554,0.7971972891310694,7.451437164176847e-07,2.5338531083192515e-06,3.85015316240544e-07,0.014340188193608121,0.000763164850326951,0.00012512817717138958,1.1784392019544953e-08,0.00035237342074735705,0.00011689070886199277,0.00016993400717870056,2.3662747694662213e-06,0.06619651702172581,2.2987888478804067e-05,3.372004540734095e-07,0.052826437405669904,0.05253346763818958,0.010266034379190977,2.8260278074652405e-07,5.091305436381465e-05
32,7.731928339338517e-07,0.0003170383918671944,1.656630374320346e-08,5.536369134938815e-05,0.0020181472442261177,0.8829680212823755,4.659153370633737e-07,9.521556788724737e-07,2.551390429459128e-07,0.007256337150351649,0.0005982892688005063,6.166757192859474e-05,3.826199112665301e-09,0.0002015939952569958,0.00013322673953971537,0.00015422832584453816,9.902117713346984e-07,0.02748261235305803,1.8832786277991455e-05,1.597749860000042e-07,0.0381457376855359,0.03264335989663547,0.007912061432638695,8.336031085541086e-08,2.978204184998881e-05
33,1.2299579772706791e-06,0.000723099030218588,1.6656640320707396e-08,6.324797217283319e-05,0.0034029304973844177,0.7632460500178134,5.759280676044976e-07,1.1455846842791772e-06,1.172326000483586e-07,0.007302276826022499,0.0007065671358150659,0.00011680200290310199,9.721538846591725e-09,0.0004017780788691462,0.00012898282250918617,0.00011964701747881481,2.5558225132831347e-06,0.06078878598184578,1.882956673230684e-05,1.966992322113709e-07,0.033056327125441216,0.11576275208317816,0.014135138021138537,1.5493855618294828e-07,2.078327866678953e-05
34,8.692690063908941e-07,0.00030555446401373936,1.9708945482566076e-08,4.4056644082564965e-05,0.0017126276333161916,0.9058166155742527,4.791765836857378e-07,9.206539168409786e-07,4.3093858619565384e-07,0.0069862701290062884,0.0005584228800679434,5.041505755933443e-05,3.580073453291868e-09,0.0001673053987611674,0.00014284029197939637,0.0001519253453889661,7.616989631620312e-07,0.021356193978735196,2.1844359377120015e-05,1.5544499058417026e-07,0.03144721802312128,0.026189378333784315,0.00501250625308654,7.665672739330093e-08,3.310850567380008e-05
35,1.8472977303277235e-06,0.0005863112842909023,3.0998880389650435e-08,0.00012028426075863898,0.0024765906010414855,0.7988408942592314,7.954794802405246e-07,2.6061613683633028e-06,5.168936070852885e-07,0.014832318019655706,0.0007481108605534249,0.000119968223025078,8.033798804070579e-09,0.00024880005649238334,0.00013348464777024617,0.00016865108761635126,2.2097140834032984e-06,0.06331939430990857,3.30646506963615e-05,3.034970447395671e-07,0.056257799637866535,0.05390949943744139,0.008120632368217752,1.9512237246841008e-07,7.568309706804451e-05
36,2.560635625715448e-06,0.0005574064076564331,6.785594064261542e-08,9.901974102671214e-05,0.0056715572697289395,0.7427907558347555,6.117578992302392e-07,3.397326091265408e-06,6.691360181076059e-07,0.012380450167903786,0.0006735795264304603,0.0003753689774578724,9.701547551396046e-09,0.0004630532250060795,0.00028972219635626546,0.0002421682000136992,5.843281974531333e-06,0.03791595319714025,5.643820907802282e-05,2.587431261803514e-07,0.07832963482395695,0.11102923589783868,0.00900889184537723,2.1871709966183534e-07,0.00010312732495033708
37,2.66240610788427e-06,0.0004832717732705506,3.363906534620637e-08,8.05318499335567e-05,0.0025893577605145593,0.8271959384287936,8.387885118374232e-07,9.833755811030287e-07,1.921855519662907e-07,0.005754586399017332,0.0008898907926499288,0.0001564434006276374,7.679840366317456e-09,0.00043383982261341954,0.0001146723952283951,0.00016160098802100567,1.754201394083055e-06,0.06762429289390834,1.840203766106776e-05,1.8497290572090286e-07,0.044606381169618556,0.03850553209376012,0.01132880267501714,1.7795829686139283e-07,4.962031210945118e-05
38,5.731926217672568e-07,0.00012187457011215813,5.189413327981134e-09,1.8259443221542647e-05,0.000684958562104857,0.9379192398393366,4.5644909099652147e-07,2.746825288509419e-07,1.0074311316758823e-07,0.0032944997940217422,0.00039150800768178033,2.5325480993653654e-05,1.2849640849944864e-09,0.00010172914120437842,0.00011541935613111926,0.000181887261441395,3.134402693915057e-07,0.013521856802122081,1.0386874182892014e-05,6.977077501694868e-08,0.022247092646743207,0.013937738771310947,0.00741341262001863,3.4460211736857774e-08,1.298161638451628e-05
39,7.612936938623239e-07,0.0002684966826837181,1.707661470121135e-08,6.06355729278537e-05,0.0021318706603857232,0.8836098630431053,4.6379587690522785e-07,9.691711237791864e-07,2.2866548529382422e-07,0.007117856052632851,0.0006027701724185992,6.715569752453744e-05,3.6235955765143316e-09,0.00020208603505196963,0.0001205106206632872,0.00016395855574977898,9.671966251021873e-07,0.02790783881968924,1.7740061033383137e-05,1.581314148624895e-07,0.041256819350654395,0.028090784049275123,0.008348413401312498,8.396808014216477e-08,2.9548302381725842e-05
40,4.0912040688161147e-07,0.00023922330676309103,1.4116785861352634e-08,0.00010999397564339552,0.0017436177259592882,0.8941173032483465,4.98356483603506e-07,1.243962746031636e-06,2.185917023045581e-07,0.01204969167996032,0.0005388905246900318,3.9734153491998824e-05,4.828214080423898e-09,0.00013268981678610543,6.431673458215499e-05,0.000168095310589293,6.849034004117177e-07,0.032015469710385776,1.1259794350319307e-05,2.921148465562743e-07,0.034131545445719176,0.015187689451672976,0.009422978327461464,9.548282818089766e-08,2.4039316184349066e-05
41,3.355569113433949e-07,0.00020832406404427397,2.3348340648157973e-08,3.16120157878323e-05,0.002588509396983409,0.9467315518319614,2.370016273722037e-07,5.992863046689059e-07,5.871833082191153e-07,0.007355188267882209,0.0002807076081290817,2.2730489330669996e-05,2.521511537805491e-09,0.00014810365112400637,0.00013009533965701293,0.00013181883814939184,3.099340196071465e-07,0.006924507158400342,1.4307751878326093e-05,8.703134418130248e-08,0.019618874252698836,0.013235479851695087,0.0025553107147595943,4.909369602510209e-08,2.064781045464726e-05
42,9.748907872703148e-07,0.00033196300155965405,1.6058369199948625e-08,4.745010857195646e-05,0.0022603048558289276,0.8134304259108763,5.886045415227158e-07,1.733688143005845e-06,2.8427418082456107e-07,0.009237587726359261,0.0005982739193969742,7.320775869273913e-05,2.1015798063151596e-09,0.00017878690759719223,0.0003221300371626165,0.0002927431743904432,1.7845766812712365e-06,0.01918933731981159,4.0845777211022075e-05,1.5791190748314524e-07,0.07584444201115444,0.06787276386808441,0.01023391591895989,9.836302883337193e-08,4.018123512353311e-05
43,0.000349796343582233,0.009156166109893291,1.1523247943129823e-05,0.0007076864710537591,0.003005820158920752,0.2523623881211078,5.8580572031705795e-05,6.237266620975749e-07,1.1492086108984987e-06,0.0001956517673856925,0.032668640556028784,0.010304728090091267,3.2093245756025918e-06,0.02648193233055802,0.00012998043491970997,1.790989954749456e-05,7.308696953988139e-06,0.6187714280660472,1.0305311748523793e-05,3.5961786690791806e-06,0.0036533480894165036,0.019103264191482706,0.02205170755222705,4.109673311584282e-06,0.0009391458772309242
44,7.958408075305667e-07,0.0003234508448047112,1.736415107865272e-08,6.067030904165405e-05,0.0020560349841303566,0.8819120455970295,4.808444733776282e-07,9.368530345775217e-07,2.3575011311992538e-07,0.007286137233489209,0.000613307015981461,6.424202622156465e-05,4.152100196636965e-09,0.0002091902868699609,0.00012116328524910203,0.00014944779445927626,9.991715958575902e-07,0.030375931320285994,1.6571067115439475e-05,1.6698316928448087e-07,0.03724830630113112,0.03104911991481912,0.008480473350578834,9.055944699054165e-08,3.0181149900727805e-05
45,7.250945391196718e-07,0.00029002690051150264,1.9483227409229992e-08,4.883364879298775e-05,0.002188355597938926,0.8971220757542758,4.814212586870601e-07,1.0166252289814532e-06,2.935073288457807e-07,0.007030904987683808,0.0005956464160653584,5.907572733825716e-05,4.169003070310822e-09,0.00017735118929011986,0.00014077076231241978,0.00015688284821754693,9.657461885838481e-07,0.02275459413403637,1.771078317237765e-05,1.714850732644208e-07,0.031803865979358456,0.030596089227696598,0.006989113505446027,9.340510193681044e-08,2.493160091355376e-05
46,3.314064065831028e-07,0.00016701171029480052,8.815104128937992e-09,3.0643538614215604e-05,0.0012240698457097758,0.9433827974525331,2.8931556025347454e-07,3.5463258605668694e-07,1.7200596611792712e-07,0.005026598606600689,0.000333933848630786,2.347188079182411e-05,1.9006437998352886e-09,0.0001431788476750937,6.556168454311527e-05,0.00011547633591457277,2.2038491767841647e-07,0.013831892634959772,1.0017200524541703e-05,8.979521793507452e-08,0.018896255208967462,0.012281028572269285,0.004451776923295963,3.008951361970412e-08,1.4787362758931278e-05
47,6.622820158157722e-07,0.00029690058884796454,1.6580147916889608e-08,6.241958784754305e-05,0.0020882557617949646,0.8917494398770858,4.5026692588590666e-07,9.052356721625133e-07,2.3617771328576814e-07,0.007256678039923249,0.000592019235405162,5.486255452353926e-05,3.947377883553686e-09,0.0002023685679192866,0.00011091961030026253,0.0001426087180917513,8.500255449921102e-07,0.027380044019739164,1.5589561236878575e-05,1.6251405182538958e-07,0.03516378280148938,0.026605666997824292,0.008247890072629716,8.223702689390083e-08,2.7184738864231326e-05
48,5.849367295698403e-07,0.0002047139775313296,1.72619120265541e-08,5.2917017603117994e-05,0.00192664536111884,0.917496074309113,3.522602431888871e-07,5.834556317434885e-07,2.1673989759189886e-07,0.005267304491290076,0.0005451653303658105,5.5393515287927775e-05,3.4337728063791113e-09,0.00018624360104271134,7.869344923283327e-05,0.0001139741313834293,5.325722887387004e-07,0.024315993967999248,1.0500700043096043e-05,1.2856641992986144e-07,0.027558359023657678,0.016129258083196384,0.006032458073915149,6.198482453855221e-08,2.382375549932995e-05
49,6.642156688094723e-07,0.00023740380789505765,1.6276649442218546e-08,4.381499120524478e-05,0.0022412449713223198,0.8970541547336717,3.579743291662179e-07,6.935981159956897e-07,1.9825958416061323e-07,0.005209219799436868,0.0005905734142595555,8.054631684553865e-05,4.32645586808994e-09,0.00019526857921120893,0.00010399396610172995,0.00011378410912821736,9.017823328340712e-07,0.028076784448255756,1.3273146853228249e-05,1.361970607847336e-07,0.028304464478767385,0.03115971406801548,0.006552418370982366,7.12024598295406e-08,2.029696539182841e-05
50,4.84509934661382e-07,0.00030701800923550157,1.2114154739996965e-08,4.667533130504932e-05,0.001638642061664988,0.9087874027058095,4.987860324255165e-07,8.669305725681843e-07,3.004417574545678e-07,0.01390857485631874,0.00025497114716407205,2.4741411790175674e-05,2.960601014510794e-09,0.00020552621816358776,9.19192101781405e-05,0.00023033279855848572,4.115687521146419e-07,0.014571855516379103,2.590280143655942e-05,1.4444343929600937e-07,0.027609708730272596,0.0271720851104436,0.005097082236710989,4.8690513276688245e-08,2.479140881148735e-05
51,7.999004344231494e-07,0.00026320530780132216,1.7608019196986248e-08,4.7387843741994605e-05,0.001890850100348116,0.9011339532539163,4.4037761147515557e-07,8.649947436079794e-07,2.6858574424957187e-07,0.006452239194593883,0.0005172894211091731,5.896293120421947e-05,3.496086861425712e-09,0.00017031610703142664,0.00013861071070908512,0.00017195784920391415,9.358160695973241e-07,0.021704771156364783,1.634665251026317e-05,1.5949282409275642e-07,0.0312853881941793,0.028433921100086038,0.007681394037563788,8.395207682866348e-08,2.983191602630005e-05
52,9.56566286707648e-07,0.00038385840191722454,2.2708960968555145e-08,7.376506394997572e-05,0.0026580263066048795,0.8576688329635062,5.158345768994485e-07,1.3163536072230352e-06,2.8541759655900637e-07,0.008497994873297918,0.0006774348992132943,8.439427426732084e-05,4.309317521952247e-09,0.00025096784509139313,0.00015392882866443363,0.0001740846639951897,1.411330779121399e-06,0.030314552176849852,2.2870901194348844e-05,1.8279016755174038e-07,0.0504762296607439,0.03908026451088225,0.009437407874134803,1.0808554868013505e-07,4.0583358846054e-05
53,6.926314278090947e-07,0.00023879722092231097,7.926036226545678e-09,3.7046873805431e-05,0.000572743967554034,0.922046745679735,8.020469407660958e-07,4.3536102597215413e-07,1.6515185354338677e-07,0.005017926363029443,0.0005254700908925028,2.20486138414076e-05,2.83667169864719e-09,0.00010599867393323398,0.0001252038070189972,0.0001744750441410721,4.6193400139317164e-07,0.02289345269841599,8.52936754439126e-06,1.760034905335119e-07,0.020085530275080567,0.015907425572662278,0.012212680304808352,7.393694531982508e-08,2.310761822171344e-05
54,5.642353416448261e-07,0.00028288506248729374,2.571446031317057e-08,0.00012955108086982103,0.00692922721562261,0.8292454515619379,3.6343929215226995e-07,2.279948172542144e-06,2.3589252461605845e-07,0.006838202523679871,0.0015273204566982744,0.00012485186681437114,6.700352336947648e-09,0.00024155815209337984,9.872266613870878e-05,8.140830466221365e-05,2.1212171911728404e-06,0.04881073390897699,2.1816177818561517e-05,1.8360228440474459e-07,0.06062390126669631,0.03562415543321385,0.009397498089606451,1.404252858697876e-07,1.6795057778397736e-05
55,5.060188048234904e-07,0.00025118934266149084,9.559008792432016e-09,5.154909530109336e-05,0.0021432389116409012,0.881595472631396,4.2102426116642826e-07,8.027346321144727e-07,1.357095020765637e-07,0.007389699067122874,0.0004463313490393404,3.767716762217554e-05,2.2410501197520348e-09,0.0002108141505966376,0.0001349838786633219,0.0001919642526499916,7.681470109566185e-07,0.018908588308274396,1.7335054716122217e-05,1.0558352813733056e-07,0.04433303587083863,0.03195449323540638,0.012311256238402894,6.318032635138567e-08,1.9557247543174394e-05
56,8.380099343751688e-07,0.00035764158194675284,1.985969198076509e-08,6.383194169314456e-05,0.0021719938497307433,0.8806063044629875,5.187182507025672e-07,1.0037568981083187e-06,2.6243669787711384e-07,0.007500760018873118,0.0006631900070638269,6.805759984692292e-05,5.231968335592846e-09,0.00021811809141510964,0.0001238755833533911,0.00014659788872560623,1.099722680749402e-06,0.0321138284737554,1.680382838229926e-05,1.900625706328467e-07,0.03560676900725028,0.031913019932027865,0.008395442220953817,1.0358588591023568e-07,2.9724127415423293e-05
57,9.58147436074454e-07,0.0003735591837168276,4.5363794649814146e-08,7.661983363968947e-05,0.005259602620586785,0.8262721223249532,3.983642764667423e-07,2.261888399661369e-06,5.344324325377618e-07,0.012004292592024034,0.0006478815329335203,0.00018954195636166607,7.3463925089478446e-09,0.0002896541999209361,0.00015762100745839882,0.00018581093960616545,2.5069626282680337e-06,0.02908945251174244,3.870967390454431e-05,2.2862805488919887e-07,0.059325581606879244,0.06092316389123728,0.005118094893956328,1.250173189176649e-07,4.1225080344923124e-05
58,9.912612175070428e-07,0.00039929027265046195,2.198176149481685e-08,6.883598887444784e-05,0.0022865118408660567,0.8620879695215421,5.844895160739358e-07,1.1644718117968102e-06,2.609913232496661e-07,0.007996628111944072,0.0007227580608853252,7.654060538547887e-05,5.353570607974992e-09,0.00022447131380776906,0.00014085601103921655,0.00015810151382649842,1.4058356534110246e-06,0.03719692815870144,1.7368549701211518e-05,1.9931231509916472e-07,0.04101959319924671,0.037608060202769786,0.009957069528883955,1.322185291774094e-07,3.4251204177217445e-05
59,1.1220871565692064e-06,0.0004103889866916578,2.7455218829517368e-08,7.393282681729788e-05,0.002502790897215576,0.8580420406700769,6.233258714205291e-07,1.2776400175175222e-06,2.8214502762896297e-07,0.008190937092626761,0.0007430967630939468,8.599037055571583e-05,5.964054681700728e-09,0.00023651759576282107,0.00014200337079190396,0.00016685961499064575,1.5284145298124009e-06,0.040232073491611356,1.6942305159467385e-05,2.1832575458962583e-07,0.042311225990397223,0.03683551799115592,0.009966784188655854,1.595056360661323e-07,3.76529811298288e-05
60,7.958408075305667e-07,0.0003234508448047112,1.736415107865272e-08,6.067030904165405e-05,0.0020560349841303566,0.8819120455970295,4.808444733776282e-07,9.368530345775217e-07,2.3575011311992538e-07,0.007286137233489209,0.000613307015981461,6.424202622156465e-05,4.152100196636965e-09,0.0002091902868699609,0.00012116328524910203,0.00014944779445927626,9.991715958575902e-07,0.030375931320285994,1.6571067115439475e-05,1.6698316928448087e-07,0.03724830630113112,0.03104911991481912,0.008480473350578834,9.055944699054165e-08,3.0181149900727805e-05
61,1.0236925771909838e-06,0.00039104603346419364,2.7045327581180318e-08,6.876034420087092e-05,0.002535557760099229,0.8667471757363676,5.672580632571462e-07,1.192030899776596e-06,2.9605613529742395e-07,0.00766618295062038,0.0007499136041167197,8.556591914504473e-05,5.7067599279569434e-09,0.00023191539471458,0.00013803742929118743,0.00015424065465902934,1.3983282055322428e-06,0.03649529754074201,1.739094822756506e-05,2.06462324599751e-07,0.0405478579322157,0.035382184267841656,0.008748850647015489,1.3764985901169486e-07,3.5168607126664866e-05
62,7.958408075305667e-07,0.0003234508448047112,1.736415107865272e-08,6.067030904165405e-05,0.0020560349841303566,0.8819120455970295,4.808444733776282e-07,9.368530345775217e-07,2.3575011311992538e-07,0.007286137233489209,0.000613307015981461,6.424202622156465e-05,4.152100196636965e-09,0.0002091902868699609,0.00012116328524910203,0.00014944779445927626,9.991715958575902e-07,0.030375931320285994,1.6571067115439475e-05,1.6698316928448087e-07,0.03724830630113112,0.03104911991481912,0.008480473350578834,9.055944699054165e-08,3.0181149900727805e-05
63,8.782172511796481e-07,0.00038980630602714674,1.8389811482950523e-08,6.165090202231033e-05,0.0019846989270752105,0.8747285431310087,5.327303212458105e-07,1.0111177655183354e-06,2.621068215095885e-07,0.007628959176678945,0.0006727750274079626,6.327438168576953e-05,4.750823950888613e-09,0.00020543393695580516,0.00013388631173384493,0.00014669942635158424,1.1231782256498195e-06,0.03338434640920791,1.7047545661994784e-05,1.870370395368896e-07,0.03713682572518288,0.03470306336804981,0.008706957673328726,1.0627560448856537e-07,3.1907947956789486e-05
64,8.380976316974008e-07,0.0003210357346268624,1.6829361876554544e-08,6.497898353341246e-05,0.002163399085238975,0.8603282193579329,5.101808209231042e-07,1.1038668362941603e-06,2.3810082082271562e-07,0.007578596064800268,0.0007174564136049557,7.068002634930302e-05,3.556398311827928e-09,0.00021056264877092492,0.00014506066530728146,0.00016619928252476892,1.1509979253947763e-06,0.031824024242590836,2.042600117521041e-05,1.5556061924961274e-07,0.0544273333693464,0.03257597941972174,0.00934912043693196,9.555143662225048e-08,3.281552569280354e-05
65,3.848548482629374e-06,0.0020097208920489724,6.68431298759814e-08,0.00012515219608339248,0.002467918186459939,0.7766210494436204,2.3495861320963208e-06,4.236933754721081e-06,1.4441041392500947e-06,0.018185298327631164,0.0012540876235013153,7.834112441936781e-05,1.554463560721288e-08,0.00026953257906600295,0.0005142864708825607,0.00021176442454455606,4.053667979592836e-06,0.04716944982349823,4.642548751890828e-05,5.056933539190794e-07,0.04980094606324548,0.08813804884564655,0.012954854885222938,6.742466888622975e-07,0.00013592845831347103
66,1.0464378269692901e-06,0.00039334465898275227,1.8482605277716468e-08,6.906582353685846e-05,0.0021716877196684826,0.8524059865167011,5.527687930519514e-07,1.0544015329932032e-06,2.1656998748982922e-07,0.006750756915927119,0.0007635100757714799,7.701558841679849e-05,4.242738341689498e-09,0.00023547822934330277,0.00015184848082167173,0.00014248558414199452,1.4055835774746586e-06,0.03964151120967955,1.642393494476825e-05,1.646124606614384e-07,0.046138595084161356,0.03923351638644496,0.011767181875858575,1.2086006541920117e-07,3.70079560116091e-05
67,1.5025377942506526e-06,0.0008018561794700415,3.848812610422667e-08,0.00012185039591182758,0.005098389443168791,0.7738570259494018,6.405339381723843e-07,4.364577959749642e-06,7.7866258950814e-07,0.021437670353769492,0.000825061805586684,0.00010657525032783393,7.635721945953935e-09,0.00025612768741381677,0.00017786509567196447,0.0001508627184772394,2.733727581798972e-06,0.042803516429734595,5.2472856838464975e-05,2.236145814890275e-07,0.07417302211910623,0.0741544862732214,0.005917376377428625,2.28644260417787e-07,5.532264191788696e-05
68,7.723112231241788e-07,0.00033915670915600504,2.197745122857244e-08,6.201916592106418e-05,0.002674251158699087,0.8848374874834544,4.64808369253586e-07,1.1374472211700198e-06,3.083132580135774e-07,0.008659061335687336,0.0005489507359086527,6.42229422921594e-05,4.304891690351218e-09,0.00023913784427801962,0.00012806089765795984,0.0001651252032516392,9.858581207845963e-07,0.024317212074874462,2.1348059039756387e-05,1.635837757211185e-07,0.038663826380287994,0.03219720620720657,0.007048129275245386,9.051973749737049e-08,3.085540299082923e-05
69,7.343108657210079e-07,0.0002988513900858348,1.524698386868188e-08,5.127992146651573e-05,0.002162464725227524,0.8894726510166351,4.1741239863055747e-07,7.759508921556601e-07,2.0382460099972087e-07,0.006029549474592857,0.0006135519884278242,6.210349744644485e-05,3.569089767765011e-09,0.00021757986220216922,0.00012012740236854916,0.00013010389179967006,8.976976411127573e-07,0.02694629525464577,1.590767703405587e-05,1.28531409601647e-07,0.034720441759354854,0.031060777313848275,0.008069986637493075,7.471606725844076e-08,2.5076927422254033e-05
70,8.327563527105577e-07,0.0003838528160121037,1.632179656720675e-08,7.210754478140923e-05,0.0022313134911104717,0.8597689010743238,5.767263212813734e-07,1.514329973460993e-06,2.743328341324619e-07,0.009678617711836543,0.0007407689155419407,6.144681217592617e-05,4.155578643172847e-09,0.00017214657633413073,0.000149929729868852,0.00015934655342766577,1.3060414750927578e-06,0.03231953504042637,2.1911447517932716e-05,1.9202532654045558e-07,0.04688111369759186,0.0379188109493813,0.00940486932838904,1.1860081800826019e-07,3.049302080418648e-05
71,1.0379751716906252e-06,0.0003432937142175965,1.713622622402882e-08,6.911563534523608e-05,0.0017584263529698357,0.8633464149778666,6.559235874936506e-07,1.0387985455412153e-06,2.0937886583981633e-07,0.00701521410944987,0.0007290023380273099,7.408943731517598e-05,4.7124913004853976e-09,0.00021401792239193371,0.00013376981651859002,0.0001740688022014838,1.244601656020604e-06,0.03930395394921022,1.7248873348236495e-05,2.086936122883792e-07,0.04279377286970739,0.03265618780828683,0.011332720454811956,1.1360874671694008e-07,3.4172109428525415e-05
