,0,1,2,3,4,5,6,7,8,9,10,11,12,13,14,15,16,17,18,19,20,21,22,23,24
0,9.886069550082625e-07,1.7779233649668407e-05,1.1828455182187965e-06,9.461341153718436e-05,3.8194020144118016e-07,0.9910095704165427,9.480960828852159e-09,4.974680285774013e-08,4.805154301950136e-05,0.0014863086267714858,1.857173838244553e-07,1.3232800363140747e-09,2.6811637121508645e-08,0.0011876701838306172,1.6778736943688298e-07,6.040639640563383e-05,0.0006020421008369537,0.00489230681307522,1.8868077176544167e-05,6.332852246153238e-06,0.0004710723267442197,4.493818289747198e-06,4.709954909174535e-06,3.3959740672074386e-06,8.938401078927365e-05
1,2.8640010294061598e-06,4.467154785057787e-05,4.608371186224276e-06,0.0003853509168610921,2.567462929285761e-07,0.9706933589356866,3.4673736927018055e-08,6.973424439897194e-08,4.107180690181252e-05,0.010611747086781469,1.4326149004096485e-07,3.772729978600463e-09,2.1476066975485806e-08,0.0031886242354321522,1.064286490984107e-07,4.659195684957632e-05,0.0003658509800678707,0.013563243825187905,1.3709747017958934e-05,7.0876814759918076e-06,0.0006956788460383669,4.813717018378743e-06,1.4526484069575337e-05,4.531774719815705e-06,0.00031103199261469494
2,3.959442179495069e-06,6.84815022596779e-05,3.93826297700209e-06,0.0004633583152661422,7.416758365928765e-07,0.9582087978034911,5.5363909828431494e-08,8.059055319581871e-08,4.1989365519125e-05,0.01111459212148231,2.5638804429218405e-07,5.187232495921816e-09,3.0606162476933304e-08,0.008255836834850065,1.9496440773023676e-07,4.132146925130838e-05,0.0008258070820679594,0.019331714696625427,1.0777200521163088e-05,1.3434955496759956e-05,0.0007567705603807062,6.739089730133784e-06,2.969253183786741e-05,3.875345420124292e-06,0.0008175486444968257
3,2.737618385867637e-06,4.761442035468768e-05,3.791792377718318e-06,0.0005461951865004455,3.426561790207003e-07,0.9646815966461506,3.713440337915026e-08,6.9418207272811e-08,3.2253484634564106e-05,0.009759615432241393,2.262698080350838e-07,4.527167865391623e-09,2.35795669607843e-08,0.00618466141971677,1.0295894095918973e-07,3.3561640279738706e-05,0.0006777704421734008,0.016693993405572417,1.040226560412626e-05,8.552539667383905e-06,0.0008084077783035114,6.486474295093603e-06,2.710450227407313e-05,4.483082696206051e-06,0.0004699653244982556
4,3.111689738556951e-06,5.060162296272369e-05,4.005716157217388e-06,0.0005979294882361723,3.711551061312408e-07,0.9622185661373615,4.070236727741075e-08,7.208958772339289e-08,3.5897273672667494e-05,0.009443929980127124,2.4838822228823597e-07,5.970098708141163e-09,3.262550869465538e-08,0.007111257413700686,1.0554856997053018e-07,3.378208488634683e-05,0.0008057724170197862,0.018185350331675797,1.1335211353273762e-05,9.32146126409725e-06,0.0009131680283726286,7.401822941799176e-06,2.9421943278078312e-05,5.0352053111926746e-06,0.0005332356924795346
5,3.03608520462635e-06,4.760460554610774e-05,3.599594863652804e-06,0.0008046478312620973,2.7458865047119903e-07,0.9518115720710187,3.370305901905069e-08,6.421113982848883e-08,3.154075597123649e-05,0.011543315385875042,2.2023334400784698e-07,5.523297171342342e-09,2.6737863459364645e-08,0.0077726036855371525,8.49197366716191e-08,3.1829269133703065e-05,0.0008217669015524403,0.025590678085641198,8.917103389379944e-06,9.650314201559338e-06,0.0009272128145455497,7.850937917032046e-06,3.0712823954708424e-05,5.222038643890123e-06,0.0005475297786513661
6,2.737618385867637e-06,4.761442035468768e-05,3.791792377718318e-06,0.0005461951865004455,3.426561790207003e-07,0.9646815966461506,3.713440337915026e-08,6.9418207272811e-08,3.2253484634564106e-05,0.009759615432241393,2.262698080350838e-07,4.527167865391623e-09,2.35795669607843e-08,0.00618466141971677,1.0295894095918973e-07,3.3561640279738706e-05,0.0006777704421734008,0.016693993405572417,1.040226560412626e-05,8.552539667383905e-06,0.0008084077783035114,6.486474295093603e-06,2.710450227407313e-05,4.483082696206051e-06,0.0004699653244982556
7,4.603989395862361e-06,4.509715878911682e-05,6.2199807126543805e-06,0.0004037891922588597,3.217142170244979e-07,0.967034030118393,4.093576048464122e-08,6.844462576345114e-08,2.848961273159023e-05,0.010331448292582649,1.9892655778271707e-07,4.024306574687091e-09,2.637995073662145e-08,0.00446783057935115,6.924487466773946e-08,2.499725721607528e-05,0.0005042515226881937,0.016090207425709064,1.2648966194711437e-05,7.115112269660092e-06,0.0005895660588561643,3.818585799850149e-06,2.4316249811376367e-05,5.551298767446326e-06,0.00041528892817963925
8,4.056851282837424e-06,0.00010003893341846288,7.371834035011344e-06,0.001160390595172359,3.5942224083887724e-07,0.948608825759696,6.604750950471967e-08,8.572332782998847e-08,2.059149333644647e-05,0.023640921972985396,2.342206186977017e-07,5.932135469817913e-09,1.939773895162306e-08,0.011441088532241494,4.4756659577204185e-08,2.112585137720745e-05,0.000434087264633578,0.013220820477542429,9.223933883744346e-06,1.1531424274004205e-05,0.0006616052527922717,3.1856405805184653e-06,7.978338993839295e-05,6.3198838482828515e-06,0.0005682154087305626
9,2.1291231357007553e-06,7.580985984594053e-05,6.061959005400542e-06,0.0013438236680162934,2.059055936110686e-07,0.9540190082889646,4.735483399135014e-08,6.341140674586501e-08,2.669229361502349e-05,0.02266734549793086,1.6338872406662185e-07,6.616696817932288e-09,2.050971338155728e-08,0.007182456268895561,5.732504475452648e-08,3.1310790962470607e-05,0.0004027900886564302,0.012530808535611889,8.214120519672436e-06,1.1713651697566772e-05,0.0011555520320339736,4.740802379234187e-06,5.4780456002989574e-05,6.233640412547398e-06,0.00046996441030053727
10,2.737618385867637e-06,4.761442035468768e-05,3.791792377718318e-06,0.0005461951865004455,3.426561790207003e-07,0.9646815966461506,3.713440337915026e-08,6.9418207272811e-08,3.2253484634564106e-05,0.009759615432241393,2.262698080350838e-07,4.527167865391623e-09,2.35795669607843e-08,0.00618466141971677,1.0295894095918973e-07,3.3561640279738706e-05,0.0006777704421734008,0.016693993405572417,1.040226560412626e-05,8.552539667383905e-06,0.0008084077783035114,6.486474295093603e-06,2.710450227407313e-05,4.483082696206051e-06,0.0004699653244982556
11,2.9711644410510377e-06,4.8704855610099474e-05,4.04250790382107e-06,0.0005659508616422915,3.674224135092836e-07,0.9641675870232357,3.9517709226929e-08,7.218822088543349e-08,3.377894721063502e-05,0.00973630997781673,2.3823990517787315e-07,5.191852904297162e-09,2.947928382359237e-08,0.006346038884441015,1.0255486132461338e-07,3.456929562891579e-05,0.0007356712155433223,0.016931204309430303,1.1085292973307322e-05,9.407067365824485e-06,0.0008448925976986862,6.641314069070501e-06,2.8862559406010188e-05,5.005098851419304e-06,0.00048642243248496237
12,2.0885481600372303e-06,4.0457703520900684e-05,1.5145360727767825e-05,0.0006016320321275981,1.4949425215684945e-07,0.9810812766253464,9.68811936861203e-08,3.7957230045619906e-07,8.218035075172683e-05,0.009126137385352173,7.132257777834296e-07,1.5975318396366058e-08,2.4026483525742837e-08,0.001094389717191108,4.229164976385466e-07,0.00013823764502522747,0.00011404382271652288,0.006430377272369125,7.723508031407677e-05,5.113303432729136e-06,0.001026521619721992,1.428733184487483e-05,1.9707979791614828e-05,2.1199923348196298e-05,0.0001081662064344221
13,1.7377998727463551e-06,4.80719579286676e-05,4.336525242345033e-06,0.0015260161902644006,4.804438715582001e-07,0.9387820594023177,7.664863155302818e-08,2.573879622590829e-07,3.229123362939783e-05,0.006449488169520228,1.7182192828529677e-06,2.071018538637139e-08,3.9070168920559946e-08,0.030510514095012434,1.879103258402157e-07,3.707573391823749e-05,0.0012656476364066385,0.01907693332915664,1.2409522911982563e-05,1.0591549377526587e-05,0.0015095520557113953,2.3399708121685367e-05,9.66923502541908e-05,6.890446823509363e-06,0.0006035119031018791
14,3.6417759771416553e-06,0.00019530677280627827,1.7200220076965964e-06,0.000547905619634053,8.737036225009637e-07,0.9449225777251565,5.762010962604468e-08,8.441666829628239e-08,2.6972541669053946e-05,0.023876780789067565,3.7245262355086863e-07,2.9534556224555127e-09,1.0475815753958207e-08,0.013747458246414244,9.941041312104478e-08,3.738611038026128e-05,0.0005374935805113551,0.01518611811652574,1.8760691031105052e-05,1.1997098323408513e-05,0.00043685991224831075,5.603097384301908e-06,4.249039345044069e-05,5.253457988559048e-06,0.00039417301671548354
15,2.737618385867637e-06,4.761442035468768e-05,3.791792377718318e-06,0.0005461951865004455,3.426561790207003e-07,0.9646815966461506,3.713440337915026e-08,6.9418207272811e-08,3.2253484634564106e-05,0.009759615432241393,2.262698080350838e-07,4.527167865391623e-09,2.35795669607843e-08,0.00618466141971677,1.0295894095918973e-07,3.3561640279738706e-05,0.0006777704421734008,0.016693993405572417,1.040226560412626e-05,8.552539667383905e-06,0.0008084077783035114,6.486474295093603e-06,2.710450227407313e-05,4.483082696206051e-06,0.0004699653244982556
16,2.7483842314146378e-06,7.559136804171702e-05,3.97063823565181e-06,0.0009446702575164205,3.5503460574790246e-07,0.9325428075667443,6.816920847631027e-08,1.1998708208280907e-07,4.4191722386185413e-05,0.02313264785415288,2.2846966916832058e-07,1.1572116143012611e-08,3.453752685156157e-08,0.01105130371653449,1.8087032857833507e-07,6.362204855818895e-05,0.0009605484187837324,0.028032850891249333,1.4873345708276022e-05,1.4050692579297143e-05,0.0022653268857005127,1.787225569613752e-05,3.700560098186219e-05,4.870960966873165e-06,0.0007900487513956409
17,2.84616117627617e-06,6.458342490810057e-05,3.4206052548134283e-06,0.0012783871195599396,6.432286762933063e-07,0.9271147513821458,6.375270339355809e-08,1.2615669819542763e-07,3.118950181763561e-05,0.01433473496882105,4.487914359264807e-07,1.1833049234026372e-08,5.630501945015273e-08,0.02278841160938139,1.2359623773491993e-07,4.191323784290407e-05,0.00237739638894017,0.029122645347889345,9.4823113346966e-06,2.057753520995507e-05,0.0016572200023506898,1.7415200535235256e-05,8.627142384957413e-05,5.3303050566644806e-06,0.0010419498101053668
18,4.329713318544865e-06,5.416640056211625e-05,3.554437483363887e-06,0.0007429345677025851,6.144266532122042e-07,0.9175152132692943,5.640702875499577e-08,6.249703069426072e-08,3.09897489830085e-05,0.015885758341532927,2.0774738186723375e-07,7.37192794527359e-09,4.7603134471750853e-08,0.015339935571870392,1.1281876699973673e-07,3.0052187121768475e-05,0.002174260653336577,0.044968804746233056,6.594930633621808e-06,1.5783730388358035e-05,0.0015429223287327205,1.0976780612049894e-05,4.439245187244968e-05,3.4344798148402717e-06,0.001624786788583254
19,3.444912293403292e-06,8.075663127339652e-05,7.0414532405442916e-06,0.001148196214748943,4.183258907327811e-07,0.9463920643273609,9.741116298612622e-08,1.388401441850914e-07,5.830958033069982e-05,0.0175774551061168,2.96723500126157e-07,1.5410748358349217e-08,4.5659673724907126e-08,0.009061279991157266,1.951090513792665e-07,6.396254101867087e-05,0.0008657649770384175,0.022054681760995398,1.5533746287249377e-05,1.296079827241407e-05,0.0017956458722659576,1.5185636742950588e-05,4.0372170728793894e-05,6.098253032769312e-06,0.0008000385469240777
20,2.188489317419113e-06,4.816189693757215e-05,4.722100156374557e-06,0.000803766531547818,3.031811488091942e-07,0.9560330019225676,5.7506236210017724e-08,1.8755838894792463e-07,4.216915802153842e-05,0.01139538323682123,4.123341450490137e-07,8.891515788474574e-09,2.4276714619273812e-08,0.007500290985238928,3.1227527286096033e-07,6.23775914890015e-05,0.0008157030915395522,0.02135670520268392,1.6098328633642896e-05,9.364157798214466e-06,0.0013172784500066212,2.0885186922204966e-05,2.978500063174827e-05,4.530844178770006e-06,0.0005362818020856004
21,3.269845974448868e-06,7.880039895602843e-05,4.173029076903869e-06,0.0009779724567456438,3.039852817707152e-07,0.9461922375193993,5.24940918759732e-08,1.2361319738101015e-07,4.936828255884922e-05,0.016491518642319583,2.3719872735684256e-07,9.319155141696445e-09,2.7387204187130077e-08,0.011520642491794948,1.0578270960317496e-07,6.945504320124936e-05,0.00046411739670363945,0.02262327076607531,1.3181973500080935e-05,1.1246883368194245e-05,0.001031487492037081,8.229875610033473e-06,2.3705868529806737e-05,5.3874947680370934e-06,0.0004310747590138562
22,3.4852900192562218e-06,2.711528776982563e-05,3.379001891122877e-06,0.0003907190038010849,2.7802192720143275e-07,0.9549639814151856,2.1855579938305047e-08,5.8113495743490185e-08,2.47808690000696e-05,0.007245665602572648,2.218732252070132e-07,2.5063852386388366e-09,1.871564637325421e-08,0.004898411969000799,8.883506490343741e-08,2.584755657848063e-05,0.000959820916140283,0.030324940684118312,7.740179685980117e-06,6.495607621799388e-06,0.000637951389268927,6.877187759154948e-06,1.7281494050717352e-05,3.7005392710138763e-06,0.00045111608493988905
23,2.737618385867637e-06,4.761442035468768e-05,3.791792377718318e-06,0.0005461951865004455,3.426561790207003e-07,0.9646815966461506,3.713440337915026e-08,6.9418207272811e-08,3.2253484634564106e-05,0.009759615432241393,2.262698080350838e-07,4.527167865391623e-09,2.35795669607843e-08,0.00618466141971677,1.0295894095918973e-07,3.3561640279738706e-05,0.0006777704421734008,0.016693993405572417,1.040226560412626e-05,8.552539667383905e-06,0.0008084077783035114,6.486474295093603e-06,2.710450227407313e-05,4.483082696206051e-06,0.0004699653244982556
24,3.023296590716872e-06,7.462756330211797e-05,2.9286799748870713e-06,0.0008643799236181383,3.3220167762532754e-07,0.9512103406654738,3.316695784796134e-08,7.631958901746589e-08,2.9207986445021147e-05,0.013973049557960741,2.2056658489674366e-07,5.026537903069037e-09,2.3790896078003937e-08,0.011572048263219958,6.829090477427649e-08,3.515266119110284e-05,0.0007872233675467809,0.020176329658708213,1.026333478098392e-05,1.1963100216515181e-05,0.0007465719461838882,6.620708228864688e-06,3.510050591250818e-05,4.872560067689804e-06,0.00045553685743009745
25,1.458900560639377e-06,4.770842582330423e-05,2.654211369855552e-06,0.0011101053519627215,3.350182745013388e-07,0.9525217761512369,4.4666168746019026e-08,2.3920544153979876e-07,2.3427353653080668e-05,0.009482821965137682,7.725115054845121e-07,6.314980817692524e-09,1.5659351197537177e-08,0.01866675634840971,1.0119565738077285e-07,4.699574828075221e-05,0.0007065482570198033,0.01626635388087965,1.1708232464222714e-05,9.316312066664592e-06,0.0007807155643645079,1.1818304244121154e-05,4.76577051583321e-05,5.030759063667217e-06,0.00025563195692474445
26,4.495239391856454e-06,2.939751193875613e-05,3.987796820549735e-06,0.0003135040305230903,2.706970906293295e-07,0.9760610477429178,1.4224740472067176e-08,2.3348558138609505e-08,2.5101013671659747e-05,0.005436210486389323,1.5361794262689871e-07,1.8206157868736187e-09,2.8628710393527158e-08,0.002156981044064286,2.3785189525114047e-08,1.509895940741206e-05,0.0005860499584041551,0.014669850765038248,9.111056958286457e-06,6.94125351306047e-06,0.00042698859644180144,2.055734919190323e-06,2.321794868904684e-05,9.930054483981882e-06,0.000219514683579768
27,2.312262359821912e-06,4.442631711926612e-05,3.4875566699017798e-06,0.0006077591801865967,2.959127703062743e-07,0.9632969030952828,3.647842446899476e-08,9.073735614497691e-08,3.590441062740086e-05,0.009084589604063194,2.9105354498895416e-07,5.089271888997303e-09,2.089199522989883e-08,0.006332306740217828,1.460920442685305e-07,4.055467286814364e-05,0.000720372777383332,0.018445614162337115,1.206040768531013e-05,7.828178553815893e-06,0.0009003277011599687,1.0868012742075651e-05,2.604856686673923e-05,4.652186478796356e-06,0.0004230979119905101
28,2.737618385867637e-06,4.761442035468768e-05,3.791792377718318e-06,0.0005461951865004455,3.426561790207003e-07,0.9646815966461506,3.713440337915026e-08,6.9418207272811e-08,3.2253484634564106e-05,0.009759615432241393,2.262698080350838e-07,4.527167865391623e-09,2.35795669607843e-08,0.00618466141971677,1.0295894095918973e-07,3.3561640279738706e-05,0.0006777704421734008,0.016693993405572417,1.040226560412626e-05,8.552539667383905e-06,0.0008084077783035114,6.486474295093603e-06,2.710450227407313e-05,4.483082696206051e-06,0.0004699653244982556
29,2.737618385867637e-06,4.761442035468768e-05,3.791792377718318e-06,0.0005461951865004455,3.426561790207003e-07,0.9646815966461506,3.713440337915026e-08,6.9418207272811e-08,3.2253484634564106e-05,0.009759615432241393,2.262698080350838e-07,4.527167865391623e-09,2.35795669607843e-08,0.00618466141971677,1.0295894095918973e-07,3.3561640279738706e-05,0.0006777704421734008,0.016693993405572417,1.040226560412626e-05,8.552539667383905e-06,0.0008084077783035114,6.486474295093603e-06,2.710450227407313e-05,4.483082696206051e-06,0.0004699653244982556
30,2.737618385867637e-06,4.761442035468768e-05,3.791792377718318e-06,0.0005461951865004455,3.426561790207003e-07,0.9646815966461506,3.713440337915026e-08,6.9418207272811e-08,3.2253484634564106e-05,0.009759615432241393,2.262698080350838e-07,4.527167865391623e-09,2.35795669607843e-08,0.00618466141971677,1.0295894095918973e-07,3.3561640279738706e-05,0.0006777704421734008,0.016693993405572417,1.040226560412626e-05,8.552539667383905e-06,0.0008084077783035114,6.486474295093603e-06,2.710450227407313e-05,4.483082696206051e-06,0.0004699653244982556
31,6.811593195228494e-06,6.140981652587596e-05,8.467972677581473e-06,0.0005773692493350535,3.6155739606794326e-07,0.9519009251508298,5.697229067204381e-08,1.3101571811217882e-07,2.8267265459333262e-05,0.015809245734123817,2.1871846256226857e-07,4.734153241088562e-09,2.5491382165019666e-08,0.006512720416303771,7.498052895383344e-08,2.8093238198902582e-05,0.0005986183828824594,0.023232849275725366,1.422741267987596e-05,8.527483959127168e-06,0.0006672420888141775,4.637631221786052e-06,2.968054041712198e-05,5.163586907450879e-06,0.0005048696908114086
32,2.876543491353e-06,4.816143749995636e-05,3.744303311611429e-06,0.00048256383640990117,3.2048018587152295e-07,0.9666519225334674,3.500227188127661e-08,6.911700822181123e-08,3.2396313939248844e-05,0.009439929477671069,2.2327691081530803e-07,4.377170403189301e-09,2.330928144386536e-08,0.005500390950337664,1.0230890962189724e-07,3.263176570762957e-05,0.0006405633800571998,0.015914103444953875,1.243671878571236e-05,7.892313511550144e-06,0.0007736639510125764,6.504899482276662e-06,2.4923547017148847e-05,4.773281229691034e-06,0.00041974343037588053
33,8.825851922617476e-07,2.7056744156758095e-05,1.0689401013951713e-06,0.0007590676413457642,2.39690848831977e-07,0.9606781577977433,1.5455756755550833e-08,1.172574657387066e-07,1.0717953563899457e-05,0.008964493203735605,4.2217741630615454e-07,2.8744693675873154e-09,2.7236225216112577e-08,0.014254659107277436,3.0124633328977345e-08,4.0503714146684166e-05,0.001649763855312973,0.012732546200836942,1.0856555842210037e-05,1.2514737085786825e-05,0.0006440012325672757,1.1067902726837744e-05,5.76274435806469e-05,6.260571657804209e-06,0.00013789899631078
34,1.7882748172132462e-05,7.492838005788916e-05,8.681379452904933e-06,0.00010556443496079321,3.1690220478340827e-07,0.9822474071604044,3.048957647419517e-08,6.135022933787881e-08,0.00013264402466904075,0.002129893609857861,2.2479297500602276e-07,5.195062730926496e-09,3.379247052243892e-08,0.0013312431809905064,1.2240405802572933e-07,1.940026124169936e-05,0.00023442770169409394,0.01305306976991126,7.509866753262856e-05,1.8665309217630916e-06,0.00036279385208225646,3.3125722334745187e-06,3.808280916280845e-06,8.74356603712709e-06,0.00018843895228671132
35,8.548830980510768e-06,5.5815059566407674e-05,7.037499593429899e-06,0.0006496247379869652,3.2141763890350965e-07,0.9268549735578273,5.5664668426769466e-08,1.0375598562344741e-07,6.095077522365531e-05,0.012899336955026557,1.9359797847446065e-07,7.47287567847073e-09,3.381175158987736e-08,0.005518657825515689,1.0598342379351697e-07,3.775067858590095e-05,0.0007783119784023135,0.05131640133630638,1.4733071224762165e-05,7.076255416807514e-06,0.001108108899350502,9.30532610210272e-06,1.6433002437509816e-05,5.829005740642117e-06,0.0006502835003898428
36,5.983935261957474e-06,7.444363102533048e-05,7.309093706235922e-06,0.0010536539065513716,4.999275129988366e-07,0.9305407678130911,1.3007472036389594e-07,4.6244450230484766e-07,8.556977193059478e-05,0.011689055802369253,6.107657005118548e-07,3.8990314968922995e-08,1.0150753967169139e-07,0.01571502649730581,4.43198761702735e-07,0.00012770024057340718,0.0015531967967377417,0.03639691979546327,3.6867196424761254e-05,1.3297684697590963e-05,0.0016983707909679984,3.961661592636193e-05,2.6293411415028937e-05,6.2802405007211905e-06,0.0009273598669987309
37,7.315227661377074e-06,6.414379230815325e-05,7.109959907647696e-06,0.0007734231579703478,3.443062861540192e-07,0.9434421479290246,4.8504098230336654e-08,6.296725530836607e-08,3.597611035919853e-05,0.016975048866873902,2.2005479073508275e-07,5.8628587194441125e-09,3.420420116888034e-08,0.0053397310567885985,5.138714509396856e-08,2.766110131783621e-05,0.0006955887986060245,0.031177061904216857,1.3067593025382493e-05,1.0934958128731503e-05,0.000848259709474862,5.403014763397639e-06,4.005771332444441e-05,1.1080884098381283e-05,0.0005252209355152121
38,3.317676521504737e-06,2.8350647782131258e-05,3.884656204921856e-06,0.00012781615474158865,2.81098463296987e-07,0.9840741848140045,2.7727325435898962e-08,3.2629990701424706e-08,2.738436152658406e-05,0.005384296108037055,1.2035010507897788e-07,1.591505580235561e-09,1.1813987402804568e-08,0.0017156312957268864,9.117700379670302e-08,2.3270195714252285e-05,0.00017357259319028128,0.007892702540283188,1.1428681325003244e-05,2.777433495786037e-06,0.0002665737141791211,1.7187065516700004e-06,8.049146410702903e-06,3.3247214557841824e-06,0.0002511501644676589
39,1.0421908491476545e-06,8.076520100608835e-06,3.2204251228823423e-06,0.00020818397967881065,1.1676659474398394e-07,0.9832192588872377,1.44827304071325e-08,5.0500853074469846e-08,1.5282803718887417e-05,0.00439600557051581,1.0256298204585229e-07,1.605366737462276e-09,2.03161469433335e-08,0.0013570828782369895,6.270769904585725e-08,2.7120868278455077e-05,0.0005054567685671248,0.00930565635488745,7.23984096762511e-06,3.6753470354364954e-06,0.000751977719375648,3.596749513131721e-06,9.372295754090864e-06,2.706189245969617e-06,0.00017467566854139144
40,1.5165367280779482e-06,3.455446693297576e-05,1.689051095109404e-06,0.0008452005438121648,2.421727502412184e-07,0.9560246616816235,1.824196403240424e-08,6.575300914068026e-08,1.80418856289657e-05,0.013385617415197176,2.06733097903535e-07,2.192191813014097e-09,1.6462142515308284e-08,0.0060868190387326675,4.1831388788397975e-08,4.0583322996907325e-05,0.0010010978412170548,0.02141021801560024,7.649499824200721e-06,1.300376074679527e-05,0.0008456471882030057,6.500024567336367e-06,3.512914075789077e-05,5.779983013695282e-06,0.0002356972167778675
41,6.287133207738016e-06,4.8621514679307413e-05,5.797952855315564e-06,0.00023633227603581642,1.3206097936147314e-06,0.9782929688700573,5.675380674353049e-08,5.816943011720105e-08,9.124898213157259e-05,0.0036937521735414267,2.0217081299530045e-07,3.433545905696258e-09,3.854149495245961e-08,0.0028181907622212544,2.425503059588486e-07,5.581503898624647e-05,0.0004402068681090387,0.01331421322756169,7.91710707413686e-06,7.86350213376875e-06,0.0003813519311965491,2.4076438321663393e-06,9.03322707416955e-06,3.3137383403191704e-06,0.0005827558217716245
42,1.32611246953911e-06,2.7805472350933133e-05,3.794221062520022e-06,0.0006354660707413848,1.2515736065026033e-07,0.9679767758891463,3.170192081013305e-08,1.7745676648882642e-07,3.100915801901436e-05,0.011210615390025184,2.5941408089249463e-07,6.862988812260382e-09,2.5717002780813455e-08,0.0034204533559469698,1.720689716963431e-07,7.930609970331857e-05,0.000614143916223494,0.014366244806567435,2.414611802168463e-05,7.610874684233252e-06,0.0013408862865721676,1.8347397008227866e-05,2.0251121588677714e-05,5.973653644346173e-06,0.00021504567713243378
43,0.0007561782390027829,0.0016069197262340755,0.00011572169594070773,0.004184885609235528,2.637313730090044e-05,0.8187410990781021,1.5480697066285269e-06,2.438482183590493e-07,0.0028385791831753997,0.00025997807176537225,2.1321571587745788e-05,1.1041255594021202e-06,5.661720236494248e-07,0.10585531188832736,2.2450268781996893e-06,3.139589318989654e-05,0.0013763197585252257,0.045918898510497484,3.086630824722492e-05,7.4193914850711304e-06,0.00018435414169508106,8.387767040934808e-06,5.687232141776895e-05,2.8046455360024338e-05,0.017945364009483097
44,2.737618385867637e-06,4.761442035468768e-05,3.791792377718318e-06,0.0005461951865004455,3.426561790207003e-07,0.9646815966461506,3.713440337915026e-08,6.9418207272811e-08,3.2253484634564106e-05,0.009759615432241393,2.262698080350838e-07,4.527167865391623e-09,2.35795669607843e-08,0.00618466141971677,1.0295894095918973e-07,3.3561640279738706e-05,0.0006777704421734008,0.016693993405572417,1.040226560412626e-05,8.552539667383905e-06,0.0008084077783035114,6.486474295093603e-06,2.710450227407313e-05,4.483082696206051e-06,0.0004699653244982556
45,2.1200883617404947e-06,2.998112604809588e-05,3.890590912413219e-06,0.00041276119838355577,2.828351528376008e-07,0.9739630802224059,3.5433121025903465e-08,1.0290074085267232e-07,3.3112137560505295e-05,0.006769563417618334,2.763755308125769e-07,3.883503068819826e-09,1.9838387619518283e-08,0.003837518368626101,1.7867208391514693e-07,5.0526202234345024e-05,0.00047008219324719166,0.013497182128725783,1.2035596247092895e-05,6.3783770591241146e-06,0.0005685273407446961,7.039780477774053e-06,1.5713490565219777e-05,4.01564352659242e-06,0.00031557215873562525
46,1.6746207814152235e-06,2.675124334386606e-05,2.560285943370112e-06,0.0005825894032961837,2.3477934344607184e-07,0.9679644765062949,2.0391884336039676e-08,6.112266234131882e-08,1.952781826176151e-05,0.0069393606317143496,2.3916746898306376e-07,3.6332320222680194e-09,2.9376324726162774e-08,0.005905173725025351,7.401327391058706e-08,2.8163538861883173e-05,0.0013324181007810783,0.015868274498245363,8.702244165076904e-06,8.928399208360703e-06,0.0008910026309505964,8.765829082198906e-06,3.1743641433471026e-05,4.44516617407531e-06,0.00037477923224681883
47,2.056100577998056e-06,4.3484715304908966e-05,3.2257148512269642e-06,0.0005319969534988762,3.162983375490915e-07,0.9685187576455164,3.1566965628335015e-08,6.725307781678606e-08,2.5243913984409775e-05,0.00884197936435063,2.450546966244662e-07,3.2437062618875137e-09,1.5981647604799915e-08,0.006507255835154368,8.740153678372277e-08,2.6747048211511382e-05,0.0005669760769987678,0.01384878902211671,8.55661861527441e-06,7.460440376372872e-06,0.000649767439216618,5.196593300572814e-06,2.864502886894967e-05,3.849488058527714e-06,0.0003792452010297007
48,5.118329791250316e-06,4.561365714355384e-05,1.06092178857061e-05,0.001421054561283815,9.205494555002427e-07,0.9071771637875662,1.337873837820101e-07,1.1511693404315893e-07,8.841948481475641e-05,0.01188557217367401,2.902620917177286e-07,1.6921552235531636e-08,5.3010637318008485e-08,0.013226383041854731,4.631218333471056e-07,7.17013546796712e-05,0.0010877633572120603,0.05966619165513747,3.036423768663857e-06,1.8059293134560466e-05,0.0021850280956149225,1.1640266393397728e-05,3.1579111422444984e-05,2.8157352603940702e-06,0.003060257683474266
49,2.438619978009235e-06,4.510697749534466e-05,4.756065338640233e-06,0.0007273593582384962,2.4824160599203e-07,0.9619290470512256,3.953207041169646e-08,7.06835427232401e-08,2.8676297572752542e-05,0.011516597338338017,2.3045581150284472e-07,5.9330285188403934e-09,2.461279954121525e-08,0.006666139172794652,9.207296307631508e-08,2.914667327880564e-05,0.000634812073764528,0.016855485112781017,9.696159061100808e-06,8.28932054978443e-06,0.0009894397618243856,7.3441347863455025e-06,3.541672339013971e-05,5.05829885880727e-06,0.0005044793289019108
50,4.482524156941663e-06,8.937915560099544e-05,7.063378330267345e-06,0.0007219129445876683,6.451655219553195e-07,0.9148883400465941,1.7750882784439625e-07,2.0316925201378226e-07,2.39835979567252e-05,0.042631549888582594,2.819201372148583e-07,1.0124387808481748e-08,3.0342910556666526e-08,0.015189948294500911,1.6376688581975088e-07,4.310829811708095e-05,0.0008041955050290663,0.023051672156089668,1.614624557480087e-05,1.3930853088536495e-05,0.0012163659907328598,1.0137262666535959e-05,6.785333658366892e-05,4.053671574731507e-06,0.001214364852309649
51,2.8245625902485322e-06,5.156152554937817e-05,3.847395381448733e-06,0.0005824242071182006,3.3664314550020017e-07,0.9633156214320656,3.787863590379849e-08,7.270932162603852e-08,3.325818900464667e-05,0.010103666087106219,2.319911345181747e-07,4.772207787585668e-09,2.3115978221192562e-08,0.006575209080133441,1.0535091521185919e-07,3.363240458100666e-05,0.0006821264290582633,0.017256763319827787,1.082984966245087e-05,8.599675142814234e-06,0.0008222338087168669,6.88133476170934e-06,2.757005933281267e-05,4.522331342259952e-06,0.00047761584728603433
52,3.0062455135219755e-06,8.001512193390641e-05,5.075161310846999e-06,0.0008605503189225655,4.3635314937208066e-07,0.9609045380997014,5.976466838943273e-08,8.474819165230058e-08,4.1108945605438746e-05,0.013163249841306098,2.6292007926889923e-07,8.667693532423925e-09,3.5229344125632166e-08,0.007778952611613581,1.1545993532139031e-07,3.892813478803623e-05,0.0008396101303707625,0.014242581481298287,1.3997687349945317e-05,1.2220516260225262e-05,0.0013447465006270088,8.604941308962532e-06,4.742081635242823e-05,6.171573923000201e-06,0.0006082187287523494
53,2.6446079884292316e-06,7.356909624823237e-05,7.255064046142079e-06,0.0010255475079391724,1.0821007271517696e-06,0.9471898238069878,2.347729836778258e-07,2.005751739587363e-07,5.1900295151439836e-05,0.02007942750232498,5.616213300188704e-07,1.6463220129892884e-08,4.2433348689485294e-08,0.011456046654804035,3.5422222258085953e-07,7.816157056607926e-05,0.000718100987941852,0.016433919181753163,1.2376189235848855e-05,1.6671672248846945e-05,0.001614575376945016,1.2893941200094587e-05,7.66067474976976e-05,5.893546184708062e-06,0.0011420940619301541
54,2.267081822107083e-06,3.691628714343184e-05,3.5799187128752043e-06,0.0005496583682747429,3.1165327803135027e-07,0.9672906827951762,3.23353243034218e-08,7.424645080522619e-08,2.9841583371500203e-05,0.008510069975349014,2.5151081443673124e-07,4.089359911410017e-09,2.4532659692108413e-08,0.005307197593873538,8.698174673317608e-08,3.4176304001087297e-05,0.0007294029458462993,0.01623338532429206,1.0308211206902477e-05,8.621336850240856e-06,0.0008543742735904394,6.581369677168615e-06,2.755325738265526e-05,5.113542952928978e-06,0.000359484480843034
55,9.86339333558692e-07,3.2454147437436816e-05,1.789760863855543e-06,0.00033831952474539775,3.0191317553870116e-07,0.9715980236929206,2.0490838367048075e-08,6.695824483705425e-08,8.409276607111672e-06,0.010813698374612997,2.6022682471210665e-07,1.2275297827349919e-09,7.658398035991554e-09,0.007292868385220036,7.507541184766266e-08,2.1619566933330198e-05,0.0006913233800704675,0.008406655564918283,7.266225618170415e-06,7.912511316993225e-06,0.00044627466785717546,4.710876387401993e-06,4.2348194199464325e-05,2.4017454779426925e-06,0.00028220421505673277
56,2.961099768630593e-06,4.869401116954628e-05,4.026697004670635e-06,0.0005626422392845014,3.552296051140419e-07,0.9641099125755822,3.9842649728377626e-08,7.22107889506218e-08,3.366579409959702e-05,0.009670851127790456,2.3994836565997554e-07,5.354470636507154e-09,2.8979612641677854e-08,0.006449840172749307,1.0445807555469178e-07,3.3623647777932836e-05,0.0007298696469525022,0.016942017514746253,1.1377315373769778e-05,8.98572239999346e-06,0.000855234362944861,6.856049009350265e-06,2.8626070571450193e-05,4.92920114644811e-06,0.0004950407280603187
57,4.083536059237105e-06,7.326802811690459e-05,5.7479369699687815e-06,0.0008719417628794121,4.5301516093177095e-07,0.9484272357410748,7.377604790959084e-08,1.2915747242165026e-07,5.337284962215258e-05,0.015720082698157188,2.7191935708073003e-07,1.5400878003800393e-08,7.398271794488638e-08,0.008564427797767626,1.644233844975287e-07,6.385213441528095e-05,0.0012939471852546247,0.022355197078087228,2.0614431979520913e-05,1.681115963230869e-05,0.0016771703510107044,1.518254124692331e-05,4.0986294054034666e-05,7.133026221553656e-06,0.0007877637724313892
58,3.1074851717630924e-06,4.476157810588577e-05,4.045965918156647e-06,0.0005193423502319361,3.1798804412784126e-07,0.9682324463755474,3.5902896595435026e-08,6.435617656493537e-08,3.3901037285248896e-05,0.00849582149573225,2.4451594427906504e-07,5.025928332678573e-09,2.7711520167660556e-08,0.005212658328641568,8.36881598548607e-08,3.114493220065235e-05,0.0005879586543395012,0.01562726183812426,1.2394630612795783e-05,7.681941995352044e-06,0.0007597217289106384,5.761587477780631e-06,2.7177293647872705e-05,6.245968632153977e-06,0.00038778761875479735
59,2.7792219852560475e-06,4.371036050917682e-05,4.2813309999312e-06,0.0005245986044401402,2.999934915139123e-07,0.9692906567203248,3.454139810495266e-08,6.33501313723322e-08,3.228817848587389e-05,0.009078806195523289,2.3376224555323204e-07,4.437973752903697e-09,2.3945793981477526e-08,0.004622221895812338,8.647718275218286e-08,3.150715103538716e-05,0.0005539521042887465,0.014601424003002,1.1604853170942094e-05,7.979224203835452e-06,0.0007853141503130415,5.657756137115561e-06,2.7795626956554822e-05,6.068332892632383e-06,0.00036860778170185295
60,2.737618385867637e-06,4.761442035468768e-05,3.791792377718318e-06,0.0005461951865004455,3.426561790207003e-07,0.9646815966461506,3.713440337915026e-08,6.9418207272811e-08,3.2253484634564106e-05,0.009759615432241393,2.262698080350838e-07,4.527167865391623e-09,2.35795669607843e-08,0.00618466141971677,1.0295894095918973e-07,3.3561640279738706e-05,0.0006777704421734008,0.016693993405572417,1.040226560412626e-05,8.552539667383905e-06,0.0008084077783035114,6.486474295093603e-06,2.710450227407313e-05,4.483082696206051e-06,0.0004699653244982556
61,2.9387451149126868e-06,4.5199337755961355e-05,4.514350449199317e-06,0.0005356571903143684,3.1886293660815176e-07,0.9680903804148356,3.8087231598772083e-08,6.693422325062118e-08,3.2858156040830535e-05,0.009404054806162862,2.4283373925370487e-07,4.7783754680977055e-09,2.560729809429533e-08,0.0048372447670651745,9.102749194673062e-08,3.152478677555112e-05,0.0005736669046839246,0.015176339768475112,1.1835173157838451e-05,8.119794032815708e-06,0.000806299448897169,5.846201041686782e-06,2.896635862445208e-05,6.104353749379647e-06,0.0003976613115268272
62,2.737618385867637e-06,4.761442035468768e-05,3.791792377718318e-06,0.0005461951865004455,3.426561790207003e-07,0.9646815966461506,3.713440337915026e-08,6.9418207272811e-08,3.2253484634564106e-05,0.009759615432241393,2.262698080350838e-07,4.527167865391623e-09,2.35795669607843e-08,0.00618466141971677,1.0295894095918973e-07,3.3561640279738706e-05,0.0006777704421734008,0.016693993405572417,1.040226560412626e-05,8.552539667383905e-06,0.0008084077783035114,6.486474295093603e-06,2.710450227407313e-05,4.483082696206051e-06,0.0004699653244982556
63,3.003594870486091e-06,6.104624970099474e-05,3.978851690055533e-06,0.0005660471018090014,3.597296797569188e-07,0.9642735086362656,3.891996984641747e-08,6.856382182367427e-08,3.365245373878759e-05,0.01086919742453951,2.2299159981600324e-07,4.6959900691446325e-09,2.267035580112986e-08,0.006451320273102708,1.0690689132638426e-07,3.239885473609473e-05,0.0006590679953656957,0.015678597210173437,1.169147597981811e-05,8.917505924445263e-06,0.0008192854797812966,6.546551689994885e-06,2.9392230338136743e-05,4.63059138717259e-06,0.0004868930405983188
64,2.3890067811178065e-06,4.7941554862572596e-05,3.852403226101361e-06,0.0006012726944816172,3.15336644947179e-07,0.9625948673687144,3.877626992273685e-08,6.670219524939672e-08,3.182775568323458e-05,0.011172979021998262,2.06415400150715e-07,5.26913019913662e-09,2.6309779599705505e-08,0.006425980852568511,1.0081073092229296e-07,3.258796020230341e-05,0.0007269162474427443,0.01664279003051906,1.0289035648810365e-05,9.201531314209279e-06,0.0011501802867144467,7.398324106343058e-06,3.1168429538941474e-05,4.6054182450068745e-06,0.000502992457801626
65,2.140563433058165e-06,4.9645236411401594e-05,4.021861746719219e-06,0.0006430746858052667,3.2066481774801783e-07,0.9577525948224981,4.4342056410983316e-08,8.459542683891584e-08,2.174802457856555e-05,0.015923704696245402,2.0059111741627707e-07,4.1713302346849e-09,1.8922357204668105e-08,0.00780757474056305,9.9496782019529e-08,3.1830739349364e-05,0.0006761296885856592,0.015519062270367331,8.818052080125718e-06,1.0369508066586944e-05,0.0009592073928712221,6.338670047316861e-06,3.779437404606023e-05,3.5622503850248677e-06,0.0005416096390318295
66,2.327896870123949e-06,2.315066615763935e-05,3.6717582437076066e-06,0.00021487013318939466,3.717888535925841e-07,0.9779026914418468,2.0592373400519403e-08,2.6693837245771134e-08,2.0920352170923472e-05,0.00795303219636673,1.2135070727578512e-07,1.4654204352342127e-09,2.402903910949641e-08,0.0017745687195727302,5.1469337006941184e-08,2.2473118408381576e-05,0.000552036332899138,0.010544813155852869,7.183584794498936e-06,9.234881952206633e-06,0.0006461957600687291,2.2123295089111477e-06,2.203874917645515e-05,5.371103590159749e-06,0.00029259042976254534
67,2.2042027091818877e-05,0.0003501209593986733,1.5713954589697538e-05,0.000624311776287932,1.3016757992696347e-06,0.9297135231292454,3.1776684025846595e-07,2.912435793314525e-07,0.0002566440340354191,0.0193139544132389,5.342065010570245e-07,2.543232677567929e-08,3.279629543245055e-08,0.0065240366038469225,9.68677480549514e-07,9.291917659031562e-05,0.000639964853860196,0.03945904676693624,7.153224145367488e-05,8.463500865991392e-06,0.001453933101107972,2.8136586072779113e-05,1.9550610324505382e-05,7.76131157567911e-06,0.00139487315465523
68,3.665497295631482e-06,5.191189723757663e-05,6.49293867124628e-06,0.000979628986027534,2.0749674849730025e-07,0.9513657382833752,3.72868519292515e-08,7.364934768287143e-08,3.3702248948012877e-05,0.01421285807535891,1.827342886209864e-07,6.165774357909775e-09,2.4576997291320953e-08,0.006580307458551389,4.8702208897671087e-08,2.7188285897682496e-05,0.0006337978815587161,0.024278132211581482,9.459502370101689e-06,8.49230201685146e-06,0.0013153437524664536,6.217266921127922e-06,3.550679150635335e-05,6.421262572094247e-06,0.00044455474542610333
69,2.11634703595956e-06,4.430802305032481e-05,3.7775139283676605e-06,0.0005876366289102347,3.2219970849938713e-07,0.9697454253094281,3.578784611479504e-08,7.394751227752603e-08,2.8143095606543632e-05,0.009361633610427529,2.686779222511425e-07,4.376080623131683e-09,2.1257896140148163e-08,0.005697211158800562,9.472599893328765e-08,3.370414547113503e-05,0.0005708907789132316,0.012670361041681833,1.0553356979659366e-05,8.854813743628633e-06,0.0008260025436054124,5.920822608715673e-06,3.3669024962474e-05,5.356756131589702e-06,0.00036361405575000976
70,1.72480676441833e-06,4.341245779507558e-05,2.5016515498675744e-06,0.0003799191418012578,2.519908789972507e-07,0.9762719313807452,2.524775501446396e-08,4.23984605955969e-08,2.662813831203349e-05,0.007817743848315968,2.1797909113765403e-07,3.223971608840959e-09,1.6336548245824808e-08,0.003835997917057397,7.584725811358681e-08,2.356227909246941e-05,0.000494925578966691,0.009915222017874035,1.4147729582653555e-05,5.813067183187587e-06,0.0008544703092627782,5.698845780871034e-06,2.861701481351477e-05,5.777721151716064e-06,0.0002712730699872798
71,3.0475946633584123e-06,6.52008455167154e-05,3.731659756577205e-06,0.0006447836024803954,5.049830754737504e-07,0.9590659793622834,4.575320218495198e-08,7.233976590127711e-08,3.5323257591270505e-05,0.012891505982778403,2.2726986734766596e-07,5.3147396943487795e-09,3.046762751329737e-08,0.007917560533751856,1.067726974922953e-07,4.03893500332269e-05,0.0008027226941700512,0.016955745067402404,1.0361261462991082e-05,1.3696055125477175e-05,0.000914529082848552,6.338846928196689e-06,3.70676063282513e-05,5.006240409373935e-06,0.0005860180554936707
