,0,1,2,3,4,5,6,7,8,9,10,11,12,13,14,15,16,17,18,19,20,21,22,23,24
0,2.2321740450608835e-08,0.0004618904316719974,0.07854207694888474,0.01995466534598347,0.012868051972078905,0.8680345857422124,6.177385223679158e-06,5.149906024980935e-08,1.0079264091436998e-05,2.324723527740016e-05,0.0020759554846578087,4.959849642901516e-07,1.833229520177342e-05,0.009270347405443939,0.008263330118930892,1.9263783293804325e-05,3.7924853644670506e-05,6.335339235794386e-09,7.327925612776606e-07,1.0579164964797466e-07,0.0003861411991198478,6.708167344064697e-06,8.991883295571884e-07,1.8891337675628435e-05,1.7115618923679006e-08
1,3.2139638771678003e-08,0.0006103828166905068,0.08972591714886957,0.023459230305199225,0.01832065047737737,0.848127813450438,7.499773113918005e-06,7.011402004782527e-08,1.954778225619049e-05,3.6268008311477895e-05,0.0021736607258960304,4.7052228769281487e-07,2.1124212656941992e-05,0.008594501380301461,0.008472646445331725,2.9268619109773462e-05,4.338938965816135e-05,6.581321600397938e-09,9.220316235850888e-07,1.0473307187501727e-07,0.00032536897513113906,7.250746566865246e-06,7.834620017819884e-07,2.3071813613006313e-05,1.8345513309449463e-08
2,2.822593555592655e-08,0.0005772511254616446,0.09685298808069485,0.02306343317786453,0.024075618033933585,0.8218278405701023,1.0862945719724538e-05,7.619575320822184e-08,1.9122534692180168e-05,3.718085216380588e-05,0.002463209818381674,4.72665295312676e-07,1.8036108034767267e-05,0.014785668286287516,0.015702461318672017,2.1913689837910446e-05,3.603741112678693e-05,7.742756968892525e-09,1.037913555926181e-06,1.9119467291350678e-07,0.0004645665990590796,1.3556857101433498e-05,1.5276256673230876e-06,2.6871539747227626e-05,3.9487481818202764e-08
3,2.6783775762163943e-08,0.0006002673278823363,0.09480522525116077,0.025663668475357917,0.01725551794263334,0.8366321433428356,7.3153694500192795e-06,5.5163348492022044e-08,1.1671398822716714e-05,2.436476531933644e-05,0.0027811261533980296,6.267529793659883e-07,2.248010463201047e-05,0.012147320993679241,0.00950898182515977,1.97139363279839e-05,4.649860319938105e-05,8.08629998266956e-09,7.261815131737813e-07,9.882517980080476e-08,0.00044201350121953495,7.804219708818369e-06,9.93228491347684e-07,2.133021657378531e-05,2.155105151413854e-08
4,2.9011395284844568e-08,0.000749627851294524,0.09888195052800551,0.027851593523910152,0.01971251474188038,0.8253646620386187,7.3977297975153585e-06,5.822658151201659e-08,1.195893558856283e-05,2.2954198135278564e-05,0.0034849993292100367,9.054701238039088e-07,3.2794657370703483e-05,0.014968476250756254,0.00833251753970916,1.9638710259564813e-05,5.630128262115044e-05,1.0068073170129676e-08,7.916641923286782e-07,1.0133501529939039e-07,0.0004710417472418134,8.444994100322916e-06,1.0687218800906376e-06,2.0138675919890953e-05,2.276831889639227e-08
5,3.4261479776387576e-08,0.00048721356577840266,0.1065674710696386,0.041341138172173955,0.017567457732702418,0.806226116778013,8.686702105217345e-06,6.425266773546707e-08,1.2173327076458404e-05,3.190504223354501e-05,0.003138426149646156,7.685876310033686e-07,2.56631212037929e-05,0.015436790631588822,0.008514300459981961,2.63461118940012e-05,6.186321057813814e-05,1.538349359418754e-08,5.882321556859685e-07,1.353056651495279e-07,0.0005120820174465151,7.834943327302839e-06,1.2243161773225936e-06,3.167387249405652e-05,2.6752847279143267e-08
6,2.6783775762163943e-08,0.0006002673278823363,0.09480522525116077,0.025663668475357917,0.01725551794263334,0.8366321433428356,7.3153694500192795e-06,5.5163348492022044e-08,1.1671398822716714e-05,2.436476531933644e-05,0.0027811261533980296,6.267529793659883e-07,2.248010463201047e-05,0.012147320993679241,0.00950898182515977,1.97139363279839e-05,4.649860319938105e-05,8.08629998266956e-09,7.261815131737813e-07,9.882517980080476e-08,0.00044201350121953495,7.804219708818369e-06,9.93228491347684e-07,2.133021657378531e-05,2.155105151413854e-08
7,3.3031549295903674e-08,0.0007914042747801817,0.14045633153222165,0.02457125328847938,0.01663037667028678,0.7942457765305857,6.643147800367343e-06,6.420403481756659e-08,1.0012709628433736e-05,2.109032000364373e-05,0.003405465637270328,7.425370609083967e-07,3.424944776442449e-05,0.010714890040655718,0.008583656615025163,1.5547026389401944e-05,5.160806051236893e-05,8.060834945915238e-09,8.800430696303595e-07,8.431602399294144e-08,0.0004294958163936728,8.236279357120644e-06,6.990272534566285e-07,2.143570882605682e-05,1.5674192640112523e-08
8,4.725435878047395e-08,0.000580973991773557,0.1465287877386096,0.04896965528220422,0.02729659474896704,0.7190497786821759,1.4130511789020868e-05,6.28392622179491e-08,2.6106549742631677e-05,6.254295254655007e-05,0.004684586014095572,3.6859583034166945e-07,1.391731721178654e-05,0.02242039121235679,0.029573481935653394,2.543051244192134e-05,4.595603449097018e-05,1.2390403767135568e-08,6.253601956054452e-07,1.601391514281082e-07,0.0005818182899538174,1.477930995892807e-05,1.9121913194271295e-06,0.0001078136365340921,6.650897270591881e-08
9,2.982446660305419e-08,0.0003151356176675017,0.15461345374253635,0.04253334661613864,0.015152441105094637,0.7576077920076731,5.916534193056794e-06,6.404806272698215e-08,1.2811917855618273e-05,4.491375168064698e-05,0.003237540662354445,3.4300067959936593e-07,1.794310906679199e-05,0.01396727680112218,0.011893646592234516,2.373903169571551e-05,4.796819961882592e-05,8.496711115101016e-09,6.000427087913798e-07,1.581897189082801e-07,0.00045623711146165546,9.26027349986006e-06,1.1613690773036763e-06,5.8193908419112045e-05,1.8046262332379248e-08
10,2.6783775762163943e-08,0.0006002673278823363,0.09480522525116077,0.025663668475357917,0.01725551794263334,0.8366321433428356,7.3153694500192795e-06,5.5163348492022044e-08,1.1671398822716714e-05,2.436476531933644e-05,0.0027811261533980296,6.267529793659883e-07,2.248010463201047e-05,0.012147320993679241,0.00950898182515977,1.97139363279839e-05,4.649860319938105e-05,8.08629998266956e-09,7.261815131737813e-07,9.882517980080476e-08,0.00044201350121953495,7.804219708818369e-06,9.93228491347684e-07,2.133021657378531e-05,2.155105151413854e-08
11,2.6873265601920744e-08,0.0006333860232994201,0.09412766956810785,0.02573847247236119,0.01667380265222392,0.8387625886009838,7.247780150240902e-06,6.035254074348453e-08,1.1540179523641083e-05,2.2905381474628275e-05,0.0028019606007330636,7.182257810738914e-07,2.695560035622575e-05,0.012164568836957372,0.008500829016561212,1.9998076658464814e-05,5.180403183340906e-05,8.473490406705634e-09,7.62534228733735e-07,9.96310894564942e-08,0.00042619779412391703,7.886260963722501e-06,9.800981215734409e-07,1.9510662760617804e-05,2.0272409515178153e-08
12,2.0475308238264858e-08,0.0010811895715181988,0.057932297188253885,0.017753897174918706,0.06466491224095867,0.8191179414971294,5.911849189427807e-06,1.397247340501528e-08,9.092787480037634e-06,1.1592266984524395e-05,0.0022690801573359686,1.3665971419482177e-06,1.6148523208653196e-05,0.031918229826150814,0.00473516654104389,1.1697742813294825e-05,2.3153533775923394e-05,2.0106141418295525e-08,4.068867405169668e-07,1.1648367652224403e-07,0.0004340782635687645,3.1592665453225417e-06,1.6347088199287065e-06,8.792987927703797e-06,7.935089487552489e-08
13,4.1602432784398285e-08,0.0010691021172209156,0.13946047961798866,0.04627450118413298,0.031252528398309075,0.7131504077741873,5.684124033052868e-06,4.491137991114172e-08,9.79785483324298e-06,1.5737484766454177e-05,0.02221028470227459,1.6849776815761846e-06,7.296761214383713e-05,0.029688738862717907,0.015806138756459285,1.728189750196563e-05,8.037212021523067e-05,1.2528397221982554e-08,9.787708125620469e-07,7.146303704128096e-08,0.0008296019030066347,9.718901936189173e-06,2.1682707140792157e-06,4.163359211345954e-05,2.05717041589701e-08
14,1.0985311232683213e-08,0.0014299402776450296,0.020345452515165265,0.0020973475413491116,0.012309642448836651,0.9504115808943813,1.8603784674219392e-06,4.961474542122481e-09,1.9494140389367374e-06,5.640713467341e-06,0.0025240895956596615,1.3765573052419767e-06,2.206257535944368e-05,0.008499527674175179,0.0020768551124928794,7.143514799000684e-06,1.1964152148067045e-05,3.3063853361250217e-09,1.0335365591704835e-06,2.558293266983107e-08,0.0002477178555732291,2.1333468208090986e-06,2.581985895003465e-07,2.3709520318494843e-06,7.909031186610472e-09
15,2.6783775762163943e-08,0.0006002673278823363,0.09480522525116077,0.025663668475357917,0.01725551794263334,0.8366321433428356,7.3153694500192795e-06,5.5163348492022044e-08,1.1671398822716714e-05,2.436476531933644e-05,0.0027811261533980296,6.267529793659883e-07,2.248010463201047e-05,0.012147320993679241,0.00950898182515977,1.97139363279839e-05,4.649860319938105e-05,8.08629998266956e-09,7.261815131737813e-07,9.882517980080476e-08,0.00044201350121953495,7.804219708818369e-06,9.93228491347684e-07,2.133021657378531e-05,2.155105151413854e-08
16,3.677879599941916e-08,0.0005676379877972996,0.09478265430288504,0.04164521092779349,0.019095082557259578,0.8070717088563608,1.085243646039888e-05,5.584993372099655e-08,8.044873183513599e-06,5.173421558564968e-05,0.0036182035320777035,1.5319033273210644e-06,2.314150202476833e-05,0.022629996993322878,0.008920225350548745,2.991979216515166e-05,6.369207296114734e-05,2.7442241741504235e-08,6.984764652614808e-07,1.6297875299627684e-07,0.0014418166983761669,1.1661048888408688e-05,1.3245618434266983e-06,2.4535463465479307e-05,4.339748323344401e-08
17,4.7027132719439256e-08,0.0009803896918551941,0.12300632601672408,0.04400467827843503,0.0285786951877921,0.7575554588420903,1.1483164058079676e-05,8.463490786652696e-08,1.1271614808751052e-05,2.7186957819255137e-05,0.004665741309040186,2.775982440498276e-06,5.523085286814666e-05,0.03232054918571226,0.007628994140263652,2.4039406938983177e-05,0.00010310056645678432,3.604729476953432e-08,1.0036746719108534e-06,1.8096445180032009e-07,0.0009865515881209953,1.460661985400677e-05,2.1728535760376148e-06,1.9335466802528537e-05,5.992588377583214e-08
18,4.261667730175655e-08,0.0010317882016889469,0.06030501677053658,0.02570209576108243,0.016817832992899257,0.8578882844918303,1.4516680461912851e-05,6.579973146372499e-08,1.7089850453238796e-05,3.536097694615627e-05,0.003229018422540817,1.8605325084026975e-06,3.502832281041879e-05,0.025683374533956964,0.008438802917743737,2.7310126222901984e-05,0.00011033339718655357,2.65134924650022e-08,8.729794913718217e-07,1.4447118751233798e-07,0.0006246573915028813,1.6100885276063568e-05,2.0045040903895257e-06,1.8286969933374653e-05,8.388974863925296e-08
19,3.0794159548789846e-08,0.0007532196535167199,0.1426046566160563,0.034094025651150855,0.023707327380056563,0.7710253243614125,9.19357408630971e-06,8.736278141444376e-08,1.3143686530786702e-05,2.5519573088521606e-05,0.003056126127209361,9.841962107443906e-07,3.76138015101006e-05,0.015444391016270608,0.008626933427102182,1.952212307974933e-05,5.96460381433032e-05,1.1556728990818972e-08,9.190073565901146e-07,1.2402455999258324e-07,0.0004885811336561164,1.1285265795076356e-05,9.007025335623256e-07,2.0409856839540455e-05,2.3070164310502112e-08
20,2.5536141813910895e-08,0.0005675802291234906,0.11429100424887798,0.027503256673297928,0.016886642521040954,0.7978966195269094,1.0567019002247286e-05,9.620925393875101e-08,1.249592044521097e-05,2.7341969309133794e-05,0.003682898686221638,4.4409255874777113e-07,1.8749102850512998e-05,0.011592942443116138,0.026666023774462953,1.6697478125114214e-05,3.955203569760173e-05,4.947851464539964e-09,1.0675202621430386e-06,1.1567130887478227e-07,0.000738342379742373,1.5930687489941276e-05,1.443494713114906e-06,3.0133472356503762e-05,2.4359840891268796e-08
21,4.0675387696484414e-08,0.0008412518114222263,0.10198119301493343,0.03352711101543032,0.028688025174269,0.8018950850847426,6.345878546626185e-06,4.535049235547068e-08,1.2005327805504135e-05,4.041399559276795e-05,0.004439500827214902,1.293696221793363e-06,2.836845849499844e-05,0.020280052852637228,0.0072863337235567925,2.6347880513010493e-05,5.293893911215491e-05,1.6696476517763827e-08,8.450216761513129e-07,1.2400970002104e-07,0.0008563772731758157,8.22026446972816e-06,1.1639102139034797e-06,2.686869088672599e-05,3.042702783601286e-08
22,3.095628850262787e-08,0.0004462006697045606,0.12602962164803005,0.04027651616169588,0.013911387789958164,0.7914568998214855,5.77797480560445e-06,5.469362495787702e-08,8.50585711096994e-06,3.410148984198391e-05,0.004000705753714624,8.225029223959017e-07,2.44965981540384e-05,0.014264615207115123,0.008747133401744088,2.4348458918000496e-05,7.296478757156011e-05,1.2205759824753702e-08,6.115470910077467e-07,1.038890846848655e-07,0.0006542982932835246,8.683552890418627e-06,9.281918071523913e-07,3.1162013084411895e-05,1.6534312933888173e-08
23,2.6783775762163943e-08,0.0006002673278823363,0.09480522525116077,0.025663668475357917,0.01725551794263334,0.8366321433428356,7.3153694500192795e-06,5.5163348492022044e-08,1.1671398822716714e-05,2.436476531933644e-05,0.0027811261533980296,6.267529793659883e-07,2.248010463201047e-05,0.012147320993679241,0.00950898182515977,1.97139363279839e-05,4.649860319938105e-05,8.08629998266956e-09,7.261815131737813e-07,9.882517980080476e-08,0.00044201350121953495,7.804219708818369e-06,9.93228491347684e-07,2.133021657378531e-05,2.155105151413854e-08
24,2.9414325437288696e-08,0.0006813849648574903,0.10365198616370602,0.04287613155471545,0.03320670903746325,0.78471366635037,7.4471325924739885e-06,5.899989292997432e-08,1.3386035154619396e-05,2.5338757604016905e-05,0.0038752610530849987,1.152469119938245e-06,3.906275303725627e-05,0.02351833698716946,0.006794871293590549,2.7412480095141588e-05,5.611581459498566e-05,1.5573574810821065e-08,7.077890405188835e-07,1.3012043176578148e-07,0.000479489148274952,7.240272753076981e-06,1.3508946446584765e-06,2.268798774915838e-05,2.6952157010269625e-08
25,5.147624680180936e-08,0.0005811849446020452,0.1628794717499835,0.06402062658229342,0.02596837015133,0.7090665406935777,1.2826897630052452e-05,1.5048360005362186e-07,1.317666922784656e-05,3.512609984393636e-05,0.006233735062755457,1.0675962248082852e-06,5.413850094451855e-05,0.017100808904697024,0.013033566419441579,3.579825048967582e-05,7.551192025935424e-05,1.7776559509397216e-08,1.1911208030501843e-06,1.5612813778915895e-07,0.0008386537951964772,1.1747056191700731e-05,1.5912279409112825e-06,3.4467319597863345e-05,2.317242501917357e-08
26,3.5015647254760456e-08,0.0005314814093478285,0.08933501553343508,0.03341781191695177,0.016184952561295627,0.8387766725281597,6.000154669260629e-06,5.896148156417269e-08,2.2747978358187854e-05,1.8970984641206206e-05,0.002778392107887843,3.506410913512445e-07,1.9183204389981576e-05,0.00869855974068719,0.009819754196765873,1.904347602910306e-05,5.4184116174411835e-05,6.259182494345827e-09,4.897218182968569e-07,9.379223256727769e-08,0.0002660830613404165,5.019400876831806e-06,1.5714651475085783e-06,4.350039800556839e-05,2.1374382838106e-08
27,2.4228357756759575e-08,0.0006217667258862213,0.07924642503289855,0.021635581416204412,0.017475662820137315,0.8487785198877021,1.0376087577149682e-05,6.398125628996271e-08,2.1451865426038566e-05,3.3920584644251936e-05,0.002631150062304778,4.2850621854378764e-07,1.763431731263394e-05,0.012600146683197512,0.016442967606206397,2.0471203076187103e-05,4.311170578435581e-05,5.636589946709555e-09,8.179957494384509e-07,1.2619993043200432e-07,0.0003750812393813803,1.327081006492624e-05,1.2370606053900262e-06,2.9726438319070838e-05,3.1905168717914687e-08
28,2.6783775762163943e-08,0.0006002673278823363,0.09480522525116077,0.025663668475357917,0.01725551794263334,0.8366321433428356,7.3153694500192795e-06,5.5163348492022044e-08,1.1671398822716714e-05,2.436476531933644e-05,0.0027811261533980296,6.267529793659883e-07,2.248010463201047e-05,0.012147320993679241,0.00950898182515977,1.97139363279839e-05,4.649860319938105e-05,8.08629998266956e-09,7.261815131737813e-07,9.882517980080476e-08,0.00044201350121953495,7.804219708818369e-06,9.93228491347684e-07,2.133021657378531e-05,2.155105151413854e-08
29,2.6783775762163943e-08,0.0006002673278823363,0.09480522525116077,0.025663668475357917,0.01725551794263334,0.8366321433428356,7.3153694500192795e-06,5.5163348492022044e-08,1.1671398822716714e-05,2.436476531933644e-05,0.0027811261533980296,6.267529793659883e-07,2.248010463201047e-05,0.012147320993679241,0.00950898182515977,1.97139363279839e-05,4.649860319938105e-05,8.08629998266956e-09,7.261815131737813e-07,9.882517980080476e-08,0.00044201350121953495,7.804219708818369e-06,9.93228491347684e-07,2.133021657378531e-05,2.155105151413854e-08
30,2.6783775762163943e-08,0.0006002673278823363,0.09480522525116077,0.025663668475357917,0.01725551794263334,0.8366321433428356,7.3153694500192795e-06,5.5163348492022044e-08,1.1671398822716714e-05,2.436476531933644e-05,0.0027811261533980296,6.267529793659883e-07,2.248010463201047e-05,0.012147320993679241,0.00950898182515977,1.97139363279839e-05,4.649860319938105e-05,8.08629998266956e-09,7.261815131737813e-07,9.882517980080476e-08,0.00044201350121953495,7.804219708818369e-06,9.93228491347684e-07,2.133021657378531e-05,2.155105151413854e-08
31,4.387435920851376e-08,0.0007165852772077218,0.18521703507446835,0.02928205139948872,0.01936078701106221,0.7431440204887034,7.552474412072189e-06,1.0030195656256508e-07,9.047147784217406e-06,2.3719742175338498e-05,0.0022980026840663417,1.0213396377353787e-06,3.2363916524627285e-05,0.011631867376037783,0.007569875048975378,1.758076737339855e-05,5.773921160725194e-05,1.4837405743712782e-08,1.0600848344091384e-06,1.3914527485190175e-07,0.0006000425717694137,9.660544430866645e-06,9.07726324185615e-07,1.8756928915334726e-05,2.502520489587478e-08
32,2.6297895478672855e-08,0.0006141597607704646,0.09253879100874174,0.021968771450462683,0.01756280338298949,0.8425609865019035,7.357064339706219e-06,5.8404991895581745e-08,1.1205561419600594e-05,2.35225689650581e-05,0.002677682544870973,6.588668896314928e-07,2.3105926761420793e-05,0.01182322245086826,0.009652204380671199,1.9686066463049935e-05,4.361660225929844e-05,7.653513731955152e-09,8.906886625596101e-07,1.0718733551133376e-07,0.00044271186259939175,8.55614360616082e-06,1.0122761677777913e-06,1.8833524442258488e-05,2.1822409137468054e-08
33,2.8156289740938134e-08,0.0006861139936000522,0.08682143602113113,0.03623768474655497,0.01101820838144784,0.83615367178178,1.1183396163984409e-05,9.417667478459766e-08,1.2020364025975762e-05,3.108000315605593e-05,0.0030372686384306175,2.4524106447978217e-06,0.00010755452459211501,0.022156330002108957,0.0032131132271544472,3.98149884981212e-05,0.00019142816795314228,2.537196736243752e-08,7.903449023900896e-07,1.1906258627368845e-07,0.00025300701922068106,1.4216073679885314e-05,6.573163708588151e-07,1.1684027995507834e-05,1.78030705537358e-08
34,6.402548756764518e-08,0.0014893538827528581,0.15189621773538617,0.019547001658218786,0.034247383994895235,0.7540084156066511,8.142163476575031e-06,6.871731500949835e-08,2.151009653717509e-05,2.7765652859183695e-05,0.006429374007429218,8.482513709752427e-07,3.7537515683950684e-05,0.015485502773894388,0.016137804991809765,1.5519916880856007e-05,4.3584311717743836e-05,7.99452909485596e-09,2.272016773745391e-06,1.1534847955415205e-07,0.0005488799929478113,1.4312815974256939e-05,1.4940356423079193e-06,3.678427519855179e-05,3.8218088153506133e-08
35,3.7333785436509087e-07,0.0020891423912671567,0.22569913519827212,0.05998749811593672,0.023403823299080022,0.6655229984505824,2.4875993624064522e-05,3.8676321794135136e-07,5.940263045106051e-05,0.00012454140532604994,0.0030276713314750653,3.6835075249790517e-06,8.953840715113023e-05,0.013869678991610672,0.005008898659347259,6.591973771661499e-05,0.00029482952703594915,1.0710329293987212e-07,2.13576393929709e-06,2.073205929479512e-07,0.0006606476774013861,2.2534083253153938e-05,7.735027164265441e-07,4.111811187453196e-05,7.868945593339238e-08
36,1.3289637573497863e-08,0.0003919407466207217,0.0385328003868058,0.019700722114737307,0.005409145780459931,0.9185125072487348,1.227569612404686e-05,1.0885814588394059e-07,1.6144692012338983e-05,2.2515649620717676e-05,0.0011096746461483203,1.0777261362056361e-06,3.8291879965487125e-05,0.010672547452092413,0.0052026902885143516,3.9262339412418606e-05,0.00015652368285419714,8.956203295519715e-09,6.006019552475719e-07,1.1268181824233032e-07,0.00015775913185186782,1.528416738538241e-05,8.148643872304467e-07,7.15983180716147e-06,1.7286569175489483e-08
37,5.582748394607208e-08,0.0005211570911304377,0.1853304749719077,0.05615012020094039,0.019444329033422823,0.7035114860012375,7.36380242953207e-06,5.583603941691947e-08,1.1628256558365645e-05,3.5605258501909984e-05,0.005473533018422966,7.48199964179034e-07,2.734044753575858e-05,0.01802637214630549,0.0107345055616968,2.241765680265391e-05,6.963771590434015e-05,1.9534493810458435e-08,5.988882297540001e-07,1.1848858149828366e-07,0.000551848723353516,8.027608507357764e-06,1.1563380041830437e-06,7.137189795662718e-05,2.7494589034626003e-08
38,1.0401535054235427e-08,0.000218110528390324,0.039828359096518606,0.010689445027454112,0.004953473261863781,0.9329030316081026,4.2951144994703734e-06,3.705361771285844e-08,3.64056922457172e-06,1.0947808470486462e-05,0.0011466479040812075,2.8620287840454073e-07,1.2259895424716212e-05,0.0041752648885843595,0.005742182089120998,1.7628634341866227e-05,2.5144791337552346e-05,2.991415916827137e-09,5.485553894366082e-07,6.446246339895015e-08,0.0002572195969905243,3.1793601125653654e-06,6.196120319073935e-07,7.594114231020971e-06,6.431919558254444e-09
39,2.5598145181150058e-08,0.0005576062691670454,0.09014767870445892,0.025039643417255127,0.015864234154771402,0.8443464112103193,7.516520859131403e-06,5.809528016385897e-08,1.0852893980890924e-05,2.3545023883887576e-05,0.0025141965965547507,6.163568084848953e-07,2.139200988552241e-05,0.011446674762968637,0.009463210612481357,1.9748611463921883e-05,4.647827257962787e-05,8.011185191342975e-09,7.242097300835671e-07,1.0187108388226712e-07,0.0004608522642052262,7.824954285129779e-06,1.0319111523486883e-06,1.954577915985461e-05,2.1888335149550183e-08
40,4.707255869985531e-08,0.00040047070608085973,0.0591969844066212,0.07338263245623326,0.012193994985018197,0.8288881320807268,1.4504601592263415e-05,1.4152423800394583e-07,2.6288671628894975e-05,4.4686808431117736e-05,0.0037415965293426286,5.535443047593018e-07,3.191762466958002e-05,0.010640867631381331,0.010659775019582382,6.069793316442315e-05,0.00010833606748245673,1.3179205725890639e-08,5.905999670657247e-07,1.1669160467725674e-07,0.0005573400028762079,7.076592573794187e-06,2.348549150708108e-06,4.086167308286273e-05,2.504848230941073e-08
41,2.2243751808291074e-08,0.0007648466809719818,0.08460710671776522,0.0238099583532443,0.021770857523640618,0.8499128493792936,5.728684857978138e-06,4.520797100289772e-08,1.8047585531118876e-05,2.1565737741018836e-05,0.0020206507498536533,4.512115522910661e-07,2.0530499216386347e-05,0.00983532585252156,0.006870577922579167,1.8310951834621127e-05,3.85644404497249e-05,5.38095148915264e-09,4.986520185413672e-07,7.027703658421256e-08,0.0002605123055838619,4.8164321420844256e-06,7.020737314534102e-07,1.793839396332179e-05,1.6741796868710446e-08
42,2.3481340629884953e-08,0.0005672157629535629,0.17083051323528312,0.016078579363237245,0.012598053010341361,0.77458723012743,7.739744100524308e-06,1.839745183651254e-07,9.604948852401184e-06,3.730912827020252e-05,0.0018910282961364516,7.058664453625478e-07,2.6334687155405848e-05,0.0075800635378577485,0.014923019311822765,1.8830306426428767e-05,4.773178612519563e-05,3.976486631750014e-09,2.6632891888035125e-06,1.5812643503262828e-07,0.0007455358757893356,3.299026562361316e-05,5.947419950607819e-07,1.387496413713949e-05,1.2192047439789799e-08
43,2.8254090071009725e-08,0.0006688970450362881,0.09868953285546385,0.02665210762921861,0.018017425388519158,0.8297739030251297,7.473149878579395e-06,5.319539235762227e-08,1.0719773816569588e-05,2.0089627840700677e-05,0.0031277071331506983,7.625289003515566e-07,2.5621362238452044e-05,0.01304682517420133,0.009413429090802247,1.8616488536124047e-05,5.076600017325662e-05,9.224850025143432e-09,7.116908024834475e-07,8.919437390813236e-08,0.00044638342718752815,7.440114028673817e-06,1.031234561553395e-06,2.0354692312418614e-05,2.2699495268771216e-08
44,2.6783775762163943e-08,0.0006002673278823363,0.09480522525116077,0.025663668475357917,0.01725551794263334,0.8366321433428356,7.3153694500192795e-06,5.5163348492022044e-08,1.1671398822716714e-05,2.436476531933644e-05,0.0027811261533980296,6.267529793659883e-07,2.248010463201047e-05,0.012147320993679241,0.00950898182515977,1.97139363279839e-05,4.649860319938105e-05,8.08629998266956e-09,7.261815131737813e-07,9.882517980080476e-08,0.00044201350121953495,7.804219708818369e-06,9.93228491347684e-07,2.133021657378531e-05,2.155105151413854e-08
45,1.5773407581874665e-08,0.00025617710753353276,0.08374852547100783,0.019499774101152483,0.008150882869576388,0.8660787590876942,8.735183894757925e-06,9.042173984642169e-08,9.396818209752858e-06,2.17207468182807e-05,0.0013582999121673587,1.993305957727896e-07,1.251041853737923e-05,0.005022520539516614,0.015486471621363403,2.1069738041768482e-05,2.8888267499104734e-05,3.0465050664086608e-09,7.191320224234523e-07,9.995459627116112e-08,0.0002676375795766905,7.23358030376305e-06,6.728787276880937e-07,1.9586081394148883e-05,1.033811778295607e-08
46,2.4806712835366967e-08,0.00034874997747428405,0.07470061026582779,0.03102932161586742,0.006138760909154682,0.8722523742519945,4.7080160788353496e-06,6.426379189970808e-08,7.549244645760855e-06,1.7811782332256543e-05,0.0022834356701521993,6.640834769288937e-07,2.552808758409185e-05,0.0072160435011596625,0.005476366396383191,2.3220157322561687e-05,9.4281424322599e-05,8.053256551865842e-09,4.632433841865356e-07,7.239454167116492e-08,0.00035388374805610327,5.473769925768606e-06,8.497981657523437e-07,1.9724992364644597e-05,9.546023582867246e-09
47,5.630414763987285e-08,0.001599101162212441,0.09597786501267191,0.010923545283553925,0.012203078129233765,0.8576868152439745,1.2762888089892207e-05,1.1093882126210264e-07,1.669994992942698e-05,4.011365930635712e-05,0.002027470635402841,2.0433141857960103e-06,3.540042378138492e-05,0.009392631314944475,0.009366077692154556,2.1919592379141896e-05,9.229953189004812e-05,1.2663445483296062e-08,2.483418746871757e-06,1.2764921190547772e-07,0.0005570304692850711,2.874111762617038e-05,6.103623849302396e-07,1.296308264440458e-05,4.015997577504346e-08
48,8.102557561961473e-08,0.0008295124821492189,0.2087110108795224,0.0756052565043253,0.21677700870206454,0.35997513371098144,1.3142000287588876e-05,2.9808345626542005e-08,2.469407720863935e-05,0.00011671872979450187,0.01574375395285572,9.24103681832636e-07,1.218338619900913e-05,0.08559135819335513,0.03442103432543481,3.068695436230509e-05,1.864198935499911e-05,4.6739585063809576e-08,7.101348067147106e-07,2.835554579301884e-07,0.0019428559803960019,1.6862612005571288e-05,3.219714617579625e-06,0.00016466728056269858,1.8315706968894797e-07
49,1.9525113145255878e-08,0.0005773104506150237,0.11802950144956681,0.016297936170968336,0.013355690884098107,0.8321323577658253,5.015718128048661e-06,4.32018231417373e-08,6.482057138310992e-06,1.9409823269457174e-05,0.0019329451477598037,8.056958934901436e-07,2.141938041522832e-05,0.010688703965717831,0.0064445007987062606,1.2499471458591388e-05,4.1290614611948825e-05,7.546172258823337e-09,7.552635785781609e-07,9.996813083910792e-08,0.0004106226193869905,8.852581777533701e-06,5.235721506722665e-07,1.31914567556161e-05,1.4870938703776991e-08
50,6.170738797736756e-08,0.0011065792978730668,0.133690988504325,0.027788385442063836,0.03715419910894246,0.7374283820702374,5.6155276953570626e-05,1.8465846497032018e-07,4.3635259617023095e-05,0.00016385563135443149,0.002742824247365638,6.39744406532982e-07,2.4968944738783588e-05,0.02437394891420775,0.03444896431267111,3.995663177211711e-05,4.589544802722488e-05,1.721962284505887e-08,2.685163603742133e-06,3.299692873028282e-07,0.000795330048365147,5.2409724154426615e-05,1.3807997048549057e-06,3.805889673078619e-05,1.6297812193608436e-07
51,1.972892026088778e-08,0.0003279283880035266,0.05418268108152623,0.011809065477744787,0.011132913645880326,0.9010954819232556,6.515137083580444e-06,4.082020603058626e-08,5.7140043226547235e-06,1.634201438320254e-05,0.00180206012740576,5.171213927846155e-07,1.2168021711710063e-05,0.008834393668449902,0.010267719366233646,1.989683660322963e-05,2.9186106936951486e-05,6.978500768173995e-09,9.941072579824023e-07,1.341307529918381e-07,0.00043577920943173613,6.55491458126714e-06,1.5088938888794694e-06,1.2351619817235488e-05,2.6675709110680286e-08
52,3.135400505030745e-08,0.0003950282947200364,0.1083353630528172,0.03616425571436705,0.015521019725606504,0.8138132677550723,6.397648836592487e-06,5.1240161623428123e-08,1.0504188817866707e-05,3.403052322642315e-05,0.0035119827004759085,6.065633070589916e-07,2.4269663042750777e-05,0.013595668776530187,0.008054042559020168,2.806085270892845e-05,5.301974711832894e-05,1.2109277714062638e-08,5.86026970180515e-07,1.2318459658390305e-07,0.000409438987141969,6.77303488029822e-06,9.454181239912911e-07,3.450371427709486e-05,1.7164898491435747e-08
53,2.553410800744368e-08,0.0004308225035671899,0.044878998343724746,0.035640180249956833,0.017786294089015407,0.8616569220353604,3.296963200418237e-05,1.1620184584632613e-07,2.768618560437232e-05,3.0777183454658976e-05,0.0024366884031415494,3.8871179542939715e-07,2.0384223341740037e-05,0.013515829055531234,0.023041573059376444,3.9474479985180916e-05,4.4065366599672324e-05,9.81794852174298e-09,6.914619414692898e-07,1.7372008959392508e-07,0.0003766711401101771,9.86345200938517e-06,2.783818353752589e-06,2.6551822580519823e-05,5.9508553869192004e-08
54,3.051546379092105e-08,0.000908610657631487,0.07217099553620787,0.02000737303040618,0.01932195772544479,0.8622371775510131,1.0243220892375002e-05,5.5447997936691646e-08,1.6322048276182748e-05,3.0039157142421944e-05,0.0023482997844038555,7.942390605274153e-07,2.282411160078238e-05,0.013045802069422937,0.009366961170691671,2.3298685597235115e-05,4.8401207965930724e-05,9.279748071715833e-09,8.57807246056698e-07,9.564286879434375e-08,0.00041249925084203186,9.227471188787132e-06,9.226704533805375e-07,1.716853442677969e-05,3.318400684469087e-08
55,1.3253998842597008e-08,0.00020440137581181545,0.09190964144581666,0.023301402724346155,0.00877082954705333,0.8529684297879171,4.2790133550274586e-06,4.8478187619700126e-08,6.267439814251818e-06,2.3274631568769923e-05,0.00217753775461292,1.7896750577131466e-07,1.2360514988553004e-05,0.008627723731461118,0.011557953257943725,1.5632007212993775e-05,2.9634171809306048e-05,2.956046965953087e-09,5.711321186437761e-07,1.0212401571494759e-07,0.0003570992868725194,7.065885257613623e-06,9.964052447141073e-07,2.4545052592820896e-05,9.054447381361774e-09
56,2.8100211977239392e-08,0.0006797066268495116,0.09836887449213125,0.02577891660178728,0.018069829954194202,0.8316910382025898,7.608015998179419e-06,5.853258281142556e-08,1.2163393361588628e-05,2.3652720433314493e-05,0.002997297260811973,7.388791754104149e-07,2.770281343636266e-05,0.012919293656902102,0.008893669191769446,1.9604037100182827e-05,5.0539829131725156e-05,8.947503909666041e-09,7.745497260435727e-07,1.014442575390039e-07,0.0004286021263031086,8.121960131759236e-06,9.758890693068316e-07,2.0670752884787998e-05,2.2021656326326742e-08
57,2.5616408262766978e-08,0.0008036640810489132,0.12965398488770338,0.013246870800171073,0.020201275141036767,0.8126172399966214,5.908132843654413e-06,7.691018146053408e-08,7.153079984197032e-06,2.0982507994184875e-05,0.002359755885766909,1.4693157379064217e-06,2.8327076213923927e-05,0.011538176126508056,0.008692725121839308,1.580244119595976e-05,4.484738091779932e-05,7.63273802225209e-09,2.23022658183687e-06,1.3854514466599937e-07,0.000731704915793001,1.7281425105572827e-05,7.833688767907646e-07,9.549408791277661e-06,1.9974795760701277e-08
58,2.812812921403922e-08,0.0005653397836568267,0.1042305182170685,0.026785681715669175,0.016199532309122047,0.8253974629828889,7.0630524773167756e-06,5.5129122519937334e-08,1.2480393380356497e-05,2.6429856508708214e-05,0.0031134060197634183,5.616808741393485e-07,2.1658789604376737e-05,0.012070127103594149,0.011030677600185824,1.9199157041582697e-05,4.66692232194496e-05,7.714494994393981e-09,7.093582283954133e-07,1.0484838369175685e-07,0.0004330446285805624,8.506363338238954e-06,1.0100434512482821e-06,2.9704772244313512e-05,2.11289720868889e-08
59,2.948138426127268e-08,0.0005427592559835752,0.11662938950330909,0.029763237431240916,0.01766077011676418,0.8071742280539811,7.021691912296152e-06,5.5800051692089005e-08,1.3056441332865886e-05,2.9310119886016454e-05,0.0032514286192345653,5.22325012544562e-07,2.0284985938349993e-05,0.012541730379943244,0.011797815788470736,1.9636746390628553e-05,4.5804259984991716e-05,7.980500795101569e-09,6.9840074484678e-07,1.108016501850889e-07,0.0004574465218030796,8.580805547302629e-06,1.035652410993633e-06,3.5016814814315356e-05,2.202170758640039e-08
60,2.6783775762163943e-08,0.0006002673278823363,0.09480522525116077,0.025663668475357917,0.01725551794263334,0.8366321433428356,7.3153694500192795e-06,5.5163348492022044e-08,1.1671398822716714e-05,2.436476531933644e-05,0.0027811261533980296,6.267529793659883e-07,2.248010463201047e-05,0.012147320993679241,0.00950898182515977,1.97139363279839e-05,4.649860319938105e-05,8.08629998266956e-09,7.261815131737813e-07,9.882517980080476e-08,0.00044201350121953495,7.804219708818369e-06,9.93228491347684e-07,2.133021657378531e-05,2.155105151413854e-08
61,2.965925596251684e-08,0.0005262430557417266,0.12293478037544639,0.02931314917690011,0.016627534053621797,0.8048148319250292,6.517896482011061e-06,5.85530973935604e-08,1.1214942277443106e-05,2.664473448712924e-05,0.0030097204810347134,5.481890356049306e-07,2.1147101802886558e-05,0.011637024426617303,0.010507175388369476,1.9016366327879176e-05,4.651474526785408e-05,8.188410626023797e-09,7.065023810367041e-07,1.0641328251774061e-07,0.00045806083823384913,8.057959218722532e-06,9.531916935013395e-07,2.993640228677485e-05,1.9433697944268663e-08
62,2.6783775762163943e-08,0.0006002673278823363,0.09480522525116077,0.025663668475357917,0.01725551794263334,0.8366321433428356,7.3153694500192795e-06,5.5163348492022044e-08,1.1671398822716714e-05,2.436476531933644e-05,0.0027811261533980296,6.267529793659883e-07,2.248010463201047e-05,0.012147320993679241,0.00950898182515977,1.97139363279839e-05,4.649860319938105e-05,8.08629998266956e-09,7.261815131737813e-07,9.882517980080476e-08,0.00044201350121953495,7.804219708818369e-06,9.93228491347684e-07,2.133021657378531e-05,2.155105151413854e-08
63,2.769813915319224e-08,0.0006725900105927905,0.09456828980731521,0.024722817448354733,0.01786827944635207,0.8369550762436685,7.482198463210958e-06,5.4887079004433604e-08,1.2472851895472659e-05,2.434069394507233e-05,0.002820053926986153,6.499844414616321e-07,2.314327108889907e-05,0.012193315368380756,0.009598556071673283,1.912087016349371e-05,4.699717355916652e-05,8.00027712435264e-09,7.422115400339728e-07,9.472239139267305e-08,0.00043582289221957994,8.004218708350316e-06,9.658426423669737e-07,2.1071688029387812e-05,2.2472093210196613e-08
64,2.7415426706295592e-08,0.000625162224621347,0.10416570660705807,0.02603858699972085,0.018425778229685767,0.8255980868434413,6.948879304890464e-06,6.103965768791907e-08,1.0407734779767752e-05,2.4504037105391457e-05,0.0028017478027097587,6.34168171841124e-07,2.0419016181848805e-05,0.011088591505487496,0.010463168616897625,1.7352680389909448e-05,4.068870809863768e-05,7.497777330077502e-09,8.001441629376125e-07,1.0345464019251757e-07,0.0006409921277628237,8.130020811388647e-06,1.0455904404809845e-06,2.1027571383430825e-05,2.1084282842559322e-08
65,6.351709654862847e-08,0.0011010902654531609,0.08498394482737204,0.03989601091459574,0.03469200783974338,0.7999384281916546,1.2485537667078279e-05,6.212791257290025e-08,3.05590261860815e-05,5.441501860502883e-05,0.004489324938593326,1.830935173176977e-06,4.359876592460897e-05,0.027657634188354655,0.006407499114056241,4.2709753880766245e-05,9.017815727012457e-05,3.248979808047658e-08,9.599302020911426e-07,1.6410352400974688e-07,0.0005114943027067401,1.1178522859747813e-05,1.533091202559522e-06,3.273109212739698e-05,6.334804027769295e-08
66,2.5016596124879224e-08,0.0005741154564198738,0.08393832003335555,0.022882528110922656,0.01482066192901482,0.854184822764515,7.78708109736196e-06,5.741056103052175e-08,1.1917498410871863e-05,2.1416586430796575e-05,0.00244402506558516,5.512630459346403e-07,2.0992896463113867e-05,0.01064613847428663,0.009961338395508489,1.8460388910956624e-05,4.5167355038127244e-05,7.012465578734101e-09,7.206251984906877e-07,9.618422772783195e-08,0.0003926016172684745,7.596478697821614e-06,1.0384628002432222e-06,1.959233351009019e-05,2.1559669080886266e-08
67,1.143350569962104e-07,0.0020682891705307055,0.2965534031147902,0.056464402406126706,0.08132950657598322,0.531835556005597,1.71143441285813e-05,2.540089522419628e-07,6.049113783536022e-05,6.136989851882808e-05,0.004376270910065941,9.281705840331509e-07,5.049120935776849e-05,0.011353955295478323,0.015102276824333629,3.551252978919344e-05,5.6286663334400344e-05,1.2511559718094291e-08,2.1880506723380607e-06,9.29201708174668e-08,0.0005820532771369086,1.5183600681027215e-05,6.47790353063165e-07,3.356650989188073e-05,3.273907124978385e-08
68,2.7415697282319176e-08,0.00053959128692308,0.100634499973724,0.03249206531188434,0.015312962831058615,0.82821302302477,7.5311669936282376e-06,6.167811596486141e-08,9.808612374886834e-06,1.9902991779087926e-05,0.002838979774722566,9.124255314986162e-07,3.352868110137181e-05,0.01283569439410406,0.0064967069553279674,2.1816461225967242e-05,6.0585970645009196e-05,1.2667106687676588e-08,6.353626770389666e-07,1.0548919735898303e-07,0.0004567614687603941,6.190016990856268e-06,1.0654160324192486e-06,1.751082492971714e-05,1.9798326354615883e-08
69,8.533470492797396e-09,0.00020583394483564887,0.04805194505537886,0.005360278673937153,0.002668208928376786,0.9316199657309562,1.8375182659708633e-06,2.0539960975814064e-08,1.1267840798906324e-06,6.73857928530998e-06,0.0017412331214455054,6.263662366476584e-07,1.5697548938066727e-05,0.005723750482249037,0.004081133579085928,6.128313597767549e-06,2.8578960849974234e-05,3.1303115250008017e-09,9.331391344792191e-07,9.680276706116744e-08,0.0004734244001367833,5.4992424460913235e-06,7.064323836014584e-07,6.219327395084736e-06,4.864475062977289e-09
70,4.002946349217303e-08,0.0010464180158377414,0.119851236293725,0.02074062332059545,0.020931170471343574,0.8028107609127294,9.365861712425722e-06,6.2212190869803e-08,1.1952551254873355e-05,2.6538795174109544e-05,0.00413697398352809,8.372216311732853e-07,2.4043450764561816e-05,0.01324009670526089,0.016367401229827917,1.5435216256009357e-05,4.51756069292625e-05,8.150392966856108e-09,1.2934965419246155e-06,8.977536362928841e-08,0.0007018436846610839,1.3449271900776165e-05,1.0483310897904833e-06,2.4103253819405258e-05,3.215800552370267e-08
71,2.501902576908122e-08,0.000570181225126936,0.09693135060308236,0.024552812210590295,0.016044683908017037,0.8377383474569402,6.943818588150745e-06,5.31859857300438e-08,1.0753823848551377e-05,2.2851303287729754e-05,0.0026494755360770214,5.810693010746984e-07,2.147816933126803e-05,0.01150432508013609,0.009429118247946391,1.8106844950152125e-05,4.473754859883593e-05,7.3954919662814074e-09,7.055480631894112e-07,9.467500811308051e-08,0.0004242184554054313,7.625375195116624e-06,9.305888147985604e-07,2.0573120916324944e-05,1.979027143858302e-08
